0.9999999768427129,0.9999688172402891,0.9999688172402975,-1.0213427382005005e-05,0.9999688172402921,-1.0076511348420373e-05,0.9999687276699339,0.9999688172402951,-1.0588107082345357e-05,-1.0416123143367104e-05,-1.0160342479479283e-05,-1.0078069956074944e-05,-1.0160342479348252e-05,0.9999686357293699,-1.0160342477213722e-05,-1.0232777894445733e-05,-1.0120954824735926e-05,-1.011965377281083e-05,-1.0122123517738647e-05,-1.0587191883260522e-05,0.9999690540493552,0.9999686357293691,0.99996863572937,0.9999686357293699,0.9999689846949465,-1.027107367185422e-05,0.9999688516963334,0.9999688516963352,-1.082894401576753e-05,-1.016034247608215e-05,0.9999688172402929,-1.0076610759301208e-05,0.9999688172402925,0.9999685548915584,-1.0160342479350802e-05,-1.0081110827563575e-05,-1.0160329709121365e-05,0.9999689533478087,0.9999680199298213,0.999968240646149,-1.007651134570231e-05,-1.0160342475864292e-05,0.999968817240297,-1.0077597939170857e-05,-1.008043831178913e-05,-1.007759793500828e-05,-1.0078069957660505e-05,-1.0210610839265297e-05,0.999968200773963,0.9999688172402925,0.9999685713702334
0.9999688172402891,0.9999618529820007,0.9999660298387608,-4.676925980422713e-10,0.9999660298387584,-3.9884857201204634e-10,0.9999659402694765,0.9999660298387579,-6.560888205463305e-10,-5.696120044718205e-10,-4.4100046946159734e-10,-3.9963227511134843e-10,-4.410004685865177e-10,0.9999658483301213,-4.4100046899686034e-10,-4.774225068351952e-10,-4.2119562698660106e-10,-4.205414257496234e-10,-4.2178327555630877e-10,-6.556286355625618e-10,0.9999662666448802,0.9999658483301228,0.9999658483301213,0.9999658483301215,0.9999661972913048,-4.966782757904087e-10,0.9999660642944104,0.9999660642944104,-7.771862926896426e-10,-4.41000469019551e-10,0.999966029838758,-3.9889855735237424e-10,0.999966029838758,0.999965767493314,-4.410004683791399e-10,-4.011613068107556e-10,-4.4099404838220356e-10,0.9999661659445535,0.9999652325382113,0.9999654532518063,-3.9884857070481823e-10,-4.410004692585757e-10,0.999966029838758,-3.9939494233920105e-10,-4.0082314254668107e-10,-3.9939494145664566e-10,-3.996322749772907e-10,-4.662763794113426e-10,0.9999654133801471,0.9999660298387572,0.9999657839717859
0.9999688172402975,0.9999660298387608,0.9999618529820108,-4.676925980982332e-10,0.999966029838763,-3.9884857200346666e-10,0.9999659402694804,0.999966029838762,-6.560888205493074e-10,-5.696120044675269e-10,-4.4100046949185473e-10,-3.99632275064201e-10,-4.410004685414412e-10,0.9999658483301256,-4.4100046899686034e-10,-4.774225067967736e-10,-4.211956269582454e-10,-4.2054142574680716e-10,-4.2178327553793383e-10,-6.55628635479456e-10,0.9999662666448843,0.9999658483301266,0.9999658483301256,0.9999658483301256,0.999966197291309,-4.966782757867338e-10,0.9999660642944135,0.9999660642944146,-7.771862926919576e-10,-4.410004691137851e-10,0.999966029838762,-3.9889855735237424e-10,0.9999660298387612,0.9999657674933186,-4.410004685792537e-10,-4.011613068082694e-10,-4.4099404835599553e-10,0.9999661659445584,0.9999652325382142,0.9999654532518103,-3.988485707372127e-10,-4.4100046915113893e-10,0.9999660298387624,-3.9939494235425455e-10,-4.0082314245234153e-10,-3.9939494146812853e-10,-3.9963227497731705e-10,-4.662763793776717e-10,0.9999654133801512,0.9999660298387612,0.9999657839717899
-1.0213427382005005e-05,-4.676925980422713e-10,-4.676925980982332e-10,-4.176856986285287e-06,-4.676925980806334e-10,3.687815484294769e-16,-4.676925561916531e-10,-4.676925981022201e-10,6.076604564435291e-16,5.278312133598838e-16,4.078590555168741e-16,3.692608195346472e-16,4.0733317306606196e-16,-4.676925140199994e-10,4.073331620745326e-16,4.431404491948505e-16,3.9012546292003093e-16,7.739494258634215e-13,3.904029776432091e-16,1.208204533680946e-12,-4.676927082330898e-10,-4.676925141808986e-10,-4.676925139985243e-10,-4.676925140733518e-10,-4.676926757839087e-10,4.59739782840862e-16,-9.301290076305822e-07,-9.301290076305814e-07,7.207827714725034e-16,4.07333173066062e-16,-4.676925980681672e-10,3.6873613100671826e-16,-4.67692598082722e-10,-9.301287332202206e-07,4.07333173066062e-16,3.7149240407531836e-16,4.079344885030582e-16,-4.676926611806315e-10,-9.301282382124897e-07,-4.676923303534284e-10,3.6891803896279596e-16,4.0785905551659183e-16,-4.676925980201108e-10,3.6954471508322174e-16,3.705794486198717e-16,3.693049974276396e-16,3.692608195346472e-16,4.313879179711055e-16,-4.676923119686399e-10,-4.676925980881294e-10,-4.676924841964042e-10
0.9999688172402921,0.9999660298387584,0.999966029838763,-4.676925980806334e-10,0.999961852982009,-3.9884857199151514e-10,0.9999659402694787,0.9999660298387599,-6.56088820530793e-10,-5.696120044670132e-10,-4.4100046956728135e-10,-3.996322749901393e-10,-4.4100046855096475e-10,0.9999658483301233,-4.4100046896031783e-10,-4.774225068306252e-10,-4.211956269428495e-10,-4.2054142572577227e-10,-4.2178327555630877e-10,-6.556286354353045e-10,0.9999662666448826,0.9999658483301251,0.9999658483301233,0.9999658483301233,0.9999661972913071,-4.966782757867338e-10,0.9999660642944121,0.9999660642944126,-7.771862926499119e-10,-4.410004690673041e-10,0.9999660298387604,-3.9889855733351783e-10,0.9999660298387597,0.9999657674933168,-4.4100046856852285e-10,-4.011613068096741e-10,-4.409940483807405e-10,0.9999661659445559,0.9999652325382127,0.9999654532518089,-3.9884857071035134e-10,-4.410004692095779e-10,0.9999660298387608,-3.9939494233920105e-10,-4.0082314257350126e-10,-3.9939494146476175e-10,-3.996322751640012e-10,-4.66276379411925e-10,0.9999654133801502,0.9999660298387597,0.9999657839717881
-1.0076511348420373e-05,-3.9884857201204634e-10,-3.9884857200346666e-10,3.687815484294769e-16,-3.9884857199151514e-10,-4.176857217346767e-06,-3.9884853628439375e-10,-3.988485720127662e-10,1.0306996143829165e-12,4.502120744836258e-16,3.4744995164461723e-16,3.142291706223851e-16,3.479335700380735e-16,-3.9884850023765236e-10,3.47498099763043e-16,3.7745952552016937e-16,3.3195695668672146e-16,3.313082905116112e-16,3.3278220122463635e-16,5.177017561708374e-16,-3.988486658613504e-10,-3.9884850032191203e-10,-3.9884850029665283e-10,-3.9884850027418717e-10,-3.9884863818857544e-10,3.915228012977244e-16,-3.988485858681374e-10,-3.988485859100329e-10,6.142023285083229e-16,3.474980997630432e-16,-3.988485720109911e-10,3.142852182095908e-16,-3.988485720109911e-10,-3.988484682600456e-10,3.474980997630432e-16,3.163587970530061e-16,3.4681168095816757e-16,-3.9884862574536273e-10,-7.932140074714027e-07,-3.9884834371310776e-10,3.129856665974693e-16,3.474980997630432e-16,-3.988485720250884e-10,3.1521813753883864e-16,3.156477457496581e-16,3.1465622406619696e-16,3.142291706223851e-16,3.676782212192445e-16,-3.9884832811605183e-10,-3.988485720109911e-10,-3.9884847479165037e-10
0.9999687276699339,0.9999659402694765,0.9999659402694804,-4.676925561916531e-10,0.9999659402694787,-3.9884853628439375e-10,0.9999616738434566,0.9999659402694779,-6.560887619152609e-10,-5.696119535751404e-10,-4.410004300781146e-10,-3.9963223929577177e-10,-4.4100042904703373e-10,0.9999657587608579,-4.410004295322665e-10,-4.774224640778235e-10,-8.37657519750137e-07,-4.205413880385583e-10,-8.388262121777595e-07,-6.556285769107319e-10,0.9999661770755792,0.9999657587608577,0.9999657587608579,0.9999657587608581,0.9999661077220104,-9.877744824184121e-07,0.9999659747251268,0.9999659747251273,-1.545637938795484e-06,-4.410004295055718e-10,0.9999659402694782,-3.9889852166637443e-10,0.9999659402694774,0.9999656779240585,-4.410004290370961e-10,-4.0116127083646567e-10,-4.409940089967542e-10,0.9999660763752626,0.9999651429690029,0.9999653636825787,-3.988485350263248e-10,-4.4100042961755706e-10,0.9999659402694786,-3.9939490654678136e-10,-4.0082310655970596e-10,-3.993949056540471e-10,-3.9963223929054647e-10,-4.662763377798253e-10,0.9999653238109242,0.9999659402694778,0.9999656944025291
0.9999688172402951,0.9999660298387579,0.999966029838762,-4.676925981022201e-10,0.9999660298387599,-3.988485720127662e-10,0.9999659402694779,0.9999618529820091,-6.560888205897661e-10,-5.696120044552513e-10,-4.410004695148283e-10,-3.996322749901393e-10,-4.410004685980384e-10,0.9999658483301234,-4.4100046899686034e-10,-4.774225067915932e-10,-4.211956269582454e-10,-4.205414257357302e-10,-4.2178327551659696e-10,-6.556286354928058e-10,0.999966266644882,0.9999658483301244,0.9999658483301234,0.9999658483301241,0.9999661972913065,-4.966782757560271e-10,0.9999660642944124,0.9999660642944128,-7.771862926993594e-10,-4.410004690673041e-10,0.9999660298387598,-3.9889855734515817e-10,0.9999660298387589,0.9999657674933166,-4.4100046856852285e-10,-4.0116130681228004e-10,-4.409940484020185e-10,0.9999661659445546,0.9999652325382127,0.999965453251808,-3.9884857069228215e-10,-4.410004692585757e-10,0.9999660298387606,-3.9939494234761947e-10,-4.0082314257407873e-10,-3.993949414670322e-10,-3.9963227514731683e-10,-4.662763794107101e-10,0.9999654133801498,0.9999660298387603,0.9999657839717888
-1.0588107082345357e-05,-6.560888205463305e-10,-6.560888205493074e-10,6.076604564435291e-16,-6.56088820530793e-10,1.0306996143829165e-12,-6.560887619152609e-10,-6.560888205897661e-10,-4.1768561445215e-06,1.4755410876557093e-12,5.729984130680948e-16,5.194092665503712e-16,5.732058253054146e-16,-1.3048038678254202e-06,5.731968012814923e-16,6.221475341253809e-16,5.47173609691938e-16,5.463584155213596e-16,1.0910971709593383e-12,1.6975444832984157e-12,-6.560889751695813e-10,-1.3048038678254219e-06,-1.30480386782542e-06,-1.3048038678254202e-06,-6.560889298130243e-10,1.2849277983125136e-12,-1.3048041486455463e-06,-1.3048041486455465e-06,2.013348112861368e-12,5.731685734780938e-16,-6.56088820547869e-10,5.181386908091327e-16,-6.560888205228222e-10,-1.3048037628339646e-06,5.728181296298576e-16,5.211508804064803e-16,5.728030117253458e-16,-6.560889089542733e-10,-1.3048030678549535e-06,-6.560884441251015e-10,1.030699614204644e-12,5.731968002711134e-16,-6.560888205493074e-10,5.186474934972172e-16,5.213369655246101e-16,5.192307265928524e-16,5.194092665503712e-16,6.053684543374643e-16,-6.560884183179782e-10,-6.560888205913134e-10,-1.304803784240085e-06
-1.0416123143367104e-05,-5.696120044718205e-10,-5.696120044675269e-10,5.278312133598838e-16,-5.696120044670132e-10,4.502120744836258e-16,-5.696119535751404e-10,-5.696120044552513e-10,1.4755410876557093e-12,-4.17685656214267e-06,4.978395734910397e-16,4.510098525738229e-16,4.977108686338977e-16,-1.1328221468533703e-06,4.979490177951188e-16,1.074585894083386e-12,9.460917806633984e-13,9.445874659426565e-13,4.766859196344798e-16,1.4744736870278624e-12,-5.696121387901752e-10,-1.132822146853371e-06,-1.1328221468533703e-06,-1.1328221468533699e-06,-5.696120997095972e-10,5.611452553687492e-16,-5.696120241109965e-10,-5.696120245349674e-10,1.74846516063103e-12,4.976510881198775e-16,-5.696120044771207e-10,4.502523088653789e-16,-5.696120044664896e-10,-1.1328220556647695e-06,4.975754807128957e-16,9.011116329650444e-13,4.976659961505444e-16,-5.696120815111583e-10,-1.1328214520424502e-06,-5.696116776370392e-10,4.502120744836258e-16,4.979490177951188e-16,-5.696120044670132e-10,8.968089849542813e-13,4.52772613918313e-16,8.968089846249014e-13,4.510413774355952e-16,1.0472119371370085e-12,-5.696116551905355e-10,-5.696120044753923e-10,-1.1328220742587546e-06
-1.0160342479479283e-05,-4.4100046946159734e-10,-4.4100046949185473e-10,4.078590555168741e-16,-4.4100046956728135e-10,3.4744995164461723e-16,-4.410004300781146e-10,-4.410004695148283e-10,5.729984130680948e-16,4.978395734910397e-16,-4.176857078649727e-06,3.4811622488679325e-16,7.6373689766473e-13,-4.410003902238556e-10,3.8447597916538725e-16,8.304335249487411e-13,3.6711500657009993e-16,3.6636740349290155e-16,3.680793286700659e-16,5.726928759623183e-16,-4.4100057339318093e-10,-4.4100039023089636e-10,-4.410003902292392e-10,-4.410003902222469e-10,-4.4100054268914567e-10,4.3335733233854876e-16,-4.41000484945389e-10,-4.4100048501375303e-10,6.789507488726911e-16,3.8386361673985376e-16,-4.4100046948271485e-10,3.474370626418607e-16,-4.4100046943090103e-10,-4.410003548144064e-10,3.8386361673985376e-16,3.502396304122748e-16,3.834060706565861e-16,-4.4100052900880996e-10,-8.770440069742852e-07,-8.770441995481093e-07,3.479335700380735e-16,3.8447597916538725e-16,-4.4100046943090103e-10,3.480795947296957e-16,3.4927838336149076e-16,3.479249384243931e-16,3.4844205024083827e-16,4.0560991923813797e-16,-8.770441652510466e-07,-4.4100046945009834e-10,-4.410003620434936e-10
-1.0078069956074944e-05,-3.9963227511134843e-10,-3.99632275064201e-10,3.692608195346472e-16,-3.996322749901393e-10,3.142291706223851e-16,-3.9963223929577177e-10,-3.996322749901393e-10,5.194092665503712e-16,4.510098525738229e-16,3.4811622488679325e-16,-4.176857213163388e-06,3.4862845170016144e-16,-3.9963220314264265e-10,3.486069104483923e-16,3.785486947383674e-16,3.3262505253512945e-16,3.3198861103870745e-16,3.3315874358078145e-16,5.19160026491075e-16,-3.996323692420392e-10,-3.996322031246249e-10,-3.996322031583122e-10,-3.996322031460272e-10,-3.996323414419425e-10,3.925560928829628e-16,-3.9963228910932424e-10,-3.99632289041317e-10,6.157539420008367e-16,3.486069104483925e-16,-3.9963227493073877e-10,3.1525402938419073e-16,-3.9963227497758464e-10,-3.996321710462836e-10,3.484420502407968e-16,3.1744558503725575e-16,3.4753335811867426e-16,-3.9963232894968724e-10,-7.947726043241372e-07,-3.9963204625659706e-10,3.142291706223851e-16,3.48595900682175e-16,-3.9963227506647435e-10,3.1548855799037274e-16,6.298740039897896e-13,3.1548758443417706e-16,3.1578881584357207e-16,3.6810684715763156e-16,-3.99632030635507e-10,-3.9963227493073877e-10,-3.996321775752377e-10
-1.0160342479348252e-05,-4.410004685865177e-10,-4.410004685414412e-10,4.0733317306606196e-16,-4.4100046855096475e-10,3.479335700380735e-16,-4.4100042904703373e-10,-4.410004685980384e-10,5.732058253054146e-16,4.977108686338977e-16,7.6373689766473e-13,3.4862845170016144e-16,-4.176857078649727e-06,-4.4100038928228067e-10,3.8447597916538725e-16,8.304335244065521e-13,3.6711500657009993e-16,3.665457021984694e-16,3.680793286700659e-16,5.726928759623183e-16,-4.410005725398887e-10,-4.4100038927575814e-10,-4.4100038928238066e-10,-4.4100038927922507e-10,-4.4100054181631363e-10,4.3335733233854876e-16,-4.4100048405311546e-10,-4.410004839782475e-10,6.789507488726911e-16,3.8386361673985376e-16,-4.410004685414412e-10,3.4743706260398337e-16,-4.410004685414412e-10,-4.4100035386505377e-10,3.8386361673985376e-16,3.502396304122748e-16,3.836518735484921e-16,-4.4100052806639006e-10,-8.770440050971624e-07,-8.770441976709855e-07,3.479335700380735e-16,3.8447597916538725e-16,-4.410004685414412e-10,3.480155717082952e-16,3.4927837775531057e-16,3.4826957694630934e-16,3.485959006821773e-16,4.0560991923813797e-16,-8.77044163373923e-07,-4.410004685726839e-10,-4.4100036107541165e-10
0.9999686357293699,0.9999658483301213,0.9999658483301256,-4.676925140199994e-10,0.9999658483301233,-3.9884850023765236e-10,0.9999657587608579,0.9999658483301234,-1.3048038678254202e-06,-1.1328221468533703e-06,-4.410003902238556e-10,-3.9963220314264265e-10,-4.4100038928228067e-10,0.9999614899647686,-4.410003896239112e-10,-4.774224205323294e-10,-4.2119555113430857e-10,-4.2054135015713665e-10,-4.2178319957210004e-10,-1.3038886704062958e-06,0.9999660851362036,0.9999656668215204,0.9999656668215182,0.9999656668215182,0.9999660157826397,-4.966781862539743e-10,0.9999658827857679,0.999965882785768,-1.5456377983316608e-06,-4.4100038971976306e-10,0.9999658483301225,-3.9889848569196823e-10,0.9999658483301221,0.9999655859847282,-4.410003891507349e-10,-4.011612345242361e-10,-4.4099396924207317e-10,0.9999659844358953,0.9999650510297196,0.999965271743275,-3.98848498962515e-10,-4.410003898335039e-10,0.9999658483301234,-3.9939487051441166e-10,-4.008230703499207e-10,-3.993948695950308e-10,-3.996322031755582e-10,-4.662762955758719e-10,0.9999652318716235,0.9999658483301221,0.9999656024631967
-1.0160342477213722e-05,-4.4100046899686034e-10,-4.4100046899686034e-10,4.073331620745326e-16,-4.4100046896031783e-10,3.47498099763043e-16,-4.410004295322665e-10,-4.4100046899686034e-10,5.731968012814923e-16,4.979490177951188e-16,3.8447597916538725e-16,3.486069104483923e-16,3.8447597916538725e-16,-4.410003896239112e-10,-4.176857078649727e-06,8.304335239480849e-13,3.671276072242623e-16,3.6638271745401346e-16,3.6807932867006466e-16,5.726928759601599e-16,-4.4100057277568466e-10,-4.410003896333957e-10,-4.4100038962949097e-10,-4.410003896361261e-10,-4.4100054223828565e-10,4.3335733233854856e-16,-4.4100048436440333e-10,-4.4100048440454397e-10,6.791525746654601e-16,3.8447597916539514e-16,-4.410004689937677e-10,3.4743706260398322e-16,-4.410004690691782e-10,-4.4100035422783156e-10,3.8470511701707167e-16,3.5023963041227465e-16,3.836518735484923e-16,-4.410005285088786e-10,-8.77044005811716e-07,-8.770441983855396e-07,3.47498099763043e-16,7.637368964809143e-13,-4.4100046899686034e-10,3.4807959472726786e-16,3.492783833614914e-16,3.4801557179720647e-16,3.48595900682175e-16,4.053312779210312e-16,-8.770441640884767e-07,-4.410004688936499e-10,-4.410003614517558e-10
-1.0232777894445733e-05,-4.774225068351952e-10,-4.774225067967736e-10,4.431404491948505e-16,-4.774225068306252e-10,3.7745952552016937e-16,-4.774224640778235e-10,-4.774225067915932e-10,6.221475341253809e-16,1.074585894083386e-12,8.304335249487411e-13,3.785486947383674e-16,8.304335244065521e-13,-4.774224205323294e-10,8.304335239480849e-13,-4.176856943948764e-06,3.987330154124407e-16,3.984213285782137e-16,3.997830876048662e-16,6.218775739425938e-16,-9.494796625892725e-07,-4.774224204146245e-10,-4.774224205323294e-10,-4.774224205268462e-10,-4.774225863456305e-10,4.705143505183019e-16,-4.774225233345244e-10,-4.774225233439699e-10,1.4662090312448597e-12,8.304335243941669e-13,-4.774225067850971e-10,3.7746417133911595e-16,-4.774225068435845e-10,-4.774223822059028e-10,8.304335240908196e-13,7.557519991886681e-13,8.306157154885772e-13,-4.77422571324516e-10,-9.494786845209593e-07,-9.494788933857983e-07,3.7779867689061253e-16,8.304335242933993e-13,-4.774225067938354e-10,7.522094094573406e-13,3.7953497287297824e-16,7.522094091319499e-13,3.7816320268765806e-16,8.78507932712806e-13,-9.494788559750257e-07,-4.774225067860492e-10,-4.774223898117409e-10
-1.0120954824735926e-05,-4.2119562698660106e-10,-4.211956269582454e-10,3.9012546292003093e-16,-4.211956269428495e-10,3.3195695668672146e-16,-8.37657519750137e-07,-4.211956269582454e-10,5.47173609691938e-16,9.460917806633984e-13,3.6711500657009993e-16,3.3262505253512945e-16,3.6711500657009993e-16,-4.2119555113430857e-10,3.671276072242623e-16,3.987330154124407e-16,-4.176857144753444e-06,3.501552961306077e-16,6.992767348223183e-13,5.472104772810692e-16,-4.211957261888107e-10,-4.211955511264009e-10,-4.2119555112190717e-10,-4.211955511360315e-10,-4.2119569695958286e-10,8.23488878650033e-13,-4.21195641643854e-10,-4.21195641643854e-10,6.488359468233954e-16,3.67049521672373e-16,-4.2119562689736544e-10,3.324019317014068e-16,-4.211956269936084e-10,-4.211955173279236e-10,3.6716602019600017e-16,3.344285718999559e-16,3.673847930915724e-16,-4.211956837477383e-10,-8.376569309750301e-07,-4.211953857031332e-10,3.3195695668672146e-16,3.671150065700997e-16,-4.211956269388841e-10,3.3283941139108803e-16,3.340063006263416e-16,3.3215676759013677e-16,3.327470280197529e-16,3.880961707597313e-16,-4.2119536921385877e-10,-4.211956269636037e-10,-4.211955241995107e-10
-1.011965377281083e-05,-4.205414257496234e-10,-4.2054142574680716e-10,7.739494258634215e-13,-4.2054142572577227e-10,3.313082905116112e-16,-4.205413880385583e-10,-4.205414257357302e-10,5.463584155213596e-16,9.445874659426565e-13,3.6636740349290155e-16,3.3198861103870745e-16,3.665457021984694e-16,-4.2054135015713665e-10,3.6638271745401346e-16,3.984213285782137e-16,3.501552961306077e-16,-4.17685715035911e-06,3.511340220108631e-16,1.0862948688159238e-12,-4.2054152475866556e-10,-4.2054134995955003e-10,-4.205413501785163e-10,-4.2054135017849916e-10,-4.2054149561244775e-10,4.132063297608008e-16,-4.205414405348607e-10,-4.2054144055780457e-10,6.482716921809309e-16,3.6623129368661286e-16,-4.205414257324332e-10,3.3189986725092196e-16,-4.2054142570324804e-10,-4.2054131647440497e-10,3.6646582192803515e-16,3.340146087737155e-16,3.6672707096112296e-16,-4.2054148249004355e-10,-8.363558822134576e-07,-4.205411850716153e-10,3.313082905116112e-16,3.665599692092416e-16,-4.2054142574680716e-10,3.3189650184191845e-16,3.3348320992702486e-16,3.32323507021128e-16,3.325042710556937e-16,3.882096913324086e-16,-4.2054116839204575e-10,-4.2054142573458324e-10,-8.363563410500146e-07
-1.0122123517738647e-05,-4.2178327555630877e-10,-4.2178327553793383e-10,3.904029776432091e-16,-4.2178327555630877e-10,3.3278220122463635e-16,-8.388262121777595e-07,-4.2178327551659696e-10,1.0910971709593383e-12,4.766859196344798e-16,3.680793286700659e-16,3.3315874358078145e-16,3.680793286700659e-16,-4.2178319957210004e-10,3.6807932867006466e-16,3.997830876048662e-16,6.992767348223183e-13,3.511340220108631e-16,-4.176857145866172e-06,5.482213078626904e-16,-4.2178337491423885e-10,-4.2178319951578564e-10,-4.2178319958037185e-10,-4.217831995697052e-10,-4.217833456143142e-10,8.248618296378472e-13,-4.217832903669486e-10,-4.217832906047511e-10,6.500941970474267e-16,3.681066425790821e-16,-4.2178327550519164e-10,3.326220803798994e-16,-4.2178327562037794e-10,-4.217831657854362e-10,3.6799694949839093e-16,3.3475904216874997e-16,3.6754701376701e-16,-4.2178333252162573e-10,-8.388256224187763e-07,-4.2178303388690957e-10,3.3278220122463635e-16,3.6798149732071883e-16,-4.217832755435378e-10,3.3320267604018956e-16,3.3449477539677265e-16,3.3343089170819054e-16,3.3327642911318546e-16,3.8919727922901694e-16,-4.217830173702258e-10,-4.2178327558455636e-10,-4.217831726018574e-10
-1.0587191883260522e-05,-6.556286355625618e-10,-6.55628635479456e-10,1.208204533680946e-12,-6.556286354353045e-10,5.177017561708374e-16,-6.556285769107319e-10,-6.556286354928058e-10,1.6975444832984157e-12,1.4744736870278624e-12,5.726928759623183e-16,5.19160026491075e-16,5.726928759623183e-16,-1.3038886704062958e-06,5.726928759601599e-16,6.218775739425938e-16,5.472104772810692e-16,1.0862948688159238e-12,5.482213078626904e-16,-4.1768561465022005e-06,-6.556287900545932e-10,-1.3038886704062975e-06,-1.3038886704062958e-06,-1.3038886704062964e-06,-6.55628744902399e-10,6.456953676193355e-16,-1.303888950818018e-06,-1.3038889508180187e-06,2.011822922011993e-12,5.728749910526115e-16,-6.556286354451989e-10,5.1803831317214e-16,-6.556286354928058e-10,-1.3038885654650567e-06,5.727962669401192e-16,5.212950611451323e-16,5.724550875778325e-16,-6.556287244685452e-10,-1.3038878709207066e-06,-6.556282596771434e-10,5.181197720246722e-16,5.728749910526121e-16,-6.556286354973963e-10,5.18804354279097e-16,5.206398313185532e-16,5.191764977793648e-16,5.188761328913804e-16,6.056160596586957e-16,-6.556282339187557e-10,-6.5562863548974e-10,-1.3038885868856623e-06
0.9999690540493552,0.9999662666448802,0.9999662666448843,-4.676927082330898e-10,0.9999662666448826,-3.988486658613504e-10,0.9999661770755792,0.999966266644882,-6.560889751695813e-10,-5.696121387901752e-10,-4.4100057339318093e-10,-3.996323692420392e-10,-4.410005725398887e-10,0.9999660851362036,-4.4100057277568466e-10,-9.494796625892725e-07,-4.211957261888107e-10,-4.2054152475866556e-10,-4.2178337491423885e-10,-6.556287900545932e-10,0.9999623265943081,0.9999660851362044,0.9999660851362036,0.9999660851362031,0.9999664340974685,-4.966783927999685e-10,0.9999663011005436,0.9999663011005433,-7.771864759976609e-10,-4.4100057300883694e-10,0.999966266644882,-3.9889865121171374e-10,0.9999662666448813,0.9999660042993774,-4.410005724650387e-10,-4.0116140115975723e-10,-4.4099415210713857e-10,0.9999664027507106,0.9999654693441469,0.9999656900577963,-3.988486645619888e-10,-4.4100057346168596e-10,0.9999662666448821,-3.9939503632229613e-10,-4.0082323689749117e-10,-3.993950354184652e-10,-3.9963236921558613e-10,-4.662764891541167e-10,0.999965650186127,0.999966266644882,0.9999660207778533
0.9999686357293691,0.9999658483301228,0.9999658483301266,-4.676925141808986e-10,0.9999658483301251,-3.9884850032191203e-10,0.9999657587608577,0.9999658483301244,-1.3048038678254219e-06,-1.132822146853371e-06,-4.4100039023089636e-10,-3.996322031246249e-10,-4.4100038927575814e-10,0.9999656668215204,-4.410003896333957e-10,-4.774224204146245e-10,-4.211955511264009e-10,-4.2054134995955003e-10,-4.2178319951578564e-10,-1.3038886704062975e-06,0.9999660851362044,0.9999614899647732,0.9999656668215204,0.999965666821521,0.9999660157826399,-4.966781862451296e-10,0.9999658827857699,0.9999658827857694,-1.5456377983316638e-06,-4.410003897105151e-10,0.9999658483301241,-3.988984856946189e-10,0.9999658483301237,0.9999655859847285,-4.410003891633686e-10,-4.01161234556116e-10,-4.40993969246582e-10,0.9999659844358957,0.999965051029722,0.9999652717432765,-3.9884849897205884e-10,-4.410003898341771e-10,0.9999658483301246,-3.9939487051441166e-10,-4.0082307030898716e-10,-3.9939486934084266e-10,-3.996322031657258e-10,-4.662762953791052e-10,0.9999652318716251,0.9999658483301244,0.9999656024631972
0.99996863572937,0.9999658483301213,0.9999658483301256,-4.676925139985243e-10,0.9999658483301233,-3.9884850029665283e-10,0.9999657587608579,0.9999658483301234,-1.30480386782542e-06,-1.1328221468533703e-06,-4.410003902292392e-10,-3.996322031583122e-10,-4.4100038928238066e-10,0.9999656668215182,-4.4100038962949097e-10,-4.774224205323294e-10,-4.2119555112190717e-10,-4.205413501785163e-10,-4.2178319958037185e-10,-1.3038886704062958e-06,0.9999660851362036,0.9999656668215204,0.9999614899647686,0.9999656668215182,0.9999660157826397,-4.96678186308928e-10,0.9999658827857686,0.999965882785768,-1.5456377983316608e-06,-4.4100038971817787e-10,0.9999658483301225,-3.988984856950964e-10,0.9999658483301221,0.9999655859847282,-4.4100038916325827e-10,-4.01161234614873e-10,-4.4099396923800515e-10,0.9999659844358953,0.9999650510297196,0.999965271743275,-3.9884849896044367e-10,-4.4100038984390017e-10,0.9999658483301234,-3.9939487046151274e-10,-4.0082307029992705e-10,-3.993948694172963e-10,-3.996322031619466e-10,-4.662762955758719e-10,0.9999652318716235,0.9999658483301221,0.9999656024631967
0.9999686357293699,0.9999658483301215,0.9999658483301256,-4.676925140733518e-10,0.9999658483301233,-3.9884850027418717e-10,0.9999657587608581,0.9999658483301241,-1.3048038678254202e-06,-1.1328221468533699e-06,-4.410003902222469e-10,-3.996322031460272e-10,-4.4100038927922507e-10,0.9999656668215182,-4.410003896361261e-10,-4.774224205268462e-10,-4.211955511360315e-10,-4.2054135017849916e-10,-4.217831995697052e-10,-1.3038886704062964e-06,0.9999660851362031,0.999965666821521,0.9999656668215182,0.9999614899647655,0.9999660157826394,-4.966781862451296e-10,0.9999658827857681,0.9999658827857681,-1.5456377983316614e-06,-4.4100038971078577e-10,0.9999658483301241,-3.9889848568470393e-10,0.9999658483301229,0.9999655859847282,-4.410003891633686e-10,-4.01161234627915e-10,-4.4099396924833767e-10,0.9999659844358953,0.9999650510297203,0.9999652717432762,-3.988484989687015e-10,-4.4100038984544984e-10,0.999965848330123,-3.993948705543699e-10,-4.0082307029478235e-10,-3.9939486934084266e-10,-3.996322031573727e-10,-4.662762955758719e-10,0.9999652318716233,0.9999658483301241,0.9999656024631968
0.9999689846949465,0.9999661972913048,0.999966197291309,-4.676926757839087e-10,0.9999661972913071,-3.9884863818857544e-10,0.9999661077220104,0.9999661972913065,-6.560889298130243e-10,-5.696120997095972e-10,-4.4100054268914567e-10,-3.996323414419425e-10,-4.4100054181631363e-10,0.9999660157826397,-4.4100054223828565e-10,-4.774225863456305e-10,-4.2119569695958286e-10,-4.2054149561244775e-10,-4.217833456143142e-10,-6.55628744902399e-10,0.9999664340974685,0.9999660157826399,0.9999660157826397,0.9999660157826394,0.9999621878871312,-4.966783583413693e-10,0.9999662317469635,0.9999662317469649,-1.5456383345423476e-06,-4.4100054219828356e-10,0.9999661972913065,-3.9889862360969474e-10,0.9999661972913061,0.9999659349458201,-4.41000541688563e-10,-4.01161373480392e-10,-4.409941217556807e-10,0.9999663333971247,0.9999653999906247,0.9999656207042581,-3.988486369014226e-10,-4.4100054233766375e-10,0.9999661972913071,-3.9939500865665174e-10,-4.008232090373143e-10,-3.993950077100553e-10,-3.9963234146576324e-10,-9.273126083325116e-07,0.9999655808325942,0.9999661972913066,0.9999659514242938
-1.027107367185422e-05,-4.966782757904087e-10,-4.966782757867338e-10,4.59739782840862e-16,-4.966782757867338e-10,3.915228012977244e-16,-9.877744824184121e-07,-4.966782757560271e-10,1.2849277983125136e-12,5.611452553687492e-16,4.3335733233854876e-16,3.925560928829628e-16,4.3335733233854876e-16,-4.966781862539743e-10,4.3335733233854856e-16,4.705143505183019e-16,8.23488878650033e-13,4.132063297608008e-16,8.248618296378472e-13,6.456953676193355e-16,-4.966783927999685e-10,-4.966781862451296e-10,-4.96678186308928e-10,-4.966781862451296e-10,-4.966783583413693e-10,-4.176856874028252e-06,-9.877746053811648e-07,-9.87774605381166e-07,7.654863728511654e-16,4.3335733233854856e-16,-4.966782757465111e-10,3.9219451257631346e-16,-4.966782757465111e-10,-9.8777431353005e-07,4.3335733233854856e-16,3.9441153224898856e-16,4.332559827268379e-16,-4.966783428574754e-10,-9.87773787901524e-07,-4.966779911592956e-10,3.9150873173314975e-16,4.3335733233854856e-16,-4.966782757323912e-10,3.9233577100116295e-16,3.941200496106469e-16,3.923357710011632e-16,3.926539041891997e-16,4.580183609247229e-16,-4.966779716900144e-10,-4.966782757867338e-10,-4.966781545440664e-10
0.9999688516963334,0.9999660642944104,0.9999660642944135,-9.301290076305822e-07,0.9999660642944121,-3.988485858681374e-10,0.9999659747251268,0.9999660642944124,-1.3048041486455463e-06,-5.696120241109965e-10,-4.41000484945389e-10,-3.9963228910932424e-10,-4.4100048405311546e-10,0.9999658827857679,-4.4100048436440333e-10,-4.774225233345244e-10,-4.21195641643854e-10,-4.205414405348607e-10,-4.217832903669486e-10,-1.303888950818018e-06,0.9999663011005436,0.9999658827857699,0.9999658827857686,0.9999658827857681,0.9999662317469635,-9.877746053811648e-07,0.9999619218933118,0.9999660987500647,-7.771863197787603e-10,-4.4100048451595905e-10,0.999966064294412,-3.9889857136992357e-10,0.999966064294412,0.9999658019489603,-4.410004839317468e-10,-4.0116132080294244e-10,-4.409940638319312e-10,0.9999662004002132,0.9999652669938365,0.9999654877074408,-3.9884858463616205e-10,-4.4100048457825573e-10,0.9999660642944119,-3.993949562723237e-10,-4.0082315645588375e-10,-3.9939495545638853e-10,-3.996322890796108e-10,-4.662763956742889e-10,0.9999654478357802,0.9999660642944124,0.9999658184274314
0.9999688516963352,0.9999660642944104,0.9999660642944146,-9.301290076305814e-07,0.9999660642944126,-3.988485859100329e-10,0.9999659747251273,0.9999660642944128,-1.3048041486455465e-06,-5.696120245349674e-10,-4.4100048501375303e-10,-3.99632289041317e-10,-4.410004839782475e-10,0.999965882785768,-4.4100048440454397e-10,-4.774225233439699e-10,-4.21195641643854e-10,-4.2054144055780457e-10,-4.217832906047511e-10,-1.3038889508180187e-06,0.9999663011005433,0.9999658827857694,0.999965882785768,0.9999658827857681,0.9999662317469649,-9.87774605381166e-07,0.9999660987500647,0.9999619218933149,-7.771863198471606e-10,-4.410004844651337e-10,0.999966064294412,-3.988985713610165e-10,0.9999660642944121,0.9999658019489613,-4.410004839142368e-10,-4.011613208120304e-10,-4.4099406382640825e-10,0.9999662004002134,0.9999652669938361,0.9999654877074415,-3.988485845697477e-10,-4.410004845389035e-10,0.9999660642944121,-3.993949562704757e-10,-4.008231564379758e-10,-3.9939495540966523e-10,-3.9963228903149833e-10,-4.662763956808245e-10,0.9999654478357806,0.999966064294413,0.9999658184274322
-1.082894401576753e-05,-7.771862926896426e-10,-7.771862926919576e-10,7.207827714725034e-16,-7.771862926499119e-10,6.142023285083229e-16,-1.545637938795484e-06,-7.771862926993594e-10,2.013348112861368e-12,1.74846516063103e-12,6.789507488726911e-16,6.157539420008367e-16,6.789507488726911e-16,-1.5456377983316608e-06,6.791525746654601e-16,1.4662090312448597e-12,6.488359468233954e-16,6.482716921809309e-16,6.500941970474267e-16,2.011822922011993e-12,-7.771864759976609e-10,-1.5456377983316638e-06,-1.5456377983316608e-06,-1.5456377983316614e-06,-1.5456383345423476e-06,7.654863728511654e-16,-7.771863197787603e-10,-7.771863198471606e-10,-4.176855457856663e-06,6.789507488726911e-16,-7.771862926317609e-10,6.144250262352545e-16,-7.771862926326373e-10,-1.545637673912077e-06,6.793043730591467e-16,1.2295606207513213e-12,6.791503355538516e-16,-1.545638286255136e-06,-1.5456368503194823e-06,-1.545637190238815e-06,6.142023285091011e-16,6.791525746654601e-16,-7.771862926499119e-10,1.2236795264597381e-12,6.176780689346607e-16,1.223679526007165e-12,6.159157010397413e-16,1.4287610251665608e-12,-7.771858162568892e-10,-7.771862927089139e-10,-1.5456376992803206e-06
-1.016034247608215e-05,-4.41000469019551e-10,-4.410004691137851e-10,4.07333173066062e-16,-4.410004690673041e-10,3.474980997630432e-16,-4.410004295055718e-10,-4.410004690673041e-10,5.731685734780938e-16,4.976510881198775e-16,3.8386361673985376e-16,3.486069104483925e-16,3.8386361673985376e-16,-4.4100038971976306e-10,3.8447597916539514e-16,8.304335243941669e-13,3.67049521672373e-16,3.6623129368661286e-16,3.681066425790821e-16,5.728749910526115e-16,-4.4100057300883694e-10,-4.410003897105151e-10,-4.4100038971817787e-10,-4.4100038971078577e-10,-4.4100054219828356e-10,4.3335733233854856e-16,-4.4100048451595905e-10,-4.410004844651337e-10,6.789507488726911e-16,-4.176857078649727e-06,-4.4100046918323654e-10,3.4709197098302415e-16,-4.410004691137851e-10,-4.410003543010347e-10,7.637368969355652e-13,3.502396304123098e-16,3.836518735484899e-16,-4.4100052853751134e-10,-8.770440059612432e-07,-8.770441985350667e-07,3.4750239408314295e-16,3.841187510411892e-16,-4.410004690574231e-10,3.4838703935844577e-16,3.4917234520865936e-16,3.4807959472969573e-16,3.4862845170007635e-16,4.056099192381378e-16,-8.770441642380045e-07,-4.4100046911378434e-10,-4.4100036152733366e-10
0.9999688172402929,0.999966029838758,0.999966029838762,-4.676925980681672e-10,0.9999660298387604,-3.988485720109911e-10,0.9999659402694782,0.9999660298387598,-6.56088820547869e-10,-5.696120044771207e-10,-4.4100046948271485e-10,-3.9963227493073877e-10,-4.410004685414412e-10,0.9999658483301225,-4.410004689937677e-10,-4.774225067850971e-10,-4.2119562689736544e-10,-4.205414257324332e-10,-4.2178327550519164e-10,-6.556286354451989e-10,0.999966266644882,0.9999658483301241,0.9999658483301225,0.9999658483301241,0.9999661972913065,-4.966782757465111e-10,0.999966064294412,0.999966064294412,-7.771862926317609e-10,-4.4100046918323654e-10,0.9999618529820081,-3.988985574061256e-10,0.9999660298387597,0.9999657674933166,-4.4100046848147843e-10,-4.011613068034963e-10,-4.4099404839273895e-10,0.9999661659445552,0.999965232538212,0.9999654532518085,-3.988485706903593e-10,-4.410004691367746e-10,0.9999660298387597,-3.993949423530751e-10,-4.008231425329301e-10,-3.9939494146586117e-10,-3.996322751044719e-10,-4.66276379411925e-10,0.9999654133801493,0.9999660298387594,0.9999657839717875
-1.0076610759301208e-05,-3.9889855735237424e-10,-3.9889855735237424e-10,3.6873613100671826e-16,-3.9889855733351783e-10,3.142852182095908e-16,-3.9889852166637443e-10,-3.9889855734515817e-10,5.181386908091327e-16,4.502523088653789e-16,3.474370626418607e-16,3.1525402938419073e-16,3.4743706260398337e-16,-3.9889848569196823e-10,3.4743706260398322e-16,3.7746417133911595e-16,3.324019317014068e-16,3.3189986725092196e-16,3.326220803798994e-16,5.1803831317214e-16,-3.9889865121171374e-10,-3.988984856946189e-10,-3.988984856950964e-10,-3.9889848568470393e-10,-3.9889862360969474e-10,3.9219451257631346e-16,-3.9889857136992357e-10,-3.988985713610165e-10,6.144250262352545e-16,3.4709197098302415e-16,-3.988985574061256e-10,-4.176857219611804e-06,-3.9889855737100845e-10,-3.9889845362570593e-10,3.475528665666166e-16,3.1579535831348936e-16,3.4762748819024683e-16,-3.9889861120452764e-10,-7.933134165333309e-07,-3.988983290985058e-10,3.141063322676515e-16,3.475620766324448e-16,-3.988985573604295e-10,3.149365193908582e-16,3.16546563231585e-16,3.1500180523233567e-16,3.1525402938419073e-16,3.678869832055168e-16,-3.9889831349785586e-10,-3.9889855733351783e-10,-3.988984602081243e-10
0.9999688172402925,0.999966029838758,0.9999660298387612,-4.67692598082722e-10,0.9999660298387597,-3.988485720109911e-10,0.9999659402694774,0.9999660298387589,-6.560888205228222e-10,-5.696120044664896e-10,-4.4100046943090103e-10,-3.9963227497758464e-10,-4.410004685414412e-10,0.9999658483301221,-4.410004690691782e-10,-4.774225068435845e-10,-4.211956269936084e-10,-4.2054142570324804e-10,-4.2178327562037794e-10,-6.556286354928058e-10,0.9999662666448813,0.9999658483301237,0.9999658483301221,0.9999658483301229,0.9999661972913061,-4.966782757465111e-10,0.999966064294412,0.9999660642944121,-7.771862926326373e-10,-4.410004691137851e-10,0.9999660298387597,-3.9889855737100845e-10,0.9999618529820096,0.9999657674933161,-4.410004684739884e-10,-4.0116130680654913e-10,-4.4099404842833336e-10,0.9999661659445549,0.9999652325382121,0.9999654532518075,-3.9884857068836374e-10,-4.4100046918600703e-10,0.999966029838759,-3.9939494235093486e-10,-4.008231425409964e-10,-3.993949414670322e-10,-3.996322750081331e-10,-4.662763794200625e-10,0.9999654133801484,0.9999660298387589,0.9999657839717868
0.9999685548915584,0.999965767493314,0.9999657674933186,-9.301287332202206e-07,0.9999657674933168,-3.988484682600456e-10,0.9999656779240585,0.9999657674933166,-1.3048037628339646e-06,-1.1328220556647695e-06,-4.410003548144064e-10,-3.996321710462836e-10,-4.4100035386505377e-10,0.9999655859847282,-4.4100035422783156e-10,-4.774223822059028e-10,-4.211955173279236e-10,-4.2054131647440497e-10,-4.217831657854362e-10,-1.3038885654650567e-06,0.9999660042993774,0.9999655859847285,0.9999655859847282,0.9999655859847282,0.9999659349458201,-9.8777431353005e-07,0.9999658019489603,0.9999658019489613,-1.545637673912077e-06,-4.410003543010347e-10,0.9999657674933166,-3.9889845362570593e-10,0.9999657674933161,0.9999613282911876,-4.410003537364154e-10,-4.011612021739627e-10,-4.4099393380159256e-10,0.9999659035990777,0.9999649701929768,0.9999651909065166,-3.9884846696774564e-10,-4.410003544244588e-10,0.9999657674933158,-3.9939483850730027e-10,-4.008230380831752e-10,-3.9939483757851195e-10,-3.996321710828481e-10,-4.662762582492656e-10,0.9999651510348678,0.999965767493315,0.9999655216264082
-1.0160342479350802e-05,-4.410004683791399e-10,-4.410004685792537e-10,4.07333173066062e-16,-4.4100046856852285e-10,3.474980997630432e-16,-4.410004290370961e-10,-4.4100046856852285e-10,5.728181296298576e-16,4.975754807128957e-16,3.8386361673985376e-16,3.484420502407968e-16,3.8386361673985376e-16,-4.410003891507349e-10,3.8470511701707167e-16,8.304335240908196e-13,3.6716602019600017e-16,3.6646582192803515e-16,3.6799694949839093e-16,5.727962669401192e-16,-4.410005724650387e-10,-4.410003891633686e-10,-4.4100038916325827e-10,-4.410003891633686e-10,-4.41000541688563e-10,4.3335733233854856e-16,-4.410004839317468e-10,-4.410004839142368e-10,6.793043730591467e-16,7.637368969355652e-13,-4.4100046848147843e-10,3.475528665666166e-16,-4.410004684739884e-10,-4.410003537364154e-10,-4.176857078649727e-06,3.502396304123098e-16,3.836518735484899e-16,-4.4100052802098725e-10,-8.770440048480206e-07,-8.770441974218434e-07,3.467666408747224e-16,3.838792670609886e-16,-4.410004683791399e-10,3.4807959472969573e-16,3.49172345208664e-16,3.4838703920892365e-16,3.484420502407968e-16,4.053312779210312e-16,-8.770441631247812e-07,-4.4100046848147843e-10,-4.4100036096269806e-10
