1.0000000000644336,-1.7664628976361855e-08,-1.7949457090367948e-08,-1.787907556733546e-08,1.0000001103797271,-2.5382577084042252e-08,-1.794946018439864e-08,-1.6934061889973598e-08,-2.5812119427814118e-08,-2.183221197604822e-08,-1.8293449621100257e-08,-1.4074911554299706e-08,-1.6686205929316832e-08,-1.8081701015022126e-08,-1.776743109562254e-08,-1.6152053387759423e-08,-1.4249622362691417e-08,-1.8935458391884138e-08,-1.6402773541688652e-08,-1.808169188971155e-08,-1.808170105497528e-08,-2.608387018353293e-08,-2.159050074701684e-08,1.0000001103797258,1.0000001103797274,-1.927136842283929e-08,-1.6269560286482575e-08,-1.6697635949911664e-08,-1.5953679376268333e-08,1.000000110379721,-1.908776509551346e-08,-1.555839785342703e-08,-1.6612673592528345e-08,-1.566260475968495e-08,-1.9013823927941674e-08,-1.723693029154344e-08,1.0000001093262036,-1.5235670356170425e-08,-1.5858117458806116e-08,-1.566602306398756e-08,1.0000001099171982,-1.660014586966225e-08,-1.7072822797026133e-08,1.000000110379725,1.000000109917185,-2.8195672415857335e-08,-2.2246981864255252e-08,-1.5662601401520594e-08,-2.2841998257239217e-08,-1.698624850351943e-08,1.0000000916274177,-1.599694589470974e-08,-1.8935458393003327e-08,-1.893546381606659e-08,-1.6612672419530124e-08,-1.6600145889020648e-08,-1.9939197889838347e-08,-1.8584361338181337e-08
-1.7664628976361855e-08,-2.625461215832133e-08,1.8030990701278114e-14,1.6996834791161314e-14,5.6666004207440535e-12,1.6296384692807133e-14,1.803083740433564e-14,1.731104909686416e-14,1.5742314382032908e-14,1.6742094577405173e-14,3.604485059069768e-11,1.7867910028445212e-14,1.8060136216514915e-14,1.7833482628421654e-14,1.8033546931478644e-14,1.8342966039778863e-14,1.8421962784360405e-14,1.7267814355495816e-14,1.7799345352375863e-14,1.7833482628421654e-14,1.7833482628421654e-14,1.5958724159222036e-14,2.1224844552370594e-14,5.666600472633089e-12,5.666600420744029e-12,3.393281557300105e-11,1.835224574787863e-14,1.7950133368991402e-14,1.796792520005438e-14,5.666600420744048e-12,1.702332092039996e-14,1.8003295771816078e-14,1.8233342737758823e-14,1.8481007148390475e-14,1.7723311193547288e-14,3.520851584252462e-11,5.672695558239761e-12,1.7918938719588536e-14,1.8279770147144776e-14,4.411650515372172e-11,5.668327914263729e-12,1.8362259383476182e-14,1.8123227993329435e-14,5.666600420744029e-12,5.6683275430524645e-12,1.4676948717159568e-14,1.5963444610346987e-14,1.8481007148390475e-14,1.66694457564896e-14,1.8386186379208217e-14,1.1511162769243233e-08,1.8276695784065947e-14,1.726754330280162e-14,1.7267714493561838e-14,1.8233342737758823e-14,1.8362968788430366e-14,2.035081055246355e-14,1.7714155048428484e-14
-1.7949457090367948e-08,1.8030990701278114e-14,-2.625184411228454e-08,3.527221054022665e-11,5.516568272633822e-12,1.7066400304743554e-14,3.720657990465957e-11,1.8031392406785023e-14,1.654754867177853e-14,1.7491317074468175e-14,1.8794914575079537e-14,1.8555796995803703e-14,1.873296528871705e-14,1.8518493479610712e-14,1.87057329733004e-14,1.9001990298160505e-14,1.9074095235477693e-14,1.7987747200360174e-14,1.8485787758674458e-14,1.8518493479610712e-14,1.8518493479610712e-14,1.6748427994415313e-14,2.1973003745509353e-14,5.516568454615268e-12,5.516568204243879e-12,1.7788351810299837e-14,1.9010862569194933e-14,1.8630783439901483e-14,1.8644531013380228e-14,5.516568454615268e-12,1.7762063827186377e-14,1.868009615607214e-14,1.8895658678750472e-14,1.912997648064922e-14,1.841389602717968e-14,1.8392957998961296e-14,5.522768912317696e-12,1.8601685478908223e-14,1.8943349505998213e-14,2.3235685837320925e-14,5.518345316225485e-12,1.9015672847670338e-14,1.87944146823883e-14,5.5165680227665165e-12,5.5183455584716854e-12,1.5545803254981723e-14,1.676244221900198e-14,1.9130234205206256e-14,1.742164493773732e-14,1.9039298562151353e-14,1.1217147825076802e-08,1.89399817237245e-14,1.798775138000061e-14,1.7987751381363258e-14,1.889565867873563e-14,1.9015672847670338e-14,2.1153769426274524e-14,1.8407282530311435e-14
-1.787907556733546e-08,1.6996834791161314e-14,3.527221054022665e-11,-2.6255895562841287e-08,5.561609088331282e-12,1.5952350417784276e-14,3.527221054024546e-11,1.6991487676006403e-14,1.5381722173106462e-14,1.640798038117539e-14,1.7825719864356887e-14,1.7564518124235155e-14,1.7764231344983547e-14,1.753053258136999e-14,1.773771185660568e-14,1.805291848319678e-14,1.8135731580762012e-14,1.6948478234014378e-14,1.749628993076012e-14,1.753053258136999e-14,1.7530393928558775e-14,1.560531369702485e-14,2.089668334299856e-14,5.561609115364512e-12,5.561609218252932e-12,3.328983382343605e-11,1.806234799016346e-14,1.764964617740345e-14,3.514564850925385e-11,5.561609085541942e-12,1.6695673486289563e-14,1.7704726687952397e-14,1.7942321245662828e-14,1.8195454490269664e-14,1.741844012955973e-14,1.7397059217278013e-14,5.567660349562187e-12,1.761863953221276e-14,1.7987830258128933e-14,4.3180362469861215e-11,5.563315207136362e-12,1.8075300276591765e-14,1.782769752132291e-14,5.5616091934406424e-12,5.563315207136362e-12,1.4285448803783368e-14,1.5606596777072376e-14,1.819545437868386e-14,3.2487604323701244e-11,3.59982488768697e-11,1.1300242967435372e-08,1.7984705204813296e-14,1.6948478234014378e-14,1.6948396755749565e-14,1.7942195210622147e-14,1.8075300276591765e-14,1.9995702996998833e-14,1.740788521231324e-14
1.0000001103797271,5.6666004207440535e-12,5.516568272633822e-12,5.561609088331282e-12,1.0000001537728307,1.7989260678074865e-12,5.5165673912912316e-12,6.033207576510393e-12,1.5878921312866838e-12,3.5778340057044655e-12,5.3422383665728244e-12,7.464662838441858e-12,6.151392079956097e-12,5.45220169079744e-12,5.6084761795310334e-12,6.4162950898617804e-12,7.3721890242591e-12,5.02836868507094e-12,6.296386910122893e-12,5.452201178804692e-12,5.45220157224697e-12,1.4497472009967185e-12,3.719910412275945e-12,1.0000001800618945,1.000000180061895,4.862256861137231e-12,6.357291036530283e-12,6.146256197053561e-12,6.5205681712578e-12,1.0000001800618934,4.953378109454289e-12,6.718497074861976e-12,6.186535075494382e-12,6.66136248361876e-12,4.985003659397255e-12,5.878328760128101e-12,1.000000179228232,6.8811821755848745e-12,6.5646035024361504e-12,6.769693314631289e-12,1.0000001796522884,6.191818136325241e-12,5.955959479189974e-12,1.000000180061894,1.0000001796522866,4.0004887781575946e-13,3.3762718742280082e-12,6.661361573330634e-12,3.0713128903110903e-12,5.9973231748010376e-12,1.0000001656193753,6.494918699213511e-12,5.0283688477869466e-12,5.028369709181603e-12,6.186534487118534e-12,6.191817853834729e-12,4.557755230686901e-12,5.200575705784839e-12
-2.5382577084042252e-08,1.6296384692807133e-14,1.7066400304743554e-14,1.5952350417784276e-14,1.7989260678074865e-12,-2.6258795978102668e-08,1.7065943599444246e-14,1.6287051556004205e-14,2.905953179532441e-11,3.118816299229464e-11,1.7159323063279703e-14,1.6885919659161176e-14,1.7098893800485706e-14,1.6854705710290413e-14,1.7072548648204433e-14,1.7396682022506976e-14,1.748735097618328e-14,1.6244725789723607e-14,1.6819839048471797e-14,1.6854889415670147e-14,1.6854889415670147e-14,2.9529743512681594e-11,2.015031939421306e-14,1.7989261389427436e-12,1.7989261622450615e-12,1.602807009795407e-14,1.7407558355960423e-14,1.6977437145963222e-14,1.7002092115470937e-14,1.7989261622450615e-12,1.5976319467655625e-14,1.703517350196465e-14,1.7284856124504102e-14,1.754888088807534e-14,1.6737818195837186e-14,1.671607969495259e-14,1.8048621654004336e-12,1.694476671156194e-14,1.732875822367571e-14,2.0691337513778226e-14,1.80058128517946e-12,1.7424741359690358e-14,1.7163319572363913e-14,1.7989257491097308e-12,1.8005815572173692e-12,2.6776451996067316e-11,2.9515210168267555e-11,1.7548327804497447e-14,3.1036540751765176e-11,1.744779510452691e-14,3.806518407631453e-09,1.7325972563090814e-14,1.6244725789723607e-14,1.6244725789723607e-14,1.728479673957834e-14,1.7424615626350307e-14,1.920573894109788e-14,1.6725488075128648e-14
-1.794946018439864e-08,1.803083740433564e-14,3.720657990465957e-11,3.527221054024546e-11,5.5165673912912316e-12,1.7065943599444246e-14,-2.625184411228454e-08,1.8031342803666974e-14,1.6547559862875136e-14,1.7491273423091742e-14,1.8794452527978973e-14,1.8555796995803703e-14,1.8732395676786055e-14,1.8518580315996897e-14,1.8706858305666994e-14,1.900248322009965e-14,1.9073502972179632e-14,1.7987751381363258e-14,1.8485697441602088e-14,1.8518493479610712e-14,1.8518493479610712e-14,1.6748270546622768e-14,2.1973003745509353e-14,5.516567379560891e-12,5.516567257309854e-12,1.7788518351881067e-14,1.9010862569194933e-14,1.8630783355783245e-14,1.8644531013380228e-14,5.516567379560891e-12,1.776206382716974e-14,1.8680222471916997e-14,1.8895658678750472e-14,1.9130234205206256e-14,1.841389602717968e-14,1.8392519563451906e-14,5.522768092789979e-12,1.8601685569494983e-14,1.8943349505998213e-14,2.3236353203845464e-14,5.5183446038847365e-12,1.9015672628608344e-14,1.87944146823883e-14,5.516567257309854e-12,5.5183442602345326e-12,1.5545725153511345e-14,1.676213215295918e-14,1.9130234205206256e-14,1.742183590382551e-14,1.9039347215634823e-14,1.1217146192885943e-08,1.8939483808959173e-14,1.798716848698985e-14,1.798716848698985e-14,1.8895658678750472e-14,1.9015672628608344e-14,2.115322924234043e-14,1.8407282530313887e-14
-1.6934061889973598e-08,1.731104909686416e-14,1.8031392406785023e-14,1.6991487676006403e-14,6.033207576510393e-12,1.6287051556004205e-14,1.8031342803666974e-14,-2.6254634701690334e-08,3.128535915767164e-11,1.6735631336173246e-14,1.812308908222445e-14,1.7868077564889413e-14,1.8061064840963333e-14,1.7832546393044295e-14,1.8034223395224867e-14,1.834518737729293e-14,1.842484346507126e-14,1.7263172686695057e-14,1.7798573730885733e-14,1.7832546393044295e-14,1.783307778808423e-14,3.1718011536842606e-11,2.122839153780554e-14,6.0332073819938904e-12,6.033207576510393e-12,1.7054904450369754e-14,1.835459405591897e-14,1.7949811579177443e-14,1.7968469679860068e-14,6.033207576510393e-12,1.7018243911183893e-14,3.580877720110258e-11,1.8235285734553663e-14,1.8484010518518732e-14,1.7721624620770234e-14,1.7700192923838654e-14,6.03930832634124e-12,1.7920389374748342e-14,1.8281554414702594e-14,2.2169098643624005e-14,6.0349361615504976e-12,1.836501179301274e-14,1.8124148683726958e-14,6.033207576510393e-12,6.0349361615504976e-12,2.9152812664412204e-11,3.172715501442175e-11,1.8484010518518732e-14,1.6661661865601284e-14,1.8387993337329992e-14,1.224098766026041e-08,1.8277667832740264e-14,1.7263172686695057e-14,1.7263835021814267e-14,1.8235934067440697e-14,1.836509989739704e-14,4.047405680317024e-11,3.523032716909792e-11
-2.5812119427814118e-08,1.5742314382032908e-14,1.654754867177853e-14,1.5381722173106462e-14,1.5878921312866838e-12,2.905953179532441e-11,1.6547559862875136e-14,3.128535915767164e-11,-2.6261245901388218e-08,3.0030602727930646e-11,1.6642607939784637e-14,3.2534235767737454e-11,1.6582670452331848e-14,1.6327493053341706e-14,1.6556104956246516e-14,1.6891459866717277e-14,1.6988822829464503e-14,1.568807149407203e-14,1.6291278542624568e-14,1.6327477743613252e-14,1.63274481731547e-14,2.8304553420766295e-11,1.9578192304227857e-14,1.587892302785177e-12,1.5878921312866838e-12,1.5464504220479133e-14,1.690338708952338e-14,1.645364011623893e-14,1.6482264701846505e-14,1.5878924037696601e-12,1.5404513686327634e-14,1.6515309191987806e-14,1.677707997213102e-14,1.7051476080064355e-14,1.6205573113571683e-14,1.618353810499939e-14,1.5937516805380074e-12,1.6419644256989084e-14,1.681980267533964e-14,1.9871444074834416e-14,1.5895106225109327e-12,1.6924290699429312e-14,1.664788761611265e-14,1.587892302785177e-12,1.589510614358936e-12,2.541810480775925e-11,2.827601181667908e-11,1.7051476080064355e-14,2.9873856337868253e-11,1.6947569773791162e-14,3.383058940708883e-09,1.6816607223720438e-14,1.5688357515555617e-14,1.568807149407203e-14,1.6776554366705328e-14,1.692428553301644e-14,1.8588043769969004e-14,1.6191226578207088e-14
-2.183221197604822e-08,1.6742094577405173e-14,1.7491317074468175e-14,1.640798038117539e-14,3.5778340057044655e-12,3.118816299229464e-11,1.7491273423091742e-14,1.6735631336173246e-14,3.0030602727930646e-11,-2.625694197109195e-08,1.7583618037172872e-14,1.7318874653044913e-14,1.7522787286828384e-14,1.7285170188114387e-14,1.749667401535007e-14,1.781532015302921e-14,1.7901253908141792e-14,1.669201712366332e-14,1.725024941328496e-14,1.7285311961007448e-14,1.7285311961007448e-14,3.0485240560802375e-11,2.0626581508999464e-14,3.577833985134584e-12,3.577833985134584e-12,1.647813768890357e-14,1.7825593692354038e-14,1.740573645354371e-14,1.7427834907975778e-14,3.577833985134584e-12,1.6433224686462954e-14,1.7461840983108896e-14,1.7703948370702506e-14,1.7962049825674147e-14,1.7171033661476443e-14,1.714891732387927e-14,3.5838447055834462e-12,1.737401486830704e-14,1.7749310794552532e-14,2.1338014074058863e-14,3.579521978142739e-12,1.7839770676679628e-14,1.7587095362489853e-14,3.577833716792074e-12,3.579522203534887e-12,2.780929112145532e-11,1.532524105756654e-14,1.796219423395387e-14,3.1957463715650585e-11,1.7862811695188577e-14,7.350239428458511e-09,1.7745746505538396e-14,1.6692110306033604e-14,1.669201712366332e-14,1.7704199446581445e-14,1.7839770676679628e-14,1.970893007876407e-14,1.715993707977974e-14
-1.8293449621100257e-08,3.604485059069768e-11,1.8794914575079537e-14,1.7825719864356887e-14,5.3422383665728244e-12,1.7159323063279703e-14,1.8794452527978973e-14,1.812308908222445e-14,1.6642607939784637e-14,1.7583618037172872e-14,-2.625149263775912e-08,1.8645701342732427e-14,1.882178260037815e-14,1.8607580196726813e-14,1.8794396534044127e-14,1.9090476554922124e-14,1.916101514813431e-14,1.807850613068664e-14,1.8575008148887374e-14,1.8608342702998183e-14,1.8608342702998183e-14,1.6842180902634344e-14,2.2074308711124912e-14,5.342238122462127e-12,5.342238113805964e-12,3.556215316844101e-11,1.9098725034862775e-14,1.8719984597859594e-14,1.8732638839683336e-14,5.342238279100825e-12,1.78540380241899e-14,1.8768791655253643e-14,1.89840524756852e-14,1.9217556838869345e-14,1.8503276912768014e-14,1.8481707307074346e-14,5.3484566358979055e-12,1.869113241893998e-14,1.90320516920289e-14,2.3364045909645236e-14,5.344022386535814e-12,1.9104098785552725e-14,1.8883114009759388e-14,5.342238296676233e-12,5.344022386535814e-12,1.5644020226255458e-14,1.685703356085751e-14,1.921725512361794e-14,1.7514717567516275e-14,1.912730904700422e-14,1.087092296725903e-08,1.902859540722743e-14,1.807850613068664e-14,1.8078537638695573e-14,1.898455348390702e-14,1.9104098785552725e-14,2.1257559184204998e-14,1.849717791731479e-14
-1.4074911554299706e-08,1.7867910028445212e-14,1.8555796995803703e-14,1.7564518124235155e-14,7.464662838441858e-12,1.6885919659161176e-14,1.8555796995803703e-14,1.7868077564889413e-14,3.2534235767737454e-11,1.7318874653044913e-14,1.8645701342732427e-14,-2.6252450129300817e-08,1.8582906264839294e-14,1.836518428754797e-14,1.8556951749656883e-14,1.8857485101390976e-14,1.8929704643808438e-14,1.782364441585135e-14,1.8331577649259125e-14,1.8365184289053555e-14,1.8365184289053555e-14,1.6562457560769e-14,2.1809135683616863e-14,7.464663054213814e-12,7.464663087156802e-12,1.7621718546281218e-14,1.8865465315354498e-14,1.8479110484803538e-14,1.84928821371391e-14,7.464662873151676e-12,1.7592840126305148e-14,1.8529087352160134e-14,1.8749380711638936e-14,1.8987989692695257e-14,1.8258999905639162e-14,1.8237217376836266e-14,7.470845051647974e-12,1.8450088099950156e-14,3.738759436147064e-11,4.572749062504378e-11,7.466429873224845e-12,1.8872644689515448e-14,1.8645512347554247e-14,7.464662838441858e-12,7.4664298413054e-12,3.0502414083182163e-11,3.2965256403244124e-11,1.8987989720811087e-14,1.7248248132969633e-14,1.8895618712942544e-14,1.509355929948955e-08,1.8793362415020686e-14,1.782364441585135e-14,1.782364441585135e-14,1.8749380711638936e-14,1.8872644739161677e-14,2.0972962083804138e-14,1.8251366417397723e-14
-1.6686205929316832e-08,1.8060136216514915e-14,1.873296528871705e-14,1.7764231344983547e-14,6.151392079956097e-12,1.7098893800485706e-14,1.8732395676786055e-14,1.8061064840963333e-14,1.6582670452331848e-14,1.7522787286828384e-14,1.882178260037815e-14,1.8582906264839294e-14,-2.6251738061780004e-08,1.8545823802812836e-14,1.8732474933074075e-14,1.902838723529729e-14,1.9098925274722962e-14,1.8017473630932642e-14,1.851292553141487e-14,1.854574023848586e-14,1.8545645828937837e-14,1.6782027091189187e-14,2.2001307457199994e-14,6.151392580056827e-12,6.151392580056827e-12,1.7818535495962618e-14,1.9035206345370343e-14,1.8657728671443956e-14,1.8670758275882604e-14,6.1513923996627255e-12,1.779251858122389e-14,1.870642218786984e-14,1.8921995976920846e-14,1.9155072797418428e-14,1.844170876300579e-14,1.8420415679774755e-14,6.157596703361906e-12,1.8629314494528166e-14,1.8968792590121877e-14,2.328035874184075e-14,6.1531714285264646e-12,1.904167109236669e-14,3.7435174712648075e-11,6.151392580056827e-12,6.153171736551565e-12,1.558471519932623e-14,1.679627559115095e-14,1.9155460509384744e-14,1.7453228279782287e-14,1.9064213261350358e-14,1.2480801284629868e-08,1.8965800398161025e-14,1.8017469601117008e-14,1.8017473630932642e-14,1.8921995977008542e-14,1.9041154727936105e-14,4.213832783234686e-11,1.8434773474710216e-14
-1.8081701015022126e-08,1.7833482628421654e-14,1.8518493479610712e-14,1.753053258136999e-14,5.45220169079744e-12,1.6854705710290413e-14,1.8518580315996897e-14,1.7832546393044295e-14,1.6327493053341706e-14,1.7285170188114387e-14,1.8607580196726813e-14,1.836518428754797e-14,1.8545823802812836e-14,-2.6252594837162118e-08,1.851928220745824e-14,1.881978833476798e-14,1.889251278537349e-14,1.7788933403210707e-14,1.8295134127499433e-14,3.6456241273360126e-11,3.645624127332806e-11,1.653207771173232e-14,2.1764825855447748e-14,5.452201450821333e-12,5.45220169079744e-12,1.7587796668590004e-14,1.8827602076448822e-14,1.844160856757915e-14,1.8456821465653525e-14,5.452201442827448e-12,1.7558527865164334e-14,1.84921391994178e-14,1.8711681225013858e-14,1.8948441486851115e-14,1.8222233165889158e-14,1.8201792939214878e-14,5.458371372163595e-12,1.8412943277893938e-14,1.8759085292079976e-14,2.294566782912065e-14,5.4539645679508554e-12,1.8834143472992557e-14,1.8608223664263194e-14,5.45220169079744e-12,5.453964363397887e-12,1.5309411262256598e-14,1.654360627715805e-14,1.894844141275894e-14,1.7214762094181748e-14,1.8857878103856805e-14,1.1087731416806628e-08,1.875556902608646e-14,1.7788933403210707e-14,1.7788934428769854e-14,1.8711681225013858e-14,1.8834143472992557e-14,2.093112338516364e-14,1.8215171576552516e-14
-1.776743109562254e-08,1.8033546931478644e-14,1.87057329733004e-14,1.773771185660568e-14,5.6084761795310334e-12,1.7072548648204433e-14,1.8706858305666994e-14,1.8034223395224867e-14,1.6556104956246516e-14,1.749667401535007e-14,1.8794396534044127e-14,1.8556951749656883e-14,1.8732474933074075e-14,1.851928220745824e-14,-2.6251842961981795e-08,1.900109363619266e-14,1.9072908917982843e-14,1.7990571237357646e-14,1.848682662975465e-14,1.8519691278415063e-14,1.8519691278415063e-14,1.6755721751796465e-14,2.197082319959944e-14,5.608476429788129e-12,5.608476429788129e-12,1.7791794380740486e-14,1.900926773793549e-14,1.8630950198024703e-14,1.864399839471118e-14,5.6084764251558645e-12,3.533638790025368e-11,1.8680072246615774e-14,1.8895474073530597e-14,1.9128807548066655e-14,3.662834365543281e-11,1.8394115874441397e-14,5.614673608162384e-12,1.8603124289591643e-14,1.8942531772561992e-14,2.324383657799631e-14,5.610252609236498e-12,1.9015267517290405e-14,1.87940067671401e-14,5.608476738383171e-12,5.610252302243587e-12,1.5558208456699787e-14,1.6769285675560947e-14,1.9128807548066655e-14,1.742680859041423e-14,1.9038299950680164e-14,1.1399977464655304e-08,1.8939466906497015e-14,1.7989990747507933e-14,1.7990664336772932e-14,1.889547542774352e-14,1.9015466214532408e-14,2.1154847947461704e-14,1.8408849406066646e-14
-1.6152053387759423e-08,1.8342966039778863e-14,1.9001990298160505e-14,1.805291848319678e-14,6.4162950898617804e-12,1.7396682022506976e-14,1.900248322009965e-14,1.834518737729293e-14,1.6891459866717277e-14,1.781532015302921e-14,1.9090476554922124e-14,1.8857485101390976e-14,1.902838723529729e-14,1.881978833476798e-14,1.900109363619266e-14,-2.625067996337098e-08,1.9361995202086865e-14,1.830063060413052e-14,1.878634493020418e-14,1.8819788335318375e-14,1.8819368196791762e-14,1.708627237201962e-14,2.23040615747693e-14,6.4162950898617804e-12,6.4162950898617804e-12,1.8103628747172497e-14,1.9301966046667944e-14,1.892940161964063e-14,3.7674400767396145e-11,6.4162953889691025e-12,1.8082339625697433e-14,1.89780560489712e-14,1.9187788824684356e-14,1.9417236749964263e-14,1.8716015710835897e-14,1.8694925135601886e-14,6.422546343960318e-12,1.8901174034363018e-14,1.923623402894606e-14,2.3690011445006748e-14,6.418095252616516e-12,1.9305134525762926e-14,1.9089921839851365e-14,6.4162950898617804e-12,6.418095252616516e-12,1.5912949954739422e-14,1.7103880636448598e-14,1.9417832947814235e-14,1.774669384984106e-14,1.9328655241230892e-14,1.3010034628656792e-08,1.923299887124593e-14,1.8300266967891068e-14,1.830063060413052e-14,1.9188272605370805e-14,1.9304939308421558e-14,2.1504512893523365e-14,1.871098371954765e-14
-1.4249622362691417e-08,1.8421962784360405e-14,1.9074095235477693e-14,1.8135731580762012e-14,7.3721890242591e-12,1.748735097618328e-14,1.9073502972179632e-14,1.842484346507126e-14,1.6988822829464503e-14,1.7901253908141792e-14,1.916101514813431e-14,1.8929704643808438e-14,1.9098925274722962e-14,1.889251278537349e-14,1.9072908917982843e-14,1.9361995202086865e-14,-2.6250413775379118e-08,1.8380148360914976e-14,1.8860191888995985e-14,1.8892163764077014e-14,1.8892163764077014e-14,1.7180188837265953e-14,2.2380058914208272e-14,7.372188876483192e-12,7.3721890242591e-12,1.8185365283213372e-14,1.936885489160305e-14,1.9001902856374615e-14,1.9012139495923627e-14,7.372188876483192e-12,1.816521055777435e-14,1.904910095769745e-14,1.925653992411972e-14,1.948380574721756e-14,1.8790733135608407e-14,1.8770277629214267e-14,7.378446836706874e-12,1.8974073649427877e-14,1.9305240166920813e-14,4.7363015618231533e-11,7.37399292712975e-12,1.9372105780812965e-14,1.9159803608073264e-14,7.3721890242591e-12,7.373992862731604e-12,1.602266011972938e-14,1.719882329899304e-14,1.948380574721756e-14,1.783355808688193e-14,1.9395373502808463e-14,1.4912892365992674e-08,1.9301021950177788e-14,1.8380758338194773e-14,1.8380353762533192e-14,1.925653992411972e-14,1.9372105780812965e-14,2.1591092249554628e-14,1.8785846524641006e-14
-1.8935458391884138e-08,1.7267814355495816e-14,1.7987747200360174e-14,1.6948478234014378e-14,5.02836868507094e-12,1.6244725789723607e-14,1.7987751381363258e-14,1.7263172686695057e-14,1.568807149407203e-14,1.669201712366332e-14,1.807850613068664e-14,1.782364441585135e-14,1.8017473630932642e-14,1.7788933403210707e-14,1.7990571237357646e-14,1.830063060413052e-14,1.8380148360914976e-14,-2.6254805808567573e-08,1.7754667937626597e-14,1.7788933401083168e-14,1.7788933403210707e-14,1.5906442154894538e-14,2.117685547980939e-14,5.02836868507094e-12,5.028368682153249e-12,1.7012709828469908e-14,1.8310165705061245e-14,1.7905979054376653e-14,1.7925036468174672e-14,5.028369119585902e-12,1.697463068496241e-14,1.7959171699105657e-14,1.819064821398686e-14,1.8438723081688113e-14,1.7678204333488883e-14,1.7656845976384607e-14,5.034458217210911e-12,1.787563531435118e-14,1.823665390494468e-14,2.2110506612718167e-14,5.030093472217907e-12,1.8320694872273195e-14,1.8080005241030192e-14,5.02836868507094e-12,5.03009317720315e-12,2.9073016830516902e-11,3.16440915708704e-11,1.8439000944074973e-14,1.6619767834254704e-14,1.8343785871792843e-14,1.0240612121851732e-08,1.8234051446659543e-14,3.425112607037716e-11,3.4251126070328015e-11,1.819053672677318e-14,1.8321086601848365e-14,2.0298710834681573e-14,1.7669166201706846e-14
-1.6402773541688652e-08,1.7799345352375863e-14,1.8485787758674458e-14,1.749628993076012e-14,6.296386910122893e-12,1.6819839048471797e-14,1.8485697441602088e-14,1.7798573730885733e-14,1.6291278542624568e-14,1.725024941328496e-14,1.8575008148887374e-14,1.8331577649259125e-14,1.851292553141487e-14,1.8295134127499433e-14,1.848682662975465e-14,1.878634493020418e-14,1.8860191888995985e-14,1.7754667937626597e-14,-2.6252730903459616e-08,1.829553524166011e-14,1.8295688520026138e-14,1.649615587108761e-14,2.1727616102818877e-14,6.2963868804992964e-12,6.2963866189292755e-12,1.7553652361559424e-14,3.738335943706e-11,1.8408975577089222e-14,1.842280693993946e-14,6.2963868804992964e-12,3.4854726741359476e-11,1.845934092662852e-14,1.8678993482164442e-14,1.891670154738031e-14,1.819001822355619e-14,1.816801240730498e-14,6.302551074722592e-12,1.837976711545509e-14,1.872613390433744e-14,4.5542542038617236e-11,6.298147439758955e-12,1.88019642929141e-14,3.694646962666605e-11,6.2963866189292755e-12,6.298147439758955e-12,1.527194217678557e-14,1.6507581406135492e-14,1.891670154738031e-14,1.7180292145705566e-14,1.882571585385184e-14,1.2767636625132136e-08,1.872312174232936e-14,1.7754493679758052e-14,1.775474219468217e-14,1.8679241917755492e-14,1.88019642929141e-14,2.089233712068405e-14,1.818213812589586e-14
-1.808169188971155e-08,1.7833482628421654e-14,1.8518493479610712e-14,1.753053258136999e-14,5.452201178804692e-12,1.6854889415670147e-14,1.8518493479610712e-14,1.7832546393044295e-14,1.6327477743613252e-14,1.7285311961007448e-14,1.8608342702998183e-14,1.8365184289053555e-14,1.854574023848586e-14,3.6456241273360126e-11,1.8519691278415063e-14,1.8819788335318375e-14,1.8892163764077014e-14,1.7788933401083168e-14,1.829553524166011e-14,-2.6252594837162118e-08,3.645624127322902e-11,1.65316820582265e-14,2.1764856676267653e-14,5.452201178804692e-12,5.4522005517281314e-12,1.7587796561806122e-14,1.882755170665458e-14,1.8442182623359023e-14,1.8456821465653525e-14,5.452201296359501e-12,1.7558179818054826e-14,1.84921391994178e-14,1.871157744276331e-14,1.894844141275888e-14,1.8222865255604317e-14,1.8201363237346112e-14,5.458371320099879e-12,1.8412943277893938e-14,1.8759085292079976e-14,2.2946039097905365e-14,5.453964468736131e-12,1.8834143472992557e-14,1.8608033562458112e-14,5.452200869329485e-12,5.45396444939172e-12,1.530943247190559e-14,1.6543327509376712e-14,1.894844141275894e-14,1.7214762094181748e-14,1.885720196840684e-14,1.1087730630672626e-08,1.875556902608646e-14,1.7788934428769854e-14,1.7788933403210707e-14,1.871157744276331e-14,1.8834417050914033e-14,2.093080347129173e-14,1.8215279151402156e-14
-1.808170105497528e-08,1.7833482628421654e-14,1.8518493479610712e-14,1.7530393928558775e-14,5.45220157224697e-12,1.6854889415670147e-14,1.8518493479610712e-14,1.783307778808423e-14,1.63274481731547e-14,1.7285311961007448e-14,1.8608342702998183e-14,1.8365184289053555e-14,1.8545645828937837e-14,3.645624127332806e-11,1.8519691278415063e-14,1.8819368196791762e-14,1.8892163764077014e-14,1.7788933403210707e-14,1.8295688520026138e-14,3.645624127322902e-11,-2.6252594837162118e-08,1.6531713356508168e-14,2.1764623359250747e-14,5.45220157224697e-12,5.452201316142236e-12,1.7587796668590004e-14,1.8827602106939555e-14,1.844160856757915e-14,1.8456821465653525e-14,5.45220157224697e-12,1.7558179818054826e-14,1.84921391994178e-14,1.871157744276331e-14,1.8948441486851115e-14,1.8222865255604317e-14,1.8201363249163832e-14,5.4583712706035955e-12,1.8412943277893938e-14,1.8759085292079976e-14,2.294566782912065e-14,5.453964352903444e-12,1.8834143472992557e-14,1.8608223664263194e-14,5.452201652393657e-12,5.453964126607281e-12,1.5309483489836308e-14,1.6543215759843862e-14,1.8948441491075544e-14,1.7214762094181748e-14,1.885720196840684e-14,1.1087730665509184e-08,1.8756001772136055e-14,1.7788933401083168e-14,1.7788933403210707e-14,1.8711681225013858e-14,1.883430761010996e-14,2.093122251164702e-14,1.821517149762624e-14
-2.608387018353293e-08,1.5958724159222036e-14,1.6748427994415313e-14,1.560531369702485e-14,1.4497472009967185e-12,2.9529743512681594e-11,1.6748270546622768e-14,3.1718011536842606e-11,2.8304553420766295e-11,3.0485240560802375e-11,1.6842180902634344e-14,1.6562457560769e-14,1.6782027091189187e-14,1.653207771173232e-14,1.6755721751796465e-14,1.708627237201962e-14,1.7180188837265953e-14,1.5906442154894538e-14,1.649615587108761e-14,1.65316820582265e-14,1.6531713356508168e-14,-2.6260257343778507e-08,1.979839418065431e-14,1.449747100410392e-12,1.4497472009967185e-12,1.5685129803184546e-14,1.7097859965649454e-14,1.665615479285108e-14,1.6683622321272738e-14,1.4497471965991499e-12,1.5628354630008065e-14,1.6716974145826608e-14,1.6972295811744497e-14,1.7242230418633387e-14,1.641204680016417e-14,1.639017320547234e-14,1.4556336738228507e-12,1.662344172400601e-14,1.7015992692108048e-14,2.0194690989950122e-14,1.451379452610642e-12,1.7117211619360746e-14,1.6846949288595377e-14,1.449747100410392e-12,1.4513794232824938e-12,2.5961506197716368e-11,2.8766531844918437e-11,1.7242344952263576e-14,3.0330829224984894e-11,1.714026580392436e-14,3.1093577662150365e-09,1.7013374540785188e-14,1.5905349733789165e-14,1.5906442155005222e-14,1.6972711243699335e-14,1.711699892622907e-14,1.8827440108188822e-14,1.6398692090103352e-14
-2.159050074701684e-08,2.1224844552370594e-14,2.1973003745509353e-14,2.089668334299856e-14,3.719910412275945e-12,2.015031939421306e-14,2.1973003745509353e-14,2.122839153780554e-14,1.9578192304227857e-14,2.0626581508999464e-14,2.2074308711124912e-14,2.1809135683616863e-14,2.2001307457199994e-14,2.1764825855447748e-14,2.197082319959944e-14,2.23040615747693e-14,2.2380058914208272e-14,2.117685547980939e-14,2.1727616102818877e-14,2.1764856676267653e-14,2.1764623359250747e-14,1.979839418065431e-14,-2.6237776180015165e-08,3.7199103928584646e-12,3.719910376113728e-12,2.0952558082796602e-14,2.2311893717568874e-14,2.1890674911260523e-14,2.190238763735251e-14,3.7199103761144395e-12,2.0930150502798147e-14,2.194415143509088e-14,2.218270705526205e-14,2.2442877743919938e-14,2.1647429184533284e-14,2.162320951919064e-14,7.4174629640581015e-09,2.1858822059110435e-14,2.2238443040607074e-14,2.744345737160555e-14,3.721987834163867e-12,2.231499055869739e-14,2.2071675522661306e-14,3.719910412275945e-12,3.7219876268218175e-12,1.846981051012959e-14,1.982046861026666e-14,2.2442877743919938e-14,2.0548232191690386e-14,2.2341819014392124e-14,7.68003656976641e-09,2.223382459853802e-14,2.1177129575948632e-14,2.117685550267636e-14,2.2182495244126237e-14,2.2314426847289627e-14,2.487505842850485e-14,2.164163728124505e-14
1.0000001103797258,5.666600472633089e-12,5.516568454615268e-12,5.561609115364512e-12,1.0000001800618945,1.7989261389427436e-12,5.516567379560891e-12,6.0332073819938904e-12,1.587892302785177e-12,3.577833985134584e-12,5.342238122462127e-12,7.464663054213814e-12,6.151392580056827e-12,5.452201450821333e-12,5.608476429788129e-12,6.4162950898617804e-12,7.372188876483192e-12,5.02836868507094e-12,6.2963868804992964e-12,5.452201178804692e-12,5.45220157224697e-12,1.449747100410392e-12,3.7199103928584646e-12,1.0000001537728238,1.0000001800618945,4.862257304943858e-12,6.3572913268722626e-12,6.146256299917247e-12,6.520568213456827e-12,1.0000001800618938,4.9533787451588085e-12,6.718497074861976e-12,6.18653491743556e-12,6.661362443210151e-12,4.985003659397255e-12,5.878328639119681e-12,1.000000179228232,6.881182437502818e-12,6.564603923826113e-12,6.769693800648007e-12,1.0000001796522875,6.191817582724539e-12,5.955959479189974e-12,1.0000001800618943,1.0000001796522862,4.0004814543705883e-13,3.3762718742280082e-12,6.6613613823971484e-12,3.0713130000802893e-12,5.99732366706707e-12,1.0000001656193738,6.494918699213511e-12,5.028368623370135e-12,5.028369709181603e-12,6.1865346037671474e-12,6.191818173399364e-12,4.557754750101437e-12,5.200575276023946e-12
1.0000001103797274,5.666600420744029e-12,5.516568204243879e-12,5.561609218252932e-12,1.000000180061895,1.7989261622450615e-12,5.516567257309854e-12,6.033207576510393e-12,1.5878921312866838e-12,3.577833985134584e-12,5.342238113805964e-12,7.464663087156802e-12,6.151392580056827e-12,5.45220169079744e-12,5.608476429788129e-12,6.4162950898617804e-12,7.3721890242591e-12,5.028368682153249e-12,6.2963866189292755e-12,5.4522005517281314e-12,5.452201316142236e-12,1.4497472009967185e-12,3.719910376113728e-12,1.0000001800618945,1.0000001537728285,4.862256899067618e-12,6.3572909751232835e-12,6.146255474274388e-12,6.520568292265661e-12,1.0000001800618938,4.9533787451588085e-12,6.7184973947761264e-12,6.186535213019337e-12,6.66136200210611e-12,4.985003409590454e-12,5.8783287650952236e-12,1.0000001792282323,6.8811821755848745e-12,6.564603571243376e-12,6.769693800466543e-12,1.000000179652288,6.191818042043189e-12,5.955959479189974e-12,1.0000001800618943,1.0000001796522866,4.0004887781575946e-13,3.3762720646847606e-12,6.6613613847183885e-12,3.0713130000802893e-12,5.9973236121372524e-12,1.0000001656193738,6.494918435179794e-12,5.0283688364845825e-12,5.028369286573286e-12,6.186534588184507e-12,6.191817790678283e-12,4.557755230686901e-12,5.200575589506432e-12
-1.927136842283929e-08,3.393281557300105e-11,1.7788351810299837e-14,3.328983382343605e-11,4.862256861137231e-12,1.602807009795407e-14,1.7788518351881067e-14,1.7054904450369754e-14,1.5464504220479133e-14,1.647813768890357e-14,3.556215316844101e-11,1.7621718546281218e-14,1.7818535495962618e-14,1.7587796668590004e-14,1.7791794380740486e-14,1.8103628747172497e-14,1.8185365283213372e-14,1.7012709828469908e-14,1.7553652361559424e-14,1.7587796561806122e-14,1.7587796668590004e-14,1.5685129803184546e-14,2.0952558082796602e-14,4.862257304943858e-12,4.862256899067618e-12,-2.6255629892181436e-08,1.811362488761648e-14,1.7705202153649733e-14,1.7724561495212146e-14,4.862256639291964e-12,1.6763495379880047e-14,1.7759571136349697e-14,1.7994152363915427e-14,1.824497757513918e-14,1.747640799148687e-14,3.4716800043407374e-11,4.868309226877032e-12,1.7674404997555744e-14,1.803987152583292e-14,4.3383771439603193e-11,4.8639653242362704e-12,1.8125937123385842e-14,1.788134758938305e-14,4.86225725663934e-12,4.863965373203356e-12,1.4382103713898474e-14,1.5687517258565923e-14,1.824497757513918e-14,1.6404815904186193e-14,1.8149038640756407e-14,9.908454544138726e-09,1.803668003185089e-14,1.7012542501236143e-14,1.701273216225026e-14,1.799415240614322e-14,1.812593712260598e-14,2.0063362831014656e-14,1.7466070304305714e-14
-1.6269560286482575e-08,1.835224574787863e-14,1.9010862569194933e-14,1.806234799016346e-14,6.357291036530283e-12,1.7407558355960423e-14,1.9010862569194933e-14,1.835459405591897e-14,1.690338708952338e-14,1.7825593692354038e-14,1.9098725034862775e-14,1.8865465315354498e-14,1.9035206345370343e-14,1.8827602076448822e-14,1.900926773793549e-14,1.9301966046667944e-14,1.936885489160305e-14,1.8310165705061245e-14,3.738335943706e-11,1.882755170665458e-14,1.8827602106939555e-14,1.7097859965649454e-14,2.2311893717568874e-14,6.3572913268722626e-12,6.3572909751232835e-12,1.811362488761648e-14,-2.6250646741757427e-08,1.8937707913216363e-14,1.8948858271622554e-14,6.357291341321139e-12,1.8092217353185933e-14,1.8985500069994428e-14,1.9195793288075758e-14,1.9424537275759782e-14,1.8724436067253545e-14,1.8703780188202985e-14,6.363543028108615e-12,1.8909673377113678e-14,1.9244021291956907e-14,2.3704937355611444e-14,6.359090898453854e-12,1.931224093248486e-14,1.9098345121879666e-14,6.357291036530283e-12,6.359090805181923e-12,1.5927085129141067e-14,1.7115917104817463e-14,1.9424537275759782e-14,1.7757409580623154e-14,1.9335485586210315e-14,1.2892621381618015e-08,1.9239732421722692e-14,1.8310166145477968e-14,1.831016571957402e-14,1.9195793134923222e-14,1.931224093270503e-14,2.1514527786687225e-14,1.8718951094352505e-14
-1.6697635949911664e-08,1.7950133368991402e-14,1.8630783439901483e-14,1.764964617740345e-14,6.146256197053561e-12,1.6977437145963222e-14,1.8630783355783245e-14,1.7949811579177443e-14,1.645364011623893e-14,1.740573645354371e-14,1.8719984597859594e-14,1.8479110484803538e-14,1.8657728671443956e-14,1.844160856757915e-14,1.8630950198024703e-14,1.892940161964063e-14,1.9001902856374615e-14,1.7905979054376653e-14,1.8408975577089222e-14,1.8442182623359023e-14,1.844160856757915e-14,1.665615479285108e-14,2.1890674911260523e-14,6.146256299917247e-12,6.146255474274388e-12,1.7705202153649733e-14,1.8937707913216363e-14,-2.6252148614582265e-08,1.85689728364827e-14,6.146255540459619e-12,1.7677623470238407e-14,1.8605051879100617e-14,3.743850504687833e-11,1.905886537296426e-14,1.833622357970832e-14,1.83152503909175e-14,6.152446263296048e-12,1.8526081972658983e-14,1.8870187482242543e-14,2.311416436083807e-14,6.148027385259536e-12,1.8944002656193246e-14,1.8719784448097732e-14,6.146255474274388e-12,6.148027702320896e-12,1.5443034821169948e-14,1.666931838444622e-14,1.905886537296426e-14,1.7335289574330158e-14,1.8967407451414202e-14,1.2469958837425506e-08,1.886561363783302e-14,1.7906423536365468e-14,1.7905831246375904e-14,3.74385050470623e-11,1.8944002621330958e-14,2.1063515703795742e-14,1.832940424112784e-14
-1.5953679376268333e-08,1.796792520005438e-14,1.8644531013380228e-14,3.514564850925385e-11,6.5205681712578e-12,1.7002092115470937e-14,1.8644531013380228e-14,1.7968469679860068e-14,1.6482264701846505e-14,1.7427834907975778e-14,1.8732638839683336e-14,1.84928821371391e-14,1.8670758275882604e-14,1.8456821465653525e-14,1.864399839471118e-14,3.7674400767396145e-11,1.9012139495923627e-14,1.7925036468174672e-14,1.842280693993946e-14,1.8456821465653525e-14,1.8456821465653525e-14,1.6683622321272738e-14,2.190238763735251e-14,6.520568213456827e-12,6.520568292265661e-12,1.7724561495212146e-14,1.8948858271622554e-14,1.85689728364827e-14,-2.625209233898344e-08,6.52056799040049e-12,1.7698269751867054e-14,1.861897135394122e-14,1.8834690829567026e-14,1.9068690407727767e-14,1.8351678408502084e-14,1.8330419572985546e-14,6.526756446790723e-12,1.8540154242181686e-14,1.8881647158701463e-14,4.6039050189471436e-11,6.522340504827815e-12,1.89547709082344e-14,1.8732879643940065e-14,6.520568213456828e-12,6.522340504827815e-12,1.547891787775432e-14,1.6696857374299838e-14,1.9068745768983223e-14,1.735767022196928e-14,1.8977462351288364e-14,1.321487983247976e-08,1.8878555769320892e-14,1.7925036468174672e-14,1.792453887863207e-14,1.8834741095662775e-14,1.8954929741959865e-14,2.1080803171208026e-14,1.834498404361259e-14
1.000000110379721,5.666600420744048e-12,5.516568454615268e-12,5.561609085541942e-12,1.0000001800618934,1.7989261622450615e-12,5.516567379560891e-12,6.033207576510393e-12,1.5878924037696601e-12,3.577833985134584e-12,5.342238279100825e-12,7.464662873151676e-12,6.1513923996627255e-12,5.452201442827448e-12,5.6084764251558645e-12,6.4162953889691025e-12,7.372188876483192e-12,5.028369119585902e-12,6.2963868804992964e-12,5.452201296359501e-12,5.45220157224697e-12,1.4497471965991499e-12,3.7199103761144395e-12,1.0000001800618938,1.0000001800618938,4.862256639291964e-12,6.357291341321139e-12,6.146255540459619e-12,6.52056799040049e-12,1.0000001537728278,4.9533787451588085e-12,6.718496908627685e-12,6.186535075494382e-12,6.661362443210151e-12,4.985003478155314e-12,5.8783284573412824e-12,1.0000001792282314,6.8811822801341344e-12,6.5646038959416035e-12,6.769693508569625e-12,1.0000001796522877,6.191817900384759e-12,5.955959832207692e-12,1.0000001800618932,1.0000001796522855,4.0004816584572964e-13,3.3762718353433777e-12,6.661361573330634e-12,3.0713128903110903e-12,5.997323701134139e-12,1.0000001656193733,6.494918769183007e-12,5.028368566870033e-12,5.028369708132423e-12,6.186534588184507e-12,6.1918182625792364e-12,4.557755230682955e-12,5.2005757556056875e-12
