1.0000000040409547,1.8270110287350558e-06,1.0000040909562264,1.8334571641465218e-06,1.8334571645544082e-06,1.0000040909562284,1.0000040909562289,1.8334571639571924e-06,1.8334571640866444e-06,1.0000040909562298,1.0000040909562273,1.8334571635115747e-06,1.0000040909562289,1.0000040909562262,1.8334571639450228e-06,1.0000040909562289,1.0000040909562269,1.0000040491446063,1.0000040909562269,1.0000040909562293,1.000004090956225,1.000004090956227,1.0000040909562289,1.000004090956228,1.0000040909562289,1.0000040909562293,1.0000040909562264,1.0000040889480655,1.0000040909562293,1.841249056928258e-06,1.0000040909562278,1.0000040909562293,1.8334571633694798e-06,1.0000040636791891
1.8270110287350558e-06,9.546174251072843e-07,7.380671794627991e-11,1.127531834987455e-17,1.1207160735811742e-17,7.380671786760568e-11,7.380671796644104e-11,1.1282138903032575e-17,1.1265381534591175e-17,7.380671792871508e-11,7.380671798098487e-11,1.1282138903032575e-17,7.380671793810583e-11,7.380671793060334e-11,1.1258008353290656e-17,7.380671793060334e-11,7.380671798098487e-11,7.38067148839881e-11,7.380671798098487e-11,7.380671788201576e-11,7.380671788201576e-11,7.380671793060334e-11,7.380671793483343e-11,7.380671796192221e-11,7.380671793060334e-11,7.380671796192221e-11,7.380671793060334e-11,7.38067177484173e-11,7.380671793810583e-11,1.194176180316374e-17,7.380671793060334e-11,7.380671796192221e-11,1.1322730889210804e-17,1.4634520297294084e-07
1.0000040909562264,7.380671794627991e-11,1.000004424289678,7.705772187810207e-11,7.705772173691148e-11,1.000003469672515,1.000003469672518,7.705772138647081e-11,7.705772188558552e-11,1.0000034696725155,1.0000034696725155,7.705772150559391e-11,1.0000034696725173,1.000003469672516,7.705772153202335e-11,1.0000034696725162,1.0000034696725166,1.0000034278608652,1.0000034696725166,1.0000034696725153,1.0000034696725142,1.000003469672516,1.0000034696725173,1.0000034696725169,1.0000034696725173,1.0000034696725153,1.0000034696725153,1.000003467664355,1.0000034696725175,8.098743353749759e-11,1.0000034696725157,1.0000034696725149,7.705772108579852e-11,1.0000034423954598
1.8334571641465218e-06,1.127531834987455e-17,7.705772187810207e-11,9.546174271143947e-07,2.3435299609139168e-14,7.705772197037458e-11,7.705772196458264e-11,2.343529947734683e-14,2.3435299641169877e-14,7.70577219005477e-11,7.705772189817624e-11,2.343529953913712e-14,7.70577219005477e-11,7.705772193807133e-11,2.343529951212075e-14,7.705772189817624e-11,7.705772189538451e-11,1.527913462485758e-07,7.70577219005477e-11,7.705772193807133e-11,7.705772193807133e-11,7.70577219005477e-11,7.705772194287583e-11,7.70577219005477e-11,7.70577219005477e-11,7.705772194251437e-11,7.70577219005477e-11,7.705772188802484e-11,7.70577219005477e-11,2.4630348101904833e-14,7.70577219005477e-11,7.705772202029545e-11,2.3435299431763086e-14,1.5279134844921926e-07
1.8334571645544082e-06,1.1207160735811742e-17,7.705772173691148e-11,2.3435299609139168e-14,9.546174271143947e-07,7.705772169207883e-11,7.705772170694986e-11,2.343529945911049e-14,2.343529962293353e-14,7.705772168918163e-11,7.705772177839364e-11,2.343529952090079e-14,7.705772173319633e-11,7.705772177839364e-11,2.343529949388442e-14,7.705772165892318e-11,7.705772168918163e-11,1.5279134572646444e-07,7.705772176425179e-11,7.705772173319633e-11,7.705772165892318e-11,7.705772169764158e-11,7.705772165892318e-11,7.705772169764158e-11,7.705772169764158e-11,7.705772176425179e-11,7.705772178064043e-11,7.70577215781347e-11,7.705772165892318e-11,2.463034808267033e-14,7.705772165892318e-11,7.705772169764158e-11,2.3435299413526743e-14,1.5279134792710792e-07
1.0000040909562284,7.380671786760568e-11,1.000003469672515,7.705772197037458e-11,7.705772169207883e-11,1.0000044242896813,1.0000034696725162,7.705772134762574e-11,7.705772188558552e-11,1.0000034696725155,1.0000034696725144,7.705772150513151e-11,1.000003469672516,1.000003469672516,7.705772158171056e-11,1.0000034696725162,1.000003469672516,1.0000034278608632,1.000003469672516,1.0000034696725153,1.000003469672514,1.000003469672516,1.0000034696725157,1.000003469672516,1.0000034696725155,1.000003469672516,1.000003469672515,1.0000034676643546,1.0000034696725155,8.098743352830165e-11,1.0000034696725149,1.0000034696725155,7.705772111242121e-11,1.0000034423954591
1.0000040909562289,7.380671796644104e-11,1.000003469672518,7.705772196458264e-11,7.705772170694986e-11,1.0000034696725162,1.000004424289679,7.705772137627366e-11,7.705772185435371e-11,1.0000034696725169,1.0000034696725177,7.70577215706427e-11,1.0000034696725184,1.0000034696725182,7.70577215468547e-11,1.0000034696725173,1.000003469672518,1.0000034278608658,1.0000034696725175,1.0000034696725173,1.0000034696725155,1.000003469672518,1.0000034696725175,1.0000034696725182,1.0000034696725186,1.000003469672518,1.000003469672518,1.0000034676643557,1.0000034696725173,8.098743351293781e-11,1.000003469672516,1.000003469672516,7.705772113472039e-11,1.000003442395462
1.8334571639571924e-06,1.1282138903032575e-17,7.705772138647081e-11,2.343529947734683e-14,2.343529945911049e-14,7.705772134762574e-11,7.705772137627366e-11,9.546174271143947e-07,2.3435299491141183e-14,7.705772140166024e-11,7.705772135557458e-11,2.3435299389108446e-14,7.705772136955271e-11,7.705772140711587e-11,2.3435299362092084e-14,7.705772135265347e-11,7.705772138670781e-11,1.5279134510387357e-07,7.705772132173382e-11,7.705772132173382e-11,7.705772132173382e-11,7.705772132173382e-11,7.705772138064275e-11,7.705772140711587e-11,7.705772135265347e-11,7.705772140711587e-11,7.705772141160929e-11,7.705772118436933e-11,7.705772138064275e-11,2.4630347944146883e-14,7.705772140711587e-11,7.705772140711587e-11,2.3435299281734405e-14,1.5279134730451697e-07
1.8334571640866444e-06,1.1265381534591175e-17,7.705772188558552e-11,2.3435299641169877e-14,2.343529962293353e-14,7.705772188558552e-11,7.705772185435371e-11,2.3435299491141183e-14,9.546174271143947e-07,7.705772178937908e-11,7.705772188558552e-11,2.34352995529315e-14,7.705772183277823e-11,7.705772183127222e-11,2.3435299525915093e-14,7.705772179116372e-11,7.705772179038848e-11,1.527913459501054e-07,7.705772183277807e-11,7.705772178942073e-11,7.705772177190261e-11,7.705772183127222e-11,7.705772183127222e-11,7.70577217835106e-11,7.705772183127222e-11,7.705772179038848e-11,7.705772184811587e-11,7.705772169185611e-11,7.705772183127222e-11,2.463034811637562e-14,7.705772177190261e-11,7.705772183127222e-11,2.3435299445557427e-14,1.527913481507491e-07
1.0000040909562298,7.380671792871508e-11,1.0000034696725155,7.70577219005477e-11,7.705772168918163e-11,1.0000034696725155,1.0000034696725169,7.705772140166024e-11,7.705772178937908e-11,1.0000044242896802,1.0000034696725162,7.70577215706427e-11,1.0000034696725175,1.0000034696725166,7.705772145933931e-11,1.000003469672516,1.0000034696725157,1.0000034278608643,1.0000034696725169,1.0000034696725155,1.0000034696725144,1.0000034696725169,1.0000034696725157,1.0000034696725177,1.0000034696725175,1.0000034696725157,1.0000034696725157,1.0000034676643548,1.0000034696725155,8.098743355054021e-11,1.0000034696725164,1.000003469672516,7.705772117769982e-11,1.0000034423954602
1.0000040909562273,7.380671798098487e-11,1.0000034696725155,7.705772189817624e-11,7.705772177839364e-11,1.0000034696725144,1.0000034696725177,7.705772135557458e-11,7.705772188558552e-11,1.0000034696725162,1.0000044242896797,7.70577215211693e-11,1.0000034696725177,1.0000034696725162,7.705772157519086e-11,1.0000034696725164,1.0000034696725162,1.0000034278608652,1.0000034696725166,1.0000034696725155,1.0000034696725146,1.0000034696725164,1.0000034696725177,1.0000034696725173,1.0000034696725177,1.0000034696725162,1.0000034696725155,1.0000034676643552,1.0000034696725175,8.098743354981143e-11,1.0000034696725155,1.000003469672516,7.705772111242121e-11,1.0000034423954598
1.8334571635115747e-06,1.1282138903032575e-17,7.705772150559391e-11,2.343529953913712e-14,2.343529952090079e-14,7.705772150513151e-11,7.70577215706427e-11,2.3435299389108446e-14,2.34352995529315e-14,7.70577215706427e-11,7.70577215211693e-11,9.546174271143947e-07,7.705772150559391e-11,7.705772153598849e-11,2.3435299423882372e-14,7.705772150649831e-11,7.705772153598849e-11,1.527913453713908e-07,7.7057721452576e-11,7.705772157728035e-11,7.705772155566283e-11,7.705772155566283e-11,7.705772150722506e-11,7.705772150559391e-11,7.705772150649831e-11,7.705772152319493e-11,7.705772150513151e-11,7.705772137570322e-11,7.705772150649831e-11,2.463034800908926e-14,7.705772155566283e-11,7.705772156704331e-11,2.343529934352468e-14,1.5279134757203427e-07
1.0000040909562289,7.380671793810583e-11,1.0000034696725173,7.70577219005477e-11,7.705772173319633e-11,1.000003469672516,1.0000034696725184,7.705772136955271e-11,7.705772183277823e-11,1.0000034696725175,1.0000034696725177,7.705772150559391e-11,1.0000044242896797,1.0000034696725184,7.705772158171056e-11,1.0000034696725169,1.0000034696725175,1.0000034278608654,1.000003469672518,1.0000034696725162,1.000003469672516,1.0000034696725177,1.0000034696725184,1.000003469672516,1.0000034696725173,1.0000034696725173,1.0000034696725173,1.0000034676643548,1.000003469672518,8.098743352830165e-11,1.0000034696725162,1.0000034696725175,7.705772117812976e-11,1.0000034423954611
1.0000040909562262,7.380671793060334e-11,1.000003469672516,7.705772193807133e-11,7.705772177839364e-11,1.000003469672516,1.0000034696725182,7.705772140711587e-11,7.705772183127222e-11,1.0000034696725166,1.0000034696725162,7.705772153598849e-11,1.0000034696725184,1.0000044242896806,7.705772148521841e-11,1.000003469672517,1.0000034696725166,1.0000034278608654,1.0000034696725173,1.0000034696725164,1.000003469672515,1.0000034696725166,1.000003469672518,1.0000034696725177,1.0000034696725184,1.0000034696725166,1.000003469672516,1.0000034676643559,1.0000034696725177,8.098743354981143e-11,1.0000034696725162,1.0000034696725166,7.705772104548578e-11,1.0000034423954598
1.8334571639450228e-06,1.1258008353290656e-17,7.705772153202335e-11,2.343529951212075e-14,2.343529949388442e-14,7.705772158171056e-11,7.70577215468547e-11,2.3435299362092084e-14,2.3435299525915093e-14,7.705772145933931e-11,7.705772157519086e-11,2.3435299423882372e-14,7.705772158171056e-11,7.705772148521841e-11,9.546174271143947e-07,7.705772152143694e-11,7.70577215237004e-11,1.5279134537168294e-07,7.705772149134539e-11,7.705772161026687e-11,7.705772161026687e-11,7.705772157804451e-11,7.705772154058939e-11,7.70577215237004e-11,7.705772149290535e-11,7.705772160970209e-11,7.70577215237004e-11,7.705772138946384e-11,7.705772154058939e-11,2.463034798072486e-14,7.70577216008497e-11,7.70577216008497e-11,2.34352993165083e-14,1.5279134757232653e-07
1.0000040909562289,7.380671793060334e-11,1.0000034696725162,7.705772189817624e-11,7.705772165892318e-11,1.0000034696725162,1.0000034696725173,7.705772135265347e-11,7.705772179116372e-11,1.000003469672516,1.0000034696725164,7.705772150649831e-11,1.0000034696725169,1.000003469672517,7.705772152143694e-11,1.0000044242896828,1.0000034696725169,1.0000034278608652,1.000003469672517,1.0000034696725155,1.0000034696725144,1.0000034696725173,1.0000034696725166,1.0000034696725162,1.0000034696725169,1.0000034696725162,1.0000034696725162,1.000003467664354,1.0000034696725166,8.098743352830165e-11,1.0000034696725166,1.000003469672516,7.705772104548578e-11,1.0000034423954598
1.0000040909562269,7.380671798098487e-11,1.0000034696725166,7.705772189538451e-11,7.705772168918163e-11,1.000003469672516,1.000003469672518,7.705772138670781e-11,7.705772179038848e-11,1.0000034696725157,1.0000034696725162,7.705772153598849e-11,1.0000034696725175,1.0000034696725166,7.70577215237004e-11,1.0000034696725169,1.0000044242896795,1.0000034278608652,1.0000034696725177,1.0000034696725155,1.0000034696725144,1.0000034696725166,1.0000034696725177,1.0000034696725175,1.0000034696725173,1.0000034696725157,1.0000034696725166,1.0000034676643557,1.0000034696725177,8.098743361675855e-11,1.000003469672516,1.0000034696725155,7.705772104548578e-11,1.0000034423954598
1.0000040491446063,7.38067148839881e-11,1.0000034278608652,1.527913462485758e-07,1.5279134572646444e-07,1.0000034278608632,1.0000034278608658,1.5279134510387357e-07,1.527913459501054e-07,1.0000034278608643,1.0000034278608652,1.527913453713908e-07,1.0000034278608654,1.0000034278608654,1.5279134537168294e-07,1.0000034278608652,1.0000034278608652,1.0000043406663854,1.0000034278608647,1.000003427860864,1.0000034278608634,1.0000034278608652,1.0000034278608652,1.0000034278608647,1.0000034278608654,1.000003427860864,1.0000034278608652,1.0000034258527044,1.000003427860864,1.6058324427890867e-07,1.0000034278608645,1.0000034278608643,1.5279134449812145e-07,1.0000034005838085
1.0000040909562269,7.380671798098487e-11,1.0000034696725166,7.70577219005477e-11,7.705772176425179e-11,1.000003469672516,1.0000034696725175,7.705772132173382e-11,7.705772183277807e-11,1.0000034696725169,1.0000034696725166,7.7057721452576e-11,1.000003469672518,1.0000034696725173,7.705772149134539e-11,1.000003469672517,1.0000034696725177,1.0000034278608647,1.000004424289681,1.0000034696725155,1.000003469672515,1.0000034696725173,1.0000034696725169,1.0000034696725177,1.000003469672518,1.0000034696725162,1.0000034696725169,1.0000034676643554,1.000003469672517,8.098743352644704e-11,1.0000034696725166,1.000003469672516,7.705772117812976e-11,1.00000344239546
1.0000040909562293,7.380671788201576e-11,1.0000034696725153,7.705772193807133e-11,7.705772173319633e-11,1.0000034696725153,1.0000034696725173,7.705772132173382e-11,7.705772178942073e-11,1.0000034696725155,1.0000034696725155,7.705772157728035e-11,1.0000034696725162,1.0000034696725164,7.705772161026687e-11,1.0000034696725155,1.0000034696725155,1.000003427860864,1.0000034696725155,1.0000044242896806,1.0000034696725135,1.000003469672516,1.000003469672516,1.0000034696725166,1.0000034696725162,1.0000034696725155,1.0000034696725155,1.0000034676643548,1.0000034696725166,8.098743348140041e-11,1.0000034696725157,1.0000034696725155,7.705772108195994e-11,1.0000034423954596
1.000004090956225,7.380671788201576e-11,1.0000034696725142,7.705772193807133e-11,7.705772165892318e-11,1.000003469672514,1.0000034696725155,7.705772132173382e-11,7.705772177190261e-11,1.0000034696725144,1.0000034696725146,7.705772155566283e-11,1.000003469672516,1.000003469672515,7.705772161026687e-11,1.0000034696725144,1.0000034696725144,1.0000034278608634,1.000003469672515,1.0000034696725135,1.0000044242896813,1.0000034696725144,1.0000034696725149,1.0000034696725153,1.000003469672516,1.0000034696725144,1.0000034696725144,1.0000034676643523,1.0000034696725149,8.098743352644704e-11,1.0000034696725144,1.0000034696725142,7.705772110901879e-11,1.0000034423954585
1.000004090956227,7.380671793060334e-11,1.000003469672516,7.70577219005477e-11,7.705772169764158e-11,1.000003469672516,1.000003469672518,7.705772132173382e-11,7.705772183127222e-11,1.0000034696725169,1.0000034696725164,7.705772155566283e-11,1.0000034696725177,1.0000034696725166,7.705772157804451e-11,1.0000034696725173,1.0000034696725166,1.0000034278608652,1.0000034696725173,1.000003469672516,1.0000034696725144,1.0000044242896795,1.000003469672518,1.0000034696725177,1.0000034696725177,1.000003469672516,1.000003469672516,1.0000034676643559,1.0000034696725177,8.098743352830165e-11,1.0000034696725162,1.0000034696725157,7.705772108579852e-11,1.0000034423954598
1.0000040909562289,7.380671793483343e-11,1.0000034696725173,7.705772194287583e-11,7.705772165892318e-11,1.0000034696725157,1.0000034696725175,7.705772138064275e-11,7.705772183127222e-11,1.0000034696725157,1.0000034696725177,7.705772150722506e-11,1.0000034696725184,1.000003469672518,7.705772154058939e-11,1.0000034696725166,1.0000034696725177,1.0000034278608652,1.0000034696725169,1.000003469672516,1.0000034696725149,1.000003469672518,1.0000044242896833,1.0000034696725177,1.0000034696725186,1.0000034696725166,1.0000034696725175,1.0000034676643548,1.000003469672517,8.098743350836252e-11,1.0000034696725164,1.0000034696725155,7.705772108819515e-11,1.00000344239546
1.000004090956228,7.380671796192221e-11,1.0000034696725169,7.70577219005477e-11,7.705772169764158e-11,1.000003469672516,1.0000034696725182,7.705772140711587e-11,7.70577217835106e-11,1.0000034696725177,1.0000034696725173,7.705772150559391e-11,1.000003469672516,1.0000034696725177,7.70577215237004e-11,1.0000034696725162,1.0000034696725175,1.0000034278608647,1.0000034696725177,1.0000034696725166,1.0000034696725153,1.0000034696725177,1.0000034696725177,1.000004424289679,1.0000034696725173,1.0000034696725169,1.0000034696725173,1.0000034676643546,1.0000034696725166,8.098743355054021e-11,1.000003469672516,1.0000034696725166,7.705772108011242e-11,1.0000034423954607
1.0000040909562289,7.380671793060334e-11,1.0000034696725173,7.70577219005477e-11,7.705772169764158e-11,1.0000034696725155,1.0000034696725186,7.705772135265347e-11,7.705772183127222e-11,1.0000034696725175,1.0000034696725177,7.705772150649831e-11,1.0000034696725173,1.0000034696725184,7.705772149290535e-11,1.0000034696725169,1.0000034696725173,1.0000034278608654,1.000003469672518,1.0000034696725162,1.000003469672516,1.0000034696725177,1.0000034696725186,1.0000034696725173,1.0000044242896797,1.0000034696725173,1.0000034696725177,1.0000034676643548,1.000003469672518,8.098743352644704e-11,1.0000034696725162,1.0000034696725175,7.705772108195994e-11,1.0000034423954614
1.0000040909562293,7.380671796192221e-11,1.0000034696725153,7.705772194251437e-11,7.705772176425179e-11,1.000003469672516,1.000003469672518,7.705772140711587e-11,7.705772179038848e-11,1.0000034696725157,1.0000034696725162,7.705772152319493e-11,1.0000034696725173,1.0000034696725166,7.705772160970209e-11,1.0000034696725162,1.0000034696725157,1.000003427860864,1.0000034696725162,1.0000034696725155,1.0000034696725144,1.000003469672516,1.0000034696725166,1.0000034696725169,1.0000034696725173,1.0000044242896802,1.0000034696725157,1.0000034676643552,1.0000034696725177,8.098743361675855e-11,1.0000034696725162,1.0000034696725157,7.705772113472039e-11,1.0000034423954598
1.0000040909562264,7.380671793060334e-11,1.0000034696725153,7.70577219005477e-11,7.705772178064043e-11,1.000003469672515,1.000003469672518,7.705772141160929e-11,7.705772184811587e-11,1.0000034696725157,1.0000034696725155,7.705772150513151e-11,1.0000034696725173,1.000003469672516,7.70577215237004e-11,1.0000034696725162,1.0000034696725166,1.0000034278608652,1.0000034696725169,1.0000034696725155,1.0000034696725144,1.000003469672516,1.0000034696725175,1.0000034696725173,1.0000034696725177,1.0000034696725157,1.0000044242896795,1.0000034676643557,1.0000034696725177,8.098743350927208e-11,1.0000034696725157,1.0000034696725155,7.705772115458641e-11,1.0000034423954598
1.0000040889480655,7.38067177484173e-11,1.000003467664355,7.705772188802484e-11,7.70577215781347e-11,1.0000034676643546,1.0000034676643557,7.705772118436933e-11,7.705772169185611e-11,1.0000034676643548,1.0000034676643552,7.705772137570322e-11,1.0000034676643548,1.0000034676643559,7.705772138946384e-11,1.000003467664354,1.0000034676643557,1.0000034258527044,1.0000034676643554,1.0000034676643548,1.0000034676643523,1.0000034676643559,1.0000034676643548,1.0000034676643546,1.0000034676643548,1.0000034676643552,1.0000034676643557,1.0000044202733633,1.0000034676643546,1.6058325061240504e-07,1.0000034676643552,1.0000034676643548,7.705772096506323e-11,1.0000034403872968
1.0000040909562293,7.380671793810583e-11,1.0000034696725175,7.70577219005477e-11,7.705772165892318e-11,1.0000034696725155,1.0000034696725173,7.705772138064275e-11,7.705772183127222e-11,1.0000034696725155,1.0000034696725175,7.705772150649831e-11,1.000003469672518,1.0000034696725177,7.705772154058939e-11,1.0000034696725166,1.0000034696725177,1.000003427860864,1.000003469672517,1.0000034696725166,1.0000034696725149,1.0000034696725177,1.000003469672517,1.0000034696725166,1.000003469672518,1.0000034696725177,1.0000034696725177,1.0000034676643546,1.000004424289681,8.098743352830165e-11,1.0000034696725153,1.0000034696725155,7.705772114838205e-11,1.000003442395461
1.841249056928258e-06,1.194176180316374e-17,8.098743353749759e-11,2.4630348101904833e-14,2.463034808267033e-14,8.098743352830165e-11,8.098743351293781e-11,2.4630347944146883e-14,2.463034811637562e-14,8.098743355054021e-11,8.098743354981143e-11,2.463034800908926e-14,8.098743352830165e-11,8.098743354981143e-11,2.463034798072486e-14,8.098743352830165e-11,8.098743361675855e-11,1.6058324427890867e-07,8.098743352644704e-11,8.098743348140041e-11,8.098743352644704e-11,8.098743352830165e-11,8.098743350836252e-11,8.098743355054021e-11,8.098743352644704e-11,8.098743361675855e-11,8.098743350927208e-11,1.6058325061240504e-07,8.098743352830165e-11,9.546174304418853e-07,8.098743344811073e-11,8.098743346578602e-11,2.4630347896187406e-14,1.605832465915746e-07
1.0000040909562278,7.380671793060334e-11,1.0000034696725157,7.70577219005477e-11,7.705772165892318e-11,1.0000034696725149,1.000003469672516,7.705772140711587e-11,7.705772177190261e-11,1.0000034696725164,1.0000034696725155,7.705772155566283e-11,1.0000034696725162,1.0000034696725162,7.70577216008497e-11,1.0000034696725166,1.000003469672516,1.0000034278608645,1.0000034696725166,1.0000034696725157,1.0000034696725144,1.0000034696725162,1.0000034696725164,1.000003469672516,1.0000034696725162,1.0000034696725162,1.0000034696725157,1.0000034676643552,1.0000034696725153,8.098743344811073e-11,1.0000044242896775,1.0000034696725162,7.705772114159249e-11,1.0000034423954598
1.0000040909562293,7.380671796192221e-11,1.0000034696725149,7.705772202029545e-11,7.705772169764158e-11,1.0000034696725155,1.000003469672516,7.705772140711587e-11,7.705772183127222e-11,1.000003469672516,1.000003469672516,7.705772156704331e-11,1.0000034696725175,1.0000034696725166,7.70577216008497e-11,1.000003469672516,1.0000034696725155,1.0000034278608643,1.000003469672516,1.0000034696725155,1.0000034696725142,1.0000034696725157,1.0000034696725155,1.0000034696725166,1.0000034696725175,1.0000034696725157,1.0000034696725155,1.0000034676643548,1.0000034696725155,8.098743346578602e-11,1.0000034696725162,1.0000044242896802,7.705772107054121e-11,1.0000034423954596
1.8334571633694798e-06,1.1322730889210804e-17,7.705772108579852e-11,2.3435299431763086e-14,2.3435299413526743e-14,7.705772111242121e-11,7.705772113472039e-11,2.3435299281734405e-14,2.3435299445557427e-14,7.705772117769982e-11,7.705772111242121e-11,2.343529934352468e-14,7.705772117812976e-11,7.705772104548578e-11,2.34352993165083e-14,7.705772104548578e-11,7.705772104548578e-11,1.5279134449812145e-07,7.705772117812976e-11,7.705772108195994e-11,7.705772110901879e-11,7.705772108579852e-11,7.705772108819515e-11,7.705772108011242e-11,7.705772108195994e-11,7.705772113472039e-11,7.705772115458641e-11,7.705772096506323e-11,7.705772114838205e-11,2.4630347896187406e-14,7.705772114159249e-11,7.705772107054121e-11,9.546174310415946e-07,1.52791346698765e-07
1.0000040636791891,1.4634520297294084e-07,1.0000034423954598,1.5279134844921926e-07,1.5279134792710792e-07,1.0000034423954591,1.000003442395462,1.5279134730451697e-07,1.527913481507491e-07,1.0000034423954602,1.0000034423954598,1.5279134757203427e-07,1.0000034423954611,1.0000034423954598,1.5279134757232653e-07,1.0000034423954598,1.0000034423954598,1.0000034005838085,1.00000344239546,1.0000034423954596,1.0000034423954585,1.0000034423954598,1.00000344239546,1.0000034423954607,1.0000034423954614,1.0000034423954598,1.0000034423954598,1.0000034403872968,1.000003442395461,1.605832465915746e-07,1.0000034423954598,1.0000034423954596,1.52791346698765e-07,1.0000043697355745
