1.0000000048909046,4.559060924280713e-06,4.6906698195036455e-06,4.564133706988046e-06,4.421690860084589e-06,4.559060922578355e-06,0.9999599700343009,0.9999599700343047,4.7261954839133704e-06,4.7261954840613115e-06,4.448577441772656e-06,4.537452366797486e-06,0.9999599700342996,4.48697220685872e-06,4.4807093307060205e-06,0.9999599700343041,4.44857744177267e-06,4.564629427454216e-06,4.564133708665984e-06,4.584728060866355e-06,4.507901670632206e-06,4.584728060892234e-06,4.537436632878021e-06,0.9999599700342976,0.9999599700342957,0.9999609172565869,4.584728060772869e-06,0.9999599700343004,4.6906698213616445e-06,4.486972204296119e-06,4.421690857992864e-06,4.486972205968643e-06,0.9999599700343013,4.486972205750053e-06,0.9999599700343019,0.999960208816626
4.559060924280713e-06,1.3561044222344993e-05,5.669554732508374e-16,5.05126246760292e-16,4.210881503402603e-16,9.951555255846335e-13,5.088057214405434e-10,5.088057216599818e-10,5.887656338229051e-16,5.887837851203866e-16,4.3661601776187664e-16,4.888790343790219e-16,5.088057213874517e-10,4.587230771502374e-16,4.554545873755187e-16,5.088057216599818e-10,4.370246912489952e-16,5.046791179334362e-16,5.042110647498716e-16,5.168774840149703e-16,4.721731671944729e-16,5.168774840149703e-16,4.879086649973152e-16,5.08805721184461e-10,5.088057216599818e-10,1.0093698564957495e-06,5.168229114924859e-16,5.088057217239783e-10,5.6691153912383e-16,4.595887651627916e-16,4.2113791615480116e-16,4.595887651627916e-16,5.088057217239783e-10,4.595828878842708e-16,5.088057212811371e-10,5.088058626361685e-10
4.6906698195036455e-06,5.669554732508374e-16,1.3561044494361294e-05,5.704803501520715e-16,4.764070221083064e-16,5.668292018769828e-16,5.751455390898265e-10,5.751455390898265e-10,6.640063263404552e-16,6.640631900715044e-16,4.938413130030037e-16,5.527034914542125e-16,5.751455390898265e-10,5.187211489197539e-16,5.154742093112045e-16,5.751455390898265e-10,4.938413130030037e-16,5.700630137095552e-16,5.704803501520715e-16,5.840462915456776e-16,5.326809513317795e-16,5.840462915456776e-16,5.521296606211529e-16,5.751455390898265e-10,5.751455393088761e-10,1.1409749235036178e-06,5.840462915456776e-16,5.751455393088761e-10,1.2718728422377003e-12,5.195616235585028e-16,4.761039230927729e-16,5.187211489197539e-16,5.751455390898265e-10,5.191458363984375e-16,5.751455390898265e-10,1.140974000694644e-06
4.564133706988046e-06,5.05126246760292e-16,5.704803501520715e-16,1.3561044232134648e-05,4.239059228997101e-16,5.05126246760292e-16,5.113627527428306e-10,5.113627527544964e-10,5.917762370899215e-16,5.91669195659286e-16,4.397937090709281e-16,9.7579325231798e-13,5.113627527538868e-10,4.624205376528714e-16,4.587175027077301e-16,5.11362752799223e-10,4.397937090709281e-16,5.082652635123249e-16,5.079604230248431e-16,5.198041560618915e-16,4.745319854347413e-16,5.196590731621245e-16,4.91495899096174e-16,5.113627527544964e-10,5.113627525898215e-10,1.0144424969409073e-06,5.198118208279006e-16,5.113627528737903e-10,5.70569935989888e-16,4.625481769936568e-16,4.2395306258660086e-16,4.622267812384101e-16,5.113627527428306e-10,4.625481769936568e-16,5.113627527544964e-10,5.113628942034781e-10
4.421690860084589e-06,4.210881503402603e-16,4.764070221083064e-16,4.239059228997101e-16,1.3561043909090795e-05,4.211182973994639e-16,4.39561775104793e-10,4.3956177520132524e-10,4.959570712021182e-16,4.956647207168035e-16,7.138059368213525e-13,4.087494152769027e-16,4.395617751465912e-10,3.8101366214258293e-16,7.490784778299234e-13,4.395617751465912e-10,7.138059373621502e-13,4.2404329365901715e-16,4.2390704270564806e-16,4.353369035483798e-16,7.787949293305746e-13,4.354542264043819e-16,8.10055297996363e-13,4.3956177521685975e-10,4.3956177527606825e-10,8.720036491602727e-07,4.352492253969412e-16,4.3956177521685975e-10,4.761039230927729e-16,3.8101366214258293e-16,6.837440665671399e-13,3.8101662478825306e-16,4.3956177535356484e-10,3.809856991467414e-16,4.3956177527606825e-10,4.3956190883485785e-10
4.559060922578355e-06,9.951555255846335e-13,5.668292018769828e-16,5.05126246760292e-16,4.211182973994639e-16,1.3561044222344993e-05,5.088057193608605e-10,5.088057194846546e-10,5.887837851203866e-16,5.887656338229051e-16,4.370246912489952e-16,4.888255057664079e-16,5.088057193851615e-10,4.594408512175537e-16,4.554188137919633e-16,5.088057194846546e-10,4.370857884363441e-16,5.046791179334362e-16,5.047586327664559e-16,5.168229114924859e-16,4.720474551618718e-16,5.168774840149703e-16,4.885294586284517e-16,5.088057192901693e-10,5.088057196845579e-10,1.0093698526050478e-06,5.168229114924859e-16,5.088057193851615e-10,5.6691153912383e-16,4.594422568634103e-16,4.21073204685198e-16,4.595828878842708e-16,5.088057196845579e-10,4.595828878842708e-16,5.088057192901693e-10,5.088058610767923e-10
0.9999599700343009,5.088057214405434e-10,5.751455390898265e-10,5.113627527428306e-10,4.39561775104793e-10,5.088057193608605e-10,0.9999402008525434,0.9999266398125374,5.930529107320072e-10,5.930529100450451e-10,4.531144595165554e-10,4.979135216224297e-10,0.9999266398125395,4.724680589711569e-10,4.693111375624034e-10,0.9999266398125376,4.531144597744045e-10,5.116126282815712e-10,5.11362751999908e-10,5.217437198155219e-10,4.830179441061533e-10,5.217437199825818e-10,4.979055900639662e-10,0.9999266398125387,0.9999266398125377,0.9999275870074559,5.217437205432352e-10,0.9999266398125374,5.751455384820202e-10,4.724680582005186e-10,4.3956177619005676e-10,4.724680583842499e-10,0.9999266398125372,4.724680586896315e-10,0.9999266398125385,0.9999268785879881
0.9999599700343047,5.088057216599818e-10,5.751455390898265e-10,5.113627527544964e-10,4.3956177520132524e-10,5.088057194846546e-10,0.9999266398125374,0.999940200852538,5.930529106678888e-10,5.93052910140258e-10,4.531144595165554e-10,4.979135214845183e-10,0.9999266398125387,4.724680589446284e-10,4.693111373180878e-10,0.9999266398125364,4.531144596807769e-10,5.116126281020288e-10,5.113627518806822e-10,5.217437199602074e-10,4.830179441928294e-10,5.217437199656396e-10,4.979055899289997e-10,0.9999266398125385,0.9999266398125364,0.9999275870074543,5.217437205373367e-10,0.9999266398125357,5.751455381879904e-10,4.724680584364892e-10,4.3956177619005676e-10,4.72468058160629e-10,0.9999266398125355,4.724680585352914e-10,0.9999266398125368,0.9999268785879878
4.7261954839133704e-06,5.887656338229051e-16,6.640063263404552e-16,5.917762370899215e-16,4.959570712021182e-16,5.887837851203866e-16,5.930529107320072e-10,5.930529106678888e-10,1.3561044594556747e-05,6.8771226049698195e-16,5.140574664430338e-16,5.733231656946653e-16,5.930529106705557e-10,5.39807402322396e-16,5.356253133773643e-16,5.930529110095831e-10,5.140574664430338e-16,5.920555306995432e-16,5.917762370899215e-16,6.051919875124683e-16,5.531977086402469e-16,6.048453836975751e-16,5.735391150235007e-16,5.930529110095831e-10,5.930529106705557e-10,1.1764995844871476e-06,6.048453836975751e-16,5.930529110095831e-10,6.64191590710366e-16,5.395722108092856e-16,4.959570712021182e-16,5.395722108092856e-16,5.930529110095831e-10,5.395722108092856e-16,5.930529106705557e-10,1.1764986484604516e-06
4.7261954840613115e-06,5.887837851203866e-16,6.640631900715044e-16,5.91669195659286e-16,4.956647207168035e-16,5.887656338229051e-16,5.930529100450451e-10,5.93052910140258e-10,6.8771226049698195e-16,1.3561044594556747e-05,5.141389521023445e-16,5.733231656946653e-16,5.93052910140258e-10,5.399544874410624e-16,5.357349740187691e-16,5.930529104329941e-10,5.135037571310223e-16,5.920555306995432e-16,5.917762370899215e-16,6.048453836975751e-16,5.531147217061188e-16,6.048453836975751e-16,5.7368394323769e-16,5.93052910140258e-10,5.930529099039291e-10,1.1764995831631412e-06,6.053623725296556e-16,5.930529099039291e-10,6.640631900715044e-16,5.395722108092856e-16,4.956647207168035e-16,5.395722108092856e-16,5.930529100075951e-10,5.395722108092856e-16,5.93052910140258e-10,1.1764986471364449e-06
4.448577441772656e-06,4.3661601776187664e-16,4.938413130030037e-16,4.397937090709281e-16,7.138059368213525e-13,4.370246912489952e-16,4.531144595165554e-10,4.531144595165554e-10,5.140574664430338e-16,5.141389521023445e-16,1.3561043971101882e-05,4.24590613772406e-16,4.531144595396795e-10,3.9685344013837863e-16,7.797472138484982e-13,4.5311445962773115e-10,7.441223908582771e-13,4.397870251108738e-16,4.4003015118292305e-16,4.517137579466505e-16,8.097716774322771e-13,4.517137579466505e-16,4.252720032390447e-16,4.5311445961649086e-10,4.5311446001248703e-10,8.988894770286187e-07,4.516437117608275e-16,4.5311445987007925e-10,4.943147252004236e-16,3.9645196625433253e-16,7.138059390043642e-13,3.9669320337085433e-16,4.5311446001248703e-10,3.9645196625433253e-16,4.5311446001248703e-10,4.5311459479948097e-10
4.537452366797486e-06,4.888790343790219e-16,5.527034914542125e-16,9.7579325231798e-13,4.087494152769027e-16,4.888255057664079e-16,4.979135216224297e-10,4.979135214845183e-10,5.733231656946653e-16,5.733231656946653e-16,4.24590613772406e-16,1.3561044167135028e-05,4.979135217958895e-10,4.474235561143765e-16,4.4345574071362117e-16,4.979135216312171e-10,4.2452013222371707e-16,4.91334006859105e-16,9.757932512270215e-13,5.038746063688975e-16,4.587293568662006e-16,5.029487086325718e-16,4.757045945140125e-16,4.979135216224297e-10,4.979135217383842e-10,9.87761900612104e-07,5.038746063688975e-16,4.979135216224297e-10,5.527034914542125e-16,4.474235561143765e-16,4.0876146825673473e-16,4.473935653871511e-16,4.979135216224297e-10,4.473935653871511e-16,4.979135216232455e-10,4.979136616999791e-10
0.9999599700342996,5.088057213874517e-10,5.751455390898265e-10,5.113627527538868e-10,4.395617751465912e-10,5.088057193851615e-10,0.9999266398125395,0.9999266398125387,5.930529106705557e-10,5.93052910140258e-10,4.531144595396795e-10,4.979135217958895e-10,0.9999402008525446,4.724680587258174e-10,4.69311137392233e-10,0.9999266398125382,4.5311445987830815e-10,5.116126282815712e-10,5.11362751999908e-10,5.2174372003258e-10,4.830179441061533e-10,5.217437200952623e-10,4.979055903028847e-10,0.9999266398125383,0.9999266398125383,0.9999275870074552,5.217437205338036e-10,0.9999266398125372,5.751455381879904e-10,4.724680581855417e-10,4.395617759690026e-10,4.724680582879774e-10,0.9999266398125376,4.724680586702009e-10,0.9999266398125379,0.9999268785879878
4.48697220685872e-06,4.587230771502374e-16,5.187211489197539e-16,4.624205376528714e-16,3.8101366214258293e-16,4.594408512175537e-16,4.724680589711569e-10,4.724680589446284e-10,5.39807402322396e-16,5.399544874410624e-16,3.9685344013837863e-16,4.474235561143765e-16,4.724680587258174e-10,1.356104405546809e-05,4.1496061014334907e-16,4.724680589711569e-10,3.9685599173250395e-16,4.623652819079315e-16,4.624205376528714e-16,4.741072467727641e-16,4.3010396638927335e-16,4.741072467727641e-16,4.466212576884357e-16,4.724680587276654e-10,4.724680589446284e-10,9.372831652631267e-07,4.741072467727641e-16,4.724680587911677e-10,5.195616235585028e-16,8.3019808254205e-13,3.8095913341876232e-16,8.301980819654624e-13,4.724680589446284e-10,8.301980833626561e-13,4.724680589446284e-10,4.724681958189366e-10
4.4807093307060205e-06,4.554545873755187e-16,5.154742093112045e-16,4.587175027077301e-16,7.490784778299234e-13,4.554188137919633e-16,4.693111375624034e-10,4.693111373180878e-10,5.356253133773643e-16,5.357349740187691e-16,7.797472138484982e-13,4.4345574071362117e-16,4.69311137392233e-10,4.1496061014334907e-16,1.3561044041675842e-05,4.693111373794311e-10,7.797472143997414e-13,4.588782625866593e-16,4.586464578471681e-16,4.703443264584424e-16,4.2557931958370097e-16,4.703335198609331e-16,8.784796291075539e-13,4.693111372455985e-10,4.693111372736741e-10,9.310204621964363e-07,4.703335198609331e-16,4.693111372526326e-10,5.154361379816516e-16,4.1499980567319834e-16,7.490784799887172e-13,4.1500036581799746e-16,4.69311137392233e-10,4.1496061014334907e-16,4.69311137392233e-10,4.693112743433593e-10
0.9999599700343041,5.088057216599818e-10,5.751455390898265e-10,5.11362752799223e-10,4.395617751465912e-10,5.088057194846546e-10,0.9999266398125376,0.9999266398125364,5.930529110095831e-10,5.930529104329941e-10,4.5311445962773115e-10,4.979135216312171e-10,0.9999266398125382,4.724680589711569e-10,4.693111373794311e-10,0.999940200852542,4.531144597239223e-10,5.116126280686574e-10,5.113627520665643e-10,5.217437197305795e-10,4.830179441033322e-10,5.217437199656396e-10,4.979055898418051e-10,0.9999266398125379,0.999926639812537,0.9999275870074549,5.217437205373367e-10,0.9999266398125364,5.751455384820202e-10,4.724680579194852e-10,4.3956177570362617e-10,4.724680581704464e-10,0.9999266398125366,4.724680587011951e-10,0.9999266398125374,0.9999268785879881
4.44857744177267e-06,4.370246912489952e-16,4.938413130030037e-16,4.397937090709281e-16,7.138059373621502e-13,4.370857884363441e-16,4.531144597744045e-10,4.531144596807769e-10,5.140574664430338e-16,5.135037571310223e-16,7.441223908582771e-13,4.2452013222371707e-16,4.5311445987830815e-10,3.9685599173250395e-16,7.797472143997414e-13,4.531144597239223e-10,1.3561043971101882e-05,4.4010600514951024e-16,4.400532674978976e-16,4.517137579466505e-16,8.097716779887762e-13,4.516427356387545e-16,4.252720032390447e-16,4.531144596721849e-10,4.5311445993990974e-10,8.988894773762835e-07,4.516796126012694e-16,4.531144596807769e-10,4.93979405763998e-16,3.9685599173250395e-16,7.138059395451619e-13,3.965528715615677e-16,4.5311445986620464e-10,3.9666714342226544e-16,4.531144596721849e-10,4.5311459511377166e-10
4.564629427454216e-06,5.046791179334362e-16,5.700630137095552e-16,5.082652635123249e-16,4.2404329365901715e-16,5.046791179334362e-16,5.116126282815712e-10,5.116126281020288e-10,5.920555306995432e-16,5.920555306995432e-16,4.397870251108738e-16,4.91334006859105e-16,5.116126282815712e-10,4.623652819079315e-16,4.588782625866593e-16,5.116126280686574e-10,4.4010600514951024e-16,1.3561044234135416e-05,5.079145240241026e-16,5.200396343651958e-16,4.747814348278842e-16,5.200396343651958e-16,9.75322663532889e-13,5.116126280680951e-10,5.11612628160014e-10,1.0149382010734433e-06,5.200840476243276e-16,5.116126283592624e-10,5.701838176555613e-16,4.625823219103464e-16,4.2404329365901715e-16,4.623652819079315e-16,5.11612628160014e-10,4.623709514993666e-16,5.11612628160014e-10,5.11612769901079e-10
4.564133708665984e-06,5.042110647498716e-16,5.704803501520715e-16,5.079604230248431e-16,4.2390704270564806e-16,5.047586327664559e-16,5.11362751999908e-10,5.113627518806822e-10,5.917762370899215e-16,5.917762370899215e-16,4.4003015118292305e-16,9.757932512270215e-13,5.11362751999908e-10,4.624205376528714e-16,4.586464578471681e-16,5.113627520665643e-10,4.400532674978976e-16,5.079145240241026e-16,1.3561044232134648e-05,5.198118208279006e-16,4.748288608968063e-16,5.202164605772273e-16,4.914380381019166e-16,5.11362751999908e-10,5.113627520034603e-10,1.014442495784585e-06,5.198118208279006e-16,5.113627520665643e-10,5.70569935989888e-16,4.622267812384101e-16,4.2390704270564806e-16,4.625481769936568e-16,5.113627519237964e-10,4.624205376528714e-16,5.113627518806822e-10,5.113628936494529e-10
4.584728060866355e-06,5.168774840149703e-16,5.840462915456776e-16,5.198041560618915e-16,4.353369035483798e-16,5.168229114924859e-16,5.217437198155219e-10,5.217437199602074e-10,6.051919875124683e-16,6.048453836975751e-16,4.517137579466505e-16,5.038746063688975e-16,5.2174372003258e-10,4.741072467727641e-16,4.703443264584424e-16,5.217437197305795e-10,4.517137579466505e-16,5.200396343651958e-16,5.198118208279006e-16,1.3561044282603581e-05,4.861568526026273e-16,5.32293456906068e-16,5.032937572373713e-16,5.217437199828126e-10,5.217437200499214e-10,1.0350362697751914e-06,5.32293456906068e-16,5.217437198350249e-10,5.840462915456776e-16,4.741729196135856e-16,4.353712459196703e-16,4.742099194782257e-16,5.217437198696858e-10,4.742099194782257e-16,5.217437199602074e-10,5.217438624058303e-10
4.507901670632206e-06,4.721731671944729e-16,5.326809513317795e-16,4.745319854347413e-16,7.787949293305746e-13,4.720474551618718e-16,4.830179441061533e-10,4.830179441928294e-10,5.531977086402469e-16,5.531147217061188e-16,8.097716774322771e-13,4.587293568662006e-16,4.830179441061533e-10,4.3010396638927335e-16,4.2557931958370097e-16,4.830179441033322e-10,8.097716779887762e-13,4.747814348278842e-16,4.748288608968063e-16,4.861568526026273e-16,1.356104410701122e-05,4.862800176159549e-16,4.580820205783829e-16,4.830179442615098e-10,4.8301794421618e-10,9.582120392887823e-07,4.862780826940408e-16,4.830179442251363e-10,5.331521798165472e-16,4.3010396638927335e-16,7.787949314702285e-13,4.3028801504096816e-16,4.830179439584189e-10,4.303505730101857e-16,4.830179441928294e-10,4.83018082699221e-10
4.584728060892234e-06,5.168774840149703e-16,5.840462915456776e-16,5.196590731621245e-16,4.354542264043819e-16,5.168774840149703e-16,5.217437199825818e-10,5.217437199656396e-10,6.048453836975751e-16,6.048453836975751e-16,4.517137579466505e-16,5.029487086325718e-16,5.217437200952623e-10,4.741072467727641e-16,4.703335198609331e-16,5.217437199656396e-10,4.516427356387545e-16,5.200396343651958e-16,5.202164605772273e-16,5.32293456906068e-16,4.862800176159549e-16,1.3561044282603581e-05,5.032889152227358e-16,5.217437199825818e-10,5.217437200838586e-10,1.0350362700069788e-06,5.32293456906068e-16,5.217437200952623e-10,5.840462915456776e-16,4.741072467727641e-16,4.351386435106823e-16,4.741729196135856e-16,5.217437198546016e-10,4.741729196135856e-16,5.217437199656396e-10,5.217438624806418e-10
4.537436632878021e-06,4.879086649973152e-16,5.521296606211529e-16,4.91495899096174e-16,8.10055297996363e-13,4.885294586284517e-16,4.979055900639662e-10,4.979055899289997e-10,5.735391150235007e-16,5.7368394323769e-16,4.252720032390447e-16,4.757045945140125e-16,4.979055903028847e-10,4.466212576884357e-16,8.784796291075539e-13,4.979055898418051e-10,4.252720032390447e-16,9.75322663532889e-13,4.914380381019166e-16,5.032937572373713e-16,4.580820205783829e-16,5.032889152227358e-16,1.3561044169148739e-05,4.979055898236252e-10,4.979055897555145e-10,9.877461677431776e-07,5.030741690484078e-16,4.979055900657495e-10,5.5213848434419e-16,4.463950480748292e-16,8.100553001253269e-13,4.466212576884357e-16,4.979055898622469e-10,4.469053793888184e-16,4.979055900639662e-10,4.979057304327708e-10
0.9999599700342976,5.08805721184461e-10,5.751455390898265e-10,5.113627527544964e-10,4.3956177521685975e-10,5.088057192901693e-10,0.9999266398125387,0.9999266398125385,5.930529110095831e-10,5.93052910140258e-10,4.5311445961649086e-10,4.979135216224297e-10,0.9999266398125383,4.724680587276654e-10,4.693111372455985e-10,0.9999266398125379,4.531144596721849e-10,5.116126280680951e-10,5.11362751999908e-10,5.217437199828126e-10,4.830179442615098e-10,5.217437199825818e-10,4.979055898236252e-10,0.9999402008525372,0.9999266398125368,0.9999275870074547,5.217437205373367e-10,0.9999266398125364,5.75145538423551e-10,4.724680583828216e-10,4.3956177619005676e-10,4.72468058279726e-10,0.9999266398125374,4.724680586896315e-10,0.9999266398125383,0.999926878587987
0.9999599700342957,5.088057216599818e-10,5.751455393088761e-10,5.113627525898215e-10,4.3956177527606825e-10,5.088057196845579e-10,0.9999266398125377,0.9999266398125364,5.930529106705557e-10,5.930529099039291e-10,4.5311446001248703e-10,4.979135217383842e-10,0.9999266398125383,4.724680589446284e-10,4.693111372736741e-10,0.999926639812537,4.5311445993990974e-10,5.11612628160014e-10,5.113627520034603e-10,5.217437200499214e-10,4.8301794421618e-10,5.217437200838586e-10,4.979055897555145e-10,0.9999266398125368,0.9999402008525372,0.9999275870074539,5.21743720715133e-10,0.9999266398125363,5.751455383871672e-10,4.724680583066858e-10,4.3956177619005676e-10,4.724680582075993e-10,0.9999266398125358,4.724680586702009e-10,0.9999266398125374,0.9999268785879875
0.9999609172565869,1.0093698564957495e-06,1.1409749235036178e-06,1.0144424969409073e-06,8.720036491602727e-07,1.0093698526050478e-06,0.9999275870074559,0.9999275870074543,1.1764995844871476e-06,1.1764995831631412e-06,8.988894770286187e-07,9.87761900612104e-07,0.9999275870074552,9.372831652631267e-07,9.310204621964363e-07,0.9999275870074549,8.988894773762835e-07,1.0149382010734433e-06,1.014442495784585e-06,1.0350362697751914e-06,9.582120392887823e-07,1.0350362700069788e-06,9.877461677431776e-07,0.9999275870074547,0.9999275870074539,0.9999420952435942,1.0350362709978191e-06,0.9999275870074533,1.140974921855753e-06,9.372831645500339e-07,8.720036505244386e-07,9.372831644743975e-07,0.999927587007453,9.372831649973266e-07,0.9999275870074545,0.9999278257830315
4.584728060772869e-06,5.168229114924859e-16,5.840462915456776e-16,5.198118208279006e-16,4.352492253969412e-16,5.168229114924859e-16,5.217437205432352e-10,5.217437205373367e-10,6.048453836975751e-16,6.053623725296556e-16,4.516437117608275e-16,5.038746063688975e-16,5.217437205338036e-10,4.741072467727641e-16,4.703335198609331e-16,5.217437205373367e-10,4.516796126012694e-16,5.200840476243276e-16,5.198118208279006e-16,5.32293456906068e-16,4.862780826940408e-16,5.32293456906068e-16,5.030741690484078e-16,5.217437205373367e-10,5.21743720715133e-10,1.0350362709978191e-06,1.3561044282603581e-05,5.217437207079739e-10,5.836615311550909e-16,4.742099194782257e-16,4.352492253969412e-16,4.741729196135856e-16,5.217437204529386e-10,4.741072467727641e-16,5.217437204502374e-10,5.217438632723719e-10
0.9999599700343004,5.088057217239783e-10,5.751455393088761e-10,5.113627528737903e-10,4.3956177521685975e-10,5.088057193851615e-10,0.9999266398125374,0.9999266398125357,5.930529110095831e-10,5.930529099039291e-10,4.5311445987007925e-10,4.979135216224297e-10,0.9999266398125372,4.724680587911677e-10,4.693111372526326e-10,0.9999266398125364,4.531144596807769e-10,5.116126283592624e-10,5.113627520665643e-10,5.217437198350249e-10,4.830179442251363e-10,5.217437200952623e-10,4.979055900657495e-10,0.9999266398125364,0.9999266398125363,0.9999275870074533,5.217437207079739e-10,0.9999402008525377,5.751455384820202e-10,4.724680584364892e-10,4.395617757057475e-10,4.724680581704464e-10,0.9999266398125345,4.724680585352914e-10,0.9999266398125372,0.9999268785879867
4.6906698213616445e-06,5.6691153912383e-16,1.2718728422377003e-12,5.70569935989888e-16,4.761039230927729e-16,5.6691153912383e-16,5.751455384820202e-10,5.751455381879904e-10,6.64191590710366e-16,6.640631900715044e-16,4.943147252004236e-16,5.527034914542125e-16,5.751455381879904e-10,5.195616235585028e-16,5.154361379816516e-16,5.751455384820202e-10,4.93979405763998e-16,5.701838176555613e-16,5.70569935989888e-16,5.840462915456776e-16,5.331521798165472e-16,5.840462915456776e-16,5.5213848434419e-16,5.75145538423551e-10,5.751455383871672e-10,1.140974921855753e-06,5.836615311550909e-16,5.751455384820202e-10,1.3561044494361294e-05,5.194008731039596e-16,4.761833999630015e-16,5.195616235585028e-16,5.751455384832748e-10,5.187211489197539e-16,5.751455386001876e-10,1.1409739990467763e-06
4.486972204296119e-06,4.595887651627916e-16,5.195616235585028e-16,4.625481769936568e-16,3.8101366214258293e-16,4.594422568634103e-16,4.724680582005186e-10,4.724680584364892e-10,5.395722108092856e-16,5.395722108092856e-16,3.9645196625433253e-16,4.474235561143765e-16,4.724680581855417e-10,8.3019808254205e-13,4.1499980567319834e-16,4.724680579194852e-10,3.9685599173250395e-16,4.625823219103464e-16,4.622267812384101e-16,4.741729196135856e-16,4.3010396638927335e-16,4.741072467727641e-16,4.463950480748292e-16,4.724680583828216e-10,4.724680583066858e-10,9.372831645500339e-07,4.742099194782257e-16,4.724680584364892e-10,5.194008731039596e-16,1.356104405546809e-05,3.813726974166946e-16,8.301980819566231e-13,4.724680579194852e-10,8.301980833538134e-13,4.724680582001074e-10,4.724681956031925e-10
4.421690857992864e-06,4.2113791615480116e-16,4.761039230927729e-16,4.2395306258660086e-16,6.837440665671399e-13,4.21073204685198e-16,4.3956177619005676e-10,4.3956177619005676e-10,4.959570712021182e-16,4.956647207168035e-16,7.138059390043642e-13,4.0876146825673473e-16,4.395617759690026e-10,3.8095913341876232e-16,7.490784799887172e-13,4.3956177570362617e-10,7.138059395451619e-13,4.2404329365901715e-16,4.2390704270564806e-16,4.353712459196703e-16,7.787949314702285e-13,4.351386435106823e-16,8.100553001253269e-13,4.3956177619005676e-10,4.3956177619005676e-10,8.720036505244386e-07,4.352492253969412e-16,4.395617757057475e-10,4.761833999630015e-16,3.813726974166946e-16,1.3561043909090795e-05,3.810139740282314e-16,4.395617759359408e-10,3.8104823881878233e-16,4.3956177572175766e-10,4.395619097523802e-10
4.486972205968643e-06,4.595887651627916e-16,5.187211489197539e-16,4.622267812384101e-16,3.8101662478825306e-16,4.595828878842708e-16,4.724680583842499e-10,4.72468058160629e-10,5.395722108092856e-16,5.395722108092856e-16,3.9669320337085433e-16,4.473935653871511e-16,4.724680582879774e-10,8.301980819654624e-13,4.1500036581799746e-16,4.724680581704464e-10,3.965528715615677e-16,4.623652819079315e-16,4.625481769936568e-16,4.742099194782257e-16,4.3028801504096816e-16,4.741729196135856e-16,4.466212576884357e-16,4.72468058279726e-10,4.724680582075993e-10,9.372831644743975e-07,4.741729196135856e-16,4.724680581704464e-10,5.195616235585028e-16,8.301980819566231e-13,3.810139740282314e-16,1.356104405546809e-05,4.72468058160629e-10,8.301980827772268e-13,4.724680583814778e-10,4.724681956912664e-10
0.9999599700343013,5.088057217239783e-10,5.751455390898265e-10,5.113627527428306e-10,4.3956177535356484e-10,5.088057196845579e-10,0.9999266398125372,0.9999266398125355,5.930529110095831e-10,5.930529100075951e-10,4.5311446001248703e-10,4.979135216224297e-10,0.9999266398125376,4.724680589446284e-10,4.69311137392233e-10,0.9999266398125366,4.5311445986620464e-10,5.11612628160014e-10,5.113627519237964e-10,5.217437198696858e-10,4.830179439584189e-10,5.217437198546016e-10,4.979055898622469e-10,0.9999266398125374,0.9999266398125358,0.999927587007453,5.217437204529386e-10,0.9999266398125345,5.751455384832748e-10,4.724680579194852e-10,4.395617759359408e-10,4.72468058160629e-10,0.9999402008525348,4.724680586896315e-10,0.9999266398125364,0.9999268785879867
4.486972205750053e-06,4.595828878842708e-16,5.191458363984375e-16,4.625481769936568e-16,3.809856991467414e-16,4.595828878842708e-16,4.724680586896315e-10,4.724680585352914e-10,5.395722108092856e-16,5.395722108092856e-16,3.9645196625433253e-16,4.473935653871511e-16,4.724680586702009e-10,8.301980833626561e-13,4.1496061014334907e-16,4.724680587011951e-10,3.9666714342226544e-16,4.623709514993666e-16,4.624205376528714e-16,4.742099194782257e-16,4.303505730101857e-16,4.741729196135856e-16,4.469053793888184e-16,4.724680586896315e-10,4.724680586702009e-10,9.372831649973266e-07,4.741072467727641e-16,4.724680585352914e-10,5.187211489197539e-16,8.301980833538134e-13,3.8104823881878233e-16,8.301980827772268e-13,4.724680586896315e-10,1.3561044055467924e-05,4.72468058576255e-10,4.724681958955464e-10
0.9999599700343019,5.088057212811371e-10,5.751455390898265e-10,5.113627527544964e-10,4.3956177527606825e-10,5.088057192901693e-10,0.9999266398125385,0.9999266398125368,5.930529106705557e-10,5.93052910140258e-10,4.5311446001248703e-10,4.979135216232455e-10,0.9999266398125379,4.724680589446284e-10,4.69311137392233e-10,0.9999266398125374,4.531144596721849e-10,5.11612628160014e-10,5.113627518806822e-10,5.217437199602074e-10,4.830179441928294e-10,5.217437199656396e-10,4.979055900639662e-10,0.9999266398125383,0.9999266398125374,0.9999275870074545,5.217437204502374e-10,0.9999266398125372,5.751455386001876e-10,4.724680582001074e-10,4.3956177572175766e-10,4.724680583814778e-10,0.9999266398125364,4.72468058576255e-10,0.9999402008525424,0.9999268785879881
0.999960208816626,5.088058626361685e-10,1.140974000694644e-06,5.113628942034781e-10,4.3956190883485785e-10,5.088058610767923e-10,0.9999268785879881,0.9999268785879878,1.1764986484604516e-06,1.1764986471364449e-06,4.5311459479948097e-10,4.979136616999791e-10,0.9999268785879878,4.724681958189366e-10,4.693112743433593e-10,0.9999268785879881,4.5311459511377166e-10,5.11612769901079e-10,5.113628936494529e-10,5.217438624058303e-10,4.83018082699221e-10,5.217438624806418e-10,4.979057304327708e-10,0.999926878587987,0.9999268785879875,0.9999278257830315,5.217438632723719e-10,0.9999268785879867,1.1409739990467763e-06,4.724681956031925e-10,4.395619097523802e-10,4.724681956912664e-10,0.9999268785879867,4.724681958955464e-10,0.9999268785879881,0.9999406784036563
