1.0000000004168903,-2.0140152095542892e-07,0.5046430051280784,-2.1089041380911718e-07,0.5046430051280762,0.5046430041954302,0.4953582465449903,0.49535824654499183,0.4953582465449926,-2.026507111312549e-07,0.5046430051280781,0.5046429975588049,0.5046430051280775,0.4953582469225277,0.4953582465449922,0.4953582465449951,-2.0140151725224407e-07,0.5046430051280796,0.5046430051280792,0.49535824692252955,0.5046430051280796,-2.0905049059828985e-07,1.0000013181350103,0.495358246544994,0.5046430051280787,0.5046430063414336,0.4953582465449943,0.4953582465449926,0.50464300512808,0.4953582444017694,0.4953582465449926,-2.0939365866393495e-07,0.4953582465449946,0.5046430007825002
-2.0140152095542892e-07,-3.105466400765375e-07,-1.793302034562267e-11,2.3667801534483082e-18,-1.7933020280904876e-11,-1.793302034214878e-11,-1.780649110662904e-11,-1.7806491180097176e-11,-1.7806491139038215e-11,1.368811303502325e-18,-1.793302037768151e-11,-1.7933020092763777e-11,-1.7933020313568717e-11,-1.7806491125464097e-11,-1.7806491139038215e-11,-1.7806491139038215e-11,1.423995987252252e-18,-1.7933020313568717e-11,-1.7933020323108685e-11,-1.7806491111511376e-11,-1.7933020323108685e-11,2.0728972407346543e-18,-7.086490182962302e-08,-1.7806491088495984e-11,-1.7933020350906076e-11,-1.793302036587584e-11,-1.7806491088495984e-11,-1.7806491088495984e-11,-1.793302037768151e-11,-1.78064910940471e-11,-1.7806491139038215e-11,1.7670715473725866e-18,-1.7806491125336996e-11,-1.7933020164253146e-11
0.5046430051280784,-1.793302034562267e-11,0.504643027542352,-2.337410168755496e-11,0.5046433380889542,0.5046433397744248,-1.0951426847683004e-11,-1.0951426626789559e-11,-1.0951426873641589e-11,-1.9141811244183852e-11,0.5046433380889533,0.5046433297581878,0.5046433380889531,-1.0994155087386237e-11,-1.0951426370298842e-11,-1.0951426501941003e-11,-1.7933020601476568e-11,0.5046433380889531,0.5046433380889527,-1.0994154700427001e-11,0.5046433380889531,-2.076822998944389e-11,0.5046432831645882,-1.0951426176258688e-11,0.5046433380889536,0.5046433394713541,-1.0951426529406962e-11,-1.0951426611300894e-11,0.5046433380889531,-1.2296387669842899e-11,-1.0951426958164376e-11,-1.8953872385734478e-11,-1.0951426387253817e-11,0.5046433333357541
-2.1089041380911718e-07,2.3667801534483082e-18,-2.337410168755496e-11,-3.1054663900512203e-07,-2.3374101687236085e-11,-2.33741017300984e-11,-1.7150975055319672e-11,-1.7150974963470467e-11,-1.7150974935668042e-11,2.058292993429267e-18,-2.337410165118359e-11,-4.6346562186556926e-08,-2.3374101621971654e-11,-1.715097503579963e-11,-1.7150974973451846e-11,-1.7150974953618578e-11,2.3667801534483082e-18,-2.3374101629072272e-11,-2.3374101621971654e-11,-1.7150975023697136e-11,-2.3374101621971654e-11,4.957235435412176e-15,-8.03538005810586e-08,-1.7150975067646227e-11,-2.3374101621971654e-11,-4.634656309527152e-08,-1.7150974935668042e-11,-1.7150975055319672e-11,-2.3374101621971654e-11,-1.7150975153129964e-11,-1.7150974953618578e-11,2.1321746913657917e-18,-1.7150975055319672e-11,-4.634656252041276e-08
0.5046430051280762,-1.7933020280904876e-11,0.5046433380889542,-2.3374101687236085e-11,0.504643027542357,0.5046433397744261,-1.0951429011555664e-11,-1.0951429005130398e-11,-1.0951429154918074e-11,-1.9141811190819752e-11,0.5046433380889545,0.5046433297581889,0.5046433380889548,-1.0994157468544363e-11,-1.095142870711748e-11,-1.0951428840575367e-11,-1.7933020601475702e-11,0.5046433380889551,0.5046433380889542,-1.0994156946180827e-11,0.5046433380889545,-2.076823005025802e-11,0.5046432831645835,-1.0951428366076789e-11,0.5046433380889546,0.5046433394713556,-1.0951428871946418e-11,-1.0951428859186551e-11,0.5046433380889542,-1.229638999042872e-11,-1.0951429164857785e-11,-1.8953872385734478e-11,-1.095142862799273e-11,0.5046433333357551
0.5046430041954302,-1.793302034214878e-11,0.5046433397744248,-2.33741017300984e-11,0.5046433397744261,0.5046430309132957,-1.2271832962163604e-11,-1.2271832919624653e-11,-1.2271833188766046e-11,-1.9141811230651862e-11,0.5046433397744254,0.5046433314436601,0.5046433397744258,-1.2314561167900455e-11,-1.227183256536854e-11,-1.2271832842922736e-11,-1.7933020710999055e-11,0.5046433397744254,0.5046433397744252,-1.2314560925548624e-11,0.5046433397744251,-2.076822982019197e-11,0.5046432822319372,-1.2271832409179916e-11,0.5046433397744255,0.5046433411568267,-1.2271832740641251e-11,-1.2271832812699314e-11,0.5046433397744252,-2.6999607987826467e-08,-1.2271833222155555e-11,-1.8953872428262767e-11,-1.2271832463441462e-11,0.5046433350212266
0.4953582465449903,-1.780649110662904e-11,-1.0951426847683004e-11,-1.7150975055319672e-11,-1.0951429011555664e-11,-1.2271832962163604e-11,0.495358264037946,0.4953585745845474,0.49535857458454774,-1.722771055492747e-11,-1.09514273915591e-11,-1.056738354039929e-11,-1.0951427561919912e-11,0.4953585750468066,0.4953585745845469,0.4953585745845471,-1.780649067681604e-11,-1.0951427400347048e-11,-1.095142749995849e-11,0.4953585750468063,-1.0951427683901304e-11,-1.8828913805814615e-11,0.49535852200483804,0.49535857458454713,-1.0951427855045602e-11,-1.1036682289202765e-11,0.4953585745845473,0.4953585745845474,-1.0951427158460492e-11,0.4953585751081342,0.4953585745845478,-2.081634083190365e-11,0.49535857458454746,-1.0745851653963303e-11
0.49535824654499183,-1.7806491180097176e-11,-1.0951426626789559e-11,-1.7150974963470467e-11,-1.0951429005130398e-11,-1.2271832919624653e-11,0.4953585745845474,0.49535826403794625,0.495358574584548,-1.722771058152176e-11,-1.0951427244357992e-11,-1.0567383492091134e-11,-1.0951427433617392e-11,0.49535857504680714,0.4953585745845474,0.4953585745845478,-1.780649067681604e-11,-1.0951427414469468e-11,-1.0951427440932672e-11,0.4953585750468068,-1.0951427595594973e-11,-1.8828913821339238e-11,0.49535852200483904,0.4953585745845477,-1.095142791060819e-11,-1.1036682028733001e-11,0.49535857458454774,0.49535857458454824,-1.0951427188284337e-11,0.49535857510813475,0.49535857458454835,-2.081634083190365e-11,0.4953585745845478,-1.0745851554225248e-11
0.4953582465449926,-1.7806491139038215e-11,-1.0951426873641589e-11,-1.7150974935668042e-11,-1.0951429154918074e-11,-1.2271833188766046e-11,0.49535857458454774,0.495358574584548,0.4953582640379471,-1.7227710551939415e-11,-1.0951427458538595e-11,-1.0567383667713123e-11,-1.095142762546235e-11,0.49535857504680747,0.4953585745845476,0.4953585745845479,-1.780649066873381e-11,-1.0951427514152461e-11,-1.0951427727827797e-11,0.4953585750468064,-1.0951427769638137e-11,-1.8828913805814615e-11,0.49535852200483854,0.4953585745845477,-1.0951427927967064e-11,-1.1036682278662403e-11,0.4953585745845479,0.49535857458454835,-1.095142734235894e-11,0.4953585751081342,0.49535857458454835,-2.081634080205574e-11,0.49535857458454746,-1.074585174617807e-11
-2.026507111312549e-07,1.368811303502325e-18,-1.9141811244183852e-11,2.058292993429267e-18,-1.9141811190819752e-11,-1.9141811230651862e-11,-1.722771055492747e-11,-1.722771058152176e-11,-1.7227710551939415e-11,-3.105466399468965e-07,-1.9141811265103612e-11,-3.795470549798486e-08,-1.9141811158483408e-11,-1.7227710533355995e-11,-1.7227710581521032e-11,-1.7227710572589976e-11,1.368811303502325e-18,-1.9141811190819752e-11,-1.9141811190746137e-11,-1.7227710747910687e-11,-1.9141811190746137e-11,1.995555020088464e-18,-7.211409678710384e-08,-1.7227710583692575e-11,-1.9141811190746137e-11,-1.9141811278446003e-11,-1.7227710550211403e-11,-1.722771058152176e-11,-1.914181124244646e-11,-1.722771052512997e-11,-1.722771058171314e-11,4.4684591103952495e-15,-1.7227710554931592e-11,-1.9141811080212563e-11
0.5046430051280781,-1.793302037768151e-11,0.5046433380889533,-2.337410165118359e-11,0.5046433380889545,0.5046433397744254,-1.09514273915591e-11,-1.0951427244357992e-11,-1.0951427458538595e-11,-1.9141811265103612e-11,0.5046430275423548,0.5046433297581882,0.5046433380889538,-1.0994155456690567e-11,-1.095142690951516e-11,-1.0951427069054624e-11,-1.7933020579320813e-11,0.504643338088954,0.5046433380889537,-1.0994155140232876e-11,0.5046433380889538,-2.07682299962124e-11,0.5046432831645876,-1.095142670255581e-11,0.5046433380889539,0.5046433394713552,-1.0951427045738394e-11,-1.0951427064242977e-11,0.5046433380889537,-1.2296388152114692e-11,-1.0951427391435918e-11,-1.8953872386914832e-11,-1.0951426822995656e-11,0.5046433333357538
0.5046429975588049,-1.7933020092763777e-11,0.5046433297581878,-4.6346562186556926e-08,0.5046433297581889,0.5046433314436601,-1.056738354039929e-11,-1.0567383492091134e-11,-1.0567383667713123e-11,-3.795470549798486e-08,0.5046433297581882,0.5046430108808189,0.5046433297581888,-1.0610111784035276e-11,-1.0567383265165328e-11,-1.0567383348194545e-11,-1.7933020384642647e-11,0.5046433297581888,0.504643329758188,-1.0610111388173396e-11,0.504643329758188,-4.1179595891484186e-08,0.5046432755953112,-1.056738306500046e-11,0.5046433297581884,0.504643331140589,-1.0567383275770846e-11,-1.056738336721099e-11,0.5046433297581887,-1.1912344384720798e-11,-1.0567383605214546e-11,-3.758205718834824e-08,-1.0567383097330456e-11,0.5046433250049887
0.5046430051280775,-1.7933020313568717e-11,0.5046433380889531,-2.3374101621971654e-11,0.5046433380889548,0.5046433397744258,-1.0951427561919912e-11,-1.0951427433617392e-11,-1.095142762546235e-11,-1.9141811158483408e-11,0.5046433380889538,0.5046433297581888,0.5046430275423546,-1.099415589708773e-11,-1.0951427206673378e-11,-1.0951427358178548e-11,-1.7933020579136865e-11,0.5046433380889538,0.504643338088954,-1.0994155458514214e-11,0.5046433380889537,-2.0768230058219995e-11,0.5046432831645872,-1.0951426935233965e-11,0.5046433380889542,0.5046433394713553,-1.0951427334958378e-11,-1.0951427360378729e-11,0.5046433380889539,-1.2296388439895289e-11,-1.095142759153105e-11,-1.8953872208102847e-11,-1.0951427133031026e-11,0.5046433333357546
0.4953582469225277,-1.7806491125464097e-11,-1.0994155087386237e-11,-1.715097503579963e-11,-1.0994157468544363e-11,-1.2314561167900455e-11,0.4953585750468066,0.49535857504680714,0.49535857504680747,-1.7227710533355995e-11,-1.0994155456690567e-11,-1.0610111784035276e-11,-1.099415589708773e-11,0.49535826496246255,0.49535857504680647,0.4953585750468063,-1.7806490568181174e-11,-1.0994155831020968e-11,-1.0994155917962108e-11,0.49535857550906515,-1.0994155953722966e-11,-1.8828913755241145e-11,0.495358522382375,0.49535857504680647,-1.0994156253218299e-11,-1.1079410498870076e-11,0.49535857504680714,0.4953585750468072,-1.0994155477189854e-11,0.49535857557039314,0.4953585750468073,-4.1274991546543825e-08,0.49535857504680697,-1.0788579947941212e-11
0.4953582465449922,-1.7806491139038215e-11,-1.0951426370298842e-11,-1.7150974973451846e-11,-1.095142870711748e-11,-1.227183256536854e-11,0.4953585745845469,0.4953585745845474,0.4953585745845476,-1.7227710581521032e-11,-1.095142690951516e-11,-1.0567383265165328e-11,-1.0951427206673378e-11,0.49535857504680647,0.49535826403794625,0.4953585745845471,-1.780649067681604e-11,-1.0951427093955822e-11,-1.0951427219730713e-11,0.4953585750468065,-1.0951427252565567e-11,-1.882891374469076e-11,0.495358522004839,0.4953585745845472,-1.0951427532039106e-11,-1.1036681791254103e-11,0.4953585745845476,0.4953585745845475,-1.0951426807411317e-11,0.4953585751081342,0.4953585745845481,-2.081634083190365e-11,0.49535857458454746,-1.0745851330724137e-11
0.4953582465449951,-1.7806491139038215e-11,-1.0951426501941003e-11,-1.7150974953618578e-11,-1.0951428840575367e-11,-1.2271832842922736e-11,0.4953585745845471,0.4953585745845478,0.4953585745845479,-1.7227710572589976e-11,-1.0951427069054624e-11,-1.0567383348194545e-11,-1.0951427358178548e-11,0.4953585750468063,0.4953585745845471,0.49535826403794636,-1.7806490690564168e-11,-1.0951427149856465e-11,-1.0951427383138763e-11,0.4953585750468063,-1.095142746100923e-11,-1.8828913805814615e-11,0.49535852200483854,0.49535857458454713,-1.0951427604649025e-11,-1.1036681995610756e-11,0.49535857458454746,0.4953585745845474,-1.0951427045767973e-11,0.495358575108134,0.4953585745845481,-2.081634083190365e-11,0.4953585745845475,-1.0745851440111955e-11
-2.0140151725224407e-07,1.423995987252252e-18,-1.7933020601476568e-11,2.3667801534483082e-18,-1.7933020601475702e-11,-1.7933020710999055e-11,-1.780649067681604e-11,-1.780649067681604e-11,-1.780649066873381e-11,1.368811303502325e-18,-1.7933020579320813e-11,-1.7933020384642647e-11,-1.7933020579136865e-11,-1.7806490568181174e-11,-1.780649067681604e-11,-1.7806490690564168e-11,-3.105466400765375e-07,-1.7933020592505603e-11,-1.79330206058107e-11,-1.7806490568181174e-11,-1.7933020606321426e-11,2.1957704361642813e-18,-7.086490142751075e-08,-1.7806490649125372e-11,-1.7933020579320047e-11,-1.7933020694913465e-11,-1.780649066873381e-11,-1.780649067681604e-11,-1.793302059840237e-11,-1.7806490550200016e-11,-1.780649067681604e-11,2.3828191815440323e-18,-1.780649066873381e-11,-1.7933020396090165e-11
0.5046430051280796,-1.7933020313568717e-11,0.5046433380889531,-2.3374101629072272e-11,0.5046433380889551,0.5046433397744254,-1.0951427400347048e-11,-1.0951427414469468e-11,-1.0951427514152461e-11,-1.9141811190819752e-11,0.504643338088954,0.5046433297581888,0.5046433380889538,-1.0994155831020968e-11,-1.0951427093955822e-11,-1.0951427149856465e-11,-1.7933020592505603e-11,0.5046430275423516,0.5046433380889537,-1.0994155337092582e-11,0.5046433380889539,-2.0768230071532918e-11,0.5046432831645872,-1.095142687190341e-11,0.5046433380889541,0.5046433394713553,-1.095142719686208e-11,-1.0951427289083302e-11,0.5046433380889538,-1.2296388291387827e-11,-1.095142757792056e-11,-1.8953872208102847e-11,-1.0951426997807718e-11,0.5046433333357546
0.5046430051280792,-1.7933020323108685e-11,0.5046433380889527,-2.3374101621971654e-11,0.5046433380889542,0.5046433397744252,-1.095142749995849e-11,-1.0951427440932672e-11,-1.0951427727827797e-11,-1.9141811190746137e-11,0.5046433380889537,0.504643329758188,0.504643338088954,-1.0994155917962108e-11,-1.0951427219730713e-11,-1.0951427383138763e-11,-1.79330206058107e-11,0.5046433380889537,0.5046430275423548,-1.0994155428475446e-11,0.5046433380889533,-2.076823007670499e-11,0.5046432831645864,-1.095142702209903e-11,0.5046433380889536,0.5046433394713541,-1.0951427358023125e-11,-1.095142735654613e-11,0.5046433380889535,-1.2296388415058118e-11,-1.0951427660241213e-11,-1.8953872386914832e-11,-1.095142707919895e-11,0.504643333335754
0.49535824692252955,-1.7806491111511376e-11,-1.0994154700427001e-11,-1.7150975023697136e-11,-1.0994156946180827e-11,-1.2314560925548624e-11,0.4953585750468063,0.4953585750468068,0.4953585750468064,-1.7227710747910687e-11,-1.0994155140232876e-11,-1.0610111388173396e-11,-1.0994155458514214e-11,0.49535857550906515,0.4953585750468065,0.4953585750468063,-1.7806490568181174e-11,-1.0994155337092582e-11,-1.0994155428475446e-11,0.495358264962462,-1.0994155516863253e-11,-1.882891381100305e-11,0.49535852238237527,0.4953585750468063,-1.0994155792757504e-11,-1.1079410042697166e-11,0.4953585750468068,0.4953585750468066,-1.0994155126227285e-11,0.495358575570393,0.4953585750468068,-4.1274991546543864e-08,0.49535857504680597,-1.0788579481216571e-11
0.5046430051280796,-1.7933020323108685e-11,0.5046433380889531,-2.3374101621971654e-11,0.5046433380889545,0.5046433397744251,-1.0951427683901304e-11,-1.0951427595594973e-11,-1.0951427769638137e-11,-1.9141811190746137e-11,0.5046433380889538,0.504643329758188,0.5046433380889537,-1.0994155953722966e-11,-1.0951427252565567e-11,-1.095142746100923e-11,-1.7933020606321426e-11,0.5046433380889539,0.5046433380889533,-1.0994155516863253e-11,0.5046430275423531,-2.0768230071532918e-11,0.5046432831645868,-1.0951427101292332e-11,0.5046433380889539,0.504643339471355,-1.0951427305870288e-11,-1.0951427361301995e-11,0.5046433380889535,-1.2296388437422911e-11,-1.0951427698789942e-11,-1.895387232874097e-11,-1.0951427192882962e-11,0.504643333335754
-2.0905049059828985e-07,2.0728972407346543e-18,-2.076822998944389e-11,4.957235435412176e-15,-2.076823005025802e-11,-2.076822982019197e-11,-1.8828913805814615e-11,-1.8828913821339238e-11,-1.8828913805814615e-11,1.995555020088464e-18,-2.07682299962124e-11,-4.1179595891484186e-08,-2.0768230058219995e-11,-1.8828913755241145e-11,-1.882891374469076e-11,-1.8828913805814615e-11,2.1957704361642813e-18,-2.0768230071532918e-11,-2.076823007670499e-11,-1.882891381100305e-11,-2.0768230071532918e-11,-3.10546636270349e-07,-7.851387969984154e-08,-1.8828913785112782e-11,-2.0768230095849026e-11,-2.0768230115200186e-11,-1.8828913832193147e-11,-1.8828913805814615e-11,-2.076823002487887e-11,-3.733428763988272e-08,-1.8828913805814615e-11,1.9868602092876517e-18,-1.8828913805814615e-11,-4.117959618225195e-08
1.0000013181350103,-7.086490182962302e-08,0.5046432831645882,-8.03538005810586e-08,0.5046432831645835,0.5046432822319372,0.49535852200483804,0.49535852200483904,0.49535852200483854,-7.211409678710384e-08,0.5046432831645876,0.5046432755953112,0.5046432831645872,0.495358522382375,0.495358522004839,0.49535852200483854,-7.086490142751075e-08,0.5046432831645872,0.5046432831645864,0.49535852238237527,0.5046432831645868,-7.851387969984154e-08,1.0000014305481302,0.4953585220048395,0.5046432831645865,0.5046432843779438,0.4953585220048392,0.495358522004839,0.5046432831645873,0.4953585198616139,0.49535852200483843,-7.885704465433662e-08,0.4953585220048392,0.5046432788190073
0.495358246544994,-1.7806491088495984e-11,-1.0951426176258688e-11,-1.7150975067646227e-11,-1.0951428366076789e-11,-1.2271832409179916e-11,0.49535857458454713,0.4953585745845477,0.4953585745845477,-1.7227710583692575e-11,-1.095142670255581e-11,-1.056738306500046e-11,-1.0951426935233965e-11,0.49535857504680647,0.4953585745845472,0.49535857458454713,-1.7806490649125372e-11,-1.095142687190341e-11,-1.095142702209903e-11,0.4953585750468063,-1.0951427101292332e-11,-1.8828913785112782e-11,0.4953585220048395,0.49535826403794636,-1.0951427249051127e-11,-1.1036681641997196e-11,0.4953585745845476,0.4953585745845475,-1.0951426683921547e-11,0.49535857510813425,0.4953585745845478,-2.0816340818362272e-11,0.4953585745845474,-1.0745851060906759e-11
0.5046430051280787,-1.7933020350906076e-11,0.5046433380889536,-2.3374101621971654e-11,0.5046433380889546,0.5046433397744255,-1.0951427855045602e-11,-1.095142791060819e-11,-1.0951427927967064e-11,-1.9141811190746137e-11,0.5046433380889539,0.5046433297581884,0.5046433380889542,-1.0994156253218299e-11,-1.0951427532039106e-11,-1.0951427604649025e-11,-1.7933020579320047e-11,0.5046433380889541,0.5046433380889536,-1.0994155792757504e-11,0.5046433380889539,-2.0768230095849026e-11,0.5046432831645865,-1.0951427249051127e-11,0.5046430275423541,0.5046433394713556,-1.0951427683496766e-11,-1.0951427699959097e-11,0.5046433380889543,-1.2296388741411241e-11,-1.095142799865318e-11,-1.895387232874097e-11,-1.0951427510146517e-11,0.5046433333357546
0.5046430063414336,-1.793302036587584e-11,0.5046433394713541,-4.634656309527152e-08,0.5046433394713556,0.5046433411568267,-1.1036682289202765e-11,-1.1036682028733001e-11,-1.1036682278662403e-11,-1.9141811278446003e-11,0.5046433394713552,0.504643331140589,0.5046433394713553,-1.1079410498870076e-11,-1.1036681791254103e-11,-1.1036681995610756e-11,-1.7933020694913465e-11,0.5046433394713553,0.5046433394713541,-1.1079410042697166e-11,0.504643339471355,-2.0768230115200186e-11,0.5046432843779438,-1.1036681641997196e-11,0.5046433394713556,0.5046430303071544,-1.1036681927685671e-11,-1.1036682014629071e-11,0.5046433394713548,-1.2381642974741358e-11,-1.1036682377845404e-11,-1.8953872434717846e-11,-1.1036681719940315e-11,0.5046433347181556
0.4953582465449943,-1.7806491088495984e-11,-1.0951426529406962e-11,-1.7150974935668042e-11,-1.0951428871946418e-11,-1.2271832740641251e-11,0.4953585745845473,0.49535857458454774,0.4953585745845479,-1.7227710550211403e-11,-1.0951427045738394e-11,-1.0567383275770846e-11,-1.0951427334958378e-11,0.49535857504680714,0.4953585745845476,0.49535857458454746,-1.780649066873381e-11,-1.095142719686208e-11,-1.0951427358023125e-11,0.4953585750468068,-1.0951427305870288e-11,-1.8828913832193147e-11,0.4953585220048392,0.4953585745845476,-1.0951427683496766e-11,-1.1036681927685671e-11,0.49535826403794747,0.4953585745845478,-1.0951427068328616e-11,0.49535857510813475,0.49535857458454835,-2.0816340719005408e-11,0.4953585745845477,-1.074585141362073e-11
0.4953582465449926,-1.7806491088495984e-11,-1.0951426611300894e-11,-1.7150975055319672e-11,-1.0951428859186551e-11,-1.2271832812699314e-11,0.4953585745845474,0.49535857458454824,0.49535857458454835,-1.722771058152176e-11,-1.0951427064242977e-11,-1.056738336721099e-11,-1.0951427360378729e-11,0.4953585750468072,0.4953585745845475,0.4953585745845474,-1.780649067681604e-11,-1.0951427289083302e-11,-1.095142735654613e-11,0.4953585750468066,-1.0951427361301995e-11,-1.8828913805814615e-11,0.495358522004839,0.4953585745845475,-1.0951427699959097e-11,-1.1036682014629071e-11,0.4953585745845478,0.49535826403794625,-1.095142710791151e-11,0.49535857510813475,0.4953585745845484,-2.081634088740289e-11,0.49535857458454774,-1.0745851570632555e-11
0.50464300512808,-1.793302037768151e-11,0.5046433380889531,-2.3374101621971654e-11,0.5046433380889542,0.5046433397744252,-1.0951427158460492e-11,-1.0951427188284337e-11,-1.095142734235894e-11,-1.914181124244646e-11,0.5046433380889537,0.5046433297581887,0.5046433380889539,-1.0994155477189854e-11,-1.0951426807411317e-11,-1.0951427045767973e-11,-1.793302059840237e-11,0.5046433380889538,0.5046433380889535,-1.0994155126227285e-11,0.5046433380889535,-2.076823002487887e-11,0.5046432831645873,-1.0951426683921547e-11,0.5046433380889543,0.5046433394713548,-1.0951427068328616e-11,-1.095142710791151e-11,0.5046430275423532,-1.2296388164840599e-11,-1.0951427345967336e-11,-1.8953872386914832e-11,-1.0951426774625776e-11,0.5046433333357545
0.4953582444017694,-1.78064910940471e-11,-1.2296387669842899e-11,-1.7150975153129964e-11,-1.229638999042872e-11,-2.6999607987826467e-08,0.4953585751081342,0.49535857510813475,0.4953585751081342,-1.722771052512997e-11,-1.2296388152114692e-11,-1.1912344384720798e-11,-1.2296388439895289e-11,0.49535857557039314,0.4953585751081342,0.495358575108134,-1.7806490550200016e-11,-1.2296388291387827e-11,-1.2296388415058118e-11,0.495358575570393,-1.2296388437422911e-11,-3.733428763988272e-08,0.4953585198616139,0.49535857510813425,-1.2296388741411241e-11,-1.2381642974741358e-11,0.49535857510813475,0.49535857510813475,-1.2296388164840599e-11,0.4953582650851217,0.49535857510813486,-2.0816340797388135e-11,0.4953585751081342,-1.2090812534416083e-11
0.4953582465449926,-1.7806491139038215e-11,-1.0951426958164376e-11,-1.7150974953618578e-11,-1.0951429164857785e-11,-1.2271833222155555e-11,0.4953585745845478,0.49535857458454835,0.49535857458454835,-1.722771058171314e-11,-1.0951427391435918e-11,-1.0567383605214546e-11,-1.095142759153105e-11,0.4953585750468073,0.4953585745845481,0.4953585745845481,-1.780649067681604e-11,-1.095142757792056e-11,-1.0951427660241213e-11,0.4953585750468068,-1.0951427698789942e-11,-1.8828913805814615e-11,0.49535852200483843,0.4953585745845478,-1.095142799865318e-11,-1.1036682377845404e-11,0.49535857458454835,0.4953585745845484,-1.0951427345967336e-11,0.49535857510813486,0.49535826403794636,-2.081634083190365e-11,0.4953585745845481,-1.0745851790087927e-11
-2.0939365866393495e-07,1.7670715473725866e-18,-1.8953872385734478e-11,2.1321746913657917e-18,-1.8953872385734478e-11,-1.8953872428262767e-11,-2.081634083190365e-11,-2.081634083190365e-11,-2.081634080205574e-11,4.4684591103952495e-15,-1.8953872386914832e-11,-3.758205718834824e-08,-1.8953872208102847e-11,-4.1274991546543825e-08,-2.081634083190365e-11,-2.081634083190365e-11,2.3828191815440323e-18,-1.8953872208102847e-11,-1.8953872386914832e-11,-4.1274991546543864e-08,-1.895387232874097e-11,1.9868602092876517e-18,-7.885704465433662e-08,-2.0816340818362272e-11,-1.895387232874097e-11,-1.8953872434717846e-11,-2.0816340719005408e-11,-2.081634088740289e-11,-1.8953872386914832e-11,-2.0816340797388135e-11,-2.081634083190365e-11,-3.1054663805136886e-07,-2.0816340719005408e-11,-1.8953872199607395e-11
0.4953582465449946,-1.7806491125336996e-11,-1.0951426387253817e-11,-1.7150975055319672e-11,-1.095142862799273e-11,-1.2271832463441462e-11,0.49535857458454746,0.4953585745845478,0.49535857458454746,-1.7227710554931592e-11,-1.0951426822995656e-11,-1.0567383097330456e-11,-1.0951427133031026e-11,0.49535857504680697,0.49535857458454746,0.4953585745845475,-1.780649066873381e-11,-1.0951426997807718e-11,-1.095142707919895e-11,0.49535857504680597,-1.0951427192882962e-11,-1.8828913805814615e-11,0.4953585220048392,0.4953585745845474,-1.0951427510146517e-11,-1.1036681719940315e-11,0.4953585745845477,0.49535857458454774,-1.0951426774625776e-11,0.4953585751081342,0.4953585745845481,-2.0816340719005408e-11,0.4953582640379459,-1.0745851233165178e-11
0.5046430007825002,-1.7933020164253146e-11,0.5046433333357541,-4.634656252041276e-08,0.5046433333357551,0.5046433350212266,-1.0745851653963303e-11,-1.0745851554225248e-11,-1.074585174617807e-11,-1.9141811080212563e-11,0.5046433333357538,0.5046433250049887,0.5046433333357546,-1.0788579947941212e-11,-1.0745851330724137e-11,-1.0745851440111955e-11,-1.7933020396090165e-11,0.5046433333357546,0.504643333335754,-1.0788579481216571e-11,0.504643333335754,-4.117959618225195e-08,0.5046432788190073,-1.0745851060906759e-11,0.5046433333357546,0.5046433347181556,-1.074585141362073e-11,-1.0745851570632555e-11,0.5046433333357545,-1.2090812534416083e-11,-1.0745851790087927e-11,-1.8953872199607395e-11,-1.0745851233165178e-11,0.504643018035954
