0.9999999991049253,1.0000052327175877,1.0000052327175966,-1.982406487608369e-06,1.0000055273885369,1.0000052327175932,1.0000052327175932,1.0000052327175932,1.0000055273885369,1.0000055273885393,1.0000055273885342,1.0000055273885393,1.00000523271759,1.0000052304290683,1.0000052327175946,1.0000052327175946,1.0000052327175946,-2.0137845947399107e-06,1.0000052327175932,1.0000052327175872,1.0000052304290694,1.0000052327175932,-2.013784594191478e-06,1.0000055273885369,1.0000052327175872,1.00000523271759,1.00000523271759,-2.0137845954597384e-06,1.00000523271759,1.0000055273885364,1.0000052327175966,1.0000052327175966,1.0000052327175966,1.0000052327175966,1.0000052327175966,1.00000523271759,1.000005527388537,1.000005527388537,1.0000052327175923,-2.0137845947231115e-06,1.00000523271759,1.0000055273885369,1.000005527388537,1.0000055273885369,1.00000523271759,1.0000055273885362,-1.9824064889806567e-06,1.0000052327175966,1.0000052327175966
1.0000052327175877,1.0000053128534654,1.0000085184774026,-2.8054203381938903e-07,1.0000088131488212,1.000008518477402,1.000008518477402,1.000008518477402,1.0000088131488212,1.0000088131488205,1.0000088131488203,1.0000088131488218,1.0000085184774012,1.0000085161888745,1.0000085184774021,1.0000085184774024,1.0000085184774021,-3.119202073238728e-07,1.0000085184774026,1.0000085184774012,1.0000085161888759,1.0000085184774026,-3.1192020743287223e-07,1.0000088131488223,1.0000085184774012,1.0000085184774021,1.0000085184774021,-3.119202081488636e-07,1.0000085184774021,1.0000088131488212,1.0000085184774024,1.000008518477402,1.0000085184774024,1.0000085184774024,1.0000085184774024,1.0000085184774012,1.0000088131488223,1.0000088131488205,1.0000085184774012,-3.119202073835889e-07,1.0000085184774012,1.0000088131488212,1.0000088131488203,1.0000088131488212,1.0000085184774012,1.000008813148821,-2.8054203354602794e-07,1.0000085184774024,1.0000085184774024
1.0000052327175966,1.0000085184774026,1.0000053128534767,-2.8054203381938787e-07,1.0000088131488236,1.000008518477406,1.000008518477406,1.000008518477406,1.0000088131488236,1.000008813148823,1.000008813148823,1.0000088131488243,1.0000085184774046,1.0000085161888774,1.000008518477405,1.000008518477405,1.000008518477405,-3.1192020732387227e-07,1.0000085184774046,1.0000085184774037,1.0000085161888783,1.0000085184774046,-3.1192020743287207e-07,1.000008813148824,1.0000085184774037,1.0000085184774046,1.0000085184774046,-3.1192020814886203e-07,1.0000085184774046,1.000008813148824,1.0000085184774055,1.0000085184774052,1.0000085184774055,1.0000085184774055,1.0000085184774055,1.0000085184774046,1.000008813148824,1.000008813148824,1.0000085184774041,-3.119202073835876e-07,1.0000085184774046,1.0000088131488243,1.000008813148824,1.0000088131488243,1.0000085184774046,1.0000088131488234,-2.805420335460281e-07,1.000008518477405,1.000008518477405
-1.982406487608369e-06,-2.8054203381938903e-07,-2.8054203381938787e-07,-3.2056242642964986e-06,-1.410984792721417e-10,-2.805420338193883e-07,-2.805420338193883e-07,-2.805420338193883e-07,-1.4109847916697922e-10,-1.410984792721147e-10,-1.4109847916035032e-10,-1.4109847942148656e-10,-2.805420338193874e-07,-1.41098438810526e-10,-2.8054203381938845e-07,-2.8054203381938845e-07,-2.8054203381938845e-07,3.170256147813883e-17,-2.805420338193884e-07,-2.805420338193884e-07,-1.410984388095465e-10,-2.805420338193884e-07,3.137245907543058e-17,-1.4109847917771062e-10,-2.805420338193884e-07,-2.8054203381938845e-07,-2.8054203381938845e-07,3.22961697229914e-17,-2.8054203381938845e-07,-1.4109847917771062e-10,-2.8054203381938813e-07,-2.80542033819388e-07,-2.8054203381938813e-07,-2.8054203381938813e-07,-2.8054203381938813e-07,-2.805420338193874e-07,-1.410984792721147e-10,-1.4109847920191354e-10,-2.805420338193878e-07,3.137245907543058e-17,-2.8054203381938697e-07,-1.4109847920191354e-10,-1.4109847942148656e-10,-1.4109847916035032e-10,-2.8054203381938697e-07,-1.410984792721147e-10,5.838083664259006e-14,-2.805420338193884e-07,-2.805420338193884e-07
1.0000055273885369,1.0000088131488212,1.0000088131488236,-1.410984792721417e-10,1.0000059021964205,1.0000088131488236,1.0000088131488236,1.0000088131488236,1.00000910782033,1.0000091078203304,1.0000091078203315,1.0000091078203317,1.0000088131488223,1.0000088108602982,1.0000088131488236,1.0000088131488236,1.0000088131488236,-1.568801178695955e-10,1.0000088131488227,1.000008813148822,1.0000088108602974,1.0000088131488227,-1.56880117845262e-10,1.0000091078203313,1.000008813148822,1.0000088131488223,1.0000088131488223,-1.5688011823223298e-10,1.0000088131488223,1.00000910782033,1.0000088131488243,1.000008813148824,1.0000088131488243,1.0000088131488243,1.0000088131488243,1.0000088131488223,1.0000091078203313,1.000009107820331,1.0000088131488227,-1.5688011793639768e-10,1.0000088131488223,1.00000910782033,1.0000091078203313,1.00000910782033,1.0000088131488223,1.0000091078203306,-1.4109847907522018e-10,1.000008813148824,1.000008813148824
1.0000052327175932,1.000008518477402,1.000008518477406,-2.805420338193883e-07,1.0000088131488236,1.0000053128534698,1.0000085184774046,1.0000085184774046,1.0000088131488243,1.0000088131488223,1.0000088131488236,1.0000088131488234,1.0000085184774032,1.000008516188877,1.0000085184774052,1.000008518477405,1.0000085184774052,-3.119202073238721e-07,1.0000085184774046,1.0000085184774041,1.0000085161888776,1.0000085184774046,-3.1192020743287165e-07,1.0000088131488243,1.0000085184774041,1.0000085184774046,1.0000085184774046,-3.1192020814886256e-07,1.0000085184774046,1.0000088131488236,1.000008518477406,1.000008518477405,1.000008518477406,1.000008518477406,1.000008518477406,1.0000085184774032,1.0000088131488243,1.0000088131488225,1.0000085184774041,-3.119202073835889e-07,1.0000085184774028,1.0000088131488236,1.0000088131488232,1.0000088131488236,1.0000085184774028,1.0000088131488236,-2.8054203354602794e-07,1.000008518477405,1.000008518477405
1.0000052327175932,1.000008518477402,1.000008518477406,-2.805420338193883e-07,1.0000088131488236,1.0000085184774046,1.0000053128534698,1.0000085184774046,1.0000088131488243,1.0000088131488223,1.0000088131488236,1.0000088131488234,1.0000085184774032,1.000008516188877,1.0000085184774052,1.000008518477405,1.0000085184774052,-3.119202073238721e-07,1.0000085184774046,1.0000085184774041,1.0000085161888776,1.0000085184774046,-3.1192020743287165e-07,1.0000088131488243,1.0000085184774041,1.0000085184774046,1.0000085184774046,-3.1192020814886256e-07,1.0000085184774046,1.0000088131488236,1.000008518477406,1.000008518477405,1.000008518477406,1.000008518477406,1.000008518477406,1.0000085184774032,1.0000088131488243,1.0000088131488225,1.0000085184774041,-3.119202073835889e-07,1.0000085184774028,1.0000088131488236,1.0000088131488232,1.0000088131488236,1.0000085184774028,1.0000088131488236,-2.8054203354602794e-07,1.000008518477405,1.000008518477405
1.0000052327175932,1.000008518477402,1.000008518477406,-2.805420338193883e-07,1.0000088131488236,1.0000085184774046,1.0000085184774046,1.0000053128534698,1.0000088131488243,1.0000088131488223,1.0000088131488236,1.0000088131488234,1.0000085184774032,1.000008516188877,1.0000085184774052,1.000008518477405,1.0000085184774052,-3.119202073238721e-07,1.0000085184774046,1.0000085184774041,1.0000085161888776,1.0000085184774046,-3.1192020743287165e-07,1.0000088131488243,1.0000085184774041,1.0000085184774046,1.0000085184774046,-3.1192020814886256e-07,1.0000085184774046,1.0000088131488236,1.000008518477406,1.000008518477405,1.000008518477406,1.000008518477406,1.000008518477406,1.0000085184774032,1.0000088131488243,1.0000088131488225,1.0000085184774041,-3.119202073835889e-07,1.0000085184774028,1.0000088131488236,1.0000088131488232,1.0000088131488236,1.0000085184774028,1.0000088131488236,-2.8054203354602794e-07,1.000008518477405,1.000008518477405
1.0000055273885369,1.0000088131488212,1.0000088131488236,-1.4109847916697922e-10,1.00000910782033,1.0000088131488243,1.0000088131488243,1.0000088131488243,1.0000059021964214,1.0000091078203308,1.0000091078203315,1.0000091078203315,1.0000088131488223,1.0000088108602982,1.0000088131488236,1.0000088131488236,1.0000088131488236,-1.5688011795240295e-10,1.0000088131488236,1.000008813148822,1.0000088108602982,1.0000088131488236,-1.5688011797976952e-10,1.0000091078203313,1.000008813148822,1.0000088131488227,1.0000088131488227,-1.5688011830794382e-10,1.0000088131488227,1.0000091078203308,1.0000088131488243,1.0000088131488236,1.0000088131488243,1.0000088131488243,1.0000088131488243,1.0000088131488223,1.0000091078203306,1.0000091078203306,1.000008813148823,-1.5688011776439447e-10,1.0000088131488223,1.00000910782033,1.0000091078203313,1.00000910782033,1.0000088131488223,1.0000091078203308,-1.410984793450474e-10,1.000008813148824,1.000008813148824
1.0000055273885393,1.0000088131488205,1.000008813148823,-1.410984792721147e-10,1.0000091078203304,1.0000088131488223,1.0000088131488223,1.0000088131488223,1.0000091078203308,1.0000059021964105,1.0000091078203306,1.0000091078203324,1.0000088131488227,1.0000088108602976,1.0000088131488243,1.0000088131488243,1.0000088131488243,-1.5688011788837566e-10,1.0000088131488225,1.0000088131488214,1.0000088108602985,1.0000088131488225,-1.5688011797976952e-10,1.0000091078203315,1.0000088131488214,1.0000088131488225,1.0000088131488225,-1.568801181226623e-10,1.0000088131488225,1.000009107820331,1.0000088131488236,1.000008813148823,1.0000088131488236,1.0000088131488236,1.0000088131488236,1.0000088131488227,1.0000091078203313,1.000009107820331,1.000008813148822,-1.5688011797151318e-10,1.0000088131488227,1.0000091078203308,1.0000091078203308,1.0000091078203308,1.0000088131488227,1.0000091078203308,-1.4109847912324414e-10,1.0000088131488232,1.0000088131488232
1.0000055273885342,1.0000088131488203,1.000008813148823,-1.4109847916035032e-10,1.0000091078203315,1.0000088131488236,1.0000088131488236,1.0000088131488236,1.0000091078203315,1.0000091078203306,1.0000059021964147,1.0000091078203317,1.0000088131488234,1.0000088108602974,1.0000088131488236,1.0000088131488236,1.0000088131488236,-1.5688011787250206e-10,1.0000088131488223,1.0000088131488223,1.0000088108602974,1.0000088131488223,-1.5688011800968668e-10,1.0000091078203315,1.0000088131488223,1.000008813148823,1.000008813148823,-1.568801181226623e-10,1.000008813148823,1.0000091078203315,1.0000088131488232,1.0000088131488227,1.0000088131488232,1.0000088131488232,1.0000088131488232,1.0000088131488218,1.0000091078203313,1.0000091078203306,1.0000088131488225,-1.5688011786939744e-10,1.0000088131488223,1.0000091078203315,1.0000091078203313,1.0000091078203315,1.0000088131488223,1.0000091078203313,-1.4109847910933815e-10,1.0000088131488227,1.0000088131488227
1.0000055273885393,1.0000088131488218,1.0000088131488243,-1.4109847942148656e-10,1.0000091078203317,1.0000088131488234,1.0000088131488234,1.0000088131488234,1.0000091078203315,1.0000091078203324,1.0000091078203317,1.0000059021964203,1.0000088131488234,1.0000088108602985,1.000008813148824,1.000008813148824,1.000008813148824,-1.5688011767449632e-10,1.0000088131488227,1.0000088131488225,1.0000088108602971,1.0000088131488227,-1.5688011797976952e-10,1.0000091078203324,1.0000088131488225,1.0000088131488232,1.0000088131488232,-1.5688011827988657e-10,1.0000088131488232,1.0000091078203315,1.000008813148824,1.000008813148824,1.000008813148824,1.000008813148824,1.000008813148824,1.0000088131488232,1.0000091078203324,1.0000091078203315,1.0000088131488227,-1.5688011794324187e-10,1.0000088131488232,1.0000091078203317,1.0000091078203321,1.0000091078203317,1.0000088131488232,1.0000091078203317,-1.4109847928627957e-10,1.0000088131488243,1.0000088131488243
1.00000523271759,1.0000085184774012,1.0000085184774046,-2.805420338193874e-07,1.0000088131488223,1.0000085184774032,1.0000085184774032,1.0000085184774032,1.0000088131488223,1.0000088131488227,1.0000088131488234,1.0000088131488234,1.0000053128534718,1.0000085161888763,1.0000085184774048,1.0000085184774048,1.0000085184774048,-3.1192020732387195e-07,1.0000085184774037,1.000008518477403,1.0000085161888774,1.0000085184774037,-3.119202074328716e-07,1.0000088131488232,1.000008518477403,1.0000085184774032,1.0000085184774032,-3.1192020814886203e-07,1.0000085184774032,1.0000088131488227,1.000008518477405,1.0000085184774046,1.000008518477405,1.000008518477405,1.000008518477405,1.0000085184774026,1.0000088131488232,1.0000088131488227,1.0000085184774032,-3.119202073835882e-07,1.0000085184774026,1.0000088131488227,1.000008813148823,1.0000088131488227,1.0000085184774026,1.0000088131488236,-2.805420335460275e-07,1.0000085184774044,1.0000085184774044
1.0000052304290683,1.0000085161888745,1.0000085161888774,-1.41098438810526e-10,1.0000088108602982,1.000008516188877,1.000008516188877,1.000008516188877,1.0000088108602982,1.0000088108602976,1.0000088108602974,1.0000088108602985,1.0000085161888763,1.0000053082764133,1.000008516188877,1.000008516188877,1.000008516188877,-3.1192020663016584e-07,1.0000085161888765,1.0000085161888763,1.0000085139003507,1.0000085161888765,-3.1192020673916463e-07,1.0000088108602978,1.0000085161888763,1.000008516188877,1.000008516188877,-3.11920207455155e-07,1.000008516188877,1.0000088108602974,1.000008516188878,1.0000085161888776,1.000008516188878,1.000008516188878,1.000008516188878,1.000008516188876,1.0000088108602971,1.000008810860297,1.0000085161888763,-3.1192020668988166e-07,1.000008516188876,1.0000088108602982,1.0000088108602978,1.0000088108602982,1.000008516188876,1.0000088108602978,-1.4109843867366773e-10,1.0000085161888776,1.0000085161888776
1.0000052327175946,1.0000085184774021,1.000008518477405,-2.8054203381938845e-07,1.0000088131488236,1.0000085184774052,1.0000085184774052,1.0000085184774052,1.0000088131488236,1.0000088131488243,1.0000088131488236,1.000008813148824,1.0000085184774048,1.000008516188877,1.0000053128534712,1.0000085184774046,1.0000085184774046,-3.1192020732387254e-07,1.0000085184774041,1.0000085184774037,1.0000085161888779,1.0000085184774041,-3.1192020743287175e-07,1.0000088131488236,1.0000085184774037,1.0000085184774046,1.0000085184774046,-3.1192020814886246e-07,1.0000085184774046,1.0000088131488236,1.000008518477405,1.0000085184774046,1.000008518477405,1.000008518477405,1.000008518477405,1.0000085184774046,1.0000088131488236,1.0000088131488232,1.0000085184774046,-3.119202073835881e-07,1.0000085184774046,1.0000088131488236,1.0000088131488232,1.0000088131488236,1.0000085184774046,1.0000088131488232,-2.805420335460285e-07,1.0000085184774046,1.0000085184774046
1.0000052327175946,1.0000085184774024,1.000008518477405,-2.8054203381938845e-07,1.0000088131488236,1.000008518477405,1.000008518477405,1.000008518477405,1.0000088131488236,1.0000088131488243,1.0000088131488236,1.000008813148824,1.0000085184774048,1.000008516188877,1.0000085184774046,1.0000053128534712,1.0000085184774046,-3.1192020732387254e-07,1.0000085184774044,1.0000085184774037,1.0000085161888779,1.0000085184774044,-3.1192020743287175e-07,1.0000088131488243,1.0000085184774037,1.0000085184774046,1.0000085184774046,-3.1192020814886246e-07,1.0000085184774046,1.0000088131488236,1.000008518477405,1.0000085184774046,1.000008518477405,1.000008518477405,1.000008518477405,1.0000085184774046,1.0000088131488236,1.0000088131488232,1.0000085184774046,-3.11920207383588e-07,1.0000085184774046,1.0000088131488236,1.0000088131488234,1.0000088131488236,1.0000085184774046,1.0000088131488232,-2.805420335460285e-07,1.0000085184774048,1.0000085184774048
1.0000052327175946,1.0000085184774021,1.000008518477405,-2.8054203381938845e-07,1.0000088131488236,1.0000085184774052,1.0000085184774052,1.0000085184774052,1.0000088131488236,1.0000088131488243,1.0000088131488236,1.000008813148824,1.0000085184774048,1.000008516188877,1.0000085184774046,1.0000085184774046,1.0000053128534712,-3.1192020732387254e-07,1.0000085184774041,1.0000085184774037,1.0000085161888779,1.0000085184774041,-3.1192020743287175e-07,1.0000088131488236,1.0000085184774037,1.0000085184774046,1.0000085184774046,-3.1192020814886246e-07,1.0000085184774046,1.0000088131488236,1.000008518477405,1.0000085184774046,1.000008518477405,1.000008518477405,1.000008518477405,1.0000085184774046,1.0000088131488236,1.0000088131488232,1.0000085184774046,-3.119202073835881e-07,1.0000085184774046,1.0000088131488236,1.0000088131488232,1.0000088131488236,1.0000085184774046,1.0000088131488232,-2.805420335460285e-07,1.0000085184774046,1.0000085184774046
-2.0137845947399107e-06,-3.119202073238728e-07,-3.1192020732387227e-07,3.170256147813883e-17,-1.568801178695955e-10,-3.119202073238721e-07,-3.119202073238721e-07,-3.119202073238721e-07,-1.5688011795240295e-10,-1.5688011788837566e-10,-1.5688011787250206e-10,-1.5688011767449632e-10,-3.1192020732387195e-07,-3.1192020663016584e-07,-3.1192020732387254e-07,-3.1192020732387254e-07,-3.1192020732387254e-07,-3.205624259963912e-06,-3.1192020732387195e-07,-3.119202073238713e-07,-3.119202066301657e-07,-3.1192020732387195e-07,6.87617565138116e-14,-1.568801179226971e-10,-3.119202073238713e-07,-3.1192020732387195e-07,-3.1192020732387195e-07,6.87617568594224e-14,-3.1192020732387195e-07,-1.5688011787203793e-10,-3.119202073238728e-07,-3.119202073238721e-07,-3.119202073238728e-07,-3.119202073238728e-07,-3.119202073238728e-07,-3.119202073238717e-07,-1.5688011787250206e-10,-1.568801180154567e-10,-3.119202073238713e-07,6.876175644212009e-14,-3.1192020732387164e-07,-1.568801178695955e-10,-1.568801178695955e-10,-1.5688011770680194e-10,-3.1192020732387164e-07,-1.5688011801216716e-10,3.137245907543058e-17,-3.119202073238721e-07,-3.119202073238721e-07
1.0000052327175932,1.0000085184774026,1.0000085184774046,-2.805420338193884e-07,1.0000088131488227,1.0000085184774046,1.0000085184774046,1.0000085184774046,1.0000088131488236,1.0000088131488225,1.0000088131488223,1.0000088131488227,1.0000085184774037,1.0000085161888765,1.0000085184774041,1.0000085184774044,1.0000085184774041,-3.1192020732387195e-07,1.0000053128534705,1.0000085184774028,1.0000085161888774,1.000008518477404,-3.119202074328715e-07,1.0000088131488225,1.0000085184774028,1.0000085184774032,1.0000085184774032,-3.1192020814886225e-07,1.0000085184774032,1.0000088131488227,1.0000085184774046,1.0000085184774041,1.0000085184774046,1.0000085184774046,1.0000085184774046,1.0000085184774037,1.0000088131488225,1.0000088131488227,1.0000085184774028,-3.1192020738358794e-07,1.000008518477403,1.0000088131488227,1.0000088131488225,1.0000088131488227,1.000008518477403,1.0000088131488223,-2.80542033546028e-07,1.0000085184774046,1.0000085184774046
1.0000052327175872,1.0000085184774012,1.0000085184774037,-2.805420338193884e-07,1.000008813148822,1.0000085184774041,1.0000085184774041,1.0000085184774041,1.000008813148822,1.0000088131488214,1.0000088131488223,1.0000088131488225,1.000008518477403,1.0000085161888763,1.0000085184774037,1.0000085184774037,1.0000085184774037,-3.119202073238713e-07,1.0000085184774028,1.0000053128534714,1.0000085161888768,1.0000085184774028,-3.1192020743287107e-07,1.0000088131488223,1.0000085184774028,1.0000085184774032,1.0000085184774032,-3.1192020814886203e-07,1.0000085184774032,1.000008813148822,1.0000085184774041,1.0000085184774041,1.0000085184774041,1.0000085184774041,1.0000085184774041,1.0000085184774028,1.0000088131488223,1.000008813148822,1.0000085184774028,-3.1192020738358767e-07,1.0000085184774028,1.000008813148822,1.0000088131488236,1.000008813148822,1.0000085184774028,1.0000088131488223,-2.8054203354602736e-07,1.0000085184774041,1.0000085184774041
1.0000052304290694,1.0000085161888759,1.0000085161888783,-1.410984388095465e-10,1.0000088108602974,1.0000085161888776,1.0000085161888776,1.0000085161888776,1.0000088108602982,1.0000088108602985,1.0000088108602974,1.0000088108602971,1.0000085161888774,1.0000085139003507,1.0000085161888779,1.0000085161888779,1.0000085161888779,-3.119202066301657e-07,1.0000085161888774,1.0000085161888768,1.0000053082764127,1.0000085161888774,-3.11920206739165e-07,1.0000088108602982,1.0000085161888768,1.0000085161888774,1.0000085161888774,-3.119202074551556e-07,1.0000085161888774,1.0000088108602987,1.000008516188878,1.0000085161888772,1.000008516188878,1.000008516188878,1.000008516188878,1.000008516188877,1.0000088108602982,1.0000088108602965,1.0000085161888774,-3.1192020668988166e-07,1.000008516188877,1.0000088108602974,1.000008810860297,1.0000088108602974,1.000008516188877,1.0000088108602974,-1.4109843866658905e-10,1.0000085161888774,1.0000085161888774
1.0000052327175932,1.0000085184774026,1.0000085184774046,-2.805420338193884e-07,1.0000088131488227,1.0000085184774046,1.0000085184774046,1.0000085184774046,1.0000088131488236,1.0000088131488225,1.0000088131488223,1.0000088131488227,1.0000085184774037,1.0000085161888765,1.0000085184774041,1.0000085184774044,1.0000085184774041,-3.1192020732387195e-07,1.000008518477404,1.0000085184774028,1.0000085161888774,1.0000053128534705,-3.119202074328715e-07,1.0000088131488225,1.0000085184774028,1.0000085184774032,1.0000085184774032,-3.1192020814886225e-07,1.0000085184774032,1.0000088131488227,1.0000085184774046,1.0000085184774041,1.0000085184774046,1.0000085184774046,1.0000085184774046,1.0000085184774037,1.0000088131488225,1.0000088131488227,1.0000085184774028,-3.1192020738358794e-07,1.000008518477403,1.0000088131488227,1.0000088131488225,1.0000088131488227,1.000008518477403,1.0000088131488223,-2.80542033546028e-07,1.0000085184774046,1.0000085184774046
-2.013784594191478e-06,-3.1192020743287223e-07,-3.1192020743287207e-07,3.137245907543058e-17,-1.56880117845262e-10,-3.1192020743287165e-07,-3.1192020743287165e-07,-3.1192020743287165e-07,-1.5688011797976952e-10,-1.5688011797976952e-10,-1.5688011800968668e-10,-1.5688011797976952e-10,-3.119202074328716e-07,-3.1192020673916463e-07,-3.1192020743287175e-07,-3.1192020743287175e-07,-3.1192020743287175e-07,6.87617565138116e-14,-3.119202074328715e-07,-3.1192020743287107e-07,-3.11920206739165e-07,-3.119202074328715e-07,-3.205624259963912e-06,-1.5688011800261473e-10,-3.1192020743287107e-07,-3.1192020743287107e-07,-3.1192020743287107e-07,6.876175697695031e-14,-3.1192020743287107e-07,-1.5688011782879004e-10,-3.1192020743287223e-07,-3.1192020743287175e-07,-3.1192020743287223e-07,-3.1192020743287223e-07,-3.1192020743287223e-07,-3.1192020743287107e-07,-1.5688011797976952e-10,-1.568801178145761e-10,-3.1192020743287133e-07,6.876175655964854e-14,-3.1192020743287107e-07,-1.5688011796953963e-10,-1.5688011796311662e-10,-1.5688011797976952e-10,-3.1192020743287107e-07,-1.5688011789878417e-10,3.170256147813883e-17,-3.1192020743287175e-07,-3.1192020743287175e-07
1.0000055273885369,1.0000088131488223,1.000008813148824,-1.4109847917771062e-10,1.0000091078203313,1.0000088131488243,1.0000088131488243,1.0000088131488243,1.0000091078203313,1.0000091078203315,1.0000091078203315,1.0000091078203324,1.0000088131488232,1.0000088108602978,1.0000088131488236,1.0000088131488243,1.0000088131488236,-1.568801179226971e-10,1.0000088131488225,1.0000088131488223,1.0000088108602982,1.0000088131488225,-1.5688011800261473e-10,1.0000059021964192,1.0000088131488223,1.0000088131488232,1.0000088131488232,-1.5688011827988657e-10,1.0000088131488232,1.0000091078203315,1.0000088131488243,1.0000088131488243,1.0000088131488243,1.0000088131488243,1.0000088131488243,1.0000088131488232,1.0000091078203315,1.000009107820331,1.0000088131488236,-1.5688011801211265e-10,1.0000088131488232,1.0000091078203315,1.0000091078203315,1.0000091078203315,1.0000088131488232,1.0000091078203321,-1.4109847910933815e-10,1.0000088131488245,1.0000088131488245
1.0000052327175872,1.0000085184774012,1.0000085184774037,-2.805420338193884e-07,1.000008813148822,1.0000085184774041,1.0000085184774041,1.0000085184774041,1.000008813148822,1.0000088131488214,1.0000088131488223,1.0000088131488225,1.000008518477403,1.0000085161888763,1.0000085184774037,1.0000085184774037,1.0000085184774037,-3.119202073238713e-07,1.0000085184774028,1.0000085184774028,1.0000085161888768,1.0000085184774028,-3.1192020743287107e-07,1.0000088131488223,1.0000053128534714,1.0000085184774032,1.0000085184774032,-3.1192020814886203e-07,1.0000085184774032,1.000008813148822,1.0000085184774041,1.0000085184774041,1.0000085184774041,1.0000085184774041,1.0000085184774041,1.0000085184774028,1.0000088131488223,1.000008813148822,1.0000085184774028,-3.1192020738358767e-07,1.0000085184774028,1.000008813148822,1.0000088131488236,1.000008813148822,1.0000085184774028,1.0000088131488223,-2.8054203354602736e-07,1.0000085184774041,1.0000085184774041
1.00000523271759,1.0000085184774021,1.0000085184774046,-2.8054203381938845e-07,1.0000088131488223,1.0000085184774046,1.0000085184774046,1.0000085184774046,1.0000088131488227,1.0000088131488225,1.000008813148823,1.0000088131488232,1.0000085184774032,1.000008516188877,1.0000085184774046,1.0000085184774046,1.0000085184774046,-3.1192020732387195e-07,1.0000085184774032,1.0000085184774032,1.0000085161888774,1.0000085184774032,-3.1192020743287107e-07,1.0000088131488232,1.0000085184774032,1.0000053128534714,1.000008518477404,-3.1192020814886203e-07,1.000008518477404,1.0000088131488227,1.0000085184774048,1.0000085184774044,1.0000085184774048,1.0000085184774048,1.0000085184774048,1.0000085184774032,1.0000088131488232,1.0000088131488227,1.000008518477403,-3.119202073835874e-07,1.0000085184774032,1.0000088131488227,1.0000088131488236,1.0000088131488227,1.0000085184774032,1.0000088131488232,-2.805420335460274e-07,1.0000085184774041,1.0000085184774041
1.00000523271759,1.0000085184774021,1.0000085184774046,-2.8054203381938845e-07,1.0000088131488223,1.0000085184774046,1.0000085184774046,1.0000085184774046,1.0000088131488227,1.0000088131488225,1.000008813148823,1.0000088131488232,1.0000085184774032,1.000008516188877,1.0000085184774046,1.0000085184774046,1.0000085184774046,-3.1192020732387195e-07,1.0000085184774032,1.0000085184774032,1.0000085161888774,1.0000085184774032,-3.1192020743287107e-07,1.0000088131488232,1.0000085184774032,1.000008518477404,1.0000053128534714,-3.1192020814886203e-07,1.000008518477404,1.0000088131488227,1.0000085184774048,1.0000085184774044,1.0000085184774048,1.0000085184774048,1.0000085184774048,1.0000085184774032,1.0000088131488232,1.0000088131488227,1.000008518477403,-3.119202073835874e-07,1.0000085184774032,1.0000088131488227,1.0000088131488236,1.0000088131488227,1.0000085184774032,1.0000088131488232,-2.805420335460274e-07,1.0000085184774041,1.0000085184774041
-2.0137845954597384e-06,-3.119202081488636e-07,-3.1192020814886203e-07,3.22961697229914e-17,-1.5688011823223298e-10,-3.1192020814886256e-07,-3.1192020814886256e-07,-3.1192020814886256e-07,-1.5688011830794382e-10,-1.568801181226623e-10,-1.568801181226623e-10,-1.5688011827988657e-10,-3.1192020814886203e-07,-3.11920207455155e-07,-3.1192020814886246e-07,-3.1192020814886246e-07,-3.1192020814886246e-07,6.87617568594224e-14,-3.1192020814886225e-07,-3.1192020814886203e-07,-3.119202074551556e-07,-3.1192020814886225e-07,6.876175697695031e-14,-1.5688011827988657e-10,-3.1192020814886203e-07,-3.1192020814886203e-07,-3.1192020814886203e-07,-3.205624259963912e-06,-3.1192020814886203e-07,-1.5688011817509962e-10,-3.11920208148862e-07,-3.11920208148862e-07,-3.11920208148862e-07,-3.11920208148862e-07,-3.11920208148862e-07,-3.1192020814886203e-07,-1.5688011831889295e-10,-1.5688011842217218e-10,-3.11920208148862e-07,6.876175690525933e-14,-3.1192020814886203e-07,-1.5688011817509962e-10,-1.5688011838937724e-10,-1.5688011827988657e-10,-3.1192020814886203e-07,-1.5688011837194218e-10,3.1712221717019864e-17,-3.11920208148862e-07,-3.11920208148862e-07
1.00000523271759,1.0000085184774021,1.0000085184774046,-2.8054203381938845e-07,1.0000088131488223,1.0000085184774046,1.0000085184774046,1.0000085184774046,1.0000088131488227,1.0000088131488225,1.000008813148823,1.0000088131488232,1.0000085184774032,1.000008516188877,1.0000085184774046,1.0000085184774046,1.0000085184774046,-3.1192020732387195e-07,1.0000085184774032,1.0000085184774032,1.0000085161888774,1.0000085184774032,-3.1192020743287107e-07,1.0000088131488232,1.0000085184774032,1.000008518477404,1.000008518477404,-3.1192020814886203e-07,1.0000053128534714,1.0000088131488227,1.0000085184774048,1.0000085184774044,1.0000085184774048,1.0000085184774048,1.0000085184774048,1.0000085184774032,1.0000088131488232,1.0000088131488227,1.000008518477403,-3.119202073835874e-07,1.0000085184774032,1.0000088131488227,1.0000088131488236,1.0000088131488227,1.0000085184774032,1.0000088131488232,-2.805420335460274e-07,1.0000085184774041,1.0000085184774041
1.0000055273885364,1.0000088131488212,1.000008813148824,-1.4109847917771062e-10,1.00000910782033,1.0000088131488236,1.0000088131488236,1.0000088131488236,1.0000091078203308,1.000009107820331,1.0000091078203315,1.0000091078203315,1.0000088131488227,1.0000088108602974,1.0000088131488236,1.0000088131488236,1.0000088131488236,-1.5688011787203793e-10,1.0000088131488227,1.000008813148822,1.0000088108602987,1.0000088131488227,-1.5688011782879004e-10,1.0000091078203315,1.000008813148822,1.0000088131488227,1.0000088131488227,-1.5688011817509962e-10,1.0000088131488227,1.0000059021964205,1.0000088131488243,1.000008813148824,1.0000088131488243,1.0000088131488243,1.0000088131488243,1.0000088131488223,1.0000091078203315,1.0000091078203308,1.0000088131488236,-1.5688011776439447e-10,1.0000088131488223,1.00000910782033,1.0000091078203313,1.00000910782033,1.0000088131488223,1.0000091078203313,-1.4109847910933815e-10,1.000008813148824,1.000008813148824
1.0000052327175966,1.0000085184774024,1.0000085184774055,-2.8054203381938813e-07,1.0000088131488243,1.000008518477406,1.000008518477406,1.000008518477406,1.0000088131488243,1.0000088131488236,1.0000088131488232,1.000008813148824,1.000008518477405,1.000008516188878,1.000008518477405,1.000008518477405,1.000008518477405,-3.119202073238728e-07,1.0000085184774046,1.0000085184774041,1.000008516188878,1.0000085184774046,-3.1192020743287223e-07,1.0000088131488243,1.0000085184774041,1.0000085184774048,1.0000085184774048,-3.11920208148862e-07,1.0000085184774048,1.0000088131488243,1.0000053128534732,1.0000085184774052,1.0000085184774061,1.0000085184774061,1.0000085184774061,1.0000085184774046,1.0000088131488243,1.0000088131488236,1.0000085184774048,-3.119202073835888e-07,1.0000085184774046,1.0000088131488243,1.0000088131488236,1.0000088131488243,1.0000085184774046,1.0000088131488234,-2.805420335460281e-07,1.000008518477406,1.000008518477406
1.0000052327175966,1.000008518477402,1.0000085184774052,-2.80542033819388e-07,1.000008813148824,1.000008518477405,1.000008518477405,1.000008518477405,1.0000088131488236,1.000008813148823,1.0000088131488227,1.000008813148824,1.0000085184774046,1.0000085161888776,1.0000085184774046,1.0000085184774046,1.0000085184774046,-3.119202073238721e-07,1.0000085184774041,1.0000085184774041,1.0000085161888772,1.0000085184774041,-3.1192020743287175e-07,1.0000088131488243,1.0000085184774041,1.0000085184774044,1.0000085184774044,-3.11920208148862e-07,1.0000085184774044,1.000008813148824,1.0000085184774052,1.0000053128534698,1.0000085184774052,1.0000085184774052,1.0000085184774052,1.0000085184774037,1.0000088131488243,1.000008813148823,1.0000085184774044,-3.119202073835882e-07,1.0000085184774037,1.000008813148824,1.0000088131488232,1.000008813148824,1.0000085184774037,1.000008813148823,-2.8054203354602794e-07,1.000008518477405,1.000008518477405
1.0000052327175966,1.0000085184774024,1.0000085184774055,-2.8054203381938813e-07,1.0000088131488243,1.000008518477406,1.000008518477406,1.000008518477406,1.0000088131488243,1.0000088131488236,1.0000088131488232,1.000008813148824,1.000008518477405,1.000008516188878,1.000008518477405,1.000008518477405,1.000008518477405,-3.119202073238728e-07,1.0000085184774046,1.0000085184774041,1.000008516188878,1.0000085184774046,-3.1192020743287223e-07,1.0000088131488243,1.0000085184774041,1.0000085184774048,1.0000085184774048,-3.11920208148862e-07,1.0000085184774048,1.0000088131488243,1.0000085184774061,1.0000085184774052,1.0000053128534732,1.0000085184774061,1.0000085184774061,1.0000085184774046,1.0000088131488243,1.0000088131488236,1.0000085184774048,-3.119202073835888e-07,1.0000085184774046,1.0000088131488243,1.0000088131488236,1.0000088131488243,1.0000085184774046,1.0000088131488234,-2.805420335460281e-07,1.000008518477406,1.000008518477406
1.0000052327175966,1.0000085184774024,1.0000085184774055,-2.8054203381938813e-07,1.0000088131488243,1.000008518477406,1.000008518477406,1.000008518477406,1.0000088131488243,1.0000088131488236,1.0000088131488232,1.000008813148824,1.000008518477405,1.000008516188878,1.000008518477405,1.000008518477405,1.000008518477405,-3.119202073238728e-07,1.0000085184774046,1.0000085184774041,1.000008516188878,1.0000085184774046,-3.1192020743287223e-07,1.0000088131488243,1.0000085184774041,1.0000085184774048,1.0000085184774048,-3.11920208148862e-07,1.0000085184774048,1.0000088131488243,1.0000085184774061,1.0000085184774052,1.0000085184774061,1.0000053128534732,1.0000085184774061,1.0000085184774046,1.0000088131488243,1.0000088131488236,1.0000085184774048,-3.119202073835888e-07,1.0000085184774046,1.0000088131488243,1.0000088131488236,1.0000088131488243,1.0000085184774046,1.0000088131488234,-2.805420335460281e-07,1.000008518477406,1.000008518477406
1.0000052327175966,1.0000085184774024,1.0000085184774055,-2.8054203381938813e-07,1.0000088131488243,1.000008518477406,1.000008518477406,1.000008518477406,1.0000088131488243,1.0000088131488236,1.0000088131488232,1.000008813148824,1.000008518477405,1.000008516188878,1.000008518477405,1.000008518477405,1.000008518477405,-3.119202073238728e-07,1.0000085184774046,1.0000085184774041,1.000008516188878,1.0000085184774046,-3.1192020743287223e-07,1.0000088131488243,1.0000085184774041,1.0000085184774048,1.0000085184774048,-3.11920208148862e-07,1.0000085184774048,1.0000088131488243,1.0000085184774061,1.0000085184774052,1.0000085184774061,1.0000085184774061,1.0000053128534732,1.0000085184774046,1.0000088131488243,1.0000088131488236,1.0000085184774048,-3.119202073835888e-07,1.0000085184774046,1.0000088131488243,1.0000088131488236,1.0000088131488243,1.0000085184774046,1.0000088131488234,-2.805420335460281e-07,1.000008518477406,1.000008518477406
1.00000523271759,1.0000085184774012,1.0000085184774046,-2.805420338193874e-07,1.0000088131488223,1.0000085184774032,1.0000085184774032,1.0000085184774032,1.0000088131488223,1.0000088131488227,1.0000088131488218,1.0000088131488232,1.0000085184774026,1.000008516188876,1.0000085184774046,1.0000085184774046,1.0000085184774046,-3.119202073238717e-07,1.0000085184774037,1.0000085184774028,1.000008516188877,1.0000085184774037,-3.1192020743287107e-07,1.0000088131488232,1.0000085184774028,1.0000085184774032,1.0000085184774032,-3.1192020814886203e-07,1.0000085184774032,1.0000088131488223,1.0000085184774046,1.0000085184774037,1.0000085184774046,1.0000085184774046,1.0000085184774046,1.000005312853472,1.0000088131488232,1.0000088131488227,1.0000085184774032,-3.119202073835882e-07,1.0000085184774026,1.0000088131488223,1.0000088131488223,1.0000088131488223,1.0000085184774026,1.0000088131488232,-2.805420335460272e-07,1.0000085184774044,1.0000085184774044
1.000005527388537,1.0000088131488223,1.000008813148824,-1.410984792721147e-10,1.0000091078203313,1.0000088131488243,1.0000088131488243,1.0000088131488243,1.0000091078203306,1.0000091078203313,1.0000091078203313,1.0000091078203324,1.0000088131488232,1.0000088108602971,1.0000088131488236,1.0000088131488236,1.0000088131488236,-1.5688011787250206e-10,1.0000088131488225,1.0000088131488223,1.0000088108602982,1.0000088131488225,-1.5688011797976952e-10,1.0000091078203315,1.0000088131488223,1.0000088131488232,1.0000088131488232,-1.5688011831889295e-10,1.0000088131488232,1.0000091078203315,1.0000088131488243,1.0000088131488243,1.0000088131488243,1.0000088131488243,1.0000088131488243,1.0000088131488232,1.0000059021964192,1.000009107820331,1.0000088131488227,-1.5688011776439447e-10,1.0000088131488223,1.0000091078203315,1.0000091078203315,1.0000091078203315,1.0000088131488223,1.0000091078203321,-1.410984792583087e-10,1.0000088131488243,1.0000088131488243
1.000005527388537,1.0000088131488205,1.000008813148824,-1.4109847920191354e-10,1.000009107820331,1.0000088131488225,1.0000088131488225,1.0000088131488225,1.0000091078203306,1.000009107820331,1.0000091078203306,1.0000091078203315,1.0000088131488227,1.000008810860297,1.0000088131488232,1.0000088131488232,1.0000088131488232,-1.568801180154567e-10,1.0000088131488227,1.000008813148822,1.0000088108602965,1.0000088131488227,-1.568801178145761e-10,1.000009107820331,1.000008813148822,1.0000088131488227,1.0000088131488227,-1.5688011842217218e-10,1.0000088131488227,1.0000091078203308,1.0000088131488236,1.000008813148823,1.0000088131488236,1.0000088131488236,1.0000088131488236,1.0000088131488227,1.000009107820331,1.0000059021964158,1.0000088131488223,-1.5688011776439447e-10,1.0000088131488227,1.000009107820331,1.0000091078203308,1.000009107820331,1.0000088131488227,1.0000091078203308,-1.4109847925732104e-10,1.0000088131488232,1.0000088131488232
1.0000052327175923,1.0000085184774012,1.0000085184774041,-2.805420338193878e-07,1.0000088131488227,1.0000085184774041,1.0000085184774041,1.0000085184774041,1.000008813148823,1.000008813148822,1.0000088131488225,1.0000088131488227,1.0000085184774032,1.0000085161888763,1.0000085184774046,1.0000085184774046,1.0000085184774046,-3.119202073238713e-07,1.0000085184774028,1.0000085184774028,1.0000085161888774,1.0000085184774028,-3.1192020743287133e-07,1.0000088131488236,1.0000085184774028,1.000008518477403,1.000008518477403,-3.11920208148862e-07,1.000008518477403,1.0000088131488236,1.0000085184774048,1.0000085184774044,1.0000085184774048,1.0000085184774048,1.0000085184774048,1.0000085184774032,1.0000088131488227,1.0000088131488223,1.0000053128534676,-3.1192020738358794e-07,1.0000085184774032,1.0000088131488227,1.0000088131488223,1.0000088131488227,1.0000085184774032,1.0000088131488225,-2.805420335460277e-07,1.0000085184774041,1.0000085184774041
-2.0137845947231115e-06,-3.119202073835889e-07,-3.119202073835876e-07,3.137245907543058e-17,-1.5688011793639768e-10,-3.119202073835889e-07,-3.119202073835889e-07,-3.119202073835889e-07,-1.5688011776439447e-10,-1.5688011797151318e-10,-1.5688011786939744e-10,-1.5688011794324187e-10,-3.119202073835882e-07,-3.1192020668988166e-07,-3.119202073835881e-07,-3.11920207383588e-07,-3.119202073835881e-07,6.876175644212009e-14,-3.1192020738358794e-07,-3.1192020738358767e-07,-3.1192020668988166e-07,-3.1192020738358794e-07,6.876175655964854e-14,-1.5688011801211265e-10,-3.1192020738358767e-07,-3.119202073835874e-07,-3.119202073835874e-07,6.876175690525933e-14,-3.119202073835874e-07,-1.5688011776439447e-10,-3.119202073835888e-07,-3.119202073835882e-07,-3.119202073835888e-07,-3.119202073835888e-07,-3.119202073835888e-07,-3.119202073835882e-07,-1.5688011776439447e-10,-1.5688011776439447e-10,-3.1192020738358794e-07,-3.205624259963912e-06,-3.119202073835882e-07,-1.5688011793643436e-10,-1.5688011793551502e-10,-1.5688011789920133e-10,-3.119202073835882e-07,-1.5688011819097993e-10,3.162467461681321e-17,-3.119202073835881e-07,-3.119202073835881e-07
1.00000523271759,1.0000085184774012,1.0000085184774046,-2.8054203381938697e-07,1.0000088131488223,1.0000085184774028,1.0000085184774028,1.0000085184774028,1.0000088131488223,1.0000088131488227,1.0000088131488223,1.0000088131488232,1.0000085184774026,1.000008516188876,1.0000085184774046,1.0000085184774046,1.0000085184774046,-3.1192020732387164e-07,1.000008518477403,1.0000085184774028,1.000008516188877,1.000008518477403,-3.1192020743287107e-07,1.0000088131488232,1.0000085184774028,1.0000085184774032,1.0000085184774032,-3.1192020814886203e-07,1.0000085184774032,1.0000088131488223,1.0000085184774046,1.0000085184774037,1.0000085184774046,1.0000085184774046,1.0000085184774046,1.0000085184774026,1.0000088131488223,1.0000088131488227,1.0000085184774032,-3.119202073835882e-07,1.000005312853465,1.0000088131488223,1.0000088131488227,1.0000088131488223,1.0000085184774024,1.0000088131488232,-2.805420335460272e-07,1.0000085184774046,1.0000085184774046
