1.0000000107428184,5.860501782767455e-06,4.362217540266557e-06,1.0000135675004453,1.000013567500445,4.339855110105081e-06,1.0000138827481604,1.0000135675004478,4.339855107991861e-06,1.0000135675004476,4.339855107965612e-06,1.0000135675004453,1.0000137555768411,5.86050178537674e-06,4.339855107323839e-06,6.621363829515476e-06,1.0000135675004478,1.0000135675004431,1.0000135675004471,1.0000138827481615,1.0000137555768427,4.339855107856785e-06,4.361551657250197e-06,4.339855107781469e-06,1.0000135521094995,4.3615516568159645e-06,1.000013882748156,1.0000135675004465,4.339855108149042e-06,1.0000134960801845,1.0000135521095035,1.0000135675004476,1.0000135675004431,1.000013567500445,1.000013842953016
5.860501782767455e-06,1.6706903603873695e-06,3.8639745213121146e-16,1.9024766458613727e-06,1.9024766458613714e-06,3.648709115421399e-16,9.592377364904738e-10,1.9024766458613725e-06,3.647876347750206e-16,1.902476645861372e-06,3.648980820215556e-16,1.9024766458613716e-06,9.592376048792495e-10,1.8128230559898737e-15,3.649166746514072e-16,5.065099438335663e-12,1.902476645861372e-06,1.9024766458613716e-06,1.9024766458613727e-06,9.592377365941442e-10,1.902477026847725e-06,3.647888885025899e-16,3.857267456037733e-16,3.6484958357736526e-16,1.9024766150186751e-06,3.856502474880685e-16,9.59237736719827e-10,1.9024766458613705e-06,3.648632387877244e-16,1.9024765028004532e-06,1.9024766150186802e-06,1.9024766458613716e-06,1.9024766458613714e-06,1.902476645861371e-06,9.592376959995688e-10
4.362217540266557e-06,3.8639745213121146e-16,1.6706869258335446e-06,2.0379235142356954e-10,2.0379235135636853e-10,1.5413504722255112e-13,2.0379241876489051e-10,2.0379235136754395e-10,1.541350475217191e-13,2.0379235136516252e-10,1.5413504740568307e-13,2.0379235139140847e-10,2.0379239143696598e-10,3.863865708706853e-16,1.5413504712878693e-13,5.433596519576821e-16,2.0379235136515112e-10,2.0379235142572869e-10,2.0379235141227614e-10,2.0379241859654977e-10,2.0379239143696598e-10,1.5413504749457431e-13,1.6288278661845135e-13,1.5413504756044968e-13,2.037923481346683e-10,1.6288278670716844e-13,2.0379241876489051e-10,2.037923513925239e-10,1.5413504745929832e-13,4.041858188851277e-07,2.0379234813802205e-10,2.0379235144532098e-10,2.0379235136515112e-10,2.037923513307261e-10,4.0418596549511696e-07
1.0000135675004453,1.9024766458613727e-06,2.0379235142356954e-10,1.000015407290974,1.000013736604719,1.9251706507832046e-10,1.0000140518532672,1.0000137366047188,1.925170655378677e-10,1.0000137366047184,1.9251706554536476e-10,1.0000137366047175,1.000013924681632,1.902476648094339e-06,1.925170649037859e-10,2.6633416388351597e-06,1.0000137366047188,1.0000137366047182,1.0000137366047184,1.0000140518532676,1.000013924681631,1.925170655124114e-10,2.0345661117179262e-10,1.9251706524245605e-10,1.0000137212137274,2.0345661075770756e-10,1.0000140518532667,1.0000137366047188,1.9251706558047152e-10,1.000013665184243,1.00001372121373,1.0000137366047182,1.0000137366047182,1.0000137366047188,1.0000140120580145
1.000013567500445,1.9024766458613714e-06,2.0379235135636853e-10,1.000013736604719,1.0000154072909735,1.925170649339281e-10,1.0000140518532667,1.0000137366047188,1.925170655534291e-10,1.0000137366047188,1.9251706561508458e-10,1.000013736604718,1.0000139246816315,1.9024766480943374e-06,1.9251706487998987e-10,2.663341638835158e-06,1.000013736604719,1.0000137366047182,1.0000137366047177,1.0000140518532665,1.0000139246816317,1.9251706548859587e-10,2.03456611131309e-10,1.9251706525914584e-10,1.0000137212137277,2.0345661075576172e-10,1.0000140518532667,1.0000137366047173,1.9251706567819083e-10,1.0000136651842422,1.000013721213729,1.0000137366047175,1.0000137366047175,1.0000137366047186,1.0000140120580137
4.339855110105081e-06,3.648709115421399e-16,1.5413504722255112e-13,1.9251706507832046e-10,1.925170649339281e-10,1.6706869110861022e-06,1.9251712870038005e-10,1.9251706509948664e-10,1.4557022141163768e-13,1.925170649702757e-10,1.4557022130198185e-13,1.9251706507047352e-10,1.9251710281563368e-10,3.647888885025899e-16,1.4557022104301363e-13,5.131788064755463e-16,1.925170650395789e-10,1.925170650395789e-10,1.925170649699716e-10,1.925171286951658e-10,1.9251710279270038e-10,1.4557022138625228e-13,1.538313832595266e-13,1.455702214509406e-13,1.9251706195277424e-10,1.5383138334677383e-13,1.9251712874486192e-10,1.9251706496998472e-10,1.455702213515895e-13,3.818232972877866e-07,1.9251706195277424e-10,1.925170650561167e-10,1.925170649702757e-10,1.9251706507832046e-10,1.9251712068821757e-10
1.0000138827481604,9.592377364904738e-10,2.0379241876489051e-10,1.0000140518532672,1.0000140518532667,1.9251712870038005e-10,1.0000160377881036,1.0000140518532672,1.9251712919676754e-10,1.0000140518532667,1.9251712929184407e-10,1.0000140518532665,1.000014239930216,9.592377378908954e-10,1.9251712873047963e-10,1.3428694609713934e-09,1.0000140518532672,1.0000140518532667,1.0000140518532665,1.000014367101873,1.000014239930216,1.9251712919278604e-10,2.0345667845714105e-10,1.9251712898006183e-10,1.0000140364622734,2.034566782087836e-10,1.0000143671018729,1.0000140518532665,1.9251712927553594e-10,1.0000139804327761,1.0000140364622743,1.000014051853266,1.0000140518532667,1.0000140518532667,1.0000143273066133
1.0000135675004478,1.9024766458613725e-06,2.0379235136754395e-10,1.0000137366047188,1.0000137366047188,1.9251706509948664e-10,1.0000140518532672,1.0000154072909777,1.9251706552889743e-10,1.000013736604719,1.9251706553319804e-10,1.0000137366047182,1.000013924681632,1.902476648094339e-06,1.9251706492367225e-10,2.6633416388351627e-06,1.0000137366047182,1.0000137366047188,1.0000137366047188,1.0000140518532679,1.0000139246816315,1.9251706547118633e-10,2.0345661109148176e-10,1.925170652693653e-10,1.0000137212137281,2.034566107643279e-10,1.0000140518532672,1.0000137366047182,1.9251706555698178e-10,1.000013665184242,1.0000137212137286,1.0000137366047177,1.0000137366047188,1.000013736604719,1.000014012058015
4.339855107991861e-06,3.647876347750206e-16,1.541350475217191e-13,1.925170655378677e-10,1.925170655534291e-10,1.4557022141163768e-13,1.9251712919676754e-10,1.9251706552889743e-10,1.6706869110861022e-06,1.9251706547871626e-10,1.4557022158185462e-13,1.925170655161541e-10,1.9251710334339388e-10,3.648545336427068e-16,1.4557022132288646e-13,5.131809451952955e-16,1.9251706553786786e-10,1.925170655354259e-10,1.9251706548757267e-10,1.9251712920873767e-10,1.9251710336684502e-10,1.4557022166612506e-13,1.5383138355452807e-13,1.455702217308134e-13,1.925170625038415e-10,1.538313836417754e-13,1.9251712914863057e-10,1.9251706550313328e-10,1.4557022163146236e-13,3.8182329827378277e-07,1.925170624470245e-10,1.9251706550313328e-10,1.9251706550313328e-10,1.9251706550222848e-10,1.9251712116605455e-10
1.0000135675004476,1.902476645861372e-06,2.0379235136516252e-10,1.0000137366047184,1.0000137366047188,1.925170649702757e-10,1.0000140518532667,1.000013736604719,1.9251706547871626e-10,1.0000154072909746,1.925170655230323e-10,1.0000137366047177,1.0000139246816317,1.902476648094339e-06,1.9251706499607728e-10,2.6633416388351614e-06,1.000013736604719,1.0000137366047186,1.0000137366047188,1.0000140518532667,1.0000139246816309,1.9251706545092847e-10,2.0345661109188049e-10,1.925170652693653e-10,1.0000137212137297,2.0345661079227101e-10,1.0000140518532672,1.000013736604719,1.925170656221975e-10,1.000013665184242,1.0000137212137286,1.0000137366047184,1.0000137366047184,1.000013736604719,1.000014012058015
4.339855107965612e-06,3.648980820215556e-16,1.5413504740568307e-13,1.9251706554536476e-10,1.9251706561508458e-10,1.4557022130198185e-13,1.9251712929184407e-10,1.9251706553319804e-10,1.4557022158185462e-13,1.925170655230323e-10,1.6706869110861022e-06,1.9251706561508458e-10,1.9251710339615568e-10,3.647888885025899e-16,1.4557022121323055e-13,5.13093281883339e-16,1.9251706554295097e-10,1.925170654817274e-10,1.9251706552787816e-10,1.925171292985169e-10,1.9251710341951526e-10,1.4557022155646926e-13,1.538313834386628e-13,1.4557022162115752e-13,1.9251706245608322e-10,1.5383138352590996e-13,1.925171293285388e-10,1.925170655598503e-10,1.4557022152180653e-13,3.8182329829334605e-07,1.9251706243359846e-10,1.925170654817274e-10,1.9251706554295097e-10,1.925170654817274e-10,1.9251712119757212e-10
1.0000135675004453,1.9024766458613716e-06,2.0379235139140847e-10,1.0000137366047175,1.000013736604718,1.9251706507047352e-10,1.0000140518532665,1.0000137366047182,1.925170655161541e-10,1.0000137366047177,1.9251706561508458e-10,1.0000154072909764,1.0000139246816317,1.9024766480943379e-06,1.9251706495860535e-10,2.6633416388351597e-06,1.0000137366047182,1.0000137366047175,1.0000137366047177,1.0000140518532672,1.0000139246816304,1.925170654712222e-10,2.0345661109148176e-10,1.9251706532401138e-10,1.000013721213727,2.034566107671739e-10,1.0000140518532663,1.0000137366047182,1.925170656259657e-10,1.0000136651842413,1.0000137212137288,1.0000137366047175,1.0000137366047173,1.0000137366047184,1.0000140120580145
1.0000137555768411,9.592376048792495e-10,2.0379239143696598e-10,1.000013924681632,1.0000139246816315,1.9251710281563368e-10,1.000014239930216,1.000013924681632,1.9251710334339388e-10,1.0000139246816317,1.9251710339615568e-10,1.0000139246816317,1.0000157834448127,1.9024770290806907e-06,1.9251710284297309e-10,2.663342153588074e-06,1.000013924681632,1.0000139246816304,1.0000139246816315,1.0000142399302157,1.0000141127585662,1.9251710337364142e-10,2.0345665122725513e-10,1.9251710308680057e-10,1.000013909290639,2.0345665092015319e-10,1.0000142399302157,1.0000139246816298,1.9251710341174565e-10,1.0000138532611453,1.0000139092906404,1.000013924681631,1.0000139246816304,1.0000139246816306,1.0000142001349577
5.86050178537674e-06,1.8128230559898737e-15,3.863865708706853e-16,1.902476648094339e-06,1.9024766480943374e-06,3.647888885025899e-16,9.592377378908954e-10,1.902476648094339e-06,3.648545336427068e-16,1.902476648094339e-06,3.647888885025899e-16,1.9024766480943379e-06,1.9024770290806907e-06,1.6706903603873695e-06,3.6488461634814863e-16,5.065099442693849e-12,1.902476648094339e-06,1.9024766480943379e-06,1.9024766480943393e-06,9.592377378236652e-10,9.592376066427347e-10,3.648972216480438e-16,3.857728228269898e-16,3.649103311357531e-16,1.9024766172516401e-06,3.85649683822387e-16,9.59237737898766e-10,1.9024766480943374e-06,3.648040158015874e-16,1.902476505033418e-06,1.9024766172516452e-06,1.9024766480943385e-06,1.9024766480943374e-06,1.9024766480943374e-06,9.592376971382423e-10
4.339855107323839e-06,3.649166746514072e-16,1.5413504712878693e-13,1.925170649037859e-10,1.9251706487998987e-10,1.4557022104301363e-13,1.9251712873047963e-10,1.9251706492367225e-10,1.4557022132288646e-13,1.9251706499607728e-10,1.4557022121323055e-13,1.9251706495860535e-10,1.9251710284297309e-10,3.6488461634814863e-16,1.6706869110861022e-06,5.132642044540993e-16,1.9251706499607728e-10,1.92517064974894e-10,1.9251706496920433e-10,1.9251712857238277e-10,1.9251710277035994e-10,1.45570221297501e-13,1.5383138316569085e-13,1.4557022136218925e-13,1.9251706194078126e-10,1.538313832529382e-13,1.9251712861958616e-10,1.925170649037859e-10,1.455702212628382e-13,3.8182329716660313e-07,1.9251706193786806e-10,1.925170649037859e-10,1.9251706499607728e-10,1.925170649939273e-10,1.9251712059213413e-10
6.621363829515476e-06,5.065099438335663e-12,5.433596519576821e-16,2.6633416388351597e-06,2.663341638835158e-06,5.131788064755463e-16,1.3428694609713934e-09,2.6633416388351627e-06,5.131809451952955e-16,2.6633416388351614e-06,5.13093281883339e-16,2.6633416388351597e-06,2.663342153588074e-06,5.065099442693849e-12,5.132642044540993e-16,1.6706938761257403e-06,2.6633416388351627e-06,2.6633416388351576e-06,2.6633416388351627e-06,1.3428694609713934e-09,2.6633421535880754e-06,5.131584567928393e-16,5.422671642200338e-16,5.131787468568023e-16,2.6633415969222885e-06,5.423102054658121e-16,1.3428694612054114e-09,2.6633416388351584e-06,5.131456504136046e-16,2.663341444379708e-06,2.663341596922294e-06,2.6633416388351627e-06,2.663341638835159e-06,2.6633416388351584e-06,1.3428694058961057e-09
1.0000135675004478,1.902476645861372e-06,2.0379235136515112e-10,1.0000137366047188,1.000013736604719,1.925170650395789e-10,1.0000140518532672,1.0000137366047182,1.9251706553786786e-10,1.000013736604719,1.9251706554295097e-10,1.0000137366047182,1.000013924681632,1.902476648094339e-06,1.9251706499607728e-10,2.6633416388351627e-06,1.0000154072909777,1.0000137366047188,1.0000137366047188,1.0000140518532679,1.0000139246816315,1.925170654311016e-10,2.034566110574717e-10,1.9251706532401138e-10,1.0000137212137281,2.0345661075310706e-10,1.0000140518532672,1.0000137366047182,1.9251706555581256e-10,1.000013665184242,1.0000137212137286,1.0000137366047177,1.0000137366047188,1.000013736604719,1.0000140120580152
1.0000135675004431,1.9024766458613716e-06,2.0379235142572869e-10,1.0000137366047182,1.0000137366047182,1.925170650395789e-10,1.0000140518532667,1.0000137366047188,1.925170655354259e-10,1.0000137366047186,1.925170654817274e-10,1.0000137366047175,1.0000139246816304,1.9024766480943379e-06,1.92517064974894e-10,2.6633416388351576e-06,1.0000137366047188,1.000015407290973,1.0000137366047184,1.0000140518532665,1.0000139246816317,1.9251706547120615e-10,2.0345661110247563e-10,1.9251706526936537e-10,1.0000137212137283,2.034566108675236e-10,1.0000140518532663,1.0000137366047177,1.925170655978512e-10,1.0000136651842417,1.0000137212137286,1.0000137366047184,1.0000137366047175,1.0000137366047182,1.0000140120580145
1.0000135675004471,1.9024766458613727e-06,2.0379235141227614e-10,1.0000137366047184,1.0000137366047177,1.925170649699716e-10,1.0000140518532665,1.0000137366047188,1.9251706548757267e-10,1.0000137366047188,1.9251706552787816e-10,1.0000137366047177,1.0000139246816315,1.9024766480943393e-06,1.9251706496920433e-10,2.6633416388351627e-06,1.0000137366047188,1.0000137366047184,1.000015407290977,1.000014051853267,1.0000139246816306,1.925170654591494e-10,2.034566111610106e-10,1.9251706528606917e-10,1.0000137212137286,2.0345661075310706e-10,1.000014051853267,1.000013736604719,1.9251706560229414e-10,1.000013665184242,1.0000137212137288,1.0000137366047182,1.0000137366047184,1.000013736604719,1.000014012058015
1.0000138827481615,9.592377365941442e-10,2.0379241859654977e-10,1.0000140518532676,1.0000140518532665,1.925171286951658e-10,1.000014367101873,1.0000140518532679,1.9251712920873767e-10,1.0000140518532667,1.925171292985169e-10,1.0000140518532672,1.0000142399302157,9.592377378236652e-10,1.9251712857238277e-10,1.3428694609713934e-09,1.0000140518532679,1.0000140518532665,1.000014051853267,1.000016037788104,1.0000142399302163,1.925171292287783e-10,2.0345667854225256e-10,1.9251712902701615e-10,1.0000140364622734,2.034566781504811e-10,1.0000143671018733,1.0000140518532663,1.9251712929389964e-10,1.0000139804327761,1.0000140364622743,1.0000140518532667,1.0000140518532665,1.0000140518532667,1.000014327306613
1.0000137555768427,1.902477026847725e-06,2.0379239143696598e-10,1.000013924681631,1.0000139246816317,1.9251710279270038e-10,1.000014239930216,1.0000139246816315,1.9251710336684502e-10,1.0000139246816309,1.9251710341951526e-10,1.0000139246816304,1.0000141127585662,9.592376066427347e-10,1.9251710277035994e-10,2.6633421535880754e-06,1.0000139246816315,1.0000139246816317,1.0000139246816306,1.0000142399302163,1.0000157834448116,1.9251710335897417e-10,2.0345665121232772e-10,1.92517103125948e-10,1.000013909290639,2.0345665088760968e-10,1.0000142399302152,1.0000139246816302,1.9251710346696487e-10,1.0000138532611458,1.0000139092906402,1.0000139246816306,1.0000139246816317,1.0000139246816315,1.0000142001349583
4.339855107856785e-06,3.647888885025899e-16,1.5413504749457431e-13,1.925170655124114e-10,1.9251706548859587e-10,1.4557022138625228e-13,1.9251712919278604e-10,1.9251706547118633e-10,1.4557022166612506e-13,1.9251706545092847e-10,1.4557022155646926e-13,1.925170654712222e-10,1.9251710337364142e-10,3.648972216480438e-16,1.45570221297501e-13,5.131584567928393e-16,1.925170654311016e-10,1.9251706547120615e-10,1.925170654591494e-10,1.925171292287783e-10,1.9251710335897417e-10,1.6706869110861022e-06,1.5383138352777563e-13,1.4557022170542808e-13,1.9251706241570196e-10,1.5383138361502282e-13,1.9251712923125733e-10,1.9251706548859587e-10,1.455702216060769e-13,3.818232982409351e-07,1.9251706239868063e-10,1.9251706545965866e-10,1.925170654311016e-10,1.9251706548859587e-10,1.925171212139722e-10
4.361551657250197e-06,3.857267456037733e-16,1.6288278661845135e-13,2.0345661117179262e-10,2.03456611131309e-10,1.538313832595266e-13,2.0345667845714105e-10,2.0345661109148176e-10,1.5383138355452807e-13,2.0345661109188049e-10,1.538313834386628e-13,2.0345661109148176e-10,2.0345665122725513e-10,3.857728228269898e-16,1.5383138316569085e-13,5.422671642200338e-16,2.034566110574717e-10,2.0345661110247563e-10,2.034566111610106e-10,2.0345667854225256e-10,2.0345665121232772e-10,1.5383138352777563e-13,1.670686928907153e-06,1.5383138359679692e-13,2.0345660783740255e-10,1.6256122918218347e-13,2.0345667848276475e-10,2.0345661110845646e-10,1.5383138349078227e-13,4.0351993785582545e-07,4.035199613376362e-07,2.034566111431153e-10,2.0345661104078944e-10,2.0345661110247563e-10,2.0345666996533794e-10
4.339855107781469e-06,3.6484958357736526e-16,1.5413504756044968e-13,1.9251706524245605e-10,1.9251706525914584e-10,1.455702214509406e-13,1.9251712898006183e-10,1.925170652693653e-10,1.455702217308134e-13,1.925170652693653e-10,1.4557022162115752e-13,1.9251706532401138e-10,1.9251710308680057e-10,3.649103311357531e-16,1.4557022136218925e-13,5.131787468568023e-16,1.9251706532401138e-10,1.9251706526936537e-10,1.9251706528606917e-10,1.9251712902701615e-10,1.92517103125948e-10,1.4557022170542808e-13,1.5383138359679692e-13,1.6706869110861022e-06,1.925170621549897e-10,1.5383138368404418e-13,1.9251712893577407e-10,1.925170653495476e-10,1.4557022167076533e-13,3.8182329778856915e-07,1.925170621942824e-10,1.9251706527799817e-10,1.9251706523342743e-10,1.9251706534397195e-10,1.9251712101530324e-10
1.0000135521094995,1.9024766150186751e-06,2.037923481346683e-10,1.0000137212137274,1.0000137212137277,1.9251706195277424e-10,1.0000140364622734,1.0000137212137281,1.925170625038415e-10,1.0000137212137297,1.9251706245608322e-10,1.000013721213727,1.000013909290639,1.9024766172516401e-06,1.9251706194078126e-10,2.6633415969222885e-06,1.0000137212137281,1.0000137212137283,1.0000137212137286,1.0000140364622734,1.000013909290639,1.9251706241570196e-10,2.0345660783740255e-10,1.925170621549897e-10,1.0000153765089956,4.0351996066245024e-07,1.0000140364622732,1.000013721213727,1.9251706250731087e-10,1.0000136497932535,1.0000137058227392,1.0000137212137281,1.0000137212137283,1.0000137212137281,1.000013996667021
4.3615516568159645e-06,3.856502474880685e-16,1.6288278670716844e-13,2.0345661075770756e-10,2.0345661075576172e-10,1.5383138334677383e-13,2.034566782087836e-10,2.034566107643279e-10,1.538313836417754e-13,2.0345661079227101e-10,1.5383138352590996e-13,2.034566107671739e-10,2.0345665092015319e-10,3.85649683822387e-16,1.538313832529382e-13,5.423102054658121e-16,2.0345661075310706e-10,2.034566108675236e-10,2.0345661075310706e-10,2.034566781504811e-10,2.0345665088760968e-10,1.5383138361502282e-13,1.6256122918218347e-13,1.5383138368404418e-13,4.0351996066245024e-07,1.670686928907153e-06,2.0345667817239803e-10,2.0345661075576172e-10,1.5383138357802953e-13,4.035199371806407e-07,2.0345660751615217e-10,2.0345661077338193e-10,2.034566107671739e-10,2.0345661084132492e-10,2.034566695979402e-10
1.000013882748156,9.59237736719827e-10,2.0379241876489051e-10,1.0000140518532667,1.0000140518532667,1.9251712874486192e-10,1.0000143671018729,1.0000140518532672,1.9251712914863057e-10,1.0000140518532672,1.925171293285388e-10,1.0000140518532663,1.0000142399302157,9.59237737898766e-10,1.9251712861958616e-10,1.3428694612054114e-09,1.0000140518532672,1.0000140518532663,1.000014051853267,1.0000143671018733,1.0000142399302152,1.9251712923125733e-10,2.0345667848276475e-10,1.9251712893577407e-10,1.0000140364622732,2.0345667817239803e-10,1.0000160377881053,1.000014051853266,1.925171293354583e-10,1.000013980432775,1.000014036462275,1.0000140518532665,1.0000140518532659,1.0000140518532663,1.000014327306613
1.0000135675004465,1.9024766458613705e-06,2.037923513925239e-10,1.0000137366047188,1.0000137366047173,1.9251706496998472e-10,1.0000140518532665,1.0000137366047182,1.9251706550313328e-10,1.000013736604719,1.925170655598503e-10,1.0000137366047182,1.0000139246816298,1.9024766480943374e-06,1.925170649037859e-10,2.6633416388351584e-06,1.0000137366047182,1.0000137366047177,1.000013736604719,1.0000140518532663,1.0000139246816302,1.9251706548859587e-10,2.0345661110845646e-10,1.925170653495476e-10,1.000013721213727,2.0345661075576172e-10,1.000014051853266,1.0000154072909753,1.925170656259657e-10,1.000013665184241,1.0000137212137286,1.0000137366047182,1.0000137366047175,1.0000137366047173,1.0000140120580137
4.339855108149042e-06,3.648632387877244e-16,1.5413504745929832e-13,1.9251706558047152e-10,1.9251706567819083e-10,1.455702213515895e-13,1.9251712927553594e-10,1.9251706555698178e-10,1.4557022163146236e-13,1.925170656221975e-10,1.4557022152180653e-13,1.925170656259657e-10,1.9251710341174565e-10,3.648040158015874e-16,1.455702212628382e-13,5.131456504136046e-16,1.9251706555581256e-10,1.925170655978512e-10,1.9251706560229414e-10,1.9251712929389964e-10,1.9251710346696487e-10,1.455702216060769e-13,1.5383138349078227e-13,1.4557022167076533e-13,1.9251706250731087e-10,1.5383138357802953e-13,1.925171293354583e-10,1.925170656259657e-10,1.6706869110861022e-06,3.8182329842148493e-07,1.925170625677961e-10,1.9251706556258175e-10,1.9251706555581256e-10,1.9251706559856633e-10,1.9251712131690192e-10
1.0000134960801845,1.9024765028004532e-06,4.041858188851277e-07,1.000013665184243,1.0000136651842422,3.818232972877866e-07,1.0000139804327761,1.000013665184242,3.8182329827378277e-07,1.000013665184242,3.8182329829334605e-07,1.0000136651842413,1.0000138532611453,1.902476505033418e-06,3.8182329716660313e-07,2.663341444379708e-06,1.000013665184242,1.0000136651842417,1.000013665184242,1.0000139804327761,1.0000138532611458,3.818232982409351e-07,4.0351993785582545e-07,3.8182329778856915e-07,1.0000136497932535,4.035199371806407e-07,1.000013980432775,1.000013665184241,3.8182329842148493e-07,1.0000152644500344,1.0000136497932537,1.0000136651842417,1.0000136651842417,1.0000136651842413,1.0000139406375257
1.0000135521095035,1.9024766150186802e-06,2.0379234813802205e-10,1.00001372121373,1.000013721213729,1.9251706195277424e-10,1.0000140364622743,1.0000137212137286,1.925170624470245e-10,1.0000137212137286,1.9251706243359846e-10,1.0000137212137288,1.0000139092906404,1.9024766172516452e-06,1.9251706193786806e-10,2.663341596922294e-06,1.0000137212137286,1.0000137212137286,1.0000137212137288,1.0000140364622743,1.0000139092906402,1.9251706239868063e-10,4.035199613376362e-07,1.925170621942824e-10,1.0000137058227392,2.0345660751615217e-10,1.000014036462275,1.0000137212137286,1.925170625677961e-10,1.0000136497932537,1.0000153765090027,1.000013721213729,1.0000137212137286,1.0000137212137286,1.0000139966670227
1.0000135675004476,1.9024766458613716e-06,2.0379235144532098e-10,1.0000137366047182,1.0000137366047175,1.925170650561167e-10,1.000014051853266,1.0000137366047177,1.9251706550313328e-10,1.0000137366047184,1.925170654817274e-10,1.0000137366047175,1.000013924681631,1.9024766480943385e-06,1.925170649037859e-10,2.6633416388351627e-06,1.0000137366047177,1.0000137366047184,1.0000137366047182,1.0000140518532667,1.0000139246816306,1.9251706545965866e-10,2.034566111431153e-10,1.9251706527799817e-10,1.0000137212137281,2.0345661077338193e-10,1.0000140518532665,1.0000137366047182,1.9251706556258175e-10,1.0000136651842417,1.000013721213729,1.0000154072909755,1.0000137366047184,1.0000137366047182,1.0000140120580145
1.0000135675004431,1.9024766458613714e-06,2.0379235136515112e-10,1.0000137366047182,1.0000137366047175,1.925170649702757e-10,1.0000140518532667,1.0000137366047188,1.9251706550313328e-10,1.0000137366047184,1.9251706554295097e-10,1.0000137366047173,1.0000139246816304,1.9024766480943374e-06,1.9251706499607728e-10,2.663341638835159e-06,1.0000137366047188,1.0000137366047175,1.0000137366047184,1.0000140518532665,1.0000139246816317,1.925170654311016e-10,2.0345661104078944e-10,1.9251706523342743e-10,1.0000137212137283,2.034566107671739e-10,1.0000140518532659,1.0000137366047175,1.9251706555581256e-10,1.0000136651842417,1.0000137212137286,1.0000137366047184,1.0000154072909733,1.0000137366047177,1.0000140120580143
1.000013567500445,1.902476645861371e-06,2.037923513307261e-10,1.0000137366047188,1.0000137366047186,1.9251706507832046e-10,1.0000140518532667,1.000013736604719,1.9251706550222848e-10,1.000013736604719,1.925170654817274e-10,1.0000137366047184,1.0000139246816306,1.9024766480943374e-06,1.925170649939273e-10,2.6633416388351584e-06,1.000013736604719,1.0000137366047182,1.000013736604719,1.0000140518532667,1.0000139246816315,1.9251706548859587e-10,2.0345661110247563e-10,1.9251706534397195e-10,1.0000137212137281,2.0345661084132492e-10,1.0000140518532663,1.0000137366047173,1.9251706559856633e-10,1.0000136651842413,1.0000137212137286,1.0000137366047182,1.0000137366047177,1.0000154072909717,1.0000140120580145
1.000013842953016,9.592376959995688e-10,4.0418596549511696e-07,1.0000140120580145,1.0000140120580137,1.9251712068821757e-10,1.0000143273066133,1.000014012058015,1.9251712116605455e-10,1.000014012058015,1.9251712119757212e-10,1.0000140120580145,1.0000142001349577,9.592376971382423e-10,1.9251712059213413e-10,1.3428694058961057e-09,1.0000140120580152,1.0000140120580145,1.000014012058015,1.000014327306613,1.0000142001349583,1.925171212139722e-10,2.0345666996533794e-10,1.9251712101530324e-10,1.000013996667021,2.034566695979402e-10,1.000014327306613,1.0000140120580137,1.9251712131690192e-10,1.0000139406375257,1.0000139966670227,1.0000140120580145,1.0000140120580143,1.0000140120580145,1.0000159581975852
