1.0000000027523974,6.899564658498942e-07,6.814918048556072e-07,6.885558009484468e-07,6.822020380425816e-07,1.0000056577267733,6.978506168489851e-07,6.821816351222951e-07,1.0000056577267737,1.0000056555514758,1.000005647861005,6.899558382420331e-07,1.0000056577267766,6.815590546631841e-07,1.0000056577267733,6.899558407859636e-07,1.0000056516704299,6.899558408611626e-07,1.0000056488176374,6.920281379413473e-07,6.831815008733865e-07,1.0000056539705182,6.93788020520709e-07,6.855994766879714e-07,7.133177888237042e-07,1.0000056577267766,6.831815007006825e-07,6.899558428165564e-07,6.899558404336735e-07,6.821816355141439e-07,6.899558382554983e-07,1.0000056577267715,6.831815012020574e-07,1.0000056381707811,1.0000055822544731,6.850637747784314e-07,1.0000056488176374,1.0000056549197458,1.0000056462137232,6.935210569010217e-07,6.899558408664486e-07,1.000005657726776,7.092586966734884e-07,6.821816352835187e-07,1.0000056577267737,6.821816355835458e-07,1.0000056577267733
6.899564658498942e-07,-2.341330304566057e-07,2.259078954689992e-15,1.4115045541244935e-18,1.2217706115990374e-18,2.952891007332643e-11,3.207729234818626e-15,1.0999987671821312e-18,2.952891007332643e-11,2.952891005909554e-11,2.9528909847059576e-11,2.825940807666976e-15,2.952891015422658e-11,1.1089575358782766e-18,2.9528910110913796e-11,2.825940694331331e-15,2.952890992430585e-11,2.8259407170053745e-15,2.952890982710417e-11,1.306184853771334e-18,1.1846486416942816e-18,2.9528910003124977e-11,3.0136293750754393e-15,1.1375095706474076e-18,1.901478310218174e-18,2.952891015422658e-11,1.1846486416940416e-18,2.8259407090859794e-15,2.825940729104605e-15,1.143605814268616e-18,2.8259406958833745e-15,2.952891008104554e-11,1.1846486416940416e-18,2.952890947315434e-11,5.869583630361646e-08,1.2102390413009796e-18,2.952890979760329e-11,2.952891010906993e-11,2.952890987224087e-11,2.995724391677901e-15,2.8259407214138693e-15,2.952891015422658e-11,3.7798412394256604e-15,1.0977423711688206e-18,2.952891016863732e-11,1.2806870738382757e-18,2.952891008248624e-11
6.814918048556072e-07,2.259078954689992e-15,-2.341330313995017e-07,8.269034159782763e-19,6.181542933003117e-19,2.5270469115838786e-11,1.3269683413152253e-18,7.189163808559817e-19,2.5270469115838786e-11,2.5270469040450744e-11,2.527046875945013e-11,1.1990222250692795e-18,2.5270469115838786e-11,1.0926899733919234e-18,2.527046909659971e-11,1.1828024538741235e-18,2.5270468962212774e-11,1.0661133081904342e-18,2.527046883102464e-11,1.0320020176005139e-18,9.4667777540393e-19,2.5270469076740715e-11,1.1123513001856262e-18,1.0852774392708231e-18,1.6087711503409613e-18,2.527046912971738e-11,8.692654923688854e-19,1.2019181613611567e-18,1.1531573336666088e-18,6.186592829619938e-19,1.2019181613611567e-18,2.5270469084130123e-11,8.692654923688854e-19,2.5270468453614645e-11,5.023115728274216e-08,1.0816010195527626e-18,2.5270468791794933e-11,2.5270469059467723e-11,2.5270468767936944e-11,1.1224332269775571e-18,1.1828024538741235e-18,2.527046909659971e-11,1.577924561698289e-18,7.189163808559817e-19,2.527046909659971e-11,6.186592829619938e-19,2.527046912971738e-11
6.885558009484468e-07,1.4115045541244935e-18,8.269034159782763e-19,-2.3413302999895648e-07,1.160252908601476e-18,2.8824258167691685e-11,1.4790518279822086e-18,9.863350868343134e-19,2.8824258058873998e-11,5.7295175536704015e-08,2.8824257701101726e-11,1.357776907098322e-18,2.8824258048968972e-11,7.779725129678124e-19,2.882425817772868e-11,1.2704001184523206e-18,2.8824257850932214e-11,1.357776907098322e-18,2.8824257790432014e-11,1.085710976894453e-18,1.0549109009129402e-18,2.8824258006288236e-11,1.3889630115076645e-18,1.0858520526096977e-18,1.706910548109565e-18,2.8824258048968972e-11,9.592045140317948e-19,1.357776907098322e-18,1.357776907098322e-18,9.863350866271384e-19,1.367503643403502e-18,2.8824258184102764e-11,8.649950027634883e-19,2.8824257452676722e-11,5.729517073429482e-08,8.625984552562018e-19,2.8824257799511918e-11,2.882425801613099e-11,5.72951749276545e-08,1.3534562082174434e-18,1.3243831563824295e-18,2.8824258048968972e-11,1.7904160921418846e-18,9.863350868343134e-19,2.8824258184102764e-11,9.863350866271384e-19,2.8824258184102764e-11
6.822020380425816e-07,1.2217706115990374e-18,6.181542933003117e-19,1.160252908601476e-18,-2.34133032589157e-07,2.5627776698471925e-11,1.4119059632401002e-18,2.0778166287007345e-19,2.5627776759755258e-11,2.5627776678709766e-11,2.562777645923851e-11,1.1417061355088881e-18,2.56277766983026e-11,9.024173831103567e-19,2.5627776739210913e-11,1.1417061355088881e-18,2.5627776457029717e-11,1.1649128486269724e-18,2.5627776511625166e-11,7.870756739025196e-19,1.1060224209089533e-18,2.562777651752546e-11,1.1889547097510606e-18,1.9690367611010817e-15,1.6645252965058622e-18,2.5627776810626375e-11,9.023015233103023e-19,1.102082606774552e-18,1.0332162870358439e-18,1.046744075545387e-18,1.1911217955545157e-18,2.5627776775564063e-11,1.1060224209089533e-18,2.562777615975155e-11,5.094139247868472e-08,1.0483054928357623e-18,2.5627776485782522e-11,2.5627776574729706e-11,2.5627776388448312e-11,1.2513696974466445e-18,1.2146006613135279e-18,2.56277766983026e-11,1.5572901806473599e-18,2.0778166287007345e-19,2.56277766983026e-11,1.046744075545387e-18,2.5627776754489498e-11
1.0000056577267733,2.952891007332643e-11,2.5270469115838786e-11,2.8824258167691685e-11,2.5627776698471925e-11,1.0000069777652556,3.3500336057206054e-11,2.561751324928545e-11,1.0000072118983276,1.000007209723029,1.0000072020325392,2.9528594209203874e-11,1.000007211898329,2.5304301827411377e-11,1.0000072118983283,2.952859513059882e-11,1.000007205841971,2.952859477825614e-11,1.0000072029891731,3.05711372493273e-11,2.612052883010707e-11,1.0000072081420661,3.145650577825663e-11,2.7336976013533992e-11,4.1281632819302684e-11,1.0000072118983294,2.6120528787808444e-11,2.952859474507942e-11,2.952859503253305e-11,2.5617513304592223e-11,2.9528594671893185e-11,1.0000072118983288,2.6120529274574547e-11,1.0000071923422955,1.00000713642587,2.7067471001668828e-11,1.0000072029891747,1.0000072090912933,1.0000072003852534,3.132220217560476e-11,2.952859473311469e-11,1.0000072118983288,3.923956634524609e-11,2.561751349795311e-11,1.000007211898329,2.561751306631754e-11,1.0000072118983283
6.978506168489851e-07,3.207729234818626e-15,1.3269683413152253e-18,1.4790518279822086e-18,1.4119059632401002e-18,3.3500336057206054e-11,-2.3413302979520662e-07,1.2776243791902139e-18,3.3500336043723333e-11,3.3500335885003756e-11,3.350033565508663e-11,3.207751046349603e-15,3.3500336043929734e-11,1.2911278288460812e-18,3.350033596073607e-11,3.207750918165908e-15,6.659000897840783e-08,3.2077509437547696e-15,3.350033577402315e-11,1.5860318873960762e-18,1.3659413534631022e-18,6.659000914533947e-08,3.4207872557863778e-15,1.3931585209524017e-18,2.0486898062327707e-18,3.350033600418496e-11,1.3029528042207628e-18,3.2077509347963022e-15,3.2077509575731873e-15,1.3985231571780702e-18,3.2077509198218578e-15,3.3500335911376574e-11,1.3932058454898693e-18,3.3500335265581076e-11,6.659000383613525e-08,1.4393457875652498e-18,3.350033572471716e-11,3.350033588981232e-11,3.3500335598461516e-11,3.4004802555395264e-15,3.207750948763978e-15,3.3500335911376574e-11,4.290448956234044e-15,1.315612110877708e-18,3.350033601965268e-11,1.259418836164676e-18,3.350033604395964e-11
6.821816351222951e-07,1.0999987671821312e-18,7.189163808559817e-19,9.863350868343134e-19,2.0778166287007345e-19,2.561751324928545e-11,1.2776243791902139e-18,-2.3413303258710072e-07,2.5617513207208566e-11,2.561751305122445e-11,2.561751294299682e-11,1.0746312194619766e-18,2.561751314303636e-11,1.2400201941945229e-18,2.5617513149189837e-11,1.1800677336090396e-18,2.5617513033835096e-11,1.0746312194619766e-18,2.561751295622439e-11,1.4587230744157603e-18,9.334420000944897e-19,2.561751316476056e-11,1.2993821636516202e-18,7.81433402395342e-19,1.6016032562616177e-18,2.561751316840857e-11,1.0171639058709475e-18,1.1836295599094398e-18,1.183549677930502e-18,5.615238820701619e-19,1.2044388970495184e-18,2.561751321302093e-11,1.0171639058709475e-18,2.561751262600979e-11,5.092099119098233e-08,1.1788973203349808e-18,2.5617512948731197e-11,2.5617513170890358e-11,2.561751288986794e-11,1.2735375984240743e-18,1.169919477939249e-18,2.561751316840857e-11,1.5649188598169283e-18,1.838525990384147e-15,2.561751314303636e-11,5.615238820701619e-19,2.5617513166622607e-11
1.0000056577267737,2.952891007332643e-11,2.5270469115838786e-11,2.8824258058873998e-11,2.5627776759755258e-11,1.0000072118983276,3.3500336043723333e-11,2.5617513207208566e-11,1.0000069777652567,1.0000072097230277,1.0000072020325388,2.9528594209203874e-11,1.0000072118983279,2.530430181282665e-11,1.0000072118983276,2.952859513059869e-11,1.0000072058419713,2.952859474546533e-11,1.0000072029891731,3.057113725095973e-11,2.6120528952595644e-11,1.0000072081420661,3.145650584612022e-11,2.7336975951437107e-11,4.128163268760989e-11,1.000007211898329,2.612052884386234e-11,2.9528594664927755e-11,2.9528594960235473e-11,2.5617513304592223e-11,2.952859472801211e-11,1.0000072118983276,2.612052929295298e-11,1.0000071923422948,1.0000071364258694,2.7067471041273893e-11,1.0000072029891736,1.000007209091293,1.0000072003852531,3.132220218697431e-11,2.9528594737895063e-11,1.0000072118983279,3.9239566379915305e-11,2.5617513556789142e-11,1.000007211898328,2.5617513237976676e-11,1.0000072118983276
1.0000056555514758,2.952891005909554e-11,2.5270469040450744e-11,5.7295175536704015e-08,2.5627776678709766e-11,1.000007209723029,3.3500335885003756e-11,2.561751305122445e-11,1.0000072097230277,1.0000069734146524,1.000007199857239,2.952859415163249e-11,1.000007209723029,2.530430169810764e-11,1.0000072097230284,2.9528595023300195e-11,1.0000072036666707,2.952859460438731e-11,1.0000072008138738,3.0571137175405557e-11,2.6120528941080042e-11,1.000007205966766,3.1456505692138847e-11,2.733697587584685e-11,4.128163255799961e-11,1.0000072097230288,2.6120528872581665e-11,2.952859459333493e-11,2.9528594912895875e-11,2.561751322859486e-11,2.952859463625139e-11,1.0000072097230288,2.6120529233287533e-11,1.0000071901669954,1.0000071342505696,2.7067470912017293e-11,1.0000072008138743,1.0000072069159933,1.000007198209954,3.132220219095722e-11,2.952859465274932e-11,1.000007209723028,3.923956631971978e-11,2.5617513470787338e-11,1.0000072097230293,2.5617512975537533e-11,1.0000072097230284
1.000005647861005,2.9528909847059576e-11,2.527046875945013e-11,2.8824257701101726e-11,2.562777645923851e-11,1.0000072020325392,3.350033565508663e-11,2.561751294299682e-11,1.0000072020325388,1.000007199857239,1.0000069580336743,2.9528593853582075e-11,1.00000720203254,2.5304301447496353e-11,1.0000072020325395,2.952859479711196e-11,1.0000071959761836,2.9528594371258204e-11,1.0000071931233856,6.07675190911108e-08,2.612052864580558e-11,1.000007198276277,3.145650544661984e-11,2.733697574266471e-11,8.20572158471838e-08,1.0000072020325395,2.6120528605926976e-11,2.952859442039803e-11,2.9528594743875347e-11,2.561751308272499e-11,2.952859434629228e-11,1.0000072020325392,2.612052895764559e-11,1.0000071824765067,1.0000071265600818,5.380313632787776e-08,1.0000071931233854,1.0000071992255037,1.0000071905194652,3.1322201868375466e-11,2.952859447478177e-11,1.0000072020325392,3.923956646766408e-11,2.5617513216141997e-11,1.0000072020325403,2.561751279751827e-11,1.0000072020325392
6.899558382420331e-07,2.825940807666976e-15,1.1990222250692795e-18,1.357776907098322e-18,1.1417061355088881e-18,2.9528594209203874e-11,3.207751046349603e-15,1.0746312194619766e-18,2.9528594209203874e-11,2.952859415163249e-11,2.9528593853582075e-11,-2.341330304566057e-07,2.952859420319405e-11,1.08493263899184e-18,2.952859418652007e-11,2.825960053248302e-15,2.9528594002612214e-11,2.8259600759185097e-15,2.9528593897637514e-11,1.298703229416728e-18,1.2194249140831163e-18,2.952859409919455e-11,3.013649712437418e-15,1.2583736039980043e-18,1.9044353988705654e-18,2.9528594209203874e-11,1.1898508556608275e-18,2.825960067999971e-15,2.8259600880204015e-15,1.1800677336090396e-18,2.8259600547974413e-15,2.952859419651377e-11,1.1057135155645503e-18,2.952859356825741e-11,5.8695208318336764e-08,1.279991586034271e-18,2.952859386554848e-11,2.9528594063395494e-11,2.9528593840213104e-11,2.995745093782817e-15,2.825960080327323e-15,2.9528594209203874e-11,3.779864764872829e-15,1.169919477939249e-18,2.952859417380374e-11,1.1836295599094398e-18,2.9528594209203874e-11
1.0000056577267766,2.952891015422658e-11,2.5270469115838786e-11,2.8824258048968972e-11,2.56277766983026e-11,1.000007211898329,3.3500336043929734e-11,2.561751314303636e-11,1.0000072118983279,1.000007209723029,1.00000720203254,2.952859420319405e-11,1.0000069777652556,2.53043018065362e-11,1.000007211898329,2.9528595112717715e-11,1.0000072058419727,2.952859477825614e-11,1.0000072029891738,3.057113722140842e-11,2.6120528807095828e-11,1.0000072081420668,3.145650584612022e-11,2.7336975937450927e-11,4.128163268760989e-11,1.0000072118983296,2.6120528787808444e-11,2.9528594677200014e-11,2.9528595015147005e-11,2.5617513307771488e-11,2.952859468638353e-11,1.000007211898329,2.612052929295298e-11,1.0000071923422966,1.0000071364258711,2.70674709883362e-11,1.0000072029891744,1.0000072090912944,1.0000072003852536,3.1322202175629805e-11,2.9528594721752175e-11,1.0000072118983283,3.923956644276102e-11,2.561751349795311e-11,1.000007211898329,2.5617513237976676e-11,1.000007211898329
6.815590546631841e-07,1.1089575358782766e-18,1.0926899733919234e-18,7.779725129678124e-19,9.024173831103567e-19,2.5304301827411377e-11,1.2911278288460812e-18,1.2400201941945229e-18,2.530430181282665e-11,2.530430169810764e-11,2.5304301447496353e-11,1.08493263899184e-18,2.53043018065362e-11,-2.341330313099099e-07,2.5304301831372373e-11,1.0634780712108515e-18,2.5304301647583724e-11,1.08493263899184e-18,2.5304301547332203e-11,2.225328981102658e-15,8.984443043205906e-19,2.5304301755131938e-11,1.2110391288917348e-18,9.565362655205932e-19,1.5902881179537547e-18,2.5304301828430968e-11,9.448434356092536e-19,1.1358390247292218e-18,1.0369204248043919e-18,1.024576085593977e-18,1.1243314990785763e-18,2.5304301810087598e-11,8.984443043205906e-19,2.5304301482979784e-11,5.029840805120068e-08,1.4206775074512886e-18,2.5304301622091013e-11,2.530430175600145e-11,2.530430150358474e-11,1.1504292736135353e-18,1.1358390247292218e-18,2.5304301828430968e-11,1.5372424134188455e-18,1.2400201941945229e-18,2.530430181282665e-11,1.024576085593977e-18,2.5304301838575782e-11
1.0000056577267733,2.9528910110913796e-11,2.527046909659971e-11,2.882425817772868e-11,2.5627776739210913e-11,1.0000072118983283,3.350033596073607e-11,2.5617513149189837e-11,1.0000072118983276,1.0000072097230284,1.0000072020325395,2.952859418652007e-11,1.000007211898329,2.5304301831372373e-11,1.0000069777652565,2.952859500258755e-11,1.0000072058419718,2.952859469698223e-11,1.0000072029891731,3.057113725404751e-11,2.6120528825731493e-11,1.000007208142066,3.1456505823657456e-11,2.733697590843537e-11,4.12816326859502e-11,1.000007211898329,2.6120528787808444e-11,2.952859464923764e-11,2.9528595030382806e-11,2.5617513327365132e-11,2.9528594697042435e-11,1.0000072118983288,2.6120529235819526e-11,1.0000071923422966,1.0000071364258705,2.7067471041273893e-11,1.0000072029891747,1.0000072090912933,1.000007200385254,3.132220221847645e-11,2.952859471416541e-11,1.000007211898329,3.923956638727064e-11,2.5617513530699187e-11,1.0000072118983288,2.5617513127939664e-11,1.000007211898328
6.899558407859636e-07,2.825940694331331e-15,1.1828024538741235e-18,1.2704001184523206e-18,1.1417061355088881e-18,2.952859513059882e-11,3.207750918165908e-15,1.1800677336090396e-18,2.952859513059869e-11,2.9528595023300195e-11,2.952859479711196e-11,2.825960053248302e-15,2.9528595112717715e-11,1.0634780712108515e-18,2.952859500258755e-11,-2.341330304566057e-07,2.952859484107049e-11,2.825959962594217e-15,2.952859481488943e-11,1.3426584982624707e-18,1.271791348659497e-18,2.9528595023849805e-11,3.013649592434478e-15,1.3024950419787872e-18,1.9509047853143574e-18,2.952859501943813e-11,1.271791348659497e-18,2.8259599546756743e-15,2.825959974696102e-15,1.1749658866614176e-18,2.825959941473147e-15,2.952859513059882e-11,1.1149152155685066e-18,2.952859440788539e-11,5.869521006369852e-08,1.1500837913937317e-18,2.952859482576886e-11,2.952859502067182e-11,2.952859473359559e-11,2.9957449731561756e-15,2.8259599670030195e-15,2.952859506165333e-11,3.779864619814246e-15,1.0727254114446143e-18,2.95285950758298e-11,1.1405071200344867e-18,2.952859502952648e-11
1.0000056516704299,2.952890992430585e-11,2.5270468962212774e-11,2.8824257850932214e-11,2.5627776457029717e-11,1.000007205841971,6.659000897840783e-08,2.5617513033835096e-11,1.0000072058419713,1.0000072036666707,1.0000071959761836,2.9528594002612214e-11,1.0000072058419727,2.5304301647583724e-11,1.0000072058419718,2.952859484107049e-11,1.0000069656525408,2.952859454554472e-11,1.000007196932817,3.057113691665963e-11,2.6120528798767466e-11,1.00000720208571,3.1456505550090396e-11,5.4338842910139625e-08,8.205721619640422e-08,1.0000072058419713,2.6120528705659154e-11,2.9528594526647695e-11,2.952859484287559e-11,2.561751316619753e-11,2.952859444274392e-11,1.000007205841972,2.612052911676183e-11,1.0000071862859394,1.0000071303695137,2.70674707531753e-11,1.0000071969328188,1.0000072030349372,1.0000071943288968,3.132220198570178e-11,2.952859444311029e-11,1.0000072058419722,3.92395662045502e-11,2.5617513370999546e-11,1.000007205841973,2.561751297197604e-11,1.0000072058419713
6.899558408611626e-07,2.8259407170053745e-15,1.0661133081904342e-18,1.357776907098322e-18,1.1649128486269724e-18,2.952859477825614e-11,3.2077509437547696e-15,1.0746312194619766e-18,2.952859474546533e-11,2.952859460438731e-11,2.9528594371258204e-11,2.8259600759185097e-15,2.952859477825614e-11,1.08493263899184e-18,2.952859469698223e-11,2.825959962594217e-15,2.952859454554472e-11,-2.341330304566057e-07,2.9528594447544755e-11,1.4007719169480443e-18,1.1637754048858639e-18,2.9528594540332364e-11,3.0136496163390437e-15,1.198289312699439e-18,1.9404747154348736e-18,2.952859470523285e-11,1.1057135155645503e-18,2.8259599773458813e-15,2.8259599973663096e-15,1.169919477939249e-18,2.8259599641433533e-15,2.952859476288254e-11,1.233474979743184e-18,2.9528593973120924e-11,5.869520933387558e-08,1.2281569985926784e-18,2.952859441310621e-11,2.952859465935969e-11,2.9528594249046566e-11,2.9957449973466844e-15,2.8259599896732292e-15,2.952859468774308e-11,3.779864648049592e-15,1.169919477939249e-18,2.9528594728119566e-11,1.1724299407820332e-18,2.952859469698223e-11
1.0000056488176374,2.952890982710417e-11,2.527046883102464e-11,2.8824257790432014e-11,2.5627776511625166e-11,1.0000072029891731,3.350033577402315e-11,2.561751295622439e-11,1.0000072029891731,1.0000072008138738,1.0000071931233856,2.9528593897637514e-11,1.0000072029891738,2.5304301547332203e-11,1.0000072029891731,2.952859481488943e-11,1.000007196932817,2.9528594447544755e-11,1.000006959946951,3.0571137004243367e-11,2.6120528659871072e-11,1.000007199232913,3.1456505455677035e-11,2.7336975740368797e-11,8.205721593132408e-08,1.0000072029891742,2.612052862355053e-11,2.952859437254005e-11,2.952859475378491e-11,2.5617513063484658e-11,2.9528594406678614e-11,1.0000072029891731,2.6120529051938093e-11,1.000007183433141,1.000007127516716,2.7067470709189896e-11,1.0000071940800195,1.0000072001821378,1.0000071914760986,3.132220182761829e-11,2.9528594446183823e-11,1.0000072029891736,7.799811510352528e-08,2.5617513249323904e-11,1.0000072029891747,2.5617512850785e-11,1.000007202989173
6.920281379413473e-07,1.306184853771334e-18,1.0320020176005139e-18,1.085710976894453e-18,7.870756739025196e-19,3.05711372493273e-11,1.5860318873960762e-18,1.4587230744157603e-18,3.057113725095973e-11,3.0571137175405557e-11,6.07675190911108e-08,1.298703229416728e-18,3.057113722140842e-11,2.225328981102658e-15,3.057113725404751e-11,1.3426584982624707e-18,3.057113691665963e-11,1.4007719169480443e-18,3.0571137004243367e-11,-2.3413302923903412e-07,1.2629269391465652e-18,3.057113712785933e-11,1.516246360397611e-18,1.2363506960341874e-18,3.745915646595237e-15,3.05711372535975e-11,9.067448885946894e-19,1.2594126806016495e-18,1.4196045225260987e-18,1.0083438542779936e-18,1.4196045225260987e-18,3.057113725404751e-11,1.4963215366333365e-18,6.076751842085007e-08,6.076751457868897e-08,2.3898738812020256e-15,3.057113700424337e-11,3.057113713188635e-11,3.0571137107277494e-11,1.7636936518853776e-18,1.298703229416728e-18,3.057113722140842e-11,3.774869367652065e-15,1.0083438542779936e-18,3.057113725404751e-11,1.0083438542779936e-18,3.057113729343814e-11
6.831815008733865e-07,1.1846486416942816e-18,9.4667777540393e-19,1.0549109009129402e-18,1.1060224209089533e-18,2.612052883010707e-11,1.3659413534631022e-18,9.334420000944897e-19,2.6120528952595644e-11,2.6120528941080042e-11,2.612052864580558e-11,1.2194249140831163e-18,2.6120528807095828e-11,8.984443043205906e-19,2.6120528825731493e-11,1.271791348659497e-18,2.6120528798767466e-11,1.1637754048858639e-18,2.6120528659871072e-11,1.2629269391465652e-18,-2.3413303276842586e-07,2.6120528726082188e-11,1.3577036590544886e-18,1.0114085756660494e-18,1.4974037842032608e-18,2.6120528807095828e-11,1.9593417489671354e-15,1.2445940986625903e-18,1.1856017977969349e-18,1.0171639058709475e-18,1.1057135155645503e-18,2.6120528952595644e-11,1.9593417378194284e-15,2.6120528401260004e-11,5.1920856344425255e-08,8.710999464144077e-19,2.61205287129981e-11,2.612052878878776e-11,2.6120528632847983e-11,1.201634122370091e-18,1.204336720961783e-18,2.6120528807095828e-11,1.5753122505865878e-18,1.0171639058709475e-18,2.6120528807095828e-11,1.0171639058709475e-18,2.612052891210695e-11
1.0000056539705182,2.9528910003124977e-11,2.5270469076740715e-11,2.8824258006288236e-11,2.562777651752546e-11,1.0000072081420661,6.659000914533947e-08,2.561751316476056e-11,1.0000072081420661,1.000007205966766,1.000007198276277,2.952859409919455e-11,1.0000072081420668,2.5304301755131938e-11,1.000007208142066,2.9528595023849805e-11,1.00000720208571,2.9528594540332364e-11,1.000007199232913,3.057113712785933e-11,2.6120528726082188e-11,1.0000069702527337,3.1456505628569176e-11,2.7336975895887935e-11,4.12816325659699e-11,1.0000072081420672,2.6120528772946183e-11,2.952859456521021e-11,2.952859484634256e-11,2.5617513225519637e-11,2.95285946015421e-11,1.0000072081420661,2.612052926867688e-11,1.0000071885860335,1.0000071326696092,2.7067470853756136e-11,1.000007199232913,1.000007205335032,1.0000071966289916,3.1322202072472156e-11,2.952859455429225e-11,1.0000072081420668,3.9239566205737157e-11,2.5617513329033972e-11,1.0000072081420668,2.5617512958657642e-11,1.0000072081420657
6.93788020520709e-07,3.0136293750754393e-15,1.1123513001856262e-18,1.3889630115076645e-18,1.1889547097510606e-18,3.145650577825663e-11,3.4207872557863778e-15,1.2993821636516202e-18,3.145650584612022e-11,3.1456505692138847e-11,3.145650544661984e-11,3.013649712437418e-15,3.145650584612022e-11,1.2110391288917348e-18,3.1456505823657456e-11,3.013649592434478e-15,3.1456505550090396e-11,3.0136496163390437e-15,3.1456505455677035e-11,1.516246360397611e-18,1.3577036590544886e-18,3.1456505628569176e-11,-2.3413303083796353e-07,1.3655440030713493e-18,2.0298511756777323e-18,3.145650579180453e-11,1.2369893319512197e-18,3.0136496079510293e-15,3.0136496293989145e-15,1.2495249553149023e-18,3.0136495938933978e-15,3.1456505784166625e-11,1.3321369890101151e-18,3.145650509442006e-11,6.252739790989301e-08,1.3326169891878377e-18,3.1456505487561526e-11,6.25274029601246e-08,3.1456505410353696e-11,3.194722660341977e-15,3.013649621050006e-15,3.145650578501643e-11,4.030757182585909e-15,1.114570819974334e-18,3.145650584612022e-11,1.1486306668174371e-18,3.145650584612022e-11
6.855994766879714e-07,1.1375095706474076e-18,1.0852774392708231e-18,1.0858520526096977e-18,1.9690367611010817e-15,2.7336976013533992e-11,1.3931585209524017e-18,7.81433402395342e-19,2.7336975951437107e-11,2.733697587584685e-11,2.733697574266471e-11,1.2583736039980043e-18,2.7336975937450927e-11,9.565362655205932e-19,2.733697590843537e-11,1.3024950419787872e-18,5.4338842910139625e-08,1.198289312699439e-18,2.7336975740368797e-11,1.2363506960341874e-18,1.0114085756660494e-18,2.7336975895887935e-11,1.3655440030713493e-18,-2.3413303177952734e-07,1.2739672114250399e-18,2.7336975940491766e-11,5.893261607158318e-19,1.1582693655414138e-18,1.3024950419787872e-18,7.81433402395342e-19,1.187877989467311e-18,2.7336975940491766e-11,8.551774788326028e-19,2.7336975392745902e-11,5.433883860468152e-08,7.846427567098543e-19,2.7336975698624924e-11,2.7336976013698336e-11,2.7336975691791485e-11,1.3635310576654207e-18,1.1518055055804137e-18,2.7336975937450927e-11,1.6595042268606887e-18,7.81433402395342e-19,2.7336976013533992e-11,1.0146851623806112e-18,2.7336976014189542e-11
7.133177888237042e-07,1.901478310218174e-18,1.6087711503409613e-18,1.706910548109565e-18,1.6645252965058622e-18,4.1281632819302684e-11,2.0486898062327707e-18,1.6016032562616177e-18,4.128163268760989e-11,4.128163255799961e-11,8.20572158471838e-08,1.9044353988705654e-18,4.128163268760989e-11,1.5902881179537547e-18,4.12816326859502e-11,1.9509047853143574e-18,8.205721619640422e-08,1.9404747154348736e-18,8.205721593132408e-08,3.745915646595237e-15,1.4974037842032608e-18,4.12816325659699e-11,2.0298511756777323e-18,1.2739672114250399e-18,-2.3413302659371404e-07,4.12816327361248e-11,1.4974037842032608e-18,2.0069341746973605e-18,1.934936431888571e-18,1.6016032562616177e-18,1.9162781116007373e-18,4.128163268760989e-11,1.7628254225898893e-18,8.205721494039264e-08,8.205720974283651e-08,1.3267425183382867e-18,8.205721593132416e-08,4.1281632575754694e-11,8.20572156907587e-08,1.9259450984469516e-18,1.914800115367127e-18,4.128163268760989e-11,5.0765288645096976e-15,1.4578472649236751e-18,4.1281632819302684e-11,1.4578472649236751e-18,4.12816326859502e-11
1.0000056577267766,2.952891015422658e-11,2.527046912971738e-11,2.8824258048968972e-11,2.5627776810626375e-11,1.0000072118983294,3.350033600418496e-11,2.561751316840857e-11,1.000007211898329,1.0000072097230288,1.0000072020325395,2.9528594209203874e-11,1.0000072118983296,2.5304301828430968e-11,1.000007211898329,2.952859501943813e-11,1.0000072058419713,2.952859470523285e-11,1.0000072029891742,3.05711372535975e-11,2.6120528807095828e-11,1.0000072081420672,3.145650579180453e-11,2.7336975940491766e-11,4.12816327361248e-11,1.00000697776526,2.612052880575488e-11,2.9528594688941074e-11,2.952859504465208e-11,2.5617513326617073e-11,2.952859472801211e-11,1.000007211898329,2.6120529297348018e-11,1.0000071923422966,1.0000071364258711,2.7067471048278723e-11,1.0000072029891747,1.0000072090912946,1.0000072003852538,3.132220223078228e-11,2.952859474054323e-11,1.0000072118983283,3.923956633404348e-11,2.5617513503502377e-11,1.0000072118983288,2.5617513127939664e-11,1.000007211898329
6.831815007006825e-07,1.1846486416940416e-18,8.692654923688854e-19,9.592045140317948e-19,9.023015233103023e-19,2.6120528787808444e-11,1.3029528042207628e-18,1.0171639058709475e-18,2.612052884386234e-11,2.6120528872581665e-11,2.6120528605926976e-11,1.1898508556608275e-18,2.6120528787808444e-11,9.448434356092536e-19,2.6120528787808444e-11,1.271791348659497e-18,2.6120528705659154e-11,1.1057135155645503e-18,2.612052862355053e-11,9.067448885946894e-19,1.9593417489671354e-15,2.6120528772946183e-11,1.2369893319512197e-18,5.893261607158318e-19,1.4974037842032608e-18,2.612052880575488e-11,-2.3413303276842586e-07,1.204336720961783e-18,1.271791348659497e-18,1.0171639058709475e-18,1.1898508556608275e-18,2.6120528908545604e-11,1.959341788026973e-15,2.6120528333647084e-11,5.19208562290693e-08,8.710999464144077e-19,2.6120528648447536e-11,2.6120528766045054e-11,2.6120528554080093e-11,1.2198507337146982e-18,1.1476830997210717e-18,2.6120528787808444e-11,1.5669883077040293e-18,1.0171639058709475e-18,2.6120528787808444e-11,1.0171639058709475e-18,2.6120528814323137e-11
6.899558428165564e-07,2.8259407090859794e-15,1.2019181613611567e-18,1.357776907098322e-18,1.102082606774552e-18,2.952859474507942e-11,3.2077509347963022e-15,1.1836295599094398e-18,2.9528594664927755e-11,2.952859459333493e-11,2.952859442039803e-11,2.825960067999971e-15,2.9528594677200014e-11,1.1358390247292218e-18,2.952859464923764e-11,2.8259599546756743e-15,2.9528594526647695e-11,2.8259599773458813e-15,2.952859437254005e-11,1.2594126806016495e-18,1.2445940986625903e-18,2.952859456521021e-11,3.0136496079510293e-15,1.1582693655414138e-18,2.0069341746973605e-18,2.9528594688941074e-11,1.204336720961783e-18,-2.341330304566057e-07,2.8259599894477712e-15,1.1800677336090396e-18,2.825959956224807e-15,2.9528594654579384e-11,1.151519014217302e-18,2.9528594109189175e-11,5.869520935846403e-08,1.147575989301494e-18,2.9528594440827596e-11,2.9528594585712617e-11,2.952859435915731e-11,2.9957449889192467e-15,2.8259599817546908e-15,2.9528594677200014e-11,3.779864637893509e-15,1.169919477939249e-18,2.9528594654579384e-11,1.0746312194619766e-18,2.9528594654579384e-11
6.899558404336735e-07,2.825940729104605e-15,1.1531573336666088e-18,1.357776907098322e-18,1.0332162870358439e-18,2.952859503253305e-11,3.2077509575731873e-15,1.183549677930502e-18,2.9528594960235473e-11,2.9528594912895875e-11,2.9528594743875347e-11,2.8259600880204015e-15,2.9528595015147005e-11,1.0369204248043919e-18,2.9528595030382806e-11,2.825959974696102e-15,2.952859484287559e-11,2.8259599973663096e-15,2.952859475378491e-11,1.4196045225260987e-18,1.1856017977969349e-18,2.952859484634256e-11,3.0136496293989145e-15,1.3024950419787872e-18,1.934936431888571e-18,2.952859504465208e-11,1.271791348659497e-18,2.8259599894477712e-15,-2.341330304566057e-07,1.1384886980316584e-18,2.8259599762452365e-15,2.952859505380596e-11,1.1854272630349075e-18,2.9528594302336003e-11,5.869520997641742e-08,1.2928540227924243e-18,2.952859470617482e-11,2.952859492988568e-11,2.952859462166841e-11,2.9957450100849508e-15,2.8259600017751168e-15,2.952859500514772e-11,3.779864665426812e-15,1.1384886980316584e-18,2.952859504465208e-11,1.1836295599094398e-18,2.9528595015147005e-11
6.821816355141439e-07,1.143605814268616e-18,6.186592829619938e-19,9.863350866271384e-19,1.046744075545387e-18,2.5617513304592223e-11,1.3985231571780702e-18,5.615238820701619e-19,2.5617513304592223e-11,2.561751322859486e-11,2.561751308272499e-11,1.1800677336090396e-18,2.5617513307771488e-11,1.024576085593977e-18,2.5617513327365132e-11,1.1749658866614176e-18,2.561751316619753e-11,1.169919477939249e-18,2.5617513063484658e-11,1.0083438542779936e-18,1.0171639058709475e-18,2.5617513225519637e-11,1.2495249553149023e-18,7.81433402395342e-19,1.6016032562616177e-18,2.5617513326617073e-11,1.0171639058709475e-18,1.1800677336090396e-18,1.1384886980316584e-18,-2.3413303258710072e-07,1.165610243056101e-18,2.5617513351839687e-11,1.088147422862795e-18,2.5617512721008307e-11,5.092099143507605e-08,1.2949619561841671e-18,2.5617513100648775e-11,2.5617513187830755e-11,2.5617513003821587e-11,1.2185787841313291e-18,1.0746312194619766e-18,2.5617513326617073e-11,1.5668009140778984e-18,5.615238820701619e-19,2.561751338629268e-11,1.8385259363185635e-15,2.561751326912205e-11
6.899558382554983e-07,2.8259406958833745e-15,1.2019181613611567e-18,1.367503643403502e-18,1.1911217955545157e-18,2.9528594671893185e-11,3.2077509198218578e-15,1.2044388970495184e-18,2.952859472801211e-11,2.952859463625139e-11,2.952859434629228e-11,2.8259600547974413e-15,2.952859468638353e-11,1.1243314990785763e-18,2.9528594697042435e-11,2.825959941473147e-15,2.952859444274392e-11,2.8259599641433533e-15,2.9528594406678614e-11,1.4196045225260987e-18,1.1057135155645503e-18,2.95285946015421e-11,3.0136495938933978e-15,1.187877989467311e-18,1.9162781116007373e-18,2.952859472801211e-11,1.1898508556608275e-18,2.825959956224807e-15,2.8259599762452365e-15,1.165610243056101e-18,-2.341330304566057e-07,2.952859467536991e-11,1.1380950278034716e-18,2.952859411127109e-11,5.869520932074406e-08,1.147575989301494e-18,2.952859437482948e-11,2.952859464170052e-11,2.952859433337433e-11,2.9957449749112168e-15,2.8259599685521597e-15,2.952859472801211e-11,3.779864620399771e-15,1.1384886980316584e-18,2.952859467735363e-11,1.169919477939249e-18,2.952859469117938e-11
1.0000056577267715,2.952891008104554e-11,2.5270469084130123e-11,2.8824258184102764e-11,2.5627776775564063e-11,1.0000072118983288,3.3500335911376574e-11,2.561751321302093e-11,1.0000072118983276,1.0000072097230288,1.0000072020325392,2.952859419651377e-11,1.000007211898329,2.5304301810087598e-11,1.0000072118983288,2.952859513059882e-11,1.000007205841972,2.952859476288254e-11,1.0000072029891731,3.057113725404751e-11,2.6120528952595644e-11,1.0000072081420661,3.1456505784166625e-11,2.7336975940491766e-11,4.128163268760989e-11,1.000007211898329,2.6120528908545604e-11,2.9528594654579384e-11,2.952859505380596e-11,2.5617513351839687e-11,2.952859467536991e-11,1.0000069777652565,2.6120529313857613e-11,1.0000071923422966,1.0000071364258702,2.70674709883362e-11,1.0000072029891747,1.0000072090912941,1.0000072003852545,3.132220227534483e-11,2.9528594721752175e-11,1.0000072118983288,3.923956634524609e-11,2.561751352937685e-11,1.000007211898329,2.561751320018819e-11,1.0000072118983285
6.831815012020574e-07,1.1846486416940416e-18,8.692654923688854e-19,8.649950027634883e-19,1.1060224209089533e-18,2.6120529274574547e-11,1.3932058454898693e-18,1.0171639058709475e-18,2.612052929295298e-11,2.6120529233287533e-11,2.612052895764559e-11,1.1057135155645503e-18,2.612052929295298e-11,8.984443043205906e-19,2.6120529235819526e-11,1.1149152155685066e-18,2.612052911676183e-11,1.233474979743184e-18,2.6120529051938093e-11,1.4963215366333365e-18,1.9593417378194284e-15,2.612052926867688e-11,1.3321369890101151e-18,8.551774788326028e-19,1.7628254225898893e-18,2.6120529297348018e-11,1.959341788026973e-15,1.151519014217302e-18,1.1854272630349075e-18,1.088147422862795e-18,1.1380950278034716e-18,2.6120529313857613e-11,-2.3413303276842586e-07,2.6120528746316383e-11,5.192085703835717e-08,9.709131144866748e-19,2.6120529036224735e-11,2.6120529191678764e-11,2.6120528958237345e-11,1.236254690671125e-18,1.2551541482988671e-18,2.6120529274574547e-11,1.5542132861755644e-18,1.0171639058709475e-18,2.612052922864857e-11,1.0171639058709475e-18,2.6120529240936743e-11
1.0000056381707811,2.952890947315434e-11,2.5270468453614645e-11,2.8824257452676722e-11,2.562777615975155e-11,1.0000071923422955,3.3500335265581076e-11,2.561751262600979e-11,1.0000071923422948,1.0000071901669954,1.0000071824765067,2.952859356825741e-11,1.0000071923422966,2.5304301482979784e-11,1.0000071923422966,2.952859440788539e-11,1.0000071862859394,2.9528593973120924e-11,1.000007183433141,6.076751842085007e-08,2.6120528401260004e-11,1.0000071885860335,3.145650509442006e-11,2.7336975392745902e-11,8.205721494039264e-08,1.0000071923422966,2.6120528333647084e-11,2.9528594109189175e-11,2.9528594302336003e-11,2.5617512721008307e-11,2.952859411127109e-11,1.0000071923422966,2.6120528746316383e-11,1.0000069386531893,1.0000071168698372,2.706747017780006e-11,1.000007183433141,1.0000071895352605,1.0000071808292208,6.226044103167434e-08,2.952859405361018e-11,1.0000071923422964,7.799811418131668e-08,2.5617512910717065e-11,1.0000071923422964,2.561751251199837e-11,1.0000071923422955
1.0000055822544731,5.869583630361646e-08,5.023115728274216e-08,5.729517073429482e-08,5.094139247868472e-08,1.00000713642587,6.659000383613525e-08,5.092099119098233e-08,1.0000071364258694,1.0000071342505696,1.0000071265600818,5.8695208318336764e-08,1.0000071364258711,5.029840805120068e-08,1.0000071364258705,5.869521006369852e-08,1.0000071303695137,5.869520933387558e-08,1.000007127516716,6.076751457868897e-08,5.1920856344425255e-08,1.0000071326696092,6.252739790989301e-08,5.433883860468152e-08,8.205720974283651e-08,1.0000071364258711,5.19208562290693e-08,5.869520935846403e-08,5.869520997641742e-08,5.092099143507605e-08,5.869520932074406e-08,1.0000071364258702,5.192085703835717e-08,1.0000071168698372,1.0000068268203406,5.3803132287937466e-08,1.0000071275167164,1.0000071336188354,1.0000071249127955,6.226043715739388e-08,5.869520933659825e-08,1.0000071364258698,7.799810934321425e-08,5.0920991778074556e-08,1.0000071364258711,5.092099101202935e-08,1.00000713642587
6.850637747784314e-07,1.2102390413009796e-18,1.0816010195527626e-18,8.625984552562018e-19,1.0483054928357623e-18,2.7067471001668828e-11,1.4393457875652498e-18,1.1788973203349808e-18,2.7067471041273893e-11,2.7067470912017293e-11,5.380313632787776e-08,1.279991586034271e-18,2.70674709883362e-11,1.4206775074512886e-18,2.7067471041273893e-11,1.1500837913937317e-18,2.70674707531753e-11,1.2281569985926784e-18,2.7067470709189896e-11,2.3898738812020256e-15,8.710999464144077e-19,2.7067470853756136e-11,1.3326169891878377e-18,7.846427567098543e-19,1.3267425183382867e-18,2.7067471048278723e-11,8.710999464144077e-19,1.147575989301494e-18,1.2928540227924243e-18,1.2949619561841671e-18,1.147575989301494e-18,2.70674709883362e-11,9.709131144866748e-19,2.706747017780006e-11,5.3803132287937466e-08,-2.341330312412292e-07,2.7067470744350058e-11,2.7067470831335214e-11,2.7067470600038164e-11,1.3343194770966659e-18,1.1475111162298982e-18,2.7067471007866805e-11,1.6346226589069304e-18,1.508933522962049e-18,2.7067471037300502e-11,1.508933522962049e-18,2.7067471041273893e-11
1.0000056488176374,2.952890979760329e-11,2.5270468791794933e-11,2.8824257799511918e-11,2.5627776485782522e-11,1.0000072029891747,3.350033572471716e-11,2.5617512948731197e-11,1.0000072029891736,1.0000072008138743,1.0000071931233854,2.952859386554848e-11,1.0000072029891744,2.5304301622091013e-11,1.0000072029891747,2.952859482576886e-11,1.0000071969328188,2.952859441310621e-11,1.0000071940800195,3.057113700424337e-11,2.61205287129981e-11,1.000007199232913,3.1456505487561526e-11,2.7336975698624924e-11,8.205721593132416e-08,1.0000072029891747,2.6120528648447536e-11,2.9528594440827596e-11,2.952859470617482e-11,2.5617513100648775e-11,2.952859437482948e-11,1.0000072029891747,2.6120529036224735e-11,1.000007183433141,1.0000071275167164,2.7067470744350058e-11,1.000006959946949,1.0000072001821392,1.0000071914760997,3.1322201879609445e-11,2.9528594389669584e-11,1.0000072029891747,7.799811510352532e-08,2.5617513270298242e-11,1.0000072029891744,2.5617512817523647e-11,1.0000072029891742
1.0000056549197458,2.952891010906993e-11,2.5270469059467723e-11,2.882425801613099e-11,2.5627776574729706e-11,1.0000072090912933,3.350033588981232e-11,2.5617513170890358e-11,1.000007209091293,1.0000072069159933,1.0000071992255037,2.9528594063395494e-11,1.0000072090912944,2.530430175600145e-11,1.0000072090912933,2.952859502067182e-11,1.0000072030349372,2.952859465935969e-11,1.0000072001821378,3.057113713188635e-11,2.612052878878776e-11,1.000007205335032,6.25274029601246e-08,2.7336976013698336e-11,4.1281632575754694e-11,1.0000072090912946,2.6120528766045054e-11,2.9528594585712617e-11,2.952859492988568e-11,2.5617513187830755e-11,2.952859464170052e-11,1.0000072090912941,2.6120529191678764e-11,1.0000071895352605,1.0000071336188354,2.7067470831335214e-11,1.0000072001821392,1.0000069721511846,1.000007197578219,3.132220209735528e-11,2.9528594559748665e-11,1.0000072090912933,3.923956619976689e-11,2.561751348282792e-11,1.0000072090912935,2.561751306189499e-11,1.0000072090912928
