0.9999999999600301,-3.995033182065156e-09,0.999999893381016,0.9999999449904072,-5.084396565574739e-09,0.9999999375461215,-4.7360058419394215e-09,-6.314111893716515e-09,-7.07218996692213e-09,-3.230460923660814e-09,0.9999999464596825,-5.182388198283447e-09,-1.1502020693597332e-08,-7.713231498743104e-09,0.999999954864109,0.9999999464596847,-3.870559684163416e-09,-4.183054532492429e-09,0.9999998862355743,-5.27464806614758e-09,0.999999946459684,-6.379839887192567e-09,-1.0300874323126557e-08,-6.250869279663979e-09,-1.1501084449612269e-08,-7.133819690483322e-09,4.6085452194342444e-09,-8.872576089348273e-09,0.9999999464596845,-4.460678362331677e-09,-1.1867983839451965e-08,0.9999999548641092,-6.599177120382533e-09,-7.328930838474124e-09,-4.472614952222659e-09,0.9999999582699236,0.9999999612915734,-3.3590228234839292e-09,-6.678668473939361e-09,0.9999998903652418,-3.3590234695584772e-09,-1.1502020103933015e-08,-1.217797423126698e-08,-3.3568626755930467e-09,0.9999999044379849,-6.679122307737145e-09,-6.803004225258166e-09,-1.0294415380813605e-08,-1.150201797703494e-08,-1.0600942945853617e-08,-5.182385794454843e-09,0.9999999548641092,-7.181739902791353e-09,-3.850594729148537e-09,0.9999999683863351,-3.879360381785513e-09,-4.7809233311358075e-08,-8.623652004697251e-09,0.9999999591098822,0.999999958269922,-4.9425498351273335e-09,-4.09905796405351e-09,-3.307969614440376e-09,0.9999999582699252,0.9999999548641079,0.9999999459610489,0.9999998888153981,8.484344130791666e-10,-8.6912921441775e-09,0.9999999548641113,-9.937566143869037e-09,-4.41671062985117e-09,0.999999892548036,0.9999999464596854,0.9999999157689329,0.9999999659315245,-5.045073925674384e-09,-1.175864342090777e-08,-3.0194490757686254e-09,0.9999999548641059,0.9999999002822259,0.9999999680869983,-5.345693131390752e-09,-6.950824339144971e-09,0.9999999311665426,0.9999998939230714,0.9999999588437473,-3.0290698656954896e-09,-5.96842170780082e-09,-8.641333066794713e-09,0.9999999548641072,-4.062373096206339e-09,-3.061843723838502e-09,4.608546597067688e-09,0.999999962303071,-4.005694388825501e-09,-6.480584700532728e-09,0.9999999449904072,-7.018051546270676e-09,0.9999999464596876,0.9999999595653153,2.1485078937218607e-09,-1.1534794185507453e-08,-5.968421895438276e-09,-3.6900774790638533e-09,-3.245593480469791e-09,-6.440888048096322e-09,0.9999999548641085,-9.27538172397845e-09,-1.1534796383096045e-08,-1.1502020465186882e-08,-2.854374532231413e-09
-3.995033182065156e-09,-3.5716089119656327e-09,4.835300083561075e-09,2.6832112981962585e-12,-9.415843773065128e-13,3.4611186877283598e-12,-3.1980692165023916e-12,-1.7722401183043625e-12,-8.58526246217581e-10,1.0804130501737334e-12,2.915219137605328e-12,8.625283563419953e-09,2.165510137803502e-13,-2.4787853084057168e-12,2.4014524857715106e-12,2.9152190740257788e-12,9.774726479643598e-13,8.231257989047867e-14,2.704719741187408e-12,-2.5967914415967394e-13,2.9152191047275437e-12,2.4266087290187314e-13,-1.6319047607643867e-12,-1.5109782674801668e-12,2.0076771406097638e-14,9.150910334060701e-14,-3.2079360428108386e-13,-2.0260039866109246e-12,2.9152191282636113e-12,7.471667632025133e-13,6.600836400930988e-11,2.4014524902890097e-12,2.3762153655862897e-09,-1.6086392490792598e-12,-1.6467013740941674e-12,2.2926706041436653e-12,2.535479774630397e-12,1.122532243223846e-12,-8.225114491377447e-13,2.298546764404288e-12,1.1225322426683512e-12,2.165510779142363e-13,-3.106792498924174e-14,9.803974233054925e-13,4.130853573969012e-12,2.505325265272507e-09,-2.162710241337147e-12,-1.3840117863452955e-12,2.16551077921627e-13,1.7450778242671414e-13,8.625283563419836e-09,2.4014524287464624e-12,-1.4125016504342297e-12,-3.395539293335503e-09,2.5182440888867496e-12,-3.43720527439761e-09,-2.8154905387742074e-13,-6.886501128227321e-13,2.2742916206417107e-12,2.2926706042001522e-12,5.089938154109701e-13,8.763344049019373e-13,8.304727570191083e-13,2.2926705308275323e-12,2.401452376991055e-12,3.648947710535172e-12,2.4167770058683884e-12,-7.510967707362003e-13,-1.4453631542259955e-12,2.401452385403048e-12,3.390509213801778e-13,-3.632237751497979e-12,3.815672467879854e-12,2.9152190924910047e-12,5.103700614257837e-12,3.2357144100444124e-12,-3.368024067524332e-13,-3.310457295157356e-13,1.0806916333328897e-12,2.4014524151256726e-12,3.908744440331762e-12,3.7422632071795675e-12,2.479287515112797e-09,-1.3817277581122004e-13,3.906432828436365e-12,3.733313999457766e-12,2.9063889104414147e-12,9.750917277108959e-13,-4.885547468974981e-13,-1.9108381819802687e-12,2.4014523854083323e-12,-9.474635056471407e-13,-1.479709005976907e-12,-3.2079360428160585e-13,2.5187604239062305e-12,-1.6969503754399585e-12,-1.6037851834378962e-12,2.6832112446338255e-12,-1.4311524176796354e-12,2.9152191452098775e-12,2.315456236255952e-12,6.340576373859743e-13,3.272714386880941e-13,-4.885547131212283e-13,-1.5706325291282211e-12,2.4447212640655018e-09,-1.2639557274636865e-12,2.401452385403048e-12,2.3475812239823187e-09,3.2727140445745607e-13,2.1655112661828725e-13,-1.590557447721654e-12
0.999999893381016,4.835300083561075e-09,0.9999998553632135,0.9999999179564939,4.622596033449287e-09,0.999999910932241,4.1065770421019885e-09,2.847124981799438e-09,1.7865108486556133e-09,5.770757279852126e-09,0.9999999194285967,3.640840927008798e-09,-2.616935878623471e-09,1.41100931647181e-09,0.9999999274604261,0.9999999194285951,4.982149517598261e-09,4.670343876710016e-09,0.9999998605711095,3.871688579780215e-09,0.9999999194285969,2.647771868716946e-09,-1.0997726077787259e-09,2.726174268743376e-09,-2.6277421520258788e-09,1.864185979094741e-09,1.4176257083146294e-08,2.719093830896949e-10,0.9999999194285956,4.380083269059458e-09,-2.9425349915538847e-09,0.9999999274604252,2.2546211804481426e-09,1.8452793137598697e-09,4.6750093308772545e-09,0.9999999308240801,0.9999999337860208,5.489251986872418e-09,2.85860191413623e-09,0.9999998646064365,5.489251624068336e-09,-2.6169357866641224e-09,-3.20650461432442e-09,5.490545028538001e-09,0.9999998781220394,2.1473290238777235e-09,2.321697296034485e-09,-1.234387847054564e-09,-2.616935696299639e-09,-1.6698943811562206e-09,3.640842403705535e-09,0.9999999274604259,1.9556190368261284e-09,4.995226813247694e-09,0.9999999407413588,4.9653624714586e-09,-3.80036275135061e-08,3.890328150898516e-10,0.9999999316399268,0.9999999308240806,3.8959498984558155e-09,4.75177037949288e-09,5.541421162120594e-09,0.9999999308240817,0.9999999274604257,0.9999999190275419,0.9999998632818671,1.0479115227823794e-08,4.2301498638617443e-10,0.9999999274604265,-1.0045347192424682e-09,4.432734066480985e-09,0.9999998669057776,0.9999999194285947,0.9999998893391537,0.9999999384943626,4.069731600962094e-09,-2.87686919636094e-09,5.816427385123739e-09,0.9999999274604261,0.9999998741974517,0.9999999405189693,3.50398033400274e-09,2.214334977772352e-09,0.9999999045206327,0.9999998682897385,0.9999999316059491,5.806228503597958e-09,2.856390046007117e-09,4.34979452179457e-10,0.9999999274604254,5.495922269869728e-09,6.1421471380396345e-09,1.417625656251058e-08,0.9999999347707689,5.1809352304245676e-09,2.49574820975961e-09,0.9999999179564948,2.1296636102840075e-09,0.9999999194285976,0.9999999321047088,1.1182424142949773e-08,-2.648321086611564e-09,2.856389028216252e-09,5.483477795396183e-09,5.586946829446768e-09,2.41829777934865e-09,0.9999999274604248,-3.2017652148413043e-10,-2.6483226516006535e-09,-2.616935251479163e-09,5.989422436026677e-09
0.9999999449904072,2.6832112981962585e-12,0.9999999179564939,0.9999999557791218,5.162366158470289e-09,0.9999999613283562,2.228469470067634e-12,6.879080284271491e-13,1.052637466168129e-12,3.4474435265475125e-12,0.9999999695512949,2.043065046896053e-12,-1.7025027987452622e-12,-1.0911173678813752e-13,0.9999999776817642,0.9999999695512931,2.4502208065878434e-12,2.2886709185161923e-12,0.9999999115013753,2.0450330560737073e-12,0.9999999695512938,1.950845981400451e-12,-9.761035208557099e-13,1.1185349184665645e-12,-7.520649545393844e-13,1.414347644305429e-12,1.2908229329306275e-08,-2.950674495844699e-13,0.9999999695512942,2.2319282807381188e-12,-1.1055809262082386e-12,0.9999999776817629,1.3428610057121036e-12,3.359610492582725e-13,2.5849323286541024e-12,0.999999981005655,0.999999983815795,2.7024311019062325e-12,2.0095966663821464e-12,0.9999999155240314,2.7024309472515934e-12,-1.7025027708452863e-12,-1.353314727598581e-12,2.711587652821565e-12,0.9999999302369365,1.3198413800510689e-12,3.8439004376196344e-13,-6.975010720037365e-13,-1.702502711326132e-12,-1.1840469200699682e-12,2.043065873624842e-12,0.999999977681764,3.4817207156016514e-13,2.655807855766092e-12,0.9999999909653845,2.655798721563176e-12,-3.926055466609843e-08,-7.462626054818998e-14,0.9999999819199604,0.9999999810056559,2.0098719202533465e-12,2.346719968108829e-12,2.7415932070691575e-12,0.999999981005655,0.999999977681764,0.9999999696764432,0.9999999146819276,1.0820339219336623e-08,-2.973197139943798e-13,0.999999977681764,-9.114042801956597e-13,2.268110547043452e-12,0.9999999178704577,0.9999999695512938,0.9999999418830015,0.9999999901866504,2.0339860031268736e-12,-7.650038868528769e-13,3.049688075575691e-12,0.999999977681764,0.9999999249822024,0.999999991339194,1.87627246842083e-12,1.245876016431987e-12,0.9999999554087291,0.9999999195994285,0.9999999813803859,3.048882364325112e-12,1.84378890346211e-12,-3.65764055081504e-13,0.9999999776817633,3.3107773590142963e-12,3.053011185695567e-12,1.2908228808670485e-08,0.9999999851722298,2.5577636826870426e-12,1.0841586228176608e-12,0.9999999680323337,2.700522093747438e-13,0.9999999695512942,0.9999999824777878,4.935154783081462e-12,-1.6911122486721024e-12,1.843788382793633e-12,2.778675416325823e-12,2.983338256877475e-12,1.085429021693776e-12,0.9999999776817629,9.090602834989095e-14,-1.6911130707052746e-12,-1.7025025406427557e-12,3.0457862527896698e-12
-5.084396565574739e-09,-9.415843773065128e-13,4.622596033449287e-09,5.162366158470289e-09,-1.897687324210059e-08,1.397154187322918e-08,-1.1362324449272358e-12,3.055689178037503e-09,2.4443946427042193e-13,-4.675914868667601e-10,5.0568998859197355e-09,-4.611916270347997e-13,1.4520621586326203e-12,2.930471859597605e-09,2.4635112134575974e-12,5.056899885919752e-09,-9.542986480391246e-14,7.0183849867845e-14,3.108727040226446e-09,-2.3080515401859612e-10,5.056899885919778e-09,-2.76597563071892e-09,-2.803999006051295e-09,-8.725957049152342e-09,-1.1583456801211783e-12,-1.5910532217709962e-09,4.26516482507887e-09,-6.7376631729700585e-09,5.056899885919791e-09,3.106999251000644e-13,-7.538698011492231e-13,2.463511281255997e-12,-1.6183750927944761e-12,2.3516103808565575e-09,-1.2551254856998132e-09,2.6588948022776593e-12,2.874236141279476e-12,3.192845083823816e-14,-3.933920633307738e-09,3.2083909318690267e-09,3.192841382572881e-14,1.4520621595568197e-12,-2.4062132326555784e-09,5.04485886305666e-14,-1.737520848940124e-10,-1.6284831048761795e-12,2.9762926096819186e-09,-9.767137813667164e-09,1.45206214937824e-12,1.0951944166955562e-12,-4.611916371257791e-13,2.4635111731714326e-12,3.029842721981247e-09,-1.1558650574695594e-12,2.463744688317771e-12,-1.1674640964617978e-12,2.375406780197846e-09,1.8284760293899055e-09,2.3932268818350064e-12,2.658894718661639e-12,4.921976505175681e-13,-2.7314219893138317e-14,-3.399706548655835e-14,2.658894704469543e-12,2.4635112031946262e-12,1.3221329603536552e-08,-1.7979132039418132e-09,-1.5000992928275268e-09,1.2194455623163372e-09,2.4635112770606703e-12,1.302348166023732e-12,-5.439701300857161e-13,8.893154499998427e-09,5.0568998859198124e-09,3.476673098588912e-10,-3.000940879947873e-10,2.191576281246732e-11,-1.5679793072327598e-12,-4.756248836584477e-13,2.4635112287107898e-12,1.8175322154576092e-09,5.4565162344961556e-09,-6.536014616192017e-14,-8.446505420077889e-10,1.1713557197477682e-08,9.01521429115058e-09,5.651883718126492e-09,-4.37891754853217e-13,-1.4658742183572072e-13,1.608545290262133e-09,2.4635112511057997e-12,-3.5021746559105805e-09,-2.589831099207433e-10,4.2651648250788515e-09,2.0171314221897422e-12,-1.6507110562341272e-10,-8.356087774709557e-09,5.162366158470327e-09,3.737999392932333e-09,5.0568998859198075e-09,2.269007742824146e-12,6.666373341165255e-12,1.2874168987806384e-12,-1.4658745066443212e-13,-3.4192668827999467e-10,-1.3953219247681861e-12,1.6150581020353998e-12,2.4635112812558266e-12,-1.7950021698291164e-12,1.2874169068562905e-12,1.4520621191695985e-12,-4.870888436628813e-13
0.9999999375461215,3.4611186877283598e-12,0.999999910932241,0.9999999613283562,1.397154187322918e-08,0.9999999274237992,3.624858482902875e-12,-1.1432077707400343e-09,2.0217226775336695e-14,5.009194581268068e-09,0.9999999629600314,2.4931018082233613e-12,-2.5233885225461737e-12,-3.1961086387909752e-09,0.9999999701730258,0.9999999629600307,2.7707969663790786e-12,2.3070862169529017e-12,0.999999904817632,3.5442949478567542e-09,0.9999999629600318,6.049666575169651e-09,2.423676543689676e-09,7.661160672877947e-12,1.280702058452195e-12,4.029512512196876e-09,9.512852023900907e-09,9.581506919110916e-09,0.9999999629600309,2.028017899099792e-12,1.4525976349886927e-09,0.9999999701730253,6.611017103865161e-09,-1.4136484484068203e-09,5.0794556903264255e-09,0.9999999731334621,0.9999999753279645,3.0193169639523946e-12,6.616408839822089e-09,0.9999999088605707,3.0193167981103797e-12,-2.5233884773650905e-12,2.253932635224539e-09,3.0388868923367064e-12,0.9999999287699032,3.3467720309076313e-12,-2.052410587476978e-09,7.283359397762423e-12,-2.523388432412791e-12,-1.6312983893389925e-12,2.4931025408011407e-12,0.999999970173026,-2.764537939571493e-09,3.787311386906678e-12,0.9999999831842399,3.800541498608863e-12,-4.0789318111283755e-08,-1.70882293559132e-09,0.9999999747101773,0.9999999731334621,1.4364205034605585e-12,2.298501228069474e-12,3.0227229309905853e-12,0.9999999731334617,0.9999999701730253,0.9999999491022812,0.9999999158956702,1.1522960296333784e-08,-1.2978896136611798e-09,0.9999999701730273,-1.9021974129432798e-12,2.8071862159489466e-12,0.9999999032374015,0.9999999629600296,0.9999999384656576,0.9999999882102164,3.4030217251757906e-09,1.8120476733374474e-12,3.467580464754588e-12,0.9999999701730267,0.9999999235341266,0.9999999820761625,1.3154559112543264e-12,2.705079577874006e-09,0.9999999371586626,0.9999999051580207,0.9999999739009084,3.4614400702151922e-12,3.9772734535016044e-13,-1.5561739171389379e-09,0.9999999701730253,8.239501398072659e-09,4.211401116227726e-09,9.512851503265184e-09,0.9999999786297271,3.41045027261953e-09,7.517548016037722e-12,0.9999999613283569,-4.011020237234152e-09,0.9999999629600318,0.9999999753870301,-7.663961687939646e-09,-2.3681937659051197e-12,3.9772683373575797e-13,4.052873281484366e-09,4.7391074989037245e-12,-1.5999644634839282e-12,0.9999999701730249,2.430102058190351e-12,-2.3681945440793223e-12,-2.5233882093890876e-12,3.936043404418547e-12
-4.7360058419394215e-09,-3.1980692165023916e-12,4.1065770421019885e-09,2.228469470067634e-12,-1.1362324449272358e-12,3.624858482902875e-12,-1.4161885669202745e-09,-2.6768169346028025e-12,1.4233480884718272e-13,1.8187768717933435e-12,2.506245032103067e-12,-2.076985754765091e-12,3.302077716342719e-13,-3.170095270413391e-12,1.9361639972874175e-12,2.506244934450636e-12,3.798656506251535e-13,2.6091043060252416e-09,2.1732717945465403e-12,-5.396736042653541e-13,2.5062449653608184e-12,8.336287782974207e-13,-2.403700367548847e-12,-2.008881884634284e-12,4.569615246724614e-13,5.100153937941867e-13,-5.314447893445887e-13,-3.0839719223706155e-12,2.5062449826827793e-12,-1.5954222606907507e-13,6.665943977170831e-13,1.9361639073139164e-12,2.4524458262224138e-09,-2.173842960192424e-12,-1.8942733228620714e-12,1.8196909670526232e-12,2.014430005344688e-12,2.709401898167335e-13,-7.439669505221683e-13,2.2896188599913905e-12,2.709400702141427e-13,3.3020763487345166e-13,1.765963100574147e-13,9.142874990002488e-10,4.270202040989802e-12,2.792383699912863e-09,-3.185754583596272e-12,-2.1329469957223595e-12,3.302079127514394e-13,2.0058130172323725e-13,-2.076985556388134e-12,1.936163960068078e-12,-2.177601514082172e-12,5.72774693831327e-09,1.924239212746185e-12,5.889503312283874e-09,-7.597936294740483e-13,-8.344513310779887e-13,1.796138272352175e-12,1.819690932249087e-12,-2.292593835750652e-13,4.0562704131060607e-13,4.779344564573777e-13,1.819691053150255e-12,1.9361639600680696e-12,3.831345115826643e-12,1.8517069644064593e-12,-9.71681183254549e-13,-2.269350766439739e-12,1.936163921572396e-12,3.149998915479222e-13,1.0820802095269173e-08,3.5594075202718407e-12,2.5062450386724446e-12,5.611015022423756e-12,3.360837303012049e-12,1.7504523570729827e-13,1.3492860207644375e-13,3.9358173409520784e-13,1.9361639065642278e-12,3.724379195743393e-12,3.761656552442355e-12,-2.399549001375552e-12,-1.4004640693530709e-13,4.007888041377382e-12,3.446925398278861e-12,2.1788543654741083e-12,1.0452495942405939e-09,-1.105398258090489e-13,-2.7839268236674694e-12,1.9361638940557666e-12,-9.847435357151475e-13,-1.713426736033003e-12,-5.314445992774871e-13,2.073842516929019e-12,-1.8443109552094437e-12,-1.9018666031821132e-12,2.2284694291549147e-12,-2.009482880255949e-12,2.506245057174792e-12,1.8092429578810624e-12,6.114649238382709e-13,4.231061865610989e-13,-1.105399423852469e-13,-1.9395425685809317e-12,2.5423764049874526e-09,-1.5104162020245293e-13,1.936163997287418e-12,2.6420216612877112e-09,4.2310633631356194e-13,3.302076801984304e-13,6.817812052561714e-09
-6.314111893716515e-09,-1.7722401183043625e-12,2.847124981799438e-09,6.879080284271491e-13,3.055689178037503e-09,-1.1432077707400343e-09,-2.6768169346028025e-12,-7.379485560625664e-09,2.2098295021513298e-12,5.101254354845703e-10,-6.983933626874613e-14,-2.321983176966845e-12,-2.1390316582426397e-12,8.548900173047288e-09,1.740408306766551e-12,-6.983926417527823e-14,-4.616856887162244e-13,-2.6393126047031495e-13,3.134381606529871e-09,2.2990720885458152e-09,-6.983929359567652e-14,1.2953838731329171e-12,4.2582922782143594e-09,8.272241150591103e-09,-1.7116755349753594e-09,6.658495052218458e-13,8.859795976461553e-13,7.4844880647262e-09,-6.983932483677547e-14,4.838679267782978e-14,-3.5336125405470314e-09,1.7404083128439935e-12,-3.6186950365856244e-12,5.275316685221068e-09,1.0956589251023195e-08,2.133615451839677e-12,1.26994059443716e-12,-3.9992578218911857e-13,5.093652997439e-09,3.4681531022558886e-09,-3.999258632541588e-13,-2.1390316571596115e-12,-5.624631560677093e-09,-4.882805117756852e-13,-2.792148741427192e-09,-3.964240775533835e-12,8.249294139956611e-09,3.2259737510027093e-09,-2.139031648079045e-12,-1.5555317829882334e-12,-2.3219830976716832e-12,1.740408323744843e-12,5.95145275829462e-09,-2.0603573020446374e-12,1.928855452770275e-12,-2.1544621082220223e-12,9.172770276275976e-13,3.9208544946349876e-10,2.2457550612755795e-12,2.133615460033755e-12,3.600141149294119e-13,-4.621084645120937e-10,-2.9144948963610234e-15,2.1336154556139873e-12,1.7404083105562246e-12,5.233638770347578e-11,1.3981775398751295e-09,5.9247642831259384e-09,4.660023653936002e-09,1.74040829823563e-12,-1.1168984183045181e-12,-9.058663453088913e-13,-3.56681549177588e-09,-6.983928181784352e-14,-2.7093267343102747e-12,1.099863922293488e-12,6.749431992073435e-10,-4.847203937940221e-10,-1.6484181498671536e-12,1.7404083077574832e-12,-3.6197496100990626e-12,1.2309907247291206e-09,4.736312046307509e-13,1.0321566163629945e-09,-1.9618183471381892e-09,-3.614233453802424e-09,1.0430884083228552e-09,-1.6913101999916205e-12,-4.774450733220761e-13,6.560829344024848e-09,1.7404083032060768e-12,6.699308340684429e-09,9.919846338783512e-09,8.859795905735528e-13,1.3113629114606367e-12,1.0248863519132338e-08,8.046272683485186e-09,6.879080284692745e-13,5.0812002924615725e-09,-6.983930596728388e-14,2.2474957197557026e-12,6.887954400275434e-10,-2.0678330940485836e-12,-4.774450612994561e-13,1.0625702499982209e-08,-3.919483030761779e-12,4.25079572468282e-12,1.7404082901261521e-12,-3.528482336167214e-12,-2.0678330824113148e-12,-2.1390316571090266e-12,-2.026262207667656e-12
-7.07218996692213e-09,-8.58526246217581e-10,1.7865108486556133e-09,1.052637466168129e-12,2.4443946427042193e-13,2.0217226775336695e-14,1.4233480884718272e-13,2.2098295021513298e-12,-1.3829803217988939e-08,-2.1749357035870695e-12,1.0691115978505177e-12,-8.4220371513252e-13,8.398897757949484e-13,4.782170095133447e-09,9.574052368859706e-13,1.069111649910398e-12,-3.6091074528424404e-13,-2.7801795843302273e-13,3.8388485557430466e-13,-1.856774828083109e-13,1.0691116608773235e-12,-1.873901837749308e-12,2.0490872379778048e-12,1.1072507038284158e-12,-1.2360806067392102e-12,-1.3209397676224562e-12,8.09902750468984e-13,2.21684380209337e-12,1.0691116498157332e-12,-8.185783069038626e-13,-1.3516985508846508e-09,9.574052667767515e-13,8.624585066499596e-11,1.687568891996363e-12,-6.273904919314277e-13,8.99545604463299e-13,1.1756299715177725e-12,-6.499387512757341e-13,-8.596250789403523e-13,9.209018780437228e-10,-6.499389537639011e-13,8.398897888126702e-13,2.1861276382018308e-13,-6.516666239428468e-13,-1.2996320781123062e-12,-1.5105466681932807e-14,2.1833363158670566e-12,1.4147153161449667e-12,8.398897888126652e-13,6.97868422055678e-13,-8.4220371513252e-13,9.574053759855453e-13,1.5978053459901222e-12,3.956951548834694e-13,9.021194739298005e-13,3.738802916591633e-13,1.1348596122064143e-12,8.564344633751324e-13,8.230527774622573e-13,8.995457344009436e-13,-8.28336986298423e-13,-2.510607016567033e-13,-1.4170928309018896e-09,8.995456234129023e-13,9.574052939511048e-13,-6.154486949119309e-13,5.693592024627182e-13,-4.235849122980433e-13,1.6801743440482063e-12,9.574053388331718e-13,5.993588069083661e-13,-1.282007455717703e-13,3.654857885414659e-14,1.0691116595696305e-12,-2.157241321937227e-12,-8.216231899403404e-13,1.0466723553896036e-10,-1.3442163268566588e-12,-2.6201637215511015e-13,9.574052939511129e-13,7.886178161790391e-13,-5.426843469241382e-13,2.2311920580591663e-13,-2.0592471919555865e-13,-6.616181107442392e-13,-3.459329720041956e-13,1.3811914434387235e-12,-2.735732086398999e-13,3.101065549229487e-13,1.8368288784927198e-12,9.574054522882254e-13,-9.044496761998966e-13,3.269479337622435e-14,8.099027759367786e-13,8.978323086166971e-13,9.141466480070525e-14,8.649126553579056e-13,1.052637581903146e-12,2.0277963601099923e-12,1.069111667724296e-12,7.514348734474071e-13,-1.9501474462087445e-13,7.107852927482644e-13,3.1010689094571944e-13,-1.4451836589086515e-13,1.191492783772892e-13,-7.148924167345822e-13,9.574052667767515e-13,-1.349677981340174e-13,7.107852603325687e-13,8.398897888126652e-13,-3.61048334758883e-14
-3.230460923660814e-09,1.0804130501737334e-12,5.770757279852126e-09,3.4474435265475125e-12,-4.675914868667601e-10,5.009194581268068e-09,1.8187768717933435e-12,5.101254354845703e-10,-2.1749357035870695e-12,-1.6319398498306114e-08,3.939324371709492e-12,1.212751458185597e-12,3.5737361011739017e-09,-6.831006005389723e-13,2.741902366763402e-12,3.939324330296059e-12,-3.2978758416826345e-14,-2.6666169002366657e-13,5.005956384170346e-09,-1.786865366633877e-09,3.9393241878472796e-12,-4.8630537534850526e-09,1.695841713886247e-09,-6.490368010965794e-13,-7.670337829251804e-13,-3.3776000797051125e-09,-9.268632425854365e-14,3.8338380059040763e-13,3.939324334948981e-12,-3.67512007142273e-13,2.2814179396435696e-13,2.741902366763467e-12,2.696068005086094e-12,-3.094118094237509e-13,-7.994088741966643e-09,2.3876340564286958e-12,3.187666786293642e-12,-9.80249259764162e-14,-4.313209819830309e-09,4.792646982944559e-09,-9.802490766434867e-14,3.573736101173966e-09,1.8396747447292907e-12,-7.034887133500507e-14,5.746683758226131e-09,2.8456748669420414e-12,-8.045452922172337e-13,2.040049360772606e-09,3.573736101173964e-09,2.7384788516070493e-09,1.2127514736264178e-12,2.741902355952784e-12,-1.1391403524491393e-09,1.6587840827069882e-12,2.5805060680843747e-12,1.688578228501137e-12,4.46026724538802e-13,9.931646406648045e-10,2.2698016359263665e-12,2.387634041277827e-12,-6.044534299844645e-13,-2.10728934033416e-13,-3.888846931591065e-13,2.387634007616319e-12,2.7419023647056606e-12,3.19826241395615e-09,6.829397861522295e-09,-4.178021363420248e-09,-3.0547586971436374e-14,2.7419023667964003e-12,2.2539203303442234e-09,4.994293257357612e-13,7.35965875310553e-09,3.939324079648923e-12,5.888452708920307e-09,3.742116042252193e-09,-2.465302599284976e-10,-1.2982284789363735e-12,9.416065798369177e-13,2.741902347464585e-12,1.202470223855893e-08,4.232795331533354e-09,-2.742685083778457e-13,-8.522890703145489e-10,4.547463771874577e-09,6.30598671267882e-09,7.819549997443824e-09,9.337992921071732e-13,2.1779427959023153e-13,-5.629512851637338e-13,2.7419023666344967e-12,-5.416992719868146e-09,-5.86710847371222e-09,-9.268648661227217e-14,3.0153771650028946e-12,-6.0780152069690246e-09,-9.15206641483335e-13,3.447443501345517e-12,3.347989326447866e-10,3.939324343145662e-12,2.2125219387574852e-12,-2.8088633282087163e-09,3.372386796156673e-09,2.1779434360974975e-13,-6.747570607537454e-09,2.91687136135465e-12,-3.448737614987591e-12,2.7419023583092033e-12,2.489880976179522e-12,3.3723867961566753e-09,3.573736101174001e-09,1.271096682752267e-12
0.9999999464596825,2.915219137605328e-12,0.9999999194285967,0.9999999695512949,5.0568998859197355e-09,0.9999999629600314,2.506245032103067e-12,-6.983933626874613e-14,1.0691115978505177e-12,3.939324371709492e-12,0.9999999589738001,2.4009597994180467e-12,-1.6949764056212527e-12,-9.984707037094e-13,0.9999999790917563,0.9999999712270029,2.561144450776836e-12,2.408301093677317e-12,0.9999999131766034,1.973986046475629e-12,0.9999999712270045,2.288740618291777e-12,-1.4391048352728333e-12,9.230715031797656e-13,-6.079472471485185e-13,1.635679088609654e-12,1.2406907108211879e-08,-8.122880538550531e-13,0.9999999712270045,2.2892858971525494e-12,-9.482084375757688e-13,0.9999999790917554,1.689035564293309e-12,-2.532171286258936e-13,2.1777288892018175e-12,0.9999999823595098,0.9999999852378991,2.8186004432702047e-12,3.849312529281981e-09,0.9999999171238293,2.818600282969956e-12,-1.6949763778485395e-12,-1.2763125589537128e-12,2.8406114840644996e-12,0.9999999331743004,1.6879788197365795e-12,-4.470180811034213e-13,-8.862039734422983e-13,-1.694976334448996e-12,-1.1698176966494193e-12,2.400960464336479e-12,0.9999999790917571,-2.451837681461875e-13,2.7841855275764333e-12,0.9999999924639057,2.7925874159674778e-12,-3.9711757265166394e-08,-3.9468077600536946e-13,0.9999999833078524,0.9999999823595096,2.0420263234606434e-12,2.4541941957821993e-12,2.8575861086111274e-12,0.9999999823595103,0.9999999790917552,0.999999971498064,0.9999999165703967,1.0442220909346302e-08,-8.518729922667157e-13,0.9999999790917566,-8.885394908160319e-13,2.4447186220945165e-12,0.9999999198684566,0.9999999712270031,0.9999999454511617,0.9999999926622954,2.0081499065808906e-12,-6.694796553038703e-13,3.263944804007719e-12,0.999999979091755,0.9999999275259811,0.9999999936323071,1.7270319096260705e-12,1.2363848690005016e-12,0.9999999574164374,0.9999999215765975,0.9999999829697824,3.2716003247333378e-12,1.9314487351689532e-12,-1.0629768358180833e-12,0.9999999790917545,6.3674418535090725e-09,2.6294164976154628e-12,1.240690658757613e-08,0.9999999867116796,2.083900226278298e-12,8.837195133937033e-13,0.9999999695512942,-3.6829802490478823e-13,0.9999999712270053,0.9999999839117493,4.684876024659226e-12,-1.6477363385454292e-12,1.931448245811498e-12,2.3177553147422214e-12,3.312952844043697e-12,8.492892018845775e-13,0.9999999790917554,4.636161005995212e-13,-1.647737104086798e-12,-1.6949760948387043e-12,3.2623154169626503e-12
-5.182388198283447e-09,8.625283563419953e-09,3.640840927008798e-09,2.043065046896053e-12,-4.611916270347997e-13,2.4931018082233613e-12,-2.076985754765091e-12,-2.321983176966845e-12,-8.4220371513252e-13,1.212751458185597e-12,2.4009597994180467e-12,1.55373432615035e-09,8.333245896476463e-14,-3.0346035911420496e-12,1.7799486654844601e-12,2.400959767074512e-12,1.0237849558925971e-12,5.0429898650891e-13,2.449773574056895e-12,-4.2299617575718285e-13,2.400959726073281e-12,-9.217082355024485e-15,-1.2172398127198102e-12,-1.2002104103898861e-12,-4.890902701849003e-13,-2.0252544631902479e-13,-8.243700690949121e-13,-1.7426085468052497e-12,2.4009597115496665e-12,1.0128797388748465e-12,-5.020097306899933e-13,1.7799486729203716e-12,4.199915922284705e-09,-2.0496047277389097e-12,-2.431760107525854e-12,1.531020450689999e-12,1.9608121146834672e-12,1.37783218869606e-12,-8.672112062164393e-13,1.948754387852656e-12,1.3778321895314985e-12,8.333256629624376e-14,2.0582483441873056e-14,1.4073084470010009e-12,3.851244917025113e-12,4.340721789516045e-09,-2.808509582280182e-12,-1.0897831744482554e-12,8.333256629624376e-14,-5.2409748948952434e-14,1.380622768631736e-08,1.779948662529905e-12,-1.853543510517452e-12,-2.6035896800989982e-12,1.8338440207021433e-12,-2.6334540197594e-12,-4.552929256344281e-13,-8.608864513976612e-13,1.4919264500042089e-12,1.53102045149448e-12,7.779869586829435e-13,7.279482496919884e-13,1.0853664361489826e-12,1.5310204765385737e-12,1.779948682969259e-12,2.535078112785159e-12,2.351666833454774e-12,-9.198285137832712e-13,-1.756395748805446e-12,1.7799486751463305e-12,3.674324682918722e-13,-2.5504472318554996e-12,3.434796143508692e-12,2.4009597241692055e-12,5.213093015265913e-12,3.0228221012009954e-12,-1.5605753979293768e-13,-1.0768129657906023e-12,1.2998923879804651e-12,1.7799486281395625e-12,3.837767972205734e-12,3.229664947834699e-12,-1.4054635102654523e-12,-6.258164408731983e-14,2.979645494975795e-12,2.9207326814053475e-12,2.4517369488250554e-12,1.3517521044459726e-12,-8.804109210086871e-13,-2.51580500731817e-12,1.7799486483604633e-12,-1.0217572413770974e-12,-1.8069488575031514e-12,-8.243701891821558e-13,2.028667085599936e-12,-2.089136600650781e-12,-1.4326214012662164e-12,2.0430650921406017e-12,-1.5282745017245299e-12,2.4009597249962063e-12,1.4960804174195576e-12,-7.391617846606612e-13,2.5744790236289714e-13,-8.804113293680177e-13,-2.0749800790631723e-12,4.232272270141274e-09,-1.358722669337704e-12,1.779948699936208e-12,4.103325572195483e-09,2.574476564405166e-13,8.333256817794846e-14,-8.262221520061799e-13
-1.1502020693597332e-08,2.165510137803502e-13,-2.616935878623471e-09,-1.7025027987452622e-12,1.4520621586326203e-12,-2.5233885225461737e-12,3.302077716342719e-13,-2.1390316582426397e-12,8.398897757949484e-13,3.5737361011739017e-09,-1.6949764056212527e-12,8.333245896476463e-14,-1.4383387703754578e-08,-2.090458587863582e-12,-1.496140565952396e-12,-1.694976419264415e-12,-1.3907519323917977e-13,-3.7484355684118826e-14,-6.898085810911321e-13,8.084995659860825e-10,-1.6949764394411811e-12,4.7558184103308015e-09,-7.268159973441695e-13,9.386184686704429e-13,1.692881350456069e-12,3.5307804814560477e-09,-1.4762965062310488e-12,-2.354875316796406e-13,-1.6949764318070099e-12,8.547579623124428e-14,1.1628359340788076e-12,-1.4961404909767041e-12,5.270264384655811e-14,-1.4367809591986642e-12,1.1899048208701687e-12,-1.4440972912534469e-12,-1.8414163281983047e-12,-1.3349729179771384e-13,1.7269277261436888e-12,-6.564370274274557e-13,-1.334973024158109e-13,-2.130314620407405e-09,5.559629215759875e-13,-8.57694909721574e-14,2.560320386148076e-09,5.197738596216657e-14,-1.9006868564898384e-12,2.1198191818546306e-09,-2.130314620407394e-09,-1.602195463743387e-09,8.33325613713516e-14,-1.4961405887874162e-12,-1.6296194561795563e-12,8.963928403631089e-14,-1.3672862570553988e-12,1.17915943186001e-13,-1.4368300250646098e-12,-1.0398897694146144e-12,-1.244454550911133e-12,-1.4440972842064478e-12,1.6543827989715423e-13,-1.1143566071032238e-13,-9.291230429788798e-15,-1.4440972842064478e-12,-1.496140592072453e-12,-1.892028475324629e-12,4.959058987514262e-13,7.350781584109445e-13,-1.2599079896620929e-12,-1.4961405836312477e-12,-2.048179600697085e-09,2.1664829829259768e-13,-3.162581097024329e-09,-1.6949764115246974e-12,3.3463798661584606e-09,9.89092146445216e-13,-3.754995132386566e-11,2.142659672314797e-12,1.6772298148083895e-13,-1.4961405175348382e-12,-1.4438860203582667e-09,-6.917096035242824e-13,3.558647252004699e-14,7.618605883239637e-10,-1.6017592767875472e-12,-2.156284437641273e-09,-2.0560529050985284e-12,2.0660663124442586e-13,8.831567435628763e-13,-1.3431604311129562e-12,-1.4961405410354742e-12,1.7648921068427466e-12,1.962015898864947e-13,-1.4762963621667185e-12,-1.2683669209259083e-12,2.0009034500794007e-13,1.1416008279971682e-12,-1.7025028150235145e-12,-2.3475951295579803e-12,-1.6949763900776513e-12,-1.1029244206424435e-12,-5.288608934477443e-09,-1.9212679848971194e-09,8.83156939924003e-13,4.1858275096411893e-13,-1.5092714605123866e-13,1.4715926532299616e-13,-1.4961404696822095e-12,2.740741173104916e-13,-1.921267984897104e-09,-2.130314620407427e-09,1.1739583659541457e-13
-7.713231498743104e-09,-2.4787853084057168e-12,1.41100931647181e-09,-1.0911173678813752e-13,2.930471859597605e-09,-3.1961086387909752e-09,-3.170095270413391e-12,8.548900173047288e-09,4.782170095133447e-09,-6.831006005389723e-13,-9.984707037094e-13,-3.0346035911420496e-12,-2.090458587863582e-12,1.3257907206689911e-09,1.229778574193204e-12,-9.984707344109872e-13,-7.219648671280008e-13,-3.418701708763779e-13,1.2550794658253285e-09,2.492976806006389e-09,-9.984706948323376e-13,2.3301134472274345e-13,7.485081556950737e-09,1.0979693532701917e-08,-2.748944707459637e-12,-5.584098671099383e-10,1.8030214481213815e-12,1.1264716758289187e-08,-9.984707149702863e-13,-4.0191150027873645e-13,-3.418887433957766e-12,1.2297785760737176e-12,-4.424437283965833e-12,8.575561971536435e-09,1.2086876739845169e-08,1.6561480742997361e-12,9.017265663948295e-13,-8.106317922033141e-13,4.461308481926145e-09,1.6349518446468698e-09,-8.106317878925029e-13,-2.0904586147969787e-12,-4.167048609739592e-12,-9.182627813595265e-13,-4.510655676452887e-12,-4.928903935164813e-12,1.2873184527682208e-08,3.792064932339201e-09,-2.090458611558917e-12,-1.4707243373143445e-12,-3.0346034762481432e-12,1.229778575332087e-12,9.686900745740374e-09,-2.471737115551695e-12,1.531592206939993e-12,-2.616802264050218e-12,4.3021767520369955e-09,1.2480726580559987e-09,1.6970521108182668e-12,1.6561480721745411e-12,-1.6974409434012214e-15,-3.029147089945085e-13,-3.134779497562688e-13,1.6561480653142987e-12,1.2297785734366838e-12,-2.6439421996076254e-09,-2.0121037036009174e-09,6.503944769586649e-09,7.640163502734383e-09,1.2297785804994035e-12,-7.241869640876448e-13,-9.534171121348112e-13,-6.953273122458707e-09,-9.98470714543031e-13,-6.316550492152439e-12,-8.925620914405017e-13,1.0995705202589448e-09,-2.2871843936361797e-12,-2.1314741974600765e-12,1.2297785781381274e-12,-5.891708719931946e-12,-7.298923239095469e-13,3.6195179089137176e-13,9.429337347215069e-10,-5.576385475020171e-09,-8.16113994910443e-09,1.8046121980190729e-13,-2.1899392469436874e-12,-3.215844229479773e-13,9.940454759785803e-09,1.2297785731808301e-12,6.597029913998916e-09,1.2576411579577253e-08,1.8030212201305144e-12,1.2462840453603553e-09,1.2847683753626703e-08,1.0065526669059622e-08,-1.091117018499994e-13,9.611611244241306e-09,-9.984707258243647e-13,1.6507950571030419e-12,2.451964867138723e-09,-2.0446318365609596e-12,-3.215844351633699e-13,1.2879535793429524e-08,-4.756593788733874e-12,5.199435602363053e-12,1.2297785753437445e-12,-4.507380056005417e-12,-2.044631836539568e-12,-2.0904586026393612e-12,-2.482632412300307e-12
0.999999954864109,2.4014524857715106e-12,0.9999999274604261,0.9999999776817642,2.4635112134575974e-12,0.9999999701730258,1.9361639972874175e-12,1.740408306766551e-12,9.574052368859706e-13,2.741902366763402e-12,0.9999999790917563,1.7799486654844601e-12,-1.496140565952396e-12,1.229778574193204e-12,0.9999999751797332,0.999999979091755,2.3714061082613675e-12,2.2108095363323753e-12,0.9999999205519421,1.973503566176073e-12,0.9999999790917566,1.1402863844693618e-12,-7.385028890210018e-14,1.9773742371717407e-12,-1.868657938854085e-12,7.061361229237546e-13,7.129629146915206e-12,8.205721049782637e-13,0.9999999790917569,2.147304563146094e-12,-2.0144776216827464e-12,0.9999999874330062,1.0550589355144339e-12,1.2271209598520911e-12,2.5450646157525763e-12,0.9999999907635028,0.999999993784224,2.6363387535371925e-12,1.5023166844471148e-12,0.9999999245527974,2.6363386564999357e-12,-1.496140497028368e-12,-2.0342314238818525e-12,2.6222864316677463e-12,0.9999999370511136,9.586243950777367e-13,1.6225958406149673e-12,-3.694438390450397e-13,-1.4961404554027998e-12,-9.771511334134537e-13,1.7799493610210886e-12,0.999999987433008,1.3526036480077498e-12,2.449824767881717e-12,1.0000000008009284,2.420363321183869e-12,-1.883297837283341e-11,1.9438204488212808e-13,0.9999999915741472,0.9999999907635034,1.933486582939821e-12,2.2941572792320645e-12,2.6995244505535966e-12,0.9999999907635034,0.9999999874330067,0.9999999781402997,0.9999999229701015,5.3899780085603836e-12,5.135508219364048e-13,0.9999999874330089,-5.259135416969318e-13,2.1979464334692506e-12,0.9999999260962494,0.9999999790917552,0.9999999480894197,0.9999999980942662,2.095765427829757e-12,-2.031407633148126e-12,2.8341349433085364e-12,0.9999999874330073,0.9999999332599434,1.0000000001576024,1.7608229547633453e-12,1.1298848607994605e-12,0.9999999634477684,0.9999999270665156,0.9999999916117076,2.8144133488491226e-12,1.5401387781840983e-12,5.359800637279128e-13,0.9999999874330067,2.9015874249528403e-12,3.5121728219376158e-12,7.129628840403806e-12,0.9999999947152168,2.9944113242740972e-12,1.7301391320006899e-12,0.9999999776817655,1.5515297793817032e-12,0.9999999790917564,0.9999999920414082,5.4249497873517114e-12,-1.495610665763705e-12,1.5401383204449334e-12,3.1066907338194086e-12,2.701624960929894e-12,1.3977751201971795e-12,0.9999999874330064,-2.8438321729349694e-13,-1.4956115368796973e-12,-1.4961402489370136e-12,2.848774244413449e-12
0.9999999464596847,2.9152190740257788e-12,0.9999999194285951,0.9999999695512931,5.056899885919752e-09,0.9999999629600307,2.506244934450636e-12,-6.983926417527823e-14,1.069111649910398e-12,3.939324330296059e-12,0.9999999712270029,2.400959767074512e-12,-1.694976419264415e-12,-9.984707344109872e-13,0.999999979091755,0.9999999589737988,2.5611444823584843e-12,2.4083010857234697e-12,0.999999913176603,1.973986079478339e-12,0.9999999712270031,2.288740672080062e-12,-1.4391048712297386e-12,9.230715005838904e-13,-6.079472451312766e-13,1.6356790722100626e-12,1.2406907108211855e-08,-8.122880621759616e-13,0.9999999712270042,2.2892858803744977e-12,-9.482084366615688e-13,0.9999999790917541,1.6890355592458986e-12,-2.5321713614632147e-13,2.177728867434453e-12,0.9999999823595094,0.9999999852378979,2.818600401942822e-12,3.849312529281966e-09,0.9999999171238266,2.818600286339281e-12,-1.6949763704409678e-12,-1.2763125493022466e-12,2.840611427550015e-12,0.9999999331742986,1.6879787747377405e-12,-4.4701808637223395e-13,-8.86203967038425e-13,-1.6949763139910076e-12,-1.1698177083423356e-12,2.400960509815743e-12,0.9999999790917552,-2.4518373178849615e-13,2.7841854826807156e-12,0.999999992463905,2.792587353704302e-12,-3.971175726516638e-08,-3.946808756373466e-13,0.9999999833078513,0.9999999823595092,2.0420263315443043e-12,2.4541941997947373e-12,2.857586118339083e-12,0.9999999823595089,0.9999999790917541,0.9999999714980633,0.9999999165703958,1.044222090934628e-08,-8.518730203068574e-13,0.9999999790917552,-8.885394815443855e-13,2.444718612663416e-12,0.999999919868455,0.9999999712270022,0.9999999454511601,0.9999999926622941,2.008149840246862e-12,-6.694796887020359e-13,3.263944772606956e-12,0.9999999790917543,0.9999999275259804,0.9999999936323053,1.727031952334465e-12,1.2363850266977249e-12,0.9999999574164359,0.9999999215765963,0.9999999829697807,3.271600306624012e-12,1.9314487351689698e-12,-1.0629767742695972e-12,0.9999999790917541,6.367441853509052e-09,2.6294165738942735e-12,1.2406906587576124e-08,0.9999999867116784,2.0839001801869125e-12,8.837195175896301e-13,0.9999999695512938,-3.6829801214507607e-13,0.9999999712270033,0.9999999839117477,4.684876020959922e-12,-1.6477362967284422e-12,1.931448270090504e-12,2.3177552800935202e-12,3.312952853830524e-12,8.492890775272879e-13,0.9999999790917539,4.636160651979599e-13,-1.6477371008239732e-12,-1.6949761115939146e-12,3.2623154844913737e-12
