0.9999999779065332,-1.234507094321752e-05,-1.2346054991393224e-05,0.9999737580286626,-1.2345070950511282e-05,0.9999737580286625,-1.2347109154796718e-05,-1.2351427870924674e-05,0.9999737580286643,-1.2345618706345005e-05,0.9999737580286623,-1.235338547230528e-05,0.9999737580286602,0.9999737319449883,-1.2434843542860442e-05,0.9999737580286626,0.9999737580286633,0.9999737013354413,0.9999737580286605,-1.2392486610006373e-05,-1.2347079178002788e-05,0.9999737580286623,-1.2348683431740695e-05,0.999973202921244,0.9999737580286602,-1.2344176609674202e-05,0.9999737580286623,-1.2350466861486369e-05,-1.234830984778925e-05,0.9999737580286626,-1.2344176608769502e-05,-1.2348683430721691e-05,0.9999737580286625,0.9999737580286658,0.9999737580286602,-1.2343850376997912e-05,0.9999737580286615,0.9999737580286614,0.9999737580286633,-1.2392299700182343e-05,-1.2346606217800795e-05,0.9999737580286623,-1.235249299784714e-05,0.9999737580286594,0.999973839758853,-1.23949315730119e-05,-1.2345563238511914e-05,0.9999737580286642,-1.2351076188459757e-05,-1.2349341227244977e-05,-1.2343850378001604e-05,-1.2344176612497693e-05
-1.234507094321752e-05,-5.813013637711657e-06,-1.468559087032826e-14,-4.650721709833015e-10,-8.601491407724061e-15,-4.650721710466575e-10,2.4242299048406066e-14,1.5520483244310066e-14,-4.6507217099341866e-10,-1.755888690127035e-14,-4.650721710047352e-10,4.927070117755631e-11,-4.650721710486347e-10,-4.650746271947526e-10,-6.512861490886497e-15,-4.6507217106813323e-10,-4.650721709940206e-10,-4.6507463029242295e-10,-4.6507217104661863e-10,1.482951082543289e-14,-4.6568934450339775e-11,-4.650721710486347e-10,1.39089713465214e-16,-9.250222964272736e-07,-4.6507217104661863e-10,-6.033701291613771e-15,-4.650721709940206e-10,6.0666306105527245e-15,-5.98375636786908e-17,-4.650721710486347e-10,-6.033701291613771e-15,1.39089713465214e-16,-4.650721710047352e-10,-4.650721710047352e-10,-4.650721710047352e-10,2.2900059363847442e-15,-4.6507217099497433e-10,-4.650721710466575e-10,-4.650721710466575e-10,1.6378677155456095e-14,-9.976583549232817e-15,-4.650721710047352e-10,2.735631342272604e-15,-4.6507217099497433e-10,-4.650762409493716e-10,4.980220630502767e-15,9.297577088032084e-15,-4.6507217100904173e-10,9.207864317464464e-15,2.1079675450813893e-14,2.2897893859706296e-15,-6.033701291613771e-15
-1.2346054991393224e-05,-1.468559087032826e-14,-5.8130599551589415e-06,-4.6556744376357133e-10,-1.4685768529666225e-14,-4.65567443760124e-10,5.70275991008998e-14,2.3417936706271932e-14,-4.655674437237545e-10,-2.8690009944135073e-14,-4.655674437950851e-10,5.505333520411417e-14,-4.655674437499846e-10,-4.6556834046064786e-10,-9.173767832368965e-15,-4.655674437499846e-10,-4.6556744378535276e-10,-4.655679455271118e-10,-4.655674437391415e-10,6.712270554796085e-11,-5.070258227744886e-14,-4.655674437095788e-10,-1.4440861501929152e-14,-9.260063433999204e-07,-4.6556744374023393e-10,-1.0943722319929738e-14,-4.655674437950851e-10,-1.5427381882261767e-14,2.1436902028983965e-14,-4.655674437499846e-10,-1.0943722319929738e-14,-1.4441154341678226e-14,-4.6556744369859966e-10,-4.655674437798689e-10,-4.6556744369859966e-10,7.438688726405999e-15,-4.655674437490834e-10,-4.655674437801295e-10,-4.6556744369859966e-10,5.050074068356896e-15,6.100556958705504e-15,-4.6556744374928484e-10,2.0339371084216268e-15,-4.6556744374928484e-10,-4.65576704135861e-10,2.7467707201053067e-11,2.71450668359183e-14,-4.6556744374023393e-10,8.591869231455582e-15,1.9438919682407066e-14,7.438803306999342e-15,-1.0943722319929738e-14
0.9999737580286626,-4.650721709833015e-10,-4.6556744376357133e-10,0.9999669695640643,-4.650721753241216e-10,0.9999727825590506,-4.66092067700356e-10,-4.682647839393232e-10,0.9999727825590526,-4.6535049468669493e-10,0.9999727825590509,-4.692481663988732e-10,0.9999727825590501,0.9999727564754728,-5.102068790183476e-10,0.9999727825590501,0.999972782559052,0.9999727258664106,0.9999727825590503,-4.889067417838135e-10,-4.660835779658647e-10,0.999972782559052,-4.668831919233466e-10,0.9999722274594951,0.9999727825590511,-4.6462341186567256e-10,0.9999727825590516,-4.677845793359531e-10,-4.666982275865065e-10,0.9999727825590513,-4.64623411530302e-10,-4.668831908767131e-10,0.9999727825590521,0.9999727825590519,0.9999727825590513,-4.644582884604439e-10,0.9999727825590495,0.9999727825590508,0.9999727825590519,-4.888151549709093e-10,-4.658432150681094e-10,0.9999727825590521,-4.688009088677027e-10,0.9999727825590508,0.9999728642877687,-4.901380259061222e-10,-4.6532074201730765e-10,0.9999727825590521,-4.680871133683812e-10,-4.672159066499501e-10,-4.64458288195039e-10,-4.6462341265908425e-10
-1.2345070950511282e-05,-8.601491407724061e-15,-1.4685768529666225e-14,-4.650721753241216e-10,-5.813013637711657e-06,-4.6507217543043604e-10,2.4242564782791342e-14,1.5520098322606524e-14,-4.6507217538443245e-10,-1.7559694023882412e-14,-4.650721754547479e-10,4.927070118092476e-11,-4.6507217539599116e-10,-4.6507463156792067e-10,-6.513214883944441e-15,-4.6507217546479216e-10,-4.6507217541264277e-10,-4.650746347152529e-10,-4.6507217537233803e-10,1.482938096202909e-14,-4.65689344474248e-11,-4.6507217546492994e-10,1.39089713465214e-16,-9.250223052198484e-07,-4.650721754138971e-10,-6.033701291613771e-15,-4.6507217546479216e-10,6.066464921096367e-15,-5.935606714690446e-17,-4.6507217546479216e-10,-6.033701291613771e-15,1.3917316576336445e-16,-4.6507217540145014e-10,-4.6507217546479216e-10,-4.6507217545893516e-10,2.2900059363847442e-15,-4.6507217545893516e-10,-4.6507217537478354e-10,-4.6507217546479216e-10,1.6378677348491488e-14,-9.976133259989761e-15,-4.650721754082005e-10,2.7360751197217125e-15,-4.6507217546479216e-10,-4.650762453565644e-10,4.980777009232379e-15,9.29715537464805e-15,-4.650721754547483e-10,9.207188304257942e-15,2.107954909288909e-14,2.2900059363847442e-15,-6.034192762541223e-15
0.9999737580286625,-4.650721710466575e-10,-4.65567443760124e-10,0.9999727825590506,-4.6507217543043604e-10,0.9999669695640546,-4.660920677443358e-10,-4.682647839268568e-10,0.9999727825590503,-4.6535049472923e-10,0.9999727825590509,-4.692481663773017e-10,0.9999727825590506,0.999972756475472,-5.102068789724807e-10,0.9999727825590492,0.9999727825590499,0.9999727258664094,0.9999727825590499,-4.889067417416498e-10,-4.660835779449009e-10,0.9999727825590501,-4.668831919362802e-10,0.9999722274594948,0.9999727825590495,-4.6462341190474e-10,0.9999727825590516,-4.677845793758863e-10,-4.666982275758252e-10,0.9999727825590516,-4.646234114531561e-10,-4.668831909305154e-10,0.9999727825590516,0.9999727825590521,0.9999727825590509,-4.644582884780631e-10,0.9999727825590503,0.9999727825590506,0.9999727825590523,-4.888151550371735e-10,-4.65843215151155e-10,0.9999727825590508,-4.688009087538335e-10,0.9999727825590489,0.9999728642877692,-4.901380259564734e-10,-4.6532074201730765e-10,0.9999727825590516,-4.680871133717484e-10,-4.672159067135508e-10,-4.644582881717275e-10,-4.646234125527417e-10
-1.2347109154796718e-05,2.4242299048406066e-14,5.70275991008998e-14,-4.66092067700356e-10,2.4242564782791342e-14,-4.660920677443358e-10,-5.813220575933072e-06,-3.766753975972367e-14,-4.66092067775092e-10,5.971094424746931e-14,-4.660920676414801e-10,-2.0230476116213362e-10,-4.660920677073915e-10,-4.660952839120066e-10,1.993834355224757e-14,-4.660920677598736e-10,-4.660920677157658e-10,-4.660966610119769e-10,-4.660920676858444e-10,-1.4380467062767848e-10,9.198733248269856e-14,-4.660920676651455e-10,5.999520111185667e-15,-9.27060521431969e-07,-4.660920677580451e-10,2.826747728062492e-14,-4.660920676414801e-10,6.132912152367052e-14,-6.544741143656238e-14,-4.660920677764288e-10,2.826747728062492e-14,6.000036363293352e-15,-4.660920676769413e-10,-4.660920676858444e-10,-4.660920677866287e-10,-6.050984205133079e-15,-4.660920677876433e-10,-4.660920676858444e-10,-4.660920677580451e-10,2.5107577681719783e-14,-4.006441983931819e-14,-4.660920677927363e-10,-1.1273923573537237e-14,-4.660920677073915e-10,-4.660772662281137e-10,-6.107573131405164e-11,-2.867566564633738e-14,-4.660920676769413e-10,-2.2589432004625224e-14,-1.0806197834451132e-14,-6.050984205133079e-15,2.8267243363416127e-14
-1.2351427870924674e-05,1.5520483244310066e-14,2.3417936706271932e-14,-4.682647839393232e-10,1.5520098322606524e-14,-4.682647839268568e-10,-3.766753975972367e-14,-5.813049672488815e-06,-4.682647839343411e-10,3.565032034463094e-14,-4.682647840278209e-10,-3.760624916218769e-14,-4.682647839626092e-10,-4.682603303084161e-10,1.48120576204954e-14,-4.682647839869723e-10,-4.68264784032296e-10,-4.682603144842017e-10,-4.682647839869723e-10,-2.5017631302586818e-14,3.7444202150242835e-14,-4.682647840006697e-10,-1.369718959941478e-14,-9.313792439285356e-07,-4.682647839139224e-10,1.4286136769545428e-14,-4.682647839310228e-10,-2.3234856938436572e-11,5.930351418810762e-12,-4.682647840294752e-10,1.4286427981009162e-14,-1.3697199353981981e-14,-4.682647839393233e-10,-4.682647839393232e-10,-4.682647839869723e-10,1.1845978647926317e-15,-4.682647839743411e-10,-4.682647839268568e-10,-4.682647839393232e-10,-5.6281486461883634e-11,4.1160126207117196e-11,-4.682647839869723e-10,-7.883081268580419e-15,-4.682647839393232e-10,-4.682594444670716e-10,-7.135979147445196e-15,-2.918841180622129e-15,-4.682647839865979e-10,-2.1564167056097498e-14,-7.328463620180912e-11,1.1849220384662674e-15,1.4286136769545428e-14
0.9999737580286643,-4.6507217099341866e-10,-4.655674437237545e-10,0.9999727825590526,-4.6507217538443245e-10,0.9999727825590503,-4.66092067775092e-10,-4.682647839343411e-10,0.9999669695640617,-4.653504947107695e-10,0.9999727825590526,-4.692481663711683e-10,0.9999727825590511,0.9999727564754726,-5.102068789125395e-10,0.9999727825590513,0.9999727825590511,0.9999727258664096,0.9999727825590521,-4.88906741766735e-10,-4.660835780123555e-10,0.9999727825590521,-4.668831918856619e-10,0.9999722274594955,0.9999727825590508,-4.6462341178623474e-10,0.9999727825590523,-4.677845792744932e-10,-4.666982276083222e-10,0.9999727825590526,-4.6462341151085623e-10,-4.668831908525425e-10,0.9999727825590524,0.9999727825590528,0.9999727825590513,-4.6445828854224834e-10,0.9999727825590519,0.9999727825590516,0.9999727825590529,-4.888151550672727e-10,-4.658432151031498e-10,0.9999727825590519,-4.68800908920383e-10,0.9999727825590509,0.9999728642877697,-4.901380260100567e-10,-4.6532074210231147e-10,0.9999727825590516,-4.680871133871626e-10,-4.672159066757941e-10,-4.6445828813956105e-10,-4.6462341262823124e-10
-1.2345618706345005e-05,-1.755888690127035e-14,-2.8690009944135073e-14,-4.6535049468669493e-10,-1.7559694023882412e-14,-4.6535049472923e-10,5.971094424746931e-14,3.565032034463094e-14,-4.653504947107695e-10,-5.813104050614693e-06,-4.653504947974324e-10,5.3872345042499385e-14,-4.653504947558537e-10,-4.6535309582008173e-10,-2.1461247538259776e-14,-4.653504947286415e-10,-4.6535049475719466e-10,-4.653525629510839e-10,-4.6535049476705755e-10,4.4801400228130827e-14,-4.8329387190902033e-14,-4.653504947286406e-10,4.028877498315437e-14,-9.255700554827265e-07,-4.653504947520787e-10,-2.4800096735617724e-14,-4.653504947558537e-10,-1.1035721842075521e-11,1.6662325806662574e-14,-4.6535049472838747e-10,-2.4800096735617724e-14,4.028915190037752e-14,-4.6535049472838747e-10,-4.653504946651419e-10,-4.6535049483980183e-10,-6.450988177457314e-15,-4.653504948129509e-10,-4.653504948039567e-10,-4.6535049476056366e-10,1.64161987113301e-14,-6.192942521332287e-15,-4.653504947558537e-10,3.921165279503629e-11,-4.6535049476056366e-10,-4.653560478261918e-10,3.162098404958052e-11,-1.2969483970649567e-14,-4.6535049472864e-10,3.8970673039025475e-14,3.541361723276556e-14,-6.450466156634077e-15,-2.4800096735617724e-14
0.9999737580286623,-4.650721710047352e-10,-4.655674437950851e-10,0.9999727825590509,-4.650721754547479e-10,0.9999727825590509,-4.660920676414801e-10,-4.682647840278209e-10,0.9999727825590526,-4.653504947974324e-10,0.9999669695640606,-4.692481664266777e-10,0.9999727825590508,0.9999727564754728,-5.102068789716098e-10,0.9999727825590511,0.9999727825590519,0.9999727258664097,0.9999727825590506,-4.889067417473137e-10,-4.660835779404607e-10,0.9999727825590526,-4.668831919349077e-10,0.9999722274594951,0.9999727825590504,-4.6462341183644615e-10,0.9999727825590521,-4.677845793280894e-10,-4.666982276028246e-10,0.9999727825590521,-4.6462341152808806e-10,-4.668831908522001e-10,0.9999727825590521,0.9999727825590529,0.9999727825590513,-4.644582884310387e-10,0.9999727825590506,0.9999727825590499,0.9999727825590524,-4.888151549627265e-10,-4.658432151329932e-10,0.9999727825590521,-4.688009087538335e-10,0.9999727825590513,0.9999728642877697,-4.901380259655396e-10,-4.653207420912242e-10,0.999972782559052,-4.680871133046927e-10,-4.672159067040522e-10,-4.644582881293127e-10,-4.646234125743891e-10
-1.235338547230528e-05,4.927070117755631e-11,5.505333520411417e-14,-4.692481663988732e-10,4.927070118092476e-11,-4.692481663773017e-10,-2.0230476116213362e-10,-3.760624916218769e-14,-4.692481663711683e-10,5.3872345042499385e-14,-4.692481664266777e-10,-5.813184985050317e-06,-4.69248166407607e-10,-4.692488199589987e-10,1.8156440400672272e-14,-4.692481663128811e-10,-4.692481664007831e-10,-4.692497865361729e-10,-4.692481663491006e-10,-1.2464521478390572e-10,8.775673491907718e-14,-4.692481663572265e-10,1.5272569153330603e-14,-9.333368501641647e-07,-4.692481663511185e-10,2.3529333388304148e-14,-4.692481663385829e-10,8.42524627676321e-11,-4.84455503439743e-14,-4.692481663210928e-10,2.3528992974514896e-14,1.5272569153330603e-14,-4.6924816639892e-10,-4.692481663443889e-10,-4.692481663119007e-10,-1.6938954487345267e-11,-4.692481663119007e-10,-4.692481663776063e-10,-4.692481663119007e-10,7.629419030502618e-15,-2.3091648603488367e-14,-4.69248166426666e-10,-6.654353404247686e-15,-4.692481664007831e-10,-4.692332782880616e-10,-5.120212052428885e-11,-3.59374214318201e-14,-4.692481663554359e-10,-1.785619671403649e-14,-2.174401948471193e-14,-1.6938954486222657e-11,2.3529194541359764e-14
0.9999737580286602,-4.650721710486347e-10,-4.655674437499846e-10,0.9999727825590501,-4.6507217539599116e-10,0.9999727825590506,-4.660920677073915e-10,-4.682647839626092e-10,0.9999727825590511,-4.653504947558537e-10,0.9999727825590508,-4.69248166407607e-10,0.9999669695640557,0.9999727564754701,-5.102068789599243e-10,0.9999727825590503,0.9999727825590511,0.9999727258664081,0.9999727825590493,-4.889067417005494e-10,-4.660835779874872e-10,0.9999727825590506,-4.668831919886336e-10,0.999972227459494,0.9999727825590492,-4.6462341187331013e-10,0.9999727825590508,-4.677845793359531e-10,-4.666982275374066e-10,0.9999727825590501,-4.646234114142022e-10,-4.668831908857039e-10,0.9999727825590506,0.9999727825590511,0.9999727825590501,-4.6445828849838393e-10,0.9999727825590493,0.9999727825590501,0.9999727825590511,-4.888151549705662e-10,-4.65843215059939e-10,0.9999727825590509,-4.688009088677129e-10,0.9999727825590492,0.9999728642877689,-4.901380260538915e-10,-4.6532074209405264e-10,0.9999727825590513,-4.680871133314455e-10,-4.672159066292734e-10,-4.6445828819575406e-10,-4.64623412649173e-10
0.9999737319449883,-4.650746271947526e-10,-4.6556834046064786e-10,0.9999727564754728,-4.6507463156792067e-10,0.999972756475472,-4.660952839120066e-10,-4.682603303084161e-10,0.9999727564754726,-4.6535309582008173e-10,0.9999727564754728,-4.692488199589987e-10,0.9999727564754701,0.9999669173918346,-1.0148009057926805e-06,0.999972756475472,0.9999727564754728,0.9999726997772009,0.9999727564754723,-4.889095418285887e-10,-4.660845780733994e-10,0.9999727564754723,-4.668823848437588e-10,0.9999722013761785,0.9999727564754709,-4.646230720231052e-10,0.999972756475472,-4.677684205737837e-10,-4.667113037706074e-10,0.999972756475473,-4.646230716128238e-10,-4.668823836973982e-10,0.9999727564754723,0.999972756475473,0.9999727564754713,-4.644580572734712e-10,0.9999727564754713,0.9999727564754698,0.9999727564754729,-4.887979365179238e-10,-4.658591450757171e-10,0.9999727564754723,-4.688013704177684e-10,0.9999727564754713,0.9999728382036019,-4.901404911958369e-10,-4.653193707868351e-10,0.9999727564754726,-4.680847060102352e-10,-4.67201924001441e-10,-4.644580568697218e-10,-4.6462307275751495e-10
-1.2434843542860442e-05,-6.512861490886497e-15,-9.173767832368965e-15,-5.102068790183476e-10,-6.513214883944441e-15,-5.102068789724807e-10,1.993834355224757e-14,1.48120576204954e-14,-5.102068789125395e-10,-2.1461247538259776e-14,-5.102068789716098e-10,1.8156440400672272e-14,-5.102068789599243e-10,-1.0148009057926805e-06,-5.81301380844541e-06,-5.102068789438579e-10,-5.102068790308041e-10,-1.0148006331723497e-06,-5.102068789144759e-10,1.5998629788261357e-14,-1.5905846840273026e-14,-5.102068790309851e-10,2.0373104489367908e-14,-1.0147937063654278e-06,-5.102068789724807e-10,-9.531876862183215e-15,-5.102068788948659e-10,3.5295731896205907e-15,2.196687642807173e-15,-5.102068789595323e-10,-9.531876862183215e-15,2.037252055321622e-14,-5.102068789802395e-10,-5.102068789724807e-10,-5.102068789716098e-10,-3.389220778037641e-15,-5.1020687900263e-10,-5.10206878971698e-10,-5.102068790308041e-10,2.2573902651281964e-11,-7.0528199248330795e-15,-5.102068790377574e-10,8.892010584047326e-15,-5.102068789802395e-10,-5.102084211756199e-10,5.335867749405915e-15,-8.320695624621777e-15,-5.102068790195298e-10,1.751910676526691e-14,1.748189220186614e-14,-3.3892897407584656e-15,-9.531808229448698e-15
0.9999737580286626,-4.6507217106813323e-10,-4.655674437499846e-10,0.9999727825590501,-4.6507217546479216e-10,0.9999727825590492,-4.660920677598736e-10,-4.682647839869723e-10,0.9999727825590513,-4.653504947286415e-10,0.9999727825590511,-4.692481663128811e-10,0.9999727825590503,0.999972756475472,-5.102068789438579e-10,0.9999669695640611,0.9999727825590513,0.9999727258664093,0.9999727825590506,-4.889067417754567e-10,-4.660835779498168e-10,0.9999727825590513,-4.668831920192972e-10,0.9999722274594939,0.9999727825590503,-4.646234118314266e-10,0.9999727825590516,-4.677845793731735e-10,-4.666982276027287e-10,0.9999727825590509,-4.646234114409204e-10,-4.668831908487117e-10,0.9999727825590511,0.9999727825590519,0.9999727825590506,-4.6445828854409853e-10,0.9999727825590492,0.9999727825590495,0.9999727825590516,-4.888151550130902e-10,-4.6584321508471e-10,0.9999727825590509,-4.688009087538335e-10,0.9999727825590501,0.9999728642877692,-4.901380259309698e-10,-4.6532074209833666e-10,0.9999727825590511,-4.680871133107263e-10,-4.672159067493065e-10,-4.6445828806165624e-10,-4.646234126460487e-10
0.9999737580286633,-4.650721709940206e-10,-4.6556744378535276e-10,0.999972782559052,-4.6507217541264277e-10,0.9999727825590499,-4.660920677157658e-10,-4.68264784032296e-10,0.9999727825590511,-4.6535049475719466e-10,0.9999727825590519,-4.692481664007831e-10,0.9999727825590511,0.9999727564754728,-5.102068790308041e-10,0.9999727825590513,0.9999669695640555,0.9999727258664091,0.9999727825590519,-4.889067418050593e-10,-4.660835780151532e-10,0.9999727825590524,-4.668831919706126e-10,0.9999722274594955,0.9999727825590508,-4.646234117854549e-10,0.9999727825590524,-4.677845793070766e-10,-4.66698227590675e-10,0.9999727825590526,-4.646234115367538e-10,-4.668831909257063e-10,0.9999727825590516,0.9999727825590529,0.9999727825590509,-4.6445828849838393e-10,0.9999727825590509,0.9999727825590506,0.9999727825590529,-4.888151549627265e-10,-4.658432151081139e-10,0.9999727825590519,-4.688009088000612e-10,0.9999727825590511,0.9999728642877699,-4.901380260538915e-10,-4.6532074213060647e-10,0.9999727825590524,-4.680871133046927e-10,-4.67215906767658e-10,-4.6445828809297087e-10,-4.6462341269841907e-10
0.9999737013354413,-4.6507463029242295e-10,-4.655679455271118e-10,0.9999727258664106,-4.650746347152529e-10,0.9999727258664094,-4.660966610119769e-10,-4.682603144842017e-10,0.9999727258664096,-4.653525629510839e-10,0.9999727258664097,-4.692497865361729e-10,0.9999727258664081,0.9999726997772009,-1.0148006331723497e-06,0.9999727258664093,0.9999727258664091,0.9999668561725052,0.9999727258664103,-4.889105947413403e-10,-4.66083869599123e-10,0.9999727258664094,-4.668827965514608e-10,0.9999721707670426,0.9999727258664098,-4.6462263017504463e-10,0.9999727258664094,-4.677662478171696e-10,-4.667132214426209e-10,0.9999727258664106,-4.646226298320192e-10,-4.668827954557977e-10,0.9999727258664094,0.9999727258664113,0.9999727258664098,-4.644579362744098e-10,0.9999727258664085,0.9999727258664082,0.9999727258664113,-9.72211507024752e-07,-4.658610592231345e-10,0.9999727258664096,-4.688016932108159e-10,0.9999727258664081,0.9999728075946659,-4.90141041623273e-10,-4.653190643598283e-10,0.999972725866409,-4.680849567404408e-10,-4.672006946862047e-10,-4.6445793578606836e-10,-4.6462263100840624e-10
0.9999737580286605,-4.6507217104661863e-10,-4.655674437391415e-10,0.9999727825590503,-4.6507217537233803e-10,0.9999727825590499,-4.660920676858444e-10,-4.682647839869723e-10,0.9999727825590521,-4.6535049476705755e-10,0.9999727825590506,-4.692481663491006e-10,0.9999727825590493,0.9999727564754723,-5.102068789144759e-10,0.9999727825590506,0.9999727825590519,0.9999727258664103,0.9999669695640603,-4.889067417449756e-10,-4.660835779498168e-10,0.9999727825590513,-4.668831919850034e-10,0.9999722274594962,0.9999727825590508,-4.6462341179383136e-10,0.9999727825590495,-4.677845793995722e-10,-4.666982276190799e-10,0.9999727825590511,-4.6462341144780904e-10,-4.668831908487115e-10,0.9999727825590508,0.999972782559054,0.9999727825590501,-4.644582884516487e-10,0.9999727825590503,0.9999727825590495,0.9999727825590529,-4.888151549827615e-10,-4.658432151326453e-10,0.9999727825590509,-4.688009088609875e-10,0.9999727825590506,0.9999728642877683,-4.901380260263403e-10,-4.6532074201730765e-10,0.9999727825590515,-4.680871133974561e-10,-4.672159066548568e-10,-4.6445828813689556e-10,-4.646234125980589e-10
-1.2392486610006373e-05,1.482951082543289e-14,6.712270554796085e-11,-4.889067417838135e-10,1.482938096202909e-14,-4.889067417416498e-10,-1.4380467062767848e-10,-2.5017631302586818e-14,-4.88906741766735e-10,4.4801400228130827e-14,-4.889067417473137e-10,-1.2464521478390572e-10,-4.889067417005494e-10,-4.889095418285887e-10,1.5998629788261357e-14,-4.889067417754567e-10,-4.889067418050593e-10,-4.889105947413403e-10,-4.889067417449756e-10,-5.8130960104930486e-06,5.56584187450453e-14,-4.88906741764872e-10,-1.5317760742354403e-14,-9.72437418392607e-07,-4.889067417005494e-10,2.2828635051476527e-14,-4.889067418055357e-10,4.360573090751879e-14,-4.5901633698136747e-14,-4.88906741798504e-10,2.2828487803322584e-14,-1.531750524328366e-14,-4.889067417581908e-10,-4.889067417581908e-10,-4.889067417581908e-10,1.5542899598115893e-15,-4.889067418055357e-10,-4.889067417838135e-10,-4.889067417838135e-10,2.127027476270299e-14,-2.909928497403315e-14,-4.889067417494986e-10,-1.3410707254273719e-14,-4.889067417452428e-10,-9.724165684519293e-07,-4.16313448299569e-11,-2.3801815094680376e-15,-4.8890674181243e-10,-2.3355338789743083e-14,-4.416493987328792e-15,1.5547056511344766e-15,2.2828635051476527e-14
-1.2347079178002788e-05,-4.6568934450339775e-11,-5.070258227744886e-14,-4.660835779658647e-10,-4.65689344474248e-11,-4.660835779449009e-10,9.198733248269856e-14,3.7444202150242835e-14,-4.660835780123555e-10,-4.8329387190902033e-14,-4.660835779404607e-10,8.775673491907718e-14,-4.660835779874872e-10,-4.660845780733994e-10,-1.5905846840273026e-14,-4.660835779498168e-10,-4.660835780151532e-10,-4.66083869599123e-10,-4.660835779498168e-10,5.56584187450453e-14,-5.813156906070476e-06,-4.660835779090281e-10,-1.7373711838985026e-14,-9.270305294422191e-07,-4.660835780181932e-10,-1.9387284385814526e-14,-4.660835780123928e-10,-5.524402995994222e-11,3.6708718112929755e-14,-4.660835779198702e-10,-1.938742712691293e-14,-1.737325424482315e-14,-4.660835780151532e-10,-4.660835778545164e-10,-4.66083577912196e-10,1.0015572564242718e-14,-4.660835779534596e-10,-4.660835780151532e-10,-4.66083577953462e-10,4.817349534241494e-15,1.2059002184637138e-14,-4.660835779667651e-10,5.102080838170508e-15,-4.660835779810594e-10,-4.660978650347404e-10,2.2672257278788707e-14,3.827400236155851e-14,-4.66083578019135e-10,1.6300196798625006e-14,2.914733947914245e-14,1.0015572564242718e-14,-1.9387284385802495e-14
0.9999737580286623,-4.650721710486347e-10,-4.655674437095788e-10,0.999972782559052,-4.6507217546492994e-10,0.9999727825590501,-4.660920676651455e-10,-4.682647840006697e-10,0.9999727825590521,-4.653504947286406e-10,0.9999727825590526,-4.692481663572265e-10,0.9999727825590506,0.9999727564754723,-5.102068790309851e-10,0.9999727825590513,0.9999727825590524,0.9999727258664094,0.9999727825590513,-4.88906741764872e-10,-4.660835779090281e-10,0.9999669695640592,-4.668831919264059e-10,0.9999722274594963,0.9999727825590509,-4.646234118783667e-10,0.999972782559052,-4.677845793287502e-10,-4.666982275543115e-10,0.9999727825590508,-4.6462341144048813e-10,-4.668831908767131e-10,0.9999727825590519,0.9999727825590526,0.9999727825590509,-4.644582884780631e-10,0.9999727825590513,0.9999727825590513,0.9999727825590526,-4.888151550420441e-10,-4.658432151361934e-10,0.999972782559052,-4.688009088000612e-10,0.9999727825590516,0.9999728642877707,-4.901380260100567e-10,-4.65320742060005e-10,0.9999727825590528,-4.680871133325704e-10,-4.672159066802988e-10,-4.644582880616567e-10,-4.6462341260811266e-10
-1.2348683431740695e-05,1.39089713465214e-16,-1.4440861501929152e-14,-4.668831919233466e-10,1.39089713465214e-16,-4.668831919362802e-10,5.999520111185667e-15,-1.369718959941478e-14,-4.668831918856619e-10,4.028877498315437e-14,-4.668831919349077e-10,1.5272569153330603e-14,-4.668831919886336e-10,-4.668823848437588e-10,2.0373104489367908e-14,-4.668831920192972e-10,-4.668831919706126e-10,-4.668827965514608e-10,-4.668831919850034e-10,-1.5317760742354403e-14,-1.7373711838985026e-14,-4.668831919264059e-10,-5.8132112235492215e-06,-9.286348055337856e-07,-4.668831919062402e-10,2.4751863867984327e-14,-4.668831919184532e-10,-8.053758049482128e-15,3.0325207562605048e-15,-4.668831920132367e-10,2.4752439773545424e-14,-2.1488265496163384e-10,-4.668831919706126e-10,-4.668831919362802e-10,-4.668831919515692e-10,2.9147040264267145e-14,-4.668831919706126e-10,-4.668831919886336e-10,-4.668831919680136e-10,-5.037431548845004e-15,1.131438861183251e-14,-4.66883191955076e-10,-6.715508940131516e-11,-4.668831919680136e-10,-4.668928764802296e-10,-2.5770583092819327e-15,8.557272768929505e-14,-4.668831919890872e-10,-1.0756834703592252e-10,-1.3378050647584056e-14,2.914689799765368e-14,2.4751863861921047e-14
0.999973202921244,-9.250222964272736e-07,-9.260063433999204e-07,0.9999722274594951,-9.250223052198484e-07,0.9999722274594948,-9.27060521431969e-07,-9.313792439285356e-07,0.9999722274594955,-9.255700554827265e-07,0.9999722274594951,-9.333368501641647e-07,0.999972227459494,0.9999722013761785,-1.0147937063654278e-06,0.9999722274594939,0.9999722274594955,0.9999721707670426,0.9999722274594962,-9.72437418392607e-07,-9.270305294422191e-07,0.9999722274594963,-9.286348055337856e-07,0.9999658593646203,0.9999722274594948,-9.241279557231426e-07,0.9999722274594948,-9.304182395653322e-07,-9.282612062226564e-07,0.9999722274594954,-9.241279550102099e-07,-9.286348033345072e-07,0.9999722274594962,0.9999722274594971,0.9999722274594947,-9.238017291761763e-07,0.9999722274594947,0.9999722274594944,0.9999722274594971,-9.722505044238451e-07,-9.265575693878653e-07,0.9999722274594963,-9.324443727161096e-07,0.999972227459495,0.9999723091885712,-9.748823800917388e-07,-9.255145974988372e-07,0.9999722274594951,-9.310275621354316e-07,-9.29292599942218e-07,-9.238017284382819e-07,-9.241279572521218e-07
0.9999737580286602,-4.6507217104661863e-10,-4.6556744374023393e-10,0.9999727825590511,-4.650721754138971e-10,0.9999727825590495,-4.660920677580451e-10,-4.682647839139224e-10,0.9999727825590508,-4.653504947520787e-10,0.9999727825590504,-4.692481663511185e-10,0.9999727825590492,0.9999727564754709,-5.102068789724807e-10,0.9999727825590503,0.9999727825590508,0.9999727258664098,0.9999727825590508,-4.889067417005494e-10,-4.660835780181932e-10,0.9999727825590509,-4.668831919062402e-10,0.9999722274594948,0.9999669695640557,-4.6462341187927307e-10,0.9999727825590509,-4.67784579306303e-10,-4.666982276357093e-10,0.9999727825590506,-4.646234115261239e-10,-4.66883190930507e-10,0.9999727825590509,0.9999727825590521,0.9999727825590509,-4.644582884516487e-10,0.9999727825590492,0.9999727825590484,0.9999727825590524,-4.888151549883754e-10,-4.658432151287903e-10,0.9999727825590509,-4.688009088609875e-10,0.9999727825590493,0.9999728642877677,-4.901380259309698e-10,-4.653207421065461e-10,0.9999727825590509,-4.680871134419298e-10,-4.672159066432534e-10,-4.644582881717275e-10,-4.646234125980589e-10
-1.2344176609674202e-05,-6.033701291613771e-15,-1.0943722319929738e-14,-4.6462341186567256e-10,-6.033701291613771e-15,-4.6462341190474e-10,2.826747728062492e-14,1.4286136769545428e-14,-4.6462341178623474e-10,-2.4800096735617724e-14,-4.6462341183644615e-10,2.3529333388304148e-14,-4.6462341187331013e-10,-4.646230720231052e-10,-9.531876862183215e-15,-4.646234118314266e-10,-4.646234117854549e-10,-4.6462263017504463e-10,-4.6462341179383136e-10,2.2828635051476527e-14,-1.9387284385814526e-14,-4.646234118783667e-10,2.4751863867984327e-14,-9.241279557231426e-07,-4.6462341187927307e-10,-5.813021458211386e-06,-4.64623411864506e-10,-1.1389037319855679e-14,1.5334300888410464e-14,-4.646234118387704e-10,-1.254539253938508e-14,2.4752756996057886e-14,-4.6462341178623474e-10,-4.646234118654244e-10,-4.646234117854549e-10,-4.640971622072701e-15,-4.6462341183644615e-10,-4.6462341185858874e-10,-4.646234118654244e-10,-2.4829075064115893e-15,6.384120287466251e-15,-4.6462341185328796e-10,1.1522821621209615e-14,-4.646234118532072e-10,-4.646250801960744e-10,8.993257185171236e-15,-1.1927367962056603e-14,-4.6462341188550075e-10,1.965142440246882e-14,8.417828179888914e-15,-4.640971622072701e-15,-1.254539253937637e-14
0.9999737580286623,-4.650721709940206e-10,-4.655674437950851e-10,0.9999727825590516,-4.6507217546479216e-10,0.9999727825590516,-4.660920676414801e-10,-4.682647839310228e-10,0.9999727825590523,-4.653504947558537e-10,0.9999727825590521,-4.692481663385829e-10,0.9999727825590508,0.999972756475472,-5.102068788948659e-10,0.9999727825590516,0.9999727825590524,0.9999727258664094,0.9999727825590495,-4.889067418055357e-10,-4.660835780123928e-10,0.999972782559052,-4.668831919184532e-10,0.9999722274594948,0.9999727825590509,-4.64623411864506e-10,0.999966969564059,-4.677845793229375e-10,-4.666982275544373e-10,0.9999727825590513,-4.646234115348734e-10,-4.668831908944372e-10,0.999972782559052,0.9999727825590524,0.9999727825590509,-4.644582885098803e-10,0.9999727825590495,0.9999727825590506,0.9999727825590526,-4.888151549875464e-10,-4.658432151652204e-10,0.9999727825590521,-4.688009088299862e-10,0.9999727825590513,0.9999728642877697,-4.901380259504695e-10,-4.6532074213945265e-10,0.9999727825590528,-4.680871133683812e-10,-4.672159067536087e-10,-4.644582882221687e-10,-4.6462341265204505e-10
-1.2350466861486369e-05,6.0666306105527245e-15,-1.5427381882261767e-14,-4.677845793359531e-10,6.066464921096367e-15,-4.677845793758863e-10,6.132912152367052e-14,-2.3234856938436572e-11,-4.677845792744932e-10,-1.1035721842075521e-11,-4.677845793280894e-10,8.42524627676321e-11,-4.677845793359531e-10,-4.677684205737837e-10,3.5295731896205907e-15,-4.677845793731735e-10,-4.677845793070766e-10,-4.677662478171696e-10,-4.677845793995722e-10,4.360573090751879e-14,-5.524402995994222e-11,-4.677845793287502e-10,-8.053758049482128e-15,-9.304182395653322e-07,-4.67784579306303e-10,-1.1389037319855679e-14,-4.677845793229375e-10,-5.8132282515148865e-06,1.0146342364331937e-13,-4.677845793086089e-10,-1.1388195935204075e-14,-8.053855419490399e-15,-4.677845793995722e-10,-4.677845793157678e-10,-4.677845793199249e-10,2.0151417141026194e-15,-4.677845793243837e-10,-4.677845792933005e-10,-4.677845793199249e-10,-2.174745128487906e-10,1.0891232196651519e-13,-4.677845793740726e-10,6.981067766720989e-15,-4.677845793315379e-10,-4.677885380180153e-10,5.255140673458379e-11,4.633570272998173e-15,-4.677845793168314e-10,-5.9604686625073075e-15,-1.5377798022131215e-10,2.0151417203492022e-15,-1.1389037319855679e-14
-1.234830984778925e-05,-5.98375636786908e-17,2.1436902028983965e-14,-4.666982275865065e-10,-5.935606714690446e-17,-4.666982275758252e-10,-6.544741143656238e-14,5.930351418810762e-12,-4.666982276083222e-10,1.6662325806662574e-14,-4.666982276028246e-10,-4.84455503439743e-14,-4.666982275374066e-10,-4.667113037706074e-10,2.196687642807173e-15,-4.666982276027287e-10,-4.66698227590675e-10,-4.667132214426209e-10,-4.666982276190799e-10,-4.5901633698136747e-14,3.6708718112929755e-14,-4.666982275543115e-10,3.0325207562605048e-15,-9.282612062226564e-07,-4.666982276357093e-10,1.5334300888410464e-14,-4.666982275544373e-10,1.0146342364331937e-13,-5.813173358990993e-06,-4.666982275836289e-10,1.5333961483031737e-14,3.0329742634535803e-15,-4.666982275668337e-10,-4.666982276062119e-10,-4.666982276821146e-10,-5.664516975269613e-16,-4.66698227535983e-10,-4.666982275065143e-10,-4.666982275376229e-10,8.999841643152258e-14,-1.7947046619826278e-10,-4.666982276357093e-10,-8.152843605210487e-15,-4.666982276349035e-10,-4.666932044878349e-10,-2.509070660900329e-14,-3.76381071198439e-15,-4.666982276028246e-10,-8.464785482895924e-16,1.165511443334408e-10,-5.661674546416246e-16,1.533419796318982e-14
0.9999737580286626,-4.650721710486347e-10,-4.655674437499846e-10,0.9999727825590513,-4.6507217546479216e-10,0.9999727825590516,-4.660920677764288e-10,-4.682647840294752e-10,0.9999727825590526,-4.6535049472838747e-10,0.9999727825590521,-4.692481663210928e-10,0.9999727825590501,0.999972756475473,-5.102068789595323e-10,0.9999727825590509,0.9999727825590526,0.9999727258664106,0.9999727825590511,-4.88906741798504e-10,-4.660835779198702e-10,0.9999727825590508,-4.668831920132367e-10,0.9999722274594954,0.9999727825590506,-4.646234118387704e-10,0.9999727825590513,-4.677845793086089e-10,-4.666982275836289e-10,0.9999669695640577,-4.6462341140151903e-10,-4.668831908531193e-10,0.9999727825590513,0.9999727825590519,0.9999727825590515,-4.6445828854409853e-10,0.9999727825590509,0.9999727825590513,0.999972782559052,-4.888151549932813e-10,-4.658432151326453e-10,0.9999727825590516,-4.688009088609875e-10,0.99997278255905,0.9999728642877689,-4.901380259564734e-10,-4.6532074202302584e-10,0.9999727825590528,-4.680871133107263e-10,-4.672159067506626e-10,-4.644582881406592e-10,-4.6462341265908425e-10
-1.2344176608769502e-05,-6.033701291613771e-15,-1.0943722319929738e-14,-4.64623411530302e-10,-6.033701291613771e-15,-4.646234114531561e-10,2.826747728062492e-14,1.4286427981009162e-14,-4.6462341151085623e-10,-2.4800096735617724e-14,-4.6462341152808806e-10,2.3528992974514896e-14,-4.646234114142022e-10,-4.646230716128238e-10,-9.531876862183215e-15,-4.646234114409204e-10,-4.646234115367538e-10,-4.646226298320192e-10,-4.6462341144780904e-10,2.2828487803322584e-14,-1.938742712691293e-14,-4.6462341144048813e-10,2.4752439773545424e-14,-9.241279550102099e-07,-4.646234115261239e-10,-1.254539253938508e-14,-4.646234115348734e-10,-1.1388195935204075e-14,1.5333961483031737e-14,-4.6462341140151903e-10,-5.813021458211386e-06,2.4752807082835164e-14,-4.646234115083565e-10,-4.646234115221592e-10,-4.6462341150748097e-10,-4.641477141511797e-15,-4.646234114898528e-10,-4.64623411489834e-10,-4.6462341149990115e-10,-2.4826841126160324e-15,6.38475872272361e-15,-4.6462341144941196e-10,1.1522821621209615e-14,-4.646234115221592e-10,-4.6462507981166765e-10,8.993257185171236e-15,-1.1926907412886558e-14,-4.646234114044898e-10,1.9652016758599655e-14,8.417828179888547e-15,-4.641477141511797e-15,-1.254539253938508e-14
-1.2348683430721691e-05,1.39089713465214e-16,-1.4441154341678226e-14,-4.668831908767131e-10,1.3917316576336445e-16,-4.668831909305154e-10,6.000036363293352e-15,-1.3697199353981981e-14,-4.668831908525425e-10,4.028915190037752e-14,-4.668831908522001e-10,1.5272569153330603e-14,-4.668831908857039e-10,-4.668823836973982e-10,2.037252055321622e-14,-4.668831908487117e-10,-4.668831909257063e-10,-4.668827954557977e-10,-4.668831908487115e-10,-1.531750524328366e-14,-1.737325424482315e-14,-4.668831908767131e-10,-2.1488265496163384e-10,-9.286348033345072e-07,-4.66883190930507e-10,2.4752756996057886e-14,-4.668831908944372e-10,-8.053855419490399e-15,3.0329742634535803e-15,-4.668831908531193e-10,2.4752807082835164e-14,-5.8132112235492215e-06,-4.668831908525425e-10,-4.668831908546922e-10,-4.668831908710134e-10,2.9147040264267145e-14,-4.668831908648071e-10,-4.668831908386519e-10,-4.668831908487115e-10,-5.037431548845004e-15,1.1314796226740319e-14,-4.668831908925538e-10,-6.715508940305323e-11,-4.668831908710134e-10,-4.668928754102033e-10,-2.577064833631325e-15,8.557306920976188e-14,-4.668831908458387e-10,-1.0756834703764476e-10,-1.3378285550308621e-14,2.9146603526857896e-14,2.4752439773545424e-14
0.9999737580286625,-4.650721710047352e-10,-4.6556744369859966e-10,0.9999727825590521,-4.6507217540145014e-10,0.9999727825590516,-4.660920676769413e-10,-4.682647839393233e-10,0.9999727825590524,-4.6535049472838747e-10,0.9999727825590521,-4.6924816639892e-10,0.9999727825590506,0.9999727564754723,-5.102068789802395e-10,0.9999727825590511,0.9999727825590516,0.9999727258664094,0.9999727825590508,-4.889067417581908e-10,-4.660835780151532e-10,0.9999727825590519,-4.668831919706126e-10,0.9999722274594962,0.9999727825590509,-4.6462341178623474e-10,0.999972782559052,-4.677845793995722e-10,-4.666982275668337e-10,0.9999727825590513,-4.646234115083565e-10,-4.668831908525425e-10,0.9999669695640595,0.9999727825590524,0.9999727825590513,-4.6445828847804894e-10,0.9999727825590509,0.9999727825590508,0.9999727825590526,-4.888151550109038e-10,-4.658432150927931e-10,0.9999727825590519,-4.688009088015464e-10,0.9999727825590511,0.9999728642877697,-4.901380260220584e-10,-4.653207421371287e-10,0.9999727825590521,-4.680871132896693e-10,-4.672159066548569e-10,-4.644582882272018e-10,-4.6462341265571184e-10
0.9999737580286658,-4.650721710047352e-10,-4.655674437798689e-10,0.9999727825590519,-4.6507217546479216e-10,0.9999727825590521,-4.660920676858444e-10,-4.682647839393232e-10,0.9999727825590528,-4.653504946651419e-10,0.9999727825590529,-4.692481663443889e-10,0.9999727825590511,0.999972756475473,-5.102068789724807e-10,0.9999727825590519,0.9999727825590529,0.9999727258664113,0.999972782559054,-4.889067417581908e-10,-4.660835778545164e-10,0.9999727825590526,-4.668831919362802e-10,0.9999722274594971,0.9999727825590521,-4.646234118654244e-10,0.9999727825590524,-4.677845793157678e-10,-4.666982276062119e-10,0.9999727825590519,-4.646234115221592e-10,-4.668831908546922e-10,0.9999727825590524,0.9999669695640587,0.9999727825590524,-4.6445828849838393e-10,0.9999727825590511,0.9999727825590509,0.9999727825590533,-4.888151549670828e-10,-4.658432151099933e-10,0.9999727825590526,-4.688009088608282e-10,0.9999727825590511,0.9999728642877692,-4.901380260538915e-10,-4.653207421065461e-10,0.9999727825590529,-4.680871134419298e-10,-4.672159067054887e-10,-4.644582881717275e-10,-4.646234126302501e-10
0.9999737580286602,-4.650721710047352e-10,-4.6556744369859966e-10,0.9999727825590513,-4.6507217545893516e-10,0.9999727825590509,-4.660920677866287e-10,-4.682647839869723e-10,0.9999727825590513,-4.6535049483980183e-10,0.9999727825590513,-4.692481663119007e-10,0.9999727825590501,0.9999727564754713,-5.102068789716098e-10,0.9999727825590506,0.9999727825590509,0.9999727258664098,0.9999727825590501,-4.889067417581908e-10,-4.66083577912196e-10,0.9999727825590509,-4.668831919515692e-10,0.9999722274594947,0.9999727825590509,-4.646234117854549e-10,0.9999727825590509,-4.677845793199249e-10,-4.666982276821146e-10,0.9999727825590515,-4.6462341150748097e-10,-4.668831908710134e-10,0.9999727825590513,0.9999727825590524,0.9999669695640578,-4.6445828854224834e-10,0.9999727825590501,0.9999727825590503,0.9999727825590526,-4.888151549709093e-10,-4.658432151329932e-10,0.9999727825590511,-4.688009088677129e-10,0.9999727825590503,0.99997286428777,-4.901380259683284e-10,-4.6532074209833666e-10,0.9999727825590521,-4.680871134419298e-10,-4.672159066802988e-10,-4.6445828809247813e-10,-4.6462341269841907e-10
