1.0000000045797306,3.0649935372601925e-06,2.993510761747272e-06,1.000001315009952,1.0000013657448918,1.000001354004133,1.0000013657448925,3.06405432797805e-06,1.0000013657448945,1.0000013150099532,2.9935107611810285e-06,1.0000013540041355,3.0419427775636438e-06,1.0000013657448952,1.0000013657448925,1.0000013657448925,2.9957628582698854e-06,1.0000013436876902,1.0000013657448927,1.0000013657448925,1.000001365744892,1.0000013136914336,3.07376672175515e-06,1.0000013657448894,3.034611622087836e-06,2.9762295155054136e-06,2.9922699541539124e-06,1.0000013657448918,2.9924241895391635e-06,2.9929508730963936e-06,3.071237792650477e-06,1.0000013657448912,1.0000013657448916,1.0000013657448952
3.0649935372601925e-06,2.653741241016978e-06,1.3249316868892521e-13,4.034353704556232e-07,2.0346578663545724e-10,4.0343538422106644e-07,2.0346578679238384e-10,1.603242068005972e-13,2.034657866296238e-10,4.0343537045562337e-07,1.3249316742366399e-13,4.0343538422106644e-07,7.688654231461232e-17,2.0346578664705297e-10,2.0346578668843692e-10,2.0346578668843692e-10,6.711488378949791e-17,4.0343538058884845e-07,2.0346578664705297e-10,2.0346578667871237e-10,2.0346578674448613e-10,4.034353699962785e-07,1.6462321599822239e-13,2.0346578664705297e-10,1.4860146839735684e-13,6.346345099230487e-17,6.714361451411745e-17,2.034657866900528e-10,1.3203316065693464e-13,6.68066180051763e-17,1.6350124447626455e-13,2.0346578677520653e-10,2.0346578671766395e-10,2.0346578675331243e-10
2.993510761747272e-06,1.3249316868892521e-13,2.6537411910335604e-06,3.319526057518744e-07,1.6741466660653025e-10,1.6741466480415736e-10,1.674146666290229e-10,6.646092851118585e-17,1.6741466660227014e-10,3.3195260575187465e-07,1.0918961558241986e-13,1.6741466484061555e-10,6.326715379914691e-17,1.674146665685416e-10,1.674146666710687e-10,1.674146665685416e-10,5.5435623394726846e-17,1.6741466334092006e-10,1.674146665056262e-10,1.6741466659171115e-10,1.6741466660227014e-10,3.319526053678594e-07,6.844738509194877e-17,1.6741466658973352e-10,1.224904976598937e-13,5.1994389177577735e-17,5.5017218011122585e-17,1.6741466657776796e-10,1.0881281708215212e-13,5.512295587375987e-17,6.808958008165042e-17,1.674146665685416e-10,1.6741466666542918e-10,1.6741466660227014e-10
1.000001315009952,4.034353704556232e-07,3.319526057518744e-07,1.0000015150852466,0.9999989120794812,0.9999989003387402,0.9999989120794814,4.024961607087963e-07,0.999998912079481,0.9999988613446182,3.3195260387870586e-07,0.9999989003387404,3.8038461931507423e-07,0.9999989120794807,0.9999989120794812,0.999998912079482,3.3420470453621477e-07,0.9999988900223118,0.999998912079481,0.9999989120794814,0.999998912079482,0.999998860026099,4.122085676335726e-07,0.9999989120794801,3.730534565363262e-07,3.1467136310726557e-07,3.307117958024111e-07,0.999998912079481,3.3086603471837384e-07,3.313927176106135e-07,4.09679632491172e-07,0.9999989120794807,0.9999989120794796,0.9999989120794817
1.0000013657448918,2.0346578663545724e-10,1.6741466660653025e-10,0.9999989120794812,1.0000016165549641,0.9999989510736049,0.9999989628143469,2.029921122410142e-10,0.9999989628143482,0.9999989120794809,1.6741466566081788e-10,0.9999989510736059,1.918405311729623e-10,0.9999989628143481,0.9999989628143469,0.9999989628143482,1.685504743470393e-10,0.9999989407571774,0.9999989628143469,0.9999989628143469,0.9999989628143486,0.9999989107609645,2.0789039982820187e-10,0.9999989628143469,1.8814318382410662e-10,1.5869916491387104e-10,1.6678888515317653e-10,0.9999989628143469,1.6686667297391046e-10,1.6713229648156876e-10,2.066149742686965e-10,0.9999989628143469,0.999998962814346,0.9999989628143484
1.000001354004133,4.0343538422106644e-07,1.6741466480415736e-10,0.9999989003387402,0.9999989510736049,1.0000015930734873,0.9999989510736055,4.024961744128341e-07,0.9999989510736074,0.9999989003387417,1.6741466392510184e-10,0.9999989393328643,3.8038463249390527e-07,0.9999989510736055,0.9999989510736055,0.9999989510736046,1.6855047259574622e-10,0.9999989290164375,0.999998951073606,0.9999989510736055,0.9999989510736049,0.9999988990202237,4.122085819702112e-07,0.9999989510736055,3.730534692413254e-07,1.586991632953996e-10,1.667888834947632e-10,0.9999989510736049,1.668666709087642e-10,1.6713229481918414e-10,4.096796466612774e-07,0.9999989510736054,0.9999989510736059,0.9999989510736073
1.0000013657448925,2.0346578679238384e-10,1.674146666290229e-10,0.9999989120794814,0.9999989628143469,0.9999989510736055,1.0000016165549652,2.0299211232936077e-10,0.9999989628143486,0.999998912079482,1.6741466573678075e-10,0.9999989510736065,1.9184053118679176e-10,0.9999989628143486,0.999998962814349,0.9999989628143486,1.6855047435337727e-10,0.999998940757178,0.9999989628143473,0.999998962814349,0.9999989628143486,0.9999989107609645,2.0789039982820187e-10,0.999998962814349,1.8814318383180377e-10,1.58699164829811e-10,1.6678888524396035e-10,0.9999989628143476,1.6686667295979044e-10,1.6713229660510777e-10,2.066149742686965e-10,0.9999989628143481,0.9999989628143469,0.9999989628143494
3.06405432797805e-06,1.603242068005972e-13,6.646092851118585e-17,4.024961607087963e-07,2.029921122410142e-10,4.024961744128341e-07,2.0299211232936077e-10,2.653741239875381e-06,2.0299211237002603e-10,4.0249616070879654e-07,6.691570181315543e-17,4.0249617441283444e-07,1.514526061694563e-13,2.0299211233431197e-10,2.0299211235211664e-10,2.0299211233241224e-10,6.732980678826748e-17,4.024961707969932e-07,2.0299211233431197e-10,2.029921123240834e-10,2.0299211242539874e-10,4.0249616025160595e-07,1.6420315996149663e-13,2.0299211234663334e-10,1.4821630677571853e-13,6.321665722110232e-17,1.3161209621876704e-13,2.0299211225296162e-10,1.3169463494582946e-13,1.3191779756342995e-13,1.6308230768067013e-13,2.029921122410142e-10,2.0299211233444868e-10,2.02992112318202e-10
1.0000013657448945,2.034657866296238e-10,1.6741466660227014e-10,0.999998912079481,0.9999989628143482,0.9999989510736074,0.9999989628143486,2.0299211237002603e-10,1.0000016165549654,0.999998912079482,1.6741466573678075e-10,0.9999989510736063,1.918405312049278e-10,0.9999989628143497,0.9999989628143486,0.999998962814349,1.6855047430584014e-10,0.999998940757179,0.9999989628143486,0.9999989628143486,0.9999989628143479,0.9999989107609647,2.0789039976659392e-10,0.9999989628143479,1.8814318386122457e-10,1.5869916482264455e-10,1.6678888521469948e-10,0.9999989628143482,1.668666730069089e-10,1.6713229653133264e-10,2.066149742322925e-10,0.9999989628143486,0.9999989628143479,0.9999989628143497
1.0000013150099532,4.0343537045562337e-07,3.3195260575187465e-07,0.9999988613446182,0.9999989120794809,0.9999989003387417,0.999998912079482,4.0249616070879654e-07,0.999998912079482,1.0000015150852488,3.31952603878706e-07,0.9999989003387404,3.803846193150745e-07,0.999998912079482,0.9999989120794822,0.9999989120794828,3.3420470453621477e-07,0.9999988900223131,0.9999989120794807,0.999998912079482,0.9999989120794814,0.9999988600260997,4.122085676335727e-07,0.9999989120794817,3.7305345653632645e-07,3.1467136310726547e-07,3.307117958024111e-07,0.999998912079481,3.3086603471837384e-07,3.3139271761061405e-07,4.09679632491172e-07,0.9999989120794822,0.9999989120794807,0.9999989120794828
2.9935107611810285e-06,1.3249316742366399e-13,1.0918961558241986e-13,3.3195260387870586e-07,1.6741466566081788e-10,1.6741466392510184e-10,1.6741466573678075e-10,6.691570181315543e-17,1.6741466573678075e-10,3.31952603878706e-07,2.6537411910335604e-06,1.6741466399517498e-10,6.327350124183964e-17,1.674146656619967e-10,1.6741466573678075e-10,1.6741466565390128e-10,5.516477530404939e-17,1.674146623257692e-10,1.674146655960555e-10,1.674146657455511e-10,1.674146656448341e-10,3.3195260349469045e-07,6.854955294902578e-17,1.6741466578389592e-10,1.2249049648791184e-13,5.222543669987303e-17,5.5017218011122585e-17,1.6741466568189807e-10,1.0881281605582692e-13,5.494861287629405e-17,6.797472256822789e-17,1.6741466565390128e-10,1.674146655960555e-10,1.674146655960555e-10
1.0000013540041355,4.0343538422106644e-07,1.6741466484061555e-10,0.9999989003387404,0.9999989510736059,0.9999989393328643,0.9999989510736065,4.0249617441283444e-07,0.9999989510736063,0.9999989003387404,1.6741466399517498e-10,1.0000015930734871,3.8038463249390596e-07,0.9999989510736065,0.9999989510736065,0.9999989510736073,1.685504725917558e-10,0.9999989290164374,0.9999989510736065,0.9999989510736065,0.9999989510736068,0.9999988990202255,4.1220858197021133e-07,0.9999989510736059,3.7305346924132583e-07,1.5869916333085487e-10,1.6678888308341083e-10,0.9999989510736059,1.668666713377689e-10,1.671322948799518e-10,4.0967964666127787e-07,0.9999989510736049,0.9999989510736063,0.9999989510736078
3.0419427775636438e-06,7.688654231461232e-17,6.326715379914691e-17,3.8038461931507423e-07,1.918405311729623e-10,3.8038463249390527e-07,1.9184053118679176e-10,1.514526061694563e-13,1.918405312049278e-10,3.803846193150745e-07,6.327350124183964e-17,3.8038463249390596e-07,2.653741222659822e-06,1.918405312049278e-10,1.9184053123623837e-10,1.9184053118679176e-10,6.352428085325289e-17,1.9184052739099673e-10,1.9184053125191815e-10,1.9184053123046625e-10,1.918405311729623e-10,3.803846188745855e-07,7.868531697913776e-17,1.918405311729623e-10,1.403780314210613e-13,6.002388430211739e-17,1.246258177614174e-13,1.9184053129384326e-10,6.296069317593601e-17,1.2491115079950233e-13,7.827396233684155e-17,1.9184053129384326e-10,1.9184053124184027e-10,1.918405312145651e-10
1.0000013657448952,2.0346578664705297e-10,1.674146665685416e-10,0.9999989120794807,0.9999989628143481,0.9999989510736055,0.9999989628143486,2.0299211233431197e-10,0.9999989628143497,0.999998912079482,1.674146656619967e-10,0.9999989510736065,1.918405312049278e-10,1.000001616554965,0.999998962814349,0.9999989628143475,1.6855047435337727e-10,0.9999989407571785,0.999998962814349,0.999998962814349,0.9999989628143479,0.9999989107609656,2.0789039967887328e-10,0.9999989628143481,1.881431837803112e-10,1.5869916482922394e-10,1.667888851290764e-10,0.9999989628143479,1.6686667296286347e-10,1.6713229652072726e-10,2.0661497424857585e-10,0.9999989628143476,0.9999989628143482,0.9999989628143486
1.0000013657448925,2.0346578668843692e-10,1.674146666710687e-10,0.9999989120794812,0.9999989628143469,0.9999989510736055,0.999998962814349,2.0299211235211664e-10,0.9999989628143486,0.9999989120794822,1.6741466573678075e-10,0.9999989510736065,1.9184053123623837e-10,0.999998962814349,1.0000016165549652,0.9999989628143486,1.6855047436118472e-10,0.9999989407571778,0.9999989628143473,0.999998962814349,0.9999989628143487,0.9999989107609645,2.078903997680341e-10,0.999998962814349,1.881431838012033e-10,1.5869916484514978e-10,1.6678888515917514e-10,0.9999989628143476,1.6686667301313602e-10,1.6713229653693258e-10,2.0661497424857585e-10,0.9999989628143482,0.9999989628143469,0.999998962814349
1.0000013657448925,2.0346578668843692e-10,1.674146665685416e-10,0.999998912079482,0.9999989628143482,0.9999989510736046,0.9999989628143486,2.0299211233241224e-10,0.999998962814349,0.9999989120794828,1.6741466565390128e-10,0.9999989510736073,1.9184053118679176e-10,0.9999989628143475,0.9999989628143486,1.0000016165549663,1.685504743242807e-10,0.9999989407571784,0.9999989628143492,0.9999989628143486,0.9999989628143486,0.9999989107609645,2.0789039977018037e-10,0.9999989628143486,1.8814318386122457e-10,1.5869916504176268e-10,1.6678888518235085e-10,0.9999989628143479,1.6686667295793792e-10,1.6713229652236316e-10,2.066149741657196e-10,0.9999989628143479,0.9999989628143482,0.9999989628143479
2.9957628582698854e-06,6.711488378949791e-17,5.5435623394726846e-17,3.3420470453621477e-07,1.685504743470393e-10,1.6855047259574622e-10,1.6855047435337727e-10,6.732980678826748e-17,1.6855047430584014e-10,3.3420470453621477e-07,5.516477530404939e-17,1.685504725917558e-10,6.352428085325289e-17,1.6855047435337727e-10,1.6855047436118472e-10,1.685504743242807e-10,2.653741188914136e-06,1.6855047102246914e-10,1.685504744365924e-10,1.6855047435337727e-10,1.6855047435337727e-10,3.3420470414709996e-07,6.98896569821783e-17,1.6855047430339127e-10,6.225169033929196e-17,1.0433668738030439e-13,5.502150773402329e-17,1.6855047436795434e-10,5.530875685079328e-17,5.544352233147486e-17,1.3574735207131648e-13,1.6855047436118472e-10,1.6855047435337727e-10,1.6855047436118472e-10
1.0000013436876902,4.0343538058884845e-07,1.6741466334092006e-10,0.9999988900223118,0.9999989407571774,0.9999989290164375,0.999998940757178,4.024961707969932e-07,0.999998940757179,0.9999988900223131,1.674146623257692e-10,0.9999989290164374,1.9184052739099673e-10,0.9999989407571785,0.9999989407571778,0.9999989407571784,1.6855047102246914e-10,1.0000015724406288,0.9999989407571777,0.9999989407571778,0.9999989407571771,0.9999988887037964,4.1220857818565955e-07,0.9999989407571774,1.881431800532016e-10,1.586991618110448e-10,1.667888819318863e-10,0.9999989407571772,1.6686666962301346e-10,1.6713229323766778e-10,4.096796429211453e-07,0.9999989407571777,0.9999989407571767,0.9999989407571788
1.0000013657448927,2.0346578664705297e-10,1.674146665056262e-10,0.999998912079481,0.9999989628143469,0.999998951073606,0.9999989628143473,2.0299211233431197e-10,0.9999989628143486,0.9999989120794807,1.674146655960555e-10,0.9999989510736065,1.9184053125191815e-10,0.999998962814349,0.9999989628143473,0.9999989628143492,1.685504744365924e-10,0.9999989407571777,1.0000016165549641,0.9999989628143469,0.9999989628143479,0.9999989107609645,2.078903997654197e-10,0.9999989628143471,1.8814318384947377e-10,1.586991649397282e-10,1.6678888510671472e-10,0.9999989628143467,1.6686667297023838e-10,1.671322964824763e-10,2.0661497425535196e-10,0.9999989628143469,0.9999989628143471,0.9999989628143495
1.0000013657448925,2.0346578667871237e-10,1.6741466659171115e-10,0.9999989120794814,0.9999989628143469,0.9999989510736055,0.999998962814349,2.029921123240834e-10,0.9999989628143486,0.999998912079482,1.674146657455511e-10,0.9999989510736065,1.9184053123046625e-10,0.999998962814349,0.999998962814349,0.9999989628143486,1.6855047435337727e-10,0.9999989407571778,0.9999989628143469,1.0000016165549654,0.9999989628143486,0.9999989107609645,2.078903998535302e-10,0.999998962814349,1.8814318379405442e-10,1.5869916489040532e-10,1.6678888515040485e-10,0.9999989628143476,1.6686667303234498e-10,1.6713229651625322e-10,2.066149741657196e-10,0.9999989628143481,0.9999989628143469,0.9999989628143494
1.000001365744892,2.0346578674448613e-10,1.6741466660227014e-10,0.999998912079482,0.9999989628143486,0.9999989510736049,0.9999989628143486,2.0299211242539874e-10,0.9999989628143479,0.9999989120794814,1.674146656448341e-10,0.9999989510736068,1.918405311729623e-10,0.9999989628143479,0.9999989628143487,0.9999989628143486,1.6855047435337727e-10,0.9999989407571771,0.9999989628143479,0.9999989628143486,1.0000016165549628,0.9999989107609647,2.0789039980593026e-10,0.9999989628143479,1.88143183807336e-10,1.5869916481298013e-10,1.6678888515519208e-10,0.9999989628143482,1.6686667295979044e-10,1.6713229651456443e-10,2.066149741657196e-10,0.9999989628143479,0.9999989628143479,0.9999989628143487
1.0000013136914336,4.034353699962785e-07,3.319526053678594e-07,0.999998860026099,0.9999989107609645,0.9999988990202237,0.9999989107609645,4.0249616025160595e-07,0.9999989107609647,0.9999988600260997,3.3195260349469045e-07,0.9999988990202255,3.803846188745855e-07,0.9999989107609656,0.9999989107609645,0.9999989107609645,3.3420470414709996e-07,0.9999988887037964,0.9999989107609645,0.9999989107609645,0.9999989107609647,1.000001512448215,4.1220856715418943e-07,0.9999989107609645,3.730534561124539e-07,1.5869915751051822e-10,3.307117954210561e-07,0.9999989107609645,3.308660343363016e-07,3.313927172275854e-07,4.096796320176344e-07,0.9999989107609634,0.9999989107609637,0.9999989107609645
3.07376672175515e-06,1.6462321599822239e-13,6.844738509194877e-17,4.122085676335726e-07,2.0789039982820187e-10,4.122085819702112e-07,2.0789039982820187e-10,1.6420315996149663e-13,2.0789039976659392e-10,4.122085676335727e-07,6.854955294902578e-17,4.1220858197021133e-07,7.868531697913776e-17,2.0789039967887328e-10,2.078903997680341e-10,2.0789039977018037e-10,6.98896569821783e-17,4.1220857818565955e-07,2.078903997654197e-10,2.078903998535302e-10,2.0789039980593026e-10,4.1220856715418943e-07,2.6537412483568705e-06,2.078903997680341e-10,7.708185642201881e-17,6.51273001951175e-17,6.797626301249722e-17,2.078903998248899e-10,6.842862196006286e-17,6.832786522474519e-17,1.6741143538893298e-13,2.078903998533704e-10,2.078903998533704e-10,2.0789039976659392e-10
1.0000013657448894,2.0346578664705297e-10,1.6741466658973352e-10,0.9999989120794801,0.9999989628143469,0.9999989510736055,0.999998962814349,2.0299211234663334e-10,0.9999989628143479,0.9999989120794817,1.6741466578389592e-10,0.9999989510736059,1.918405311729623e-10,0.9999989628143481,0.999998962814349,0.9999989628143486,1.6855047430339127e-10,0.9999989407571774,0.9999989628143471,0.999998962814349,0.9999989628143479,0.9999989107609645,2.078903997680341e-10,1.0000016165549663,1.881431837803112e-10,1.5869916487814726e-10,1.6678888514852997e-10,0.9999989628143476,1.6686667297848586e-10,1.6713229650565127e-10,2.0661497415946565e-10,0.9999989628143482,0.999998962814346,0.999998962814349
3.034611622087836e-06,1.4860146839735684e-13,1.224904976598937e-13,3.730534565363262e-07,1.8814318382410662e-10,3.730534692413254e-07,1.8814318383180377e-10,1.4821630677571853e-13,1.8814318386122457e-10,3.7305345653632645e-07,1.2249049648791184e-13,3.7305346924132583e-07,1.403780314210613e-13,1.881431837803112e-10,1.881431838012033e-10,1.8814318386122457e-10,6.225169033929196e-17,1.881431800532016e-10,1.8814318384947377e-10,1.8814318379405442e-10,1.88143183807336e-10,3.730534561124539e-07,7.708185642201881e-17,1.881431837803112e-10,2.653741219987711e-06,5.857174486583336e-17,1.219884199489778e-13,1.881431838717568e-10,1.220648846057796e-13,1.2227170561280114e-13,7.606239874895511e-17,1.881431838573789e-10,1.8814318384236265e-10,1.8814318386122457e-10
2.9762295155054136e-06,6.346345099230487e-17,5.1994389177577735e-17,3.1467136310726557e-07,1.5869916491387104e-10,1.586991632953996e-10,1.58699164829811e-10,6.321665722110232e-17,1.5869916482264455e-10,3.1467136310726547e-07,5.222543669987303e-17,1.5869916333085487e-10,6.002388430211739e-17,1.5869916482922394e-10,1.5869916484514978e-10,1.5869916504176268e-10,1.0433668738030439e-13,1.586991618110448e-10,1.586991649397282e-10,1.5869916489040532e-10,1.5869916481298013e-10,1.5869915751051822e-10,6.51273001951175e-17,1.5869916487814726e-10,5.857174486583336e-17,2.6537411781832e-06,5.241373701304175e-17,1.5869916487111066e-10,5.1901520303819646e-17,5.245422928021003e-17,6.468622705458763e-17,1.586991649397282e-10,1.5869916491387104e-10,1.5869916482922394e-10
2.9922699541539124e-06,6.714361451411745e-17,5.5017218011122585e-17,3.307117958024111e-07,1.6678888515317653e-10,1.667888834947632e-10,1.6678888524396035e-10,1.3161209621876704e-13,1.6678888521469948e-10,3.307117958024111e-07,5.5017218011122585e-17,1.6678888308341083e-10,1.246258177614174e-13,1.667888851290764e-10,1.6678888515917514e-10,1.6678888518235085e-10,5.502150773402329e-17,1.667888819318863e-10,1.6678888510671472e-10,1.6678888515040485e-10,1.6678888515519208e-10,3.307117954210561e-07,6.797626301249722e-17,1.6678888514852997e-10,1.219884199489778e-13,5.241373701304175e-17,2.6537411908306367e-06,1.667888851474979e-10,1.0837096374281977e-13,1.0855350414390629e-13,6.781259711253375e-17,1.6678888523391543e-10,1.66788885206553e-10,1.6678888523391543e-10
1.0000013657448918,2.034657866900528e-10,1.6741466657776796e-10,0.999998912079481,0.9999989628143469,0.9999989510736049,0.9999989628143476,2.0299211225296162e-10,0.9999989628143482,0.999998912079481,1.6741466568189807e-10,0.9999989510736059,1.9184053129384326e-10,0.9999989628143479,0.9999989628143476,0.9999989628143479,1.6855047436795434e-10,0.9999989407571772,0.9999989628143467,0.9999989628143476,0.9999989628143482,0.9999989107609645,2.078903998248899e-10,0.9999989628143476,1.881431838717568e-10,1.5869916487111066e-10,1.667888851474979e-10,1.000001616554964,1.668666729821484e-10,1.6713229654030275e-10,2.066149742704274e-10,0.9999989628143469,0.9999989628143457,0.9999989628143487
2.9924241895391635e-06,1.3203316065693464e-13,1.0881281708215212e-13,3.3086603471837384e-07,1.6686667297391046e-10,1.668666709087642e-10,1.6686667295979044e-10,1.3169463494582946e-13,1.668666730069089e-10,3.3086603471837384e-07,1.0881281605582692e-13,1.668666713377689e-10,6.296069317593601e-17,1.6686667296286347e-10,1.6686667301313602e-10,1.6686667295793792e-10,5.530875685079328e-17,1.6686666962301346e-10,1.6686667297023838e-10,1.6686667303234498e-10,1.6686667295979044e-10,3.308660343363016e-07,6.842862196006286e-17,1.6686667297848586e-10,1.220648846057796e-13,5.1901520303819646e-17,1.0837096374281977e-13,1.668666729821484e-10,2.65374119315328e-06,5.448681598418594e-17,6.756836214513686e-17,1.668666730069089e-10,1.6686667298541233e-10,1.6686667303234498e-10
2.9929508730963936e-06,6.68066180051763e-17,5.512295587375987e-17,3.313927176106135e-07,1.6713229648156876e-10,1.6713229481918414e-10,1.6713229660510777e-10,1.3191779756342995e-13,1.6713229653133264e-10,3.3139271761061405e-07,5.494861287629405e-17,1.671322948799518e-10,1.2491115079950233e-13,1.6713229652072726e-10,1.6713229653693258e-10,1.6713229652236316e-10,5.544352233147486e-17,1.6713229323766778e-10,1.671322964824763e-10,1.6713229651625322e-10,1.6713229651456443e-10,3.313927172275854e-07,6.832786522474519e-17,1.6713229650565127e-10,1.2227170561280114e-13,5.245422928021003e-17,1.0855350414390629e-13,1.6713229654030275e-10,5.448681598418594e-17,2.6537411893690327e-06,6.790817753788612e-17,1.6713229650565127e-10,1.6713229657347057e-10,1.671322965080772e-10
3.071237792650477e-06,1.6350124447626455e-13,6.808958008165042e-17,4.09679632491172e-07,2.066149742686965e-10,4.096796466612774e-07,2.066149742686965e-10,1.6308230768067013e-13,2.066149742322925e-10,4.09679632491172e-07,6.797472256822789e-17,4.0967964666127787e-07,7.827396233684155e-17,2.0661497424857585e-10,2.0661497424857585e-10,2.066149741657196e-10,1.3574735207131648e-13,4.096796429211453e-07,2.0661497425535196e-10,2.066149741657196e-10,2.066149741657196e-10,4.096796320176344e-07,1.6741143538893298e-13,2.0661497415946565e-10,7.606239874895511e-17,6.468622705458763e-17,6.781259711253375e-17,2.066149742704274e-10,6.756836214513686e-17,6.790817753788612e-17,2.653741249084331e-06,2.066149742362673e-10,2.066149742686965e-10,2.066149741657196e-10
1.0000013657448912,2.0346578677520653e-10,1.674146665685416e-10,0.9999989120794807,0.9999989628143469,0.9999989510736054,0.9999989628143481,2.029921122410142e-10,0.9999989628143486,0.9999989120794822,1.6741466565390128e-10,0.9999989510736049,1.9184053129384326e-10,0.9999989628143476,0.9999989628143482,0.9999989628143479,1.6855047436118472e-10,0.9999989407571777,0.9999989628143469,0.9999989628143481,0.9999989628143479,0.9999989107609634,2.078903998533704e-10,0.9999989628143482,1.881431838573789e-10,1.586991649397282e-10,1.6678888523391543e-10,0.9999989628143469,1.668666730069089e-10,1.6713229650565127e-10,2.066149742362673e-10,1.0000016165549663,0.999998962814346,0.9999989628143484
1.0000013657448916,2.0346578671766395e-10,1.6741466666542918e-10,0.9999989120794796,0.999998962814346,0.9999989510736059,0.9999989628143469,2.0299211233444868e-10,0.9999989628143479,0.9999989120794807,1.674146655960555e-10,0.9999989510736063,1.9184053124184027e-10,0.9999989628143482,0.9999989628143469,0.9999989628143482,1.6855047435337727e-10,0.9999989407571767,0.9999989628143471,0.9999989628143469,0.9999989628143479,0.9999989107609637,2.078903998533704e-10,0.999998962814346,1.8814318384236265e-10,1.5869916491387104e-10,1.66788885206553e-10,0.9999989628143457,1.6686667298541233e-10,1.6713229657347057e-10,2.066149742686965e-10,0.999998962814346,1.0000016165549637,0.999998962814349
1.0000013657448952,2.0346578675331243e-10,1.6741466660227014e-10,0.9999989120794817,0.9999989628143484,0.9999989510736073,0.9999989628143494,2.02992112318202e-10,0.9999989628143497,0.9999989120794828,1.674146655960555e-10,0.9999989510736078,1.918405312145651e-10,0.9999989628143486,0.999998962814349,0.9999989628143479,1.6855047436118472e-10,0.9999989407571788,0.9999989628143495,0.9999989628143494,0.9999989628143487,0.9999989107609645,2.0789039976659392e-10,0.999998962814349,1.8814318386122457e-10,1.5869916482922394e-10,1.6678888523391543e-10,0.9999989628143487,1.6686667303234498e-10,1.671322965080772e-10,2.066149741657196e-10,0.9999989628143484,0.999998962814349,1.0000016165549668
