0.9999999881559802,0.9999862086503466,0.9999862086503437,0.9999862086503458,-5.069430768248308e-06,-5.069430769263672e-06,-5.1930630399898645e-06,0.99998620245662,0.9999859875239778,0.9999862086503483,-5.069430767328108e-06,0.9999861688400649,-5.153889720655041e-06,-5.069430767675823e-06,0.9999862086503452,0.9999861688400618,0.9999862086503445,0.9999859875239759,-5.069430767670849e-06,-5.049123988262372e-06,-5.069430768793082e-06,0.9999862086503452,0.9999861946182088,0.9999862086503456,0.9999862086503452,-5.069430768010567e-06,-5.069430768020887e-06,0.9999861688400639,0.9999862086503447,0.9999862086503459,0.9999862086503447,0.9999862086503459,0.9999861946182077,0.999986202456615,0.9999862086503485,0.9999861946182055,0.9999860947327941,0.9999862086503439,0.9999861946182015,0.9999862086503414,0.9999862086503485,-5.06943076644721e-06,0.9999862086503412,0.9999862086503485,-5.059139584687112e-06,0.9999862274367175,0.9999861688400643
0.9999862086503466,0.9999850241297291,0.9999870461094956,0.9999870461094942,-1.591436793827142e-10,-1.591436803224559e-10,-2.213407879119261e-10,0.9999870399157897,0.9999868249840209,0.9999870461094951,-1.5914367936658697e-10,0.9999870062993699,-2.0163341610862258e-10,-1.591436794771011e-10,0.9999870461094948,0.9999870062993703,0.9999870461094948,0.9999868249840209,-1.591436795490635e-10,-1.4892771297061928e-10,-1.5914367859548484e-10,0.9999870461094944,0.9999870320774101,0.9999870461094954,0.9999870461094948,-1.5914367929358965e-10,-1.5914367894363882e-10,0.9999870062993691,0.9999870461094948,0.9999870461094952,0.9999870461094948,0.9999870461094956,0.9999870320774122,0.9999870399157886,0.9999870461094954,0.9999870320774115,0.9999869321924044,0.9999870461094952,0.9999870320774099,0.9999870461094946,0.9999870461094951,-1.5914367912098632e-10,0.9999870461094946,0.9999870461094954,-1.539663748490702e-10,0.9999870648957885,0.9999870062993705
0.9999862086503437,0.9999870461094956,0.9999850241297343,0.9999870461094942,-1.5914367955041432e-10,-1.591436803128456e-10,-2.2134078791433407e-10,0.9999870399157914,0.9999868249840221,0.9999870461094967,-1.5914367935220773e-10,0.9999870062993713,-2.016334160838752e-10,-1.5914367948865208e-10,0.9999870461094954,0.9999870062993715,0.9999870461094965,0.9999868249840215,-1.5914367960794445e-10,-1.4892771299867606e-10,-1.5914367858350134e-10,0.9999870461094946,0.9999870320774122,0.9999870461094954,0.9999870461094952,-1.5914367935939035e-10,-1.5914367894366276e-10,0.9999870062993708,0.9999870461094951,0.9999870461094963,0.9999870461094967,0.9999870461094971,0.9999870320774127,0.9999870399157902,0.9999870461094967,0.9999870320774122,0.9999869321924063,0.9999870461094963,0.9999870320774122,0.9999870461094948,0.9999870461094967,-1.5914367918250374e-10,0.9999870461094948,0.9999870461094967,-1.5396637492163357e-10,0.9999870648957891,0.9999870062993715
0.9999862086503458,0.9999870461094942,0.9999870461094942,0.999985024129727,-1.591436795509818e-10,-1.5914368034765161e-10,-2.213407878666562e-10,0.9999870399157903,0.9999868249840211,0.9999870461094956,-1.5914367937138113e-10,0.999987006299371,-2.0163341609620073e-10,-1.5914367952791077e-10,0.999987046109494,0.9999870062993701,0.9999870461094956,0.99998682498402,-1.5914367953311285e-10,-1.4892771308288387e-10,-1.591436785160808e-10,0.999987046109493,0.9999870320774104,0.9999870461094946,0.999987046109494,-1.5914367937504725e-10,-1.591436790165613e-10,0.9999870062993694,0.9999870461094935,0.9999870461094956,0.9999870461094954,0.9999870461094958,0.9999870320774118,0.9999870399157891,0.9999870461094956,0.9999870320774115,0.9999869321924046,0.9999870461094946,0.9999870320774108,0.9999870461094942,0.9999870461094954,-1.5914367913351715e-10,0.9999870461094935,0.9999870461094956,-1.5396637478433103e-10,0.9999870648957879,0.9999870062993703
-5.069430768248308e-06,-1.591436793827142e-10,-1.5914367955041432e-10,-1.591436795509818e-10,-2.021980255709848e-06,1.0025623136717231e-13,1.394472899148182e-13,-1.5914367845539575e-10,-3.163364316714732e-07,-1.5914367956659622e-10,1.0025623085169059e-13,-1.591436731732186e-10,1.2702907229354888e-13,1.0025623080296323e-13,-1.591436795489371e-10,-1.5914367312340033e-10,-1.5914367949167852e-10,-3.163364316714734e-07,1.0025623078786484e-13,4.724390091156467e-17,1.0025623044638048e-13,-1.5914367955041432e-10,-1.5914367726267395e-10,-1.5914367951264156e-10,-1.591436794482781e-10,1.0025623080212493e-13,1.0025623069810947e-13,-1.5914367311759181e-10,-1.5914367946310047e-10,-1.591436794902042e-10,-1.5914367944641298e-10,-1.5914367943460578e-10,-1.5914367722479075e-10,-1.5914367845601379e-10,-1.5914367959192214e-10,-1.5914367718469966e-10,-3.1633646552685976e-07,-1.5914367944641533e-10,-1.5914367723904114e-10,-1.5914367951846462e-10,-1.5914367949357732e-10,1.0025623073367142e-13,-1.5914367945404356e-10,-1.591436795489371e-10,4.887542475961092e-17,-1.5914368249397629e-10,-1.5914367314919278e-10
-5.069430769263672e-06,-1.591436803224559e-10,-1.591436803128456e-10,-1.5914368034765161e-10,1.0025623136717231e-13,-2.021980255709848e-06,1.3944729061929622e-13,-1.5914367924269308e-10,-3.16336433119025e-07,-1.5914368034258475e-10,1.0025623135730891e-13,-1.5914367379785261e-10,1.270290729349568e-13,1.002562313085816e-13,-1.5914368028655013e-10,-1.5914367389771446e-10,-1.591436802609252e-10,-3.163364331190251e-07,1.0025623129348316e-13,4.7235720607988915e-17,1.0025623095199886e-13,-1.5914368030379292e-10,-1.5914367795748366e-10,-1.5914368021762011e-10,-1.591436803317039e-10,1.0025623130774324e-13,1.0025623120372783e-13,-1.5914367387018317e-10,-1.5914368033432305e-10,-1.591436803128456e-10,-1.591436802609252e-10,-1.5914368035420198e-10,-1.5914367797313723e-10,-1.5914367922073828e-10,-1.5914368028655013e-10,-1.5914367799530324e-10,-3.163364669744119e-07,-1.5914368036733174e-10,-1.5914367794153743e-10,-1.5914368025538936e-10,-1.5914368018243707e-10,1.0025623123928986e-13,-1.591436803128456e-10,-1.591436803224559e-10,4.8750278202968007e-17,-1.5914368326672893e-10,-1.591436738533135e-10
-5.1930630399898645e-06,-2.213407879119261e-10,-2.2134078791433407e-10,-2.213407878666562e-10,1.394472899148182e-13,1.3944729061929622e-13,-2.0219801600113116e-06,-2.2134078636569118e-10,-4.3996817998471027e-07,-2.2134078791795531e-10,1.3944728989911648e-13,-4.3996825963952176e-07,1.766852472477279e-13,1.3944728983414463e-13,-2.2134078793414368e-10,-4.399682596395215e-07,-2.2134078793414368e-10,-4.399681799847108e-07,1.3944728981358083e-13,6.564235993208839e-17,1.3944728933305465e-13,-2.2134078789033816e-10,-4.3996827096423077e-07,-2.2134078790679807e-10,-2.2134078789033816e-10,1.394472898310283e-13,1.3944728968478633e-13,-4.399682596395213e-07,-2.2134078788120063e-10,-2.2134078783912335e-10,-2.2134078789033816e-10,-2.2134078788120063e-10,-4.399682709642307e-07,-2.2134078631049463e-10,-2.2134078789033816e-10,-4.399682709642307e-07,-4.3996822707778813e-07,-2.2134078789033816e-10,-4.399682709642308e-07,-2.213407878328463e-10,-2.2134078791896042e-10,1.3944728973582386e-13,-2.213407878328463e-10,-2.2134078793414368e-10,6.791291021857654e-17,-2.2134079204903736e-10,-4.3996825963952165e-07
0.99998620245662,0.9999870399157897,0.9999870399157914,0.9999870399157903,-1.5914367845539575e-10,-1.5914367924269308e-10,-2.2134078636569118e-10,0.9999850117423258,0.9999868187903194,0.9999870399157922,-1.591436782979739e-10,0.9999870001056662,-4.0079511325777494e-07,-1.5914367850484582e-10,0.9999870399157903,0.9999870001056671,0.9999870399157914,0.9999868187903185,-1.5914367848942467e-10,-1.4892771205220825e-10,-1.5914367755127726e-10,0.9999870399157902,0.999987025883708,0.9999870399157912,0.9999870399157905,-1.591436782869671e-10,-1.5914367801248293e-10,0.9999870001056657,0.9999870399157903,0.9999870399157912,0.9999870399157912,0.9999870399157926,0.9999870258837088,0.9999870337220859,0.9999870399157922,0.999987025883709,0.9999869259987012,0.999987039915791,0.9999870258837088,0.9999870399157907,0.9999870399157922,-1.5914367810015022e-10,0.9999870399157903,0.9999870399157922,-1.539663738973827e-10,0.9999870587020843,0.9999870001056667
0.9999859875239778,0.9999868249840209,0.9999868249840221,0.9999868249840211,-3.163364316714732e-07,-3.16336433119025e-07,-4.3996817998471027e-07,0.9999868187903194,0.9999845818788294,0.9999868249840215,-3.163364313245048e-07,0.9999867851739054,-4.0079502724531064e-07,-3.163364317422095e-07,0.9999868249840214,0.9999867851739052,0.9999868249840217,0.9999866038585962,-3.163364318276609e-07,-1.4892767997746176e-10,-3.163364298818606e-07,0.9999868249840211,0.9999868109519409,0.9999868249840215,0.9999868249840215,-3.163364312990525e-07,-3.163364307410221e-07,0.9999867851739046,0.9999868249840211,0.9999868249840215,0.9999868249840217,0.9999868249840228,0.9999868109519411,0.9999868187903181,0.9999868249840215,0.9999868109519414,0.9999867110669565,0.9999868249840215,0.9999868109519404,0.9999868249840211,0.9999868249840215,-3.163364309995529e-07,0.9999868249840211,0.9999868249840215,-1.539663408590852e-10,0.9999868437703102,0.9999867851739052
0.9999862086503483,0.9999870461094951,0.9999870461094967,0.9999870461094956,-1.5914367956659622e-10,-1.5914368034258475e-10,-2.2134078791795531e-10,0.9999870399157922,0.9999868249840215,0.9999850241297312,-1.5914367937596973e-10,0.9999870062993713,-2.0163341602284933e-10,-1.591436795173454e-10,0.9999870461094958,0.9999870062993705,0.9999870461094954,0.9999868249840226,-1.591436795011767e-10,-1.489277129855895e-10,-1.5914367859386468e-10,0.9999870461094956,0.9999870320774122,0.9999870461094958,0.9999870461094958,-1.5914367932259694e-10,-1.5914367900653482e-10,0.9999870062993715,0.9999870461094956,0.9999870461094958,0.9999870461094954,0.9999870461094963,0.9999870320774118,0.999987039915791,0.9999870461094954,0.999987032077412,0.9999869321924068,0.9999870461094963,0.9999870320774125,0.9999870461094948,0.9999870461094954,-1.591436791524963e-10,0.9999870461094958,0.9999870461094956,-1.5396637477219683e-10,0.9999870648957883,0.9999870062993724
-5.069430767328108e-06,-1.5914367936658697e-10,-1.5914367935220773e-10,-1.5914367937138113e-10,1.0025623085169059e-13,1.0025623135730891e-13,1.3944728989911648e-13,-1.591436782979739e-10,-3.163364313245048e-07,-1.5914367937596973e-10,-2.021980255709848e-06,-1.591436730040481e-10,1.2702907227977088e-13,1.0025623079309994e-13,-1.5914367935430598e-10,-1.5914367293346834e-10,-1.5914367935220773e-10,-3.163364313245049e-07,1.0025623077800149e-13,4.7235720607988915e-17,1.0025623043651706e-13,-1.5914367932226297e-10,-1.591436770950389e-10,-1.5914367924129374e-10,-1.5914367940288852e-10,1.0025623079226157e-13,1.0025623068824612e-13,-1.5914367302548125e-10,-1.5914367940288852e-10,-1.5914367937041548e-10,-1.5914367937041548e-10,-1.591436793560115e-10,-1.5914367709291007e-10,-1.591436782765979e-10,-1.591436794230601e-10,-1.5914367706781356e-10,-3.163364651798916e-07,-1.5914367937041548e-10,-1.5914367708063212e-10,-1.5914367936413322e-10,-1.5914367936493902e-10,1.0025623072380802e-13,-1.5914367937138113e-10,-1.5914367937138113e-10,4.89243625230168e-17,-1.591436821786859e-10,-1.5914367293828028e-10
0.9999861688400649,0.9999870062993699,0.9999870062993713,0.999987006299371,-1.591436731732186e-10,-1.5914367379785261e-10,-4.3996825963952176e-07,0.9999870001056662,0.9999867851739054,0.9999870062993713,-1.591436730040481e-10,0.9999849445094795,-4.00795099805311e-07,-1.5914367322699966e-10,0.9999870062993712,0.9999869664892479,0.9999870062993713,0.9999867851739052,-1.5914367320115854e-10,-1.489277070971659e-10,-1.5914367219890636e-10,0.9999870062993708,0.9999869922672893,0.9999870062993712,0.9999870062993712,-1.5914367298611994e-10,-1.5914367272229334e-10,0.9999869664892475,0.9999870062993708,0.999987006299371,0.9999870062993713,0.9999870062993715,0.9999869922672893,0.9999870001056652,0.9999870062993713,0.9999869922672894,0.9999868923822862,0.999987006299371,0.9999869922672893,0.9999870062993708,0.9999870062993713,-1.5914367280666057e-10,0.9999870062993703,0.9999870062993713,-1.53966368743356e-10,0.9999870250856636,0.9999869664892486
-5.153889720655041e-06,-2.0163341610862258e-10,-2.016334160838752e-10,-2.0163341609620073e-10,1.2702907229354888e-13,1.270290729349568e-13,1.766852472477279e-13,-4.0079511325777494e-07,-4.0079502724531064e-07,-2.0163341602284933e-10,1.2702907227977088e-13,-4.00795099805311e-07,-2.0219801945335683e-06,1.2702907221984703e-13,-2.016334161192567e-10,-4.007950998053111e-07,-2.0163341602989737e-10,-4.0079502724531085e-07,1.2702907220100217e-13,5.973530298158676e-17,1.2702907176473896e-13,-2.0163341609115697e-10,-2.0163341326256667e-10,-2.0163341609620073e-10,-2.016334160276715e-10,1.2702907221751907e-13,1.2702907208471657e-13,-4.007950998053105e-07,-2.0163341609115697e-10,-2.0163341610907657e-10,-2.016334160838752e-10,-2.016334160838752e-10,-2.0163341339662812e-10,-4.0079511325777457e-07,-2.0163341602989737e-10,-2.016334130769206e-10,-4.007950701437191e-07,-2.0163341609620073e-10,-2.0163341357082538e-10,-2.0163341610362806e-10,-2.0163341613355352e-10,1.2702907213078693e-13,-2.0163341609620073e-10,-2.0163341610362806e-10,6.18006612674506e-17,-2.0163341986975836e-10,-4.007950998053109e-07
-5.069430767675823e-06,-1.591436794771011e-10,-1.5914367948865208e-10,-1.5914367952791077e-10,1.0025623080296323e-13,1.002562313085816e-13,1.3944728983414463e-13,-1.5914367850484582e-10,-3.163364317422095e-07,-1.591436795173454e-10,1.0025623079309994e-13,-1.5914367322699966e-10,1.2702907221984703e-13,-2.021980255709848e-06,-1.5914367949497016e-10,-1.5914367320008015e-10,-1.5914367944125458e-10,-3.1633643174220924e-07,1.0025623072927413e-13,4.7226152286419326e-17,1.0025623038778976e-13,-1.5914367944641929e-10,-1.5914367725642276e-10,-1.59143679586482e-10,-1.5914367942709485e-10,1.0025623074353419e-13,1.0025623063951877e-13,-1.5914367318637038e-10,-1.591436794680494e-10,-1.591436795173454e-10,-1.5914367941747668e-10,-1.5914367941747668e-10,-1.591436772779084e-10,-1.5914367845011883e-10,-1.5914367941747668e-10,-1.591436772810222e-10,-3.1633646559759585e-07,-1.591436794873397e-10,-1.5914367731404928e-10,-1.591436796096116e-10,-1.5914367950782147e-10,1.0025623067508076e-13,-1.5914367952791077e-10,-1.591436794873397e-10,4.858528962922273e-17,-1.591436824604527e-10,-1.5914367313584477e-10
0.9999862086503452,0.9999870461094948,0.9999870461094954,0.999987046109494,-1.591436795489371e-10,-1.5914368028655013e-10,-2.2134078793414368e-10,0.9999870399157903,0.9999868249840214,0.9999870461094958,-1.5914367935430598e-10,0.9999870062993712,-2.016334161192567e-10,-1.5914367949497016e-10,0.9999850241297327,0.9999870062993703,0.9999870461094956,0.9999868249840211,-1.5914367968520792e-10,-1.489277129862274e-10,-1.591436784811863e-10,0.9999870461094935,0.9999870320774104,0.9999870461094952,0.9999870461094946,-1.5914367938917678e-10,-1.5914367894366276e-10,0.9999870062993699,0.9999870461094942,0.9999870461094956,0.9999870461094956,0.9999870461094958,0.999987032077412,0.9999870399157891,0.9999870461094958,0.9999870320774115,0.9999869321924051,0.9999870461094948,0.9999870320774112,0.9999870461094942,0.9999870461094958,-1.5914367904827037e-10,0.9999870461094942,0.9999870461094958,-1.5396637478664566e-10,0.9999870648957881,0.9999870062993708
0.9999861688400618,0.9999870062993703,0.9999870062993715,0.9999870062993701,-1.5914367312340033e-10,-1.5914367389771446e-10,-4.399682596395215e-07,0.9999870001056671,0.9999867851739052,0.9999870062993705,-1.5914367293346834e-10,0.9999869664892479,-4.007950998053111e-07,-1.5914367320008015e-10,0.9999870062993703,0.9999849445094776,0.999987006299372,0.9999867851739066,-1.5914367320115854e-10,-1.4892770716217904e-10,-1.5914367230897492e-10,0.9999870062993699,0.9999869922672884,0.999987006299371,0.9999870062993703,-1.5914367292721346e-10,-1.5914367271343126e-10,0.9999869664892475,0.999987006299371,0.9999870062993715,0.999987006299372,0.999987006299371,0.9999869922672888,0.9999870001056659,0.9999870062993705,0.9999869922672882,0.999986892382285,0.9999870062993713,0.9999869922672884,0.9999870062993705,0.9999870062993705,-1.591436728273317e-10,0.9999870062993705,0.9999870062993705,-1.5396636876081013e-10,0.9999870250856638,0.9999869664892483
0.9999862086503445,0.9999870461094948,0.9999870461094965,0.9999870461094956,-1.5914367949167852e-10,-1.591436802609252e-10,-2.2134078793414368e-10,0.9999870399157914,0.9999868249840217,0.9999870461094954,-1.5914367935220773e-10,0.9999870062993713,-2.0163341602989737e-10,-1.5914367944125458e-10,0.9999870461094956,0.999987006299372,0.9999850241297337,0.9999868249840226,-1.5914367957732098e-10,-1.4892771299170251e-10,-1.591436785160808e-10,0.9999870461094952,0.9999870320774122,0.9999870461094956,0.9999870461094958,-1.5914367931295046e-10,-1.5914367903280329e-10,0.9999870062993708,0.9999870461094952,0.999987046109497,0.9999870461094963,0.9999870461094963,0.9999870320774115,0.9999870399157902,0.9999870461094952,0.9999870320774122,0.9999869321924068,0.9999870461094963,0.9999870320774122,0.9999870461094956,0.9999870461094952,-1.591436791524963e-10,0.9999870461094956,0.9999870461094952,-1.539663748490702e-10,0.9999870648957881,0.9999870062993715
0.9999859875239759,0.9999868249840209,0.9999868249840215,0.99998682498402,-3.163364316714734e-07,-3.163364331190251e-07,-4.399681799847108e-07,0.9999868187903185,0.9999866038585962,0.9999868249840226,-3.163364313245049e-07,0.9999867851739052,-4.0079502724531085e-07,-3.1633643174220924e-07,0.9999868249840211,0.9999867851739066,0.9999868249840226,0.9999845818788283,-3.1633643182766084e-07,-1.4892767997746176e-10,-3.1633642988186056e-07,0.9999868249840205,0.9999868109519409,0.9999868249840209,0.9999868249840211,-3.1633643129905256e-07,-3.163364307410221e-07,0.9999867851739047,0.9999868249840203,0.9999868249840217,0.9999868249840226,0.9999868249840226,0.9999868109519414,0.9999868187903173,0.9999868249840226,0.9999868109519423,0.9999867110669558,0.9999868249840215,0.9999868109519413,0.9999868249840205,0.9999868249840226,-3.1633643099955267e-07,0.9999868249840205,0.9999868249840226,-1.5396634060060402e-10,0.999986843770311,0.9999867851739056
-5.069430767670849e-06,-1.591436795490635e-10,-1.5914367960794445e-10,-1.5914367953311285e-10,1.0025623078786484e-13,1.0025623129348316e-13,1.3944728981358083e-13,-1.5914367848942467e-10,-3.163364318276609e-07,-1.591436795011767e-10,1.0025623077800149e-13,-1.5914367320115854e-10,1.2702907220100217e-13,1.0025623072927413e-13,-1.5914367968520792e-10,-1.5914367320115854e-10,-1.5914367957732098e-10,-3.1633643182766084e-07,-2.021980255709848e-06,4.740034126932852e-17,1.0025623037269132e-13,-1.5914367957154442e-10,-1.5914367728408802e-10,-1.5914367956952728e-10,-1.5914367957732098e-10,1.0025623072843577e-13,1.0025623062442033e-13,-1.5914367324757728e-10,-1.5914367955450783e-10,-1.5914367957637127e-10,-1.5914367956758886e-10,-1.591436795669097e-10,-1.591436773850796e-10,-1.5914367852057363e-10,-1.5914367956710385e-10,-1.5914367728331293e-10,-3.1633646568304755e-07,-1.5914367961429487e-10,-1.591436772483125e-10,-1.591436795011767e-10,-1.5914367957637127e-10,1.002562306599823e-13,-1.591436796284229e-10,-1.5914367957154442e-10,4.858528962922273e-17,-1.5914368245754454e-10,-1.5914367316088102e-10
-5.049123988262372e-06,-1.4892771297061928e-10,-1.4892771299867606e-10,-1.4892771308288387e-10,4.724390091156467e-17,4.7235720607988915e-17,6.564235993208839e-17,-1.4892771205220825e-10,-1.4892767997746176e-10,-1.489277129855895e-10,4.7235720607988915e-17,-1.489277070971659e-10,5.973530298158676e-17,4.7226152286419326e-17,-1.489277129862274e-10,-1.4892770716217904e-10,-1.4892771299170251e-10,-1.4892767997746176e-10,4.740034126932852e-17,-2.0219802613555532e-06,4.720728246262614e-17,-1.489277129855895e-10,-1.4892771098200515e-10,-1.4892771292586374e-10,-1.4892771313636182e-10,4.7226152286419326e-17,4.7144005860065346e-17,-1.489277071230954e-10,-1.4892771296503788e-10,-1.4892771303331683e-10,-1.4892771296503788e-10,-1.4892771297061928e-10,-1.4892771091968707e-10,-1.4892771204614744e-10,-1.4892771300742802e-10,-1.4892771089459959e-10,-2.9602976743179467e-07,-1.489277129807072e-10,-1.4892771088523546e-10,-1.4892771299170251e-10,-1.4892771297061928e-10,4.7144005860065346e-17,-1.4892771297061928e-10,-1.489277129855895e-10,9.074197077953797e-14,-1.489277155832991e-10,-1.489277071191851e-10
-5.069430768793082e-06,-1.5914367859548484e-10,-1.5914367858350134e-10,-1.591436785160808e-10,1.0025623044638048e-13,1.0025623095199886e-13,1.3944728933305465e-13,-1.5914367755127726e-10,-3.163364298818606e-07,-1.5914367859386468e-10,1.0025623043651706e-13,-1.5914367219890636e-10,1.2702907176473896e-13,1.0025623038778976e-13,-1.591436784811863e-10,-1.5914367230897492e-10,-1.591436785160808e-10,-3.1633642988186056e-07,1.0025623037269132e-13,4.720728246262614e-17,-2.021980255709848e-06,-1.5914367856765675e-10,-1.5914367633043118e-10,-1.5914367858220936e-10,-1.5914367855874672e-10,1.002562303869514e-13,1.002562302829359e-13,-1.5914367223511203e-10,-1.5914367865159146e-10,-1.5914367855766679e-10,-1.5914367859558477e-10,-1.591436786527348e-10,-1.591436763772182e-10,-1.5914367755127726e-10,-1.591436785258821e-10,-1.591436763837349e-10,-3.1633646373724744e-07,-1.5914367859548484e-10,-1.591436763416571e-10,-1.591436785258821e-10,-1.5914367855766679e-10,1.0025623031849795e-13,-1.591436785258821e-10,-1.591436785258821e-10,4.8926941231699675e-17,-1.5914368158509965e-10,-1.591436722862192e-10
0.9999862086503452,0.9999870461094944,0.9999870461094946,0.999987046109493,-1.5914367955041432e-10,-1.5914368030379292e-10,-2.2134078789033816e-10,0.9999870399157902,0.9999868249840211,0.9999870461094956,-1.5914367932226297e-10,0.9999870062993708,-2.0163341609115697e-10,-1.5914367944641929e-10,0.9999870461094935,0.9999870062993699,0.9999870461094952,0.9999868249840205,-1.5914367957154442e-10,-1.489277129855895e-10,-1.5914367856765675e-10,0.9999850241297327,0.9999870320774097,0.9999870461094942,0.9999870461094935,-1.5914367929445277e-10,-1.591436790046786e-10,0.9999870062993694,0.9999870461094937,0.9999870461094952,0.9999870461094952,0.9999870461094956,0.9999870320774112,0.9999870399157891,0.9999870461094956,0.9999870320774108,0.9999869321924044,0.9999870461094946,0.9999870320774108,0.9999870461094932,0.9999870461094952,-1.5914367913351715e-10,0.9999870461094932,0.9999870461094956,-1.539663748490702e-10,0.9999870648957877,0.9999870062993705
0.9999861946182088,0.9999870320774101,0.9999870320774122,0.9999870320774104,-1.5914367726267395e-10,-1.5914367795748366e-10,-4.3996827096423077e-07,0.999987025883708,0.9999868109519409,0.9999870320774122,-1.591436770950389e-10,0.9999869922672893,-2.0163341326256667e-10,-1.5914367725642276e-10,0.9999870320774104,0.9999869922672884,0.9999870320774122,0.9999868109519409,-1.5914367728408802e-10,-1.4892771098200515e-10,-1.5914367633043118e-10,0.9999870320774097,0.9999849960655678,0.9999870320774108,0.999987032077411,-1.5914367705916487e-10,-1.5914367681103307e-10,0.9999869922672882,0.9999870320774097,0.9999870320774122,0.9999870320774122,0.9999870320774118,0.9999870180453291,0.9999870258837059,0.9999870320774125,0.9999870180453295,0.9999869181603237,0.9999870320774116,0.9999870180453299,0.9999870320774108,0.9999870320774125,-1.5914367692424318e-10,0.9999870320774108,0.9999870320774125,-1.5396637270200633e-10,0.9999870508637051,0.9999869922672888
0.9999862086503456,0.9999870461094954,0.9999870461094954,0.9999870461094946,-1.5914367951264156e-10,-1.5914368021762011e-10,-2.2134078790679807e-10,0.9999870399157912,0.9999868249840215,0.9999870461094958,-1.5914367924129374e-10,0.9999870062993712,-2.0163341609620073e-10,-1.59143679586482e-10,0.9999870461094952,0.999987006299371,0.9999870461094956,0.9999868249840209,-1.5914367956952728e-10,-1.4892771292586374e-10,-1.5914367858220936e-10,0.9999870461094942,0.9999870320774108,0.9999850241297263,0.9999870461094952,-1.5914367944747092e-10,-1.5914367908520515e-10,0.9999870062993705,0.999987046109494,0.9999870461094956,0.9999870461094956,0.9999870461094967,0.9999870320774122,0.9999870399157897,0.9999870461094958,0.9999870320774115,0.9999869321924051,0.9999870461094951,0.9999870320774112,0.9999870461094944,0.9999870461094956,-1.5914367900085677e-10,0.9999870461094944,0.9999870461094956,-1.539663748249728e-10,0.9999870648957887,0.9999870062993715
0.9999862086503452,0.9999870461094948,0.9999870461094952,0.999987046109494,-1.591436794482781e-10,-1.591436803317039e-10,-2.2134078789033816e-10,0.9999870399157905,0.9999868249840215,0.9999870461094958,-1.5914367940288852e-10,0.9999870062993712,-2.016334160276715e-10,-1.5914367942709485e-10,0.9999870461094946,0.9999870062993703,0.9999870461094958,0.9999868249840211,-1.5914367957732098e-10,-1.4892771313636182e-10,-1.5914367855874672e-10,0.9999870461094935,0.999987032077411,0.9999870461094952,0.9999850241297298,-1.5914367929445277e-10,-1.5914367898826692e-10,0.9999870062993699,0.9999870461094942,0.9999870461094956,0.9999870461094958,0.9999870461094958,0.999987032077412,0.9999870399157897,0.9999870461094958,0.9999870320774115,0.9999869321924051,0.9999870461094948,0.9999870320774115,0.9999870461094942,0.9999870461094958,-1.5914367910421617e-10,0.9999870461094942,0.9999870461094958,-1.5396637479397358e-10,0.9999870648957887,0.999987006299371
-5.069430768010567e-06,-1.5914367929358965e-10,-1.5914367935939035e-10,-1.5914367937504725e-10,1.0025623080212493e-13,1.0025623130774324e-13,1.394472898310283e-13,-1.591436782869671e-10,-3.163364312990525e-07,-1.5914367932259694e-10,1.0025623079226157e-13,-1.5914367298611994e-10,1.2702907221751907e-13,1.0025623074353419e-13,-1.5914367938917678e-10,-1.5914367292721346e-10,-1.5914367931295046e-10,-3.1633643129905256e-07,1.0025623072843577e-13,4.7226152286419326e-17,1.002562303869514e-13,-1.5914367929445277e-10,-1.5914367705916487e-10,-1.5914367944747092e-10,-1.5914367929445277e-10,-2.021980255709848e-06,1.0025623063868047e-13,-1.5914367298911017e-10,-1.5914367925730354e-10,-1.5914367932259694e-10,-1.5914367931295046e-10,-1.5914367932259694e-10,-1.5914367708745047e-10,-1.5914367831696987e-10,-1.5914367929405414e-10,-1.591436770637854e-10,-3.1633646515443923e-07,-1.5914367936404089e-10,-1.5914367708623443e-10,-1.5914367932587563e-10,-1.5914367933017198e-10,1.0025623067424236e-13,-1.5914367937504725e-10,-1.5914367944747092e-10,4.858528962922273e-17,-1.591436822881434e-10,-1.5914367300828693e-10
-5.069430768020887e-06,-1.5914367894363882e-10,-1.5914367894366276e-10,-1.591436790165613e-10,1.0025623069810947e-13,1.0025623120372783e-13,1.3944728968478633e-13,-1.5914367801248293e-10,-3.163364307410221e-07,-1.5914367900653482e-10,1.0025623068824612e-13,-1.5914367272229334e-10,1.2702907208471657e-13,1.0025623063951877e-13,-1.5914367894366276e-10,-1.5914367271343126e-10,-1.5914367903280329e-10,-3.163364307410221e-07,1.0025623062442033e-13,4.7144005860065346e-17,1.002562302829359e-13,-1.591436790046786e-10,-1.5914367681103307e-10,-1.5914367908520515e-10,-1.5914367898826692e-10,1.0025623063868047e-13,-2.021980255709848e-06,-1.5914367264944042e-10,-1.5914367897570484e-10,-1.591436789389842e-10,-1.5914367894366276e-10,-1.5914367901554672e-10,-1.5914367676353848e-10,-1.59143677973744e-10,-1.591436788752838e-10,-1.5914367677985454e-10,-3.1633646459640873e-07,-1.591436788752838e-10,-1.5914367684770088e-10,-1.5914367895503797e-10,-1.5914367898826692e-10,1.00256230570227e-13,-1.5914367894366276e-10,-1.5914367890639662e-10,4.887542475961092e-17,-1.591436819389207e-10,-1.5914367264944042e-10
0.9999861688400639,0.9999870062993691,0.9999870062993708,0.9999870062993694,-1.5914367311759181e-10,-1.5914367387018317e-10,-4.399682596395213e-07,0.9999870001056657,0.9999867851739046,0.9999870062993715,-1.5914367302548125e-10,0.9999869664892475,-4.007950998053105e-07,-1.5914367318637038e-10,0.9999870062993699,0.9999869664892475,0.9999870062993708,0.9999867851739047,-1.5914367324757728e-10,-1.489277071230954e-10,-1.5914367223511203e-10,0.9999870062993694,0.9999869922672882,0.9999870062993705,0.9999870062993699,-1.5914367298911017e-10,-1.5914367264944042e-10,0.9999849445094791,0.9999870062993701,0.9999870062993705,0.9999870062993705,0.9999870062993718,0.9999869922672888,0.999987000105665,0.9999870062993715,0.9999869922672882,0.999986892382285,0.9999870062993703,0.9999869922672884,0.9999870062993699,0.9999870062993715,-1.5914367284093381e-10,0.9999870062993699,0.9999870062993715,-1.5396636873539808e-10,0.9999870250856627,0.9999869664892479
0.9999862086503447,0.9999870461094948,0.9999870461094951,0.9999870461094935,-1.5914367946310047e-10,-1.5914368033432305e-10,-2.2134078788120063e-10,0.9999870399157903,0.9999868249840211,0.9999870461094956,-1.5914367940288852e-10,0.9999870062993708,-2.0163341609115697e-10,-1.591436794680494e-10,0.9999870461094942,0.999987006299371,0.9999870461094952,0.9999868249840203,-1.5914367955450783e-10,-1.4892771296503788e-10,-1.5914367865159146e-10,0.9999870461094937,0.9999870320774097,0.999987046109494,0.9999870461094942,-1.5914367925730354e-10,-1.5914367897570484e-10,0.9999870062993701,0.9999850241297249,0.9999870461094952,0.9999870461094952,0.9999870461094961,0.9999870320774118,0.9999870399157891,0.9999870461094956,0.9999870320774108,0.9999869321924044,0.9999870461094946,0.9999870320774104,0.9999870461094935,0.9999870461094956,-1.5914367913351715e-10,0.9999870461094935,0.9999870461094956,-1.53966374849075e-10,0.9999870648957881,0.9999870062993708
0.9999862086503459,0.9999870461094952,0.9999870461094963,0.9999870461094956,-1.591436794902042e-10,-1.591436803128456e-10,-2.2134078783912335e-10,0.9999870399157912,0.9999868249840215,0.9999870461094958,-1.5914367937041548e-10,0.999987006299371,-2.0163341610907657e-10,-1.591436795173454e-10,0.9999870461094956,0.9999870062993715,0.999987046109497,0.9999868249840217,-1.5914367957637127e-10,-1.4892771303331683e-10,-1.5914367855766679e-10,0.9999870461094952,0.9999870320774122,0.9999870461094956,0.9999870461094956,-1.5914367932259694e-10,-1.591436789389842e-10,0.9999870062993705,0.9999870461094952,0.9999850241297371,0.999987046109497,0.9999870461094958,0.9999870320774118,0.9999870399157897,0.9999870461094958,0.9999870320774116,0.9999869321924061,0.9999870461094958,0.9999870320774122,0.9999870461094954,0.9999870461094948,-1.5914367916600136e-10,0.9999870461094954,0.9999870461094958,-1.5396637477219683e-10,0.9999870648957887,0.9999870062993722
0.9999862086503447,0.9999870461094948,0.9999870461094967,0.9999870461094954,-1.5914367944641298e-10,-1.591436802609252e-10,-2.2134078789033816e-10,0.9999870399157912,0.9999868249840217,0.9999870461094954,-1.5914367937041548e-10,0.9999870062993713,-2.016334160838752e-10,-1.5914367941747668e-10,0.9999870461094956,0.999987006299372,0.9999870461094963,0.9999868249840226,-1.5914367956758886e-10,-1.4892771296503788e-10,-1.5914367859558477e-10,0.9999870461094952,0.9999870320774122,0.9999870461094956,0.9999870461094958,-1.5914367931295046e-10,-1.5914367894366276e-10,0.9999870062993705,0.9999870461094952,0.999987046109497,0.9999850241297343,0.9999870461094963,0.9999870320774115,0.9999870399157902,0.9999870461094952,0.9999870320774118,0.9999869321924068,0.9999870461094963,0.9999870320774122,0.9999870461094956,0.9999870461094952,-1.5914367900085677e-10,0.9999870461094956,0.9999870461094952,-1.5396637482936944e-10,0.9999870648957881,0.9999870062993715
0.9999862086503459,0.9999870461094956,0.9999870461094971,0.9999870461094958,-1.5914367943460578e-10,-1.5914368035420198e-10,-2.2134078788120063e-10,0.9999870399157926,0.9999868249840228,0.9999870461094963,-1.591436793560115e-10,0.9999870062993715,-2.016334160838752e-10,-1.5914367941747668e-10,0.9999870461094958,0.999987006299371,0.9999870461094963,0.9999868249840226,-1.591436795669097e-10,-1.4892771297061928e-10,-1.591436786527348e-10,0.9999870461094956,0.9999870320774118,0.9999870461094967,0.9999870461094958,-1.5914367932259694e-10,-1.5914367901554672e-10,0.9999870062993718,0.9999870461094961,0.9999870461094958,0.9999870461094963,0.9999850241297367,0.9999870320774122,0.9999870399157903,0.9999870461094963,0.9999870320774122,0.9999869321924056,0.9999870461094971,0.9999870320774122,0.9999870461094956,0.9999870461094961,-1.591436791524963e-10,0.9999870461094963,0.9999870461094963,-1.5396637475189317e-10,0.9999870648957891,0.9999870062993718
0.9999861946182077,0.9999870320774122,0.9999870320774127,0.9999870320774118,-1.5914367722479075e-10,-1.5914367797313723e-10,-4.399682709642307e-07,0.9999870258837088,0.9999868109519411,0.9999870320774118,-1.5914367709291007e-10,0.9999869922672893,-2.0163341339662812e-10,-1.591436772779084e-10,0.999987032077412,0.9999869922672888,0.9999870320774115,0.9999868109519414,-1.591436773850796e-10,-1.4892771091968707e-10,-1.591436763772182e-10,0.9999870320774112,0.9999870180453291,0.9999870320774122,0.999987032077412,-1.5914367708745047e-10,-1.5914367676353848e-10,0.9999869922672888,0.9999870320774118,0.9999870320774118,0.9999870320774115,0.9999870320774122,0.9999849960655692,0.999987025883708,0.9999870320774118,0.9999870180453307,0.9999869181603244,0.9999870320774118,0.9999870180453299,0.9999870320774115,0.9999870320774118,-1.5914367687410355e-10,0.9999870320774122,0.9999870320774118,-1.539663726945866e-10,0.9999870508637062,0.9999869922672894
0.999986202456615,0.9999870399157886,0.9999870399157902,0.9999870399157891,-1.5914367845601379e-10,-1.5914367922073828e-10,-2.2134078631049463e-10,0.9999870337220859,0.9999868187903181,0.999987039915791,-1.591436782765979e-10,0.9999870001056652,-4.0079511325777457e-07,-1.5914367845011883e-10,0.9999870399157891,0.9999870001056659,0.9999870399157902,0.9999868187903173,-1.5914367852057363e-10,-1.4892771204614744e-10,-1.5914367755127726e-10,0.9999870399157891,0.9999870258837059,0.9999870399157897,0.9999870399157897,-1.5914367831696987e-10,-1.59143677973744e-10,0.999987000105665,0.9999870399157891,0.9999870399157897,0.9999870399157902,0.9999870399157903,0.999987025883708,0.9999850117423231,0.999987039915791,0.999987025883708,0.9999869259987002,0.9999870399157897,0.9999870258837064,0.9999870399157891,0.999987039915791,-1.5914367813765223e-10,0.9999870399157891,0.999987039915791,-1.5396637389649791e-10,0.9999870587020836,0.9999870001056657
0.9999862086503485,0.9999870461094954,0.9999870461094967,0.9999870461094956,-1.5914367959192214e-10,-1.5914368028655013e-10,-2.2134078789033816e-10,0.9999870399157922,0.9999868249840215,0.9999870461094954,-1.591436794230601e-10,0.9999870062993713,-2.0163341602989737e-10,-1.5914367941747668e-10,0.9999870461094958,0.9999870062993705,0.9999870461094952,0.9999868249840226,-1.5914367956710385e-10,-1.4892771300742802e-10,-1.591436785258821e-10,0.9999870461094956,0.9999870320774125,0.9999870461094958,0.9999870461094958,-1.5914367929405414e-10,-1.591436788752838e-10,0.9999870062993715,0.9999870461094956,0.9999870461094958,0.9999870461094952,0.9999870461094963,0.9999870320774118,0.999987039915791,0.9999850241297312,0.9999870320774112,0.9999869321924068,0.9999870461094963,0.9999870320774125,0.9999870461094948,0.9999870461094952,-1.5914367913351715e-10,0.9999870461094956,0.9999870461094954,-1.539663748471635e-10,0.9999870648957881,0.9999870062993724
0.9999861946182055,0.9999870320774115,0.9999870320774122,0.9999870320774115,-1.5914367718469966e-10,-1.5914367799530324e-10,-4.399682709642307e-07,0.999987025883709,0.9999868109519414,0.999987032077412,-1.5914367706781356e-10,0.9999869922672894,-2.016334130769206e-10,-1.591436772810222e-10,0.9999870320774115,0.9999869922672882,0.9999870320774122,0.9999868109519423,-1.5914367728331293e-10,-1.4892771089459959e-10,-1.591436763837349e-10,0.9999870320774108,0.9999870180453295,0.9999870320774115,0.9999870320774115,-1.591436770637854e-10,-1.5914367677985454e-10,0.9999869922672882,0.9999870320774108,0.9999870320774116,0.9999870320774118,0.9999870320774122,0.9999870180453307,0.999987025883708,0.9999870320774112,0.9999849960655662,0.9999869181603253,0.9999870320774118,0.9999870180453299,0.999987032077411,0.9999870320774112,-1.5914367691446632e-10,0.9999870320774112,0.9999870320774112,-1.5396637262396763e-10,0.999987050863706,0.9999869922672898
0.9999860947327941,0.9999869321924044,0.9999869321924063,0.9999869321924046,-3.1633646552685976e-07,-3.163364669744119e-07,-4.3996822707778813e-07,0.9999869259987012,0.9999867110669565,0.9999869321924068,-3.163364651798916e-07,0.9999868923822862,-4.007950701437191e-07,-3.1633646559759585e-07,0.9999869321924051,0.999986892382285,0.9999869321924068,0.9999867110669558,-3.1633646568304755e-07,-2.9602976743179467e-07,-3.1633646373724744e-07,0.9999869321924044,0.9999869181603237,0.9999869321924051,0.9999869321924051,-3.1633646515443923e-07,-3.1633646459640873e-07,0.999986892382285,0.9999869321924044,0.9999869321924061,0.9999869321924068,0.9999869321924056,0.9999869181603244,0.9999869259987002,0.9999869321924068,0.9999869181603253,0.9999847962955626,0.9999869321924061,0.9999869181603241,0.9999869321924049,0.9999869321924068,-3.1633646485493944e-07,0.9999869321924051,0.9999869321924068,-3.0604532368872116e-07,0.9999869509786968,0.9999868923822858
0.9999862086503439,0.9999870461094952,0.9999870461094963,0.9999870461094946,-1.5914367944641533e-10,-1.5914368036733174e-10,-2.2134078789033816e-10,0.999987039915791,0.9999868249840215,0.9999870461094963,-1.5914367937041548e-10,0.999987006299371,-2.0163341609620073e-10,-1.591436794873397e-10,0.9999870461094948,0.9999870062993713,0.9999870461094963,0.9999868249840215,-1.5914367961429487e-10,-1.489277129807072e-10,-1.5914367859548484e-10,0.9999870461094946,0.9999870320774116,0.9999870461094951,0.9999870461094948,-1.5914367936404089e-10,-1.591436788752838e-10,0.9999870062993703,0.9999870461094946,0.9999870461094958,0.9999870461094963,0.9999870461094971,0.9999870320774118,0.9999870399157897,0.9999870461094963,0.9999870320774118,0.9999869321924061,0.9999850241297303,0.999987032077412,0.9999870461094948,0.9999870461094963,-1.591436791684501e-10,0.9999870461094948,0.9999870461094963,-1.5396637477219683e-10,0.9999870648957885,0.999987006299371
0.9999861946182015,0.9999870320774099,0.9999870320774122,0.9999870320774108,-1.5914367723904114e-10,-1.5914367794153743e-10,-4.399682709642308e-07,0.9999870258837088,0.9999868109519404,0.9999870320774125,-1.5914367708063212e-10,0.9999869922672893,-2.0163341357082538e-10,-1.5914367731404928e-10,0.9999870320774112,0.9999869922672884,0.9999870320774122,0.9999868109519413,-1.591436772483125e-10,-1.4892771088523546e-10,-1.591436763416571e-10,0.9999870320774108,0.9999870180453299,0.9999870320774112,0.9999870320774115,-1.5914367708623443e-10,-1.5914367684770088e-10,0.9999869922672884,0.9999870320774104,0.9999870320774122,0.9999870320774122,0.9999870320774122,0.9999870180453299,0.9999870258837064,0.9999870320774125,0.9999870180453299,0.9999869181603241,0.999987032077412,0.9999849960655692,0.9999870320774112,0.9999870320774125,-1.5914367685202316e-10,0.9999870320774112,0.9999870320774125,-1.5396637270585993e-10,0.9999870508637058,0.9999869922672894
0.9999862086503414,0.9999870461094946,0.9999870461094948,0.9999870461094942,-1.5914367951846462e-10,-1.5914368025538936e-10,-2.213407878328463e-10,0.9999870399157907,0.9999868249840211,0.9999870461094948,-1.5914367936413322e-10,0.9999870062993708,-2.0163341610362806e-10,-1.591436796096116e-10,0.9999870461094942,0.9999870062993705,0.9999870461094956,0.9999868249840205,-1.591436795011767e-10,-1.4892771299170251e-10,-1.591436785258821e-10,0.9999870461094932,0.9999870320774108,0.9999870461094944,0.9999870461094942,-1.5914367932587563e-10,-1.5914367895503797e-10,0.9999870062993699,0.9999870461094935,0.9999870461094954,0.9999870461094956,0.9999870461094956,0.9999870320774115,0.9999870399157891,0.9999870461094948,0.999987032077411,0.9999869321924049,0.9999870461094948,0.9999870320774112,0.9999850241297331,0.9999870461094948,-1.5914367919613235e-10,0.9999870461094944,0.9999870461094948,-1.5396637478433103e-10,0.9999870648957877,0.9999870062993705
