0.9999999999996104,6.723260097372474e-11,0.9999999992081439,5.737134010069772e-11,9.99530958820425e-11,1.479821310331519e-10,1.486821965360591e-10,0.9999999992081401,0.9999999993299382,1.1931384585591404e-10,1.35824291543497e-10,4.4497516907391163e-10,1.651185316029522e-10,1.3582267183226992e-10,1.610360112705091e-10,1.4868284535060767e-10,6.723446566912149e-11,7.962771848046606e-11,7.711677111641344e-11,1.4868217990768133e-10,7.460596326198788e-11,0.9999999993299388,1.1061846503695977e-10,1.6516958211230268e-10,0.9999999992081414,0.999999999287243,6.723604400657918e-11,6.212802086335817e-11,1.6877312186919494e-10,9.956133672280779e-11,2.0694571136002833e-10,1.2715287045046362e-10,1.1931400427816888e-10,0.9999999995822076
6.723260097372474e-11,2.527970603839531e-10,-1.0295707776880868e-13,4.4329157358895056e-16,4.4713183175570135e-16,4.73790160561247e-16,4.660160585009407e-16,-1.0295707776889136e-13,-1.0275341090136245e-13,4.526703037894939e-16,4.510635843810198e-16,1.1420056411913074e-15,4.905170458133783e-16,4.510635825618917e-16,7.679003899994192e-16,4.659054481363245e-16,4.335938216845551e-16,4.3265884461850733e-16,4.470731689459048e-16,4.659054481363245e-16,4.353411344876543e-16,-1.0275357021406058e-13,4.582896122813012e-16,4.503150376259253e-16,-1.029570777690813e-13,-1.0282965402019224e-13,4.335938216845551e-16,4.411298999566713e-16,4.744519237874864e-16,4.457378501488059e-16,5.085925402463938e-16,4.605067732387365e-16,4.526703037894939e-16,-2.0274748392369054e-10
0.9999999992081439,-1.0295707776880868e-13,0.9999999987285076,-1.069343049199893e-13,-8.541411837256363e-14,-5.932389682861578e-14,-5.951439797132482e-14,0.9999999984765755,0.9999999985693793,-7.510939689101751e-14,-6.694572842131709e-14,9.377457236882984e-14,-4.9594442581724063e-14,-6.694652732591345e-14,-5.25000781848757e-14,-5.951386526164657e-14,-1.0296003431086636e-13,-9.670588827139721e-14,-9.674155077044836e-14,-5.951466109600812e-14,-9.909854273964113e-14,0.9999999985693814,-7.899787787047528e-14,-5.223180366730941e-14,0.9999999984765757,0.9999999985398392,-1.0295946097387941e-13,-1.0500651021596319e-13,-4.8750235547937196e-14,-8.540367729218837e-14,-2.7316837445209e-14,-7.065965681391409e-14,-7.510996798519148e-14,0.9999999986789115
5.737134010069772e-11,4.4329157358895056e-16,-1.069343049199893e-13,2.5283595288959446e-10,4.555949960482901e-16,4.801467018378855e-16,4.730487119257112e-16,-1.0693468477973503e-13,-1.0670857161292326e-13,4.60024161407213e-16,4.590648711949354e-16,2.2701888332199653e-12,4.951961178377786e-16,4.592966454328743e-16,7.74991546214629e-16,4.729193942116363e-16,4.4328887836627055e-16,4.4269563963513647e-16,4.554992971070358e-16,4.729193942116363e-16,4.441935079580107e-16,-1.0670857160965759e-13,9.23079735732385e-13,4.576315725492993e-16,-1.0693464807561362e-13,-1.0679507496640795e-13,4.441618336215532e-16,4.507409602459234e-16,4.80971237992762e-16,4.539447145017744e-16,5.123299009084963e-16,4.681391115481608e-16,4.600587191569081e-16,-2.1035380008549387e-10
9.99530958820425e-11,4.4713183175570135e-16,-8.541411837256363e-14,4.555949960482901e-16,2.528461754179028e-10,4.826233042948237e-16,4.759648740170444e-16,-8.541411837256363e-14,-8.518437276415828e-14,4.634170790066025e-16,4.629048328091072e-16,1.1505927063290856e-15,4.9794598270856365e-16,4.629048328091072e-16,7.793109098353431e-16,4.759648740170444e-16,4.467729512595441e-16,4.460067518913475e-16,4.583525043347636e-16,4.759648740170444e-16,4.475971301078361e-16,-8.518437276053533e-14,4.680926239334917e-16,4.611501014041703e-16,-8.541411837256363e-14,-8.52720865733325e-14,4.467729512595441e-16,4.538606047197681e-16,4.842258700629301e-16,4.572405284144967e-16,1.0208196461699951e-12,9.339360272642598e-13,4.634170789452607e-16,-1.6764125183787563e-10
1.479821310331519e-10,4.73790160561247e-16,-5.932389682861578e-14,4.801467018378855e-16,4.826233042948237e-16,2.529307145218198e-10,4.970740169043528e-16,-5.932370878230398e-14,-5.904229375844501e-14,4.866027504585121e-16,4.860296712335517e-16,1.172448978337792e-15,5.15227533458567e-16,4.859710675855585e-16,8.038542788612486e-16,4.9708889452075345e-16,4.733501043580879e-16,4.727868023727453e-16,4.822186722402962e-16,4.9708889452075345e-16,4.736927660832838e-16,-5.904226899137838e-14,4.909539683491172e-16,9.620045594928456e-13,-5.932351333158207e-14,-5.915369712013003e-14,4.733417140341904e-16,9.49917252934454e-13,5.03217401799392e-16,4.810087504718357e-16,1.0490787137029864e-12,9.77198698903138e-13,4.864442581191393e-16,-1.1529736111806342e-10
1.486821965360591e-10,4.660160585009407e-16,-5.951439797132482e-14,4.730487119257112e-16,4.759648740170444e-16,4.970740169043528e-16,2.529078091007264e-10,-5.95147497264255e-14,-5.924795480132241e-14,4.793931885336617e-16,4.789047186668056e-16,1.1659211356968289e-15,5.103588259143336e-16,4.791548128115809e-16,7.96827242071785e-16,9.73401122208872e-13,4.659054481363245e-16,4.64771959669449e-16,4.753765752362533e-16,9.734011222067859e-13,4.66742586777046e-16,-5.924795480132241e-14,4.842641831077838e-16,4.783681720239544e-16,-5.951420599281184e-14,-5.935240888886684e-14,4.659054481363245e-16,4.714748902503143e-16,4.973642880754343e-16,4.737559446054107e-16,5.252221113105242e-16,4.865505838140032e-16,4.799547501748392e-16,-1.1585155860675337e-10
0.9999999992081401,-1.0295707776889136e-13,0.9999999984765755,-1.0693468477973503e-13,-8.541411837256363e-14,-5.932370878230398e-14,-5.95147497264255e-14,0.9999999987285136,0.9999999985693822,-7.510939849672904e-14,-6.694570721630563e-14,9.377367305392732e-14,-4.959442231283673e-14,-6.694652732591345e-14,-5.250007818462925e-14,-5.951355662050612e-14,-1.0296003431036501e-13,-9.670578422861231e-14,-9.674170368570497e-14,-5.951456493347854e-14,-9.909854273964113e-14,0.9999999985693843,-7.899753034616194e-14,-5.223180366730941e-14,0.9999999984765786,0.9999999985398415,-1.0295997231864594e-13,-1.0500708525317547e-13,-4.875064937905314e-14,-8.540375768043015e-14,-2.7316878620149427e-14,-7.06603405808679e-14,-7.510989005533448e-14,0.9999999986789136
0.9999999993299382,-1.0275341090136245e-13,0.9999999985693793,-1.0670857161292326e-13,-8.518437276415828e-14,-5.904229375844501e-14,-5.924795480132241e-14,0.9999999985693822,0.9999999989138336,-7.48670607657616e-14,-6.670647443758873e-14,1.875837808799001e-10,-4.92815326637867e-14,-6.670739322946742e-14,-1.0311329488500824e-10,-5.924675779638872e-14,-1.0275598169334239e-13,-9.650346908874857e-14,-9.650920311708292e-14,-5.92479358886203e-14,-9.889235994492866e-14,0.9999999986619,-7.874227266060393e-14,-5.199497807650623e-14,0.9999999985693814,0.999999998632517,-1.0275555656604232e-13,-1.0478982561653324e-13,-4.846710822048396e-14,-8.51722672250225e-14,-2.697008707108435e-14,-7.040328007014459e-14,-7.486758311808487e-14,0.9999999987691958
1.1931384585591404e-10,4.526703037894939e-16,-7.510939689101751e-14,4.60024161407213e-16,4.634170790066025e-16,4.866027504585121e-16,4.793931885336617e-16,-7.510939849672904e-14,-7.48670607657616e-14,2.528664059622912e-10,4.666723557154106e-16,1.1524276356447791e-15,5.007158501824779e-16,4.668765006482121e-16,1.5526241065854117e-12,4.793931878734612e-16,4.524745271970352e-16,4.511148017039495e-16,4.632207675688712e-16,4.79932600408277e-16,4.531967967201163e-16,-7.486693760886715e-14,4.729598498100831e-16,4.659401525988906e-16,-7.510939849672904e-14,-7.496102508917156e-14,4.526703037891922e-16,4.584725632180159e-16,4.877012699521521e-16,4.61596617501965e-16,5.168019607351191e-16,4.752670485914077e-16,9.279135508483915e-13,-1.470532720463334e-10
1.35824291543497e-10,4.510635843810198e-16,-6.694572842131709e-14,4.590648711949354e-16,4.629048328091072e-16,4.860296712335517e-16,4.789047186668056e-16,-6.694570721630563e-14,-6.670647443758873e-14,4.666723557154106e-16,2.528590909308199e-10,1.1527828914904872e-15,9.926662241471005e-13,4.652234489282402e-16,7.81998649218417e-16,4.789047186668056e-16,4.513280343994638e-16,4.501428217001535e-16,4.619694822613571e-16,4.789047180606529e-16,4.519070655017433e-16,-6.670625312647879e-14,4.718491052248465e-16,4.651676144866898e-16,-6.694572842133551e-14,-6.679877233683282e-14,4.510635843810198e-16,4.578993321524712e-16,9.64640660149486e-13,4.605771044506258e-16,5.166565495354891e-16,4.740413455995607e-16,4.671559984469521e-16,-1.3090886446544704e-10
4.4497516907391163e-10,1.1420056411913074e-15,9.377457236882984e-14,2.2701888332199653e-12,1.1505927063290856e-15,1.172448978337792e-15,1.1659211356968289e-15,9.377367305392732e-14,1.875837808799001e-10,1.1524276356447791e-15,1.1527828914904872e-15,2.571820404051395e-10,1.1874359592155624e-15,1.1525685864600139e-15,3.67228919920091e-12,1.1664732066905978e-15,1.1422109483185447e-15,1.14020547845066e-15,2.2754042460406473e-12,1.1659211356968289e-15,1.1419385664962688e-15,1.8758378087991172e-10,2.2913179310294653e-12,1.1524492181132993e-15,9.377367305392732e-14,1.869077315368503e-10,1.1420056411913074e-15,1.1478448051671404e-15,1.1728671680514185e-15,2.2684374748895566e-12,1.204059029004897e-15,1.1602892009777173e-15,1.1525417279988933e-15,1.9352662546557554e-10
1.651185316029522e-10,4.905170458133783e-16,-4.9594442581724063e-14,4.951961178377786e-16,4.9794598270856365e-16,5.15227533458567e-16,5.103588259143336e-16,-4.959442231283673e-14,-4.92815326637867e-14,5.007158501824779e-16,9.926662241471005e-13,1.1874359592155624e-15,2.529830805638517e-10,9.926662241463523e-13,8.202690064630548e-16,5.103588259664377e-16,4.904700731371725e-16,4.892543620553045e-16,4.980463423026165e-16,5.101530742240217e-16,9.729588171940543e-13,-4.928173385032116e-14,5.042684738761694e-16,4.999198402565723e-16,-4.959460753119559e-14,-4.940741150302144e-14,4.904700731371725e-16,4.946412798111938e-16,1.0227986602643728e-12,4.961153384391615e-16,5.387253443396358e-16,5.06602048594654e-16,5.014220901317334e-16,-9.563604609146566e-11
1.3582267183226992e-10,4.510635825618917e-16,-6.694652732591345e-14,4.592966454328743e-16,4.629048328091072e-16,4.859710675855585e-16,4.791548128115809e-16,-6.694652732591345e-14,-6.670739322946742e-14,4.668765006482121e-16,4.652234489282402e-16,1.1525685864600139e-15,9.926662241463523e-13,2.528590909308199e-10,7.824204850339224e-16,4.789047186668056e-16,4.510635825618917e-16,4.501428217001535e-16,4.622625249932235e-16,4.791548128115809e-16,4.519070655017433e-16,-6.670725106883703e-14,4.717184600946307e-16,4.65246956922096e-16,-6.694652732591345e-14,-6.679984259499468e-14,4.510635825618917e-16,4.575559434249331e-16,9.646406601487898e-13,4.605771044227055e-16,5.166565518774739e-16,4.741554544373026e-16,4.671559984469521e-16,-1.3091041830347252e-10
1.610360112705091e-10,7.679003899994192e-16,-5.25000781848757e-14,7.74991546214629e-16,7.793109098353431e-16,8.038542788612486e-16,7.96827242071785e-16,-5.250007818462925e-14,-1.0311329488500824e-10,1.5526241065854117e-12,7.81998649218417e-16,3.67228919920091e-12,8.202690064630548e-16,7.824204850339224e-16,2.5447314044653244e-10,7.968088238602211e-16,7.680447736353904e-16,7.663870439118034e-16,7.775329513051851e-16,7.96827242071785e-16,7.682678812990351e-16,-1.0311329488500692e-10,7.877920374449301e-16,7.813289000403874e-16,-5.250007818462925e-14,-5.220381040416361e-14,7.679003918631611e-16,7.748836089521137e-16,8.044100782757922e-16,7.753529990987468e-16,8.38088230173023e-16,7.915269037231021e-16,1.552624106582274e-12,-9.978853765418945e-11
1.4868284535060767e-10,4.659054481363245e-16,-5.951386526164657e-14,4.729193942116363e-16,4.759648740170444e-16,4.9708889452075345e-16,9.73401122208872e-13,-5.951355662050612e-14,-5.924675779638872e-14,4.793931878734612e-16,4.789047186668056e-16,1.1664732066905978e-15,5.103588259664377e-16,4.789047186668056e-16,7.968088238602211e-16,2.529078091007264e-10,4.661061117870079e-16,4.649195966035021e-16,4.753765752362533e-16,9.734011222080796e-13,4.671148548228426e-16,-5.924675779638872e-14,4.846637673027784e-16,4.783511022154486e-16,-5.951428395415627e-14,-5.935170286377138e-14,4.660160585009407e-16,4.714748902503143e-16,4.976718176353134e-16,4.737559446054107e-16,5.249555989828348e-16,4.865505815301133e-16,4.793931889740708e-16,-1.1584998896121211e-10
6.723446566912149e-11,4.335938216845551e-16,-1.0296003431086636e-13,4.4328887836627055e-16,4.467729512595441e-16,4.733501043580879e-16,4.659054481363245e-16,-1.0296003431036501e-13,-1.0275598169334239e-13,4.524745271970352e-16,4.513280343994638e-16,1.1422109483185447e-15,4.904700731371725e-16,4.510635825618917e-16,7.680447736353904e-16,4.661061117870079e-16,2.527970603839531e-10,4.3345046798838515e-16,4.470731689459048e-16,4.66292812501782e-16,4.353411346486363e-16,-1.027564922605555e-13,4.582896122813012e-16,4.501089289174378e-16,-1.0296003431036501e-13,-1.0283210143159754e-13,4.335938216845551e-16,4.4156157192747166e-16,4.74451922256603e-16,4.459439306678618e-16,5.085925461218618e-16,4.605067732386049e-16,4.524743490550325e-16,-2.0275269799705058e-10
7.962771848046606e-11,4.3265884461850733e-16,-9.670588827139721e-14,4.4269563963513647e-16,4.460067518913475e-16,4.727868023727453e-16,4.64771959669449e-16,-9.670578422861231e-14,-9.650346908874857e-14,4.511148017039495e-16,4.501428217001535e-16,1.14020547845066e-15,4.892543620553045e-16,4.501428217001535e-16,7.663870439118034e-16,4.649195966035021e-16,4.3345046798838515e-16,2.52797648210599e-10,4.459995421046979e-16,4.650986856499733e-16,4.3411488262904825e-16,-9.650357552775325e-14,4.573451854378888e-16,4.491045033128852e-16,-9.670588827156872e-14,-9.657924260974749e-14,4.3265884461850733e-16,4.4060266783110875e-16,4.733562851269011e-16,4.438995104529872e-16,1.00651280537081e-12,4.598594588612778e-16,4.50869283866866e-16,-1.9036206161361116e-10
7.711677111641344e-11,4.470731689459048e-16,-9.674155077044836e-14,4.554992971070358e-16,4.583525043347636e-16,4.822186722402962e-16,4.753765752362533e-16,-9.674170368570497e-14,-9.650920311708292e-14,4.632207675688712e-16,4.619694822613571e-16,2.2754042460406473e-12,4.980463423026165e-16,4.622625249932235e-16,7.775329513051851e-16,4.753765752362533e-16,4.470731689459048e-16,4.459995421046979e-16,2.528483750196489e-10,4.751274878079281e-16,4.477353861228747e-16,-9.650950785637383e-14,4.678732174437087e-16,4.615228902825994e-16,-9.674168312697907e-14,-9.659833375546362e-14,4.471175965045443e-16,4.538133160130771e-16,4.827738855122869e-16,9.056349760257353e-13,5.142113960098882e-16,4.709739940337519e-16,4.63304328452926e-16,-1.9006683296239251e-10
1.4868217990768133e-10,4.659054481363245e-16,-5.951466109600812e-14,4.729193942116363e-16,4.759648740170444e-16,4.9708889452075345e-16,9.734011222067859e-13,-5.951456493347854e-14,-5.92479358886203e-14,4.79932600408277e-16,4.789047180606529e-16,1.1659211356968289e-15,5.101530742240217e-16,4.791548128115809e-16,7.96827242071785e-16,9.734011222080796e-13,4.66292812501782e-16,4.650986856499733e-16,4.751274878079281e-16,2.529078091007264e-10,4.66742586777046e-16,-5.92479358886203e-14,4.843566699900921e-16,4.783681720239544e-16,-5.951466109547665e-14,-5.935293599147126e-14,4.659054481363245e-16,4.711573520788302e-16,4.976718170977296e-16,4.737559446054107e-16,5.252221117174639e-16,4.865505846366515e-16,4.79932600408277e-16,-1.1585190361497718e-10
7.460596326198788e-11,4.353411344876543e-16,-9.909854273964113e-14,4.441935079580107e-16,4.475971301078361e-16,4.736927660832838e-16,4.66742586777046e-16,-9.909854273964113e-14,-9.889235994492866e-14,4.531967967201163e-16,4.519070655017433e-16,1.1419385664962688e-15,9.729588171940543e-13,4.519070655017433e-16,7.682678812990351e-16,4.671148548228426e-16,4.353411346486363e-16,4.3411488262904825e-16,4.477353861228747e-16,4.66742586777046e-16,2.528013040603905e-10,-9.889225269488594e-14,4.59401110763614e-16,4.507301757313353e-16,-9.909854273964113e-14,-9.89693076747647e-14,4.3492215353223335e-16,4.418338289957788e-16,4.745352727409207e-16,4.461474613237126e-16,5.085849491384472e-16,4.613434255705401e-16,4.531967967201163e-16,-1.950615159836427e-10
0.9999999993299388,-1.0275357021406058e-13,0.9999999985693814,-1.0670857160965759e-13,-8.518437276053533e-14,-5.904226899137838e-14,-5.924795480132241e-14,0.9999999985693843,0.9999999986619,-7.486693760886715e-14,-6.670625312647879e-14,1.8758378087991172e-10,-4.928173385032116e-14,-6.670725106883703e-14,-1.0311329488500692e-10,-5.924675779638872e-14,-1.027564922605555e-13,-9.650357552775325e-14,-9.650950785637383e-14,-5.92479358886203e-14,-9.889225269488594e-14,0.9999999989138371,-7.874262300806675e-14,-5.199528077048286e-14,0.9999999985693838,0.9999999986325185,-1.0275555656555578e-13,-1.0478982561653324e-13,-4.846734462135043e-14,-8.51722672250225e-14,-2.6970079812761752e-14,-7.040285085655897e-14,-7.486758311801265e-14,0.9999999987691973
1.1061846503695977e-10,4.582896122813012e-16,-7.899787787047528e-14,9.23079735732385e-13,4.680926239334917e-16,4.909539683491172e-16,4.842641831077838e-16,-7.899753034616194e-14,-7.874227266060393e-14,4.729598498100831e-16,4.718491052248465e-16,2.2913179310294653e-12,5.042684738761694e-16,4.717184600946307e-16,7.877920374449301e-16,4.846637673027784e-16,4.582896122813012e-16,4.573451854378888e-16,4.678732174437087e-16,4.843566699900921e-16,4.59401110763614e-16,-7.874262300806675e-14,2.528828597994772e-10,9.341733627203753e-13,-7.899753034616194e-14,-7.884203998272951e-14,4.582896122902842e-16,4.64121929895434e-16,4.911133472646767e-16,4.66998453465585e-16,1.030104918843067e-12,4.799967785441602e-16,4.728820250723348e-16,-1.54615184656996e-10
1.6516958211230268e-10,4.503150376259253e-16,-5.223180366730941e-14,4.576315725492993e-16,4.611501014041703e-16,9.620045594928456e-13,4.783681720239544e-16,-5.223180366730941e-14,-5.199497807650623e-14,4.659401525988906e-16,4.651676144866898e-16,1.1524492181132993e-15,4.999198402565723e-16,4.65246956922096e-16,7.813289000403874e-16,4.783511022154486e-16,4.501089289174378e-16,4.491045033128852e-16,4.615228902825994e-16,4.783681720239544e-16,4.507301757313353e-16,-5.199528077048286e-14,9.341733627203753e-13,2.5285774967701823e-10,-5.223272476397145e-14,-5.208706890862052e-14,4.501089289174378e-16,4.562357386754665e-16,4.862040995453256e-16,4.596065818331777e-16,1.023549692256606e-12,4.739578464130698e-16,4.658475508639243e-16,-1.0175883729120819e-10
0.9999999992081414,-1.029570777690813e-13,0.9999999984765757,-1.0693464807561362e-13,-8.541411837256363e-14,-5.932351333158207e-14,-5.951420599281184e-14,0.9999999984765786,0.9999999985693814,-7.510939849672904e-14,-6.694572842133551e-14,9.377367305392732e-14,-4.959460753119559e-14,-6.694652732591345e-14,-5.250007818462925e-14,-5.951428395415627e-14,-1.0296003431036501e-13,-9.670588827156872e-14,-9.674168312697907e-14,-5.951466109547665e-14,-9.909854273964113e-14,0.9999999985693838,-7.899753034616194e-14,-5.223272476397145e-14,0.9999999987285142,0.9999999985398415,-1.0295997231864594e-13,-1.0500708525409922e-13,-4.875064937905314e-14,-8.540375768043015e-14,-2.7316837445209e-14,-7.06603405808679e-14,-7.510996798519148e-14,0.9999999986789132
0.999999999287243,-1.0282965402019224e-13,0.9999999985398392,-1.0679507496640795e-13,-8.52720865733325e-14,-5.915369712013003e-14,-5.935240888886684e-14,0.9999999985398415,0.999999998632517,-7.496102508917156e-14,-6.679877233683282e-14,1.869077315368503e-10,-4.940741150302144e-14,-6.679984259499468e-14,-5.220381040416361e-14,-5.935170286377138e-14,-1.0283210143159754e-13,-9.657924260974749e-14,-9.659833375546362e-14,-5.935293599147126e-14,-9.89693076747647e-14,0.9999999986325185,-7.884203998272951e-14,-5.208706890862052e-14,0.9999999985398415,0.9999999988549864,-1.0283185677152804e-13,-1.0487206105671511e-13,-4.857969286324171e-14,-8.526135791755638e-14,-2.711131422748685e-14,-7.0502867367724e-14,-7.496141215771827e-14,0.9999999987409336
6.723604400657918e-11,4.335938216845551e-16,-1.0295946097387941e-13,4.441618336215532e-16,4.467729512595441e-16,4.733417140341904e-16,4.659054481363245e-16,-1.0295997231864594e-13,-1.0275555656604232e-13,4.526703037891922e-16,4.510635843810198e-16,1.1420056411913074e-15,4.904700731371725e-16,4.510635825618917e-16,7.679003918631611e-16,4.660160585009407e-16,4.335938216845551e-16,4.3265884461850733e-16,4.471175965045443e-16,4.659054481363245e-16,4.3492215353223335e-16,-1.0275555656555578e-13,4.582896122902842e-16,4.501089289174378e-16,-1.0295997231864594e-13,-1.0283185677152804e-13,2.527970603839531e-10,4.412313026507415e-16,4.74451922256603e-16,4.457378501488059e-16,5.085925444185093e-16,4.605067732386049e-16,4.527603270517717e-16,-2.0275232727194734e-10
6.212802086335817e-11,4.411298999566713e-16,-1.0500651021596319e-13,4.507409602459234e-16,4.538606047197681e-16,9.49917252934454e-13,4.714748902503143e-16,-1.0500708525317547e-13,-1.0478982561653324e-13,4.584725632180159e-16,4.578993321524712e-16,1.1478448051671404e-15,4.946412798111938e-16,4.575559434249331e-16,7.748836089521137e-16,4.714748902503143e-16,4.4156157192747166e-16,4.4060266783110875e-16,4.538133160130771e-16,4.711573520788302e-16,4.418338289957788e-16,-1.0478982561653324e-13,4.64121929895434e-16,4.562357386754665e-16,-1.0500708525409922e-13,-1.0487206105671511e-13,4.412313026507415e-16,2.528266324690957e-10,4.801844408737862e-16,4.519672728008186e-16,5.124594542028431e-16,4.670475555702991e-16,4.584725631540764e-16,-2.0664215849714701e-10
1.6877312186919494e-10,4.744519237874864e-16,-4.8750235547937196e-14,4.80971237992762e-16,4.842258700629301e-16,5.03217401799392e-16,4.973642880754343e-16,-4.875064937905314e-14,-4.846710822048396e-14,4.877012699521521e-16,9.64640660149486e-13,1.1728671680514185e-15,1.0227986602643728e-12,9.646406601487898e-13,8.044100782757922e-16,4.976718176353134e-16,4.74451922256603e-16,4.733562851269011e-16,4.827738855122869e-16,4.976718170977296e-16,4.745352727409207e-16,-4.846734462135043e-14,4.911133472646767e-16,4.862040995453256e-16,-4.875064937905314e-14,-4.857969286324171e-14,4.74451922256603e-16,4.801844408737862e-16,2.52936951604193e-10,4.814582101252319e-16,5.289212482345116e-16,4.932443607512436e-16,4.872067117224964e-16,-9.430706102989146e-11
9.956133672280779e-11,4.457378501488059e-16,-8.540367729218837e-14,4.539447145017744e-16,4.572405284144967e-16,4.810087504718357e-16,4.737559446054107e-16,-8.540375768043015e-14,-8.51722672250225e-14,4.61596617501965e-16,4.605771044506258e-16,2.2684374748895566e-12,4.961153384391615e-16,4.605771044227055e-16,7.753529990987468e-16,4.737559446054107e-16,4.459439306678618e-16,4.438995104529872e-16,9.056349760257353e-13,4.737559446054107e-16,4.461474613237126e-16,-8.51722672250225e-14,4.66998453465585e-16,4.596065818331777e-16,-8.540375768043015e-14,-8.526135791755638e-14,4.457378501488059e-16,4.519672728008186e-16,4.814582101252319e-16,2.528423735607321e-10,1.0159666088208717e-12,4.688553485140683e-16,4.617368976479741e-16,-1.6759795528951092e-10
2.0694571136002833e-10,5.085925402463938e-16,-2.7316837445209e-14,5.123299009084963e-16,1.0208196461699951e-12,1.0490787137029864e-12,5.252221113105242e-16,-2.7316878620149427e-14,-2.697008707108435e-14,5.168019607351191e-16,5.166565495354891e-16,1.204059029004897e-15,5.387253443396358e-16,5.166565518774739e-16,8.38088230173023e-16,5.249555989828348e-16,5.085925461218618e-16,1.00651280537081e-12,5.142113960098882e-16,5.252221117174639e-16,5.085849491384472e-16,-2.6970079812761752e-14,1.030104918843067e-12,1.023549692256606e-12,-2.7316837445209e-14,-2.711131422748685e-14,5.085925444185093e-16,5.124594542028431e-16,5.289212482345116e-16,1.0159666088208717e-12,2.5302516315671287e-10,1.0344164693325502e-12,5.170996786648128e-16,-5.106322322555161e-11
1.2715287045046362e-10,4.605067732387365e-16,-7.065965681391409e-14,4.681391115481608e-16,9.339360272642598e-13,9.77198698903138e-13,4.865505838140032e-16,-7.06603405808679e-14,-7.040328007014459e-14,4.752670485914077e-16,4.740413455995607e-16,1.1602892009777173e-15,5.06602048594654e-16,4.741554544373026e-16,7.915269037231021e-16,4.865505815301133e-16,4.605067732386049e-16,4.598594588612778e-16,4.709739940337519e-16,4.865505846366515e-16,4.613434255705401e-16,-7.040285085655897e-14,4.799967785441602e-16,4.739578464130698e-16,-7.06603405808679e-14,-7.0502867367724e-14,4.605067732386049e-16,4.670475555702991e-16,4.932443607512436e-16,4.688553485140683e-16,1.0344164693325502e-12,2.5289269264718076e-10,4.749842701440258e-16,-1.3805819828206189e-10
1.1931400427816888e-10,4.526703037894939e-16,-7.510996798519148e-14,4.600587191569081e-16,4.634170789452607e-16,4.864442581191393e-16,4.799547501748392e-16,-7.510989005533448e-14,-7.486758311808487e-14,9.279135508483915e-13,4.671559984469521e-16,1.1525417279988933e-15,5.014220901317334e-16,4.671559984469521e-16,1.552624106582274e-12,4.793931889740708e-16,4.524743490550325e-16,4.50869283866866e-16,4.63304328452926e-16,4.79932600408277e-16,4.531967967201163e-16,-7.486758311801265e-14,4.728820250723348e-16,4.658475508639243e-16,-7.510996798519148e-14,-7.496141215771827e-14,4.527603270517717e-16,4.584725631540764e-16,4.872067117224964e-16,4.617368976479741e-16,5.170996786648128e-16,4.749842701440258e-16,2.528663234478866e-10,-1.4705429286895201e-10
0.9999999995822076,-2.0274748392369054e-10,0.9999999986789115,-2.1035380008549387e-10,-1.6764125183787563e-10,-1.1529736111806342e-10,-1.1585155860675337e-10,0.9999999986789136,0.9999999987691958,-1.470532720463334e-10,-1.3090886446544704e-10,1.9352662546557554e-10,-9.563604609146566e-11,-1.3091041830347252e-10,-9.978853765418945e-11,-1.1584998896121211e-10,-2.0275269799705058e-10,-1.9036206161361116e-10,-1.9006683296239251e-10,-1.1585190361497718e-10,-1.950615159836427e-10,0.9999999987691973,-1.54615184656996e-10,-1.0175883729120819e-10,0.9999999986789132,0.9999999987409336,-2.0275232727194734e-10,-2.0664215849714701e-10,-9.430706102989146e-11,-1.6759795528951092e-10,-5.106322322555161e-11,-1.3805819828206189e-10,-1.4705429286895201e-10,0.9999999991143823
