0.99999999997341,-3.4713258388863e-09,-3.4772897090669136e-09,-3.4772874322091414e-09,-3.673698573600162e-09,1.0000000218771452,1.000000011022879,-2.590200307338892e-09,1.0000000106053106,1.0000000218771463,0.9999999910531876,-3.608316173881832e-09,0.9999999873944888,1.0000000218771459,-3.4672358794500696e-09,2.185938950283997e-09,-3.103453587177439e-09,1.0000000200372734,1.000000018767442,-3.4772908205430677e-09,-6.082933869280782e-09,0.9999999873944894,-2.4143788611773306e-10,2.0193608298908976e-08,1.0000000181496258,-2.734270535062684e-09,-2.868353109517244e-09,-3.4772874324220337e-09,-4.450690006574718e-09,-2.825826919793368e-09,0.9999999882874387,1.000000021877144,-3.4672357035202453e-09,-2.5251932244611078e-09,1.0000000218771459,1.000000021877144,0.9999999873944895,0.999999987394491,1.0000000167999579,1.000000021877147,1.0000000084608418,0.9999999882874399,0.9999999873944914,0.9999999874900989,-3.4772888412741107e-09,0.9999999873944913,-3.477289871943836e-09,1.0000000224910899,-3.4772872320589853e-09,-4.080372779455796e-09,8.585945754036478e-09,1.0000000218771443,1.0000000167999579,-1.988461512693638e-09,-2.628199477376108e-09,1.0000000504416717,-3.365187860944841e-09,-2.402449868249133e-09,1.0000000165219123,1.0000000167033734,1.0000000174290726,0.9999999873944913,1.000000009670599,1.0000000181496276,-3.477287287045469e-09,-2.187725536725923e-09,-2.5251919050880817e-09,-3.477288841287336e-09,1.0000000316395798,-2.525195343780295e-09,-2.525191568502081e-09,-8.75355532188312e-09,1.0000000218771432,1.0000000218771459,0.9999999910531866,-4.868168978911325e-09,-3.994571880182697e-09,1.0000000174290737,-5.030013043695959e-09,1.0000000217675502,1.0000000218771443,-2.788088200357187e-09,0.999999991053188,0.9999999873944899,1.0000000335566983,-4.797431826219009e-09,0.999999987394489,-3.477288312228632e-09,-3.614491096343825e-09,1.0000000218771448
-3.4713258388863e-09,-2.237090991838392e-08,-3.9972375477799924e-14,-3.9972471148143177e-14,4.173355678917373e-13,-5.9669622505701475e-15,-2.9555856386767016e-10,1.0468471930118751e-13,-1.6721850637383533e-10,-5.966964183955055e-15,-1.1232889721376792e-10,-7.081453776794573e-14,-1.4280621924119461e-10,-5.966961806653221e-15,-3.00522067368045e-10,3.7974139860014216e-14,-1.9819622786295335e-13,-6.145251893434106e-14,1.0896712398732402e-13,-3.9972404315572624e-14,-6.685777422508627e-13,-1.4280621924129051e-10,-1.990692874694586e-09,-1.1037178524164622e-10,1.3956574769613637e-13,9.193696968816477e-14,-2.6625465544925835e-14,-3.997239016722391e-14,-1.9546315291657025e-10,-1.6222109651001147e-13,-1.2948848437890785e-10,-5.966962679203412e-15,-3.0052206736803385e-10,-2.7651011775290748e-14,-5.966962664136913e-15,-5.9669618076538006e-15,-1.4280621924127953e-10,-1.4280621924132947e-10,-1.6369415195000432e-10,-5.96696208825917e-15,-4.2527119420550767e-10,-1.2948848437882795e-10,-1.4280621924135144e-10,-1.8105860994031577e-10,-3.997240057892066e-14,-1.4280621924125257e-10,-3.9972453571043856e-14,1.1850116572991175e-14,-3.9972417075349986e-14,6.712771443043194e-13,-2.126994036610327e-10,-5.9669621190414305e-15,-1.6369415194994937e-10,4.533968204415428e-13,8.18058141536625e-14,-2.796746047723222e-10,7.596118319655428e-11,2.1242942075726122e-13,1.9193969831972187e-13,1.533064864120533e-13,1.756079833806107e-13,-1.4280621924127454e-10,-1.9311559979205933e-10,1.3956591390001883e-13,-3.997242969868231e-14,1.2460262139015515e-13,-2.7650915598447957e-14,-3.997239707656228e-14,-5.453860477154006e-10,-2.7650864127547913e-14,-2.7650915598447957e-14,8.935899837558925e-11,-5.966963488548132e-15,-5.96696186192447e-15,-1.1232889721393472e-10,1.5816841073164162e-10,-5.231706191765252e-14,1.7560807613739018e-13,7.6650069100721e-13,9.43816128464734e-14,-5.966960680900932e-15,1.889449368058721e-13,-1.1232889721370899e-10,-1.4280621924127454e-10,-8.963679445939965e-10,2.898393511425787e-10,-1.428062192412266e-10,-3.997243888807151e-14,-5.489044254546158e-11,-5.966962093801637e-15
-3.4772897090669136e-09,-3.9972375477799924e-14,-2.0796059433973898e-08,-3.279099786009759e-11,4.609685853274945e-12,-6.842038216081662e-14,-1.7660476074925345e-10,-2.312587186152272e-15,-1.7406884498997134e-10,-6.842035895015631e-14,-1.835041461842247e-10,3.0358082059245085e-15,-1.8543398366682201e-10,-6.84203728933577e-14,-2.2680993061348142e-11,7.054623549252901e-14,3.5891423847511276e-11,-6.765067677565253e-14,-6.09615345865965e-14,-3.279099786004784e-11,3.2942596710014557e-14,-1.85433983666899e-10,-3.3642602113688615e-14,1.0536512586013423e-11,-2.6425029938751185e-14,-4.739788190732298e-15,-1.7333721244896632e-15,-3.2790997860044225e-11,-1.2546109065901813e-11,9.901517609137853e-15,-1.8179152021183943e-10,-6.842035945636422e-14,-2.268099306133974e-11,-2.0647131014673738e-15,-6.842037151892956e-14,-6.842036819608263e-14,-1.854339836669426e-10,-1.8543398366698057e-10,-1.7180674097765025e-10,-6.842036626905048e-14,-1.479322467866686e-10,-1.8179152021180414e-10,-1.8543398366697721e-10,-1.84309124563901e-10,-3.279099786006381e-11,-1.8543398366691877e-10,-3.2790997860055476e-11,-6.519161974609007e-14,-3.279099786008612e-11,1.0837440897839942e-13,-2.1081472854730667e-11,-6.842039493617311e-14,-1.718067409776347e-10,-2.4689896582604153e-14,-5.667543524215677e-15,-5.2657061788977517e-14,4.011513121898436e-15,-3.200926619895653e-15,-5.2199139874668346e-14,-5.491541857283365e-14,-5.477500941721646e-14,-1.85433983666922e-10,-1.498569517597266e-10,-2.642501815216559e-14,-3.2790997860061175e-11,4.983829264264467e-15,-2.0646944950756088e-15,-3.279099786005999e-11,-6.520905590425752e-14,-2.064650270407187e-15,-2.0646985389406447e-15,-2.978934931308754e-11,-6.842035895015409e-14,-6.842037366393702e-14,-1.8350414618437198e-10,2.59423510720306e-14,5.551482309234559e-15,-5.477500941296214e-14,-4.68379294750986e-14,-7.754783793085923e-14,-6.842034367841809e-14,3.826965068212799e-15,-1.8350414618416738e-10,-1.8543398366692298e-10,-6.106541112293158e-14,2.0042082717504618e-14,-1.8543398366690284e-10,-3.279099786005543e-11,-2.9898320097508894e-12,-6.84203528840726e-14
-3.4772874322091414e-09,-3.9972471148143177e-14,-3.279099786009759e-11,-2.0796059433973898e-08,4.609685853174733e-12,-6.841974596063298e-14,-1.766034948509204e-10,-2.312597509944325e-15,-1.7406757909163644e-10,-6.841970891351863e-14,-1.835028802862162e-10,3.0358150216741705e-15,-1.8543271776890616e-10,-6.8419751643573e-14,-2.2680993061484533e-11,7.054608594196947e-14,3.58914238474032e-11,-6.765004100208506e-14,-6.096087299657331e-14,-3.279099786014981e-11,3.294256462365379e-14,-1.8543271776896342e-10,-3.364254794137745e-14,1.0536512585888966e-11,-2.6424449765335186e-14,-4.7397556130925315e-15,-1.7333720651351327e-15,-3.279099786014632e-11,-1.2546109066040372e-11,9.901488787465493e-15,-1.8179025431386368e-10,-6.841975164353816e-14,-2.2680993061476284e-11,-2.064634824874817e-15,-6.841972564812583e-14,-6.841973384775556e-14,-1.8543271776898172e-10,-1.8543271776904578e-10,-1.7180547507929726e-10,-6.841972586918566e-14,-1.4793098088834705e-10,-1.8179025431385182e-10,-1.8543271776905917e-10,-1.843078586659426e-10,-3.2790997860165794e-11,-1.8543271776896373e-10,-3.279099786015719e-11,-6.519098302376298e-14,-3.279099786018765e-11,1.0837439494796215e-13,-2.1081472854877763e-11,-6.84197105356539e-14,-1.718054750792775e-10,-2.4689722190821048e-14,-5.667490808990928e-15,-5.265637702689549e-14,4.011537234023163e-15,-3.2009215407659962e-15,-5.2198469803452035e-14,-5.4914694383840143e-14,-5.477428403290589e-14,-1.8543271776896112e-10,-1.4985568586141764e-10,-2.6424449765335186e-14,-3.279099786016302e-11,4.983829259891361e-15,-2.0646985391452247e-15,-3.279099786016194e-11,-6.520843598073661e-14,-2.0646985406054315e-15,-2.0647131011547e-15,-2.978934931321615e-11,-6.841973661662568e-14,-6.841973661662568e-14,-1.8350288028638647e-10,2.5942290607676284e-14,5.551495146685116e-15,-5.477432366351612e-14,-4.6838061536911784e-14,-7.75472006261774e-14,-6.841970988442008e-14,3.826965215815687e-15,-1.8350288028613844e-10,-1.8543271776894496e-10,-6.106480500068873e-14,2.004205720089369e-14,-1.8543271776894556e-10,-3.2790997860157464e-11,-2.9898320099194416e-12,-6.841974238857581e-14
-3.673698573600162e-09,4.173355678917373e-13,4.609685853274945e-12,4.609685853174733e-12,-2.145247492536281e-08,-1.8633091859581556e-13,-3.5403951485345643e-10,1.306292252856759e-13,-3.630035176732145e-10,-1.8633090816181707e-13,-4.0351586067831564e-10,1.316375526333422e-13,-3.931985546430854e-10,-1.863309427032646e-13,1.3140060994711117e-10,-4.2097191980297345e-10,2.2789766491876253e-13,-1.4441569958562679e-13,-1.995841221918782e-13,4.609685853226838e-12,-3.2298355756866326e-13,-3.931985546431199e-10,5.373960075688765e-13,-2.6110765870262135e-10,-3.1316613507554227e-13,1.5005192711355375e-13,-5.889663300648383e-14,4.6096858532245346e-12,1.2725800549375893e-10,9.954878604155469e-11,-3.6957747344079536e-10,-1.8633092973101494e-13,1.3140060994712096e-10,-6.198185445141071e-14,-1.8633092030686233e-13,-1.863308973567769e-13,-3.9319855464314174e-10,-3.931985546431978e-10,-4.716459947483241e-10,-1.8633089543980156e-13,-5.896766829553136e-10,-3.695774734407809e-10,-3.931985546431764e-10,-4.1187289504969393e-10,4.609685853205031e-12,-3.931985546431602e-10,4.609685853216864e-12,-1.8040962828014425e-13,4.6096858531825325e-12,-7.681897457335132e-10,9.890854355544608e-11,-1.8633089627926384e-13,-4.716459947482633e-10,-8.362031832075084e-10,3.317453259500387e-10,-1.2775890487328094e-13,5.302432223627306e-14,1.7346625894073387e-13,-2.5367179652402126e-13,-2.4208449610306937e-13,-2.49883386977051e-13,-3.931985546431663e-10,-7.421617229795199e-10,-3.1316614149266295e-13,4.609685853208797e-12,6.371142452317058e-14,-6.198185445140821e-14,4.609685853209198e-12,1.305391562950663e-13,-6.198200484921011e-14,-6.198200779672396e-14,2.1345866570582973e-10,-1.8633092030686453e-13,-1.8633090047405102e-13,-4.035158606785011e-10,-1.2185496051736618e-13,2.14647690359856e-13,-2.49883414372444e-13,5.519821796219987e-13,-2.0832542745059506e-13,-1.8633089544118665e-13,1.2358887886148927e-13,-4.035158606782542e-10,-3.931985546431007e-10,5.2712957121741806e-15,-6.164796740162678e-14,-3.9319855464310343e-10,4.609685853214821e-12,5.140051204196215e-11,-1.863308962763805e-13
1.0000000218771452,-5.9669622505701475e-15,-6.842038216081662e-14,-6.841974596063298e-14,-1.8633091859581556e-13,1.0000000513225475,1.0000000610790492,3.3983196082455274e-13,1.0000000606872919,1.0000000720858417,1.0000000408658976,-1.6465839169605168e-13,1.000000037169968,1.0000000720858417,-7.352410963069252e-15,2.792170736188799e-12,1.3403803428698958e-13,1.0000000702118923,1.0000000689463766,-6.841990628788758e-14,-1.4239315847185887e-12,1.0000000371699689,1.6047472956361318e-12,1.188549479552604e-11,1.0000000688998711,2.798121091085072e-13,1.5853422941651873e-13,-6.841977175136862e-14,-5.004469274786758e-13,2.3209313524969075e-13,1.000000038092453,1.0000000720858413,-7.352557952248247e-15,3.289402387069619e-13,1.0000000720858413,1.000000072085841,1.0000000371699678,1.0000000371699693,1.00000006687945,1.0000000720858422,1.000000058554415,1.0000000380924523,1.0000000371699693,1.0000000372576374,-6.841995289122666e-14,1.0000000371699693,-6.842000615660718e-14,1.0000000727446932,-6.842012479252955e-14,-3.778862420340081e-13,6.0824552900259325e-12,1.0000000720858417,1.0000000668794489,5.802190503897576e-13,3.272403072061949e-13,1.0000001012897475,-4.137459748707817e-14,4.43456155110194e-13,1.0000000668013869,1.0000000669511466,1.0000000676889322,1.000000037169968,1.0000000596996563,1.0000000688998718,-6.841997209036424e-14,5.446205829069478e-13,3.2894033537644415e-13,-6.84199236536541e-14,1.0000000823167037,3.2893970183741163e-13,3.2894042478619376e-13,-2.659060984279095e-12,1.0000000720858406,1.0000000720858417,1.0000000408658969,-7.449524194118309e-13,-3.204154959703521e-13,1.0000000676889311,-8.406546004074031e-13,1.0000000718054418,1.0000000720858429,2.804940394942398e-13,1.0000000408658969,1.0000000371699695,1.0000000842128078,-7.080129898908021e-13,1.000000037169968,-6.841996099914932e-14,-2.078172205417767e-14,1.0000000720858409
1.000000011022879,-2.9555856386767016e-10,-1.7660476074925345e-10,-1.766034948509204e-10,-3.5403951485345643e-10,1.0000000610790492,1.0000000292646711,3.448986318764113e-13,1.0000000496298855,1.00000006107905,1.0000000298747325,-1.4006948108179038e-13,1.0000000261770374,1.00000006107905,-5.792117650463399e-11,5.681945289993797e-09,2.2570193072673346e-10,1.000000059211746,1.0000000579518993,-1.7660386514687493e-10,-1.3641492241649133e-12,1.0000000261770374,2.951732611729105e-09,2.367223723433769e-08,1.0000000578455306,2.869879631727893e-13,1.3275427302306477e-13,-1.7660360658491186e-10,-1.0352081517607044e-09,2.507742802676713e-13,1.000000027103408,1.0000000610790503,-5.792142450569681e-11,3.0264471018391125e-13,1.0000000610790503,1.0000000610790492,1.0000000261770372,1.0000000261770376,1.0000000558206006,1.0000000610790492,1.0000000475158408,1.000000027103407,1.0000000261770376,1.000000026268776,-1.7660396333731775e-10,1.000000026177037,-1.7660404235641626e-10,1.0000000617440705,-1.7660426152553505e-10,-6.559216114308628e-10,1.2077807807962674e-08,1.0000000610790496,1.000000055820599,1.3014257127376759e-09,3.291152005973779e-13,1.0000000901075452,-3.0515637259872815e-15,4.519165724522501e-13,1.0000000557876874,1.0000000559521471,1.0000000566867642,1.0000000261770374,1.0000000486833156,1.000000057845531,-1.7660402400255553e-10,5.506652005869859e-13,3.026448007604913e-13,-1.7660392272082224e-10,1.0000000711487986,3.0264417252931006e-13,3.0264492664702487e-13,-5.405266451618532e-09,1.000000061079049,1.0000000610790507,1.0000000298747318,-7.102162770722414e-13,-5.686153388230877e-10,1.0000000566867635,-1.6524543496584608e-09,1.000000060830663,1.00000006107905,2.927933833070369e-13,1.0000000298747318,1.0000000261770374,1.0000000730542697,-6.686308259899102e-13,1.0000000261770374,-1.766040437678241e-10,-8.20274870424056e-11,1.0000000610790487
-2.590200307338892e-09,1.0468471930118751e-13,-2.312587186152272e-15,-2.312597509944325e-15,1.306292252856759e-13,3.3983196082455274e-13,3.448986318764113e-13,-2.0860076743732866e-08,3.6113384354885213e-13,3.398319684831268e-13,6.642382367555201e-10,-1.899239898139274e-10,6.559223793704402e-10,3.398319655406528e-13,-4.16317843149636e-11,-1.5258064499774858e-10,-2.072053396368207e-10,3.069753875074367e-13,3.4053372693813294e-13,-2.3125931531957e-15,-8.690581513324846e-14,6.559223793703955e-10,1.5552256570650436e-15,3.3637843368820405e-14,4.2459863659660654e-13,-1.3187844763165885e-10,3.263927304788649e-14,-2.312597326958879e-15,-3.875709458911924e-11,-1.0931137473734642e-10,6.48142743958349e-10,3.398319810166913e-13,-4.163178431495747e-11,3.2675117468230064e-14,3.3983198367314584e-13,3.398319621322673e-13,6.55922379370382e-10,6.559223793703466e-10,3.768400094672028e-13,3.3983200300577353e-13,3.716789099336237e-13,6.481427439583891e-10,6.559223793703717e-10,6.50731469270598e-10,-2.3125949973065846e-15,6.559223793703769e-10,-2.3126053502748663e-15,3.3830405016107656e-13,-2.3125931575066716e-15,-7.564216088663707e-14,1.4076769101656066e-11,3.3983198181339715e-13,3.768399870702937e-13,2.5053150340298055e-13,-1.0761578828792568e-10,4.7096663650087e-13,-1.882659112864974e-10,-1.0177706634010448e-10,3.9011210720031293e-13,3.6368435075340403e-13,3.742427632939436e-13,6.559223793703851e-10,3.96308675170188e-13,4.2459870245308997e-13,-2.3126051841015703e-15,1.0493603240196617e-11,3.267513782492231e-14,-2.312593157506081e-15,3.3811965997775217e-13,3.26751174675353e-14,3.2675230487106084e-14,4.3810473147941745e-14,3.398319883466261e-13,3.398319921809208e-13,6.642382367553476e-10,1.024908439858516e-11,-2.9115596793054837e-10,3.7424276067923104e-13,-2.095179302630609e-13,7.133836046553618e-10,3.3983197636960845e-13,-7.01713539070498e-11,6.642382367555381e-10,6.559223793703604e-10,3.638615436824453e-13,-5.398855898716392e-11,6.559223793704148e-10,-2.3125572157256064e-15,6.5173909639635375e-12,3.3983196554064474e-13
1.0000000106053106,-1.6721850637383533e-10,-1.7406884498997134e-10,-1.7406757909163644e-10,-3.630035176732145e-10,1.0000000606872919,1.0000000496298855,3.6113384354885213e-13,1.000000028481182,1.0000000606872925,1.0000000294742584,-1.4044946485391615e-13,1.000000025773689,1.0000000606872934,-5.6863615999878344e-11,5.5923904760801876e-09,1.2460322400983806e-13,1.0000000588181663,1.000000057572071,-1.7406794938752191e-10,-1.463587149909643e-12,1.000000025773689,3.0613768568086116e-09,2.36484738635241e-08,1.0000000574459125,3.025976048172878e-13,1.1573140751215956e-13,-1.7406769082570934e-10,-1.0251698578691138e-09,2.413942796567824e-13,1.0000000267067215,1.0000000606872925,-5.6863864000962146e-11,2.8461463809077345e-13,1.0000000606872923,1.000000060687293,1.0000000257736885,1.000000025773689,1.0000000554236539,1.000000060687293,1.0000000470871677,1.0000000267067206,1.000000025773689,1.0000000258595934,-1.7406804757800746e-10,1.0000000257736883,-1.740681265971298e-10,1.0000000613592033,-1.7406834576626827e-10,-7.188403280279077e-10,1.208595043449964e-08,1.0000000606872936,1.0000000554236521,1.2888536219336078e-09,3.48845734298085e-13,1.0000000897677987,-1.1988830603410372e-14,4.806150126010986e-13,1.0000000554144506,1.0000000555681277,1.0000000563061933,1.000000025773689,1.0000000482450697,1.0000000574459125,-1.7406810824331228e-10,5.674776349359936e-13,2.8461468990836636e-13,-1.740680069614937e-10,1.0000000708283152,2.846140676126226e-13,2.846148496157868e-13,-5.331852522330573e-09,1.0000000606872923,1.0000000606872925,1.000000029474256,-7.224312854331306e-13,-5.673541716689175e-10,1.0000000563061917,-1.501238004641201e-09,1.0000000604372303,1.0000000606872939,3.18581004164019e-13,1.0000000294742566,1.0000000257736896,1.0000000726889624,-6.74746682884427e-13,1.000000025773689,-1.740681280085538e-10,-7.162687620369026e-11,1.0000000606872925
1.0000000218771463,-5.966964183955055e-15,-6.842035895015631e-14,-6.841970891351863e-14,-1.8633090816181707e-13,1.0000000720858417,1.00000006107905,3.398319684831268e-13,1.0000000606872925,1.0000000513225473,1.0000000408658976,-1.6465836049710013e-13,1.00000003716997,1.0000000720858422,-7.35240606464494e-15,2.7921706417412036e-12,1.340380189291294e-13,1.0000000702118919,1.0000000689463782,-6.841991523391606e-14,-1.423931577800723e-12,1.0000000371699698,1.6047473365472183e-12,1.1885494777542708e-11,1.0000000688998727,2.7981207664559796e-13,1.5853428723565676e-13,-6.841979982923052e-14,-5.004469259409707e-13,2.32093135077813e-13,1.0000000380924545,1.0000000720858422,-7.352522689650109e-15,3.2894027446679714e-13,1.0000000720858422,1.0000000720858422,1.0000000371699693,1.0000000371699702,1.0000000668794509,1.0000000720858424,1.0000000585544155,1.0000000380924534,1.0000000371699702,1.0000000372576388,-6.841995289581153e-14,1.00000003716997,-6.842001317022768e-14,1.0000000727446947,-6.842010069193099e-14,-3.7788625689815915e-13,6.082455357511613e-12,1.0000000720858424,1.0000000668794498,5.802190270362264e-13,3.2724028610326357e-13,1.0000001012897466,-4.137459754181156e-14,4.434561479247203e-13,1.0000000668013875,1.0000000669511473,1.000000067688933,1.00000003716997,1.0000000596996574,1.0000000688998731,-6.841998651216287e-14,5.446205677047458e-13,3.289403200420924e-13,-6.841993762031655e-14,1.0000000823167046,3.289397018388706e-13,3.2894040936901636e-13,-2.6590610009102266e-12,1.000000072085842,1.0000000720858426,1.0000000408658969,-7.449524082270005e-13,-3.2041548905384074e-13,1.00000006768893,-8.406546019498127e-13,1.0000000718054427,1.0000000720858426,2.8049404206802255e-13,1.000000040865897,1.0000000371699709,1.0000000842128092,-7.080129842815914e-13,1.0000000371699702,-6.841998835645212e-14,-2.0781826926247646e-14,1.0000000720858422
0.9999999910531876,-1.1232889721376792e-10,-1.835041461842247e-10,-1.835028802862162e-10,-4.0351586067831564e-10,1.0000000408658976,1.0000000298747325,6.642382367555201e-10,1.0000000294742584,1.0000000408658976,0.9999999889687595,-3.293691475974673e-10,1.0000000060437488,1.0000000408658982,-6.201261892418629e-11,5.569436353558032e-09,1.1043000610288012e-13,1.0000000390003603,1.0000000377321494,-1.8350325058209745e-10,-2.8141688028367394e-09,1.0000000060437493,3.1120075764785807e-09,2.3639327068117578e-08,1.0000000375570923,5.436076854046181e-10,1.4507502599876264e-13,-1.835029920201831e-10,-1.0456428351794203e-09,4.61729164754078e-10,1.0000000069605777,1.0000000408658982,-6.201286692520467e-11,3.1546570084551375e-13,1.0000000408658982,1.0000000408658982,1.0000000060437493,1.0000000060437488,1.0000000356669143,1.000000040865898,1.0000000273437732,1.000000006960578,1.00000000604375,1.0000000061344734,-1.835033487725017e-10,1.0000000060437488,-1.8350342779167263e-10,1.0000000415168382,-1.8350364696081163e-10,-7.972643139169184e-10,1.2075188310366361e-08,1.0000000408658982,1.0000000356669132,1.2202845199491533e-09,6.370589117506311e-10,1.0000000698957896,-7.879229847959093e-11,8.695944722464394e-10,1.0000000355618628,1.000000035722111,1.0000000364566113,1.0000000060437488,1.0000000285085524,1.0000000375570925,-1.8350340943778088e-10,1.076149576432714e-09,3.154657806900017e-13,-1.8350330815598776e-10,1.000000050962588,3.1546514772599885e-13,3.1546592122825264e-13,-5.3792565565372006e-09,1.0000000408658976,1.0000000408658987,1.0000000097320514,-1.4879019662915782e-09,-6.396236850304387e-10,1.0000000364566093,-1.7204045455250749e-09,1.000000040643089,1.0000000408658993,5.435261558655814e-10,1.000000009732052,1.0000000060437488,1.0000000528714212,-1.4146406026869901e-09,1.0000000060437488,-1.835034292030615e-10,-9.770487990717763e-11,1.0000000408658976
-3.608316173881832e-09,-7.081453776794573e-14,3.0358082059245085e-15,3.0358150216741705e-15,1.316375526333422e-13,-1.6465839169605168e-13,-1.4006948108179038e-13,-1.899239898139274e-10,-1.4044946485391615e-13,-1.6465836049710013e-13,-3.293691475974673e-10,-2.0972413045128516e-08,-3.2448141889827997e-10,-1.6465837696572556e-13,-3.5046285931295825e-11,1.3721439690521933e-10,-9.02729923543268e-14,-1.8911540001852725e-13,-1.7290454273679114e-13,3.035817781725618e-15,3.1030055385260815e-10,-3.2448141889835276e-10,-1.4213882033971508e-13,1.637071370405221e-10,-5.0076754251723915e-14,-2.216887402044863e-10,9.496052793972291e-14,3.0358253489862695e-15,-5.09678173832066e-11,-8.987882399627069e-11,-3.53151681587156e-10,-1.6465839329346045e-13,-3.504628593128917e-11,9.832279990454479e-14,-1.6465838122378513e-13,-1.6465839095626484e-13,-3.2448141889833684e-10,-3.244814188983709e-10,-1.1102129498960407e-13,-1.6465838811912417e-13,-1.4438115554381112e-10,-3.531516815871604e-10,-3.244814188983709e-10,-3.156850210817197e-10,3.035882331856185e-15,-3.2448141889833565e-10,3.035815021881877e-15,-1.7783657012224464e-13,3.035836273567179e-15,1.2564486944223028e-13,-6.7995568944049184e-12,-1.6465837388683577e-13,-1.1102134546833084e-13,1.2137636069877353e-13,-2.2108936828399647e-10,-8.826774113477121e-14,-1.6571381577763193e-10,-2.630041718683528e-10,-1.3094072478855964e-13,-1.4372931611137146e-13,-1.3916517168785555e-13,-3.244814188983156e-10,-8.408924224012909e-11,-5.0076674650716655e-14,3.0358944352535254e-15,-1.0654238585769736e-10,9.832278792727194e-14,3.0358596986429195e-15,-2.280530584472843e-13,9.832288247542606e-14,9.832290294721786e-14,-3.374815061277418e-14,-1.6465836851231295e-13,-1.6465840352666875e-13,-3.293691475976175e-10,3.640046202468525e-11,-3.0355464569211594e-10,-1.391651560007001e-13,-7.499036868378896e-10,-3.3531268178619675e-10,-1.6465837933691767e-13,-2.2547282655802988e-10,-3.293691475974277e-10,-3.244814188983549e-10,-1.5484338980409909e-13,-5.450884889172384e-11,-3.244814188982966e-10,3.035831044077319e-15,-4.144717384842319e-12,-1.646584133984638e-13
0.9999999873944888,-1.4280621924119461e-10,-1.8543398366682201e-10,-1.8543271776890616e-10,-3.931985546430854e-10,1.000000037169968,1.0000000261770374,6.559223793704402e-10,1.000000025773689,1.00000003716997,1.0000000060437488,-3.2448141889827997e-10,0.9999999815914347,1.0000000371699698,-6.508137142381616e-11,5.5830470543559666e-09,2.007326848707619e-10,1.0000000353043945,1.0000000340332245,-1.8543308806475333e-10,-2.7563543571240765e-09,1.000000002354728,3.0859722744062913e-09,2.3644392151493182e-08,1.0000000338474813,5.358291891600662e-10,1.4033720332240757e-13,-1.8543282950285527e-10,-1.0501408712339841e-09,4.715379596587693e-10,1.0000000032719483,1.0000000371699704,-6.508161942490047e-11,3.106532510272127e-13,1.0000000371699704,1.0000000371699704,1.0000000023547266,1.0000000023547275,1.0000000319685218,1.0000000371699702,1.0000000236553965,1.0000000032719476,1.0000000023547275,1.000000002447238,-1.8543318625519154e-10,1.0000000023547273,-1.854332652743863e-10,1.0000000378216527,-1.8543348444348337e-10,-8.160395401926749e-10,1.2070818510122908e-08,1.0000000371699698,1.000000031968521,1.2751823281290345e-09,6.273323741467928e-10,1.0000000661708321,-6.910719192351184e-11,8.572613932229715e-10,1.0000000318584177,1.000000032022121,1.0000000327559522,1.0000000023547273,1.0000000248241505,1.000000033847482,-1.854332469204503e-10,1.071632814623879e-09,3.106533832454318e-13,-1.8543314563863523e-10,1.0000000472295831,3.106527145534571e-13,3.1065354529538954e-13,-5.4004088044222416e-09,1.0000000371699687,1.0000000371699704,1.0000000060437484,-1.4733370554698767e-09,-6.374068839387222e-10,1.0000000327559495,-1.7691108284336383e-09,1.000000036951611,1.00000003716997,5.362176494464091e-10,1.0000000060437488,1.000000002354727,1.0000000491534158,-1.4034059010525645e-09,1.0000000023547275,-1.8543326668569244e-10,-1.039913107776903e-10,1.0000000371699698
1.0000000218771459,-5.966961806653221e-15,-6.84203728933577e-14,-6.8419751643573e-14,-1.863309427032646e-13,1.0000000720858417,1.00000006107905,3.398319655406528e-13,1.0000000606872934,1.0000000720858422,1.0000000408658982,-1.6465837696572556e-13,1.0000000371699698,1.000000051322547,-7.352381446110212e-15,2.792170685987135e-12,1.340380171713868e-13,1.0000000702118934,1.0000000689463782,-6.841991164109224e-14,-1.4239315834453192e-12,1.0000000371699698,1.6047472841380482e-12,1.1885494784252501e-11,1.0000000688998725,2.7981211293155387e-13,1.5853428203887495e-13,-6.841975620333567e-14,-5.004469245259913e-13,2.3209312895206567e-13,1.000000038092454,1.0000000720858433,-7.352548321795927e-15,3.2894021200813433e-13,1.0000000720858429,1.0000000720858429,1.0000000371699698,1.0000000371699704,1.0000000668794515,1.0000000720858424,1.0000000585544155,1.000000038092454,1.0000000371699704,1.000000037257638,-6.841996519695098e-14,1.0000000371699704,-6.842002043885642e-14,1.0000000727446943,-6.842010069194506e-14,-3.77886287917171e-13,6.082455357512643e-12,1.0000000720858429,1.0000000668794498,5.802190331564388e-13,3.2724026911292386e-13,1.0000001012897481,-4.137459750732803e-14,4.434561544070534e-13,1.0000000668013873,1.0000000669511475,1.000000067688933,1.0000000371699698,1.0000000596996568,1.000000068899873,-6.841998651216287e-14,5.446206083761325e-13,3.289403017410299e-13,-6.841993097095536e-14,1.0000000823167041,3.289397022639281e-13,3.2894056712094153e-13,-2.659061015288399e-12,1.0000000720858413,1.000000072085844,1.0000000408658967,-7.449524092904473e-13,-3.2041550442712793e-13,1.0000000676889311,-8.406546020738041e-13,1.0000000718054427,1.0000000720858429,2.8049404294439425e-13,1.0000000408658978,1.000000037169969,1.000000084212809,-7.080129839246565e-13,1.0000000371699698,-6.841999079971204e-14,-2.0781710207599762e-14,1.0000000720858417
-3.4672358794500696e-09,-3.00522067368045e-10,-2.2680993061348142e-11,-2.2680993061484533e-11,1.3140060994711117e-10,-7.352410963069252e-15,-5.792117650463399e-11,-4.16317843149636e-11,-5.6863615999878344e-11,-7.35240606464494e-15,-6.201261892418629e-11,-3.5046285931295825e-11,-6.508137142381616e-11,-7.352381446110212e-15,-2.0798658930523595e-08,1.8418208707411187e-10,-7.670343386705893e-11,-1.7623348567522052e-14,-4.1959521028849585e-15,-2.268099306141917e-11,1.8067592486641293e-10,-6.50813714239585e-11,-3.3664127380210793e-10,4.799039402697818e-11,1.2720989001963419e-10,-5.034473667628476e-11,3.094961609296998e-14,-2.2680993061417017e-11,-3.47450803954193e-11,-1.5455730447282059e-12,-7.17224257689325e-11,-7.352387346524075e-15,-3.538149925443637e-11,3.215861324959458e-14,-7.352394889659062e-15,-7.35237695945607e-15,-6.508137142393503e-11,-6.508137142401045e-11,-3.285157693320979e-11,-7.352376959444212e-15,3.5582667621223794e-13,-7.172242576887656e-11,-6.508137142400994e-11,-6.071371938100999e-11,-2.268099306144041e-11,-6.50813714239565e-11,-2.268099306142787e-11,-8.366460846255056e-15,-2.2680993061466535e-11,2.784518470862544e-10,-2.4735709695873947e-11,-7.35240136233969e-15,-3.285157693317383e-11,1.6158748959416505e-10,-6.018512202035831e-11,-4.16407796158154e-12,7.363322203734549e-12,-6.184178515936784e-11,1.4742513184244353e-14,1.2030585270090756e-14,1.3842100835454862e-14,-6.508137142389808e-11,3.7121981891986966e-11,1.2720989001972908e-10,-2.2680993061435458e-11,-1.3032024130170388e-11,3.21586182696988e-14,-2.268099306143395e-11,-1.2623810510802165e-10,3.215861944672496e-14,3.2158613680814296e-14,-9.017456718675048e-11,-7.352409082464521e-15,-7.352402064890379e-15,-6.201261892442851e-11,8.364000438063801e-11,-4.9368577254171534e-11,1.3842043729225429e-14,-2.1094772700627018e-10,-5.71742479136827e-12,-7.35240970440337e-15,-4.3747829782227726e-11,-6.201261892412137e-11,-6.508137142391355e-11,-7.809910988419012e-11,5.876944010214366e-11,-6.50813714238756e-11,-2.268099306143026e-11,-7.55632751328776e-12,-7.352402064920766e-15
2.185938950283997e-09,3.7974139860014216e-14,7.054623549252901e-14,7.054608594196947e-14,-4.2097191980297345e-10,2.792170736188799e-12,5.681945289993797e-09,-1.5258064499774858e-10,5.5923904760801876e-09,2.7921706417412036e-12,5.569436353558032e-09,1.3721439690521933e-10,5.5830470543559666e-09,2.792170685987135e-12,1.8418208707411187e-10,-2.1205476856611477e-08,-8.041220240491431e-15,2.8078822520903283e-12,2.6920554640511155e-12,7.05461467843499e-14,6.127775238464225e-10,5.5830470543558235e-09,1.65408526219837e-13,2.0419711605498052e-10,5.479411083698832e-09,-1.288307390860633e-10,1.0037412080949725e-13,7.054617769779787e-14,7.18928866916054e-11,8.446775000444604e-11,5.553173791768924e-09,2.792170666314532e-12,1.8418208707412456e-10,1.0398753636567302e-13,2.792170677373846e-12,2.7921707029905328e-12,5.5830470543558326e-09,5.583047054355789e-09,5.512913305862739e-09,2.7921706769809738e-12,5.740570545523383e-09,5.553173791768948e-09,5.583047054355769e-09,5.600489392360821e-09,7.054617769581991e-14,5.5830470543558615e-09,7.054623231357025e-14,2.7733488821257484e-12,7.054614386790772e-14,-1.6439991437918148e-09,1.7226764011330746e-10,2.792170673556626e-12,5.512913305862697e-09,2.1925855257774863e-13,-1.0068577405991086e-10,2.7647242031186845e-12,1.1321551591500345e-10,-2.022064606088021e-10,2.636174316359494e-12,2.680139319330638e-12,2.6675011059658915e-12,5.583047054355865e-09,5.726899340197182e-09,5.479411083698874e-09,7.05462354912149e-14,-1.5882230640753868e-10,1.0398766272149322e-13,7.054616527082191e-14,5.750897367637576e-09,1.0398751611056086e-13,1.0398760840943095e-13,-1.6024321798658578e-10,2.7921707041852126e-12,2.7921706859872654e-12,5.569436353557811e-09,-1.943550439235517e-10,3.419617742691092e-10,2.6675011418357903e-12,9.228180040801113e-14,5.454097491132632e-09,2.7921706811792563e-12,-2.9272236316202147e-10,5.5694363535581325e-09,5.583047054355836e-09,5.80599892042156e-09,-1.5766060969425195e-10,5.583047054355889e-09,7.054617769420102e-14,6.879453001605012e-12,2.792170661187304e-12
-3.103453587177439e-09,-1.9819622786295335e-13,3.5891423847511276e-11,3.58914238474032e-11,2.2789766491876253e-13,1.3403803428698958e-13,2.2570193072673346e-10,-2.072053396368207e-10,1.2460322400983806e-13,1.340380189291294e-13,1.1043000610288012e-13,-9.02729923543268e-14,2.007326848707619e-10,1.340380171713868e-13,-7.670343386705893e-11,-8.041220240491431e-15,-2.1080794144626478e-08,2.0090950871291443e-10,2.751377499990761e-10,3.589142384745283e-11,8.043859443208821e-14,2.0073268487070795e-10,-2.7936496523076647e-13,2.8850787436498416e-10,5.05861353067493e-10,-2.4456527186816015e-10,9.536411196920114e-15,3.589142384745537e-11,-3.5344371136338306e-14,-1.1805943260874544e-10,2.0079011465604874e-10,1.340380082829117e-13,-7.670343386705044e-11,8.827102991884399e-15,1.3403799385140296e-13,1.3403804462161954e-13,2.007326848707466e-10,2.00732684870629e-10,1.304119252960877e-13,1.34038031032611e-13,1.9975870631928237e-13,2.0079011465608483e-10,2.0073268487066895e-10,2.0432128179167193e-10,3.589142384743714e-11,2.0073268487068632e-10,3.5891423847445496e-11,1.4060980568726382e-13,3.589142384741389e-11,-2.2484522330562222e-14,-2.1095671194704915e-11,1.3403802689866286e-13,1.3041180899396767e-13,4.862264916704191e-13,-2.2985311019309475e-10,1.579184741508669e-13,-5.1785908268788965e-14,-1.9876975865526245e-10,3.6486771209660443e-10,3.3670385325018916e-10,3.5326719134797627e-10,2.0073268487070392e-10,5.025378750823526e-10,5.058613530675699e-10,3.5891423847439144e-11,-2.5660876219585783e-14,8.82705823488821e-15,3.5891423847440294e-11,-6.143924697860783e-16,8.82705823488821e-15,8.827133776524748e-15,-4.812510021634481e-15,1.3403803682702087e-13,1.3403806353208497e-13,1.1043002470972206e-13,1.089851854404917e-10,-1.0742178103486853e-13,3.5326719134784465e-10,-2.0400996989743104e-13,1.0616746274858297e-13,1.3403801704919415e-13,-1.502418138936517e-10,1.1042998608641736e-13,2.0073268487068195e-10,3.980856895989002e-14,5.452352697213206e-11,2.00732684870765e-10,3.589142384744293e-11,-1.861778832625733e-11,1.3403802689866362e-13
1.0000000200372734,-6.145251893434106e-14,-6.765067677565253e-14,-6.765004100208506e-14,-1.4441569958562679e-13,1.0000000702118923,1.000000059211746,3.069753875074367e-13,1.0000000588181663,1.0000000702118919,1.0000000390003603,-1.8911540001852725e-13,1.0000000353043945,1.0000000702118934,-1.7623348567522052e-14,2.8078822520903283e-12,2.0090950871291443e-10,1.0000000475643123,1.000000067070241,-6.765019909859681e-14,-1.3694044131080267e-12,1.0000000353043936,1.53641542102604e-12,1.1918893635993682e-11,1.0000000670668312,2.425418852084308e-13,1.707239931058253e-13,-6.765010831253698e-14,-5.119764668483574e-13,2.1962878781300605e-13,1.0000000362218613,1.0000000702118934,-1.762344210931146e-14,3.4153040082775413e-13,1.0000000702118936,1.0000000702118927,1.0000000353043945,1.0000000353043945,1.0000000650177996,1.0000000702118932,1.0000000567360707,1.000000036221861,1.0000000353043954,1.0000000353954108,-6.765022142199897e-14,1.000000035304394,-6.765029344369913e-14,1.0000000708673216,-6.765040216433401e-14,-3.6407311705281624e-13,6.0757661483359e-12,1.0000000702118934,1.0000000650177978,6.600445279326412e-13,5.793671549152043e-10,1.0000000993987137,-5.665613180475613e-14,4.048497599880973e-13,1.0000000649395335,1.0000000650875078,1.0000000658266028,1.0000000353043945,1.0000000579054598,1.0000000670668314,-6.765031459174898e-14,5.279393542287216e-13,3.415305422417597e-13,-6.765026701663886e-14,1.000000080361288,3.415298525253212e-13,3.4153067654686884e-13,-2.6746564963784646e-12,1.000000070211893,1.0000000702118934,1.0000000390003596,-7.352526252519512e-13,-3.5024568089251346e-13,1.0000000658266013,-9.27639940470348e-13,1.0000000699208889,1.0000000702118947,2.476471593543841e-13,1.00000003900036,1.0000000353043945,1.000000082294455,-7.081060944555463e-13,1.0000000353043945,-6.765030841294424e-14,-2.7685448455756123e-14,1.0000000702118927
1.000000018767442,1.0896712398732402e-13,-6.09615345865965e-14,-6.096087299657331e-14,-1.995841221918782e-13,1.0000000689463766,1.0000000579518993,3.4053372693813294e-13,1.000000057572071,1.0000000689463782,1.0000000377321494,-1.7290454273679114e-13,1.0000000340332245,1.0000000689463782,-4.1959521028849585e-15,2.6920554640511155e-12,2.751377499990761e-10,1.000000067070241,1.0000000450448052,-6.09610857437781e-14,-1.541215862192866e-12,1.0000000340332251,1.7105262964467084e-12,2.3709583733005767e-08,1.0000000657310466,5.539812977690247e-10,1.3543770788694473e-13,-6.096094922924372e-14,-4.948348221933399e-13,2.1362906324008182e-13,1.0000000349631957,1.0000000689463786,-4.195927786847159e-15,3.0426075096344765e-13,1.0000000689463784,1.000000068946378,1.0000000340332238,1.0000000340332245,1.0000000637382724,1.0000000689463788,1.0000000554059862,1.0000000349631952,1.0000000340332245,1.0000000341143935,-6.096108276467978e-14,1.0000000340332238,-6.096115444216575e-14,1.0000000696126172,-6.096123674542585e-14,-5.238356805325452e-13,6.09248095524881e-12,1.0000000689463782,1.0000000637382707,6.291181495844727e-13,3.352567895802693e-13,1.0000000982156905,-6.499848831492324e-14,4.607223218148231e-13,1.0000000636659672,1.0000000638043616,1.000000064545832,1.0000000340332245,1.000000056541537,1.0000000657310466,-6.09611467354049e-14,5.564380245711239e-13,3.042608328748014e-13,-6.096109119929821e-14,1.0000000792758361,3.04260213775576e-13,3.042610186436723e-13,-2.6069471231511817e-12,1.000000068946377,1.0000000689463786,1.0000000377321483,-1.5422153126341201e-09,-3.220425020412382e-13,1.0000000645458305,-7.619833380169843e-13,1.000000068646056,1.0000000689463788,5.843503099572072e-10,1.0000000377321483,1.0000000340332238,1.0000000811223047,-1.457141759663497e-09,1.0000000340332245,-6.096119859609247e-14,-3.546755620818901e-11,1.0000000689463784
-3.4772908205430677e-09,-3.9972404315572624e-14,-3.279099786004784e-11,-3.279099786014981e-11,4.609685853226838e-12,-6.841990628788758e-14,-1.7660386514687493e-10,-2.3125931531957e-15,-1.7406794938752191e-10,-6.841991523391606e-14,-1.8350325058209745e-10,3.035817781725618e-15,-1.8543308806475333e-10,-6.841991164109224e-14,-2.268099306141917e-11,7.05461467843499e-14,3.589142384745283e-11,-6.765019909859681e-14,-6.09610857437781e-14,-2.0796059433973898e-08,3.294256462364336e-14,-1.8543308806482604e-10,-3.3642639958470046e-14,1.0536512585928418e-11,-2.642456549787394e-14,-4.73981971595353e-15,-1.7334080883177725e-15,-3.279099786009646e-11,-1.2546109065972737e-11,9.90151687314883e-15,-1.8179062460972046e-10,-6.841991007211412e-14,-2.268099306141077e-11,-2.064709454857357e-15,-6.841991923352168e-14,-6.841989154975715e-14,-1.8543308806483062e-10,-1.8543308806488617e-10,-1.718058453752048e-10,-6.841991086887823e-14,-1.4793135118427626e-10,-1.817906246096896e-10,-1.8543308806490741e-10,-1.843082289618428e-10,-3.279099786011608e-11,-1.854330880648245e-10,-3.2790997860107614e-11,-6.519113845955979e-14,-3.2790997860137896e-11,1.0837434945903357e-13,-2.108147285481607e-11,-6.841989578902277e-14,-1.7180584537518558e-10,-2.468972283633125e-14,-5.667496727525803e-15,-5.2656565617534484e-14,4.011484758182186e-15,-3.200994074269018e-15,-5.21986794952196e-14,-5.4914958546439165e-14,-5.477456263889503e-14,-1.8543308806485305e-10,-1.4985605615737136e-10,-2.6424565503719543e-14,-3.279099786011348e-11,4.983883650725401e-15,-2.0646944949700675e-15,-3.279099786011201e-11,-6.520867205506941e-14,-2.06467280982428e-15,-2.0646347686361618e-15,-2.978934931314178e-11,-6.841989735838441e-14,-6.841989096338638e-14,-1.8350325058227248e-10,2.594229060768116e-14,5.551434322132286e-15,-5.477449070776511e-14,-4.683806160556692e-14,-7.754738775094613e-14,-6.841989746288697e-14,3.826977976291518e-15,-1.8350325058206204e-10,-1.8543308806483473e-10,-6.106501476954313e-14,2.0041995635107377e-14,-1.8543308806481045e-10,-3.2790997860107556e-11,-2.9898320098363386e-12,-6.841990199499837e-14
