0.999999998535437,1.029700798890168e-06,0.49538331946950553,5.729931483574024e-06,9.379563346811903e-07,9.393136797249315e-07,9.387914094557391e-07,1.025647984049801e-06,0.9999909497079844,0.49538288222539884,1.0193675315513812e-06,1.0254098513988045e-06,9.780162108288943e-07,0.49538312126634876,1.0193675316679765e-06,9.79143562443353e-07,9.564471484040311e-07,1.102705513501374e-06,9.573232084112947e-07,9.595951615073982e-07,9.666451495959524e-07,9.731484695409652e-07,1.032979698192831e-06,9.591340357937005e-07,9.392191856575817e-07,9.590253652786582e-07,0.5046225071572419,9.5644714863334e-07,9.393136796507834e-07,9.66411223655609e-07,0.5046224548787996,9.564471479517e-07,0.9999909690371376,9.701380732115388e-07,9.393136796320626e-07,9.746109041586956e-07,9.755660155630877e-07,9.664112238896115e-07,9.43257574944131e-07,9.614788534224883e-07,0.5046229605756258,1.0523665143298594e-06,9.664112236851958e-07,0.999990306887656,9.892963012953515e-07,0.5046231917048333,0.4953834056505066,0.9999907930687456,9.71635528159088e-07,9.770514640880237e-07,0.9999910180044169,0.49538306626530826,1.0421100701957729e-06,9.591276387116753e-07,0.504623602940546,9.7163552812679e-07,9.670316954959633e-07,9.860400029611378e-07,0.5046226055031027,0.999989814787259,1.0034111875327395e-06,9.374243147148482e-07,9.93145071375552e-07,9.387173287719361e-07,9.524533167245875e-07,9.363778480595954e-07,9.933595577453507e-07,9.393136783894743e-07,0.9999888572826817,0.5046223910269658,9.393136783762886e-07,9.393136796726395e-07,0.9999903068876589,0.4953834056505066,1.0193675319790894e-06,2.461852297364952e-06,9.860400032767169e-07,9.595951609741697e-07,9.933595578206636e-07,0.49538341919313944,9.816627333033336e-07,2.243282682543307e-06,9.393136796726395e-07,9.385905197448407e-07,9.576582593885336e-07,9.595951633536028e-07,0.9999881990646504,1.7418433762953494e-06,0.4953821234296731,0.9999909444608048,9.860400028749573e-07,9.998016099941297e-07,0.5046225133938778
1.029700798890168e-06,9.264915133294223e-07,4.261284537502879e-11,3.9678806965207715e-15,6.783628314546125e-15,7.351550737300305e-15,6.3239909554126266e-15,-3.329688534326868e-16,2.2981668017987311e-07,4.2612291364219585e-11,4.364246535879208e-15,3.3126555690985754e-15,1.5375136535582838e-14,4.261356475728863e-11,4.364246535879208e-15,1.4624099291821584e-14,8.582411526519367e-12,4.9604454205061375e-15,-3.518016237925992e-14,-3.537568011836535e-14,-2.3638603014562287e-14,1.68536531092711e-14,1.5804983414968491e-12,-3.47226584451014e-14,7.856674145072486e-15,3.244771286185739e-15,1.4484082845098586e-07,8.582411526402743e-12,7.351515845980283e-15,-2.3628426678272396e-14,7.26269883723962e-11,8.582411526505791e-12,1.1524113822202097e-10,-3.450058275179868e-14,7.351533072050499e-15,6.820605154813523e-15,-2.4287111957789015e-14,-2.3628426678272396e-14,6.821729941266484e-12,2.8822944395476156e-15,7.262602845005612e-11,3.230735805141952e-15,-2.3628435560872427e-14,1.1524432717136072e-10,-2.626287074449517e-15,1.4483871368794254e-07,4.2612805596780134e-11,2.2981818427096487e-07,1.8033583219174184e-15,-1.891818110786383e-14,1.1524139516953045e-10,4.2613483520255566e-11,3.670735478518475e-15,-3.496963664573904e-14,7.262500488669768e-11,1.803336928651829e-15,-2.336460533735792e-14,-6.372944112139089e-15,7.262894513584494e-11,1.152518541694246e-10,6.6120217864646956e-15,-2.6215186765295292e-14,-4.280621629882297e-15,7.16635061192524e-15,1.3216699302344351e-11,7.052535884236471e-15,2.3093485702412103e-14,7.351550737300305e-15,1.152185725312289e-10,7.26284010650282e-11,7.351550737300305e-15,7.351533072050499e-15,1.1524432718289818e-10,4.2612805670080996e-11,4.36424869329995e-15,-6.379020522216465e-16,-6.372908727347183e-15,-3.5375672940476866e-14,2.3093485702412103e-14,4.2612527936709136e-11,-6.31944645524949e-15,-2.6823540060383078e-15,7.351550737300305e-15,8.567926818761841e-15,1.1871579312476697e-11,-3.537568011836535e-14,2.2979060822368192e-07,-4.155271949089836e-15,4.261535729581128e-11,1.1524158775761369e-10,-6.372904775327307e-15,-4.622639254306504e-15,7.262883843074285e-11
0.49538331946950553,4.261284537502879e-11,0.4953883013331707,3.6048742255921596e-10,3.483915274705701e-11,3.4724453718188525e-11,3.475461151624947e-11,5.3323921532413e-11,0.49537990637812224,0.4953869270280831,5.238507603148202e-11,1.1550485293932233e-07,4.315702129011113e-11,0.49538716606894184,5.2385075841882274e-11,4.334567780560977e-11,7.073586269768289e-08,6.449664773112476e-11,3.901944979111177e-11,3.9456139443508944e-11,4.1784745781115767e-11,4.3995012617875974e-11,4.046223935908029e-11,3.9396587020939355e-11,3.476199038823988e-11,3.9661213245189056e-11,7.51164270443106e-11,7.073586238571337e-08,3.4724454323115523e-11,4.168298363227436e-11,9.580115168164671e-11,7.073586267879542e-08,0.4953799163757874,4.2384473348494957e-11,3.472445427065843e-11,4.2759014650013255e-11,3.7551177922333864e-11,4.168298389715215e-11,3.7269383234804164e-11,3.2949815724634344e-11,1.688304281917528e-11,6.920521883204625e-11,4.168298372207816e-11,0.4953795870865387,4.4222915427883114e-11,-4.424219156687943e-12,0.4953874535806659,0.49537982881442927,4.087946245035527e-11,4.257362673266753e-11,0.49537994059022056,0.49538706138356786,5.945448172355667e-11,3.9443837253586744e-11,-4.9658061752975324e-11,4.087946247924795e-11,4.1900635507815455e-11,4.487691743107968e-11,7.411744496686365e-11,0.49537934357207986,5.501516564949736e-11,3.5202882743400505e-11,4.4737890732738335e-11,3.477814871477003e-11,8.284079982139071e-08,3.392742647459625e-11,4.5806881500561366e-11,3.47244539848276e-11,0.49537886832285133,7.214043527722748e-11,3.472445425160475e-11,3.472445423137886e-11,0.49537958708653945,0.4953874535806665,5.2385075938821464e-11,5.586715788726129e-10,4.487691734605208e-11,3.9456139282650994e-11,4.580688189716584e-11,0.495387468851661,4.330076788338562e-11,3.4017407673160064e-10,3.4724454230053614e-11,3.4914427357158573e-11,8.511788710097457e-08,3.945613913334191e-11,0.4953785441180309,2.403419121978923e-10,0.49538556732774414,0.49537990438524426,4.487691717830434e-11,3.987177305972494e-11,7.420901862033767e-11
5.729931483574024e-06,3.9678806965207715e-15,3.6048742255921596e-10,9.265238070869729e-07,1.3140661725057074e-14,1.4237937509663972e-14,1.226674779983331e-14,-1.2287711178498174e-16,4.930043076701052e-06,3.604862023488006e-10,8.728693190751011e-15,6.739315202568021e-15,2.897664547973767e-14,3.6048872628155663e-10,8.728659063466026e-15,2.7566567959483245e-14,8.482736252726722e-15,1.0103592204048206e-14,-6.565952036504615e-14,-6.604047909052998e-14,-4.43181317323238e-14,3.1731480793235145e-14,2.1406447497862936e-15,-6.480487907586009e-14,1.518499011042845e-14,6.458511490469227e-15,4.211210874141653e-06,8.482736252726722e-15,1.4237973599570468e-14,-4.4296901566555984e-14,4.211199050832481e-06,8.48273593996805e-15,4.930044318962865e-06,-6.518570194448468e-14,1.4237919158532612e-14,1.3260003714157838e-14,-4.5475247178049677e-14,-4.4296901566555984e-14,1.3410784257801614e-11,5.8402242448034254e-15,2.111691808496662e-09,6.6119886505214834e-15,-4.4296913544790135e-14,4.930053517760761e-06,-4.530850920737798e-15,4.211212422253468e-06,3.604874125396681e-10,4.930045227287347e-06,3.799183417091805e-15,-3.4586964747733186e-14,4.930045496727653e-06,3.604887156398625e-10,7.444038472297494e-15,-6.527357060060082e-14,2.11169247365695e-09,3.799187811721881e-15,-4.3800822419809784e-14,-1.26389122365756e-14,4.2112077277830135e-06,4.93007890508159e-06,1.2902791566215925e-14,-4.886963276665989e-14,-7.728184677269826e-15,1.3875354557078771e-14,1.2798561907429858e-14,1.3667416094795629e-14,4.482884294577654e-14,1.4237919158532612e-14,4.9299502848409045e-06,4.211204278214577e-06,1.4237919158532612e-14,1.4237953505503085e-14,4.930053517760761e-06,3.604874125396681e-10,8.728693190751011e-15,2.0534884351794205e-15,-1.2638904556530011e-14,-6.604048849942226e-14,4.482882752569832e-14,3.6048688873095374e-10,-1.1499305004075347e-14,-2.1035103325489114e-15,1.4237982907597672e-14,1.6495939738201187e-14,1.1544988656535474e-14,-6.604048849942226e-14,4.929982144099487e-06,-6.228928518324406e-15,7.189058735693615e-07,4.930045909248776e-06,-1.2638904556530011e-14,-8.316992688557045e-15,4.211206725668992e-06
9.379563346811903e-07,6.783628314546125e-15,3.483915274705701e-11,1.3140661725057074e-14,9.265402051932198e-07,5.696597258777494e-11,4.851604887470958e-11,-1.5319093792646923e-15,6.927284795602913e-11,3.483698128084111e-11,1.6564472092839223e-14,1.2610612408805478e-14,5.435680903404859e-14,3.484189492757757e-11,1.6564493537136993e-14,5.151913938461897e-14,1.6326096412731837e-14,1.889572699495759e-14,-1.3097111978247863e-13,-1.3190255419138256e-13,-1.8214112947021726e-10,5.99483022493635e-14,3.022040737848385e-15,-1.2934764345453855e-13,6.071773050646516e-11,1.2195955970648114e-14,3.443622973866422e-11,1.6326148750649143e-14,5.69659725878345e-11,-9.128440487081476e-14,3.4424695789439016e-11,1.6326156679342165e-14,6.927406924119772e-11,-1.3693458129369837e-13,5.6965972587813154e-11,5.168058531713008e-11,-9.381439985755712e-14,-9.128438531005186e-14,1.2799781548414287e-14,1.0892093061704443e-14,3.442082904709054e-11,1.2257032273662029e-14,-9.128437845647964e-14,6.928644127899231e-11,-1.0318323976375871e-14,3.443156433881762e-11,3.483895609756029e-11,6.927567016633095e-11,6.884951930437101e-15,-6.516107933659088e-14,6.927504320977665e-11,3.484162990719538e-11,1.3739552021613352e-14,-1.3031759800064955e-13,3.441634638339717e-11,6.884951930437101e-15,-1.8004770913863105e-10,-3.5197452855407553e-14,3.4432284994045e-11,6.931110434039396e-11,5.016240352178084e-11,-1.9437998253541386e-10,-1.7542199769754933e-14,5.534255668652843e-11,2.5150001331423522e-14,5.467864519878457e-11,9.674380348531167e-14,5.6965972587771065e-11,6.918723501868431e-11,3.4430254591009687e-11,5.696597258778469e-11,5.6965972587876724e-11,6.928644124715855e-11,3.483895611372974e-11,1.6564493537136993e-14,-2.9896329025729983e-15,-3.5197449977135696e-14,-1.3190254596110068e-13,9.674374207990025e-14,3.483788455494805e-11,-2.4242062949165564e-14,-1.0890052526865188e-14,5.6965972587846015e-11,6.560168065501627e-11,2.2642831271230577e-14,-1.3190253383729198e-13,1.380468677031106e-07,-1.6338090984375123e-14,3.4849081614561585e-11,6.927581680184038e-11,-3.5197449977135696e-14,-1.8887178682705098e-14,3.443191338517718e-11
9.393136797249315e-07,7.351550737300305e-15,3.4724453718188525e-11,1.4237937509663972e-14,5.696597258777494e-11,9.265502915406374e-07,5.280522267996594e-11,-1.7671001439690257e-15,6.995775263547003e-11,3.472201275422706e-11,1.7803229549916114e-14,1.3592220601310448e-14,5.565017295234678e-14,3.472736899561342e-11,1.7803209344961705e-14,5.261510759312537e-14,1.7522694250243e-14,2.037272715527205e-14,-1.387821569544435e-13,-1.3990522916589152e-13,-9.910232653520758e-14,6.160255405789001e-14,3.3087110272109526e-15,-1.3711433658814663e-13,6.6301533794239e-11,1.30252691061487e-14,3.523597782023044e-11,1.7522683554013957e-14,6.232741605490105e-11,-9.902685869469961e-14,3.522343343105818e-11,1.7522723893865486e-14,6.99590965646133e-11,-1.5087560277649352e-13,6.232741605488028e-11,5.5829775921390005e-11,-1.0175086612566066e-13,-9.902686132328329e-14,1.3619089893254e-14,1.167711779975212e-14,3.521932001973453e-11,1.3190415507014122e-14,-9.90268432486099e-14,6.997237604304302e-11,-1.1246712913526946e-14,3.523079002205689e-11,3.4724228002785403e-11,6.996071413398946e-11,7.447986598528847e-15,-6.552512317188993e-14,6.996015065403406e-11,3.472711330771912e-11,1.465479441898497e-14,-1.381768264912433e-13,3.5214339334951826e-11,7.448007604511459e-15,-9.797162218368559e-14,-4.5006869282662605e-14,3.523172792909884e-11,6.999607491160652e-11,5.4254776074632776e-11,-2.055879417111227e-10,-1.9617541659827833e-14,6.043492023914362e-11,2.6975836198190597e-14,5.985901086323974e-11,1.098211925247597e-13,6.23274160548384e-11,6.986456394186351e-11,3.5229510242838875e-11,6.232741605485167e-11,6.232741605494441e-11,6.997237606417348e-11,3.4724228002785403e-11,1.780320942347008e-14,-3.2233897254407218e-15,-4.5006858208026596e-14,-1.3990522916589152e-13,1.0982121290557617e-13,3.472307014591352e-11,-2.6102883752931676e-14,-1.1786863400374e-14,6.232741605491281e-11,7.120014854191478e-11,2.432504882472203e-14,-1.3990520137967932e-13,1.3940420118280417e-07,-1.76607471696942e-14,3.473525672711447e-11,6.996099063887588e-11,-4.500685317702327e-14,-2.108842684847151e-14,3.523132394040816e-11
9.387914094557391e-07,6.3239909554126266e-15,3.475461151624947e-11,1.226674779983331e-14,4.851604887470958e-11,5.280522267996594e-11,9.265330694043208e-07,-1.37584852614201e-15,6.968816957861933e-11,3.4752628826026186e-11,1.551187725242324e-14,1.1790932761430276e-14,5.223218198129918e-14,3.4757194448448673e-11,1.5511852962997412e-14,4.9567935216427186e-14,1.5300383600664434e-14,1.7664438112186733e-14,-1.2359082454498877e-13,-1.24404413523548e-13,-1.6966339353767818e-10,5.7496401766964e-14,2.8014950562387585e-15,-1.2203368935072122e-13,5.6346360212613984e-11,1.1460829199878798e-14,3.493598915209193e-11,1.5300429822331374e-14,5.280522268002267e-11,-8.50342303185082e-14,3.492525937426316e-11,1.5300383600664434e-14,6.96892981621107e-11,-1.2644366582311885e-13,5.280522268000154e-11,4.824882558159742e-11,-1.7427311803609363e-10,-8.503423062117128e-14,1.2052733420671649e-14,1.0214337201009589e-14,3.4921620260679474e-11,1.1470346577122914e-14,-8.503425465603244e-14,6.970089028189476e-11,-9.586304069688739e-15,3.493170650833682e-11,3.475443440353633e-11,6.969084632371997e-11,6.424482740907536e-15,-6.317869723222247e-14,6.969020686011111e-11,3.475693223862159e-11,1.2920450287479578e-14,-1.2293222472552077e-13,3.491750344064832e-11,6.424503407877187e-15,-1.6770522106613827e-10,-2.9510686584511733e-14,3.4932300471084754e-11,6.972533363364792e-11,4.680001557632327e-11,-1.8361842588894647e-10,-1.6059453055192638e-14,5.1356107423103774e-11,2.3577788993544606e-14,5.0668110478692366e-11,8.778466831865163e-14,5.280522267995951e-11,6.960856408875369e-11,3.4930415409167174e-11,5.280522267997287e-11,5.2805222680065356e-11,6.970089028189476e-11,3.475443439755235e-11,1.551187725242324e-14,-2.790630234252061e-15,-2.9510704674340735e-14,-1.2440443209410665e-13,8.778468262382109e-14,3.475343404631593e-11,-2.2677254457514334e-14,-1.0154217839271716e-14,5.280522268003402e-11,6.108828423827478e-11,2.1209036709432014e-14,-1.244043926879659e-13,1.38881936024075e-07,-1.5248373390325313e-14,3.4763844964442796e-11,6.969092701947003e-11,-2.9510703925960934e-14,-1.7306546029178082e-14,3.493195429519522e-11
1.025647984049801e-06,-3.329688534326868e-16,5.3323921532413e-11,-1.2287711178498174e-16,-1.5319093792646923e-15,-1.7671001439690257e-15,-1.37584852614201e-15,9.264883786602403e-07,1.1319307345779984e-10,5.3324070560325704e-11,-1.430875868070835e-12,-5.746050292228654e-16,1.1314201243554125e-16,5.3323807041348106e-11,-1.430875868087918e-12,2.269627681897877e-16,-6.918466410815375e-16,-1.7362330780458284e-12,4.076323102309217e-15,4.22961533360092e-15,4.954317933480383e-15,-8.595493685078946e-17,-1.64038734283305e-16,4.0741088226094245e-15,-1.824822140188464e-15,-4.530889392818486e-16,5.987064708663699e-11,-6.917902549648084e-16,-1.7671382303445412e-15,4.9439875256365285e-15,5.987129226333403e-11,-6.917803597605566e-16,1.1319299227831789e-10,9.531194800719726e-15,-1.7671497965132527e-15,-1.2705488702996614e-15,5.062992429579888e-15,4.94397181546156e-15,-4.318590406337522e-16,-4.4279980683192203e-16,5.987148695072037e-11,-5.366269708623893e-16,4.9439875256365285e-15,2.2573160463275904e-07,6.268681006024863e-16,5.987109695479918e-11,5.332395266513353e-11,1.131929949222335e-10,-3.329526929056961e-16,-1.1753876634225263e-15,1.131929474759098e-10,5.332378722734118e-11,-9.691928524515677e-13,4.135798067283215e-15,5.987191368564951e-11,-3.329526929056961e-16,4.9051979149172845e-15,8.147359744222237e-15,5.987084475238832e-11,1.1319378210252069e-10,-1.2592262254249931e-15,2.8614809063496968e-15,1.5045917633288612e-15,-1.6631885564209406e-15,-1.0600082495817067e-15,-1.7114777996025975e-15,-9.644594844707374e-15,-1.7671382303445412e-15,2.2574230240922808e-07,5.98709428965844e-11,-1.7671001439690257e-15,-1.7671001439690257e-15,2.2573160463275886e-07,5.3323952730955516e-11,-1.4308758680381894e-12,3.27621528420808e-16,8.147359744222237e-15,4.22961533360092e-15,-9.644594844707419e-15,5.3324007815336455e-11,1.1507685594277611e-15,7.262995414148156e-16,-1.7671466614199393e-15,-1.7743090919001863e-15,-9.870669830627892e-16,4.229637646102099e-15,2.2573782884964495e-07,9.296676454870011e-16,5.3323237659836544e-11,1.1319289681784181e-10,8.14739590736586e-15,1.5890568449433022e-15,5.98708547029581e-11
0.9999909497079844,2.2981668017987311e-07,0.49537990637812224,4.930043076701052e-06,6.927284795602913e-11,6.995775263547003e-11,6.968816957861933e-11,1.1319307345779984e-10,0.999985818263167,0.4953794691286914,1.1007799313024872e-10,1.1310028967953926e-10,8.941948694371945e-11,0.49537970818662697,1.1007799298862773e-10,8.997935919559117e-11,7.852652772748522e-11,3.0286694643467666e-07,7.868160763338518e-11,7.981931018935541e-11,8.343659166930002e-11,8.698926352636114e-11,2.3308130509368525e-07,7.959286818731317e-11,6.99140025225414e-11,7.981160929613786e-11,0.5046190623380963,7.852652746568021e-11,6.995775257869687e-11,8.331937621965968e-11,0.5046190100167125,7.852652773030785e-11,0.9999849111088134,8.510625029379809e-11,6.995775256052592e-11,8.765300678763076e-11,8.790519607891506e-11,8.331937619135189e-11,7.190617889793997e-11,8.103931820220684e-11,0.5046195156956688,1.2661691237504782e-10,8.331937619950113e-11,0.9999842490100515,9.494808804035177e-11,0.5046197468647641,0.4953799925579342,0.9999847351478585,8.612457307865763e-11,8.869497318702667e-11,0.9999849600794833,0.49537965318480254,2.422528959549542e-07,7.95878467319517e-11,0.5046201580405721,8.612457301782014e-11,8.363241284990568e-11,9.328035600603008e-11,0.5046191606684679,0.9999837570158457,1.0209323649340975e-10,6.876808852431865e-11,9.686536152430082e-11,6.965729425118859e-11,7.654068235935154e-11,6.848342464403161e-11,9.717874503608715e-11,6.995775254559888e-11,0.999982799040141,0.5046189461859789,6.995775259141518e-11,6.99577526940188e-11,0.9999842490100538,0.49537999255793363,1.1007799314375458e-10,1.6619237810356293e-06,9.328035607473142e-11,7.981931009533977e-11,9.717874513184062e-11,0.4953800060964473,1.8166159429477314e-07,1.4433250819675133e-06,6.995775255744788e-11,6.960373035284444e-11,7.91458201732626e-11,7.981931009937695e-11,0.999982140960756,9.418679146060832e-07,0.495378710382431,0.9999848865391927,9.32803560554586e-11,1.0020072456943931e-10,0.5046190685583773
0.49538288222539884,4.2612291364219585e-11,0.4953869270280831,3.604862023488006e-10,3.483698128084111e-11,3.472201275422706e-11,3.4752628826026186e-11,5.3324070560325704e-11,0.4953794691286914,0.4953874056995745,5.23838742519765e-11,5.791857493410478e-11,4.315521888130531e-11,0.4953867182515639,5.238387403801305e-11,4.334406267237525e-11,3.546911737451958e-11,6.449522616440036e-11,3.902711690600017e-11,3.946396053690207e-11,4.1791774794099794e-11,4.3992862881047376e-11,4.04619496214442e-11,3.940419678393962e-11,3.4759439431284014e-11,3.966038813071289e-11,8.041219202650907e-11,3.546911718824032e-11,3.472201337338203e-11,4.169000292028382e-11,1.0109781056775368e-10,3.546911737462649e-11,0.4953794791261308,4.239671961589531e-11,3.472201335502859e-11,4.275705220224531e-11,3.7558381333614336e-11,4.1690003157902e-11,3.726855864552947e-11,3.2949049111673745e-11,2.218001993814741e-11,1.380092488714162e-07,4.1690003044673435e-11,0.4953791498354699,4.422371223016749e-11,8.720751840933113e-13,0.4953870057634243,0.4953793915647765,4.087891089978847e-11,4.2574846137424447e-11,0.49537950334039815,0.49538661356627667,5.945355305991346e-11,3.945152937374512e-11,-4.4360588396208766e-11,4.087891090439536e-11,4.190758956681744e-11,4.488459407118456e-11,7.941349469353486e-11,0.4953789063218936,5.5013224679958e-11,3.520843488800923e-11,4.4739636017867846e-11,3.477581898149836e-11,4.1538499645783606e-11,3.3925070007953384e-11,4.57958045796231e-11,3.472201305582181e-11,0.4953784310879677,7.743665212866195e-11,3.4722013293421297e-11,3.47220132569194e-11,0.495379149835471,0.4953870057634254,5.2383874267604694e-11,1.1141188410951473e-06,4.4884593990120756e-11,3.9463960432647116e-11,4.5795804911023756e-11,0.49538702103456445,4.33024572623888e-11,6.783863225308425e-07,3.472201325142724e-11,3.491183417152204e-11,4.2680479486963023e-11,3.9463960272516e-11,0.4953781068775025,4.792990023128324e-07,0.4953851195104932,0.4953794671353329,4.4884593798608256e-11,3.9873635507574424e-11,7.950509644335241e-11
1.0193675315513812e-06,4.364246535879208e-15,5.238507603148202e-11,8.728693190751011e-15,1.6564472092839223e-14,1.7803229549916114e-14,1.551187725242324e-14,-1.430875868070835e-12,1.1007799313024872e-10,5.23838742519765e-11,9.265098999099003e-07,1.6518757128655897e-11,4.272742540933453e-14,5.238696280237727e-11,2.1930633052173702e-11,4.080673309268426e-14,1.0892249470691333e-14,2.4724608547164783e-11,-9.179638371537313e-14,-9.212149277300065e-14,-5.854540310744995e-14,4.654859695040896e-14,1.87186803463273e-15,-9.053192006289808e-14,1.9121968379270752e-14,8.293989801656445e-15,5.7695442870194415e-11,1.0892259694936905e-14,1.7803209344961705e-14,-5.853109689787898e-14,5.7688141002967016e-11,1.0892283514779571e-14,1.1007872867744987e-10,-8.215259808693675e-14,1.780320942347008e-14,1.7024703092592686e-14,-6.019401377962922e-14,-5.85310683308146e-14,8.820605118887891e-15,7.30079385180162e-15,5.7685507536239685e-11,1.6158621177583982e-11,-5.85310912182591e-14,2.1953864497473412e-07,-6.4617692842948146e-15,5.7692806899480354e-11,5.2384984256465913e-11,1.1008003084751912e-10,4.4620441974618245e-15,-5.418304155882015e-14,1.1007935929553689e-10,5.238671620083722e-11,1.87366734328848e-11,-9.112893151099751e-14,5.7682964276806777e-11,4.4620441974618245e-15,-5.785557343275479e-14,-6.148276780006494e-15,5.769285538766716e-11,1.101099953476104e-10,1.6453239803030553e-14,-6.867270605628189e-14,-9.80227371495825e-15,1.743825851109101e-14,1.681720043975316e-14,1.7054422672147088e-14,5.0236823138338e-14,1.7803223204267372e-14,2.1941256956974134e-07,5.7691582210814164e-11,1.7803229549916114e-14,1.7803229549916114e-14,2.1953864497473428e-07,5.238498418132909e-11,2.193063305222225e-11,-1.8760332203350644e-15,-6.148278785843419e-15,-9.212147022681758e-14,5.023688949981914e-14,5.2384289308567784e-11,-1.5954792580601395e-14,-6.947172989146205e-15,1.7803210797949858e-14,2.1166597188643145e-14,1.5048442329381108e-14,-9.212147623400391e-14,2.1945741800653614e-07,-1.0545778724190534e-14,5.23913066885881e-11,1.1007984859958187e-10,-6.148276780006494e-15,-1.063471212282504e-14,5.76926150981105e-11
1.0254098513988045e-06,3.3126555690985754e-15,1.1550485293932233e-07,6.739315202568021e-15,1.2610612408805478e-14,1.3592220601310448e-14,1.1790932761430276e-14,-5.746050292228654e-16,1.1310028967953926e-10,5.791857493410478e-11,1.6518757128655897e-11,9.265004425769374e-07,3.1194834125026064e-14,5.792093491152729e-11,1.6518757128633766e-11,2.975461197153865e-14,8.193910644882997e-15,1.8670575780164595e-11,-6.838475868880697e-14,-6.867185901158463e-14,-4.437419866099683e-14,3.4051013791446625e-14,1.4369618705629519e-15,-6.746001675479531e-14,1.457445927871582e-14,6.2182685054646575e-15,5.518309738196105e-11,8.193901034020706e-15,1.359220619716385e-14,-4.4360393442853996e-14,5.51775499011615e-11,8.19390910451976e-15,1.1310085482217355e-10,-6.310871659099744e-14,1.359217190614817e-14,1.2864552364179002e-14,-4.561355735240639e-14,-4.436039724101457e-14,6.5949985100875694e-15,5.489211731172415e-15,5.517559236279373e-11,1.2188994496647177e-11,-4.436039060083116e-14,2.2556135245132184e-07,-4.911545507755003e-15,5.518106741160204e-11,5.7919463216587504e-11,1.1310179320232433e-10,3.380334411904886e-15,-3.919596243645323e-14,1.1310133356793873e-10,5.79207566247221e-11,1.4038406560168813e-11,-6.791625639323441e-14,5.517363518482968e-11,3.380334411904886e-15,-4.3854104544030524e-14,-7.12457472669196e-15,5.518114901090333e-11,1.1312336357755504e-10,1.2445501888297301e-14,-5.1095559097977025e-14,-7.637204634184692e-15,1.3291806109483112e-14,1.2642471441760987e-14,1.302685001480926e-14,3.9850829603017466e-14,1.3592220601310448e-14,2.2546555932859167e-07,5.518017303840439e-11,1.359217190614817e-14,1.3592214218609449e-14,2.2556135245132165e-07,5.791946316448101e-11,1.651875712868453e-11,-1.357727739216937e-15,-7.12457472669196e-15,-6.867184495814295e-14,3.985084048858325e-14,5.7918938521804465e-11,-1.2018396601831758e-14,-5.211514853263085e-15,1.3592225544456227e-14,1.6051967066500066e-14,1.132672871892933e-14,-6.867185901158463e-14,2.2549969112066436e-07,-7.941722360493588e-15,5.792421305182636e-11,1.1310170240054359e-10,-7.12457472669196e-15,-8.272537567673087e-15,5.5180964254191585e-11
9.780162108288943e-07,1.5375136535582838e-14,4.315702129011113e-11,2.897664547973767e-14,5.435680903404859e-14,5.565017295234678e-14,5.223218198129918e-14,1.1314201243554125e-16,8.941948694371945e-11,4.315521888130531e-11,4.272742540933453e-14,3.1194834125026064e-14,9.269575613788273e-07,4.316525870653658e-11,4.2727453527835795e-14,4.539836873201623e-10,4.294659393956431e-14,4.655488589186033e-14,-8.120174979918951e-10,-4.0545932783694817e-13,-4.0908186595763623e-10,5.021125736479068e-10,5.669925304256978e-15,-4.003880533932913e-13,6.151504539044889e-14,3.428842590411221e-14,4.626707986787072e-11,4.2946630484710185e-14,5.56501986498295e-14,-4.09392055271919e-10,4.624235956136317e-11,4.2946578423415626e-14,8.942155891972091e-11,-4.5417154047045073e-10,5.5650200835008634e-14,6.282903960846422e-14,-4.2206622970718595e-10,-4.093920552719356e-10,3.771600499676848e-14,2.908920101778069e-14,4.623083643506591e-11,3.102302858671522e-14,-4.09392055271927e-10,8.945429661175202e-11,-2.133584188542631e-14,4.626085058886786e-11,4.315698278079509e-11,8.94292859519239e-11,1.609630630748921e-14,-6.457215377773793e-10,8.9423810278895e-11,4.316359677812013e-11,3.9283503049362976e-14,-4.0221581289575406e-13,4.622471903692903e-11,1.609630630748921e-14,-4.038430072386271e-10,3.0944582651187364e-10,4.625721324040093e-11,1.7871162041819612e-07,5.98806813185931e-14,-3.091686956574333e-13,-1.9200367450308036e-14,5.607632982047828e-14,6.678205222656507e-14,5.286162406942508e-14,9.907893557969556e-11,5.565016592032761e-14,1.77961450723438e-07,4.625323639652989e-11,5.5650200835008634e-14,5.565016592032761e-14,8.945429658784002e-11,4.3156982828214025e-11,4.272737277333297e-14,-7.818842119937956e-15,3.0944582651191774e-10,-4.0545930912142474e-13,9.907893557970961e-11,4.3154426230859753e-11,-6.101195749629992e-14,-2.5644585735692844e-14,5.565017295234678e-14,7.386560878814828e-14,5.879665135550778e-14,-4.0545930912142474e-13,1.781064068866686e-07,-3.896911806296104e-14,4.317856654930739e-11,8.942553735275359e-11,3.09445826511912e-10,-2.181298921850586e-14,4.625643182514143e-11
0.49538312126634876,4.261356475728863e-11,0.49538716606894184,3.6048872628155663e-10,3.484189492757757e-11,3.472736899561342e-11,3.4757194448448673e-11,5.3323807041348106e-11,0.49537970818662697,0.4953867182515639,5.238696280237727e-11,5.792093491152729e-11,4.316525870653658e-11,0.49538788378120924,5.238696256708421e-11,4.3353576701411924e-11,3.547215311388242e-11,6.449875284897633e-11,3.900287618040532e-11,3.943954557982089e-11,4.1774821927822436e-11,4.400393087638818e-11,4.046252633716644e-11,3.938025613624417e-11,3.476514365646394e-11,3.966266074605554e-11,8.042283954348234e-11,3.547215297513099e-11,3.4727369580652154e-11,4.167305982599076e-11,1.0110633057987476e-10,3.5472153163353524e-11,0.49537971818452375,4.2371276004902995e-11,3.472736953519547e-11,4.2761913240558555e-11,3.7540968266060605e-11,4.167306002232775e-11,3.727094000725602e-11,3.2951077654143774e-11,2.218778193062428e-11,6.92065896073073e-11,4.167305987958098e-11,0.49537938889829014,4.422181745488248e-11,8.818128387351629e-13,0.49538724480424423,0.49537963062372026,4.088020399297337e-11,4.2562834431466093e-11,0.49537974239915966,0.4953868526079129,5.945612038706927e-11,3.942740850231659e-11,-4.4353695495043984e-11,4.088020407734828e-11,4.1890830848139525e-11,4.4877975366187356e-11,7.942341005333954e-11,0.49537914539361366,5.5017950836608947e-11,3.519042726679873e-11,4.4736393538033106e-11,3.4781022692982924e-11,4.154317104233065e-11,3.3930213470790323e-11,4.581384457308081e-11,3.472736932151265e-11,0.49537867011372894,7.744619273802943e-11,3.4727369517707096e-11,3.472736948519989e-11,0.49537938889829036,0.4953872448042448,5.238696275761116e-11,1.1141182637779495e-06,4.487797527393826e-11,3.943954542098974e-11,4.5813845010192304e-11,0.49538726007499506,4.329798750140882e-11,3.4017273540391396e-10,3.472736947885842e-11,3.491798869415763e-11,4.268468776674882e-11,3.943954528853105e-11,0.49537834591649643,2.403400020783581e-10,0.49538535855423976,0.49537970619436567,4.487797513214211e-11,3.9870140598248746e-11,7.951494426354847e-11
1.0193675316679765e-06,4.364246535879208e-15,5.2385075841882274e-11,8.728659063466026e-15,1.6564493537136993e-14,1.7803209344961705e-14,1.5511852962997412e-14,-1.430875868087918e-12,1.1007799298862773e-10,5.238387403801305e-11,2.1930633052173702e-11,1.6518757128633766e-11,4.2727453527835795e-14,5.238696256708421e-11,9.265098999099003e-07,4.08067330926828e-14,1.0892201621613927e-14,2.472460854714446e-11,-9.17963350571455e-14,-9.21214836275268e-14,-5.854539151245083e-14,4.654858809597353e-14,1.87191898533838e-15,-9.053193851844087e-14,1.9121963575068788e-14,8.293936937589918e-15,5.7695442895899997e-11,1.089216994809993e-14,1.7803209344961705e-14,-5.853108688642241e-14,5.768814108926159e-11,1.0892201621613927e-14,1.100787284818615e-10,-8.215261442153223e-14,1.7803209423470294e-14,1.702469395197699e-14,-6.019402908908293e-14,-5.853109689787898e-14,8.820590556052038e-15,7.300740325114028e-15,5.7685507639282744e-11,1.6158621177555483e-11,-5.853110219122106e-14,2.1953864460868714e-07,-6.461668703714423e-15,5.769280693025458e-11,5.2384983972241634e-11,1.1008003066140277e-10,4.4620441974618245e-15,-5.418304126629456e-14,1.1007935908653246e-10,5.238671597236991e-11,1.8736673432859404e-11,-9.112897166694452e-14,5.7682964308100124e-11,4.4620441974618245e-15,-5.785557343275479e-14,-6.1482908427472974e-15,5.7692855488305276e-11,1.101099951537304e-10,1.6453239803030553e-14,-6.867270605628189e-14,-9.80227371495825e-15,1.7438257174877056e-14,1.6817219006385353e-14,1.7054412268712386e-14,5.023688949981914e-14,1.780320942347008e-14,2.1941256920369512e-07,5.7691582283222414e-11,1.7803209344961705e-14,1.780320942347008e-14,2.1953864460868716e-07,5.2384983964953727e-11,2.1930633052203985e-11,-1.8760619296252386e-15,-6.1482908427472974e-15,-9.212146287399906e-14,5.0236851715700476e-14,5.238428890865761e-11,-1.5954855218724154e-14,-6.9471803676909475e-15,1.7803229549916114e-14,2.1166587450442147e-14,1.5048459344558426e-14,-9.21214836275268e-14,2.1945741764049043e-07,-1.0545816339398209e-14,5.239130647595013e-11,1.1007984844390543e-10,-6.1482908427472974e-15,-1.0634711916251718e-14,5.769261514491436e-11
9.79143562443353e-07,1.4624099291821584e-14,4.334567780560977e-11,2.7566567959483245e-14,5.151913938461897e-14,5.261510759312537e-14,4.9567935216427186e-14,2.269627681897877e-16,8.997935919559117e-11,4.334406267237525e-11,4.080673309268426e-14,2.975461197153865e-14,4.539836873201623e-10,4.3353576701411924e-11,4.08067330926828e-14,9.269269272103979e-07,4.103980234524379e-14,4.439933181950276e-14,-3.909010647104789e-13,-3.8908109922705023e-13,-3.8889824909730564e-10,4.851065192946629e-10,5.355332431384152e-15,-3.842822097197334e-13,5.824515294441421e-14,3.2828567512882994e-14,4.66381331499324e-11,4.103980693308388e-14,5.261510759312537e-14,-3.8921156071191456e-10,4.661466970961715e-11,4.103979332583875e-14,8.998130713890083e-11,-4.265010209353623e-10,5.261505949720204e-14,5.987517764727818e-14,-4.0130607053069933e-10,-3.8921156071193033e-10,3.615600554556464e-14,2.7810579833986135e-14,4.660362392386515e-11,2.961191012565551e-14,-3.892115607119233e-10,9.001259072327395e-11,-2.0222169142013096e-14,4.663235628625039e-11,4.334565514115406e-11,8.998878867777265e-11,1.5325296501352575e-14,-6.255882342932819e-10,8.9983450111066e-11,4.335196099113056e-11,3.762839961559922e-14,-3.8600807911918627e-13,4.6597943408677055e-11,1.5325298663962486e-14,-3.8389957454921087e-10,3.096552376170344e-10,4.662872015048232e-11,1.7981616212065516e-07,5.703131059269471e-14,-2.9691890952045645e-13,-1.7584356102470795e-14,5.309499780280692e-14,6.383391621127152e-14,4.995685345494837e-14,8.313725268682604e-11,5.261505949720204e-14,1.790964997216079e-07,4.6624956824100956e-11,5.261510759312537e-14,5.261510759312537e-14,9.001259071044272e-11,4.3345655126703956e-11,4.0806740384884067e-14,-7.458015244922956e-15,3.096552376170811e-10,-3.8908110000794937e-13,8.313725268684071e-11,4.334321961067525e-11,-5.822191897014714e-14,-2.441002063999777e-14,5.261505949720204e-14,7.021390504697405e-14,5.616415948937035e-14,-3.8908123994730704e-13,1.792337524554532e-07,-3.7117735133701045e-14,4.336612788804901e-11,8.998509115828597e-11,3.096552376170757e-10,-2.005465427263364e-14,4.662797823380229e-11
9.564471484040311e-07,8.582411526519367e-12,7.073586269768289e-08,8.482736252726722e-15,1.6326096412731837e-14,1.7522694250243e-14,1.5300383600664434e-14,-6.918466410815375e-16,7.852652772748522e-11,3.546911737451958e-11,1.0892249470691333e-14,8.193910644882997e-15,4.294659393956431e-14,3.547215311388242e-11,1.0892201621613927e-14,4.103980234524379e-14,9.265094920414012e-07,1.2264316128937717e-14,-9.141494594820225e-14,-9.17102790443886e-14,-5.782463459624446e-14,9.320697951468419e-11,1.834483343697402e-15,-9.014487411770425e-14,1.883593853340842e-14,1.641431112357893e-11,4.305832457890063e-11,2.1522684369787915e-11,1.7522694250243e-14,-5.7812486649774e-14,8.585382519671866e-08,2.1522684369855583e-11,7.852724911358845e-11,-8.060787968383241e-14,1.7522672564574114e-14,1.6840163924416882e-14,-1.1855883006527348e-10,-5.781249321523139e-14,1.7479537622642074e-11,1.4428321263833435e-11,4.304849084802315e-11,8.018840505697462e-15,-5.781246169131884e-14,7.853541570422362e-11,-6.374852369070563e-15,4.305573218287979e-11,3.547017870254169e-11,7.852856788391511e-11,4.405772494193309e-15,-5.469801701384845e-14,7.85278708808348e-11,3.547190455382154e-11,1.8601350157265875e-11,-9.073223251761675e-14,4.304598888206108e-11,4.405707628321762e-15,-5.714155543428352e-14,-4.518467510517623e-15,4.3055760049669416e-11,7.85588913043631e-11,1.6266664814774154e-14,-6.842434330597691e-14,-9.551713977123305e-15,1.7177306631110217e-14,3.324342184056094e-11,1.678191003015575e-14,4.849201401214143e-14,1.752270056212924e-14,7.847305793443475e-11,4.305451225478152e-11,1.7522694250243e-14,1.7522694250243e-14,7.853541570422362e-11,3.547017870254169e-11,1.0892201621613927e-14,-1.9114175993441196e-15,-4.5184809186126136e-15,-9.17102606261235e-14,4.8492037314868336e-14,3.5469490970180997e-11,-3.151563575273239e-11,-6.911443284592765e-15,1.7522723893865486e-14,2.0900818684431946e-14,2.972884048880667e-11,-9.17102606261235e-14,1.5653753954780216e-07,-1.045774702901044e-14,3.547646009519021e-11,7.852835622053216e-11,-4.5184809186126136e-15,-1.0371321665733023e-14,4.3055525468708355e-11
1.102705513501374e-06,4.9604454205061375e-15,6.449664773112476e-11,1.0103592204048206e-14,1.889572699495759e-14,2.037272715527205e-14,1.7664438112186733e-14,-1.7362330780458284e-12,3.0286694643467666e-07,6.449522616440036e-11,2.4724608547164783e-11,1.8670575780164595e-11,4.655488589186033e-14,6.449875284897633e-11,2.472460854714446e-11,4.439933181950276e-14,1.2264316128937717e-14,9.265159202392804e-07,-1.0227878028200366e-13,-1.0271508132739997e-13,-6.648398475450609e-14,5.0828573624509815e-14,2.152364882433495e-15,-1.0089841376623824e-13,2.1841857621772373e-14,9.302826066540013e-15,8.737822815160761e-11,1.226434557546747e-14,2.0372730612772245e-14,-6.646274468499487e-14,8.736991203620617e-11,1.226434557546747e-14,1.518724973169169e-10,-9.46792330151197e-14,2.0372730612772245e-14,1.9261240525843877e-14,-6.833876850630226e-14,-6.646274468499487e-14,9.864215418610037e-15,8.214901806698164e-15,8.736699674641956e-11,1.8240822638770314e-11,-6.646274605251119e-14,3.0288703476140683e-07,-7.36478676767192e-15,8.737519494529617e-11,6.449653747412468e-11,1.518738997964837e-10,1.0090750931334028e-11,-5.844466107299753e-14,3.0287006442311337e-07,6.449849261559608e-11,2.0998053544393532e-11,-1.0158257250947028e-13,8.736407127619111e-11,1.0090750931322562e-11,-6.570532109579995e-14,-1.1048449280943463e-14,1.7424643839788177e-07,1.5190606814367075e-10,1.8634240803004353e-14,-7.64138230518611e-14,-1.1477433106260822e-14,1.9919072787980626e-14,1.8922287914360028e-14,1.9526024933196128e-14,5.996839093078328e-14,2.0372730612772245e-14,3.027435485914735e-07,8.737384675234076e-11,2.0372730612772245e-14,2.037273936599845e-14,3.0288703476140715e-07,6.449653747412468e-11,2.472460854721152e-11,-2.077939450667949e-15,-1.104851937052707e-14,-1.0271508132739997e-13,5.996836276559143e-14,6.449575099233124e-11,-3.588981264827279e-11,-7.830335071797548e-15,2.0372749158701377e-14,2.404458523501704e-14,1.695474093737053e-14,-1.0271507998060111e-13,3.027947288840474e-07,-1.1912598116233515e-14,6.45037463161509e-11,1.5187376754020084e-10,-1.1048449280943463e-14,-1.2429337895178932e-14,8.737503383539521e-11
9.573232084112947e-07,-3.518016237925992e-14,3.901944979111177e-11,-6.565952036504615e-14,-1.3097111978247863e-13,-1.387821569544435e-13,-1.2359082454498877e-13,4.076323102309217e-15,7.868160763338518e-11,3.902711690600017e-11,-9.179638371537313e-14,-6.838475868880697e-14,-8.120174979918951e-10,3.900287618040532e-11,-9.17963350571455e-14,-3.909010647104789e-13,-9.141494594820225e-14,-1.0227878028200366e-13,9.280907703887241e-07,1.6040383146674223e-09,9.438169849479036e-10,-4.402646213520826e-13,-1.4318227905486732e-14,1.5791307365179455e-09,-1.5034258378213717e-13,-7.072212240534147e-14,3.9655342979485974e-11,-9.141491429515893e-14,-1.3878216674054674e-13,9.438605098597311e-10,3.971372159009595e-11,-9.141491429515893e-14,7.867603787921791e-11,1.237993145201187e-09,-1.387821569544435e-13,-1.3960884115715805e-13,9.714593112411581e-10,9.4386050985971e-10,-7.614039638360057e-14,-6.144960060676677e-14,3.9737061983901476e-11,-6.7235951968484e-14,9.438605098597036e-10,7.86062542023016e-11,5.1451597130874076e-14,3.967502749418725e-11,3.9020051268496534e-11,7.86630967828722e-11,-3.6283356089871123e-14,1.066140243279624e-09,7.867094411060369e-11,3.90054095094354e-11,-8.038715127313461e-14,1.588373594146809e-09,3.9756117220398715e-11,-3.628337174172909e-14,9.323890374737726e-10,-7.758766575145925e-14,3.9676918567637454e-11,7.836225994653318e-11,-1.3428362086643003e-13,1.2060239404830192e-09,6.848427795761449e-14,-1.3706419739151126e-13,-1.4155030300822454e-13,-1.3261005585094804e-13,-3.149320035980117e-13,-1.387821569544435e-13,1.57768065701803e-07,3.9686701536878865e-11,-1.387821569544435e-13,-1.387821569544435e-13,7.860625417167367e-11,3.9020051257236144e-11,-9.179640632372081e-14,1.7321220763957245e-14,-7.758768444041275e-14,1.6040383146674209e-09,-3.1493205115380394e-13,3.902576900776656e-11,1.3284286341593365e-13,5.82147253622006e-14,-1.387821569544435e-13,-1.706190534948482e-13,-1.2595504908281245e-13,1.6040383146674066e-09,1.57413671445736e-07,8.744243306464637e-14,3.896844102384754e-11,7.866692343794464e-11,-7.758766575145925e-14,7.50004355548784e-14,3.9678748282967023e-11
