1.0000000109572358,3.3686300934284805e-06,1.0000199736004725,1.0000199736004731,3.4937810094132152e-06,3.4417015597002305e-06,1.000019843618834,1.0000199736004756,1.000019331138646,3.350532342126659e-06,3.384641368206924e-06,3.4681577131403016e-06,3.687495439477677e-06,1.0000194115525485,3.493781011167101e-06,1.000019973600473,3.4417015596697784e-06,1.000019440892955,1.0000195258983544,1.0000198436188348,3.350532344274891e-06,1.0000199736004762,3.456849120275866e-06,1.0000195822344704,1.0000196077954708,3.4568491196852493e-06,3.45684912067175e-06,1.0000195733895187,1.0000198436188334,1.000019843618834,1.0000195822344717,1.0000193311386492,1.0000195822344733,3.4580256948137335e-06,1.0000198436188334,3.368630088888142e-06,3.4937810111759518e-06
3.3686300934284805e-06,-5.59066194985889e-07,1.4489643281950825e-10,1.4489643297929943e-10,5.363522912843689e-17,4.610621047469131e-17,1.4489641249822064e-10,1.4489643297929943e-10,1.4489633223654976e-10,3.517004338695615e-17,7.793127858631324e-14,4.9505815837635187e-17,7.867817221008737e-17,2.87510925142939e-07,5.395395032357092e-17,1.4489643284372722e-10,4.610287362791389e-17,2.8751093427648766e-07,1.448963626894296e-10,1.4489641245395484e-10,3.5075817785246214e-17,1.4489643288154713e-10,4.878032510303102e-17,1.4489637144833868e-10,1.4489637551308658e-10,4.908917363202723e-17,4.843351032826196e-17,1.4489637008088236e-10,1.4489641238391392e-10,1.4489641253577826e-10,1.4489637143831623e-10,1.4489633217935865e-10,1.448963714176348e-10,4.7502059218713485e-17,1.4489641245395484e-10,7.39686076406493e-14,5.395395032357092e-17
1.0000199736004725,1.4489643281950825e-10,1.0000234520463687,1.0000240111128906,2.0796898765613956e-10,1.8172241649476456e-10,1.0000238811303768,1.0000240111128886,1.0000233686467517,1.3577567438416332e-10,1.5296566926061593e-10,1.9505557933669602e-10,3.0559564419592026e-10,1.0000234490611912,2.0796898749641561e-10,1.0000240111128875,1.8172241615811107e-10,1.000023478401793,1.000023563407763,1.000023881130378,1.357756745209829e-10,1.0000240111128906,1.8935635177001377e-10,1.000023619744262,1.000023645305427,1.8935635132651424e-10,1.89356351620908e-10,1.0000236108992517,1.0000238811303779,1.000023881130376,1.0000236197442625,1.0000233686467517,1.0000236197442622,1.8994933340893684e-10,1.0000238811303777,1.4489642833957924e-10,2.0796898740876593e-10
1.0000199736004731,1.4489643297929943e-10,1.0000240111128906,1.0000234520463716,2.0796898757248092e-10,1.817224163587448e-10,1.0000238811303777,1.0000240111128897,1.0000233686467526,1.3577567438416332e-10,1.529656692590718e-10,1.950555795249356e-10,3.0559564419592026e-10,1.0000234490611921,2.0796898749851484e-10,1.0000240111128886,1.8172241612575481e-10,1.0000234784017943,1.0000235634077639,1.0000238811303788,1.357756745209829e-10,1.000024011112892,1.8935635149474006e-10,1.000023619744263,1.0000236453054285,1.8935635132651424e-10,1.8935635169457244e-10,1.0000236108992515,1.0000238811303792,1.0000238811303772,1.0000236197442625,1.0000233686467532,1.0000236197442633,1.89949333407354e-10,1.0000238811303783,1.448964282298229e-10,2.0796898743876547e-10
3.4937810094132152e-06,5.363522912843689e-17,2.0796898765613956e-10,2.0796898757248092e-10,-5.590661147840658e-07,6.660082118775249e-17,2.0796895843294604e-10,2.0796898765613956e-10,4.126626838563648e-07,5.012084163080357e-17,5.670191527184416e-17,7.166711223793772e-17,1.1293373509066042e-16,4.126627197202732e-07,1.5351506982457147e-13,2.079689875972515e-10,6.660082118775249e-17,4.1266273279822723e-07,2.0796888709416424e-10,2.0796895847898463e-10,4.9997759767338944e-17,2.079689877482911e-10,6.999535579047303e-17,4.1266279560582096e-07,2.0796890544296942e-10,6.999535579047303e-17,6.999535579047303e-17,2.0796889771748e-10,2.0796895833978836e-10,2.079689584352555e-10,4.1266279560582053e-07,4.1266268385636474e-07,4.1266279560582133e-07,6.901111609089105e-17,2.079689584352555e-10,5.3535803574438575e-17,1.5351506998669082e-13
3.4417015597002305e-06,4.610621047469131e-17,1.8172241649476456e-10,1.817224163587448e-10,6.660082118775249e-17,-5.590661549685209e-07,1.8172239054796868e-10,1.817224163388256e-10,3.6058289617950146e-07,4.327453543926171e-17,4.861084161407759e-17,6.103772631317324e-17,9.702621875197993e-17,3.605829278426868e-07,6.635975826062049e-17,1.817224163388256e-10,1.1320409913637215e-13,3.6058293938842674e-07,3.605829727955698e-07,1.8172239041982894e-10,4.3048928062692684e-17,1.8172241641364407e-10,6.032837935578536e-17,1.817223388332263e-10,3.6058300499643247e-07,6.070948920125478e-17,6.032837935578536e-17,1.8172233702141265e-10,1.8172239057267928e-10,1.8172239046019484e-10,1.8172233880392592e-10,3.605828961795019e-07,1.8172233879801418e-10,5.94781382546931e-17,1.8172239041982894e-10,4.610287362791389e-17,6.635460975354515e-17
1.000019843618834,1.4489641249822064e-10,1.0000238811303768,1.0000238811303777,2.0796895843294604e-10,1.8172239054796868e-10,1.0000231920813631,1.0000238811303777,1.0000232386643184,1.3577565500959258e-10,1.5296564777134297e-10,1.9505555182523704e-10,6.063788166862189e-07,1.0000233190787473,2.0796895828678798e-10,1.0000238811303759,1.8172239022310355e-10,1.0000233484193461,1.0000234334253064,1.0000237511478818,1.3577565534859175e-10,1.0000238811303783,1.8935632500802779e-10,1.0000234897617974,1.000023515322961,1.8935632464422835e-10,1.8935632484724435e-10,1.0000234809167876,1.0000237511478818,1.0000237511478802,1.0000234897617977,1.0000232386643189,1.0000234897617972,1.8994930622298424e-10,1.0000237511478822,1.4489640779662385e-10,2.0796895806527237e-10
1.0000199736004756,1.4489643297929943e-10,1.0000240111128886,1.0000240111128897,2.0796898765613956e-10,1.817224163388256e-10,1.0000238811303777,1.000023452046365,1.000023368646751,1.3577567429220467e-10,1.5296566936115842e-10,1.9505557948911635e-10,3.055956441946518e-10,1.0000234490611903,2.0796898749851484e-10,1.0000240111128869,1.8172241612807686e-10,1.000023478401792,1.000023563407762,1.0000238811303774,1.357756745167758e-10,1.0000240111128895,1.8935635168197461e-10,1.0000236197442616,1.000023645305427,1.8935635133046295e-10,1.8935635169457244e-10,1.0000236108992508,1.0000238811303772,1.0000238811303763,1.0000236197442616,1.0000233686467512,1.000023619744262,1.8994933330725854e-10,1.0000238811303768,1.4489642822107766e-10,2.079689873775317e-10
1.000019331138646,1.4489633223654976e-10,1.0000233686467517,1.0000233686467526,4.126626838563648e-07,3.6058289617950146e-07,1.0000232386643184,1.000023368646751,1.0000221671144782,1.3577557972174081e-10,1.5296556295507375e-10,3.8703923891763726e-07,6.063784796805932e-07,1.0000228065953924,4.1266268370261884e-07,1.000023368646749,3.6058289580456487e-07,1.0000228359359773,1.0000229209418956,1.000023238664318,1.357755800741486e-10,1.0000233686467526,3.757305408265796e-07,1.0000229772783609,1.0000230028395116,3.757305403198016e-07,3.7573054085150686e-07,1.0000229684333564,1.0000232386643189,1.0000232386643175,1.0000229772783618,1.000022726181003,1.0000229772783615,3.7690716397888594e-07,1.0000232386643193,1.4489632733236848e-10,4.126626833754236e-07
3.350532342126659e-06,3.517004338695615e-17,1.3577567438416332e-10,1.3577567438416332e-10,5.012084163080357e-17,4.327453543926171e-17,1.3577565500959258e-10,1.3577567429220467e-10,1.3577557972174081e-10,-5.59066202571597e-07,3.71025635469545e-17,4.6318137976307315e-17,7.299989118812557e-17,2.694130487014749e-07,5.012084163080357e-17,1.3577567437202786e-10,4.3329857489017775e-17,1.357755959683589e-10,1.3577560844887472e-10,1.3577565499990997e-10,6.462500422914981e-14,1.3577567420358868e-10,4.579228518742431e-17,1.3577561668669926e-10,1.3577562049489112e-10,4.576607934438314e-17,4.576607934438314e-17,1.3577561538922028e-10,1.3577565513860282e-10,1.3577565500959258e-10,1.3577561664714012e-10,1.357755797820342e-10,1.3577561666251527e-10,4.418238308928397e-17,1.3577565513860282e-10,3.517004338695615e-17,5.012084163080357e-17
3.384641368206924e-06,7.793127858631324e-14,1.5296566926061593e-10,1.529656692590718e-10,5.670191527184416e-17,4.861084161407759e-17,1.5296564777134297e-10,1.5296566936115842e-10,1.5296556295507375e-10,3.71025635469545e-17,-5.590661853891595e-07,5.181985711965381e-17,8.270463031899115e-17,3.035223176366608e-07,5.668180793858316e-17,1.52965669259165e-10,4.861084161407759e-17,3.0352232729082466e-07,3.035223552276035e-07,1.5296564780039068e-10,3.71025635469545e-17,1.5296566931191677e-10,5.132591588462164e-17,1.5296560450166249e-10,1.529656087789821e-10,5.194261517230119e-17,5.1705349203557167e-17,1.5296560307597317e-10,1.529656478068371e-10,1.5296564785130553e-10,1.5296560448934577e-10,1.5296556296355258e-10,1.5296560450166249e-10,4.996437678972504e-17,1.529656477564838e-10,7.793127787509853e-14,5.656211838402262e-17
3.4681577131403016e-06,4.9505815837635187e-17,1.9505557933669602e-10,1.950555795249356e-10,7.166711223793772e-17,6.103772631317324e-17,1.9505555182523704e-10,1.9505557948911635e-10,3.8703923891763726e-07,4.6318137976307315e-17,5.181985711965381e-17,-5.590661367348528e-07,1.0331566787962621e-16,3.8703927298881203e-07,7.166711223793772e-17,1.950555794539543e-10,6.103772631317324e-17,3.870392854139886e-07,1.9505548403268697e-10,1.9505555185301589e-10,4.603482059113485e-17,1.9505557943862913e-10,6.462628090630031e-17,3.8703934503977636e-07,1.9505550152255528e-10,6.42965552216857e-17,6.453777732477224e-17,1.9505549416047825e-10,1.950555518089167e-10,1.950555517332374e-10,3.8703934503977615e-07,3.8703923891763716e-07,3.8703934503977657e-07,6.239503693242902e-17,1.9505555181265084e-10,4.9505815837635187e-17,7.166711223793772e-17
3.687495439477677e-06,7.867817221008737e-17,3.0559564419592026e-10,3.0559564419592026e-10,1.1293373509066042e-16,9.702621875197993e-17,6.063788166862189e-07,3.055956441946518e-10,6.063784796805932e-07,7.299989118812557e-17,8.270463031899115e-17,1.0331566787962621e-16,-5.590659407951439e-07,6.063785326411853e-07,1.1293373504217804e-16,3.0559564409544067e-10,9.680414891278786e-17,6.063785519540583e-07,6.063786078381257e-07,6.063788166862197e-07,7.299989118812557e-17,3.055956442629544e-10,1.0246396325258328e-16,3.055955143439195e-10,3.0559552310838107e-10,1.0246396325258316e-16,1.0246396325258328e-16,6.063786388984603e-07,6.06378816686219e-07,6.063788166862189e-07,3.0559551435494686e-10,6.063784796805934e-07,3.0559551435598627e-10,9.925914612172517e-17,6.06378816686219e-07,7.85748458608371e-17,1.1293373504217804e-16
1.0000194115525485,2.87510925142939e-07,1.0000234490611912,1.0000234490611921,4.126627197202732e-07,3.605829278426868e-07,1.0000233190787473,1.0000234490611903,1.0000228065953924,2.694130487014749e-07,3.035223176366608e-07,3.8703927298881203e-07,6.063785326411853e-07,1.000022327943264,4.126627195665275e-07,1.0000234490611897,3.605829274677495e-07,1.000022916350377,1.0000230013563005,1.0000233190787478,2.6941304922423617e-07,1.0000234490611932,3.757305735567143e-07,1.0000230576927693,1.0000230832539225,3.757305730499358e-07,3.757305735816409e-07,1.000023048847766,1.0000233190787482,1.0000233190787469,1.0000230576927704,1.0000228065953938,1.0000230576927702,3.76907197324266e-07,1.000023319078747,2.875109160316533e-07,4.1266271923933197e-07
3.493781011167101e-06,5.395395032357092e-17,2.0796898749641561e-10,2.0796898749851484e-10,1.5351506982457147e-13,6.635975826062049e-17,2.0796895828678798e-10,2.0796898749851484e-10,4.1266268370261884e-07,5.012084163080357e-17,5.668180793858316e-17,7.166711223793772e-17,1.1293373504217804e-16,4.126627195665275e-07,-5.590661147840658e-07,2.0796898761336773e-10,6.635460975354515e-17,4.1266273264448127e-07,2.0796888707607685e-10,2.0796895833820746e-10,5.0299093207233106e-17,2.0796898750197194e-10,6.999535579047303e-17,4.1266279545207474e-07,2.0796890540500437e-10,6.999535579047303e-17,7.004149827085122e-17,2.0796889764976581e-10,2.079689582476849e-10,2.079689582853462e-10,4.1266279545207474e-07,4.126626837026188e-07,4.1266279545207516e-07,6.882079831265317e-17,2.0796895833820746e-10,5.368649862531795e-17,1.535150696220512e-13
1.000019973600473,1.4489643284372722e-10,1.0000240111128875,1.0000240111128886,2.079689875972515e-10,1.817224163388256e-10,1.0000238811303759,1.0000240111128869,1.000023368646749,1.3577567437202786e-10,1.52965669259165e-10,1.950555794539543e-10,3.0559564409544067e-10,1.0000234490611897,2.0796898761336773e-10,1.000023452046369,1.8172241612575481e-10,1.0000234784017918,1.000023563407762,1.0000238811303759,1.357756745167758e-10,1.0000240111128893,1.8935635150508225e-10,1.0000236197442596,1.0000236453054263,1.8935635132651424e-10,1.8935635147567318e-10,1.0000236108992504,1.0000238811303768,1.000023881130375,1.0000236197442611,1.00002336864675,1.0000236197442602,1.8994933330725854e-10,1.0000238811303768,1.4489642827694931e-10,2.0796898730608055e-10
3.4417015596697784e-06,4.610287362791389e-17,1.8172241615811107e-10,1.8172241612575481e-10,6.660082118775249e-17,1.1320409913637215e-13,1.8172239022310355e-10,1.8172241612807686e-10,3.6058289580456487e-07,4.3329857489017775e-17,4.861084161407759e-17,6.103772631317324e-17,9.680414891278786e-17,3.605829274677495e-07,6.635460975354515e-17,1.8172241612575481e-10,-5.590661549685209e-07,3.605829390134901e-07,3.6058297242063275e-07,1.817223903060234e-10,4.327453543926171e-17,1.8172241612339412e-10,6.032837935578536e-17,1.8172233867432522e-10,3.605830046214951e-07,6.070948920125478e-17,6.072657940989746e-17,1.8172233668196407e-10,1.8172239022953346e-10,1.8172239054446172e-10,1.8172233868898922e-10,3.605828958045651e-07,1.8172233864766447e-10,5.94781382546931e-17,1.8172239022310355e-10,4.610621047469131e-17,6.660082118775249e-17
1.000019440892955,2.8751093427648766e-07,1.000023478401793,1.0000234784017943,4.1266273279822723e-07,3.6058293938842674e-07,1.0000233484193461,1.000023478401792,1.0000228359359773,1.357755959683589e-10,3.0352232729082466e-07,3.870392854139886e-07,6.063785519540583e-07,1.000022916350377,4.1266273264448127e-07,1.0000234784017918,3.605829390134901e-07,1.0000223866244407,1.000023030696892,1.000023348419346,1.3577559624046105e-10,1.0000234784017938,1.8935624243638711e-10,1.0000230870333622,1.0000231125945158,1.893562421904013e-10,1.893562424362218e-10,1.0000230781883557,1.0000233484193466,1.0000233484193453,1.0000230870333624,1.0000228359359762,1.000023087033363,3.769072094841964e-07,1.0000233484193457,2.8751092516520147e-07,4.1266273231728584e-07
1.0000195258983544,1.448963626894296e-10,1.000023563407763,1.0000235634077639,2.0796888709416424e-10,3.605829727955698e-07,1.0000234334253064,1.000023563407762,1.0000229209418956,1.3577560844887472e-10,3.035223552276035e-07,1.9505548403268697e-10,6.063786078381257e-07,1.0000230013563005,2.0796888707607685e-10,1.000023563407762,3.6058297242063275e-07,1.000023030696892,1.000022556636302,1.0000234334253069,1.357756087136771e-10,1.000023563407764,3.757306200305438e-07,1.0000231720393007,1.000023197600456,3.7573061952376617e-07,3.757306200554708e-07,1.0000231631942949,1.0000234334253066,1.000023433425306,1.0000231720393014,1.000022920941896,1.0000231720393014,3.7690724466136424e-07,1.0000234334253069,1.4489635801622912e-10,2.0796888689288543e-10
1.0000198436188348,1.4489641245395484e-10,1.000023881130378,1.0000238811303788,2.0796895847898463e-10,1.8172239041982894e-10,1.0000237511478818,1.0000238811303774,1.000023238664318,1.3577565499990997e-10,1.5296564780039068e-10,1.9505555185301589e-10,6.063788166862197e-07,1.0000233190787478,2.0796895833820746e-10,1.0000238811303759,1.817223903060234e-10,1.000023348419346,1.0000234334253069,1.0000231920813636,1.3577565544867e-10,1.000023881130378,1.8935632489386874e-10,1.000023489761798,1.0000235153229613,1.893563247557133e-10,1.89356324879181e-10,1.0000234809167885,1.0000237511478822,1.0000237511478804,1.0000234897617986,1.0000232386643186,1.000023489761798,1.8994930621283978e-10,1.0000237511478827,1.4489640784875365e-10,2.0796895812373413e-10
3.350532344274891e-06,3.5075817785246214e-17,1.357756745209829e-10,1.357756745209829e-10,4.9997759767338944e-17,4.3048928062692684e-17,1.3577565534859175e-10,1.357756745167758e-10,1.357755800741486e-10,6.462500422914981e-14,3.71025635469545e-17,4.603482059113485e-17,7.299989118812557e-17,2.6941304922423617e-07,5.0299093207233106e-17,1.357756745167758e-10,4.327453543926171e-17,1.3577559624046105e-10,1.357756087136771e-10,1.3577565544867e-10,-5.59066202571597e-07,1.357756745111034e-10,4.588613475068748e-17,1.357756169440309e-10,1.357756207512072e-10,4.576607934438314e-17,4.579664449751539e-17,1.357756156608655e-10,1.3577565532413447e-10,1.3577565532482036e-10,1.3577561694797199e-10,1.3577558001359872e-10,1.3577561693250265e-10,4.418238308928397e-17,1.3577565532482036e-10,3.4895928517875975e-17,5.012084163080357e-17
1.0000199736004762,1.4489643288154713e-10,1.0000240111128906,1.000024011112892,2.079689877482911e-10,1.8172241641364407e-10,1.0000238811303783,1.0000240111128895,1.0000233686467526,1.3577567420358868e-10,1.5296566931191677e-10,1.9505557943862913e-10,3.055956442629544e-10,1.0000234490611932,2.0796898750197194e-10,1.0000240111128893,1.8172241612339412e-10,1.0000234784017938,1.000023563407764,1.000023881130378,1.357756745111034e-10,1.0000234520463716,1.8935635172084272e-10,1.0000236197442627,1.0000236453054288,1.893563512502483e-10,1.8935635163158882e-10,1.0000236108992533,1.0000238811303788,1.0000238811303768,1.0000236197442647,1.0000233686467535,1.0000236197442638,1.8994933333645274e-10,1.000023881130379,1.4489642822107766e-10,2.0796898730361256e-10
3.456849120275866e-06,4.878032510303102e-17,1.8935635177001377e-10,1.8935635149474006e-10,6.999535579047303e-17,6.032837935578536e-17,1.8935632500802779e-10,1.8935635168197461e-10,3.757305408265796e-07,4.579228518742431e-17,5.132591588462164e-17,6.462628090630031e-17,1.0246396325258328e-16,3.757305735567143e-07,6.999535579047303e-17,1.8935635150508225e-10,6.032837935578536e-17,1.8935624243638711e-10,3.757306200305438e-07,1.8935632489386874e-10,4.588613475068748e-17,1.8935635172084272e-10,-5.59066140561702e-07,1.8935627137141304e-10,3.7573065332008806e-07,1.2635830036740838e-13,1.263583004324061e-13,3.757306392301883e-07,1.893563249129068e-10,1.8935632492144074e-10,1.893562713512772e-10,3.757305408265797e-07,1.8935627134652016e-10,6.211244697451659e-17,1.8935632500802779e-10,4.8610203839543216e-17,6.991495898516149e-17
1.0000195822344704,1.4489637144833868e-10,1.000023619744262,1.000023619744263,4.1266279560582096e-07,1.817223388332263e-10,1.0000234897617974,1.0000236197442616,1.0000229772783609,1.3577561668669926e-10,1.5296560450166249e-10,3.8703934503977636e-07,3.055955143439195e-10,1.0000230576927693,4.1266279545207474e-07,1.0000236197442596,1.8172233867432522e-10,1.0000230870333622,1.0000231720393007,1.000023489761798,1.357756169440309e-10,1.0000236197442627,1.8935627137141304e-10,1.0000226693092578,1.0000232539369345,1.8935627107121284e-10,1.893562713320107e-10,1.000023219530771,1.0000234897617983,1.0000234897617968,1.0000232283757784,1.0000229772783609,1.0000232283757786,1.8994925155947363e-10,1.0000234897617986,1.4489636680220686e-10,4.126627951248793e-07
1.0000196077954708,1.4489637551308658e-10,1.000023645305427,1.0000236453054285,2.0796890544296942e-10,3.6058300499643247e-07,1.000023515322961,1.000023645305427,1.0000230028395116,1.3577562049489112e-10,1.529656087789821e-10,1.9505550152255528e-10,3.0559552310838107e-10,1.0000230832539225,2.0796890540500437e-10,1.0000236453054263,3.605830046214951e-07,1.0000231125945158,1.000023197600456,1.0000235153229613,1.357756207512072e-10,1.0000236453054288,3.7573065332008806e-07,1.0000232539369345,1.0000227204315686,3.7573065281330994e-07,3.7573065334501487e-07,1.0000232450919284,1.0000235153229606,1.00002351532296,1.0000232539369358,1.0000230028395136,1.0000232539369367,3.769072785622869e-07,1.00002351532296,1.448963709239447e-10,2.0796890527556932e-10
3.4568491196852493e-06,4.908917363202723e-17,1.8935635132651424e-10,1.8935635132651424e-10,6.999535579047303e-17,6.070948920125478e-17,1.8935632464422835e-10,1.8935635133046295e-10,3.757305403198016e-07,4.576607934438314e-17,5.194261517230119e-17,6.42965552216857e-17,1.0246396325258316e-16,3.757305730499358e-07,6.999535579047303e-17,1.8935635132651424e-10,6.070948920125478e-17,1.893562421904013e-10,3.7573061952376617e-07,1.893563247557133e-10,4.576607934438314e-17,1.893563512502483e-10,1.2635830036740838e-13,1.8935627107121284e-10,3.7573065281330994e-07,-5.59066140561702e-07,1.2635830062087307e-13,3.757306387234098e-07,1.89356324625448e-10,1.893563246879746e-10,1.8935627104988822e-10,3.757305403198021e-07,1.8935627105932113e-10,6.211244697451659e-17,1.8935632456212985e-10,4.86101920460994e-17,6.991495898516149e-17
3.45684912067175e-06,4.843351032826196e-17,1.89356351620908e-10,1.8935635169457244e-10,6.999535579047303e-17,6.032837935578536e-17,1.8935632484724435e-10,1.8935635169457244e-10,3.7573054085150686e-07,4.576607934438314e-17,5.1705349203557167e-17,6.453777732477224e-17,1.0246396325258328e-16,3.757305735816409e-07,7.004149827085122e-17,1.8935635147567318e-10,6.072657940989746e-17,1.893562424362218e-10,3.757306200554708e-07,1.89356324879181e-10,4.579664449751539e-17,1.8935635163158882e-10,1.263583004324061e-13,1.893562713320107e-10,3.7573065334501487e-07,1.2635830062087307e-13,-5.59066140561702e-07,3.757306392551149e-07,1.893563248912982e-10,1.8935632493200774e-10,1.8935627135757806e-10,3.7573054085150665e-07,1.8935627133437495e-10,6.237303445483816e-17,1.89356324932038e-10,4.8610203839543216e-17,7.004149827085122e-17
1.0000195733895187,1.4489637008088236e-10,1.0000236108992517,1.0000236108992515,2.0796889771748e-10,1.8172233702141265e-10,1.0000234809167876,1.0000236108992508,1.0000229684333564,1.3577561538922028e-10,1.5296560307597317e-10,1.9505549416047825e-10,6.063786388984603e-07,1.000023048847766,2.0796889764976581e-10,1.0000236108992504,1.8172233668196407e-10,1.0000230781883557,1.0000231631942949,1.0000234809167885,1.357756156608655e-10,1.0000236108992533,3.757306392301883e-07,1.000023219530771,1.0000232450919284,3.757306387234098e-07,3.757306392551149e-07,1.0000226516192368,1.0000234809167892,1.0000234809167872,1.0000232195307728,1.0000229684333566,1.0000232195307717,3.7690726419566e-07,1.000023480916789,1.4489636547940765e-10,2.0796889747079554e-10
1.0000198436188334,1.4489641238391392e-10,1.0000238811303779,1.0000238811303792,2.0796895833978836e-10,1.8172239057267928e-10,1.0000237511478818,1.0000238811303772,1.0000232386643189,1.3577565513860282e-10,1.529656478068371e-10,1.950555518089167e-10,6.06378816686219e-07,1.0000233190787482,2.079689582476849e-10,1.0000238811303768,1.8172239022953346e-10,1.0000233484193466,1.0000234334253066,1.0000237511478822,1.3577565532413447e-10,1.0000238811303788,1.893563249129068e-10,1.0000234897617983,1.0000235153229606,1.89356324625448e-10,1.893563248912982e-10,1.0000234809167892,1.0000231920813603,1.0000237511478813,1.0000234897617986,1.0000232386643189,1.0000234897617986,1.8994930627941318e-10,1.0000237511478822,1.4489640780575398e-10,2.0796895814967584e-10
1.000019843618834,1.4489641253577826e-10,1.000023881130376,1.0000238811303772,2.079689584352555e-10,1.8172239046019484e-10,1.0000237511478802,1.0000238811303763,1.0000232386643175,1.3577565500959258e-10,1.5296564785130553e-10,1.950555517332374e-10,6.063788166862189e-07,1.0000233190787469,2.079689582853462e-10,1.000023881130375,1.8172239054446172e-10,1.0000233484193453,1.000023433425306,1.0000237511478804,1.3577565532482036e-10,1.0000238811303768,1.8935632492144074e-10,1.0000234897617968,1.00002351532296,1.893563246879746e-10,1.8935632493200774e-10,1.0000234809167872,1.0000237511478813,1.0000231920813618,1.0000234897617972,1.0000232386643177,1.0000234897617968,1.8994930615133908e-10,1.0000237511478818,1.448964077869779e-10,2.0796895806652139e-10
1.0000195822344717,1.4489637143831623e-10,1.0000236197442625,1.0000236197442625,4.1266279560582053e-07,1.8172233880392592e-10,1.0000234897617977,1.0000236197442616,1.0000229772783618,1.3577561664714012e-10,1.5296560448934577e-10,3.8703934503977615e-07,3.0559551435494686e-10,1.0000230576927704,4.1266279545207474e-07,1.0000236197442611,1.8172233868898922e-10,1.0000230870333624,1.0000231720393014,1.0000234897617986,1.3577561694797199e-10,1.0000236197442647,1.893562713512772e-10,1.0000232283757784,1.0000232539369358,1.8935627104988822e-10,1.8935627135757806e-10,1.0000232195307728,1.0000234897617986,1.0000234897617972,1.0000226693092544,1.0000229772783613,1.0000232283757795,1.8994925153807994e-10,1.0000234897617977,1.4489636688339037e-10,4.1266279512487936e-07
1.0000193311386492,1.4489633217935865e-10,1.0000233686467517,1.0000233686467532,4.1266268385636474e-07,3.605828961795019e-07,1.0000232386643189,1.0000233686467512,1.000022726181003,1.357755797820342e-10,1.5296556296355258e-10,3.8703923891763716e-07,6.063784796805934e-07,1.0000228065953938,4.126626837026188e-07,1.00002336864675,3.605828958045651e-07,1.0000228359359762,1.000022920941896,1.0000232386643186,1.3577558001359872e-10,1.0000233686467535,3.757305408265797e-07,1.0000229772783609,1.0000230028395136,3.757305403198021e-07,3.7573054085150665e-07,1.0000229684333566,1.0000232386643189,1.0000232386643177,1.0000229772783613,1.0000221671144807,1.0000229772783618,3.7690716397888573e-07,1.0000232386643186,1.4489632758430678e-10,4.126626833754233e-07
1.0000195822344733,1.448963714176348e-10,1.0000236197442622,1.0000236197442633,4.1266279560582133e-07,1.8172233879801418e-10,1.0000234897617972,1.000023619744262,1.0000229772783615,1.3577561666251527e-10,1.5296560450166249e-10,3.8703934503977657e-07,3.0559551435598627e-10,1.0000230576927702,4.1266279545207516e-07,1.0000236197442602,1.8172233864766447e-10,1.000023087033363,1.0000231720393014,1.000023489761798,1.3577561693250265e-10,1.0000236197442638,1.8935627134652016e-10,1.0000232283757786,1.0000232539369367,1.8935627105932113e-10,1.8935627133437495e-10,1.0000232195307717,1.0000234897617986,1.0000234897617968,1.0000232283757795,1.0000229772783618,1.0000226693092564,1.8994925160227394e-10,1.0000234897617977,1.4489636685604327e-10,4.126627951248799e-07
3.4580256948137335e-06,4.7502059218713485e-17,1.8994933340893684e-10,1.89949333407354e-10,6.901111609089105e-17,5.94781382546931e-17,1.8994930622298424e-10,1.8994933330725854e-10,3.7690716397888594e-07,4.418238308928397e-17,4.996437678972504e-17,6.239503693242902e-17,9.925914612172517e-17,3.76907197324266e-07,6.882079831265317e-17,1.8994933330725854e-10,5.94781382546931e-17,3.769072094841964e-07,3.7690724466136424e-07,1.8994930621283978e-10,4.418238308928397e-17,1.8994933333645274e-10,6.211244697451659e-17,1.8994925155947363e-10,3.769072785622869e-07,6.211244697451659e-17,6.237303445483816e-17,3.7690726419566e-07,1.8994930627941318e-10,1.8994930615133908e-10,1.8994925153807994e-10,3.7690716397888573e-07,1.8994925160227394e-10,-5.590661488569479e-07,1.8994930615133908e-10,4.7502059218713485e-17,6.837363703313572e-17
1.0000198436188334,1.4489641245395484e-10,1.0000238811303777,1.0000238811303783,2.079689584352555e-10,1.8172239041982894e-10,1.0000237511478822,1.0000238811303768,1.0000232386643193,1.3577565513860282e-10,1.529656477564838e-10,1.9505555181265084e-10,6.06378816686219e-07,1.000023319078747,2.0796895833820746e-10,1.0000238811303768,1.8172239022310355e-10,1.0000233484193457,1.0000234334253069,1.0000237511478827,1.3577565532482036e-10,1.000023881130379,1.8935632500802779e-10,1.0000234897617986,1.00002351532296,1.8935632456212985e-10,1.89356324932038e-10,1.000023480916789,1.0000237511478822,1.0000237511478818,1.0000234897617977,1.0000232386643186,1.0000234897617977,1.8994930615133908e-10,1.0000231920813591,1.4489640784875365e-10,2.0796895812373413e-10
3.368630088888142e-06,7.39686076406493e-14,1.4489642833957924e-10,1.448964282298229e-10,5.3535803574438575e-17,4.610287362791389e-17,1.4489640779662385e-10,1.4489642822107766e-10,1.4489632733236848e-10,3.517004338695615e-17,7.793127787509853e-14,4.9505815837635187e-17,7.85748458608371e-17,2.875109160316533e-07,5.368649862531795e-17,1.4489642827694931e-10,4.610621047469131e-17,2.8751092516520147e-07,1.4489635801622912e-10,1.4489640784875365e-10,3.4895928517875975e-17,1.4489642822107766e-10,4.8610203839543216e-17,1.4489636680220686e-10,1.448963709239447e-10,4.86101920460994e-17,4.8610203839543216e-17,1.4489636547940765e-10,1.4489640780575398e-10,1.448964077869779e-10,1.4489636688339037e-10,1.4489632758430678e-10,1.4489636685604327e-10,4.7502059218713485e-17,1.4489640784875365e-10,-5.5906619477917e-07,5.395395032357092e-17
3.4937810111759518e-06,5.395395032357092e-17,2.0796898740876593e-10,2.0796898743876547e-10,1.5351506998669082e-13,6.635460975354515e-17,2.0796895806527237e-10,2.079689873775317e-10,4.126626833754236e-07,5.012084163080357e-17,5.656211838402262e-17,7.166711223793772e-17,1.1293373504217804e-16,4.1266271923933197e-07,1.535150696220512e-13,2.0796898730608055e-10,6.660082118775249e-17,4.1266273231728584e-07,2.0796888689288543e-10,2.0796895812373413e-10,5.012084163080357e-17,2.0796898730361256e-10,6.991495898516149e-17,4.126627951248793e-07,2.0796890527556932e-10,6.991495898516149e-17,7.004149827085122e-17,2.0796889747079554e-10,2.0796895814967584e-10,2.0796895806652139e-10,4.1266279512487936e-07,4.126626833754233e-07,4.126627951248799e-07,6.837363703313572e-17,2.0796895812373413e-10,5.395395032357092e-17,-5.590661146293226e-07
