1.0000000055196199,6.364970222722812e-06,0.9999645852865113,0.999964585286514,0.9999645852865121,6.37432508066189e-06,6.397018062074306e-06,0.9999619899987833,0.9999645852865116,0.9999606252933901,6.374624271395411e-06,0.9999645852865118,6.374501075849884e-06,6.3653892543618316e-06,6.403429040742158e-06,6.371873751316292e-06,0.9999645852865113,6.37432508066189e-06,6.367813882394252e-06,6.372988442069392e-06,6.371873751315496e-06,0.9999645852865113,6.3994974853454806e-06,6.373920897825901e-06,0.9999645852865118,6.42532526954994e-06,0.9999645852865122,0.9999645852865143,0.9999645852865113,6.382579750769529e-06,6.372988442715869e-06,0.9999645852865116,6.373950256004218e-06,0.9999645852865136,0.9999645852865134,6.365389254563675e-06,0.9999645852865122,6.384548186582506e-06,0.9999645563769518,0.9999645563769554,0.9999645852865136,0.9999645852865114,6.384548186568515e-06,0.9999645852865113,0.9999645852865119,6.367813882513546e-06,6.371567656496854e-06,0.9999645852865121,0.9999670827029646,6.3750648351376934e-06,6.382318301817098e-06,6.384548186568555e-06,0.9999645852865126,0.9999645852865142,6.367813883625652e-06,0.999964585286514
6.364970222722812e-06,1.6693047953049132e-05,2.460721106810441e-10,2.4607211068360527e-10,2.4607211066488995e-10,1.9146807890002864e-13,1.0196607996194572e-16,4.896416342068851e-07,2.46072110704054e-10,4.896409928256779e-07,1.9159026196134212e-13,2.4607211068360527e-10,1.937092659682104e-13,1.8698503768606867e-13,2.035750977651806e-13,1.9025284539268197e-13,2.4607211066488995e-10,1.9146807888017088e-13,1.881937756789525e-13,1.9290712434436078e-13,1.9025284569789717e-13,2.4607211072179527e-10,2.0162004628507952e-13,1.9131750067616523e-13,2.4607211068360527e-10,2.1192537200605324e-13,2.4607211068005475e-10,2.4607211069829326e-10,2.4607211069829326e-10,1.9555054775352304e-13,1.9290712560044436e-13,2.460721106930492e-10,1.912491131653799e-13,2.4607211069829326e-10,2.46072110704054e-10,1.869850367985076e-13,2.46072110678041e-10,1.9417895733485635e-13,2.460721038646591e-10,2.460721038167569e-10,2.4607211068005475e-10,2.460721106930492e-10,1.9417895757318433e-13,2.460721106930492e-10,2.4607211072179527e-10,1.8819377687669142e-13,1.9008246511603118e-13,2.4607211069056724e-10,2.460726997045362e-10,1.9180688161266267e-13,1.9756433933748553e-13,1.9417895779436712e-13,2.4607211072179527e-10,2.4607211068005475e-10,1.8819377687289315e-13,2.4607211068360527e-10
0.9999645852865113,2.460721106810441e-10,0.999954789184938,0.9999380961381432,0.9999380961381411,2.5077334163515434e-10,2.621775596364778e-10,0.9999355009054891,0.999938096138142,0.999934136229034,2.5092369556164666e-10,0.9999380961381423,2.508618166972508e-10,2.4628269533451304e-10,2.653993247227414e-10,2.4954143761703907e-10,0.9999380961381426,2.5077334160446987e-10,2.4750117517520904e-10,2.5010165058270594e-10,2.495414377546857e-10,0.9999380961381423,2.63423544199303e-10,2.5057022124803733e-10,0.9999380961381422,2.764031048111609e-10,0.9999380961381409,0.9999380961381426,0.9999380961381423,2.5492167362058736e-10,2.501016512895964e-10,0.9999380961381426,2.505849734555307e-10,0.9999380961381427,0.9999380961381427,2.462826949539416e-10,0.9999380961381429,2.5591086280749055e-10,0.9999380672291929,0.9999380672291939,0.9999380961381429,0.9999380961381426,2.559108629113355e-10,0.9999380961381432,0.999938096138142,2.4750117582249353e-10,2.49387612902526e-10,0.9999380961381429,0.9999405935015843,2.5114509900675574e-10,2.5479031593438964e-10,2.5591086315224816e-10,0.9999380961381437,0.9999380961381437,2.475011757993205e-10,0.9999380961381426
0.999964585286514,2.4607211068360527e-10,0.9999380961381432,0.9999547891849337,0.9999380961381414,2.507733416336125e-10,2.621775596878832e-10,0.9999355009054877,0.999938096138142,0.9999341362290348,2.5092369555672106e-10,0.9999380961381423,2.508618166950505e-10,2.4628269532892425e-10,2.6539932471993213e-10,2.495414376411896e-10,0.9999380961381427,2.507733415471895e-10,2.4750117520413673e-10,2.5010165059278813e-10,2.495414377846281e-10,0.9999380961381414,2.6342354418941147e-10,2.5057022125431677e-10,0.9999380961381417,2.764031047769724e-10,0.9999380961381412,0.9999380961381437,0.9999380961381414,2.549216736275917e-10,2.501016512854685e-10,0.9999380961381419,2.5058497345578476e-10,0.9999380961381437,0.9999380961381423,2.4628269495048214e-10,0.9999380961381417,2.5591086282133854e-10,0.9999380672291925,0.9999380672291946,0.9999380961381437,0.999938096138142,2.55910862953687e-10,0.9999380961381416,0.999938096138142,2.4750117576807865e-10,2.493876128661414e-10,0.9999380961381429,0.9999405935015853,2.5114509900675574e-10,2.547903159389761e-10,2.5591086312104867e-10,0.9999380961381432,0.9999380961381432,2.475011757729622e-10,0.9999380961381423
0.9999645852865121,2.4607211066488995e-10,0.9999380961381411,0.9999380961381414,0.9999547891849326,2.507733416336125e-10,2.6217755966235496e-10,0.9999355009054867,0.9999380961381412,0.999934136229033,2.5092369555352545e-10,0.9999380961381412,2.5086181669952913e-10,2.46282695357486e-10,2.653993246482499e-10,2.4954143761519027e-10,0.9999380961381411,2.507733415566837e-10,2.4750117518453286e-10,2.5010165059107995e-10,2.4954143778952965e-10,0.9999380961381406,2.6342354418045026e-10,2.5057022122309675e-10,0.9999380961381412,2.7640310482521097e-10,0.9999380961381402,0.9999380961381422,0.9999380961381406,2.549216736414741e-10,2.5010165133493117e-10,0.9999380961381417,2.5058497350290355e-10,0.9999380961381423,0.9999380961381408,2.462826949783538e-10,0.9999380961381414,2.559108628168816e-10,0.9999380672291914,0.999938067229192,0.9999380961381422,0.9999380961381414,2.55910862953687e-10,0.9999380961381414,0.9999380961381406,2.4750117578391967e-10,2.4938761290610227e-10,0.9999380961381416,0.9999405935015832,2.511450990353822e-10,2.547903159357797e-10,2.5591086311478696e-10,0.9999380961381417,0.9999380961381414,2.475011758328302e-10,0.9999380961381402
6.37432508066189e-06,1.9146807890002864e-13,2.5077334163515434e-10,2.507733416336125e-10,2.507733416336125e-10,1.669304796341162e-05,1.0438338738069614e-16,4.989962832230404e-07,2.507733416048969e-10,4.989956290201306e-07,1.9637711873743754e-13,2.507733415840847e-10,9.978845817949626e-17,1.9168549759308217e-13,1.0497160139650567e-16,1.950139149931804e-13,2.507733415942839e-10,1.9625209296203892e-13,1.9291691926607128e-13,9.937708576821608e-17,1.9501391529874551e-13,2.507733415820723e-10,2.06644392908888e-13,9.842385137469846e-17,2.5077334161385796e-10,1.0899685328975027e-16,2.5077334163407006e-10,2.5077334163515434e-10,2.507733415840847e-10,2.004118471468894e-13,9.935265979769399e-17,2.507733415840847e-10,1.9602967334157306e-13,2.507733416336125e-10,2.507733416336125e-10,1.9168549670224861e-13,2.507733416336125e-10,1.9906342469759442e-13,2.507733346585994e-10,2.507733346585994e-10,2.5077334160351045e-10,2.507733415886248e-10,1.9906342493487315e-13,2.5077334161385796e-10,2.507733416048969e-10,1.929169204708439e-13,1.9484069956210014e-13,2.507733416048969e-10,2.5077394245472927e-10,1.9659786465385434e-13,1.0182586466955419e-16,1.990634251589939e-13,2.507733415810508e-10,2.5077334163515445e-10,1.9291692046725857e-13,2.5077334161385796e-10
6.397018062074306e-06,1.0196607996194572e-16,2.621775596364778e-10,2.621775596878832e-10,2.6217755966235496e-10,1.0438338738069614e-16,1.6693047988165268e-05,5.216887351372357e-07,2.6217755967202915e-10,5.216880498918447e-07,1.0457194557561662e-16,2.6217755969804734e-10,1.0566455002484705e-16,2.0296640491737345e-13,1.1096120139559685e-16,2.064420137888841e-13,2.6217755968798355e-10,1.0422299960038679e-16,2.0425288718697193e-13,1.050833397968021e-16,2.0644201409617182e-13,2.6217755968497706e-10,1.0995874877251045e-16,1.0427418504093623e-16,2.621775596883364e-10,1.1535959936274743e-16,2.621775597107611e-10,2.6217755972906113e-10,2.6217755966235496e-10,1.0634794314134015e-16,1.050833397968021e-16,2.6217755968461977e-10,1.041759434840088e-16,2.6217755968798355e-10,2.6217755972906113e-10,2.0296640401649637e-13,2.6217755965864335e-10,2.1078568452069411e-13,2.6217755233110515e-10,2.621775523323167e-10,2.6217755966235496e-10,2.6217755972906113e-10,2.1078568475676085e-13,2.6217755972906113e-10,2.6217755972906113e-10,2.0425288841114042e-13,1.0352382470709993e-16,2.621775597031831e-10,2.6217818910047523e-10,2.0809849509853049e-13,1.0721745798135556e-16,2.1078568498819737e-13,2.62177559682666e-10,2.621775597087645e-10,2.0425288840803665e-13,2.621775597087645e-10
0.9999619899987833,4.896416342068851e-07,0.9999355009054891,0.9999355009054877,0.9999355009054867,4.989962832230404e-07,5.216887351372357e-07,0.9999495987263389,0.9999355009054866,0.9999315410065803,4.992954619480237e-07,0.9999355009054877,2.5086119082941604e-10,4.90060661757346e-07,5.280995004242345e-07,4.965450040494671e-07,0.9999355009054877,4.98996283123662e-07,4.924852291749915e-07,2.501010267015308e-10,4.965450042673319e-07,0.9999355009054878,5.241680337102766e-07,2.5056959722755293e-10,0.9999355009054873,2.764024158766251e-10,0.9999355009054873,0.9999355009054881,0.9999355009054878,5.072507574703439e-07,2.50101027441038e-10,0.9999355009054878,4.986214626778154e-07,0.9999355009054883,0.9999355009054877,4.900606609889125e-07,0.9999355009054873,5.092190770167345e-07,0.9999354719966147,0.9999354719966156,0.9999355009054883,0.9999355009054878,5.092190772469566e-07,0.9999355009054874,0.9999355009054871,4.924852303709044e-07,4.962389189830901e-07,0.9999355009054883,0.9999379982625002,4.997360171097704e-07,2.547896798109208e-10,5.09219077592935e-07,0.9999355009054894,0.9999355009054892,4.924852303884046e-07,0.9999355009054887
0.9999645852865116,2.46072110704054e-10,0.999938096138142,0.999938096138142,0.9999380961381412,2.507733416048969e-10,2.6217755967202915e-10,0.9999355009054866,0.9999547891849341,0.9999341362290342,2.5092369556164666e-10,0.9999380961381414,2.508618166973742e-10,2.4628269532892425e-10,2.6539932469484896e-10,2.495414375966199e-10,0.999938096138142,2.5077334162268227e-10,2.47501175172885e-10,2.501016505927263e-10,2.495414377816073e-10,0.9999380961381406,2.634235442148473e-10,2.505702212486188e-10,0.9999380961381409,2.764031047855289e-10,0.9999380961381409,0.9999380961381423,0.9999380961381408,2.5492167366819827e-10,2.501016512947165e-10,0.9999380961381412,2.505849734947643e-10,0.9999380961381423,0.9999380961381409,2.462826949754109e-10,0.9999380961381409,2.559108627697742e-10,0.9999380672291912,0.9999380672291937,0.999938096138142,0.9999380961381401,2.559108629137244e-10,0.9999380961381406,0.9999380961381412,2.4750117577017855e-10,2.49387612902526e-10,0.9999380961381423,0.9999405935015834,2.511450989670623e-10,2.5479031592583153e-10,2.5591086313707596e-10,0.9999380961381426,0.9999380961381426,2.475011758107884e-10,0.999938096138142
0.9999606252933901,4.896409928256779e-07,0.999934136229034,0.9999341362290348,0.999934136229033,4.989956290201306e-07,5.216880498918447e-07,0.9999315410065803,0.9999341362290342,0.9999468693823237,4.992948073489578e-07,0.9999341362290345,4.991716765957405e-07,4.900600198002552e-07,5.280988075924318e-07,4.965443531986807e-07,0.9999341362290347,4.989956289207526e-07,4.924845838989596e-07,4.976590775930279e-07,4.965443534165447e-07,0.9999341362290344,5.241673462577081e-07,4.985914545312003e-07,0.999934136229034,5.499944291655227e-07,0.9999341362290327,0.999934136229034,0.9999341362290335,5.072500919843787e-07,4.976590790122852e-07,0.9999341362290348,4.986208090039362e-07,0.9999341362290345,0.9999341362290342,4.900600190318213e-07,0.9999341362290338,5.092184100217248e-07,0.9999341073202,0.9999341073202015,0.9999341362290347,0.9999341362290338,5.092184102519492e-07,0.9999341362290347,0.9999341362290344,4.924845850948715e-07,4.962382685601171e-07,0.9999341362290347,0.9999366335826628,4.99735361909126e-07,5.069887104132629e-07,5.092184105979246e-07,0.9999341362290352,0.9999341362290356,4.924845851123705e-07,0.9999341362290352
6.374624271395411e-06,1.9159026196134212e-13,2.5092369556164666e-10,2.5092369555672106e-10,2.5092369555352545e-10,1.9637711873743754e-13,1.0457194557561662e-16,4.992954619480237e-07,2.5092369556164666e-10,4.992948073489578e-07,1.6693047964294504e-05,2.5092369556061847e-10,9.970871869292371e-17,1.9180780933596266e-13,1.0486193037767107e-16,1.9513820258578397e-13,2.5092369557695327e-10,1.9637711871587455e-13,1.9303996401420968e-13,9.94318386841534e-17,1.9513820289156673e-13,2.509236955556907e-10,2.0677594847056358e-13,9.859161802143205e-17,2.5092369556164666e-10,2.1733475069724253e-13,2.5092369560639387e-10,2.509236955486568e-10,2.5092369555352545e-10,1.0092847527611651e-16,9.941569620263488e-17,2.5092369555352545e-10,1.9615457193704985e-13,2.5092369560639387e-10,2.509236955486568e-10,1.9180780844452888e-13,2.5092369557666216e-10,1.991904650903497e-13,2.5092368857639223e-10,2.5092368853612807e-10,2.5092369557722056e-10,2.509236955876973e-10,1.9919046532791321e-13,2.509236955739992e-10,2.509236955705864e-10,1.9303996521975608e-13,1.949648868881524e-13,2.5092369555575904e-10,2.5092429686277435e-10,1.967231011934143e-13,1.0191152296811713e-16,1.9919046555217297e-13,2.5092369557658787e-10,2.509236955705864e-10,1.9303996521617013e-13,2.509236955710402e-10
0.9999645852865118,2.4607211068360527e-10,0.9999380961381423,0.9999380961381423,0.9999380961381412,2.507733415840847e-10,2.6217755969804734e-10,0.9999355009054877,0.9999380961381414,0.9999341362290345,2.5092369556061847e-10,0.9999547891849367,2.5086181670457736e-10,2.462826953310547e-10,2.653993247159915e-10,2.4954143761519027e-10,0.9999380961381423,2.507733415471895e-10,2.4750117518137774e-10,2.501016506198945e-10,2.495414377846281e-10,0.9999380961381416,2.6342354425847004e-10,2.505702212219626e-10,0.9999380961381414,2.7640310482428624e-10,0.9999380961381406,0.9999380961381426,0.9999380961381416,2.5492167362352286e-10,2.501016513030288e-10,0.9999380961381419,2.505849734947643e-10,0.9999380961381423,0.9999380961381426,2.46282694919172e-10,0.9999380961381417,2.559108627697742e-10,0.9999380672291915,0.9999380672291937,0.9999380961381426,0.9999380961381412,2.559108629102309e-10,0.9999380961381417,0.9999380961381414,2.475011757677676e-10,2.4938761285095885e-10,0.9999380961381426,0.9999405935015842,2.5114509904366263e-10,2.54790315920305e-10,2.5591086308606544e-10,0.9999380961381436,0.9999380961381441,2.475011757793163e-10,0.9999380961381429
6.374501075849884e-06,1.937092659682104e-13,2.508618166972508e-10,2.508618166950505e-10,2.5086181669952913e-10,9.978845817949626e-17,1.0566455002484705e-16,2.5086119082941604e-10,2.508618166973742e-10,4.991716765957405e-07,9.970871869292371e-17,2.5086181670457736e-10,1.669304796959678e-05,1.9392643836866033e-13,2.1096730457734277e-13,9.936451028765447e-17,2.5086181670483694e-10,1.0003777484725959e-16,1.9515749641441766e-13,1.0071416687084033e-16,9.936073941886068e-17,2.508618167087372e-10,2.089758637731922e-13,1.9833417334661387e-13,2.508618166839265e-10,2.1962793659615404e-13,2.508618166845239e-10,2.508618166968237e-10,2.508618166829032e-10,2.0265037879280945e-13,1.0027344129223694e-16,2.508618166943236e-10,1.9826947958914015e-13,2.5086181670483694e-10,2.508618166894682e-10,1.9392643750320934e-13,2.5086181669952913e-10,2.0139668278309844e-13,2.508618096843649e-10,2.5086180968584797e-10,2.5086181668249733e-10,2.5086181669904704e-10,2.0139668301043644e-13,2.5086181671428655e-10,2.508618167091331e-10,1.9515749758974346e-13,9.914685608588766e-17,2.5086181670029495e-10,2.508624191575923e-10,1.988374170376183e-13,1.0184185923361728e-16,2.0139668323221026e-13,2.5086181669952913e-10,2.508618166950505e-10,1.9515749758670376e-13,2.508618166989691e-10
6.3653892543618316e-06,1.8698503768606867e-13,2.4628269533451304e-10,2.4628269532892425e-10,2.46282695357486e-10,1.9168549759308217e-13,2.0296640491737345e-13,4.90060661757346e-07,2.4628269532892425e-10,4.900600198002552e-07,1.9180780933596266e-13,2.462826953310547e-10,1.9392643836866033e-13,1.669304795727906e-05,2.0380505791578725e-13,1.90469236830926e-13,2.46282695417538e-10,1.9168549757313838e-13,1.8840847161961905e-13,1.931236700084423e-13,1.9046923713613364e-13,2.4628269540463805e-10,2.0184835935102628e-13,1.9153474395651952e-13,2.462826953332947e-10,2.1216488058328275e-13,2.4628269536479333e-10,2.462826953328522e-10,2.4628269534549314e-10,1.957714273324775e-13,1.9312367126484602e-13,2.46282695357486e-10,1.9146637899054482e-13,2.462826953328522e-10,2.4628269532892425e-10,1.8719871760074534e-13,2.462826953623624e-10,1.9440100967687373e-13,2.462826884741614e-10,2.4628268849496684e-10,2.462826953291494e-10,2.462826953666788e-10,1.9440100991511992e-13,2.462826954439248e-10,2.4628269534549314e-10,1.8840847281761356e-13,1.9029873062722206e-13,2.4628269540275425e-10,2.4628328495628677e-10,1.9202461375341181e-13,1.9778479053822748e-13,1.9440101013643044e-13,2.462826954067618e-10,2.4628269532892425e-10,1.8840847281382612e-13,2.4628269540144757e-10
6.403429040742158e-06,2.035750977651806e-13,2.653993247227414e-10,2.6539932471993213e-10,2.653993246482499e-10,1.0497160139650567e-16,1.1096120139559685e-16,5.280995004242345e-07,2.6539932469484896e-10,5.280988075924318e-07,1.0486193037767107e-16,2.653993247159915e-10,2.1096730457734277e-13,2.0380505791578725e-13,1.6693047989968903e-05,1.0413424642247743e-16,2.6539932467267737e-10,1.0493899666151971e-16,2.0510795445444186e-13,2.1010454515029988e-13,1.0421682866681716e-16,2.6539932471370134e-10,2.1967327972614993e-13,2.0847197049944519e-13,2.653993247071552e-10,2.3088247173497276e-13,2.653993247047908e-10,2.65399324713969e-10,2.653993246989413e-10,2.1303800062736588e-13,2.1010454647618293e-13,2.653993246482499e-10,1.0483298341457921e-16,2.6539932472315834e-10,2.6539932471513055e-10,2.038050569841981e-13,2.6539932468936894e-10,2.116520858043667e-13,2.653993172884462e-10,2.653993173122163e-10,2.653993247227414e-10,2.653993247035597e-10,2.1165208605104723e-13,2.653993246833549e-10,2.6539932470448484e-10,2.0510795571647348e-13,1.040996611256352e-16,2.6539932470450795e-10,5.281020828249755e-07,1.0523131828008946e-16,1.0729776312982778e-16,2.1165208628718213e-13,2.653993246895099e-10,2.653993247035597e-10,2.0510795571291755e-13,2.6539932469765926e-10
6.371873751316292e-06,1.9025284539268197e-13,2.4954143761703907e-10,2.495414376411896e-10,2.4954143761519027e-10,1.950139149931804e-13,2.064420137888841e-13,4.965450040494671e-07,2.495414375966199e-10,4.965443531986807e-07,1.9513820258578397e-13,2.4954143761519027e-10,9.936451028765447e-17,1.90469236830926e-13,1.0413424642247743e-16,1.6693047962430113e-05,2.495414375850403e-10,1.950139149720071e-13,1.916947103609662e-13,9.87576889010138e-17,1.9378175206326174e-13,2.4954143762502084e-10,2.0534387634518665e-13,9.800148916787204e-17,2.495414375999392e-10,1.0849433674553451e-16,2.49541437654136e-10,2.4954143758607263e-10,2.495414376313234e-10,1.9915341200954926e-13,9.878491114620829e-17,2.4954143761519027e-10,1.9479240972490984e-13,2.4954143762502084e-10,2.495414376313233e-10,1.9046923594122578e-13,2.49541437654136e-10,1.9779958410463284e-13,2.495414306678639e-10,2.4954143070001985e-10,2.495414375860658e-10,2.4954143761723154e-10,1.9779958434200505e-13,2.4954143760472504e-10,2.4954143759914695e-10,1.9169471156358773e-13,1.9360928449251673e-13,2.4954143761519027e-10,2.495420353844321e-10,1.9535786732893844e-13,1.0119815321919811e-16,1.9779958456533193e-13,2.495414375966199e-10,2.4954143758606596e-10,1.916947115599535e-13,2.495414376411358e-10
0.9999645852865113,2.4607211066488995e-10,0.9999380961381426,0.9999380961381427,0.9999380961381411,2.507733415942839e-10,2.6217755968798355e-10,0.9999355009054877,0.999938096138142,0.9999341362290347,2.5092369557695327e-10,0.9999380961381423,2.5086181670483694e-10,2.46282695417538e-10,2.6539932467267737e-10,2.495414375850403e-10,0.9999547891849341,2.5077334154138556e-10,2.4750117516210386e-10,2.501016505427723e-10,2.495414377690006e-10,0.9999380961381417,2.63423544195581e-10,2.505702212503121e-10,0.9999380961381419,2.7640310476790586e-10,0.9999380961381409,0.9999380961381432,0.999938096138142,2.549216736333289e-10,2.501016512703668e-10,0.9999380961381423,2.5058497345578476e-10,0.9999380961381427,0.9999380961381422,2.4628269493619027e-10,0.9999380961381414,2.5591086280749055e-10,0.9999380672291922,0.9999380672291933,0.9999380961381426,0.9999380961381414,2.5591086291756766e-10,0.9999380961381414,0.999938096138142,2.4750117577551066e-10,2.49387612831817e-10,0.9999380961381429,0.9999405935015848,2.5114509897537246e-10,2.5479031595259827e-10,2.5591086311478696e-10,0.9999380961381429,0.999938096138144,2.475011757661589e-10,0.9999380961381423
6.37432508066189e-06,1.9146807888017088e-13,2.5077334160446987e-10,2.507733415471895e-10,2.507733415566837e-10,1.9625209296203892e-13,1.0422299960038679e-16,4.98996283123662e-07,2.5077334162268227e-10,4.989956289207526e-07,1.9637711871587455e-13,2.507733415471895e-10,1.0003777484725959e-16,1.9168549757313838e-13,1.0493899666151971e-16,1.950139149720071e-13,2.5077334154138556e-10,1.669304796341162e-05,1.9291691924570392e-13,9.944744113555731e-17,1.9501391527757325e-13,2.5077334156112974e-10,2.0664439288565596e-13,9.860878575854688e-17,2.507733415647665e-10,1.089968532897503e-16,2.5077334159404135e-10,2.5077334156868045e-10,2.507733415862431e-10,2.0041184712392846e-13,9.949350294793983e-17,2.5077334157768473e-10,1.9602967332013687e-13,2.5077334157898294e-10,2.5077334157768473e-10,1.916854966823062e-13,2.5077334159404135e-10,1.9906342467695393e-13,2.507733345868907e-10,2.507733346253023e-10,2.507733415862431e-10,2.5077334162268227e-10,1.9906342491423203e-13,2.507733415966581e-10,2.5077334156868045e-10,1.9291692045047555e-13,1.9484069954102902e-13,2.5077334159792785e-10,2.5077394241310244e-10,1.9659786463222072e-13,1.0181790757091815e-16,1.9906342513835277e-13,2.507733415699186e-10,2.507733415566837e-10,1.9291692044689122e-13,2.5077334157164833e-10
6.367813882394252e-06,1.881937756789525e-13,2.4750117517520904e-10,2.4750117520413673e-10,2.4750117518453286e-10,1.9291691926607128e-13,2.0425288718697193e-13,4.924852291749915e-07,2.47501175172885e-10,4.924845838989596e-07,1.9303996401420968e-13,2.4750117518137774e-10,1.9515749641441766e-13,1.8840847161961905e-13,2.0510795445444186e-13,1.916947103609662e-13,2.4750117516210386e-10,1.9291691924570392e-13,1.669304795688182e-05,9.789701121839125e-17,1.9169471066632762e-13,2.4750117518737345e-10,2.031417203634147e-13,1.9276517200726093e-13,2.4750117515346386e-10,2.1352183644990846e-13,2.475011751794929e-10,2.47501175172885e-10,2.475011751751057e-10,1.9702288133957537e-13,9.794139604601009e-17,2.4750117514649755e-10,1.926969006764938e-13,2.4750117517520904e-10,2.4750117518137774e-10,1.8840847073096517e-13,2.475011751794929e-10,1.9565810259901768e-13,2.475011682775426e-10,2.475011683617155e-10,2.475011751794929e-10,2.4750117518136704e-10,1.9565810283709277e-13,2.4750117516348045e-10,2.4750117518218067e-10,1.8962410838560997e-13,1.9152346660654755e-13,2.4750117520413673e-10,2.475017677585813e-10,1.932578386436284e-13,1.9903482291924112e-13,1.9565810305917736e-13,2.4750117523407747e-10,2.4750117518137774e-10,1.8962410838187406e-13,2.4750117518136704e-10
6.372988442069392e-06,1.9290712434436078e-13,2.5010165058270594e-10,2.5010165059278813e-10,2.5010165059107995e-10,9.937708576821608e-17,1.050833397968021e-16,2.501010267015308e-10,2.501016505927263e-10,4.976590775930279e-07,9.94318386841534e-17,2.501016506198945e-10,1.0071416687084033e-16,1.931236700084423e-13,2.1010454515029988e-13,9.87576889010138e-17,2.501016505427723e-10,9.944744113555731e-17,9.789701121839125e-17,1.6693047967184933e-05,9.875434257011287e-17,2.501016505927263e-10,1.048509408297591e-16,1.9751862239147793e-13,2.5010165058270594e-10,1.0955991317598214e-16,2.5010165058270594e-10,2.5010165059278813e-10,2.501016506055105e-10,2.0182169555849903e-13,1.990161257565956e-13,2.5010165058955696e-10,9.923385943706299e-17,2.5010165058051184e-10,2.501016506132592e-10,1.931236691427976e-13,2.501016506132592e-10,2.0056239772482228e-13,2.5010164360186116e-10,2.5010164360522856e-10,2.501016505927263e-10,2.5010165059107995e-10,2.0056239795278236e-13,2.5010165060798835e-10,2.501016505750256e-10,9.794136195961245e-17,9.866028080907522e-17,2.501016506132592e-10,2.5010225093771933e-10,9.950079361136078e-17,1.0211632545965062e-16,2.0056239817414617e-13,2.5010165058955696e-10,2.5010165058992583e-10,9.790588353232276e-17,2.5010165061235194e-10
6.371873751315496e-06,1.9025284569789717e-13,2.495414377546857e-10,2.495414377846281e-10,2.4954143778952965e-10,1.9501391529874551e-13,2.0644201409617182e-13,4.965450042673319e-07,2.495414377816073e-10,4.965443534165447e-07,1.9513820289156673e-13,2.495414377846281e-10,9.936073941886068e-17,1.9046923713613364e-13,1.0421682866681716e-16,1.9378175206326174e-13,2.495414377690006e-10,1.9501391527757325e-13,1.9169471066632762e-13,9.875434257011287e-17,1.6693047962430113e-05,2.4954143778952965e-10,2.0534387666381756e-13,9.766086102472361e-17,2.49541437773994e-10,1.084943367455391e-16,2.495414377996235e-10,2.495414377528924e-10,2.495414377681475e-10,1.9915341231584608e-13,9.875344073614521e-17,2.4954143778952965e-10,1.9479241003068255e-13,2.4954143778952965e-10,2.4954143778952965e-10,1.9046923624643435e-13,2.4954143778952965e-10,1.9779958442224107e-13,2.4954143076694616e-10,2.495414307873272e-10,2.495414377459526e-10,2.495414377795793e-10,1.977995846596145e-13,2.495414377774082e-10,2.495414377546857e-10,1.9169471186895124e-13,1.9360928479798998e-13,2.495414377846281e-10,2.4954203547866607e-10,1.9535786763477383e-13,1.0119815322611162e-16,1.9779958488294038e-13,2.495414377846281e-10,2.495414377681475e-10,1.9169471186531542e-13,2.495414377996235e-10
0.9999645852865113,2.4607211072179527e-10,0.9999380961381423,0.9999380961381414,0.9999380961381406,2.507733415820723e-10,2.6217755968497706e-10,0.9999355009054878,0.9999380961381406,0.9999341362290344,2.509236955556907e-10,0.9999380961381416,2.508618167087372e-10,2.4628269540463805e-10,2.6539932471370134e-10,2.4954143762502084e-10,0.9999380961381417,2.5077334156112974e-10,2.4750117518737345e-10,2.501016505927263e-10,2.4954143778952965e-10,0.9999547891849337,2.6342354417830957e-10,2.505702212111763e-10,0.9999380961381414,2.7640310479105927e-10,0.9999380961381404,0.9999380961381417,0.9999380961381406,2.5492167364411785e-10,2.5010165130718463e-10,0.9999380961381414,2.5058497347689245e-10,0.999938096138142,0.9999380961381412,2.4628269492812505e-10,0.9999380961381417,2.5591086280321615e-10,0.9999380672291914,0.9999380672291927,0.999938096138142,0.9999380961381414,2.5591086289276196e-10,0.9999380961381423,0.9999380961381412,2.4750117575507185e-10,2.4938761290904455e-10,0.999938096138142,0.9999405935015834,2.511450990119681e-10,2.54790315978426e-10,2.559108631147205e-10,0.9999380961381429,0.9999380961381433,2.475011757993205e-10,0.999938096138142
6.3994974853454806e-06,2.0162004628507952e-13,2.63423544199303e-10,2.6342354418941147e-10,2.6342354418045026e-10,2.06644392908888e-13,1.0995874877251045e-16,5.241680337102766e-07,2.634235442148473e-10,5.241673462577081e-07,2.0677594847056358e-13,2.6342354425847004e-10,2.089758637731922e-13,2.0184835935102628e-13,2.1967327972614993e-13,2.0534387634518665e-13,2.63423544195581e-10,2.0664439288565596e-13,2.031417203634147e-13,1.048509408297591e-16,2.0534387666381756e-13,2.6342354417830957e-10,1.6693047984275486e-05,2.0648173328593252e-13,2.634235442445323e-10,1.1489910628289537e-16,2.634235442139012e-10,2.63423544195581e-10,2.6342354421599127e-10,1.0587972782964976e-16,1.046150455493213e-16,2.63423544199303e-10,2.0641107416799857e-13,2.6342354418045026e-10,2.634235442129473e-10,2.0184835842113232e-13,2.6342354424710644e-10,2.0961882893998394e-13,2.6342353687585025e-10,2.6342353688704665e-10,2.634235442445323e-10,2.634235441589469e-10,2.0961882918690568e-13,2.6342354425847004e-10,2.634235442260108e-10,2.0314172162213763e-13,2.051621075421676e-13,2.634235442584699e-10,5.24170596036091e-07,2.0700782544551655e-13,1.0708289230123526e-16,2.0961882942178156e-13,2.634235442157165e-10,2.6342354418780343e-10,2.0314172161849658e-13,2.63423544199303e-10
6.373920897825901e-06,1.9131750067616523e-13,2.5057022124803733e-10,2.5057022125431677e-10,2.5057022122309675e-10,9.842385137469846e-17,1.0427418504093623e-16,2.5056959722755293e-10,2.505702212486188e-10,4.985914545312003e-07,9.859161802143205e-17,2.505702212219626e-10,1.9833417334661387e-13,1.9153474395651952e-13,2.0847197049944519e-13,9.800148916787204e-17,2.505702212503121e-10,9.860878575854688e-17,1.9276517200726093e-13,1.9751862239147793e-13,9.766086102472361e-17,2.505702212111763e-10,2.0648173328593252e-13,1.6693047963749564e-05,2.505702212310293e-10,2.1702555157409918e-13,2.5057022120658436e-10,2.5057022124131576e-10,2.5057022121442386e-10,2.002540566956351e-13,1.975186236545821e-13,2.5057022125892995e-10,9.841559731860629e-17,2.5057022122933116e-10,2.505702212111763e-10,1.915347430668138e-13,2.5057022125892995e-10,1.98906880449462e-13,2.505702141715677e-10,2.50570214262906e-10,2.5057022123788545e-10,2.5057022122933116e-10,1.9890688068611493e-13,2.5057022122144234e-10,2.5057022121869977e-10,1.9276517321064083e-13,9.780742233696639e-17,2.5057022122374107e-10,4.985945446063934e-07,1.9644314823440597e-13,2.022592868869657e-13,1.9890688091001955e-13,2.5057022122933116e-10,2.505702212180446e-10,1.9276517320706607e-13,2.5057022124803733e-10
0.9999645852865118,2.4607211068360527e-10,0.9999380961381422,0.9999380961381417,0.9999380961381412,2.5077334161385796e-10,2.621775596883364e-10,0.9999355009054873,0.9999380961381409,0.999934136229034,2.5092369556164666e-10,0.9999380961381414,2.508618166839265e-10,2.462826953332947e-10,2.653993247071552e-10,2.495414375999392e-10,0.9999380961381419,2.507733415647665e-10,2.4750117515346386e-10,2.5010165058270594e-10,2.49541437773994e-10,0.9999380961381414,2.634235442445323e-10,2.505702212310293e-10,0.9999547891849372,2.7640310477506154e-10,0.9999380961381404,0.9999380961381423,0.9999380961381414,2.549216736275917e-10,2.501016512854685e-10,0.9999380961381417,2.5058497345297783e-10,0.9999380961381429,0.9999380961381423,2.4628269495394187e-10,0.999938096138142,2.5591086281643935e-10,0.999938067229192,0.999938067229193,0.9999380961381429,0.9999380961381417,2.559108629531826e-10,0.9999380961381426,0.9999380961381414,2.4750117577587937e-10,2.4938761285251705e-10,0.9999380961381422,0.9999405935015842,2.5114509900675574e-10,2.5479031595259827e-10,2.559108631394884e-10,0.9999380961381429,0.9999380961381438,2.475011757729622e-10,0.9999380961381417
6.42532526954994e-06,2.1192537200605324e-13,2.764031048111609e-10,2.764031047769724e-10,2.7640310482521097e-10,1.0899685328975027e-16,1.1535959936274743e-16,2.764024158766251e-10,2.764031047855289e-10,5.499944291655227e-07,2.1733475069724253e-13,2.7640310482428624e-10,2.1962793659615404e-13,2.1216488058328275e-13,2.3088247173497276e-13,1.0849433674553451e-16,2.7640310476790586e-10,1.089968532897503e-16,2.1352183644990846e-13,1.0955991317598214e-16,1.084943367455391e-16,2.7640310479105927e-10,1.1489910628289537e-16,2.1702555157409918e-13,2.7640310477506154e-10,1.6693048008043254e-05,2.7640310476790586e-10,2.7640310480856763e-10,2.76403104809821e-10,2.2178087996175482e-13,1.0955991329240321e-16,2.764031048532534e-10,1.0903375950700969e-16,2.7640310481024226e-10,2.7640310480856763e-10,2.1216487961219273e-13,2.764031048617864e-10,2.203335328272196e-13,5.499965060494505e-07,5.499965060494502e-07,2.7640310477808246e-10,2.7640310477884615e-10,2.2033353308432107e-13,2.764031047910595e-10,2.7640310481275415e-10,2.135218377653167e-13,1.0837930619655449e-16,2.764031048092196e-10,5.499978399719349e-07,2.1757804876861469e-13,2.2395734897032513e-13,2.203335333303339e-13,2.764031047855289e-10,2.7640310480744034e-10,2.1352183776159133e-13,2.7640310481014863e-10
0.9999645852865122,2.4607211068005475e-10,0.9999380961381409,0.9999380961381412,0.9999380961381402,2.5077334163407006e-10,2.621775597107611e-10,0.9999355009054873,0.9999380961381409,0.9999341362290327,2.5092369560639387e-10,0.9999380961381406,2.508618166845239e-10,2.4628269536479333e-10,2.653993247047908e-10,2.49541437654136e-10,0.9999380961381409,2.5077334159404135e-10,2.475011751794929e-10,2.5010165058270594e-10,2.495414377996235e-10,0.9999380961381404,2.634235442139012e-10,2.5057022120658436e-10,0.9999380961381404,2.7640310476790586e-10,0.9999547891849326,0.9999380961381414,0.9999380961381404,2.5492167362352286e-10,2.501016513049474e-10,0.9999380961381412,2.5058497349693457e-10,0.9999380961381426,0.9999380961381406,2.4628269496191786e-10,0.9999380961381406,2.559108627353787e-10,0.9999380672291912,0.9999380672291914,0.9999380961381423,0.9999380961381406,2.5591086292505737e-10,0.9999380961381414,0.9999380961381404,2.475011757901093e-10,2.4938761290025933e-10,0.9999380961381414,0.9999405935015832,2.5114509902772725e-10,2.547903159314526e-10,2.5591086313567084e-10,0.9999380961381409,0.9999380961381414,2.475011757729622e-10,0.9999380961381406
0.9999645852865143,2.4607211069829326e-10,0.9999380961381426,0.9999380961381437,0.9999380961381422,2.5077334163515434e-10,2.6217755972906113e-10,0.9999355009054881,0.9999380961381423,0.999934136229034,2.509236955486568e-10,0.9999380961381426,2.508618166968237e-10,2.462826953328522e-10,2.65399324713969e-10,2.4954143758607263e-10,0.9999380961381432,2.5077334156868045e-10,2.47501175172885e-10,2.5010165059278813e-10,2.495414377528924e-10,0.9999380961381417,2.63423544195581e-10,2.5057022124131576e-10,0.9999380961381423,2.7640310480856763e-10,0.9999380961381414,0.9999547891849369,0.9999380961381414,2.549216736424792e-10,2.5010165131256384e-10,0.9999380961381423,2.5058497351032026e-10,0.9999380961381433,0.9999380961381423,2.46282694919172e-10,0.9999380961381429,2.5591086270909556e-10,0.9999380672291935,0.9999380672291939,0.9999380961381433,0.9999380961381429,2.559108629113355e-10,0.9999380961381433,0.9999380961381423,2.4750117577587937e-10,2.493876129099451e-10,0.9999380961381436,0.9999405935015849,2.5114509899773167e-10,2.5479031593492726e-10,2.559108631022809e-10,0.9999380961381429,0.9999380961381437,2.4750117578771354e-10,0.9999380961381436
0.9999645852865113,2.4607211069829326e-10,0.9999380961381423,0.9999380961381414,0.9999380961381406,2.507733415840847e-10,2.6217755966235496e-10,0.9999355009054878,0.9999380961381408,0.9999341362290335,2.5092369555352545e-10,0.9999380961381416,2.508618166829032e-10,2.4628269534549314e-10,2.653993246989413e-10,2.495414376313234e-10,0.999938096138142,2.507733415862431e-10,2.475011751751057e-10,2.501016506055105e-10,2.495414377681475e-10,0.9999380961381406,2.6342354421599127e-10,2.5057022121442386e-10,0.9999380961381414,2.76403104809821e-10,0.9999380961381404,0.9999380961381414,0.9999547891849351,2.5492167363718153e-10,2.501016512782352e-10,0.9999380961381416,2.5058497346145555e-10,0.9999380961381417,0.9999380961381412,2.4628269495394187e-10,0.999938096138142,2.559108627960689e-10,0.9999380672291911,0.9999380672291927,0.9999380961381417,0.9999380961381417,2.559108629137244e-10,0.9999380961381423,0.9999380961381412,2.4750117577587937e-10,2.493876128654319e-10,0.999938096138142,0.9999405935015834,2.51145099039923e-10,2.5479031593492726e-10,2.559108630987502e-10,0.9999380961381429,0.9999380961381437,2.4750117578747453e-10,0.9999380961381417
6.382579750769529e-06,1.9555054775352304e-13,2.5492167362058736e-10,2.549216736275917e-10,2.549216736414741e-10,2.004118471468894e-13,1.0634794314134015e-16,5.072507574703439e-07,2.5492167366819827e-10,5.072500919843787e-07,1.0092847527611651e-16,2.5492167362352286e-10,2.0265037879280945e-13,1.957714273324775e-13,2.1303800062736588e-13,1.9915341200954926e-13,2.549216736333289e-10,2.0041184712392846e-13,1.9702288133957537e-13,2.0182169555849903e-13,1.9915341231584608e-13,2.5492167364411785e-10,1.0587972782964976e-16,2.002540566956351e-13,2.549216736275917e-10,2.2178087996175482e-13,2.5492167362352286e-10,2.549216736424792e-10,2.5492167363718153e-10,1.669304796936336e-05,2.0182169683198235e-13,2.549216736413605e-10,1.0033954422948152e-16,2.549216736411785e-10,2.5492167364411785e-10,1.9577142643773648e-13,2.5492167360514193e-10,2.0330917390202886e-13,2.5492166650703147e-10,2.5492166650005715e-10,2.5492167364392016e-10,2.549216736275917e-10,2.0330917413900267e-13,2.549216736275917e-10,2.5492167366511356e-10,1.9702288255169133e-13,9.97143674909888e-17,2.549216736275917e-10,2.5492228479193174e-10,2.0076373922429288e-13,2.0664327091242217e-13,2.033091743658091e-13,2.549216736424794e-10,2.549216736333289e-10,1.9702288254827706e-13,2.549216736275917e-10
6.372988442715869e-06,1.9290712560044436e-13,2.501016512895964e-10,2.501016512854685e-10,2.5010165133493117e-10,9.935265979769399e-17,1.050833397968021e-16,2.50101027441038e-10,2.501016512947165e-10,4.976590790122852e-07,9.941569620263488e-17,2.501016513030288e-10,1.0027344129223694e-16,1.9312367126484602e-13,2.1010454647618293e-13,9.878491114620829e-17,2.501016512703668e-10,9.949350294793983e-17,9.794139604601009e-17,1.990161257565956e-13,9.875344073614521e-17,2.5010165130718463e-10,1.046150455493213e-16,1.975186236545821e-13,2.501016512854685e-10,1.0955991329240321e-16,2.501016513049474e-10,2.5010165131256384e-10,2.501016512782352e-10,2.0182169683198235e-13,1.6693047967184933e-05,2.5010165131039265e-10,9.922435894356638e-17,2.501016512402632e-10,2.501016512916601e-10,1.931236703992005e-13,2.5010165131649217e-10,2.0056239903163348e-13,2.501016443258992e-10,2.501016443140886e-10,2.501016512895964e-10,2.501016512962307e-10,2.005623992595933e-13,2.501016512638392e-10,2.5010165133493117e-10,9.776620857044512e-17,9.867014149324809e-17,2.5010165127456875e-10,2.501022513765129e-10,9.943215843619023e-17,1.0211632545965062e-16,2.0056239948095588e-13,2.501016512854691e-10,2.501016512833496e-10,9.794754011423568e-17,2.50101651292447e-10
0.9999645852865116,2.460721106930492e-10,0.9999380961381426,0.9999380961381419,0.9999380961381417,2.507733415840847e-10,2.6217755968461977e-10,0.9999355009054878,0.9999380961381412,0.9999341362290348,2.5092369555352545e-10,0.9999380961381419,2.508618166943236e-10,2.46282695357486e-10,2.653993246482499e-10,2.4954143761519027e-10,0.9999380961381423,2.5077334157768473e-10,2.4750117514649755e-10,2.5010165058955696e-10,2.4954143778952965e-10,0.9999380961381414,2.63423544199303e-10,2.5057022125892995e-10,0.9999380961381417,2.764031048532534e-10,0.9999380961381412,0.9999380961381423,0.9999380961381416,2.549216736413605e-10,2.5010165131039265e-10,0.9999547891849355,2.5058497347544276e-10,0.9999380961381426,0.9999380961381417,2.4628269495048214e-10,0.9999380961381423,2.5591086280749055e-10,0.999938067229192,0.9999380672291932,0.9999380961381426,0.9999380961381423,2.559108629137244e-10,0.9999380961381429,0.9999380961381417,2.4750117582249353e-10,2.4938761288667154e-10,0.9999380961381426,0.9999405935015839,2.511450989898969e-10,2.5479031595765017e-10,2.5591086312104867e-10,0.9999380961381433,0.9999380961381444,2.4750117581373514e-10,0.9999380961381423
