1.0000000047680786,1.0000196312235576,1.0000196312235525,1.0000196312235614,1.000019631223557,1.0000196312235565,-6.232391052668546e-07,1.0000196312235614,1.0000196312235572,-6.232391047656167e-07,1.0000196312235592,1.0000196312235639,1.0000196312235572,-6.232391052643442e-07,-6.232391064364617e-07,-6.232391052591489e-07,1.0000196312235592,1.0000196312235572,-6.232391052668433e-07,1.0000196312235627,1.0000196312235643,1.0000196312235627,-6.232391064364617e-07,-6.232391090492505e-07,-6.232391043800322e-07,1.0000196312235576,1.0000196312235563,-6.232391093772239e-07,1.000019631223561,1.0000196312235592,1.0000196312235572,-6.232391052613598e-07,1.0000196312235592,1.0000196312235612,-6.232391052643734e-07,-6.232391093772261e-07,-6.232391052643712e-07,1.00001963122356,1.0000196312235572,1.0000196312235627,1.0000196312235592,1.0000196312235563,1.0000196312235572,1.0000196312235619,1.0000194788790473
1.0000196312235576,1.0000218455610874,1.0000272034250195,1.0000272034250195,1.0000272034250184,1.0000272034250182,-2.918585641272204e-11,1.0000272034250206,1.0000272034250177,-2.9185855925090805e-11,1.000027203425019,1.0000272034250208,1.000027203425019,-2.918585571620079e-11,-2.9185856322880294e-11,-2.918585665096011e-11,1.000027203425019,1.0000272034250195,-2.9185856563785074e-11,1.0000272034250195,1.0000272034250206,1.000027203425019,-2.918585666247974e-11,-2.918585645809274e-11,-2.9185856187469536e-11,1.0000272034250195,1.0000272034250195,-2.918585613748331e-11,1.0000272034250188,1.0000272034250208,1.0000272034250186,-2.9185856419435246e-11,1.000027203425019,1.0000272034250195,-2.918585571835427e-11,-2.918585606034014e-11,-2.918585562093082e-11,1.00002720342502,1.0000272034250193,1.0000272034250195,1.0000272034250195,1.0000272034250193,1.0000272034250195,1.0000272034250197,1.0000270510794298
1.0000196312235525,1.0000272034250195,1.0000218455610859,1.0000272034250186,1.0000272034250177,1.0000272034250193,-2.918585642185691e-11,1.0000272034250195,1.0000272034250186,-2.91858560159598e-11,1.0000272034250193,1.0000272034250186,1.0000272034250193,-2.918585571620079e-11,-2.918585631660856e-11,-2.918585665096706e-11,1.0000272034250193,1.000027203425019,-2.9185856587091863e-11,1.0000272034250184,1.000027203425019,1.0000272034250188,-2.9185856558264645e-11,-2.918585653998384e-11,-2.9185856187469536e-11,1.0000272034250186,1.0000272034250186,-2.918585608815419e-11,1.0000272034250188,1.0000272034250186,1.0000272034250186,-2.9185856408637385e-11,1.0000272034250193,1.0000272034250186,-2.918585571835427e-11,-2.918585608145502e-11,-2.918585562093082e-11,1.0000272034250188,1.0000272034250188,1.000027203425019,1.0000272034250186,1.0000272034250186,1.000027203425019,1.0000272034250188,1.0000270510794298
1.0000196312235614,1.0000272034250195,1.0000272034250186,1.0000218455610868,1.000027203425019,1.0000272034250197,-2.918585640876643e-11,1.0000272034250197,1.0000272034250188,-2.918585589777329e-11,1.0000272034250197,1.0000272034250195,1.0000272034250197,-2.918585570802989e-11,-2.918585624255618e-11,-2.91858565318025e-11,1.0000272034250197,1.0000272034250195,-2.9185856563785074e-11,1.0000272034250195,1.0000272034250195,1.0000272034250195,-2.918585667777845e-11,-2.91858565634799e-11,-2.9185856225829655e-11,1.0000272034250193,1.0000272034250197,-2.918585608815419e-11,1.0000272034250195,1.0000272034250195,1.0000272034250188,-2.9185856506444507e-11,1.0000272034250197,1.0000272034250188,-2.918585571665892e-11,-2.918585608145502e-11,-2.918585563230566e-11,1.0000272034250195,1.0000272034250188,1.0000272034250202,1.0000272034250195,1.0000272034250197,1.0000272034250195,1.0000272034250195,1.000027051079431
1.000019631223557,1.0000272034250184,1.0000272034250177,1.000027203425019,1.0000218455610805,1.0000272034250186,-2.9185856363977296e-11,1.0000272034250197,1.000027203425018,-2.9185856008745274e-11,1.0000272034250188,1.0000272034250195,1.0000272034250186,-2.9185855690474886e-11,-2.9185856322880294e-11,-2.91858565567966e-11,1.0000272034250188,1.0000272034250188,-2.918585647580338e-11,1.0000272034250188,1.00002720342502,1.0000272034250188,-2.9185856558264645e-11,-2.91858565519022e-11,-2.918585620418663e-11,1.0000272034250195,1.0000272034250184,-2.9185856050000325e-11,1.0000272034250177,1.0000272034250195,1.0000272034250182,-2.9185856359219224e-11,1.0000272034250188,1.0000272034250186,-2.9185855726357173e-11,-2.918585608145502e-11,-2.918585566128413e-11,1.000027203425019,1.0000272034250184,1.0000272034250193,1.000027203425019,1.0000272034250184,1.0000272034250188,1.000027203425019,1.0000270510794294
1.0000196312235565,1.0000272034250182,1.0000272034250193,1.0000272034250197,1.0000272034250186,1.000021845561082,-2.918585645659232e-11,1.0000272034250208,1.0000272034250184,-2.9185855925090805e-11,1.000027203425019,1.00002720342502,1.0000272034250188,-2.918585571620079e-11,-2.9185856264613705e-11,-2.918585655389292e-11,1.0000272034250188,1.000027203425019,-2.918585648975103e-11,1.0000272034250197,1.0000272034250206,1.0000272034250195,-2.918585665779687e-11,-2.91858565519022e-11,-2.918585613384755e-11,1.00002720342502,1.00002720342502,-2.9185856174304426e-11,1.000027203425019,1.0000272034250197,1.0000272034250188,-2.918585639180671e-11,1.000027203425019,1.0000272034250195,-2.91858557489619e-11,-2.918585606255289e-11,-2.9185855676709005e-11,1.0000272034250202,1.0000272034250193,1.0000272034250206,1.0000272034250197,1.00002720342502,1.000027203425019,1.0000272034250197,1.0000270510794307
-6.232391052668546e-07,-2.918585641272204e-11,-2.918585642185691e-11,-2.918585640876643e-11,-2.9185856363977296e-11,-2.918585645659232e-11,-5.357864379648715e-06,-2.9185856523660054e-11,-2.91858565031457e-11,-1.2638730621374907e-14,-2.918585637748489e-11,-2.91858564394636e-11,-2.918585639394107e-11,-1.2638730866601576e-14,-1.2638730677073271e-14,-1.2638730305376649e-14,-2.918585641331776e-11,-2.9185856425983123e-11,-1.263873035526853e-14,-2.9185856355604335e-11,-2.9185856423591886e-11,-2.918585642725505e-11,-1.2638730393109164e-14,-1.2638730620486282e-14,-1.2638730732817906e-14,-2.91858564394636e-11,-2.9185856319198274e-11,-1.2638730634318146e-14,-2.9185856355604335e-11,-2.9185856452864335e-11,-2.918585645585502e-11,-1.2638730441776684e-14,-2.918585640876643e-11,-2.918585645659232e-11,-1.2638730854321282e-14,-1.2638730676779314e-14,-1.2638730885930524e-14,-2.918585640799631e-11,-2.918585645585502e-11,-2.918585645654358e-11,-2.9185856453388974e-11,-2.918585640673636e-11,-2.918585642185691e-11,-2.918585642725505e-11,-5.799708760639061e-08
1.0000196312235614,1.0000272034250206,1.0000272034250195,1.0000272034250197,1.0000272034250197,1.0000272034250208,-2.9185856523660054e-11,1.0000218455610874,1.0000272034250202,-2.9185855958307826e-11,1.0000272034250208,1.0000272034250206,1.0000272034250208,-2.918585574644414e-11,-2.918585632979378e-11,-2.918585655216648e-11,1.0000272034250208,1.0000272034250202,-2.918585650890189e-11,1.0000272034250197,1.0000272034250202,1.0000272034250195,-2.9185856635131243e-11,-2.9185856468091605e-11,-2.9185856225829655e-11,1.0000272034250195,1.0000272034250206,-2.918585613229613e-11,1.0000272034250206,1.0000272034250206,1.0000272034250202,-2.9185856419435246e-11,1.0000272034250208,1.0000272034250195,-2.918585570270632e-11,-2.918585603071462e-11,-2.918585563424185e-11,1.00002720342502,1.0000272034250202,1.000027203425021,1.0000272034250197,1.0000272034250206,1.0000272034250202,1.0000272034250197,1.0000270510794322
1.0000196312235572,1.0000272034250177,1.0000272034250186,1.0000272034250188,1.000027203425018,1.0000272034250184,-2.91858565031457e-11,1.0000272034250202,1.0000218455610845,-2.9185856012178706e-11,1.0000272034250188,1.00002720342502,1.0000272034250188,-2.9185855787452255e-11,-2.918585632979378e-11,-2.91858566019754e-11,1.0000272034250188,1.0000272034250182,-2.918585647580338e-11,1.0000272034250195,1.0000272034250197,1.0000272034250195,-2.918585667777845e-11,-2.918585645951871e-11,-2.9185856225829655e-11,1.0000272034250195,1.0000272034250193,-2.9185856050000325e-11,1.0000272034250188,1.000027203425019,1.000027203425018,-2.9185856419435246e-11,1.0000272034250188,1.0000272034250186,-2.918585587721914e-11,-2.9185856089281737e-11,-2.9185855623166734e-11,1.0000272034250195,1.0000272034250182,1.0000272034250202,1.0000272034250188,1.0000272034250193,1.0000272034250182,1.0000272034250195,1.0000270510794298
-6.232391047656167e-07,-2.9185855925090805e-11,-2.91858560159598e-11,-2.918585589777329e-11,-2.9185856008745274e-11,-2.9185855925090805e-11,-1.2638730621374907e-14,-2.9185855958307826e-11,-2.9185856012178706e-11,-5.357864379648715e-06,-2.9185856003623675e-11,-2.9185856004355904e-11,-2.9185856001551284e-11,-1.2638731021264369e-14,-1.2638730831736485e-14,-1.2638730460039655e-14,-2.9185856004355904e-11,-2.918585597590938e-11,-1.2638730509931353e-14,-2.918585595332763e-11,-2.918585600687191e-11,-2.918585595332763e-11,-1.2638730547772034e-14,-1.2638730775148925e-14,-1.2638730887480918e-14,-2.918585600169994e-11,-2.9185855943927504e-11,-1.2638730788981082e-14,-2.91858559356635e-11,-2.9185856000249773e-11,-2.918585595332763e-11,-1.2638730596439937e-14,-2.918585602087894e-11,-2.918585597143154e-11,-1.2638731008984028e-14,-1.2638730831442347e-14,-1.2638731040593517e-14,-2.9185856028381255e-11,-2.9185855956716e-11,-2.918585597143154e-11,-2.9185856004355904e-11,-2.9185856001551284e-11,-2.9185855956716e-11,-2.918585595332763e-11,-5.7997086728396647e-08
1.0000196312235592,1.000027203425019,1.0000272034250193,1.0000272034250197,1.0000272034250188,1.000027203425019,-2.918585637748489e-11,1.0000272034250208,1.0000272034250188,-2.9185856003623675e-11,1.000021845561085,1.0000272034250202,1.0000272034250188,-2.918585575820933e-11,-2.9185856421120206e-11,-2.918585659413187e-11,1.0000272034250188,1.0000272034250188,-2.918585646528941e-11,1.0000272034250197,1.0000272034250208,1.0000272034250195,-2.918585674212359e-11,-2.9185856533827616e-11,-2.918585621041995e-11,1.0000272034250202,1.0000272034250197,-2.918585617168334e-11,1.00002720342502,1.00002720342502,1.0000272034250188,-2.9185856408637385e-11,1.0000272034250188,1.0000272034250197,-2.918585581866756e-11,-2.9185856004111886e-11,-2.918585563424185e-11,1.0000272034250202,1.0000272034250186,1.0000272034250206,1.0000272034250195,1.0000272034250197,1.0000272034250188,1.0000272034250197,1.0000270510794307
1.0000196312235639,1.0000272034250208,1.0000272034250186,1.0000272034250195,1.0000272034250195,1.00002720342502,-2.91858564394636e-11,1.0000272034250206,1.00002720342502,-2.9185856004355904e-11,1.0000272034250202,1.0000218455610845,1.0000272034250202,-2.9185855688945106e-11,-2.9185856440565736e-11,-2.918585654735364e-11,1.00002720342502,1.0000272034250197,-2.918585648975103e-11,1.0000272034250202,1.000027203425021,1.0000272034250202,-2.918585674212359e-11,-2.91858565519022e-11,-2.9185856187469536e-11,1.0000272034250206,1.0000272034250202,-2.91858561743483e-11,1.0000272034250193,1.0000272034250208,1.0000272034250195,-2.918585649351196e-11,1.0000272034250202,1.0000272034250202,-2.91858556477321e-11,-2.9185856120088237e-11,-2.9185855705408346e-11,1.0000272034250197,1.0000272034250195,1.0000272034250208,1.0000272034250195,1.0000272034250202,1.0000272034250197,1.0000272034250195,1.000027051079431
1.0000196312235572,1.000027203425019,1.0000272034250193,1.0000272034250197,1.0000272034250186,1.0000272034250188,-2.918585639394107e-11,1.0000272034250208,1.0000272034250188,-2.9185856001551284e-11,1.0000272034250188,1.0000272034250202,1.0000218455610845,-2.918585572959292e-11,-2.9185856369566976e-11,-2.9185856610491136e-11,1.0000272034250188,1.0000272034250188,-2.9185856427333883e-11,1.0000272034250195,1.0000272034250208,1.0000272034250195,-2.9185856635131243e-11,-2.918585649941947e-11,-2.918585621007854e-11,1.0000272034250202,1.0000272034250197,-2.9185856050000325e-11,1.00002720342502,1.0000272034250202,1.0000272034250188,-2.9185856416918574e-11,1.0000272034250188,1.0000272034250197,-2.9185855806575844e-11,-2.9185856044464277e-11,-2.9185855729798607e-11,1.00002720342502,1.0000272034250188,1.0000272034250206,1.0000272034250195,1.0000272034250197,1.0000272034250188,1.0000272034250197,1.0000270510794307
-6.232391052643442e-07,-2.918585571620079e-11,-2.918585571620079e-11,-2.918585570802989e-11,-2.9185855690474886e-11,-2.918585571620079e-11,-1.2638730866601576e-14,-2.918585574644414e-11,-2.9185855787452255e-11,-1.2638731021264369e-14,-2.918585575820933e-11,-2.9185855688945106e-11,-2.918585572959292e-11,-5.357864379648715e-06,-1.2638731076963021e-14,-1.263873070526598e-14,-2.9185855677335516e-11,-2.918585571620079e-11,-1.2638730755158013e-14,-2.918585572446258e-11,-2.918585571620079e-11,-2.918585572021848e-11,-1.2638730792998695e-14,-1.2638731020375747e-14,-1.2638731132707273e-14,-2.918585571620079e-11,-2.9185855848344904e-11,-1.2638731034207685e-14,-2.918585574644414e-11,-2.918585574644414e-11,-2.918585575274851e-11,-1.263873084166652e-14,-2.91858557000287e-11,-2.918585580406701e-11,-1.2638731254210794e-14,-1.2638731076668817e-14,-1.263873128582013e-14,-2.918585572286755e-11,-2.9185855690474886e-11,-2.918585565459366e-11,-2.918585585330657e-11,-2.9185855848344904e-11,-2.918585570333098e-11,-2.91858557000287e-11,-5.7997086220012726e-08
-6.232391064364617e-07,-2.9185856322880294e-11,-2.918585631660856e-11,-2.918585624255618e-11,-2.9185856322880294e-11,-2.9185856264613705e-11,-1.2638730677073271e-14,-2.918585632979378e-11,-2.918585632979378e-11,-1.2638730831736485e-14,-2.9185856421120206e-11,-2.9185856440565736e-11,-2.9185856369566976e-11,-1.2638731076963021e-14,-5.357864379648715e-06,-1.2638730515738286e-14,-2.918585636187831e-11,-2.9185856414829976e-11,-1.2638730565630081e-14,-2.918585642059786e-11,-2.9185856264613705e-11,-2.918585624716296e-11,-1.2638730603470676e-14,-1.263873083084767e-14,-1.2638730943179493e-14,-2.9185856323611205e-11,-2.9185856306189974e-11,-1.2638730844679685e-14,-2.91858563463302e-11,-2.9185856322880294e-11,-2.9185856280210415e-11,-1.2638730652138454e-14,-2.9185856405469264e-11,-2.9185856315647543e-11,-1.2638731064682965e-14,-1.2638730887140837e-14,-1.2638731096292131e-14,-2.9185856276172294e-11,-2.918585646413732e-11,-2.9185856306189974e-11,-2.918585632979378e-11,-2.9185856370530266e-11,-2.9185856264613705e-11,-2.9185856370530266e-11,-5.799708730183139e-08
-6.232391052591489e-07,-2.918585665096011e-11,-2.918585665096706e-11,-2.91858565318025e-11,-2.91858565567966e-11,-2.918585655389292e-11,-1.2638730305376649e-14,-2.918585655216648e-11,-2.91858566019754e-11,-1.2638730460039655e-14,-2.918585659413187e-11,-2.918585654735364e-11,-2.9185856610491136e-11,-1.263873070526598e-14,-1.2638730515738286e-14,-5.357864379648715e-06,-2.918585655680599e-11,-2.918585654136366e-11,-1.2638730193933212e-14,-2.91858565567966e-11,-2.918585655389292e-11,-2.9185856594132334e-11,-1.2638730231773598e-14,-1.263873045915084e-14,-1.26387305714825e-14,-2.91858565318025e-11,-2.918585655389169e-11,-1.2638730472982529e-14,-2.91858566019754e-11,-2.918585652131813e-11,-2.91858565567966e-11,-1.2638730280441556e-14,-2.918585646877516e-11,-2.918585646877516e-11,-1.2638730692985905e-14,-1.263873051544393e-14,-1.2638730724595118e-14,-2.9185856527763885e-11,-2.91858566019754e-11,-2.9185856481248857e-11,-2.918585655389169e-11,-2.918585648923937e-11,-2.9185856592350515e-11,-2.91858565318025e-11,-5.799708789544592e-08
1.0000196312235592,1.000027203425019,1.0000272034250193,1.0000272034250197,1.0000272034250188,1.0000272034250188,-2.918585641331776e-11,1.0000272034250208,1.0000272034250188,-2.9185856004355904e-11,1.0000272034250188,1.00002720342502,1.0000272034250188,-2.9185855677335516e-11,-2.918585636187831e-11,-2.918585655680599e-11,1.0000218455610845,1.0000272034250188,-2.918585645395443e-11,1.0000272034250195,1.0000272034250208,1.0000272034250195,-2.918585667213272e-11,-2.918585639296686e-11,-2.9185856292415504e-11,1.0000272034250202,1.0000272034250197,-2.91858560554515e-11,1.00002720342502,1.0000272034250197,1.0000272034250188,-2.918585640965273e-11,1.0000272034250188,1.0000272034250195,-2.9185855747670206e-11,-2.918585604650984e-11,-2.918585569131528e-11,1.00002720342502,1.0000272034250186,1.0000272034250206,1.0000272034250195,1.0000272034250197,1.0000272034250188,1.0000272034250197,1.0000270510794307
1.0000196312235572,1.0000272034250195,1.000027203425019,1.0000272034250195,1.0000272034250188,1.000027203425019,-2.9185856425983123e-11,1.0000272034250202,1.0000272034250182,-2.918585597590938e-11,1.0000272034250188,1.0000272034250197,1.0000272034250188,-2.918585571620079e-11,-2.9185856414829976e-11,-2.918585654136366e-11,1.0000272034250188,1.000021845561084,-2.918585652223306e-11,1.0000272034250195,1.0000272034250208,1.0000272034250195,-2.918585667777845e-11,-2.918585644755308e-11,-2.918585622804189e-11,1.00002720342502,1.0000272034250197,-2.9185856171641196e-11,1.0000272034250188,1.0000272034250197,1.0000272034250188,-2.9185856414152644e-11,1.0000272034250188,1.0000272034250195,-2.9185855726357173e-11,-2.9185856004111886e-11,-2.9185855723694104e-11,1.0000272034250202,1.0000272034250188,1.0000272034250206,1.0000272034250195,1.0000272034250197,1.0000272034250188,1.0000272034250197,1.0000270510794302
-6.232391052668433e-07,-2.9185856563785074e-11,-2.9185856587091863e-11,-2.9185856563785074e-11,-2.918585647580338e-11,-2.918585648975103e-11,-1.263873035526853e-14,-2.918585650890189e-11,-2.918585647580338e-11,-1.2638730509931353e-14,-2.918585646528941e-11,-2.918585648975103e-11,-2.9185856427333883e-11,-1.2638730755158013e-14,-1.2638730565630081e-14,-1.2638730193933212e-14,-2.918585645395443e-11,-2.918585652223306e-11,-5.357864379648715e-06,-2.9185856587091863e-11,-2.918585645996401e-11,-2.9185856475803404e-11,-1.263873028166566e-14,-1.2638730509042654e-14,-1.2638730621374372e-14,-2.918585654488488e-11,-2.9185856475803404e-11,-1.263873052287466e-14,-2.918585645996401e-11,-2.918585645996401e-11,-2.918585656640723e-11,-1.2638730330333456e-14,-2.9185856563785074e-11,-2.918585648975103e-11,-1.2638730742877787e-14,-1.2638730565335745e-14,-1.2638730774487106e-14,-2.918585643337997e-11,-2.9185856475803404e-11,-2.918585645996401e-11,-2.918585646033513e-11,-2.918585647580338e-11,-2.918585651003601e-11,-2.918585647580338e-11,-5.7997087759626967e-08
1.0000196312235627,1.0000272034250195,1.0000272034250184,1.0000272034250195,1.0000272034250188,1.0000272034250197,-2.9185856355604335e-11,1.0000272034250197,1.0000272034250195,-2.918585595332763e-11,1.0000272034250197,1.0000272034250202,1.0000272034250195,-2.918585572446258e-11,-2.918585642059786e-11,-2.91858565567966e-11,1.0000272034250195,1.0000272034250195,-2.9185856587091863e-11,1.0000218455610839,1.0000272034250206,1.0000272034250197,-2.918585667084186e-11,-2.918585651611413e-11,-2.918585619431503e-11,1.0000272034250202,1.0000272034250197,-2.918585617168334e-11,1.000027203425019,1.0000272034250202,1.0000272034250193,-2.918585639179701e-11,1.0000272034250197,1.0000272034250195,-2.918585574896096e-11,-2.918585608941825e-11,-2.9185855755228646e-11,1.0000272034250195,1.0000272034250195,1.0000272034250202,1.0000272034250193,1.0000272034250197,1.0000272034250195,1.0000272034250195,1.0000270510794302
1.0000196312235643,1.0000272034250206,1.000027203425019,1.0000272034250195,1.00002720342502,1.0000272034250206,-2.9185856423591886e-11,1.0000272034250202,1.0000272034250197,-2.918585600687191e-11,1.0000272034250208,1.000027203425021,1.0000272034250208,-2.918585571620079e-11,-2.9185856264613705e-11,-2.918585655389292e-11,1.0000272034250208,1.0000272034250208,-2.918585645996401e-11,1.0000272034250206,1.000021845561084,1.0000272034250206,-2.918585670432753e-11,-2.9185856541188936e-11,-2.918585620418663e-11,1.0000272034250206,1.000027203425021,-2.9185856108005364e-11,1.0000272034250208,1.000027203425021,1.0000272034250206,-2.918585645326094e-11,1.0000272034250208,1.0000272034250206,-2.918585571835427e-11,-2.9185856075817524e-11,-2.918585563230566e-11,1.0000272034250197,1.0000272034250195,1.000027203425021,1.0000272034250204,1.0000272034250208,1.0000272034250208,1.0000272034250206,1.0000270510794322
1.0000196312235627,1.000027203425019,1.0000272034250188,1.0000272034250195,1.0000272034250188,1.0000272034250195,-2.918585642725505e-11,1.0000272034250195,1.0000272034250195,-2.918585595332763e-11,1.0000272034250195,1.0000272034250202,1.0000272034250195,-2.918585572021848e-11,-2.918585624716296e-11,-2.9185856594132334e-11,1.0000272034250195,1.0000272034250195,-2.9185856475803404e-11,1.0000272034250197,1.0000272034250206,1.0000218455610916,-2.9185856654402264e-11,-2.918585653047379e-11,-2.9185856236596264e-11,1.0000272034250202,1.0000272034250195,-2.9185856131465763e-11,1.0000272034250193,1.0000272034250202,1.0000272034250193,-2.9185856419435246e-11,1.0000272034250195,1.0000272034250195,-2.918585576294569e-11,-2.918585606034014e-11,-2.9185855772720046e-11,1.0000272034250195,1.0000272034250195,1.0000272034250202,1.0000272034250195,1.0000272034250197,1.0000272034250195,1.0000272034250193,1.000027051079431
-6.232391064364617e-07,-2.918585666247974e-11,-2.9185856558264645e-11,-2.918585667777845e-11,-2.9185856558264645e-11,-2.918585665779687e-11,-1.2638730393109164e-14,-2.9185856635131243e-11,-2.918585667777845e-11,-1.2638730547772034e-14,-2.918585674212359e-11,-2.918585674212359e-11,-2.9185856635131243e-11,-1.2638730792998695e-14,-1.2638730603470676e-14,-1.2638730231773598e-14,-2.918585667213272e-11,-2.918585667777845e-11,-1.263873028166566e-14,-2.918585667084186e-11,-2.918585670432753e-11,-2.9185856654402264e-11,-5.357864379648715e-06,-1.2638730546883269e-14,-1.2638730659215053e-14,-2.918585665596984e-11,-2.918585658949462e-11,-1.263873056071535e-14,-2.918585668032964e-11,-2.918585665779687e-11,-2.9185856640354004e-11,-1.2638730368173946e-14,-2.91858566008648e-11,-2.918585665779687e-11,-1.263873078071846e-14,-1.2638730603176683e-14,-1.2638730812328015e-14,-2.918585667486389e-11,-2.918585667243288e-11,-2.918585662023303e-11,-2.9185856635131243e-11,-2.918585659220415e-11,-2.918585669069095e-11,-2.918585670432753e-11,-5.799708808391615e-08
-6.232391090492505e-07,-2.918585645809274e-11,-2.918585653998384e-11,-2.91858565634799e-11,-2.91858565519022e-11,-2.91858565519022e-11,-1.2638730620486282e-14,-2.9185856468091605e-11,-2.918585645951871e-11,-1.2638730775148925e-14,-2.9185856533827616e-11,-2.91858565519022e-11,-2.918585649941947e-11,-1.2638731020375747e-14,-1.263873083084767e-14,-1.263873045915084e-14,-2.918585639296686e-11,-2.918585644755308e-11,-1.2638730509042654e-14,-2.918585651611413e-11,-2.9185856541188936e-11,-2.918585653047379e-11,-1.2638730546883269e-14,-5.357864379648715e-06,-1.2638730886592171e-14,-2.9185856559397604e-11,-2.918585655686767e-11,-1.2638730788092402e-14,-2.918585644755308e-11,-2.918585642106473e-11,-2.918585649789699e-11,-1.2638730595551142e-14,-2.918585645809274e-11,-2.918585649789699e-11,-1.2638731008095568e-14,-1.2638730830553725e-14,-1.263873103970478e-14,-2.9185856462142826e-11,-2.918585650327499e-11,-2.918585651611413e-11,-2.9185856407093045e-11,-2.918585639009719e-11,-2.918585651637737e-11,-2.9185856407093045e-11,-5.7997087743067896e-08
-6.232391043800322e-07,-2.9185856187469536e-11,-2.9185856187469536e-11,-2.9185856225829655e-11,-2.918585620418663e-11,-2.918585613384755e-11,-1.2638730732817906e-14,-2.9185856225829655e-11,-2.9185856225829655e-11,-1.2638730887480918e-14,-2.918585621041995e-11,-2.9185856187469536e-11,-2.918585621007854e-11,-1.2638731132707273e-14,-1.2638730943179493e-14,-1.26387305714825e-14,-2.9185856292415504e-11,-2.918585622804189e-11,-1.2638730621374372e-14,-2.918585619431503e-11,-2.918585620418663e-11,-2.9185856236596264e-11,-1.2638730659215053e-14,-1.2638730886592171e-14,-5.357864379648715e-06,-2.918585617759623e-11,-2.9185856225829655e-11,-1.2638730900423918e-14,-2.918585623761536e-11,-2.918585622804189e-11,-2.918585621041995e-11,-1.2638730707882936e-14,-2.91858562238932e-11,-2.918585621444204e-11,-1.2638731120427132e-14,-1.2638730942885252e-14,-1.2638731152036507e-14,-2.918585613384755e-11,-2.918585621042037e-11,-2.918585620418663e-11,-2.9185856225829655e-11,-2.918585618240356e-11,-2.918585618942836e-11,-2.9185856210494884e-11,-5.7997087273518504e-08
1.0000196312235576,1.0000272034250195,1.0000272034250186,1.0000272034250193,1.0000272034250195,1.00002720342502,-2.91858564394636e-11,1.0000272034250195,1.0000272034250195,-2.918585600169994e-11,1.0000272034250202,1.0000272034250206,1.0000272034250202,-2.918585571620079e-11,-2.9185856323611205e-11,-2.91858565318025e-11,1.0000272034250202,1.00002720342502,-2.918585654488488e-11,1.0000272034250202,1.0000272034250206,1.0000272034250202,-2.918585665596984e-11,-2.9185856559397604e-11,-2.918585617759623e-11,1.000021845561084,1.0000272034250206,-2.9185856174304426e-11,1.0000272034250202,1.0000272034250206,1.00002720342502,-2.918585638688038e-11,1.0000272034250202,1.0000272034250202,-2.9185855726357173e-11,-2.918585610303649e-11,-2.918585569131528e-11,1.0000272034250195,1.0000272034250202,1.0000272034250208,1.0000272034250195,1.0000272034250206,1.00002720342502,1.0000272034250197,1.000027051079431
1.0000196312235563,1.0000272034250195,1.0000272034250186,1.0000272034250197,1.0000272034250184,1.00002720342502,-2.9185856319198274e-11,1.0000272034250206,1.0000272034250193,-2.9185855943927504e-11,1.0000272034250197,1.0000272034250202,1.0000272034250197,-2.9185855848344904e-11,-2.9185856306189974e-11,-2.918585655389169e-11,1.0000272034250197,1.0000272034250197,-2.9185856475803404e-11,1.0000272034250197,1.000027203425021,1.0000272034250195,-2.918585658949462e-11,-2.918585655686767e-11,-2.9185856225829655e-11,1.0000272034250206,1.0000218455610836,-2.9185856054669e-11,1.000027203425019,1.0000272034250202,1.0000272034250195,-2.918585644182675e-11,1.0000272034250197,1.0000272034250197,-2.918585574059931e-11,-2.9185856120088237e-11,-2.9185855703544295e-11,1.0000272034250193,1.0000272034250195,1.0000272034250206,1.0000272034250202,1.00002720342502,1.0000272034250197,1.0000272034250202,1.00002705107943
-6.232391093772239e-07,-2.918585613748331e-11,-2.918585608815419e-11,-2.918585608815419e-11,-2.9185856050000325e-11,-2.9185856174304426e-11,-1.2638730634318146e-14,-2.918585613229613e-11,-2.9185856050000325e-11,-1.2638730788981082e-14,-2.918585617168334e-11,-2.91858561743483e-11,-2.9185856050000325e-11,-1.2638731034207685e-14,-1.2638730844679685e-14,-1.2638730472982529e-14,-2.91858560554515e-11,-2.9185856171641196e-11,-1.263873052287466e-14,-2.918585617168334e-11,-2.9185856108005364e-11,-2.9185856131465763e-11,-1.263873056071535e-14,-1.2638730788092402e-14,-1.2638730900423918e-14,-2.9185856174304426e-11,-2.9185856054669e-11,-5.357864379648715e-06,-2.91858560554515e-11,-2.9185856131465763e-11,-2.918585604377916e-11,-1.2638730609383032e-14,-2.9185856131465763e-11,-2.918585612203404e-11,-1.263873102192743e-14,-1.263873084438553e-14,-1.2638731053536747e-14,-2.9185856110846994e-11,-2.9185856127074365e-11,-2.918585614111226e-11,-2.9185856171641196e-11,-2.9185856088153986e-11,-2.9185856171641196e-11,-2.918585605545135e-11,-5.7997086878534567e-08
1.000019631223561,1.0000272034250188,1.0000272034250188,1.0000272034250195,1.0000272034250177,1.000027203425019,-2.9185856355604335e-11,1.0000272034250206,1.0000272034250188,-2.91858559356635e-11,1.00002720342502,1.0000272034250193,1.00002720342502,-2.918585574644414e-11,-2.91858563463302e-11,-2.91858566019754e-11,1.00002720342502,1.0000272034250188,-2.918585645996401e-11,1.000027203425019,1.0000272034250208,1.0000272034250193,-2.918585668032964e-11,-2.918585644755308e-11,-2.918585623761536e-11,1.0000272034250202,1.000027203425019,-2.91858560554515e-11,1.000021845561084,1.0000272034250193,1.0000272034250188,-2.918585641960142e-11,1.00002720342502,1.0000272034250195,-2.918585567864617e-11,-2.9185856051593346e-11,-2.918585569877917e-11,1.0000272034250197,1.0000272034250188,1.0000272034250195,1.0000272034250195,1.0000272034250193,1.0000272034250188,1.00002720342502,1.0000270510794302
1.0000196312235592,1.0000272034250208,1.0000272034250186,1.0000272034250195,1.0000272034250195,1.0000272034250197,-2.9185856452864335e-11,1.0000272034250206,1.000027203425019,-2.9185856000249773e-11,1.00002720342502,1.0000272034250208,1.0000272034250202,-2.918585574644414e-11,-2.9185856322880294e-11,-2.918585652131813e-11,1.0000272034250197,1.0000272034250197,-2.918585645996401e-11,1.0000272034250202,1.000027203425021,1.0000272034250202,-2.918585665779687e-11,-2.918585642106473e-11,-2.918585622804189e-11,1.0000272034250206,1.0000272034250202,-2.9185856131465763e-11,1.0000272034250193,1.000021845561085,1.0000272034250195,-2.918585646468032e-11,1.00002720342502,1.0000272034250202,-2.9185855678646216e-11,-2.918585606034014e-11,-2.9185855682384084e-11,1.0000272034250197,1.0000272034250195,1.000027203425021,1.0000272034250197,1.0000272034250202,1.0000272034250197,1.0000272034250197,1.000027051079431
1.0000196312235572,1.0000272034250186,1.0000272034250186,1.0000272034250188,1.0000272034250182,1.0000272034250188,-2.918585645585502e-11,1.0000272034250202,1.000027203425018,-2.918585595332763e-11,1.0000272034250188,1.0000272034250195,1.0000272034250188,-2.918585575274851e-11,-2.9185856280210415e-11,-2.91858565567966e-11,1.0000272034250188,1.0000272034250188,-2.918585656640723e-11,1.0000272034250193,1.0000272034250206,1.0000272034250193,-2.9185856640354004e-11,-2.918585649789699e-11,-2.918585621041995e-11,1.00002720342502,1.0000272034250195,-2.918585604377916e-11,1.0000272034250188,1.0000272034250195,1.0000218455610845,-2.918585642566791e-11,1.0000272034250188,1.0000272034250197,-2.9185855902381104e-11,-2.918585608826007e-11,-2.918585566128413e-11,1.000027203425019,1.0000272034250182,1.0000272034250197,1.0000272034250197,1.0000272034250195,1.0000272034250188,1.0000272034250195,1.0000270510794298
-6.232391052613598e-07,-2.9185856419435246e-11,-2.9185856408637385e-11,-2.9185856506444507e-11,-2.9185856359219224e-11,-2.918585639180671e-11,-1.2638730441776684e-14,-2.9185856419435246e-11,-2.9185856419435246e-11,-1.2638730596439937e-14,-2.9185856408637385e-11,-2.918585649351196e-11,-2.9185856416918574e-11,-1.263873084166652e-14,-1.2638730652138454e-14,-1.2638730280441556e-14,-2.918585640965273e-11,-2.9185856414152644e-11,-1.2638730330333456e-14,-2.918585639179701e-11,-2.918585645326094e-11,-2.9185856419435246e-11,-1.2638730368173946e-14,-1.2638730595551142e-14,-1.2638730707882936e-14,-2.918585638688038e-11,-2.918585644182675e-11,-1.2638730609383032e-14,-2.918585641960142e-11,-2.918585646468032e-11,-2.918585642566791e-11,-5.357864379648715e-06,-2.9185856419435246e-11,-2.9185856343350417e-11,-1.2638730829386321e-14,-1.2638730651844308e-14,-1.2638730860995669e-14,-2.9185856419435246e-11,-2.9185856414152644e-11,-2.918585649351196e-11,-2.918585645925132e-11,-2.918585641586256e-11,-2.918585636665884e-11,-2.918585639179701e-11,-5.79970874702167e-08
1.0000196312235592,1.000027203425019,1.0000272034250193,1.0000272034250197,1.0000272034250188,1.000027203425019,-2.918585640876643e-11,1.0000272034250208,1.0000272034250188,-2.918585602087894e-11,1.0000272034250188,1.0000272034250202,1.0000272034250188,-2.91858557000287e-11,-2.9185856405469264e-11,-2.918585646877516e-11,1.0000272034250188,1.0000272034250188,-2.9185856563785074e-11,1.0000272034250197,1.0000272034250208,1.0000272034250195,-2.91858566008648e-11,-2.918585645809274e-11,-2.91858562238932e-11,1.0000272034250202,1.0000272034250197,-2.9185856131465763e-11,1.00002720342502,1.00002720342502,1.0000272034250188,-2.9185856419435246e-11,1.000021845561085,1.0000272034250197,-2.91858557052852e-11,-2.918585608715076e-11,-2.9185855755228646e-11,1.0000272034250202,1.0000272034250186,1.0000272034250206,1.0000272034250195,1.0000272034250197,1.0000272034250188,1.0000272034250197,1.0000270510794307
1.0000196312235612,1.0000272034250195,1.0000272034250186,1.0000272034250188,1.0000272034250186,1.0000272034250195,-2.918585645659232e-11,1.0000272034250195,1.0000272034250186,-2.918585597143154e-11,1.0000272034250197,1.0000272034250202,1.0000272034250197,-2.918585580406701e-11,-2.9185856315647543e-11,-2.918585646877516e-11,1.0000272034250195,1.0000272034250195,-2.918585648975103e-11,1.0000272034250195,1.0000272034250206,1.0000272034250195,-2.918585665779687e-11,-2.918585649789699e-11,-2.918585621444204e-11,1.0000272034250202,1.0000272034250197,-2.918585612203404e-11,1.0000272034250195,1.0000272034250202,1.0000272034250197,-2.9185856343350417e-11,1.0000272034250197,1.0000218455610845,-2.9185855726357173e-11,-2.9185856039160104e-11,-2.9185855730550036e-11,1.0000272034250195,1.0000272034250197,1.0000272034250202,1.0000272034250195,1.0000272034250197,1.0000272034250195,1.0000272034250195,1.000027051079431
-6.232391052643734e-07,-2.918585571835427e-11,-2.918585571835427e-11,-2.918585571665892e-11,-2.9185855726357173e-11,-2.91858557489619e-11,-1.2638730854321282e-14,-2.918585570270632e-11,-2.918585587721914e-11,-1.2638731008984028e-14,-2.918585581866756e-11,-2.91858556477321e-11,-2.9185855806575844e-11,-1.2638731254210794e-14,-1.2638731064682965e-14,-1.2638730692985905e-14,-2.9185855747670206e-11,-2.9185855726357173e-11,-1.2638730742877787e-14,-2.918585574896096e-11,-2.918585571835427e-11,-2.918585576294569e-11,-1.263873078071846e-14,-1.2638731008095568e-14,-1.2638731120427132e-14,-2.9185855726357173e-11,-2.918585574059931e-11,-1.263873102192743e-14,-2.918585567864617e-11,-2.9185855678646216e-11,-2.9185855902381104e-11,-1.2638730829386321e-14,-2.91858557052852e-11,-2.9185855726357173e-11,-5.357864379648715e-06,-1.2638731064388763e-14,-1.2638731273539704e-14,-2.9185855902381104e-11,-2.918585570728508e-11,-2.918585571275043e-11,-2.918585578755808e-11,-2.918585580410578e-11,-2.9185855678646216e-11,-2.918585570270632e-11,-5.799708624456319e-08
-6.232391093772261e-07,-2.918585606034014e-11,-2.918585608145502e-11,-2.918585608145502e-11,-2.918585608145502e-11,-2.918585606255289e-11,-1.2638730676779314e-14,-2.918585603071462e-11,-2.9185856089281737e-11,-1.2638730831442347e-14,-2.9185856004111886e-11,-2.9185856120088237e-11,-2.9185856044464277e-11,-1.2638731076668817e-14,-1.2638730887140837e-14,-1.263873051544393e-14,-2.918585604650984e-11,-2.9185856004111886e-11,-1.2638730565335745e-14,-2.918585608941825e-11,-2.9185856075817524e-11,-2.918585606034014e-11,-1.2638730603176683e-14,-1.2638730830553725e-14,-1.2638730942885252e-14,-2.918585610303649e-11,-2.9185856120088237e-11,-1.263873084438553e-14,-2.9185856051593346e-11,-2.918585606034014e-11,-2.918585608826007e-11,-1.2638730651844308e-14,-2.918585608715076e-11,-2.9185856039160104e-11,-1.2638731064388763e-14,-5.357864379648715e-06,-1.2638731095997776e-14,-2.9185856039160104e-11,-2.918585610301867e-11,-2.9185856142474865e-11,-2.9185856004111886e-11,-2.918585606255289e-11,-2.9185856039160104e-11,-2.9185856075817524e-11,-5.7997086833103624e-08
-6.232391052643712e-07,-2.918585562093082e-11,-2.918585562093082e-11,-2.918585563230566e-11,-2.918585566128413e-11,-2.9185855676709005e-11,-1.2638730885930524e-14,-2.918585563424185e-11,-2.9185855623166734e-11,-1.2638731040593517e-14,-2.918585563424185e-11,-2.9185855705408346e-11,-2.9185855729798607e-11,-1.263873128582013e-14,-1.2638731096292131e-14,-1.2638730724595118e-14,-2.918585569131528e-11,-2.9185855723694104e-11,-1.2638730774487106e-14,-2.9185855755228646e-11,-2.918585563230566e-11,-2.9185855772720046e-11,-1.2638730812328015e-14,-1.263873103970478e-14,-1.2638731152036507e-14,-2.918585569131528e-11,-2.9185855703544295e-11,-1.2638731053536747e-14,-2.918585569877917e-11,-2.9185855682384084e-11,-2.918585566128413e-11,-1.2638730860995669e-14,-2.9185855755228646e-11,-2.9185855730550036e-11,-1.2638731273539704e-14,-1.2638731095997776e-14,-5.357864379648715e-06,-2.9185855680220186e-11,-2.918585569193029e-11,-2.9185855659415676e-11,-2.918585562093082e-11,-2.918585575150755e-11,-2.918585563230566e-11,-2.9185855723694104e-11,-5.7997086021232536e-08
1.00001963122356,1.00002720342502,1.0000272034250188,1.0000272034250195,1.000027203425019,1.0000272034250202,-2.918585640799631e-11,1.00002720342502,1.0000272034250195,-2.9185856028381255e-11,1.0000272034250202,1.0000272034250197,1.00002720342502,-2.918585572286755e-11,-2.9185856276172294e-11,-2.9185856527763885e-11,1.00002720342502,1.0000272034250202,-2.918585643337997e-11,1.0000272034250195,1.0000272034250197,1.0000272034250195,-2.918585667486389e-11,-2.9185856462142826e-11,-2.918585613384755e-11,1.0000272034250195,1.0000272034250193,-2.9185856110846994e-11,1.0000272034250197,1.0000272034250197,1.000027203425019,-2.9185856419435246e-11,1.0000272034250202,1.0000272034250195,-2.9185855902381104e-11,-2.9185856039160104e-11,-2.9185855680220186e-11,1.0000218455610872,1.000027203425019,1.0000272034250195,1.0000272034250195,1.0000272034250193,1.0000272034250202,1.0000272034250195,1.0000270510794298
1.0000196312235572,1.0000272034250193,1.0000272034250188,1.0000272034250188,1.0000272034250184,1.0000272034250193,-2.918585645585502e-11,1.0000272034250202,1.0000272034250182,-2.9185855956716e-11,1.0000272034250186,1.0000272034250195,1.0000272034250188,-2.9185855690474886e-11,-2.918585646413732e-11,-2.91858566019754e-11,1.0000272034250186,1.0000272034250188,-2.9185856475803404e-11,1.0000272034250195,1.0000272034250195,1.0000272034250195,-2.918585667243288e-11,-2.918585650327499e-11,-2.918585621042037e-11,1.0000272034250202,1.0000272034250195,-2.9185856127074365e-11,1.0000272034250188,1.0000272034250195,1.0000272034250182,-2.9185856414152644e-11,1.0000272034250186,1.0000272034250197,-2.918585570728508e-11,-2.918585610301867e-11,-2.918585569193029e-11,1.000027203425019,1.0000218455610845,1.0000272034250206,1.0000272034250195,1.0000272034250195,1.0000272034250188,1.0000272034250197,1.0000270510794298
1.0000196312235627,1.0000272034250195,1.000027203425019,1.0000272034250202,1.0000272034250193,1.0000272034250206,-2.918585645654358e-11,1.000027203425021,1.0000272034250202,-2.918585597143154e-11,1.0000272034250206,1.0000272034250208,1.0000272034250206,-2.918585565459366e-11,-2.9185856306189974e-11,-2.9185856481248857e-11,1.0000272034250206,1.0000272034250206,-2.918585645996401e-11,1.0000272034250202,1.000027203425021,1.0000272034250202,-2.918585662023303e-11,-2.918585651611413e-11,-2.918585620418663e-11,1.0000272034250208,1.0000272034250206,-2.918585614111226e-11,1.0000272034250195,1.000027203425021,1.0000272034250197,-2.918585649351196e-11,1.0000272034250206,1.0000272034250202,-2.918585571275043e-11,-2.9185856142474865e-11,-2.9185855659415676e-11,1.0000272034250195,1.0000272034250206,1.0000218455610836,1.0000272034250206,1.0000272034250206,1.0000272034250206,1.0000272034250206,1.0000270510794305
1.0000196312235592,1.0000272034250195,1.0000272034250186,1.0000272034250195,1.000027203425019,1.0000272034250197,-2.9185856453388974e-11,1.0000272034250197,1.0000272034250188,-2.9185856004355904e-11,1.0000272034250195,1.0000272034250195,1.0000272034250195,-2.918585585330657e-11,-2.918585632979378e-11,-2.918585655389169e-11,1.0000272034250195,1.0000272034250195,-2.918585646033513e-11,1.0000272034250193,1.0000272034250204,1.0000272034250195,-2.9185856635131243e-11,-2.9185856407093045e-11,-2.9185856225829655e-11,1.0000272034250195,1.0000272034250202,-2.9185856171641196e-11,1.0000272034250195,1.0000272034250197,1.0000272034250197,-2.918585645925132e-11,1.0000272034250195,1.0000272034250195,-2.918585578755808e-11,-2.9185856004111886e-11,-2.918585562093082e-11,1.0000272034250195,1.0000272034250195,1.0000272034250206,1.0000218455610845,1.0000272034250202,1.0000272034250195,1.00002720342502,1.000027051079431
