0.9999999779102081,0.9999700467276315,-5.58595569603592e-06,-5.5492986823686385e-06,0.9999729651313044,-5.677128902910293e-06,0.9999722274642606,-5.486142677510289e-06,0.9999723626871652,-5.571371001058278e-06,-5.537869341416057e-06,0.9999680591381591,0.9999706706938696,0.9999707419822541,-5.486142673243589e-06,0.999968467667748,0.9999707685644554,0.9999719752108952,0.9999649886635018,-5.511078435715985e-06,0.9999707685644584,0.9999709943077373,0.9999693287589217,0.9999717445150842,0.9999717876145335,0.999970768564457,-5.619651516031755e-06,-5.510812788293359e-06,0.9999697240434654,-5.486142676816846e-06,-5.55937899718594e-06,0.9999685247418989,-5.5584931714360095e-06,-5.6024808948223255e-06,0.999970768564455,0.9999712246792992,-5.563338999437167e-06,-5.473491231703716e-06,0.9999707760675514,-5.529273122194749e-06,-5.519633498536947e-06,-5.49421399353865e-06,-5.486142673242407e-06,-5.502187431725439e-06,0.9999695466081914,0.9999715463528485,-5.467941181455571e-06,-5.786073149557267e-06,0.9999707077385596,-5.5378693414324e-06,0.9999705376198565,0.9999726875510525,0.99996861890976,-5.4679411844834145e-06,-5.486142676645172e-06,0.9999707685644558,0.9999726340033597,-5.486142674106168e-06,-5.538329780917044e-06,-5.486142672100247e-06,0.9999707077385621,0.9999707685644565,0.9999724480291383,0.9999690443397449,0.9999696271832077,0.9999715463528482,0.9999703726016788,0.999970768564455,-5.510812788358073e-06,-5.486142676816838e-06,-5.572371306847995e-06,0.9999707685644577,-5.486142677454864e-06,-5.533937972852596e-06,-5.486142676816846e-06,0.999971839777661,-5.506249303321379e-06,-5.4861426768181975e-06,-5.48614267681939e-06
0.9999700467276315,0.9999664796204807,-1.8567082845634622e-10,-1.6727847036190682e-10,0.999971773695247,-4.6122292180171923e-07,0.9999710360327807,-1.3559046891825827e-10,0.999971171254849,-1.7835307414576997e-10,-1.6154389313356334e-10,0.9999668677325634,0.999969479272054,0.9999695505600015,-1.355904676134652e-10,0.9999672762596151,0.9999695771420339,0.9999707837809824,0.9999637972769743,-1.4810178030045638e-10,0.9999695771420354,0.9999698028839163,0.9999681373454391,0.9999705530866027,0.999970596185782,0.9999695771420363,-2.025774228942714e-10,-1.479684944118449e-10,0.9999685326275312,-1.355904686151525e-10,-1.723361870784883e-10,0.9999673333334103,-3.425879246764276e-07,-3.865753721074579e-07,0.9999695771420339,0.9999700332540417,-1.7432308498394196e-10,-1.2924270686945312e-10,0.9999695846450862,-1.57230812747447e-10,-1.5239420986224565e-10,-1.3964018630486826e-10,-1.3559046769573534e-10,-1.4364079269846526e-10,0.9999683551933556,0.9999703549256036,-1.264580161415785e-10,-5.701664903471224e-07,0.9999695163165178,-1.6154389301996404e-10,0.9999693461988726,0.9999714961167194,0.9999674275006833,-1.264580156788354e-10,-1.3559046814156662e-10,0.9999695771420339,0.999971442569358,-1.35590467835175e-10,-1.6177491579927852e-10,-1.3559046774210874e-10,0.9999695163165178,0.9999695771420358,0.9999712565962858,0.999967852928031,0.9999684357678716,0.9999703549256029,0.9999691811817234,0.9999695771420343,-1.4796849438002813e-10,-1.3559046869827277e-10,-3.5646597426295155e-07,0.999969577142037,-1.3559046864471026e-10,-3.1803288194926487e-07,-1.3559046867363418e-10,0.9999706483485898,-1.456787998283885e-10,-1.3559046887568207e-10,-1.3559046864443944e-10
-5.58595569603592e-06,-1.8567082845634622e-10,-2.3756894216335947e-06,1.2317874758193306e-13,-1.856713685338912e-10,1.7037005163677721e-13,-1.856712321652728e-10,9.98266025881247e-14,-1.8567125717574035e-10,6.594390103819491e-17,1.1895627243553497e-13,-3.700495558677414e-07,-1.8567094406363438e-10,-3.7005054587660856e-07,9.982660167732398e-14,-3.7004970662503234e-07,-1.8567096203194873e-10,-1.856711854092469e-10,-3.700484228080949e-07,1.090339436347262e-13,-1.8567096203312932e-10,-1.856710038085848e-10,-3.7005002439194405e-07,-1.8567114262120749e-10,-1.8567115077157042e-10,-1.856709620384263e-10,1.4916512082453805e-13,1.089363592895886e-13,-3.7005017024491904e-07,9.982660237011981e-14,1.2686468040927017e-13,-3.70049727686473e-07,6.347897545054428e-17,7.166381438368668e-17,-1.8567096202781324e-10,-1.8567104649356452e-10,1.283441791765961e-13,4.778051504813433e-17,-1.8567096342719625e-10,1.1576201801379543e-13,1.1220461210508928e-13,1.0280660218116087e-13,9.982660172520647e-14,1.057530203298709e-13,-3.7005010478578115e-07,-1.8567110602361412e-10,4.674202122289414e-17,2.106014633504644e-13,-1.8567095077510996e-10,1.1895627228313964e-13,-3.700504704692195e-07,-1.856713173911517e-10,-3.700497624529272e-07,4.673748533733566e-17,9.982660199352361e-14,-1.8567096203852466e-10,-1.8567130735321517e-10,9.982660181022024e-14,1.191249376605114e-13,9.982660171367067e-14,-1.856709507755904e-10,-1.8567096204231713e-10,-1.856712730309704e-10,-3.700499194293087e-07,-3.700501345208416e-07,-1.856711060814815e-10,-3.7005040955601044e-07,-1.8567096203639433e-10,1.0893635921095063e-13,9.982660241100866e-14,6.605100496878682e-17,-1.8567096203194873e-10,9.982660238952063e-14,5.894701425653184e-17,9.982660243936336e-14,-1.856711604639054e-10,5.379927636585829e-17,9.98266025575836e-14,9.982660239108384e-14
-5.5492986823686385e-06,-1.6727847036190682e-10,1.2317874758193306e-13,-2.375689445844096e-06,-1.6727895719745515e-10,1.5354141075766647e-13,-3.3339422020762636e-07,4.5101648196453345e-17,-1.672788568592241e-10,5.920200999016676e-17,1.0720337192437635e-13,-1.6727813868631218e-10,-1.6727857455090465e-10,-1.672785863425263e-10,4.510662201224677e-17,-3.3339296978047036e-07,-1.6727859082314463e-10,-1.6727879210159636e-10,-1.6727762626099063e-10,4.9312354692484364e-17,-1.6727859079318002e-10,-1.672786284609751e-10,-3.333932561663807e-07,-1.6727875356352066e-10,-1.6727876083817942e-10,-1.6727859076594923e-10,1.3442827548058628e-13,4.925288371878855e-17,-3.333933876176221e-07,4.513354360370278e-17,1.1433452689838735e-13,-3.3339298876204996e-07,5.722431588836248e-17,6.459006519773916e-17,-1.6727859075225683e-10,-1.6727866691159774e-10,5.803073726749994e-17,4.3017763256958677e-17,-1.6727859203308847e-10,5.2356840441761174e-17,5.073480071809265e-17,4.6458585817793263e-17,4.51039900269154e-17,4.7796118093880544e-17,-3.333933286207989e-07,-1.6727872058644926e-10,4.1851618172068067e-17,1.898000226144412e-13,-1.672785806453035e-10,1.0720337178670818e-13,-1.6727855222722916e-10,-1.6727891109585396e-10,-3.333930200934133e-07,4.182460501034038e-17,4.512722310043321e-17,-1.6727859078630222e-10,-1.6727890223709446e-10,4.515071447952134e-17,1.0735550885904641e-13,4.514616313902891e-17,-1.6727858064126213e-10,-1.6727859079852732e-10,-1.6727887101741692e-10,-3.3339316156972715e-07,-3.333933554193134e-07,-1.6727872056873217e-10,-3.333936032982974e-07,-1.6727859082340618e-10,4.922121957217253e-17,4.51021534027935e-17,5.965805971634015e-17,-1.6727859076179627e-10,4.5150865929624415e-17,5.327116704248022e-17,4.5138776090014057e-17,-1.6727876954024406e-10,4.869808244536016e-17,4.510930033958211e-17,4.5149544050959704e-17
0.9999729651313044,0.999971773695247,-1.856713685338912e-10,-1.6727895719745515e-10,0.9999723164000683,-4.6122426418957376e-07,0.9999739544246801,-1.3559086360829077e-10,0.9999740896471422,-3.5546671206814563e-07,-1.6154436342652135e-10,0.9999697861123334,0.9999723976594238,0.999972468947578,-1.3559086224099691e-10,0.9999701946405757,0.999972495529691,0.9999737021721478,0.9999667156478139,-1.481022113636767e-10,0.9999724955296915,0.9999727212722265,0.9999710557289051,0.9999734714770974,0.9999735145764023,0.9999724955296911,-4.037470660163861e-07,-1.4796892504930232e-10,0.9999714510121487,-1.3559086330193866e-10,-1.7233668859708903e-10,0.9999702517145383,-3.425889220521113e-07,-1.939627683018259e-10,0.9999724955296898,0.9999729516430238,-3.474347390250128e-07,-1.2924308328456064e-10,0.9999725030327632,-3.133689746563978e-07,-1.5239465351286997e-10,-1.3964059273575066e-10,-1.3559086234120028e-10,-2.86283376168704e-07,0.999971273577456,0.9999732733155218,-1.2645838430763976e-10,-5.701681497250735e-07,0.999972434703996,-1.615443632529089e-10,0.999972264585855,0.999974414509957,0.9999703458820851,-1.2645838379811928e-10,-1.3559086274754847e-10,0.9999724955296904,0.9999743609624406,-1.3559086248751442e-10,-1.6177538657029608e-10,-1.3559086236283997e-10,0.9999724347039952,0.9999724955296915,0.9999741749888273,0.9999707713106694,0.9999713541522066,0.999973273315521,0.9999720995682263,0.9999724955296904,-1.4796892499935302e-10,-1.355908633428119e-10,-1.7885548881905555e-10,0.9999724955296927,-1.3559086329626325e-10,-1.595718262694783e-10,-1.3559086339575413e-10,0.9999735667393616,-1.4567922408696817e-10,-1.3559086353372237e-10,-1.3559086330969072e-10
-5.677128902910293e-06,-4.6122292180171923e-07,1.7037005163677721e-13,1.5354141075766647e-13,-4.6122426418957376e-07,-2.3756893460978476e-06,-4.6122392491237676e-07,6.242809537844839e-17,-4.612239870691344e-07,8.218970068350221e-17,1.4827811655325076e-13,-4.6122200751917203e-07,-4.6122320882948644e-07,-2.3141638799513729e-10,6.243954505027168e-17,-4.612221954410159e-07,-2.3141639417569392e-10,-2.3141667263126361e-10,-2.3141506016071523e-10,6.819174463198945e-17,-2.314163941556423e-10,-2.3141644623010527e-10,-4.6122259154334974e-07,-2.3141661950233387e-10,-2.3141662933313745e-10,-2.3141639414625694e-10,1.859335463524133e-13,6.813598862705956e-17,-4.612227733526737e-07,6.242338301033719e-17,1.5813777555568362e-13,-4.612222216945169e-07,1.5778333269660948e-13,1.7803545670748015e-13,-2.3141639418724847e-10,-2.3141649947768886e-10,8.037822796515437e-17,5.944843528700994e-17,-2.314163958860733e-10,7.243059959500044e-17,7.01858698902593e-17,6.429818645987636e-17,6.240639091477147e-17,6.613169194037515e-17,-4.612226917556884e-07,-2.3141657355679165e-10,5.824120108083053e-17,2.625159513125909e-13,-2.31416380117605e-10,1.4827811636348215e-13,-2.3141634083392554e-10,-4.6122413650249093e-07,-4.6122226503074884e-07,5.827252070232038e-17,6.244923782301073e-17,-2.3141639417661445e-10,-4.6122411188334793e-07,6.241608549555352e-17,1.484884201547402e-13,6.244923782301074e-17,-2.314163801180036e-10,-2.3141639417316404e-10,-4.6122402634484425e-07,-4.612224607056756e-07,-4.6122272882096105e-07,-2.3141657354209684e-10,-4.612230716596161e-07,-2.3141639415832817e-10,6.813482551079387e-17,6.240639091477147e-17,1.6416909384855438e-13,-2.3141639414391217e-10,6.241696046299722e-17,1.464781582891136e-13,6.241676448200123e-17,-2.3141664133522077e-10,1.3374057033012045e-13,6.243822830589335e-17,6.243568092934703e-17
0.9999722274642606,0.9999710360327807,-1.856712321652728e-10,-3.3339422020762636e-07,0.9999739544246801,-4.6122392491237676e-07,0.9999708410713872,-1.355907638091964e-10,0.9999733519829723,-1.7835346215833737e-10,-1.615442445706836e-10,0.9999690484513297,0.9999716599964975,0.9999717312845988,-1.3559076251025844e-10,0.99996945697927,0.9999717578666903,0.9999729645082635,0.9999659779890644,-1.4810210241237608e-10,0.999971757866692,0.9999719836090628,0.9999703180669662,0.9999727338133814,0.9999727769126548,0.9999717578666928,-2.0257786355066884e-10,-1.479688162688679e-10,0.9999707133499186,-1.3559076355882562e-10,-1.7233656180105318e-10,0.9999695140531887,-3.425886699716579e-07,-3.8657621306727214e-07,0.9999717578666899,0.9999722139796896,-1.7432346416160698e-10,-1.2924298808478175e-10,0.9999717653697595,-1.5723115472976773e-10,-1.5239454135185105e-10,-1.3964049000594576e-10,-1.3559076257370743e-10,-1.4364110511730648e-10,0.9999705359153566,0.9999725356519501,-1.2645829131728606e-10,-2.8607872401588267e-10,0.999971697041043,-1.6154424441011104e-10,0.9999715269230257,0.9999736768455485,0.9999696082206666,-1.2645829084672216e-10,-1.3559076304935156e-10,0.9999717578666903,0.9999736232980708,-1.3559076271624226e-10,-1.6177526772098913e-10,-1.355907625765553e-10,0.9999716970410423,0.9999717578666921,0.9999734373245943,0.9999700336489389,0.9999706164900478,0.9999725356519501,0.9999713619055188,0.9999717578666921,-1.479688162172073e-10,-1.355907636078278e-10,-3.564667497216544e-07,0.9999717578666937,-1.3559076356233612e-10,-1.5957170914597168e-10,-1.3559076360531252e-10,0.9999728290755758,-1.4567911664293517e-10,-1.355907637808727e-10,-1.3559076355243888e-10
-5.486142677510289e-06,-1.3559046891825827e-10,9.98266025881247e-14,4.5101648196453345e-17,-1.3559086360829077e-10,6.242809537844839e-17,-1.355907638091964e-10,-2.3756894852123912e-06,-1.355907821074349e-10,4.809081881005671e-17,4.3554802663901246e-17,-2.702373508278596e-07,-1.3559055331932446e-10,-1.35590562957927e-10,7.291065310126834e-14,-1.3559025537685063e-10,-1.3559056653387123e-10,-1.3559072965331536e-10,-2.7023652325317974e-07,7.963559887235412e-14,-1.3559056652595886e-10,-1.355905970747335e-10,-1.3559037179147165e-10,-1.3559069852101886e-10,-1.3559070433938537e-10,-1.3559056657600443e-10,5.464056766531234e-17,7.956430716805592e-14,-1.3559042530796508e-10,7.291065360318962e-14,9.265919161419682e-14,-1.3559026309690242e-10,4.637459028753039e-17,5.2324387283092517e-17,-1.3559056657600443e-10,-1.3559062822319362e-10,9.373907235830497e-14,3.491154910137418e-17,-1.3559056752854527e-10,8.454933560948198e-14,8.19509623399474e-14,7.508722250441559e-14,7.291065313590954e-14,7.723916806717722e-14,-1.3559040123349092e-10,-1.355906717164554e-10,3.414300109014181e-17,7.716908217786197e-17,-1.355905583184058e-10,4.3607429269168186e-17,-1.3559053534557432e-10,-1.355908260113321e-10,-2.7023750171467977e-07,3.414057297590461e-17,7.291065333012714e-14,-1.355905665398333e-10,-1.3559081878742576e-10,7.291065319755063e-14,4.3666937170337967e-17,7.291065312802535e-14,-1.3559055835080158e-10,-1.3559056653069114e-10,-1.3559079365874085e-10,-1.3559033336083505e-10,-1.3559041221764246e-10,-1.355906717164554e-10,-1.3559051295605068e-10,-1.3559056654073613e-10,7.95643071106597e-14,7.291065363298081e-14,4.827314207247583e-17,-1.3559056654073613e-10,7.291065361724464e-14,4.304834282184278e-17,7.291065365378576e-14,-1.3559071142689124e-10,3.9352895721591005e-17,7.291065373993283e-14,7.291065361888614e-14
0.9999723626871652,0.999971171254849,-1.8567125717574035e-10,-1.672788568592241e-10,0.9999740896471422,-4.612239870691344e-07,0.9999733519829723,-1.355907821074349e-10,0.9999711115161309,-1.7835348621322474e-10,-1.6154426633701198e-10,0.9999691836731296,0.9999717952186502,0.9999718665067621,-1.3559078077189794e-10,0.9999695922011257,0.9999718930888581,0.999973099730592,0.9999661132104536,-1.481021224056003e-10,0.9999718930888593,0.99997211883126,0.9999704532889392,0.9999728690356788,0.999972912134959,0.999971893088859,-2.025778909504327e-10,-1.4796883613944087e-10,0.9999708485719437,-1.3559078179974675e-10,-1.7233658500325512e-10,0.9999696492750525,-1.7189212510612414e-10,-1.9396265166813473e-10,0.9999718930888571,0.9999723492019171,-1.7432348767135747e-10,-1.2924300543898194e-10,0.999971900591926,-1.572311759309577e-10,-1.5239456187601657e-10,-1.396405088082786e-10,-1.3559078086519843e-10,-1.4364112444323766e-10,0.9999706711373576,0.9999726708742219,-1.2645830832930944e-10,-5.701678071654045e-07,0.9999718322632003,-1.6154426625723997e-10,0.9999716621451616,0.9999738120679739,0.999969743442544,-1.2645830780598593e-10,-1.3559078130442157e-10,0.9999718930888583,0.9999737585204871,-1.3559078101463727e-10,-1.61775289416852e-10,-1.3559078090221833e-10,0.9999718322632,0.999971893088859,0.9999735725469859,0.9999701688708733,0.9999707517120606,0.9999726708742223,0.9999714971276311,0.9999718930888587,-1.4796883608530743e-10,-1.3559078186723042e-10,-1.7885538114799373e-10,0.9999718930888608,-1.355907818362684e-10,-1.5957173036078597e-10,-1.3559078190293355e-10,0.999972964297886,-1.4567913633149516e-10,-1.3559078203350575e-10,-1.3559078185177088e-10
-5.571371001058278e-06,-1.7835307414576997e-10,6.594390103819491e-17,5.920200999016676e-17,-3.5546671206814563e-07,8.218970068350221e-17,-1.7835346215833737e-10,4.809081881005671e-17,-1.7835348621322474e-10,-2.375689430890956e-06,5.74514868602022e-17,-3.5546497241459273e-07,-3.554658984946418e-07,-1.783531978614656e-10,4.808252359528011e-17,-1.7835279328080038e-10,-1.7835320258747508e-10,-1.7835341722108192e-10,-1.783521742372688e-10,5.2567106833823914e-17,-1.7835320259600773e-10,-1.783532426728332e-10,-3.5546542263385816e-07,-1.783533763553914e-10,-3.554662945406884e-07,-1.7835320259600773e-10,7.21178532490313e-17,5.252094526769869e-17,-3.554655627905689e-07,4.814004618895368e-17,6.113282723027019e-17,-1.7835280347418936e-10,6.094214859806242e-17,6.901831973076777e-17,-1.7835320263645834e-10,-3.5546609492833023e-07,6.138614771131741e-17,9.146418500708206e-14,-1.7835320396111612e-10,5.571561370230267e-17,5.4149782929384144e-17,4.958035107148355e-17,4.810159059054727e-17,5.096959133548639e-17,-3.5546549988656003e-07,-1.7835334100394355e-10,8.949410548142551e-14,1.0139410026000143e-16,-1.7835319176334256e-10,5.738814138503544e-17,-1.783531614803018e-10,-1.783535440217862e-10,-3.554651709268644e-07,8.949410528690537e-14,4.814004618895365e-17,-1.7835320263645834e-10,-1.7835353443238832e-10,4.809538182032604e-17,5.745476329136576e-17,4.8115341006062965e-17,-1.7835319183281872e-10,-1.783532025685966e-10,-3.5546652871416895e-07,-1.7835289589406223e-10,-3.554655284598002e-07,-1.7835334106839452e-10,-3.554657927548489e-07,-1.7835320253949928e-10,5.252208616857634e-17,4.8108743488618025e-17,6.33187798851865e-17,-1.7835320258747508e-10,4.812502256046139e-17,5.657912358299993e-17,4.8082359554609333e-17,-1.7835339317750985e-10,1.0309517136096916e-13,4.813301678206638e-17,4.810515796785393e-17
-5.537869341416057e-06,-1.6154389313356334e-10,1.1895627243553497e-13,1.0720337192437635e-13,-1.6154436342652135e-10,1.4827811655325076e-13,-1.615442445706836e-10,4.3554802663901246e-17,-1.6154426633701198e-10,5.74514868602022e-17,-2.3756894520819083e-06,-1.6154357283200658e-10,-1.6154399369199212e-10,-1.615440052034013e-10,4.3626360288281645e-17,-3.2196371822786504e-07,-1.615440094623421e-10,-1.6154420389581936e-10,-1.6154307809388872e-10,4.765322719956459e-17,-1.61544009476826e-10,-1.6154404585742313e-10,-3.219639947964718e-07,-1.615441667782232e-10,-1.6154417373838377e-10,-1.6154400945425603e-10,1.298201539578308e-13,4.755595660147002e-17,-3.219641217415762e-07,4.357095827508637e-17,1.104152237104335e-13,-3.21963736558757e-07,5.5383332067363464e-17,6.224840985966146e-17,-1.6154400946508747e-10,-1.6154408297125281e-10,5.604999560222605e-17,4.135840228350002e-17,-1.6154401068938876e-10,5.0546279728099825e-17,4.9066321442336114e-17,4.487350819942469e-17,4.362636028828155e-17,4.6218178868233403e-17,-3.2196406476715375e-07,-1.6154413487653167e-10,4.121725898281191e-17,1.8329381308575068e-13,-1.6154399964491465e-10,1.0352850162632533e-13,-1.615439722661664e-10,-1.615443187568742e-10,-3.219637668160728e-07,4.121726582270279e-17,4.3569882021982926e-17,-1.6154400946356344e-10,-1.6154431002110335e-10,4.3588437441044025e-17,1.0367542399568991e-13,4.3606197724475026e-17,-1.6154399965634404e-10,-1.6154400946237385e-10,-1.6154428006391077e-10,-3.219639034425921e-07,-3.219640906470144e-07,-1.6154413481477987e-10,-3.2196433002873537e-07,-1.615440094619839e-10,4.755595660147085e-17,4.3554802663901246e-17,5.778313087814861e-17,-1.615440094517106e-10,4.3623763818954283e-17,5.1444242040962626e-17,4.3626360288281645e-17,-1.6154418210154825e-10,4.6644878484315044e-17,4.356012124221257e-17,4.3688031145381906e-17
0.9999680591381591,0.9999668677325634,-3.700495558677414e-07,-1.6727813868631218e-10,0.9999697861123334,-4.6122200751917203e-07,0.9999690484513297,-2.702373508278596e-07,0.9999691836731296,-3.5546497241459273e-07,-1.6154357283200658e-10,0.999962504470165,0.9999674916936876,0.9999675629814929,-2.70237348192562e-07,0.9999652886856149,0.9999675895634742,0.9999687962000303,0.9999618097098683,-2.9517290614639553e-07,0.9999675895634765,0.9999678153049073,0.9999661497697333,0.9999685655061077,0.9999686086052023,0.9999675895634775,-2.0257702125235336e-10,-2.9490726188407396e-07,0.9999665450510412,-2.702373502647489e-07,-3.434730702167162e-07,0.9999653457592963,-1.7189138717924584e-10,-1.9396181891893934e-10,0.9999675895634735,0.9999680456745775,-3.4743303900703153e-07,-1.2924245065830682e-10,0.9999675970665101,-3.133674412997263e-07,-3.037278938370148e-07,-2.7830860316883794e-07,-2.7023734836148394e-07,-2.8628197538831835e-07,0.9999663676172171,0.9999683673455018,-1.2645776537660038e-10,-5.701653601657731e-07,0.9999675287380783,-1.6154357271197277e-10,0.9999673586207685,0.9999695085343563,0.9999654399263824,-1.2645776487142565e-10,-2.702373492576981e-07,0.9999675895634742,0.9999694549871007,-2.702373486411398e-07,-1.617745950439503e-10,-2.7023734842409503e-07,0.9999675287380765,0.9999675895634768,0.9999692690143978,0.9999658653528867,0.9999664481915729,0.9999683673455003,0.999967193603949,0.9999675895634758,-2.9490726177498687e-07,-2.7023735037239786e-07,-1.7885461348190473e-10,0.9999675895634771,-2.7023735027749836e-07,-1.5957104531558884e-10,-2.7023735041802064e-07,0.9999686607679058,-2.9034380718569443e-07,-2.7023735068622447e-07,-2.7023735029635977e-07
0.9999706706938696,0.999969479272054,-1.8567094406363438e-10,-1.6727857455090465e-10,0.9999723976594238,-4.6122320882948644e-07,0.9999716599964975,-1.3559055331932446e-10,0.9999717952186502,-3.554658984946418e-07,-1.6154399369199212e-10,0.9999674916936876,0.9999677275455878,0.9999701745227939,-1.3559055197446501e-10,0.9999679002209935,0.9999702011048458,0.9999714077445414,0.99996442123619,-1.4810187247871975e-10,0.9999702011048454,0.9999704268468642,0.999968761307355,0.99997117705002,0.9999712201492258,0.9999702011048469,-4.037461420015037e-07,-1.4796858647632175e-10,0.9999691565896921,-1.3559055301493777e-10,-1.723362942054402e-10,0.9999679572948256,-3.4258813793264253e-07,-3.8657561273692965e-07,0.9999702011048444,0.9999706572171343,-1.7432319350774026e-10,-1.2924278735833624e-10,0.999970208607901,-3.1336825756228883e-07,-1.523943046608732e-10,-1.396402731881125e-10,-1.3559055208170663e-10,-1.4364088207381942e-10,0.9999689791554053,0.9999709788888969,-1.2645809481242272e-10,-5.701668451538127e-07,0.9999701402792895,-1.6154399346387318e-10,0.9999699701615377,0.9999721200807227,0.9999680514621557,-1.2645809440288656e-10,-1.355905525223364e-10,0.9999702011048458,0.9999720665333285,-1.3559055221334963e-10,-1.6177501648046243e-10,-1.3559055208420696e-10,0.9999701402792887,0.9999702011048462,0.9999718805601404,0.9999684768897676,0.9999690597299714,0.9999709788888953,0.9999698051442858,0.9999702011048459,-1.4796858642170557e-10,-1.3559055306639042e-10,-3.5646619615015505e-07,0.9999702011048474,-1.3559055304624056e-10,-3.1803307992507273e-07,-1.3559055310299347e-10,0.9999712723120656,-1.4567889053542602e-10,-1.3559055320850155e-10,-1.3559055307658164e-10
0.9999707419822541,0.9999695505600015,-3.7005054587660856e-07,-1.672785863425263e-10,0.999972468947578,-2.3141638799513729e-10,0.9999717312845988,-1.35590562957927e-10,0.9999718665067621,-1.783531978614656e-10,-1.615440052034013e-10,0.9999675629814929,0.9999701745227939,0.9999678701215746,-1.3559056159392504e-10,0.9999679715088298,0.9999702723928438,0.999971479032628,0.9999644925237777,-2.9517369593173674e-07,0.9999702723928438,0.9999704981348799,0.9999688325952502,0.9999712483380871,0.9999712914372969,0.9999702723928451,-2.0257756337545002e-10,-2.949080509621083e-07,0.9999692278776169,-1.355905626972252e-10,-1.72336306618947e-10,0.999968028582663,-1.7189184728233528e-10,-1.9396233802701876e-10,0.9999702723928428,0.9999707285051656,-1.7432320589268428e-10,-1.292427964237399e-10,0.9999702798959001,-1.572309217889196e-10,-1.5239431550292407e-10,-1.396402831330001e-10,-1.3559056174270213e-10,-1.4364089242175425e-10,0.9999690504433172,0.9999710501769498,-1.2645810383810694e-10,-2.86078300818671e-10,0.9999702115672852,-1.6154400504905444e-10,0.9999700414495197,0.9999721913688591,0.999968122750002,-1.2645810324751097e-10,-1.3559056211695284e-10,0.9999702723928441,0.9999721378214597,-1.3559056187003105e-10,-1.6177502798498404e-10,-1.3559056175600914e-10,0.999970211567283,0.9999702723928449,0.9999719518482589,0.9999685481776447,0.9999691310178894,0.99997105017695,0.9999698764322563,0.9999702723928441,-2.949080508530215e-07,-1.3559056271084706e-10,-1.7885509212231747e-10,0.9999702723928462,-1.3559056270572746e-10,-1.595714724207721e-10,-1.3559056275455836e-10,0.9999713436001401,-1.4567890099840164e-10,-1.3559056287792972e-10,-1.3559056271099797e-10
-5.486142673243589e-06,-1.355904676134652e-10,9.982660167732398e-14,4.510662201224677e-17,-1.3559086224099691e-10,6.243954505027168e-17,-1.3559076251025844e-10,7.291065310126834e-14,-1.3559078077189794e-10,4.808252359528011e-17,4.3626360288281645e-17,-2.70237348192562e-07,-1.3559055197446501e-10,-1.3559056159392504e-10,-2.3756894852123912e-06,-1.3559025404094428e-10,-1.3559056520931483e-10,-1.355907283792018e-10,-2.7023652061789184e-07,7.963559814898912e-14,-1.3559056521110908e-10,-1.3559059574138687e-10,-1.3559037051815494e-10,-1.3559069719920893e-10,-1.3559070301066796e-10,-1.3559056521775768e-10,5.473176034864118e-17,7.956430644572972e-14,-1.355904239497486e-10,7.291065294270107e-14,9.265919077015699e-14,-1.3559026177317677e-10,4.6305710508088616e-17,5.2369203044052834e-17,-1.3559056520702067e-10,-1.3559062688029267e-10,9.373907150973815e-14,3.499122841053121e-17,-1.3559056623932798e-10,8.454933484518433e-14,8.195096160062783e-14,7.508722182332729e-14,7.291065247542108e-14,7.723916736717191e-14,-1.3559039996915608e-10,-1.3559067037369932e-10,3.417791699108981e-17,7.715675322847801e-17,-1.3559055699142847e-10,4.3572222926502146e-17,-1.3559053406122665e-10,-1.3559082472468185e-10,-2.702374990793803e-07,3.4141133472967505e-17,7.291065266963861e-14,-1.355905652090239e-10,-1.355908174865964e-10,7.291065253706225e-14,4.3629200401441283e-17,7.291065246753685e-14,-1.3559055701659663e-10,-1.3559056521775768e-10,-1.3559079235470757e-10,-1.3559033202695327e-10,-1.3559041086977208e-10,-1.355906704058134e-10,-1.3559051168459513e-10,-1.3559056519805793e-10,7.956430638833347e-14,7.291065297249222e-14,4.822258808255732e-17,-1.3559056517938777e-10,7.291065295675623e-14,4.304643100102055e-17,7.291065299329729e-14,-1.3559071005977988e-10,3.935286214732267e-17,7.291065307944437e-14,7.291065295839761e-14
0.999968467667748,0.9999672762596151,-3.7004970662503234e-07,-3.3339296978047036e-07,0.9999701946405757,-4.612221954410159e-07,0.99996945697927,-1.3559025537685063e-10,0.9999695922011257,-1.7835279328080038e-10,-3.2196371822786504e-07,0.9999652886856149,0.9999679002209935,0.9999679715088298,-1.3559025404094428e-10,0.9999633215228161,0.9999679980908202,0.9999692047278691,0.9999622182348611,-2.951730264137754e-07,0.999967998090822,0.9999682238323464,0.9999665582964928,0.9999689740338537,0.9999690171329637,0.9999679980908228,-4.037452547389795e-07,-2.949073820437417e-07,0.999966953577963,-1.3559025504479583e-10,-3.434732101500574e-07,0.9999657542857291,-3.425873850030159e-07,-3.865747631625152e-07,0.99996799809082,0.9999684542021109,-1.7432281046404838e-10,-1.292425033859962e-10,0.9999680055938601,-1.5723056513641063e-10,-1.523939698182027e-10,-1.3963996632997738e-10,-1.3559025410297719e-10,-1.4364056646468927e-10,0.9999667761440659,0.9999687758731641,-1.2645781679908586e-10,-5.701655924634993e-07,0.9999679372654,-3.2196371793293346e-07,0.9999677671480214,0.9999699170624851,0.9999658484528553,-1.2645781639533562e-10,-1.35590254550345e-10,0.9999679980908202,0.9999698635152079,-1.3559025423587482e-10,-3.2242415597102325e-07,-1.3559025413159758e-10,0.9999679372653985,0.9999679980908219,0.9999696775424278,0.9999662738795316,0.9999668567184553,0.9999687758731637,0.9999676021311338,0.999967998090822,-2.949073819346547e-07,-1.355902551379605e-10,-3.5646541274782124e-07,0.9999679980908228,-1.3559025510553327e-10,-3.180323809448787e-07,-1.3559025513211376e-10,0.9999690692956893,-1.456785703091761e-10,-1.3559025521994153e-10,-1.3559025509898304e-10
0.9999707685644554,0.9999695771420339,-1.8567096203194873e-10,-1.6727859082314463e-10,0.999972495529691,-2.3141639417569392e-10,0.9999717578666903,-1.3559056653387123e-10,0.9999718930888581,-1.7835320258747508e-10,-1.615440094623421e-10,0.9999675895634742,0.9999702011048458,0.9999702723928438,-1.3559056520931483e-10,0.9999679980908202,0.9999679232856792,0.9999715056147144,0.9999645191056779,-1.4810188693418105e-10,0.9999702989748981,0.9999705247169391,0.9999688591772657,0.9999712749201672,0.999971318019377,0.9999702989748989,-2.0257756875574313e-10,-1.4796860097528803e-10,0.9999692544596425,-1.3559056620230674e-10,-1.7233631108962434e-10,0.9999680551646579,-1.7189185184695018e-10,-1.9396234315059486e-10,0.999970298974896,0.9999707550872322,-1.7432321049446314e-10,-1.2924279995596842e-10,0.9999703064779543,-1.5723092595609495e-10,-1.5239431955571691e-10,-1.3964028676701348e-10,-1.3559056527488727e-10,-1.4364089612735506e-10,0.9999690770253383,0.9999710767590236,-1.2645810724669506e-10,-2.8607830837918067e-10,0.9999702381493369,-1.6154400930410005e-10,0.9999700680315676,0.9999722179509622,0.9999681493319997,-1.2645810672694424e-10,-1.3559056575133456e-10,0.9999702989748966,0.9999721644035627,-1.3559056547257604e-10,-1.61775032271488e-10,-1.3559056531648507e-10,0.9999702381493359,0.9999702989748975,0.9999719784303546,0.9999685747596526,0.9999691575999128,0.9999710767590226,0.9999699030142996,0.9999702989748971,-1.4796860084811242e-10,-1.355905663437548e-10,-1.7885509684463712e-10,0.9999702989748993,-1.355905662367944e-10,-1.5957147661879073e-10,-1.3559056632972802e-10,0.9999713701822219,-1.4567890478443602e-10,-1.3559056642319596e-10,-1.3559056626835142e-10
0.9999719752108952,0.9999707837809824,-1.856711854092469e-10,-1.6727879210159636e-10,0.9999737021721478,-2.3141667263126361e-10,0.9999729645082635,-1.3559072965331536e-10,0.999973099730592,-1.7835341722108192e-10,-1.6154420389581936e-10,0.9999687962000303,0.9999714077445414,0.999971479032628,-1.355907283792018e-10,0.9999692047278691,0.9999715056147144,0.9999703365667592,0.9999657257385407,-1.4810206518537294e-10,0.9999715056147156,0.9999717313570274,0.9999700658153488,0.9999724815611567,0.9999725246604197,0.9999715056147156,-4.037466673373467e-07,-1.47968778923834e-10,0.9999704610982015,-1.3559072940241556e-10,-1.7233651846465047e-10,0.9999692618017747,-1.7189205863221414e-10,-3.865761157592635e-07,0.9999715056147126,0.9999719617275963,-1.7432342030173283e-10,-1.2924295549367206e-10,0.9999715131177795,-1.5723111518913822e-10,-1.5239450300253507e-10,-1.3964045487592105e-10,-1.355907285360131e-10,-1.4364106893731442e-10,0.9999702836636855,0.9999722833997758,-1.2645825941461304e-10,-2.8607865256441214e-10,0.9999714447890802,-1.6154420373846122e-10,0.9999712746711057,0.9999734245930862,0.9999693559692288,-1.2645825890549103e-10,-1.355907289427111e-10,0.9999715056147138,0.9999733710456222,-1.355907285898309e-10,-1.6177522699175241e-10,-1.35590728520074e-10,0.9999714447890792,0.9999715056147138,0.9999731850721937,0.9999697813973928,0.9999703642383552,0.9999722833997743,0.9999711096536402,0.9999715056147133,-1.479687789870687e-10,-1.3559072946206298e-10,-3.56466659992807e-07,0.9999715056147148,-1.3559072944122863e-10,-1.5957166879413405e-10,-1.3559072953107376e-10,0.9999725768233267,-1.4567908012850635e-10,-1.3559072966743686e-10,-1.355907294603843e-10
0.9999649886635018,0.9999637972769743,-3.700484228080949e-07,-1.6727762626099063e-10,0.9999667156478139,-2.3141506016071523e-10,0.9999659779890644,-2.7023652325317974e-07,0.9999661132104536,-1.783521742372688e-10,-1.6154307809388872e-10,0.9999618097098683,0.99996442123619,0.9999644925237777,-2.7023652061789184e-07,0.9999622182348611,0.9999645191056779,0.9999657257385407,0.9999563635805665,-2.951720022417915e-07,0.9999645191056791,0.9999647448464202,0.9999630793163435,0.9999654950453237,0.9999655381442852,0.9999645191056803,-2.0257640077737615e-10,-2.949063587889896e-07,0.9999634745964422,-2.702365226900712e-07,-3.434720185074302e-07,0.9999622753083687,-1.7189086054569138e-10,-1.9396122497019552e-10,0.9999645191056765,0.9999649752153842,-3.474319750177343e-07,-1.2924205452310353e-10,0.9999645266086912,-3.133664816187172e-07,-3.037269636458771e-07,-2.7830775088910444e-07,-2.7023652078681324e-07,-2.862810986826288e-07,0.9999632971631605,0.9999652968853241,-1.2645737790501955e-10,-2.860766594153771e-10,0.9999644582804686,-1.6154307785487426e-10,0.9999642881636802,0.9999664380706863,0.9999623694751673,-1.264573775520272e-10,-2.7023652168302333e-07,0.9999645191056781,0.9999663845235934,-2.7023652106646784e-07,-1.6177409962877462e-10,-2.702365208494239e-07,0.9999644582804667,0.9999645191056798,0.9999661985514612,0.9999627949003689,0.9999633777372708,0.9999652968853231,0.9999641231473625,0.9999645191056792,-2.94906358679903e-07,-2.7023652279771985e-07,-1.7885406567011597e-10,0.9999645191056796,-2.7023652270282066e-07,-1.5957055654197456e-10,-2.7023652284334253e-07,0.999965590306831,-1.456780643150786e-10,-2.7023652311154545e-07,-2.702365227216819e-07
-5.511078435715985e-06,-1.4810178030045638e-10,1.090339436347262e-13,4.9312354692484364e-17,-1.481022113636767e-10,6.819174463198945e-17,-1.4810210241237608e-10,7.963559887235412e-14,-1.481021224056003e-10,5.2567106833823914e-17,4.765322719956459e-17,-2.9517290614639553e-07,-1.4810187247871975e-10,-2.9517369593173674e-07,7.963559814898912e-14,-2.951730264137754e-07,-1.4810188693418105e-10,-1.4810206518537294e-10,-2.951720022417915e-07,-2.3756894720242356e-06,-1.4810188693830393e-10,-1.4810192024309826e-10,-1.4810167429775347e-10,-1.4810203107216357e-10,-1.4810203743756072e-10,-1.4810188701236342e-10,5.967967670654725e-17,8.690292227759058e-14,-1.4810173266589192e-10,7.9635598698961e-14,1.0120548619565132e-13,-1.4810155543125988e-10,5.066006490952212e-17,5.715162092439472e-17,-1.4810188691571207e-10,-1.481019542862904e-10,1.0238514755808332e-13,3.809486828188402e-17,-1.481018880362992e-10,9.234780729450273e-14,8.95098065573784e-14,8.20129106208904e-14,7.96355981870106e-14,8.43633510771698e-14,-1.4810170646589531e-10,-1.4810200182024064e-10,3.7232577056923325e-17,8.428445441683818e-17,-1.4810187792134249e-10,4.772905192471199e-17,-2.9517363577487063e-07,-1.481021703240718e-10,-2.9517307095019884e-07,3.7237145035699245e-17,7.963559840005258e-14,-1.4810188690912012e-10,-1.481021624414323e-10,7.963559825458803e-14,9.502996667190136e-14,7.963559817838905e-14,-1.4810187794399372e-10,-1.4810188697091444e-10,-1.48102135022778e-10,-1.4810163238168962e-10,-1.481017184263762e-10,-1.4810200180509447e-10,-1.4810182844803414e-10,-1.4810188693414016e-10,8.690292221505953e-14,7.963559873152201e-14,5.2698802376396175e-17,-1.4810188691694194e-10,7.963559871427884e-14,4.6987996571217256e-17,7.963559875416058e-14,-1.4810204514101485e-10,4.299174734058039e-17,7.963559884824369e-14,7.963559871593677e-14
0.9999707685644584,0.9999695771420354,-1.8567096203312932e-10,-1.6727859079318002e-10,0.9999724955296915,-2.314163941556423e-10,0.999971757866692,-1.3559056652595886e-10,0.9999718930888593,-1.7835320259600773e-10,-1.61544009476826e-10,0.9999675895634765,0.9999702011048454,0.9999702723928438,-1.3559056521110908e-10,0.999967998090822,0.9999702989748981,0.9999715056147156,0.9999645191056791,-1.4810188693830393e-10,0.9999679232856808,0.999970524716941,0.9999688591772667,0.9999712749201688,0.9999713180193789,0.9999702989749002,-2.0257756874329845e-10,-1.4796860097470856e-10,0.9999692544596445,-1.3559056621631926e-10,-1.7233631107730982e-10,0.9999680551646597,-1.7189185184593052e-10,-1.9396234317187762e-10,0.9999702989748975,0.9999707550872332,-1.743232105102184e-10,-1.2924279996353144e-10,0.9999703064779555,-1.5723092595662925e-10,-1.5239431954398367e-10,-1.3964028682939965e-10,-1.3559056527733027e-10,-1.4364089611505657e-10,0.9999690770253405,0.9999710767590245,-1.264581071519353e-10,-2.8607830839528375e-10,0.9999702381493388,-1.6154400932215947e-10,0.9999700680315681,0.9999722179509637,0.9999681493320003,-1.2645810670197827e-10,-1.3559056572691226e-10,0.9999702989748982,0.9999721644035642,-1.3559056544163062e-10,-1.6177503224450628e-10,-1.3559056532995597e-10,0.9999702381493369,0.9999702989748989,0.9999719784303565,0.9999685747596542,0.9999691575999137,0.999971076759024,0.9999699030143013,0.9999702989748993,-1.479686008531491e-10,-1.3559056635389475e-10,-1.7885509684045294e-10,0.9999702989748996,-1.3559056624537346e-10,-1.595714766195929e-10,-1.3559056629948076e-10,0.9999713701822238,-1.4567890472215395e-10,-1.3559056643556138e-10,-1.355905662212994e-10
0.9999709943077373,0.9999698028839163,-1.856710038085848e-10,-1.672786284609751e-10,0.9999727212722265,-2.3141644623010527e-10,0.9999719836090628,-1.355905970747335e-10,0.99997211883126,-1.783532426728332e-10,-1.6154404585742313e-10,0.9999678153049073,0.9999704268468642,0.9999704981348799,-1.3559059574138687e-10,0.9999682238323464,0.9999705247169391,0.9999717313570274,0.9999647448464202,-1.4810192024309826e-10,0.999970524716941,0.9999683747698175,0.9999690849189832,0.9999715006624285,0.9999715437616491,0.9999705247169407,-4.037462723087707e-07,-1.4796863423208807e-10,0.9999694802014488,-1.3559059677553764e-10,-1.7233634987443837e-10,0.9999682809061963,-1.7189189055207948e-10,-1.9396238685087204e-10,0.9999705247169388,0.9999709808293766,-1.7432324974701813e-10,-1.2924282908030994e-10,0.9999705322199978,-1.5723096137340584e-10,-1.523943538765407e-10,-1.3964031826643178e-10,-1.3559059584426037e-10,-1.4364092844193334e-10,0.9999693027671042,0.9999713025012412,-1.2645813567215061e-10,-2.8607837278889634e-10,0.9999704638913665,-1.6154404570882655e-10,0.9999702937735583,0.9999724436934357,0.999968375073557,-1.264581351955398e-10,-1.3559059624741644e-10,0.9999705247169391,0.9999723901460256,-1.3559059596089553e-10,-1.6177506871659908e-10,-1.3559059586439372e-10,0.9999704638913653,0.9999705247169403,0.9999722041727772,0.9999688005013067,0.9999693833416974,0.999971302501241,0.9999701287562521,0.9999705247169396,-1.4796863418330437e-10,-1.3559059681570783e-10,-1.7885513712723782e-10,0.9999705247169411,-1.3559059676176055e-10,-1.5957151256965625e-10,-1.3559059683124745e-10,0.9999715959245066,-1.4567893759732398e-10,-1.3559059698615343e-10,-1.35590596793987e-10
0.9999693287589217,0.9999681373454391,-3.7005002439194405e-07,-3.333932561663807e-07,0.9999710557289051,-4.6122259154334974e-07,0.9999703180669662,-1.3559037179147165e-10,0.9999704532889392,-3.5546542263385816e-07,-3.219639947964718e-07,0.9999661497697333,0.999968761307355,0.9999688325952502,-1.3559037051815494e-10,0.9999665582964928,0.9999688591772657,0.9999700658153488,0.9999630793163435,-1.4810167429775347e-10,0.9999688591772667,0.9999690849189832,0.9999650436924912,0.9999698351211352,0.9999698782202837,0.9999688591772676,-4.0374560154245867e-07,-1.4796838844603037e-10,0.9999678146635107,-1.355903715471268e-10,-3.4347350510216954e-07,0.9999666153702486,-3.4258767929987687e-07,-3.865750952348488e-07,0.9999688591772656,0.9999693152889465,-1.7432296015257328e-10,-1.2924261433429094e-10,0.9999688666803123,-1.5723070018105983e-10,-3.037282784736544e-07,-1.396400862935569e-10,-1.3559037062271763e-10,-1.4364068983588383e-10,0.9999676372294626,0.9999696369602764,-1.2645792546014934e-10,-5.701660821015958e-07,0.9999687983517922,-3.219639945015403e-07,0.9999686282342675,0.9999707781505766,0.999966709537453,-1.264579250051742e-10,-1.3559037108074977e-10,0.9999688591772657,0.9999707246032538,-1.3559037076075769e-10,-3.224244329320185e-07,-1.3559037064114828e-10,0.9999687983517914,0.9999688591772671,0.9999705386303136,0.9999671349644961,0.9999677178039206,0.9999696369602761,0.9999684632172378,0.9999688591772666,-1.4796838840969995e-10,-1.3559037159231047e-10,-3.564657189555376e-07,0.9999688591772682,-1.355903715634278e-10,-3.1803265415456693e-07,-1.3559037165017209e-10,0.9999699303830544,-1.4567869544595306e-10,-1.3559037173730256e-10,-1.3559037159227996e-10
