1.0000000065333559,4.971974832358032e-06,1.000004654093515,4.909891065086884e-06,1.0000042165040872,1.000003842619438,0.5597917921151205,1.0000045309466683,5.1277082903393835e-06,4.906672486831775e-06,1.000003902174522,0.44020750431622735,1.000003872274594,1.0000046070145505,4.905568914039975e-06,4.909953666366224e-06,4.903801368263357e-06,1.0000044567709134,4.906522575214441e-06,0.44020755760956776,4.909953667281108e-06,5.042288894748984e-06,5.444266449852426e-06,4.96733787689816e-06,5.060342082137666e-06,4.909953667293162e-06,5.126102538403071e-06,5.456554280127455e-06,1.0000045787457599,1.000003867202217,5.160438334853724e-06,5.457336763834278e-06,5.044634330068915e-06,0.5597919407441893,4.973495164198665e-06,1.0000040384051805,5.456554281212476e-06,1.0000045580438959,4.909562739944908e-06,4.911611355096856e-06,1.0000045580438928,1.0000042260176425,5.128887808007312e-06,1.0000042429746352,4.995845344826051e-06
4.971974832358032e-06,3.8048311955350616e-06,3.6633868852943583e-10,2.5553181826209826e-16,3.6633851231029144e-10,3.6633835442929714e-10,1.8350163014194772e-10,3.6633870130880213e-10,3.5279129725290004e-16,2.1115124399902777e-16,7.279749010495932e-07,1.8283354613025463e-10,7.279748472677999e-07,3.663386614870316e-10,2.715332656681105e-16,2.3348306716271664e-16,2.593114156848074e-16,3.6633861054258996e-10,2.4827441278859326e-16,1.8283353021972847e-10,2.3348306716271664e-16,2.757066073953647e-16,8.969382243204506e-13,2.301043665787284e-16,4.037660354880068e-13,2.3353091054651495e-16,4.680223149754917e-16,4.4086428566627527e-16,3.663386872576058e-10,7.27974838397749e-07,7.112749892018897e-13,4.491675168248109e-16,3.2458680200083e-13,1.83501692579165e-10,3.055492288044678e-16,7.279750238440451e-07,4.4099213111811863e-16,3.663386569223017e-10,2.6769803782226087e-16,2.5417509614683047e-16,3.663386569869409e-10,3.6633852124243285e-10,3.524935632571079e-16,3.663385268746322e-10,4.549279221557288e-13
1.000004654093515,3.6633868852943583e-10,1.0000077356723238,3.3509620216298935e-10,1.0000034932519826,1.0000031193666494,0.5597895305846575,1.000003807695128,4.4470865547756674e-10,3.334765267465592e-10,1.0000031789218473,0.4402047985583504,1.0000031490218613,1.0000038837631344,3.3292114027362544e-10,3.3512768185394017e-10,3.320316945637783e-10,1.0000037335192293,3.3340107773876584e-10,0.4402048518517645,3.351276816466239e-10,4.0172292745827256e-10,1.2002687261726588e-06,3.6400524501878804e-10,4.108078688884549e-10,3.3512768174346333e-10,4.4390057134951404e-10,6.10194248095806e-10,1.0000038554943125,1.0000031439494752,4.611794361932202e-10,6.105880146900643e-10,4.029032083926632e-10,0.5597896792149823,3.6710376077935867e-10,1.0000033151527592,6.101942477891805e-10,1.0000038347923845,3.3493094521108886e-10,3.359618785857894e-10,1.0000038347923856,1.0000035027655385,4.4530222597953595e-10,1.0000035197225823,3.783510942661537e-10
4.909891065086884e-06,2.5553181826209826e-16,3.3509620216298935e-10,3.8048314255573027e-06,3.350960543569813e-10,6.658909020128713e-07,1.791368790308784e-10,3.3509616052638167e-10,2.902754705166136e-16,4.433761498234526e-16,6.658909347878265e-07,1.5595609780730376e-10,3.3509591395345813e-10,3.3509619849553935e-10,-9.398158081588001e-18,2.193400983184709e-16,4.65150255134745e-13,3.3509612060501975e-10,4.104184307795571e-13,1.5595612589022176e-10,2.1910397365957287e-16,5.722180314217484e-13,3.87029006650239e-16,9.34424265458035e-13,2.716236045689612e-16,2.1910397365957287e-16,2.9512991145708106e-16,3.924441241907292e-16,3.3509617096887496e-10,6.65890916509652e-07,3.236419923622063e-16,3.9841755442596043e-16,2.764370209253203e-16,1.7913692533219642e-10,2.0100619886656264e-16,3.350959916348627e-10,3.9247764026106395e-16,3.350961784254286e-10,1.8224950131673812e-14,4.407242522990806e-13,3.3509617847561827e-10,3.3509606117795925e-10,2.9302268468681954e-16,3.350960426401843e-10,2.622841247664875e-16
1.0000042165040872,3.6633851231029144e-10,1.0000034932519826,3.350960543569813e-10,1.000006860492079,1.0000026817766763,0.5597893284453703,1.0000033701049624,4.447084514954078e-10,3.3347642619286906e-10,1.0000027413318526,0.4402045631117448,1.0000027114318724,1.0000034461729421,3.329209313278689e-10,3.3512752581811905e-10,3.3203154417585467e-10,1.0000032959290677,3.3340092112676896e-10,0.44020461640514685,3.3512752564712996e-10,4.0172274745637824e-10,6.040102892042522e-10,3.640051321597223e-10,4.108076869653564e-10,3.351275256295753e-10,4.4390037484393884e-10,1.2125561690625726e-06,1.0000034179041408,1.0000027063594943,4.611792121680218e-10,1.2133386500084956e-06,4.0290301700432114e-10,0.559789477075538,3.671035838200463e-10,1.0000028775627265,1.2125561684922338e-06,1.0000033972022135,3.3493073920116763e-10,3.3596172497277793e-10,1.0000033972022138,1.000003065175471,4.4530202336095503e-10,1.0000030821324948,3.783509069123567e-10
1.000003842619438,3.6633835442929714e-10,1.0000031193666494,6.658909020128713e-07,1.0000026817766763,1.0000061127217366,0.5597890875178068,1.0000029962196697,8.837087635859216e-07,6.626723059411205e-07,1.0000023674467169,0.4402044301576302,1.0000023375467433,1.0000030722876099,6.615687321684162e-07,6.659534564809468e-07,6.59801222977045e-07,1.00000292204379,6.625224136739491e-07,0.440204483451006,6.659534561672043e-07,7.982890836283608e-07,6.040100763048278e-10,7.233378568766987e-07,4.108075095793822e-10,6.659534563254145e-07,4.439002229060753e-10,1.2125556837041168e-06,1.0000030440188235,1.0000023324743572,4.611790417266967e-10,1.2133381646965741e-06,4.029028471557271e-10,0.559789236147894,3.6710346062963816e-10,1.0000025036775542,1.2125556831337765e-06,1.0000030233168946,6.655625419784868e-07,6.676111499254901e-07,1.000003023316895,1.0000026912902302,4.4530185412804735e-10,1.0000027082472618,3.7835075869637883e-10
0.5597917921151205,1.8350163014194772e-10,0.5597895305846575,1.791368790308784e-10,0.5597893284453703,0.5597890875178068,0.5597893269397289,0.5597894607101754,2.414490718651874e-10,1.7892771542265934e-10,0.5597890808772569,-6.421949775190491e-10,0.5597890842632788,0.5597894953844081,1.793225340720135e-10,1.7067622262437658e-10,1.7718616140678702e-10,0.5597893989346526,1.8291493548873933e-10,-6.230028119786551e-10,1.706762225487067e-10,2.1499753028649126e-10,2.3036917533544477e-10,1.9245552333072385e-10,5.683965670498209e-07,1.706762226044403e-10,2.268557661255439e-10,4.3647869293842826e-10,0.5597895629846765,0.5597890802824323,1.604071628725652e-10,4.324912073330822e-10,2.0721410799059125e-10,0.5597854472249902,1.9431396049386354e-10,0.5597891511996218,4.364786929436645e-10,0.5597894872541105,1.7404713974983397e-10,1.7470430033446583e-10,0.559789487254111,0.5597893474980347,2.449523472757805e-10,0.5597893513216121,1.421556558247942e-10
1.0000045309466683,3.6633870130880213e-10,1.000003807695128,3.3509616052638167e-10,1.0000033701049624,1.0000029962196697,0.5597894607101754,1.0000074893781636,4.4470858562194254e-10,3.33476549783403e-10,1.0000030557748318,0.44020474528695774,1.0000030258748553,1.0000037606160859,3.3292103111041445e-10,3.3512764376323043e-10,3.3203164756423356e-10,1.0000036103721772,3.334010290254972e-10,0.44020479858040173,3.3512764360218927e-10,4.0172288863045767e-10,1.2002685711382908e-06,3.6400526770265964e-10,4.108078521740215e-10,3.3512764363285777e-10,8.821034761056497e-07,6.101941628565579e-10,1.0000037323472248,1.0000030208024784,9.1643954583436e-07,6.105879277868427e-10,4.0290321363751336e-10,0.5597896093404648,3.6710368868799053e-10,1.0000031920057284,6.101941627237886e-10,1.0000037116453278,3.349308428520118e-10,3.359618326164142e-10,1.0000037116453273,1.0000033796185144,8.84888887044381e-07,1.0000033965755437,3.7835107129487965e-10
5.1277082903393835e-06,3.5279129725290004e-16,4.4470865547756674e-10,2.902754705166136e-16,4.447084514954078e-10,8.837087635859216e-07,2.414490718651874e-10,4.4470858562194254e-10,3.8048317020951857e-06,2.6176647478444376e-16,8.837088074208068e-07,2.0325529475498446e-10,8.837087883164719e-07,4.4470863384478874e-10,3.303431711604336e-16,3.0134588453118347e-16,2.8710234327264463e-16,8.837093280483866e-07,2.961340284491352e-16,2.0325532526799317e-10,3.0130828005215413e-16,3.5639828724504217e-16,5.458095967534767e-16,5.743035910068216e-13,3.7704814607285317e-16,3.0134588453118347e-16,3.649631339577741e-16,5.322744831306327e-16,4.4470861163287414e-10,8.837087798159197e-07,4.098961439581852e-16,5.31569565711268e-16,3.8422894218425855e-16,2.4144913747811235e-10,6.471830788883672e-13,4.4470836572354953e-10,5.325992072651428e-16,4.447086077952443e-10,3.3142500877695494e-16,2.973384621473008e-16,4.4470860785743033e-10,4.447084536129878e-10,3.881936281047461e-16,8.837091252271545e-07,3.488212060156329e-16
4.906672486831775e-06,2.1115124399902777e-16,3.334765267465592e-10,4.433761498234526e-16,3.3347642619286906e-10,6.626723059411205e-07,1.7892771542265934e-10,3.33476549783403e-10,2.6176647478444376e-16,3.804835344105221e-06,6.626723124565162e-07,1.5454564957066866e-10,3.334761105995214e-10,3.3347661525271726e-10,-1.8849658352477756e-15,3.2195912911533636e-13,3.5347865639317714e-16,3.3347632871183826e-10,8.410533320886451e-17,1.5454572265877046e-10,3.2195912873747193e-13,4.3298141761550963e-16,1.9407480619775733e-16,4.566719807329464e-12,2.1106897399339022e-16,3.2195912910532406e-13,4.0053403666457543e-16,3.402582855999327e-16,3.3347650529224644e-10,6.626723237214495e-07,4.118659608214282e-16,3.9211001381109464e-16,2.0948529672678582e-16,1.789277266118162e-10,-1.3032193278650769e-16,3.334763636023098e-10,3.40406092562044e-16,3.3347659026048985e-10,-1.7371513381690603e-15,4.0015145331249944e-13,3.334765902137088e-10,3.3347647015039044e-10,2.902641409898012e-16,3.334762509067722e-10,2.6190891458764525e-16
1.000003902174522,7.279749010495932e-07,1.0000031789218473,6.658909347878265e-07,1.0000027413318526,1.0000023674467169,0.5597890808772569,1.0000030557748318,8.837088074208068e-07,6.626723124565162e-07,1.0000062318320753,0.4402044963527683,1.0000023971019176,1.0000031318428115,6.615688173801325e-07,6.659535114085567e-07,6.598012548679339e-07,1.0000029815989921,6.625224567426902e-07,0.44020454964616185,6.659535110948131e-07,7.982891408693811e-07,1.2002678328379303e-06,7.233378686920727e-07,4.108075486500675e-10,6.65953511253025e-07,8.821029985017496e-07,1.2125557228007879e-06,1.0000031035739905,1.0000023920295307,9.164389609355519e-07,1.2133382003035042e-06,8.006345835367949e-07,0.5597892295073882,3.6710348077616766e-10,1.0000025632327214,1.2125557222304494e-06,1.0000030828720847,6.655626287154369e-07,6.676111920376415e-07,1.000003082872086,1.000002750845401,8.848883270366389e-07,1.0000027678024423,7.51845507085489e-07
0.44020750431622735,1.8283354613025463e-10,0.4402047985583504,1.5595609780730376e-10,0.4402045631117448,0.4402044301576302,-6.421949775190491e-10,0.44020474528695774,2.0325529475498446e-10,1.5454564957066866e-10,0.4402044963527683,0.4402055625513957,0.44020446306706107,0.4402047866800051,1.5359534579021335e-10,1.644482254279015e-10,1.548423366212654e-10,0.4402047328873139,1.5048292809942322e-10,0.4402017728763291,1.6444822513483679e-10,1.8672153114964624e-10,7.424754934128777e-07,1.7154626536103024e-10,1.247700507980621e-10,1.6444822524360057e-10,2.1704050163103968e-10,1.737097134818207e-10,0.4402046908112103,0.44020446197557606,5.976752596532851e-07,1.7809095963643426e-10,1.956852337271349e-10,-5.297162461754731e-10,1.7278624631993373e-10,0.4402045622599758,1.7370971322439293e-10,0.440204745840036,1.6088052607571093e-10,1.6125433458761597e-10,0.4402047458400363,0.44020455357254573,2.0034558483567966e-10,0.44020456670583474,4.6935205409326753e-07
1.000003872274594,7.279748472677999e-07,1.0000031490218613,3.3509591395345813e-10,1.0000027114318724,1.0000023375467433,0.5597890842632788,1.0000030258748553,8.837087883164719e-07,3.334761105995214e-10,1.0000023971019176,0.44020446306706107,1.000006172032156,1.000003101942812,3.3292102086732355e-10,3.3512741656515054e-10,3.320314122168936e-10,1.0000029516990214,3.3340081489488516e-10,0.4402045163604404,3.351274164051947e-10,4.0172258972456953e-10,1.2002677990512257e-06,3.640048015447411e-10,8.163423777101538e-07,3.351274164871175e-10,8.821029884765769e-07,1.2125557097191227e-06,1.0000030736740189,1.00000236212956,9.164389073587049e-07,1.2133381828025427e-06,8.006345320845994e-07,0.559789232893392,7.294952320681747e-07,1.0000025333327442,1.2125557091487832e-06,1.0000030529720916,3.3493081600819695e-10,3.3596161093282123e-10,1.0000030529720927,1.0000027209454199,8.848883055652604e-07,1.0000027379024812,7.518454584798646e-07
1.0000046070145505,3.663386614870316e-10,1.0000038837631344,3.3509619849553935e-10,1.0000034461729421,1.0000030722876099,0.5597894953844081,1.0000037606160859,4.4470863384478874e-10,3.3347661525271726e-10,1.0000031318428115,0.4402047866800051,1.000003101942812,1.000007641514218,3.3292101401660886e-10,3.351276622219987e-10,3.3203168636277453e-10,1.0000036864401631,3.3340105474639475e-10,0.44020483997341936,3.351276619652917e-10,4.017229160024321e-10,6.040105478938012e-10,3.6400533518312344e-10,4.108078387426281e-10,3.3512766213096975e-10,4.43900564497694e-10,6.101942125117699e-10,1.000003808415258,1.0000030968704396,4.6117942283808853e-10,6.10587982601943e-10,4.029031784837325e-10,0.5597896440147224,3.67103725648881e-10,1.0000032680737276,6.101942122797276e-10,1.0000037877133383,3.349308263813993e-10,3.3596186225164804e-10,1.0000037877133396,1.000003455686501,8.848889845747939e-07,1.0000034726435205,3.78351075283795e-10
4.905568914039975e-06,2.715332656681105e-16,3.3292114027362544e-10,-9.398158081588001e-18,3.329209313278689e-10,6.615687321684162e-07,1.793225340720135e-10,3.3292103111041445e-10,3.303431711604336e-16,-1.8849658352477756e-15,6.615688173801325e-07,1.5359534579021335e-10,3.3292102086732355e-10,3.3292101401660886e-10,3.8048357553952194e-06,5.696799691765021e-13,8.013712675566808e-17,3.3292120877296776e-10,3.638197242828714e-16,1.5359530565535857e-10,5.696799687980845e-13,9.08541178054718e-17,6.290911560313883e-16,-1.9232367420675905e-15,3.2518482280237523e-16,5.696799691657774e-13,1.9176175977631318e-16,4.606232020090208e-16,3.32921106282995e-10,6.615687523933484e-07,2.0486834706512215e-16,4.0811706161358555e-16,3.2318572910697767e-16,1.793226241655799e-10,6.3896691895606385e-16,3.3292087592155623e-10,4.606991959377573e-16,3.329210049994866e-10,4.529943745247015e-12,4.909904000456457e-13,3.32921005053002e-10,3.32920891761033e-10,3.00752814910626e-16,3.32921133880451e-10,2.428190705468488e-16
4.909953666366224e-06,2.3348306716271664e-16,3.3512768185394017e-10,2.193400983184709e-16,3.3512752581811905e-10,6.659534564809468e-07,1.7067622262437658e-10,3.3512764376323043e-10,3.0134588453118347e-16,3.2195912911533636e-13,6.659535114085567e-07,1.644482254279015e-10,3.3512741656515054e-10,3.351276622219987e-10,5.696799691765021e-13,3.8048313859015025e-06,2.2014332860620935e-16,3.351276183594542e-10,2.2721754458652356e-16,1.644482380084947e-10,4.4966524869510443e-13,2.6243535476356663e-16,4.2294349290771737e-16,3.594992595658153e-13,2.5863254581921283e-16,4.4966524905514787e-13,3.112773942439469e-16,3.973441743054441e-16,3.351276541356281e-10,6.659534803157873e-07,3.1839600921299823e-16,3.9759485069292677e-16,2.588031527555145e-16,1.7067628108604647e-10,2.611598329730314e-16,3.3512747250884103e-10,3.9733448809599568e-16,3.3512764593322596e-10,5.646859677634967e-13,4.520144450258115e-13,3.3512764594179e-10,3.351275277214151e-10,3.0042388099009996e-16,3.3512754005938946e-10,2.5496786091332454e-16
4.903801368263357e-06,2.593114156848074e-16,3.320316945637783e-10,4.65150255134745e-13,3.3203154417585467e-10,6.59801222977045e-07,1.7718616140678702e-10,3.3203164756423356e-10,2.8710234327264463e-16,3.5347865639317714e-16,6.598012548679339e-07,1.548423366212654e-10,3.320314122168936e-10,3.3203168636277453e-10,8.013712675566808e-17,2.2014332860620935e-16,3.8048313810703416e-06,3.320316184234362e-10,2.097339379469225e-16,1.5484236366019343e-10,2.2026846227825424e-16,5.535217073244545e-13,7.809365131298719e-13,3.7848031875260194e-16,2.7428433369395523e-16,2.2033740702342528e-16,2.8223985083593027e-16,3.904711330972134e-16,3.3203166159200865e-10,6.598012361202832e-07,3.157165858104984e-16,3.933160774297656e-16,2.8108596740514414e-16,1.7718620778834624e-10,2.139075822112143e-16,3.320314805512549e-10,3.9044981638775296e-16,3.32031666331192e-10,9.301048586281152e-17,2.1970950942795321e-16,3.3203166627292313e-10,3.320315489770724e-10,5.747745472367892e-13,3.320315407882755e-10,2.6206168743855474e-16
1.0000044567709134,3.6633861054258996e-10,1.0000037335192293,3.3509612060501975e-10,1.0000032959290677,1.00000292204379,0.5597893989346526,1.0000036103721772,8.837093280483866e-07,3.3347632871183826e-10,1.0000029815989921,0.4402047328873139,1.0000029516990214,1.0000036864401631,3.3292120877296776e-10,3.351276183594542e-10,3.320316184234362e-10,1.0000073410264498,3.334010183944749e-10,0.44020478618071046,3.3512761836219434e-10,7.982895797581379e-07,6.040104847795376e-10,3.6400503740191e-10,4.108077792082698e-10,3.3512761836266976e-10,4.439004830915431e-10,6.101941198395057e-10,1.0000036581713545,1.000002946626618,4.611793433929665e-10,6.1058788394544e-10,4.0290312516079433e-10,0.5597895475649406,7.294956700043815e-07,1.0000031178298752,6.101941191458211e-10,1.0000036374694208,3.3493100479832383e-10,3.359618134885977e-10,1.000003637469421,1.0000033054426172,4.4530213657849744e-10,1.0000033223996836,3.783510185603217e-10
4.906522575214441e-06,2.4827441278859326e-16,3.3340107773876584e-10,4.104184307795571e-13,3.3340092112676896e-10,6.625224136739491e-07,1.8291493548873933e-10,3.334010290254972e-10,2.961340284491352e-16,8.410533320886451e-17,6.625224567426902e-07,1.5048292809942322e-10,3.3340081489488516e-10,3.3340105474639475e-10,3.638197242828714e-16,2.2721754458652356e-16,2.097339379469225e-16,3.334010183944749e-10,3.8048313865935945e-06,1.5048294396365001e-10,2.272442823207473e-16,5.071991520716062e-13,4.174983793603068e-16,1.0048566164708938e-16,2.762357005457099e-16,2.2722803466077335e-16,2.8462163853442964e-16,4.0537769997985196e-16,3.3340104928263483e-10,6.625224302841975e-07,3.0044334812786524e-16,4.019998840939303e-16,2.7440848405337873e-16,1.829149854762676e-10,2.68194214489966e-16,3.3340085928340393e-10,4.0537769997985196e-16,3.3340103758279584e-10,7.073945441185806e-13,2.243682064500157e-16,3.334010375808417e-10,3.334009212052026e-10,2.9392192243803833e-16,3.3340094251489697e-10,2.521970723773199e-16
0.44020755760956776,1.8283353021972847e-10,0.4402048518517645,1.5595612589022176e-10,0.44020461640514685,0.440204483451006,-6.230028119786551e-10,0.44020479858040173,2.0325532526799317e-10,1.5454572265877046e-10,0.44020454964616185,0.4402017728763291,0.4402045163604404,0.44020483997341936,1.5359530565535857e-10,1.644482380084947e-10,1.5484236366019343e-10,0.44020478618071046,1.5048294396365001e-10,0.4402055928611884,1.6444823783420777e-10,1.8672155400009513e-10,3.736355617737672e-10,1.7154634076657014e-10,1.2477005261842287e-10,1.6444823797886325e-10,2.1704056432314304e-10,1.7370975178075043e-10,0.44020474410464105,0.4402045152689618,3.007678247937661e-10,1.7809100120428433e-10,1.9568522007166383e-10,-5.105240758854719e-10,1.727862638476336e-10,0.4402046155533834,1.7370975163146521e-10,0.44020479913345606,1.6088048817986398e-10,1.6125435374908787e-10,0.44020479913345606,0.4402046068659538,2.0034561650382086e-10,0.44020461999922905,2.36191784379302e-10
4.909953667281108e-06,2.3348306716271664e-16,3.351276816466239e-10,2.1910397365957287e-16,3.3512752564712996e-10,6.659534561672043e-07,1.706762225487067e-10,3.3512764360218927e-10,3.0130828005215413e-16,3.2195912873747193e-13,6.659535110948131e-07,1.6444822513483679e-10,3.351274164051947e-10,3.351276619652917e-10,5.696799687980845e-13,4.4966524869510443e-13,2.2026846227825424e-16,3.3512761836219434e-10,2.272442823207473e-16,1.6444823783420777e-10,3.8048313859015025e-06,2.6253122808447037e-16,4.230028437118149e-16,3.59499259151572e-13,2.5854763188734505e-16,4.4966524865242845e-13,3.1130859471397115e-16,3.973326749097748e-16,3.351276539680243e-10,6.659534800020447e-07,3.1834252009921977e-16,3.976246686871849e-16,2.5882100559685517e-16,1.7067628125729075e-10,2.6102367641222523e-16,3.3512747233640045e-10,3.9745580445000437e-16,3.351276458076468e-10,5.646859673736348e-13,4.52014444633895e-13,3.3512764574853845e-10,3.3512752757519176e-10,3.003716901732224e-16,3.3512753994431737e-10,2.550346014041881e-16
5.042288894748984e-06,2.757066073953647e-16,4.0172292745827256e-10,5.722180314217484e-13,4.0172274745637824e-10,7.982890836283608e-07,2.1499753028649126e-10,4.0172288863045767e-10,3.5639828724504217e-16,4.3298141761550963e-16,7.982891408693811e-07,1.8672153114964624e-10,4.0172258972456953e-10,4.017229160024321e-10,9.08541178054718e-17,2.6243535476356663e-16,5.535217073244545e-13,7.982895797581379e-07,5.071991520716062e-13,1.8672155400009513e-10,2.6253122808447037e-16,3.8048315933041845e-06,4.716698736702659e-16,9.171391046266233e-13,3.088578036213557e-16,2.6243535476356663e-16,3.8176748061667855e-16,4.768104572424511e-16,4.0172289779981727e-10,7.98289109867156e-07,3.847925779195925e-16,4.824390801946199e-16,3.030286110931584e-16,2.1499758926308992e-10,2.6642672230105453e-16,4.017226789976619e-10,4.768104572424511e-16,4.01722896289381e-10,2.0926665276280517e-13,2.687177958264536e-16,4.0172289625919555e-10,4.0172275521866556e-10,3.582910963202469e-16,7.982893980189043e-07,3.009494902715427e-16
5.444266449852426e-06,8.969382243204506e-13,1.2002687261726588e-06,3.87029006650239e-16,6.040102892042522e-10,6.040100763048278e-10,2.3036917533544477e-10,1.2002685711382908e-06,5.458095967534767e-16,1.9407480619775733e-16,1.2002678328379303e-06,7.424754934128777e-07,1.2002677990512257e-06,6.040105478938012e-10,6.290911560313883e-16,4.2294349290771737e-16,7.809365131298719e-13,6.040104847795376e-10,4.174983793603068e-16,3.736355617737672e-10,4.230028437118149e-16,4.716698736702659e-16,3.8048325948656887e-06,2.2770009883129055e-16,8.82131345347088e-13,4.23141380752632e-16,1.1010501827348677e-12,6.599268034707015e-16,1.2002685754575094e-06,1.2002677670107722e-06,1.2456747974833705e-12,6.596933099734544e-16,9.846512175186576e-13,2.3036934180059045e-10,4.93398249097637e-16,1.2002679893426352e-06,6.599284474697659e-16,6.040105114795813e-10,6.217035787380399e-16,4.1834149129606024e-16,6.040105117483172e-10,6.040102855653216e-10,1.0722433296914592e-12,1.200268203585755e-06,1.0068835671314714e-12
4.96733787689816e-06,2.301043665787284e-16,3.6400524501878804e-10,9.34424265458035e-13,3.640051321597223e-10,7.233378568766987e-07,1.9245552333072385e-10,3.6400526770265964e-10,5.743035910068216e-13,4.566719807329464e-12,7.233378686920727e-07,1.7154626536103024e-10,3.640048015447411e-10,3.6400533518312344e-10,-1.9232367420675905e-15,3.594992595658153e-13,3.7848031875260194e-16,3.6400503740191e-10,1.0048566164708938e-16,1.7154634076657014e-10,3.59499259151572e-13,9.171391046266233e-13,2.2770009883129055e-16,3.8048356511727204e-06,2.308176681237822e-16,3.5949925954732696e-13,4.3450736728581955e-16,3.7330275223273325e-16,3.6400522133002973e-10,7.233378776028966e-07,4.455769187922031e-16,4.269654436528299e-16,2.2996706101823045e-16,1.9245554058699826e-10,-1.1778113020200988e-16,3.640050658854849e-10,3.7347767753023283e-16,3.6400530841946647e-10,-1.7718196819992748e-15,4.4072440839027837e-13,3.640053085692391e-10,3.640051774720365e-10,3.1759732886062173e-16,7.233379230058172e-07,2.8611479453532474e-16
5.060342082137666e-06,4.037660354880068e-13,4.108078688884549e-10,2.716236045689612e-16,4.108076869653564e-10,4.108075095793822e-10,5.683965670498209e-07,4.108078521740215e-10,3.7704814607285317e-16,2.1106897399339022e-16,4.108075486500675e-10,1.247700507980621e-10,8.163423777101538e-07,4.108078387426281e-10,3.2518482280237523e-16,2.5863254581921283e-16,2.7428433369395523e-16,4.108077792082698e-10,2.762357005457099e-16,1.2477005261842287e-10,2.5854763188734505e-16,3.088578036213557e-16,8.82131345347088e-13,2.308176681237822e-16,3.8048315471037634e-06,2.586183227262835e-16,4.3840677449862234e-16,5.506232570884235e-16,8.163430551865875e-07,8.163423649433506e-07,3.3278845935327804e-16,5.525394446788804e-16,4.740997445207934e-13,2.860339163799336e-10,3.2434725692034904e-16,4.108076102474452e-10,5.50648416625647e-16,8.163429705434427e-07,3.1722222109616236e-16,5.430542880640015e-13,8.163429705434427e-07,4.1080769756517845e-10,7.523490250223833e-13,4.1080770680240754e-10,4.773194853285044e-13
4.909953667293162e-06,2.3353091054651495e-16,3.3512768174346333e-10,2.1910397365957287e-16,3.351275256295753e-10,6.659534563254145e-07,1.706762226044403e-10,3.3512764363285777e-10,3.0134588453118347e-16,3.2195912910532406e-13,6.65953511253025e-07,1.6444822524360057e-10,3.351274164871175e-10,3.3512766213096975e-10,5.696799691657774e-13,4.4966524905514787e-13,2.2033740702342528e-16,3.3512761836266976e-10,2.2722803466077335e-16,1.6444823797886325e-10,4.4966524865242845e-13,2.6243535476356663e-16,4.23141380752632e-16,3.5949925954732696e-13,2.586183227262835e-16,3.8048313859015025e-06,3.114711237186101e-16,3.973887829222562e-16,3.351276541032282e-10,6.659534801602546e-07,3.1844988410774457e-16,3.9763140305526194e-16,2.5878031922481334e-16,1.706762811426389e-10,2.6100003994674493e-16,3.3512747246210864e-10,3.9733448809599568e-16,3.3512764581630093e-10,5.64685967735642e-13,4.5201444499176506e-13,3.351276457671232e-10,3.3512752749999753e-10,3.0036575436375534e-16,3.351275401003755e-10,2.5480839949739185e-16
5.126102538403071e-06,4.680223149754917e-16,4.4390057134951404e-10,2.9512991145708106e-16,4.4390037484393884e-10,4.439002229060753e-10,2.268557661255439e-10,8.821034761056497e-07,3.649631339577741e-16,4.0053403666457543e-16,8.821029985017496e-07,2.1704050163103968e-10,8.821029884765769e-07,4.43900564497694e-10,1.9176175977631318e-16,3.112773942439469e-16,2.8223985083593027e-16,4.439004830915431e-10,2.8462163853442964e-16,2.1704056432314304e-10,3.1130859471397115e-16,3.8176748061667855e-16,1.1010501827348677e-12,4.3450736728581955e-16,4.3840677449862234e-16,3.114711237186101e-16,3.804831443499387e-06,5.070354908920041e-16,8.821035539318278e-07,8.821029983965451e-07,8.402804517323775e-13,5.027095832536515e-16,4.938239922640974e-16,2.2685583841051931e-10,2.768092408484331e-16,8.821031101970537e-07,5.069139562259429e-16,4.4390052396205945e-10,2.068890802087933e-16,2.9168430598031577e-16,4.4390052394401704e-10,4.43900372869789e-10,3.657854888133613e-16,4.439003743078734e-10,8.075561041774061e-13
5.456554280127455e-06,4.4086428566627527e-16,6.10194248095806e-10,3.924441241907292e-16,1.2125561690625726e-06,1.2125556837041168e-06,4.3647869293842826e-10,6.101941628565579e-10,5.322744831306327e-16,3.402582855999327e-16,1.2125557228007879e-06,1.737097134818207e-10,1.2125557097191227e-06,6.101942125117699e-10,4.606232020090208e-16,3.973441743054441e-16,3.904711330972134e-16,6.101941198395057e-10,4.0537769997985196e-16,1.7370975178075043e-10,3.973326749097748e-16,4.768104572424511e-16,6.599268034707015e-16,3.7330275223273325e-16,5.506232570884235e-16,3.973887829222562e-16,5.070354908920041e-16,3.804832551056987e-06,6.101942258398228e-10,1.212555695265282e-06,4.812985120132398e-16,1.6077718902117515e-12,4.889690760193878e-16,8.673552449263859e-07,4.45695372692686e-16,1.2125558820829473e-06,1.6174912091489137e-12,6.101941880906219e-10,4.54631933140161e-16,3.9830200640177005e-16,6.101941879160751e-10,1.212556188181699e-06,5.35393785768173e-16,1.2125562185792727e-06,4.107060372984909e-16
1.0000045787457599,3.663386872576058e-10,1.0000038554943125,3.3509617096887496e-10,1.0000034179041408,1.0000030440188235,0.5597895629846765,1.0000037323472248,4.4470861163287414e-10,3.3347650529224644e-10,1.0000031035739905,0.4402046908112103,1.0000030736740189,1.000003808415258,3.32921106282995e-10,3.351276541356281e-10,3.3203166159200865e-10,1.0000036581713545,3.3340104928263483e-10,0.44020474410464105,3.351276539680243e-10,4.0172289779981727e-10,1.2002685754575094e-06,3.6400522133002973e-10,8.163430551865875e-07,3.351276541032282e-10,8.821035539318278e-07,6.101942258398228e-10,1.0000075849765748,1.0000030686016335,4.6117937001073e-10,6.105879891594229e-10,8.006351681058532e-07,0.5597897116149277,3.671037200924436e-10,1.0000032398048884,6.101942256235695e-10,1.0000037594445097,3.349309109297881e-10,3.3596184692850025e-10,1.0000037594445097,1.0000034274176963,4.453021834799644e-10,1.0000034443747365,3.7835105863273136e-10
1.000003867202217,7.27974838397749e-07,1.0000031439494752,6.65890916509652e-07,1.0000027063594943,1.0000023324743572,0.5597890802824323,1.0000030208024784,8.837087798159197e-07,6.626723237214495e-07,1.0000023920295307,0.44020446197557606,1.00000236212956,1.0000030968704396,6.615687523933484e-07,6.659534803157873e-07,6.598012361202832e-07,1.000002946626618,6.625224302841975e-07,0.4402045152689618,6.659534800020447e-07,7.98289109867156e-07,1.2002677670107722e-06,7.233378776028966e-07,8.163423649433506e-07,6.659534801602546e-07,8.821029983965451e-07,1.212555695265282e-06,1.0000030686016335,1.0000061618873683,9.164389161305041e-07,1.213338174843596e-06,8.006345196215743e-07,0.5597892289125408,7.294951815984769e-07,1.0000025282603657,1.2125556946949417e-06,1.000003047899718,6.655625644412866e-07,6.676111671532884e-07,1.000003047899718,1.0000027158730447,8.848883005748825e-07,1.0000027328300798,7.518454556386415e-07
5.160438334853724e-06,7.112749892018897e-13,4.611794361932202e-10,3.236419923622063e-16,4.611792121680218e-10,4.611790417266967e-10,1.604071628725652e-10,9.1643954583436e-07,4.098961439581852e-16,4.118659608214282e-16,9.164389609355519e-07,5.976752596532851e-07,9.164389073587049e-07,4.6117942283808853e-10,2.0486834706512215e-16,3.1839600921299823e-16,3.157165858104984e-16,4.611793433929665e-10,3.0044334812786524e-16,3.007678247937661e-10,3.1834252009921977e-16,3.847925779195925e-16,1.2456747974833705e-12,4.455769187922031e-16,3.3278845935327804e-16,3.1844988410774457e-16,8.402804517323775e-13,4.812985120132398e-16,4.6117937001073e-10,9.164389161305041e-07,3.8048319307164547e-06,9.690676673231386e-13,7.700337113135207e-13,1.6040728921789873e-10,3.2505251110252543e-16,9.164391031958446e-07,4.812623877076464e-16,4.6117939070908717e-10,2.1948262810171651e-16,3.171484651497225e-16,4.6117939066123394e-10,9.164392185641104e-07,4.088697195697086e-16,4.6117921190369833e-10,8.011430880055324e-13
5.457336763834278e-06,4.491675168248109e-16,6.105880146900643e-10,3.9841755442596043e-16,1.2133386500084956e-06,1.2133381646965741e-06,4.324912073330822e-10,6.105879277868427e-10,5.31569565711268e-16,3.9211001381109464e-16,1.2133382003035042e-06,1.7809095963643426e-10,1.2133381828025427e-06,6.10587982601943e-10,4.0811706161358555e-16,3.9759485069292677e-16,3.933160774297656e-16,6.1058788394544e-10,4.019998840939303e-16,1.7809100120428433e-10,3.976246686871849e-16,4.824390801946199e-16,6.596933099734544e-16,4.269654436528299e-16,5.525394446788804e-16,3.9763140305526194e-16,5.027095832536515e-16,1.6077718902117515e-12,6.105879891594229e-10,1.213338174843596e-06,9.690676673231386e-13,3.804832532485244e-06,4.955118622078466e-16,8.594314577198617e-07,4.353493245451383e-16,1.2133383628383112e-06,1.6077718895179552e-12,6.105879565774673e-10,4.0608377058906566e-16,3.9812140898219997e-16,6.105879566017051e-10,1.2133386698992064e-06,5.344636885802176e-16,1.2133386896990533e-06,4.1721130511504066e-16
5.044634330068915e-06,3.2458680200083e-13,4.029032083926632e-10,2.764370209253203e-16,4.0290301700432114e-10,4.029028471557271e-10,2.0721410799059125e-10,4.0290321363751336e-10,3.8422894218425855e-16,2.0948529672678582e-16,8.006345835367949e-07,1.956852337271349e-10,8.006345320845994e-07,4.029031784837325e-10,3.2318572910697767e-16,2.588031527555145e-16,2.8108596740514414e-16,4.0290312516079433e-10,2.7440848405337873e-16,1.9568522007166383e-10,2.5882100559685517e-16,3.030286110931584e-16,9.846512175186576e-13,2.2996706101823045e-16,4.740997445207934e-13,2.5878031922481334e-16,4.938239922640974e-16,4.889690760193878e-16,8.006351681058532e-07,8.006345196215743e-07,7.700337113135207e-13,4.955118622078466e-16,3.804831326961482e-06,2.0721417550001043e-10,3.3557842417857734e-16,8.006347126534078e-07,4.88907906843864e-16,4.029031720612544e-10,3.173888078995349e-16,2.785973936258369e-16,4.0290317218368246e-10,4.0290302563771826e-10,3.8326345874436774e-16,4.029030349553215e-10,5.098918159309004e-13
0.5597919407441893,1.83501692579165e-10,0.5597896792149823,1.7913692533219642e-10,0.559789477075538,0.559789236147894,0.5597854472249902,0.5597896093404648,2.4144913747811235e-10,1.789277266118162e-10,0.5597892295073882,-5.297162461754731e-10,0.559789232893392,0.5597896440147224,1.793226241655799e-10,1.7067628108604647e-10,1.7718620778834624e-10,0.5597895475649406,1.829149854762676e-10,-5.105240758854719e-10,1.7067628125729075e-10,2.1499758926308992e-10,2.3036934180059045e-10,1.9245554058699826e-10,2.860339163799336e-10,1.706762811426389e-10,2.2685583841051931e-10,8.673552449263859e-07,0.5597897116149277,0.5597892289125408,1.6040728921789873e-10,8.594314577198617e-07,2.0721417550001043e-10,0.5597891771700725,1.9431402511763404e-10,0.5597892998297934,8.673552447612087e-07,0.5597896358843983,1.7404723272181289e-10,1.747043565925936e-10,0.5597896358843983,0.5597894961281963,2.449524124325862e-10,0.5597894999517892,1.4215575395902886e-10
4.973495164198665e-06,3.055492288044678e-16,3.6710376077935867e-10,2.0100619886656264e-16,3.671035838200463e-10,3.6710346062963816e-10,1.9431396049386354e-10,3.6710368868799053e-10,6.471830788883672e-13,-1.3032193278650769e-16,3.6710348077616766e-10,1.7278624631993373e-10,7.294952320681747e-07,3.67103725648881e-10,6.3896691895606385e-16,2.611598329730314e-16,2.139075822112143e-16,7.294956700043815e-07,2.68194214489966e-16,1.727862638476336e-10,2.6102367641222523e-16,2.6642672230105453e-16,4.93398249097637e-16,-1.1778113020200988e-16,3.2434725692034904e-16,2.6100003994674493e-16,2.768092408484331e-16,4.45695372692686e-16,3.671037200924436e-10,7.294951815984769e-07,3.2505251110252543e-16,4.353493245451383e-16,3.3557842417857734e-16,1.9431402511763404e-10,3.804831592669798e-06,3.671035143249337e-10,4.458449481577476e-16,3.671037042706775e-10,6.146551685632612e-16,2.4960549661989274e-16,3.6710370442342297e-10,3.671035776942538e-10,3.203472190349332e-16,7.294955007073618e-07,2.933538771888271e-16
1.0000040384051805,7.279750238440451e-07,1.0000033151527592,3.350959916348627e-10,1.0000028775627265,1.0000025036775542,0.5597891511996218,1.0000031920057284,4.4470836572354953e-10,3.334763636023098e-10,1.0000025632327214,0.4402045622599758,1.0000025333327442,1.0000032680737276,3.3292087592155623e-10,3.3512747250884103e-10,3.320314805512549e-10,1.0000031178298752,3.3340085928340393e-10,0.4402046155533834,3.3512747233640045e-10,4.017226789976619e-10,1.2002679893426352e-06,3.640050658854849e-10,4.108076102474452e-10,3.3512747246210864e-10,8.821031101970537e-07,1.2125558820829473e-06,1.0000032398048884,1.0000025282603657,9.164391031958446e-07,1.2133383628383112e-06,8.006347126534078e-07,0.5597892998297934,3.671035143249337e-10,1.000006504293755,1.2125558815126076e-06,1.000003219102992,3.349306865986898e-10,3.359616662408979e-10,1.000003219102991,1.0000028870762785,8.848884481143148e-07,1.0000029040333023,7.518456274424209e-07
5.456554281212476e-06,4.4099213111811863e-16,6.101942477891805e-10,3.9247764026106395e-16,1.2125561684922338e-06,1.2125556831337765e-06,4.364786929436645e-10,6.101941627237886e-10,5.325992072651428e-16,3.40406092562044e-16,1.2125557222304494e-06,1.7370971322439293e-10,1.2125557091487832e-06,6.101942122797276e-10,4.606991959377573e-16,3.9733448809599568e-16,3.9044981638775296e-16,6.101941191458211e-10,4.0537769997985196e-16,1.7370975163146521e-10,3.9745580445000437e-16,4.768104572424511e-16,6.599284474697659e-16,3.7347767753023283e-16,5.50648416625647e-16,3.9733448809599568e-16,5.069139562259429e-16,1.6174912091489137e-12,6.101942256235695e-10,1.2125556946949417e-06,4.812623877076464e-16,1.6077718895179552e-12,4.88907906843864e-16,8.673552447612087e-07,4.458449481577476e-16,1.2125558815126076e-06,3.804832551056987e-06,6.101941877984899e-10,4.545287840150511e-16,3.982523883465537e-16,6.101941877322342e-10,1.2125561876113581e-06,5.352529067375103e-16,1.2125562180089333e-06,4.1082008199449687e-16
1.0000045580438959,3.663386569223017e-10,1.0000038347923845,3.350961784254286e-10,1.0000033972022135,1.0000030233168946,0.5597894872541105,1.0000037116453278,4.447086077952443e-10,3.3347659026048985e-10,1.0000030828720847,0.440204745840036,1.0000030529720916,1.0000037877133383,3.329210049994866e-10,3.3512764593322596e-10,3.32031666331192e-10,1.0000036374694208,3.3340103758279584e-10,0.44020479913345606,3.351276458076468e-10,4.01722896289381e-10,6.040105114795813e-10,3.6400530841946647e-10,8.163429705434427e-07,3.3512764581630093e-10,4.4390052396205945e-10,6.101941880906219e-10,1.0000037594445097,1.000003047899718,4.6117939070908717e-10,6.105879565774673e-10,4.029031720612544e-10,0.5597896358843983,3.671037042706775e-10,1.000003219102992,6.101941877984899e-10,1.000007543572728,3.349308169850137e-10,3.359618437900557e-10,1.0000037387425909,1.0000034067157713,4.453021801529516e-10,1.00000342367279,3.7835105707581227e-10
4.909562739944908e-06,2.6769803782226087e-16,3.3493094521108886e-10,1.8224950131673812e-14,3.3493073920116763e-10,6.655625419784868e-07,1.7404713974983397e-10,3.349308428520118e-10,3.3142500877695494e-16,-1.7371513381690603e-15,6.655626287154369e-07,1.6088052607571093e-10,3.3493081600819695e-10,3.349308263813993e-10,4.529943745247015e-12,5.646859677634967e-13,9.301048586281152e-17,3.3493100479832383e-10,7.073945441185806e-13,1.6088048817986398e-10,5.646859673736348e-13,2.0926665276280517e-13,6.217035787380399e-16,-1.7718196819992748e-15,3.1722222109616236e-16,5.64685967735642e-13,2.068890802087933e-16,4.54631933140161e-16,3.349309109297881e-10,6.655625644412866e-07,2.1948262810171651e-16,4.0608377058906566e-16,3.173888078995349e-16,1.7404723272181289e-10,6.146551685632612e-16,3.349306865986898e-10,4.545287840150511e-16,3.349308169850137e-10,3.8048351757512685e-06,4.925438606969454e-13,3.349308170872631e-10,3.349307023222756e-10,3.0364778146125904e-16,3.349309282002566e-10,2.47082885392031e-16
4.911611355096856e-06,2.5417509614683047e-16,3.359618785857894e-10,4.407242522990806e-13,3.3596172497277793e-10,6.676111499254901e-07,1.7470430033446583e-10,3.359618326164142e-10,2.973384621473008e-16,4.0015145331249944e-13,6.676111920376415e-07,1.6125433458761597e-10,3.3596161093282123e-10,3.3596186225164804e-10,4.909904000456457e-13,4.520144450258115e-13,2.1970950942795321e-16,3.359618134885977e-10,2.243682064500157e-16,1.6125435374908787e-10,4.52014444633895e-13,2.687177958264536e-16,4.1834149129606024e-16,4.4072440839027837e-13,5.430542880640015e-13,4.5201444499176506e-13,2.9168430598031577e-16,3.9830200640177005e-16,3.3596184692850025e-10,6.676111671532884e-07,3.171484651497225e-16,3.9812140898219997e-16,2.785973936258369e-16,1.747043565925936e-10,2.4960549661989274e-16,3.359616662408979e-10,3.982523883465537e-16,3.359618437900557e-10,4.925438606969454e-13,3.8048313808490636e-06,3.359618437916583e-10,3.3596172681928794e-10,2.9651582288982863e-16,3.3596173547246966e-10,2.6257063981898174e-16
