0.9999999991921095,-3.7453050901224783e-07,-3.847019000242949e-07,0.9999974525004913,-3.765325743601898e-07,-3.733547471085636e-07,0.9999975513045789,0.9999972562282229,-3.742063603314331e-07,-3.8625927310965665e-07,-3.770593074618278e-07,-3.8618538610184627e-07,0.9999974195048655,-3.7567608289364614e-07,-3.79057524849836e-07,0.9999972724734223,-3.7317323447305623e-07,-3.8665679973323865e-07,0.9999971839862658,-3.7473380825659986e-07,-3.7367405533743265e-07,0.9999972548576515,-4.0592582304706165e-07,-3.7265147956505e-07,-3.7299397941881686e-07,0.9999988251036092,-3.744196596679371e-07,-3.744196605907566e-07,-3.7299397942427133e-07,-3.7292647981882863e-07,-4.0832498911755196e-07,-3.9116995294275615e-07,-3.869522207456252e-07,-3.759528632552912e-07,-3.720737321518365e-07,-4.454838939525793e-07,-3.753201218821784e-07,-3.869522204456801e-07,-4.085849435066625e-07,-3.720997162288891e-07,-3.735640017460238e-07,-3.729939803041178e-07,-3.7254162310533123e-07,-4.0893122874332234e-07,-3.751161438464719e-07,-3.76296667712826e-07,-3.894003565352583e-07,-3.7394938437023273e-07,-3.740962661741169e-07,-4.0187511030063e-07,-3.7653257522753313e-07,-3.755743855243066e-07,-3.9031799270475035e-07,-3.836766215150415e-07
-3.7453050901224783e-07,-1.0693757754309304e-07,-2.005945532967419e-16,-3.30769775156781e-11,-1.6804989463477777e-15,-3.203685226113443e-16,-3.307719049649712e-11,-3.3076750698371965e-11,-3.4464343687928474e-16,-3.5029759794723363e-16,-7.052059858429797e-16,-3.733621391985125e-16,-3.307702133840323e-11,-1.1076888371377293e-12,-2.0064057895650747e-15,-3.3076814710400216e-11,-5.781573296986072e-13,-3.911397391016031e-16,-3.3076678840705325e-11,-4.822878946705889e-16,-4.310898873024488e-16,-3.307675355661699e-11,-4.0427249432671057e-16,-2.657386934557492e-16,-2.687368574168681e-16,-6.581173204136955e-08,-4.567472372503091e-16,-4.567472372503091e-16,-2.687192338386599e-16,-2.735010420533922e-16,-4.661436010744553e-16,-1.8658582848196915e-15,-3.4456604798844696e-16,-5.517006718845073e-16,-2.329140236886158e-16,-2.0245595678844285e-15,-5.330091216813222e-16,-3.4456604798844696e-16,-6.864423493561356e-16,-2.175100342181559e-16,-3.38652091784533e-16,-2.687368574168681e-16,-4.843036998019167e-13,-5.254868896461262e-16,-4.1583937585799183e-16,-5.909196847579051e-16,-1.5745717099069272e-15,-6.000264552373212e-16,-4.315714379067871e-16,-5.083842800382842e-13,-1.6804989463477777e-15,-4.411955303492675e-16,-6.914574927902015e-16,-1.6756719993771923e-16
-3.847019000242949e-07,-2.005945532967419e-16,-1.0693714149828153e-07,-3.8191177779308504e-11,-1.000272345553332e-15,-1.900309242213287e-16,-7.597889207306099e-08,-3.81910384445294e-11,-4.067243300757952e-13,-2.076086782636996e-16,-4.191496444737529e-16,-2.2139387181125807e-16,-3.819120306077134e-11,-3.30986284565043e-16,-1.1943764953251217e-15,-3.8191076929071984e-11,-1.7239769225835938e-16,-2.3204415020489524e-16,-3.819099410861511e-11,-2.8638204205398525e-16,-2.561218003209828e-16,-3.8191040141102516e-11,-2.394405938280868e-16,-1.5743805311973318e-16,-1.592100865253654e-16,-7.598312010719636e-08,-2.7124674584428017e-16,-2.7120030781133697e-16,-1.592100865253654e-16,-1.6223570889150117e-16,-2.764122219241026e-16,-1.1104374316329271e-15,-2.0439217842530367e-16,-3.277163020465366e-16,-1.3788028885458563e-16,-1.2040639651992788e-15,-3.165671801519334e-16,-2.0439217842530367e-16,-4.07628313884738e-16,-1.286834487269587e-16,-2.0090620417028154e-16,-1.592100865253654e-16,-1.4421443771692767e-16,-3.117756896812012e-16,-2.467857765558478e-16,-6.982264764111398e-13,-9.368939595058337e-16,-3.5656323039024247e-16,-2.5623472764440223e-16,-1.511158090378155e-16,-1.0002542695231956e-15,-2.620377263329014e-16,-4.108153507699915e-16,-9.888217077226398e-17
0.9999974525004913,-3.30769775156781e-11,-3.8191177779308504e-11,0.9999958277780392,-3.406876293335136e-11,-3.2486168492768196e-11,0.9999960335233433,0.9999957384382496,-3.29139726636917e-11,-3.8972376813043137e-11,-3.434411259562624e-11,-3.893498755117844e-11,0.999995901720313,-3.3650434858457985e-11,-3.533440620857558e-11,0.9999957546847892,-3.23952523818062e-11,-3.917175250807712e-11,0.9999956661949275,-3.317760432083631e-11,-3.264547027639099e-11,0.9999957370677461,-9.719810954776541e-08,-3.213326137918506e-11,-3.230538793357222e-11,0.9999973073951645,-3.3019974250231426e-11,-3.301997384468485e-11,-3.2305387632237176e-11,-3.2271406884414744e-11,-5.0062573258571966e-11,-4.14243133481703e-11,-3.9320752225932326e-11,-3.378961696413504e-11,-3.18432079123499e-11,-6.872379837886606e-11,-3.3471767783713106e-11,-3.932075208605039e-11,-9.985113568060231e-08,-3.1856437537675274e-11,-3.259115222196748e-11,-3.2305388227231984e-11,-3.2078281075705363e-11,-1.0020089469859986e-07,-3.3370507803675234e-11,-3.3962006653425424e-11,-4.0537976416021924e-11,-3.278203306898813e-11,-3.285769172994213e-11,-4.682278959742332e-11,-3.406876306954982e-11,-3.3600571319721326e-11,-8.158412503826127e-08,-7.49540717743513e-08
-3.765325743601898e-07,-1.6804989463477777e-15,-1.000272345553332e-15,-3.406876293335136e-11,-1.0695345657985976e-07,-1.591968617713532e-15,-3.4069803037727715e-11,-3.4067668255537026e-11,-1.7124153079869867e-15,-1.7405782324180432e-15,-6.954490544392727e-12,-1.8550154535016683e-15,-3.4068984223662135e-11,-2.7637575705012334e-15,-1.9765340152325256e-11,-3.4067982972866916e-11,-1.4452185766061718e-15,-1.9434287949928682e-15,-3.406732312431921e-11,-2.393310347371538e-15,-2.139492647698153e-15,-3.406768294575655e-11,-2.010391852693665e-15,-1.3205388236857e-15,-1.3356377823692902e-15,-6.781379969154369e-08,-2.2669307782278368e-15,-2.2668452301983265e-15,-1.3356454998802905e-15,-1.3593488998259764e-15,-2.317216316346548e-15,-1.8383709543782875e-11,-1.713024448592891e-15,-2.737395014569639e-15,-1.1585878528865927e-15,-1.9957180923896233e-11,-2.6447140010010073e-15,-1.7130790921075044e-15,-6.7762717573022e-12,-1.0823452926051922e-15,-1.6827105749010392e-15,-1.3356514266065502e-15,-1.2114397418964643e-15,-2.6109294257200877e-15,-2.064589568706028e-15,-2.931259215147488e-15,-1.551536341484721e-11,-5.917250593107086e-12,-2.1420457575003074e-15,-1.2740222835299022e-15,-1.6556548375278725e-11,-2.1902300853611232e-15,-3.4304651249609814e-15,-8.364966775961948e-16
-3.733547471085636e-07,-3.203685226113443e-16,-1.900309242213287e-16,-3.2486168492768196e-11,-1.591968617713532e-15,-1.0693750961856698e-07,-3.2486370429183514e-11,-3.2485953310452166e-11,-3.264940416615498e-16,-3.3171292933359327e-16,-1.3283403934516544e-12,-3.5368066594610656e-16,-3.248620988385662e-11,-5.275002954101827e-16,-1.9007179224903043e-15,-3.248601400699816e-11,-2.752337009000472e-16,-3.7041798422368177e-16,-3.248588514164534e-11,-4.568425486568538e-16,-4.082989143211967e-16,-3.248595608996513e-11,-3.828905827734137e-16,-2.518385015091737e-16,-2.5444778610614685e-16,-6.463597164457611e-08,-4.3251920180554136e-16,-4.3267703588314127e-16,-2.5454846603944577e-16,-2.590288499655869e-16,-4.4161176429758057e-16,-1.7675335538940919e-15,-3.263620300162887e-16,-5.226091989458292e-16,-2.2042228038661114e-16,-1.9178291373667713e-15,-5.049416853866574e-16,-3.263620300162887e-16,-6.502035039152223e-16,-2.0596778607542858e-16,-3.209550763226096e-16,-2.5454846603944577e-16,-2.306691691638827e-16,-4.977584761410656e-16,-7.832906136469677e-13,-5.596953443895304e-16,-1.4915418848727215e-15,-5.681863846409289e-16,-4.087629612760222e-16,-2.4214250126626017e-16,-1.5919545214891873e-15,-8.310620336683993e-13,-6.5490045387894885e-16,-1.587246374860224e-16
0.9999975513045789,-3.307719049649712e-11,-7.597889207306099e-08,0.9999960335233433,-3.4069803037727715e-11,-3.2486370429183514e-11,0.9999960253946562,0.9999958372469334,-3.291418965542574e-11,-7.753321632981192e-08,-3.434455187754743e-11,-3.893522275152231e-11,0.9999960005286874,-3.365078272450612e-11,-3.533564769705808e-11,0.9999958534933958,-3.239543614185067e-11,-7.792991090434918e-08,0.9999957650036893,-3.3177906090287806e-11,-3.2645740534743516e-11,0.9999958358764252,-4.885754636047945e-11,-3.2133429615219974e-11,-3.230555794473999e-11,0.999997406199208,-3.302026018474235e-11,-3.302025988309154e-11,-3.230555773435916e-11,-3.22715798150107e-11,-9.959651952480174e-08,-4.1425468864990974e-11,-7.822627764000333e-08,-3.3789961686947065e-11,-3.184335581880952e-11,-1.3672362073709826e-07,-3.347210085144827e-11,-7.822627751111037e-08,-5.0191281459440145e-11,-3.185657600339838e-11,-3.2591365476349004e-11,-3.230555826065818e-11,-3.207843556885579e-11,-5.036699145802215e-11,-3.3370768795583206e-11,-3.39623753628525e-11,-8.064937421043519e-08,-3.278240739621557e-11,-3.285796216189241e-11,-4.6822953513194024e-11,-3.406980331884455e-11,-3.3600847944462335e-11,-4.100924551168378e-11,-3.767628230993674e-11
0.9999972562282229,-3.3076750698371965e-11,-3.81910384445294e-11,0.9999957384382496,-3.4067668255537026e-11,-3.2485953310452166e-11,0.9999958372469334,0.9999954352244724,-3.291374188141434e-11,-3.8972140803323434e-11,-3.4343648280364584e-11,-7.745789434808848e-08,0.9999957054437177,-3.3650066583942086e-11,-3.533310086250734e-11,0.9999955584079624,-3.239505652272375e-11,-3.917149003876397e-11,0.9999954699179467,-3.317728443194085e-11,-3.2645183844631626e-11,0.9999955407908439,-4.885701710926013e-11,-3.213308175747187e-11,-3.230520631338466e-11,0.9999971111229835,-3.301967071169252e-11,-3.301967065081308e-11,-3.230520593467574e-11,-3.227122219233018e-11,-9.959531067323347e-08,-4.1423097263229164e-11,-3.9320519561788303e-11,-3.378925214950373e-11,-3.184304938161071e-11,-6.872247291749431e-11,-3.347141502195574e-11,-3.93205195488892e-11,-5.019039526954012e-11,-3.185628902633334e-11,-3.259092515346005e-11,-3.230520663340304e-11,-3.207811570333054e-11,-5.0366308539875425e-11,-3.3370230881485246e-11,-3.396161632207257e-11,-4.053694893281852e-11,-3.278163719404263e-11,-3.2857404752345205e-11,-4.682261257205916e-11,-3.406766860775934e-11,-3.360027802376549e-11,-4.100835691055351e-11,-3.7676056073770394e-11
-3.742063603314331e-07,-3.4464343687928474e-16,-4.067243300757952e-13,-3.29139726636917e-11,-1.7124153079869867e-15,-3.264940416615498e-16,-3.291418965542574e-11,-3.291374188141434e-11,-1.0693760464077998e-07,-3.5680208832668133e-16,-1.4288972045552231e-12,-3.8040191526102395e-16,-3.2914017317486916e-11,-5.6769975254458275e-16,-2.044505038278888e-15,-3.291380702103082e-11,-2.9632962700540324e-16,-3.9861631393809238e-16,-3.291366866191714e-11,-9.771804146508692e-13,-4.3939818150059935e-16,-3.291374483337777e-11,-4.119957341997949e-16,-2.7067412617629664e-16,-2.7373928946382073e-16,-6.548758403819609e-08,-4.654692549787462e-16,-4.653601538319569e-16,-2.7378651905014924e-16,-2.7864289971623717e-16,-4.750306903030227e-16,-1.9012387589040173e-15,-3.5118783823551314e-16,-5.623656848747625e-16,-2.373673341226526e-16,-2.062942144136742e-15,-5.43175488740342e-16,-3.5118783823551314e-16,-6.995407794261573e-16,-2.216521044472886e-16,-3.451615982679426e-16,-2.737865190501462e-16,-2.482466069061557e-16,-5.356061632429019e-16,-4.2384258046439066e-16,-1.197307088244055e-12,-1.604385312652448e-15,-6.112175926183453e-16,-8.743866039287663e-13,-2.606895581873816e-16,-1.7123426199253123e-15,-4.496040736526709e-16,-7.046212494512721e-16,-1.7087041193193118e-16
-3.8625927310965665e-07,-3.5029759794723363e-16,-2.076086782636996e-16,-3.8972376813043137e-11,-1.7405782324180432e-15,-3.3171292933359327e-16,-7.753321632981192e-08,-3.8972140803323434e-11,-3.5680208832668133e-16,-1.0693762587075877e-07,-7.302006461348123e-16,-3.8639177560081794e-16,-3.897242193904444e-11,-5.767812266908761e-16,-2.078128859764394e-15,-3.897220694580337e-11,-3.009964629641398e-16,-8.051866365367284e-13,-3.897206594702567e-11,-4.992865276118537e-16,-4.463222774138737e-16,-3.8972143703423916e-11,-4.183788256966956e-16,-2.74919641816408e-16,-2.7814442411157234e-16,-7.754049015058954e-08,-4.728974675503393e-16,-4.728911869179896e-16,-2.77976196824434e-16,-2.830914492708046e-16,-9.596042256592826e-13,-1.932547259230945e-15,-3.5663830761288114e-16,-5.712910306488185e-16,-2.4101194470920466e-16,-4.169319645605002e-12,-5.518054779154167e-16,-3.5661601864891166e-16,-7.107273380853076e-16,-2.251399414893103e-16,-3.505236749822679e-16,-2.780943427325264e-16,-2.520937324739214e-16,-5.439510459036516e-16,-4.3055537737727176e-16,-6.119000838152913e-16,-1.630801763948639e-15,-6.211510935234625e-16,-4.467264386039425e-16,-2.6464981241161633e-16,-1.7405782324180432e-15,-4.567367412897001e-16,-7.155571982197596e-16,-1.7325506074917731e-16
-3.770593074618278e-07,-7.052059858429797e-16,-4.191496444737529e-16,-3.434411259562624e-11,-6.954490544392727e-12,-1.3283403934516544e-12,-3.434455187754743e-11,-3.4343648280364584e-11,-1.4288972045552231e-12,-7.302006461348123e-16,-1.0693982534828108e-07,-1.5477319480017185e-12,-3.434420486363854e-11,-1.1601697170426655e-15,-8.302596230335546e-12,-3.434378093972433e-11,-6.063631984603374e-16,-8.155024776215599e-16,-3.4343501726453976e-11,-1.9977191687987853e-12,-8.97915066016867e-16,-3.434365432491966e-11,-8.432206324446218e-16,-5.540264759396231e-16,-5.602673818445088e-16,-6.834053262890177e-08,-9.51483888664751e-16,-9.515446077513779e-16,-5.602894563480219e-16,-5.701692032480284e-16,-9.721304427554992e-16,-3.88290973595746e-15,-7.1866421870898905e-16,-1.149190448601518e-15,-4.859813154841635e-16,-4.214458188152177e-15,-1.1101922160161288e-15,-7.186696559720574e-16,-1.4300878420588527e-15,-4.538227686086747e-16,-7.059143964221007e-16,-5.602894563480219e-16,-5.080623576428219e-16,-1.0954826258974254e-15,-1.7231204497762445e-12,-1.2306489645709764e-15,-3.277039692934328e-15,-1.2491559111300463e-15,-8.99221548139184e-16,-5.339320306665276e-16,-6.954490544472633e-12,-1.828049503252473e-12,-1.4400507994738446e-15,-3.5041777273412745e-16
-3.8618538610184627e-07,-3.733621391985125e-16,-2.2139387181125807e-16,-3.893498755117844e-11,-1.8550154535016683e-15,-3.5368066594610656e-16,-3.893522275152231e-11,-7.745789434808848e-08,-3.8040191526102395e-16,-3.8639177560081794e-16,-1.5477319480017185e-12,-1.0693772401678677e-07,-3.893503576788219e-11,-6.147711919795596e-16,-2.214732781753221e-15,-3.893480738254164e-11,-3.2092128162191273e-16,-4.316609120704341e-16,-3.8934657085792725e-11,-5.322994959177714e-16,-4.757402698965099e-16,-3.893473981896839e-11,-4.461299627144006e-16,-2.929966017291215e-16,-2.964565583667759e-16,-7.746660591058607e-08,-5.039601577001964e-16,-5.039494818101363e-16,-2.9642458641177107e-16,-3.016481176666905e-16,-1.0230182358377382e-12,-2.059601296649746e-15,-3.8013276829934676e-16,-6.089491244928996e-16,-2.5703918946759736e-16,-2.234682038764052e-15,-5.882861705418805e-16,-3.801239421307777e-16,-7.575527743938969e-16,-2.397467318427894e-16,-3.738935376693151e-16,-2.964565583667759e-16,-2.687115262690927e-16,-5.799513670024158e-16,-9.126003808234933e-13,-6.521047636841842e-16,-1.738020118680267e-15,-6.6206202019035e-16,-4.762106493484331e-16,-2.8197637697912817e-16,-1.855070486029396e-15,-9.682665333222402e-13,-7.630074102330226e-16,-1.8478412978153899e-16
0.9999974195048655,-3.307702133840323e-11,-3.819120306077134e-11,0.999995901720313,-3.4068984223662135e-11,-3.248620988385662e-11,0.9999960005286874,0.9999957054437177,-3.2914017317486916e-11,-3.897242193904444e-11,-3.434420486363854e-11,-3.893503576788219e-11,0.9999957617888312,-3.365050752297464e-11,-3.533467079418615e-11,0.9999957216902389,-3.239528986739947e-11,-3.917180325796888e-11,0.999995633200416,-3.317766704168942e-11,-3.2645526369604454e-11,0.999995704073213,-9.719821305025072e-08,-3.213329556738083e-11,-3.2305422563839124e-11,0.9999972743995517,-3.30200336241204e-11,-3.302003341538812e-11,-3.23054222771766e-11,-3.227144191305705e-11,-5.006263348536134e-11,-4.142455911077375e-11,-3.932079662586488e-11,-3.3789689020090493e-11,-3.1843237871615706e-11,-1.3672164980741629e-07,-3.3471837246497576e-11,-3.932079652800791e-11,-9.985131341330722e-08,-3.185646539829707e-11,-3.2591195906289025e-11,-3.2305422899943946e-11,-3.207831233758928e-11,-1.0020103005394004e-07,-3.337056183870403e-11,-3.3962083750639e-11,-4.053818368103655e-11,-3.2782111427895334e-11,-3.2857747953827265e-11,-4.6822821929725424e-11,-3.406898459025923e-11,-3.360062878893318e-11,-4.100890421541049e-11,-3.767619475331521e-11
-3.7567608289364614e-07,-1.1076888371377293e-12,-3.30986284565043e-16,-3.3650434858457985e-11,-2.7637575705012334e-15,-5.275002954101827e-16,-3.365078272450612e-11,-3.3650066583942086e-11,-5.6769975254458275e-16,-5.767812266908761e-16,-1.1601697170426655e-15,-6.147711919795596e-16,-3.365050752297464e-11,-1.0693872926327842e-07,-3.2993644221596803e-15,-3.365017137365195e-11,-9.522410511530568e-13,-6.440710855614347e-16,-3.364995021510274e-11,-7.936591201258995e-16,-7.094118562096694e-16,-3.3650071363903774e-11,-6.660067906935435e-16,-4.3756798076391683e-16,-4.424635533368232e-16,-6.695730937018601e-08,-1.4948456146042147e-12,-1.4948456146716942e-12,-4.4249299383143517e-16,-4.504413311789335e-16,-7.678351591025879e-16,-6.102031522983538e-12,-5.676276379232979e-16,-9.079040618789098e-16,-3.8383467544377386e-16,-3.3302196134372724e-15,-8.771674897310822e-16,-5.676730959542282e-16,-1.1299260653655019e-15,-3.5841105817764123e-16,-5.577984780759278e-16,-4.4259131644018304e-16,-4.0134792289939355e-16,-8.653848052339082e-16,-6.844861466687802e-16,-9.722760231099451e-16,-2.589529957692637e-15,-9.871519627283647e-16,-7.10359009148837e-16,-4.217088080431045e-16,-2.7637310955118278e-15,-7.262698837303525e-16,-2.2625943619644345e-12,-2.7654108471495493e-16
-3.79057524849836e-07,-2.0064057895650747e-15,-1.1943764953251217e-15,-3.533440620857558e-11,-1.9765340152325256e-11,-1.9007179224903043e-15,-3.533564769705808e-11,-3.533310086250734e-11,-2.044505038278888e-15,-2.078128859764394e-15,-8.302596230335546e-12,-2.214732781753221e-15,-3.533467079418615e-11,-3.2993644221596803e-15,-1.0696049385476239e-07,-3.5333476556422845e-11,-1.725362318509946e-15,-2.320328456584734e-15,-3.53326892632855e-11,-5.681846791457302e-12,-2.554466814403989e-15,-3.5333118362309366e-11,-2.4002569933149787e-15,-1.5766482421228902e-15,-1.594732871824017e-15,-7.033874754120223e-08,-2.7063211869019337e-15,-2.7062614812424465e-15,-1.5947685688483407e-15,-1.6230663826647304e-15,-2.766649872086833e-15,-2.1946685351107414e-11,-2.0453743809942767e-15,-3.2681667786130612e-15,-1.3832719607129921e-15,-2.3825503732147647e-11,-3.157467750297326e-15,-2.0453005381391397e-15,-8.090062741032201e-12,-1.2922628278664329e-15,-3.994985863230709e-12,-1.5947685688483407e-15,-1.4463249177575512e-15,-3.1171902611177986e-15,-2.4648613133014544e-15,-3.4995083124456552e-15,-1.8522481000439645e-11,-7.064315039614354e-12,-5.085442014244466e-12,-1.5211294251013643e-15,-1.976534015240337e-11,-2.614771062197332e-15,-4.095396734517497e-15,-9.986834836322399e-16
0.9999972724734223,-3.3076814710400216e-11,-3.8191076929071984e-11,0.9999957546847892,-3.4067982972866916e-11,-3.248601400699816e-11,0.9999958534933958,0.9999955584079624,-3.291380702103082e-11,-3.897220694580337e-11,-3.434378093972433e-11,-3.893480738254164e-11,0.9999957216902389,-3.365017137365195e-11,-3.5333476556422845e-11,0.9999954677176811,-3.2395111634659186e-11,-3.917156419277669e-11,0.999995486164589,-3.317737523747993e-11,-3.264526507833092e-11,0.99999555703746,-4.885709392207141e-11,-3.2133132131659865e-11,-3.230525742336929e-11,0.9999971273681749,-3.301975707257699e-11,-3.3019756866357386e-11,-3.2305257144226157e-11,-3.2271273969015237e-11,-5.006234797683408e-11,-4.142344657310401e-11,-3.9320585035257664e-11,-3.378935603711074e-11,-3.1843093842277355e-11,-1.367192407003346e-07,-3.347151541616757e-11,-3.9320585053860225e-11,-5.019052482794201e-11,-3.185633048100023e-11,-3.259098926649735e-11,-3.2305257715465856e-11,-3.2078162009485e-11,-5.0366407910181495e-11,-3.337030960554832e-11,-3.3961727519958237e-11,-4.053724398168734e-11,-3.278175009397606e-11,-3.285748617852827e-11,-9.315035988495022e-08,-3.406798316354686e-11,-3.360036130785982e-11,-4.1008487072791204e-11,-3.767608834728176e-11
-3.7317323447305623e-07,-5.781573296986072e-13,-1.7239769225835938e-16,-3.23952523818062e-11,-1.4452185766061718e-15,-2.752337009000472e-16,-3.239543614185067e-11,-3.239505652272375e-11,-2.9632962700540324e-16,-3.009964629641398e-16,-6.063631984603374e-16,-3.2092128162191273e-16,-3.239528986739947e-11,-9.522410511530568e-13,-1.725362318509946e-15,-3.2395111634659186e-11,-1.0693740366436298e-07,-3.3614754441036093e-16,-3.239499450708207e-11,-4.14473718493208e-16,-3.705692121461594e-16,-3.239505908083162e-11,-3.473604543659856e-16,-2.2819176816124367e-16,-2.308488953111814e-16,-6.445445963816606e-08,-3.925465073195257e-16,-3.9261996876276837e-16,-2.308488953111814e-16,-2.3488363937688643e-16,-4.007528991980674e-16,-1.6041703754682749e-15,-2.9608160201561956e-16,-4.742616201708863e-16,-2.0011632847996708e-16,-1.740677846736135e-15,-4.579860708374438e-16,-2.9613195495701737e-16,-5.900717440848483e-16,-1.869830886264546e-16,-2.912459582054525e-16,-2.3087258506075542e-16,-4.161825154222861e-13,-4.516816049324719e-16,-3.5750982254591067e-16,-5.0799272485195615e-16,-1.3538081515449016e-15,-5.156242866847508e-16,-3.708323548418949e-16,-2.195209278162344e-16,-1.4450666652749056e-15,-3.7918299737714106e-16,-5.944054779561407e-16,-1.438462191212744e-16
-3.8665679973323865e-07,-3.911397391016031e-16,-2.3204415020489524e-16,-3.917175250807712e-11,-1.9434287949928682e-15,-3.7041798422368177e-16,-7.792991090434918e-08,-3.917149003876397e-11,-3.9861631393809238e-16,-8.051866365367284e-13,-8.155024776215599e-16,-4.316609120704341e-16,-3.917180325796888e-11,-6.440710855614347e-16,-2.320328456584734e-15,-3.917156419277669e-11,-3.3614754441036093e-16,-1.0693780523586761e-07,-3.917140695400691e-11,-5.576241981270534e-16,-4.982998567586554e-16,-3.917149339566481e-11,-4.674857390855365e-16,-3.0698062136107654e-16,-3.105925975583968e-16,-7.793801925417649e-08,-5.28115053000675e-16,-5.28115053000675e-16,-3.106256841717771e-16,-3.1614700788923996e-16,-1.0719316083107413e-12,-2.15758455046921e-15,-3.985101938872044e-16,-6.380333399953127e-16,-2.6926117610244623e-16,-4.655604609077924e-12,-6.163412504963206e-16,-3.9838285477350946e-16,-7.937019915323894e-16,-2.5158347027742306e-16,-3.9158261850327277e-16,-3.106256841717771e-16,-2.8155506755353593e-16,-6.076123839330926e-16,-4.808716698982193e-16,-6.833843621674501e-16,-1.8208420693327935e-15,-6.936580587503294e-16,-4.987377520631145e-16,-2.9534572497694927e-16,-1.943473070603662e-15,-5.101360120888882e-16,-1.5898600230270394e-12,-1.9377955093474364e-16
0.9999971839862658,-3.3076678840705325e-11,-3.819099410861511e-11,0.9999956661949275,-3.406732312431921e-11,-3.248588514164534e-11,0.9999957650036893,0.9999954699179467,-3.291366866191714e-11,-3.897206594702567e-11,-3.4343501726453976e-11,-3.8934657085792725e-11,0.999995633200416,-3.364995021510274e-11,-3.53326892632855e-11,0.999995486164589,-3.239499450708207e-11,-3.917140695400691e-11,0.9999952907376564,-3.317718331273805e-11,-3.264509296306557e-11,0.9999954685474483,-4.8856930315054075e-11,-3.2133024888125184e-11,-3.2305148694578306e-11,0.9999970388810603,-3.301957485053026e-11,-3.301957466036933e-11,-3.230514840473458e-11,-3.2271163526693246e-11,-5.006216022572936e-11,-4.142271358754754e-11,-3.93204459377776e-11,-3.378913660331422e-11,-3.1842999265580446e-11,-6.872205478892068e-11,-3.3471303434488124e-11,-3.9320445793033975e-11,-5.019025122529047e-11,-3.185624187860799e-11,-3.259085336842359e-11,-3.230514892480145e-11,-3.207806306291846e-11,-5.036619716342365e-11,-3.3370143205959296e-11,-3.396149296107303e-11,-4.0536624744939065e-11,-3.278151228044885e-11,-3.285731394898727e-11,-4.6822556242659115e-11,-3.406732333769029e-11,-3.360018518281938e-11,-4.100821247932833e-11,-3.7676018448362124e-11
-3.7473380825659986e-07,-4.822878946705889e-16,-2.8638204205398525e-16,-3.317760432083631e-11,-2.393310347371538e-15,-4.568425486568538e-16,-3.3177906090287806e-11,-3.317728443194085e-11,-9.771804146508692e-13,-4.992865276118537e-16,-1.9977191687987853e-12,-5.322994959177714e-16,-3.317766704168942e-11,-7.936591201258995e-16,-5.681846791457302e-12,-3.317737523747993e-11,-4.14473718493208e-16,-5.576241981270534e-16,-3.317718331273805e-11,-1.0693827308695772e-07,-6.142899932605506e-16,-3.317728873803961e-11,-5.764260689132317e-16,-3.7869148289048415e-16,-3.830335268476937e-16,-6.601502999554869e-08,-6.50797325616481e-16,-6.508133593340787e-16,-3.830963695686951e-16,-3.9006924344154354e-16,-6.646923819239365e-16,-2.6572406725078113e-15,-4.914211602716669e-16,-7.860974869526652e-16,-3.3214079512634457e-16,-2.8837139638915745e-15,-7.594239397788493e-16,-4.914211602716669e-16,-9.78234554283007e-16,-3.1018035382208323e-16,-9.60204816961215e-13,-3.830369584380029e-16,-3.4730003680494396e-16,-7.491154463656226e-16,-5.928243702182801e-16,-8.419031568787017e-16,-2.2424303310697884e-15,-8.546419293616732e-16,-1.2228635405050784e-12,-3.648688633482028e-16,-2.393310347371538e-15,-6.287353228117785e-16,-9.851548193554937e-16,-2.3933676734960283e-16
-3.7367405533743265e-07,-4.310898873024488e-16,-2.561218003209828e-16,-3.264547027639099e-11,-2.139492647698153e-15,-4.082989143211967e-16,-3.2645740534743516e-11,-3.2645183844631626e-11,-4.3939818150059935e-16,-4.463222774138737e-16,-8.97915066016867e-16,-4.757402698965099e-16,-3.2645526369604454e-11,-7.094118562096694e-16,-2.554466814403989e-15,-3.264526507833092e-11,-3.705692121461594e-16,-4.982998567586554e-16,-3.264509296306557e-11,-6.142899932605506e-16,-1.0693799726891755e-07,-3.264518745315778e-11,-5.152401677263201e-16,-3.3873223243410223e-16,-3.424425651383455e-16,-6.495527950667942e-08,-5.81879143838097e-16,-5.818817884341374e-16,-3.424485557767204e-16,-3.4846291853745643e-16,-5.941031102976201e-16,-2.3755681607037598e-15,-4.3919270121199564e-16,-1.397415622727427e-12,-2.9668435305770255e-16,-5.1264340288574904e-12,-1.3500097291886066e-12,-4.3916157330589294e-16,-8.744102144445186e-16,-2.771779701131918e-16,-4.316025459078751e-16,-3.424485557767204e-16,-3.1026718567783024e-16,-6.695508940959707e-16,-5.296156779956122e-16,-1.4964978135687712e-12,-2.0047405212826395e-15,-7.640286954820868e-16,-5.496484497956677e-16,-3.2603405381471327e-16,-2.139492647698153e-15,-5.620904908026478e-16,-8.805982481680609e-16,-2.1375448429126126e-16
0.9999972548576515,-3.307675355661699e-11,-3.8191040141102516e-11,0.9999957370677461,-3.406768294575655e-11,-3.248595608996513e-11,0.9999958358764252,0.9999955407908439,-3.291374483337777e-11,-3.8972143703423916e-11,-3.434365432491966e-11,-3.893473981896839e-11,0.999995704073213,-3.3650071363903774e-11,-3.5333118362309366e-11,0.99999555703746,-3.239505908083162e-11,-3.917149339566481e-11,0.9999954685474483,-3.317728873803961e-11,-3.264518745315778e-11,0.9999954324834737,-4.885702059604707e-11,-3.213308405194083e-11,-3.2305208555276706e-11,0.9999971097524131,-3.3019674696234204e-11,-3.301967482880971e-11,-3.230520835321666e-11,-3.227122444979338e-11,-5.006226361245972e-11,-8.240835285589627e-08,-3.932052270585459e-11,-3.378925686848943e-11,-3.1843051526723385e-11,-6.872249075437557e-11,-3.347141962539546e-11,-3.932052253810684e-11,-5.019040135559747e-11,-3.1856290871204526e-11,-3.259092805699369e-11,-3.2305208971513266e-11,-3.207811782741147e-11,-5.0366313108683326e-11,-3.337023443043086e-11,-3.3961621399914126e-11,-4.053696252016709e-11,-3.278164246535233e-11,-3.2857408426793776e-11,-9.315026681800336e-08,-3.4067683290242386e-11,-3.360028175533986e-11,-4.1008362875469175e-11,-3.7676057477716745e-11
-4.0592582304706165e-07,-4.0427249432671057e-16,-2.394405938280868e-16,-9.719810954776541e-08,-2.010391852693665e-15,-3.828905827734137e-16,-4.885754636047945e-11,-4.885701710926013e-11,-4.119957341997949e-16,-4.183788256966956e-16,-8.432206324446218e-16,-4.461299627144006e-16,-9.719821305025072e-08,-6.660067906935435e-16,-2.4002569933149787e-15,-4.885709392207141e-11,-3.473604543659856e-16,-4.674857390855365e-16,-4.8856930315054075e-11,-5.764260689132317e-16,-5.152401677263201e-16,-4.885702059604707e-11,-1.0693786607288118e-07,-3.1728692337315245e-16,-3.2105631241531056e-16,-9.720703078628244e-08,-5.460095641231518e-16,-5.460033742210227e-16,-3.2105631241531056e-16,-3.265853774054964e-16,-5.570473812488774e-16,-2.2319387964224475e-15,-4.117615512301641e-16,-6.597656762440732e-16,-2.7818137974428725e-16,-2.421349650265662e-15,-6.37217330881421e-16,-4.117615512301641e-16,-1.6318484885336588e-12,-2.597565389836721e-16,-4.0478627228218456e-16,-3.2098533508202617e-16,-2.909343037040154e-16,-1.248879684290348e-12,-4.969468471170187e-16,-7.065221827345988e-16,-1.883229843577469e-15,-7.172777107091807e-16,-5.157836652392099e-16,-3.052545819428255e-16,-2.010391852693665e-15,-5.274558210915696e-16,-8.267036143951811e-16,-1.9962734742797491e-16
-3.7265147956505e-07,-2.657386934557492e-16,-1.5743805311973318e-16,-3.213326137918506e-11,-1.3205388236857e-15,-2.518385015091737e-16,-3.2133429615219974e-11,-3.213308175747187e-11,-2.7067412617629664e-16,-2.74919641816408e-16,-5.540264759396231e-16,-2.929966017291215e-16,-3.213329556738083e-11,-4.3756798076391683e-16,-1.5766482421228902e-15,-3.2133132131659865e-11,-2.2819176816124367e-16,-3.0698062136107654e-16,-3.2133024888125184e-11,-3.7869148289048415e-16,-3.3873223243410223e-16,-3.213308405194083e-11,-3.1728692337315245e-16,-1.0693732044655993e-07,-2.1093270565859235e-16,-6.393270332129981e-08,-3.587613363849981e-16,-3.5877851893359663e-16,-2.1081069720626393e-16,-2.1459589817139873e-16,-3.660319573796001e-16,-1.4661375265127503e-15,-2.705477979417148e-16,-8.617450226863675e-13,-1.8280807324031333e-16,-3.162967801905897e-12,-8.324919837579419e-13,-2.7042471606956833e-16,-5.390442270384865e-16,-1.7063171537160862e-16,-2.658900251756328e-16,-2.1094704181780753e-16,-1.9115984671477686e-16,-4.1253387389831853e-16,-3.265172592631415e-16,-4.643411353166475e-16,-1.2370702754765185e-15,-4.71292104906358e-16,-3.3887678749668125e-16,-2.0059546302596132e-16,-1.3205654439835414e-15,-3.4642819134435824e-16,-5.430107086803282e-16,-1.314420667016632e-16
-3.7299397941881686e-07,-2.687368574168681e-16,-1.592100865253654e-16,-3.230538793357222e-11,-1.3356377823692902e-15,-2.5444778610614685e-16,-3.230555794473999e-11,-3.230520631338466e-11,-2.7373928946382073e-16,-2.7814442411157234e-16,-5.602673818445088e-16,-2.964565583667759e-16,-3.2305422563839124e-11,-4.424635533368232e-16,-1.594732871824017e-15,-3.230525742336929e-11,-2.308488953111814e-16,-3.105925975583968e-16,-3.2305148694578306e-11,-3.830335268476937e-16,-3.424425651383455e-16,-3.2305208555276706e-11,-3.2105631241531056e-16,-2.1093270565859235e-16,-1.0693732988920041e-07,-6.42752034040923e-08,-3.628381514498631e-16,-3.628590020349944e-16,-4.242147914508241e-13,-2.1709116582527828e-16,-3.7018941705542424e-16,-1.48290151180618e-15,-2.735647612993294e-16,-4.383806371406129e-16,-1.8490069267609553e-16,-1.6088465219719465e-15,-4.236414457355229e-16,-2.7358576149828327e-16,-5.453014079137443e-16,-1.7265884286911747e-16,-2.6909153789075014e-16,-4.242147915046979e-13,-1.9336072076578102e-16,-4.1729712895296634e-16,-3.3027943207728486e-16,-4.695005089950727e-16,-1.251317158457921e-15,-4.766359336568962e-16,-3.4271367939760696e-16,-2.0293390921608317e-16,-1.3356351327050485e-15,-3.5036324232213237e-16,-5.493489451907049e-16,-1.329602775503307e-16
0.9999988251036092,-6.581173204136955e-08,-7.598312010719636e-08,0.9999973073951645,-6.781379969154369e-08,-6.463597164457611e-08,0.999997406199208,0.9999971111229835,-6.548758403819609e-08,-7.754049015058954e-08,-6.834053262890177e-08,-7.746660591058607e-08,0.9999972743995517,-6.695730937018601e-08,-7.033874754120223e-08,0.9999971273681749,-6.445445963816606e-08,-7.793801925417649e-08,0.9999970388810603,-6.601502999554869e-08,-6.495527950667942e-08,0.9999971097524131,-9.720703078628244e-08,-6.393270332129981e-08,-6.42752034040923e-08,0.9999985730607921,-6.570088441538377e-08,-6.5700883967044e-08,-6.427520292940464e-08,-6.420770356949754e-08,-9.960619675694973e-08,-8.245116972114644e-08,-7.823343959624367e-08,-6.723408840873156e-08,-6.335495573702506e-08,-1.367650875836967e-07,-6.660134452435297e-08,-7.823343946735031e-08,-9.986615132422167e-08,-6.338094238044626e-08,-6.484522492353797e-08,-6.427520404958224e-08,-6.382284741739856e-08,-1.0021243802234797e-07,-6.639736535155254e-08,-6.757789096808376e-08,-8.06815746052284e-08,-6.523060785607291e-08,-6.537749010644378e-08,-9.315631971514716e-08,-6.78138001222338e-08,-6.685560872832151e-08,-8.159921040691747e-08,-7.495784051596102e-08
-3.744196596679371e-07,-4.567472372503091e-16,-2.7124674584428017e-16,-3.3019974250231426e-11,-2.2669307782278368e-15,-4.3251920180554136e-16,-3.302026018474235e-11,-3.301967071169252e-11,-4.654692549787462e-16,-4.728974675503393e-16,-9.51483888664751e-16,-5.039601577001964e-16,-3.30200336241204e-11,-1.4948456146042147e-12,-2.7063211869019337e-15,-3.301975707257699e-11,-3.925465073195257e-16,-5.28115053000675e-16,-3.301957485053026e-11,-6.50797325616481e-16,-5.81879143838097e-16,-3.3019674696234204e-11,-5.460095641231518e-16,-3.587613363849981e-16,-3.628381514498631e-16,-6.570088441538377e-08,-1.0693813045099526e-07,-1.2257862868508977e-12,-3.628700717067093e-16,-3.6936432926669256e-16,-6.295306662699562e-16,-5.005011192599884e-12,-4.654078480635719e-16,-7.446057596862519e-16,-3.145360676746583e-16,-2.7313407505937675e-15,-7.193652627071154e-16,-4.653477320320797e-16,-9.265809455006024e-16,-2.93683667423344e-16,-4.571961486945021e-16,-3.6286640031136697e-16,-3.287817378330967e-16,-7.095227890971532e-16,-5.614284675189268e-16,-7.973583228092304e-16,-2.1240249780701575e-15,-8.095869152957931e-16,-5.824605166828103e-16,-3.455569807233201e-16,-2.2669307782278368e-15,-5.955067295273829e-16,-1.8554476399947836e-12,-2.267623682700477e-16
-3.744196605907566e-07,-4.567472372503091e-16,-2.7120030781133697e-16,-3.301997384468485e-11,-2.2668452301983265e-15,-4.3267703588314127e-16,-3.302025988309154e-11,-3.301967065081308e-11,-4.653601538319569e-16,-4.728911869179896e-16,-9.515446077513779e-16,-5.039494818101363e-16,-3.302003341538812e-11,-1.4948456146716942e-12,-2.7062614812424465e-15,-3.3019756866357386e-11,-3.9261996876276837e-16,-5.28115053000675e-16,-3.301957466036933e-11,-6.508133593340787e-16,-5.818817884341374e-16,-3.301967482880971e-11,-5.460033742210227e-16,-3.5877851893359663e-16,-3.628590020349944e-16,-6.5700883967044e-08,-1.2257862868508977e-12,-1.0693813045099526e-07,-3.628201879157948e-16,-3.693885266211909e-16,-6.295500906018572e-16,-5.00501119268124e-12,-4.653811195740799e-16,-7.44525185275298e-16,-3.143716013176376e-16,-2.731348641778158e-15,-7.193247390408079e-16,-4.654078480635719e-16,-9.265169498410598e-16,-2.93683667423344e-16,-4.573069714072634e-16,-3.628353075149747e-16,-3.287926454775814e-16,-7.095512767550571e-16,-5.615796659931463e-16,-7.973291892145066e-16,-2.1241091146461733e-15,-8.095067360801316e-16,-5.824970266589603e-16,-3.4552450756217764e-16,-2.2668452301983265e-15,-5.954916828832679e-16,-1.855447640075833e-12,-2.266951962639028e-16
-3.7299397942427133e-07,-2.687192338386599e-16,-1.592100865253654e-16,-3.2305387632237176e-11,-1.3356454998802905e-15,-2.5454846603944577e-16,-3.230555773435916e-11,-3.230520593467574e-11,-2.7378651905014924e-16,-2.77976196824434e-16,-5.602894563480219e-16,-2.9642458641177107e-16,-3.23054222771766e-11,-4.4249299383143517e-16,-1.5947685688483407e-15,-3.2305257144226157e-11,-2.308488953111814e-16,-3.106256841717771e-16,-3.230514840473458e-11,-3.830963695686951e-16,-3.424485557767204e-16,-3.230520835321666e-11,-3.2105631241531056e-16,-2.1081069720626393e-16,-4.242147914508241e-13,-6.427520292940464e-08,-3.628700717067093e-16,-3.628201879157948e-16,-1.0693732988920041e-07,-2.1723184455836763e-16,-3.7018941705542424e-16,-1.48290151180618e-15,-2.736913189889736e-16,-4.383052972854129e-16,-1.8501348631332109e-16,-1.608814749313268e-15,-4.2350057568549303e-16,-2.735647608953385e-16,-5.453014079137443e-16,-1.7270345097076054e-16,-2.689611598561753e-16,-4.2421479148768017e-13,-1.934194999922266e-16,-4.171914180626769e-16,-3.3026293110214635e-16,-4.695208137886812e-16,-1.2513586883232753e-15,-4.766678261788927e-16,-3.427424160520343e-16,-2.028533717795068e-16,-1.3357281564995657e-15,-3.504075367517679e-16,-5.493179610196396e-16,-1.329602775503307e-16
-3.7292647981882863e-07,-2.735010420533922e-16,-1.6223570889150117e-16,-3.2271406884414744e-11,-1.3593488998259764e-15,-2.590288499655869e-16,-3.22715798150107e-11,-3.227122219233018e-11,-2.7864289971623717e-16,-2.830914492708046e-16,-5.701692032480284e-16,-3.016481176666905e-16,-3.227144191305705e-11,-4.504413311789335e-16,-1.6230663826647304e-15,-3.2271273969015237e-11,-2.3488363937688643e-16,-3.1614700788923996e-16,-3.2271163526693246e-11,-3.9006924344154354e-16,-3.4846291853745643e-16,-3.227122444979338e-11,-3.265853774054964e-16,-2.1459589817139873e-16,-2.1709116582527828e-16,-6.420770356949754e-08,-3.6936432926669256e-16,-3.693885266211909e-16,-2.1723184455836763e-16,-1.0693734315567546e-07,-3.768256202002231e-16,-1.5092878106393963e-15,-2.785206200414385e-16,-4.461490457120191e-16,-1.8813257647862233e-16,-1.6372948238925625e-15,-4.310581247387627e-16,-2.7851178357759646e-16,-5.548502305406148e-16,-3.4948657579534734e-13,-2.7387262891947727e-16,-2.1723184455837784e-16,-1.9677468338470658e-16,-8.446719752315487e-13,-3.3600813443562677e-16,-9.500965075170278e-13,-1.2734554015816261e-15,-4.85103443852403e-16,-3.4879637927033204e-16,-2.0646298322019205e-16,-1.3593488998259764e-15,-7.093095616900891e-13,-5.590083051835975e-16,-1.3529077661734386e-16
-4.0832498911755196e-07,-4.661436010744553e-16,-2.764122219241026e-16,-5.0062573258571966e-11,-2.317216316346548e-15,-4.4161176429758057e-16,-9.959651952480174e-08,-9.959531067323347e-08,-4.750306903030227e-16,-9.596042256592826e-13,-9.721304427554992e-16,-1.0230182358377382e-12,-5.006263348536134e-11,-7.678351591025879e-16,-2.766649872086833e-15,-5.006234797683408e-11,-4.007528991980674e-16,-1.0719316083107413e-12,-5.006216022572936e-11,-6.646923819239365e-16,-5.941031102976201e-16,-5.006226361245972e-11,-5.570473812488774e-16,-3.660319573796001e-16,-3.7018941705542424e-16,-9.960619675694973e-08,-6.295306662699562e-16,-6.295500906018572e-16,-3.7018941705542424e-16,-3.768256202002231e-16,-1.0693818368627896e-07,-2.572668903264269e-15,-9.443405232791593e-13,-7.605100882237147e-16,-3.208701607995025e-16,-2.791207233904509e-15,-7.347698021118066e-16,-9.443405232829603e-13,-9.461613254221397e-16,-2.9976465467995007e-16,-4.668709903449814e-16,-3.7016036119636344e-16,-3.3571544817269605e-16,-7.241945038437223e-16,-5.732288081904863e-16,-8.145211980665966e-16,-2.170872272603507e-15,-8.269327563626969e-16,-5.946827374488833e-16,-3.521108326120979e-16,-2.317216316346548e-15,-6.080209402852942e-16,-9.530471720361083e-16,-2.3083543016562564e-16
-3.9116995294275615e-07,-1.8658582848196915e-15,-1.1104374316329271e-15,-4.14243133481703e-11,-1.8383709543782875e-11,-1.7675335538940919e-15,-4.1425468864990974e-11,-4.1423097263229164e-11,-1.9012387589040173e-15,-1.932547259230945e-15,-3.88290973595746e-15,-2.059601296649746e-15,-4.142455911077375e-11,-6.102031522983538e-12,-2.1946685351107414e-11,-4.142344657310401e-11,-1.6041703754682749e-15,-2.15758455046921e-15,-4.142271358754754e-11,-2.6572406725078113e-15,-2.3755681607037598e-15,-8.240835285589627e-08,-2.2319387964224475e-15,-1.4661375265127503e-15,-1.48290151180618e-15,-8.245116972114644e-08,-5.005011192599884e-12,-5.00501119268124e-12,-1.48290151180618e-15,-1.5092878106393963e-15,-2.572668903264269e-15,-1.0695731165419475e-07,-1.901957028588673e-15,-3.0393849497577227e-15,-1.2863464929529652e-15,-2.215928593604259e-11,-2.936302049526522e-15,-1.9019685455004935e-15,-3.783492433630483e-15,-1.2016764949848869e-15,-1.868185466038777e-15,-1.48290151180618e-15,-1.3448201605604944e-15,-2.8987787373737164e-15,-2.2923385528041244e-15,-3.2547076288538818e-15,-1.7227508313572907e-11,-6.57000918368023e-12,-2.3783481677274038e-15,-1.4143348315672153e-15,-1.838370954387518e-11,-2.431755891054569e-15,-7.574083158202135e-12,-9.28503811366458e-16
