0.9999999984685128,-5.843604210079521e-07,-5.865856934678367e-07,0.9999991625894094,-5.84360404107442e-07,-5.858641683662322e-07,0.9999991625894078,-5.858641689527302e-07,-5.843604057703757e-07,0.9999991625894086,0.999999162589408,-5.858641679217745e-07,-5.843497890509916e-07,0.9999991625894078,0.9999991625894071,0.9999991625894078,0.9999991625894097,0.9999991625894049,0.9999991625894067,-5.843604057868673e-07,-5.858641689527302e-07,-5.858641689580532e-07,0.9999990836617509,0.9999991625894088,0.999999162589409,0.9999991625894075,0.9999991625894091,-5.858641689531274e-07,0.999999162589409,0.9999990409332234,0.999999162589408,0.9999991625894091,0.9999991625894097,-5.858641706709887e-07,-5.858641706966923e-07,0.999999162589409,0.9999991625894096,0.9999991625894077,-5.858641693631872e-07,0.9999991625894064,0.9999991531376404,0.9999991625894064,-5.85864170529619e-07,-5.843604038541318e-07,-5.843604038511761e-07,0.9999991625894069
-5.843604210079521e-07,-6.367465518459398e-07,1.0067795365402732e-18,-2.1056863633183337e-11,1.690866428053499e-15,8.771103047701924e-19,-2.1056863650377918e-11,8.570249208274814e-19,1.690866503507861e-15,-2.1056863588379956e-11,-2.105686360708877e-11,8.570249208274814e-19,8.048282358400257e-19,-2.1056863669955845e-11,-2.105686366503956e-11,-2.1056863669955845e-11,-2.105686360708877e-11,-2.1056863597239086e-11,-2.105686360708877e-11,1.6908665050524666e-15,8.469269674742115e-19,8.733656169558264e-19,-2.1056861990595668e-11,-2.1056863596794722e-11,-2.105686360708877e-11,-2.1056863670328678e-11,-2.105686360708877e-11,8.649130892397947e-19,-2.1056863597239086e-11,-4.1849654603727e-08,-2.1056863670328678e-11,-2.105686360708877e-11,-2.1056863650377918e-11,8.469269674742115e-19,9.205657718570828e-19,-2.1056863596794722e-11,-2.1056863669955845e-11,-2.1056863650377918e-11,8.733656169558264e-19,-2.1056863656034115e-11,-2.1056863421771864e-11,-2.1056863669955845e-11,8.570249208274814e-19,1.6908664642064292e-15,1.69086648154822e-15,-2.1056863669955845e-11
-5.865856934678367e-07,1.0067795365402732e-18,-6.367465523291848e-07,-2.2176520639779978e-11,1.0561030852245646e-18,9.504718931070563e-19,-2.217652061194441e-11,9.260708435490032e-19,1.0561030852245646e-18,-2.2176520581271722e-11,-2.217652058175348e-11,9.269905426178023e-19,8.807262542778145e-19,-2.217652060551034e-11,-2.2176520572027032e-11,-2.2176520577858562e-11,-2.217652061266405e-11,-2.2176520620673724e-11,-2.217652058175348e-11,7.66184011785551e-19,9.322510880037182e-19,9.204596977331481e-19,-2.2176518842875526e-11,-2.217652060551034e-11,-2.2176520572027032e-11,-2.217652059269819e-11,-2.217652061194441e-11,9.061996584310187e-19,-2.2176520620673724e-11,-4.407492700684013e-08,-2.217652060551034e-11,-2.2176520577858562e-11,-2.2176520622190816e-11,9.16789305388876e-19,9.167893053933344e-19,-2.2176520581271722e-11,-2.217652061194441e-11,-2.217652061194441e-11,9.085070681644517e-19,-2.217652062554058e-11,-4.4074931893839105e-08,-2.217652061194441e-11,9.156662650544372e-19,7.66184011785551e-19,1.0561030852245646e-18,-2.217652061194441e-11
0.9999991625894094,-2.1056863633183337e-11,-2.2176520639779978e-11,0.9999992044028755,-2.1056855014695015e-11,-2.1813482387213892e-11,0.9999998411493668,-2.181348264750346e-11,-2.105685581956322e-11,0.9999998411493664,0.9999998411493655,-2.1813482613026118e-11,-2.105151377387517e-11,0.9999998411493655,0.9999998411493652,0.9999998411493671,0.9999998411493657,0.9999998411493655,0.9999998411493664,-2.1056855732705736e-11,-2.1813482493752816e-11,-2.1813482470928034e-11,0.9999997622216964,0.9999998411493679,0.9999998411493668,0.9999998411493651,0.9999998411493666,-2.18134823900046e-11,0.9999998411493669,0.9999997194931587,0.9999998411493669,0.9999998411493666,0.9999998411493674,-2.181348264236387e-11,-2.1813482278884487e-11,0.999999841149366,0.9999998411493671,0.9999998411493666,-2.1813482401316536e-11,0.9999998411493655,0.9999998316975962,0.9999998411493669,-2.181348308575013e-11,-2.1056855501157846e-11,-2.105685569355647e-11,0.9999998411493655
-5.84360404107442e-07,1.690866428053499e-15,1.0561030852245646e-18,-2.1056855014695015e-11,-6.367465518459398e-07,9.355000846659058e-19,-2.105685502062564e-11,9.205657718570828e-19,1.6908654233738021e-15,-2.1056855016023173e-11,-2.105685502062564e-11,9.470840929000075e-19,8.829728707150372e-19,-2.105685498662226e-11,-2.105685495973901e-11,-2.105685498662226e-11,-2.105685495973901e-11,-2.105685495973901e-11,-2.105685495973901e-11,1.6908654249184103e-15,8.709926328189583e-19,8.776116560229024e-19,-2.105685341950517e-11,-2.1056854998469648e-11,-2.1056855012348533e-11,-2.1056854995140908e-11,-2.105685495973901e-11,8.628341278722123e-19,-2.1056854995140908e-11,-4.1849637486737935e-08,-2.105685495990228e-11,-2.1056854993752263e-11,-2.105685505329581e-11,8.771103047701924e-19,8.402705837788444e-19,-2.105685495990228e-11,-2.105685495973901e-11,-2.1056854993752263e-11,9.205657718570828e-19,-2.1056854998469648e-11,-2.1056854798086143e-11,-2.1056854993752263e-11,9.205657718570828e-19,1.6908653840723738e-15,1.6908654014141573e-15,-2.105685502062564e-11
-5.858641683662322e-07,8.771103047701924e-19,9.504718931070563e-19,-2.1813482387213892e-11,9.355000846659058e-19,-6.367465552825326e-07,-2.181348238120821e-11,1.8124997175326046e-15,8.628341278722123e-19,-2.181348237833084e-11,-2.181348234003381e-11,1.812499713985728e-15,1.7496064534161605e-15,-2.181348238101456e-11,-2.1813482358783442e-11,-2.1813482383326295e-11,-2.181348234003381e-11,-2.181348237833084e-11,-2.1813482394816848e-11,9.470840929000075e-19,1.8124997071492754e-15,1.812499698933463e-15,-4.335340518515528e-08,-2.1813482394816848e-11,-2.1813482394816848e-11,-2.1813482394816848e-11,-2.181348234003381e-11,1.8124997037352353e-15,-2.181348234003381e-11,-4.335340335593367e-08,-2.1813482358783442e-11,-2.181348234003381e-11,-2.1813482394816848e-11,1.812499727409086e-15,1.812499688789174e-15,-2.181348238101456e-11,-2.181348237833084e-11,-2.1813482394816848e-11,1.8124997028745817e-15,-2.1813482378342477e-11,-2.1813482090497838e-11,-2.181348237833084e-11,1.81249978285254e-15,8.859840895057343e-19,9.12903483151834e-19,-2.1813482358795155e-11
0.9999991625894078,-2.1056863650377918e-11,-2.217652061194441e-11,0.9999998411493668,-2.105685502062564e-11,-2.181348238120821e-11,0.9999992044028713,-2.181348258800462e-11,-2.1056855813938617e-11,0.9999998411493655,0.9999998411493651,-2.181348259821671e-11,-2.1051513768497213e-11,0.9999998411493641,0.999999841149363,0.9999998411493664,0.9999998411493668,0.999999841149363,0.9999998411493647,-2.1056855748994406e-11,-2.1813482503327567e-11,-2.1813482429248674e-11,0.9999997622216947,0.9999998411493651,0.9999998411493651,0.9999998411493655,0.9999998411493666,-2.1813482422256025e-11,0.9999998411493644,0.9999997194931576,0.9999998411493666,0.9999998411493655,0.9999998411493666,-2.1813482597938702e-11,-2.1813482286278987e-11,0.9999998411493647,0.9999998411493666,0.9999998411493649,-2.1813482392937216e-11,0.9999998411493627,0.9999998316975952,0.9999998411493646,-2.1813483047088986e-11,-2.10568555363817e-11,-2.1056855580363986e-11,0.999999841149363
-5.858641689527302e-07,8.570249208274814e-19,9.260708435490032e-19,-2.181348264750346e-11,9.205657718570828e-19,1.8124997175326046e-15,-2.181348258800462e-11,-6.367465552825326e-07,8.771103047701924e-19,-2.1813482541121165e-11,-2.181348258606062e-11,1.8124997294810706e-15,1.7496064684006925e-15,-2.181348258606062e-11,-2.1813482598208182e-11,-2.1813482598208182e-11,-2.1813482591736176e-11,-2.1813482598208182e-11,-2.181348259035326e-11,8.841324042791976e-19,1.8124997226446205e-15,1.8124997144288113e-15,-4.335340564104817e-08,-2.1813482592801216e-11,-2.181348258606062e-11,-2.1813482592801216e-11,-2.1813482598208182e-11,1.812499719230577e-15,-2.1813482598208182e-11,-4.335340381182644e-08,-2.1813482598208182e-11,-2.1813482592801216e-11,-2.1813482598208182e-11,1.81249974290443e-15,1.812499704284514e-15,-2.1813482592801216e-11,-2.1813482591736176e-11,-2.181348258606062e-11,1.8124997183699292e-15,-2.1813482541121165e-11,-2.1813482336765507e-11,-2.181348258606062e-11,1.8124997983478793e-15,9.50872383611466e-19,8.841324042791976e-19,-2.1813482598849777e-11
-5.843604057703757e-07,1.690866503507861e-15,1.0561030852245646e-18,-2.105685581956322e-11,1.6908654233738021e-15,8.628341278722123e-19,-2.1056855813938617e-11,8.771103047701924e-19,-6.367465518459398e-07,-2.1056855810942052e-11,-2.105685583763573e-11,8.733656169558264e-19,8.71035903275493e-19,-2.1056855810747904e-11,-2.1056855837748617e-11,-2.1056855810747904e-11,-2.1056855813938617e-11,-2.1056855808970167e-11,-2.1056855823173197e-11,1.6908655003727687e-15,8.705931986134668e-19,8.649130892397947e-19,-2.1056854239920056e-11,-2.105685583763573e-11,-2.1056855735625858e-11,-2.1056855735625858e-11,-2.1056855810747904e-11,9.50872383611466e-19,-2.105685583763573e-11,-4.184963907018541e-08,-2.1056855811427026e-11,-2.1056855759882254e-11,-2.105685583763573e-11,8.557348034504695e-19,8.776281477142123e-19,-2.1056855808970167e-11,-2.1056855764854104e-11,-2.1056855808970167e-11,8.469269674742115e-19,-2.105685580437084e-11,-2.1056855607417122e-11,-2.1056855808970167e-11,9.12903483151834e-19,1.6908654595267328e-15,1.6908654768685186e-15,-2.1056855799304416e-11
0.9999991625894086,-2.1056863588379956e-11,-2.2176520581271722e-11,0.9999998411493664,-2.1056855016023173e-11,-2.181348237833084e-11,0.9999998411493655,-2.1813482541121165e-11,-2.1056855810942052e-11,0.9999992044028749,0.9999998411493639,-2.181348259821671e-11,-2.105151376964072e-11,0.9999998411493638,0.9999998411493641,0.9999998411493666,0.9999998411493644,0.9999998411493657,0.9999998411493655,-2.1056855747776224e-11,-2.181348251114647e-11,-2.1813482428309792e-11,0.9999997622216942,0.9999998411493666,0.9999998411493655,0.9999998411493646,0.9999998411493655,-2.181348242395854e-11,0.9999998411493655,0.9999997194931574,0.9999998411493649,0.9999998411493647,0.9999998411493664,-2.181348259490138e-11,-2.1813482272054124e-11,0.9999998411493651,0.9999998411493666,0.9999998411493647,-2.181348237304687e-11,0.9999998411493641,0.9999998316975949,0.9999998411493666,-2.1813483060773255e-11,-2.1056855517958576e-11,-2.1056855716311194e-11,0.9999998411493641
0.999999162589408,-2.105686360708877e-11,-2.217652058175348e-11,0.9999998411493655,-2.105685502062564e-11,-2.181348234003381e-11,0.9999998411493651,-2.181348258606062e-11,-2.105685583763573e-11,0.9999998411493639,0.9999992044028737,-2.1813482634855456e-11,-2.1051513769281284e-11,0.9999998411493625,0.9999998411493641,0.9999998411493649,0.9999998411493634,0.9999998411493646,0.9999998411493651,-2.1056855773687353e-11,-2.181348246814987e-11,-2.1813482470928034e-11,0.9999997622216942,0.9999998411493652,0.9999998411493657,0.9999998411493636,0.9999998411493641,-2.1813482419634144e-11,0.9999998411493657,0.9999997194931559,0.9999998411493646,0.9999998411493646,0.9999998411493644,-2.181348262749806e-11,-2.1813482327328937e-11,0.9999998411493647,0.9999998411493649,0.9999998411493647,-2.181348240867805e-11,0.9999998411493632,0.9999998316975947,0.9999998411493649,-2.181348308575013e-11,-2.1056855532163952e-11,-2.1056855655286313e-11,0.9999998411493647
-5.858641679217745e-07,8.570249208274814e-19,9.269905426178023e-19,-2.1813482613026118e-11,9.470840929000075e-19,1.812499713985728e-15,-2.181348259821671e-11,1.8124997294810706e-15,8.733656169558264e-19,-2.181348259821671e-11,-2.1813482634855456e-11,-6.367465552825326e-07,1.749606465003902e-15,-2.1813482634855456e-11,-2.1813482613418095e-11,-2.1813482618853327e-11,-2.1813482618853327e-11,-2.1813482595149394e-11,-2.181348258808673e-11,9.205657718570828e-19,1.8124997190977445e-15,1.812499710881931e-15,-4.3353405645752843e-08,-2.181348261012343e-11,-2.181348257423545e-11,-2.1813482576531533e-11,-2.181348260766295e-11,1.812499715683701e-15,-2.1813482619890984e-11,-4.335340381653111e-08,-2.1813482585896646e-11,-2.181348260766295e-11,-2.1813482613026118e-11,1.8124997393575444e-15,1.812499700737633e-15,-2.181348259821671e-11,-2.181348259821671e-11,-2.1813482637344524e-11,1.8124997148230485e-15,-2.1813482595149394e-11,-2.1813482366588738e-11,-2.1813482545449475e-11,1.812499794801005e-15,8.404112333537812e-19,9.470840929000075e-19,-2.1813482570835005e-11
-5.843497890509916e-07,8.048282358400257e-19,8.807262542778145e-19,-2.105151377387517e-11,8.829728707150372e-19,1.7496064534161605e-15,-2.1051513768497213e-11,1.7496064684006925e-15,8.71035903275493e-19,-2.105151376964072e-11,-2.1051513769281284e-11,1.749606465003902e-15,-6.367465517820558e-07,-2.105151376843604e-11,-2.1051513765161e-11,-2.1051513768280696e-11,-2.1051513764585764e-11,-2.1051513757579958e-11,-2.105151377387517e-11,7.866446833571998e-19,1.7496064583975824e-15,1.749606450492097e-15,-2.105151108602507e-11,-2.105151376964072e-11,-2.1051513758602495e-11,-2.1051513756660023e-11,-2.1051513761202553e-11,1.749606455088151e-15,-2.105151376823906e-11,-4.1839021950167896e-08,-2.1051513770156486e-11,-2.1051513766230987e-11,-2.10515137740351e-11,1.7496064778760304e-15,1.7496064406949925e-15,-2.1051513755854772e-11,-2.1051513771780826e-11,-2.1051513767412673e-11,1.7496064542506824e-15,-2.1051513767188426e-11,-2.105151356048193e-11,-2.105151376843604e-11,1.7496065312964892e-15,8.726967123571592e-19,8.581417621309081e-19,-2.1051513764585764e-11
0.9999991625894078,-2.1056863669955845e-11,-2.217652060551034e-11,0.9999998411493655,-2.105685498662226e-11,-2.181348238101456e-11,0.9999998411493641,-2.181348258606062e-11,-2.1056855810747904e-11,0.9999998411493638,0.9999998411493625,-2.1813482634855456e-11,-2.105151376843604e-11,0.9999992044028699,0.9999998411493627,0.9999998411493651,0.9999998411493638,0.9999998411493627,0.9999998411493636,-2.105685572728516e-11,-2.181348246814987e-11,-2.1813482419124025e-11,0.9999997622216944,0.9999998411493646,0.9999998411493646,0.9999998411493632,0.9999998411493639,-2.1813482431314396e-11,0.9999998411493646,0.9999997194931555,0.9999998411493639,0.9999998411493638,0.9999998411493639,-2.1813482616242765e-11,-2.1813482272054124e-11,0.9999998411493634,0.9999998411493649,0.9999998411493641,-2.181348240185142e-11,0.9999998411493616,0.9999998316975941,0.9999998411493638,-2.181348304274681e-11,-2.105685553715285e-11,-2.1056855588246963e-11,0.9999998411493627
0.9999991625894071,-2.105686366503956e-11,-2.2176520572027032e-11,0.9999998411493652,-2.105685495973901e-11,-2.1813482358783442e-11,0.999999841149363,-2.1813482598208182e-11,-2.1056855837748617e-11,0.9999998411493641,0.9999998411493641,-2.1813482613418095e-11,-2.1051513765161e-11,0.9999998411493627,0.9999992044028729,0.9999998411493636,0.9999998411493632,0.9999998411493644,0.9999998411493638,-2.1056855781677016e-11,-2.1813482495270424e-11,-2.181348242404648e-11,0.9999997622216934,0.9999998411493646,0.9999998411493652,0.9999998411493627,0.9999998411493646,-2.1813482431314396e-11,0.9999998411493652,0.9999997194931562,0.9999998411493632,0.9999998411493628,0.9999998411493641,-2.181348261666553e-11,-2.1813482278884487e-11,0.9999998411493647,0.9999998411493636,0.9999998411493638,-2.1813482454633884e-11,0.9999998411493632,0.9999998316975939,0.9999998411493636,-2.1813483079479815e-11,-2.1056855513180238e-11,-2.1056855672725274e-11,0.9999998411493644
0.9999991625894078,-2.1056863669955845e-11,-2.2176520577858562e-11,0.9999998411493671,-2.105685498662226e-11,-2.1813482383326295e-11,0.9999998411493664,-2.1813482598208182e-11,-2.1056855810747904e-11,0.9999998411493666,0.9999998411493649,-2.1813482618853327e-11,-2.1051513768280696e-11,0.9999998411493651,0.9999998411493636,0.9999992044028702,0.999999841149366,0.9999998411493638,0.9999998411493646,-2.1056855713071868e-11,-2.1813482494002647e-11,-2.181348242404648e-11,0.999999762221695,0.9999998411493647,0.9999998411493646,0.9999998411493652,0.9999998411493664,-2.1813482390212153e-11,0.9999998411493646,0.9999997194931589,0.9999998411493657,0.9999998411493662,0.9999998411493675,-2.1813482631557594e-11,-2.1813482291192433e-11,0.9999998411493647,0.9999998411493657,0.9999998411493657,-2.181348240185142e-11,0.9999998411493641,0.9999998316975943,0.9999998411493647,-2.1813483047088986e-11,-2.1056855522259686e-11,-2.1056855588246963e-11,0.9999998411493632
0.9999991625894097,-2.105686360708877e-11,-2.217652061266405e-11,0.9999998411493657,-2.105685495973901e-11,-2.181348234003381e-11,0.9999998411493668,-2.1813482591736176e-11,-2.1056855813938617e-11,0.9999998411493644,0.9999998411493634,-2.1813482618853327e-11,-2.1051513764585764e-11,0.9999998411493638,0.9999998411493632,0.999999841149366,0.9999992044028729,0.9999998411493638,0.9999998411493646,-2.1056855773723678e-11,-2.1813482532853993e-11,-2.181348243503211e-11,0.999999762221694,0.9999998411493657,0.9999998411493655,0.9999998411493655,0.9999998411493657,-2.181348239972952e-11,0.9999998411493657,0.9999997194931585,0.9999998411493651,0.9999998411493647,0.999999841149366,-2.1813482616280004e-11,-2.1813482272054124e-11,0.9999998411493646,0.9999998411493666,0.9999998411493647,-2.1813482401316536e-11,0.9999998411493636,0.9999998316975962,0.9999998411493646,-2.1813483067674885e-11,-2.1056855510048164e-11,-2.1056855716311194e-11,0.9999998411493634
0.9999991625894049,-2.1056863597239086e-11,-2.2176520620673724e-11,0.9999998411493655,-2.105685495973901e-11,-2.181348237833084e-11,0.999999841149363,-2.1813482598208182e-11,-2.1056855808970167e-11,0.9999998411493657,0.9999998411493646,-2.1813482595149394e-11,-2.1051513757579958e-11,0.9999998411493627,0.9999998411493644,0.9999998411493638,0.9999998411493638,0.9999992044028729,0.9999998411493638,-2.1056855774956868e-11,-2.1813482495270424e-11,-2.181348240953788e-11,0.9999997622216945,0.9999998411493652,0.9999998411493652,0.9999998411493628,0.9999998411493652,-2.181348244488959e-11,0.9999998411493652,0.9999997194931566,0.9999998411493636,0.9999998411493647,0.9999998411493655,-2.181348262153857e-11,-2.1813482325332303e-11,0.9999998411493651,0.9999998411493636,0.9999998411493636,-2.1813482401316536e-11,0.9999998411493634,0.9999998316975943,0.9999998411493651,-2.181348303123946e-11,-2.1056855532121766e-11,-2.1056855716311194e-11,0.9999998411493644
0.9999991625894067,-2.105686360708877e-11,-2.217652058175348e-11,0.9999998411493664,-2.105685495973901e-11,-2.1813482394816848e-11,0.9999998411493647,-2.181348259035326e-11,-2.1056855823173197e-11,0.9999998411493655,0.9999998411493651,-2.181348258808673e-11,-2.105151377387517e-11,0.9999998411493636,0.9999998411493638,0.9999998411493646,0.9999998411493646,0.9999998411493638,0.9999992044028743,-2.1056855781677016e-11,-2.181348251008419e-11,-2.181348242264891e-11,0.9999997622216938,0.9999998411493655,0.9999998411493649,0.9999998411493641,0.9999998411493644,-2.1813482435500496e-11,0.9999998411493649,0.999999719493157,0.9999998411493651,0.9999998411493657,0.9999998411493657,-2.181348265900998e-11,-2.1813482317107808e-11,0.9999998411493641,0.9999998411493651,0.9999998411493652,-2.1813482410203542e-11,0.9999998411493646,0.9999998316975947,0.9999998411493641,-2.181348304358465e-11,-2.1056855544245342e-11,-2.1056855643768178e-11,0.9999998411493639
-5.843604057868673e-07,1.6908665050524666e-15,7.66184011785551e-19,-2.1056855732705736e-11,1.6908654249184103e-15,9.470840929000075e-19,-2.1056855748994406e-11,8.841324042791976e-19,1.6908655003727687e-15,-2.1056855747776224e-11,-2.1056855773687353e-11,9.205657718570828e-19,7.866446833571998e-19,-2.105685572728516e-11,-2.1056855781677016e-11,-2.1056855713071868e-11,-2.1056855773723678e-11,-2.1056855774956868e-11,-2.1056855781677016e-11,-6.367465518459398e-07,8.969489892475828e-19,9.50872383611466e-19,-2.1056854132720004e-11,-2.105685575555684e-11,-2.1056855713071868e-11,-2.1056855774956868e-11,-2.1056855713071868e-11,9.470840929000075e-19,-2.1056855774956868e-11,-4.1849638974908034e-08,-2.1056855747776224e-11,-2.1056855792555113e-11,-2.105685572231108e-11,9.470840929000075e-19,8.733656169558264e-19,-2.1056855713071868e-11,-2.1056855713071868e-11,-2.1056855705160977e-11,8.557348034504695e-19,-2.1056855711661047e-11,-2.105685559580001e-11,-2.1056855794868763e-11,8.776281477142123e-19,1.6908654610713374e-15,1.6908654784131259e-15,-2.1056855794868763e-11
-5.858641689527302e-07,8.469269674742115e-19,9.322510880037182e-19,-2.1813482493752816e-11,8.709926328189583e-19,1.8124997071492754e-15,-2.1813482503327567e-11,1.8124997226446205e-15,8.705931986134668e-19,-2.181348251114647e-11,-2.181348246814987e-11,1.8124997190977445e-15,1.7496064583975824e-15,-2.181348246814987e-11,-2.1813482495270424e-11,-2.1813482494002647e-11,-2.1813482532853993e-11,-2.1813482495270424e-11,-2.181348251008419e-11,8.969489892475828e-19,-6.367465552825326e-07,1.812499704045475e-15,-4.3353405461425577e-08,-2.1813482495270424e-11,-2.1813482502795703e-11,-2.1813482502351614e-11,-2.181348248790991e-11,1.81249970884725e-15,-2.1813482503327567e-11,-4.335340363220391e-08,-2.1813482532853993e-11,-2.1813482503560706e-11,-2.1813482539428143e-11,1.8124997325210975e-15,1.812499693901183e-15,-2.1813482493977428e-11,-2.181348246814987e-11,-2.181348248790991e-11,1.8124997079865972e-15,-2.181348251053056e-11,-2.1813482334214902e-11,-2.181348248790991e-11,1.81249978796455e-15,8.557348034504695e-19,8.628341278722123e-19,-2.181348246814987e-11
-5.858641689580532e-07,8.733656169558264e-19,9.204596977331481e-19,-2.1813482470928034e-11,8.776116560229024e-19,1.812499698933463e-15,-2.1813482429248674e-11,1.8124997144288113e-15,8.649130892397947e-19,-2.1813482428309792e-11,-2.1813482470928034e-11,1.812499710881931e-15,1.749606450492097e-15,-2.1813482419124025e-11,-2.181348242404648e-11,-2.181348242404648e-11,-2.181348243503211e-11,-2.181348240953788e-11,-2.181348242264891e-11,9.50872383611466e-19,1.812499704045475e-15,-6.367465552825326e-07,-4.3353405348268976e-08,-2.1813482426240425e-11,-2.1813482484155547e-11,-2.1813482428309792e-11,-2.1813482443305778e-11,1.8124997006314376e-15,-2.1813482434369785e-11,-4.3353403519047216e-08,-2.1813482414378736e-11,-2.1813482426240425e-11,-2.1813482445166007e-11,1.812499724305286e-15,1.812499685685375e-15,-2.181348242264891e-11,-2.1813482428309792e-11,-2.1813482470928034e-11,1.8124996997707825e-15,-2.181348242404648e-11,-2.181348224147278e-11,-2.1813482443305778e-11,1.8124997797487378e-15,8.628341278722123e-19,9.470840929000075e-19,-2.1813482492013627e-11
0.9999990836617509,-2.1056861990595668e-11,-2.2176518842875526e-11,0.9999997622216964,-2.105685341950517e-11,-4.335340518515528e-08,0.9999997622216947,-4.335340564104817e-08,-2.1056854239920056e-11,0.9999997622216942,0.9999997622216942,-4.3353405645752843e-08,-2.105151108602507e-11,0.9999997622216944,0.9999997622216934,0.999999762221695,0.999999762221694,0.9999997622216945,0.9999997622216938,-2.1056854132720004e-11,-4.3353405461425577e-08,-4.3353405348268976e-08,0.9999990465475422,0.9999997622216945,0.9999997622216947,0.9999997622216933,0.9999997622216956,-4.3353405348166796e-08,0.9999997622216945,0.9999996405654964,0.9999997622216955,0.9999997622216947,0.9999997622216956,-4.335340568039344e-08,-4.335340509699907e-08,0.9999997622216942,0.9999997622216956,0.9999997622216938,-4.335340529011903e-08,0.9999997622216933,0.9999997527699273,0.999999762221694,-4.335340666100846e-08,-2.1056853838698245e-11,-2.1056854040902562e-11,0.9999997622216933
0.9999991625894088,-2.1056863596794722e-11,-2.217652060551034e-11,0.9999998411493679,-2.1056854998469648e-11,-2.1813482394816848e-11,0.9999998411493651,-2.1813482592801216e-11,-2.105685583763573e-11,0.9999998411493666,0.9999998411493652,-2.181348261012343e-11,-2.105151376964072e-11,0.9999998411493646,0.9999998411493646,0.9999998411493647,0.9999998411493657,0.9999998411493652,0.9999998411493655,-2.105685575555684e-11,-2.1813482495270424e-11,-2.1813482426240425e-11,0.9999997622216945,0.9999992044028754,0.9999998411493655,0.9999998411493647,0.9999998411493657,-2.1813482424039966e-11,0.9999998411493655,0.9999997194931576,0.9999998411493666,0.999999841149366,0.9999998411493666,-2.1813482631557594e-11,-2.1813482272054124e-11,0.9999998411493657,0.9999998411493664,0.9999998411493644,-2.181348237583631e-11,0.9999998411493644,0.9999998316975952,0.9999998411493664,-2.1813483047088986e-11,-2.1056855541956084e-11,-2.1056855693556422e-11,0.9999998411493646
0.999999162589409,-2.105686360708877e-11,-2.2176520572027032e-11,0.9999998411493668,-2.1056855012348533e-11,-2.1813482394816848e-11,0.9999998411493651,-2.181348258606062e-11,-2.1056855735625858e-11,0.9999998411493655,0.9999998411493657,-2.181348257423545e-11,-2.1051513758602495e-11,0.9999998411493646,0.9999998411493652,0.9999998411493646,0.9999998411493655,0.9999998411493652,0.9999998411493649,-2.1056855713071868e-11,-2.1813482502795703e-11,-2.1813482484155547e-11,0.9999997622216947,0.9999998411493655,0.9999992044028748,0.9999998411493647,0.9999998411493668,-2.1813482395652427e-11,0.9999998411493668,0.9999997194931576,0.9999998411493651,0.9999998411493644,0.9999998411493655,-2.181348266700137e-11,-2.1813482313051628e-11,0.999999841149366,0.9999998411493647,0.9999998411493651,-2.1813482454077108e-11,0.9999998411493641,0.999999831697595,0.9999998411493646,-2.1813483067674885e-11,-2.1056855532163952e-11,-2.105685570590045e-11,0.9999998411493657
0.9999991625894075,-2.1056863670328678e-11,-2.217652059269819e-11,0.9999998411493651,-2.1056854995140908e-11,-2.1813482394816848e-11,0.9999998411493655,-2.1813482592801216e-11,-2.1056855735625858e-11,0.9999998411493646,0.9999998411493636,-2.1813482576531533e-11,-2.1051513756660023e-11,0.9999998411493632,0.9999998411493627,0.9999998411493652,0.9999998411493655,0.9999998411493628,0.9999998411493641,-2.1056855774956868e-11,-2.1813482502351614e-11,-2.1813482428309792e-11,0.9999997622216933,0.9999998411493647,0.9999998411493647,0.9999992044028754,0.9999998411493655,-2.1813482419491416e-11,0.9999998411493647,0.9999997194931576,0.9999998411493647,0.9999998411493655,0.999999841149366,-2.181348261006055e-11,-2.1813482278884487e-11,0.9999998411493636,0.999999841149366,0.9999998411493639,-2.181348237583631e-11,0.9999998411493627,0.9999998316975939,0.9999998411493651,-2.1813483083080988e-11,-2.10568555363817e-11,-2.1056855684437266e-11,0.9999998411493628
0.9999991625894091,-2.105686360708877e-11,-2.217652061194441e-11,0.9999998411493666,-2.105685495973901e-11,-2.181348234003381e-11,0.9999998411493666,-2.1813482598208182e-11,-2.1056855810747904e-11,0.9999998411493655,0.9999998411493641,-2.181348260766295e-11,-2.1051513761202553e-11,0.9999998411493639,0.9999998411493646,0.9999998411493664,0.9999998411493657,0.9999998411493652,0.9999998411493644,-2.1056855713071868e-11,-2.181348248790991e-11,-2.1813482443305778e-11,0.9999997622216956,0.9999998411493657,0.9999998411493668,0.9999998411493655,0.9999992044028754,-2.181348244488959e-11,0.9999998411493662,0.9999997194931595,0.999999841149366,0.9999998411493647,0.9999998411493666,-2.181348262842006e-11,-2.1813482313051628e-11,0.9999998411493655,0.9999998411493664,0.9999998411493666,-2.1813482417520445e-11,0.9999998411493644,0.9999998316975965,0.9999998411493651,-2.1813483096558836e-11,-2.1056855528374337e-11,-2.105685568352685e-11,0.9999998411493646
-5.858641689531274e-07,8.649130892397947e-19,9.061996584310187e-19,-2.18134823900046e-11,8.628341278722123e-19,1.8124997037352353e-15,-2.1813482422256025e-11,1.812499719230577e-15,9.50872383611466e-19,-2.181348242395854e-11,-2.1813482419634144e-11,1.812499715683701e-15,1.749606455088151e-15,-2.1813482431314396e-11,-2.1813482431314396e-11,-2.1813482390212153e-11,-2.181348239972952e-11,-2.181348244488959e-11,-2.1813482435500496e-11,9.470840929000075e-19,1.81249970884725e-15,1.8124997006314376e-15,-4.3353405348166796e-08,-2.1813482424039966e-11,-2.1813482395652427e-11,-2.1813482419491416e-11,-2.181348244488959e-11,-6.367465552825326e-07,-2.1813482424948983e-11,-4.335340351894516e-08,-2.181348239972952e-11,-2.1813482402585522e-11,-2.1813482459881282e-11,1.812499729107059e-15,1.8124996904871467e-15,-2.1813482449858842e-11,-2.181348242395854e-11,-2.1813482411023856e-11,1.8124997045725567e-15,-2.1813482437244444e-11,-2.181348227133031e-11,-2.1813482424039966e-11,1.8124997845505155e-15,8.469269674742115e-19,9.470840929000075e-19,-2.1813482424039966e-11
0.999999162589409,-2.1056863597239086e-11,-2.2176520620673724e-11,0.9999998411493669,-2.1056854995140908e-11,-2.181348234003381e-11,0.9999998411493644,-2.1813482598208182e-11,-2.105685583763573e-11,0.9999998411493655,0.9999998411493657,-2.1813482619890984e-11,-2.105151376823906e-11,0.9999998411493646,0.9999998411493652,0.9999998411493646,0.9999998411493657,0.9999998411493652,0.9999998411493649,-2.1056855774956868e-11,-2.1813482503327567e-11,-2.1813482434369785e-11,0.9999997622216945,0.9999998411493655,0.9999998411493668,0.9999998411493647,0.9999998411493662,-2.1813482424948983e-11,0.9999992044028749,0.9999997194931571,0.9999998411493651,0.9999998411493651,0.9999998411493657,-2.181348261666553e-11,-2.1813482278884487e-11,0.9999998411493657,0.9999998411493647,0.9999998411493651,-2.181348237583631e-11,0.9999998411493641,0.9999998316975952,0.9999998411493647,-2.181348303123946e-11,-2.105685553715285e-11,-2.1056855716325783e-11,0.9999998411493657
0.9999990409332234,-4.1849654603727e-08,-4.407492700684013e-08,0.9999997194931587,-4.1849637486737935e-08,-4.335340335593367e-08,0.9999997194931576,-4.335340381182644e-08,-4.184963907018541e-08,0.9999997194931574,0.9999997194931559,-4.335340381653111e-08,-4.1839021950167896e-08,0.9999997194931555,0.9999997194931562,0.9999997194931589,0.9999997194931585,0.9999997194931566,0.999999719493157,-4.1849638974908034e-08,-4.335340363220391e-08,-4.3353403519047216e-08,0.9999996405654964,0.9999997194931576,0.9999997194931576,0.9999997194931576,0.9999997194931595,-4.335340351894516e-08,0.9999997194931571,0.9999989610904751,0.9999997194931587,0.9999997194931571,0.9999997194931596,-4.3353403851171726e-08,-4.3353403267777446e-08,0.9999997194931566,0.9999997194931592,0.9999997194931562,-4.33534034608974e-08,0.9999997194931559,0.9999997100413888,0.999999719493159,-4.335340483178682e-08,-4.1849638475285226e-08,-4.184963878535123e-08,0.9999997194931562
0.999999162589408,-2.1056863670328678e-11,-2.217652060551034e-11,0.9999998411493669,-2.105685495990228e-11,-2.1813482358783442e-11,0.9999998411493666,-2.1813482598208182e-11,-2.1056855811427026e-11,0.9999998411493649,0.9999998411493646,-2.1813482585896646e-11,-2.1051513770156486e-11,0.9999998411493639,0.9999998411493632,0.9999998411493657,0.9999998411493651,0.9999998411493636,0.9999998411493651,-2.1056855747776224e-11,-2.1813482532853993e-11,-2.1813482414378736e-11,0.9999997622216955,0.9999998411493666,0.9999998411493651,0.9999998411493647,0.999999841149366,-2.181348239972952e-11,0.9999998411493651,0.9999997194931587,0.9999992044028755,0.9999998411493664,0.999999841149366,-2.1813482616242765e-11,-2.1813482302065264e-11,0.9999998411493638,0.9999998411493657,0.9999998411493664,-2.181348237554625e-11,0.9999998411493636,0.9999998316975954,0.9999998411493646,-2.1813483067674885e-11,-2.105685554854042e-11,-2.105685569355647e-11,0.9999998411493638
0.9999991625894091,-2.105686360708877e-11,-2.2176520577858562e-11,0.9999998411493666,-2.1056854993752263e-11,-2.181348234003381e-11,0.9999998411493655,-2.1813482592801216e-11,-2.1056855759882254e-11,0.9999998411493647,0.9999998411493646,-2.181348260766295e-11,-2.1051513766230987e-11,0.9999998411493638,0.9999998411493628,0.9999998411493662,0.9999998411493647,0.9999998411493647,0.9999998411493657,-2.1056855792555113e-11,-2.1813482503560706e-11,-2.1813482426240425e-11,0.9999997622216947,0.999999841149366,0.9999998411493644,0.9999998411493655,0.9999998411493647,-2.1813482402585522e-11,0.9999998411493651,0.9999997194931571,0.9999998411493664,0.9999992044028724,0.9999998411493662,-2.1813482631557594e-11,-2.1813482306143607e-11,0.9999998411493651,0.9999998411493666,0.9999998411493641,-2.1813482444312425e-11,0.9999998411493636,0.9999998316975952,0.9999998411493657,-2.181348308575013e-11,-2.105685553715285e-11,-2.1056855588246963e-11,0.9999998411493636
0.9999991625894097,-2.1056863650377918e-11,-2.2176520622190816e-11,0.9999998411493674,-2.105685505329581e-11,-2.1813482394816848e-11,0.9999998411493666,-2.1813482598208182e-11,-2.105685583763573e-11,0.9999998411493664,0.9999998411493644,-2.1813482613026118e-11,-2.10515137740351e-11,0.9999998411493639,0.9999998411493641,0.9999998411493675,0.999999841149366,0.9999998411493655,0.9999998411493657,-2.105685572231108e-11,-2.1813482539428143e-11,-2.1813482445166007e-11,0.9999997622216956,0.9999998411493666,0.9999998411493655,0.999999841149366,0.9999998411493666,-2.1813482459881282e-11,0.9999998411493657,0.9999997194931596,0.999999841149366,0.9999998411493662,0.999999204402879,-2.1813482616242765e-11,-2.1813482272054124e-11,0.9999998411493647,0.9999998411493675,0.9999998411493646,-2.1813482425429475e-11,0.9999998411493655,0.9999998316975962,0.999999841149366,-2.181348304358465e-11,-2.1056855474275717e-11,-2.105685570590045e-11,0.9999998411493641
-5.858641706709887e-07,8.469269674742115e-19,9.16789305388876e-19,-2.181348264236387e-11,8.771103047701924e-19,1.812499727409086e-15,-2.1813482597938702e-11,1.81249974290443e-15,8.557348034504695e-19,-2.181348259490138e-11,-2.181348262749806e-11,1.8124997393575444e-15,1.7496064778760304e-15,-2.1813482616242765e-11,-2.181348261666553e-11,-2.1813482631557594e-11,-2.1813482616280004e-11,-2.181348262153857e-11,-2.181348265900998e-11,9.470840929000075e-19,1.8124997325210975e-15,1.812499724305286e-15,-4.335340568039344e-08,-2.1813482631557594e-11,-2.181348266700137e-11,-2.181348261006055e-11,-2.181348262842006e-11,1.812499729107059e-15,-2.181348261666553e-11,-4.3353403851171726e-08,-2.1813482616242765e-11,-2.1813482631557594e-11,-2.1813482616242765e-11,-6.367465552825326e-07,1.8124997141609914e-15,-2.1813482651836146e-11,-2.181348262153857e-11,-2.181348261554643e-11,1.812499728246407e-15,-2.181348261469789e-11,-2.1813482435622298e-11,-2.1813482605247253e-11,1.8124998082243603e-15,8.570249208274814e-19,8.605390330454457e-19,-2.1813482631557594e-11
-5.858641706966923e-07,9.205657718570828e-19,9.167893053933344e-19,-2.1813482278884487e-11,8.402705837788444e-19,1.812499688789174e-15,-2.1813482286278987e-11,1.812499704284514e-15,8.776281477142123e-19,-2.1813482272054124e-11,-2.1813482327328937e-11,1.812499700737633e-15,1.7496064406949925e-15,-2.1813482272054124e-11,-2.1813482278884487e-11,-2.1813482291192433e-11,-2.1813482272054124e-11,-2.1813482325332303e-11,-2.1813482317107808e-11,8.733656169558264e-19,1.812499693901183e-15,1.812499685685375e-15,-4.335340509699907e-08,-2.1813482272054124e-11,-2.1813482313051628e-11,-2.1813482278884487e-11,-2.1813482313051628e-11,1.8124996904871467e-15,-2.1813482278884487e-11,-4.3353403267777446e-08,-2.1813482302065264e-11,-2.1813482306143607e-11,-2.1813482272054124e-11,1.8124997141609914e-15,-6.367465552825326e-07,-2.181348228122491e-11,-2.1813482272054124e-11,-2.1813482334912913e-11,1.812499689626493e-15,-2.1813482272054124e-11,-2.181348211923716e-11,-2.1813482325332303e-11,1.8124997696044413e-15,8.570249208274814e-19,8.661599822806648e-19,-2.181348233473919e-11
0.999999162589409,-2.1056863596794722e-11,-2.2176520581271722e-11,0.999999841149366,-2.105685495990228e-11,-2.181348238101456e-11,0.9999998411493647,-2.1813482592801216e-11,-2.1056855808970167e-11,0.9999998411493651,0.9999998411493647,-2.181348259821671e-11,-2.1051513755854772e-11,0.9999998411493634,0.9999998411493647,0.9999998411493647,0.9999998411493646,0.9999998411493651,0.9999998411493641,-2.1056855713071868e-11,-2.1813482493977428e-11,-2.181348242264891e-11,0.9999997622216942,0.9999998411493657,0.999999841149366,0.9999998411493636,0.9999998411493655,-2.1813482449858842e-11,0.9999998411493657,0.9999997194931566,0.9999998411493638,0.9999998411493651,0.9999998411493647,-2.1813482651836146e-11,-2.181348228122491e-11,0.9999992044028727,0.9999998411493647,0.9999998411493655,-2.1813482409727832e-11,0.9999998411493636,0.9999998316975938,0.9999998411493638,-2.1813483076111503e-11,-2.1056855513180238e-11,-2.1056855653359108e-11,0.9999998411493651
0.9999991625894096,-2.1056863669955845e-11,-2.217652061194441e-11,0.9999998411493671,-2.105685495973901e-11,-2.181348237833084e-11,0.9999998411493666,-2.1813482591736176e-11,-2.1056855764854104e-11,0.9999998411493666,0.9999998411493649,-2.181348259821671e-11,-2.1051513771780826e-11,0.9999998411493649,0.9999998411493636,0.9999998411493657,0.9999998411493666,0.9999998411493636,0.9999998411493651,-2.1056855713071868e-11,-2.181348246814987e-11,-2.1813482428309792e-11,0.9999997622216956,0.9999998411493664,0.9999998411493647,0.999999841149366,0.9999998411493664,-2.181348242395854e-11,0.9999998411493647,0.9999997194931592,0.9999998411493657,0.9999998411493666,0.9999998411493675,-2.181348262153857e-11,-2.1813482272054124e-11,0.9999998411493647,0.9999992044028702,0.9999998411493664,-2.181348237583631e-11,0.9999998411493651,0.9999998316975952,0.9999998411493655,-2.181348304358465e-11,-2.1056855488579987e-11,-2.1056855643768178e-11,0.9999998411493638
0.9999991625894077,-2.1056863650377918e-11,-2.217652061194441e-11,0.9999998411493666,-2.1056854993752263e-11,-2.1813482394816848e-11,0.9999998411493649,-2.181348258606062e-11,-2.1056855808970167e-11,0.9999998411493647,0.9999998411493647,-2.1813482637344524e-11,-2.1051513767412673e-11,0.9999998411493641,0.9999998411493638,0.9999998411493657,0.9999998411493647,0.9999998411493636,0.9999998411493652,-2.1056855705160977e-11,-2.181348248790991e-11,-2.1813482470928034e-11,0.9999997622216938,0.9999998411493644,0.9999998411493651,0.9999998411493639,0.9999998411493666,-2.1813482411023856e-11,0.9999998411493651,0.9999997194931562,0.9999998411493664,0.9999998411493641,0.9999998411493646,-2.181348261554643e-11,-2.1813482334912913e-11,0.9999998411493655,0.9999998411493664,0.9999992044028727,-2.1813482380256136e-11,0.9999998411493636,0.9999998316975954,0.9999998411493651,-2.181348308575013e-11,-2.1056855525971643e-11,-2.105685571376014e-11,0.9999998411493638
-5.858641693631872e-07,8.733656169558264e-19,9.085070681644517e-19,-2.1813482401316536e-11,9.205657718570828e-19,1.8124997028745817e-15,-2.1813482392937216e-11,1.8124997183699292e-15,8.469269674742115e-19,-2.181348237304687e-11,-2.181348240867805e-11,1.8124997148230485e-15,1.7496064542506824e-15,-2.181348240185142e-11,-2.1813482454633884e-11,-2.181348240185142e-11,-2.1813482401316536e-11,-2.1813482401316536e-11,-2.1813482410203542e-11,8.557348034504695e-19,1.8124997079865972e-15,1.8124996997707825e-15,-4.335340529011903e-08,-2.181348237583631e-11,-2.1813482454077108e-11,-2.181348237583631e-11,-2.1813482417520445e-11,1.8124997045725567e-15,-2.181348237583631e-11,-4.33534034608974e-08,-2.181348237554625e-11,-2.1813482444312425e-11,-2.1813482425429475e-11,1.812499728246407e-15,1.812499689626493e-15,-2.1813482409727832e-11,-2.181348237583631e-11,-2.1813482380256136e-11,-6.367465552825326e-07,-2.1813482387784792e-11,-2.181348218772772e-11,-2.1813482387784792e-11,1.8124997836898573e-15,8.771103047701924e-19,8.661599822806648e-19,-2.1813482425429475e-11
0.9999991625894064,-2.1056863656034115e-11,-2.217652062554058e-11,0.9999998411493655,-2.1056854998469648e-11,-2.1813482378342477e-11,0.9999998411493627,-2.1813482541121165e-11,-2.105685580437084e-11,0.9999998411493641,0.9999998411493632,-2.1813482595149394e-11,-2.1051513767188426e-11,0.9999998411493616,0.9999998411493632,0.9999998411493641,0.9999998411493636,0.9999998411493634,0.9999998411493646,-2.1056855711661047e-11,-2.181348251053056e-11,-2.181348242404648e-11,0.9999997622216933,0.9999998411493644,0.9999998411493641,0.9999998411493627,0.9999998411493644,-2.1813482437244444e-11,0.9999998411493641,0.9999997194931559,0.9999998411493636,0.9999998411493636,0.9999998411493655,-2.181348261469789e-11,-2.1813482272054124e-11,0.9999998411493636,0.9999998411493651,0.9999998411493636,-2.1813482387784792e-11,0.9999992044028714,0.9999998316975938,0.9999998411493651,-2.1813483067674885e-11,-2.1056855545389123e-11,-2.1056855678291062e-11,0.9999998411493632
