1.0000000000002067,2.348270524004739e-09,1.0000000002550467,1.70297382575713e-09,0.9999999986289159,1.9482022635368867e-09,1.728029413982795e-09,2.3582306481206298e-09,2.348269480298356e-09,1.7623593857684704e-09,1.8077398562390418e-09,0.9999999986289089,1.7525591612917517e-09,1.7958491206569969e-09,2.6030303921319564e-09,1.8077099741037648e-09,1.7920503408717833e-09,1.6406525608084474e-09,1.7920609995737468e-09,1.6831716068551028e-09,0.9999999986289148,1.9148448172008476e-09,1.7964946502829316e-09,2.348269297412962e-09,1.7826033890923066e-09,1.6689698520127497e-09,1.846221388811892e-09,1.5743731729855604e-09,2.3482669596030504e-09,1.000000008426044,1.79584947576263e-09,1.686618812903804e-09,1.7866978212084483e-09,1.7964946045660228e-09,2.425555818496227e-09,3.8390424430621905e-09,1.636794698293133e-09,1.7623618158606213e-09,1.8599382810643112e-09,3.4304696105895715e-09,2.986480691195527e-09,1.5777496627046533e-09,1.0000000045647117,9.369006874108934e-10,1.4818528292392825e-09,1.881173069920307e-09,1.0000000062165522,0.9999999986289089
2.348270524004739e-09,4.211248555125539e-10,-1.1976735857615104e-12,4.212976195844004e-14,-1.4932850529837741e-12,6.076972904791791e-13,3.206668548379467e-13,8.282833226806498e-13,1.2475519214942976e-09,1.2301982886683388e-13,9.160760873077948e-14,-1.49328470298534e-12,7.632462506658773e-14,1.3801340736502837e-13,-2.4573160330284454e-14,-9.476660528426197e-14,5.749338651291794e-15,-1.5525641457070556e-13,5.749332722112243e-15,6.702896155599166e-13,-1.49328470298534e-12,1.5687175650617595e-13,8.158427517857153e-14,1.2475519214941258e-09,6.865563882215239e-13,-4.507984521397538e-14,3.121782953877809e-13,7.490354260396126e-13,1.247551921494068e-09,1.8169992501519897e-09,1.3801340736502837e-13,-1.2126541349792464e-14,1.122845119586868e-14,8.158442964676354e-14,5.941679878609105e-13,1.2533184596796601e-12,-7.071826864311048e-14,1.23020536211245e-13,6.864222534913943e-13,9.951326813444488e-13,8.158399777240698e-13,3.355447768609701e-13,-1.4376696036014534e-13,2.1561341438147688e-13,4.741026748247718e-13,4.826991510717335e-13,3.108192979002874e-13,-1.49328470298534e-12
1.0000000002550467,-1.1976735857615104e-12,1.0000000107937232,4.018285996957571e-13,1.0000000117797012,-1.3118410773453113e-12,-4.734244718296408e-13,-1.7944027500929904e-12,-1.1976721421297387e-12,1.5046644933195624e-13,2.8723655475120475e-13,1.0000000117797034,3.0972397199586883e-13,1.2775745440224964e-13,1.0987933415904143e-12,9.006771431196129e-13,5.522191444856867e-13,1.0075827461375106e-12,5.522171023847999e-13,-1.6220360853566997e-12,1.0000000117796999,1.383684113950378e-13,3.1297468339227677e-13,-1.197671729383184e-12,-1.6070729971310612e-12,6.50982158693249e-13,-3.858408330545908e-13,-1.849820211602034e-12,-1.1976708534136544e-12,1.0000000074306763,1.2775688023295894e-13,5.526913109190153e-13,5.40839463715569e-13,3.129746572045307e-13,-1.9091673795990323e-09,-4.5942615203435694e-09,7.203466293166067e-13,1.5046504476254796e-13,-1.5547163127017422e-12,-1.7098662447830508e-12,-1.3531461643843008e-12,-6.058661036835766e-13,1.0000000096481272,-5.277763486058463e-13,-1.1055990399251192e-12,-9.474223056246051e-13,1.0000000086340322,1.000000011779705
1.70297382575713e-09,4.212976195844004e-14,4.018285996957571e-13,-8.359073090260347e-10,3.818769814908736e-13,3.835727459361043e-14,1.4121884274795808e-14,4.9864911137763205e-14,4.212976195844004e-14,4.155140215640947e-15,-1.0106893862423418e-16,3.8187609746644797e-13,-1.5623864266235633e-15,3.608613174028405e-15,-1.372654289049742e-14,-1.5293091372532348e-14,-5.343333403470103e-15,-1.889931833580086e-14,-5.34331809985062e-15,3.957190715921961e-14,3.8187609746644797e-13,2.92872035832713e-15,-6.008992040979674e-16,4.2129814994779907e-14,7.521145670518306e-11,-8.373306248094083e-15,1.1778850101639842e-14,3.45343583535776e-14,4.2129814994779907e-14,1.0127372280076518e-09,3.608613174028416e-15,-5.96507785977642e-15,-1.293523016606746e-11,-6.005723014828506e-16,3.058687727623872e-14,7.073003103989061e-14,-1.0770776206040712e-14,4.154564187718613e-15,7.00540569976667e-11,5.3783042592547537e-14,3.975906142451836e-14,1.685559407476293e-14,4.632623615049481e-13,5.3592046652045445e-15,2.8093432213082467e-14,2.986748685789585e-14,4.86096441956472e-13,3.818768700090548e-13
0.9999999986289159,-1.4932850529837741e-12,1.0000000117797012,3.818769814908736e-13,1.0000000113907663,-1.5981505882266904e-12,-6.244688013608716e-13,-2.1839339164645743e-12,-1.4932828753004702e-12,9.216199925673006e-14,2.4390914961793215e-13,1.0000000122174932,2.73619731180747e-13,6.258956592432079e-14,1.1101286012843173e-12,9.451242226386788e-13,5.491257571647161e-13,1.080377740885072e-12,5.491238131636576e-13,-1.9375340581876607e-12,1.0000000122174906,6.455651423369801e-14,2.7432781162778596e-13,-1.4932830322367007e-12,-1.9298945112171747e-12,6.717099060054675e-13,-5.323656095707558e-13,-2.2017512099600683e-12,-1.4932822789849906e-12,1.000000005606907,6.258893136974714e-14,5.579333518335819e-13,5.351569943227639e-13,2.7432784182304204e-13,-1.2407948031234711e-12,-2.9012054918387636e-12,7.531864629084004e-13,9.216079924276246e-14,-1.877188802817236e-12,-2.1778215043349646e-12,-1.7365755604692792e-12,-7.640807152882747e-13,1.0000000088176038,-6.292686712073673e-13,-1.3291300141723793e-12,-1.1750075980582895e-12,1.0000000073769661,1.0000000122174937
1.9482022635368867e-09,6.076972904791791e-13,-1.3118410773453113e-12,3.835727459361043e-14,-1.5981505882266904e-12,3.4153034315889256e-10,3.0809854730268796e-13,1.590189604248374e-09,6.076969850805096e-13,1.1785414868316085e-13,8.672888891905249e-14,-1.598150711723703e-12,7.17931081428859e-14,1.3184828736303545e-13,-2.7605878062457945e-14,-9.457715048582385e-14,3.794632311229469e-15,-1.5298173887354188e-13,3.794793660296512e-15,6.471937218426654e-13,-1.5981502783817322e-12,1.4945830584643745e-13,7.708624735345024e-14,6.076969850805096e-13,6.61986919899602e-13,-4.528163870071048e-14,5.948294246976314e-10,7.199889328812397e-13,6.076969850805096e-13,1.4350019152609406e-09,1.3184820785607487e-13,-1.331815643169033e-14,8.615487867535013e-15,7.708624735345024e-14,5.723016332120405e-13,1.2089890176150409e-12,-7.032631603384607e-14,1.1785466996798613e-13,6.609963613303983e-13,1.9064378523747735e-09,7.849008737508381e-13,3.2307404022138965e-13,-5.851048174334018e-10,2.0583013328853602e-13,4.578500836886133e-13,9.273846412485285e-10,1.433204012667463e-13,-1.5981509711133705e-12
1.728029413982795e-09,3.206668548379467e-13,-4.734244718296408e-13,1.4121884274795808e-14,-6.244688013608716e-13,3.0809854730268796e-13,-5.149458204422637e-10,4.175500240218925e-13,3.2066691642333246e-13,5.892913029035716e-14,4.078922186209248e-14,-6.244688013567277e-13,3.2564704108165244e-14,6.507432126194536e-14,-2.4199741300126934e-14,-5.701630282832468e-14,-2.554195911884726e-15,-8.746900736860447e-14,-2.5539948924147425e-15,3.3714367805204167e-13,-6.244691660088685e-13,7.281066705528989e-14,3.5838913777718247e-14,3.2066685328363317e-13,3.4269473627032593e-13,-2.8143864706639213e-14,1.5059726391601054e-13,3.672682316183118e-13,3.206668548379467e-13,1.1364096998309643e-09,6.507432126194536e-14,-1.1121312907915234e-14,-1.2305731753385507e-15,3.583901434253791e-14,2.944941796773826e-13,1.2464466917129855e-09,-4.1895966432939926e-14,5.892944690728414e-14,3.4011119317202853e-13,4.956002856519963e-13,7.992230623946919e-10,3.298339280611439e-10,5.565086640465829e-14,2.0142265096670352e-10,2.385910766560493e-13,2.4416844150789647e-13,5.571602736190586e-10,-6.24469314995591e-13
2.3582306481206298e-09,8.282833226806498e-13,-1.7944027500929904e-12,4.9864911137763205e-14,-2.1839339164645743e-12,1.590189604248374e-09,4.175500240218925e-13,1.337440908087783e-09,8.282834939885347e-13,1.5927106718665358e-13,1.162228702788115e-13,-2.1839339164645743e-12,9.57487603260402e-14,1.7792121252121433e-13,-4.153133331823013e-14,-1.3172362914005663e-13,3.2874244559568663e-15,-2.1121717938648713e-13,3.2880980237654594e-15,8.80338929982598e-13,-2.183933989235166e-12,4.002637285757301e-10,2.0495941758639648e-10,8.282834626158223e-13,8.997178953696036e-13,-6.351216575549588e-14,8.053804963407178e-10,9.764056879245184e-13,8.282834761192677e-13,1.9136122809008326e-09,1.7792114331874968e-13,-1.987266700800752e-14,9.375426952780522e-15,2.0495941758715146e-10,7.767226902531729e-13,1.6432647579237486e-12,-9.78404418254801e-14,1.592710671302356e-13,8.976587695121094e-13,2.589959088728192e-09,1.0650400234092316e-12,4.3846010073547266e-13,-8.200924522873315e-10,2.7770030528451073e-13,6.226917074861087e-13,1.2622314854009748e-09,1.8074483375175622e-13,-2.1839339895509154e-12
2.348269480298356e-09,1.2475519214942976e-09,-1.1976721421297387e-12,4.212976195844004e-14,-1.4932828753004702e-12,6.076969850805096e-13,3.2066691642333246e-13,8.282834939885347e-13,4.211248555125539e-10,1.230207333944174e-13,9.160760873077959e-14,-1.4932833917593069e-12,7.6324433166116e-14,1.3801359965528593e-13,-2.457261796416962e-14,-9.476591197808067e-14,5.749033027885447e-15,-1.5525628134831538e-13,5.749332722112243e-15,6.702898275958349e-13,-1.4932830993672238e-12,1.5687170892099721e-13,8.158386199781286e-14,1.2475519214929048e-09,6.865567915852044e-13,-4.508030617466739e-14,3.121782510030994e-13,7.490354260396126e-13,1.2475519214928403e-09,1.8170025677551252e-09,1.3801340736502837e-13,-1.2126541349792464e-14,1.122845119586868e-14,8.158358198514034e-14,5.941679380997471e-13,1.2533184089254788e-12,-7.071870193434073e-14,1.2301982886683388e-13,6.864222534913943e-13,9.951326344022348e-13,8.158401475544746e-13,3.3554524347571743e-13,-1.437648562073912e-13,2.1561317893103838e-13,4.741026583563784e-13,4.826985033036541e-13,3.108211414815917e-13,-1.4932828753004702e-12
1.7623593857684704e-09,1.2301982886683388e-13,1.5046644933195624e-13,4.155140215640947e-15,9.216199925673006e-14,1.1785414868316085e-13,5.892913029035716e-14,1.5927106718665358e-13,1.230207333944174e-13,-7.826581198596683e-10,1.4623990830991142e-14,9.216181760470199e-14,1.1389297008075334e-14,2.4031753457744788e-14,-1.1221123554830738e-14,-2.3343371665663927e-14,-1.907150166431998e-15,-3.4948985062700847e-14,-1.9067090752393967e-15,1.2853264898642587e-13,9.216157315287736e-14,2.6669288162507978e-14,1.2756947519474333e-14,1.2302068481794437e-13,1.3018390799453895e-13,-1.1658395919090102e-14,5.6230680912744286e-14,1.3845173299906035e-13,1.2302068481794437e-13,1.089257574458577e-09,2.4031753457744788e-14,-5.099254789294622e-15,-1.6494578291782968e-15,1.2757169829077194e-14,1.116693564552431e-13,2.3870753239009024e-13,-1.7050258728435812e-14,4.361222893042621e-11,1.2874315359872616e-13,1.882280380707173e-13,1.51973146259896e-13,6.278570248124117e-14,3.5295406186035674e-13,3.739426944510475e-14,9.100860708026864e-14,9.32962166479636e-14,4.3830837184370047e-13,9.216157315287736e-14
1.8077398562390418e-09,9.160760873077948e-14,2.8723655475120475e-13,-1.0106893862423418e-16,2.4390914961793215e-13,8.672888891905249e-14,4.078922186209248e-14,1.162228702788115e-13,9.160760873077959e-14,1.4623990830991142e-14,-8.097917518494273e-10,2.4390867338992334e-13,1.1330278178427913e-11,1.5543330667889596e-14,-1.3399218669924195e-14,-2.1097068919345303e-14,-3.812973827742817e-15,-2.955483153748978e-14,-3.81357237820745e-15,9.343602586996003e-14,2.4390867338992334e-13,1.6707790588653538e-14,6.967345409566444e-15,9.160784901225389e-14,9.350609728500217e-14,-1.0920174918449873e-14,3.80820796976333e-14,9.653131498255758e-14,9.160784901225389e-14,1.1296080878484471e-09,1.5542470095372185e-14,-5.951671366500192e-15,-4.2589787583153424e-15,6.967345409566444e-15,7.921395500809472e-14,1.7209406708001852e-13,-1.5213167490571837e-14,1.46245055289808e-14,9.137342758312126e-14,1.3469344733784996e-13,1.0689304875680962e-13,4.437635712717547e-14,4.3376032628738025e-13,2.4055798076164214e-14,6.618430393043035e-14,6.840262171087122e-14,4.939715623341616e-13,2.4390927689376034e-13
0.9999999986289089,-1.49328470298534e-12,1.0000000117797034,3.8187609746644797e-13,1.0000000122174932,-1.598150711723703e-12,-6.244688013567277e-13,-2.1839339164645743e-12,-1.4932833917593069e-12,9.216181760470199e-14,2.4390867338992334e-13,1.0000000113907614,2.73619731180747e-13,6.25895481905939e-14,1.1101286012843173e-12,9.45124222550397e-13,5.491260260440779e-13,1.0803774177861753e-12,5.49123812591264e-13,-1.9375340581876607e-12,1.0000000122174917,6.455651423369801e-14,2.7432760314949385e-13,-1.4932827717800285e-12,-1.929894511349911e-12,6.717094454612258e-13,-5.323656040056527e-13,-2.2017512099600683e-12,-1.4932818298984755e-12,1.0000000056069078,6.258925941787449e-14,5.579333518278473e-13,5.351566501958723e-13,2.743275238518913e-13,-1.2407945657790211e-12,-2.90120569813531e-12,7.531868993152002e-13,9.21602628937326e-14,-1.877187973822009e-12,-2.177821565884114e-12,-1.7365755604692792e-12,-7.640807152882747e-13,1.0000000088176055,-6.292688871993815e-13,-1.329129879581622e-12,-1.1750075090480093e-12,1.0000000073769693,1.0000000122174955
1.7525591612917517e-09,7.632462506658773e-14,3.0972397199586883e-13,-1.5623864266235633e-15,2.73619731180747e-13,7.17931081428859e-14,3.2564704108165244e-14,9.57487603260402e-14,7.6324433166116e-14,1.1389297008075334e-14,1.1330278178427913e-11,2.73619731180747e-13,-8.193811881272419e-10,1.1860584420348397e-14,-1.3487896387655447e-14,-1.929621029470223e-14,-4.28568792450487e-15,-2.6259207433709343e-14,-4.28568792450487e-15,7.681567313110026e-14,2.73619731180747e-13,1.2461987235673164e-14,4.6329180832190525e-15,7.632443307323392e-14,7.63401730108577e-14,-1.0135561278024737e-14,2.997762294374584e-14,7.743014287872144e-14,7.632443307323392e-14,1.0679675243884342e-09,1.186019383624897e-14,-5.958200835374811e-15,-4.951788367263137e-15,4.6335259166465524e-15,6.420898343514207e-14,1.4083226882292787e-13,-1.3841625285568241e-14,1.1389297008075334e-14,7.407338009377423e-14,1.0975013284496077e-13,8.620549263476245e-14,3.5883592534022234e-14,4.2998319087676984e-13,1.8296090317760886e-14,5.442389497818594e-14,1.1230161340626575e-10,4.78665292787469e-13,2.736197652362707e-13
1.7958491206569969e-09,1.3801340736502837e-13,1.2775745440224964e-13,3.608613174028405e-15,6.258956592432079e-14,1.3184828736303545e-13,6.507432126194536e-14,1.7792121252121433e-13,1.3801359965528593e-13,2.4031753457744788e-14,1.5543330667889596e-14,6.25895481905939e-14,1.1860584420348397e-14,-7.742326464868577e-10,-1.4280609343483895e-14,-2.7414463542126022e-14,-2.9508279402676994e-15,-4.038214122330599e-14,-2.951195542997619e-15,2.8507014111285186e-10,6.258954819249518e-14,2.889711459562519e-14,1.3467326714726851e-14,1.3801363220428303e-13,1.4492027810775463e-13,-1.384814861853475e-14,6.188500812825776e-14,1.5315360017374871e-13,1.3801340734264703e-13,1.128171966888779e-09,5.2040183917873875e-11,-6.457196095910441e-15,-2.8728794719428216e-15,1.3467533488769984e-14,1.238605917761225e-13,2.658143789532553e-13,-1.998365794746116e-14,2.4031167002535643e-14,1.4298261676408007e-13,2.0930034896139775e-13,1.683971458443948e-13,6.962331281513783e-14,3.529114339051688e-13,4.070590415048338e-14,1.0152438225691279e-13,1.042838614951261e-13,4.473274262306711e-13,6.25896752368345e-14
2.6030303921319564e-09,-2.4573160330284454e-14,1.0987933415904143e-12,-1.372654289049742e-14,1.1101286012843173e-12,-2.7605878062457945e-14,-2.4199741300126934e-14,-4.153133331823013e-14,-2.457261796416962e-14,-1.1221123554830738e-14,-1.3399218669924195e-14,1.1101286012843173e-12,-1.3487896387655447e-14,-1.4280609343483895e-14,-8.620655029563274e-10,-1.0323092048819224e-14,-9.189804596522197e-15,-7.217886371382526e-15,-9.18956148581635e-15,-3.480483376442593e-14,1.1101286012843173e-12,-1.8117003560176796e-14,-1.2728710329266552e-14,-2.4573160330284454e-14,-3.99277527331414e-14,-6.580330601666747e-15,-2.6735110603535483e-14,-1.0787016594544919e-10,-2.4573160330284454e-14,1.9133969770818485e-09,-1.4280107619191073e-14,-7.565643996639791e-15,-1.18141273338796e-14,-1.2728710329266552e-14,-3.787318501572121e-14,-7.02978692484894e-14,-6.642270518367441e-15,-1.1221431431662877e-14,-4.403097147142744e-14,-5.95678116894757e-14,-1.107369138538252e-10,-2.203320813702243e-14,2.0732974627278933e-09,-2.2792728872896864e-14,-2.4404159661385503e-14,-2.2846282026078494e-14,2.013861232420627e-09,1.1101286012843173e-12
1.8077099741037648e-09,-9.476660528426197e-14,9.006771431196129e-13,-1.5293091372532348e-14,9.451242226386788e-13,-9.457715048582385e-14,-5.701630282832468e-14,-1.3172362914005663e-13,-9.476591197808067e-14,-2.3343371665663927e-14,-2.1097068919345303e-14,9.45124222550397e-13,-1.929621029470223e-14,-2.7414463542126022e-14,-1.0323092048819224e-14,-8.184609892803967e-10,-7.526766633996474e-15,1.3584493456609404e-14,-7.524834160377578e-15,-1.0749541155780854e-13,9.45124222550397e-13,-3.252518460246409e-14,-1.9381721577682277e-14,-9.476591208683901e-14,-1.1323300930746264e-13,5.927062821564791e-16,-1.1491167101524263e-10,-1.3137675902069966e-13,-9.476591213940776e-14,1.0785348054968963e-09,-2.7414463542126022e-14,-4.155784380047888e-15,-1.0133109889752647e-14,-1.9381375317040342e-14,-1.0048327323950902e-13,-2.0475582447660959e-13,3.6775767479792e-15,-2.3343371665663927e-14,-1.1622251534418568e-13,-3.2867490334061055e-10,-1.40596860902849e-13,-5.724453140182795e-14,7.309114245402516e-13,-4.3148477873139315e-14,-7.59080616414351e-14,-7.582199991896333e-14,6.534230417673516e-13,9.451252619648066e-13
1.7920503408717833e-09,5.749338651291794e-15,5.522191444856867e-13,-5.343333403470103e-15,5.491257571647161e-13,3.794632311229469e-15,-2.554195911884726e-15,3.2874244559568663e-15,5.749033027885447e-15,-1.907150166431998e-15,-3.812973827742817e-15,5.491260260440779e-13,-4.28568792450487e-15,-2.9508279402676994e-15,-9.189804596522197e-15,-7.526766633996474e-15,-8.345915718329948e-10,-7.730837912112757e-15,-4.190554022362809e-15,2.1393781673414094e-15,5.491265250155864e-13,-4.252442829886639e-15,-3.770746572370009e-15,5.749332722112243e-15,1.508205766535597e-16,-4.360802310736045e-15,-8.054016444327385e-12,-4.850277964969235e-15,5.749332722112243e-15,1.0891284076111168e-09,-2.9513393255085018e-15,-3.916694909245528e-15,-5.281438379420843e-15,-3.771146435228045e-15,-1.3161004954260602e-15,1.6809836126628798e-15,-5.106667816022839e-15,-1.907147977119895e-15,-1.81679267551171e-15,-4.786830256987119e-16,-3.655681783033626e-15,-1.1072173680324897e-15,5.558033014503256e-13,-4.8232238290112295e-15,1.6367586782002569e-15,2.5733976129283353e-15,5.545846772143367e-13,5.491257571647161e-13
1.6406525608084474e-09,-1.5525641457070556e-13,1.0075827461375106e-12,-1.889931833580086e-14,1.080377740885072e-12,-1.5298173887354188e-13,-8.746900736860447e-14,-2.1121717938648713e-13,-1.5525628134831538e-13,-3.4948985062700847e-14,-2.955483153748978e-14,1.0803774177861753e-12,-2.6259207433709343e-14,-4.038214122330599e-14,-7.217886371382526e-15,1.3584493456609404e-14,-7.730837912112757e-15,-7.685233809728196e-10,-7.730429972048628e-15,-1.7175171742134282e-13,1.0803780976359913e-12,-4.720390411507991e-14,-2.6881377831379378e-14,-1.5525628134831538e-13,-1.7890436458289316e-13,5.267270367799894e-15,-8.737930256980143e-14,-2.0261407538887986e-13,-1.5525628134831538e-13,8.922240623484964e-10,-4.038281262354216e-14,-2.67019009097579e-15,-1.0774817991296097e-14,-2.6881213436143288e-14,-1.5711703266823357e-13,-3.246572718178859e-13,1.0859129915404418e-14,-3.4948985062700847e-14,-3.612584224030696e-10,-5.176519868868442e-10,-2.1830082911296045e-13,-8.922784205330251e-14,7.372276275633465e-13,-6.339077746209228e-14,-1.2134422469454435e-13,-1.2217613576913725e-13,6.165547497751488e-13,1.0803777409887578e-12
1.7920609995737468e-09,5.749332722112243e-15,5.522171023847999e-13,-5.34331809985062e-15,5.491238131636576e-13,3.794793660296512e-15,-2.5539948924147425e-15,3.2880980237654594e-15,5.749332722112243e-15,-1.9067090752393967e-15,-3.81357237820745e-15,5.49123812591264e-13,-4.28568792450487e-15,-2.951195542997619e-15,-9.18956148581635e-15,-7.524834160377578e-15,-4.190554022362809e-15,-7.730429972048628e-15,-8.345915718329948e-10,2.1395634317205307e-15,5.491238131982903e-13,-4.253322977154251e-15,-3.770746572370009e-15,5.749332722112243e-15,1.508023628797372e-16,-4.360802310736045e-15,-8.054016444413522e-12,-4.85012243155172e-15,5.749338643034536e-15,1.0891240444059172e-09,-2.9513354036626693e-15,-3.916982142762593e-15,-5.280628840813557e-15,-3.771294124292914e-15,-1.3156119646546335e-15,1.6809802982989152e-15,-5.106752209926389e-15,-1.9071501813983157e-15,-1.8167926706503925e-15,-4.78944422829933e-16,-3.65525598824464e-15,-1.1064689350116781e-15,5.558007044013952e-13,-4.823656163610487e-15,1.6365760647296704e-15,2.5736176660179345e-15,5.545823126371208e-13,5.491238131636576e-13
1.6831716068551028e-09,6.702896155599166e-13,-1.6220360853566997e-12,3.957190715921961e-14,-1.9375340581876607e-12,6.471937218426654e-13,3.3714367805204167e-13,8.80338929982598e-13,6.702898275958349e-13,1.2853264898642587e-13,9.343602586996003e-14,-1.9375340581876607e-12,7.681567313110026e-14,2.8507014111285186e-10,-3.480483376442593e-14,-1.0749541155780854e-13,2.1393781673414094e-15,-1.7175171742134282e-13,2.1395634317205307e-15,5.884081652565418e-10,-1.9375340581081726e-12,1.6215492402775424e-13,8.285936696916828e-14,6.702896155599166e-13,1.4453226182406565e-09,-5.1855748396633446e-14,3.268396775902525e-13,7.883628628309057e-13,6.702898895988639e-13,1.206257782231118e-09,2.850701411128772e-10,-1.6528486112082684e-14,6.908191356075621e-15,8.285855218560961e-14,6.277155612208331e-13,1.3283752904490238e-12,-7.97158041677684e-14,1.2853264898642587e-13,1.4413514726139444e-09,1.0530103969532656e-12,8.601853878882424e-13,3.5427637486109647e-13,-5.041242172849306e-13,2.2376586542875781e-13,1.0009684286681473e-09,5.136847394453155e-13,-4.8853714412165775e-11,-1.9375345601037567e-12
0.9999999986289148,-1.49328470298534e-12,1.0000000117796999,3.8187609746644797e-13,1.0000000122174906,-1.5981502783817322e-12,-6.244691660088685e-13,-2.183933989235166e-12,-1.4932830993672238e-12,9.216157315287736e-14,2.4390867338992334e-13,1.0000000122174917,2.73619731180747e-13,6.258954819249518e-14,1.1101286012843173e-12,9.45124222550397e-13,5.491265250155864e-13,1.0803780976359913e-12,5.491238131982903e-13,-1.9375340581081726e-12,1.0000000113907668,6.455616021240834e-14,2.7432807398333465e-13,-1.4932830322367007e-12,-1.929894750437386e-12,6.717098022285565e-13,-5.323656095707558e-13,-2.2017512099600683e-12,-1.4932818297095655e-12,1.0000000056069047,6.258893136974714e-14,5.579332454562182e-13,5.351568013889197e-13,2.7432710013172437e-13,-1.2407948031234717e-12,-2.9012055233086573e-12,7.531868051674839e-13,9.216049265893675e-14,-1.877187973822009e-12,-2.1778214079043563e-12,-1.7365744648604371e-12,-7.640793828157777e-13,1.0000000088176018,-6.292686712073673e-13,-1.3291295054705339e-12,-1.1750075980582895e-12,1.000000007376966,1.0000000122174924
1.9148448172008476e-09,1.5687175650617595e-13,1.383684113950378e-13,2.92872035832713e-15,6.455651423369801e-14,1.4945830584643745e-13,7.281066705528989e-14,4.002637285757301e-10,1.5687170892099721e-13,2.6669288162507978e-14,1.6707790588653538e-14,6.455651423369801e-14,1.2461987235673164e-14,2.889711459562519e-14,-1.8117003560176796e-14,-3.252518460246409e-14,-4.252442829886639e-15,-4.720390411507991e-14,-4.253322977154251e-15,1.6215492402775424e-13,6.455616021240834e-14,-7.632638529899521e-10,2.855758873255923e-11,1.5687193456439442e-13,1.6345759236906e-13,-1.6588207062903188e-14,6.899695708463587e-14,1.716552764184633e-13,1.5687175654031676e-13,1.2551661730911061e-09,2.889717296561618e-14,-8.153785808412635e-15,-4.39776561720616e-15,2.8557588732801747e-11,1.3921721323052114e-13,2.9992723065130444e-13,-2.3659225057587614e-14,2.666916299077669e-14,1.608938597711504e-13,2.358159695026262e-13,1.890671933022092e-13,7.823418789048628e-14,3.9206990698363353e-13,4.488104430590699e-14,1.1476253205938384e-13,1.1811526220251681e-13,4.979001008095392e-13,6.455651423369801e-14
1.7964946502829316e-09,8.158427517857153e-14,3.1297468339227677e-13,-6.008992040979674e-16,2.7432781162778596e-13,7.708624735345024e-14,3.5838913777718247e-14,2.0495941758639648e-10,8.158386199781286e-14,1.2756947519474333e-14,6.967345409566444e-15,2.7432760314949385e-13,4.6329180832190525e-15,1.3467326714726851e-14,-1.2728710329266552e-14,-1.9381721577682277e-14,-3.770746572370009e-15,-2.6881377831379378e-14,-3.770746572370009e-15,8.285936696916828e-14,2.7432807398333465e-13,2.855758873255923e-11,-8.14729306814193e-10,8.158386205258537e-14,8.272695420454975e-14,-1.0072349779527325e-14,3.329013124623894e-14,8.492353817285812e-14,8.158442972888334e-14,1.1157301804254004e-09,1.3467326714726851e-14,-5.634598477123955e-15,-4.2699658704940496e-15,5.803402408061319e-15,6.995837507007732e-14,1.524021331702822e-13,-1.3941643443891829e-14,1.2756947519474333e-14,8.064800073083292e-14,1.191078890192898e-13,9.420668284290076e-14,3.9153348008066114e-14,4.429945079426353e-13,2.0816829720085992e-14,5.87085407933132e-14,6.075763956617121e-14,4.961634824442522e-13,2.7432781162778596e-13
2.348269297412962e-09,1.2475519214941258e-09,-1.197671729383184e-12,4.2129814994779907e-14,-1.4932830322367007e-12,6.076969850805096e-13,3.2066685328363317e-13,8.282834626158223e-13,1.2475519214929048e-09,1.2302068481794437e-13,9.160784901225389e-14,-1.4932827717800285e-12,7.632443307323392e-14,1.3801363220428303e-13,-2.4573160330284454e-14,-9.476591208683901e-14,5.749332722112243e-15,-1.5525628134831538e-13,5.749332722112243e-15,6.702896155599166e-13,-1.4932830322367007e-12,1.5687193456439442e-13,8.158386205258537e-14,4.211248555125539e-10,6.865562982258602e-13,-4.508030617466739e-14,3.1217860969247857e-13,7.490354261777849e-13,1.247551921492704e-09,1.8170029826795472e-09,1.3801363184401553e-13,-1.2126530255089695e-14,1.122845119586868e-14,8.158456994720492e-14,5.941679380997471e-13,1.2533181045067072e-12,-7.071870205200351e-14,1.23020536211245e-13,6.864222535936398e-13,9.951326812901085e-13,8.158403590207123e-13,3.355448293229171e-13,-1.4376457430573967e-13,2.1561341438147688e-13,4.741022370551271e-13,4.82698176213359e-13,3.1082135196383366e-13,-1.4932825920434973e-12
1.7826033890923066e-09,6.865563882215239e-13,-1.6070729971310612e-12,7.521145670518306e-11,-1.9298945112171747e-12,6.61986919899602e-13,3.4269473627032593e-13,8.997178953696036e-13,6.865567915852044e-13,1.3018390799453895e-13,9.350609728500217e-14,-1.929894511349911e-12,7.63401730108577e-14,1.4492027810775463e-13,-3.99277527331414e-14,-1.1323300930746264e-13,1.508205766535597e-16,-1.7890436458289316e-13,1.508023628797372e-16,1.4453226182406565e-09,-1.929894750437386e-12,1.6345759236906e-13,8.272695420454975e-14,6.865562982258602e-13,6.481348058960683e-10,-5.5035451646106784e-14,3.316421316035426e-13,8.019331386035907e-13,6.865562981912617e-13,1.315521978510492e-09,1.4492027810775463e-13,-1.877726988007686e-14,4.499153378052332e-15,8.272730873377273e-14,6.394736069739169e-13,1.3556712032245686e-12,-1.6657253202917982e-10,1.3018404523993867e-13,1.4688507394830898e-09,2.1344488698824584e-09,8.757169919093866e-13,3.6082708165545645e-13,-4.663539880907056e-13,2.2600584961789902e-13,1.0224638348621365e-09,5.252077919575279e-13,4.320200684116807e-11,-1.9298948797766558e-12
1.6689698520127497e-09,-4.507984521397538e-14,6.50982158693249e-13,-8.373306248094083e-15,6.717099060054675e-13,-4.528163870071048e-14,-2.8143864706639213e-14,-6.351216575549588e-14,-4.508030617466739e-14,-1.1658395919090102e-14,-1.0920174918449873e-14,6.717094454612258e-13,-1.0135561278024737e-14,-1.384814861853475e-14,-6.580330601666747e-15,5.927062821564791e-16,-4.360802310736045e-15,5.267270367799894e-15,-4.360802310736045e-15,-5.1855748396633446e-14,6.717098022285565e-13,-1.6588207062903188e-14,-1.0072349779527325e-14,-4.508030617466739e-14,-5.5035451646106784e-14,-8.271142274400676e-10,-2.889978932295141e-14,-6.471459373822945e-14,-4.507984521397538e-14,9.50334070418292e-10,-1.3847652524883905e-14,-2.6675027395319637e-15,-5.818163139211415e-15,-1.0071891497350573e-14,-4.8904204387152396e-14,-9.907480608554412e-14,9.300188604932117e-16,-1.1658395919090102e-14,-1.1306107217870876e-10,-8.037419439501979e-14,-6.89528266364231e-14,-2.7982724950434206e-14,5.700441580747867e-13,-2.1833054263034466e-14,-3.654309904921801e-14,-3.637761214443008e-14,5.325376453950864e-13,6.717099060054675e-13
1.846221388811892e-09,3.121782953877809e-13,-3.858408330545908e-13,1.1778850101639842e-14,-5.323656095707558e-13,5.948294246976314e-10,1.5059726391601054e-13,8.053804963407178e-10,3.121782510030994e-13,5.6230680912744286e-14,3.80820796976333e-14,-5.323656040056527e-13,2.997762294374584e-14,6.188500812825776e-14,-2.6735110603535483e-14,-1.1491167101524263e-10,-8.054016444327385e-12,-8.737930256980143e-14,-8.054016444413522e-12,3.268396775902525e-13,-5.323656095707558e-13,6.899695708463587e-14,3.329013124623894e-14,3.1217860969247857e-13,3.316421316035426e-13,-2.889978932295141e-14,-5.391638654756891e-10,3.537271105357152e-13,3.1217839738505694e-13,1.2326668171133855e-09,6.188500812825776e-14,-1.2265242901187656e-14,-3.1540949585300076e-15,3.329013124623894e-14,2.840710676721684e-13,6.070157676435771e-13,-4.244285535369103e-14,5.6230439858425084e-14,3.285736878332688e-13,9.525119197973012e-10,3.877735049697345e-13,1.60030416378771e-13,1.2542952859662826e-13,9.63691116224696e-14,2.311962059189699e-13,2.3697236662153807e-13,3.416545557464714e-13,-5.323657220150763e-13
1.5743731729855604e-09,7.490354260396126e-13,-1.849820211602034e-12,3.45343583535776e-14,-2.2017512099600683e-12,7.199889328812397e-13,3.672682316183118e-13,9.764056879245184e-13,7.490354260396126e-13,1.3845173299906035e-13,9.653131498255758e-14,-2.2017512099600683e-12,7.743014287872144e-14,1.5315360017374871e-13,-1.0787016594544919e-10,-1.3137675902069966e-13,-4.850277964969235e-15,-2.0261407538887986e-13,-4.85012243155172e-15,7.883628628309057e-13,-2.2017512099600683e-12,1.716552764184633e-13,8.492353817285812e-14,7.490354261777849e-13,8.019331386035907e-13,-6.471459373822945e-14,3.537271105357152e-13,8.842030679852989e-10,7.490350508298823e-13,1.1788350719465963e-09,1.5315335703606814e-13,-2.4986046142998742e-14,-1.4565361634063912e-15,8.492380387383464e-14,1.3698937397486366e-09,2.9152430597170707e-09,-9.668845578322269e-14,1.3845165814053704e-13,7.964911460932525e-13,1.1595980119986588e-12,1.8719190871055273e-09,3.885921909284381e-13,-1.2218516314440943e-09,4.740459954317077e-10,5.578032712208218e-13,5.707224298317496e-13,-1.7781943034724844e-10,-2.2017509400235593e-12
2.3482669596030504e-09,1.247551921494068e-09,-1.1976708534136544e-12,4.2129814994779907e-14,-1.4932822789849906e-12,6.076969850805096e-13,3.206668548379467e-13,8.282834761192677e-13,1.2475519214928403e-09,1.2302068481794437e-13,9.160784901225389e-14,-1.4932818298984755e-12,7.632443307323392e-14,1.3801340734264703e-13,-2.4573160330284454e-14,-9.476591213940776e-14,5.749332722112243e-15,-1.5525628134831538e-13,5.749338643034536e-15,6.702898895988639e-13,-1.4932818297095655e-12,1.5687175654031676e-13,8.158442972888334e-14,1.247551921492704e-09,6.865562981912617e-13,-4.507984521397538e-14,3.1217839738505694e-13,7.490350508298823e-13,4.211248555125539e-10,1.8170050382579417e-09,1.3801359965528593e-13,-1.2126683227663273e-14,1.1228257967617521e-14,8.158386199781286e-14,5.941675881550521e-13,1.2533184596796601e-12,-7.071869964983753e-14,1.2301982886683388e-13,6.864225327621139e-13,9.951324388599362e-13,8.158399777695652e-13,3.3554489384140285e-13,-1.4376388375442843e-13,2.1561305721241745e-13,4.741026583650791e-13,4.826989656416865e-13,3.10822252417821e-13,-1.493282278987703e-12
1.000000008426044,1.8169992501519897e-09,1.0000000074306763,1.0127372280076518e-09,1.000000005606907,1.4350019152609406e-09,1.1364096998309643e-09,1.9136122809008326e-09,1.8170025677551252e-09,1.089257574458577e-09,1.1296080878484471e-09,1.0000000056069078,1.0679675243884342e-09,1.128171966888779e-09,1.9133969770818485e-09,1.0785348054968963e-09,1.0891284076111168e-09,8.922240623484964e-10,1.0891240444059172e-09,1.206257782231118e-09,1.0000000056069047,1.2551661730911061e-09,1.1157301804254004e-09,1.8170029826795472e-09,1.315521978510492e-09,9.50334070418292e-10,1.2326668171133855e-09,1.1788350719465963e-09,1.8170050382579417e-09,1.0000000162415381,1.1281710760592089e-09,9.76706025333096e-10,1.0894887504563669e-09,1.1157300524837277e-09,1.9836439090503746e-09,3.657507949252127e-09,9.102718502682624e-10,1.0892551963566079e-09,1.3922786104623678e-09,3.1274309856312533e-09,2.6194985718040536e-09,9.901653483717753e-10,1.0000000124303903,3.099455423358814e-10,9.411248457629884e-10,1.324539369758823e-09,1.0000000143880075,1.0000000056069074
1.79584947576263e-09,1.3801340736502837e-13,1.2775688023295894e-13,3.608613174028416e-15,6.258893136974714e-14,1.3184820785607487e-13,6.507432126194536e-14,1.7792114331874968e-13,1.3801340736502837e-13,2.4031753457744788e-14,1.5542470095372185e-14,6.258925941787449e-14,1.186019383624897e-14,5.2040183917873875e-11,-1.4280107619191073e-14,-2.7414463542126022e-14,-2.9513393255085018e-15,-4.038281262354216e-14,-2.9513354036626693e-15,2.850701411128772e-10,6.258893136974714e-14,2.889717296561618e-14,1.3467326714726851e-14,1.3801363184401553e-13,1.4492027810775463e-13,-1.3847652524883905e-14,6.188500812825776e-14,1.5315335703606814e-13,1.3801359965528593e-13,1.1281710760592089e-09,-7.742326464868577e-10,-6.457042506699939e-15,-2.8728794719427987e-15,1.3467326565661058e-14,1.2386051653555156e-13,2.658144695052529e-13,-1.9983570531757456e-14,2.403102365747467e-14,1.429826627114798e-13,2.0930026984578733e-13,1.6839699027513173e-13,6.962331281513783e-14,3.5291101951066673e-13,4.070590415048338e-14,1.0152562015851918e-13,1.0428508472201709e-13,4.4732694162984726e-13,6.258925941787449e-14
1.686618812903804e-09,-1.2126541349792464e-14,5.526913109190153e-13,-5.96507785977642e-15,5.579333518335819e-13,-1.331815643169033e-14,-1.1121312907915234e-14,-1.987266700800752e-14,-1.2126541349792464e-14,-5.099254789294622e-15,-5.951671366500192e-15,5.579333518278473e-13,-5.958200835374811e-15,-6.457196095910441e-15,-7.565643996639791e-15,-4.155784380047888e-15,-3.916694909245528e-15,-2.67019009097579e-15,-3.916982142762593e-15,-1.6528486112082684e-14,5.579332454562182e-13,-8.153785808412635e-15,-5.634598477123955e-15,-1.2126530255089695e-14,-1.877726988007686e-14,-2.6675027395319637e-15,-1.2265242901187656e-14,-2.4986046142998742e-14,-1.2126683227663273e-14,9.76706025333096e-10,-6.457042506699939e-15,-8.325727815728852e-10,-5.047558434450881e-15,-5.634598558269863e-15,-1.7490307435966918e-14,-3.294664715187688e-14,-2.633581135360799e-15,-5.098124640478619e-15,-2.0554748808551888e-14,-2.780371307077243e-14,-2.5739282619229607e-14,-1.0226218620080532e-14,5.272323778451958e-13,-1.0279016415941172e-14,-1.1565055540853262e-14,-1.0974710243850604e-14,5.137539404309659e-13,5.579333518278473e-13
1.7866978212084483e-09,1.122845119586868e-14,5.40839463715569e-13,-1.293523016606746e-11,5.351569943227639e-13,8.615487867535013e-15,-1.2305731753385507e-15,9.375426952780522e-15,1.122845119586868e-14,-1.6494578291782968e-15,-4.2589787583153424e-15,5.351566501958723e-13,-4.951788367263137e-15,-2.8728794719428216e-15,-1.18141273338796e-14,-1.0133109889752647e-14,-5.281438379420843e-15,-1.0774817991296097e-14,-5.280628840813557e-15,6.908191356075621e-15,5.351568013889197e-13,-4.39776561720616e-15,-4.2699658704940496e-15,1.122845119586868e-14,4.499153378052332e-15,-5.818163139211415e-15,-3.1540949585300076e-15,-1.4565361634063912e-15,1.1228257967617521e-14,1.0894887504563669e-09,-2.8728794719427987e-15,-5.047558434450881e-15,-8.394424567454487e-10,-4.269811317988315e-15,2.010627294677313e-15,9.937422081362451e-15,-6.923550015124493e-15,-1.6494578291782968e-15,2.0147953173063117e-15,5.608134032775942e-15,4.69912234955424e-16,6.933574179083382e-16,1.0967315551836244e-09,-4.757339427370542e-15,5.029560937287613e-15,6.284407525054085e-15,5.529266415907069e-13,5.351568013889197e-13
1.7964946045660228e-09,8.158442964676354e-14,3.129746572045307e-13,-6.005723014828506e-16,2.7432784182304204e-13,7.708624735345024e-14,3.583901434253791e-14,2.0495941758715146e-10,8.158358198514034e-14,1.2757169829077194e-14,6.967345409566444e-15,2.743275238518913e-13,4.6335259166465524e-15,1.3467533488769984e-14,-1.2728710329266552e-14,-1.9381375317040342e-14,-3.771146435228045e-15,-2.6881213436143288e-14,-3.771294124292914e-15,8.285855218560961e-14,2.7432710013172437e-13,2.8557588732801747e-11,5.803402408061319e-15,8.158456994720492e-14,8.272730873377273e-14,-1.0071891497350573e-14,3.329013124623894e-14,8.492380387383464e-14,8.158386199781286e-14,1.1157300524837277e-09,1.3467326565661058e-14,-5.634598558269863e-15,-4.269811317988315e-15,-8.14729306814193e-10,6.995840624686495e-14,1.524021331702822e-13,-1.394197047573366e-14,1.2756947487185445e-14,8.064769127002333e-14,1.1910744033344203e-13,9.420631023020013e-14,3.915334785374979e-14,4.4299427340366537e-13,2.0816662076354038e-14,5.870897503747868e-14,6.075745420281763e-14,4.961634344834855e-13,2.7432784181202303e-13
2.425555818496227e-09,5.941679878609105e-13,-1.9091673795990323e-09,3.058687727623872e-14,-1.2407948031234711e-12,5.723016332120405e-13,2.944941796773826e-13,7.767226902531729e-13,5.941679380997471e-13,1.116693564552431e-13,7.921395500809472e-14,-1.2407945657790211e-12,6.420898343514207e-14,1.238605917761225e-13,-3.787318501572121e-14,-1.0048327323950902e-13,-1.3161004954260602e-15,-1.5711703266823357e-13,-1.3156119646546335e-15,6.277155612208331e-13,-1.2407948031234717e-12,1.3921721323052114e-13,6.995837507007732e-14,5.941679380997471e-13,6.394736069739169e-13,-4.8904204387152396e-14,2.840710676721684e-13,1.3698937397486366e-09,5.941675881550521e-13,1.9836439090503746e-09,1.2386051653555156e-13,-1.7490307435966918e-14,2.010627294677313e-15,6.995840624686495e-14,2.691833902574732e-10,2.324637970788457e-09,-7.401903261528162e-14,1.1166887630882573e-13,6.360448951133498e-13,9.254845016450629e-13,7.533349909012619e-13,3.1077921561969786e-13,5.238381207179607e-11,3.834890830658197e-10,4.443146455446223e-13,4.53952188327281e-13,8.893498792954859e-10,-1.240794565779022e-12
3.8390424430621905e-09,1.2533184596796601e-12,-4.5942615203435694e-09,7.073003103989061e-14,-2.9012054918387636e-12,1.2089890176150409e-12,1.2464466917129855e-09,1.6432647579237486e-12,1.2533184089254788e-12,2.3870753239009024e-13,1.7209406708001852e-13,-2.90120569813531e-12,1.4083226882292787e-13,2.658143789532553e-13,-7.02978692484894e-14,-2.0475582447660959e-13,1.6809836126628798e-15,-3.246572718178859e-13,1.6809802982989152e-15,1.3283752904490238e-12,-2.9012055233086573e-12,2.9992723065130444e-13,1.524021331702822e-13,1.2533181045067072e-12,1.3556712032245686e-12,-9.907480608554412e-14,6.070157676435771e-13,2.9152430597170707e-09,1.2533184596796601e-12,3.657507949252127e-09,2.658144695052529e-13,-3.294664715187688e-14,9.937422081362451e-15,1.524021331702822e-13,2.324637970788457e-09,4.097052155236377e-09,-1.5146732636161555e-13,2.3870799138663695e-13,1.3507427437399245e-12,1.9625213449139374e-12,3.182676860540544e-09,1.3117394600136337e-09,-4.4884956345902816e-10,8.236793477064524e-10,9.399224183082915e-13,9.59406638621371e-13,1.3262300162804258e-09,-2.90120569813531e-12
