1.000000002709979,1.5926597762905734e-07,1.596536579443672e-07,1.5916599597550034e-07,1.0000073222858359,1.0000073222858366,1.5927785459441276e-07,1.5905067126865366e-07,1.5894957938357142e-07,1.6006850537828272e-07,1.589463335775534e-07,1.0000073222858377,1.592654289453019e-07,1.0000073222858379,1.000005986880825,1.5985499060244502e-07,1.601978566608124e-07,1.5917232099749034e-07,1.0000073222858359,1.5937726904863894e-07,1.0000075206909884,1.5982305629930987e-07,1.598549889395378e-07,1.0000073222858374,1.5912253639201542e-07,1.0000069948222858,1.5916599598675335e-07,1.5961938534053114e-07,1.0000080139792349,1.0000073222858377,1.5919890856430995e-07,1.5894957966707504e-07,1.0000073959063387,1.0000073222858379,1.5998738903506586e-07,1.0000069199167667,1.0000073222858359,1.5997002819801618e-07,1.000007322285838,1.0000079089256513,1.0000073222858374,1.0000073222858379,1.5896337085547962e-07,1.0000073222858357,1.0000073222858388,1.593727089927123e-07,1.5928661874016535e-07,1.0000073222858334,1.0000062999032355,1.0000063589077643,1.5933680396886982e-07,1.0000062243076477,1.5994945151456489e-07,1.59286619653786e-07,1.5928661853414825e-07,1.5928661870462353e-07,1.0000059039798121,1.00000717575188,1.0000073222858366,1.0000073222858399,1.0000073222858334,1.0000073222858346,1.600679168299205e-07,1.595277658932028e-07,1.0000073222858357,1.599851689758029e-07,1.590941016389994e-07,1.0000073222858379,1.5928661856908259e-07,1.6024889333677146e-07,1.0000073222858359,1.0000061543032177,1.5933780795025633e-07,1.0000073222858374,1.0000077468478021,1.0000073222858363,1.0000073222858374,1.0000073222858374,1.5928661860298704e-07,1.000007031454942,1.593803190006878e-07,1.0000064545989644,1.5935684022489055e-07,1.5923291096907406e-07,1.000007322285837,1.000007669541801,1.5999678882196845e-07,1.596937450638533e-07,1.5949805429577223e-07,1.0000073222858403,1.5919545857462954e-07,1.6009884160514812e-07,1.0000073222858379,1.0000067253811655,1.0000073222858379,1.0000067678513076,1.0000068119518837,1.0000073222858368,1.5910099030438757e-07,1.0000080638630862,1.0000076500260904,1.5958305169322858e-07,1.0000073222858368,1.5907833516435485e-07,1.597668891273686e-07,1.0000073222858372,1.6020240668177588e-07,1.5894633352112978e-07,1.5918872884173288e-07,1.5928661826414596e-07,1.0000073222858374
1.5926597762905734e-07,-1.0841103779909688e-06,-8.307590511966316e-20,2.2964069064716127e-21,2.0198702699390082e-12,2.019870230631332e-12,1.0023314710591136e-19,-9.703135743539035e-20,-3.194264079612218e-20,9.876115046844525e-20,-9.228355657921252e-20,2.0198702505215383e-12,4.7865516332715954e-20,2.0198702499027224e-12,2.0198673786829757e-12,9.30469379950209e-20,-3.3152301871832993e-17,-1.6135253407191867e-20,2.0198702378091362e-12,-1.0362044371943564e-19,2.0198706788621438e-12,-3.835768637222745e-20,8.588351459753046e-20,2.0198702441330124e-12,6.531140350681394e-20,4.030281654676563e-09,1.753572455274239e-20,-6.40952324302744e-21,2.019871679707484e-12,2.019870229062994e-12,2.421748753272908e-20,-3.501337334323034e-20,2.0198703917011116e-12,2.0198702317049492e-12,-9.226764681434356e-20,4.030281355348501e-09,2.0198702574767197e-12,8.972353020704412e-20,2.0198702607601598e-12,2.019871461993138e-12,2.0198702347513767e-12,2.019870245009998e-12,-9.274961840369499e-21,2.0198702574767197e-12,2.019870230028885e-12,3.029194877627317e-20,-1.494472573431529e-20,2.019870253846432e-12,4.03027881517459e-09,4.0302790485732904e-09,-1.1613397272060306e-19,2.0198680205422603e-12,-2.329734836970723e-20,-2.6715370562898656e-20,1.915229649406005e-20,4.53135781259764e-21,2.019867329613726e-12,2.0198698889930936e-12,2.0198702561213135e-12,2.0198702441330124e-12,2.019870235400638e-12,2.019870231071091e-12,-7.164302619403716e-20,-3.906558547880171e-21,2.0198702514963315e-12,-1.7686978004683605e-19,-2.303469105888559e-20,2.0198702553804723e-12,-2.6715370562898656e-20,-1.9712436138004308e-17,2.0198702544911595e-12,2.019867812305838e-12,-9.222768219355207e-17,2.0198702411593247e-12,2.019871180802127e-12,2.0198702330319598e-12,2.0198702456775436e-12,2.019870245009998e-12,4.53135781259764e-21,2.0198696231237655e-12,3.0574085417078917e-20,4.03027943811701e-09,1.6291804469321533e-19,-1.6229037584455605e-20,2.019870227844965e-12,2.01987095003451e-12,-9.491130181933277e-21,-3.168591420718772e-20,-1.5458843022358616e-17,2.0198702514963315e-12,2.76029726284361e-20,8.323488972416465e-20,2.019870255362121e-12,2.0198690271638825e-12,2.0198702179559764e-12,2.0198691026566503e-12,4.03028090278313e-09,2.0198702553804723e-12,1.7617314955601333e-20,2.019871749958068e-12,2.0198709305117242e-12,1.0927702865343615e-19,2.0198702179559764e-12,6.675775155664712e-21,4.778541001704028e-20,2.0198702514963315e-12,5.705044231020431e-21,-9.228355657921252e-20,2.0131163934132812e-20,-7.280064568200257e-20,2.0198702347513767e-12
1.596536579443672e-07,-8.307590511966316e-20,-1.0841103779334652e-06,-1.0772861988822464e-20,2.214165486427185e-12,2.2141654908178803e-12,1.069641730460024e-19,5.483990799040067e-20,1.3844530245310738e-19,-2.0102538320364902e-20,6.994365077528592e-20,2.214165493371844e-12,-6.579190915360431e-20,2.214165503410205e-12,2.2141624885421035e-12,1.578964562039988e-19,-3.444601979677332e-20,3.5089275420652824e-20,2.2141655031843298e-12,-4.638722666729047e-18,2.214165908760525e-12,-3.3053577406149987e-21,8.320247651560684e-20,2.2141654838259924e-12,-2.955500995401243e-20,4.417962276715146e-09,4.743562243235012e-21,1.4904847410422975e-20,2.214167045020783e-12,2.214165487748429e-12,8.509276046956212e-21,1.3842791361554617e-19,2.2141656523659037e-12,2.214165507858835e-12,1.4587049156645117e-19,4.417961956199839e-09,2.214165505757291e-12,1.137379793668533e-19,2.2141655076036634e-12,2.214166810344648e-12,2.2141654904606118e-12,2.214165508025236e-12,3.7235808934010764e-20,2.2141655058791756e-12,2.214165505757291e-12,-5.87363218172963e-21,4.419005554250654e-21,2.214165490248824e-12,4.417959168663755e-09,4.417959417536614e-09,2.0194621357460044e-19,4.41795882662639e-09,1.3483317177710307e-21,6.320175001961684e-21,7.36019201264429e-21,4.061566889051445e-21,2.214162286426694e-12,4.417963088172099e-09,2.214165490157188e-12,2.2141655071587408e-12,2.2141654909685233e-12,2.2141655136206164e-12,-1.0623668622467866e-19,7.347754890056461e-22,2.214165499333066e-12,-2.513737601600694e-17,-3.905962661333278e-21,2.214165506935565e-12,2.0337540169350426e-21,-2.718373661513199e-18,2.2141654863970377e-12,4.417958507923439e-09,1.4531668703346934e-20,2.214165486427185e-12,4.417965652579989e-09,2.2141654865415807e-12,2.2141655100326926e-12,2.214165487764181e-12,1.5070542519299591e-21,2.214164772679584e-12,4.599557788190289e-21,4.417959856953429e-09,4.837670693693633e-20,-6.384570803330198e-17,2.2141655044371946e-12,4.417965308761451e-09,-1.2884698553053574e-20,-4.296082158515539e-20,-1.7513345296720546e-17,2.21416550376955e-12,-3.8665101308752984e-20,1.9777259084865296e-17,2.2141655138724767e-12,2.2141641443157626e-12,2.214165486816865e-12,2.214164240267473e-12,4.417961455377528e-09,2.214165503633917e-12,-2.5345013555577818e-20,2.214167149021674e-12,2.214166193093492e-12,9.774396091528621e-20,2.214165508037671e-12,2.912383520467061e-20,6.204385041466799e-20,2.2141655136206164e-12,-8.286233739280236e-20,9.746431282106099e-21,1.4161335843919484e-19,3.48088094635989e-21,2.214165489223035e-12
1.5916599597550034e-07,2.2964069064716127e-21,-1.0772861988822464e-20,-1.0841103778455858e-06,1.969761282028209e-12,1.9697612829984914e-12,1.9964241303606277e-19,-1.1171542058963389e-17,-1.4306294954222463e-18,6.47240404539747e-22,-5.1315358696156116e-20,1.969761280335447e-12,-2.224433050279281e-20,1.9697612730465554e-12,1.9697586166828632e-12,1.891917516205199e-20,-1.129825734006163e-21,-2.009250369006113e-20,1.9697612809925057e-12,-2.4078225414493214e-20,1.9697616756934036e-12,4.233397318597704e-18,2.2484592460575592e-20,1.9697612790318784e-12,-4.46800440022012e-18,1.9697606251011412e-12,-5.0473783200931264e-18,1.1443569920596132e-17,1.96976265376649e-12,1.9697612819476437e-12,-2.8552890008401076e-20,-1.4306269263260724e-18,1.9697614205991466e-12,1.9697612759146334e-12,2.8502408368212064e-18,1.969760600138915e-12,1.9697612709244874e-12,2.066453862271826e-20,1.9697612753515176e-12,1.969762451934273e-12,1.9697612833490508e-12,1.9697612771641006e-12,-5.610769547917148e-18,1.969761274346964e-12,1.969761275931553e-12,5.452920651031162e-21,7.59418901876114e-18,1.969761260444246e-12,3.930295613437211e-09,3.930295844826512e-09,4.574450686324515e-21,1.9697590982383514e-12,7.602536568323232e-21,7.594192813704844e-18,7.594193005368739e-18,7.594195023076388e-18,3.930294027930224e-09,1.96976098139588e-12,1.9697612812843777e-12,1.9697612825724433e-12,1.9697612819476437e-12,1.9697612851845694e-12,7.44521485711437e-21,8.963556593497985e-18,1.9697612806362146e-12,-1.9611726908264815e-21,-1.7619968054693584e-20,1.9697612807986312e-12,7.594191337498194e-18,7.510952946088357e-21,1.969761289668895e-12,1.9697589459097903e-12,-9.804945044866321e-21,1.9697612772314286e-12,1.9697621338500554e-12,1.9697612833490508e-12,1.969761274346964e-12,1.969761275931553e-12,7.59418741769052e-18,1.969760696000514e-12,8.23586442947636e-18,3.930296227365042e-09,-6.518908517553173e-20,1.0127902847593122e-20,1.969761277137072e-12,1.9697619582861233e-12,1.2850811792623643e-17,-3.816760284577804e-21,5.845797856316918e-20,1.9697612753515176e-12,5.934691872572662e-21,-3.9684521884668345e-20,1.969761272058377e-12,1.969760098087067e-12,1.9697612787610984e-12,1.9697601717835898e-12,1.969760262024195e-12,1.9697612807986312e-12,1.1962366773268567e-20,1.9697627642454394e-12,1.969761922559436e-12,1.3314438727686422e-20,1.96976127711217e-12,-1.0290148776085363e-18,3.7232155246576454e-21,1.969761275385545e-12,6.0003682840045725e-18,-3.508141453739034e-20,-7.679842372209202e-20,7.594187421065582e-18,1.969761272058377e-12
1.0000073222858359,2.0198702699390082e-12,2.214165486427185e-12,1.969761282028209e-12,1.0000086520473555,1.000009736157728,2.0258218411480137e-12,1.9119640175657992e-12,1.8612993362489913e-12,2.4220765756504598e-12,1.859672041660323e-12,1.0000097361577271,2.019594810171086e-12,1.0000097361577287,1.0000084007492847,2.3150684359917206e-12,2.4869041867943134e-12,1.9729314703924047e-12,1.0000097361577285,2.0756464425035686e-12,1.0000099345633902,2.299064582389902e-12,2.3150680490157304e-12,1.0000097361577278,1.947980859748159e-12,1.0000094086933367,1.9697611864020027e-12,2.196989254483296e-12,1.0000104278529025,1.0000097361577287,1.986257167558902e-12,1.8612990694322413e-12,1.0000098097784185,1.0000097361577303,2.3814229589464105e-12,1.000009333787625,1.0000097361577256,2.3727222007251075e-12,1.0000097361577294,1.0000103227990476,1.0000097361577278,1.000009736157729,1.8682112925623705e-12,1.0000097361577267,1.0000097361577296,2.0733617459046213e-12,2.030214494612236e-12,1.0000097361577256,1.0000087137724996,1.0000087727771811,2.055366515587796e-12,1.0000086381767206,2.36241010661384e-12,2.0302146887492095e-12,2.030214485897048e-12,2.030213985710424e-12,1.0000083178480619,1.0000095896233947,1.0000097361577274,1.0000097361577311,1.0000097361577247,1.0000097361577267,2.4217809166645344e-12,2.1510721681957622e-12,1.0000097361577256,2.380310576234254e-12,1.9337299316325462e-12,1.0000097361577278,2.0302147078373198e-12,2.512482672832008e-12,1.0000097361577274,1.0000085681721076,2.0558699054938926e-12,1.000009736157728,1.0000101607207816,1.0000097361577287,1.0000097361577285,1.0000097361577296,2.030214529317018e-12,1.0000094453260862,2.0771752454729467e-12,1.0000088684686288,2.0654084158127308e-12,2.0032983198843035e-12,1.0000097361577296,1.0000100834145833,2.386134181340715e-12,2.234256638555097e-12,2.1361814852628112e-12,1.0000097361577316,1.984528001443711e-12,2.437280621938136e-12,1.0000097361577287,1.0000091392515258,1.0000097361577287,1.0000091817217736,1.0000092258224627,1.0000097361577278,1.9371831448799938e-12,1.0000104777368808,1.0000100638988239,2.1787801356419195e-12,1.0000097361577285,1.925828345361577e-12,2.2709142079482412e-12,1.0000097361577287,2.489184764005996e-12,1.85967182987908e-12,1.981155039018419e-12,2.0302144719096034e-12,1.0000097361577271
1.0000073222858366,2.019870230631332e-12,2.2141654908178803e-12,1.9697612829984914e-12,1.000009736157728,1.0000086520473621,2.025821850975834e-12,1.9119640401976223e-12,1.861299318716006e-12,2.42207656320841e-12,1.8596720478750904e-12,1.0000097361577296,2.0195948311652015e-12,1.0000097361577296,1.0000084007492867,2.3150684357103116e-12,2.486904178723373e-12,1.972931484187392e-12,1.0000097361577307,2.0756464503720038e-12,1.000009934563392,2.2990645842320686e-12,2.3150680506884144e-12,1.0000097361577307,1.9479808525207154e-12,1.0000094086933393,1.9697611832204977e-12,2.196989254525292e-12,1.0000104278529045,1.0000097361577296,1.9862571688652126e-12,1.8612990694322413e-12,1.0000098097784218,1.0000097361577318,2.3814229517627322e-12,1.0000093337876268,1.0000097361577296,2.3727221856384483e-12,1.0000097361577318,1.0000103227990504,1.0000097361577298,1.0000097361577303,1.8682113012665667e-12,1.0000097361577296,1.0000097361577316,2.073361742935478e-12,2.0302144930513584e-12,1.0000097361577278,1.0000087137725027,1.0000087727771823,2.0553665165114232e-12,1.000008638176721,2.362410116082157e-12,2.0302146832525842e-12,2.030214488092044e-12,2.0302139895376867e-12,1.000008317848064,1.0000095896233965,1.0000097361577296,1.0000097361577334,1.0000097361577276,1.0000097361577298,2.421780903519281e-12,2.1510721714328576e-12,1.0000097361577287,2.380310569321569e-12,1.9337299209421803e-12,1.000009736157731,2.030214721939778e-12,2.5124826679119965e-12,1.0000097361577296,1.00000856817211,2.055869899329905e-12,1.0000097361577307,1.0000101607207852,1.00000973615773,1.0000097361577303,1.000009736157732,2.030214551160049e-12,1.0000094453260884,2.0771752395352374e-12,1.000008868468631,2.0654084029602594e-12,2.0032983198843035e-12,1.0000097361577305,1.0000100834145862,2.38613418386905e-12,2.2342566379254934e-12,2.1361814876466722e-12,1.0000097361577331,1.9845280152829776e-12,2.437280626608403e-12,1.0000097361577298,1.0000091392515262,1.00000973615773,1.0000091817217758,1.0000092258224644,1.0000097361577298,1.9371831329844144e-12,1.0000104777368841,1.000010063898825,2.178780134592114e-12,1.0000097361577307,1.9258283423513197e-12,2.2709142066088787e-12,1.0000097361577298,2.4891847462659844e-12,1.8596718306664087e-12,1.98115503051985e-12,2.0302144674416015e-12,1.0000097361577307
1.5927785459441276e-07,1.0023314710591136e-19,1.069641730460024e-19,1.9964241303606277e-19,2.0258218411480137e-12,2.025821850975834e-12,-1.0841103779919016e-06,-3.34524974717667e-19,-8.036326813696818e-20,1.2641833716414833e-19,-2.295658430564535e-20,2.0258218444010424e-12,-7.135608469098293e-20,2.0258218450491162e-12,2.0258190966850667e-12,-5.355157371601051e-21,2.6104007706540973e-20,2.775843383242926e-20,2.0258218471915108e-12,-2.1070256685464848e-20,2.0258222514076575e-12,-1.4158091508086908e-18,8.515904581233345e-20,2.025821840553148e-12,4.2210926357835566e-20,2.0258211546762816e-12,-5.429904436452313e-20,-1.4973114322986447e-17,2.0258232924130015e-12,2.025821845905946e-12,1.0813969240325973e-20,-2.050204198888495e-20,2.0258219572911446e-12,2.0258218418329435e-12,-1.4294603623975178e-17,4.042156645387719e-09,2.0258218511560558e-12,7.341032286151085e-20,2.0258218447430804e-12,2.025823056766211e-12,2.0258218385083685e-12,2.025821849635743e-12,-2.638462458812254e-20,2.025821848704113e-12,2.02582184640167e-12,-2.2781433221986633e-21,4.198674990664785e-19,2.0258218430363487e-12,4.042154127301405e-09,4.042154376984215e-09,1.415460693733072e-19,2.0258195802724816e-12,-3.4608737317742867e-20,4.198714201735136e-19,4.1987165004435727e-19,4.198738265178097e-19,4.042152520974528e-09,2.0258215441655434e-12,2.025821855160495e-12,2.0258218476313604e-12,2.0258218410256063e-12,2.0258218506010802e-12,-3.4044421724996234e-20,-4.6705789215835805e-18,2.0258218417772736e-12,-1.796315995286915e-17,-7.833602188731464e-17,2.0258218484365505e-12,4.1986988424591815e-19,5.969654576336893e-20,2.0258218481121313e-12,2.0258194515692622e-12,-2.3614534050492052e-17,2.0258218511560558e-12,2.0258226542264093e-12,2.0258218444389853e-12,2.025821848704113e-12,2.0258218473480277e-12,4.198658271584453e-19,2.025821269564292e-12,-1.9637640574867948e-19,4.0421547682088885e-09,5.10263999825373e-21,1.2133732401926632e-21,2.0258218415612106e-12,2.0258225609102253e-12,1.2832482480303837e-17,8.96676551493297e-20,2.113560661380501e-19,2.025821843293708e-12,1.100663531938072e-19,-1.762000324918475e-20,2.0258218415612106e-12,2.0258206194142835e-12,2.0258218526354546e-12,2.0258207159870715e-12,4.04215624016653e-09,2.0258218432948515e-12,-7.775405158907691e-17,2.0258233604846656e-12,2.0258225153697906e-12,-1.029396299814205e-20,2.025821842055316e-12,3.716860688300021e-20,1.520463754082359e-20,2.025821850318297e-12,1.5065117408823187e-17,-1.954601522026276e-20,3.788021837498029e-20,4.198658388808052e-19,2.025821852471256e-12
1.5905067126865366e-07,-9.703135743539035e-20,5.483990799040067e-20,-1.1171542058963389e-17,1.9119640175657992e-12,1.9119640401976223e-12,-3.34524974717667e-19,-1.084110377987551e-06,2.288100017990408e-19,3.9407416177634704e-20,4.095735636774647e-20,1.9119640330155556e-12,1.0863941879039763e-19,1.9119640312307826e-12,1.9119614264940424e-12,-5.844171336773702e-20,8.318423361655266e-21,3.3021914461906854e-20,1.911964028793242e-12,6.773253815224656e-20,1.9119643910290045e-12,-2.2197131715811047e-17,-3.237032208559952e-20,1.9119640158207704e-12,-6.079807459161415e-17,1.9119633866109466e-12,-1.1171541690103903e-17,-1.4204575340090272e-17,1.9119654021226474e-12,1.9119640258749404e-12,3.366054275472603e-20,1.237629510491333e-19,1.911964155913645e-12,1.9119640302335137e-12,-2.0021217739118386e-17,1.9119632464815712e-12,1.91196401362319e-12,7.014979449677511e-20,1.911964033103426e-12,1.9119651652308936e-12,1.9119640170709348e-12,1.9119640273562605e-12,-1.5748105643874237e-19,1.911964028793242e-12,1.911964028777945e-12,3.443911976908478e-20,8.596637147967885e-18,1.911964026006012e-12,3.814971807557002e-09,3.814972062422199e-09,2.1575449263373385e-20,1.9119618963661363e-12,2.6199933916530863e-21,8.596640888318078e-18,8.596641139488945e-18,8.596643300968026e-18,3.8149702921872165e-09,1.911963765766167e-12,1.9119640136860964e-12,1.911964020559821e-12,1.911964035847975e-12,1.911964028793242e-12,-7.428520012190241e-20,6.805519070797055e-18,1.9119640261770846e-12,-1.6705421534262932e-20,-5.756974900902591e-20,1.91196401362319e-12,8.596639410501013e-18,2.1759528455380625e-21,1.911964024516974e-12,1.9119617722485033e-12,1.5024215264853188e-19,1.9119640343985127e-12,1.911964857039179e-12,1.911964020966847e-12,1.911964028793242e-12,1.9119640343985127e-12,8.596635534114066e-18,1.9119634600449456e-12,8.837485987536005e-18,3.814972434541175e-09,7.388305629810725e-20,-1.0467063621829641e-20,1.911964014206996e-12,1.9119646934532844e-12,7.18661925053443e-18,-4.544538977055346e-21,1.1652142031052466e-20,1.911964031230887e-12,-7.117370593289698e-20,-2.5528163781180097e-20,1.911964031230887e-12,1.911962881539953e-12,1.9119640261770846e-12,1.911962945177954e-12,1.911963053550826e-12,1.911964011524542e-12,1.9861097520587352e-20,1.911965471961786e-12,1.911964651457044e-12,-1.2038509369011146e-20,1.9119640276181468e-12,-1.6910360401891516e-19,-2.7824115912284687e-20,1.9119640295025878e-12,-2.0115790185280695e-17,7.671709890535766e-20,1.2793262937109362e-20,8.596635557813326e-18,1.911964014918391e-12
1.5894957938357142e-07,-3.194264079612218e-20,1.3844530245310738e-19,-1.4306294954222463e-18,1.8612993362489913e-12,1.861299318716006e-12,-8.036326813696818e-20,2.288100017990408e-19,-1.0841103779279184e-06,1.8526449306230144e-20,-1.0888096708245733e-22,1.8612993567769476e-12,1.9124196960716545e-20,1.861299356587942e-12,1.861296822813108e-12,1.2166105105774967e-19,6.563817302270923e-21,1.2100661381038883e-19,1.861299304086445e-12,1.5747820770569202e-19,1.861299691355535e-12,8.155533129241751e-20,1.6630765992162448e-19,1.8612993308873067e-12,-4.514521028521074e-17,1.8612987078913134e-12,-1.4306291280782935e-18,1.4225408107173092e-19,1.861300636840586e-12,1.861299335535948e-12,4.93072716025699e-20,-1.0588509887592058e-16,1.8612994675887334e-12,1.861299336938807e-12,3.404205220432122e-20,1.8612985761234528e-12,1.8612993278684158e-12,-3.517570260561261e-20,1.8612993222918856e-12,1.8613004362202034e-12,1.861299318716006e-12,1.861299313532765e-12,1.6979064977455239e-19,1.8612993289628977e-12,1.861299326554642e-12,-5.157592521884357e-20,6.248190252875189e-18,1.861299346374093e-12,1.861297421285198e-12,3.71388002077908e-09,9.903832550146327e-20,1.861297275982955e-12,3.801579088041588e-21,6.248193911222803e-18,6.248194169134048e-18,6.248196315474264e-18,3.713878306396365e-09,1.8612990563099825e-12,1.8612993151525143e-12,1.861299318716006e-12,1.8612993483804294e-12,1.861299304086445e-12,-4.3216490410490347e-20,1.0254495560743638e-17,1.8612993349022193e-12,3.872294725735383e-20,-1.306152193449861e-19,1.8612993222918856e-12,6.248192460769914e-18,3.298875644150828e-20,1.861299353120907e-12,1.8612971327162406e-12,-4.528526269843222e-21,1.861299313532765e-12,1.861300133494033e-12,1.86129932941254e-12,1.8612993215645523e-12,1.8612993155713076e-12,6.248188666989851e-18,1.861298789235554e-12,6.6778396621728655e-18,3.7138803816238193e-09,-8.716522360182064e-21,1.1924763027992711e-20,1.861299318716006e-12,1.8612999998901095e-12,1.0449189011427278e-17,-9.753356999615069e-20,3.7310261205485844e-20,1.861299326554642e-12,1.540950894677311e-19,2.858258747434774e-20,1.861299313532765e-12,1.86129821283274e-12,1.8612993065329175e-12,1.8612982892166162e-12,1.8612984055583512e-12,1.8612993151525143e-12,-9.265679026472213e-20,1.861300736931758e-12,1.861299950289113e-12,-3.63417358813842e-20,1.8612993204835302e-12,-4.566662930475924e-17,-5.961021264203382e-20,1.8612993492454846e-12,4.6185749976558704e-20,-1.2038733622550567e-20,4.833411075032482e-20,6.248188695315675e-18,1.8612993278684158e-12
1.6006850537828272e-07,9.876115046844525e-20,-2.0102538320364902e-20,6.47240404539747e-22,2.4220765756504598e-12,2.42207656320841e-12,1.2641833716414833e-19,3.9407416177634704e-20,1.8526449306230144e-20,-1.0841103789427996e-06,-1.5244821475728177e-19,2.4220765775742408e-12,1.48263535567245e-20,2.422076566977678e-12,2.4220732826996797e-12,1.1901575205797677e-19,-5.699035658047172e-18,-9.195498921670431e-18,2.42207656002052e-12,-3.4739748444938115e-17,2.4220770608176108e-12,-9.145454532957334e-20,1.2157048101129379e-20,2.4220765775742408e-12,2.442618595752148e-20,4.832810778704086e-09,6.6862321289420385e-21,-1.6213991189837028e-20,4.832815766500746e-09,2.4220765628213105e-12,-2.5642007657091007e-17,4.955585149748953e-20,4.832812753109617e-09,2.4220765736881244e-12,2.2459857339976726e-20,4.832810416481906e-09,2.422076566977678e-12,2.475291644609379e-20,2.4220765663462026e-12,4.832815250945735e-09,2.422076566977678e-12,2.4220765696593053e-12,-1.2969645622465122e-20,2.4220765756504598e-12,2.42207656320841e-12,-3.4392489484974656e-18,3.7653882606404855e-21,2.4220765628213105e-12,4.832807372425896e-09,4.832807657803652e-09,1.4614641804578202e-19,2.4220738559255643e-12,3.21184229781176e-20,4.1600577446543515e-21,2.4478445924350393e-21,4.351539703235928e-21,4.832805430901329e-09,4.832811659323493e-09,2.422076559780382e-12,2.422076563357416e-12,2.4220765756504598e-12,2.422076566828474e-12,5.945293286553344e-20,-2.491694903735253e-20,2.4220765663462026e-12,3.18451375812879e-17,-1.4537821152704204e-20,2.422076570608718e-12,3.763280668562688e-21,-5.9413971718616125e-18,2.422076562501921e-12,2.422073666862023e-12,4.104242461024925e-20,2.422076578297003e-12,2.4220776387498206e-12,2.422076573626943e-12,2.4220765628213105e-12,2.4220765628213105e-12,3.979730856512524e-21,2.422075842051755e-12,1.9658935915984506e-20,4.832808127537045e-09,2.6554525615812697e-20,4.9985848122953094e-21,2.4220765628213105e-12,2.4220773993540497e-12,4.325394176834893e-21,7.282963257880182e-20,9.457484494549618e-20,2.422076562435022e-12,-5.59550031566469e-20,-1.3825935725591145e-20,2.4220765621160074e-12,4.832809450258164e-09,2.422076558804313e-12,4.832809658051618e-09,4.832809870441484e-09,2.422076566977678e-12,1.5628998442501852e-20,4.832816009934542e-09,2.4220773701172516e-12,8.74799000135533e-18,2.4220765658901704e-12,2.4094250610466816e-20,-6.272457749140232e-18,2.422076575759697e-12,2.6808469278198046e-17,5.270885391390091e-20,-2.7951293590986236e-17,3.2502949899814143e-21,2.4220765665729902e-12
1.589463335775534e-07,-9.228355657921252e-20,6.994365077528592e-20,-5.1315358696156116e-20,1.859672041660323e-12,1.8596720478750904e-12,-2.295658430564535e-20,4.095735636774647e-20,-1.0888096708245733e-22,-1.5244821475728177e-19,-1.0841103779443252e-06,1.8596720221068957e-12,1.1998210602647365e-20,1.8596720460842218e-12,1.8596695273153064e-12,2.1187895646828353e-20,-1.0415597292108944e-17,-3.828897621617229e-17,1.8596720362917345e-12,6.063520264356405e-20,1.8596724467184207e-12,8.420877850147847e-21,-2.4607402089133935e-20,1.8596720329633783e-12,-2.4481397426706273e-20,1.8596714618853704e-12,-5.477359491508087e-20,-6.099524233524462e-20,1.8596733784126744e-12,1.859672046237562e-12,-5.763875628518347e-20,-1.809354247418039e-20,1.859672209095601e-12,1.8596720460842218e-12,-3.7704679611244937e-20,1.8596712634848133e-12,1.859672042967678e-12,-6.569229416338298e-20,1.8596720380691857e-12,1.8596731260991454e-12,1.8596720394392953e-12,1.8596720292113492e-12,3.1281307504672215e-20,1.8596720460842218e-12,1.859672041363607e-12,-2.710605651513475e-17,-5.8289411616978324e-21,1.859672052355287e-12,1.8596701379812018e-12,3.7106330964727424e-09,2.192080456193031e-19,1.8596700070743522e-12,3.735584585340543e-20,1.4244829110484584e-22,6.3297327235689776e-21,3.7442274164958535e-20,1.859669356485194e-12,1.859671780738625e-12,1.859672038023788e-12,1.8596720431810254e-12,1.8596720494921126e-12,1.8596720491534084e-12,4.883214682080517e-20,3.3189800644856354e-20,1.8596720431810254e-12,4.009724323703993e-19,-3.802971060631739e-20,1.8596720478554756e-12,-6.882055668568134e-21,7.6109104791800985e-19,1.859672043474936e-12,1.859669865197203e-12,-5.1747284648928526e-20,1.859672048175842e-12,1.8596728641990754e-12,1.859672046237562e-12,1.8596720478750904e-12,1.8596720380691857e-12,-6.88260574583243e-21,1.8596715215606234e-12,-2.903371770366139e-20,3.7106334551952293e-09,-6.263949391954437e-20,2.1708158729621518e-20,1.8596720478554756e-12,1.8596727077549804e-12,-1.405195279357666e-21,1.2351957469119424e-19,1.1946367799993284e-20,1.859672042411773e-12,-4.779245098170795e-21,1.2057120004164962e-19,1.859672042411773e-12,1.8596709427040614e-12,1.8596720431810254e-12,1.859671018603838e-12,1.8596711023648994e-12,1.859672043474936e-12,1.5742196906427427e-19,1.859673453673705e-12,1.8596726543477883e-12,8.213542528846313e-20,1.8596720494844555e-12,-3.680265072495074e-20,-2.6974615223278132e-17,1.8596720431810254e-12,1.0157657661690032e-19,-1.2891417500325146e-16,3.98682690462077e-19,2.3060014745516473e-20,1.859672035683199e-12
1.0000073222858377,2.0198702505215383e-12,2.214165493371844e-12,1.969761280335447e-12,1.0000097361577271,1.0000097361577296,2.0258218444010424e-12,1.9119640330155556e-12,1.8612993567769476e-12,2.4220765775742408e-12,1.8596720221068957e-12,1.0000086520473601,2.0195948160015e-12,1.0000097361577296,1.0000084007492847,2.3150684390986797e-12,2.4869041848991844e-12,1.9729314851361737e-12,1.0000097361577287,2.0756464494714295e-12,1.000009934563392,2.299064593882075e-12,2.315068049578619e-12,1.0000097361577296,1.9479808608216566e-12,1.0000094086933375,1.96976117871555e-12,2.196989254513164e-12,1.0000104278529036,1.0000097361577296,1.9862571641373386e-12,1.861299089442754e-12,1.0000098097784214,1.0000097361577311,2.3814229536875492e-12,1.0000093337876264,1.0000097361577278,2.3727222012067346e-12,1.0000097361577314,1.0000103227990496,1.0000097361577287,1.0000097361577296,1.868211290055086e-12,1.0000097361577287,1.0000097361577303,2.0733617496074896e-12,2.030214494867197e-12,1.000009736157726,1.0000087137725016,1.0000087727771818,2.05536650840495e-12,1.0000086381767204,2.3624101108917435e-12,2.0302146795813135e-12,2.030214488543395e-12,2.0302140046744675e-12,1.0000083178480619,1.0000095896233958,1.000009736157728,1.000009736157732,1.0000097361577267,1.0000097361577285,2.421780912047876e-12,2.151072174483748e-12,1.000009736157728,2.380310568110907e-12,1.933729947740112e-12,1.0000097361577307,2.030214699043443e-12,2.5124826655752864e-12,1.0000097361577287,1.0000085681721078,2.0558699058879247e-12,1.000009736157729,1.0000101607207832,1.000009736157729,1.000009736157731,1.0000097361577316,2.030214533913379e-12,1.0000094453260875,2.0771752325222443e-12,1.0000088684686297,2.065408410101243e-12,2.003298329323832e-12,1.000009736157729,1.0000100834145844,2.38613418386905e-12,2.2342566451535778e-12,2.1361814850314462e-12,1.000009736157732,1.9845280216045366e-12,2.4372806360338852e-12,1.0000097361577298,1.000009139251526,1.0000097361577296,1.0000091817217736,1.0000092258224638,1.0000097361577294,1.937183154069377e-12,1.0000104777368821,1.0000100638988239,2.1787801342279774e-12,1.000009736157728,1.9258283534387606e-12,2.2709142076963785e-12,1.0000097361577298,2.489184760167932e-12,1.8596718398115273e-12,1.9811550392126992e-12,2.0302144691593785e-12,1.000009736157729
1.592654289453019e-07,4.7865516332715954e-20,-6.579190915360431e-20,-2.224433050279281e-20,2.019594810171086e-12,2.0195948311652015e-12,-7.135608469098293e-20,1.0863941879039763e-19,1.9124196960716545e-20,1.48263535567245e-20,1.1998210602647365e-20,2.0195948160015e-12,-1.084110377896225e-06,2.01959480192145e-12,2.0195920685773713e-12,2.36729019779502e-20,3.589409380258072e-20,7.415432809073657e-21,2.019594813525854e-12,-1.0015283369756356e-20,2.0195951945727998e-12,-2.2328540886433474e-20,3.0940874125311152e-21,2.0195948166880706e-12,3.694637088565401e-20,2.0195941335152774e-12,8.476066152737801e-21,-4.881799471508536e-21,2.0195962217060834e-12,2.0195948327901187e-12,-3.208928333964175e-20,5.942593353376195e-20,2.0195949585548965e-12,2.019594821200544e-12,3.8199552831412177e-20,2.0195939663728642e-12,2.0195948166880706e-12,1.3733222181732985e-19,2.0195948247040792e-12,2.019596034460977e-12,2.0195948117914057e-12,2.019594821200544e-12,-1.135459548717647e-20,2.019594811711827e-12,2.0195948275992416e-12,3.356570022052914e-20,3.3689998473805657e-20,2.019594821200544e-12,2.0195926819073873e-12,4.029729466582096e-09,-6.708271642600167e-17,2.019592563485661e-12,9.87170154151667e-22,3.042149898393194e-20,1.1544498796219684e-20,4.4312826542451966e-21,4.029727619000693e-09,4.029732803167823e-09,2.0195948325175647e-12,2.0195948327901187e-12,2.0195948311652015e-12,2.0195948105060785e-12,-1.7817012070269665e-17,6.3961934475661455e-21,2.0195948246112827e-12,-1.6845639717342666e-20,1.0893757648715073e-19,2.0195948188053577e-12,3.156925139758581e-20,3.7045978754104383e-20,2.019594811260643e-12,4.0297286365930036e-09,-1.5312886039001453e-20,2.0195948246112827e-12,2.0195956623656166e-12,2.0195948103220987e-12,2.0195948325175647e-12,2.0195948143928827e-12,1.751607287417399e-20,2.0195942395280852e-12,-1.7654665821664155e-20,4.029729856298183e-09,-6.40729948537722e-17,3.3871503943228095e-21,2.019594811711827e-12,2.019595521503222e-12,3.0312326782304196e-21,-6.900688782529948e-20,9.592188271635743e-20,2.0195948070851196e-12,-6.827550496321382e-17,2.5582750585070662e-20,2.0195948284853657e-12,2.019593580868058e-12,2.0195948161100293e-12,2.019593667591668e-12,4.029731318658774e-09,2.0195948143928827e-12,-1.9100933401029076e-20,2.0195963276950282e-12,2.0195954842855537e-12,-5.452966389458633e-21,2.01959482887476e-12,-5.997151137912279e-20,-4.394647198208996e-20,2.0195948188053577e-12,5.279136229162615e-20,-2.6883417842933532e-21,3.4207883967192923e-22,2.717484651481082e-20,2.0195948188053577e-12
1.0000073222858379,2.0198702499027224e-12,2.214165503410205e-12,1.9697612730465554e-12,1.0000097361577287,1.0000097361577296,2.0258218450491162e-12,1.9119640312307826e-12,1.861299356587942e-12,2.422076566977678e-12,1.8596720460842218e-12,1.0000097361577296,2.01959480192145e-12,1.0000086520473601,1.0000084007492862,2.315068440458753e-12,2.4869041927984313e-12,1.9729315107839567e-12,1.0000097361577294,2.0756464451161265e-12,1.0000099345633913,2.2990645831571515e-12,2.315068028991585e-12,1.000009736157731,1.9479808608216566e-12,1.000009408693339,1.969761170852928e-12,2.1969892543721026e-12,1.0000104278529045,1.0000097361577296,1.986257165302181e-12,1.8612990791125324e-12,1.000009809778423,1.00000973615773,2.3814229527817877e-12,1.0000093337876257,1.000009736157729,2.3727222012067346e-12,1.0000097361577303,1.0000103227990491,1.000009736157729,1.0000097361577296,1.8682113012656935e-12,1.000009736157729,1.0000097361577307,2.0733617489648604e-12,2.0302144985223306e-12,1.0000097361577287,1.0000087137725018,1.0000087727771825,2.0553665182202976e-12,1.000008638176721,2.362410100161847e-12,2.0302146964980335e-12,2.0302144883849256e-12,2.030213986591874e-12,1.000008317848063,1.0000095896233963,1.000009736157729,1.0000097361577331,1.0000097361577271,1.0000097361577298,2.4217809053027907e-12,2.151072171733149e-12,1.0000097361577287,2.380310565743621e-12,1.933729947907142e-12,1.0000097361577307,2.0302147069653014e-12,2.5124826622931763e-12,1.0000097361577296,1.0000085681721087,2.0558698988415123e-12,1.0000097361577311,1.0000101607207852,1.0000097361577305,1.0000097361577307,1.0000097361577316,2.0302145246711746e-12,1.000009445326089,2.0771752380325875e-12,1.0000088684686306,2.065408409640898e-12,2.003298306852863e-12,1.0000097361577296,1.0000100834145844,2.3861341858333664e-12,2.2342566471243348e-12,2.136181484890995e-12,1.000009736157734,1.984528013274994e-12,2.4372806209144506e-12,1.0000097361577305,1.0000091392515262,1.0000097361577305,1.0000091817217756,1.0000092258224635,1.0000097361577294,1.9371831251905046e-12,1.0000104777368835,1.0000100638988247,2.1787801338578715e-12,1.0000097361577296,1.925828347227471e-12,2.2709142062501796e-12,1.0000097361577303,2.48918473812581e-12,1.859671842039859e-12,1.981155018501341e-12,2.030214464765329e-12,1.0000097361577303
1.000005986880825,2.0198673786829757e-12,2.2141624885421035e-12,1.9697586166828632e-12,1.0000084007492847,1.0000084007492867,2.0258190966850667e-12,1.9119614264940424e-12,1.861296822813108e-12,2.4220732826996797e-12,1.8596695273153064e-12,1.0000084007492847,2.0195920685773713e-12,1.0000084007492862,1.0000059812322604,4.619290916264043e-09,2.486900793096209e-12,1.9729288272440036e-12,1.0000084007492858,2.0756436348138557e-12,1.000008599154683,2.2990614841830326e-12,4.619290133655491e-09,1.0000084007492858,1.947978221522458e-12,1.0000080732853331,1.9697585018898183e-12,2.1969862282852287e-12,1.000009092443538,1.0000084007492862,1.9862544833067053e-12,1.861296567321544e-12,1.0000084743698807,1.0000084007492873,2.3814197400699302e-12,1.0000079983797212,1.0000084007492835,4.734328341446475e-09,1.0000084007492878,1.0000089873898237,1.0000084007492858,1.0000084007492867,1.8682087607693813e-12,1.0000084007492838,1.0000084007492873,2.0733589325851373e-12,2.0302117476101184e-12,1.0000084007492838,1.000007378365425,1.000007437370025,2.0553637452574936e-12,1.000007302769743,4.713752460229861e-09,2.0302119447877e-12,2.030211746342738e-12,2.0302112502145706e-12,1.0000069824415136,1.0000082542151496,1.0000084007492853,1.0000084007492893,1.0000084007492824,1.000008400749285,4.832215930226379e-09,2.1510692571343605e-12,1.0000084007492838,2.3803073141420194e-12,1.933727284128315e-12,1.0000084007492858,2.030211963366006e-12,2.5124792756215226e-12,1.0000084007492855,1.000007232765226,2.0558670987527386e-12,1.0000084007492862,1.000008825311774,1.0000084007492858,1.0000084007492858,1.0000084007492875,2.0302118158541276e-12,1.0000081099180331,2.0771724330265417e-12,1.000007533061346,2.0654055445315712e-12,2.0032955925542836e-12,1.0000084007492858,1.0000087480056785,4.7610894682823384e-09,4.45804595687421e-09,2.1361786076934953e-12,1.0000084007492898,1.9845253274555474e-12,4.863142760504399e-09,1.0000084007492862,1.0000078038438813,1.0000084007492862,1.0000078463140727,1.0000078904147025,1.000008400749286,1.9371805116382296e-12,1.0000091423274489,1.0000087284899444,2.1787771736906455e-12,1.0000084007492858,1.92582573719187e-12,2.2709111354735552e-12,1.0000084007492858,2.489181355370872e-12,1.859669343935397e-12,1.9811522906867505e-12,2.0302117176676266e-12,1.0000084007492853
1.5985499060244502e-07,9.30469379950209e-20,1.578964562039988e-19,1.891917516205199e-20,2.3150684359917206e-12,2.3150684357103116e-12,-5.355157371601051e-21,-5.844171336773702e-20,1.2166105105774967e-19,1.1901575205797677e-19,2.1187895646828353e-20,2.3150684390986797e-12,2.36729019779502e-20,2.315068440458753e-12,4.619290916264043e-09,-1.0841103789456971e-06,-2.3333731533322856e-20,7.165450909845775e-21,2.3150684301216564e-12,1.2809090374831195e-19,2.3150688881308164e-12,-1.787620578963403e-22,-3.697951516435194e-17,2.3150684356288113e-12,2.2609307314464717e-21,2.3150676593814806e-12,1.2710799909475156e-20,-1.1726107740993412e-20,2.315070057543516e-12,2.3150684270915117e-12,3.0441727000902503e-20,-2.9700603151383134e-20,2.315068595098722e-12,2.315068428182102e-12,2.7255833243199263e-20,2.315067476614841e-12,2.315068438496636e-12,-2.944643155755666e-17,2.3150684282001506e-12,2.3150698065065248e-12,2.315068426350433e-12,2.315068435720377e-12,1.1014889330365608e-19,2.315068427158058e-12,2.315068428182102e-12,4.3250472392115113e-20,-8.056834660952372e-21,2.315068428182102e-12,4.619292384703253e-09,4.619292656969647e-09,2.3193047485294555e-20,4.619292030255374e-09,-3.208167351673334e-17,-3.733540371626903e-21,-1.6785013937164042e-20,-3.2452404285199564e-20,4.619290534342267e-09,4.619296482785392e-09,2.3150684356288113e-12,2.3150684299572672e-12,2.315068425420529e-12,2.3150684359917206e-12,-8.00492902628035e-18,1.6808148943407227e-20,2.315068431094359e-12,8.506313014887495e-22,1.188736164865885e-19,2.315068439036382e-12,1.9225469935771513e-20,1.136255271477469e-21,2.3150684443524208e-12,4.619291699850686e-09,7.693291793692087e-20,2.315068435720377e-12,2.3150695029801167e-12,2.3150684380349896e-12,2.3150684300917216e-12,2.3150684356288113e-12,3.7233423664154536e-20,4.61929582724227e-09,2.703924649273563e-20,4.619293103613678e-09,-3.066747863888799e-20,2.0463536788209175e-20,2.315068431912413e-12,2.31506927603906e-12,4.052417053900299e-17,-6.768665572626481e-17,1.0841697222015305e-19,2.315068438518518e-12,3.375669958833555e-20,-1.0666915616435559e-17,2.315068425420529e-12,4.619294375017009e-09,2.315068431912413e-12,4.619294576311021e-09,4.6192947845055915e-09,2.3150684422752887e-12,-5.861810631098092e-22,2.3150701909627867e-12,2.3150691949637275e-12,2.4688753993723925e-21,2.3150684281243254e-12,-1.657640365191909e-20,-3.1896376946779057e-20,2.3150684282001506e-12,1.022116874288469e-19,-7.724696030078672e-20,-5.37163606767685e-21,2.9988220158234036e-20,2.315068425420529e-12
