0.9999999999999999,3.830388122481442e-14,5.055122833511903e-15,2.6593137438442382e-15,4.630978859369499e-14,9.322511087019553e-15,1.5518652653298658e-14,0.9999999999994577,-3.270222423117652e-14,4.8896482249949026e-14,0.9999999999994559,0.9999999999994559,2.713188498077133e-14,0.9999999999994572,2.253002842366663e-14,0.9999999999994563,5.0008703129431286e-14,1.0216901751165975e-13,3.4448030578347607e-14,1.4008766846084207e-15,0.9999999999994568,7.354912696897249e-16,3.6714558581361617e-14,0.9999999999994535,2.6313019024576497e-14,8.77292056144366e-15,0.9999999999995587,1.400876243102071e-15,1.0260875408379819e-14,1.046085566330614e-13,2.663324652943254e-15,9.643337612260097e-15,1.0000000000014129,4.125322464555565e-14,3.420052077879195e-14,5.577812919022715e-14,1.046085564440112e-13,3.9011164578495325e-14,0.999999999999497,2.387045188917311e-14,9.694650314016253e-15,9.075603445455453e-14,5.438304409178116e-14,1.6812153661686808e-15,0.999999999999518,5.910813666731566e-14,-9.638283176143523e-16,9.234731736675078e-15,4.976853727117018e-14,-3.2701719197152965e-14,1.140804239050241e-14,1.4008766461497526e-15,1.1497169824387097e-14,4.308780592557587e-14,2.906783073902103e-14,1.5753371012759063e-14,-3.270222422655444e-14,8.495113641149723e-15,3.707962930202918e-14,6.912974132313913e-14,4.248487927258666e-14,1.1407775799857372e-14,2.565110958178535e-14,1.745257570279844e-14,6.827401958255778e-15,0.9999999999994527,9.166962327413072e-15,4.6867285906078993e-14,3.816466332024203e-14
3.830388122481442e-14,1.4115388529076286e-13,2.258820290443089e-19,2.4869603340393904e-19,2.79434209239312e-19,-1.3452421590747636e-19,-4.727241599064339e-19,-4.560920643900094e-17,-6.687107565710003e-19,-3.2118825080939823e-19,-4.54142491585752e-17,-4.560920643903338e-17,-2.589019973231387e-19,-4.572989233341985e-17,-3.022556581142632e-19,-4.560920643899548e-17,-2.0965608842831493e-19,-4.077378197521856e-19,-4.765981641324119e-20,-6.870634235707173e-19,-4.560920643899548e-17,-7.364139690193935e-19,-3.2170914970621323e-19,-4.5414249156279236e-17,-5.882921812723615e-19,-4.213631794405633e-19,-4.536890331459172e-17,-4.7030026559484e-19,-3.6459184774060856e-19,-3.2518332143280794e-19,2.486960307899004e-19,-2.3001865854092576e-19,-9.396140365284997e-14,-4.762180663337035e-19,-2.1915200284402127e-19,-6.369421917109612e-19,-2.374190883884052e-19,-6.409169750877286e-19,-4.548562075967627e-17,2.4913478255413547e-19,-2.251402684952126e-19,-5.139155635061615e-19,-7.95337339771409e-19,-7.066561775852378e-19,-4.543361118565441e-17,-2.0485213219241986e-19,-1.5684594044009973e-19,-3.021357361653298e-19,-7.094473575806531e-16,-1.9331582237857236e-19,-2.350697235150877e-19,-4.7030026559484e-19,-1.913828706469737e-19,-2.0965608842810765e-19,-2.437947086099174e-19,8.194068683498339e-20,-6.687107239318977e-19,-3.197022743882694e-19,-3.4476250676268055e-19,-6.32000226514677e-19,-8.785454663709707e-19,-2.350697235150877e-19,-4.44282543855185e-19,-1.8089610565612135e-19,-2.350697235150877e-19,-4.556520900895928e-17,-5.17231371013885e-19,-3.2118825080939823e-19,-7.734721417315995e-19
5.055122833511903e-15,2.258820290443089e-19,1.411728427314498e-13,-6.804941160304653e-16,-1.30609020415317e-19,-2.0163148394185006e-19,-3.5181779783783476e-19,-6.349125582348342e-17,-3.2907705305694205e-19,-3.211836565385273e-19,-6.384707850262179e-17,-6.386748157175004e-17,-6.443961817882864e-19,-6.349125582350952e-17,-5.528217086604419e-19,-6.384722927931409e-17,-3.6363745571451775e-19,-3.1408347879567332e-19,-5.862650236918425e-19,-5.018787908392207e-20,-6.392415897814646e-17,-4.913690861523795e-19,-2.8007762386057945e-19,-6.349125582350952e-17,-3.2716993072153844e-19,-4.2802737760086475e-19,-6.395449715074088e-17,-5.018787908392207e-20,1.082949413311201e-19,-2.7696722388460206e-20,-6.804941159814335e-16,-6.393299577028228e-19,-1.3041991734613593e-13,-2.870710552367474e-19,-2.5821646744073386e-19,-7.489313481064762e-19,-7.162654358761683e-20,-2.979561105316745e-19,-6.369630503938544e-17,-2.7437705696627127e-19,-2.0330332575484427e-19,-2.8671151840811998e-19,-4.366664191858373e-19,-3.012284674270639e-19,-6.370431745083563e-17,-3.942764839704457e-19,-2.682632844730768e-19,-2.6857625558264975e-19,2.486960307899019e-19,-3.290770276382906e-19,1.230747473739813e-19,-5.018787908392207e-20,-3.1007848131375715e-19,-3.6363745571451775e-19,-3.6761466771076935e-19,-1.7046809011133514e-19,-4.418561067091904e-19,-6.752347105810078e-16,-5.940136596430058e-19,-3.0957174419113793e-19,-5.505063347550346e-19,-4.467889175408537e-19,-3.1327884533713877e-19,-3.103009177647891e-19,1.2307474737398397e-19,-6.384707850262235e-17,-3.3692023624490592e-19,-3.211836575896582e-19,1.3548588381275573e-19
2.6593137438442382e-15,2.4869603340393904e-19,-6.804941160304653e-16,1.411728427314498e-13,-1.0959817653836945e-19,-2.016314839418491e-19,-3.6792787694058757e-19,-6.405047839539969e-17,-4.418561067091751e-19,-3.2118365653852603e-19,-6.400873882704352e-17,-6.400873880243032e-17,-6.443961817882864e-19,-6.413717754483206e-17,-4.0904390561863933e-19,-6.405047839539969e-17,-5.490662263350357e-19,-3.901199472524916e-19,-4.678607646984253e-19,-1.1646876323105399e-19,-6.40087388024075e-17,-4.91369131965154e-19,-8.362493995970732e-20,-6.40087388024075e-17,-3.2716993072153864e-19,-4.533006066360802e-19,-6.420418526990533e-17,-8.13559672182903e-20,1.082949413311201e-19,-7.162657547873105e-20,-6.804941160486824e-16,-6.393299424264713e-19,-1.3099153770285013e-13,-7.708336834561251e-19,-2.5821646743979834e-19,-7.489313481064762e-19,-7.162657547873105e-20,-2.979561105316745e-19,-6.420430853458654e-17,-2.7437704564511507e-19,-1.69196616042933e-19,-1.595873810363009e-19,-5.473525328186221e-19,-3.0122846742698873e-19,-6.410673814229335e-17,-3.942764839704438e-19,-5.961528069138905e-19,-2.685762555826501e-19,2.486960334024593e-19,-3.290770276382906e-19,-3.871145289141424e-19,-2.325173955509481e-19,-3.2955127861380704e-19,-3.6363745571451885e-19,-5.72730718003559e-19,-4.059665847825889e-19,-4.418561067091904e-19,-6.7523471064772e-16,-5.345953549382946e-19,-4.2208657653206645e-19,-5.099261748461828e-19,1.2307474737398397e-19,-3.1327884533700516e-19,-3.5560065292644203e-19,1.2307474737398115e-19,-6.409306661277568e-17,-3.3692023624490592e-19,-3.211836575896582e-19,1.3548588381275605e-19
4.630978859369499e-14,2.79434209239312e-19,-1.30609020415317e-19,-1.0959817653836945e-19,1.4108107044629654e-13,-1.9312568716074678e-19,-5.616444531440006e-20,-4.0619320399098667e-17,-1.267336953696292e-19,-4.735524724445528e-19,-4.067900415480468e-17,-4.061932039909882e-17,-6.998537101061251e-19,-4.0619320399098667e-17,-3.4080710652177207e-19,-4.0619320399098667e-17,-6.778271305001781e-19,-3.5103897147384445e-19,-3.0285888328797243e-19,-2.9035853795527497e-19,-4.0701608969628115e-17,-3.237141108433281e-19,-2.8925942964988127e-19,-4.0679004208628104e-17,-2.1538600172120036e-19,-1.6384804157066871e-19,-4.0871717561924014e-17,-2.903585379552756e-19,-4.2930990053104605e-19,-5.537257686993988e-19,-4.765599677560564e-19,-2.123214974853583e-19,-8.452182655974379e-14,-5.144188507357304e-19,-2.469302434418658e-19,-8.748856330367706e-20,-5.733637584509508e-19,-4.1525021661115364e-19,-4.0880528996231815e-17,-1.4260124233791306e-19,-2.309329380407706e-19,-6.551291668665637e-19,-6.225059812902769e-19,-4.0181953768511228e-19,-4.087688744042989e-17,-5.19878501948677e-19,-3.391060872563444e-19,-2.6633805020261523e-19,-3.0721010775437944e-19,-1.2673369536963013e-19,-4.6529768676149e-19,-2.9035842756513736e-19,-7.528407815352422e-19,-1.4264210152665732e-19,-5.558507987234406e-19,-1.9053979762413108e-19,-2.443979714456476e-19,-6.917627331670354e-16,-4.246852795922477e-19,-7.699565929522956e-19,-3.4871121023861014e-19,-4.652976859672916e-19,-1.6067094630624295e-19,-6.520385793214887e-16,-7.472714440159545e-19,-4.0601687393742483e-17,-1.5748209449197364e-19,-5.014000745969558e-19,-2.35473131668197e-19
9.322511087019553e-15,-1.3452421590747636e-19,-2.0163148394185006e-19,-2.016314839418491e-19,-1.9312568716074678e-19,1.4121758085954626e-13,-2.9786255309628844e-19,-6.06632185927638e-17,-3.7600932900596895e-19,-2.0891596729418968e-19,-6.044535834055252e-17,-6.044535831917243e-17,-3.459758519017693e-19,-6.044535834055252e-17,-2.4130690980058384e-19,-6.039636706820426e-17,-4.1809045562579873e-19,-9.525886692610462e-20,-3.822529083335941e-19,-1.3836420764568773e-19,-6.032532914631546e-17,-4.221486027717521e-19,-6.369899472623738e-20,-6.06632185927638e-17,-3.430762164695529e-19,-6.316201741552794e-16,-6.057526436443283e-17,-3.8997175480911045e-19,-5.726788395326689e-19,-1.9843533275570146e-19,-4.196901189753341e-19,-4.037661273493519e-19,-1.2354450709690072e-13,-3.9345666969523404e-19,-6.581322899231489e-16,-4.874761329121063e-19,-4.0390714628233354e-19,-2.1201445685298521e-19,-6.040871779257132e-17,-4.709167535661983e-19,-6.288712941808405e-16,-4.2598879391104085e-19,-1.2244410614226694e-19,-1.9130990292571267e-19,-6.01707551576135e-17,-6.298859415383763e-19,-3.034456244361138e-19,-6.31110044826707e-16,-1.345242159075559e-19,-3.6384595630052546e-19,-3.745860955737772e-19,-8.826562981094815e-20,-6.210086881320239e-16,-1.4178336126763261e-19,-4.1016027373115715e-19,-6.309889244263263e-16,-3.5272904764924214e-19,-6.664473582634085e-20,-2.9628083470045177e-19,-7.128589905147032e-19,-4.530247204746811e-19,-4.408095563211827e-19,-2.3529298659632907e-19,-6.147019755947138e-16,-3.7458609557377656e-19,-6.066321858573477e-17,-6.273115006930625e-16,-1.0222337622012802e-19,-2.8629182890067227e-19
1.5518652653298658e-14,-4.727241599064339e-19,-3.5181779783783476e-19,-3.6792787694058757e-19,-5.616444531440006e-20,-2.9786255309628844e-19,1.4121844906189976e-13,-5.598661314542889e-17,-3.26999049150082e-19,1.1713504051058743e-19,-5.575540779751908e-17,-5.57187383946156e-17,-2.794273609293069e-19,-5.598661314542889e-17,-6.269471378164703e-16,-5.571873832376921e-17,-8.350051535169817e-20,-7.780417446562999e-20,-1.7615486712578884e-19,-6.422285166592256e-16,-5.57187383946156e-17,-2.5459726532321254e-19,-2.5772074377581973e-19,-5.570350642379742e-17,-1.0109668258320306e-19,-4.363491284709886e-19,-5.578914826469644e-17,-6.42228516660343e-16,-4.424374530953035e-19,-3.3282623420242517e-19,-3.518178042926069e-19,-3.8608691127575444e-19,-1.139843550940749e-13,-4.2005268959539466e-19,-3.38473437119647e-19,-6.620753992515176e-16,-3.8913675756574715e-19,-1.6015234654258856e-19,-5.57226326451457e-17,-6.29393637935912e-16,-3.3978369232848547e-19,-4.1981313510074366e-19,-6.646563690403112e-16,-6.409246476260544e-16,-5.584977845928162e-17,-6.674368343034527e-16,-6.387589326359981e-16,-3.861721494311043e-19,-4.2703096494858597e-19,-2.2338138098832127e-19,-6.941620042990286e-19,-6.422285166567305e-16,-2.5880861197969875e-19,-8.350051535169817e-20,-4.135238672954261e-19,-2.177536473206456e-19,-3.9322327595826265e-19,-1.373330237161359e-19,-5.016859944090161e-19,-2.614841470616035e-19,-1.4090150288483334e-19,5.739881926750822e-21,-2.630222731978233e-19,-3.563996549951054e-19,5.739881926750822e-21,-5.577526698881185e-17,-2.1079395679850754e-19,-1.0933893780786015e-19,-3.270635983200433e-19
0.9999999999994577,-4.560920643900094e-17,-6.349125582348342e-17,-6.405047839539969e-17,-4.0619320399098667e-17,-6.06632185927638e-17,-5.598661314542889e-17,0.9999999999987085,-8.106189826123254e-17,-4.105020242819165e-17,0.9999999999985688,0.9999999999985687,-5.1322721107859e-17,0.9999999999985694,-5.301281585708677e-17,0.9999999999985688,-4.27158446736808e-17,-1.4395635730122227e-17,-4.788309477340594e-17,-6.45151348290451e-17,0.9999999999985687,-6.532426815695228e-17,-4.882634480052174e-17,0.9999999999985679,-5.122658521899669e-17,-5.942598992511218e-17,0.9999999999986676,-6.521429512906431e-17,-5.890178061774627e-17,-1.2883715855540847e-17,-6.348234396499833e-17,-5.921782438805741e-17,1.0000000000004095,-4.69514487936445e-17,-4.783141916125835e-17,-4.042387616239698e-17,-1.2952284411563561e-17,-4.527015331193951e-17,0.9999999999986059,-5.563741267955808e-17,-5.902545396471459e-17,-2.1409459257004606e-17,-3.938757722309482e-17,-6.316875743608723e-17,0.999999999998628,-3.950475366183569e-17,-6.444516149691725e-17,-5.817336779142341e-17,-4.4227122889044486e-17,-8.099908403908062e-17,-5.88497975640236e-17,-6.481309267996122e-17,-5.822926327346293e-17,-4.211608832685482e-17,-4.9905847757337356e-17,-5.869972213280588e-17,-8.111395928000334e-17,-6.040386876476342e-17,-4.7912108220397406e-17,-3.349306736354058e-17,-4.4310055268013855e-17,-5.92218541132258e-17,-5.332708583787782e-17,-5.506574415455043e-17,-5.903654609260938e-17,0.9999999999985688,-5.85721898934358e-17,-4.110172935962921e-17,-4.381941676687788e-17
-3.270222423117652e-14,-6.687107565710003e-19,-3.2907705305694205e-19,-4.418561067091751e-19,-1.267336953696292e-19,-3.7600932900596895e-19,-3.26999049150082e-19,-8.106189826123254e-17,1.412044012175701e-13,-3.6018228237886044e-19,-8.10491326753574e-17,-8.07977971088353e-17,-1.0041014716005191e-18,-8.07977972301223e-17,-3.4471068518504363e-19,-8.078440654665648e-17,-5.231305483010998e-19,-1.443762232795506e-18,-6.255045003477703e-16,-4.342008155286317e-19,-8.07977971088353e-17,-6.572987021646597e-16,-6.245278099785469e-16,-8.078440654665648e-17,-4.517448105960965e-19,-4.462261225464456e-19,-8.114951209630391e-17,-4.246920678283321e-19,-6.767855183010598e-19,-6.847395947321347e-19,-3.2907705305693853e-19,-7.325773002533603e-19,-1.6442420377958075e-13,-5.273563135488788e-19,-3.447188004836024e-19,-2.0055749578740121e-19,7.277580266638178e-19,-4.804239980885784e-19,-8.104417476305131e-17,-2.323766324697365e-19,-5.041110721004385e-19,-7.833025194715588e-16,-2.079726276772341e-20,-7.328973417695391e-19,-8.112185814230452e-17,-1.5121064623528505e-19,-7.369299564206905e-20,-9.285470360356059e-20,-6.687107239318977e-19,-6.4625984053843e-16,-3.4951785193485406e-19,-7.428469515184105e-19,-1.710705533931659e-19,-4.544244548632543e-19,-3.5646771507041104e-19,-6.285365982513711e-19,-6.462598405434024e-16,-5.481401971543385e-19,-6.038191116624156e-20,3.5989584325197686e-20,-4.524709360690533e-19,-3.4951785193485406e-19,-6.183583828047435e-16,-4.936651387383167e-19,-4.1574041683677643e-19,-8.078440654665648e-17,-3.7368979928400073e-19,-1.674463612794576e-19,-2.996698574471003e-19
4.8896482249949026e-14,-3.2118825080939823e-19,-3.211836565385273e-19,-3.2118365653852603e-19,-4.735524724445528e-19,-2.0891596729418968e-19,1.1713504051058743e-19,-4.105020242819165e-17,-3.6018228237886044e-19,1.4115716389868167e-13,-4.074771453740709e-17,-4.081072710409087e-17,-6.290884752527021e-20,-4.107368832235079e-17,-2.8675402882160215e-19,-4.105020242822073e-17,-6.447625781481268e-19,1.2836185933557165e-19,-2.7094851230131587e-19,3.505991134398643e-21,-4.081072710409087e-17,-1.9317960747247412e-19,-2.780842080980342e-19,-4.111356629593133e-17,-4.789483364698546e-19,-1.208003798031831e-19,-4.091848335221807e-17,-7.133256915794876e-19,-2.280474379452256e-19,-3.570624284444395e-19,-3.211836575896569e-19,-2.2997546534525786e-19,-8.487764248535574e-14,-4.164310045690066e-20,-7.227517073896024e-19,-8.245605471603959e-19,-4.267248801130638e-19,-3.513757845843967e-19,-4.108799427418958e-17,-2.3140655340880485e-19,-3.4545228084933594e-19,-6.172609828685199e-19,-6.616016768698772e-19,-4.45592728853141e-19,-4.085094804308641e-17,-3.4515561544928586e-19,-4.095435627448719e-19,-6.82428338567603e-19,-3.2118825080939385e-19,-2.6212102343869886e-19,-2.4113242580607502e-19,3.505991134398643e-21,-4.986256089915725e-19,-6.447625781481537e-19,-9.758005240524882e-20,-9.882395472292378e-20,-1.674463612794576e-19,-6.764225940646129e-19,-6.72557820778841e-16,-6.62944672935836e-19,-4.212413653099787e-19,-3.544681402039333e-19,-1.2391971018440726e-19,-1.949220938489988e-19,-2.4113242581231407e-19,-4.0810727104104284e-17,2.62204695949667e-20,-7.039994724690546e-16,-2.8568841872708806e-19
0.9999999999994559,-4.54142491585752e-17,-6.384707850262179e-17,-6.400873882704352e-17,-4.067900415480468e-17,-6.044535834055252e-17,-5.575540779751908e-17,0.9999999999985688,-8.10491326753574e-17,-4.074771453740709e-17,0.9999999999987064,0.9999999999985681,-5.130940594736721e-17,0.9999999999985684,-5.268572447725417e-17,0.9999999999985679,-4.277105145722485e-17,-1.4281958365993256e-17,-4.8113129143221324e-17,-6.482262756103912e-17,0.9999999999985677,-6.49766480501209e-17,-4.885092959951758e-17,0.9999999999985671,-5.115729629315024e-17,-5.921144032044932e-17,0.9999999999986668,-6.501759176568868e-17,-5.91563193914598e-17,-1.2883715855542292e-17,-6.360498488112496e-17,-5.921782438601313e-17,1.0000000000004086,-4.6835839656315266e-17,-4.783141916331786e-17,-4.042387616239706e-17,-1.295228441156372e-17,-4.522491451221326e-17,0.9999999999986058,-5.563050108565783e-17,-5.897089351273349e-17,-2.1618818165009966e-17,-3.938579146554531e-17,-6.309725704908958e-17,0.9999999999986267,-3.9239545155298664e-17,-6.443283680756642e-17,-5.805268389781767e-17,-4.410106734583116e-17,-8.084533590762474e-17,-5.884480836811748e-17,-6.465346768939326e-17,-5.815777743958311e-17,-4.2301303232347524e-17,-4.9905847752873716e-17,-5.860635653863449e-17,-8.111225140308705e-17,-6.050799113541624e-17,-4.798958465097074e-17,-3.3493067363543635e-17,-4.4301012588000783e-17,-5.92218541132258e-17,-5.3207162157156384e-17,-5.5005607586839924e-17,-5.903654609260938e-17,0.9999999999985679,-5.855896457642042e-17,-4.110172930409593e-17,-4.372645743666345e-17
0.9999999999994559,-4.560920643903338e-17,-6.386748157175004e-17,-6.400873880243032e-17,-4.061932039909882e-17,-6.044535831917243e-17,-5.57187383946156e-17,0.9999999999985687,-8.07977971088353e-17,-4.081072710409087e-17,0.9999999999985681,0.9999999999987065,-5.1139819570270184e-17,0.9999999999985687,-5.29058754383495e-17,0.9999999999985688,-4.252559556946271e-17,-1.4532630067107106e-17,-4.783246513025452e-17,-6.457916229146568e-17,0.9999999999985686,-6.503745782804906e-17,-4.8630794383358696e-17,0.9999999999985676,-5.095823050995279e-17,-5.924324084074051e-17,0.9999999999986681,-6.50698721400648e-17,-5.890178061774627e-17,-1.2883715855540767e-17,-6.359425087211519e-17,-5.927032927918208e-17,1.0000000000004086,-4.69514487936445e-17,-4.8011109408529836e-17,-4.059353153209917e-17,-1.2946833578052059e-17,-4.5224914512211737e-17,0.9999999999986049,-5.563741269601468e-17,-5.897089351273349e-17,-2.1618818165009966e-17,-3.938579146554516e-17,-6.309725704908958e-17,0.9999999999986275,-3.941593803918463e-17,-6.435137405652204e-17,-5.805268390948162e-17,-4.410106734583156e-17,-8.093608086100418e-17,-5.893781356633039e-17,-6.46534676893894e-17,-5.815777743958327e-17,-4.211608832685482e-17,-4.9942389785714414e-17,-5.860635653866291e-17,-8.099266931060234e-17,-6.050799113541624e-17,-4.798958465091999e-17,-3.349306736363462e-17,-4.4310055279235075e-17,-5.918515228625719e-17,-5.3207162170968137e-17,-5.497688768241992e-17,-5.9120140833558e-17,0.9999999999985687,-5.855896457348919e-17,-4.13637941797105e-17,-4.372645743666345e-17
2.713188498077133e-14,-2.589019973231387e-19,-6.443961817882864e-19,-6.443961817882864e-19,-6.998537101061251e-19,-3.459758519017693e-19,-2.794273609293069e-19,-5.1322721107859e-17,-1.0041014716005191e-18,-6.290884752527021e-20,-5.130940594736721e-17,-5.1139819570270184e-17,1.4117377908566027e-13,-5.1208650063653766e-17,-4.842295636762004e-19,-5.1373579890775607e-17,2.0215066608381126e-19,-5.744394646374865e-19,-2.6742583670951336e-19,-3.4001024733499307e-19,-5.1322721107858597e-17,-2.6411198309718343e-19,-4.6353437461529535e-19,-5.107836415354785e-17,-6.856588222603603e-16,-3.372018169430887e-19,-5.1245454839980526e-17,-6.124435923703064e-19,-5.089465217824684e-19,-2.956543897526996e-19,-6.443961807569009e-19,-6.896871490933369e-19,-1.0530542777870991e-13,-6.952974790245795e-16,-5.2151439102764455e-19,-1.9815473349900697e-19,-2.255226121406132e-19,-5.915842712309907e-19,-5.134712019803461e-17,-3.853588327081011e-19,-3.61578487390896e-19,-1.4589008666910531e-19,1.2061877753449393e-20,-4.424737517600243e-19,-5.1279890991645914e-17,-3.6352995818033e-19,-3.0648344651869117e-19,-3.662501631080319e-19,-2.5890199732313843e-19,-4.377535075873015e-19,-3.1178239450264665e-19,-3.400102473349937e-19,-1.2925257971624812e-19,2.0215066611194813e-19,-6.665414223877383e-16,-3.8715843501979687e-19,-4.377535075872996e-19,-7.061750265645096e-19,-6.613799490463895e-16,-6.828286168545948e-19,-8.445864015200316e-19,-3.1178239450264665e-19,-6.33249976750148e-16,-6.371513856903846e-16,-3.117823945064733e-19,-5.131395252765254e-17,-8.280425232855078e-20,-6.290884752527021e-20,-4.2696366867894127e-19
0.9999999999994572,-4.572989233341985e-17,-6.349125582350952e-17,-6.413717754483206e-17,-4.0619320399098667e-17,-6.044535834055252e-17,-5.598661314542889e-17,0.9999999999985694,-8.07977972301223e-17,-4.107368832235079e-17,0.9999999999985684,0.9999999999985687,-5.1208650063653766e-17,0.9999999999987104,-5.2821219702024085e-17,0.9999999999985688,-4.271850853376807e-17,-1.4532630067106863e-17,-4.8082090001419804e-17,-6.457916229146575e-17,0.9999999999985677,-6.503745783599676e-17,-4.882694579581074e-17,0.999999999998567,-5.1050322565882614e-17,-5.921144032044923e-17,0.9999999999986674,-6.506987214006608e-17,-5.897222206269766e-17,-1.308507567913246e-17,-6.359425087238517e-17,-5.921681108518711e-17,1.000000000000408,-4.7224396201585785e-17,-4.801110940853321e-17,-4.042387616239706e-17,-1.2946833578052221e-17,-4.527015331193951e-17,0.9999999999986056,-5.563043001087806e-17,-5.902545396191887e-17,-2.1618818155221256e-17,-3.938757722309337e-17,-6.317904146674438e-17,0.9999999999986279,-3.943041325220924e-17,-6.443283680756642e-17,-5.794506833704588e-17,-4.410106734583116e-17,-8.086929504065459e-17,-5.888199816541895e-17,-6.492620015907052e-17,-5.815777743958327e-17,-4.2301303232612927e-17,-5.012951127356874e-17,-5.860635653866291e-17,-8.111395929127812e-17,-6.038299581993782e-17,-4.7912108220397406e-17,-3.349306736363462e-17,-4.4310055432113126e-17,-5.92218541132258e-17,-5.302431213895743e-17,-5.523647126300468e-17,-5.903654613871296e-17,0.9999999999985688,-5.862113548983744e-17,-4.117611755093987e-17,-4.4053849701485727e-17
2.253002842366663e-14,-3.022556581142632e-19,-5.528217086604419e-19,-4.0904390561863933e-19,-3.4080710652177207e-19,-2.4130690980058384e-19,-6.269471378164703e-16,-5.301281585708677e-17,-3.4471068518504363e-19,-2.8675402882160215e-19,-5.268572447725417e-17,-5.29058754383495e-17,-4.842295636762004e-19,-5.2821219702024085e-17,1.412250034758908e-13,-5.27383303970067e-17,2.2233337117984816e-21,-2.9411519671381847e-19,-3.695843289260871e-19,-6.436893657165551e-19,-5.301281401649917e-17,-4.488913062501999e-19,-5.420797165426647e-19,-5.309666991679256e-17,-3.495926762950354e-19,-1.66387136079552e-19,-5.309545941937269e-17,-6.4368935066051575e-19,-6.293377711808708e-16,-2.5833775209683097e-19,-5.528217086606635e-19,-6.289893133028458e-16,-1.0826809215278208e-13,-2.6018803360426893e-19,-5.055101687579652e-19,-1.7240530651791411e-19,-3.947130352014087e-19,-1.8355340941527853e-19,-5.285647378910601e-17,-6.263265591814956e-16,-3.1819547402853637e-19,-1.8283124558666984e-19,-6.611103324710121e-16,-4.2535289864234362e-19,-5.2913218876857276e-17,-6.638438985306061e-16,-8.330205707085011e-19,-2.2003787500434796e-19,-5.931806289026514e-20,4.1604470508127604e-20,-6.300205954162024e-16,-5.090286870246332e-19,-2.8791260808966234e-19,-4.0261792523467917e-19,-2.5080793215797683e-19,-2.676356223566665e-19,-3.4471068518504363e-19,-3.200193347738165e-19,-2.240038538124392e-19,-3.724902176354707e-19,-6.267175509053655e-19,-6.300205954138281e-16,-3.6385063963367123e-19,-2.9515399020650443e-19,-6.300205954259223e-16,-5.301281401649917e-17,-2.7525201362318383e-19,-3.0356096043977316e-19,-2.5902340196914477e-19
0.9999999999994563,-4.560920643899548e-17,-6.384722927931409e-17,-6.405047839539969e-17,-4.0619320399098667e-17,-6.039636706820426e-17,-5.571873832376921e-17,0.9999999999985688,-8.078440654665648e-17,-4.105020242822073e-17,0.9999999999985679,0.9999999999985688,-5.1373579890775607e-17,0.9999999999985688,-5.27383303970067e-17,0.99999999999871,-4.254371561120105e-17,-1.4234100711182607e-17,-4.789609397609505e-17,-6.451417503827352e-17,0.9999999999985684,-6.502006913250982e-17,-4.8826945795816364e-17,0.9999999999985679,-5.122658521899669e-17,-5.942598992511202e-17,0.9999999999986683,-6.511782737426553e-17,-5.890178061774627e-17,-1.2762272839845697e-17,-6.359425087238549e-17,-5.929311599967924e-17,1.0000000000004086,-4.695144881925346e-17,-4.788898922962884e-17,-4.042388117872983e-17,-1.294683358523966e-17,-4.522491451111752e-17,0.9999999999986054,-5.564531000484281e-17,-5.902545396471459e-17,-2.1409459257004606e-17,-3.938579146554516e-17,-6.317904146674438e-17,0.9999999999986275,-3.9635097235136823e-17,-6.444516149691942e-17,-5.794506833704588e-17,-4.410106734583116e-17,-8.104061394448925e-17,-5.888199816541895e-17,-6.481309267996122e-17,-5.815777743958327e-17,-4.2301303232347524e-17,-5.012951127727162e-17,-5.858680897873817e-17,-8.111395928000334e-17,-6.040386876476342e-17,-4.798958465091999e-17,-3.4025303979233596e-17,-4.4446910835868863e-17,-5.918515228625719e-17,-5.3327085814151086e-17,-5.52364712630042e-17,-5.928592624586905e-17,0.9999999999985687,-5.862113551602394e-17,-4.110172930409593e-17,-4.381941676687788e-17
5.0008703129431286e-14,-2.0965608842831493e-19,-3.6363745571451775e-19,-5.490662263350357e-19,-6.778271305001781e-19,-4.1809045562579873e-19,-8.350051535169817e-20,-4.27158446736808e-17,-5.231305483010998e-19,-6.447625781481268e-19,-4.277105145722485e-17,-4.252559556946271e-17,2.0215066608381126e-19,-4.271850853376807e-17,2.2233337117984816e-21,-4.254371561120105e-17,1.4109335374601238e-13,-5.152395496761006e-19,-3.6568461951870954e-19,-4.365213534861469e-19,-4.2718508526056026e-17,-1.000385417846566e-19,-2.9570016388923865e-19,-4.271850853376807e-17,-4.2925408089635643e-19,-7.680008872421608e-19,-4.288973859897e-17,-4.365213534861469e-19,-2.020498978831021e-19,-3.9399610454681027e-19,-3.5322710569598896e-19,-9.442346170538451e-19,-8.834802930596388e-14,-3.2882040695505786e-19,-5.202826844775982e-19,-7.816535578221904e-20,-5.06587982948846e-19,-2.684905597124268e-19,-4.2897111036776e-17,-3.778935873037642e-19,-7.002952513342182e-19,-3.408554185001091e-19,-3.314474023781804e-19,-1.390034924991046e-19,-4.275965226026385e-17,-2.995891713008022e-19,-2.9817726478460697e-19,-2.042079354388609e-19,-2.661969682726204e-19,-4.544244548632543e-19,-4.339086084643675e-20,-4.365213534867955e-19,-6.541129158160391e-16,-7.034527377850861e-16,-2.199324067964334e-19,-6.333042658237458e-19,-4.544244458162683e-19,-5.133089881137104e-19,-5.3671867991294625e-19,-3.9440301756568097e-19,-3.30261762680799e-19,-4.2215043589396315e-19,-1.9609853808916656e-19,-6.472538436795464e-16,-4.339086084643675e-20,-4.2718508526056026e-17,-7.942000439230692e-19,-6.447625781481541e-19,-6.18254094015048e-19
1.0216901751165975e-13,-4.077378197521856e-19,-3.1408347879567332e-19,-3.901199472524916e-19,-3.5103897147384445e-19,-9.525886692610462e-20,-7.780417446562999e-20,-1.4395635730122227e-17,-1.443762232795506e-18,1.2836185933557165e-19,-1.4281958365993256e-17,-1.4532630067107106e-17,-5.744394646374865e-19,-1.4532630067106863e-17,-2.9411519671381847e-19,-1.4234100711182607e-17,-5.152395496761006e-19,1.4118506900814402e-13,-6.323903524923334e-16,-2.2429329396273874e-19,-1.445621346651074e-17,-7.356322234362073e-19,-6.313927611373367e-16,-1.4386299408923307e-17,-4.392794844843825e-19,-3.5547194243807483e-19,-1.4623998790143608e-17,-2.242932939630389e-19,-6.026132213803027e-19,-6.633733032661242e-16,-3.1408347879567405e-19,-4.204019502544913e-19,-3.2095081312302313e-14,-4.424994798961319e-19,-6.743695282118108e-16,2.5666156782602508e-20,-6.633733032575217e-16,-3.318170757847512e-19,-1.4566498361257928e-17,-2.889834426747487e-19,-5.059238092037131e-19,-7.922330472888768e-16,-2.7843847691247884e-19,-3.5553426902119094e-19,-1.4549216270932174e-17,-2.4055131650946584e-19,-2.240277099019059e-19,-2.909134413216105e-19,-3.2733133586314277e-19,-2.139502112427826e-19,-8.030768947544341e-19,-2.2429328874103186e-19,-6.095880747191577e-19,-2.996952793834982e-19,-3.073455748582883e-19,-4.883396819125679e-19,1.540792739155073e-19,-3.578981956402651e-19,-4.815131051026422e-19,-7.03642181646241e-19,-3.932570190305247e-19,-8.030768947545036e-19,-6.250737008606544e-16,-3.205089152699631e-19,-2.3512956702487415e-19,-1.428195837819892e-17,-3.97040692996774e-19,1.2836185933585864e-19,-5.821400599604429e-19
3.4448030578347607e-14,-4.765981641324119e-20,-5.862650236918425e-19,-4.678607646984253e-19,-3.0285888328797243e-19,-3.822529083335941e-19,-1.7615486712578884e-19,-4.788309477340594e-17,-6.255045003477703e-16,-2.7094851230131587e-19,-4.8113129143221324e-17,-4.783246513025452e-17,-2.6742583670951336e-19,-4.8082090001419804e-17,-3.695843289260871e-19,-4.789609397609505e-17,-3.6568461951870954e-19,-6.323903524923334e-16,1.4118218964701325e-13,-3.2126113458643612e-19,-4.789274032091367e-17,-6.356010324649911e-16,-6.052735299429331e-16,-4.81131022673664e-17,-1.8567036003222454e-19,-3.3079306597622206e-19,-4.813649126780645e-17,-3.6474760609650146e-19,-5.908557882522995e-19,-6.341905340932063e-16,-3.047435021897616e-19,-2.9875319566040864e-19,-9.853338795470696e-14,-4.0396395904373765e-19,-2.6198787757499667e-19,-4.861074712947337e-19,-6.341905340844995e-16,-3.909536114550533e-19,-4.793486373595243e-17,-3.690558878631785e-19,-1.9466818061969218e-19,-7.583122214542804e-16,-4.123379052283836e-19,-6.098372928663263e-19,-4.793924166865109e-17,-2.8057862366500185e-19,-3.3942606982358395e-19,-3.8259905169315474e-19,-4.7659816413239e-20,-6.255045003427175e-16,-2.1125207144014804e-19,-3.647476060965008e-19,-3.308675020737178e-19,-1.7693620923363224e-19,-2.8675808152147045e-19,-4.1627568733362303e-19,-6.255045003474425e-16,-2.240705272615393e-19,-2.87027556044835e-19,-4.800377314904788e-19,-2.1457405393437476e-19,-2.782661102992216e-19,-5.995079618106657e-16,-2.887548726871224e-19,-1.8544331415344758e-19,-4.81131022673725e-17,-4.870463690092999e-19,-2.729197014480059e-19,-2.472493147216656e-19
1.4008766846084207e-15,-6.870634235707173e-19,-5.018787908392207e-20,-1.1646876323105399e-19,-2.9035853795527497e-19,-1.3836420764568773e-19,-6.422285166592256e-16,-6.45151348290451e-17,-4.342008155286317e-19,3.505991134398643e-21,-6.482262756103912e-17,-6.457916229146568e-17,-3.4001024733499307e-19,-6.457916229146575e-17,-6.436893657165551e-19,-6.451417503827352e-17,-4.365213534861469e-19,-2.2429329396273874e-19,-3.2126113458643612e-19,1.4120191739796858e-13,-6.457916229146575e-17,-2.453264490282975e-19,-2.9439618505923618e-19,-6.480451061254908e-17,-3.8477402318164206e-19,-4.749433959618094e-19,-6.48025619512004e-17,-6.549920840205129e-16,-5.627562759183186e-19,-1.3246676875236062e-19,-5.018787908392207e-20,-3.7112817247601536e-19,-1.3216792660413547e-13,-2.6279011247337316e-19,-2.3721459647910964e-19,-4.970024023285398e-19,-1.3246676875238756e-19,-9.125383622757243e-19,-6.460234447437513e-17,-3.691731008404885e-19,-3.8080302212730554e-19,-4.0522722168636054e-19,-4.802319089047925e-19,-6.536149898932803e-16,-6.465494110028532e-17,-3.703064562537382e-19,-6.513750984332416e-16,-6.089618482183943e-19,-4.703002655948381e-19,-4.342008155286317e-19,-3.774076818675089e-19,-6.549920840166864e-16,-2.533559883848105e-19,-4.365213534861469e-19,-3.4561339548489947e-19,-4.463371152099746e-19,-2.4337163511877996e-19,-2.830547076129563e-19,-1.1227932109816621e-19,-8.965418372645193e-20,-6.999970605889395e-19,-2.8102085456364493e-19,-3.4520958209701035e-19,-3.6560728854703416e-19,-2.895334278339236e-19,-6.451417503827352e-17,-3.2278801186191005e-19,-7.133256915794876e-19,9.165977723042949e-21
0.9999999999994568,-4.560920643899548e-17,-6.392415897814646e-17,-6.40087388024075e-17,-4.0701608969628115e-17,-6.032532914631546e-17,-5.57187383946156e-17,0.9999999999985687,-8.07977971088353e-17,-4.081072710409087e-17,0.9999999999985677,0.9999999999985686,-5.1322721107858597e-17,0.9999999999985677,-5.301281401649917e-17,0.9999999999985684,-4.2718508526056026e-17,-1.445621346651074e-17,-4.789274032091367e-17,-6.457916229146575e-17,0.9999999999987048,-6.500984598159586e-17,-4.882634480052174e-17,0.9999999999985673,-5.10936178931343e-17,-5.924324084073827e-17,0.9999999999986668,-6.506987214006576e-17,-5.918630238408578e-17,-1.2762272839845778e-17,-6.348234396531801e-17,-5.921782438969705e-17,1.000000000000408,-4.7191278296300764e-17,-4.8011109408529836e-17,-4.0593531559035597e-17,-1.2946833578052059e-17,-4.52249145122135e-17,0.9999999999986049,-5.563741267955808e-17,-5.902545396471498e-17,-2.1409459257004606e-17,-3.938579146554531e-17,-6.307466758843114e-17,0.9999999999986277,-3.950475366183569e-17,-6.443283680756642e-17,-5.80526838938713e-17,-4.410106732968716e-17,-8.104061394448925e-17,-5.915315927117691e-17,-6.492620015907052e-17,-5.815777743958311e-17,-4.2116088326864307e-17,-4.9905847752873877e-17,-5.86997221327287e-17,-8.103779289630615e-17,-6.050799113541624e-17,-4.791210699072051e-17,-3.3493067359123296e-17,-4.4310055268013855e-17,-5.92218541132258e-17,-5.302431216278835e-17,-5.5220646503904824e-17,-5.927419268105945e-17,0.9999999999985687,-5.867865478359061e-17,-4.1025917668964003e-17,-4.39615585507975e-17
7.354912696897249e-16,-7.364139690193935e-19,-4.913690861523795e-19,-4.91369131965154e-19,-3.237141108433281e-19,-4.221486027717521e-19,-2.5459726532321254e-19,-6.532426815695228e-17,-6.572987021646597e-16,-1.9317960747247412e-19,-6.49766480501209e-17,-6.503745782804906e-17,-2.6411198309718343e-19,-6.503745783599676e-17,-4.488913062501999e-19,-6.502006913250982e-17,-1.000385417846566e-19,-7.356322234362073e-19,-6.356010324649911e-16,-2.453264490282975e-19,-6.500984598159586e-17,1.411790455931213e-13,-6.345901341832427e-16,-6.514400556610043e-17,-1.0826063676848864e-19,-3.360452282324985e-19,-6.520052231834176e-17,-3.9436466401560683e-20,-9.111314648524717e-20,-1.3773537169539922e-18,-2.8374157473480413e-19,-2.3444332862418524e-19,-1.3276252835694808e-13,3.2207197110734024e-20,-1.6680817165236698e-19,-4.409316474453394e-19,-1.8288805190321297e-18,-3.8669565394187083e-19,-6.524209698399864e-17,-3.608598279887401e-19,-4.350761896655132e-19,-9.503395184945613e-20,-6.101532163872625e-19,-5.121451999426872e-19,-6.498858782180532e-17,-4.326929337501131e-19,-1.7373102735941475e-19,-2.5347109159846517e-19,-2.1038304536346927e-19,-6.572987021596302e-16,-7.178335308264128e-19,-2.453264699511575e-19,3.764736301060393e-20,-1.0003854178465504e-19,-5.562180279866346e-19,-3.35479102568459e-19,-6.572987021648452e-16,-3.7194188075979755e-19,-6.305033673863517e-19,-2.396545280360692e-19,-4.96066015088124e-19,-4.50300129377611e-19,-6.281674093760755e-16,-5.09081493161068e-19,-7.178335308188766e-19,-6.487680392909299e-17,-3.476766146329677e-19,-3.8333576589350353e-19,-8.545952581916862e-19
3.6714558581361617e-14,-3.2170914970621323e-19,-2.8007762386057945e-19,-8.362493995970732e-20,-2.8925942964988127e-19,-6.369899472623738e-20,-2.5772074377581973e-19,-4.882634480052174e-17,-6.245278099785469e-16,-2.780842080980342e-19,-4.885092959951758e-17,-4.8630794383358696e-17,-4.6353437461529535e-19,-4.882694579581074e-17,-5.420797165426647e-19,-4.8826945795816364e-17,-2.9570016388923865e-19,-6.313927611373367e-16,-6.052735299429331e-16,-2.9439618505923618e-19,-4.882634480052174e-17,-6.345901341832427e-16,1.4118338078033417e-13,-4.882634480052158e-17,-4.3143228823181533e-19,-3.052833471913953e-19,-4.8799222851453635e-17,-1.2219664681481218e-19,-2.9981579408435313e-19,-6.331891485314282e-16,-2.8840448374409553e-19,-4.018896679116773e-19,-1.0013682760674421e-13,-3.15237938619824e-19,-2.5886685617686747e-19,-3.26293656610493e-19,-6.3318914852271635e-16,-3.7876465058436504e-19,-4.8226061269861654e-17,-4.2121631489430845e-19,-1.5058216070674587e-19,-7.571342346032941e-16,-3.0291091694216916e-19,-2.6522343065985504e-19,-4.859812416309004e-17,-4.187331784958442e-19,-4.38338394090141e-19,-6.173897264675148e-16,-3.5583276747844876e-19,-6.245278099734801e-16,5.775763221846598e-21,-2.048489144533977e-19,-4.614135034704152e-19,-2.9570016388923865e-19,-1.964465025051868e-19,-4.188706756314863e-19,-6.245278099781912e-16,-3.605348394390507e-19,-3.0910139252505423e-19,-5.189621037452699e-19,-6.178841988535941e-20,-2.946213449600214e-19,-5.985985332918372e-16,-3.2940598767394422e-19,-2.9462134496366446e-19,-4.8630794383351547e-17,-2.274756461459772e-19,-1.8637839133547183e-19,-8.011186607053629e-19
0.9999999999994535,-4.5414249156279236e-17,-6.349125582350952e-17,-6.40087388024075e-17,-4.0679004208628104e-17,-6.06632185927638e-17,-5.570350642379742e-17,0.9999999999985679,-8.078440654665648e-17,-4.111356629593133e-17,0.9999999999985671,0.9999999999985676,-5.107836415354785e-17,0.999999999998567,-5.309666991679256e-17,0.9999999999985679,-4.271850853376807e-17,-1.4386299408923307e-17,-4.81131022673664e-17,-6.480451061254908e-17,0.9999999999985673,-6.514400556610043e-17,-4.882634480052158e-17,0.9999999999987055,-5.090493543754721e-17,-5.937292953079634e-17,0.9999999999986661,-6.516121480999102e-17,-5.897222207213509e-17,-1.2883715855542292e-17,-6.374508790289287e-17,-5.921782438805741e-17,1.0000000000004063,-4.722439620158915e-17,-4.7958775169610825e-17,-4.0423881178727585e-17,-1.2946833585238858e-17,-4.522491451221326e-17,0.9999999999986048,-5.563741267955808e-17,-5.902545396471459e-17,-2.1618818165029478e-17,-3.938579146554531e-17,-6.321503619251069e-17,0.999999999998627,-3.950475366183569e-17,-6.444516149691942e-17,-5.794506833704588e-17,-4.4101067345831647e-17,-8.104061394448925e-17,-5.893781356633047e-17,-6.481171034584298e-17,-5.815777743958311e-17,-4.230130323261276e-17,-5.0092736915088794e-17,-5.870298466950652e-17,-8.127732204698652e-17,-6.050799113541624e-17,-4.792763236993717e-17,-3.402530397918542e-17,-4.443930386205373e-17,-5.951374830132153e-17,-5.302431216278835e-17,-5.522064650411916e-17,-5.927419268105945e-17,0.9999999999985684,-5.865569601788849e-17,-4.136379416092705e-17,-4.404452611460742e-17
2.6313019024576497e-14,-5.882921812723615e-19,-3.2716993072153844e-19,-3.2716993072153864e-19,-2.1538600172120036e-19,-3.430762164695529e-19,-1.0109668258320306e-19,-5.122658521899669e-17,-4.517448105960965e-19,-4.789483364698546e-19,-5.115729629315024e-17,-5.095823050995279e-17,-6.856588222603603e-16,-5.1050322565882614e-17,-3.495926762950354e-19,-5.122658521899669e-17,-4.2925408089635643e-19,-4.392794844843825e-19,-1.8567036003222454e-19,-3.8477402318164206e-19,-5.10936178931343e-17,-1.0826063676848864e-19,-4.3143228823181533e-19,-5.090493543754721e-17,1.4116503430321917e-13,-4.2834322451190665e-19,-5.110831666730846e-17,-2.7519828984055414e-19,-3.550952431454258e-19,-2.112022653831114e-19,-5.944870119178043e-19,-1.5924822519219524e-19,-1.0530076466411866e-13,-7.002246291859018e-20,-2.621906814504708e-19,-4.2298821573713317e-19,-3.1373417332411294e-19,8.9911310257374e-20,-5.1415699547801365e-17,-1.640783430219263e-19,-7.36926447963611e-20,1.621008250753873e-19,-3.691376080027385e-19,-2.6930749301481987e-19,-5.1207939187475214e-17,-3.4132023292705744e-19,-3.962491262024662e-19,-2.983764995932018e-19,-6.766169761462105e-19,-1.9961944613616904e-19,-1.6590471974585069e-19,-2.3559709618685306e-19,-2.178156927469523e-19,-3.1228983819480117e-19,-6.718226150207248e-16,-4.935794142216066e-19,-4.517447962188882e-19,-4.425529300079427e-19,-6.666326490315372e-16,8.233165505056505e-19,-3.1252249682133007e-19,-3.2673217650502835e-19,-6.379339422366002e-16,2.287837274519379e-20,-3.962687008133589e-19,-5.1056884347164825e-17,-1.9585394807766125e-19,-4.789483364698546e-19,-2.5098332608313955e-19
