1.0000000051445295,1.7684933495492278e-06,1.000005791683281,1.750022372288014e-06,1.0000058582245588,1.0000057916832794,1.0000059599764195,1.750022370994463e-06,1.0000059044398364,1.000005923060737,1.0000059641909422,1.0000059044398364,1.0000059599764195,1.7500223713091564e-06,1.7500223722930643e-06,1.7650460689568106e-06,1.8509510876255203e-06,1.0000059230607397,1.0000059599764206,1.000005886998198,1.000005923060742,1.000005959976423,1.0000058869981965,1.7500223725324583e-06,1.0000058572888093,1.000005858224556,1.000005923060737,1.0000058582245541,1.930496976465883e-06,1.0000058582245561,1.0000058582245555,1.0000059020298055,1.0000059599764195,1.000005858224558,1.7684933290056088e-06,1.7684933277906107e-06,1.000005959976419,1.7848215637221674e-06,1.0000059599764228,1.0000058869981965,1.0000060042226029,1.0000058869981974,1.7500223725327342e-06,1.0000059599764186,1.8140233171862004e-06,1.7684933275809836e-06,1.000005904439838,1.7500223732743617e-06,1.0000059095041178,1.0000060042226044,1.000005959976423,1.0000057916832796,1.9087415867241652e-06,1.7500223714138824e-06,1.7500223725324655e-06,1.0000059294458854,1.0000059230607385,1.0000059294458867,1.0000059728785935,1.750022371623643e-06,1.7500223708700964e-06,1.7500223727796623e-06,1.000005959976418
1.7684933495492278e-06,9.064310608785828e-07,1.0727680176909462e-07,4.773055950929841e-18,5.387935010249671e-11,1.072768017690945e-07,5.387935543164433e-11,4.864611400754322e-18,5.3879352587319496e-11,5.3879353583958073e-11,5.387935580450353e-11,5.387935257563171e-11,5.3879355634249234e-11,4.849255844587107e-18,4.7710440041069535e-18,1.1129765497734792e-14,2.0337426275885574e-14,5.3879353588798935e-11,5.387935543164433e-11,1.0727681192375037e-07,5.3879353581537833e-11,5.387935569125867e-11,1.0727681192375049e-07,4.864611400754322e-18,5.3879350045767036e-11,5.387935015006618e-11,5.3879353583032316e-11,5.38793501225815e-11,2.886219475918249e-14,5.387935010852961e-11,5.387935012865546e-11,5.387935245871624e-11,5.387935553340377e-11,5.3879350111482174e-11,1.1499460760728448e-14,1.1499460782127617e-14,5.38793555571291e-11,1.3247702396018176e-14,5.387935542106795e-11,1.0727681192375051e-07,5.387935824965787e-11,1.0727681192375055e-07,4.7785299898680304e-18,5.38793555571291e-11,7.989559318200618e-18,1.149946072114398e-14,5.387935258585058e-11,4.768990647083231e-18,1.0727681433332672e-07,5.387935824965787e-11,5.3879355634249234e-11,1.072768017690945e-07,2.6526212819055404e-14,4.768990647083231e-18,4.862521861327712e-18,5.387935390791051e-11,5.3879353585649884e-11,5.387935390113936e-11,1.0727682107573765e-07,4.768990647083231e-18,4.7665652641379676e-18,4.7727709907015325e-18,5.3879355634249234e-11
1.000005791683281,1.0727680176909462e-07,1.000006151794313,8.88058023365289e-08,1.0000053119047583,1.0000052453634152,1.0000054136567227,8.880580246817384e-08,1.0000053581200874,1.0000053767410082,1.0000054178712479,1.0000053581200874,1.0000054136567225,8.880580157288283e-08,8.880580207633562e-08,1.0382951975417644e-07,1.8973462893119112e-07,1.0000053767410078,1.0000054136567218,1.0000053406784237,1.0000053767410093,1.0000054136567222,1.0000053406784233,8.880580287356593e-08,1.0000053109690115,1.0000053119047578,1.0000053767410082,1.0000053119047567,2.692805981687209e-07,1.0000053119047596,1.0000053119047583,1.000005355710053,1.0000054136567231,1.0000053119047578,1.0727678093717518e-07,1.0727678116307127e-07,1.0000054136567236,1.236050340620767e-07,1.0000054136567222,1.0000053406784235,1.0000054579029565,1.0000053406784244,8.880580291548988e-08,1.0000054136567231,1.528068192888875e-07,1.0727678061824884e-07,1.0000053581200874,8.880580279182125e-08,1.0000053631843686,1.0000054579029554,1.000005413656722,1.0000052453634152,2.475251882359561e-07,8.880580274868966e-08,8.880580288598626e-08,1.0000053831261593,1.0000053767410084,1.0000053831261606,1.0000054265589102,8.8805803378427e-08,8.880580276045971e-08,8.88058031382074e-08,1.0000054136567216
1.750022372288014e-06,4.773055950929841e-18,8.88058023365289e-08,9.064310568659458e-07,4.460236357653921e-11,8.880580233652881e-08,4.460236813283625e-11,7.880958604829466e-15,4.460236560717644e-11,4.460236653192865e-11,4.460236825637141e-11,4.460236561780212e-11,4.4602368158619324e-11,7.880958537939627e-15,7.880958597666921e-15,4.709129839464715e-18,8.439230702680324e-18,4.4602366497596406e-11,4.460236813283625e-11,4.460236485152352e-11,4.460236650556781e-11,4.460236812269636e-11,4.460236486545798e-11,7.880958668045502e-15,4.460236356361678e-11,4.460236358120666e-11,4.460236652440656e-11,4.4602363605337545e-11,1.2239389125619673e-17,4.46023636314762e-11,4.460236357773243e-11,4.4602365489668946e-11,4.460236808739437e-11,4.460236357729516e-11,4.832911799526331e-18,4.7067421436638645e-18,4.4602368098103714e-11,1.0967110563079452e-14,4.460236813283625e-11,4.460236482674421e-11,4.46023700470585e-11,4.460236485754751e-11,7.880958684375196e-15,4.460236810006856e-11,1.3558787685026682e-14,4.832911799526331e-18,4.4602365614397785e-11,7.880958638450702e-15,4.4602365954555985e-11,4.460236992982802e-11,4.4602368064706136e-11,8.880580233652881e-08,2.1959758472908085e-14,7.880958659856137e-15,7.880958669079953e-15,4.460236672240143e-11,4.460236650805982e-11,4.4602366705757e-11,4.4602368617284156e-11,7.880958711354392e-15,7.880958635262454e-15,7.880958673586262e-15,4.460236806179326e-11
1.0000058582245588,5.387935010249671e-11,1.0000053119047583,4.460236357653921e-11,1.0000062848770037,1.0000053119047574,1.000005480198076,4.460236363786279e-11,1.0000054246614367,1.0000054432823575,1.0000054844126018,1.0000054246614367,1.0000054801980753,4.4602363164507406e-11,4.4602363434249614e-11,5.214796631121548e-11,9.529346823531098e-11,1.0000054432823584,1.0000054801980753,1.000005407219771,1.0000054432823606,1.000005480198075,1.000005407219773,4.460236381697172e-11,1.0000053775103563,1.000005378446104,1.0000054432823595,1.0000053784461036,1.3524511733848499e-10,1.0000053784461058,1.0000053784461058,1.0000054222514019,1.0000054801980758,1.0000053784461047,5.3879339670714985e-11,5.3879339785893836e-11,1.0000054801980742,6.208014040846773e-11,1.0000054801980753,1.0000054072197726,1.0000055244443107,1.0000054072197733,4.460236387807096e-11,1.0000054801980758,7.674662165804503e-11,5.3879339488811234e-11,1.0000054246614367,4.460236381156264e-11,1.0000054297257186,1.0000055244443093,1.000005480198075,1.0000053119047574,1.2431854859292803e-10,4.46023638175459e-11,4.4602363833862403e-11,1.0000054496675115,1.0000054432823584,1.0000054496675128,1.0000054931002647,4.460236407587158e-11,4.460236379232082e-11,4.4602364003464085e-11,1.0000054801980744
1.0000057916832794,1.072768017690945e-07,1.0000052453634152,8.880580233652881e-08,1.0000053119047574,1.000006151794314,1.0000054136567216,8.88058024681738e-08,1.000005358120087,1.0000053767410064,1.0000054178712465,1.000005358120087,1.0000054136567218,8.880580157288286e-08,8.880580207633554e-08,1.0382951975417643e-07,1.8973462893119133e-07,1.0000053767410075,1.0000054136567216,1.0000053406784233,1.0000053767410084,1.0000054136567205,1.0000053406784235,8.880580287356593e-08,1.000005310969009,1.0000053119047572,1.0000053767410073,1.0000053119047574,2.6928059816872074e-07,1.0000053119047592,1.0000053119047574,1.0000053557100512,1.0000054136567216,1.000005311904758,1.0727678093717512e-07,1.0727678116307125e-07,1.0000054136567216,1.2360503406207663e-07,1.0000054136567216,1.000005340678423,1.0000054579029551,1.0000053406784237,8.880580291548984e-08,1.0000054136567216,1.5280681928888731e-07,1.0727678061824878e-07,1.000005358120087,8.880580279182117e-08,1.0000053631843682,1.0000054579029556,1.0000054136567214,1.0000052453634147,2.4752518823595607e-07,8.880580274868954e-08,8.880580288598621e-08,1.0000053831261593,1.0000053767410084,1.00000538312616,1.0000054265589093,8.880580337842693e-08,8.880580276045969e-08,8.880580313820732e-08,1.000005413656721
1.0000059599764195,5.387935543164433e-11,1.0000054136567227,4.460236813283625e-11,1.000005480198076,1.0000054136567216,1.0000064883809474,4.4602368219470336e-11,1.0000055264134133,1.0000055450343348,1.0000055861645825,1.0000055264134133,1.0000055819500562,4.4602367754878903e-11,4.4602368010094605e-11,5.214797158874224e-11,1.897346606591469e-07,1.0000055450343361,1.0000055819500566,1.0000055089717463,1.0000055450343375,1.000005581950056,1.000005508971747,4.460236835762254e-11,1.000005479262328,1.0000054801980744,1.0000055450343353,1.0000054801980738,2.6928064319023247e-07,1.000005480198076,1.000005480198076,1.0000055240033776,1.0000055819500575,1.0000054801980753,5.387934521799083e-11,5.3879345297684714e-11,1.0000055819500564,6.208014650244763e-11,1.0000055819500573,1.0000055089717466,1.0000056261962962,1.0000055089717463,4.460236833662557e-11,1.000005581950057,1.5280684483744243e-07,5.387934503564931e-11,1.0000055264134136,4.460236834466927e-11,1.0000055314776943,1.0000056261962973,1.0000055819500573,1.0000054136567216,2.475252296003255e-07,4.4602368376151e-11,4.4602368359410464e-11,1.000005551419489,1.0000055450343361,1.000005551419491,1.0000055948522468,4.460236863221133e-11,4.460236830491406e-11,4.460236855159134e-11,1.0000055819500557
1.750022370994463e-06,4.864611400754322e-18,8.880580246817384e-08,7.880958604829466e-15,4.460236363786279e-11,8.88058024681738e-08,4.4602368219470336e-11,9.064310568659458e-07,4.460236567404378e-11,4.4602366563005254e-11,4.4602368313362825e-11,4.460236567000179e-11,4.4602368140583555e-11,7.880958560706043e-15,7.880958620433338e-15,4.698722062633452e-18,8.489070360381814e-18,4.4602366498350465e-11,4.460236821948676e-11,4.460236493888411e-11,4.460236654254533e-11,4.4602368219470336e-11,4.4602364931532724e-11,7.880958690811922e-15,4.460236364779657e-11,4.460236368510402e-11,4.4602366563005254e-11,4.460236365451055e-11,1.1973843383587428e-17,4.460236364068718e-11,4.460236364090676e-11,4.4602365571707976e-11,4.4602368219470336e-11,4.460236364911611e-11,4.7067421436638645e-18,4.7785299898680304e-18,4.46023682085025e-11,1.0967110594499086e-14,4.4602368260690174e-11,4.460236492226725e-11,4.460236998885051e-11,4.460236493888411e-11,7.88095870714162e-15,4.4602368208931945e-11,1.3558787724021223e-14,4.7785299898680304e-18,4.460236565655924e-11,7.880958661217117e-15,4.46023659165312e-11,4.460237009763321e-11,4.4602368219470336e-11,8.880580246817382e-08,2.1959758535708238e-14,7.880958682622553e-15,7.880958691846374e-15,4.460236677572197e-11,4.4602366498350465e-11,4.4602366804154575e-11,4.460236871705527e-11,7.880958734120812e-15,7.880958658028874e-15,7.880958696352682e-15,4.46023682085025e-11
1.0000059044398364,5.3879352587319496e-11,1.0000053581200874,4.460236560717644e-11,1.0000054246614367,1.000005358120087,1.0000055264134133,4.460236567404378e-11,1.000006377307668,1.0000054894976935,1.0000055306279392,1.0000054708767727,1.0000055264134122,4.460236521152822e-11,4.460236547193446e-11,5.214796871867536e-11,9.529347248554578e-11,1.000005489497694,1.0000055264134122,1.0000054534351055,1.0000054894976969,1.0000055264134122,1.000005453435107,4.460236586718743e-11,1.0000054237256886,1.000005424661437,1.0000054894976942,1.0000054246614358,2.692806283371636e-07,1.0000054246614378,1.0000054246614367,1.000005468466737,1.000005526413413,1.000005424661438,5.387934212241317e-11,5.387934225016893e-11,1.0000055264134122,6.208014319998358e-11,1.0000055264134136,1.0000054534351073,1.00000557065965,1.0000054534351075,4.460236589597789e-11,1.0000055264134127,7.674662522107519e-11,5.3879341947240476e-11,1.000005470876773,4.4602365824059616e-11,1.0000054759410528,1.0000055706596502,1.0000055264134124,1.000005358120087,1.2431855423860926e-10,4.460236580172305e-11,4.460236587520947e-11,1.0000054958828464,1.0000054894976944,1.0000054958828488,1.0000055393156024,4.460236613844832e-11,4.46023658214272e-11,4.460236600913584e-11,1.0000055264134118
1.000005923060737,5.3879353583958073e-11,1.0000053767410082,4.460236653192865e-11,1.0000054432823575,1.0000053767410064,1.0000055450343348,4.4602366563005254e-11,1.0000054894976935,1.0000064145495118,1.0000055492488606,1.0000054894976933,1.0000055450343348,4.460236616436716e-11,4.460236639924734e-11,5.214796971297724e-11,9.529347434648024e-11,1.0000055081186159,1.0000055450343348,1.0000054720560272,1.0000055081186179,1.0000055450343341,1.0000054720560287,4.460236677437638e-11,1.000005442346609,1.0000054432823582,1.0000055081186152,1.0000054432823566,1.3524512588184218e-10,1.0000054432823589,1.0000054432823575,1.0000054870876576,1.0000055450343353,1.0000054432823577,5.387934311991341e-11,5.3879343237437705e-11,1.0000055450343346,6.208014429217703e-11,1.0000055450343348,1.0000054720560283,1.000005589280574,1.0000054720560287,4.460236671497465e-11,1.0000055450343341,7.67466266021184e-11,5.3879342955547076e-11,1.0000054894976942,4.460236673151141e-11,1.0000054945619752,1.000005589280574,1.000005545034335,1.0000053767410064,2.4752522054281e-07,4.460236674927062e-11,4.4602366748229915e-11,1.0000055145037694,1.0000055081186163,1.0000055145037707,1.0000055579365246,4.4602366999949325e-11,4.4602366680507495e-11,4.460236688175363e-11,1.0000055450343348
1.0000059641909422,5.387935580450353e-11,1.0000054178712479,4.460236825637141e-11,1.0000054844126018,1.0000054178712465,1.0000055861645825,4.4602368313362825e-11,1.0000055306279392,1.0000055492488606,1.0000064968100018,1.0000055306279392,1.0000055861645818,4.460236785675899e-11,4.460236811613539e-11,5.214797185847408e-11,9.529347823068603e-11,1.0000055492488622,1.0000055861645825,1.0000055131862713,1.0000055492488644,1.0000055861645825,1.0000055131862713,4.460236852316706e-11,1.0000054834768517,1.000005484412601,1.0000055492488615,1.0000054844125998,2.6928064433441225e-07,1.0000054844126023,1.0000054844126018,1.0000055282179034,1.000005586164583,1.000005484412601,5.387934541341407e-11,5.387934543895263e-11,1.0000055861645816,6.208014685564018e-11,1.0000055861645825,1.0000055131862708,1.0000056304108236,1.000005513186272,4.4602368531682834e-11,1.000005586164582,1.5280684548670613e-07,5.387934515781788e-11,1.0000055306279394,4.460236846692401e-11,1.0000055356922195,1.0000056304108227,1.0000055861645825,1.0000054178712474,1.2431856140953953e-10,4.460236846000589e-11,4.4602368524607816e-11,1.0000055556340133,1.0000055492488629,1.0000055556340155,1.0000055990667729,4.460236877006412e-11,4.460236847386071e-11,4.460236865209311e-11,1.0000055861645816
1.0000059044398364,5.387935257563171e-11,1.0000053581200874,4.460236561780212e-11,1.0000054246614367,1.000005358120087,1.0000055264134133,4.460236567000179e-11,1.0000054708767727,1.0000054894976933,1.0000055306279392,1.0000063773076693,1.0000055264134122,4.460236521232293e-11,4.460236547717852e-11,5.2147968717389976e-11,9.529347240568074e-11,1.000005489497694,1.0000055264134122,1.0000054534351055,1.0000054894976969,1.0000055264134122,1.000005453435107,4.460236586287486e-11,1.0000054237256886,1.000005424661437,1.0000054894976944,1.0000054246614358,2.692806283371636e-07,1.0000054246614378,1.0000054246614367,1.000005468466737,1.000005526413413,1.000005424661438,5.38793421197935e-11,5.3879342237139654e-11,1.0000055264134122,6.208014321819818e-11,1.0000055264134136,1.0000054534351073,1.0000055706596502,1.0000054534351075,4.460236589061043e-11,1.0000055264134127,7.674662520885261e-11,5.3879341947049016e-11,1.000005470876773,4.4602365824767295e-11,1.0000054759410528,1.0000055706596502,1.0000055264134122,1.0000053581200872,1.2431855417975425e-10,4.460236581906013e-11,4.460236587130462e-11,1.0000054958828464,1.000005489497695,1.0000054958828488,1.0000055393156024,4.4602366129450433e-11,4.4602365819291896e-11,4.4602366013979955e-11,1.0000055264134116
1.0000059599764195,5.3879355634249234e-11,1.0000054136567225,4.4602368158619324e-11,1.0000054801980753,1.0000054136567218,1.0000055819500562,4.4602368140583555e-11,1.0000055264134122,1.0000055450343348,1.0000055861645818,1.0000055264134122,1.0000064883809479,4.460236766079035e-11,4.46023680474601e-11,5.214797166810795e-11,1.8973466065914668e-07,1.0000055450343355,1.0000055819500562,1.0000055089717452,1.0000055450343361,1.0000055819500573,1.0000055089717461,4.46023683751011e-11,1.0000054792623265,1.0000054801980736,1.0000055450343355,1.0000054801980738,2.692806431902323e-07,1.000005480198075,1.0000054801980753,1.0000055240033765,1.000005581950056,1.000005480198075,5.3879345264016124e-11,5.3879345308511106e-11,1.000005581950056,6.208014644105758e-11,1.0000055819500564,1.0000055089717457,1.0000056261962962,1.0000055089717457,4.46023683584463e-11,1.000005581950056,1.528068448374424e-07,5.3879345189086323e-11,1.0000055264134122,4.4602368350176867e-11,1.000005531477694,1.0000056261962964,1.000005581950057,1.0000054136567214,2.4752522960032523e-07,4.460236838345219e-11,4.460236837849124e-11,1.000005551419488,1.0000055450343361,1.0000055514194897,1.0000055948522462,4.460236861916439e-11,4.4602368298108354e-11,4.460236846083434e-11,1.000005581950056
1.7500223713091564e-06,4.849255844587107e-18,8.880580157288283e-08,7.880958537939627e-15,4.4602363164507406e-11,8.880580157288286e-08,4.4602367754878903e-11,7.880958560706043e-15,4.460236521152822e-11,4.460236616436716e-11,4.460236785675899e-11,4.460236521232293e-11,4.460236766079035e-11,9.064310568659458e-07,7.8809585535435e-15,4.694836694362301e-18,8.489070360381814e-18,4.460236613184026e-11,4.460236769550896e-11,4.460236445142129e-11,4.460236611142192e-11,4.460236769405127e-11,4.460236444805672e-11,7.880958623922087e-15,4.460236317000611e-11,4.460236313758264e-11,4.460236611223011e-11,4.460236318873878e-11,1.2239389125619673e-17,4.460236318315047e-11,4.460236313782569e-11,4.4602365121539445e-11,4.460236769550896e-11,4.460236315601018e-11,4.832216957449951e-18,4.849255844587107e-18,4.46023677111393e-11,1.096711049959352e-14,4.460236773240166e-11,4.4602364472898485e-11,4.4602369631740327e-11,4.460236452357603e-11,7.880958640251782e-15,4.460236774649745e-11,1.3558787607407057e-14,4.869946795795728e-18,4.460236521162461e-11,7.88095859432729e-15,4.4602365400100614e-11,4.4602369614323935e-11,4.460236767545885e-11,8.880580157288287e-08,2.1959758343788048e-14,7.880958615732717e-15,7.88095862495654e-15,4.4602366334675714e-11,4.460236609624597e-11,4.460236632108851e-11,4.4602368252155705e-11,7.880958667230975e-15,7.880958591139044e-15,7.88095862946285e-15,4.460236768959916e-11
1.7500223722930643e-06,4.7710440041069535e-18,8.880580207633562e-08,7.880958597666921e-15,4.4602363434249614e-11,8.880580207633554e-08,4.4602368010094605e-11,7.880958620433338e-15,4.460236547193446e-11,4.460236639924734e-11,4.460236811613539e-11,4.460236547717852e-11,4.46023680474601e-11,7.8809585535435e-15,9.064310568659458e-07,4.8129806700697245e-18,8.439230702680324e-18,4.460236634617205e-11,4.460236802754231e-11,4.460236471480148e-11,4.460236635014214e-11,4.460236802394526e-11,4.4602364697965024e-11,7.880958683649374e-15,4.460236336258337e-11,4.460236342129122e-11,4.460236634278105e-11,4.460236343715717e-11,1.2239389125619673e-17,4.460236347362632e-11,4.4602363501734996e-11,4.460236537711863e-11,4.460236806671562e-11,4.460236348244004e-11,4.8561256520340236e-18,4.77682494656213e-18,4.4602367994007254e-11,1.096711058339682e-14,4.460236804733891e-11,4.460236472119704e-11,4.460236991838892e-11,4.460236472700556e-11,7.880958699979073e-15,4.460236803651181e-11,1.3558787710857793e-14,4.768990647083231e-18,4.460236547742902e-11,7.880958654054576e-15,4.460236568760795e-11,4.4602369713581505e-11,4.460236806422461e-11,8.880580207633557e-08,2.1959758512696585e-14,7.880958675460006e-15,7.880958684683825e-15,4.4602366589804775e-11,4.460236631342802e-11,4.460236657124299e-11,4.460236851446028e-11,7.880958726958269e-15,7.880958650866331e-15,7.880958689190138e-15,4.460236803615905e-11
1.7650460689568106e-06,1.1129765497734792e-14,1.0382951975417644e-07,4.709129839464715e-18,5.214796631121548e-11,1.0382951975417643e-07,5.214797158874224e-11,4.698722062633452e-18,5.214796871867536e-11,5.214796971297724e-11,5.214797185847408e-11,5.2147968717389976e-11,5.214797166810795e-11,4.694836694362301e-18,4.8129806700697245e-18,9.064310574919573e-07,1.9683588578188496e-14,5.214796968666109e-11,5.2147971616059596e-11,1.038295295820015e-07,5.214796971825125e-11,5.214797166561784e-11,1.0382952958200151e-07,4.755332768802679e-18,5.21479662889823e-11,5.214796632736297e-11,5.214796970117005e-11,5.2147966354622336e-11,2.7934277504690763e-14,5.2147966306460333e-11,5.214796630369952e-11,5.21479685646488e-11,5.214797166561784e-11,5.2147966305223925e-11,1.1129763421594277e-14,1.1129763442347633e-14,5.214797168060024e-11,1.2821785830021378e-14,5.2147971687477575e-11,1.0382952958200151e-07,5.2147974238209523e-11,1.038295295820015e-07,4.731249295191611e-18,5.2147971678568284e-11,7.958345876105923e-18,1.112976338326516e-14,5.214796871561333e-11,4.72286824224673e-18,1.0382953191411087e-07,5.2147974242492716e-11,5.214797162891402e-11,1.0382951975417643e-07,2.5673367065845585e-14,4.7718626142874376e-18,4.786238991306671e-18,5.214797003289515e-11,5.214796970139016e-11,5.214797003668246e-11,5.2147972668110577e-11,4.592956310654015e-18,4.823808263599151e-18,4.732344418154266e-18,5.214797161997016e-11
1.8509510876255203e-06,2.0337426275885574e-14,1.8973462893119112e-07,8.439230702680324e-18,9.529346823531098e-11,1.8973462893119133e-07,1.897346606591469e-07,8.489070360381814e-18,9.529347248554578e-11,9.529347434648024e-11,9.529347823068603e-11,9.529347240568074e-11,1.8973466065914668e-07,8.489070360381814e-18,8.439230702680324e-18,1.9683588578188496e-14,9.064310853365069e-07,9.529347420327513e-11,1.897346606591469e-07,1.8973464688799574e-07,9.529347419817603e-11,1.8973466065914694e-07,1.8973464688799603e-07,8.439230702680324e-18,9.529346830810586e-11,9.529346823725524e-11,9.52934742482841e-11,9.529346822868746e-11,5.104421617813762e-14,9.529346815322438e-11,9.529346819343124e-11,1.897346497417895e-07,1.897346606591469e-07,9.529346822868746e-11,2.0337422477158452e-14,2.0337422515231117e-14,1.897346606591469e-07,2.3429191130277215e-14,1.8973466065914675e-07,1.8973464688799587e-07,1.8973466900004615e-07,1.8973464688799608e-07,8.439230702680324e-18,1.897346606591469e-07,2.896587897493643e-14,2.0337422407026733e-14,9.529347241833777e-11,8.489070360381814e-18,1.8973465114946018e-07,1.8973466900004591e-07,1.8973466065914694e-07,1.8973462893119133e-07,4.691273027139193e-14,8.503796361264643e-18,8.484897389331567e-18,9.52934749372177e-11,9.529347434648024e-11,9.52934749372177e-11,1.897346630718605e-07,8.439230702680324e-18,8.487498314015594e-18,8.439230702680324e-18,1.897346606591469e-07
1.0000059230607397,5.3879353588798935e-11,1.0000053767410078,4.4602366497596406e-11,1.0000054432823584,1.0000053767410075,1.0000055450343361,4.4602366498350465e-11,1.000005489497694,1.0000055081186159,1.0000055492488622,1.000005489497694,1.0000055450343355,4.460236613184026e-11,4.460236634617205e-11,5.214796968666109e-11,9.529347420327513e-11,1.0000064145495158,1.0000055450343361,1.0000054720560285,1.000005508118618,1.0000055450343357,1.0000054720560303,4.460236675356923e-11,1.0000054423466103,1.0000054432823582,1.0000055081186159,1.0000054432823577,1.3524512591929242e-10,1.0000054432823584,1.0000054432823584,1.0000054870876596,1.0000055450343361,1.0000054432823584,5.3879343126888816e-11,5.387934322907863e-11,1.0000055450343348,6.208014431266901e-11,1.0000055450343353,1.0000054720560299,1.0000055892805755,1.0000054720560299,4.46023667694976e-11,1.0000055450343357,7.674662659778615e-11,5.3879342955621e-11,1.0000054894976949,4.460236673474645e-11,1.0000054945619767,1.000005589280574,1.0000055450343355,1.0000053767410075,2.4752522054281023e-07,4.460236667837843e-11,4.460236671987852e-11,1.0000055145037703,1.000005508118617,1.0000055145037712,1.0000055579365261,4.460236692837828e-11,4.460236669940886e-11,4.4602366951094396e-11,1.0000055450343344
1.0000059599764206,5.387935543164433e-11,1.0000054136567218,4.460236813283625e-11,1.0000054801980753,1.0000054136567216,1.0000055819500566,4.460236821948676e-11,1.0000055264134122,1.0000055450343348,1.0000055861645825,1.0000055264134122,1.0000055819500562,4.460236769550896e-11,4.460236802754231e-11,5.2147971616059596e-11,1.897346606591469e-07,1.0000055450343361,1.0000064883809503,1.0000055089717446,1.0000055450343373,1.0000055819500557,1.0000055089717463,4.460236838119955e-11,1.0000054792623265,1.0000054801980736,1.0000055450343355,1.000005480198073,2.6928064319023237e-07,1.0000054801980758,1.0000054801980753,1.0000055240033756,1.0000055819500562,1.0000054801980747,5.3879345276332313e-11,5.3879345310813983e-11,1.0000055819500562,6.208014662814091e-11,1.000005581950056,1.0000055089717463,1.0000056261962962,1.000005508971747,4.460236843266931e-11,1.0000055819500562,1.5280684483744235e-07,5.387934504017771e-11,1.000005526413413,4.4602368296510306e-11,1.000005531477694,1.0000056261962957,1.0000055819500557,1.0000054136567218,2.4752522960032523e-07,4.460236835724542e-11,4.4602368410825975e-11,1.0000055514194888,1.0000055450343353,1.0000055514194899,1.0000055948522457,4.460236864789035e-11,4.4602368339734106e-11,4.460236849461631e-11,1.0000055819500553
1.000005886998198,1.0727681192375037e-07,1.0000053406784237,4.460236485152352e-11,1.000005407219771,1.0000053406784233,1.0000055089717463,4.460236493888411e-11,1.0000054534351055,1.0000054720560272,1.0000055131862713,1.0000054534351055,1.0000055089717452,4.460236445142129e-11,4.460236471480148e-11,1.038295295820015e-07,1.8973464688799574e-07,1.0000054720560285,1.0000055089717446,1.0000063424243313,1.0000054720560296,1.0000055089717443,1.00000543599344,4.460236510499485e-11,1.0000054062840231,1.000005407219771,1.0000054720560279,1.0000054072197697,2.692806236486482e-07,1.000005407219772,1.0000054072197708,1.00000545102507,1.0000055089717463,1.0000054072197715,1.0727679109182844e-07,1.0727679131772454e-07,1.0000055089717461,1.2360504575621262e-07,1.0000055089717457,1.00000543599344,1.0000055532179823,1.0000054359934412,4.460236512544427e-11,1.0000055089717454,7.674662379120066e-11,1.0727679077290217e-07,1.0000054534351053,4.4602365034135206e-11,1.000005458499387,1.0000055532179815,1.0000055089717443,1.0000053406784233,2.475252116448933e-07,4.4602365004341776e-11,4.460236511119262e-11,1.0000054784411798,1.000005472056028,1.0000054784411818,1.0000055218739348,4.4602365384608025e-11,4.460236503484693e-11,4.4602365218356994e-11,1.0000055089717452
1.000005923060742,5.3879353581537833e-11,1.0000053767410093,4.460236650556781e-11,1.0000054432823606,1.0000053767410084,1.0000055450343375,4.460236654254533e-11,1.0000054894976969,1.0000055081186179,1.0000055492488644,1.0000054894976969,1.0000055450343361,4.460236611142192e-11,4.460236635014214e-11,5.214796971825125e-11,9.529347419817603e-11,1.000005508118618,1.0000055450343373,1.0000054720560296,1.0000064145495182,1.000005545034338,1.0000054720560299,4.460236678688481e-11,1.0000054423466114,1.0000054432823595,1.0000055081186177,1.0000054432823589,1.3524512581302693e-10,1.0000054432823617,1.0000054432823606,1.0000054870876598,1.0000055450343375,1.0000054432823595,5.3879343119252956e-11,5.3879343231634e-11,1.000005545034337,6.208014431004367e-11,1.0000055450343377,1.0000054720560305,1.0000055892805766,1.0000054720560312,4.460236668240787e-11,1.0000055450343375,7.674662660495182e-11,5.3879342955433e-11,1.0000054894976969,4.4602366716827884e-11,1.0000054945619767,1.0000055892805755,1.000005545034338,1.0000053767410086,2.475252205428107e-07,4.460236666086017e-11,4.460236674482122e-11,1.0000055145037723,1.0000055081186188,1.000005514503773,1.000005557936528,4.4602366981179795e-11,4.4602366620456864e-11,4.46023668373696e-11,1.0000055450343366
1.000005959976423,5.387935569125867e-11,1.0000054136567222,4.460236812269636e-11,1.000005480198075,1.0000054136567205,1.000005581950056,4.4602368219470336e-11,1.0000055264134122,1.0000055450343341,1.0000055861645825,1.0000055264134122,1.0000055819500573,4.460236769405127e-11,4.460236802394526e-11,5.214797166561784e-11,1.8973466065914694e-07,1.0000055450343357,1.0000055819500557,1.0000055089717443,1.000005545034338,1.0000064883809512,1.0000055089717461,4.4602368390459205e-11,1.0000054792623272,1.000005480198074,1.0000055450343353,1.0000054801980731,2.692806431902322e-07,1.000005480198075,1.000005480198075,1.0000055240033772,1.0000055819500566,1.0000054801980753,5.387934547047186e-11,5.3879345297684714e-11,1.000005581950057,6.208014650244763e-11,1.0000055819500562,1.0000055089717466,1.0000056261962968,1.000005508971747,4.460236843266931e-11,1.0000055819500566,1.528068448374423e-07,5.3879345145297146e-11,1.0000055264134122,4.460236835860881e-11,1.000005531477694,1.0000056261962957,1.0000055819500568,1.0000054136567214,2.4752522960032523e-07,4.460236839349881e-11,4.460236836475019e-11,1.0000055514194885,1.0000055450343355,1.0000055514194908,1.0000055948522466,4.460236858824202e-11,4.460236826633332e-11,4.460236853794501e-11,1.0000055819500553
1.0000058869981965,1.0727681192375049e-07,1.0000053406784233,4.460236486545798e-11,1.000005407219773,1.0000053406784235,1.000005508971747,4.4602364931532724e-11,1.000005453435107,1.0000054720560287,1.0000055131862713,1.000005453435107,1.0000055089717461,4.460236444805672e-11,4.4602364697965024e-11,1.0382952958200151e-07,1.8973464688799603e-07,1.0000054720560303,1.0000055089717463,1.00000543599344,1.0000054720560299,1.0000055089717461,1.0000063424243313,4.460236512002872e-11,1.0000054062840245,1.0000054072197722,1.0000054720560287,1.0000054072197726,2.6928062364864843e-07,1.0000054072197733,1.000005407219773,1.0000054510250713,1.0000055089717468,1.0000054072197724,1.0727679109182847e-07,1.0727679131772464e-07,1.0000055089717461,1.236050457562127e-07,1.0000055089717468,1.0000054359934418,1.000005553217983,1.0000054359934423,4.46023651735119e-11,1.0000055089717466,7.674662401200986e-11,1.0727679077290223e-07,1.000005453435107,4.460236501623616e-11,1.0000054584993874,1.000005553217982,1.0000055089717466,1.0000053406784237,2.475252116448934e-07,4.4602365018178627e-11,4.460236506671753e-11,1.0000054784411814,1.0000054720560287,1.0000054784411825,1.0000055218739352,4.46023653848665e-11,4.4602365029668495e-11,4.4602365252607325e-11,1.0000055089717452
1.7500223725324583e-06,4.864611400754322e-18,8.880580287356593e-08,7.880958668045502e-15,4.460236381697172e-11,8.880580287356593e-08,4.460236835762254e-11,7.880958690811922e-15,4.460236586718743e-11,4.460236677437638e-11,4.460236852316706e-11,4.460236586287486e-11,4.46023683751011e-11,7.880958623922087e-15,7.880958683649374e-15,4.755332768802679e-18,8.439230702680324e-18,4.460236675356923e-11,4.460236838119955e-11,4.460236510499485e-11,4.460236678688481e-11,4.4602368390459205e-11,4.460236512002872e-11,9.064310568659458e-07,4.4602363796667206e-11,4.4602363838101995e-11,4.460236681673675e-11,4.46023638382006e-11,1.2133501445566062e-17,4.460236385442909e-11,4.460236386869908e-11,4.460236579049335e-11,4.460236841581451e-11,4.4602363791647894e-11,4.8350843532109965e-18,4.864611400754322e-18,4.460236837750062e-11,1.0967110682084321e-14,4.4602368416335554e-11,4.4602365100852376e-11,4.460237032197151e-11,4.460236509065742e-11,7.880958770357652e-15,4.460236837399185e-11,1.3558787832588175e-14,4.7416396963487614e-18,4.4602365874170677e-11,7.880958724433163e-15,4.460236621567079e-11,4.460237023151529e-11,4.460236841195128e-11,8.880580287356593e-08,2.19597587111339e-14,7.880958745838594e-15,7.880958755062418e-15,4.4602366957996915e-11,4.460236676870426e-11,4.460236696397201e-11,4.460236891998354e-11,7.88095879733685e-15,7.880958721244914e-15,7.880958759568728e-15,4.460236837750062e-11
1.0000058572888093,5.3879350045767036e-11,1.0000053109690115,4.460236356361678e-11,1.0000053775103563,1.000005310969009,1.000005479262328,4.460236364779657e-11,1.0000054237256886,1.000005442346609,1.0000054834768517,1.0000054237256886,1.0000054792623265,4.460236317000611e-11,4.460236336258337e-11,5.21479662889823e-11,9.529346830810586e-11,1.0000054423466103,1.0000054792623265,1.0000054062840231,1.0000054423466114,1.0000054792623272,1.0000054062840245,4.4602363796667206e-11,1.0000062830055065,1.0000053775103552,1.0000054423466103,1.0000053775103555,1.352451172456363e-10,1.0000053775103568,1.0000053775103563,1.0000054213156533,1.0000054792623272,1.0000053775103555,5.38793395944809e-11,5.387933971087627e-11,1.000005479262327,1.2360504212597335e-07,1.000005479262327,1.0000054062840242,1.000005523508563,1.0000054062840245,4.460236383704168e-11,1.0000054792623272,7.674662146901766e-11,5.387933944506013e-11,1.0000054237256886,4.46023637368432e-11,1.0000054287899705,1.0000055235085619,1.0000054792623272,1.0000053109690097,1.2431854840847578e-10,4.4602363765647145e-11,4.4602363809367524e-11,1.000005448731762,1.0000054423466103,1.0000054487317636,1.0000054921645154,4.4602364053125534e-11,4.460236374359496e-11,4.460236391009029e-11,1.000005479262326
1.000005858224556,5.387935015006618e-11,1.0000053119047578,4.460236358120666e-11,1.000005378446104,1.0000053119047572,1.0000054801980744,4.460236368510402e-11,1.000005424661437,1.0000054432823582,1.000005484412601,1.000005424661437,1.0000054801980736,4.460236313758264e-11,4.460236342129122e-11,5.214796632736297e-11,9.529346823725524e-11,1.0000054432823582,1.0000054801980736,1.000005407219771,1.0000054432823595,1.000005480198074,1.0000054072197722,4.4602363838101995e-11,1.0000053775103552,1.000006284876997,1.000005443282358,1.0000053784461036,1.3524511730364592e-10,1.0000053784461052,1.000005378446104,1.0000054222514023,1.0000054801980736,1.0000053784461043,5.387933967565491e-11,5.387933975957247e-11,1.0000054801980738,6.208014037630125e-11,1.0000054801980738,1.0000054072197717,1.0000055244443098,1.0000054072197726,4.460236388629203e-11,1.0000054801980736,7.674662165804503e-11,5.387933948718395e-11,1.000005424661437,4.460236376924732e-11,1.0000054297257168,1.000005524444309,1.0000054801980738,1.0000053119047574,1.2431854865368264e-10,4.460236380556704e-11,4.460236381566164e-11,1.0000054496675101,1.0000054432823584,1.0000054496675108,1.0000054931002635,4.4602364132379556e-11,4.460236380189461e-11,4.460236399936762e-11,1.0000054801980731
1.000005923060737,5.3879353583032316e-11,1.0000053767410082,4.460236652440656e-11,1.0000054432823595,1.0000053767410073,1.0000055450343353,4.4602366563005254e-11,1.0000054894976942,1.0000055081186152,1.0000055492488615,1.0000054894976944,1.0000055450343355,4.460236611223011e-11,4.460236634278105e-11,5.214796970117005e-11,9.52934742482841e-11,1.0000055081186159,1.0000055450343355,1.0000054720560279,1.0000055081186177,1.0000055450343353,1.0000054720560287,4.460236681673675e-11,1.0000054423466103,1.000005443282358,1.0000064145495178,1.0000054432823577,1.3524512577837176e-10,1.0000054432823586,1.0000054432823595,1.000005487087658,1.0000055450343357,1.000005443282358,5.387934312055971e-11,5.387934323145516e-11,1.000005545034335,6.208014430946552e-11,1.0000055450343341,1.0000054720560287,1.000005589280574,1.0000054720560299,4.46023667694976e-11,1.0000055450343357,7.674662659303257e-11,5.38793429588562e-11,1.000005489497694,4.4602366722368676e-11,1.0000054945619756,1.0000055892805741,1.0000055450343361,1.0000053767410073,2.475252205428102e-07,4.460236666533806e-11,4.46023667046912e-11,1.0000055145037694,1.000005508118616,1.0000055145037707,1.0000055579365261,4.460236692780307e-11,4.4602366673174803e-11,4.460236684228697e-11,1.0000055450343348
1.0000058582245541,5.38793501225815e-11,1.0000053119047567,4.4602363605337545e-11,1.0000053784461036,1.0000053119047574,1.0000054801980738,4.460236365451055e-11,1.0000054246614358,1.0000054432823566,1.0000054844125998,1.0000054246614358,1.0000054801980738,4.460236318873878e-11,4.460236343715717e-11,5.2147966354622336e-11,9.529346822868746e-11,1.0000054432823577,1.000005480198073,1.0000054072197697,1.0000054432823589,1.0000054801980731,1.0000054072197726,4.46023638382006e-11,1.0000053775103555,1.0000053784461036,1.0000054432823577,1.0000062848769968,1.3524511735137013e-10,1.0000053784461045,1.0000053784461036,1.0000054222514014,1.000005480198074,1.0000053784461038,5.3879339690444134e-11,5.387933976987065e-11,1.0000054801980736,6.20801403922951e-11,1.0000054801980736,1.0000054072197717,1.0000055244443098,1.0000054072197717,4.460236382031528e-11,1.000005480198074,7.674662165804503e-11,5.387933944372046e-11,1.000005424661436,4.460236378349125e-11,1.0000054297257173,1.0000055244443085,1.000005480198073,1.0000053119047574,1.2431854864793234e-10,4.460236379025678e-11,4.4602363815598165e-11,1.0000054496675095,1.000005443282358,1.0000054496675108,1.0000054931002629,4.4602364103654876e-11,4.4602363767174805e-11,4.4602364032378926e-11,1.0000054801980722
1.930496976465883e-06,2.886219475918249e-14,2.692805981687209e-07,1.2239389125619673e-17,1.3524511733848499e-10,2.6928059816872074e-07,2.6928064319023247e-07,1.1973843383587428e-17,2.692806283371636e-07,1.3524512588184218e-10,2.6928064433441225e-07,2.692806283371636e-07,2.692806431902323e-07,1.2239389125619673e-17,1.2239389125619673e-17,2.7934277504690763e-14,5.104421617813762e-14,1.3524512591929242e-10,2.6928064319023237e-07,2.692806236486482e-07,1.3524512581302693e-10,2.692806431902322e-07,2.6928062364864843e-07,1.2133501445566062e-17,1.352451172456363e-10,1.3524511730364592e-10,1.3524512577837176e-10,1.3524511735137013e-10,9.064311227754423e-07,1.3524511725163733e-10,1.352451172690607e-10,1.3524512328135652e-10,2.692806431902326e-07,1.3524511724986977e-10,2.886218935524468e-14,2.886218940965974e-14,2.692806431902325e-07,3.324977299408372e-14,2.692806431902323e-07,2.6928062364864864e-07,2.6928065502581754e-07,2.6928062364864875e-07,1.2120382707264136e-17,2.692806431902326e-07,4.110727752627396e-14,2.886218925551793e-14,2.692806283371636e-07,1.2058495691555612e-17,2.6928062969635864e-07,2.692806550258172e-07,2.6928064319023237e-07,2.692805981687207e-07,6.657644924642347e-14,1.2120314964665267e-17,1.2239389125619673e-17,2.6928063502533435e-07,1.3524512576511402e-10,2.692806350253349e-07,2.6928064661303475e-07,1.2008411450416929e-17,1.2068447775622499e-17,1.2068447775622499e-17,2.692806431902321e-07
1.0000058582245561,5.387935010852961e-11,1.0000053119047596,4.46023636314762e-11,1.0000053784461058,1.0000053119047592,1.000005480198076,4.460236364068718e-11,1.0000054246614378,1.0000054432823589,1.0000054844126023,1.0000054246614378,1.000005480198075,4.460236318315047e-11,4.460236347362632e-11,5.2147966306460333e-11,9.529346815322438e-11,1.0000054432823584,1.0000054801980758,1.000005407219772,1.0000054432823617,1.000005480198075,1.0000054072197733,4.460236385442909e-11,1.0000053775103568,1.0000053784461052,1.0000054432823586,1.0000053784461045,1.3524511725163733e-10,1.0000062848770024,1.0000053784461058,1.0000054222514023,1.000005480198075,1.0000053784461052,5.387933964001225e-11,5.387933982005295e-11,1.000005480198075,6.208014037197436e-11,1.000005480198076,1.0000054072197728,1.000005524444311,1.0000054072197733,4.460236385960373e-11,1.0000054801980747,7.674662162780493e-11,5.387933952693816e-11,1.0000054246614378,4.460236378349125e-11,1.0000054297257177,1.00000552444431,1.0000054801980753,1.000005311904759,1.243185486297831e-10,4.4602363831774477e-11,4.460236390614031e-11,1.0000054496675115,1.0000054432823586,1.0000054496675128,1.0000054931002649,4.460236409765732e-11,4.4602363787329526e-11,4.4602364032378926e-11,1.000005480198075
