0.9999999999999984,1.0000000000027789,0.9999999999973455,1.4400651792356456e-12,-3.007317847636341e-11,6.040850806227454e-13,1.0000000000015405,8.470523965090164e-13,5.740010536292213e-13,1.0187428710505729e-12,1.019730704001527e-12,1.8616706675235746e-12,8.311493250282359e-13,6.305443110144986e-13,3.2338963716391075e-12,1.5058412073330121e-12,7.245871217069367e-13,1.0000000000024354,1.5275047713714753e-11,0.9999999999980017,1.5277980477386128e-11,0.9999999999974242,-2.482725116176376e-11,1.0000000000071665,-1.4372293082078944e-12,0.9999999999971421,8.469838877305533e-13,7.188270367338261e-13,-1.821400020103182e-11,8.890589264483364e-13,1.7542304868068032e-12,8.875034495828364e-13,1.00000000000189,7.216288739186034e-13,7.187925330949642e-13,8.366059671230077e-13,1.50413699408973e-12,7.263987922143443e-13,9.100762058079476e-13,1.476759357476238e-11,8.372743439172043e-13,1.5015805104175575e-12,1.4204479295646384e-12,8.84912245417303e-13,9.118255950866528e-13,6.829954279853166e-13
1.0000000000027789,1.0000000000064362,1.0000000000012703,2.2749054369185235e-16,-3.1071755777003256e-11,-1.9314432714529678e-16,1.0000000000056464,-6.749347857684358e-17,-2.0498948337864424e-16,1.2741259788481588e-17,1.755397896932129e-17,4.3252134063168474e-16,-7.678894712323494e-17,-1.76490883933038e-16,2.1933687824852584e-12,2.5915216714645205e-16,-1.3464612532981063e-16,1.0000000000064608,1.4281238922962874e-11,1.0000000000019211,1.4282713461115418e-11,1.0000000000014075,-2.5827677732119617e-11,1.0000000000111464,-1.22281870418249e-15,1.000000000001066,-6.729275531651696e-17,-1.3328228121593948e-16,-1.9205648525087295e-11,-5.101213902254591e-17,3.743118906296223e-16,-5.1402226408153084e-17,1.0000000000058125,-1.3365450061767073e-16,-1.337041370143517e-16,-7.353155185094085e-17,2.599345828818505e-16,-1.3135365924570398e-16,-3.527272174439134e-17,1.3773798362307168e-11,-7.479361688890989e-17,2.5948066260284706e-16,2.1660637955867627e-16,-5.1308462412810164e-17,-3.8408084945309245e-17,-1.5376688295566847e-16
0.9999999999973455,1.0000000000012703,0.9999999999954061,2.258846116842703e-16,-1.563695279323553e-14,-1.941890890013403e-16,1.000000000000109,-6.990984844957334e-17,-2.0679762216272389e-16,1.1529377597543192e-17,1.562365618158507e-17,4.317804936008244e-16,-7.796780378152993e-17,-1.773881184325572e-16,1.0997988147281552e-15,2.5786433968034865e-16,-1.3602191874931915e-16,1.0000000000009388,7.183237455669376e-15,0.9999999999964151,7.184463653962873e-15,0.9999999999958925,-1.2998157006410571e-14,1.0000000000056295,-2.436177852033192e-12,0.9999999999955596,-6.956520046202498e-17,-1.345960976307919e-16,-9.666084712438856e-15,-5.2298353982709254e-17,3.73569721121081e-16,-5.3120239646110373e-17,1.0000000000003066,-1.3468137613487463e-16,-1.351642688267046e-16,-7.546553832066575e-17,2.5892896233304537e-16,-1.3281193137014221e-16,-3.6572495208095365e-17,6.9278697716129984e-15,-7.575056659663311e-17,2.580987935223322e-16,2.1535457406276864e-16,-5.275292444734922e-17,-4.034050290221888e-17,-1.549470879365444e-16
1.4400651792356456e-12,2.2749054369185235e-16,2.258846116842703e-16,-3.506238401461666e-13,1.7365151588987376e-19,-3.0312410297939967e-19,4.552125922415765e-13,6.638773306154849e-19,3.3486526677147175e-19,-1.82034426290599e-19,7.997886936871506e-17,1.47058716009077e-16,-1.4337744116484307e-19,-2.0095145970742946e-19,2.652184991491861e-19,3.7991007080134067e-16,-3.320612926505286e-20,2.2751189988238185e-16,6.336684309278538e-19,2.257863687203242e-16,1.3483145253509693e-19,2.269894787215907e-16,4.223575130635518e-19,2.2723127282861176e-16,1.6520846211523526e-19,2.257454719615615e-16,6.464173278012517e-19,-3.320612926408798e-20,1.8560615590829691e-19,8.51165725880576e-20,1.2999597164426918e-16,1.2706349110427645e-19,2.2643006757089532e-16,3.843138432304452e-20,2.2530680644014344e-19,-9.211354918054386e-20,3.7991007079373506e-16,2.0105726324979923e-19,-2.11939148532665e-19,4.0482078268581113e-19,1.3951141068513266e-16,3.79910070820654e-16,3.411170545640959e-16,1.2706405087616677e-19,-1.1498336635954087e-19,-1.1037201563092435e-19
-3.007317847636341e-11,-3.1071755777003256e-11,-1.563695279323553e-14,1.7365151588987376e-19,-3.5019071224447364e-13,7.271560830254973e-19,-3.1065904582991044e-11,-2.9632515525581527e-20,2.8761680674013787e-19,-2.343291069469624e-20,4.811718661620107e-20,7.606000050456514e-20,4.636754325277176e-20,-4.9431220734014145e-20,1.1397613635662186e-16,3.6204696481085284e-19,3.835667521816065e-19,-3.107141764332639e-11,1.003225936228258e-18,-1.563757197183849e-14,5.844172184747712e-19,-3.1074485200219746e-11,8.690013852439652e-16,-3.1073832477574224e-11,4.643515894343209e-19,-1.563772303685064e-14,4.399039670508085e-20,3.2006441497692166e-19,7.183451464041068e-16,-2.084284298259288e-20,-8.125772737665472e-19,1.572561216695332e-19,-1.5636562596556257e-14,-1.7796471993177546e-19,1.7936232868377678e-19,7.324422456310443e-19,2.209983178190337e-19,2.3596055217624265e-19,1.5147563543901204e-19,1.3246923585602055e-19,3.295178017620159e-19,3.6204696481085284e-19,-1.9789987832748458e-20,-2.0842842982606313e-20,5.902966300814862e-20,1.82288337197182e-19
6.040850806227454e-13,-1.9314432714529678e-16,-1.941890890013403e-16,-3.0312410297939967e-19,7.271560830254973e-19,-3.5063409284326624e-13,-3.8037816878989263e-13,-2.863563795909579e-20,4.073142310397527e-20,-8.274343667244314e-21,4.2048973675752727e-19,-6.042419256101203e-20,2.6350527368676396e-19,2.808717570949021e-16,7.305466345139918e-20,8.370131036302706e-20,-1.5424798677689514e-19,-1.9271751048944817e-16,2.0846719876734179e-19,-1.9526679870804133e-16,-1.259803071667411e-20,-1.9371576254477456e-16,6.936433928051853e-19,-1.933689935357947e-16,1.559683539217097e-19,-1.9435714352365183e-16,-2.863605020032046e-20,-1.5424798677689514e-19,1.8084353799590497e-19,7.216523926486522e-19,-2.845431725885056e-17,7.216523926486528e-19,-1.9406017688375077e-16,5.2834291278908617e-20,-1.5424798677689514e-19,2.525951820818197e-16,8.370162625297762e-20,2.875689677517269e-19,3.759064195942028e-20,-4.183653630451184e-19,1.2183950449349496e-19,8.3701310361894e-20,-2.7797248610201923e-19,5.206983715269658e-19,1.7379174255265101e-19,2.0300583125831987e-16
1.0000000000015405,1.0000000000056464,1.000000000000109,4.552125922415765e-13,-3.1065904582991044e-11,-3.8037816878989263e-13,1.0000000000041638,-1.3172482086315127e-13,-4.0446981624238974e-13,3.0109386902405607e-14,3.759187409237396e-14,8.628630867664922e-13,-1.4986499415989557e-13,-3.4808204449598235e-13,2.2000323822507648e-12,5.182815729051789e-13,-2.6424531026704036e-13,1.0000000000053162,1.4286009024765577e-11,1.0000000000007578,1.4287483562918199e-11,1.0000000000002538,-2.5821877343074987e-11,1.000000000009993,-2.4266070942426653e-12,0.9999999999999037,-1.310509781999636e-13,-2.614694085458072e-13,-1.920116758229594e-11,-9.835878345754967e-14,7.468953991446173e-13,-9.878693476808929e-14,1.0000000000046496,-2.6265890666583233e-13,-2.630433376730372e-13,-1.4350936041868443e-13,5.2064841033815e-13,-2.5775515433184695e-13,-6.760799384644767e-14,1.3778496100494165e-11,-1.451612404843019e-13,5.191033125551773e-13,4.332196544472908e-13,-9.874261832040219e-14,-7.402817930108032e-14,-3.024746874956941e-13
8.470523965090164e-13,-6.749347857684358e-17,-6.990984844957334e-17,6.638773306154849e-19,-2.9632515525581527e-20,-2.863563795909579e-20,-1.3172482086315127e-13,-3.507546237357299e-13,-5.166611533593109e-20,1.5946213015530457e-16,1.5108803850128982e-16,2.380777741680763e-22,2.2365469202307376e-19,2.6273809348982386e-19,-1.7726093642547984e-20,2.2963808072679166e-20,-1.8900886245680808e-20,-6.771414247879355e-17,-8.781894221477529e-20,-6.985554672685716e-17,-8.78189422147177e-20,-6.842404454107759e-17,4.1735122014478217e-19,-6.847466313276973e-17,3.634028547471504e-19,-6.926031911084238e-17,2.1145378389067268e-16,-1.5425297884979492e-20,2.7391289233449113e-19,-1.8356379678997075e-19,-5.4145316288981363e-20,-4.045152573781214e-19,-6.962855822348215e-17,-3.1029862047505783e-19,-1.5425297884979492e-20,8.519080020975848e-19,-7.596827889846936e-21,2.4261574880454406e-21,-1.3135167005074378e-19,2.9140978621108055e-19,2.717945248667464e-19,2.2963808072029174e-20,6.884711769608984e-20,-1.8356379678997018e-19,1.5010058815530397e-16,4.80878580480743e-19
5.740010536292213e-13,-2.0498948337864424e-16,-2.0679762216272389e-16,3.3486526677147175e-19,2.8761680674013787e-19,4.073142310397527e-20,-4.0446981624238974e-13,-5.166611533593109e-20,-3.506245717508356e-13,1.1747338909031629e-19,9.281352050670938e-20,-9.478653857082206e-17,2.271342947574663e-16,2.0915748103553227e-19,2.97856427067891e-19,-2.21827712082785e-19,4.932537810523755e-19,-2.0505182311621097e-16,1.8764816821283985e-19,-2.0695893386416004e-16,1.8764816821430606e-19,-2.0596713064837791e-16,1.6114343394871548e-19,-2.0574321491970826e-16,1.2106035735578058e-19,-2.0707189312453027e-16,1.3847839185298322e-19,4.932537810523756e-19,4.804964128009621e-19,2.206420577862655e-20,-8.645568997089818e-17,2.2064205778626688e-20,-2.0639436247142074e-16,3.6662319084281415e-19,4.122898309278857e-20,6.15606236056355e-19,-2.21827712082785e-19,2.3717988257706605e-16,2.0587942608354686e-16,3.5879858746958933e-19,-3.669093785686964e-19,-1.643238139231594e-19,1.740725829042415e-19,1.1154491283971898e-19,4.46239006172031e-19,4.482045680449541e-19
1.0187428710505729e-12,1.2741259788481588e-17,1.1529377597543192e-17,-1.82034426290599e-19,-2.343291069469624e-20,-8.274343667244314e-21,3.0109386902405607e-14,1.5946213015530457e-16,1.1747338909031629e-19,-3.4893323105023806e-13,9.561388439805332e-17,-6.561526718393427e-17,1.2333221551072763e-16,2.2719863548197e-19,-3.8599743837428e-20,6.36150082048874e-20,-1.652549247432679e-19,1.389344461838141e-17,-9.335366852028044e-20,1.196542258379203e-17,2.1226172291751494e-19,1.2660535321046318e-17,-4.144695270891028e-20,1.2821043358871297e-17,-2.32248199179945e-19,1.191818085933758e-17,1.594621300197444e-16,8.504900977336033e-20,-1.5058314882001398e-19,1.65228909278097e-19,-3.571093983372423e-20,3.2223781210858183e-19,1.2315246436104892e-17,6.473601692644027e-20,1.5954958169900266e-20,3.193796902213812e-19,-1.3002172847395589e-19,2.0517381592339083e-18,1.0237485138998374e-16,1.5532921922536539e-19,3.491376834394236e-19,-8.344324728421992e-20,1.6275522174080645e-19,-4.983938578458372e-20,9.92651198515976e-17,1.1064176194049301e-16
1.019730704001527e-12,1.755397896932129e-17,1.562365618158507e-17,7.997886936871506e-17,4.811718661620107e-20,4.2048973675752727e-19,3.759187409237396e-14,1.5108803850128982e-16,9.281352050670938e-20,9.561388439805332e-17,-3.4894778618763825e-13,1.2775903123843869e-18,1.748323897567693e-19,-7.598433175294803e-20,-1.0856333093110217e-20,-1.198368105723391e-19,3.23889219318659e-20,1.69543357901109e-17,9.553772678105954e-20,1.5487989790662642e-17,3.0888894742502137e-19,1.6505857073039105e-17,2.9182323581040493e-16,1.6821157095592305e-17,7.597626269186395e-20,1.588566420935304e-17,1.510880383639401e-16,3.238892193174734e-20,1.600834376815967e-19,9.038281254638008e-20,-1.3147787519454666e-16,9.038281254638007e-20,1.5485873534347227e-17,3.2388921931863366e-20,-5.166957065241208e-20,-1.8086254490754277e-19,-8.170176952292883e-19,8.042215869803569e-20,2.3612389612405303e-19,-1.4289721046001002e-19,3.8205760628110187e-19,-8.170176952292879e-19,9.09096369223709e-17,9.038281254638007e-20,8.694507426952771e-17,1.459697448138936e-19
1.8616706675235746e-12,4.3252134063168474e-16,4.317804936008244e-16,1.47058716009077e-16,7.606000050456514e-20,-6.042419256101203e-20,8.628630867664922e-13,2.380777741680763e-22,-9.478653857082206e-17,-6.561526718393427e-17,1.2775903123843869e-18,-3.5071444629700817e-13,-1.1289389051121703e-16,-1.3818893048036966e-20,-6.597606240332489e-19,2.0098601487522202e-16,-2.034305357819855e-19,4.3234830287552296e-16,-1.5534182670421476e-19,4.317493057192134e-16,-1.5534114161221546e-19,4.323512928578167e-16,-4.318871223207941e-19,4.320829822718646e-16,-1.7882710227385762e-19,4.313929980445905e-16,4.663938377025218e-19,3.749430610221239e-20,1.9626367464434184e-19,4.3825974259608934e-20,-5.592291544162667e-17,-1.7859132031723884e-19,4.3143378123903804e-16,-3.222389180765813e-20,-1.410587562148504e-19,-1.1980179537266074e-19,2.0098601486846466e-16,-1.3067941070881762e-16,-1.3427287834268194e-16,-9.390131459498512e-20,3.947158573746715e-20,2.0098601489494881e-16,1.5944063287210788e-16,2.7104606355942853e-21,-8.151959061299106e-17,2.1640640680475034e-19
8.311493250282359e-13,-7.678894712323494e-17,-7.796780378152993e-17,-1.4337744116484307e-19,4.636754325277176e-20,2.6350527368676396e-19,-1.4986499415989557e-13,2.2365469202307376e-19,2.271342947574663e-16,1.2333221551072763e-16,1.748323897567693e-19,-1.1289389051121703e-16,-3.5078002698282656e-13,1.049298056876383e-19,-8.524483066836813e-20,6.332636543098691e-19,-5.951661335689874e-19,-7.649310113607406e-17,2.9579904005167654e-19,-7.8513921683647e-17,2.9579904005167654e-19,-7.779019022898197e-17,1.6842571613463855e-19,-7.766694237442144e-17,3.787543922734282e-19,-7.852110860683819e-17,3.0773144950572715e-19,-5.951661335696504e-19,8.066861881625169e-20,3.5385949329082123e-19,-1.0863302589978472e-16,3.538594932911661e-19,-7.813228830870275e-17,-5.951661335648508e-19,1.9145156699729357e-19,-3.362758758276511e-19,6.33263654312878e-19,1.5929629697249098e-16,1.3194989973670823e-16,1.7604741834730255e-20,4.771773230380457e-19,1.8003968772292183e-19,5.849108556931972e-19,-1.1808089048443093e-19,1.1478126209313546e-16,3.262376864007624e-19
6.305443110144986e-13,-1.76490883933038e-16,-1.773881184325572e-16,-2.0095145970742946e-19,-4.9431220734014145e-20,2.808717570949021e-16,-3.4808204449598235e-13,2.6273809348982386e-19,2.0915748103553227e-19,2.2719863548197e-19,-7.598433175294803e-20,-1.3818893048036966e-20,1.049298056876383e-19,-3.506371591575143e-13,1.5464596500899135e-20,-2.0752416398605237e-19,3.584660431981599e-19,-1.7647292001810268e-16,6.903504625709328e-19,-1.7865677575483812e-16,-1.709153446003595e-19,-1.777660305260475e-16,-6.45350443877856e-20,-1.7720190712026026e-16,3.5728156009445e-19,-1.788188504677882e-16,2.627372921088892e-19,3.584660431981599e-19,2.1515009347831453e-20,2.18063544889448e-19,3.14132359277613e-20,2.143073446212718e-19,-1.785141685500907e-16,9.831778375314415e-19,9.831778375314415e-19,2.5050443094764083e-16,8.572186741817568e-20,-7.900837823596533e-20,-7.373083420747803e-21,1.9377285012268959e-19,-4.1856488891086106e-19,2.4947337423486305e-20,1.2817920901627125e-19,2.143073446215051e-19,4.2571897680890595e-19,2.0001116804363522e-16
3.2338963716391075e-12,2.1933687824852584e-12,1.0997988147281552e-15,2.652184991491861e-19,1.1397613635662186e-16,7.305466345139918e-20,2.2000323822507648e-12,-1.7726093642547984e-20,2.97856427067891e-19,-3.8599743837428e-20,-1.0856333093110217e-20,-6.597606240332489e-19,-8.524483066836813e-20,1.5464596500899135e-20,-3.539266050328024e-13,-2.3108758188231015e-19,-1.6485360211740158e-19,2.193782714320032e-12,-7.59869468318122e-17,1.0995627474248775e-15,-7.598694666692078e-17,2.1901273781939594e-12,-2.5718418334395516e-17,2.190938751161777e-12,1.6068175839221676e-19,1.0997612852845004e-15,-1.772609364254918e-20,-1.6485360211740148e-19,5.4612178291249413e-17,1.5623602237928762e-19,-6.928582212746777e-20,8.412813705593403e-20,2.1857591359459208e-12,-4.3204145115632185e-20,-2.258017544525441e-19,-1.9033886550824188e-19,-3.3695868351489e-19,2.3478416784409376e-20,-1.2517259014570513e-19,-1.6903352603019188e-16,-1.8451802465933952e-20,-5.958314211597821e-19,1.5716641187315648e-20,1.341508834303323e-19,-4.294565698067657e-20,-2.7889003425966403e-19
1.5058412073330121e-12,2.5915216714645205e-16,2.5786433968034865e-16,3.7991007080134067e-16,3.6204696481085284e-19,8.370131036302706e-20,5.182815729051789e-13,2.2963808072679166e-20,-2.21827712082785e-19,6.36150082048874e-20,-1.198368105723391e-19,2.0098601487522202e-16,6.332636543098691e-19,-2.0752416398605237e-19,-2.3108758188231015e-19,-3.5050307033874564e-13,9.144523313928514e-20,2.5911746303960686e-16,1.6304796271610865e-19,2.5745977126939413e-16,1.6304796271610855e-19,2.589553488123687e-16,3.223815416388655e-19,2.585142530354215e-16,6.690295106938128e-20,2.571799368688542e-16,-6.329586652437126e-21,3.5049924976629034e-19,1.9357438172441713e-19,4.026536044227523e-20,1.831491812450384e-16,4.0265360442276607e-20,2.570272816163479e-16,3.33961792439135e-19,3.3396179264178894e-19,-7.138224704658451e-20,4.31194451430389e-16,2.5826921447389025e-19,3.831891654424388e-19,3.563401160823179e-20,9.800706574066253e-20,4.3119445145735026e-16,3.922401675120875e-16,1.898335690945093e-19,1.205313234266587e-19,1.6753571245994874e-19
7.245871217069367e-13,-1.3464612532981063e-16,-1.3602191874931915e-16,-3.320612926505286e-20,3.835667521816065e-19,-1.5424798677689514e-19,-2.6424531026704036e-13,-1.8900886245680808e-20,4.932537810523755e-19,-1.652549247432679e-19,3.23889219318659e-20,-2.034305357819855e-19,-5.951661335689874e-19,3.584660431981599e-19,-1.6485360211740158e-19,9.144523313928514e-20,-3.4892634174926777e-13,-1.3443076191687935e-16,1.693979132839346e-19,-1.3643124784932874e-16,-2.6428476303351552e-19,-1.3476926571924854e-16,1.9533037637775273e-19,-1.3524111290860609e-16,3.1861033256329687e-16,-1.3608455230431066e-16,-3.102986208272182e-19,1.135021465060118e-16,1.2453068559337503e-19,1.0992004176347622e-19,-2.0683518692461145e-19,1.2694315241980328e-19,-1.3660218045001045e-16,1.1350214640640913e-16,1.135021463140993e-16,-1.0375817736138017e-19,3.4925647492437065e-20,-7.910881927713974e-20,1.9124310962535145e-19,3.9536375709159425e-19,6.521676179764007e-20,3.3396179264178894e-19,2.5626594382851748e-20,3.221882760860714e-20,4.032390997656423e-20,-1.3463978773864022e-19
1.0000000000024354,1.0000000000064608,1.0000000000009388,2.2751189988238185e-16,-3.107141764332639e-11,-1.9271751048944817e-16,1.0000000000053162,-6.771414247879355e-17,-2.0505182311621097e-16,1.389344461838141e-17,1.69543357901109e-17,4.3234830287552296e-16,-7.649310113607406e-17,-1.7647292001810268e-16,2.193782714320032e-12,2.5911746303960686e-16,-1.3443076191687935e-16,1.0000000000057614,1.428151318054214e-11,1.0000000000015885,1.42829877186946e-11,1.0000000000010776,-2.5827343505904012e-11,1.000000000010815,-2.4311095693876307e-12,1.0000000000007347,-6.732100334310236e-17,-1.3329958322816355e-16,-1.9205390257604285e-11,-5.0954505618883145e-17,3.7376117777630984e-16,-5.143357883243201e-17,1.0000000000054803,-1.3381091415951284e-16,-1.342219618723273e-16,-7.39030968972419e-17,2.601355334462352e-16,-1.3137802662362026e-16,-3.5086003756823985e-17,1.3774069396560643e-11,-7.466613449782514e-17,2.5987979336970385e-16,2.1634359614989518e-16,-5.108561654880871e-17,-3.884235312868583e-17,-1.5372739983482e-16
1.5275047713714753e-11,1.4281238922962874e-11,7.183237455669376e-15,6.336684309278538e-19,1.003225936228258e-18,2.0846719876734179e-19,1.4286009024765577e-11,-8.781894221477529e-20,1.8764816821283985e-19,-9.335366852028044e-20,9.553772678105954e-20,-1.5534182670421476e-19,2.9579904005167654e-19,6.903504625709328e-19,-7.59869468318122e-17,1.6304796271610865e-19,1.693979132839346e-19,1.428151318054214e-11,-3.486100001165677e-13,7.182598093222424e-15,5.039261343711897e-16,7.183904845510204e-15,-2.6641246971859587e-19,1.4279583882281743e-11,8.123588228667983e-19,7.183146470805576e-15,1.8358092927422342e-19,-2.320566906032878e-20,5.329579224229943e-19,5.832943000076072e-19,-1.1621847965645275e-19,2.3007056336365156e-19,7.182388684543234e-15,-2.642847630335154e-19,2.0751127856282704e-19,8.127290070608515e-21,9.791222905608803e-20,2.8853876728014806e-19,7.909065055032016e-20,4.532787623059556e-16,-1.9934825183866934e-19,9.791222905608803e-20,1.2413455461926784e-19,5.011521984412387e-19,6.592749659399983e-20,-9.310686584811065e-20
0.9999999999980017,1.0000000000019211,0.9999999999964151,2.257863687203242e-16,-1.563757197183849e-14,-1.9526679870804133e-16,1.0000000000007578,-6.985554672685716e-17,-2.0695893386416004e-16,1.196542258379203e-17,1.5487989790662642e-17,4.317493057192134e-16,-7.8513921683647e-17,-1.7865677575483812e-16,1.0995627474248775e-15,2.5745977126939413e-16,-1.3643124784932874e-16,1.0000000000015885,7.182598093222424e-15,0.999999999996704,7.183524299102575e-15,0.9999999999965432,-1.2999106177297967e-14,1.000000000006281,-1.225484499642384e-15,0.9999999999962119,-6.897918732227677e-17,-1.3471706655309548e-16,-9.666729717789845e-15,-5.2533307442158675e-17,3.7325350066952357e-16,-5.3363912467524844e-17,1.0000000000009581,-1.3515744908329768e-16,-1.3552676548521177e-16,-7.544806389611998e-17,2.584925595169249e-16,-1.3348029361899298e-16,-3.643565594823232e-17,6.927391094703357e-15,-7.641116560318175e-17,2.58073961413544e-16,2.1487145559172307e-16,-5.300446185487103e-17,-4.087621358819989e-17,-1.5529294145163353e-16
1.5277980477386128e-11,1.4282713461115418e-11,7.184463653962873e-15,1.3483145253509693e-19,5.844172184747712e-19,-1.259803071667411e-20,1.4287483562918199e-11,-8.78189422147177e-20,1.8764816821430606e-19,2.1226172291751494e-19,3.0888894742502137e-19,-1.5534114161221546e-19,2.9579904005167654e-19,-1.709153446003595e-19,-7.598694666692078e-17,1.6304796271610855e-19,-2.6428476303351552e-19,1.42829877186946e-11,5.039261343711897e-16,7.183524299102575e-15,-3.486100001165677e-13,7.184687845605148e-15,1.6868098297177036e-19,1.4281058420434205e-11,8.123588228667986e-19,7.182992461646846e-15,2.4442207080930316e-19,-2.6428476303351552e-19,5.329579224229943e-19,1.7617102882555827e-19,-4.9321547942507893e-20,6.6969278005358434e-21,7.184039023561844e-15,-3.005304125802477e-20,-3.005304125802477e-20,8.126726777536924e-21,9.791222905608795e-20,4.892297193924849e-19,2.021926113665192e-19,4.532787623334464e-16,-1.9934825183866934e-19,9.791222905608915e-20,1.2413455461926748e-19,4.684616835414666e-19,6.592749659376614e-20,-9.310686584836662e-20
0.9999999999974242,1.0000000000014075,0.9999999999958925,2.269894787215907e-16,-3.1074485200219746e-11,-1.9371576254477456e-16,1.0000000000002538,-6.842404454107759e-17,-2.0596713064837791e-16,1.2660535321046318e-17,1.6505857073039105e-17,4.323512928578167e-16,-7.779019022898197e-17,-1.777660305260475e-16,2.1901273781939594e-12,2.589553488123687e-16,-1.3476926571924854e-16,1.0000000000010776,7.183904845510204e-15,0.9999999999965432,7.184687845605148e-15,0.9999999999956685,-2.5830358911859647e-11,1.0000000000057632,-1.2240200310307297e-15,0.9999999999956865,-6.831960273850538e-17,-1.3352187145343976e-16,-1.9207727644490207e-11,-5.1635487414878073e-17,3.7363200014310637e-16,-5.216396404752911e-17,1.0000000000004334,-1.3423193639952603e-16,-1.343858504027036e-16,-7.469482445067832e-17,2.601341535632725e-16,-1.3200592455047123e-16,-3.5692861744927896e-17,6.929903405310507e-15,-7.536676360584244e-17,2.59163869681227e-16,2.1567965859849756e-16,-5.2140951834766266e-17,-3.95454175567252e-17,-1.5478550035319787e-16
-2.482725116176376e-11,-2.5827677732119617e-11,-1.2998157006410571e-14,4.223575130635518e-19,8.690013852439652e-16,6.936433928051853e-19,-2.5821877343074987e-11,4.1735122014478217e-19,1.6114343394871548e-19,-4.144695270891028e-20,2.9182323581040493e-16,-4.318871223207941e-19,1.6842571613463855e-19,-6.45350443877856e-20,-2.5718418334395516e-17,3.223815416388655e-19,1.9533037637775273e-19,-2.5827343505904012e-11,-2.6641246971859587e-19,-1.2999106177297967e-14,1.6868098297177036e-19,-2.5830358911859647e-11,-3.5025804234081164e-13,-1.2996825957341206e-14,1.0802148119770972e-19,-2.5834034533813837e-11,3.9190679244239984e-20,1.9533037637776277e-19,6.615258274689761e-16,4.741293738352081e-19,-4.2612818527462863e-20,8.812438922565228e-20,-1.2997591149709284e-14,2.649296617447459e-19,1.5876345309343117e-19,1.9311042155632338e-19,3.223815416388655e-19,1.6598527036378464e-19,7.596122984338616e-20,6.203710933693382e-19,-7.334628228423654e-20,3.223815416388689e-19,2.7075292280876164e-19,8.078981306008449e-20,4.554895168260811e-19,-2.920726198947725e-21
1.0000000000071665,1.0000000000111464,1.0000000000056295,2.2723127282861176e-16,-3.1073832477574224e-11,-1.933689935357947e-16,1.000000000009993,-6.847466313276973e-17,-2.0574321491970826e-16,1.2821043358871297e-17,1.6821157095592305e-17,4.320829822718646e-16,-7.766694237442144e-17,-1.7720190712026026e-16,2.190938751161777e-12,2.585142530354215e-16,-1.3524111290860609e-16,1.000000000010815,1.4279583882281743e-11,1.000000000006281,1.4281058420434205e-11,1.0000000000057632,-1.2996825957341206e-14,1.0000000000151488,-2.4329877694090746e-12,1.000000000005427,-6.792140543214772e-17,-1.33543428125448e-16,-9.664260557438164e-15,-5.158983986101078e-17,3.738039829666285e-16,-5.178265199818214e-17,1.0000000000101716,-1.3462062628766066e-16,-1.3460130471399764e-16,-7.414494851657966e-17,2.596921225052258e-16,-1.3195409549497837e-16,-3.5911316995050514e-17,1.3772170547704413e-11,-7.533862855117648e-17,2.591757546112768e-16,2.159759957131923e-16,-5.1747357565645095e-17,-3.9388918708988935e-17,-1.5459763095145798e-16
-1.4372293082078944e-12,-1.22281870418249e-15,-2.436177852033192e-12,1.6520846211523526e-19,4.643515894343209e-19,1.559683539217097e-19,-2.4266070942426653e-12,3.634028547471504e-19,1.2106035735578058e-19,-2.32248199179945e-19,7.597626269186395e-20,-1.7882710227385762e-19,3.787543922734282e-19,3.5728156009445e-19,1.6068175839221676e-19,6.690295106938128e-20,3.1861033256329687e-16,-2.4311095693876307e-12,8.123588228667983e-19,-1.225484499642384e-15,8.123588228667986e-19,-1.2240200310307297e-15,1.0802148119770972e-19,-2.4329877694090746e-12,-3.5039573214763183e-13,-1.2261824676202351e-15,2.6345354278758887e-19,3.186103328009699e-16,5.112811160616606e-19,3.366753419072651e-19,1.0895606260377754e-19,4.477469793213288e-19,-1.2259276616842681e-15,3.186103326152933e-16,3.186103324605117e-16,3.6537382567554576e-19,1.0123838318686683e-19,3.012961257655253e-20,1.3500262425404862e-19,1.177561430739382e-19,5.314470801168545e-19,1.0123838318686665e-19,-2.8840596508656956e-20,-2.4444455056973055e-19,2.7075409998210424e-19,3.3951409626696083e-19
0.9999999999971421,1.000000000001066,0.9999999999955596,2.257454719615615e-16,-1.563772303685064e-14,-1.9435714352365183e-16,0.9999999999999037,-6.926031911084238e-17,-2.0707189312453027e-16,1.191818085933758e-17,1.588566420935304e-17,4.313929980445905e-16,-7.852110860683819e-17,-1.788188504677882e-16,1.0997612852845004e-15,2.571799368688542e-16,-1.3608455230431066e-16,1.0000000000007347,7.183146470805576e-15,0.9999999999962119,7.182992461646846e-15,0.9999999999956865,-2.5834034533813837e-11,1.000000000005427,-1.2261824676202351e-15,0.9999999999949968,-6.922908362409734e-17,-1.3474680567395563e-16,-9.66613067748084e-15,-5.288138786264467e-17,3.7342883021204936e-16,-5.3379000319938594e-17,1.0000000000001013,-1.352966531071523e-16,-1.354016289804097e-16,-7.577412416630705e-17,2.5866799991635006e-16,-1.326075773727986e-16,-3.682016317084821e-17,6.9275688678801486e-15,-7.641215465363795e-17,2.583108869268339e-16,2.146651807527617e-16,-5.3322095239892486e-17,-3.998605526208583e-17,-1.5464646293636347e-16
8.469838877305533e-13,-6.729275531651696e-17,-6.956520046202498e-17,6.464173278012517e-19,4.399039670508085e-20,-2.863605020032046e-20,-1.310509781999636e-13,2.1145378389067268e-16,1.3847839185298322e-19,1.594621300197444e-16,1.510880383639401e-16,4.663938377025218e-19,3.0773144950572715e-19,2.627372921088892e-19,-1.772609364254918e-20,-6.329586652437126e-21,-3.102986208272182e-19,-6.732100334310236e-17,1.8358092927422342e-19,-6.897918732227677e-17,2.4442207080930316e-19,-6.831960273850538e-17,3.9190679244239984e-20,-6.792140543214772e-17,2.6345354278758887e-19,-6.922908362409734e-17,-3.507546237357299e-13,1.752392224771516e-19,2.739128923344912e-19,-2.062161459715321e-19,-1.0323633746773273e-19,9.238728087745547e-20,-6.894247739306738e-17,-1.5425297883800922e-20,-3.1029862047505783e-19,8.51909154540022e-19,-7.596827889846844e-21,2.426157488043079e-21,4.5135991747196925e-19,1.8517528720464877e-19,2.717945248667464e-19,3.7760933469052225e-21,6.367227393138692e-19,-1.8356379678997095e-19,1.501005880185821e-16,4.808785804706971e-19
7.188270367338261e-13,-1.3328228121593948e-16,-1.345960976307919e-16,-3.320612926408798e-20,3.2006441497692166e-19,-1.5424798677689514e-19,-2.614694085458072e-13,-1.5425297884979492e-20,4.932537810523756e-19,8.504900977336033e-20,3.238892193174734e-20,3.749430610221239e-20,-5.951661335696504e-19,3.584660431981599e-19,-1.6485360211740148e-19,3.5049924976629034e-19,1.135021465060118e-16,-1.3329958322816355e-16,-2.320566906032878e-20,-1.3471706655309548e-16,-2.6428476303351552e-19,-1.3352187145343976e-16,1.9533037637776277e-19,-1.33543428125448e-16,3.186103328009699e-16,-1.3474680567395563e-16,1.752392224771516e-19,-3.4892634174926777e-13,1.4531847094311235e-19,3.2817846571116814e-19,-1.800610778156706e-19,1.8864692126591995e-19,-1.3472602889819519e-16,1.1350214654298733e-16,1.1350214645067776e-16,2.288211618364052e-20,3.4925647492436974e-20,3.8175586621745324e-20,-2.2753442537708435e-19,4.437808042191282e-19,-2.8348527804272478e-19,6.07392257535718e-20,-4.072041517786987e-19,1.0992004176335457e-19,2.4569054194562495e-19,-4.2297540495259917e-19
-1.821400020103182e-11,-1.9205648525087295e-11,-9.666084712438856e-15,1.8560615590829691e-19,7.183451464041068e-16,1.8084353799590497e-19,-1.920116758229594e-11,2.7391289233449113e-19,4.804964128009621e-19,-1.5058314882001398e-19,1.600834376815967e-19,1.9626367464434184e-19,8.066861881625169e-20,2.1515009347831453e-20,5.4612178291249413e-17,1.9357438172441713e-19,1.2453068559337503e-19,-1.9205390257604285e-11,5.329579224229943e-19,-9.666729717789845e-15,5.329579224229943e-19,-1.9207727644490207e-11,6.615258274689761e-16,-9.664260557438164e-15,5.112811160616606e-19,-9.66613067748084e-15,2.739128923344912e-19,1.4531847094311235e-19,-3.504535879770346e-13,6.976405934104455e-19,6.7173121928552e-20,3.2920577348073247e-19,-9.665949601428446e-15,1.2453068559337523e-19,2.407563572777253e-19,4.1840653623462674e-20,2.0962724961462988e-19,1.1808658591787863e-19,5.455891235698979e-19,2.883086048154131e-19,-1.1945686580041403e-19,2.0962724961436535e-19,-1.767394938112562e-20,5.157146754886174e-19,9.606282054704869e-20,-3.6139707799349683e-20
8.890589264483364e-13,-5.101213902254591e-17,-5.2298353982709254e-17,8.51165725880576e-20,-2.084284298259288e-20,7.216523926486522e-19,-9.835878345754967e-14,-1.8356379678997075e-19,2.206420577862655e-20,1.65228909278097e-19,9.038281254638008e-20,4.3825974259608934e-20,3.5385949329082123e-19,2.18063544889448e-19,1.5623602237928762e-19,4.026536044227523e-20,1.0992004176347622e-19,-5.0954505618883145e-17,5.832943000076072e-19,-5.2533307442158675e-17,1.7617102882555827e-19,-5.1635487414878073e-17,4.741293738352081e-19,-5.158983986101078e-17,3.366753419072651e-19,-5.288138786264467e-17,-2.062161459715321e-19,3.2817846571116814e-19,6.976405934104455e-19,-3.5066669819756897e-13,3.9212192317506776e-20,2.4183013828002123e-16,-5.235767915779811e-17,3.221882760860714e-20,3.221882760860714e-20,-2.0604059865749314e-19,-8.258323950915205e-20,-4.187082865556779e-20,4.1894623986493503e-19,2.2770153441001903e-19,2.2056542628560922e-16,1.0083926802636691e-19,-1.872167439992115e-19,2.418301383487399e-16,-5.097044851797165e-19,-4.801666894223024e-21
1.7542304868068032e-12,3.743118906296223e-16,3.73569721121081e-16,1.2999597164426918e-16,-8.125772737665472e-19,-2.845431725885056e-17,7.468953991446173e-13,-5.4145316288981363e-20,-8.645568997089818e-17,-3.571093983372423e-20,-1.3147787519454666e-16,-5.592291544162667e-17,-1.0863302589978472e-16,3.14132359277613e-20,-6.928582212746777e-20,1.831491812450384e-16,-2.0683518692461145e-19,3.7376117777630984e-16,-1.1621847965645275e-19,3.7325350066952357e-16,-4.9321547942507893e-20,3.7363200014310637e-16,-4.2612818527462863e-20,3.738039829666285e-16,1.0895606260377754e-19,3.7342883021204936e-16,-1.0323633746773273e-19,-1.800610778156706e-19,6.7173121928552e-20,3.9212192317506776e-20,-3.507447816100527e-13,2.5064771843652057e-19,3.735468942005175e-16,-4.0460458168148106e-20,-4.046015664928378e-20,4.2037666100341213e-19,1.8314918123937737e-16,-1.24780815614659e-16,-1.3007953851160542e-16,-3.2598605261427233e-19,2.7033727446410454e-20,1.831491812656279e-16,1.4231984612685945e-16,2.506477184365153e-19,-1.381188609427608e-20,-1.0732175181422288e-16
8.875034495828364e-13,-5.1402226408153084e-17,-5.3120239646110373e-17,1.2706349110427645e-19,1.572561216695332e-19,7.216523926486528e-19,-9.878693476808929e-14,-4.045152573781214e-19,2.2064205778626688e-20,3.2223781210858183e-19,9.038281254638007e-20,-1.7859132031723884e-19,3.538594932911661e-19,2.143073446212718e-19,8.412813705593403e-20,4.0265360442276607e-20,1.2694315241980328e-19,-5.143357883243201e-17,2.3007056336365156e-19,-5.3363912467524844e-17,6.6969278005358434e-21,-5.216396404752911e-17,8.812438922565228e-20,-5.178265199818214e-17,4.477469793213288e-19,-5.3379000319938594e-17,9.238728087745547e-20,1.8864692126591995e-19,3.2920577348073247e-19,2.4183013828002123e-16,2.5064771843652057e-19,-3.5066669819756897e-13,-5.227148526426347e-17,1.0992004176347632e-19,1.0991941721680894e-19,-1.674123903659231e-19,1.0083926802636718e-19,3.5425140460150195e-19,1.0885031921362738e-19,7.448523391470689e-20,2.2056542625386072e-16,1.898335690945091e-19,5.824299346181983e-20,2.4183013831880276e-16,-2.9797043281746755e-20,-5.35876653333747e-19
1.00000000000189,1.0000000000058125,1.0000000000003066,2.2643006757089532e-16,-1.5636562596556257e-14,-1.9406017688375077e-16,1.0000000000046496,-6.962855822348215e-17,-2.0639436247142074e-16,1.2315246436104892e-17,1.5485873534347227e-17,4.3143378123903804e-16,-7.813228830870275e-17,-1.785141685500907e-16,2.1857591359459208e-12,2.570272816163479e-16,-1.3660218045001045e-16,1.0000000000054803,7.182388684543234e-15,1.0000000000009581,7.184039023561844e-15,1.0000000000004334,-1.2997591149709284e-14,1.0000000000101716,-1.2259276616842681e-15,1.0000000000001013,-6.894247739306738e-17,-1.3472602889819519e-16,-9.665949601428446e-15,-5.235767915779811e-17,3.735468942005175e-16,-5.227148526426347e-17,1.000000000004491,-1.3492734992412693e-16,-1.3545301659104492e-16,-7.550983389104669e-17,2.582066343109632e-16,-1.3314664441824601e-16,-3.7045578868768716e-17,6.928358650924701e-15,-7.609265511280668e-17,2.5794511032591283e-16,2.1482030382444328e-16,-5.2659367411431614e-17,-4.064105995703128e-17,-1.5523608341304664e-16
7.216288739186034e-13,-1.3365450061767073e-16,-1.3468137613487463e-16,3.843138432304452e-20,-1.7796471993177546e-19,5.2834291278908617e-20,-2.6265890666583233e-13,-3.1029862047505783e-19,3.6662319084281415e-19,6.473601692644027e-20,3.2388921931863366e-20,-3.222389180765813e-20,-5.951661335648508e-19,9.831778375314415e-19,-4.3204145115632185e-20,3.33961792439135e-19,1.1350214640640913e-16,-1.3381091415951284e-16,-2.642847630335154e-19,-1.3515744908329768e-16,-3.005304125802477e-20,-1.3423193639952603e-16,2.649296617447459e-19,-1.3462062628766066e-16,3.186103326152933e-16,-1.352966531071523e-16,-1.5425297883800922e-20,1.1350214654298733e-16,1.2453068559337523e-19,3.221882760860714e-20,-4.0460458168148106e-20,1.0992004176347632e-19,-1.3492734992412693e-16,-3.4892634174926777e-13,1.1350214635107448e-16,1.4754975644003167e-19,6.0739225756054e-20,2.0739713841240362e-19,-2.0939015077354142e-19,3.922070992994297e-19,6.521676179753818e-20,3.4925647492436974e-20,-2.3354818201290707e-19,1.0991941721680863e-19,4.0323909976564515e-20,-6.514671073322168e-20
7.187925330949642e-13,-1.337041370143517e-16,-1.351642688267046e-16,2.2530680644014344e-19,1.7936232868377678e-19,-1.5424798677689514e-19,-2.630433376730372e-13,-1.5425297884979492e-20,4.122898309278857e-20,1.5954958169900266e-20,-5.166957065241208e-20,-1.410587562148504e-19,1.9145156699729357e-19,9.831778375314415e-19,-2.258017544525441e-19,3.3396179264178894e-19,1.135021463140993e-16,-1.342219618723273e-16,2.0751127856282704e-19,-1.3552676548521177e-16,-3.005304125802477e-20,-1.343858504027036e-16,1.5876345309343117e-19,-1.3460130471399764e-16,3.186103324605117e-16,-1.354016289804097e-16,-3.1029862047505783e-19,1.1350214645067776e-16,2.407563572777253e-19,3.221882760860714e-20,-4.046015664928378e-20,1.0991941721680894e-19,-1.3545301659104492e-16,1.1350214635107448e-16,-3.4892634174926777e-13,6.320289955594183e-20,6.07392257535718e-20,-7.1321706488543e-21,2.706937771650967e-19,3.9536375709159425e-19,-2.834852780427248e-19,6.073922575357175e-20,-3.1919836595211904e-19,1.0991941721680856e-19,5.197790988846363e-19,-1.6292284097941516e-19
8.366059671230077e-13,-7.353155185094085e-17,-7.546553832066575e-17,-9.211354918054386e-20,7.324422456310443e-19,2.525951820818197e-16,-1.4350936041868443e-13,8.519080020975848e-19,6.15606236056355e-19,3.193796902213812e-19,-1.8086254490754277e-19,-1.1980179537266074e-19,-3.362758758276511e-19,2.5050443094764083e-16,-1.9033886550824188e-19,-7.138224704658451e-20,-1.0375817736138017e-19,-7.39030968972419e-17,8.127290070608515e-21,-7.544806389611998e-17,8.126726777536924e-21,-7.469482445067832e-17,1.9311042155632338e-19,-7.414494851657966e-17,3.6537382567554576e-19,-7.577412416630705e-17,8.51909154540022e-19,2.288211618364052e-20,4.1840653623462674e-20,-2.0604059865749314e-19,4.2037666100341213e-19,-1.674123903659231e-19,-7.550983389104669e-17,1.4754975644003167e-19,6.320289955594183e-20,-3.5075165645668266e-13,4.1736372946375134e-19,-6.539752767777047e-21,1.6430037065041506e-16,2.9843077269278026e-16,2.0048905010155646e-19,-1.1236414562305425e-19,1.347044168652338e-19,-8.12586709010099e-19,-9.614197872999891e-20,1.715646032737986e-16
1.50413699408973e-12,2.599345828818505e-16,2.5892896233304537e-16,3.7991007079373506e-16,2.209983178190337e-19,8.370162625297762e-20,5.2064841033815e-13,-7.596827889846936e-21,-2.21827712082785e-19,-1.3002172847395589e-19,-8.170176952292883e-19,2.0098601486846466e-16,6.33263654312878e-19,8.572186741817568e-20,-3.3695868351489e-19,4.31194451430389e-16,3.4925647492437065e-20,2.601355334462352e-16,9.791222905608803e-20,2.584925595169249e-16,9.791222905608795e-20,2.601341535632725e-16,3.223815416388655e-19,2.596921225052258e-16,1.0123838318686683e-19,2.5866799991635006e-16,-7.596827889846844e-21,3.4925647492436974e-20,2.0962724961462988e-19,-8.258323950915205e-20,1.8314918123937737e-16,1.0083926802636718e-19,2.582066343109632e-16,6.0739225756054e-20,6.07392257535718e-20,4.1736372946375134e-19,-3.5050307033874564e-13,2.948808476636043e-19,3.8318916547727713e-19,2.2895787928299746e-19,1.1701011863072668e-19,4.311944514485745e-16,3.922401675044724e-16,1.1066110754611076e-19,4.632878611800196e-20,-2.0266631024160685e-19
7.263987922143443e-13,-1.3135365924570398e-16,-1.3281193137014221e-16,2.0105726324979923e-19,2.3596055217624265e-19,2.875689677517269e-19,-2.5775515433184695e-13,2.4261574880454406e-21,2.3717988257706605e-16,2.0517381592339083e-18,8.042215869803569e-20,-1.3067941070881762e-16,1.5929629697249098e-16,-7.900837823596533e-20,2.3478416784409376e-20,2.5826921447389025e-19,-7.910881927713974e-20,-1.3137802662362026e-16,2.8853876728014806e-19,-1.3348029361899298e-16,4.892297193924849e-19,-1.3200592455047123e-16,1.6598527036378464e-19,-1.3195409549497837e-16,3.012961257655253e-20,-1.326075773727986e-16,2.426157488043079e-21,3.8175586621745324e-20,1.1808658591787863e-19,-4.187082865556779e-20,-1.24780815614659e-16,3.5425140460150195e-19,-1.3314664441824601e-16,2.0739713841240362e-19,-7.1321706488543e-21,-6.539752767777047e-21,2.948808476636043e-19,-3.507745784988039e-13,1.3815757584397625e-16,5.37288711254872e-20,2.381240803354914e-19,2.5826921447389025e-19,-3.062853670014001e-19,8.081912125944244e-19,1.1639346245874597e-16,1.4206511807566787e-16
