1.0000000084422371,1.000014486492297,2.8270887448764773e-06,2.811664101572317e-06,1.0000145234586733,1.0000144864922953,1.000014486492292,2.849007853543025e-06,2.827088744663024e-06,2.8075658194780084e-06,1.000014486492295,1.0000144864922953,1.000014486492292,2.8143286277554387e-06,2.878979249186916e-06,1.000014486492294,1.0000145234586755,1.0000141372787705,2.849007853536429e-06,2.814328630823845e-06,1.0000144864922944,1.0000144864922944,2.814328628615526e-06,1.0000144864922915,2.842616522780937e-06,1.000014486492292,1.0000144864922909,1.000014486492292,2.8426165194995817e-06,1.0000142963697864,2.827088746211638e-06,2.8116641022816055e-06,1.0000143018971093,1.0000144864922926,1.0000144864922915,1.0000144864922915
1.000014486492297,1.0000165860354182,1.2384018826438196e-10,1.1606484660800528e-10,1.000016894042515,1.0000168570759649,1.000016857075964,1.3488929418039463e-10,1.2384018874056983e-10,1.1399896293711243e-10,1.0000168570759653,1.0000168570759653,1.0000168570759624,1.174079951378918e-10,1.4999745120212508e-10,1.0000168570759653,1.0000168940425151,1.0000165078608365,1.3488929458208672e-10,1.1740799574544806e-10,1.0000168570759629,1.0000168570759644,1.1740799606551218e-10,1.0000168570759644,1.316675195092691e-10,1.0000168570759636,1.0000168570759624,1.0000168570759624,1.3166751899674604e-10,1.0000166669525827,1.2384018906036514e-10,1.1606484712580622e-10,1.0000166724799309,1.0000168570759627,1.0000168570759649,1.0000168570759624
2.8270887448764773e-06,1.2384018826438196e-10,-2.7104026142922893e-07,2.7041126155212873e-17,1.2384019312432342e-10,1.2384018823663315e-10,1.238401882976393e-10,6.280199754625312e-14,5.731035532608851e-14,2.6450936764434218e-17,1.2384018829044094e-10,1.2384018822177528e-10,1.2384018829730723e-10,2.7175139888120143e-17,3.5337520580467496e-17,1.2384018829730723e-10,1.238401931083222e-10,2.4567404816581816e-07,6.280199755797868e-14,2.7175139888120143e-17,1.238401882834231e-10,1.238401883075946e-10,2.7175139888120143e-17,1.2384018826970768e-10,3.048183332302908e-17,1.2384018826970768e-10,1.2384018828790646e-10,1.2384018829730723e-10,3.165556391153011e-17,1.238401632439595e-10,5.731035538738279e-14,2.6403946291469286e-17,2.45674091055626e-07,1.2384018829736521e-10,1.2384018828790646e-10,1.238401882926772e-10
2.811664101572317e-06,1.1606484660800528e-10,2.7041126155212873e-17,-2.710402692059556e-07,1.1606485119901472e-10,1.1606484660252055e-10,1.1606484670683128e-10,2.953010905150215e-17,2.6403946291469286e-17,2.5198624430976756e-17,1.1606484657029969e-10,1.160648466650375e-10,1.1606484659915387e-10,2.5015497828780817e-17,3.26322633587888e-17,1.160648465310589e-10,1.160648511970071e-10,1.1606480326279789e-10,2.959838601554011e-17,2.5770212256291333e-17,1.1606484660009676e-10,1.160648465310589e-10,2.5770212256291333e-17,1.1606484660009676e-10,2.856123235028335e-17,1.160648465310589e-10,1.1606484659915387e-10,1.160648465310589e-10,2.8511139861185544e-17,1.1606482308691928e-10,2.6403946291469286e-17,4.997832244296334e-14,2.30249373111296e-07,1.1606484651922881e-10,1.1606484650257083e-10,1.160648465310589e-10
1.0000145234586733,1.000016894042515,1.2384019312432342e-10,1.1606485119901472e-10,1.0000166599685174,1.0000168940425138,1.0000168940425127,1.3488929944322211e-10,1.2384019354568695e-10,1.1399896745643182e-10,1.0000168940425138,1.0000168940425138,1.0000168940425118,1.1740799974786146e-10,2.9756492313656155e-07,1.0000168940425147,1.000016931009066,1.0000165448273732,1.3488930000189556e-10,1.1740800029509153e-10,1.000016894042512,1.000016894042513,1.1740800078698002e-10,1.0000168940425127,1.3166752463123963e-10,1.0000168940425125,1.0000168940425118,1.0000168940425127,1.3166752404436957e-10,1.000016703919126,1.2384019380422755e-10,1.1606485149453693e-10,1.0000167094464723,1.0000168940425116,1.000016894042512,1.0000168940425118
1.0000144864922953,1.0000168570759649,1.2384018823663315e-10,1.1606484660252055e-10,1.0000168940425138,1.0000165860354115,1.000016857075962,1.3488929418039463e-10,1.2384018877875228e-10,1.1399896303067427e-10,1.000016857075963,1.0000168570759638,1.0000168570759618,1.1740799503023895e-10,1.4999745114460912e-10,1.0000168570759633,1.0000168940425136,1.000016507860835,1.3488929468054871e-10,1.1740799572153742e-10,1.0000168570759618,1.000016857075962,1.1740799596931306e-10,1.0000168570759618,1.3166751949975426e-10,1.0000168570759616,1.0000168570759624,1.000016857075962,1.3166751895812454e-10,1.0000166669525803,1.238401889025828e-10,1.1606484694445967e-10,1.000016672479929,1.0000168570759616,1.0000168570759618,1.000016857075961
1.000014486492292,1.000016857075964,1.238401882976393e-10,1.1606484670683128e-10,1.0000168940425127,1.000016857075962,1.000016586035411,1.3488929410900028e-10,1.2384018874751613e-10,1.1399896296131608e-10,1.000016857075963,1.000016857075962,1.0000168570759616,1.1740799519000548e-10,1.499974510784212e-10,1.0000168570759627,1.0000168940425127,1.0000165078608336,1.3488929459672014e-10,1.1740799558527665e-10,1.0000168570759609,1.0000168570759609,1.1740799604786694e-10,1.0000168570759602,1.3166751941651317e-10,1.000016857075962,1.0000168570759616,1.000016857075962,1.3166751904936492e-10,1.0000166669525798,1.238401889386553e-10,1.1606484702587643e-10,1.000016672479928,1.000016857075961,1.0000168570759609,1.0000168570759616
2.849007853543025e-06,1.3488929418039463e-10,6.280199754625312e-14,2.953010905150215e-17,1.3488929944322211e-10,1.3488929418039463e-10,1.3488929410900028e-10,-2.710402504181352e-07,6.280199749871597e-14,2.878552050035438e-17,1.3488929411303072e-10,1.3488929417348845e-10,1.3488929412730075e-10,2.9931972712569155e-17,7.616798985108365e-14,1.3488929413701728e-10,1.348892994973706e-10,2.6759325377843606e-07,6.877370592681342e-14,2.9931972712569155e-17,1.3488929409928463e-10,1.3488929413701728e-10,3.0089838738624716e-17,1.3488929418039463e-10,6.680137865701451e-14,1.3488929412664288e-10,1.3488929418039463e-10,1.3488929413701728e-10,6.680137845477832e-14,2.675932986341303e-07,6.280199757604173e-14,2.959838601554011e-17,2.675933002180794e-07,1.3488929409896126e-10,1.348892941937798e-10,1.3488929409896126e-10
2.827088744663024e-06,1.2384018874056983e-10,5.731035532608851e-14,2.6403946291469286e-17,1.2384019354568695e-10,1.2384018877875228e-10,1.2384018874751613e-10,6.280199749871597e-14,-2.7104026142922893e-07,2.6918710340755946e-17,1.238401888357198e-10,1.238401888280583e-10,1.238401888280583e-10,2.6975188010597888e-17,3.5439769520368324e-17,1.23840188801697e-10,1.2384019351637537e-10,2.4567404909283664e-07,6.280199751044161e-14,2.7175139888120143e-17,1.2384018874370926e-10,1.238401887164117e-10,2.729906755512048e-17,1.238401887164117e-10,3.020795986656186e-17,1.2384018874370926e-10,1.2384018879349605e-10,1.238401887164117e-10,3.165556391153011e-17,1.2384016378770622e-10,5.73103553259171e-14,2.6403946291469286e-17,2.4567409198264464e-07,1.2384018877875228e-10,1.2384018874105443e-10,1.2384018883603676e-10
2.8075658194780084e-06,1.1399896293711243e-10,2.6450936764434218e-17,2.5198624430976756e-17,1.1399896745643182e-10,1.1399896303067427e-10,1.1399896296131608e-10,2.878552050035438e-17,2.6918710340755946e-17,-2.710402687290381e-07,1.1399896306199072e-10,1.1399896296558715e-10,1.1399896296524918e-10,2.5158570318192652e-17,3.190269526084639e-17,1.1399896297549696e-10,1.1399896748485105e-10,1.1399892037350555e-10,2.878552050035438e-17,2.5390097760700153e-17,1.139989630478855e-10,1.1399896293711243e-10,2.463898335832932e-17,1.1399896303067427e-10,2.790344329431001e-17,1.139989630478855e-10,1.1399896300006803e-10,1.139989629979287e-10,2.836635264737081e-17,1.1399893976755218e-10,2.6232276123542232e-17,2.543060530660592e-17,2.2615107463493905e-07,1.1399896303067427e-10,1.1399896303067427e-10,1.1399896303067427e-10
1.000014486492295,1.0000168570759653,1.2384018829044094e-10,1.1606484657029969e-10,1.0000168940425138,1.000016857075963,1.000016857075963,1.3488929411303072e-10,1.238401888357198e-10,1.1399896306199072e-10,1.0000165860354124,1.0000168570759633,1.0000168570759616,1.1740799507105352e-10,1.4999745110571426e-10,1.000016857075963,1.0000168940425138,1.0000165078608347,1.3488929464878986e-10,1.1740799572153742e-10,1.0000168570759624,1.0000168570759624,1.174079962068524e-10,1.000016857075962,1.3166751939641555e-10,1.0000168570759618,1.0000168570759616,1.0000168570759616,1.3166751894456845e-10,1.0000166669525803,1.23840189007046e-10,1.1606484704342792e-10,1.0000166724799286,1.0000168570759609,1.0000168570759624,1.000016857075962
1.0000144864922953,1.0000168570759653,1.2384018822177528e-10,1.160648466650375e-10,1.0000168940425138,1.0000168570759638,1.000016857075962,1.3488929417348845e-10,1.238401888280583e-10,1.1399896296558715e-10,1.0000168570759633,1.0000165860354127,1.0000168570759618,1.1740799513224247e-10,1.4999745107346608e-10,1.0000168570759644,1.000016894042513,1.0000165078608345,1.348892945537511e-10,1.1740799574018944e-10,1.0000168570759627,1.0000168570759624,1.1740799614951625e-10,1.0000168570759616,1.3166751944493778e-10,1.000016857075963,1.0000168570759618,1.0000168570759624,1.316675190496511e-10,1.0000166669525812,1.2384018906036514e-10,1.1606484690328247e-10,1.0000166724799286,1.0000168570759624,1.0000168570759618,1.0000168570759618
1.000014486492292,1.0000168570759624,1.2384018829730723e-10,1.1606484659915387e-10,1.0000168940425118,1.0000168570759618,1.0000168570759616,1.3488929412730075e-10,1.238401888280583e-10,1.1399896296524918e-10,1.0000168570759616,1.0000168570759618,1.0000165860354127,1.1740799511104788e-10,1.499974511028388e-10,1.000016857075962,1.0000168940425127,1.0000165078608334,1.3488929459371944e-10,1.1740799574018944e-10,1.000016857075962,1.0000168570759604,1.1740799613757248e-10,1.0000168570759604,1.3166751945714172e-10,1.0000168570759598,1.000016857075962,1.0000168570759616,1.3166751901248763e-10,1.0000166669525803,1.2384018894476836e-10,1.1606484694038036e-10,1.000016672479928,1.0000168570759616,1.0000168570759604,1.000016857075961
2.8143286277554387e-06,1.174079951378918e-10,2.7175139888120143e-17,2.5015497828780817e-17,1.1740799974786146e-10,1.1740799503023895e-10,1.1740799519000548e-10,2.9931972712569155e-17,2.6975188010597888e-17,2.5158570318192652e-17,1.1740799507105352e-10,1.1740799513224247e-10,1.1740799511104788e-10,-2.710402666675857e-07,3.3296888640695636e-17,1.1740799506377387e-10,1.1740799982756277e-10,1.174079516465767e-10,2.995559623044124e-17,5.143855804270484e-14,1.1740799503445877e-10,1.1740799507105352e-10,5.1438558190690943e-14,1.1740799497602244e-10,2.918393902588145e-17,1.1740799503302467e-10,1.1740799503445877e-10,1.1740799521464435e-10,2.913425895946626e-17,1.174079713754065e-10,2.729906755512048e-17,2.504633732367326e-17,2.3291391026077768e-07,1.1740799503302467e-10,1.1740799521464435e-10,1.17407994980036e-10
2.878979249186916e-06,1.4999745120212508e-10,3.5337520580467496e-17,3.26322633587888e-17,2.9756492313656155e-07,1.4999745114460912e-10,1.499974510784212e-10,7.616798985108365e-14,3.5439769520368324e-17,3.190269526084639e-17,1.4999745110571426e-10,1.4999745107346608e-10,1.499974511028388e-10,3.3296888640695636e-17,-2.71040236054201e-07,1.4999745114460912e-10,2.975649231365612e-07,2.9756480141088814e-07,7.616798986961919e-14,3.3296888640695636e-17,1.4999745111446702e-10,1.4999745117304306e-10,3.3168972724337884e-17,1.4999745110571426e-10,7.394942228891162e-14,1.499974511028388e-10,1.4999745110853073e-10,1.4999745103480857e-10,7.394942206670592e-14,2.9756485151236954e-07,3.5337520580467496e-17,3.26322633587888e-17,2.975648532837921e-07,1.499974511028388e-10,1.499974511028388e-10,1.4999745117304306e-10
1.000014486492294,1.0000168570759653,1.2384018829730723e-10,1.160648465310589e-10,1.0000168940425147,1.0000168570759633,1.0000168570759627,1.3488929413701728e-10,1.23840188801697e-10,1.1399896297549696e-10,1.000016857075963,1.0000168570759644,1.000016857075962,1.1740799506377387e-10,1.4999745114460912e-10,1.0000165860354107,1.0000168940425134,1.000016507860835,1.3488929465434025e-10,1.174079957725803e-10,1.0000168570759624,1.000016857075962,1.1740799609985597e-10,1.0000168570759618,1.3166751944578711e-10,1.0000168570759622,1.0000168570759624,1.0000168570759627,1.3166751897659755e-10,1.0000166669525807,1.2384018894476838e-10,1.1606484707347956e-10,1.000016672479929,1.000016857075962,1.0000168570759624,1.000016857075962
1.0000145234586755,1.0000168940425151,1.238401931083222e-10,1.160648511970071e-10,1.000016931009066,1.0000168940425136,1.0000168940425127,1.348892994973706e-10,1.2384019351637537e-10,1.1399896748485105e-10,1.0000168940425138,1.000016894042513,1.0000168940425127,1.1740799982756277e-10,2.975649231365612e-07,1.0000168940425134,1.000016659968516,1.000016544827372,1.3488929994100762e-10,1.1740800033234767e-10,1.000016894042512,1.0000168940425138,1.174080007678397e-10,1.000016894042512,1.3166752463396693e-10,1.0000168940425136,1.0000168940425127,1.0000168940425127,1.3166752429112577e-10,1.0000167039191237,1.2384019376589024e-10,1.160648515605975e-10,1.000016709446473,1.0000168940425127,1.0000168940425125,1.0000168940425127
1.0000141372787705,1.0000165078608365,2.4567404816581816e-07,1.1606480326279789e-10,1.0000165448273732,1.000016507860835,1.0000165078608336,2.6759325377843606e-07,2.4567404909283664e-07,1.1399892037350555e-10,1.0000165078608347,1.0000165078608345,1.0000165078608334,1.174079516465767e-10,2.9756480141088814e-07,1.000016507860835,1.000016544827372,1.0000158876052676,2.6759325476114553e-07,1.1740795216556898e-10,1.0000165078608347,1.0000165078608343,1.1740795253472824e-10,1.0000165078608332,2.6120190041100595e-07,1.0000165078608334,1.0000165078608334,1.0000165078608334,2.6120189955827273e-07,1.0000163177375148,2.456740495688899e-07,1.16064803964895e-10,1.00001632326486,1.0000165078608334,1.0000165078608336,1.0000165078608334
2.849007853536429e-06,1.3488929458208672e-10,6.280199755797868e-14,2.959838601554011e-17,1.3488930000189556e-10,1.3488929468054871e-10,1.3488929459672014e-10,6.877370592681342e-14,6.280199751044161e-14,2.878552050035438e-17,1.3488929464878986e-10,1.348892945537511e-10,1.3488929459371944e-10,2.995559623044124e-17,7.616798986961919e-14,1.3488929465434025e-10,1.3488929994100762e-10,2.6759325476114553e-07,-2.710402504181352e-07,3.0160335589142655e-17,1.348892946169043e-10,1.3488929465434025e-10,3.0006323485973354e-17,1.3488929465434025e-10,6.68013786708321e-14,1.3488929465434025e-10,1.3488929459371944e-10,1.348892946140123e-10,6.680137846859586e-14,2.675932996168398e-07,6.280199758776747e-14,2.970122718812235e-17,2.6759330120078936e-07,1.3488929464293355e-10,1.3488929464293355e-10,1.3488929465434025e-10
2.814328630823845e-06,1.1740799574544806e-10,2.7175139888120143e-17,2.5770212256291333e-17,1.1740800029509153e-10,1.1740799572153742e-10,1.1740799558527665e-10,2.9931972712569155e-17,2.7175139888120143e-17,2.5390097760700153e-17,1.1740799572153742e-10,1.1740799574018944e-10,1.1740799574018944e-10,5.143855804270484e-14,3.3296888640695636e-17,1.174079957725803e-10,1.1740800033234767e-10,1.1740795216556898e-10,3.0160335589142655e-17,-2.710402666675857e-07,1.1740799567183524e-10,1.1740799566218974e-10,5.1438558075744424e-14,1.1740799569221632e-10,2.938270691579126e-17,1.1740799563917334e-10,1.17407995717644e-10,1.1740799571378167e-10,2.913425895946626e-17,1.174079720448099e-10,2.7175139888120143e-17,2.5015493923018907e-17,2.3291391141592358e-07,1.174079956356706e-10,1.174079957337487e-10,1.174079956611359e-10
1.0000144864922944,1.0000168570759629,1.238401882834231e-10,1.1606484660009676e-10,1.000016894042512,1.0000168570759618,1.0000168570759609,1.3488929409928463e-10,1.2384018874370926e-10,1.139989630478855e-10,1.0000168570759624,1.0000168570759627,1.000016857075962,1.1740799503445877e-10,1.4999745111446702e-10,1.0000168570759624,1.000016894042512,1.0000165078608347,1.348892946169043e-10,1.1740799567183524e-10,1.000016586035415,1.000016857075963,1.1740799596931306e-10,1.0000168570759609,1.3166751948689137e-10,1.0000168570759609,1.000016857075962,1.000016857075962,1.3166751901859039e-10,1.0000166669525796,1.2384018899620863e-10,1.1606484699547151e-10,1.000016672479928,1.0000168570759609,1.0000168570759616,1.0000168570759616
1.0000144864922944,1.0000168570759644,1.238401883075946e-10,1.160648465310589e-10,1.000016894042513,1.000016857075962,1.0000168570759609,1.3488929413701728e-10,1.238401887164117e-10,1.1399896293711243e-10,1.0000168570759624,1.0000168570759624,1.0000168570759604,1.1740799507105352e-10,1.4999745117304306e-10,1.000016857075962,1.0000168940425138,1.0000165078608343,1.3488929465434025e-10,1.1740799566218974e-10,1.000016857075963,1.0000165860354124,1.1740799606551218e-10,1.0000168570759613,1.3166751947614612e-10,1.0000168570759616,1.0000168570759604,1.0000168570759616,1.3166751901248763e-10,1.0000166669525803,1.238401889684556e-10,1.1606484706013201e-10,1.0000166724799278,1.0000168570759609,1.000016857075962,1.000016857075961
2.814328628615526e-06,1.1740799606551218e-10,2.7175139888120143e-17,2.5770212256291333e-17,1.1740800078698002e-10,1.1740799596931306e-10,1.1740799604786694e-10,3.0089838738624716e-17,2.729906755512048e-17,2.463898335832932e-17,1.174079962068524e-10,1.1740799614951625e-10,1.1740799613757248e-10,5.1438558190690943e-14,3.3168972724337884e-17,1.1740799609985597e-10,1.174080007678397e-10,1.1740795253472824e-10,3.0006323485973354e-17,5.1438558075744424e-14,1.1740799596931306e-10,1.1740799606551218e-10,-2.710402666675857e-07,1.1740799602360364e-10,2.913425895946626e-17,1.1740799602889532e-10,1.1740799614951625e-10,1.174079960566496e-10,2.893351250579562e-17,1.174079723847984e-10,2.729906755512048e-17,2.5015493923018907e-17,2.3291391221892494e-07,1.174079960602585e-10,1.1740799603716224e-10,1.1740799606551218e-10
1.0000144864922915,1.0000168570759644,1.2384018826970768e-10,1.1606484660009676e-10,1.0000168940425127,1.0000168570759618,1.0000168570759602,1.3488929418039463e-10,1.238401887164117e-10,1.1399896303067427e-10,1.000016857075962,1.0000168570759616,1.0000168570759604,1.1740799497602244e-10,1.4999745110571426e-10,1.0000168570759618,1.000016894042512,1.0000165078608332,1.3488929465434025e-10,1.1740799569221632e-10,1.0000168570759609,1.0000168570759613,1.1740799602360364e-10,1.0000165860354098,1.3166751947046248e-10,1.0000168570759602,1.0000168570759604,1.0000168570759616,1.3166751889577596e-10,1.000016666952579,1.238401889684556e-10,1.1606484689280186e-10,1.0000166724799273,1.0000168570759596,1.0000168570759602,1.0000168570759616
2.842616522780937e-06,1.316675195092691e-10,3.048183332302908e-17,2.856123235028335e-17,1.3166752463123963e-10,1.3166751949975426e-10,1.3166751941651317e-10,6.680137865701451e-14,3.020795986656186e-17,2.790344329431001e-17,1.3166751939641555e-10,1.3166751944493778e-10,1.3166751945714172e-10,2.918393902588145e-17,7.394942228891162e-14,1.3166751944578711e-10,1.3166752463396693e-10,2.6120190041100595e-07,6.68013786708321e-14,2.938270691579126e-17,1.3166751948689137e-10,1.3166751947614612e-10,2.913425895946626e-17,1.3166751947046248e-10,-2.71040251933992e-07,1.3166751947182154e-10,1.3166751946594708e-10,1.3166751944578711e-10,6.48491107354305e-14,2.6120194443214345e-07,3.146270552894211e-17,2.8511139861185544e-17,2.612019459890077e-07,1.316675194067256e-10,1.3166751947614612e-10,1.3166751947614612e-10
1.000014486492292,1.0000168570759636,1.2384018826970768e-10,1.160648465310589e-10,1.0000168940425125,1.0000168570759616,1.000016857075962,1.3488929412664288e-10,1.2384018874370926e-10,1.139989630478855e-10,1.0000168570759618,1.000016857075963,1.0000168570759598,1.1740799503302467e-10,1.499974511028388e-10,1.0000168570759622,1.0000168940425136,1.0000165078608334,1.3488929465434025e-10,1.1740799563917334e-10,1.0000168570759609,1.0000168570759616,1.1740799602889532e-10,1.0000168570759602,1.3166751947182154e-10,1.0000165860354115,1.0000168570759609,1.0000168570759609,1.316675190496511e-10,1.0000166669525803,1.2384018896330333e-10,1.1606484704608927e-10,1.000016672479928,1.0000168570759602,1.0000168570759624,1.0000168570759604
1.0000144864922909,1.0000168570759624,1.2384018828790646e-10,1.1606484659915387e-10,1.0000168940425118,1.0000168570759624,1.0000168570759616,1.3488929418039463e-10,1.2384018879349605e-10,1.1399896300006803e-10,1.0000168570759616,1.0000168570759618,1.000016857075962,1.1740799503445877e-10,1.4999745110853073e-10,1.0000168570759624,1.0000168940425127,1.0000165078608334,1.3488929459371944e-10,1.17407995717644e-10,1.000016857075962,1.0000168570759604,1.1740799614951625e-10,1.0000168570759604,1.3166751946594708e-10,1.0000168570759609,1.0000165860354127,1.0000168570759616,1.3166751895337485e-10,1.00001666695258,1.2384018901804743e-10,1.1606484692342316e-10,1.000016672479929,1.0000168570759618,1.0000168570759604,1.000016857075961
1.000014486492292,1.0000168570759624,1.2384018829730723e-10,1.160648465310589e-10,1.0000168940425127,1.000016857075962,1.000016857075962,1.3488929413701728e-10,1.238401887164117e-10,1.139989629979287e-10,1.0000168570759616,1.0000168570759624,1.0000168570759616,1.1740799521464435e-10,1.4999745103480857e-10,1.0000168570759627,1.0000168940425127,1.0000165078608334,1.348892946140123e-10,1.1740799571378167e-10,1.000016857075962,1.0000168570759616,1.174079960566496e-10,1.0000168570759616,1.3166751944578711e-10,1.0000168570759609,1.0000168570759616,1.0000165860354127,1.316675189756003e-10,1.00001666695258,1.2384018900960052e-10,1.1606484705610656e-10,1.000016672479928,1.0000168570759616,1.000016857075961,1.000016857075961
2.8426165194995817e-06,1.3166751899674604e-10,3.165556391153011e-17,2.8511139861185544e-17,1.3166752404436957e-10,1.3166751895812454e-10,1.3166751904936492e-10,6.680137845477832e-14,3.165556391153011e-17,2.836635264737081e-17,1.3166751894456845e-10,1.316675190496511e-10,1.3166751901248763e-10,2.913425895946626e-17,7.394942206670592e-14,1.3166751897659755e-10,1.3166752429112577e-10,2.6120189955827273e-07,6.680137846859586e-14,2.913425895946626e-17,1.3166751901859039e-10,1.3166751901248763e-10,2.893351250579562e-17,1.3166751889577596e-10,6.48491107354305e-14,1.316675190496511e-10,1.3166751895337485e-10,1.316675189756003e-10,-2.71040251933992e-07,2.6120194357941e-07,3.165556391153011e-17,2.8511139861185544e-17,2.6120194513627436e-07,1.3166751904803437e-10,1.316675189739744e-10,1.3166751896058326e-10
1.0000142963697864,1.0000166669525827,1.238401632439595e-10,1.1606482308691928e-10,1.000016703919126,1.0000166669525803,1.0000166669525798,2.675932986341303e-07,1.2384016378770622e-10,1.1399893976755218e-10,1.0000166669525803,1.0000166669525812,1.0000166669525803,1.174079713754065e-10,2.9756485151236954e-07,1.0000166669525807,1.0000167039191237,1.0000163177375148,2.675932996168398e-07,1.174079720448099e-10,1.0000166669525796,1.0000166669525803,1.174079723847984e-10,1.000016666952579,2.6120194443214345e-07,1.0000166669525803,1.00001666695258,1.00001666695258,2.6120194357941e-07,1.000016205788681,1.2384016408178358e-10,1.1606482346596221e-10,1.0000164823565783,1.0000166669525792,1.0000166669525803,1.0000166669525785
2.827088746211638e-06,1.2384018906036514e-10,5.731035538738279e-14,2.6403946291469286e-17,1.2384019380422755e-10,1.238401889025828e-10,1.238401889386553e-10,6.280199757604173e-14,5.73103553259171e-14,2.6232276123542232e-17,1.23840189007046e-10,1.2384018906036514e-10,1.2384018894476836e-10,2.729906755512048e-17,3.5337520580467496e-17,1.2384018894476838e-10,1.2384019376589024e-10,2.456740495688899e-07,6.280199758776747e-14,2.7175139888120143e-17,1.2384018899620863e-10,1.238401889684556e-10,2.729906755512048e-17,1.238401889684556e-10,3.146270552894211e-17,1.2384018896330333e-10,1.2384018901804743e-10,1.2384018900960052e-10,3.165556391153011e-17,1.2384016408178358e-10,-2.7104026142922893e-07,2.7041126155212873e-17,2.4567409245869764e-07,1.2384018906036514e-10,1.2384018894476836e-10,1.2384018901804743e-10
2.8116641022816055e-06,1.1606484712580622e-10,2.6403946291469286e-17,4.997832244296334e-14,1.1606485149453693e-10,1.1606484694445967e-10,1.1606484702587643e-10,2.959838601554011e-17,2.6403946291469286e-17,2.543060530660592e-17,1.1606484704342792e-10,1.1606484690328247e-10,1.1606484694038036e-10,2.504633732367326e-17,3.26322633587888e-17,1.1606484707347956e-10,1.160648515605975e-10,1.16064803964895e-10,2.970122718812235e-17,2.5015493923018907e-17,1.1606484699547151e-10,1.1606484706013201e-10,2.5015493923018907e-17,1.1606484689280186e-10,2.8511139861185544e-17,1.1606484704608927e-10,1.1606484692342316e-10,1.1606484705610656e-10,2.8511139861185544e-17,1.1606482346596221e-10,2.7041126155212873e-17,-2.710402692059556e-07,2.3024937391615787e-07,1.1606484707347956e-10,1.1606484699547151e-10,1.1606484695637669e-10
1.0000143018971093,1.0000166724799309,2.45674091055626e-07,2.30249373111296e-07,1.0000167094464723,1.000016672479929,1.000016672479928,2.675933002180794e-07,2.4567409198264464e-07,2.2615107463493905e-07,1.0000166724799286,1.0000166724799286,1.000016672479928,2.3291391026077768e-07,2.975648532837921e-07,1.000016672479929,1.000016709446473,1.00001632326486,2.6759330120078936e-07,2.3291391141592358e-07,1.000016672479928,1.0000166724799278,2.3291391221892494e-07,1.0000166724799273,2.612019459890077e-07,1.000016672479928,1.000016672479929,1.000016672479928,2.6120194513627436e-07,1.0000164823565783,2.4567409245869764e-07,2.3024937391615787e-07,1.0000162168433737,1.000016672479928,1.0000166724799269,1.0000166724799275
1.0000144864922926,1.0000168570759627,1.2384018829736521e-10,1.1606484651922881e-10,1.0000168940425116,1.0000168570759616,1.000016857075961,1.3488929409896126e-10,1.2384018877875228e-10,1.1399896303067427e-10,1.0000168570759609,1.0000168570759624,1.0000168570759616,1.1740799503302467e-10,1.499974511028388e-10,1.000016857075962,1.0000168940425127,1.0000165078608334,1.3488929464293355e-10,1.174079956356706e-10,1.0000168570759609,1.0000168570759609,1.174079960602585e-10,1.0000168570759596,1.316675194067256e-10,1.0000168570759602,1.0000168570759618,1.0000168570759616,1.3166751904803437e-10,1.0000166669525792,1.2384018906036514e-10,1.1606484707347956e-10,1.000016672479928,1.0000165860354147,1.000016857075961,1.0000168570759602
1.0000144864922915,1.0000168570759649,1.2384018828790646e-10,1.1606484650257083e-10,1.000016894042512,1.0000168570759618,1.0000168570759609,1.348892941937798e-10,1.2384018874105443e-10,1.1399896303067427e-10,1.0000168570759624,1.0000168570759618,1.0000168570759604,1.1740799521464435e-10,1.499974511028388e-10,1.0000168570759624,1.0000168940425125,1.0000165078608336,1.3488929464293355e-10,1.174079957337487e-10,1.0000168570759616,1.000016857075962,1.1740799603716224e-10,1.0000168570759602,1.3166751947614612e-10,1.0000168570759624,1.0000168570759604,1.000016857075961,1.316675189739744e-10,1.0000166669525803,1.2384018894476836e-10,1.1606484699547151e-10,1.0000166724799269,1.000016857075961,1.0000165860354124,1.000016857075961
1.0000144864922915,1.0000168570759624,1.238401882926772e-10,1.160648465310589e-10,1.0000168940425118,1.000016857075961,1.0000168570759616,1.3488929409896126e-10,1.2384018883603676e-10,1.1399896303067427e-10,1.000016857075962,1.0000168570759618,1.000016857075961,1.17407994980036e-10,1.4999745117304306e-10,1.000016857075962,1.0000168940425127,1.0000165078608334,1.3488929465434025e-10,1.174079956611359e-10,1.0000168570759616,1.000016857075961,1.1740799606551218e-10,1.0000168570759616,1.3166751947614612e-10,1.0000168570759604,1.000016857075961,1.000016857075961,1.3166751896058326e-10,1.0000166669525785,1.2384018901804743e-10,1.1606484695637669e-10,1.0000166724799275,1.0000168570759602,1.000016857075961,1.0000165860354138
