1.0000000079991416,1.00002248735207,1.0000216750684692,1.0000222049367962,1.0000224873520673,1.1693422264057597e-06,1.0000224873520678,1.0000220999080713,1.1844685835620895e-06,1.1659056070623645e-06,1.0000220999080758,1.0000220999080713,1.0000224873520631,1.0000222049367913,1.000021675068469,1.0000224873520678,1.166814998487767e-06,1.000021675068462,1.0000216750684676,1.0000216750684676,1.0000220999080727,1.0000216750684692,1.0000219155749543,1.000021675068465,1.0000222225003081,1.0000224873520678,1.1687213267988992e-06,1.0000216750684698,1.0000224873520656,1.0000222049368024,1.0000216750684687,1.0000224873520676,1.0000220999080693,1.0000222049367955,1.0000220999080733,1.0000216750684692,1.000021675068465,1.0000224873520644,1.00002209990807,1.0000216750684638,1.0000216750684692,1.0000224873520605,1.0000216750684678,1.0000219945339255,1.2240215119372668e-06,1.0000224873520605,1.0000224873520656,1.1672434689937983e-06,1.1659056041638148e-06,1.2240215136273415e-06,1.2227114407285694e-06,1.1931563059423712e-06,1.0000220999080738,1.0000220999080727,1.0000218054846552,1.0000225683313997,1.0000225683314,1.166814998455197e-06,1.0000216750684645,1.0000224873520678,1.0000217913970075,1.0000224873520676,1.1929740893520281e-06,1.1929740894597525e-06,1.000022487352063,1.0000224873520676,1.0000216750684674
1.00002248735207,1.0000244419290967,1.0000282622766068,1.000028792149017,1.0000290745664657,1.4449965190858937e-11,1.0000290745664657,1.0000286871194874,2.2044935782751573e-11,1.2724429678466893e-11,1.0000286871194874,1.000028687119487,1.0000290745664657,1.0000287921490185,1.000028262276605,1.0000290745664657,1.3181035962964623e-11,1.0000282622766055,1.0000282622766075,1.000028262276605,1.000028687119488,1.0000282622766055,1.0000285027849505,1.0000282622766041,1.00002880971267,1.0000290745664666,1.4138206937478133e-11,1.000028262276604,1.0000290745664655,1.000028792149017,1.0000282622766075,1.0000290745664657,1.0000286871194894,1.0000287921490165,1.0000286871194881,1.000028262276605,1.0000282622766068,1.0000290745664668,1.000028687119489,1.000028262276606,1.000028262276605,1.0000290745664662,1.0000282622766061,1.0000285817445307,4.1904557255162096e-11,1.0000290745664668,1.000029074566465,1.3396171771899168e-11,1.2724429254215747e-11,4.1904557087649905e-11,4.1246767829933387e-11,2.6407069761517985e-11,1.0000286871194874,1.000028687119488,1.0000283926937978,1.0000291555464234,1.0000291555464238,1.3181035617846352e-11,1.0000282622766044,1.0000290745664666,1.000028378606049,1.0000290745664655,2.631557827903879e-11,2.6315578247850954e-11,1.0000290745664657,1.0000290745664657,1.0000282622766048
1.0000216750684692,1.0000282622766068,1.0000228173500192,1.0000279798593807,1.0000282622766017,1.4449950592020238e-11,1.0000282622766006,1.0000278748299345,4.390559399351119e-08,1.2724416816766603e-11,1.0000278748299363,1.000027874829934,1.000028262276603,1.0000279798593812,1.0000274499873951,1.0000282622766006,2.6251892967842614e-08,1.000027449987395,1.000027449987396,1.000027449987395,1.0000278748299356,1.0000274499873953,1.0000276904955463,1.0000274499873936,1.0000279974230188,1.0000282622766015,1.4138192789943467e-11,1.0000274499873931,1.0000282622766015,1.0000279798593803,1.0000274499873958,1.000028262276601,1.0000278748299363,1.00002797985938,1.000027874829934,1.0000274499873951,1.0000274499873956,1.0000282622766035,1.0000278748299354,1.0000274499873953,1.000027449987395,1.0000282622766026,1.000027449987395,1.0000277694550639,8.345879363239883e-08,1.0000282622766026,1.0000282622766015,2.6680367269894177e-08,1.2724416482271679e-11,8.34587933230025e-08,8.214871369684783e-08,5.259337546320672e-08,1.0000278748299356,1.0000278748299358,1.0000275804044823,1.0000283432564958,1.0000283432564963,2.6251892837541722e-08,1.000027449987395,1.0000282622766017,1.000027566316745,1.000028262276601,5.241115697431983e-08,5.2411156891182087e-08,1.0000282622766017,1.0000282622766026,1.0000274499873945
1.0000222049367962,1.000028792149017,1.0000279798593807,1.0000238770942622,1.000028792149011,1.444995984335813e-11,1.000028792149011,1.0000284047021424,2.2044935893380586e-11,1.272442521829772e-11,1.000028404702143,1.0000284047021426,1.0000287921490127,1.0000285097316421,1.0000279798593792,1.000028792149011,2.625191427264082e-08,1.0000279798593794,1.0000279798593799,1.0000279798593792,1.0000284047021437,1.0000279798593792,1.000028220367656,1.0000279798593783,1.0000285272952925,1.0000287921490116,1.4138201863793749e-11,1.000027979859377,1.0000287921490107,1.0000285097316404,1.00002797985938,1.0000287921490112,1.0000284047021437,1.0000285097316404,1.0000284047021417,1.0000279798593792,1.0000279798593794,1.0000287921490119,1.000028404702143,1.0000279798593792,1.0000279798593792,1.0000287921490125,1.0000279798593796,1.0000282993272145,4.1904545505977965e-11,1.0000287921490125,1.0000287921490107,2.6680390186037238e-08,1.2724424867555656e-11,4.190454536975582e-11,4.124675608403732e-11,2.640705740403289e-11,1.0000284047021433,1.000028404702143,1.0000281102765352,1.0000288731289466,1.0000288731289473,2.6251914142341016e-08,1.000027979859379,1.0000287921490116,1.0000280961887902,1.0000287921490112,2.6315566132769664e-11,2.6315566098976272e-11,1.000028792149012,1.000028792149012,1.0000279798593785
1.0000224873520673,1.0000290745664657,1.0000282622766017,1.000028792149011,1.0000244419290818,1.4449965097177865e-11,1.0000290745664604,1.000028687119482,2.2044935782751573e-11,1.2724429717638473e-11,1.0000286871194832,1.0000286871194815,1.0000290745664626,1.0000287921490143,1.0000282622766015,1.00002907456646,1.3181035804866228e-11,1.0000282622766004,1.0000282622766017,1.0000282622766015,1.000028687119484,1.0000282622766015,1.0000285027849456,1.0000282622766,1.0000288097126648,1.0000290745664613,1.4138206935723605e-11,1.0000282622766004,1.0000290745664602,1.0000287921490125,1.0000282622766021,1.0000290745664604,1.0000286871194837,1.0000287921490116,1.0000286871194826,1.0000282622766015,1.000028262276601,1.0000290745664633,1.0000286871194837,1.000028262276601,1.0000282622766024,1.0000290745664613,1.0000282622766021,1.0000285817445254,4.190455724696633e-11,1.0000290745664613,1.0000290745664602,1.3396171435140705e-11,1.2724429527107165e-11,4.190455717814185e-11,4.124676781151579e-11,2.6407069722281348e-11,1.0000286871194841,1.0000286871194841,1.0000283926937938,1.0000291555464202,1.0000291555464205,1.3181035573726164e-11,1.0000282622766004,1.0000290745664613,1.0000283786060438,1.0000290745664608,2.631557838002662e-11,2.631557832689549e-11,1.0000290745664604,1.0000290745664615,1.0000282622766004
1.1693422264057597e-06,1.4449965190858937e-11,1.4449950592020238e-11,1.444995984335813e-11,1.4449965097177865e-11,-4.6326375040961594e-06,1.4449965172454083e-11,1.4449958809204943e-11,-5.974038059770095e-19,-3.4650638468002386e-15,1.444995872987634e-11,1.4449958869926996e-11,1.4449965207352959e-11,1.4449959742417016e-11,1.4449950726873054e-11,1.44499651609371e-11,-7.351622290787675e-18,1.444995082145916e-11,1.4449950794877505e-11,1.444995082145916e-11,1.4449958869926996e-11,1.4449950769361584e-11,2.877913821790494e-08,1.4449950813295799e-11,1.4449961096398859e-11,1.444996529821311e-11,-3.525584050828788e-15,1.44499507693612e-11,1.4449965207352959e-11,1.4449959744950277e-11,1.44499507693612e-11,1.4449965091862346e-11,1.4449958810577058e-11,1.444995986386753e-11,1.444995878606925e-11,1.444995094019266e-11,1.4449950768616716e-11,1.4449965056485563e-11,1.444995872987634e-11,1.4449950726873406e-11,1.4449950802878905e-11,1.4449965091862346e-11,1.4449950802878905e-11,2.8779140675789525e-08,-2.9389378085761742e-18,1.4449965089227622e-11,1.4449965074658671e-11,-7.019363846385377e-18,-3.4650637207752287e-15,-2.9389378085761742e-18,-5.1079519194789504e-15,-3.9477132364900585e-18,1.4449958834029162e-11,1.444995885138193e-11,1.4449953167680824e-11,1.4449966474671932e-11,1.4449966568095331e-11,-7.624831012016294e-18,1.4449950861550721e-11,1.444996519276108e-11,2.8779133416220296e-08,1.4449965005866683e-11,-3.825595352364854e-18,-3.4287381027835693e-18,1.4449965176968229e-11,1.44499651609371e-11,1.4449950816524794e-11
1.0000224873520678,1.0000290745664657,1.0000282622766006,1.000028792149011,1.0000290745664604,1.4449965172454083e-11,1.0000244419290758,1.0000286871194815,2.2044935722415973e-11,1.2724429658255399e-11,1.0000286871194823,1.0000286871194808,1.0000290745664615,1.0000287921490136,1.000028262276601,1.000029074566459,1.3181035771272824e-11,1.0000282622766,1.0000282622766006,1.000028262276601,1.0000286871194835,1.0000282622766015,1.000028502784945,1.0000282622765997,1.0000288097126653,1.0000290745664604,1.413820689305436e-11,1.0000282622765984,1.0000290745664597,1.0000287921490123,1.0000282622766017,1.0000290745664597,1.000028687119484,1.0000287921490116,1.0000286871194821,1.000028262276601,1.0000282622766,1.0000290745664624,1.0000286871194832,1.0000282622766008,1.0000282622766004,1.0000290745664613,1.0000282622766006,1.0000285817445256,4.190455730240381e-11,1.0000290745664602,1.0000290745664597,1.3396171620327022e-11,1.2724429448864364e-11,4.1904557117888895e-11,4.124676760031236e-11,2.6407069778095563e-11,1.0000286871194832,1.0000286871194832,1.0000283926937943,1.0000291555464194,1.0000291555464198,1.3181035783915087e-11,1.0000282622766,1.0000290745664604,1.0000283786060433,1.0000290745664602,2.6315578330681327e-11,2.6315578247850954e-11,1.0000290745664602,1.0000290745664613,1.0000282622766004
1.0000220999080713,1.0000286871194874,1.0000278748299345,1.0000284047021424,1.000028687119482,1.4449958809204943e-11,1.0000286871194815,1.0000236670352736,4.3905606809998274e-08,1.2724423613330163e-11,1.0000282996726524,1.0000282996726513,1.0000286871194832,1.0000284047021453,1.0000278748299343,1.0000286871194817,2.6251916834997994e-08,1.0000278748299332,1.0000278748299338,1.0000278748299334,1.0000282996726526,1.0000278748299343,1.0000281153381863,1.0000278748299332,1.000028422265785,1.0000286871194823,1.413820016491388e-11,1.0000278748299327,1.0000286871194815,1.000028404702143,1.000027874829934,1.000028687119482,1.0000282996726544,1.000028404702142,1.0000282996726524,1.0000278748299343,1.0000278748299336,1.000028687119483,1.0000282996726535,1.0000278748299325,1.0000278748299338,1.0000286871194826,1.0000278748299338,1.0000281942977354,8.34588323189897e-08,1.0000286871194826,1.0000286871194815,2.6680389085179072e-08,1.2724423368228521e-11,8.34588320095942e-08,8.214875197307389e-08,2.640705998101324e-11,1.0000282996726535,1.0000282996726526,1.0000280052470751,1.0000287680994104,1.0000287680994109,2.6251916704697017e-08,1.0000278748299336,1.0000286871194821,1.0000279911593328,1.0000286871194821,2.6315568699059124e-11,2.631556870137781e-11,1.000028687119482,1.0000286871194826,1.0000278748299336
1.1844685835620895e-06,2.2044935782751573e-11,4.390559399351119e-08,2.2044935893380586e-11,2.2044935782751573e-11,-5.974038059770095e-19,2.2044935722415973e-11,4.3905606809998274e-08,-4.6326376788002615e-06,-3.2845222429281748e-18,4.390560680999814e-08,4.3905606809998685e-08,2.2044935773961167e-11,2.2044935834411e-11,4.3905593993511594e-08,2.2044935686713736e-11,7.761458649455946e-18,4.3905593993511575e-08,4.3905593993511125e-08,4.390559399351099e-08,4.390560680999834e-08,4.390559399351146e-08,4.3905599538298237e-08,4.3905593993511416e-08,4.390560229690009e-08,2.2044935693325032e-11,-1.056927414585377e-18,4.390559399351139e-08,2.2044935759965145e-11,2.204493583315614e-11,4.390559399351078e-08,2.2044935693325032e-11,4.3905606809998407e-08,2.2044935826447325e-11,4.3905606809998685e-08,4.390559399351146e-08,4.3905593993511144e-08,2.204493570898768e-11,4.390560680999845e-08,4.3905593993511594e-08,4.3905593993511416e-08,2.2044935733901417e-11,4.390559399351099e-08,4.390561125811966e-08,-6.083040591131518e-14,2.204493571479792e-11,2.2044935693325032e-11,-3.0131216995070938e-18,-3.5099124914324284e-18,-6.083040562042772e-14,-5.914245010779878e-14,2.6940190788029778e-17,4.3905606809998274e-08,4.3905606809998724e-08,4.390559989161534e-08,2.20449433134842e-11,2.2044943432366704e-11,7.275080619642757e-18,4.3905593993511125e-08,2.204493570829424e-11,4.390560019603553e-08,2.2044935782751573e-11,2.6189027343733575e-17,2.6189027343733575e-17,2.2044935685432123e-11,2.2044935667463418e-11,4.390559399351167e-08
1.1659056070623645e-06,1.2724429678466893e-11,1.2724416816766603e-11,1.272442521829772e-11,1.2724429717638473e-11,-3.4650638468002386e-15,1.2724429658255399e-11,1.2724423613330163e-11,-3.2845222429281748e-18,-4.632637403572849e-06,1.2724423603310613e-11,1.2724423626946304e-11,1.2724429766672732e-11,1.2724425293246848e-11,1.2724416837297656e-11,1.2724429732973311e-11,-6.824091298985122e-18,1.2724416837297656e-11,1.2724416874276106e-11,1.2724416961747791e-11,1.2724423600287882e-11,1.2724416837297656e-11,2.534249237590905e-08,1.2724416816293074e-11,1.2724425758159397e-11,1.2724429678450128e-11,-3.3762417663996095e-15,1.2724416920253145e-11,1.2724429834586611e-11,1.2724425133528917e-11,1.2724416875781608e-11,1.2724429813048093e-11,1.2724423688278988e-11,1.2724425146665831e-11,1.2724423626967405e-11,1.2724416774542592e-11,1.2724416774542592e-11,1.2724429767075965e-11,1.2724423558194465e-11,1.2724416953192341e-11,1.2724417005847103e-11,1.2724429658255399e-11,1.2724416774542592e-11,1.27244221772941e-11,-3.375729397139256e-18,1.272442969355676e-11,1.2724429658257206e-11,-6.01588326442208e-18,-5.276379272162027e-17,-3.2332685931234694e-18,-2.7973306041274115e-18,-2.9531936014609095e-18,1.2724423626946304e-11,1.2724423613330163e-11,1.2724419072018206e-11,1.272443098649338e-11,1.2724430929365042e-11,-6.696935539401232e-18,1.2724416873658788e-11,1.2724429834586611e-11,2.534248829711473e-08,1.2724429607769908e-11,-2.741293143074095e-18,-2.9937729949508198e-18,1.2724429658257206e-11,1.272442969355676e-11,1.2724416953192341e-11
1.0000220999080758,1.0000286871194874,1.0000278748299363,1.000028404702143,1.0000286871194832,1.444995872987634e-11,1.0000286871194823,1.0000282996726524,4.390560680999814e-08,1.2724423603310613e-11,1.0000236670352802,1.0000282996726526,1.0000286871194828,1.0000284047021442,1.0000278748299338,1.0000286871194821,2.6251916834998358e-08,1.0000278748299345,1.0000278748299356,1.0000278748299354,1.0000282996726533,1.000027874829935,1.0000281153381858,1.0000278748299338,1.0000284222657863,1.0000286871194837,1.4138200331740766e-11,1.0000278748299327,1.0000286871194826,1.0000284047021426,1.0000278748299365,1.0000286871194823,1.0000282996726537,1.0000284047021426,1.0000282996726513,1.0000278748299343,1.0000278748299352,1.0000286871194832,1.0000282996726533,1.0000278748299347,1.0000278748299347,1.0000286871194826,1.0000278748299358,1.0000281942977371,8.345883231898985e-08,1.0000286871194821,1.0000286871194826,2.6680389085179522e-08,1.2724423241930144e-11,8.345883200959402e-08,8.214875197307375e-08,2.640705998906175e-11,1.000028299672653,1.0000282996726542,1.0000280052470765,1.0000287680994118,1.0000287680994115,2.6251916704697242e-08,1.0000278748299336,1.0000286871194832,1.0000279911593317,1.0000286871194826,2.6315568577733962e-11,2.631556875122056e-11,1.0000286871194812,1.0000286871194832,1.0000278748299347
1.0000220999080713,1.000028687119487,1.000027874829934,1.0000284047021426,1.0000286871194815,1.4449958869926996e-11,1.0000286871194808,1.0000282996726513,4.3905606809998685e-08,1.2724423626946304e-11,1.0000282996726526,1.0000236670352711,1.0000286871194821,1.0000284047021437,1.0000278748299332,1.0000286871194808,2.6251916834997498e-08,1.0000278748299327,1.0000278748299345,1.0000278748299336,1.0000282996726535,1.0000278748299338,1.0000281153381854,1.0000278748299332,1.0000284222657858,1.000028687119482,1.4138200102431721e-11,1.0000278748299327,1.000028687119481,1.000028404702142,1.0000278748299343,1.000028687119481,1.0000282996726535,1.000028404702141,1.0000282996726517,1.0000278748299332,1.0000278748299338,1.000028687119483,1.0000282996726526,1.0000278748299332,1.0000278748299343,1.000028687119482,1.0000278748299343,1.0000281942977367,8.345883231898949e-08,1.000028687119482,1.0000286871194808,2.66803890851788e-08,1.2724423368228521e-11,8.345883200959422e-08,8.21487519730738e-08,2.6407059901065737e-11,1.0000282996726535,1.0000282996726533,1.0000280052470754,1.0000287680994104,1.0000287680994104,2.6251916704696428e-08,1.000027874829933,1.0000286871194815,1.0000279911593337,1.000028687119482,2.6315568719587996e-11,2.6315568653936044e-11,1.0000286871194826,1.000028687119483,1.0000278748299332
1.0000224873520631,1.0000290745664657,1.000028262276603,1.0000287921490127,1.0000290745664626,1.4449965207352959e-11,1.0000290745664615,1.0000286871194832,2.2044935773961167e-11,1.2724429766672732e-11,1.0000286871194828,1.0000286871194821,1.0000244419290798,1.0000287921490147,1.0000282622766021,1.0000290745664615,1.3181035887244206e-11,1.0000282622766017,1.0000282622766026,1.0000282622766017,1.0000286871194835,1.0000282622766021,1.0000285027849463,1.0000282622766006,1.0000288097126655,1.0000290745664624,1.413820698718395e-11,1.0000282622766004,1.000029074566462,1.0000287921490127,1.0000282622766032,1.0000290745664617,1.0000286871194843,1.000028792149013,1.0000286871194815,1.0000282622766021,1.000028262276602,1.0000290745664615,1.0000286871194828,1.0000282622766017,1.0000282622766021,1.0000290745664624,1.0000282622766026,1.0000285817445274,4.1904557220934e-11,1.0000290745664608,1.0000290745664608,1.339617150977513e-11,1.2724429552028045e-11,4.1904557103740145e-11,4.1246767579367383e-11,2.640706970912791e-11,1.0000286871194835,1.0000286871194843,1.0000283926937945,1.0000291555464202,1.0000291555464198,1.3181035659316915e-11,1.0000282622766017,1.0000290745664624,1.0000283786060458,1.0000290745664626,2.6315578291305384e-11,2.631557827874891e-11,1.0000290745664613,1.000029074566462,1.0000282622766015
1.0000222049367913,1.0000287921490185,1.0000279798593812,1.0000285097316421,1.0000287921490143,1.4449959742417016e-11,1.0000287921490136,1.0000284047021453,2.2044935834411e-11,1.2724425293246848e-11,1.0000284047021442,1.0000284047021437,1.0000287921490147,1.0000238770942689,1.0000279798593807,1.0000287921490136,2.6251914272640865e-08,1.0000279798593807,1.0000279798593814,1.0000279798593814,1.0000284047021453,1.000027979859381,1.0000282203676578,1.0000279798593803,1.0000285272952936,1.000028792149014,1.41382014367285e-11,1.00002797985938,1.0000287921490136,1.0000285097316421,1.0000279798593827,1.0000287921490136,1.000028404702146,1.0000285097316417,1.0000284047021433,1.0000279798593807,1.0000279798593814,1.000028792149014,1.0000284047021453,1.0000279798593812,1.0000279798593803,1.0000287921490143,1.0000279798593812,1.0000282993272158,4.190454553326001e-11,1.0000287921490127,1.0000287921490136,2.6680390186037373e-08,1.2724424799838208e-11,4.1904545421653675e-11,4.124675605372796e-11,2.640705746217831e-11,1.0000284047021455,1.000028404702146,1.0000281102765372,1.0000288731289493,1.00002887312895,2.6251914142339977e-08,1.0000279798593812,1.0000287921490143,1.0000280961887926,1.0000287921490143,2.631556611498485e-11,2.6315566139688554e-11,1.0000287921490139,1.0000287921490139,1.00002797985938
1.000021675068469,1.000028262276605,1.0000274499873951,1.0000279798593792,1.0000282622766015,1.4449950726873054e-11,1.000028262276601,1.0000278748299343,4.3905593993511594e-08,1.2724416837297656e-11,1.0000278748299338,1.0000278748299332,1.0000282622766021,1.0000279798593807,1.0000228173500145,1.0000282622766008,2.6251892967842657e-08,1.0000274499873945,1.000027449987395,1.0000274499873945,1.0000278748299352,1.0000274499873947,1.0000276904955454,1.0000274499873933,1.0000279974230177,1.0000282622766017,1.4138192757556246e-11,1.000027449987393,1.0000282622766006,1.0000279798593792,1.0000274499873953,1.000028262276601,1.0000278748299358,1.000027979859379,1.0000278748299325,1.000027449987395,1.0000274499873945,1.0000282622766017,1.0000278748299343,1.000027449987394,1.0000274499873942,1.000028262276602,1.000027449987395,1.0000277694550628,8.345879363239874e-08,1.000028262276601,1.0000282622766004,2.6680367269894356e-08,1.272441651586317e-11,8.345879332300243e-08,8.214871369684797e-08,5.2593375463206946e-08,1.0000278748299358,1.0000278748299356,1.0000275804044811,1.0000283432564951,1.0000283432564943,2.6251892837542086e-08,1.0000274499873945,1.0000282622766015,1.0000275663167446,1.0000282622766004,5.241115697431997e-08,5.2411156891182245e-08,1.000028262276601,1.0000282622766024,1.0000274499873936
1.0000224873520678,1.0000290745664657,1.0000282622766006,1.000028792149011,1.00002907456646,1.44499651609371e-11,1.000029074566459,1.0000286871194817,2.2044935686713736e-11,1.2724429732973311e-11,1.0000286871194821,1.0000286871194808,1.0000290745664615,1.0000287921490136,1.0000282622766008,1.0000244419290722,1.3181035771272824e-11,1.0000282622766,1.0000282622766006,1.000028262276601,1.0000286871194837,1.0000282622766015,1.000028502784945,1.0000282622765995,1.0000288097126646,1.0000290745664604,1.413820698718395e-11,1.0000282622765984,1.0000290745664597,1.0000287921490123,1.0000282622766017,1.000029074566459,1.0000286871194832,1.0000287921490116,1.0000286871194823,1.0000282622766006,1.0000282622766,1.0000290745664624,1.000028687119483,1.0000282622766008,1.0000282622766006,1.0000290745664613,1.0000282622766006,1.0000285817445256,4.190455724696633e-11,1.0000290745664604,1.0000290745664597,1.3396171661965943e-11,1.2724429415014437e-11,4.190455711376572e-11,4.1246767697884006e-11,2.6407069778993423e-11,1.0000286871194832,1.0000286871194828,1.0000283926937943,1.0000291555464194,1.0000291555464194,1.3181035758777047e-11,1.0000282622765997,1.0000290745664604,1.0000283786060433,1.0000290745664597,2.6315578315059346e-11,2.63155782813692e-11,1.0000290745664606,1.0000290745664613,1.0000282622765992
1.166814998487767e-06,1.3181035962964623e-11,2.6251892967842614e-08,2.625191427264082e-08,1.3181035804866228e-11,-7.351622290787675e-18,1.3181035771272824e-11,2.6251916834997994e-08,7.761458649455946e-18,-6.824091298985122e-18,2.6251916834998358e-08,2.6251916834997498e-08,1.3181035887244206e-11,2.6251914272640865e-08,2.6251892967842657e-08,1.3181035771272824e-11,-4.632637607258836e-06,2.6251892967842928e-08,2.6251892967842614e-08,2.6251892967842793e-08,2.625191683499754e-08,2.6251892967842746e-08,2.6251906940017735e-08,2.6251892967842928e-08,2.625192593359853e-08,1.3181035762950747e-11,-7.447053681801067e-18,2.6251892967842746e-08,1.3181035740274867e-11,2.6251914272641454e-08,2.62518929678418e-08,1.318103578205493e-11,2.6251916834997455e-08,2.625191427264195e-08,2.625191683499813e-08,2.6251892967842703e-08,2.6251892967842564e-08,1.3181035740274867e-11,2.6251916834997498e-08,2.62518929678432e-08,2.6251892967842928e-08,1.3181035820532912e-11,2.6251892967842614e-08,2.625190888048825e-08,-8.912696921611609e-18,1.3181035868630959e-11,1.318103583811004e-11,-6.840999034803599e-18,-6.108133725636076e-18,-8.912696353112816e-18,-9.233115893232903e-18,-1.791398865210169e-17,2.6251916834997455e-08,2.6251916834997862e-08,2.6251896433769912e-08,2.6251930474253697e-08,1.3181040513847888e-11,-1.751573649973373e-17,2.625189296784225e-08,1.3181035740274867e-11,2.6251898781713965e-08,1.3181035849094082e-11,-1.7676907540560532e-17,-1.8181858966075197e-17,1.318103583811004e-11,1.3181035803554403e-11,2.6251892967842882e-08
1.000021675068462,1.0000282622766055,1.000027449987395,1.0000279798593794,1.0000282622766004,1.444995082145916e-11,1.0000282622766,1.0000278748299332,4.3905593993511575e-08,1.2724416837297656e-11,1.0000278748299345,1.0000278748299327,1.0000282622766017,1.0000279798593807,1.0000274499873945,1.0000282622766,2.6251892967842928e-08,1.0000228173500203,1.0000274499873953,1.0000274499873945,1.000027874829935,1.0000274499873945,1.0000276904955456,1.0000274499873927,1.0000279974230164,1.000028262276601,1.413819278572836e-11,1.0000274499873918,1.0000282622766,1.0000279798593779,1.000027449987395,1.0000282622766,1.0000278748299347,1.0000279798593792,1.0000278748299332,1.0000274499873945,1.0000274499873945,1.0000282622766017,1.0000278748299347,1.0000274499873942,1.000027449987394,1.000028262276601,1.0000274499873942,1.000027769455062,8.34587936323987e-08,1.0000282622766012,1.0000282622766,2.668036726989377e-08,1.272441650189586e-11,8.345879332300276e-08,8.214871369684828e-08,5.2593375463206926e-08,1.0000278748299352,1.0000278748299343,1.000027580404482,1.000028343256494,1.0000283432564947,2.6251892837541904e-08,1.0000274499873936,1.0000282622766006,1.0000275663167437,1.0000282622766006,5.2411156974320084e-08,5.241115689118229e-08,1.0000282622766006,1.0000282622766015,1.0000274499873936
1.0000216750684676,1.0000282622766075,1.000027449987396,1.0000279798593799,1.0000282622766017,1.4449950794877505e-11,1.0000282622766006,1.0000278748299338,4.3905593993511125e-08,1.2724416874276106e-11,1.0000278748299356,1.0000278748299345,1.0000282622766026,1.0000279798593814,1.000027449987395,1.0000282622766006,2.6251892967842614e-08,1.0000274499873953,1.000022817350016,1.0000274499873956,1.0000278748299363,1.000027449987395,1.000027690495547,1.000027449987395,1.0000279974230175,1.0000282622766015,1.413819278572836e-11,1.0000274499873933,1.0000282622766024,1.0000279798593799,1.0000274499873956,1.0000282622766006,1.0000278748299363,1.000027979859381,1.0000278748299352,1.000027449987395,1.0000274499873953,1.0000282622766032,1.0000278748299354,1.0000274499873956,1.0000274499873956,1.0000282622766024,1.0000274499873956,1.0000277694550637,8.345879363239877e-08,1.0000282622766021,1.0000282622766021,2.6680367269893995e-08,1.2724416499265262e-11,8.345879332300254e-08,8.214871369684786e-08,5.2593375463206807e-08,1.000027874829937,1.0000278748299356,1.0000275804044834,1.0000283432564956,1.0000283432564958,2.6251892837541858e-08,1.0000274499873951,1.0000282622766015,1.000027566316745,1.0000282622766015,5.241115697431995e-08,5.2411156891182384e-08,1.0000282622766024,1.0000282622766028,1.0000274499873945
1.0000216750684676,1.000028262276605,1.000027449987395,1.0000279798593792,1.0000282622766015,1.444995082145916e-11,1.000028262276601,1.0000278748299334,4.390559399351099e-08,1.2724416961747791e-11,1.0000278748299354,1.0000278748299336,1.0000282622766017,1.0000279798593814,1.0000274499873945,1.000028262276601,2.6251892967842793e-08,1.0000274499873945,1.0000274499873956,1.0000228173500145,1.0000278748299356,1.0000274499873945,1.0000276904955459,1.0000274499873942,1.0000279974230168,1.0000282622766015,1.4138192830824336e-11,1.000027449987393,1.0000282622766004,1.000027979859379,1.000027449987395,1.000028262276601,1.0000278748299358,1.0000279798593794,1.0000278748299327,1.0000274499873945,1.000027449987395,1.0000282622766024,1.0000278748299338,1.0000274499873945,1.0000274499873945,1.000028262276602,1.0000274499873953,1.0000277694550637,8.345879363239861e-08,1.0000282622766006,1.0000282622766004,2.668036726989413e-08,1.2724416581919017e-11,8.345879332300239e-08,8.214871369684779e-08,5.259337546320688e-08,1.0000278748299356,1.000027874829936,1.000027580404482,1.0000283432564947,1.0000283432564951,2.6251892837541497e-08,1.0000274499873947,1.0000282622766015,1.0000275663167446,1.0000282622766015,5.2411156974319925e-08,5.241115689118215e-08,1.000028262276601,1.0000282622766021,1.0000274499873933
1.0000220999080727,1.000028687119488,1.0000278748299356,1.0000284047021437,1.000028687119484,1.4449958869926996e-11,1.0000286871194835,1.0000282996726526,4.390560680999834e-08,1.2724423600287882e-11,1.0000282996726533,1.0000282996726535,1.0000286871194835,1.0000284047021453,1.0000278748299352,1.0000286871194837,2.625191683499754e-08,1.000027874829935,1.0000278748299363,1.0000278748299356,1.0000236670352705,1.0000278748299352,1.000028115338187,1.000027874829934,1.0000284222657867,1.0000286871194837,1.4138200288934865e-11,1.0000278748299336,1.000028687119483,1.0000284047021433,1.0000278748299378,1.0000286871194835,1.0000282996726535,1.0000284047021437,1.0000282996726522,1.0000278748299352,1.0000278748299356,1.0000286871194837,1.000028299672653,1.0000278748299354,1.0000278748299343,1.0000286871194835,1.0000278748299363,1.000028194297738,8.345883231898965e-08,1.0000286871194828,1.000028687119483,2.6680389085178893e-08,1.272442331017832e-11,8.345883200959414e-08,8.214875197307389e-08,2.6407059993966992e-11,1.000028299672654,1.0000282996726542,1.0000280052470776,1.000028768099412,1.0000287680994124,2.6251916704697242e-08,1.0000278748299354,1.000028687119484,1.0000279911593337,1.0000286871194835,2.6315568655567638e-11,2.631556867328232e-11,1.0000286871194821,1.000028687119483,1.0000278748299352
1.0000216750684692,1.0000282622766055,1.0000274499873953,1.0000279798593792,1.0000282622766015,1.4449950769361584e-11,1.0000282622766015,1.0000278748299343,4.390559399351146e-08,1.2724416837297656e-11,1.000027874829935,1.0000278748299338,1.0000282622766021,1.000027979859381,1.0000274499873947,1.0000282622766015,2.6251892967842746e-08,1.0000274499873945,1.000027449987395,1.0000274499873945,1.0000278748299352,1.000022817350015,1.0000276904955456,1.0000274499873931,1.0000279974230175,1.0000282622766015,1.4138192730561106e-11,1.000027449987393,1.0000282622766006,1.0000279798593796,1.0000274499873956,1.0000282622766015,1.0000278748299363,1.0000279798593794,1.0000278748299325,1.000027449987395,1.0000274499873945,1.0000282622766017,1.0000278748299356,1.0000274499873942,1.0000274499873945,1.0000282622766017,1.0000274499873953,1.0000277694550637,8.345879363239883e-08,1.000028262276601,1.0000282622766006,2.668036726989431e-08,1.2724416728412432e-11,8.345879332300243e-08,8.214871369684779e-08,5.259337546320645e-08,1.0000278748299358,1.0000278748299367,1.000027580404482,1.0000283432564956,1.0000283432564947,2.625189283754177e-08,1.0000274499873945,1.0000282622766021,1.0000275663167446,1.0000282622766006,5.241115697431983e-08,5.2411156891181974e-08,1.000028262276601,1.0000282622766026,1.0000274499873942
1.0000219155749543,1.0000285027849505,1.0000276904955463,1.000028220367656,1.0000285027849456,2.877913821790494e-08,1.000028502784945,1.0000281153381863,4.3905599538298237e-08,2.534249237590905e-08,1.0000281153381858,1.0000281153381854,1.0000285027849463,1.0000282203676578,1.0000276904955454,1.000028502784945,2.6251906940017735e-08,1.0000276904955456,1.000027690495547,1.0000276904955459,1.000028115338187,1.0000276904955456,1.0000232983663788,1.0000276904955447,1.0000282379312964,1.0000285027849456,2.815822748262351e-08,1.0000276904955447,1.0000285027849452,1.0000282203676567,1.0000276904955467,1.000028502784945,1.0000281153381871,1.000028220367656,1.0000281153381854,1.0000276904955454,1.0000276904955467,1.0000285027849456,1.0000281153381865,1.0000276904955456,1.0000276904955459,1.0000285027849463,1.0000276904955456,1.0000280099632894,8.345881509298692e-08,1.0000285027849456,1.0000285027849452,2.6680379853267728e-08,2.534249178590202e-08,8.345881478359052e-08,8.214873494381009e-08,2.6407053527360386e-11,1.000028115338187,1.0000281153381867,1.0000278209126634,1.0000285837648584,1.0000285837648597,2.625190680971621e-08,1.0000276904955447,1.0000285027849463,1.0000278068249224,1.0000285027849456,2.6315562112622763e-11,2.63155621048847e-11,1.000028502784946,1.0000285027849456,1.0000276904955452
1.000021675068465,1.0000282622766041,1.0000274499873936,1.0000279798593783,1.0000282622766,1.4449950813295799e-11,1.0000282622765997,1.0000278748299332,4.3905593993511416e-08,1.2724416816293074e-11,1.0000278748299338,1.0000278748299332,1.0000282622766006,1.0000279798593803,1.0000274499873933,1.0000282622765995,2.6251892967842928e-08,1.0000274499873927,1.000027449987395,1.0000274499873942,1.000027874829934,1.0000274499873931,1.0000276904955447,1.000022817350012,1.0000279974230166,1.0000282622766004,1.413819282674625e-11,1.0000274499873918,1.0000282622765995,1.0000279798593783,1.000027449987395,1.0000282622765997,1.0000278748299343,1.0000279798593785,1.0000278748299327,1.0000274499873933,1.0000274499873936,1.0000282622766015,1.0000278748299336,1.000027449987393,1.0000274499873925,1.0000282622766,1.000027449987394,1.0000277694550617,8.345879363239878e-08,1.0000282622766008,1.0000282622765992,2.6680367269893952e-08,1.2724416551304091e-11,8.345879332300243e-08,8.214871369684773e-08,5.259337546320618e-08,1.0000278748299343,1.0000278748299347,1.0000275804044811,1.0000283432564936,1.000028343256495,2.6251892837541633e-08,1.000027449987393,1.0000282622766006,1.000027566316743,1.0000282622766,5.241115697431981e-08,5.241115689118191e-08,1.0000282622766,1.0000282622766015,1.000027449987393
1.0000222225003081,1.00002880971267,1.0000279974230188,1.0000285272952925,1.0000288097126648,1.4449961096398859e-11,1.0000288097126653,1.000028422265785,4.390560229690009e-08,1.2724425758159397e-11,1.0000284222657863,1.0000284222657858,1.0000288097126655,1.0000285272952936,1.0000279974230177,1.0000288097126646,2.625192593359853e-08,1.0000279974230164,1.0000279974230175,1.0000279974230168,1.0000284222657867,1.0000279974230175,1.0000282379312964,1.0000279974230166,1.0000239122215626,1.0000288097126653,1.4138202705920833e-11,1.0000279974230162,1.0000288097126644,1.0000285272952918,1.000027997423018,1.0000288097126653,1.000028422265787,1.0000285272952925,1.0000284222657854,1.0000279974230177,1.000027997423017,1.0000288097126655,1.000028422265787,1.000027997423017,1.000027997423018,1.0000288097126648,1.0000279974230184,1.0000283168908595,8.34588413731852e-08,1.0000288097126644,1.0000288097126644,2.6680396528239778e-08,1.2724425390332323e-11,8.345884106378927e-08,8.214876099859821e-08,5.2593420027098326e-08,1.0000284222657867,1.0000284222657867,1.0000281278401748,1.0000288906926025,1.000028890692603,2.6251925803297822e-08,1.0000279974230168,1.0000288097126655,1.000028113752431,1.0000288097126644,2.6315574523257237e-11,2.631557444786104e-11,1.0000288097126648,1.0000288097126653,1.000027997423017
1.0000224873520678,1.0000290745664666,1.0000282622766015,1.0000287921490116,1.0000290745664613,1.444996529821311e-11,1.0000290745664604,1.0000286871194823,2.2044935693325032e-11,1.2724429678450128e-11,1.0000286871194837,1.000028687119482,1.0000290745664624,1.000028792149014,1.0000282622766017,1.0000290745664604,1.3181035762950747e-11,1.000028262276601,1.0000282622766015,1.0000282622766015,1.0000286871194837,1.0000282622766015,1.0000285027849456,1.0000282622766004,1.0000288097126653,1.000024441929079,1.4138207070309069e-11,1.0000282622766,1.0000290745664604,1.0000287921490127,1.0000282622766026,1.0000290745664604,1.0000286871194843,1.0000287921490123,1.0000286871194821,1.0000282622766017,1.0000282622766006,1.0000290745664622,1.0000286871194837,1.0000282622766012,1.0000282622766006,1.0000290745664613,1.0000282622766015,1.0000285817445262,4.1904557362624024e-11,1.0000290745664604,1.0000290745664604,1.339617170666504e-11,1.272442952577043e-11,4.190455712020363e-11,4.124676781151579e-11,2.6407069784624416e-11,1.0000286871194837,1.0000286871194837,1.0000283926937936,1.0000291555464198,1.0000291555464202,1.3181035736394205e-11,1.0000282622766004,1.0000290745664604,1.0000283786060438,1.0000290745664604,2.6315578330681327e-11,2.631557829350891e-11,1.0000290745664613,1.0000290745664617,1.0000282622766008
1.1687213267988992e-06,1.4138206937478133e-11,1.4138192789943467e-11,1.4138201863793749e-11,1.4138206935723605e-11,-3.525584050828788e-15,1.413820689305436e-11,1.413820016491388e-11,-1.056927414585377e-18,-3.3762417663996095e-15,1.4138200331740766e-11,1.4138200102431721e-11,1.413820698718395e-11,1.41382014367285e-11,1.4138192757556246e-11,1.413820698718395e-11,-7.447053681801067e-18,1.413819278572836e-11,1.413819278572836e-11,1.4138192830824336e-11,1.4138200288934865e-11,1.4138192730561106e-11,2.815822748262351e-08,1.413819282674625e-11,1.4138202705920833e-11,1.4138207070309069e-11,-4.632637505509956e-06,1.4138192861776114e-11,1.4138206937478133e-11,1.4138201622576759e-11,1.4138192804363529e-11,1.4138206923868172e-11,1.4138200205772868e-11,1.4138201877582486e-11,1.413820016491388e-11,1.4138192806129838e-11,1.4138192911120928e-11,1.4138206999457552e-11,1.4138200281804407e-11,1.4138192911120928e-11,1.413819279065286e-11,1.4138206999457552e-11,1.4138192830824336e-11,1.4138198362620514e-11,-2.651385875891374e-18,1.4138207003494466e-11,1.4138207003494466e-11,-6.427443270915739e-18,-3.3762416440086073e-15,-2.746058063963735e-18,-3.4436024203662525e-18,-4.010972874487458e-18,1.4138200281804407e-11,1.4138200288934865e-11,1.4138195016833913e-11,1.4138208085043888e-11,1.4138208306338629e-11,-7.109020861208447e-18,1.413819278572836e-11,1.4138207040993793e-11,2.815822287805634e-08,1.4138206964032823e-11,-3.782875475827123e-18,-3.738742570113961e-18,1.4138206959111824e-11,1.413820696455983e-11,1.4138192732212736e-11
1.0000216750684698,1.000028262276604,1.0000274499873931,1.000027979859377,1.0000282622766004,1.44499507693612e-11,1.0000282622765984,1.0000278748299327,4.390559399351139e-08,1.2724416920253145e-11,1.0000278748299327,1.0000278748299327,1.0000282622766004,1.00002797985938,1.000027449987393,1.0000282622765984,2.6251892967842746e-08,1.0000274499873918,1.0000274499873933,1.000027449987393,1.0000278748299336,1.000027449987393,1.0000276904955447,1.0000274499873918,1.0000279974230162,1.0000282622766,1.4138192861776114e-11,1.000022817350019,1.0000282622765995,1.000027979859378,1.0000274499873947,1.0000282622765984,1.0000278748299347,1.000027979859378,1.0000278748299327,1.000027449987393,1.0000274499873927,1.0000282622766004,1.0000278748299338,1.0000274499873927,1.0000274499873925,1.0000282622765995,1.0000274499873925,1.0000277694550606,8.345879363239863e-08,1.0000282622765995,1.0000282622765995,2.6680367269893813e-08,1.2724416631344543e-11,8.345879332300213e-08,8.214871369684766e-08,5.259337546320663e-08,1.0000278748299336,1.0000278748299336,1.0000275804044796,1.0000283432564927,1.0000283432564931,2.625189283754127e-08,1.0000274499873927,1.0000282622766001,1.0000275663167435,1.0000282622765997,5.241115697431979e-08,5.2411156891182206e-08,1.0000282622765992,1.0000282622766,1.0000274499873922
1.0000224873520656,1.0000290745664655,1.0000282622766015,1.0000287921490107,1.0000290745664602,1.4449965207352959e-11,1.0000290745664597,1.0000286871194815,2.2044935759965145e-11,1.2724429834586611e-11,1.0000286871194826,1.000028687119481,1.000029074566462,1.0000287921490136,1.0000282622766006,1.0000290745664597,1.3181035740274867e-11,1.0000282622766,1.0000282622766024,1.0000282622766004,1.000028687119483,1.0000282622766006,1.0000285027849452,1.0000282622765995,1.0000288097126644,1.0000290745664604,1.4138206937478133e-11,1.0000282622765995,1.0000244419290818,1.0000287921490119,1.0000282622766026,1.0000290745664597,1.0000286871194832,1.0000287921490114,1.000028687119482,1.0000282622766004,1.0000282622766015,1.000029074566462,1.0000286871194837,1.0000282622766004,1.0000282622766004,1.0000290745664608,1.0000282622766004,1.0000285817445256,4.190455724421441e-11,1.0000290745664608,1.0000290745664604,1.339617166092542e-11,1.2724429552028045e-11,4.190455709930137e-11,4.124676760031236e-11,2.640706978509884e-11,1.000028687119483,1.0000286871194832,1.0000283926937934,1.0000291555464187,1.0000291555464196,1.3181035617846352e-11,1.0000282622766004,1.0000290745664608,1.0000283786060438,1.0000290745664604,2.6315578345374116e-11,2.6315578244097857e-11,1.0000290745664602,1.0000290745664606,1.0000282622765995
