1.0000000038328285,-8.791807927113907e-10,-9.862566190143838e-10,-8.806860012591129e-10,1.0000059230680274,1.0000155236986317,-8.205627521150119e-10,1.0000149635066393,1.000015523698632,-1.7387098057381668e-09,1.0000175399574007,1.0000169099799057,-3.99054215013109e-10,1.0000157160071879,-2.0424348232470213e-09,-1.313275369745835e-09,1.0000172007132955,-4.647320246735881e-10,-4.1399866002698955e-10,1.0000064303371388,-6.712683528200452e-10,-7.458397080889436e-10,1.000015564061693,-1.447755995061302e-09,-7.458401054128539e-10,-1.345323189860932e-09,1.0000179657223718,-4.565505811778927e-08,-2.266162627450553e-09,-3.1961092767094183e-10,1.0000140594745481,-3.648375427730975e-09,6.152662749740823e-10,2.840615543354122e-10,-1.6809154076715542e-09,-3.5448080366452506e-09,1.0000164495437913,1.000007068391707,-8.856954676832382e-10,-1.1408493430582762e-09,-1.5733349525600348e-09,1.0000220137064182,-1.1802314969023867e-09,-2.506904915607824e-10,1.000005080969805,-1.4218597494068435e-09,-2.5690773080352494e-09,1.0000421979895047,-8.79159341607999e-10,-5.138385434561982e-10,-1.1973677506173901e-09,7.965211565228082e-10,-2.7452994704574436e-09,1.000016449543793,-1.2043608740328168e-09,1.0000179657223707,-1.2043610813314231e-09,-1.3150013315726997e-09,-1.665799639990482e-11,1.0000152547689405,-8.983787742784664e-10,1.0000149635066438,-3.990560992241582e-10,4.3042095569279547e-10,-1.4324918536003961e-09,1.8276223136178975e-08,1.0000052680109117,-3.043787598173766e-08,-1.9819662374388513e-09,-2.7196492232551697e-10,-3.99055706663354e-10,-2.1490857172496706e-06,-8.956907226709148e-10,1.0000122424132432,-3.3266316146101544e-10,-1.0882688947938155e-09,-2.5671249497817497e-09,-5.591380015684361e-10,-1.054475586840439e-09,-4.139980655696843e-10,-2.7131054956594282e-09,-7.458397741503912e-10,-3.7870941666345407e-10,-2.0110850978716742e-09,-4.1399885699496673e-10,4.732472717135684e-10,-1.4275361580827788e-06,1.000017722069739,1.0000155236986328,-8.133799814220219e-10,1.000005507703585,-2.528094499111061e-10,-4.959225687761533e-10,-2.016018717528482e-09,-3.9905421137459134e-10,0.4800309972949159,0.520022511914343,-3.1911729536590214e-09,-1.1801780382734713e-09,1.0000149635066422,-4.13998538121618e-10,-1.0728829222314038e-09,-4.247928739892931e-09,-3.326623521804458e-10,-4.4952204322129334e-10,-3.2863330556624433e-09,1.0000155236986312,-3.5496270462172693e-09,-1.9834106077282063e-09,1.0000178416364154,-5.440295291391781e-10,-1.0728828021333674e-09,1.0000169861874277,-6.441329026529865e-11,-3.073450030305902e-09,1.0000155236986292,1.0000096162790448,1.0000168053586385,-1.015629072429359e-09,-3.7870931477740273e-10,1.000006410606864,1.000012913340934,-1.2967250711237345e-09,-2.5026015250821056e-09,1.0000175435063288,-9.862569569099284e-10,-1.424709423750656e-10,-1.8687545751446855e-09,-5.807525240083874e-10,-8.133768331538187e-10,-2.9032729277924626e-09,-4.269861435482402e-10,1.0000155236986286,-1.2431647601866254e-09,-2.4800740062235904e-09,1.000042110990115,-5.147486873509028e-10,1.000014850671878,-2.4647986898155596e-09,1.0000419568939132,-3.899912761111058e-10,-8.133774577423358e-10,-1.6657865324766834e-11,-7.798184827164265e-10,-4.4440873935862007e-10,-8.468842078408243e-10,-9.589067292525268e-10,-2.11726386246109e-09,-1.3349538898842652e-09,1.0000144932448287,-9.862569837790529e-10,-8.133789674768498e-10,1.0000122424132458
-8.791807927113907e-10,-2.5216253874168707e-06,8.351621723728466e-18,7.854427583162629e-18,-4.340030596493826e-12,-4.340098023892375e-12,6.79016894935191e-16,-4.3400937617352635e-12,-4.340098038714374e-12,1.1364787291034458e-17,-4.3401097492414964e-12,-4.3401060300887896e-12,4.416770763955154e-18,-4.3400986956138014e-12,5.4931531927899864e-15,8.366630767667444e-18,-4.340107706739081e-12,6.8472599600409496e-18,2.7851283748855225e-18,-4.340033649848272e-12,-4.0064293401638585e-19,4.51040365999334e-18,-4.340098208562884e-12,8.399469058603158e-18,4.533813393090127e-18,1.5898170602137113e-18,-4.3401120873053906e-12,4.533771530938121e-18,5.75327970288447e-18,1.7084963341896581e-18,-4.3400866460686735e-12,1.70530972031314e-17,1.965654936374948e-17,4.61705002369757e-15,-7.093469181594055e-16,1.1184223683200475e-17,-4.340090205362927e-12,-8.666491429957318e-09,1.5580298122498734e-18,7.452793054139105e-18,5.7797398790627536e-18,-4.3401253529061215e-12,7.043041973449766e-18,8.722616003575364e-15,-4.3400249012428844e-12,9.991444278695682e-18,6.045017203124016e-18,-4.3401231557504155e-12,6.301902795332428e-15,4.037472006241256e-18,-4.566120178259628e-19,1.0622265279058519e-14,1.1332536084361283e-17,-4.34009020767266e-12,8.610797302545126e-18,-4.340112091037997e-12,8.520765110890452e-18,3.786521185403749e-18,8.26681241931804e-18,-4.3400952447060244e-12,1.0077750409647194e-18,-4.340093766255494e-12,4.413598289279192e-18,6.851817097249575e-18,9.496176278100685e-18,-3.0403267532896925e-17,-4.340027626419078e-12,-4.248340364606576e-18,1.0540164206920891e-17,8.960858105254317e-16,4.416770763955154e-18,-1.2158407833218603e-16,4.723572671677255e-18,-4.340074417216155e-12,3.121270498735233e-18,-1.712085670777888e-19,7.96059108023802e-18,4.422949027232529e-18,7.172974111093325e-18,2.7851283748855225e-18,8.412007950652031e-18,4.538234738661716e-18,4.89760604390518e-18,6.2613508000510846e-18,2.8098396753297286e-18,2.0385961566628114e-15,-9.046878807615456e-17,-4.340111381467523e-12,-4.3400980200474844e-12,5.330361788780053e-18,-4.340030233882443e-12,-5.3581837209437324e-15,4.130588428602884e-18,3.161886108090496e-18,4.409173005145439e-18,1.8400583386341894e-11,-2.2740843260421058e-11,-8.336098627584007e-19,8.362200861175122e-18,-4.340093759515089e-12,2.792689023688508e-18,7.343023195895625e-15,7.353006984468922e-15,3.121270498735233e-18,5.731606357202238e-18,2.0169584086256303e-17,-4.340098021312799e-12,-7.211364556876765e-19,2.2861745882357292e-18,-4.340110945541975e-12,5.763690815812413e-18,7.343023209419113e-15,-4.3401059355327366e-12,-5.2786824605448555e-15,4.850635945257736e-18,-4.340098017172223e-12,-4.3400558578779805e-12,-4.340103907018645e-12,-1.3306209010364133e-14,4.89760604390518e-18,-4.3400356852460755e-12,-4.340079278785796e-12,9.115510106692502e-18,1.4355790086945596e-18,-4.340108573832159e-12,8.3209534405585e-18,7.025967111959576e-18,1.7978317136688895e-14,4.3766489007241464e-18,5.34413999417532e-18,1.223332061272419e-17,2.453813872478148e-18,-4.34009802045382e-12,8.196638235153507e-18,4.6614168674084515e-18,-4.3401229843230044e-12,7.798185611523668e-15,-4.340090740267338e-12,5.581291004065846e-18,-4.340122822271319e-12,2.6021117456059264e-18,5.322549426311349e-18,8.303272678512875e-18,5.032418574635036e-18,3.177862212429833e-18,4.799822719397645e-18,7.427052453095263e-18,4.805753701472747e-18,9.339665141462565e-18,-4.340087695330988e-12,8.322614577579833e-18,5.323892653016773e-18,-4.340074410548303e-12
-9.862566190143838e-10,8.351621723728466e-18,-2.521625349993835e-06,2.0629170418018892e-17,-4.393638449919392e-12,-4.393750436039025e-12,1.2635245004237747e-18,-4.393742930891519e-12,-4.393750451440005e-12,2.940685534179845e-17,-4.39376825453615e-12,-4.393762834746928e-12,1.1875286214324876e-17,-4.393750915664309e-12,7.438676221235153e-18,2.2321897509398725e-17,-4.393765245410006e-12,1.8075756857864393e-17,7.658330028152214e-18,-4.393643058224357e-12,-3.4516257571456655e-19,1.2385567188098457e-17,-4.393750685280931e-12,2.2455904713547395e-17,1.2341357405958803e-17,4.7551068293051055e-18,-4.393771688978179e-12,1.8255294169926508e-17,1.5301664473709958e-17,4.824685532299188e-18,-4.393730476504616e-12,4.520522550848972e-17,5.169636739736679e-17,5.8881760692959934e-18,-5.03519750320287e-19,2.9271402240251147e-17,-4.393725754583919e-12,-8.77356555787462e-09,4.598887122945752e-18,1.989959955025689e-17,1.5231719476358385e-17,-4.393780808439051e-12,1.8923037424131515e-17,1.1098461734303509e-17,-4.393629191227963e-12,2.5921840615016903e-17,1.5945552193047583e-17,-4.393624972578626e-12,8.334722644657319e-18,1.0879840215186002e-17,-2.2111340276454316e-19,1.3194693262945357e-17,2.975317439401854e-17,-4.393725751524658e-12,2.2680720032360855e-17,-4.393771688978179e-12,2.2680720032360855e-17,1.0129671036323407e-17,2.1370284284364483e-17,-4.393744843093377e-12,3.2144755120505758e-18,-4.393742932612999e-12,1.1906009839052585e-17,1.7725963340348026e-17,2.5124746363993215e-17,-6.869589247993662e-17,-4.393635024132069e-12,-6.67971131341292e-18,2.7241100256078686e-17,1.4056344725679883e-18,1.1906009839052585e-17,-3.455665730684099e-16,1.25581777920817e-17,-4.3937107841930005e-12,8.450717687235106e-18,4.0451275781559183e-19,2.1015450972252136e-17,1.1754751800900678e-17,1.8719802082251245e-17,7.677885517007488e-18,2.2744033632903116e-17,1.2341357405958803e-17,1.3141909999244021e-17,1.699155862918334e-17,7.728185691140511e-18,2.55700459431806e-18,-2.573540069303058e-16,-4.3937712342171545e-12,-4.393750434751202e-12,1.4048766447174938e-17,-4.393640217746522e-12,-6.543889372629205e-18,1.1368706629214762e-17,8.700200499663347e-18,1.1906009839052585e-17,5.07504055200537e-11,-5.5144332655523196e-11,-1.0440224799137688e-18,2.1976310719032975e-17,-4.393742927575512e-12,7.658330028152214e-18,9.601596054820798e-18,9.98392361604161e-18,8.452100631875218e-18,1.5147899179677885e-17,5.273933375784633e-17,-4.393750434751202e-12,-8.439998928510213e-19,6.332176342777368e-18,-4.3937694494697815e-12,1.5558013570497028e-17,9.615793104102992e-18,-4.3937618387152595e-12,-6.4835541772447565e-18,1.3511359531642508e-17,-4.393750451440005e-12,-4.393679775938622e-12,-4.393757978350962e-12,-1.6809289098448032e-17,1.3141909999244021e-17,-4.393648296183189e-12,-4.3937189226137295e-12,2.4077616485311232e-17,4.393829247734915e-18,-4.393765037883535e-12,4.4125143643561575e-14,1.8302404784124957e-17,2.4093505621864957e-17,1.172426264134138e-17,1.4103016254527387e-17,3.175663599072627e-17,6.852150743438723e-18,-4.393750434751202e-12,2.1885287968032655e-17,1.2614149266737403e-17,-4.393625393405327e-12,9.991787483363774e-18,-4.39373594403462e-12,1.5136954355836074e-17,-4.3936259731214904e-12,7.147417173700084e-18,1.4103016254527387e-17,2.1346987096585514e-17,1.326903001619951e-17,8.73639472303074e-18,1.2508931070595352e-17,1.9747042562132746e-17,1.3046118787002137e-17,2.4919840163531834e-17,-4.3937313558136185e-12,4.412514369295387e-14,1.4048766447174938e-17,-4.393710772340962e-12
-8.806860012591129e-10,7.854427583162629e-18,2.0629170418018892e-17,-2.5216253565042025e-06,-4.340772798331264e-12,-4.3408793975916225e-12,1.1763248754589696e-18,-4.340872255095878e-12,-4.340879412348106e-12,2.7216844487066255e-17,-4.340896479705189e-12,-4.340891350544844e-12,1.0997934938971256e-17,-4.3408798779279725e-12,6.983159591879556e-18,2.0715197770711193e-17,-4.340893675523333e-12,1.6745748718604697e-17,7.102507230797676e-18,-4.340777118590147e-12,-2.890981621716569e-19,1.1469463755865413e-17,-4.3408796170306004e-12,2.0808482566896284e-17,1.147917756494538e-17,4.524627579103596e-18,-4.340899851756787e-12,1.7500490108528968e-17,1.4202727914603417e-17,4.521092493545204e-18,-4.340860468949014e-12,4.219675640922002e-17,4.804680425041602e-17,5.4930660223773316e-18,-4.1030329872714227e-19,2.7031127792598074e-17,-4.340856874850192e-12,-8.667996774788798e-09,8.74527591802849e-15,1.8406223706804373e-17,1.416001514501417e-17,-4.340909567565642e-12,1.760498431054512e-17,1.0347921349190487e-17,-4.3407639972875775e-12,2.4013551100842355e-17,1.5036531377952424e-17,-4.340768101299553e-12,7.819466968888714e-18,1.0126334916245808e-17,-1.466756715635583e-19,2.462630773092875e-14,2.7660649764959373e-17,-4.340856874850192e-12,2.1212151841440934e-17,-4.340899850590212e-12,2.134851188581038e-17,9.276516623669561e-18,1.9932275222780884e-17,-4.340874117503872e-12,3.0504228922291326e-18,-4.3408722603537025e-12,1.0998448756961471e-17,1.6399097786748272e-17,2.3370374252367226e-17,-6.270698943650581e-17,-4.340769420155576e-12,-5.5923111841299104e-18,2.541306450874128e-17,1.366645092970168e-18,1.0998448756961471e-17,-3.249433541794161e-16,1.1668136754091995e-17,-4.340841697795877e-12,1.581093091151205e-14,4.569349967424325e-19,1.958086061558022e-17,1.0792648716226704e-17,1.742662966118564e-17,7.213531883313865e-18,2.1238160997837437e-17,1.147917756494538e-17,1.227215888945817e-17,1.5881785258378263e-17,7.213531883313865e-18,2.4003897807824915e-18,-2.4194261304242087e-16,-4.340899327674802e-12,-4.3408794034288785e-12,1.3121839852893974e-17,-4.340774337541607e-12,-6.031781095542939e-18,1.0515982674791248e-17,8.151371752998219e-18,1.0998448756961471e-17,4.700926869143713e-11,-5.135032142369299e-11,-9.02837107709373e-19,4.1488146031217833e-14,-4.3408722662209374e-12,7.215361420234766e-18,9.098959121177913e-18,9.218663803303563e-18,1.5810930736564966e-14,1.403429036603609e-17,4.9130546436301055e-17,-4.340879405678216e-12,-7.537691871023528e-19,5.982288529460849e-18,-4.3408977280372466e-12,1.4576001765306623e-17,9.10164531196896e-18,-4.340890415116853e-12,-5.996175407926479e-18,2.5639549979921452e-14,-4.340879401631937e-12,-4.340812173079296e-12,-4.340886802778721e-12,-1.5554263307215832e-17,1.227215888945817e-17,-4.3407820234320626e-12,-4.340849446171277e-12,2.2312114480130042e-17,4.155937817532737e-18,-4.3408935637027745e-12,2.0610681352041748e-17,1.692503526504867e-17,2.2155867943502486e-17,1.0838485679737241e-17,1.3084744715569018e-17,2.950497932325866e-17,6.373256289826474e-18,-4.340879412839089e-12,2.042304332508327e-17,1.1817600492654067e-17,-4.340768461264479e-12,9.247187629882012e-18,-4.340865761435728e-12,1.394676453717832e-17,-4.340768979963166e-12,6.598855316027096e-18,1.3121839852893974e-17,1.992442702431892e-17,1.2346977272020698e-17,8.162959516351856e-18,1.175139519171831e-17,1.8476321001835055e-17,1.2043570464333883e-17,2.318725716588017e-17,-4.340861506097008e-12,2.0610681352041748e-17,1.3136191961634664e-17,-4.3408416950495624e-12
1.0000059230680274,-4.340030596493826e-12,-4.393638449919392e-12,-4.340772798331264e-12,1.0000013898166713,1.0000135120534648,-4.310683586770919e-12,1.0000129518625938,1.0000135120534646,-4.7704493981841295e-12,1.0000155283082206,1.0000148983319797,-4.099587395392688e-12,1.0000137043616417,-4.922570775754298e-12,-4.557404623430709e-12,1.0000151890647915,-4.1324718540234856e-12,-4.107076277471961e-12,1.000004418710136,-4.235920268494864e-12,-4.273251982805773e-12,1.0000135524164464,-9.235013643196062e-09,-4.273252151719754e-12,-4.573470961061468e-12,1.000015954072344,-5.3442253934405905e-08,-1.0053432896914628e-08,-4.059811210555525e-12,1.0000120478323133,-5.7267635552521875e-12,-3.591593070224116e-12,-3.757501074614227e-12,-9.468217576133425e-09,-5.67491388050828e-12,1.000014437896848,1.0000050567634005,-4.343296803003599e-12,-4.47105878333214e-12,-9.360606914832585e-09,1.0000200020483836,-4.490781668448722e-12,-4.02529072872906e-12,1.0000030693454942,-4.611778426639158e-12,-1.0356344808116722e-08,1.0000401862919113,-4.340020215901728e-12,-4.157070879325748e-12,-4.499381965454208e-12,-3.500862295416743e-12,-1.0532540758102744e-08,1.0000144378968505,-4.502861354429973e-12,1.000015954072341,-4.502861641592012e-12,-4.558280768702182e-12,-3.908081013237576e-12,1.0000132431243176,-4.349650755951286e-12,1.0000129518625986,-4.0995882782257965e-12,-3.684194425544329e-12,-4.617102807194689e-12,1.0488759947004113e-08,1.0000032563862202,-3.822514939857028e-08,-4.892270856985656e-12,-4.035954572379187e-12,-4.099588192769471e-12,-2.1568712275252718e-06,-4.348294684440025e-12,1.0000102307746344,-4.06634427381333e-12,-4.444746911714468e-12,-1.0354383136857852e-08,-4.179754902652202e-12,-4.427805373759973e-12,-4.1070761274861645e-12,-1.0500360904209106e-08,-4.273252035615094e-12,-4.089397964939594e-12,-4.906861235968162e-12,-4.1070763216612606e-12,-3.662762878010055e-12,-1.4353222429115108e-06,1.0000157104201917,1.0000135120534657,-4.3070733333885634e-12,1.0000034960784097,-4.0263698629980256e-12,-4.148098703920117e-12,-9.80330368139961e-09,-4.0995873705253e-12,0.48003013349613044,0.5200213562063922,-5.4978484402793426e-12,-4.490752274174655e-12,1.000012951862597,-4.1070761995876276e-12,-4.437032137676357e-12,-1.2035208362070153e-08,-4.066343642749002e-12,-4.124858339337312e-12,-5.545451842614949e-12,1.0000135120534646,-1.1336927628139542e-08,-9.77069812865759e-09,1.0000158299866397,-4.172185442343461e-12,-4.437032511700029e-12,1.0000149745393545,-3.9320237306037405e-12,-1.08607218098606e-08,1.000013512053463,1.00000760464568,1.0000147937109287,-8.802966517393787e-09,-4.089397980707336e-12,1.000004398979889,1.0000109017009862,-4.54911476900513e-12,-1.028989361590245e-08,1.0000155318571478,-4.39363890023181e-12,-3.971088832197444e-12,-4.83557769763752e-12,-4.190579497939233e-12,-4.3070723025843964e-12,-5.353641039946027e-12,-4.11358105198937e-12,1.0000135120534617,-4.522294298358419e-12,-1.0267349571156021e-08,1.000040099292693,-4.157527866148559e-12,1.0000128390280707,-1.025207006790065e-08,1.000039945196794,-4.095054436004201e-12,-4.307072715527298e-12,-3.9080806315731604e-12,-4.2902676074668704e-12,-4.122303796648425e-12,-4.323853539472103e-12,-4.379944905368255e-12,-9.904538702602117e-09,-4.568258128030497e-12,1.0000124816017364,-4.3936397896217305e-12,-4.307073039530612e-12,1.0000102307746364
1.0000155236986317,-4.340098023892375e-12,-4.393750436039025e-12,-4.3408793975916225e-12,1.0000135120534648,1.0000205911321196,-4.310727858932629e-12,1.000022552561205,1.0000231127574841,-4.770587963098142e-12,1.000025129031647,1.000024499049344,-4.09966399766995e-12,1.0000233050675043,-4.92264069398693e-12,-4.557518982343994e-12,1.000024789784952,-4.13256878281913e-12,-4.107139244832823e-12,1.0000140193264515,-4.2359588020601666e-12,-4.273331646948237e-12,1.0000231531208548,-4.624865836335654e-12,-4.273331804263883e-12,-4.5735289398211435e-12,1.000025554799867,-5.3442876799806147e-08,-5.034698301180873e-12,-4.059864598088427e-12,1.0000216485221944,-5.726962639364886e-12,-3.5917927828834606e-12,-3.757555035357736e-12,-4.741578252823888e-12,-5.675060690488815e-12,1.0000240386095671,1.00001465738596,-4.343352145781064e-12,-4.471164742771961e-12,-4.687738447958183e-12,1.0000296028147009,-4.490884730003563e-12,-4.025364068951318e-12,1.0000126699488077,-4.6119048264038525e-12,-5.1863959702831955e-12,1.000049787250376,-4.340087641424577e-12,-4.157144728548785e-12,-4.499423261448382e-12,-3.5009372628322688e-12,-5.274676934139574e-12,1.0000240386095713,-4.5029766526314634e-12,1.0000255547998653,-4.502976956022025e-12,-4.5583562298867805e-12,-3.908186563091167e-12,1.0000228438257268,-4.349701747176441e-12,1.0000225525612094,-4.0996648808191965e-12,-3.684285654460482e-12,-4.617226633325768e-12,1.048930209289488e-08,1.0000128569913609,-3.822546817401258e-08,-4.8924038728158525e-12,-4.035996674706723e-12,-4.099664794792256e-12,-2.1568893748706303e-06,-4.348375632937152e-12,1.0000198314470008,-4.06640936278997e-12,-4.4447898203490595e-12,-5.185429395468992e-12,-4.179831748014662e-12,-4.427907450212405e-12,-4.107139124612835e-12,-5.258539224324835e-12,-4.273331696372586e-12,-4.089478480631988e-12,-4.906961431532588e-12,-4.107139303847573e-12,-3.662805274793742e-12,-1.4353341557711572e-06,1.0000253111453816,1.0000231127574848,-4.3071589325526014e-12,1.0000130966858771,-4.026386380904952e-12,-4.148173554608117e-12,-4.909415177148662e-12,-4.099663984855098e-12,0.48003440249601986,0.5200266882749042,-5.497896527049723e-12,-4.4908651756972525e-12,1.0000225525612085,-4.107139168771972e-12,-4.437104674450453e-12,-6.027132854185835e-12,-4.06640873269633e-12,-4.12494550765204e-12,-5.545673295818644e-12,1.0000231127574841,-5.677406695385232e-12,-4.89307916381023e-12,1.000025430712961,-4.1722744069627464e-12,-4.4371050452457865e-12,1.00002457525744,-3.932039566338724e-12,-5.438974099188311e-12,1.0000231127574817,1.000017205292717,1.00002439442726,-4.408375336775212e-12,-4.089478509264582e-12,1.0000139995960493,1.0000205023798252,-4.549234484665334e-12,-5.1530804094353664e-12,1.0000251325805878,-4.3937508625569e-12,-3.971184873828285e-12,-4.835700044727173e-12,-4.190656587677414e-12,-4.3071578930813765e-12,-5.3537930214395845e-12,-4.113641368573391e-12,1.0000231127574806,-4.522406922183769e-12,-5.1418170101162726e-12,1.000049700250328,-4.157598679908026e-12,1.0000224397255557,-5.1341729786203945e-12,1.0000495461529557,-4.095115514459594e-12,-4.307158297103169e-12,-3.9081862000673255e-12,-4.2903504149179164e-12,-4.1223704583141856e-12,-4.323934437040487e-12,-4.3800498743256855e-12,-4.960126614382107e-12,-4.56838089376462e-12,1.0000220822957728,-4.393751809878422e-12,-4.307158624030637e-12,1.000019831447002
-8.205627521150119e-10,6.79016894935191e-16,1.2635245004237747e-18,1.1763248754589696e-18,-4.310683586770919e-12,-4.310727858932629e-12,-2.521625395101265e-06,-4.310725285999944e-12,-4.310727851248411e-12,2.0216155919861865e-18,-4.3107364890600035e-12,-4.31073366573606e-12,6.054978001601266e-19,-4.3107286283103645e-12,4.087307211610756e-16,1.250887905352073e-18,-4.31073493605957e-12,1.899174718360122e-15,2.4524174532606384e-19,-4.310685852287409e-12,-5.600802499584529e-16,1.4333061409787071e-15,-4.3107280248010205e-12,1.1557272927287901e-18,1.4333062348695612e-15,-1.4276972972480262e-20,-4.310738267385244e-12,-1.9245588693529727e-18,8.44429602092217e-19,2.9951600867970052e-16,-4.310720925278616e-12,2.5314200704065616e-18,6.394540224431993e-15,7.148341890717579e-16,-4.449692268914008e-16,1.8750369213607356e-18,-4.310728976901143e-12,-8.607875641370042e-09,4.041321509351441e-17,1.1403615765448983e-18,8.955429863435414e-19,-4.310753799668771e-12,1.0819415725797486e-18,1.3539826843343719e-15,-4.3106797525702576e-12,1.6912962245237243e-18,8.246752900027932e-19,-4.310829552390863e-12,6.79015636253377e-16,5.466208224317689e-19,-8.302444100879709e-16,2.0609041388780296e-15,1.8357039200892498e-18,-4.3107289776462444e-12,1.2693674751349271e-18,-4.310738274195262e-12,1.2785983096554847e-18,5.299192301379866e-19,1.3410318750858463e-18,-4.310726515240647e-12,-2.63084978877478e-17,-4.310725279262103e-12,6.092839601023233e-19,1.0258561285238414e-18,2.8265788345157633e-15,-9.553547687780968e-18,-4.3106808666093825e-12,-2.633704359272797e-18,1.887201862272328e-18,-1.522747990117694e-16,6.134899412426585e-19,-9.441732543141971e-18,6.813742507426414e-19,-4.310712591634698e-12,3.849228533184051e-19,-6.546772967229692e-16,1.1057452596963424e-18,6.324149862588531e-19,1.1786536722002152e-18,2.665396974123112e-19,1.0339486857212638e-18,1.4333061916920673e-15,1.6643252962717296e-15,8.144410944343058e-19,2.4524174532606384e-19,4.320269904066419e-16,-6.716248016856031e-18,-4.310737413141462e-12,-4.310727858932629e-12,8.029350646984537e-19,-4.3106821447489e-12,-1.3181983867005594e-15,5.515988884043145e-19,3.183545758032078e-19,6.228708355699932e-19,1.5704952171447047e-12,-5.881376190347639e-12,-6.614718293299675e-19,2.4347276165807026e-15,-4.310725286642026e-12,2.8185505547326675e-19,8.557909218678925e-16,7.409083445961874e-16,3.849228533184051e-19,1.5028857443715433e-15,3.2630439041231036e-18,-4.310727856082945e-12,-5.413057379977543e-19,1.2789206669711565e-19,-4.310737649840292e-12,6.703604638668926e-19,8.557909379239315e-16,-4.310734017917663e-12,-1.2527955621818776e-15,5.0039436050069e-19,-4.310727856082945e-12,-4.310700512080393e-12,-4.310732945345955e-12,-2.742134418230874e-15,1.664325282541034e-15,-4.310686203313657e-12,-8.607927587710399e-09,1.3711299186277683e-18,-1.742389797153649e-20,-8.607968715027359e-09,1.2725377595688942e-18,1.0645653944578642e-18,2.6423910156801316e-15,5.90420997897788e-19,7.979966900817957e-19,2.132091625751081e-18,2.0787723335140443e-19,-4.310727840089152e-12,1.181463642919545e-18,5.612111902656133e-19,-4.310829103709702e-12,1.2154801804501826e-15,-4.310724289743673e-12,7.627938636257373e-19,-4.3108285396494156e-12,6.767116321024802e-16,8.029350646984537e-19,1.3410318750858463e-18,7.454352738761968e-19,3.31454889297067e-19,7.502719121493667e-19,1.1445121298594421e-18,6.389789754571428e-19,1.4454544418604615e-18,-8.607940428805017e-09,1.2688892997432253e-18,8.134408650619074e-19,-4.3107125895225146e-12
1.0000149635066393,-4.3400937617352635e-12,-4.393742930891519e-12,-4.340872255095878e-12,1.0000129518625938,1.000022552561205,-4.310725285999944e-12,1.0000194707398715,1.000022552561205,-4.7705784531336635e-12,1.0000245688342333,1.000023938852286,-4.09965903029634e-12,1.000022744871117,-4.922636372765219e-12,-4.557511322901367e-12,1.000024229587731,-4.132562288206702e-12,-4.107135264052017e-12,1.0000134591352943,-4.2359566626341524e-12,-4.273326444841068e-12,1.000022592924552,-4.624858151889275e-12,-4.2733266216077715e-12,-4.573525440387317e-12,1.0000249946022148,-5.3442841369617646e-08,-5.034692008719092e-12,-4.059861305173769e-12,1.0000210883267389,-1.1435957583842081e-08,-3.5917787418885825e-12,-3.7575515886772186e-12,-4.741575877195112e-12,-5.6750506773917646e-12,1.000023478412784,1.0000140971944378,-4.343348797307894e-12,-4.471157670715905e-12,-4.687732334096304e-12,1.0000290426147875,-4.4908778638339866e-12,-4.025359252225035e-12,1.000012109758411,-4.6118962098711235e-12,-5.186389420428192e-12,1.0000492270392667,-4.340083395534199e-12,-4.157139947557573e-12,-4.499421010101246e-12,-3.500932177280962e-12,-5.274667105608446e-12,1.0000234784127866,-4.502968913436009e-12,1.0000249946022137,-4.502969213623309e-12,-4.558351384710113e-12,-3.908179371215987e-12,1.0000222836295993,-4.349698680192736e-12,1.0000219923652456,-4.0996599162457956e-12,-3.684279466028003e-12,-4.617218304480571e-12,1.04892597877825e-08,1.0000122968008565,-3.8225451985597136e-08,-4.892394765548102e-12,-4.035994216777788e-12,-4.0996598193069995e-12,-2.156888336296104e-06,-4.348370321424526e-12,1.0000192712525688,-4.066405191198005e-12,-4.444787411714595e-12,-5.185421724277598e-12,-4.179826740306324e-12,-4.42790060229596e-12,-4.107135114786223e-12,-5.258531124618606e-12,-4.273326519645861e-12,-4.0894731836327454e-12,-4.906954892320204e-12,-4.107135308307289e-12,-3.662802670318569e-12,-1.4353334761353526e-06,1.0000247509478655,1.0000225525612068,-4.307153272386158e-12,1.0000125364952375,-4.026385790133758e-12,-4.148168705046691e-12,-4.9094105479024635e-12,-4.0996589801818085e-12,0.4800341585842201,0.5200263719691621,-5.49789398679791e-12,-4.490857595392475e-12,1.0000219923652458,-4.107135188344834e-12,-4.437100073561725e-12,-6.0271273151399005e-12,-4.066404570305955e-12,-4.124939757517565e-12,-1.1073943246551717e-08,1.000022552561205,-5.677403961583189e-12,-4.893075099342492e-12,1.000024870515379,-4.172268568934879e-12,-4.437100437182351e-12,1.0000240150603386,-3.932038995015878e-12,-5.438968098440478e-12,1.0000225525612016,1.0000166450997645,1.0000238342302625,-4.408376975226944e-12,-4.089473180354505e-12,1.0000134394049014,1.000019942185016,-4.549226417573537e-12,-5.153076670005358e-12,1.0000245723831744,-4.393743345801148e-12,-3.97117839802748e-12,-4.835691818270282e-12,-4.190651582262521e-12,-4.3071522205506415e-12,-5.3537825605839194e-12,-4.113637579308965e-12,1.0000225525612023,-4.522399406182837e-12,-5.141811291968011e-12,1.0000491400392677,-4.157594101922327e-12,1.0000218795296574,-5.134166739695249e-12,1.000048985941982,-4.095111659816324e-12,-4.307152643799244e-12,-3.908179001606096e-12,-4.290344963873657e-12,-4.1223662318466185e-12,-4.323929092764628e-12,-4.3800428454948125e-12,-4.960120928091841e-12,-4.568372625453356e-12,1.0000215221000759,-4.393744279989296e-12,-4.30715295208423e-12,1.0000192712525713
1.000015523698632,-4.340098038714374e-12,-4.393750451440005e-12,-4.340879412348106e-12,1.0000135120534646,1.0000231127574841,-4.310727851248411e-12,1.000022552561205,1.0000205911321167,-4.770587965672414e-12,1.000025129031646,1.0000244990493439,-4.0996640075710264e-12,1.000023305067503,-4.922640686595429e-12,-4.557518983884819e-12,1.0000247897849528,-4.13256875828539e-12,-4.107139261614145e-12,1.000014019326449,-4.235958802325359e-12,-4.273331639685403e-12,1.0000231531208534,-4.624865828199302e-12,-4.273331804545301e-12,-4.573528935195779e-12,1.000025554799865,-5.344287679980572e-08,-5.034698303256845e-12,-4.059864598766335e-12,1.0000216485221942,-5.726962629623549e-12,-3.5917927787558293e-12,-3.7575550329008624e-12,-4.741578229246276e-12,-5.675060687950076e-12,1.000024038609567,1.0000146573859594,-4.343352161705241e-12,-4.47116475284883e-12,-4.6877384414674925e-12,1.000029602814699,-4.490884741140524e-12,-4.025364054332301e-12,1.0000126699488068,-4.611904826935214e-12,-5.186395963094277e-12,1.000049787250376,-4.3400876513008984e-12,-4.157144731172726e-12,-4.49942324993053e-12,-3.5009372787879487e-12,-5.274676939204925e-12,1.00002403860957,-4.502976649928348e-12,1.0000255547998635,-4.502976953984823e-12,-4.558356234023704e-12,-3.908186577730393e-12,1.0000228438257261,-4.349701745094456e-12,1.000022552561208,-4.099664889956889e-12,-3.6842856835582014e-12,-4.61722665438102e-12,1.0489302092895065e-08,1.0000128569913607,-3.8225468174012507e-08,-4.892403871624882e-12,-4.035996674536307e-12,-4.099664779021218e-12,-2.1568893748706324e-06,-4.348375635725718e-12,1.0000198314469992,-4.066409367070419e-12,-4.444789822924977e-12,-5.185429401516807e-12,-4.179831745828094e-12,-4.42790747202664e-12,-4.1071391104304184e-12,-5.258539246588297e-12,-4.273331695246866e-12,-4.089478489357751e-12,-4.906961450256821e-12,-4.107139297051265e-12,-3.66280526804668e-12,-1.4353341557711568e-06,1.000025311145381,1.0000231127574848,-4.307158926413451e-12,1.0000130966858776,-4.0263863637291166e-12,-4.148173536600722e-12,-4.909415184180877e-12,-4.0996639810806295e-12,0.48003440249601975,0.5200266882749036,-5.497896532052108e-12,-4.4908651756972525e-12,1.000022552561208,-4.107139179694373e-12,-4.4371046769125115e-12,-6.027132861018265e-12,-4.066408739359931e-12,-4.12494550765204e-12,-5.545673284537758e-12,1.0000231127574835,-5.677406681638291e-12,-4.893079173879386e-12,1.0000254307129595,-4.172274407499323e-12,-4.437105034487228e-12,1.0000245752574386,-3.932039555316408e-12,-5.438974108032264e-12,1.0000231127574823,1.000017205292716,1.000024394427258,-4.408375332180822e-12,-4.089478488904137e-12,1.0000139995960482,1.0000205023798245,-4.549234495764677e-12,-5.153080399721673e-12,1.0000251325805867,-4.393750870153643e-12,-3.971184880005262e-12,-4.835700035191037e-12,-4.190656585986128e-12,-4.307157875435711e-12,-5.353793019176146e-12,-4.113641368573391e-12,1.000023112757479,-4.522406944775573e-12,-5.1418170101162726e-12,1.000049700250327,-4.157598678521858e-12,1.0000224397255548,-5.134172975411613e-12,1.0000495461529564,-4.095115522169252e-12,-4.30715830097234e-12,-3.908186189725545e-12,-4.290350410037991e-12,-4.122370440310537e-12,-4.3239344372860796e-12,-4.380049861128982e-12,-4.960126611436866e-12,-4.568380891240346e-12,1.0000220822957717,-4.3937518140092e-12,-4.307158630239208e-12,1.0000198314470008
-1.7387098057381668e-09,1.1364787291034458e-17,2.940685534179845e-17,2.7216844487066255e-17,-4.7704493981841295e-12,-4.770587963098142e-12,2.0216155919861865e-18,-4.7705784531336635e-12,-4.770587965672414e-12,-2.5216253169483386e-06,-4.7706100617315755e-12,-4.770603649052624e-12,1.5849814565529545e-17,-4.770588393373501e-12,1.0316553603934634e-17,2.9504795957807706e-17,-4.7706065521780365e-12,2.4074573696644476e-17,1.031640290241364e-17,-9.525965880802534e-09,-6.076181771479906e-20,1.6571880166685583e-17,-4.770588232500085e-12,2.989157402578772e-17,1.654288429983517e-17,6.672318834106409e-18,-4.770614374749725e-12,2.9811299649185603e-17,2.027364603681629e-17,6.6048101023905504e-18,-4.7705629849892095e-12,1.2099097120962953e-13,6.83103374311453e-17,7.709674349865744e-18,-2.0574111580090185e-19,3.82823271206076e-17,-9.52616789423121e-09,-9.526021382907655e-09,6.4600274130151344e-18,2.6600537531334867e-17,2.0092258103049576e-17,-4.770623903553805e-12,2.5312986271096853e-17,1.4633993858158533e-17,-9.525932041648347e-09,3.3956796686795265e-17,2.145186989654682e-17,-4.7703842203678465e-12,1.1358137809097294e-17,1.4547395242373397e-17,3.49790936503432e-19,1.695780387851563e-17,3.929663082472796e-17,-9.526167894231334e-09,3.0409021485504114e-17,-4.770614370776927e-12,3.0309279635713186e-17,1.3562867332720808e-17,2.8145211316800746e-17,-4.770580612979325e-12,4.603836801303686e-18,-4.7705784344004395e-12,1.5841218044446126e-17,2.3121370308295002e-17,3.328126555112757e-17,-8.085914377368378e-17,-9.525946908984697e-09,-4.626365666440267e-18,7.17561231121227e-14,2.1001746834056368e-18,1.5842405179512624e-17,-9.724273782088741e-13,1.6575996246303792e-17,-9.526133367151323e-09,1.1177624486532694e-17,1.099862508212444e-18,2.8066054607363695e-17,1.5607234023825448e-17,2.4827241915274762e-17,1.031640290241364e-17,3.069091518596593e-17,1.654288429983517e-17,1.743088453482348e-17,2.277267844620586e-17,1.031640290241364e-17,3.3688482712687428e-18,-3.617173857425039e-16,-4.770613782846063e-12,-4.770587963312342e-12,1.8664321437138474e-17,-9.525960147002597e-09,-8.239437167718036e-18,1.5030288202881447e-17,1.1767878015389993e-17,1.5849814565529545e-17,6.692174901531532e-11,-7.169253094511447e-11,-8.677282576155326e-16,2.9270923798301176e-17,-4.7705784531336635e-12,1.031640290241364e-17,1.3101461626271288e-17,1.355029948894667e-17,1.1246360934232905e-17,2.008199081734839e-17,6.978344646004563e-17,-4.77058796047548e-12,-2.9614562137751e-19,8.732117396799253e-18,-4.77061145269232e-12,2.0803472826051537e-17,1.308639177683003e-17,-4.770602000477456e-12,-8.234197476469639e-18,1.8506180992091583e-17,-4.7705879615637695e-12,-4.770500385089578e-12,-4.770597286241048e-12,-2.1665280109914078e-17,1.744081446238929e-17,-4.770461803144811e-12,-9.526153351561969e-09,3.1809133893005557e-17,6.324324405687999e-18,-4.7706056948989774e-12,2.9223370416236183e-17,2.407242169325602e-17,3.1942401765651134e-17,1.5762337037643765e-17,1.8664321437138474e-17,4.143184488246992e-17,9.217347533431744e-18,-4.770587961777384e-12,2.9203775498152544e-17,1.6968014818621118e-17,-4.770385166103935e-12,1.3105243980927775e-17,-4.770569504978564e-12,2.016286653208426e-17,-4.770386093149708e-12,9.622675110956612e-18,1.8664321437138474e-17,2.809823111626686e-17,1.757261437258586e-17,1.1768847150709684e-17,1.6425304986553814e-17,2.642015258742877e-17,1.7528597534396087e-17,3.318862374580094e-17,-9.52618484074382e-09,2.9223370416236183e-17,1.8664321437138474e-17,-9.526133367151544e-09
1.0000175399574007,-4.3401097492414964e-12,-4.39376825453615e-12,-4.340896479705189e-12,1.0000155283082206,1.000025129031647,-4.3107364890600035e-12,1.0000245688342333,1.000025129031646,-4.7706100617315755e-12,1.0000246236845092,1.000026515326302,-4.099676878934343e-12,1.0000253213420511,-4.9226529873004115e-12,-4.5575370694747606e-12,1.0000268060624984,-4.13258440004113e-12,-4.107150321385326e-12,1.0000160355822283,-4.235966584491296e-12,-4.273345017975675e-12,1.0000251693950966,-4.624883974351891e-12,-4.273345182206616e-12,-4.573539504531646e-12,1.0000275710789557,-2.6763412791333886e-11,-5.034714437965479e-12,-4.059874343922078e-12,1.000023664793391,-5.726992468040973e-12,-3.5918215562934696e-12,-3.757564961194436e-12,-4.741586888582789e-12,-5.6750842841861955e-12,1.0000260548855664,1.0000166736430407,-4.3433621906431416e-12,-4.471181750519371e-12,-4.687754023297904e-12,1.0000316191019385,-4.490901323165716e-12,-4.0253766594188646e-12,1.0000146862018597,-4.61192491956004e-12,-5.186412705613412e-12,1.0000518035781132,-4.3400993436218135e-12,-4.157157296557808e-12,-4.499431335027411e-12,-3.500950119863151e-12,-5.2746998086827166e-12,1.0000260548855695,-4.5029948654710005e-12,1.0000275710789535,-4.5029951793330695e-12,-4.558369336917091e-12,-3.908203486461827e-12,1.0000248600993427,-4.349711361563111e-12,1.0000245688342375,-4.0996777697697795e-12,-3.684300594901822e-12,-4.6172460379353075e-12,1.0489400191532985e-08,1.0000148732447942,-1.914274818082307e-11,-4.892425272767649e-12,-4.036004887405712e-12,-4.099677690238734e-12,-2.156893412969883e-06,-4.348389242519228e-12,1.0000218477145262,-4.0664207850748494e-12,-4.444798190167356e-12,-5.185448161855343e-12,-4.1798447359631404e-12,-4.4279241050535266e-12,-4.1071501848221175e-12,-5.258558411814344e-12,-4.2733450844289685e-12,-4.089491988582517e-12,-9.798583994621844e-09,-4.107150363297769e-12,-3.662813558409782e-12,-1.4353368256368816e-06,1.0000273274239815,1.0000251290316469,-4.307173160886691e-12,1.0000151129397952,-4.02639110457764e-12,-4.148186206611202e-12,-4.90942810364339e-12,-4.0996768449825825e-12,0.480035324684368,0.5200277824372315,-5.4979058607656894e-12,-4.490883139374263e-12,1.000024568834237,-4.1071502382437106e-12,-4.437117113766738e-12,-6.027148429836983e-12,-4.06642017794426e-12,-4.12495983384193e-12,-5.5457063408722575e-12,1.0000251290316458,-5.677416612281548e-12,-4.8930910336063864e-12,1.0000274469917985,-4.17228884986612e-12,-4.4371174836314024e-12,1.0000265915345523,-3.932044174067181e-12,-5.438989862882906e-12,1.0000251290316435,1.000019221554934,1.0000264107040047,-4.408376392344707e-12,-4.089492002883316e-12,1.0000160158517915,1.0000225186487073,-4.54925330886146e-12,-5.153091856056707e-12,1.0000271488588228,-4.393768688964384e-12,-3.971200504254587e-12,-4.835719492734419e-12,-4.190669606706373e-12,-4.307172135656183e-12,-5.353817230944126e-12,-4.113652047497739e-12,1.000025129031643,-4.5224247456874825e-12,-5.1418321066758125e-12,1.00005171657789,-4.15761100175992e-12,1.0000244559983507,-5.134189075875742e-12,1.0000515624802093,-4.095126313436682e-12,-4.3071725481394684e-12,-3.908203055763008e-12,-4.290364246908327e-12,-4.122382021329445e-12,-4.323948169101087e-12,-4.38006664313445e-12,-4.960141483258528e-12,-4.5684001665002635e-12,1.0000240985678415,-4.3937695962015886e-12,-4.3071728683362966e-12,1.0000218477145286
