1.0000000043463946,1.0000055532616636,1.000005545854821,1.0000055526182763,1.4575637700550875e-06,1.0000055458548252,1.457563770646329e-06,1.0000055526182714,1.0000055576961524,1.0000055458548214,1.000005545854822,1.0000055458548218,1.0000055458548194,1.00000555497855,1.0000055458548214,1.0000054463431107,1.0000055458548198,1.0000054463431087,1.000005545854824,1.0000055526182752,1.000005446343109,1.0000055458548214,1.0000055458548214,1.00000544634311,1.0000055567399253,1.4628498513017556e-06,1.0000054463431087,1.0000055458548218,1.0000055526182714,1.0000054463431107,1.00000544634311,1.000005545854818,1.000005557696153,1.000005545854821,1.457563770553724e-06,1.4881697764325821e-06,1.460120596591022e-06,1.460120596605086e-06,1.000005545854818,1.000005446343113,1.0000055458548214,1.4836708586893703e-06,1.4575637706504534e-06,1.4575637700515973e-06,1.000005545854824,1.0000055458548218,1.4657271077661984e-06,1.0000055458548234,1.4575637700550846e-06,1.0000055658241171,1.0000055458548236,1.0000055532616585,1.0000055458548194,1.4575637700550623e-06,1.0000054463431087,1.4757099777368456e-06,1.4575637700480879e-06,1.460121480198868e-06,1.457563770581743e-06,1.4881697771705106e-06,1.4628371571291458e-06,1.000005565193689,1.00000555261827
1.0000055532616636,1.0000060016288381,1.00000548641211,1.0000054931755713,4.040852167200989e-11,1.0000054864121108,4.040852178783371e-11,1.0000054931755702,1.0000054982534567,1.0000054864121095,1.00000548641211,1.0000054864121095,1.0000054864121095,1.0000054955358515,1.0000054864121095,1.000005386900278,1.0000054864121095,1.0000053869002765,1.0000054864121102,1.0000054931755724,1.000005386900277,1.0000054864121104,1.0000054864121095,1.0000053869002765,1.0000054972972292,4.306343874502103e-11,1.0000053869002765,1.0000054864121095,1.0000054931755713,1.000005386900276,1.0000053869002763,1.0000054864121108,1.0000054982534565,1.0000054864121108,4.040852143706932e-11,5.5780285464507515e-11,4.169267812634457e-11,4.169267791129444e-11,1.0000054864121108,1.0000053869002756,1.00000548641211,1.0656275486506793e-07,4.040852149145751e-11,4.0408521607687945e-11,1.00000548641211,1.000005486412111,4.450853110363131e-11,1.00000548641211,4.0408521602196655e-11,1.0000055063814328,1.0000054864121095,1.00000549381896,1.00000548641211,4.040852172873577e-11,1.0000053869002765,9.860186400916988e-08,4.0408521756607397e-11,4.169312326895167e-11,4.040852173185494e-11,5.578028536869905e-11,4.305706380232577e-11,1.0000055057510027,1.0000054931755693
1.000005545854821,1.00000548641211,1.0000059868151367,1.0000054857687208,4.040852141122548e-11,1.00000547900526,4.040852147531581e-11,1.000005485768719,1.0000054908466058,1.000005479005259,1.0000054790052588,1.0000054790052584,1.0000054790052588,1.0000054881289995,1.0000054790052593,1.000005379493427,1.000005479005259,1.0000053794934258,1.0000054790052593,1.000005485768721,1.000005379493427,1.0000054790052593,1.0000054790052593,1.0000053794934254,1.0000054898903765,4.3063438355658226e-11,1.0000053794934258,1.0000054790052584,1.0000054857687202,1.000005379493425,1.0000053794934256,1.0000054790052588,1.0000054908466045,1.0000054790052588,4.0408521172562734e-11,5.5780284957160016e-11,4.169267781260505e-11,4.1692677568343386e-11,1.000005479005259,1.000005379493426,1.0000054790052588,5.352071858403889e-11,4.040852112311664e-11,4.040852131333632e-11,1.0000054790052593,1.00000547900526,4.450853068004085e-11,1.0000054790052586,4.0408521291316156e-11,1.0000054989745828,1.0000054790052584,1.0000054864121086,1.0000054790052584,4.040852141226985e-11,1.0000053794934258,4.9522392812593436e-11,4.040852138538741e-11,4.1693122851960197e-11,4.040852142565232e-11,5.578028492679547e-11,4.305706333129066e-11,1.0000054983441506,1.0000054857687202
1.0000055526182763,1.0000054931755713,1.0000054857687208,1.0000060003420517,4.0408521658939564e-11,1.000005485768722,4.04085217188193e-11,1.0000054925321815,1.000005497610068,1.000005485768721,1.000005485768721,1.0000054857687213,1.000005485768721,1.0000054948924617,1.0000054857687213,1.0000053862568876,1.0000054857687213,1.0000053862568872,1.0000054857687213,1.0000054925321824,1.000005386256887,1.0000054857687213,1.0000054857687213,1.0000053862568872,1.00000549665384,4.3063438663078214e-11,1.0000053862568872,1.0000054857687213,1.0000054925321822,1.0000053862568863,1.0000053862568863,1.000005485768722,1.0000054976100667,1.000005485768722,4.040852143510437e-11,1.1106167823011749e-07,4.1692678091209576e-11,4.1692677900843736e-11,1.0000054857687215,1.0000053862568863,1.0000054857687204,5.352071889570999e-11,4.040852144334346e-11,4.040852153394226e-11,1.0000054857687213,1.0000054857687215,4.450853090808175e-11,1.0000054857687213,4.040852160898349e-11,1.0000055057380444,1.0000054857687213,1.0000054931755689,1.0000054857687213,4.040852165720129e-11,1.0000053862568872,4.952239320725573e-11,4.0408521654999005e-11,4.1693123131812064e-11,4.040852170756288e-11,1.11061678309533e-07,4.30570636273475e-11,1.0000055051076127,1.000005492532181
1.4575637700550875e-06,4.040852167200989e-11,4.040852141122548e-11,4.0408521658939564e-11,5.078099995186747e-07,4.040852140151163e-11,6.4797893738315105e-15,4.0408521725119177e-11,4.0408521855266185e-11,4.040852139012618e-11,4.0408521396065456e-11,4.040852139012618e-11,4.040852144071169e-11,4.0408521795233506e-11,4.0408521394248295e-11,8.045562572579198e-08,4.040852139142668e-11,8.045562572579182e-08,4.04085214668094e-11,4.040852169675829e-11,8.045562572579189e-08,4.0408521396065456e-11,4.0408521407177606e-11,8.045562572579185e-08,4.040852184934716e-11,6.905506527578989e-15,8.045562572579182e-08,4.040852139142668e-11,4.0408521685819716e-11,8.045562572579174e-08,8.045562572579178e-08,4.040852143691235e-11,4.040852189704314e-11,4.0408521396065456e-11,6.479789289194388e-15,8.944648216899166e-15,6.685705373341548e-15,6.6857053370207015e-15,4.0408521396065456e-11,8.045562572579175e-08,4.040852143691235e-11,8.582332241390096e-15,6.479789302871775e-15,6.479789347194525e-15,4.040852144071169e-11,4.0408521407177606e-11,7.13723117649293e-15,4.040852139142668e-11,6.479789348541287e-15,4.040852222432142e-11,4.0408521407177606e-11,4.040852171212424e-11,4.040852141523228e-11,6.479789362018306e-15,8.045562572579182e-08,7.941202318019939e-15,6.479789363344087e-15,6.6857766125856945e-15,6.479789354397698e-15,8.944648240448816e-15,6.9044862379242066e-15,4.0408522168926294e-11,4.0408521690145134e-11
1.0000055458548252,1.0000054864121108,1.00000547900526,1.000005485768722,4.040852140151163e-11,1.0000059868151348,4.040852150937815e-11,1.0000054857687202,1.0000054908466058,1.0000054790052593,1.0000054790052588,1.0000054790052597,1.0000054790052602,1.0000054881290004,1.00000547900526,1.0000053794934278,1.0000054790052602,1.0000053794934265,1.00000547900526,1.0000054857687228,1.0000053794934274,1.00000547900526,1.00000547900526,1.0000053794934267,1.000005489890378,4.3063438366027135e-11,1.0000053794934265,1.0000054790052597,1.0000054857687213,1.0000053794934267,1.0000053794934272,1.00000547900526,1.0000054908466056,1.00000547900526,4.040852115460853e-11,5.578028491895992e-11,4.1692677780844075e-11,4.1692677541982994e-11,1.0000054790052597,1.0000053794934265,1.0000054790052597,5.352071853806718e-11,4.040852113973601e-11,4.0408521293642796e-11,1.0000054790052597,1.0000054790052608,4.4508530685690136e-11,1.00000547900526,4.040852130321185e-11,1.000005498974583,1.0000054790052597,1.0000054864121095,1.0000054790052593,4.040852144769821e-11,1.000005379493427,4.952239285665469e-11,4.040852144176503e-11,4.1693122898999464e-11,4.040852146812066e-11,5.578028489660283e-11,4.3057063331755275e-11,1.000005498344152,1.0000054857687213
1.457563770646329e-06,4.040852178783371e-11,4.040852147531581e-11,4.04085217188193e-11,6.4797893738315105e-15,4.040852150937815e-11,5.078099995186747e-07,4.040852172068412e-11,4.040852193420293e-11,4.040852147145155e-11,4.0408521495302023e-11,4.040852149682392e-11,4.04085215188834e-11,4.0408521860192355e-11,4.0408521482075955e-11,8.045562586962572e-08,4.0408521495302023e-11,8.045562586962561e-08,4.0408521510503806e-11,4.040852170192757e-11,8.045562586962561e-08,4.040852147273643e-11,4.0408521482075955e-11,8.04556258696256e-08,4.0408521909198684e-11,6.905506543744874e-15,8.045562586962561e-08,4.0408521495302023e-11,4.040852173521186e-11,8.045562586962557e-08,8.04556258696256e-08,4.040852145649996e-11,4.0408521950375444e-11,4.0408521486856154e-11,6.4797893043688005e-15,8.944648237819563e-15,6.685705388995726e-15,6.6857053526748825e-15,4.040852147273643e-11,8.045562586962556e-08,4.04085215188834e-11,8.582332261466522e-15,6.479789318046191e-15,6.479789362368947e-15,4.04085215188834e-11,4.0408521510503806e-11,7.13723119320006e-15,4.040852150290467e-11,6.479789363715705e-15,4.040852230057111e-11,4.04085215188834e-11,4.0408521788683005e-11,4.040852149210459e-11,6.479789377192715e-15,8.045562586962561e-08,7.941202336600868e-15,6.479789378518498e-15,6.685776628239995e-15,6.4797893695721175e-15,8.944648261369195e-15,6.9044862540883775e-15,4.040852224159611e-11,4.040852173521186e-11
1.0000055526182714,1.0000054931755702,1.000005485768719,1.0000054925321815,4.0408521725119177e-11,1.0000054857687202,4.040852172068412e-11,1.0000060003420537,1.0000054976100659,1.0000054857687208,1.0000054857687195,1.00000548576872,1.0000054857687202,1.000005494892461,1.000005485768721,1.0000053862568878,1.0000054857687208,1.0000053862568863,1.0000054857687193,1.000005492532182,1.0000053862568865,1.0000054857687208,1.000005485768721,1.0000053862568865,1.0000054966538394,4.3063438763771466e-11,1.000005386256886,1.00000548576872,1.000005492532182,1.0000053862568858,1.0000053862568865,1.0000054857687202,1.0000054976100656,1.0000054857687202,4.0408521396339505e-11,1.1106167823011741e-07,4.169267801120924e-11,4.169267792222429e-11,1.0000054857687206,1.000005386256886,1.0000054857687202,5.352071873463691e-11,4.040852145224984e-11,4.040852160494178e-11,1.0000054857687193,1.0000054857687213,4.4508530884221205e-11,1.0000054857687202,4.040852162822188e-11,1.0000055057380424,1.0000054857687195,1.000005493175569,1.0000054857687197,4.0408521685537434e-11,1.0000053862568863,4.9522393192873935e-11,4.040852165439063e-11,4.169312314318906e-11,4.040852169803579e-11,1.1106167830953281e-07,4.3057063628116634e-11,1.0000055051076122,1.0000054925321802
1.0000055576961524,1.0000054982534567,1.0000054908466058,1.000005497610068,4.0408521855266185e-11,1.0000054908466058,4.040852193420293e-11,1.0000054976100659,1.0000060104978237,1.0000054908466063,1.0000054908466056,1.0000054908466058,1.0000054908466054,1.000005499970346,1.0000054908466063,1.0000053913347728,1.0000054908466052,1.0000053913347717,1.0000054908466058,1.0000054976100683,1.000005391334772,1.0000054908466063,1.0000054908466063,1.000005391334772,1.0000055017317242,8.574172342714246e-08,1.0000053913347717,1.0000054908466058,1.0000054976100667,1.0000053913347706,1.0000053913347713,1.000005490846606,1.0000055026879509,1.0000054908466065,4.040852160965775e-11,1.1106167879285507e-07,4.169267835226268e-11,4.1692678050097814e-11,1.0000054908466063,1.0000053913347708,1.0000054908466052,1.0656275533659423e-07,4.040852161216343e-11,4.0408521775540036e-11,1.0000054908466056,1.0000054908466065,4.450853149438145e-11,1.0000054908466063,4.040852179234255e-11,1.000005510815929,1.000005490846606,1.0000054982534545,1.0000054908466056,4.0408521924485595e-11,1.000005391334772,9.860186444548433e-08,4.0408521857741206e-11,4.169312354010598e-11,4.0408521911431115e-11,1.1106167887227056e-07,4.305706396709679e-11,1.0000055101854985,1.000005497610066
1.0000055458548214,1.0000054864121095,1.000005479005259,1.000005485768721,4.040852139012618e-11,1.0000054790052593,4.040852147145155e-11,1.0000054857687208,1.0000054908466063,1.000005986815137,1.0000054790052597,1.0000054790052602,1.0000054790052586,1.0000054881290008,1.0000054790052606,1.0000053794934274,1.000005479005259,1.000005379493427,1.0000054790052602,1.0000054857687224,1.0000053794934278,1.00000547900526,1.0000054790052606,1.0000053794934274,1.0000054898903774,4.3063438378371417e-11,1.000005379493426,1.0000054790052602,1.0000054857687213,1.000005379493427,1.0000053794934274,1.00000547900526,1.0000054908466052,1.0000054790052606,4.040852119134999e-11,5.578028492435096e-11,4.169267776365472e-11,4.1692677557054025e-11,1.00000547900526,1.000005379493427,1.0000054790052593,5.3520718544919795e-11,4.0408521151036464e-11,4.040852138611171e-11,1.0000054790052588,1.0000054790052606,4.450853067525767e-11,1.0000054790052597,4.0408521309206134e-11,1.0000054989745835,1.0000054790052597,1.0000054864121084,1.0000054790052597,4.0408521389135524e-11,1.0000053794934274,4.952239287498424e-11,4.040852149906408e-11,4.16931229161924e-11,4.040852146028024e-11,5.578028495883152e-11,4.3057063325916123e-11,1.0000054983441513,1.000005485768719
1.000005545854822,1.00000548641211,1.0000054790052588,1.000005485768721,4.0408521396065456e-11,1.0000054790052588,4.0408521495302023e-11,1.0000054857687195,1.0000054908466056,1.0000054790052597,1.0000059868151323,1.0000054790052588,1.00000547900526,1.0000054881289995,1.0000054790052597,1.0000053794934276,1.00000547900526,1.000005379493426,1.0000054790052588,1.0000054857687224,1.000005379493427,1.0000054790052602,1.0000054790052597,1.0000053794934265,1.0000054898903772,4.3063438368107314e-11,1.0000053794934258,1.0000054790052588,1.0000054857687202,1.0000053794934256,1.0000053794934267,1.0000054790052593,1.0000054908466045,1.00000547900526,4.040852112999382e-11,5.5780284957160016e-11,4.1692677856528704e-11,4.1692677500237205e-11,1.0000054790052586,1.0000053794934254,1.0000054790052595,5.352071853806718e-11,4.040852113973601e-11,4.0408521301546494e-11,1.0000054790052586,1.0000054790052597,4.4508530685690136e-11,1.0000054790052593,4.040852134234711e-11,1.0000054989745826,1.000005479005259,1.0000054864121088,1.0000054790052584,4.0408521428998605e-11,1.000005379493426,4.952239287535066e-11,4.04085213769913e-11,4.1693122914343057e-11,4.0408521400605786e-11,5.578028495332896e-11,4.305706335820741e-11,1.0000054983441513,1.000005485768719
1.0000055458548218,1.0000054864121095,1.0000054790052584,1.0000054857687213,4.040852139012618e-11,1.0000054790052597,4.040852149682392e-11,1.00000548576872,1.0000054908466058,1.0000054790052602,1.0000054790052588,1.0000059868151343,1.0000054790052582,1.000005488129,1.0000054790052602,1.0000053794934278,1.0000054790052588,1.0000053794934258,1.0000054790052588,1.0000054857687217,1.0000053794934274,1.0000054790052602,1.0000054790052602,1.000005379493427,1.000005489890377,4.306343836006325e-11,1.0000053794934258,1.0000054790052588,1.0000054857687202,1.0000053794934267,1.000005379493427,1.0000054790052597,1.0000054908466045,1.0000054790052597,4.040852116013475e-11,5.578028494958783e-11,4.169267779682926e-11,4.1692677541982994e-11,1.00000547900526,1.000005379493427,1.00000547900526,5.352071860326613e-11,4.040852113601584e-11,4.040852138611171e-11,1.0000054790052588,1.0000054790052597,4.450853069141581e-11,1.0000054790052588,4.040852128001009e-11,1.000005498974584,1.0000054790052588,1.000005486412108,1.000005479005259,4.040852144402985e-11,1.0000053794934258,4.9522392875581656e-11,4.040852142091278e-11,4.1693122915353425e-11,4.040852146034298e-11,5.578028492638931e-11,4.305706336472024e-11,1.0000054983441515,1.000005485768719
1.0000055458548194,1.0000054864121095,1.0000054790052588,1.000005485768721,4.040852144071169e-11,1.0000054790052602,4.04085215188834e-11,1.0000054857687202,1.0000054908466054,1.0000054790052586,1.00000547900526,1.0000054790052582,1.000005986815131,1.0000054881290004,1.000005479005259,1.0000053794934278,1.000005479005258,1.000005379493426,1.0000054790052593,1.000005485768722,1.0000053794934278,1.0000054790052586,1.000005479005259,1.0000053794934267,1.0000054898903772,4.306343835979916e-11,1.000005379493426,1.0000054790052584,1.0000054857687206,1.0000053794934267,1.0000053794934265,1.00000547900526,1.000005490846605,1.0000054790052593,4.040852115460853e-11,5.578028489276541e-11,4.1692677810403413e-11,4.16926775652385e-11,1.00000547900526,1.0000053794934265,1.0000054790052577,5.3520718564468484e-11,4.040852112603891e-11,4.040852129253857e-11,1.00000547900526,1.0000054790052597,4.450853066236158e-11,1.000005479005259,4.040852129411627e-11,1.0000054989745824,1.0000054790052584,1.0000054864121082,1.0000054790052595,4.04085214515217e-11,1.000005379493426,4.9522392896517404e-11,4.040852143116601e-11,4.169312287826482e-11,4.040852139976628e-11,5.5780284953614364e-11,4.305706338924122e-11,1.000005498344151,1.0000054857687188
1.00000555497855,1.0000054955358515,1.0000054881289995,1.0000054948924617,4.0408521795233506e-11,1.0000054881290004,4.0408521860192355e-11,1.000005494892461,1.000005499970346,1.0000054881290008,1.0000054881289995,1.000005488129,1.0000054881290004,1.0000060050626076,1.0000054881290015,1.0000053886171678,1.000005488129,1.0000053886171658,1.0000054881290004,1.0000054948924624,1.0000053886171665,1.0000054881290008,1.0000054881290015,1.0000053886171663,1.000005499014118,4.306343868739673e-11,1.0000053886171658,1.000005488129,1.0000054948924624,1.000005388617166,1.000005388617166,1.0000054881290013,1.0000054999703454,1.0000054881290013,4.040852150661034e-11,5.5780285572019624e-11,4.1692678128768216e-11,4.169267795403875e-11,1.0000054881290008,1.0000053886171663,1.0000054881290004,1.0656275504763383e-07,4.0408521531567554e-11,4.040852166931337e-11,1.000005488129,1.000005488129002,4.450853114816967e-11,1.000005488129,4.040852165096619e-11,1.0000055080983217,1.000005488129,1.0000054955358495,1.000005488129,4.040852177762049e-11,1.000005388617166,9.860186417810209e-08,4.0408521796386797e-11,4.169312327622388e-11,4.0408521801051365e-11,5.578028543573873e-11,8.572903021453158e-08,1.0000055074678926,1.0000054948924606
1.0000055458548214,1.0000054864121095,1.0000054790052593,1.0000054857687213,4.0408521394248295e-11,1.00000547900526,4.0408521482075955e-11,1.000005485768721,1.0000054908466063,1.0000054790052606,1.0000054790052597,1.0000054790052602,1.000005479005259,1.0000054881290015,1.0000059868151276,1.0000053794934278,1.0000054790052593,1.000005379493427,1.0000054790052597,1.0000054857687224,1.0000053794934278,1.0000054790052606,1.0000054790052606,1.0000053794934276,1.0000054898903776,4.30634383692019e-11,1.0000053794934274,1.0000054790052602,1.0000054857687213,1.000005379493427,1.0000053794934276,1.0000054790052606,1.0000054908466052,1.0000054790052606,4.040852121695553e-11,5.578028496441826e-11,4.169267778977947e-11,4.169267755270777e-11,1.00000547900526,1.0000053794934272,1.00000547900526,5.352071860782236e-11,4.040852114726893e-11,4.0408521278392616e-11,1.0000054790052597,1.0000054790052608,4.4508530697472296e-11,1.00000547900526,4.0408521321645645e-11,1.0000054989745837,1.0000054790052597,1.0000054864121088,1.0000054790052597,4.0408521433137836e-11,1.0000053794934274,4.952239288325504e-11,4.040852143787376e-11,4.169312294076371e-11,4.040852142244986e-11,5.5780284937487954e-11,4.3057063362315806e-11,1.0000054983441515,1.000005485768719
1.0000054463431107,1.000005386900278,1.000005379493427,1.0000053862568876,8.045562572579198e-08,1.0000053794934278,8.045562586962572e-08,1.0000053862568878,1.0000053913347728,1.0000053794934274,1.0000053794934276,1.0000053794934278,1.0000053794934278,1.0000053886171678,1.0000053794934278,1.000005787791478,1.0000053794934292,1.0000052799816048,1.0000053794934278,1.000005386256889,1.0000052799816057,1.000005379493428,1.0000053794934278,1.0000052799816048,1.000005390378545,8.574171389794904e-08,1.0000052799816048,1.0000053794934278,1.000005386256888,1.0000052799816044,1.0000052799816042,1.0000053794934285,1.0000053913347724,1.0000053794934283,8.045562519468132e-08,1.1106166645090174e-07,8.301245293716387e-08,8.301245248917175e-08,1.000005379493428,1.0000052799816048,1.0000053794934276,1.0656274349437462e-07,8.045562524419841e-08,8.045562551794048e-08,1.0000053794934274,1.000005379493428,8.861897347891105e-08,1.0000053794934276,8.045562550821603e-08,1.0000053994627502,1.0000053794934278,1.0000053869002758,1.0000053794934278,8.045562576186813e-08,1.0000052799816048,9.860185348762218e-08,8.045562577581002e-08,8.301333918216634e-08,8.045562578291694e-08,1.11061666530317e-07,8.572902091922253e-08,1.0000053988323188,1.0000053862568872
1.0000055458548198,1.0000054864121095,1.000005479005259,1.0000054857687213,4.040852139142668e-11,1.0000054790052602,4.0408521495302023e-11,1.0000054857687208,1.0000054908466052,1.000005479005259,1.00000547900526,1.0000054790052588,1.000005479005258,1.000005488129,1.0000054790052593,1.0000053794934292,1.0000059868151299,1.0000053794934274,1.00000547900526,1.000005485768722,1.0000053794934278,1.0000054790052593,1.0000054790052593,1.000005379493427,1.0000054898903772,4.30634383608985e-11,1.0000053794934272,1.0000054790052588,1.0000054857687213,1.000005379493427,1.000005379493427,1.00000547900526,1.000005490846605,1.00000547900526,4.040852115493339e-11,5.5780284870809384e-11,4.1692677834125835e-11,4.16926775294753e-11,1.0000054790052606,1.000005379493427,1.0000054790052584,5.352071848608298e-11,4.040852112311664e-11,4.040852131333632e-11,1.00000547900526,1.0000054790052606,4.4508530655282446e-11,1.0000054790052593,4.040852128829764e-11,1.0000054989745826,1.0000054790052584,1.0000054864121084,1.0000054790052602,4.0408521430750587e-11,1.0000053794934272,4.9522392876168276e-11,4.040852139436723e-11,4.1693122902870275e-11,4.0408521400605786e-11,5.578028496477208e-11,4.305706337542102e-11,1.0000054983441515,1.000005485768719
1.0000054463431087,1.0000053869002765,1.0000053794934258,1.0000053862568872,8.045562572579182e-08,1.0000053794934265,8.045562586962561e-08,1.0000053862568863,1.0000053913347717,1.000005379493427,1.000005379493426,1.0000053794934258,1.000005379493426,1.0000053886171658,1.000005379493427,1.0000052799816048,1.0000053794934274,1.0000057877914772,1.0000053794934272,1.000005386256887,1.0000052799816033,1.0000053794934274,1.0000053794934274,1.0000052799816022,1.0000053903785429,8.574171389794883e-08,1.0000052799816024,1.0000053794934258,1.0000053862568865,1.0000052799816015,1.000005279981602,1.000005379493427,1.0000053913347713,1.0000053794934274,8.045562519468117e-08,1.1106166645090156e-07,8.301245293716369e-08,8.301245248917156e-08,1.0000053794934274,1.000005279981602,1.000005379493427,1.0656274349437443e-07,8.04556252441983e-08,8.04556255179403e-08,1.0000053794934258,1.0000053794934278,8.861897347891091e-08,1.0000053794934265,8.045562550821592e-08,1.0000053994627478,1.0000053794934258,1.0000053869002745,1.0000053794934265,8.0455625761868e-08,1.0000052799816024,9.860185348762192e-08,8.045562577580991e-08,8.301333918216615e-08,8.04556257829168e-08,1.1106166653031688e-07,8.572902091922245e-08,1.000005398832318,1.000005386256885
1.000005545854824,1.0000054864121102,1.0000054790052593,1.0000054857687213,4.04085214668094e-11,1.00000547900526,4.0408521510503806e-11,1.0000054857687193,1.0000054908466058,1.0000054790052602,1.0000054790052588,1.0000054790052588,1.0000054790052593,1.0000054881290004,1.0000054790052597,1.0000053794934278,1.00000547900526,1.0000053794934272,1.000005986815133,1.0000054857687224,1.0000053794934274,1.0000054790052604,1.0000054790052604,1.000005379493427,1.000005489890377,4.3063438364684854e-11,1.0000053794934267,1.0000054790052597,1.0000054857687202,1.0000053794934267,1.0000053794934267,1.0000054790052597,1.0000054908466052,1.0000054790052604,4.0408521143543856e-11,5.578028492171292e-11,4.169267781598818e-11,4.1692677565666713e-11,1.0000054790052597,1.000005379493427,1.00000547900526,5.352071857956682e-11,4.040852113601584e-11,4.0408521317544574e-11,1.000005479005259,1.0000054790052604,4.450853064658814e-11,1.000005479005259,4.040852127954721e-11,1.0000054989745826,1.0000054790052593,1.00000548641211,1.0000054790052593,4.0408521450335277e-11,1.0000053794934265,4.952239287535066e-11,4.040852142536214e-11,4.169312283960623e-11,4.04085214756446e-11,5.578028495883152e-11,4.305706331909221e-11,1.0000054983441515,1.0000054857687204
1.0000055526182752,1.0000054931755724,1.000005485768721,1.0000054925321824,4.040852169675829e-11,1.0000054857687228,4.040852170192757e-11,1.000005492532182,1.0000054976100683,1.0000054857687224,1.0000054857687224,1.0000054857687217,1.000005485768722,1.0000054948924624,1.0000054857687224,1.000005386256889,1.000005485768722,1.000005386256887,1.0000054857687224,1.000006000342056,1.0000053862568883,1.0000054857687224,1.0000054857687224,1.0000053862568867,1.0000054966538416,4.3063438705762756e-11,1.0000053862568867,1.0000054857687217,1.0000054925321828,1.0000053862568858,1.0000053862568863,1.0000054857687228,1.000005497610067,1.0000054857687228,4.040852144042154e-11,1.1106167823011756e-07,4.169267802473061e-11,4.169267784945671e-11,1.0000054857687224,1.0000053862568874,1.0000054857687213,5.3520718695932525e-11,4.040852148865631e-11,4.040852155089539e-11,1.0000054857687224,1.0000054857687224,4.4508530884221205e-11,1.0000054857687222,4.040852154437954e-11,1.0000055057380446,1.0000054857687213,1.0000054931755706,1.0000054857687224,4.0408521676018776e-11,1.000005386256887,4.9522393195538504e-11,4.040852169293846e-11,4.169312313683266e-11,4.040852169803579e-11,1.1106167830953305e-07,4.3057063634466874e-11,1.0000055051076138,1.0000054925321809
1.000005446343109,1.000005386900277,1.000005379493427,1.000005386256887,8.045562572579189e-08,1.0000053794934274,8.045562586962561e-08,1.0000053862568865,1.000005391334772,1.0000053794934278,1.000005379493427,1.0000053794934274,1.0000053794934278,1.0000053886171665,1.0000053794934278,1.0000052799816057,1.0000053794934278,1.0000052799816033,1.0000053794934274,1.0000053862568883,1.0000057877914719,1.000005379493428,1.0000053794934278,1.0000052799816035,1.0000053903785442,8.574171389794894e-08,1.0000052799816033,1.0000053794934274,1.0000053862568867,1.0000052799816033,1.0000052799816033,1.0000053794934278,1.0000053913347717,1.0000053794934274,8.045562519468125e-08,1.1106166645090163e-07,8.301245293716379e-08,8.301245248917167e-08,1.0000053794934274,1.0000052799816037,1.0000053794934274,1.0656274349437457e-07,8.045562524419833e-08,8.045562551794036e-08,1.000005379493427,1.0000053794934283,8.861897347891096e-08,1.0000053794934274,8.045562550821598e-08,1.0000053994627491,1.000005379493427,1.0000053869002754,1.000005379493427,8.045562576186801e-08,1.0000052799816042,9.860185348762215e-08,8.045562577580999e-08,8.301333918216623e-08,8.045562578291689e-08,1.11061666530317e-07,8.572902091922249e-08,1.0000053988323194,1.0000053862568863
1.0000055458548214,1.0000054864121104,1.0000054790052593,1.0000054857687213,4.0408521396065456e-11,1.00000547900526,4.040852147273643e-11,1.0000054857687208,1.0000054908466063,1.00000547900526,1.0000054790052602,1.0000054790052602,1.0000054790052586,1.0000054881290008,1.0000054790052606,1.000005379493428,1.0000054790052593,1.0000053794934274,1.0000054790052604,1.0000054857687224,1.000005379493428,1.0000059868151367,1.0000054790052606,1.0000053794934276,1.0000054898903776,4.306343836425899e-11,1.0000053794934274,1.0000054790052597,1.0000054857687213,1.000005379493427,1.0000053794934276,1.0000054790052606,1.0000054908466052,1.0000054790052606,4.040852116013475e-11,5.578028490786481e-11,4.16926777933137e-11,4.1692677554805024e-11,1.00000547900526,1.000005379493427,1.00000547900526,5.3520718543084e-11,4.040852111092003e-11,4.040852132313082e-11,1.0000054790052597,1.0000054790052608,4.4508530697472296e-11,1.00000547900526,4.040852129704711e-11,1.0000054989745837,1.0000054790052595,1.000005486412109,1.0000054790052597,4.040852142880968e-11,1.0000053794934274,4.952239281302898e-11,4.040852146262312e-11,4.169312292695799e-11,4.040852141053683e-11,5.578028489660283e-11,4.3057063325916123e-11,1.0000054983441515,1.000005485768719
1.0000055458548214,1.0000054864121095,1.0000054790052593,1.0000054857687213,4.0408521407177606e-11,1.00000547900526,4.0408521482075955e-11,1.000005485768721,1.0000054908466063,1.0000054790052606,1.0000054790052597,1.0000054790052602,1.000005479005259,1.0000054881290015,1.0000054790052606,1.0000053794934278,1.0000054790052593,1.0000053794934274,1.0000054790052604,1.0000054857687224,1.0000053794934278,1.0000054790052606,1.0000059868151276,1.0000053794934276,1.0000054898903776,4.306343834539857e-11,1.0000053794934274,1.0000054790052602,1.0000054857687213,1.000005379493427,1.0000053794934276,1.0000054790052606,1.0000054908466052,1.0000054790052606,4.040852116515323e-11,5.578028488448406e-11,4.169267781606736e-11,4.16926775294753e-11,1.00000547900526,1.0000053794934272,1.00000547900526,5.352071859302106e-11,4.040852112516859e-11,4.0408521305431935e-11,1.0000054790052597,1.0000054790052608,4.450853066734623e-11,1.00000547900526,4.0408521287342084e-11,1.0000054989745837,1.0000054790052597,1.0000054864121088,1.0000054790052597,4.040852145299971e-11,1.0000053794934278,4.9522392898149716e-11,4.040852137105359e-11,4.169312285018275e-11,4.040852146487601e-11,5.578028492638931e-11,4.305706330120424e-11,1.0000054983441515,1.000005485768719
1.00000544634311,1.0000053869002765,1.0000053794934254,1.0000053862568872,8.045562572579185e-08,1.0000053794934267,8.04556258696256e-08,1.0000053862568865,1.000005391334772,1.0000053794934274,1.0000053794934265,1.000005379493427,1.0000053794934267,1.0000053886171663,1.0000053794934276,1.0000052799816048,1.000005379493427,1.0000052799816022,1.000005379493427,1.0000053862568867,1.0000052799816035,1.0000053794934276,1.0000053794934276,1.0000057877914756,1.000005390378543,8.574171389794884e-08,1.0000052799816022,1.000005379493427,1.000005386256887,1.0000052799816028,1.0000052799816024,1.0000053794934276,1.0000053913347708,1.0000053794934276,8.045562519468118e-08,1.1106166645090156e-07,8.301245293716369e-08,8.301245248917155e-08,1.0000053794934278,1.0000052799816024,1.0000053794934272,1.0656274349437443e-07,8.045562524419824e-08,8.04556255179403e-08,1.0000053794934258,1.0000053794934274,8.86189734789109e-08,1.0000053794934265,8.045562550821596e-08,1.0000053994627482,1.0000053794934272,1.0000053869002747,1.0000053794934274,8.0455625761868e-08,1.0000052799816028,9.860185348762196e-08,8.045562577580995e-08,8.301333918216619e-08,8.045562578291687e-08,1.1106166653031691e-07,8.572902091922241e-08,1.000005398832317,1.0000053862568856
1.0000055567399253,1.0000054972972292,1.0000054898903765,1.00000549665384,4.040852184934716e-11,1.000005489890378,4.0408521909198684e-11,1.0000054966538394,1.0000055017317242,1.0000054898903774,1.0000054898903772,1.000005489890377,1.0000054898903772,1.000005499014118,1.0000054898903776,1.000005390378545,1.0000054898903772,1.0000053903785429,1.000005489890377,1.0000054966538416,1.0000053903785442,1.0000054898903776,1.0000054898903776,1.000005390378543,1.0000060085853597,4.306343890657297e-11,1.0000053903785429,1.000005489890377,1.00000549665384,1.0000053903785424,1.000005390378543,1.000005489890378,1.000005501731723,1.0000054898903779,4.040852156953412e-11,5.578028543293608e-11,4.1692678232110804e-11,4.1692678057796365e-11,1.0000054898903772,1.0000053903785442,1.000005489890377,1.0656275523494587e-07,4.040852159050326e-11,4.040852174436723e-11,1.0000054898903772,1.000005489890378,8.861898324323444e-08,1.0000054898903772,4.040852172252909e-11,1.0000055098597016,1.0000054898903772,1.000005497297227,1.0000054898903765,4.040852184864528e-11,1.000005390378543,9.860186435142616e-08,4.040852186477343e-11,4.169312328341813e-11,4.0408521857383e-11,5.5780285465159915e-11,4.305706404718138e-11,1.0000055092292708,1.0000054966538379
1.4628498513017556e-06,4.306343874502103e-11,4.3063438355658226e-11,4.3063438663078214e-11,6.905506527578989e-15,4.3063438366027135e-11,6.905506543744874e-15,4.3063438763771466e-11,8.574172342714246e-08,4.3063438378371417e-11,4.3063438368107314e-11,4.306343836006325e-11,4.306343835979916e-11,4.306343868739673e-11,4.30634383692019e-11,8.574171389794904e-08,4.30634383608985e-11,8.574171389794883e-08,4.3063438364684854e-11,4.3063438705762756e-11,8.574171389794894e-08,4.306343836425899e-11,4.306343834539857e-11,8.574171389794884e-08,4.306343890657297e-11,5.078099949952256e-07,8.574171389794882e-08,4.3063438361204226e-11,4.306343864984196e-11,8.57417138979488e-08,8.574171389794882e-08,4.306343836772077e-11,8.574172342714235e-08,4.3063438368107314e-11,6.905506453567556e-15,9.532302816158225e-15,7.124950924495222e-15,7.12495088576497e-15,4.306343835719217e-11,8.574171389794882e-08,4.306343836112681e-11,9.146183297230407e-15,6.905506468127505e-15,6.905506515342558e-15,4.306343836530122e-11,4.306343836117466e-11,7.606141325091128e-15,4.30634383608985e-11,6.905506516776483e-15,4.306343929088314e-11,4.306343835775796e-11,4.3063438710016545e-11,4.306343836154668e-11,6.905506531161118e-15,8.574171389794882e-08,8.462932139884564e-15,6.90550653257466e-15,7.125026842834689e-15,6.905506523050874e-15,9.532302841228989e-15,7.358105375562012e-15,4.3063439216203085e-11,4.306343873186135e-11
1.0000054463431087,1.0000053869002765,1.0000053794934258,1.0000053862568872,8.045562572579182e-08,1.0000053794934265,8.045562586962561e-08,1.000005386256886,1.0000053913347717,1.000005379493426,1.0000053794934258,1.0000053794934258,1.000005379493426,1.0000053886171658,1.0000053794934274,1.0000052799816048,1.0000053794934272,1.0000052799816024,1.0000053794934267,1.0000053862568867,1.0000052799816033,1.0000053794934274,1.0000053794934274,1.0000052799816022,1.0000053903785429,8.574171389794882e-08,1.000005787791477,1.0000053794934258,1.0000053862568865,1.0000052799816015,1.000005279981602,1.000005379493427,1.0000053913347713,1.000005379493427,8.045562519468117e-08,1.1106166645090154e-07,8.301245293716369e-08,8.301245248917156e-08,1.000005379493427,1.0000052799816015,1.000005379493427,1.0656274349437443e-07,8.04556252441983e-08,8.045562551794027e-08,1.0000053794934258,1.0000053794934278,8.861897347891091e-08,1.0000053794934265,8.045562550821592e-08,1.0000053994627474,1.0000053794934258,1.000005386900274,1.000005379493426,8.045562576186801e-08,1.0000052799816024,9.860185348762193e-08,8.04556257758099e-08,8.301333918216615e-08,8.04556257829168e-08,1.1106166653031688e-07,8.572902091922247e-08,1.000005398832318,1.0000053862568847
1.0000055458548218,1.0000054864121095,1.0000054790052584,1.0000054857687213,4.040852139142668e-11,1.0000054790052597,4.0408521495302023e-11,1.00000548576872,1.0000054908466058,1.0000054790052602,1.0000054790052588,1.0000054790052588,1.0000054790052584,1.000005488129,1.0000054790052602,1.0000053794934278,1.0000054790052588,1.0000053794934258,1.0000054790052597,1.0000054857687217,1.0000053794934274,1.0000054790052597,1.0000054790052602,1.000005379493427,1.000005489890377,4.3063438361204226e-11,1.0000053794934258,1.000005986815134,1.0000054857687202,1.0000053794934267,1.000005379493427,1.0000054790052597,1.0000054908466047,1.0000054790052597,4.0408521155601583e-11,5.578028487480615e-11,4.169267780205849e-11,4.1692677500237205e-11,1.00000547900526,1.000005379493427,1.0000054790052593,5.352071858869165e-11,4.040852116817586e-11,4.0408521307845435e-11,1.0000054790052588,1.0000054790052608,4.450853065550385e-11,1.0000054790052588,4.040852130486586e-11,1.000005498974584,1.000005479005259,1.000005486412108,1.000005479005259,4.040852144769821e-11,1.0000053794934258,4.9522392843547174e-11,4.040852138628529e-11,4.169312287420191e-11,4.040852141341004e-11,5.5780284950549653e-11,4.3057063299447055e-11,1.0000054983441515,1.000005485768719
1.0000055526182714,1.0000054931755713,1.0000054857687202,1.0000054925321822,4.0408521685819716e-11,1.0000054857687213,4.040852173521186e-11,1.000005492532182,1.0000054976100667,1.0000054857687213,1.0000054857687202,1.0000054857687202,1.0000054857687206,1.0000054948924624,1.0000054857687213,1.000005386256888,1.0000054857687213,1.0000053862568865,1.0000054857687202,1.0000054925321828,1.0000053862568867,1.0000054857687213,1.0000054857687213,1.000005386256887,1.00000549665384,4.306343864984196e-11,1.0000053862568865,1.0000054857687202,1.000006000342055,1.0000053862568865,1.0000053862568867,1.0000054857687213,1.0000054976100659,1.000005485768721,4.040852144755338e-11,1.1106167823011749e-07,4.1692678117904866e-11,4.1692677919354525e-11,1.0000054857687215,1.0000053862568865,1.0000054857687208,5.3520718942426744e-11,4.040852143063405e-11,4.0408521636827165e-11,1.0000054857687202,1.000005485768722,4.450853097256418e-11,1.0000054857687213,4.040852157332551e-11,1.0000055057380426,1.0000054857687204,1.0000054931755695,1.0000054857687208,4.0408521669819374e-11,1.0000053862568867,4.952239324049682e-11,4.040852171407043e-11,4.169312317986142e-11,4.0408521708801e-11,1.1106167830953288e-07,4.305706364178687e-11,1.000005505107613,1.0000054925321804
1.0000054463431107,1.000005386900276,1.000005379493425,1.0000053862568863,8.045562572579174e-08,1.0000053794934267,8.045562586962557e-08,1.0000053862568858,1.0000053913347706,1.000005379493427,1.0000053794934256,1.0000053794934267,1.0000053794934267,1.000005388617166,1.000005379493427,1.0000052799816044,1.000005379493427,1.0000052799816015,1.0000053794934267,1.0000053862568858,1.0000052799816033,1.000005379493427,1.000005379493427,1.0000052799816028,1.0000053903785424,8.57417138979488e-08,1.0000052799816015,1.0000053794934267,1.0000053862568865,1.0000057877914768,1.0000052799816013,1.0000053794934258,1.0000053913347697,1.0000053794934258,8.04556251946811e-08,1.1106166645090147e-07,8.301245293716365e-08,8.30124524891715e-08,1.0000053794934265,1.0000052799816015,1.0000053794934265,1.0656274349437439e-07,8.045562524419821e-08,8.045562551794026e-08,1.0000053794934258,1.0000053794934276,8.861897347891083e-08,1.0000053794934258,8.045562550821587e-08,1.000005399462747,1.000005379493426,1.000005386900274,1.000005379493426,8.045562576186796e-08,1.0000052799816015,9.860185348762191e-08,8.045562577580987e-08,8.301333918216614e-08,8.045562578291677e-08,1.1106166653031686e-07,8.572902091922238e-08,1.0000053988323168,1.000005386256885
1.00000544634311,1.0000053869002763,1.0000053794934256,1.0000053862568863,8.045562572579178e-08,1.0000053794934272,8.04556258696256e-08,1.0000053862568865,1.0000053913347713,1.0000053794934274,1.0000053794934267,1.000005379493427,1.0000053794934265,1.000005388617166,1.0000053794934276,1.0000052799816042,1.000005379493427,1.000005279981602,1.0000053794934267,1.0000053862568863,1.0000052799816033,1.0000053794934276,1.0000053794934276,1.0000052799816024,1.000005390378543,8.574171389794882e-08,1.000005279981602,1.000005379493427,1.0000053862568867,1.0000052799816013,1.0000057877914763,1.000005379493427,1.0000053913347708,1.000005379493427,8.045562519468118e-08,1.1106166645090148e-07,8.301245293716367e-08,8.301245248917152e-08,1.0000053794934274,1.0000052799816013,1.000005379493427,1.0656274349437439e-07,8.045562524419823e-08,8.045562551794026e-08,1.0000053794934267,1.0000053794934274,8.861897347891083e-08,1.0000053794934267,8.045562550821594e-08,1.0000053994627478,1.0000053794934258,1.0000053869002747,1.000005379493427,8.0455625761868e-08,1.0000052799816024,9.860185348762193e-08,8.045562577580992e-08,8.301333918216615e-08,8.04556257829168e-08,1.1106166653031686e-07,8.572902091922238e-08,1.0000053988323172,1.0000053862568845
