0.9999999998353684,-1.5481248255048044e-08,2.543099887478351e-08,0.9999997000141222,0.999999959276428,0.9999997000141231,2.5431014500741184e-08,2.5431012271986463e-08,9.046139485671967e-08,2.543101178537006e-08,2.5422155082403535e-08,0.9999999886484242,2.4227899711765665e-08,0.9999997010241264,0.9999999592764299,0.9999997000141203,2.5431012348619767e-08,0.9999999592764294,-3.0919239571904715e-08,0.9999999592764331,1.68395550711426e-08,2.5692806090327145e-08,2.6218112402447518e-08,2.5431012272969905e-08,2.5100986050181636e-08,2.5431012352840486e-08,2.6353860010843802e-08,9.263082479281786e-08,0.9999999592764314,0.9999999735732076,0.9999997307891301,2.5422153780898633e-08,0.99999970001412,2.5431012343636497e-08,2.5431012349430586e-08,0.9999997000141215,0.999999959276431,2.5464336382033756e-08,0.9999997043689559,0.99999970001412,0.9999999592764314,0.9999997000141232,0.9999997000141175,2.543101235467475e-08,2.6167000866879778e-08,2.487424864714139e-08,2.5450656385523463e-08,0.999999700014118,2.5424363599563818e-08,2.6247266705952435e-08,0.9999999700252677,0.999999700014122,2.5483108617281062e-08,-2.124453840719911e-08,2.3764821781729235e-08,0.9999997000141203,-4.343371193185147e-08,2.5459363671158728e-08,-1.5481228924456048e-08,0.99999970001412,2.5422155082307006e-08,0.9999997000141218,2.5464338624826355e-08,2.5431011789068264e-08,2.542215506725918e-08,0.9999999592764314,0.999999959276434,0.999999959276431,0.9999999592764306,0.9999999592764286,-5.088840585129967e-08,0.999999959276434,2.6167000864658805e-08,0.9999999592764294,2.4672074316284254e-08,0.9999997000141181,2.5464338661384412e-08,0.9999997000141232,2.3626505273859564e-08,0.999999724123917,0.9999999592764302,2.5431013973578156e-08,2.5431013105361527e-08,0.9999997000141231,2.6353859937608034e-08,0.9999999886484209,2.439504066121093e-08,2.545936367081475e-08,0.9999996374120637,0.9999999592764314,0.9999997000141204,0.9999997000141213,2.5431010845179806e-08,0.9999999592764318,0.999999959276434,0.9999997000141231,0.9999997000141195,2.5692806089934486e-08,0.9999999592764363,2.52913820564209e-08,-1.548122971530025e-08,0.9999997000141184,0.9999997000141213,-2.6220494242438115e-08,0.9999997000141195,0.999999700014122,0.9999997000141231,2.34678067391766e-08,-1.5481229523868505e-08,0.9999999592764314,2.5442966999477478e-08,-1.548122899770071e-08,0.9999997000141175,0.9999997000141213,-2.503681288319714e-08,-4.2583249690844825e-08,-1.5481229352614762e-08,0.9999997000141212,0.9999997000141231,-1.5481229521346554e-08,0.9999997000141213,0.9999999592764318,-1.5481229513726275e-08,-5.274668719489615e-08,2.543101324124261e-08,0.999999959276431,2.6167000005270532e-08,2.6013618606817647e-08,-5.17808722166052e-08,0.9999997000141208,2.5422155065862335e-08,0.99999970001412,0.9999997000141195,0.9999999644332261,1.000000049228822,0.9999999592764327,2.5464338604623444e-08,0.9999999592764345,-1.548122971509792e-08,0.9999997000141213,0.9999999592764286
-1.5481248255048044e-08,-2.7493839567363704e-08,-7.729083001512349e-13,-3.207201701213915e-08,-2.1123899952236404e-11,-3.207201701213902e-08,-7.729084153514241e-13,-7.729083586552798e-13,3.283180191004473e-08,-7.729083699570394e-13,-7.695758921220473e-13,-2.1865534098190218e-11,-1.1723731775763033e-12,-3.2430593749674656e-08,-2.1123899987703485e-11,-3.2072017012139113e-08,-7.729083699459267e-13,-2.1123900017584027e-11,-1.9016444167403594e-08,-2.1123900017584027e-11,8.301831702484974e-12,2.7458910489575468e-12,1.6094321089756618e-11,-7.729083699579e-13,-6.355730426158434e-12,-7.729083586522868e-13,2.0866077594943392e-11,3.065346662734221e-08,-2.1123900056134954e-11,-2.3553781549107697e-11,-3.8827238451145296e-08,-7.695758920813736e-13,-3.2072017012139113e-08,-7.729083001509914e-13,-7.729082937288675e-13,-3.207201701213891e-08,-2.1123900024463346e-11,9.53922524396042e-13,-3.283887479048078e-08,-3.2072017012138895e-08,-2.1123900084509624e-11,-3.20720170121391e-08,-3.2072017012139166e-08,-7.729083096737237e-13,1.1935983748048747e-11,-1.1028407760245145e-11,5.37752115042631e-13,-3.207201701213901e-08,-1.152212871441083e-12,1.74477635196757e-11,-2.1847938735312644e-11,-3.2072017012138895e-08,1.0035679306652697e-12,-1.7193000296140473e-08,1.363755829130677e-12,-3.207201701213907e-08,-2.5613810766783047e-08,-9.56174335918263e-13,-1.5142793464895402e-08,-3.207201701213883e-08,-7.69575892122029e-13,-3.2072017012139113e-08,9.539225243959876e-13,-7.729083711616183e-13,-7.695759042011197e-13,-2.112389998893024e-11,-2.112389998892938e-11,-2.112390005613619e-11,-2.1123900045687783e-11,-2.1123900056134253e-11,-2.411436412823601e-08,-2.1123899950477853e-11,1.1935983835192906e-11,-2.1123899988381915e-11,1.0059256327751252e-12,-3.2072017012138895e-08,9.539225419374785e-13,-3.207201701213907e-08,-2.327489695110524e-13,-3.7882625470831164e-08,-2.1123900056135494e-11,-7.729083833802722e-13,-7.729083604006867e-13,-3.207201701213879e-08,2.086607760315436e-11,-2.1865534076864632e-11,-1.650128197913113e-12,-9.56174305078858e-13,-3.7976594931491925e-08,-2.112389998892141e-11,-3.2072017012139226e-08,-3.2072017012138994e-08,-7.729082937329904e-13,-2.1123899988929648e-11,-2.1123900006539253e-11,-3.2072017012139226e-08,-3.207201701213896e-08,2.7458910473441928e-12,-2.1123900006539176e-11,-2.899367545053547e-12,-1.5142793464895455e-08,-3.207201701213901e-08,-3.2072017012138756e-08,-1.6099367855151624e-08,-3.207201701213886e-08,-3.2072017012139345e-08,-3.207201701213883e-08,9.136828614576367e-13,-1.514279346489553e-08,-2.1123900020698854e-11,-6.515837096824643e-13,-1.5142793464895504e-08,-3.2072017012139054e-08,-3.207201701213921e-08,-1.6082630010303898e-08,-2.2329693943951804e-08,-1.5142793464895514e-08,-3.207201701213907e-08,-3.2072017012139054e-08,-1.5142793464895365e-08,-3.2072017012139034e-08,-2.1123900031760023e-11,-1.5142793464895395e-08,-2.399670319043205e-08,-7.729083951813862e-13,-2.1123900014740274e-11,1.1935983712593033e-11,8.006223092512622e-12,-2.2431531411631888e-08,-3.2072017012139034e-08,-7.695758891527222e-13,-3.207201701213901e-08,-3.2072017012138935e-08,-2.1249699298360475e-11,-2.502927019924494e-11,-2.1123900024463346e-11,9.539225165555586e-13,-2.1123900020707326e-11,-1.514279346489542e-08,-3.2072017012139127e-08,-2.1123900013843604e-11
2.543099887478351e-08,-7.729083001512349e-13,-1.2419574087299248e-08,2.5216425618652835e-12,2.0509099030535143e-12,2.521642575597789e-12,-6.78373138585e-11,-6.78373138584516e-11,3.311809238545537e-09,-6.783731385852316e-11,-6.970994936903552e-11,2.0631044822806965e-12,1.0687685033087558e-10,2.4982250013560623e-12,2.0509098913481784e-12,2.52164258874301e-12,-6.783731385849743e-11,2.0509098688594317e-12,-1.0242554889564592e-12,2.0509099202536447e-12,-1.2847266891612697e-13,4.403574547827079e-10,2.5274935341139368e-12,-6.783731385850163e-11,-1.697984092073543e-09,-6.783731385849955e-11,3.2029175964837656e-12,3.1140903583219147e-09,2.0509098817144622e-12,1.8503699899698877e-12,2.2881521023413764e-12,-6.970994936903288e-11,2.5216425688601643e-12,-6.783731385850903e-11,-6.783731385850464e-11,2.521642569502488e-12,2.0509098342173237e-12,-1.6624170124941988e-10,2.4803289538602924e-12,2.5216425687547363e-12,2.050909885594529e-12,2.521642584754467e-12,2.5216425948323507e-12,-6.783731385850311e-11,1.6258991171974047e-13,-2.8436903209262e-09,-2.9567341881798595e-10,2.521642594832416e-12,-1.6135146765248688e-10,2.735314727785514e-12,1.9814179495987975e-12,2.521642580552059e-12,-2.182199561189433e-10,-8.557764923764858e-13,3.706346936941255e-10,2.5216425787531927e-12,-1.4156792063512372e-12,-1.1760069945073434e-10,-7.729083776503835e-13,2.521642577656737e-12,-6.970994936904613e-11,2.521642578669891e-12,-1.6624170124941068e-10,-6.783731385849622e-11,-6.970994936903528e-11,2.050909867594126e-12,2.050909867593634e-12,2.0509099020243478e-12,2.050909890353512e-12,2.050909890353795e-12,-1.2868519980104869e-12,2.050909890353795e-12,1.6258999113801666e-13,2.050909890352108e-12,-2.422895761966724e-10,2.521642595897684e-12,-1.6624170124944446e-10,2.5216425696283243e-12,5.4783036469287206e-11,2.278059650826553e-12,2.0509098870715145e-12,-6.783731385845792e-11,-6.783731385847887e-11,2.521642573220657e-12,3.2029176000892754e-12,2.0631044773263923e-12,-3.9967087213580746e-10,-1.176006994507199e-10,4.42845642661644e-09,2.0509098992107252e-12,2.5216425748806227e-12,2.521642574393718e-12,-6.783731385848419e-11,2.0509098675736687e-12,2.05090990202646e-12,2.5216425708562848e-12,2.5216425958043013e-12,4.4035745478268203e-10,2.050909867594126e-12,-4.646219272903156e-10,-7.729083893340835e-13,2.5216426029581477e-12,2.5216425794385934e-12,-8.007929828383709e-13,2.5216425958979787e-12,2.521642594563602e-12,2.521642571425633e-12,1.7294823867292736e-10,-7.729083965869207e-13,2.0509098688709367e-12,-7.376791966020537e-11,-7.729083950833086e-13,2.5216425603998523e-12,2.5216425786703846e-12,-8.435886661284435e-13,-1.1052891595431112e-12,-7.729083591716354e-13,2.521642561154839e-12,2.521642573901817e-12,-7.729083776503835e-13,2.5216425887430053e-12,2.050909867594126e-12,-7.729083387224306e-13,-1.114035319066121e-12,-6.783731385847972e-11,2.0509098987090055e-12,1.6258994549266827e-13,-3.569594820969082e-13,-1.0852758536866331e-12,2.5216425857927453e-12,-6.970994936902589e-11,2.521642571718272e-12,2.5216425823180297e-12,2.0424678674026618e-12,1.807249507242936e-12,2.0509098987090055e-12,-1.6624170124942526e-10,2.0509099407666107e-12,-7.729083965868412e-13,2.5216425834663483e-12,2.050909885594111e-12
0.9999997000141222,-3.207201701213915e-08,2.5216425618652835e-12,0.9999996139260829,0.999999894424339,0.9999996262777817,2.5216474556455763e-12,2.5216469679183817e-12,5.6617835406408865e-08,2.521646491505749e-12,2.5163103537931276e-12,0.9999999249620364,2.0801275705336207e-12,0.9999996274459597,0.9999998944243368,0.9999996262777802,2.5216463289509423e-12,0.9999998944243355,-4.616699107792465e-08,0.9999998944243365,-5.476081194901797e-12,1.2689988623686135e-12,-3.6109912284006502e-12,2.5216470440148254e-12,4.5145072501887595e-12,2.521647095200991e-12,-5.3910229649023416e-12,5.947830609347468e-08,0.9999998944243356,0.9999999109660901,0.999999660359973,2.516310929181303e-12,0.99999962627778,2.5216471675500316e-12,2.521646989669696e-12,0.9999996262777809,0.9999998944243362,1.8448437203732175e-12,0.9999996310232058,0.999999626277781,0.9999998944243365,0.9999996262777818,0.999999626277781,2.521647253010451e-12,-2.2030740294203806e-12,6.217321441038873e-12,1.9991484434844832e-12,0.9999996262777809,2.667250587462938e-12,-4.119205529557349e-12,0.9999999059771808,0.9999996262777815,1.83210517568765e-12,-3.711478058482839e-08,8.472042123808566e-13,0.9999996262777809,-5.625412174921942e-08,2.6076321450458238e-12,-3.207201165235659e-08,0.9999996262777815,2.5163105384308675e-12,0.9999996262777832,1.8448429618195774e-12,2.521646690821901e-12,2.516310948520276e-12,0.9999998944243372,0.9999998944243381,0.9999998944243365,0.9999998944243358,0.9999998944243367,-6.437884637713048e-08,0.999999894424338,-2.2030740874070756e-12,0.9999998944243362,1.417725157402297e-12,0.9999996262777806,1.844843138254094e-12,0.9999996262777817,1.3946491623624908e-12,0.9999996531710795,0.9999998944243365,2.5216476712007943e-12,2.521646967837735e-12,0.9999996262777818,-5.391022186535197e-12,0.9999999249620364,2.3306985783671135e-12,2.607631668833417e-12,0.9999995649675159,0.999999894424336,0.9999996262777815,0.999999626277781,2.521646589217505e-12,0.9999998944243362,0.9999998944243382,0.9999996262777818,0.9999996262777818,1.2689985861361738e-12,0.9999998944243365,3.280367061937475e-12,-3.2072012158468676e-08,0.999999626277781,0.9999996262777809,-4.2549812796217767e-08,0.9999996262777809,0.9999996262777815,0.999999626277781,8.639419456701316e-13,-3.20720120074039e-08,0.9999998944243371,2.4792231349455207e-12,-3.2072011899404595e-08,0.999999626277781,0.9999996262777806,-4.1359480647141815e-08,-5.667510956050114e-08,-3.207201202612414e-08,0.9999996262777814,0.9999996262777818,-3.207201184976174e-08,0.9999996262777809,0.9999998944243365,-3.207201186526294e-08,-6.631269204917065e-08,2.521647080764226e-12,0.9999998944243363,-2.2030738734961025e-12,-7.553406418081375e-13,-6.59391057257546e-08,0.9999996262777819,2.5163100114120134e-12,0.999999626277781,0.9999996262777818,0.9999998997879856,0.9999999892773188,0.9999998944243383,1.8448435259736962e-12,0.9999998944243362,-3.207201218559586e-08,0.9999996262777809,0.9999998944243362
0.999999959276428,-2.1123899952236404e-11,2.0509099030535143e-12,0.999999894424339,1.0000001434428432,0.9999998944243373,2.050914700867538e-12,2.0509142820179876e-12,3.959415747477271e-11,2.050913781074346e-12,2.047373224403416e-12,1.0000001853984488,1.3867418146652148e-12,0.9999998953449931,1.0000001557945397,0.9999998944243368,2.0509136465293924e-12,1.0000001557945395,-2.9516703306627887e-11,1.0000001557945395,-1.539140269571976e-13,3.153322417117635e-12,7.717884118367324e-12,2.0509143223651517e-12,1.5105498584315281e-13,2.0509143896221592e-12,9.256679378272523e-12,4.029218867724952e-11,1.000000155794539,1.000000169078034,0.9999999240033386,2.0473737263758765e-12,0.9999998944243368,2.050914518358673e-12,2.050914282970504e-12,0.9999998944243382,1.00000015579454,2.463414726346953e-12,0.9999998986476067,0.9999998944243377,1.0000001557945402,0.9999998944243373,0.9999998944243371,2.0509145395089442e-12,5.558977560460446e-12,-1.36300067344015e-12,2.325942090819064e-12,0.999999894424336,1.9353362309104017e-12,8.157196794203478e-12,1.0000001663710743,0.9999998944243368,2.4725842427459213e-12,-2.433719583433114e-11,1.831888829965479e-12,0.9999998944243372,-3.683404662555791e-11,2.0098366605166167e-12,-2.1123897298668774e-11,0.9999998944243372,2.0473733609296367e-12,0.9999998944243391,2.463413983307885e-12,2.050913972202596e-12,2.0473737941383544e-12,1.0000001557945402,1.0000001557945404,1.0000001557945402,1.0000001557945386,1.0000001557945404,-4.036431291088535e-11,1.0000001557945408,5.558977556704532e-12,1.0000001557945404,2.0556852707148258e-12,0.9999998944243369,2.463414124184697e-12,0.9999998944243373,1.29506492158619e-12,0.9999999174109726,1.0000001557945397,2.0509149528596743e-12,2.0509142739819247e-12,0.9999998944243373,9.25668012331007e-12,1.0000001853984484,1.23485399273687e-12,2.0098361815916598e-12,0.9999998290802853,1.000000155794539,0.9999998944243377,0.9999998944243382,2.050913950516119e-12,1.00000015579454,1.0000001557945413,0.9999998944243373,0.999999894424338,3.1533221268901442e-12,1.0000001557945402,1.3700468771419458e-12,-2.1123897602287198e-11,0.9999998944243369,0.9999998944243376,-2.6683552601759475e-11,0.9999998944243372,0.9999998944243368,0.9999998944243369,1.5226542489008981e-12,-2.1123897429132146e-11,1.0000001557945406,2.085241379519158e-12,-2.1123897455722157e-11,0.9999998944243368,0.9999998944243372,-2.6099163082808738e-11,-3.586950727140512e-11,-2.1123897510624923e-11,0.9999998944243382,0.9999998944243383,-2.1123897408919028e-11,0.9999998944243376,1.0000001557945395,-2.112389742354494e-11,-4.122998848996303e-11,2.0509143977000355e-12,1.00000015579454,5.558977794505334e-12,4.287536088366149e-12,-4.0526071721641144e-11,0.9999998944243369,2.047372857722394e-12,0.9999998944243365,0.999999894424338,1.000000160992587,1.0000002454861356,1.000000155794541,2.4634145266469034e-12,1.0000001557945395,-2.112389765539386e-11,0.9999998944243377,1.0000001557945404
0.9999997000141231,-3.207201701213902e-08,2.521642575597789e-12,0.9999996262777817,0.9999998944243373,0.9999996139260829,2.5216474496649418e-12,2.5216469759593632e-12,5.661783540640882e-08,2.521646499894879e-12,2.5163103504049813e-12,0.9999999249620367,2.0801275776162004e-12,0.9999996274459595,0.9999998944243368,0.9999996262777804,2.521646323602349e-12,0.999999894424336,-4.616699107792458e-08,0.999999894424336,-5.4760811837758504e-12,1.2689988660608945e-12,-3.6109912288276434e-12,2.5216470594110885e-12,4.514507237102458e-12,2.521647095258647e-12,-5.391022927928305e-12,5.947830609347457e-08,0.9999998944243362,0.9999999109660901,0.9999996603599728,2.516310938122115e-12,0.9999996262777804,2.5216471716549368e-12,2.5216470414803004e-12,0.9999996262777817,0.9999998944243368,1.8448437085572103e-12,0.9999996310232058,0.999999626277781,0.9999998944243365,0.9999996262777817,0.9999996262777809,2.5216472489296742e-12,-2.2030740549404143e-12,6.2173214319444806e-12,1.999148482444814e-12,0.9999996262777806,2.667250564614327e-12,-4.1192055328377266e-12,0.9999999059771804,0.999999626277781,1.832105173718915e-12,-3.7114780584828394e-08,8.472042079923564e-13,0.9999996262777806,-5.6254121749219215e-08,2.607632145238527e-12,-3.207201165235664e-08,0.9999996262777806,2.5163105347920745e-12,0.9999996262777823,1.844842939266593e-12,2.5216466932272766e-12,2.516310953212314e-12,0.9999998944243368,0.9999998944243369,0.9999998944243365,0.9999998944243356,0.9999998944243365,-6.437884637713035e-08,0.9999998944243369,-2.2030740564077022e-12,0.9999998944243367,1.4177252188134315e-12,0.9999996262777806,1.8448431382543344e-12,0.9999996262777814,1.394649159626341e-12,0.9999996531710792,0.999999894424336,2.521647670546358e-12,2.521646965775066e-12,0.9999996262777817,-5.39102214840618e-12,0.9999999249620364,2.3306985829779847e-12,2.607631701956468e-12,0.9999995649675146,0.9999998944243362,0.999999626277781,0.9999996262777815,2.5216465854099908e-12,0.9999998944243365,0.9999998944243369,0.9999996262777814,0.9999996262777817,1.2689985861360056e-12,0.9999998944243363,3.2803670448984278e-12,-3.207201215846869e-08,0.9999996262777806,0.9999996262777808,-4.254981279621766e-08,0.9999996262777809,0.999999626277781,0.9999996262777814,8.639419525299106e-13,-3.207201200740386e-08,0.9999998944243368,2.4792231764658075e-12,-3.207201189940455e-08,0.9999996262777809,0.9999996262777808,-4.135948064714166e-08,-5.6675109560501204e-08,-3.207201202612402e-08,0.999999626277781,0.9999996262777818,-3.207201184976178e-08,0.9999996262777808,0.999999894424336,-3.207201186526287e-08,-6.631269204917055e-08,2.521647103343874e-12,0.9999998944243362,-2.203073873497609e-12,-7.553406690038697e-13,-6.593910572575457e-08,0.9999996262777817,2.516309988930614e-12,0.9999996262777804,0.9999996262777817,0.9999998997879845,0.9999999892773185,0.9999998944243372,1.8448435170804747e-12,0.999999894424336,-3.207201218559571e-08,0.9999996262777814,0.9999998944243359
2.5431014500741184e-08,-7.729084153514241e-13,-6.78373138585e-11,2.5216474556455763e-12,2.050914700867538e-12,2.5216474496649418e-12,-1.2419574087135457e-08,-6.783731385826571e-11,3.3118092385451373e-09,-6.783731385833791e-11,-6.970994936885051e-11,2.0631093620869143e-12,1.068768503310976e-10,2.498229808624693e-12,2.0509147570859487e-12,2.521647442204841e-12,-6.783731385831163e-11,2.050914727017599e-12,-1.0242554289587926e-12,2.050914700868149e-12,-1.284727747576174e-13,4.4035745478283283e-10,2.527493510640586e-12,-6.783731385831661e-11,-1.6979840920733602e-09,-6.783731385831415e-11,3.2029176276889736e-12,3.114090358321609e-09,2.050914720109524e-12,1.850374825084667e-12,2.2881569485480093e-12,-6.97099493688479e-11,2.5216474504495517e-12,-6.78373138583239e-11,-6.783731385831938e-11,2.5216474610964995e-12,2.05091472388233e-12,-1.662417012493043e-10,2.4803337735062867e-12,2.5216474572206627e-12,2.0509147416073586e-12,2.5216474533467025e-12,2.5216474555628712e-12,-6.783731385831784e-11,1.6258997300203225e-13,-2.8436903209259914e-09,-2.9567341881787216e-10,2.521647411572139e-12,-1.6135146765229945e-10,2.7353146861348138e-12,1.9814227801041574e-12,2.521647428085641e-12,-2.182199561188355e-10,-8.557765085922175e-13,3.7063469369429206e-10,2.5216474528706637e-12,-1.4156792534982198e-12,-1.1760069945054893e-10,-7.729083509026496e-13,2.5216474498448245e-12,-6.9709949368861e-11,2.521647452411604e-12,-1.6624170124929593e-10,-6.783731385831086e-11,-6.970994936885046e-11,2.0509147416073606e-12,2.050914751015489e-12,2.050914714945763e-12,2.050914756534723e-12,2.050914712584408e-12,-1.2868520273562717e-12,2.050914714945763e-12,1.6258994378665624e-13,2.050914729917242e-12,-2.422895761965644e-10,2.5216474187600314e-12,-1.6624170124932897e-10,2.5216474507584556e-12,5.4783036469473625e-11,2.278064485963374e-12,2.050914772381e-12,-6.783731385827234e-11,-6.78373138582939e-11,2.5216474610553024e-12,3.20291767389073e-12,2.0631093255150436e-12,-3.996708721356256e-10,-1.1760069945053422e-10,4.428466093071995e-09,2.050914729888719e-12,2.5216474318578455e-12,2.521647455212851e-12,-6.783731385829885e-11,2.0509147240031877e-12,2.0509147193025436e-12,2.521647449420689e-12,2.5216474581223946e-12,4.4035745478280574e-10,2.0509147482918697e-12,-4.6462192729010173e-10,-7.729083591807901e-13,2.5216474498448245e-12,2.521647450062167e-12,-8.007929836740927e-13,2.5216474505444605e-12,2.5216474581223946e-12,2.5216474581223946e-12,1.7294823867308923e-10,-7.729082937257679e-13,2.0509147521497436e-12,-7.376791966002503e-11,-7.729083951733687e-13,2.5216474221008773e-12,2.521647457196614e-12,-8.435886321069575e-13,-1.1052891399794033e-12,-7.729082937336578e-13,2.5216474510462433e-12,2.521647452256817e-12,-7.729083965821627e-13,2.5216474596085122e-12,2.050914712582075e-12,-7.729083695228157e-13,-1.1140353458101017e-12,-6.783731385829456e-11,2.050914727017599e-12,1.6258994378665554e-13,-3.5695956803639883e-13,-1.0852758728480919e-12,2.5216474203954317e-12,-6.970994936884008e-11,2.5216474507584556e-12,2.5216474572206627e-12,2.0424726430338922e-12,1.8072543347467716e-12,2.050914730312124e-12,-1.6624170124930984e-10,2.0509147008675514e-12,-7.729082937257679e-13,2.521647457196614e-12,2.050914751015489e-12
2.5431012271986463e-08,-7.729083586552798e-13,-6.78373138584516e-11,2.5216469679183817e-12,2.0509142820179876e-12,2.5216469759593632e-12,-6.783731385826571e-11,-1.2419574087135457e-08,3.31180923854503e-09,-6.783731385828936e-11,-6.970994936880194e-11,2.0631088666047528e-12,1.0687685033117346e-10,2.4982293445448715e-12,2.0509142730339147e-12,2.521646966332574e-12,-6.783731385826333e-11,2.0509142604418396e-12,-1.024255441076172e-12,2.0509142589511203e-12,-1.2847267612656232e-13,4.4035745478282063e-10,2.5274935154261742e-12,-6.783731385826739e-11,-1.6979840920732827e-09,-6.783731385826543e-11,3.2029176563969105e-12,3.114090358321515e-09,2.050914258946703e-12,1.850374406111945e-12,2.2881564931421923e-12,-6.970994936879907e-11,2.5216469636862167e-12,-6.783731385827503e-11,-6.78373138582704e-11,2.521646974220977e-12,2.0509142604444423e-12,-1.662417012493136e-10,2.4803333373597837e-12,2.521646975694074e-12,2.0509142790718004e-12,2.5216469690618757e-12,2.5216469595095657e-12,-6.783731385826905e-11,1.625899517726017e-13,-2.8436903209258723e-09,-2.956734188178798e-10,2.521646952381458e-12,-1.613514676522475e-10,2.7353146855464396e-12,1.981422343130305e-12,2.521646966500552e-12,-2.1821995611885068e-10,-8.557765040617823e-13,3.7063469369431543e-10,2.521646960857347e-12,-1.4156792641983044e-12,-1.1760069945049875e-10,-7.729083383213807e-13,2.521646985517633e-12,-6.970994936881215e-11,2.5216469545888254e-12,-1.662417012493042e-10,-6.783731385826145e-11,-6.970994936880181e-11,2.050914260443173e-12,2.0509142410037378e-12,2.050914271659562e-12,2.0509142828310015e-12,2.0509142820165513e-12,-1.286851999747073e-12,2.0509142820165513e-12,1.6258994166931553e-13,2.0509142694046186e-12,-2.42289576196582e-10,2.521646967869735e-12,-1.662417012493387e-10,2.5216469743745874e-12,5.4783036469518177e-11,2.2780640729833575e-12,2.0509142737796847e-12,-6.783731385822385e-11,-6.783731385824461e-11,2.5216469682695187e-12,3.2029176917605817e-12,2.0631088560775947e-12,-3.996708721355765e-10,-1.1760069945048368e-10,4.428465208245056e-09,2.0509142561399482e-12,2.5216469742210626e-12,2.5216469906350425e-12,-6.783731385824998e-11,2.0509142604441208e-12,2.050914241004427e-12,2.521646994621808e-12,2.52164696880626e-12,4.403574547827941e-10,2.0509142694029945e-12,-4.6462192729002315e-10,-7.72908357942111e-13,2.521646956711775e-12,2.5216470004434966e-12,-8.007929645158648e-13,2.5216469472295642e-12,2.5216469705875994e-12,2.5216469738245656e-12,1.7294823867311022e-10,-7.729083509031747e-13,2.0509142694029945e-12,-7.376791965998005e-11,-7.729083603891486e-13,2.5216469545888132e-12,2.521646968458349e-12,-8.435886720008581e-13,-1.105289211084398e-12,-7.729083603891486e-13,2.5216469678696665e-12,2.521646952038253e-12,-7.729083509031747e-13,2.5216469483021614e-12,2.0509142604441208e-12,-7.729083509031762e-13,-1.1140353190604535e-12,-6.783731385824552e-11,2.0509143147165434e-12,1.6258994549457827e-13,-3.5695947131154775e-13,-1.0852758572021578e-12,2.52164695932669e-12,-6.97099493687916e-11,2.5216469963977223e-12,2.5216469743745874e-12,2.042472232238559e-12,1.8072539219293594e-12,2.0509142787546587e-12,-1.66241701249319e-10,2.0509142828310015e-12,-7.729083579392998e-13,2.521646967015376e-12,2.0509142694084172e-12
9.046139485671967e-08,3.283180191004473e-08,3.311809238545537e-09,5.6617835406408865e-08,3.959415747477271e-11,5.661783540640882e-08,3.3118092385451373e-09,3.31180923854503e-09,-8.436541792298928e-08,3.3118092385453494e-09,3.2960994871677607e-09,4.12835666913928e-11,5.2029599256724684e-09,5.739752202661324e-08,3.959415741809055e-11,5.6617835406408646e-08,3.3118092385450554e-09,3.9594157377009773e-11,4.122573019186271e-08,3.959415741533856e-11,-1.8795922191982045e-11,-1.2179572900861239e-08,-3.476674952335193e-11,3.3118092385450583e-09,2.7414881590547486e-08,3.3118092385450752e-09,-4.509841682590075e-11,-6.725146445834221e-08,3.959415739255496e-11,4.494603009946016e-11,7.15635360296004e-08,3.2960994871676255e-09,5.661783540640875e-08,3.311809238545021e-09,3.3118092385451492e-09,5.661783540640869e-08,3.959415736319414e-11,-4.489283656745373e-09,5.8298496290398036e-08,5.66178354064085e-08,3.9594157412544664e-11,5.661783540640878e-08,5.661783540640875e-08,3.311809238545129e-09,-2.6789048929259274e-11,4.7714393613171084e-08,-2.6963027310502566e-09,5.661783540640865e-08,4.9601908558302674e-09,-3.768795756795818e-11,4.1187108528911355e-11,5.6617835406408626e-08,-4.741427335033484e-09,3.733438080377978e-08,-6.021578316839679e-09,5.661783540640882e-08,5.558564224362009e-08,4.105651216808168e-09,3.28318019100461e-08,5.661783540640856e-08,3.296099487167545e-09,5.661783540640872e-08,-4.48928365674525e-09,3.3118092385451364e-09,3.29609948716749e-09,3.9594157376680045e-11,3.9594157440612705e-11,3.9594157381100996e-11,3.959415741652328e-11,3.959415736319547e-11,5.2347135185398074e-08,3.959415736319544e-11,-2.6789048929259274e-11,3.959415738425278e-11,-4.76723165177666e-09,5.661783540640859e-08,-4.4892836567452906e-09,5.661783540640889e-08,9.563014409551454e-10,6.942121803981799e-08,3.959415749143491e-11,3.3118092385450558e-09,3.3118092385448812e-09,5.661783540640856e-08,-4.509841682588546e-11,4.1283566694937286e-11,7.054137666498993e-09,4.105651216807807e-09,6.94818356529435e-08,3.9594157384252715e-11,5.6617835406408924e-08,5.661783540640882e-08,3.311809238544948e-09,3.9594157391538277e-11,3.9594157491422526e-11,5.6617835406408646e-08,5.661783540640884e-08,-1.2179572900860906e-08,3.959415744061273e-11,1.262079978548186e-08,3.2831801910046255e-08,5.6617835406408865e-08,5.661783540640879e-08,3.493231890604423e-08,5.661783540640861e-08,5.661783540640884e-08,5.6617835406409e-08,-4.117518070088074e-09,3.28318019100463e-08,3.959415742693865e-11,2.764502218629887e-09,3.283180191004622e-08,5.661783540640854e-08,5.6617835406408805e-08,3.484796602162675e-08,4.856004946348505e-08,3.2831801910046413e-08,5.6617835406408924e-08,5.661783540640872e-08,3.2831801910045977e-08,5.6617835406408474e-08,3.959415744061273e-11,3.283180191004608e-08,5.228012608413655e-08,3.311809238544871e-09,3.959415737701031e-11,-2.6789048929258298e-11,-1.825946594817278e-11,4.87925383627262e-08,5.661783540640919e-08,3.2960994871677032e-09,5.661783540640832e-08,5.661783540640856e-08,3.987448723402432e-11,4.82772803804493e-11,3.959415744061288e-11,-4.4892836567453295e-09,3.959415741707997e-11,3.2831801910046116e-08,5.6617835406408845e-08,3.9594157375818956e-11
2.543101178537006e-08,-7.729083699570394e-13,-6.783731385852316e-11,2.521646491505749e-12,2.050913781074346e-12,2.521646499894879e-12,-6.783731385833791e-11,-6.783731385828936e-11,3.3118092385453494e-09,-1.2419574087135457e-08,-6.97099493688735e-11,2.063108409534675e-12,1.0687685033108226e-10,2.4982288634373864e-12,2.0509137643897417e-12,2.5216464945668478e-12,-6.783731385833494e-11,2.0509137575229427e-12,-1.0242554560365057e-12,2.05091376424004e-12,-1.2847277082665423e-13,4.4035745478284203e-10,2.5274936081155116e-12,-6.783731385833923e-11,-1.6979840920734705e-09,-6.78373138583372e-11,3.2029176917607877e-12,3.114090358321795e-09,2.05091373789279e-12,1.850373909008485e-12,2.2881559833947975e-12,-6.970994936887048e-11,2.5216464733482547e-12,-6.783731385834674e-11,-6.783731385834214e-11,2.521646499784548e-12,2.0509137606581846e-12,-1.6624170124932654e-10,2.4803328176484232e-12,2.521646507689584e-12,2.0509137814554927e-12,2.521646471087063e-12,2.5216465036794915e-12,-6.783731385834071e-11,1.62589881756345e-13,-2.8436903209261667e-09,-2.9567341881790235e-10,2.5216465036840733e-12,-1.6135146765232783e-10,2.7353147120551156e-12,1.9814218282940667e-12,2.52164647503585e-12,-2.1821995611886035e-10,-8.557765156035596e-13,3.7063469369429454e-10,2.5216464853480535e-12,-1.4156792389882078e-12,-1.1760069945057475e-10,-7.729084437287303e-13,2.521646491505749e-12,-6.970994936888409e-11,2.5216464881289754e-12,-1.662417012493175e-10,-6.783731385833384e-11,-6.970994936887338e-11,2.050913785079271e-12,2.0509137906633066e-12,2.05091374535921e-12,2.0509137575233288e-12,2.0509137575229427e-12,-1.2868520071934325e-12,2.0509137606569854e-12,1.625899911613771e-13,2.0509138006210523e-12,-2.422895761965907e-10,2.5216464923251924e-12,-1.662417012493516e-10,2.521646525553352e-12,5.478303646945723e-11,2.278063548212918e-12,2.0509137545435685e-12,-6.783731385829548e-11,-6.783731385831686e-11,2.5216464848826913e-12,3.202917632280031e-12,2.063108390761331e-12,-3.996708721356657e-10,-1.176006994505594e-10,4.428464204263485e-09,2.0509137295845487e-12,2.5216464854057587e-12,2.5216464733480895e-12,-6.783731385832208e-11,2.0509137906633066e-12,2.0509137662920733e-12,2.5216464859406376e-12,2.521646499894879e-12,4.4035745478281536e-10,2.0509137850791573e-12,-4.6462192729014805e-10,-7.729083604006857e-13,2.5216464945668478e-12,2.5216464848394647e-12,-8.007930265129585e-13,2.5216464942728832e-12,2.521646503172787e-12,2.521646492026235e-12,1.7294823867308124e-10,-7.729083413294445e-13,2.050913763709395e-12,-7.376791966004788e-11,-7.729083383213807e-13,2.521646491505749e-12,2.5216464881289483e-12,-8.435885911912895e-13,-1.1052892268509483e-12,-7.729083695250454e-13,2.521646508177629e-12,2.5216464848826913e-12,-7.729083509031747e-13,2.5216464915055513e-12,2.050913762415563e-12,-7.729083695228398e-13,-1.1140353368149972e-12,-6.783731385831755e-11,2.0509137645448134e-12,1.6258994591808243e-13,-3.569595667989889e-13,-1.0852758816152588e-12,2.5216465223090545e-12,-6.97099493688634e-11,2.5216464924282313e-12,2.5216465071536125e-12,2.0424717285104815e-12,1.8072534149940012e-12,2.0509137645444507e-12,-1.6624170124933134e-10,2.0509137643836433e-12,-7.729083509031747e-13,2.5216464849378123e-12,2.0509137825111965e-12
2.5422155082403535e-08,-7.695758921220473e-13,-6.970994936903552e-11,2.5163103537931276e-12,2.047373224403416e-12,2.5163103504049813e-12,-6.970994936885051e-11,-6.970994936880194e-11,3.2960994871677607e-09,-6.97099493688735e-11,-1.2423237123451251e-08,2.0577751093239804e-12,9.896518551634532e-11,2.4931095411896062e-12,2.0473732252270908e-12,2.516310319897735e-12,-6.970994936884776e-11,2.047373217933179e-12,-1.0186578977827735e-12,2.04737319660771e-12,-1.084532757142973e-13,4.4029093437211777e-10,2.4972355859112933e-12,-6.970994936885227e-11,-1.6820243236401724e-09,-6.970994936885011e-11,3.1656267532863808e-12,3.0987832510016886e-09,2.04737322005668e-12,1.8468353566158107e-12,2.281748572686527e-12,-7.150476074835205e-11,2.516310359901404e-12,-6.970994936885966e-11,-6.970994936885536e-11,2.516310349157205e-12,2.0473732200549812e-12,-1.5846288381776327e-10,2.4752491802250082e-12,2.5163103586163588e-12,2.0473732279148878e-12,2.516310357806053e-12,2.5163103515357335e-12,-6.970994936885388e-11,1.8285523336027354e-13,-2.8183428579255707e-09,-2.863438981157138e-10,2.5163103451505442e-12,-1.6240269903966935e-10,2.7026499821630642e-12,1.978140680611723e-12,2.51631036005304e-12,-2.0891951032090071e-10,-8.524960254018018e-13,3.666200022539612e-10,2.5163103471284385e-12,-1.4071066180728379e-12,-1.1895985781496453e-10,-7.695759121639104e-13,2.516310349712383e-12,-7.150476074836564e-11,2.516310386418149e-12,-1.5846288381775386e-10,-6.970994936884662e-11,-7.150476074835508e-11,2.047373217233673e-12,2.0473732252271372e-12,2.0473732245110165e-12,2.047373193698525e-12,2.0473732200539622e-12,-2.5553872812096173e-09,2.047373217933187e-12,1.8285519890291081e-13,2.0473732179265716e-12,-2.3236778842878356e-10,2.516310352161614e-12,-1.584628838177877e-10,2.5163103425756453e-12,5.2070962512329635e-11,2.2728662968998895e-12,2.0473732259714855e-12,-6.970994936880852e-11,-6.970994936882975e-11,2.5163103571574787e-12,3.1656267586515118e-12,2.0577751098808e-12,-3.9677473991388356e-10,-1.1895985781495016e-10,4.420675384801448e-09,2.047373215892459e-12,2.5163103611134074e-12,2.5163103582650126e-12,-6.970994936883482e-11,2.047373209068009e-12,2.0473731931292914e-12,2.516310361324598e-12,2.5163103498422856e-12,4.402909343720918e-10,2.0473732344245795e-12,-4.652961052722826e-10,-7.69575891839911e-13,2.5163103564923387e-12,2.5163103562562873e-12,-7.977805541848659e-13,2.5163103504489697e-12,2.5163103562562873e-12,2.516310382784841e-12,1.7205057593449822e-10,-7.695759065839708e-13,2.04737319633728e-12,-7.497288256573933e-11,-7.69575835026549e-13,2.5163103571087954e-12,2.5163103827845515e-12,-8.394784110596461e-13,-1.1011089049685877e-12,-7.69575919504014e-13,2.5163103515345307e-12,2.5163103571535024e-12,-7.695759065826082e-13,2.5163103451511323e-12,2.047373217933179e-12,-7.695759050298254e-13,-1.1113713571616824e-12,-6.970994936883045e-11,2.047373172363513e-12,1.828551617814989e-13,-3.3182196580933937e-13,-1.0817338149484496e-12,2.5163103571535024e-12,-7.150476074834488e-11,2.5163103878834992e-12,2.5163103864177844e-12,2.0388800981497456e-12,1.8018568515669666e-12,2.047373214399086e-12,-1.584628838177688e-10,2.0473731931292914e-12,-7.69575835026549e-13,2.5163103460981063e-12,2.047373217225758e-12
0.9999999886484242,-2.1865534098190218e-11,2.0631044822806965e-12,0.9999999249620364,1.0000001853984488,0.9999999249620367,2.0631093620869143e-12,2.0631088666047528e-12,4.12835666913928e-11,2.063108409534675e-12,2.0577751093239804e-12,1.0000002027921622,1.5771550684423321e-12,0.9999999258280415,1.000000185398447,0.9999999249620354,2.063108233663947e-12,1.0000001853984466,-3.054752163324261e-11,1.0000001853984466,-1.8894440551472965e-09,3.351113339845855e-12,1.0912571782339163e-11,2.0631089579812334e-12,-8.366603190855257e-13,2.063108959115163e-12,1.3267859308883761e-11,4.189150924775867e-11,1.0000001853984466,1.000000198338759,0.9999999542180489,2.0577756641014835e-12,0.9999999249620354,2.063109072968514e-12,2.0631088903213974e-12,0.9999999249620354,1.0000001853984475,2.26899624025608e-12,0.9999999290979751,0.9999999249620362,1.0000001853984475,0.9999999249620367,0.9999999249620359,2.0631091185930746e-12,5.005348623783792e-12,-3.000459274325304e-12,2.050294690952794e-12,0.9999999249620354,1.894477410012848e-12,1.1611208898677307e-11,1.0000001958383924,0.9999999249620359,2.230184121691259e-12,-2.5146399875546904e-11,2.0682733078085926e-12,0.9999999249620354,-3.829757125500878e-11,1.992481704572319e-12,-2.1865531373807775e-11,0.9999999249620357,2.05777527345506e-12,0.999999924962037,2.2689954765770145e-12,2.063108608000741e-12,2.0577756773510558e-12,1.000000185398447,1.0000001853984477,1.000000185398447,1.0000001853984466,1.000000185398447,-4.165825226574207e-11,1.0000001853984477,5.005348639246982e-12,1.000000185398447,1.7927770017882201e-12,0.9999999249620357,2.2689956365388654e-12,0.9999999249620362,1.3744678345364963e-12,0.999999947525273,1.0000001853984473,2.063109538641827e-12,2.0631088902314225e-12,0.9999999249620367,1.3267860252518827e-11,1.000000215143866,1.0257795078545206e-12,1.9924812473269415e-12,0.9999998590110624,1.0000001853984466,0.9999999249620362,0.9999999249620353,2.063108482492489e-12,1.0000001853984473,1.0000001853984477,0.9999999249620362,0.9999999249620362,3.351113160852397e-12,1.0000001853984475,1.1936207008163997e-12,-2.186553164572791e-11,0.9999999249620354,0.9999999249620348,-2.743658088939767e-11,0.9999999249620359,0.9999999249620358,0.9999999249620362,1.6219995574349147e-12,-2.1865531601198572e-11,1.0000001853984477,2.083800576100444e-12,-2.1865531528989915e-11,0.9999999249620354,0.9999999249620354,-2.6926315499735273e-11,-3.691866284202049e-11,-2.1865531574933054e-11,0.9999999249620359,0.9999999249620363,-2.186553148116102e-11,0.9999999249620353,1.0000001853984466,-2.1865531512146566e-11,-4.223260578738653e-11,2.0631089743998985e-12,1.000000185398447,5.005348941911006e-12,3.124212958571008e-12,-4.1534604555883285e-11,0.9999999249620359,2.0577747891612323e-12,0.9999999249620349,0.9999999249620362,1.000000190584534,1.0000002747955106,1.000000185398448,2.2689960288059455e-12,1.0000001853984466,-2.186553165929533e-11,0.9999999249620353,1.0000001853984466
