0.9999999962990556,-2.819005129413747e-06,0.9999991908932968,0.9999991825236021,-2.8274125301550474e-06,0.9999991234991189,0.9999991825236014,0.999999175891275,0.9999992544738993,0.999999190893295,0.9999991908932909,0.9999991825236038,0.9999991666563179,0.9999991908932978,0.9999991908932958,0.9999992082034249,0.9999991908932978,0.9999992145320806,0.9999991908932956,0.9999991908932943,0.9999991908932968,-2.831760042323978e-06,-2.814872042356698e-06,-2.752009530474593e-06,0.9999991908932978,0.9999991825235993,0.9999991908932961,0.9999991666563163,0.9999991758912723,0.9999992082034233,-2.825220729231298e-06,-2.872310884007702e-06,0.9999991908932978,-2.858332338387289e-06,0.9999991908932956,0.9999991783439727,-2.843054969969624e-06,0.9999991009030027,0.9999991908932981,-2.8227321922474725e-06,0.9999991908932978,0.9999991705494468,0.9999991908932981,0.9999991825236022
-2.819005129413747e-06,4.769398996324345e-07,-7.032655336003163e-11,-2.8134561865891176e-10,-2.422095609473555e-10,-2.2833635287688318e-07,-2.8134561865891176e-10,1.926432907036376e-11,-4.133339223040784e-11,-7.032655336242329e-11,-7.032655336231706e-11,-2.8134561879187505e-10,-4.943507046851176e-11,-7.032655336178131e-11,-7.032655336296385e-11,-3.090040196557165e-13,-7.0326553360793e-11,-2.1723291384782384e-10,-7.032655336217574e-11,-7.032655336269674e-11,-7.032655336161874e-11,-2.502760332833467e-10,7.039337332080946e-07,1.2230540094467886e-06,-7.032655336035093e-11,-2.81345618841483e-10,-7.032655336142649e-11,-4.943507048684681e-11,1.926432908323047e-11,-3.0900401875207744e-13,-3.478681875882259e-10,-6.428497648620512e-11,-7.032655336139717e-11,-7.764668629531742e-11,-7.032655336278735e-11,-7.967240864109942e-08,-6.956038585004382e-10,-1.8181434132257162e-07,-7.032655336131399e-11,-3.699881276131909e-10,-7.032655336367793e-11,-2.6360353930911063e-10,-7.032655335993869e-11,-2.813456190946174e-10
0.9999991908932968,-7.032655336003163e-11,0.999998894903675,1.000001224342913,-9.934347997021511e-11,1.0000011702502936,1.0000012243429142,1.0000012266269265,1.000001303415191,1.0000012389661912,1.0000012389661908,1.0000012243429144,1.000001215348764,1.0000012389661914,1.000001238966193,1.0000012583588087,1.0000012389661908,1.0000012582596485,1.0000012389661914,1.00000123896619,1.0000012389661908,-1.016984224252057e-10,-8.414612960160445e-11,-4.8600729276450294e-11,1.0000012389661912,1.000001224342914,1.0000012389661908,1.0000012153487632,1.0000012266269278,1.0000012583588083,-9.982242014196035e-11,-1.1932665505585044e-10,1.0000012389661914,-1.1244974900445446e-10,1.0000012389661912,1.0000012273121481,-1.1396390304918131e-10,1.0000011483490592,1.0000012389661912,-9.890343405549955e-11,1.0000012389661914,1.0000012128944367,1.0000012389661914,1.0000012243429133
0.9999991825236021,-2.8134561865891176e-10,1.000001224342913,0.9999989279668636,-6.336610026124943e-11,1.0000011687963777,1.0000012720295077,1.0000011855367599,1.000001280213603,1.000001224342912,1.0000012243429108,1.000001272029508,1.000001194556082,1.0000012243429117,1.0000012243429126,1.0000012230484538,1.000001224342912,1.000001287001393,1.0000012243429126,1.0000012243429115,1.000001224342911,-6.44399474295595e-11,-1.3679165649457075e-10,-2.7835404636003603e-07,1.000001224342911,1.0000012720295084,1.000001224342912,1.0000011945560816,1.000001185536761,1.0000012230484534,-4.812459969960456e-11,-1.0972126579338369e-10,1.000001224342911,-1.0093022455611127e-10,1.000001224342913,1.0000012037643866,-1.0631041156983432e-11,1.00000113997934,1.0000012243429113,-4.391176434211753e-11,1.000001224342912,1.0000012553425266,1.0000012243429117,1.0000012720295086
-2.8274125301550474e-06,-2.422095609473555e-10,-9.934347997021511e-11,-6.336610026124943e-11,-2.2632275169841604e-06,-9.172076209655871e-11,-6.336610028131059e-11,-1.1477602663598642e-10,-1.0454197434141492e-10,-9.934348005467066e-11,-9.934347992830817e-11,-6.336610029486622e-11,-1.0291044712714203e-10,-9.934347992923591e-11,-9.934347993725616e-11,-1.11438472517386e-10,-9.934347993725616e-11,-7.447372208017772e-11,-9.934347993038104e-11,-9.934347994890454e-11,-9.934347993038104e-11,4.435042067261141e-11,-6.001503703707826e-11,-1.052835975804163e-10,-9.934347994219462e-11,-6.336610030666482e-11,-9.93434799624299e-11,-1.0291044721718252e-10,-1.1477602656622882e-10,-1.1143847252198468e-10,5.93915184797755e-11,1.2347067200726943e-11,-9.934347994219462e-11,1.264316081852665e-11,-9.934348002081897e-11,-1.04481577723498e-10,1.1724121044623505e-10,-1.9022198695922045e-07,-9.934347998895852e-11,6.334397948264904e-11,-9.934347993790581e-11,-6.638263212846578e-11,-9.934347991268731e-11,-6.336610026314105e-11
0.9999991234991189,-2.2833635287688318e-07,1.0000011702502936,1.0000011687963777,-9.172076209655871e-11,0.9999987602537443,1.0000011687963777,1.000001152324651,1.0000012329007508,1.0000011702502936,1.000001170250293,1.0000011687963786,1.0000011453290665,1.0000011702502944,1.0000011702502947,1.000001185278215,1.0000011702502936,1.0000011987176933,1.0000011702502944,1.000001170250292,1.0000011702502933,-1.86500165678838e-07,-9.528763959214488e-11,-1.3496737014337156e-07,1.0000011702502933,1.0000011687963803,1.0000011702502936,1.0000011453290647,1.0000011523246501,1.0000011852782136,-8.890184288880704e-11,-2.3312323099565399e-07,1.0000011702502931,-1.0999792813820871e-10,1.0000011702502947,1.0000011567091256,-1.8296058034490536e-07,1.000001080954918,1.0000011702502936,-8.72916452477854e-11,1.0000011702502944,1.0000011562401105,1.0000011702502944,1.0000011687963786
0.9999991825236014,-2.8134561865891176e-10,1.0000012243429142,1.0000012720295077,-6.336610028131059e-11,1.0000011687963777,0.9999989279668693,1.000001185536761,1.0000012802136031,1.0000012243429122,1.0000012243429115,1.0000012720295068,1.0000011945560827,1.000001224342912,1.0000012243429126,1.0000012230484543,1.0000012243429124,1.0000012870013943,1.000001224342913,1.0000012243429117,1.0000012243429115,-6.44399474373163e-11,-1.3679165643588699e-10,-2.7835404636003343e-07,1.000001224342912,1.000001272029509,1.0000012243429122,1.0000011945560812,1.000001185536762,1.0000012230484538,-4.812459971058741e-11,-1.0972126578297723e-10,1.000001224342912,-1.0093022454207138e-10,1.0000012243429126,1.000001203764387,-1.0631041141749452e-11,1.0000011399793398,1.000001224342912,-4.3911764368180873e-11,1.000001224342912,1.000001255342527,1.000001224342913,1.000001272029509
0.999999175891275,1.926432907036376e-11,1.0000012266269265,1.0000011855367599,-1.1477602663598642e-10,1.000001152324651,1.000001185536761,0.9999988813773261,1.000001294588166,1.0000012266269263,1.0000012266269258,1.000001185536762,1.0000012056264145,1.0000012266269254,1.000001226626927,1.0000012547177237,1.000001226626927,1.0000012274013916,1.0000012266269274,1.000001226626927,1.0000012266269258,-1.1706088368116396e-10,-6.170347041770705e-11,-9.827225425916838e-12,1.0000012266269258,1.0000011855367625,1.000001226626928,1.0000012056264151,1.0000012254399304,1.0000012547177235,-1.2178066942280185e-10,-2.4443627412610655e-07,1.000001226626926,-2.334488153543474e-07,1.0000012266269274,1.0000012187714087,-1.5820656360139466e-10,1.0000011333470575,1.0000012266269258,-1.222125249689567e-10,1.0000012266269271,1.0000011763168932,1.0000012266269274,1.0000011855367625
0.9999992544738993,-4.133339223040784e-11,1.000001303415191,1.000001280213603,-1.0454197434141492e-10,1.0000012329007508,1.0000012802136031,1.000001294588166,0.9999990247759871,1.0000013034151893,1.000001303415189,1.0000012802136036,1.0000012806425533,1.00000130341519,1.0000013034151918,1.0000013255250033,1.0000013034151891,1.0000013165918897,1.0000013034151911,1.0000013034151902,1.0000013034151887,-1.0613136151894962e-10,-7.674821405097441e-11,-3.614154938833254e-11,1.0000013034151902,1.0000012802136033,1.00000130341519,1.0000012806425527,1.0000012945881664,1.0000013255250035,-2.1242490993708053e-07,-2.38572282278494e-07,1.000001303415191,-1.1427785108776519e-10,1.0000013034151907,1.0000012930021893,-1.287417009397867e-10,1.00000121192962,1.0000013034151904,-1.0637525128516151e-10,1.0000013034151913,1.00000126949274,1.0000013034151913,1.0000012802136051
0.999999190893295,-7.032655336242329e-11,1.0000012389661912,1.000001224342912,-9.934348005467066e-11,1.0000011702502936,1.0000012243429122,1.0000012266269263,1.0000013034151893,0.9999988949036714,1.00000123896619,1.0000012243429135,1.0000012153487632,1.00000123896619,1.0000012389661908,1.0000012583588092,1.0000012389661905,1.0000012582596485,1.000001238966191,1.0000012389661888,1.0000012389661888,-1.0169842242524196e-10,-8.414612954035525e-11,-4.8600729146020817e-11,1.00000123896619,1.000001224342912,1.00000123896619,1.000001215348763,1.0000012266269267,1.0000012583588078,-9.982242008000991e-11,-1.193266551686811e-10,1.0000012389661899,-1.1244974887803868e-10,1.0000012389661923,1.000001227312147,-1.1396390303086947e-10,1.0000011483490556,1.000001238966189,-9.890343401684328e-11,1.0000012389661905,1.0000012128944342,1.0000012389661908,1.0000012243429133
0.9999991908932909,-7.032655336231706e-11,1.0000012389661908,1.0000012243429108,-9.934347992830817e-11,1.000001170250293,1.0000012243429115,1.0000012266269258,1.000001303415189,1.00000123896619,0.9999988949036696,1.000001224342912,1.000001215348763,1.0000012389661888,1.0000012389661905,1.0000012583588078,1.0000012389661888,1.000001258259647,1.0000012389661908,1.0000012389661888,1.0000012389661888,-1.0169842242528912e-10,-8.414612950867997e-11,-4.86007291760677e-11,1.00000123896619,1.000001224342914,1.0000012389661888,1.0000012153487625,1.0000012266269263,1.0000012583588078,-9.982242006620708e-11,-1.193266549940605e-10,1.00000123896619,-1.1244974896481047e-10,1.0000012389661903,1.000001227312147,-1.139639030229e-10,1.000001148349056,1.0000012389661888,-9.890343402911034e-11,1.0000012389661888,1.0000012128944336,1.0000012389661908,1.0000012243429126
0.9999991825236038,-2.8134561879187505e-10,1.0000012243429144,1.000001272029508,-6.336610029486622e-11,1.0000011687963786,1.0000012720295068,1.000001185536762,1.0000012802136036,1.0000012243429135,1.000001224342912,0.9999989279668597,1.0000011945560827,1.000001224342913,1.0000012243429133,1.0000012230484556,1.000001224342913,1.0000012870013952,1.0000012243429133,1.0000012243429124,1.000001224342912,-6.443994740354318e-11,-1.3679165640159906e-10,-2.7835404636003206e-07,1.000001224342912,1.0000012720295095,1.0000012243429133,1.0000011945560836,1.0000011855367636,1.000001223048455,-4.812459970853719e-11,-1.0972126577092051e-10,1.0000012243429126,-1.0093022454967623e-10,1.0000012243429155,1.0000012037643873,-1.0631041125165301e-11,1.0000011399793411,1.0000012243429122,-4.3911764340727744e-11,1.000001224342913,1.000001255342528,1.0000012243429133,1.0000012720295104
0.9999991666563179,-4.943507046851176e-11,1.000001215348764,1.000001194556082,-1.0291044712714203e-10,1.0000011453290665,1.0000011945560827,1.0000012056264145,1.0000012806425533,1.0000012153487632,1.000001215348763,1.0000011945560827,0.9999988482794783,1.0000012153487632,1.0000012153487647,1.0000012367861058,1.0000012153487623,1.0000012303446688,1.0000012153487643,1.000001215348761,1.0000012153487625,-1.0536973299453221e-10,-7.893198358416619e-11,-3.9544874351508084e-11,1.0000012153487636,1.0000011945560816,1.0000012153487632,1.0000011923419954,1.0000012056264176,1.0000012367861044,-1.0494224237172838e-10,-1.2026332636244656e-10,1.0000012153487636,-2.2569832157187378e-07,1.0000012153487652,1.000001204578605,-1.2420719500871165e-10,1.0000011241120979,1.0000012153487643,-1.0434763573365308e-10,1.0000012153487643,1.0000011836263525,1.0000012153487643,1.0000011945560823
0.9999991908932978,-7.032655336178131e-11,1.0000012389661914,1.0000012243429117,-9.934347992923591e-11,1.0000011702502944,1.000001224342912,1.0000012266269254,1.00000130341519,1.00000123896619,1.0000012389661888,1.000001224342913,1.0000012153487632,0.999998894903673,1.0000012389661914,1.0000012583588078,1.0000012389661885,1.0000012582596487,1.0000012389661912,1.0000012389661888,1.0000012389661888,-1.0169842242529942e-10,-8.414612956953546e-11,-4.860072917604354e-11,1.0000012389661896,1.0000012243429148,1.0000012389661899,1.000001215348764,1.0000012266269265,1.000001258358808,-9.982242012914299e-11,-1.1932665502473702e-10,1.00000123896619,-1.124497488902943e-10,1.0000012389661914,1.0000012273121468,-1.1396390298693804e-10,1.0000011483490572,1.000001238966191,-9.890343397119567e-11,1.0000012389661912,1.0000012128944362,1.0000012389661914,1.000001224342915
0.9999991908932958,-7.032655336296385e-11,1.000001238966193,1.0000012243429126,-9.934347993725616e-11,1.0000011702502947,1.0000012243429126,1.000001226626927,1.0000013034151918,1.0000012389661908,1.0000012389661905,1.0000012243429133,1.0000012153487647,1.0000012389661914,0.9999988949036719,1.0000012583588087,1.0000012389661908,1.0000012582596485,1.0000012389661923,1.0000012389661912,1.0000012389661903,-1.016984224254131e-10,-8.414612953976766e-11,-4.8600729227748025e-11,1.0000012389661908,1.0000012243429155,1.0000012389661908,1.0000012153487645,1.0000012266269285,1.000001258358809,-9.98224200580921e-11,-1.1932665511584998e-10,1.000001238966191,-1.1244974880556189e-10,1.0000012389661928,1.000001227312147,-1.1396390303758031e-10,1.0000011483490587,1.0000012389661908,-9.890343397714848e-11,1.0000012389661914,1.0000012128944367,1.0000012389661923,1.0000012243429144
0.9999992082034249,-3.090040196557165e-13,1.0000012583588087,1.0000012230484538,-1.11438472517386e-10,1.000001185278215,1.0000012230484543,1.0000012547177237,1.0000013255250033,1.0000012583588092,1.0000012583588078,1.0000012230484556,1.0000012367861058,1.0000012583588078,1.0000012583588087,0.9999989404690265,1.0000012583588092,1.0000012631567587,1.0000012583588087,1.0000012583588072,1.0000012583588076,-1.1360883369059072e-10,-6.658604713690776e-11,-1.8313689921787905e-11,1.0000012583588083,1.000001223048455,1.0000012583588083,1.000001236786103,1.0000012547177244,1.000001284531602,-1.169840429221824e-10,-2.426723028462681e-07,1.0000012583588083,-1.164272045829729e-10,1.0000012583588087,1.0000012496754354,-1.4861973809469974e-10,1.0000011656591818,1.0000012583588076,-1.1711068635454033e-10,1.0000012583588078,1.0000012133426965,1.0000012583588078,1.0000012230484556
0.9999991908932978,-7.0326553360793e-11,1.0000012389661908,1.000001224342912,-9.934347993725616e-11,1.0000011702502936,1.0000012243429124,1.000001226626927,1.0000013034151891,1.0000012389661905,1.0000012389661888,1.000001224342913,1.0000012153487623,1.0000012389661885,1.0000012389661908,1.0000012583588092,0.9999988949036699,1.0000012582596487,1.00000123896619,1.00000123896619,1.0000012389661885,-1.0169842242543542e-10,-8.41461295844792e-11,-4.860072920223259e-11,1.0000012389661896,1.0000012243429122,1.0000012389661905,1.0000012153487623,1.0000012266269265,1.0000012583588078,-9.982242009843204e-11,-1.193266550607256e-10,1.0000012389661903,-1.1244974892281445e-10,1.0000012389661923,1.0000012273121475,-1.1396390303086947e-10,1.000001148349056,1.0000012389661876,-9.890343400347936e-11,1.00000123896619,1.0000012128944347,1.00000123896619,1.0000012243429142
0.9999992145320806,-2.1723291384782384e-10,1.0000012582596485,1.000001287001393,-7.447372208017772e-11,1.0000011987176933,1.0000012870013943,1.0000012274013916,1.0000013165918897,1.0000012582596485,1.000001258259647,1.0000012870013952,1.0000012303446688,1.0000012582596487,1.0000012582596485,1.0000012631567587,1.0000012582596487,0.9999989635612396,1.0000012582596496,1.0000012582596474,1.0000012582596465,-7.525469110114163e-11,-1.2069258595502485e-10,-2.232825255661409e-07,1.0000012582596476,1.0000012870013941,1.0000012582596485,1.0000012303446688,1.0000012274013927,1.0000012631567579,-6.383931558523587e-11,-2.2296661259085245e-07,1.000001258259648,-1.0460408416594857e-10,1.0000012582596498,1.0000012404032028,-4.2439783594410646e-11,1.000001171987807,1.000001258259648,-6.057429782080872e-11,1.0000012582596491,1.0000012719111315,1.0000012582596491,1.0000012870013955
0.9999991908932956,-7.032655336217574e-11,1.0000012389661914,1.0000012243429126,-9.934347993038104e-11,1.0000011702502944,1.000001224342913,1.0000012266269274,1.0000013034151911,1.000001238966191,1.0000012389661908,1.0000012243429133,1.0000012153487643,1.0000012389661912,1.0000012389661923,1.0000012583588087,1.00000123896619,1.0000012582596496,0.9999988949036738,1.0000012389661896,1.00000123896619,-1.0169842242536963e-10,-8.414612955503266e-11,-4.860072923560621e-11,1.0000012389661912,1.0000012243429155,1.00000123896619,1.000001215348764,1.0000012266269265,1.0000012583588083,-9.982242002897642e-11,-1.1932665516222894e-10,1.0000012389661919,-1.1244974885776041e-10,1.0000012389661914,1.0000012273121475,-1.1396390304900171e-10,1.000001148349059,1.0000012389661912,-9.890343399897463e-11,1.000001238966192,1.0000012128944367,1.0000012389661925,1.0000012243429157
0.9999991908932943,-7.032655336269674e-11,1.00000123896619,1.0000012243429115,-9.934347994890454e-11,1.000001170250292,1.0000012243429117,1.000001226626927,1.0000013034151902,1.0000012389661888,1.0000012389661888,1.0000012243429124,1.000001215348761,1.0000012389661888,1.0000012389661912,1.0000012583588072,1.00000123896619,1.0000012582596474,1.0000012389661896,0.9999988949036701,1.0000012389661885,-1.0169842242524359e-10,-8.414612954968809e-11,-4.8600729225533986e-11,1.0000012389661888,1.0000012243429117,1.0000012389661896,1.0000012153487607,1.0000012266269247,1.0000012583588072,-9.982242005711491e-11,-1.193266550182457e-10,1.0000012389661892,-1.1244974883508521e-10,1.0000012389661912,1.0000012273121444,-1.1396390303308932e-10,1.0000011483490565,1.0000012389661885,-9.890343406600862e-11,1.000001238966189,1.0000012128944353,1.0000012389661892,1.0000012243429124
0.9999991908932968,-7.032655336161874e-11,1.0000012389661908,1.000001224342911,-9.934347993038104e-11,1.0000011702502933,1.0000012243429115,1.0000012266269258,1.0000013034151887,1.0000012389661888,1.0000012389661888,1.000001224342912,1.0000012153487625,1.0000012389661888,1.0000012389661903,1.0000012583588076,1.0000012389661885,1.0000012582596465,1.00000123896619,1.0000012389661885,0.9999988949036711,-1.0169842242522582e-10,-8.414612956227343e-11,-4.860072929504283e-11,1.0000012389661888,1.0000012243429142,1.0000012389661888,1.000001215348762,1.0000012266269263,1.0000012583588076,-9.982242000867054e-11,-1.193266549922197e-10,1.00000123896619,-1.1244974900000776e-10,1.0000012389661905,1.0000012273121464,-1.139639029895295e-10,1.000001148349056,1.0000012389661888,-9.890343395852964e-11,1.0000012389661888,1.0000012128944336,1.0000012389661896,1.0000012243429128
-2.831760042323978e-06,-2.502760332833467e-10,-1.016984224252057e-10,-6.44399474295595e-11,4.435042067261141e-11,-1.86500165678838e-07,-6.44399474373163e-11,-1.1706088368116396e-10,-1.0613136151894962e-10,-1.0169842242524196e-10,-1.0169842242528912e-10,-6.443994740354318e-11,-1.0536973299453221e-10,-1.0169842242529942e-10,-1.016984224254131e-10,-1.1360883369059072e-10,-1.0169842242543542e-10,-7.525469110114163e-11,-1.0169842242536963e-10,-1.0169842242524359e-10,-1.0169842242522582e-10,-2.2656466645703723e-06,-6.345438357623291e-11,-1.0775785594551286e-10,-1.0169842242522133e-10,-6.443994738794427e-11,-1.0169842242533072e-10,-1.0536973306741001e-10,-1.1706088346317279e-10,-1.1360883397512877e-10,6.134931155973033e-11,1.4846366521607751e-08,-1.0169842242544885e-10,1.530465010945697e-11,-1.016984224252941e-10,-1.0707615066495724e-10,1.2645594676113135e-10,-1.9456951264374025e-07,-1.0169842242534528e-10,6.475844156769902e-11,-1.0169842242529751e-10,-6.75920142201942e-11,-1.016984224254515e-10,-6.443994740513642e-11
-2.814872042356698e-06,7.039337332080946e-07,-8.414612960160445e-11,-1.3679165649457075e-10,-6.001503703707826e-11,-9.528763959214488e-11,-1.3679165643588699e-10,-6.170347041770705e-11,-7.674821405097441e-11,-8.414612954035525e-11,-8.414612950867997e-11,-1.3679165640159906e-10,-7.893198358416619e-11,-8.414612956953546e-11,-8.414612953976766e-11,-6.658604713690776e-11,-8.41461295844792e-11,-1.2069258595502485e-10,-8.414612955503266e-11,-8.414612954968809e-11,-8.414612956227343e-11,-6.345438357623291e-11,-2.1690413503884355e-06,1.5377658760866386e-10,-8.414612962909757e-11,-1.3679165652654115e-10,-8.414612951674035e-11,-7.893198359265978e-11,-6.17034704213516e-11,-6.658604714065834e-11,-1.726358023974478e-07,-1.688237317091207e-11,-8.41461295411847e-11,-1.898628939482899e-11,-8.414612951834028e-11,-7.661519648218434e-11,-1.7266605960684037e-10,-1.7768142733011722e-07,-8.414612963089208e-11,-1.8382597944124283e-07,-8.414612956296435e-11,-1.3237173150004593e-10,-8.414612955563466e-11,-1.3679165649149829e-10
-2.752009530474593e-06,1.2230540094467886e-06,-4.8600729276450294e-11,-2.7835404636003603e-07,-1.052835975804163e-10,-1.3496737014337156e-07,-2.7835404636003343e-07,-9.827225425916838e-12,-3.614154938833254e-11,-4.8600729146020817e-11,-4.86007291760677e-11,-2.7835404636003206e-07,-3.9544874351508084e-11,-4.860072917604354e-11,-4.8600729227748025e-11,-1.8313689921787905e-11,-4.860072920223259e-11,-2.232825255661409e-07,-4.860072923560621e-11,-4.8600729225533986e-11,-4.860072929504283e-11,-1.0775785594551286e-10,1.5377658760866386e-10,-1.814049639136288e-06,-4.8600729173099194e-11,-2.783540463600323e-07,-4.860072923560621e-11,-3.954487426316828e-11,-9.827225411894373e-12,-1.8313689960798457e-11,-1.5081555874452992e-10,-2.7247533807803817e-11,-4.860072915956837e-11,-3.392846396565931e-11,-4.8600729227748025e-11,-7.050848314834929e-08,-3.022073845236324e-10,-1.1481922270510607e-07,-4.860072927760261e-11,-1.603260465608937e-10,-4.860072917604354e-11,-2.6306270284944756e-07,-4.860072927760261e-11,-2.7835404636003253e-07
0.9999991908932978,-7.032655336035093e-11,1.0000012389661912,1.000001224342911,-9.934347994219462e-11,1.0000011702502933,1.000001224342912,1.0000012266269258,1.0000013034151902,1.00000123896619,1.00000123896619,1.000001224342912,1.0000012153487636,1.0000012389661896,1.0000012389661908,1.0000012583588083,1.0000012389661896,1.0000012582596476,1.0000012389661912,1.0000012389661888,1.0000012389661888,-1.0169842242522133e-10,-8.414612962909757e-11,-4.8600729173099194e-11,0.999998894903673,1.0000012243429144,1.0000012389661896,1.0000012153487625,1.0000012266269271,1.0000012583588078,-9.982242008000991e-11,-1.1932665512509497e-10,1.00000123896619,-1.1244974892653812e-10,1.0000012389661912,1.0000012273121464,-1.1396390305174628e-10,1.0000011483490572,1.0000012389661888,-9.890343399772047e-11,1.00000123896619,1.000001212894435,1.00000123896619,1.0000012243429137
0.9999991825235993,-2.81345618841483e-10,1.000001224342914,1.0000012720295084,-6.336610030666482e-11,1.0000011687963803,1.000001272029509,1.0000011855367625,1.0000012802136033,1.000001224342912,1.000001224342914,1.0000012720295095,1.0000011945560816,1.0000012243429148,1.0000012243429155,1.000001223048455,1.0000012243429122,1.0000012870013941,1.0000012243429155,1.0000012243429117,1.0000012243429142,-6.443994738794427e-11,-1.3679165652654115e-10,-2.783540463600323e-07,1.0000012243429144,0.9999989279668665,1.0000012243429122,1.0000011945560816,1.0000011855367605,1.0000012230484556,-4.812459970600653e-11,-1.097212658156421e-10,1.0000012243429144,-1.0093022455436134e-10,1.0000012243429142,1.0000012037643877,-1.063104113200075e-11,1.0000011399793411,1.0000012243429144,-4.3911764384739414e-11,1.0000012243429144,1.0000012553425275,1.0000012243429155,1.000001272029509
0.9999991908932961,-7.032655336142649e-11,1.0000012389661908,1.000001224342912,-9.93434799624299e-11,1.0000011702502936,1.0000012243429122,1.000001226626928,1.00000130341519,1.00000123896619,1.0000012389661888,1.0000012243429133,1.0000012153487632,1.0000012389661899,1.0000012389661908,1.0000012583588083,1.0000012389661905,1.0000012582596485,1.00000123896619,1.0000012389661896,1.0000012389661888,-1.0169842242533072e-10,-8.414612951674035e-11,-4.860072923560621e-11,1.0000012389661896,1.0000012243429122,0.9999988949036714,1.0000012153487625,1.0000012266269265,1.0000012583588072,-9.982242006620708e-11,-1.1932665515418016e-10,1.0000012389661903,-1.1244974889018797e-10,1.0000012389661923,1.0000012273121481,-1.139639030092368e-10,1.0000011483490556,1.0000012389661888,-9.890343401634181e-11,1.00000123896619,1.0000012128944344,1.00000123896619,1.0000012243429133
0.9999991666563163,-4.943507048684681e-11,1.0000012153487632,1.0000011945560816,-1.0291044721718252e-10,1.0000011453290647,1.0000011945560812,1.0000012056264151,1.0000012806425527,1.000001215348763,1.0000012153487625,1.0000011945560836,1.0000011923419954,1.000001215348764,1.0000012153487645,1.000001236786103,1.0000012153487623,1.0000012303446688,1.000001215348764,1.0000012153487607,1.000001215348762,-1.0536973306741001e-10,-7.893198359265978e-11,-3.954487426316828e-11,1.0000012153487625,1.0000011945560816,1.0000012153487625,0.9999988482794789,1.000001205626416,1.0000012367861029,-1.0494224235351209e-10,-1.202633264165109e-10,1.0000012153487623,-2.2569832157187338e-07,1.000001215348765,1.0000012045786044,-1.2420719498081424e-10,1.0000011241120974,1.0000012153487632,-1.0434763566461574e-10,1.000001215348764,1.0000011836263514,1.000001215348764,1.0000011945560832
0.9999991758912723,1.926432908323047e-11,1.0000012266269278,1.000001185536761,-1.1477602656622882e-10,1.0000011523246501,1.000001185536762,1.0000012254399304,1.0000012945881664,1.0000012266269267,1.0000012266269263,1.0000011855367636,1.0000012056264176,1.0000012266269265,1.0000012266269285,1.0000012547177244,1.0000012266269265,1.0000012274013927,1.0000012266269265,1.0000012266269247,1.0000012266269263,-1.1706088346317279e-10,-6.17034704213516e-11,-9.827225411894373e-12,1.0000012266269271,1.0000011855367605,1.0000012266269265,1.000001205626416,0.9999988813773308,1.0000012547177237,-1.2178066942460337e-10,-2.4443627412610644e-07,1.000001226626927,-2.3344881535434793e-07,1.0000012266269285,1.0000012187714094,-1.5820656365287244e-10,1.0000011333470589,1.0000012266269263,-1.2221252498322968e-10,1.0000012266269265,1.0000011763168928,1.0000012266269265,1.000001185536762
0.9999992082034233,-3.0900401875207744e-13,1.0000012583588083,1.0000012230484534,-1.1143847252198468e-10,1.0000011852782136,1.0000012230484538,1.0000012547177235,1.0000013255250035,1.0000012583588078,1.0000012583588078,1.000001223048455,1.0000012367861044,1.000001258358808,1.000001258358809,1.000001284531602,1.0000012583588078,1.0000012631567579,1.0000012583588083,1.0000012583588072,1.0000012583588076,-1.1360883397512877e-10,-6.658604714065834e-11,-1.8313689960798457e-11,1.0000012583588078,1.0000012230484556,1.0000012583588072,1.0000012367861029,1.0000012547177237,0.9999989404690257,-1.1698404288637817e-10,-2.4267230284626863e-07,1.0000012583588078,-1.1642720456422728e-10,1.0000012583588083,1.0000012496754347,-1.4861973787950857e-10,1.0000011656591816,1.000001258358808,-1.1711068641248495e-10,1.0000012583588083,1.0000012133426968,1.000001258358808,1.000001223048457
-2.825220729231298e-06,-3.478681875882259e-10,-9.982242014196035e-11,-4.812459969960456e-11,5.93915184797755e-11,-8.890184288880704e-11,-4.812459971058741e-11,-1.2178066942280185e-10,-2.1242490993708053e-07,-9.982242008000991e-11,-9.982242006620708e-11,-4.812459970853719e-11,-1.0494224237172838e-10,-9.982242012914299e-11,-9.98224200580921e-11,-1.169840429221824e-10,-9.982242009843204e-11,-6.383931558523587e-11,-9.982242002897642e-11,-9.982242005711491e-11,-9.982242000867054e-11,6.134931155973033e-11,-1.726358023974478e-07,-1.5081555874452992e-10,-9.982242008000991e-11,-4.812459970600653e-11,-9.982242006620708e-11,-1.0494224235351209e-10,-1.2178066942460337e-10,-1.1698404288637817e-10,-2.17488705229274e-06,1.5767444353918e-11,-9.982242016538356e-11,1.9049129515645982e-11,-9.982242006275298e-11,-1.0722878528680063e-10,1.7047382347189506e-10,-1.8803022552478476e-07,-9.982242009093942e-11,1.7993799189856881e-07,-9.982242002897642e-11,-5.247310403056947e-11,-9.982242002897642e-11,-4.812459971862751e-11
-2.872310884007702e-06,-6.428497648620512e-11,-1.1932665505585044e-10,-1.0972126579338369e-10,1.2347067200726943e-11,-2.3312323099565399e-07,-1.0972126578297723e-10,-2.4443627412610655e-07,-2.38572282278494e-07,-1.193266551686811e-10,-1.193266549940605e-10,-1.0972126577092051e-10,-1.2026332636244656e-10,-1.1932665502473702e-10,-1.1932665511584998e-10,-2.426723028462681e-07,-1.193266550607256e-10,-2.2296661259085245e-07,-1.1932665516222894e-10,-1.193266550182457e-10,-1.193266549922197e-10,1.4846366521607751e-08,-1.688237317091207e-11,-2.7247533807803817e-11,-1.1932665512509497e-10,-1.097212658156421e-10,-1.1932665515418016e-10,-1.202633264165109e-10,-2.4443627412610644e-07,-2.4267230284626863e-07,1.5767444353918e-11,-2.344647242758106e-06,-1.193266551715719e-10,4.862265097050645e-12,-1.1932665502473702e-10,-1.2073647632270536e-10,3.46907735083224e-11,-2.351203129008827e-07,-1.1932665505284503e-10,1.6361554179310485e-11,-1.193266551715719e-10,-1.1054520575591089e-10,-1.1932665505234477e-10,-1.0972126574184142e-10
0.9999991908932978,-7.032655336139717e-11,1.0000012389661914,1.000001224342911,-9.934347994219462e-11,1.0000011702502931,1.000001224342912,1.000001226626926,1.000001303415191,1.0000012389661899,1.00000123896619,1.0000012243429126,1.0000012153487636,1.00000123896619,1.000001238966191,1.0000012583588083,1.0000012389661903,1.000001258259648,1.0000012389661919,1.0000012389661892,1.00000123896619,-1.0169842242544885e-10,-8.41461295411847e-11,-4.860072915956837e-11,1.00000123896619,1.0000012243429144,1.0000012389661903,1.0000012153487623,1.000001226626927,1.0000012583588078,-9.982242016538356e-11,-1.193266551715719e-10,0.9999988949036711,-1.1244974895390698e-10,1.0000012389661914,1.0000012273121468,-1.1396390298835247e-10,1.0000011483490572,1.0000012389661888,-9.890343400138878e-11,1.00000123896619,1.000001212894435,1.0000012389661919,1.0000012243429133
-2.858332338387289e-06,-7.764668629531742e-11,-1.1244974900445446e-10,-1.0093022455611127e-10,1.264316081852665e-11,-1.0999792813820871e-10,-1.0093022454207138e-10,-2.334488153543474e-07,-1.1427785108776519e-10,-1.1244974887803868e-10,-1.1244974896481047e-10,-1.0093022454967623e-10,-2.2569832157187378e-07,-1.124497488902943e-10,-1.1244974880556189e-10,-1.164272045829729e-10,-1.1244974892281445e-10,-1.0460408416594857e-10,-1.1244974885776041e-10,-1.1244974883508521e-10,-1.1244974900000776e-10,1.530465010945697e-11,-1.898628939482899e-11,-3.392846396565931e-11,-1.1244974892653812e-10,-1.0093022455436134e-10,-1.1244974889018797e-10,-2.2569832157187338e-07,-2.3344881535434793e-07,-1.1642720456422728e-10,1.9049129515645982e-11,4.862265097050645e-12,-1.1244974895390698e-10,-2.3367757760019478e-06,-1.1244974887361223e-10,-1.1408512392674593e-10,3.667175653981966e-11,-2.2114177070091682e-07,-1.1244974888649057e-10,2.0432019417052073e-11,-1.1244974893066862e-10,-2.0244305182407323e-07,-1.1244974896537427e-10,-1.009302245561569e-10
0.9999991908932956,-7.032655336278735e-11,1.0000012389661912,1.000001224342913,-9.934348002081897e-11,1.0000011702502947,1.0000012243429126,1.0000012266269274,1.0000013034151907,1.0000012389661923,1.0000012389661903,1.0000012243429155,1.0000012153487652,1.0000012389661914,1.0000012389661928,1.0000012583588087,1.0000012389661923,1.0000012582596498,1.0000012389661914,1.0000012389661912,1.0000012389661905,-1.016984224252941e-10,-8.414612951834028e-11,-4.8600729227748025e-11,1.0000012389661912,1.0000012243429142,1.0000012389661923,1.000001215348765,1.0000012266269285,1.0000012583588083,-9.982242006275298e-11,-1.1932665502473702e-10,1.0000012389661914,-1.1244974887361223e-10,0.9999988949036703,1.0000012273121472,-1.1396390306380803e-10,1.0000011483490583,1.0000012389661912,-9.890343400607332e-11,1.000001238966191,1.0000012128944364,1.0000012389661914,1.0000012243429153
0.9999991783439727,-7.967240864109942e-08,1.0000012273121481,1.0000012037643866,-1.04481577723498e-10,1.0000011567091256,1.000001203764387,1.0000012187714087,1.0000012930021893,1.000001227312147,1.000001227312147,1.0000012037643873,1.000001204578605,1.0000012273121468,1.000001227312147,1.0000012496754354,1.0000012273121475,1.0000012404032028,1.0000012273121475,1.0000012273121444,1.0000012273121464,-1.0707615066495724e-10,-7.661519648218434e-11,-7.050848314834929e-08,1.0000012273121464,1.0000012037643877,1.0000012273121481,1.0000012045786044,1.0000012187714094,1.0000012496754347,-1.0722878528680063e-10,-1.2073647632270536e-10,1.0000012273121468,-1.1408512392674593e-10,1.0000012273121472,0.9999988728730744,-1.2873089759731927e-10,1.0000011357997427,1.0000012273121457,-1.0678600592081922e-10,1.0000012273121475,1.0000011930658101,1.0000012273121475,1.000001203764389
-2.843054969969624e-06,-6.956038585004382e-10,-1.1396390304918131e-10,-1.0631041156983432e-11,1.1724121044623505e-10,-1.8296058034490536e-07,-1.0631041141749452e-11,-1.5820656360139466e-10,-1.287417009397867e-10,-1.1396390303086947e-10,-1.139639030229e-10,-1.0631041125165301e-11,-1.2420719500871165e-10,-1.1396390298693804e-10,-1.1396390303758031e-10,-1.4861973809469974e-10,-1.1396390303086947e-10,-4.2439783594410646e-11,-1.1396390304900171e-10,-1.1396390303308932e-10,-1.139639029895295e-10,1.2645594676113135e-10,-1.7266605960684037e-10,-3.022073845236324e-10,-1.1396390305174628e-10,-1.063104113200075e-11,-1.139639030092368e-10,-1.2420719498081424e-10,-1.5820656365287244e-10,-1.4861973787950857e-10,1.7047382347189506e-10,3.46907735083224e-11,-1.1396390298835247e-10,3.667175653981966e-11,-1.1396390306380803e-10,-1.2873089759731927e-10,-1.6733972840898004e-06,-2.0586446652809145e-07,-1.1396390303086947e-10,1.8172110227239215e-10,-1.1396390300677598e-10,-1.9301243866057824e-11,-1.1396390296843133e-10,-1.0631041093383332e-11
0.9999991009030027,-1.8181434132257162e-07,1.0000011483490592,1.00000113997934,-1.9022198695922045e-07,1.000001080954918,1.0000011399793398,1.0000011333470575,1.00000121192962,1.0000011483490556,1.000001148349056,1.0000011399793411,1.0000011241120979,1.0000011483490572,1.0000011483490587,1.0000011656591818,1.000001148349056,1.000001171987807,1.000001148349059,1.0000011483490565,1.000001148349056,-1.9456951264374025e-07,-1.7768142733011722e-07,-1.1481922270510607e-07,1.0000011483490572,1.0000011399793411,1.0000011483490556,1.0000011241120974,1.0000011333470589,1.0000011656591816,-1.8803022552478476e-07,-2.351203129008827e-07,1.0000011483490572,-2.2114177070091682e-07,1.0000011483490583,1.0000011357997427,-2.0586446652809145e-07,0.9999987142963066,1.0000011483490567,-1.8554168152687812e-07,1.0000011483490572,1.0000011280051844,1.0000011483490572,1.0000011399793414
0.9999991908932981,-7.032655336131399e-11,1.0000012389661912,1.0000012243429113,-9.934347998895852e-11,1.0000011702502936,1.000001224342912,1.0000012266269258,1.0000013034151904,1.000001238966189,1.0000012389661888,1.0000012243429122,1.0000012153487643,1.000001238966191,1.0000012389661908,1.0000012583588076,1.0000012389661876,1.000001258259648,1.0000012389661912,1.0000012389661885,1.0000012389661888,-1.0169842242534528e-10,-8.414612963089208e-11,-4.860072927760261e-11,1.0000012389661888,1.0000012243429144,1.0000012389661888,1.0000012153487632,1.0000012266269263,1.000001258358808,-9.982242009093942e-11,-1.1932665505284503e-10,1.0000012389661888,-1.1244974888649057e-10,1.0000012389661912,1.0000012273121457,-1.1396390303086947e-10,1.0000011483490567,0.9999988949036734,-9.890343399772049e-11,1.00000123896619,1.0000012128944353,1.000001238966191,1.0000012243429144
-2.8227321922474725e-06,-3.699881276131909e-10,-9.890343405549955e-11,-4.391176434211753e-11,6.334397948264904e-11,-8.72916452477854e-11,-4.3911764368180873e-11,-1.222125249689567e-10,-1.0637525128516151e-10,-9.890343401684328e-11,-9.890343402911034e-11,-4.3911764340727744e-11,-1.0434763573365308e-10,-9.890343397119567e-11,-9.890343397714848e-11,-1.1711068635454033e-10,-9.890343400347936e-11,-6.057429782080872e-11,-9.890343399897463e-11,-9.890343406600862e-11,-9.890343395852964e-11,6.475844156769902e-11,-1.8382597944124283e-07,-1.603260465608937e-10,-9.890343399772047e-11,-4.3911764384739414e-11,-9.890343401634181e-11,-1.0434763566461574e-10,-1.2221252498322968e-10,-1.1711068641248495e-10,1.7993799189856881e-07,1.6361554179310485e-11,-9.890343400138878e-11,2.0432019417052073e-11,-9.890343400607332e-11,-1.0678600592081922e-10,1.8172110227239215e-10,-1.8554168152687812e-07,-9.890343399772049e-11,-2.152782477941179e-06,-9.890343397374591e-11,-4.853940764747818e-11,-9.890343404826444e-11,-4.391176437232902e-11
0.9999991908932978,-7.032655336367793e-11,1.0000012389661914,1.000001224342912,-9.934347993790581e-11,1.0000011702502944,1.000001224342912,1.0000012266269271,1.0000013034151913,1.0000012389661905,1.0000012389661888,1.000001224342913,1.0000012153487643,1.0000012389661912,1.0000012389661914,1.0000012583588078,1.00000123896619,1.0000012582596491,1.000001238966192,1.000001238966189,1.0000012389661888,-1.0169842242529751e-10,-8.414612956296435e-11,-4.860072917604354e-11,1.00000123896619,1.0000012243429144,1.00000123896619,1.000001215348764,1.0000012266269265,1.0000012583588083,-9.982242002897642e-11,-1.193266551715719e-10,1.00000123896619,-1.1244974893066862e-10,1.000001238966191,1.0000012273121475,-1.1396390300677598e-10,1.0000011483490572,1.00000123896619,-9.890343397374591e-11,0.9999988949036734,1.000001212894436,1.0000012389661912,1.0000012243429148
0.9999991705494468,-2.6360353930911063e-10,1.0000012128944367,1.0000012553425266,-6.638263212846578e-11,1.0000011562401105,1.000001255342527,1.0000011763168932,1.00000126949274,1.0000012128944342,1.0000012128944336,1.000001255342528,1.0000011836263525,1.0000012128944362,1.0000012128944367,1.0000012133426965,1.0000012128944347,1.0000012719111315,1.0000012128944367,1.0000012128944353,1.0000012128944336,-6.75920142201942e-11,-1.3237173150004593e-10,-2.6306270284944756e-07,1.000001212894435,1.0000012553425275,1.0000012128944344,1.0000011836263514,1.0000011763168928,1.0000012133426968,-5.247310403056947e-11,-1.1054520575591089e-10,1.000001212894435,-2.0244305182407323e-07,1.0000012128944364,1.0000011930658101,-1.9301243866057824e-11,1.0000011280051844,1.0000012128944353,-4.853940764747818e-11,1.000001212894436,0.9999988950330757,1.0000012128944362,1.0000012553425286
0.9999991908932981,-7.032655335993869e-11,1.0000012389661914,1.0000012243429117,-9.934347991268731e-11,1.0000011702502944,1.000001224342913,1.0000012266269274,1.0000013034151913,1.0000012389661908,1.0000012389661908,1.0000012243429133,1.0000012153487643,1.0000012389661914,1.0000012389661923,1.0000012583588078,1.00000123896619,1.0000012582596491,1.0000012389661925,1.0000012389661892,1.0000012389661896,-1.016984224254515e-10,-8.414612955563466e-11,-4.860072927760261e-11,1.00000123896619,1.0000012243429155,1.00000123896619,1.000001215348764,1.0000012266269265,1.000001258358808,-9.982242002897642e-11,-1.1932665505234477e-10,1.0000012389661919,-1.1244974896537427e-10,1.0000012389661914,1.0000012273121475,-1.1396390296843133e-10,1.0000011483490572,1.000001238966191,-9.890343404826444e-11,1.0000012389661912,1.0000012128944362,0.999998894903673,1.000001224342915
0.9999991825236022,-2.813456190946174e-10,1.0000012243429133,1.0000012720295086,-6.336610026314105e-11,1.0000011687963786,1.000001272029509,1.0000011855367625,1.0000012802136051,1.0000012243429133,1.0000012243429126,1.0000012720295104,1.0000011945560823,1.000001224342915,1.0000012243429144,1.0000012230484556,1.0000012243429142,1.0000012870013955,1.0000012243429157,1.0000012243429124,1.0000012243429128,-6.443994740513642e-11,-1.3679165649149829e-10,-2.7835404636003253e-07,1.0000012243429137,1.000001272029509,1.0000012243429133,1.0000011945560832,1.000001185536762,1.000001223048457,-4.812459971862751e-11,-1.0972126574184142e-10,1.0000012243429133,-1.009302245561569e-10,1.0000012243429153,1.000001203764389,-1.0631041093383332e-11,1.0000011399793414,1.0000012243429144,-4.391176437232902e-11,1.0000012243429148,1.0000012553425286,1.000001224342915,0.9999989279668654
