1.0000000046331075,1.00000429922516,1.0000042724398468,1.0000042882903843,1.0000042882903843,1.0000042992251608,1.0000042992251608,2.213631079879041e-06,1.0000042992251608,1.0000042992251605,1.0000042882903817,1.000004299225161,1.000004299225162,2.5265028957382615e-06,1.0000042992251608,2.2136310829192774e-06,2.2136310829382027e-06,1.0000042992251608,1.0000042882903841,1.0000042724398492,2.213631079895472e-06,1.0000042992251572,2.2136310826743023e-06,1.0000042882903855,1.0000042882903843,2.213631077880432e-06,1.000004288290382,1.0000042992251608,1.000004299225161,1.0000042992251608,2.2136310824487006e-06,1.0000042882903826,1.000004288290383,1.0000042992251608,1.0000042992251585,2.213631079879045e-06,1.0000042882903803,1.000004299225161,1.0000042992251608
1.00000429922516,1.000004612580922,1.0000033263737707,1.0000033422243109,1.0000033422243113,1.0000033531590966,1.0000033531590966,7.766858460320967e-11,1.0000033531590966,1.000003353159094,1.0000033422243122,1.0000033531590944,1.000003353159097,4.670512821757772e-07,1.0000033531590966,7.766858478522212e-11,7.766858466610628e-11,1.0000033531590966,1.0000033422243122,1.0000033263737713,7.766858455436824e-11,1.0000033531590946,7.766858443763164e-11,1.0000033422243106,1.000003342224311,7.766858382917297e-11,1.0000033422243115,1.000003353159097,1.000003353159094,1.0000033531590966,7.766858449385282e-11,1.0000033422243109,1.0000033422243104,1.0000033531590937,1.0000033531590962,7.766858461603559e-11,1.0000033422243109,1.0000033531590966,1.0000033531590966
1.0000042724398468,1.0000033263737707,1.0000045590102722,1.000003315438985,1.0000033154389836,1.000003326373768,1.000003326373768,1.5417911607192648e-07,1.000003326373768,1.0000033263737673,1.0000033154389854,1.0000033263737678,1.000003326373768,4.670512694909487e-07,1.000003326373768,1.5417911642050288e-07,1.5417911623791495e-07,1.000003326373768,1.000003315438986,1.000003299588444,1.541791160499214e-07,1.000003326373767,1.5417911589747473e-07,1.0000033154389836,1.000003315438985,1.5417911482359503e-07,1.000003315438985,1.000003326373769,1.000003326373768,1.000003326373768,1.5417911584914284e-07,1.0000033154389845,1.0000033154389838,1.0000033263737673,1.000003326373768,1.5417911614781214e-07,1.0000033154389836,1.000003326373768,1.0000033263737673
1.0000042882903843,1.0000033422243109,1.000003315438985,1.000004590711345,1.0000033312895247,1.0000033422243089,1.0000033422243089,7.766858370256349e-11,1.0000033422243089,1.0000033422243086,1.0000033312895251,1.0000033422243082,1.0000033422243098,2.3527966379846246e-10,1.0000033422243089,7.766858387955476e-11,7.766858378739066e-11,1.000003342224309,1.0000033312895258,1.0000033154389865,7.766858369285635e-11,1.0000033422243089,7.766858361527384e-11,1.0000033312895247,1.0000033312895251,7.7668583075346e-11,1.0000033312895253,1.0000033422243098,1.0000033422243082,1.0000033422243089,7.766858359114206e-11,1.0000033312895247,1.0000033312895247,1.0000033422243078,1.000003342224309,7.766858374119253e-11,1.0000033312895251,1.0000033422243089,1.0000033422243084
1.0000042882903843,1.0000033422243113,1.0000033154389836,1.0000033312895247,1.00000459071135,1.0000033422243086,1.0000033422243086,7.766858370231934e-11,1.0000033422243086,1.0000033422243082,1.0000033312895247,1.0000033422243086,1.0000033422243098,2.3527966365779585e-10,1.0000033422243086,7.766858387979864e-11,7.766858378797372e-11,1.0000033422243086,1.0000033312895256,1.0000033154389862,7.766858369228977e-11,1.0000033422243086,7.766858361409081e-11,1.0000033312895247,1.000003331289525,7.766858307502826e-11,1.0000033312895247,1.0000033422243098,1.0000033422243082,1.0000033422243086,7.766858359026302e-11,1.0000033312895236,1.0000033312895247,1.0000033422243066,1.0000033422243089,7.766858374219961e-11,1.0000033312895245,1.0000033422243086,1.0000033422243082
1.0000042992251608,1.0000033531590966,1.000003326373768,1.0000033422243089,1.0000033422243086,1.0000046125809134,1.000003353159095,7.766858454089246e-11,1.0000033531590946,1.0000033531590926,1.0000033422243098,1.0000033531590928,1.000003353159095,4.670512821757764e-07,1.000003353159095,7.766858476612208e-11,7.766858470982996e-11,1.0000033531590946,1.0000033422243109,1.0000033263737698,7.76685846101235e-11,1.0000033531590924,7.766858453711148e-11,1.0000033422243086,1.0000033422243102,7.76685839552749e-11,1.00000334222431,1.0000033531590946,1.0000033531590922,1.000003353159095,7.766858437583681e-11,1.000003342224309,1.0000033422243084,1.0000033531590922,1.000003353159094,7.766858465233457e-11,1.0000033422243086,1.000003353159095,1.000003353159094
1.0000042992251608,1.0000033531590966,1.000003326373768,1.0000033422243089,1.0000033422243086,1.000003353159095,1.0000046125809134,7.766858451375308e-11,1.000003353159095,1.0000033531590926,1.0000033422243098,1.0000033531590928,1.000003353159095,4.670512821757764e-07,1.000003353159095,7.766858475910949e-11,7.7668584596234e-11,1.0000033531590946,1.0000033422243109,1.0000033263737698,7.766858464512484e-11,1.0000033531590924,7.766858438575828e-11,1.0000033422243082,1.0000033422243102,7.766858399427385e-11,1.00000334222431,1.0000033531590946,1.0000033531590922,1.0000033531590946,7.766858449385282e-11,1.000003342224309,1.0000033422243084,1.0000033531590922,1.000003353159094,7.766858461603559e-11,1.0000033422243086,1.000003353159095,1.000003353159094
2.213631079879041e-06,7.766858460320967e-11,1.5417911607192648e-07,7.766858370256349e-11,7.766858370231934e-11,7.766858454089246e-11,7.766858451375308e-11,1.2594221869225703e-06,7.76685846418203e-11,7.766858451375308e-11,7.766858370323443e-11,7.766858462969597e-11,7.766858454089246e-11,7.225368616280973e-14,7.766858451375308e-11,2.3851189076965433e-14,2.385118898147569e-14,7.766858467832185e-11,7.766858370329658e-11,1.5417911607192677e-07,2.3851189045261565e-14,7.766858460320967e-11,2.3851188931481405e-14,7.766858370395707e-11,7.766858370261535e-11,2.3851188885944917e-14,7.766858370204632e-11,7.766858441670354e-11,7.766858461219849e-11,7.766858478530289e-11,2.385118896069042e-14,7.766858370309552e-11,7.766858370296027e-11,7.766858454656852e-11,7.76685846099317e-11,2.38511890447148e-14,7.766858370202524e-11,7.766858454089246e-11,7.766858454656852e-11
1.0000042992251608,1.0000033531590966,1.000003326373768,1.0000033422243089,1.0000033422243086,1.0000033531590946,1.000003353159095,7.76685846418203e-11,1.000004612580916,1.0000033531590926,1.0000033422243098,1.0000033531590928,1.000003353159095,4.670512821757764e-07,1.0000033531590946,7.766858474502365e-11,7.76685846214397e-11,1.0000033531590946,1.0000033422243109,1.0000033263737698,7.766858469146873e-11,1.0000033531590924,7.766858464586749e-11,1.0000033422243082,1.0000033422243102,7.766858401441365e-11,1.00000334222431,1.0000033531590946,1.0000033531590922,1.0000033531590946,7.766858459790119e-11,1.000003342224309,1.0000033422243084,1.0000033531590922,1.000003353159094,7.766858458344819e-11,1.0000033422243086,1.000003353159095,1.000003353159094
1.0000042992251605,1.000003353159094,1.0000033263737673,1.0000033422243086,1.0000033422243082,1.0000033531590926,1.0000033531590926,7.766858451375308e-11,1.0000033531590926,1.0000046125809146,1.0000033422243089,1.000003353159092,1.0000033531590926,4.6705128217577615e-07,1.0000033531590926,7.766858472175139e-11,7.766858462000804e-11,1.0000033531590926,1.0000033422243086,1.000003326373769,7.766858464512484e-11,1.0000033531590928,7.766858449712695e-11,1.0000033422243082,1.0000033422243078,7.766858381773451e-11,1.0000033422243086,1.0000033531590937,1.0000033531590922,1.0000033531590926,7.766858441405906e-11,1.0000033422243086,1.0000033422243082,1.0000033531590922,1.000003353159094,7.76685846867642e-11,1.0000033422243089,1.0000033531590926,1.0000033531590928
1.0000042882903817,1.0000033422243122,1.0000033154389854,1.0000033312895251,1.0000033312895247,1.0000033422243098,1.0000033422243098,7.766858370323443e-11,1.0000033422243098,1.0000033422243089,1.0000045907113444,1.0000033422243098,1.0000033422243084,2.352796636848767e-10,1.0000033422243098,7.766858387813412e-11,7.766858378625564e-11,1.0000033422243098,1.000003331289525,1.000003315438985,7.766858369194616e-11,1.0000033422243084,7.766858361532141e-11,1.000003331289524,1.0000033312895247,7.766858307462973e-11,1.000003331289524,1.00000334222431,1.0000033422243089,1.0000033422243098,7.766858358989064e-11,1.000003331289524,1.0000033312895251,1.0000033422243089,1.0000033422243086,7.766858374188347e-11,1.0000033312895251,1.0000033422243098,1.00000334222431
1.000004299225161,1.0000033531590944,1.0000033263737678,1.0000033422243082,1.0000033422243086,1.0000033531590928,1.0000033531590928,7.766858462969597e-11,1.0000033531590928,1.000003353159092,1.0000033422243098,1.0000046125809157,1.0000033531590933,4.670512821757757e-07,1.0000033531590928,7.766858475910873e-11,7.766858465739694e-11,1.0000033531590928,1.0000033422243086,1.000003326373769,7.766858464512484e-11,1.0000033531590926,7.766858438575828e-11,1.0000033422243078,1.0000033422243082,7.766858381773451e-11,1.0000033422243086,1.0000033531590944,1.0000033531590917,1.0000033531590928,7.76685844646925e-11,1.0000033422243086,1.0000033422243082,1.0000033531590917,1.0000033531590933,7.766858466793887e-11,1.000003342224308,1.0000033531590928,1.0000033531590926
1.000004299225162,1.000003353159097,1.000003326373768,1.0000033422243098,1.0000033422243098,1.000003353159095,1.000003353159095,7.766858454089246e-11,1.000003353159095,1.0000033531590926,1.0000033422243084,1.0000033531590933,1.000004612580912,4.670512821757762e-07,1.000003353159095,7.766858472098767e-11,7.766858460640339e-11,1.000003353159095,1.000003342224309,1.0000033263737689,7.766858455436824e-11,1.0000033531590928,7.766858443441738e-11,1.0000033422243098,1.0000033422243084,7.766858382917297e-11,1.0000033422243082,1.000003353159095,1.0000033531590917,1.000003353159095,7.766858449816487e-11,1.0000033422243078,1.0000033422243098,1.0000033531590922,1.000003353159094,7.766858460675215e-11,1.0000033422243082,1.000003353159095,1.000003353159095
2.5265028957382615e-06,4.670512821757772e-07,4.670512694909487e-07,2.3527966379846246e-10,2.3527966365779585e-10,4.670512821757764e-07,4.670512821757764e-07,7.225368616280973e-14,4.670512821757764e-07,4.6705128217577615e-07,2.352796636848767e-10,4.670512821757757e-07,4.670512821757762e-07,1.2594223802164225e-06,4.670512821757764e-07,7.225368630130795e-14,7.22536860126716e-14,4.670512821757764e-07,2.3527966367758924e-10,4.670512694909496e-07,7.225368620466253e-14,4.6705128217577594e-07,7.225368586090052e-14,2.352796638365719e-10,2.3527966367758924e-10,7.225368572100189e-14,2.352796634469134e-10,4.670512821757766e-07,4.670512821757753e-07,4.670512821757764e-07,7.225368594882369e-14,2.3527966364738423e-10,2.35279663637785e-10,4.6705128217577615e-07,4.6705128217577605e-07,7.225368620323211e-14,2.352796634469134e-10,4.670512821757763e-07,4.6705128217577615e-07
1.0000042992251608,1.0000033531590966,1.000003326373768,1.0000033422243089,1.0000033422243086,1.000003353159095,1.000003353159095,7.766858451375308e-11,1.0000033531590946,1.0000033531590926,1.0000033422243098,1.0000033531590928,1.000003353159095,4.670512821757764e-07,1.0000046125809134,7.766858472175139e-11,7.766858460640339e-11,1.0000033531590946,1.0000033422243109,1.0000033263737698,7.76685846101235e-11,1.0000033531590924,7.766858446902137e-11,1.0000033422243086,1.0000033422243102,7.766858402492201e-11,1.00000334222431,1.0000033531590946,1.0000033531590924,1.000003353159095,7.766858440194137e-11,1.000003342224309,1.0000033422243084,1.0000033531590922,1.000003353159094,7.766858470204297e-11,1.0000033422243086,1.000003353159095,1.000003353159094
2.2136310829192774e-06,7.766858478522212e-11,1.5417911642050288e-07,7.766858387955476e-11,7.766858387979864e-11,7.766858476612208e-11,7.766858475910949e-11,2.3851189076965433e-14,7.766858474502365e-11,7.766858472175139e-11,7.766858387813412e-11,7.766858475910873e-11,7.766858472098767e-11,7.225368630130795e-14,7.766858472175139e-11,1.2594221869225703e-06,2.3851189027059732e-14,7.766858485539526e-11,7.766858387875158e-11,1.5417911642050317e-07,2.3851189090845576e-14,7.766858471837404e-11,2.3851188977065416e-14,7.766858387923914e-11,7.766858387866164e-11,2.3851188931528948e-14,7.766858387831542e-11,7.766858481985891e-11,7.766858467003644e-11,7.766858476612208e-11,2.385118900627447e-14,7.766858387940719e-11,7.766858387849815e-11,7.766858481985891e-11,7.766858471837404e-11,2.385118909029882e-14,7.766858387973116e-11,7.766858476612208e-11,7.766858472175139e-11
2.2136310829382027e-06,7.766858466610628e-11,1.5417911623791495e-07,7.766858378739066e-11,7.766858378797372e-11,7.766858470982996e-11,7.7668584596234e-11,2.385118898147569e-14,7.76685846214397e-11,7.766858462000804e-11,7.766858378625564e-11,7.766858465739694e-11,7.766858460640339e-11,7.22536860126716e-14,7.766858460640339e-11,2.3851189027059732e-14,1.2594221869225703e-06,7.766858470982996e-11,7.766858378717435e-11,1.541791162379152e-07,2.385118899535588e-14,7.766858464370124e-11,2.3851188881575726e-14,7.766858378822961e-11,7.766858378677838e-11,2.38511888360392e-14,7.766858378702559e-11,7.766858462000804e-11,7.766858461312634e-11,7.76685845746522e-11,2.3851188910784733e-14,7.76685837861272e-11,7.766858378734776e-11,7.766858462000804e-11,7.766858461312634e-11,2.3851188994809104e-14,7.766858378593686e-11,7.766858461312634e-11,7.766858462000804e-11
1.0000042992251608,1.0000033531590966,1.000003326373768,1.000003342224309,1.0000033422243086,1.0000033531590946,1.0000033531590946,7.766858467832185e-11,1.0000033531590946,1.0000033531590926,1.0000033422243098,1.0000033531590928,1.000003353159095,4.670512821757764e-07,1.0000033531590946,7.766858485539526e-11,7.766858470982996e-11,1.000004612580916,1.0000033422243109,1.0000033263737698,7.766858464953516e-11,1.0000033531590926,7.766858445275914e-11,1.0000033422243086,1.0000033422243102,7.766858403328966e-11,1.00000334222431,1.0000033531590946,1.0000033531590922,1.0000033531590946,7.766858448996434e-11,1.000003342224309,1.0000033422243084,1.0000033531590922,1.000003353159094,7.766858473158368e-11,1.0000033422243086,1.000003353159095,1.000003353159094
1.0000042882903841,1.0000033422243122,1.000003315438986,1.0000033312895258,1.0000033312895256,1.0000033422243109,1.0000033422243109,7.766858370329658e-11,1.0000033422243109,1.0000033422243086,1.000003331289525,1.0000033422243086,1.000003342224309,2.3527966367758924e-10,1.0000033422243109,7.766858387875158e-11,7.766858378717435e-11,1.0000033422243109,1.0000045907113453,1.000003315438985,7.766858369163962e-11,1.0000033422243086,7.766858361508587e-11,1.0000033312895256,1.0000033312895251,7.766858307506243e-11,1.0000033312895253,1.0000033422243122,1.0000033422243086,1.0000033422243109,7.766858359147666e-11,1.0000033312895256,1.0000033312895251,1.0000033422243082,1.000003342224309,7.766858374119253e-11,1.0000033312895251,1.0000033422243109,1.00000334222431
1.0000042724398492,1.0000033263737713,1.000003299588444,1.0000033154389865,1.0000033154389862,1.0000033263737698,1.0000033263737698,1.5417911607192677e-07,1.0000033263737698,1.000003326373769,1.000003315438985,1.000003326373769,1.0000033263737689,4.670512694909496e-07,1.0000033263737698,1.5417911642050317e-07,1.541791162379152e-07,1.0000033263737698,1.000003315438985,1.0000045590102722,1.541791160499217e-07,1.0000033263737695,1.5417911589747483e-07,1.0000033154389854,1.000003315438985,1.5417911482359526e-07,1.000003315438985,1.0000033263737702,1.000003326373769,1.0000033263737698,1.541791158491431e-07,1.0000033154389842,1.0000033154389854,1.0000033263737684,1.0000033263737695,1.541791161478123e-07,1.0000033154389862,1.0000033263737698,1.000003326373769
2.213631079895472e-06,7.766858455436824e-11,1.541791160499214e-07,7.766858369285635e-11,7.766858369228977e-11,7.76685846101235e-11,7.766858464512484e-11,2.3851189045261565e-14,7.766858469146873e-11,7.766858464512484e-11,7.766858369194616e-11,7.766858464512484e-11,7.766858455436824e-11,7.225368620466253e-14,7.76685846101235e-11,2.3851189090845576e-14,2.385118899535588e-14,7.766858464953516e-11,7.766858369163962e-11,1.541791160499217e-07,1.2594221869225703e-06,7.766858477656737e-11,2.3851188945361573e-14,7.766858369152015e-11,7.766858369149384e-11,2.3851188899825076e-14,7.766858369176191e-11,7.766858462480141e-11,7.766858468625057e-11,7.766858469146873e-11,2.3851188974570606e-14,7.766858369272777e-11,7.766858369328348e-11,7.766858463798369e-11,7.766858469146873e-11,2.3851189058595e-14,7.766858369237426e-11,7.766858463798369e-11,7.766858464512484e-11
1.0000042992251572,1.0000033531590946,1.000003326373767,1.0000033422243089,1.0000033422243086,1.0000033531590924,1.0000033531590924,7.766858460320967e-11,1.0000033531590924,1.0000033531590928,1.0000033422243084,1.0000033531590926,1.0000033531590928,4.6705128217577594e-07,1.0000033531590924,7.766858471837404e-11,7.766858464370124e-11,1.0000033531590926,1.0000033422243086,1.0000033263737695,7.766858477656737e-11,1.000004612580916,7.76685846528938e-11,1.0000033422243082,1.0000033422243082,7.76685838922313e-11,1.0000033422243073,1.000003353159094,1.0000033531590928,1.0000033531590924,7.766858437583681e-11,1.0000033422243084,1.0000033422243089,1.0000033531590922,1.0000033531590948,7.766858473158368e-11,1.0000033422243086,1.0000033531590924,1.0000033531590922
2.2136310826743023e-06,7.766858443763164e-11,1.5417911589747473e-07,7.766858361527384e-11,7.766858361409081e-11,7.766858453711148e-11,7.766858438575828e-11,2.3851188931481405e-14,7.766858464586749e-11,7.766858449712695e-11,7.766858361532141e-11,7.766858438575828e-11,7.766858443441738e-11,7.225368586090052e-14,7.766858446902137e-11,2.3851188977065416e-14,2.3851188881575726e-14,7.766858445275914e-11,7.766858361508587e-11,1.5417911589747483e-07,2.3851188945361573e-14,7.76685846528938e-11,1.2594221869225703e-06,7.766858361523112e-11,7.766858361524609e-11,2.385118878604492e-14,7.766858361451642e-11,7.766858465172983e-11,7.766858446902137e-11,7.766858443763164e-11,2.385118886079045e-14,7.766858361653671e-11,7.76685836150162e-11,7.766858463327526e-11,7.766858452725794e-11,2.385118894481481e-14,7.766858361573016e-11,7.766858457200603e-11,7.766858463327526e-11
1.0000042882903855,1.0000033422243106,1.0000033154389836,1.0000033312895247,1.0000033312895247,1.0000033422243086,1.0000033422243082,7.766858370395707e-11,1.0000033422243082,1.0000033422243082,1.000003331289524,1.0000033422243078,1.0000033422243098,2.352796638365719e-10,1.0000033422243086,7.766858387923914e-11,7.766858378822961e-11,1.0000033422243086,1.0000033312895256,1.0000033154389854,7.766858369152015e-11,1.0000033422243082,7.766858361523112e-11,1.0000045907113484,1.0000033312895251,7.766858307466395e-11,1.0000033312895247,1.0000033422243104,1.0000033422243082,1.0000033422243086,7.766858359149184e-11,1.000003331289523,1.0000033312895245,1.0000033422243062,1.0000033422243086,7.766858374260607e-11,1.0000033312895245,1.0000033422243086,1.0000033422243078
1.0000042882903843,1.000003342224311,1.000003315438985,1.0000033312895251,1.000003331289525,1.0000033422243102,1.0000033422243102,7.766858370261535e-11,1.0000033422243102,1.0000033422243078,1.0000033312895247,1.0000033422243082,1.0000033422243084,2.3527966367758924e-10,1.0000033422243102,7.766858387866164e-11,7.766858378677838e-11,1.0000033422243102,1.0000033312895251,1.000003315438985,7.766858369149384e-11,1.0000033422243082,7.766858361524609e-11,1.0000033312895251,1.0000045907113437,7.766858307458448e-11,1.000003331289525,1.0000033422243109,1.0000033422243078,1.0000033422243102,7.76685835911023e-11,1.0000033312895245,1.0000033312895247,1.0000033422243075,1.0000033422243084,7.76685837411401e-11,1.0000033312895247,1.0000033422243102,1.0000033422243098
2.213631077880432e-06,7.766858382917297e-11,1.5417911482359503e-07,7.7668583075346e-11,7.766858307502826e-11,7.76685839552749e-11,7.766858399427385e-11,2.3851188885944917e-14,7.766858401441365e-11,7.766858381773451e-11,7.766858307462973e-11,7.766858381773451e-11,7.766858382917297e-11,7.225368572100189e-14,7.766858402492201e-11,2.3851188931528948e-14,2.38511888360392e-14,7.766858403328966e-11,7.766858307506243e-11,1.5417911482359526e-07,2.3851188899825076e-14,7.76685838922313e-11,2.385118878604492e-14,7.766858307466395e-11,7.766858307458448e-11,1.2594221869225703e-06,7.766858307554251e-11,7.766858394337967e-11,7.7668583860709e-11,7.766858381773449e-11,2.385118881525393e-14,7.766858307414157e-11,7.766858307462973e-11,7.76685838922313e-11,7.766858381773449e-11,2.3851188899278332e-14,7.76685830745966e-11,7.766858386865354e-11,7.7668584024922e-11
1.000004288290382,1.0000033422243115,1.000003315438985,1.0000033312895253,1.0000033312895247,1.00000334222431,1.00000334222431,7.766858370204632e-11,1.00000334222431,1.0000033422243086,1.000003331289524,1.0000033422243086,1.0000033422243082,2.352796634469134e-10,1.00000334222431,7.766858387831542e-11,7.766858378702559e-11,1.00000334222431,1.0000033312895253,1.000003315438985,7.766858369176191e-11,1.0000033422243073,7.766858361451642e-11,1.0000033312895247,1.000003331289525,7.766858307554251e-11,1.0000045907113453,1.0000033422243109,1.0000033422243084,1.00000334222431,7.76685835909041e-11,1.0000033312895247,1.0000033312895247,1.0000033422243084,1.0000033422243086,7.766858374178018e-11,1.000003331289525,1.00000334222431,1.0000033422243093
1.0000042992251608,1.000003353159097,1.000003326373769,1.0000033422243098,1.0000033422243098,1.0000033531590946,1.0000033531590946,7.766858441670354e-11,1.0000033531590946,1.0000033531590937,1.00000334222431,1.0000033531590944,1.000003353159095,4.670512821757766e-07,1.0000033531590946,7.766858481985891e-11,7.766858462000804e-11,1.0000033531590946,1.0000033422243122,1.0000033263737702,7.766858462480141e-11,1.000003353159094,7.766858465172983e-11,1.0000033422243104,1.0000033422243109,7.766858394337967e-11,1.0000033422243109,1.0000046125809186,1.0000033531590933,1.0000033531590946,7.766858440194133e-11,1.0000033422243093,1.0000033422243093,1.0000033531590933,1.0000033531590948,7.766858465233457e-11,1.000003342224309,1.0000033531590946,1.0000033531590948
1.000004299225161,1.000003353159094,1.000003326373768,1.0000033422243082,1.0000033422243082,1.0000033531590922,1.0000033531590922,7.766858461219849e-11,1.0000033531590922,1.0000033531590922,1.0000033422243089,1.0000033531590917,1.0000033531590917,4.670512821757753e-07,1.0000033531590924,7.766858467003644e-11,7.766858461312634e-11,1.0000033531590922,1.0000033422243086,1.000003326373769,7.766858468625057e-11,1.0000033531590928,7.766858446902137e-11,1.0000033422243082,1.0000033422243078,7.7668583860709e-11,1.0000033422243084,1.0000033531590933,1.0000046125809139,1.0000033531590922,7.766858457888528e-11,1.0000033422243086,1.0000033422243084,1.000003353159091,1.000003353159094,7.766858465233457e-11,1.0000033422243082,1.0000033531590922,1.0000033531590924
1.0000042992251608,1.0000033531590966,1.000003326373768,1.0000033422243089,1.0000033422243086,1.000003353159095,1.0000033531590946,7.766858478530289e-11,1.0000033531590946,1.0000033531590926,1.0000033422243098,1.0000033531590928,1.000003353159095,4.670512821757764e-07,1.000003353159095,7.766858476612208e-11,7.76685845746522e-11,1.0000033531590946,1.0000033422243109,1.0000033263737698,7.766858469146873e-11,1.0000033531590924,7.766858443763164e-11,1.0000033422243086,1.0000033422243102,7.766858381773449e-11,1.00000334222431,1.0000033531590946,1.0000033531590922,1.0000046125809134,7.766858449816487e-11,1.000003342224309,1.0000033422243084,1.0000033531590922,1.000003353159094,7.766858469674833e-11,1.0000033422243086,1.000003353159095,1.000003353159094
2.2136310824487006e-06,7.766858449385282e-11,1.5417911584914284e-07,7.766858359114206e-11,7.766858359026302e-11,7.766858437583681e-11,7.766858449385282e-11,2.385118896069042e-14,7.766858459790119e-11,7.766858441405906e-11,7.766858358989064e-11,7.76685844646925e-11,7.766858449816487e-11,7.225368594882369e-14,7.766858440194137e-11,2.385118900627447e-14,2.3851188910784733e-14,7.766858448996434e-11,7.766858359147666e-11,1.541791158491431e-07,2.3851188974570606e-14,7.766858437583681e-11,2.385118886079045e-14,7.766858359149184e-11,7.76685835911023e-11,2.385118881525393e-14,7.76685835909041e-11,7.766858440194133e-11,7.766858457888528e-11,7.766858449816487e-11,1.2594221869225703e-06,7.7668583589675e-11,7.766858359018138e-11,7.766858449816487e-11,7.766858449385282e-11,2.385118897402385e-14,7.766858359135379e-11,7.766858449500876e-11,7.766858449385282e-11
1.0000042882903826,1.0000033422243109,1.0000033154389845,1.0000033312895247,1.0000033312895236,1.000003342224309,1.000003342224309,7.766858370309552e-11,1.000003342224309,1.0000033422243086,1.000003331289524,1.0000033422243086,1.0000033422243078,2.3527966364738423e-10,1.000003342224309,7.766858387940719e-11,7.76685837861272e-11,1.000003342224309,1.0000033312895256,1.0000033154389842,7.766858369272777e-11,1.0000033422243084,7.766858361653671e-11,1.000003331289523,1.0000033312895245,7.766858307414157e-11,1.0000033312895247,1.0000033422243093,1.0000033422243086,1.000003342224309,7.7668583589675e-11,1.0000045907113453,1.0000033312895245,1.0000033422243086,1.0000033422243086,7.766858374203903e-11,1.0000033312895245,1.0000033422243098,1.0000033422243089
1.000004288290383,1.0000033422243104,1.0000033154389838,1.0000033312895247,1.0000033312895247,1.0000033422243084,1.0000033422243084,7.766858370296027e-11,1.0000033422243084,1.0000033422243082,1.0000033312895251,1.0000033422243082,1.0000033422243098,2.35279663637785e-10,1.0000033422243084,7.766858387849815e-11,7.766858378734776e-11,1.0000033422243084,1.0000033312895251,1.0000033154389854,7.766858369328348e-11,1.0000033422243089,7.76685836150162e-11,1.0000033312895245,1.0000033312895247,7.766858307462973e-11,1.0000033312895247,1.0000033422243093,1.0000033422243084,1.0000033422243084,7.766858359018138e-11,1.0000033312895245,1.00000459071135,1.0000033422243078,1.0000033422243086,7.766858374086626e-11,1.0000033312895245,1.0000033422243084,1.0000033422243078
1.0000042992251608,1.0000033531590937,1.0000033263737673,1.0000033422243078,1.0000033422243066,1.0000033531590922,1.0000033531590922,7.766858454656852e-11,1.0000033531590922,1.0000033531590922,1.0000033422243089,1.0000033531590917,1.0000033531590922,4.6705128217577615e-07,1.0000033531590922,7.766858481985891e-11,7.766858462000804e-11,1.0000033531590922,1.0000033422243082,1.0000033263737684,7.766858463798369e-11,1.0000033531590922,7.766858463327526e-11,1.0000033422243062,1.0000033422243075,7.76685838922313e-11,1.0000033422243084,1.0000033531590933,1.000003353159091,1.0000033531590922,7.766858449816487e-11,1.0000033422243086,1.0000033422243078,1.0000046125809139,1.0000033531590933,7.766858461182468e-11,1.0000033422243078,1.0000033531590922,1.0000033531590915
1.0000042992251585,1.0000033531590962,1.000003326373768,1.000003342224309,1.0000033422243089,1.000003353159094,1.000003353159094,7.76685846099317e-11,1.000003353159094,1.000003353159094,1.0000033422243086,1.0000033531590933,1.000003353159094,4.6705128217577605e-07,1.000003353159094,7.766858471837404e-11,7.766858461312634e-11,1.000003353159094,1.000003342224309,1.0000033263737695,7.766858469146873e-11,1.0000033531590948,7.766858452725794e-11,1.0000033422243086,1.0000033422243084,7.766858381773449e-11,1.0000033422243086,1.0000033531590948,1.000003353159094,1.000003353159094,7.766858449385282e-11,1.0000033422243086,1.0000033422243086,1.0000033531590933,1.0000046125809177,7.766858466793887e-11,1.0000033422243086,1.000003353159094,1.0000033531590928
2.213631079879045e-06,7.766858461603559e-11,1.5417911614781214e-07,7.766858374119253e-11,7.766858374219961e-11,7.766858465233457e-11,7.766858461603559e-11,2.38511890447148e-14,7.766858458344819e-11,7.76685846867642e-11,7.766858374188347e-11,7.766858466793887e-11,7.766858460675215e-11,7.225368620323211e-14,7.766858470204297e-11,2.385118909029882e-14,2.3851188994809104e-14,7.766858473158368e-11,7.766858374119253e-11,1.541791161478123e-07,2.3851189058595e-14,7.766858473158368e-11,2.385118894481481e-14,7.766858374260607e-11,7.76685837411401e-11,2.3851188899278332e-14,7.766858374178018e-11,7.766858465233457e-11,7.766858465233457e-11,7.766858469674833e-11,2.385118897402385e-14,7.766858374203903e-11,7.766858374086626e-11,7.766858461182468e-11,7.766858466793887e-11,1.2594221825714804e-06,7.766858374159428e-11,7.766858453714863e-11,7.766858468065539e-11
1.0000042882903803,1.0000033422243109,1.0000033154389836,1.0000033312895251,1.0000033312895245,1.0000033422243086,1.0000033422243086,7.766858370202524e-11,1.0000033422243086,1.0000033422243089,1.0000033312895251,1.000003342224308,1.0000033422243082,2.352796634469134e-10,1.0000033422243086,7.766858387973116e-11,7.766858378593686e-11,1.0000033422243086,1.0000033312895251,1.0000033154389862,7.766858369237426e-11,1.0000033422243086,7.766858361573016e-11,1.0000033312895245,1.0000033312895247,7.76685830745966e-11,1.000003331289525,1.000003342224309,1.0000033422243082,1.0000033422243086,7.766858359135379e-11,1.0000033312895245,1.0000033312895245,1.0000033422243078,1.0000033422243086,7.766858374159428e-11,1.0000045907113486,1.0000033422243089,1.0000033422243082
1.000004299225161,1.0000033531590966,1.000003326373768,1.0000033422243089,1.0000033422243086,1.000003353159095,1.000003353159095,7.766858454089246e-11,1.000003353159095,1.0000033531590926,1.0000033422243098,1.0000033531590928,1.000003353159095,4.670512821757763e-07,1.000003353159095,7.766858476612208e-11,7.766858461312634e-11,1.000003353159095,1.0000033422243109,1.0000033263737698,7.766858463798369e-11,1.0000033531590924,7.766858457200603e-11,1.0000033422243086,1.0000033422243102,7.766858386865354e-11,1.00000334222431,1.0000033531590946,1.0000033531590922,1.000003353159095,7.766858449500876e-11,1.0000033422243098,1.0000033422243084,1.0000033531590922,1.000003353159094,7.766858453714863e-11,1.0000033422243089,1.0000046125809137,1.000003353159094
1.0000042992251608,1.0000033531590966,1.0000033263737673,1.0000033422243084,1.0000033422243082,1.000003353159094,1.000003353159094,7.766858454656852e-11,1.000003353159094,1.0000033531590928,1.00000334222431,1.0000033531590926,1.000003353159095,4.6705128217577615e-07,1.000003353159094,7.766858472175139e-11,7.766858462000804e-11,1.000003353159094,1.00000334222431,1.000003326373769,7.766858464512484e-11,1.0000033531590922,7.766858463327526e-11,1.0000033422243078,1.0000033422243098,7.7668584024922e-11,1.0000033422243093,1.0000033531590948,1.0000033531590924,1.000003353159094,7.766858449385282e-11,1.0000033422243089,1.0000033422243078,1.0000033531590915,1.0000033531590928,7.766858468065539e-11,1.0000033422243082,1.000003353159094,1.0000046125809163
