1.0000000015850878,3.7744896997819674e-07,0.9999991920720239,3.790295278663711e-07,3.7898587129878297e-07,0.9999969866280825,3.7787576020077007e-07,3.7782909276115045e-07,3.92435862766077e-07,0.9999991920720235,0.999999192072023,3.794384543535919e-07,3.7866437532751335e-07,3.8978175900077373e-07,3.897835638673406e-07,3.7771152880427864e-07,3.777923963178618e-07,3.7817881607538573e-07,3.77993588609175e-07,3.7782909221003657e-07,3.7820908441147294e-07,3.7898587014746355e-07,0.9999991920720259,3.793694289816148e-07,3.7797793546731996e-07,0.9999991920720268,0.999999192072023,3.8054394925886356e-07,0.999998570455487,3.779307160235388e-07,0.999998849896206,3.7763921768197196e-07,0.9999992982669738,3.784433614114983e-07,0.9999983045788079,3.7933114530650863e-07,3.783554794289731e-07,3.7782909168596955e-07,0.9999991920720251,3.8773579514597024e-07,3.8301507749505013e-07,0.999998752603095,0.9999988021247688,0.9999980210749647,0.9999991920720263,3.79753134308984e-07,3.7774645852028096e-07,3.778637792391608e-07,0.9999991920720258,3.778945319874933e-07,3.794329031530833e-07,3.7835547942747764e-07,3.7850226250090517e-07,3.8975912899444064e-07,3.877357951460457e-07,0.9999987526030988,3.7789453198814655e-07,0.9999980537899501,3.7919813918110214e-07,0.9999973894231471,3.9587031238038924e-07,3.8357528091563656e-07,0.9999992967201572,3.7878454011563616e-07,0.9999987526030955,3.7808631060766776e-07,3.7797793566384865e-07,3.793811524099874e-07,3.7835547943460754e-07,3.8975912905919626e-07,3.802943012189146e-07,3.7862983487569535e-07,3.789858710035681e-07,3.897591290810029e-07,0.9999985095642644,3.920220779069703e-07,0.9999991920720247,3.7902488163439447e-07,3.7896298372359946e-07,0.9999991920720243,0.9999980989932132,0.9999991920720263,3.789858715979196e-07,0.9999991920720239,3.7779239569043244e-07,0.9999991920720267
3.7744896997819674e-07,1.061627717746314e-06,1.4209689830592545e-11,-2.2103290742682522e-11,2.6258997632483403e-11,2.8319415928435954e-08,-2.1414758191106746e-11,2.763754443372146e-13,5.235386098191127e-17,1.4209689817930232e-11,1.4209689799599933e-11,-8.239736168154419e-12,-7.363591287797036e-11,3.7764627362053575e-15,2.782535406466623e-15,-1.7640510417646054e-11,2.4230562962738004e-12,-5.4049271848392904e-12,-2.3493985398157766e-11,2.7637544429583184e-13,2.911306945455855e-12,2.6258997632486644e-11,1.4209689814325518e-11,-3.082196073474628e-11,-3.6443293187873855e-11,1.4209689829361093e-11,1.4209689814117825e-11,-5.753921778202609e-15,1.4211198339236612e-11,-1.806881243932876e-11,1.421116107574731e-11,-1.1308242368736689e-11,1.4206685707345281e-11,2.362026949415571e-11,1.4212189940247186e-11,3.548207562401229e-12,-6.202272724510044e-12,2.7637544434052777e-13,1.420968982338339e-11,2.899574086322824e-15,-1.949555988674925e-11,1.4211961364359914e-11,1.4211008855819501e-11,1.4213266450924068e-11,1.4209689821499969e-11,-2.698922408219725e-17,2.9884478242338827e-12,-1.305012371112673e-11,1.4209689829338908e-11,-1.389735553548861e-11,-8.44912686995253e-12,-6.202272724488425e-12,4.602412854201585e-11,-3.856167581092679e-15,2.899574086322824e-15,1.4211961355614498e-11,-1.3897355535495264e-11,1.4214258930276502e-11,-7.26847130894366e-15,2.8320095042785916e-08,6.494759560555023e-15,-4.817348882545234e-15,1.4209019996610093e-11,7.191067432396955e-12,1.4211961355614498e-11,-4.531396703647548e-11,-3.644329318788457e-11,8.068531480929273e-11,-6.2022727245055136e-12,-3.8561612185563945e-15,-1.2427318411763572e-11,-1.1262102696545864e-11,2.625899763248745e-11,-3.8561698277437605e-15,1.4212860387377308e-11,3.782136720468525e-15,1.4209689817931035e-11,-7.711386724588878e-11,-1.6132793918558744e-11,1.4209689814325518e-11,1.4212514394874835e-11,1.4209689830021064e-11,2.6258997632548495e-11,1.420968982338339e-11,2.4230562962680267e-12,1.4209689814117825e-11
0.9999991920720239,1.4209689830592545e-11,0.9999982723816817,1.5005550904670975e-11,1.496731985917388e-11,0.9999950053077032,1.4426729300729458e-11,1.4395248455951035e-11,2.17215683864462e-11,0.999997210740536,0.9999972107405344,1.5207777351831426e-11,1.4836344444440292e-11,2.038818351568581e-11,2.0389690714127084e-11,1.4342094180590163e-11,1.4376220896153575e-11,1.4574071370714535e-11,1.448536569930498e-11,1.4395248097869113e-11,1.4581718777118265e-11,1.4967319783386738e-11,0.9999972107405382,1.5178834550626357e-11,1.4481956178956497e-11,0.9999972107405369,0.999997210740536,1.5759592885645828e-11,0.999996589122936,1.445302808195625e-11,0.9999968685632978,1.4304709659015816e-11,0.9999973169390177,1.469583364145309e-11,0.9999963232450357,1.5151261713695777e-11,1.466484256955776e-11,1.4395248577249372e-11,0.9999972107405382,1.936240223016185e-11,1.7003687934433554e-11,0.9999967712693274,0.999996820792307,0.9999960397406413,0.9999972107405375,1.536057127295595e-11,1.4353180573305773e-11,1.441793434019628e-11,0.9999972107405366,1.4433587870150678e-11,1.5205569872274467e-11,1.466484271822122e-11,1.4719639838826062e-11,2.0382478871937566e-11,1.936240263867535e-11,0.9999967712693301,1.4433587813642595e-11,0.9999960724544202,1.5085568599766985e-11,0.9999954081017522,2.3440160405489766e-11,1.7281291249746642e-11,0.9999973153894666,1.4873055538736034e-11,0.9999967712693282,1.4539730840981925e-11,1.4481956062597818e-11,1.514615864160274e-11,1.466484260312769e-11,2.038247894996293e-11,1.5636591464560252e-11,1.480138647113749e-11,1.4967319840362587e-11,2.0382479088132144e-11,0.9999965282296991,2.151189349578191e-11,0.9999972107405362,1.5016896431269058e-11,1.4970231981631042e-11,0.9999972107405364,0.9999961176597517,0.9999972107405382,1.496732033216522e-11,0.9999972107405364,1.4376220872040687e-11,0.9999972107405387
3.790295278663711e-07,-2.2103290742682522e-11,1.5005550904670975e-11,1.0616044543256706e-06,2.177503173162183e-14,2.989952105437092e-08,-3.542338864661595e-11,4.643339848025937e-16,-5.690396086292543e-16,1.50055509050891e-11,1.5005550899348614e-11,-1.7106092154663897e-11,-1.0691085034585221e-10,6.4793940032493345e-15,4.9410882026064315e-15,-2.7563810334746137e-11,4.297250504818187e-12,-1.4071970416375859e-11,-3.699697020926356e-11,4.64350122871416e-16,1.0693390463804985e-11,2.1775045101550543e-14,1.5005550915214978e-11,-5.092061535406364e-11,-5.849870401949894e-11,1.5005550915214978e-11,1.5005550902512867e-11,-1.717465161756846e-11,1.5007976357549592e-11,-3.0082146140387535e-11,1.5007819327297758e-11,-1.8853964702276462e-11,1.5000954834029408e-11,3.8404600356163483e-11,2.992542080690186e-08,3.495516347526031e-12,-1.5058128016832236e-11,4.642199297534536e-16,1.5005550902832372e-11,3.880516739894347e-15,-3.186851032726014e-11,1.5009417165479043e-11,1.5007754859579194e-11,1.5011372974501653e-11,1.5005550908848243e-11,-2.409479649345657e-16,4.625362067157538e-12,-2.1816150086849104e-11,1.50055509050891e-11,-2.3113517035350784e-11,-1.7809856964875752e-11,-1.5058128016809647e-11,6.85877033535595e-11,-5.855970169237375e-15,3.880505790146996e-15,1.5009417146234916e-11,-2.3113517035357628e-11,1.5012926267493926e-11,-2.2829156446441885e-11,2.990064707143625e-08,1.0090847762559101e-14,-8.14358399677237e-15,1.5004407326188026e-11,1.1969627072021086e-11,1.5009417145036415e-11,-6.961030324330633e-11,-5.84987040195101e-11,1.1960825318915776e-10,-1.5058128016827764e-11,-5.855962104470363e-15,-2.0450676626531974e-11,-1.8559899762671654e-11,2.1775046792856535e-14,-5.855970193149536e-15,1.501062090914695e-11,6.4656350147145814e-15,1.500555089836398e-11,-1.1051437690203496e-10,-2.645975423558413e-11,1.500555089660972e-11,1.5010212938380975e-11,1.50055509050891e-11,2.1775047113239912e-14,1.50055509050891e-11,4.297250504812119e-12,1.5005550902735828e-11
3.7898587129878297e-07,2.6258997632483403e-11,1.496731985917388e-11,2.177503173162183e-14,1.0615824528082139e-06,2.985885052099195e-08,2.0568586662065452e-14,6.465643484663768e-16,5.6558642607716405e-15,1.496731987770325e-11,1.496731986460853e-11,9.2640541263442e-16,8.449037713915933e-14,-8.459253431873617e-15,-6.272071561268544e-15,3.979649915634825e-11,-2.0357058676007762e-15,2.7142131687620278e-15,2.69268509918364e-14,6.465718767752526e-16,1.828566972348709e-11,-5.872183693257192e-11,1.4967319879547806e-11,3.170836007854241e-14,4.034165862245246e-14,1.4967319877703332e-11,1.4967319877703332e-11,1.8294004482533463e-14,1.4964509469703494e-11,1.7711078840553874e-14,1.496484584545077e-11,1.926571398483729e-11,1.4973461244843744e-11,-5.0262415514935416e-11,1.496244003218178e-11,-1.7522100746869768e-14,-4.704790121090737e-15,6.465102282032303e-16,1.4967319878739812e-11,-1.0282509630046133e-15,1.887901750781027e-14,1.4961801092094375e-11,1.4963803855631652e-11,1.4959745506799868e-11,1.496731987593427e-11,6.10033077224148e-16,-3.1892542020189013e-15,1.1643063461550709e-14,1.4967319878739815e-11,1.2766939636404972e-14,-8.532439980720723e-16,-4.704800750115872e-15,-5.3584394667328705e-14,3.381217444832916e-15,-1.0282879203878105e-15,1.496180109209518e-11,1.2766943036290151e-14,1.495736108491502e-11,2.184175425180418e-14,2.985699151994708e-08,-1.025988850918716e-14,9.155283836279553e-15,1.4968687145643974e-11,-2.1022121081087916e-11,1.496180109816556e-11,4.634958304730386e-14,4.0341723807527715e-14,-7.632272917781943e-14,-4.704800750115872e-15,3.381206697257178e-15,1.1912397113860916e-14,2.0499453724709024e-11,-5.872183693257139e-11,3.381250854232786e-15,1.4960808975094e-11,-8.440250556797803e-15,1.4967319871760366e-11,9.33397468022569e-14,1.4656531902533146e-14,1.4967319884744788e-11,1.496129946987009e-11,1.496731989135101e-11,-5.872183693250976e-11,1.4967319878739812e-11,-2.0356789636419114e-15,1.4967319861758586e-11
0.9999969866280825,2.8319415928435954e-08,0.9999950053077032,2.989952105437092e-08,2.985885052099195e-08,0.9999938615130183,2.8745883157549108e-08,1.4395496572112271e-11,4.330629795024786e-08,0.9999950053077048,0.9999950053077025,3.0310274329747894e-08,2.9529886299111964e-08,4.065329216756179e-08,4.0654949981424514e-08,2.8581343344513588e-08,1.4377187187838971e-11,2.9050079535651798e-08,2.8862930732669136e-08,1.4395496184445582e-11,2.9078446045116668e-08,2.9858850332277216e-08,0.9999950053077058,3.023878764066644e-08,2.88465231787304e-08,0.9999950053077054,0.9999950053077044,3.141339281398033e-08,0.9999943836937154,2.880094098771684e-08,0.9999946631333347,2.8509988739501034e-08,0.9999951115018529,2.9315960717200147e-08,0.9999941178181575,3.020462133900385e-08,2.922797609547016e-08,1.439549666507615e-11,0.9999950053077062,1.9364500667430957e-11,3.388521740486423e-08,0.9999945658408175,0.9999946153621978,0.999993834315613,0.999995005307706,1.536057509938856e-11,1.4354207126894055e-11,2.8734429893565492e-08,0.9999950053077049,2.8765096570294456e-08,3.030502293333707e-08,2.9227976406610246e-08,2.9376995587912288e-08,4.063022454776529e-08,1.936450107653899e-11,0.9999945658408208,2.8765096496263214e-08,0.9999938670306416,3.006735158056083e-08,0.9999932026654537,4.674178224902154e-08,1.727752200226704e-11,0.9999951099553648,2.9656541085838777e-08,0.9999945658408184,2.8954865746370698e-08,2.8846522985764917e-08,3.025586240146071e-08,2.922797619012932e-08,4.0630224709689624e-08,3.1164838088122485e-08,2.950049786437913e-08,2.9858850439284596e-08,4.063022497280056e-08,0.9999943228029596,4.289360158782887e-08,0.999995005307705,2.988935977574045e-08,2.983344024510064e-08,0.9999950053077044,0.9999939122334718,0.9999950053077062,2.985885139497265e-08,0.9999950053077052,1.4377187139646004e-11,0.999995005307706
3.7787576020077007e-07,-2.1414758191106746e-11,1.4426729300729458e-11,-3.542338864661595e-11,2.0568586662065452e-14,2.8745883157549108e-08,1.061606624086487e-06,4.490940357759416e-16,-1.568206776798356e-15,1.4426729318245815e-11,1.4426729311113612e-11,-1.754328162721682e-11,-1.0531328001162332e-10,6.574907395956154e-15,5.153539239749044e-15,-2.6392460535041908e-11,2.064014012936156e-15,-1.2591317669785701e-11,-3.53825854955446e-11,4.490942732805471e-16,1.2080075035642967e-11,2.0568555913719587e-14,1.4426729299273509e-11,-4.9062912894206066e-11,-5.59239872296907e-11,1.4426729304539276e-11,1.4426729288159174e-11,-7.64997811354641e-15,1.4428995773969213e-11,-2.918152273458531e-11,1.4428726298494929e-11,-1.8590591488418075e-11,1.4422575668738157e-11,1.8494029063987536e-14,1.4431027089052005e-11,-2.2444433409415452e-13,-1.6253645292782752e-11,4.490907029781696e-16,1.4426729299683514e-11,2.6315809090559637e-15,-3.0786071846713886e-11,1.4430635390797416e-11,1.4428970787195056e-11,1.4432320269955253e-11,1.4426729299683514e-11,-2.819934886076918e-17,2.2424775871691775e-15,-2.1487735880905204e-11,1.442672930304567e-11,-2.2730382410002193e-11,-1.873608974593631e-11,-1.625364529276093e-11,6.649691618163755e-11,-4.6978628963438605e-15,2.631572969104757e-15,1.4430635418634055e-11,-2.2730382410008685e-11,1.4433777540291116e-11,-1.0197274512013732e-14,2.874688281614652e-08,9.065316149655027e-15,-7.868777385697952e-15,1.4425594773196321e-11,1.05815951191705e-11,1.443063541712214e-11,-6.888862815772181e-11,-5.5923987229701516e-11,1.219680007439472e-10,-1.6253645292778474e-11,-4.6978865037041115e-15,-2.0082499158052458e-11,-1.814440114523363e-11,2.0568586662065452e-14,-4.6978628963438605e-15,1.4431552165072189e-11,6.5415648170386e-15,1.4426729299594377e-11,-1.0778345398168076e-10,-2.5587122356541015e-11,1.4426729318245815e-11,1.4431178242481024e-11,1.442672931110471e-11,2.056853669251991e-14,1.4426729304061902e-11,2.064013968180637e-15,1.4426729299273509e-11
3.7782909276115045e-07,2.763754443372146e-13,1.4395248455951035e-11,4.643339848025937e-16,6.465643484663768e-16,1.4395496572112271e-11,4.490940357759416e-16,1.0616399292096087e-06,-1.8258250796325612e-15,1.4395248458599144e-11,1.4395248469687699e-11,4.5827637404545106e-15,-1.2753602260755543e-14,1.410991567629481e-16,-6.4953195114095604e-18,-1.5733975725536896e-15,-7.009703289035886e-13,4.4254260134153486e-15,-2.031420832318431e-15,-1.2386913700729205e-12,-7.51970044806486e-15,6.466260383270084e-16,1.4395248480165621e-11,5.736001186193144e-18,-1.9501602127170343e-15,1.4395248455951035e-11,1.4395248450991653e-11,-3.085182233532746e-15,1.4395177107673512e-11,4.0949971211585896e-16,1.4395142260232913e-11,7.066487670582636e-16,1.4394957513465108e-11,1.3317133682374262e-12,1.4394573606474963e-11,5.5079571567592886e-15,6.483973269811491e-15,-1.238691370028481e-12,1.4395248452533997e-11,-1.2581092350314698e-15,2.009637214047528e-16,1.4395507834015874e-11,1.4395565848729095e-11,1.439540648255415e-11,1.439524845830559e-11,1.4661344717611703e-16,4.692285334570047e-13,6.796160823580644e-16,1.4395248450991653e-11,5.280402142278685e-16,5.3861756910240506e-15,6.483915823019265e-15,1.3759366073734239e-11,1.5126602645621206e-15,-1.2581092350314698e-15,1.4395507817402712e-11,5.280410815711677e-16,1.4395617254222405e-11,-2.7393538829073886e-15,2.8700217003036483e-08,-6.782535083763629e-16,4.770948304026407e-16,1.4395280781377421e-11,8.307743621985342e-16,1.4395507844676957e-11,-3.582408945728259e-15,-1.9501602127170343e-15,7.707713423437385e-15,6.483973269811491e-15,1.5126602645621206e-15,1.6881843917735515e-16,7.493550450087974e-13,6.465102282032303e-16,1.5126275100375405e-15,1.4395408559169088e-11,1.4754518382729314e-16,1.4395248480165621e-11,-1.5701050798982343e-14,5.625512427854796e-16,1.4395248480165621e-11,1.4395290848924365e-11,1.4395248470171192e-11,6.465643484663768e-16,1.4395248450991653e-11,-7.009703289087225e-13,1.4395248469687697e-11
3.92435862766077e-07,5.235386098191127e-17,2.17215683864462e-11,-5.690396086292543e-16,5.6558642607716405e-15,4.330629795024786e-08,-1.568206776798356e-15,-1.8258250796325612e-15,1.0615425965805865e-06,2.1721568379766872e-11,2.172156840457969e-11,4.784349730012502e-15,-1.0084904974924191e-14,1.2682026874451969e-14,1.384760551862007e-14,-1.9343367314646907e-15,-5.783794725551295e-16,-2.1235161186436287e-16,-4.684541677285178e-15,-1.8258505757335816e-15,-7.514912993231859e-15,5.6558785620948235e-15,2.1721568406076457e-11,-4.527811607596598e-15,-5.630033172755344e-15,2.1721568386489282e-11,2.172156838646751e-11,-7.921356012474024e-15,4.330029411196509e-08,-1.989936472964001e-15,4.329200382353438e-08,1.4080244332268735e-15,4.3321389571630636e-08,3.3284993021009307e-15,4.330809083867254e-08,1.1345441672063692e-14,7.286660859199412e-15,-1.8258244817270525e-15,2.17215683864462e-11,-9.763608591743947e-11,5.033351972691597e-12,2.1730208378232383e-11,2.1727752297036522e-11,4.330723991407983e-08,2.172156840457969e-11,2.5687244932107995e-16,-2.1166564496583563e-16,-3.8943585855856863e-16,2.172156838442086e-11,-1.0566555361700607e-15,6.257949781937067e-15,7.286660859199412e-15,6.2506427836128785e-15,4.0627943156936554e-14,-9.763608591737531e-11,2.1730208359149598e-11,-1.0566807068252968e-15,4.3307709226180246e-08,-9.128789121429458e-15,4.3306929461948356e-08,-5.789675051771764e-11,-3.8738751508752577e-16,2.1720466687470115e-11,4.681116670066559e-15,2.173020837441752e-11,-2.6555217451138696e-15,-5.630050536287658e-15,-2.9719929609054864e-15,7.286717281428276e-15,4.062790769360803e-14,-1.7501619837509433e-15,1.219707095623587e-15,5.655806139003587e-15,4.062790769360803e-14,4.33023182864179e-08,1.1967004626237294e-14,2.172156838356016e-11,-1.3340640215878697e-14,1.0804275143163999e-11,2.172156840457969e-11,4.330709749159239e-08,2.1721568404149313e-11,5.655840784428849e-15,2.172156840457969e-11,-5.784155602675903e-16,2.172156838505833e-11
0.9999991920720235,1.4209689817930232e-11,0.999997210740536,1.50055509050891e-11,1.496731987770325e-11,0.9999950053077048,1.4426729318245815e-11,1.4395248458599144e-11,2.1721568379766872e-11,0.999998272381682,0.9999972107405352,1.5207777363820407e-11,1.4836344454866338e-11,2.0388183524015475e-11,2.038969071486307e-11,1.434209419728529e-11,1.4376220898913452e-11,1.457407137168011e-11,1.4485365707427264e-11,1.4395248094581943e-11,1.4581718805457563e-11,1.496731981138972e-11,0.9999972107405377,1.5178834553404627e-11,1.4481956187395053e-11,0.9999972107405377,0.9999972107405365,1.5759592890557804e-11,0.9999965891229384,1.4453028109777116e-11,0.9999968685632993,1.4304709659015816e-11,0.999997316939018,1.469583364145309e-11,0.9999963232450368,1.5151261719650757e-11,1.4664842562269596e-11,1.4395248564602107e-11,0.9999972107405387,1.9362402234269197e-11,1.7003687944982666e-11,0.9999967712693281,0.9999968207923089,0.9999960397406419,0.999997210740539,1.536057128890757e-11,1.4353180605433628e-11,1.4417934342581778e-11,0.9999972107405385,1.4433587856928231e-11,1.5205569860240853e-11,1.4664842730055108e-11,1.4719639849553625e-11,2.0382478904439147e-11,1.9362402644148557e-11,0.9999967712693305,1.4433587813642595e-11,0.9999960724544221,1.508556862582562e-11,0.9999954081017531,2.3440160405489766e-11,1.728129124805e-11,0.9999973153894673,1.4873055540892293e-11,0.999996771269328,1.4539730844982095e-11,1.4481956073616946e-11,1.514615866024189e-11,1.4664842613883097e-11,2.0382478964868138e-11,1.5636591484599966e-11,1.480138648851347e-11,1.4967319847930397e-11,2.0382479071141392e-11,0.9999965282297009,2.151189351221723e-11,0.9999972107405382,1.5016896424015485e-11,1.4970231974293772e-11,0.9999972107405375,0.9999961176597522,0.9999972107405389,1.496732033216522e-11,0.9999972107405377,1.437622083753198e-11,0.9999972107405402
0.999999192072023,1.4209689799599933e-11,0.9999972107405344,1.5005550899348614e-11,1.496731986460853e-11,0.9999950053077025,1.4426729311113612e-11,1.4395248469687699e-11,2.172156840457969e-11,0.9999972107405352,0.9999982723816792,1.5207777346798872e-11,1.483634446051118e-11,2.0388183523379706e-11,2.038969071442876e-11,1.4342094198029869e-11,1.437622089543412e-11,1.4574071370662598e-11,1.4485365701588828e-11,1.439524808172196e-11,1.458171878630338e-11,1.49673197788518e-11,0.9999972107405368,1.5178834523859655e-11,1.448195617697414e-11,0.9999972107405358,0.9999972107405356,1.5759592889840287e-11,0.9999965891229352,1.4453028107751869e-11,0.9999968685632967,1.4304709676710901e-11,0.9999973169390153,1.469583365136658e-11,0.9999963232450345,1.5151261713711703e-11,1.4664842568055766e-11,1.4395248564602107e-11,0.9999972107405369,1.9362402241868263e-11,1.7003687936384414e-11,0.9999967712693256,0.9999968207923053,0.99999603974064,0.9999972107405375,1.536057128531519e-11,1.4353180594337343e-11,1.4417934358770414e-11,0.9999972107405352,1.4433587870150678e-11,1.5205569868866466e-11,1.4664842730055108e-11,1.4719639849238993e-11,2.038247889129015e-11,1.9362402634583396e-11,0.9999967712693282,1.4433587845429975e-11,0.99999607245442,1.5085568624462976e-11,0.9999954081017506,2.344016042206188e-11,1.7281291249746642e-11,0.9999973153894655,1.4873055540892293e-11,0.9999967712693268,1.4539730840981925e-11,1.4481956062521608e-11,1.5146158623581177e-11,1.4664842603127707e-11,2.0382478964868138e-11,1.5636591479132996e-11,1.4801386475101665e-11,1.4967319840791716e-11,2.0382479088132144e-11,0.9999965282296988,2.1511893498688773e-11,0.9999972107405356,1.5016896432771673e-11,1.4970231979338924e-11,0.9999972107405345,0.9999961176597507,0.999997210740537,1.4967320335729965e-11,0.9999972107405356,1.4376220831803124e-11,0.9999972107405378
3.794384543535919e-07,-8.239736168154419e-12,1.5207777351831426e-11,-1.7106092154663897e-11,9.2640541263442e-16,3.0310274329747894e-08,-1.754328162721682e-11,4.5827637404545106e-15,4.784349730012502e-15,1.5207777363820407e-11,1.5207777346798872e-11,1.0615666404872373e-06,7.851122631901243e-14,3.0949646938639835e-15,4.081688201789756e-15,1.6149155558775255e-11,3.1383460733536805e-15,-6.873282506162148e-11,1.9963492396523464e-11,4.582770257352189e-15,5.910455991903828e-14,9.264222414423442e-16,1.520777735538581e-11,-7.528360700474115e-15,1.3049144970810532e-11,1.5207777355192914e-11,1.5207777359487962e-11,4.2333694574662066e-11,1.5208362035253562e-11,-1.5192763731242522e-11,1.520780416450184e-11,-1.6170821686868017e-11,1.521037841386761e-11,4.432346846289647e-16,3.0331869086704454e-08,-4.321616025428146e-14,-1.0334368556066912e-10,4.582773969937524e-15,1.5207777359487965e-11,1.5721287599434625e-15,-1.1040287273014025e-11,1.520835952812438e-11,1.5207013642694646e-11,1.5208060384764842e-11,1.5207777368539072e-11,-7.338459725133193e-16,-1.173125094461676e-15,-1.7141555110806612e-11,1.5207777351831426e-11,-1.537194410695966e-11,-8.746156119765193e-11,-1.0334368556064662e-10,-4.1758218848296105e-14,-5.5057814261995536e-15,1.5721327623610994e-15,1.5208359529051337e-11,-1.537194410696659e-11,1.5206840010845246e-11,3.599062902122905e-11,3.030957229295595e-08,2.5110688027814804e-15,-5.894103167565339e-15,1.5207019833807722e-11,-4.966944301563086e-15,1.5208359508310562e-11,3.107849262437088e-11,1.3049144970799445e-11,-3.602449087480856e-14,-1.0334368556066457e-10,-5.5057814261995536e-15,-9.263823364984499e-12,-1.0829956973019414e-11,9.26420180778243e-16,-5.505830702657898e-15,1.5207469775596868e-11,2.903113671598912e-15,1.5207777368539072e-11,1.0088635705185063e-13,-1.4269677523175017e-11,1.5207777364312693e-11,1.5208575766709635e-11,1.5207777353841107e-11,9.2640541263442e-16,1.5207777359805412e-11,3.13835215479361e-15,1.5207777359805412e-11
3.7866437532751335e-07,-7.363591287797036e-11,1.4836344444440292e-11,-1.0691085034585221e-10,8.449037713915933e-14,2.9529886299111964e-08,-1.0531328001162332e-10,-1.2753602260755543e-14,-1.0084904974924191e-14,1.4836344454866338e-11,1.483634446051118e-11,7.851122631901243e-14,1.0605825402755295e-06,1.7533500523081268e-14,7.610285375560049e-15,-1.755851351358793e-10,-1.061887945964421e-15,1.9324969448889685e-10,-2.2659012761598177e-10,-1.2753670466165045e-14,-3.1956085648992694e-10,8.449037713915933e-14,1.483634444646488e-11,-1.731825231500915e-10,-2.95546467800163e-10,1.4836344444440292e-11,1.4836344454866338e-11,-9.623126724312292e-14,1.4845585573087372e-11,-8.474392431818646e-11,1.484698317963518e-11,-3.858303211312741e-11,1.480721621550766e-11,8.248509944476484e-14,1.4833105988092036e-11,2.3581334573504473e-10,1.256002208960556e-13,-1.2753635740583785e-14,1.4836344469910126e-11,1.932435036684274e-14,-1.1018915490000855e-10,1.4850269845077194e-11,1.4847648831590938e-11,1.486098406033962e-11,1.4836344447130193e-11,5.089283312880794e-15,1.4821669160711565e-14,-4.738325193258791e-11,1.4836344469906905e-11,-5.851227855627896e-11,9.382476805598624e-14,1.2560030358107933e-13,6.001246742593239e-10,-1.288722774831641e-14,1.9324333162592357e-14,1.485026985792839e-11,-5.851227855628569e-11,1.487139114099727e-11,-9.389006943544141e-14,2.953549492938034e-08,4.1211076159794307e-14,-1.6567836803214277e-14,1.483382122399841e-11,6.567412473243244e-11,1.4850269848231667e-11,-4.5361994927977355e-10,-2.9554646780017295e-10,4.607745724350629e-13,1.2560022089821715e-13,-1.2887250230087018e-14,-6.537898427654126e-11,-5.258051050075387e-11,8.449028452808284e-14,-1.2887218704560698e-14,1.486023099834126e-11,1.817091403506509e-14,1.4836344457914298e-11,-1.2077907802032645e-09,-7.799162805993366e-11,1.4836344444440292e-11,1.4853535265561755e-11,1.4836344445894404e-11,8.4490284528078e-14,1.4836344459902688e-11,-1.061854411428163e-15,1.4836344459902688e-11
3.8978175900077373e-07,3.7764627362053575e-15,2.038818351568581e-11,6.4793940032493345e-15,-8.459253431873617e-15,4.065329216756179e-08,6.574907395956154e-15,1.410991567629481e-16,1.2682026874451969e-14,2.0388183524015475e-11,2.0388183523379706e-11,3.0949646938639835e-15,1.7533500523081268e-14,1.061630213928175e-06,-1.0639357857086932e-11,4.691183442364976e-15,-6.685885026879532e-16,3.4763907582040603e-15,6.845378855888224e-15,1.4106609328462823e-16,-2.23510800811298e-15,-8.459210996038458e-15,2.0388183516867504e-11,9.756829690772709e-15,1.0709801367860917e-14,2.0388183525749068e-11,2.0388183523162355e-11,3.8652764626010056e-15,2.0388082013837844e-11,5.7330599200668766e-15,2.0389235958958667e-11,3.0878802752799974e-15,2.0387582464463898e-11,-7.128761485480486e-15,4.064365887090302e-08,-1.382618480312752e-15,2.7433995521538534e-15,1.4108362331941485e-16,2.038818351110975e-11,1.1248130397066758e-14,4.803499149835089e-15,4.064061074054577e-08,2.0385896987852736e-11,4.064341637905417e-08,2.0388183507449464e-11,-1.2292751877731372e-17,-6.641750934569868e-16,4.047507149584807e-15,2.0388183517420018e-11,4.394564438923459e-15,3.1428862199945272e-15,2.7433995533683e-15,-1.1361486529855472e-14,-8.322502089217947e-15,1.1248050222850276e-14,4.0640610740545945e-08,4.394558156541964e-15,4.0642397081990544e-08,5.1607025091579264e-15,4.065283841447509e-08,8.109620053774587e-12,2.9783140951110287e-15,2.03888726951577e-11,-2.8303991213790363e-15,4.064061074054583e-08,1.1759207926797978e-14,1.0709801367860917e-14,-1.8458139720422623e-14,2.7433995533683e-15,-8.32241363131118e-15,4.010505313832846e-15,2.968701156359107e-15,-8.459224239958162e-15,-8.322502089217947e-15,2.038699111195942e-11,-1.0565168646522597e-11,2.0388183523162355e-11,1.8001100975948975e-14,3.2508264225141e-15,2.038818351685049e-11,4.064418848671521e-08,2.0388183520454178e-11,-8.459210996038458e-15,2.0388183520454178e-11,-6.685885026879532e-16,2.0388183522516284e-11
3.897835638673406e-07,2.782535406466623e-15,2.0389690714127084e-11,4.9410882026064315e-15,-6.272071561268544e-15,4.0654949981424514e-08,5.153539239749044e-15,-6.4953195114095604e-18,1.384760551862007e-14,2.038969071486307e-11,2.038969071442876e-11,4.081688201789756e-15,7.610285375560049e-15,-1.0639357857086932e-11,1.0616303295769916e-06,2.7763499168213057e-15,-5.868859203774882e-16,4.600122598804502e-15,4.384555184700478e-15,-6.4953195114095604e-18,-4.700624549347395e-15,-6.272149526274488e-15,2.038969069406147e-11,7.492963759599007e-15,7.278552587480664e-15,2.038969071486307e-11,2.038969071875788e-11,1.967151837587479e-15,2.0389910330543134e-11,4.5523265883873855e-15,2.0391203851671686e-11,2.455713502839337e-15,2.038820386882318e-11,-5.128383128397827e-15,4.064692253200908e-08,8.923336362399387e-16,4.573138829544435e-15,-6.4743423490195396e-18,2.0389690714640734e-11,1.3069121737627793e-14,6.525156947998385e-12,4.0643880870985436e-08,2.0387502788409962e-11,4.0647631923019604e-08,2.0389690689777614e-11,-9.664016452771282e-18,-3.3753185905580173e-16,3.3325054240228757e-15,2.0389690717888507e-11,3.578601306499043e-15,4.4095677894929486e-15,4.573138829544435e-15,-5.454388762153191e-15,-9.891999944817429e-15,1.3068963992055018e-14,4.0643880870985575e-08,3.578607856702705e-15,4.064707560948617e-08,3.1583532866747323e-15,4.0654641692794306e-08,1.1799439785304985e-11,2.4184413089177235e-15,2.0390329248247522e-11,-2.0252341436610514e-15,4.0643880870985455e-08,7.146486555520522e-15,7.278557721645202e-15,-9.831129118237793e-15,4.573138829546197e-15,-9.891999944817429e-15,3.192401982834374e-15,2.2089372393603025e-15,-6.2721551359777424e-15,-9.891999944817429e-15,2.0389129695176734e-11,-1.0187180036373196e-11,2.038969071875788e-11,6.730744380118708e-15,2.0229470256842307e-15,2.038969071875788e-11,4.0648097620433326e-08,2.038969071875788e-11,-6.2721551359777424e-15,2.0389690714127084e-11,-5.868525075684285e-16,2.038969071486307e-11
3.7771152880427864e-07,-1.7640510417646054e-11,1.4342094180590163e-11,-2.7563810334746137e-11,3.979649915634825e-11,2.8581343344513588e-08,-2.6392460535041908e-11,-1.5733975725536896e-15,-1.9343367314646907e-15,1.434209419728529e-11,1.4342094198029869e-11,1.6149155558775255e-11,-1.755851351358793e-10,4.691183442364976e-15,2.7763499168213057e-15,1.0616075734330828e-06,6.551679833142547e-16,1.8647102734447303e-11,-4.413379602222853e-11,-1.5733962989834535e-15,-4.117344822838004e-11,3.9796499156351375e-11,1.4342094190929437e-11,-2.100633101214668e-14,-6.14583250267179e-11,1.4342094188671412e-11,1.4342094197616254e-11,-1.7083412433553674e-14,1.4344192966367858e-11,-2.208713698615812e-11,1.4344334501215247e-11,-1.1279414915235582e-11,1.433646862026982e-11,3.621241586361072e-11,1.4343530251985608e-11,1.9301182333062482e-14,3.042842809173991e-11,-1.5733971675241062e-15,1.434209419728529e-11,3.714375041512795e-15,-2.590468349162995e-11,1.4345412265221352e-11,1.4344452887027435e-11,1.4347521907455599e-11,1.4342094197572753e-11,2.8134844869060534e-16,2.7816804044727733e-15,-1.360348148707694e-11,1.4342094187252718e-11,-1.560462129582211e-11,2.077724295690048e-11,3.042842809176169e-11,5.2103940882700376e-14,-3.682998417238259e-15,3.714370187124252e-15,1.4345412254937637e-11,-1.560462129582879e-11,1.4349528529248037e-11,-1.815213656188409e-14,2.858265223412618e-08,8.982690010342755e-15,-5.163772971753824e-15,1.4341347299200457e-11,1.482684057934896e-11,1.4345412249310778e-11,-8.265275183154523e-11,-6.145832502672885e-11,1.5424486533840464e-10,3.042842809174456e-11,-3.682992880526648e-15,-1.569726499973119e-11,-1.3264173702258019e-11,3.979649915635209e-11,-3.68299266475183e-15,1.4347116746887609e-11,4.7718189602646144e-15,1.434209419728529e-11,-1.9820648592076652e-10,-1.944117718659586e-11,1.4342094190160436e-11,1.4346151188290254e-11,1.4342094211064778e-11,3.9796499156413556e-11,1.4342094197616254e-11,6.551638143134889e-16,1.4342094190929437e-11
3.777923963178618e-07,2.4230562962738004e-12,1.4376220896153575e-11,4.297250504818187e-12,-2.0357058676007762e-15,1.4377187187838971e-11,2.064014012936156e-15,-7.009703289035886e-13,-5.783794725551295e-16,1.4376220898913452e-11,1.437622089543412e-11,3.1383460733536805e-15,-1.061887945964421e-15,-6.685885026879532e-16,-5.868859203774882e-16,6.551679833142547e-16,1.0616403686925134e-06,3.080863981289756e-15,9.421960658661712e-16,-7.009703289440358e-13,-4.2437208536561905e-15,-2.0357058676007762e-15,1.4376220895716294e-11,2.698154586230556e-15,2.125370571151755e-15,1.4376220898310095e-11,1.437622090362205e-11,-5.353488090464419e-16,1.4375942524850005e-11,1.783902970918414e-15,1.4375964383405437e-11,1.3058932749821542e-15,1.4376517744760204e-11,-3.382436804297559e-12,1.4375370116933613e-11,2.311244407303579e-15,3.942366244802088e-15,-7.009703288996275e-13,1.4376220887082889e-11,-7.644378103407428e-16,1.7373054888062342e-15,1.4375896373540585e-11,1.437611281886274e-11,1.4375678922541093e-11,1.4376220898310095e-11,1.2598826471734383e-16,-2.330050109215473e-13,1.4595071621996235e-15,1.4376220895403969e-11,1.4554682736529213e-15,3.540918655460745e-15,3.942366244802088e-15,-9.538530878289316e-14,1.153706400633296e-15,-7.644378103407428e-16,1.4375896382180715e-11,1.4554602820690014e-15,1.4375618938881234e-11,-2.653150484142062e-17,2.866352152611157e-08,-1.227894526975811e-15,1.0927200378476884e-15,1.4376362683658015e-11,-3.018951291121732e-16,1.4375896373540585e-11,1.6845742169352037e-15,2.125378836087199e-15,-1.7836593256398975e-15,3.942365721691052e-15,1.1536657873986675e-15,1.143363139968002e-15,2.2583481996908103e-12,-2.0357911513249574e-15,1.153706400633296e-15,1.437577846982982e-11,-6.600944902451547e-16,1.4376220903583465e-11,-2.295430660322857e-15,1.614932345297402e-15,1.4376220878077587e-11,1.437573793644903e-11,1.4376220878077587e-11,-2.0357058676007762e-15,1.4376220893786668e-11,-8.005345572286711e-13,1.4376220885666576e-11
3.7817881607538573e-07,-5.4049271848392904e-12,1.4574071370714535e-11,-1.4071970416375859e-11,2.7142131687620278e-15,2.9050079535651798e-08,-1.2591317669785701e-11,4.4254260134153486e-15,-2.1235161186436287e-16,1.457407137168011e-11,1.4574071370662598e-11,-6.873282506162148e-11,1.9324969448889685e-10,3.4763907582040603e-15,4.600122598804502e-15,1.8647102734447303e-11,3.080863981289756e-15,1.061561598249702e-06,2.181842350951902e-11,4.4254092876064126e-15,1.0993729063810703e-10,2.714216219873219e-15,1.4574071372803984e-11,-6.228331081562626e-15,1.5208826489253967e-11,1.4574071371093736e-11,1.4574071372803984e-11,1.7433468051580287e-14,1.4574185158996027e-11,-1.2453803329334362e-11,1.4573366888753183e-11,-1.1539808480346459e-11,1.457748556482134e-11,-1.0121662019144913e-12,1.4581155545613794e-11,-3.145066686726363e-14,-9.408783397240985e-11,4.425411513876288e-15,1.457407137168011e-11,-3.49049034157173e-15,-6.2678189472278625e-12,1.457517363778025e-11,1.4573731985083598e-11,1.457397836344687e-11,1.4574071372803984e-11,-2.1299814875807053e-15,-1.6506014737286583e-15,-1.2846018040351134e-11,1.457407137577659e-11,-1.1165882620795264e-11,-7.827639657361063e-11,-9.408783397238822e-11,-4.918364128507636e-14,-1.5156288367091227e-15,-3.490482771989468e-15,1.4575173637426125e-11,-1.11658826208018e-11,1.4572806741714953e-11,1.2720388707854522e-14,2.9049938690930356e-08,-1.2934854663520199e-15,-5.341314746628882e-15,1.4573336788272044e-11,-3.1052576020367807e-12,1.457517362972195e-11,5.3404260638720274e-11,1.5208826489243165e-11,-1.4075651979523363e-10,-9.408783397240562e-11,-1.5156411902226015e-15,-5.804936205892162e-12,-7.0329434524044994e-12,2.714216219873219e-15,-1.5156370113803254e-15,1.45731023607573e-11,3.228880372927998e-15,1.4574071391619593e-11,1.1702230327419814e-13,-8.854215999057938e-12,1.4574071372803984e-11,1.4574827653703114e-11,1.4574071372803984e-11,2.714216219873219e-15,1.4574071379090095e-11,3.0808176201997663e-15,1.4574071380091203e-11
3.77993588609175e-07,-2.3493985398157766e-11,1.448536569930498e-11,-3.699697020926356e-11,2.69268509918364e-14,2.8862930732669136e-08,-3.53825854955446e-11,-2.031420832318431e-15,-4.684541677285178e-15,1.4485365707427264e-11,1.4485365701588828e-11,1.9963492396523464e-11,-2.2659012761598177e-10,6.845378855888224e-15,4.384555184700478e-15,-4.413379602222853e-11,9.421960658661712e-16,2.181842350951902e-11,1.061582893363456e-06,-2.0314237952934814e-15,-5.2260964369078564e-11,2.69268590986135e-14,1.448536572088043e-11,-2.824053854857599e-14,-8.158199960560215e-11,1.4485365706145285e-11,1.4485365706091508e-11,-2.2648172596028332e-14,1.4488034339694759e-11,-2.97850489514606e-11,1.4488025643118436e-11,-1.5042059160346768e-11,1.447832140741271e-11,2.4223963952470934e-14,1.4487581040079836e-11,2.5650873403887942e-14,3.85091917570713e-11,-2.03141839696038e-15,1.4485365706145285e-11,2.7400235146777086e-15,-3.42353966947701e-11,1.4490166689166274e-11,1.4488748183913109e-11,1.4492594525939521e-11,1.448536572088043e-11,2.5460830315186433e-16,3.617973847399391e-15,-1.8324474662454588e-11,1.4485365715818496e-11,-2.0987932854129655e-11,2.608544014653457e-11,3.8509191757093234e-11,6.766058445455465e-14,-3.2199719719855193e-15,2.7400233623173303e-15,1.4490166713589523e-11,-2.0987932854136253e-11,1.4495237411261672e-11,-2.4330697280588537e-14,2.8864711570037935e-08,1.0628546248723387e-14,-7.022456492538573e-15,1.448430827073391e-11,1.017371337353039e-14,1.4490166713509182e-11,-1.074439207754484e-10,-8.158199960561286e-11,1.9740078388701103e-10,3.85091917570759e-11,-3.2199719719855193e-15,-2.103087611569501e-11,-1.759320525593826e-11,2.6926841776704653e-14,-3.2199671872636248e-15,1.4491919010652302e-11,6.91521593782618e-15,1.4485365721124148e-11,-2.558811714149453e-10,-2.5472355444821324e-11,1.448536572088043e-11,1.4490810082720971e-11,1.448536572088043e-11,2.692685290285836e-14,1.4485365715763764e-11,9.422079504068717e-16,1.4485365729077874e-11
3.7782909221003657e-07,2.7637544429583184e-13,1.4395248097869113e-11,4.64350122871416e-16,6.465718767752526e-16,1.4395496184445582e-11,4.490942732805471e-16,-1.2386913700729205e-12,-1.8258505757335816e-15,1.4395248094581943e-11,1.439524808172196e-11,4.582770257352189e-15,-1.2753670466165045e-14,1.4106609328462823e-16,-6.4953195114095604e-18,-1.5733962989834535e-15,-7.009703289440358e-13,4.4254092876064126e-15,-2.0314237952934814e-15,1.0616399292096087e-06,-7.519679491859495e-15,6.465718767752526e-16,1.4395248074908741e-11,5.721436862066809e-18,-1.950172813543945e-15,1.4395248099772374e-11,1.439524806113638e-11,-3.0851041820592287e-15,1.4395176739709569e-11,4.0949971211585896e-16,1.4395141880490241e-11,7.06649029440028e-16,1.439495712855236e-11,1.3317133681961728e-12,1.4394573239407346e-11,5.5079571567592886e-15,6.483964089517179e-15,-1.2386913700689395e-12,1.4395248094581943e-11,-1.2581095801811997e-15,2.0097250944310318e-16,1.4395507461917553e-11,1.4395565472685917e-11,1.4395406112798706e-11,1.4395248094581943e-11,1.4661344717611703e-16,4.69228533416446e-13,6.796295111114617e-16,1.439524808172196e-11,5.280452998027589e-16,5.386172306143786e-15,6.483963740396932e-15,1.3759366073691825e-11,1.5126602645621206e-15,-1.2580901206882672e-15,1.4395507448629105e-11,5.280274796427593e-16,1.4395616886659371e-11,-2.739349067367876e-15,2.8700216267564773e-08,-6.783104780237705e-16,4.770378409534429e-16,1.4395280416960328e-11,8.307901459328479e-16,1.4395507462155958e-11,-3.582422650287432e-15,-1.9501593780295992e-15,7.707691276487281e-15,6.483987995291837e-15,1.5126710091057798e-15,1.6883422021490033e-16,7.493550449657235e-13,6.465827573777696e-16,1.5126710091057798e-15,1.4395408195671062e-11,1.4747175157128238e-16,1.4395248099772374e-11,-1.5701094837408375e-14,5.625429592794126e-16,1.4395248074908741e-11,1.4395290479838505e-11,1.4395248061136412e-11,6.465484961923449e-16,1.4395248097869113e-11,-7.009703289491692e-13,1.4395248096031028e-11
