1.0000000029710054,0.9999833480733284,0.9999829555423474,0.9999812026906763,1.23822416110447e-05,4.704492349097892e-06,0.9999827028651431,4.704492350480691e-06,5.6919251831292505e-06,0.999982198426591,0.9999829555423465,4.696807177195797e-06,4.704492350545533e-06,4.690125115298515e-06,0.9999829742410833,4.74223520870269e-06,0.9999828052535107,0.9999828052535132,1.2608158669799007e-05,5.1173200050876515e-06,6.785030535797244e-06,0.9999826232735466,4.717683118783166e-06,4.704492347644776e-06,4.723084777348648e-06,4.704492350706371e-06,4.74223520870269e-06,4.97674529986838e-06,0.9999829488133836,4.696807177552243e-06,4.7805476608818594e-06,5.2479251375319945e-06,0.9999829555423456,0.9999830095538039,4.704492350725432e-06,0.9999821408669937,4.696807176005429e-06,4.690125115298515e-06,5.069854929661281e-06,4.704492350740058e-06,4.690125116018062e-06
0.9999833480733284,0.9999789499682419,0.9999703441798325,0.9999685913397027,8.36360130064948e-06,6.859175198205975e-07,0.9999700915045494,6.859175191232739e-07,1.6733418330952651e-06,0.9999695870688549,0.9999703441798328,6.782324080809959e-07,6.859175186567891e-07,6.715503908220692e-07,0.9999703628784422,7.23660023062833e-07,0.9999701938921255,0.9999701938921247,8.589516902927955e-06,1.0987416687749101e-06,2.766437703759625e-06,0.9999700119135386,6.991082269625989e-07,6.859175194867621e-07,7.045098396374518e-07,6.859175197372281e-07,7.236600228572114e-07,9.581681580193552e-07,0.9999703374509284,6.782324074261171e-07,7.619722417168024e-07,1.2293456663471712e-06,0.9999703441798313,0.9999703981908835,6.859175192329068e-07,0.9999695295100307,6.782324072242825e-07,6.715503909656487e-07,1.0512769082579587e-06,6.85917519118153e-07,6.715503898864526e-07
0.9999829555423474,0.9999703441798325,0.9999781649122723,0.9999681988119707,8.363598108320274e-06,3.4540277707838287e-10,0.999969698976751,3.4540277658373657e-10,1.6733411585154316e-06,0.9999691945410193,0.9999699516519747,3.4153283792633497e-10,3.4540277626951557e-10,3.3816801935113016e-10,0.999969970350583,3.6440850870950034e-10,0.9999698013643006,0.9999698013643018,8.589513697801472e-06,5.532858068254445e-10,2.7664365895559593e-06,0.9999696193857532,3.520451336463383e-10,3.454027767482265e-10,3.547651869678533e-10,3.454027770948735e-10,3.644085086080166e-10,4.824981665708814e-10,0.9999699449230728,3.4153283757404325e-10,3.8370113550146193e-10,6.190531660877664e-10,0.9999699516519739,0.9999700056630155,3.4540277673075706e-10,0.9999691369822624,3.415328376044531e-10,3.381680194460276e-10,5.29384297532499e-10,3.454027765574289e-10,3.381680187499195e-10
0.9999812026906763,0.9999685913397027,0.9999681988119707,0.9999746592288885,4.211594552117919e-09,3.4540209336620206e-10,0.9999679461367809,3.4540209275990975e-10,8.426317168926701e-10,0.9999674416996155,0.9999681988119703,3.415321619569176e-10,3.454020923708346e-10,3.381673351756562e-10,0.9999682175105962,3.644077678309247e-10,0.9999680485242947,0.9999680485242951,4.325357527865858e-09,5.532848053795452e-10,1.393073501012391e-09,0.999967866545761,3.5204448047828147e-10,3.4540209278594427e-10,3.54764530113888e-10,3.454020931840583e-10,3.6440776759591957e-10,4.824972715195799e-10,0.9999681920830784,3.4153216160955085e-10,3.8370043931631224e-10,6.190520417553172e-10,0.9999681988119687,0.9999682528230079,3.454020928036145e-10,0.9999673841413842,3.415321616751966e-10,3.381673353883797e-10,5.293832616802744e-10,3.454020925759308e-10,3.381673348297682e-10
1.23822416110447e-05,8.36360130064948e-06,8.363598108320274e-06,4.211594552117919e-09,8.21333210505449e-06,2.9159058785659412e-15,8.363596062546668e-06,2.9159734914573047e-15,1.408116236585516e-11,8.363592269456682e-06,8.363598108320271e-06,2.883280828851382e-15,2.9161016946216523e-15,2.857854464534148e-15,8.363598255650802e-06,3.080307657926353e-15,8.363596895000499e-06,8.363596895000511e-06,3.6138997720749786e-14,4.652795740636948e-15,2.3276292140054975e-11,8.36359542461959e-06,2.9635077037064223e-15,2.9160661071146773e-15,2.986110078163774e-15,2.9161016946216523e-15,3.080581592854669e-15,4.0615492735505336e-15,8.363598052195604e-06,2.88334479944296e-15,3.227050437233954e-15,5.205969395084487e-15,8.36359810832026e-06,8.363598544337235e-06,2.9160273770735523e-15,4.211598205409025e-09,2.8833203901731854e-15,2.8578006777409294e-15,4.466748568288941e-15,2.9161283192351227e-15,2.8578559096467873e-15
4.704492349097892e-06,6.859175198205975e-07,3.4540277707838287e-10,3.4540209336620206e-10,2.9159058785659412e-15,8.213262553539867e-06,3.454026839414511e-10,4.689047726332833e-13,5.789438588539736e-16,3.454024770971114e-10,3.454027769614312e-10,2.3353260558293325e-16,4.689047725146501e-13,2.308040940732509e-16,3.4540278421790023e-10,2.486069037071324e-16,3.454027213387194e-10,3.4540272135659356e-10,3.004285197227443e-15,3.8040072138527426e-16,9.572277039232774e-16,3.454026539162496e-10,2.4195215957468044e-16,4.689047724754696e-13,2.4350345956112456e-16,4.689047728943506e-13,2.4863898786427523e-16,3.31208138451187e-16,3.454027746632178e-10,2.3371136713646406e-16,2.641889531727254e-16,4.2573241502907995e-16,3.4540277697846183e-10,3.4540279718843045e-10,4.689047723095021e-13,3.4540246305815033e-10,2.334101205784025e-16,2.30953635864635e-16,3.6221676962788823e-16,4.689047721966671e-13,2.3082794446615354e-16
0.9999827028651431,0.9999700915045494,0.999969698976751,0.9999679461367809,8.363596062546668e-06,3.454026839414511e-10,0.9999776595617628,3.4540268335694384e-10,1.6733407234264986e-06,0.9999689418657877,0.9999696989767501,3.415327457250067e-10,3.4540268315435567e-10,3.3816792694017383e-10,0.9999697176753579,3.644084085940405e-10,0.9999695486890949,0.999969548689096,8.589511649590519e-06,1.0987409462286913e-06,1.3930757011087856e-09,0.999969366710572,3.5204504174730636e-10,3.4540268356625977e-10,3.547650944573419e-10,3.4540268362817377e-10,3.6440840872511764e-10,4.824980404785812e-10,0.9999696922478514,3.4153274540284666e-10,7.619717401287426e-07,1.2293448567517308e-06,0.9999696989767488,0.9999697529877847,3.454026834000847e-10,0.9999688843070733,3.4153274518541707e-10,3.3816792691314e-10,1.0512761899980252e-06,3.4540268325407483e-10,3.381679263985237e-10
4.704492350480691e-06,6.859175191232739e-07,3.4540277658373657e-10,3.4540209275990975e-10,2.9159734914573047e-15,4.689047726332833e-13,3.4540268335694384e-10,8.213262553539867e-06,5.790611161874911e-16,3.454024765839641e-10,3.4540277666379043e-10,2.33607300530886e-16,4.689047720696462e-13,2.307624694279834e-16,3.4540278386496067e-10,2.4858007636681055e-16,3.4540272078311276e-10,3.454027209659208e-10,3.0045012824015277e-15,3.806095831160682e-16,9.572365110424848e-16,3.4540265343557353e-10,2.4186439009715586e-16,4.689047720304662e-13,2.4354760350019016e-16,4.689047724493463e-13,2.4862269364782047e-16,3.31208138451187e-16,3.454027742938708e-10,2.3371136713646406e-16,2.637904357362487e-16,4.2593697577360135e-16,3.454027766388336e-10,3.4540279665761846e-10,4.689047718644987e-13,3.4540246288120854e-10,2.334949921273437e-16,2.3070607099071116e-16,3.622245277089225e-16,4.68904771751663e-13,2.308340517264993e-16
5.6919251831292505e-06,1.6733418330952651e-06,1.6733411585154316e-06,8.426317168926701e-10,1.408116236585516e-11,5.789438588539736e-16,1.6733407234264986e-06,5.790611161874911e-16,8.213264901326671e-06,8.426325947727586e-10,1.673341158515431e-06,5.724421497759002e-16,5.789438588539736e-16,5.66464364468093e-16,1.6733411912535643e-06,6.105365155252638e-16,8.426331388488948e-10,8.426331386040437e-10,7.289751969781577e-15,9.30055974532732e-16,4.645640219208129e-12,1.6733405854523549e-06,5.908137629524196e-16,5.79050393338162e-16,5.96132511989537e-16,5.79050393338162e-16,6.105365155252638e-16,8.102099658889305e-16,8.42633263374803e-10,5.72352499072738e-16,6.4474170738864e-16,1.0397050012119333e-15,1.6733411585154297e-06,1.6733412517171823e-06,5.789438588539736e-16,8.426325516399784e-10,5.726930262756564e-16,5.664611866063185e-16,8.8763768317864805e-16,5.790409858023762e-16,5.66464364468093e-16
0.999982198426591,0.9999695870688549,0.9999691945410193,0.9999674416996155,8.363592269456682e-06,3.454024770971114e-10,0.9999689418657877,3.454024765839641e-10,8.426325947727586e-10,0.9999766506891842,0.999969194541019,3.415325417447318e-10,3.454024767054975e-10,3.381677183425891e-10,0.9999692132396394,3.644081829532565e-10,0.9999690442533291,0.9999690442533294,4.325361386603432e-09,5.532853728080283e-10,2.7664343795038416e-06,0.999968862274772,3.520448497010745e-10,3.454024768624202e-10,3.547649014257955e-10,3.4540247762953115e-10,3.6440818299328834e-10,4.824977771333132e-10,0.9999691878121227,3.4153254125211565e-10,3.8370083351905324e-10,6.190526783336614e-10,0.9999691945410173,0.9999692485520645,3.454024769663852e-10,0.9999683798707965,3.415325411388166e-10,3.381677187984899e-10,5.2938384380235e-10,3.454024766447514e-10,3.3816771788899435e-10
0.9999829555423465,0.9999703441798328,0.9999699516519747,0.9999681988119703,8.363598108320271e-06,3.454027769614312e-10,0.9999696989767501,3.4540277666379043e-10,1.673341158515431e-06,0.999969194541019,0.9999781649122859,3.4153283785516425e-10,3.454027763079578e-10,3.381680194059236e-10,0.999969970350583,3.6440850870547115e-10,0.9999698013643002,0.9999698013643015,8.589513697801468e-06,5.532858069331547e-10,2.766436589555958e-06,0.9999696193857537,3.5204513370944013e-10,3.454027768425899e-10,3.5476518706418813e-10,3.454027770948735e-10,3.644085087179303e-10,4.824981666442932e-10,0.9999699449230733,3.41532837688621e-10,3.8370113538809786e-10,6.190531660877664e-10,0.9999699516519739,0.9999700056630167,3.4540277663067467e-10,0.9999691369822619,3.415328376044531e-10,3.3816801956095326e-10,5.293842973754345e-10,3.454027765629776e-10,3.3816801877367677e-10
4.696807177195797e-06,6.782324080809959e-07,3.4153283792633497e-10,3.415321619569176e-10,2.883280828851382e-15,2.3353260558293325e-16,3.415327457250067e-10,2.33607300530886e-16,5.724421497759002e-16,3.415325417447318e-10,3.4153283785516425e-10,8.213262549326693e-06,2.3363265047741086e-16,4.5321381105722407e-13,3.415328451057677e-10,4.881984690143997e-13,3.415327827227692e-10,3.4153278269599843e-10,2.9707523055245503e-15,3.760868930378402e-16,9.46662959294731e-16,3.41532716292417e-10,2.389568437845059e-16,2.334101205784025e-16,2.4210590943344813e-16,2.3364164333968907e-16,4.881984688350163e-13,3.276055551148996e-16,3.415328355571185e-10,4.585014615607872e-13,2.6129732485102393e-16,4.210946399461183e-16,3.415328379601066e-10,3.415328577503141e-10,2.334101205784025e-16,3.415325277638059e-10,4.585014614406539e-13,4.532138111938941e-13,7.112281079970088e-13,2.334949921273437e-16,4.532138104521967e-13
4.704492350545533e-06,6.859175186567891e-07,3.4540277626951557e-10,3.454020923708346e-10,2.9161016946216523e-15,4.689047725146501e-13,3.4540268315435567e-10,4.689047720696462e-13,5.789438588539736e-16,3.454024767054975e-10,3.454027763079578e-10,2.3363265047741086e-16,8.213262553539867e-06,2.308340517264993e-16,3.4540278357397755e-10,2.4861418141508443e-16,3.454027205445862e-10,3.4540272038061856e-10,3.0042886051320534e-15,3.8066394351564396e-16,9.572230004961794e-16,3.454026532919837e-10,2.416800616309281e-16,4.689047719118327e-13,2.4350345956112456e-16,4.689047723307134e-13,2.4860587600549775e-16,3.315012497486985e-16,3.454027740660934e-10,2.334101205784025e-16,2.637904357362487e-16,4.2551564756407617e-16,3.4540277626951557e-10,3.454027964878277e-10,4.68904771745865e-13,3.454024627839108e-10,2.3359832766506746e-16,2.308040940732509e-16,3.6221676962788823e-16,4.689047716330301e-13,2.308549435416571e-16
4.690125115298515e-06,6.715503908220692e-07,3.3816801935113016e-10,3.381673351756562e-10,2.857854464534148e-15,2.308040940732509e-16,3.3816792694017383e-10,2.307624694279834e-16,5.66464364468093e-16,3.381677183425891e-10,3.381680194059236e-10,4.5321381105722407e-13,2.308340517264993e-16,8.213262536101043e-06,3.3816802658950667e-10,4.823551010635947e-13,3.3816796377617513e-10,3.3816796380642647e-10,2.9461942923656537e-15,3.7234340236656347e-16,9.367562265397657e-16,3.3816789717200435e-10,2.362845650706709e-16,2.30953635864635e-16,4.735529981132118e-13,2.308432800723342e-16,4.823551008837062e-13,3.2417633414483355e-16,3.381680170285093e-10,4.53213810870357e-13,2.5826066492601866e-16,4.1663412214030686e-16,3.3816801920755224e-10,3.381680391618716e-10,2.3070607099071116e-16,3.381677059391375e-10,4.532138107676035e-13,4.478253241315802e-13,7.031482886400299e-13,2.3070607099071116e-16,4.478253233712719e-13
0.9999829742410833,0.9999703628784422,0.999969970350583,0.9999682175105962,8.363598255650802e-06,3.4540278421790023e-10,0.9999697176753579,3.4540278386496067e-10,1.6733411912535643e-06,0.9999692132396394,0.999969970350583,3.415328451057677e-10,3.4540278357397755e-10,3.3816802658950667e-10,0.9999782023095048,3.644085164265343e-10,0.999969820062907,0.9999698200629092,8.589513842419244e-06,1.0987412505443759e-06,2.7664366435893235e-06,0.9999696380843618,3.520451403675415e-10,3.454027839523333e-10,3.5476519388382797e-10,3.454027841789408e-10,3.644085163322273e-10,4.824981759888993e-10,0.9999699636216821,3.415328446907337e-10,3.837011427789124e-10,1.2293451977885044e-06,0.9999699703505811,0.9999700243616235,3.4540278393704765e-10,0.9999691556808741,3.415328446795475e-10,3.3816802657481754e-10,1.0512764938612925e-06,3.4540278390397485e-10,3.381680260487773e-10
4.74223520870269e-06,7.23660023062833e-07,3.6440850870950034e-10,3.644077678309247e-10,3.080307657926353e-15,2.486069037071324e-16,3.644084085940405e-10,2.4858007636681055e-16,6.105365155252638e-16,3.644081829532565e-10,3.6440850870547115e-10,4.881984690143997e-13,2.4861418141508443e-16,4.823551010635947e-13,3.644085164265343e-10,8.213262607537955e-06,3.644084489383965e-10,3.6440844876260874e-10,3.176142106383997e-15,7.971727659724212e-13,1.0092645410536919e-15,3.644083767823611e-10,5.061991098207199e-13,2.4862902624021915e-16,5.102250526866397e-13,2.4865637841537047e-16,5.195379447529421e-13,3.493942579025664e-16,3.6440850614756053e-10,4.881984688055713e-13,2.784388527085104e-16,4.4951562266892e-16,3.6440850870547115e-10,7.236597598803337e-07,2.4862902624021915e-16,3.644081694944862e-10,4.88198468698726e-13,4.823551012117748e-13,7.574553901314555e-13,2.4865952917735935e-16,4.823551003863606e-13
0.9999828052535107,0.9999701938921255,0.9999698013643006,0.9999680485242947,8.363596895000499e-06,3.454027213387194e-10,0.9999695486890949,3.4540272078311276e-10,8.426331388488948e-10,0.9999690442533291,0.9999698013643002,3.415327827227692e-10,3.454027205445862e-10,3.3816796377617513e-10,0.999969820062907,3.644084489383965e-10,0.9999778643368675,0.9999696510766348,8.589512485856373e-06,5.532857220154748e-10,2.7664361611448703e-06,0.9999694690981026,3.520450788135051e-10,3.4540272088015847e-10,3.547651318246364e-10,3.4540272107492176e-10,3.644084488863525e-10,4.824980914745201e-10,0.9999697946354,3.415327825085606e-10,3.8370107632266284e-10,6.190530710633611e-10,0.999969801364299,0.9999698553753361,3.454027209765318e-10,0.9999689866945987,3.4153278243243645e-10,3.381679639351526e-10,5.293842125894466e-10,3.454027208386857e-10,3.3816796331985293e-10
0.9999828052535132,0.9999701938921247,0.9999698013643018,0.9999680485242951,8.363596895000511e-06,3.4540272135659356e-10,0.999969548689096,3.454027209659208e-10,8.426331386040437e-10,0.9999690442533294,0.9999698013643015,3.4153278269599843e-10,3.4540272038061856e-10,3.3816796380642647e-10,0.9999698200629092,3.6440844876260874e-10,0.9999696510766348,0.9999778643368716,8.589512485856385e-06,5.53285721911088e-10,2.766436161144873e-06,0.999969469098104,3.520450789701342e-10,3.454027210689317e-10,3.5476513182612525e-10,3.4540272131287593e-10,3.644084489035468e-10,4.82498091489777e-10,0.9999697946354015,3.4153278251806154e-10,3.8370107632266284e-10,6.190530707116232e-10,0.9999698013643011,0.9999698553753374,3.454027210048593e-10,0.9999689866946001,3.415327823996737e-10,3.381679639351526e-10,5.293842125311218e-10,3.4540272073505186e-10,3.381679633477432e-10
1.2608158669799007e-05,8.589516902927955e-06,8.589513697801472e-06,4.325357527865858e-09,3.6138997720749786e-14,3.004285197227443e-15,8.589511649590519e-06,3.0045012824015277e-15,7.289751969781577e-15,4.325361386603432e-09,8.589513697801468e-06,2.9707523055245503e-15,3.0042886051320534e-15,2.9461942923656537e-15,8.589513842419244e-06,3.176142106383997e-15,8.589512485856373e-06,8.589512485856385e-06,8.213335546370905e-06,4.781527734034214e-15,1.2050391123985435e-14,8.589511015633431e-06,3.047555370421521e-15,3.0044277490338807e-15,3.0706358489240258e-15,3.0046009142221388e-15,3.175987991104538e-15,4.177076914886711e-15,8.58951364045237e-06,2.9705939443087185e-15,3.3162878090208797e-15,5.3506388958604594e-15,8.589513697801461e-06,8.589514133371044e-06,3.004461498950522e-15,8.589507420632588e-06,2.9706145637149806e-15,2.9461970646344243e-15,4.600446077989627e-15,3.0042886051320534e-15,2.946213710818983e-15
5.1173200050876515e-06,1.0987416687749101e-06,5.532858068254445e-10,5.532848053795452e-10,4.652795740636948e-15,3.8040072138527426e-16,1.0987409462286913e-06,3.806095831160682e-16,9.30055974532732e-16,5.532853728080283e-10,5.532858069331547e-10,3.760868930378402e-16,3.8066394351564396e-16,3.7234340236656347e-16,1.0987412505443759e-06,7.971727659724212e-13,5.532857220154748e-10,5.53285721911088e-10,4.781527734034214e-15,8.213263302072356e-06,1.5365548445232247e-15,5.532856192396906e-10,7.712108609327301e-13,3.806841474633001e-16,3.9165637943989426e-16,3.8111518312345176e-16,7.971727656965586e-13,5.328428728703496e-16,1.098741221916341e-06,3.7669314308094985e-16,4.233554431363729e-16,1.3564581529011456e-12,5.53285806859058e-10,1.0987412899794597e-06,3.8111518312345176e-16,5.532853420588742e-10,3.7603807261517433e-16,3.7258561122083853e-16,1.1586975596513918e-12,3.8111518312345176e-16,3.725752853764029e-16
6.785030535797244e-06,2.766437703759625e-06,2.7664365895559593e-06,1.393073501012391e-09,2.3276292140054975e-11,9.572277039232774e-16,1.3930757011087856e-09,9.572365110424848e-16,4.645640219208129e-12,2.7664343795038416e-06,2.766436589555958e-06,9.46662959294731e-16,9.572230004961794e-16,9.367562265397657e-16,2.7664366435893235e-06,1.0092645410536919e-15,2.7664361611448703e-06,2.766436161144873e-06,1.2050391123985435e-14,1.5365548445232247e-15,8.213269766712213e-06,1.3930755858475042e-09,9.77428009967261e-16,9.572960953893718e-16,9.850535534828501e-16,9.572365110424848e-16,1.0091908884187356e-15,1.3391344545239224e-15,2.7664365707575356e-06,9.466816375822243e-16,2.1163775445803e-12,1.7193106701569015e-15,2.766436589555955e-06,2.7664367434710633e-06,9.572680057870726e-16,1.3930748778170791e-09,9.464685663334799e-16,9.367562265397657e-16,1.4675411193779642e-15,9.573279811239289e-16,9.366238711098621e-16
0.9999826232735466,0.9999700119135386,0.9999696193857532,0.999967866545761,8.36359542461959e-06,3.454026539162496e-10,0.999969366710572,3.4540265343557353e-10,1.6733405854523549e-06,0.999968862274772,0.9999696193857537,3.41532716292417e-10,3.454026532919837e-10,3.3816789717200435e-10,0.9999696380843618,3.644083767823611e-10,0.9999694690981026,0.999969469098104,8.589511015633431e-06,5.532856192396906e-10,1.3930755858475042e-09,0.99997750037975,3.5204501286148775e-10,3.4540265385426195e-10,3.547650651591657e-10,3.454026538963269e-10,3.644083766092791e-10,4.824980006581931e-10,0.999969612656855,3.415327159826792e-10,3.8370100501482846e-10,6.190529559623158e-10,0.9999696193857521,0.9999696733967862,3.4540265359228067e-10,0.9999688047160752,3.415327158160651e-10,3.381678973104473e-10,5.293841097103021e-10,3.4540265345502364e-10,3.381678965998182e-10
4.717683118783166e-06,6.991082269625989e-07,3.520451336463383e-10,3.5204448047828147e-10,2.9635077037064223e-15,2.4195215957468044e-16,3.5204504174730636e-10,2.4186439009715586e-16,5.908137629524196e-16,3.520448497010745e-10,3.5204513370944013e-10,2.389568437845059e-16,2.416800616309281e-16,2.362845650706709e-16,3.520451403675415e-10,5.061991098207199e-13,3.520450788135051e-10,3.520450789701342e-10,3.047555370421521e-15,7.712108609327301e-13,9.77428009967261e-16,3.5204501286148775e-10,8.21326257421051e-06,2.4210343150547137e-16,2.4848962566914016e-16,2.4184651352113366e-16,5.061991096423827e-13,3.3921149880447826e-16,3.520451310954654e-10,2.3897492526247184e-16,2.697205545873433e-16,4.343124773852887e-16,3.520451336463383e-10,3.5204515361704776e-10,2.4186439009715586e-16,3.5204483177705456e-10,2.3931760630664465e-16,2.3658953505757427e-16,3.7054519523810795e-16,2.4198488526116547e-16,2.362845650706709e-16
4.704492347644776e-06,6.859175194867621e-07,3.454027767482265e-10,3.4540209278594427e-10,2.9160661071146773e-15,4.689047724754696e-13,3.4540268356625977e-10,4.689047720304662e-13,5.79050393338162e-16,3.454024768624202e-10,3.454027768425899e-10,2.334101205784025e-16,4.689047719118327e-13,2.30953635864635e-16,3.454027839523333e-10,2.4862902624021915e-16,3.4540272088015847e-10,3.454027210689317e-10,3.0044277490338807e-15,3.806841474633001e-16,9.572960953893718e-16,3.4540265385426195e-10,2.4210343150547137e-16,8.213262553539867e-06,2.4373045397564275e-16,4.689047722915334e-13,2.486752534934364e-16,3.3133433899749314e-16,3.4540277453341086e-10,2.336088098958446e-16,2.638601427790034e-16,4.26185499861145e-16,3.454027767650941e-10,3.454027969988128e-10,4.689047717066852e-13,3.4540246320160806e-10,2.334949921273437e-16,2.308040940732509e-16,3.621195007103986e-16,4.689047715938498e-13,2.308453632154488e-16
4.723084777348648e-06,7.045098396374518e-07,3.547651869678533e-10,3.54764530113888e-10,2.986110078163774e-15,2.4350345956112456e-16,3.547650944573419e-10,2.4354760350019016e-16,5.96132511989537e-16,3.547649014257955e-10,3.5476518706418813e-10,2.4210590943344813e-16,2.4350345956112456e-16,4.735529981132118e-13,3.5476519388382797e-10,5.102250526866397e-13,3.547651318246364e-10,3.5476513182612525e-10,3.0706358489240258e-15,3.9165637943989426e-16,9.850535534828501e-16,3.547650651591657e-10,2.4848962566914016e-16,2.4373045397564275e-16,8.213262584183502e-06,2.4354760350019016e-16,5.102250525072148e-13,3.4115148071537517e-16,3.547651845648076e-10,2.412365420841409e-16,2.7144976614757267e-16,4.3770660581482442e-16,3.547651869678533e-10,3.5476520676774773e-10,2.4350345956112456e-16,3.547648836230576e-10,2.4210590943344813e-16,4.735529982498057e-13,7.420118837096334e-13,2.435438836134467e-16,4.735529975572902e-13
4.704492350706371e-06,6.859175197372281e-07,3.454027770948735e-10,3.454020931840583e-10,2.9161016946216523e-15,4.689047728943506e-13,3.4540268362817377e-10,4.689047724493463e-13,5.79050393338162e-16,3.4540247762953115e-10,3.454027770948735e-10,2.3364164333968907e-16,4.689047723307134e-13,2.308432800723342e-16,3.454027841789408e-10,2.4865637841537047e-16,3.4540272107492176e-10,3.4540272131287593e-10,3.0046009142221388e-15,3.8111518312345176e-16,9.572365110424848e-16,3.454026538963269e-10,2.4184651352113366e-16,4.689047722915334e-13,2.4354760350019016e-16,8.213262553539867e-06,2.485791808624995e-16,3.31208138451187e-16,3.45402774583112e-10,2.3336856184212087e-16,2.638312513373381e-16,4.2551564756407617e-16,3.454027768745788e-10,3.4540279701985636e-10,4.689047721255655e-13,3.4540246315532575e-10,2.3364164333968907e-16,2.308040940732509e-16,3.6215442869494556e-16,4.689047720127308e-13,2.308040940732509e-16
4.74223520870269e-06,7.236600228572114e-07,3.644085086080166e-10,3.6440776759591957e-10,3.080581592854669e-15,2.4863898786427523e-16,3.6440840872511764e-10,2.4862269364782047e-16,6.105365155252638e-16,3.6440818299328834e-10,3.644085087179303e-10,4.881984688350163e-13,2.4860587600549775e-16,4.823551008837062e-13,3.644085163322273e-10,5.195379447529421e-13,3.644084488863525e-10,3.644084489035468e-10,3.175987991104538e-15,7.971727656965586e-13,1.0091908884187356e-15,3.644083766092791e-10,5.061991096423827e-13,2.486752534934364e-16,5.102250525072148e-13,2.485791808624995e-16,8.213262607537955e-06,3.494823771082126e-16,3.644085060957751e-10,4.881984686261882e-13,2.7836132789572266e-16,4.495943247896703e-16,3.644085084890508e-10,7.23659759674712e-07,2.48662150814096e-16,3.6440816929657026e-10,4.881984685193432e-13,4.823551010318864e-13,7.574553898557618e-13,2.4863898786427523e-16,4.823551002064724e-13
4.97674529986838e-06,9.581681580193552e-07,4.824981665708814e-10,4.824972715195799e-10,4.0615492735505336e-15,3.31208138451187e-16,4.824980404785812e-10,3.31208138451187e-16,8.102099658889305e-16,4.824977771333132e-10,4.824981666442932e-10,3.276055551148996e-16,3.315012497486985e-16,3.2417633414483355e-16,4.824981759888993e-10,3.493942579025664e-16,4.824980914745201e-10,4.82498091489777e-10,4.177076914886711e-15,5.328428728703496e-16,1.3391344545239224e-15,4.824980006581931e-10,3.3921149880447826e-16,3.3133433899749314e-16,3.4115148071537517e-16,3.31208138451187e-16,3.494823771082126e-16,8.213263013349492e-06,9.58167764020905e-07,3.276316752435094e-16,3.6910602994796114e-16,1.182473847795417e-12,4.824981665707665e-10,9.581678241077836e-07,3.3118295553171695e-16,9.581669493606872e-07,3.2764643304071343e-16,3.2416675941175623e-16,5.079496405483396e-16,3.31208138451187e-16,3.241959858173189e-16
0.9999829488133836,0.9999703374509284,0.9999699449230728,0.9999681920830784,8.363598052195604e-06,3.454027746632178e-10,0.9999696922478514,3.454027742938708e-10,8.42633263374803e-10,0.9999691878121227,0.9999699449230733,3.415328355571185e-10,3.454027740660934e-10,3.381680170285093e-10,0.9999699636216821,3.6440850614756053e-10,0.9999697946354,0.9999697946354015,8.58951364045237e-06,1.098741221916341e-06,2.7664365707575356e-06,0.999969612656855,3.520451310954654e-10,3.4540277453341086e-10,3.547651845648076e-10,3.45402774583112e-10,3.644085060957751e-10,9.58167764020905e-07,0.9999781514544747,3.4153283523332477e-10,3.8370113293544546e-10,1.2293451656932233e-06,0.9999699449230719,0.9999699989341142,3.454027742927297e-10,0.9999691302533624,3.415328348861173e-10,3.3816801697381127e-10,1.0512764649802854e-06,3.454027742267629e-10,3.3816801652496363e-10
4.696807177552243e-06,6.782324074261171e-07,3.4153283757404325e-10,3.4153216160955085e-10,2.88334479944296e-15,2.3371136713646406e-16,3.4153274540284666e-10,2.3371136713646406e-16,5.72352499072738e-16,3.4153254125211565e-10,3.41532837688621e-10,4.585014615607872e-13,2.334101205784025e-16,4.53213810870357e-13,3.415328446907337e-10,4.881984688055713e-13,3.415327825085606e-10,3.4153278251806154e-10,2.9705939443087185e-15,3.7669314308094985e-16,9.466816375822243e-16,3.415327159826792e-10,2.3897492526247184e-16,2.336088098958446e-16,2.412365420841409e-16,2.3336856184212087e-16,4.881984686261882e-13,3.276316752435094e-16,3.4153283523332477e-10,8.213262549326693e-06,2.6108702405782956e-16,4.2102072563741786e-16,3.415328377592815e-10,3.4153285785765715e-10,2.3353260558293325e-16,3.4153252743063294e-10,4.585014612852616e-13,4.5321381100702853e-13,7.112281077715608e-13,2.3359832766506746e-16,4.532138102653313e-13
4.7805476608818594e-06,7.619722417168024e-07,3.8370113550146193e-10,3.8370043931631224e-10,3.227050437233954e-15,2.641889531727254e-16,7.619717401287426e-07,2.637904357362487e-16,6.4474170738864e-16,3.8370083351905324e-10,3.8370113538809786e-10,2.6129732485102393e-16,2.637904357362487e-16,2.5826066492601866e-16,3.837011427789124e-10,2.784388527085104e-16,3.8370107632266284e-10,3.8370107632266284e-10,3.3162878090208797e-15,4.233554431363729e-16,2.1163775445803e-12,3.8370100501482846e-10,2.697205545873433e-16,2.638601427790034e-16,2.7144976614757267e-16,2.638312513373381e-16,2.7836132789572266e-16,3.6910602994796114e-16,3.8370113293544546e-10,2.6108702405782956e-16,8.213262667222497e-06,4.739700327209327e-16,3.837011351678228e-10,3.8370115650589224e-10,2.637904357362487e-16,3.83700812904033e-10,2.6143988815718817e-16,2.581794052748998e-16,4.046268428142424e-16,2.638590317901924e-16,2.5823071897907877e-16
5.2479251375319945e-06,1.2293456663471712e-06,6.190531660877664e-10,6.190520417553172e-10,5.205969395084487e-15,4.2573241502907995e-16,1.2293448567517308e-06,4.2593697577360135e-16,1.0397050012119333e-15,6.190526783336614e-10,6.190531660877664e-10,4.210946399461183e-16,4.2551564756407617e-16,4.1663412214030686e-16,1.2293451977885044e-06,4.4951562266892e-16,6.190530710633611e-10,6.190530707116232e-10,5.3506388958604594e-15,1.3564581529011456e-12,1.7193106701569015e-15,6.190529559623158e-10,4.343124773852887e-16,4.26185499861145e-16,4.3770660581482442e-16,4.2551564756407617e-16,4.495943247896703e-16,1.182473847795417e-12,1.2293451656932233e-06,4.2102072563741786e-16,4.739700327209327e-16,8.213263600276156e-06,6.190531662958865e-10,1.2293452419620396e-06,4.2593697577360135e-16,1.2293441400039254e-06,4.211719679536264e-16,4.1663412214030686e-16,1.296190573155004e-12,4.2593697577360135e-16,4.166015588677335e-16
0.9999829555423456,0.9999703441798313,0.9999699516519739,0.9999681988119687,8.36359810832026e-06,3.4540277697846183e-10,0.9999696989767488,3.454027766388336e-10,1.6733411585154297e-06,0.9999691945410173,0.9999699516519739,3.415328379601066e-10,3.4540277626951557e-10,3.3816801920755224e-10,0.9999699703505811,3.6440850870547115e-10,0.999969801364299,0.9999698013643011,8.589513697801461e-06,5.53285806859058e-10,2.766436589555955e-06,0.9999696193857521,3.520451336463383e-10,3.454027767650941e-10,3.547651869678533e-10,3.454027768745788e-10,3.644085084890508e-10,4.824981665707665e-10,0.9999699449230719,3.415328377592815e-10,3.837011351678228e-10,6.190531662958865e-10,0.999978164912274,0.9999700056630147,3.454027767124587e-10,0.9999691369822599,3.415328373137435e-10,3.3816801943860136e-10,5.293842975968922e-10,3.4540277657973317e-10,3.381680187749465e-10
0.9999830095538039,0.9999703981908835,0.9999700056630155,0.9999682528230079,8.363598544337235e-06,3.4540279718843045e-10,0.9999697529877847,3.4540279665761846e-10,1.6733412517171823e-06,0.9999692485520645,0.9999700056630167,3.415328577503141e-10,3.454027964878277e-10,3.381680391618716e-10,0.9999700243616235,7.236597598803337e-07,0.9999698553753361,0.9999698553753374,8.589514133371044e-06,1.0987412899794597e-06,2.7664367434710633e-06,0.9999696733967862,3.5204515361704776e-10,3.454027969988128e-10,3.5476520676774773e-10,3.4540279701985636e-10,7.23659759674712e-07,9.581678241077836e-07,0.9999699989341142,3.4153285785765715e-10,3.8370115650589224e-10,1.2293452419620396e-06,0.9999700056630147,0.999978272934378,3.4540279680045756e-10,0.9999691909932948,3.4153285755824755e-10,3.3816803906851293e-10,1.0512765327726645e-06,3.454027966318412e-10,3.38168038520827e-10
4.704492350725432e-06,6.859175192329068e-07,3.4540277673075706e-10,3.454020928036145e-10,2.9160273770735523e-15,4.689047723095021e-13,3.454026834000847e-10,4.689047718644987e-13,5.789438588539736e-16,3.454024769663852e-10,3.4540277663067467e-10,2.334101205784025e-16,4.68904771745865e-13,2.3070607099071116e-16,3.4540278393704765e-10,2.4862902624021915e-16,3.454027209765318e-10,3.454027210048593e-10,3.004461498950522e-15,3.8111518312345176e-16,9.572680057870726e-16,3.4540265359228067e-10,2.4186439009715586e-16,4.689047717066852e-13,2.4350345956112456e-16,4.689047721255655e-13,2.48662150814096e-16,3.3118295553171695e-16,3.454027742927297e-10,2.3353260558293325e-16,2.637904357362487e-16,4.2593697577360135e-16,3.454027767124587e-10,3.4540279680045756e-10,8.213262553539867e-06,3.4540246277861855e-10,2.3363265047741086e-16,2.308130690244044e-16,3.6214342255864947e-16,4.68904771427882e-13,2.308432800723342e-16
0.9999821408669937,0.9999695295100307,0.9999691369822624,0.9999673841413842,4.211598205409025e-09,3.4540246305815033e-10,0.9999688843070733,3.4540246288120854e-10,8.426325516399784e-10,0.9999683798707965,0.9999691369822619,3.415325277638059e-10,3.454024627839108e-10,3.381677059391375e-10,0.9999691556808741,3.644081694944862e-10,0.9999689866945987,0.9999689866946001,8.589507420632588e-06,5.532853420588742e-10,1.3930748778170791e-09,0.9999688047160752,3.5204483177705456e-10,3.4540246320160806e-10,3.547648836230576e-10,3.4540246315532575e-10,3.6440816929657026e-10,9.581669493606872e-07,0.9999691302533624,3.4153252743063294e-10,3.83700812904033e-10,1.2293441400039254e-06,0.9999691369822599,0.9999691909932948,3.4540246277861855e-10,0.9999765355721808,3.415325273990479e-10,3.381677059823958e-10,5.293838220216715e-10,3.454024629649735e-10,3.381677053446296e-10
4.696807176005429e-06,6.782324072242825e-07,3.415328376044531e-10,3.415321616751966e-10,2.8833203901731854e-15,2.334101205784025e-16,3.4153274518541707e-10,2.334949921273437e-16,5.726930262756564e-16,3.415325411388166e-10,3.415328376044531e-10,4.585014614406539e-13,2.3359832766506746e-16,4.532138107676035e-13,3.415328446795475e-10,4.88198468698726e-13,3.4153278243243645e-10,3.415327823996737e-10,2.9706145637149806e-15,3.7603807261517433e-16,9.464685663334799e-16,3.415327158160651e-10,2.3931760630664465e-16,2.334949921273437e-16,2.4210590943344813e-16,2.3364164333968907e-16,4.881984685193432e-13,3.2764643304071343e-16,3.415328348861173e-10,4.585014612852616e-13,2.6143988815718817e-16,4.211719679536264e-16,3.415328373137435e-10,3.4153285755824755e-10,2.3363265047741086e-16,3.415325273990479e-10,8.213262549326693e-06,4.532138109042744e-13,7.112281075730585e-13,2.3363265047741086e-16,4.5321381016257694e-13
4.690125115298515e-06,6.715503909656487e-07,3.381680194460276e-10,3.381673353883797e-10,2.8578006777409294e-15,2.30953635864635e-16,3.3816792691314e-10,2.3070607099071116e-16,5.664611866063185e-16,3.381677187984899e-10,3.3816801956095326e-10,4.532138111938941e-13,2.308040940732509e-16,4.478253241315802e-13,3.3816802657481754e-10,4.823551012117748e-13,3.381679639351526e-10,3.381679639351526e-10,2.9461970646344243e-15,3.7258561122083853e-16,9.367562265397657e-16,3.381678973104473e-10,2.3658953505757427e-16,2.308040940732509e-16,4.735529982498057e-13,2.308040940732509e-16,4.823551010318864e-13,3.2416675941175623e-16,3.3816801697381127e-10,4.5321381100702853e-13,2.581794052748998e-16,4.1663412214030686e-16,3.3816801943860136e-10,3.3816803906851293e-10,2.308130690244044e-16,3.381677059823958e-10,4.532138109042744e-13,8.213262537707522e-06,7.03148288849676e-13,2.3070607099071116e-16,4.4782532350835036e-13
5.069854929661281e-06,1.0512769082579587e-06,5.29384297532499e-10,5.293832616802744e-10,4.466748568288941e-15,3.6221676962788823e-16,1.0512761899980252e-06,3.622245277089225e-16,8.8763768317864805e-16,5.2938384380235e-10,5.293842973754345e-10,7.112281079970088e-13,3.6221676962788823e-16,7.031482886400299e-13,1.0512764938612925e-06,7.574553901314555e-13,5.293842125894466e-10,5.293842125311218e-10,4.600446077989627e-15,1.1586975596513918e-12,1.4675411193779642e-15,5.293841097103021e-10,3.7054519523810795e-16,3.621195007103986e-16,7.420118837096334e-13,3.6215442869494556e-16,7.574553898557618e-13,5.079496405483396e-16,1.0512764649802854e-06,7.112281077715608e-13,4.046268428142424e-16,1.296190573155004e-12,5.293842975968922e-10,1.0512765327726645e-06,3.6214342255864947e-16,5.293838220216715e-10,7.112281075730585e-13,7.03148288849676e-13,8.213263189135525e-06,3.621350902496775e-16,7.031482877172129e-13
4.704492350740058e-06,6.85917519118153e-07,3.454027765574289e-10,3.454020925759308e-10,2.9161283192351227e-15,4.689047721966671e-13,3.4540268325407483e-10,4.68904771751663e-13,5.790409858023762e-16,3.454024766447514e-10,3.454027765629776e-10,2.334949921273437e-16,4.689047716330301e-13,2.3070607099071116e-16,3.4540278390397485e-10,2.4865952917735935e-16,3.454027208386857e-10,3.4540272073505186e-10,3.0042886051320534e-15,3.8111518312345176e-16,9.573279811239289e-16,3.4540265345502364e-10,2.4198488526116547e-16,4.689047715938498e-13,2.435438836134467e-16,4.689047720127308e-13,2.4863898786427523e-16,3.31208138451187e-16,3.454027742267629e-10,2.3359832766506746e-16,2.638590317901924e-16,4.2593697577360135e-16,3.4540277657973317e-10,3.454027966318412e-10,4.68904771427882e-13,3.454024629649735e-10,2.3363265047741086e-16,2.3070607099071116e-16,3.621350902496775e-16,8.213262555146331e-06,2.30953635864635e-16
4.690125116018062e-06,6.715503898864526e-07,3.381680187499195e-10,3.381673348297682e-10,2.8578559096467873e-15,2.3082794446615354e-16,3.381679263985237e-10,2.308340517264993e-16,5.66464364468093e-16,3.3816771788899435e-10,3.3816801877367677e-10,4.532138104521967e-13,2.308549435416571e-16,4.478253233712719e-13,3.381680260487773e-10,4.823551003863606e-13,3.3816796331985293e-10,3.381679633477432e-10,2.946213710818983e-15,3.725752853764029e-16,9.366238711098621e-16,3.381678965998182e-10,2.362845650706709e-16,2.308453632154488e-16,4.735529975572902e-13,2.308040940732509e-16,4.823551002064724e-13,3.241959858173189e-16,3.3816801652496363e-10,4.532138102653313e-13,2.5823071897907877e-16,4.166015588677335e-16,3.381680187749465e-10,3.38168038520827e-10,2.308432800723342e-16,3.381677053446296e-10,4.5321381016257694e-13,4.4782532350835036e-13,7.031482877172129e-13,2.30953635864635e-16,8.213262537707522e-06
