0.9999999913706815,1.0000003250475293,1.000000726170148,-4.555423194089198e-06,-4.764621657364549e-06,1.0000003342808772,1.000000726170148,-5.222255803815178e-06,1.0000010262741146,1.0000009188423897,1.000001078060928,1.0000010262741146,1.0000010262741144,1.0000002555827088,-4.555423192762977e-06,-4.659632962272272e-06,-4.555423192690022e-06,1.0000003342808796,1.000000255582713,-4.553915734832589e-06,1.0000003342808796,-4.6596329603228495e-06,1.0000007261701467,1.0000007261701425,-4.659632961239985e-06,1.000000334280879,1.000000979264131,1.000001078060927,1.0000003342808794,-4.573707130612202e-06,1.000000325047528,1.0000007261701485,-5.222201044284938e-06,1.0000007261701473,1.0000007555741632,-4.659632961239781e-06,-4.55542319229256e-06,1.0000006948636424,-4.529544181768895e-06,1.0000003342808776,1.0000010105093395,1.000001026274117,1.0000007261701456
1.0000003250475293,1.0000006564157244,1.0000071164124718,-3.834846775892146e-07,-5.926837703938502e-07,1.0000067245223163,1.0000071164124706,-1.0503192749316274e-06,1.0000074165171313,1.000007309085152,1.0000074683040563,1.000007416517131,1.000007416517131,1.0000066458239671,-3.8348467846483836e-07,-4.876947672500487e-07,-3.8348467749111385e-07,1.0000067245223176,1.0000066458239671,-3.819772208202271e-07,1.0000067245223172,-4.876947668147484e-07,1.0000071164124718,1.000007116412471,-4.876947662860581e-07,1.0000067245223168,1.0000073695070384,1.0000074683040563,1.0000067245223165,-4.0176867330429514e-07,1.000006715288942,1.000007116412471,-1.0502645103159794e-06,1.0000071164124722,1.0000071458165616,-4.876947664886272e-07,-3.834846768804309e-07,1.0000070851059002,-3.576055866894346e-07,1.0000067245223176,1.0000074007523112,1.000007416517131,1.0000071164124715
1.000000726170148,1.0000071164124718,1.000001458662953,-1.9304196490729467e-10,-2.9835048542323756e-10,1.000007125645847,1.0000075175361613,-5.287191609339059e-10,1.000007817640941,1.0000077102089175,1.000007869427886,1.000007817640941,1.00000781764094,1.0000070469474673,-1.9304196536683307e-10,-2.4550017696874516e-10,-1.9304196477078156e-10,1.0000071256458498,1.000007046947469,-1.9228312775828384e-10,1.0000071256458494,-2.45500176709509e-10,1.0000075175361618,1.0000075175361607,-2.4550017644318567e-10,1.0000071256458483,1.0000077706308292,1.000007869427886,1.0000071256458483,-2.0224592700254568e-10,1.0000071164124693,1.0000075175361613,-5.286915929506655e-10,1.0000075175361613,1.0000075469402632,-2.455001765322003e-10,-1.9304196447338376e-10,1.0000074862295774,-1.8001471521304708e-10,1.00000712564585,1.0000078018761134,1.0000078176409395,1.000007517536161
-4.555423194089198e-06,-3.834846775892146e-07,-1.9304196490729467e-10,-6.058873733734395e-06,1.0797758569615247e-16,-1.9304188946030356e-10,-1.9304196488398872e-10,1.9120084510316644e-16,-1.9304202250081185e-10,-1.9304200194639616e-10,-1.9304203248000138e-10,-1.930420224996434e-10,-1.9304202250081185e-10,-3.8348465105590537e-07,1.391068249713063e-13,8.870735134325257e-17,1.3910682446731713e-13,-1.9304188947255266e-10,-3.834846510559052e-07,1.3848964981268585e-13,-1.9304188946388264e-10,8.878849877318912e-17,-1.930419648615436e-10,-1.93041964810538e-10,8.879874588217606e-17,-1.9304188947669176e-10,-1.9304201341720057e-10,-1.9304203252436866e-10,-1.930418894647255e-10,1.457294981061723e-13,-3.8348467758921387e-07,-1.93041964810538e-10,1.9143312626606472e-16,-1.93041964845217e-10,-3.834848419052514e-07,8.879874588217606e-17,1.391068241425062e-13,-1.9304195883223483e-10,6.529840100635777e-17,-1.9304188946388264e-10,-1.9304201967404086e-10,-1.930420224239039e-10,-1.9304196482288078e-10
-4.764621657364549e-06,-5.926837703938502e-07,-2.9835048542323756e-10,1.0797758569615247e-16,-6.058873542617588e-06,-5.926837757431444e-07,-2.983504854179114e-10,5.850575612113073e-13,-2.98350574748338e-10,-2.983505427430863e-10,-5.92684214648666e-07,-2.9835057465155077e-10,-2.9835057465155077e-10,-5.926837293951275e-07,1.0777044445412876e-16,2.7186464575221356e-13,1.0790090767024678e-16,-5.926837757431443e-07,-5.926837293951282e-07,1.0745616468386624e-16,-5.926837757431438e-07,2.718646453830089e-13,-2.983504854232968e-10,-2.98350485419514e-10,2.718646450095301e-13,-5.926837757431438e-07,-2.9835056039704217e-10,-5.926842146486664e-07,-5.92683775743144e-07,1.1316980740765408e-16,-5.92683770393849e-07,-2.9835048540481604e-10,5.850232658176115e-13,-2.9835048543236513e-10,-2.98350493908094e-10,2.718646451523363e-13,1.0775593879443559e-16,-5.926839885411253e-07,1.0091444886224795e-16,-5.92683775743145e-07,-2.98350569922315e-10,-2.9835057465155077e-10,-2.9835048541248354e-10
1.0000003342808772,1.0000067245223163,1.000007125645847,-1.9304188946030356e-10,-5.926837757431444e-07,1.0000006748824675,1.0000071256458483,-1.050319284410051e-06,1.0000074257505094,1.00000731831853,1.0000074775374344,1.00000742575051,1.0000074257505094,1.0000066550573388,-1.9304188990791076e-10,-4.876947716523055e-07,-1.9304188943738675e-10,1.0000067337556904,1.0000066550573388,-1.9228305267027532e-10,1.00000673375569,-4.876947712170056e-07,1.0000071256458472,1.0000071256458472,-4.876947706883151e-07,1.0000067337556897,1.0000073787404162,1.000007477537435,1.0000067337556893,-2.0224584804586722e-10,1.0000067245223143,1.0000071256458483,-1.0502645197938887e-06,1.000007125645848,1.0000071550499388,-4.876947708908839e-07,-1.9304188912410549e-10,1.0000070943392763,-1.8001464482502519e-10,1.0000067337556904,1.00000740998569,1.0000074257505085,1.0000071256458476
1.000000726170148,1.0000071164124706,1.0000075175361613,-1.9304196488398872e-10,-2.983504854179114e-10,1.0000071256458483,1.0000014586629578,-5.287191608902571e-10,1.0000078176409406,1.0000077102089178,1.0000078694278858,1.00000781764094,1.000007817640941,1.000007046947467,-1.9304196543763136e-10,-2.455001768982136e-10,-1.9304196483582634e-10,1.0000071256458496,1.0000070469474678,-1.9228312778862193e-10,1.0000071256458494,-2.455001767142762e-10,1.0000075175361613,1.0000075175361605,-2.455001764757433e-10,1.0000071256458485,1.0000077706308286,1.0000078694278858,1.0000071256458485,-2.0224592701032245e-10,1.0000071164124709,1.000007517536162,-5.286915929899839e-10,1.0000075175361622,1.0000075469402632,-2.4550017652416246e-10,-1.9304196448545853e-10,1.000007486229577,-1.80014715117112e-10,1.00000712564585,1.0000078018761132,1.0000078176409406,1.0000075175361616
-5.222255803815178e-06,-1.0503192749316274e-06,-5.287191609339059e-10,1.9120084510316644e-16,5.850575612113073e-13,-1.050319284410051e-06,-5.287191608902571e-10,-6.058872838536714e-06,-1.0503200076125892e-06,-1.0503198962311122e-06,-1.0503200621875122e-06,-1.0503200076125892e-06,-1.0503200076125894e-06,-1.050319202278345e-06,1.9105686014870187e-16,4.81592119124565e-13,1.9120084510316644e-16,-1.0503192844100529e-06,-1.0503192022783466e-06,1.9040550234123653e-16,-1.050319284410052e-06,4.81592118468551e-13,-5.287191609622174e-10,-5.287191609297199e-10,4.815921178046074e-13,-1.0503192844100512e-06,-1.0503199584417225e-06,-1.0503200621875128e-06,-1.0503192844100512e-06,2.0038576725477757e-16,-1.0503192749316248e-06,-5.287191609297199e-10,1.0363295388723403e-12,-5.287191608902571e-10,-1.0503197248399506e-06,4.815921180582935e-13,1.9111816433734545e-16,-5.287191442362933e-10,1.7853735033641397e-16,-1.0503192844100514e-06,-5.287193103547165e-10,-1.0503200076125884e-06,-5.287191607686376e-10
1.0000010262741146,1.0000074165171313,1.000007817640941,-1.9304202250081185e-10,-2.98350574748338e-10,1.0000074257505094,1.0000078176409406,-1.0503200076125892e-06,1.0000020588726084,1.0000080103137539,1.0000081695327714,1.0000081177458098,1.000008117745809,1.0000073470521051,-1.930420227785018e-10,-2.4550025018279906e-10,-1.9304202238866725e-10,1.0000074257505116,1.0000073470521051,-1.9228318509648569e-10,1.00000742575051,-2.455002500300844e-10,1.0000078176409402,1.00000781764094,-2.455002496122609e-10,1.0000074257505107,1.000008070735684,1.0000081695327718,1.0000074257505107,-2.0224598733526092e-10,1.000007416517129,1.0000078176409413,-1.0502652429583024e-06,1.0000078176409406,1.0000078470450506,-2.455002495420858e-10,-1.9304202205775337e-10,1.0000077863343455,-1.8001476897151913e-10,1.0000074257505116,1.0000081019809781,1.0000081177458084,1.0000078176409402
1.0000009188423897,1.000007309085152,1.0000077102089175,-1.9304200194639616e-10,-2.983505427430863e-10,1.00000731831853,1.0000077102089178,-1.0503198962311122e-06,1.0000080103137539,1.0000018440085083,1.0000080621007108,1.0000080103137539,1.0000080103137536,1.0000072396201332,-1.9304200232815544e-10,-2.455002241280892e-10,-1.9304200181625175e-10,1.000007318318532,1.0000072396201336,-1.9228316472375354e-10,1.0000073183185307,-2.455002239037933e-10,1.0000077102089182,1.000007710208917,-2.4550022362681727e-10,1.0000073183185303,1.0000079633036356,1.0000080621007108,1.000007318318531,-2.0224596594229682e-10,1.0000073090851505,1.0000077102089178,-5.286916944001608e-10,1.000007710208918,1.0000077396130251,-2.455002237388108e-10,-1.9304200166098948e-10,1.0000076789023282,-1.8001474975775821e-10,1.0000073183185312,1.0000079945489255,1.0000080103137539,1.000007710208917
1.000001078060928,1.0000074683040563,1.000007869427886,-1.9304203248000138e-10,-5.92684214648666e-07,1.0000074775374344,1.0000078694278858,-1.0503200621875122e-06,1.0000081695327714,1.0000080621007108,1.000002162446535,1.0000081695327714,1.000008169532771,1.000007398839027,-1.9304203282367887e-10,-2.4550026307283913e-10,-1.9304203242701382e-10,1.000007477537437,1.0000073988390275,-1.9228319507875005e-10,1.0000074775374361,-2.4550026261337085e-10,1.0000078694278856,1.000007869427886,-2.455002626101623e-10,1.000007477537435,1.0000081225226434,1.0000082213197348,1.000007477537435,-2.0224599779621698e-10,1.000007468304055,1.0000078694278864,-1.0502652975303853e-06,1.0000078694278869,1.0000078988319976,-2.4550026277699286e-10,-1.9304203204233267e-10,1.0000078381212913,-1.800147783411237e-10,1.0000074775374372,1.0000081537679382,1.0000081695327707,1.000007869427886
1.0000010262741146,1.000007416517131,1.000007817640941,-1.930420224996434e-10,-2.9835057465155077e-10,1.00000742575051,1.00000781764094,-1.0503200076125892e-06,1.0000081177458098,1.0000080103137539,1.0000081695327714,1.000002058872604,1.0000081177458093,1.0000073470521051,-1.9304202284303245e-10,-2.4550025016812855e-10,-1.9304202238866725e-10,1.0000074257505114,1.0000073470521051,-1.922831849843048e-10,1.0000074257505105,-2.455002499292314e-10,1.0000078176409402,1.00000781764094,-2.4550024952006563e-10,1.000007425750511,1.0000080707356842,1.0000081695327714,1.0000074257505107,-2.0224598731531785e-10,1.000007416517129,1.0000078176409413,-1.0502652429583024e-06,1.0000078176409406,1.0000078470450506,-2.455002497846978e-10,-1.9304202210491145e-10,1.0000077863343455,-1.800147689356729e-10,1.0000074257505114,1.0000081019809783,1.0000081177458098,1.0000078176409402
1.0000010262741144,1.000007416517131,1.00000781764094,-1.9304202250081185e-10,-2.9835057465155077e-10,1.0000074257505094,1.000007817640941,-1.0503200076125894e-06,1.000008117745809,1.0000080103137536,1.000008169532771,1.0000081177458093,1.0000020588726075,1.0000073470521045,-1.9304202285628075e-10,-2.4550025016812855e-10,-1.9304202239963717e-10,1.0000074257505114,1.0000073470521065,-1.9228318504082946e-10,1.00000742575051,-2.455002499596936e-10,1.000007817640941,1.00000781764094,-2.4550024952006563e-10,1.0000074257505112,1.0000080707356829,1.000008169532771,1.0000074257505114,-2.0224598734789029e-10,1.0000074165171304,1.0000078176409413,-1.0502652429583024e-06,1.0000078176409408,1.0000078470450502,-2.455002495420858e-10,-1.9304202203059206e-10,1.0000077863343464,-1.8001476906294828e-10,1.00000742575051,1.0000081019809774,1.0000081177458087,1.00000781764094
1.0000002555827088,1.0000066458239671,1.0000070469474673,-3.8348465105590537e-07,-5.926837293951275e-07,1.0000066550573388,1.000007046947467,-1.050319202278345e-06,1.0000073470521051,1.0000072396201332,1.000007398839027,1.0000073470521051,1.0000073470521045,1.00000051748577,-3.834846519315289e-07,-4.876947335130364e-07,-3.8348465095780487e-07,1.00000665505734,1.0000065763589954,-3.8197719439222657e-07,1.00000665505734,-4.876947330777355e-07,1.000007046947468,1.0000070469474673,-4.876947325490462e-07,1.0000066550573399,1.0000073000420169,1.000007398839027,1.00000665505734,-4.017686455060587e-07,1.0000066458239663,1.0000070469474671,-1.0502644376665224e-06,1.0000070469474676,1.0000070763515556,-4.876947327516158e-07,-3.834846503471227e-07,1.0000070156408971,-1.8001463071737728e-10,1.0000066550573408,1.0000073312872853,1.0000073470521051,1.000007046947467
-4.555423192762977e-06,-3.8348467846483836e-07,-1.9304196536683307e-10,1.391068249713063e-13,1.0777044445412876e-16,-1.9304188990791076e-10,-1.9304196543763136e-10,1.9105686014870187e-16,-1.930420227785018e-10,-1.9304200232815544e-10,-1.9304203282367887e-10,-1.9304202284303245e-10,-1.9304202285628075e-10,-3.834846519315289e-07,-6.058873733734395e-06,8.884388400704544e-17,1.391068250170886e-13,-1.9304188993981057e-10,-3.8348465193152885e-07,1.3848965036112323e-13,-1.9304188992471489e-10,8.877079815602127e-17,-1.930419653055638e-10,-1.9304196536528456e-10,8.876602648630233e-17,-1.930418899176513e-10,-1.9304201385957495e-10,-1.930420329441344e-10,-1.9304188990750268e-10,1.4572949868220853e-13,-3.83484678464838e-07,-1.9304196537983687e-10,1.9105109358742611e-16,-1.9304196535569374e-10,-3.834848427808758e-07,8.874666076482037e-17,1.3910682469227794e-13,-1.9304195925617216e-10,6.508675646048755e-17,-1.930418899180275e-10,-1.9304202015270678e-10,-1.9304202280013023e-10,-1.930419653055638e-10
-4.659632962272272e-06,-4.876947672500487e-07,-2.4550017696874516e-10,8.870735134325257e-17,2.7186464575221356e-13,-4.876947716523055e-07,-2.455001768982136e-10,4.81592119124565e-13,-2.4550025018279906e-10,-2.455002241280892e-10,-2.4550026307283913e-10,-2.4550025016812855e-10,-2.4550025016812855e-10,-4.876947335130364e-07,8.884388400704544e-17,-6.058873646809218e-06,8.872955829087065e-17,-4.876947716523059e-07,-4.876947335130369e-07,8.824184523571542e-17,-4.876947716523056e-07,2.2378537825234205e-13,-2.455001769115063e-10,-2.4550017692380583e-10,2.23785377945744e-13,-4.876947716523061e-07,-2.455002386975947e-10,-2.4550026260094407e-10,-4.876947716523061e-07,9.294223050165053e-17,-4.876947672500482e-07,-2.4550017695399177e-10,4.815639052028363e-13,-2.4550017696145573e-10,-2.455001840092846e-10,2.2378537806304741e-13,8.874958562355764e-17,-2.455001692657395e-10,8.333471747685205e-17,-4.876947716523061e-07,-2.455002464572271e-10,-2.4550025016812855e-10,-2.455001769374849e-10
-4.555423192690022e-06,-3.8348467749111385e-07,-1.9304196477078156e-10,1.3910682446731713e-13,1.0790090767024678e-16,-1.9304188943738675e-10,-1.9304196483582634e-10,1.9120084510316644e-16,-1.9304202238866725e-10,-1.9304200181625175e-10,-1.9304203242701382e-10,-1.9304202238866725e-10,-1.9304202239963717e-10,-3.8348465095780487e-07,1.391068250170886e-13,8.872955829087065e-17,-6.058873733734395e-06,-1.9304188942196397e-10,-3.834846509578053e-07,1.3848964985626389e-13,-1.9304188943219534e-10,8.878868499186358e-17,-1.9304196477319434e-10,-1.930419648625535e-10,8.87911794338244e-17,-1.9304188941038445e-10,-1.9304201338803077e-10,-1.930420323414602e-10,-1.9304188941157008e-10,1.4572949815372683e-13,-3.834846774911136e-07,-1.9304196489714255e-10,1.91204022340196e-16,-1.930419648702283e-10,-3.834848418071506e-07,8.875010000495105e-17,1.3910682418828917e-13,-1.9304195876524595e-10,6.535559205069128e-17,-1.9304188943286045e-10,-1.9304201958863203e-10,-1.9304202235008416e-10,-1.9304196486826172e-10
1.0000003342808796,1.0000067245223176,1.0000071256458498,-1.9304188947255266e-10,-5.926837757431443e-07,1.0000067337556904,1.0000071256458496,-1.0503192844100529e-06,1.0000074257505116,1.000007318318532,1.000007477537437,1.0000074257505114,1.0000074257505114,1.00000665505734,-1.9304188993981057e-10,-4.876947716523059e-07,-1.9304188942196397e-10,1.0000006748824728,1.000006655057341,-1.9228305267229612e-10,1.000006733755691,-4.876947712170058e-07,1.0000071256458496,1.00000712564585,-4.876947706883166e-07,1.000006733755691,1.0000073787404182,1.0000074775374372,1.000006733755691,-2.0224584804653884e-10,1.0000067245223163,1.0000071256458494,-1.0502645197938891e-06,1.0000071256458496,1.0000071550499394,-4.876947708908846e-07,-1.9304188911643775e-10,1.000007094339278,-1.8001464481786576e-10,1.0000067337556924,1.0000074099856915,1.0000074257505114,1.0000071256458494
1.000000255582713,1.0000066458239671,1.000007046947469,-3.834846510559052e-07,-5.926837293951282e-07,1.0000066550573388,1.0000070469474678,-1.0503192022783466e-06,1.0000073470521051,1.0000072396201336,1.0000073988390275,1.0000073470521051,1.0000073470521065,1.0000065763589954,-3.8348465193152885e-07,-4.876947335130369e-07,-3.834846509578053e-07,1.000006655057341,1.000000517485771,-3.8197719439222673e-07,1.00000665505734,-4.87694733077735e-07,1.000007046947469,1.0000070469474676,-4.876947325490462e-07,1.0000066550573408,1.0000073000420167,1.0000073988390275,1.000006655057341,-4.0176864550605934e-07,1.0000066458239663,1.000007046947468,-1.0502644376665226e-06,1.000007046947468,1.0000070763515552,-4.876947327516155e-07,-3.834846503471227e-07,1.0000070156408976,-1.8001463088795546e-10,1.0000066550573408,1.000007331287286,1.0000073470521056,1.0000070469474676
-4.553915734832589e-06,-3.819772208202271e-07,-1.9228312775828384e-10,1.3848964981268585e-13,1.0745616468386624e-16,-1.9228305267027532e-10,-1.9228312778862193e-10,1.9040550234123653e-16,-1.9228318509648569e-10,-1.9228316472375354e-10,-1.9228319507875005e-10,-1.922831849843048e-10,-1.9228318504082946e-10,-3.8197719439222657e-07,1.3848965036112323e-13,8.824184523571542e-17,1.3848964985626389e-13,-1.9228305267229612e-10,-3.8197719439222673e-07,-6.058873735605781e-06,-1.9228305267508367e-10,8.84155541140734e-17,-1.9228312772895323e-10,-1.9228312779870312e-10,8.834572796503447e-17,-1.9228305266739766e-10,-1.922831761696436e-10,-1.9228319508173935e-10,-1.9228305267496714e-10,1.45082854257526e-13,-3.819772208202268e-07,-1.9228312771739222e-10,1.9035102691889497e-16,-1.9228312774628156e-10,-3.8197738448296333e-07,8.833135804100808e-17,1.3848964953323673e-13,-1.9228312169843948e-10,1.2940541343453045e-13,-1.9228305266526697e-10,-1.9228318232551028e-10,-1.92283185060164e-10,-1.9228312775517894e-10
1.0000003342808796,1.0000067245223172,1.0000071256458494,-1.9304188946388264e-10,-5.926837757431438e-07,1.00000673375569,1.0000071256458494,-1.050319284410052e-06,1.00000742575051,1.0000073183185307,1.0000074775374361,1.0000074257505105,1.00000742575051,1.00000665505734,-1.9304188992471489e-10,-4.876947716523056e-07,-1.9304188943219534e-10,1.000006733755691,1.00000665505734,-1.9228305267508367e-10,1.0000006748824695,-4.876947712170053e-07,1.0000071256458485,1.0000071256458474,-4.876947706883166e-07,1.000006733755691,1.0000073787404176,1.0000074775374361,1.000006733755691,-2.0224584804586722e-10,1.0000067245223152,1.0000071256458496,-1.0502645197938895e-06,1.0000071256458494,1.00000715504994,-4.876947708908843e-07,-1.9304188912204446e-10,1.000007094339278,-1.800146448538748e-10,1.0000067337556922,1.0000074099856915,1.0000074257505105,1.000007125645849
-4.6596329603228495e-06,-4.876947668147484e-07,-2.45500176709509e-10,8.878849877318912e-17,2.718646453830089e-13,-4.876947712170056e-07,-2.455001767142762e-10,4.81592118468551e-13,-2.455002500300844e-10,-2.455002239037933e-10,-2.4550026261337085e-10,-2.455002499292314e-10,-2.455002499596936e-10,-4.876947330777355e-07,8.877079815602127e-17,2.2378537825234205e-13,8.878868499186358e-17,-4.876947712170058e-07,-4.87694733077735e-07,8.84155541140734e-17,-4.876947712170053e-07,-6.058873646809218e-06,-2.455001767147211e-10,-2.4550017668814957e-10,2.2378537764252897e-13,-4.876947712170053e-07,-2.4550023853949286e-10,-2.4550026274739076e-10,-4.876947712170053e-07,9.299111927543394e-17,-4.876947668147474e-07,-2.4550017674249994e-10,4.815639045468718e-13,-2.4550017671826174e-10,-2.455001839767722e-10,2.237853777598321e-13,8.86776423445387e-17,-2.4550016904510695e-10,8.30151841979773e-17,-4.876947712170059e-07,-2.45500246282616e-10,-2.4550024993172374e-10,-2.455001767142778e-10
1.0000007261701467,1.0000071164124718,1.0000075175361618,-1.930419648615436e-10,-2.983504854232968e-10,1.0000071256458472,1.0000075175361613,-5.287191609622174e-10,1.0000078176409402,1.0000077102089182,1.0000078694278856,1.0000078176409402,1.000007817640941,1.000007046947468,-1.930419653055638e-10,-2.455001769115063e-10,-1.9304196477319434e-10,1.0000071256458496,1.000007046947469,-1.9228312772895323e-10,1.0000071256458485,-2.455001767147211e-10,1.0000014586629546,1.0000075175361616,-2.455001764455255e-10,1.0000071256458494,1.0000077706308288,1.0000078694278853,1.0000071256458494,-2.0224592698097082e-10,1.0000071164124695,1.0000075175361616,-5.286915929899839e-10,1.0000075175361611,1.0000075469402627,-2.455001765250422e-10,-1.9304196448545853e-10,1.0000074862295776,-1.8001471515224628e-10,1.0000071256458496,1.0000078018761134,1.00000781764094,1.000007517536161
1.0000007261701425,1.000007116412471,1.0000075175361607,-1.93041964810538e-10,-2.98350485419514e-10,1.0000071256458472,1.0000075175361605,-5.287191609297199e-10,1.00000781764094,1.000007710208917,1.000007869427886,1.00000781764094,1.00000781764094,1.0000070469474673,-1.9304196536528456e-10,-2.4550017692380583e-10,-1.930419648625535e-10,1.00000712564585,1.0000070469474676,-1.9228312779870312e-10,1.0000071256458474,-2.4550017668814957e-10,1.0000075175361616,1.0000014586629546,-2.4550017644970396e-10,1.0000071256458483,1.0000077706308288,1.000007869427886,1.0000071256458483,-2.0224592693381067e-10,1.000007116412469,1.0000075175361607,-5.286915928086902e-10,1.0000075175361607,1.0000075469402623,-2.455001765432765e-10,-1.9304196448545853e-10,1.0000074862295756,-1.800147151170926e-10,1.0000071256458496,1.0000078018761125,1.00000781764094,1.00000751753616
-4.659632961239985e-06,-4.876947662860581e-07,-2.4550017644318567e-10,8.879874588217606e-17,2.718646450095301e-13,-4.876947706883151e-07,-2.455001764757433e-10,4.815921178046074e-13,-2.455002496122609e-10,-2.4550022362681727e-10,-2.455002626101623e-10,-2.4550024952006563e-10,-2.4550024952006563e-10,-4.876947325490462e-07,8.876602648630233e-17,2.23785377945744e-13,8.87911794338244e-17,-4.876947706883166e-07,-4.876947325490462e-07,8.834572796503447e-17,-4.876947706883166e-07,2.2378537764252897e-13,-2.455001764455255e-10,-2.4550017644970396e-10,-6.058873646809218e-06,-4.876947706883158e-07,-2.4550023810259803e-10,-2.455002626101623e-10,-4.876947706883165e-07,9.308513676865533e-17,-4.876947662860575e-07,-2.4550017646594446e-10,4.815639038828742e-13,-2.455001764450629e-10,-2.455001836457919e-10,2.2378537745323413e-13,8.883906131990629e-17,-2.4550016877613827e-10,8.333471747685205e-17,-4.876947706883165e-07,-2.4550024599243396e-10,-2.455002496122609e-10,-2.455001764694296e-10
1.000000334280879,1.0000067245223168,1.0000071256458483,-1.9304188947669176e-10,-5.926837757431438e-07,1.0000067337556897,1.0000071256458485,-1.0503192844100512e-06,1.0000074257505107,1.0000073183185303,1.000007477537435,1.000007425750511,1.0000074257505112,1.0000066550573399,-1.930418899176513e-10,-4.876947716523061e-07,-1.9304188941038445e-10,1.000006733755691,1.0000066550573408,-1.9228305266739766e-10,1.000006733755691,-4.876947712170053e-07,1.0000071256458494,1.0000071256458483,-4.876947706883158e-07,1.00000067488247,1.0000073787404167,1.000007477537435,1.0000067337556902,-2.0224584802008664e-10,1.0000067245223148,1.0000071256458491,-1.0502645197938874e-06,1.0000071256458494,1.0000071550499388,-4.876947708908839e-07,-1.930418891197455e-10,1.0000070943392771,-1.8001464483908643e-10,1.0000067337556913,1.0000074099856897,1.0000074257505096,1.0000071256458485
1.000000979264131,1.0000073695070384,1.0000077706308292,-1.9304201341720057e-10,-2.9835056039704217e-10,1.0000073787404162,1.0000077706308286,-1.0503199584417225e-06,1.000008070735684,1.0000079633036356,1.0000081225226434,1.0000080707356842,1.0000080707356829,1.0000073000420169,-1.9304201385957495e-10,-2.455002386975947e-10,-1.9304201338803077e-10,1.0000073787404182,1.0000073000420167,-1.922831761696436e-10,1.0000073787404176,-2.4550023853949286e-10,1.0000077706308288,1.0000077706308288,-2.4550023810259803e-10,1.0000073787404167,1.0000019648523575,1.0000081225226432,1.000007378740417,-2.0224597789278417e-10,1.0000073695070375,1.000007770630829,-1.050265193790021e-06,1.0000077706308286,1.0000078000349382,-2.4550023824567313e-10,-1.9304201302197013e-10,1.0000077393242366,-3.5760581952198973e-07,1.0000073787404182,1.000008054970853,1.0000080707356833,1.0000077706308286
1.000001078060927,1.0000074683040563,1.000007869427886,-1.9304203252436866e-10,-5.926842146486664e-07,1.000007477537435,1.0000078694278858,-1.0503200621875128e-06,1.0000081695327718,1.0000080621007108,1.0000082213197348,1.0000081695327714,1.000008169532771,1.000007398839027,-1.930420329441344e-10,-2.4550026260094407e-10,-1.930420323414602e-10,1.0000074775374372,1.0000073988390275,-1.9228319508173935e-10,1.0000074775374361,-2.4550026274739076e-10,1.0000078694278853,1.000007869427886,-2.455002626101623e-10,1.000007477537435,1.0000081225226432,1.0000021624465352,1.000007477537435,-2.0224599789710494e-10,1.0000074683040547,1.0000078694278864,-1.0502652975303849e-06,1.0000078694278869,1.0000078988319976,-2.4550026277699286e-10,-1.930420321493496e-10,1.000007838121291,-1.8001477829122634e-10,1.0000074775374372,1.0000081537679382,1.0000081695327707,1.000007869427886
1.0000003342808794,1.0000067245223165,1.0000071256458483,-1.930418894647255e-10,-5.92683775743144e-07,1.0000067337556893,1.0000071256458485,-1.0503192844100512e-06,1.0000074257505107,1.000007318318531,1.000007477537435,1.0000074257505107,1.0000074257505114,1.00000665505734,-1.9304188990750268e-10,-4.876947716523061e-07,-1.9304188941157008e-10,1.000006733755691,1.000006655057341,-1.9228305267496714e-10,1.000006733755691,-4.876947712170053e-07,1.0000071256458494,1.0000071256458483,-4.876947706883165e-07,1.0000067337556902,1.000007378740417,1.000007477537435,1.000000674882468,-2.02245848040753e-10,1.0000067245223148,1.000007125645849,-1.0502645197938874e-06,1.000007125645849,1.0000071550499399,-4.876947708908843e-07,-1.930418891197455e-10,1.0000070943392776,-1.8001464484645692e-10,1.0000067337556915,1.0000074099856904,1.0000074257505098,1.0000071256458483
-4.573707130612202e-06,-4.0176867330429514e-07,-2.0224592700254568e-10,1.457294981061723e-13,1.1316980740765408e-16,-2.0224584804586722e-10,-2.0224592701032245e-10,2.0038576725477757e-16,-2.0224598733526092e-10,-2.0224596594229682e-10,-2.0224599779621698e-10,-2.0224598731531785e-10,-2.0224598734789029e-10,-4.017686455060587e-07,1.4572949868220853e-13,9.294223050165053e-17,1.4572949815372683e-13,-2.0224584804653884e-10,-4.0176864550605934e-07,1.45082854257526e-13,-2.0224584804586722e-10,9.299111927543394e-17,-2.0224592698097082e-10,-2.0224592693381067e-10,9.308513676865533e-17,-2.0224584802008664e-10,-2.0224597789278417e-10,-2.0224599789710494e-10,-2.02245848040753e-10,-6.058873721712107e-06,-4.0176867330429487e-07,-2.0224592697443493e-10,2.0049662403941512e-16,-2.022459270811456e-10,-4.017688454536441e-07,9.288879302561952e-17,1.4572949781355643e-13,-2.0224592068328647e-10,6.865268051137083e-17,-2.0224584803579035e-10,-4.0176894760307033e-07,-2.0224598732473181e-10,-2.0224592700834903e-10
1.000000325047528,1.000006715288942,1.0000071164124693,-3.8348467758921387e-07,-5.92683770393849e-07,1.0000067245223143,1.0000071164124709,-1.0503192749316248e-06,1.000007416517129,1.0000073090851505,1.000007468304055,1.000007416517129,1.0000074165171304,1.0000066458239663,-3.83484678464838e-07,-4.876947672500482e-07,-3.834846774911136e-07,1.0000067245223163,1.0000066458239663,-3.819772208202268e-07,1.0000067245223152,-4.876947668147474e-07,1.0000071164124695,1.000007116412469,-4.876947662860575e-07,1.0000067245223148,1.0000073695070375,1.0000074683040547,1.0000067245223148,-4.0176867330429487e-07,1.0000006564157236,1.0000071164124702,-1.0502645103159775e-06,1.0000071164124706,1.0000071458165605,-4.876947664886267e-07,-3.834846768804308e-07,1.000007085105899,-3.576055866894344e-07,1.0000067245223172,1.0000074007523096,1.0000074165171295,1.0000071164124702
1.0000007261701485,1.000007116412471,1.0000075175361613,-1.93041964810538e-10,-2.9835048540481604e-10,1.0000071256458483,1.000007517536162,-5.287191609297199e-10,1.0000078176409413,1.0000077102089178,1.0000078694278864,1.0000078176409413,1.0000078176409413,1.0000070469474671,-1.9304196537983687e-10,-2.4550017695399177e-10,-1.9304196489714255e-10,1.0000071256458494,1.000007046947468,-1.9228312771739222e-10,1.0000071256458496,-2.4550017674249994e-10,1.0000075175361616,1.0000075175361607,-2.4550017646594446e-10,1.0000071256458491,1.000007770630829,1.0000078694278864,1.000007125645849,-2.0224592697443493e-10,1.0000071164124702,1.000001458662957,-5.286915930775349e-10,1.0000075175361618,1.0000075469402627,-2.455001765444115e-10,-1.9304196445940038e-10,1.0000074862295776,-1.80014715149908e-10,1.00000712564585,1.0000078018761138,1.00000781764094,1.0000075175361613
-5.222201044284938e-06,-1.0502645103159794e-06,-5.286915929506655e-10,1.9143312626606472e-16,5.850232658176115e-13,-1.0502645197938887e-06,-5.286915929899839e-10,1.0363295388723403e-12,-1.0502652429583024e-06,-5.286916944001608e-10,-1.0502652975303853e-06,-1.0502652429583024e-06,-1.0502652429583024e-06,-1.0502644376665224e-06,1.9105109358742611e-16,4.815639052028363e-13,1.91204022340196e-16,-1.0502645197938891e-06,-1.0502644376665226e-06,1.9035102691889497e-16,-1.0502645197938895e-06,4.815639045468718e-13,-5.286915929899839e-10,-5.286915928086902e-10,4.815639038828742e-13,-1.0502645197938874e-06,-1.050265193790021e-06,-1.0502652975303849e-06,-1.0502645197938874e-06,2.0049662403941512e-16,-1.0502645103159775e-06,-5.286915930775349e-10,-6.058872838304248e-06,-5.286915929289347e-10,-1.0502649602005826e-06,4.815639041365558e-13,1.91204022340196e-16,-5.286915763396268e-10,1.786003622868972e-16,-1.0502645197938902e-06,-1.050265227181405e-06,-1.0502652429583014e-06,-5.286915929893327e-10
1.0000007261701473,1.0000071164124722,1.0000075175361613,-1.93041964845217e-10,-2.9835048543236513e-10,1.000007125645848,1.0000075175361622,-5.287191608902571e-10,1.0000078176409406,1.000007710208918,1.0000078694278869,1.0000078176409406,1.0000078176409408,1.0000070469474676,-1.9304196535569374e-10,-2.4550017696145573e-10,-1.930419648702283e-10,1.0000071256458496,1.000007046947468,-1.9228312774628156e-10,1.0000071256458494,-2.4550017671826174e-10,1.0000075175361611,1.0000075175361607,-2.455001764450629e-10,1.0000071256458494,1.0000077706308286,1.0000078694278869,1.000007125645849,-2.022459270811456e-10,1.0000071164124706,1.0000075175361618,-5.286915929289347e-10,1.0000014586629529,1.0000075469402632,-2.45500176550671e-10,-1.9304196457966631e-10,1.000007486229577,-1.8001471533719738e-10,1.0000071256458507,1.0000078018761125,1.0000078176409404,1.0000075175361616
1.0000007555741632,1.0000071458165616,1.0000075469402632,-3.834848419052514e-07,-2.98350493908094e-10,1.0000071550499388,1.0000075469402632,-1.0503197248399506e-06,1.0000078470450506,1.0000077396130251,1.0000078988319976,1.0000078470450506,1.0000078470450502,1.0000070763515556,-3.834848427808758e-07,-2.455001840092846e-10,-3.834848418071506e-07,1.0000071550499394,1.0000070763515552,-3.8197738448296333e-07,1.00000715504994,-2.455001839767722e-10,1.0000075469402627,1.0000075469402623,-2.455001836457919e-10,1.0000071550499388,1.0000078000349382,1.0000078988319976,1.0000071550499399,-4.017688454536441e-07,1.0000071458165605,1.0000075469402627,-1.0502649602005826e-06,1.0000075469402632,1.000001517471151,-2.455001836439072e-10,-3.834848411964676e-07,1.0000075156336772,-1.8001472043236285e-10,1.0000071550499408,1.0000078312802245,1.0000078470450509,1.0000075469402632
-4.659632961239781e-06,-4.876947664886272e-07,-2.455001765322003e-10,8.879874588217606e-17,2.718646451523363e-13,-4.876947708908839e-07,-2.4550017652416246e-10,4.815921180582935e-13,-2.455002495420858e-10,-2.455002237388108e-10,-2.4550026277699286e-10,-2.455002497846978e-10,-2.455002495420858e-10,-4.876947327516158e-07,8.874666076482037e-17,2.2378537806304741e-13,8.875010000495105e-17,-4.876947708908846e-07,-4.876947327516155e-07,8.833135804100808e-17,-4.876947708908843e-07,2.237853777598321e-13,-2.455001765250422e-10,-2.455001765432765e-10,2.2378537745323413e-13,-4.876947708908839e-07,-2.4550023824567313e-10,-2.4550026277699286e-10,-4.876947708908843e-07,9.288879302561952e-17,-4.876947664886267e-07,-2.455001765444115e-10,4.815639041365558e-13,-2.45500176550671e-10,-2.455001836439072e-10,-6.058873646809218e-06,8.879701963474201e-17,-2.455001688824587e-10,8.30151841979773e-17,-4.876947708908848e-07,-2.455002461143467e-10,-2.455002495420858e-10,-2.4550017657489376e-10
-4.55542319229256e-06,-3.834846768804309e-07,-1.9304196447338376e-10,1.391068241425062e-13,1.0775593879443559e-16,-1.9304188912410549e-10,-1.9304196448545853e-10,1.9111816433734545e-16,-1.9304202205775337e-10,-1.9304200166098948e-10,-1.9304203204233267e-10,-1.9304202210491145e-10,-1.9304202203059206e-10,-3.834846503471227e-07,1.3910682469227794e-13,8.874958562355764e-17,1.3910682418828917e-13,-1.9304188911643775e-10,-3.834846503471227e-07,1.3848964953323673e-13,-1.9304188912204446e-10,8.86776423445387e-17,-1.9304196448545853e-10,-1.9304196448545853e-10,8.883906131990629e-17,-1.930418891197455e-10,-1.9304201302197013e-10,-1.930420321493496e-10,-1.930418891197455e-10,1.4572949781355643e-13,-3.834846768804308e-07,-1.9304196445940038e-10,1.91204022340196e-16,-1.9304196457966631e-10,-3.834848411964676e-07,8.879701963474201e-17,-6.058873733734395e-06,-1.9304195850824109e-10,6.508675646048755e-17,-1.9304188912662813e-10,-1.9304201929158747e-10,-1.9304202209805275e-10,-1.9304196451702866e-10
1.0000006948636424,1.0000070851059002,1.0000074862295774,-1.9304195883223483e-10,-5.926839885411253e-07,1.0000070943392763,1.000007486229577,-5.287191442362933e-10,1.0000077863343455,1.0000076789023282,1.0000078381212913,1.0000077863343455,1.0000077863343464,1.0000070156408971,-1.9304195925617216e-10,-2.455001692657395e-10,-1.9304195876524595e-10,1.000007094339278,1.0000070156408976,-1.9228312169843948e-10,1.000007094339278,-2.4550016904510695e-10,1.0000074862295776,1.0000074862295756,-2.4550016877613827e-10,1.0000070943392771,1.0000077393242366,1.000007838121291,1.0000070943392776,-2.0224592068328647e-10,1.000007085105899,1.0000074862295776,-5.286915763396268e-10,1.000007486229577,1.0000075156336772,-2.455001688824587e-10,-1.9304195850824109e-10,1.0000013960497782,-1.8001470939795448e-10,1.000007094339279,1.000007770569521,1.0000077863343455,1.0000074862295762
-4.529544181768895e-06,-3.576055866894346e-07,-1.8001471521304708e-10,6.529840100635777e-17,1.0091444886224795e-16,-1.8001464482502519e-10,-1.80014715117112e-10,1.7853735033641397e-16,-1.8001476897151913e-10,-1.8001474975775821e-10,-1.800147783411237e-10,-1.800147689356729e-10,-1.8001476906294828e-10,-1.8001463071737728e-10,6.508675646048755e-17,8.333471747685205e-17,6.535559205069128e-17,-1.8001464481786576e-10,-1.8001463088795546e-10,1.2940541343453045e-13,-1.800146448538748e-10,8.30151841979773e-17,-1.8001471515224628e-10,-1.800147151170926e-10,8.333471747685205e-17,-1.8001464483908643e-10,-3.5760581952198973e-07,-1.8001477829122634e-10,-1.8001464484645692e-10,6.865268051137083e-17,-3.576055866894344e-07,-1.80014715149908e-10,1.786003622868972e-16,-1.8001471533719738e-10,-1.8001472043236285e-10,8.30151841979773e-17,6.508675646048755e-17,-1.8001470939795448e-10,-6.05887375133678e-06,-1.8001464483017772e-10,-1.800147661873431e-10,-1.8001476882712966e-10,-1.8001471500455985e-10
1.0000003342808776,1.0000067245223176,1.00000712564585,-1.9304188946388264e-10,-5.92683775743145e-07,1.0000067337556904,1.00000712564585,-1.0503192844100514e-06,1.0000074257505116,1.0000073183185312,1.0000074775374372,1.0000074257505114,1.00000742575051,1.0000066550573408,-1.930418899180275e-10,-4.876947716523061e-07,-1.9304188943286045e-10,1.0000067337556924,1.0000066550573408,-1.9228305266526697e-10,1.0000067337556922,-4.876947712170059e-07,1.0000071256458496,1.0000071256458496,-4.876947706883165e-07,1.0000067337556913,1.0000073787404182,1.0000074775374372,1.0000067337556915,-2.0224584803579035e-10,1.0000067245223172,1.00000712564585,-1.0502645197938902e-06,1.0000071256458507,1.0000071550499408,-4.876947708908848e-07,-1.9304188912662813e-10,1.000007094339279,-1.8001464483017772e-10,1.00000067488247,1.000007409985692,1.0000074257505112,1.0000071256458505
1.0000010105093395,1.0000074007523112,1.0000078018761134,-1.9304201967404086e-10,-2.98350569922315e-10,1.00000740998569,1.0000078018761132,-5.287193103547165e-10,1.0000081019809781,1.0000079945489255,1.0000081537679382,1.0000081019809783,1.0000081019809774,1.0000073312872853,-1.9304202015270678e-10,-2.455002464572271e-10,-1.9304201958863203e-10,1.0000074099856915,1.000007331287286,-1.9228318232551028e-10,1.0000074099856915,-2.45500246282616e-10,1.0000078018761134,1.0000078018761125,-2.4550024599243396e-10,1.0000074099856897,1.000008054970853,1.0000081537679382,1.0000074099856904,-4.0176894760307033e-07,1.0000074007523096,1.0000078018761138,-1.050265227181405e-06,1.0000078018761125,1.0000078312802245,-2.455002461143467e-10,-1.9304201929158747e-10,1.000007770569521,-1.800147661873431e-10,1.000007409985692,1.0000020273429389,1.0000081019809768,1.0000078018761116
1.000001026274117,1.000007416517131,1.0000078176409395,-1.930420224239039e-10,-2.9835057465155077e-10,1.0000074257505085,1.0000078176409406,-1.0503200076125884e-06,1.0000081177458084,1.0000080103137539,1.0000081695327707,1.0000081177458098,1.0000081177458087,1.0000073470521051,-1.9304202280013023e-10,-2.4550025016812855e-10,-1.9304202235008416e-10,1.0000074257505114,1.0000073470521056,-1.92283185060164e-10,1.0000074257505105,-2.4550024993172374e-10,1.00000781764094,1.00000781764094,-2.455002496122609e-10,1.0000074257505096,1.0000080707356833,1.0000081695327707,1.0000074257505098,-2.0224598732473181e-10,1.0000074165171295,1.00000781764094,-1.0502652429583014e-06,1.0000078176409404,1.0000078470450509,-2.455002495420858e-10,-1.9304202209805275e-10,1.0000077863343455,-1.8001476882712966e-10,1.0000074257505112,1.0000081019809768,1.0000020588726042,1.00000781764094
1.0000007261701456,1.0000071164124715,1.000007517536161,-1.9304196482288078e-10,-2.9835048541248354e-10,1.0000071256458476,1.0000075175361616,-5.287191607686376e-10,1.0000078176409402,1.000007710208917,1.000007869427886,1.0000078176409402,1.00000781764094,1.000007046947467,-1.930419653055638e-10,-2.455001769374849e-10,-1.9304196486826172e-10,1.0000071256458494,1.0000070469474676,-1.9228312775517894e-10,1.000007125645849,-2.455001767142778e-10,1.000007517536161,1.00000751753616,-2.455001764694296e-10,1.0000071256458485,1.0000077706308286,1.000007869427886,1.0000071256458483,-2.0224592700834903e-10,1.0000071164124702,1.0000075175361613,-5.286915929893327e-10,1.0000075175361616,1.0000075469402632,-2.4550017657489376e-10,-1.9304196451702866e-10,1.0000074862295762,-1.8001471500455985e-10,1.0000071256458505,1.0000078018761116,1.00000781764094,1.0000014586629506
