0.9999999995060058,0.9998941434242834,-8.776241455525672e-06,-8.81941209823575e-06,-8.882240911282477e-06,-8.774261985345196e-06,-8.882240911282137e-06,-8.774822911934434e-06,-9.750195796930996e-06,-8.774017169854e-06,-9.750195796932393e-06,-1.0894434926576466e-05,0.9998943490848712,-8.774822913402627e-06,-9.994354483898437e-06,-8.774261987338654e-06,-9.764660139402013e-06,0.9998943490848688,-8.860180744502635e-06,0.9998941931625368,0.999894193162539,-8.942000293161795e-06,-8.808484871703387e-06,-8.77800736982206e-06,-8.819412099641886e-06,-8.860541156558495e-06,-8.774822913435576e-06,-9.750195796928273e-06,-8.882240914716494e-06,-8.917754666563229e-06,-8.869532158499263e-06,-9.954885368651174e-06,-8.788189407085486e-06,0.9998941931625368,-8.772055006103906e-06,0.9998943490848702,-8.948135009908999e-06,-8.94200028638096e-06,-8.774822911934434e-06,-9.748382414798569e-06,-8.847402217040363e-06,-8.774822913403072e-06,-9.75019579693102e-06,-8.786770172613695e-06,0.9998964666428833,-9.75019579693102e-06,-8.83149586811841e-06,-8.774822913402645e-06,-8.774017165372772e-06,0.9998943490848712,0.9998941931625365,-8.882240909151242e-06,-8.772055006117469e-06,-9.97223248699804e-06,-8.774822911934434e-06,0.9998943490848686,-8.815704349122105e-06,0.9998941931625339,-8.779786712911074e-06,-9.75019579693102e-06,-8.917754666498012e-06,-8.774822913457545e-06,-8.815704350705178e-06,0.9998941931625371,-8.8946035380359e-06,0.9998962329723124,-8.776241454461231e-06,0.9998943490848669,-8.779786712273804e-06
0.9998941434242834,0.9998158706432264,-3.6273682190821e-10,-4.114798531443967e-10,-4.629729049825103e-10,-4.974600931995268e-10,-4.6297290484297974e-10,-4.992799752284695e-10,-6.691728599058735e-10,-3.9669151605421975e-10,-6.691728602458672e-10,-1.243481487280105e-09,0.9998025745418541,-4.992799755303951e-10,-1.5677252683297385e-06,-4.974600937379181e-10,-6.785999549819769e-10,0.9998025745418546,-4.1928944711176363e-10,0.9998024217152065,0.999802421715207,-5.001024850147437e-10,-5.136236160139601e-10,-3.7347678145163173e-10,-4.114798531345933e-10,-4.444300145871506e-10,-4.99279975223162e-10,-6.691728600514484e-10,-4.629729056054387e-10,-4.845587913830504e-10,-4.247207852072932e-10,-1.5346262372082156e-06,-3.7806809314371966e-10,0.9998024217152061,-3.783389040493772e-10,0.999802574541854,-5.010519602531735e-10,-5.001024851026216e-10,-4.992799752380126e-10,-6.671357271954835e-10,-4.4372260892460036e-10,-4.99279975179421e-10,-6.691728602187097e-10,-3.681441389978278e-10,0.999804802150308,-6.691728599031852e-10,-4.313559358662085e-10,-4.992799754149141e-10,-3.9669151551032725e-10,0.9998025745418544,0.9998024217152055,-4.6297290608401587e-10,-3.7833890414349133e-10,-1.55605548222876e-06,-4.99279975359194e-10,0.9998025745418533,-3.9464654934960315e-10,0.9998024217152057,-3.5843008663738674e-10,-6.691728601871081e-10,-4.845587912595174e-10,-4.99279975368333e-10,-3.946465485368487e-10,0.9998024217152054,-4.532565019603715e-10,0.9998046000760461,-3.6273682068471926e-10,0.9998025745418535,-3.584300873130625e-10
-8.776241455525672e-06,-3.6273682190821e-10,1.3476358691614116e-05,3.759182628193572e-12,1.0265409460835003e-11,3.9183963683206525e-11,1.0265409460835003e-11,3.968554827479047e-11,-6.456408026308955e-11,6.367341443558462e-12,-6.456408038329384e-11,-6.45871671073369e-11,-3.6023439629258597e-10,3.968554827479047e-11,-6.609186560325496e-11,3.9183963683206525e-11,-6.385773883676641e-11,-3.602343962895585e-10,-3.6726134433081116e-13,-3.607385560728899e-10,-3.607385559535306e-10,1.259078513983959e-11,3.885282610214546e-11,-1.855161332936863e-12,3.759182628193572e-12,7.771109359057393e-12,3.968554861595114e-11,-6.456408038329384e-11,1.0265409460835003e-11,1.1490976784297683e-11,-1.2691477818105713e-13,-6.504980460212524e-11,-2.0246819517086148e-12,-3.607385559535306e-10,7.044361683946305e-13,-3.602343962902974e-10,1.1896224322865373e-11,1.2590785122923192e-11,3.968554861595114e-11,-6.493150293529206e-11,9.69095398824848e-12,3.968554848534707e-11,-6.456408038329384e-11,-5.028180557557927e-12,-7.535054534794727e-07,-6.456408038329384e-11,8.262168454986922e-12,3.968554827479047e-11,6.367341443558462e-12,-3.6023439617082183e-10,-3.607385560728899e-10,1.0265409528164608e-11,7.044358772947297e-13,-6.438131034696019e-11,3.968554848534707e-11,-3.602343962895585e-10,-1.1226399845833694e-12,-3.607385560008514e-10,-7.05253654252161e-12,-6.456408038329384e-11,1.1490976784297683e-11,3.968554861595114e-11,-1.1226391792202376e-12,-3.607385560728899e-10,1.0106839626229647e-08,-7.638000660347486e-07,-1.0095147485425461e-08,-3.602343963828347e-10,-7.05253654252161e-12
-8.81941209823575e-06,-4.114798531443967e-10,3.759182628193572e-12,1.348089960134252e-05,-7.614306346700051e-12,-2.906488304715519e-11,-7.614306459585218e-12,-2.9436935958518404e-11,4.7891284639841685e-11,-4.723031841644495e-12,4.789128463984077e-11,4.79083106193644e-11,-4.1333623979017865e-10,-2.943693603666042e-11,4.9024650423531245e-11,-2.906488304715519e-11,4.7367364034751244e-11,-4.13336240053283e-10,2.7244684447179764e-13,-4.129621203368757e-10,-4.1296212023271467e-10,-9.339170636815602e-12,-2.8819247603132316e-11,1.3760408366729809e-12,-5.554291381526349e-09,-5.764224549861038e-12,-2.9436935958518404e-11,4.789128463974303e-11,-7.614306564522737e-12,-8.523351490733484e-12,9.417416787602224e-14,4.8251669892700143e-11,1.5018212649579933e-12,-4.129621203368757e-10,-1.040890549410589e-09,-4.13336240053283e-10,-8.823923920845863e-12,-9.339170639719208e-12,-2.943693595062441e-11,4.816382049413684e-11,-7.1882797095162044e-12,-2.943693603666042e-11,4.789128463974303e-11,3.729638900487539e-12,-7.966654597513085e-07,4.789128463974303e-11,-6.128488571342204e-12,-2.943693603666042e-11,-4.723031749155621e-12,-4.1333623978953495e-10,-4.129621203368757e-10,-7.614306459585307e-12,-1.0408905494108506e-09,4.775582439026041e-11,-2.943693603666042e-11,-4.13336240053283e-10,8.32712099336562e-13,-4.129621203372732e-10,5.231215283668607e-12,4.789128463031124e-11,-8.523351495329537e-12,-2.9436935958518404e-11,8.32712099336562e-13,-4.129621202603153e-10,-7.49668631794039e-09,-7.890288909190091e-07,3.759182628193572e-12,-4.13336240053283e-10,5.231215283668607e-12
-8.882240911282477e-06,-4.629729049825103e-10,1.0265409460835003e-11,-7.614306346700051e-12,1.3445035713625687e-05,-7.936841881791782e-11,-4.141775694783361e-08,-8.038439529684644e-11,1.3077788496737856e-10,-1.289727020743111e-11,1.307778850173394e-10,1.3082452909870508e-10,-4.680420037151132e-10,-8.038439529684644e-11,1.338726900618011e-10,-7.936841881791782e-11,1.293471855454761e-10,-4.680420037151132e-10,7.439946093122594e-13,-4.670205384551085e-10,-4.670205385590258e-10,-5.080003921702605e-08,-7.869766524190725e-11,3.7576799831407135e-12,-7.614306370534857e-12,-1.5740548382728917e-11,-8.03843954743867e-11,1.3077788496737856e-10,-4.141775694783223e-08,-4.636250336751762e-08,2.5717391539157093e-13,1.3176191222569223e-10,4.101119412915149e-12,-4.670205385011037e-10,-1.4268732943731999e-12,-4.680420037497121e-10,-4.799749120602088e-08,-5.080003921702433e-08,-8.038439542000974e-11,1.315221092976457e-10,-1.962926328414134e-11,-8.038439543727712e-11,1.307778850173394e-10,1.0184740458486634e-11,-8.594837791030404e-07,1.3077788496737856e-10,-1.6735239262171648e-11,-8.038439550223246e-11,-1.289727020743111e-11,-4.680420037001995e-10,-4.670205385268375e-10,-4.141775694783107e-08,-1.4268733150713043e-12,1.3040787745401667e-10,-8.038439550223246e-11,-4.680420037497121e-10,2.2739693210186055e-12,-4.670205385590258e-10,1.4285139250193885e-11,1.3077788496737856e-10,-4.636250336751778e-08,-8.03843954743867e-11,2.2739693210186055e-12,-4.670205384705856e-10,-1.0277178008581055e-11,-4.2101900022717616e-10,1.0265409476713273e-11,-4.680420039967773e-10,1.4285139250193885e-11
-8.774261985345196e-06,-4.974600931995268e-10,3.9183963683206525e-11,-2.906488304715519e-11,-7.936841881791782e-11,1.2882974183648573e-05,-7.936841868842553e-11,-6.11197707769948e-07,4.991915763259135e-10,-4.923047656378262e-11,4.991915764649415e-10,4.993694433217698e-10,-5.168090351241665e-10,-6.111977077699252e-07,5.110045166584595e-10,-6.034727952115086e-07,4.937304248094647e-10,-5.168090350150127e-10,2.8395999735178165e-12,-5.129102636276964e-10,-5.129102637238733e-10,-9.73475222015649e-11,-5.983728192235803e-07,1.434325784589964e-11,-2.9064883263886547e-11,-6.00836797153202e-11,-6.111977077699319e-07,4.991915764487852e-10,-7.936841881791782e-11,-8.884399202946933e-11,9.813439198882732e-13,5.02947503112308e-10,1.5654121784738996e-11,-5.129102635153916e-10,-5.4467288696800104e-12,-5.168090351241445e-10,-9.197713337899333e-11,-9.734752216062623e-11,-6.111977077699189e-07,5.020323642673402e-10,-1.4925037012353908e-07,-6.111977077699327e-07,4.991915764847538e-10,3.887600794050246e-11,-7.514939188662778e-07,4.99191576433497e-10,-6.388048611041158e-11,-6.111977077699335e-07,-4.923047659378451e-11,-5.168090351241445e-10,-5.129102638513748e-10,-7.936841882715021e-11,-5.4467288696800104e-12,4.977789827267366e-10,-6.111977077699248e-07,-5.168090351241665e-10,8.679748940139784e-12,-5.129102635153916e-10,5.4527695641214053e-11,4.99191576433497e-10,-8.884399209162577e-11,-6.111977077699199e-07,8.679748786620962e-12,-5.129102636752562e-10,-3.922943995326796e-11,-6.718968470502197e-07,3.9183963658334885e-11,-5.168090350456613e-10,5.4527695540232116e-11
-8.882240911282137e-06,-4.6297290484297974e-10,1.0265409460835003e-11,-7.614306459585218e-12,-4.141775694783361e-08,-7.936841868842553e-11,1.3445035713625687e-05,-8.03843953145362e-11,1.307778847087469e-10,-1.2897270158025506e-11,1.307778850173394e-10,1.3082452898322404e-10,-4.6804200371979e-10,-8.038439529684644e-11,1.3387269008092896e-10,-7.936841881791782e-11,1.2934718570421121e-10,-4.680420039374811e-10,7.439946093122594e-13,-4.67020538295891e-10,-4.670205385515894e-10,-5.080003921702693e-08,-7.869766518356812e-11,3.7576797725222734e-12,-7.614306609785965e-12,-1.574054845468021e-11,-8.038439534335406e-11,1.3077788476132587e-10,-4.141775694783284e-08,-4.6362503367518365e-08,2.5717386628379293e-13,1.3176191240685795e-10,4.101119412915149e-12,-4.670205382467357e-10,-1.4268732943731999e-12,-4.6804200371979e-10,-4.799749120602191e-08,-5.080003921702528e-08,-8.038439550223246e-11,1.3152210943049994e-10,-1.962926323918014e-11,-8.038439543727712e-11,1.307778850173394e-10,1.0184740458486634e-11,-8.594837790454486e-07,1.3077788501740398e-10,-1.6735239262171648e-11,-8.038439550223246e-11,-1.2897270158025506e-11,-4.680420039910559e-10,-4.670205382467357e-10,-4.1417756947831995e-08,-1.4268732943731999e-12,1.3040787745401667e-10,-8.038439550223246e-11,-4.680420039353904e-10,2.273969397204776e-12,-4.670205382467357e-10,1.42851393387119e-11,1.3077788479022325e-10,-4.6362503367518556e-08,-8.038439529684644e-11,2.2739694475983727e-12,-4.670205382467357e-10,-1.0277177955021439e-11,-4.210190000708434e-10,1.0265409383507498e-11,-4.680420039353904e-10,1.4285139201483857e-11
-8.774822911934434e-06,-4.992799752284695e-10,3.968554827479047e-11,-2.9436935958518404e-11,-8.038439529684644e-11,-6.11197707769948e-07,-8.03843953145362e-11,1.2867425296821134e-05,5.055816031498564e-10,-4.9860664461591e-11,5.055816031498564e-10,5.057617466470708e-10,-5.188765971528385e-10,-6.190215051377309e-07,5.175457570389143e-10,-6.111977077699639e-07,5.000505444049543e-10,-5.18876597152788e-10,2.875948504637172e-12,-5.149279194709848e-10,-5.149279192750333e-10,-9.859364529226144e-11,-6.060324483500964e-07,1.4526862637882803e-11,-2.9436935689409635e-11,-6.085279741841525e-11,-6.190215051377319e-07,5.055816031257418e-10,-8.038439550223246e-11,-8.998126324672435e-11,9.939058550986431e-13,5.093856074185718e-10,1.5854505650577456e-11,-5.1492791946059e-10,-5.516451115962064e-12,-5.188765971573481e-10,-9.315451123955702e-11,-9.859364519894774e-11,-6.19021505137721e-07,5.084587550031577e-10,-7.588643851985843e-11,-6.190215051377337e-07,5.055816030463138e-10,3.937365024164806e-11,-7.52054419409561e-07,5.055816030463138e-10,-6.46982050358424e-11,-6.19021505137736e-07,-4.986066454932936e-11,-5.188765971528385e-10,-5.1492791946059e-10,-8.038439543727712e-11,-5.516451115962064e-12,5.041509257210554e-10,-6.190215051377266e-07,-5.188765971528385e-10,8.7908560515293e-12,-5.149279193573541e-10,5.522569137740171e-11,5.055816030463138e-10,-8.998126320547426e-11,-6.190215051377223e-07,8.790856300663398e-12,-5.149279192750333e-10,-3.9731607216454644e-11,-6.714384480194167e-07,3.9685548389455453e-11,-5.18876597152788e-10,5.5225691440182024e-11
-9.750195796930996e-06,-6.691728599058735e-10,-6.456408026308955e-11,4.7891284639841685e-11,1.3077788496737856e-10,4.991915763259135e-10,1.307778847087469e-10,5.055816031498564e-10,1.1848011125329325e-05,8.111854580809409e-11,-1.6384239031981113e-06,-1.63900688882341e-06,-6.372915323291311e-10,5.055816031498564e-10,-1.677195251964249e-06,4.991915763296201e-10,-1.6204994811729481e-06,-6.372915322355843e-10,-4.678441420094082e-12,-6.437153257000023e-10,-6.437153257000023e-10,1.6040249179961115e-10,4.949729263567746e-10,-2.363344292300147e-11,4.789128463031124e-11,9.900176437072859e-11,5.055816030463138e-10,-1.6384239031981113e-06,1.3077788496737856e-10,1.4639106478938476e-10,-1.61653260582669e-12,-1.6507509588019584e-06,-2.5793356223672844e-11,-6.437153256804637e-10,8.975000092371488e-12,-6.372915322355843e-10,1.5155365826463525e-10,1.6040249180506447e-10,5.05581603148333e-10,-1.6477478297180318e-06,1.234599678746562e-10,5.055816030463138e-10,-1.6384239031981128e-06,-6.405668100350889e-11,-1.7274083134850743e-06,-1.6384239031981073e-06,1.0525781011250247e-10,5.055816030463138e-10,8.111854591887385e-11,-6.372915323241e-10,-6.437153256127803e-10,1.3077788501740398e-10,8.975000105484017e-12,-1.6337869914990617e-06,5.055816030463138e-10,-6.372915322355843e-10,-1.4301475535853133e-11,-6.437153256530348e-10,-8.984632171116995e-11,-1.6384239031980931e-06,1.4639106472872641e-10,5.05581603148333e-10,-1.430147554966751e-11,-6.437153256826005e-10,6.463979137668435e-11,-1.8585614296683207e-06,-6.456408038329384e-11,-6.372915322355843e-10,-8.984632171116995e-11
-8.774017169854e-06,-3.9669151605421975e-10,6.367341443558462e-12,-4.723031841644495e-12,-1.289727020743111e-11,-4.923047656378262e-11,-1.2897270158025506e-11,-4.9860664461591e-11,8.111854580809409e-11,1.3470518405462693e-05,8.111854595763887e-11,8.11473890198574e-11,-3.9983579953904874e-10,-4.986066454932936e-11,8.303819727355022e-11,-4.923047659378451e-11,8.023111774085179e-11,-3.998357995386198e-10,4.614373838788363e-13,-3.9920217831704233e-10,-3.992021783144551e-10,-1.581886606366483e-11,-4.881442168984434e-11,2.3307465056440088e-12,-4.723031841644495e-12,-1.944836387647632e-08,-4.9860664461591e-11,8.111854590369185e-11,-1.2897270242768879e-11,-1.4437032733424262e-11,1.5947535040472541e-13,8.172892552715894e-11,2.5437768571385777e-12,-3.9920217831704233e-10,-8.85114307339689e-13,-3.9983579965411597e-10,-1.4946156086626992e-11,-1.581886606214783e-11,-4.9860664461591e-11,8.158017115737784e-11,-2.4253073358845725e-08,-4.986066454932936e-11,8.111854591887385e-11,6.317297679184205e-12,-7.512730655960094e-07,8.111854585849679e-11,-2.0677362575904474e-08,-4.9860664461591e-11,-1.5935364995825455e-08,-3.9983579965411597e-10,-3.9920217831704233e-10,-1.2897270158025506e-11,-8.851142267143809e-13,8.088905061835946e-11,-4.9860664460030376e-11,-3.998357995386198e-10,1.4104393057404499e-12,-3.9920217842825754e-10,8.860687185219583e-12,8.111854585849679e-11,-1.4437032475315005e-11,-4.986066452350281e-11,1.4104393057404499e-12,-3.9920217831704233e-10,-6.374740392868366e-12,-7.38338365823213e-07,6.3673411567846425e-12,-3.9983579965411597e-10,8.860687185219583e-12
-9.750195796932393e-06,-6.691728602458672e-10,-6.456408038329384e-11,4.789128463984077e-11,1.307778850173394e-10,4.991915764649415e-10,1.307778850173394e-10,5.055816031498564e-10,-1.6384239031981113e-06,8.111854595763887e-11,1.1848011125329325e-05,-1.6390068888234428e-06,-6.372915324775468e-10,5.055816030919678e-10,-1.6771952519642827e-06,4.991915763296201e-10,-1.6204994811729865e-06,-6.372915325552922e-10,-4.678441403433631e-12,-6.437153259615487e-10,-6.437153259615487e-10,1.6040249166827723e-10,4.949729263635139e-10,-2.3633442767976924e-11,4.7891284574412396e-11,9.900176440429519e-11,5.055816030463138e-10,-1.6384239031981516e-06,1.307778850173394e-10,1.4639106478940352e-10,-1.6165326815492868e-12,-1.650750958801998e-06,-2.5793356147439336e-11,-6.437153259615487e-10,8.975000053113119e-12,-6.372915324716274e-10,1.5155365846030473e-10,1.6040249193649282e-10,5.055816028678417e-10,-1.647747829718064e-06,1.2345996795438563e-10,5.055816030226569e-10,-1.6384239031981604e-06,-6.405668101765128e-11,-1.727408314003594e-06,-1.6384239031981477e-06,1.0525781004475858e-10,5.05581603148333e-10,8.111854585849679e-11,-6.37291532535409e-10,-6.437153259533241e-10,1.3077788496737856e-10,8.975000105484017e-12,-1.6337869914991026e-06,5.055816030463138e-10,-6.372915324699989e-10,-1.4301475535853133e-11,-6.437153259523454e-10,-8.984632171116995e-11,-1.6384239031981283e-06,1.4639106478940352e-10,5.055816030794417e-10,-1.4301475483815593e-11,-6.437153259523454e-10,6.463979137668435e-11,-1.8585614301868512e-06,-6.456408038329384e-11,-6.372915324716274e-10,-8.984632171116995e-11
-1.0894434926576466e-05,-1.243481487280105e-09,-6.45871671073369e-11,4.79083106193644e-11,1.3082452909870508e-10,4.993694433217698e-10,1.3082452898322404e-10,5.057617466470708e-10,-1.63900688882341e-06,8.11473890198574e-11,-1.6390068888234428e-06,1.1846844649125368e-05,-2.413372829575739e-06,5.057617466650147e-10,-1.6777919671125557e-06,4.993694434432527e-10,-1.62107605889174e-06,-2.4133728295757326e-06,-4.680127685784393e-12,-1.2180149282125755e-09,-1.2180149279263257e-09,1.6045970546307265e-10,9.863054496672101e-07,-2.364194030493482e-11,4.790831061936577e-11,9.903703218723437e-11,5.057617467226196e-10,-1.63900688882344e-06,1.3082452898322404e-10,1.4644329340422897e-10,-1.6171230448103151e-12,-1.6513382949159418e-06,-2.5802581442742685e-11,-1.2180149279263257e-09,8.978124794515322e-12,-2.413372829575744e-06,1.516077452936253e-10,1.604597055224054e-10,5.057617468504949e-10,-1.6483341408272494e-06,1.2350395293747374e-10,5.057617467226196e-10,-1.6390068888234542e-06,-6.407958607451585e-11,-2.8715279541206805e-06,-1.6390068888234428e-06,1.0529529185679097e-10,5.057617467388845e-10,8.11473890198574e-11,-2.4133728295757385e-06,-1.2180149283592224e-09,1.3082452900521402e-10,8.978124937108961e-12,-1.6343682574545817e-06,5.057617467226196e-10,-2.4133728295757245e-06,-1.4306623700041777e-11,-1.2180149283592224e-09,-8.987841879509644e-11,-1.6390068888234303e-06,1.464432932811639e-10,5.057617467226196e-10,-1.4306623734391572e-11,-1.2180149279263257e-09,6.466283318168306e-11,-3.0027273107809998e-06,-6.458716703443427e-11,-2.4133728295757245e-06,-8.987841879509644e-11
0.9998943490848712,0.9998025745418541,-3.6023439629258597e-10,-4.1333623979017865e-10,-4.680420037151132e-10,-5.168090351241665e-10,-4.6804200371979e-10,-5.188765971528385e-10,-6.372915323291311e-10,-3.9983579953904874e-10,-6.372915324775468e-10,-2.413372829575739e-06,0.9998162488861904,-5.188765972460281e-10,-7.54412703868405e-10,-5.168090355690953e-10,-6.470674132119421e-10,0.9998027624325849,-4.1910821555812665e-10,0.9998026101018914,0.9998026101018924,-5.06319853731377e-10,-5.32809045247609e-10,-3.725608419117751e-10,-4.133362398262693e-10,-4.4826746463509736e-10,-5.18876597207941e-10,-6.372915324193162e-10,-4.680420046298563e-10,-4.902330650391712e-10,-4.246582350864633e-10,-7.383105042604479e-10,-3.770684330313409e-10,0.9998026101018911,-3.7868687855995106e-10,0.9998027624325841,-5.069263404279231e-10,-5.06319853662695e-10,-5.188765970882218e-10,-6.350729689712416e-10,-4.485080658022896e-10,-5.188765969077776e-10,-6.372915324571526e-10,-3.6566138210131493e-10,0.9998050077929335,-6.372915322252475e-10,-4.354358705026927e-10,-5.188765970205728e-10,-3.998357989992149e-10,0.9998027624325851,0.9998026101018908,-4.680420052695981e-10,-3.7868687896526066e-10,-7.493987311484474e-10,-5.188765973298719e-10,0.9998027624325834,-3.940923229863677e-10,0.9998026101018908,-3.5494771284029217e-10,-6.372915324993795e-10,-4.902330649018255e-10,-5.188765969259384e-10,-3.9409232226874857e-10,0.9998026101018904,-4.557620722221946e-10,0.9998048108021892,-3.602343950669827e-10,0.9998027624325841,-3.549477134567844e-10
-8.774822913402627e-06,-4.992799755303951e-10,3.968554827479047e-11,-2.943693603666042e-11,-8.038439529684644e-11,-6.111977077699252e-07,-8.038439529684644e-11,-6.190215051377309e-07,5.055816031498564e-10,-4.986066454932936e-11,5.055816030919678e-10,5.057617466650147e-10,-5.188765972460281e-10,1.2867425296821134e-05,5.175457571718077e-10,-6.111977077699386e-07,5.000505443798141e-10,-5.188765972255221e-10,2.875948553476206e-12,-5.14927919543428e-10,-5.149279196784369e-10,-9.859364523663742e-11,-6.060324483500743e-07,1.4526862629914097e-11,-2.9436935958518404e-11,-6.085279730236603e-11,-6.190215051377087e-07,5.055816030226569e-10,-8.038439550223246e-11,-8.998126345008393e-11,9.939056372072864e-13,5.093856073207953e-10,1.5854505650577456e-11,-5.149279195760861e-10,-5.516451169416028e-12,-5.188765972255221e-10,-9.315451142114331e-11,-9.859364519894774e-11,-6.190215051376977e-07,5.084587549851816e-10,-7.588643855766354e-11,-6.190215051377103e-07,5.055816030226569e-10,3.937364993570986e-11,-7.520544195628697e-07,5.055816030226569e-10,-6.469820497598555e-11,-6.190215051377115e-07,-4.986066446155541e-11,-5.188765972087154e-10,-5.14927919543428e-10,-8.038439550223246e-11,-5.516451169416028e-12,5.041509258337389e-10,-6.190215051377033e-07,-5.188765971539431e-10,8.790856279287895e-12,-5.14927919614699e-10,5.52256913703947e-11,5.055816030226569e-10,-8.998126345008393e-11,-6.190215051377015e-07,8.790856279287895e-12,-5.149279196784369e-10,-3.973160727226999e-11,-6.714384481727299e-07,3.9685548392928274e-11,-5.188765972087154e-10,5.5225691424100515e-11
-9.994354483898437e-06,-1.5677252683297385e-06,-6.609186560325496e-11,4.9024650423531245e-11,1.338726900618011e-10,5.110045166584595e-10,1.3387269008092896e-10,5.175457570389143e-10,-1.677195251964249e-06,8.303819727355022e-11,-1.6771952519642827e-06,-1.6777919671125557e-06,-7.54412703868405e-10,5.175457571718077e-10,1.176955006599285e-05,5.110045167735038e-10,-1.6588466625608478e-06,-7.54412703960454e-10,-9.539541960716795e-09,-7.609884871892016e-10,-7.609884873852981e-10,1.6419833980942065e-10,5.066860382946862e-10,-4.8190187164154376e-08,4.9024650420186624e-11,2.0187193156545515e-07,5.175457570662659e-10,-1.6771952519642806e-06,1.3387268996400858e-10,1.4985534457249756e-10,-3.296086155172955e-09,-1.6898139936123779e-06,-2.6403667857780215e-11,-7.609884871892016e-10,9.187444615166107e-12,-7.54412703960454e-10,1.5514010936259253e-10,1.6419833956673392e-10,5.175457569706225e-10,-1.68673982047664e-06,1.2638159608570206e-10,5.175457569608289e-10,-1.6771952519642827e-06,-6.557245833740064e-11,-1.971542914763928e-06,-1.6771952519642765e-06,1.0774869979699316e-10,5.175457569608289e-10,8.303819744980791e-11,-7.544127039592194e-10,-7.609884873852981e-10,1.3387268996400858e-10,9.187444617811235e-12,-1.6724485863108432e-06,5.175457569607763e-10,-7.544127038955923e-10,-1.4639841411127262e-11,-7.609884873404683e-10,-9.197238615338455e-11,-1.6771952519642638e-06,1.4985534457249756e-10,5.175457571588984e-10,-1.4639841411127262e-11,-7.609884874164165e-10,6.61695026081215e-11,-2.105799570993734e-06,-6.609186556521194e-11,-7.54412703960454e-10,-9.197238615338455e-11
-8.774261987338654e-06,-4.974600937379181e-10,3.9183963683206525e-11,-2.906488304715519e-11,-7.936841881791782e-11,-6.034727952115086e-07,-7.936841881791782e-11,-6.111977077699639e-07,4.991915763296201e-10,-4.923047659378451e-11,4.991915763296201e-10,4.993694434432527e-10,-5.168090355690953e-10,-6.111977077699386e-07,5.110045167735038e-10,1.2882974183648573e-05,4.937304247916158e-10,-5.168090355873414e-10,2.839599881698182e-12,-5.129102642619166e-10,-5.12910264148397e-10,-9.734752209794831e-11,-5.983728192235902e-07,1.4343257862373555e-11,-2.9064883107611427e-11,-6.00836798920157e-11,-6.111977077699421e-07,4.991915764847538e-10,-7.936841865212364e-11,-8.884399187707322e-11,9.813442118509982e-13,5.029475030649535e-10,1.565412169445852e-11,-5.129102641182637e-10,-5.4467288696800104e-12,-5.16809035642017e-10,-9.197713295971772e-11,-9.734752209518967e-11,-6.111977077699316e-07,5.020323642673402e-10,-1.4925037012354283e-07,-6.111977077699424e-07,4.991915764649415e-10,3.8876007656820724e-11,-7.514939198993153e-07,4.99191576433497e-10,-6.388048589544698e-11,-6.111977077699449e-07,-4.923047656378262e-11,-5.168090356129834e-10,-5.129102641265697e-10,-7.936841881791782e-11,-5.4467288696800104e-12,4.977789827267366e-10,-6.111977077699344e-07,-5.16809035602142e-10,8.679748910181362e-12,-5.129102643430036e-10,5.4527695561165957e-11,4.991915764847538e-10,-8.884399209162577e-11,-6.111977077699335e-07,8.679748786620962e-12,-5.129102641182637e-10,-3.9229439950266835e-11,-6.718968480832537e-07,3.918396358886709e-11,-5.16809035602142e-10,5.4527695540232116e-11
-9.764660139402013e-06,-6.785999549819769e-10,-6.385773883676641e-11,4.7367364034751244e-11,1.293471855454761e-10,4.937304248094647e-10,1.2934718570421121e-10,5.000505444049543e-10,-1.6204994811729481e-06,8.023111774085179e-11,-1.6204994811729865e-06,-1.62107605889174e-06,-6.470674132119421e-10,5.000505443798141e-10,-1.6588466625608478e-06,4.937304247916158e-10,1.18836642873015e-05,-6.470674131784855e-10,-9.217179340947675e-09,-6.53420927186604e-10,-6.53420927186604e-10,1.5864769986753254e-10,4.895579271896026e-10,-2.3374883371697764e-11,4.7367363836355626e-11,9.79186951530386e-11,5.000505443204253e-10,-1.620499481172985e-06,1.293471855662367e-10,1.4478955776445175e-10,-3.1847791587579583e-09,-1.6326916716014506e-06,-2.5511166993684756e-11,-6.534209271718028e-10,8.87682307979935e-12,-6.470674130675946e-10,1.4989567312457653e-10,1.5864769997593758e-10,5.000505444049543e-10,-1.6297214038888637e-06,1.2210932516161416e-10,5.000505441631873e-10,-1.6204994811729922e-06,-6.335589075223145e-11,-1.7418707343067705e-06,-1.620499481172985e-06,1.0410629904791363e-10,5.000505441631873e-10,8.023111759574368e-11,-6.470674130675946e-10,-6.534209271619689e-10,1.293471855662367e-10,8.876822977123429e-12,-1.615913289714748e-06,5.000505443204253e-10,-6.470674132119421e-10,-1.4145007056427698e-11,-6.534209271619689e-10,-8.886339253644222e-11,-1.6204994811729687e-06,1.4478955776445175e-10,5.000505441631873e-10,-1.4145006960179305e-11,-6.534209271834763e-10,6.393264297105431e-11,-1.8715890256993768e-06,-6.385773893421648e-11,-6.470674130675946e-10,-8.8863392546047e-11
0.9998943490848688,0.9998025745418546,-3.602343962895585e-10,-4.13336240053283e-10,-4.680420037151132e-10,-5.168090350150127e-10,-4.680420039374811e-10,-5.18876597152788e-10,-6.372915322355843e-10,-3.998357995386198e-10,-6.372915325552922e-10,-2.4133728295757326e-06,0.9998027624325849,-5.188765972255221e-10,-7.54412703960454e-10,-5.168090355873414e-10,-6.470674131784855e-10,0.999816248886191,-4.191082157880137e-10,0.9998026101018922,0.999802610101893,-5.06319853731377e-10,-5.328090452170657e-10,-3.725608419958505e-10,-4.133362398262693e-10,-4.4826746463514653e-10,-5.18876597207941e-10,-6.37291532561755e-10,-4.680420045846151e-10,-4.902330650936209e-10,-4.246582350864633e-10,-7.383105042604479e-10,-3.770684330313409e-10,0.9998026101018922,-3.786868785032678e-10,0.9998027624325849,-5.069263404200907e-10,-5.063198538477524e-10,-5.188765970882218e-10,-6.350729687741214e-10,-4.485080658426127e-10,-5.188765969307351e-10,-6.372915324571526e-10,-3.656613820421926e-10,0.9998050077929341,-6.372915322252475e-10,-4.354358706610879e-10,-5.188765970911115e-10,-3.998357990846414e-10,0.9998027624325851,0.9998026101018915,-4.680420050156676e-10,-3.7868687895776315e-10,-7.493987309650481e-10,-5.188765969387916e-10,0.999802762432584,-3.9409232299997643e-10,0.9998026101018911,-3.5494771284029217e-10,-6.372915325771256e-10,-4.902330648986045e-10,-5.188765970942678e-10,-3.9409232226873507e-10,0.9998026101018908,-4.557620722221946e-10,0.9998048108021895,-3.602343950835762e-10,0.9998027624325835,-3.5494771346587925e-10
-8.860180744502635e-06,-4.1928944711176363e-10,-3.6726134433081116e-13,2.7244684447179764e-13,7.439946093122594e-13,2.8395999735178165e-12,7.439946093122594e-13,2.875948504637172e-12,-4.678441420094082e-12,4.614373838788363e-13,-4.678441403433631e-12,-4.680127685784393e-12,-4.1910821555812665e-10,2.875948553476206e-12,-9.539541960716795e-09,2.839599881698182e-12,-9.217179340947675e-09,-4.191082157880137e-10,1.348640102248209e-05,-4.191446627110844e-10,-4.191446627247225e-10,9.125085818661115e-13,2.815610921894076e-12,-1.3443221386739913e-13,2.7244654315887816e-13,5.63199264223835e-13,2.875948553476206e-12,-4.678441693759956e-12,7.439946093122594e-13,8.328236256038185e-13,-1.822930045524015e-11,-4.713581654539334e-12,-1.4669555838284013e-13,-4.1914466247581867e-10,5.1055884864872893e-14,-4.1910821559349105e-10,8.622036976312087e-13,9.12508662950637e-13,2.875948504637172e-12,-4.705068625445757e-12,7.023247489260192e-13,2.8759485814985434e-12,-4.678441420094082e-12,-3.643740109199496e-13,-8.374331481690758e-07,-4.678441693759956e-12,5.98774525095262e-13,2.875948553476206e-12,4.614375985473594e-13,-4.1910821566261455e-10,-4.191446627421868e-10,7.439948705814972e-13,5.105588578817103e-14,-9.292637569049397e-09,2.875948553476206e-12,-4.1910821566261455e-10,-1.620146354230936e-10,-4.191446624883795e-10,-5.110757935795879e-13,-4.678441420094082e-12,8.328236256038185e-13,2.8759485208834255e-12,-1.6201463542135408e-10,-4.1914466272472264e-10,3.6775011708140953e-13,-8.381788972872934e-07,-3.672615552526094e-13,-4.191082156996697e-10,-5.11075720580717e-13
0.9998941931625368,0.9998024217152065,-3.607385560728899e-10,-4.129621203368757e-10,-4.670205384551085e-10,-5.129102636276964e-10,-4.67020538295891e-10,-5.149279194709848e-10,-6.437153257000023e-10,-3.9920217831704233e-10,-6.437153259615487e-10,-1.2180149282125755e-09,0.9998026101018914,-5.14927919543428e-10,-7.609884871892016e-10,-5.129102642619166e-10,-6.53420927186604e-10,0.9998026101018922,-4.191446627110844e-10,0.9998159441248472,0.999802457671281,-5.050670131151153e-10,-5.289432181973502e-10,-3.727453331114453e-10,-4.1296212018245973e-10,-4.474941691876639e-10,-5.149279193115755e-10,-6.437153259052681e-10,-4.670205392250305e-10,-4.890896582295662e-10,-4.2467076776846514e-10,-7.447826075347792e-10,-3.772697946077052e-10,0.999802457671281,-3.7861669852197224e-10,0.9998026101018908,-5.057426115723342e-10,-5.050670129484239e-10,-5.149279192872216e-10,-6.415333194414061e-10,-4.475437531979112e-10,-5.14927919173071e-10,-6.437153256535581e-10,-3.661615779976634e-10,0.9998048518851596,-6.437153255707092e-10,-4.3461371743499894e-10,-5.149279196726704e-10,-3.9920217803940454e-10,0.9998026101018922,0.9998024576712806,-4.670205395606273e-10,-3.786166989259431e-10,-7.55804320400991e-10,-5.149279192959698e-10,0.9998026101018904,-3.9420392877884316e-10,0.9998024576712805,-3.556493269394094e-10,-6.437153257345064e-10,-4.890896579904318e-10,-5.149279194365828e-10,-3.9420392820447893e-10,0.9998024576712803,-4.5525714118108846e-10,0.9998046538701347,-3.607385547845067e-10,0.9998026101018911,-3.556493271625486e-10
0.999894193162539,0.999802421715207,-3.607385559535306e-10,-4.1296212023271467e-10,-4.670205385590258e-10,-5.129102637238733e-10,-4.670205385515894e-10,-5.149279192750333e-10,-6.437153257000023e-10,-3.992021783144551e-10,-6.437153259615487e-10,-1.2180149279263257e-09,0.9998026101018924,-5.149279196784369e-10,-7.609884873852981e-10,-5.12910264148397e-10,-6.53420927186604e-10,0.999802610101893,-4.191446627247225e-10,0.999802457671281,0.9998159441248446,-5.050670129314744e-10,-5.289432180098569e-10,-3.7274533317727354e-10,-4.129621201848394e-10,-4.474941691876639e-10,-5.149279195531356e-10,-6.437153259071873e-10,-4.670205391088484e-10,-4.89089658193921e-10,-4.2467076776846514e-10,-7.447826075432478e-10,-3.772697946077052e-10,0.9998024576712813,-3.786166983601145e-10,0.9998026101018914,-5.057426112733309e-10,-5.050670129898257e-10,-5.149279192674169e-10,-6.415333194739431e-10,-4.475437532422858e-10,-5.149279191508936e-10,-6.437153256535581e-10,-3.6616157799491333e-10,0.9998048518851596,-6.437153253913555e-10,-4.3461371743499894e-10,-5.149279193360137e-10,-3.99202177933776e-10,0.999802610101893,0.9998024576712801,-4.670205395606273e-10,-3.786166989259431e-10,-7.558043204313433e-10,-5.149279192959326e-10,0.9998026101018908,-3.942039290602818e-10,0.9998024576712805,-3.556493268168749e-10,-6.437153258335216e-10,-4.890896579904318e-10,-5.14927919262495e-10,-3.942039282193007e-10,0.9998024576712801,-4.5525714118108846e-10,0.9998046538701354,-3.607385548675111e-10,0.9998026101018914,-3.556493271625486e-10
-8.942000293161795e-06,-5.001024850147437e-10,1.259078513983959e-11,-9.339170636815602e-12,-5.080003921702605e-08,-9.73475222015649e-11,-5.080003921702693e-08,-9.859364529226144e-11,1.6040249179961115e-10,-1.581886606366483e-11,1.6040249166827723e-10,1.6045970546307265e-10,-5.06319853731377e-10,-9.859364523663742e-11,1.6419833980942065e-10,-9.734752209794831e-11,1.5864769986753254e-10,-5.06319853731377e-10,9.125085818661115e-13,-5.050670131151153e-10,-5.050670129314744e-10,1.3424145569292901e-05,-9.652482608060203e-11,4.608879168913099e-12,-9.339170639718676e-12,-1.9306228866749986e-11,-9.859364516350044e-11,1.6040249155895456e-10,-5.0800039217024897e-08,-5.686491037319414e-08,3.1540945023508535e-13,1.6160941679990397e-10,1.0019658187881921e-08,-5.050670129766084e-10,-1.7501143370977909e-12,-5.063198534787017e-10,-5.887027273537248e-08,-6.230766310827483e-08,-9.859364519894774e-11,1.6131530343150851e-10,-2.40758420400465e-11,-9.859364523663742e-11,1.6040249180506447e-10,2.4882935558898065e-08,-9.192353396775257e-07,1.6040249186403684e-10,-2.0526241863477408e-11,-9.859364523663742e-11,-1.5818866111568714e-11,-5.06319853731377e-10,-5.050670129766084e-10,-5.080003921702322e-08,-1.7501143370977909e-12,1.5994865517275999e-10,-9.859364523663742e-11,-5.06319853731377e-10,2.789067789865662e-12,-5.050670129766084e-10,1.7521091007062007e-11,1.604024919384704e-10,-5.686491037319441e-08,-9.859364529226144e-11,2.7890678018062106e-12,-5.050670129766084e-10,-1.2605258653524068e-11,-8.936586773426338e-07,1.259078513983959e-11,-5.06319853731377e-10,1.7521091007062007e-11
-8.808484871703387e-06,-5.136236160139601e-10,3.885282610214546e-11,-2.8819247603132316e-11,-7.869766524190725e-11,-5.983728192235803e-07,-7.869766518356812e-11,-6.060324483500964e-07,4.949729263567746e-10,-4.881442168984434e-11,4.949729263635139e-10,9.863054496672101e-07,-5.32809045247609e-10,-6.060324483500743e-07,5.066860382946862e-10,-5.983728192235902e-07,4.895579271896026e-10,-5.328090452170657e-10,2.815610921894076e-12,-5.289432181973502e-10,-5.289432180098569e-10,-9.652482608060203e-11,1.289313115244608e-05,1.4222049737190959e-11,-2.88192476053884e-11,-5.957590305399333e-11,-6.06032448350077e-07,4.949729263635139e-10,-7.869766521330063e-11,-8.809315943585821e-11,9.730594918493324e-13,4.986971135468305e-10,1.5521836242080095e-11,-5.28943218074739e-10,-5.400691753309585e-12,-5.32809045247609e-10,-9.119982155635642e-11,-9.652482606645e-11,-6.060324483500634e-07,4.977897064846712e-10,-1.4798903510279818e-07,-6.060324483500757e-07,4.949729264195648e-10,3.8547473005148625e-11,-7.85713584640124e-07,4.949729263567746e-10,-6.334062246804407e-11,-6.06032448350081e-07,-4.8814421901586417e-11,-5.328090451256899e-10,-5.289432180748185e-10,-7.869766507633234e-11,-5.400691895585169e-12,4.935722728562156e-10,-6.06032448350069e-07,-5.328090452544316e-10,8.606403517213367e-12,-5.289432181011711e-10,5.406688764741103e-11,4.949729263450848e-10,-8.809315923019813e-11,-6.060324483500647e-07,8.60640356398301e-12,-5.289432181973502e-10,-3.8897902019098877e-11,-7.06789175089989e-07,3.8852825963987176e-11,-5.328090453243075e-10,5.406688772861327e-11
-8.77800736982206e-06,-3.7347678145163173e-10,-1.855161332936863e-12,1.3760408366729809e-12,3.7576799831407135e-12,1.434325784589964e-11,3.7576797725222734e-12,1.4526862637882803e-11,-2.363344292300147e-11,2.3307465056440088e-12,-2.3633442767976924e-11,-2.364194030493482e-11,-3.725608419117751e-10,1.4526862629914097e-11,-4.8190187164154376e-08,1.4343257862373555e-11,-2.3374883371697764e-11,-3.725608419958505e-10,-1.3443221386739913e-13,-3.727453331114453e-10,-3.7274533317727354e-10,4.608879168913099e-12,1.4222049737190959e-11,1.3485101213131635e-05,1.3760404346592872e-12,5.6662881225781414e-09,1.4526862496546827e-11,-2.363344295341098e-11,3.757680036646787e-12,4.206306636244594e-12,-4.6451089667135565e-14,-2.381120860759505e-11,-7.411387346851826e-13,-3.7274533316978853e-10,2.578400846407138e-13,-3.7256084201762723e-10,4.354654818235692e-12,4.608879186195549e-12,1.4526862548757974e-11,-2.3767938445987867e-11,7.066134697519073e-09,1.4526862629914097e-11,-2.363344292300147e-11,-1.840582005788035e-12,-7.552688321298077e-07,-2.3633443060268768e-11,6.024328875774675e-09,1.4526862602286712e-11,2.3307465056440088e-12,-3.7256084201762723e-10,-3.7274533316978853e-10,3.7576797725222734e-12,2.578400846407138e-13,-2.356650241250907e-11,1.4526862496546827e-11,-3.7256084198963363e-10,-4.1095193156134e-13,-3.7274533317727354e-10,-2.581595700659183e-12,-2.3633442995167605e-11,4.206306636244594e-12,1.4526862548757974e-11,-4.1095193996562834e-13,-3.7274533316978853e-10,1.857302790719108e-12,-7.590369925790975e-07,-1.855160916788198e-12,-3.7256084200419754e-10,-2.581595638092924e-12
-8.819412099641886e-06,-4.114798531345933e-10,3.759182628193572e-12,-5.554291381526349e-09,-7.614306370534857e-12,-2.9064883263886547e-11,-7.614306609785965e-12,-2.9436935689409635e-11,4.789128463031124e-11,-4.723031841644495e-12,4.7891284574412396e-11,4.790831061936577e-11,-4.133362398262693e-10,-2.9436935958518404e-11,4.9024650420186624e-11,-2.9064883107611427e-11,4.7367363836355626e-11,-4.133362398262693e-10,2.7244654315887816e-13,-4.1296212018245973e-10,-4.129621201848394e-10,-9.339170639718676e-12,-2.88192476053884e-11,1.3760404346592872e-12,1.348089960134252e-05,-5.7642244193291094e-12,-2.9436935934967266e-11,4.789128458196227e-11,-7.614306416518764e-12,-8.523351490733484e-12,9.417371925889219e-14,4.825166992982336e-11,1.5018212010912199e-12,-4.1296212021229396e-10,-1.0408905494117758e-09,-4.1333623990763013e-10,-8.823923920846087e-12,-9.33917050493292e-12,-2.9436936065527936e-11,4.816382049413684e-11,-7.1882797095162044e-12,-2.943693591363466e-11,4.7891284639841685e-11,3.729639004681701e-12,-7.966654595781879e-07,4.789128463031124e-11,-6.128488802327512e-12,-2.9436935958518404e-11,-4.723031749155621e-12,-4.1333623968547485e-10,-4.129621202055143e-10,-7.614306346700051e-12,-1.0408905494120325e-09,4.77558242777078e-11,-2.943693603666042e-11,-4.133362397543696e-10,8.32712099336562e-13,-4.129621202055143e-10,5.231215283668607e-12,4.789128458196227e-11,-8.52335151229063e-12,-2.9436935958518404e-11,8.32712099336562e-13,-4.1296212021229396e-10,-7.496686317941318e-09,-7.890288907458856e-07,3.7591830001799896e-12,-4.133362396841258e-10,5.231215283668607e-12
