1.0000000210213482,1.0000118198353831,1.1434556448822378e-05,1.0000123187369037,1.000010886673019,1.157576521304147e-05,1.0000121772868176,1.1449515927124162e-05,1.1408536559112455e-05,1.1511839290363245e-05,1.000012318736907,1.1657589693915796e-05,1.0000122963729452,1.140853655338957e-05,1.1449515927899314e-05,1.1454359955792885e-05,1.0000121923171155,1.1540415073315848e-05,1.0000123187369037,1.1619611625882343e-05,1.1630590467173407e-05,1.1481751990786839e-05,1.000012191491583,1.000012318736907,1.1528236575008824e-05,1.1435735591880044e-05,1.0000122733284065,1.2411122126972437e-05,1.1477047462030688e-05,1.1893882710692207e-05,1.1440586640803739e-05,1.2179996240694662e-05,1.1573114443760862e-05,1.1435735590554544e-05,1.000012191491589,1.1415884150574143e-05,1.0000123187369079,1.143446806368715e-05,1.1408536556523202e-05,1.000012193902413
1.0000118198353831,1.000014227267437,6.397173340307146e-10,1.0000046728768683,1.0000032408141932,7.108383621359195e-10,1.0000045314269077,6.47251769638357e-10,6.266122318703648e-10,6.786413679205444e-10,1.0000046728768692,7.520498241879273e-10,1.0000046505128934,6.266122311983697e-10,6.472517701518818e-10,6.496914988996169e-10,1.0000045464572076,1.3760037582643716e-06,1.0000046728768688,1.4552003070448637e-06,7.384514862653881e-10,6.634876925746853e-10,1.0000045456316977,1.0000046728768688,1.3638252700900599e-06,6.403112157102757e-10,1.0000046274684031,2.246714091764598e-06,6.611182173591132e-10,1.7294726807242008e-06,6.427544716349233e-10,2.015587043323079e-06,1.4087031208008733e-06,6.40311215848148e-10,1.0000045456316995,6.303128908924942e-10,1.0000046728768697,6.396728102122846e-10,6.266122308733687e-10,1.000004548042491
1.1434556448822378e-05,6.397173340307146e-10,1.0053295877908747e-05,6.397177231258716e-10,1.2701432170106553e-06,8.171047612796843e-16,6.397176125050949e-10,7.427491407622387e-16,7.103375956388281e-16,1.5675504587990338e-12,6.39717722936433e-10,1.7454350154642056e-12,6.397177073328237e-10,7.106718765374635e-16,7.427491407622387e-16,7.455269707000969e-16,6.397176234541957e-10,7.902729525379983e-16,6.397177230381873e-10,8.491484503707279e-16,8.585299064890136e-16,7.669257164742554e-16,6.397176224057097e-10,6.397177230381873e-10,7.806686924875358e-16,7.30806009849493e-16,6.397176879962532e-10,1.3058156367053585e-15,7.625949488576446e-16,1.0011962745017551e-15,7.362589150094254e-16,1.1799594667342222e-15,8.14997497210003e-16,7.30806009849493e-16,6.397176223732579e-10,7.171130484819756e-16,6.397177229596806e-10,7.304015625084276e-16,7.103375956388281e-16,6.397176253677583e-10
1.0000123187369037,1.0000046728768683,6.397177231258716e-10,1.0000152250697414,1.0000037397150259,7.108387904845385e-10,1.000005030328099,6.472521602073151e-10,6.266126169813581e-10,6.78641768898747e-10,1.0000051717781,7.520502651831547e-10,1.0000051494141158,6.266126161440204e-10,6.472521609519011e-10,6.496918903391665e-10,1.0000050453584044,6.930344386332464e-10,1.0000051717780978,7.329223569985095e-10,7.384519234676257e-10,6.634880888816187e-10,1.0000050445328958,1.000005171778099,6.869006547382652e-10,6.403116051179745e-10,1.0000051263696206,1.1315741103765671e-09,6.611186125678043e-10,8.710616634491178e-10,6.42754861208818e-10,1.0151652638440151e-09,7.095037104248198e-10,6.403116052634959e-10,1.0000050445328956,6.303132764981465e-10,1.0000051717780991,6.396731988086385e-10,6.266126159498324e-10,1.0000050469436874
1.000010886673019,1.0000032408141932,1.2701432170106553e-06,1.0000037397150259,1.0000123609448062,1.4113523022556088e-06,1.0000035982651385,1.2851026641395041e-06,1.2441233440370819e-06,1.3474259765746773e-06,1.0000037397150259,1.4931766961827515e-06,1.0000037173510672,1.2441233427364266e-06,1.2851026654424485e-06,1.2899466891823014e-06,1.0000036132954262,1.37600219024245e-06,1.000003739715025,1.4551986902725366e-06,1.4661775131982964e-06,1.3173387083109857e-06,1.0000036124699159,1.0000037397150259,1.3638237085758414e-06,1.271322355225321e-06,1.000003694306585,2.2467115796840416e-06,1.3126341722933498e-06,1.7294707352645768e-06,1.276173384775752e-06,2.0155848174895737e-06,1.4087015329995552e-06,1.2713223555787322e-06,1.0000036124699165,1.2514709173865338e-06,1.0000037397150252,1.2700548176065633e-06,1.2441233420318163e-06,1.0000036148807128
1.157576521304147e-05,7.108383621359195e-10,8.171047612796843e-16,7.108387904845385e-10,1.4113523022556088e-06,1.0053296241238974e-05,7.108386687650135e-10,8.299892179527264e-16,7.952709091085756e-16,8.819039904918949e-16,7.10838790413835e-10,9.812164849629762e-16,7.108387728506296e-10,7.949016092633554e-16,8.301600363622555e-16,8.341607697087479e-16,7.108386810284529e-10,8.83180124635775e-16,7.10838790413835e-10,9.488135540519938e-16,1.903219066853313e-12,1.7005042755592643e-12,7.108386795092875e-10,7.108387905605721e-10,8.732366760356502e-16,8.176427140681839e-16,7.108387517719034e-10,1.4591281997568893e-15,8.533164062564976e-16,1.1196276597784301e-15,8.227494162582619e-16,1.3190573553815366e-15,9.103826599341734e-16,8.178711438310363e-16,7.108386795033733e-10,8.015817122543491e-16,7.108387905811334e-10,8.175647918187678e-16,7.949016092633554e-16,1.4113545282833138e-06
1.0000121772868176,1.0000045314269077,6.397176125050949e-10,1.000005030328099,1.0000035982651385,7.108386687650135e-10,1.0000149421697588,6.472520494138097e-10,6.266125074200389e-10,6.786416550096442e-10,1.0000050303281005,7.520501397765761e-10,1.0000050079641183,6.266125068730803e-10,6.472520499855516e-10,6.496917792046213e-10,1.0000049039084133,6.930343183579008e-10,1.0000050303280992,7.329222333638295e-10,7.384517991397049e-10,6.634879763235808e-10,1.0000049030829055,1.0000050303281005,6.869005350677061e-10,6.403114943636075e-10,1.000004984919624,2.2467150541903247e-06,6.611185003564305e-10,8.710615146209926e-10,6.427547506036938e-10,2.0155878960751534e-06,7.095035888310326e-10,6.403114946053132e-10,1.000004903082906,6.303131669932585e-10,1.0000050303281012,6.396730885044886e-10,6.266125064629789e-10,1.0000049054936966
1.1449515927124162e-05,6.47251769638357e-10,7.427491407622387e-16,6.472521602073151e-10,1.2851026641395041e-06,8.299892179527264e-16,6.472520494138097e-10,1.0053295928914042e-05,7.228000140935808e-16,8.016673377258821e-16,6.472521603012738e-10,8.927167528242441e-16,6.472521443426811e-10,7.225371783215725e-16,1.4980278074608787e-12,7.585184816566771e-16,6.472520604651989e-10,8.029690556622062e-16,6.472521604128173e-10,1.7130710027314294e-12,8.716782670850415e-16,7.784934770832273e-16,6.472520592957883e-10,6.472521602288522e-10,7.927308767700927e-16,7.434920074854758e-16,6.472521250474522e-10,1.3267908473032408e-15,7.755257386982412e-16,1.0178736837304674e-15,7.473675600842487e-16,1.1995396080592776e-15,8.279461439998773e-16,7.430990734257423e-16,6.472520592361117e-10,7.28590983172088e-16,6.472521603010625e-10,7.423088476107981e-16,7.226202030858388e-16,6.472520622951837e-10
1.1408536559112455e-05,6.266122318703648e-10,7.103375956388281e-16,6.266126169813581e-10,1.2441233440370819e-06,7.952709091085756e-16,6.266125074200389e-10,7.228000140935808e-16,1.0053295800478015e-05,7.693235674844121e-16,6.266126170029133e-10,8.573455545325656e-16,6.266126011770838e-10,6.913817655655349e-16,7.226202030858388e-16,7.263434688769095e-16,6.266125184085528e-10,7.686358184479622e-16,6.266126170197622e-10,8.270686680436435e-16,8.364344542873345e-16,7.463675253360298e-16,6.266125169802078e-10,6.266126170454559e-10,7.590128097318461e-16,7.115763398600367e-16,6.266125819981718e-10,1.2718793264985166e-15,7.437813510083722e-16,9.744908359884566e-16,7.159501017156514e-16,1.1504165017253598e-15,7.927883403522553e-16,7.115763398600367e-16,6.26612517133416e-10,6.971851808286517e-16,6.266126170959051e-10,7.112693555307949e-16,6.910006118570898e-16,6.266125201447682e-10
1.1511839290363245e-05,6.786413679205444e-10,1.5675504587990338e-12,6.78641768898747e-10,1.3474259765746773e-06,8.819039904918949e-16,6.786416550096442e-10,8.016673377258821e-16,7.693235674844121e-16,1.0053296120282565e-05,6.786417689824536e-10,1.8790847104441803e-12,6.786417522986418e-10,7.695475207969663e-16,8.022469323705334e-16,8.056086260942348e-16,6.786416665864516e-10,8.543884886396222e-16,6.786417689518354e-10,9.155754412477234e-16,9.251991493736384e-16,8.267443082328236e-16,6.786416652325038e-10,6.786417689515123e-10,8.441534594109469e-16,7.904052658807307e-16,6.786417324547805e-10,1.4090157768990725e-15,1.6353438531641827e-12,1.0808755335135087e-15,7.947632487344179e-16,2.5263732169922395e-12,8.798721445398021e-16,7.903964122165015e-16,6.786416653567813e-10,7.76121497295748e-16,6.786417689169564e-10,7.900970161730176e-16,7.691990305378686e-16,6.786416683749976e-10
1.000012318736907,1.0000046728768692,6.39717722936433e-10,1.0000051717781,1.0000037397150259,7.10838790413835e-10,1.0000050303281005,6.472521603012738e-10,6.266126170029133e-10,6.786417689824536e-10,1.0000152250697418,7.520502651628394e-10,1.0000051494141167,6.26612616074302e-10,6.472521609519011e-10,6.496918903151135e-10,1.0000050453584057,6.930344386238508e-10,1.0000051717780993,7.329223569431972e-10,7.384519232796831e-10,6.634880889271742e-10,1.0000050445328963,1.0000051717781007,6.869006546549002e-10,6.403116051255101e-10,1.0000051263696212,1.1315741104620064e-09,6.611186126028122e-10,8.710616634588061e-10,6.427548613328425e-10,1.0151652638440151e-09,7.0950371054558e-10,6.403116053423561e-10,1.000005044532897,6.303132765229083e-10,1.0000051717781002,6.396731987297574e-10,6.266126159547156e-10,1.000005046943688
1.1657589693915796e-05,7.520498241879273e-10,1.7454350154642056e-12,7.520502651831547e-10,1.4931766961827515e-06,9.812164849629762e-16,7.520501397765761e-10,8.927167528242441e-16,8.573455545325656e-16,1.8790847104441803e-12,7.520502651628394e-10,1.0053296519581523e-05,7.5205024671025e-10,8.569902945026202e-16,8.927689365356117e-16,8.967181705109573e-16,7.520501527538847e-10,9.511655630034041e-16,7.520502650586883e-10,1.0190329231103496e-15,1.0288327583744548e-15,9.203027487045276e-16,7.520501513374675e-10,7.520502650978199e-10,9.403308467133054e-16,8.795985439820187e-16,1.49317912883617e-06,1.5682374197608433e-15,1.8199988776797906e-12,1.2036863169641632e-15,1.757112241055871e-12,2.8107261176879523e-12,9.794843194025009e-16,8.799318411280755e-16,7.52050151281682e-10,8.641033235325341e-16,7.520502652579156e-10,8.797396224190867e-16,8.566885316144143e-16,7.520501546302074e-10
1.0000122963729452,1.0000046505128934,6.397177073328237e-10,1.0000051494141158,1.0000037173510672,7.108387728506296e-10,1.0000050079641183,6.472521443426811e-10,6.266126011770838e-10,6.786417522986418e-10,1.0000051494141167,7.5205024671025e-10,1.0000151803417705,6.266126004576618e-10,6.472521449730431e-10,6.496918742219795e-10,1.000005022994424,6.930344212131172e-10,1.0000051494141164,7.329223388384979e-10,7.384519051600878e-10,6.634880723968615e-10,1.0000050221689147,1.0000051494141164,6.86900637349732e-10,6.403115890350037e-10,1.0000051040056397,1.1315740822616882e-09,6.611185965531166e-10,8.710616416850923e-10,6.427548452536095e-10,2.0155881845259767e-06,7.095036927654296e-10,6.403115891822952e-10,1.0000050221689152,6.303132606326319e-10,1.0000051494141173,6.396731827922234e-10,6.266126002023744e-10,1.000005024579707
1.140853655338957e-05,6.266122311983697e-10,7.106718765374635e-16,6.266126161440204e-10,1.2441233427364266e-06,7.949016092633554e-16,6.266125068730803e-10,7.225371783215725e-16,6.913817655655349e-16,7.695475207969663e-16,6.26612616074302e-10,8.569902945026202e-16,6.266126004576618e-10,1.0053295800478015e-05,7.226289014328026e-16,7.263434688769095e-16,6.266125177065919e-10,7.683881336328726e-16,6.266126163306937e-10,8.274191435270628e-16,8.360866419921601e-16,7.463675253360298e-16,6.26612516395305e-10,6.26612616074302e-10,7.589701609005874e-16,7.115763398600367e-16,6.26612581449673e-10,1.2718793264985166e-15,7.432317905482078e-16,9.744908359884566e-16,7.159501017156514e-16,1.1504165017253598e-15,7.931969751167682e-16,7.115763398600367e-16,6.266125163607186e-10,6.971851808286517e-16,6.266126162292434e-10,7.112693555307949e-16,6.914616676439796e-16,6.266125195208901e-10
1.1449515927899314e-05,6.472517701518818e-10,7.427491407622387e-16,6.472521609519011e-10,1.2851026654424485e-06,8.301600363622555e-16,6.472520499855516e-10,1.4980278074608787e-12,7.226202030858388e-16,8.022469323705334e-16,6.472521609519011e-10,8.927689365356117e-16,6.472521449730431e-10,7.226289014328026e-16,1.0053295928914042e-05,7.582523323840992e-16,6.472520610927556e-10,8.03501118711019e-16,6.472521610223721e-10,1.7130710027094976e-12,8.7162122301847935e-16,7.784934770832273e-16,6.47252059823088e-10,6.472521609519011e-10,7.927308767700927e-16,7.433074541004056e-16,6.472521258214937e-10,1.3270488203904857e-15,7.754689983669359e-16,1.0177505993941342e-15,7.4750103270309e-16,1.1995890158659184e-15,8.279464614249775e-16,7.434920074854758e-16,6.472520598718729e-10,7.286407782642796e-16,6.472521609519011e-10,7.426522895965889e-16,7.226202030858388e-16,6.472520629925506e-10
1.1454359955792885e-05,6.496914988996169e-10,7.455269707000969e-16,6.496918903391665e-10,1.2899466891823014e-06,8.341607697087479e-16,6.496917792046213e-10,7.585184816566771e-16,7.263434688769095e-16,8.056086260942348e-16,6.496918903151135e-10,8.967181705109573e-16,6.496918742219795e-10,7.263434688769095e-16,7.582523323840992e-16,1.005329594146448e-05,6.496917903033811e-10,8.067496367133697e-16,6.496918902577363e-10,8.665740577875724e-16,1.738721521688099e-12,1.5534806993697453e-12,6.496917892054318e-10,6.496918904518458e-10,7.979818658717502e-16,7.467466878339689e-16,6.496918550419901e-10,1.3332599228126726e-15,7.800045344523909e-16,1.0227378422472795e-15,7.514041616144133e-16,1.2050186531147836e-15,1.6515641709234488e-12,7.467466878339689e-16,6.496917891920305e-10,7.326901400370554e-16,6.496918904518458e-10,7.463375133836189e-16,7.263691135373762e-16,6.496917918938305e-10
1.0000121923171155,1.0000045464572076,6.397176234541957e-10,1.0000050453584044,1.0000036132954262,7.108386810284529e-10,1.0000049039084133,6.472520604651989e-10,6.266125184085528e-10,6.786416665864516e-10,1.0000050453584057,7.520501527538847e-10,1.000005022994424,6.266125177065919e-10,6.472520610927556e-10,6.496917903033811e-10,1.0000149722303626,6.930343305014506e-10,1.0000050453584044,7.329222457345485e-10,7.384518117159848e-10,6.634879877401224e-10,1.0000049181132085,1.0000050453584048,6.869005470153267e-10,6.403115054326798e-10,1.0000049999499288,2.2467150923537164e-06,6.611185116290278e-10,1.7294734555695793e-06,6.427547617731487e-10,1.0151651105702687e-09,7.095036011598362e-10,6.403115056953122e-10,1.0000049181132094,6.303131779523773e-10,1.0000050453584048,6.396730996381045e-10,6.266125173678561e-10,1.000004920524001
1.1540415073315848e-05,1.3760037582643716e-06,7.902729525379983e-16,6.930344386332464e-10,1.37600219024245e-06,8.83180124635775e-16,6.930343183579008e-10,8.029690556622062e-16,7.686358184479622e-16,8.543884886396222e-16,6.930344386238508e-10,9.511655630034041e-16,6.930344212131172e-10,7.683881336328726e-16,8.03501118711019e-16,8.067496367133697e-16,6.930343305014506e-10,1.0053296125151749e-05,6.930344386482245e-10,9.187003188859709e-16,9.287435466738395e-16,8.291462693868794e-16,6.930343290452199e-10,6.930344386332464e-10,8.438142420141926e-16,7.90767548854368e-16,6.930344004509463e-10,2.8049421822602184e-12,8.258791997390878e-16,1.0831880489188532e-15,7.956592287906982e-16,1.2775326307788402e-15,8.818064231114509e-16,7.90767548854368e-16,6.930343290559822e-10,7.751007212948006e-16,6.930344386418207e-10,7.903036849740264e-16,7.68635818323786e-16,6.930343325605447e-10
1.0000123187369037,1.0000046728768688,6.397177230381873e-10,1.0000051717780978,1.000003739715025,7.10838790413835e-10,1.0000050303280992,6.472521604128173e-10,6.266126170197622e-10,6.786417689518354e-10,1.0000051717780993,7.520502650586883e-10,1.0000051494141164,6.266126163306937e-10,6.472521610223721e-10,6.496918902577363e-10,1.0000050453584044,6.930344386482245e-10,1.0000152250697423,7.329223569382086e-10,7.384519234856325e-10,6.634880889682899e-10,1.0000050445328952,1.0000051717780993,6.869006547249971e-10,6.403116049848301e-10,1.0000051263696201,1.1315741106249084e-09,6.611186126393044e-10,8.710616633563261e-10,6.42754861208818e-10,1.0151652637915216e-09,7.09503710590623e-10,6.403116051640948e-10,1.0000050445328972,6.303132763888491e-10,1.0000051717781,6.396731990499618e-10,6.266126159498324e-10,1.0000050469436876
1.1619611625882343e-05,1.4552003070448637e-06,8.491484503707279e-16,7.329223569985095e-10,1.4551986902725366e-06,9.488135540519938e-16,7.329222333638295e-10,1.7130710027314294e-12,8.270686680436435e-16,9.155754412477234e-16,7.329223569431972e-10,1.0190329231103496e-15,7.329223388384979e-10,8.274191435270628e-16,1.7130710027094976e-12,8.665740577875724e-16,7.329222457345485e-10,9.187003188859709e-16,7.329223569382086e-10,1.005329638741748e-05,9.956651272847188e-16,8.897876404524889e-16,7.329222442171906e-10,7.329223571008517e-10,1.8033290596830334e-12,8.506567255605569e-16,7.329223177192199e-10,1.516155823669784e-15,8.865142166508922e-16,1.1634616322358648e-15,8.550278584391912e-16,1.3698670697449976e-15,9.466921958676308e-16,8.503470904930967e-16,7.329222441697562e-10,1.656094545186074e-12,7.32922356833985e-10,8.493332134761582e-16,8.272371219914184e-16,7.329222476853438e-10
1.1630590467173407e-05,7.384514862653881e-10,8.585299064890136e-16,7.384519234676257e-10,1.4661775131982964e-06,1.903219066853313e-12,7.384517991397049e-10,8.716782670850415e-16,8.364344542873345e-16,9.251991493736384e-16,7.384519232796831e-10,1.0288327583744548e-15,7.384519051600878e-10,8.360866419921601e-16,8.7162122301847935e-16,1.738721521688099e-12,7.384518117159848e-10,9.287435466738395e-16,7.384519234856325e-10,9.956651272847188e-16,1.0053296423505438e-05,1.784592635039627e-12,7.384518103476372e-10,7.384519234762992e-10,9.178782676446027e-16,8.592137442433943e-16,7.384518837966573e-10,1.5313381102081513e-15,8.950895364682713e-16,1.1752878730865818e-15,8.645619439801879e-16,1.3832830655172783e-15,9.558454364652513e-16,8.592137442433943e-16,7.384518103870437e-10,8.430818756218476e-16,7.384519232450328e-10,1.7047816187576868e-12,8.364344542873345e-16,1.4661797851203777e-06
1.1481751990786839e-05,6.634876925746853e-10,7.669257164742554e-16,6.634880888816187e-10,1.3173387083109857e-06,1.7005042755592643e-12,6.634879763235808e-10,7.784934770832273e-16,7.463675253360298e-16,8.267443082328236e-16,6.634880889271742e-10,9.203027487045276e-16,6.634880723968615e-10,7.463675253360298e-16,7.784934770832273e-16,1.5534806993697453e-12,6.634879877401224e-10,8.291462693868794e-16,6.634880889682899e-10,8.897876404524889e-16,1.784592635039627e-12,1.0053296021472161e-05,6.634879864279125e-10,6.634880888816187e-10,8.192498218947376e-16,7.67312335070437e-16,6.634880532068576e-10,1.3681711554177505e-15,8.000381560386612e-16,1.0501341306131964e-15,7.723447306729604e-16,1.2365422751186488e-15,8.543284517346009e-16,7.675379968799722e-16,6.634879864195641e-10,7.524348771530667e-16,6.634880889507932e-10,7.669447244407101e-16,7.463675253360298e-16,6.634879886820767e-10
1.000012191491583,1.0000045456316977,6.397176224057097e-10,1.0000050445328958,1.0000036124699159,7.108386795092875e-10,1.0000049030829055,6.472520592957883e-10,6.266125169802078e-10,6.786416652325038e-10,1.0000050445328963,7.520501513374675e-10,1.0000050221689147,6.26612516395305e-10,6.47252059823088e-10,6.496917892054318e-10,1.0000049181132085,6.930343290452199e-10,1.0000050445328952,7.329222442171906e-10,7.384518103476372e-10,6.634879864279125e-10,1.0000149705793437,1.0000050445328956,6.869005454914499e-10,6.403115041482851e-10,1.0000049991244193,2.2467150880362874e-06,6.611185103967125e-10,8.710615278383016e-10,6.427547604041611e-10,1.015165108651982e-09,7.095035996481704e-10,6.403115043243562e-10,1.0000049172877006,6.303131767684029e-10,1.000005044532895,6.396730981269957e-10,6.266125160325981e-10,1.0000049196984926
1.000012318736907,1.0000046728768688,6.397177230381873e-10,1.000005171778099,1.0000037397150259,7.108387905605721e-10,1.0000050303281005,6.472521602288522e-10,6.266126170454559e-10,6.786417689515123e-10,1.0000051717781007,7.520502650978199e-10,1.0000051494141164,6.26612616074302e-10,6.472521609519011e-10,6.496918904518458e-10,1.0000050453584048,6.930344386332464e-10,1.0000051717780993,7.329223571008517e-10,7.384519234762992e-10,6.634880888816187e-10,1.0000050445328956,1.0000152250697412,6.86900654685675e-10,6.40311605117851e-10,1.0000051263696212,1.1315741107243633e-09,6.611186126059472e-10,8.710616635417679e-10,6.42754861358666e-10,1.0151652637915216e-09,7.09503710489688e-10,6.403116051200859e-10,1.000005044532897,6.303132765013616e-10,1.0000051717781002,6.396731988824144e-10,6.266126161099782e-10,1.0000050469436883
1.1528236575008824e-05,1.3638252700900599e-06,7.806686924875358e-16,6.869006547382652e-10,1.3638237085758414e-06,8.732366760356502e-16,6.869005350677061e-10,7.927308767700927e-16,7.590128097318461e-16,8.441534594109469e-16,6.869006546549002e-10,9.403308467133054e-16,6.86900637349732e-10,7.589701609005874e-16,7.927308767700927e-16,7.979818658717502e-16,6.869005470153267e-10,8.438142420141926e-16,6.869006547249971e-10,1.8033290596830334e-12,9.178782676446027e-16,8.192498218947376e-16,6.869005454914499e-10,6.86900654685675e-10,1.0053296083168976e-05,7.814117344454958e-16,6.869006167195853e-10,1.3959986016186245e-15,8.160207180849987e-16,1.0705100091015327e-15,7.862509480613417e-16,1.2628317785685321e-15,8.705932408698299e-16,7.810412473064839e-16,6.869005454363289e-10,7.647422189389349e-16,6.869006546549002e-10,7.808721073704288e-16,7.591513159823864e-16,6.869005489904624e-10
1.1435735591880044e-05,6.403112157102757e-10,7.30806009849493e-16,6.403116051179745e-10,1.271322355225321e-06,8.176427140681839e-16,6.403114943636075e-10,7.434920074854758e-16,7.115763398600367e-16,7.904052658807307e-16,6.403116051255101e-10,8.795985439820187e-16,6.403115890350037e-10,7.115763398600367e-16,7.433074541004056e-16,7.467466878339689e-16,6.403115054326798e-10,7.90767548854368e-16,6.403116049848301e-10,8.506567255605569e-16,8.592137442433943e-16,7.67312335070437e-16,6.403115041482851e-10,6.40311605117851e-10,7.814117344454958e-16,1.0053295881282088e-05,6.403115698034855e-10,1.3076112467293643e-15,7.639768372943637e-16,1.0023928228982324e-15,7.367299143684032e-16,1.1823117053998032e-15,8.158106908915728e-16,1.4535529505505156e-12,6.403115040838665e-10,7.174539558168935e-16,6.403116049848301e-10,7.314944462960597e-16,7.115763398600367e-16,6.403115072910544e-10
1.0000122733284065,1.0000046274684031,6.397176879962532e-10,1.0000051263696206,1.000003694306585,7.108387517719034e-10,1.000004984919624,6.472521250474522e-10,6.266125819981718e-10,6.786417324547805e-10,1.0000051263696212,1.49317912883617e-06,1.0000051040056397,6.26612581449673e-10,6.472521258214937e-10,6.496918550419901e-10,1.0000049999499288,6.930344004509463e-10,1.0000051263696201,7.329223177192199e-10,7.384518837966573e-10,6.634880532068576e-10,1.0000049991244193,1.0000051263696212,6.869006167195853e-10,6.403115698034855e-10,1.000015134252784,1.1315740491744821e-09,6.611185760673499e-10,8.710616162467418e-10,6.427548260975145e-10,2.015588126515198e-06,7.095036718698946e-10,6.403115700711453e-10,1.00000499912442,6.303132417934165e-10,1.0000051263696208,6.39673163806357e-10,6.266125809479564e-10,1.000005001535212
1.2411122126972437e-05,2.246714091764598e-06,1.3058156367053585e-15,1.1315741103765671e-09,2.2467115796840416e-06,1.4591281997568893e-15,2.2467150541903247e-06,1.3267908473032408e-15,1.2718793264985166e-15,1.4090157768990725e-15,1.1315741104620064e-09,1.5682374197608433e-15,1.1315740822616882e-09,1.2718793264985166e-15,1.3270488203904857e-15,1.3332599228126726e-15,2.2467150923537164e-06,2.8049421822602184e-12,1.1315741106249084e-09,1.516155823669784e-15,1.5313381102081513e-15,1.3681711554177505e-15,2.2467150880362874e-06,1.1315741107243633e-09,1.3959986016186245e-15,1.3076112467293643e-15,1.1315740491744821e-09,1.0053299061459142e-05,1.3630698347041053e-15,1.7893920830993995e-15,1.3151461699723528e-15,2.1074439321023552e-15,2.890314825348173e-12,1.3076112467293643e-15,2.2467150880362883e-06,1.2827799615606143e-15,1.1315741107243633e-09,1.3065103714596032e-15,1.2717349990290735e-15,1.1315739405937263e-09
1.1477047462030688e-05,6.611182173591132e-10,7.625949488576446e-16,6.611186125678043e-10,1.3126341722933498e-06,8.533164062564976e-16,6.611185003564305e-10,7.755257386982412e-16,7.437813510083722e-16,1.6353438531641827e-12,6.611186126028122e-10,1.8199988776797906e-12,6.611185965531166e-10,7.432317905482078e-16,7.754689983669359e-16,7.800045344523909e-16,6.611185116290278e-10,8.258791997390878e-16,6.611186126393044e-10,8.865142166508922e-16,8.950895364682713e-16,8.000381560386612e-16,6.611185103967125e-10,6.611186126059472e-10,8.160207180849987e-16,7.639768372943637e-16,6.611185760673499e-10,1.3630698347041053e-15,1.0053296010018763e-05,1.0460007646123406e-15,7.68769533145357e-16,2.4461292332603974e-12,8.510345266044568e-16,7.646466246540813e-16,6.611185103547629e-10,7.494244088065671e-16,6.611186125907125e-10,7.638924853283612e-16,7.429266505387132e-16,6.611185134571962e-10
1.1893882710692207e-05,1.7294726807242008e-06,1.0011962745017551e-15,8.710616634491178e-10,1.7294707352645768e-06,1.1196276597784301e-15,8.710615146209926e-10,1.0178736837304674e-15,9.744908359884566e-16,1.0808755335135087e-15,8.710616634588061e-10,1.2036863169641632e-15,8.710616416850923e-10,9.744908359884566e-16,1.0177505993941342e-15,1.0227378422472795e-15,1.7294734555695793e-06,1.0831880489188532e-15,8.710616633563261e-10,1.1634616322358648e-15,1.1752878730865818e-15,1.0501341306131964e-15,8.710615278383016e-10,8.710616635417679e-10,1.0705100091015327e-15,1.0023928228982324e-15,8.710616162467418e-10,1.7893920830993995e-15,1.0460007646123406e-15,1.005329715272071e-05,2.0022245469534204e-12,3.2109281783758873e-12,1.1165098119682242e-15,1.0023928228982324e-15,8.710615279218858e-10,9.83041531660187e-16,8.710616634537276e-10,1.9894698372879626e-12,9.74603943140736e-16,1.7294734604175572e-06
1.1440586640803739e-05,6.427544716349233e-10,7.362589150094254e-16,6.42754861208818e-10,1.276173384775752e-06,8.227494162582619e-16,6.427547506036938e-10,7.473675600842487e-16,7.159501017156514e-16,7.947632487344179e-16,6.427548613328425e-10,1.757112241055871e-12,6.427548452536095e-10,7.159501017156514e-16,7.4750103270309e-16,7.514041616144133e-16,6.427547617731487e-10,7.956592287906982e-16,6.42754861208818e-10,8.550278584391912e-16,8.645619439801879e-16,7.723447306729604e-16,6.427547604041611e-10,6.42754861358666e-10,7.862509480613417e-16,7.367299143684032e-16,6.427548260975145e-10,1.3151461699723528e-15,7.68769533145357e-16,2.0022245469534204e-12,1.0053295897489758e-05,1.1876554856630722e-15,1.6288190345300324e-12,7.366905919032784e-16,6.427547603802412e-10,7.214625727642056e-16,6.427548613191716e-10,7.360342168777802e-16,7.159501017156514e-16,6.427547632993999e-10
1.2179996240694662e-05,2.015587043323079e-06,1.1799594667342222e-15,1.0151652638440151e-09,2.0155848174895737e-06,1.3190573553815366e-15,2.0155878960751534e-06,1.1995396080592776e-15,1.1504165017253598e-15,2.5263732169922395e-12,1.0151652638440151e-09,2.8107261176879523e-12,2.0155881845259767e-06,1.1504165017253598e-15,1.1995890158659184e-15,1.2050186531147836e-15,1.0151651105702687e-09,1.2775326307788402e-15,1.0151652637915216e-09,1.3698670697449976e-15,1.3832830655172783e-15,1.2365422751186488e-15,1.015165108651982e-09,1.0151652637915216e-09,1.2628317785685321e-15,1.1823117053998032e-15,2.015588126515198e-06,2.1074439321023552e-15,2.4461292332603974e-12,3.2109281783758873e-12,1.1876554856630722e-15,1.0053298205796745e-05,1.3158987399121698e-15,1.1822851836325828e-15,1.0151651085343921e-09,1.1604641838474866e-15,1.0151652638440151e-09,1.181690449067102e-15,1.1502439280388727e-15,1.0151651129847665e-09
1.1573114443760862e-05,1.4087031208008733e-06,8.14997497210003e-16,7.095037104248198e-10,1.4087015329995552e-06,9.103826599341734e-16,7.095035888310326e-10,8.279461439998773e-16,7.927883403522553e-16,8.798721445398021e-16,7.0950371054558e-10,9.794843194025009e-16,7.095036927654296e-10,7.931969751167682e-16,8.279464614249775e-16,1.6515641709234488e-12,7.095036011598362e-10,8.818064231114509e-16,7.09503710590623e-10,9.466921958676308e-16,9.558454364652513e-16,8.543284517346009e-16,7.095035996481704e-10,7.09503710489688e-10,8.705932408698299e-16,8.158106908915728e-16,7.095036718698946e-10,2.890314825348173e-12,8.510345266044568e-16,1.1165098119682242e-15,1.6288190345300324e-12,1.3158987399121698e-15,1.0053296231224563e-05,8.156927581793418e-16,7.095035997883659e-10,7.997570127099733e-16,7.095037105175907e-10,8.153990657015448e-16,7.931969751167682e-16,7.095036032344266e-10
1.1435735590554544e-05,6.40311215848148e-10,7.30806009849493e-16,6.403116052634959e-10,1.2713223555787322e-06,8.178711438310363e-16,6.403114946053132e-10,7.430990734257423e-16,7.115763398600367e-16,7.903964122165015e-16,6.403116053423561e-10,8.799318411280755e-16,6.403115891822952e-10,7.115763398600367e-16,7.434920074854758e-16,7.467466878339689e-16,6.403115056953122e-10,7.90767548854368e-16,6.403116051640948e-10,8.503470904930967e-16,8.592137442433943e-16,7.675379968799722e-16,6.403115043243562e-10,6.403116051200859e-10,7.810412473064839e-16,1.4535529505505156e-12,6.403115700711453e-10,1.3076112467293643e-15,7.646466246540813e-16,1.0023928228982324e-15,7.366905919032784e-16,1.1822851836325828e-15,8.156927581793418e-16,1.0053295881282088e-05,6.403115044598259e-10,7.178750737496462e-16,6.403116051926883e-10,7.315885987924862e-16,7.115763398600367e-16,6.403115074698543e-10
1.000012191491589,1.0000045456316995,6.397176223732579e-10,1.0000050445328956,1.0000036124699165,7.108386795033733e-10,1.000004903082906,6.472520592361117e-10,6.26612517133416e-10,6.786416653567813e-10,1.000005044532897,7.52050151281682e-10,1.0000050221689152,6.266125163607186e-10,6.472520598718729e-10,6.496917891920305e-10,1.0000049181132094,6.930343290559822e-10,1.0000050445328972,7.329222441697562e-10,7.384518103870437e-10,6.634879864195641e-10,1.0000049172877006,1.000005044532897,6.869005454363289e-10,6.403115040838665e-10,1.00000499912442,2.2467150880362883e-06,6.611185103547629e-10,8.710615279218858e-10,6.427547603802412e-10,1.0151651085343921e-09,7.095035997883659e-10,6.403115044598259e-10,1.0000149705793469,6.303131767684029e-10,1.0000050445328976,6.396730981216081e-10,6.266125160428203e-10,1.0000049196984926
1.1415884150574143e-05,6.303128908924942e-10,7.171130484819756e-16,6.303132764981465e-10,1.2514709173865338e-06,8.015817122543491e-16,6.303131669932585e-10,7.28590983172088e-16,6.971851808286517e-16,7.76121497295748e-16,6.303132765229083e-10,8.641033235325341e-16,6.303132606326319e-10,6.971851808286517e-16,7.286407782642796e-16,7.326901400370554e-16,6.303131779523773e-10,7.751007212948006e-16,6.303132763888491e-10,1.656094545186074e-12,8.430818756218476e-16,7.524348771530667e-16,6.303131767684029e-10,6.303132765013616e-10,7.647422189389349e-16,7.174539558168935e-16,6.303132417934165e-10,1.2827799615606143e-15,7.494244088065671e-16,9.83041531660187e-16,7.214625727642056e-16,1.1604641838474866e-15,7.997570127099733e-16,7.178750737496462e-16,6.303131767684029e-10,1.005329582401633e-05,6.303132766000679e-10,7.172644101782491e-16,6.975341095146836e-16,6.303131798773404e-10
1.0000123187369079,1.0000046728768697,6.397177229596806e-10,1.0000051717780991,1.0000037397150252,7.108387905811334e-10,1.0000050303281012,6.472521603010625e-10,6.266126170959051e-10,6.786417689169564e-10,1.0000051717781002,7.520502652579156e-10,1.0000051494141173,6.266126162292434e-10,6.472521609519011e-10,6.496918904518458e-10,1.0000050453584048,6.930344386418207e-10,1.0000051717781,7.32922356833985e-10,7.384519232450328e-10,6.634880889507932e-10,1.000005044532895,1.0000051717781002,6.869006546549002e-10,6.403116049848301e-10,1.0000051263696208,1.1315741107243633e-09,6.611186125907125e-10,8.710616634537276e-10,6.427548613191716e-10,1.0151652638440151e-09,7.095037105175907e-10,6.403116051926883e-10,1.0000050445328976,6.303132766000679e-10,1.000015225069742,6.396731988194309e-10,6.266126159498324e-10,1.000005046943688
1.143446806368715e-05,6.396728102122846e-10,7.304015625084276e-16,6.396731988086385e-10,1.2700548176065633e-06,8.175647918187678e-16,6.396730885044886e-10,7.423088476107981e-16,7.112693555307949e-16,7.900970161730176e-16,6.396731987297574e-10,8.797396224190867e-16,6.396731827922234e-10,7.112693555307949e-16,7.426522895965889e-16,7.463375133836189e-16,6.396730996381045e-10,7.903036849740264e-16,6.396731990499618e-10,8.493332134761582e-16,1.7047816187576868e-12,7.669447244407101e-16,6.396730981269957e-10,6.396731988824144e-10,7.808721073704288e-16,7.314944462960597e-16,6.39673163806357e-10,1.3065103714596032e-15,7.638924853283612e-16,1.9894698372879626e-12,7.360342168777802e-16,1.181690449067102e-15,8.153990657015448e-16,7.315885987924862e-16,6.396730981216081e-10,7.172644101782491e-16,6.396731988194309e-10,1.0053295877790445e-05,7.11245581552259e-16,6.396731010638648e-10
1.1408536556523202e-05,6.266122308733687e-10,7.103375956388281e-16,6.266126159498324e-10,1.2441233420318163e-06,7.949016092633554e-16,6.266125064629789e-10,7.226202030858388e-16,6.910006118570898e-16,7.691990305378686e-16,6.266126159547156e-10,8.566885316144143e-16,6.266126002023744e-10,6.914616676439796e-16,7.226202030858388e-16,7.263691135373762e-16,6.266125173678561e-10,7.68635818323786e-16,6.266126159498324e-10,8.272371219914184e-16,8.364344542873345e-16,7.463675253360298e-16,6.266125160325981e-10,6.266126161099782e-10,7.591513159823864e-16,7.115763398600367e-16,6.266125809479564e-10,1.2717349990290735e-15,7.429266505387132e-16,9.74603943140736e-16,7.159501017156514e-16,1.1502439280388727e-15,7.931969751167682e-16,7.115763398600367e-16,6.266125160428203e-10,6.975341095146836e-16,6.266126159498324e-10,7.11245581552259e-16,1.005329580041669e-05,6.266125191883709e-10
1.000012193902413,1.000004548042491,6.397176253677583e-10,1.0000050469436874,1.0000036148807128,1.4113545282833138e-06,1.0000049054936966,6.472520622951837e-10,6.266125201447682e-10,6.786416683749976e-10,1.000005046943688,7.520501546302074e-10,1.000005024579707,6.266125195208901e-10,6.472520629925506e-10,6.496917918938305e-10,1.000004920524001,6.930343325605447e-10,1.0000050469436876,7.329222476853438e-10,1.4661797851203777e-06,6.634879886820767e-10,1.0000049196984926,1.0000050469436883,6.869005489904624e-10,6.403115072910544e-10,1.000005001535212,1.1315739405937263e-09,6.611185134571962e-10,1.7294734604175572e-06,6.427547632993999e-10,1.0151651129847665e-09,7.095036032344266e-10,6.403115074698543e-10,1.0000049196984926,6.303131798773404e-10,1.000005046943688,6.396731010638648e-10,6.266125191883709e-10,1.0000149754009298
