1.0000000014140389,-2.8535569468623e-07,-2.853556976577805e-07,-2.849275670198386e-07,1.0000081200407334,-2.91035644524269e-07,-2.839899141888261e-07,-2.853557007341227e-07,1.0000080996785903,1.0000081875884959,1.0000081094762279,1.0000083010717913,-2.88644085383349e-07,1.0000081680451611,-2.8492756836574715e-07,-2.853557018366435e-07,1.0000081962377323,1.000008178818443,1.000008159267372,-2.931335021883244e-07,1.0000077546086963,1.0000081788184414,1.0000077546086914,1.0000081592673722,1.0000081592673733,1.0000077546086918,1.000008139427856,1.0000081592673709,-2.861214563681748e-07,-2.9123692268609686e-07,1.0000081875884963,-2.84643558352964e-07,1.0000081962377307,1.0000081042697126,1.0000081764898021,-2.849147573452748e-07,1.0000081717001517,1.0000081592673753,1.0000078247427207,-2.8737759757635276e-07,-2.8535570183684677e-07,1.0000077797255418,1.0000081717001492,1.0000077797255353,1.0000081875884925,1.0000081014120337,1.0000081875884934,-2.8535570070035826e-07,1.00000775460869,1.0000080716822026,1.0000082147772378,1.0000081094762208,1.0000081875884947,1.0000081592673693,1.000008187588492,-2.8782370803731545e-07,1.0000082871111242,1.0000081042697129,1.000008187588496,-2.9486314658233855e-07,-2.8533032390768673e-07,1.000008159267373,1.0000081394278535,-3.042076368342445e-07,-2.849275659697027e-07,1.000007928111864,-2.852230000860791e-07,1.0000081875884943,-2.974656008592555e-07,1.000008187588495,-2.9133382031784884e-07
-2.8535569468623e-07,-2.4524187519296576e-06,-4.941243366890894e-16,7.012782265783617e-20,-9.404261990125742e-12,-2.794777869347365e-19,-2.372405358289902e-19,-4.941243170609023e-16,-9.404261862215817e-12,-9.404262607491553e-12,-9.404261987942885e-12,-9.404263463193014e-12,-6.028587122851542e-16,-9.404262377719691e-12,7.432319205900317e-20,-4.941243324132293e-16,-9.404262653307937e-12,-9.404262598954718e-12,-9.404262319424588e-12,-3.665824637452889e-19,-1.8734793968847117e-08,-9.40426252595885e-12,-1.8734793968847097e-08,-9.404262325124751e-12,-9.404262334843826e-12,-1.873479396884709e-08,-9.404262205337741e-12,-9.404262338805013e-12,-3.7328379121203277e-19,-7.108260612354363e-16,-9.404262573938148e-12,-8.710928185419845e-20,-9.404262650293316e-12,-9.404261979013744e-12,-9.404262469610777e-12,-9.428722348130877e-20,-9.40426242908467e-12,-9.404262327056774e-12,-1.873479511477118e-08,-5.346215632659598e-16,-4.941242907415646e-16,-1.8734794376323642e-08,-9.40426242908467e-12,-1.8734794376323668e-08,-9.404262558931437e-12,-9.40426187679105e-12,-9.404262563175001e-12,-4.941243156426168e-16,-1.8734793968847097e-08,-9.404261646084e-12,-9.404262740744114e-12,-9.404261976166902e-12,-9.404262569135981e-12,-9.40426233087779e-12,-9.404262543215472e-12,-5.847691561598758e-16,-9.404263279270453e-12,-9.404261942283519e-12,-9.404262567536385e-12,-3.4519491657805117e-19,-5.425612778832509e-16,-9.404262319424588e-12,-9.404262226391796e-12,-1.1031969293456342e-15,-6.823400083755115e-20,-1.873479680474043e-08,-4.9642163947402e-16,-9.404262549665546e-12,-9.505582400241992e-16,-9.404262567536385e-12,-7.550889140207896e-16
-2.853556976577805e-07,-4.941243366890894e-16,-2.4524187519296576e-06,-9.157741117507695e-20,-9.404262305403848e-12,-2.865102844278049e-19,-2.372405358289902e-19,-4.941238673775978e-16,-9.404262003136647e-12,-9.404262754028298e-12,-9.404262215635794e-12,-9.404263721131082e-12,-6.028581699640742e-16,-9.404262654435635e-12,-3.1163669558943895e-19,-4.941238827299063e-16,-9.404262916438576e-12,-9.404262834786872e-12,-9.404262589663546e-12,-1.9557583970234397e-19,-1.8734794488684078e-08,-9.404262827595716e-12,-1.8734794488684078e-08,-9.40426254709718e-12,-9.404262557492291e-12,-1.8734794488683988e-08,-9.404262458727535e-12,-9.404262553097408e-12,-7.545552661107607e-20,-7.10825431601441e-16,-9.404262737620386e-12,-2.028937569862335e-19,-9.404262913556335e-12,-9.404262085543878e-12,-9.404262812091959e-12,-1.6197317239451706e-19,-9.404262697326791e-12,-9.404262563764078e-12,-1.8734795634608244e-08,-5.346210729283474e-16,-4.941238410582467e-16,-1.873479489616064e-08,-9.404262804928316e-12,-1.873479489616063e-08,-9.404262825747887e-12,-9.404262157801582e-12,-9.404262864402844e-12,-4.941238659592899e-16,-1.8734794488684097e-08,-9.404261846979856e-12,-9.404263082992061e-12,-9.40426220952445e-12,-9.404262810841092e-12,-9.404262613190873e-12,-9.404262812147973e-12,-5.847686312558362e-16,-9.404263618097588e-12,-9.404262207957517e-12,-9.404262740141219e-12,-3.9168818997845955e-19,-5.425607980944299e-16,-9.404262551099927e-12,-9.40426246677264e-12,-1.1031959584913528e-15,-3.1163669558943895e-19,-1.8734797324577626e-08,-4.964211894149327e-16,-9.404262803838664e-12,-9.50557414731568e-16,-9.404262811045826e-12,-7.550882565336749e-16
-2.849275670198386e-07,7.012782265783617e-20,-9.157741117507695e-20,-2.45241874712049e-06,-9.189353207036557e-12,-4.664465830507079e-16,-4.558611136074138e-19,-1.059039899392777e-19,-9.189353167507902e-12,-9.189353736227399e-12,-9.189353229995286e-12,-9.189354788317113e-12,-3.303892751010135e-19,-9.18935373290475e-12,-2.9894905609203463e-16,-6.823400083755115e-20,-9.189353796501862e-12,-9.189353802598426e-12,-9.189353488722511e-12,-7.828545125918968e-20,-9.189350548226674e-12,-9.189353597854065e-12,-9.189350589015682e-12,-9.189353559591133e-12,-9.189353579842047e-12,-9.189350570315988e-12,-9.189353302024784e-12,-9.189353511385567e-12,3.8265069640204783e-19,-3.53371778965722e-19,-9.18935367481447e-12,3.5112724936989137e-19,-9.189353921144773e-12,-9.189353240745398e-12,-9.189353614597246e-12,-3.704391023611648e-19,-9.189353764611216e-12,-9.189353550999636e-12,-1.8306662917173245e-08,-5.185682194812575e-20,-2.0133456085719766e-19,-9.189350378188332e-12,-9.18935375889991e-12,-9.189350434240234e-12,-9.189353758034722e-12,-9.189353111868148e-12,-9.189353742071123e-12,4.110619796224958e-20,-9.189350548315543e-12,-9.189352847632353e-12,-9.189353978821142e-12,-9.1893532050157e-12,-9.18935374676336e-12,-9.189353500317572e-12,-9.189353730545736e-12,-2.904203478942736e-19,-9.189354684491737e-12,-9.189353213594719e-12,-9.189353722866595e-12,9.450452201008772e-20,-2.1660897339530674e-19,-9.189353448105439e-12,-9.189353273830924e-12,-4.596366107391988e-19,-2.9894903942421317e-16,-1.8306664595948673e-08,-4.977991260240605e-19,-9.18935381271289e-12,-2.93317518844828e-19,-9.18935373667785e-12,-2.61589243824606e-19
1.0000081200407334,-9.404261990125742e-12,-9.404262305403848e-12,-9.189353207036557e-12,1.000009342925835,-1.2255419821289998e-11,-8.718675654262954e-12,-9.404263264301859e-12,1.0000117749822393,1.0000118628924441,1.000011784779904,1.0000119763761326,-2.2023198898167395e-08,1.0000118433490481,-9.189352390195278e-12,-9.40426316012776e-12,1.0000118715417108,1.0000118541223606,1.0000118345712223,-1.330848321145885e-11,1.000011429911157,1.000011854122359,1.0000114299111573,1.0000118345712232,1.0000118345712226,1.0000114299111562,1.0000118147316408,1.0000118345712234,-9.788646009471462e-12,-2.4616046612656266e-08,1.0000118628924446,-9.046787554404838e-12,1.0000118715417103,1.000011779573379,1.000011851793717,-9.18292022793735e-12,1.0000118470040393,1.0000118345712212,1.00001150004542,-1.0419193208951077e-11,-9.404263397377455e-12,1.0000114550280899,1.0000118470040402,1.000011455028091,1.0000118628924441,1.0000117767156895,1.0000118628924435,-9.404263194538899e-12,1.0000114299111573,1.0000117469857537,1.0000118900812782,1.000011784779903,1.0000118628924441,1.0000118345712232,1.0000118628924448,-2.120282115424028e-08,1.0000119624154171,1.000011779573379,1.000011862892444,-1.4176709245797199e-11,-9.391524046372335e-12,1.0000118345712223,1.000011814731639,-3.758680911282565e-08,-9.189352274471838e-12,1.000011603414922,-9.337651922043493e-12,1.0000118628924435,-3.08447511998621e-08,1.0000118628924444,-1.2405097013137834e-11
-2.91035644524269e-07,-2.794777869347365e-19,-2.865102844278049e-19,-4.664465830507079e-16,-1.2255419821289998e-11,-2.4524187434806284e-06,-4.1634185328895473e-19,-2.4405490809218765e-19,-2.4414763927262526e-08,-1.2255420582610635e-11,-2.4414764139346222e-08,-1.2255421766854456e-11,-3.1231951906076426e-19,-1.2255420344057241e-11,-4.66446839415011e-16,-3.1543558162154855e-19,-1.2255420637157234e-11,-1.225542046050753e-11,-1.2255420224083366e-11,-6.747428281871991e-16,-2.4414756544632125e-08,-1.2255420430966247e-11,-2.441475654463209e-08,-1.2255420246929422e-11,-1.2255420263860973e-11,-2.4414756544632145e-08,-1.2255420074950683e-11,-1.2255420270908644e-11,-1.0685113287284472e-18,-4.2502519331018184e-19,-1.2255420545510982e-11,-1.5213872599236879e-19,-1.2255420710403208e-11,-2.4414764027586465e-08,-1.2255420424399758e-11,3.648767898929087e-20,-2.441476546886199e-08,-1.2255420205932805e-11,-2.441475804729663e-08,-4.295591282671159e-19,-2.4700696628025546e-19,-1.2255416114789715e-11,-2.4414765468862047e-08,-1.2255416163466106e-11,-1.2255420562807574e-11,-2.441476396398176e-08,-1.225542053812302e-11,-2.6109157107330866e-19,-2.4414756544632218e-08,-2.441476332803168e-08,-1.2255420862763115e-11,-2.4414764139346212e-08,-1.2255420516171437e-11,-1.225542024007168e-11,-1.2255420509473901e-11,-3.553002473210292e-19,-1.2255421602119645e-11,-2.4414764027586458e-08,-1.2255420568192719e-11,-7.31790779347258e-16,-3.3034163517787274e-19,-1.225542021401648e-11,-1.2255420049069919e-11,-8.069508375927043e-19,-4.664468142861217e-16,-2.441476026331235e-08,-3.10259615089776e-19,-1.2255420521104753e-11,-5.921520416447867e-19,-1.2255420519873426e-11,-9.165274773166695e-16
-2.839899141888261e-07,-2.372405358289902e-19,-2.372405358289902e-19,-4.558611136074138e-19,-8.718675654262954e-12,-4.1634185328895473e-19,-2.452418754412085e-06,-1.869994552987303e-19,-8.718675619090002e-12,-8.718676390560189e-12,-8.71867571599757e-12,-8.718677271096433e-12,-3.9617080470110915e-19,-8.718676096696391e-12,-9.860569077085237e-19,-2.2796701524107377e-19,-8.718676360829573e-12,-8.718676270966544e-12,-8.718676148255991e-12,2.6716505670979256e-19,-8.71867312416211e-12,-8.7186762814263e-12,-8.71867319895546e-12,-8.71867615439512e-12,-8.718676135368222e-12,-8.718673173945114e-12,-8.718676029161603e-12,-8.71867617119137e-12,-2.702398663015399e-16,-5.63062186732945e-16,-8.718676356106698e-12,-2.919823731750295e-16,-8.718676458851645e-12,-8.718675690037903e-12,-8.71867622875432e-12,-2.8737503664752215e-16,-8.71867622089112e-12,-8.718676315612467e-12,-8.71867365036988e-12,-2.0285455143614713e-19,-1.6603488707762772e-19,-8.718673342510009e-12,-8.718676346169328e-12,-8.718672906888532e-12,-8.718676298567612e-12,-8.718675666985406e-12,-8.718676276295734e-12,-2.510833587162651e-19,-8.71867302412104e-12,-8.718675457359212e-12,-8.718676554956266e-12,-8.718675718237902e-12,-8.718676371663019e-12,-8.718676135368222e-12,-8.718676377460183e-12,-3.2808294611985144e-19,-8.718677091896425e-12,-8.718675694896177e-12,-8.718676390560189e-12,-8.380780644653729e-20,-4.299132357947416e-16,-8.718676085196057e-12,-8.718675994920875e-12,-4.890486238919163e-19,-4.2856879211561657e-19,-1.7368999501493395e-08,-3.7737572127318366e-20,-8.718676438107547e-12,-4.327082701366962e-19,-8.718676276673478e-12,-3.093863570755079e-19
-2.853557007341227e-07,-4.941243170609023e-16,-4.941238673775978e-16,-1.059039899392777e-19,-9.404263264301859e-12,-2.4405490809218765e-19,-1.869994552987303e-19,-2.4524187519296576e-06,-9.404263161164452e-12,-9.40426381346469e-12,-9.404263224033106e-12,-9.404264716565764e-12,-6.028581474424619e-16,-9.404263739001169e-12,-3.3541978728439047e-19,-4.941238631017371e-16,-9.404263900671485e-12,-9.404263783476092e-12,-9.40426360438754e-12,-3.7240438294953023e-19,-1.8734796489201103e-08,-9.404263889152751e-12,-1.8734796489201112e-08,-9.404263589682672e-12,-9.404263580465487e-12,-1.8734796489201016e-08,-9.404263442201348e-12,-9.40426364618694e-12,-1.7799742027437883e-19,-7.108254073717575e-16,-9.404263806353182e-12,7.781100477253547e-20,-9.404263906149828e-12,-9.404263144480067e-12,-9.404263771004085e-12,-2.171473747073506e-19,-9.404263651682096e-12,-9.404263619689027e-12,-1.873479763512535e-08,-5.346210508581808e-16,-4.941238214300713e-16,-1.8734796896677548e-08,-9.40426373853853e-12,-1.8734796896677522e-08,-9.404263782618113e-12,-9.404263149570559e-12,-9.404263806452807e-12,-4.941238463311207e-16,-1.8734796489201053e-08,-9.404262932405747e-12,-9.40426403722686e-12,-9.40426323463482e-12,-9.40426381356735e-12,-9.404263571107913e-12,-9.40426380893763e-12,-5.847686096855708e-16,-9.404264653164387e-12,-9.404263083027092e-12,-9.404263787351205e-12,-2.8704825827922932e-19,-5.425607797357914e-16,-9.404263592032693e-12,-9.404263452167197e-12,-1.103195921896296e-15,1.9454365099472576e-20,-1.8734799325094965e-08,-4.964211700710934e-16,-9.404263756026795e-12,-9.505573858626293e-16,-9.404263852033506e-12,-7.550882332454694e-16
1.0000080996785903,-9.404261862215817e-12,-9.404262003136647e-12,-9.189353167507902e-12,1.0000117749822393,-2.4414763927262526e-08,-8.718675619090002e-12,-9.404263161164452e-12,1.000009302201404,1.00001184253023,1.0000117644176918,1.000011956013917,-2.2023198506488127e-08,1.0000118229868329,-9.189352300899443e-12,-9.404263053992688e-12,1.0000118511794964,1.0000118337601471,1.00001181420901,-2.6512635664284514e-08,1.0000114095489512,1.000011833760146,1.0000114095489518,1.0000118142090095,1.0000118142090104,1.0000114095489505,1.0000117943694273,1.0000118142090106,-9.788645793788586e-12,-1.235645702535519e-11,1.0000118425302305,-9.046787350768836e-12,1.0000118511794964,1.0000117592111664,1.0000118314315025,-9.182920373802437e-12,1.0000118266418252,1.0000118142090084,1.0000114796832131,-1.0419192984155022e-11,-9.404263224152585e-12,1.0000114346658846,1.000011826641826,1.0000114346658857,1.0000118425302307,1.0000117563534767,1.0000118425302298,-9.404262987052308e-12,1.0000114095489518,1.0000117266235404,1.000011869719063,1.0000117644176896,1.0000118425302305,1.00001181420901,1.000011842530231,-2.1202820777395378e-08,1.0000119420531994,1.0000117592111666,1.0000118425302302,-2.8242281382079353e-08,-9.391523853035868e-12,1.000011814209009,1.0000117943694244,-1.8867359162326465e-11,-9.189352229798424e-12,1.000011583052713,-9.337651816578953e-12,1.000011842530231,-1.5483064917263644e-11,1.00001184253023,-2.47129440313789e-08
1.0000081875884959,-9.404262607491553e-12,-9.404262754028298e-12,-9.189353736227399e-12,1.0000118628924441,-1.2255420582610635e-11,-8.718676390560189e-12,-9.40426381346469e-12,1.00001184253023,1.000009478021821,1.000011852327895,1.0000120439241382,-1.1054932439338147e-11,1.0000119108970416,-9.189352985628865e-12,-9.404263714480275e-12,1.0000119390897075,1.000011921670357,1.0000119021192169,-1.3308484088388487e-11,1.000011497459125,1.000011921670356,1.0000114974591248,1.000011902119217,1.0000119021192169,1.000011497459124,1.0000118822796342,1.0000119021192169,-9.788646310952923e-12,-1.2356457981954761e-11,1.0000119304404416,-9.046787884622563e-12,1.0000119390897078,1.0000118471213713,1.000011919341713,-9.182921033365054e-12,1.000011914552034,1.000011902119217,1.0000115675933912,-1.0419193788391468e-11,-9.404263982670801e-12,1.0000115225760577,1.0000119145520354,1.000011522576059,1.0000119304404411,1.0000118442636794,1.0000119304404405,-9.404263850616848e-12,1.0000114974591254,1.0000118145337422,1.000011957629277,1.0000118523278936,1.0000119304404413,1.0000119021192169,1.0000119304404416,-1.0643129579983291e-11,1.0000120299634199,1.0000118471213721,1.0000119304404407,-1.4176710129259612e-11,-9.391524593161543e-12,1.0000119021192162,1.000011882279632,-1.8867360604890925e-11,-9.189352868580107e-12,1.0000116709629001,-9.337652435949795e-12,1.0000119304404411,-1.5483066037789575e-11,1.0000119304404416,-1.240509762450213e-11
1.0000081094762279,-9.404261987942885e-12,-9.404262215635794e-12,-9.189353229995286e-12,1.000011784779904,-2.4414764139346222e-08,-8.71867571599757e-12,-9.404263224033106e-12,1.0000117644176918,1.000011852327895,1.00000932179674,1.0000119658115838,-1.1054931555330733e-11,1.0000118327844982,-9.189352380436924e-12,-9.40426312523375e-12,1.0000118609771618,1.0000118435578136,1.0000118240066742,-2.65126358968019e-08,1.0000114193466132,1.0000118435578127,1.0000114193466147,1.0000118240066727,1.0000118240066749,1.0000114193466128,1.0000118041670916,1.0000118240066749,-9.788645867422183e-12,-1.2356457141835863e-11,1.0000118523278956,-9.046787457176508e-12,1.000011860977161,1.0000117690088297,1.0000118412291683,-9.182920448826512e-12,1.0000118364394894,1.0000118240066738,1.000011489480875,-1.041919305318226e-11,-9.40426338208962e-12,1.0000114444635462,1.0000118364394908,1.000011444463547,1.0000118523278958,1.0000117661511418,1.0000118523278942,-9.404263210109651e-12,1.000011419346615,1.0000117364212067,1.0000118795167288,1.0000117742153563,1.0000118523278947,1.0000118240066742,1.0000118523278958,-1.0643128623235448e-11,1.0000119518508672,1.00001176900883,1.0000118523278947,-2.824228162949667e-08,-9.391523944623989e-12,1.0000118240066727,1.0000118041670905,-1.8867359253969967e-11,-9.189352259187074e-12,1.000011592850374,-9.337651840485013e-12,1.0000118523278954,-1.5483065010959826e-11,1.000011852327895,-2.4712944242165138e-08
1.0000083010717913,-9.404263463193014e-12,-9.404263721131082e-12,-9.189354788317113e-12,1.0000119763761326,-1.2255421766854456e-11,-8.718677271096433e-12,-9.404264716565764e-12,1.000011956013917,1.0000120439241382,1.0000119658115838,1.0000097049892298,-1.1054933376941636e-11,1.0000120243807358,-9.189353926232792e-12,-9.404264727718117e-12,1.0000120525734055,1.000012035154053,1.0000120156029106,-1.3308485444865215e-11,1.0000116109427721,1.0000120351540516,1.0000116109427741,1.000012015602911,1.0000120156029115,1.0000116109427721,1.0000119957633256,1.0000120156029106,-9.788647601245777e-12,-1.235645920772159e-11,1.0000120439241378,-9.046789170369762e-12,1.0000120525734058,1.000011960605058,1.0000120328254094,-9.182922026666923e-12,1.0000120280357296,1.0000120156029102,1.0000116810770474,-1.0419194642017856e-11,-9.40426491676189e-12,1.0000116360597078,1.00001202803573,1.0000116360597104,1.000012043924138,1.0000119577473674,1.000012043924138,-9.404264775099554e-12,1.000011610942774,1.0000119280174262,1.0000120711129772,1.0000119658115814,1.000012043924138,1.0000120156029109,1.000012043924139,-1.0643130400285544e-11,1.0000121434471299,1.0000119606050584,1.0000120439241378,-1.4176711705680542e-11,-9.391525394256842e-12,1.000012015602911,1.000011995763324,-1.886736256115708e-11,-9.189353884069587e-12,1.0000117844465677,-9.33765335283264e-12,1.0000120439241365,-1.5483067665723957e-11,1.0000120439241391,-2.4712948296987894e-08
-2.88644085383349e-07,-6.028587122851542e-16,-6.028581699640742e-16,-3.303892751010135e-19,-2.2023198898167395e-08,-3.1231951906076426e-19,-3.9617080470110915e-19,-6.028581474424619e-16,-2.2023198506488127e-08,-1.1054932439338147e-11,-1.1054931555330733e-11,-1.1054933376941636e-11,-2.452418752309541e-06,-2.2023199811397595e-08,-3.387057143113779e-19,-6.028581658113553e-16,-1.1054932358752649e-11,-2.202320001755011e-08,-1.1054932088594248e-11,-3.421685026269656e-19,-2.2023191910615558e-08,-2.202320001755011e-08,-2.2023191910615604e-08,-1.1054932053392286e-11,-1.105493201597635e-11,-2.2023191910615455e-08,-1.105493186712305e-11,-1.1054932026252937e-11,-3.8439487440477397e-19,-8.661075772441217e-16,-1.1054932412159906e-11,-3.1980574868806765e-19,-1.1054932518423046e-11,-1.1054931615796027e-11,-1.1054932251336558e-11,-4.457929999326153e-19,-1.1054932232115241e-11,-1.1054932038414762e-11,-2.2023193253293202e-08,-6.525056489860108e-16,-6.0285811597275e-16,-2.2023192387969528e-08,-1.1054932267786667e-11,-2.2023192387969584e-08,-1.1054932377355162e-11,-2.20231985392682e-08,-1.105493228426289e-11,-6.028581457424269e-16,-2.2023191910615574e-08,-1.10549312900044e-11,-1.1054932596307436e-11,-1.1054931497340665e-11,-1.1054932441427573e-11,-1.105493205977573e-11,-1.1054932465970997e-11,-7.129785480447699e-16,-1.105493331004366e-11,-1.1054931392212065e-11,-1.1054932341865115e-11,-2.67233385166149e-19,-6.610490350930058e-16,-1.1054932083781034e-11,-1.1054931876502815e-11,-1.3438967212356776e-15,-3.3065241998233664e-19,-2.202319523345874e-08,-6.05552947455379e-16,-1.1054932348685817e-11,-1.157200509975196e-15,-1.1054932410407445e-11,-9.193419082640977e-16
1.0000081680451611,-9.404262377719691e-12,-9.404262654435635e-12,-9.18935373290475e-12,1.0000118433490481,-1.2255420344057241e-11,-8.718676096696391e-12,-9.404263739001169e-12,1.0000118229868329,1.0000119108970416,1.0000118327844982,1.0000120243807358,-2.2023199811397595e-08,1.0000094389350247,-9.189352900351249e-12,-9.404263646801886e-12,1.000011919546308,1.0000119021269567,1.0000118825758186,-1.3308483805299131e-11,1.000011477915733,1.0000119021269571,1.000011477915734,1.0000118825758184,1.0000118825758184,1.000011477915733,1.000011862736236,1.0000118825758189,-9.788646429445983e-12,-1.2356457658695888e-11,1.0000119108970416,-9.046787843601088e-12,1.0000119195463075,1.0000118275779728,1.0000118997983145,-9.182920874058124e-12,1.0000118950086365,1.0000118825758175,1.0000115480499985,-1.041919368585903e-11,-9.404263819293957e-12,1.0000115030326673,1.0000118950086372,1.0000115030326668,1.0000119108970416,1.0000118247202825,1.0000119108970404,-9.404263612558665e-12,1.000011477915734,1.000011794990345,1.0000119380858776,1.0000118327844962,1.0000119108970413,1.0000118825758189,1.0000119108970429,-2.120282203283196e-08,1.00001201042002,1.0000118275779724,1.0000119108970422,-1.4176709963810167e-11,-9.391524380496662e-12,1.0000118825758177,1.000011862736234,-3.758681066088327e-08,-9.18935273476957e-12,1.000011651419507,-9.337652277729587e-12,1.000011910897042,-1.548306568001421e-11,1.0000119108970422,-1.2405097478967832e-11
-2.8492756836574715e-07,7.432319205900317e-20,-3.1163669558943895e-19,-2.9894905609203463e-16,-9.189352390195278e-12,-4.66446839415011e-16,-9.860569077085237e-19,-3.3541978728439047e-19,-9.189352300899443e-12,-9.189352985628865e-12,-9.189352380436924e-12,-9.189353926232792e-12,-3.387057143113779e-19,-9.189352900351249e-12,-2.45241874712049e-06,-7.414932794831502e-21,-9.189353022933057e-12,-9.189352821018894e-12,-9.189352645008082e-12,-1.7262862972080887e-19,-9.189349713519786e-12,-9.18935280858865e-12,-9.189349658716463e-12,-9.18935266763104e-12,-9.189352678541973e-12,-9.189349655946371e-12,-9.189352584626715e-12,-9.189352715822474e-12,3.8265069640204783e-19,-4.3357821704708845e-19,-9.189352920915208e-12,3.5112724936989137e-19,-9.189352966111456e-12,-9.18935233066974e-12,-9.189352939722398e-12,-3.1059337689691087e-19,-9.189352885099641e-12,-9.189352731656188e-12,-1.8306661269396074e-08,-5.185682194812575e-20,-1.255296918642836e-19,-9.189349721397851e-12,-9.189352879603454e-12,-9.189349484272232e-12,-9.189352918261121e-12,-9.1893523257729e-12,-9.189352932943368e-12,-3.4307580000258333e-19,-9.189349619952715e-12,-9.189352106622991e-12,-9.189353159424386e-12,-9.189352400476994e-12,-9.189352988934851e-12,-9.189352798355713e-12,-9.18935295269227e-12,-4.489674589198264e-19,-9.189353861779037e-12,-9.18935236877066e-12,-9.189352918261121e-12,1.7397636461473153e-19,-2.046655368733154e-19,-9.189352662312014e-12,-9.189352606707597e-12,-4.146985789807273e-19,-2.9894921826706246e-16,-1.830666294817124e-08,-2.211815246136792e-19,-9.18935290864666e-12,-3.616123993005092e-19,-9.18935310727478e-12,-2.3756041581806856e-19
-2.853557018366435e-07,-4.941243324132293e-16,-4.941238827299063e-16,-6.823400083755115e-20,-9.40426316012776e-12,-3.1543558162154855e-19,-2.2796701524107377e-19,-4.941238631017371e-16,-9.404263053992688e-12,-9.404263714480275e-12,-9.40426312523375e-12,-9.404264727718117e-12,-6.028581658113553e-16,-9.404263646801886e-12,-7.414932794831502e-21,-2.4524187519296576e-06,-9.404263830570693e-12,-9.404263669086707e-12,-9.404263555990938e-12,-3.256795549362572e-19,-1.8734796340575176e-08,-9.4042637586969e-12,-1.8734796340575245e-08,-9.40426347766678e-12,-9.404263529622118e-12,-1.8734796340575093e-08,-9.404263360752881e-12,-9.404263557392688e-12,-6.690859693913855e-20,-7.108254284447152e-16,-9.404263764597828e-12,-4.181074772497641e-19,-9.404263831239313e-12,-9.40426299240285e-12,-9.404263625858505e-12,2.175163956644767e-19,-9.404263556465514e-12,-9.404263536218139e-12,-1.873479748649952e-08,-5.346210676776011e-16,-4.941238367823843e-16,-1.873479674805182e-08,-9.404263585631905e-12,-1.873479674805184e-08,-9.404263709392633e-12,-9.404263087245854e-12,-9.40426375245982e-12,-4.941238616834247e-16,-1.8734796340575186e-08,-9.404262811319882e-12,-9.404263980794668e-12,-9.404263162172368e-12,-9.404263701158945e-12,-9.404263556683487e-12,-9.404263747418593e-12,-5.847686274344529e-16,-9.40426455979016e-12,-9.404263086664115e-12,-9.404263778139176e-12,-3.336258168249464e-19,-5.425607957885977e-16,-9.40426352494661e-12,-9.404263392727795e-12,-1.1031959543363998e-15,-3.658822491542387e-20,-1.873479917646924e-08,-4.964211854000483e-16,-9.404263771154891e-12,-9.505574131495982e-16,-9.404263789702891e-12,-7.550882550120626e-16
1.0000081962377323,-9.404262653307937e-12,-9.404262916438576e-12,-9.189353796501862e-12,1.0000118715417108,-1.2255420637157234e-11,-8.718676360829573e-12,-9.404263900671485e-12,1.0000118511794964,1.0000119390897075,1.0000118609771618,1.0000120525734055,-1.1054932358752649e-11,1.000011919546308,-9.189353022933057e-12,-9.404263830570693e-12,1.000009495320354,1.0000119303196242,1.0000119107684842,-1.3308484110784657e-11,1.0000115061083883,1.0000119303196242,1.0000115061083894,1.0000119107684833,1.0000119107684844,1.0000115061083872,1.0000118909289004,1.0000119107684857,-9.788646646263275e-12,-1.2356458175748362e-11,1.0000119390897075,-9.046788432042634e-12,1.0000119477389737,1.0000118557706363,1.0000119279909792,-9.182921237573891e-12,1.0000119232013014,1.000011910768483,1.000011576242655,-1.0419193934284875e-11,-9.404264080628684e-12,1.0000115312253215,1.0000119232013016,1.0000115312253226,1.0000119390897064,1.0000118529129467,1.0000119390897073,-9.404263904653358e-12,1.0000115061083883,1.0000118231830073,1.000011966278544,1.00001186097716,1.0000119390897075,1.0000119107684842,1.000011939089708,-1.0643129457743359e-11,1.0000120386126872,1.0000118557706361,1.000011939089707,-1.4176710318617332e-11,-9.391524662913067e-12,1.0000119107684835,1.0000118909288986,-3.758681157847651e-08,-9.189352945250296e-12,1.0000116796121652,-9.337652507252421e-12,1.0000119390897073,-1.5483066548820375e-11,1.0000119390897075,-1.2405097789030677e-11
1.000008178818443,-9.404262598954718e-12,-9.404262834786872e-12,-9.189353802598426e-12,1.0000118541223606,-1.225542046050753e-11,-8.718676270966544e-12,-9.404263783476092e-12,1.0000118337601471,1.000011921670357,1.0000118435578136,1.000012035154053,-2.202320001755011e-08,1.0000119021269567,-9.189352821018894e-12,-9.404263669086707e-12,1.0000119303196242,1.0000094604816507,1.000011893349134,-1.3308483934004296e-11,1.0000114886890437,1.0000119129002725,1.000011488689045,1.0000118933491327,1.0000118933491338,1.0000114886890434,1.00001187350955,1.000011893349134,-9.788646322653281e-12,-1.235645788543925e-11,1.0000119216703571,-9.046788020983004e-12,1.000011930319624,1.0000118383512862,1.0000119105716292,-9.182921051781777e-12,1.0000119057819503,1.000011893349133,1.0000115588233114,-1.041919375621606e-11,-9.404263930271069e-12,1.0000115138059784,1.0000119057819516,1.000011513805978,1.0000119216703551,1.0000118354935976,1.0000119216703551,-9.404263724351059e-12,1.0000114886890454,1.0000118057636582,1.0000119488591912,1.000011843557812,1.000011921670356,1.0000118933491338,1.0000119216703578,-2.1202822231171296e-08,1.0000120211933365,1.000011838351286,1.0000119216703565,-1.4176709940349678e-11,-9.391524431169757e-12,1.0000118933491333,1.0000118735095491,-1.8867360423779252e-11,-9.189352764710159e-12,1.0000116621928186,-9.33765242048263e-12,1.0000119216703556,-1.5483065934487225e-11,1.0000119216703562,-1.240509755758624e-11
1.000008159267372,-9.404262319424588e-12,-9.404262589663546e-12,-9.189353488722511e-12,1.0000118345712223,-1.2255420224083366e-11,-8.718676148255991e-12,-9.40426360438754e-12,1.00001181420901,1.0000119021192169,1.0000118240066742,1.0000120156029106,-1.1054932088594248e-11,1.0000118825758186,-9.189352645008082e-12,-9.404263555990938e-12,1.0000119107684842,1.000011893349134,1.000009421379377,-1.3308483658293183e-11,1.0000114691379127,1.0000118933491329,1.0000114691379138,1.0000118737979937,1.000011873797995,1.000011469137912,1.0000118539584113,1.000011873797995,-9.78864619649583e-12,-2.4616047448400358e-08,1.0000119021192178,-9.046787780694198e-12,1.0000119107684837,1.0000118188001494,1.00001189102049,-9.182920743379596e-12,1.0000118862308116,1.000011873797994,1.000011539272179,-1.0419193493361807e-11,-9.404263745616389e-12,1.000011494254847,1.000011886230813,1.0000114942548475,1.0000119021192166,1.0000118159424591,1.0000119021192162,-9.404263544216022e-12,1.0000114691379132,1.000011786212521,1.0000119293080536,1.0000118240066727,1.0000119021192166,1.0000118737979946,1.000011902119217,-1.0643129078774759e-11,1.0000120016421936,1.0000118188001497,1.0000119021192162,-1.417670974407901e-11,-9.391524337932631e-12,1.0000118737979948,1.0000118539584104,-3.7586810386967164e-08,-9.189352544319013e-12,1.0000116426416856,-9.33765214899268e-12,1.0000119021192169,-3.084475224043573e-08,1.0000119021192169,-1.2405097452897747e-11
-2.931335021883244e-07,-3.665824637452889e-19,-1.9557583970234397e-19,-7.828545125918968e-20,-1.330848321145885e-11,-6.747428281871991e-16,2.6716505670979256e-19,-3.7240438294953023e-19,-2.6512635664284514e-08,-1.3308484088388487e-11,-2.65126358968019e-08,-1.3308485444865215e-11,-3.421685026269656e-19,-1.3308483805299131e-11,-1.7262862972080887e-19,-3.256795549362572e-19,-1.3308484110784657e-11,-1.3308483934004296e-11,-1.3308483658293183e-11,-2.452418749163388e-06,-2.651262756254968e-08,-1.3308483956964419e-11,-2.6512627562549667e-08,-1.330848364303638e-11,-1.3308483658636892e-11,-2.6512627562549594e-08,-1.3308483426835719e-11,-1.330848368398085e-11,-1.109560468941861e-18,-4.0061578814088356e-19,-1.3308483970796687e-11,3.4690740549761973e-19,-1.3308484113297336e-11,-2.651263577418828e-08,-1.3308483830240768e-11,-6.081080986297755e-19,-2.651263735597705e-08,-1.3308483667856858e-11,-2.6512629211383178e-08,-3.7979070650597886e-19,-2.134641293944729e-19,-1.3308479194159951e-11,-2.6512637355977336e-08,-1.3308479226115206e-11,-1.3308483976403302e-11,-2.651263570461525e-08,-1.3308483978472611e-11,-3.3746527942971553e-19,-2.6512627562549786e-08,-2.651263500671009e-08,-1.3308484251953038e-11,-2.651263589680197e-08,-1.3308484059558978e-11,-1.3308483646742184e-11,-1.330848397997415e-11,-4.912020753951142e-19,-1.3308484852967715e-11,-2.6512635774188322e-08,-1.3308484039933843e-11,-6.793037989109959e-16,-3.7101631725227125e-19,-1.330848367250411e-11,-1.3308483395241134e-11,-6.304774327180155e-19,-7.828545125918968e-20,-2.651263164283959e-08,-4.2350162073826897e-19,-1.3308484049376174e-11,-5.8828324135152075e-19,-1.3308484072927118e-11,-8.71910182304262e-16
1.0000077546086963,-1.8734793968847117e-08,-1.8734794488684078e-08,-9.189350548226674e-12,1.000011429911157,-2.4414756544632125e-08,-8.71867312416211e-12,-1.8734796489201103e-08,1.0000114095489512,1.000011497459125,1.0000114193466132,1.0000116109427721,-2.2023191910615558e-08,1.000011477915733,-9.189349713519786e-12,-1.8734796340575176e-08,1.0000115061083883,1.0000114886890437,1.0000114691379127,-2.651262756254968e-08,1.0000086120593665,1.0000114886890437,1.0000110644779954,1.000011469137912,1.000011469137912,1.0000110644779936,1.0000114492983379,1.0000114691379127,-9.788643330690667e-12,-2.461603884112287e-08,1.0000114974591245,-9.046784790307976e-12,1.0000115061083878,1.00001141414009,1.000011486360402,-9.18291770754706e-12,1.0000114815707242,1.0000114691379116,1.0000111346122318,-2.0756699308003807e-08,-1.8734796832053437e-08,1.0000110895949172,1.000011481570725,1.0000110895949181,1.000011497459124,1.0000114112824012,1.0000114974591234,-1.8734796470410242e-08,1.0000110644779954,1.0000113815524758,1.000011524647949,1.0000114193466116,1.0000114974591245,1.000011469137913,1.0000114974591257,-2.1202814431544617e-08,1.0000115969820613,1.0000114141400906,1.0000114974591243,-2.8242272762129316e-08,-1.8709417603488058e-08,1.0000114691379107,1.0000114492983365,-3.7586797264909113e-08,-9.189349472740706e-12,1.0000112379816957,-1.860209590746573e-08,1.0000114974591245,-3.0844741524460516e-08,1.000011497459125,-2.4712936707730733e-08
1.0000081788184414,-9.40426252595885e-12,-9.404262827595716e-12,-9.189353597854065e-12,1.000011854122359,-1.2255420430966247e-11,-8.7186762814263e-12,-9.404263889152751e-12,1.000011833760146,1.000011921670356,1.0000118435578127,1.0000120351540516,-2.202320001755011e-08,1.0000119021269571,-9.18935280858865e-12,-9.4042637586969e-12,1.0000119303196242,1.0000119129002725,1.0000118933491329,-1.3308483956964419e-11,1.0000114886890437,1.0000094604816523,1.000011488689044,1.0000118933491329,1.0000118933491335,1.000011488689043,1.0000118735095493,1.0000118933491329,-9.788646399405368e-12,-1.2356457862664084e-11,1.0000119216703556,-9.046787951926618e-12,1.0000119303196229,1.0000118383512866,1.000011910571629,-9.182920937038901e-12,1.0000119057819499,1.0000118933491329,1.0000115588233105,-1.0419193777820263e-11,-9.404264048844844e-12,1.0000115138059764,1.0000119057819499,1.0000115138059789,1.0000119216703551,1.0000118354935967,1.0000119216703542,-9.404263740529356e-12,1.0000114886890445,1.0000118057636587,1.000011948859191,1.00001184355781,1.0000119216703545,1.0000118933491329,1.0000119216703562,-2.1202822231171303e-08,1.0000120211933352,1.0000118383512873,1.0000119216703554,-1.417670993223532e-11,-9.391524427150385e-12,1.0000118933491322,1.0000118735095491,-1.8867360455043913e-11,-9.189352811963081e-12,1.0000116621928183,-9.337652385623946e-12,1.0000119216703547,-1.54830659240429e-11,1.0000119216703556,-1.2405097571382977e-11
1.0000077546086914,-1.8734793968847097e-08,-1.8734794488684078e-08,-9.189350589015682e-12,1.0000114299111573,-2.441475654463209e-08,-8.71867319895546e-12,-1.8734796489201112e-08,1.0000114095489518,1.0000114974591248,1.0000114193466147,1.0000116109427741,-2.2023191910615604e-08,1.000011477915734,-9.189349658716463e-12,-1.8734796340575245e-08,1.0000115061083894,1.000011488689045,1.0000114691379138,-2.6512627562549667e-08,1.0000110644779954,1.000011488689044,1.0000086120593732,1.0000114691379132,1.0000114691379134,1.0000110644779945,1.0000114492983398,1.0000114691379152,-9.788642805306008e-12,-2.461603884112282e-08,1.0000114974591257,-9.046784726212078e-12,1.0000115061083887,1.0000114141400915,1.0000114863604033,-9.182917585172212e-12,1.0000114815707257,1.000011469137913,1.000011134612232,-2.0756699308003763e-08,-1.8734796832053504e-08,1.000011089594918,1.0000114815707268,1.0000110895949195,1.0000114974591254,1.000011411282402,1.0000114974591245,-1.8734796470410093e-08,1.0000110644779958,1.0000113815524774,1.0000115246479493,1.000011419346613,1.0000114974591252,1.0000114691379138,1.0000114974591254,-2.1202814431544673e-08,1.000011596982063,1.0000114141400924,1.0000114974591254,-2.8242272762129504e-08,-1.8709417603488187e-08,1.0000114691379132,1.0000114492983379,-3.75867972649091e-08,-9.189349660585494e-12,1.0000112379816979,-1.8602095907465807e-08,1.0000114974591259,-3.084474152446029e-08,1.0000114974591254,-2.471293670773066e-08
1.0000081592673722,-9.404262325124751e-12,-9.40426254709718e-12,-9.189353559591133e-12,1.0000118345712232,-1.2255420246929422e-11,-8.71867615439512e-12,-9.404263589682672e-12,1.0000118142090095,1.000011902119217,1.0000118240066727,1.000012015602911,-1.1054932053392286e-11,1.0000118825758184,-9.18935266763104e-12,-9.40426347766678e-12,1.0000119107684833,1.0000118933491327,1.0000118737979937,-1.330848364303638e-11,1.000011469137912,1.0000118933491329,1.0000114691379132,1.0000094213793782,1.0000118737979948,1.0000114691379116,1.0000118539584115,1.0000118737979948,-9.788646483723554e-12,-2.4616047448400325e-08,1.0000119021192162,-9.046787778494332e-12,1.0000119107684833,1.0000118188001497,1.00001189102049,-9.18292098969475e-12,1.0000118862308118,1.0000118737979937,1.0000115392721787,-1.0419193542313787e-11,-9.404263799437689e-12,1.0000114942548477,1.0000118862308123,1.000011494254848,1.000011902119216,1.000011815942459,1.0000119021192158,-9.404263566793972e-12,1.0000114691379125,1.000011786212521,1.0000119293080532,1.0000118240066724,1.0000119021192162,1.000011873797994,1.0000119021192175,-1.064312903999871e-11,1.000012001642194,1.0000118188001503,1.0000119021192153,-1.4176709774481412e-11,-9.391524221396802e-12,1.0000118737979933,1.0000118539584086,-3.758681038696703e-08,-9.189352606703246e-12,1.0000116426416856,-9.337652168761552e-12,1.0000119021192169,-3.084475224043586e-08,1.0000119021192162,-1.2405097299036515e-11
1.0000081592673733,-9.404262334843826e-12,-9.404262557492291e-12,-9.189353579842047e-12,1.0000118345712226,-1.2255420263860973e-11,-8.718676135368222e-12,-9.404263580465487e-12,1.0000118142090104,1.0000119021192169,1.0000118240066749,1.0000120156029115,-1.105493201597635e-11,1.0000118825758184,-9.189352678541973e-12,-9.404263529622118e-12,1.0000119107684844,1.0000118933491338,1.000011873797995,-1.3308483658636892e-11,1.000011469137912,1.0000118933491335,1.0000114691379134,1.0000118737979948,1.0000094213793749,1.0000114691379114,1.0000118539584115,1.0000118737979962,-9.788646267261188e-12,-2.4616047448400136e-08,1.0000119021192182,-9.046787841511635e-12,1.0000119107684842,1.0000118188001497,1.0000118910204885,-9.182920748499286e-12,1.0000118862308123,1.0000118737979937,1.0000115392721785,-1.0419193573661971e-11,-9.404263761936914e-12,1.0000114942548468,1.000011886230812,1.0000114942548488,1.000011902119217,1.0000118159424598,1.000011902119217,-9.404263547658039e-12,1.0000114691379125,1.000011786212522,1.0000119293080534,1.000011824006673,1.0000119021192175,1.000011873797995,1.0000119021192186,-1.0643129096862307e-11,1.000012001642193,1.0000118188001494,1.0000119021192175,-1.4176709774125287e-11,-9.391524424040737e-12,1.0000118737979942,1.0000118539584106,-3.7586810386967376e-08,-9.189352509464142e-12,1.0000116426416852,-9.337652219146674e-12,1.0000119021192166,-3.0844752240435936e-08,1.000011902119217,-1.2405097282711167e-11
1.0000077546086918,-1.873479396884709e-08,-1.8734794488683988e-08,-9.189350570315988e-12,1.0000114299111562,-2.4414756544632145e-08,-8.718673173945114e-12,-1.8734796489201016e-08,1.0000114095489505,1.000011497459124,1.0000114193466128,1.0000116109427721,-2.2023191910615455e-08,1.000011477915733,-9.189349655946371e-12,-1.8734796340575093e-08,1.0000115061083872,1.0000114886890434,1.000011469137912,-2.6512627562549594e-08,1.0000110644779936,1.000011488689043,1.0000110644779945,1.0000114691379116,1.0000114691379114,1.000008612059366,1.0000114492983376,1.000011469137913,-9.788642938331318e-12,-2.461603884112269e-08,1.000011497459124,-9.046784613336046e-12,1.0000115061083878,1.000011414140089,1.000011486360401,-9.182917599199648e-12,1.0000114815707233,1.000011469137911,1.000011134612231,-2.0756699308003744e-08,-1.873479683205339e-08,1.0000110895949157,1.0000114815707242,1.0000110895949172,1.0000114974591232,1.000011411282401,1.0000114974591232,-1.8734796470410027e-08,1.0000110644779936,1.000011381552475,1.0000115246479473,1.0000114193466116,1.000011497459124,1.000011469137912,1.0000114974591252,-2.120281443154455e-08,1.0000115969820613,1.0000114141400904,1.0000114974591239,-2.8242272762129316e-08,-1.8709417603487982e-08,1.0000114691379112,1.0000114492983352,-3.758679726490901e-08,-9.18934928692912e-12,1.0000112379816957,-1.8602095907465645e-08,1.0000114974591239,-3.084474152446027e-08,1.0000114974591245,-2.4712936707730604e-08
