0.9999999984454153,5.199065871394025e-07,0.9999925360846409,0.9999925360846418,0.9999925360846398,5.107592679094616e-07,0.9999925360846411,0.9999925671746307,0.9999925360846411,0.9999925360846396,0.9999925360846404,5.092299124106055e-07,5.086461188714189e-07,5.105483501841191e-07,5.093482210817586e-07,5.086461198701104e-07,0.9999925360846404,5.033316693269044e-07,5.107592662604404e-07,0.9999925360846386,5.213455783023309e-07,5.116948938519988e-07,5.05043082287495e-07,5.132166736993939e-07,5.200740967045487e-07,5.107592675439407e-07,0.9999925360846424,0.9999923210395287,5.03331669346742e-07,5.03331669324062e-07,5.110939484236753e-07,5.143706307965168e-07,5.227993306200981e-07,0.999992395713233,5.093482217169993e-07,0.9999923957132341,5.033316684834145e-07,0.9999925360846404,0.9999925635122076,0.9999925360846411,0.9999925360846409,0.9999925360846422,0.9999923957132341,5.143222800629924e-07,5.07522406366432e-07,0.999992536084642,5.075224072312031e-07,0.9999925360846404,5.110645657297372e-07,5.078974735496835e-07,5.093482248453428e-07,0.9999925174401267,5.1169489428028e-07,5.105483499335827e-07,5.086461215702078e-07,0.9999925360846422,0.999992536084642,0.9999923957132345,0.9999925360846409,5.075224072375882e-07,0.9999925360846392
5.199065871394025e-07,1.8725413592462988e-06,3.042258702741686e-11,3.042258707129557e-11,3.042258702001099e-11,1.267198195029502e-18,3.0422586995397707e-11,3.0422587916986814e-11,3.0422586987952596e-11,3.0422586995531716e-11,3.042258694929288e-11,1.534760757144815e-15,7.260921390141658e-19,8.581901397349833e-19,9.393728243352398e-19,7.260921390141658e-19,3.042258694745301e-11,8.314103450084507e-19,8.94852974431809e-19,3.0422586995531716e-11,2.3379849806294835e-15,1.3257200452083727e-18,9.60188039646898e-19,1.7772221262974046e-15,2.1923970665623454e-15,1.2853162562611915e-18,3.042258694929288e-11,6.056330311154338e-08,8.3144241276854e-19,7.523360218763941e-19,1.2783659830726037e-18,9.65978631907362e-19,2.35793972441474e-15,6.056330726631364e-08,7.17500403893999e-19,6.056330726631388e-08,7.523360218763941e-19,3.042258697420549e-11,3.0422587765975507e-11,3.042258701043487e-11,3.042258699249529e-11,3.042258701043487e-11,6.056330726631391e-08,1.5515876130628608e-18,1.0720123595644416e-18,3.042258701043487e-11,7.353288390441219e-19,3.042258701043487e-11,1.83636140734712e-15,6.407913240597038e-19,6.910961898138668e-19,6.056331401734285e-08,1.3204131657309669e-18,8.581901397349833e-19,1.0208600356903295e-18,3.0422587020017574e-11,3.0422586995397707e-11,6.056330726631391e-08,3.0422586995397707e-11,1.0720123595644416e-18,3.042258694790033e-11
0.9999925360846409,3.042258702741686e-11,0.9999910060468913,0.9999891335056519,0.9999891335056513,2.58276562863941e-11,0.9999891335056524,0.9999891645955512,0.9999891335056523,0.9999891335056537,0.9999891335056535,2.5059420198890618e-11,2.4766166652194266e-11,2.572170767580435e-11,2.5118852768429298e-11,2.4766167313822278e-11,0.9999891335056531,2.2096586220884133e-11,2.5827654610586583e-11,0.9999891335056524,3.114542792491165e-11,2.6297645800922475e-11,2.295626993082707e-11,2.706207231254573e-11,3.05067298115477e-11,2.5827655536609444e-11,0.9999891335056535,0.9999889184611899,2.209658597090977e-11,2.2096585517665973e-11,2.5995774482136205e-11,2.7641736733707764e-11,3.187568629106993e-11,0.9999889931346675,2.5118853088090208e-11,0.9999889931346692,2.2096585301307595e-11,0.9999891335056533,0.9999891609331388,0.9999891335056523,0.9999891335056523,0.9999891335056554,0.9999889931346687,2.7617448140867554e-11,2.42016975815191e-11,0.9999891335056523,2.420169812820958e-11,0.9999891335056524,2.5981015278369717e-11,2.4390105168133108e-11,2.5118853765191384e-11,0.9999891148611981,2.6297644529818235e-11,2.5721707745135343e-11,2.4766167444292016e-11,0.9999891335056554,0.9999891335056523,0.9999889931346692,0.9999891335056523,2.420169801361175e-11,0.9999891335056529
0.9999925360846418,3.042258707129557e-11,0.9999891335056519,0.9999910060468862,0.9999891335056522,2.582765629024481e-11,0.9999891335056528,0.99998916459555,0.999989133505652,0.9999891335056535,0.9999891335056528,2.5059420159251112e-11,2.4766166612999624e-11,2.5721707695957998e-11,2.5118852749486164e-11,2.4766167251329736e-11,0.9999891335056523,2.2096586149016058e-11,2.5827654593126022e-11,0.9999891335056529,3.114542794726244e-11,2.6297645872717484e-11,2.2956269898880524e-11,2.7062072303731908e-11,3.050672981195936e-11,2.5827655487328142e-11,0.9999891335056528,0.9999889184611903,2.2096585970951314e-11,2.209658544259475e-11,2.5995774493527432e-11,2.7641736652774697e-11,3.1875686344470185e-11,0.9999889931346666,2.5118853139007398e-11,0.9999889931346682,2.209658529243874e-11,0.9999891335056531,0.9999891609331371,0.9999891335056513,0.9999891335056528,0.9999891335056535,0.9999889931346677,2.7617448154747686e-11,2.4201697667344782e-11,0.9999891335056524,2.4201698081515976e-11,0.9999891335056528,2.5981015261015784e-11,2.4390105287323207e-11,2.5118853811332278e-11,0.9999891148611967,2.629764457115119e-11,2.5721707771135545e-11,2.476616743274327e-11,0.9999891335056538,0.9999891335056524,0.9999889931346687,0.9999891335056518,2.4201698017613027e-11,0.9999891335056518
0.9999925360846398,3.042258702001099e-11,0.9999891335056513,0.9999891335056522,0.9999910060468866,2.5827656320715272e-11,0.9999891335056523,0.9999891645955487,0.9999891335056512,0.9999891335056538,0.999989133505652,2.5059420165459865e-11,2.4766166599397602e-11,2.5721707673250504e-11,2.5118852764577586e-11,2.4766167313822278e-11,0.9999891335056518,2.209658623432654e-11,2.582765462991269e-11,0.9999891335056523,3.1145427842138165e-11,2.6297645858016746e-11,2.295626989926917e-11,2.7062072320723762e-11,3.0506729808617043e-11,2.582765549539252e-11,0.9999891335056522,0.9999889184611889,2.2096586008353167e-11,2.2096585527619787e-11,2.59957745138327e-11,2.7641736652774697e-11,3.187568634383786e-11,0.9999889931346664,2.5118853088090208e-11,0.9999889931346672,2.209658529243874e-11,0.9999891335056523,0.999989160933137,0.9999891335056503,0.9999891335056524,0.9999891335056524,0.999988993134667,2.7617448172737614e-11,2.4201697667344782e-11,0.9999891335056513,2.420169814101774e-11,0.9999891335056524,2.5981015257890295e-11,2.4390105237415213e-11,2.5118853767366698e-11,0.9999891148611965,2.6297644564960784e-11,2.5721707749967147e-11,2.4766167483683655e-11,0.9999891335056533,0.9999891335056512,0.9999889931346675,0.9999891335056516,2.4201698030738958e-11,0.9999891335056516
5.107592679094616e-07,1.267198195029502e-18,2.58276562863941e-11,2.582765629024481e-11,2.5827656320715272e-11,1.8725413616657855e-06,2.5827656270580346e-11,2.5827657052923417e-11,2.582765629024481e-11,2.5827656260988877e-11,2.5827656317668918e-11,7.990192927009838e-19,8.23608896657561e-19,4.84992927276163e-19,5.403542340803961e-19,8.73228372730403e-19,2.58276562947454e-11,4.848268940093464e-19,1.6752627235601334e-15,2.582765626153393e-11,9.072515806936763e-19,9.951507721413435e-19,9.191392473953131e-19,7.890075472035275e-19,7.114260635640151e-19,1.6752629772886448e-15,2.5827656264785368e-11,5.1416014643803134e-08,4.848268940013138e-19,5.304779721970863e-19,8.27599680748419e-19,8.06120275989149e-19,7.827691902998192e-19,2.582765296880968e-11,1.1480431687337787e-18,2.582765295427339e-11,5.992726113401117e-19,2.582765628039757e-11,2.5827656988977548e-11,2.5827656292079507e-11,2.582765625080454e-11,2.58276562947454e-11,2.582765296709074e-11,6.899483133456108e-19,9.11203399822423e-19,2.5827656301508235e-11,6.658041245276064e-19,2.5827656317668918e-11,6.993346199115847e-19,8.049271425492212e-19,1.0352211612713938e-18,2.5827655851289492e-11,9.951507721413435e-19,5.917664481164739e-19,5.053630787233151e-19,2.5827656292079507e-11,2.5827656317668918e-11,2.582765296709074e-11,2.5827656260988877e-11,9.432374896403064e-19,2.5827656317668918e-11
0.9999925360846411,3.0422586995397707e-11,0.9999891335056524,0.9999891335056528,0.9999891335056523,2.5827656270580346e-11,0.9999910060468903,0.9999891645955495,0.9999891335056535,0.9999891335056544,0.9999891335056531,2.5059420165459865e-11,2.4766166599397602e-11,2.5721707661098158e-11,2.5118852749486164e-11,2.476616723513559e-11,0.9999891335056528,2.2096586149016058e-11,2.582765460445522e-11,0.9999891335056538,3.114542792152869e-11,2.6297645846670144e-11,2.2956269922725966e-11,2.706207230379337e-11,3.050672981195936e-11,2.582765545977101e-11,0.9999891335056531,0.9999889184611912,2.2096585932451023e-11,2.2096585477294454e-11,2.599577456580653e-11,2.764173670423579e-11,3.187568635834868e-11,0.9999889931346677,2.5118853196979133e-11,0.9999889931346689,2.209658529243874e-11,0.9999891335056538,0.9999891609331383,0.9999891335056524,0.999989133505654,0.9999891335056553,0.9999889931346692,2.7617448154747686e-11,2.420169769510829e-11,0.9999891335056529,2.4201698083369995e-11,0.9999891335056538,2.598101526298892e-11,2.4390105257604388e-11,2.511885378146712e-11,0.9999891148611979,2.6297644583396094e-11,2.5721707749967147e-11,2.476616743428923e-11,0.9999891335056547,0.9999891335056529,0.9999889931346687,0.9999891335056531,2.4201697995698815e-11,0.9999891335056532
0.9999925671746307,3.0422587916986814e-11,0.9999891645955512,0.99998916459555,0.9999891645955487,2.5827657052923417e-11,0.9999891645955495,0.9999910682266799,0.9999891645955498,0.9999891645955516,0.9999891645955509,2.5059420776687188e-11,2.4766167272279584e-11,2.5721708398198653e-11,2.5118853519745457e-11,2.476616795672799e-11,0.9999891645955509,2.2096586832505872e-11,2.5827655387676418e-11,0.9999891645955504,3.1145428762569885e-11,2.6297646598758167e-11,2.2956270590233097e-11,2.7062072957019837e-11,3.050673074441403e-11,2.5827656198820767e-11,0.9999891645955508,0.9999889495510805,2.2096586621978635e-11,2.2096586102801735e-11,2.5995775234506926e-11,2.7641737350238678e-11,3.18756872466739e-11,0.9999890242245606,2.5118853843077883e-11,0.9999890242245616,2.2096585898949952e-11,0.9999891645955509,0.9999891920230353,0.9999891645955498,0.9999891645955504,0.9999891645955518,0.9999890242245619,2.761744892321236e-11,2.4201698384136504e-11,0.9999891645955502,2.420169876276387e-11,0.9999891645955503,5.1721323216870244e-08,2.4390105858289533e-11,2.511885449447393e-11,0.9999891459510939,2.6297645315299626e-11,2.572170853708211e-11,2.4766168162946878e-11,0.999989164595552,0.99998916459555,0.9999890242245616,0.99998916459555,2.420169871783005e-11,0.99998916459555
0.9999925360846411,3.0422586987952596e-11,0.9999891335056523,0.999989133505652,0.9999891335056512,2.582765629024481e-11,0.9999891335056535,0.9999891645955498,0.9999910060468897,0.9999891335056538,0.9999891335056523,2.5059420159251112e-11,2.4766166675411603e-11,2.5721707660064825e-11,2.5118852693560938e-11,2.4766167283157016e-11,0.999989133505652,2.2096586149016058e-11,2.582765460876314e-11,0.9999891335056533,3.114542788534925e-11,2.629764581838713e-11,2.2956269926536254e-11,2.7062072287603492e-11,3.0506729811885234e-11,2.582765550173786e-11,0.9999891335056524,0.9999889184611899,2.209658595314722e-11,2.2096585499206255e-11,2.5995774569123624e-11,2.7641736733707764e-11,3.187568631311458e-11,0.9999889931346682,2.511885314665796e-11,0.9999889931346685,2.2096585269283695e-11,0.9999891335056532,0.9999891609331379,0.9999891335056518,0.9999891335056523,0.999989133505654,0.9999889931346682,2.7617448172591084e-11,2.4201697667344782e-11,0.9999891335056524,2.4201698081515976e-11,0.9999891335056524,2.5981015260031736e-11,2.4390105237415213e-11,2.5118853811332278e-11,0.9999891148611975,2.6297644555881963e-11,2.5721707792063877e-11,2.476616743428923e-11,0.9999891335056545,0.999989133505652,0.9999889931346683,0.9999891335056513,2.420169803073894e-11,0.9999891335056514
0.9999925360846396,3.0422586995531716e-11,0.9999891335056537,0.9999891335056535,0.9999891335056538,2.5827656260988877e-11,0.9999891335056544,0.9999891645955516,0.9999891335056538,0.9999910060468914,0.999989133505654,2.505942016996675e-11,2.4766166638528205e-11,2.5721707653925943e-11,2.511885278281623e-11,2.4766167254659742e-11,0.999989133505654,2.2096586149016058e-11,2.5827654573436603e-11,0.9999891335056547,3.114542791397896e-11,2.6297645879746932e-11,2.2956269918002577e-11,2.7062072366674262e-11,3.05067298329519e-11,2.582765546653557e-11,0.9999891335056542,0.9999889184611921,2.209658596336149e-11,2.209658544259475e-11,2.5995774569123624e-11,2.7641736675113504e-11,3.187568631104367e-11,0.9999889931346679,2.5118853139090168e-11,0.9999889931346699,2.2096585224173494e-11,0.9999891335056531,0.9999891609331388,0.9999891335056537,0.9999891335056542,0.999989133505655,0.9999889931346695,2.7617448154747686e-11,2.42016975815191e-11,0.9999891335056537,2.4201698081515976e-11,0.999989133505655,2.598101528501812e-11,2.4390105254645886e-11,2.5118853817384442e-11,0.9999891148611982,2.629764457960591e-11,2.5721707745135343e-11,2.476616743274327e-11,0.9999891335056551,0.9999891335056538,0.9999889931346698,0.9999891335056538,2.420169803073894e-11,0.9999891335056531
0.9999925360846404,3.042258694929288e-11,0.9999891335056535,0.9999891335056528,0.999989133505652,2.5827656317668918e-11,0.9999891335056531,0.9999891645955509,0.9999891335056523,0.999989133505654,0.9999910060468868,2.50594201597044e-11,2.4766166665223255e-11,2.572170767580435e-11,2.5118852693560938e-11,2.4766167234760145e-11,0.9999891335056533,2.2096586149016058e-11,2.5827654573436603e-11,0.9999891335056538,3.1145427847608833e-11,2.6297645872717484e-11,2.295626989926917e-11,2.7062072291741305e-11,3.050672978913674e-11,2.5827655509945403e-11,0.999989133505654,0.9999889184611912,2.2096585943671766e-11,2.2096585499206255e-11,2.5995774498047603e-11,2.7641736652774697e-11,3.1875686298451846e-11,0.9999889931346677,2.5118853114514984e-11,0.9999889931346689,2.2096585321384722e-11,0.9999891335056531,0.9999891609331383,0.9999891335056532,0.9999891335056531,0.999989133505655,0.9999889931346687,2.7617448140867554e-11,2.420169769510829e-11,0.9999891335056528,2.4201698083369995e-11,0.999989133505654,2.5981015289238404e-11,2.4390105194615224e-11,2.5118853765899182e-11,0.9999891148611979,2.6297644572176604e-11,2.5721707767943097e-11,2.476616743274327e-11,0.9999891335056554,0.9999891335056531,0.9999889931346689,0.9999891335056532,2.4201698019045196e-11,0.9999891335056528
5.092299124106055e-07,1.534760757144815e-15,2.5059420198890618e-11,2.5059420159251112e-11,2.5059420165459865e-11,7.990192927009838e-19,2.5059420165459865e-11,2.5059420776687188e-11,2.5059420159251112e-11,2.505942016996675e-11,2.50594201597044e-11,1.8725413601873556e-06,1.2601265280400428e-15,1.3552317846814688e-15,6.308243607602776e-19,1.260126691626926e-15,2.5059420193332326e-11,9.953383386358522e-16,6.937952901040818e-19,2.5059420174587758e-11,1.6751281869542258e-15,1.4123152320805186e-15,1.0812390122514924e-15,1.2013128162907367e-15,1.5431504882084465e-15,7.220128971420943e-19,2.505942016290546e-11,4.988665967190887e-08,9.953383060747692e-16,9.953381215617064e-16,6.308671458629161e-19,1.545543834642629e-15,1.6795476146107053e-15,4.988666302968197e-08,6.675395496127125e-19,4.988666302968203e-08,9.953380823397444e-16,2.5059420185930562e-11,2.505942075697273e-11,2.5059420215557904e-11,2.5059420185930562e-11,2.5059420163003407e-11,4.988666302968197e-08,1.5435473352246351e-15,1.2054082448634662e-15,2.5059420163003407e-11,1.205408378755716e-15,2.5059420165459865e-11,1.2834310960213597e-15,1.2223884108066353e-15,5.673609629306969e-19,4.988666848155039e-08,1.4123148620649095e-15,1.3552317796318686e-15,1.2601267653077757e-15,2.5059420193755714e-11,2.5059420215557904e-11,4.988666302968209e-08,2.5059420201135044e-11,1.2054083157048797e-15,2.5059420159251112e-11
5.086461188714189e-07,7.260921390141658e-19,2.4766166652194266e-11,2.4766166612999624e-11,2.4766166599397602e-11,8.23608896657561e-19,2.4766166599397602e-11,2.4766167272279584e-11,2.4766166675411603e-11,2.4766166638528205e-11,2.4766166665223255e-11,1.2601265280400428e-15,1.8725413603515057e-06,9.186261394621583e-19,8.558695574120562e-19,1.4635645691102566e-15,2.4766166652194266e-11,5.9737904661951e-19,8.73228372730403e-19,2.476616664133252e-11,7.903825018282969e-19,9.83846787580877e-19,5.579952856638561e-19,1.4575031837083522e-15,8.432111286736077e-19,8.23608896657561e-19,2.4766166688637695e-11,4.930287011181003e-08,5.614314709357806e-19,5.702920321043166e-19,6.394040241404168e-19,9.891919863624742e-19,1.0852601440107918e-18,2.4766163440647688e-11,6.784354397319061e-19,2.476616344206328e-11,5.0870082562306345e-19,2.4766166599397602e-11,2.4766167228207372e-11,2.4766166639469817e-11,2.4766166599397602e-11,2.4766166688637695e-11,2.4766163443335822e-11,1.044526950093253e-18,6.302377347230207e-19,2.4766166652194266e-11,7.14743072604933e-19,2.4766166678629013e-11,1.504283811901595e-15,1.426327240540439e-15,8.231249864066785e-19,2.4766166202388784e-11,8.420556660966489e-19,7.787549669470619e-19,1.4635646320423936e-15,2.4766166652194266e-11,2.4766166675271975e-11,2.476616343845056e-11,2.4766166599397602e-11,7.877488627574371e-19,2.4766166658736443e-11
5.105483501841191e-07,8.581901397349833e-19,2.572170767580435e-11,2.5721707695957998e-11,2.5721707673250504e-11,4.84992927276163e-19,2.5721707661098158e-11,2.5721708398198653e-11,2.5721707660064825e-11,2.5721707653925943e-11,2.572170767580435e-11,1.3552317846814688e-15,9.186261394621583e-19,1.8725413611602373e-06,9.37572632416468e-19,7.787549669470619e-19,2.5721707705666226e-11,1.285592523077374e-15,4.84992927276163e-19,2.5721707666196744e-11,1.4754739230083876e-18,1.141796098687047e-18,1.373680284772343e-15,1.0514946651830862e-18,8.678863900983753e-19,7.04128756482198e-19,2.57217076655551e-11,5.1205099022717446e-08,1.2855924930272476e-15,1.2855923358904092e-15,7.275718931866771e-19,6.130128470703705e-19,1.164133628934502e-18,2.5721704353372496e-11,8.594027590546827e-19,2.5721704331034758e-11,1.285592301387745e-15,2.5721707705666226e-11,2.5721708292430173e-11,2.5721707653925943e-11,2.5721707673250504e-11,2.5721707656294532e-11,2.5721704353372496e-11,8.247729676644511e-19,4.467267392815313e-19,2.5721707661098158e-11,4.467267392815313e-19,2.572170770877829e-11,7.600787837197821e-19,7.620853504539521e-19,9.37572632416468e-19,2.572170722045728e-11,1.1417960986403559e-18,1.6551564258215431e-15,9.08377698184468e-19,2.5721707656294532e-11,2.572170769427732e-11,2.5721704340241617e-11,2.5721707695957998e-11,4.467267392815313e-19,2.5721707666196744e-11
5.093482210817586e-07,9.393728243352398e-19,2.5118852768429298e-11,2.5118852749486164e-11,2.5118852764577586e-11,5.403542340803961e-19,2.5118852749486164e-11,2.5118853519745457e-11,2.5118852693560938e-11,2.511885278281623e-11,2.5118852693560938e-11,6.308243607602776e-19,8.558695574120562e-19,9.37572632416468e-19,1.8725413553034661e-06,8.558695574120562e-19,2.511885274686973e-11,6.957404998935525e-19,1.148043168673927e-18,2.5118852764325635e-11,1.1255931331081983e-18,9.265296968007062e-19,6.271732850113842e-19,7.46259526923242e-19,1.2884707904666643e-18,5.403542340777842e-19,2.5118852775875406e-11,5.000497474050238e-08,5.554309188093758e-19,7.18760493403406e-19,1.5812126032448244e-15,6.29479816195934e-19,1.0532791419033881e-18,2.5118849542051094e-11,1.5325028072257015e-15,2.511884954454818e-11,6.29129305718151e-19,2.5118852749486164e-11,2.5118853376924776e-11,2.511885277439805e-11,2.5118852749486164e-11,2.5118852763346157e-11,2.511884954908387e-11,7.743292132250676e-19,6.983076004170871e-19,2.5118852748436307e-11,6.481067422540884e-19,2.5118852763346157e-11,6.954923209946591e-19,8.011633984855257e-19,1.5325029576165303e-15,2.5118852349593422e-11,8.80450086628194e-19,5.634510400409974e-19,6.784354397319061e-19,2.5118852748436317e-11,2.511885276617029e-11,2.5118849547252542e-11,2.5118852693560848e-11,6.983076004170871e-19,2.5118852749486164e-11
5.086461198701104e-07,7.260921390141658e-19,2.4766167313822278e-11,2.4766167251329736e-11,2.4766167313822278e-11,8.73228372730403e-19,2.476616723513559e-11,2.476616795672799e-11,2.4766167283157016e-11,2.4766167254659742e-11,2.4766167234760145e-11,1.260126691626926e-15,1.4635645691102566e-15,7.787549669470619e-19,8.558695574120562e-19,1.8725413603515057e-06,2.476616725590266e-11,5.0870082562306345e-19,8.23608896657561e-19,2.4766167254659742e-11,9.46763573888817e-19,7.119433382780536e-19,6.499939144555642e-19,1.4575033501066849e-15,8.432111286736077e-19,8.73228372730403e-19,2.4766167240235742e-11,4.930287143465736e-08,5.614314709357806e-19,5.70377021129109e-19,7.199165169687401e-19,9.426952205313407e-19,1.2482904963993684e-18,2.4766164105206605e-11,8.558695574120562e-19,2.476616410857616e-11,6.299638433126197e-19,2.4766167254659742e-11,2.4766167870444552e-11,2.4766167251406512e-11,2.4766167254659742e-11,2.4766167294634444e-11,2.4766164106766484e-11,1.044526950093253e-18,6.032647604077884e-19,2.476616725590266e-11,6.302377347230207e-19,2.4766167254659742e-11,1.5042839602798545e-15,1.42632737853477e-15,8.558695574120562e-19,2.4766166828423198e-11,7.119433382780536e-19,8.764386840209866e-19,1.4635647705393223e-15,2.4766167320834986e-11,2.4766167240235742e-11,2.4766164104346086e-11,2.4766167313822278e-11,7.877488627574371e-19,2.4766167234760145e-11
0.9999925360846404,3.042258694745301e-11,0.9999891335056531,0.9999891335056523,0.9999891335056518,2.58276562947454e-11,0.9999891335056528,0.9999891645955509,0.999989133505652,0.999989133505654,0.9999891335056533,2.5059420193332326e-11,2.4766166652194266e-11,2.5721707705666226e-11,2.511885274686973e-11,2.476616725590266e-11,0.9999910060468858,2.2096586198436942e-11,2.582765458280475e-11,0.9999891335056535,3.114542789844831e-11,2.629764587296322e-11,2.295626992530619e-11,2.7062072289586428e-11,3.050672985002575e-11,2.5827655491883885e-11,0.9999891335056535,0.9999889184611904,2.2096586008353167e-11,2.209658544259475e-11,2.5995774553420966e-11,2.7641736675113504e-11,3.187568631077198e-11,0.9999889931346672,2.5118853114514984e-11,0.9999889931346687,2.2096585277823116e-11,0.9999891335056527,0.9999891609331382,0.9999891335056528,0.9999891335056523,0.9999891335056542,0.9999889931346682,2.7617448152968553e-11,2.420169760153489e-11,0.9999891335056532,2.4201698083369995e-11,0.9999891335056533,2.5981015262989272e-11,2.4390105254420938e-11,2.511885378146712e-11,0.9999891148611979,2.629764457960591e-11,2.572170779196793e-11,2.4766167389300134e-11,0.9999891335056547,0.9999891335056524,0.9999889931346687,0.9999891335056528,2.4201698030738958e-11,0.9999891335056523
5.033316693269044e-07,8.314103450084507e-19,2.2096586220884133e-11,2.2096586149016058e-11,2.209658623432654e-11,4.848268940093464e-19,2.2096586149016058e-11,2.2096586832505872e-11,2.2096586149016058e-11,2.2096586149016058e-11,2.2096586149016058e-11,9.953383386358522e-16,5.9737904661951e-19,1.285592523077374e-15,6.957404998935525e-19,5.0870082562306345e-19,2.2096586198436942e-11,1.872541357119691e-06,4.413654893469722e-19,2.2096586220884133e-11,7.720929183604003e-19,1.3359428768577198e-15,1.04391056139092e-15,1.1714922414511682e-15,7.207882290091521e-19,4.848269429390477e-19,2.2096586220884133e-11,4.3988443144587606e-08,9.681942931041176e-16,9.681941414982402e-16,6.077669563764388e-19,7.609855958783415e-19,1.006825467695164e-18,2.20965834073614e-11,6.541777320013636e-19,2.209658335100783e-11,9.68194108906088e-16,2.2096586149016058e-11,2.209658670250911e-11,2.209658622091833e-11,2.2096586149016058e-11,2.209658622091833e-11,2.2096583356062998e-11,8.406320821922024e-19,1.153378753565064e-15,2.2096586220884133e-11,1.1533788627741945e-15,2.2096586219122807e-11,6.76836408523738e-19,5.578442763875253e-19,6.4553717804101e-19,2.2096585801499788e-11,1.3359425711384315e-15,1.285592520707217e-15,5.0870082562306345e-19,2.2096586198436942e-11,2.209658623432654e-11,2.2096583358710303e-11,2.209658622091833e-11,1.1533788132311347e-15,2.209658623202149e-11
5.107592662604404e-07,8.94852974431809e-19,2.5827654610586583e-11,2.5827654593126022e-11,2.582765462991269e-11,1.6752627235601334e-15,2.582765460445522e-11,2.5827655387676418e-11,2.582765460876314e-11,2.5827654573436603e-11,2.5827654573436603e-11,6.937952901040818e-19,8.73228372730403e-19,4.84992927276163e-19,1.148043168673927e-18,8.23608896657561e-19,2.582765458280475e-11,4.413654893469722e-19,1.8725413616657855e-06,2.5827654572894784e-11,1.1906807209938598e-18,9.951507721413435e-19,9.191392473953131e-19,7.883347370576227e-19,7.114260635640151e-19,1.6752625805077245e-15,2.582765462991269e-11,5.141601126811184e-08,5.749474264551293e-19,4.848268940093464e-19,9.814655407286906e-19,1.1174399369038967e-18,6.046066247980475e-19,2.582765127837541e-11,5.403542340803961e-19,2.582765126390353e-11,4.2271736808266343e-19,2.582765459356373e-11,2.5827655281876356e-11,2.582765458280475e-11,2.5827654593126022e-11,2.5827654610586583e-11,2.5827651304723325e-11,4.345411686082285e-19,7.49696587452668e-19,2.5827654596775007e-11,6.658041245276064e-19,2.582765460867147e-11,8.467077881574126e-19,7.972544740473364e-19,1.0352211612713938e-18,2.5827654171831543e-11,9.951507721413435e-19,7.041287478545659e-19,5.053630787233151e-19,2.5827654600358227e-11,2.5827654593126022e-11,2.582765127502836e-11,2.582765460876314e-11,9.432374896313004e-19,2.582765460867147e-11
0.9999925360846386,3.0422586995531716e-11,0.9999891335056524,0.9999891335056529,0.9999891335056523,2.582765626153393e-11,0.9999891335056538,0.9999891645955504,0.9999891335056533,0.9999891335056547,0.9999891335056538,2.5059420174587758e-11,2.476616664133252e-11,2.5721707666196744e-11,2.5118852764325635e-11,2.4766167254659742e-11,0.9999891335056535,2.2096586220884133e-11,2.5827654572894784e-11,0.9999910060468863,3.114542788943027e-11,2.6297645809559604e-11,2.2956269920838014e-11,2.7062072295210982e-11,3.050672978913674e-11,2.5827655483442933e-11,0.999989133505654,0.9999889184611904,2.209658604351694e-11,2.2096585469249296e-11,2.599577456580653e-11,2.764173670423579e-11,3.1875686310314424e-11,0.9999889931346675,2.5118853127389094e-11,0.9999889931346696,2.2096585224173494e-11,0.9999891335056538,0.9999891609331388,0.9999891335056527,0.9999891335056537,0.9999891335056558,0.9999889931346699,2.7617448172591084e-11,2.420169769510829e-11,0.9999891335056528,2.4201698081515976e-11,0.9999891335056535,2.5981015287206577e-11,2.4390105254645886e-11,2.511885380453587e-11,0.9999891148611972,2.6297644572176604e-11,2.572170777607305e-11,2.4766167483683733e-11,0.9999891335056554,0.9999891335056531,0.9999889931346696,0.9999891335056527,2.4201697995698815e-11,0.9999891335056531
5.213455783023309e-07,2.3379849806294835e-15,3.114542792491165e-11,3.114542794726244e-11,3.1145427842138165e-11,9.072515806936763e-19,3.114542792152869e-11,3.1145428762569885e-11,3.114542788534925e-11,3.114542791397896e-11,3.1145427847608833e-11,1.6751281869542258e-15,7.903825018282969e-19,1.4754739230083876e-18,1.1255931331081983e-18,9.46763573888817e-19,3.114542789844831e-11,7.720929183604003e-19,1.1906807209938598e-18,3.114542788943027e-11,1.8725413626606404e-06,1.1800160597051573e-18,7.421945919894188e-19,6.774636704067343e-19,2.3484068800139388e-15,1.1906807209938598e-18,3.114542788534925e-11,6.200228778655181e-08,8.456362577700221e-19,8.301655309492506e-19,1.369753361390277e-18,1.316246061416777e-18,1.9239718058323985e-18,6.200229206556954e-08,1.3763270942008889e-18,6.200229206556968e-08,7.720929181157789e-19,3.114542794726244e-11,3.114542869653788e-11,3.114542787993296e-11,3.114542784259321e-11,3.114542791397896e-11,6.20022920655695e-08,7.779502343841363e-19,8.46526190914429e-19,3.114542788297549e-11,9.829958910487257e-19,3.11454279246936e-11,1.0426538217579311e-18,1.2600809012176572e-18,6.2303255933424155e-19,3.114542790072791e-11,5.012852008025191e-19,8.409086293586718e-19,7.903825018282969e-19,3.114542785825113e-11,3.1145427900419695e-11,6.200229206556968e-08,3.114542788534925e-11,9.191336987000705e-19,3.114542795932336e-11
5.116948938519988e-07,1.3257200452083727e-18,2.6297645800922475e-11,2.6297645872717484e-11,2.6297645858016746e-11,9.951507721413435e-19,2.6297645846670144e-11,2.6297646598758167e-11,2.629764581838713e-11,2.6297645879746932e-11,2.6297645872717484e-11,1.4123152320805186e-15,9.83846787580877e-19,1.141796098687047e-18,9.265296968007062e-19,7.119433382780536e-19,2.629764587296322e-11,1.3359428768577198e-15,9.951507721413435e-19,2.6297645809559604e-11,1.1800160597051573e-18,1.8725413598711148e-06,1.3382120842757214e-18,8.646486049000518e-19,8.799095917216003e-19,1.228072945671662e-18,2.629764580450091e-11,5.2351639215030145e-08,1.3359428464095543e-15,1.335942688387054e-15,4.403959938549808e-19,1.249397187253787e-18,1.062146203593148e-18,2.6297642412468302e-11,8.804464177337603e-19,2.6297642414042352e-11,1.335942653580675e-15,2.6297645810965436e-11,2.6297646434927292e-11,2.629764587296322e-11,2.629764587566396e-11,2.6297645846670144e-11,2.6297642399645978e-11,6.564150975070863e-19,7.025347596029709e-19,2.629764582719962e-11,6.577149110081255e-19,2.6297645857730047e-11,7.892168943163337e-19,6.545075098619908e-19,8.80450086628194e-19,2.6297645354181374e-11,1.7737490543077196e-15,1.141796098687047e-18,7.119433382780536e-19,2.629764586520569e-11,2.6297645879746932e-11,2.6297642420873164e-11,2.6297645879746932e-11,7.025347596029709e-19,2.6297645869383106e-11
5.05043082287495e-07,9.60188039646898e-19,2.295626993082707e-11,2.2956269898880524e-11,2.295626989926917e-11,9.191392473953131e-19,2.2956269922725966e-11,2.2956270590233097e-11,2.2956269926536254e-11,2.2956269918002577e-11,2.295626989926917e-11,1.0812390122514924e-15,5.579952856638561e-19,1.373680284772343e-15,6.271732850113842e-19,6.499939144555642e-19,2.295626992530619e-11,1.04391056139092e-15,9.191392473953131e-19,2.2956269920838014e-11,7.421945919894188e-19,1.3382120842757214e-18,1.8725413586850072e-06,1.2642272618626339e-15,7.526900714265207e-19,6.711555481616297e-19,2.2956269898880524e-11,4.569984556265864e-08,1.043910533258775e-15,1.0439103804058908e-15,7.319054099656867e-19,6.175340400336277e-19,9.427540679548113e-19,2.2956267030620628e-11,7.415162264651529e-19,2.295626701069136e-11,1.0439103473767917e-15,2.2956269900790962e-11,2.2956270455033806e-11,2.295626989867397e-11,2.2956269918002577e-11,2.2956269904473887e-11,2.2956267008306326e-11,6.573626722123659e-19,1.2362789282879342e-15,2.2956269912120325e-11,1.2362790380419567e-15,2.2956269904473887e-11,7.159225873681732e-19,7.424545337189378e-19,7.487480494830604e-19,2.2956269529478157e-11,1.5757139452028686e-18,1.3736802831787247e-15,7.512811287402415e-19,2.2956269924284332e-11,2.2956269923257707e-11,2.2956266987079747e-11,2.2956269923257707e-11,1.2362789890969071e-15,2.295626992418338e-11
5.132166736993939e-07,1.7772221262974046e-15,2.706207231254573e-11,2.7062072303731908e-11,2.7062072320723762e-11,7.890075472035275e-19,2.706207230379337e-11,2.7062072957019837e-11,2.7062072287603492e-11,2.7062072366674262e-11,2.7062072291741305e-11,1.2013128162907367e-15,1.4575031837083522e-15,1.0514946651830862e-18,7.46259526923242e-19,1.4575033501066849e-15,2.7062072289586428e-11,1.1714922414511682e-15,7.883347370576227e-19,2.7062072295210982e-11,6.774636704067343e-19,8.646486049000518e-19,1.2642272618626339e-15,1.8725413631201526e-06,1.7862808250983175e-15,7.878329341851738e-19,2.7062072335240323e-11,5.387340919124616e-08,1.1714922075203069e-15,1.1714920200608277e-15,7.704344324369432e-19,1.0729192108345792e-18,1.9335609119266575e-15,5.387341284679576e-08,7.412541421936397e-19,5.3873412846795865e-08,1.1714919798074454e-15,2.7062072287603492e-11,2.7062072974187172e-11,2.7062072320723762e-11,2.706207231770246e-11,2.7062072303731908e-11,5.387341284679576e-08,9.257011039530353e-19,1.398297374696225e-15,2.706207234949516e-11,1.3982975099022672e-15,2.7062072335240323e-11,1.4905071186808774e-15,1.416775476517382e-15,7.551353465751878e-19,5.3873418784070695e-08,8.646486049000518e-19,7.19193424299778e-19,1.457503425294048e-15,2.7062072278632227e-11,2.706207234727899e-11,5.3873412846795865e-08,2.7062072304050308e-11,1.3982974482044326e-15,2.706207230379337e-11
5.200740967045487e-07,2.1923970665623454e-15,3.05067298115477e-11,3.050672981195936e-11,3.0506729808617043e-11,7.114260635640151e-19,3.050672981195936e-11,3.050673074441403e-11,3.0506729811885234e-11,3.05067298329519e-11,3.050672978913674e-11,1.5431504882084465e-15,8.432111286736077e-19,8.678863900983753e-19,1.2884707904666643e-18,8.432111286736077e-19,3.050672985002575e-11,7.207882290091521e-19,7.114260635640151e-19,3.050672978913674e-11,2.3484068800139388e-15,8.799095917216003e-19,7.526900714265207e-19,1.7862808250983175e-15,1.8725413594410696e-06,7.114260635640151e-19,3.050672985432315e-11,6.073080916924653e-08,7.296025135596647e-19,6.348050208904238e-19,8.409416766224413e-19,1.2378869140512626e-18,2.3686064228493513e-15,6.073081333652636e-08,1.2884707904666643e-18,6.073081333652668e-08,8.673401759714723e-19,3.050672988437374e-11,3.050673064700586e-11,3.05067298329519e-11,3.05067298329519e-11,3.0506729811885234e-11,6.073081333652667e-08,1.3091386380308958e-18,8.239313411285491e-19,3.0506729839246805e-11,8.049461593177191e-19,3.050672985002575e-11,1.0221170526762535e-18,1.0526887340330565e-18,1.0625998481684745e-18,6.073082010794703e-08,9.791976772088758e-19,9.352422773477736e-19,9.531285640644908e-19,3.050672986474534e-11,3.05067298329519e-11,6.073081333652668e-08,3.050672985432315e-11,1.0174658725830784e-18,3.050672981199823e-11
5.107592675439407e-07,1.2853162562611915e-18,2.5827655536609444e-11,2.5827655487328142e-11,2.582765549539252e-11,1.6752629772886448e-15,2.582765545977101e-11,2.5827656198820767e-11,2.582765550173786e-11,2.582765546653557e-11,2.5827655509945403e-11,7.220128971420943e-19,8.23608896657561e-19,7.04128756482198e-19,5.403542340777842e-19,8.73228372730403e-19,2.5827655491883885e-11,4.848269429390477e-19,1.6752625805077245e-15,2.5827655483442933e-11,1.1906807209938598e-18,1.228072945671662e-18,6.711555481616297e-19,7.878329341851738e-19,7.114260635640151e-19,1.8725413616657855e-06,2.582765548953656e-11,5.141601305723131e-08,4.848268940093464e-19,5.992725978863481e-19,9.814655407286906e-19,8.06120275989149e-19,6.046066247980475e-19,2.5827652164399602e-11,5.403542340777842e-19,2.5827652164741063e-11,4.2271736808266343e-19,2.582765550173786e-11,2.582765614112895e-11,2.5827655547570963e-11,2.582765550173786e-11,2.5827655487328107e-11,2.582765216406006e-11,4.345411686082285e-19,7.077802585175225e-19,2.582765549539252e-11,6.658041245276064e-19,2.5827655491883885e-11,6.346136353896243e-19,7.669642674676467e-19,1.148043168673927e-18,2.582765506099708e-11,1.228072945671662e-18,7.04128756482198e-19,8.73228372730403e-19,2.5827655492288576e-11,2.5827655499125315e-11,2.5827652165015244e-11,2.5827655487328107e-11,7.077802585175225e-19,2.5827655483442933e-11
0.9999925360846424,3.042258694929288e-11,0.9999891335056535,0.9999891335056528,0.9999891335056522,2.5827656264785368e-11,0.9999891335056531,0.9999891645955508,0.9999891335056524,0.9999891335056542,0.999989133505654,2.505942016290546e-11,2.4766166688637695e-11,2.57217076655551e-11,2.5118852775875406e-11,2.4766167240235742e-11,0.9999891335056535,2.2096586220884133e-11,2.582765462991269e-11,0.999989133505654,3.114542788534925e-11,2.629764580450091e-11,2.2956269898880524e-11,2.7062072335240323e-11,3.050672985432315e-11,2.582765548953656e-11,0.9999910060468866,0.9999889184611912,2.2096586001138698e-11,2.209658544878636e-11,2.5995774498047603e-11,2.7641736652774697e-11,3.187568630260205e-11,0.9999889931346672,2.511885309633542e-11,0.9999889931346689,2.2096585224173494e-11,0.9999891335056531,0.9999891609331383,0.9999891335056528,0.9999891335056531,0.9999891335056545,0.9999889931346695,2.7617448164986522e-11,2.420169761069523e-11,0.9999891335056528,2.420169814101774e-11,0.999989133505654,2.5981015318647118e-11,2.439010528946703e-11,2.5118853785634826e-11,0.9999891148611978,2.6297644565573492e-11,2.5721707827381297e-11,2.4766167432743292e-11,0.9999891335056554,0.9999891335056531,0.999988993134669,0.9999891335056537,2.4201698021439205e-11,0.9999891335056531
0.9999923210395287,6.056330311154338e-08,0.9999889184611899,0.9999889184611903,0.9999889184611889,5.1416014643803134e-08,0.9999889184611912,0.9999889495510805,0.9999889184611899,0.9999889184611921,0.9999889184611912,4.988665967190887e-08,4.930287011181003e-08,5.1205099022717446e-08,5.000497474050238e-08,4.930287143465736e-08,0.9999889184611904,4.3988443144587606e-08,5.141601126811184e-08,0.9999889184611904,6.200228778655181e-08,5.2351639215030145e-08,4.569984556265864e-08,5.387340919124616e-08,6.073080916924653e-08,5.141601305723131e-08,0.9999889184611912,0.9999905759580132,4.3988442744870145e-08,4.3988441674833864e-08,5.175069340970741e-08,5.502736782692036e-08,6.345603858471704e-08,0.9999887780902343,5.000497549394937e-08,0.9999887780902358,4.398844126307957e-08,0.9999889184611906,0.9999889458886679,0.9999889184611898,0.9999889184611911,0.999988918461192,0.9999887780902347,5.4979015777218355e-08,4.81791621048886e-08,0.9999889184611902,4.817916289555447e-08,0.9999889184611904,5.172131159254189e-08,4.85542316197959e-08,5.0004976724509515e-08,0.9999888998167376,5.2351636655336945e-08,5.1205099287142637e-08,4.930287175411756e-08,0.9999889184611921,0.9999889184611898,0.9999887780902358,0.9999889184611902,4.817916275826989e-08,0.9999889184611902
5.03331669346742e-07,8.3144241276854e-19,2.209658597090977e-11,2.2096585970951314e-11,2.2096586008353167e-11,4.848268940013138e-19,2.2096585932451023e-11,2.2096586621978635e-11,2.209658595314722e-11,2.209658596336149e-11,2.2096585943671766e-11,9.953383060747692e-16,5.614314709357806e-19,1.2855924930272476e-15,5.554309188093758e-19,5.614314709357806e-19,2.2096586008353167e-11,9.681942931041176e-16,5.749474264551293e-19,2.209658604351694e-11,8.456362577700221e-19,1.3359428464095543e-15,1.043910533258775e-15,1.1714922075203069e-15,7.296025135596647e-19,4.848268940093464e-19,2.2096586001138698e-11,4.3988442744870145e-08,1.872541357119691e-06,9.681941139512513e-16,6.132563753474452e-19,7.609855958803815e-19,9.292632413523642e-19,2.2096583171438922e-11,6.344418680681105e-19,2.2096583171438922e-11,9.68194081359086e-16,2.2096586008353167e-11,2.209658651705879e-11,2.209658593416468e-11,2.2096585970951314e-11,2.2096585970951314e-11,2.2096583139463897e-11,8.406320821922024e-19,1.1533787245807765e-15,2.2096585932451023e-11,1.153378833789907e-15,2.2096586008353167e-11,5.373113871995711e-19,5.433655091844946e-19,6.308167075925835e-19,2.209658565163945e-11,1.335942540690287e-15,1.2855924906570604e-15,5.691759610846972e-19,2.2096585943671766e-11,2.2096585943671766e-11,2.2096583137089317e-11,2.209658596336149e-11,1.153378784246876e-15,2.2096585972457393e-11
5.03331669324062e-07,7.523360218763941e-19,2.2096585517665973e-11,2.209658544259475e-11,2.2096585527619787e-11,5.304779721970863e-19,2.2096585477294454e-11,2.2096586102801735e-11,2.2096585499206255e-11,2.209658544259475e-11,2.2096585499206255e-11,9.953381215617064e-16,5.702920321043166e-19,1.2855923358904092e-15,7.18760493403406e-19,5.70377021129109e-19,2.209658544259475e-11,9.681941414982402e-16,4.848268940093464e-19,2.2096585469249296e-11,8.301655309492506e-19,1.335942688387054e-15,1.0439103804058908e-15,1.1714920200608277e-15,6.348050208904238e-19,5.992725978863481e-19,2.209658544878636e-11,4.3988441674833864e-08,9.681941139512513e-16,1.872541357119691e-06,5.011341129793831e-19,7.609855958783415e-19,9.634751096614746e-19,2.209658260869119e-11,7.084745721638545e-19,2.209658260869119e-11,9.6819392975322e-16,2.2096585518824236e-11,2.2096585995326834e-11,2.2096585518824236e-11,2.209658544489257e-11,2.2096585492533276e-11,2.2096582650195208e-11,8.425842381813322e-19,1.1533785698885143e-15,2.2096585517665973e-11,1.1533786790976483e-15,2.2096585499206255e-11,6.399906660460782e-19,5.1328220606901825e-19,6.848627675668323e-19,2.2096585094252355e-11,1.3359423826677534e-15,1.2855923335202362e-15,5.614314709357806e-19,2.209658545904486e-11,2.209658547842483e-11,2.2096582618630694e-11,2.209658547906464e-11,1.153378629554591e-15,2.2096585480202165e-11
