1.0000000074657012,-2.899112013594506e-06,1.0000203035686335,-2.6262565052926035e-06,1.000020258174017,-3.976657799961031e-06,-2.6329101509099514e-06,-2.681572127437375e-06,-2.608476503880629e-06,-2.710088725158944e-06,-2.632910151585928e-06,1.0000212687034122,1.000020725549952,-2.835977207673342e-06,-2.8161973865312577e-06,1.0000197338349819,-2.646870247847628e-06,-2.6518312852837095e-06,-2.679145816097855e-06,1.0000202771759037,-2.644294750627642e-06,-2.6404725881867835e-06,-2.8921795920775206e-06,-2.632910154302983e-06,1.0000203035686368,1.0000206962617078,1.0000206962617058,-2.6419295617590906e-06,-2.6528491592537477e-06,-2.651603466096737e-06,1.0000203035686348,1.0000212673202031,1.0000202871258497,-3.929676963356974e-06,-2.628641047204207e-06,-2.6487010205557163e-06,-2.6434262508452856e-06,-2.650329879227439e-06,-2.597468730200172e-06,1.000020725549952,-2.5989400223849993e-06,-2.62907783770012e-06,-2.9007541903230053e-06,1.000021236574279,-2.8359772088433555e-06,-2.6187812597545176e-06,-2.884425331369229e-06,-2.6187812597261284e-06,1.0000212673202036,1.000020725549953,-2.6243257939369733e-06,-2.6321893981529583e-06,-2.652849158939549e-06,-2.9058159550586966e-06,-2.6115806306718275e-06
-2.899112013594506e-06,-3.8111942624343214e-06,-6.719722183152669e-07,1.2465696428272309e-16,-6.719721866470634e-07,1.0846925628487642e-12,1.2711522759885843e-16,1.412724318481673e-16,1.1824482232617215e-16,3.021924254403722e-13,1.2720308563945572e-16,-3.3773667632923503e-10,-3.377364871649637e-10,3.70246919829248e-13,1.855887962604416e-16,-6.719718241580515e-07,1.323660552158522e-16,1.325337223350065e-16,1.4049622247424678e-16,-6.719721999187531e-07,2.609025329765495e-13,1.298384323478312e-16,4.1033880275620963e-13,1.2734073199613588e-16,-6.719722183152673e-07,-3.3773647691380123e-10,-3.3773647691380123e-10,1.3030367768769564e-16,1.3415795275386406e-16,1.3397981087237e-16,-6.71972218315266e-07,-3.3773667583072393e-10,-6.719722068782278e-07,1.050855857271766e-12,1.2556929443540899e-16,1.3288990612648858e-16,1.3082419906178764e-16,1.3194856704037253e-16,1.142547052083548e-16,-3.3773648727852666e-10,1.14895782025572e-16,1.256534879396758e-16,4.169322556023852e-13,-3.3773666500022737e-10,3.7024691980082053e-13,1.220873029255558e-16,4.051240808556183e-13,1.220873029255558e-16,-3.377366757178793e-10,-3.3773648727852666e-10,1.2400035724107458e-16,1.2682971024035792e-16,1.3402748301241593e-16,4.2068892510366686e-13,1.1948644967373366e-16
1.0000203035686335,-6.719722183152669e-07,1.0000224791893566,-2.0059729973220478e-10,1.0000262449885993,-1.749522669137943e-06,-2.0394146291159716e-10,-2.2839931415477595e-10,-1.916609607173543e-10,-2.427319301953287e-10,-2.0394146342482036e-10,1.0000272555215892,1.000026712366206,-6.088372087123024e-07,-2.9606285857923477e-10,1.0000257206476983,-2.1095789687186423e-10,-2.1345135924875142e-10,-2.27179832655918e-10,1.0000262639905555,-2.0966343583266304e-10,-2.0774239125899037e-10,-6.650397781900482e-07,-2.039414632810149e-10,1.0000262903833774,1.0000266830778581,1.0000266830778581,-2.0847467422397244e-10,-2.1396293416243452e-10,-2.1333684050988987e-10,1.0000262903833765,1.0000272541383788,1.0000262739405317,-1.7025416826317189e-06,-2.017957843491288e-10,-2.1187805250924755e-10,-2.0922692029547467e-10,-2.126967426649183e-10,-1.8612838239619577e-10,1.0000267123662068,-1.868678645298168e-10,-2.0201532022882008e-10,-6.736144024713819e-07,1.0000272233923455,-6.088372087964511e-07,-1.9684019272403837e-10,-6.572854903168917e-07,-1.968401926076574e-10,1.000027254138378,1.000026712366207,-1.9962691083755255e-10,-2.035792083947558e-10,-2.1396293439995039e-10,-6.786761815819856e-07,-1.932211133419897e-10
-2.6262565052926035e-06,1.2465696428272309e-16,-2.0059729973220478e-10,-3.811194528618587e-06,-2.005972903964901e-10,3.251688049081132e-16,7.613812017081213e-17,8.457884658321958e-17,7.058528977807335e-17,9.058230769332482e-17,7.576510395977498e-17,-2.0059749861054108e-10,-2.005973863114671e-10,2.2110588668780638e-13,1.1072060510379552e-16,-3.991152779596445e-07,7.873925309643798e-17,7.901301804449873e-17,1.6688525491305234e-13,-2.0059729416469025e-10,7.814136630919992e-17,7.743057464276051e-17,2.448518846274825e-13,7.576510395977498e-17,-2.0059729967604219e-10,-2.0059738022067628e-10,-2.0059738027820216e-10,7.777758478776162e-17,7.998482313220032e-17,8.006861610560624e-17,-2.0059729970393156e-10,-2.005974982272025e-10,-2.0059729624437904e-10,3.1506533146659346e-16,7.483789202942009e-17,7.912621400070167e-17,7.785978191522238e-17,1.566292731208241e-13,1.357700756531261e-13,-2.0059738633991794e-10,1.3638325285202586e-13,7.488893054724937e-17,1.2505276622314584e-16,-2.0059749179935616e-10,2.2110588667155085e-13,1.449125983860755e-13,1.2114046957903382e-16,1.4491259822556829e-13,-2.0059749817111795e-10,-2.005973863437969e-10,7.395788191982253e-17,1.505296934316742e-13,8.00891015023657e-17,1.2614051616828204e-16,1.4177784509075983e-13
1.000020258174017,-6.719721866470634e-07,1.0000262449885993,-2.005972903964901e-10,1.000022388399799,-1.7495225867498238e-06,-2.0394145314388722e-10,-4.5443136509427106e-07,-1.9166095150760243e-10,-4.829480473504423e-07,-2.0394145394498127e-10,1.000027210126769,1.0000266669714113,-6.088371798229836e-07,-2.960628447269341e-10,1.0000256752529475,-2.1095788694358575e-10,-2.1345134910640657e-10,-4.520050414526199e-07,1.0000262185957793,-2.096634259772392e-10,-2.0774238154794302e-10,-6.650397468126319e-07,-2.0394145356384407e-10,1.0000262449886004,1.0000266376830627,1.0000266376830629,-2.084746645606121e-10,-2.1396292412908974e-10,-2.1333683055411141e-10,1.0000262449885997,1.0000272087435582,1.0000262285457544,-1.7025416023135347e-06,-2.0179577502073133e-10,-2.1187804255779114e-10,-2.0922691022698818e-10,-4.231889731766224e-07,-1.8612837359214703e-10,1.0000266669714117,-1.868678556777902e-10,-2.020153105911687e-10,-6.736143707291893e-07,1.000027177997525,-6.088371799071335e-07,-1.9684018321754064e-10,-6.572854592940819e-07,-1.968401831557364e-10,1.0000272087435569,1.0000266669714113,-1.9962690142249966e-10,-2.0357919885451828e-10,-2.1396292439937532e-10,-6.786761496194562e-07,-1.9322110418050655e-10
-3.976657799961031e-06,1.0846925628487642e-12,-1.749522669137943e-06,3.251688049081132e-16,-1.7495225867498238e-06,-3.811191846409498e-06,3.3145510442896046e-16,3.687391281668784e-16,3.084186870966721e-16,3.960591653397595e-16,3.3137749910302653e-16,-8.793190469183654e-10,-1.7495234255251576e-06,9.661815998445685e-13,4.841699091684053e-16,-1.749521643497993e-06,3.4441670287080474e-16,3.4569072333597367e-16,3.666870227024501e-16,-1.7495226212768355e-06,3.4211159722973035e-16,3.3826665205057094e-16,5.385819125955372e-16,3.3142628059167785e-16,-1.7495226691379437e-06,-1.7495233724363459e-06,-1.7495233724363454e-06,3.4006255917737144e-16,3.5006253909028955e-16,3.4892853057676066e-16,-1.7495226691379424e-06,-8.793190451200048e-10,-1.7495226393809103e-06,2.741317825777166e-12,3.2734160160048574e-16,3.4587340742507435e-16,3.4142595101561074e-16,3.4416380819067224e-16,2.983108670026983e-16,-1.749523425525158e-06,2.9961614956196223e-16,3.2775876367315445e-16,1.0875601102421335e-12,-8.79319017461877e-10,9.661815997698266e-13,3.1854840254952e-16,1.0568587850565243e-12,3.1844010790791917e-16,-8.793190451203348e-10,-1.7495234255251593e-06,3.2353764712239694e-16,3.3087865730425744e-16,3.499958394760752e-16,1.0973229927691212e-12,6.198850793512152e-13
-2.6329101509099514e-06,1.2711522759885843e-16,-2.0394146291159716e-10,7.613812017081213e-17,-2.0394145314388722e-10,3.3145510442896046e-16,-3.8111945263132907e-06,8.595954531880025e-17,7.212200058991633e-17,9.212904109595501e-17,1.5365092497348537e-13,-2.039416646028453e-10,-2.0394155081893403e-10,2.2547643017613183e-13,1.1269422593199037e-16,-4.0576894024530877e-07,7.97677724194758e-17,8.042654948986266e-17,8.547469454710902e-17,-2.0394145714361084e-10,7.950571324085005e-17,7.855543444529033e-17,2.4957670516421867e-13,1.536509245349531e-13,-2.0394146284573794e-10,-2.0394154472824866e-10,-2.0394154478591317e-10,7.956419444145396e-17,8.175805496425908e-17,8.149840758023764e-17,-2.0394146281848296e-10,-2.0394166451059003e-10,-2.0394145934731452e-10,3.2138891676711117e-16,7.622352330214318e-17,8.063851890171667e-17,7.953715488655578e-17,8.01306766957979e-17,1.384125227033909e-13,-2.039415508706159e-10,1.390351463203646e-13,7.622133929541142e-17,1.2736773115712294e-16,-2.03941657902944e-10,2.2547643015989235e-13,7.42334859017673e-17,1.2383223760055864e-16,7.42334859017673e-17,-2.0394166451059003e-10,-2.0394155081893403e-10,7.531694911841167e-17,1.5337693976391147e-13,8.118250260395451e-17,1.2876640333061344e-16,7.232317710349688e-17
-2.681572127437375e-06,1.412724318481673e-16,-2.2839931415477595e-10,8.457884658321958e-17,-4.5443136509427106e-07,3.687391281668784e-16,8.595954531880025e-17,-3.811194487808181e-06,1.5913764817459298e-13,1.0283810058467715e-16,8.595664406258951e-17,-2.2839954090558464e-10,-2.283994128031839e-10,1.2615474500371344e-16,1.258271565906012e-16,-4.544311199698638e-07,8.920229894954662e-17,1.7838407962521833e-13,1.8921244618837318e-13,-4.544313740678678e-07,8.866081440231864e-17,8.792652830705374e-17,2.7756097713456167e-13,8.595742155002571e-17,-2.2839931406619584e-10,-2.283994059798814e-10,-2.283994059471941e-10,8.819294668991515e-17,9.081309020584792e-17,9.052258750897484e-17,-2.2839931411347125e-10,-2.2839954039096133e-10,-2.2839931008791114e-10,3.572455566540532e-16,1.6892686277837654e-13,8.985339632108402e-17,8.842938590226062e-17,1.7760542448709018e-13,7.682630587002019e-17,-2.28399412883421e-10,7.74268102397431e-17,1.6913414590288204e-13,2.820172636015633e-13,-2.2839953306848912e-10,1.2596234421694196e-16,1.6431861576599136e-13,2.7402994979633e-13,1.6431861557269687e-13,-2.2839954034949746e-10,-2.2839941272389629e-10,1.6693524897157792e-13,8.578779311008158e-17,9.096931808654942e-17,1.430577151530357e-16,1.607441636549536e-13
-2.608476503880629e-06,1.1824482232617215e-16,-1.916609607173543e-10,7.058528977807335e-17,-1.9166095150760243e-10,3.084186870966721e-16,7.212200058991633e-17,1.5913764817459298e-13,-3.811194542081795e-06,8.58568121064161e-17,7.204659301467873e-17,-1.9166115082711735e-10,-1.9166104353463038e-10,1.052200567576823e-16,2.0899474545661748e-13,-3.8133522943000046e-07,1.4867583120486577e-13,1.4922422264224097e-13,7.963203180460143e-17,-1.9166095533788785e-10,1.4766877229028787e-13,1.4611770358129e-13,2.3213126908310616e-13,7.189815056597433e-17,-1.916609607173543e-10,-1.916610377695337e-10,-1.9166103765829012e-10,7.362456981704108e-17,1.5113611597964259e-13,7.576700797930097e-17,-1.9166096056989632e-10,-1.9166115068873091e-10,-1.9166095736270615e-10,2.9873984388631184e-16,1.4132198215450895e-13,1.4944331868086849e-13,7.408167356609314e-17,7.470576426091223e-17,6.46678801336405e-17,-1.9166104351101378e-10,6.494684325368053e-17,1.414958973506434e-13,1.1861072192091993e-16,-1.9166114450399158e-10,1.052200567576823e-16,6.889683479363629e-17,1.1504296911268023e-16,6.88353558532895e-17,-1.916611506431298e-10,-1.9166104358145945e-10,1.3965004996461354e-13,7.186531871897074e-17,1.511361162391273e-13,1.1965810507416883e-16,1.3443948155860313e-13
-2.710088725158944e-06,3.021924254403722e-13,-2.427319301953287e-10,9.058230769332482e-17,-4.829480473504423e-07,3.960591653397595e-16,9.212904109595501e-17,1.0283810058467715e-16,8.58568121064161e-17,-3.811194455900263e-06,9.250706309866687e-17,-2.427321704009146e-10,-2.4273203482504884e-10,2.6970996656025006e-13,1.3446638540542183e-16,-4.829477876919484e-07,9.57828284764265e-17,9.593105397589025e-17,1.0240043116702073e-16,-4.829480568454945e-07,9.547193733099282e-17,9.41434011028493e-17,2.9832081958686495e-13,9.1962699924639e-17,-2.427319304205201e-10,-2.427320276873259e-10,-2.427320277222014e-10,1.8828540175574305e-13,9.737587731924601e-17,9.746692399853812e-17,-2.427319304392087e-10,-2.427321699546194e-10,-2.4273192623651424e-10,7.639492723865865e-13,9.113929084460389e-17,9.617159679045306e-17,1.8887032341158716e-13,9.592834471599389e-17,8.315162806064992e-17,-2.42732034901811e-10,8.334294379250644e-17,9.118317776898003e-17,1.521375617033784e-16,-2.4273216238643127e-10,2.69709966541504e-13,8.844103020441081e-17,2.945735720742579e-13,8.844103020441081e-17,-2.427321700281435e-10,-2.42732034901811e-10,8.988374810679277e-17,9.225143069153492e-17,9.731402099862013e-17,1.5388336540081942e-16,8.67332135167431e-17
-2.632910151585928e-06,1.2720308563945572e-16,-2.0394146342482036e-10,7.576510395977498e-17,-2.0394145394498127e-10,3.3137749910302653e-16,1.5365092497348537e-13,8.595664406258951e-17,7.204659301467873e-17,9.250706309866687e-17,-3.8111945263132907e-06,-2.039416654686137e-10,-2.0394155172377946e-10,2.2547643172784556e-13,1.1269422593199037e-16,-4.0576894177592404e-07,8.000626573657764e-17,8.042654948986266e-17,8.543622737271979e-17,-2.0394145799228134e-10,7.950571324085005e-17,7.859076773313709e-17,2.4957670670249405e-13,1.5365092540871892e-13,-2.0394146340166786e-10,-2.0394154555127863e-10,-2.0394154545648588e-10,7.909991654211695e-17,8.118250260395451e-17,8.181159828485307e-17,-2.0394146362012823e-10,-2.0394166526024309e-10,-2.0394146010321832e-10,3.214074125921583e-16,7.64050958485044e-17,8.076600103316269e-17,7.953715488655578e-17,8.01306766957979e-17,1.3841252358792018e-13,-2.0394155163570342e-10,1.390351472049375e-13,7.602574832933445e-17,1.273572680570262e-16,-2.0394165864882293e-10,2.254764317116062e-13,7.42334859017673e-17,1.238917281992165e-16,7.43109608556146e-17,-2.0394166526024309e-10,-2.0394155162270926e-10,7.567102634644256e-17,1.5337694063640324e-13,8.118250260395451e-17,1.2887586184737635e-16,7.232317710349688e-17
1.0000212687034122,-3.3773667632923503e-10,1.0000272555215892,-2.0059749861054108e-10,1.000027210126769,-8.793190469183654e-10,-2.039416646028453e-10,-2.2839954090558464e-10,-1.9166115082711735e-10,-2.427321704009146e-10,-2.039416654686137e-10,1.000024409466798,1.0000276775048234,-3.060046998756465e-10,-2.9606315113278366e-10,1.0000266857853661,-2.1095810568505901e-10,-4.246908260586267e-07,-2.2718005797498787e-10,1.0000272291287429,-2.09663643180706e-10,-2.0774259690817974e-10,-3.3425239673422895e-10,-2.0394166506596113e-10,1.0000272555215912,1.0000276482164459,1.0000276482164465,-2.0847488050023836e-10,-2.139631456228942e-10,-2.1333705155251895e-10,1.0000272555215886,1.0000282192775143,1.0000272390787275,-8.557061641267562e-10,-2.0179598438146806e-10,-2.1187826192797215e-10,-2.0922712736830497e-10,-2.126969535391953e-10,-1.8612856765121426e-10,1.000027677504824,-1.8686805018580924e-10,-2.0201552044783831e-10,-3.385620462065451e-10,1.0000281885314521,-3.060046999328547e-10,-1.9684038781924928e-10,-3.303550522389111e-10,-1.968403877797693e-10,1.000028219277513,1.0000276775048247,-1.9962710907667129e-10,-2.0357940996367252e-10,-2.1396314590737425e-10,-3.411061221125228e-10,-1.9322130503496578e-10
1.000020725549952,-3.377364871649637e-10,1.000026712366206,-2.005973863114671e-10,1.0000266669714113,-1.7495234255251576e-06,-2.0394155081893403e-10,-2.283994128031839e-10,-1.9166104353463038e-10,-2.4273203482504884e-10,-2.0394155172377946e-10,1.0000276775048234,1.0000233231552393,-3.060045278700811e-10,-2.960629860451367e-10,1.0000261426302894,-2.1095798781297096e-10,-2.134514515979294e-10,-2.2717993083262546e-10,1.0000266859733737,-2.0966352605226679e-10,-2.0774248098833856e-10,-3.342522093405954e-10,-2.0394155133074e-10,1.0000267123662068,1.0000271050608518,1.000027105060853,-2.0847476409799802e-10,-2.139630262849285e-10,-2.1333693251377025e-10,1.0000267123662057,1.0000276761216125,1.000026695923354,-1.7025424195474887e-06,-2.0179587154553116e-10,-2.1187814386818451e-10,-2.0922701050890804e-10,-2.1269683463331664e-10,-1.8612846317763544e-10,1.0000271343492153,-1.8686794534214792e-10,-2.02015407473412e-10,-3.385618565496979e-10,1.0000276453755665,-3.0600452793275705e-10,-1.9684027780786428e-10,-3.3035486699202417e-10,-1.968402776514168e-10,1.000027676121612,1.000027134349215,-1.9962699720976512e-10,-2.0357929630140266e-10,-2.1396302667936654e-10,-3.41105931026265e-10,-1.932211969010707e-10
-2.835977207673342e-06,3.70246919829248e-13,-6.088372087123024e-07,2.2110588668780638e-13,-6.088371798229836e-07,9.661815998445685e-13,2.2547643017613183e-13,1.2615474500371344e-16,1.052200567576823e-16,2.6970996656025006e-13,2.2547643172784556e-13,-3.060046998756465e-10,-3.060045278700811e-10,-3.8111943474859466e-06,1.6565203707861079e-16,-6.088368497091741e-07,1.178416325995642e-16,1.1812845836354327e-16,2.490658955231107e-13,-6.088371919327705e-07,1.1707971138568942e-16,1.1576269331646605e-16,3.6512527963358117e-13,2.2547643105940454e-13,-6.088372087123036e-07,-3.060045185582069e-10,-3.060045184716924e-10,2.315649157408908e-13,1.198400992405637e-16,2.377541342348832e-13,-6.088372087123026e-07,-3.060046995137947e-10,-6.088371982846854e-07,9.351341826772513e-13,1.1187998471601546e-16,1.184585911285283e-16,2.3223830660554313e-13,2.339216273242025e-13,2.022168310370889e-13,-3.0600452819299065e-10,2.0316196506234297e-13,1.1202969782584087e-16,3.7124470204524226e-13,-3.0600468972520505e-10,3.2840263080395053e-13,2.1640728730258624e-13,3.6040217498643255e-13,2.1640728698526506e-13,-3.060046996315557e-10,-3.060045280511646e-10,1.1054536892340599e-16,2.250659292347765e-13,1.1982297849255344e-16,3.747100617281095e-13,2.115323829281904e-13
-2.8161973865312577e-06,1.855887962604416e-16,-2.9606285857923477e-10,1.1072060510379552e-16,-2.960628447269341e-10,4.841699091684053e-16,1.1269422593199037e-16,1.258271565906012e-16,2.0899474545661748e-13,1.3446638540542183e-16,1.1269422593199037e-16,-2.9606315113278366e-10,-2.960629860451367e-10,1.6565203707861079e-16,-3.811194350136803e-06,-5.89056835181467e-07,1.172730374117798e-16,1.173683772222629e-16,1.249441189280538e-16,-2.9606285052943337e-10,1.1623836398870536e-16,1.1491246476078622e-16,1.8323606373689275e-16,1.1253075893848955e-16,-2.960628585582493e-10,-5.890574154992781e-07,-5.890574154992781e-07,1.1543515480836403e-16,1.1884658191392585e-16,1.187686985960397e-16,-2.960628585582493e-10,-2.9606315065334156e-10,-5.890571693678212e-07,4.692073719719513e-16,1.1106899494593496e-16,2.3399249501440355e-13,1.1569245756182607e-16,1.170150605722024e-16,1.0168634725437226e-16,-2.9606298621292664e-10,1.019935298787731e-16,1.1148965771338345e-16,1.861517357017473e-16,-5.890577421768009e-07,1.6568013266184262e-16,1.0829641804975622e-16,1.809154029084926e-16,1.0836897910530221e-16,-2.9606315065334156e-10,-2.960629861065087e-10,1.0970889442312858e-16,1.1259386166079e-16,1.1906123634506058e-16,1.8769196118842725e-16,1.0597784215139474e-16
1.0000197338349819,-6.719718241580515e-07,1.0000257206476983,-3.991152779596445e-07,1.0000256752529475,-1.749521643497993e-06,-4.0576894024530877e-07,-4.544311199698638e-07,-3.8133522943000046e-07,-4.829477876919484e-07,-4.0576894177592404e-07,1.0000266857853661,1.0000261426302894,-6.088368497091741e-07,-5.89056835181467e-07,1.0000213397182647,-4.197290791655791e-07,-4.246901562169467e-07,-4.520047976284853e-07,1.0000256942548917,-4.1715357485096397e-07,-4.133313984462561e-07,-6.650393877516143e-07,-4.0576894106341247e-07,1.0000257206477001,1.0000261133419577,1.0000261133419572,-4.147883740866815e-07,-4.2570800500527096e-07,-4.244623077152075e-07,1.0000257206476983,1.0000266844021555,1.0000257042048624,-1.7025406831751909e-06,-4.0149982440770855e-07,-4.215598525476719e-07,-4.1628506849776837e-07,-4.231887450713646e-07,-3.703274213334242e-07,1.0000261426302903,-3.717987202083195e-07,-4.0193662044194773e-07,-6.736140073753776e-07,1.0000266536561397,-6.088368497933231e-07,-3.916400084281731e-07,-6.572851043073619e-07,-3.9164000815530625e-07,1.0000266844021553,1.000026142630291,-3.971845592041189e-07,-4.050481862997792e-07,-4.257080055227988e-07,-6.786757836972303e-07,-3.844393630917836e-07
-2.646870247847628e-06,1.323660552158522e-16,-2.1095789687186423e-10,7.873925309643798e-17,-2.1095788694358575e-10,3.4441670287080474e-16,7.97677724194758e-17,8.920229894954662e-17,1.4867583120486577e-13,9.57828284764265e-17,8.000626573657764e-17,-2.1095810568505901e-10,-2.1095798781297096e-10,1.178416325995642e-16,1.172730374117798e-16,-4.197290791655791e-07,-3.8111945137540994e-06,8.34494731950621e-17,8.875951980586444e-17,-2.1095789110697176e-10,1.6456887982638466e-13,1.628770938001702e-13,1.3033296313808503e-16,8.021146115678576e-17,-2.10957896802479e-10,-2.1095798146299422e-10,-2.109579815000006e-10,8.259795475622035e-17,8.47244748747403e-17,8.44168684091478e-17,-2.1095789690257832e-10,-2.1095810528500087e-10,-2.1095789334110574e-10,3.336932694293663e-16,7.94694174040784e-17,8.41714697113692e-17,8.249889561113726e-17,8.325763020318705e-17,7.21412862549378e-17,-2.109579879234732e-10,7.265242104458985e-17,7.946523965857139e-17,1.323690031935993e-16,-2.1095809862495973e-10,1.1783921961223276e-16,7.698934899085474e-17,1.2859552869481376e-16,7.689351769624428e-17,-2.1095810537608612e-10,-2.109579879234732e-10,7.835616260034886e-17,8.003428571964947e-17,8.492176675696529e-17,1.3358358239324285e-16,7.548410971207416e-17
-2.6518312852837095e-06,1.325337223350065e-16,-2.1345135924875142e-10,7.901301804449873e-17,-2.1345134910640657e-10,3.4569072333597367e-16,8.042654948986266e-17,1.7838407962521833e-13,1.4922422264224097e-13,9.593105397589025e-17,8.042654948986266e-17,-4.246908260586267e-07,-2.134514515979294e-10,1.1812845836354327e-16,1.173683772222629e-16,-4.246901562169467e-07,8.34494731950621e-17,-3.8111945079778755e-06,8.919803180931096e-17,-2.13451353298788e-10,8.318451163676742e-17,8.230962648358513e-17,2.6027088296747324e-13,8.036456869729044e-17,-2.1345135922109588e-10,-2.1345144505524967e-10,-2.13451445009826e-10,8.261628524104209e-17,8.502743933425703e-17,8.453491705591305e-17,-2.134513591560318e-10,-2.1345157062965413e-10,-2.134513556181624e-10,3.350464773830645e-16,1.5835079815772899e-13,8.39377714422515e-17,1.6498284444847456e-13,8.365335479602759e-17,7.251710215564876e-17,-2.134514515979294e-10,1.4496611144484357e-13,1.58543906920614e-13,2.6441768295720135e-13,-2.134515636911411e-10,1.1812845836354327e-16,7.752517956832053e-17,1.2914303791732427e-16,7.744918162529501e-17,-2.13451570640843e-10,-2.1345145152554172e-10,1.5649058281231856e-13,8.044339082413312e-17,8.505296353810366e-17,1.3418519767745514e-16,7.576365342750119e-17
-2.679145816097855e-06,1.4049622247424678e-16,-2.27179832655918e-10,1.6688525491305234e-13,-4.520050414526199e-07,3.666870227024501e-16,8.547469454710902e-17,1.8921244618837318e-13,7.963203180460143e-17,1.0240043116702073e-16,8.543622737271979e-17,-2.2718005797498787e-10,-2.2717993083262546e-10,2.490658955231107e-13,1.249441189280538e-16,-4.520047976284853e-07,8.875951980586444e-17,8.919803180931096e-17,-3.8111944870863805e-06,-4.5200505037975867e-07,8.817123576655997e-17,8.718120773005267e-17,2.76032965764984e-13,8.545838733162057e-17,-2.2717983278143842e-10,-2.2717992401727297e-10,-2.2717992396542382e-10,8.778559791204447e-17,9.028783903505686e-17,1.791012638331937e-13,-2.2717983258654254e-10,-2.2718005759391714e-10,-2.2717982863777736e-10,3.552864727609344e-16,8.428389666830142e-17,8.933291641485192e-17,1.7507049836384325e-13,1.7662924752096098e-13,1.5302410520532058e-13,-2.2717993078198983e-10,1.5372000226172485e-13,8.46359143840585e-17,1.4112232408511838e-16,-2.2718005047537527e-10,2.4906589550409987e-13,1.6341456717324448e-13,2.7252607352856924e-13,1.6341456698052039e-13,-2.271800575941114e-10,-2.2717993093729007e-10,8.338815033864454e-17,8.521444880835227e-17,9.030188125139916e-17,1.4235407724516903e-16,1.5985346354066278e-13
1.0000202771759037,-6.719721999187531e-07,1.0000262639905555,-2.0059729416469025e-10,1.0000262185957793,-1.7495226212768355e-06,-2.0394145714361084e-10,-4.544313740678678e-07,-1.9166095533788785e-10,-4.829480568454945e-07,-2.0394145799228134e-10,1.0000272291287429,1.0000266859733737,-6.088371919327705e-07,-2.9606285052943337e-10,1.0000256942548917,-2.1095789110697176e-10,-2.13451353298788e-10,-4.5200505037975867e-07,1.0000224264037167,-2.096634300582381e-10,-2.07742385549859e-10,-6.650397599629935e-07,-2.0394145762522051e-10,1.000026263990557,1.0000266566850258,1.0000266566850256,-2.0847466860350202e-10,-2.13962928365086e-10,-2.1333683483417277e-10,1.0000262639905555,1.0000272277455315,1.0000262475477095,-1.7025416359749861e-06,-2.0179577886922868e-10,-2.118780467242392e-10,-2.0922691468755028e-10,-2.1269673667706574e-10,-1.8612837736238756e-10,1.0000266859733746,-1.868678593599275e-10,-2.0201531480932663e-10,-6.73614384031936e-07,1.000027196999499,-6.088371920169168e-07,-1.9684018735393838e-10,-6.572854722961731e-07,-1.9684018698364426e-10,1.00002722774553,1.000026685973375,-1.9962690555495212e-10,-2.035792026672648e-10,-2.1396292861537772e-10,-6.786761630142204e-07,-1.9322110800535667e-10
-2.644294750627642e-06,2.609025329765495e-13,-2.0966343583266304e-10,7.814136630919992e-17,-2.096634259772392e-10,3.4211159722973035e-16,7.950571324085005e-17,8.866081440231864e-17,1.4766877229028787e-13,9.547193733099282e-17,7.950571324085005e-17,-2.09663643180706e-10,-2.0966352605226679e-10,1.1707971138568942e-16,1.1623836398870536e-16,-4.1715357485096397e-07,1.6456887982638466e-13,8.318451163676742e-17,8.817123576655997e-17,-2.096634300582381e-10,-3.8111945124581906e-06,1.6178895699195e-13,1.2945070843982907e-16,7.950571324085005e-17,-2.0966343581312258e-10,-2.0966352000978908e-10,-2.0966351996393688e-10,8.159867507434231e-17,8.452747927322727e-17,8.38043020548375e-17,-2.096634357616247e-10,-2.0966364277504727e-10,-2.0966343228299655e-10,3.314225939349101e-16,7.863770628553471e-17,8.3123311055076e-17,8.203204597982215e-17,8.278359995711778e-17,7.179402408845118e-17,-2.096635261501615e-10,7.208451554130491e-17,7.866139094714394e-17,1.3151653230924616e-16,-2.0966363625815207e-10,1.1701259128720515e-16,7.678724568214442e-17,1.2771796891684332e-16,7.663950188556306e-17,-2.0966364275946163e-10,-2.0966352608395416e-10,7.788219813145194e-17,7.954813630637738e-17,8.479132211593238e-17,1.328750548475269e-16,7.48228551274062e-17
-2.6404725881867835e-06,1.298384323478312e-16,-2.0774239125899037e-10,7.743057464276051e-17,-2.0774238154794302e-10,3.3826665205057094e-16,7.855543444529033e-17,8.792652830705374e-17,1.4611770358129e-13,9.41434011028493e-17,7.859076773313709e-17,-2.0774259690817974e-10,-2.0774248098833856e-10,1.1576269331646605e-16,1.1491246476078622e-16,-4.133313984462561e-07,1.628770938001702e-13,8.230962648358513e-17,8.718120773005267e-17,-2.07742385549859e-10,1.6178895699195e-13,-3.8111945164565533e-06,1.2808760441251252e-16,7.874919143107086e-17,-2.0774239127375585e-10,-2.0774247454561662e-10,-2.0774247468973552e-10,8.096120502705711e-17,8.402936565891752e-17,8.304731308233764e-17,-2.0774239124466014e-10,-2.0774259674084958e-10,-2.0774238764758482e-10,3.2794977312008237e-16,7.813821193321255e-17,1.6369912468650529e-13,8.108687774700473e-17,8.188550443772018e-17,7.113535592051894e-17,-2.0774248091283246e-10,7.133899770699279e-17,7.813486111056601e-17,1.299002206437999e-16,-2.0774259007381037e-10,1.1576563677917665e-16,7.600802969578324e-17,2.516409805980732e-13,7.591915255717125e-17,-2.0774259669037437e-10,-2.0774248084202913e-10,7.698689912620652e-17,7.86527579704569e-17,8.39018206737821e-17,1.3113667254495872e-16,7.412474859282523e-17
-2.8921795920775206e-06,4.1033880275620963e-13,-6.650397781900482e-07,2.448518846274825e-13,-6.650397468126319e-07,5.385819125955372e-16,2.4957670516421867e-13,2.7756097713456167e-13,2.3213126908310616e-13,2.9832081958686495e-13,2.4957670670249405e-13,-3.3425239673422895e-10,-3.342522093405954e-10,3.6512527963358117e-13,1.8323606373689275e-16,-6.650393877516143e-07,1.3033296313808503e-16,2.6027088296747324e-13,2.76032965764984e-13,-6.650397599629935e-07,1.2945070843982907e-16,1.2808760441251252e-16,-3.811194270955667e-06,2.495767059785061e-13,-6.650397781900495e-07,-3.342521993078282e-10,-3.3425219924182247e-10,1.287014054800933e-16,1.3248739510544145e-16,2.628607451449781e-13,-6.650397781900483e-07,-3.342523962878238e-10,-6.650397668589685e-07,1.0368803318426637e-12,2.4648771293683647e-13,1.3099810188456255e-16,1.2922916427507603e-16,2.5912782543082436e-13,2.2441466722760995e-13,-3.342522095161126e-10,2.254400102761648e-13,2.4679107751597446e-13,4.114288736979188e-13,-3.342523857158655e-10,3.6512527960480035e-13,2.397387133417055e-13,3.997153806617725e-13,2.3973871304789736e-13,-3.3425239639272423e-10,-3.342522095161126e-10,2.435718934838635e-13,2.491245661715333e-13,1.3248752624901517e-16,4.1515847100417606e-13,2.3448624590552453e-13
-2.632910154302983e-06,1.2734073199613588e-16,-2.039414632810149e-10,7.576510395977498e-17,-2.0394145356384407e-10,3.3142628059167785e-16,1.536509245349531e-13,8.595742155002571e-17,7.189815056597433e-17,9.1962699924639e-17,1.5365092540871892e-13,-2.0394166506596113e-10,-2.0394155133074e-10,2.2547643105940454e-13,1.1253075893848955e-16,-4.0576894106341247e-07,8.021146115678576e-17,8.036456869729044e-17,8.545838733162057e-17,-2.0394145762522051e-10,7.950571324085005e-17,7.874919143107086e-17,2.495767059785061e-13,-3.8111945263132907e-06,-2.0394146337520361e-10,-2.0394154513712975e-10,-2.0394154516220288e-10,7.904324417997431e-17,8.118250260395451e-17,8.181159828485307e-17,-2.039414632561296e-10,-2.0394166494855515e-10,-2.039414597467981e-10,3.212916956423494e-16,7.622352330214318e-17,8.051169069658077e-17,7.994983304523783e-17,8.01504920817943e-17,1.3841252318424021e-13,-2.03941551188114e-10,1.3903514679978784e-13,7.61953727585319e-17,1.2736773115712294e-16,-2.0394165832302957e-10,2.2547643104316524e-13,7.43109608556146e-17,1.237937547908067e-16,7.41415843841313e-17,-2.0394166475321637e-10,-2.0394155123913106e-10,7.520888583834848e-17,1.5337694019867157e-13,8.151427809813093e-17,1.2868941072977435e-16,7.268898219189473e-17
1.0000203035686368,-6.719722183152673e-07,1.0000262903833774,-2.0059729967604219e-10,1.0000262449886004,-1.7495226691379437e-06,-2.0394146284573794e-10,-2.2839931406619584e-10,-1.916609607173543e-10,-2.427319304205201e-10,-2.0394146340166786e-10,1.0000272555215912,1.0000267123662068,-6.088372087123036e-07,-2.960628585582493e-10,1.0000257206477001,-2.10957896802479e-10,-2.1345135922109588e-10,-2.2717983278143842e-10,1.000026263990557,-2.0966343581312258e-10,-2.0774239127375585e-10,-6.650397781900495e-07,-2.0394146337520361e-10,1.0000224791893555,1.0000266830778588,1.0000266830778588,-2.084746742932056e-10,-2.1396293419247059e-10,-2.1333684059172316e-10,1.0000262903833783,1.0000272541383795,1.0000262739405323,-1.7025416826317227e-06,-2.0179578440231047e-10,-2.1187805252996946e-10,-2.0922692028818085e-10,-2.1269674259367881e-10,-1.8612838241384424e-10,1.0000267123662068,-1.8686786452129639e-10,-2.0201532020027798e-10,-6.736144024713832e-07,1.0000272233923466,-6.088372087964507e-07,-1.9684019280940478e-10,-6.572854903168931e-07,-1.9684019252285114e-10,1.0000272541383788,1.000026712366207,-1.9962691084003787e-10,-2.0357920825449751e-10,-2.1396293443538908e-10,-6.786761815819862e-07,-1.9322111332403634e-10
1.0000206962617078,-3.3773647691380123e-10,1.0000266830778581,-2.0059738022067628e-10,1.0000266376830627,-1.7495233724363459e-06,-2.0394154472824866e-10,-2.283994059798814e-10,-1.916610377695337e-10,-2.427320276873259e-10,-2.0394154555127863e-10,1.0000276482164459,1.0000271050608518,-3.060045185582069e-10,-5.890574154992781e-07,1.0000261133419577,-2.1095798146299422e-10,-2.1345144505524967e-10,-2.2717992401727297e-10,1.0000266566850258,-2.0966352000978908e-10,-2.0774247454561662e-10,-3.342521993078282e-10,-2.0394154513712975e-10,1.0000266830778588,1.000023264578507,1.0000270757724925,-2.084747578000868e-10,-2.1396302010124535e-10,-2.1333692599066264e-10,1.0000266830778586,1.0000276468332354,1.0000266666350055,-1.7025423677961024e-06,-2.017958654083036e-10,-2.1187813749282552e-10,-2.0922700421316216e-10,-2.1269682828230687e-10,-1.8612845753394047e-10,1.0000271050608527,-1.8686793965819235e-10,-2.0201540143771215e-10,-3.385618462149513e-10,1.0000276160871902,-3.0600451845184706e-10,-1.9684027181567703e-10,-3.3035485681335575e-10,-1.968402717089338e-10,1.0000276468332336,1.0000271050608527,-1.9962699119146697e-10,-2.0357929005772682e-10,-2.1396302003598612e-10,-3.411059207963805e-10,-1.9322119093966185e-10
1.0000206962617058,-3.3773647691380123e-10,1.0000266830778581,-2.0059738027820216e-10,1.0000266376830629,-1.7495233724363454e-06,-2.0394154478591317e-10,-2.283994059471941e-10,-1.9166103765829012e-10,-2.427320277222014e-10,-2.0394154545648588e-10,1.0000276482164465,1.000027105060853,-3.060045184716924e-10,-5.890574154992781e-07,1.0000261133419572,-2.109579815000006e-10,-2.13451445009826e-10,-2.2717992396542382e-10,1.0000266566850256,-2.0966351996393688e-10,-2.0774247468973552e-10,-3.3425219924182247e-10,-2.0394154516220288e-10,1.0000266830778588,1.0000270757724925,1.000023264578508,-2.0847475794032652e-10,-2.1396301994535406e-10,-2.1333692603235148e-10,1.0000266830778586,1.0000276468332354,1.0000266666350055,-1.7025423677961018e-06,-2.017958654083036e-10,-2.11878137329151e-10,-2.0922700421267857e-10,-2.1269682825766733e-10,-1.8612845741160682e-10,1.0000271050608533,-1.8686793971527326e-10,-2.0201540141661504e-10,-3.3856184621647545e-10,1.0000276160871906,-3.060045186412201e-10,-1.9684027179326256e-10,-3.303548569277374e-10,-1.9684027172144516e-10,1.000027646833234,1.0000271050608533,-1.9962699119146697e-10,-2.0357929001884462e-10,-2.139630200076854e-10,-3.411059207963805e-10,-1.9322119092732278e-10
-2.6419295617590906e-06,1.3030367768769564e-16,-2.0847467422397244e-10,7.777758478776162e-17,-2.084746645606121e-10,3.4006255917737144e-16,7.956419444145396e-17,8.819294668991515e-17,7.362456981704108e-17,1.8828540175574305e-13,7.909991654211695e-17,-2.0847488050023836e-10,-2.0847476409799802e-10,2.315649157408908e-13,1.1543515480836403e-16,-4.147883740866815e-07,8.259795475622035e-17,8.261628524104209e-17,8.778559791204447e-17,-2.0847466860350202e-10,8.159867507434231e-17,8.096120502705711e-17,1.287014054800933e-16,7.904324417997431e-17,-2.084746742932056e-10,-2.084747578000868e-10,-2.0847475794032652e-10,-3.811194512707694e-06,8.369562298918732e-17,8.320421816990638e-17,-2.084746743219833e-10,-2.0847488022410937e-10,-2.0847467077722911e-10,6.559377597430039e-13,7.782475841544685e-17,8.256098619682706e-17,8.19463656477137e-17,8.227235628817065e-17,7.138304497559865e-17,-2.0847476414395046e-10,7.172372339221265e-17,7.817323216928992e-17,1.3053470554794243e-16,-2.0847487362767643e-10,2.3156491572476966e-13,7.613653609219274e-17,2.529234707267956e-13,7.61587387396559e-17,-2.0847488020806377e-10,-2.0847476413955213e-10,7.736908856193731e-17,7.905588266493923e-17,8.369562298917892e-17,1.3189872666185295e-16,7.450994786489339e-17
-2.6528491592537477e-06,1.3415795275386406e-16,-2.1396293416243452e-10,7.998482313220032e-17,-2.1396292412908974e-10,3.5006253909028955e-16,8.175805496425908e-17,9.081309020584792e-17,1.5113611597964259e-13,9.737587731924601e-17,8.118250260395451e-17,-2.139631456228942e-10,-2.139630262849285e-10,1.198400992405637e-16,1.1884658191392585e-16,-4.2570800500527096e-07,8.47244748747403e-17,8.502743933425703e-17,9.028783903505686e-17,-2.13962928365086e-10,8.452747927322727e-17,8.402936565891752e-17,1.3248739510544145e-16,8.118250260395451e-17,-2.1396293419247059e-10,-2.1396302010124535e-10,-2.1396301994535406e-10,8.369562298918732e-17,-3.811194506343145e-06,8.591333399000314e-17,-2.1396293413482936e-10,-2.1396314528531952e-10,-2.1396293056167846e-10,3.392043235868629e-16,8.015308293345613e-17,8.529624366304484e-17,8.438016512169422e-17,8.471002276012819e-17,7.357460279962758e-17,-2.1396302628820263e-10,7.380772809778665e-17,8.074041984230604e-17,1.3440970291933228e-16,-2.1396313857845833e-10,1.198243368435222e-16,7.835828517648575e-17,1.307640347159386e-16,7.827428499174117e-17,-2.1396314528531952e-10,-2.1396302629180857e-10,7.931610744342053e-17,8.119428384533552e-17,1.710621345089709e-13,1.3601850125530912e-16,7.666625452206367e-17
-2.651603466096737e-06,1.3397981087237e-16,-2.1333684050988987e-10,8.006861610560624e-17,-2.1333683055411141e-10,3.4892853057676066e-16,8.149840758023764e-17,9.052258750897484e-17,7.576700797930097e-17,9.746692399853812e-17,8.181159828485307e-17,-2.1333705155251895e-10,-2.1333693251377025e-10,2.377541342348832e-13,1.187686985960397e-16,-4.244623077152075e-07,8.44168684091478e-17,8.453491705591305e-17,1.791012638331937e-13,-2.1333683483417277e-10,8.38043020548375e-17,8.304731308233764e-17,2.628607451449781e-13,8.181159828485307e-17,-2.1333684059172316e-10,-2.1333692599066264e-10,-2.1333692603235148e-10,8.320421816990638e-17,8.591333399000314e-17,-3.8111945081260516e-06,-2.1333684056003012e-10,-2.1333705113526372e-10,-2.1333683693472192e-10,3.3829915778743453e-16,8.021008785675498e-17,8.455863646126232e-17,1.6635400046957182e-13,8.459898498608385e-17,1.4582913753096364e-13,-2.1333693255451732e-10,1.4647838888160776e-13,8.046384282431569e-17,1.3414260043420787e-16,-2.133370443786078e-10,2.3775413421869516e-13,7.772214322098827e-17,1.303843020381185e-16,7.779066021958873e-17,-2.1333705122060177e-10,-2.1333693255451732e-10,7.928869420726739e-17,8.08552883365753e-17,8.548830778254542e-17,1.353205384828426e-16,1.5217785814290387e-13
1.0000203035686348,-6.71972218315266e-07,1.0000262903833765,-2.0059729970393156e-10,1.0000262449885997,-1.7495226691379424e-06,-2.0394146281848296e-10,-2.2839931411347125e-10,-1.9166096056989632e-10,-2.427319304392087e-10,-2.0394146362012823e-10,1.0000272555215886,1.0000267123662057,-6.088372087123026e-07,-2.960628585582493e-10,1.0000257206476983,-2.1095789690257832e-10,-2.134513591560318e-10,-2.2717983258654254e-10,1.0000262639905555,-2.096634357616247e-10,-2.0774239124466014e-10,-6.650397781900483e-07,-2.039414632561296e-10,1.0000262903833783,1.0000266830778586,1.0000266830778586,-2.084746743219833e-10,-2.1396293413482936e-10,-2.1333684056003012e-10,1.0000224791893613,1.0000272541383797,1.0000262739405317,-1.7025416826317178e-06,-2.017957844296689e-10,-2.1187805252203488e-10,-2.0922692033233167e-10,-2.1269674253866484e-10,-1.861283824512493e-10,1.0000267123662068,-1.8686786455800935e-10,-2.0201532016445356e-10,-6.736144024713817e-07,1.0000272233923457,-6.088372087964503e-07,-1.9684019269002773e-10,-6.572854903168917e-07,-1.9684019250144226e-10,1.0000272541383781,1.0000267123662068,-1.9962691093472717e-10,-2.035792083769214e-10,-2.1396293438358144e-10,-6.786761815819842e-07,-1.9322111328961314e-10
1.0000212673202031,-3.3773667583072393e-10,1.0000272541383788,-2.005974982272025e-10,1.0000272087435582,-8.793190451200048e-10,-2.0394166451059003e-10,-2.2839954039096133e-10,-1.9166115068873091e-10,-2.427321699546194e-10,-2.0394166526024309e-10,1.0000282192775143,1.0000276761216125,-3.060046995137947e-10,-2.9606315065334156e-10,1.0000266844021555,-2.1095810528500087e-10,-2.1345157062965413e-10,-2.2718005759391714e-10,1.0000272277455315,-2.0966364277504727e-10,-2.0774259674084958e-10,-3.342523962878238e-10,-2.0394166494855515e-10,1.0000272541383795,1.0000276468332354,1.0000276468332354,-2.0847488022410937e-10,-2.1396314528531952e-10,-2.1333705113526372e-10,1.0000272541383797,1.000024406700378,1.0000272376955175,-8.557061634039926e-10,-2.0179598413377545e-10,-2.1187826182829358e-10,-2.0922712694372557e-10,-2.1269695338594822e-10,-1.8612856723720421e-10,1.0000276761216125,-1.8686805001843883e-10,-2.0201552012985445e-10,-3.385620459451762e-10,1.000028187148241,-3.060046995922509e-10,-1.9684038756763283e-10,-3.303550517893829e-10,-1.9684038749973712e-10,1.000028217894302,1.0000276761216134,-1.9962710848715468e-10,-2.0357940976025508e-10,-2.1396314556593974e-10,-3.4110612167711035e-10,-1.9322130492509125e-10
