1.000000009647743,1.000013329280474,1.000013280429035,4.4664424054073e-06,4.363371953119186e-06,1.0000133561055105,1.0000132804290327,4.5150122592637056e-06,1.0000131161685282,4.363496596978534e-06,4.363488146725822e-06,4.427974300000588e-06,4.361686377161405e-06,1.0000132804290358,4.717668630098107e-06,4.5708726066177425e-06,4.363079577781746e-06,1.0000131161685293,1.000013280429033,4.363079579797877e-06,4.362324249806355e-06,1.0000132804290354,1.0000132804290367,4.363488146635561e-06,1.0000132804290358,1.0000132754071902,1.000013084628352,1.0000132804290354,4.515892132575501e-06,4.392852301733154e-06,4.392286489765623e-06,4.568537868824502e-06,4.361457575991283e-06,1.000013014489918,1.0000133469194996,1.0000133401140985,1.000013116168529
1.000013329280474,1.000016276484308,1.0000146489990829,2.721663673772773e-10,2.2022185749306253e-10,1.000014724675873,1.0000146489990829,2.966441533235043e-10,1.0000144847378944,2.2028467993948212e-10,2.2028042012187777e-10,2.527795596613558e-10,2.1937237738642454e-10,1.0000146489990833,7.912743201738612e-07,3.247961387767328e-10,2.200745154504372e-10,1.000014484737895,1.000014648999083,2.200745149980337e-10,2.1969385551032133e-10,1.000014648999083,1.000014648999083,2.2028042034524965e-10,1.0000146489990833,1.0000146439772142,1.0000144531975848,1.0000146489990833,2.9708758225245187e-10,4.664562644364434e-07,2.347939456916676e-10,6.42142771084819e-07,2.1925706792983845e-10,1.0000143830588526,1.0000147154898202,1.000014708684392,1.0000144847378953
1.000013280429035,1.0000146489990829,1.0000161787810378,2.721663535093136e-10,2.2022184626988816e-10,1.0000146758242352,1.0000146001474493,2.966441383794877e-10,1.0000144358862677,2.2028466876021157e-10,2.2028040894810234e-10,2.527795467486898e-10,2.1937236621909052e-10,1.0000146001474512,3.987770361033531e-10,3.2479612227958816e-10,2.2007450417527883e-10,1.000014435886267,1.0000146001474495,2.2007450371784415e-10,2.1969384429827287e-10,1.0000146001474504,1.0000146001474504,2.202804090983093e-10,1.0000146001474501,1.0000145951255812,1.000014404345959,1.0000146001474506,2.9708756709094153e-10,2.350790883975806e-10,2.347939334437906e-10,3.23619488340726e-10,2.1925705677700237e-10,1.0000143342072292,1.0000146666381855,1.000014659832756,1.0000144358862675
4.4664424054073e-06,2.721663673772773e-10,2.721663535093136e-10,1.5786343627308433e-06,2.351456695576179e-13,2.721663747511396e-10,2.7216635350956643e-10,1.5975277170117504e-16,2.721663071629277e-10,1.1815791522762548e-16,1.1818662503794238e-16,2.7000768021622684e-13,1.178916869403625e-16,2.7216635349125823e-10,4.2691078430396944e-13,1.7513450414926792e-16,1.1821282729560243e-16,2.7216630714464853e-10,2.7216635349125823e-10,1.1835561423013646e-16,1.1774149063657887e-16,2.721663534674809e-10,2.721663534450463e-10,1.1805596113548802e-16,2.7216635346277623e-10,5.400467313618642e-07,5.400466245682264e-07,2.721663535096343e-10,1.6005839414576195e-16,1.2659671989134324e-16,1.26305674490229e-16,1.7429766857290087e-16,1.1826050161655266e-16,5.40046585417605e-07,5.400467713765667e-07,2.721663703861382e-10,2.7216630716551964e-10
4.363371953119186e-06,2.2022185749306253e-10,2.2022184626988816e-10,2.351456695576179e-13,1.5786342641258191e-06,2.2022186353330907e-10,2.2022184626266705e-10,1.2936871204755583e-16,2.2022180871246224e-10,9.595278864000469e-17,9.552556358356663e-17,2.1838173179022933e-13,9.563963363614138e-17,2.2022184627117057e-10,3.4533110194251617e-13,1.4173559038442498e-16,9.52337200836787e-17,2.2022180871837687e-10,2.2022184625525195e-10,9.52337200836787e-17,9.496750842854401e-17,2.2022184628028096e-10,2.202218462811803e-10,9.58665505533505e-17,2.2022184628028096e-10,2.202218449866737e-10,2.202218014847083e-10,2.2022184627701098e-10,1.293052868194634e-16,1.0257037179576983e-16,1.0186203905909991e-16,1.409536298345046e-16,9.508544865487791e-17,4.36975601785064e-07,2.202218615791287e-10,2.202218599407742e-10,2.202218087169158e-10
1.0000133561055105,1.000014724675873,1.0000146758242352,2.721663747511396e-10,2.2022186353330907e-10,1.0000163301346092,1.0000146758242359,2.9664416175327925e-10,1.0000145115630423,2.2028468615320322e-10,2.202804262728466e-10,2.527795665744269e-10,2.1937238357254653e-10,1.000014675824237,7.912743418474696e-07,3.2479614763501113e-10,2.2007452159297922e-10,1.0000145115630446,1.000014675824236,2.200745210785985e-10,2.196938616034956e-10,1.0000146758242365,1.0000146758242365,2.2028042633895007e-10,1.0000146758242368,1.0000146708023665,1.000014480022733,1.000014675824236,2.9708759067673034e-10,2.350791070016678e-10,2.3479395198980053e-10,3.2361951349732227e-10,2.1925707400511513e-10,1.0000144098839985,1.000014742314975,1.0000147355095468,1.0000145115630443
1.0000132804290327,1.0000146489990829,1.0000146001474493,2.7216635350956643e-10,2.2022184626266705e-10,1.0000146758242359,1.0000161787810433,2.966441384211611e-10,1.0000144358862677,2.2028466869814803e-10,2.20280408914866e-10,2.5277954674236194e-10,2.1937236622705138e-10,1.000014600147451,3.987770360703627e-10,3.2479612229977804e-10,2.2007450417527883e-10,1.000014435886268,1.0000146001474504,2.2007450380039288e-10,2.1969384428108038e-10,1.0000146001474517,1.0000146001474517,2.2028040924593828e-10,1.0000146001474506,1.0000145951255819,1.0000144043459591,1.0000146001474515,2.970875671917861e-10,2.3507908836298817e-10,2.3479393355096514e-10,3.2361948831309255e-10,2.192570567917344e-10,1.0000143342072292,1.000014666638185,1.000014659832757,1.000014435886267
4.5150122592637056e-06,2.966441533235043e-10,2.966441383794877e-10,1.5975277170117504e-16,1.2936871204755583e-16,2.9664416175327925e-10,2.966441384211611e-10,1.5786344203981742e-06,5.886167368653553e-07,1.2908148349256868e-16,1.2902579231848855e-16,1.4827137365299263e-16,1.2931308271410554e-16,2.9664413845095216e-10,4.65570357952294e-13,3.7895138933836934e-13,1.2901873926720818e-16,5.88616736865356e-07,2.966441383588694e-10,1.2924524958323958e-16,1.286728804586475e-16,2.9664413838491104e-10,2.96644138500314e-10,1.2922163647519238e-16,2.966441384199258e-10,2.9664413702978173e-10,5.88616717735099e-07,2.966441383863323e-10,3.4651173345908866e-13,1.3784420567492979e-16,1.3774320209671504e-16,3.773663225886308e-13,2.5540339209229046e-13,5.886166752202015e-07,2.966441588820162e-10,2.96644156734029e-10,5.886167368653553e-07
1.0000131161685282,1.0000144847378944,1.0000144358862677,2.721663071629277e-10,2.2022180871246224e-10,1.0000145115630423,1.0000144358862677,5.886167368653553e-07,1.0000158502587027,2.2028463089973015e-10,2.2028037122354975e-10,2.5277950375775463e-10,2.1937232902109358e-10,1.0000144358862677,7.912741471499805e-07,6.4447736811943e-07,2.2007446648422414e-10,1.000014271625109,1.0000144358862684,2.200744660340523e-10,2.196938065209654e-10,1.0000144358862677,1.0000144358862675,2.2028037133782348e-10,1.0000144358862684,1.0000144308644003,1.0000142400848038,1.0000144358862686,5.894966111023924e-07,2.350790482356185e-10,2.347938934560599e-10,6.42142629710645e-07,2.1925701938431922e-10,1.0000141699460832,1.000014502376995,1.0000144955715666,1.0000142716251081
4.363496596978534e-06,2.2028467993948212e-10,2.2028466876021157e-10,1.1815791522762548e-16,9.595278864000469e-17,2.2028468615320322e-10,2.2028466869814803e-10,1.2908148349256868e-16,2.2028463089973015e-10,1.5786342653764764e-06,9.594568590655458e-17,1.1004830143444052e-16,1.8924747416459434e-13,2.2028466869814803e-10,1.7394882217662694e-16,1.4162166108942087e-16,9.568644592872225e-17,2.2028463096719503e-10,2.2028466875493827e-10,9.577342717404587e-17,9.522430295475801e-17,2.2028466875493827e-10,2.2028466875493827e-10,9.594568590655458e-17,2.2028466876021157e-10,2.202846676342088e-10,2.2028462371597086e-10,2.2028466877625658e-10,1.293759482302488e-16,1.0230430878162476e-16,1.0246711476002211e-16,1.41028369768364e-16,9.527189842228684e-17,4.371002571666e-07,2.2028468391737055e-10,2.2028468240913577e-10,2.2028463092940955e-10
4.363488146725822e-06,2.2028042012187777e-10,2.2028040894810234e-10,1.1818662503794238e-16,9.552556358356663e-17,2.202804262728466e-10,2.20280408914866e-10,1.2902579231848855e-16,2.2028037122354975e-10,9.594568590655458e-17,1.5786342627612425e-06,1.0997495540126788e-16,9.555009878057594e-17,2.202804089575978e-10,1.7399859363985852e-16,1.4165217660236913e-16,9.569143340033501e-17,2.202803712171598e-10,2.202804089575978e-10,9.531851379059061e-17,9.586124025631133e-17,2.2028040894810234e-10,2.2028040894833785e-10,1.899774169948408e-13,2.202804089532823e-10,2.2028040783145098e-10,2.2028036400362128e-10,2.20280408914866e-10,1.295638369220624e-16,1.0225271004938046e-16,1.024746175501179e-16,1.4110576028323581e-16,9.512793705951609e-17,4.3709180472482477e-07,2.202804240673939e-10,2.2028042260361366e-10,2.2028037122855523e-10
4.427974300000588e-06,2.527795596613558e-10,2.527795467486898e-10,2.7000768021622684e-13,2.1838173179022933e-13,2.527795665744269e-10,2.5277954674236194e-10,1.4827137365299263e-16,2.5277950375775463e-10,1.1004830143444052e-16,1.0997495540126788e-16,1.5786343226990715e-06,1.0960897568759273e-16,2.527795467445366e-10,3.964844027169181e-13,1.625728371214352e-16,1.0991900829526622e-16,2.5277950375775463e-10,2.5277954670755795e-10,1.0973925273011041e-16,1.0937352063920168e-16,2.52779546786818e-10,2.5277954671694366e-10,1.1011222214348617e-16,2.527795467534624e-10,5.01578414195331e-07,5.015783149797831e-07,2.527795467373608e-10,1.4870112849287444e-16,1.177527038223315e-16,1.1708491205193312e-16,1.619708396544365e-16,1.0949188021370368e-16,5.01578278608118e-07,2.527795639877229e-10,2.5277956239841456e-10,2.5277950369648913e-10
4.361686377161405e-06,2.1937237738642454e-10,2.1937236621909052e-10,1.178916869403625e-16,9.563963363614138e-17,2.1937238357254653e-10,2.1937236622705138e-10,1.2931308271410554e-16,2.1937232902109358e-10,1.8924747416459434e-13,9.555009878057594e-17,1.0960897568759273e-16,1.5786342622684362e-06,2.1937236621974197e-10,3.4393897399735184e-13,2.799057085309047e-13,9.506187609873529e-17,2.1937232901852792e-10,2.1937236621794704e-10,9.506187609873529e-17,9.487883888093849e-17,2.1937236621989666e-10,2.1937236621806275e-10,9.566708628976617e-17,2.1937236623130583e-10,2.1937236509801785e-10,2.1937232162237793e-10,2.1937236621909052e-10,2.559250279760631e-13,1.013593043412525e-16,2.0184156192192156e-13,1.4052128561211152e-16,9.480524055863504e-17,4.352900194446662e-07,2.193723813850287e-10,2.1937237976638064e-10,2.1937232907351654e-10
1.0000132804290358,1.0000146489990833,1.0000146001474512,2.7216635349125823e-10,2.2022184627117057e-10,1.000014675824237,1.000014600147451,2.9664413845095216e-10,1.0000144358862677,2.2028466869814803e-10,2.202804089575978e-10,2.527795467445366e-10,2.1937236621974197e-10,1.0000161787810422,3.9877703625146473e-10,3.247961223251744e-10,2.200745042023198e-10,1.0000144358862695,1.0000146001474506,2.2007450380039288e-10,2.1969384424741834e-10,1.0000146001474521,1.0000146001474521,2.202804090983093e-10,1.0000146001474517,1.0000145951255817,1.0000144043459613,1.0000146001474517,2.9708756706443303e-10,2.3507908820228947e-10,2.347939334447004e-10,3.2361948824919326e-10,2.1925705678451927e-10,1.0000143342072303,1.0000146666381864,1.000014659832758,1.0000144358862695
4.717668630098107e-06,7.912743201738612e-07,3.987770361033531e-10,4.2691078430396944e-13,3.4533110194251617e-13,7.912743418474696e-07,3.987770360703627e-10,4.65570357952294e-13,7.912741471499805e-07,1.7394882217662694e-16,1.7399859363985852e-16,3.964844027169181e-13,3.4393897399735184e-13,3.9877703625146473e-10,1.5786346998369715e-06,5.099729761295174e-13,1.738064138596197e-16,7.91274147149981e-07,3.98777036244825e-10,1.7379260849335718e-16,1.7363594028648557e-16,3.987770360597692e-10,3.987770362245469e-10,1.739692307981483e-16,3.987770360746814e-10,7.912742764153221e-07,7.912741215922529e-07,3.987770361033531e-10,4.663496993782656e-13,1.852606962502901e-16,3.6808083089399433e-13,5.079016994490331e-13,1.7315897205135077e-16,7.912740647871084e-07,3.987770632313104e-10,3.987770604625111e-10,7.91274147149981e-07
4.5708726066177425e-06,3.247961387767328e-10,3.2479612227958816e-10,1.7513450414926792e-16,1.4173559038442498e-16,3.2479614763501113e-10,3.2479612229977804e-10,3.7895138933836934e-13,6.4447736811943e-07,1.4162166108942087e-16,1.4165217660236913e-16,1.625728371214352e-16,2.799057085309047e-13,3.247961223251744e-10,5.099729761295174e-13,1.5786344914222807e-06,1.410407686432648e-16,6.444773681194302e-07,3.2479612238111047e-10,1.410407686432648e-16,1.4107301932194241e-16,3.2479612232927675e-10,3.247961223142663e-10,1.4152861558009028e-16,3.2479612232927675e-10,3.2479612064562175e-10,6.444773472329285e-07,3.247961222914512e-10,3.795959048707954e-13,1.5115711044018572e-16,2.9954864291963107e-13,4.1340634590003387e-13,2.79824763508335e-13,6.444773008127714e-07,3.247961445461876e-10,6.44477516669354e-07,6.444773681194299e-07
4.363079577781746e-06,2.200745154504372e-10,2.2007450417527883e-10,1.1821282729560243e-16,9.52337200836787e-17,2.2007452159297922e-10,2.2007450417527883e-10,1.2901873926720818e-16,2.2007446648422414e-10,9.568644592872225e-17,9.569143340033501e-17,1.0991900829526622e-16,9.506187609873529e-17,2.200745042023198e-10,1.738064138596197e-16,1.410407686432648e-16,1.5786342630193506e-06,2.2007446649293782e-10,2.2007450429753235e-10,9.564688028837838e-17,9.48065162619957e-17,2.2007450432612065e-10,2.20074504134612e-10,9.569143340033501e-17,2.2007450417527883e-10,2.2007450299375134e-10,2.2007445924597375e-10,2.2007450432612065e-10,1.2945340351461733e-16,1.0196305965238741e-16,1.0149597435729916e-16,1.4067886412370415e-16,1.8905103860004458e-13,4.366832378620389e-07,2.2007451947902717e-10,2.2007451799411126e-10,2.200744664774107e-10
1.0000131161685293,1.000014484737895,1.000014435886267,2.7216630714464853e-10,2.2022180871837687e-10,1.0000145115630446,1.000014435886268,5.88616736865356e-07,1.000014271625109,2.2028463096719503e-10,2.202803712171598e-10,2.5277950375775463e-10,2.1937232901852792e-10,1.0000144358862695,7.91274147149981e-07,6.444773681194302e-07,2.2007446649293782e-10,1.0000158502587038,1.0000144358862688,2.2007446602534205e-10,2.1969380651989153e-10,1.000014435886268,1.000014435886269,2.202803713472475e-10,1.0000144358862688,1.0000144308644012,1.0000142400848049,1.000014435886269,5.894966111023925e-07,2.3507904825125513e-10,2.3479389352681873e-10,6.421426297106457e-07,2.1925701948073405e-10,1.0000141699460845,1.0000145023769953,1.000014495571568,1.0000142716251084
1.000013280429033,1.000014648999083,1.0000146001474495,2.7216635349125823e-10,2.2022184625525195e-10,1.000014675824236,1.0000146001474504,2.966441383588694e-10,1.0000144358862684,2.2028466875493827e-10,2.202804089575978e-10,2.5277954670755795e-10,2.1937236621794704e-10,1.0000146001474506,3.98777036244825e-10,3.2479612238111047e-10,2.2007450429753235e-10,1.0000144358862688,1.0000161787810393,2.2007450382492343e-10,2.196938442019119e-10,1.0000146001474508,1.0000146001474501,2.202804090983093e-10,1.0000146001474517,1.0000145951255817,1.0000144043459591,1.0000146001474506,2.97087567089834e-10,2.350790883674691e-10,2.347939334714847e-10,3.2361948821583813e-10,2.1925705676026548e-10,1.0000143342072287,1.000014666638185,1.000014659832756,1.0000144358862677
4.363079579797877e-06,2.200745149980337e-10,2.2007450371784415e-10,1.1835561423013646e-16,9.52337200836787e-17,2.200745210785985e-10,2.2007450380039288e-10,1.2924524958323958e-16,2.200744660340523e-10,9.577342717404587e-17,9.531851379059061e-17,1.0973925273011041e-16,9.506187609873529e-17,2.2007450380039288e-10,1.7379260849335718e-16,1.410407686432648e-16,9.564688028837838e-17,2.2007446602534205e-10,2.2007450382492343e-10,1.5786342630193506e-06,9.488568521331817e-17,2.2007450383697662e-10,2.2007450381707975e-10,9.531851379059061e-17,2.2007450381707977e-10,2.2007450262587778e-10,2.200744588484495e-10,2.200745037973416e-10,1.2912284210124503e-16,1.0196305965238741e-16,1.0200920138526784e-16,1.4067886412370415e-16,1.8905103888880392e-13,4.366832369795803e-07,2.2007451904364125e-10,2.2007451739666907e-10,2.2007446604008466e-10
4.362324249806355e-06,2.1969385551032133e-10,2.1969384429827287e-10,1.1774149063657887e-16,9.496750842854401e-17,2.196938616034956e-10,2.1969384428108038e-10,1.286728804586475e-16,2.196938065209654e-10,9.522430295475801e-17,9.586124025631133e-17,1.0937352063920168e-16,9.487883888093849e-17,2.1969384424741834e-10,1.7363594028648557e-16,1.4107301932194241e-16,9.48065162619957e-17,2.1969380651989153e-10,2.196938442019119e-10,9.488568521331817e-17,1.5786342653246759e-06,2.1969384426228203e-10,2.1969384435527825e-10,9.580737670784314e-17,2.19693844135763e-10,2.1969384308431366e-10,2.1969379932205698e-10,2.1969384426246944e-10,1.29003690764086e-16,1.0166814511079114e-16,1.0175143856174697e-16,1.4051955483327594e-16,9.498130385123815e-17,4.3592791260500086e-07,2.196938595007251e-10,2.1969385788027872e-10,2.1969380651818407e-10
1.0000132804290354,1.000014648999083,1.0000146001474504,2.721663534674809e-10,2.2022184628028096e-10,1.0000146758242365,1.0000146001474517,2.9664413838491104e-10,1.0000144358862677,2.2028466875493827e-10,2.2028040894810234e-10,2.52779546786818e-10,2.1937236621989666e-10,1.0000146001474521,3.987770360597692e-10,3.2479612232927675e-10,2.2007450432612065e-10,1.000014435886268,1.0000146001474508,2.2007450383697662e-10,2.1969384426228203e-10,1.0000161787810427,1.000014600147451,2.2028040916617886e-10,1.0000146001474524,1.0000145951255817,1.0000144043459602,1.0000146001474512,2.970875671325649e-10,2.3507908830433104e-10,2.3479393348399443e-10,3.2361948825092946e-10,2.1925705671957303e-10,1.0000143342072296,1.0000146666381853,1.0000146598327575,1.0000144358862688
1.0000132804290367,1.000014648999083,1.0000146001474504,2.721663534450463e-10,2.202218462811803e-10,1.0000146758242365,1.0000146001474517,2.96644138500314e-10,1.0000144358862675,2.2028466875493827e-10,2.2028040894833785e-10,2.5277954671694366e-10,2.1937236621806275e-10,1.0000146001474521,3.987770362245469e-10,3.247961223142663e-10,2.20074504134612e-10,1.000014435886269,1.0000146001474501,2.2007450381707975e-10,2.1969384435527825e-10,1.000014600147451,1.000016178781038,2.2028040918455326e-10,1.0000146001474497,1.000014595125581,1.0000144043459598,1.0000146001474517,2.9708756708184136e-10,2.3507908832792786e-10,2.347939334437906e-10,3.2361948821583813e-10,2.1925705675911493e-10,1.0000143342072292,1.0000146666381846,1.0000146598327568,1.0000144358862684
4.363488146635561e-06,2.2028042034524965e-10,2.202804090983093e-10,1.1805596113548802e-16,9.58665505533505e-17,2.2028042633895007e-10,2.2028040924593828e-10,1.2922163647519238e-16,2.2028037133782348e-10,9.594568590655458e-17,1.899774169948408e-13,1.1011222214348617e-16,9.566708628976617e-17,2.202804090983093e-10,1.739692307981483e-16,1.4152861558009028e-16,9.569143340033501e-17,2.202803713472475e-10,2.202804090983093e-10,9.531851379059061e-17,9.580737670784314e-17,2.2028040916617886e-10,2.2028040918455326e-10,1.5786342627612425e-06,2.2028040918969675e-10,2.2028040797008924e-10,2.2028036411788553e-10,2.2028040910275254e-10,1.2946073478647017e-16,1.0213093859773659e-16,1.024746175501179e-16,1.408649480515608e-16,9.512793705951609e-17,4.3709180498015655e-07,2.202804243564446e-10,2.2028042269554225e-10,2.202803713517047e-10
1.0000132804290358,1.0000146489990833,1.0000146001474501,2.7216635346277623e-10,2.2022184628028096e-10,1.0000146758242368,1.0000146001474506,2.966441384199258e-10,1.0000144358862684,2.2028466876021157e-10,2.202804089532823e-10,2.527795467534624e-10,2.1937236623130583e-10,1.0000146001474517,3.987770360746814e-10,3.2479612232927675e-10,2.2007450417527883e-10,1.0000144358862688,1.0000146001474517,2.2007450381707977e-10,2.19693844135763e-10,1.0000146001474524,1.0000146001474497,2.2028040918969675e-10,1.0000161787810402,1.0000145951255819,1.0000144043459593,1.000014600147451,2.9708756714093173e-10,2.3507908826113965e-10,2.3479393344469513e-10,3.2361948829266666e-10,2.1925705675995278e-10,1.0000143342072292,1.0000146666381857,1.000014659832757,1.0000144358862675
1.0000132754071902,1.0000146439772142,1.0000145951255812,5.400467313618642e-07,2.202218449866737e-10,1.0000146708023665,1.0000145951255819,2.9664413702978173e-10,1.0000144308644003,2.202846676342088e-10,2.2028040783145098e-10,5.01578414195331e-07,2.1937236509801785e-10,1.0000145951255817,7.912742764153221e-07,3.2479612064562175e-10,2.2007450299375134e-10,1.0000144308644012,1.0000145951255817,2.2007450262587778e-10,2.1969384308431366e-10,1.0000145951255817,1.000014595125581,2.2028040797008924e-10,1.0000145951255819,1.0000161687372997,1.0000143993240909,1.0000145951255814,2.970875657652301e-10,2.350790872158786e-10,2.347939323554168e-10,3.236194866382825e-10,2.192570556474433e-10,1.0000143291853616,1.000014661616315,1.0000146548108875,1.0000144308644008
1.000013084628352,1.0000144531975848,1.000014404345959,5.400466245682264e-07,2.202218014847083e-10,1.000014480022733,1.0000144043459591,5.88616717735099e-07,1.0000142400848038,2.2028462371597086e-10,2.2028036400362128e-10,5.015783149797831e-07,2.1937232162237793e-10,1.0000144043459613,7.912741215922529e-07,6.444773472329285e-07,2.2007445924597375e-10,1.0000142400848049,1.0000144043459591,2.200744588484495e-10,2.1969379932205698e-10,1.0000144043459602,1.0000144043459598,2.2028036411788553e-10,1.0000144043459593,1.0000143993240909,1.0000157871780977,1.0000144043459593,5.894965919660914e-07,2.350790405125909e-10,2.347938857844426e-10,6.421426088392791e-07,2.1925701221840175e-10,1.0000141384057815,1.000014470836683,1.0000144640312574,1.0000142400848049
1.0000132804290354,1.0000146489990833,1.0000146001474506,2.721663535096343e-10,2.2022184627701098e-10,1.000014675824236,1.0000146001474515,2.966441383863323e-10,1.0000144358862686,2.2028466877625658e-10,2.20280408914866e-10,2.527795467373608e-10,2.1937236621909052e-10,1.0000146001474517,3.987770361033531e-10,3.247961222914512e-10,2.2007450432612065e-10,1.000014435886269,1.0000146001474506,2.200745037973416e-10,2.1969384426246944e-10,1.0000146001474512,1.0000146001474517,2.2028040910275254e-10,1.000014600147451,1.0000145951255814,1.0000144043459593,1.0000161787810407,2.9708756706443303e-10,2.3507908830433104e-10,2.3479393344469513e-10,3.236194883093463e-10,2.192570567620716e-10,1.0000143342072298,1.000014666638185,1.0000146598327566,1.000014435886268
4.515892132575501e-06,2.9708758225245187e-10,2.9708756709094153e-10,1.6005839414576195e-16,1.293052868194634e-16,2.9708759067673034e-10,2.970875671917861e-10,3.4651173345908866e-13,5.894966111023924e-07,1.293759482302488e-16,1.295638369220624e-16,1.4870112849287444e-16,2.559250279760631e-13,2.9708756706443303e-10,4.663496993782656e-13,3.795959048707954e-13,1.2945340351461733e-16,5.894966111023925e-07,2.97087567089834e-10,1.2912284210124503e-16,1.29003690764086e-16,2.970875671325649e-10,2.9708756708184136e-10,1.2946073478647017e-16,2.9708756714093173e-10,2.970875657652301e-10,5.894965919660914e-07,2.9708756706443303e-10,1.578634421094984e-06,1.3796218384484295e-16,1.3825326578325021e-16,3.7801691266630044e-13,2.5585486971012985e-13,5.894965494369265e-07,2.970875875733894e-10,2.97087585628834e-10,5.894966111023926e-07
4.392852301733154e-06,4.664562644364434e-07,2.350790883975806e-10,1.2659671989134324e-16,1.0257037179576983e-16,2.350791070016678e-10,2.3507908836298817e-10,1.3784420567492979e-16,2.350790482356185e-10,1.0230430878162476e-16,1.0225271004938046e-16,1.177527038223315e-16,1.013593043412525e-16,2.3507908820228947e-10,1.852606962502901e-16,1.5115711044018572e-16,1.0196305965238741e-16,2.3507904825125513e-10,2.350790883674691e-10,1.0196305965238741e-16,1.0166814511079114e-16,2.3507908830433104e-10,2.3507908832792786e-10,1.0213093859773659e-16,2.3507908826113965e-10,2.350790872158786e-10,2.350790405125909e-10,2.3507908830433104e-10,1.3796218384484295e-16,1.5786342907378636e-06,2.1623899541032897e-13,2.9859188840898347e-13,1.0140299171248313e-16,4.664561116434478e-07,2.350791047324693e-10,2.350791030168274e-10,2.350790482987637e-10
4.392286489765623e-06,2.347939456916676e-10,2.347939334437906e-10,1.26305674490229e-16,1.0186203905909991e-16,2.3479395198980053e-10,2.3479393355096514e-10,1.3774320209671504e-16,2.347938934560599e-10,1.0246711476002211e-16,1.024746175501179e-16,1.1708491205193312e-16,2.0184156192192156e-13,2.347939334447004e-10,3.6808083089399433e-13,2.9954864291963107e-13,1.0149597435729916e-16,2.3479389352681873e-10,2.347939334714847e-10,1.0200920138526784e-16,1.0175143856174697e-16,2.3479393348399443e-10,2.347939334437906e-10,1.024746175501179e-16,2.3479393344469513e-10,2.347939323554168e-10,2.347938857844426e-10,2.3479393344469513e-10,1.3825326578325021e-16,2.1623899541032897e-13,1.5786342898573606e-06,1.505317778752926e-16,1.0181231914085236e-16,4.6589029250896616e-07,4.6589045355624077e-07,2.34793947996646e-10,2.347938934560599e-10
4.568537868824502e-06,6.42142771084819e-07,3.23619488340726e-10,1.7429766857290087e-16,1.409536298345046e-16,3.2361951349732227e-10,3.2361948831309255e-10,3.773663225886308e-13,6.42142629710645e-07,1.41028369768364e-16,1.4110576028323581e-16,1.619708396544365e-16,1.4052128561211152e-16,3.2361948824919326e-10,5.079016994490331e-13,4.1340634590003387e-13,1.4067886412370415e-16,6.421426297106457e-07,3.2361948821583813e-10,1.4067886412370415e-16,1.4051955483327594e-16,3.2361948825092946e-10,3.2361948821583813e-10,1.408649480515608e-16,3.2361948829266666e-10,3.236194866382825e-10,6.421426088392791e-07,3.236194883093463e-10,3.7801691266630044e-13,2.9859188840898347e-13,1.505317778752926e-16,1.5786344845694947e-06,1.402339277546433e-16,6.421425624550125e-07,3.2361951047389276e-10,3.23619508265395e-10,6.421426297106446e-07
4.361457575991283e-06,2.1925706792983845e-10,2.1925705677700237e-10,1.1826050161655266e-16,9.508544865487791e-17,2.1925707400511513e-10,2.192570567917344e-10,2.5540339209229046e-13,2.1925701938431922e-10,9.527189842228684e-17,9.512793705951609e-17,1.0949188021370368e-16,9.480524055863504e-17,2.1925705678451927e-10,1.7315897205135077e-16,2.79824763508335e-13,1.8905103860004458e-13,2.1925701948073405e-10,2.1925705676026548e-10,1.8905103888880392e-13,9.498130385123815e-17,2.1925705671957303e-10,2.1925705675911493e-10,9.512793705951609e-17,2.1925705675995278e-10,2.192570556474433e-10,2.1925701221840175e-10,2.192570567620716e-10,2.5585486971012985e-13,1.0140299171248313e-16,1.0181231914085236e-16,1.402339277546433e-16,1.578634263492443e-06,4.3506121648759345e-07,2.1925707193267385e-10,2.1925707022789692e-10,2.1925701951975376e-10
1.000013014489918,1.0000143830588526,1.0000143342072292,5.40046585417605e-07,4.36975601785064e-07,1.0000144098839985,1.0000143342072292,5.886166752202015e-07,1.0000141699460832,4.371002571666e-07,4.3709180472482477e-07,5.01578278608118e-07,4.352900194446662e-07,1.0000143342072303,7.912740647871084e-07,6.444773008127714e-07,4.366832378620389e-07,1.0000141699460845,1.0000143342072287,4.366832369795803e-07,4.3592791260500086e-07,1.0000143342072296,1.0000143342072292,4.3709180498015655e-07,1.0000143342072292,1.0000143291853616,1.0000141384057815,1.0000143342072298,5.894965494369265e-07,4.664561116434478e-07,4.6589029250896616e-07,6.421425624550125e-07,4.3506121648759345e-07,1.0000156469006658,1.0000144006979506,1.0000143938925246,1.0000141699460832
1.0000133469194996,1.0000147154898202,1.0000146666381855,5.400467713765667e-07,2.202218615791287e-10,1.000014742314975,1.000014666638185,2.966441588820162e-10,1.000014502376995,2.2028468391737055e-10,2.202804240673939e-10,2.527795639877229e-10,2.193723813850287e-10,1.0000146666381864,3.987770632313104e-10,3.247961445461876e-10,2.2007451947902717e-10,1.0000145023769953,1.000014666638185,2.2007451904364125e-10,2.196938595007251e-10,1.0000146666381853,1.0000146666381846,2.202804243564446e-10,1.0000146666381857,1.000014661616315,1.000014470836683,1.000014666638185,2.970875875733894e-10,2.350791047324693e-10,4.6589045355624077e-07,3.2361951047389276e-10,2.1925707193267385e-10,1.0000144006979506,1.0000163117625087,1.000014726323496,1.0000145023769946
1.0000133401140985,1.000014708684392,1.000014659832756,2.721663703861382e-10,2.202218599407742e-10,1.0000147355095468,1.000014659832757,2.96644156734029e-10,1.0000144955715666,2.2028468240913577e-10,2.2028042260361366e-10,2.5277956239841456e-10,2.1937237976638064e-10,1.000014659832758,3.987770604625111e-10,6.44477516669354e-07,2.2007451799411126e-10,1.000014495571568,1.000014659832756,2.2007451739666907e-10,2.1969385788027872e-10,1.0000146598327575,1.0000146598327568,2.2028042269554225e-10,1.000014659832757,1.0000146548108875,1.0000144640312574,1.0000146598327566,2.97087585628834e-10,2.350791030168274e-10,2.34793947996646e-10,3.23619508265395e-10,2.1925707022789692e-10,1.0000143938925246,1.000014726323496,1.0000162981516516,1.0000144955715662
1.000013116168529,1.0000144847378953,1.0000144358862675,2.7216630716551964e-10,2.202218087169158e-10,1.0000145115630443,1.000014435886267,5.886167368653553e-07,1.0000142716251081,2.2028463092940955e-10,2.2028037122855523e-10,2.5277950369648913e-10,2.1937232907351654e-10,1.0000144358862695,7.91274147149981e-07,6.444773681194299e-07,2.200744664774107e-10,1.0000142716251084,1.0000144358862677,2.2007446604008466e-10,2.1969380651818407e-10,1.0000144358862688,1.0000144358862684,2.202803713517047e-10,1.0000144358862675,1.0000144308644008,1.0000142400848049,1.000014435886268,5.894966111023926e-07,2.350790482987637e-10,2.347938934560599e-10,6.421426297106446e-07,2.1925701951975376e-10,1.0000141699460832,1.0000145023769946,1.0000144955715662,1.0000158502587024
