0.9999999961862023,0.9999916776329582,-7.744102601459713e-07,0.9999916787886032,-8.081123841588593e-07,-7.744102590526682e-07,0.9999917467527966,0.9999917562627881,-8.197195284363098e-07,-7.74410259052716e-07,-8.01750782729046e-07,-7.744102590045307e-07,0.9999915757110542,0.9999917632266084,0.9999917467527966,-8.017507845878206e-07,0.9999917467527969,0.9999916780122802,0.9999917467527993,0.9999917467527969,0.9999917467527971,0.9999916782325863,0.9999916767265853,0.9999917467527993,0.9999917620500065,-7.74410259052716e-07,-7.764366059961034e-07,0.9999917516357542,-7.744102590526842e-07,-7.744102581232975e-07,-8.01750784544213e-07,-7.744102590526682e-07,-7.836692016489611e-07,0.9999917467527961,-8.069360542073638e-07,-7.744102590041903e-07,0.9999917467527971,0.9999917722031096,-7.744102590041903e-07,0.9999916776329596,0.9999917467527993,-7.974114746520614e-07,0.9999915757110577,0.9999917620500065,-8.017507845878206e-07,0.9999917467527983,-7.744102590099761e-07,-8.028370641047012e-07,0.999991677701439,-7.744102600061678e-07,0.9999916776329596,-7.744102590526682e-07,-7.74410259052716e-07,0.9999916777014388,-7.787685812985096e-07,-7.810585753961718e-07
0.9999916776329582,0.9999901796230306,-2.451101185412205e-11,0.9999894522186996,-8.247488879881547e-08,-2.451101140067898e-11,0.9999895201826948,0.9999895296926572,-9.408199808239059e-08,-2.4511011120559128e-11,-7.611330953779914e-08,-2.4511011081568936e-11,0.9999893491414517,0.9999895366564571,0.9999895201826949,-7.611330876629207e-08,0.999989520182694,0.9999894514423802,0.9999895201826934,0.9999895201826934,0.999989520182694,0.9999894516626848,0.9999894501566869,0.9999895201826934,0.9999895354798596,-2.451101146595815e-11,-2.552935695650312e-11,0.9999895250656383,-2.451101126567342e-11,-2.4511011176067878e-11,-7.611330881643725e-08,-2.451101113808657e-11,-2.9164117422963533e-11,0.9999895201826935,-8.129856290818541e-08,-2.4511011513123398e-11,0.9999895201826935,0.9999895456329339,-2.4511011591628283e-11,0.9999894510630593,0.9999895201826934,-3.607033576029707e-11,0.9999893491414544,0.9999895354798596,-7.611330883004873e-08,0.9999895201826945,-2.4511011472584304e-11,-7.719958501387546e-08,0.9999894511315414,-2.4511011381317835e-11,0.9999894510630593,-2.4511011249527685e-11,-2.4511011235133763e-11,0.9999894511315413,-2.670129782694772e-11,-2.78521406531497e-11
-7.744102601459713e-07,-2.451101185412205e-11,7.28559955959574e-07,-2.4511011830253e-11,3.4831759427956243e-15,2.0518339322658623e-15,-2.451101352697266e-11,-2.4511013724294248e-11,2.00223479795304e-18,2.0518339281762555e-15,1.651365806557344e-18,2.051833936061312e-15,-4.877286357212293e-08,-2.451101392257858e-11,-2.451101350342742e-11,1.6255412728689438e-18,-2.451101348179287e-11,-2.4511011858133756e-11,-2.451101350355135e-11,-2.451101354224414e-11,-2.451101353856919e-11,-2.4511011856815502e-11,-2.4511011748024924e-11,-2.45110135350166e-11,-2.4511013908683915e-11,2.051833935816268e-15,2.1369102581704618e-15,-2.4511013623649777e-11,2.051833931129694e-15,2.0518339221288545e-15,1.678135136020456e-18,2.0518339292996818e-15,2.4404312863551126e-15,-2.451101350342742e-11,1.784031911476944e-18,2.051833938748401e-15,-2.451101350355135e-11,-2.451101419820628e-11,2.0518339661289307e-15,-2.4511011866785584e-11,-2.451101352697266e-11,3.018630346449502e-15,-4.8772863572123026e-08,-2.4511013880429286e-11,1.6133492098123216e-18,-2.451101353856919e-11,2.051833946550802e-15,3.2591215811616755e-15,-2.45110117431789e-11,2.0518339308930092e-15,-2.451101185999295e-11,2.0518339246472393e-15,2.0518339328882936e-15,-2.451101180136215e-11,2.2365443755629637e-15,2.3311380474915878e-15
0.9999916787886032,0.9999894522186996,-2.4511011830253e-11,0.9999901819343106,-8.247488889509596e-08,-2.4511011390464705e-11,0.999989521338335,0.9999895308482961,-9.408199819225024e-08,-2.4511011113050525e-11,-7.611330962668242e-08,-2.451101114784304e-11,0.9999893502970908,0.9999895378120953,0.9999895213383361,-7.611330885517544e-08,0.9999895213383349,0.99998945259802,0.9999895213383341,0.9999895213383341,0.9999895213383349,0.9999894528183233,0.9999894513123275,0.9999895213383341,0.9999895366355002,-2.451101146910704e-11,-2.5529356933498105e-11,0.9999895262212791,-2.451101132240536e-11,-2.4511011175684183e-11,-7.611330890532065e-08,-2.451101118647821e-11,-5.803178094742231e-08,0.999989521338333,-8.129856300312192e-08,-2.4511011593129445e-11,0.9999895213383341,0.9999895467885733,-2.451101162960817e-11,0.9999894522187,0.9999895213383341,-3.6070335721250614e-11,0.9999893502970946,0.999989536635499,-7.611330891893204e-08,0.9999895213383342,-2.451101148283643e-11,-7.719958510400007e-08,0.9999894522871816,-2.4511011452534638e-11,0.9999894522187,-2.4511011224440315e-11,-2.4511011160185377e-11,0.9999894522871805,-2.6701297789342684e-11,-5.5421163861464244e-08
-8.081123841588593e-07,-8.247488879881547e-08,3.4831759427956243e-15,-8.247488889509596e-08,7.285599598045243e-07,3.4831762051102546e-15,-4.1448107732123235e-11,-4.144810806243593e-11,6.718842617144509e-15,3.4831761974929573e-15,5.4304118595812106e-15,3.483176210698776e-15,-8.247488021231355e-08,-4.144810840617852e-11,-4.144810774265715e-11,5.430411836618986e-15,-4.144810778132651e-11,-8.247488882935454e-08,-4.144810775789957e-11,-4.1448107752343704e-11,-4.1448107752343704e-11,-8.247488884788729e-08,-8.247488872164136e-08,-4.1448107752343704e-11,-4.1448108220965135e-11,3.4831762112380863e-15,3.627609183068312e-15,-4.144810783754721e-11,3.4831762031226075e-15,3.483176187582008e-15,5.430411847084544e-15,3.483176199585892e-15,4.1428993525656846e-15,-4.1448107749064515e-11,5.802203708997368e-15,3.483176216525647e-15,-4.144810774265715e-11,-8.247489675879059e-08,3.4831762626427363e-15,-8.24748887988155e-08,-4.1448107752343704e-11,5.124442008334816e-15,-8.247488021231374e-08,-4.14481084161146e-11,5.430411831070511e-15,-4.144810776463563e-11,3.4831762295823978e-15,5.53211907987671e-15,-8.247488880403417e-08,3.483176202820236e-15,-8.24748887988155e-08,3.483176191891139e-15,3.483176205637344e-15,-8.247488880403407e-08,3.796674600869175e-15,3.957338818267338e-15
-7.744102590526682e-07,-2.451101140067898e-11,2.0518339322658623e-15,-2.4511011390464705e-11,3.4831762051102546e-15,7.28559955959574e-07,-2.4511013120147824e-11,-2.4511013365831426e-11,1.9750441149151226e-18,2.051834086240473e-15,1.6112374614285797e-18,2.0518340941255225e-15,-4.8772862761252854e-08,-2.4511013533895818e-11,-2.451101313322444e-11,1.5768978495853912e-18,-2.4511013167612336e-11,-2.4511011414534556e-11,-2.4511013147897817e-11,-2.451101317128244e-11,-2.451101317128244e-11,-2.4511011353282054e-11,-2.4511011316331676e-11,-2.4511013127061693e-11,-2.451101350297471e-11,2.0518340938804787e-15,2.136910422893106e-15,-2.451101324035321e-11,2.0518340891939077e-15,2.051834080193071e-15,1.6517051347130539e-18,2.0518340873638975e-15,2.440431474808635e-15,-2.4511013135837075e-11,1.7611605969488455e-18,2.0518340968126155e-15,-2.4511013170786867e-11,-2.4511013742036034e-11,2.0518341241931425e-15,-2.4511011298191118e-11,-2.4511013081891076e-11,3.0186305794948413e-15,-4.8772862761252893e-08,-2.4511013483350436e-11,1.6255302691959464e-18,-2.4511013151150346e-11,2.051834104615022e-15,3.259121827224313e-15,-2.4511011390912694e-11,2.0518340889572266e-15,-2.4511011374927936e-11,2.0518340827114527e-15,2.051834090952515e-15,-2.451101138580919e-11,2.2365445471590723e-15,2.331138227279958e-15
0.9999917467527966,0.9999895201826948,-2.451101352697266e-11,0.999989521338335,-4.1448107732123235e-11,-2.4511013120147824e-11,0.9999903178623085,0.9999895988122987,-4.728131010679898e-11,-2.4511012922959817e-11,-3.82510688696897e-11,-2.4511012860009673e-11,0.9999894182610793,0.9999896057760985,0.9999895893023366,-3.825106852918641e-11,0.9999895893023358,0.9999895205620161,0.9999895893023351,0.9999895893023351,0.9999895893023352,0.999989520782321,0.9999895192763246,0.9999895893023344,0.9999896045995025,-2.4511013170577407e-11,-2.5529358680838406e-11,0.9999895941852789,-2.4511013041543154e-11,-2.451101286587258e-11,-3.825106853032659e-11,-2.451101285145841e-11,-2.916411942175394e-11,0.9999895893023351,-4.0856940259792744e-11,-2.4511013264211838e-11,0.9999895893023347,0.999989614752576,-2.451101343326691e-11,0.999989520182696,0.9999895893023351,-3.607033827818038e-11,0.9999894182610835,0.9999896045995011,-3.825106860431894e-11,0.9999895893023347,-2.4511013229794462e-11,-3.879698128262783e-11,0.9999895202511785,-2.451101309203285e-11,0.999989520182696,-2.4511013000981205e-11,-2.4511012968993136e-11,0.9999895202511772,-2.6701299745503105e-11,-2.7852142638881307e-11
0.9999917562627881,0.9999895296926572,-2.4511013724294248e-11,0.9999895308482961,-4.144810806243593e-11,-2.4511013365831426e-11,0.9999895988122987,0.9999903368822312,-4.728131069856963e-11,-2.4511013085859048e-11,-3.82510692503729e-11,-2.4511013126441954e-11,0.999989427771041,0.9999896152860603,0.9999895988122988,-3.825106883114606e-11,0.9999895988122991,0.999989530071977,0.9999895988122983,0.9999895988122983,0.9999895988122991,0.9999895302922813,0.9999895287862851,0.9999895988122974,0.9999896141094642,-2.451101344131548e-11,-2.5529358970959365e-11,0.999989603695242,-2.451101320552653e-11,-2.4511013133379505e-11,-3.8251068872655674e-11,-2.4511013100315425e-11,-2.916411958818866e-11,0.9999895988122969,-4.0856940499141267e-11,-2.4511013438854707e-11,0.9999895988122983,0.9999896242625388,-2.451101358193038e-11,0.9999895296926578,0.9999895988122983,-7.17740215517702e-08,0.9999894277710433,0.9999896141094649,-3.825106889519534e-11,0.9999895988122977,-2.451101343768168e-11,-3.879698176455462e-11,0.9999895297611394,-2.451101329452455e-11,0.9999895296926578,-2.451101317817168e-11,-2.451101318087572e-11,0.9999895297611381,-2.6701299999649986e-11,-5.5421168247568974e-08
-8.197195284363098e-07,-9.408199808239059e-08,2.00223479795304e-18,-9.408199819225024e-08,6.718842617144509e-15,1.9750441149151226e-18,-4.728131010679898e-11,-4.728131069856963e-11,7.285599620537216e-07,1.9967171802472324e-18,6.1702940791205514e-15,1.9896892014650995e-18,-9.408198828228666e-08,-9.408200630556848e-08,-4.728131010096573e-11,6.170294053731113e-15,-4.728131010096573e-11,-9.408199811720776e-08,-4.7281310165724095e-11,-4.728131010096573e-11,-4.728131010679898e-11,-9.40819981383592e-08,-9.408199799428684e-08,-4.728131015475725e-11,-9.40820061937381e-08,1.9804885488972152e-18,2.0684508331674844e-18,-4.728131032572312e-11,1.9359342232577186e-18,1.9907991853206663e-18,6.170294065524269e-15,2.0606565887796884e-18,4.70744496679186e-15,-4.728131002903779e-11,6.592802379158374e-15,1.990799185310702e-18,-4.7281310066085266e-11,-4.728131111220355e-11,1.9750441149151226e-18,-9.408199808239059e-08,-4.7281310066085266e-11,2.628492996025714e-18,-9.408198828228681e-08,-9.408200619373804e-08,6.170294047173799e-15,-4.728131000541192e-11,1.9999419217649978e-18,6.286654371734955e-15,-9.408199808833208e-08,2.0301548710872877e-18,-9.408199808239059e-08,1.9896892014650995e-18,1.9997113441900126e-18,-9.408199808833204e-08,4.314160239133141e-15,4.4966250877712754e-15
-7.74410259052716e-07,-2.4511011120559128e-11,2.0518339281762555e-15,-2.4511011113050525e-11,3.4831761974929573e-15,2.051834086240473e-15,-2.4511012922959817e-11,-2.4511013085859048e-11,1.9967171802472324e-18,7.28559955959574e-07,1.5853115761154407e-18,2.0518340900359217e-15,-4.877286224250525e-08,-2.4511013263542633e-11,-2.4511012873629124e-11,1.6183143681738298e-18,-2.4511012911356903e-11,-2.451101115535429e-11,-2.4511012873629124e-11,-2.4511012873629124e-11,-2.451101289341625e-11,-2.4511011160247312e-11,-2.4511010961460983e-11,-2.451101289115208e-11,-2.4511013217484897e-11,2.0518340897908723e-15,2.136910418643987e-15,-2.4511012959448845e-11,2.051834085104299e-15,2.0518340761034643e-15,1.6515098144579876e-18,2.051834083274291e-15,2.440431469992947e-15,-2.45110129054174e-11,1.7610632364505444e-18,2.051834092723014e-15,-2.4511012864117905e-11,-2.4511013517530146e-11,2.0518341201035373e-15,-2.451101114380842e-11,-2.45110129054174e-11,3.018630573527626e-15,-4.877286224250536e-08,-2.451101322534653e-11,1.5960122953276655e-18,-2.4511012873629124e-11,2.0518341005254063e-15,3.259121820162991e-15,-2.451101112779679e-11,2.0518340848676095e-15,-2.4511011108624444e-11,2.051834078621849e-15,2.0518340868629085e-15,-2.4511011083943242e-11,2.236544542628638e-15,2.3311382226549486e-15
-8.01750782729046e-07,-7.611330953779914e-08,1.651365806557344e-18,-7.611330962668242e-08,5.4304118595812106e-15,1.6112374614285797e-18,-3.82510688696897e-11,-3.82510692503729e-11,6.1702940791205514e-15,1.5853115761154407e-18,7.285599592520493e-07,1.6355082726517647e-18,-7.61133016083614e-08,-3.825106957793526e-11,-3.8251068932686394e-11,4.986882194707752e-15,-3.8251068934187805e-11,-7.611330956596249e-08,-3.825106893290853e-11,-3.8251068934187805e-11,-3.8251068924217836e-11,-7.611330958307633e-08,-7.611330946650838e-08,-3.82510688696897e-11,-3.8251069462021486e-11,1.6325174627912373e-18,1.7313433435144397e-18,-3.8251069065317956e-11,1.6325174627912348e-18,1.6112436464825855e-18,4.9868822042191e-15,1.651365806557344e-18,1.8348289448974893e-18,-3.825106886504899e-11,5.328369237275884e-15,1.6183279515034675e-18,-3.8251068924217836e-11,-3.825106987104334e-11,1.6959853816977288e-18,-7.611330953779911e-08,-3.8251068932234024e-11,2.3398968797820983e-18,-7.611330160836144e-08,-3.8251069502178274e-11,4.98688218935658e-15,-3.8251068924217836e-11,1.6183143681738298e-18,5.0810877773203155e-15,-7.611330954260344e-08,1.6183143681738298e-18,-7.611330953779907e-08,1.5969436069209276e-18,1.6387929144936137e-18,-7.61133095426034e-08,1.7981736102469604e-18,1.755923666599495e-18
-7.744102590045307e-07,-2.4511011081568936e-11,2.051833936061312e-15,-2.451101114784304e-11,3.483176210698776e-15,2.0518340941255225e-15,-2.4511012860009673e-11,-2.4511013126441954e-11,1.9896892014650995e-18,2.0518340900359217e-15,1.6355082726517647e-18,7.28559955959574e-07,-4.877286220685615e-08,-2.4511013247775698e-11,-2.451101282249764e-11,1.603285425539788e-18,-2.451101280485858e-11,-2.4511011116187585e-11,-2.451101284239885e-11,-2.4511012839492537e-11,-2.451101280485858e-11,-2.451101110064625e-11,-2.451101100243104e-11,-2.4511012827023714e-11,-2.451101322108791e-11,2.0518340976759315e-15,2.1369104268609554e-15,-2.4511012964785885e-11,2.0518340929893633e-15,2.0518340839885195e-15,1.6325174627912348e-18,2.0518340911593476e-15,2.4404314793876028e-15,-2.4511012794115874e-11,1.7438726616917967e-18,2.0518341006080687e-15,-2.4511012824239482e-11,-2.4511013468439575e-11,2.051834127988597e-15,-2.451101108481898e-11,-2.4511012827023714e-11,3.018630585150969e-15,-4.877286220685617e-08,-2.4511013176419143e-11,1.6032854362806757e-18,-2.4511012839492537e-11,2.051834108410472e-15,3.2591218325420416e-15,-2.451101110515534e-11,2.051834092752671e-15,-2.451101111082525e-11,2.0518340865069082e-15,2.0518340947479622e-15,-2.4511011061959767e-11,2.23654455119648e-15,2.331138231621795e-15
0.9999915757110542,0.9999893491414517,-4.877286357212293e-08,0.9999893502970908,-8.247488021231355e-08,-4.8772862761252854e-08,0.9999894182610793,0.999989427771041,-9.408198828228666e-08,-4.877286224250525e-08,-7.61133016083614e-08,-4.877286220685615e-08,0.9999899757798278,0.9999894347348395,0.9999894182610797,-7.611330083685442e-08,0.9999894182610797,0.9999893495207735,0.9999894182610782,0.9999894182610782,0.9999894182610797,0.9999893497410764,0.9999893482350799,0.9999894182610777,0.999989433558243,-4.877286288025691e-08,-5.079920204143012e-08,0.9999894231440233,-4.877286262682742e-08,-4.877286235332853e-08,-7.61133008869996e-08,-4.8772862321487906e-08,-5.8031774834456533e-08,0.9999894182610772,-8.129855443892395e-08,-4.877286303073343e-08,0.9999894182610787,0.9999894437113157,-4.877286322594107e-08,0.9999893491414519,0.9999894182610782,-7.177400831094223e-08,0.9999892472198558,0.9999894335582449,-7.611330090061098e-08,0.9999894182610788,-4.877286298152006e-08,-7.719957697616681e-08,0.9999893492099337,-4.877286274096711e-08,0.9999893491414519,-4.8772862420676635e-08,-4.877286236152919e-08,0.9999893492099321,-5.313117099635625e-08,-5.542115802366145e-08
0.9999917632266084,0.9999895366564571,-2.451101392257858e-11,0.9999895378120953,-4.144810840617852e-11,-2.4511013533895818e-11,0.9999896057760985,0.9999896152860603,-9.408200630556848e-08,-2.4511013263542633e-11,-3.825106957793526e-11,-2.4511013247775698e-11,0.9999894347348395,0.9999903508098301,0.9999896057760993,-3.825106922088574e-11,0.9999896057760977,0.9999895370357754,0.9999896057760973,0.9999896057760973,0.9999896057760977,0.9999895372560816,0.9999895357500852,0.9999896057760966,0.999989621073263,-2.4511013589798008e-11,-2.5529359097525715e-11,0.9999896106590411,-2.4511013433459014e-11,-2.4511013320997412e-11,-3.825106917344467e-11,-2.4511013314612515e-11,-2.916411986913573e-11,0.999989605776097,-4.085694082426197e-11,-2.4511013666294976e-11,0.999989605776097,0.9999896312263389,-2.4511013755109598e-11,0.9999895366564564,0.9999896057760973,-7.177402206115304e-08,0.9999894347348426,0.9999896210732634,-3.825106925401724e-11,0.9999896057760977,-2.451101364309205e-11,-3.879698197361982e-11,0.9999895367249386,-2.4511013514278803e-11,0.9999895366564564,-2.451101336468286e-11,-2.451101334073995e-11,0.9999895367249374,-2.670130012457896e-11,-2.78521429714741e-11
0.9999917467527966,0.9999895201826949,-2.451101350342742e-11,0.9999895213383361,-4.144810774265715e-11,-2.451101313322444e-11,0.9999895893023366,0.9999895988122988,-4.728131010096573e-11,-2.4511012873629124e-11,-3.8251068932686394e-11,-2.451101282249764e-11,0.9999894182610797,0.9999896057760993,0.9999903178623074,-3.825106856491392e-11,0.9999895893023355,0.9999895205620161,0.9999895893023346,0.9999895893023351,0.9999895893023355,0.9999895207823202,0.9999895192763242,0.999989589302334,0.9999896045995021,-2.451101317457776e-11,-2.5529358725506013e-11,0.9999895941852789,-2.4511013019032513e-11,-2.451101289564955e-11,-3.825106864651017e-11,-2.45110128914175e-11,-2.916411941255427e-11,0.9999895893023352,-4.0856940188914655e-11,-2.4511013253155568e-11,0.9999895893023347,0.9999896147525766,-2.451101337280726e-11,0.9999895201826957,0.9999895893023346,-3.607033831374611e-11,0.9999894182610836,0.9999896045995015,-3.825106849649447e-11,0.9999895893023355,-2.4511013246953445e-11,-3.879698124372196e-11,0.9999895202511794,-2.4511013116939458e-11,0.9999895201826957,-2.4511012989605543e-11,-2.4511012879575635e-11,0.9999895202511782,-2.6701299739913946e-11,-2.7852142633117868e-11
-8.017507845878206e-07,-7.611330876629207e-08,1.6255412728689438e-18,-7.611330885517544e-08,5.430411836618986e-15,1.5768978495853912e-18,-3.825106852918641e-11,-3.825106883114606e-11,6.170294053731113e-15,1.6183143681738298e-18,4.986882194707752e-15,1.603285425539788e-18,-7.611330083685442e-08,-3.825106922088574e-11,-3.825106856491392e-11,7.285599592520493e-07,-3.825106855135907e-11,-7.611330879445544e-08,-3.8251068518032974e-11,-3.825106857962062e-11,-3.8251068591950434e-11,-7.611330881156933e-08,-7.611330869500134e-08,-3.825106860333487e-11,-3.8251069079915516e-11,1.6517051347130539e-18,1.7087084305664046e-18,-3.8251068728041795e-11,1.646370653744537e-18,1.6197792567590937e-18,4.986882183842046e-15,1.6384124090182955e-18,1.8375525553855288e-18,-3.825106858046522e-11,5.328369215451415e-15,1.6325174627912373e-18,-3.825106858046522e-11,-3.8251069460616836e-11,1.6255302691959196e-18,-7.611330876629204e-08,-3.8251068591955294e-11,2.378603474458037e-18,-7.611330083685458e-08,-3.825106928645119e-11,4.9868821689795105e-15,-3.825106860333487e-11,1.6255302691959464e-18,5.081087755894915e-15,-7.611330877109644e-08,1.6219661053844167e-18,-7.6113308766292e-08,1.5768978495853912e-18,1.6325174627912373e-18,-7.611330877109632e-08,1.7258211172785765e-18,1.7124270803509058e-18
0.9999917467527969,0.999989520182694,-2.451101348179287e-11,0.9999895213383349,-4.144810778132651e-11,-2.4511013167612336e-11,0.9999895893023358,0.9999895988122991,-4.728131010096573e-11,-2.4511012911356903e-11,-3.8251068934187805e-11,-2.451101280485858e-11,0.9999894182610797,0.9999896057760977,0.9999895893023355,-3.825106855135907e-11,0.9999903178623074,0.9999895205620157,0.9999895893023341,0.9999895893023341,0.9999895893023347,0.9999895207823198,0.9999895192763238,0.9999895893023336,0.9999896045995021,-2.4511013183850605e-11,-2.5529358680838406e-11,0.9999895941852798,-2.4511013023130398e-11,-2.4511012869417302e-11,-3.825106857296452e-11,-2.4511012851639995e-11,-2.916411942683877e-11,0.9999895893023336,-4.0856940150266095e-11,-2.451101325849016e-11,0.9999895893023347,0.9999896147525755,-2.451101337320988e-11,0.9999895201826945,0.9999895893023344,-3.60703382805859e-11,0.9999894182610821,0.9999896045995009,-3.825106847671327e-11,0.9999895893023341,-2.451101323778953e-11,-3.879698123798452e-11,0.9999895202511782,-2.4511013092035412e-11,0.9999895201826945,-2.4511012972570566e-11,-2.451101296209414e-11,0.9999895202511772,-2.6701299768184145e-11,-2.7852142642448203e-11
0.9999916780122802,0.9999894514423802,-2.4511011858133756e-11,0.99998945259802,-8.247488882935454e-08,-2.4511011414534556e-11,0.9999895205620161,0.999989530071977,-9.408199811720776e-08,-2.451101115535429e-11,-7.611330956596249e-08,-2.4511011116187585e-11,0.9999893495207735,0.9999895370357754,0.9999895205620161,-7.611330879445544e-08,0.9999895205620157,0.9999901803816698,0.9999895205620138,0.9999895205620137,0.9999895205620156,0.9999894520420051,0.9999894505360086,0.9999895205620131,0.9999895358591804,-2.4511011424557154e-11,-2.5529356922463933e-11,0.999989525444959,-2.4511011291922094e-11,-2.4511011207407887e-11,-7.611330884460059e-08,-2.4511011135722677e-11,-5.8031780901131865e-08,0.9999895205620145,-8.129856293826875e-08,-2.4511011523229814e-11,0.9999895205620153,0.9999895460122528,-2.4511011646302417e-11,0.9999894514423802,0.9999895205620137,-7.177401581414174e-08,0.9999893495207753,0.999989535859179,-7.611330885821198e-08,0.9999895205620156,-2.4511011496086095e-11,-7.71995850424596e-08,0.9999894515108624,-2.4511011378023756e-11,0.9999894514423802,-2.451101120772456e-11,-2.451101120280095e-11,0.999989451510861,-2.6701297766799576e-11,-5.542116381725773e-08
0.9999917467527993,0.9999895201826934,-2.451101350355135e-11,0.9999895213383341,-4.144810775789957e-11,-2.4511013147897817e-11,0.9999895893023351,0.9999895988122983,-4.7281310165724095e-11,-2.4511012873629124e-11,-3.825106893290853e-11,-2.451101284239885e-11,0.9999894182610782,0.9999896057760973,0.9999895893023346,-3.8251068518032974e-11,0.9999895893023341,0.9999895205620138,0.9999903178623016,0.9999895893023336,0.9999895893023344,0.9999895207823187,0.9999895192763232,0.9999895893023324,0.9999896045995009,-2.4511013132683303e-11,-2.5529358717274335e-11,0.9999895941852797,-2.4511013018850507e-11,-2.4511012954511278e-11,-3.825106863405413e-11,-2.4511012869940193e-11,-2.9164119403254024e-11,0.9999895893023328,-4.0856940189738546e-11,-2.451101324916519e-11,0.9999895893023344,0.9999896147525752,-2.4511013413436752e-11,0.9999895201826942,0.9999895893023336,-3.607033826384365e-11,0.9999894182610813,0.9999896045995003,-3.825106847671327e-11,0.9999895893023332,-2.4511013225013184e-11,-3.8796981249532344e-11,0.9999895202511767,-2.4511013081223964e-11,0.9999895201826942,-2.4511012987036297e-11,-2.451101293099808e-11,0.9999895202511756,-2.670129974289373e-11,-2.7852142632196557e-11
0.9999917467527969,0.9999895201826934,-2.451101354224414e-11,0.9999895213383341,-4.1448107752343704e-11,-2.451101317128244e-11,0.9999895893023351,0.9999895988122983,-4.728131010096573e-11,-2.4511012873629124e-11,-3.8251068934187805e-11,-2.4511012839492537e-11,0.9999894182610782,0.9999896057760973,0.9999895893023351,-3.825106857962062e-11,0.9999895893023341,0.9999895205620137,0.9999895893023336,0.9999903178623041,0.9999895893023344,0.9999895207823187,0.9999895192763232,0.9999895893023324,0.9999896045995009,-2.4511013220372807e-11,-2.5529358711010387e-11,0.9999895941852789,-2.451101302959059e-11,-2.4511012912439398e-11,-3.8251068638373225e-11,-2.4511012925920814e-11,-2.916411940423444e-11,0.9999895893023325,-4.085694020984237e-11,-2.451101332205696e-11,0.9999895893023344,0.9999896147525752,-2.4511013330478757e-11,0.9999895201826942,0.9999895893023336,-3.6070338240810254e-11,0.9999894182610813,0.9999896045995003,-3.825106849649447e-11,0.9999895893023332,-2.4511013277417612e-11,-3.879698121287495e-11,0.9999895202511767,-2.4511013115621323e-11,0.9999895201826942,-2.4511012954087874e-11,-2.4511012936309614e-11,0.9999895202511755,-2.6701299726974876e-11,-2.7852142644110617e-11
0.9999917467527971,0.999989520182694,-2.451101353856919e-11,0.9999895213383349,-4.1448107752343704e-11,-2.451101317128244e-11,0.9999895893023352,0.9999895988122991,-4.728131010679898e-11,-2.451101289341625e-11,-3.8251068924217836e-11,-2.451101280485858e-11,0.9999894182610797,0.9999896057760977,0.9999895893023355,-3.8251068591950434e-11,0.9999895893023347,0.9999895205620156,0.9999895893023344,0.9999895893023344,0.9999903178623074,0.9999895207823198,0.9999895192763236,0.9999895893023335,0.9999896045995021,-2.4511013132683303e-11,-2.5529358697248583e-11,0.9999895941852798,-2.4511013018850507e-11,-2.4511012863807253e-11,-3.825106852245459e-11,-2.451101285014751e-11,-2.916411941255427e-11,0.9999895893023335,-4.085694012938747e-11,-2.451101332205696e-11,0.9999895893023347,0.9999896147525755,-2.4511013330478757e-11,0.9999895201826953,0.9999895893023344,-3.6070338221688513e-11,0.9999894182610821,0.9999896045995009,-3.825106860431894e-11,0.9999895893023343,-2.4511013227335012e-11,-3.879698128262783e-11,0.9999895202511782,-2.4511013116939458e-11,0.9999895201826952,-2.4511012969448337e-11,-2.4511012936309614e-11,0.9999895202511764,-2.6701299746555262e-11,-2.7852142632196305e-11
0.9999916782325863,0.9999894516626848,-2.4511011856815502e-11,0.9999894528183233,-8.247488884788729e-08,-2.4511011353282054e-11,0.999989520782321,0.9999895302922813,-9.40819981383592e-08,-2.4511011160247312e-11,-7.611330958307633e-08,-2.451101110064625e-11,0.9999893497410764,0.9999895372560816,0.9999895207823202,-7.611330881156933e-08,0.9999895207823198,0.9999894520420051,0.9999895207823187,0.9999895207823187,0.9999895207823198,0.9999901808222789,0.9999894507563127,0.9999895207823194,0.9999895360794846,-2.451101145793115e-11,-2.5529356916219908e-11,0.9999895256652626,-2.4511011351065992e-11,-2.451101125690758e-11,-7.611330886171458e-08,-2.4511011196866084e-11,-5.803178091417908e-08,0.999989520782318,-8.129856295654783e-08,-2.4511011529084724e-11,0.9999895207823197,0.9999895462325583,-2.4511011666038265e-11,0.9999894516626855,0.9999895207823187,-7.177401583027848e-08,0.9999893497410797,0.9999895360794839,-7.611330887532592e-08,0.9999895207823191,-2.451101148359183e-11,-7.719958505980772e-08,0.9999894517311674,-2.4511011333358352e-11,0.9999894516626855,-2.4511011201708735e-11,-2.4511011205830434e-11,0.9999894517311666,-5.313117656193159e-08,-2.7852140654171416e-11
0.9999916767265853,0.9999894501566869,-2.4511011748024924e-11,0.9999894513123275,-8.247488872164136e-08,-2.4511011316331676e-11,0.9999895192763246,0.9999895287862851,-9.408199799428684e-08,-2.4511010961460983e-11,-7.611330946650838e-08,-2.451101100243104e-11,0.9999893482350799,0.9999895357500852,0.9999895192763242,-7.611330869500134e-08,0.9999895192763238,0.9999894505360086,0.9999895192763232,0.9999895192763232,0.9999895192763236,0.9999894507563127,0.9999901778102845,0.9999895192763224,0.9999895345734903,-2.451101142989935e-11,-5.079920728542632e-08,0.9999895241592677,-2.4511011311199047e-11,-2.4511011144617754e-11,-7.611330874514654e-08,-2.4511011098682246e-11,-2.9164117399425495e-11,0.9999895192763224,-8.129856283204289e-08,-2.451101147282883e-11,0.9999895192763223,0.9999895447265621,-2.4511011547330835e-11,0.9999894501566872,0.9999895192763232,-7.177401572036446e-08,0.9999893482350831,0.9999895345734883,-7.611330875875797e-08,0.9999895192763228,-2.451101145155329e-11,-7.719958494163214e-08,0.9999894502251707,-2.451101133105697e-11,0.9999894501566874,-2.4511011166213763e-11,-2.451101115316783e-11,0.9999894502251695,-2.670129789090636e-11,-2.7852140668684995e-11
0.9999917467527993,0.9999895201826934,-2.45110135350166e-11,0.9999895213383341,-4.1448107752343704e-11,-2.4511013127061693e-11,0.9999895893023344,0.9999895988122974,-4.728131015475725e-11,-2.451101289115208e-11,-3.82510688696897e-11,-2.4511012827023714e-11,0.9999894182610777,0.9999896057760966,0.999989589302334,-3.825106860333487e-11,0.9999895893023336,0.9999895205620131,0.9999895893023324,0.9999895893023324,0.9999895893023335,0.9999895207823194,0.9999895192763224,0.9999903178623005,0.9999896045995004,-2.4511013138030134e-11,-2.552935876871976e-11,0.9999895941852781,-2.4511013039893523e-11,-2.451101294619939e-11,-3.825106853032659e-11,-2.451101285145841e-11,-2.9164119409800784e-11,0.9999895893023324,-4.0856940179202113e-11,-2.451101325849016e-11,0.9999895893023335,0.9999896147525736,-2.4511013330478757e-11,0.9999895201826937,0.9999895893023324,-3.6070338240810254e-11,0.9999894182610812,0.9999896045994996,-3.825106846169275e-11,0.9999895893023324,-2.451101324191768e-11,-3.879698127089829e-11,0.9999895202511766,-2.4511013128467e-11,0.9999895201826937,-2.4511012968904537e-11,-2.4511012960727217e-11,0.9999895202511753,-2.6701299758702045e-11,-2.785214263246744e-11
0.9999917620500065,0.9999895354798596,-2.4511013908683915e-11,0.9999895366355002,-4.1448108220965135e-11,-2.451101350297471e-11,0.9999896045995025,0.9999896141094642,-9.40820061937381e-08,-2.4511013217484897e-11,-3.8251069462021486e-11,-2.451101322108791e-11,0.999989433558243,0.999989621073263,0.9999896045995021,-3.8251069079915516e-11,0.9999896045995021,0.9999895358591804,0.9999896045995009,0.9999896045995009,0.9999896045995021,0.9999895360794846,0.9999895345734903,0.9999896045995004,0.9999903484566384,-2.4511013546703514e-11,-2.552935906567836e-11,0.9999896094824459,-2.4511013407529784e-11,-2.4511013276544578e-11,-3.82510690138454e-11,-2.4511013274758704e-11,-2.916411971678137e-11,0.9999896045995003,-4.085694070323908e-11,-2.451101363873849e-11,0.999989604599501,0.9999896300497428,-2.4511013755735848e-11,0.9999895354798608,0.9999896045995009,-3.6070338869327286e-11,0.9999894335582484,0.9999896198966676,-3.825106900111997e-11,0.999989604599501,-2.451101361624841e-11,-3.879698179405702e-11,0.9999895355483426,-2.4511013501702976e-11,0.9999895354798608,-2.4511013324756528e-11,-2.4511013303283356e-11,0.9999895355483419,-2.6701300149754112e-11,-2.7852143108382683e-11
-7.74410259052716e-07,-2.451101146595815e-11,2.051833935816268e-15,-2.451101146910704e-11,3.4831762112380863e-15,2.0518340938804787e-15,-2.4511013170577407e-11,-2.451101344131548e-11,1.9804885488972152e-18,2.0518340897908723e-15,1.6325174627912373e-18,2.0518340976759315e-15,-4.877286288025691e-08,-2.4511013589798008e-11,-2.451101317457776e-11,1.6517051347130539e-18,-2.4511013183850605e-11,-2.4511011424557154e-11,-2.4511013132683303e-11,-2.4511013220372807e-11,-2.4511013132683303e-11,-2.451101145793115e-11,-2.451101142989935e-11,-2.4511013138030134e-11,-2.4511013546703514e-11,7.28559955959574e-07,2.136910426589776e-15,-2.4511013306275698e-11,2.0518340927443115e-15,2.051834083743477e-15,1.5880000812361212e-18,2.0518340909143005e-15,2.4404314790250415e-15,-2.4511013175910954e-11,1.778646265072095e-18,2.0518341003630236e-15,-2.4511013167113116e-11,-2.4511013780114118e-11,2.0518341277435514e-15,-2.451101149078011e-11,-2.451101316890639e-11,3.0186305847131522e-15,-4.8772862880257e-08,-2.451101353689428e-11,1.6133492098123216e-18,-2.4511013132683303e-11,2.0518341081654232e-15,3.2591218329493617e-15,-2.4511011415439646e-11,2.0518340925076264e-15,-2.451101142712772e-11,2.0518340862618577e-15,2.051834094502915e-15,-2.4511011419112577e-11,2.236544551038089e-15,2.3311382313111505e-15
-7.764366059961034e-07,-2.552935695650312e-11,2.1369102581704618e-15,-2.5529356933498105e-11,3.627609183068312e-15,2.136910422893106e-15,-2.5529358680838406e-11,-2.5529358970959365e-11,2.0684508331674844e-18,2.136910418643987e-15,1.7313433435144397e-18,2.1369104268609554e-15,-5.079920204143012e-08,-2.5529359097525715e-11,-2.5529358725506013e-11,1.7087084305664046e-18,-2.5529358680838406e-11,-2.5529356922463933e-11,-2.5529358717274335e-11,-2.5529358711010387e-11,-2.5529358697248583e-11,-2.5529356916219908e-11,-5.079920728542632e-08,-2.552935876871976e-11,-2.552935906567836e-11,2.136910426589776e-15,7.285599558876194e-07,-2.5529358827306543e-11,2.136910421712206e-15,2.1369104123399624e-15,1.7080129028959988e-18,2.1369104198125956e-15,2.541619884620738e-15,-2.552935877272028e-11,1.7668913310392057e-18,2.1369104296411655e-15,-2.5529358757614347e-11,-2.5529359308046428e-11,2.1369104581668353e-15,-2.552935686169006e-11,-2.552935879086072e-11,3.1437932223096293e-15,-5.079920204143027e-08,-2.5529359035918308e-11,1.7313433435144397e-18,-2.5529358715496915e-11,2.13691043777214e-15,3.3942634377745076e-15,-2.5529356942233815e-11,2.1369104214630524e-15,-2.552935684116988e-11,2.136910414962457e-15,2.1369104235509913e-15,-2.5529356929233734e-11,2.329280448734511e-15,2.4277952707922504e-15
0.9999917516357542,0.9999895250656383,-2.4511013623649777e-11,0.9999895262212791,-4.144810783754721e-11,-2.451101324035321e-11,0.9999895941852789,0.999989603695242,-4.728131032572312e-11,-2.4511012959448845e-11,-3.8251069065317956e-11,-2.4511012964785885e-11,0.9999894231440233,0.9999896106590411,0.9999895941852789,-3.8251068728041795e-11,0.9999895941852798,0.999989525444959,0.9999895941852797,0.9999895941852789,0.9999895941852798,0.9999895256652626,0.9999895241592677,0.9999895941852781,0.9999896094824459,-2.4511013306275698e-11,-2.5529358827306543e-11,0.999990327628189,-2.4511013128636677e-11,-2.4511013039047362e-11,-3.825106867119112e-11,-2.4511012990380727e-11,-2.916411956364958e-11,0.9999895941852789,-8.129856905414846e-08,-2.4511013390491667e-11,0.9999895941852787,0.9999896196355197,-2.4511013487391614e-11,0.9999895250656391,0.9999895941852789,-3.6070338475703356e-11,0.9999894231440265,0.9999896094824445,-3.8251068584956215e-11,0.9999895941852792,-2.4511013374751757e-11,-3.879698143841236e-11,0.9999895251341218,-2.4511013221352144e-11,0.9999895250656391,-2.451101308882647e-11,-2.4511013039753623e-11,0.9999895251341197,-2.6701299908381494e-11,-2.785214277438748e-11
-7.744102590526842e-07,-2.451101126567342e-11,2.051833931129694e-15,-2.451101132240536e-11,3.4831762031226075e-15,2.0518340891939077e-15,-2.4511013041543154e-11,-2.451101320552653e-11,1.9359342232577186e-18,2.051834085104299e-15,1.6325174627912348e-18,2.0518340929893633e-15,-4.877286262682742e-08,-2.4511013433459014e-11,-2.4511013019032513e-11,1.646370653744537e-18,-2.4511013023130398e-11,-2.4511011291922094e-11,-2.4511013018850507e-11,-2.451101302959059e-11,-2.4511013018850507e-11,-2.4511011351065992e-11,-2.4511011311199047e-11,-2.4511013039893523e-11,-2.4511013407529784e-11,2.0518340927443115e-15,2.136910421712206e-15,-2.4511013128636677e-11,7.28559955959574e-07,2.0518340790569023e-15,1.6254251735803357e-18,2.0518340862277296e-15,2.4404314734637224e-15,-2.4511013039893523e-11,1.744279384583429e-18,2.0518340956764468e-15,-2.451101302959059e-11,-2.4511013727863694e-11,2.0518341230569793e-15,-2.4511011309841614e-11,-2.4511013046548882e-11,3.0186305778340923e-15,-4.877286262682749e-08,-2.451101341404029e-11,1.6463714713678588e-18,-2.4511013041605373e-11,2.051834103478844e-15,3.2591218253736397e-15,-2.45110112903804e-11,2.0518340878210614e-15,-2.4511011305596966e-11,2.0518340815752875e-15,2.0518340898163434e-15,-2.4511011252590793e-11,2.23654454590921e-15,2.3311382259928013e-15
-7.744102581232975e-07,-2.4511011176067878e-11,2.0518339221288545e-15,-2.4511011175684183e-11,3.483176187582008e-15,2.051834080193071e-15,-2.451101286587258e-11,-2.4511013133379505e-11,1.9907991853206663e-18,2.0518340761034643e-15,1.6112436464825855e-18,2.0518340839885195e-15,-4.877286235332853e-08,-2.4511013320997412e-11,-2.451101289564955e-11,1.6197792567590937e-18,-2.4511012869417302e-11,-2.4511011207407887e-11,-2.4511012954511278e-11,-2.4511012912439398e-11,-2.4511012863807253e-11,-2.451101125690758e-11,-2.4511011144617754e-11,-2.451101294619939e-11,-2.4511013276544578e-11,2.051834083743477e-15,2.1369104123399624e-15,-2.4511013039047362e-11,2.0518340790569023e-15,7.28559955959574e-07,1.5969436069209276e-18,2.0518340772268898e-15,2.4404314627738734e-15,-2.4511012888908475e-11,1.7610632364505494e-18,2.05183408667561e-15,-2.4511012891222687e-11,-2.45110135325616e-11,2.051834114056139e-15,-2.4511011167962235e-11,-2.45110128910794e-11,3.0186305646022794e-15,-4.8772862353328596e-08,-2.4511013256227122e-11,1.6630982122547415e-18,-2.4511012869417302e-11,2.0518340944780073e-15,3.259121810853521e-15,-2.451101119888362e-11,2.0518340788202227e-15,-2.4511011196272912e-11,2.0518340725744477e-15,2.0518340808155056e-15,-2.4511011198026958e-11,2.2365445360770628e-15,2.331138215772435e-15
-8.01750784544213e-07,-7.611330881643725e-08,1.678135136020456e-18,-7.611330890532065e-08,5.430411847084544e-15,1.6517051347130539e-18,-3.825106853032659e-11,-3.8251068872655674e-11,6.170294065524269e-15,1.6515098144579876e-18,4.9868822042191e-15,1.6325174627912348e-18,-7.61133008869996e-08,-3.825106917344467e-11,-3.825106864651017e-11,4.986882183842046e-15,-3.825106857296452e-11,-7.611330884460059e-08,-3.825106863405413e-11,-3.8251068638373225e-11,-3.825106852245459e-11,-7.611330886171458e-08,-7.611330874514654e-08,-3.825106853032659e-11,-3.82510690138454e-11,1.5880000812361212e-18,1.7080129028959988e-18,-3.825106867119112e-11,1.6254251735803357e-18,1.5969436069209276e-18,7.285599592520493e-07,1.6254871723956557e-18,1.8040414100634523e-18,-3.825106854012165e-11,5.32836922561969e-15,1.6445458538207787e-18,-3.8251068610752256e-11,-3.8251069513393144e-11,1.5969436069209276e-18,-7.611330881643722e-08,-3.825106853472963e-11,2.384824373463074e-18,-7.611330088699971e-08,-3.825106915604124e-11,4.9868821784908806e-15,-3.8251068566583945e-11,1.6514717636706446e-18,5.081087765682169e-15,-7.611330882124153e-08,1.6219661053844167e-18,-7.611330881643722e-08,1.5960122953276657e-18,1.6255412728689438e-18,-7.611330882124158e-08,1.7360707446922438e-18,1.7806338203959828e-18
-7.744102590526682e-07,-2.451101113808657e-11,2.0518339292996818e-15,-2.451101118647821e-11,3.483176199585892e-15,2.0518340873638975e-15,-2.451101285145841e-11,-2.4511013100315425e-11,2.0606565887796884e-18,2.051834083274291e-15,1.651365806557344e-18,2.0518340911593476e-15,-4.8772862321487906e-08,-2.4511013314612515e-11,-2.45110128914175e-11,1.6384124090182955e-18,-2.4511012851639995e-11,-2.4511011135722677e-11,-2.4511012869940193e-11,-2.4511012925920814e-11,-2.451101285014751e-11,-2.4511011196866084e-11,-2.4511011098682246e-11,-2.451101285145841e-11,-2.4511013274758704e-11,2.0518340909143005e-15,2.1369104198125956e-15,-2.4511012990380727e-11,2.0518340862277296e-15,2.0518340772268898e-15,1.6254871723956557e-18,7.28559955959574e-07,2.4404314713177865e-15,-2.4511012925920814e-11,1.7438726616917967e-18,2.051834093846439e-15,-2.4511012851639995e-11,-2.4511013574998707e-11,2.051834121226966e-15,-2.4511011140477502e-11,-2.4511012856296227e-11,3.0186305751726586e-15,-4.877286232148797e-08,-2.4511013287116444e-11,1.5768978495853912e-18,-2.451101287503695e-11,2.051834101648835e-15,3.2591218221061798e-15,-2.451101108096485e-11,2.0518340859910457e-15,-2.4511011195550428e-11,2.05183407974528e-15,2.0518340879863364e-15,-2.451101120192342e-11,2.2365445438686072e-15,2.3311382239270882e-15
