1.0000000053067497,1.7989039055906546e-06,1.0000094185760395,1.7989039028371847e-06,1.0000094404483764,1.0000093667185899,1.0000094185760384,1.7911495370390649e-06,1.0000094185760395,1.0000094404483766,1.0000094185760435,1.8048222686076656e-06,1.0000094404483757,1.000009418576041,1.0000094185760424,1.7911495369156193e-06,1.0000094185760433,1.0000094404483746,1.0000094185760426,1.000009418576044,1.000009465871455,1.798868847969375e-06,1.0000094185760389,1.0000094185760413,1.0000094185760429,1.7988688443653864e-06,1.0000094185760429,1.0000094185760404,1.791149532155687e-06,1.00000941857604,1.7988688480122664e-06,1.7988688461257942e-06,1.0000094404483746,1.000009418576041,1.8368606629939779e-06,1.0000094185760398,1.0000094185760404
1.7989039055906546e-06,-4.845705752135326e-07,6.332618214087299e-11,1.385015262940548e-14,6.332618378372352e-11,1.2565512983910052e-07,6.332618213813058e-11,6.843948941804303e-18,6.332618214230306e-11,6.332618378372352e-11,6.3326182162763e-11,1.450925212638324e-14,6.332618350952354e-11,6.332618212818453e-11,6.332618215527327e-11,6.811765494581392e-18,6.332618218780289e-11,6.332618378372352e-11,6.332618213395666e-11,6.332618215527327e-11,6.332618562640512e-11,7.21476259532786e-18,6.332618216126355e-11,6.332618213813058e-11,6.332618217351257e-11,6.97473850347883e-18,6.332618218544926e-11,6.332618216478389e-11,6.843948941804303e-18,6.332618216675692e-11,7.197606249012346e-18,7.21476259532786e-18,6.332618378372352e-11,6.332618217050707e-11,1.8126176625176566e-14,6.332618213395666e-11,6.332618214720634e-11
1.0000094185760395,6.332618214087299e-11,1.0000104206799503,6.33261806003895e-11,1.0000109271230972,1.000010853393091,1.0000109052506971,5.94182140594426e-11,1.0000109052506958,1.0000109271230972,1.000010905250696,6.630885745968623e-11,1.000010927123097,1.0000109052506962,1.0000109052506962,5.94182144378892e-11,1.000010905250697,1.0000109271230966,1.0000109052506956,1.000010905250696,1.0000109525462522,6.330851195386985e-11,1.0000109052506971,1.0000109052506971,1.0000109052506954,6.330851181651105e-11,1.000010905250696,1.000010905250697,5.941821362009625e-11,1.000010905250697,6.330851267315505e-11,6.330851161790154e-11,1.0000109271230955,1.0000109052506978,8.245524260276279e-11,1.0000109052506958,1.0000109052506971
1.7989039028371847e-06,1.385015262940548e-14,6.33261806003895e-11,-4.845705752135326e-07,6.332618219902023e-11,1.2565512681417705e-07,6.332618061272731e-11,6.811765494581392e-18,6.332618065519716e-11,6.332618217934414e-11,6.3326180630021e-11,1.4509252264183047e-14,6.332618234825826e-11,6.33261806249764e-11,6.332618060768916e-11,6.811765494581392e-18,6.332618062973344e-11,6.332618218436142e-11,6.332618064015075e-11,6.332618061908336e-11,6.332618412387912e-11,7.21476259532786e-18,6.332618060492818e-11,6.332618061540708e-11,6.332618064666715e-11,7.273250032636009e-18,6.332618061014049e-11,6.332618063643326e-11,6.811765494581392e-18,6.332618062973342e-11,7.197606249012346e-18,7.197606249012346e-18,6.332618233506828e-11,6.33261806360454e-11,1.812617679491981e-14,6.332618062073514e-11,6.332618061416803e-11
1.0000094404483764,6.332618378372352e-11,1.0000109271230972,6.332618219902023e-11,1.000010464424754,1.0000108752654895,1.0000109271230972,5.941821550070089e-11,1.000010927123097,1.000010948995498,1.0000109271230968,6.630885897843392e-11,1.0000109489954983,1.0000109271230972,1.0000109271230975,5.94182158801449e-11,1.000010927123097,1.0000109489954985,1.0000109271230972,1.0000109271230957,1.0000109744186538,6.330851347708833e-11,1.0000109271230964,1.0000109271230988,1.0000109271230972,6.33085133092959e-11,1.0000109271230972,1.0000109271230972,5.941821508343628e-11,1.000010927123098,6.330851419120677e-11,6.33085130608903e-11,1.0000109489954971,1.0000109271230975,1.6361202701965848e-07,1.0000109271230961,1.0000109271230975
1.0000093667185899,1.2565512983910052e-07,1.000010853393091,1.2565512681417705e-07,1.0000108752654895,1.0000103169647427,1.0000108533930905,1.1790073564394557e-07,1.0000108533930903,1.0000108752654895,1.00001085339309,1.315735104849248e-07,1.0000108752654888,1.0000108533930891,1.0000108533930903,1.1790073625326043e-07,1.0000108533930903,1.0000108752654895,1.0000108533930896,1.0000108533930891,1.0000109006886437,1.2562006771751228e-07,1.0000108533930905,1.0000108533930916,1.0000108533930898,1.256200673893807e-07,1.0000108533930907,1.0000108533930905,1.1790073465432691e-07,1.000010853393091,1.256200691428398e-07,1.2562006697870264e-07,1.000010875265488,1.0000108533930916,1.636120138207853e-07,1.0000108533930891,1.000010853393092
1.0000094185760384,6.332618213813058e-11,1.0000109052506971,6.332618061272731e-11,1.0000109271230972,1.0000108533930905,1.0000104206799545,5.941821407504003e-11,1.000010905250697,1.0000109271230972,1.0000109052506974,6.630885746529709e-11,1.0000109271230966,1.0000109052506965,1.0000109052506971,5.94182143906508e-11,1.000010905250697,1.0000109271230964,1.0000109052506965,1.000010905250697,1.0000109525462537,6.330851197322579e-11,1.0000109052506965,1.0000109052506976,1.000010905250696,6.330851184960465e-11,1.000010905250697,1.000010905250698,5.94182136651611e-11,1.0000109052506976,6.330851274549792e-11,6.330851165227776e-11,1.0000109271230966,1.0000109052506985,8.245524254881866e-11,1.0000109052506965,1.000010905250698
1.7911495370390649e-06,6.843948941804303e-18,5.94182140594426e-11,6.811765494581392e-18,5.941821550070089e-11,1.1790073564394557e-07,5.941821407504003e-11,-4.845705761933205e-07,5.941821399959057e-11,5.941821556657928e-11,5.941821410030931e-11,6.8209663435129446e-18,5.941821557830461e-11,5.941821414612209e-11,5.941821408643715e-11,6.524272925166683e-18,5.941821406086258e-11,5.941821557830461e-11,5.94182140532072e-11,5.941821410030931e-11,5.941821718035153e-11,6.82137925885417e-18,5.94182140532072e-11,5.941821409064057e-11,5.94182140532072e-11,6.6228400642756436e-18,5.941821409538082e-11,5.94182141338763e-11,6.009247665701462e-18,5.941821414612209e-11,6.622840064275602e-18,6.6228400642756436e-18,5.941821558384272e-11,5.94182140532072e-11,8.4096145988955e-18,5.941821410030931e-11,5.941821406086258e-11
1.0000094185760395,6.332618214230306e-11,1.0000109052506958,6.332618065519716e-11,1.000010927123097,1.0000108533930903,1.000010905250697,5.941821399959057e-11,1.0000104206799532,1.000010927123097,1.0000109052506958,6.630885740680592e-11,1.0000109271230964,1.000010905250696,1.000010905250697,5.941821442115638e-11,1.0000109052506962,1.0000109271230975,1.000010905250696,1.0000109052506945,1.000010952546253,6.330851195387003e-11,1.0000109052506965,1.000010905250698,1.000010905250696,6.330851178878105e-11,1.0000109052506958,1.000010905250697,5.941821357449854e-11,1.0000109052506965,6.330851271313654e-11,6.330851155505018e-11,1.0000109271230953,1.0000109052506978,8.245524247824582e-11,1.000010905250696,1.000010905250697
1.0000094404483766,6.332618378372352e-11,1.0000109271230972,6.332618217934414e-11,1.000010948995498,1.0000108752654895,1.0000109271230972,5.941821556657928e-11,1.000010927123097,1.0000104644247538,1.0000109271230968,6.63088589517216e-11,1.0000109489954983,1.0000109271230972,1.0000109271230975,5.941821587307825e-11,1.0000109271230972,1.0000109489954985,1.0000109271230972,1.0000109271230957,1.0000109744186538,6.330851347724456e-11,1.0000109271230968,1.0000109271230988,1.0000109271230972,6.330851331429387e-11,1.0000109271230972,1.0000109271230972,5.941821505873365e-11,1.000010927123098,6.330851423876286e-11,6.330851304492145e-11,1.0000109489954974,1.0000109271230975,1.6361202701965854e-07,1.0000109271230961,1.0000109271230977
1.0000094185760435,6.3326182162763e-11,1.000010905250696,6.3326180630021e-11,1.0000109271230968,1.00001085339309,1.0000109052506974,5.941821410030931e-11,1.0000109052506958,1.0000109271230968,1.0000104206799545,6.630885742421273e-11,1.0000109271230964,1.0000109052506956,1.0000109052506965,5.941821429700519e-11,1.000010905250696,1.0000109271230972,1.0000109052506951,1.0000109052506958,1.0000109525462526,6.330851195142513e-11,1.000010905250696,1.0000109052506971,1.0000109052506954,6.33085118154901e-11,1.0000109052506954,1.0000109052506971,5.941821366165925e-11,1.0000109052506965,6.330851274549792e-11,6.330851153056855e-11,1.0000109271230964,1.000010905250698,8.245524262832056e-11,1.0000109052506954,1.0000109052506971
1.8048222686076656e-06,1.450925212638324e-14,6.630885745968623e-11,1.4509252264183047e-14,6.630885897843392e-11,1.315735104849248e-07,6.630885746529709e-11,6.8209663435129446e-18,6.630885740680592e-11,6.63088589517216e-11,6.630885742421273e-11,-4.845705736434881e-07,6.630885896336616e-11,6.630885745299451e-11,6.630885741323856e-11,6.851982594129796e-18,6.630885746545789e-11,6.630885897843392e-11,6.63088574686711e-11,6.630885740680592e-11,1.3157352479170495e-07,7.346460863251294e-18,6.630885741323849e-11,6.630885741745307e-11,6.630885743765994e-11,7.241223218490157e-18,6.63088574420683e-11,6.630885746844164e-11,6.8209663435129446e-18,6.630885742910823e-11,7.194724495965262e-18,7.146373587841724e-18,6.63088588317298e-11,6.630885745298844e-11,1.8988267575996243e-14,6.630885746515538e-11,6.630885745100553e-11
1.0000094404483757,6.332618350952354e-11,1.000010927123097,6.332618234825826e-11,1.0000109489954983,1.0000108752654888,1.0000109271230966,5.941821557830461e-11,1.0000109271230964,1.0000109489954983,1.0000109271230964,6.630885896336616e-11,1.000010464424756,1.000010927123096,1.0000109271230972,5.941821585878996e-11,1.0000109271230964,1.0000109489954976,1.0000109271230964,1.0000109271230948,1.0000109744186534,6.330851341338979e-11,1.0000109271230957,1.0000109271230984,1.0000109271230964,6.330851325640384e-11,1.0000109271230964,1.0000109271230972,5.94182150524909e-11,1.000010927123097,6.330851420312584e-11,6.330851303645895e-11,1.0000109489954963,1.0000109271230968,1.636120270196584e-07,1.0000109271230961,1.0000109271230968
1.000009418576041,6.332618212818453e-11,1.0000109052506962,6.33261806249764e-11,1.0000109271230972,1.0000108533930891,1.0000109052506965,5.941821414612209e-11,1.000010905250696,1.0000109271230972,1.0000109052506956,6.630885745299451e-11,1.000010927123096,1.000010420679951,1.0000109052506958,5.941821445625388e-11,1.000010905250696,1.0000109271230975,1.0000109052506954,1.0000109052506947,1.0000109525462533,6.330851205139786e-11,1.000010905250695,1.000010905250698,1.0000109052506958,6.330851187998799e-11,1.0000109052506958,1.0000109052506962,5.94182136651611e-11,1.000010905250697,6.330851268104661e-11,6.33085115537566e-11,1.0000109271230955,1.0000109052506978,8.245524262069454e-11,1.0000109052506958,1.0000109052506971
1.0000094185760424,6.332618215527327e-11,1.0000109052506962,6.332618060768916e-11,1.0000109271230975,1.0000108533930903,1.0000109052506971,5.941821408643715e-11,1.000010905250697,1.0000109271230975,1.0000109052506965,6.630885741323856e-11,1.0000109271230972,1.0000109052506958,1.0000104206799538,5.941821436757302e-11,1.000010905250697,1.0000109271230981,1.0000109052506958,1.0000109052506956,1.0000109525462537,6.33085120003415e-11,1.000010905250697,1.000010905250699,1.0000109052506965,6.330851182412134e-11,1.000010905250696,1.0000109052506976,5.941821359022801e-11,1.0000109052506974,6.330851268100134e-11,6.33085115959843e-11,1.0000109271230955,1.0000109052506978,8.245524252476384e-11,1.0000109052506967,1.000010905250698
1.7911495369156193e-06,6.811765494581392e-18,5.94182144378892e-11,6.811765494581392e-18,5.94182158801449e-11,1.1790073625326043e-07,5.94182143906508e-11,6.524272925166683e-18,5.941821442115638e-11,5.941821587307825e-11,5.941821429700519e-11,6.851982594129796e-18,5.941821585878996e-11,5.941821445625388e-11,5.941821436757302e-11,-4.845705761933205e-07,5.941821442115638e-11,5.9418215883831e-11,5.941821432094656e-11,5.941821429700519e-11,5.941821752517327e-11,6.82137925885417e-18,5.94182143203685e-11,5.94182144378892e-11,5.941821437471009e-11,5.720017200869224e-18,5.941821437782184e-11,5.94182143906508e-11,5.127833246695227e-18,5.941821437526308e-11,6.6228400642756436e-18,6.622840064275602e-18,5.94182158801449e-11,5.94182143906508e-11,8.406515019714945e-18,5.941821442115638e-11,5.941821429997957e-11
1.0000094185760433,6.332618218780289e-11,1.000010905250697,6.332618062973344e-11,1.000010927123097,1.0000108533930903,1.000010905250697,5.941821406086258e-11,1.0000109052506962,1.0000109271230972,1.000010905250696,6.630885746545789e-11,1.0000109271230964,1.000010905250696,1.000010905250697,5.941821442115638e-11,1.0000104206799536,1.0000109271230975,1.000010905250697,1.0000109052506947,1.000010952546253,6.330851202648296e-11,1.0000109052506967,1.000010905250698,1.000010905250696,6.330851191618189e-11,1.0000109052506958,1.000010905250697,5.941821362009625e-11,1.0000109052506965,6.330851276107674e-11,6.330851160339483e-11,1.0000109271230961,1.0000109052506978,8.245524256034128e-11,1.0000109052506965,1.000010905250697
1.0000094404483746,6.332618378372352e-11,1.0000109271230966,6.332618218436142e-11,1.0000109489954985,1.0000108752654895,1.0000109271230964,5.941821557830461e-11,1.0000109271230975,1.0000109489954985,1.0000109271230972,6.630885897843392e-11,1.0000109489954976,1.0000109271230975,1.0000109271230981,5.9418215883831e-11,1.0000109271230975,1.0000104644247585,1.0000109271230972,1.0000109271230961,1.0000109744186536,6.33085134427615e-11,1.0000109271230964,1.0000109271230992,1.0000109271230972,6.330851327857778e-11,1.0000109271230972,1.0000109271230972,5.941821508402499e-11,1.0000109271230975,6.3308514172457e-11,6.330851303851365e-11,1.0000109489954967,1.0000109271230975,1.6361202701965835e-07,1.0000109271230972,1.0000109271230972
1.0000094185760426,6.332618213395666e-11,1.0000109052506956,6.332618064015075e-11,1.0000109271230972,1.0000108533930896,1.0000109052506965,5.94182140532072e-11,1.000010905250696,1.0000109271230972,1.0000109052506951,6.63088574686711e-11,1.0000109271230964,1.0000109052506954,1.0000109052506958,5.941821432094656e-11,1.000010905250697,1.0000109271230972,1.0000104206799527,1.0000109052506945,1.0000109525462528,6.330851195387003e-11,1.000010905250696,1.000010905250698,1.0000109052506958,6.330851191618189e-11,1.0000109052506954,1.000010905250697,5.941821362645352e-11,1.000010905250697,6.330851266502954e-11,6.330851153056855e-11,1.0000109271230948,1.0000109052506971,8.245524256034128e-11,1.0000109052506954,1.000010905250697
1.000009418576044,6.332618215527327e-11,1.000010905250696,6.332618061908336e-11,1.0000109271230957,1.0000108533930891,1.000010905250697,5.941821410030931e-11,1.0000109052506945,1.0000109271230957,1.0000109052506958,6.630885740680592e-11,1.0000109271230948,1.0000109052506947,1.0000109052506956,5.941821429700519e-11,1.0000109052506947,1.0000109271230961,1.0000109052506945,1.0000104206799532,1.0000109525462526,6.330851203609035e-11,1.0000109052506954,1.0000109052506976,1.0000109052506954,6.33085118078016e-11,1.000010905250696,1.0000109052506962,5.941821369432368e-11,1.000010905250696,6.330851268100134e-11,6.330851158451145e-11,1.000010927123095,1.000010905250697,8.245524262069454e-11,1.0000109052506942,1.0000109052506971
1.000009465871455,6.332618562640512e-11,1.0000109525462522,6.332618412387912e-11,1.0000109744186538,1.0000109006886437,1.0000109525462537,5.941821718035153e-11,1.000010952546253,1.0000109744186538,1.0000109525462526,1.3157352479170495e-07,1.0000109744186534,1.0000109525462533,1.0000109525462537,5.941821752517327e-11,1.000010952546253,1.0000109744186536,1.0000109525462528,1.0000109525462526,1.00001051527107,6.330851518460756e-11,1.0000109525462537,1.000010952546255,1.000010952546253,6.330851508641484e-11,1.0000109525462528,1.000010952546253,5.94182167642104e-11,1.0000109525462537,6.330851595266816e-11,6.330851485690525e-11,1.000010974418653,1.0000109525462546,8.245524671637967e-11,1.0000109525462526,1.000010952546253
1.798868847969375e-06,7.21476259532786e-18,6.330851195386985e-11,7.21476259532786e-18,6.330851347708833e-11,1.2562006771751228e-07,6.330851197322579e-11,6.82137925885417e-18,6.330851195387003e-11,6.330851347724456e-11,6.330851195142513e-11,7.346460863251294e-18,6.330851341338979e-11,6.330851205139786e-11,6.33085120003415e-11,6.82137925885417e-18,6.330851202648296e-11,6.33085134427615e-11,6.330851195387003e-11,6.330851203609035e-11,6.330851518460756e-11,-4.845705727721655e-07,6.330851199649086e-11,6.33085120141805e-11,6.330851198565753e-11,1.3854637636433071e-14,6.330851194766303e-11,6.330851201882105e-11,5.61009272335417e-18,6.330851195387003e-11,1.3854637452441717e-14,1.3854637604368403e-14,6.330851345812852e-11,6.330851196640413e-11,8.87465077339254e-18,6.330851195387003e-11,6.330851199395765e-11
1.0000094185760389,6.332618216126355e-11,1.0000109052506971,6.332618060492818e-11,1.0000109271230964,1.0000108533930905,1.0000109052506965,5.94182140532072e-11,1.0000109052506965,1.0000109271230968,1.000010905250696,6.630885741323849e-11,1.0000109271230957,1.000010905250695,1.000010905250697,5.94182143203685e-11,1.0000109052506967,1.0000109271230964,1.000010905250696,1.0000109052506954,1.0000109525462537,6.330851199649086e-11,1.0000104206799603,1.0000109052506985,1.0000109052506965,6.330851185716111e-11,1.0000109052506965,1.0000109052506971,5.941821369287331e-11,1.000010905250698,6.330851267120889e-11,6.330851167730284e-11,1.0000109271230957,1.0000109052506965,8.245524252892595e-11,1.000010905250696,1.0000109052506971
1.0000094185760413,6.332618213813058e-11,1.0000109052506971,6.332618061540708e-11,1.0000109271230988,1.0000108533930916,1.0000109052506976,5.941821409064057e-11,1.000010905250698,1.0000109271230988,1.0000109052506971,6.630885741745307e-11,1.0000109271230984,1.000010905250698,1.000010905250699,5.94182144378892e-11,1.000010905250698,1.0000109271230992,1.000010905250698,1.0000109052506976,1.000010952546255,6.33085120141805e-11,1.0000109052506985,1.000010420679954,1.000010905250698,6.330851183406141e-11,1.0000109052506978,1.0000109052506974,5.94182135697482e-11,1.0000109052506985,6.33085126831552e-11,6.330851162837663e-11,1.0000109271230964,1.0000109052506998,8.2455242533384e-11,1.0000109052506976,1.0000109052506971
1.0000094185760429,6.332618217351257e-11,1.0000109052506954,6.332618064666715e-11,1.0000109271230972,1.0000108533930898,1.000010905250696,5.94182140532072e-11,1.000010905250696,1.0000109271230972,1.0000109052506954,6.630885743765994e-11,1.0000109271230964,1.0000109052506958,1.0000109052506965,5.941821437471009e-11,1.000010905250696,1.0000109271230972,1.0000109052506958,1.0000109052506954,1.000010952546253,6.330851198565753e-11,1.0000109052506965,1.000010905250698,1.0000104206799532,6.330851179224248e-11,1.000010905250695,1.0000109052506958,5.941821366165925e-11,1.000010905250696,6.330851266502954e-11,6.330851162381857e-11,1.0000109271230953,1.0000109052506978,8.24552425569381e-11,1.0000109052506954,1.0000109052506958
1.7988688443653864e-06,6.97473850347883e-18,6.330851181651105e-11,7.273250032636009e-18,6.33085133092959e-11,1.256200673893807e-07,6.330851184960465e-11,6.6228400642756436e-18,6.330851178878105e-11,6.330851331429387e-11,6.33085118154901e-11,7.241223218490157e-18,6.330851325640384e-11,6.330851187998799e-11,6.330851182412134e-11,5.720017200869224e-18,6.330851191618189e-11,6.330851327857778e-11,6.330851191618189e-11,6.33085118078016e-11,6.330851508641484e-11,1.3854637636433071e-14,6.330851185716111e-11,6.330851183406141e-11,6.330851179224248e-11,-4.845705727721655e-07,6.33085118154901e-11,6.330851178383941e-11,5.720017200869224e-18,6.33085118078016e-11,1.3854637633203956e-14,1.385463778513062e-14,6.330851332249928e-11,6.330851183764288e-11,9.317111510521846e-18,6.33085118078016e-11,6.33085118078016e-11
1.0000094185760429,6.332618218544926e-11,1.000010905250696,6.332618061014049e-11,1.0000109271230972,1.0000108533930907,1.000010905250697,5.941821409538082e-11,1.0000109052506958,1.0000109271230972,1.0000109052506954,6.63088574420683e-11,1.0000109271230964,1.0000109052506958,1.000010905250696,5.941821437782184e-11,1.0000109052506958,1.0000109271230972,1.0000109052506954,1.000010905250696,1.0000109525462528,6.330851194766303e-11,1.0000109052506965,1.0000109052506978,1.000010905250695,6.33085118154901e-11,1.0000104206799576,1.0000109052506962,5.941821354395243e-11,1.0000109052506967,6.330851268589508e-11,6.330851160135983e-11,1.0000109271230953,1.0000109052506978,8.245524250019181e-11,1.000010905250695,1.0000109052506965
1.0000094185760404,6.332618216478389e-11,1.000010905250697,6.332618063643326e-11,1.0000109271230972,1.0000108533930905,1.000010905250698,5.94182141338763e-11,1.000010905250697,1.0000109271230972,1.0000109052506971,6.630885746844164e-11,1.0000109271230972,1.0000109052506962,1.0000109052506976,5.94182143906508e-11,1.000010905250697,1.0000109271230972,1.000010905250697,1.0000109052506962,1.000010952546253,6.330851201882105e-11,1.0000109052506971,1.0000109052506974,1.0000109052506958,6.330851178383941e-11,1.0000109052506962,1.0000104206799592,5.941821358396337e-11,1.0000109052506971,6.330851268288511e-11,6.33085116256386e-11,1.0000109271230972,1.000010905250699,8.245524254881866e-11,1.000010905250696,1.0000109052506978
1.791149532155687e-06,6.843948941804303e-18,5.941821362009625e-11,6.811765494581392e-18,5.941821508343628e-11,1.1790073465432691e-07,5.94182136651611e-11,6.009247665701462e-18,5.941821357449854e-11,5.941821505873365e-11,5.941821366165925e-11,6.8209663435129446e-18,5.94182150524909e-11,5.94182136651611e-11,5.941821359022801e-11,5.127833246695227e-18,5.941821362009625e-11,5.941821508402499e-11,5.941821362645352e-11,5.941821369432368e-11,5.94182167642104e-11,5.61009272335417e-18,5.941821369287331e-11,5.94182135697482e-11,5.941821366165925e-11,5.720017200869224e-18,5.941821354395243e-11,5.941821358396337e-11,-4.845705761933205e-07,5.941821359022801e-11,6.821379258854208e-18,5.720017200869224e-18,5.941821507144898e-11,5.941821371185946e-11,8.406515019714945e-18,5.941821360786789e-11,5.941821365427795e-11
1.00000941857604,6.332618216675692e-11,1.000010905250697,6.332618062973342e-11,1.000010927123098,1.000010853393091,1.0000109052506976,5.941821414612209e-11,1.0000109052506965,1.000010927123098,1.0000109052506965,6.630885742910823e-11,1.000010927123097,1.000010905250697,1.0000109052506974,5.941821437526308e-11,1.0000109052506965,1.0000109271230975,1.000010905250697,1.000010905250696,1.0000109525462537,6.330851195387003e-11,1.000010905250698,1.0000109052506985,1.000010905250696,6.33085118078016e-11,1.0000109052506967,1.0000109052506971,5.941821359022801e-11,1.0000104206799532,6.330851266502954e-11,6.33085116256386e-11,1.0000109271230968,1.0000109052506987,8.245524251352961e-11,1.000010905250696,1.0000109052506971
1.7988688480122664e-06,7.197606249012346e-18,6.330851267315505e-11,7.197606249012346e-18,6.330851419120677e-11,1.256200691428398e-07,6.330851274549792e-11,6.622840064275602e-18,6.330851271313654e-11,6.330851423876286e-11,6.330851274549792e-11,7.194724495965262e-18,6.330851420312584e-11,6.330851268104661e-11,6.330851268100134e-11,6.6228400642756436e-18,6.330851276107674e-11,6.3308514172457e-11,6.330851266502954e-11,6.330851268100134e-11,6.330851595266816e-11,1.3854637452441717e-14,6.330851267120889e-11,6.33085126831552e-11,6.330851266502954e-11,1.3854637633203956e-14,6.330851268589508e-11,6.330851268288511e-11,6.821379258854208e-18,6.330851266502954e-11,-4.845705727721655e-07,1.3854637601139259e-14,6.330851415704711e-11,6.33085126831552e-11,8.86470637441003e-18,6.330851269711771e-11,6.330851266502954e-11
1.7988688461257942e-06,7.21476259532786e-18,6.330851161790154e-11,7.197606249012346e-18,6.33085130608903e-11,1.2562006697870264e-07,6.330851165227776e-11,6.6228400642756436e-18,6.330851155505018e-11,6.330851304492145e-11,6.330851153056855e-11,7.146373587841724e-18,6.330851303645895e-11,6.33085115537566e-11,6.33085115959843e-11,6.622840064275602e-18,6.330851160339483e-11,6.330851303851365e-11,6.330851153056855e-11,6.330851158451145e-11,6.330851485690525e-11,1.3854637604368403e-14,6.330851167730284e-11,6.330851162837663e-11,6.330851162381857e-11,1.385463778513062e-14,6.330851160135983e-11,6.33085116256386e-11,5.720017200869224e-18,6.33085116256386e-11,1.3854637601139259e-14,-4.845705727721655e-07,6.330851304095975e-11,6.330851155202219e-11,8.86470637441003e-18,6.33085115566687e-11,6.330851158451145e-11
1.0000094404483746,6.332618378372352e-11,1.0000109271230955,6.332618233506828e-11,1.0000109489954971,1.000010875265488,1.0000109271230966,5.941821558384272e-11,1.0000109271230953,1.0000109489954974,1.0000109271230964,6.63088588317298e-11,1.0000109489954963,1.0000109271230955,1.0000109271230955,5.94182158801449e-11,1.0000109271230961,1.0000109489954967,1.0000109271230948,1.000010927123095,1.000010974418653,6.330851345812852e-11,1.0000109271230957,1.0000109271230964,1.0000109271230953,6.330851332249928e-11,1.0000109271230953,1.0000109271230972,5.941821507144898e-11,1.0000109271230968,6.330851415704711e-11,6.330851304095975e-11,1.000010464424756,1.0000109271230972,1.6361202701965835e-07,1.0000109271230953,1.0000109271230972
1.000009418576041,6.332618217050707e-11,1.0000109052506978,6.33261806360454e-11,1.0000109271230975,1.0000108533930916,1.0000109052506985,5.94182140532072e-11,1.0000109052506978,1.0000109271230975,1.000010905250698,6.630885745298844e-11,1.0000109271230968,1.0000109052506978,1.0000109052506978,5.94182143906508e-11,1.0000109052506978,1.0000109271230975,1.0000109052506971,1.000010905250697,1.0000109525462546,6.330851196640413e-11,1.0000109052506965,1.0000109052506998,1.0000109052506978,6.330851183764288e-11,1.0000109052506978,1.000010905250699,5.941821371185946e-11,1.0000109052506987,6.33085126831552e-11,6.330851155202219e-11,1.0000109271230972,1.000010420679957,8.245524251144549e-11,1.0000109052506976,1.0000109052506991
1.8368606629939779e-06,1.8126176625176566e-14,8.245524260276279e-11,1.812617679491981e-14,1.6361202701965848e-07,1.636120138207853e-07,8.245524254881866e-11,8.4096145988955e-18,8.245524247824582e-11,1.6361202701965854e-07,8.245524262832056e-11,1.8988267575996243e-14,1.636120270196584e-07,8.245524262069454e-11,8.245524252476384e-11,8.406515019714945e-18,8.245524256034128e-11,1.6361202701965835e-07,8.245524256034128e-11,8.245524262069454e-11,8.245524671637967e-11,8.87465077339254e-18,8.245524252892595e-11,8.2455242533384e-11,8.24552425569381e-11,9.317111510521846e-18,8.245524250019181e-11,8.245524254881866e-11,8.406515019714945e-18,8.245524251352961e-11,8.86470637441003e-18,8.86470637441003e-18,1.6361202701965835e-07,8.245524251144549e-11,-4.845705634536889e-07,8.245524251144549e-11,8.245524262069454e-11
1.0000094185760398,6.332618213395666e-11,1.0000109052506958,6.332618062073514e-11,1.0000109271230961,1.0000108533930891,1.0000109052506965,5.941821410030931e-11,1.000010905250696,1.0000109271230961,1.0000109052506954,6.630885746515538e-11,1.0000109271230961,1.0000109052506958,1.0000109052506967,5.941821442115638e-11,1.0000109052506965,1.0000109271230972,1.0000109052506954,1.0000109052506942,1.0000109525462526,6.330851195387003e-11,1.000010905250696,1.0000109052506976,1.0000109052506954,6.33085118078016e-11,1.000010905250695,1.000010905250696,5.941821360786789e-11,1.000010905250696,6.330851269711771e-11,6.33085115566687e-11,1.0000109271230953,1.0000109052506976,8.245524251144549e-11,1.0000104206799487,1.0000109052506958
1.0000094185760404,6.332618214720634e-11,1.0000109052506971,6.332618061416803e-11,1.0000109271230975,1.000010853393092,1.000010905250698,5.941821406086258e-11,1.000010905250697,1.0000109271230977,1.0000109052506971,6.630885745100553e-11,1.0000109271230968,1.0000109052506971,1.000010905250698,5.941821429997957e-11,1.000010905250697,1.0000109271230972,1.000010905250697,1.0000109052506971,1.000010952546253,6.330851199395765e-11,1.0000109052506971,1.0000109052506971,1.0000109052506958,6.33085118078016e-11,1.0000109052506965,1.0000109052506978,5.941821365427795e-11,1.0000109052506971,6.330851266502954e-11,6.330851158451145e-11,1.0000109271230972,1.0000109052506991,8.245524262069454e-11,1.0000109052506958,1.000010420679957
