1.000000013777411,2.9081477745614723e-06,2.9430925600681298e-06,2.899624035277588e-06,1.00002981614537,2.987851334412955e-06,1.0000298161453725,1.0000298161453705,1.0000298161453716,2.9878513360075656e-06,2.943092555603766e-06,2.903519462939629e-06,2.9430925561710803e-06,2.994966482841071e-06,2.943092556720942e-06,1.0000298065854385,1.000029806585437,1.0000293975682903,2.9497428786543455e-06,1.0000298089227602,3.029274298989692e-06,2.946253712786832e-06,1.0000288924723404,2.9430925560959383e-06,3.0060941904992025e-06,2.9211510429101824e-06,2.908147764797448e-06,1.0000298161453722,2.9430925555884016e-06,2.9430925564501154e-06,2.9430925560763523e-06,1.0000294324853185,1.0000298161453718,3.0429469905678743e-06,2.8996500508818102e-06,3.0070032366301794e-06,2.9430925556355488e-06,1.0000298161453705,1.0000298161453705,2.9399659305912587e-06,2.8996500503243092e-06,2.9989614037207334e-06,3.0293669134926063e-06,2.9481579703322476e-06
2.9081477745614723e-06,-1.033410284445807e-06,1.211709395390816e-17,2.4847260342310736e-18,1.2783035586944878e-10,1.2584872069546407e-17,1.2783035586420495e-10,1.2783035585368546e-10,1.2783035585368546e-10,1.2448932550652835e-17,1.2111590281305948e-17,6.431935468791963e-18,1.2111590281305948e-17,1.3479240977540743e-17,1.2133438647053266e-17,1.278303543087577e-10,1.278303543087577e-10,1.278302903399194e-10,6.7329489031201176e-18,1.2783035459341852e-10,1.4784519754800873e-17,1.9173854266386667e-14,2.539804382457618e-07,1.2265136370093071e-17,1.5350495948919966e-17,1.7106776259186245e-14,1.3151910035205522e-14,1.2783035586050133e-10,1.2111590281305948e-17,1.2133438647053266e-17,1.1991781846671119e-17,1.2783029577947973e-10,1.2783035584920157e-10,4.175149144159034e-14,5.18941020009901e-18,3.066326446295323e-14,1.210739514066676e-17,1.2783035585845263e-10,1.2783035585368546e-10,4.8004626417839856e-18,5.936423511711803e-18,1.4285599243924922e-17,3.7614692708815976e-14,6.381837260784094e-18
2.9430925600681298e-06,1.211709395390816e-17,-1.0334102619429764e-06,7.855148219608788e-18,1.4541853176045615e-10,1.9595071849844986e-17,1.454185317632032e-10,1.4541853175715007e-10,1.4541853179757697e-10,1.9600547739651306e-17,3.5972479715914513e-14,1.1101741769238343e-17,3.597247908903481e-14,2.068721597907126e-17,3.597247943811678e-14,1.4541853008180012e-10,1.4541853021860113e-10,1.454184592599076e-10,1.2977631646499462e-17,1.454185304334904e-10,2.2563591866701088e-17,1.5946532541964985e-17,2.88925607432814e-07,3.59724798181722e-14,2.2754216921549713e-17,1.423694046256232e-17,1.2115730877203226e-17,1.4541853174079963e-10,3.5972479747196496e-14,3.5972479581512457e-14,3.597247962052138e-14,1.4541846534814128e-10,1.4541853175329328e-10,5.754870233964881e-14,1.072875389518032e-17,2.2836535109527664e-17,3.5972479449869545e-14,1.4541853180327782e-10,1.4541853179757697e-10,1.1255756633580498e-17,1.0787639492363404e-17,4.282823074014086e-14,5.297787337938065e-14,1.2805807585288506e-17
2.899624035277588e-06,2.4847260342310736e-18,7.855148219608788e-18,-1.0334103024541126e-06,1.235402538442074e-10,7.701254709879067e-18,1.2354025389794972e-10,1.2354025385642546e-10,1.2354025396339826e-10,7.558528792127905e-18,7.738141518438993e-18,1.4220159080931573e-18,7.778626853590965e-18,1.6937796995216752e-14,7.738141518438993e-18,1.23540252243909e-10,1.235402524117418e-10,2.4545677698268864e-07,1.8759874196511378e-18,1.235402527445317e-10,9.335461583467684e-18,4.876339886942446e-18,2.4545662034678407e-07,7.738141518438993e-18,2.0285288232527916e-14,4.290743861157537e-18,2.6103506771797962e-18,1.235402538656877e-10,7.86017292547842e-18,7.738141518438993e-18,7.738141518438993e-18,1.235401941939879e-10,1.235402538462589e-10,3.160043644409906e-14,7.65582176828991e-19,2.059160729599664e-14,7.795281775007129e-18,1.2354025386629714e-10,1.235402538462589e-10,-7.270040133251585e-19,1.4135757448052595e-18,9.302222410959452e-18,2.7512906062300096e-14,7.216102045138178e-19
1.00002981614537,1.2783035586944878e-10,1.4541853176045615e-10,1.235402538442074e-10,1.0000382054124997,1.6794624560706144e-10,1.0000392388229367,1.0000392388229356,1.0000392388229356,1.679462451893827e-10,1.4541852994091182e-10,1.2550086535877722e-10,1.4541853081714036e-10,1.7152739451558003e-10,1.4541853050691064e-10,1.0000392292628864,1.0000392292628861,1.0000388202408785,1.4876574849885448e-10,1.0000392316002384,1.8879498937144706e-10,1.4700959279379957e-10,1.0000383151389303,1.4541852987266593e-10,1.77128117428229e-10,1.3437507519966999e-10,1.278303513993774e-10,1.0000392388229367,1.4541852982041696e-10,1.4541852951840554e-10,1.4541853020568574e-10,1.000038855158324,1.0000392388229353,1.9567662270640146e-10,1.2355333710331086e-10,1.7758564988754163e-10,1.4541852992038422e-10,1.000039238822936,1.000039238822936,1.4384488198195876e-10,1.2355333644260182e-10,1.7353809032814368e-10,1.8884158915446905e-10,1.4796804324325122e-10
2.987851334412955e-06,1.2584872069546407e-17,1.9595071849844986e-17,7.701254709879067e-18,1.6794624560706144e-10,-1.0334102572504098e-06,1.6794624558778342e-10,1.6794624537764654e-10,1.679462455774237e-10,4.14216093965827e-14,1.955931195475704e-17,1.1556471500695198e-17,1.9510497197726295e-17,4.4206694123596294e-14,1.9462063993556202e-17,1.6794624367573052e-10,1.6794624367573052e-10,3.336851197225101e-07,2.648784296050739e-14,1.679462440802377e-10,4.7982294375683045e-14,1.6344554840987678e-17,3.3368491703347803e-07,1.9527510342842023e-17,4.855488957027933e-14,1.5045872226348706e-17,1.2419425415711973e-17,1.679462456950378e-10,1.959507184990893e-17,1.959507184990893e-17,1.9462063993556202e-17,3.336851335939619e-07,1.679462456950378e-10,6.326364730691384e-14,1.0958468015288138e-17,4.895365920674039e-14,1.9510497197726295e-17,1.6794624558778342e-10,1.6794624556601924e-10,2.250263502145932e-14,1.0678034104374248e-17,2.3253405514947718e-17,5.792907309302414e-14,2.585063190062095e-14
1.0000298161453725,1.2783035586420495e-10,1.454185317632032e-10,1.2354025389794972e-10,1.0000392388229367,1.6794624558778342e-10,1.0000382054124997,1.0000392388229353,1.0000392388229358,1.6794624526694478e-10,1.4541852989317336e-10,1.2550086538239198e-10,1.4541853079554668e-10,1.7152739470961918e-10,1.4541853050691064e-10,1.0000392292628875,1.0000392292628875,1.0000388202408803,1.4876574859264931e-10,1.0000392316002402,1.8879498942151013e-10,1.4700959278050332e-10,1.0000383151389316,1.454185298785092e-10,1.77128117529256e-10,1.3437507520381786e-10,1.278303514080984e-10,1.0000392388229378,1.4541852986430877e-10,1.4541852951840554e-10,1.454185302493133e-10,1.0000388551583261,1.0000392388229367,1.95676622667063e-10,1.2355333716051668e-10,1.7758565005972858e-10,1.4541852988513353e-10,1.0000392388229373,1.0000392388229375,1.4384488196721395e-10,1.235533364167305e-10,1.7353809017230337e-10,1.8884158918851808e-10,1.4796804316401332e-10
1.0000298161453705,1.2783035585368546e-10,1.4541853175715007e-10,1.2354025385642546e-10,1.0000392388229356,1.6794624537764654e-10,1.0000392388229353,1.0000382054124997,1.0000392388229353,1.6794624538898553e-10,1.454185299126463e-10,1.2550086544100585e-10,1.4541853084145666e-10,1.715273945641289e-10,1.4541853050691064e-10,1.0000392292628868,1.0000392292628852,1.0000388202408792,1.4876574859264931e-10,1.0000392316002384,1.8879498943100112e-10,1.4700959284569058e-10,1.0000383151389298,1.454185298785092e-10,1.7712811741103934e-10,1.343750752421644e-10,1.2783035136397507e-10,1.0000392388229369,1.4541852994821432e-10,1.4541852951840554e-10,1.45418530183745e-10,1.000038855158324,1.0000392388229358,1.9567662276134734e-10,1.2355333710125687e-10,1.7758564981010667e-10,1.454185298970071e-10,1.0000392388229353,1.0000392388229356,1.4384488196721398e-10,1.2355333639935248e-10,1.7353809016910485e-10,1.8884158918851808e-10,1.47968043203646e-10
1.0000298161453716,1.2783035585368546e-10,1.4541853179757697e-10,1.2354025396339826e-10,1.0000392388229356,1.679462455774237e-10,1.0000392388229358,1.0000392388229353,1.000038205412497,1.6794624535359544e-10,1.454185299126463e-10,1.255008655102151e-10,1.454185307841154e-10,1.715273945641289e-10,1.4541853036473427e-10,1.0000392292628872,1.0000392292628861,1.0000388202408783,1.4876574856353995e-10,1.0000392316002376,1.8879498949463737e-10,1.4700959278050332e-10,1.000038315138931,1.454185298785092e-10,1.7712811741103934e-10,1.3437507535612815e-10,1.278303513728386e-10,1.000039238822936,1.4541852982041696e-10,1.454185296438104e-10,1.4541853023132922e-10,1.0000388551583252,1.000039238822936,1.9567662266984824e-10,1.2355333700304564e-10,1.7758564999879993e-10,1.4541852985862397e-10,1.0000392388229356,1.0000392388229356,1.4384488191493557e-10,1.2355333650966753e-10,1.735380902706944e-10,1.8884158918851808e-10,1.4796804316401332e-10
2.9878513360075656e-06,1.2448932550652835e-17,1.9600547739651306e-17,7.558528792127905e-18,1.679462451893827e-10,4.14216093965827e-14,1.6794624526694478e-10,1.6794624538898553e-10,1.6794624535359544e-10,-1.0334102572504098e-06,1.9462063993556202e-17,1.1500899684276923e-17,1.9527510342842023e-17,4.4206694589818573e-14,1.94506060460364e-17,1.679462433816387e-10,1.6794624336312366e-10,3.336851192421062e-07,2.6487843458857322e-14,1.6794624388903036e-10,4.798229489410856e-14,1.6344554840987678e-17,3.336849165530753e-07,1.955931195475704e-17,4.855489002857695e-14,1.520991055400088e-17,1.2435651702099384e-17,1.6794624536785525e-10,1.9527510342842023e-17,1.9527510342842023e-17,1.94506060460364e-17,3.336851331135599e-07,1.6794624532320743e-10,6.326364773698084e-14,1.0800937952106178e-17,4.895365966411848e-14,1.946248576371142e-17,1.6794624532320743e-10,1.6794624532320743e-10,2.25026355281718e-14,1.0902169316082784e-17,2.3353981575129658e-17,5.792907353281219e-14,2.5850632400637414e-14
2.943092555603766e-06,1.2111590281305948e-17,3.5972479715914513e-14,7.738141518438993e-18,1.4541852994091182e-10,1.955931195475704e-17,1.4541852989317336e-10,1.454185299126463e-10,1.454185299126463e-10,1.9462063993556202e-17,-1.0334102619429764e-06,1.1196358574318368e-17,3.597248045065885e-14,2.081677362022486e-17,3.597248079974197e-14,1.4541852835681514e-10,1.4541852834886648e-10,1.4541845753497398e-10,1.3065300035233849e-17,1.454185286834876e-10,2.248875451153762e-17,1.5887732825471966e-17,2.8892560384457323e-07,3.597248117979609e-14,2.268430080010323e-17,1.4265160593380345e-17,1.2097454638584591e-17,1.4541852994091182e-10,3.5972481108820666e-14,3.597248094313672e-14,3.5972480982145666e-14,1.454184634223404e-10,1.4541852984473217e-10,5.754870377100593e-14,1.0681139676582224e-17,2.2894993787005063e-17,3.5972480811493784e-14,1.4541852997788403e-10,1.4541852997788403e-10,1.129068248073836e-17,1.0734053406574823e-17,4.282823236956348e-14,5.297787487351827e-14,1.2807594800684879e-17
2.903519462939629e-06,6.431935468791963e-18,1.1101741769238343e-17,1.4220159080931573e-18,1.2550086535877722e-10,1.1556471500695198e-17,1.2550086538239198e-10,1.2550086544100585e-10,1.255008655102151e-10,1.1500899684276923e-17,1.1196358574318368e-17,-1.0334102890614263e-06,1.1218225487616133e-17,1.2517052705007263e-17,1.1124822848587966e-17,1.2550086406404633e-10,1.2550086393489364e-10,1.25500800853959e-10,5.856161396613712e-18,1.2550086436721025e-10,1.3538343020453481e-17,8.52350055711828e-18,2.4935207665164903e-07,1.1196358574318368e-17,1.4160854607494262e-17,1.5500531037449804e-14,6.431935468791963e-18,1.2550086538357725e-10,1.11126490012966e-17,1.1124822848587966e-17,1.1196358574318368e-17,1.2550080618663753e-10,1.2550086542196872e-10,1.9913406326323e-17,4.379621302392682e-18,1.442080082332839e-17,1.1133135227318141e-17,1.2550086538309558e-10,1.2550086547180418e-10,4.61080551915957e-18,4.481404166734379e-18,1.3354003669228715e-17,1.7839800372373433e-17,5.3999222783383185e-18
2.9430925561710803e-06,1.2111590281305948e-17,3.597247908903481e-14,7.778626853590965e-18,1.4541853081714036e-10,1.9510497197726295e-17,1.4541853079554668e-10,1.4541853084145666e-10,1.454185307841154e-10,1.9527510342842023e-17,3.597248045065885e-14,1.1218225487616133e-17,-1.0334102619429764e-06,2.0785818178839725e-17,3.597248017286201e-14,1.4541852923513405e-10,1.454185291211938e-10,1.4541845831580564e-10,1.2965042704138858e-17,1.4541852956748387e-10,2.2672475001969445e-17,1.5807469602025215e-17,2.8892560559485057e-07,3.5972480552916596e-14,2.2760244119530728e-17,1.42528855994892e-17,1.2105931874774578e-17,1.454185307841154e-10,3.597248048194085e-14,3.59724803162566e-14,3.5972480355266126e-14,1.4541846449385063e-10,1.4541853085662632e-10,5.754870311109376e-14,1.0728753895118983e-17,2.280382062696539e-17,3.5972480184614157e-14,1.4541853085662632e-10,1.454185307841154e-10,1.12983933083676e-17,1.0728753895118983e-17,4.282823161941722e-14,5.2977874185019875e-14,1.2812275209911051e-17
2.994966482841071e-06,1.3479240977540743e-17,2.068721597907126e-17,1.6937796995216752e-14,1.7152739451558003e-10,4.4206694123596294e-14,1.7152739470961918e-10,1.715273945641289e-10,1.715273945641289e-10,4.4206694589818573e-14,2.081677362022486e-17,1.2517052705007263e-17,2.0785818178839725e-17,-1.0334102495315756e-06,2.0746751149296455e-17,1.7152739257768417e-10,1.71527392633882e-10,3.408003499217718e-07,2.901313317056589e-14,1.715273931901012e-10,5.1106645295045446e-14,3.575871338365626e-14,3.408001438282468e-07,2.0785818178839725e-17,5.146647326899791e-14,1.6257444329535837e-17,1.3604412609687934e-17,1.7152739470961918e-10,2.068721597907126e-17,2.068721597907126e-17,2.0683293267536737e-17,3.408003640297494e-07,1.7152739470961918e-10,6.642668315286753e-14,1.1867351077135284e-17,5.186882802448518e-14,2.075090688526377e-17,1.7152739464323726e-10,1.715273945641289e-10,2.496925787360118e-14,1.1865843184369584e-17,2.4684229107896804e-17,6.099985649536286e-14,2.8368325007448433e-14
2.943092556720942e-06,1.2133438647053266e-17,3.597247943811678e-14,7.738141518438993e-18,1.4541853050691064e-10,1.9462063993556202e-17,1.4541853050691064e-10,1.4541853050691064e-10,1.4541853036473427e-10,1.94506060460364e-17,3.597248079974197e-14,1.1124822848587966e-17,3.597248017286201e-14,2.0746751149296455e-17,-1.0334102619429764e-06,1.4541852889018433e-10,1.4541852882619467e-10,1.4541845822036247e-10,1.3065300035233849e-17,1.4541852920398067e-10,2.264276042360601e-17,1.5855010888360402e-17,2.8892560485966414e-07,3.597248090199907e-14,2.2760244119530728e-17,1.42528855994892e-17,1.2025168431757839e-17,1.4541853050691064e-10,3.597248083102464e-14,3.597248066533983e-14,3.597248070434877e-14,1.4541846399586722e-10,1.454185304750469e-10,5.7548703490708e-14,1.0728753895118983e-17,2.2807280038524797e-17,3.5972480533697136e-14,1.454185304750469e-10,1.454185304750469e-10,1.1342229036775165e-17,1.0557017329244024e-17,4.282823203700783e-14,5.29778745767158e-14,1.2798977389030567e-17
1.0000298065854385,1.278303543087577e-10,1.4541853008180012e-10,1.23540252243909e-10,1.0000392292628864,1.6794624367573052e-10,1.0000392292628875,1.0000392292628868,1.0000392292628872,1.679462433816387e-10,1.4541852835681514e-10,1.2550086406404633e-10,1.4541852923513405e-10,1.7152739257768417e-10,1.4541852889018433e-10,1.0000381862924002,1.0000392197028398,1.0000388106808358,1.4876574680686026e-10,1.0000392220401904,1.8879498731009424e-10,1.470095911913901e-10,1.0000383055788917,1.4541852831583036e-10,1.7712811540030541e-10,1.3437507366047226e-10,1.2783034994317388e-10,1.0000392292628888,1.4541852804957462e-10,1.4541852792456568e-10,1.454185284381665e-10,1.0000388455982812,1.000039229262888,1.9567662045702078e-10,1.2355333561451157e-10,1.775856479966558e-10,1.4541852809922233e-10,1.000039229262888,1.0000392292628881,1.4384488034005883e-10,1.2355333504952e-10,3.4479548182426664e-07,1.8884158702176383e-10,1.479680414311113e-10
1.000029806585437,1.278303543087577e-10,1.4541853021860113e-10,1.235402524117418e-10,1.0000392292628861,1.6794624367573052e-10,1.0000392292628875,1.0000392292628852,1.0000392292628861,1.6794624336312366e-10,1.4541852834886648e-10,1.2550086393489364e-10,1.454185291211938e-10,1.71527392633882e-10,1.4541852882619467e-10,1.0000392197028398,1.0000381862923966,1.0000388106808342,1.4876574685343722e-10,1.0000392220401904,1.8879498734997985e-10,1.4700959118387847e-10,1.00003830557889,1.4541852827059518e-10,1.7712811550857483e-10,1.3437507372251727e-10,1.2783034987787875e-10,1.0000392292628875,1.4541852810542192e-10,1.454185280250318e-10,1.4541852861902206e-10,1.00003884559828,1.0000392292628857,1.9567662063387453e-10,1.2355333557426365e-10,1.7758564801816956e-10,1.4541852818122793e-10,1.0000392292628864,1.0000392292628864,1.4384488018851577e-10,1.2355333503664658e-10,3.4479548182426696e-07,1.8884158702467845e-10,1.4796804145545085e-10
1.0000293975682903,1.278302903399194e-10,1.454184592599076e-10,2.4545677698268864e-07,1.0000388202408785,3.336851197225101e-07,1.0000388202408803,1.0000388202408792,1.0000388202408783,3.336851192421062e-07,1.4541845753497398e-10,1.25500800853959e-10,1.4541845831580564e-10,3.408003499217718e-07,1.4541845822036247e-10,1.0000388106808358,1.0000388106808342,1.000037368248526,2.955762200165335e-07,1.0000388130181854,3.7510858601048096e-07,2.920869911443478e-07,1.0000378965572396,1.454184574385149e-10,3.519281838442045e-07,1.3437500704054043e-10,1.2783028602182008e-10,1.000038820240881,1.4541845730624466e-10,1.4541845718931818e-10,1.4541845787493564e-10,1.0000384365764223,1.0000388202408794,3.887814064624821e-07,1.2355327338368263e-10,3.528372353307985e-07,1.4541845752876893e-10,1.0000388202408785,1.0000388202408792,2.857991631521473e-07,1.2355327264706364e-10,1.7353800366556815e-10,3.752011739943987e-07,2.93991293836163e-07
2.9497428786543455e-06,6.7329489031201176e-18,1.2977631646499462e-17,1.8759874196511378e-18,1.4876574849885448e-10,2.648784296050739e-14,1.4876574859264931e-10,1.4876574859264931e-10,1.4876574856353995e-10,2.6487843458857322e-14,1.3065300035233849e-17,5.856161396613712e-18,1.2965042704138858e-17,2.901313317056589e-14,1.3065300035233849e-17,1.4876574680686026e-10,1.4876574685343722e-10,2.955762200165335e-07,-1.0334102840366642e-06,1.4876574713724718e-10,3.1246502912545243e-14,2.0156553485959057e-14,2.955760356193604e-07,1.2968804878714197e-17,3.296538338788489e-14,9.157852040215876e-18,7.071213236832069e-18,1.4876574856353995e-10,1.3045881349031454e-17,1.2965042704138858e-17,1.2977631646499462e-17,2.9557623262115466e-07,1.4876574859264931e-10,4.6348032832951105e-14,5.510447049825188e-18,3.332056610384755e-14,1.3065300035233849e-17,1.4876574851497762e-10,1.4876574859264931e-10,4.4897578243274575e-18,5.548708122020273e-18,1.5553922451838545e-17,4.1509271399866635e-14,6.89216056506362e-18
1.0000298089227602,1.2783035459341852e-10,1.454185304334904e-10,1.235402527445317e-10,1.0000392316002384,1.679462440802377e-10,1.0000392316002402,1.0000392316002384,1.0000392316002376,1.6794624388903036e-10,1.454185286834876e-10,1.2550086436721025e-10,1.4541852956748387e-10,1.715273931901012e-10,1.4541852920398067e-10,1.0000392220401904,1.0000392220401904,1.0000388130181854,1.4876574713724718e-10,1.0000381909671077,3.751087704662888e-07,1.4700959153308675e-10,1.0000383079162407,1.4541852858133548e-10,1.7712811596482017e-10,1.343750740078187e-10,1.2783035027664882e-10,1.0000392316002402,1.454185284819546e-10,1.4541852822133032e-10,1.454185289032134e-10,1.0000388479356321,1.000039231600238,1.9567662094684736e-10,1.2355333587564297e-10,1.7758564842216284e-10,1.4541852853426846e-10,1.0000392316002387,1.000039231600239,1.4384488042893527e-10,1.235533352530918e-10,1.7353808850107072e-10,1.8884158750001932e-10,1.4796804173776604e-10
3.029274298989692e-06,1.4784519754800873e-17,2.2563591866701088e-17,9.335461583467684e-18,1.8879498937144706e-10,4.7982294375683045e-14,1.8879498942151013e-10,1.8879498943100112e-10,1.8879498949463737e-10,4.798229489410856e-14,2.248875451153762e-17,1.3538343020453481e-17,2.2672475001969445e-17,5.1106645295045446e-14,2.264276042360601e-17,1.8879498731009424e-10,1.8879498734997985e-10,3.7510858601048096e-07,3.1246502912545243e-14,3.751087704662888e-07,-1.0334102422948994e-06,3.875327932631396e-14,3.751083588544096e-07,2.264276042360601e-17,5.59933000419415e-14,1.7591933191299112e-17,1.4686862806230324e-17,1.8879498949463737e-10,2.264276042360601e-17,2.2600464075590632e-17,2.2672475001969445e-17,3.751086015582978e-07,1.8879498936149737e-10,7.247701559713315e-14,2.5509257523748943e-14,5.642817760230849e-14,2.2672475001969445e-17,1.8879498942151013e-10,1.8879498943100363e-10,1.3540313389772046e-17,2.5509258064655533e-14,2.6915263142164995e-17,6.650068007420727e-14,3.0523019266557657e-14
2.946253712786832e-06,1.9173854266386667e-14,1.5946532541964985e-17,4.876339886942446e-18,1.4700959279379957e-10,1.6344554840987678e-17,1.4700959278050332e-10,1.4700959284569058e-10,1.4700959278050332e-10,1.6344554840987678e-17,1.5887732825471966e-17,8.52350055711828e-18,1.5807469602025215e-17,3.575871338365626e-14,1.5855010888360402e-17,1.470095911913901e-10,1.4700959118387847e-10,2.920869911443478e-07,2.0156553485959057e-14,1.4700959153308675e-10,3.875327932631396e-14,-1.033410272532608e-06,2.920868123078632e-07,1.581325618512091e-17,3.960728774074484e-14,2.3684565994280596e-14,1.917386082305045e-14,1.4700959279379957e-10,1.5727866375897314e-17,1.5807469602025215e-17,1.5884678054969956e-17,1.4700952443585842e-10,1.4700959291566465e-10,5.256427635393182e-14,1.6373807304789408e-14,3.9944804645452144e-14,1.5946532541964985e-17,1.4700959291566465e-10,1.4700959288476765e-10,8.318900582600384e-18,1.6373807775836887e-14,1.8936114135328242e-17,4.78717211665861e-14,9.857820139945268e-18
1.0000288924723404,2.539804382457618e-07,2.88925607432814e-07,2.4545662034678407e-07,1.0000383151389303,3.3368491703347803e-07,1.0000383151389316,1.0000383151389298,1.000038315138931,3.336849165530753e-07,2.8892560384457323e-07,2.4935207665164903e-07,2.8892560559485057e-07,3.408001438282468e-07,2.8892560485966414e-07,1.0000383055788917,1.00003830557889,1.0000378965572396,2.955760356193604e-07,1.0000383079162407,3.751083588544096e-07,2.920868123078632e-07,1.0000363580452467,2.889256036922576e-07,3.5192797242106146e-07,2.6698385176971193e-07,2.539804294613037e-07,1.0000383151389318,2.8892560362531876e-07,2.8892560313214155e-07,2.889256042804442e-07,1.0000379314746548,1.0000383151389312,3.887811774670294e-07,2.4548261868450037e-07,3.528370234874148e-07,2.8892560374471726e-07,1.0000383151389316,1.0000383151389316,2.857989833139567e-07,2.454826174114397e-07,3.447951060342775e-07,3.7520095151359285e-07,2.939911101055202e-07
2.9430925560959383e-06,1.2265136370093071e-17,3.59724798181722e-14,7.738141518438993e-18,1.4541852987266593e-10,1.9527510342842023e-17,1.454185298785092e-10,1.454185298785092e-10,1.454185298785092e-10,1.955931195475704e-17,3.597248117979609e-14,1.1196358574318368e-17,3.5972480552916596e-14,2.0785818178839725e-17,3.597248090199907e-14,1.4541852831583036e-10,1.4541852827059518e-10,1.454184574385149e-10,1.2968804878714197e-17,1.4541852858133548e-10,2.264276042360601e-17,1.581325618512091e-17,2.889256036922576e-07,-1.0334102619429764e-06,2.258428800544958e-17,1.423694046256232e-17,1.2097454638584591e-17,1.454185298771301e-10,3.5972481211078875e-14,3.597248104539463e-14,3.5972481084403925e-14,1.4541846348172305e-10,1.4541852987266593e-10,5.754870388944422e-14,1.0734053406574823e-17,2.2877611636288866e-17,3.5972480913751905e-14,1.4541852987125972e-10,1.4541852992727112e-10,1.1264645537911793e-17,1.0681139676582224e-17,4.2828232491802023e-14,5.297787499319677e-14,1.2812275209911051e-17
3.0060941904992025e-06,1.5350495948919966e-17,2.2754216921549713e-17,2.0285288232527916e-14,1.77128117428229e-10,4.855488957027933e-14,1.77128117529256e-10,1.7712811741103934e-10,1.7712811741103934e-10,4.855489002857695e-14,2.268430080010323e-17,1.4160854607494262e-17,2.2760244119530728e-17,5.146647326899791e-14,2.2760244119530728e-17,1.7712811540030541e-10,1.7712811550857483e-10,3.519281838442045e-07,3.296538338788489e-14,1.7712811596482017e-10,5.59933000419415e-14,3.960728774074484e-14,3.5192797242106146e-07,2.258428800544958e-17,-1.0334102421052225e-06,1.7962143343533566e-17,1.5350495948638777e-17,1.7712811741307588e-10,2.2760244119530728e-17,2.2611553064036435e-17,2.2760244119530728e-17,3.5192819832066336e-07,1.7712811744783675e-10,7.136574222175907e-14,2.6989284670705555e-14,5.642320796504714e-14,2.2760244119530728e-17,1.7712811733001819e-10,1.7712811744067195e-10,2.882766257712925e-14,2.698928513482482e-14,2.6863211919272194e-17,6.579971470481532e-14,3.228668561112993e-14
2.9211510429101824e-06,1.7106776259186245e-14,1.423694046256232e-17,4.290743861157537e-18,1.3437507519966999e-10,1.5045872226348706e-17,1.3437507520381786e-10,1.343750752421644e-10,1.3437507535612815e-10,1.520991055400088e-17,1.4265160593380345e-17,1.5500531037449804e-14,1.42528855994892e-17,1.6257444329535837e-17,1.42528855994892e-17,1.3437507366047226e-10,1.3437507372251727e-10,1.3437500704054043e-10,9.157852040215876e-18,1.343750740078187e-10,1.7591933191299112e-17,2.3684565994280596e-14,2.6698385176971193e-07,1.423694046256232e-17,1.7962143343533566e-17,-1.0334102766947048e-06,1.71067823113526e-14,1.3437507522156435e-10,1.4240416776236744e-17,1.4265160593380345e-17,1.4233453458947673e-17,1.3437501276576645e-10,1.3437507525494326e-10,4.7547354869368603e-14,7.144354277511809e-18,3.6006452129894465e-14,1.4265160593380345e-17,1.3437507525494326e-10,1.3437507525570005e-10,1.4639935479758984e-14,7.227202533024609e-18,1.6987117502120672e-17,4.324325659513758e-14,8.806356291136737e-18
2.908147764797448e-06,1.3151910035205522e-14,1.2115730877203226e-17,2.6103506771797962e-18,1.278303513993774e-10,1.2419425415711973e-17,1.278303514080984e-10,1.2783035136397507e-10,1.278303513728386e-10,1.2435651702099384e-17,1.2097454638584591e-17,6.431935468791963e-18,1.2105931874774578e-17,1.3604412609687934e-17,1.2025168431757839e-17,1.2783034994317388e-10,1.2783034987787875e-10,1.2783028602182008e-10,7.071213236832069e-18,1.2783035027664882e-10,1.4686862806230324e-17,1.917386082305045e-14,2.539804294613037e-07,1.2097454638584591e-17,1.5350495948638777e-17,1.71067823113526e-14,-1.033410284445807e-06,1.278303514080984e-10,1.2133438647053266e-17,1.1991781846671119e-17,1.1991781846671119e-17,1.2783029136259041e-10,1.2783035149408539e-10,4.1751498020189595e-14,5.995922587529573e-18,3.0663271390898246e-14,1.2111590281305948e-17,1.278303513728386e-10,1.2783035146766317e-10,5.070789616059893e-18,5.936423511711803e-18,1.431680459753889e-17,3.761469941088756e-14,6.564659310315512e-18
1.0000298161453722,1.2783035586050133e-10,1.4541853174079963e-10,1.235402538656877e-10,1.0000392388229367,1.679462456950378e-10,1.0000392388229378,1.0000392388229369,1.000039238822936,1.6794624536785525e-10,1.4541852994091182e-10,1.2550086538357725e-10,1.454185307841154e-10,1.7152739470961918e-10,1.4541853050691064e-10,1.0000392292628888,1.0000392292628875,1.000038820240881,1.4876574856353995e-10,1.0000392316002402,1.8879498949463737e-10,1.4700959279379957e-10,1.0000383151389318,1.454185298771301e-10,1.7712811741307588e-10,1.3437507522156435e-10,1.278303514080984e-10,1.0000382054125048,1.4541852979730608e-10,1.454185296438104e-10,1.4541853023132922e-10,1.0000388551583261,1.000039238822937,1.9567662270586405e-10,1.235533371600941e-10,1.7758564981010667e-10,1.4541852991497384e-10,1.0000392388229373,1.0000392388229375,1.438448819149356e-10,1.235533364785362e-10,1.7353809016852047e-10,1.8884158901918325e-10,1.47968043203646e-10
2.9430925555884016e-06,1.2111590281305948e-17,3.5972479747196496e-14,7.86017292547842e-18,1.4541852982041696e-10,1.959507184990893e-17,1.4541852986430877e-10,1.4541852994821432e-10,1.4541852982041696e-10,1.9527510342842023e-17,3.5972481108820666e-14,1.11126490012966e-17,3.597248048194085e-14,2.068721597907126e-17,3.597248083102464e-14,1.4541852804957462e-10,1.4541852810542192e-10,1.4541845730624466e-10,1.3045881349031454e-17,1.454185284819546e-10,2.264276042360601e-17,1.5727866375897314e-17,2.8892560362531876e-07,3.5972481211078875e-14,2.2760244119530728e-17,1.4240416776236744e-17,1.2133438647053266e-17,1.4541852979730608e-10,-1.0334102619429764e-06,3.597248097441961e-14,3.5972481013428765e-14,1.454184634706899e-10,1.4541852982331633e-10,5.754870379649101e-14,1.0557017329244024e-17,2.2833504316092216e-17,3.597248084277627e-14,1.4541852986430877e-10,1.4541852994821432e-10,1.1264645537911793e-17,1.0557017329244024e-17,4.2828232407087614e-14,5.297787490279473e-14,1.281038197346864e-17
2.9430925564501154e-06,1.2133438647053266e-17,3.5972479581512457e-14,7.738141518438993e-18,1.4541852951840554e-10,1.959507184990893e-17,1.4541852951840554e-10,1.4541852951840554e-10,1.454185296438104e-10,1.9527510342842023e-17,3.597248094313672e-14,1.1124822848587966e-17,3.59724803162566e-14,2.068721597907126e-17,3.597248066533983e-14,1.4541852792456568e-10,1.454185280250318e-10,1.4541845718931818e-10,1.2965042704138858e-17,1.4541852822133032e-10,2.2600464075590632e-17,1.5807469602025215e-17,2.8892560313214155e-07,3.597248104539463e-14,2.2611553064036435e-17,1.4265160593380345e-17,1.1991781846671119e-17,1.454185296438104e-10,3.597248097441961e-14,-1.0334102619429764e-06,3.597248084774424e-14,1.4541846320167087e-10,1.4541852954738217e-10,5.754870357169807e-14,1.0669690048875617e-17,2.2822383786497595e-17,3.5972480677092314e-14,1.454185296438104e-10,1.454185296438104e-10,1.1300049082633845e-17,1.0728753895118983e-17,4.28282322093923e-14,5.2977874686385743e-14,1.2798395893999588e-17
2.9430925560763523e-06,1.1991781846671119e-17,3.597247962052138e-14,7.738141518438993e-18,1.4541853020568574e-10,1.9462063993556202e-17,1.454185302493133e-10,1.45418530183745e-10,1.4541853023132922e-10,1.94506060460364e-17,3.5972480982145666e-14,1.1196358574318368e-17,3.5972480355266126e-14,2.0683293267536737e-17,3.597248070434877e-14,1.454185284381665e-10,1.4541852861902206e-10,1.4541845787493564e-10,1.2977631646499462e-17,1.454185289032134e-10,2.2672475001969445e-17,1.5884678054969956e-17,2.889256042804442e-07,3.5972481084403925e-14,2.2760244119530728e-17,1.4233453458947673e-17,1.1991781846671119e-17,1.4541853023132922e-10,3.5972481013428765e-14,3.597248084774424e-14,-1.0334102619429764e-06,1.4541846374007704e-10,1.4541853016668712e-10,5.754870366919397e-14,1.0787639492363404e-17,2.2909171907350567e-17,3.5972480716101416e-14,1.45418530183745e-10,1.4541853021974773e-10,1.1264645537911793e-17,1.0582905272304876e-17,4.2828232255457756e-14,5.2977874767841514e-14,1.2807594800684879e-17
1.0000294324853185,1.2783029577947973e-10,1.4541846534814128e-10,1.235401941939879e-10,1.000038855158324,3.336851335939619e-07,1.0000388551583261,1.000038855158324,1.0000388551583252,3.336851331135599e-07,1.454184634223404e-10,1.2550080618663753e-10,1.4541846449385063e-10,3.408003640297494e-07,1.4541846399586722e-10,1.0000388455982812,1.00003884559828,1.0000384365764223,2.9557623262115466e-07,1.0000388479356321,3.751086015582978e-07,1.4700952443585842e-10,1.0000379314746548,1.4541846348172305e-10,3.5192819832066336e-07,1.3437501276576645e-10,1.2783029136259041e-10,1.0000388551583261,1.454184634706899e-10,1.4541846320167087e-10,1.4541846374007704e-10,1.0000374380834016,1.000038855158325,3.887814221544456e-07,1.2355327855539765e-10,3.528372498380793e-07,1.4541846352704146e-10,1.0000388551583252,1.0000388551583255,2.85799175431492e-07,1.2355327781277126e-10,1.7353801091649746e-10,3.752011892350977e-07,2.939913063869822e-07
1.0000298161453718,1.2783035584920157e-10,1.4541853175329328e-10,1.235402538462589e-10,1.0000392388229353,1.679462456950378e-10,1.0000392388229367,1.0000392388229358,1.000039238822936,1.6794624532320743e-10,1.4541852984473217e-10,1.2550086542196872e-10,1.4541853085662632e-10,1.7152739470961918e-10,1.454185304750469e-10,1.000039229262888,1.0000392292628857,1.0000388202408794,1.4876574859264931e-10,1.000039231600238,1.8879498936149737e-10,1.4700959291566465e-10,1.0000383151389312,1.4541852987266593e-10,1.7712811744783675e-10,1.3437507525494326e-10,1.2783035149408539e-10,1.000039238822937,1.4541852982331633e-10,1.4541852954738217e-10,1.4541853016668712e-10,1.000038855158325,1.0000382054124974,1.9567662270586405e-10,1.235533371600941e-10,1.7758564994884326e-10,1.454185298970071e-10,1.000039238822936,1.0000392388229362,1.4384488196721395e-10,1.235533364167305e-10,1.7353809017230337e-10,1.8884158901918325e-10,1.4796804313496291e-10
3.0429469905678743e-06,4.175149144159034e-14,5.754870233964881e-14,3.160043644409906e-14,1.9567662270640146e-10,6.326364730691384e-14,1.95676622667063e-10,1.9567662276134734e-10,1.9567662266984824e-10,6.326364773698084e-14,5.754870377100593e-14,1.9913406326323e-17,5.754870311109376e-14,6.642668315286753e-14,5.7548703490708e-14,1.9567662045702078e-10,1.9567662063387453e-10,3.887814064624821e-07,4.6348032832951105e-14,1.9567662094684736e-10,7.247701559713315e-14,5.256427635393182e-14,3.887811774670294e-07,5.754870388944422e-14,7.136574222175907e-14,4.7547354869368603e-14,4.1751498020189595e-14,1.9567662270586405e-10,5.754870379649101e-14,5.754870357169807e-14,5.754870366919397e-14,3.887814221544456e-07,1.9567662270586405e-10,-1.0334102117839305e-06,3.80690127588548e-14,7.180656875190343e-14,5.754870343995467e-14,1.9567662276134734e-10,1.9567662266828428e-10,4.182491834155943e-14,3.8069013153962365e-14,6.855713679215765e-14,8.193289140050223e-14,4.557486261056765e-14
2.8996500508818102e-06,5.18941020009901e-18,1.072875389518032e-17,7.65582176828991e-19,1.2355333710331086e-10,1.0958468015288138e-17,1.2355333716051668e-10,1.2355333710125687e-10,1.2355333700304564e-10,1.0800937952106178e-17,1.0681139676582224e-17,4.379621302392682e-18,1.0728753895118983e-17,1.1867351077135284e-17,1.0728753895118983e-17,1.2355333561451157e-10,1.2355333557426365e-10,1.2355327338368263e-10,5.510447049825188e-18,1.2355333587564297e-10,2.5509257523748943e-14,1.6373807304789408e-14,2.4548261868450037e-07,1.0734053406574823e-17,2.6989284670705555e-14,7.144354277511809e-18,5.995922587529573e-18,1.235533371600941e-10,1.0557017329244024e-17,1.0669690048875617e-17,1.0787639492363404e-17,1.2355327855539765e-10,1.235533371600941e-10,3.80690127588548e-14,-1.033410289882973e-06,2.7265730553086378e-14,1.0787639492363404e-17,1.235533371600941e-10,1.2355333710331086e-10,3.6056297143832106e-18,8.268839596758613e-15,1.2610346783520458e-17,3.406597373886246e-14,4.931012132542386e-18
3.0070032366301794e-06,3.066326446295323e-14,2.2836535109527664e-17,2.059160729599664e-14,1.7758564988754163e-10,4.895365920674039e-14,1.7758565005972858e-10,1.7758564981010667e-10,1.7758564999879993e-10,4.895365966411848e-14,2.2894993787005063e-17,1.442080082332839e-17,2.280382062696539e-17,5.186882802448518e-14,2.2807280038524797e-17,1.775856479966558e-10,1.7758564801816956e-10,3.528372353307985e-07,3.332056610384755e-14,1.7758564842216284e-10,5.642817760230849e-14,3.9944804645452144e-14,3.528370234874148e-07,2.2877611636288866e-17,5.642320796504714e-14,3.6006452129894465e-14,3.0663271390898246e-14,1.7758564981010667e-10,2.2833504316092216e-17,2.2822383786497595e-17,2.2909171907350567e-17,3.528372498380793e-07,1.7758564994884326e-10,7.180656875190343e-14,2.7265730553086378e-14,-1.033410239683397e-06,2.2864901799924596e-17,1.7758564988754163e-10,1.7758564997769118e-10,1.4739832481212103e-17,2.7265731015157412e-14,2.7211726773400656e-17,6.622319695270733e-14,3.266184855197874e-14
2.9430925556355488e-06,1.210739514066676e-17,3.5972479449869545e-14,7.795281775007129e-18,1.4541852992038422e-10,1.9510497197726295e-17,1.4541852988513353e-10,1.454185298970071e-10,1.4541852985862397e-10,1.946248576371142e-17,3.5972480811493784e-14,1.1133135227318141e-17,3.5972480184614157e-14,2.075090688526377e-17,3.5972480533697136e-14,1.4541852809922233e-10,1.4541852818122793e-10,1.4541845752876893e-10,1.3065300035233849e-17,1.4541852853426846e-10,2.2672475001969445e-17,1.5946532541964985e-17,2.8892560374471726e-07,3.5972480913751905e-14,2.2760244119530728e-17,1.4265160593380345e-17,1.2111590281305948e-17,1.4541852991497384e-10,3.597248084277627e-14,3.5972480677092314e-14,3.5972480716101416e-14,1.4541846352704146e-10,1.454185298970071e-10,5.754870343995467e-14,1.0787639492363404e-17,2.2864901799924596e-17,-1.0334102619429764e-06,1.4541852988879983e-10,1.454185298970071e-10,1.1329032431533365e-17,1.0669690048875617e-17,4.282823205179728e-14,5.297787454649489e-14,1.2796472352867579e-17
1.0000298161453705,1.2783035585845263e-10,1.4541853180327782e-10,1.2354025386629714e-10,1.000039238822936,1.6794624558778342e-10,1.0000392388229373,1.0000392388229353,1.0000392388229356,1.6794624532320743e-10,1.4541852997788403e-10,1.2550086538309558e-10,1.4541853085662632e-10,1.7152739464323726e-10,1.454185304750469e-10,1.000039229262888,1.0000392292628864,1.0000388202408785,1.4876574851497762e-10,1.0000392316002387,1.8879498942151013e-10,1.4700959291566465e-10,1.0000383151389316,1.4541852987125972e-10,1.7712811733001819e-10,1.3437507525494326e-10,1.278303513728386e-10,1.0000392388229373,1.4541852986430877e-10,1.454185296438104e-10,1.45418530183745e-10,1.0000388551583252,1.000039238822936,1.9567662276134734e-10,1.235533371600941e-10,1.7758564988754163e-10,1.4541852988879983e-10,1.0000382054124968,1.0000392388229364,1.438448819644273e-10,1.235533364785362e-10,1.7353809016622024e-10,1.8884158918851808e-10,1.4796804313496291e-10
1.0000298161453705,1.2783035585368546e-10,1.4541853179757697e-10,1.235402538462589e-10,1.000039238822936,1.6794624556601924e-10,1.0000392388229375,1.0000392388229356,1.0000392388229356,1.6794624532320743e-10,1.4541852997788403e-10,1.2550086547180418e-10,1.454185307841154e-10,1.715273945641289e-10,1.454185304750469e-10,1.0000392292628881,1.0000392292628864,1.0000388202408792,1.4876574859264931e-10,1.000039231600239,1.8879498943100363e-10,1.4700959288476765e-10,1.0000383151389316,1.4541852992727112e-10,1.7712811744067195e-10,1.3437507525570005e-10,1.2783035146766317e-10,1.0000392388229375,1.4541852994821432e-10,1.454185296438104e-10,1.4541853021974773e-10,1.0000388551583255,1.0000392388229362,1.9567662266828428e-10,1.2355333710331086e-10,1.7758564997769118e-10,1.454185298970071e-10,1.0000392388229364,1.0000382054124959,1.438448819627288e-10,1.235533365207431e-10,1.7353809024621998e-10,1.8884158915402573e-10,1.4796804320158166e-10
2.9399659305912587e-06,4.8004626417839856e-18,1.1255756633580498e-17,-7.270040133251585e-19,1.4384488198195876e-10,2.250263502145932e-14,1.4384488196721395e-10,1.4384488196721398e-10,1.4384488191493557e-10,2.25026355281718e-14,1.129068248073836e-17,4.61080551915957e-18,1.12983933083676e-17,2.496925787360118e-14,1.1342229036775165e-17,1.4384488034005883e-10,1.4384488018851577e-10,2.857991631521473e-07,4.4897578243274575e-18,1.4384488042893527e-10,1.3540313389772046e-17,8.318900582600384e-18,2.857989833139567e-07,1.1264645537911793e-17,2.882766257712925e-14,1.4639935479758984e-14,5.070789616059893e-18,1.438448819149356e-10,1.1264645537911793e-17,1.1300049082633845e-17,1.1264645537911793e-17,2.85799175431492e-07,1.4384488196721395e-10,4.182491834155943e-14,3.6056297143832106e-18,1.4739832481212103e-17,1.1329032431533365e-17,1.438448819644273e-10,1.438448819627288e-10,-1.033410291579147e-06,3.6811031449317516e-18,1.3374398374306732e-17,1.868310795073343e-17,4.344532900982446e-18
2.8996500503243092e-06,5.936423511711803e-18,1.0787639492363404e-17,1.4135757448052595e-18,1.2355333644260182e-10,1.0678034104374248e-17,1.235533364167305e-10,1.2355333639935248e-10,1.2355333650966753e-10,1.0902169316082784e-17,1.0734053406574823e-17,4.481404166734379e-18,1.0728753895118983e-17,1.1865843184369584e-17,1.0557017329244024e-17,1.2355333504952e-10,1.2355333503664658e-10,1.2355327264706364e-10,5.548708122020273e-18,1.235533352530918e-10,2.5509258064655533e-14,1.6373807775836887e-14,2.454826174114397e-07,1.0681139676582224e-17,2.698928513482482e-14,7.227202533024609e-18,5.936423511711803e-18,1.235533364785362e-10,1.0557017329244024e-17,1.0728753895118983e-17,1.0582905272304876e-17,1.2355327781277126e-10,1.235533364167305e-10,3.8069013153962365e-14,8.268839596758613e-15,2.7265731015157412e-14,1.0669690048875617e-17,1.235533364785362e-10,1.235533365207431e-10,3.6811031449317516e-18,-1.0334102898820153e-06,1.2682038781449938e-17,3.4065974158344654e-14,4.854941490965597e-18
