0.9999999999999247,-1.9887293812763612e-10,-1.9391711237199747e-10,-7.501501520677834e-11,-6.780430660578577e-11,-2.0156196019988966e-10,0.9999999996622853,-9.068138043890383e-11,-7.781244696947166e-11,-2.0425288407409204e-10,0.9999999994309204,1.0000000000268978,-1.9873535638569476e-10,-8.950304708960127e-11,-8.252248896150569e-11,-6.660519383256862e-11,-7.550973206739161e-11,-7.273489053583076e-11,-7.245763035261022e-11,-3.122749811988877e-11,0.9999999986455677,0.9999999995468792,-1.6191049140704453e-10,1.0000000005547984,0.9999999999776524,0.9999999995468782,-8.423200762103618e-10,-4.8269416304516304e-11,-8.357197601020956e-11,-4.0028090310640634e-11,-1.8245763569352298e-10,-8.308225276268171e-11,0.9999999991897659,-1.27329059324781e-10,-6.939787420364896e-11,0.9999999995468783,-6.80502548951505e-11,-4.002711339117714e-11,-1.9280400995466497e-10,-2.0501621224301046e-10,-2.0631703995220069e-10,-5.264679593667168e-11,-1.8711566078925585e-10,0.9999999995468786,-2.3609354614265725e-10,-1.5282861421893715e-10,0.9999999999328762,-3.857575957181045e-11,-3.3532703467883594e-11,-6.488633778289952e-11,-1.6441440815221045e-10,-2.7001034642561933e-10,-8.679342716068468e-11,-1.9197650352000874e-10,-6.660250240983927e-11,-2.0502045749327208e-10,0.9999999995029999,0.9999999996416579,-4.002809038066487e-11,-2.557735595554842e-10,-5.6553897166518917e-11,-6.347257447544603e-11,0.9999999997514203,-7.715948751975638e-11,0.9999999996416571,-3.3718696316014974e-11,-8.838463624810681e-11,-1.5274651807950546e-10,-7.977131641617856e-11,-6.34725063128628e-11,-7.223907722492325e-11,-3.7385751336635654e-11,0.9999999995515023,-3.23337700178399e-10,-1.2015341152944867e-10,-8.088645884083172e-11,0.99999999977617
-1.9887293812763612e-10,-2.9115479582029447e-10,3.7363255648996567e-16,3.678805596399982e-16,6.859114046513045e-13,6.303816703948448e-13,2.6158935685279683e-14,3.8222670386614764e-16,3.47322950722389e-16,3.9988638366160783e-16,2.588411053502956e-14,2.5924579293339945e-14,4.130886585981979e-16,3.8283658010784577e-16,3.643465998803411e-16,3.496117453413235e-16,7.139594668092238e-13,3.541767541029983e-16,3.4758138249382314e-16,5.736333226594387e-13,2.6326265411688495e-14,2.5818367203578498e-14,7.649775843375872e-13,5.6062354424354304e-11,2.610497939841553e-14,2.5818603661214344e-14,6.932687053680123e-16,3.3606029502969034e-16,3.6935375230952045e-16,6.027779082669586e-13,6.204712734841595e-13,3.2653001261837277e-16,5.3102924660303565e-11,3.869719627642853e-16,3.0943176438562715e-16,2.5818603661280576e-14,6.709831775861393e-13,6.027779082659811e-13,3.9293703221687355e-16,4.031457478096923e-16,3.9967293962150405e-16,3.505505681558901e-16,6.394949393164244e-13,2.581845736069549e-14,3.4900414935668486e-16,4.098651231039486e-16,2.603140814001242e-14,6.007882916998011e-13,5.877295035864984e-13,3.0962426675151937e-16,7.574258767591223e-13,6.732871119787599e-13,3.7858368990882475e-16,5.936479904947454e-13,3.4961933689211707e-16,4.031537811336226e-16,2.5873234640122806e-14,2.596388091666352e-14,6.027779082674546e-13,6.182392590333206e-13,5.97965442477381e-13,3.100492494228927e-16,2.5905870109001804e-14,3.5982170746450514e-16,2.5963966589196865e-14,5.740529200843697e-13,3.687317170467614e-16,8.004827550567728e-13,3.736516400799199e-16,3.1005756974063944e-16,3.678298574064004e-16,5.993447873902215e-13,2.607421573130938e-14,4.366387284376064e-16,3.9337967172072544e-16,3.528549194481193e-16,2.6062106522154686e-14
-1.9391711237199747e-10,3.7363255648996567e-16,-2.9085050480180867e-10,4.502939643581738e-16,4.2120911104531797e-16,3.866453597915593e-16,6.591216576343294e-11,4.680156364199563e-16,4.250770634418255e-16,4.895689388893829e-16,3.274657794218759e-14,3.279691445259248e-14,5.056098622957713e-16,4.688633887521666e-16,4.459203793950504e-16,4.279666614969872e-16,4.386705047353363e-16,4.332294717020011e-16,4.2531938921063357e-16,3.517403000701864e-16,3.3294814187559695e-14,3.266512569613518e-14,4.699952980445575e-16,7.084089803407481e-11,6.577874305270612e-11,3.266517168212658e-14,8.477781483385432e-16,4.109480459264479e-16,4.518809668577546e-16,3.699620526712925e-16,3.805876256441855e-16,7.954470387525822e-13,3.371905134014749e-14,4.736955607684803e-16,7.534856227627654e-13,3.266512569613518e-14,4.118156695121735e-16,3.6975525118446014e-16,9.569868067488023e-13,4.930486760249455e-16,4.888843979179169e-16,8.547813205076762e-13,3.9234594332926966e-16,3.266501211460585e-14,8.494248616141091e-13,5.018060165348716e-16,3.2928945415447353e-14,3.685082909773376e-16,3.607204860490235e-16,7.535674645078161e-13,4.651887433912901e-16,4.1302483640114607e-16,4.632338502849432e-16,3.6395334013781806e-16,4.2776302608928884e-16,4.930486760249455e-16,3.2733201663017094e-14,3.2845358487262786e-14,3.699620526712925e-16,7.54667268725383e-13,7.306936383672972e-13,7.551589509179182e-13,3.277345755707002e-14,4.400953530226152e-16,3.284535848730308e-14,3.5210544361527345e-16,4.5114774193201695e-16,4.919044560547175e-16,4.573235589500712e-16,7.551589509169822e-13,4.501437493671161e-16,3.6771863783793336e-16,6.570294529681746e-11,1.0625933234850352e-12,4.815837545122465e-16,4.3197551426929776e-16,3.296734267608547e-14
-7.501501520677834e-11,3.678805596399982e-16,4.502939643581738e-16,-2.908746613223268e-10,4.172304514105675e-16,7.592322101235678e-13,9.441783462121383e-14,4.64652601924687e-16,8.380881426606825e-13,4.844155381915256e-16,9.406771064350704e-14,9.411930986854246e-14,5.007895212666835e-16,4.653953660722031e-16,4.422766804741292e-16,4.23582919258195e-16,4.344845021027878e-16,4.2885839080788737e-16,4.208712595207051e-16,3.4643493326966303e-16,9.463054607439362e-14,9.398385297217732e-14,4.653321607759471e-16,1.9317397864255625e-10,9.434915870089931e-14,9.398399062113992e-14,8.385728547176814e-16,4.060740155892954e-16,4.485494211946085e-16,3.6479867120393434e-16,3.7481627104571236e-16,3.951485873131374e-16,9.506693197174462e-14,4.692421007423511e-16,3.7344186480241906e-16,9.398399062113992e-14,4.077323312391081e-16,3.6479867114966604e-16,4.744931246724881e-16,4.880297055205444e-16,4.83597347646283e-16,4.2497761127091615e-16,3.8690798144540033e-16,9.398393866679992e-14,4.2057293387938296e-16,4.973943170471566e-16,9.425566853242738e-14,3.634892942525278e-16,3.5511450986762903e-16,3.734274863444743e-16,4.611917710505599e-16,4.067949173825743e-16,4.596461526049955e-16,3.5795280625436074e-16,4.2358291944579094e-16,4.887249437649371e-16,9.405371240284938e-14,9.416963629333405e-14,3.6479043548163205e-16,7.413691448588937e-13,3.616715106343924e-16,3.743640363953074e-16,9.409535452142437e-14,4.3601194168050383e-16,9.416952775720631e-14,3.4673016053426664e-16,4.473728720216556e-16,4.882849610382432e-16,4.53651624717158e-16,3.740801924361846e-16,4.464866964518018e-16,3.626538894208913e-16,9.430992954371347e-14,5.260341966579679e-16,4.767933908051638e-16,8.517653732671559e-13,9.429447973455897e-14
-6.780430660578577e-11,6.859114046513045e-13,4.2120911104531797e-16,4.172304514105675e-16,-2.909924384718215e-10,3.5674691811140555e-16,9.595829895095567e-14,4.3367850808625303e-16,3.933203049861099e-16,4.530006687278918e-16,9.563530115414346e-14,9.568295878425755e-14,4.680037621493585e-16,4.3417143854934056e-16,4.1335427962583323e-16,3.957220447176955e-16,8.085763511196186e-13,4.0112220347048326e-16,3.933100842191001e-16,3.24216381631946e-16,9.615484520001565e-14,9.555790864020879e-14,8.665067688245527e-13,1.9585353110279084e-10,9.589492921519079e-14,9.555801319149727e-14,7.837370098882577e-16,3.80212946105537e-16,4.1864426752424357e-16,3.413258945373036e-16,3.5077677183465765e-16,3.6884249389081817e-16,9.655740211806458e-14,4.384591393341888e-16,3.493242138259204e-16,9.555790734519761e-14,7.587096947863943e-13,3.410801285513671e-16,4.4376164534065463e-16,4.565389852173998e-16,4.521508591805012e-16,3.9713681517388527e-16,3.621230847262715e-16,9.555801351035957e-14,3.9349919445567467e-16,4.648029227120335e-16,9.580827396394083e-14,3.4010094131974257e-16,3.325277073348719e-16,3.4921084126602774e-16,8.576153220619639e-13,3.8066986609792966e-16,4.2958103819978183e-16,6.675845088730135e-13,3.960315141907497e-16,4.562285058051983e-16,9.562250518327327e-14,9.572919572467202e-14,3.4117151585585744e-16,3.486725843317349e-16,6.740999972398167e-13,3.499045359906925e-16,9.566072446383026e-14,4.0749908006574395e-16,9.572923428653844e-14,3.2434342456188597e-16,4.175281390398929e-16,4.558919673064542e-16,4.235727514635745e-16,3.499045359906925e-16,4.1658878500413176e-16,3.3927872307741147e-16,9.58587544403865e-14,4.921434196882946e-16,4.458276445461859e-16,3.994102162001797e-16,9.584443424586859e-14
-2.0156196019988966e-10,6.303816703948448e-13,3.866453597915593e-16,7.592322101235678e-13,3.5674691811140555e-16,-2.911094770227078e-10,2.5744140480464272e-14,3.9634423208077824e-16,7.167194597732565e-13,4.1434413552837754e-16,2.5457292656335493e-14,5.077457498825659e-11,4.2819028921701094e-16,3.9707177488904384e-16,3.776726344981928e-16,3.62173714042791e-16,3.7139293004791706e-16,3.670522541314086e-16,3.6005758240740974e-16,5.934412016544011e-13,2.5918920610868888e-14,2.5388410305036677e-14,3.978093922853288e-16,5.541237441762827e-11,2.56877586713065e-14,2.5388589734950083e-14,7.180158082749686e-16,3.4808546891907294e-16,3.8268164379445565e-16,6.238136742689362e-13,6.419379856399069e-13,3.3818444486897735e-16,2.6276301783574107e-14,4.0101211004309527e-16,3.204073949958504e-16,2.538841030503557e-14,3.4893271525719206e-16,6.238136742679384e-13,4.067787384544704e-16,4.1755208231343885e-16,4.1413632823173025e-16,3.6341892975430488e-16,6.617825888900165e-13,2.5388564759681546e-14,3.6116156991232807e-16,4.2474625539988235e-16,2.56112303821809e-14,6.217373002339842e-13,6.08125825838511e-13,3.2039405144413934e-16,3.939186845385487e-16,6.966338079551619e-13,3.9232002022491576e-16,6.139806607059892e-13,3.6215487976621174e-16,4.1755208241696566e-16,2.544586628068202e-14,2.5540755187661752e-14,6.238136742694194e-13,6.392494973870085e-13,3.1077060847824147e-16,3.2120282261742614e-16,2.5479702785797073e-14,7.424480819112532e-13,2.554061821815898e-14,5.938818432778208e-13,3.819499212670547e-16,4.1652975689107485e-16,3.8707286174692624e-16,3.2120282261742614e-16,3.811903170440373e-16,6.202329677354618e-13,2.5655652324708958e-14,4.518673091908556e-16,4.0758802804761427e-16,7.281722858933548e-13,2.56428730261e-14
0.9999999996622853,2.6158935685279683e-14,6.591216576343294e-11,9.441783462121383e-14,9.595829895095567e-14,2.5744140480464272e-14,1.000000000216294,8.782878972184989e-14,9.120322438789873e-14,3.1061344128151035e-14,1.0000000002386216,1.000000000840452,3.4983122075105976e-14,8.848037679546871e-14,9.035168448914614e-14,9.702590453281519e-14,9.333597844327608e-14,9.435322604140671e-14,9.390891243145333e-14,1.0933863476466343e-13,0.9999999995139959,1.0000000003455503,5.160230250246004e-14,1.0000000016749238,1.0000000008160688,1.000000000345551,-5.398568781838339e-10,1.0502593505456256e-13,9.025409732507094e-14,1.062142692535226e-13,3.488934309752449e-14,8.672368424399795e-14,1.0000000001056355,6.921870808746245e-14,9.207933585777087e-14,1.000000000345551,9.517152207208008e-14,1.0621333115742924e-13,7.043657601254881e-11,3.093755175728653e-14,2.9987698943737895e-14,1.0412918896911514e-13,3.3394314697536545e-14,1.0000000003455507,1.0562496414474392e-14,5.844503966807321e-14,1.0000000007611436,1.0685507285815401e-13,1.08807303250055e-13,9.434817889711327e-14,5.0014146478064625e-14,-7.421658912766571e-15,8.944187494768804e-14,2.8925698965116584e-14,9.702599816995105e-14,3.0936962851183065e-14,1.000000000309214,1.0000000004605392,1.0621381070660618e-13,-2.723612277933283e-15,9.77060976995713e-14,9.511462762237572e-14,1.000000000562186,9.262530161681558e-14,1.0000000004605396,1.0810703669858289e-13,8.777229264125884e-14,5.777678145528433e-14,9.253924105847575e-14,9.511448298328254e-14,9.580504214079874e-14,1.0738933008420937e-13,1.0000000003854979,-5.6504640048623145e-11,7.337484428372557e-14,9.015059176057897e-14,1.000000000608598
-9.068138043890383e-11,3.8222670386614764e-16,4.680156364199563e-16,4.64652601924687e-16,4.3367850808625303e-16,3.9634423208077824e-16,8.782878972184989e-14,-2.908006964952364e-10,4.3801663496974307e-16,5.041805577506332e-16,8.746215360719339e-14,8.751632891883182e-14,5.213013180117051e-16,4.836705098288079e-16,4.600713776171409e-16,4.4070363931841553e-16,4.520815535747504e-16,4.467709403556461e-16,4.3738091764506275e-16,3.599502604237734e-16,8.805144295311155e-14,8.737442954874469e-14,4.845587620780958e-16,1.8028376047642754e-10,8.775695261601688e-14,8.737449097105752e-14,8.723993977546078e-16,4.2239349822379404e-16,4.666531659592315e-16,3.7897836567353456e-16,3.896778094664587e-16,4.1067664877255527e-16,8.850856209451147e-14,4.88566383037779e-16,3.8825184769267224e-16,8.737448951468642e-14,4.238155048025263e-16,3.7912487234591416e-16,4.93418852555912e-16,5.081175781943609e-16,5.036034983844753e-16,4.418884748052457e-16,4.022600348217504e-16,8.737454285380141e-14,4.371277312049734e-16,5.174824487376978e-16,8.765891596059379e-14,3.7789590191197794e-16,3.692553191956486e-16,3.882540565082267e-16,4.794293739913715e-16,4.230076728202246e-16,4.782197633443257e-16,3.719741556160207e-16,4.408863940759096e-16,5.081175781943609e-16,8.744759040526281e-14,8.756875244723223e-14,3.7912487234591416e-16,7.701708458195403e-13,3.7614677233921595e-16,3.891478197393469e-16,8.749106512790148e-14,4.535099733100323e-16,8.756875244723223e-14,3.6027567348199737e-16,4.65506944475494e-16,5.075598407355204e-16,4.71408779482055e-16,3.891478197393469e-16,4.640141381309587e-16,3.76802791234606e-16,8.7715721228123e-14,5.464800029384215e-16,4.965443274063379e-16,4.45156734702187e-16,8.76996141642501e-14
-7.781244696947166e-11,3.47322950722389e-16,4.250770634418255e-16,8.380881426606825e-13,3.933203049861099e-16,7.167194597732565e-13,9.120322438789873e-14,4.3801663496974307e-16,-2.9097549365617505e-10,4.567648604142201e-16,9.08764166935815e-14,9.092462027000335e-14,4.722910048774409e-16,4.3841601008490585e-16,4.166417573486419e-16,3.9938977734758626e-16,4.0946902556561796e-16,4.0488535184038306e-16,3.967787103860241e-16,3.2719929040953325e-16,9.140204382230485e-14,9.079815729247056e-14,4.390256234873152e-16,1.8642838370436642e-10,9.113892410720633e-14,9.079817823864507e-14,7.913245601919693e-16,7.635655048019493e-13,4.22875647719458e-16,3.4407464736903937e-16,7.049241857542726e-13,3.7244534481883846e-16,9.180890133210748e-14,4.423763795364143e-16,3.524914740916014e-16,9.079806407741884e-14,3.843297758356414e-16,3.4432540929377494e-16,4.478275867737702e-16,4.598323230029456e-16,9.091540650284932e-13,4.0064063056079256e-16,3.651968704778219e-16,9.079807263186728e-14,3.9703053448600714e-16,4.689551053668095e-16,9.10517152400558e-14,3.430533694582201e-16,6.68057528670569e-13,3.521968715632124e-16,4.346833631311182e-16,7.651709854214472e-13,4.3302367107266743e-16,3.3802027914415723e-16,3.993213143901141e-16,4.598323230029456e-16,9.086343086888764e-14,9.097142910344335e-14,3.442143210997966e-16,7.004707486455192e-13,3.412256615824885e-16,3.5311745144979887e-16,9.090216403088891e-14,4.116594434505766e-16,9.097135144990925e-14,3.272817001586544e-16,4.215697367640871e-16,4.599042590398936e-16,4.2760481144065857e-16,3.5311745144979887e-16,4.205913799291444e-16,6.817033617322478e-13,9.110245525265394e-14,4.964239736909151e-16,4.501728549323274e-16,8.031132580802948e-13,9.108789766961813e-14
-2.0425288407409204e-10,3.9988638366160783e-16,4.895689388893829e-16,4.844155381915256e-16,4.530006687278918e-16,4.1434413552837754e-16,3.1061344128151035e-14,5.041805577506332e-16,4.567648604142201e-16,-2.9071670460952904e-10,3.068417927980117e-14,3.0740076313283445e-14,5.438207177686988e-16,5.047160848330995e-16,4.797596743196399e-16,4.597622998632793e-16,4.717363217018186e-16,4.657857782131749e-16,4.571986747044195e-16,3.767935744536011e-16,6.232999009037264e-11,3.0594148205818635e-14,1.0069963861401466e-12,6.732396362656818e-11,3.098733767462688e-14,3.059427367046697e-14,9.107768240132815e-16,4.4147389727832253e-16,4.864092426449735e-16,3.965468230060055e-16,4.0769854674229443e-16,4.2844758479250013e-16,6.326568799384068e-11,5.102775004762226e-16,4.059521953522442e-16,3.05941141418121e-14,4.4283232397319884e-16,3.966035329500346e-16,5.154683330926326e-16,1.0559869844982059e-12,1.0469167910344532e-12,4.61152268890045e-16,4.2070630710002825e-16,3.059410422006892e-14,4.574498922000995e-16,5.399220183265095e-16,3.0886385076224274e-14,3.9501089162955147e-16,3.864137020283012e-16,4.0594167886960974e-16,5.000874801608121e-16,4.425644805737743e-16,4.988873745850695e-16,3.8941390460837e-16,4.597622998632793e-16,1.0559869844989341e-12,3.066922152886265e-14,3.079394131165287e-14,3.964155295318805e-16,8.067997324219637e-13,3.930982577463512e-16,4.0679114470602816e-16,3.07140544838434e-14,4.735776928897889e-16,3.0793890738215455e-14,3.7696220985295023e-16,4.859097965770355e-16,5.294696992992522e-16,4.922501308024927e-16,4.0679114470602816e-16,4.848451140223482e-16,3.942911351760536e-16,3.0945042276777774e-14,5.717480336404799e-16,5.179163241196928e-16,4.644994890046249e-16,3.0928326016758276e-14
0.9999999994309204,2.588411053502956e-14,3.274657794218759e-14,9.406771064350704e-14,9.563530115414346e-14,2.5457292656335493e-14,1.0000000002386216,8.746215360719339e-14,9.08764166935815e-14,3.068417927980117e-14,0.9999999996780219,1.0000000005715255,3.4590978853731255e-14,8.811294039630916e-14,9.000529219192986e-14,9.669667510163113e-14,9.29965708139903e-14,9.401905639186111e-14,9.358213100495126e-14,1.0907980853832481e-13,0.9999999992441925,1.0000000000768592,5.1238158834323036e-14,1.0000000014011117,1.0000000005467446,1.000000000076858,-2.7154482905379835e-13,1.0471236956110709e-13,8.990222183262754e-14,1.0593863546979887e-13,3.4608557989904737e-14,8.642071279651494e-14,0.9999999998350771,6.885119706032175e-14,9.179591203576415e-14,1.000000000076859,9.485689463143429e-14,1.0593754655949533e-13,3.4994053346953364e-14,3.055708405099226e-14,2.961118802650469e-14,1.0379853065003225e-13,6.592694745360903e-11,1.0000000000768585,1.0244006207844788e-14,5.805138073403611e-14,1.0000000004919816,1.0658068308764025e-13,1.0854066688939242e-13,9.406480862395815e-14,4.9654248322878024e-14,-7.727733007821662e-15,8.907963492362079e-14,2.866011358184055e-14,9.669686857206482e-14,3.055651784568833e-14,1.0000000000404015,1.0000000001915272,1.0593806604241148e-13,-2.9978446308857407e-15,9.743328381476838e-14,9.483039367510562e-14,1.0000000002933014,9.228453765290112e-14,1.0000000001915283,1.0784793878687958e-13,8.742139112068619e-14,5.739258081754435e-14,9.21825254119482e-14,9.483049937154065e-14,9.545521129000954e-14,1.0711576256028662e-13,1.000000000116245,-2.8741244499221905e-14,7.300000175793603e-14,8.981761062808044e-14,1.0000000003393685
1.0000000000268978,2.5924579293339945e-14,3.279691445259248e-14,9.411930986854246e-14,9.568295878425755e-14,5.077457498825659e-11,1.000000000840452,8.751632891883182e-14,9.092462027000335e-14,3.0740076313283445e-14,1.0000000005715255,1.0000000008815118,3.464911435748691e-14,8.816746916167533e-14,9.005671123792438e-14,9.674542879933769e-14,9.304688435809057e-14,9.40684320220262e-14,9.363044994976083e-14,1.0911791933691505e-13,0.9999999998460797,1.0000000006785765,5.129215669030767e-14,1.0000000020036042,1.0000000011485592,1.0000000006785765,-5.409671619232465e-10,1.047588258595276e-13,8.995440239638983e-14,1.0597924484326374e-13,3.464981253421413e-14,8.6465344872404e-14,1.0000000004370777,6.890573310389383e-14,9.183764730434774e-14,1.0000000006785776,9.490332422555843e-14,1.0597832753394521e-13,3.5047584972037695e-14,3.061347370973147e-14,2.966693532827414e-14,1.0384756588304037e-13,3.314532486997662e-14,1.0000000006785774,1.0290884475472448e-14,5.810967080826962e-14,1.0000000010937704,1.0662100162139936e-13,1.0857984858588554e-13,9.410645002259092e-14,4.9707454229450255e-14,-7.682522243903655e-15,8.913311743469598e-14,2.869907700728008e-14,9.674544655177651e-14,3.0612829384150923e-14,1.0000000006421395,1.0000000007932943,1.0597888971053085e-13,-2.9576259264855015e-15,9.747334654661033e-14,9.487225740044814e-14,1.0000000008950507,9.233506638390521e-14,1.0000000007932948,1.078860452021437e-13,8.747330222689831e-14,5.744927348380747e-14,9.223544670938906e-14,9.487235693225078e-14,9.550691149410559e-14,1.0715595229001231e-13,1.0000000007180485,-2.868283443403086e-14,7.305536298510842e-14,8.986681309947644e-14,1.000000000941169
-1.9873535638569476e-10,4.130886585981979e-16,5.056098622957713e-16,5.007895212666835e-16,4.680037621493585e-16,4.2819028921701094e-16,3.4983122075105976e-14,5.213013180117051e-16,4.722910048774409e-16,5.438207177686988e-16,3.4590978853731255e-14,3.464911435748691e-14,-2.906458744525827e-10,5.219253312141087e-16,4.95920087913226e-16,4.755619147734603e-16,4.875827681990459e-16,9.594432761436978e-13,4.727842877699106e-16,3.890640767011799e-16,3.522132324760992e-14,3.44972930823896e-14,5.222468218796066e-16,7.535669814039361e-11,3.490622090746611e-14,3.4497184099735426e-14,9.41250660123321e-16,4.559964855868123e-16,5.031579061887744e-16,4.095098540496759e-16,4.209820867467198e-16,4.4358861004922283e-16,7.113651287523256e-11,1.04921474140375e-12,4.194433360809204e-16,3.449736330050575e-14,4.573046888161396e-16,4.0948694426054233e-16,5.327711430162619e-16,5.482912342755947e-16,5.431372717948511e-16,4.766564310932164e-16,4.3436857240030736e-16,3.4497384268460444e-14,4.723358594857609e-16,5.587612267005145e-16,3.480149279387105e-14,4.081811127946618e-16,3.9910654531131836e-16,4.1954967786187416e-16,5.17399145673718e-16,4.5704886550711155e-16,5.155793121248921e-16,4.0208558608516756e-16,4.754275769651398e-16,5.482912342755947e-16,3.457546302271476e-14,3.470513455349163e-14,4.0936513029141407e-16,4.1819977196809226e-16,4.0622222629050605e-16,4.2007316420396836e-16,6.896944923504738e-11,9.751348710174722e-13,3.4705154552965436e-14,3.8936074428358324e-16,5.020804281413027e-16,5.474540170289168e-16,5.087466319059195e-16,4.2020878432465194e-16,5.003466234817781e-16,4.0717448539659444e-16,3.486229326729909e-14,1.1760204398113568e-12,5.352297605795032e-16,4.800312479942472e-16,3.4844747524875523e-14
-8.950304708960127e-11,3.8283658010784577e-16,4.688633887521666e-16,4.653953660722031e-16,4.3417143854934056e-16,3.9707177488904384e-16,8.848037679546871e-14,4.836705098288079e-16,4.3841601008490585e-16,5.047160848330995e-16,8.811294039630916e-14,8.816746916167533e-14,5.219253312141087e-16,-2.9079846764319796e-10,4.606405311861503e-16,4.4097238383802456e-16,4.529087399532433e-16,4.474682894328681e-16,4.3894893131692435e-16,3.6077032322256295e-16,8.870357122217392e-14,8.802496173070213e-14,4.857758346673904e-16,1.8159337408764613e-10,8.840834346858642e-14,8.802502658053802e-14,8.731703913689001e-16,4.235618417900253e-16,4.674488582655795e-16,3.7985716028444854e-16,3.9027347695307233e-16,4.1148479676895945e-16,8.916143242543307e-14,4.896928790020765e-16,3.8896855998688504e-16,8.802503836692828e-14,4.2447020797167516e-16,3.8003463336683644e-16,4.943752758893488e-16,5.088033317213556e-16,5.045714450908035e-16,4.4332470333469004e-16,4.0282831519577313e-16,8.802500306492402e-14,4.377910124100944e-16,5.191621904787081e-16,8.831001485718856e-14,3.786674533314011e-16,3.697772452249825e-16,3.8911686889852103e-16,4.802226127024005e-16,4.2363161395729233e-16,4.792471076400336e-16,3.724761089265349e-16,4.4097238383802456e-16,5.088033317213556e-16,8.809835573448352e-14,8.821968483877414e-14,3.8003463342772783e-16,7.715284759360632e-13,7.503190840534926e-13,3.89772316080857e-16,8.814196180950744e-14,4.543521405911133e-16,8.82196211171838e-14,3.6097069076010643e-16,4.668187889590167e-16,5.083735029346593e-16,4.722997100830145e-16,3.8976602487292225e-16,4.651108386070691e-16,3.7757393187905664e-16,8.83670669388118e-14,5.474119259294275e-16,4.975535958797729e-16,4.458073719702574e-16,8.835086923231248e-14
-8.252248896150569e-11,3.643465998803411e-16,4.459203793950504e-16,4.422766804741292e-16,4.1335427962583323e-16,3.776726344981928e-16,9.035168448914614e-14,4.600713776171409e-16,4.166417573486419e-16,4.797596743196399e-16,9.000529219192986e-14,9.005671123792438e-14,4.95920087913226e-16,4.606405311861503e-16,-2.908919017674249e-10,4.19414362503604e-16,4.3064501174463474e-16,4.251408890379589e-16,4.170365884373971e-16,3.4327748735915435e-16,9.056194739535258e-14,8.992269948795209e-14,4.610607051093105e-16,1.85014842763371e-10,9.028373383199132e-14,8.992282994455684e-14,8.305807891003416e-16,4.0241915964965656e-16,8.842860338498257e-13,3.614121021116059e-16,7.397354036448735e-13,3.910627614224686e-16,9.099362273612515e-14,4.64718613143754e-16,3.697014523755998e-16,8.992286948819374e-14,4.0361922209214815e-16,3.612950051704356e-16,4.70122175165407e-16,4.834090366253105e-16,4.795133917027338e-16,4.2101058419638173e-16,3.8336077671759103e-16,8.992277831751185e-14,4.1663574997236904e-16,4.93048476279811e-16,9.0191200471105e-14,7.173283594592257e-13,3.5198066765744054e-16,3.694709644944792e-16,4.567693945160563e-16,4.031203775578602e-16,4.547866338536176e-16,3.548371574995159e-16,4.195379741739648e-16,4.834090366253105e-16,8.999162559417116e-14,9.010600108239473e-14,3.612284666008024e-16,7.346473415578013e-13,3.5848114333435313e-16,3.7061253406056005e-16,9.003267947635854e-14,4.32118860218524e-16,9.010607943752223e-14,3.434565407216528e-16,8.824638544548665e-13,4.831686847790595e-16,4.492843169458451e-16,3.7053991456650147e-16,4.415234536116865e-16,3.592926571425493e-16,9.024499218391273e-14,5.209096370036877e-16,4.726717729166471e-16,4.232666044008592e-16,9.022958685163863e-14
-6.660519383256862e-11,3.496117453413235e-16,4.279666614969872e-16,4.23582919258195e-16,3.957220447176955e-16,3.62173714042791e-16,9.702590453281519e-14,4.4070363931841553e-16,3.9938977734758626e-16,4.597622998632793e-16,9.669667510163113e-14,9.674542879933769e-14,4.755619147734603e-16,4.4097238383802456e-16,4.19414362503604e-16,-2.909676948081858e-10,4.1198031486825607e-16,4.0735264276556743e-16,7.958149006388891e-13,6.557689019058337e-13,9.722614484352291e-14,9.661786820146561e-14,4.4183456518033206e-16,1.980680663460192e-10,9.696145098294967e-14,9.661798770177591e-14,7.958164801814356e-16,7.685648172871449e-13,4.253924395985266e-16,3.466529305507221e-16,3.563212829688525e-16,3.7489318433582323e-16,9.763631994489388e-14,4.455767612198161e-16,3.544843152190789e-16,9.661786820146561e-14,3.8645390059911154e-16,3.4656487515417065e-16,4.505694819514912e-16,4.633615576707586e-16,4.593030324748489e-16,4.0359086023829073e-16,3.677365595798748e-16,9.661798770174164e-14,3.996521022682586e-16,4.721544228513899e-16,9.687317765724645e-14,3.453449303860954e-16,3.3730394527014335e-16,3.5459398765993783e-16,4.3753891695241314e-16,3.867036267145596e-16,4.3603502387358397e-16,6.777704464098168e-13,8.006922935296007e-13,4.631684306723203e-16,9.668357590768158e-14,9.679236722633435e-14,3.466529305507221e-16,3.5391346640917456e-16,3.4381403675668617e-16,3.5530913236271173e-16,9.672269832953447e-14,4.1350286274445147e-16,9.679236722633435e-14,6.562843532677082e-13,4.2398781071807623e-16,4.629106001703895e-16,4.301474494513301e-16,3.553091323607027e-16,4.2343489360612086e-16,3.4448793450235413e-16,9.692444149800431e-14,4.99820501899015e-16,4.525792789569794e-16,4.0567208075745637e-16,9.690987799379069e-14
-7.550973206739161e-11,7.139594668092238e-13,4.386705047353363e-16,4.344845021027878e-16,8.085763511196186e-13,3.7139293004791706e-16,9.333597844327608e-14,4.520815535747504e-16,4.0946902556561796e-16,4.717363217018186e-16,9.29965708139903e-14,9.304688435809057e-14,4.875827681990459e-16,4.529087399532433e-16,4.3064501174463474e-16,4.1198031486825607e-16,-2.909209928476737e-10,4.1787148210919974e-16,4.0983479364742937e-16,3.3752545714313906e-16,9.354209128829073e-14,9.29155025220807e-14,4.53326503651166e-16,1.9086110639430612e-10,9.326954752542293e-14,9.291550252209888e-14,8.164844048516478e-16,3.9556525585852324e-16,4.361253179479334e-16,3.553036539481325e-16,3.650871848718288e-16,3.8433757698335876e-16,9.396502528532717e-14,4.568793387746204e-16,3.635724264846929e-16,9.29155025220807e-14,7.904328782776363e-13,3.553036539785053e-16,4.619656499431698e-16,4.754280000646559e-16,4.71121466161458e-16,4.1391528350142435e-16,3.771219237572908e-16,9.291550252209888e-14,4.0977414752397574e-16,4.851065001843136e-16,9.317873641357503e-14,3.542405915578337e-16,3.4619063681211166e-16,3.6360160108852534e-16,8.937068374056975e-13,3.963298793871712e-16,4.477796283431617e-16,3.4849999287242774e-16,4.1238760020054227e-16,4.754139460112852e-16,9.298308234809308e-14,9.309530614529556e-14,3.550216147585244e-16,3.627669643279653e-16,3.5251061585356714e-16,3.646237936104066e-16,9.302338299565133e-14,4.246371663510373e-16,9.309534266182593e-14,3.3778493642022656e-16,4.3528315043865604e-16,4.744682436210855e-16,4.4139330142712383e-16,3.6444641872014496e-16,4.346665267484295e-16,3.534464115358434e-16,9.323138777267369e-14,5.123252131955266e-16,4.644346655249765e-16,4.1654921153053277e-16,9.321640264429574e-14
-7.273489053583076e-11,3.541767541029983e-16,4.332294717020011e-16,4.2885839080788737e-16,4.0112220347048326e-16,3.670522541314086e-16,9.435322604140671e-14,4.467709403556461e-16,4.0488535184038306e-16,4.657857782131749e-16,9.401905639186111e-14,9.40684320220262e-14,9.594432761436978e-13,4.474682894328681e-16,4.251408890379589e-16,4.0735264276556743e-16,4.1787148210919974e-16,-2.9094223168926927e-10,4.0493423902826805e-16,3.335756610215077e-16,9.455642925040127e-14,9.39390022968332e-14,4.475770412529001e-16,1.9281703804629272e-10,9.428763265669486e-14,9.393897348167099e-14,8.064092548194348e-16,3.908860579436844e-16,4.308493547460536e-16,3.5121494112954956e-16,3.608584079267059e-16,3.797601634490691e-16,9.497310183360207e-14,4.510763227168251e-16,3.592779369963217e-16,9.3939020944156e-14,3.921684967542293e-16,3.5105583451195127e-16,4.565919968464876e-16,4.695647025849628e-16,4.657950986443183e-16,4.083800303638292e-16,3.7230740897485085e-16,9.393886314065978e-14,4.048768864446598e-16,4.786039901545229e-16,9.41982155548948e-14,3.499623850628508e-16,3.421390399882527e-16,3.5935133091416684e-16,4.4335048160040645e-16,3.9172095489775673e-16,4.4093516165741807e-16,3.446870074517233e-16,4.073526423337221e-16,4.695647025849628e-16,9.400575347728273e-14,9.411608386397836e-14,3.510558343092188e-16,3.5850688075406253e-16,3.4816219922757725e-16,3.5993605398723425e-16,9.404511443200377e-14,8.354341633366635e-13,9.411593175438497e-14,3.3372951348951546e-16,4.298164066419892e-16,4.691930327931293e-16,8.684602895626871e-13,3.6021449567346773e-16,8.545576610433807e-13,3.4916042106426113e-16,9.425021231330681e-14,5.062763330175857e-16,4.585388045183275e-16,4.1172693322956745e-16,9.423535001664345e-14
-7.245763035261022e-11,3.4758138249382314e-16,4.2531938921063357e-16,4.208712595207051e-16,3.933100842191001e-16,3.6005758240740974e-16,9.390891243145333e-14,4.3738091764506275e-16,3.967787103860241e-16,4.571986747044195e-16,9.358213100495126e-14,9.363044994976083e-14,4.727842877699106e-16,4.3894893131692435e-16,4.170365884373971e-16,7.958149006388891e-13,4.0983479364742937e-16,4.0493423902826805e-16,-2.9097524108685236e-10,6.518800507398073e-13,9.410758186626937e-14,9.350386565797523e-14,4.39554759934201e-16,1.9182221615315079e-10,9.384481671882611e-14,9.350395442458808e-14,7.911029565125061e-16,7.639087943158878e-13,4.2275889260210354e-16,3.444903749172751e-16,3.5418014155344136e-16,3.7241328677673443e-16,9.451483612105707e-14,4.426506135033723e-16,3.5253802187734136e-16,9.350392167853112e-14,3.843028395608712e-16,3.443631437630018e-16,4.479127224767337e-16,4.604353923253492e-16,4.564508817451618e-16,4.0086660896608243e-16,3.6520421342275425e-16,9.350395442465794e-14,3.9717437543907895e-16,4.693285492706113e-16,9.375735324577946e-14,3.4325881290372017e-16,3.3526078882261056e-16,3.524535430145479e-16,4.34567339052653e-16,7.655523148025419e-13,4.3340833295283114e-16,6.737759253908223e-13,7.958149006336881e-13,4.603337362170718e-16,9.356914108501937e-14,9.367703068523986e-14,3.4448189718381033e-16,3.5179252351835e-16,3.4129730384498914e-16,3.531805143169362e-16,9.360782136549223e-14,4.1147361714292443e-16,9.367707773439781e-14,6.523914423497549e-13,4.215432908111147e-16,4.600590345850037e-16,4.2767182788283077e-16,3.532703353558523e-16,4.2059199925943694e-16,3.424152236517692e-16,9.380831695324135e-14,4.966793060803256e-16,4.500138005418185e-16,4.0359132812680977e-16,9.379384281839764e-14
-3.122749811988877e-11,5.736333226594387e-13,3.517403000701864e-16,3.4643493326966303e-16,3.24216381631946e-16,5.934412016544011e-13,1.0933863476466343e-13,3.599502604237734e-16,3.2719929040953325e-16,3.767935744536011e-16,1.0907980853832481e-13,1.0911791933691505e-13,3.890640767011799e-16,3.6077032322256295e-16,3.4327748735915435e-16,6.557689019058337e-13,3.3752545714313906e-16,3.335756610215077e-16,6.518800507398073e-13,-2.912235830822844e-10,1.0949642849137517e-13,1.0901802576395727e-13,3.615461542971061e-16,2.2158219325637782e-10,1.0928781772591903e-13,1.0901796275531335e-13,6.528306124846698e-16,6.301681679555098e-13,3.4775943814657703e-16,5.674690183220017e-13,5.840961520246934e-13,3.0742621578231113e-16,1.0981868472624028e-13,3.645110120324889e-16,2.9147195562226327e-16,1.0901804825746828e-13,3.1721082513493493e-16,5.674690183210939e-13,3.700002214524773e-16,3.7964007446555174e-16,3.764386799552932e-16,3.3035228273556586e-16,6.020331660085032e-13,1.0901796275529096e-13,3.28526886836274e-16,3.8594605926821516e-16,1.09218662180947e-13,5.655929902842689e-13,5.53280232529349e-13,2.9131704124911505e-16,3.580779224183238e-16,6.338316339030986e-13,3.5620636364400706e-16,5.588054666971307e-13,6.557689019009791e-13,3.7964018490348756e-16,1.0906952739996109e-13,1.0915524072354692e-13,5.674690183224648e-13,2.9218926451886427e-16,2.826630829927158e-16,2.9206001768585213e-16,1.0910012462135288e-13,6.748485360173778e-13,1.0915524072363345e-13,5.403852304852532e-13,6.913881371607497e-13,3.785371940079063e-16,3.5189966144485216e-16,2.9217347706415843e-16,3.4631652999965094e-16,5.642319320844781e-13,1.0925876501403512e-13,4.1125546777742067e-16,3.704002471973867e-16,3.3231750757884714e-16,1.0924736633253002e-13
0.9999999986455677,2.6326265411688495e-14,3.3294814187559695e-14,9.463054607439362e-14,9.615484520001565e-14,2.5918920610868888e-14,0.9999999995139959,8.805144295311155e-14,9.140204382230485e-14,6.232999009037264e-11,0.9999999992441925,0.9999999998460797,3.522132324760992e-14,8.870357122217392e-14,9.056194739535258e-14,9.722614484352291e-14,9.354209128829073e-14,9.455642925040127e-14,9.410758186626937e-14,1.0949642849137517e-13,0.9999999982283805,0.999999999351036,5.182337318708041e-14,1.0000000006834882,0.9999999998219326,0.9999999993510361,-2.7049340094476853e-13,1.0521656147163036e-13,9.046772588234638e-14,1.0638192219641087e-13,3.50606250952436e-14,8.690791249439233e-14,0.999999999112244,6.944187022001802e-14,9.225182352857344e-14,0.999999999351036,9.536282831173384e-14,1.063810484672887e-13,3.5577849548878905e-14,6.208740753101588e-11,6.018977107256893e-11,1.0433010376282009e-13,3.357216945701888e-14,0.9999999993510367,1.0756579728281375e-14,5.868368316915522e-14,0.9999999997669106,1.0702211849260506e-13,1.0896986005543553e-13,9.452078871028615e-14,5.0232291240908984e-14,-1.4451899997213615e-11,8.966183172912043e-14,2.9087613744979375e-14,9.722621620065775e-14,6.208634498449615e-11,0.999999999314771,0.9999999994662185,1.0638161549192668e-13,-5.127600571028518e-12,9.787232161484215e-14,9.528752022799907e-14,0.9999999995677866,9.283236501156335e-14,0.9999999994662182,1.0826483226050493e-13,8.798536906253706e-14,5.801010977792702e-14,9.275579371344486e-14,9.528744786897796e-14,9.601762526199045e-14,1.0755588547041803e-13,0.9999999993913216,-2.8101666988464056e-14,7.360218827415643e-14,9.035303480566823e-14,0.9999999996144061
0.9999999995468792,2.5818367203578498e-14,3.266512569613518e-14,9.398385297217732e-14,9.555790864020879e-14,2.5388410305036677e-14,1.0000000003455503,8.737442954874469e-14,9.079815729247056e-14,3.0594148205818635e-14,1.0000000000768592,1.0000000006785765,3.44972930823896e-14,8.802496173070213e-14,8.992269948795209e-14,9.661786820146561e-14,9.29155025220807e-14,9.39390022968332e-14,9.350386565797523e-14,1.0901802576395727e-13,0.999999999351036,0.9999999998922001,5.115109721944942e-14,1.000000001507001,1.0000000006537029,1.000000000183966,-2.7170110497005203e-13,1.0463718902951966e-13,8.981798621969193e-14,1.0587251264443278e-13,3.454116829000006e-14,8.634813688154385e-14,0.9999999999417419,6.876346368883762e-14,9.172809900594602e-14,1.0000000001839666,9.478185585370251e-14,1.0587169595743708e-13,3.490715979069441e-14,3.046624707328155e-14,2.9521368396182926e-14,1.037195576518879e-13,3.303256473184814e-14,1.0000000001839662,1.0167522351215323e-14,5.795727060371284e-14,1.0000000005989773,1.0651488923597099e-13,1.0847657463909841e-13,9.399692769250788e-14,4.9568276995845756e-14,-7.801073874614718e-15,8.89930944369104e-14,2.8596569382645254e-14,9.661797247523592e-14,3.046579033151071e-14,1.0000000001474811,1.0000000002985596,1.0587217882315353e-13,-3.0636203971817102e-15,9.736805555195734e-14,9.476239008298345e-14,1.0000000004003642,9.220291769564249e-14,1.0000000002985592,1.0778595969463184e-13,8.733732873945558e-14,5.730065375389965e-14,9.209726999073763e-14,9.476249226417698e-14,9.537146290245731e-14,1.0705024904270342e-13,1.0000000002232186,-2.883648973800479e-14,7.29105184914368e-14,8.973798604588303e-14,1.0000000004463507
-1.6191049140704453e-10,7.649775843375872e-13,4.699952980445575e-16,4.653321607759471e-16,8.665067688245527e-13,3.978093922853288e-16,5.160230250246004e-14,4.845587620780958e-16,4.390256234873152e-16,1.0069963861401466e-12,5.1238158834323036e-14,5.129215669030767e-14,5.222468218796066e-16,4.857758346673904e-16,4.610607051093105e-16,4.4183456518033206e-16,4.53326503651166e-16,4.475770412529001e-16,4.39554759934201e-16,3.615461542971061e-16,5.182337318708041e-14,5.115109721944942e-14,-2.9079892315804733e-10,1.0806409676108655e-10,5.153098040057913e-14,5.115110119198e-14,8.751459331698387e-16,4.242387498456407e-16,4.678605494945778e-16,3.80826878250342e-16,3.912364271442311e-16,4.117876791867233e-16,5.2277072427780446e-14,4.89541354788664e-16,3.8977988235315977e-16,5.115120970079365e-14,8.470467137875146e-13,3.80826878250342e-16,4.953129414386382e-16,5.097902065956968e-16,5.051271630190241e-16,4.435406489976618e-16,4.038846146041475e-16,5.115110119198e-14,4.390423771676488e-16,5.195619622006228e-16,1.0246394389354447e-10,3.7933011198384483e-16,3.7092318967478636e-16,3.897828847067688e-16,4.805009187878889e-16,4.247772013821204e-16,4.795190365338616e-16,7.443777547063793e-13,4.419624730930466e-16,5.097902065956968e-16,5.122366356043203e-14,5.1344001856686665e-14,3.80826878250342e-16,3.8874560963119048e-16,7.520685263360965e-13,3.906006893382538e-16,5.1266756356199245e-14,4.550860589378621e-16,5.134400060031502e-14,3.6201656147005866e-16,4.667558108759058e-16,5.087316320848983e-16,4.730996752996922e-16,3.906006893382538e-16,4.655413384687899e-16,3.7857960968902083e-16,5.1490028126937146e-14,5.489289099916187e-16,4.974518931967957e-16,4.461746650332816e-16,5.1473857407991496e-14
