1.0000000092301835,0.49321596827865966,-3.7347155206830905e-06,-3.7843125692779315e-06,-3.7843125669849794e-06,0.49321596827866,-3.8629387264986966e-06,-3.78431256698303e-06,0.4932147930315169,-3.824524065072561e-06,-3.734715522136115e-06,0.5068195542324286,-3.8049392515433373e-06,-3.824524065069678e-06,-3.813242225326681e-06,-3.734715520668095e-06,-3.7843125669829504e-06,-3.8629387265348115e-06,0.5068190401122734,-3.7484156413874564e-06,0.5068195542324291,1.0000276542935216,0.5068195542324281,-3.813242225994263e-06,-3.67214756739456e-06,-3.862938726526456e-06,-3.815064338145537e-06,-3.8150643381454975e-06,-3.7626956425209817e-06,0.4932159682786613,-3.8937789887923336e-06,-3.862938728312887e-06,0.5068190401122755,0.49321583758769943,-3.734715520668277e-06,-3.893778988792251e-06,-3.748415641212093e-06,-3.952724037329295e-06,-3.7484156419424888e-06,0.5068195542324289,-3.8132422253442295e-06,-3.6721475664411398e-06,0.4932159682786607,-3.65394818257383e-06
0.49321596827865966,0.4932207646934573,-5.360155159381865e-10,-5.487364195892373e-10,-5.487364189635229e-10,0.49322655022382755,-5.688243693323615e-10,-5.487364191195443e-10,0.49322590368051245,-5.589646311191633e-10,-5.360155165817242e-10,-2.6598694150461677e-10,-5.541656760035956e-10,-5.589646316220386e-10,-5.561632759519144e-10,-5.360155170337921e-10,-5.48736419747088e-10,-5.688243699613312e-10,-4.072542783412669e-10,-5.393587027272595e-10,-2.659869410656461e-10,0.49322116262851556,-2.6598694153562704e-10,-5.561632756885619e-10,-5.167371741653504e-10,-5.68824369233578e-10,-5.566223674272039e-10,-5.566223674321826e-10,-5.43209360291948e-10,0.49322655022382594,-6.400620268243491e-10,-5.68824369419332e-10,-4.072542786749587e-10,0.49322641831116426,-5.360155167791392e-10,-6.400620267588675e-10,-5.393587026331731e-10,-6.507564760527197e-10,-5.393587028646046e-10,-2.659869409349008e-10,-5.561632754130464e-10,-5.167371738312479e-10,0.49322655022382644,-5.12214242078083e-10
-3.7347155206830905e-06,-5.360155159381865e-10,-5.785527588651852e-06,2.3094758375735457e-15,2.309476003643942e-15,-5.360155160876391e-10,2.4115220670287797e-15,2.309607247347445e-15,-5.360142333700401e-10,2.3622565586181055e-15,4.464188433643853e-12,-5.352735930702668e-10,2.335691805183357e-15,2.362283161631361e-15,2.347193339197259e-15,4.4641884374572925e-12,2.3095071321804148e-15,2.411347878921452e-15,-5.352730321512888e-10,2.264331266846573e-15,-5.352735930702668e-10,-2.128478375084245e-06,-5.352735930702668e-10,2.3470114518436003e-15,2.1712658059340553e-15,2.411138263819053e-15,2.3494554088635344e-15,2.3494420275656973e-15,2.283290313283153e-15,-5.360155158740023e-10,2.3933074929125757e-15,2.411138263819053e-15,-5.352730320018547e-10,-5.360153702851296e-10,4.464188437596124e-12,2.393595965452269e-15,2.264331266846573e-15,2.4723441093107244e-15,2.2643312669201904e-15,-5.352735930702668e-10,2.3470114518436003e-15,2.1712658059985846e-15,-5.360155158740023e-10,2.1470259886480427e-15
-3.7843125692779315e-06,-5.487364195892373e-10,2.3094758375735457e-15,-5.7855273407458426e-06,4.7121351531083095e-12,-5.487364195892373e-10,2.472891582510342e-15,2.3715997981196007e-15,-5.487351089295961e-10,2.4244919017572446e-15,2.3093815815477658e-15,-5.475156107298393e-10,2.3976141482344342e-15,4.816659776574484e-12,2.4091463088942797e-15,2.309476003643942e-15,2.3716627089321623e-15,2.472859666912467e-15,-5.475150377108934e-10,2.3267875412584833e-15,-5.475156106159813e-10,-2.1780757017249698e-06,-5.47515610856364e-10,2.4091463088942797e-15,2.233501997207712e-15,2.472859666912467e-15,2.4116213096729695e-15,2.4116793126255424e-15,4.660392597024779e-12,-5.487364195892373e-10,2.4647593935655952e-15,2.472859666912467e-15,-5.475150377572347e-10,-5.487362705282457e-10,2.3093958786549562e-15,2.4647593935655952e-15,2.3267875412584833e-15,2.542679508119373e-15,2.3267875412584833e-15,-5.475156106159813e-10,2.40914630988523e-15,2.233501997207712e-15,-5.487364195892373e-10,2.2094578527040793e-15
-3.7843125669849794e-06,-5.487364189635229e-10,2.309476003643942e-15,4.7121351531083095e-12,-5.7855273407458426e-06,-5.487364188731416e-10,2.4725759539913234e-15,2.3716627089321623e-15,-5.487351083168771e-10,2.424502789488491e-15,2.309515839048857e-15,-5.475156117994079e-10,2.397769046456384e-15,4.816659777775855e-12,2.4088598704226345e-15,2.3093815815477658e-15,2.3716627089321623e-15,2.4725759539913234e-15,-5.475150386349669e-10,2.3268916508225393e-15,-5.475156117368635e-10,-2.1780757024024526e-06,-5.475156117994079e-10,2.4088598704226345e-15,2.2335019972071308e-15,2.4725759539913234e-15,2.4116213096729695e-15,2.4116793126255424e-15,4.660392598358111e-12,-5.487364187267941e-10,2.4648435590621716e-15,2.4725759539913234e-15,-5.475150386349669e-10,-5.487362702745212e-10,2.3093958786549562e-15,2.4648435590621716e-15,2.3268916508225393e-15,2.5427300066030646e-15,2.3267875412584833e-15,-5.475156117989854e-10,2.409405796982993e-15,2.233501997207712e-15,-5.487364187267941e-10,2.2096478487648784e-15
0.49321596827866,0.49322655022382755,-5.360155160876391e-10,-5.487364195892373e-10,-5.487364188731416e-10,0.49322076469345943,-5.688243691577579e-10,-5.487364192072039e-10,0.49322590368051394,-5.589646313108378e-10,-5.360155166449008e-10,-2.659869406199326e-10,-5.541656761887868e-10,-5.589646315733778e-10,-5.561632759519144e-10,-5.360155170507332e-10,-5.48736419747088e-10,-5.688243698284463e-10,-4.072542771155633e-10,-5.393587027852178e-10,-2.6598694013093447e-10,0.4932211626285188,-2.659869405897647e-10,-5.561632756885619e-10,-5.167371741653504e-10,-5.688243693125048e-10,-5.566223676240109e-10,-5.566223674831736e-10,-5.432093599248982e-10,0.4932265502238276,-6.40062026625617e-10,-5.688243693016514e-10,-4.072542776437612e-10,0.4932264183111653,-5.360155166998073e-10,-6.400620270079048e-10,-5.393587026331731e-10,-6.507564760527197e-10,-5.393587026774363e-10,-2.6598693986570634e-10,-5.561632754004945e-10,-5.167371738312479e-10,0.4932265502238276,-5.122142420030856e-10
-3.8629387264986966e-06,-5.688243693323615e-10,2.4115220670287797e-15,2.472891582510342e-15,2.4725759539913234e-15,-5.688243691577579e-10,-5.785526941305305e-06,2.4728831737837073e-15,-5.688230144075326e-10,2.5242733765634703e-15,2.411347878921452e-15,-5.670013359708049e-10,2.498571060842566e-15,2.5242866169942448e-15,2.509588754229357e-15,2.4114284575035914e-15,2.472728124804025e-15,5.1105965486911556e-12,-5.670007433528103e-10,2.4284209331952365e-15,-5.670013358410004e-10,-2.2567022661013414e-06,-5.670013361718526e-10,2.509510311577583e-15,2.3353349006714125e-15,2.57190259259722e-15,2.5118145985567924e-15,2.5118145985567924e-15,2.446681069147373e-15,-5.688243693323615e-10,2.582493622676405e-15,2.57190259259722e-15,-5.670007433097495e-10,-5.68824216035678e-10,2.411138263819053e-15,2.5824936226845343e-15,2.4284365161261422e-15,2.658093526984825e-15,2.42840756474432e-15,-5.670013358179886e-10,2.509588754229357e-15,2.3355123881759255e-15,-5.688243693323615e-10,2.311909835520152e-15
-3.78431256698303e-06,-5.487364191195443e-10,2.309607247347445e-15,2.3715997981196007e-15,2.3716627089321623e-15,-5.487364192072039e-10,2.4728831737837073e-15,-5.7855273407458426e-06,-5.487351086208277e-10,4.8166597774592355e-12,2.309515839048857e-15,-5.475156117687904e-10,2.3976141482344342e-15,2.4243491382942668e-15,2.40914630988523e-15,2.3093958786549562e-15,4.71213515697207e-12,2.472859666912467e-15,-5.475150386500949e-10,2.3268916508225393e-15,-5.475156116287852e-10,-2.1780757025166512e-06,-5.475156117687904e-10,2.40914630988523e-15,2.2335408096627034e-15,2.472859666912467e-15,2.4116793126255424e-15,2.4116793126255424e-15,4.660392599030156e-12,-5.487364191631888e-10,2.4647593935655952e-15,2.472859666912467e-15,-5.475150386500949e-10,-5.487362704051808e-10,2.3093815815477658e-15,2.4648435590621716e-15,2.3267723117192515e-15,2.5424597142427507e-15,2.3267723117192515e-15,-5.475156117687904e-10,2.409405796982993e-15,2.2335019972071308e-15,-5.487364191195443e-10,2.2097304124125655e-15
0.4932147930315169,0.49322590368051245,-5.360142333700401e-10,-5.487351089295961e-10,-5.487351083168771e-10,0.49322590368051394,-5.688230144075326e-10,-5.487351086208277e-10,0.493219471608072,-5.589632982446003e-10,-5.360142343137882e-10,-5.320973928179277e-10,-5.541643537833483e-10,-5.589632981839354e-10,-5.561619488510258e-10,-5.360142345546697e-10,-5.4873510916278e-10,-5.68823014812898e-10,-1.3378792169583665e-06,-5.393574124323158e-10,-5.320973922212474e-10,0.4932199873728975,-5.320973932883692e-10,-5.561619485542391e-10,-5.167359287168033e-10,-5.688230144074192e-10,-5.566210394861085e-10,-5.566210391613038e-10,-5.432080621977541e-10,0.4932259036805126,-1.27170932739398e-06,-5.688230145452254e-10,-1.337879217809954e-06,0.49322577176801774,-5.36014234212083e-10,-1.271709327794123e-06,-5.393574122304618e-10,-6.507550410699709e-10,-5.393574125530508e-10,-5.320973925256672e-10,-5.561619485400368e-10,-5.167359283011138e-10,0.4932259036805131,-5.122130066918747e-10
-3.824524065072561e-06,-5.589646311191633e-10,2.3622565586181055e-15,2.4244919017572446e-15,2.424502789488491e-15,-5.589646313108378e-10,2.5242733765634703e-15,4.8166597774592355e-12,-5.589632982446003e-10,-5.785527133531629e-06,2.362283161631361e-15,-5.575264158789384e-10,2.4501953399305017e-15,2.4760213607821817e-15,2.46119166808804e-15,2.3622937444620076e-15,4.816659778557045e-12,2.5241985610322676e-15,-5.575258325310793e-10,2.379529733414381e-15,-5.575264158789384e-10,-2.218287395537043e-06,-5.575264158789384e-10,2.4611177913354426e-15,2.2866395609677774e-15,2.524268496190353e-15,2.4637227694803367e-15,2.463668359489056e-15,2.398201526748502e-15,-5.589646312390602e-10,2.526362490280111e-15,2.5242866169942448e-15,-5.575258325310793e-10,-5.589644804322783e-10,2.3622937444620076e-15,2.526362490280111e-15,2.3795297334143977e-15,2.6028593125268583e-15,2.379529733414381e-15,-5.575264158789384e-10,2.4611177913354426e-15,2.2866395609677774e-15,-5.589646312390602e-10,2.2629861963315704e-15
-3.734715522136115e-06,-5.360155165817242e-10,4.464188433643853e-12,2.3093815815477658e-15,2.309515839048857e-15,-5.360155166449008e-10,2.411347878921452e-15,2.309515839048857e-15,-5.360142343137882e-10,2.362283161631361e-15,-5.785527588651852e-06,-5.352735920332375e-10,2.335481731792223e-15,2.3624109114093386e-15,2.3471685625536695e-15,4.4641884365724435e-12,2.3093958786549562e-15,2.4114284575035914e-15,-5.352730313064924e-10,2.264106225347568e-15,-5.352735920291201e-10,-2.1284783745568565e-06,-5.352735920122343e-10,2.3469385052575245e-15,2.171720121016048e-15,2.411347878921452e-15,2.3494420275656973e-15,2.3494554088635344e-15,2.2834679175205064e-15,-5.360155166864327e-10,2.3933084491690945e-15,2.411138263819053e-15,-5.352730313064924e-10,-5.360153708454938e-10,4.464188436711279e-12,2.3933790916979395e-15,2.2644643706961344e-15,2.4723821502348397e-15,2.2643312669202007e-15,-5.352735921190016e-10,2.3469385052575245e-15,2.1712658059985846e-15,-5.360155166864327e-10,2.147203491067112e-15
0.5068195542324286,-2.6598694150461677e-10,-5.352735930702668e-10,-5.475156107298393e-10,-5.475156117994079e-10,-2.659869406199326e-10,-5.670013359708049e-10,-5.475156117687904e-10,-5.320973928179277e-10,-5.575264158789384e-10,-5.352735920332375e-10,0.5068242230964584,-5.524680651193728e-10,-5.575264157081802e-10,-5.546494649382388e-10,-5.352735923414799e-10,-5.475156114777657e-10,-5.670013354890705e-10,0.5068297751761475,-5.388258767633694e-10,0.5068300086268387,0.5068248646363781,0.5068300086268395,-5.54649464782957e-10,-5.23060543012222e-10,-5.670013353713254e-10,-5.551074681528284e-10,-5.551074684259382e-10,-5.421625449469346e-10,-2.6598693972303113e-10,-5.112864795485861e-10,-5.670013358130294e-10,0.5068297751761474,-2.653731685139401e-10,-5.352735926606461e-10,-5.112864798633168e-10,-5.38825877058591e-10,-5.302599012110547e-10,-5.388258769309765e-10,0.5068300086268392,-5.546494653035428e-10,-5.230605427615178e-10,-2.6598694025855763e-10,-5.184234680024863e-10
-3.8049392515433373e-06,-5.541656760035956e-10,2.335691805183357e-15,2.3976141482344342e-15,2.397769046456384e-15,-5.541656761887868e-10,2.498571060842566e-15,2.3976141482344342e-15,-5.541643537833483e-10,2.4501953399305017e-15,2.335481731792223e-15,-5.524680651193728e-10,-5.785527236684381e-06,2.450305384882328e-15,2.435015638507584e-15,2.3354811099801054e-15,2.3976141482344342e-15,2.498571060842566e-15,-5.524674868689398e-10,2.3528954163775788e-15,-5.524680652953633e-10,-2.198702498449939e-06,-5.524680649370588e-10,2.4349343928936e-15,2.2594263604807223e-15,2.498571060842566e-15,4.842891266091028e-12,4.842891265926333e-12,2.371582152120332e-15,-5.541656757593496e-10,2.494933157639028e-15,2.498571060842566e-15,-5.524674869300082e-10,-5.541655259530296e-10,2.335691805183357e-15,2.49479382221015e-15,2.352801020529861e-15,2.572085473527603e-15,2.352795418728491e-15,-5.524680652953633e-10,2.4349343928936e-15,2.2594263604807223e-15,-5.541656757593496e-10,4.442040441373959e-12
-3.824524065069678e-06,-5.589646316220386e-10,2.362283161631361e-15,4.816659776574484e-12,4.816659777775855e-12,-5.589646315733778e-10,2.5242866169942448e-15,2.4243491382942668e-15,-5.589632981839354e-10,2.4760213607821817e-15,2.3624109114093386e-15,-5.575264157081802e-10,2.450305384882328e-15,-5.785527133531629e-06,2.46119166808804e-15,2.3623755855163926e-15,2.4243491382942668e-15,2.5242866169942448e-15,-5.575258326677427e-10,2.379777307573427e-15,-5.575264157081802e-10,-2.21828739608491e-06,-5.575264159153543e-10,2.46119166808804e-15,2.2866395609677774e-15,2.5242866169942448e-15,2.4637227694803367e-15,2.4637227694803367e-15,2.398201526748502e-15,-5.589646315252024e-10,2.526362490280111e-15,2.5242866169942448e-15,-5.57525832904613e-10,-5.589644806816568e-10,2.3623548968166537e-15,2.5264472388033496e-15,2.3801468056683115e-15,2.602952166191969e-15,2.3795297334143977e-15,-5.575264157067091e-10,2.461178019263195e-15,2.2866309214344817e-15,-5.589646316925527e-10,2.263303917405413e-15
-3.813242225326681e-06,-5.561632759519144e-10,2.347193339197259e-15,2.4091463088942797e-15,2.4088598704226345e-15,-5.561632759519144e-10,2.509588754229357e-15,2.40914630988523e-15,-5.561619488510258e-10,2.46119166808804e-15,2.3471685625536695e-15,-5.546494649382388e-10,2.435015638507584e-15,2.46119166808804e-15,-5.785527192977066e-06,2.3469315143601705e-15,2.40914630988523e-15,2.509510311577583e-15,-5.546488847853343e-10,2.364434866743246e-15,-5.54649465167303e-10,-2.207005505739932e-06,-5.54649465167303e-10,4.860338460838942e-12,2.2713327170587764e-15,2.5096328720866716e-15,2.448749771347536e-15,2.448749771347536e-15,2.3832400194380893e-15,-5.561632756947686e-10,2.508258561578835e-15,2.509510311577583e-15,-5.546488848843526e-10,-5.561631251850854e-10,2.3470114518436003e-15,2.5083538537937452e-15,2.364434866743246e-15,2.585570354496881e-15,2.3644983488389154e-15,-5.54649465044274e-10,4.860338462555548e-12,2.2713812441384176e-15,-5.561632759319202e-10,2.2475494508803736e-15
-3.734715520668095e-06,-5.360155170337921e-10,4.4641884374572925e-12,2.309476003643942e-15,2.3093815815477658e-15,-5.360155170507332e-10,2.4114284575035914e-15,2.3093958786549562e-15,-5.360142345546697e-10,2.3622937444620076e-15,4.4641884365724435e-12,-5.352735923414799e-10,2.3354811099801054e-15,2.3623755855163926e-15,2.3469315143601705e-15,-5.785527588651852e-06,2.309607247347445e-15,2.4113478789214556e-15,-5.352730317542987e-10,2.2641730215889675e-15,-5.352735924877342e-10,-2.1284783762783146e-06,-5.352735924877342e-10,2.3470789150262506e-15,2.171579550847369e-15,2.411347878921452e-15,2.3494554088635344e-15,2.3494554088635344e-15,2.2834422730442528e-15,-5.360155170507332e-10,2.3933790916979395e-15,2.411138263819053e-15,-5.352730321710814e-10,-5.360153711109963e-10,4.46418844052471e-12,2.3933584838103e-15,2.264260756127949e-15,2.472408746529658e-15,2.2643312669202007e-15,-5.352735924426206e-10,2.3470114518436003e-15,2.171505943185373e-15,-5.360155170128096e-10,2.147399889428726e-15
-3.7843125669829504e-06,-5.48736419747088e-10,2.3095071321804148e-15,2.3716627089321623e-15,2.3716627089321623e-15,-5.48736419747088e-10,2.472728124804025e-15,4.71213515697207e-12,-5.4873510916278e-10,4.816659778557045e-12,2.3093958786549562e-15,-5.475156114777657e-10,2.3976141482344342e-15,2.4243491382942668e-15,2.40914630988523e-15,2.309607247347445e-15,-5.7855273407458426e-06,2.472891582510342e-15,-5.475150386755614e-10,2.3267723117192515e-15,-5.47515611541173e-10,-2.1780757032960486e-06,-5.475156114754717e-10,2.409093493318535e-15,2.233501997207712e-15,2.4728494078430686e-15,2.4116793126255424e-15,2.411685143427839e-15,4.660392600242329e-12,-5.487364195576849e-10,2.4647593935655952e-15,2.4728494078430686e-15,-5.475150386755614e-10,-5.487362710359072e-10,2.3093958786549562e-15,2.4647593935655952e-15,2.3268916508225393e-15,2.5424597142427507e-15,2.3268916508225393e-15,-5.475156114754717e-10,2.40914630988523e-15,2.2335709677267817e-15,-5.487364195576849e-10,2.2097304124125655e-15
-3.8629387265348115e-06,-5.688243699613312e-10,2.411347878921452e-15,2.472859666912467e-15,2.4725759539913234e-15,-5.688243698284463e-10,5.1105965486911556e-12,2.472859666912467e-15,-5.68823014812898e-10,2.5241985610322676e-15,2.4114284575035914e-15,-5.670013354890705e-10,2.498571060842566e-15,2.5242866169942448e-15,2.509510311577583e-15,2.4113478789214556e-15,2.472891582510342e-15,-5.785526941305305e-06,-5.6700074280553e-10,2.42840756474432e-15,-5.670013356008911e-10,-2.256702266424516e-06,-5.670013357025102e-10,2.5094656714774885e-15,2.3355123881759255e-15,2.5722173719089987e-15,2.5120357636142953e-15,2.5118145985567924e-15,2.446681069147373e-15,-5.688243698284463e-10,2.582477879720265e-15,2.57190259259722e-15,-5.670007429410344e-10,-5.688242164059034e-10,2.4115220670287797e-15,2.582477879720265e-15,2.4284365161261422e-15,2.658093526984825e-15,2.4284209331952365e-15,-5.670013354976071e-10,2.5095422708161343e-15,2.3355123881759255e-15,-5.688243696721038e-10,2.3120080284714505e-15
0.5068190401122734,-4.072542783412669e-10,-5.352730321512888e-10,-5.475150377108934e-10,-5.475150386349669e-10,-4.072542771155633e-10,-5.670007433528103e-10,-5.475150386500949e-10,-1.3378792169583665e-06,-5.575258325310793e-10,-5.352730313064924e-10,0.5068297751761475,-5.524674868689398e-10,-5.575258326677427e-10,-5.546488847853343e-10,-5.352730317542987e-10,-5.475150386755614e-10,-5.6700074280553e-10,0.506823756195288,-5.388253130241026e-10,0.506829775176147,0.5068243505125287,0.5068297751761476,-5.546488843552047e-10,-5.230599988480931e-10,-5.670007429637201e-10,-5.551068877951215e-10,-5.551068880421785e-10,-5.421619776292341e-10,-4.072542768110203e-10,-5.11285870654545e-10,-5.670007433128745e-10,0.5068295417257144,-4.066404660918294e-10,-5.352730320360686e-10,-5.112858708572027e-10,-5.388253131275409e-10,-5.302592779182555e-10,-5.388253126701389e-10,0.5068297751761471,-5.546488849458159e-10,-5.230599987361056e-10,-4.0725427672517485e-10,-5.184229282904483e-10
-3.7484156413874564e-06,-5.393587027272595e-10,2.264331266846573e-15,2.3267875412584833e-15,2.3268916508225393e-15,-5.393587027852178e-10,2.4284209331952365e-15,2.3268916508225393e-15,-5.393574124323158e-10,2.379529733414381e-15,2.264106225347568e-15,-5.388258767633694e-10,2.3528954163775788e-15,2.379777307573427e-15,2.364434866743246e-15,2.2641730215889675e-15,2.3267723117192515e-15,2.42840756474432e-15,-5.388253130241026e-10,-5.785527517873391e-06,-5.388258767610899e-10,-2.142178572141445e-06,-5.388258767141247e-10,2.364623668117597e-15,2.1890898556059338e-15,2.4284209331952365e-15,2.36712710444058e-15,2.366917216335635e-15,2.300759183056171e-15,-5.393587027852178e-10,2.4137702646983523e-15,2.42840756474432e-15,-5.388253131641471e-10,-5.393585560051214e-10,2.264506397383953e-15,2.413550448085884e-15,4.533860532744795e-12,4.951333047733205e-12,4.5338605315481234e-12,-5.388258769277444e-10,2.3644983488389154e-15,2.189074343704564e-15,-5.393587029022816e-10,2.1647656108556832e-15
0.5068195542324291,-2.659869410656461e-10,-5.352735930702668e-10,-5.475156106159813e-10,-5.475156117368635e-10,-2.6598694013093447e-10,-5.670013358410004e-10,-5.475156116287852e-10,-5.320973922212474e-10,-5.575264158789384e-10,-5.352735920291201e-10,0.5068300086268387,-5.524680652953633e-10,-5.575264157081802e-10,-5.54649465167303e-10,-5.352735924877342e-10,-5.47515611541173e-10,-5.670013356008911e-10,0.506829775176147,-5.388258767610899e-10,0.5068242230964587,0.5068248646363782,0.506830008626839,-5.54649464989071e-10,-5.230605430078673e-10,-5.670013356384027e-10,-5.551074679515225e-10,-5.55107468403519e-10,-5.421625449970177e-10,-2.659869394175729e-10,-5.112864797035126e-10,-5.670013358719625e-10,0.5068297751761468,-2.6537316790931216e-10,-5.352735926606461e-10,-5.112864797086751e-10,-5.388258770789498e-10,-5.302599012110547e-10,-5.388258769309765e-10,0.5068300086268385,-5.546494651995576e-10,-5.230605427580686e-10,-2.6598693951299627e-10,-5.184234682613087e-10
1.0000276542935216,0.49322116262851556,-2.128478375084245e-06,-2.1780757017249698e-06,-2.1780757024024526e-06,0.4932211626285188,-2.2567022661013414e-06,-2.1780757025166512e-06,0.4932199873728975,-2.218287395537043e-06,-2.1284783745568565e-06,0.5068248646363781,-2.198702498449939e-06,-2.21828739608491e-06,-2.207005505739932e-06,-2.1284783762783146e-06,-2.1780757032960486e-06,-2.256702266424516e-06,0.5068243505125287,-2.142178572141445e-06,0.5068248646363782,1.000030767195503,0.5068248646363779,-2.2070055051780406e-06,-2.0659100406680553e-06,-2.2567022652310037e-06,-2.2088276276067414e-06,-2.2088276274950877e-06,-2.1564586409416337e-06,0.4932211626285193,-2.2875432799242088e-06,-2.25670226631678e-06,0.5068243505125276,0.4932210319366293,-2.128478376177937e-06,-2.2875432804778003e-06,-2.1421785721435448e-06,-2.3464886112893034e-06,-2.142178571960308e-06,0.5068248646363788,-2.2070055057534013e-06,-2.06591004014086e-06,0.4932211626285189,-2.0477105700634567e-06
0.5068195542324281,-2.6598694153562704e-10,-5.352735930702668e-10,-5.47515610856364e-10,-5.475156117994079e-10,-2.659869405897647e-10,-5.670013361718526e-10,-5.475156117687904e-10,-5.320973932883692e-10,-5.575264158789384e-10,-5.352735920122343e-10,0.5068300086268395,-5.524680649370588e-10,-5.575264159153543e-10,-5.54649465167303e-10,-5.352735924877342e-10,-5.475156114754717e-10,-5.670013357025102e-10,0.5068297751761476,-5.388258767141247e-10,0.506830008626839,0.5068248646363779,0.5068242230964591,-5.54649464782957e-10,-5.230605429835302e-10,-5.670013356215411e-10,-5.551074679008055e-10,-5.551074684259382e-10,-5.421625449469346e-10,-2.6598694002721543e-10,-5.112864797564043e-10,-5.670013358719625e-10,0.5068297751761474,-2.6537316870423774e-10,-5.35273592648056e-10,-5.112864795763481e-10,-5.38825877058591e-10,-5.302599014145551e-10,-5.388258769309765e-10,0.5068300086268392,-5.546494651995576e-10,-5.230605426839509e-10,-2.659869402452812e-10,-5.184234682441195e-10
-3.813242225994263e-06,-5.561632756885619e-10,2.3470114518436003e-15,2.4091463088942797e-15,2.4088598704226345e-15,-5.561632756885619e-10,2.509510311577583e-15,2.40914630988523e-15,-5.561619485542391e-10,2.4611177913354426e-15,2.3469385052575245e-15,-5.54649464782957e-10,2.4349343928936e-15,2.46119166808804e-15,4.860338460838942e-12,2.3470789150262506e-15,2.409093493318535e-15,2.5094656714774885e-15,-5.546488843552047e-10,2.364623668117597e-15,-5.54649464989071e-10,-2.2070055051780406e-06,-5.54649464782957e-10,-5.785527192977066e-06,2.271356152416956e-15,2.5095422708161343e-15,2.448552807560039e-15,2.448749771347536e-15,2.3833152709013508e-15,-5.561632755815702e-10,2.5083537657943616e-15,2.50947436735826e-15,-5.546488845282079e-10,-5.561631251538756e-10,2.3470114518436003e-15,2.5084155048622612e-15,2.364434866743246e-15,2.585570354496888e-15,2.3644348667432453e-15,-5.54649464782957e-10,4.860338461071043e-12,2.2713327170587764e-15,-5.561632756885619e-10,2.2475494508803736e-15
-3.67214756739456e-06,-5.167371741653504e-10,2.1712658059340553e-15,2.233501997207712e-15,2.2335019972071308e-15,-5.167371741653504e-10,2.3353349006714125e-15,2.2335408096627034e-15,-5.167359287168033e-10,2.2866395609677774e-15,2.171720121016048e-15,-5.23060543012222e-10,2.2594263604807223e-15,2.2866395609677774e-15,2.2713327170587764e-15,2.171579550847369e-15,2.233501997207712e-15,2.3355123881759255e-15,-5.230599988480931e-10,2.1890898556059338e-15,-5.230605430078673e-10,-2.0659100406680553e-06,-5.230605429835302e-10,2.271356152416956e-15,-5.785527887438774e-06,2.3353063292880707e-15,2.273624399549097e-15,2.2736639248359174e-15,2.207914328685809e-15,-5.167371740604625e-10,4.58370007775339e-12,2.3353242619133284e-15,-5.230599987208624e-10,-5.167370330292638e-10,2.171354733617514e-15,4.5837000790959524e-12,2.189074343704564e-15,2.3860582877707113e-15,2.189076090969457e-15,-5.23060543012222e-10,2.2713327170587764e-15,4.166663850260961e-12,-5.167371740604625e-10,4.118546538262119e-12
-3.862938726526456e-06,-5.68824369233578e-10,2.411138263819053e-15,2.472859666912467e-15,2.4725759539913234e-15,-5.688243693125048e-10,2.57190259259722e-15,2.472859666912467e-15,-5.688230144074192e-10,2.524268496190353e-15,2.411347878921452e-15,-5.670013353713254e-10,2.498571060842566e-15,2.5242866169942448e-15,2.5096328720866716e-15,2.411347878921452e-15,2.4728494078430686e-15,2.5722173719089987e-15,-5.670007429637201e-10,2.4284209331952365e-15,-5.670013356384027e-10,-2.2567022652310037e-06,-5.670013356215411e-10,2.5095422708161343e-15,2.3353063292880707e-15,-5.785526941305305e-06,2.51189790790262e-15,2.5117037847479758e-15,2.446681069147373e-15,-5.688243693125048e-10,2.582478694467426e-15,5.110596548566558e-12,-5.670007429637201e-10,-5.688242159568023e-10,2.4113478789214556e-15,2.5823624480155537e-15,2.4284209331952365e-15,2.657975823551144e-15,2.4284365161261422e-15,-5.670013356384027e-10,2.5094656714774885e-15,2.3353426496809568e-15,-5.688243694103125e-10,2.3118098010691227e-15
-3.815064338145537e-06,-5.566223674272039e-10,2.3494554088635344e-15,2.4116213096729695e-15,2.4116213096729695e-15,-5.566223676240109e-10,2.5118145985567924e-15,2.4116793126255424e-15,-5.566210394861085e-10,2.4637227694803367e-15,2.3494420275656973e-15,-5.551074681528284e-10,4.842891266091028e-12,2.4637227694803367e-15,2.448749771347536e-15,2.3494554088635344e-15,2.4116793126255424e-15,2.5120357636142953e-15,-5.551068877951215e-10,2.36712710444058e-15,-5.551074679515225e-10,-2.2088276276067414e-06,-5.551074679008055e-10,2.448552807560039e-15,2.273624399549097e-15,2.51189790790262e-15,-5.785527183123177e-06,4.8699762177340076e-12,2.3854583914894512e-15,-5.566223673704616e-10,2.511385651821559e-15,2.5120357636142953e-15,-5.551068878557502e-10,-5.566222167485965e-10,2.3494554088635344e-15,2.511385651882154e-15,2.3669261399528875e-15,2.5879346793558057e-15,2.3670028896134935e-15,-5.551074681528284e-10,2.4485831526447168e-15,2.273624399549097e-15,-5.566223673704616e-10,2.25013121937213e-15
-3.8150643381454975e-06,-5.566223674321826e-10,2.3494420275656973e-15,2.4116793126255424e-15,2.4116793126255424e-15,-5.566223674831736e-10,2.5118145985567924e-15,2.4116793126255424e-15,-5.566210391613038e-10,2.463668359489056e-15,2.3494554088635344e-15,-5.551074684259382e-10,4.842891265926333e-12,2.4637227694803367e-15,2.448749771347536e-15,2.3494554088635344e-15,2.411685143427839e-15,2.5118145985567924e-15,-5.551068880421785e-10,2.366917216335635e-15,-5.55107468403519e-10,-2.2088276274950877e-06,-5.551074684259382e-10,2.448749771347536e-15,2.2736639248359174e-15,2.5117037847479758e-15,4.8699762177340076e-12,-5.785527183123177e-06,2.3854395308718468e-15,-5.566223674831908e-10,2.511451582462596e-15,2.511927505980893e-15,-5.55106887885733e-10,-5.566222168794184e-10,2.3494420275656973e-15,2.511385651882154e-15,2.3669751595850534e-15,2.587978743866172e-15,2.3670028896134935e-15,-5.551074684259382e-10,2.448552807560039e-15,2.2736639248359174e-15,-5.566223674831908e-10,2.2501909680584128e-15
-3.7626956425209817e-06,-5.43209360291948e-10,2.283290313283153e-15,4.660392597024779e-12,4.660392598358111e-12,-5.432093599248982e-10,2.446681069147373e-15,4.660392599030156e-12,-5.432080621977541e-10,2.398201526748502e-15,2.2834679175205064e-15,-5.421625449469346e-10,2.371582152120332e-15,2.398201526748502e-15,2.3832400194380893e-15,2.2834422730442528e-15,4.660392600242329e-12,2.446681069147373e-15,-5.421619776292341e-10,2.300759183056171e-15,-5.421625449970177e-10,-2.1564586409416337e-06,-5.421625449469346e-10,2.3833152709013508e-15,2.207914328685809e-15,2.446681069147373e-15,2.3854583914894512e-15,2.3854395308718468e-15,-5.785527444788053e-06,-5.43209360243303e-10,2.4358405790456712e-15,2.446681069147373e-15,-5.421619775721973e-10,-5.432092126706499e-10,2.283290313283153e-15,2.435656456930328e-15,2.30088787067694e-15,2.5136831823100207e-15,2.300759183056171e-15,-5.421625449469346e-10,2.383192067937442e-15,2.2079143286858004e-15,-5.43209360243303e-10,2.1841199784240532e-15
0.4932159682786613,0.49322655022382594,-5.360155158740023e-10,-5.487364195892373e-10,-5.487364187267941e-10,0.4932265502238276,-5.688243693323615e-10,-5.487364191631888e-10,0.4932259036805126,-5.589646312390602e-10,-5.360155166864327e-10,-2.6598693972303113e-10,-5.541656757593496e-10,-5.589646315252024e-10,-5.561632756947686e-10,-5.360155170507332e-10,-5.487364195576849e-10,-5.688243698284463e-10,-4.072542768110203e-10,-5.393587027852178e-10,-2.659869394175729e-10,0.4932211626285193,-2.6598694002721543e-10,-5.561632755815702e-10,-5.167371740604625e-10,-5.688243693125048e-10,-5.566223673704616e-10,-5.566223674831908e-10,-5.43209360243303e-10,0.4932207646934589,-6.400620268243491e-10,-5.688243693535488e-10,-4.072542767588673e-10,0.4932264183111648,-5.360155166998073e-10,-6.400620266248077e-10,-5.39358702727336e-10,-6.5075647605536e-10,-5.393587028646046e-10,-2.659869390934288e-10,-5.561632754130464e-10,-5.167371737447788e-10,0.49322655022382733,-5.122142420030856e-10
-3.8937789887923336e-06,-6.400620268243491e-10,2.3933074929125757e-15,2.4647593935655952e-15,2.4648435590621716e-15,-6.40062026625617e-10,2.582493622676405e-15,2.4647593935655952e-15,-1.27170932739398e-06,2.526362490280111e-15,2.3933084491690945e-15,-5.112864795485861e-10,2.494933157639028e-15,2.526362490280111e-15,2.508258561578835e-15,2.3933790916979395e-15,2.4647593935655952e-15,2.582477879720265e-15,-5.11285870654545e-10,2.4137702646983523e-15,-5.112864797035126e-10,-2.2875432799242088e-06,-5.112864797564043e-10,2.5083537657943616e-15,4.58370007775339e-12,2.582478694467426e-15,2.511385651821559e-15,2.511451582462596e-15,2.4358405790456712e-15,-6.400620268243491e-10,-5.785526948002433e-06,2.582411575383293e-15,-5.112858706885012e-10,-6.400618506271386e-10,2.3933074929125757e-15,5.106063056956848e-12,2.4137702646983523e-15,5.28459869224577e-12,2.4135114608949353e-15,-5.112864795930858e-10,2.5084247997892863e-15,4.583700076698968e-12,-6.400620268243491e-10,4.527972600078123e-12
-3.862938728312887e-06,-5.68824369419332e-10,2.411138263819053e-15,2.472859666912467e-15,2.4725759539913234e-15,-5.688243693016514e-10,2.57190259259722e-15,2.472859666912467e-15,-5.688230145452254e-10,2.5242866169942448e-15,2.411138263819053e-15,-5.670013358130294e-10,2.498571060842566e-15,2.5242866169942448e-15,2.509510311577583e-15,2.411138263819053e-15,2.4728494078430686e-15,2.57190259259722e-15,-5.670007433128745e-10,2.42840756474432e-15,-5.670013358719625e-10,-2.25670226631678e-06,-5.670013358719625e-10,2.50947436735826e-15,2.3353242619133284e-15,5.110596548566558e-12,2.5120357636142953e-15,2.511927505980893e-15,2.446681069147373e-15,-5.688243693535488e-10,2.582411575383293e-15,-5.785526941305305e-06,-5.670007433128745e-10,-5.688242161052514e-10,2.411138263819053e-15,2.582477879720265e-15,2.4284365161261422e-15,2.657975823551144e-15,2.4284365161261422e-15,-5.670013358719625e-10,2.5095422708161343e-15,2.335259587989671e-15,-5.688243693016516e-10,2.311909835520152e-15
0.5068190401122755,-4.072542786749587e-10,-5.352730320018547e-10,-5.475150377572347e-10,-5.475150386349669e-10,-4.072542776437612e-10,-5.670007433097495e-10,-5.475150386500949e-10,-1.337879217809954e-06,-5.575258325310793e-10,-5.352730313064924e-10,0.5068297751761474,-5.524674869300082e-10,-5.57525832904613e-10,-5.546488848843526e-10,-5.352730321710814e-10,-5.475150386755614e-10,-5.670007429410344e-10,0.5068295417257144,-5.388253131641471e-10,0.5068297751761468,0.5068243505125276,0.5068297751761474,-5.546488845282079e-10,-5.230599987208624e-10,-5.670007429637201e-10,-5.551068878557502e-10,-5.55106887885733e-10,-5.421619775721973e-10,-4.072542767588673e-10,-5.112858706885012e-10,-5.670007433128745e-10,0.506823756195287,-4.0664046623555043e-10,-5.352730320613958e-10,-5.112858708572027e-10,-5.388253129033364e-10,-5.302592779182555e-10,-5.388253127114283e-10,0.5068297751761474,-5.546488851078733e-10,-5.230599985978319e-10,-4.072542771842037e-10,-5.184229283338434e-10
0.49321583758769943,0.49322641831116426,-5.360153702851296e-10,-5.487362705282457e-10,-5.487362702745212e-10,0.4932264183111653,-5.68824216035678e-10,-5.487362704051808e-10,0.49322577176801774,-5.589644804322783e-10,-5.360153708454938e-10,-2.653731685139401e-10,-5.541655259530296e-10,-5.589644806816568e-10,-5.561631251850854e-10,-5.360153711109963e-10,-5.487362710359072e-10,-5.688242164059034e-10,-4.066404660918294e-10,-5.393585560051214e-10,-2.6537316790931216e-10,0.4932210319366293,-2.6537316870423774e-10,-5.561631251538756e-10,-5.167370330292638e-10,-5.688242159568023e-10,-5.566222167485965e-10,-5.566222168794184e-10,-5.432092126706499e-10,0.4932264183111648,-6.400618506271386e-10,-5.688242161052514e-10,-4.0664046623555043e-10,0.4932205008681443,-5.36015370821107e-10,-6.400618510107346e-10,-5.393585557293614e-10,-1.2929601148328635e-06,-5.39358556033937e-10,-2.6537316764633645e-10,-5.561631249848954e-10,-5.167370329551707e-10,0.4932264183111647,-5.122141020659025e-10
-3.734715520668277e-06,-5.360155167791392e-10,4.464188437596124e-12,2.3093958786549562e-15,2.3093958786549562e-15,-5.360155166998073e-10,2.411138263819053e-15,2.3093815815477658e-15,-5.36014234212083e-10,2.3622937444620076e-15,4.464188436711279e-12,-5.352735926606461e-10,2.335691805183357e-15,2.3623548968166537e-15,2.3470114518436003e-15,4.46418844052471e-12,2.3093958786549562e-15,2.4115220670287797e-15,-5.352730320360686e-10,2.264506397383953e-15,-5.352735926606461e-10,-2.128478376177937e-06,-5.35273592648056e-10,2.3470114518436003e-15,2.171354733617514e-15,2.4113478789214556e-15,2.3494554088635344e-15,2.3494420275656973e-15,2.283290313283153e-15,-5.360155166998073e-10,2.3933074929125757e-15,2.411138263819053e-15,-5.352730320613958e-10,-5.36015370821107e-10,-5.785527588651852e-06,2.3933584838103e-15,2.26434487001667e-15,2.4724451858121775e-15,2.2644643706961344e-15,-5.352735925112069e-10,2.3470114518436003e-15,2.171621560953447e-15,-5.360155166998073e-10,2.1475356883534664e-15
-3.893778988792251e-06,-6.400620267588675e-10,2.393595965452269e-15,2.4647593935655952e-15,2.4648435590621716e-15,-6.400620270079048e-10,2.5824936226845343e-15,2.4648435590621716e-15,-1.271709327794123e-06,2.526362490280111e-15,2.3933790916979395e-15,-5.112864798633168e-10,2.49479382221015e-15,2.5264472388033496e-15,2.5083538537937452e-15,2.3933584838103e-15,2.4647593935655952e-15,2.582477879720265e-15,-5.112858708572027e-10,2.413550448085884e-15,-5.112864797086751e-10,-2.2875432804778003e-06,-5.112864795763481e-10,2.5084155048622612e-15,4.5837000790959524e-12,2.5823624480155537e-15,2.511385651882154e-15,2.511385651882154e-15,2.435656456930328e-15,-6.400620266248077e-10,5.106063056956848e-12,2.582477879720265e-15,-5.112858708572027e-10,-6.400618510107346e-10,2.3933584838103e-15,-5.785526948002433e-06,2.413567233420134e-15,5.2845986939157655e-12,2.413567233420134e-15,-5.112864798633168e-10,2.5083537657943616e-15,4.583700078041527e-12,-6.400620267588675e-10,4.52797260145149e-12
-3.748415641212093e-06,-5.393587026331731e-10,2.264331266846573e-15,2.3267875412584833e-15,2.3268916508225393e-15,-5.393587026331731e-10,2.4284365161261422e-15,2.3267723117192515e-15,-5.393574122304618e-10,2.3795297334143977e-15,2.2644643706961344e-15,-5.38825877058591e-10,2.352801020529861e-15,2.3801468056683115e-15,2.364434866743246e-15,2.264260756127949e-15,2.3268916508225393e-15,2.4284365161261422e-15,-5.388253131275409e-10,4.533860532744795e-12,-5.388258770789498e-10,-2.1421785721435448e-06,-5.38825877058591e-10,2.364434866743246e-15,2.189074343704564e-15,2.4284209331952365e-15,2.3669261399528875e-15,2.3669751595850534e-15,2.30088787067694e-15,-5.39358702727336e-10,2.4137702646983523e-15,2.4284365161261422e-15,-5.388253129033364e-10,-5.393585557293614e-10,2.26434487001667e-15,2.413567233420134e-15,-5.785527517873391e-06,4.951333047800556e-12,4.533860531653553e-12,-5.38825876967977e-10,2.364623668117597e-15,2.1891061766657947e-15,-5.393587027729585e-10,2.1648070886467642e-15
-3.952724037329295e-06,-6.507564760527197e-10,2.4723441093107244e-15,2.542679508119373e-15,2.5427300066030646e-15,-6.507564760527197e-10,2.658093526984825e-15,2.5424597142427507e-15,-6.507550410699709e-10,2.6028593125268583e-15,2.4723821502348397e-15,-5.302599012110547e-10,2.572085473527603e-15,2.602952166191969e-15,2.585570354496881e-15,2.472408746529658e-15,2.5424597142427507e-15,2.658093526984825e-15,-5.302592779182555e-10,4.951333047733205e-12,-5.302599012110547e-10,-2.3464886112893034e-06,-5.302599014145551e-10,2.585570354496888e-15,2.3860582877707113e-15,2.657975823551144e-15,2.5879346793558057e-15,2.587978743866172e-15,2.5136831823100207e-15,-6.5075647605536e-10,5.28459869224577e-12,2.657975823551144e-15,-5.302592779182555e-10,-1.2929601148328635e-06,2.4724451858121775e-15,5.2845986939157655e-12,4.951333047800556e-12,-5.785526595848192e-06,4.951333046515094e-12,-5.302599012316412e-10,2.585442465912337e-15,2.3862837974037364e-15,-6.5075647605536e-10,2.3587488706026003e-15
-3.7484156419424888e-06,-5.393587028646046e-10,2.2643312669201904e-15,2.3267875412584833e-15,2.3267875412584833e-15,-5.393587026774363e-10,2.42840756474432e-15,2.3267723117192515e-15,-5.393574125530508e-10,2.379529733414381e-15,2.2643312669202007e-15,-5.388258769309765e-10,2.352795418728491e-15,2.3795297334143977e-15,2.3644983488389154e-15,2.2643312669202007e-15,2.3268916508225393e-15,2.4284209331952365e-15,-5.388253126701389e-10,4.5338605315481234e-12,-5.388258769309765e-10,-2.142178571960308e-06,-5.388258769309765e-10,2.3644348667432453e-15,2.189076090969457e-15,2.4284365161261422e-15,2.3670028896134935e-15,2.3670028896134935e-15,2.300759183056171e-15,-5.393587028646046e-10,2.4135114608949353e-15,2.4284365161261422e-15,-5.388253127114283e-10,-5.39358556033937e-10,2.2644643706961344e-15,2.413567233420134e-15,4.533860531653553e-12,4.951333046515094e-12,-5.785527517873391e-06,-5.388258769177787e-10,2.3644348667432453e-15,2.189074343704564e-15,-5.393587028646046e-10,2.1647904687663416e-15
0.5068195542324289,-2.659869409349008e-10,-5.352735930702668e-10,-5.475156106159813e-10,-5.475156117989854e-10,-2.6598693986570634e-10,-5.670013358179886e-10,-5.475156117687904e-10,-5.320973925256672e-10,-5.575264158789384e-10,-5.352735921190016e-10,0.5068300086268392,-5.524680652953633e-10,-5.575264157067091e-10,-5.54649465044274e-10,-5.352735924426206e-10,-5.475156114754717e-10,-5.670013354976071e-10,0.5068297751761471,-5.388258769277444e-10,0.5068300086268385,0.5068248646363788,0.5068300086268392,-5.54649464782957e-10,-5.23060543012222e-10,-5.670013356384027e-10,-5.551074681528284e-10,-5.551074684259382e-10,-5.421625449469346e-10,-2.659869390934288e-10,-5.112864795930858e-10,-5.670013358719625e-10,0.5068297751761474,-2.6537316764633645e-10,-5.352735925112069e-10,-5.112864798633168e-10,-5.38825876967977e-10,-5.302599012316412e-10,-5.388258769177787e-10,0.5068242230964577,-5.546494653035428e-10,-5.230605425909443e-10,-2.6598693933711725e-10,-5.184234682441195e-10
