1.0000000121115475,1.0000278088603547,1.0000278088603551,1.0000278088603531,1.0000278088603536,1.0000278088603536,1.0000278088603551,1.0000276993867652,1.000027699386765,2.1262372298725374e-06,2.150498411852656e-06,2.150498411951774e-06,2.1262372253437174e-06,1.0000278088603527,2.1262372275913473e-06,2.196964882950952e-06,1.0000269599577596,1.000027808860356,1.0000269599577596,1.000027808860354,1.0000278088603536,2.1504984129617396e-06,2.150498412961638e-06,1.000027699386764,1.0000278088603536,2.126237227628188e-06,1.000026959957761,1.0000278088603534,1.0000278088603527,2.150498413358214e-06,2.1295513301612363e-06,1.0000269599577618,2.1262372258441665e-06,1.000027808860354,2.12623722815039e-06,1.0000266760635053,2.150498413358087e-06,2.1262372306629462e-06,2.150498413358214e-06,1.0000266760635055,2.1262372307005024e-06,2.129551334285209e-06,1.000027699386765,2.1262372253456533e-06,1.000027699386764,2.1262372256297486e-06,2.196964881885717e-06,1.0000278088603531,1.0000276993867652,2.196964881885717e-06,1.0000269599577591,2.1504984133522806e-06,1.0000269599577591,1.0000266760635046,1.0000276993867656,2.150498411951841e-06,2.1262372248487368e-06,1.0000278088603547,1.0000276707030789,1.0000278088603547,2.1504984133488205e-06,1.0000278088603551,1.000027808860354,1.0000278088603547
1.0000278088603547,1.0000319078734916,1.0000352345528882,1.000035234552888,1.0000352345528878,1.0000352345528873,1.0000352345528878,1.0000351250782713,1.0000351250782722,5.283978260652261e-11,6.502404839976991e-11,6.50240486328688e-11,5.283978240841501e-11,1.0000352345528882,5.28397827532585e-11,8.836008157654055e-11,1.0000343856423388,1.0000352345528878,1.0000343856423388,1.0000352345528876,1.0000352345528882,6.502404824946567e-11,6.502404825964354e-11,1.0000351250782722,1.0000352345528882,5.283978241710823e-11,1.0000343856423408,1.0000352345528873,1.0000352345528862,6.502404836545264e-11,5.4504166442215783e-11,1.0000343856423397,5.2839782869560157e-11,1.0000352345528882,5.2839782392220456e-11,1.0000341017454233,6.502404835541614e-11,5.283978259539481e-11,6.502404815941294e-11,1.000034101745425,5.283978277894214e-11,5.4504167140179766e-11,1.0000351250782722,5.283978228330609e-11,1.0000351250782722,5.283978301242426e-11,8.836008173309725e-11,1.0000352345528873,1.0000351250782709,8.836008182634614e-11,1.0000343856423397,6.502404846245894e-11,1.0000343856423388,1.0000341017454237,1.0000351250782726,6.502404865478036e-11,5.283978221222017e-11,1.0000352345528871,1.0000350963943185,1.0000352345528873,6.502404871402103e-11,1.0000352345528876,1.0000352345528882,1.0000352345528871
1.0000278088603551,1.0000352345528882,1.000031907873502,1.0000352345528927,1.000035234552892,1.000035234552893,1.0000352345528927,1.0000351250782766,1.000035125078277,5.28397826055155e-11,6.502404843630765e-11,6.502404863986636e-11,5.283978239766293e-11,1.0000352345528922,5.2839782750178846e-11,8.836008163256322e-11,1.000034385642345,1.0000352345528927,1.000034385642345,1.0000352345528938,1.0000352345528924,6.502404818057626e-11,6.502404830308144e-11,1.000035125078276,1.000035234552893,5.283978246525998e-11,1.000034385642345,1.0000352345528927,1.000035234552893,6.502404841835943e-11,5.4504166454441836e-11,1.0000343856423441,5.283978287224084e-11,1.0000352345528927,5.2839782392220456e-11,1.0000341017454293,6.502404833404995e-11,5.2839782622590166e-11,6.502404817364171e-11,1.0000341017454302,5.283978277894214e-11,5.450416716403565e-11,1.000035125078277,5.283978233582243e-11,1.000035125078276,5.2839782965808385e-11,8.836008173727062e-11,1.0000352345528927,1.0000351250782764,8.836008185786468e-11,1.0000343856423446,6.502404851482346e-11,1.0000343856423435,1.000034101745429,1.0000351250782773,6.502404865478036e-11,5.283978229283316e-11,1.0000352345528933,1.000035096394324,1.0000352345528924,6.502404872720202e-11,1.0000352345528927,1.0000352345528942,1.0000352345528938
1.0000278088603531,1.000035234552888,1.0000352345528927,1.000031907873502,1.000035234552892,1.0000352345528918,1.0000352345528927,1.0000351250782764,1.0000351250782766,5.2839782661582303e-11,6.502404841610818e-11,6.502404862556818e-11,5.283978233010532e-11,1.0000352345528911,5.28397827162691e-11,8.836008163477942e-11,1.0000343856423433,1.000035234552893,1.0000343856423444,1.0000352345528918,1.0000352345528911,6.502404821945247e-11,6.502404826477512e-11,1.0000351250782773,1.000035234552892,5.2839782461190756e-11,1.0000343856423437,1.0000352345528916,1.0000352345528924,6.502404836545264e-11,5.450416645770021e-11,1.0000343856423433,5.283978287433743e-11,1.0000352345528927,5.283978235861185e-11,1.0000341017454282,6.50240483230245e-11,5.283978259877846e-11,6.502404811969931e-11,1.00003410174543,5.283978281498391e-11,5.450416715353795e-11,1.0000351250782766,5.283978233722348e-11,1.0000351250782773,5.283978296818268e-11,8.836008172678275e-11,1.0000352345528916,1.0000351250782757,8.836008185345896e-11,1.0000343856423453,6.502404851482346e-11,1.0000343856423426,1.0000341017454268,1.0000351250782764,6.50240487011724e-11,5.283978225466306e-11,1.0000352345528924,1.0000350963943228,1.000035234552892,6.502404872600232e-11,1.0000352345528927,1.0000352345528922,1.0000352345528933
1.0000278088603536,1.0000352345528878,1.000035234552892,1.000035234552892,1.0000319078735038,1.0000352345528911,1.0000352345528916,1.0000351250782764,1.000035125078277,5.283978262368329e-11,6.502404834386316e-11,6.502404861496583e-11,5.283978234653915e-11,1.0000352345528927,5.283978277649029e-11,8.836008158004108e-11,1.0000343856423444,1.000035234552893,1.0000343856423444,1.000035234552892,1.0000352345528918,6.502404822772424e-11,6.502404826477512e-11,1.000035125078276,1.000035234552892,5.283978246525998e-11,1.0000343856423437,1.0000352345528918,1.000035234552893,6.5024048356698e-11,5.4504166442215783e-11,1.0000343856423433,5.283978285394599e-11,1.0000352345528924,5.28397824070432e-11,1.0000341017454286,6.502404835939693e-11,5.2839782596219286e-11,6.502404819709905e-11,1.0000341017454295,5.2839782773895627e-11,5.4504167173238084e-11,1.000035125078277,5.283978230130089e-11,1.000035125078276,5.28397830061743e-11,8.836008172678275e-11,1.0000352345528918,1.0000351250782762,8.83600818334868e-11,1.0000343856423437,6.502404853611617e-11,1.0000343856423426,1.0000341017454284,1.000035125078277,6.502404863788685e-11,5.283978225466306e-11,1.000035234552892,1.0000350963943228,1.000035234552892,6.502404872600232e-11,1.0000352345528916,1.0000352345528927,1.000035234552893
1.0000278088603536,1.0000352345528873,1.000035234552893,1.0000352345528918,1.0000352345528911,1.0000319078734992,1.0000352345528916,1.0000351250782762,1.0000351250782762,5.2839782645335494e-11,6.502404844507112e-11,6.502404861587415e-11,5.283978236231924e-11,1.0000352345528924,5.283978267185492e-11,8.836008160395956e-11,1.0000343856423435,1.0000352345528916,1.0000343856423435,1.0000352345528916,1.0000352345528911,6.502404823062484e-11,6.502404832966217e-11,1.000035125078277,1.0000352345528918,5.283978246910983e-11,1.000034385642345,1.0000352345528916,1.00003523455289,6.502404841835943e-11,5.450416644035123e-11,1.0000343856423437,5.2839782844905954e-11,1.0000352345528911,5.283978238913152e-11,1.0000341017454273,6.502404828861425e-11,5.2839782596219286e-11,6.502404815377825e-11,1.0000341017454286,5.283978278127151e-11,5.450416716943294e-11,1.0000351250782762,5.283978228330609e-11,1.000035125078277,5.28397830151002e-11,8.836008174328118e-11,1.0000352345528918,1.0000351250782755,8.836008180401682e-11,1.0000343856423428,6.50240484870505e-11,1.0000343856423421,1.0000341017454273,1.0000351250782766,6.5024048696897e-11,5.2839782221703855e-11,1.0000352345528916,1.000035096394322,1.000035234552892,6.50240487020443e-11,1.0000352345528913,1.000035234552892,1.0000352345528916
1.0000278088603551,1.0000352345528878,1.0000352345528927,1.0000352345528927,1.0000352345528916,1.0000352345528916,1.000031907873503,1.0000351250782757,1.0000351250782755,5.28397826055155e-11,6.502404836567067e-11,6.50240486685363e-11,5.2839782374800614e-11,1.0000352345528911,5.283978269823567e-11,8.836008158673718e-11,1.0000343856423435,1.0000352345528922,1.0000343856423433,1.0000352345528911,1.0000352345528911,6.502404820350375e-11,6.502404830686295e-11,1.0000351250782773,1.0000352345528922,5.283978242698076e-11,1.0000343856423441,1.0000352345528918,1.0000352345528918,6.502404840568191e-11,5.4504166428862865e-11,1.0000343856423435,5.283978287224084e-11,1.0000352345528927,5.283978235540732e-11,1.000034101745428,6.502404831966833e-11,5.283978259877846e-11,6.502404819484039e-11,1.0000341017454293,5.283978281058549e-11,5.450416715353795e-11,1.0000351250782755,5.283978230130089e-11,1.0000351250782773,5.2839782965808385e-11,8.836008170434205e-11,1.0000352345528918,1.0000351250782753,8.836008182301733e-11,1.0000343856423444,6.502404853370786e-11,1.0000343856423426,1.0000341017454268,1.0000351250782757,6.50240486900173e-11,5.2839782182655256e-11,1.0000352345528916,1.0000350963943223,1.0000352345528924,6.502404868236214e-11,1.0000352345528916,1.0000352345528916,1.000035234552892
1.0000276993867652,1.0000351250782713,1.0000351250782766,1.0000351250782764,1.0000351250782764,1.0000351250782762,1.0000351250782757,1.0000316889242857,1.0000350156036721,5.283977674451512e-11,6.502404109988534e-11,6.502404126679092e-11,5.2839776447045964e-11,1.0000351250782762,5.28397768495539e-11,1.7594337949729154e-07,1.0000342761678203,1.0000351250782773,1.0000342761678203,1.000035125078277,1.0000351250782764,6.502404096790892e-11,6.502404103494596e-11,1.0000350156036726,1.0000351250782764,5.2839776525755346e-11,1.0000342761678203,1.000035125078276,1.0000351250782773,6.502404111659956e-11,5.450416038451263e-11,1.0000342761678191,5.283977695107028e-11,1.0000351250782766,5.283977650796039e-11,1.0000339922709354,6.502404107352307e-11,5.283977670842878e-11,6.502404088055897e-11,1.0000339922709363,5.283977690630209e-11,5.450416111688198e-11,1.0000350156036721,5.28397764078024e-11,1.0000350156036728,5.283977711632501e-11,1.7594337982075637e-07,1.000035125078276,1.0000350156036717,1.7594337994526693e-07,1.0000342761678203,6.502404122313099e-11,1.0000342761678183,1.000033992270935,1.0000350156036726,6.502404146297185e-11,5.2839776431540056e-11,1.0000351250782762,1.0000349869197214,1.000035125078277,6.502404140387923e-11,1.0000351250782757,1.0000351250782775,1.000035125078277
1.000027699386765,1.0000351250782722,1.000035125078277,1.0000351250782766,1.000035125078277,1.0000351250782762,1.0000351250782755,1.0000350156036721,1.0000316889242866,5.2839776752665994e-11,6.502404109821774e-11,6.502404142945483e-11,5.2839776490877786e-11,1.0000351250782762,5.2839776881394536e-11,1.759433794972917e-07,1.0000342761678216,1.0000351250782773,1.0000342761678216,1.0000351250782773,1.0000351250782764,6.502404096419702e-11,6.502404105619993e-11,1.0000350156036726,1.000035125078277,5.283977655466531e-11,1.00003427616782,1.0000351250782757,1.0000351250782757,6.502404114659476e-11,5.450416038270271e-11,1.0000342761678203,5.283977700490511e-11,1.0000351250782766,5.2839776558685575e-11,1.0000339922709356,6.502404099936705e-11,5.283977670614801e-11,6.502404090300779e-11,1.0000339922709374,5.283977693220896e-11,5.4504161063234226e-11,1.000035015603673,5.2839776435880525e-11,1.0000350156036726,5.283977710907959e-11,1.7594337982075648e-07,1.0000351250782757,1.0000350156036717,1.7594337994526722e-07,1.0000342761678203,6.502404125811236e-11,1.0000342761678196,1.0000339922709358,1.0000350156036724,6.50240413932258e-11,5.283977639205202e-11,1.0000351250782764,1.0000349869197223,1.000035125078277,6.502404142917536e-11,1.0000351250782755,1.000035125078278,1.0000351250782757
2.1262372298725374e-06,5.283978260652261e-11,5.28397826055155e-11,5.2839782661582303e-11,5.283978262368329e-11,5.2839782645335494e-11,5.28397826055155e-11,5.283977674451512e-11,5.2839776752665994e-11,-3.3266793780480007e-06,6.292598181766051e-18,6.285703454222749e-18,1.0137970168360963e-14,5.2839782618017996e-11,1.0137970250866199e-14,8.536382007632184e-18,5.283973683744443e-11,5.2839782640898045e-11,5.283973684388489e-11,5.283978258027114e-11,5.283978262104885e-11,6.3262201940518145e-18,6.339172621101862e-18,5.2839776749524957e-11,5.283978264577227e-11,1.0137970242554487e-14,5.2839736837914526e-11,5.283978262104885e-11,5.283978264358792e-11,6.29621098805691e-18,1.0458202573966458e-14,5.2839736853123974e-11,1.0137970164796796e-14,5.283978264577227e-11,1.0137970181735981e-14,1.0521493476788261e-07,6.3079223542409094e-18,1.0137970184020737e-14,6.3262201940518145e-18,1.0521493476788269e-07,1.0137970171919814e-14,1.0458202719502005e-14,5.283977674451512e-11,1.0137970188152255e-14,5.283977680026266e-11,1.0137970270582226e-14,8.475500155614364e-18,5.2839782640898045e-11,5.2839776695793954e-11,8.529084654793308e-18,5.2839736820349495e-11,6.309986849959158e-18,5.283973684509474e-11,1.0521493476788255e-07,5.283977674451512e-11,6.29621098805691e-18,1.0137970163552182e-14,5.283978260652261e-11,5.283977519279641e-11,5.283978262368329e-11,6.352815095059046e-18,5.28397826055155e-11,5.283978262368329e-11,5.283978262104858e-11
2.150498411852656e-06,6.502404839976991e-11,6.502404843630765e-11,6.502404841610818e-11,6.502404834386316e-11,6.502404844507112e-11,6.502404836567067e-11,6.502404109988534e-11,6.502404109821774e-11,6.292598181766051e-18,-3.32667937235115e-06,1.538580057668148e-14,6.3262201940518145e-18,6.502404843630765e-11,6.330268397338047e-18,2.092871859037615e-14,1.2947636514720677e-07,6.502404842704975e-11,1.294763651472068e-07,6.502404839054673e-11,6.502404835494117e-11,1.5385800549259397e-14,1.5385800573185892e-14,6.502404111846947e-11,6.502404834607474e-11,6.334085624327082e-18,1.2947636514720677e-07,6.502404839054673e-11,6.502404841610818e-11,1.538580051773684e-14,6.463342027412804e-18,1.2947636514720672e-07,6.330268397338047e-18,6.502404838943501e-11,6.3079223542409094e-18,1.294763276191653e-07,1.538580050474326e-14,6.249924070059978e-18,1.5385800543274637e-14,1.294763276191654e-07,6.285703454222749e-18,6.4698763847931815e-18,6.502404110666381e-11,6.302484767116021e-18,6.502404110853438e-11,6.339172621101862e-18,2.0928718563785008e-14,6.502404835635685e-11,6.502404111846947e-11,2.0928718568098767e-14,1.2947636514720666e-07,1.538580050771039e-14,1.2947636514720656e-07,1.2947632761916519e-07,6.502404110936214e-11,1.5385800575399224e-14,6.286603897713525e-18,6.502404834943169e-11,6.502403921067025e-11,6.502404842018353e-11,1.538580054269051e-14,6.502404836798884e-11,6.502404839054673e-11,6.50240484198141e-11
2.150498411951774e-06,6.50240486328688e-11,6.502404863986636e-11,6.502404862556818e-11,6.502404861496583e-11,6.502404861587415e-11,6.50240486685363e-11,6.502404126679092e-11,6.502404142945483e-11,6.285703454222749e-18,1.538580057668148e-14,-3.32667937235115e-06,6.313710230799637e-18,6.502404861587415e-11,6.285703454222749e-18,2.0928718497918173e-14,1.2947636567039777e-07,6.502404866629373e-11,1.2947636567039774e-07,6.502404866629373e-11,6.502404863843105e-11,1.5385800480017696e-14,1.5385800503944226e-14,6.502404138338685e-11,6.502404861609382e-11,6.323356774225784e-18,1.2947636567039777e-07,6.502404863548043e-11,6.502404865158703e-11,1.538580044849515e-14,6.4698763847931815e-18,1.294763656703977e-07,6.2833163296289614e-18,6.502404863071177e-11,6.312970825499834e-18,1.2947632814235602e-07,1.5385800435501568e-14,6.302484767116021e-18,1.538580047403293e-14,1.2947632814235618e-07,6.3079223542409094e-18,6.474549891447843e-18,6.502404139004085e-11,6.3262201940518145e-18,6.502404133099685e-11,6.3262201940518145e-18,2.0928718471327023e-14,6.50240486328688e-11,6.502404139004085e-11,2.0928718475640814e-14,1.294763656703977e-07,1.538580043846871e-14,1.2947636567039763e-07,1.2947632814235592e-07,6.502404135940849e-11,1.5385800506157536e-14,6.336988782279298e-18,6.502404863986636e-11,6.502403946954349e-11,6.50240486376855e-11,1.5385800473448826e-14,6.502404859748638e-11,6.502404861943822e-11,6.502404866629373e-11
2.1262372253437174e-06,5.283978240841501e-11,5.283978239766293e-11,5.283978233010532e-11,5.283978234653915e-11,5.283978236231924e-11,5.2839782374800614e-11,5.2839776447045964e-11,5.2839776490877786e-11,1.0137970168360963e-14,6.3262201940518145e-18,6.313710230799637e-18,-3.3266793780480007e-06,5.2839782316569535e-11,1.0137970273506647e-14,8.526629972679967e-18,5.283973652399075e-11,5.28397823467082e-11,5.2839736524602195e-11,5.28397823629742e-11,5.28397823517142e-11,6.285703454222749e-18,6.3262201940518145e-18,5.2839776447045964e-11,5.283978238528307e-11,1.0137970265194928e-14,5.283973652399075e-11,5.283978238981041e-11,5.2839782402605986e-11,6.249924070059978e-18,1.0458202597262598e-14,5.283973653462497e-11,1.0137970187437246e-14,5.283978235365114e-11,1.013797020437642e-14,1.0521493417146927e-07,6.285703454222749e-18,1.0137970206661183e-14,6.302484767116021e-18,1.0521493417146941e-07,1.0137970194560286e-14,1.045820274279813e-14,5.283977650257361e-11,1.0137970210792718e-14,5.283977649564933e-11,1.0137970293222682e-14,8.55475724550201e-18,5.283978236231924e-11,5.2839776454156376e-11,8.565806622610075e-18,5.2839736533285575e-11,6.3262201940518145e-18,5.28397365322638e-11,1.0521493417146924e-07,5.283977646429096e-11,6.286603897713525e-18,1.0137970186192635e-14,5.2839782374800614e-11,5.2839774874832485e-11,5.28397823467082e-11,6.2833163296289614e-18,5.2839782405884795e-11,5.28397823467082e-11,5.283978235191845e-11
1.0000278088603527,1.0000352345528882,1.0000352345528922,1.0000352345528911,1.0000352345528927,1.0000352345528924,1.0000352345528911,1.0000351250782762,1.0000351250782762,5.2839782618017996e-11,6.502404843630765e-11,6.502404861587415e-11,5.2839782316569535e-11,1.000031907873503,5.2839782750805617e-11,8.836008162589229e-11,1.000034385642345,1.000035234552893,1.0000343856423448,1.0000352345528927,1.0000352345528916,6.502404822772424e-11,6.502404830409784e-11,1.0000351250782762,1.000035234552893,5.2839782460499614e-11,1.0000343856423441,1.000035234552891,1.0000352345528927,6.502404835841768e-11,5.450416645125856e-11,1.0000343856423433,5.2839782883590064e-11,1.000035234552892,5.2839782419390134e-11,1.0000341017454288,6.502404832747522e-11,5.2839782555172975e-11,6.502404815716175e-11,1.0000341017454295,5.283978277894214e-11,5.450416716943294e-11,1.0000351250782762,5.2839782302031693e-11,1.0000351250782762,5.2839783004198393e-11,8.836008171653777e-11,1.0000352345528916,1.0000351250782755,8.836008176098802e-11,1.0000343856423435,6.50240484784631e-11,1.000034385642343,1.0000341017454275,1.0000351250782766,6.502404862046713e-11,5.2839782217245545e-11,1.000035234552892,1.000035096394322,1.0000352345528924,6.50240487248606e-11,1.0000352345528913,1.0000352345528936,1.0000352345528931
2.1262372275913473e-06,5.28397827532585e-11,5.2839782750178846e-11,5.28397827162691e-11,5.283978277649029e-11,5.283978267185492e-11,5.283978269823567e-11,5.28397768495539e-11,5.2839776881394536e-11,1.0137970250866199e-14,6.330268397338047e-18,6.285703454222749e-18,1.0137970273506647e-14,5.2839782750805617e-11,-3.3266793780480007e-06,8.503539524788004e-18,5.283973696632313e-11,5.283978271294929e-11,5.2839736954814023e-11,5.283978267185492e-11,5.2839782756631017e-11,6.313710230799637e-18,6.3262201940518145e-18,5.283977689633039e-11,5.2839782769000456e-11,1.0137970347700168e-14,5.2839736995265605e-11,5.283978275122355e-11,5.28397827162691e-11,6.309986849959158e-18,1.0458202682388012e-14,5.2839736968848215e-11,1.0137970269942479e-14,5.28397827532585e-11,1.0137970286881665e-14,1.0521493502155848e-07,6.339172621101862e-18,1.0137970289166412e-14,6.339172621101862e-18,1.0521493502155859e-07,1.0137970277065492e-14,1.0458202827923578e-14,5.2839776891213053e-11,1.0137970293297941e-14,5.283977686915381e-11,1.0137970375727926e-14,8.475712287367142e-18,5.28397827783788e-11,5.2839776892828266e-11,8.471894801661736e-18,5.2839736959439094e-11,6.265478631732847e-18,5.283973697084705e-11,1.0521493502155848e-07,5.283977688196335e-11,6.324353420379836e-18,1.0137970268697863e-14,5.28397827532585e-11,5.2839775288056454e-11,5.283978277240232e-11,6.3079223542409094e-18,5.283978272644545e-11,5.283978277075406e-11,5.2839782754464346e-11
2.196964882950952e-06,8.836008157654055e-11,8.836008163256322e-11,8.836008163477942e-11,8.836008158004108e-11,8.836008160395956e-11,8.836008158673718e-11,1.7594337949729154e-07,1.759433794972917e-07,8.536382007632184e-18,2.092871859037615e-14,2.0928718497918173e-14,8.526629972679967e-18,8.836008162589229e-11,8.503539524788004e-18,-3.326679360642236e-06,1.7594324668397905e-07,8.836008163477942e-11,1.7594324668397905e-07,8.836008160834274e-11,8.836008158673718e-11,2.0928718459490998e-14,2.092871849203383e-14,1.759433794972916e-07,8.836008159716443e-11,8.488466455123348e-18,1.7594324668397897e-07,8.836008157358094e-11,8.836008160543856e-11,2.0928718417552467e-14,8.812126888786561e-18,1.7594324668397884e-07,8.541675728174976e-18,8.836008162900804e-11,8.503539524788004e-18,1.7594319569943306e-07,2.092871839988563e-14,8.571900227635023e-18,2.092871845145093e-14,1.7594319569943314e-07,8.506037120688987e-18,8.786255524725858e-18,1.759433794972917e-07,8.521197408093267e-18,1.759433794972916e-07,8.521027561992982e-18,2.8468186540724943e-14,8.836008160469654e-11,1.7594337949729167e-07,2.8468186546728736e-14,1.7594324668397884e-07,2.0928718404427967e-14,1.7594324668397868e-07,1.7594319569943293e-07,1.7594337949729156e-07,2.092871849621568e-14,8.475452498449888e-18,8.83600816362058e-11,8.83600690946126e-11,8.836008159023546e-11,2.0928718452159842e-14,8.836008158042913e-11,8.836008163477942e-11,8.836008156002334e-11
1.0000269599577596,1.0000343856423388,1.000034385642345,1.0000343856423433,1.0000343856423444,1.0000343856423435,1.0000343856423435,1.0000342761678203,1.0000342761678216,5.283973683744443e-11,1.2947636514720677e-07,1.2947636567039777e-07,5.283973652399075e-11,1.000034385642345,5.283973696632313e-11,1.7594324668397905e-07,1.0000302100531244,1.0000343856423446,1.0000335367325122,1.0000343856423441,1.0000343856423433,1.294763648296591e-07,1.2947636497770473e-07,1.0000342761678207,1.0000343856423448,5.283973664428078e-11,1.0000335367325122,1.0000343856423435,1.0000343856423446,1.294763651133016e-07,5.4504119208621954e-11,1.0000335367325106,5.283973710204984e-11,1.0000343856423444,5.2839736598358975e-11,1.0000332528358362,1.2947636503824718e-07,5.283973677728657e-11,1.2947636474093245e-07,1.000033252835837,5.2839736978439303e-11,5.450411991236947e-11,1.0000342761678216,5.283973651199247e-11,1.0000342761678207,5.28397371942629e-11,1.7594324700744327e-07,1.0000343856423435,1.0000342761678203,1.7594324713195415e-07,1.000033536732512,1.2947636540657009e-07,1.0000335367325093,1.0000332528358373,1.0000342761678194,1.2947636570209885e-07,5.2839736437475384e-11,1.0000343856423435,1.0000342474838897,1.000034385642345,1.2947636578964108e-07,1.0000343856423433,1.0000343856423446,1.0000343856423448
1.000027808860356,1.0000352345528878,1.0000352345528927,1.000035234552893,1.000035234552893,1.0000352345528916,1.0000352345528922,1.0000351250782773,1.0000351250782773,5.2839782640898045e-11,6.502404842704975e-11,6.502404866629373e-11,5.28397823467082e-11,1.000035234552893,5.283978271294929e-11,8.836008163477942e-11,1.0000343856423446,1.0000319078734992,1.0000343856423446,1.000035234552892,1.0000352345528918,6.502404823062484e-11,6.502404824670283e-11,1.0000351250782766,1.0000352345528933,5.2839782445061606e-11,1.0000343856423446,1.000035234552892,1.000035234552892,6.502404835797957e-11,5.450416646104212e-11,1.0000343856423435,5.283978289742125e-11,1.0000352345528931,5.2839782361214204e-11,1.000034101745429,6.502404833929096e-11,5.2839782608857016e-11,6.502404817096496e-11,1.0000341017454286,5.283978277894214e-11,5.450416719841043e-11,1.0000351250782773,5.283978231103742e-11,1.0000351250782764,5.2839783016343796e-11,8.83600817445972e-11,1.000035234552892,1.000035125078277,8.836008183084968e-11,1.0000343856423435,6.502404853440932e-11,1.0000343856423433,1.0000341017454277,1.0000351250782773,6.502404863788685e-11,5.283978221878046e-11,1.000035234552892,1.0000350963943232,1.0000352345528931,6.502404874089479e-11,1.0000352345528922,1.0000352345528927,1.0000352345528913
1.0000269599577596,1.0000343856423388,1.000034385642345,1.0000343856423444,1.0000343856423444,1.0000343856423435,1.0000343856423433,1.0000342761678203,1.0000342761678216,5.283973684388489e-11,1.294763651472068e-07,1.2947636567039774e-07,5.2839736524602195e-11,1.0000343856423448,5.2839736954814023e-11,1.7594324668397905e-07,1.0000335367325122,1.0000343856423446,1.0000302100531244,1.0000343856423444,1.0000343856423428,1.2947636482965917e-07,1.2947636497770468e-07,1.0000342761678207,1.0000343856423448,5.283973662990993e-11,1.0000335367325122,1.0000343856423435,1.0000343856423446,1.2947636511330163e-07,5.450411916544543e-11,1.0000335367325104,5.283973704694263e-11,1.0000343856423444,5.283973657253297e-11,1.0000332528358362,1.294763650382472e-07,5.283973680289283e-11,1.2947636474093245e-07,1.000033252835837,5.2839736967333615e-11,5.4504119919002196e-11,1.0000342761678216,5.2839736511481404e-11,1.0000342761678207,5.283973719516231e-11,1.7594324700744327e-07,1.0000343856423435,1.0000342761678203,1.7594324713195407e-07,1.0000335367325117,1.294763654065701e-07,1.0000335367325093,1.0000332528358373,1.0000342761678194,1.2947636570209887e-07,5.2839736449741335e-11,1.0000343856423435,1.0000342474838897,1.000034385642345,1.2947636578964113e-07,1.0000343856423433,1.0000343856423446,1.0000343856423446
1.000027808860354,1.0000352345528876,1.0000352345528938,1.0000352345528918,1.000035234552892,1.0000352345528916,1.0000352345528911,1.000035125078277,1.0000351250782773,5.283978258027114e-11,6.502404839054673e-11,6.502404866629373e-11,5.28397823629742e-11,1.0000352345528927,5.283978267185492e-11,8.836008160834274e-11,1.0000343856423441,1.000035234552892,1.0000343856423444,1.0000319078735,1.0000352345528913,6.502404824946567e-11,6.502404826899082e-11,1.0000351250782766,1.0000352345528933,5.283978248273473e-11,1.0000343856423435,1.0000352345528916,1.000035234552892,6.502404841835952e-11,5.4504166452770446e-11,1.0000343856423437,5.283978287224084e-11,1.000035234552893,5.283978238913152e-11,1.0000341017454277,6.502404837266369e-11,5.283978260885695e-11,6.502404811969931e-11,1.0000341017454288,5.2839782773895627e-11,5.450416716943294e-11,1.0000351250782773,5.283978230130089e-11,1.0000351250782766,5.2839782967915285e-11,8.836008172726711e-11,1.0000352345528918,1.0000351250782766,8.836008183084968e-11,1.000034385642344,6.502404849580987e-11,1.0000343856423426,1.000034101745428,1.0000351250782757,6.502404865330038e-11,5.2839782209493034e-11,1.000035234552892,1.0000350963943228,1.000035234552893,6.502404869665473e-11,1.0000352345528911,1.0000352345528924,1.0000352345528927
1.0000278088603536,1.0000352345528882,1.0000352345528924,1.0000352345528911,1.0000352345528918,1.0000352345528911,1.0000352345528911,1.0000351250782764,1.0000351250782764,5.283978262104885e-11,6.502404835494117e-11,6.502404863843105e-11,5.28397823517142e-11,1.0000352345528916,5.2839782756631017e-11,8.836008158673718e-11,1.0000343856423433,1.0000352345528918,1.0000343856423428,1.0000352345528913,1.000031907873501,6.502404821553885e-11,6.502404824569913e-11,1.0000351250782764,1.0000352345528918,5.283978245221325e-11,1.0000343856423446,1.0000352345528907,1.0000352345528918,6.502404831924756e-11,5.45041664509674e-11,1.0000343856423433,5.2839782883766984e-11,1.0000352345528924,5.28397824119808e-11,1.0000341017454277,6.502404837597358e-11,5.2839782555172975e-11,6.502404817096496e-11,1.0000341017454286,5.283978275757453e-11,5.450416719841043e-11,1.0000351250782764,5.283978231468655e-11,1.0000351250782764,5.283978301242426e-11,8.836008171904994e-11,1.0000352345528907,1.0000351250782762,8.836008183084968e-11,1.0000343856423435,6.502404853440932e-11,1.0000343856423421,1.0000341017454273,1.0000351250782757,6.50240486704368e-11,5.283978219813441e-11,1.0000352345528911,1.0000350963943216,1.0000352345528918,6.502404868136503e-11,1.0000352345528907,1.0000352345528916,1.0000352345528924
2.1504984129617396e-06,6.502404824946567e-11,6.502404818057626e-11,6.502404821945247e-11,6.502404822772424e-11,6.502404823062484e-11,6.502404820350375e-11,6.502404096790892e-11,6.502404096419702e-11,6.3262201940518145e-18,1.5385800549259397e-14,1.5385800480017696e-14,6.285703454222749e-18,6.502404822772424e-11,6.313710230799637e-18,2.0928718459490998e-14,1.294763648296591e-07,6.502404823062484e-11,1.2947636482965917e-07,6.502404824946567e-11,6.502404821553885e-11,-3.32667937235115e-06,1.5385800476522136e-14,6.502404091215527e-11,6.50240482108858e-11,6.249924070059978e-18,1.29476364829659e-07,6.502404823536655e-11,6.502404823524375e-11,1.538580042107307e-14,6.458229007555295e-18,1.2947636482965902e-07,6.336988782279303e-18,6.502404822772424e-11,6.309986849959158e-18,1.2947632730161764e-07,1.5385800408079425e-14,6.286603897713525e-18,1.5385800446610834e-14,1.2947632730161777e-07,6.29621098805691e-18,6.500827319026069e-18,6.50240409776985e-11,6.3262201940518145e-18,6.502404096790892e-11,6.3262201940518145e-18,2.0928718432899822e-14,6.502404823017527e-11,6.502404096790892e-11,2.0928718437213632e-14,1.294763648296589e-07,1.5385800411046596e-14,1.294763648296589e-07,1.294763273016175e-07,6.50240409776985e-11,1.538580047873546e-14,6.339172621101862e-18,6.502404820042304e-11,6.502403904187546e-11,6.502404820833126e-11,1.5385800446026717e-14,6.502404821124252e-11,6.502404824946567e-11,6.502404824858522e-11
2.150498412961638e-06,6.502404825964354e-11,6.502404830308144e-11,6.502404826477512e-11,6.502404826477512e-11,6.502404832966217e-11,6.502404830686295e-11,6.502404103494596e-11,6.502404105619993e-11,6.339172621101862e-18,1.5385800573185892e-14,1.5385800503944226e-14,6.3262201940518145e-18,6.502404830409784e-11,6.3262201940518145e-18,2.092871849203383e-14,1.2947636497770473e-07,6.502404824670283e-11,1.2947636497770468e-07,6.502404826899082e-11,6.502404824569913e-11,1.5385800476522136e-14,-3.32667937235115e-06,6.502404105539021e-11,6.502404828957543e-11,6.339172621101862e-18,1.2947636497770468e-07,6.502404826926338e-11,6.502404829430145e-11,1.5385800444999573e-14,6.474549891447843e-18,1.2947636497770452e-07,6.334459667897354e-18,6.502404830308144e-11,6.3262201940518145e-18,1.2947632744966323e-07,1.538580043200598e-14,6.330268397338047e-18,1.5385800470537383e-14,1.2947632744966336e-07,6.3262201940518145e-18,6.500827319026069e-18,6.502404098447922e-11,6.3079223542409094e-18,6.502404105619993e-11,6.3079223542409094e-18,2.0928718465442663e-14,6.502404824670283e-11,6.502404105619993e-11,2.0928718469756426e-14,1.294763649777045e-07,1.5385800434973142e-14,1.2947636497770444e-07,1.2947632744966312e-07,6.502404097034018e-11,1.5385800502661954e-14,6.330268397338047e-18,6.502404831805974e-11,6.502403915424841e-11,6.502404828277713e-11,1.538580046995324e-14,6.502404826926338e-11,6.502404828575816e-11,6.502404830409784e-11
1.000027699386764,1.0000351250782722,1.000035125078276,1.0000351250782773,1.000035125078276,1.000035125078277,1.0000351250782773,1.0000350156036726,1.0000350156036726,5.2839776749524957e-11,6.502404111846947e-11,6.502404138338685e-11,5.2839776447045964e-11,1.0000351250782762,5.283977689633039e-11,1.759433794972916e-07,1.0000342761678207,1.0000351250782766,1.0000342761678207,1.0000351250782766,1.0000351250782764,6.502404091215527e-11,6.502404105539021e-11,1.0000316889242868,1.000035125078276,5.283977654851465e-11,1.0000342761678207,1.0000351250782773,1.0000351250782764,6.502404108623581e-11,5.450416038134688e-11,1.0000342761678198,5.2839777013466315e-11,1.0000351250782762,5.283977652784662e-11,1.0000339922709363,6.502404101067542e-11,5.2839776738473656e-11,6.502404094900181e-11,1.0000339922709367,5.283977695360149e-11,5.450416107876196e-11,1.0000350156036726,5.2839776433949446e-11,1.0000350156036728,5.283977714033047e-11,1.7594337982075648e-07,1.0000351250782773,1.000035015603672,1.759433799452671e-07,1.00003427616782,6.502404123994364e-11,1.0000342761678194,1.0000339922709367,1.0000350156036726,6.502404128256531e-11,5.2839776354030286e-11,1.0000351250782773,1.0000349869197218,1.0000351250782764,6.502404146221649e-11,1.0000351250782773,1.0000351250782773,1.0000351250782782
1.0000278088603536,1.0000352345528882,1.000035234552893,1.000035234552892,1.000035234552892,1.0000352345528918,1.0000352345528922,1.0000351250782764,1.000035125078277,5.283978264577227e-11,6.502404834607474e-11,6.502404861609382e-11,5.283978238528307e-11,1.000035234552893,5.2839782769000456e-11,8.836008159716443e-11,1.0000343856423448,1.0000352345528933,1.0000343856423448,1.0000352345528933,1.0000352345528918,6.50240482108858e-11,6.502404828957543e-11,1.000035125078276,1.0000319078735038,5.2839782422302695e-11,1.0000343856423446,1.0000352345528918,1.0000352345528927,6.5024048356698e-11,5.4504166428862865e-11,1.0000343856423428,5.2839782897909006e-11,1.0000352345528927,5.283978240833143e-11,1.0000341017454286,6.502404833404995e-11,5.283978259441278e-11,6.502404817364171e-11,1.0000341017454295,5.2839782782377285e-11,5.450416716403565e-11,1.000035125078277,5.2839782314686555e-11,1.000035125078276,5.2839783016343796e-11,8.836008172795944e-11,1.0000352345528922,1.0000351250782757,8.836008182308155e-11,1.0000343856423433,6.502404852702586e-11,1.0000343856423426,1.0000341017454284,1.0000351250782775,6.502404863477126e-11,5.283978223912797e-11,1.0000352345528927,1.0000350963943228,1.0000352345528924,6.502404869689943e-11,1.000035234552892,1.0000352345528936,1.000035234552893
2.126237227628188e-06,5.283978241710823e-11,5.283978246525998e-11,5.2839782461190756e-11,5.283978246525998e-11,5.283978246910983e-11,5.283978242698076e-11,5.2839776525755346e-11,5.283977655466531e-11,1.0137970242554487e-14,6.334085624327082e-18,6.323356774225784e-18,1.0137970265194928e-14,5.2839782460499614e-11,1.0137970347700168e-14,8.488466455123348e-18,5.283973664428078e-11,5.2839782445061606e-11,5.283973662990993e-11,5.283978248273473e-11,5.283978245221325e-11,6.249924070059978e-18,6.339172621101862e-18,5.283977654851465e-11,5.2839782422302695e-11,-3.3266793780480007e-06,5.283973662019073e-11,5.283978239065414e-11,5.283978242698076e-11,6.302484767116021e-18,1.0458202673766138e-14,5.2839736659932937e-11,1.0137970261630748e-14,5.283978246157896e-11,1.0137970278569938e-14,1.0521493437605303e-07,6.249924070059978e-18,1.0137970280854708e-14,6.324353420379836e-18,1.052149343760531e-07,1.0137970268753785e-14,1.0458202819301677e-14,5.283977654017189e-11,1.0137970284986216e-14,5.283977659709372e-11,1.0137970367416212e-14,8.565806622610075e-18,5.283978245066566e-11,5.2839776554019294e-11,8.475712287367142e-18,5.2839736644764725e-11,6.3079223542409094e-18,5.2839736658405276e-11,1.0521493437605299e-07,5.28397765457631e-11,6.3262201940518145e-18,1.0137970260386156e-14,5.2839782448120055e-11,5.2839775015417575e-11,5.28397824660077e-11,6.341929592524857e-18,5.283978238780182e-11,5.2839782461190756e-11,5.283978246747909e-11
1.000026959957761,1.0000343856423408,1.000034385642345,1.0000343856423437,1.0000343856423437,1.000034385642345,1.0000343856423441,1.0000342761678203,1.00003427616782,5.2839736837914526e-11,1.2947636514720677e-07,1.2947636567039777e-07,5.283973652399075e-11,1.0000343856423441,5.2839736995265605e-11,1.7594324668397897e-07,1.0000335367325122,1.0000343856423446,1.0000335367325122,1.0000343856423435,1.0000343856423446,1.29476364829659e-07,1.2947636497770468e-07,1.0000342761678207,1.0000343856423446,5.283973662019073e-11,1.000030210053124,1.0000343856423435,1.0000343856423444,1.294763651133016e-07,5.45041191470838e-11,1.0000335367325113,5.283973708438195e-11,1.0000343856423461,5.2839736590607757e-11,1.0000332528358382,1.2947636503824728e-07,5.2839736792740384e-11,1.2947636474093237e-07,1.0000332528358375,5.2839736983773054e-11,5.45041199055227e-11,1.00003427616782,5.283973651172186e-11,1.0000342761678207,5.283973721109984e-11,1.7594324700744346e-07,1.0000343856423441,1.0000342761678196,1.7594324713195415e-07,1.0000335367325113,1.2947636540657009e-07,1.0000335367325106,1.0000332528358369,1.0000342761678211,1.2947636570209887e-07,5.283973646387411e-11,1.0000343856423437,1.0000342474838906,1.000034385642344,1.2947636578964105e-07,1.0000343856423441,1.0000343856423441,1.0000343856423455
1.0000278088603534,1.0000352345528873,1.0000352345528927,1.0000352345528916,1.0000352345528918,1.0000352345528916,1.0000352345528918,1.000035125078276,1.0000351250782757,5.283978262104885e-11,6.502404839054673e-11,6.502404863548043e-11,5.283978238981041e-11,1.000035234552891,5.283978275122355e-11,8.836008157358094e-11,1.0000343856423435,1.000035234552892,1.0000343856423435,1.0000352345528916,1.0000352345528907,6.502404823536655e-11,6.502404826926338e-11,1.0000351250782773,1.0000352345528918,5.283978239065414e-11,1.0000343856423435,1.0000319078735003,1.000035234552892,6.502404835767459e-11,5.45041664120849e-11,1.000034385642343,5.2839782859937655e-11,1.000035234552892,5.283978237642521e-11,1.000034101745428,6.502404836728575e-11,5.2839782555172975e-11,6.502404815689843e-11,1.0000341017454286,5.2839782783372745e-11,5.450416716403565e-11,1.0000351250782757,5.2839782314686555e-11,1.0000351250782773,5.283978297332302e-11,8.836008171653777e-11,1.0000352345528913,1.0000351250782755,8.836008183201705e-11,1.0000343856423444,6.502404856175252e-11,1.0000343856423421,1.0000341017454266,1.0000351250782764,6.502404865330038e-11,5.2839782226204325e-11,1.0000352345528918,1.0000350963943219,1.0000352345528916,6.502404869985103e-11,1.0000352345528916,1.0000352345528918,1.000035234552893
1.0000278088603527,1.0000352345528862,1.000035234552893,1.0000352345528924,1.000035234552893,1.00003523455289,1.0000352345528918,1.0000351250782773,1.0000351250782757,5.283978264358792e-11,6.502404841610818e-11,6.502404865158703e-11,5.2839782402605986e-11,1.0000352345528927,5.28397827162691e-11,8.836008160543856e-11,1.0000343856423446,1.000035234552892,1.0000343856423446,1.000035234552892,1.0000352345528918,6.502404823524375e-11,6.502404829430145e-11,1.0000351250782764,1.0000352345528927,5.283978242698076e-11,1.0000343856423444,1.000035234552892,1.0000319078734987,6.502404835310949e-11,5.450416646104212e-11,1.000034385642344,5.283978281572884e-11,1.0000352345528927,5.283978240266515e-11,1.000034101745429,6.502404831305994e-11,5.283978257990069e-11,6.502404823750314e-11,1.0000341017454282,5.283978278183414e-11,5.450416719841043e-11,1.000035125078277,5.283978230130089e-11,1.0000351250782764,5.2839782965808385e-11,8.836008172321847e-11,1.000035234552892,1.0000351250782757,8.836008181447827e-11,1.0000343856423444,6.50240484867715e-11,1.000034385642342,1.0000341017454286,1.0000351250782762,6.502404865231076e-11,5.2839782255779256e-11,1.000035234552892,1.000035096394322,1.000035234552892,6.50240487050324e-11,1.0000352345528918,1.000035234552893,1.000035234552892
