0.999999977397112,-6.157384911729795e-06,0.9999640230339216,-6.157384908278865e-06,-6.1573849075886025e-06,0.9999640230339201,-6.181661835590395e-06,-6.157384908278867e-06,-6.219642371164761e-06,-6.157384907562312e-06,-6.181663841722549e-06,-6.15738490756221e-06,-6.157384907562315e-06,0.999964023033919,0.9999640230339206,-6.157384908252241e-06,-6.157384908254495e-06,0.9999640230339204,-6.157384908252242e-06,0.9999640230339204,0.9999640230339172,0.9999640230339224,-6.157384908278867e-06,0.9999640230339193,-6.157384908262584e-06,0.9999640354924787,0.9999640230339204,-6.203246799856374e-06,0.999964045140756,-6.15738490825258e-06,0.9999640230339203,0.999964023033919,0.9999640230339193,-6.1630357785855845e-06,-6.181663841727941e-06,-6.157384908278868e-06,0.999964023033917,-6.15738490825258e-06,0.9999640230339184,0.9999640451407544,0.9999640230339212,-6.15738490825258e-06,0.9999640480221218,0.9999640230339215,0.9999640451407561,-6.181661832901682e-06,0.9999640230339212,-6.1816618330049056e-06,0.9999640230339212,0.9999640549761344,0.9999640230339193,-6.157384907562312e-06,0.9999640230339204,0.9999640230339203,-6.157384908253926e-06,-6.181661833008199e-06,0.9999634982065433,-6.157384907562312e-06,-6.157384907563663e-06,0.9999640230339234,0.9999640230339201,0.9999640230339193,0.9999640230339173,-6.18166183289983e-06,-6.157384907569056e-06,0.999964023033917,0.9999640230339182,0.9999640230339196,0.9999640480221155,-6.181663841722549e-06,-6.157384908253928e-06,-6.157384908278868e-06,-6.157384908278865e-06,-6.1573849075886025e-06,0.999964023033919,0.9999640230339185,-6.157384907562315e-06,-6.181661833519601e-06,0.9999640546759788,0.9999640230339193,0.9999640230339174,0.9999640354924784,-6.203246799856314e-06,-6.157384907562312e-06,0.9999640372349704,-6.157384907563557e-06,0.9999640372349718,0.9999640230339192,0.999964023033919,-6.157384908252577e-06
-6.157384911729795e-06,-4.857791310326349e-07,-1.2436339304566917e-10,6.146899957127729e-14,6.146899953279908e-14,-1.243633929775316e-10,6.748708781066444e-14,6.14689996634877e-14,7.690226644408801e-14,6.146899954050165e-14,6.748758597922165e-14,6.146899953943836e-14,6.146899949940018e-14,-1.2436339301994928e-10,-1.2436339302496073e-10,6.146899969985292e-14,6.146899958683594e-14,-1.2436339303016121e-10,6.146899959419046e-14,-1.2436339297041533e-10,-1.2436339303106987e-10,-1.243633930454148e-10,6.146899965364791e-14,-1.2436339296593105e-10,6.146899967762743e-14,-1.2436339454027095e-10,-1.2436339297041533e-10,7.283787701100961e-14,-1.243633957709057e-10,6.146899963230625e-14,-1.2436339302161155e-10,-1.243633930223147e-10,-1.2436339302784237e-10,6.28698130417935e-14,6.748758596258227e-14,6.146899970458726e-14,-1.243633929775316e-10,6.146899969381864e-14,-1.2436339299603187e-10,-1.2436339579520476e-10,-1.243633930078258e-10,6.146899959982851e-14,-1.2436339610256548e-10,-1.2436339297041533e-10,-1.243633957933393e-10,6.748708748320252e-14,-1.2436339299603187e-10,6.74870875074059e-14,-1.2436339297041533e-10,-1.243633969599312e-10,-1.243633930199571e-10,6.146899949392681e-14,-1.24363393019385e-10,-1.24363393016321e-10,6.146899969555966e-14,6.748708749467645e-14,-2.4798128372076005e-07,6.14689995027911e-14,6.146899951012184e-14,-1.243633930189543e-10,-1.2436339303016121e-10,-1.2436339297041533e-10,-1.2436339305468983e-10,6.748708748118925e-14,6.146899956639938e-14,-1.2436339297041533e-10,-1.2436339297041533e-10,-1.243633930189543e-10,-1.243633961131204e-10,6.748758595016249e-14,6.146899971102513e-14,6.146899955195785e-14,6.146899964886721e-14,6.14689994621015e-14,-1.2436339304547165e-10,-1.243633930186229e-10,6.146899956451483e-14,6.748708747523335e-14,-1.2436339691025846e-10,-1.2436339297834641e-10,-1.24363393022474e-10,-1.24363394567893e-10,7.283787701288303e-14,6.146899954589123e-14,-1.2436339480308275e-10,6.146899954400081e-14,-1.243633948042601e-10,-1.243633929998995e-10,-1.243633930217146e-10,6.146899981526669e-14
0.9999640230339216,-1.2436339304566917e-10,0.9999589507503598,-1.24363392765573e-10,-1.2436339250630354e-10,0.9999594365291898,-1.3653821311633028e-10,-1.2436339293692444e-10,-1.5558536132483102e-10,-1.2436339244873793e-10,-1.365392180342745e-10,-1.2436339242868185e-10,-1.2436339233792863e-10,0.9999594365291875,0.9999594365291894,-1.2436339293613965e-10,-1.2436339263563928e-10,0.999959436529189,-1.243633926632703e-10,0.9999594365291886,0.9999594365291881,0.9999594365291884,-1.2436339297184508e-10,0.999959436529188,-1.2436339282314277e-10,0.9999594489876167,0.9999594365291897,-1.473630203519186e-10,0.9999594586357944,-1.24363392722235e-10,0.9999594365291884,0.9999594365291892,0.9999594365291878,-1.2719728994787212e-10,-1.3653921805009287e-10,-1.2436339306098646e-10,0.9999594365291873,-1.2436339280718483e-10,0.9999594365291871,0.9999594586357933,0.9999594365291873,-1.243633926156137e-10,0.9999594615171258,0.9999594365291875,0.9999594586357939,-1.365382122042024e-10,0.9999594365291871,-1.365382123375068e-10,0.9999594365291868,0.9999594684710728,0.9999594365291864,-1.2436339235963005e-10,0.9999594365291884,0.9999594365291892,-1.2436339289272342e-10,-1.3653821237906322e-10,0.9999589117072535,-1.2436339235449096e-10,-1.2436339237810066e-10,0.9999594365291884,0.9999594365291898,0.9999594365291876,0.9999594365291868,-1.3653821218017312e-10,-1.2436339259340525e-10,0.9999594365291871,0.9999594365291871,0.9999594365291868,0.9999594615171247,-1.365392178999574e-10,-1.2436339289838297e-10,-1.2436339272275166e-10,-1.243633929163885e-10,-1.2436339236437271e-10,0.999959436529188,0.999959436529189,-1.2436339257894406e-10,-1.365382121989279e-10,0.9999594681709172,0.9999594365291868,0.9999594365291876,0.9999594489876161,-1.4736302038085524e-10,-1.243633924830335e-10,0.9999594507300947,-1.24363392558119e-10,0.9999594507300948,0.9999594365291881,0.9999594365291892,-1.2436339310992577e-10
-6.157384908278865e-06,6.146899957127729e-14,-1.24363392765573e-10,-4.857791310326349e-07,6.146899897571577e-14,-1.2436339278045974e-10,6.748708719908075e-14,6.146899910640445e-14,7.690226574733471e-14,6.146899898341836e-14,6.748758536763802e-14,6.146899898235511e-14,6.146899894231692e-14,-1.2436339279203709e-10,-1.243633927937581e-10,6.146899914276959e-14,6.146899902975268e-14,-1.243633927937581e-10,6.146899903710715e-14,-1.243633927856435e-10,-1.243633927856435e-10,-1.2436339279063804e-10,6.146899909656465e-14,-1.2436339278954875e-10,6.146899912054412e-14,-1.2436339436745398e-10,-1.2436339273432805e-10,7.283787635102428e-14,-1.2436339555061683e-10,6.146899907522294e-14,-1.2436339278954875e-10,-1.2436339278954875e-10,-1.2436339279203709e-10,6.286981247200057e-14,6.748758535099865e-14,6.146899914750391e-14,-1.2436339280045207e-10,6.146899913673528e-14,-1.2436339274089083e-10,-1.2436339555469276e-10,-1.2436339280045207e-10,6.146899904274523e-14,-1.2436339589682725e-10,-1.243633927409231e-10,-1.243633955645141e-10,6.748708687161891e-14,-1.2436339279203709e-10,6.748708689582218e-14,-1.2436339274089083e-10,-1.2436339673083156e-10,-1.243633927409231e-10,6.146899893684353e-14,-1.243633927856435e-10,-1.243633927856435e-10,6.146899913847636e-14,6.74870868830928e-14,-2.4798128328795157e-07,6.146899894570784e-14,6.146899895303852e-14,-1.2436339276944926e-10,-1.243633927409231e-10,-1.2436339279203709e-10,-1.2436339273432805e-10,6.74870868696055e-14,6.146899900931612e-14,-1.2436339278954875e-10,-1.2436339278954875e-10,-1.2436339279203709e-10,-1.243633958876532e-10,6.748758533857883e-14,6.146899915394179e-14,6.146899899487455e-14,6.146899909178388e-14,6.14689989050182e-14,-1.2436339276441933e-10,-1.2436339280045207e-10,6.146899900743157e-14,6.748708686364967e-14,-1.243633967053084e-10,-1.2436339278954875e-10,-1.2436339278508554e-10,-1.2436339435406696e-10,7.283787635289762e-14,6.146899898880793e-14,-1.2436339455185203e-10,6.146899898691752e-14,-1.2436339456096805e-10,-1.2436339278508554e-10,-1.243633927937581e-10,6.146899925818338e-14
-6.1573849075886025e-06,6.146899953279908e-14,-1.2436339250630354e-10,6.146899897571577e-14,-4.857791310326349e-07,-1.243633925135711e-10,6.74870871567258e-14,6.146899906792622e-14,7.690226569885601e-14,6.146899894494021e-14,6.74875853252815e-14,6.14689989438769e-14,6.146899890383869e-14,-1.2436339250625947e-10,-1.2436339251281477e-10,6.146899910429137e-14,6.146899899127448e-14,-1.2436339248340152e-10,6.146899899862895e-14,-1.2436339253171063e-10,-1.2436339250625947e-10,-1.243633924952289e-10,6.14689990580864e-14,-1.2436339253956055e-10,6.146899908206594e-14,-1.2436339406573323e-10,-1.2436339250232757e-10,7.283787630519404e-14,-1.2436339528044987e-10,6.146899903674466e-14,-1.243633925031469e-10,-1.243633924942796e-10,-1.243633925029766e-10,6.286981243262711e-14,6.748758530864209e-14,6.146899910902568e-14,-1.2436339251559198e-10,6.146899909825707e-14,-1.2436339248338053e-10,-1.2436339527760453e-10,-1.2436339253956055e-10,6.146899900426704e-14,-1.243633955609713e-10,-1.2436339251493998e-10,-1.243633952877792e-10,6.748708682926396e-14,-1.2436339249562482e-10,6.748708685346722e-14,-1.2436339252288934e-10,-1.2436339646652704e-10,-1.2436339251559198e-10,6.146899889836529e-14,-1.2436339253956055e-10,-1.2436339251493998e-10,6.146899909999812e-14,6.748708684073779e-14,-2.479812827257372e-07,6.146899890722958e-14,6.146899891456033e-14,-1.2436339250232757e-10,-1.2436339250232757e-10,-1.2436339249754223e-10,-1.2436339251493998e-10,6.748708682725058e-14,6.146899897083783e-14,-1.2436339252288934e-10,-1.2436339250232757e-10,-1.2436339252422457e-10,-1.2436339556089535e-10,6.748758529622234e-14,6.146899911546359e-14,6.146899895639631e-14,6.146899905330568e-14,6.146899886654e-14,-1.2436339250630354e-10,-1.2436339248719223e-10,6.146899896895331e-14,6.748708682129476e-14,-1.243633964520602e-10,-1.2436339251281477e-10,-1.2436339253956055e-10,-1.243633940766228e-10,7.28378763070675e-14,6.146899895032974e-14,-1.2436339427449273e-10,6.146899894843933e-14,-1.243633942744321e-10,-1.2436339250232757e-10,-1.2436339252288934e-10,6.146899921970513e-14
0.9999640230339201,-1.243633929775316e-10,0.9999594365291898,-1.2436339278045974e-10,-1.243633925135711e-10,0.9999589507503591,-1.3653821308726168e-10,-1.2436339297407627e-10,-1.5558536135105675e-10,-1.2436339243326006e-10,-1.3653921799497395e-10,-1.2436339240968432e-10,-1.243633923344852e-10,0.9999594365291878,0.9999594365291897,-1.24363392950074e-10,-1.2436339264323e-10,0.9999594365291894,-1.2436339264738054e-10,0.9999594365291884,0.9999594365291876,0.9999594365291897,-1.2436339297875137e-10,0.9999594365291878,-1.2436339285731128e-10,0.9999594489876165,0.9999594365291894,-1.473630203481155e-10,0.9999594586357944,-1.2436339270484235e-10,0.9999594365291886,0.9999594365291905,0.9999594365291886,-1.2719728999751562e-10,-1.3653921803270013e-10,-1.2436339306427518e-10,0.9999594365291873,-1.2436339282965617e-10,0.9999594365291884,0.9999594586357933,0.9999594365291894,-1.2436339263732414e-10,0.9999594615171261,0.9999594365291876,0.9999594586357947,-1.365382121703632e-10,0.9999594365291878,-1.3653821236397103e-10,0.9999594365291884,0.9999594684710728,0.9999594365291871,-1.2436339236984263e-10,0.999959436529189,0.999959436529189,-1.2436339286134203e-10,-1.365382123947272e-10,0.9999589117072538,-1.2436339234692143e-10,-1.2436339238943618e-10,0.9999594365291898,0.9999594365291906,0.9999594365291873,0.999959436529188,-1.365382121741316e-10,-1.243633925792826e-10,0.9999594365291884,0.9999594365291884,0.9999594365291868,0.999959461517126,-1.365392178999574e-10,-1.243633929377492e-10,-1.2436339271675494e-10,-1.2436339288320924e-10,-1.2436339240675763e-10,0.9999594365291884,0.9999594365291886,-1.2436339260619752e-10,-1.3653821219730962e-10,0.9999594681709174,0.999959436529188,0.999959436529188,0.999959448987617,-1.4736302039415614e-10,-1.2436339247684607e-10,0.9999594507300953,-1.243633925617288e-10,0.9999594507300947,0.9999594365291878,0.9999594365291902,-1.243633930989562e-10
-6.181661835590395e-06,6.748708781066444e-14,-1.3653821311633028e-10,6.748708719908075e-14,6.74870871567258e-14,-1.3653821308726168e-10,-4.857791159578187e-07,6.748708730032388e-14,8.443133346017448e-14,6.748708716516902e-14,7.40949178681138e-14,6.748708716398973e-14,6.748708712001645e-14,-1.365382130148762e-10,-1.3653821307739494e-10,6.748708734026027e-14,6.74870872161045e-14,-1.3653821305989209e-10,6.748708722416208e-14,-1.3653821312534777e-10,-1.3653821305973528e-10,-1.365382130803774e-10,6.748708728955586e-14,-1.3653821308895771e-10,6.748708731582045e-14,-1.3653821474654546e-10,-1.3653821311870034e-10,7.996902402736454e-14,-1.3653821609442177e-10,6.748708726603213e-14,-1.365382130803774e-10,-1.365382130803774e-10,-1.3653821307803909e-10,6.902504609771297e-14,7.409491784986724e-14,6.74870873454894e-14,-1.3653821307933254e-10,6.748708733358081e-14,-1.3653821311870034e-10,-1.3653821603933193e-10,-1.3653821312534777e-10,6.748708723035728e-14,-2.7225809125704924e-07,-1.3653821305003445e-10,-1.3653821610337928e-10,7.409437057721288e-14,-1.3653821311735513e-10,7.409437060385546e-14,-1.3653821307933254e-10,-2.722580931535441e-07,-1.3653821307624514e-10,6.748708711403884e-14,-1.3653821305973528e-10,-1.3653821311870034e-10,6.748708733553e-14,7.409437058990566e-14,-2.722579413535688e-07,6.748708712375799e-14,6.748708713181425e-14,-1.3653821311870034e-10,-1.3653821307894984e-10,-1.3653821305973528e-10,-1.3653821312534777e-10,7.40943705749915e-14,6.748708719365928e-14,-1.365382130803774e-10,-1.36538213112075e-10,-1.365382130803774e-10,-2.7225809125704897e-07,7.409491783618761e-14,6.748708735251611e-14,6.748708717784387e-14,6.74870872842859e-14,6.748708707909938e-14,-1.3653821305989209e-10,-1.3653821312534777e-10,6.748708719160194e-14,7.40943705684755e-14,-2.7225809307198144e-07,-1.3653821307894984e-10,-1.3653821311633028e-10,-1.3653821474324426e-10,7.996902402942873e-14,6.74870871710941e-14,-1.3653821503093036e-10,6.748708716906103e-14,-1.3653821503277058e-10,-1.3653821311870034e-10,-1.3653821307803909e-10,6.748708746696764e-14
-6.157384908278867e-06,6.14689996634877e-14,-1.2436339293692444e-10,6.146899910640445e-14,6.146899906792622e-14,-1.2436339297407627e-10,6.748708730032388e-14,-4.857791310326349e-07,7.690226586270767e-14,6.146899907562879e-14,6.74875854688817e-14,6.146899907456548e-14,6.146899903452736e-14,-1.2436339294416622e-10,-1.243633929613212e-10,6.146899923498005e-14,6.146899912196304e-14,-1.2436339293731694e-10,6.146899912931758e-14,-1.2436339294798436e-10,-1.2436339291756857e-10,-1.243633929145357e-10,6.146899918877502e-14,-1.2436339292961428e-10,6.14689992127546e-14,-1.2436339447833126e-10,-1.2436339291756857e-10,7.283787646029712e-14,-1.243633957144374e-10,6.146899916743338e-14,-1.2436339294416622e-10,-1.243633929459666e-10,-1.2436339289746035e-10,6.286981256631444e-14,6.748758545224233e-14,6.146899923971433e-14,-1.2436339294798436e-10,6.146899922894575e-14,-1.243633929145357e-10,-1.2436339573185888e-10,-1.2436339288116474e-10,6.146899913495574e-14,-1.2436339607235956e-10,-1.243633929145357e-10,-1.2436339573185888e-10,6.748708697286205e-14,-1.2436339294798436e-10,6.748708699706534e-14,-1.2436339294798436e-10,-1.2436339688796155e-10,-1.2436339294045958e-10,6.146899902905392e-14,-1.2436339291474842e-10,-1.2436339292748869e-10,6.146899923068677e-14,6.748708698433588e-14,-2.4798128358362033e-07,6.146899903791826e-14,6.146899904524895e-14,-1.2436339294798436e-10,-1.2436339288116414e-10,-1.24363392924709e-10,-1.2436339292748869e-10,6.748708697084867e-14,6.146899910152656e-14,-1.2436339288116474e-10,-1.2436339297714098e-10,-1.2436339294990295e-10,-1.2436339610890047e-10,6.748758543982248e-14,6.146899924615224e-14,6.146899908708499e-14,6.146899918399431e-14,6.146899899722865e-14,-1.243633929153053e-10,-1.2436339292748869e-10,6.146899909964195e-14,6.748708696489279e-14,-1.2436339686628384e-10,-1.2436339297714098e-10,-1.2436339292748869e-10,-1.2436339450579102e-10,7.283787646217056e-14,6.146899908101835e-14,-1.243633947339536e-10,6.146899907912797e-14,-1.2436339471148315e-10,-1.2436339292748869e-10,-1.2436339288116474e-10,6.14689993503938e-14
-6.219642371164761e-06,7.690226644408801e-14,-1.5558536132483102e-10,7.690226574733471e-14,7.690226569885601e-14,-1.5558536135105675e-10,8.443133346017448e-14,7.690226586270767e-14,-4.857790906045318e-07,7.690226570844687e-14,8.443195667694666e-14,7.690226570708032e-14,7.69022656569437e-14,-1.5558536135421255e-10,-1.5558536135217812e-10,7.690226590822849e-14,7.690226576661389e-14,-1.5558536133509496e-10,7.690226577576087e-14,-1.5558536131810053e-10,-1.555853613889357e-10,-1.5558536135168166e-10,7.690226585050488e-14,-1.5558536131011405e-10,7.690226588030564e-14,-1.5558536325644087e-10,-1.5558536133643328e-10,9.112556051998364e-14,-3.1023822874468027e-07,7.69022658235145e-14,-1.555853613865028e-10,-1.5558536132993374e-10,-1.5558536139028763e-10,7.865478579558377e-14,8.443195665619954e-14,7.690226591425476e-14,-1.5558536132339335e-10,7.690226590051188e-14,-1.5558536133213926e-10,-3.1023822874467974e-07,-1.555853613865028e-10,7.690226578282969e-14,-3.1023822963664197e-07,-1.5558536135168013e-10,-3.1023822874468e-07,8.443133304984936e-14,-1.555853613865028e-10,8.443133308034242e-14,-1.5558536135105675e-10,-3.102382317976725e-07,-1.5558536132339335e-10,7.690226565019472e-14,-1.5558536134192307e-10,-1.5558536137285288e-10,7.690226590280593e-14,8.443133306449836e-14,-3.102380588233235e-07,7.690226566124317e-14,7.690226567044e-14,-1.5558536135169045e-10,-1.5558536134362846e-10,-1.555853613314253e-10,-1.5558536130873015e-10,8.443133304729456e-14,7.690226574102151e-14,-1.5558536135169045e-10,-1.5558536138601315e-10,-1.5558536131057412e-10,-3.1023822963664165e-07,8.443195664052452e-14,7.690226592217395e-14,7.690226572308457e-14,7.690226584445871e-14,7.690226561039056e-14,-1.5558536136128176e-10,-1.555853613476296e-10,7.690226573869972e-14,8.443133303991642e-14,-3.1023823170473056e-07,-1.5558536137966425e-10,-1.5558536139714071e-10,-1.555853632566778e-10,9.112556052235143e-14,7.690226571521353e-14,-3.102382262895527e-07,7.690226571298096e-14,-3.1023822628955263e-07,-1.5558536139714071e-10,-1.5558536134566358e-10,7.690226605259721e-14
-6.157384907562312e-06,6.146899954050165e-14,-1.2436339244873793e-10,6.146899898341836e-14,6.146899894494021e-14,-1.2436339243326006e-10,6.748708716516902e-14,6.146899907562879e-14,7.690226570844687e-14,-4.857791310326349e-07,6.748758533372437e-14,6.146899895157944e-14,6.146899891154126e-14,-1.2436339248751504e-10,-1.2436339241521664e-10,6.146899911199401e-14,6.146899899897703e-14,-1.2436339245058618e-10,6.14689990063315e-14,-1.2436339245338456e-10,-1.2436339243307906e-10,-1.2436339244244236e-10,6.146899906578897e-14,-1.243633924417865e-10,6.146899908976853e-14,-1.2436339402641873e-10,-1.243633924504631e-10,7.283787631429003e-14,-1.2436339521717847e-10,6.146899904444726e-14,-1.2436339244873793e-10,-1.2436339244244236e-10,-1.2436339244873793e-10,6.286981244050398e-14,6.748758531708501e-14,6.146899911672826e-14,-1.2436339245058618e-10,6.146899910595968e-14,-1.2436339244873793e-10,-1.2436339521499453e-10,-1.2436339243307906e-10,6.146899901196963e-14,-1.2436339559777378e-10,-1.2436339247352494e-10,-1.2436339525071684e-10,6.748708683770715e-14,-1.2436339244873793e-10,6.74870868619105e-14,-1.2436339245338456e-10,-1.243633964316212e-10,-1.2436339246815023e-10,6.14689989060679e-14,-1.2436339245338456e-10,-1.2436339245338456e-10,6.146899910770073e-14,6.748708684918107e-14,-2.47981282637786e-07,6.146899891493212e-14,6.14689989222629e-14,-1.2436339244244236e-10,-1.2436339244245078e-10,-1.2436339241521664e-10,-1.2436339245668276e-10,6.74870868356938e-14,6.146899897854046e-14,-1.24363392433096e-10,-1.2436339245338456e-10,-1.2436339244245078e-10,-1.2436339559777378e-10,6.748758530466515e-14,6.146899912316617e-14,6.146899896409891e-14,6.146899906100828e-14,6.146899887424258e-14,-1.2436339244244236e-10,-1.2436339244873793e-10,6.146899897665594e-14,6.7487086829738e-14,-1.2436339636598492e-10,-1.2436339244873793e-10,-1.243633924417865e-10,-1.2436339396097486e-10,7.283787631616343e-14,6.146899895803232e-14,-1.2436339424455988e-10,6.146899895614192e-14,-1.243633942126388e-10,-1.243633924609587e-10,-1.2436339244034158e-10,6.146899922740776e-14
-6.181663841722549e-06,6.748758597922165e-14,-1.365392180342745e-10,6.748758536763802e-14,6.74875853252815e-14,-1.3653921799497395e-10,7.40949178681138e-14,6.74875854688817e-14,8.443195667694666e-14,6.748758533372437e-14,-4.857791159578187e-07,6.7487585332545e-14,6.748758528857126e-14,-1.365392180282018e-10,-1.3653921803839716e-10,6.748758550881811e-14,6.748758538466091e-14,-1.365392180046804e-10,6.748758539271826e-14,-1.3653921799275928e-10,-1.3653921804131765e-10,-1.3653921800556e-10,6.748758545811402e-14,-1.3653921799497395e-10,6.748758548437772e-14,-2.722600916820324e-07,-1.3653921804186971e-10,7.996961431317214e-14,-1.3653922104141007e-10,6.748758543458883e-14,-1.3653921800804658e-10,-1.3653921805024063e-10,-1.365392180046804e-10,6.902555561673559e-14,7.409546478502713e-14,6.748758551404799e-14,-1.3653921803188776e-10,6.748758550213802e-14,-1.3653921805166904e-10,-1.36539221037337e-10,-1.365392180216097e-10,6.748758539891354e-14,-2.7226009509495187e-07,-1.3653921803397673e-10,-1.3653922104184054e-10,7.409491750837408e-14,-1.3653921804131765e-10,7.40949175350176e-14,-1.3653921803686904e-10,-1.365392223978927e-10,-1.3653921803188776e-10,6.7487585282594e-14,-1.3653921805024063e-10,-1.3653921800804658e-10,6.748758550408756e-14,7.409491752106813e-14,-2.7225994519037345e-07,6.7487585292313e-14,6.748758530036952e-14,-1.3653921804186971e-10,-1.365392180483392e-10,-1.365392180046804e-10,-1.3653921804131765e-10,7.409491750615249e-14,6.748758536221549e-14,-1.365392180193025e-10,-1.3653921803038855e-10,-1.3653921804186971e-10,-2.7226009509495187e-07,7.409546477134677e-14,6.748758552107393e-14,6.748758534640077e-14,6.748758545284385e-14,6.74875852476547e-14,-1.3653921800804658e-10,-1.3653921802397423e-10,6.748758536015817e-14,7.409491749963681e-14,-1.365392222822953e-10,-1.3653921804186971e-10,-1.3653921803188776e-10,-2.722600916820324e-07,7.99696143152365e-14,6.748758533964955e-14,-1.3653921997643584e-10,6.748758533761708e-14,-1.3653921996982633e-10,-1.3653921802512603e-10,-1.365392180191473e-10,6.74875856355261e-14
-6.15738490756221e-06,6.146899953943836e-14,-1.2436339242868185e-10,6.146899898235511e-14,6.14689989438769e-14,-1.2436339240968432e-10,6.748708716398973e-14,6.146899907456548e-14,7.690226570708032e-14,6.146899895157944e-14,6.7487585332545e-14,-4.857791310326349e-07,6.146899891047798e-14,-1.243633924134241e-10,-1.2436339245004637e-10,6.14689991109307e-14,6.146899899791372e-14,-1.2436339243582716e-10,6.146899900526824e-14,-1.2436339244424683e-10,-1.2436339245126605e-10,-1.243633924425097e-10,6.146899906472571e-14,-1.2436339241481982e-10,6.146899908870525e-14,-1.2436339400509133e-10,-1.2436339245461833e-10,7.28378763130049e-14,-1.2436339521749186e-10,6.146899904338398e-14,-1.243633924425097e-10,-1.2436339243933836e-10,-1.2436339243933836e-10,6.286981243941426e-14,6.748758531590566e-14,6.1468999115665e-14,-1.2436339241481982e-10,6.146899910489635e-14,-1.243633924519718e-10,-1.2436339521309106e-10,-1.2436339244424683e-10,6.146899901090632e-14,-1.2436339555088008e-10,-1.2436339245275727e-10,-1.243633951897194e-10,6.74870868365279e-14,-1.2436339243093997e-10,6.748708686073119e-14,-1.243633924425097e-10,-1.2436339640511193e-10,-1.2436339244424683e-10,6.146899890500457e-14,-1.2436339245004637e-10,-1.2436339241415614e-10,6.146899910663745e-14,6.748708684800176e-14,-2.479812825970188e-07,6.146899891386887e-14,6.14689989211996e-14,-1.2436339241481982e-10,-1.2436339245275727e-10,-1.2436339241415614e-10,-1.2436339245004637e-10,6.748708683451455e-14,6.146899897747723e-14,-1.2436339241415614e-10,-1.2436339245461833e-10,-1.243633924425097e-10,-1.2436339554388754e-10,6.74875853034858e-14,6.146899912210294e-14,6.14689989630356e-14,6.146899905994492e-14,6.146899887317931e-14,-1.243633924681326e-10,-1.243633924425097e-10,6.146899897559263e-14,6.748708682855868e-14,-1.243633963795413e-10,-1.2436339245183163e-10,-1.2436339242371442e-10,-1.2436339399890652e-10,7.283787631487832e-14,6.146899895696901e-14,-1.243633942215373e-10,6.14689989550786e-14,-1.243633942000237e-10,-1.2436339245461833e-10,-1.2436339243657902e-10,6.146899922634449e-14
-6.157384907562315e-06,6.146899949940018e-14,-1.2436339233792863e-10,6.146899894231692e-14,6.146899890383869e-14,-1.243633923344852e-10,6.748708712001645e-14,6.146899903452736e-14,7.69022656569437e-14,6.146899891154126e-14,6.748758528857126e-14,6.146899891047798e-14,-4.857791310326349e-07,-1.2436339233963203e-10,-1.243633923344852e-10,6.146899907089247e-14,6.146899895787556e-14,-1.2436339234703545e-10,6.146899896523008e-14,-1.2436339238122812e-10,-1.2436339233305563e-10,-1.2436339232680103e-10,6.146899902468753e-14,-1.2436339234558685e-10,6.146899904866709e-14,-1.2436339388514037e-10,-1.2436339232945884e-10,7.283787626552957e-14,-1.2436339510605668e-10,6.146899900334582e-14,-1.2436339234085783e-10,-1.2436339228677937e-10,-1.2436339234447964e-10,6.286981239846081e-14,6.748758527193186e-14,6.146899907562681e-14,-1.2436339233305563e-10,6.146899906485826e-14,-1.2436339232289325e-10,-1.2436339510375182e-10,-1.2436339233305563e-10,6.146899897086819e-14,-1.2436339550763257e-10,-1.2436339229764687e-10,-1.2436339510375182e-10,6.748708679255456e-14,-1.2436339233532446e-10,6.748708681675788e-14,-1.243633922890664e-10,-1.2436339631555262e-10,-1.2436339233423354e-10,6.146899886496641e-14,-1.2436339232257368e-10,-1.2436339232289325e-10,6.146899906659921e-14,6.748708680402846e-14,-2.4798128240517045e-07,6.146899887383071e-14,6.146899888116145e-14,-1.2436339236072433e-10,-1.2436339234703545e-10,-1.2436339232289325e-10,-1.2436339232289325e-10,6.748708679054127e-14,6.146899893743905e-14,-1.2436339232289325e-10,-1.243633922890664e-10,-1.2436339229764687e-10,-1.2436339548810049e-10,6.748758525951205e-14,6.146899908206472e-14,6.146899892299742e-14,6.146899901990683e-14,6.14689988331411e-14,-1.2436339234703545e-10,-1.2436339232196554e-10,6.146899893555446e-14,6.748708678458536e-14,-1.2436339630084685e-10,-1.2436339231068215e-10,-1.243633922975096e-10,-1.2436339388221765e-10,7.283787626740301e-14,6.146899891693083e-14,-1.243633941162082e-10,6.146899891504045e-14,-1.2436339411891164e-10,-1.2436339233532446e-10,-1.2436339230392628e-10,6.146899918630625e-14
0.999964023033919,-1.2436339301994928e-10,0.9999594365291875,-1.2436339279203709e-10,-1.2436339250625947e-10,0.9999594365291878,-1.365382130148762e-10,-1.2436339294416622e-10,-1.5558536135421255e-10,-1.2436339248751504e-10,-1.365392180282018e-10,-1.243633924134241e-10,-1.2436339233963203e-10,0.9999589507503519,0.9999594365291872,-1.2436339295202429e-10,-1.2436339263354116e-10,0.9999594365291863,-1.2436339261715252e-10,0.999959436529186,0.9999594365291852,0.9999594365291861,-1.2436339296780875e-10,0.9999594365291855,-1.2436339285731128e-10,0.9999594489876132,0.9999594365291871,-1.4736302035664764e-10,0.9999594586357909,-1.2436339270484235e-10,0.9999594365291855,0.9999594365291868,0.9999594365291857,-1.2719728993098502e-10,-1.365392180741118e-10,-1.243633930434958e-10,0.9999594365291855,-1.2436339282965617e-10,0.9999594365291856,0.9999594586357905,0.9999594365291867,-1.2436339264302094e-10,0.9999594615171231,0.9999594365291857,0.9999594586357917,-1.3653821219089674e-10,0.9999594365291844,-1.3653821232247704e-10,0.999959436529186,0.99995946847107,0.9999594365291857,-1.2436339235564505e-10,0.999959436529186,0.9999594365291868,-1.243633929304724e-10,-1.3653821239453845e-10,0.9999589117072512,-1.2436339240391262e-10,-1.2436339244842463e-10,0.9999594365291855,0.9999594365291871,0.9999594365291852,0.9999594365291855,-1.3653821214549603e-10,-1.243633926012021e-10,0.9999594365291857,0.9999594365291857,0.9999594365291844,0.9999594615171227,-1.3653921791338817e-10,-1.2436339292710438e-10,-1.2436339270728535e-10,-1.2436339289134301e-10,-1.2436339238904188e-10,0.999959436529186,0.9999594365291868,-1.2436339262767547e-10,-1.3653821223399066e-10,0.9999594681709144,0.9999594365291848,0.9999594365291855,0.9999594489876144,-1.4736302042732792e-10,-1.243633924644368e-10,0.999959450730093,-1.2436339253609244e-10,0.999959450730093,0.9999594365291852,0.999959436529186,-1.2436339312019328e-10
0.9999640230339206,-1.2436339302496073e-10,0.9999594365291894,-1.243633927937581e-10,-1.2436339251281477e-10,0.9999594365291897,-1.3653821307739494e-10,-1.243633929613212e-10,-1.5558536135217812e-10,-1.2436339241521664e-10,-1.3653921803839716e-10,-1.2436339245004637e-10,-1.243633923344852e-10,0.9999594365291872,0.9999589507503607,-1.2436339295789616e-10,-1.2436339264412497e-10,0.9999594365291892,-1.2436339262037364e-10,0.9999594365291881,0.9999594365291886,0.9999594365291892,-1.2436339294997862e-10,0.9999594365291881,-1.243633928415252e-10,0.9999594489876162,0.9999594365291891,-1.4736302033855614e-10,0.9999594586357948,-1.243633927226683e-10,0.9999594365291878,0.9999594365291897,0.9999594365291884,-1.2719728994515478e-10,-1.3653921803664198e-10,-1.2436339305620985e-10,0.9999594365291883,-1.2436339283576004e-10,0.9999594365291876,0.9999594586357936,0.999959436529189,-1.2436339263942968e-10,0.9999594615171266,0.9999594365291876,0.9999594586357944,-1.3653821217568252e-10,0.9999594365291873,-1.365382123426812e-10,0.9999594365291876,0.9999594684710731,0.9999594365291868,-1.2436339239768485e-10,0.9999594365291881,0.9999594365291892,-1.2436339289406508e-10,-1.3653821239681889e-10,0.9999589117072535,-1.2436339238230723e-10,-1.2436339241941174e-10,0.9999594365291891,0.9999594365291903,0.9999594365291873,0.9999594365291876,-1.3653821210670098e-10,-1.2436339260149345e-10,0.9999594365291884,0.9999594365291881,0.9999594365291868,0.9999594615171254,-1.3653921791338817e-10,-1.2436339294914195e-10,-1.2436339272440036e-10,-1.24363392941042e-10,-1.2436339238549301e-10,0.9999594365291886,0.9999594365291894,-1.2436339260898297e-10,-1.3653821219995804e-10,0.9999594681709172,0.9999594365291875,0.9999594365291884,0.9999594489876166,-1.4736302039824138e-10,-1.243633924818807e-10,0.9999594507300955,-1.243633925769073e-10,0.9999594507300953,0.9999594365291883,0.9999594365291887,-1.243633931018687e-10
-6.157384908252241e-06,6.146899969985292e-14,-1.2436339293613965e-10,6.146899914276959e-14,6.146899910429137e-14,-1.24363392950074e-10,6.748708734026027e-14,6.146899923498005e-14,7.690226590822849e-14,6.146899911199401e-14,6.748758550881811e-14,6.14689991109307e-14,6.146899907089247e-14,-1.2436339295202429e-10,-1.2436339295789616e-10,-4.857791310326349e-07,6.146899915832826e-14,-1.243633929279966e-10,6.146899916568273e-14,-1.2436339293310579e-10,-1.2436339290257295e-10,-1.2436339293823686e-10,6.146899922514023e-14,-1.2436339296208823e-10,6.146899924911975e-14,-1.2436339449529283e-10,-1.2436339293880522e-10,7.283787650340639e-14,-1.2436339570339807e-10,6.146899920379855e-14,-1.243633929684925e-10,-1.2436339292918924e-10,-1.243633929264875e-10,6.28698126035125e-14,6.748758549217874e-14,6.14689992760795e-14,-1.2436339296263417e-10,6.146899926531085e-14,-1.2436339288280788e-10,-1.2436339571845036e-10,-1.2436339294019927e-10,6.146899917132082e-14,-1.2436339605019373e-10,-1.2436339292088905e-10,-1.2436339572277752e-10,6.748708701279839e-14,-1.2436339292388158e-10,6.748708703700166e-14,-1.2436339292918924e-10,-1.243633969247373e-10,-1.2436339294221612e-10,6.146899906541916e-14,-1.243633929414611e-10,-1.2436339294019927e-10,6.146899926705193e-14,6.748708702427223e-14,-2.479812835992269e-07,6.14689990742834e-14,6.146899908161407e-14,-1.2436339294019927e-10,-1.2436339291475225e-10,-1.2436339291309647e-10,-1.2436339288280788e-10,6.748708701078503e-14,6.14689991378917e-14,-1.2436339293880522e-10,-1.2436339293310579e-10,-1.243633929684925e-10,-1.2436339604997525e-10,6.748758547975887e-14,6.146899928251746e-14,6.146899912345013e-14,6.146899922035947e-14,6.14689990335938e-14,-1.2436339292088905e-10,-1.2436339290233611e-10,6.146899913600713e-14,6.748708700482917e-14,-1.2436339689024064e-10,-1.2436339292388158e-10,-1.2436339291309647e-10,-1.243633944834945e-10,7.283787650527984e-14,6.146899911738351e-14,-1.243633947448064e-10,6.146899911549314e-14,-1.243633947338556e-10,-1.2436339293464762e-10,-1.243633929790794e-10,6.146899938675896e-14
-6.157384908254495e-06,6.146899958683594e-14,-1.2436339263563928e-10,6.146899902975268e-14,6.146899899127448e-14,-1.2436339264323e-10,6.74870872161045e-14,6.146899912196304e-14,7.690226576661389e-14,6.146899899897703e-14,6.748758538466091e-14,6.146899899791372e-14,6.146899895787556e-14,-1.2436339263354116e-10,-1.2436339264412497e-10,6.146899915832826e-14,-4.857791310326349e-07,-1.2436339263374765e-10,6.146899905266577e-14,-1.243633926530676e-10,-1.2436339262458745e-10,-1.243633926531795e-10,6.146899911212327e-14,-1.2436339263042331e-10,6.14689991361028e-14,-1.2436339422302214e-10,-1.243633926354841e-10,7.28378763693322e-14,-1.2436339543189124e-10,6.146899909078154e-14,-1.2436339263548434e-10,-1.2436339263541672e-10,-1.2436339265332986e-10,6.286981248790561e-14,6.748758536802158e-14,6.146899916306258e-14,-1.2436339262421253e-10,6.146899915229394e-14,-1.2436339262458745e-10,-1.2436339543021152e-10,-1.2436339263537456e-10,6.146899905830391e-14,-1.2436339579378338e-10,-1.243633926422112e-10,-1.2436339543021152e-10,6.748708688864269e-14,-1.2436339264184316e-10,6.748708691284596e-14,-1.2436339266050113e-10,-1.2436339663402383e-10,-1.243633926530676e-10,6.146899895240216e-14,-1.2436339265332986e-10,-1.2436339263541672e-10,6.146899915403499e-14,6.748708690011651e-14,-2.47981283020847e-07,6.146899896126646e-14,6.146899896859718e-14,-1.2436339266050113e-10,-1.243633926530676e-10,-1.243633926422112e-10,-1.2436339263042331e-10,6.74870868866293e-14,6.146899902487478e-14,-1.24363392659333e-10,-1.2436339263541672e-10,-1.24363392659333e-10,-1.2436339576424455e-10,6.748758535560172e-14,6.146899916950046e-14,6.14689990104332e-14,6.146899910734252e-14,6.146899892057685e-14,-1.243633926530676e-10,-1.2436339263537456e-10,6.146899902299021e-14,6.748708688067347e-14,-1.243633966036592e-10,-1.2436339263742638e-10,-1.2436339263537575e-10,-1.243633942283184e-10,7.283787637120567e-14,6.146899900436657e-14,-1.2436339445479396e-10,6.146899900247618e-14,-1.243633944290008e-10,-1.243633926013506e-10,-1.2436339264172643e-10,6.146899927374202e-14
0.9999640230339204,-1.2436339303016121e-10,0.999959436529189,-1.243633927937581e-10,-1.2436339248340152e-10,0.9999594365291894,-1.3653821305989209e-10,-1.2436339293731694e-10,-1.5558536133509496e-10,-1.2436339245058618e-10,-1.365392180046804e-10,-1.2436339243582716e-10,-1.2436339234703545e-10,0.9999594365291863,0.9999594365291892,-1.243633929279966e-10,-1.2436339263374765e-10,0.9999589507503572,-1.2436339263904926e-10,0.9999594365291878,0.9999594365291865,0.9999594365291878,-1.2436339295409066e-10,0.9999594365291872,-1.2436339285718565e-10,0.9999594489876155,0.9999594365291891,-1.4736302037509307e-10,0.9999594586357933,-1.2436339273126348e-10,0.9999594365291876,0.9999594365291876,0.9999594365291871,-1.2719728992973973e-10,-1.3653921806902859e-10,-1.243633930195025e-10,0.9999594365291871,-1.243633928445627e-10,0.9999594365291868,0.9999594586357925,0.999959436529188,-1.2436339263021977e-10,0.999959461517125,0.9999594365291873,0.9999594586357944,-1.3653821220020343e-10,0.9999594365291865,-1.3653821232802408e-10,0.9999594365291873,0.9999594684710723,0.9999594365291863,-1.2436339239838018e-10,0.999959436529189,0.9999594365291881,-1.243633928903734e-10,-1.365382123831384e-10,0.9999589117072527,-1.2436339239952758e-10,-1.243633924468227e-10,0.9999594365291876,0.999959436529189,0.9999594365291868,0.9999594365291865,-1.3653821213363687e-10,-1.2436339263295606e-10,0.9999594365291868,0.9999594365291868,0.9999594365291857,0.9999594615171242,-1.3653921790946508e-10,-1.2436339292857276e-10,-1.2436339272276505e-10,-1.2436339291453514e-10,-1.2436339238551504e-10,0.9999594365291878,0.9999594365291884,-1.243633926232428e-10,-1.3653821222595162e-10,0.9999594681709161,0.999959436529186,0.9999594365291868,0.9999594489876157,-1.47363020388875e-10,-1.2436339246006756e-10,0.9999594507300952,-1.243633925519191e-10,0.9999594507300944,0.9999594365291873,0.9999594365291878,-1.2436339312163403e-10
-6.157384908252242e-06,6.146899959419046e-14,-1.243633926632703e-10,6.146899903710715e-14,6.146899899862895e-14,-1.2436339264738054e-10,6.748708722416208e-14,6.146899912931758e-14,7.690226577576087e-14,6.14689990063315e-14,6.748758539271826e-14,6.146899900526824e-14,6.146899896523008e-14,-1.2436339261715252e-10,-1.2436339262037364e-10,6.146899916568273e-14,6.146899905266577e-14,-1.2436339263904926e-10,-4.857791310326349e-07,-1.2436339265261628e-10,-1.243633926489896e-10,-1.243633926239122e-10,6.146899911947775e-14,-1.243633926307598e-10,6.146899914345728e-14,-1.243633941722188e-10,-1.2436339264527454e-10,7.283787637800967e-14,-1.2436339538941275e-10,6.146899909813608e-14,-1.243633926191511e-10,-1.2436339266183046e-10,-1.2436339258430058e-10,6.286981249542514e-14,6.748758537607887e-14,6.146899917041703e-14,-1.2436339261765133e-10,6.146899915964845e-14,-1.2436339264434089e-10,-1.2436339538999937e-10,-1.2436339262492078e-10,6.146899906565841e-14,-1.2436339570234238e-10,-1.2436339263925972e-10,-1.2436339539425654e-10,6.748708689670019e-14,-1.243633926489896e-10,6.748708692090344e-14,-1.2436339262389482e-10,-1.2436339665408477e-10,-1.2436339264527454e-10,6.146899895975666e-14,-1.2436339263781774e-10,-1.2436339261715252e-10,6.146899916138947e-14,6.748708690817405e-14,-2.479812829617351e-07,6.146899896862093e-14,6.146899897595162e-14,-1.2436339260361677e-10,-1.2436339266574783e-10,-1.2436339263781774e-10,-1.243633926425575e-10,6.748708689468677e-14,6.146899903222925e-14,-1.2436339263781774e-10,-1.2436339260361677e-10,-1.2436339262441493e-10,-1.2436339576281428e-10,6.748758536365903e-14,6.146899917685491e-14,6.14689990177877e-14,6.1468999114697e-14,6.146899892793136e-14,-1.243633926277145e-10,-1.2436339262928974e-10,6.146899903034471e-14,6.748708688873093e-14,-1.243633965709971e-10,-1.243633926422003e-10,-1.2436339262389482e-10,-1.24363394175774e-10,7.283787637988307e-14,6.146899901172105e-14,-1.2436339438962867e-10,6.146899900983068e-14,-1.2436339440534154e-10,-1.2436339266344904e-10,-1.2436339261796964e-10,6.146899928109652e-14
