0.999999994937456,-9.827605564943858e-07,0.9999884228001099,0.9999884228001056,-9.852674471600336e-07,-9.82660560590917e-07,0.9999884228001075,0.9999884228001056,-9.855954450786174e-07,-9.819349739484717e-07,0.9999884228001094,-9.890358491801522e-07,0.999988422800103,-9.830119631942603e-07,0.9999884228001071,-9.863779473759915e-07,-9.834585229708743e-07,-9.883271909103365e-07,-9.833772193032408e-07,0.999988422800104,0.9999884228001049,-9.839997986074956e-07,-9.817223788835188e-07,-9.85857316419175e-07,-9.821271771883159e-07,-9.8594446514116e-07,0.9999884228001095,-9.82609301870154e-07,0.9999885541966164,0.9999884228001099,0.9999884228001069,0.9999884228001099,-9.845011978688646e-07,0.9999884228001057,0.9999884228001069,0.9999884228001056,-9.856836796037282e-07,-9.84501197888571e-07,0.9999884228001052,-9.869758013328355e-07,0.9999884228001042,0.9999884228001077,-9.826663775161946e-07,0.9999884228001069,0.9999884228001072,0.9999884473415565,-9.861774025331435e-07,-9.832862871490946e-07,0.999988510203975,0.9999884228001082,-9.838698961164193e-07,-9.832862887425595e-07,-9.837901550284512e-07,-9.830721127314934e-07,0.9999884228001079,-9.906197549087314e-07,0.999988063308684,0.9999884228001094,-9.822613719301066e-07,-9.820312104146605e-07,-9.839998071123988e-07,-9.84477058406495e-07,0.999988422800109,-9.829784624559716e-07,-9.851469419742518e-07,0.999988554196616,-9.826605587448064e-07,0.9999885305336323,0.9999884228001068,0.999988422800106,0.9999885305336318,0.9999875187009014,0.999988432430875,0.9999874667536152,0.9999884228001075,0.9999887634556373,-9.851838795070506e-07,0.9999884228001072,-9.82971629916686e-07,0.9999884228001082,-9.83742583701891e-07,0.9999884228001068,-9.84616862902983e-07
-9.827605564943858e-07,1.1964436707956309e-06,-1.7707946692177282e-11,-1.7707946687766525e-11,1.0906637447895609e-18,7.793896838560617e-19,-1.7707946727044557e-11,-1.7707946703065428e-11,1.0948661620524225e-15,7.69959030215311e-19,-1.7707946694375857e-11,6.004282337256502e-19,-1.770794671917411e-11,6.33912306823994e-19,-1.7707946686310032e-11,9.032418041033284e-19,3.4671046396407434e-19,4.620609056502703e-19,8.271739344195234e-19,-1.77079467014414e-11,-1.7707946686310032e-11,9.906340015150654e-19,2.13028411985733e-19,4.358874866970128e-19,9.182258107534616e-20,4.230293865344677e-19,-1.7707946741333233e-11,9.530151954824705e-19,-1.7707949116806092e-11,-1.770794669909018e-11,-1.770794668613873e-11,-1.7707946716584755e-11,6.456127605237075e-19,-1.7707946727637833e-11,-1.77079467014414e-11,-1.7707946720047103e-11,6.615975896979153e-19,6.456127605237075e-19,-1.770794668509978e-11,4.756321211519903e-19,-1.7707946687766525e-11,-1.7707946727044557e-11,1.147828070478514e-18,-1.770794669909018e-11,-1.7707946687766525e-11,-1.7707947237173122e-11,3.030728542450554e-19,1.0359363980981011e-18,-1.7707948270742248e-11,-1.770794672127207e-11,-8.061957917622301e-20,1.0359363980981011e-18,4.117092153188021e-19,5.151779232219531e-19,-1.7707946739897312e-11,3.4192890852295217e-19,-1.7707940144262683e-11,-1.770794672127207e-11,-2.01109847082276e-20,1.0621331471614564e-18,9.906340015150654e-19,-3.401386381508951e-19,-1.7707946707517776e-11,4.438800213634812e-19,6.431073145375612e-19,-1.7707949115909008e-11,7.793896838560617e-19,-1.7707948661106618e-11,-1.7707946699280608e-11,-1.7707946727044557e-11,-1.7707948662893202e-11,-3.5299409295124734e-08,-1.7707946846095984e-11,-3.529940739908162e-08,-1.770794673882283e-11,-1.7707952911329202e-11,5.5320499151600505e-19,-1.7707946727044557e-11,4.986763320107753e-19,-1.7707946686148483e-11,4.707674841815576e-19,-1.7707946686148483e-11,7.014910350816755e-19
0.9999884228001099,-1.7707946692177282e-11,0.9999863759644455,0.9999851795207636,-1.896551905184733e-11,-1.765778437137025e-11,0.9999851795207642,0.9999851795207636,-1.9130059035467764e-11,-1.7293790884623892e-11,0.9999851795207638,-2.085592850196858e-11,0.9999851795207622,-1.7834062880747072e-11,0.9999851795207638,-1.9522598212783858e-11,-1.8058076796905855e-11,-2.050043268219152e-11,-1.8017292968895596e-11,0.9999851795207634,0.9999851795207644,-1.832960951104589e-11,-1.7187147257455017e-11,-1.9261425778079622e-11,-1.739021306665533e-11,-1.9305144724809335e-11,0.9999851795207646,-1.763206940233202e-11,0.9999853109167249,0.9999851795207648,0.9999851795207642,0.9999851795207648,-1.858113353900923e-11,0.999985179520763,0.999985179520763,0.9999851795207627,-1.9174321142310343e-11,-1.8581134322362157e-11,0.9999851795207634,-1.982251021987706e-11,0.9999851795207648,0.9999851795207638,-1.766070050556554e-11,0.9999851795207654,0.9999851795207638,0.999985204062108,-1.9421995961212704e-11,-1.797167731179553e-11,0.9999852669242695,0.9999851795207646,-1.8264441554622043e-11,-1.7971678089201066e-11,-1.8224440006467228e-11,-1.786423928317155e-11,0.9999851795207648,-2.1650491640575878e-11,0.9999848200308362,0.999985179520763,-1.745752944466115e-11,-1.734206977688173e-11,-1.8329611308619408e-11,-1.856902414935021e-11,0.9999851795207654,-1.7817256249049835e-11,-1.890507059202986e-11,0.9999853109167249,-1.7657783240030763e-11,0.99998528725384,0.9999851795207644,0.9999851795207633,0.9999852872538408,0.9999842754253186,0.9999851891514928,0.9999842234782447,0.9999851795207636,0.9999855201748724,-1.8923596903269415e-11,0.9999851795207646,-1.7813829903792492e-11,0.999985179520763,-1.8200576765508652e-11,0.9999851795207644,-1.8639158447320817e-11
0.9999884228001056,-1.7707946687766525e-11,0.9999851795207636,0.9999863759644457,-1.896551903937737e-11,-1.7657784379427227e-11,0.9999851795207654,0.9999851795207654,-1.9130059013874854e-11,-1.7293790819839736e-11,0.9999851795207657,-2.085592855855766e-11,0.999985179520763,-1.7834062902689556e-11,0.9999851795207656,-1.9522598221150515e-11,-1.8058076782615925e-11,-2.0500432686829515e-11,-1.8017292958533475e-11,0.9999851795207652,0.999985179520766,-1.8329609506703453e-11,-1.7187147266296334e-11,-1.9261425784528965e-11,-1.739021304519858e-11,-1.9305144717870757e-11,0.9999851795207664,-1.7632069368812542e-11,0.9999853109167276,0.9999851795207664,0.9999851795207652,0.9999851795207667,-1.8581133524515307e-11,0.9999851795207654,0.9999851795207649,0.9999851795207648,-1.9174321125956966e-11,-1.8581134315611804e-11,0.9999851795207657,-1.9822510244562233e-11,0.9999851795207663,0.9999851795207654,-1.7660700506450242e-11,0.9999851795207663,0.9999851795207663,0.9999852040621096,-1.9421995918830897e-11,-1.797167726886978e-11,0.9999852669242717,0.9999851795207675,-1.8264441559208162e-11,-1.797167810410263e-11,-1.8224439968355343e-11,-1.7864239282275324e-11,0.9999851795207649,-2.1650491631949115e-11,0.9999848200308378,0.9999851795207649,-1.7457529474178345e-11,-1.7342069748366172e-11,-1.8329611323188268e-11,-1.856902420030075e-11,0.9999851795207663,-1.7817256226114663e-11,-1.890507063469488e-11,0.9999853109167265,-1.765778320941537e-11,0.9999852872538401,0.9999851795207656,0.9999851795207663,0.9999852872538411,0.9999842754253206,0.9999851891514939,0.9999842234782454,0.9999851795207654,0.9999855201748751,-1.8923596990411335e-11,0.9999851795207652,-1.781382991409666e-11,0.9999851795207654,-1.8200576771748964e-11,0.9999851795207646,-1.8639158463735086e-11
-9.852674471600336e-07,1.0906637447895609e-18,-1.896551905184733e-11,-1.896551903937737e-11,1.1964436723045606e-06,2.9237294142131874e-19,-1.8965519025913192e-11,-1.8965519032495808e-11,1.190110120304925e-15,4.894366834053595e-19,-1.8965519007073918e-11,8.124707096523775e-19,-1.896551904395599e-11,1.905269457697846e-19,-1.8965519004797294e-11,8.998048193164224e-19,8.069407029778992e-19,7.197040213325033e-19,4.421424460682922e-19,-1.8965519035972174e-11,-1.896551907894016e-11,4.164374680007534e-19,4.069885281663634e-19,1.2016318680949238e-15,5.7633516803100485e-19,3.730739515087532e-19,-1.896551905556135e-11,3.676877822168874e-19,-1.8965521761792776e-11,-1.8965519039368128e-11,-1.8965519004797294e-11,-1.8965519027345213e-11,6.3091995534687225e-19,-1.896551905556135e-11,-1.896551907894016e-11,-1.8965519004797294e-11,6.555341733754544e-19,5.491919942018164e-19,-1.8965519032495808e-11,6.94016127342586e-19,-1.8965519029031514e-11,-1.8965519025207542e-11,3.6271055864329625e-19,-1.8965519035225885e-11,-1.896551905556135e-11,-1.896551955639507e-11,1.2032749374766917e-15,4.1643630429835703e-19,-1.8965520781945694e-11,-1.8965519029031514e-11,5.216185937169629e-19,8.290030207240436e-19,8.514125722814569e-19,5.550009671054961e-19,-1.8965519078137182e-11,1.3908611400623532e-15,-3.780630285239621e-08,-1.8965519020092193e-11,2.668044945736843e-19,5.598239353106864e-19,5.646345828081156e-19,1.1431584862830806e-15,-1.8965519074757425e-11,5.270242763616616e-19,-4.7878734385113396e-20,-1.896552172089893e-11,5.1986978900047156e-20,-1.8965521165104248e-11,-1.896551902684297e-11,-1.896551902522386e-11,-1.8965521176316946e-11,-3.780628161315478e-08,-1.896551922092374e-11,-3.780627958690997e-08,-1.8965519025207542e-11,-1.8965525790790545e-11,3.5317131087018306e-19,-1.896551903619306e-11,3.2190050998289045e-19,-1.8965519029285065e-11,5.320074929052018e-19,-1.8965519029031514e-11,1.2156145039040816e-18
-9.82660560590917e-07,7.793896838560617e-19,-1.765778437137025e-11,-1.7657784379427227e-11,2.9237294142131874e-19,1.1964436714298076e-06,-1.765778438516703e-11,-1.765778442449568e-11,4.853622862778585e-19,1.0076025056937697e-18,-1.7657784367041836e-11,5.6407529660792e-19,-1.7657784368770223e-11,1.0206263033136302e-15,-1.765778436209949e-11,1.4540714439368614e-19,4.992975648812975e-19,6.0245299022594e-19,9.015599265115515e-19,-1.765778436990356e-11,-1.7657784363598057e-11,2.5787335991743564e-19,4.674015338947386e-19,6.297989703813012e-19,2.209945708304921e-19,7.359205224523498e-19,-1.7657784327885513e-11,8.764951613002274e-19,-1.765778682316927e-11,-1.765778436165328e-11,-1.7657784424264077e-11,-1.765778441852664e-11,6.945741565767569e-19,-1.7657784379558546e-11,-1.7657784410902177e-11,-1.7657784354697768e-11,7.393011313283858e-19,7.002169824959434e-19,-1.765778442449568e-11,5.303174599643795e-19,-1.7657784411781605e-11,-1.76577843774314e-11,7.336397192414457e-19,-1.7657784367962685e-11,-1.765778434815752e-11,-1.7657784900341e-11,4.805565474537078e-19,3.9455475987264155e-19,-1.7657785963043785e-11,-1.7657784408935432e-11,4.42169947307363e-19,3.9455475987264155e-19,6.931554634751539e-19,4.3193897459665318e-19,-1.7657784411781605e-11,7.318614870549448e-19,-1.76577778495487e-11,-1.7657784419811422e-11,9.447825245650822e-19,8.362559881405873e-19,2.5787225561005386e-19,6.479765069324851e-19,-1.7657784350353965e-11,4.1616414859756087e-19,6.753158635376244e-19,-1.765778680088294e-11,1.0071300624214135e-15,-1.7657786331229075e-11,-1.7657784362480788e-11,-1.7657784376858072e-11,-1.76577862987668e-11,-3.519941460634021e-08,-1.765778458106523e-11,-1.7657766759049326e-11,-1.7657784347650386e-11,-1.765779062407358e-11,-1.3791230576448082e-19,-1.7657784419811422e-11,5.327805602977652e-19,-1.7657784352905054e-11,4.643693892158813e-19,-1.765778439165966e-11,8.511057105840018e-19
0.9999884228001075,-1.7707946727044557e-11,0.9999851795207642,0.9999851795207654,-1.8965519025913192e-11,-1.765778438516703e-11,0.9999863759644477,0.9999851795207659,-1.9130059037544802e-11,-1.7293790874841883e-11,0.9999851795207663,-2.085592861425866e-11,0.9999851795207634,-1.7834062891789325e-11,0.9999851795207664,-1.952259822626394e-11,-1.8058076773227177e-11,-2.0500432702056883e-11,-1.8017292979140606e-11,0.9999851795207645,0.999985179520767,-1.832960951229385e-11,-1.7187147257742185e-11,-1.9261425762301773e-11,-1.7390213024924155e-11,-1.930514474367606e-11,0.999985179520767,-1.7632069377531636e-11,0.9999853109167272,0.9999851795207664,0.9999851795207656,0.9999851795207664,-1.858113355169486e-11,0.9999851795207656,0.9999851795207652,0.9999851795207652,-1.9174321127348753e-11,-1.858113431769544e-11,0.9999851795207654,-1.9822510206612376e-11,0.999985179520766,0.9999851795207663,-1.7660700511735626e-11,0.9999851795207683,0.999985179520766,0.9999852040621099,-1.9421995941394032e-11,-1.7971677258255674e-11,0.9999852669242718,0.9999851795207667,-1.8264441509123752e-11,-1.797167807796541e-11,-1.822443996907736e-11,-1.7864239262253088e-11,0.9999851795207663,-2.1650491631941735e-11,0.9999848200308389,0.9999851795207656,-1.7457529376954172e-11,-1.7342069768239613e-11,-1.832961130737318e-11,-1.856902416727669e-11,0.999985179520767,-1.7817256219171018e-11,-1.890507062028211e-11,0.9999853109167277,-1.765778323732708e-11,0.9999852872538423,0.9999851795207667,0.9999851795207656,0.9999852872538427,0.9999842754253202,0.9999851891514936,0.9999842234782471,0.9999851795207663,0.9999855201748751,-1.8923596886411997e-11,0.9999851795207659,-1.781382991304051e-11,0.9999851795207649,-1.8200576811640673e-11,0.9999851795207667,-1.8639158435413294e-11
0.9999884228001056,-1.7707946703065428e-11,0.9999851795207636,0.9999851795207654,-1.8965519032495808e-11,-1.765778442449568e-11,0.9999851795207659,0.9999863759644477,-1.9130059046784064e-11,-1.7293790891492622e-11,0.9999851795207652,-2.085592859914284e-11,0.9999851795207627,-1.783406284503816e-11,0.9999851795207646,-1.9522598190228565e-11,-1.805807675845044e-11,-2.0500432678059362e-11,-1.801729292711589e-11,0.9999851795207657,0.9999851795207656,-1.8329609486898736e-11,-1.718714730240268e-11,-1.9261425763731994e-11,-1.7390213038403334e-11,-1.9305144739586044e-11,0.9999851795207654,-1.7632069437405295e-11,0.9999853109167273,0.9999851795207656,0.9999851795207663,0.999985179520766,-1.8581133547507713e-11,0.999985179520766,0.9999851795207648,0.9999851795207644,-1.9174321099738918e-11,-1.8581134314695023e-11,0.9999851795207648,-1.9822510229138753e-11,0.9999851795207656,0.9999851795207659,-1.7660700490898865e-11,0.9999851795207656,0.999985179520766,0.9999852040621099,-1.9421995946993237e-11,-1.7971677258255674e-11,0.9999852669242709,0.9999851795207675,-1.8264441543239046e-11,-1.7971678096280146e-11,-1.822444000134198e-11,-1.7864239272710518e-11,0.9999851795207653,-2.165049162263463e-11,0.9999848200308374,0.9999851795207656,-1.745752948435926e-11,-1.7342069765887266e-11,-1.8329611315463674e-11,-1.8569024187397108e-11,0.9999851795207657,-1.7817256219055474e-11,-1.8905070628219548e-11,0.999985310916726,-1.7657783168263364e-11,0.9999852872538403,0.9999851795207654,0.9999851795207656,0.9999852872538412,0.9999842754253204,0.9999851891514943,0.999984223478246,0.9999851795207648,0.9999855201748744,-1.8923596930257423e-11,0.9999851795207657,-1.7813829879026362e-11,0.9999851795207656,-1.8200576774246742e-11,0.9999851795207659,-1.863915840274766e-11
-9.855954450786174e-07,1.0948661620524225e-15,-1.9130059035467764e-11,-1.9130059013874854e-11,1.190110120304925e-15,4.853622862778585e-19,-1.9130059037544802e-11,-1.9130059046784064e-11,1.196443672373248e-06,3.4090969901543885e-19,-1.9130059045255114e-11,4.104452750472627e-19,-1.9130059043641895e-11,3.8239433995660393e-19,-1.9130058997755476e-11,3.094021062401082e-19,1.1251769300361257e-15,5.977488900987694e-19,1.168891142015032e-18,-1.9130059006154574e-11,-1.9130059016175796e-11,2.889475202747835e-19,4.3171641143477936e-19,6.063672524437819e-19,1.1398108397639667e-18,9.722923318723101e-19,-1.9130059025646852e-11,2.8336806774412795e-19,-1.9130061626538086e-11,-1.913005904420844e-11,-1.913005905027362e-11,-1.9130059044945244e-11,4.111787336635021e-19,-1.9130059040477713e-11,-1.9130059017159727e-11,-1.9130059020155805e-11,1.2408211327213589e-18,8.78604076505141e-19,-1.9130059045834244e-11,3.0327261518465417e-19,-1.9130059041642503e-11,-1.9130059034178645e-11,-4.678822757298811e-20,-1.9130059044945244e-11,-1.9130059028557316e-11,-1.9130059397692006e-11,1.0976899466538822e-18,7.627951085158353e-19,-1.9130060783998736e-11,-1.913005905679906e-11,2.3769081850571806e-19,9.520831828747087e-19,1.7301321473922721e-19,3.316042821794843e-19,-1.9130059039348976e-11,1.4064259226806336e-15,-3.813430059335e-08,-1.9130059033047353e-11,1.2196546575878617e-18,8.057640790210999e-19,-3.7018276557758474e-19,1.1562221643856257e-15,-1.913005903083101e-11,9.158323026906284e-19,8.385823751135154e-19,-1.913006160344473e-11,8.252959642592659e-19,-1.913006115769417e-11,-1.9130059053828967e-11,-1.913005904229804e-11,-1.9130061157877187e-11,-3.8134279178109954e-08,-1.9130059236881093e-11,-3.81342771352406e-08,-1.9130059025318723e-11,-1.913006574105385e-11,7.901279895140962e-19,-1.9130059034178645e-11,2.231323305954244e-19,-1.9130059025646852e-11,1.1260420752685977e-15,-1.913005900115166e-11,8.649595925614427e-19
-9.819349739484717e-07,7.69959030215311e-19,-1.7293790884623892e-11,-1.7293790819839736e-11,4.894366834053595e-19,1.0076025056937697e-18,-1.7293790874841883e-11,-1.7293790891492622e-11,3.4090969901543885e-19,1.1964436724726578e-06,-1.729379088073193e-11,4.1293213000048186e-19,-1.729379083510285e-11,9.50396605112332e-19,-1.7293790817628834e-11,7.950771039563335e-19,7.444483156693519e-19,5.18300113254681e-19,5.447699909451453e-19,-1.729379089008108e-11,-1.729379087775957e-11,3.3716976523324623e-19,2.844371755577962e-19,1.1566984678178688e-19,-9.517842142455913e-20,1.0952257270177098e-15,-1.7293790882333283e-11,6.141676489969705e-19,-1.729379320194045e-11,-1.7293790809070497e-11,-1.729379088630359e-11,-1.729379085101323e-11,7.657164369021185e-19,-1.729379083720377e-11,-1.729379084841672e-11,-1.7293790890909757e-11,5.005512793579768e-19,1.2390128507918972e-18,-1.729379086607098e-11,1.1346556564579224e-15,-1.7293790807446206e-11,-1.7293790886327335e-11,6.580982729015631e-19,-1.7293790882900894e-11,-1.7293790871921038e-11,-1.7293791284698296e-11,3.6880129780802127e-19,5.072836266528045e-19,-1.7293792414126427e-11,-1.7293790842303752e-11,2.883285941682538e-19,5.072836266528045e-19,5.107250715552025e-19,1.029445894943352e-18,-1.7293790882283562e-11,1.089802212946986e-18,-1.7293784571167482e-11,-1.729379083416302e-11,2.710961408216419e-19,-2.5305028894820866e-19,3.3716976523324623e-19,1.2033523247261033e-18,-1.729379084228072e-11,6.963253593668577e-19,1.0376573292403637e-18,-1.729379317097023e-11,8.029822369617401e-19,-1.7293792858452813e-11,-1.7293790846554662e-11,-1.7293790894940737e-11,-1.7293792742471425e-11,-3.4473821948335144e-08,-1.7293791037268106e-11,-1.7293773761607953e-11,-1.7293790809070497e-11,-1.7293796948961357e-11,9.659425596587277e-19,-1.7293790886327335e-11,3.875724441628333e-19,-1.7293790831391255e-11,8.579510167347599e-19,-1.729379081783912e-11,9.809446445543953e-19
0.9999884228001094,-1.7707946694375857e-11,0.9999851795207638,0.9999851795207657,-1.8965519007073918e-11,-1.7657784367041836e-11,0.9999851795207663,0.9999851795207652,-1.9130059045255114e-11,-1.729379088073193e-11,0.9999863759644485,-2.0855928566290156e-11,0.999985179520763,-1.7834062889245784e-11,0.9999851795207648,-1.9522598211459183e-11,-1.805807677394723e-11,-2.0500432697782114e-11,-1.801729291894782e-11,0.9999851795207657,0.9999851795207656,-1.832960951723731e-11,-1.7187147305898824e-11,-1.9261425778356502e-11,-1.739021307443386e-11,-1.9305144736762114e-11,0.9999851795207654,-1.7632069360366992e-11,0.9999853109167283,0.9999851795207659,0.9999851795207656,0.9999851795207667,-1.8581133525645527e-11,0.9999851795207656,0.9999851795207656,0.9999851795207648,-1.9174321162574123e-11,-1.8581134320336666e-11,0.9999851795207656,-1.98225101879729e-11,0.9999851795207659,0.9999851795207664,-1.7660700463521355e-11,0.9999851795207663,0.9999851795207663,0.9999852040621096,-1.9421995946993237e-11,-1.7971677225072994e-11,0.9999852669242714,0.9999851795207668,-1.8264441509123752e-11,-1.7971678095145267e-11,-1.82244399783284e-11,-1.78642392855853e-11,0.9999851795207654,-2.165049166542427e-11,0.9999848200308386,0.9999851795207663,-1.7457529447463173e-11,-1.7342069781021334e-11,-1.832961130895066e-11,-1.85690241598259e-11,0.9999851795207657,-1.7817256221034985e-11,-1.8905070632078585e-11,0.9999853109167265,-1.765778323832485e-11,0.9999852872538396,0.9999851795207654,0.9999851795207659,0.9999852872538411,0.9999842754253202,0.9999851891514944,0.999984223478246,0.9999851795207648,0.9999855201748747,-1.8923596912145347e-11,0.9999851795207653,-1.7813829903792492e-11,0.9999851795207654,-1.8200576785880514e-11,0.9999851795207656,-1.8639158410345912e-11
-9.890358491801522e-07,6.004282337256502e-19,-2.085592850196858e-11,-2.085592855855766e-11,8.124707096523775e-19,5.6407529660792e-19,-2.085592861425866e-11,-2.085592859914284e-11,4.104452750472627e-19,4.1293213000048186e-19,-2.0855928566290156e-11,1.1964436724096469e-06,-2.0855928568823057e-11,8.443057134472725e-19,-2.085592853059776e-11,1.3657263230685442e-15,4.057683468858455e-19,1.4574519374106464e-15,5.097701219875932e-19,-2.0855928530039686e-11,-2.0855928553276485e-11,5.964290617099647e-19,1.1540184239739524e-18,1.3526770009037272e-15,4.232139315819322e-19,1.3572240714029422e-15,-2.0855928601953405e-11,1.2143719476976585e-15,-2.0855931356417663e-11,-2.0855928533183027e-11,-2.085592851318693e-11,-2.0855928602171402e-11,1.2986757029005447e-15,-2.0855928572430107e-11,-2.085592858295724e-11,-2.0855928584117837e-11,9.009560573809405e-19,1.298675631317887e-15,-2.0855928610156716e-11,1.4063419185730214e-15,-2.0855928588085124e-11,-2.0855928532544056e-11,8.620244734045367e-19,-2.085592858295724e-11,-2.0855928540596682e-11,-2.0855929057684618e-11,6.301157341178892e-19,7.424758006789111e-19,-4.15747075897883e-08,-2.0855928585363096e-11,7.768880537519637e-19,7.119349165125616e-19,1.2672344828416565e-15,1.2452127835916713e-15,-2.0855928628062954e-11,1.5532721096048484e-15,-4.1574688490539385e-08,-2.0855928568193162e-11,2.818148956810742e-19,7.257675588404851e-19,6.369833550858918e-19,1.2893636396185105e-15,-2.085592857474015e-11,1.2409485962275477e-15,1.2750701988915315e-18,-2.0855931349537217e-11,5.6407529660792e-19,-2.085593085463142e-11,-2.0855928635483313e-11,-2.0855928540596682e-11,-2.0855930863240303e-11,-4.1574665210535044e-08,-2.0855928728492286e-11,-4.157466298737994e-08,-2.085592856849519e-11,-2.085593589280148e-11,7.012453141200485e-19,-2.0855928643632083e-11,3.9819289619768586e-19,-2.0855928601840553e-11,2.1426698665446222e-19,-2.085592856324434e-11,1.1223973509912913e-18
0.999988422800103,-1.770794671917411e-11,0.9999851795207622,0.999985179520763,-1.896551904395599e-11,-1.7657784368770223e-11,0.9999851795207634,0.9999851795207627,-1.9130059043641895e-11,-1.729379083510285e-11,0.999985179520763,-2.0855928568823057e-11,0.9999863759644441,-1.7834062903604127e-11,0.9999851795207629,-1.9522598223608657e-11,-1.8058076761628886e-11,-2.050043270169757e-11,-1.8017292958738377e-11,0.9999851795207638,0.9999851795207634,-1.832960951229385e-11,-1.7187147320538257e-11,-1.926142578213691e-11,-1.7390213074045306e-11,-1.930514472058638e-11,0.9999851795207646,-1.7632069377697272e-11,0.999985310916725,0.9999851795207626,0.9999851795207638,0.9999851795207644,-1.8581133533074717e-11,0.9999851795207625,0.9999851795207623,0.999985179520763,-1.9174321133313093e-11,-1.8581134322362157e-11,0.9999851795207627,-1.9822510232160676e-11,0.9999851795207627,0.999985179520763,-1.766070050556554e-11,0.999985179520764,0.9999851795207633,0.9999852040621071,-1.9421995958566977e-11,-1.7971677232470457e-11,0.9999852669242684,0.9999851795207644,-1.8264441554622043e-11,-1.797167806188801e-11,-1.82244400119258e-11,-1.7864239297104123e-11,0.9999851795207633,-2.165049162817445e-11,0.9999848200308357,0.9999851795207636,-1.7457529368309007e-11,-1.7342069763389966e-11,-1.8329611298889838e-11,-1.8569024188146194e-11,0.9999851795207649,-1.7817256227495812e-11,-1.8905070605959155e-11,0.9999853109167243,-1.765778316581612e-11,0.9999852872538385,0.9999851795207634,0.9999851795207636,0.9999852872538385,0.9999842754253178,0.9999851891514924,0.9999842234782437,0.9999851795207642,0.9999855201748721,-1.8923596935554546e-11,0.9999851795207638,-1.7813829919436585e-11,0.999985179520763,-1.8200576771814877e-11,0.999985179520763,-1.86391584415831e-11
-9.830119631942603e-07,6.33912306823994e-19,-1.7834062880747072e-11,-1.7834062902689556e-11,1.905269457697846e-19,1.0206263033136302e-15,-1.7834062891789325e-11,-1.783406284503816e-11,3.8239433995660393e-19,9.50396605112332e-19,-1.7834062889245784e-11,8.443057134472725e-19,-1.7834062903604127e-11,1.1964436724803027e-06,-1.7834062849011412e-11,7.884637834381223e-20,6.594505699550674e-19,7.858695066825016e-19,4.1221404933359986e-19,-1.7834062880158222e-11,-1.78340628807102e-11,3.1623565615803056e-19,5.334221634946603e-19,2.1734105572908087e-19,7.711538682824837e-19,4.792023457029217e-19,-1.7834062912719396e-11,3.074843609276486e-19,-1.7834065250765033e-11,-1.7834062857522813e-11,-1.7834062912719396e-11,-1.7834062864798154e-11,2.4061705483266604e-19,-1.7834062907439137e-11,-1.7834062848674132e-11,-1.783406291303662e-11,-3.4962603389875414e-19,2.4061705483266604e-19,-1.7834062857522813e-11,1.1820208850753992e-15,-1.7834062872877634e-11,-1.783406283876595e-11,4.781788587227837e-19,-1.7834062872877634e-11,-1.783406283444545e-11,-1.7834063315837502e-11,9.602684766908305e-20,1.1983630253880144e-18,-1.7834064483683412e-11,-1.7834062854477693e-11,5.296717178875984e-19,6.246066113759807e-19,1.3795694272039167e-18,9.454006814120969e-20,-1.7834062880158222e-11,9.405934479312619e-19,-1.7834056289368432e-11,-1.783406285893325e-11,2.1760076262729404e-20,3.3283620077955783e-19,7.215826217433416e-19,6.17470849608425e-19,-1.7834062843726474e-11,1.0292120228697373e-18,1.4527286562733596e-19,-1.7834065252740692e-11,1.0206263349492372e-15,-1.7834064886476213e-11,-1.783406291093409e-11,-1.783406283826099e-11,-1.783406470571827e-11,-3.555081199536232e-08,-1.783406303721156e-11,-1.783404527341398e-11,-1.78340628385304e-11,-1.7834069130243683e-11,1.100324684798234e-15,-1.78340628432162e-11,6.696413615052952e-19,-1.78340628385304e-11,-1.178457149081698e-19,-1.7834062865755997e-11,3.646194967867561e-19
0.9999884228001071,-1.7707946686310032e-11,0.9999851795207638,0.9999851795207656,-1.8965519004797294e-11,-1.765778436209949e-11,0.9999851795207664,0.9999851795207646,-1.9130058997755476e-11,-1.7293790817628834e-11,0.9999851795207648,-2.085592853059776e-11,0.9999851795207629,-1.7834062849011412e-11,0.9999863759644492,-1.952259822314396e-11,-1.8058076783631448e-11,-2.0500432661791727e-11,-1.8017292958310153e-11,0.9999851795207644,0.9999851795207644,-1.8329609536161703e-11,-1.7187147316185342e-11,-1.9261425780661347e-11,-1.7390213021172064e-11,-1.930514472029977e-11,0.9999851795207659,-1.7632069401056268e-11,0.9999853109167267,0.9999851795207659,0.9999851795207653,0.9999851795207654,-1.8581133504450342e-11,0.9999851795207645,0.9999851795207649,0.9999851795207644,-1.9174321102164648e-11,-1.8581134308949245e-11,0.9999851795207645,-1.9822510198085863e-11,0.9999851795207659,0.9999851795207659,-1.766070048678962e-11,0.9999851795207648,0.9999851795207645,0.9999852040621088,-1.94219959640126e-11,-1.7971677258255674e-11,0.999985266924271,0.9999851795207664,-1.8264441532265807e-11,-1.797167806603059e-11,-1.8224440022474727e-11,-1.7864239271804814e-11,0.9999851795207656,-2.1650491651593414e-11,0.9999848200308381,0.9999851795207644,-1.7457529378104367e-11,-1.734206976709554e-11,-1.8329611331094205e-11,-1.856902417914936e-11,0.9999851795207664,-1.7817256204458803e-11,-1.8905070632078585e-11,0.999985310916726,-1.765778319871531e-11,0.9999852872538411,0.9999851795207642,0.9999851795207653,0.9999852872538411,0.9999842754253196,0.9999851891514935,0.999984223478246,0.9999851795207649,0.9999855201748732,-1.892359691662391e-11,0.9999851795207663,-1.7813829889528235e-11,0.9999851795207644,-1.8200576798130193e-11,0.9999851795207649,-1.8639158432533603e-11
-9.863779473759915e-07,9.032418041033284e-19,-1.9522598212783858e-11,-1.9522598221150515e-11,8.998048193164224e-19,1.4540714439368614e-19,-1.952259822626394e-11,-1.9522598190228565e-11,3.094021062401082e-19,7.950771039563335e-19,-1.9522598211459183e-11,1.3657263230685442e-15,-1.9522598223608657e-11,7.884637834381223e-20,-1.952259822314396e-11,1.196443672300967e-06,6.991083573970916e-19,1.3461028567309186e-15,1.1305567659835393e-15,-1.952259824054662e-11,-1.9522598232302312e-11,1.4958866703755124e-18,2.0706141921664703e-20,7.720115509688774e-19,4.0832921164719127e-19,8.936373208535193e-19,-1.9522598205007914e-11,2.8066360899755505e-19,-1.952260086436723e-11,-1.952259820859274e-11,-1.9522598233134304e-11,-1.9522598250221313e-11,1.8666110527961046e-19,-1.9522598227804556e-11,-1.9522598205007914e-11,-1.9522598235674863e-11,1.0073860107513347e-18,1.8666110527961046e-19,-1.9522598208187148e-11,6.248927674662074e-19,-1.9522598245692657e-11,-1.952259822166917e-11,7.335866488744032e-19,-1.9522598212783858e-11,-1.9522598223608657e-11,-1.9522598729151058e-11,9.29320278809822e-19,9.651555327881925e-19,-3.891681518133387e-08,-1.9522598192035535e-11,3.517241657384605e-19,9.651555327881925e-19,1.1580769093497268e-15,1.1806033102632605e-18,-1.952259818460907e-11,1.43375010091656e-15,-3.89167972466321e-08,-1.952259822050867e-11,4.665114941475373e-19,7.933106035627635e-19,1.0604341743366977e-18,5.8087741854158615e-19,-1.9522598204101473e-11,2.2496273199822688e-19,1.2071927375442069e-15,-1.9522600858824128e-11,5.516678958388031e-19,-1.9522600378720575e-11,-1.9522598212783858e-11,-1.9522598235674863e-11,-1.9522600356620974e-11,-3.8916775385233676e-08,-1.9522598411836694e-11,-3.891677330009431e-08,-1.9522598227418095e-11,-1.9522605066458533e-11,9.592413790549087e-19,-1.952259822626394e-11,8.33142227639206e-19,-1.952259822626394e-11,9.14767766704737e-19,-1.9522598204101473e-11,1.1843527282549717e-15
-9.834585229708743e-07,3.4671046396407434e-19,-1.8058076796905855e-11,-1.8058076782615925e-11,8.069407029778992e-19,4.992975648812975e-19,-1.8058076773227177e-11,-1.805807675845044e-11,1.1251769300361257e-15,7.444483156693519e-19,-1.805807677394723e-11,4.057683468858455e-19,-1.8058076761628886e-11,6.594505699550674e-19,-1.8058076783631448e-11,6.991083573970916e-19,1.1964436723027797e-06,6.56520287101152e-19,9.897033766122488e-19,-1.805807678856658e-11,-1.8058076774253976e-11,1.2901415150589436e-18,6.264750011327845e-19,1.1343900210188972e-15,4.391669308245584e-19,7.786836549051137e-19,-1.805807677848703e-11,4.711871204004473e-19,-1.8058079198203997e-11,-1.805807676145019e-11,-1.8058076781938442e-11,-1.805807679829426e-11,5.834643431284091e-19,-1.8058076781801498e-11,-1.8058076796905855e-11,-1.8058076776296042e-11,5.433062620442074e-19,4.375485452587681e-19,-1.805807678131569e-11,7.199436072308221e-19,-1.8058076808834513e-11,-1.805807676145019e-11,7.806375534489914e-19,-1.8058076758450435e-11,-1.805807678131569e-11,-1.8058077246238002e-11,1.1352563456703536e-15,3.26270589136563e-19,-1.8058078397684045e-11,-1.8058076758450435e-11,-1.8437418921102416e-21,3.26270589136563e-19,3.5075187412818495e-19,4.762916666818592e-19,-1.805807674903543e-11,6.297643053949807e-19,-1.8058070032036215e-11,-1.805807675780264e-11,5.938369601881605e-19,6.99944652704748e-19,1.0362362411813231e-18,1.2218584934453488e-18,-1.8058076751396975e-11,3.9482816266903104e-19,5.660934021992637e-19,-1.8058079198203997e-11,3.51783150597674e-19,-1.8058078769646746e-11,-1.8058076799621398e-11,-1.8058076791040902e-11,-1.805807878886334e-11,-3.5997366253623316e-08,-1.8058076982352814e-11,-3.5997364321955786e-08,-1.8058076774253976e-11,-1.805808314841555e-11,3.8942448208442284e-19,-1.8058076768773067e-11,7.105638007042467e-19,-1.805807674958642e-11,-6.668841146044059e-20,-1.8058076800048388e-11,7.18224356303667e-19
-9.883271909103365e-07,4.620609056502703e-19,-2.050043268219152e-11,-2.0500432686829515e-11,7.197040213325033e-19,6.0245299022594e-19,-2.0500432702056883e-11,-2.0500432678059362e-11,5.977488900987694e-19,5.18300113254681e-19,-2.0500432697782114e-11,1.4574519374106464e-15,-2.050043270169757e-11,7.858695066825016e-19,-2.0500432661791727e-11,1.3461028567309186e-15,6.56520287101152e-19,1.196443671106645e-06,6.135891233693284e-19,-2.0500432724299656e-11,-2.0500432682154982e-11,4.673250636944895e-19,1.166885625611305e-15,8.993442674185361e-19,5.112551725405628e-19,1.3378832874836343e-15,-2.0500432697782114e-11,1.0560867046777578e-18,-2.050043547444812e-11,-2.050043267388467e-11,-2.0500432702056883e-11,-2.0500432671843074e-11,1.2802804959312533e-15,-2.0500432678043855e-11,-2.050043270394713e-11,-2.050043267423619e-11,6.372541720448333e-19,1.2802804271553477e-15,-2.0500432640985172e-11,1.3860148289511628e-15,-2.0500432686829515e-11,-2.0500432686829515e-11,7.000563504985705e-19,-2.0500432689885773e-11,-2.0500432663238376e-11,-2.0500433193011014e-11,6.539616156774148e-19,1.2366576321329336e-15,-4.0866053638028776e-08,-2.0500432672678365e-11,1.2537161997311805e-15,1.236657580413241e-15,1.24908655501095e-15,2.945160466405453e-19,-2.0500432700589015e-11,1.5304082185261105e-15,-2.0500425004195247e-11,-2.050043270169757e-11,5.327554830269083e-19,1.1811441633232775e-15,7.366675713208631e-19,1.7454678963981361e-19,-2.0500432668517394e-11,7.148326654838919e-19,7.496762144686236e-19,-2.05004355098415e-11,4.476577080611253e-19,-2.0500434973935558e-11,-2.0500432689885773e-11,-2.0500432717058285e-11,-2.050043496926331e-11,-4.086601199763134e-08,-2.0500432930243246e-11,-4.0866009813324354e-08,-2.050043270095335e-11,-2.0500439859939975e-11,7.637409318293087e-19,-2.050043267388467e-11,7.602245212130271e-19,-2.0500432692003863e-11,4.761365537079505e-19,-2.0500432718331083e-11,7.702420837288696e-19
-9.833772193032408e-07,8.271739344195234e-19,-1.8017292968895596e-11,-1.8017292958533475e-11,4.421424460682922e-19,9.015599265115515e-19,-1.8017292979140606e-11,-1.801729292711589e-11,1.168891142015032e-18,5.447699909451453e-19,-1.801729291894782e-11,5.097701219875932e-19,-1.8017292958738377e-11,4.1221404933359986e-19,-1.8017292958310153e-11,1.1305567659835393e-15,9.897033766122488e-19,6.135891233693284e-19,1.1964436710292656e-06,-1.801729297386974e-11,-1.801729296757766e-11,9.2387206941953e-19,1.9897114590856057e-19,5.837166422045405e-19,2.686801653322662e-19,5.652048966011566e-19,-1.8017292938500654e-11,1.0092269375212758e-18,-1.8017295413476238e-11,-1.801729298137877e-11,-1.8017292970194625e-11,-1.8017292976801016e-11,5.170317419857248e-19,-1.8017292955733744e-11,-1.80172929420784e-11,-1.8017292934398468e-11,-7.73129770000986e-20,7.179648186648836e-19,-1.801729295151914e-11,-1.1877850573624218e-19,-1.8017292962046825e-11,-1.801729296998259e-11,4.447742496920995e-19,-1.8017292974122176e-11,-1.8017292951549903e-11,-1.801729342198238e-11,1.5657594043527576e-19,8.158056672680198e-19,-1.801729428660932e-11,-1.801729299846868e-11,1.3731388267107929e-18,-8.014418483823153e-20,7.576810987645264e-19,3.711782187955755e-19,-1.8017292985504064e-11,1.3026776172862841e-15,-3.591608715820203e-08,-1.801729294754237e-11,3.536097589131609e-19,2.6066280747086434e-19,1.0117498521157748e-18,1.5986255386568903e-18,-1.801729297409903e-11,1.0719978357072975e-18,4.742486287583654e-19,-1.8017295454903915e-11,2.4242539799854903e-20,-1.801729494673289e-11,-1.8017292969110388e-11,-1.80172929515098e-11,-1.801729495181885e-11,-3.591606692821862e-08,-1.8017293119759743e-11,-3.5916064998536896e-08,-1.801729297409903e-11,-1.8017299160148885e-11,6.288528250697757e-19,-1.8017292970326434e-11,1.0953646948995195e-19,-1.801729295005412e-11,5.901246313952726e-19,-1.8017292979140606e-11,1.9986375075183779e-19
0.999988422800104,-1.77079467014414e-11,0.9999851795207634,0.9999851795207652,-1.8965519035972174e-11,-1.765778436990356e-11,0.9999851795207645,0.9999851795207657,-1.9130059006154574e-11,-1.729379089008108e-11,0.9999851795207657,-2.0855928530039686e-11,0.9999851795207638,-1.7834062880158222e-11,0.9999851795207644,-1.952259824054662e-11,-1.805807678856658e-11,-2.0500432724299656e-11,-1.801729297386974e-11,0.9999863759644444,0.9999851795207656,-1.8329609512083358e-11,-1.718714730745889e-11,-1.926142577254126e-11,-1.739021302049893e-11,-1.9305144772484012e-11,0.9999851795207667,-1.7632069407394885e-11,0.9999853109167265,0.9999851795207656,0.9999851795207659,0.9999851795207657,-1.8581133544713148e-11,0.9999851795207648,0.9999851795207636,0.9999851795207653,-1.917432112327118e-11,-1.8581134313857528e-11,0.9999851795207648,-1.9822510237144866e-11,0.9999851795207646,0.9999851795207649,-1.7660700491988556e-11,0.9999851795207664,0.9999851795207656,0.99998520406211,-1.9421995945658978e-11,-1.797167720510278e-11,0.9999852669242701,0.999985179520766,-1.826444155298176e-11,-1.7971678084284767e-11,-1.8224440024592338e-11,-1.786423929145592e-11,0.9999851795207654,-2.165049163930889e-11,0.9999848200308382,0.9999851795207659,-1.745752942376437e-11,-1.7342069789165615e-11,-1.8329611321811775e-11,-1.8569024158270023e-11,0.9999851795207664,-1.7817256228256547e-11,-1.890507060477943e-11,0.9999853109167267,-1.765778320365136e-11,0.9999852872538404,0.9999851795207656,0.9999851795207656,0.9999852872538407,0.9999842754253204,0.999985189151494,0.9999842234782466,0.9999851795207656,0.9999855201748744,-1.8923596956839283e-11,0.9999851795207663,-1.781382990092083e-11,0.9999851795207654,-1.8200576771814877e-11,0.9999851795207654,-1.8639158464620217e-11
0.9999884228001049,-1.7707946686310032e-11,0.9999851795207644,0.999985179520766,-1.896551907894016e-11,-1.7657784363598057e-11,0.999985179520767,0.9999851795207656,-1.9130059016175796e-11,-1.729379087775957e-11,0.9999851795207656,-2.0855928553276485e-11,0.9999851795207634,-1.78340628807102e-11,0.9999851795207644,-1.9522598232302312e-11,-1.8058076774253976e-11,-2.0500432682154982e-11,-1.801729296757766e-11,0.9999851795207656,0.9999863759644488,-1.8329609500934724e-11,-1.718714730788738e-11,-1.926142580177114e-11,-1.7390212979199388e-11,-1.9305144714663596e-11,0.9999851795207659,-1.7632069383830797e-11,0.9999853109167273,0.9999851795207656,0.9999851795207663,0.9999851795207672,-1.858113353144097e-11,0.9999851795207649,0.9999851795207654,0.9999851795207648,-1.9174321104067477e-11,-1.8581134313857528e-11,0.9999851795207652,-1.982251024040174e-11,0.9999851795207663,0.999985179520766,-1.7660700506294768e-11,0.9999851795207663,0.9999851795207656,0.9999852040621096,-1.942199596560117e-11,-1.7971677258255674e-11,0.9999852669242711,0.9999851795207678,-1.8264441544743316e-11,-1.7971678098663237e-11,-1.8224439984402582e-11,-1.7864239263607757e-11,0.9999851795207649,-2.1650491655807172e-11,0.999984820030839,0.9999851795207656,-1.745752945221285e-11,-1.734206975804651e-11,-1.832961131196622e-11,-1.856902416754189e-11,0.9999851795207664,-1.781725621661544e-11,-1.890507059942119e-11,0.9999853109167273,-1.7657783218312855e-11,0.9999852872538416,0.9999851795207652,0.9999851795207657,0.9999852872538422,0.9999842754253204,0.9999851891514943,0.9999842234782468,0.9999851795207646,0.9999855201748754,-1.8923596970622448e-11,0.9999851795207664,-1.7813829880537783e-11,0.9999851795207652,-1.8200576802695077e-11,0.9999851795207656,-1.863915843306972e-11
