1.0000000016440604,1.000007567441151,1.0000075674411477,2.779275296864137e-09,1.000007545523709,1.0000075455237043,1.0000075674411484,1.0000075674411477,2.453598356613693e-09,1.0000075674411477,2.779275747652664e-09,1.000007545523714,1.0000075674411506,1.0000075674411533,1.0000075674411477,1.0000074903264338,1.0000075674411493,1.0000075674411537,2.779275747652664e-09,1.0000075674411522,1.0000075455237103,1.0000074903264333,1.000007567441149,2.7792774005447414e-09,2.779275747652807e-09,1.0000075674411484,1.0000075674411475,1.549245559178254e-09,2.7792756803555315e-09,1.000007545523714,1.0000075455237047,1.000007567441152,1.0000075674411506,1.5492457563981538e-09,1.0000075674411553,1.0000075455237103,1.0000074903264349,2.779275679984236e-09,1.5492457563981538e-09,1.0000075674411506,2.7792773332542007e-09,2.7792757476529505e-09,1.0000075455237096,1.0000074903264349,1.000007567441149,2.779275747652664e-09,1.0000075674411488,1.0000075674411504,1.0000075674411522,2.779277329230428e-09,1.0000075455237105,1.0000075455237043,1.0000075455237047,2.779275747652664e-09,1.0000075455237083,1.0000075455237043,2.7792756236355095e-09,1.000007567441147,2.779277276899025e-09,2.779275747652807e-09,1.0000075674411484,1.0000075674411553,2.7792757490283616e-09,1.0000075674411475,1.0000075674411475,1.0000075455237072,1.0000075674411475,1.0000075674411528,1.0000075674411475,1.0000075674411508
1.000007567441151,1.0000084687749524,1.0000106436948732,-1.087110259973421e-12,1.000010621777365,1.000010621777364,1.0000106436948752,1.0000106436948752,-1.2506056925705842e-12,1.0000106436948755,-1.0871102784324255e-12,1.0000106217773646,1.0000106436948748,1.0000106436948764,1.0000106436948757,1.0000105665799204,1.0000106436948755,1.000010643694876,-1.0871096736523921e-12,1.000010643694876,1.0000106217773639,1.0000105665799197,1.0000106436948752,-1.0871099341834554e-12,-1.0871097716857004e-12,1.0000106436948752,1.0000106436948748,-1.7045887140001455e-12,-1.0871096966411657e-12,1.0000106217773646,1.0000106217773646,1.0000106436948764,1.0000106436948755,-1.7045885898948491e-12,1.0000106436948744,1.0000106217773648,1.0000105665799204,-1.0871097944940864e-12,-1.7045890744820442e-12,1.0000106436948766,-1.087110043185321e-12,-1.0871097935966332e-12,1.000010621777364,1.0000105665799193,1.0000106436948752,-1.0871098476884798e-12,1.0000106436948746,1.0000106436948755,1.000010643694876,-1.0871099352357837e-12,1.0000106217773646,1.0000106217773646,1.0000106217773646,-1.0871100279368719e-12,1.000010621777364,1.0000106217773646,-1.0871097582157798e-12,1.0000106436948744,-1.0871096921771674e-12,-1.0871098088928684e-12,1.0000106436948752,1.0000106436948744,-1.0871097798117517e-12,1.0000106436948748,1.0000106436948748,1.000010621777365,1.0000106436948761,1.0000106436948757,1.0000106436948757,1.0000106436948757
1.0000075674411477,1.0000106436948732,1.0000084687749446,-1.0871102478866547e-12,1.0000106217773628,1.0000106217773606,1.000010643694872,1.0000106436948717,-1.2506056347222216e-12,1.0000106436948728,-1.0871102493444337e-12,1.0000106217773617,1.0000106436948704,1.0000106436948732,1.0000106436948726,1.000010566579917,1.0000106436948732,1.000010643694874,-1.0871096083596435e-12,1.0000106436948717,1.000010621777362,1.000010566579916,1.0000106436948717,-1.0871099234136168e-12,-1.087109739696584e-12,1.000010643694872,1.0000106436948732,-1.7045887445175699e-12,-1.0871097422600686e-12,1.0000106217773617,1.0000106217773617,1.0000106436948737,1.0000106436948726,-1.7045886075579433e-12,1.0000106436948717,1.000010621777362,1.000010566579917,-1.0871098379610178e-12,-1.7045890736315375e-12,1.0000106436948728,-1.0871100870399352e-12,-1.0871098242325599e-12,1.000010621777361,1.000010566579916,1.000010643694872,-1.0871099194232902e-12,1.0000106436948717,1.0000106436948721,1.0000106436948728,-1.0871099476070903e-12,1.0000106217773623,1.0000106217773608,1.0000106217773619,-1.0871101075360737e-12,1.0000106217773612,1.0000106217773597,-1.0871097712965858e-12,1.0000106436948712,-1.0871096873336717e-12,-1.0871098088928684e-12,1.000010643694872,1.0000106436948717,-1.087109756762141e-12,1.0000106436948708,1.0000106436948732,1.000010621777363,1.0000106436948735,1.0000106436948717,1.0000106436948744,1.0000106436948717
2.779275296864137e-09,-1.087110259973421e-12,-1.0871102478866547e-12,-2.174920023964694e-06,-1.0871102016094838e-12,-1.0871101998724933e-12,-1.0871102336043963e-12,-1.087110240812643e-12,-7.564569690709319e-16,-1.0871102297741863e-12,-5.130836252338081e-16,-1.0871102450970664e-12,-1.087110264829846e-12,-1.087110240812643e-12,-1.0871102158255077e-12,-2.1655595921333267e-09,-1.0871102302665912e-12,-1.08711021343878e-12,-5.130837444131759e-16,-1.0871102158255077e-12,-1.0871102450970664e-12,-2.1655595921333114e-09,-1.0871102582668737e-12,-5.130837092443979e-16,-5.130837124456589e-16,-1.0871102371199117e-12,-1.0871102295142167e-12,-3.9131721044400125e-19,-5.130837185713261e-16,-1.0871102232654228e-12,-1.0871102426107667e-12,-1.08711021343878e-12,-1.0871102158255077e-12,-4.3319974452026454e-19,-1.0871102295142167e-12,-1.0871101605169927e-12,-2.1655595921333163e-09,-5.1308368453166775e-16,-4.0978285035209336e-19,-1.0871102158255077e-12,-5.130836667520604e-16,-5.130837360886573e-16,-1.0871102325666725e-12,-2.1655595921332907e-09,-1.0871102302665912e-12,-5.130837252657897e-16,-1.0871102584963466e-12,-1.0871102500219744e-12,-1.0871102821276677e-12,-5.130836786541764e-16,-1.0871102167838589e-12,-1.0871102370708188e-12,-1.0871102309698955e-12,-5.130837021186204e-16,-1.0871101605169927e-12,-1.0871102206003838e-12,-5.130837355910676e-16,-1.0871102371199117e-12,-5.130837224720942e-16,-5.130837114502908e-16,-1.0871102306705494e-12,-1.0871102468252258e-12,-5.130837270824698e-16,-1.087110246825283e-12,-1.0871102137129472e-12,-1.0871101553430202e-12,-1.0871102850635655e-12,-1.0871102256304737e-12,-1.0871102506597013e-12,-1.0871102445575893e-12
1.000007545523709,1.000010621777365,1.0000106217773628,-1.0871102016094838e-12,1.000008424939927,1.0000105998598552,1.0000106217773626,1.0000106217773628,-2.4912467750585427e-09,1.0000106217773632,-1.0871102744006139e-12,1.0000105998598543,1.0000106217773632,1.000010621777364,1.0000106217773637,1.000010544662411,1.0000106217773637,1.0000106217773639,-1.087109668093612e-12,1.0000106217773637,1.0000105998598536,1.000010544662409,1.0000106217773628,-1.0871098852703594e-12,-1.0871097628602457e-12,1.0000106217773626,1.0000106217773628,-3.3955973751680485e-09,-1.0871096957277786e-12,1.0000105998598527,1.0000105998598539,1.0000106217773637,1.000010621777362,-3.3955971678733386e-09,1.0000106217773639,1.0000105998598545,1.0000105446624104,-1.0871097481761106e-12,-3.3955981891432507e-09,1.0000106217773643,-1.0871100619883545e-12,-1.0871097239140286e-12,1.0000105998598556,1.0000105446624092,1.0000106217773626,-1.0871098179720024e-12,1.0000106217773626,1.0000106217773626,1.0000106217773628,-1.0871100046255027e-12,1.0000105998598545,1.0000105998598545,1.000010599859854,-1.0871100972689144e-12,1.0000105998598539,1.0000105998598539,-1.087109791320101e-12,1.0000106217773617,-1.0871096731445963e-12,-1.0871098359056973e-12,1.0000106217773626,1.0000106217773639,-1.0871097265232103e-12,1.0000106217773623,1.0000106217773628,1.000010599859855,1.0000106217773632,1.000010621777366,1.0000106217773639,1.0000106217773663
1.0000075455237043,1.000010621777364,1.0000106217773606,-1.0871101998724933e-12,1.0000105998598552,1.0000084249399275,1.0000106217773628,1.000010621777362,-2.4912467750585225e-09,1.0000106217773639,-1.0871103027659946e-12,1.0000105998598532,1.0000106217773637,1.000010621777364,1.0000106217773634,1.0000105446624104,1.0000106217773637,1.0000106217773639,-1.0871097228527747e-12,1.000010621777364,1.0000105998598539,1.0000105446624092,1.0000106217773628,-1.0871098938026477e-12,-1.0871096759908513e-12,1.0000106217773628,1.000010621777364,-3.3955973751681403e-09,-1.0871096829810691e-12,1.0000105998598532,1.0000105998598545,1.0000106217773648,1.0000106217773617,-3.3955971678733184e-09,1.0000106217773626,1.0000105998598547,1.0000105446624097,-1.0871097973295656e-12,-3.395598189143169e-09,1.0000106217773646,-1.0871100619883545e-12,-1.0871097632479361e-12,1.0000105998598539,1.0000105446624081,1.0000106217773628,-1.0871098203776607e-12,1.000010621777362,1.000010621777363,1.000010621777363,-1.0871099771818276e-12,1.0000105998598545,1.0000105998598545,1.000010599859855,-1.0871100207332061e-12,1.0000105998598539,1.0000105998598536,-1.0871097826231498e-12,1.0000106217773617,-1.087109685479398e-12,-1.0871098639818696e-12,1.0000106217773628,1.0000106217773626,-1.0871096698228161e-12,1.000010621777362,1.000010621777364,1.000010599859855,1.0000106217773634,1.0000106217773632,1.000010621777364,1.0000106217773639
1.0000075674411484,1.0000106436948752,1.000010643694872,-1.0871102336043963e-12,1.0000106217773626,1.0000106217773628,1.0000084687749495,1.0000106436948726,-1.2506056821475891e-12,1.000010643694874,-1.0871102248852062e-12,1.0000106217773617,1.0000106436948735,1.0000106436948746,1.0000106436948737,1.0000105665799168,1.000010643694874,1.000010643694875,-1.0871096911891783e-12,1.0000106436948744,1.0000106217773619,1.0000105665799193,1.0000106436948728,-1.0871099846491737e-12,-1.087109741797176e-12,1.0000106436948728,1.0000106436948737,-1.7045887352860905e-12,-1.087109723274824e-12,1.0000106217773612,1.0000106217773626,1.0000106436948732,1.0000106436948721,-1.7045885761565765e-12,1.0000106436948744,1.0000106217773634,1.000010566579919,-1.0871098018470514e-12,-1.7045890824058714e-12,1.000010643694874,-1.087110054107547e-12,-1.0871098554746156e-12,1.000010621777363,1.0000105665799184,1.0000106436948728,-1.087109804416518e-12,1.0000106436948728,1.0000106436948726,1.0000106436948735,-1.0871099283319348e-12,1.0000106217773628,1.0000106217773628,1.0000106217773628,-1.0871100502488382e-12,1.0000106217773612,1.0000106217773626,-1.0871097426391672e-12,1.000010643694872,-1.0871096488137695e-12,-1.087109852831223e-12,1.0000106436948728,1.0000106436948744,-1.0871097718174285e-12,1.0000106436948726,1.0000106436948737,1.0000106217773639,1.0000106436948744,1.0000106436948737,1.0000106436948744,1.0000106436948737
1.0000075674411477,1.0000106436948752,1.0000106436948717,-1.087110240812643e-12,1.0000106217773628,1.000010621777362,1.0000106436948726,1.0000084687749469,-1.250605686271934e-12,1.000010643694873,-1.0871102532555623e-12,1.0000106217773626,1.0000106436948717,1.000010643694874,1.0000106436948721,1.0000105665799184,1.0000106436948735,1.000010643694874,-1.0871096640122485e-12,1.0000106436948728,1.0000106217773619,1.000010566579917,1.0000106436948721,-1.0871099332314285e-12,-1.0871097904919624e-12,1.0000106436948726,1.000010643694874,-1.7045886740685528e-12,-1.087109718311166e-12,1.0000106217773626,1.0000106217773628,1.0000106436948724,1.0000106436948726,-1.7045886094674934e-12,1.0000106436948728,1.0000106217773619,1.0000105665799186,-1.0871098515064444e-12,-1.7045890030364117e-12,1.0000106436948737,-1.0871100845904027e-12,-1.0871097935966332e-12,1.000010621777362,1.0000105665799173,1.0000106436948728,-1.0871098044030722e-12,1.0000106436948721,1.0000106436948726,1.0000106436948728,-1.0871099283319348e-12,1.0000106217773617,1.0000106217773626,1.0000106217773628,-1.087110064482095e-12,1.0000106217773617,1.000010621777362,-1.0871098077431905e-12,1.0000106436948726,-1.0871097059756693e-12,-1.087109879426458e-12,1.0000106436948726,1.0000106436948728,-1.0871097846706304e-12,1.0000106436948717,1.000010643694874,1.0000106217773628,1.0000106436948732,1.000010643694873,1.0000106436948741,1.0000106436948746
2.453598356613693e-09,-1.2506056925705842e-12,-1.2506056347222216e-12,-7.564569690709319e-16,-2.4912467750585427e-09,-2.4912467750585225e-09,-1.2506056821475891e-12,-1.250605686271934e-12,-2.1749200206686066e-06,-1.2506056688212015e-12,-7.564568840666372e-16,-2.49124677505842e-09,-1.250605634722214e-12,-1.2506056947541155e-12,-1.250605634722214e-12,-2.491246805331814e-09,-1.2506056492231885e-12,-1.2506056688212015e-12,-7.564570591787848e-16,-1.2506056947541155e-12,-2.491246775058553e-09,-2.4912468053318448e-09,-1.2506056932297222e-12,-7.564570076505932e-16,-7.564570119850258e-16,-1.250605676146063e-12,-1.250605708077153e-12,-1.1161643556863508e-15,-7.564570210281652e-16,-2.49124677505842e-09,-2.4912467750585018e-09,-1.2506056492231885e-12,-1.2506056947541155e-12,-1.1161643372179875e-15,-1.2506057036235354e-12,-2.4912467750586147e-09,-2.4912468053317323e-09,-7.564569709274156e-16,-1.1161642883198014e-15,-1.2506056630963687e-12,-7.564569451361145e-16,-7.564570470684147e-16,-2.491246775058471e-09,-2.4912468053317116e-09,-1.250605634722214e-12,-7.564570311591683e-16,-1.250605676146063e-12,-1.2506056947541155e-12,-1.2506056492231885e-12,-7.564569625557609e-16,-2.4912467750585324e-09,-2.491246775058512e-09,-2.491246775058492e-09,-7.56456997360952e-16,-2.49124677505844e-09,-2.491246775058512e-09,-7.564570463672122e-16,-1.2506056688212015e-12,-7.564570267881218e-16,-7.564570108170873e-16,-1.250605676146063e-12,-1.2506056947541155e-12,-7.564570337032394e-16,-1.250605686271934e-12,-1.2506056925705842e-12,-2.4912467750586147e-09,-1.2506057004335897e-12,-1.250605710905909e-12,-1.2506057332564508e-12,-1.2506056932297222e-12
1.0000075674411477,1.0000106436948755,1.0000106436948728,-1.0871102297741863e-12,1.0000106217773632,1.0000106217773639,1.000010643694874,1.000010643694873,-1.2506056688212015e-12,1.0000084687749522,-1.087110237055979e-12,1.0000106217773637,1.000010643694874,1.0000106436948755,1.000010643694874,1.0000105665799197,1.0000106436948748,1.000010643694876,-1.0871096647319233e-12,1.0000106436948748,1.0000106217773637,1.0000105665799193,1.000010643694874,-1.0871099815572235e-12,-1.0871097871645113e-12,1.000010643694874,1.0000106436948748,-1.7045886563474968e-12,-1.08710971760842e-12,1.000010621777363,1.000010621777363,1.0000106436948748,1.0000106436948737,-1.7045886083794956e-12,1.0000106436948741,1.0000106217773648,1.0000105665799204,-1.087109829998414e-12,-1.7045890594609218e-12,1.0000106436948746,-1.087110027767218e-12,-1.0871097469636547e-12,1.0000106217773628,1.0000105665799182,1.0000106436948744,-1.0871098669736972e-12,1.0000106436948737,1.000010643694874,1.0000106436948746,-1.0871099352357837e-12,1.0000106217773648,1.0000106217773639,1.0000106217773639,-1.0871100279368719e-12,1.0000106217773626,1.0000106217773632,-1.0871097929455778e-12,1.0000106436948732,-1.0871096985353633e-12,-1.0871098237559025e-12,1.000010643694874,1.0000106436948741,-1.087109756762141e-12,1.000010643694873,1.0000106436948748,1.0000106217773659,1.0000106436948744,1.0000106436948744,1.0000106436948746,1.000010643694875
2.779275747652664e-09,-1.0871102784324255e-12,-1.0871102493444337e-12,-5.130836252338081e-16,-1.0871102744006139e-12,-1.0871103027659946e-12,-1.0871102248852062e-12,-1.0871102532555623e-12,-7.564568840666372e-16,-1.087110237055979e-12,-2.174920023964694e-06,-1.0871102445846217e-12,-1.087110241261288e-12,-1.0871102272129884e-12,-1.0871102532640744e-12,-2.1655596481770776e-09,-1.0871102218031769e-12,-1.0871102409027152e-12,-5.130836868782335e-16,-1.0871102515234944e-12,-1.0871103036904424e-12,-2.1655596481771032e-09,-1.0871103003009996e-12,-5.130836517094418e-16,-5.13083654910711e-16,-1.0871102573720945e-12,-1.0871102515234944e-12,-3.9131721044400125e-19,-5.130836610363639e-16,-1.087110214213078e-12,-1.0871102663213841e-12,-1.0871103003009996e-12,-1.0871102565953618e-12,-4.0978285035209336e-19,-1.0871102532640744e-12,-1.0871102876230503e-12,-2.165559648177052e-09,-5.130836269967146e-16,-4.0978285035209336e-19,-1.0871102456442235e-12,-5.130836092171059e-16,-5.130836785537183e-16,-1.0871102200716409e-12,-2.16555964817697e-09,-1.0871102374554249e-12,-5.130836677308238e-16,-1.0871102492097622e-12,-1.0871102784324255e-12,-1.0871102293512175e-12,-5.130836211192128e-16,-1.0871102663213841e-12,-1.0871102663213841e-12,-1.087110214213078e-12,-5.130836445836579e-16,-1.087110260119632e-12,-1.0871101372960871e-12,-5.130836780561109e-16,-1.0871102401314977e-12,-5.1308366493715e-16,-5.130836539153449e-16,-1.0871102374554249e-12,-1.0871102790589855e-12,-5.130836695475145e-16,-1.087110241261288e-12,-1.0871102784324255e-12,-1.087110240065795e-12,-1.0871102467474294e-12,-1.087110179129569e-12,-1.0871102703753965e-12,-1.0871101968424435e-12
1.000007545523714,1.0000106217773646,1.0000106217773617,-1.0871102450970664e-12,1.0000105998598543,1.0000105998598532,1.0000106217773617,1.0000106217773626,-2.49124677505842e-09,1.0000106217773637,-1.0871102445846217e-12,1.000008424939928,1.0000106217773626,1.0000106217773648,1.0000106217773626,1.0000105446624101,1.0000106217773639,1.000010621777364,-1.0871095982457825e-12,1.0000106217773637,1.0000105998598536,1.0000105446624092,1.0000106217773617,-1.0871099350988063e-12,-1.087109680913754e-12,1.0000106217773617,1.0000106217773628,-3.3955973751681403e-09,-1.0871096157898845e-12,1.0000105998598536,1.0000105998598536,1.0000106217773639,1.0000106217773626,-3.3955971678732568e-09,1.0000106217773639,1.000010599859854,1.0000105446624104,-1.087109854562296e-12,-3.395598189143128e-09,1.0000106217773639,-1.0871100619883545e-12,-1.0871097596709153e-12,1.0000105998598532,1.0000105446624101,1.0000106217773617,-1.0871098362374466e-12,1.0000106217773617,1.0000106217773617,1.000010621777363,-1.0871099793248654e-12,1.0000105998598552,1.000010599859854,1.0000105998598543,-1.0871100560495721e-12,1.0000105998598536,1.0000105998598532,-1.0871098127489296e-12,1.0000106217773617,-1.08710960603057e-12,-1.0871098614768938e-12,1.0000106217773617,1.0000106217773639,-1.0871096991435092e-12,1.0000106217773626,1.0000106217773628,1.000010599859854,1.000010621777363,1.0000106217773632,1.0000106217773632,1.000010621777364
1.0000075674411506,1.0000106436948748,1.0000106436948704,-1.087110264829846e-12,1.0000106217773632,1.0000106217773637,1.0000106436948735,1.0000106436948717,-1.250605634722214e-12,1.000010643694874,-1.087110241261288e-12,1.0000106217773626,1.0000084687749466,1.0000106436948746,1.0000106436948735,1.000010566579919,1.0000106436948737,1.0000106436948744,-1.0871096927244536e-12,1.000010643694874,1.000010621777362,1.0000105665799186,1.0000106436948728,-1.0871099281983608e-12,-1.0871097093016696e-12,1.0000106436948735,1.0000106436948744,-1.7045887108750628e-12,-1.0871097118808713e-12,1.0000106217773623,1.0000106217773628,1.0000106436948741,1.000010643694872,-1.7045886094670073e-12,1.0000106436948737,1.0000106217773628,1.0000105665799182,-1.0871098045743252e-12,-1.7045890367002385e-12,1.0000106436948746,-1.0871100133600534e-12,-1.0871098724954895e-12,1.0000106217773632,1.0000105665799164,1.0000106436948737,-1.087109817531767e-12,1.0000106436948726,1.0000106436948728,1.0000106436948737,-1.0871099305386507e-12,1.0000106217773632,1.0000106217773628,1.0000106217773619,-1.0871100764135459e-12,1.0000106217773626,1.0000106217773628,-1.0871098128669953e-12,1.0000106436948721,-1.0871096753667524e-12,-1.0871098692206825e-12,1.0000106436948735,1.0000106436948737,-1.0871097195038025e-12,1.0000106436948717,1.0000106436948744,1.0000106217773639,1.000010643694874,1.0000106436948732,1.0000106436948748,1.0000106436948737
1.0000075674411533,1.0000106436948764,1.0000106436948732,-1.087110240812643e-12,1.000010621777364,1.000010621777364,1.0000106436948746,1.000010643694874,-1.2506056947541155e-12,1.0000106436948755,-1.0871102272129884e-12,1.0000106217773648,1.0000106436948746,1.000008468774947,1.0000106436948748,1.00001056657992,1.0000106436948757,1.0000106436948764,-1.0871096720200213e-12,1.000010643694876,1.0000106217773648,1.0000105665799197,1.0000106436948746,-1.0871099341834554e-12,-1.0871097534930844e-12,1.0000106436948744,1.0000106436948748,-1.7045886432397038e-12,-1.0871097120620035e-12,1.0000106217773648,1.0000106217773639,1.0000106436948748,1.000010643694874,-1.7045885409576263e-12,1.0000106436948746,1.0000106217773657,1.0000105665799204,-1.0871098515064444e-12,-1.7045890759559964e-12,1.0000106436948757,-1.0871100838674879e-12,-1.0871098357079666e-12,1.0000106217773637,1.0000105665799204,1.0000106436948755,-1.0871098476884798e-12,1.0000106436948744,1.0000106436948746,1.0000106436948752,-1.0871099392408133e-12,1.0000106217773654,1.0000106217773652,1.0000106217773652,-1.0871100435175184e-12,1.0000106217773639,1.0000106217773639,-1.0871098221871149e-12,1.0000106436948741,-1.0871097001329721e-12,-1.0871098223727634e-12,1.0000106436948744,1.0000106436948746,-1.0871097855782709e-12,1.000010643694874,1.0000106436948748,1.0000106217773648,1.0000106436948752,1.000010643694875,1.0000106436948748,1.000010643694876
1.0000075674411477,1.0000106436948757,1.0000106436948726,-1.0871102158255077e-12,1.0000106217773637,1.0000106217773634,1.0000106436948737,1.0000106436948721,-1.250605634722214e-12,1.000010643694874,-1.0871102532640744e-12,1.0000106217773626,1.0000106436948735,1.0000106436948748,1.0000084687749524,1.0000105665799186,1.000010643694874,1.0000106436948744,-1.0871096494555607e-12,1.000010643694874,1.0000106217773617,1.000010566579918,1.0000106436948726,-1.0871099076570188e-12,-1.0871097588152772e-12,1.0000106436948737,1.000010643694874,-1.7045887222233453e-12,-1.0871097164433627e-12,1.0000106217773612,1.0000106217773628,1.0000106436948728,1.0000106436948728,-1.7045885709065167e-12,1.000010643694874,1.0000106217773626,1.0000105665799184,-1.0871098555958378e-12,-1.704589010470884e-12,1.0000106436948737,-1.0871100805598715e-12,-1.087109786707624e-12,1.0000106217773637,1.0000105665799193,1.0000106436948737,-1.0871098562504937e-12,1.0000106436948728,1.0000106436948726,1.000010643694874,-1.0871099543223927e-12,1.0000106217773628,1.0000106217773628,1.0000106217773628,-1.0871100654694534e-12,1.0000106217773623,1.0000106217773628,-1.0871097364524937e-12,1.0000106436948728,-1.0871096873336717e-12,-1.0871098414662055e-12,1.0000106436948737,1.000010643694874,-1.0871097676153595e-12,1.0000106436948726,1.000010643694874,1.000010621777364,1.0000106436948744,1.0000106436948752,1.000010643694874,1.0000106436948752
1.0000074903264338,1.0000105665799204,1.000010566579917,-2.1655595921333267e-09,1.000010544662411,1.0000105446624104,1.0000105665799168,1.0000105665799184,-2.491246805331814e-09,1.0000105665799197,-2.1655596481770776e-09,1.0000105446624101,1.000010566579919,1.00001056657992,1.0000105665799186,1.0000083145450536,1.0000105665799193,1.0000105665799204,-2.165558526965976e-09,1.0000105665799204,1.0000105446624101,1.000010489464969,1.000010566579917,-2.165558958550846e-09,-2.1655585667051686e-09,1.0000105665799177,1.000010566579919,-3.3955973560520526e-09,-2.165558538741048e-09,1.0000105446624101,1.0000105446624104,1.0000105665799193,1.000010566579918,-3.3955971487572716e-09,1.0000105665799193,1.0000105446624104,1.00001048946497,-2.1655587695235756e-09,-3.395598170026907e-09,1.00001056657992,-2.165559319595634e-09,-2.1655587339355505e-09,1.0000105446624104,1.0000104894649684,1.0000105665799177,-2.1655588497802824e-09,1.0000105665799168,1.0000105665799182,1.000010566579919,-2.1655590526295507e-09,1.0000105446624104,1.0000105446624104,1.0000105446624106,-2.165559253092733e-09,1.0000105446624101,1.0000105446624104,-2.165558700269706e-09,1.0000105665799166,-2.1655584711425475e-09,-2.1655588789425618e-09,1.0000105665799177,1.0000105665799193,-2.1655586044619777e-09,1.0000105665799173,1.000010566579919,1.0000105446624112,1.000010566579919,1.00001056657992,1.0000105665799193,1.0000105665799204
1.0000075674411493,1.0000106436948755,1.0000106436948732,-1.0871102302665912e-12,1.0000106217773637,1.0000106217773637,1.000010643694874,1.0000106436948735,-1.2506056492231885e-12,1.0000106436948748,-1.0871102218031769e-12,1.0000106217773639,1.0000106436948737,1.0000106436948757,1.000010643694874,1.0000105665799193,1.0000084687749475,1.000010643694875,-1.0871097047001659e-12,1.0000106436948746,1.0000106217773626,1.0000105665799186,1.0000106436948737,-1.0871099060211952e-12,-1.0871096802927695e-12,1.000010643694874,1.0000106436948746,-1.7045886635717075e-12,-1.0871097422268982e-12,1.0000106217773639,1.0000106217773639,1.0000106436948746,1.0000106436948726,-1.7045885709065167e-12,1.000010643694874,1.0000106217773628,1.0000105665799184,-1.0871098490642543e-12,-1.7045890653788896e-12,1.000010643694875,-1.0871100896369014e-12,-1.0871098044624125e-12,1.000010621777363,1.000010566579919,1.000010643694874,-1.0871098414479054e-12,1.0000106436948732,1.0000106436948737,1.000010643694874,-1.0871099352357837e-12,1.0000106217773634,1.0000106217773637,1.0000106217773637,-1.0871100654694534e-12,1.0000106217773626,1.0000106217773628,-1.0871098026786957e-12,1.0000106436948728,-1.0871097251602627e-12,-1.0871098792777212e-12,1.000010643694874,1.000010643694874,-1.0871097718174285e-12,1.0000106436948737,1.0000106436948746,1.000010621777364,1.0000106436948748,1.0000106436948744,1.0000106436948746,1.0000106436948752
1.0000075674411537,1.000010643694876,1.000010643694874,-1.08711021343878e-12,1.0000106217773639,1.0000106217773639,1.000010643694875,1.000010643694874,-1.2506056688212015e-12,1.000010643694876,-1.0871102409027152e-12,1.000010621777364,1.0000106436948744,1.0000106436948764,1.0000106436948744,1.0000105665799204,1.000010643694875,1.0000084687749509,-1.087109655088464e-12,1.0000106436948757,1.0000106217773628,1.00001056657992,1.0000106436948741,-1.0871098936586589e-12,-1.0871097093016696e-12,1.0000106436948748,1.0000106436948748,-1.7045886511970317e-12,-1.08710970415212e-12,1.000010621777364,1.000010621777364,1.0000106436948752,1.0000106436948737,-1.7045886143081784e-12,1.0000106436948746,1.000010621777364,1.00001056657992,-1.0871098157992392e-12,-1.7045890651725672e-12,1.0000106436948755,-1.0871100845904027e-12,-1.0871098106328101e-12,1.0000106217773634,1.0000105665799197,1.000010643694875,-1.0871098562504937e-12,1.000010643694874,1.0000106436948752,1.0000106436948757,-1.087109934139099e-12,1.0000106217773648,1.0000106217773639,1.0000106217773652,-1.0871100764135459e-12,1.0000106217773632,1.0000106217773637,-1.0871097986415023e-12,1.0000106436948737,-1.0871096739705737e-12,-1.087109856394532e-12,1.0000106436948748,1.0000106436948746,-1.087109762631711e-12,1.000010643694874,1.0000106436948748,1.0000106217773657,1.0000106436948748,1.0000106436948748,1.0000106436948748,1.0000106436948757
2.779275747652664e-09,-1.0871096736523921e-12,-1.0871096083596435e-12,-5.130837444131759e-16,-1.087109668093612e-12,-1.0871097228527747e-12,-1.0871096911891783e-12,-1.0871096640122485e-12,-7.564570591787848e-16,-1.0871096647319233e-12,-5.130836868782335e-16,-1.0871095982457825e-12,-1.0871096927244536e-12,-1.0871096720200213e-12,-1.0871096494555607e-12,-2.165558526965976e-09,-1.0871097047001659e-12,-1.087109655088464e-12,-2.174920023964694e-06,-1.0871096464187803e-12,-1.0871097055833985e-12,-2.165558526966027e-09,-1.087109662938031e-12,-5.130837708888254e-16,-5.130837740900885e-16,-1.0871097194862885e-12,-1.087109662938031e-12,-3.9131721044400125e-19,-5.130837802157375e-16,-1.087109668093612e-12,-1.0871096291389248e-12,-1.0871097004920689e-12,-1.0871096343911495e-12,-4.2044630832184874e-19,-1.0871096689802519e-12,-1.0871096911337766e-12,-2.1655585269659706e-09,-5.130837461760876e-16,-4.0978285035209336e-19,-1.0871096836353377e-12,-5.130837283964843e-16,-5.130837977330925e-16,-1.0871097050157876e-12,-2.16555852696593e-09,-1.087109643446438e-12,-5.130837869102035e-16,-1.0871096758443099e-12,-1.0871096783143338e-12,-1.087109655088464e-12,-5.130837402985959e-16,-1.0871097050157876e-12,-1.0871096660117874e-12,-1.0871096911337766e-12,-5.130837637630439e-16,-1.0871096291389248e-12,-1.0871096351729147e-12,-5.130837972354787e-16,-1.0871096835428647e-12,-5.130837841165126e-16,-5.130837730947197e-16,-1.0871096555447966e-12,-1.0871096640260095e-12,-5.1308378872688505e-16,-1.087109643446438e-12,-1.0871096793707907e-12,-1.087109687038872e-12,-1.0871096689802519e-12,-1.087109643412679e-12,-1.0871096343911495e-12,-1.0871096689802519e-12
1.0000075674411522,1.000010643694876,1.0000106436948717,-1.0871102158255077e-12,1.0000106217773637,1.000010621777364,1.0000106436948744,1.0000106436948728,-1.2506056947541155e-12,1.0000106436948748,-1.0871102515234944e-12,1.0000106217773637,1.000010643694874,1.000010643694876,1.000010643694874,1.0000105665799204,1.0000106436948746,1.0000106436948757,-1.0871096464187803e-12,1.0000084687749495,1.0000106217773632,1.0000105665799197,1.000010643694874,-1.0871099284638604e-12,-1.087109737824295e-12,1.0000106436948744,1.0000106436948752,-1.7045887140001455e-12,-1.0871097368506938e-12,1.0000106217773637,1.0000106217773634,1.0000106436948757,1.0000106436948735,-1.7045886089393961e-12,1.0000106436948748,1.0000106217773639,1.0000105665799197,-1.08710984766773e-12,-1.7045890676448511e-12,1.0000106436948757,-1.0871100845904027e-12,-1.0871098097491789e-12,1.0000106217773634,1.0000105665799175,1.0000106436948746,-1.0871098220693757e-12,1.0000106436948737,1.000010643694874,1.0000106436948748,-1.0871099643450609e-12,1.000010621777364,1.0000106217773639,1.000010621777363,-1.0871100773535704e-12,1.0000106217773634,1.0000106217773637,-1.0871097602639214e-12,1.0000106436948737,-1.0871097084384009e-12,-1.087109864833816e-12,1.0000106436948744,1.0000106436948748,-1.0871097584714229e-12,1.0000106436948728,1.0000106436948752,1.0000106217773657,1.000010643694875,1.0000106436948744,1.000010643694876,1.0000106436948746
1.0000075455237103,1.0000106217773639,1.000010621777362,-1.0871102450970664e-12,1.0000105998598536,1.0000105998598539,1.0000106217773619,1.0000106217773619,-2.491246775058553e-09,1.0000106217773637,-1.0871103036904424e-12,1.0000105998598536,1.000010621777362,1.0000106217773648,1.0000106217773617,1.0000105446624101,1.0000106217773626,1.0000106217773628,-1.0871097055833985e-12,1.0000106217773632,1.00000842493993,1.0000105446624092,1.0000106217773617,-1.0871098938026477e-12,-1.087109693251951e-12,1.0000106217773619,1.0000106217773617,-3.395597375167997e-09,-1.0871096325949173e-12,1.0000105998598536,1.0000105998598539,1.0000106217773628,1.0000106217773626,-3.3955971678733184e-09,1.000010621777364,1.0000105998598545,1.0000105446624101,-1.08710974842211e-12,-3.395598189143179e-09,1.0000106217773639,-1.0871100538538674e-12,-1.0871097287192303e-12,1.0000105998598536,1.0000105446624097,1.0000106217773619,-1.0871098239107014e-12,1.0000106217773617,1.0000106217773617,1.0000106217773628,-1.0871100278340983e-12,1.0000105998598539,1.000010599859855,1.0000105998598536,-1.0871100508616334e-12,1.0000105998598536,1.0000105998598539,-1.0871097904629132e-12,1.0000106217773617,-1.0871096707966375e-12,-1.0871099272205701e-12,1.0000106217773619,1.000010621777364,-1.0871097542486721e-12,1.000010621777362,1.0000106217773617,1.0000105998598545,1.0000106217773632,1.000010621777364,1.0000106217773632,1.000010621777364
1.0000074903264333,1.0000105665799197,1.000010566579916,-2.1655595921333114e-09,1.000010544662409,1.0000105446624092,1.0000105665799193,1.000010566579917,-2.4912468053318448e-09,1.0000105665799193,-2.1655596481771032e-09,1.0000105446624092,1.0000105665799186,1.0000105665799197,1.000010566579918,1.000010489464969,1.0000105665799186,1.00001056657992,-2.165558526966027e-09,1.0000105665799197,1.0000105446624092,1.0000083145450482,1.0000105665799186,-2.165558958550933e-09,-2.1655585667052397e-09,1.0000105665799193,1.0000105665799193,-3.3955973560520112e-09,-2.165558538741063e-09,1.0000105446624092,1.0000105446624081,1.0000105665799197,1.000010566579917,-3.3955971487572613e-09,1.000010566579919,1.0000105446624104,1.0000104894649688,-2.165558769523663e-09,-3.3955981700268967e-09,1.0000105665799197,-2.1655593195956034e-09,-2.1655587339355707e-09,1.0000105446624095,1.0000104894649686,1.0000105665799193,-2.1655588497803233e-09,1.0000105665799186,1.0000105665799186,1.0000105665799186,-2.165559052629607e-09,1.0000105446624104,1.0000105446624095,1.0000105446624092,-2.1655592530927997e-09,1.0000105446624092,1.0000105446624081,-2.1655587002696598e-09,1.0000105665799177,-2.1655584711426194e-09,-2.1655588789425618e-09,1.0000105665799193,1.000010566579919,-2.165558604461998e-09,1.000010566579917,1.0000105665799193,1.000010544662411,1.0000105665799188,1.0000105665799188,1.0000105665799193,1.0000105665799193
1.000007567441149,1.0000106436948752,1.0000106436948717,-1.0871102582668737e-12,1.0000106217773628,1.0000106217773628,1.0000106436948728,1.0000106436948721,-1.2506056932297222e-12,1.000010643694874,-1.0871103003009996e-12,1.0000106217773617,1.0000106436948728,1.0000106436948746,1.0000106436948726,1.000010566579917,1.0000106436948737,1.0000106436948741,-1.087109662938031e-12,1.000010643694874,1.0000106217773617,1.0000105665799186,1.0000084687749529,-1.087109906240227e-12,-1.0871097674533325e-12,1.0000106436948728,1.000010643694874,-1.7045886586197785e-12,-1.0871097045518053e-12,1.0000106217773617,1.0000106217773628,1.000010643694873,1.0000106436948717,-1.704588598530523e-12,1.0000106436948744,1.0000106217773628,1.0000105665799173,-1.0871098157992392e-12,-1.7045890030364117e-12,1.0000106436948737,-1.0871101396796357e-12,-1.0871097926528217e-12,1.0000106217773628,1.0000105665799173,1.0000106436948728,-1.0871098483049178e-12,1.0000106436948726,1.0000106436948728,1.0000106436948737,-1.087109925146266e-12,1.0000106217773628,1.0000106217773626,1.0000106217773626,-1.0871100752552382e-12,1.0000106217773612,1.0000106217773617,-1.0871098028076967e-12,1.000010643694872,-1.0871096985353633e-12,-1.0871098178667711e-12,1.0000106436948728,1.0000106436948744,-1.0871097627273669e-12,1.0000106436948726,1.000010643694874,1.0000106217773632,1.0000106436948741,1.0000106436948728,1.0000106436948744,1.0000106436948735
2.7792774005447414e-09,-1.0871099341834554e-12,-1.0871099234136168e-12,-5.130837092443979e-16,-1.0871098852703594e-12,-1.0871098938026477e-12,-1.0871099846491737e-12,-1.0871099332314285e-12,-7.564570076505932e-16,-1.0871099815572235e-12,-5.130836517094418e-16,-1.0871099350988063e-12,-1.0871099281983608e-12,-1.0871099341834554e-12,-1.0871099076570188e-12,-2.165558958550846e-09,-1.0871099060211952e-12,-1.0871098936586589e-12,-5.130837708888254e-16,-1.0871099284638604e-12,-1.0871098938026477e-12,-2.165558958550933e-09,-1.087109906240227e-12,-2.174920023964694e-06,-5.130837389213051e-16,-1.0871098956726843e-12,-1.0871099382438336e-12,-4.485196743059191e-19,-5.130837450469538e-16,-1.0871098852703594e-12,-1.0871098852703594e-12,-1.0871098947027674e-12,-1.0871099060983496e-12,-4.0978285035209336e-19,-1.0871099131963665e-12,-1.0871099219463381e-12,-2.1655589585509128e-09,-5.130837110072999e-16,-4.214007732927134e-19,-1.0871099341834554e-12,-5.130836932277115e-16,-5.130837625642956e-16,-1.087109868367422e-12,-2.1655589585508205e-09,-1.0871099275745544e-12,-5.130837517414167e-16,-1.0871099026317413e-12,-1.0871099512655805e-12,-1.0871098936586589e-12,-5.130837051298084e-16,-1.0871098921698366e-12,-1.0871098539832179e-12,-1.087109845543676e-12,-5.130837285942555e-16,-1.0871099195861945e-12,-1.0871099219463381e-12,-5.130837620666992e-16,-1.0871099385217005e-12,-5.130837489477366e-16,-5.130837379259355e-16,-1.0871098960010799e-12,-1.087109947497677e-12,-5.130837535581005e-16,-1.0871099275745544e-12,-1.0871098947027674e-12,-1.0871098591600962e-12,-1.0871099076570188e-12,-1.0871098947027674e-12,-1.087109947497677e-12,-1.0871099088450479e-12
2.779275747652807e-09,-1.0871097716857004e-12,-1.087109739696584e-12,-5.130837124456589e-16,-1.0871097628602457e-12,-1.0871096759908513e-12,-1.087109741797176e-12,-1.0871097904919624e-12,-7.564570119850258e-16,-1.0871097871645113e-12,-5.13083654910711e-16,-1.087109680913754e-12,-1.0871097093016696e-12,-1.0871097534930844e-12,-1.0871097588152772e-12,-2.1655585667051686e-09,-1.0871096802927695e-12,-1.0871097093016696e-12,-5.130837740900885e-16,-1.087109737824295e-12,-1.087109693251951e-12,-2.1655585667052397e-09,-1.0871097674533325e-12,-5.130837389213051e-16,-2.174920023964694e-06,-1.0871097283105546e-12,-1.0871097371214504e-12,-4.745541162132771e-19,-5.130837482482299e-16,-1.0871096924514412e-12,-1.0871097095901945e-12,-1.0871097061455588e-12,-1.0871097652155238e-12,-4.0978285035209336e-19,-1.0871097093016696e-12,-1.0871097155348413e-12,-2.1655585667051987e-09,-5.130837142085852e-16,-4.0978285035209336e-19,-1.0871096802927695e-12,-5.130836964289688e-16,-5.130837657655788e-16,-1.0871096759908513e-12,-2.1655585667051582e-09,-1.0871097542554521e-12,-5.13083754942702e-16,-1.0871097716857004e-12,-1.0871096981403498e-12,-1.0871097674533325e-12,-5.130837083310742e-16,-1.0871096666433954e-12,-1.087109711804974e-12,-1.087109662780254e-12,-5.130837317955282e-16,-1.0871098053397008e-12,-1.0871097648841392e-12,-5.130837652679671e-16,-1.0871097865748173e-12,-5.1308375214900715e-16,-5.130837411271978e-16,-1.0871097498012988e-12,-1.087109737709967e-12,-5.130837567593708e-16,-1.0871097716857004e-12,-1.0871097113295324e-12,-1.0871097628602457e-12,-1.0871097802247689e-12,-1.0871097305193974e-12,-1.0871097633021908e-12,-1.0871097269772677e-12
1.0000075674411484,1.0000106436948752,1.000010643694872,-1.0871102371199117e-12,1.0000106217773626,1.0000106217773628,1.0000106436948728,1.0000106436948726,-1.250605676146063e-12,1.000010643694874,-1.0871102573720945e-12,1.0000106217773617,1.0000106436948735,1.0000106436948744,1.0000106436948737,1.0000105665799177,1.000010643694874,1.0000106436948748,-1.0871097194862885e-12,1.0000106436948744,1.0000106217773619,1.0000105665799193,1.0000106436948728,-1.0871098956726843e-12,-1.0871097283105546e-12,1.0000084687749538,1.0000106436948737,-1.7045887367843593e-12,-1.087109723274824e-12,1.0000106217773617,1.0000106217773626,1.0000106436948732,1.0000106436948726,-1.704588552894923e-12,1.0000106436948744,1.0000106217773634,1.0000105665799193,-1.0871097683506453e-12,-1.7045890653788896e-12,1.000010643694874,-1.0871100685774361e-12,-1.087109786707624e-12,1.000010621777363,1.0000105665799184,1.0000106436948728,-1.087109848436414e-12,1.0000106436948728,1.0000106436948726,1.000010643694874,-1.0871099720573732e-12,1.0000106217773628,1.0000106217773628,1.0000106217773628,-1.0871100435175184e-12,1.0000106217773617,1.0000106217773626,-1.0871097848086256e-12,1.000010643694872,-1.087109674957636e-12,-1.0871098349720503e-12,1.0000106436948728,1.0000106436948744,-1.0871097369888905e-12,1.0000106436948726,1.0000106436948737,1.000010621777364,1.0000106436948744,1.0000106436948737,1.0000106436948744,1.000010643694874
1.0000075674411475,1.0000106436948748,1.0000106436948732,-1.0871102295142167e-12,1.0000106217773628,1.000010621777364,1.0000106436948737,1.000010643694874,-1.250605708077153e-12,1.0000106436948748,-1.0871102515234944e-12,1.0000106217773628,1.0000106436948744,1.0000106436948748,1.000010643694874,1.000010566579919,1.0000106436948746,1.0000106436948748,-1.087109662938031e-12,1.0000106436948752,1.0000106217773617,1.0000105665799193,1.000010643694874,-1.0871099382438336e-12,-1.0871097371214504e-12,1.0000106436948737,1.000008468774946,-1.7045887370248815e-12,-1.0871097344081011e-12,1.0000106217773628,1.0000106217773632,1.000010643694874,1.0000106436948737,-1.7045886088270847e-12,1.0000106436948735,1.0000106217773626,1.0000105665799193,-1.0871098376253525e-12,-1.7045890824058714e-12,1.0000106436948757,-1.087110057315542e-12,-1.0871097910886642e-12,1.0000106217773639,1.0000105665799186,1.0000106436948737,-1.0871098904952403e-12,1.0000106436948737,1.0000106436948737,1.000010643694874,-1.0871099559804891e-12,1.0000106217773626,1.000010621777364,1.0000106217773637,-1.0871100513654218e-12,1.0000106217773628,1.0000106217773634,-1.0871097755198609e-12,1.0000106436948728,-1.0871096781794038e-12,-1.0871098223727634e-12,1.0000106436948737,1.0000106436948735,-1.0871097807150164e-12,1.0000106436948728,1.0000106436948737,1.0000106217773639,1.0000106436948744,1.0000106436948746,1.000010643694875,1.0000106436948746
