0.999999999999193,1.0000000011926788,-8.03542531063045e-11,1.0000000011926726,-3.8505076009431435e-11,-3.850507601112533e-11,1.0000000011926735,1.000000001192675,-3.8505806861032256e-11,-6.595874839886155e-11,1.0000000011926788,-6.292816515255184e-11,1.0000000088439074,-1.0624891234725692e-10,1.0000000011926713,-1.0601196814366352e-10,1.000000001192671,1.0000000011926742,-1.0413916581583372e-10,1.0000000011926733,-3.85094205058585e-11,1.0000000079097575,1.0000000011926748,-1.0291476861520808e-10,0.9999999006495325,-6.595875556256866e-11,1.0000000011926704,-8.035740988255889e-11,1.000000001192673,-3.850505659372195e-11,1.0000000011926757,-3.8504894351416016e-11,-8.03574098490236e-11,-9.104621622893721e-11,-6.292608307937726e-11,-6.292710960133774e-11,-1.0624735202764893e-10,1.0000000011926748,-1.166276348679029e-10,-3.850505700345617e-11,1.0000000011926762,-3.850598340124591e-11,-3.850505568959671e-11,1.0000000095314818,1.0000000011926762,1.000000013380558,-3.850488350396428e-11,-6.29271096480467e-11,1.0000000011926733,1.0000000011926744,-9.104659608374167e-11,-8.035741052770782e-11,1.0000000079095341,1.000000001192678,1.0000000011926748,1.0000000011926735,1.0000000011926744,1.0000000120465506,1.0000000011926706,-6.595866193588475e-11,-8.035758266906117e-11,-6.292608302506828e-11,1.0000000085903733,-6.292607617949775e-11,1.0000000011926775,1.0000000011926768,-6.292608165779008e-11,1.0000000011926735,1.0000000011926748,-8.035740986685328e-11,1.0000000011926706,1.0000000011926753,-3.8505828554441645e-11,1.000000009531484,-6.292608160480725e-11,1.0000000011926744,-3.850490249608272e-11,-3.8504902322936166e-11,1.0000000011926766,-3.8505057032032926e-11,-3.8504883505970384e-11,-1.0600902897025416e-10,1.0000000011926704,1.000000001192673,1.0000000079097593,-1.0291476869016153e-10,1.0000000040110002,1.0000000049035203,1.000000001192673,1.0000000011926777
1.0000000011926788,1.0000000022381987,1.4517143901767125e-14,1.000000003020569,3.518487324309055e-14,3.518496024862473e-14,1.0000000030205698,1.00000000302057,3.5183850391143025e-14,2.1626882602961243e-14,1.0000000030205713,2.314649744691934e-14,1.0000000106714115,1.7768319441181223e-15,1.0000000030205713,2.3076292838799833e-15,1.00000000302057,1.0000000030205713,2.9637812798868686e-15,1.00000000302057,3.518448639996463e-14,1.0000000097373054,1.0000000030205705,3.71275550009321e-15,0.9999999024828613,2.162689353910932e-14,1.0000000030205705,1.451721089581176e-14,1.0000000030205687,3.5184918319590334e-14,1.0000000030205707,3.518555182426708e-14,1.451726057991795e-14,9.27524096554335e-15,2.3146013249763756e-14,2.3146811854300074e-14,1.7759891802070253e-15,1.00000000302057,-2.8645078486458765e-15,3.518502444625498e-14,1.000000003020571,3.518385658339938e-14,3.518500703343728e-14,1.0000000113589447,1.000000003020571,1.0000000152078237,3.5185254148458576e-14,2.3146832043644184e-14,1.0000000030205707,1.000000003020571,9.275391656216209e-15,1.4517145912017053e-14,1.0000000097371091,1.0000000030205698,1.00000000302057,1.0000000030205716,1.00000000302057,1.0000000138739011,1.0000000030205707,2.1626813116589566e-14,1.4517202491611174e-14,2.314608161258505e-14,1.0000000104178746,2.3145969683938727e-14,1.0000000030205707,1.0000000030205682,2.314597494534336e-14,1.0000000030205707,1.00000000302057,1.451695362042594e-14,1.0000000030205707,1.000000003020568,3.518428995398935e-14,1.0000000113589453,2.3146137014710043e-14,1.00000000302057,3.518528104522117e-14,3.51854454906916e-14,1.000000003020568,3.518489786536532e-14,3.518524931348675e-14,2.30803269221943e-15,1.0000000030205707,1.000000003020572,1.0000000097373056,3.7130123439692526e-15,1.0000000058387457,1.0000000067312247,1.0000000030205716,1.0000000030205722
-8.03542531063045e-11,1.4517143901767125e-14,-7.820599192590429e-10,1.4517184521415806e-14,2.9378424165689576e-13,2.9378424165688495e-13,1.4517158716983296e-14,1.451716750572006e-14,2.9378424165636383e-13,3.075191672143709e-13,1.451720497785062e-14,3.0755015618300996e-13,1.4542372509806973e-14,3.308565977941923e-13,1.451716750572006e-14,3.580177464773041e-13,1.4517153086238608e-14,1.4517171021112047e-14,3.3946590342753583e-13,1.4517177281486155e-14,2.9378424165795765e-13,1.4539313005988575e-14,1.4517171021112047e-14,3.4849828354159973e-13,2.828721517740283e-11,3.075191672132756e-13,1.451716750572006e-14,3.149268716944037e-13,1.4517177281426214e-14,2.9378424165790454e-13,1.451714717867066e-14,2.9378424166107346e-13,3.149268716927043e-13,3.227587722370367e-13,3.075501561791415e-13,3.0755015617919066e-13,3.3085659779314485e-13,1.451718957794398e-14,3.6804518335934305e-13,2.9378424165813234e-13,1.451716750572006e-14,2.937842416581805e-13,2.9378424165840547e-13,1.4544672741654186e-14,1.4517146186445537e-14,2.902904225458915e-11,2.93784241656692e-13,3.0755015618096447e-13,1.451714717867066e-14,1.4517171021112047e-14,3.2275877223625824e-13,3.149268716917413e-13,2.8992515008909442e-11,1.4517183789198086e-14,1.4517189579575374e-14,1.4517177281426214e-14,1.4517171021112047e-14,2.901993571280669e-11,1.451718957794398e-14,3.0751916721145e-13,3.1492687169464394e-13,3.0755015617954947e-13,1.4541623847722562e-14,3.0755015618055396e-13,1.451718005644491e-14,1.4517181891710438e-14,3.0755015617953337e-13,1.4517147178616152e-14,1.451718005644491e-14,3.149268716946502e-13,1.4517171021087832e-14,1.4517196971566254e-14,2.9378424165799234e-13,1.454456592543356e-14,3.0755015618045905e-13,1.4517177281426214e-14,2.9378424165744536e-13,2.937842416584821e-13,1.4517171021112047e-14,2.9378424165659334e-13,2.9378424165747086e-13,3.5801774647590165e-13,1.4517199466170407e-14,1.451717539602775e-14,1.4539472841554732e-14,3.484982835391741e-13,1.452650915112065e-14,1.452938253850621e-14,1.4517158716983296e-14,1.451720497785062e-14
1.0000000011926726,1.000000003020569,1.4517184521415806e-14,1.0000000022381832,3.518489211637389e-14,3.5184975771504553e-14,1.0000000030205625,1.0000000030205642,3.5183878057433527e-14,2.162688162773947e-14,1.0000000030205642,2.3146476218553423e-14,1.0000000106714055,1.776860881987941e-15,1.0000000030205638,2.3075916785240706e-15,1.0000000030205638,1.000000003020563,2.96372683861665e-15,1.0000000030205642,3.5184497295506436e-14,1.000000009737298,1.0000000030205636,3.712746724841061e-15,0.9999999024828535,2.162689353910932e-14,1.0000000030205634,1.451721123983578e-14,1.000000003020562,3.518492501987374e-14,1.000000003020565,3.5185526718558363e-14,1.4517250156527978e-14,9.275233855578841e-15,2.314597475793798e-14,2.3146810560034443e-14,1.7760190313608028e-15,1.0000000030205627,-2.8644918216275567e-15,3.518499253584871e-14,1.0000000030205642,3.518387028838648e-14,3.518498575338049e-14,1.0000000113589362,1.0000000030205638,1.0000000152078177,3.518526101874645e-14,2.3146834949337642e-14,1.0000000030205638,1.0000000030205634,9.275400638569196e-15,1.451717012372314e-14,1.0000000097371022,1.0000000030205636,1.000000003020564,1.000000003020564,1.0000000030205634,1.0000000138738936,1.0000000030205638,2.1626819617398384e-14,1.4517212760843555e-14,2.314601049849572e-14,1.0000000104178681,2.3146007696334628e-14,1.0000000030205642,1.0000000030205616,2.314597457708506e-14,1.0000000030205636,1.0000000030205627,1.4516981283011822e-14,1.0000000030205622,1.0000000030205616,3.5184227331500864e-14,1.0000000113589373,2.314615438054063e-14,1.0000000030205636,3.5185264606883424e-14,3.518544777663175e-14,1.0000000030205616,3.518492500296775e-14,3.518524931898576e-14,2.307999246792672e-15,1.0000000030205625,1.000000003020565,1.0000000097372983,3.7130473554487336e-15,1.0000000058387382,1.0000000067312176,1.0000000030205638,1.000000003020565
-3.8505076009431435e-11,3.518487324309055e-14,2.9378424165689576e-13,3.518489211637389e-14,-7.821017315753375e-10,2.7406059705537797e-13,3.5184885035096616e-14,3.518488346285736e-14,2.740605970549089e-13,2.8687368328532346e-13,3.518486109732561e-14,2.869026081567031e-13,3.520837181759223e-14,3.086449144390407e-13,3.518487582865611e-14,3.339833407442172e-13,3.5184885176277424e-14,3.5184895550833257e-14,3.1667647817784253e-13,3.518488067352939e-14,2.7406059705639246e-13,3.5205554537385883e-14,3.518489517656609e-14,3.2510271467340696e-13,6.95463406061709e-11,2.86873683284301e-13,3.5184877112104027e-14,2.937842416616586e-13,3.518488393369567e-14,2.7406059705633207e-13,3.5184895550081314e-14,2.740605970592891e-13,2.937842416600702e-13,3.0109056365730843e-13,2.869026081530919e-13,2.8690260815313197e-13,3.086449144380732e-13,3.518487711210439e-14,3.4333782551182087e-13,2.7406059705653983e-13,3.518485837063851e-14,2.7406059705660077e-13,2.7406059705679847e-13,3.5210551362918e-14,3.5184877111995656e-14,3.522249155340066e-14,2.7406059705519475e-13,2.8690260815478865e-13,3.5184880559847485e-14,3.5184877865418437e-14,3.010905636565781e-13,2.93784241659171e-13,3.520544725709356e-14,3.51848851762771e-14,3.5184880673514724e-14,3.518489010819392e-14,3.518488393370193e-14,3.5218214358313573e-14,3.518488393369567e-14,2.8687368328259665e-13,2.9378424166188313e-13,2.869026081534692e-13,3.5207695976993623e-14,2.869026081544109e-13,3.5184858370634265e-14,3.5184877112104027e-14,2.869026081534577e-13,3.5184868841360686e-14,3.518488299321861e-14,2.937842416618879e-13,3.5184880559847346e-14,3.5184886090055394e-14,2.7406059705642234e-13,3.5210557560784976e-14,2.8690260815432245e-13,3.5184877111995656e-14,2.7406059705590425e-13,2.7406059705686825e-13,3.518488067352939e-14,2.74060597055106e-13,2.7406059705592505e-13,3.3398334074290143e-13,3.5184885176277424e-14,3.5184885035099904e-14,3.520556348302946e-14,3.2510271467114433e-13,3.51935663567621e-14,3.519634605420446e-14,3.518488436440133e-14,3.5184886090055394e-14
-3.850507601112533e-11,3.518496024862473e-14,2.9378424165688495e-13,3.5184975771504553e-14,2.7406059705537797e-13,-7.821017315753375e-10,3.518495753824474e-14,3.518496978207902e-14,2.7406059705489566e-13,2.8687368328531154e-13,3.5184960248803105e-14,2.869026081566923e-13,3.520843376672052e-14,3.0864491443902924e-13,3.518496132691953e-14,3.339833407442025e-13,3.518494053691848e-14,3.51849622348101e-14,3.166764781778295e-13,3.51849622348101e-14,2.7406059705638014e-13,3.520564175211166e-14,3.5184960248803105e-14,3.251027146733926e-13,6.954651672118711e-11,2.8687368328428953e-13,3.518499044009208e-14,2.9378424166164776e-13,3.5184964517051835e-14,2.7406059705631925e-13,3.518496832511667e-14,2.7406059705927663e-13,2.9378424166005963e-13,3.010905636572994e-13,2.869026081530809e-13,2.8690260815312076e-13,3.086449144380611e-13,3.5184955129592863e-14,3.433378255118075e-13,2.7406059705652786e-13,3.518495494092542e-14,2.7406059705658845e-13,2.7406059705678666e-13,3.521064168858174e-14,3.5184960248803105e-14,3.5222614811092214e-14,2.74060597055182e-13,2.8690260815477785e-13,3.518495108992334e-14,3.518496193821387e-14,3.010905636565684e-13,2.937842416591604e-13,3.5205517099728176e-14,3.5184968954189916e-14,3.518496832511667e-14,3.5184946053075667e-14,3.5184960248803105e-14,3.521826314844178e-14,3.5184964517051835e-14,2.8687368328258514e-13,2.93784241661872e-13,2.8690260815345816e-13,3.5207785745127186e-14,2.8690260815440035e-13,3.5184946131003165e-14,3.5184960248803105e-14,2.8690260815344696e-13,3.518495211837666e-14,3.518495652836179e-14,2.9378424166187747e-13,3.518496192619901e-14,3.518495211837666e-14,2.740605970564098e-13,3.521064452156671e-14,2.8690260815431104e-13,3.518495494062304e-14,2.7406059705589157e-13,2.74060597056856e-13,3.518494053691848e-14,2.7406059705509383e-13,2.740605970559125e-13,3.339833407428868e-13,3.518495512958789e-14,3.518494542328373e-14,3.5205654081943036e-14,3.2510271467113e-13,3.51936627080236e-14,3.519636304624633e-14,3.51849477560222e-14,3.518495211837666e-14
1.0000000011926735,1.0000000030205698,1.4517158716983296e-14,1.0000000030205625,3.5184885035096616e-14,3.518495753824474e-14,1.000000002238188,1.0000000030205647,3.518387574301812e-14,2.1626859596668958e-14,1.0000000030205645,2.3146467952866693e-14,1.0000000106714062,1.776825157448081e-15,1.000000003020565,2.3076032642620014e-15,1.0000000030205642,1.0000000030205651,2.9637698448602072e-15,1.0000000030205647,3.518450257064169e-14,1.0000000097372992,1.0000000030205638,3.7127604962554776e-15,0.9999999024828543,2.1626900848810495e-14,1.000000003020565,1.4517220832337948e-14,1.0000000030205642,3.5184924515437195e-14,1.0000000030205642,3.518557577317652e-14,1.451726046201938e-14,9.275247599691421e-15,2.314596541329817e-14,2.3146805044905552e-14,1.7760127921192097e-15,1.0000000030205642,-2.8645062502520055e-15,3.518500885686548e-14,1.0000000030205645,3.518388537881184e-14,3.5185029548272805e-14,1.000000011358939,1.0000000030205645,1.000000015207818,3.51852339191817e-14,2.3146805802399082e-14,1.0000000030205651,1.000000003020565,9.275381985850389e-15,1.4517158470664164e-14,1.000000009737104,1.0000000030205627,1.0000000030205647,1.000000003020565,1.000000003020563,1.000000013873896,1.000000003020565,2.162679699493812e-14,1.451722801706613e-14,2.3146056210490804e-14,1.0000000104178681,2.314601831878282e-14,1.0000000030205647,1.0000000030205625,2.3145992743830216e-14,1.000000003020564,1.0000000030205642,1.451700031176609e-14,1.000000003020565,1.0000000030205631,3.518428701566647e-14,1.0000000113589402,2.3146149405516378e-14,1.000000003020563,3.518526836120136e-14,3.518540687779445e-14,1.000000003020562,3.518491520627639e-14,3.5185258995655006e-14,2.307996111730627e-15,1.000000003020565,1.0000000030205654,1.0000000097372996,3.7130156747056276e-15,1.0000000058387393,1.0000000067312187,1.000000003020565,1.0000000030205654
1.000000001192675,1.00000000302057,1.451716750572006e-14,1.0000000030205642,3.518488346285736e-14,3.518496978207902e-14,1.0000000030205647,1.000000002238185,3.518389948137311e-14,2.1626859596668958e-14,1.0000000030205658,2.3146482923123665e-14,1.0000000106714069,1.7768176713257963e-15,1.0000000030205654,2.3075734804850358e-15,1.0000000030205658,1.0000000030205654,2.9637949197923157e-15,1.000000003020565,3.518449053712989e-14,1.0000000097372996,1.0000000030205654,3.712751903466211e-15,0.9999999024828543,2.162689353910932e-14,1.0000000030205654,1.4517217293379296e-14,1.0000000030205636,3.5184924515437195e-14,1.0000000030205651,3.518559398541721e-14,1.4517263860044468e-14,9.275231514856358e-15,2.3145984228965156e-14,2.314679843274375e-14,1.776013530757189e-15,1.0000000030205647,-2.8645223216090733e-15,3.518503750053365e-14,1.0000000030205642,3.518386847239127e-14,3.518499869124923e-14,1.0000000113589396,1.0000000030205642,1.0000000152078183,3.518524737811872e-14,2.3146824503772164e-14,1.0000000030205654,1.0000000030205658,9.275369330313137e-15,1.4517133521826168e-14,1.0000000097371036,1.0000000030205647,1.000000003020565,1.0000000030205662,1.0000000030205647,1.0000000138738958,1.0000000030205642,2.162681210999206e-14,1.451720249203374e-14,2.314605050341157e-14,1.000000010417869,2.3145987094604644e-14,1.0000000030205658,1.0000000030205636,2.314599182546046e-14,1.0000000030205642,1.0000000030205647,1.4517005648529802e-14,1.0000000030205647,1.0000000030205647,3.518428748425871e-14,1.0000000113589405,2.3146136586510418e-14,1.0000000030205647,3.518526058779452e-14,3.518543673595454e-14,1.0000000030205647,3.5184920289992014e-14,3.5185228895282905e-14,2.308056587431452e-15,1.0000000030205642,1.0000000030205651,1.0000000097373003,3.713018899407638e-15,1.0000000058387413,1.0000000067312187,1.0000000030205654,1.0000000030205654
-3.8505806861032256e-11,3.5183850391143025e-14,2.9378424165636383e-13,3.5183878057433527e-14,2.740605970549089e-13,2.7406059705489566e-13,3.518387574301812e-14,3.518389948137311e-14,-7.821017315753375e-10,2.868736832848123e-13,3.518388343115028e-14,2.869026081561853e-13,3.5207357350667786e-14,3.0864491443848256e-13,3.518391483466304e-14,3.339833407436239e-13,3.518390416832899e-14,3.518388294810518e-14,3.1667647817726975e-13,3.5183892249508154e-14,2.7406059705591066e-13,3.5204576616941053e-14,3.5183886808460674e-14,3.251027146728265e-13,6.954435221683457e-11,2.8687368328378966e-13,3.518388343115028e-14,2.9378424166112733e-13,3.518391483469219e-14,2.7406059705585e-13,3.518388047835165e-14,2.7406059705880715e-13,2.937842416595389e-13,3.010905636567499e-13,2.8690260815257434e-13,2.8690260815261377e-13,3.086449144375157e-13,3.5183906365173784e-14,3.4333782551121103e-13,2.740605970560579e-13,3.5183904168308105e-14,2.740605970561186e-13,2.7406059705631683e-13,3.520954985169653e-14,3.518389006972809e-14,3.52215117671525e-14,2.740605970547125e-13,2.869026081542707e-13,3.518388343115028e-14,3.518388343115028e-14,3.0109056365601914e-13,2.9378424165863994e-13,3.520443719712492e-14,3.5183898899619804e-14,3.518391483369446e-14,3.5183899994225614e-14,3.518391483469219e-14,3.521720652010689e-14,3.518390416832899e-14,2.868736832820851e-13,2.937842416613516e-13,2.869026081529515e-13,3.5206699716492715e-14,2.86902608153893e-13,3.5183884824225744e-14,3.518389051568469e-14,2.8690260815293996e-13,3.5183904168329127e-14,3.5183906365173784e-14,2.937842416613571e-13,3.5183890070186584e-14,3.5183898899619804e-14,2.740605970559402e-13,3.5209558677661734e-14,2.8690260815380405e-13,3.518388665692512e-14,2.7406059705542214e-13,2.7406059705638584e-13,3.5183882948043364e-14,2.740605970546242e-13,2.7406059705544294e-13,3.3398334074230845e-13,3.51838900697296e-14,3.518388665692512e-14,3.520456972681978e-14,3.2510271467056353e-13,3.5192557645960443e-14,3.519534039373953e-14,3.518388038273819e-14,3.5183893233837117e-14
-6.595874839886155e-11,2.1626882602961243e-14,3.075191672143709e-13,2.162688162773947e-14,2.8687368328532346e-13,2.8687368328531154e-13,2.1626859596668958e-14,2.1626859596668958e-14,2.868736832848123e-13,-7.820765962054666e-10,2.16268881781614e-14,3.0031590126225463e-13,4.317520413784781e-11,3.2307435881908646e-13,2.1626859596668958e-14,3.4959690343852117e-13,2.162691754075296e-14,2.1626907378119188e-14,3.314812538415351e-13,2.1626882992775222e-14,2.8687368328636607e-13,2.1648551749719214e-14,2.1626867316961618e-14,3.403012662702018e-13,4.2479975600306306e-11,3.00285633347434e-13,2.1626926198873124e-14,3.075191672193507e-13,2.1626864712754686e-14,2.8687368328630866e-13,2.1626907378119188e-14,2.86873683289402e-13,3.07519167217689e-13,3.151669407284797e-13,3.003159012584767e-13,3.0031590125852095e-13,3.2307435881807056e-13,2.1626863176131027e-14,3.5938855907757275e-13,2.868736832865291e-13,2.1626898887561678e-14,2.8687368328658584e-13,2.8687368328679773e-13,2.165377847827114e-14,2.1626902982479384e-14,2.166625280729141e-14,2.868736832851212e-13,3.00315901260254e-13,2.1626859596668958e-14,2.162685966605158e-14,3.1516694072771813e-13,3.075191672167485e-13,2.1648362233826197e-14,2.1626908389232648e-14,2.1626859596668958e-14,2.162687237453179e-14,2.162687358748056e-14,2.166178864302653e-14,2.162688260297152e-14,3.002856333456519e-13,3.075191672195852e-13,3.003159012588735e-13,2.1650753545830336e-14,3.0031590125985745e-13,2.162687237453179e-14,2.1626859596407183e-14,3.0031590125885987e-13,2.162685966605158e-14,2.1626917540881743e-14,3.0751916721959143e-13,2.162691754075296e-14,2.162687091116088e-14,2.868736832863996e-13,2.1653637924060923e-14,3.003159012597633e-13,2.1626867316961618e-14,2.8687368328586014e-13,2.868736832868705e-13,2.1626851513061612e-14,2.8687368328502705e-13,2.8687368328588326e-13,3.4959690343714756e-13,2.162685966605158e-14,2.1626922967236994e-14,2.1648538459198412e-14,3.403012662678325e-13,2.1636080693816705e-14,4.314993906809461e-11,2.162687403029299e-14,2.162692953374066e-14
1.0000000011926788,1.0000000030205713,1.451720497785062e-14,1.0000000030205642,3.518486109732561e-14,3.5184960248803105e-14,1.0000000030205645,1.0000000030205658,3.518388343115028e-14,2.16268881781614e-14,1.0000000022381856,2.3146474847399968e-14,1.0000000106714069,1.7768064985855625e-15,1.0000000030205654,2.3076019395399623e-15,1.0000000030205658,1.0000000030205658,2.9637606735406414e-15,1.0000000030205658,3.518451206459481e-14,1.0000000097372996,1.0000000030205667,3.7127374138477654e-15,0.999999902482857,2.162687042453747e-14,1.000000003020566,1.4517181144978703e-14,1.0000000030205647,3.5184917168298135e-14,1.0000000030205662,3.5185537234882793e-14,1.451725364817424e-14,9.275246850043182e-15,2.3145996472193694e-14,2.314680771293917e-14,1.7760021103712157e-15,1.0000000030205654,-2.8644968390426405e-15,3.518499013370449e-14,1.0000000030205658,3.5183868466558743e-14,3.5184992216630644e-14,1.00000001135894,1.0000000030205658,1.000000015207819,3.5185250439675036e-14,2.3146821938801972e-14,1.0000000030205665,1.0000000030205667,9.275382645516007e-15,1.4517199841643664e-14,1.0000000097371042,1.0000000030205642,1.0000000030205658,1.0000000030205665,1.0000000030205642,1.0000000138738967,1.0000000030205654,2.1626832321641248e-14,1.45172013889923e-14,2.3146060893227156e-14,1.0000000104178708,2.3145993611181078e-14,1.0000000030205658,1.0000000030205642,2.3145985148150638e-14,1.000000003020565,1.0000000030205654,1.4517005648550726e-14,1.0000000030205651,1.000000003020564,3.518421505625496e-14,1.0000000113589407,2.3146168092950083e-14,1.0000000030205642,3.518528104524543e-14,3.5185457041448264e-14,1.0000000030205642,3.5184923627721094e-14,3.518526992519759e-14,2.3080391262131514e-15,1.0000000030205651,1.000000003020567,1.0000000097373012,3.713002817602221e-15,1.0000000058387415,1.0000000067312191,1.0000000030205654,1.0000000030205676
-6.292816515255184e-11,2.314649744691934e-14,3.0755015618300996e-13,2.3146476218553423e-14,2.869026081567031e-13,2.869026081566923e-13,2.3146467952866693e-14,2.3146482923123665e-14,2.869026081561853e-13,3.0031590126225463e-13,2.3146474847399968e-14,-7.820766007217185e-10,2.3171076130132154e-14,3.2310689399884585e-13,2.3146467953449068e-14,3.496320696518882e-13,2.3146467952866693e-14,2.3146503291642987e-14,3.315146225927054e-13,2.3146476209771612e-14,2.8690260815774326e-13,2.3168097967101937e-14,2.3146467953449068e-14,3.4033550964577975e-13,4.550994971078577e-11,3.00315901261185e-13,2.3146482923123665e-14,3.075501561879886e-13,2.3146469502583383e-14,2.869026081576884e-13,2.3146464605189844e-14,2.869026081607863e-13,3.0755015618632706e-13,3.1519868960001433e-13,3.0034617175670604e-13,3.003461717567574e-13,3.231068939978242e-13,2.3146481892009994e-14,3.5942469982573175e-13,2.869026081579101e-13,2.314647677884465e-14,2.8690260815795843e-13,2.869026081581782e-13,2.317329986909943e-14,2.3146471080531732e-14,2.3185560876814344e-14,2.869026081565035e-13,3.0034617175849076e-13,2.31464984222623e-14,2.3146467953449068e-14,3.151986895992541e-13,3.0755015618538563e-13,4.6198979827784756e-11,2.3146464605194e-14,2.314649132115434e-14,2.3146471080622937e-14,2.3146471080622937e-14,4.6225767988556827e-11,2.3146471080622937e-14,3.0031590125940246e-13,3.0755015618822316e-13,3.0034617175710383e-13,2.3170324147093032e-14,3.003461717580873e-13,2.3146471080531732e-14,2.3146474006630766e-14,3.0034617175708904e-13,2.3146471080623625e-14,2.3146498421251137e-14,3.075501561882279e-13,2.3146451406249756e-14,2.314647108053059e-14,2.8690260815777547e-13,2.3173299957896404e-14,3.0034617175799427e-13,2.3146464605189888e-14,2.869026081572429e-13,2.869026081582545e-13,2.3146476137646914e-14,2.8690260815640686e-13,2.8690260815726646e-13,3.4963206965051805e-13,2.314647210034202e-14,2.3146440496450023e-14,2.3168102594981858e-14,3.4033550964341286e-13,2.315555411888631e-14,2.3158382177669336e-14,2.3146469871398456e-14,2.314642642946358e-14
1.0000000088439074,1.0000000106714115,1.4542372509806973e-14,1.0000000106714055,3.520837181759223e-14,3.520843376672052e-14,1.0000000106714062,1.0000000106714069,3.5207357350667786e-14,4.317520413784781e-11,1.0000000106714069,2.3171076130132154e-14,1.00000001753987,1.8032352156571177e-15,1.0000000106714069,4.658852413645966e-12,1.0000000106714069,1.0000000106714064,5.964404993824525e-12,1.0000000106714078,3.5207983300052894e-14,1.000000017388145,1.0000000106714062,7.459250221093196e-12,0.9999999101336307,4.317521021848384e-11,1.0000000106714062,1.454232687237097e-14,1.0000000106714038,3.520840693156386e-14,1.000000010671408,3.52090112924581e-14,1.454248096097682e-14,1.854729141451669e-11,2.3170578258373672e-14,2.3171369880916502e-14,1.8022981215626822e-15,1.0000000106714062,-5.65295525085224e-12,3.520850257651528e-14,1.0000000106714064,3.520728600210822e-14,3.520849234104758e-14,1.0000000190097849,1.0000000106714064,1.0000000228586663,3.520872770935846e-14,2.317141197256157e-14,1.0000000106714062,1.000000010671407,1.85475678805087e-11,1.4542238982153828e-14,1.000000017387948,1.0000000106714064,1.0000000106714069,1.0000000106714066,1.0000000106714064,1.000000021524744,1.000000010671406,4.317506603281588e-11,1.4542370366942398e-14,2.3170645100837863e-14,1.000000018068715,2.3170580168089264e-14,1.0000000106714078,1.0000000106714042,2.31705475736884e-14,1.0000000106714064,1.0000000106714062,1.454219391771003e-14,1.000000010671406,1.0000000106714042,3.5207729505411546e-14,1.0000000190097857,2.3170727844230603e-14,1.0000000106714064,3.520872392192088e-14,3.520894915101041e-14,1.0000000106714042,3.5208356709674835e-14,3.5208766869641307e-14,4.659692974301459e-12,1.000000010671406,1.0000000106714069,1.0000000173881445,7.459768528101534e-12,1.0000000134895837,1.0000000143820624,1.0000000106714073,1.0000000106714078
-1.0624891234725692e-10,1.7768319441181223e-15,3.308565977941923e-13,1.776860881987941e-15,3.086449144390407e-13,3.0864491443902924e-13,1.776825157448081e-15,1.7768176713257963e-15,3.0864491443848256e-13,3.2307435881908646e-13,1.7768064985855625e-15,3.2310689399884585e-13,1.8032352156571177e-15,-7.820286093615716e-10,1.776813287076124e-15,3.7612611481606266e-13,1.7768225578598632e-15,1.7768316743398585e-15,3.5663630073019103e-13,1.776829426942406e-15,3.086449144401551e-13,3.590102292371452e-12,1.7768247024717808e-15,3.661253531015678e-13,2.849426597920268e-12,3.2307435881793364e-13,1.7768293700149764e-15,3.3085659779954566e-13,1.776860199222604e-15,3.0864491444010143e-13,1.7768601991809847e-15,3.0864491444342883e-13,3.308565977977639e-13,3.3908443988586196e-13,3.2310689399478856e-13,3.2310689399483683e-13,3.4759173172148066e-13,1.776834720797777e-15,3.8666054381384326e-13,3.0864491444034044e-13,1.7768223124179047e-15,3.0864491444039103e-13,3.086449144406264e-13,1.805616886601133e-15,1.776820467323142e-15,3.628022728957456e-12,3.0864491443882784e-13,3.231068939966984e-13,1.776848506673633e-15,1.776860199222604e-15,3.390844398850422e-13,3.308565977967549e-13,3.589685063510513e-12,1.7768165409006044e-15,1.7768601991809847e-15,1.7768232813626946e-15,1.7768293700149764e-15,3.6184648571213828e-12,1.776812979381188e-15,3.230743588160138e-13,3.308565977997989e-13,3.231068939952173e-13,1.802487024806692e-15,3.231068939962657e-13,1.776817764741692e-15,1.7768165461371925e-15,3.2310689399519705e-13,1.7768234847350557e-15,1.7768247024717808e-15,3.3085659779980663e-13,1.7768165409006044e-15,1.776823504974518e-15,3.0864491444019165e-13,1.805619902527201e-15,3.231068939961697e-13,1.7768232813626946e-15,3.086449144396144e-13,3.0864491444070566e-13,1.776821389965161e-15,3.086449144387252e-13,3.086449144396437e-13,3.7612611481459414e-13,1.7768148784092857e-15,1.77681936288647e-15,3.5901022923715925e-12,3.66125353099022e-13,1.7866110330780803e-15,1.7896241084113747e-15,1.7768518857359525e-15,1.7768154829871776e-15
1.0000000011926713,1.0000000030205713,1.451716750572006e-14,1.0000000030205638,3.518487582865611e-14,3.518496132691953e-14,1.000000003020565,1.0000000030205654,3.518391483466304e-14,2.1626859596668958e-14,1.0000000030205654,2.3146467953449068e-14,1.0000000106714069,1.776813287076124e-15,1.000000002238188,2.307616168030564e-15,1.0000000030205651,1.000000003020565,2.9637573197425288e-15,1.0000000030205654,3.518449053688834e-14,1.0000000097372992,1.0000000030205642,3.7127569309537744e-15,0.9999999024828556,2.162689353910932e-14,1.0000000030205642,1.451721123983578e-14,1.0000000030205634,3.5184919110088744e-14,1.0000000030205654,3.5185552276242553e-14,1.451724321624733e-14,9.275241027118582e-15,2.3145984735322053e-14,2.3146760551999664e-14,1.7760101224935838e-15,1.0000000030205654,-2.8645440387015084e-15,3.518499450210578e-14,1.0000000030205651,3.518386846656911e-14,3.5185000612966056e-14,1.0000000113589387,1.0000000030205651,1.0000000152078174,3.5185250439862394e-14,2.3146814101049435e-14,1.000000003020565,1.0000000030205651,9.275374092943321e-15,1.4517160888747408e-14,1.000000009737104,1.0000000030205642,1.0000000030205654,1.0000000030205654,1.0000000030205642,1.0000000138738963,1.0000000030205645,2.1626827990566238e-14,1.45172146858348e-14,2.3146056210490804e-14,1.0000000104178701,2.314598284128722e-14,1.0000000030205654,1.0000000030205625,2.3145978955022426e-14,1.000000003020564,1.0000000030205654,1.4516951650310643e-14,1.0000000030205642,1.0000000030205631,3.518425624954668e-14,1.0000000113589393,2.314613845583769e-14,1.0000000030205642,3.518525162878198e-14,3.5185444870950035e-14,1.0000000030205625,3.518494113046929e-14,3.51852769752074e-14,2.3080478818014756e-15,1.0000000030205642,1.0000000030205658,1.0000000097373003,3.7130234185562385e-15,1.0000000058387404,1.0000000067312182,1.0000000030205651,1.0000000030205665
-1.0601196814366352e-10,2.3076292838799833e-15,3.580177464773041e-13,2.3075916785240706e-15,3.339833407442172e-13,3.339833407442025e-13,2.3076032642620014e-15,2.3075734804850358e-15,3.339833407436239e-13,3.4959690343852117e-13,2.3076019395399623e-15,3.496320696518882e-13,4.658852413645966e-12,3.7612611481606266e-13,2.307616168030564e-15,-7.81971784775262e-10,2.307598090678062e-15,2.307608081574481e-15,3.859127337707523e-13,2.307572585862661e-15,3.339833407454299e-13,4.6520468482100865e-12,2.307586277388221e-15,3.9618027016953567e-13,3.851914055537581e-12,3.4959690343727787e-13,2.3076022039671297e-15,3.580177464830609e-13,2.3075932434454367e-15,3.3398334074536565e-13,2.3076226015600554e-15,3.339833407489656e-13,3.580177464811284e-13,3.669206820012387e-13,3.4963206964750286e-13,3.4963206964755223e-13,3.761261148148723e-13,2.3076424919375892e-15,4.1840001737784254e-13,3.3398334074562637e-13,2.307598090678062e-15,3.339833407456908e-13,3.339833407459308e-13,4.6641058275326655e-12,2.3076225584612863e-15,4.693011202295786e-12,3.339833407439861e-13,3.4963206964955975e-13,2.3076096828480112e-15,2.3075862773905053e-15,3.669206820003427e-13,3.580177464800401e-13,4.6515960638420786e-12,2.3076226015600554e-15,2.3075916785240706e-15,2.3075852583485948e-15,2.307607912711239e-15,4.682686077745157e-12,2.3075919213046566e-15,3.495969034352067e-13,3.5801774648333784e-13,3.496320696479615e-13,2.3353020125276783e-15,3.4963206964909184e-13,2.3075916785240706e-15,2.307588470232016e-15,3.4963206964794e-13,2.3075916790558295e-15,2.3076022038882763e-15,3.580177464833394e-13,2.3076225584612863e-15,2.3075916785240706e-15,3.3398334074546254e-13,4.664105827524298e-12,3.4963206964899127e-13,2.307626405434487e-15,3.3398334074483725e-13,3.3398334074601497e-13,2.30760322691944e-15,3.339833407438771e-13,3.339833407448717e-13,4.0700143184427227e-13,2.3076022038882763e-15,2.3075932434454367e-15,4.652046848208957e-12,3.9618027016678655e-13,2.3181681974628165e-15,2.321439971484667e-15,2.307623401187541e-15,2.3076139213185046e-15
1.000000001192671,1.00000000302057,1.4517153086238608e-14,1.0000000030205638,3.5184885176277424e-14,3.518494053691848e-14,1.0000000030205642,1.0000000030205658,3.518390416832899e-14,2.162691754075296e-14,1.0000000030205658,2.3146467952866693e-14,1.0000000106714069,1.7768225578598632e-15,1.0000000030205651,2.307598090678062e-15,1.0000000022381894,1.0000000030205654,2.963758661377354e-15,1.0000000030205658,3.518447047203019e-14,1.0000000097372996,1.0000000030205642,3.712754327196053e-15,0.9999999024828543,2.1626890994749982e-14,1.000000003020565,1.4517210589305502e-14,1.0000000030205634,3.518492856861411e-14,1.0000000030205651,3.518558172710187e-14,1.4517264661936626e-14,9.275246584620117e-15,2.3145962562254993e-14,2.3146781009080183e-14,1.7760070645617341e-15,1.0000000030205647,-2.864506556655135e-15,3.5185018225439294e-14,1.0000000030205642,3.518386178328382e-14,3.518500563577612e-14,1.0000000113589382,1.0000000030205642,1.0000000152078186,3.5185234085564264e-14,2.314682450322067e-14,1.0000000030205658,1.0000000030205658,9.275390322674912e-15,1.4517158470664164e-14,1.0000000097371036,1.0000000030205638,1.0000000030205658,1.0000000030205654,1.0000000030205645,1.0000000138738958,1.0000000030205638,2.1626796994939808e-14,1.4517202491611174e-14,2.3146047202580976e-14,1.0000000104178692,2.314598944731173e-14,1.0000000030205658,1.0000000030205634,2.314597539160712e-14,1.0000000030205638,1.0000000030205647,1.4516952127339925e-14,1.0000000030205642,1.0000000030205638,3.5184253996731704e-14,1.0000000113589393,2.3146130795443925e-14,1.0000000030205645,3.518524369400009e-14,3.518544745360208e-14,1.0000000030205634,3.5184942035473707e-14,3.5185238974583967e-14,2.307996111730627e-15,1.0000000030205638,1.0000000030205654,1.0000000097373,3.713026846374725e-15,1.0000000058387408,1.0000000067312187,1.0000000030205651,1.0000000030205654
1.0000000011926742,1.0000000030205713,1.4517171021112047e-14,1.000000003020563,3.5184895550833257e-14,3.51849622348101e-14,1.0000000030205651,1.0000000030205654,3.518388294810518e-14,2.1626907378119188e-14,1.0000000030205658,2.3146503291642987e-14,1.0000000106714064,1.7768316743398585e-15,1.000000003020565,2.307608081574481e-15,1.0000000030205654,1.0000000022381885,2.9637656729237812e-15,1.0000000030205654,3.518450257064169e-14,1.0000000097372992,1.000000003020565,3.7127674130300316e-15,0.9999999024828549,2.1626890994749982e-14,1.000000003020565,1.451720527463059e-14,1.0000000030205627,3.518491555054002e-14,1.0000000030205656,3.518555061749109e-14,1.4517212195159197e-14,9.275243646213159e-15,2.3145984228965156e-14,2.3146805044905552e-14,1.776002110356231e-15,1.0000000030205645,-2.864517284125567e-15,3.518501406895344e-14,1.000000003020565,3.518386847239127e-14,3.518496563980624e-14,1.0000000113589405,1.0000000030205658,1.000000015207818,3.5185284961629594e-14,2.3146798207856597e-14,1.000000003020565,1.0000000030205658,9.275390323228294e-15,1.4517160888747408e-14,1.0000000097371053,1.0000000030205642,1.0000000030205654,1.000000003020565,1.0000000030205642,1.0000000138738967,1.0000000030205651,2.162686470281264e-14,1.4517206732429632e-14,2.3146012969864238e-14,1.0000000104178688,2.3145938421489524e-14,1.0000000030205658,1.0000000030205647,2.3145959380237967e-14,1.0000000030205642,1.0000000030205645,1.451698501727044e-14,1.000000003020565,1.0000000030205645,3.518426348898246e-14,1.0000000113589405,2.314614763859564e-14,1.0000000030205642,3.518524035445825e-14,3.5185452294215486e-14,1.0000000030205642,3.5184920289991553e-14,3.5185269189216845e-14,2.3080320335917947e-15,1.0000000030205651,1.0000000030205662,1.0000000097373012,3.713058620625855e-15,1.0000000058387406,1.0000000067312196,1.000000003020565,1.000000003020567
-1.0413916581583372e-10,2.9637812798868686e-15,3.3946590342753583e-13,2.96372683861665e-15,3.1667647817784253e-13,3.166764781778295e-13,2.9637698448602072e-15,2.9637949197923157e-15,3.1667647817726975e-13,3.314812538415351e-13,2.9637606735406414e-15,3.315146225927054e-13,5.964404993824525e-12,3.5663630073019103e-13,2.9637573197425288e-15,3.859127337707523e-13,2.963758661377354e-15,2.9637656729237812e-15,-7.820120115660298e-10,2.9638096979017333e-15,3.166764781789879e-13,2.9875639711892718e-15,2.9637600891390185e-15,3.756519056903328e-13,5.198435825476779e-12,3.3148125384035203e-13,2.963778455616903e-15,3.394659034330157e-13,2.9637268385620556e-15,3.1667647817893103e-13,2.9637815387226e-15,3.166764781823476e-13,3.394659034311876e-13,3.479077213343605e-13,3.3151462258853987e-13,3.3151462258859364e-13,3.566363007290559e-13,2.9637918596546758e-15,3.9672110444964567e-13,3.166764781791761e-13,2.9637647599521033e-15,3.166764781792284e-13,3.166764781794691e-13,5.9693916945300994e-12,2.9637600891390185e-15,5.9968295917669435e-12,3.1667647817762584e-13,3.315146225905018e-13,2.9637537666126366e-15,2.963752470349825e-15,3.4790772133351863e-13,3.394659034301535e-13,5.957517145247019e-12,2.9637787559739364e-15,2.9637531594611196e-15,2.9637623018927675e-15,2.96372683861665e-15,5.987028712082578e-12,2.9637942911028765e-15,3.314812538383836e-13,3.3946590343327536e-13,3.3151462258897916e-13,2.990118974823776e-15,3.315146225900526e-13,2.9637815387226e-15,2.9637708614337096e-15,3.3151462258895735e-13,2.9637708614337096e-15,2.9637537666126366e-15,3.394659034332821e-13,2.9637815387226e-15,2.963794291079257e-15,3.1667647817902287e-13,5.969391694521732e-12,3.3151462258995573e-13,2.9637503020156745e-15,3.1667647817843187e-13,3.166764781795521e-13,2.963793619361329e-15,3.166764781775195e-13,3.166764781784635e-13,3.8591273376925093e-13,2.9637612758485288e-15,2.963759701536327e-15,2.987549718791034e-15,3.756519056877253e-13,2.9737913579491367e-15,2.9768699257093715e-15,2.9637511791665174e-15,2.963761276021905e-15
1.0000000011926733,1.00000000302057,1.4517177281486155e-14,1.0000000030205642,3.518488067352939e-14,3.51849622348101e-14,1.0000000030205647,1.000000003020565,3.5183892249508154e-14,2.1626882992775222e-14,1.0000000030205658,2.3146476209771612e-14,1.0000000106714078,1.776829426942406e-15,1.0000000030205654,2.307572585862661e-15,1.0000000030205658,1.0000000030205654,2.9638096979017333e-15,1.0000000022381892,3.518448559055234e-14,1.0000000097372999,1.0000000030205654,3.712765460566931e-15,0.9999999024828543,2.16268622067944e-14,1.0000000030205654,1.4517195674255147e-14,1.0000000030205638,3.5184948297112924e-14,1.0000000030205654,3.5185551846776604e-14,1.4517212321588697e-14,9.275246584647757e-15,2.314600080901685e-14,2.3146816551960233e-14,1.7759742751395824e-15,1.0000000030205647,-2.8645289163747603e-15,3.518498960378825e-14,1.0000000030205642,3.51838505073101e-14,3.5184991637070927e-14,1.0000000113589396,1.0000000030205642,1.0000000152078186,3.518528669769109e-14,2.3146834190524736e-14,1.0000000030205654,1.0000000030205658,9.27539594573999e-15,1.4517157861456848e-14,1.0000000097371036,1.0000000030205647,1.0000000030205658,1.0000000030205662,1.0000000030205647,1.0000000138738963,1.0000000030205647,2.1626832274698846e-14,1.451720919342066e-14,2.3146044012360274e-14,1.0000000104178697,2.3146002132916374e-14,1.0000000030205658,1.000000003020565,2.3145974686470988e-14,1.000000003020565,1.0000000030205647,1.451700113391614e-14,1.0000000030205647,1.000000003020565,3.5184264568559264e-14,1.0000000113589405,2.3146186043130847e-14,1.0000000030205647,3.5185233551589625e-14,3.518545323841379e-14,1.000000003020565,3.5184916416838406e-14,3.518523892134084e-14,2.3079978311017764e-15,1.0000000030205647,1.0000000030205651,1.0000000097373003,3.713029967684764e-15,1.0000000058387413,1.0000000067312202,1.0000000030205658,1.0000000030205654
