0.9999999945652613,0.9999925383096995,0.9999925383096897,0.9999925838904646,0.9999925383096937,0.9999925838904642,0.9999925838904677,0.9999925383096904,0.9999925383096882,-2.4856721478038263e-06,0.9999925383096883,0.9999925383096883,0.9999925804604508,0.9999925465687585,-2.571023360317606e-06,0.9999926113527466,0.9999925986105187,0.9999925383096918,0.9999925383096918,0.9999925838904634,0.9999925383096937,0.9999925383096913,0.9999925383096883,-2.49400993597821e-06,0.9999925383096875,0.9999925383096918,-2.48887756306975e-06,0.9999925383096888,0.9999925838904642,0.9999925838904639,0.9999925804604489,0.9999925383096937,0.9999925838904627,0.9999925383096882,0.9999926113527475,-2.4820480464912864e-06,0.9999925383096897,0.9999925838904631,0.9999926113527502,0.9999925986105187,0.9999925383096883,0.9999925645440009,0.9999925383096888,0.9999925383096888,0.9999925383096937,0.9999926084306692
0.9999925383096995,0.9999922324190398,0.9999924741620935,0.9999925197427509,0.9999924741620919,0.9999925197427517,0.9999925197427535,0.9999924741620928,0.9999924741620931,-6.429692124613272e-11,0.9999924741620931,0.9999924741620928,0.9999925163127484,0.9999924824211385,-1.0724169187150971e-10,0.9999925472049709,0.9999925344627698,0.9999924741620928,0.9999924741620912,0.9999925197427524,0.9999924741620928,0.9999924741620918,0.9999924741620924,-6.849210492955993e-11,0.9999924741620924,0.9999924741620935,-6.590973524978417e-11,0.9999924741620931,0.9999925197427517,0.9999925197427514,0.9999925163127498,0.9999924741620924,0.9999925197427517,0.9999924741620924,0.9999925472049709,-6.24734401322058e-11,0.9999924741620924,0.9999925197427526,0.9999925472049718,0.9999925344627698,0.999992474162094,0.9999925003963378,0.9999924741620945,0.9999924741620924,0.9999924741620924,0.9999925442828967
0.9999925383096897,0.9999924741620935,0.9999922324190332,0.9999925197427463,0.9999924741620887,0.999992519742747,0.9999925197427475,0.999992474162089,0.999992474162089,-6.42969212842831e-11,0.9999924741620878,0.9999924741620877,0.9999925163127443,0.9999924824211329,-1.0724169188009186e-10,0.9999925472049656,0.9999925344627651,0.9999924741620896,0.9999924741620873,0.999992519742747,0.999992474162089,0.9999924741620877,0.9999924741620873,-6.849210494122972e-11,0.9999924741620875,0.9999924741620885,-6.590973520300376e-11,0.9999924741620884,0.999992519742747,0.9999925197427466,0.9999925163127444,0.9999924741620885,0.9999925197427473,0.9999924741620878,0.9999925472049656,-6.247344008103034e-11,0.9999924741620881,0.9999925197427476,0.9999925472049667,0.9999925344627651,0.9999924741620887,0.9999925003963303,0.9999924741620885,0.9999924741620875,0.9999924741620885,0.9999925442828923
0.9999925838904646,0.9999925197427509,0.9999925197427463,0.9999923235803457,0.999992519742747,0.999992565323405,0.999992565323405,0.9999925197427469,0.999992519742747,-6.429692440005306e-11,0.999992519742746,0.9999925197427464,0.9999925618934051,0.99999252800179,-2.1313853246028317e-07,0.9999925927856278,0.9999925800434255,0.9999925197427475,0.9999925197427436,0.9999925653234045,0.9999925197427476,0.9999925197427445,0.9999925197427457,-6.849210769251067e-11,0.9999925197427463,0.9999925197427463,-6.5909737844112e-11,0.9999925197427463,0.9999925653234054,0.9999925653234049,0.9999925618934069,0.9999925197427469,0.9999925653234045,0.9999925197427463,0.9999925927856278,-6.247344288077029e-11,0.9999925197427466,0.9999925653234056,0.9999925927856279,0.9999925800434255,0.9999925197427469,0.99999254597699,0.9999925197427463,0.9999925197427457,0.9999925197427469,0.9999925898635551
0.9999925383096937,0.9999924741620919,0.9999924741620887,0.999992519742747,0.9999922324190318,0.9999925197427463,0.9999925197427473,0.9999924741620881,0.9999924741620877,-6.429692128172241e-11,0.9999924741620877,0.9999924741620878,0.9999925163127437,0.9999924824211329,-1.0724169194349015e-10,0.9999925472049649,0.9999925344627655,0.9999924741620881,0.9999924741620859,0.9999925197427463,0.9999924741620885,0.9999924741620868,0.9999924741620877,-6.849210480739902e-11,0.9999924741620877,0.9999924741620885,-6.590973525172626e-11,0.9999924741620877,0.9999925197427466,0.9999925197427463,0.9999925163127447,0.9999924741620881,0.9999925197427466,0.9999924741620873,0.9999925472049653,-6.247344008535984e-11,0.9999924741620868,0.9999925197427479,0.9999925472049658,0.9999925344627655,0.9999924741620881,0.9999925003963311,0.9999924741620877,0.9999924741620871,0.9999924741620881,0.9999925442828914
0.9999925838904642,0.9999925197427517,0.999992519742747,0.999992565323405,0.9999925197427463,0.9999923235803448,0.9999925653234049,0.9999925197427466,0.9999925197427463,-6.429692395993844e-11,0.9999925197427466,0.9999925197427466,0.9999925618934055,0.9999925280017908,-2.1313853246028306e-07,0.9999925927856285,0.9999925800434257,0.9999925197427466,0.9999925197427448,0.9999925653234059,0.999992519742747,0.9999925197427454,0.9999925197427463,-6.849210818580144e-11,0.9999925197427466,0.9999925197427466,-6.590973782929845e-11,0.9999925197427457,0.9999925653234045,0.9999925653234043,0.9999925618934058,0.9999925197427463,0.9999925653234054,0.9999925197427466,0.9999925927856281,-6.247344283947522e-11,0.9999925197427466,0.9999925653234054,0.9999925927856288,0.9999925800434257,0.9999925197427475,0.9999925459769905,0.9999925197427466,0.9999925197427448,0.9999925197427463,0.9999925898635545
0.9999925838904677,0.9999925197427535,0.9999925197427475,0.999992565323405,0.9999925197427473,0.9999925653234049,0.9999923235803484,0.9999925197427466,0.9999925197427473,-6.42969244000525e-11,0.999992519742747,0.9999925197427475,0.9999925618934054,0.9999925280017911,-2.1313853246028317e-07,0.9999925927856286,0.999992580043426,0.9999925197427476,0.9999925197427457,0.9999925653234054,0.9999925197427476,0.9999925197427454,0.9999925197427464,-6.849210818580144e-11,0.999992519742747,0.999992519742747,-6.590973786787929e-11,0.9999925197427466,0.9999925653234049,0.9999925653234059,0.9999925618934069,0.9999925197427469,0.9999925653234054,0.999992519742747,0.9999925927856286,-6.247344272469034e-11,0.999992519742747,0.9999925653234067,0.999992592785629,0.999992580043426,0.9999925197427476,0.9999925459769909,0.9999925197427469,0.9999925197427463,0.9999925197427469,0.9999925898635542
0.9999925383096904,0.9999924741620928,0.999992474162089,0.9999925197427469,0.9999924741620881,0.9999925197427466,0.9999925197427466,0.9999922324190297,0.9999924741620877,-6.42969213005039e-11,0.9999924741620881,0.9999924741620875,0.9999925163127438,0.999992482421132,-1.0724169184900719e-10,0.9999925472049653,0.9999925344627655,0.9999924741620885,0.9999924741620863,0.999992519742747,0.9999924741620881,0.9999924741620865,0.9999924741620881,-6.8492104954962e-11,0.9999924741620873,0.9999924741620881,-6.590973518171879e-11,0.9999924741620873,0.9999925197427466,0.9999925197427463,0.9999925163127455,0.9999924741620873,0.9999925197427469,0.9999924741620878,0.9999925472049653,-6.24734400046833e-11,0.9999924741620877,0.9999925197427488,0.9999925472049662,0.9999925344627655,0.999992474162089,0.9999925003963313,0.9999924741620881,0.9999924741620868,0.9999924741620873,0.9999925442828919
0.9999925383096882,0.9999924741620931,0.999992474162089,0.999992519742747,0.9999924741620877,0.9999925197427463,0.9999925197427473,0.9999924741620877,0.9999922324190315,-6.429692124546476e-11,0.9999924741620873,0.9999924741620871,0.9999925163127434,0.9999924824211328,-1.0724169194349015e-10,0.9999925472049649,0.9999925344627655,0.9999924741620884,0.9999924741620857,0.9999925197427466,0.9999924741620885,0.9999924741620866,0.9999924741620873,-6.849210494481327e-11,0.9999924741620877,0.9999924741620881,-6.590973516337416e-11,0.9999924741620877,0.9999925197427463,0.9999925197427457,0.999992516312745,0.9999924741620877,0.999992519742747,0.9999924741620875,0.999992547204966,-6.247344004475693e-11,0.9999924741620871,0.9999925197427479,0.9999925472049667,0.9999925344627658,0.9999924741620881,0.9999925003963309,0.9999924741620881,0.9999924741620873,0.9999924741620877,0.9999925442828914
-2.4856721478038263e-06,-6.429692124613272e-11,-6.42969212842831e-11,-6.429692440005306e-11,-6.429692128172241e-11,-6.429692395993844e-11,-6.42969244000525e-11,-6.42969213005039e-11,-6.429692124546476e-11,-2.4174331963510463e-07,-6.429692131403613e-11,-6.429692129619285e-11,-6.429692399437634e-11,-1.2778753035318645e-07,2.690272702991865e-14,-6.429692608109905e-11,-1.2778753711707247e-07,-6.429692128851009e-11,-6.429692124290451e-11,-6.429692437061152e-11,-6.429692123911031e-11,-6.429692126064077e-11,-6.429692123911031e-11,1.7377906228144467e-14,-6.429692128851009e-11,-6.42969213252852e-11,7.171562093680192e-18,-6.429692126064077e-11,-6.429692404504443e-11,-6.429692423038125e-11,-6.429692392776044e-11,-6.42969212452123e-11,-6.429692404504443e-11,-6.429692132610136e-11,-6.429692608109905e-11,1.651078217142316e-14,-6.42969212930211e-11,-6.429692424396058e-11,-6.429692571806307e-11,-1.2778753711707247e-07,-6.429692121384057e-11,-6.429692276356871e-11,-6.429692128327763e-11,-6.429692127352189e-11,-6.429692126064077e-11,-6.429692553456985e-11
0.9999925383096883,0.9999924741620931,0.9999924741620878,0.999992519742746,0.9999924741620877,0.9999925197427466,0.999992519742747,0.9999924741620881,0.9999924741620873,-6.429692131403613e-11,0.9999922324190247,0.9999924741620866,0.9999925163127434,0.9999924824211329,-1.0724169196192678e-10,0.9999925472049646,0.9999925344627646,0.9999924741620881,0.9999924741620859,0.9999925197427466,0.999992474162089,0.9999924741620866,0.9999924741620863,-6.849210494481327e-11,0.9999924741620871,0.9999924741620873,-6.590973527169293e-11,0.9999924741620868,0.9999925197427466,0.9999925197427457,0.9999925163127447,0.9999924741620881,0.9999925197427463,0.9999924741620877,0.9999925472049643,-6.247344011960475e-11,0.9999924741620877,0.9999925197427475,0.9999925472049653,0.9999925344627651,0.9999924741620878,0.9999925003963303,0.9999924741620873,0.9999924741620875,0.9999924741620881,0.9999925442828923
0.9999925383096883,0.9999924741620928,0.9999924741620877,0.9999925197427464,0.9999924741620878,0.9999925197427466,0.9999925197427475,0.9999924741620875,0.9999924741620871,-6.429692129619285e-11,0.9999924741620866,0.9999922324190247,0.999992516312743,0.9999924824211328,-1.0724169181898054e-10,0.9999925472049658,0.9999925344627651,0.9999924741620884,0.9999924741620859,0.999992519742747,0.9999924741620884,0.9999924741620865,0.9999924741620859,-6.849210494122972e-11,0.9999924741620877,0.9999924741620881,-6.590973513095085e-11,0.9999924741620871,0.9999925197427463,0.9999925197427457,0.9999925163127449,0.9999924741620875,0.999992519742747,0.9999924741620866,0.9999925472049658,-6.247344008970256e-11,0.9999924741620859,0.9999925197427479,0.9999925472049658,0.9999925344627653,0.9999924741620875,0.9999925003963306,0.9999924741620881,0.9999924741620866,0.9999924741620875,0.9999925442828914
0.9999925804604508,0.9999925163127484,0.9999925163127443,0.9999925618934051,0.9999925163127437,0.9999925618934055,0.9999925618934054,0.9999925163127438,0.9999925163127434,-6.429692399437634e-11,0.9999925163127434,0.999992516312743,0.9999923167203362,0.9999925245717887,-2.1313853173189603e-07,0.9999925893556253,0.9999925766134242,0.9999925163127447,0.9999925163127421,0.9999925618934054,0.9999925163127443,0.9999925163127426,0.999992516312743,-6.849210712733673e-11,0.9999925163127426,0.9999925163127438,-1.3099293727316037e-07,0.9999925163127431,0.9999925618934062,0.9999925618934051,0.9999925584634021,0.9999925163127438,0.9999925618934054,0.9999925163127431,0.9999925893556253,-6.247344275093586e-11,0.999992516312743,0.9999925618934067,0.9999925893556262,0.9999925766134242,0.9999925163127438,0.9999925425469883,0.9999925163127438,0.9999925163127423,0.9999925163127438,0.9999925864335516
0.9999925465687585,0.9999924824211385,0.9999924824211329,0.99999252800179,0.9999924824211329,0.9999925280017908,0.9999925280017911,0.999992482421132,0.9999924824211328,-1.2778753035318645e-07,0.9999924824211329,0.9999924824211328,0.9999925245717887,0.999992248937116,-2.1313852453949414e-07,0.9999925554640117,0.9999925427218099,0.9999924824211338,0.9999924824211304,0.9999925280017902,0.9999924824211334,0.9999924824211299,0.9999924824211328,-1.3612528784797148e-07,0.9999924824211325,0.9999924824211331,-1.3099293297770605e-07,0.9999924824211329,0.9999925280017905,0.99999252800179,0.9999925245717893,0.999992482421132,0.9999925280017902,0.999992482421132,0.9999925554640114,-1.2416343517508315e-07,0.9999924824211325,0.9999925280017921,0.9999925554640126,0.9999925427218099,0.9999924824211329,0.9999925086553757,0.9999924824211323,0.999992482421132,0.999992482421132,0.9999925525419378
-2.571023360317606e-06,-1.0724169187150971e-10,-1.0724169188009186e-10,-2.1313853246028317e-07,-1.0724169194349015e-10,-2.1313853246028306e-07,-2.1313853246028317e-07,-1.0724169184900719e-10,-1.0724169194349015e-10,2.690272702991865e-14,-1.0724169196192678e-10,-1.0724169181898054e-10,-2.1313853173189603e-07,-2.1313852453949414e-07,-2.4174328867221716e-07,-2.1313853828447282e-07,-2.1313853557971585e-07,-1.0724169196364861e-10,-1.0724169194349015e-10,-2.1313853246028306e-07,-1.0724169194349015e-10,-1.0724169194349015e-10,-1.0724169192164355e-10,2.8703693899803284e-14,-1.0724169197067982e-10,-1.0724169194329436e-10,2.7625874716840176e-14,-1.0724169194349015e-10,-2.1313853246028314e-07,-2.1313853246028314e-07,-2.1313853173189632e-07,-1.0724169190638914e-10,-2.1313853246028325e-07,-1.0724169195038571e-10,-2.1313853828447287e-07,2.6134248176173428e-14,-1.0724169185509777e-10,-2.131385324602831e-07,-2.13138538284473e-07,-2.1313853557971585e-07,-1.0724169197067982e-10,-1.0724169411929466e-10,-1.0724169194349015e-10,-1.0724169197067982e-10,-1.0724169184900719e-10,-2.1313853766993027e-07
0.9999926113527466,0.9999925472049709,0.9999925472049656,0.9999925927856278,0.9999925472049649,0.9999925927856285,0.9999925927856286,0.9999925472049653,0.9999925472049649,-6.429692608109905e-11,0.9999925472049646,0.9999925472049658,0.9999925893556253,0.9999925554640117,-2.1313853828447282e-07,0.9999923785047905,0.9999926075056479,0.9999925472049653,0.9999925472049647,0.9999925927856276,0.9999925472049658,0.999992547204964,0.9999925472049646,-1.3612529666178411e-07,0.9999925472049653,0.9999925472049649,-6.590973992022975e-11,0.9999925472049646,0.9999925927856285,0.9999925927856279,0.9999925893556262,0.9999925472049649,0.9999925927856276,0.9999925472049656,0.9999926202478505,-6.247344468087408e-11,0.9999925472049649,0.9999925927856288,0.9999926202478501,0.9999926075056479,0.9999925472049652,0.9999925734392109,0.9999925472049643,0.9999925472049646,0.9999925472049649,0.9999926173257768
0.9999925986105187,0.9999925344627698,0.9999925344627651,0.9999925800434255,0.9999925344627655,0.9999925800434257,0.999992580043426,0.9999925344627655,0.9999925344627655,-1.2778753711707247e-07,0.9999925344627646,0.9999925344627651,0.9999925766134242,0.9999925427218099,-2.1313853557971585e-07,0.9999926075056479,0.9999923530203878,0.9999925344627664,0.9999925344627636,0.999992580043426,0.9999925344627658,0.9999925344627639,0.9999925344627646,-6.849210849743079e-11,0.9999925344627646,0.9999925344627655,-6.590973883322455e-11,0.9999925344627646,0.9999925800434263,0.9999925800434255,0.9999925766134246,0.9999925344627655,0.9999925800434251,0.9999925344627646,0.9999926075056479,-6.247344356837223e-11,0.9999925344627645,0.9999925800434271,0.9999926075056488,0.9999925947634453,0.9999925344627651,0.9999925606970098,0.9999925344627648,0.9999925344627638,0.9999925344627655,0.9999926045835746
0.9999925383096918,0.9999924741620928,0.9999924741620896,0.9999925197427475,0.9999924741620881,0.9999925197427466,0.9999925197427476,0.9999924741620885,0.9999924741620884,-6.429692128851009e-11,0.9999924741620881,0.9999924741620884,0.9999925163127447,0.9999924824211338,-1.0724169196364861e-10,0.9999925472049653,0.9999925344627664,0.9999922324190332,0.9999924741620865,0.9999925197427475,0.9999924741620891,0.9999924741620877,0.9999924741620881,-6.84921047616669e-11,0.9999924741620885,0.999992474162089,-6.590973523830541e-11,0.9999924741620884,0.9999925197427466,0.9999925197427463,0.9999925163127455,0.9999924741620885,0.999992519742747,0.9999924741620881,0.9999925472049658,-6.247344007418472e-11,0.9999924741620881,0.9999925197427488,0.9999925472049667,0.9999925344627664,0.999992474162089,0.9999925003963319,0.9999924741620884,0.9999924741620878,0.9999924741620885,0.9999925442828923
0.9999925383096918,0.9999924741620912,0.9999924741620873,0.9999925197427436,0.9999924741620859,0.9999925197427448,0.9999925197427457,0.9999924741620863,0.9999924741620857,-6.429692124290451e-11,0.9999924741620859,0.9999924741620859,0.9999925163127421,0.9999924824211304,-1.0724169194349015e-10,0.9999925472049647,0.9999925344627636,0.9999924741620865,0.9999922324190282,0.9999925197427445,0.9999924741620868,0.9999924741620854,0.999992474162085,-6.849210497911574e-11,0.9999924741620863,0.9999924741620868,-6.59097352085431e-11,0.9999924741620857,0.9999925197427448,0.9999925197427445,0.999992516312743,0.9999924741620859,0.9999925197427445,0.9999924741620865,0.9999925472049647,-6.24734401037325e-11,0.9999924741620857,0.9999925197427466,0.9999925472049646,0.9999925344627636,0.9999924741620868,0.99999250039633,0.9999924741620863,0.9999924741620857,0.9999924741620859,0.9999925442828906
0.9999925838904634,0.9999925197427524,0.999992519742747,0.9999925653234045,0.9999925197427463,0.9999925653234059,0.9999925653234054,0.999992519742747,0.9999925197427466,-6.429692437061152e-11,0.9999925197427466,0.999992519742747,0.9999925618934054,0.9999925280017902,-2.1313853246028306e-07,0.9999925927856276,0.999992580043426,0.9999925197427475,0.9999925197427445,0.9999923235803462,0.9999925197427473,0.9999925197427447,0.9999925197427466,-6.84921080259966e-11,0.9999925197427469,0.9999925197427466,-6.590973782929845e-11,0.9999925197427466,0.9999925653234054,0.999992565323405,0.9999925618934058,0.9999925197427469,0.9999925653234059,0.9999925197427463,0.9999925927856272,-6.247344272684662e-11,0.9999925197427466,0.9999925653234059,0.9999925927856285,0.999992580043426,0.9999925197427466,0.99999254597699,0.9999925197427463,0.9999925197427457,0.999992519742747,0.9999925898635542
0.9999925383096937,0.9999924741620928,0.999992474162089,0.9999925197427476,0.9999924741620885,0.999992519742747,0.9999925197427476,0.9999924741620881,0.9999924741620885,-6.429692123911031e-11,0.999992474162089,0.9999924741620884,0.9999925163127443,0.9999924824211334,-1.0724169194349015e-10,0.9999925472049658,0.9999925344627658,0.9999924741620891,0.9999924741620868,0.9999925197427473,0.9999922324190323,0.9999924741620868,0.9999924741620878,-6.849210494216013e-11,0.9999924741620877,0.999992474162089,-6.590973522633386e-11,0.9999924741620881,0.9999925197427475,0.9999925197427466,0.9999925163127455,0.9999924741620881,0.9999925197427476,0.9999924741620884,0.9999925472049662,-6.247344001505947e-11,0.9999924741620881,0.9999925197427483,0.9999925472049667,0.9999925344627658,0.9999924741620894,0.9999925003963319,0.999992474162089,0.9999924741620873,0.9999924741620881,0.9999925442828923
0.9999925383096913,0.9999924741620918,0.9999924741620877,0.9999925197427445,0.9999924741620868,0.9999925197427454,0.9999925197427454,0.9999924741620865,0.9999924741620866,-6.429692126064077e-11,0.9999924741620866,0.9999924741620865,0.9999925163127426,0.9999924824211299,-1.0724169194349015e-10,0.999992547204964,0.9999925344627639,0.9999924741620877,0.9999924741620854,0.9999925197427447,0.9999924741620868,0.999992232419027,0.9999924741620865,-6.849210497485851e-11,0.9999924741620865,0.9999924741620873,-6.590973520300376e-11,0.9999924741620877,0.9999925197427464,0.9999925197427445,0.999992516312743,0.9999924741620865,0.9999925197427442,0.9999924741620868,0.9999925472049646,-6.2473440065177e-11,0.9999924741620859,0.9999925197427463,0.9999925472049649,0.9999925344627643,0.9999924741620868,0.9999925003963285,0.9999924741620865,0.9999924741620868,0.9999924741620865,0.9999925442828906
0.9999925383096883,0.9999924741620924,0.9999924741620873,0.9999925197427457,0.9999924741620877,0.9999925197427463,0.9999925197427464,0.9999924741620881,0.9999924741620873,-6.429692123911031e-11,0.9999924741620863,0.9999924741620859,0.999992516312743,0.9999924824211328,-1.0724169192164355e-10,0.9999925472049646,0.9999925344627646,0.9999924741620881,0.999992474162085,0.9999925197427466,0.9999924741620878,0.9999924741620865,0.9999922324190323,-6.849210495500649e-11,0.9999924741620865,0.9999924741620873,-6.590973524689125e-11,0.9999924741620871,0.9999925197427463,0.9999925197427454,0.9999925163127438,0.9999924741620871,0.9999925197427457,0.9999924741620866,0.9999925472049646,-6.247344010463463e-11,0.9999924741620871,0.999992519742747,0.9999925472049653,0.9999925344627646,0.9999924741620871,0.9999925003963299,0.9999924741620873,0.9999924741620866,0.9999924741620871,0.9999925442828914
-2.49400993597821e-06,-6.849210492955993e-11,-6.849210494122972e-11,-6.849210769251067e-11,-6.849210480739902e-11,-6.849210818580144e-11,-6.849210818580144e-11,-6.8492104954962e-11,-6.849210494481327e-11,1.7377906228144467e-14,-6.849210494481327e-11,-6.849210494122972e-11,-6.849210712733673e-11,-1.3612528784797148e-07,2.8703693899803284e-14,-1.3612529666178411e-07,-6.849210849743079e-11,-6.84921047616669e-11,-6.849210497911574e-11,-6.84921080259966e-11,-6.849210494216013e-11,-6.849210497485851e-11,-6.849210495500649e-11,-2.41743319649986e-07,-6.849210488810806e-11,-6.849210493091657e-11,1.7408356410346846e-14,-6.849210492477063e-11,-6.849210796887672e-11,-6.849210802599647e-11,-6.849210712947228e-11,-6.849210497691929e-11,-6.84921081102821e-11,-6.849210496638005e-11,-1.3612529666178406e-07,1.6904449036340906e-14,-6.849210500866244e-11,-6.849210818580144e-11,-1.3612529666178411e-07,-6.849210849743079e-11,-6.849210480178736e-11,-6.849210674541115e-11,-6.84921047649438e-11,-6.849210492477063e-11,-6.849210495442093e-11,-1.361252962616797e-07
0.9999925383096875,0.9999924741620924,0.9999924741620875,0.9999925197427463,0.9999924741620877,0.9999925197427466,0.999992519742747,0.9999924741620873,0.9999924741620877,-6.429692128851009e-11,0.9999924741620871,0.9999924741620877,0.9999925163127426,0.9999924824211325,-1.0724169197067982e-10,0.9999925472049653,0.9999925344627646,0.9999924741620885,0.9999924741620863,0.9999925197427469,0.9999924741620877,0.9999924741620865,0.9999924741620865,-6.849210488810806e-11,0.99999223241903,0.9999924741620881,-6.590973515875147e-11,0.9999924741620873,0.9999925197427464,0.999992519742746,0.9999925163127438,0.9999924741620873,0.9999925197427466,0.9999924741620868,0.9999925472049653,-6.247344010412551e-11,0.9999924741620857,0.9999925197427475,0.999992547204966,0.9999925344627646,0.9999924741620878,0.9999925003963294,0.999992474162089,0.9999924741620865,0.9999924741620873,0.9999925442828907
0.9999925383096918,0.9999924741620935,0.9999924741620885,0.9999925197427463,0.9999924741620885,0.9999925197427466,0.999992519742747,0.9999924741620881,0.9999924741620881,-6.42969213252852e-11,0.9999924741620873,0.9999924741620881,0.9999925163127438,0.9999924824211331,-1.0724169194329436e-10,0.9999925472049649,0.9999925344627655,0.999992474162089,0.9999924741620868,0.9999925197427466,0.999992474162089,0.9999924741620873,0.9999924741620873,-6.849210493091657e-11,0.9999924741620881,0.9999922324190318,-6.59097351904068e-11,0.9999924741620875,0.999992519742747,0.9999925197427466,0.999992516312745,0.9999924741620881,0.9999925197427463,0.9999924741620877,0.9999925472049652,-6.24734401198798e-11,0.9999924741620878,0.9999925197427483,0.9999925472049658,0.9999925344627655,0.9999924741620881,0.9999925003963315,0.9999924741620875,0.9999924741620877,0.9999924741620881,0.999992544282892
-2.48887756306975e-06,-6.590973524978417e-11,-6.590973520300376e-11,-6.5909737844112e-11,-6.590973525172626e-11,-6.590973782929845e-11,-6.590973786787929e-11,-6.590973518171879e-11,-6.590973516337416e-11,7.171562093680192e-18,-6.590973527169293e-11,-6.590973513095085e-11,-1.3099293727316037e-07,-1.3099293297770605e-07,2.7625874716840176e-14,-6.590973992022975e-11,-6.590973883322455e-11,-6.590973523830541e-11,-6.59097352085431e-11,-6.590973782929845e-11,-6.590973522633386e-11,-6.590973520300376e-11,-6.590973524689125e-11,1.7408356410346846e-14,-6.590973515875147e-11,-6.59097351904068e-11,-2.4174331657030146e-07,-6.590973521616598e-11,-6.590973797506909e-11,-6.590973821281688e-11,-1.3099293727316053e-07,-6.590973520300822e-11,-6.590973799611323e-11,-6.590973521616598e-11,-6.59097401514645e-11,8.067329476748556e-18,-6.590973513467645e-11,-6.590973799223329e-11,-6.59097401514645e-11,-6.590973887991807e-11,-6.590973520300376e-11,-1.3099293542585144e-07,-6.590973513953944e-11,-6.59097351743968e-11,-6.590973515875147e-11,-6.590973991049492e-11
0.9999925383096888,0.9999924741620931,0.9999924741620884,0.9999925197427463,0.9999924741620877,0.9999925197427457,0.9999925197427466,0.9999924741620873,0.9999924741620877,-6.429692126064077e-11,0.9999924741620868,0.9999924741620871,0.9999925163127431,0.9999924824211329,-1.0724169194349015e-10,0.9999925472049646,0.9999925344627646,0.9999924741620884,0.9999924741620857,0.9999925197427466,0.9999924741620881,0.9999924741620877,0.9999924741620871,-6.849210492477063e-11,0.9999924741620873,0.9999924741620875,-6.590973521616598e-11,0.9999922324190315,0.9999925197427457,0.999992519742746,0.9999925163127447,0.9999924741620873,0.9999925197427463,0.9999924741620873,0.9999925472049646,-6.24734400521877e-11,0.9999924741620868,0.9999925197427483,0.9999925472049653,0.9999925344627646,0.9999924741620877,0.9999925003963311,0.9999924741620873,0.9999924741620865,0.9999924741620873,0.9999925442828914
0.9999925838904642,0.9999925197427517,0.999992519742747,0.9999925653234054,0.9999925197427466,0.9999925653234045,0.9999925653234049,0.9999925197427466,0.9999925197427463,-6.429692404504443e-11,0.9999925197427466,0.9999925197427463,0.9999925618934062,0.9999925280017905,-2.1313853246028314e-07,0.9999925927856285,0.9999925800434263,0.9999925197427466,0.9999925197427448,0.9999925653234054,0.9999925197427475,0.9999925197427464,0.9999925197427463,-6.849210796887672e-11,0.9999925197427464,0.999992519742747,-6.590973797506909e-11,0.9999925197427457,0.9999923235803444,0.9999925653234054,0.9999925618934067,0.9999925197427463,0.9999925653234052,0.9999925197427463,0.9999925927856285,-6.24734429206175e-11,0.9999925197427464,0.9999925653234054,0.9999925927856288,0.9999925800434263,0.9999925197427475,0.9999925459769909,0.9999925197427466,0.999992519742746,0.9999925197427466,0.9999925898635542
0.9999925838904639,0.9999925197427514,0.9999925197427466,0.9999925653234049,0.9999925197427463,0.9999925653234043,0.9999925653234059,0.9999925197427463,0.9999925197427457,-6.429692423038125e-11,0.9999925197427457,0.9999925197427457,0.9999925618934051,0.99999252800179,-2.1313853246028314e-07,0.9999925927856279,0.9999925800434255,0.9999925197427463,0.9999925197427445,0.999992565323405,0.9999925197427466,0.9999925197427445,0.9999925197427454,-6.849210802599647e-11,0.999992519742746,0.9999925197427466,-6.590973821281688e-11,0.999992519742746,0.9999925653234054,0.9999923235803502,0.9999925618934055,0.9999925197427457,0.9999925653234045,0.9999925197427457,0.9999925927856278,-6.247344302375823e-11,0.9999925197427457,0.9999925653234056,0.9999925927856285,0.9999925800434255,0.9999925197427466,0.9999925459769905,0.9999925197427457,0.9999925197427456,0.9999925197427457,0.9999925898635539
0.9999925804604489,0.9999925163127498,0.9999925163127444,0.9999925618934069,0.9999925163127447,0.9999925618934058,0.9999925618934069,0.9999925163127455,0.999992516312745,-6.429692392776044e-11,0.9999925163127447,0.9999925163127449,0.9999925584634021,0.9999925245717893,-2.1313853173189632e-07,0.9999925893556262,0.9999925766134246,0.9999925163127455,0.999992516312743,0.9999925618934058,0.9999925163127455,0.999992516312743,0.9999925163127438,-6.849210712947228e-11,0.9999925163127438,0.999992516312745,-1.3099293727316053e-07,0.9999925163127447,0.9999925618934067,0.9999925618934055,0.999992316720345,0.999992516312745,0.9999925618934058,0.9999925163127443,0.999992589355626,-6.247344284302262e-11,0.9999925163127444,0.9999925618934067,0.9999925893556268,0.9999925766134246,0.9999925163127447,0.9999925425469895,0.999992516312745,0.9999925163127438,0.999992516312745,0.9999925864335535
0.9999925383096937,0.9999924741620924,0.9999924741620885,0.9999925197427469,0.9999924741620881,0.9999925197427463,0.9999925197427469,0.9999924741620873,0.9999924741620877,-6.42969212452123e-11,0.9999924741620881,0.9999924741620875,0.9999925163127438,0.999992482421132,-1.0724169190638914e-10,0.9999925472049649,0.9999925344627655,0.9999924741620885,0.9999924741620859,0.9999925197427469,0.9999924741620881,0.9999924741620865,0.9999924741620871,-6.849210497691929e-11,0.9999924741620873,0.9999924741620881,-6.590973520300822e-11,0.9999924741620873,0.9999925197427463,0.9999925197427457,0.999992516312745,0.9999922324190306,0.9999925197427469,0.9999924741620878,0.9999925472049653,-6.247344004970691e-11,0.9999924741620877,0.9999925197427479,0.9999925472049658,0.9999925344627655,0.999992474162089,0.9999925003963311,0.9999924741620881,0.9999924741620868,0.9999924741620873,0.9999925442828919
0.9999925838904627,0.9999925197427517,0.9999925197427473,0.9999925653234045,0.9999925197427466,0.9999925653234054,0.9999925653234054,0.9999925197427469,0.999992519742747,-6.429692404504443e-11,0.9999925197427463,0.999992519742747,0.9999925618934054,0.9999925280017902,-2.1313853246028325e-07,0.9999925927856276,0.9999925800434251,0.999992519742747,0.9999925197427445,0.9999925653234059,0.9999925197427476,0.9999925197427442,0.9999925197427457,-6.84921081102821e-11,0.9999925197427466,0.9999925197427463,-6.590973799611323e-11,0.9999925197427463,0.9999925653234052,0.9999925653234045,0.9999925618934058,0.9999925197427469,0.9999923235803453,0.9999925197427463,0.9999925927856278,-6.247344295136459e-11,0.9999925197427466,0.9999925653234062,0.9999925927856288,0.9999925800434251,0.999992519742747,0.9999925459769903,0.9999925197427469,0.9999925197427463,0.9999925197427469,0.9999925898635547
0.9999925383096882,0.9999924741620924,0.9999924741620878,0.9999925197427463,0.9999924741620873,0.9999925197427466,0.999992519742747,0.9999924741620878,0.9999924741620875,-6.429692132610136e-11,0.9999924741620877,0.9999924741620866,0.9999925163127431,0.999992482421132,-1.0724169195038571e-10,0.9999925472049656,0.9999925344627646,0.9999924741620881,0.9999924741620865,0.9999925197427463,0.9999924741620884,0.9999924741620868,0.9999924741620866,-6.849210496638005e-11,0.9999924741620868,0.9999924741620877,-6.590973521616598e-11,0.9999924741620873,0.9999925197427463,0.9999925197427457,0.9999925163127443,0.9999924741620878,0.9999925197427463,0.9999922324190323,0.9999925472049656,-6.247344008555108e-11,0.9999924741620863,0.999992519742747,0.999992547204966,0.9999925344627646,0.9999924741620881,0.99999250039633,0.9999924741620881,0.9999924741620865,0.9999924741620878,0.9999925442828906
0.9999926113527475,0.9999925472049709,0.9999925472049656,0.9999925927856278,0.9999925472049653,0.9999925927856281,0.9999925927856286,0.9999925472049653,0.999992547204966,-6.429692608109905e-11,0.9999925472049643,0.9999925472049658,0.9999925893556253,0.9999925554640114,-2.1313853828447287e-07,0.9999926202478505,0.9999926075056479,0.9999925472049658,0.9999925472049647,0.9999925927856272,0.9999925472049662,0.9999925472049646,0.9999925472049646,-1.3612529666178406e-07,0.9999925472049653,0.9999925472049652,-6.59097401514645e-11,0.9999925472049646,0.9999925927856285,0.9999925927856278,0.999992589355626,0.9999925472049653,0.9999925927856278,0.9999925472049656,0.9999923785047901,-6.247344469004468e-11,0.9999925472049649,0.9999925927856288,0.9999926202478503,0.9999926075056479,0.9999925472049652,0.9999925734392109,0.9999925472049646,0.9999925472049646,0.9999925472049653,0.9999926173257768
-2.4820480464912864e-06,-6.24734401322058e-11,-6.247344008103034e-11,-6.247344288077029e-11,-6.247344008535984e-11,-6.247344283947522e-11,-6.247344272469034e-11,-6.24734400046833e-11,-6.247344004475693e-11,1.651078217142316e-14,-6.247344011960475e-11,-6.247344008970256e-11,-6.247344275093586e-11,-1.2416343517508315e-07,2.6134248176173428e-14,-6.247344468087408e-11,-6.247344356837223e-11,-6.247344007418472e-11,-6.24734401037325e-11,-6.247344272684662e-11,-6.247344001505947e-11,-6.2473440065177e-11,-6.247344010463463e-11,1.6904449036340906e-14,-6.247344010412551e-11,-6.24734401198798e-11,8.067329476748556e-18,-6.24734400521877e-11,-6.24734429206175e-11,-6.247344302375823e-11,-6.247344284302262e-11,-6.247344004970691e-11,-6.247344295136459e-11,-6.247344008555108e-11,-6.247344469004468e-11,-2.417433194158615e-07,-6.247344006627387e-11,-6.247344291661227e-11,-6.247344387897408e-11,-6.247344328719957e-11,-6.24734401322058e-11,-6.24734417131777e-11,-6.247344011960475e-11,-6.247344007691949e-11,-6.24734400896452e-11,-1.2416344294273606e-07
0.9999925383096897,0.9999924741620924,0.9999924741620881,0.9999925197427466,0.9999924741620868,0.9999925197427466,0.999992519742747,0.9999924741620877,0.9999924741620871,-6.42969212930211e-11,0.9999924741620877,0.9999924741620859,0.999992516312743,0.9999924824211325,-1.0724169185509777e-10,0.9999925472049649,0.9999925344627645,0.9999924741620881,0.9999924741620857,0.9999925197427466,0.9999924741620881,0.9999924741620859,0.9999924741620871,-6.849210500866244e-11,0.9999924741620857,0.9999924741620878,-6.590973513467645e-11,0.9999924741620868,0.9999925197427464,0.9999925197427457,0.9999925163127444,0.9999924741620877,0.9999925197427466,0.9999924741620863,0.9999925472049649,-6.247344006627387e-11,0.9999922324190323,0.999992519742747,0.9999925472049653,0.9999925344627645,0.9999924741620877,0.9999925003963303,0.9999924741620875,0.9999924741620868,0.9999924741620877,0.9999925442828914
0.9999925838904631,0.9999925197427526,0.9999925197427476,0.9999925653234056,0.9999925197427479,0.9999925653234054,0.9999925653234067,0.9999925197427488,0.9999925197427479,-6.429692424396058e-11,0.9999925197427475,0.9999925197427479,0.9999925618934067,0.9999925280017921,-2.131385324602831e-07,0.9999925927856288,0.9999925800434271,0.9999925197427488,0.9999925197427466,0.9999925653234059,0.9999925197427483,0.9999925197427463,0.999992519742747,-6.849210818580144e-11,0.9999925197427475,0.9999925197427483,-6.590973799223329e-11,0.9999925197427483,0.9999925653234054,0.9999925653234056,0.9999925618934067,0.9999925197427479,0.9999925653234062,0.999992519742747,0.9999925927856288,-6.247344291661227e-11,0.999992519742747,0.9999923235803413,0.9999925927856304,0.9999925800434271,0.9999925197427475,0.9999925459769914,0.9999925197427483,0.9999925197427475,0.9999925197427482,0.9999925898635547
0.9999926113527502,0.9999925472049718,0.9999925472049667,0.9999925927856279,0.9999925472049658,0.9999925927856288,0.999992592785629,0.9999925472049662,0.9999925472049667,-6.429692571806307e-11,0.9999925472049653,0.9999925472049658,0.9999925893556262,0.9999925554640126,-2.13138538284473e-07,0.9999926202478501,0.9999926075056488,0.9999925472049667,0.9999925472049646,0.9999925927856285,0.9999925472049667,0.9999925472049649,0.9999925472049653,-1.3612529666178411e-07,0.999992547204966,0.9999925472049658,-6.59097401514645e-11,0.9999925472049653,0.9999925927856288,0.9999925927856285,0.9999925893556268,0.9999925472049658,0.9999925927856288,0.999992547204966,0.9999926202478503,-6.247344387897408e-11,0.9999925472049653,0.9999925927856304,0.9999923785047917,0.9999926075056489,0.9999925472049658,0.9999925734392114,0.9999925472049653,0.9999925472049646,0.9999925472049658,0.9999926173257772
0.9999925986105187,0.9999925344627698,0.9999925344627651,0.9999925800434255,0.9999925344627655,0.9999925800434257,0.999992580043426,0.9999925344627655,0.9999925344627658,-1.2778753711707247e-07,0.9999925344627651,0.9999925344627653,0.9999925766134242,0.9999925427218099,-2.1313853557971585e-07,0.9999926075056479,0.9999925947634453,0.9999925344627664,0.9999925344627636,0.999992580043426,0.9999925344627658,0.9999925344627643,0.9999925344627646,-6.849210849743079e-11,0.9999925344627646,0.9999925344627655,-6.590973887991807e-11,0.9999925344627646,0.9999925800434263,0.9999925800434255,0.9999925766134246,0.9999925344627655,0.9999925800434251,0.9999925344627646,0.9999926075056479,-6.247344328719957e-11,0.9999925344627645,0.9999925800434271,0.9999926075056489,0.9999923530203847,0.9999925344627655,0.9999925606970098,0.9999925344627646,0.9999925344627638,0.9999925344627655,0.9999926045835746
0.9999925383096883,0.999992474162094,0.9999924741620887,0.9999925197427469,0.9999924741620881,0.9999925197427475,0.9999925197427476,0.999992474162089,0.9999924741620881,-6.429692121384057e-11,0.9999924741620878,0.9999924741620875,0.9999925163127438,0.9999924824211329,-1.0724169197067982e-10,0.9999925472049652,0.9999925344627651,0.999992474162089,0.9999924741620868,0.9999925197427466,0.9999924741620894,0.9999924741620868,0.9999924741620871,-6.849210480178736e-11,0.9999924741620878,0.9999924741620881,-6.590973520300376e-11,0.9999924741620877,0.9999925197427475,0.9999925197427466,0.9999925163127447,0.999992474162089,0.999992519742747,0.9999924741620881,0.9999925472049652,-6.24734401322058e-11,0.9999924741620877,0.9999925197427475,0.9999925472049658,0.9999925344627655,0.999992232419027,0.9999925003963306,0.9999924741620881,0.9999924741620875,0.999992474162089,0.9999925442828926
0.9999925645440009,0.9999925003963378,0.9999925003963303,0.99999254597699,0.9999925003963311,0.9999925459769905,0.9999925459769909,0.9999925003963313,0.9999925003963309,-6.429692276356871e-11,0.9999925003963303,0.9999925003963306,0.9999925425469883,0.9999925086553757,-1.0724169411929466e-10,0.9999925734392109,0.9999925606970098,0.9999925003963319,0.99999250039633,0.99999254597699,0.9999925003963319,0.9999925003963285,0.9999925003963299,-6.849210674541115e-11,0.9999925003963294,0.9999925003963315,-1.3099293542585144e-07,0.9999925003963311,0.9999925459769909,0.9999925459769905,0.9999925425469895,0.9999925003963311,0.9999925459769903,0.99999250039633,0.9999925734392109,-6.24734417131777e-11,0.9999925003963303,0.9999925459769914,0.9999925734392114,0.9999925606970098,0.9999925003963306,0.9999922848875177,0.9999925003963306,0.9999925003963303,0.9999925003963313,0.9999925705171381
0.9999925383096888,0.9999924741620945,0.9999924741620885,0.9999925197427463,0.9999924741620877,0.9999925197427466,0.9999925197427469,0.9999924741620881,0.9999924741620881,-6.429692128327763e-11,0.9999924741620873,0.9999924741620881,0.9999925163127438,0.9999924824211323,-1.0724169194349015e-10,0.9999925472049643,0.9999925344627648,0.9999924741620884,0.9999924741620863,0.9999925197427463,0.999992474162089,0.9999924741620865,0.9999924741620873,-6.84921047649438e-11,0.999992474162089,0.9999924741620875,-6.590973513953944e-11,0.9999924741620873,0.9999925197427466,0.9999925197427457,0.999992516312745,0.9999924741620881,0.9999925197427469,0.9999924741620881,0.9999925472049646,-6.247344011960475e-11,0.9999924741620875,0.9999925197427483,0.9999925472049653,0.9999925344627646,0.9999924741620881,0.9999925003963306,0.9999922324190315,0.9999924741620873,0.9999924741620881,0.9999925442828923
