1.0000000127014168,7.4749861805420145e-06,7.455859604184667e-06,1.0000173906072725,7.526185687390708e-06,1.0000173906072691,7.5150170723082464e-06,7.5180666308211505e-06,7.473183333596191e-06,1.000016641131213,7.506256322497694e-06,1.0000173906072698,1.0000173906072714,7.53403836649599e-06,7.474986181907769e-06,7.557190911620241e-06,7.491821230180346e-06,7.513116710557456e-06,1.0000173906072718,1.0000173906072722,7.504930221458974e-06,1.0000173906072698,1.0000173906072676,7.54296222980305e-06,7.510855220862748e-06,1.000017390607268,7.612731491350808e-06,7.53352943228729e-06,7.525241288750694e-06,1.0000173906072698,1.0000173906072718,7.504930217354586e-06,7.521571577394433e-06,7.5256640819589415e-06,7.510855222299578e-06,7.5242908078050255e-06,7.491821231562536e-06,1.0000173906072714,7.513116710641746e-06,7.5180666318408545e-06
7.4749861805420145e-06,3.884489675797511e-06,3.832432450928705e-16,4.674725672745452e-10,4.1318446258535764e-16,4.674725672403264e-10,4.850720676698967e-16,4.3532051683517194e-16,3.932108204645288e-16,9.28155597787196e-07,3.349825935548066e-16,4.674725673389609e-10,4.674725672745452e-10,4.2797652781929055e-16,7.746700167285162e-13,4.693237628923095e-16,4.029416054678478e-16,3.7711235232407854e-16,4.674725672458551e-10,4.674725672403264e-10,4.12120187308081e-16,4.674725672458551e-10,4.674725672458551e-10,4.251541316724932e-16,4.645064143669379e-16,4.674725672355324e-10,9.400068346805988e-13,4.195480484589208e-16,4.149989009292566e-16,4.674725672403264e-10,4.674725672745452e-10,4.123472510925935e-16,4.2128966353933257e-16,4.3242762547989923e-16,4.645064143669379e-16,4.099992577691207e-16,4.029416054678478e-16,4.674725672745452e-10,3.7711235232407854e-16,4.352497339253496e-16
7.455859604184667e-06,3.832432450928705e-16,3.884489643199817e-06,4.5783925796634204e-10,4.092270976915441e-16,4.578392578808693e-10,4.2548412847625196e-16,4.1247627912184155e-16,3.829195028322879e-16,9.090288814548444e-07,3.7947452086092045e-16,4.5783925805888e-10,4.578392580291621e-10,4.1701131537258143e-16,3.8318655819607765e-16,4.3758943392895885e-16,3.9319350839166417e-16,3.943577295891284e-16,4.578392578809319e-10,4.5783925805888e-10,4.010957300926443e-16,4.5783925810658694e-10,4.5783925810658694e-10,8.325977811712146e-13,4.180572313274164e-16,4.578392578809319e-10,9.134925656804853e-13,4.139533984626299e-16,4.0925209044777566e-16,4.5783925805888e-10,4.5783925805888e-10,4.010957300926443e-16,4.098778296483145e-16,4.1507657625818577e-16,4.180572313274164e-16,4.07893001476225e-16,3.932153807680597e-16,4.5783925810658694e-10,3.940937210732535e-16,4.1247627912184155e-16
1.0000173906072725,4.674725672745452e-10,4.5783925796634204e-10,1.0000247144666494,4.932597586671183e-10,1.0000208299790505,4.876346071642327e-10,4.891705229060007e-10,4.665645456846917e-10,1.000020080497618,4.832220766313625e-10,1.0000208299790487,1.0000208299790498,4.972148508089327e-10,4.674725679452911e-10,5.088759035627411e-10,4.759517259897007e-10,4.86677406862318e-10,1.0000208299790512,1.0000208299790507,4.825542132647361e-10,1.0000208299790494,1.000020829979049,5.017094523044483e-10,4.85538433189224e-10,1.000020829979049,5.368495144237942e-10,4.969585188641061e-10,4.927841010660981e-10,1.0000208299790487,1.0000208299790507,4.825542132905233e-10,4.909358185550482e-10,4.929970556398547e-10,4.855384333394458e-10,4.92305380077474e-10,4.759517258904428e-10,1.0000208299790496,4.866774066899918e-10,4.891705232776397e-10
7.526185687390708e-06,4.1318446258535764e-16,4.092270976915441e-16,4.932597586671183e-10,3.884489753451376e-06,4.932597586667099e-10,1.1873399241613815e-12,9.622253233896992e-13,4.205689993160134e-16,9.793554759241587e-07,5.352883658808802e-13,4.932597586236457e-10,4.932597585765554e-10,4.575800176046949e-16,4.1297104632043314e-16,1.0617546583419344e-12,4.2987350104084204e-16,3.580291416509854e-16,4.932597585189095e-10,4.932597586667099e-10,4.41995669638864e-16,4.932597586048871e-10,4.93259758664423e-10,8.859841968286322e-13,5.538095121151356e-16,4.932597586048871e-10,1.0075911570939785e-12,8.732555588011601e-13,4.341114066473253e-16,4.932597586048871e-10,4.932597585765554e-10,4.4221501896739584e-16,4.519931426379684e-16,4.736010943550417e-16,5.543431856775369e-16,4.2380119113294654e-16,4.2987350104084204e-16,4.932597585189095e-10,3.5782923291975193e-16,9.622253230416278e-13
1.0000173906072691,4.674725672403264e-10,4.578392578808693e-10,1.0000208299790505,4.932597586667099e-10,1.0000247144666492,4.876346072283555e-10,4.891705229060007e-10,4.665645456846917e-10,1.000020080497618,4.83222076662265e-10,1.000020829979048,1.0000208299790498,4.972148508804831e-10,4.674725679452911e-10,5.088759035629836e-10,4.759517261272801e-10,4.866774068498396e-10,1.00002082997905,1.00002082997905,4.82554213265967e-10,1.0000208299790494,1.000020829979049,5.01709452080863e-10,4.85538433189224e-10,1.0000208299790494,5.368495143347473e-10,4.969585188641061e-10,4.927841010661929e-10,1.000020829979048,1.000020829979049,4.825542132905234e-10,4.909358185550482e-10,4.929970557399907e-10,4.855384334086146e-10,4.923053800832502e-10,4.759517258904428e-10,1.0000208299790494,4.866774066613358e-10,4.891705231988845e-10
7.5150170723082464e-06,4.850720676698967e-16,4.2548412847625196e-16,4.876346071642327e-10,1.1873399241613815e-12,4.876346072283555e-10,3.8844877526980325e-06,3.8400283888587145e-13,4.266243699759113e-16,9.68186778481947e-07,1.5855785208809688e-15,4.876346072283555e-10,4.876346071642327e-10,4.45287492906751e-16,4.85401487942109e-16,5.760003726413229e-14,4.459457112740357e-16,1.0206742347311275e-15,4.876346072421501e-10,4.876346072421501e-10,4.2261536396998165e-16,4.876346072421501e-10,4.876346072421501e-10,5.601442074217882e-16,-3.052567035958142e-16,4.87634607218413e-10,9.025364139364523e-13,5.619126669407221e-16,1.121579214888153e-12,4.876346071642327e-10,4.876346071642327e-10,4.2262790978750987e-16,4.286000941492818e-16,3.0338187885986216e-16,-3.0499656333485673e-16,1.2449620806063076e-12,4.457213301184431e-16,4.876346072421501e-10,1.0206742347311275e-15,3.840028385225041e-13
7.5180666308211505e-06,4.3532051683517194e-16,4.1247627912184155e-16,4.891705229060007e-10,9.622253233896992e-13,4.891705229060007e-10,3.8400283888587145e-13,3.884489659401693e-06,4.2026862740925435e-16,9.71236362089466e-07,1.4213084967210131e-12,4.891705226090301e-10,4.891705227335328e-10,4.511275440475845e-16,4.352497339253496e-16,7.139552680714906e-13,4.3318709773572177e-16,5.821876425443183e-16,4.891705226090301e-10,4.891705226929198e-10,4.3292991140412334e-16,4.891705226090301e-10,4.891705228612207e-10,4.824217270463989e-16,2.5833755730464325e-16,4.891705227335328e-10,9.665387508024568e-13,4.788374427431844e-16,4.763594833075724e-16,4.891705226090301e-10,4.891705228612207e-10,4.3279019045903263e-16,4.4146976642340503e-16,4.127605536910425e-16,2.583644405334746e-16,4.912595282267102e-16,4.328586595536466e-16,4.891705226427396e-10,5.821876425443184e-16,7.599186768292414e-13
7.473183333596191e-06,3.932108204645288e-16,3.829195028322879e-16,4.665645456846917e-10,4.205689993160134e-16,4.665645456846917e-10,4.266243699759113e-16,4.2026862740925435e-16,3.8844896807358434e-06,9.263527375011355e-07,3.992278878691971e-16,4.665645456846917e-10,4.665645457283857e-10,4.260334003914155e-16,3.932108204645288e-16,4.436397014809218e-16,4.0286628235136426e-16,4.090953181754472e-16,4.665645456317462e-10,4.665645456317462e-10,4.1088435849387554e-16,4.665645456846917e-10,4.665645456846917e-10,4.300132716362359e-16,4.21272454437492e-16,4.665645457178739e-10,4.701450493595721e-16,4.2493233463470357e-16,4.2018128371311846e-16,4.665645457178739e-10,4.665645458001196e-10,4.1088435849523874e-16,8.33389394160153e-13,4.2359710569183974e-16,4.21272454437492e-16,4.1922254539158845e-16,4.032124083764073e-16,4.665645456846917e-10,4.0922745543514323e-16,4.203425025013868e-16
1.000016641131213,9.28155597787196e-07,9.090288814548444e-07,1.000020080497618,9.793554759241587e-07,1.000020080497618,9.68186778481947e-07,9.71236362089466e-07,9.263527375011355e-07,1.0000232155040654,9.594259668821872e-07,1.000020080497618,1.0000200804976185,9.872082083760127e-07,9.281555991123585e-07,1.01036092504201e-06,9.449907676628274e-07,9.662864018311806e-07,1.0000200804976187,1.000020080497619,9.580998512958101e-07,1.000020080497619,1.0000200804976187,9.961321431967574e-07,9.640248951460425e-07,1.000020080497619,1.0659019120989893e-06,9.866992758472155e-07,9.78411066574825e-07,1.0000200804976187,1.000020080497618,9.580998512368412e-07,9.74741333949658e-07,9.788338630443851e-07,9.640248954888765e-07,9.77460582086509e-07,9.449907676217733e-07,1.000020080497618,9.662864014877267e-07,9.712363629535803e-07
7.506256322497694e-06,3.349825935548066e-16,3.7947452086092045e-16,4.832220766313625e-10,5.352883658808802e-13,4.83222076662265e-10,1.5855785208809688e-15,1.4213084967210131e-12,3.992278878691971e-16,9.594259668821872e-07,3.884487183483934e-06,4.83222076659915e-10,4.832220766313625e-10,4.512124748908871e-16,3.3504018704760305e-16,9.48697031438252e-16,3.9988278133198024e-16,-2.2348848474788665e-16,4.832220767411732e-10,4.832220767411732e-10,4.418343136998738e-16,4.83222076662265e-10,4.832220766313625e-10,6.601676109765774e-13,1.2694959022715352e-15,4.832220766254209e-10,1.062012807369471e-12,6.332438817459189e-13,3.055997279312053e-16,4.832220766254209e-10,4.832220767411732e-10,4.4175920510895707e-16,4.550384702771355e-16,1.1930840463920358e-12,1.2689015406478148e-15,2.3428752514263503e-16,3.9988278133198024e-16,4.832220766254209e-10,-2.2343098903646664e-16,1.421308496344976e-12
1.0000173906072698,4.674725673389609e-10,4.5783925805888e-10,1.0000208299790487,4.932597586236457e-10,1.000020829979048,4.876346072283555e-10,4.891705226090301e-10,4.665645456846917e-10,1.000020080497618,4.83222076659915e-10,1.0000247144666494,1.000020829979049,4.972148508670769e-10,4.674725678775534e-10,5.088759031991568e-10,4.759517260393607e-10,4.866774069278912e-10,1.00002082997905,1.0000208299790494,4.825542132647361e-10,1.000020829979048,1.0000208299790487,5.017094522935205e-10,4.855384331799039e-10,1.000020829979048,5.368495144142347e-10,4.969585189476247e-10,4.927841010877635e-10,1.000020829979048,1.0000208299790494,4.825542132889858e-10,4.909358184607164e-10,4.929970556469118e-10,4.855384333292435e-10,4.923053800700995e-10,4.75951726143497e-10,1.0000208299790487,4.866774066946848e-10,4.891705232443063e-10
1.0000173906072714,4.674725672745452e-10,4.578392580291621e-10,1.0000208299790498,4.932597585765554e-10,1.0000208299790498,4.876346071642327e-10,4.891705227335328e-10,4.665645457283857e-10,1.0000200804976185,4.832220766313625e-10,1.000020829979049,1.0000247144666479,4.972148508568202e-10,4.674725678887453e-10,5.088759035627411e-10,4.759517259472696e-10,4.86677406951356e-10,1.000020829979051,1.0000208299790512,4.825542132841781e-10,1.000020829979049,1.0000208299790494,5.017094520808885e-10,4.85538433189224e-10,1.00002082997905,5.368495144237942e-10,4.969585188641061e-10,4.927841010044409e-10,1.000020829979049,1.000020829979051,4.825542132013947e-10,4.909358185601182e-10,4.929970556398547e-10,4.855384332038463e-10,4.923053800774371e-10,4.759517258905053e-10,1.00002082997905,4.866774066946848e-10,4.891705232776397e-10
7.53403836649599e-06,4.2797652781929055e-16,4.1701131537258143e-16,4.972148508089327e-10,4.575800176046949e-16,4.972148508804831e-10,4.45287492906751e-16,4.511275440475845e-16,4.260334003914155e-16,9.872082083760127e-07,4.512124748908871e-16,4.972148508670769e-10,4.972148508568202e-10,3.884489816605548e-06,4.281251446461518e-16,4.724242698359862e-16,8.682615008178462e-13,4.523319542389429e-16,4.972148507922327e-10,4.972148508833553e-10,8.830060850892829e-13,4.972148508670769e-10,4.972148508804831e-10,4.667677984612828e-16,4.44566957668411e-16,4.972148508089327e-10,5.060206620982491e-16,4.616354723246023e-16,4.569488235763737e-16,4.972148508089327e-10,4.972148508670769e-10,8.830060852071068e-13,9.017350281366935e-13,4.556971015778479e-16,4.444346879921972e-16,4.566109022063399e-16,8.682614997907583e-13,4.972148508089327e-10,4.520910870212734e-16,4.510189423764343e-16
7.474986181907769e-06,7.746700167285162e-13,3.8318655819607765e-16,4.674725679452911e-10,4.1297104632043314e-16,4.674725679452911e-10,4.85401487942109e-16,4.352497339253496e-16,3.932108204645288e-16,9.281555991123585e-07,3.3504018704760305e-16,4.674725678775534e-10,4.674725678887453e-10,4.281251446461518e-16,3.884489675797511e-06,4.692075738295704e-16,4.0272991828364767e-16,3.7711235232407854e-16,4.674725678887453e-10,4.674725679452911e-10,4.123805737764316e-16,4.674725679452911e-10,4.674725679792189e-10,4.2523419044739546e-16,4.645064143669379e-16,4.674725679452911e-10,9.40006833843656e-13,4.195480484589208e-16,4.149989009292566e-16,4.674725679452911e-10,4.674725679792189e-10,4.12120187308081e-16,4.216219341576007e-16,4.3226847751313774e-16,4.645064143669379e-16,4.1001432665555427e-16,4.0272991828364767e-16,4.674725679792189e-10,3.7684569633638085e-16,4.3532051683517194e-16
7.557190911620241e-06,4.693237628923095e-16,4.3758943392895885e-16,5.088759035627411e-10,1.0617546583419344e-12,5.088759035629836e-10,5.760003726413229e-14,7.139552680714906e-13,4.436397014809218e-16,1.01036092504201e-06,9.48697031438252e-16,5.088759031991568e-10,5.088759035627411e-10,4.724242698359862e-16,4.692075738295704e-16,3.884489504015317e-06,4.581480163195072e-16,1.4105976866032334e-12,5.088759033501368e-10,5.088759032588603e-10,4.528875767249645e-16,5.088759033501368e-10,5.088759032588603e-10,5.241864791137782e-16,1.4469325906258726e-16,5.088759033147874e-10,9.985140941253103e-13,5.22301780972941e-16,1.0331092946570169e-12,5.088759032588603e-10,5.088759035629836e-10,4.529717248164928e-16,4.611435897912023e-16,4.09105021019908e-16,1.447190293568529e-16,1.085029971777836e-12,4.581338617087429e-16,5.088759035627411e-10,1.410597687020982e-12,7.13955267766627e-13
7.491821230180346e-06,4.029416054678478e-16,3.9319350839166417e-16,4.759517259897007e-10,4.2987350104084204e-16,4.759517261272801e-10,4.459457112740357e-16,4.3318709773572177e-16,4.0286628235136426e-16,9.449907676628274e-07,3.9988278133198024e-16,4.759517260393607e-10,4.759517259472696e-10,8.682615008178462e-13,4.0272991828364767e-16,4.581480163195072e-16,3.884489722576289e-06,4.1457903339828395e-16,4.759517259897007e-10,4.759517260546676e-10,4.2170481216684116e-16,4.759517259897007e-10,4.759517259472696e-10,4.403075884695435e-16,4.3835020819326046e-16,4.759517259897007e-10,4.816643666661146e-16,4.3465822260781985e-16,4.299644755169566e-16,4.759517259472696e-10,4.759517260482236e-10,4.2170481216684116e-16,4.3032219038776316e-16,4.353121441408565e-16,4.3835020819326046e-16,4.282613098357534e-16,8.205268346232849e-13,4.759517259472696e-10,4.146473226560986e-16,4.3290615849928627e-16
7.513116710557456e-06,3.7711235232407854e-16,3.943577295891284e-16,4.86677406862318e-10,3.580291416509854e-16,4.866774068498396e-10,1.0206742347311275e-15,5.821876425443183e-16,4.090953181754472e-16,9.662864018311806e-07,-2.2348848474788665e-16,4.866774069278912e-10,4.86677406951356e-10,4.523319542389429e-16,3.7711235232407854e-16,1.4105976866032334e-12,4.1457903339828395e-16,3.884489110086975e-06,4.86677406951356e-10,4.86677406862318e-10,4.393865986697696e-16,4.866774069521631e-10,4.86677406862318e-10,3.943708590824535e-16,8.601116783392308e-16,4.86677406951356e-10,1.0258030985383306e-12,3.8527091738847955e-16,7.470066317016164e-13,4.86677406862318e-10,4.866774068497264e-10,4.3957535834374934e-16,4.507863836547408e-16,5.259808656715477e-16,8.600822233586875e-16,6.748637343624373e-13,4.146473226560986e-16,4.86677406862318e-10,2.0915932290264527e-13,5.821876425443184e-16
1.0000173906072718,4.674725672458551e-10,4.578392578809319e-10,1.0000208299790512,4.932597585189095e-10,1.00002082997905,4.876346072421501e-10,4.891705226090301e-10,4.665645456317462e-10,1.0000200804976187,4.832220767411732e-10,1.00002082997905,1.000020829979051,4.972148507922327e-10,4.674725678887453e-10,5.088759033501368e-10,4.759517259897007e-10,4.86677406951356e-10,1.0000247144666479,1.0000208299790512,4.82554213263022e-10,1.0000208299790498,1.0000208299790498,5.017094523809382e-10,4.855384331349169e-10,1.0000208299790496,5.368495144237942e-10,4.969585188479931e-10,4.927841010219889e-10,1.000020829979049,1.0000208299790494,4.825542132905234e-10,4.909358184901453e-10,4.929970556472106e-10,4.85538433300182e-10,4.923053800666657e-10,4.759517260500605e-10,1.0000208299790512,4.866774066899918e-10,4.891705233082501e-10
1.0000173906072722,4.674725672403264e-10,4.5783925805888e-10,1.0000208299790507,4.932597586667099e-10,1.00002082997905,4.876346072421501e-10,4.891705226929198e-10,4.665645456317462e-10,1.000020080497619,4.832220767411732e-10,1.0000208299790494,1.0000208299790512,4.972148508833553e-10,4.674725679452911e-10,5.088759032588603e-10,4.759517260546676e-10,4.86677406862318e-10,1.0000208299790512,1.0000247144666476,4.825542131976144e-10,1.00002082997905,1.00002082997905,5.01709452080863e-10,4.855384331521347e-10,1.000020829979051,5.368495143632817e-10,4.969585188479931e-10,4.927841010877635e-10,1.00002082997905,1.000020829979051,4.825542132545512e-10,4.909358185416888e-10,4.929970557041259e-10,4.855384332194247e-10,4.92305380077474e-10,4.759517260028936e-10,1.00002082997905,4.86677406567134e-10,4.891705232598381e-10
7.504930221458974e-06,4.12120187308081e-16,4.010957300926443e-16,4.825542132647361e-10,4.41995669638864e-16,4.82554213265967e-10,4.2261536396998165e-16,4.3292991140412334e-16,4.1088435849387554e-16,9.580998512958101e-07,4.418343136998738e-16,4.825542132647361e-10,4.825542132841781e-10,8.830060850892829e-13,4.123805737764316e-16,4.528875767249645e-16,4.2170481216684116e-16,4.393865986697696e-16,4.82554213263022e-10,4.825542131976144e-10,3.884489749468767e-06,4.825542132600444e-10,4.82554213265967e-10,4.507772782559549e-16,4.2341780862276865e-16,4.82554213265967e-10,4.883734048446248e-16,4.457390347848941e-16,4.409520252991616e-16,4.82554213265967e-10,4.82554213265967e-10,8.504718654459887e-13,8.68822499057925e-13,4.3856858949976353e-16,4.235716561172829e-16,4.4137203351777393e-16,4.2170481216684116e-16,4.82554213265967e-10,4.395957738039503e-16,4.327923353522838e-16
1.0000173906072698,4.674725672458551e-10,4.5783925810658694e-10,1.0000208299790494,4.932597586048871e-10,1.0000208299790494,4.876346072421501e-10,4.891705226090301e-10,4.665645456846917e-10,1.000020080497619,4.83222076662265e-10,1.000020829979048,1.000020829979049,4.972148508670769e-10,4.674725679452911e-10,5.088759033501368e-10,4.759517259897007e-10,4.866774069521631e-10,1.0000208299790498,1.00002082997905,4.825542132600444e-10,1.0000247144666474,1.0000208299790494,5.017094523044483e-10,4.855384331349169e-10,1.0000208299790492,5.36849514323117e-10,4.969585189333721e-10,4.927841010583991e-10,1.000020829979048,1.0000208299790494,4.825542132013947e-10,4.909358184607164e-10,4.929970557768226e-10,4.855384332038463e-10,4.92305380066547e-10,4.759517261705736e-10,1.000020829979049,4.866774066946848e-10,4.891705233082501e-10
1.0000173906072676,4.674725672458551e-10,4.5783925810658694e-10,1.000020829979049,4.93259758664423e-10,1.000020829979049,4.876346072421501e-10,4.891705228612207e-10,4.665645456846917e-10,1.0000200804976187,4.832220766313625e-10,1.0000208299790487,1.0000208299790494,4.972148508804831e-10,4.674725679792189e-10,5.088759032588603e-10,4.759517259472696e-10,4.86677406862318e-10,1.0000208299790498,1.00002082997905,4.82554213265967e-10,1.0000208299790494,1.0000247144666465,5.017094522651627e-10,4.855384331130396e-10,1.0000208299790498,5.368495142785324e-10,4.969585188641061e-10,4.927841010583991e-10,1.000020829979049,1.0000208299790492,4.825542131834689e-10,4.909358183983249e-10,4.929970557041259e-10,4.85538433264533e-10,4.923053800842285e-10,4.759517258905053e-10,1.0000208299790492,4.866774066547506e-10,4.891705231988845e-10
7.54296222980305e-06,4.251541316724932e-16,8.325977811712146e-13,5.017094523044483e-10,8.859841968286322e-13,5.01709452080863e-10,5.601442074217882e-16,4.824217270463989e-16,4.300132716362359e-16,9.961321431967574e-07,6.601676109765774e-13,5.017094522935205e-10,5.017094520808885e-10,4.667677984612828e-16,4.2523419044739546e-16,5.241864791137782e-16,4.403075884695435e-16,3.943708590824535e-16,5.017094523809382e-10,5.01709452080863e-10,4.507772782559549e-16,5.017094523044483e-10,5.017094522651627e-10,3.884489815362407e-06,1.0505380906968184e-12,5.017094523365737e-10,1.0237221446671547e-12,9.025289262018408e-13,4.489260346303175e-16,5.017094520808885e-10,5.017094520808885e-10,4.507772782559549e-16,4.607064551790256e-16,9.453367470572234e-13,1.0505380907035746e-12,4.4220210169182273e-16,4.403077262894579e-16,5.017094523044483e-10,3.9453183989476126e-16,4.825901840993066e-16
7.510855220862748e-06,4.645064143669379e-16,4.180572313274164e-16,4.85538433189224e-10,5.538095121151356e-16,4.85538433189224e-10,-3.052567035958142e-16,2.5833755730464325e-16,4.21272454437492e-16,9.640248951460425e-07,1.2694959022715352e-15,4.855384331799039e-10,4.85538433189224e-10,4.44566957668411e-16,4.645064143669379e-16,1.4469325906258726e-16,4.3835020819326046e-16,8.601116783392308e-16,4.855384331349169e-10,4.855384331521347e-10,4.2341780862276865e-16,4.855384331349169e-10,4.855384331130396e-10,1.0505380906968184e-12,3.8844886966238714e-06,4.855384331044863e-10,9.194838828425721e-13,1.0507493781287961e-12,5.299691487656255e-16,4.855384331355204e-10,4.855384332304884e-10,4.2346135426722615e-16,4.3041721752338007e-16,6.752222855333994e-13,-2.0693147720204845e-13,5.751775954676374e-16,4.3835020819326046e-16,4.85538433189224e-10,8.600809783345356e-16,2.5839536155567297e-16
1.000017390607268,4.674725672355324e-10,4.578392578809319e-10,1.000020829979049,4.932597586048871e-10,1.0000208299790494,4.87634607218413e-10,4.891705227335328e-10,4.665645457178739e-10,1.000020080497619,4.832220766254209e-10,1.000020829979048,1.00002082997905,4.972148508089327e-10,4.674725679452911e-10,5.088759033147874e-10,4.759517259897007e-10,4.86677406951356e-10,1.0000208299790496,1.000020829979051,4.82554213265967e-10,1.0000208299790492,1.0000208299790498,5.017094523365737e-10,4.855384331044863e-10,1.0000247144666465,5.368495144816102e-10,4.969585189702155e-10,4.927841010044409e-10,1.000020829979049,1.0000208299790494,4.825542132905234e-10,4.909358185550482e-10,4.929970556398547e-10,4.855384333872657e-10,4.923053800851451e-10,4.759517258610525e-10,1.000020829979049,4.866774066547506e-10,4.891705231988845e-10
7.612731491350808e-06,9.400068346805988e-13,9.134925656804853e-13,5.368495144237942e-10,1.0075911570939785e-12,5.368495143347473e-10,9.025364139364523e-13,9.665387508024568e-13,4.701450493595721e-16,1.0659019120989893e-06,1.062012807369471e-12,5.368495144142347e-10,5.368495144237942e-10,5.060206620982491e-16,9.40006833843656e-13,9.985140941253103e-13,4.816643666661146e-16,1.0258030985383306e-12,5.368495144237942e-10,5.368495143632817e-10,4.883734048446248e-16,5.36849514323117e-10,5.368495142785324e-10,1.0237221446671547e-12,9.194838828425721e-13,5.368495144816102e-10,3.8844899969050525e-06,1.0131780644792318e-12,1.0039313901570196e-12,5.368495143632817e-10,5.368495143632817e-10,4.88379541880277e-16,4.981632493091433e-16,9.839919928274455e-13,9.194838828935304e-13,1.007691800812286e-12,4.816761026269201e-16,5.368495144237942e-10,1.0258030988988317e-12,9.665387505730069e-13
7.53352943228729e-06,4.195480484589208e-16,4.139533984626299e-16,4.969585188641061e-10,8.732555588011601e-13,4.969585188641061e-10,5.619126669407221e-16,4.788374427431844e-16,4.2493233463470357e-16,9.866992758472155e-07,6.332438817459189e-13,4.969585189476247e-10,4.969585188641061e-10,4.616354723246023e-16,4.195480484589208e-16,5.22301780972941e-16,4.3465822260781985e-16,3.8527091738847955e-16,4.969585188479931e-10,4.969585188479931e-10,4.457390347848941e-16,4.969585189333721e-10,4.969585188641061e-10,9.025289262018408e-13,1.0507493781287961e-12,4.969585189702155e-10,1.0131780644792318e-12,3.884489791327926e-06,4.4306393183793333e-16,4.969585189538751e-10,4.969585188975604e-10,4.458613091826079e-16,4.553659054790974e-16,9.368377551415335e-13,1.0507493781298792e-12,8.645413032675018e-13,4.3460908696611003e-16,4.969585188641061e-10,3.852676373624332e-16,4.788265887178046e-16
7.525241288750694e-06,4.149989009292566e-16,4.0925209044777566e-16,4.927841010660981e-10,4.341114066473253e-16,4.927841010661929e-10,1.121579214888153e-12,4.763594833075724e-16,4.2018128371311846e-16,9.78411066574825e-07,3.055997279312053e-16,4.927841010877635e-10,4.927841010044409e-10,4.569488235763737e-16,4.149989009292566e-16,1.0331092946570169e-12,4.299644755169566e-16,7.470066317016164e-13,4.927841010219889e-10,4.927841010877635e-10,4.409520252991616e-16,4.927841010583991e-10,4.927841010583991e-10,4.489260346303175e-16,5.299691487656255e-16,4.927841010044409e-10,1.0039313901570196e-12,4.4306393183793333e-16,3.884489768843437e-06,4.927841011362425e-10,4.927841012008592e-10,4.409270919354773e-16,4.508850790436713e-16,4.681900796315491e-16,5.299901810286282e-16,8.525471449643706e-13,4.299644755169566e-16,4.927841010772794e-10,7.470066321531543e-13,4.762627355294563e-16
1.0000173906072698,4.674725672403264e-10,4.5783925805888e-10,1.0000208299790487,4.932597586048871e-10,1.000020829979048,4.876346071642327e-10,4.891705226090301e-10,4.665645457178739e-10,1.0000200804976187,4.832220766254209e-10,1.000020829979048,1.000020829979049,4.972148508089327e-10,4.674725679452911e-10,5.088759032588603e-10,4.759517259472696e-10,4.86677406862318e-10,1.000020829979049,1.00002082997905,4.82554213265967e-10,1.000020829979048,1.000020829979049,5.017094520808885e-10,4.855384331355204e-10,1.000020829979049,5.368495143632817e-10,4.969585189538751e-10,4.927841011362425e-10,1.00002471446665,1.000020829979049,4.825542132260684e-10,4.909358185550482e-10,4.929970555425899e-10,4.855384332038463e-10,4.923053800700995e-10,4.759517258904428e-10,1.0000208299790498,4.866774066547506e-10,4.891705232601389e-10
1.0000173906072718,4.674725672745452e-10,4.5783925805888e-10,1.0000208299790507,4.932597585765554e-10,1.000020829979049,4.876346071642327e-10,4.891705228612207e-10,4.665645458001196e-10,1.000020080497618,4.832220767411732e-10,1.0000208299790494,1.000020829979051,4.972148508670769e-10,4.674725679792189e-10,5.088759035629836e-10,4.759517260482236e-10,4.866774068497264e-10,1.0000208299790494,1.000020829979051,4.82554213265967e-10,1.0000208299790494,1.0000208299790492,5.017094520808885e-10,4.855384332304884e-10,1.0000208299790494,5.368495143632817e-10,4.969585188975604e-10,4.927841012008592e-10,1.000020829979049,1.0000247144666479,4.825542132838481e-10,4.909358184577383e-10,4.929970557592065e-10,4.855384332263802e-10,4.923053800204458e-10,4.759517258656158e-10,1.0000208299790498,4.866774066040892e-10,4.891705232598381e-10
7.504930217354586e-06,4.123472510925935e-16,4.010957300926443e-16,4.825542132905233e-10,4.4221501896739584e-16,4.825542132905234e-10,4.2262790978750987e-16,4.3279019045903263e-16,4.1088435849523874e-16,9.580998512368412e-07,4.4175920510895707e-16,4.825542132889858e-10,4.825542132013947e-10,8.830060852071068e-13,4.12120187308081e-16,4.529717248164928e-16,4.2170481216684116e-16,4.3957535834374934e-16,4.825542132905234e-10,4.825542132545512e-10,8.504718654459887e-13,4.825542132013947e-10,4.825542131834689e-10,4.507772782559549e-16,4.2346135426722615e-16,4.825542132905234e-10,4.88379541880277e-16,4.458613091826079e-16,4.409270919354773e-16,4.825542132260684e-10,4.825542132838481e-10,3.884489749468767e-06,8.688224991763076e-13,4.38342902392094e-16,4.2341780862276865e-16,4.413428328384426e-16,4.2170481216684116e-16,4.825542132013947e-10,4.395957738039503e-16,4.3292636183668787e-16
7.521571577394433e-06,4.2128966353933257e-16,4.098778296483145e-16,4.909358185550482e-10,4.519931426379684e-16,4.909358185550482e-10,4.286000941492818e-16,4.4146976642340503e-16,8.33389394160153e-13,9.74741333949658e-07,4.550384702771355e-16,4.909358184607164e-10,4.909358185601182e-10,9.017350281366935e-13,4.216219341576007e-16,4.611435897912023e-16,4.3032219038776316e-16,4.507863836547408e-16,4.909358184901453e-10,4.909358185416888e-10,8.68822499057925e-13,4.909358184607164e-10,4.909358183983249e-10,4.607064551790256e-16,4.3041721752338007e-16,4.909358185550482e-10,4.981632493091433e-16,4.553659054790974e-16,4.508850790436713e-16,4.909358185550482e-10,4.909358184577383e-10,8.688224991763076e-13,3.884489791528023e-06,4.475011612802663e-16,4.3041721752338007e-16,4.512715444809073e-16,4.3083947897955124e-16,4.909358185601182e-10,4.50632999417784e-16,4.4138809046949625e-16
7.5256640819589415e-06,4.3242762547989923e-16,4.1507657625818577e-16,4.929970556398547e-10,4.736010943550417e-16,4.929970557399907e-10,3.0338187885986216e-16,4.127605536910425e-16,4.2359710569183974e-16,9.788338630443851e-07,1.1930840463920358e-12,4.929970556469118e-10,4.929970556398547e-10,4.556971015778479e-16,4.3226847751313774e-16,4.09105021019908e-16,4.353121441408565e-16,5.259808656715477e-16,4.929970556472106e-10,4.929970557041259e-10,4.3856858949976353e-16,4.929970557768226e-10,4.929970557041259e-10,9.453367470572234e-13,6.752222855333994e-13,4.929970556398547e-10,9.839919928274455e-13,9.368377551415335e-13,4.681900796315491e-16,4.929970555425899e-10,4.929970557592065e-10,4.38342902392094e-16,4.475011612802663e-16,3.884489757755802e-06,6.752222855297076e-13,4.762640137906009e-16,4.3527427008702195e-16,4.929970557694256e-10,5.259152541423995e-16,4.1290003673333227e-16
7.510855222299578e-06,4.645064143669379e-16,4.180572313274164e-16,4.855384333394458e-10,5.543431856775369e-16,4.855384334086146e-10,-3.0499656333485673e-16,2.583644405334746e-16,4.21272454437492e-16,9.640248954888765e-07,1.2689015406478148e-15,4.855384333292435e-10,4.855384332038463e-10,4.444346879921972e-16,4.645064143669379e-16,1.447190293568529e-16,4.3835020819326046e-16,8.600822233586875e-16,4.85538433300182e-10,4.855384332194247e-10,4.235716561172829e-16,4.855384332038463e-10,4.85538433264533e-10,1.0505380907035746e-12,-2.0693147720204845e-13,4.855384333872657e-10,9.194838828935304e-13,1.0507493781298792e-12,5.299901810286282e-16,4.855384332038463e-10,4.855384332263802e-10,4.2341780862276865e-16,4.3041721752338007e-16,6.752222855297076e-13,3.8844886966238714e-06,5.753908603661757e-16,4.3835020819326046e-16,4.85538433300182e-10,8.600809783345356e-16,2.5839536155567297e-16
7.5242908078050255e-06,4.099992577691207e-16,4.07893001476225e-16,4.92305380077474e-10,4.2380119113294654e-16,4.923053800832502e-10,1.2449620806063076e-12,4.912595282267102e-16,4.1922254539158845e-16,9.77460582086509e-07,2.3428752514263503e-16,4.923053800700995e-10,4.923053800774371e-10,4.566109022063399e-16,4.1001432665555427e-16,1.085029971777836e-12,4.282613098357534e-16,6.748637343624373e-13,4.923053800666657e-10,4.92305380077474e-10,4.4137203351777393e-16,4.92305380066547e-10,4.923053800842285e-10,4.4220210169182273e-16,5.751775954676374e-16,4.923053800851451e-10,1.007691800812286e-12,8.645413032675018e-13,8.525471449643706e-13,4.923053800700995e-10,4.923053800204458e-10,4.413428328384426e-16,4.512715444809073e-16,4.762640137906009e-16,5.753908603661757e-16,3.884489728386859e-06,4.2847172996185184e-16,4.923053800869846e-10,6.748637348151672e-13,4.910588624311302e-16
7.491821231562536e-06,4.029416054678478e-16,3.932153807680597e-16,4.759517258904428e-10,4.2987350104084204e-16,4.759517258904428e-10,4.457213301184431e-16,4.328586595536466e-16,4.032124083764073e-16,9.449907676217733e-07,3.9988278133198024e-16,4.75951726143497e-10,4.759517258905053e-10,8.682614997907583e-13,4.0272991828364767e-16,4.581338617087429e-16,8.205268346232849e-13,4.146473226560986e-16,4.759517260500605e-10,4.759517260028936e-10,4.2170481216684116e-16,4.759517261705736e-10,4.759517258905053e-10,4.403077262894579e-16,4.3835020819326046e-16,4.759517258610525e-10,4.816761026269201e-16,4.3460908696611003e-16,4.299644755169566e-16,4.759517258904428e-10,4.759517258656158e-10,4.2170481216684116e-16,4.3083947897955124e-16,4.3527427008702195e-16,4.3835020819326046e-16,4.2847172996185184e-16,3.884489722550913e-06,4.759517258656158e-10,4.146473226560986e-16,4.3318709679552155e-16
1.0000173906072714,4.674725672745452e-10,4.5783925810658694e-10,1.0000208299790496,4.932597585189095e-10,1.0000208299790494,4.876346072421501e-10,4.891705226427396e-10,4.665645456846917e-10,1.000020080497618,4.832220766254209e-10,1.0000208299790487,1.00002082997905,4.972148508089327e-10,4.674725679792189e-10,5.088759035627411e-10,4.759517259472696e-10,4.86677406862318e-10,1.0000208299790512,1.00002082997905,4.82554213265967e-10,1.000020829979049,1.0000208299790492,5.017094523044483e-10,4.85538433189224e-10,1.000020829979049,5.368495144237942e-10,4.969585188641061e-10,4.927841010772794e-10,1.0000208299790498,1.0000208299790498,4.825542132013947e-10,4.909358185601182e-10,4.929970557694256e-10,4.85538433300182e-10,4.923053800869846e-10,4.759517258656158e-10,1.0000247144666508,4.866774066712727e-10,4.891705232776397e-10
7.513116710641746e-06,3.7711235232407854e-16,3.940937210732535e-16,4.866774066899918e-10,3.5782923291975193e-16,4.866774066613358e-10,1.0206742347311275e-15,5.821876425443184e-16,4.0922745543514323e-16,9.662864014877267e-07,-2.2343098903646664e-16,4.866774066946848e-10,4.866774066946848e-10,4.520910870212734e-16,3.7684569633638085e-16,1.410597687020982e-12,4.146473226560986e-16,2.0915932290264527e-13,4.866774066899918e-10,4.86677406567134e-10,4.395957738039503e-16,4.866774066946848e-10,4.866774066547506e-10,3.9453183989476126e-16,8.600809783345356e-16,4.866774066547506e-10,1.0258030988988317e-12,3.852676373624332e-16,7.470066321531543e-13,4.866774066547506e-10,4.866774066040892e-10,4.395957738039503e-16,4.50632999417784e-16,5.259152541423995e-16,8.600809783345356e-16,6.748637348151672e-13,4.146473226560986e-16,4.866774066712727e-10,3.884489110008843e-06,5.821876425443184e-16
7.5180666318408545e-06,4.352497339253496e-16,4.1247627912184155e-16,4.891705232776397e-10,9.622253230416278e-13,4.891705231988845e-10,3.840028385225041e-13,7.599186768292414e-13,4.203425025013868e-16,9.712363629535803e-07,1.421308496344976e-12,4.891705232443063e-10,4.891705232776397e-10,4.510189423764343e-16,4.3532051683517194e-16,7.13955267766627e-13,4.3290615849928627e-16,5.821876425443184e-16,4.891705233082501e-10,4.891705232598381e-10,4.327923353522838e-16,4.891705233082501e-10,4.891705231988845e-10,4.825901840993066e-16,2.5839536155567297e-16,4.891705231988845e-10,9.665387505730069e-13,4.788265887178046e-16,4.762627355294563e-16,4.891705232601389e-10,4.891705232598381e-10,4.3292636183668787e-16,4.4138809046949625e-16,4.1290003673333227e-16,2.5839536155567297e-16,4.910588624311302e-16,4.3318709679552155e-16,4.891705232776397e-10,5.821876425443184e-16,3.88448965938406e-06
