1.0000000021947442,0.9999996175981305,0.9999996175981355,1.4243086524187383e-06,0.9999996175981364,0.9999996175981372,0.9999996116074558,0.9999996175981333,0.9999996116074558,0.9999996171347368,1.420477495656892e-06,1.423510334677704e-06,0.9999996175981324,0.999999617598132,0.9999996175981342,0.9999996175981338,0.9999996175981364,1.4204774976683128e-06,0.999999617598133,1.4235103336303087e-06,0.9999996116074519,0.9999996175981337,1.4235103356089831e-06,0.9999996175981345,0.9999996175981372,1.4154788900744524e-06,0.9999996175981362,0.9999996175981342,0.9999996116074505,0.999999617598134,0.999999617598134,0.9999996175981329,1.415478891097573e-06
0.9999996175981305,0.9999995307097428,0.9999978444615968,7.362878062511417e-11,0.9999978444615956,0.9999978444615956,0.9999978384709253,0.9999978444615963,0.9999978384709253,0.9999978439982014,7.169608163925893e-11,7.322605487199308e-11,0.9999978444615958,0.9999978444615966,0.9999978444615958,0.999997844461596,0.9999978444615968,7.169608086341467e-11,0.9999978444615973,7.322605478236973e-11,0.9999978384709242,0.9999978444615963,7.322605447419085e-11,0.9999978444615963,0.9999978444615968,6.917444291895846e-11,0.9999978444615956,0.9999978444615952,0.9999978384709247,0.9999978444615952,0.9999978444615952,0.999997844461596,6.917444282981893e-11
0.9999996175981355,0.9999978444615968,0.9999995307097547,7.362878074274026e-11,0.9999978444616034,0.9999978444616034,0.9999978384709315,0.9999978444616027,0.9999978384709315,0.9999978439982085,7.16960817984645e-11,7.322605483809406e-11,0.9999978444616029,0.9999978444616032,0.9999978444616027,0.9999978444616027,0.9999978444616034,7.169608071817635e-11,0.9999978444616042,7.322605478236973e-11,0.9999978384709312,0.9999978444616034,7.322605447251162e-11,0.9999978444616031,0.9999978444616034,6.917444297941516e-11,0.9999978444616034,0.9999978444616027,0.9999978384709309,0.9999978444616026,0.9999978444616026,0.9999978444616034,6.917444282843904e-11
1.4243086524187383e-06,7.362878062511417e-11,7.362878074274026e-11,1.6862484333198374e-06,7.36287807192324e-11,7.362878048198972e-11,1.4595300910279506e-07,7.362878065449802e-11,1.4595300910279506e-07,1.4595300960945666e-07,1.9694795201857462e-14,1.0338030679523104e-17,7.362878062511417e-11,7.362878066877355e-11,7.362878064698979e-11,7.362878064698979e-11,7.36287805270709e-11,1.9694794829223337e-14,7.362878071494337e-11,9.913978120427767e-18,1.4595300910279466e-07,7.36287806126721e-11,9.913978120427767e-18,7.362878064698979e-11,7.362878061409487e-11,1.9056070111800747e-14,7.362878048198972e-11,7.362878064698979e-11,1.4595300910279458e-07,7.362878065153096e-11,7.362878061409487e-11,7.362878071494337e-11,1.9056070069489243e-14
0.9999996175981364,0.9999978444615956,0.9999978444616034,7.36287807192324e-11,0.9999995307097548,0.9999978444616027,0.9999978384709309,0.9999978444616016,0.9999978384709309,0.9999978439982072,7.169608179997764e-11,7.322605477303734e-11,0.9999978444616012,0.999997844461602,0.9999978444616029,0.9999978444616021,0.9999978444616031,7.169608068081709e-11,0.9999978444616037,7.322605471945136e-11,0.9999978384709307,0.9999978444616023,7.322605439672812e-11,0.9999978444616016,0.9999978444616037,6.91744429968465e-11,0.9999978444616029,0.999997844461602,0.9999978384709309,0.999997844461602,0.999997844461602,0.9999978444616031,6.917444280461256e-11
0.9999996175981372,0.9999978444615956,0.9999978444616034,7.362878048198972e-11,0.9999978444616027,0.9999995307097571,0.9999978384709313,0.999997844461602,0.9999978384709313,0.9999978439982082,7.169608168585131e-11,7.322605493075926e-11,0.999997844461602,0.9999978444616031,0.9999978444616027,0.9999978444616027,0.9999978444616031,7.169608084283986e-11,0.9999978444616034,7.322605478236973e-11,0.9999978384709312,0.9999978444616031,7.322605447419085e-11,0.999997844461602,0.9999978444616034,6.917444298949358e-11,0.9999978444616031,0.9999978444616018,0.9999978384709307,0.9999978444616018,0.9999978444616016,0.9999978444616023,6.917444279482416e-11
0.9999996116074558,0.9999978384709253,0.9999978384709315,1.4595300910279506e-07,0.9999978384709309,0.9999978384709313,0.9999995187284126,0.9999978384709298,0.9999978324802588,0.9999978380075363,1.421218543479655e-07,1.4515469310134869e-07,0.9999978384709309,0.9999978384709317,0.9999978384709307,0.9999978384709307,0.9999978384709315,1.4212185274199374e-07,0.9999978384709324,1.4515469279077725e-07,0.9999978324802579,0.999997838470932,1.45154692185366e-07,0.9999978384709313,0.9999978384709309,1.371232554973679e-07,0.9999978384709309,0.9999978384709307,0.9999978324802574,0.9999978384709307,0.9999978384709307,0.9999978384709313,1.3712325528313236e-07
0.9999996175981333,0.9999978444615963,0.9999978444616027,7.362878065449802e-11,0.9999978444616016,0.999997844461602,0.9999978384709298,0.999999530709756,0.9999978384709298,0.9999978439982072,7.169608168064469e-11,7.322605487199308e-11,0.9999978444616012,0.999997844461602,0.9999978444616027,0.9999978444616018,0.9999978444616032,7.169608080516054e-11,0.9999978444616027,7.322605475455713e-11,0.9999978384709309,0.9999978444616032,7.322605447459539e-11,0.9999978444616023,0.9999978444616031,6.917444292775706e-11,0.9999978444616029,0.9999978444616012,0.9999978384709302,0.9999978444616012,0.9999978444616012,0.999997844461602,6.917444281815018e-11
0.9999996116074558,0.9999978384709253,0.9999978384709315,1.4595300910279506e-07,0.9999978384709309,0.9999978384709313,0.9999978324802588,0.9999978384709298,0.9999995187284126,0.9999978380075363,1.421218543479655e-07,1.4515469310134869e-07,0.9999978384709309,0.9999978384709317,0.9999978384709307,0.9999978384709307,0.9999978384709315,1.4212185274199374e-07,0.9999978384709324,1.4515469279077725e-07,0.9999978324802579,0.999997838470932,1.45154692185366e-07,0.9999978384709313,0.9999978384709309,1.371232554973679e-07,0.9999978384709309,0.9999978384709307,0.9999978324802574,0.9999978384709307,0.9999978384709307,0.9999978384709313,1.3712325528313236e-07
0.9999996171347368,0.9999978439982014,0.9999978439982085,1.4595300960945666e-07,0.9999978439982072,0.9999978439982082,0.9999978380075363,0.9999978439982072,0.9999978380075363,0.9999995297829704,1.4212185482136187e-07,1.4515469360112242e-07,0.9999978439982082,0.9999978439982085,0.9999978439982075,0.9999978439982072,0.9999978439982072,1.4212185321539e-07,0.999997843998209,1.4515469329055097e-07,0.9999978380075352,0.9999978439982072,1.4515469268513972e-07,0.9999978439982078,0.9999978439982085,6.917444290920932e-11,0.9999978439982072,0.9999978439982072,0.999997838007535,0.9999978439982075,0.9999978439982075,0.9999978439982085,6.917444307043927e-11
1.420477495656892e-06,7.169608163925893e-11,7.16960817984645e-11,1.9694795201857462e-14,7.169608179997764e-11,7.169608168585131e-11,1.421218543479655e-07,7.169608168064469e-11,1.421218543479655e-07,1.4212185482136187e-07,1.6862484313973858e-06,1.957091400930926e-14,7.1696081683538e-11,7.16960816129547e-11,7.1696081747613e-11,7.169608164945093e-11,7.169608163925893e-11,1.9099467897442374e-14,7.169608178371618e-11,1.957091396620209e-14,1.4212185434796532e-07,7.169608161068452e-11,1.957091382070974e-14,7.169608163925893e-11,7.169608178352746e-11,1.8483966356269804e-14,7.169608175010169e-11,7.1696081683538e-11,1.4212185434796532e-07,7.169608168064469e-11,7.1696081683538e-11,7.16960816129547e-11,1.8483966316853328e-14
1.423510334677704e-06,7.322605487199308e-11,7.322605483809406e-11,1.0338030679523104e-17,7.322605477303734e-11,7.322605493075926e-11,1.4515469310134869e-07,7.322605487199308e-11,1.4515469310134869e-07,1.4515469360112242e-07,1.957091400930926e-14,1.686248433349918e-06,7.32260548738949e-11,7.322605492639339e-11,7.32260548836071e-11,7.322605482155996e-11,7.32260548738949e-11,1.9570913636819996e-14,7.322605477303734e-11,2.005035700919809e-14,1.4515469310134877e-07,7.322605491212911e-11,2.0050356864274215e-14,7.322605488965471e-11,7.322605493075926e-11,9.76908224720304e-18,7.32260548836071e-11,7.322605490627022e-11,1.4515469310134853e-07,7.322605484967141e-11,7.322605491361976e-11,7.322605490627022e-11,9.76908224720304e-18
0.9999996175981324,0.9999978444615958,0.9999978444616029,7.362878062511417e-11,0.9999978444616012,0.999997844461602,0.9999978384709309,0.9999978444616012,0.9999978384709309,0.9999978439982082,7.1696081683538e-11,7.32260548738949e-11,0.9999995307097563,0.9999978444616023,0.999997844461602,0.9999978444616021,0.9999978444616021,7.169608079307203e-11,0.9999978444616031,7.322605471945136e-11,0.9999978384709299,0.999997844461602,7.322605438819949e-11,0.9999978444616021,0.9999978444616031,6.91744429441212e-11,0.9999978444616021,0.9999978444616021,0.999997838470929,0.999997844461602,0.999997844461602,0.9999978444616031,6.917444279482416e-11
0.999999617598132,0.9999978444615966,0.9999978444616032,7.362878066877355e-11,0.999997844461602,0.9999978444616031,0.9999978384709317,0.999997844461602,0.9999978384709317,0.9999978439982085,7.16960816129547e-11,7.322605492639339e-11,0.9999978444616023,0.9999995307097589,0.9999978444616029,0.9999978444616027,0.9999978444616016,7.169608079307203e-11,0.9999978444616042,7.322605481997296e-11,0.9999978384709302,0.9999978444616023,7.322605446156984e-11,0.9999978444616026,0.9999978444616034,6.917444300004149e-11,0.9999978444616016,0.9999978444616016,0.9999978384709305,0.9999978444616016,0.9999978444616016,0.9999978444616021,6.917444289252545e-11
0.9999996175981342,0.9999978444615958,0.9999978444616027,7.362878064698979e-11,0.9999978444616029,0.9999978444616027,0.9999978384709307,0.9999978444616027,0.9999978384709307,0.9999978439982075,7.1696081747613e-11,7.32260548836071e-11,0.999997844461602,0.9999978444616029,0.9999995307097501,0.9999978444616023,0.9999978444616029,7.169608087023271e-11,0.9999978444616038,7.322605473608819e-11,0.9999978384709309,0.9999978444616027,7.322605439672812e-11,0.9999978444616023,0.9999978444616034,6.917444297008906e-11,0.9999978444616029,0.9999978444616018,0.9999978384709302,0.9999978444616018,0.9999978444616018,0.9999978444616034,6.917444289252545e-11
0.9999996175981338,0.999997844461596,0.9999978444616027,7.362878064698979e-11,0.9999978444616021,0.9999978444616027,0.9999978384709307,0.9999978444616018,0.9999978384709307,0.9999978439982072,7.169608164945093e-11,7.322605482155996e-11,0.9999978444616021,0.9999978444616027,0.9999978444616023,0.9999995307097552,0.9999978444616023,7.169608080624642e-11,0.9999978444616034,7.322605466124887e-11,0.9999978384709294,0.999997844461602,7.322605450495587e-11,0.999997844461602,0.9999978444616032,6.917444305801911e-11,0.9999978444616018,0.999997844461602,0.9999978384709305,0.9999978444616018,0.9999978444616018,0.9999978444616027,6.917444292380437e-11
0.9999996175981364,0.9999978444615968,0.9999978444616034,7.36287805270709e-11,0.9999978444616031,0.9999978444616031,0.9999978384709315,0.9999978444616032,0.9999978384709315,0.9999978439982072,7.169608163925893e-11,7.32260548738949e-11,0.9999978444616021,0.9999978444616016,0.9999978444616029,0.9999978444616023,0.9999995307097542,7.169608076048178e-11,0.9999978444616038,7.322605481739125e-11,0.999997838470932,0.9999978444616034,7.322605437379315e-11,0.9999978444616031,0.9999978444616037,6.917444294527273e-11,0.9999978444616031,0.999997844461602,0.9999978384709309,0.999997844461602,0.999997844461602,0.9999978444616031,6.91744429049129e-11
1.4204774976683128e-06,7.169608086341467e-11,7.169608071817635e-11,1.9694794829223337e-14,7.169608068081709e-11,7.169608084283986e-11,1.4212185274199374e-07,7.169608080516054e-11,1.4212185274199374e-07,1.4212185321539e-07,1.9099467897442374e-14,1.9570913636819996e-14,7.169608079307203e-11,7.169608079307203e-11,7.169608087023271e-11,7.169608080624642e-11,7.169608076048178e-11,1.6862484313973858e-06,7.169608087799602e-11,1.957091359371283e-14,1.421218527419937e-07,7.169608075949123e-11,1.9570913448220507e-14,7.169608079307203e-11,7.169608079307203e-11,1.8483966003910364e-14,7.169608077444734e-11,7.169608079307203e-11,1.421218527419937e-07,7.169608079307203e-11,7.169608075949123e-11,7.169608075603856e-11,1.8483965964493853e-14
0.999999617598133,0.9999978444615973,0.9999978444616042,7.362878071494337e-11,0.9999978444616037,0.9999978444616034,0.9999978384709324,0.9999978444616027,0.9999978384709324,0.999997843998209,7.169608178371618e-11,7.322605477303734e-11,0.9999978444616031,0.9999978444616042,0.9999978444616038,0.9999978444616034,0.9999978444616038,7.169608087799602e-11,0.9999995307097597,7.322605473832451e-11,0.9999978384709309,0.9999978444616031,7.322605431939634e-11,0.9999978444616034,0.9999978444616046,6.917444304385681e-11,0.9999978444616023,0.9999978444616034,0.999997838470932,0.9999978444616034,0.9999978444616034,0.9999978444616026,6.91744428810282e-11
1.4235103336303087e-06,7.322605478236973e-11,7.322605478236973e-11,9.913978120427767e-18,7.322605471945136e-11,7.322605478236973e-11,1.4515469279077725e-07,7.322605475455713e-11,1.4515469279077725e-07,1.4515469329055097e-07,1.957091396620209e-14,2.005035700919809e-14,7.322605471945136e-11,7.322605481997296e-11,7.322605473608819e-11,7.322605466124887e-11,7.322605481739125e-11,1.957091359371283e-14,7.322605473832451e-11,1.686248433349918e-06,1.4515469279077715e-07,7.322605478236973e-11,2.0050356825237632e-14,7.322605466124887e-11,7.322605475455713e-11,9.76908224720304e-18,7.322605485310949e-11,7.322605466744371e-11,1.4515469279077712e-07,7.322605482645485e-11,7.322605481997296e-11,7.322605471945136e-11,9.76908224720304e-18
0.9999996116074519,0.9999978384709242,0.9999978384709312,1.4595300910279466e-07,0.9999978384709307,0.9999978384709312,0.9999978324802579,0.9999978384709309,0.9999978324802579,0.9999978380075352,1.4212185434796532e-07,1.4515469310134877e-07,0.9999978384709299,0.9999978384709302,0.9999978384709309,0.9999978384709294,0.999997838470932,1.421218527419937e-07,0.9999978384709309,1.4515469279077715e-07,0.9999995187284146,0.9999978384709313,1.451546921853659e-07,0.9999978384709299,0.9999978384709309,1.3712325549736785e-07,0.9999978384709313,0.999997838470929,0.999997832480258,0.999997838470929,0.999997838470929,0.9999978384709309,1.3712325528313223e-07
0.9999996175981337,0.9999978444615963,0.9999978444616034,7.36287806126721e-11,0.9999978444616023,0.9999978444616031,0.999997838470932,0.9999978444616032,0.999997838470932,0.9999978439982072,7.169608161068452e-11,7.322605491212911e-11,0.999997844461602,0.9999978444616023,0.9999978444616027,0.999997844461602,0.9999978444616034,7.169608075949123e-11,0.9999978444616031,7.322605478236973e-11,0.9999978384709313,0.9999995307097583,7.322605431939634e-11,0.9999978444616021,0.9999978444616038,6.917444298949358e-11,0.9999978444616032,0.9999978444616018,0.9999978384709309,0.9999978444616018,0.9999978444616018,0.9999978444616031,6.917444282913132e-11
1.4235103356089831e-06,7.322605447419085e-11,7.322605447251162e-11,9.913978120427767e-18,7.322605439672812e-11,7.322605447419085e-11,1.45154692185366e-07,7.322605447459539e-11,1.45154692185366e-07,1.4515469268513972e-07,1.957091382070974e-14,2.0050356864274215e-14,7.322605438819949e-11,7.322605446156984e-11,7.322605439672812e-11,7.322605450495587e-11,7.322605437379315e-11,1.9570913448220507e-14,7.322605431939634e-11,2.0050356825237632e-14,1.451546921853659e-07,7.322605431939634e-11,1.686248433349918e-06,7.322605451774236e-11,7.322605438795749e-11,9.76908224720304e-18,7.322605448467128e-11,7.322605443880638e-11,1.4515469218536585e-07,7.322605448467128e-11,7.322605437456594e-11,7.32260542722411e-11,9.76908224720304e-18
0.9999996175981345,0.9999978444615963,0.9999978444616031,7.362878064698979e-11,0.9999978444616016,0.999997844461602,0.9999978384709313,0.9999978444616023,0.9999978384709313,0.9999978439982078,7.169608163925893e-11,7.322605488965471e-11,0.9999978444616021,0.9999978444616026,0.9999978444616023,0.999997844461602,0.9999978444616031,7.169608079307203e-11,0.9999978444616034,7.322605466124887e-11,0.9999978384709299,0.9999978444616021,7.322605451774236e-11,0.9999995307097566,0.9999978444616038,6.917444294956702e-11,0.9999978444616016,0.9999978444616014,0.9999978384709305,0.999997844461602,0.999997844461602,0.999997844461602,6.917444279482416e-11
0.9999996175981372,0.9999978444615968,0.9999978444616034,7.362878061409487e-11,0.9999978444616037,0.9999978444616034,0.9999978384709309,0.9999978444616031,0.9999978384709309,0.9999978439982085,7.169608178352746e-11,7.322605493075926e-11,0.9999978444616031,0.9999978444616034,0.9999978444616034,0.9999978444616032,0.9999978444616037,7.169608079307203e-11,0.9999978444616046,7.322605475455713e-11,0.9999978384709309,0.9999978444616038,7.322605438795749e-11,0.9999978444616038,0.9999995307097576,6.917444311906228e-11,0.9999978444616037,0.9999978444616027,0.9999978384709304,0.9999978444616027,0.9999978444616027,0.9999978444616034,6.91744428360218e-11
1.4154788900744524e-06,6.917444291895846e-11,6.917444297941516e-11,1.9056070111800747e-14,6.91744429968465e-11,6.917444298949358e-11,1.371232554973679e-07,6.917444292775706e-11,1.371232554973679e-07,6.917444290920932e-11,1.8483966356269804e-14,9.76908224720304e-18,6.91744429441212e-11,6.917444300004149e-11,6.917444297008906e-11,6.917444305801911e-11,6.917444294527273e-11,1.8483966003910364e-14,6.917444304385681e-11,9.76908224720304e-18,1.3712325549736785e-07,6.917444298949358e-11,9.76908224720304e-18,6.917444294956702e-11,6.917444311906228e-11,1.6862484321670046e-06,6.91744430050303e-11,6.917444311906228e-11,1.371232554973679e-07,6.917444301977448e-11,6.917444294527273e-11,6.917444301125457e-11,1.7885477093570326e-14
0.9999996175981362,0.9999978444615956,0.9999978444616034,7.362878048198972e-11,0.9999978444616029,0.9999978444616031,0.9999978384709309,0.9999978444616029,0.9999978384709309,0.9999978439982072,7.169608175010169e-11,7.32260548836071e-11,0.9999978444616021,0.9999978444616016,0.9999978444616029,0.9999978444616018,0.9999978444616031,7.169608077444734e-11,0.9999978444616023,7.322605485310949e-11,0.9999978384709313,0.9999978444616032,7.322605448467128e-11,0.9999978444616016,0.9999978444616037,6.91744430050303e-11,0.999999530709755,0.999997844461601,0.9999978384709309,0.9999978444616012,0.9999978444616012,0.9999978444616027,6.917444279482416e-11
0.9999996175981342,0.9999978444615952,0.9999978444616027,7.362878064698979e-11,0.999997844461602,0.9999978444616018,0.9999978384709307,0.9999978444616012,0.9999978384709307,0.9999978439982072,7.1696081683538e-11,7.322605490627022e-11,0.9999978444616021,0.9999978444616016,0.9999978444616018,0.999997844461602,0.999997844461602,7.169608079307203e-11,0.9999978444616034,7.322605466744371e-11,0.999997838470929,0.9999978444616018,7.322605443880638e-11,0.9999978444616014,0.9999978444616027,6.917444311906228e-11,0.999997844461601,0.9999995307097521,0.9999978384709302,0.9999978444616016,0.9999978444616016,0.9999978444616016,6.917444282981893e-11
0.9999996116074505,0.9999978384709247,0.9999978384709309,1.4595300910279458e-07,0.9999978384709309,0.9999978384709307,0.9999978324802574,0.9999978384709302,0.9999978324802574,0.999997838007535,1.4212185434796532e-07,1.4515469310134853e-07,0.999997838470929,0.9999978384709305,0.9999978384709302,0.9999978384709305,0.9999978384709309,1.421218527419937e-07,0.999997838470932,1.4515469279077712e-07,0.999997832480258,0.9999978384709309,1.4515469218536585e-07,0.9999978384709305,0.9999978384709304,1.371232554973679e-07,0.9999978384709309,0.9999978384709302,0.9999995187284146,0.9999978384709302,0.9999978384709302,0.9999978384709309,1.3712325528313228e-07
0.999999617598134,0.9999978444615952,0.9999978444616026,7.362878065153096e-11,0.999997844461602,0.9999978444616018,0.9999978384709307,0.9999978444616012,0.9999978384709307,0.9999978439982075,7.169608168064469e-11,7.322605484967141e-11,0.999997844461602,0.9999978444616016,0.9999978444616018,0.9999978444616018,0.999997844461602,7.169608079307203e-11,0.9999978444616034,7.322605482645485e-11,0.999997838470929,0.9999978444616018,7.322605448467128e-11,0.999997844461602,0.9999978444616027,6.917444301977448e-11,0.9999978444616012,0.9999978444616016,0.9999978384709302,0.9999995307097523,0.9999978444616016,0.9999978444616016,6.91744429049129e-11
0.999999617598134,0.9999978444615952,0.9999978444616026,7.362878061409487e-11,0.999997844461602,0.9999978444616016,0.9999978384709307,0.9999978444616012,0.9999978384709307,0.9999978439982075,7.1696081683538e-11,7.322605491361976e-11,0.999997844461602,0.9999978444616016,0.9999978444616018,0.9999978444616018,0.999997844461602,7.169608075949123e-11,0.9999978444616034,7.322605481997296e-11,0.999997838470929,0.9999978444616018,7.322605437456594e-11,0.999997844461602,0.9999978444616027,6.917444294527273e-11,0.9999978444616012,0.9999978444616016,0.9999978384709302,0.9999978444616016,0.9999995307097523,0.9999978444616016,6.917444289252545e-11
0.9999996175981329,0.999997844461596,0.9999978444616034,7.362878071494337e-11,0.9999978444616031,0.9999978444616023,0.9999978384709313,0.999997844461602,0.9999978384709313,0.9999978439982085,7.16960816129547e-11,7.322605490627022e-11,0.9999978444616031,0.9999978444616021,0.9999978444616034,0.9999978444616027,0.9999978444616031,7.169608075603856e-11,0.9999978444616026,7.322605471945136e-11,0.9999978384709309,0.9999978444616031,7.32260542722411e-11,0.999997844461602,0.9999978444616034,6.917444301125457e-11,0.9999978444616027,0.9999978444616016,0.9999978384709309,0.9999978444616016,0.9999978444616016,0.9999995307097573,6.917444289252545e-11
1.415478891097573e-06,6.917444282981893e-11,6.917444282843904e-11,1.9056070069489243e-14,6.917444280461256e-11,6.917444279482416e-11,1.3712325528313236e-07,6.917444281815018e-11,1.3712325528313236e-07,6.917444307043927e-11,1.8483966316853328e-14,9.76908224720304e-18,6.917444279482416e-11,6.917444289252545e-11,6.917444289252545e-11,6.917444292380437e-11,6.91744429049129e-11,1.8483965964493853e-14,6.91744428810282e-11,9.76908224720304e-18,1.3712325528313223e-07,6.917444282913132e-11,9.76908224720304e-18,6.917444279482416e-11,6.91744428360218e-11,1.7885477093570326e-14,6.917444279482416e-11,6.917444282981893e-11,1.3712325528313228e-07,6.91744429049129e-11,6.917444289252545e-11,6.917444289252545e-11,1.6862484370342232e-06
