1.0000000061307424,1.7331721948278618e-06,1.701748938938624e-06,1.0000126083954146,1.0000127584784155,1.0000127584784162,1.0000127584784142,1.0000127584784142,1.7017489384799122e-06,1.0000127584784122,1.0000127584784118,1.733172188772658e-06,1.0000127584784186,1.7331721880535794e-06,1.0000126083954117,1.0000127696955692,1.0000127584784109,1.0000127696955667,1.0000126083954117,1.0000126083954117,1.7331721888002199e-06,1.7331721887850442e-06,1.0000126083954135,1.0000126083954135,1.733172188673349e-06,1.0000127584784118,1.7331721885062285e-06,1.0000127584784186,1.0000127584784173,1.0000127584784149,1.0000126083954106,1.0000127696955625,1.0000127584784153,1.7331721887840329e-06,1.0000127584784086,1.0000127584784162,1.7331721891227006e-06,1.7331721885189715e-06,1.0000127584784138
1.7331721948278618e-06,-1.3462529647090707e-06,2.035814195703714e-14,1.8527643226235072e-07,9.333403903781605e-11,9.333403902775129e-11,9.333403906319356e-11,9.333403906319356e-11,2.035814191227855e-14,9.333403896745304e-11,9.333403897853181e-11,2.450081333872206e-14,9.333403891555971e-11,2.4500813309919823e-14,1.8527643226235086e-07,1.8527646583921276e-07,9.333403906319356e-11,1.8527646583921273e-07,1.8527643226235086e-07,1.8527643226235086e-07,2.4500813280084003e-14,2.4500813379776808e-14,1.8527643226235088e-07,1.8527643226235088e-07,2.4500813350795945e-14,9.333403898424651e-11,2.450081346988168e-14,9.333403903038723e-11,9.333403903781605e-11,9.333403906319356e-11,1.852764322623508e-07,1.8527646583921286e-07,9.333403903038723e-11,2.4500813399645863e-14,9.333403906319356e-11,9.333403906319356e-11,2.4500813494210047e-14,2.4500813322761447e-14,9.333403903781605e-11
1.701748938938624e-06,2.035814195703714e-14,-1.3462529719782971e-06,1.5385303463347025e-07,7.750432663509276e-11,7.750432664762984e-11,7.750432665536913e-11,7.750432667606329e-11,1.6695278870813142e-14,7.750432664987361e-11,7.750432665866976e-11,2.0358142340643447e-14,7.750432664496498e-11,2.035814231673063e-14,1.5385303463347017e-07,7.750432781377058e-11,7.750432665929806e-11,7.750432778764036e-11,1.5385303463347017e-07,1.5385303463347017e-07,2.0358142291951736e-14,2.0358142374757667e-14,1.5385303463347033e-07,1.5385303463347033e-07,2.0358142350676773e-14,7.75043266763312e-11,2.0358142449576258e-14,7.75043266631515e-11,7.750432665558839e-11,7.750432664496498e-11,1.5385303463347025e-07,7.750432777763061e-11,7.750432667629325e-11,2.0358142391257135e-14,7.75043266578338e-11,7.750432663434565e-11,2.0358142469781946e-14,2.035814232737532e-14,7.750432666294087e-11
1.0000126083954146,1.8527643226235072e-07,1.5385303463347025e-07,1.0000139169636881,1.000015413300372,1.000015413300371,1.0000154133003722,1.0000154133003722,1.53853033320346e-07,1.0000154133003698,1.0000154133003698,1.852764295595032e-07,1.0000154133003702,1.8527642939959064e-07,1.0000152632167565,1.0000154245175708,1.0000154133003716,1.0000154245175708,1.0000152632167565,1.0000152632167565,1.8527642936255183e-07,1.8527642906636545e-07,1.0000152632167592,1.0000152632167592,1.8527642925501093e-07,1.000015413300371,1.8527642929481283e-07,1.000015413300371,1.0000154133003702,1.0000154133003711,1.0000152632167578,1.0000154245175714,1.0000154133003716,1.8527642904068515e-07,1.000015413300371,1.000015413300371,1.852764293716255e-07,1.8527643005548907e-07,1.0000154133003702
1.0000127584784155,9.333403903781605e-11,7.750432663509276e-11,1.000015413300372,1.000014217130942,1.0000155633840067,1.0000155633840064,1.0000155633840064,7.750432599093703e-11,1.0000155633840053,1.000015563384006,9.333403760730337e-11,1.0000155633840067,9.333403753698662e-11,1.0000154133003714,1.0000155746012074,1.000015563384006,1.000015574601206,1.0000154133003714,1.0000154133003714,9.333403748578672e-11,9.333403729631288e-11,1.000015413300372,1.000015413300372,9.333403749915957e-11,1.0000155633840069,9.333403740020431e-11,1.0000155633840075,1.0000155633840069,1.0000155633840064,1.0000154133003725,1.0000155746012074,1.0000155633840062,9.333403735883896e-11,1.0000155633840055,1.000015563384006,9.333403746860115e-11,9.333403785136606e-11,1.0000155633840064
1.0000127584784162,9.333403902775129e-11,7.750432664762984e-11,1.000015413300371,1.0000155633840067,1.000014217130939,1.0000155633840062,1.0000155633840062,7.750432599133033e-11,1.000015563384006,1.0000155633840062,9.333403767267223e-11,1.0000155633840067,9.333403747329284e-11,1.0000154133003702,1.0000155746012074,1.0000155633840062,1.0000155746012058,1.0000154133003702,1.0000154133003702,9.333403748578672e-11,9.333403734497464e-11,1.000015413300372,1.000015413300372,9.333403740128851e-11,1.000015563384007,9.333403746392907e-11,1.0000155633840067,1.0000155633840067,1.0000155633840062,1.0000154133003718,1.0000155746012065,1.000015563384006,9.333403729961216e-11,1.0000155633840055,1.0000155633840062,9.333403745433129e-11,9.33340378373794e-11,1.0000155633840064
1.0000127584784142,9.333403906319356e-11,7.750432665536913e-11,1.0000154133003722,1.0000155633840064,1.0000155633840062,1.0000142171309438,1.0000155633840069,7.750432599754116e-11,1.0000155633840049,1.0000155633840062,9.333403761566239e-11,1.000015563384006,9.333403753698662e-11,1.0000154133003698,1.0000155746012074,1.0000155633840069,1.0000155746012063,1.0000154133003698,1.0000154133003698,9.333403748578672e-11,9.333403734497464e-11,1.0000154133003722,1.0000154133003722,9.333403744842278e-11,1.0000155633840062,9.333403740485917e-11,1.0000155633840062,1.000015563384006,1.0000155633840067,1.0000154133003714,1.0000155746012074,1.0000155633840062,9.333403728568473e-11,1.0000155633840067,1.0000155633840062,9.333403736300636e-11,9.333403789345372e-11,1.000015563384006
1.0000127584784142,9.333403906319356e-11,7.750432667606329e-11,1.0000154133003722,1.0000155633840064,1.0000155633840062,1.0000155633840069,1.0000142171309438,7.75043259811577e-11,1.0000155633840049,1.0000155633840062,9.333403758118374e-11,1.000015563384006,9.333403752848165e-11,1.0000154133003698,1.0000155746012074,1.0000155633840069,1.0000155746012063,1.0000154133003698,1.0000154133003698,9.333403738969191e-11,9.333403734497464e-11,1.0000154133003722,1.0000154133003722,9.333403743655672e-11,1.0000155633840062,9.333403734121167e-11,1.0000155633840062,1.000015563384006,1.0000155633840067,1.0000154133003714,1.0000155746012074,1.0000155633840062,9.333403735275616e-11,1.0000155633840067,1.0000155633840062,9.333403745876104e-11,9.333403773282611e-11,1.0000155633840067
1.7017489384799122e-06,2.035814191227855e-14,1.6695278870813142e-14,1.53853033320346e-07,7.750432599093703e-11,7.750432599133033e-11,7.750432599754116e-11,7.75043259811577e-11,-1.3462529719782971e-06,7.750432598627479e-11,7.750432598302114e-11,2.0358142295884776e-14,7.750432600623874e-11,2.0358142271972048e-14,1.5385303332034586e-07,7.750432776922003e-11,7.750432599580544e-11,7.750432744981906e-11,1.5385303332034586e-07,1.5385303332034586e-07,2.0358142247192986e-14,2.0358142329998968e-14,1.5385303332034623e-07,1.5385303332034623e-07,2.0358142305918215e-14,7.750432598460651e-11,2.035814240481765e-14,7.750432597877499e-11,7.750432600238868e-11,7.750432599080432e-11,1.538530333203461e-07,7.750432777204445e-11,7.750432599057799e-11,2.0358142346498612e-14,7.750432598452876e-11,7.750432598963859e-11,2.0358142425023246e-14,2.0358142282616725e-14,7.750432596861936e-11
1.0000127584784122,9.333403896745304e-11,7.750432664987361e-11,1.0000154133003698,1.0000155633840053,1.000015563384006,1.0000155633840049,1.0000155633840049,7.750432598627479e-11,1.000014217130939,1.0000155633840049,9.333403757889774e-11,1.000015563384005,9.333403739038949e-11,1.00001541330037,1.0000155746012045,1.000015563384005,1.0000155746012043,1.00001541330037,1.00001541330037,9.333403748738702e-11,9.333403729631376e-11,1.0000154133003698,1.0000154133003698,9.33340374918745e-11,1.000015563384006,9.333403740485917e-11,1.0000155633840053,1.0000155633840042,1.0000155633840055,1.0000154133003698,1.0000155746012056,1.0000155633840049,9.333403731938594e-11,1.0000155633840042,1.0000155633840042,9.333403746860115e-11,9.333403784431797e-11,1.0000155633840055
1.0000127584784118,9.333403897853181e-11,7.750432665866976e-11,1.0000154133003698,1.000015563384006,1.0000155633840062,1.0000155633840062,1.0000155633840062,7.750432598302114e-11,1.0000155633840049,1.0000142171309394,9.333403764990053e-11,1.0000155633840067,9.333403747329284e-11,1.00001541330037,1.0000155746012067,1.0000155633840062,1.0000155746012065,1.00001541330037,1.00001541330037,9.33340375523079e-11,9.33340372897949e-11,1.0000154133003714,1.0000154133003714,9.333403739440898e-11,1.000015563384007,9.333403747063316e-11,1.0000155633840067,1.0000155633840067,1.0000155633840069,1.0000154133003714,1.000015574601206,1.0000155633840055,9.333403727059166e-11,1.000015563384005,1.000015563384006,9.333403741483524e-11,9.333403794553139e-11,1.0000155633840062
1.733172188772658e-06,2.450081333872206e-14,2.0358142340643447e-14,1.852764295595032e-07,9.333403760730337e-11,9.333403767267223e-11,9.333403761566239e-11,9.333403758118374e-11,2.0358142295884776e-14,9.333403757889774e-11,9.333403764990053e-11,-1.3462529647090707e-06,9.333403758132996e-11,2.4500813771714242e-14,1.8527642955950337e-07,1.8527646313636437e-07,9.333403764430429e-11,1.8527646313636445e-07,1.8527642955950337e-07,1.8527642955950337e-07,2.450081374187846e-14,2.4500813841571365e-14,1.852764295595033e-07,1.852764295595033e-07,2.4500813812590405e-14,9.333403759539379e-11,2.4500813931676124e-14,9.333403760730337e-11,9.333403759675221e-11,9.333403764386719e-11,1.8527642955950303e-07,1.8527646313636413e-07,9.333403763139143e-11,2.4500813861440313e-14,9.333403760730337e-11,9.333403757973005e-11,2.4500813956004632e-14,2.4500813784555708e-14,9.333403762400573e-11
1.0000127584784186,9.333403891555971e-11,7.750432664496498e-11,1.0000154133003702,1.0000155633840067,1.0000155633840067,1.000015563384006,1.000015563384006,7.750432600623874e-11,1.000015563384005,1.0000155633840067,9.333403758132996e-11,1.0000142171309465,9.333403744000005e-11,1.0000154133003698,1.0000155746012065,1.0000155633840067,1.0000155746012065,1.0000154133003698,1.0000154133003698,9.33340375523079e-11,9.333403729631288e-11,1.0000154133003725,1.0000154133003725,9.333403742957266e-11,1.0000155633840075,9.333403738725114e-11,1.0000155633840064,1.0000155633840062,1.0000155633840069,1.0000154133003702,1.0000155746012067,1.0000155633840067,9.333403728568473e-11,1.0000155633840058,1.0000155633840067,9.333403751864674e-11,9.33340379139433e-11,1.0000155633840069
1.7331721880535794e-06,2.4500813309919823e-14,2.035814231673063e-14,1.8527642939959064e-07,9.333403753698662e-11,9.333403747329284e-11,9.333403753698662e-11,9.333403752848165e-11,2.0358142271972048e-14,9.333403739038949e-11,9.333403747329284e-11,2.4500813771714242e-14,9.333403744000005e-11,-1.3462529647090707e-06,1.852764293995904e-07,1.852764629764517e-07,9.333403749315924e-11,1.8527646297645212e-07,1.852764293995904e-07,1.852764293995904e-07,2.4500813713076292e-14,2.450081381276914e-14,1.8527642939959075e-07,1.8527642939959075e-07,2.4500813783788314e-14,9.333403739038949e-11,2.4500813902873967e-14,9.333403760561245e-11,9.333403751697597e-11,9.333403748086754e-11,1.852764293995906e-07,1.8527646297645175e-07,9.333403741516605e-11,2.4500813832638143e-14,9.333403745294473e-11,9.333403752848165e-11,2.450081392720251e-14,2.4500813755753636e-14,9.333403753069189e-11
1.0000126083954117,1.8527643226235086e-07,1.5385303463347017e-07,1.0000152632167565,1.0000154133003714,1.0000154133003702,1.0000154133003698,1.0000154133003698,1.5385303332034586e-07,1.00001541330037,1.00001541330037,1.8527642955950337e-07,1.0000154133003698,1.852764293995904e-07,1.0000139169636895,1.0000154245175699,1.0000154133003702,1.0000154245175699,1.0000152632167567,1.0000152632167567,1.8527642936255145e-07,1.852764290663648e-07,1.0000152632167585,1.0000152632167585,1.8527642925501075e-07,1.0000154133003716,1.8527642929481248e-07,1.0000154133003696,1.0000154133003702,1.0000154133003705,1.0000152632167574,1.0000154245175699,1.0000154133003702,1.852764290406847e-07,1.0000154133003698,1.0000154133003702,1.8527642937162508e-07,1.8527643005548897e-07,1.0000154133003698
1.0000127696955692,1.8527646583921276e-07,7.750432781377058e-11,1.0000154245175708,1.0000155746012074,1.0000155746012074,1.0000155746012074,1.0000155746012074,7.750432776922003e-11,1.0000155746012045,1.0000155746012067,1.8527646313636437e-07,1.0000155746012065,1.852764629764517e-07,1.0000154245175699,1.0000142395653413,1.0000155746012072,1.0000155858184088,1.0000154245175699,1.0000154245175699,1.8527646293941285e-07,1.8527646264322664e-07,1.0000154245175719,1.0000154245175719,1.8527646283187236e-07,1.0000155746012078,1.852764628716741e-07,1.0000155746012065,1.0000155746012056,1.0000155746012074,1.0000154245175719,1.0000155858184088,1.0000155746012074,1.852764626175458e-07,1.000015574601205,1.0000155746012074,1.8527646294848677e-07,1.8527646363235026e-07,1.0000155746012074
1.0000127584784109,9.333403906319356e-11,7.750432665929806e-11,1.0000154133003716,1.000015563384006,1.0000155633840062,1.0000155633840069,1.0000155633840069,7.750432599580544e-11,1.000015563384005,1.0000155633840062,9.333403764430429e-11,1.0000155633840067,9.333403749315924e-11,1.0000154133003702,1.0000155746012072,1.0000142171309423,1.0000155746012058,1.0000154133003702,1.0000154133003702,9.333403748578672e-11,9.333403727369238e-11,1.0000154133003714,1.0000154133003714,9.333403744451971e-11,1.0000155633840062,9.333403743705185e-11,1.0000155633840067,1.000015563384006,1.000015563384006,1.0000154133003714,1.0000155746012065,1.0000155633840062,9.333403727059166e-11,1.000015563384006,1.0000155633840062,9.333403748136496e-11,9.33340378373794e-11,1.000015563384006
1.0000127696955667,1.8527646583921273e-07,7.750432778764036e-11,1.0000154245175708,1.000015574601206,1.0000155746012058,1.0000155746012063,1.0000155746012063,7.750432744981906e-11,1.0000155746012043,1.0000155746012065,1.8527646313636445e-07,1.0000155746012065,1.8527646297645212e-07,1.0000154245175699,1.0000155858184088,1.0000155746012058,1.000014239565339,1.0000154245175699,1.0000154245175699,1.85276462939413e-07,1.8527646264322674e-07,1.0000154245175703,1.0000154245175703,1.8527646283187265e-07,1.000015574601207,1.8527646287167425e-07,1.0000155746012065,1.0000155746012056,1.0000155746012074,1.0000154245175714,1.0000155858184077,1.0000155746012058,1.852764626175459e-07,1.0000155746012056,1.0000155746012058,1.8527646294848704e-07,1.852764636323504e-07,1.0000155746012074
1.0000126083954117,1.8527643226235086e-07,1.5385303463347017e-07,1.0000152632167565,1.0000154133003714,1.0000154133003702,1.0000154133003698,1.0000154133003698,1.5385303332034586e-07,1.00001541330037,1.00001541330037,1.8527642955950337e-07,1.0000154133003698,1.852764293995904e-07,1.0000152632167567,1.0000154245175699,1.0000154133003702,1.0000154245175699,1.0000139169636895,1.0000152632167567,1.8527642936255145e-07,1.852764290663648e-07,1.0000152632167585,1.0000152632167585,1.8527642925501075e-07,1.0000154133003716,1.8527642929481248e-07,1.0000154133003696,1.0000154133003702,1.0000154133003705,1.0000152632167574,1.0000154245175699,1.0000154133003702,1.852764290406847e-07,1.0000154133003698,1.0000154133003702,1.8527642937162508e-07,1.8527643005548897e-07,1.0000154133003698
1.0000126083954117,1.8527643226235086e-07,1.5385303463347017e-07,1.0000152632167565,1.0000154133003714,1.0000154133003702,1.0000154133003698,1.0000154133003698,1.5385303332034586e-07,1.00001541330037,1.00001541330037,1.8527642955950337e-07,1.0000154133003698,1.852764293995904e-07,1.0000152632167567,1.0000154245175699,1.0000154133003702,1.0000154245175699,1.0000152632167567,1.0000139169636895,1.8527642936255145e-07,1.852764290663648e-07,1.0000152632167585,1.0000152632167585,1.8527642925501075e-07,1.0000154133003716,1.8527642929481248e-07,1.0000154133003696,1.0000154133003702,1.0000154133003705,1.0000152632167574,1.0000154245175699,1.0000154133003702,1.852764290406847e-07,1.0000154133003698,1.0000154133003702,1.8527642937162508e-07,1.8527643005548897e-07,1.0000154133003698
1.7331721888002199e-06,2.4500813280084003e-14,2.0358142291951736e-14,1.8527642936255183e-07,9.333403748578672e-11,9.333403748578672e-11,9.333403748578672e-11,9.333403738969191e-11,2.0358142247192986e-14,9.333403748738702e-11,9.33340375523079e-11,2.450081374187846e-14,9.33340375523079e-11,2.4500813713076292e-14,1.8527642936255145e-07,1.8527646293941285e-07,9.333403748578672e-11,1.85276462939413e-07,1.8527642936255145e-07,1.8527642936255145e-07,-1.3462529647090707e-06,2.450081378293328e-14,1.8527642936255193e-07,1.8527642936255193e-07,2.4500813753952502e-14,9.333403748578672e-11,2.450081387303808e-14,9.333403747386017e-11,9.333403754453615e-11,9.33340373991242e-11,1.8527642936255177e-07,1.8527646293941304e-07,9.33340375523079e-11,2.450081380280226e-14,9.333403739158722e-11,9.333403753273597e-11,2.4500813897366604e-14,2.450081372591776e-14,9.333403748578672e-11
1.7331721887850442e-06,2.4500813379776808e-14,2.0358142374757667e-14,1.8527642906636545e-07,9.333403729631288e-11,9.333403734497464e-11,9.333403734497464e-11,9.333403734497464e-11,2.0358142329998968e-14,9.333403729631376e-11,9.33340372897949e-11,2.4500813841571365e-14,9.333403729631288e-11,2.450081381276914e-14,1.852764290663648e-07,1.8527646264322664e-07,9.333403727369238e-11,1.8527646264322674e-07,1.852764290663648e-07,1.852764290663648e-07,2.450081378293328e-14,-1.3462529647090707e-06,1.8527642906636545e-07,1.8527642906636545e-07,2.4500813853645058e-14,9.333403726128738e-11,2.4500813972730815e-14,9.333403733007396e-11,9.333403730423323e-11,9.333403734497464e-11,1.8527642906636505e-07,1.852764626432264e-07,9.333403734497464e-11,2.45008139024952e-14,9.333403726067155e-11,9.3334037247813e-11,2.4500813997059346e-14,2.4500813825610592e-14,9.333403735321481e-11
1.0000126083954135,1.8527643226235088e-07,1.5385303463347033e-07,1.0000152632167592,1.000015413300372,1.000015413300372,1.0000154133003722,1.0000154133003722,1.5385303332034623e-07,1.0000154133003698,1.0000154133003714,1.852764295595033e-07,1.0000154133003725,1.8527642939959075e-07,1.0000152632167585,1.0000154245175719,1.0000154133003714,1.0000154245175703,1.0000152632167585,1.0000152632167585,1.8527642936255193e-07,1.8527642906636545e-07,1.0000139169636866,1.0000152632167592,1.8527642925501112e-07,1.0000154133003725,1.8527642929481296e-07,1.0000154133003725,1.0000154133003716,1.0000154133003725,1.00001526321676,1.0000154245175708,1.000015413300372,1.852764290406851e-07,1.0000154133003698,1.000015413300372,1.8527642937162543e-07,1.8527643005548915e-07,1.0000154133003714
1.0000126083954135,1.8527643226235088e-07,1.5385303463347033e-07,1.0000152632167592,1.000015413300372,1.000015413300372,1.0000154133003722,1.0000154133003722,1.5385303332034623e-07,1.0000154133003698,1.0000154133003714,1.852764295595033e-07,1.0000154133003725,1.8527642939959075e-07,1.0000152632167585,1.0000154245175719,1.0000154133003714,1.0000154245175703,1.0000152632167585,1.0000152632167585,1.8527642936255193e-07,1.8527642906636545e-07,1.0000152632167592,1.0000139169636866,1.8527642925501112e-07,1.0000154133003725,1.8527642929481296e-07,1.0000154133003725,1.0000154133003716,1.0000154133003725,1.00001526321676,1.0000154245175708,1.000015413300372,1.852764290406851e-07,1.0000154133003698,1.000015413300372,1.8527642937162543e-07,1.8527643005548915e-07,1.0000154133003714
1.733172188673349e-06,2.4500813350795945e-14,2.0358142350676773e-14,1.8527642925501093e-07,9.333403749915957e-11,9.333403740128851e-11,9.333403744842278e-11,9.333403743655672e-11,2.0358142305918215e-14,9.33340374918745e-11,9.333403739440898e-11,2.4500813812590405e-14,9.333403742957266e-11,2.4500813783788314e-14,1.8527642925501075e-07,1.8527646283187236e-07,9.333403744451971e-11,1.8527646283187265e-07,1.8527642925501075e-07,1.8527642925501075e-07,2.4500813753952502e-14,2.4500813853645058e-14,1.8527642925501112e-07,1.8527642925501112e-07,-1.3462529647090707e-06,9.33340375045595e-11,2.4500813943749994e-14,9.333403732407883e-11,9.333403735129703e-11,9.333403744842278e-11,1.8527642925501075e-07,1.8527646283187236e-07,9.33340374386046e-11,2.450081387351432e-14,9.333403739002062e-11,9.333403735205228e-11,2.4500813968078467e-14,2.450081379662972e-14,9.333403744842278e-11
1.0000127584784118,9.333403898424651e-11,7.75043266763312e-11,1.000015413300371,1.0000155633840069,1.000015563384007,1.0000155633840062,1.0000155633840062,7.750432598460651e-11,1.000015563384006,1.000015563384007,9.333403759539379e-11,1.0000155633840075,9.333403739038949e-11,1.0000154133003716,1.0000155746012078,1.0000155633840062,1.000015574601207,1.0000154133003716,1.0000154133003716,9.333403748578672e-11,9.333403726128738e-11,1.0000154133003725,1.0000154133003725,9.33340375045595e-11,1.0000142171309434,9.333403748912597e-11,1.0000155633840078,1.0000155633840075,1.000015563384007,1.0000154133003722,1.0000155746012067,1.000015563384007,9.333403728702596e-11,1.000015563384006,1.000015563384007,9.333403741483524e-11,9.333403789621356e-11,1.0000155633840062
1.7331721885062285e-06,2.450081346988168e-14,2.0358142449576258e-14,1.8527642929481283e-07,9.333403740020431e-11,9.333403746392907e-11,9.333403740485917e-11,9.333403734121167e-11,2.035814240481765e-14,9.333403740485917e-11,9.333403747063316e-11,2.4500813931676124e-14,9.333403738725114e-11,2.4500813902873967e-14,1.8527642929481248e-07,1.852764628716741e-07,9.333403743705185e-11,1.8527646287167425e-07,1.8527642929481248e-07,1.8527642929481248e-07,2.450081387303808e-14,2.4500813972730815e-14,1.8527642929481296e-07,1.8527642929481296e-07,2.4500813943749994e-14,9.333403748912597e-11,-1.3462529647090707e-06,9.333403745384619e-11,9.333403748914372e-11,9.333403740020431e-11,1.852764292948126e-07,1.8527646287167425e-07,9.333403744872496e-11,2.4500813992600013e-14,9.333403740485917e-11,9.333403745384619e-11,2.4500814087164083e-14,2.450081391571534e-14,9.333403740485917e-11
1.0000127584784186,9.333403903038723e-11,7.75043266631515e-11,1.000015413300371,1.0000155633840075,1.0000155633840067,1.0000155633840062,1.0000155633840062,7.750432597877499e-11,1.0000155633840053,1.0000155633840067,9.333403760730337e-11,1.0000155633840064,9.333403760561245e-11,1.0000154133003696,1.0000155746012065,1.0000155633840067,1.0000155746012065,1.0000154133003696,1.0000154133003696,9.333403747386017e-11,9.333403733007396e-11,1.0000154133003725,1.0000154133003725,9.333403732407883e-11,1.0000155633840078,9.333403745384619e-11,1.0000142171309385,1.0000155633840062,1.0000155633840075,1.0000154133003705,1.0000155746012065,1.0000155633840067,9.333403732335794e-11,1.0000155633840058,1.0000155633840067,9.333403749780506e-11,9.3334037885379e-11,1.0000155633840069
1.0000127584784173,9.333403903781605e-11,7.750432665558839e-11,1.0000154133003702,1.0000155633840069,1.0000155633840067,1.000015563384006,1.000015563384006,7.750432600238868e-11,1.0000155633840042,1.0000155633840067,9.333403759675221e-11,1.0000155633840062,9.333403751697597e-11,1.0000154133003702,1.0000155746012056,1.000015563384006,1.0000155746012056,1.0000154133003702,1.0000154133003702,9.333403754453615e-11,9.333403730423323e-11,1.0000154133003716,1.0000154133003716,9.333403735129703e-11,1.0000155633840075,9.333403748914372e-11,1.0000155633840062,1.0000142171309407,1.0000155633840062,1.0000154133003711,1.0000155746012054,1.0000155633840062,9.333403736189731e-11,1.000015563384005,1.0000155633840067,9.333403746790151e-11,9.333403789621356e-11,1.0000155633840062
1.0000127584784149,9.333403906319356e-11,7.750432664496498e-11,1.0000154133003711,1.0000155633840064,1.0000155633840062,1.0000155633840067,1.0000155633840067,7.750432599080432e-11,1.0000155633840055,1.0000155633840069,9.333403764386719e-11,1.0000155633840069,9.333403748086754e-11,1.0000154133003705,1.0000155746012074,1.000015563384006,1.0000155746012074,1.0000154133003705,1.0000154133003705,9.33340373991242e-11,9.333403734497464e-11,1.0000154133003725,1.0000154133003725,9.333403744842278e-11,1.000015563384007,9.333403740020431e-11,1.0000155633840075,1.0000155633840062,1.0000142171309419,1.000015413300372,1.000015574601207,1.0000155633840064,9.33340372047074e-11,1.0000155633840058,1.0000155633840062,9.333403741483524e-11,9.333403794553139e-11,1.0000155633840067
1.0000126083954106,1.852764322623508e-07,1.5385303463347025e-07,1.0000152632167578,1.0000154133003725,1.0000154133003718,1.0000154133003714,1.0000154133003714,1.538530333203461e-07,1.0000154133003698,1.0000154133003714,1.8527642955950303e-07,1.0000154133003702,1.852764293995906e-07,1.0000152632167574,1.0000154245175719,1.0000154133003714,1.0000154245175714,1.0000152632167574,1.0000152632167574,1.8527642936255177e-07,1.8527642906636505e-07,1.00001526321676,1.00001526321676,1.8527642925501075e-07,1.0000154133003722,1.852764292948126e-07,1.0000154133003705,1.0000154133003711,1.000015413300372,1.0000139169636912,1.0000154245175703,1.0000154133003716,1.8527642904068473e-07,1.0000154133003702,1.000015413300372,1.85276429371625e-07,1.8527643005548907e-07,1.000015413300371
1.0000127696955625,1.8527646583921286e-07,7.750432777763061e-11,1.0000154245175714,1.0000155746012074,1.0000155746012065,1.0000155746012074,1.0000155746012074,7.750432777204445e-11,1.0000155746012056,1.000015574601206,1.8527646313636413e-07,1.0000155746012067,1.8527646297645175e-07,1.0000154245175699,1.0000155858184088,1.0000155746012065,1.0000155858184077,1.0000154245175699,1.0000154245175699,1.8527646293941304e-07,1.852764626432264e-07,1.0000154245175708,1.0000154245175708,1.8527646283187236e-07,1.0000155746012067,1.8527646287167425e-07,1.0000155746012065,1.0000155746012054,1.000015574601207,1.0000154245175703,1.000014239565341,1.0000155746012067,1.852764626175458e-07,1.0000155746012067,1.0000155746012065,1.852764629484865e-07,1.8527646363235026e-07,1.000015574601206
1.0000127584784153,9.333403903038723e-11,7.750432667629325e-11,1.0000154133003716,1.0000155633840062,1.000015563384006,1.0000155633840062,1.0000155633840062,7.750432599057799e-11,1.0000155633840049,1.0000155633840055,9.333403763139143e-11,1.0000155633840067,9.333403741516605e-11,1.0000154133003702,1.0000155746012074,1.0000155633840062,1.0000155746012058,1.0000154133003702,1.0000154133003702,9.33340375523079e-11,9.333403734497464e-11,1.000015413300372,1.000015413300372,9.33340374386046e-11,1.000015563384007,9.333403744872496e-11,1.0000155633840067,1.0000155633840062,1.0000155633840064,1.0000154133003716,1.0000155746012067,1.0000142171309423,9.333403737812288e-11,1.0000155633840055,1.000015563384006,9.333403742468251e-11,9.333403773282611e-11,1.000015563384006
1.7331721887840329e-06,2.4500813399645863e-14,2.0358142391257135e-14,1.8527642904068515e-07,9.333403735883896e-11,9.333403729961216e-11,9.333403728568473e-11,9.333403735275616e-11,2.0358142346498612e-14,9.333403731938594e-11,9.333403727059166e-11,2.4500813861440313e-14,9.333403728568473e-11,2.4500813832638143e-14,1.852764290406847e-07,1.852764626175458e-07,9.333403727059166e-11,1.852764626175459e-07,1.852764290406847e-07,1.852764290406847e-07,2.450081380280226e-14,2.45008139024952e-14,1.852764290406851e-07,1.852764290406851e-07,2.450081387351432e-14,9.333403728702596e-11,2.4500813992600013e-14,9.333403732335794e-11,9.333403736189731e-11,9.33340372047074e-11,1.8527642904068473e-07,1.852764626175458e-07,9.333403737812288e-11,-1.3462529647090707e-06,9.333403736130967e-11,9.333403737418164e-11,2.450081401692841e-14,2.4500813845479745e-14,9.33340372047074e-11
1.0000127584784086,9.333403906319356e-11,7.75043266578338e-11,1.000015413300371,1.0000155633840055,1.0000155633840055,1.0000155633840067,1.0000155633840067,7.750432598452876e-11,1.0000155633840042,1.000015563384005,9.333403760730337e-11,1.0000155633840058,9.333403745294473e-11,1.0000154133003698,1.000015574601205,1.000015563384006,1.0000155746012056,1.0000154133003698,1.0000154133003698,9.333403739158722e-11,9.333403726067155e-11,1.0000154133003698,1.0000154133003698,9.333403739002062e-11,1.000015563384006,9.333403740485917e-11,1.0000155633840058,1.000015563384005,1.0000155633840058,1.0000154133003702,1.0000155746012067,1.0000155633840055,9.333403736130967e-11,1.0000142171309383,1.0000155633840055,9.333403748136496e-11,9.333403785136606e-11,1.0000155633840055
1.0000127584784162,9.333403906319356e-11,7.750432663434565e-11,1.000015413300371,1.000015563384006,1.0000155633840062,1.0000155633840062,1.0000155633840062,7.750432598963859e-11,1.0000155633840042,1.000015563384006,9.333403757973005e-11,1.0000155633840067,9.333403752848165e-11,1.0000154133003702,1.0000155746012074,1.0000155633840062,1.0000155746012058,1.0000154133003702,1.0000154133003702,9.333403753273597e-11,9.3334037247813e-11,1.000015413300372,1.000015413300372,9.333403735205228e-11,1.000015563384007,9.333403745384619e-11,1.0000155633840067,1.0000155633840067,1.0000155633840062,1.000015413300372,1.0000155746012065,1.000015563384006,9.333403737418164e-11,1.0000155633840055,1.000014217130939,9.333403746860115e-11,9.33340379176683e-11,1.0000155633840064
1.7331721891227006e-06,2.4500813494210047e-14,2.0358142469781946e-14,1.852764293716255e-07,9.333403746860115e-11,9.333403745433129e-11,9.333403736300636e-11,9.333403745876104e-11,2.0358142425023246e-14,9.333403746860115e-11,9.333403741483524e-11,2.4500813956004632e-14,9.333403751864674e-11,2.450081392720251e-14,1.8527642937162508e-07,1.8527646294848677e-07,9.333403748136496e-11,1.8527646294848704e-07,1.8527642937162508e-07,1.8527642937162508e-07,2.4500813897366604e-14,2.4500813997059346e-14,1.8527642937162543e-07,1.8527642937162543e-07,2.4500813968078467e-14,9.333403741483524e-11,2.4500814087164083e-14,9.333403749780506e-11,9.333403746790151e-11,9.333403741483524e-11,1.85276429371625e-07,1.852764629484865e-07,9.333403742468251e-11,2.450081401692841e-14,9.333403748136496e-11,9.333403746860115e-11,-1.3462529647112159e-06,2.450081394004395e-14,9.333403741484047e-11
1.7331721885189715e-06,2.4500813322761447e-14,2.035814232737532e-14,1.8527643005548907e-07,9.333403785136606e-11,9.33340378373794e-11,9.333403789345372e-11,9.333403773282611e-11,2.0358142282616725e-14,9.333403784431797e-11,9.333403794553139e-11,2.4500813784555708e-14,9.33340379139433e-11,2.4500813755753636e-14,1.8527643005548897e-07,1.8527646363235026e-07,9.33340378373794e-11,1.852764636323504e-07,1.8527643005548897e-07,1.8527643005548897e-07,2.450081372591776e-14,2.4500813825610592e-14,1.8527643005548915e-07,1.8527643005548915e-07,2.450081379662972e-14,9.333403789621356e-11,2.450081391571534e-14,9.3334037885379e-11,9.333403789621356e-11,9.333403794553139e-11,1.8527643005548907e-07,1.8527646363235026e-07,9.333403773282611e-11,2.4500813845479745e-14,9.333403785136606e-11,9.33340379176683e-11,2.450081394004395e-14,-1.3462529647112159e-06,9.333403784431797e-11
1.0000127584784138,9.333403903781605e-11,7.750432666294087e-11,1.0000154133003702,1.0000155633840064,1.0000155633840064,1.000015563384006,1.0000155633840067,7.750432596861936e-11,1.0000155633840055,1.0000155633840062,9.333403762400573e-11,1.0000155633840069,9.333403753069189e-11,1.0000154133003698,1.0000155746012074,1.000015563384006,1.0000155746012074,1.0000154133003698,1.0000154133003698,9.333403748578672e-11,9.333403735321481e-11,1.0000154133003714,1.0000154133003714,9.333403744842278e-11,1.0000155633840062,9.333403740485917e-11,1.0000155633840069,1.0000155633840062,1.0000155633840067,1.000015413300371,1.000015574601206,1.000015563384006,9.33340372047074e-11,1.0000155633840055,1.0000155633840064,9.333403741484047e-11,9.333403784431797e-11,1.0000142171309419
