0.9999999999293314,0.9999998722011729,0.9999998733216752,-2.4088528235934436e-08,-1.9443031025359327e-08,-2.5148847197585744e-08,-2.5447185282062725e-08,0.9999998980938066,0.9999998963890683,0.9999998973181704,-1.7810669380326254e-08,0.999999898284878,-2.441582791630514e-08,0.9999998990497853,-2.3826420036426072e-08,-1.674433054948851e-08,-2.5432487004809862e-08,-2.3014288546829204e-08,0.9999998890507237,-1.9422773803330254e-08,-2.3565876834933523e-08,0.9999998968581232,0.9999999003245625,-2.5148848278620354e-08,-2.409732786348134e-08,0.9999998992787346,0.9999998720036206,-1.4964365096700916e-08,-1.6744330564605263e-08,-1.8918292768074086e-08,-1.2174967231909985e-08,-2.0584694044645952e-08,-1.916525930327407e-08,-1.8711163322753855e-08,0.9999998984313592,-2.4480782579171545e-08,0.9999999005734881,-1.573604158303074e-08,-2.3014289142024168e-08,-1.5970522020167386e-08,-1.7472354532108033e-08,-1.674433056483147e-08,0.999999900324565,-2.0159455832578424e-08,-1.854177400061584e-08,0.9999998844758632,-2.049085575707962e-08,0.9999999006784258,-2.5149396296140482e-08,-2.5479898641377015e-08,0.9999998967136127,-1.6784879438094965e-08,0.9999999023923778,-2.514884728000657e-08,-2.5459173491528142e-08,0.9999998985153706,0.9999998968581235,0.9999998733216722,-2.514884719933382e-08,-1.689651146321348e-08,-1.508224977582707e-08,0.9999998968581242,0.999999897684695,-1.678488244985876e-08,-2.4858773595379222e-08,-1.5970522020174834e-08,-2.09748215603693e-08,-2.0584694739131717e-08,0.9999998968581248,-1.2174967229883844e-08,-1.2174966574254125e-08,0.9999998968581245,0.9999998980938074,0.9999998619251491,0.9999998997757364,-1.7566691959142888e-08,0.9999999005734909,0.9999998976846963,-2.2191665424544448e-08,-2.3852794307694597e-08,-2.297396818413724e-08,-3.082895769126225e-08,-1.586695317989978e-08,-1.674433083017289e-08,0.9999998958077999,-1.756669301542606e-08,0.9999999003245615,-1.5072019188320776e-08,0.999999882939402,-2.01335689389472e-08,0.9999998941792074,-2.2310565333655288e-08,-2.5012229339773757e-08,-2.382642070276321e-08,-1.2174966561533578e-08,0.9999999028388546,0.9999998999129187,-2.480769104587813e-08,-2.6684325530450585e-08,-2.4442967249405746e-08,-1.6744330549238517e-08,-2.210238784767086e-08,-2.058469404069567e-08,-1.783424394361391e-08,-2.3987386454157062e-08,0.9999998968581241,0.9999998822368923
0.9999998722011729,0.9999998708061992,0.9999998992492556,2.5398502356313874e-09,2.7293372846815745e-12,-1.2944292992629134e-09,-8.237292321341371e-10,0.9999999221253865,0.999999920357765,0.9999999194379625,3.290756352547947e-13,0.9999999225918689,-8.192800973000416e-10,0.999999919672402,-5.452314150389217e-10,3.1826770089057054e-12,-4.727640735164992e-12,2.202269980558229e-12,0.9999999118397267,6.413653655935378e-13,3.364231767036683e-14,0.9999999186959345,0.9999999232710411,-1.2944289802212878e-09,-6.830105027635692e-13,0.9999999208193749,0.999999897374196,6.4009222793830995e-12,3.182676889610733e-12,7.21894276677452e-09,5.443039370017762e-12,1.2532863522709554e-12,5.812146016209433e-12,3.5683530809942927e-12,0.9999999193317924,2.7691952016638176e-09,0.9999999212003716,-1.337851784767114e-12,2.2022703131303817e-12,-3.7675569937699895e-13,7.805674132963114e-09,3.182677198317963e-12,0.9999999232710395,1.6044882045933383e-12,2.75016231437207e-12,0.9999999081859245,1.5711915902270897e-12,0.9999999221270736,4.530837936828171e-10,-1.4698774575218828e-09,0.9999999205734262,3.1945929395720997e-12,0.9999999261620921,-1.29442960697336e-09,-1.598335006448998e-09,0.9999999201689902,0.9999999186959325,0.9999998992492538,-1.2944289784896431e-09,-1.2160134973556938e-12,4.197829657453914e-12,0.9999999186959327,0.9999999184970931,3.194591917024498e-12,4.23863315802574e-09,-3.767551810741222e-13,4.332801670043618e-12,1.2532859551726696e-12,0.999999918695934,5.44303956364506e-12,5.443040049896985e-12,0.9999999186959329,0.9999999221253874,0.999999887756135,0.9999999220573036,2.2948239032912526e-12,0.9999999212003732,0.9999999184970947,1.542598849444919e-12,2.8263515872522284e-12,-1.9677179008212122e-12,1.595084781019901e-09,4.830167266898225e-12,3.1826771635673557e-12,0.9999999190754861,2.294823924315044e-12,0.9999999232710404,4.266888710159446e-12,0.9999999048016677,1.6093342043064785e-12,0.9999999171716532,1.6173879790963477e-12,-5.960702762767581e-10,-5.452319282966476e-10,5.4430398716327954e-12,0.9999999250202597,0.9999999218649721,-3.7184405819623525e-12,-4.675467025691578e-12,1.2402981439556288e-13,3.182676922688674e-12,3.161955802478695e-12,1.2532864115308821e-12,-2.4401662199355075e-13,-4.4510157192483426e-11,0.9999999186959334,0.9999999068334375
0.9999998733216752,0.9999998992492556,0.9999998734305201,6.567772630843985e-09,2.7215779826506236e-12,-1.5528057353917621e-09,-1.7460705016220957e-09,0.9999999240622546,0.9999999234454263,0.999999919894831,2.883096944332851e-12,0.9999999240681046,-1.9346147168815127e-09,0.9999999219797451,-1.8169612150811742e-09,2.648951863456561e-12,-3.477295848388331e-13,3.5020586659741276e-12,0.999999912136197,2.6401865627071012e-12,2.0502041046126533e-13,0.999999919567742,0.9999999234826902,-1.5528054163502558e-09,-3.657411689002379e-12,0.9999999211256556,0.9999998990095396,7.9355876327006e-12,2.6489517051404074e-12,-4.682589994671075e-09,7.700846742417327e-12,-4.679216265235211e-13,6.105445001639509e-12,1.7784094384102305e-09,0.9999999199257181,7.888371640316724e-09,0.9999999217156083,8.00880923446483e-13,3.5020592002685377e-12,9.739451610702627e-13,3.446518623913081e-09,2.64895203208646e-12,0.9999999234826882,1.2182750825096928e-12,1.8567603868796025e-12,0.9999999086309682,2.6226358579991248e-14,0.9999999230042989,-1.1139508388806535e-09,-1.610007701615138e-09,0.999999922732916,2.557101936740617e-12,0.9999999246044089,-1.5528060431022452e-09,-2.3177270600417765e-09,0.9999999210578194,0.9999999195677409,0.9999998985615041,-1.5528054146185278e-09,6.214561777020303e-12,3.7267613338182285e-12,0.9999999195677409,0.9999999192248253,2.5571009339505387e-12,8.532490741282817e-09,9.739457135040275e-13,5.843368001617355e-12,-4.679221643992985e-13,0.999999919567742,7.700846932644138e-12,7.700847413364888e-12,0.9999999195677417,0.9999999240622558,0.9999998887557444,0.9999999217434188,8.012273926033729e-13,0.99999992171561,0.9999999192248261,-4.544511548992375e-09,4.346427957503138e-12,-2.8573793805266692e-09,-5.023329173609893e-10,4.3918896151009866e-12,2.6489520164752906e-12,0.9999999175191903,8.012272334052585e-13,0.9999999234826891,3.686690511498058e-12,0.9999999080144343,6.174026002740649e-13,0.9999999182202821,2.0784912646026207e-12,-2.352822853554092e-09,-1.8169617283389454e-09,7.70084722761219e-12,0.9999999281532906,0.9999999219669259,-7.645196023079139e-12,-8.95982654775691e-12,1.8466532224818544e-13,2.6489517307584547e-12,3.75102278575412e-12,-4.679217807127775e-13,6.832101642993556e-12,-1.838168057710353e-09,0.9999999195677439,0.9999999078750316
-2.4088528235934436e-08,2.5398502356313874e-09,6.567772630843985e-09,-6.060201592611893e-08,-3.4430203757456082e-12,2.293265767086524e-12,1.9299427979912546e-12,-3.8742671414352505e-12,-5.222354179411771e-12,4.911735197593699e-13,-2.3683014714813414e-09,-3.620793933406867e-12,1.7536457630781141e-12,4.423485439292202e-09,4.03556206884186e-12,2.0475876653893597e-12,-4.5166844163146317e-13,-3.1419999149025757e-12,3.00326167378719e-12,-5.507505844761332e-09,1.3178876357440414e-12,3.835886486897807e-13,9.714808065052157e-14,2.293265827396738e-12,1.0135031475591585e-08,-1.5737421253409652e-12,-1.522556585423926e-12,-3.310964375450589e-08,2.047587648484544e-12,1.6937018910271945e-11,-2.867589236720205e-08,2.3953393517813676e-12,-1.5264535860408483e-08,1.1828129595102993e-09,1.6146359490314139e-12,-2.8656725498110455e-08,2.520336171903132e-12,1.4514563303766088e-11,-3.14199967316501e-12,1.682487234779597e-11,3.0236318407180984e-09,2.047587753401811e-12,9.714799063281877e-14,1.9735664656318048e-12,-1.9136241204965263e-12,-1.569237908482259e-13,1.6386833288521031e-12,2.5544126783769274e-12,-1.819011873223005e-12,1.6504792169829389e-12,-3.976128167472956e-12,2.3675888145605357e-12,2.516142613098694e-12,2.2932657670871846e-12,4.5445794610096755e-12,9.479548437628786e-13,3.835886339283559e-13,6.567772630843958e-09,2.2932657269860917e-12,-2.9823389240002623e-12,2.0915983858595744e-14,3.835886448198119e-13,9.310340188218785e-13,2.3675888260712766e-12,-3.170211734294631e-08,1.6824872581704363e-11,-3.1402443826797097e-12,2.3953393826100917e-12,3.835886370139177e-13,-2.8675892367201726e-08,-2.8675892367201925e-08,3.835886354655798e-13,-3.874267157113864e-12,5.6971459607099e-13,-1.5621246377036814e-12,3.668495268780915e-12,2.520336171904169e-12,9.310340401883974e-13,2.165688743371107e-09,-7.930181992100797e-12,8.520062561725906e-12,-7.574360271835732e-09,-2.1651544995610895e-08,2.047587665378322e-12,-1.5995844538584323e-12,3.668495268813045e-12,9.714797542351914e-14,8.497980471214575e-13,-5.499549385636339e-09,3.1716629728755836e-12,9.816899763671379e-14,-2.5371906607256855e-12,2.6481405753780805e-12,4.035562068841053e-12,-2.8675892367201902e-08,-2.687227632597073e-09,-9.71756522438711e-13,7.088468432116691e-12,9.08795435822516e-12,2.677805918857612e-13,2.0475875651843303e-12,-3.868764011757772e-13,2.3953393587938256e-12,-4.727803742351286e-09,3.446281694066626e-12,3.835886505067075e-13,-6.232256331065263e-10
-1.9443031025359327e-08,2.7293372846815745e-12,2.7215779826506236e-12,-3.4430203757456082e-12,-3.109387942192078e-08,3.1574137883204254e-13,-6.748888856903758e-13,-5.168209458967088e-14,-1.397294236116462e-09,1.7801044661581931e-12,7.33167259659932e-13,-2.7182982457082545e-13,2.7514245264729823e-13,2.6555572195119528e-12,2.90345917146674e-13,5.860215015192548e-13,-1.7211554488829842e-13,-2.9293909437171497e-12,2.243897037672319e-12,-1.7206254693314027e-13,6.053969610820453e-13,2.02888381735616e-12,1.402918867197343e-12,3.1574139058743025e-13,4.1849582645815264e-09,4.44300359243377e-12,2.3126478885343e-12,-1.0197097515810171e-08,5.860215015192548e-13,3.529546190311436e-09,-2.1390513293180135e-12,1.5901644770895052e-12,-4.855589353493595e-12,8.282780676519838e-13,2.7558665347662978e-12,-3.4163726002105867e-12,2.962232503770862e-12,4.174293209814427e-12,-2.929390553910909e-12,4.134803585081585e-12,1.1651268290094229e-12,5.860213776437912e-13,1.4029188338228964e-12,2.7246719263950356e-13,5.024463145270314e-12,2.245113171545516e-12,1.1267158922816196e-12,2.5257877352809674e-12,-6.811183581999106e-13,4.529356571568157e-13,1.6928937754012574e-10,3.6131739742724664e-13,1.8757890649968284e-12,3.157413485051216e-13,-5.609362995492042e-13,1.8129909061079132e-12,2.0288838173562218e-12,2.7215779571349698e-12,3.1574133159490734e-13,-5.27057097905498e-13,4.887769902425308e-12,2.0288838612013405e-12,2.61110231056824e-12,3.6131739742869597e-13,-4.409775887603503e-12,4.134803585080762e-12,-9.180188489908926e-12,1.5901644673911473e-12,2.0288838612018054e-12,-2.1390513293180175e-12,-2.139051083695237e-12,2.0288838612013405e-12,-5.168209458967088e-14,2.5895982329714697e-12,2.62098939422293e-12,2.037623945995981e-12,2.962232505044435e-12,2.6111023119001246e-12,1.9075884797089832e-12,-1.1761026843381114e-08,4.13578395327367e-12,-3.6349118874158002e-12,-6.883475375886935e-13,5.860214651062342e-13,2.63427405140885e-12,2.037623945995981e-12,1.4029189258685609e-12,4.6277560348400014e-12,3.3291242049297584e-12,4.514619952159506e-13,2.0284435423946783e-12,-1.285704233101117e-12,-2.521288053308987e-13,2.903460100424286e-13,-2.139051322892765e-12,8.836998121612906e-13,4.9958580499456385e-09,8.256139037686139e-12,8.162396241390683e-12,-1.0644808285747608e-12,5.860212470363384e-13,-7.558875206120467e-12,1.5901644770895052e-12,-1.5284750362534573e-12,1.84324768098931e-13,2.0288838686057205e-12,4.061851509723392e-09
-2.5148847197585744e-08,-1.2944292992629134e-09,-1.5528057353917621e-09,2.293265767086524e-12,3.1574137883204254e-13,-2.5566022434675576e-08,-6.14193163051518e-10,5.6243538166244335e-14,2.340593909365359e-13,-1.2378993687365672e-12,1.1670220425174e-13,-3.225901670141693e-14,-1.333336924260756e-09,-1.0513047102718146e-12,-1.6087930383663657e-09,-4.3605279927318794e-13,-1.0892483425722847e-12,2.254647906286543e-12,-1.388817916421372e-12,3.584745418105304e-14,2.645827156611434e-13,-1.172324223889504e-12,-4.94579495706328e-13,-4.3510894201869943e-10,-1.862365866355581e-12,-2.4059148950840432e-09,-5.907360580188876e-13,2.5288693568851597e-12,-4.3605279328348346e-13,-1.8385247053512548e-12,2.307770385067013e-12,-3.680505699163859e-13,1.2368260159568288e-12,-3.6714881929662783e-13,-1.384355925100097e-12,2.7639335567875226e-12,-1.4497200114272524e-12,-3.0617996294880315e-12,2.2546478470733496e-12,-3.1664131001436106e-12,-3.399791497414039e-13,-4.360528994737863e-13,-4.945795098570248e-13,-2.2016843795287325e-13,4.3561570885644885e-13,-1.0048375523586063e-12,-5.2471575167472756e-14,-1.1151811735945468e-12,5.420185887027468e-11,-3.468030232172583e-10,1.703266082768964e-14,-4.95282260093605e-13,-5.814869641564414e-13,-4.351089420186937e-10,-6.508001235921329e-10,-1.074601688630863e-12,-1.1723242238896985e-12,-1.5528057353916674e-09,-4.35108942018698e-10,6.149049721464699e-14,4.774234739391139e-13,-1.172324247632716e-12,-1.4370333702125792e-12,-4.95282217106118e-13,2.928693977447718e-12,-3.1664133013507224e-12,3.1716234712921715e-12,-3.6805046294679824e-13,-1.1723242239065412e-12,2.3077703705007108e-12,2.307770333244349e-12,-1.172324213341045e-12,5.6243522521771654e-14,-2.019240673126104e-09,-9.297818359446375e-13,-6.076026244688453e-13,-1.4497200114271552e-12,-1.4370333646328667e-12,-5.792243409036422e-13,2.5902877779386163e-12,-1.597890541520029e-12,4.3712854908073253e-13,1.0365827019799276e-12,-4.360528782612649e-13,-1.2423029525443673e-12,-6.076026690442122e-13,-4.945795760613065e-13,4.824529407297343e-13,-1.7539011812559366e-13,-6.361822668723826e-13,-6.197141130262838e-13,2.3692655904699528e-09,-1.2247629902200231e-09,-1.608793038366374e-09,2.3077703705002754e-12,2.916420090679295e-14,-8.650472687594852e-13,-4.393525898265215e-12,-4.504070287101724e-12,2.6924378957734166e-13,-4.3605277250968975e-13,2.1272751961669657e-12,-3.680505052336129e-13,-2.050464752920572e-13,-1.3899887847657393e-09,-1.172324211550218e-12,-1.628246052710993e-09
-2.5447185282062725e-08,-8.237292321341371e-10,-1.7460705016220957e-09,1.9299427979912546e-12,-6.748888856903758e-13,-6.14193163051518e-10,-2.5433501635282328e-08,-1.0428579475171831e-13,4.20392351516305e-11,-2.720572777405326e-09,9.950569730081273e-13,-2.712226646780523e-10,-1.7478758318049892e-09,-9.352796863325071e-13,-1.5149630597354262e-09,-4.43878078502076e-13,6.483747926717039e-13,3.1819670560706453e-12,-2.8134602683538776e-09,5.211888267184511e-13,5.828515469244185e-13,-1.3487315477123368e-12,-5.833772073604336e-13,-6.14193163051653e-10,-3.111727711947173e-12,-1.5821682176764259e-12,-1.1322355114428158e-12,2.2191136576538896e-12,-4.438779533443737e-13,-2.4240589794625125e-12,2.674380094190295e-12,-7.353435234547538e-13,6.802928833942642e-13,-6.906845921229166e-13,-1.4814315605367956e-12,2.664832469221071e-12,-1.493935371363026e-12,-1.5009238436433105e-12,3.1819670547228474e-12,-1.9258530713265423e-12,-5.291820312238709e-13,-4.438780735067445e-13,-5.833771891411513e-13,-3.671950462985509e-10,-1.3221650472038339e-12,-1.107266441011903e-12,-4.0724364438662764e-13,-1.1668123647565848e-12,-9.855374696499942e-10,-7.245156863080816e-10,-1.737692551507801e-13,-8.332014202022747e-10,-7.182380260602162e-13,-6.14193163051632e-10,-1.881974618302976e-10,-1.1525045141160776e-12,-1.3487315143002717e-12,-1.7460705016218006e-09,-6.141931630516111e-10,1.8196118711821657e-12,-9.769483844013817e-13,-1.3487316185792064e-12,-1.5368076742462323e-12,-8.332014202022377e-10,2.5527421501553754e-12,-1.925853093757635e-12,3.8075939262730695e-12,-7.353435234546666e-13,-1.3487316119684789e-12,2.6743799671767687e-12,2.674380092306726e-12,-1.3487316058270895e-12,-1.0428578151550761e-13,-2.8182862453093237e-09,-1.0479317173684278e-12,-8.366275414240347e-13,-1.4939353691328634e-12,-1.536807674246309e-12,-9.141951644738096e-13,2.254801806557079e-12,-1.2183636980101399e-12,-4.317105995957233e-13,6.379710480494564e-13,-4.4387798925376827e-13,-1.5669342166609233e-12,-8.366276334751834e-13,-5.833772625992049e-13,-1.6262003142806944e-09,5.09362775509935e-14,-7.723291838481991e-13,-6.850938200690334e-13,1.7909050312995346e-09,-1.3380379557318292e-09,-1.514963059735515e-09,2.674380092304323e-12,2.2095128022365154e-13,-8.655773517005738e-13,-4.076781569762403e-12,-4.171899781366904e-12,2.282515715611992e-13,-4.4387805564564345e-13,2.6850502337215443e-12,-7.353436337150579e-13,9.402179910242899e-13,-1.5151997287195868e-09,-1.3487316184931204e-12,-1.7973645761142455e-09
0.9999998980938066,0.9999999221253865,0.9999999240622546,-3.8742671414352505e-12,-5.168209458967088e-14,5.6243538166244335e-14,-1.0428579475171831e-13,0.9999999176405724,0.9999999406651757,0.9999999405794964,1.9060936789225205e-12,0.999999943001922,-9.461150623661718e-13,0.9999999449204241,2.6863729282306184e-13,3.36383246517646e-12,-2.2442367577081143e-12,4.841636322119495e-12,0.9999999350915032,7.821395840224571e-13,1.63640129320361e-12,0.9999999401322259,0.9999999458085521,5.6243721207410586e-14,-3.479002616724787e-12,0.9999999407432988,0.9999999187477338,1.3351874421529552e-12,3.363832256907153e-12,9.082910977374728e-09,2.4334577487889675e-12,8.516477275292873e-13,2.93017912340882e-12,1.1462083865108795e-12,0.9999999414759808,-1.0068255980933874e-12,0.9999999443498626,4.762446240036217e-12,4.8416368192742664e-12,5.9921460153423156e-12,2.506750852466763e-12,3.3638326134980198e-12,0.9999999458085519,2.104503652687361e-12,1.4613128778113345e-12,0.9999999295059787,1.2210337526816004e-12,0.999999946319716,-1.5421607904310459e-12,-2.380993117711759e-13,0.9999999411871511,3.4296023166311855e-12,0.9999999497915175,5.624343099780634e-14,6.861962674985066e-13,0.9999999423680996,0.9999999401322247,0.9999999240622527,5.6243743492271404e-14,3.703069676058852e-12,4.35039220557659e-12,0.9999999401322264,0.9999999399399383,3.4296013457724465e-12,-1.4548791857886097e-12,5.992146564377767e-12,5.966835861675327e-12,8.516472749690207e-13,0.9999999401322256,2.4334579297303366e-12,2.4334584144764175e-12,0.9999999401322253,0.9999999427715442,0.9999999098672703,0.9999999419917172,2.4825287017885143e-12,0.999999944349865,0.9999999399399396,-1.7073634658976024e-12,2.1155597870364394e-12,2.5435328308690076e-09,-1.6206070163924016e-12,-4.015228733037662e-14,3.3638325483365156e-12,0.9999999372157217,2.482528750494223e-12,0.9999999458085517,4.819718534876305e-12,0.9999999279247342,1.5067719342840292e-12,0.9999999401527391,1.7500778170412336e-12,-4.3265098035973767e-13,2.686370242057247e-13,2.43345827633248e-12,0.9999999497309917,0.9999999428459744,-6.599541413349893e-12,-7.066335649132188e-12,3.6313282590541785e-13,3.3638322415217524e-12,4.307074435375437e-12,8.51647748935512e-13,4.102494754353516e-12,1.2000882234111823e-13,0.9999999401322271,0.9999999287692841
0.9999998963890683,0.999999920357765,0.9999999234454263,-5.222354179411771e-12,-1.397294236116462e-09,2.340593909365359e-13,4.20392351516305e-11,0.9999999406651757,0.9999999127622996,0.9999999392393932,1.3216160670657118e-12,0.9999999409603675,-7.529028361934093e-13,0.9999999434685595,5.617927313094932e-13,3.5911075567329164e-12,-3.4392568366113086e-12,4.257534984550239e-12,0.9999999341686621,1.0769244820858528e-13,1.6617546789668595e-12,0.999999938754756,0.999999944634926,2.340595365861456e-13,-2.6528645646518666e-12,0.9999999398196366,0.9999999168460352,2.6818809355279878e-11,3.591107396129141e-12,1.3609720476563251e-08,1.4315019486236523e-12,1.1885104271251405e-12,2.2233240374933706e-12,2.0078493664578563e-12,0.9999999404181933,-2.2975025874730344e-12,0.9999999433363098,4.8770074382794685e-12,4.2575354317335336e-12,6.395057890362579e-12,3.3179723175105302e-12,3.591107719045924e-12,0.9999999446349235,2.2892629050279038e-12,2.4231924305692686e-12,0.9999999282798967,1.494596987279866e-12,0.9999999452357051,-1.5281061515675552e-12,-1.1347871633399336e-13,0.9999999390071821,3.661526832985082e-12,0.9999999494301891,2.3405927960246787e-13,9.21182002555834e-13,0.9999999410468146,0.9999999387547563,0.9999999234454233,2.340596012433145e-13,1.4838508480919264e-12,5.290500819799861e-12,0.9999999387547561,0.9999999386775107,3.66152577869352e-12,-2.7212668295964298e-12,6.395058394879238e-12,5.275851862659888e-12,1.1885099858258789e-12,0.9999999387547552,1.4315020678074954e-12,1.4315025233197718e-12,0.999999938754756,0.9999999406651757,0.999999908382255,0.9999999409296781,2.8283709365702172e-12,0.9999999433363117,0.999999938677511,-3.7219035733932023e-13,1.5517456529751838e-09,3.5758165575441526e-09,-1.9350944485731184e-12,-2.402839357395332e-13,3.5911076738939754e-12,0.9999999363494604,2.828370808707552e-12,0.9999999446349235,5.812481299806848e-12,0.9999999262216765,1.8979994650070494e-12,0.999999938731926,1.5395655912133117e-12,-1.6480360463944368e-13,5.617924924089312e-13,1.4315023770235248e-12,0.9999999477115643,0.9999999417545321,-4.9234295599181976e-12,-5.1955000482033426e-12,3.270421237903067e-13,3.591107432942237e-12,4.020928328865171e-12,1.1885103098732477e-12,1.7658074969539382e-12,4.590195227608997e-13,0.9999999387547572,0.9999999273533302
0.9999998973181704,0.9999999194379625,0.999999919894831,4.911735197593699e-13,1.7801044661581931e-12,-1.2378993687365672e-12,-2.720572777405326e-09,0.9999999405794964,0.9999999392393932,0.9999999149071682,3.828706000342867e-12,0.9999999408027713,-7.418819375159727e-13,0.9999999422573185,-6.194062451929347e-13,3.220766076503318e-12,-1.332593609949872e-13,-5.5864845445209246e-14,0.9999999339481184,2.4640732100055188e-12,-1.3892680972605085e-13,0.9999999395665273,0.9999999434156839,-1.237899155577255e-12,-4.764307906827887e-13,0.9999999435538016,0.9999999179345521,4.805300564809722e-12,3.2207659305535698e-12,2.001974464743471e-12,7.449736175960288e-12,1.3265127954888806e-12,7.218717928929472e-13,2.832228443488001e-12,0.9999999413172554,4.2490868599033076e-13,0.9999999438360341,4.006874712216898e-12,-5.58643748714786e-14,3.1185004503407216e-12,3.447551443620594e-12,3.2207662485613246e-12,0.9999999434156815,1.489234509535881e-12,2.843100557904985e-12,0.9999999292659586,1.3400812133882031e-12,0.9999999435849427,-1.176132194109326e-12,-1.3890704397393717e-12,0.9999999394422395,3.1749456225381694e-12,0.9999999449848713,-1.2378994973642933e-12,-1.4843143582027532e-12,0.9999999411427568,0.9999999395665258,0.9999999198948273,-1.2378991135313586e-12,3.924899592972937e-12,4.4406579118489234e-12,0.9999999395665258,0.9999999410298976,3.174944676613129e-12,-4.885863612844903e-13,3.1185009924869906e-12,3.364376727620886e-13,1.3265122663926424e-12,0.9999999395665266,7.449736297313248e-12,7.449736696157057e-12,0.9999999395665262,0.9999999405794965,0.9999999086093699,0.9999999436314176,2.802271206713359e-12,0.9999999438360356,0.9999999410298992,1.279687205125242e-12,-9.550934032093114e-13,9.375306340303815e-13,-5.479347628391895e-12,4.732844159448179e-12,3.2207662083642283e-12,0.9999999393911212,2.802271210078583e-12,0.9999999434156811,4.390619764207204e-12,0.9999999309451809,1.4305212331912517e-12,0.9999999372950498,3.286989126234831e-13,-2.3655091481274444e-09,-6.194063309383371e-13,7.44973649501762e-12,0.9999999458379143,0.9999999438430242,7.306198799449151e-13,-3.376853996734344e-13,-8.155779438237533e-13,3.2207659195363504e-12,-1.4523663813836735e-13,1.326512739333899e-12,2.242645190842377e-12,-7.350518911633865e-13,0.9999999395665266,0.9999999281548606
-1.7810669380326254e-08,3.290756352547947e-13,2.883096944332851e-12,-2.3683014714813414e-09,7.33167259659932e-13,1.1670220425174e-13,9.950569730081273e-13,1.9060936789225205e-12,1.3216160670657118e-12,3.828706000342867e-12,-3.4066346253040075e-08,2.340382438450156e-12,1.7390787384860326e-12,1.4188192276327367e-12,1.3738163105434274e-12,1.0065648854094297e-12,-8.224166802628848e-09,-5.095550360154092e-12,6.035580110904805e-09,-4.538826711019188e-09,-1.1201285075615118e-12,3.4142223116193944e-12,2.553249397354393e-12,1.1670210177512654e-13,5.850841846902824e-12,4.3728700639715484e-12,2.7781560156460345e-12,-2.8775365451758377e-09,1.0065648484922827e-12,1.0945022251187599e-08,-8.34255784760598e-09,2.7478517995182296e-12,1.527964285307896e-12,7.507196791296479e-09,3.3878687207121407e-12,-8.070677991666478e-09,3.262351974092573e-12,-5.120720274630494e-09,-5.0955503601535086e-12,-2.9195962988782006e-09,5.594841618895665e-09,1.0065648311789476e-12,2.553249397354393e-12,4.095167991333834e-13,8.692273822137422e-13,3.5760666914296308e-12,2.133290397694925e-12,2.4988560011536454e-12,2.1436234953783356e-12,2.3561202564476245e-13,1.8751894579337755e-12,1.1725632226721218e-12,3.2121457383166088e-12,1.1670211906818192e-13,-1.827659702337457e-13,2.909600969827859e-12,3.414222288408553e-12,2.88309694391316e-12,1.1670210027475195e-13,-1.9038050369824608e-08,-4.720065382825478e-13,3.4142222849522765e-12,3.6072157045357996e-12,1.1725632460836228e-12,-5.774780306737131e-09,-2.9195962988782192e-09,-7.314169431611067e-12,2.747851698759809e-12,3.414222311321642e-12,-8.342557847605922e-09,-8.342557847605727e-09,3.4142223113210044e-12,1.9060936657466376e-12,3.3190176476220363e-12,4.1788301137264244e-12,2.4347172407255447e-12,3.2623519897976954e-12,3.6072156757262112e-12,1.0158378797220594e-08,-3.827864547368066e-12,-1.8483012047253301e-09,4.617478189131253e-12,3.4000061923682296e-09,1.0065648578231635e-12,5.97609560267911e-12,2.434717229791178e-12,2.5532493599521976e-12,-6.237694103267909e-13,-1.3538861142346996e-10,1.6009868993472505e-12,2.360401226360658e-12,-1.854604602031466e-12,1.914630122778804e-12,1.3738163105434274e-12,-8.34255784760586e-09,-8.123598947552625e-15,3.487165617258598e-12,1.0817731129940875e-11,1.0765744912665634e-11,-4.5268969482250074e-13,1.0065648312170096e-12,-4.991267924426664e-12,2.747851726871907e-12,-1.4879271698009771e-08,1.7747577940054156e-12,3.414222282416592e-12,5.663560409693729e-09
0.999999898284878,0.9999999225918689,0.9999999240681046,-3.620793933406867e-12,-2.7182982457082545e-13,-3.225901670141693e-14,-2.712226646780523e-10,0.999999943001922,0.9999999409603675,0.9999999408027713,2.340382438450156e-12,0.9999999181081426,-1.0236699954311648e-12,0.9999999452671934,2.0298920964282022e-13,3.326484818811271e-12,-1.4419713830408545e-12,4.969049172262921e-12,0.9999999352934794,1.0921801156769105e-12,1.6657444445467604e-12,0.99999994034697,0.9999999459505862,-3.225883453441491e-14,-3.882514113129202e-12,0.9999999410158668,0.9999999188118937,1.5154446600104512e-12,3.326484626540415e-12,7.720678545573099e-09,2.8803350232053543e-12,6.835432290614924e-13,2.7503138737095684e-12,9.82709798002726e-13,0.9999999417250556,-7.958283138094574e-13,0.9999999446058234,5.217818095016851e-12,4.969049567230211e-12,6.23094769891128e-12,2.374840653342751e-12,3.326485030956806e-12,0.999999945950583,2.064513722270362e-12,1.0208633843646524e-12,0.9999999297635852,1.0495110698641829e-12,0.9999999464961081,-1.6950807443820495e-12,-3.391281109113287e-13,0.9999999414327582,3.4045874260072562e-12,0.9999999497037734,-3.2259124534207214e-14,6.186591319276434e-13,0.999999942594234,0.9999999403469688,0.9999999240681015,-3.225883473334134e-14,4.592563377352415e-12,3.950232316320582e-12,0.9999999403469692,0.9999999402511919,3.404586434501718e-12,-1.3523004345612576e-12,6.230948257573033e-12,5.909385636492415e-12,6.835427076219647e-13,0.9999999403469692,2.8803352329603616e-12,2.880335705988719e-12,0.9999999403469688,0.9999999430019214,0.999999909942781,0.9999999422994538,2.35383377320277e-12,0.999999944605826,0.9999999402511923,-1.8858197194461967e-12,1.974619209514814e-12,2.7337164695177034e-09,-2.0018586517942563e-12,6.492124676524062e-14,3.3264849221047497e-12,0.9999999373879391,2.3538337258462563e-12,0.9999999459505858,4.4303998089428266e-12,0.9999999286214688,1.4013489960820008e-12,0.9999999403485439,1.6349543965901684e-12,-1.0502569087454091e-09,2.0298894072789063e-13,2.8803355455524188e-12,0.9999999501224048,0.9999999431993746,-6.3619760993653195e-12,-6.88377132849691e-12,3.0008293540200496e-13,3.3264846618895614e-12,4.228120686653405e-12,6.835430908872946e-13,4.738706065044129e-12,1.5390421810005436e-14,0.9999999403469698,0.9999999290415994
-2.441582791630514e-08,-8.192800973000416e-10,-1.9346147168815127e-09,1.7536457630781141e-12,2.7514245264729823e-13,-1.333336924260756e-09,-1.7478758318049892e-09,-9.461150623661718e-13,-7.529028361934093e-13,-7.418819375159727e-13,1.7390787384860326e-12,-1.0236699954311648e-12,-2.5712647715978845e-08,-7.209627652378291e-13,-1.3705394040141405e-09,-1.8549967233318607e-13,1.2477760989031958e-12,-1.9965004438740006e-12,-1.3991689086939227e-09,1.0165062943302258e-12,-6.810405223765787e-13,-6.699960879686742e-13,-7.722665324954128e-13,-1.3333369242608183e-09,6.154576764009403e-13,2.9981606695657467e-13,-5.071771069257137e-13,1.3531529346655859e-12,-1.8549963840335677e-13,-1.2596663685611988e-12,3.064901381807754e-12,6.424267418927383e-13,-2.288267098975727e-12,5.93467295808717e-13,-4.387715196649205e-13,1.0114218554179498e-12,-4.345706243720389e-13,1.653879019723311e-13,-1.996500692347973e-12,-1.0750061310235252e-12,4.1078843583165826e-13,-1.8549967233318607e-13,-7.722665233840698e-13,-3.094614707661182e-13,1.9279182643820416e-09,-9.184959197843725e-10,5.39769993781986e-13,-8.766253432325772e-13,-6.498360020289532e-10,-1.2843274093724366e-09,-8.236422465882775e-13,-2.713234567527757e-13,-1.2999456226794496e-12,-1.3333369242608243e-09,-2.0247091678788785e-09,-6.957773321653526e-13,-6.699960946368694e-13,-1.9346147168811955e-09,-1.333336924260804e-09,8.873704894775758e-13,5.929987015107008e-13,-6.699960715300867e-13,-2.1200417159959575e-13,-2.7132349383421475e-13,3.421147191392203e-13,-1.0750060871647393e-12,-2.0080896895477426e-12,6.424266263799241e-13,-6.699960747872517e-13,3.0649013636288123e-12,3.0649014571600883e-12,-6.699960809229424e-13,-9.46115107550779e-13,-1.3586861262421014e-09,-1.6789836754137638e-14,6.56878602888042e-13,-4.3457063286167403e-13,-2.1200417749812336e-13,1.2648035861921364e-12,-1.858769439261759e-12,6.674064223670967e-10,-3.4283527424605444e-12,2.0416340816107697e-12,-1.8549975360868667e-13,-2.384657330841198e-13,6.568787578055376e-13,-7.722665982954448e-13,3.8870270003305127e-13,1.2783387694079744e-12,-2.34806417637596e-13,-9.672309434069087e-13,-4.4301889347244544e-13,-1.5548691800946432e-09,-1.3705394040142419e-09,3.0649013636288123e-12,-8.519046660751286e-13,-1.3688651384512943e-14,2.513099565168358e-12,2.2886041137747097e-12,-6.536267694818109e-13,-1.8549967467463664e-13,-1.6579773241444515e-12,6.424268807685202e-13,-8.305337438813639e-13,-1.452498013687672e-09,-6.699960971518535e-13,-8.668617103296575e-10
0.9999998990497853,0.999999919672402,0.9999999219797451,4.423485439292202e-09,2.6555572195119528e-12,-1.0513047102718146e-12,-9.352796863325071e-13,0.9999999449204241,0.9999999434685595,0.9999999422573185,1.4188192276327367e-12,0.9999999452671934,-7.209627652378291e-13,0.9999999177679514,-7.420185528421142e-13,3.034225182836226e-12,-3.620114120359051e-12,1.783828158985408e-12,0.9999999347962972,1.2919649651162528e-12,-8.021591785014328e-14,0.9999999416231415,0.9999999461442769,-1.051304562255836e-12,-9.224543493848665e-13,0.9999999447577993,0.9999999206709365,7.030972218280404e-12,3.0342250280375123e-12,2.122160568200919e-12,7.070856976993578e-12,1.2133180926634407e-12,4.618418062478839e-12,3.350338028263259e-12,0.999999942457842,4.07964030199997e-09,0.999999944433361,-9.10163184894247e-13,1.7838286607448626e-12,-6.81695653157106e-13,7.3954708257050476e-09,3.0342253979635006e-12,0.9999999461442753,1.4150881308947747e-12,3.0605340482363657e-12,0.9999999312977548,1.4908314895315221e-12,0.9999999449914323,-1.1786941444570126e-13,-1.1083261820829052e-12,0.9999999435143128,2.9987417865965976e-12,0.9999999483679539,-1.0513048860432917e-12,-1.3983078720280523e-12,0.9999999430607341,0.9999999416231407,0.9999999219797424,-1.0513045463909399e-12,2.564792937061245e-13,4.4109244314742575e-12,0.9999999416231407,0.9999999418836776,2.9987408001708135e-12,4.715292023628441e-09,-6.816950916509655e-13,3.1773316980445167e-12,1.2133176333242947e-12,0.9999999416231401,7.070857097558359e-12,7.070857577477947e-12,0.9999999416231403,0.9999999449204247,0.9999999107961328,0.9999999456094791,2.2900048827186228e-12,0.9999999444333629,0.9999999418836789,1.5271046894707157e-12,2.237349129382268e-12,-1.7394938225949727e-12,-2.0394719780296445e-09,5.588489730325411e-12,3.0342253369248027e-12,0.9999999422311695,2.2900048268902136e-12,0.9999999461442757,4.381955937848433e-12,0.9999999300469938,1.3111145749911487e-12,0.9999999400536108,1.4145406483553146e-12,-8.418413359219015e-13,-7.420188324994848e-13,7.0708574946389336e-12,0.9999999482283279,0.9999999454529384,-2.864237749378253e-12,-3.987996451361167e-12,-2.403429948609465e-13,3.034225137224802e-12,2.0312118295853114e-12,1.2133180184055025e-12,2.830598173661776e-13,-5.486073918315556e-13,0.9999999416231418,0.9999999300695568
-2.3826420036426072e-08,-5.452314150389217e-10,-1.8169612150811742e-09,4.03556206884186e-12,2.90345917146674e-13,-1.6087930383663657e-09,-1.5149630597354262e-09,2.6863729282306184e-13,5.617927313094932e-13,-6.194062451929347e-13,1.3738163105434274e-12,2.0298920964282022e-13,-1.3705394040141405e-09,-7.420185528421142e-13,-2.7461610026776686e-08,-5.020968118215685e-13,8.597317591055961e-13,3.2949314102580853e-13,-9.201804496825818e-13,1.02814753234645e-12,-3.773827036987359e-13,-5.816288699620449e-13,-2.720337784888657e-13,-1.6087930383664582e-09,-1.3788084092242815e-12,1.8566981750840526e-13,-2.1400255715326498e-13,3.766166684469637e-12,-5.020967807957824e-13,-3.615174123357645e-12,4.617982513893278e-12,-1.8086633732148332e-13,-5.295869056163573e-14,1.8667713062545592e-13,-6.516799329491674e-13,3.3481463007293438e-12,-7.578913919106257e-13,-2.5307169550384757e-12,3.2949321906433785e-13,-3.716150119707193e-12,-1.8549339427291362e-14,-5.020968779289165e-13,-2.720337590798761e-13,-4.770836752284218e-13,4.028774886361636e-13,-2.678553152126573e-13,-3.223613636112288e-14,-9.159107522078484e-13,-1.5131327519093774e-10,-1.4632338867177598e-09,3.196323075070405e-13,-5.692468577493117e-13,-8.994401164433447e-13,-1.6087930383664619e-09,-2.410481470604913e-09,-6.007372715387939e-13,-5.816289033491973e-13,-1.8169612150808886e-09,-1.608793038366438e-09,1.1569814208096048e-12,2.7589766306728236e-14,-5.816288772813666e-13,-4.440924905311282e-13,-5.69246892737977e-13,3.135309207918649e-12,-3.716150223632043e-12,5.652883974156547e-13,-1.8086618462398738e-13,-5.816289202680567e-13,4.6179825138888095e-12,4.617982513893278e-12,-5.81628864681284e-13,2.6863731829157e-13,-1.3212707273348516e-09,2.4842593570980527e-13,-4.056313792535633e-13,-7.578914700314469e-13,-4.4409244195887703e-13,4.926759090333652e-13,6.0101906658549e-13,-1.4159443887324686e-12,-1.5374374378935026e-12,2.9348756578549285e-12,-5.020968077077231e-13,-2.7043173114851708e-14,-4.0563137928337764e-13,-2.720337833457445e-13,-1.2723531300763123e-13,1.4259907358090186e-12,-7.888343468556341e-13,-5.006892239767822e-13,3.592277343073031e-13,-1.9391091209497098e-09,-2.330773502174521e-09,4.6179825138888095e-12,7.657656615819982e-14,2.2517898779043196e-13,-5.930212107216937e-13,-1.0073962301219217e-12,-3.308885658706542e-13,-5.020968077075437e-13,3.5299931124387687e-14,-1.808662927814435e-13,-2.584050774666462e-13,-2.1900331076629564e-09,-5.816288955420384e-13,-3.4581648659204294e-10
-1.674433054948851e-08,3.1826770089057054e-12,2.648951863456561e-12,2.0475876653893597e-12,5.860215015192548e-13,-4.3605279927318794e-13,-4.43878078502076e-13,3.36383246517646e-12,3.5911075567329164e-12,3.220766076503318e-12,1.0065648854094297e-12,3.326484818811271e-12,-1.8549967233318607e-13,3.034225182836226e-12,-5.020968118215685e-13,-2.56036662063391e-08,1.0562363071733057e-12,-6.155391198843463e-13,3.0423088962696925e-12,8.742555327894735e-13,-8.544418879018921e-10,3.246501139483993e-12,3.0375139959477205e-12,-4.360528311557518e-13,-6.451455851632029e-14,3.6061846198454246e-12,6.746862259847922e-09,1.839529779716397e-12,-4.727562688430649e-10,-1.967598805973765e-12,2.251961122079549e-12,-1.569962230485177e-13,-2.232718270410966e-13,8.094606597310098e-14,3.2280794791401713e-12,1.4054704354644153e-12,3.1200536828857102e-12,-4.683677647885516e-13,-6.155389018869344e-13,-1.176005105099541e-12,-8.921072766553543e-14,-4.727562688430896e-10,3.0375139921787318e-12,-5.957056809432518e-10,-6.652042863669341e-14,3.2806220971361063e-12,-1.5453254432113386e-13,2.9039895806994564e-12,-6.549454139745797e-15,-3.7582347048612305e-13,3.421028246269877e-12,-5.540985181811252e-10,2.5375615728651786e-12,-4.360527504295123e-13,-7.005480782395058e-13,3.1788325991259088e-12,3.246501144341665e-12,2.6489518628293918e-12,-4.360527515626181e-13,1.2373815596677304e-12,-3.374775001201362e-13,3.2465010806286197e-12,3.3952114660366625e-12,-5.540985181810947e-10,1.2923484348692334e-12,-1.176005098403997e-12,-5.874513275972509e-13,-1.569962240230814e-13,3.246501120513474e-12,2.2519612160835075e-12,2.2519611423984152e-12,3.2465011443420856e-12,3.363832317714959e-12,3.184177184656337e-12,3.5066725353153375e-12,-2.0913742553592136e-13,3.1200536553794838e-12,3.3952115340093516e-12,2.0757060722139006e-13,3.5161948807208587e-15,-4.159528667759645e-13,-1.0635458698733681e-12,1.533305610047877e-12,-4.727562688430789e-10,3.439974289506778e-12,-2.0913740221262074e-13,3.0375140038285133e-12,-4.820021338673357e-13,4.0438588041160065e-12,-6.577000723991623e-10,3.039631720550066e-12,-2.4380842016216654e-10,-4.607934223141061e-13,-5.020968077077514e-13,2.251961157435828e-12,3.1575178089045137e-12,3.45764699750856e-12,5.628695508521027e-13,2.994438519724187e-13,-5.469151761596887e-10,-4.727562688430736e-10,-6.285660254288172e-13,-1.5699635475867025e-13,6.029979197158861e-13,-5.053278955401558e-13,3.2465010806286197e-12,6.627303874835263e-09
