1.0000000060593852,-3.4546003492368946e-06,-3.225813190418784e-06,-3.5093812191295384e-06,-3.2774840773987654e-06,-3.229250590375548e-06,-3.2695993673190844e-06,1.0000232796802846,-3.287918954892773e-06,1.000024379728272,-3.2672096807022176e-06,1.0000232702437257,-3.2703644103166306e-06,1.0000241585572576,-3.3679686696154532e-06,1.0000234428630876,1.0000230913381254,-3.2245358315722723e-06,1.0000232288747903,1.0000242554581267,1.0000243873945542,1.0000243873945542,-3.285763685791092e-06,-3.644614796011703e-06,1.0000240258188742,1.0000241108024697,-3.3608429530457672e-06,-3.3854788018864506e-06,-3.4499764911234868e-06,-3.6771340193279273e-06,-4.496171655193673e-06,-3.2266270909145834e-06,-3.2497729995970343e-06,1.0000241585572616,-3.4546003478019767e-06,-3.508323844887037e-06,-3.2188449849271137e-06,-3.2292505900370444e-06,1.00002327024372,1.0000244464529175,-3.223245804701952e-06,1.0000232240418265,1.0000232426094688,1.0000230055578558,-4.384437453036338e-06,-3.31177887817511e-06,1.000023711838423,-3.454600849093209e-06,-4.140414622853294e-06,1.0000232796802848,1.0000243145160763,-3.2492634937557173e-06,-3.224535831342338e-06,-3.297240156717828e-06,1.0000241299711816
-3.4546003492368946e-06,-5.8567444870127795e-06,9.470678521697465e-17,3.308521656893226e-13,1.0962614095430227e-16,9.576207454582206e-17,1.0578244373286947e-16,-5.985895247069688e-07,1.1276112996362535e-16,-3.008542014450453e-10,1.0509736568163605e-16,-5.985895188178264e-07,1.0722735120612156e-16,-3.0085413353703546e-10,1.3492647100018274e-16,-5.985896250753391e-07,-5.985894090785971e-07,9.435843313116172e-17,-5.985894934383739e-07,-3.008541632484692e-10,-3.008542040469168e-10,-3.008542040284018e-10,1.1195986962972592e-16,2.0503650576104854e-16,-3.0085409233305705e-10,-3.008541186350288e-10,1.3268601563039257e-16,1.3656757015522296e-16,3.009169861844237e-13,4.1648632917354687e-13,8.311397522440667e-13,9.510716510919218e-17,1.0338463098759229e-16,-3.0085413353703546e-10,3.036945749342308e-13,3.30252725648749e-13,9.46476729468824e-17,9.576214419038864e-17,-5.985895188178265e-07,-3.008542225035207e-10,9.594558145589555e-17,-5.985894904339734e-07,-5.98589501797042e-07,-5.985893560701516e-07,7.596828721370136e-13,1.1710495745594457e-16,-3.0085399509839645e-10,3.037697680255909e-13,6.481380124610251e-13,-5.9858952470697e-07,-3.008541814817176e-10,1.030970475943422e-16,9.42882896021668e-17,1.1432857840330698e-16,-3.008541247316745e-10
-3.225813190418784e-06,9.470678521697465e-17,-5.856744675143842e-06,1.0317080306127144e-16,6.784741948988209e-17,1.181342307791795e-13,1.305251494943637e-13,-1.8586358311170978e-10,7.013097322881953e-17,-1.8586379261836454e-10,1.2955103814106768e-13,-1.8586358135476958e-10,6.653324176230073e-17,-1.8586375062334307e-10,8.377828143433971e-17,-1.8586361437540087e-10,-3.698007120322195e-07,1.163883559091367e-13,-1.858635734356099e-10,-1.8586376904257446e-10,-1.8586379419970422e-10,-1.8586379418768542e-10,6.963963491870293e-17,1.2718794716961773e-16,-1.8586372516933896e-10,-1.8586374169225205e-10,8.237944941376439e-17,1.6847793994624772e-13,9.375818129073095e-17,1.2986400003774347e-16,2.59101154508534e-16,1.1729084523965467e-13,6.398945184081169e-17,-1.858637506234426e-10,9.460501509133794e-17,1.03025869935335e-16,5.867469509001771e-17,1.1813423095796164e-13,-1.8586358132487757e-10,-1.8586380566691653e-10,5.937779129610384e-17,-1.8586357261982221e-10,-1.858635760548456e-10,-3.698006793053708e-07,4.714694140880685e-13,7.268230504317254e-17,-3.698009466012946e-07,1.884202172559954e-13,2.0201563197692174e-16,-1.8586358312055374e-10,-1.8586378023405326e-10,6.398446690424702e-17,1.1638835620041198e-13,7.089027042983304e-17,-1.8586374518544069e-10
-3.5093812191295384e-06,3.308521656893226e-13,1.0317080306127144e-16,-5.856744434732338e-06,1.1926105256818208e-16,1.0425868631278246e-16,1.1529949001175217e-16,-6.533707780308248e-07,1.230084662508212e-16,-3.283875438960261e-10,2.2754732110948806e-13,-6.533707715997608e-07,1.1710161572103272e-16,-3.283874697021833e-10,1.4696417525343726e-16,-6.533708876136216e-07,-6.53370651789257e-07,1.0268769441193799e-16,-6.533707438910512e-07,-6.533714318014559e-07,-3.2838754666504836e-10,-3.2838754674508724e-10,1.2219250382928714e-16,2.232246599980788e-16,-3.2838742415914935e-10,-3.283874536730929e-10,1.4444704623012975e-16,1.488794947507778e-16,3.278204533858015e-13,4.5372844838946414e-13,9.054500383578211e-13,1.0361973640561337e-16,1.1226088728285717e-16,-3.283874696771913e-10,3.308521669749865e-13,3.5977581036302596e-13,1.0321496408509009e-16,1.0439816893142554e-16,-6.533707715997608e-07,-3.2838756691690437e-10,1.0450685175357824e-16,-6.533707406104422e-07,-6.533707530159353e-07,-6.53370593912001e-07,8.274020900214457e-13,1.2776467910855639e-16,-3.283873187369024e-10,3.309350646119056e-13,7.060492516448434e-13,-6.533707780308257e-07,-3.2838752211267657e-10,1.1245171536484518e-16,1.0275004691031767e-16,1.2465845028635764e-16,-3.2838746026280117e-10
-3.2774840773987654e-06,1.0962614095430227e-16,6.784741948988209e-17,1.1926105256818208e-16,-5.8567446343724574e-06,6.875249217537604e-17,7.59564798092235e-17,-4.2147199592658523e-07,1.6080839105137655e-13,-2.118340109277085e-10,7.54780140054407e-17,-2.118337706511879e-10,1.529930176258627e-13,-2.118339634331608e-10,9.662947495219605e-17,-2.1183380801694878e-10,-4.214719147183574e-07,6.804023704088713e-17,-2.1183376170516305e-10,-2.1183398411569672e-10,-2.1183401287755043e-10,-2.1183401296187754e-10,8.069881683682565e-17,1.4698150486639635e-16,-2.1183393421958413e-10,-2.1183395279395906e-10,9.461624428014412e-17,9.785480439920789e-17,1.0877115848393477e-16,1.502212162329186e-16,2.9992519392092757e-16,6.807433914620333e-17,7.438079039707788e-17,-2.1183396329312373e-10,1.0963345367092278e-16,1.1913677741457629e-16,1.3483308098542234e-13,6.87200874157984e-17,-2.1183377065085652e-10,-2.11834025802424e-10,6.940526525710831e-17,-2.1183376063455194e-10,-2.118337646060206e-10,-4.214718775102334e-07,5.468355387716825e-13,1.672172885626588e-13,-2.1183386604239818e-10,1.0965458005440232e-16,2.3405762594833765e-16,-4.2147199592658576e-07,-2.1183399705267265e-10,7.401324041057375e-17,6.778179155347214e-17,1.6291427648484883e-13,-2.1183395705267384e-10
-3.229250590375548e-06,9.576207454582206e-17,1.181342307791795e-13,1.0425868631278246e-16,6.875249217537604e-17,-5.856744671165179e-06,1.3198176177097478e-13,-1.8759124616532947e-10,7.069666824547614e-17,-1.875914576355412e-10,1.3099952698146125e-13,-1.8759124444205953e-10,6.732193217536066e-17,-1.8759141515212344e-10,8.474629441193644e-17,-1.8759127762674092e-10,-3.7323813131179724e-07,1.1768612083011787e-13,-1.8759123638100077e-10,-1.875914337912948e-10,-1.875914592030035e-10,-1.8759145921147502e-10,7.03135728902e-17,1.285936566113631e-16,-1.8759138950580263e-10,-1.8759140583224135e-10,8.322208723332786e-17,1.7034072441974585e-13,9.486795300498434e-17,1.3133294782571543e-16,2.61864132578062e-16,1.185956357796187e-13,6.462530896019666e-17,-1.8759141519477347e-10,9.576207454582206e-17,1.041556646710776e-16,5.924635937053235e-17,1.194482557867688e-13,-1.8759124444205953e-10,-1.875914707045341e-10,6.016809642565934e-17,-1.8759123551883854e-10,-1.875912391021834e-10,-3.7323809829088626e-07,4.768676080234134e-13,7.348419129691962e-17,-3.732383680112408e-07,9.59340972519216e-17,2.0435710842778186e-16,-1.875912461780661e-10,-1.8759144515958392e-10,6.448395705885707e-17,1.1768612112154141e-13,7.16176678216296e-17,-1.8759140971676531e-10
-3.2695993673190844e-06,1.0578244373286947e-16,1.305251494943637e-13,1.1529949001175217e-16,7.59564798092235e-17,1.3198176177097478e-13,-5.8567446409733005e-06,-2.07870868624475e-10,7.820062284885991e-17,-4.135877259783192e-07,1.447320896909483e-13,-2.078708665905633e-10,7.436090285281237e-17,-2.0787105602872637e-10,9.349566487447375e-17,-2.0787090353268647e-10,-4.1358718005625927e-07,1.300293224111183e-13,-2.0787085779230396e-10,-4.135876735063845e-07,-2.0787110479259215e-10,-2.0787110479259215e-10,7.78021068958936e-17,1.4192179276466155e-16,-2.0787102746004387e-10,-2.0787104578418617e-10,9.173860514907382e-17,1.8823413635644319e-13,1.047608242203637e-16,1.4502190954000933e-16,2.894580736524423e-16,1.3103955481422126e-13,7.162513263394194e-17,-2.0787105600988327e-10,1.0571285858867557e-16,1.1502808337492498e-16,6.557762696658226e-17,1.3198176197131586e-13,-2.0787086660566516e-10,-2.0787111748103682e-10,6.666200024687248e-17,-2.078708567589017e-10,-2.0787086069886418e-10,-4.1358714344759026e-07,5.266350479384429e-13,8.120314082277283e-17,-4.135874424322746e-07,1.0583441032390061e-16,2.2573426567343847e-16,-2.0787086863295955e-10,-2.078710890327419e-10,7.160877883222495e-17,1.3002932273851306e-13,7.915963696387835e-17,-2.0787104999123936e-10
1.0000232796802846,-5.985895247069688e-07,-1.8586358311170978e-10,-6.533707780308248e-07,-4.2147199592658523e-07,-1.8759124616532947e-10,-2.07870868624475e-10,1.0000263192703154,-4.319069317550677e-07,1.0000332760688526,-2.0666979553678876e-10,1.000032166577754,-4.1435228769639845e-07,1.000033054896531,-5.119571697385979e-07,1.0000323391981385,1.0000319876711008,-1.8522157092995245e-10,1.0000321252085778,1.0000331517979706,1.0000332837351784,1.000033283735177,-2.1599516548640818e-10,-7.886052120823955e-07,1.0000329221573725,1.00003300714146,-5.048314134114268e-07,-5.294674726319251e-07,-5.939656416716238e-07,-8.211247342233247e-07,-1.6401680138352847e-06,-1.8627265412694784e-10,-1.97905953728221e-10,1.0000330548965304,-5.98589525931959e-07,-6.523133974729125e-07,-1.823612907736033e-10,-1.8759124635481972e-10,1.0000321665777567,1.0000333427938868,-1.8457317442839397e-10,1.0000321203755853,1.0000321389433326,1.0000319018903243,-1.5284331854339208e-06,-4.5576705352477727e-07,1.0000326081750701,-5.985900269304606e-07,-1.2844085557077038e-06,1.0000321760143702,1.0000332108562746,-1.9764987128241683e-10,-1.852215710699936e-10,-4.4122821500845754e-07,1.0000330263102848
-3.287918954892773e-06,1.1276112996362535e-16,7.013097322881953e-17,1.230084662508212e-16,1.6080839105137655e-13,7.069666824547614e-17,7.820062284885991e-17,-4.319069317550677e-07,-5.856744627549887e-06,-2.170786633580353e-10,7.748507458591773e-17,-2.1707841732687365e-10,1.575767472370686e-13,-2.1707861455756968e-10,9.934151526906615e-17,-2.1707845579729668e-10,-4.3190684859424317e-07,1.3875066017820832e-13,-2.1707840815071267e-10,-2.1707863590714153e-10,-2.1707866523307878e-10,-2.1707866534190188e-10,8.271791930867653e-17,1.5106937775874884e-16,-2.1707858490927325e-10,-2.1707860385766177e-10,9.815463202702733e-17,1.0102433789772169e-16,1.118718067937122e-16,1.548905482631687e-16,3.0913999078270866e-16,1.397869319509911e-13,7.620921591268802e-17,-2.170786144791745e-10,1.1275596402475618e-16,1.2286015293410132e-16,6.944311390275387e-17,7.098344243980966e-17,-2.1707841732567688e-10,-2.1707867857807268e-10,7.162580976530798e-17,-2.17078407071117e-10,-2.1707841119002387e-10,-4.3190681050334714e-07,5.638965392484741e-13,1.7226242110198131e-13,-2.1707851510038673e-10,1.1276913052678025e-16,2.412249982936453e-16,-4.319069317550677e-07,-2.1707864915294058e-10,7.597865712441499e-17,1.3875066048524005e-13,1.677940599388604e-13,-2.1707860835461867e-10
1.000024379728272,-3.008542014450453e-10,-1.8586379261836454e-10,-3.283875438960261e-10,-2.118340109277085e-10,-1.875914576355412e-10,-4.135877259783192e-07,1.0000332760688526,-2.170786633580353e-10,1.000028519380603,-2.06670028521588e-10,1.0000332666322267,-2.08255608947629e-10,1.0000341549519784,-2.5731232713573576e-10,1.0000334392528014,1.0000330877253771,-1.8522177958854591e-10,1.0000332252630046,1.0000342518535257,1.0000343837908765,1.0000343837908772,-4.2975213412704304e-07,-3.9635706936356707e-10,1.0000340222126738,1.0000341071968553,-2.5373088557817404e-10,-2.6611309820159936e-10,-2.985302139380537e-10,-4.127015525058417e-10,-1.6401698630461557e-06,-1.8627286374273005e-10,-1.9790617615212426e-10,1.0000341549519787,-3.008542020928853e-10,-3.2785609886905917e-10,-1.8236149538056954e-10,-1.87591457722085e-10,1.0000332666322258,1.0000344428496508,-1.8457338140374176e-10,1.0000332204300078,1.0000332389977746,1.0000330019445083,-7.681984563454639e-10,-2.2907088570224362e-10,1.000033708230029,-3.008544537314457e-10,-6.455504063109574e-10,1.000033276068854,1.0000343109118908,-1.9765009329256275e-10,-1.8522177977039002e-10,-2.2176358937658976e-10,1.0000341263657015
-3.2672096807022176e-06,1.0509736568163605e-16,1.2955103814106768e-13,2.2754732110948806e-13,7.54780140054407e-17,1.3099952698146125e-13,1.447320896909483e-13,-2.0666979553678876e-10,7.748507458591773e-17,-2.06670028521588e-10,-5.856744646744728e-06,-2.0666979354114396e-10,7.383829844825848e-17,-2.0666998178651836e-10,9.278157081178464e-17,-4.1119763105806206e-07,-4.1119748270396935e-07,1.2905773728131752e-13,-2.0666978474796933e-10,-4.111979734103983e-07,-2.0667003028416107e-10,-2.0667003036980347e-10,7.69970440923789e-17,1.4091913462214368e-16,-2.0666995349531398e-10,-2.0666997161484812e-10,9.115258911622369e-17,1.8684394345079788e-13,1.039064758999012e-16,1.4384226446975632e-16,2.8729043502289067e-16,1.3006353460381356e-13,7.102648858575731e-17,-2.0666998185839924e-10,1.0509736568163605e-16,1.1421540726031876e-16,6.502384779938164e-17,1.3099952718125518e-13,-2.066697936280023e-10,-2.06670042957902e-10,6.60450251161179e-17,-2.0666978368630618e-10,-2.0666978773330625e-10,-4.111974462973103e-07,5.225556384078718e-13,8.053031471797694e-17,-4.1119774361484776e-07,1.0507454411148678e-16,2.240305013261187e-16,-2.0666979557377113e-10,-2.0667001472284493e-10,7.062112815852628e-17,1.2905773760937854e-13,7.868236002209812e-17,-2.0666997580962098e-10
1.0000232702437257,-5.985895188178264e-07,-1.8586358135476958e-10,-6.533707715997608e-07,-2.118337706511879e-10,-1.8759124444205953e-10,-2.078708665905633e-10,1.000032166577754,-2.1707841732687365e-10,1.0000332666322267,-2.0666979354114396e-10,1.000026300397084,-2.082553725865984e-10,1.000033045459908,-2.5731203601031264e-10,1.000032329761521,1.0000319782344862,-1.8522156899646138e-10,1.0000321157719618,1.0000331423613453,1.000033274298553,1.0000332742985516,-2.1599516340115373e-10,-3.9635661968400874e-10,1.0000329127207492,1.0000329977048372,-2.537305981130797e-10,-2.6611279617310885e-10,-5.939656358263747e-07,-8.211247261438988e-07,-1.6401679976945431e-06,-1.8627265214914253e-10,-1.9790595183797683e-10,1.000033045459907,-5.985895200428172e-07,-6.523133910523679e-07,-1.8236128867806055e-10,-1.8759124464519247e-10,1.0000321571411397,1.000033333357262,-1.845731724044721e-10,1.0000321109389705,1.0000321295067176,1.0000318924537124,-1.5284331703297056e-06,-2.2907062541506324e-10,1.0000325987384515,-5.985900210415624e-07,-1.2844085430561423e-06,1.0000321665777563,1.000033201419648,-1.9764986937816834e-10,-1.852215691992289e-10,-2.2176333772972284e-10,1.0000330168736606
-3.2703644103166306e-06,1.0722735120612156e-16,6.653324176230073e-17,1.1710161572103272e-16,1.529930176258627e-13,6.732193217536066e-17,7.436090285281237e-17,-4.1435228769639845e-07,1.575767472370686e-13,-2.08255608947629e-10,7.383829844825848e-17,-2.082553725865984e-10,-5.8567446420685336e-06,-2.0825556201043025e-10,9.480306537537866e-17,-2.0825540944287366e-10,-4.143522078193435e-07,6.632430494451925e-17,-2.082553637802844e-10,-2.0825558268267643e-10,-2.0825561081447897e-10,-2.0825561081447967e-10,7.853507196058802e-17,1.4434378634996401e-16,-2.0825553355297185e-10,-2.0825555187631686e-10,9.26980882677127e-17,9.591854267499368e-17,1.0642255904147234e-16,1.4727815771744624e-16,2.937907668404691e-16,6.679561827858003e-17,7.237242665106938e-17,-2.0825556208315716e-10,1.0722735120612156e-16,1.167750231376816e-16,1.3211893190367245e-13,6.725067920845009e-17,-2.0825537258809313e-10,-2.0825562352360282e-10,1.339337662185231e-13,-2.0825536273336322e-10,-2.0825536667446194e-10,-4.1435217121680485e-07,5.352428699155607e-13,1.6379000571004852e-13,-2.0825546641085368e-10,1.072379287811119e-16,2.291917855340394e-16,-4.1435228769639887e-07,-2.0825559510267703e-10,7.266173511072523e-17,6.632430494451925e-17,1.5960488571818434e-13,-2.082555560086622e-10
1.0000241585572576,-3.0085413353703546e-10,-1.8586375062334307e-10,-3.283874697021833e-10,-2.118339634331608e-10,-1.8759141515212344e-10,-2.0787105602872637e-10,1.000033054896531,-2.1707861455756968e-10,1.0000341549519784,-2.0666998178651836e-10,1.000033045459908,-2.0825556201043025e-10,1.0000280770354977,-2.573122694798066e-10,1.000033218080443,1.0000328665530975,-1.8522173773607995e-10,1.0000330040906915,1.000034030680989,1.000034162618311,1.0000341626183105,-2.159953597973516e-10,-7.886059213232358e-07,1.0000338010401881,1.0000338860243507,-2.5373082861920285e-10,-2.6611303834575434e-10,-2.985301466936628e-10,-4.127014596835837e-10,-1.6401694928061696e-06,-1.8627282177254695e-10,-1.9790613168423146e-10,1.0000339337794626,-3.0085413420083193e-10,-3.2785602490262225e-10,-1.8236145431343538e-10,-1.8759141536377446e-10,1.0000330454599065,1.0000342216770721,-1.8457334009759765e-10,1.0000329992576968,1.0000330178254597,1.000032780772245,-1.5284345670360493e-06,-2.2907083380266257e-10,1.0000334870576122,-3.008543857830704e-10,-1.284409714510081e-06,1.0000330548965313,1.000034089739341,-1.9765004894792286e-10,-1.8522173780871166e-10,-2.217635394275518e-10,1.000033905193189
-3.3679686696154532e-06,1.3492647100018274e-16,8.377828143433971e-17,1.4696417525343726e-16,9.662947495219605e-17,8.474629441193644e-17,9.349566487447375e-17,-5.119571697385979e-07,9.934151526906615e-17,-2.5731232713573576e-10,9.278157081178464e-17,-2.5731203601031264e-10,9.480306537537866e-17,-2.573122694798066e-10,-5.8567445560536185e-06,-2.573120814078476e-10,-5.119570712619832e-07,8.323518067352671e-17,-5.119571431188595e-07,-2.5731229466634776e-10,-2.573123294585687e-10,-2.573123294585687e-10,9.865533859430475e-17,1.8079263160956373e-16,-2.5731223425520233e-10,-2.5731225690347983e-10,1.1651658447852342e-16,1.2070218581901654e-16,1.3356331797246173e-16,1.850599452081659e-16,3.691979248005241e-16,8.38044895657841e-17,9.048426244380577e-17,-2.573122694661851e-10,1.3494362086528126e-16,1.4697157073490887e-16,8.362498617020967e-17,8.450732105882372e-17,-2.5731203597323065e-10,-2.573123452914597e-10,8.416420827103685e-17,-2.573120238268747e-10,-2.573120286866807e-10,-5.119570261719735e-07,6.742302614359053e-13,1.0364917099236136e-16,-5.119573949408363e-07,1.3484878665545955e-16,2.8815780985870725e-16,-5.119571697385981e-07,-2.5731231033866435e-10,9.015813319451874e-17,8.313916054938336e-17,1.0080155945740157e-16,-2.5731226206379996e-10
1.0000234428630876,-5.985896250753391e-07,-1.8586361437540087e-10,-6.533708876136216e-07,-2.1183380801694878e-10,-1.8759127762674092e-10,-2.0787090353268647e-10,1.0000323391981385,-2.1707845579729668e-10,1.0000334392528014,-4.1119763105806206e-07,1.000032329761521,-2.0825540944287366e-10,1.000033218080443,-2.573120814078476e-10,1.000026645637894,1.0000321508548378,-1.8522160185768726e-10,1.0000322883923385,1.0000333149818985,1.000033446919127,1.0000334469191265,-2.1599520151528507e-10,-3.9635669004827545e-10,1.0000330853412618,1.000033170325365,-2.537306430925636e-10,-5.294675612706884e-07,-5.939657412841827e-07,-8.211248719107028e-07,-1.6401682888966813e-06,-1.8627268540731985e-10,-1.979059868345555e-10,1.0000332180804437,-5.985896263003291e-07,-6.523135068811703e-07,-1.823613208895698e-10,-1.875912778740371e-10,1.0000323297615206,1.000033505977847,-1.845732051378948e-10,1.000032283559344,1.0000323021270954,1.0000320650740477,-1.5284334424310043e-06,-4.5576712985810655e-07,1.0000327713589083,-5.98590127295497e-07,-1.2844087712318948e-06,1.0000323391981383,1.0000333740402079,-1.976499043780118e-10,-1.8522160232954492e-10,-4.4122828883129335e-07,1.000033189494191
1.0000230913381254,-5.985894090785971e-07,-3.698007120322195e-07,-6.53370651789257e-07,-4.214719147183574e-07,-3.7323813131179724e-07,-4.1358718005625927e-07,1.0000319876711008,-4.3190684859424317e-07,1.0000330877253771,-4.1119748270396935e-07,1.0000319782344862,-4.143522078193435e-07,1.0000328665530975,-5.119570712619832e-07,1.0000321508548378,1.0000259425837916,-3.6852334182662026e-07,1.0000319368653172,1.0000329634545195,1.0000330953917,1.0000330953917003,-4.297515682834803e-07,-7.886050601204647e-07,1.0000327338139632,1.0000328187980354,-5.048313162667306e-07,-5.294673705048499e-07,-5.939655269157348e-07,-8.211245756021114e-07,-1.6401676969574019e-06,-3.7061461382888194e-07,-3.937606376255976e-07,1.0000328665530973,-5.985894103035856e-07,-6.523132714329138e-07,-3.6283242902034557e-07,-3.732381317090058e-07,1.0000319782344875,1.000033154450399,-3.6723327083641384e-07,1.000031932032325,1.0000319506000683,1.0000317135471062,-1.5284328894217854e-06,-4.5576696557879584e-07,1.000032419831718,-5.985899113056021e-07,-1.2844083074282604e-06,1.0000319876711028,1.0000330225128102,-3.93251126976327e-07,-3.6852334226497215e-07,-4.4122812994972185e-07,1.0000328379668548
-3.2245358315722723e-06,9.435843313116172e-17,1.163883559091367e-13,1.0268769441193799e-16,6.804023704088713e-17,1.1768612083011787e-13,1.300293224111183e-13,-1.8522157092995245e-10,1.3875066017820832e-13,-1.8522177958854591e-10,1.2905773728131752e-13,-1.8522156899646138e-10,6.632430494451925e-17,-1.8522173773607995e-10,8.323518067352671e-17,-1.8522160185768726e-10,-3.6852334182662026e-07,-5.8567446751151894e-06,-1.8522156115732561e-10,-1.852217562557923e-10,-1.852217811186585e-10,-1.8522178112707383e-10,6.928837810819378e-17,1.2658569292285766e-16,-1.8522171242834957e-10,-1.8522172859190214e-10,8.190819435934046e-17,1.6784025664133205e-13,9.347951301578401e-17,1.2942229503733336e-16,2.5837686083072693e-16,1.1684531342905173e-13,6.368549833042081e-17,-1.8522173778318297e-10,9.433620138823374e-17,1.0259085988021606e-16,5.839346511046613e-17,1.1768612100840407e-13,-1.8522156899006202e-10,-1.852217924912815e-10,5.926420775792772e-17,-1.8522156025720864e-10,-1.8522156375193472e-10,-3.685233092117165e-07,4.69649549274309e-13,7.231825838589617e-17,-3.685235755944037e-07,1.877023647071e-13,2.0127556083087477e-16,-1.8522157094451796e-10,-1.8522176728219776e-10,6.363119367401674e-17,1.1594567705839259e-13,7.047115398942959e-17,-1.8522173235233699e-10
1.0000232288747903,-5.985894934383739e-07,-1.858635734356099e-10,-6.533707438910512e-07,-2.1183376170516305e-10,-1.8759123638100077e-10,-2.0787085779230396e-10,1.0000321252085778,-2.1707840815071267e-10,1.0000332252630046,-2.0666978474796933e-10,1.0000321157719618,-2.082553637802844e-10,1.0000330040906915,-5.119571431188595e-07,1.0000322883923385,1.0000319368653172,-1.8522156115732561e-10,1.0000262176587211,1.000033100992128,1.0000332329293298,1.0000332329293276,-2.1599515425520237e-10,-7.886051709988363e-07,1.0000328713515405,1.0000329563356245,-2.5373058732330966e-10,-2.6611278482839737e-10,-5.939656106385341e-07,-8.211246913279751e-07,-1.6401679281428291e-06,-1.862726442587545e-10,-1.9790594348210108e-10,1.000033004090693,-5.985894946633639e-07,-6.523133633878651e-07,-1.8236128089073912e-10,-1.8759123665061897e-10,1.0000321157719618,1.0000332919880355,-1.8457316462233218e-10,1.0000320695697942,1.0000320881375413,1.0000318510845465,-1.5284331053627742e-06,-2.290706156981401e-10,1.0000325573692541,-5.985899956628657e-07,-1.284408488562076e-06,1.0000321252085789,1.0000331600504264,-1.9764986101807113e-10,-1.8522156134689186e-10,-2.2176332833451386e-10,1.000032975504447
1.0000242554581267,-3.008541632484692e-10,-1.8586376904257446e-10,-6.533714318014559e-07,-2.1183398411569672e-10,-1.875914337912948e-10,-4.135876735063845e-07,1.0000331517979706,-2.1707863590714153e-10,1.0000342518535257,-4.111979734103983e-07,1.0000331423613453,-2.0825558268267643e-10,1.000034030680989,-2.5731229466634776e-10,1.0000333149818985,1.0000329634545195,-1.852217562557923e-10,1.000033100992128,1.0000282708385708,1.0000342595198561,1.0000342595198557,-2.1599538097032696e-10,-3.9635701920808476e-10,1.0000338979417005,1.000033982925871,-2.537308533206782e-10,-2.661130647139789e-10,-2.9853017607193943e-10,-4.1270150018548336e-10,-8.24356850760744e-10,-1.8627284019885262e-10,-1.9790615111342417e-10,1.0000340306809876,-3.008541638429296e-10,-3.278560572829816e-10,-1.823614723279548e-10,-1.8759143404782707e-10,1.000033142361345,1.000034318578625,-1.8457335834247733e-10,1.0000330961591317,1.000033114726898,1.0000328776736591,-7.68198358100596e-10,-2.2907085660047498e-10,1.0000335839590917,-3.008544155857741e-10,-6.455503242724672e-10,1.0000331517979724,1.000034186640882,-1.9765006800577966e-10,-1.852217563560174e-10,-2.217635613359065e-10,1.000034002094713
1.0000243873945542,-3.008542040469168e-10,-1.8586379419970422e-10,-3.2838754666504836e-10,-2.1183401287755043e-10,-1.875914592030035e-10,-2.0787110479259215e-10,1.0000332837351784,-2.1707866523307878e-10,1.0000343837908765,-2.0667003028416107e-10,1.000033274298553,-2.0825561081447897e-10,1.000034162618311,-2.573123294585687e-10,1.000033446919127,1.0000330953917,-1.852217811186585e-10,1.0000332329293298,1.0000342595198561,1.0000285347132787,1.0000343914572105,-2.1599541021833722e-10,-3.9635707296202375e-10,1.0000340298790058,1.0000341148631877,-2.537308877850566e-10,-2.6611310069423907e-10,-2.9853021654714727e-10,-4.12701556142944e-10,-8.243569625312439e-10,-1.8627286540691769e-10,-1.9790617798759678e-10,1.0000341626183125,-3.0085420464419386e-10,-3.278561017652179e-10,-1.8236149686018436e-10,-1.8759145938842165e-10,1.0000332742985516,1.0000344505159848,-1.8457338335880922e-10,1.0000332280963318,1.0000332466640989,1.0000330096108296,-7.681984626229036e-10,-2.2907088774781428e-10,1.0000337158963555,-3.008544564344539e-10,-6.455504119406092e-10,1.0000332837351795,1.0000343185782266,-1.9765009502524808e-10,-1.8522178128888768e-10,-2.217635913854472e-10,1.000034134032034
1.0000243873945542,-3.008542040284018e-10,-1.8586379418768542e-10,-3.2838754674508724e-10,-2.1183401296187754e-10,-1.8759145921147502e-10,-2.0787110479259215e-10,1.000033283735177,-2.1707866534190188e-10,1.0000343837908772,-2.0667003036980347e-10,1.0000332742985516,-2.0825561081447967e-10,1.0000341626183105,-2.573123294585687e-10,1.0000334469191265,1.0000330953917003,-1.8522178112707383e-10,1.0000332329293276,1.0000342595198557,1.0000343914572105,1.0000285347132756,-2.1599541021833722e-10,-3.963570729187982e-10,1.0000340298790054,1.0000341148631873,-2.5373088778541545e-10,-2.661131006498978e-10,-2.9853021657175455e-10,-4.1270155618467813e-10,-8.243569625581564e-10,-1.862728654118414e-10,-1.9790617790400835e-10,1.0000341626183105,-3.0085420465997037e-10,-3.278561017667155e-10,-1.8236149669779213e-10,-1.8759145936459618e-10,1.0000332742985512,1.0000344505159842,-1.8457338325196556e-10,1.0000332280963293,1.0000332466640998,1.00003300961083,-7.681984626229036e-10,-2.2907088755138238e-10,1.000033715896355,-3.008544564344539e-10,-6.45550412182162e-10,1.0000332837351784,1.0000343185782243,-1.97650094810027e-10,-1.8522178141216618e-10,-2.217635914360753e-10,1.0000341340320331
-3.285763685791092e-06,1.1195986962972592e-16,6.963963491870293e-17,1.2219250382928714e-16,8.069881683682565e-17,7.03135728902e-17,7.78021068958936e-17,-2.1599516548640818e-10,8.271791930867653e-17,-4.2975213412704304e-07,7.69970440923789e-17,-2.1599516340115373e-10,7.853507196058802e-17,-2.159953597973516e-10,9.865533859430475e-17,-2.1599520151528507e-10,-4.297515682834803e-07,6.928837810819378e-17,-2.1599515425520237e-10,-2.1599538097032696e-10,-2.1599541021833722e-10,-2.1599541021833722e-10,-5.856744625861358e-06,1.5035358101014027e-16,-2.1599533012063112e-10,-2.1599534900295877e-10,9.72085193829664e-17,1.0014083632100654e-16,1.112013688423717e-16,1.5381645154710082e-16,3.070331645306802e-16,6.999879515035992e-17,1.5021137479498432e-13,-2.1599535983135267e-10,1.1208426235763354e-16,1.2188870352276803e-16,6.910976619675264e-17,7.03135728902e-17,-2.1599516340367586e-10,-2.1599542332967674e-10,1.3975410716325542e-13,-2.1599515316003253e-10,-4.297516346655835e-07,-2.1599510474613922e-10,2.814289773817805e-16,1.7105422099841976e-13,-2.1599526060230234e-10,1.123053283830391e-16,2.3955428474494587e-16,-2.1599516550006167e-10,-2.1599539380589493e-10,7.583751791053954e-17,6.919830714367115e-17,8.342579404464979e-17,-4.297520248131155e-07
-3.644614796011703e-06,2.0503650576104854e-16,1.2718794716961773e-16,2.232246599980788e-16,1.4698150486639635e-16,1.285936566113631e-16,1.4192179276466155e-16,-7.886052120823955e-07,1.5106937775874884e-16,-3.9635706936356707e-10,1.4091913462214368e-16,-3.9635661968400874e-10,1.4434378634996401e-16,-7.886059213232358e-07,1.8079263160956373e-16,-3.9635669004827545e-10,-7.886050601204647e-07,1.2658569292285766e-16,-7.886051709988363e-07,-3.9635701920808476e-10,-3.9635707296202375e-10,-3.963570729187982e-10,1.5035358101014027e-16,-5.85674424361642e-06,-7.886058133859604e-07,-7.886058825234053e-07,3.52956533680334e-13,1.8299077399657351e-16,4.0409534817958934e-13,2.8157650409960577e-16,1.1160899568080407e-12,1.2745444420004408e-16,1.3786330732392083e-16,-7.886059213232369e-07,2.0514647175712703e-16,4.4352649799839496e-13,1.2683930546837875e-16,1.2863283557690617e-16,-3.9635661988730207e-10,-3.963570969103873e-10,1.2844326315678345e-16,-7.886051670553938e-07,-7.886051819938867e-07,-7.886049905021273e-07,1.0225619031835267e-12,1.5730529058169922e-16,-3.9635679840961967e-10,2.0492164727690302e-16,8.707935334344052e-13,-7.886052120823963e-07,-3.9635704313947273e-10,1.380915687147312e-16,1.2652618236717045e-16,1.5313797748327544e-16,-7.886058982890061e-07
1.0000240258188742,-3.0085409233305705e-10,-1.8586372516933896e-10,-3.2838742415914935e-10,-2.1183393421958413e-10,-1.8759138950580263e-10,-2.0787102746004387e-10,1.0000329221573725,-2.1707858490927325e-10,1.0000340222126738,-2.0666995349531398e-10,1.0000329127207492,-2.0825553355297185e-10,1.0000338010401881,-2.5731223425520233e-10,1.0000330853412618,1.0000327338139632,-1.8522171242834957e-10,1.0000328713515405,1.0000338979417005,1.0000340298790058,1.0000340298790054,-2.1599533012063112e-10,-7.886058133859604e-07,1.0000278115569543,1.000033753285081,-5.048317978352112e-07,-5.294678767193816e-07,-2.9853010530426536e-10,-8.211253617879288e-07,-1.6401692675177478e-06,-1.862727961308137e-10,-1.9790610453358727e-10,1.000033801040188,-3.0085409246591073e-10,-6.523138961292321e-07,-1.8236142941273127e-10,-1.8759138959402362e-10,1.0000329127207488,1.0000340889377572,-1.845733148484738e-10,1.0000328665185452,1.0000328850863067,1.0000326480331225,-1.5284343563980457e-06,-2.2907080265032224e-10,1.0000333543183957,-3.008543445063584e-10,-1.2844095379589308e-06,1.0000329221573732,1.0000339570000454,-1.9765002183867192e-10,-1.8522171254670707e-10,-2.2176350906070389e-10,1.0000337724539194
1.0000241108024697,-3.008541186350288e-10,-1.8586374169225205e-10,-3.283874536730929e-10,-2.1183395279395906e-10,-1.8759140583224135e-10,-2.0787104578418617e-10,1.00003300714146,-2.1707860385766177e-10,1.0000341071968553,-2.0666997161484812e-10,1.0000329977048372,-2.0825555187631686e-10,1.0000338860243507,-2.5731225690347983e-10,1.000033170325365,1.0000328187980354,-1.8522172859190214e-10,1.0000329563356245,1.000033982925871,1.0000341148631877,1.0000341148631873,-2.1599534900295877e-10,-7.886058825234053e-07,1.000033753285081,1.000027981525272,-2.537308162268747e-10,-2.661130251521854e-10,-2.985301315719685e-10,-8.211254340238523e-07,-1.6401694118307715e-06,-1.862728125088509e-10,-1.979061218517701e-10,1.0000338860243516,-3.0085411930085025e-10,-3.2785600857060714e-10,-1.823614452929203e-10,-1.8759140599269206e-10,1.0000329977048372,1.000034173921946,-1.845733310671668e-10,1.0000329515026278,1.0000329700703916,1.0000327330171874,-1.5284344913338442e-06,-2.290708226838809e-10,1.0000334393025205,-3.0085437112284937e-10,-1.284409651053702e-06,1.0000330071414611,1.0000340419842229,-1.976500391240017e-10,-1.8522172883942916e-10,-2.217635285330331e-10,1.0000338574380798
-3.3608429530457672e-06,1.3268601563039257e-16,8.237944941376439e-17,1.4444704623012975e-16,9.461624428014412e-17,8.322208723332786e-17,9.173860514907382e-17,-5.048314134114268e-07,9.815463202702733e-17,-2.5373088557817404e-10,9.115258911622369e-17,-2.537305981130797e-10,9.26980882677127e-17,-2.5373082861920285e-10,1.1651658447852342e-16,-2.537306430925636e-10,-5.048313162667306e-07,8.190819435934046e-17,-2.5373058732330966e-10,-2.537308533206782e-10,-2.537308877850566e-10,-2.5373088778541545e-10,9.72085193829664e-17,3.52956533680334e-13,-5.048317978352112e-07,-2.537308162268747e-10,-5.856744562451051e-06,1.187635760143071e-16,1.316327316207916e-16,1.817824837053069e-16,3.627599486290232e-16,8.250002767932792e-17,8.93451602930617e-17,-2.5373082887793734e-10,1.3268202705866607e-16,1.4442080623048966e-16,8.193072020128815e-17,8.316813658727744e-17,-2.53730598113116e-10,-2.5373090327799004e-10,8.327674810055109e-17,-2.5373058616510616e-10,-5.048313941836293e-07,-5.048312717796335e-07,3.329925604763127e-16,1.0169976411701846e-16,-2.537307122152864e-10,1.3262080849773325e-16,2.833225901452801e-16,-5.048314134114267e-07,-2.537308686856114e-10,8.893450535714314e-17,8.203038268203895e-17,9.862749617433691e-17,-2.5373082111048257e-10
-3.3854788018864506e-06,1.3656757015522296e-16,1.6847793994624772e-13,1.488794947507778e-16,9.785480439920789e-17,1.7034072441974585e-13,1.8823413635644319e-13,-5.294674726319251e-07,1.0102433789772169e-16,-2.6611309820159936e-10,1.8684394345079788e-13,-2.6611279617310885e-10,9.591854267499368e-17,-2.6611303834575434e-10,1.2070218581901654e-16,-5.294675612706884e-07,-5.294673705048499e-07,1.6784025664133205e-13,-2.6611278482839737e-10,-2.661130647139789e-10,-2.6611310069423907e-10,-2.661131006498978e-10,1.0014083632100654e-16,1.8299077399657351e-16,-5.294678767193816e-07,-2.661130251521854e-10,1.187635760143071e-16,-5.8567445470901e-06,1.354048079707634e-16,1.872798548515498e-16,7.436363586355502e-13,1.6912484387227486e-13,9.227615497925115e-17,-2.6611303833028064e-10,1.3665901951694254e-16,1.4846169505394097e-16,8.457697771266004e-17,1.7034072467231965e-13,-2.661127961687675e-10,-2.661131169794849e-10,8.552379927965652e-17,-2.661127834592526e-10,-5.294674524050985e-07,-5.294673237048607e-07,6.806765072868061e-13,1.0475032449303095e-16,-5.294677060743301e-07,1.3636026769448383e-16,2.9161640792887103e-16,-5.294674726319259e-07,-2.6611308073623877e-10,9.195914052723609e-17,1.6784025704411034e-13,1.0210380892046625e-16,-2.66113030422456e-10
-3.4499764911234868e-06,3.009169861844237e-13,9.375818129073095e-17,3.278204533858015e-13,1.0877115848393477e-16,9.486795300498434e-17,1.047608242203637e-16,-5.939656416716238e-07,1.118718067937122e-16,-2.985302139380537e-10,1.039064758999012e-16,-5.939656358263747e-07,1.0642255904147234e-16,-2.985301466936628e-10,1.3356331797246173e-16,-5.939657412841827e-07,-5.939655269157348e-07,9.347951301578401e-17,-5.939656106385341e-07,-2.9853017607193943e-10,-2.9853021654714727e-10,-2.9853021657175455e-10,1.112013688423717e-16,4.0409534817958934e-13,-2.9853010530426536e-10,-2.985301315719685e-10,1.316327316207916e-16,1.354048079707634e-16,-5.8567444928012925e-06,4.126762711698593e-13,8.235288787977454e-13,9.418884425217604e-17,1.0229852281427123e-16,-2.985301463821695e-10,3.0091698735221515e-13,3.272257722576526e-13,9.394470494764209e-17,9.495147796094972e-17,-5.939656358263759e-07,-2.985302348909273e-10,9.50432595140994e-17,-5.939656076565375e-07,-5.939656189336883e-07,-5.939654743042802e-07,7.525899175449871e-13,1.1615160247038856e-16,-2.9853000906530627e-10,3.0099220926171036e-13,6.421779058252963e-13,-5.939656416716246e-07,-2.985301941801898e-10,1.0238895303234698e-16,9.341978756400053e-17,1.1324129075288052e-16,-2.9853013794542853e-10
-3.6771340193279273e-06,4.1648632917354687e-13,1.2986400003774347e-16,4.5372844838946414e-13,1.502212162329186e-16,1.3133294782571543e-16,1.4502190954000933e-16,-8.211247342233247e-07,1.548905482631687e-16,-4.127015525058417e-10,1.4384226446975632e-16,-8.211247261438988e-07,1.4727815771744624e-16,-4.127014596835837e-10,1.850599452081659e-16,-8.211248719107028e-07,-8.211245756021114e-07,1.2942229503733336e-16,-8.211246913279751e-07,-4.1270150018548336e-10,-4.12701556142944e-10,-4.1270155618467813e-10,1.5381645154710082e-16,2.8157650409960577e-16,-8.211253617879288e-07,-8.211254340238523e-07,1.817824837053069e-16,1.872798548515498e-16,4.126762711698593e-13,-5.856744221012387e-06,1.1398215952460694e-12,1.3038479385665472e-16,1.4148478201653088e-16,-4.1270145938826103e-10,4.1648633078497044e-13,4.5290652253983056e-13,1.2973152386701076e-16,1.3136048115757737e-16,-8.211247261438988e-07,-8.211257174919895e-07,1.3163593454004193e-16,-8.211246872063749e-07,-8.211247027941713e-07,-8.211245028841799e-07,1.0417894038744403e-12,1.6082730125357286e-16,-4.1270126953961857e-10,4.165895784318818e-13,8.888469203747799e-13,-8.211247342233253e-07,-4.1270152522694253e-10,1.412133494049069e-16,1.2951789598110586e-16,1.5690153108032982e-16,-4.127014472838053e-10
-4.496171655193673e-06,8.311397522440667e-13,2.59101154508534e-16,9.054500383578211e-13,2.9992519392092757e-16,2.61864132578062e-16,2.894580736524423e-16,-1.6401680138352847e-06,3.0913999078270866e-16,-1.6401698630461557e-06,2.8729043502289067e-16,-1.6401679976945431e-06,2.937907668404691e-16,-1.6401694928061696e-06,3.691979248005241e-16,-1.6401682888966813e-06,-1.6401676969574019e-06,2.5837686083072693e-16,-1.6401679281428291e-06,-8.24356850760744e-10,-8.243569625312439e-10,-8.243569625581564e-10,3.070331645306802e-16,1.1160899568080407e-12,-1.6401692675177478e-06,-1.6401694118307715e-06,3.627599486290232e-16,7.436363586355502e-13,8.235288787977454e-13,1.1398215952460694e-12,-5.856742516895442e-06,5.176068491946071e-13,2.8244484595367325e-16,-1.6401694928061681e-06,8.311397554690386e-13,9.03808108017078e-13,2.5914211816008224e-16,2.6202864799518755e-16,-1.6401679976945463e-06,-8.243570126744899e-10,2.627333223263684e-16,-1.6401679199086626e-06,-1.6401679510483845e-06,-1.6401675516822773e-06,2.0787334081558747e-12,3.2045478746617693e-16,-1.6401687379543429e-06,8.313471582911546e-13,1.773724259788874e-12,-1.640168013835287e-06,-8.243569007339566e-10,2.821899527528332e-16,2.580560921735459e-16,3.127826289129282e-16,-1.6401694447817573e-06
-3.2266270909145834e-06,9.510716510919218e-17,1.1729084523965467e-13,1.0361973640561337e-16,6.807433914620333e-17,1.185956357796187e-13,1.3103955481422126e-13,-1.8627265412694784e-10,1.397869319509911e-13,-1.8627286374273005e-10,1.3006353460381356e-13,-1.8627265214914253e-10,6.679561827858003e-17,-1.8627282177254695e-10,8.38044895657841e-17,-1.8627268540731985e-10,-3.7061461382888194e-07,1.1684531342905173e-13,-1.862726442587545e-10,-1.8627284019885262e-10,-1.8627286540691769e-10,-1.862728654118414e-10,6.999879515035992e-17,1.2745444420004408e-16,-1.862727961308137e-10,-1.862728125088509e-10,8.250002767932792e-17,1.6912484387227486e-13,9.418884425217604e-17,1.3038479385665472e-16,5.176068491946071e-13,-5.8567446740861714e-06,6.431387529847253e-17,-1.8627282170882403e-10,9.52307991223514e-17,1.0338732344692849e-16,5.898947108094635e-17,1.185956359582526e-13,-1.862726521498338e-10,-1.8627287680193953e-10,5.992181193496624e-17,-1.8627264331308528e-10,-1.862726468466042e-10,-3.706145810402547e-07,4.734517947286364e-13,1.451484037269637e-13,-3.706148488669712e-07,9.500395610731757e-17,2.0298966745165578e-16,-1.8627265440077404e-10,-1.862728514550146e-10,6.42439527728487e-17,1.1684531371869927e-13,7.086764284132242e-17,-1.8627281662794087e-10
