1.0000000021570894,4.362401980945165e-06,0.9999907891529656,4.36590202989767e-06,7.977872858479644e-06,0.9999905715360994,4.362401969806938e-06,4.396968899600479e-06,0.9999905890641321,0.9999903464818721,4.362401969191146e-06,4.377878164208648e-06,4.353310598925795e-06,0.9999908035028839,0.999990846530437,0.9999907891529687,0.9999907857140655,4.431061116886541e-06,0.9999905715361006,4.353310600927919e-06,4.353310599181469e-06,0.9999904543461593,0.9999908035028818,0.999990789152969,0.9999907891529681,0.9999907891529687,0.9999907891529709,6.6329772272168205e-06,4.35331059916352e-06,0.9999907891529692,0.9999907830531912,4.494499843086041e-06,4.412938889277977e-06,0.9999903464818759
4.362401980945165e-06,5.757959691618794e-06,2.666073437028092e-10,1.3709903030381228e-16,1.0563004088273988e-15,2.666072782472428e-10,2.6949454113215183e-13,1.4415354807051585e-16,2.666072835659675e-10,2.666072133638865e-10,2.694945405827962e-13,1.402612856251087e-16,1.334542371802947e-16,2.666073482297072e-10,5.286335644945068e-07,2.666073436789544e-10,2.666073425107059e-10,1.532404959902034e-16,2.666072783209579e-10,1.331712574710509e-16,1.334542371802947e-16,2.666072440199069e-10,2.6660734824884516e-10,2.6660734379576806e-10,2.6660734369982897e-10,2.6660734372155037e-10,2.666073436789544e-10,7.155292075843962e-16,1.331712574710509e-16,2.6660734374283703e-10,2.666073417486679e-10,1.7011857685330556e-16,1.5016596397392733e-16,2.6660721341263226e-10
0.9999907891529656,2.666073437028092e-10,0.9999900692154684,2.683725334048731e-10,4.144092055026498e-06,0.9999840936402448,2.666073387925558e-10,2.8404052685213576e-10,0.9999841111682474,0.9999838685863616,2.666073386098914e-10,2.744124850669778e-10,2.620222678847806e-10,0.9999843256068303,0.9999843686343739,0.9999843112569138,0.9999843078180022,3.012342910145828e-10,0.9999840936402442,2.6202226768059117e-10,2.6202226703551e-10,0.9999839764504624,0.9999843256068288,0.9999843112569136,0.9999843112569144,0.9999843112569132,0.9999843112569138,2.799201102365302e-06,2.620222675866735e-10,0.9999843112569138,0.9999843051571337,3.332284529821418e-10,2.9209470732637774e-10,0.9999838685863621
4.36590202989767e-06,1.3709903030381228e-16,2.683725334048731e-10,5.757959693285631e-06,1.064574933533908e-15,2.683724678815424e-10,1.3673303988288463e-16,2.8940385544895056e-13,2.683724726412372e-10,2.6837240254246665e-10,1.3727075114446712e-16,1.4132138510279673e-16,1.3405690445484943e-16,2.6837253795994055e-10,5.321336125959295e-07,2.6837253336789484e-10,2.6837253202741573e-10,3.062457175511739e-13,2.6837246790772777e-10,1.3437565881102117e-16,1.3437565881102117e-16,2.6837243352064255e-10,2.6837253795294214e-10,2.6837253339619993e-10,2.6837253337610787e-10,2.683725333596968e-10,2.6837253339619993e-10,7.21362119165865e-16,1.3425699940200965e-16,2.6837253338997875e-10,2.683725315294326e-10,1.717607908963696e-16,1.513414079031272e-16,2.6837240252774646e-10
7.977872858479644e-06,1.0563004088273988e-15,4.144092055026498e-06,1.064574933533908e-15,5.757975663816506e-06,4.144091018615508e-06,1.0564310173598838e-15,1.1256295989684385e-15,4.144091098951741e-06,2.0900014363459675e-09,1.0564310173598838e-15,1.0925440167005434e-15,1.0354801031278244e-15,4.144092128129972e-06,4.144092343647111e-06,4.144092055026502e-06,4.144092035175396e-06,1.1905156827789442e-15,4.144091018615508e-06,1.0354204824888201e-15,1.0353934938742352e-15,2.090001680616698e-09,4.144092128129972e-06,4.144092055026496e-06,4.1440920550265066e-06,4.144092055026499e-06,4.144092055026502e-06,1.101622528224339e-11,1.0354204824888201e-15,4.1440920550265066e-06,4.144092022536798e-06,2.6279031825657703e-12,1.1619136482336423e-15,2.0900014365895093e-09
0.9999905715360994,2.666072782472428e-10,0.9999840936402448,2.683724678815424e-10,4.144091018615508e-06,0.9999896339821029,2.6660727349797885e-10,2.840404573595488e-10,0.9999838935516088,0.9999836509697629,2.6660727328109685e-10,2.7441241861919807e-10,2.6202220345771e-10,0.9999841079901585,0.9999841510177008,0.9999840936402459,0.9999840902013346,3.012342169455334e-10,0.9999838760236058,2.6202220316365975e-10,2.6202220259145493e-10,0.9999837588338433,0.9999841079901596,0.9999840936402441,0.9999840936402459,0.9999840936402453,0.9999840936402454,1.4117291950849143e-09,2.6202220306112457e-10,0.9999840936402439,0.9999840875404645,3.332283721283059e-10,2.9209463644071794e-10,0.9999836509697634
4.362401969806938e-06,2.6949454113215183e-13,2.666073387925558e-10,1.3673303988288463e-16,1.0564310173598838e-15,2.6660727349797885e-10,5.757959691618794e-06,1.4390426512884917e-16,2.666072785969643e-10,2.6660720854680724e-10,2.6949453385496036e-13,1.402612856251086e-16,1.334542371802947e-16,2.66607343400289e-10,5.286335547448686e-07,2.6660733879479957e-10,2.666073375870075e-10,1.532404959902034e-16,2.6660727342703157e-10,1.3313496414542316e-16,1.3313496414542316e-16,2.6660723929952545e-10,2.666073433605122e-10,2.6660733879479957e-10,2.666073387733723e-10,2.6660733882833037e-10,2.666073387733723e-10,7.157788245772295e-16,1.3313496414542316e-16,2.666073387733723e-10,2.6660733682492146e-10,1.7011857685330556e-16,1.5016596397392733e-16,2.666072084247654e-10
4.396968899600479e-06,1.4415354807051585e-16,2.8404052685213576e-10,2.8940385544895056e-13,1.1256295989684385e-15,2.840404573595488e-10,1.4390426512884917e-16,5.7579597207818014e-06,5.632002105667023e-07,2.840403881316034e-10,1.4410692807608158e-16,1.5013295266937805e-16,1.420630520177922e-16,2.840405317263967e-10,5.632003758106711e-07,2.8404052686679164e-10,2.840405256375069e-10,3.237725460766234e-13,2.84040457337757e-10,1.420318331034421e-16,1.420318331034421e-16,2.8404042098110186e-10,2.8404053172549324e-10,2.840405268680317e-10,2.840405268011891e-10,2.8404052684133826e-10,2.840405268680317e-10,7.625501110995357e-16,1.420318331034421e-16,2.840405268343118e-10,2.84040524808669e-10,1.817042748022939e-16,1.5933186517360578e-16,2.840403881316034e-10
0.9999905890641321,2.666072835659675e-10,0.9999841111682474,2.683724726412372e-10,4.144091098951741e-06,0.9999838935516088,2.666072785969643e-10,5.632002105667023e-07,0.9999896690381063,0.9999836684977597,2.6660727841541477e-10,2.7441242387799814e-10,2.620222084908827e-10,0.9999841255181625,0.9999841685457052,0.9999841111682486,0.9999841077293384,3.012342225443128e-10,0.9999838935516088,2.6202220829094897e-10,2.620222075208145e-10,0.9999837763618423,0.9999841255181625,0.9999841111682476,0.9999841111682489,0.9999841111682481,0.9999841111682485,1.4117292219015384e-09,2.620222082293861e-10,0.9999841111682479,0.999984105068468,3.332283784626573e-10,2.9209464200815807e-10,0.9999836684977607
0.9999903464818721,2.666072133638865e-10,0.9999838685863616,2.6837240254246665e-10,2.0900014363459675e-09,0.9999836509697629,2.6660720854680724e-10,2.840403881316034e-10,0.9999836684977597,0.9999891838744082,2.6660720832877634e-10,2.7441235225007516e-10,2.6202213927378873e-10,0.9999838829362727,0.9999839259638089,0.9999838685863612,0.9999838651474517,3.0123414332348425e-10,0.9999836509697634,2.6202213907045373e-10,2.6202213839271513e-10,0.9999835337800199,0.9999838829362732,0.9999838685863607,0.9999838685863628,0.999983868586363,0.9999838685863612,2.7991997185350934e-06,2.620221389659872e-10,0.9999838685863615,0.9999838624865822,3.332282914021064e-10,2.9209456566169593e-10,0.9999834259159607
4.362401969191146e-06,2.694945405827962e-13,2.666073386098914e-10,1.3727075114446712e-16,1.0564310173598838e-15,2.6660727328109685e-10,2.6949453385496036e-13,1.4410692807608158e-16,2.6660727841541477e-10,2.6660720832877634e-10,5.757959691618794e-06,1.4047334153091969e-16,1.334542371802947e-16,2.666073431923852e-10,5.286335544130846e-07,2.6660733858222935e-10,2.6660733741179024e-10,1.5318559157533515e-16,2.6660727333334323e-10,1.3313496414542316e-16,1.3313496414542316e-16,2.6660723904794896e-10,2.6660734314634313e-10,2.6660733858222935e-10,2.666073386708907e-10,2.6660733860927045e-10,2.6660733862609975e-10,7.153837534849014e-16,1.3313496414542316e-16,2.6660733862609975e-10,2.666073366250622e-10,1.701379957444853e-16,1.4913412191840428e-16,2.666072083286649e-10
4.377878164208648e-06,1.402612856251087e-16,2.744124850669778e-10,1.4132138510279673e-16,1.0925440167005434e-15,2.7441241861919807e-10,1.402612856251086e-16,1.5013295266937805e-16,2.7441242387799814e-10,2.7441235225007516e-10,1.4047334153091969e-16,5.757959706563816e-06,1.3778985413494812e-16,2.744124897890795e-10,5.441097318262964e-07,2.744124851446632e-10,2.744124836954855e-10,3.1410052466795307e-13,2.744124186260014e-10,1.3759088136206888e-16,1.377888520713148e-16,2.7441238376588386e-10,2.7441248980902107e-10,2.744124850669778e-10,2.744124851392622e-10,2.744124851364976e-10,2.744124851464384e-10,7.400754996729228e-16,1.377888520713148e-16,2.744124851556581e-10,2.744124829465598e-10,1.759996665177708e-16,1.5508746219194832e-16,2.7441235229506913e-10
4.353310598925795e-06,1.334542371802947e-16,2.620222678847806e-10,1.3405690445484943e-16,1.0354801031278244e-15,2.6202220345771e-10,1.334542371802947e-16,1.420630520177922e-16,2.620222084908827e-10,2.6202213927378873e-10,1.334542371802947e-16,1.3778985413494812e-16,5.757959677500246e-06,2.620222724175024e-10,5.195421981182944e-07,2.6202226790379795e-10,2.620222666531944e-10,1.5002664094551299e-16,2.6202220333406697e-10,2.591495056738007e-13,2.5914950506357645e-13,2.62022169422544e-10,2.6202227242091557e-10,2.620222679182872e-10,2.6202226789864575e-10,2.620222678893097e-10,2.620222678893097e-10,7.017833411111028e-16,2.591495054418679e-13,2.620222679231688e-10,2.620222659433395e-10,1.6691671179191245e-16,1.4706594842306967e-16,2.6202213923640834e-10
0.9999908035028839,2.666073482297072e-10,0.9999843256068303,2.6837253795994055e-10,4.144092128129972e-06,0.9999841079901585,2.66607343400289e-10,2.840405317263967e-10,0.9999841255181625,0.9999838829362727,2.666073431923852e-10,2.744124897890795e-10,2.620222724175024e-10,0.9999900979153069,0.999984382984291,0.9999843256068297,0.9999843221679192,3.012342961627567e-10,0.9999841079901588,2.620222722011529e-10,2.620222715997498e-10,0.9999839908003748,0.9999843399567447,0.999984325606829,0.9999843256068307,0.9999843256068294,0.9999843256068303,2.7992011512621985e-06,2.620222721724571e-10,0.9999843256068291,0.9999843195070477,6.607309979585849e-07,2.9209471223395144e-10,0.9999838829362752
0.999990846530437,5.286335644945068e-07,0.9999843686343739,5.321336125959295e-07,4.144092343647111e-06,0.9999841510177008,5.286335547448686e-07,5.632003758106711e-07,0.9999841685457052,0.9999839259638089,5.286335544130846e-07,5.441097318262964e-07,5.195421981182944e-07,0.999984382984291,0.9999901839704128,0.9999843686343751,0.999984365195465,5.972924627398644e-07,0.9999841510177004,5.195421976970351e-07,5.195421963951765e-07,0.999984033827914,0.9999843829842905,0.9999843686343752,0.9999843686343771,0.9999843686343752,0.9999843686343765,2.7992012955280204e-06,5.195421974699937e-07,0.9999843686343751,0.9999843625345948,6.607310310072192e-07,5.791703418737112e-07,0.9999839259638102
0.9999907891529687,2.666073436789544e-10,0.9999843112569138,2.6837253336789484e-10,4.144092055026502e-06,0.9999840936402459,2.6660733879479957e-10,2.8404052686679164e-10,0.9999841111682486,0.9999838685863612,2.6660733858222935e-10,2.744124851446632e-10,2.6202226790379795e-10,0.9999843256068297,0.9999843686343751,0.999990069215466,0.999984307818004,3.0123429096075936e-10,0.9999840936402465,2.620222676026864e-10,2.6202226698725505e-10,0.9999839764504628,0.9999843256068297,0.9999843112569132,0.9999843112569153,0.9999843112569144,0.9999843112569144,2.799201102365307e-06,2.6202226757813296e-10,0.9999843112569148,0.9999843051571341,3.3322845285285057e-10,2.9209470732637774e-10,0.9999838685863618
0.9999907857140655,2.666073425107059e-10,0.9999843078180022,2.6837253202741573e-10,4.144092035175396e-06,0.9999840902013346,2.666073375870075e-10,2.840405256375069e-10,0.9999841077293384,0.9999838651474517,2.6660733741179024e-10,2.744124836954855e-10,2.620222666531944e-10,0.9999843221679192,0.999984365195465,0.999984307818004,0.9999900623376475,5.972924192509356e-07,0.9999840902013349,2.6202226648643126e-10,2.6202226582234016e-10,0.9999839730115516,0.9999843221679195,0.9999843078180028,0.9999843078180046,0.9999843078180028,0.9999843078180037,2.7992010891587135e-06,2.6202226637898995e-10,0.9999843078180028,0.999984301718222,3.332284516323023e-10,5.791703005505593e-07,0.9999838651474532
4.431061116886541e-06,1.532404959902034e-16,3.012342910145828e-10,3.062457175511739e-13,1.1905156827789442e-15,3.012342169455334e-10,1.532404959902034e-16,3.237725460766234e-13,3.012342225443128e-10,3.0123414332348425e-10,1.5318559157533515e-16,3.1410052466795307e-13,1.5002664094551299e-16,3.012342961627567e-10,5.972924627398644e-07,3.0123429096075936e-10,5.972924192509356e-07,5.7579597604570305e-06,3.012342169077896e-10,1.502442064756137e-16,1.501983063835255e-16,3.0123417806347244e-10,3.0123429625512086e-10,3.0123429097308487e-10,3.0123429094251124e-10,3.0123429099772285e-10,3.012342909274358e-10,8.067339569726142e-16,1.501983063835255e-16,3.012342909523652e-10,5.972924174568041e-07,1.9211137760410418e-16,3.3410708635805224e-13,3.0123414322776064e-10
0.9999905715361006,2.666072783209579e-10,0.9999840936402442,2.6837246790772777e-10,4.144091018615508e-06,0.9999838760236058,2.6660727342703157e-10,2.84040457337757e-10,0.9999838935516088,0.9999836509697634,2.6660727333334323e-10,2.744124186260014e-10,2.6202220333406697e-10,0.9999841079901588,0.9999841510177004,0.9999840936402465,0.9999840902013349,3.012342169077896e-10,0.9999896339820992,2.6202220320646134e-10,2.6202220261938184e-10,0.9999837588338433,0.9999841079901584,0.9999840936402441,0.9999840936402451,0.9999840936402462,0.9999840936402457,1.4117291945529915e-09,2.6202220316042527e-10,0.9999840936402444,0.9999840875404649,3.332283721062632e-10,2.9209463644100026e-10,0.9999836509697634
4.353310600927919e-06,1.331712574710509e-16,2.6202226768059117e-10,1.3437565881102117e-16,1.0354204824888201e-15,2.6202220316365975e-10,1.3313496414542316e-16,1.420318331034421e-16,2.6202220829094897e-10,2.6202213907045373e-10,1.3313496414542316e-16,1.3759088136206888e-16,2.591495056738007e-13,2.620222722011529e-10,5.195421976970351e-07,2.620222676026864e-10,2.6202226648643126e-10,1.502442064756137e-16,2.6202220320646134e-10,5.757959677500246e-06,2.5914950476374317e-13,2.6202216942319723e-10,2.6202227226911754e-10,2.6202226768229164e-10,2.620222676628544e-10,2.6202226769686026e-10,2.6202226768153374e-10,7.017833411400043e-16,2.591495051420341e-13,2.6202226768231506e-10,2.620222657021739e-10,1.6691671179191193e-16,1.4672820125926724e-16,2.6202213906216517e-10
4.353310599181469e-06,1.334542371802947e-16,2.6202226703551e-10,1.3437565881102117e-16,1.0353934938742352e-15,2.6202220259145493e-10,1.3313496414542316e-16,1.420318331034421e-16,2.620222075208145e-10,2.6202213839271513e-10,1.3313496414542316e-16,1.377888520713148e-16,2.5914950506357645e-13,2.620222715997498e-10,5.195421963951765e-07,2.6202226698725505e-10,2.6202226582234016e-10,1.501983063835255e-16,2.6202220261938184e-10,2.5914950476374317e-13,5.757959677500246e-06,2.6202216878253566e-10,2.6202227155523616e-10,2.6202226698900665e-10,2.6202226698725505e-10,2.6202226704071237e-10,2.620222670195546e-10,7.017833411400043e-16,2.591495045318098e-13,2.6202226704071237e-10,2.6202226506504607e-10,1.6691671179191193e-16,1.4725386183122152e-16,2.6202213839222327e-10
0.9999904543461593,2.666072440199069e-10,0.9999839764504624,2.6837243352064255e-10,2.090001680616698e-09,0.9999837588338433,2.6660723929952545e-10,2.8404042098110186e-10,0.9999837763618423,0.9999835337800199,2.6660723904794896e-10,2.7441238376588386e-10,2.62022169422544e-10,0.9999839908003748,0.999984033827914,0.9999839764504628,0.9999839730115516,3.0123417806347244e-10,0.9999837588338433,2.6202216942319723e-10,2.6202216878253566e-10,0.9999893996025544,0.9999839908003733,0.9999839764504621,0.9999839764504637,0.9999839764504624,0.9999839764504633,1.4117290116434885e-09,2.620221692780005e-10,0.9999839764504623,0.9999839703506819,3.3322832967300946e-10,2.920945992044788e-10,0.9999835337800222
0.9999908035028818,2.6660734824884516e-10,0.9999843256068288,2.6837253795294214e-10,4.144092128129972e-06,0.9999841079901596,2.666073433605122e-10,2.8404053172549324e-10,0.9999841255181625,0.9999838829362732,2.6660734314634313e-10,2.7441248980902107e-10,2.6202227242091557e-10,0.9999843399567447,0.9999843829842905,0.9999843256068297,0.9999843221679195,3.0123429625512086e-10,0.9999841079901584,2.6202227226911754e-10,2.6202227155523616e-10,0.9999839908003733,0.9999900979153011,0.9999843256068288,0.9999843256068298,0.9999843256068298,0.999984325606829,2.7992011512621955e-06,2.620222721600047e-10,0.9999843256068297,0.9999843195070477,6.60730997958584e-07,2.920947122401461e-10,0.9999838829362759
0.999990789152969,2.6660734379576806e-10,0.9999843112569136,2.6837253339619993e-10,4.144092055026496e-06,0.9999840936402441,2.6660733879479957e-10,2.840405268680317e-10,0.9999841111682476,0.9999838685863607,2.6660733858222935e-10,2.744124850669778e-10,2.620222679182872e-10,0.999984325606829,0.9999843686343752,0.9999843112569132,0.9999843078180028,3.0123429097308487e-10,0.9999840936402441,2.6202226768229164e-10,2.6202226698900665e-10,0.9999839764504621,0.9999843256068288,0.9999900692154658,0.9999843112569151,0.9999843112569136,0.9999843112569136,2.799201102365303e-06,2.620222675891116e-10,0.9999843112569126,0.9999843051571333,3.3322845295550637e-10,2.9209470728632674e-10,0.9999838685863618
0.9999907891529681,2.6660734369982897e-10,0.9999843112569144,2.6837253337610787e-10,4.1440920550265066e-06,0.9999840936402459,2.666073387733723e-10,2.840405268011891e-10,0.9999841111682489,0.9999838685863628,2.666073386708907e-10,2.744124851392622e-10,2.6202226789864575e-10,0.9999843256068307,0.9999843686343771,0.9999843112569153,0.9999843078180046,3.0123429094251124e-10,0.9999840936402451,2.620222676628544e-10,2.6202226698725505e-10,0.9999839764504637,0.9999843256068298,0.9999843112569151,0.9999900692154694,0.9999843112569154,0.9999843112569149,2.799201102365307e-06,2.6202226762847476e-10,0.9999843112569144,0.9999843051571344,3.332284528968897e-10,2.920947073021824e-10,0.999983868586363
0.9999907891529687,2.6660734372155037e-10,0.9999843112569132,2.683725333596968e-10,4.144092055026499e-06,0.9999840936402453,2.6660733882833037e-10,2.8404052684133826e-10,0.9999841111682481,0.999983868586363,2.6660733860927045e-10,2.744124851364976e-10,2.620222678893097e-10,0.9999843256068294,0.9999843686343752,0.9999843112569144,0.9999843078180028,3.0123429099772285e-10,0.9999840936402462,2.6202226769686026e-10,2.6202226704071237e-10,0.9999839764504624,0.9999843256068298,0.9999843112569136,0.9999843112569154,0.9999900692154684,0.9999843112569151,2.7992011023653048e-06,2.620222675866735e-10,0.9999843112569139,0.9999843051571331,3.3322845287460045e-10,2.9209470732637774e-10,0.9999838685863628
0.9999907891529709,2.666073436789544e-10,0.9999843112569138,2.6837253339619993e-10,4.144092055026502e-06,0.9999840936402454,2.666073387733723e-10,2.840405268680317e-10,0.9999841111682485,0.9999838685863612,2.6660733862609975e-10,2.744124851464384e-10,2.620222678893097e-10,0.9999843256068303,0.9999843686343765,0.9999843112569144,0.9999843078180037,3.012342909274358e-10,0.9999840936402457,2.6202226768153374e-10,2.620222670195546e-10,0.9999839764504633,0.999984325606829,0.9999843112569136,0.9999843112569149,0.9999843112569151,0.9999900692154672,2.7992011023653035e-06,2.620222675937599e-10,0.9999843112569141,0.999984305157134,3.3322845297749505e-10,2.92094707343541e-10,0.9999838685863628
6.6329772272168205e-06,7.155292075843962e-16,2.799201102365302e-06,7.21362119165865e-16,1.101622528224339e-11,1.4117291950849143e-09,7.157788245772295e-16,7.625501110995357e-16,1.4117292219015384e-09,2.7991997185350934e-06,7.153837534849014e-16,7.400754996729228e-16,7.017833411111028e-16,2.7992011512621985e-06,2.7992012955280204e-06,2.799201102365307e-06,2.7992010891587135e-06,8.067339569726142e-16,1.4117291945529915e-09,7.017833411400043e-16,7.017833411400043e-16,1.4117290116434885e-09,2.7992011512621955e-06,2.799201102365303e-06,2.799201102365307e-06,2.7992011023653048e-06,2.7992011023653035e-06,5.757966890029339e-06,7.01624763173002e-16,2.799201102365303e-06,2.799201080677809e-06,8.980828700894634e-16,7.873054822866132e-16,2.7991997185350994e-06
4.35331059916352e-06,1.331712574710509e-16,2.620222675866735e-10,1.3425699940200965e-16,1.0354204824888201e-15,2.6202220306112457e-10,1.3313496414542316e-16,1.420318331034421e-16,2.620222082293861e-10,2.620221389659872e-10,1.3313496414542316e-16,1.377888520713148e-16,2.591495054418679e-13,2.620222721724571e-10,5.195421974699937e-07,2.6202226757813296e-10,2.6202226637898995e-10,1.501983063835255e-16,2.6202220316042527e-10,2.591495051420341e-13,2.591495045318098e-13,2.620221692780005e-10,2.620222721600047e-10,2.620222675891116e-10,2.6202226762847476e-10,2.620222675866735e-10,2.620222675937599e-10,7.01624763173002e-16,5.757959677500246e-06,2.6202226762847476e-10,2.620222655864779e-10,1.6691671179191193e-16,1.4725386183122068e-16,2.620221389842639e-10
0.9999907891529692,2.6660734374283703e-10,0.9999843112569138,2.6837253338997875e-10,4.1440920550265066e-06,0.9999840936402439,2.666073387733723e-10,2.840405268343118e-10,0.9999841111682479,0.9999838685863615,2.6660733862609975e-10,2.744124851556581e-10,2.620222679231688e-10,0.9999843256068291,0.9999843686343751,0.9999843112569148,0.9999843078180028,3.012342909523652e-10,0.9999840936402444,2.6202226768231506e-10,2.6202226704071237e-10,0.9999839764504623,0.9999843256068297,0.9999843112569126,0.9999843112569144,0.9999843112569139,0.9999843112569141,2.799201102365303e-06,2.6202226762847476e-10,0.99999006921547,0.9999843051571337,3.332284529611671e-10,2.9209470730001017e-10,0.9999838685863628
0.9999907830531912,2.666073417486679e-10,0.9999843051571337,2.683725315294326e-10,4.144092022536798e-06,0.9999840875404645,2.6660733682492146e-10,2.84040524808669e-10,0.999984105068468,0.9999838624865822,2.666073366250622e-10,2.744124829465598e-10,2.620222659433395e-10,0.9999843195070477,0.9999843625345948,0.9999843051571341,0.999984301718222,5.972924174568041e-07,0.9999840875404649,2.620222657021739e-10,2.6202226506504607e-10,0.9999839703506819,0.9999843195070477,0.9999843051571333,0.9999843051571344,0.9999843051571331,0.999984305157134,2.799201080677809e-06,2.620222655864779e-10,0.9999843051571337,0.9999900570158994,6.607309818623715e-07,2.92094705115532e-10,0.9999838624865829
4.494499843086041e-06,1.7011857685330556e-16,3.332284529821418e-10,1.717607908963696e-16,2.6279031825657703e-12,3.332283721283059e-10,1.7011857685330556e-16,1.817042748022939e-16,3.332283784626573e-10,3.332282914021064e-10,1.701379957444853e-16,1.759996665177708e-16,1.6691671179191245e-16,6.607309979585849e-07,6.607310310072192e-07,3.3322845285285057e-10,3.332284516323023e-10,1.9211137760410418e-16,3.332283721062632e-10,1.6691671179191193e-16,1.6691671179191193e-16,3.3322832967300946e-10,6.60730997958584e-07,3.3322845295550637e-10,3.332284528968897e-10,3.3322845287460045e-10,3.3322845297749505e-10,8.980828700894634e-16,1.6691671179191193e-16,3.332284529611671e-10,6.607309818623715e-07,5.75795984648281e-06,1.875840441883152e-16,3.3322829139596425e-10
4.412938889277977e-06,1.5016596397392733e-16,2.9209470732637774e-10,1.513414079031272e-16,1.1619136482336423e-15,2.9209463644071794e-10,1.5016596397392733e-16,1.5933186517360578e-16,2.9209464200815807e-10,2.9209456566169593e-10,1.4913412191840428e-16,1.5508746219194832e-16,1.4706594842306967e-16,2.9209471223395144e-10,5.791703418737112e-07,2.9209470732637774e-10,5.791703005505593e-07,3.3410708635805224e-13,2.9209463644100026e-10,1.4672820125926724e-16,1.4725386183122152e-16,2.920945992044788e-10,2.920947122401461e-10,2.9209470728632674e-10,2.920947073021824e-10,2.9209470732637774e-10,2.92094707343541e-10,7.873054822866132e-16,1.4725386183122068e-16,2.9209470730001017e-10,2.92094705115532e-10,1.875840441883152e-16,5.75795974015552e-06,2.9209456577930287e-10
0.9999903464818759,2.6660721341263226e-10,0.9999838685863621,2.6837240252774646e-10,2.0900014365895093e-09,0.9999836509697634,2.666072084247654e-10,2.840403881316034e-10,0.9999836684977607,0.9999834259159607,2.666072083286649e-10,2.7441235229506913e-10,2.6202213923640834e-10,0.9999838829362752,0.9999839259638102,0.9999838685863618,0.9999838651474532,3.0123414322776064e-10,0.9999836509697634,2.6202213906216517e-10,2.6202213839222327e-10,0.9999835337800222,0.9999838829362759,0.9999838685863618,0.999983868586363,0.9999838685863628,0.9999838685863628,2.7991997185350994e-06,2.620221389842639e-10,0.9999838685863628,0.9999838624865829,3.3322829139596425e-10,2.9209456577930287e-10,0.9999891838744068
