1.0000000000387916,6.944932569585871e-10,1.0000001175484738,1.0000001597398407,1.000000148126833,6.169066169665486e-10,-2.600952199743391e-09,6.944859520511333e-10,1.0000001118737614,6.944861128410032e-10,1.000000111873759,6.944886841361482e-10,1.000000158178929,1.00000011187376,2.8929165887683573e-09,6.724991833029265e-10,1.000000164028279,1.000000151840203,4.743685981750845e-10,5.40423921441037e-10,6.057326089327214e-10,1.0000001581789313,1.7705191943810088e-09,6.944861550938747e-10,6.057366236027401e-10,1.0000001495168582,6.944859934392837e-10,6.944861541347568e-10,6.025205639519078e-10,1.0000001118737598,6.944886932678993e-10,1.0000001518402037,6.944861562491124e-10,1.0000001605357096,1.0000001581789275,1.893179478360909e-09,6.247035099386401e-10,6.944886816160426e-10,1.0000001668782146,2.892917300467634e-09,4.641892298470498e-10,1.0000001581789297,1.0000001485683583,6.944839435191677e-10,1.000000149707271,-9.416220251998275e-11,6.944861542650491e-10,6.944888828987675e-10,6.944886413935145e-10,4.1862736208445e-10,6.87122557412698e-10,1.0000001118737618,6.944835371878506e-10,1.3849911038966375e-10,6.057337382359795e-10,5.227759143655402e-10,2.892919105311713e-09,8.977876440385872e-10,1.0000001175484738,1.0000001591264491,5.633738055733315e-10,1.855740510371172e-09,1.0000001170777473,6.057352369702652e-10,5.404222909178076e-10,1.000000179684778,4.743697422682727e-10,6.94486162827081e-10,1.000000117077747,1.0000001581789302,1.000000117548473,6.057334974724265e-10,1.0000001615626488,1.0000001526925524,6.944888151827403e-10,6.057337382403924e-10,6.944832185909465e-10,1.0000001581789295
6.944932569585871e-10,-2.424487296722728e-08,-1.926766686687289e-13,-1.9863324306826086e-13,-1.9693927245362236e-13,-9.2801423014317e-15,-1.1287498095184679e-14,5.340999251143929e-10,-1.9249472390039368e-13,5.340999251143927e-10,-1.9249473710892336e-13,5.34099925114394e-10,-1.9755167285678304e-13,-1.924947175385294e-13,-6.597718781094933e-15,-8.957672391926502e-15,-1.998983748535996e-13,1.2991901719677427e-10,5.384507101114876e-10,-1.1791041516502975e-14,-5.856552749520933e-15,-1.975516742614232e-13,-6.405743146394273e-15,5.340999251143936e-10,-5.8565751670142564e-15,-1.9911395316932606e-13,5.340999251143929e-10,5.340999251143952e-10,5.407406877696901e-10,-1.9249473231719966e-13,5.340999251143935e-10,1.2991901719677561e-10,5.340999251143936e-10,-1.9821468822158904e-13,-1.9755165019985903e-13,-7.032361028235198e-15,5.33920584440931e-10,5.340999251143927e-10,-2.0010542089061998e-13,-6.597790009915921e-15,-5.5861671782448006e-15,-1.9755169941940052e-13,-1.969102506014725e-13,5.340999251143938e-10,-2.0030881179444945e-13,5.384786879344948e-10,5.34099925114394e-10,5.340999251143927e-10,5.340999251143927e-10,5.457208799565231e-10,5.344189318209007e-10,-1.9249473816238666e-13,5.340999251143911e-10,-5.128454572344374e-15,-5.856552749517191e-15,-1.2867386091183153e-14,-6.5977741583662895e-15,-5.521612778495999e-15,-1.9267667350600376e-13,-1.9929305588534767e-13,5.328061604974948e-10,-8.951390732778312e-15,-1.9348029334074037e-13,-5.856549027539786e-15,-1.179106548604077e-14,1.3729069292822978e-10,5.38450710111486e-10,5.340999251143927e-10,-1.934802498695631e-13,-1.9755169499137913e-13,-1.9267667692033068e-13,-5.8565733550979456e-15,-1.9763066909199394e-13,-1.9969228607414274e-13,5.340999251143936e-10,-5.856579385824557e-15,5.340999251143947e-10,-1.9755168609729138e-13
1.0000001175484738,-1.926766686687289e-13,1.0000001313639095,1.0000001983446387,1.0000001867284773,6.260175571591106e-11,-3.150884977237009e-09,-1.9267984795757316e-13,1.0000001504676945,-1.926802082941383e-13,1.000000150467695,-1.92680639656235e-13,1.0000001967817067,1.000000150467693,2.333983707519668e-09,5.898760723377604e-14,1.0000002026354307,1.0000001899476039,-3.050818443976274e-13,-4.576930350394251e-15,4.531580196018818e-11,1.0000001967817067,1.2111348463872533e-09,-1.9268013331501845e-13,4.5315668936121015e-11,1.000000188122623,-1.9268036197549504e-13,-1.9268045761258763e-13,-2.419175351603193e-13,1.0000001504676943,-1.926798821899866e-13,1.0000001899476032,-1.926803880442876e-13,1.0000001991397105,1.0000001967817058,1.3351649253213083e-09,-2.2757556743243073e-13,-1.92680179997788e-13,1.0000002054857509,2.333983807884623e-09,-9.674932230012809e-11,1.0000001967817067,1.000000187169964,-1.9268031527537874e-13,1.000000188315227,-1.1765982042151646e-09,-1.9268044713615577e-13,-1.9268036746198212e-13,-1.9267996993314447e-13,-3.365159674920944e-13,-1.9651643153993369e-13,1.0000001504676952,-1.92679135701036e-13,-4.2330784926745965e-10,4.5315818094177583e-11,-1.2410289601248817e-14,2.333983588802205e-09,3.367329367821124e-10,1.0000001561427276,1.0000001977324895,-2.5780771446305225e-13,1.3013197213554184e-09,1.0000001556735152,4.5315653018320774e-11,-4.5771981758559194e-15,1.000000217784645,-3.050819839144924e-13,-1.9268030379805798e-13,1.000000155673516,1.0000001967817058,1.0000001561427276,4.531618005560045e-11,1.0000002001655204,1.0000001912993357,-1.9268030355928816e-13,4.531589617409297e-11,-1.926803120899051e-13,1.0000001967817078
1.0000001597398407,-1.9863324306826086e-13,1.0000001983446387,1.000000215776724,1.0000002289458525,3.503961821964642e-14,-1.586503143341598e-12,-1.9863647766873703e-13,1.0000001926705122,-1.986368360397714e-13,1.0000001926705127,-1.986372623511939e-13,1.0000002389927243,1.0000001926705113,1.166026947048206e-12,6.266573775458072e-14,1.0000002448460839,1.0000002321380541,-3.13020118281692e-13,-2.119479326284341e-15,1.609531578513694e-14,1.0000002389927247,6.020339116818117e-13,-1.9863677366966197e-13,1.6095250952664747e-14,1.0000002303383926,-1.986370023093773e-13,-1.9863714428016503e-13,-2.4891022885888856e-13,1.0000001926705104,-1.9863658595745926e-13,1.0000002321380537,-1.986369928674658e-13,1.0000002413507354,1.000000238992723,6.647428961331592e-13,-4.658355920580055e-10,-1.986368351607094e-13,1.000000247695759,1.1660268645360964e-12,-5.4829881634243235e-14,1.0000002389927225,1.000000229386237,-1.9863696568524738e-13,1.00000023052964,-5.956305407456347e-13,-1.9863715479344556e-13,-1.9863701866308908e-13,-1.9863665973812827e-13,-3.4283399402129383e-13,-2.0276835034846486e-13,1.0000001926705129,-1.986357458397851e-13,-2.1788307474142425e-13,1.6095327142349115e-14,-1.012133151001315e-14,1.1660268286219256e-12,1.6331870324474935e-13,1.0000001983446407,1.0000002399450256,-5.258926763901206e-10,6.474655998529723e-13,1.000000197875451,1.609526124941389e-14,-2.1197106608314994e-15,1.000000259987866,-3.130202937145241e-13,-1.9863693829817333e-13,1.0000001978754538,1.000000238992723,1.0000001983446394,1.6095498685501536e-14,1.0000002423772993,1.0000002335134466,-1.9863695776968476e-13,1.609535858381908e-14,-1.986369698803851e-13,1.0000002389927236
1.000000148126833,-1.9693927245362236e-13,1.0000001867284773,1.0000002289458525,1.0000001925621242,3.7393584437847537e-14,-3.1705783151201613e-09,-1.969424313096236e-13,1.0000001810549897,-1.9694283180142067e-13,1.000000181054989,-1.9694319211075665e-13,1.0000002273831672,1.000000181054988,2.3158812208805657e-09,6.508402259641596e-14,1.0000002332361582,1.0000002205252563,-3.1272315400879786e-13,-6.796744197753113e-16,1.1005189734020381e-14,1.0000002273831665,1.1910408325121993e-09,-1.9694274385463134e-13,1.1005036357410478e-14,1.0000002187322028,-1.9694293351839724e-13,-1.9694304383439273e-13,-2.4788538456882893e-13,1.0000001810549874,-1.9694253323852698e-13,1.0000002205252563,-1.9694298412112636e-13,1.000000229741157,1.0000002273831663,1.3166724768028072e-09,-2.323324205131109e-13,-1.9694276794760123e-13,1.0000002360853764,2.3158813212455203e-09,-1.188749837448174e-10,1.0000002273831663,1.0000002177805292,-1.9694288592240448e-13,1.0000002189223656,-5.934112108078883e-13,-1.9694304288655577e-13,-1.9694290308591655e-13,-1.9694260925395457e-13,-3.412536205103109e-13,-2.0128503074515914e-13,1.0000001810549886,-1.9694170333762875e-13,-4.4263741718113475e-10,1.1004473794524098e-14,-8.833436336231765e-15,2.3158811021630984e-09,3.1681309566409027e-10,1.0000001867284798,1.0000002283365028,-2.62392478455031e-13,1.281705124309794e-09,1.000000186259262,1.1005002608258874e-14,-6.799561899469075e-16,1.0000002483847654,-3.127233171094034e-13,-1.969428626557383e-13,1.0000001862592618,1.0000002273831665,1.0000001867284798,1.1005293391673938e-14,1.0000002307683076,1.0000002219060093,-1.9694293439556841e-13,1.1005123710534492e-14,-1.969429279184841e-13,1.0000002273831667
6.169066169665486e-10,-9.2801423014317e-15,6.260175571591106e-11,3.503961821964642e-14,3.7393584437847537e-14,-2.4772988057455538e-08,-7.741832901705017e-12,-9.280145053976241e-15,3.174276606773172e-14,-9.280142722090286e-15,3.174276837398179e-14,-9.28014412348366e-15,3.505006932211102e-14,3.174276073543098e-14,-3.6971367594944014e-15,5.898156135732061e-12,3.4995094270676726e-14,4.527844506948841e-11,-1.0828727116532354e-14,4.255639709170555e-12,-4.84827149891188e-15,3.5050134782633114e-14,-4.136371047311722e-15,-9.280138885267607e-15,-4.848074520117638e-15,3.6850123980476543e-14,-9.280142678971137e-15,-9.280143249844178e-15,-1.0153415273507615e-14,3.174275218272929e-14,-9.280144158188206e-15,4.527844506948736e-11,-9.28014306679955e-15,3.508161820502656e-14,3.5050069982694266e-14,-3.7726630749989014e-15,-9.495620961901333e-15,-9.28014783231693e-15,6.925051171884436e-11,-3.697098635958617e-15,-4.5913919249520904e-15,3.504998978331131e-14,3.698159702438758e-14,-9.280144523959093e-15,7.253464262668313e-11,-1.7650555869800366e-11,-9.280138885267607e-15,-9.280145967168388e-15,-9.280143719890353e-15,-9.724658645258909e-15,-9.507736241512489e-15,3.174275824916467e-14,-9.280145479328913e-15,-4.007745964038746e-15,-4.848170774607039e-15,4.058769573176046e-12,-3.6971284346995975e-15,-4.128711235467347e-15,6.260175571590664e-11,3.5665063453651023e-14,-9.399810102077728e-15,-3.943097435909289e-15,6.266343861208106e-11,-4.84829005056754e-15,4.255639709171147e-12,2.7466328884749902e-14,-1.0828849594030447e-14,-9.28014425021514e-15,6.266343861207894e-11,3.50500766274289e-14,6.260175571590769e-11,-4.848196865122679e-15,3.5354668276045485e-14,7.227605647054033e-11,-9.280145314245517e-15,-4.8482030600379115e-15,-9.280145245113313e-15,3.505007100578082e-14
-2.600952199743391e-09,-1.1287498095184679e-14,-3.150884977237009e-09,-1.586503143341598e-12,-3.1705783151201613e-09,-7.741832901705017e-12,-2.476241951686455e-08,-1.1287428095320614e-14,-3.1520508430994823e-09,-1.1287437236686441e-14,-3.152050843099481e-09,-1.1287487301641035e-14,-1.586666970160556e-12,-3.1520508430994823e-09,1.4615739473723548e-11,-4.00744290513179e-15,-3.1612602498771413e-09,-3.1722271310268667e-09,-8.88178777235213e-15,-2.132158870745195e-15,1.853576895882482e-11,-1.5866669869475349e-12,1.609365770746315e-11,-1.1287468198023302e-14,1.853576895882409e-11,-3.168102357974369e-09,-1.1287487301641035e-14,-1.1287487301641035e-14,-1.0230675242254758e-14,-3.1520508430994843e-09,-1.1287448581940439e-14,-3.1722271310268667e-09,-1.128744776471986e-14,-3.162031833382914e-09,-1.5866669523191802e-12,1.4953186685115297e-11,-2.1740885870940827e-11,-1.1287512156327474e-14,-1.585815235265316e-12,1.4615739473724394e-11,1.7544679285621577e-11,-1.586667039827417e-12,-3.1691340193923046e-09,-1.1287487301641035e-14,-3.16601320940024e-09,-2.4668309463410138e-11,-1.128744776471986e-14,-1.1287448581940439e-14,-1.1287440770330246e-14,-2.2579582817753156e-11,-2.175287213200889e-11,-3.152050843099487e-09,-1.1287442141411341e-14,1.5359157417059528e-11,1.853576895882482e-11,-1.819533151014046e-15,1.4615739473725742e-11,1.5844213796939083e-11,-3.1508849772370137e-09,-1.58753015907628e-12,-2.1924194038012747e-11,1.6057351866918766e-11,-3.1507681979764e-09,1.8535768958827074e-11,-2.132141784139457e-15,-3.1897652152811696e-09,-8.881691033382415e-15,-1.1287512156327474e-14,-3.1507681979764066e-09,-1.5866670693534972e-12,-3.1508849772370158e-09,1.8535768958821345e-11,-3.163112817599199e-09,-1.588489434038852e-12,-1.1287448581940439e-14,1.8535768958826573e-11,-1.1287448581940439e-14,-1.586666970160556e-12
6.944859520511333e-10,5.340999251143929e-10,-1.9267984795757316e-13,-1.9863647766873703e-13,-1.969424313096236e-13,-9.280145053976241e-15,-1.1287428095320614e-14,-2.424487296722728e-08,-1.9249787803816797e-13,5.340999251144023e-10,-1.9249787715699848e-13,5.340999251144032e-10,-1.9755481676413214e-13,-1.9249790643684676e-13,-6.597764727071231e-15,-8.957670580092777e-15,-1.9990156834684682e-13,1.299127427375317e-10,5.384507101114982e-10,-1.17910415165026e-14,-5.856571613476757e-15,-1.9755482730639433e-13,-6.405767499375117e-15,5.340999251144037e-10,-5.8565793155930005e-15,-1.991170533897093e-13,5.340999251144025e-10,5.34099925114403e-10,5.407406877696994e-10,-1.9249788141549416e-13,5.34099925114402e-10,1.2991274273753151e-10,5.340999251144026e-10,-1.9821785565523867e-13,-1.9755486548399962e-13,-7.032405737239208e-15,5.339205844409418e-10,5.34099925114402e-10,-2.0010855780602013e-13,-6.59779051725831e-15,-5.586187238811113e-15,-1.9755484899842663e-13,-1.9691337459060837e-13,5.340999251144026e-10,-2.0031189543450605e-13,5.384786879345152e-10,5.340999251144032e-10,5.340999251144023e-10,5.34099925114402e-10,5.457208799565346e-10,5.344189318209102e-10,-1.9249787715699875e-13,5.340999251144012e-10,-5.128497188211028e-15,-5.856536240354618e-15,-1.2867312198112178e-14,-6.59775987706233e-15,-5.521626548181242e-15,-1.926798358014174e-13,-1.9929623864942965e-13,5.328061604975059e-10,-8.951323337920388e-15,-1.934833850419577e-13,-5.856573355094988e-15,-1.1791059311573621e-14,1.3728441846877984e-10,5.384507101114974e-10,5.340999251144025e-10,-1.934834370510284e-13,-1.9755481990058666e-13,-1.9267979896921888e-13,-5.856539456165923e-15,-1.9763383927472129e-13,-1.9969548397361565e-13,5.340999251144026e-10,-5.856567582187847e-15,5.340999251144032e-10,-1.9755479121073971e-13
1.0000001118737614,-1.9249472390039368e-13,1.0000001504676945,1.0000001926705122,1.0000001810549897,3.174276606773172e-14,-3.1520508430994823e-09,-1.9249787803816797e-13,1.0000001200139335,-1.924982546363934e-13,1.000000144792749,-1.924987187301611e-13,1.000000191107595,1.0000001447927496,2.3329201089489154e-09,5.932599957412799e-14,1.0000001969612797,1.0000001842729882,-3.050927614163351e-13,-4.364721084895839e-15,4.39584397402808e-11,1.0000001911075953,1.2099579270056088e-09,-1.9249820226929002e-13,4.3958306716213914e-11,1.0000001824489675,-1.924984364468062e-13,-1.9249851839451773e-13,-2.418322756259605e-13,1.0000001447927476,-1.9249802295387423e-13,1.0000001842729875,-1.9249844935801763e-13,1.0000001934655989,1.0000001911075942,1.334076780105476e-09,-2.2742279729175373e-13,-1.9249825312913834e-13,1.0000001998115344,2.332920209313865e-09,-9.80359547445461e-11,1.000000191107594,1.0000001814963657,-1.9249839051319854e-13,1.000000182641435,-1.176109799046327e-09,-1.924985143574138e-13,-1.924983764570803e-13,-1.924980924073042e-13,-6.70286086009117e-10,-1.9636363881333308e-13,1.0000001447927498,-1.9249722849887686e-13,-4.244354541784728e-10,4.395845587426751e-11,-1.221719081759247e-14,2.3329199902314456e-09,3.355688137616792e-10,1.0000001504676963,1.000000192058521,-2.5764549893270355e-13,1.3001649200181417e-09,1.0000001499984825,4.395829079841291e-11,-4.364994297950621e-15,1.000000212111338,-3.0509299258638824e-13,-1.9249835019512367e-13,1.0000001499984839,1.0000001911075942,1.0000001504676963,4.3958817835689986e-11,1.0000001944914891,1.0000001856255185,-1.9249841753871149e-13,4.395853395418156e-11,-1.9249838986742985e-13,1.000000191107595
6.944861128410032e-10,5.340999251143927e-10,-1.926802082941383e-13,-1.986368360397714e-13,-1.9694283180142067e-13,-9.280142722090286e-15,-1.1287437236686441e-14,5.340999251144023e-10,-1.924982546363934e-13,-2.424487296722728e-08,-1.924982815193559e-13,5.340999251144034e-10,-1.9755511231849734e-13,-1.924983212100585e-13,-6.597760119631452e-15,-8.957656728427216e-15,-1.9990194092866522e-13,1.2991195142283375e-10,5.384507101114978e-10,-1.1791101254105133e-14,-5.856549027539777e-15,-1.9755515865560667e-13,-6.405749014530396e-15,5.340999251144034e-10,-5.856545087944401e-15,-1.9911746649154012e-13,5.34099925114403e-10,5.340999251144037e-10,5.407406877697e-10,-1.924982743163539e-13,5.340999251144025e-10,1.299119514228345e-10,5.34099925114403e-10,-1.982182601938128e-13,-1.975551868479107e-13,-7.032366229926708e-15,5.33920584440942e-10,5.340999251144023e-10,-2.0010893915774135e-13,-6.597774158363747e-15,-5.586237803005525e-15,-1.975550997106821e-13,-1.9691376514666862e-13,5.340999251144025e-10,-2.003123417071074e-13,5.384786879345062e-10,5.340999251144032e-10,5.340999251144028e-10,5.340999251144023e-10,5.457208799565341e-10,5.344189318209105e-10,-1.924982962865077e-13,5.340999251144003e-10,-5.12849665207289e-15,-5.856601021954264e-15,-1.2867414923582083e-14,-6.597764727071271e-15,-5.5215712982569796e-15,-1.9268025741375087e-13,-1.9929664500059374e-13,5.328061604975055e-10,-8.951323683121324e-15,-1.9348381018986845e-13,-5.8565268744836214e-15,-1.179110125407474e-14,1.3728362715405998e-10,5.38450710111498e-10,5.340999251144028e-10,-1.934838344682518e-13,-1.9755515276174803e-13,-1.9268016251196038e-13,-5.8565362710050816e-15,-1.9763419350268262e-13,-1.9969582141452105e-13,5.34099925114403e-10,-5.856545087942899e-15,5.340999251144032e-10,-1.975551073628322e-13
1.000000111873759,-1.9249473710892336e-13,1.000000150467695,1.0000001926705127,1.000000181054989,3.174276837398179e-14,-3.152050843099481e-09,-1.9249787715699848e-13,1.000000144792749,-1.924982815193559e-13,1.000000120013934,-1.9249868367989266e-13,1.0000001911075942,1.0000001447927491,2.3329201089489158e-09,5.932590829249109e-14,1.0000001969612806,1.0000001842729895,-3.0509280723687703e-13,-4.364717154321071e-15,4.395843974027935e-11,1.0000001911075946,1.209957927005605e-09,-1.9249818983550695e-13,4.395830671621315e-11,1.0000001824489668,-1.924984153044936e-13,-1.9249846507512922e-13,-2.418322702970019e-13,1.0000001447927496,-1.9249801838632495e-13,1.0000001842729873,-1.9249845474938727e-13,1.0000001934655998,1.0000001911075942,1.3340767801054766e-09,-2.2742276412671907e-13,-1.9249826183630968e-13,1.0000001998115344,2.332920209313858e-09,-9.803595474454494e-11,1.0000001911075942,1.0000001814963662,-1.9249834904442244e-13,1.0000001826414364,-1.1761097990463248e-09,-1.9249853155172763e-13,-1.9249838164535448e-13,-1.9249807384920144e-13,-6.702860860091148e-10,-1.963635867051016e-13,1.0000001447927491,-1.9249720687627972e-13,-4.244354541784728e-10,4.395845587426924e-11,-1.2217184440267589e-14,2.3329199902314456e-09,3.355688137616792e-10,1.000000150467697,1.0000001920585202,-2.576454723081586e-13,1.300164920018148e-09,1.0000001499984825,4.395829079841262e-11,-4.364984473732004e-15,1.0000002121113376,-3.050930204389722e-13,-1.924983591363115e-13,1.0000001499984845,1.0000001911075942,1.000000150467697,4.3958817835689895e-11,1.0000001944914882,1.0000001856255185,-1.9249841665058224e-13,4.395853395417963e-11,-1.924983698462222e-13,1.000000191107596
6.944886841361482e-10,5.34099925114394e-10,-1.92680639656235e-13,-1.986372623511939e-13,-1.9694319211075665e-13,-9.28014412348366e-15,-1.1287487301641035e-14,5.340999251144032e-10,-1.924987187301611e-13,5.340999251144034e-10,-1.9249868367989266e-13,-2.424487296722728e-08,-1.9755558362363674e-13,-1.9249867389885512e-13,-6.597776421146055e-15,-8.957657266374504e-15,-1.9990234870588651e-13,1.299111439750725e-10,5.384507101114995e-10,-1.1791041516502698e-14,-5.856542403362661e-15,-1.9755551701844987e-13,-6.405757696963069e-15,5.340999251144043e-10,-5.856526874485009e-15,-1.9911787716745062e-13,5.340999251144056e-10,5.340999251144062e-10,5.407406877697013e-10,-1.9249868920485545e-13,5.340999251144032e-10,1.299111439750735e-10,5.340999251144046e-10,-1.982186860930648e-13,-1.9755562474003551e-13,-7.0323692630042975e-15,5.339205844409431e-10,5.340999251144037e-10,-2.001093776325183e-13,-6.597770234288032e-15,-5.586199027794198e-15,-1.975555885353544e-13,-1.9691419785361602e-13,5.340999251144043e-10,-2.0031270340044117e-13,5.384786879345164e-10,5.340999251144048e-10,5.340999251144046e-10,5.340999251144037e-10,5.45720879956536e-10,5.344189318209128e-10,-1.924986892048556e-13,5.34099925114402e-10,-5.128497188211028e-15,-5.856536240343344e-15,-1.2867321295824831e-14,-6.5977870491291126e-15,-5.5216037267293974e-15,-1.9268067997389105e-13,-1.9929701812175094e-13,5.328061604975076e-10,-8.95137621219792e-15,-1.9348423186254014e-13,-5.8565490275402815e-15,-1.1791101254074732e-14,1.3728281970626464e-10,5.384507101114993e-10,5.340999251144051e-10,-1.9348425086945213e-13,-1.9755564938435014e-13,-1.92680627502479e-13,-5.856550198502677e-15,-1.976346164283405e-13,-1.9969621267939023e-13,5.340999251144048e-10,-5.856536240341874e-15,5.340999251144056e-10,-1.9755564731922411e-13
1.000000158178929,-1.9755167285678304e-13,1.0000001967817067,1.0000002389927243,1.0000002273831672,3.505006932211102e-14,-1.586666970160556e-12,-1.9755481676413214e-13,1.000000191107595,-1.9755511231849734e-13,1.0000001911075942,-1.9755558362363674e-13,1.0000002126511007,1.0000001911075937,1.1658939371509318e-12,6.268071539288211e-14,1.0000002432832464,1.0000002305771893,-3.119622886807467e-13,-2.143101873845117e-15,1.593874999945758e-14,1.000000237429917,6.018918226107981e-13,-1.9755504036049151e-13,1.593873629876258e-14,1.0000002287756542,-1.975553136807755e-13,-1.9755541341070765e-13,-2.478286756815847e-13,1.000000191107594,-1.9755491026272144e-13,1.0000002305771876,-1.975552634457122e-13,1.000000239787923,1.0000002374299175,6.646064323888124e-13,-2.327391790238259e-13,-1.9755520810255696e-13,1.000000246132912,1.1658939283910978e-12,-5.4978344034826023e-14,1.0000002374299162,1.0000002278235292,-1.9755523595438818e-13,1.0000002289668581,-5.945284520169373e-13,-1.9755541065178869e-13,-1.9755527179743441e-13,-1.9755500826852675e-13,-3.417271147265139e-13,-2.0169084320821773e-13,1.0000001911075953,-1.9755413018396878e-13,-2.1801447102009213e-13,1.593872403365709e-14,-1.0153664260208136e-14,1.1658938831934195e-12,1.6318242433498137e-13,1.0000001967817083,1.0000002383822313,-2.628632066201787e-13,6.473133349244527e-13,1.0000001963125136,1.593868330504763e-14,-2.1434026169653274e-15,1.0000002584272811,-3.1196243829642267e-13,-1.9755530168881355e-13,1.0000001963125145,1.0000002374299175,1.000000196781709,1.5938958951006526e-14,1.0000002408145066,1.0000002319506696,-1.9755534477032876e-13,1.5938794473281223e-14,-1.9755537326912358e-13,1.0000002374299168
1.00000011187376,-1.924947175385294e-13,1.000000150467693,1.0000001926705113,1.000000181054988,3.174276073543098e-14,-3.1520508430994823e-09,-1.9249790643684676e-13,1.0000001447927496,-1.924983212100585e-13,1.0000001447927491,-1.9249867389885512e-13,1.0000001911075937,1.0000001200139321,2.3329201089489145e-09,5.932601567537736e-14,1.0000001969612786,1.0000001842729873,-3.050928219222399e-13,-4.364737924564326e-15,4.395843974027965e-11,1.0000001911075929,1.2099579270056048e-09,-1.9249827989957952e-13,4.3958306716213054e-11,1.0000001824489668,-1.9249841530449332e-13,-1.9249849400483527e-13,-2.418322707200412e-13,1.0000001447927471,-1.9249803895975857e-13,1.0000001842729862,-1.9249844895369842e-13,1.000000193465599,1.0000001911075937,1.3340767801054682e-09,-2.274228159911934e-13,-1.9249825312913834e-13,1.0000001998115329,2.3329202093138567e-09,-9.803595474454458e-11,1.0000001911075942,1.0000001814963644,-1.9249833917099744e-13,1.0000001826414364,-1.1761097990463206e-09,-1.9249856208350312e-13,-1.9249845872994473e-13,-1.9249808724887025e-13,-6.702860860091159e-10,-1.963636805360136e-13,1.0000001447927491,-1.9249717678855093e-13,-4.244354541784699e-10,4.395845587426732e-11,-1.2217181858376346e-14,2.3329199902314406e-09,3.355688137616803e-10,1.0000001504676963,1.0000001920585202,-2.5764547204431073e-13,1.3001649200181394e-09,1.0000001499984816,4.3958290798412134e-11,-4.364983294766862e-15,1.0000002121113372,-3.0509302221105585e-13,-1.9249836700879325e-13,1.000000149998483,1.0000001911075937,1.000000150467695,4.3958817835688163e-11,1.0000001944914887,1.0000001856255172,-1.9249841669384342e-13,4.395853395418078e-11,-1.9249836984621632e-13,1.000000191107595
2.8929165887683573e-09,-6.597718781094933e-15,2.333983707519668e-09,1.166026947048206e-12,2.3158812208805657e-09,-3.6971367594944014e-15,1.4615739473723548e-11,-6.597764727071231e-15,2.3329201089489154e-09,-6.597760119631452e-15,2.3329201089489158e-09,-6.597776421146055e-15,1.1658939371509318e-12,2.3329201089489145e-09,-2.4765690410961905e-08,-3.801062271518991e-15,1.166259950490039e-12,2.3215574765445365e-09,-4.3662763106273396e-15,-2.1367264197454497e-15,1.672794465225368e-11,1.1658939371509318e-12,1.4485591359359768e-11,-6.597757764979741e-15,1.6727944652255134e-11,2.318074249080251e-09,-6.597787049130754e-15,-6.59777843994858e-15,-5.578854989949322e-15,2.332920108948911e-09,-6.597771630555564e-15,2.321557476544535e-09,-6.597757223518729e-15,1.1659327489887414e-12,1.1658939194496401e-12,1.3425642184328899e-11,-6.256237245259279e-15,-6.5977598770635435e-15,1.1666345629096192e-12,1.3129294557178245e-11,1.583317799678763e-11,1.1658939095127376e-12,2.317200023194875e-09,-6.5977694125346464e-15,1.1640710236134287e-12,-7.562667396800016e-15,-6.597769412534669e-15,-6.597757223518729e-15,-6.597781110638298e-15,-6.545794218288205e-15,-6.2582424221338215e-15,2.3329201089489112e-09,-6.597718781112034e-15,1.3853659878480086e-11,1.6727944652254546e-11,-1.867972057412074e-15,1.3129294557177268e-11,1.4286050406483829e-11,2.33398370751966e-09,2.3219421433284267e-09,-6.348903061169051e-15,1.4373539383932646e-11,2.334064269968154e-09,1.6727944652253832e-11,-2.136728288322125e-15,2.3056719149475583e-09,-4.366322808510974e-15,-6.597778439936345e-15,2.3340642699681485e-09,1.1658939541246703e-12,2.333983707519656e-09,1.6727944652253264e-11,1.1654457920777765e-12,2.320176719944395e-09,-6.5977598770635435e-15,1.6727944652253984e-11,-6.597818979166159e-15,1.1658939541246703e-12
6.724991833029265e-10,-8.957672391926502e-15,5.898760723377604e-14,6.266573775458072e-14,6.508402259641596e-14,5.898156135732061e-12,-4.00744290513179e-15,-8.957670580092777e-15,5.932599957412799e-14,-8.957656728427216e-15,5.932590829249109e-14,-8.957657266374504e-15,6.268071539288211e-14,5.932601567537736e-14,-3.801062271518991e-15,-2.4772843217852913e-08,6.261319322808803e-14,1.0078413973188092e-10,-1.0532623199253543e-14,4.266066687525904e-12,-4.978854842981537e-15,6.268079866247995e-14,-4.2493421024944675e-15,-8.957670134850491e-15,-4.9788716305790185e-15,6.452002963320653e-14,-8.95766687441484e-15,-8.957671378459995e-15,-9.837198003493606e-15,5.932602527673054e-14,-8.957670036491418e-15,1.007841397318817e-10,-8.957670580092803e-15,6.270894384213906e-14,6.268076419405314e-14,-3.878529717241677e-15,-9.177502448566108e-15,-8.957656747296412e-15,6.236389836007102e-14,-3.801016400340894e-15,-4.714767392360588e-15,6.268076419405314e-14,6.466229856354715e-14,-8.957687407470139e-15,1.2763685778497594e-10,-1.6959160414094016e-11,-8.957664343573783e-15,-8.957667257659012e-15,-8.957659833824165e-15,-9.38759268014162e-15,-9.189262701057897e-15,5.93260040117372e-14,-8.95766589099303e-15,-4.115287542577292e-15,-4.978854842981537e-15,4.05731072481393e-12,-3.8010613056994175e-15,-4.239091960387737e-15,5.898759871137146e-14,6.330403088901932e-14,-9.081717383653782e-15,-4.059871357540322e-15,5.901610887577793e-14,-4.978871630579005e-15,4.266066687526019e-12,5.5435783886670384e-14,-1.053289523897374e-14,-8.95767510836075e-15,5.901605131835457e-14,6.26808162061444e-14,5.898759720423753e-14,-4.9788912193082555e-15,6.298963930041193e-14,1.273785490698465e-10,-8.957665443826876e-15,-4.97882866439609e-15,-8.957654516999413e-15,6.268079866247995e-14
1.000000164028279,-1.998983748535996e-13,1.0000002026354307,1.0000002448460839,1.0000002332361582,3.4995094270676726e-14,-3.1612602498771413e-09,-1.9990156834684682e-13,1.0000001969612797,-1.9990194092866522e-13,1.0000001969612806,-1.9990234870588651e-13,1.0000002432832464,1.0000001969612786,1.166259950490039e-12,6.261319322808803e-14,1.0000002243578345,1.000000236426433,-3.142342286381112e-13,-2.10724462082183e-15,1.6374509700006683e-14,1.0000002432832469,6.022845897885392e-13,-1.9990184564151247e-13,1.637447314122365e-14,1.0000002346287835,-1.9990209662856766e-13,-1.9990219174976865e-13,-2.501656802013163e-13,1.0000001969612788,-1.9990169405892725e-13,1.000000236426432,-1.9990210705101983e-13,1.0000002456412687,1.0000002432832467,6.649819275318796e-13,-2.3507056455577036e-13,-1.9990189998087054e-13,1.0000002519863418,1.1662600768374106e-12,-5.456505955406132e-14,1.0000002432832467,1.0000002336765803,-1.9990199183155213e-13,1.0000002348201031,-1.1896011386900723e-09,-1.9990220367244202e-13,-1.9990206153043708e-13,-1.9990172949486456e-13,-3.4412981484191483e-13,-2.04025201914683e-13,1.0000001969612797,-1.999008776289721e-13,-2.176488358707777e-13,1.6374490943541133e-14,-1.0095675556968324e-14,1.1662599081410373e-12,1.6356088471100632e-13,1.0000002026354327,1.0000002442355207,-2.651923578715191e-13,1.2908877279331659e-09,1.0000002021662562,1.6374406181535858e-14,-2.1073006978060812e-15,1.0000002642757335,-3.142343525810459e-13,-1.9990205065783773e-13,1.0000002021662573,1.0000002432832467,1.0000002026354322,1.637471047851918e-14,1.0000002466678,1.0000002378039066,-1.9990209714928682e-13,1.6374540169553914e-14,-1.9990207663326372e-13,1.0000002432832478
1.000000151840203,1.2991901719677427e-10,1.0000001899476039,1.0000002321380541,1.0000002205252563,4.527844506948841e-11,-3.1722271310268667e-09,1.299127427375317e-10,1.0000001842729882,1.2991195142283375e-10,1.0000001842729895,1.299111439750725e-10,1.0000002305771893,1.0000001842729873,2.3215574765445365e-09,1.0078413973188092e-10,1.000000236426433,1.0000001994676972,-9.006683184079809e-11,-3.126625323964341e-11,3.4223812511271453e-11,1.0000002305771885,1.1990416647687593e-09,1.2991214889425738e-10,3.422367948719726e-11,1.0000002219152482,1.2991164803783014e-10,1.2991150388261832e-10,3.802999799890444e-11,1.0000001842729866,1.2991248632711332e-10,1.0000002242466304,1.2991162190607244e-10,1.0000002329339273,1.0000002305771873,1.3219074956062524e-09,6.015273530324476e-11,1.299120732921576e-10,1.0000002392762963,2.32155757690949e-09,-1.0732077335469484e-10,1.0000002305771878,1.0000002209667835,1.2991178685342654e-10,1.0000002221056326,-6.585006181671582e-10,1.2991147622425489e-10,1.2991171371927686e-10,1.299124136833439e-10,-1.4581376725042988e-10,1.2255546819635826e-10,1.0000001842729882,1.2991412796853878e-10,-4.3298867065353223e-10,3.4223828645256246e-11,-4.892587249978473e-11,2.3215573578270617e-09,3.263009947594443e-10,1.000000189947606,1.000000231524668,-1.1713547058265382e-12,1.2844150669663705e-09,1.0000001894768762,3.422366356939442e-11,-3.126675339889248e-11,1.000000252090644,-9.006715531406617e-11,1.2991180153910043e-10,1.0000001894768789,1.0000002305771878,1.0000001899476052,3.422419060669593e-11,1.000000233960858,1.0000002250908613,1.2991170496359502e-10,3.422390672517576e-11,1.2991178540412737e-10,1.0000002305771891
4.743685981750845e-10,5.384507101114876e-10,-3.050818443976274e-13,-3.13020118281692e-13,-3.1272315400879786e-13,-1.0828727116532354e-14,-8.88178777235213e-15,5.384507101114982e-10,-3.050927614163351e-13,5.384507101114978e-10,-3.0509280723687703e-13,5.384507101114995e-10,-3.119622886807467e-13,-3.050928219222399e-13,-4.3662763106273396e-15,-1.0532623199253543e-14,-3.142342286381112e-13,-9.006683184079809e-11,-2.423446668357105e-08,-2.557472517852322e-11,-2.9629910564807793e-15,-3.1196228291056505e-13,-3.923395995172513e-15,5.384507101114987e-10,-2.9629911007457065e-15,-3.1454879375918236e-13,5.384507101114987e-10,5.384507101114992e-10,5.459842441452302e-10,-3.050927953695937e-13,5.384507101114986e-10,-9.006683184079752e-11,5.384507101114987e-10,-3.1262954164953845e-13,-3.11962265459502e-13,-4.753572555372244e-15,5.385179721094371e-10,5.384507101114969e-10,-3.1430177285838683e-13,-4.366292169234019e-15,-2.8469891413954014e-15,-3.119622706209732e-13,-3.1245536470442907e-13,5.384507101114984e-10,-6.285510550287459e-10,5.422478689533326e-10,5.384507101114992e-10,5.384507101114987e-10,5.384507101114969e-10,5.503843283914185e-10,5.390242895776795e-10,-3.0509280641713746e-13,5.384507101114962e-10,-2.736156154108232e-15,-2.9629911285762487e-15,-2.7572260383455865e-11,-4.36627587535793e-15,-3.0563352220375145e-15,-3.050817294027165e-13,-3.1403374372176147e-13,5.373111210093238e-10,-6.543543713501485e-15,-3.058899256620466e-13,-2.96299119140796e-15,-2.557472517852292e-11,-8.826390076914967e-11,5.445116805948227e-10,5.384507101114987e-10,-3.058898950536103e-13,-3.119622779967611e-13,-3.050817490602497e-13,-2.9629912810503882e-15,-3.1221061394401344e-13,-6.27197540302628e-10,5.384507101114986e-10,-2.9629913000051645e-15,5.384507101114984e-10,-3.1196229060609296e-13
5.40423921441037e-10,-1.1791041516502975e-14,-4.576930350394251e-15,-2.119479326284341e-15,-6.796744197753113e-16,4.255639709170555e-12,-2.132158870745195e-15,-1.17910415165026e-14,-4.364721084895839e-15,-1.1791101254105133e-14,-4.364717154321071e-15,-1.1791041516502698e-14,-2.143101873845117e-15,-4.364737924564326e-15,-2.1367264197454497e-15,4.266066687525904e-12,-2.10724462082183e-15,-3.126625323964341e-11,-2.557472517852322e-11,-2.4775400859995073e-08,-2.8807063316414843e-15,-2.143160322939425e-15,-2.4214502834699777e-15,-1.17911051259588e-14,-2.8806976299675057e-15,-9.616477072860759e-16,-1.1791046755985004e-14,-1.1791026750491311e-14,-1.2446468640900455e-14,-4.364740259150861e-15,-1.1791045272803494e-14,-3.126625323964398e-11,-1.1791046755985004e-14,-2.101102384362416e-15,-2.143162262710893e-15,-2.1763785003368913e-15,-1.192750170474831e-14,-1.1791085410288829e-14,-2.269180665780311e-15,-2.1366677344394296e-15,-2.7282545224469303e-15,-2.1431605596981536e-15,-9.402562277923433e-16,-1.1791101254074732e-14,-2.383760721214584e-12,-2.307789198301145e-11,-1.17910415165026e-14,-1.1791101254074732e-14,-1.1791061067900752e-14,-1.2248438395126971e-14,-1.1941939024425305e-14,-4.364730479728666e-15,-1.1791046755985004e-14,-2.3740451019249075e-15,-2.8806994243535215e-15,3.3485159364448774e-12,-2.1367128708123574e-15,-2.4428314028842644e-15,-4.576898288094512e-15,-1.7082602620546115e-15,-1.1849729020845606e-14,-2.2282822536167675e-15,-4.532445765663188e-15,-2.880765378987193e-15,3.4129313639462555e-12,-1.2804684249603407e-14,-2.5574725178523318e-11,-1.1791061067886444e-14,-4.53240574427335e-15,-2.143174610033744e-15,-4.576957600455165e-15,-2.880725737913794e-15,-1.9423465419504258e-15,-2.5988456018983454e-12,-1.17910415165026e-14,-2.8807263750056408e-15,-1.17910415165026e-14,-2.143118177849314e-15
6.057326089327214e-10,-5.856552749520933e-15,4.531580196018818e-11,1.609531578513694e-14,1.1005189734020381e-14,-4.84827149891188e-15,1.853576895882482e-11,-5.856571613476757e-15,4.39584397402808e-11,-5.856549027539777e-15,4.395843974027935e-11,-5.856542403362661e-15,1.593874999945758e-14,4.395843974027965e-11,1.672794465225368e-11,-4.978854842981537e-15,1.6374509700006683e-14,3.4223812511271453e-11,-2.9629910564807793e-15,-2.8807063316414843e-15,-2.475747068950003e-08,1.5938729241810882e-14,1.8473463030513298e-11,-5.856545087918153e-15,2.134963831167828e-11,1.2391143417345037e-14,-5.856568241203223e-15,-5.8565682412058235e-15,-4.505393030689305e-15,4.395843974028003e-11,-5.856552749517181e-15,3.422381251127059e-11,-5.856567582186246e-15,1.597743012103377e-14,1.593876839227415e-14,1.7101554639167975e-11,-5.417198111213728e-15,-5.856552749517195e-15,1.68549855910344e-14,1.6727944652253748e-11,2.0210041447882518e-11,1.5938762404158213e-14,1.1854597944839818e-14,-5.856579385829009e-15,1.3566498602457914e-14,-7.049628845576375e-15,-5.856552749517195e-15,-5.856568241203223e-15,-5.856549027532298e-15,-5.712764113706937e-15,-5.418225886726519e-15,4.3958439740279453e-11,-5.856549027532329e-15,1.7683571445958782e-11,2.1349638311678324e-11,-2.5483089751337667e-15,1.67279446522538e-11,1.823448190506027e-11,4.531580196018434e-11,1.4873739632500463e-14,-5.542310669500205e-15,1.827306377262149e-11,4.5399627876923006e-11,2.134963831167841e-11,-2.8807146956278944e-15,6.9640059025326136e-15,-2.9629910337022468e-15,-5.856579385829023e-15,4.539962787692156e-11,1.59387148083759e-14,4.5315801960184816e-11,2.1349638311677645e-11,1.535785541744524e-14,1.3731440922363829e-14,-5.856549027539747e-15,2.134963831167807e-11,-5.856571613476878e-15,1.5938763432798395e-14
1.0000001581789313,-1.975516742614232e-13,1.0000001967817067,1.0000002389927247,1.0000002273831665,3.5050134782633114e-14,-1.5866669869475349e-12,-1.9755482730639433e-13,1.0000001911075953,-1.9755515865560667e-13,1.0000001911075946,-1.9755551701844987e-13,1.000000237429917,1.0000001911075929,1.1658939371509318e-12,6.268079866247995e-14,1.0000002432832469,1.0000002305771885,-3.1196228291056505e-13,-2.143160322939425e-15,1.5938729241810882e-14,1.000000212651103,6.018918675799523e-13,-1.97555014199151e-13,1.593870912923016e-14,1.0000002287756542,-1.975553109101181e-13,-1.9755538414957526e-13,-2.4782869738430397e-13,1.0000001911075935,-1.9755487764529706e-13,1.000000230577188,-1.9755539305377394e-13,1.0000002397879226,1.000000237429917,6.646063641528027e-13,-2.3273919015311836e-13,-1.9755513902161953e-13,1.000000246132912,1.1658941042462159e-12,-5.497834149838115e-14,1.0000002374299168,1.0000002278235307,-1.9755525618545457e-13,1.000000228966858,-5.945284568791965e-13,-1.975554748070677e-13,-1.975553214854937e-13,-1.975549900671468e-13,-3.417271099584072e-13,-2.0169083926473713e-13,1.0000001911075957,-1.975541082244127e-13,-2.1801449132780387e-13,1.5938782850526655e-14,-1.0153700000317397e-14,1.1658939106519396e-12,1.631824272460581e-13,1.0000001967817083,1.0000002383822313,-2.628631580322546e-13,6.4731328480211e-13,1.0000001963125134,1.5938652606872836e-14,-2.1434240711993144e-15,1.0000002584272794,-3.1196242908577574e-13,-1.975552926123644e-13,1.0000001963125145,1.000000237429917,1.0000001967817083,1.5938982781148464e-14,1.0000002408145074,1.0000002319506707,-1.9755535334107078e-13,1.5938790932971448e-14,-1.9755530581306823e-13,1.000000237429917
1.7705191943810088e-09,-6.405743146394273e-15,1.2111348463872533e-09,6.020339116818117e-13,1.1910408325121993e-09,-4.136371047311722e-15,1.609365770746315e-11,-6.405767499375117e-15,1.2099579270056088e-09,-6.405749014530396e-15,1.209957927005605e-09,-6.405757696963069e-15,6.018918226107981e-13,1.2099579270056048e-09,1.4485591359359768e-11,-4.2493421024944675e-15,6.022845897885392e-13,1.1990416647687593e-09,-3.923395995172513e-15,-2.4214502834699777e-15,1.8473463030513298e-11,6.018918675799523e-13,-2.4762828093871946e-08,-6.405771139078481e-15,1.8473463030514345e-11,1.1934493835444478e-09,-6.405766478638437e-15,-6.405783478090173e-15,-5.260649379309258e-15,1.2099579270056077e-09,-6.4057759623482556e-15,1.1990416647687605e-09,-6.4057468078899456e-15,6.019307171310115e-13,6.018917844866048e-13,1.4811162313814434e-11,-1.2007506598109313e-11,-6.4057578377447955e-15,6.027002085622532e-13,1.4485591359359834e-11,1.7486053447569304e-11,6.018918558149235e-13,1.192501105175053e-09,-6.405753726727617e-15,1.1954884442870873e-09,-7.458934421641318e-15,-6.405760344380615e-15,-6.405757696963078e-15,-6.405795652752178e-15,-6.318746635128725e-15,-1.2010457707617485e-11,1.209957927005607e-09,-6.405751837940948e-15,1.5299152195636212e-11,1.8473463030513808e-11,-2.128532682984999e-15,1.448559135935919e-11,1.5776420006464456e-11,1.211134846387248e-09,6.009829270690448e-13,-6.1323052006041654e-15,1.584360199550618e-11,1.2112162816481814e-09,1.8473463030513343e-11,-2.4215075275288118e-15,5.928260272700264e-13,-3.923426884389948e-15,-6.405741096384973e-15,1.2112162816481793e-09,6.018918232344879e-13,1.2111348463872492e-09,1.8473463030513863e-11,1.1985460256813587e-09,5.999983111507464e-13,-6.405771160127335e-15,1.8473463030513007e-11,-6.4057639290405245e-15,6.018918615419271e-13
