0.9999999968000963,0.9999886061411994,-2.1356511322906066e-07,0.9999886061412064,0.9999888709674462,0.9999885066461435,0.9999886061412061,0.9999872596064132,-2.0720334028681324e-07,0.999988606141205,0.999988506646145,-2.090965192134997e-07,0.9999889523523608,-2.1356511524756964e-07,-2.107283102241847e-07,-2.1019887031499424e-07,0.9999872596064131,-2.1135847809094113e-07,-2.1337206069764349e-07,0.9999886061412067,0.9999886061412075,0.9999886061412026,-2.132713303865041e-07,-2.1135847801649127e-07,-2.0713692631384255e-07,0.9999886061412047,-2.1135847809337947e-07,0.9999886061412032,-2.113584768151387e-07,-2.1477002342022854e-07,0.9999886061412064,0.99998558608881,0.9999886061412075,0.9999886061412081,-2.135651146934737e-07,-2.1337206340445866e-07,0.9999886061412061,0.9999890127717097,0.9999886061412061,0.9999886061412075,0.9999885066461459,-2.1562178604209467e-07,0.9999886061412023,-2.1188596017806068e-07,0.999988874671175,0.9999886061412032,-2.1188596017210186e-07,-2.1462394919140724e-07,0.999988606141206,-2.1316454337876322e-07,0.9999886061412074,-2.0717078704649456e-07,-2.1442290892325707e-07
0.9999886061411994,0.9999866454248703,-2.184003343998145e-12,0.9999841798046788,0.9999844446296859,0.999984080310079,0.9999841798046777,0.9999828332761468,1.014114765526212e-12,0.9999841798046768,0.9999840803100799,6.23970566262462e-14,0.9999845260142205,-2.1840036880940935e-12,-7.579182634522537e-13,-4.917642505409465e-13,0.9999828332761466,-1.0747091164842954e-12,-2.08695558293201e-12,0.9999841798046785,0.9999841798046781,0.9999841798046762,-2.036316514757045e-12,-1.0747096277066254e-12,1.0475000315429628e-12,0.9999841798046756,-1.074709294689339e-12,0.9999841798046756,-1.0747090610733485e-12,-2.7897239260089966e-12,0.9999841798046787,0.9999811597663223,0.999984179804679,0.9999841798046787,-2.1840042598809002e-12,-2.0869559349787296e-12,0.9999841798046777,0.99998458643329,0.9999841798046781,0.9999841798046782,0.9999840803100796,-3.2179119501237143e-12,0.9999841798046752,-1.3398788712890193e-12,0.9999844483333998,0.9999841798046756,-1.3398789906023447e-12,-2.716290751695388e-12,0.9999841798046785,-1.9826328003870426e-12,0.9999841798046782,1.0304790819614217e-12,-2.6152251224703726e-12
-2.1356511322906066e-07,-2.184003343998145e-12,2.465620268598687e-06,-2.1840033649604814e-12,-2.18400418842275e-12,-2.1840030000989362e-12,-2.1840033725801573e-12,-4.344444931214097e-09,-4.675397524938219e-19,-2.1840033624672923e-12,-2.184003033155056e-12,-4.686554415061414e-19,-2.1840044733937358e-12,-9.17699616070042e-16,-5.022694133902385e-19,-4.793121639891259e-19,-4.3444449312140685e-09,-4.582143986520157e-19,-9.192015204582915e-16,-2.184003373862758e-12,-2.184003359579984e-12,-2.184003392692934e-12,-9.20041960707601e-16,-4.582143986520157e-19,-5.617022296683119e-19,-2.1840033863068767e-12,-5.055339702708474e-19,-2.1840033725801573e-12,-4.762987819280002e-19,-9.473463450584512e-16,-2.1840033471627688e-12,-4.3444342827123315e-09,-2.184003387979679e-12,-2.1840033750694463e-12,-9.176996573666673e-16,-9.192015486365744e-16,-2.184003381006878e-12,-2.1840046745595706e-12,-2.184003359579984e-12,-2.184003359579984e-12,-2.1840030620357426e-12,-1.082619819864578e-15,-2.184003359579984e-12,-4.353043520641481e-19,-2.1840042111073736e-12,-2.1840033581627765e-12,-4.582481374889614e-19,-1.0392425610121547e-15,-2.1840033581627765e-12,-9.211933543051605e-16,-2.1840033725801573e-12,-3.741267291773154e-19,-1.0409286873279218e-15
0.9999886061412064,0.9999841798046788,-2.1840033649604814e-12,0.9999866454248854,0.9999844446296937,0.9999840803100866,0.999984179804686,0.9999828332761549,1.0141148369390358e-12,0.9999841798046842,0.9999840803100867,6.23970625598215e-14,0.9999845260142278,-2.184003698365459e-12,-7.579182435490825e-13,-4.917642744600323e-13,0.9999828332761541,-1.0747090929336673e-12,-2.086955600064094e-12,0.9999841798046851,0.9999841798046848,0.9999841798046842,-2.0363164647660067e-12,-1.0747096426441209e-12,1.047500084117526e-12,0.9999841798046829,-1.0747093353107954e-12,0.9999841798046829,-1.0747090704925325e-12,-2.7897239441406106e-12,0.9999841798046869,0.9999811597663295,0.9999841798046866,0.9999841798046853,-2.1840043007207236e-12,-2.0869559074437538e-12,0.9999841798046853,0.9999845864332978,0.9999841798046855,0.9999841798046851,0.9999840803100867,-3.2179119605261684e-12,0.9999841798046829,-1.3398788706642439e-12,0.9999844483334073,0.9999841798046835,-1.3398789644702143e-12,-2.7162908152827006e-12,0.9999841798046855,-1.9826328193429364e-12,0.9999841798046851,1.0304790893556866e-12,-2.6152251436869277e-12
0.9999888709674462,0.9999844446296859,-2.18400418842275e-12,0.9999844446296937,0.9999871750749699,0.999984345135067,0.9999844446296935,0.9999830981008062,1.0141148400408438e-12,0.9999844446296927,0.9999843451350674,6.23967502688752e-14,0.9999847908393285,-2.184004516127507e-12,-7.579187256887363e-13,-4.917646898546396e-13,0.9999830981008064,-1.0747097029605123e-12,-2.0869563444517132e-12,0.9999844446296935,0.9999844446296944,0.9999844446296918,-2.0363172763467688e-12,-1.074710181224021e-12,2.083700027032209e-09,0.9999844446296906,-1.0747098533602044e-12,0.9999844446296908,-1.0747096300113743e-12,-2.789724960392943e-12,0.9999844446296946,0.9999814245905414,0.9999844446296949,0.9999844446296937,-2.184005085415326e-12,-2.08695666649241e-12,0.9999844446296932,0.9999848512584131,0.9999844446296927,0.9999844446296944,0.9999843451350668,-6.401122288734888e-09,0.9999844446296904,-1.3398794516452962e-12,0.9999847131584855,0.9999844446296913,-1.339879550415777e-12,-2.7162918342128995e-12,0.9999844446296927,-1.982633613304962e-12,0.9999844446296935,1.0304790944118476e-12,-5.20224844450341e-09
0.9999885066461435,0.999984080310079,-2.1840030000989362e-12,0.9999840803100866,0.999984345135067,0.9999864464356969,0.9999840803100858,0.999982733781687,1.014114845821533e-12,0.9999840803100849,0.9999839808154971,6.23971587297276e-14,0.999984426519596,-2.184003317602643e-12,-7.579180723569237e-13,-4.917640516712135e-13,0.999982733781687,-1.074708918633721e-12,-2.0869552684528702e-12,0.9999840803100877,0.9999840803100867,0.9999840803100848,-2.0363161804224074e-12,-1.0747094257115155e-12,1.0475000509753028e-12,0.9999840803100826,-1.0747090806537771e-12,0.9999840803100838,-1.0747089062522036e-12,-2.789723571775175e-12,0.9999840803100867,0.9999810602720293,0.9999840803100875,0.9999840803100875,-2.184003955007835e-12,-2.086955603141268e-12,0.9999840803100855,0.9999844869386593,0.999984080310086,0.9999840803100867,0.999983980815497,-3.2179115254565286e-12,0.999984080310084,-1.3398786394346631e-12,0.9999843488387815,0.999984080310084,-1.3398787206303544e-12,-5.40328693300134e-09,0.999984080310086,-1.9826325223486566e-12,0.9999840803100862,1.03047910909715e-12,-2.615224767091339e-12
0.9999886061412061,0.9999841798046777,-2.1840033725801573e-12,0.999984179804686,0.9999844446296935,0.9999840803100858,0.9999866454248862,0.9999828332761541,1.0141148342738942e-12,0.9999841798046842,0.9999840803100866,6.239706245958023e-14,0.9999845260142275,-2.1840036522253728e-12,-7.57918214763441e-13,-4.917642371869463e-13,0.9999828332761543,-1.0747091163062266e-12,-2.0869555908870398e-12,0.9999841798046853,0.999984179804686,0.9999841798046842,-2.0363165222463323e-12,-1.0747096529931665e-12,1.0475000849084183e-12,0.9999841798046829,-1.0747092957581528e-12,0.9999841798046839,-1.0747090661396537e-12,-2.7897239624642267e-12,0.999984179804686,0.9999811597663297,0.9999841798046853,0.9999841798046862,-2.1840042868654766e-12,-2.0869559388210546e-12,0.9999841798046851,0.999984586433298,0.9999841798046855,0.9999841798046849,0.9999840803100867,-3.217911962518211e-12,0.9999841798046829,-1.3398788568175375e-12,0.9999844483334064,0.9999841798046829,-1.3398789797136028e-12,-2.71629075900136e-12,0.9999841798046853,-1.98263282870199e-12,0.9999841798046853,1.0304790893556866e-12,-2.6152251278310906e-12
0.9999872596064132,0.9999828332761468,-4.344444931214097e-09,0.9999828332761549,0.9999830981008062,0.999982733781687,0.9999828332761541,0.9999839523696324,2.0172898509049477e-09,0.9999828332761517,0.9999827337816888,1.2412149037607436e-10,0.9999831794852341,-4.344445553217996e-09,-1.5076595239628173e-09,-9.782227146225794e-10,0.9999814867494285,-2.1378237212242687e-09,-4.151396344071989e-09,0.999982833276154,0.9999828332761549,0.9999828332761512,-4.050664446875202e-09,-2.137824729317901e-09,2.083700135183415e-09,0.9999828332761512,-2.1378240517164453e-09,0.9999828332761508,-2.1378236256880702e-09,-5.549351494777017e-09,0.9999828332761551,0.9999798132418478,0.9999828332761554,0.9999828332761547,-4.344446723310341e-09,-4.151396976204231e-09,0.999982833276154,0.9999832399042218,0.9999828332761534,0.9999828332761543,0.9999827337816887,-6.4011081281376316e-09,0.9999828332761503,-2.66530247820621e-09,0.9999831018045159,0.9999828332761508,-2.665302635022237e-09,-5.403277346875287e-09,0.999982833276154,-3.943876263312583e-09,0.9999828332761541,2.0498418106461025e-09,-5.202236378298872e-09
-2.0720334028681324e-07,1.014114765526212e-12,-4.675397524938219e-19,1.0141148369390358e-12,1.0141148400408438e-12,1.014114845821533e-12,1.0141148342738942e-12,2.0172898509049477e-09,2.4656202660350297e-06,1.0141148296491066e-12,1.0141148571160979e-12,-4.628537733035057e-19,1.0141146685439237e-12,-4.728962214795142e-19,-8.250756851145946e-19,-2.215816113096588e-19,2.0172898509049386e-09,-4.64884165142075e-19,-3.6474835315815104e-19,1.0141148478150192e-12,1.0141148369390358e-12,1.0141148061578289e-12,-4.41509053252938e-19,-5.505327670394106e-19,-4.251917573859181e-19,1.0141148108368619e-12,-4.64884165142075e-19,1.0141148369390358e-12,-4.64884165142075e-19,-4.809322747610393e-19,1.0141148030207749e-12,1.0141147844327421e-12,1.0141148027402116e-12,1.014114847711959e-12,-4.474034015208931e-19,-3.6474835315815104e-19,1.0141148592538795e-12,1.0141148217458317e-12,1.0141148342738942e-12,1.0141148030207749e-12,1.014114844188707e-12,-5.42533208197008e-19,1.0141148369390358e-12,-6.432660137517811e-19,2.017289774123189e-09,1.0141148369390358e-12,-6.432660137517811e-19,-5.157399654851277e-19,1.0141148028685413e-12,-5.396211154645639e-19,1.0141148393492186e-12,-1.2377887898969249e-19,-8.422707244502647e-19
0.999988606141205,0.9999841798046768,-2.1840033624672923e-12,0.9999841798046842,0.9999844446296927,0.9999840803100849,0.9999841798046842,0.9999828332761517,1.0141148296491066e-12,0.9999866454248816,0.9999840803100857,6.239705143979005e-14,0.9999845260142266,-2.1840036522253728e-12,-7.579182239583459e-13,-4.917642680004665e-13,0.999982833276152,-1.0747090912806805e-12,-2.086955600064094e-12,0.9999841798046842,0.9999841798046853,0.9999841798046822,-2.0363165222463323e-12,-1.0747096322968564e-12,1.0475000040672708e-12,0.9999841798046817,-1.0747092996904014e-12,0.9999841798046817,-1.0747090661396537e-12,-2.7897239398589804e-12,0.9999841798046853,0.9999811597663286,0.9999841798046853,0.9999841798046848,-2.18400430092448e-12,-2.0869559201256435e-12,0.9999841798046839,0.9999845864332966,0.9999841798046843,0.9999841798046853,0.9999840803100857,-3.2179119523124e-12,0.9999841798046806,-1.3398788747880026e-12,0.999984448333405,0.9999841798046808,-1.3398790016354794e-12,-2.716290790839074e-12,0.9999841798046843,-1.9826328356923e-12,0.9999841798046843,1.0304790620273163e-12,-2.6152251742702736e-12
0.999988506646145,0.9999840803100799,-2.184003033155056e-12,0.9999840803100867,0.9999843451350674,0.9999839808154971,0.9999840803100866,0.9999827337816888,1.0141148571160979e-12,0.9999840803100857,0.9999864464356949,6.239716247683337e-14,0.9999844265195954,-2.1840033941736935e-12,-7.579180891715377e-13,-4.917640840196217e-13,0.9999827337816878,-1.074708894155799e-12,-2.086955273440367e-12,0.9999840803100867,0.9999840803100871,0.9999840803100849,-2.036316201787872e-12,-1.0747093923608017e-12,1.0475000457245144e-12,0.9999840803100843,-1.074709033535644e-12,0.9999840803100843,-1.0747088061140062e-12,-2.7897235433679974e-12,0.9999840803100875,0.9999810602720294,0.999984080310088,0.9999840803100866,-2.184003955007835e-12,-2.086955602514993e-12,0.9999840803100866,0.9999844869386589,0.9999840803100858,0.9999840803100871,0.9999839808154979,-3.2179115210901778e-12,0.9999840803100838,-1.3398786516031903e-12,0.9999843488387822,0.9999840803100843,-1.3398787093237206e-12,-5.403286933001412e-09,0.9999840803100858,-1.9826325027159613e-12,0.9999840803100866,1.0304790243432015e-12,-2.6152247872294184e-12
-2.090965192134997e-07,6.23970566262462e-14,-4.686554415061414e-19,6.23970625598215e-14,6.23967502688752e-14,6.23971587297276e-14,6.239706245958023e-14,1.2412149037607436e-10,-4.628537733035057e-19,6.239705143979005e-14,6.239716247683337e-14,2.4656202648896323e-06,6.239673598291771e-14,-4.812412308833604e-19,-9.269940071925424e-16,-9.284482336739294e-16,1.241214903760202e-10,-5.119784337326047e-19,-3.337669376568673e-19,6.23970566262462e-14,6.239705461632542e-14,6.239706745052204e-14,-4.840214760157775e-19,-5.366969498811456e-19,-3.7154751287473544e-19,6.239707980999383e-14,-5.693626268895086e-19,6.239707053474719e-14,-5.693626268895086e-19,-9.507399870185834e-16,6.239706677797285e-14,6.239997516045025e-14,6.239707780113431e-14,6.239707980999383e-14,-4.712242540447285e-19,-2.845790365153095e-19,6.239705444353628e-14,6.239652397490305e-14,6.23970505628882e-14,6.239706342869522e-14,6.239715921733498e-14,-1.0867574345548535e-15,6.23970566262462e-14,-4.1500732028806044e-19,6.239682854779736e-14,6.23970242108175e-14,-4.340729577198163e-19,-5.410636793474194e-19,6.239705974002949e-14,-4.425931562106139e-19,6.239704381785812e-14,2.75317792561553e-20,-5.188718840949755e-19
0.9999889523523608,0.9999845260142205,-2.1840044733937358e-12,0.9999845260142278,0.9999847908393285,0.999984426519596,0.9999845260142275,0.9999831794852341,1.0141146685439237e-12,0.9999845260142266,0.9999844265195954,6.239673598291771e-14,0.9999873378440894,-2.1840048099132967e-12,-7.579187865852564e-13,-4.917647872221345e-13,0.9999831794852332,-1.0747098408801834e-12,-2.086956646398492e-12,0.9999845260142283,0.9999845260142289,0.9999845260142266,-2.036317512532534e-12,-1.0747103058884097e-12,1.047499954187056e-12,0.9999845260142255,-1.0747100136469255e-12,0.9999845260142266,-1.074709858128705e-12,-2.7897252701802583e-12,0.9999845260142292,0.9999815059748322,0.9999845260142295,0.9999845260142278,-2.184005341029866e-12,-2.086956931636867e-12,0.9999845260142273,0.999984932642982,0.9999845260142269,0.9999845260142287,0.9999844265195958,-6.401123005004601e-09,0.9999845260142255,-1.3398795716825672e-12,0.9999847945430423,0.9999845260142255,-1.339879727153161e-12,-2.716292072943304e-12,0.9999845260142269,-1.98263384672426e-12,0.9999845260142273,1.0304790946142518e-12,-5.2022490549472605e-09
-2.1356511524756964e-07,-2.1840036880940935e-12,-9.17699616070042e-16,-2.184003698365459e-12,-2.184004516127507e-12,-2.184003317602643e-12,-2.1840036522253728e-12,-4.344445553217996e-09,-4.728962214795142e-19,-2.1840036522253728e-12,-2.1840033941736935e-12,-4.812412308833604e-19,-2.1840048099132967e-12,2.465620268598687e-06,-4.1976945498277758e-19,-4.521270671142386e-19,-4.3444455532179415e-09,-4.46588228733266e-19,-9.192015306673597e-16,-2.184003703598594e-12,-2.1840036522253728e-12,-2.184003703598594e-12,-9.200419710114174e-16,-4.771906023561341e-19,-5.617022296683119e-19,-2.184003698365459e-12,-4.711523125540674e-19,-2.184003675063261e-12,-4.771906023561341e-19,-9.473463545460032e-16,-2.184003675063261e-12,-4.344434904715049e-09,-2.1840036522253728e-12,-2.1840036505351278e-12,-9.176996674217284e-16,-9.192015588456513e-16,-2.1840036736399936e-12,-2.184004999150755e-12,-2.184003698365459e-12,-2.184003698365459e-12,-2.184003330010427e-12,-1.0826198306977818e-15,-2.1840036880940935e-12,-4.353043520641481e-19,-2.184004512777486e-12,-2.1840036867817638e-12,-3.8240764407039794e-19,-1.0392425720099697e-15,-2.1840036522253728e-12,-9.21193364766994e-16,-2.1840036850893058e-12,-4.301954209118428e-19,-1.0409286985197885e-15
-2.107283102241847e-07,-7.579182634522537e-13,-5.022694133902385e-19,-7.579182435490825e-13,-7.579187256887363e-13,-7.579180723569237e-13,-7.57918214763441e-13,-1.5076595239628173e-09,-8.250756851145946e-19,-7.579182239583459e-13,-7.579180891715377e-13,-9.269940071925424e-16,-7.579187865852564e-13,-4.1976945498277758e-19,2.465620268516553e-06,-9.59053280864136e-16,-1.5076595239628714e-09,-4.959305783355972e-19,-9.42115188413631e-16,-7.579182154660806e-13,-7.579182632327086e-13,-7.57918238204367e-13,-3.3853102214643984e-19,-4.765849057672932e-19,-6.630959003328746e-19,-7.579182634522537e-13,-5.53882630002768e-19,-7.579182397287962e-13,-4.959305783355972e-19,-9.746368914263831e-16,-7.579182435490825e-13,-7.57912959504219e-13,-7.579182597957139e-13,-7.579182239150851e-13,-4.429042480757414e-19,-9.421152188027703e-16,-7.579182262473835e-13,-1.507665739847462e-09,-7.579182262473835e-13,-7.579182436061466e-13,-7.579181095262366e-13,-1.1139785429560366e-15,-7.579182531406172e-13,-6.4222834271932195e-19,-7.579188637648524e-13,-7.579182262477452e-13,-6.4222834271932195e-19,-5.035828104588234e-19,-7.579182262477786e-13,-5.453146027412685e-19,-7.579182435490825e-13,-7.11510639746636e-19,-5.317619245893288e-19
-2.1019887031499424e-07,-4.917642505409465e-13,-4.793121639891259e-19,-4.917642744600323e-13,-4.917646898546396e-13,-4.917640516712135e-13,-4.917642371869463e-13,-9.782227146225794e-10,-2.215816113096588e-19,-4.917642680004665e-13,-4.917640840196217e-13,-9.284482336739294e-16,-4.917647872221345e-13,-4.521270671142386e-19,-9.59053280864136e-16,2.4656202676809426e-06,-9.782227146225523e-10,-5.434043296642122e-19,-5.004495005358607e-19,-4.917642413785023e-13,-4.917642327799796e-13,-4.917642557192808e-13,-9.46375385378437e-16,-3.2994390952010513e-19,-6.862673270449242e-19,-4.917642680004665e-13,-4.079784904937518e-19,-4.917642565011272e-13,-3.9348348954041635e-19,-9.791878483793695e-16,-4.917642438368773e-13,-4.917595384836168e-13,-4.917642861148155e-13,-4.917642326637993e-13,-4.793108359376958e-19,-4.377020292524396e-19,-4.917642744600323e-13,-9.78228008150283e-10,-4.91764268141528e-13,-4.917642744600323e-13,-4.917640970821215e-13,-1.1192111839308386e-15,-4.917642821158511e-13,-5.1037774855931675e-19,-4.917648277022749e-13,-4.917642744600323e-13,-3.961861696839466e-19,-4.694494972131753e-19,-4.917642699025464e-13,-5.033017516179694e-19,-4.917642699025464e-13,-2.6723529147064745e-19,-5.094755565567499e-19
0.9999872596064131,0.9999828332761466,-4.3444449312140685e-09,0.9999828332761541,0.9999830981008064,0.999982733781687,0.9999828332761543,0.9999814867494285,2.0172898509049386e-09,0.999982833276152,0.9999827337816878,1.241214903760202e-10,0.9999831794852332,-4.3444455532179415e-09,-1.5076595239628714e-09,-9.782227146225523e-10,0.9999839523696292,-2.1378237212242687e-09,-4.151396344071934e-09,0.9999828332761537,0.9999828332761543,0.9999828332761512,-4.050664446875166e-09,-2.137824729317892e-09,2.0837001351835415e-09,0.9999828332761512,-2.137824051716337e-09,0.9999828332761508,-2.1378236256880702e-09,-5.549351494777053e-09,0.9999828332761552,0.9999798132418477,0.9999828332761556,0.9999828332761547,-4.344446723310305e-09,-4.151396976204186e-09,0.999982833276154,0.9999832399042218,0.9999828332761538,0.9999828332761546,0.9999827337816887,-6.401108128137588e-09,0.9999828332761503,-2.6653024782062007e-09,0.9999831018045159,0.9999828332761508,-2.665302635022237e-09,-5.403277346875241e-09,0.9999828332761538,-3.9438762633125644e-09,0.999982833276154,2.0498418106460756e-09,-5.202236378298872e-09
-2.1135847809094113e-07,-1.0747091164842954e-12,-4.582143986520157e-19,-1.0747090929336673e-12,-1.0747097029605123e-12,-1.074708918633721e-12,-1.0747091163062266e-12,-2.1378237212242687e-09,-4.64884165142075e-19,-1.0747090912806805e-12,-1.074708894155799e-12,-5.119784337326047e-19,-1.0747098408801834e-12,-4.46588228733266e-19,-4.959305783355972e-19,-5.434043296642122e-19,-2.1378237212242687e-09,2.4656202676498247e-06,-4.382838440190718e-19,-1.074709132396497e-12,-1.0747091236076925e-12,-1.0747091489407755e-12,-4.394785142714457e-19,-8.760561833016086e-16,-6.117010483571403e-19,-1.0747090837216614e-12,-8.760560976829843e-16,-1.0747091319029905e-12,-8.760560754501453e-16,-4.682849992019589e-19,-1.074709151295953e-12,-1.0747029391529304e-12,-1.0747091236076925e-12,-1.0747091002412595e-12,-5.055339702708474e-19,-4.382838440190718e-19,-1.0747090997814527e-12,-1.0747099676783665e-12,-1.0747090824361948e-12,-1.0747091236076925e-12,-1.0747089101393802e-12,-5.246285218603571e-19,-1.0747091334247314e-12,-8.732697272475096e-16,-1.0747096631614347e-12,-1.0747091190996612e-12,-8.732697530215803e-16,-5.174420206696678e-19,-1.0747091170525693e-12,-5.116737734545555e-19,-1.0747091248705812e-12,-6.376852193466744e-19,-4.866320585933453e-19
-2.1337206069764349e-07,-2.08695558293201e-12,-9.192015204582915e-16,-2.086955600064094e-12,-2.0869563444517132e-12,-2.0869552684528702e-12,-2.0869555908870398e-12,-4.151396344071989e-09,-3.6474835315815104e-19,-2.086955600064094e-12,-2.086955273440367e-12,-3.337669376568673e-19,-2.086956646398492e-12,-9.192015306673597e-16,-9.42115188413631e-16,-5.004495005358607e-19,-4.151396344071934e-09,-4.382838440190718e-19,2.4656202668908544e-06,-2.0869555932842326e-12,-2.0869555965025524e-12,-2.086955559651309e-12,-9.214878813925273e-16,-4.588771576369828e-19,-4.75761643048877e-19,-2.086955567245246e-12,-4.61107445769407e-19,-2.0869555781585077e-12,-4.759967392444565e-19,-9.491057435305302e-16,-2.086955560151504e-12,-4.151386016266782e-09,-2.0869555434481658e-12,-2.086955558419301e-12,-9.192015722436892e-16,-9.20666646622144e-16,-2.0869555781585077e-12,-2.0869568837994093e-12,-2.08695558293201e-12,-2.0869555434481658e-12,-2.0869552658034568e-12,-1.0846420811625353e-15,-2.0869555763660093e-12,-4.2715206904678355e-19,-2.0869564207004806e-12,-2.0869556024388965e-12,-5.856955097818226e-19,-1.0410382849906094e-15,-2.086955559651309e-12,-9.226191033623941e-16,-2.086955559651309e-12,-4.95992289084392e-19,-1.0426861413777457e-15
0.9999886061412067,0.9999841798046785,-2.184003373862758e-12,0.9999841798046851,0.9999844446296935,0.9999840803100877,0.9999841798046853,0.999982833276154,1.0141148478150192e-12,0.9999841798046842,0.9999840803100867,6.23970566262462e-14,0.9999845260142283,-2.184003703598594e-12,-7.579182154660806e-13,-4.917642413785023e-13,0.9999828332761537,-1.074709132396497e-12,-2.0869555932842326e-12,0.9999866454248857,0.999984179804686,0.9999841798046835,-2.0363164982623855e-12,-1.0747096195478625e-12,1.047500082447395e-12,0.9999841798046822,-1.0747092786435181e-12,0.9999841798046831,-1.0747090371520567e-12,-2.7897239260089966e-12,0.9999841798046869,0.9999811597663307,0.9999841798046871,0.9999841798046853,-2.1840042990183128e-12,-2.08695588698797e-12,0.9999841798046843,0.9999845864332975,0.9999841798046857,0.999984179804686,0.9999840803100866,-3.2179119471845247e-12,0.9999841798046831,-1.3398788920503443e-12,0.9999844483334058,0.9999841798046829,-1.3398789906023447e-12,-2.716290810680564e-12,0.9999841798046857,-1.9826328364326737e-12,0.9999841798046851,1.0304790567771709e-12,-2.6152251436869277e-12
0.9999886061412075,0.9999841798046781,-2.184003359579984e-12,0.9999841798046848,0.9999844446296944,0.9999840803100867,0.999984179804686,0.9999828332761549,1.0141148369390358e-12,0.9999841798046853,0.9999840803100871,6.239705461632542e-14,0.9999845260142289,-2.1840036522253728e-12,-7.579182632327086e-13,-4.917642327799796e-13,0.9999828332761543,-1.0747091236076925e-12,-2.0869555965025524e-12,0.999984179804686,0.999986645424885,0.9999841798046843,-2.0363165115346212e-12,-1.074709617637172e-12,1.0475000749898157e-12,0.9999841798046828,-1.0747092820746172e-12,0.9999841798046831,-1.0747090779539151e-12,-2.789723908586758e-12,0.9999841798046866,0.9999811597663306,0.9999841798046875,0.9999841798046851,-2.184004310920954e-12,-2.0869559074437538e-12,0.9999841798046849,0.9999845864332984,0.9999841798046851,0.9999841798046853,0.9999840803100869,-3.2179119717193935e-12,0.9999841798046826,-1.3398788916859779e-12,0.9999844483334076,0.9999841798046839,-1.33987896926983e-12,-2.716290789371083e-12,0.9999841798046851,-1.9826328159906226e-12,0.9999841798046849,1.0304790434205958e-12,-2.6152251436869277e-12
0.9999886061412026,0.9999841798046762,-2.184003392692934e-12,0.9999841798046842,0.9999844446296918,0.9999840803100848,0.9999841798046842,0.9999828332761512,1.0141148061578289e-12,0.9999841798046822,0.9999840803100849,6.239706745052204e-14,0.9999845260142266,-2.184003703598594e-12,-7.57918238204367e-13,-4.917642557192808e-13,0.9999828332761512,-1.0747091489407755e-12,-2.086955559651309e-12,0.9999841798046835,0.9999841798046843,0.9999866454248817,-2.0363164857824244e-12,-1.0747096529931665e-12,1.047500083925634e-12,0.9999841798046805,-1.0747093353107954e-12,0.9999841798046814,-1.0747090586951578e-12,-2.7897239462629388e-12,0.9999841798046851,0.9999811597663287,0.9999841798046853,0.9999841798046848,-2.184004297380358e-12,-2.0869559599901845e-12,0.9999841798046839,0.9999845864332955,0.9999841798046839,0.9999841798046843,0.9999840803100862,-3.2179119505157337e-12,0.9999841798046802,-1.3398788829120515e-12,0.9999844483334045,0.9999841798046802,-1.3398789906023447e-12,-2.7162907550358404e-12,0.9999841798046839,-1.98263282870199e-12,0.9999841798046839,1.0304790468289463e-12,-2.6152251585648987e-12
-2.132713303865041e-07,-2.036316514757045e-12,-9.20041960707601e-16,-2.0363164647660067e-12,-2.0363172763467688e-12,-2.0363161804224074e-12,-2.0363165222463323e-12,-4.050664446875202e-09,-4.41509053252938e-19,-2.0363165222463323e-12,-2.036316201787872e-12,-4.840214760157775e-19,-2.036317512532534e-12,-9.200419710114174e-16,-3.3853102214643984e-19,-9.46375385378437e-16,-4.050664446875166e-09,-4.394785142714457e-19,-9.214878813925273e-16,-2.0363164982623855e-12,-2.0363165115346212e-12,-2.0363164857824244e-12,2.46562026715293e-06,-4.495150515800839e-19,-4.48381463714003e-19,-2.036316482161332e-12,-5.065360955328436e-19,-2.0363164691482763e-12,-3.2812986081260333e-19,-9.500827159452149e-16,-2.0363164867690017e-12,-4.050654286208984e-09,-2.0363164647660067e-12,-2.0363165195035476e-12,-9.200420127480712e-16,-9.214879097954952e-16,-2.0363164967360107e-12,-2.0363178184238946e-12,-2.0363165189516646e-12,-2.0363165222463323e-12,-2.036316159735478e-12,-1.0857646420878039e-15,-2.0363164867690017e-12,-5.314607533341187e-19,-2.0363173135333364e-12,-2.036316502638354e-12,-4.491776717096367e-19,-1.0420397050217796e-15,-2.0363165548137097e-12,-9.234198787615684e-16,-2.036316520237071e-12,-5.502514333345099e-19,-1.0436676289448312e-15
-2.1135847801649127e-07,-1.0747096277066254e-12,-4.582143986520157e-19,-1.0747096426441209e-12,-1.074710181224021e-12,-1.0747094257115155e-12,-1.0747096529931665e-12,-2.137824729317901e-09,-5.505327670394106e-19,-1.0747096322968564e-12,-1.0747093923608017e-12,-5.366969498811456e-19,-1.0747103058884097e-12,-4.771906023561341e-19,-4.765849057672932e-19,-3.2994390952010513e-19,-2.137824729317892e-09,-8.760561833016086e-16,-4.588771576369828e-19,-1.0747096195478625e-12,-1.074709617637172e-12,-1.0747096529931665e-12,-4.495150515800839e-19,2.4656202676498247e-06,-6.117010483571403e-19,-1.0747096319755234e-12,-8.760562085665968e-16,-1.0747096250835462e-12,-8.760561863337776e-16,-4.672557457738926e-19,-1.0747096250835462e-12,-1.0747033447696485e-12,-1.0747096529931665e-12,-1.0747096361626367e-12,-4.582143986520157e-19,-4.848430389176613e-19,-1.0747096095181683e-12,-1.0747104873848063e-12,-1.074709617637172e-12,-1.0747096426441209e-12,-1.074709442355108e-12,-5.1469703132232e-19,-1.0747096319755234e-12,-8.732698374627512e-16,-1.0747102049574686e-12,-1.0747096195478625e-12,-8.732698632368187e-16,-5.680817040492872e-19,-1.0747096380377833e-12,-5.116737734545555e-19,-1.0747096364845124e-12,-6.376851658835331e-19,-5.137150834005561e-19
-2.0713692631384255e-07,1.0475000315429628e-12,-5.617022296683119e-19,1.047500084117526e-12,2.083700027032209e-09,1.0475000509753028e-12,1.0475000849084183e-12,2.083700135183415e-09,-4.251917573859181e-19,1.0475000040672708e-12,1.0475000457245144e-12,-3.7154751287473544e-19,1.047499954187056e-12,-5.617022296683119e-19,-6.630959003328746e-19,-6.862673270449242e-19,2.0837001351835415e-09,-6.117010483571403e-19,-4.75761643048877e-19,1.047500082447395e-12,1.0475000749898157e-12,1.047500083925634e-12,-4.48381463714003e-19,-6.117010483571403e-19,2.4656202679273673e-06,1.0475000765048342e-12,-3.674927546200011e-19,1.047500051846048e-12,-6.117010483571403e-19,-6.438664723544592e-19,1.0475000148028756e-12,1.0475001959208582e-12,1.0475000740934427e-12,1.0475000040632064e-12,-5.130395992229349e-19,-4.679328569791235e-19,1.047500084117526e-12,2.0837000154413703e-09,1.0475000719318075e-12,1.0475000743846285e-12,1.0475000671966782e-12,-6.521780970112354e-19,1.047500083925634e-12,-7.572399967245047e-19,1.0475000360206193e-12,1.0475000775763396e-12,-7.572399967245047e-19,-5.278273602911547e-19,1.0475000811445264e-12,-5.296194280439228e-19,1.047500076429474e-12,-1.0399274582624037e-18,-4.961187947397841e-19
0.9999886061412047,0.9999841798046756,-2.1840033863068767e-12,0.9999841798046829,0.9999844446296906,0.9999840803100826,0.9999841798046829,0.9999828332761512,1.0141148108368619e-12,0.9999841798046817,0.9999840803100843,6.239707980999383e-14,0.9999845260142255,-2.184003698365459e-12,-7.579182634522537e-13,-4.917642680004665e-13,0.9999828332761512,-1.0747090837216614e-12,-2.086955567245246e-12,0.9999841798046822,0.9999841798046828,0.9999841798046805,-2.036316482161332e-12,-1.0747096319755234e-12,1.0475000765048342e-12,0.9999866454248801,-1.0747092610052466e-12,0.9999841798046805,-1.0747090778468172e-12,-2.7897239441406106e-12,0.9999841798046842,0.999981159766327,0.9999841798046843,0.9999841798046828,-2.184004277631094e-12,-2.0869559127613853e-12,0.9999841798046822,0.9999845864332948,0.9999841798046822,0.9999841798046831,0.999984080310084,-3.2179119620303293e-12,0.9999841798046799,-1.3398788468183353e-12,0.9999844483334042,0.9999841798046808,-1.3398789531864697e-12,-2.7162907987705277e-12,0.9999841798046822,-1.9826328422658266e-12,0.9999841798046822,1.0304791003137357e-12,-2.6152251301965966e-12
-2.1135847809337947e-07,-1.074709294689339e-12,-5.055339702708474e-19,-1.0747093353107954e-12,-1.0747098533602044e-12,-1.0747090806537771e-12,-1.0747092957581528e-12,-2.1378240517164453e-09,-4.64884165142075e-19,-1.0747092996904014e-12,-1.074709033535644e-12,-5.693626268895086e-19,-1.0747100136469255e-12,-4.711523125540674e-19,-5.53882630002768e-19,-4.079784904937518e-19,-2.137824051716337e-09,-8.760560976829843e-16,-4.61107445769407e-19,-1.0747092786435181e-12,-1.0747092820746172e-12,-1.0747093353107954e-12,-5.065360955328436e-19,-8.760562085665968e-16,-3.674927546200011e-19,-1.0747092610052466e-12,2.4656202676498247e-06,-1.0747093333286885e-12,-8.760561007151352e-16,-4.672372189285842e-19,-1.0747092736285957e-12,-1.0747031163312993e-12,-1.0747092786819047e-12,-1.0747093353107954e-12,-4.582143986520157e-19,-4.396100617871489e-19,-1.0747092957581528e-12,-1.0747101025310101e-12,-1.0747092786435181e-12,-1.0747092736286125e-12,-1.074709080354754e-12,-5.078088426990224e-19,-1.0747093374719853e-12,-8.732697522951473e-16,-1.07470984102473e-12,-1.0747092558651013e-12,-8.732697780692275e-16,-4.829574203897001e-19,-1.0747092281360539e-12,-5.116737734545555e-19,-1.0747093165209041e-12,-2.2073249103262706e-19,-4.586888382136223e-19
0.9999886061412032,0.9999841798046756,-2.1840033725801573e-12,0.9999841798046829,0.9999844446296908,0.9999840803100838,0.9999841798046839,0.9999828332761508,1.0141148369390358e-12,0.9999841798046817,0.9999840803100843,6.239707053474719e-14,0.9999845260142266,-2.184003675063261e-12,-7.579182397287962e-13,-4.917642565011272e-13,0.9999828332761508,-1.0747091319029905e-12,-2.0869555781585077e-12,0.9999841798046831,0.9999841798046831,0.9999841798046814,-2.0363164691482763e-12,-1.0747096250835462e-12,1.047500051846048e-12,0.9999841798046805,-1.0747093333286885e-12,0.9999866454248778,-1.0747091055591455e-12,-2.7897239787313066e-12,0.9999841798046848,0.999981159766327,0.9999841798046842,0.9999841798046822,-2.184004297380358e-12,-2.0869559127613853e-12,0.9999841798046826,0.9999845864332946,0.9999841798046822,0.9999841798046831,0.9999840803100843,-3.2179119416758346e-12,0.9999841798046808,-1.3398788627155618e-12,0.9999844483334045,0.9999841798046805,-1.3398789797136028e-12,-2.7162908109770765e-12,0.9999841798046822,-1.9826328193429364e-12,0.999984179804682,1.0304791289690555e-12,-2.6152251534948005e-12
-2.113584768151387e-07,-1.0747090610733485e-12,-4.762987819280002e-19,-1.0747090704925325e-12,-1.0747096300113743e-12,-1.0747089062522036e-12,-1.0747090661396537e-12,-2.1378236256880702e-09,-4.64884165142075e-19,-1.0747090661396537e-12,-1.0747088061140062e-12,-5.693626268895086e-19,-1.074709858128705e-12,-4.771906023561341e-19,-4.959305783355972e-19,-3.9348348954041635e-19,-2.1378236256880702e-09,-8.760560754501453e-16,-4.759967392444565e-19,-1.0747090371520567e-12,-1.0747090779539151e-12,-1.0747090586951578e-12,-3.2812986081260333e-19,-8.760561863337776e-16,-6.117010483571403e-19,-1.0747090778468172e-12,-8.760561007151352e-16,-1.0747091055591455e-12,2.4656202676498247e-06,-4.593128382334769e-19,-1.0747090913560473e-12,-1.0747029006303604e-12,-1.0747090574829689e-12,-1.0747090779539151e-12,-5.055339702708474e-19,-4.396100617871489e-19,-1.0747090704925325e-12,-1.074709899133721e-12,-1.0747090821673694e-12,-1.0747090768103638e-12,-1.0747088068016476e-12,-5.17387092256089e-19,-1.0747090468216797e-12,-8.732697303271826e-16,-1.0747096210873706e-12,-1.0747090811325093e-12,-8.732697561012729e-16,-4.829574203897001e-19,-1.0747090779538012e-12,-5.116737734545555e-19,-1.0747090732221336e-12,-4.1203510124154635e-19,-4.681480188154073e-19
-2.1477002342022854e-07,-2.7897239260089966e-12,-9.473463450584512e-16,-2.7897239441406106e-12,-2.789724960392943e-12,-2.789723571775175e-12,-2.7897239624642267e-12,-5.549351494777017e-09,-4.809322747610393e-19,-2.7897239398589804e-12,-2.7897235433679974e-12,-9.507399870185834e-16,-2.7897252701802583e-12,-9.473463545460032e-16,-9.746368914263831e-16,-9.791878483793695e-16,-5.549351494777053e-09,-4.682849992019589e-19,-9.491057435305302e-16,-2.7897239260089966e-12,-2.789723908586758e-12,-2.7897239462629388e-12,-9.500827159452149e-16,-4.672557457738926e-19,-6.438664723544592e-19,-2.7897239441406106e-12,-4.672372189285842e-19,-2.7897239787313066e-12,-4.593128382334769e-19,2.465620265823411e-06,-2.7897239083277484e-12,-5.549338703872108e-09,-2.789723949999612e-12,-2.789723949999612e-12,-9.473463959118948e-16,-9.491057720776089e-16,-2.7897239031285104e-12,-5.549364886574938e-09,-2.7897239470093344e-12,-2.7897239532592045e-12,-2.789723567473016e-12,-1.1162615577780632e-15,-2.7897239343138326e-12,-4.661913502685659e-19,-2.7897249760956597e-12,-2.7897239549024856e-12,-4.651279431565329e-19,-1.0723107815332832e-15,-2.789723908586758e-12,-9.513888029351999e-16,-2.7897239441406106e-12,-9.703049282112517e-16,-1.0742697486337965e-15
0.9999886061412064,0.9999841798046787,-2.1840033471627688e-12,0.9999841798046869,0.9999844446296946,0.9999840803100867,0.999984179804686,0.9999828332761551,1.0141148030207749e-12,0.9999841798046853,0.9999840803100875,6.239706677797285e-14,0.9999845260142292,-2.184003675063261e-12,-7.579182435490825e-13,-4.917642438368773e-13,0.9999828332761552,-1.074709151295953e-12,-2.086955560151504e-12,0.9999841798046869,0.9999841798046866,0.9999841798046851,-2.0363164867690017e-12,-1.0747096250835462e-12,1.0475000148028756e-12,0.9999841798046842,-1.0747092736285957e-12,0.9999841798046848,-1.0747090913560473e-12,-2.7897239083277484e-12,0.999986645424885,0.9999811597663312,0.9999841798046871,0.9999841798046872,-2.1840043041519095e-12,-2.0869559541602252e-12,0.9999841798046853,0.9999845864332989,0.9999841798046863,0.9999841798046857,0.9999840803100877,-3.2179119138655317e-12,0.9999841798046839,-1.3398788501517074e-12,0.9999844483334082,0.9999841798046843,-1.339878971516276e-12,-2.7162907987705277e-12,0.9999841798046862,-1.9826328159906226e-12,0.9999841798046866,1.0304791034093535e-12,-2.6152251647364924e-12
0.99998558608881,0.9999811597663223,-4.3444342827123315e-09,0.9999811597663295,0.9999814245905414,0.9999810602720293,0.9999811597663297,0.9999798132418478,1.0141147844327421e-12,0.9999811597663286,0.9999810602720294,6.239997516045025e-14,0.9999815059748322,-4.344434904715049e-09,-7.57912959504219e-13,-4.917595384836168e-13,0.9999798132418477,-1.0747029391529304e-12,-4.151386016266782e-09,0.9999811597663307,0.9999811597663306,0.9999811597663287,-4.050654286208984e-09,-1.0747033447696485e-12,1.0475001959208582e-12,0.999981159766327,-1.0747031163312993e-12,0.999981159766327,-1.0747029006303604e-12,-5.549338703872108e-09,0.9999811597663312,0.9999806053572712,0.9999811597663306,0.9999811597663297,-4.3444360748054996e-09,-4.1513866483979954e-09,0.9999811597663293,0.9999815663937173,0.9999811597663301,0.9999811597663304,0.9999810602720289,-6.4010934105460405e-09,0.9999811597663266,-1.339871861287712e-12,0.9999814282942429,0.9999811597663263,-1.33987195374995e-12,-5.4032644713682585e-09,0.9999811597663301,-3.943866278917264e-09,0.999981159766329,1.0304789585544312e-12,-5.202223836338591e-09
0.9999886061412075,0.999984179804679,-2.184003387979679e-12,0.9999841798046866,0.9999844446296949,0.9999840803100875,0.9999841798046853,0.9999828332761554,1.0141148027402116e-12,0.9999841798046853,0.999984080310088,6.239707780113431e-14,0.9999845260142295,-2.1840036522253728e-12,-7.579182597957139e-13,-4.917642861148155e-13,0.9999828332761556,-1.0747091236076925e-12,-2.0869555434481658e-12,0.9999841798046871,0.9999841798046875,0.9999841798046853,-2.0363164647660067e-12,-1.0747096529931665e-12,1.0475000740934427e-12,0.9999841798046843,-1.0747092786819047e-12,0.9999841798046842,-1.0747090574829689e-12,-2.789723949999612e-12,0.9999841798046871,0.9999811597663306,0.9999866454248842,0.9999841798046862,-2.184004269716801e-12,-2.086955968031113e-12,0.9999841798046851,0.9999845864332989,0.9999841798046858,0.9999841798046875,0.9999840803100877,-3.217911955840339e-12,0.9999841798046835,-1.3398788712890193e-12,0.9999844483334073,0.9999841798046839,-1.3398789749201237e-12,-2.7162907987705277e-12,0.9999841798046858,-1.9826328204588883e-12,0.999984179804686,1.0304791314355257e-12,-2.615225106376594e-12
0.9999886061412081,0.9999841798046787,-2.1840033750694463e-12,0.9999841798046853,0.9999844446296937,0.9999840803100875,0.9999841798046862,0.9999828332761547,1.014114847711959e-12,0.9999841798046848,0.9999840803100866,6.239707980999383e-14,0.9999845260142278,-2.1840036505351278e-12,-7.579182239150851e-13,-4.917642326637993e-13,0.9999828332761547,-1.0747091002412595e-12,-2.086955558419301e-12,0.9999841798046853,0.9999841798046851,0.9999841798046848,-2.0363165195035476e-12,-1.0747096361626367e-12,1.0475000040632064e-12,0.9999841798046828,-1.0747093353107954e-12,0.9999841798046822,-1.0747090779539151e-12,-2.789723949999612e-12,0.9999841798046872,0.9999811597663297,0.9999841798046862,0.9999866454248862,-2.184004299107881e-12,-2.0869559461307027e-12,0.9999841798046853,0.999984586433298,0.9999841798046853,0.9999841798046851,0.9999840803100867,-3.2179119464969364e-12,0.9999841798046822,-1.3398788891284295e-12,0.999984448333407,0.9999841798046831,-1.3398789758190376e-12,-2.716290816948195e-12,0.9999841798046851,-1.982632812434689e-12,0.9999841798046853,1.0304790540736829e-12,-2.6152251569751997e-12
