0.9999999898706842,1.0000003504968549,1.0000003504968564,-7.547745951935727e-06,0.9999991782344705,-7.296215466263304e-06,0.9999993732368787,-7.023562931050475e-06,-7.023562931012721e-06,0.9999999111191139,1.0000003504968522,-7.023562929092627e-06,0.9999997073476071,-7.0235629290763216e-06,-7.023562931114334e-06,1.000000367034167,-7.296215466041824e-06,1.0000003504968533,0.9999998455598358,-7.348284361543857e-06,-7.0428049721915594e-06,-7.042359668437992e-06,-7.023562929119606e-06,-7.289969174735079e-06,1.0000003504968529,-7.365995297853816e-06,-7.378332084327219e-06,1.0000003504968549,-7.023562927698835e-06,0.9999990664261968,1.0000004742965465,-7.296215466279135e-06,-7.366902158317446e-06,1.0000003504968527,0.9999991782344709,0.9999992812116479,1.0000006209835925,0.999999431133798,-7.296215464866019e-06,0.9999999111191128,-7.289969173756548e-06,-7.023562931021379e-06,0.9999988055702046,-7.042804972698737e-06,-7.657792832333127e-06,1.000000577613425
1.0000003504968549,1.0000006929274396,1.0000078160252044,-5.803251828999033e-10,1.0000066437614525,-4.537661316412317e-10,1.00000683876408,-3.16579391605191e-10,-3.1657939167146973e-10,1.000007376646929,1.0000078160252033,-3.1657939200973966e-10,1.0000071728752047,-3.165793912708779e-10,-3.1657939180422736e-10,1.0000078325625195,-4.537661315651955e-10,1.0000078160252037,1.000007311087589,-4.799649350791475e-10,-3.262611086662618e-10,-3.2603705309477687e-10,-3.16579391833514e-10,-4.506232832714583e-10,1.0000078160252037,-4.888762694625932e-10,-4.950835773116565e-10,1.0000078160252042,-3.1657939142190355e-10,1.0000065319530387,1.000007939825021,-4.5376613150056865e-10,-4.893325599187908e-10,1.0000078160252033,1.000006643761452,1.0000067467387395,1.0000080865122405,1.0000068966610514,-4.537661314214511e-10,1.0000073766469295,-4.506232832870827e-10,-3.1657939194273896e-10,1.0000062710967228,-3.2626110920601963e-10,-6.356959326758697e-10,1.0000080431420308
1.0000003504968564,1.0000078160252044,1.0000006929274303,-5.80325182741247e-10,1.0000066437614488,-4.537661316093363e-10,1.000006838764076,-3.165793917057515e-10,-3.165793916486051e-10,1.0000073766469264,1.0000078160252004,-3.1657939192903056e-10,1.0000071728752011,-3.1657939131715917e-10,-3.165793917369226e-10,1.000007832562516,-4.537661315371616e-10,1.0000078160251993,1.0000073110875856,-4.799649350886282e-10,-3.262611087614851e-10,-3.2603705319630916e-10,-3.1657939185993027e-10,-4.5062328327897003e-10,1.0000078160252008,-4.888762695173832e-10,-4.950835773059678e-10,1.0000078160252006,-3.1657939143246173e-10,1.000006531953034,1.0000079398250175,-4.5376613146106835e-10,-4.893325599029814e-10,1.0000078160252004,1.0000066437614492,1.0000067467387355,1.0000080865122374,1.0000068966610483,-4.5376613133302167e-10,1.0000073766469255,-4.506232833072668e-10,-3.165793918821715e-10,1.000006271096719,-3.262611091283829e-10,-6.356959325416792e-10,1.0000080431420275
-7.547745951935727e-06,-5.803251828999033e-10,-5.80325182741247e-10,-7.123097385998227e-06,-5.803245041824515e-10,5.10520287385376e-16,-5.803246172518847e-10,3.5616741435822255e-16,3.5607237890561554e-16,-1.1533721918750029e-06,-5.803251827538484e-10,3.5620570920975973e-16,-1.1533719567974692e-06,3.5607237890561554e-16,3.5616741435822255e-16,-1.1533727162547868e-06,5.10520287385376e-16,-5.803251828171557e-10,-1.1533721158816438e-06,1.0714288384008632e-12,3.6796870451735747e-16,3.67727255790324e-16,3.5620570920975973e-16,1.0070361126546045e-12,-5.803251828171557e-10,5.500321867772121e-16,1.1084413367361506e-12,-5.803251828140431e-10,3.5620570920975973e-16,-1.1533712197728228e-06,-1.1533728397253786e-06,5.10520287385376e-16,5.508023435784607e-16,-5.803251828161077e-10,-5.803245041764013e-10,-1.1533714668055212e-06,-5.803253392794991e-10,-1.1533716398048236e-06,5.104372825346461e-16,-1.1533721918750012e-06,1.0070361125045344e-12,3.560371810870587e-16,-1.1533709203669146e-06,3.6821833239542214e-16,1.421483929566689e-12,-5.803253144197541e-10
0.9999991782344705,1.0000066437614525,1.0000066437614488,-5.803245041824515e-10,0.9999983484012881,-9.018406753903058e-07,1.0000056665014696,-3.165790216135162e-10,-3.165790214163484e-10,1.0000062043836884,1.0000066437614488,-3.165790218075669e-10,1.0000060006122031,-3.1657902122286513e-10,-3.1657902153534874e-10,1.0000066602987456,-9.018406755591425e-07,1.0000066437614488,1.0000061388244252,-4.799643739757866e-10,-3.2626072700584644e-10,-3.2603667182442283e-10,-3.1657902168483237e-10,-4.506227564995521e-10,1.0000066437614497,-9.716205651830704e-07,-4.95082998436387e-10,1.000006643761448,-3.165790213528586e-10,1.0000053596907865,1.0000067675611202,-9.018406751468779e-07,-9.7252742264617e-07,1.0000066437614474,1.00000547149907,1.000005574476237,1.0000069142481678,1.0000057243983724,-9.018406749645218e-07,1.0000062043836868,-4.5062275648573173e-10,-3.1657902165066423e-10,1.0000050988347766,-3.2626072760276763e-10,-6.356951892580945e-10,1.0000068708780094
-7.296215466263304e-06,-4.537661316412317e-10,-4.537661316093363e-10,5.10520287385376e-16,-9.018406753903058e-07,-7.123097890419098e-06,-9.018408510495351e-07,2.7837891284232604e-16,2.7829179228172964e-16,-4.5376593298922253e-10,-4.537661315512803e-10,2.7828936774058566e-16,-4.5376584049457827e-10,2.7840936439165363e-16,2.7834821764133454e-16,-4.537661393250668e-10,7.93145722572704e-13,-4.537661316412317e-10,-4.5376590317154154e-10,4.2134838212176967e-16,2.875032257038498e-16,2.87397015068657e-16,2.7829179228172964e-16,3.9611559840479345e-16,-4.5376613154480705e-10,8.545259534893738e-13,4.3584470981763566e-16,-4.5376613154480705e-10,2.7828936774058566e-16,-9.018405751575735e-07,-4.5376618792158976e-10,7.931457222713513e-13,8.553937149530544e-13,-4.537661316093363e-10,-9.018406753903049e-07,-9.018407683082144e-07,-4.5376625429957917e-10,-9.018409035792904e-07,7.93145721879932e-13,-4.537659330205462e-10,3.9600382757042425e-16,2.7828936774058566e-16,-9.018403410634991e-07,2.875032257038498e-16,5.590937683142398e-16,-4.5376623457275e-10
0.9999993732368787,1.00000683876408,1.000006838764076,-5.803246172518847e-10,1.0000056665014696,-9.018408510495351e-07,0.9999987384061249,-3.1657908314532175e-10,-3.165790830562388e-10,1.0000063993862303,1.0000068387640753,-3.165790834053866e-10,1.000006195614705,-3.165790828048445e-10,-3.165790832357194e-10,1.0000068553013752,-9.018408512183727e-07,1.0000068387640753,1.0000063338269554,-9.539098557578617e-07,-3.2626079055323636e-10,-3.260367353320175e-10,-3.165790832999632e-10,-4.5062284421305676e-10,1.0000068387640775,-9.71620754434053e-07,-4.950830948356143e-10,1.0000068387640768,-3.1657908291634436e-10,1.000005554693164,1.0000069625637726,-9.018408508061061e-07,-9.725276120746787e-07,1.000006838764075,1.000005666501471,1.0000057694786555,1.0000071092508491,1.0000059194008206,-9.018408506237502e-07,1.00000639938623,-4.506228441736218e-10,-3.1657908329969516e-10,1.000005293837103,-3.2626079118979687e-10,-6.356953130896404e-10,1.0000070658806808
-7.023562931050475e-06,-3.16579391605191e-10,-3.165793917057515e-10,3.5616741435822255e-16,-3.165790216135162e-10,2.7837891284232604e-16,-3.1657908314532175e-10,-7.1230982971312805e-06,3.858914806548887e-13,-3.1657925313062175e-10,-3.165793917828141e-10,3.8589148090202165e-13,-3.16579188695714e-10,3.858914800436947e-13,3.858914805993915e-13,-3.1657939702262053e-10,2.7840936439165363e-16,-3.1657939156724937e-10,-3.1657923216587926e-10,5.841203103184088e-13,2.006629707842975e-16,2.0061044972454894e-16,3.858914808608372e-13,5.490277427389001e-13,-3.165793917173494e-10,2.9985401131380544e-16,3.040797503036719e-16,-3.165793917173494e-10,3.858914804139821e-13,-3.1657898639060237e-10,-3.1657943091953993e-10,2.7840936439165363e-16,3.004020546808607e-16,-3.16579391605191e-10,-3.165790216135162e-10,-3.1657905411745297e-10,-3.1657947726024594e-10,-3.165791016027501e-10,2.7840936439165363e-16,-3.165792531306574e-10,5.490277426542838e-13,3.8589148087857337e-13,-6.291876952219714e-07,2.006629707842975e-16,3.899367972532415e-16,-3.1657946352573414e-10
-7.023562931012721e-06,-3.1657939167146973e-10,-3.165793916486051e-10,3.5607237890561554e-16,-3.165790214163484e-10,2.7829179228172964e-16,-3.165790830562388e-10,3.858914806548887e-13,-7.1230982971312805e-06,-3.165792530714624e-10,-3.1657939167271825e-10,3.8589148073008274e-13,-3.165791885363515e-10,3.8589147987175623e-13,3.8589148042745323e-13,-3.1657939700023465e-10,2.7834821764133454e-16,-3.165793916277196e-10,-3.1657923210859437e-10,5.841203100693729e-13,2.0073445966101157e-16,2.0047091346829318e-16,3.858914806888996e-13,5.490277424976179e-13,-3.1657939167193274e-10,2.9980415478886173e-16,3.040694462158928e-16,-3.1657939167765973e-10,3.858914802420436e-13,-3.165789862668232e-10,-3.1657943093585116e-10,2.7840936439165363e-16,3.0024256516351544e-16,-3.1657939169264426e-10,-3.165790214348175e-10,-3.165790540716846e-10,-3.1657947715855277e-10,-3.16579101551677e-10,2.7837891284232604e-16,-3.16579253070814e-10,5.490277424130027e-13,3.8589148070663496e-13,-6.291876951023281e-07,2.008218788494647e-16,3.9001937784527114e-16,-3.1657946346016297e-10
0.9999999111191139,1.000007376646929,1.0000073766469264,-1.1533721918750029e-06,1.0000062043836884,-4.5376593298922253e-10,1.0000063993862303,-3.1657925313062175e-10,-3.165792530714624e-10,0.9999998141710712,1.0000073766469255,-3.165792533544581e-10,1.0000067334972094,-3.1657925273360194e-10,-3.1657925317223163e-10,1.0000073931842348,-4.5376593309300785e-10,1.0000073766469264,1.0000068717095327,-9.539103678228134e-07,-3.2626096577267585e-10,-3.26036910328509e-10,-3.1657925326953557e-10,-4.506230863205275e-10,1.0000073766469268,-4.88876055712841e-10,-9.839580427638315e-07,1.0000073766469264,-3.165792528954507e-10,1.0000060925753227,1.0000075004466888,-4.5376593288454097e-10,-4.893323459372966e-10,1.0000073766469253,1.0000062043836886,1.000006307360932,1.0000076471338446,1.0000064572831768,-4.5376593279105136e-10,1.0000069372688443,-4.50623086165075e-10,-3.165792532713852e-10,1.000005831719124,-3.2626096651658315e-10,-1.2634192564857868e-06,1.0000076037636532
1.0000003504968522,1.0000078160252033,1.0000078160252004,-5.803251827538484e-10,1.0000066437614488,-4.537661315512803e-10,1.0000068387640753,-3.165793917828141e-10,-3.1657939167271825e-10,1.0000073766469255,1.000000692927434,-3.165793918538624e-10,1.0000071728752002,-3.1657939131715917e-10,-3.1657939180422736e-10,1.0000078325625157,-4.5376613163086594e-10,1.0000078160251988,1.0000073110875864,-4.799649350821773e-10,-3.262611087614851e-10,-3.260370531799876e-10,-3.1657939185993027e-10,-4.50623283279408e-10,1.0000078160252004,-4.888762696052941e-10,-4.950835772682315e-10,1.0000078160252006,-3.1657939137213597e-10,1.000006531953035,1.0000079398250166,-4.5376613146106835e-10,-4.893325600671477e-10,1.0000078160252,1.0000066437614483,1.0000067467387355,1.000008086512237,1.0000068966610474,-4.5376613129945654e-10,1.0000073766469244,-4.5062328328955887e-10,-3.1657939182848184e-10,1.0000062710967184,-3.2626110935333594e-10,-6.356959326758697e-10,1.000008043142027
-7.023562929092627e-06,-3.1657939200973966e-10,-3.1657939192903056e-10,3.5620570920975973e-16,-3.165790218075669e-10,2.7828936774058566e-16,-3.165790834053866e-10,3.8589148090202165e-13,3.8589148073008274e-13,-3.165792533544581e-10,-3.165793918538624e-10,-7.1230982971312805e-06,-3.165791888424547e-10,3.8589148011888916e-13,3.858914806745861e-13,-3.1657939726022227e-10,2.7840936439165363e-16,-3.1657939192387836e-10,-3.1657923247855664e-10,5.84120310451433e-13,2.0073445966101157e-16,2.004078145184207e-16,3.8589148093603203e-13,5.490277428517067e-13,-3.1657939192406086e-10,2.998860376918595e-16,3.0406815356596794e-16,-3.165793919641348e-10,3.858914804891764e-13,-3.165789865600902e-10,-3.165794311394249e-10,2.782603041214329e-16,3.002285183785982e-16,-3.1657939198532144e-10,-3.16579021850638e-10,-3.165790542733288e-10,-3.1657947746888095e-10,-3.1657910183718957e-10,2.7828936774058566e-16,-3.165792533550516e-10,5.490277427670917e-13,3.8589148095376855e-13,-6.291876956696606e-07,2.0074800429313638e-16,3.8986691442720087e-16,-3.1657946366086485e-10
0.9999997073476071,1.0000071728752047,1.0000071728752011,-1.1533719567974692e-06,1.0000060006122031,-4.5376584049457827e-10,1.000006195614705,-3.16579188695714e-10,-3.165791885363515e-10,1.0000067334972094,1.0000071728752002,-3.165791888424547e-10,0.9999994066278397,-3.1657918818253625e-10,-3.1657918861796547e-10,1.0000071894125069,-4.5376584057279145e-10,1.0000071728752014,1.0000066679379116,-9.539101734032646e-07,-3.262608993015055e-10,-3.2603684395695875e-10,-3.1657918878427954e-10,-8.955948718542034e-07,1.000007172875202,-4.888759560729111e-10,-9.839578422142457e-07,1.000007172875201,-3.1657918844273113e-10,1.0000058888038612,1.0000072966749376,-4.5376584040726827e-10,-4.893322461634833e-10,1.0000071728752002,1.0000060006122027,1.0000061035894243,1.0000074433620643,1.0000062535116396,-4.5376584025664194e-10,1.0000067334972085,-8.955948718565932e-07,-3.165791887600255e-10,1.000005627947713,-3.2626089989439886e-10,-1.26341899897983e-06,1.0000073999918824
-7.0235629290763216e-06,-3.165793912708779e-10,-3.1657939131715917e-10,3.5607237890561554e-16,-3.1657902122286513e-10,2.7840936439165363e-16,-3.165790828048445e-10,3.858914800436947e-13,3.8589147987175623e-13,-3.1657925273360194e-10,-3.1657939131715917e-10,3.8589148011888916e-13,-3.1657918818253625e-10,-7.1230982971312805e-06,3.8589147981625854e-13,-3.1657939665475874e-10,2.7828936774058566e-16,-3.165793912708779e-10,-3.165792319258089e-10,5.841203091318319e-13,2.006629707842975e-16,2.0055327616094076e-16,3.858914800777053e-13,5.490277416247643e-13,-3.1657939135478115e-10,2.9978741398141926e-16,3.0406857990685637e-16,-3.1657939137462366e-10,3.858914796308498e-13,-3.16578985935484e-10,-3.165794305278382e-10,2.7829179228172983e-16,3.002072004103035e-16,-3.165793913208333e-10,-3.165790211462003e-10,-3.165790536973442e-10,-3.1657947683516403e-10,-3.165791012063118e-10,2.7828936774058566e-16,-3.165792527344819e-10,5.490277415401482e-13,3.8589148009544093e-13,-6.291876944323968e-07,2.0077827432878877e-16,3.8986691442720087e-16,-3.165794630485882e-10
-7.023562931114334e-06,-3.1657939180422736e-10,-3.165793917369226e-10,3.5616741435822255e-16,-3.1657902153534874e-10,2.7834821764133454e-16,-3.165790832357194e-10,3.858914805993915e-13,3.8589148042745323e-13,-3.1657925317223163e-10,-3.1657939180422736e-10,3.858914806745861e-13,-3.1657918861796547e-10,3.8589147981625854e-13,-7.1230982971312805e-06,-3.1657939711520546e-10,2.7837891284232604e-16,-3.165793917211759e-10,-3.165792322122461e-10,5.841203099920083e-13,2.0077827432878877e-16,2.0046997486613958e-16,3.8589148063340227e-13,5.490277424208851e-13,-3.1657939174405927e-10,2.998265156155478e-16,3.0406641688741665e-16,-3.1657939180422736e-10,3.858914801865471e-13,-3.165789863845728e-10,-3.165794309716809e-10,2.7824651685522515e-16,3.002077777268507e-16,-3.165793916574333e-10,-3.1657902153534874e-10,-3.1657905414391794e-10,-3.1657947733207557e-10,-3.165791016807818e-10,2.7828936774058566e-16,-3.165792531720159e-10,5.490277423362693e-13,3.858914806511378e-13,-6.29187695303983e-07,2.0092002416864835e-16,3.9001937784527114e-16,-3.1657946357853784e-10
1.000000367034167,1.0000078325625195,1.000007832562516,-1.1533727162547868e-06,1.0000066602987456,-4.537661393250668e-10,1.0000068553013752,-3.1657939702262053e-10,-3.1657939700023465e-10,1.0000073931842348,1.0000078325625157,-3.1657939726022227e-10,1.0000071894125069,-3.1657939665475874e-10,-3.1657939711520546e-10,1.0000007260020667,-4.537661393984437e-10,1.0000078325625164,1.0000073276248946,-4.799649432627216e-10,-3.262611141686355e-10,-3.26037058635713e-10,-3.165793972311488e-10,-8.95595461522531e-07,1.0000078325625168,-4.88876277912452e-10,-4.950835855000652e-10,1.000007832562516,-3.1657939679815474e-10,1.0000065484903293,1.000007956362335,-4.5376613920258346e-10,-4.893325683450256e-10,1.0000078325625152,1.0000066602987452,1.000006763276034,1.000008103049557,1.000006913198349,-4.5376613909760545e-10,1.000007393184234,-8.95595461524922e-07,-3.16579397132942e-10,1.0000062876340094,-3.2626111474991535e-10,-1.2634198308692673e-06,1.000008059679347
-7.296215466041824e-06,-4.537661315651955e-10,-4.537661315371616e-10,5.10520287385376e-16,-9.018406755591425e-07,7.93145722572704e-13,-9.018408512183727e-07,2.7840936439165363e-16,2.7834821764133454e-16,-4.5376593309300785e-10,-4.5376613163086594e-10,2.7840936439165363e-16,-4.5376584057279145e-10,2.7828936774058566e-16,2.7837891284232604e-16,-4.537661393984437e-10,-7.123097890419098e-06,-4.537661317567768e-10,-4.537659031841859e-10,4.213413433106386e-16,2.876717644485788e-16,2.8718964990212125e-16,2.7828936774058566e-16,3.960417159336293e-16,-4.537661315371616e-10,8.545259535666358e-13,4.3582261654568905e-16,-4.537661315371616e-10,2.7828936774058566e-16,-9.018405753264113e-07,-4.537661881027962e-10,7.931457223430482e-13,8.553937150303811e-13,-4.537661315113094e-10,-9.018406755591428e-07,-9.018407684770538e-07,-4.5376625432254863e-10,-9.018409037481292e-07,7.931457219516294e-13,-4.5376593306085756e-10,3.96078603334273e-16,2.78303690056765e-16,-9.018403412323381e-07,2.8759362229252736e-16,5.59085255173671e-16,-4.537662345213184e-10
1.0000003504968533,1.0000078160252037,1.0000078160251993,-5.803251828171557e-10,1.0000066437614488,-4.537661316412317e-10,1.0000068387640753,-3.1657939156724937e-10,-3.165793916277196e-10,1.0000073766469264,1.0000078160251988,-3.1657939192387836e-10,1.0000071728752014,-3.165793912708779e-10,-3.165793917211759e-10,1.0000078325625164,-4.537661317567768e-10,1.0000006929274337,1.0000073110875858,-4.799649350728964e-10,-3.26261108624577e-10,-3.260370531464663e-10,-3.165793918957839e-10,-4.506232832891087e-10,1.000007816025201,-4.888762696988381e-10,-4.950835773431968e-10,1.0000078160252004,-3.165793914388752e-10,1.000006531953034,1.0000079398250172,-4.537661314606989e-10,-4.893325600696289e-10,1.0000078160251986,1.0000066437614479,1.000006746738736,1.0000080865122363,1.0000068966610476,-4.537661313141072e-10,1.0000073766469249,-4.506232832801767e-10,-3.165793918426352e-10,1.0000062710967186,-3.262611090243288e-10,-6.356959326758697e-10,1.0000080431420275
0.9999998455598358,1.000007311087589,1.0000073110875856,-1.1533721158816438e-06,1.0000061388244252,-4.5376590317154154e-10,1.0000063338269554,-3.1657923216587926e-10,-3.1657923210859437e-10,1.0000068717095327,1.0000073110875864,-3.1657923247855664e-10,1.0000066679379116,-3.165792319258089e-10,-3.165792322122461e-10,1.0000073276248946,-4.537659031841859e-10,1.0000073110875858,0.9999996830524492,-9.539103049502155e-07,-3.2626094429538293e-10,-3.2603688896662466e-10,-3.165792322468858e-10,-8.955949953715931e-07,1.0000073110875856,-4.888760234360211e-10,-9.839579779412191e-07,1.0000073110875867,-3.1657923199248003e-10,1.0000060270160676,1.00000743488734,-4.5376590300058486e-10,-9.72528070133167e-07,1.000007311087586,1.0000061388244257,1.000006241801663,1.0000075815744867,1.000006391723896,-4.5376590297152497e-10,1.0000068717095325,-8.955949953739835e-07,-3.1657923230077355e-10,1.0000057661598833,-3.262609448925128e-10,-1.2634191732358646e-06,1.0000075382042974
-7.348284361543857e-06,-4.799649350791475e-10,-4.799649350886282e-10,1.0714288384008632e-12,-4.799643739757866e-10,4.2134838212176967e-16,-9.539098557578617e-07,5.841203103184088e-13,5.841203100693729e-13,-9.539103678228134e-07,-4.799649350821773e-10,5.84120310451433e-13,-9.539101734032646e-07,5.841203091318319e-13,5.841203099920083e-13,-4.799649432627216e-10,4.213413433106386e-16,-4.799649350728964e-10,-9.539103049502155e-07,-7.123097800005407e-06,3.0382661476008444e-16,3.0361244049012975e-16,5.841203103849292e-13,8.310362991215624e-13,-4.799649350819729e-10,4.539712710192449e-16,9.148523857688051e-13,-4.799649350703792e-10,5.841203096861862e-13,-9.539095639982827e-07,-4.799649950491597e-10,4.2139123768655343e-16,4.544732781201964e-16,-4.799649350833355e-10,-4.7996437397561e-10,-4.799644236046614e-10,-4.79965064778014e-10,-4.799644959339742e-10,4.2135721336166494e-16,-9.539103678228126e-07,8.310362989821818e-13,5.841203104288457e-13,-9.539093164723661e-07,3.0382321001366794e-16,1.1731063452186997e-12,-9.539110014954576e-07
-7.0428049721915594e-06,-3.262611086662618e-10,-3.262611087614851e-10,3.6796870451735747e-16,-3.2626072700584644e-10,2.875032257038498e-16,-3.2626079055323636e-10,2.006629707842975e-16,2.0073445966101157e-16,-3.2626096577267585e-10,-3.262611087614851e-10,2.0073445966101157e-16,-3.262608993015055e-10,2.006629707842975e-16,2.0077827432878877e-16,-3.262611141686355e-10,2.876717644485788e-16,-3.26261108624577e-10,-3.2626094429538293e-10,3.0382661476008444e-16,-7.1230982735039825e-06,2.0749669276773766e-16,2.0092002416864835e-16,2.8555376810960157e-16,-3.262611086578087e-10,3.1009126858984614e-16,3.1442132966683184e-16,-3.262611086811853e-10,2.008218788494647e-16,-3.262606907940792e-10,-3.2626114903234657e-10,2.876395864099297e-16,3.1024807388166913e-16,-3.26261108624577e-10,-3.262607270154109e-10,-3.262607606767563e-10,-3.262611967702102e-10,-3.262608095918719e-10,2.875848564016412e-16,-3.262609658288491e-10,2.8555879308162485e-16,2.0075521341716734e-16,-6.484296850118394e-07,2.0759640409274766e-16,4.0322884949219693e-16,-3.2626118264180726e-10
-7.042359668437992e-06,-3.2603705309477687e-10,-3.2603705319630916e-10,3.67727255790324e-16,-3.2603667182442283e-10,2.87397015068657e-16,-3.260367353320175e-10,2.0061044972454894e-16,2.0047091346829318e-16,-3.26036910328509e-10,-3.260370531799876e-10,2.004078145184207e-16,-3.2603684395695875e-10,2.0055327616094076e-16,2.0046997486613958e-16,-3.26037058635713e-10,2.8718964990212125e-16,-3.260370531464663e-10,-3.2603688896662466e-10,3.0361244049012975e-16,2.0749669276773766e-16,-7.123098271669626e-06,2.0043054900479363e-16,2.852659518607088e-16,-3.2603705319630916e-10,3.0987163983160817e-16,3.142076604987681e-16,-3.2603705309477687e-10,2.004750385859927e-16,-3.260366356213901e-10,-3.260370937528458e-10,2.8718964990212125e-16,3.0998042854226165e-16,-3.2603705309477687e-10,-3.260366718099733e-10,-3.2603670542441644e-10,-3.260371411985046e-10,-3.2603675431288026e-10,2.872916407463765e-16,-3.260369103528954e-10,2.853134723043509e-16,2.004371142875964e-16,-6.479843845424093e-07,2.0749669276773766e-16,8.004189495944773e-13,-3.2603712722097737e-10
-7.023562929119606e-06,-3.16579391833514e-10,-3.1657939185993027e-10,3.5620570920975973e-16,-3.1657902168483237e-10,2.7829179228172964e-16,-3.165790832999632e-10,3.858914808608372e-13,3.858914806888996e-13,-3.1657925326953557e-10,-3.1657939185993027e-10,3.8589148093603203e-13,-3.1657918878427954e-10,3.858914800777053e-13,3.8589148063340227e-13,-3.165793972311488e-10,2.7828936774058566e-16,-3.165793918957839e-10,-3.165792322468858e-10,5.841203103849292e-13,2.0092002416864835e-16,2.0043054900479363e-16,-7.1230982971312805e-06,5.490277427917999e-13,-3.1657939191344715e-10,2.9985401131380544e-16,3.0406974993651768e-16,-3.16579391833514e-10,3.85891480447993e-13,-3.16578986428045e-10,-3.165794311321052e-10,2.7840936439165575e-16,3.002348002215282e-16,-3.16579391833514e-10,-3.16579021702708e-10,-3.165790542490852e-10,-3.1657947744822946e-10,-3.165791017453272e-10,2.78246516843214e-16,-3.165792532686761e-10,5.490277427071842e-13,3.8589148091258456e-13,-6.291876954951369e-07,2.008218788494647e-16,3.9001937784527114e-16,-3.1657946367006703e-10
-7.289969174735079e-06,-4.506232832714583e-10,-4.5062328327897003e-10,1.0070361126546045e-12,-4.506227564995521e-10,3.9611559840479345e-16,-4.5062284421305676e-10,5.490277427389001e-13,5.490277424976179e-13,-4.506230863205275e-10,-4.50623283279408e-10,5.490277428517067e-13,-8.955948718542034e-07,5.490277416247643e-13,5.490277424208851e-13,-8.95595461522531e-07,3.960417159336293e-16,-4.506232832891087e-10,-8.955949953715931e-07,8.310362991215624e-13,2.8555376810960157e-16,2.852659518607088e-16,5.490277427917999e-13,-7.123097903389136e-06,-4.5062328327931253e-10,4.267361193110657e-16,4.3253375010678964e-16,-4.50623283263224e-10,5.49027742149566e-13,-8.955942996266349e-07,-8.955955573888365e-07,3.9612473214792714e-16,4.271419393376088e-16,-4.506232832786359e-10,-4.5062275645250047e-10,-8.95594491424194e-07,-4.5062340514600163e-10,-4.506228705841152e-10,3.9592142350341413e-16,-4.506230863884012e-10,7.811241558297495e-13,5.490277428219204e-13,-8.955940671836825e-07,2.855512675888539e-16,1.1026225009408059e-12,-4.5062338550229915e-10
1.0000003504968529,1.0000078160252037,1.0000078160252008,-5.803251828171557e-10,1.0000066437614497,-4.5376613154480705e-10,1.0000068387640775,-3.165793917173494e-10,-3.1657939167193274e-10,1.0000073766469268,1.0000078160252004,-3.1657939192406086e-10,1.000007172875202,-3.1657939135478115e-10,-3.1657939174405927e-10,1.0000078325625168,-4.537661315371616e-10,1.000007816025201,1.0000073110875856,-4.799649350819729e-10,-3.262611086578087e-10,-3.2603705319630916e-10,-3.1657939191344715e-10,-4.5062328327931253e-10,1.0000006929274312,-4.888762695600794e-10,-4.950835772931038e-10,1.0000078160252008,-3.165793914203797e-10,1.0000065319530351,1.0000079398250175,-4.53766131427289e-10,-4.893325598926058e-10,1.0000078160252004,1.0000066437614483,1.0000067467387357,1.0000080865122378,1.0000068966610478,-4.537661314214511e-10,1.0000073766469257,-4.506232832825139e-10,-3.1657939189733563e-10,1.0000062710967186,-3.262611090659689e-10,-6.356959325347665e-10,1.0000080431420275
-7.365995297853816e-06,-4.888762694625932e-10,-4.888762695173832e-10,5.500321867772121e-16,-9.716205651830704e-07,8.545259534893738e-13,-9.71620754434053e-07,2.9985401131380544e-16,2.9980415478886173e-16,-4.88876055712841e-10,-4.888762696052941e-10,2.998860376918595e-16,-4.888759560729111e-10,2.9978741398141926e-16,2.998265156155478e-16,-4.88876277912452e-10,8.545259535666358e-13,-4.888762696988381e-10,-4.888760234360211e-10,4.539712710192449e-16,3.1009126858984614e-16,3.0987163983160817e-16,2.9985401131380544e-16,4.267361193110657e-16,-4.888762695600794e-10,-7.123097764661449e-06,4.696819062527781e-16,-4.888762696103085e-10,2.99868275021953e-16,-9.716204571945318e-07,-9.716218218220599e-07,8.545259532419796e-13,9.215911744909862e-13,-4.888762695173832e-10,-9.716205651830704e-07,-9.716206652904963e-07,-4.88876401678715e-10,-9.716208110281587e-07,8.545259528202968e-13,-4.88876055712841e-10,4.266696307929837e-16,2.9980415478886173e-16,-9.716202049868395e-07,3.097934359606507e-16,6.023684892684158e-16,-4.888763805809871e-10
-7.378332084327219e-06,-4.950835773116565e-10,-4.950835773059678e-10,1.1084413367361506e-12,-4.95082998436387e-10,4.3584470981763566e-16,-4.950830948356143e-10,3.040797503036719e-16,3.040694462158928e-16,-9.839580427638315e-07,-4.950835772682315e-10,3.0406815356596794e-16,-9.839578422142457e-07,3.0406857990685637e-16,3.0406641688741665e-16,-4.950835855000652e-10,4.3582261654568905e-16,-4.950835773431968e-10,-9.839579779412191e-07,9.148523857688051e-13,3.1442132966683184e-16,3.142076604987681e-16,3.0406974993651768e-16,4.3253375010678964e-16,-4.950835772931038e-10,4.696819062527781e-16,-7.123097737326768e-06,-4.950835773168685e-10,3.0407303598061344e-16,-9.839572133852606e-07,-4.950836389393357e-10,4.360520653721908e-16,4.700788174604051e-16,-4.950835773426037e-10,-4.950829984710622e-10,-9.839574241526812e-07,-4.950837111928902e-10,-9.839575717409098e-07,4.3584470981763586e-16,-9.839580427638292e-07,4.3230468306316276e-16,3.040692020081705e-16,-9.83956957918067e-07,3.1442132966683184e-16,1.2136890403839108e-12,-4.95083689363661e-10
1.0000003504968549,1.0000078160252042,1.0000078160252006,-5.803251828140431e-10,1.000006643761448,-4.5376613154480705e-10,1.0000068387640768,-3.165793917173494e-10,-3.1657939167765973e-10,1.0000073766469264,1.0000078160252006,-3.165793919641348e-10,1.000007172875201,-3.1657939137462366e-10,-3.1657939180422736e-10,1.000007832562516,-4.537661315371616e-10,1.0000078160252004,1.0000073110875867,-4.799649350703792e-10,-3.262611086811853e-10,-3.2603705309477687e-10,-3.16579391833514e-10,-4.50623283263224e-10,1.0000078160252008,-4.888762696103085e-10,-4.950835773168685e-10,1.0000006929274354,-3.165793914793809e-10,1.0000065319530356,1.0000079398250183,-4.5376613144016033e-10,-4.893325600155762e-10,1.0000078160252006,1.0000066437614483,1.000006746738736,1.0000080865122365,1.0000068966610471,-4.537661314122433e-10,1.0000073766469244,-4.506232832951824e-10,-3.1657939189733563e-10,1.0000062710967181,-3.2626110920601963e-10,-6.356959326758697e-10,1.000008043142028
-7.023562927698835e-06,-3.1657939142190355e-10,-3.1657939143246173e-10,3.5620570920975973e-16,-3.165790213528586e-10,2.7828936774058566e-16,-3.1657908291634436e-10,3.858914804139821e-13,3.858914802420436e-13,-3.165792528954507e-10,-3.1657939137213597e-10,3.858914804891764e-13,-3.1657918844273113e-10,3.858914796308498e-13,3.858914801865471e-13,-3.1657939679815474e-10,2.7828936774058566e-16,-3.165793914388752e-10,-3.1657923199248003e-10,5.841203096861862e-13,2.008218788494647e-16,2.004750385859927e-16,3.85891480447993e-13,5.49027742149566e-13,-3.165793914203797e-10,2.99868275021953e-16,3.0407303598061344e-16,-3.165793914793809e-10,-7.1230982971312805e-06,-3.165789861348822e-10,-3.165794306805161e-10,2.7847814209400887e-16,3.0011218413513354e-16,-3.165793914343394e-10,-3.165790213336809e-10,-3.165790538696587e-10,-3.1657947697753753e-10,-3.1657910136773097e-10,2.78303690056765e-16,-3.165792528956722e-10,5.490277420649509e-13,3.8589148046572896e-13,-6.291876947518174e-07,2.00765631411613e-16,3.899450987278319e-16,-3.165794632533767e-10
0.9999990664261968,1.0000065319530387,1.000006531953034,-1.1533712197728228e-06,1.0000053596907865,-9.018405751575735e-07,1.000005554693164,-3.1657898639060237e-10,-3.165789862668232e-10,1.0000060925753227,1.000006531953035,-3.165789865600902e-10,1.0000058888038612,-3.16578985935484e-10,-3.165789863845728e-10,1.0000065484903293,-9.018405753264113e-07,1.000006531953034,1.0000060270160676,-9.539095639982827e-07,-3.262606907940792e-10,-3.260366356213901e-10,-3.16578986428045e-10,-8.955942996266349e-07,1.0000065319530351,-9.716204571945318e-07,-9.839572133852606e-07,1.0000065319530356,-3.165789861348822e-10,0.9999981247847289,1.0000066557526912,-9.018405749141463e-07,-9.725273145548625e-07,1.000006531953034,1.0000053596907865,1.000005462667942,1.0000068024397228,1.0000056125900605,-9.018405747317905e-07,1.0000060925753231,-8.955942996290255e-07,-3.1657898644914907e-10,1.0000049870265362,-3.262606913162438e-10,-1.2634181916764522e-06,1.0000067590695694
1.0000004742965465,1.000007939825021,1.0000079398250175,-1.1533728397253786e-06,1.0000067675611202,-4.5376618792158976e-10,1.0000069625637726,-3.1657943091953993e-10,-3.1657943093585116e-10,1.0000075004466888,1.0000079398250166,-3.165794311394249e-10,1.0000072966749376,-3.165794305278382e-10,-3.165794309716809e-10,1.000007956362335,-4.537661881027962e-10,1.0000079398250172,1.00000743488734,-4.799649950491597e-10,-3.2626114903234657e-10,-3.260370937528458e-10,-3.165794311321052e-10,-8.955955573888365e-07,1.0000079398250175,-9.716218218220599e-07,-4.950836389393357e-10,1.0000079398250183,-3.165794306805161e-10,1.0000066557526912,1.000000940527083,-4.5376618778495266e-10,-4.893326207735326e-10,1.0000079398250166,1.0000067675611204,1.0000068705384204,1.000008210312087,1.0000070204607503,-4.5376618773445695e-10,1.000007500446688,-8.955955573912273e-07,-3.165794310695032e-10,1.0000063948963442,-3.2626114969425463e-10,-1.2634199661154265e-06,1.0000081669418717
-7.296215466279135e-06,-4.5376613150056865e-10,-4.5376613146106835e-10,5.10520287385376e-16,-9.018406751468779e-07,7.931457222713513e-13,-9.018408508061061e-07,2.7840936439165363e-16,2.7840936439165363e-16,-4.5376593288454097e-10,-4.5376613146106835e-10,2.782603041214329e-16,-4.5376584040726827e-10,2.7829179228172983e-16,2.7824651685522515e-16,-4.5376613920258346e-10,7.931457223430482e-13,-4.537661314606989e-10,-4.5376590300058486e-10,4.2139123768655343e-16,2.876395864099297e-16,2.8718964990212125e-16,2.7840936439165575e-16,3.9612473214792714e-16,-4.53766131427289e-10,8.545259532419796e-13,4.360520653721908e-16,-4.5376613144016033e-10,2.7847814209400887e-16,-9.018405749141463e-07,-4.5376618778495266e-10,-7.123097890419098e-06,8.553937147057098e-13,-4.5376613146106835e-10,-9.018406751468777e-07,-9.018407680647887e-07,-4.5376625415998164e-10,-9.018409033358644e-07,7.931457216502763e-13,-4.5376593287536433e-10,3.960417159336293e-16,2.7847814209400887e-16,-9.018403408200711e-07,2.8759362229252726e-16,5.590169327515325e-16,-4.53766234373932e-10
-7.366902158317446e-06,-4.893325599187908e-10,-4.893325599029814e-10,5.508023435784607e-16,-9.7252742264617e-07,8.553937149530544e-13,-9.725276120746787e-07,3.004020546808607e-16,3.0024256516351544e-16,-4.893323459372966e-10,-4.893325600671477e-10,3.002285183785982e-16,-4.893322461634833e-10,3.002072004103035e-16,3.002077777268507e-16,-4.893325683450256e-10,8.553937150303811e-13,-4.893325600696289e-10,-9.72528070133167e-07,4.544732781201964e-16,3.1024807388166913e-16,3.0998042854226165e-16,3.002348002215282e-16,4.271419393376088e-16,-4.893325598926058e-10,9.215911744909862e-13,4.700788174604051e-16,-4.893325600155762e-10,3.0011218413513354e-16,-9.725273145548625e-07,-4.893326207735326e-10,8.553937147057098e-13,-7.123097760667294e-06,-4.893325600603393e-10,-9.7252742264617e-07,-9.725275228470587e-07,-4.893326922828666e-10,-9.725276687207566e-07,8.55393714283423e-13,-4.893323458562532e-10,4.271550009684469e-16,3.0026391233060795e-16,-9.725270621078575e-07,3.1024807388166913e-16,6.029242606974184e-16,-4.893326710558783e-10
1.0000003504968527,1.0000078160252033,1.0000078160252004,-5.803251828161077e-10,1.0000066437614474,-4.537661316093363e-10,1.000006838764075,-3.16579391605191e-10,-3.1657939169264426e-10,1.0000073766469253,1.0000078160252,-3.1657939198532144e-10,1.0000071728752002,-3.165793913208333e-10,-3.165793916574333e-10,1.0000078325625152,-4.537661315113094e-10,1.0000078160251986,1.000007311087586,-4.799649350833355e-10,-3.26261108624577e-10,-3.2603705309477687e-10,-3.16579391833514e-10,-4.506232832786359e-10,1.0000078160252004,-4.888762695173832e-10,-4.950835773426037e-10,1.0000078160252006,-3.165793914343394e-10,1.000006531953034,1.0000079398250166,-4.5376613146106835e-10,-4.893325600603393e-10,1.0000006929274312,1.0000066437614477,1.0000067467387355,1.0000080865122367,1.0000068966610467,-4.5376613131197876e-10,1.0000073766469244,-4.5062328328124653e-10,-3.1657939193829255e-10,1.000006271096718,-3.262611090951571e-10,-6.356959325347665e-10,1.0000080431420266
0.9999991782344709,1.000006643761452,1.0000066437614492,-5.803245041764013e-10,1.00000547149907,-9.018406753903049e-07,1.000005666501471,-3.165790216135162e-10,-3.165790214348175e-10,1.0000062043836886,1.0000066437614483,-3.16579021850638e-10,1.0000060006122027,-3.165790211462003e-10,-3.1657902153534874e-10,1.0000066602987452,-9.018406755591428e-07,1.0000066437614479,1.0000061388244257,-4.7996437397561e-10,-3.262607270154109e-10,-3.260366718099733e-10,-3.16579021702708e-10,-4.5062275645250047e-10,1.0000066437614483,-9.716205651830704e-07,-4.950829984710622e-10,1.0000066437614483,-3.165790213336809e-10,1.0000053596907865,1.0000067675611204,-9.018406751468777e-07,-9.7252742264617e-07,1.0000066437614477,0.999998348401288,1.0000055744762375,1.0000069142481676,1.0000057243983733,-9.018406749645208e-07,1.000006204383688,-4.506227564255587e-10,-3.165790216532585e-10,1.0000050988347775,-3.262607276071631e-10,-6.356951892523652e-10,1.000006870878009
0.9999992812116479,1.0000067467387395,1.0000067467387355,-1.1533714668055212e-06,1.000005574476237,-9.018407683082144e-07,1.0000057694786555,-3.1657905411745297e-10,-3.165790540716846e-10,1.000006307360932,1.0000067467387355,-3.165790542733288e-10,1.0000061035894243,-3.165790536973442e-10,-3.1657905414391794e-10,1.000006763276034,-9.018407684770538e-07,1.000006746738736,1.000006241801663,-4.799644236046614e-10,-3.262607606767563e-10,-3.2603670542441644e-10,-3.165790542490852e-10,-8.95594491424194e-07,1.0000067467387357,-9.716206652904963e-07,-9.839574241526812e-07,1.000006746738736,-3.165790538696587e-10,1.000005462667942,1.0000068705384204,-9.018407680647887e-07,-9.725275228470587e-07,1.0000067467387355,1.0000055744762375,0.9999985543556341,1.000007017225483,1.0000058273755652,-9.018407678824321e-07,1.0000063073609309,-8.955944914265838e-07,-3.165790542439445e-10,1.0000052018119063,-3.2626076126554864e-10,-1.263418462265373e-06,1.0000069738553194
1.0000006209835925,1.0000080865122405,1.0000080865122374,-5.803253392794991e-10,1.0000069142481678,-4.5376625429957917e-10,1.0000071092508491,-3.1657947726024594e-10,-3.1657947715855277e-10,1.0000076471338446,1.000008086512237,-3.1657947746888095e-10,1.0000074433620643,-3.1657947683516403e-10,-3.1657947733207557e-10,1.000008103049557,-4.5376625432254863e-10,1.0000080865122363,1.0000075815744867,-4.79965064778014e-10,-3.262611967702102e-10,-3.260371411985046e-10,-3.1657947744822946e-10,-4.5062340514600163e-10,1.0000080865122378,-4.88876401678715e-10,-4.950837111928902e-10,1.0000080865122365,-3.1657947697753753e-10,1.0000068024397228,1.000008210312087,-4.5376625415998164e-10,-4.893326922828666e-10,1.0000080865122367,1.0000069142481676,1.000007017225483,1.000001233901585,1.000007167147837,-4.537662540608927e-10,1.0000076471338428,-4.506234049837377e-10,-3.1657947741603507e-10,1.000006541583338,-3.262611973652109e-10,-1.2634201508932054e-06,1.0000083136291251
0.999999431133798,1.0000068966610514,1.0000068966610483,-1.1533716398048236e-06,1.0000057243983724,-9.018409035792904e-07,1.0000059194008206,-3.165791016027501e-10,-3.16579101551677e-10,1.0000064572831768,1.0000068966610474,-3.1657910183718957e-10,1.0000062535116396,-3.165791012063118e-10,-3.165791016807818e-10,1.000006913198349,-9.018409037481292e-07,1.0000068966610476,1.000006391723896,-4.799644959339742e-10,-3.262608095918719e-10,-3.2603675431288026e-10,-3.165791017453272e-10,-4.506228705841152e-10,1.0000068966610478,-9.716208110281587e-07,-9.839575717409098e-07,1.0000068966610471,-3.1657910136773097e-10,1.0000056125900605,1.0000070204607503,-9.018409033358644e-07,-9.725276687207566e-07,1.0000068966610467,1.0000057243983733,1.0000058273755652,1.000007167147837,0.9999988541999627,-9.018409031535078e-07,1.0000064572831753,-4.5062287070858225e-10,-3.1657910173424865e-10,1.000005351733986,-3.262608101864968e-10,-1.2634186517710681e-06,1.000007123777665
-7.296215464866019e-06,-4.537661314214511e-10,-4.5376613133302167e-10,5.104372825346461e-16,-9.018406749645218e-07,7.93145721879932e-13,-9.018408506237502e-07,2.7840936439165363e-16,2.7837891284232604e-16,-4.5376593279105136e-10,-4.5376613129945654e-10,2.7828936774058566e-16,-4.5376584025664194e-10,2.7828936774058566e-16,2.7828936774058566e-16,-4.5376613909760545e-10,7.931457219516294e-13,-4.537661313141072e-10,-4.5376590297152497e-10,4.2135721336166494e-16,2.875848564016412e-16,2.872916407463765e-16,2.78246516843214e-16,3.9592142350341413e-16,-4.537661314214511e-10,8.545259528202968e-13,4.3584470981763586e-16,-4.537661314122433e-10,2.78303690056765e-16,-9.018405747317905e-07,-4.5376618773445695e-10,7.931457216502763e-13,8.55393714283423e-13,-4.5376613131197876e-10,-9.018406749645208e-07,-9.018407678824321e-07,-4.537662540608927e-10,-9.018409031535078e-07,-7.123097890419098e-06,-4.5376593281864796e-10,3.960417159336293e-16,2.7828936774058566e-16,-9.018403406377152e-07,2.876717644485788e-16,5.590661668984024e-16,-4.537662342971071e-10
