0.9999999905316326,0.9999818962189223,0.9999818962189396,0.9999818681658321,0.9999818681658277,0.9999818962189396,0.9999818681658263,-3.812297141773588e-06,0.9999818962189393,0.9999818962189386,0.9999818962189388,0.9999818962189388,0.9999818962189393,0.9999818962189396,0.9999818681658277,0.9999818962189388,0.9999818962189401,0.9999818681658296,0.999981868165828,0.9999818962189381,0.999981868165828,0.9999818962189388,0.9999818962189418,-3.8122971418199194e-06,0.9999818681658296,0.9999818962189403,0.9999818962189388,-3.812297140625004e-06,0.9999818962189388,0.9999818681658277,0.9999818962189401,-3.812297141819522e-06,0.9999818962189388,0.9999818962189393,0.9999818962189381,0.9999818962189401,0.9999818962189401,0.9999818681658329,0.9999818681658329,0.9999818681658329,0.9999818681658329,0.9999818681658329,0.9999818681658329,0.9999818681658329,0.9999818962189418,0.9999818962189385,0.9999818962189388,0.9999818962189393,0.9999818681658277,0.9999818681658325,0.9999818962189388,0.9999818962189388,0.9999818962189388,0.9999818962189401
0.9999818962189223,0.9999814186592196,0.9999792667145438,0.9999792386616073,0.9999792386616071,0.9999792667145454,0.9999792386616064,-1.1784791902125366e-10,0.9999792667145454,0.9999792667145447,0.9999792667145447,0.9999792667145457,0.9999792667145437,0.9999792667145454,0.9999792386616073,0.9999792667145457,0.9999792667145454,0.9999792386616071,0.9999792386616067,0.9999792667145445,0.9999792386616067,0.9999792667145457,0.9999792667145454,-1.1784791920915898e-10,0.9999792386616071,0.9999792667145457,0.9999792667145457,-1.1784791911334823e-10,0.9999792667145452,0.9999792386616071,0.9999792667145444,-1.1784791904943889e-10,0.9999792667145452,0.9999792667145437,0.9999792667145438,0.9999792667145435,0.9999792667145457,0.9999792386616071,0.9999792386616071,0.9999792386616071,0.9999792386616071,0.9999792386616071,0.9999792386616071,0.9999792386616071,0.9999792667145445,0.9999792667145444,0.9999792667145457,0.9999792667145445,0.9999792386616071,0.9999792386616073,0.9999792667145438,0.9999792667145454,0.9999792667145447,0.9999792667145452
0.9999818962189396,0.9999792667145438,0.9999814186592493,0.9999792386616215,0.999979238661622,0.999979266714559,0.999979238661622,-1.1784791899268134e-10,0.9999792667145593,0.999979266714559,0.999979266714559,0.9999792667145593,0.999979266714559,0.999979266714559,0.999979238661622,0.999979266714559,0.999979266714559,0.9999792386616225,0.999979238661622,0.999979266714559,0.999979238661622,0.999979266714559,0.9999792667145593,-1.1784791919578076e-10,0.9999792386616225,0.999979266714559,0.9999792667145586,-1.1784791923339447e-10,0.999979266714558,0.9999792386616225,0.9999792667145591,-1.1784791910375658e-10,0.9999792667145586,0.9999792667145586,0.9999792667145584,0.999979266714559,0.999979266714559,0.9999792386616213,0.9999792386616213,0.9999792386616213,0.9999792386616213,0.9999792386616213,0.9999792386616213,0.9999792386616213,0.9999792667145593,0.9999792667145584,0.9999792667145586,0.999979266714559,0.9999792386616225,0.9999792386616213,0.9999792667145593,0.999979266714559,0.999979266714559,0.9999792667145584
0.9999818681658321,0.9999792386616073,0.9999792386616215,0.9999813625533887,0.9999792106086876,0.9999792386616233,0.9999792106086862,-2.3445007996496916e-07,0.9999792386616229,0.9999792386616233,0.9999792386616229,0.9999792386616226,0.999979238661622,0.9999792386616233,0.9999792106086876,0.9999792386616229,0.9999792386616237,0.9999792106086868,0.9999792106086856,0.999979238661622,0.9999792106086856,0.9999792386616229,0.9999792386616229,-2.3445008028671717e-07,0.9999792106086868,0.9999792386616226,0.999979238661622,-2.3445008024293105e-07,0.9999792386616225,0.9999792106086876,0.9999792386616225,-2.3445008013452904e-07,0.999979238661622,0.999979238661622,0.9999792386616215,0.9999792386616206,0.9999792386616222,0.9999792106086868,0.9999792106086868,0.9999792106086868,0.9999792106086868,0.9999792106086868,0.9999792106086868,0.9999792106086868,0.9999792386616229,0.9999792386616215,0.9999792386616225,0.9999792386616215,0.9999792106086876,0.9999792106086868,0.9999792386616229,0.9999792386616229,0.9999792386616222,0.9999792386616222
0.9999818681658277,0.9999792386616071,0.999979238661622,0.9999792106086876,0.9999813625533791,0.9999792386616233,0.9999792106086871,-2.3445007996496922e-07,0.9999792386616225,0.9999792386616235,0.9999792386616232,0.9999792386616233,0.9999792386616225,0.9999792386616233,0.9999792106086876,0.9999792386616229,0.9999792386616233,0.9999792106086869,0.9999792106086868,0.9999792386616233,0.9999792106086868,0.9999792386616226,0.9999792386616229,-2.3445008028671728e-07,0.9999792106086869,0.9999792386616237,0.9999792386616232,-2.344500802429311e-07,0.999979238661622,0.9999792106086876,0.9999792386616226,-2.34450080134529e-07,0.9999792386616233,0.9999792386616225,0.9999792386616225,0.9999792386616222,0.9999792386616226,0.9999792106086862,0.9999792106086862,0.9999792106086862,0.9999792106086862,0.9999792106086862,0.9999792106086862,0.9999792106086862,0.9999792386616226,0.9999792386616225,0.9999792386616226,0.999979238661622,0.9999792106086876,0.9999792106086869,0.9999792386616222,0.9999792386616232,0.9999792386616225,0.9999792386616233
0.9999818962189396,0.9999792667145454,0.999979266714559,0.9999792386616233,0.9999792386616233,0.9999814186592542,0.9999792386616222,-1.1784791913044608e-10,0.9999792667145593,0.9999792667145602,0.9999792667145597,0.99997926671456,0.9999792667145593,0.9999792667145597,0.9999792386616232,0.9999792667145602,0.9999792667145597,0.9999792386616225,0.999979238661622,0.9999792667145593,0.999979238661622,0.9999792667145602,0.9999792667145606,-1.1784791926924042e-10,0.9999792386616225,0.99997926671456,0.9999792667145593,-1.178479190926516e-10,0.9999792667145593,0.9999792386616233,0.9999792667145584,-1.1784791909617746e-10,0.9999792667145593,0.9999792667145584,0.999979266714559,0.9999792667145576,0.99997926671456,0.9999792386616225,0.9999792386616225,0.9999792386616225,0.9999792386616225,0.9999792386616225,0.9999792386616225,0.9999792386616225,0.9999792667145606,0.9999792667145597,0.9999792667145602,0.999979266714559,0.9999792386616233,0.9999792386616235,0.9999792667145606,0.99997926671456,0.9999792667145597,0.9999792667145597
0.9999818681658263,0.9999792386616064,0.999979238661622,0.9999792106086862,0.9999792106086871,0.9999792386616222,0.999981362553383,-2.34450079964969e-07,0.999979238661622,0.9999792386616232,0.9999792386616229,0.9999792386616229,0.9999792386616215,0.999979238661622,0.9999792106086871,0.9999792386616229,0.9999792386616225,0.9999792106086876,0.9999792106086868,0.9999792386616225,0.9999792106086868,0.9999792386616229,0.9999792386616225,-2.3445008028671712e-07,0.9999792106086876,0.9999792386616229,0.9999792386616229,-2.3445008024293094e-07,0.9999792386616219,0.9999792106086869,0.9999792386616222,-2.3445008013452899e-07,0.9999792386616226,0.9999792386616215,0.999979238661622,0.9999792386616212,0.9999792386616226,0.9999792106086862,0.9999792106086862,0.9999792106086862,0.9999792106086862,0.9999792106086862,0.9999792106086862,0.9999792106086862,0.9999792386616225,0.9999792386616225,0.9999792386616229,0.9999792386616215,0.9999792106086869,0.9999792106086871,0.9999792386616225,0.999979238661622,0.9999792386616222,0.9999792386616215
-3.812297141773588e-06,-1.1784791902125366e-10,-1.1784791899268134e-10,-2.3445007996496916e-07,-2.3445007996496922e-07,-1.1784791913044608e-10,-2.34450079964969e-07,2.1519444995230406e-06,-1.17847919131878e-10,-1.1784791905929438e-10,-1.1784791902722875e-10,-1.1784791901817844e-10,-1.178479191079011e-10,-1.17847919131878e-10,-2.3445007996496927e-07,-1.1784791898328718e-10,-1.1784791902722875e-10,-2.3445007996496922e-07,-2.3445007996496914e-07,-1.1784791902722875e-10,-2.3445007996496914e-07,-1.1784791902722875e-10,-1.1784791918122685e-10,5.038767256884461e-14,-2.3445007996496922e-07,-1.1784791905929438e-10,-1.1784791909869488e-10,5.0387672500781496e-14,-1.178479191299051e-10,-2.3445007996496922e-07,-1.1784791902722875e-10,5.0387672552365786e-14,-1.1784791901817844e-10,-1.178479191101811e-10,-1.1784791898692492e-10,-1.178479190213056e-10,-1.1784791905929438e-10,-2.3445007996496922e-07,-2.3445007996496922e-07,-2.3445007996496922e-07,-2.3445007996496922e-07,-2.3445007996496922e-07,-2.3445007996496922e-07,-2.3445007996496922e-07,-1.178479191191826e-10,-1.1784791909708555e-10,-1.178479191454099e-10,-1.17847919112395e-10,-2.3445007996496922e-07,-2.3445007996496922e-07,-1.1784791910612573e-10,-1.178479191079011e-10,-1.1784791902125366e-10,-1.1784791905929438e-10
0.9999818962189393,0.9999792667145454,0.9999792667145593,0.9999792386616229,0.9999792386616225,0.9999792667145593,0.999979238661622,-1.17847919131878e-10,0.9999814186592544,0.9999792667145602,0.9999792667145597,0.9999792667145602,0.9999792667145593,0.9999792667145593,0.9999792386616225,0.9999792667145602,0.9999792667145593,0.9999792386616232,0.999979238661622,0.9999792667145593,0.999979238661622,0.9999792667145602,0.9999792667145606,-1.1784791933657517e-10,0.9999792386616232,0.9999792667145597,0.9999792667145593,-1.1784791921278263e-10,0.9999792667145593,0.9999792386616225,0.9999792667145597,-1.1784791909111884e-10,0.999979266714559,0.9999792667145584,0.9999792667145596,0.999979266714558,0.9999792667145597,0.9999792386616226,0.9999792386616226,0.9999792386616226,0.9999792386616226,0.9999792386616226,0.9999792386616226,0.9999792386616226,0.9999792667145597,0.999979266714559,0.9999792667145597,0.999979266714559,0.9999792386616225,0.9999792386616229,0.9999792667145596,0.99997926671456,0.9999792667145597,0.9999792667145597
0.9999818962189386,0.9999792667145447,0.999979266714559,0.9999792386616233,0.9999792386616235,0.9999792667145602,0.9999792386616232,-1.1784791905929438e-10,0.9999792667145602,0.9999814186592517,0.9999792667145613,0.9999792667145609,0.9999792667145602,0.99997926671456,0.9999792386616229,0.9999792667145609,0.9999792667145602,0.9999792386616233,0.9999792386616229,0.9999792667145597,0.9999792386616229,0.9999792667145609,0.9999792667145602,-1.178479192484374e-10,0.9999792386616233,0.9999792667145609,0.9999792667145602,-1.1784791928872983e-10,0.9999792667145604,0.9999792386616235,0.9999792667145593,-1.1784791911315144e-10,0.9999792667145593,0.9999792667145591,0.9999792667145591,0.9999792667145591,0.9999792667145609,0.999979238661622,0.999979238661622,0.999979238661622,0.999979238661622,0.999979238661622,0.999979238661622,0.999979238661622,0.9999792667145602,0.9999792667145591,0.9999792667145609,0.9999792667145596,0.9999792386616235,0.9999792386616226,0.9999792667145597,0.9999792667145602,0.99997926671456,0.9999792667145602
0.9999818962189388,0.9999792667145447,0.999979266714559,0.9999792386616229,0.9999792386616232,0.9999792667145597,0.9999792386616229,-1.1784791902722875e-10,0.9999792667145597,0.9999792667145613,0.9999814186592546,0.9999792667145609,0.9999792667145593,0.99997926671456,0.9999792386616226,0.9999792667145609,0.99997926671456,0.9999792386616229,0.9999792386616226,0.9999792667145597,0.9999792386616226,0.9999792667145609,0.9999792667145602,-1.1784791924218102e-10,0.9999792386616229,0.9999792667145609,0.9999792667145593,-1.1784791911334823e-10,0.9999792667145593,0.9999792386616229,0.9999792667145593,-1.1784791910754982e-10,0.9999792667145593,0.9999792667145591,0.999979266714559,0.999979266714559,0.9999792667145609,0.999979238661622,0.999979238661622,0.999979238661622,0.999979238661622,0.999979238661622,0.999979238661622,0.999979238661622,0.9999792667145597,0.999979266714559,0.9999792667145609,0.9999792667145593,0.9999792386616229,0.999979238661622,0.9999792667145597,0.9999792667145602,0.9999792667145597,0.9999792667145602
0.9999818962189388,0.9999792667145457,0.9999792667145593,0.9999792386616226,0.9999792386616233,0.99997926671456,0.9999792386616229,-1.1784791901817844e-10,0.9999792667145602,0.9999792667145609,0.9999792667145609,0.9999814186592546,0.9999792667145602,0.99997926671456,0.9999792386616233,0.9999792667145606,0.9999792667145602,0.9999792386616237,0.9999792386616225,0.9999792667145602,0.9999792386616225,0.9999792667145609,0.9999792667145604,-1.178479193387243e-10,0.9999792386616237,0.9999792667145609,0.9999792667145597,-1.1784791920118569e-10,0.9999792667145596,0.9999792386616233,0.9999792667145606,-1.1784791905937922e-10,0.9999792667145597,0.999979266714559,0.9999792667145593,0.999979266714559,0.9999792667145606,0.9999792386616225,0.9999792386616225,0.9999792386616225,0.9999792386616225,0.9999792386616225,0.9999792386616225,0.9999792386616225,0.9999792667145604,0.9999792667145591,0.9999792667145609,0.9999792667145597,0.9999792386616233,0.9999792386616225,0.9999792667145597,0.9999792667145602,0.9999792667145609,0.9999792667145602
0.9999818962189393,0.9999792667145437,0.999979266714559,0.999979238661622,0.9999792386616225,0.9999792667145593,0.9999792386616215,-1.178479191079011e-10,0.9999792667145593,0.9999792667145602,0.9999792667145593,0.9999792667145602,0.9999814186592462,0.9999792667145593,0.9999792386616225,0.9999792667145591,0.9999792667145593,0.999979238661622,0.999979238661621,0.9999792667145586,0.999979238661621,0.9999792667145591,0.9999792667145584,-1.1784791919451773e-10,0.999979238661622,0.999979266714559,0.9999792667145591,-1.1784791918498507e-10,0.9999792667145584,0.9999792386616226,0.999979266714559,-1.1784791905937922e-10,0.9999792667145584,0.999979266714558,0.999979266714559,0.999979266714558,0.9999792667145591,0.9999792386616213,0.9999792386616213,0.9999792386616213,0.9999792386616213,0.9999792386616213,0.9999792386616213,0.9999792386616213,0.9999792667145584,0.9999792667145593,0.999979266714559,0.999979266714559,0.9999792386616226,0.999979238661622,0.9999792667145584,0.9999792667145584,0.9999792667145591,0.999979266714558
0.9999818962189396,0.9999792667145454,0.999979266714559,0.9999792386616233,0.9999792386616233,0.9999792667145597,0.999979238661622,-1.17847919131878e-10,0.9999792667145593,0.99997926671456,0.99997926671456,0.99997926671456,0.9999792667145593,0.9999814186592543,0.9999792386616225,0.99997926671456,0.9999792667145597,0.9999792386616225,0.999979238661622,0.9999792667145593,0.999979238661622,0.99997926671456,0.9999792667145597,-1.178479192812231e-10,0.9999792386616225,0.9999792667145597,0.9999792667145593,-1.1784791913236242e-10,0.9999792667145593,0.9999792386616233,0.9999792667145584,-1.1784791918269202e-10,0.999979266714559,0.9999792667145584,0.999979266714559,0.999979266714558,0.99997926671456,0.999979238661622,0.999979238661622,0.999979238661622,0.999979238661622,0.999979238661622,0.999979238661622,0.999979238661622,0.9999792667145597,0.9999792667145593,0.9999792667145597,0.9999792667145584,0.9999792386616233,0.9999792386616229,0.9999792667145597,0.99997926671456,0.9999792667145597,0.9999792667145597
0.9999818681658277,0.9999792386616073,0.999979238661622,0.9999792106086876,0.9999792106086876,0.9999792386616232,0.9999792106086871,-2.3445007996496927e-07,0.9999792386616225,0.9999792386616229,0.9999792386616226,0.9999792386616233,0.9999792386616225,0.9999792386616225,0.9999813625533793,0.9999792386616226,0.9999792386616233,0.9999792106086868,0.9999792106086868,0.9999792386616229,0.9999792106086868,0.9999792386616226,0.9999792386616229,-2.3445008028671728e-07,0.9999792106086868,0.9999792386616226,0.9999792386616229,-2.344500802429311e-07,0.999979238661622,0.9999792106086876,0.9999792386616226,-2.34450080134529e-07,0.9999792386616232,0.9999792386616225,0.999979238661622,0.9999792386616222,0.9999792386616225,0.9999792106086862,0.9999792106086862,0.9999792106086862,0.9999792106086862,0.9999792106086862,0.9999792106086862,0.9999792106086862,0.9999792386616226,0.9999792386616225,0.9999792386616226,0.999979238661622,0.9999792106086876,0.9999792106086869,0.9999792386616222,0.9999792386616232,0.9999792386616225,0.9999792386616233
0.9999818962189388,0.9999792667145457,0.999979266714559,0.9999792386616229,0.9999792386616229,0.9999792667145602,0.9999792386616229,-1.1784791898328718e-10,0.9999792667145602,0.9999792667145609,0.9999792667145609,0.9999792667145606,0.9999792667145591,0.99997926671456,0.9999792386616226,0.9999814186592513,0.9999792667145602,0.9999792386616226,0.9999792386616225,0.9999792667145597,0.9999792386616225,0.9999792667145609,0.9999792667145597,-1.1784791923691063e-10,0.9999792386616226,0.9999792667145609,0.9999792667145593,-1.1784791910750342e-10,0.999979266714559,0.9999792386616229,0.9999792667145606,-1.1784791910375658e-10,0.9999792667145593,0.999979266714559,0.999979266714559,0.9999792667145591,0.9999792667145597,0.999979238661622,0.999979238661622,0.999979238661622,0.999979238661622,0.999979238661622,0.999979238661622,0.999979238661622,0.9999792667145597,0.999979266714559,0.9999792667145606,0.9999792667145597,0.9999792386616229,0.999979238661622,0.9999792667145597,0.9999792667145602,0.9999792667145609,0.9999792667145602
0.9999818962189401,0.9999792667145454,0.999979266714559,0.9999792386616237,0.9999792386616233,0.9999792667145597,0.9999792386616225,-1.1784791902722875e-10,0.9999792667145593,0.9999792667145602,0.99997926671456,0.9999792667145602,0.9999792667145593,0.9999792667145597,0.9999792386616233,0.9999792667145602,0.9999814186592539,0.9999792386616226,0.999979238661622,0.9999792667145593,0.999979238661622,0.9999792667145602,0.9999792667145606,-1.1784791929132547e-10,0.9999792386616226,0.99997926671456,0.9999792667145593,-1.1784791911016472e-10,0.9999792667145602,0.9999792386616233,0.9999792667145584,-1.1784791909360687e-10,0.9999792667145593,0.9999792667145584,0.999979266714559,0.9999792667145577,0.99997926671456,0.9999792386616225,0.9999792386616225,0.9999792386616225,0.9999792386616225,0.9999792386616225,0.9999792386616225,0.9999792386616225,0.9999792667145606,0.9999792667145604,0.9999792667145602,0.9999792667145584,0.9999792386616233,0.9999792386616235,0.9999792667145606,0.9999792667145602,0.9999792667145597,0.9999792667145596
0.9999818681658296,0.9999792386616071,0.9999792386616225,0.9999792106086868,0.9999792106086869,0.9999792386616225,0.9999792106086876,-2.3445007996496922e-07,0.9999792386616232,0.9999792386616233,0.9999792386616229,0.9999792386616237,0.999979238661622,0.9999792386616225,0.9999792106086868,0.9999792386616226,0.9999792386616226,0.9999813625533791,0.9999792106086862,0.9999792386616225,0.9999792106086862,0.9999792386616229,0.9999792386616229,-2.3445008028671725e-07,0.9999792106086871,0.9999792386616226,0.9999792386616222,-2.344500802429312e-07,0.9999792386616215,0.9999792106086869,0.999979238661622,-2.3445008013452907e-07,0.9999792386616222,0.9999792386616219,0.9999792386616225,0.9999792386616219,0.9999792386616226,0.9999792106086862,0.9999792106086862,0.9999792106086862,0.9999792106086862,0.9999792106086862,0.9999792106086862,0.9999792106086862,0.9999792386616229,0.9999792386616219,0.9999792386616226,0.9999792386616225,0.9999792106086869,0.9999792106086871,0.9999792386616229,0.9999792386616225,0.9999792386616229,0.999979238661622
0.999981868165828,0.9999792386616067,0.999979238661622,0.9999792106086856,0.9999792106086868,0.999979238661622,0.9999792106086868,-2.3445007996496914e-07,0.999979238661622,0.9999792386616229,0.9999792386616226,0.9999792386616225,0.999979238661621,0.999979238661622,0.9999792106086868,0.9999792386616225,0.999979238661622,0.9999792106086862,0.9999813625533828,0.9999792386616219,0.9999792106086868,0.9999792386616226,0.9999792386616222,-2.3445008028671696e-07,0.9999792106086862,0.9999792386616225,0.9999792386616226,-2.344500802429313e-07,0.9999792386616215,0.9999792106086871,0.999979238661622,-2.3445008013452917e-07,0.999979238661622,0.999979238661621,0.999979238661622,0.999979238661621,0.9999792386616225,0.9999792106086862,0.9999792106086862,0.9999792106086862,0.9999792106086862,0.9999792106086862,0.9999792106086862,0.9999792106086862,0.9999792386616222,0.999979238661622,0.9999792386616225,0.9999792386616215,0.9999792106086871,0.9999792106086862,0.9999792386616222,0.999979238661622,0.9999792386616226,0.9999792386616213
0.9999818962189381,0.9999792667145445,0.999979266714559,0.999979238661622,0.9999792386616233,0.9999792667145593,0.9999792386616225,-1.1784791902722875e-10,0.9999792667145593,0.9999792667145597,0.9999792667145597,0.9999792667145602,0.9999792667145586,0.9999792667145593,0.9999792386616229,0.9999792667145597,0.9999792667145593,0.9999792386616225,0.9999792386616219,0.9999814186592492,0.9999792386616219,0.9999792667145593,0.9999792667145593,-1.1784791918414838e-10,0.9999792386616225,0.99997926671456,0.9999792667145593,-1.1784791919258774e-10,0.9999792667145593,0.9999792386616237,0.9999792667145593,-1.1784791911315144e-10,0.9999792667145596,0.999979266714558,0.999979266714559,0.999979266714558,0.9999792667145593,0.9999792386616225,0.9999792386616225,0.9999792386616225,0.9999792386616225,0.9999792386616225,0.9999792386616225,0.9999792386616225,0.9999792667145593,0.9999792667145602,0.9999792667145593,0.999979266714559,0.9999792386616237,0.9999792386616226,0.9999792667145593,0.9999792667145596,0.9999792667145597,0.9999792667145591
0.999981868165828,0.9999792386616067,0.999979238661622,0.9999792106086856,0.9999792106086868,0.999979238661622,0.9999792106086868,-2.3445007996496914e-07,0.999979238661622,0.9999792386616229,0.9999792386616226,0.9999792386616225,0.999979238661621,0.999979238661622,0.9999792106086868,0.9999792386616225,0.999979238661622,0.9999792106086862,0.9999792106086868,0.9999792386616219,0.9999813625533828,0.9999792386616226,0.9999792386616222,-2.3445008028671696e-07,0.9999792106086862,0.9999792386616225,0.9999792386616226,-2.344500802429313e-07,0.9999792386616215,0.9999792106086871,0.999979238661622,-2.3445008013452917e-07,0.999979238661622,0.999979238661621,0.999979238661622,0.999979238661621,0.9999792386616225,0.9999792106086862,0.9999792106086862,0.9999792106086862,0.9999792106086862,0.9999792106086862,0.9999792106086862,0.9999792106086862,0.9999792386616222,0.999979238661622,0.9999792386616225,0.9999792386616215,0.9999792106086871,0.9999792106086862,0.9999792386616222,0.999979238661622,0.9999792386616226,0.9999792386616213
0.9999818962189388,0.9999792667145457,0.999979266714559,0.9999792386616229,0.9999792386616226,0.9999792667145602,0.9999792386616229,-1.1784791902722875e-10,0.9999792667145602,0.9999792667145609,0.9999792667145609,0.9999792667145609,0.9999792667145591,0.99997926671456,0.9999792386616226,0.9999792667145609,0.9999792667145602,0.9999792386616229,0.9999792386616226,0.9999792667145593,0.9999792386616226,0.9999814186592515,0.9999792667145602,-1.178479193142381e-10,0.9999792386616229,0.9999792667145608,0.9999792667145597,-1.1784791930472122e-10,0.9999792667145597,0.9999792386616226,0.9999792667145606,-1.1784791904943889e-10,0.9999792667145593,0.999979266714559,0.999979266714559,0.9999792667145591,0.9999792667145609,0.9999792386616225,0.9999792386616225,0.9999792386616225,0.9999792386616225,0.9999792386616225,0.9999792386616225,0.9999792386616225,0.9999792667145597,0.999979266714559,0.9999792667145609,0.9999792667145597,0.9999792386616226,0.999979238661622,0.9999792667145597,0.9999792667145602,0.9999792667145609,0.99997926671456
0.9999818962189418,0.9999792667145454,0.9999792667145593,0.9999792386616229,0.9999792386616229,0.9999792667145606,0.9999792386616225,-1.1784791918122685e-10,0.9999792667145606,0.9999792667145602,0.9999792667145602,0.9999792667145604,0.9999792667145584,0.9999792667145597,0.9999792386616229,0.9999792667145597,0.9999792667145606,0.9999792386616229,0.9999792386616222,0.9999792667145593,0.9999792386616222,0.9999792667145602,0.9999814186592529,-1.1784791916833757e-10,0.9999792386616229,0.9999792667145597,0.99997926671456,-1.1784791910090167e-10,0.9999792667145606,0.9999792386616233,0.9999792667145597,-1.1784791907837374e-10,0.9999792667145597,0.9999792667145584,0.9999792667145593,0.9999792667145583,0.9999792667145597,0.9999792386616229,0.9999792386616229,0.9999792386616229,0.9999792386616229,0.9999792386616229,0.9999792386616229,0.9999792386616229,0.9999792667145597,0.9999792667145596,0.9999792667145597,0.9999792667145593,0.9999792386616233,0.9999792386616229,0.9999792667145597,0.9999792667145602,0.9999792667145602,0.9999792667145593
-3.8122971418199194e-06,-1.1784791920915898e-10,-1.1784791919578076e-10,-2.3445008028671717e-07,-2.3445008028671728e-07,-1.1784791926924042e-10,-2.3445008028671712e-07,5.038767256884461e-14,-1.1784791933657517e-10,-1.178479192484374e-10,-1.1784791924218102e-10,-1.178479193387243e-10,-1.1784791919451773e-10,-1.178479192812231e-10,-2.3445008028671728e-07,-1.1784791923691063e-10,-1.1784791929132547e-10,-2.3445008028671725e-07,-2.3445008028671696e-07,-1.1784791918414838e-10,-2.3445008028671696e-07,-1.178479193142381e-10,-1.1784791916833757e-10,2.1519444995230406e-06,-2.3445008028671725e-07,-1.178479193142381e-10,-1.1784791918908928e-10,5.038767255468161e-14,-1.1784791926924042e-10,-2.344500802867171e-07,-1.178479192484374e-10,5.0387672606265893e-14,-1.1784791926532886e-10,-1.17847919222963e-10,-1.178479192484374e-10,-1.1784791933872263e-10,-1.1784791910885922e-10,-2.3445008028671693e-07,-2.3445008028671693e-07,-2.3445008028671693e-07,-2.3445008028671693e-07,-2.3445008028671693e-07,-2.3445008028671693e-07,-2.3445008028671693e-07,-1.1784791923330816e-10,-1.1784791919576246e-10,-1.1784791915791626e-10,-1.178479191782151e-10,-2.344500802867171e-07,-2.344500802867169e-07,-1.178479192184897e-10,-1.1784791933872263e-10,-1.178479191512426e-10,-1.178479192812231e-10
0.9999818681658296,0.9999792386616071,0.9999792386616225,0.9999792106086868,0.9999792106086869,0.9999792386616225,0.9999792106086876,-2.3445007996496922e-07,0.9999792386616232,0.9999792386616233,0.9999792386616229,0.9999792386616237,0.999979238661622,0.9999792386616225,0.9999792106086868,0.9999792386616226,0.9999792386616226,0.9999792106086871,0.9999792106086862,0.9999792386616225,0.9999792106086862,0.9999792386616229,0.9999792386616229,-2.3445008028671725e-07,0.9999813625533791,0.9999792386616226,0.9999792386616222,-2.344500802429312e-07,0.9999792386616215,0.9999792106086869,0.999979238661622,-2.3445008013452904e-07,0.9999792386616222,0.9999792386616219,0.9999792386616225,0.9999792386616219,0.9999792386616226,0.9999792106086862,0.9999792106086862,0.9999792106086862,0.9999792106086862,0.9999792106086862,0.9999792106086862,0.9999792106086862,0.9999792386616229,0.9999792386616219,0.9999792386616226,0.9999792386616225,0.9999792106086869,0.9999792106086871,0.9999792386616229,0.9999792386616225,0.9999792386616229,0.999979238661622
0.9999818962189403,0.9999792667145457,0.999979266714559,0.9999792386616226,0.9999792386616237,0.99997926671456,0.9999792386616229,-1.1784791905929438e-10,0.9999792667145597,0.9999792667145609,0.9999792667145609,0.9999792667145609,0.999979266714559,0.9999792667145597,0.9999792386616226,0.9999792667145609,0.99997926671456,0.9999792386616226,0.9999792386616225,0.99997926671456,0.9999792386616225,0.9999792667145608,0.9999792667145597,-1.178479193142381e-10,0.9999792386616226,0.9999814186592513,0.9999792667145593,-1.1784791906990403e-10,0.999979266714559,0.9999792386616237,0.9999792667145604,-1.1784791914111275e-10,0.9999792667145597,0.999979266714559,0.999979266714559,0.999979266714559,0.9999792667145608,0.999979238661622,0.999979238661622,0.999979238661622,0.999979238661622,0.999979238661622,0.999979238661622,0.999979238661622,0.9999792667145597,0.999979266714559,0.9999792667145606,0.9999792667145597,0.9999792386616237,0.9999792386616226,0.9999792667145597,0.9999792667145602,0.9999792667145609,0.9999792667145602
0.9999818962189388,0.9999792667145457,0.9999792667145586,0.999979238661622,0.9999792386616232,0.9999792667145593,0.9999792386616229,-1.1784791909869488e-10,0.9999792667145593,0.9999792667145602,0.9999792667145593,0.9999792667145597,0.9999792667145591,0.9999792667145593,0.9999792386616229,0.9999792667145593,0.9999792667145593,0.9999792386616222,0.9999792386616226,0.9999792667145593,0.9999792386616226,0.9999792667145597,0.99997926671456,-1.1784791918908928e-10,0.9999792386616222,0.9999792667145593,0.9999814186592507,-1.1784791911334823e-10,0.9999792667145591,0.9999792386616233,0.9999792667145597,-1.1784791918269202e-10,0.9999792667145593,0.9999792667145591,0.9999792667145586,0.9999792667145591,0.9999792667145593,0.999979238661622,0.999979238661622,0.999979238661622,0.999979238661622,0.999979238661622,0.999979238661622,0.999979238661622,0.9999792667145597,0.999979266714559,0.9999792667145597,0.9999792667145593,0.9999792386616233,0.9999792386616225,0.9999792667145597,0.9999792667145593,0.9999792667145593,0.9999792667145584
-3.812297140625004e-06,-1.1784791911334823e-10,-1.1784791923339447e-10,-2.3445008024293105e-07,-2.344500802429311e-07,-1.178479190926516e-10,-2.3445008024293094e-07,5.0387672500781496e-14,-1.1784791921278263e-10,-1.1784791928872983e-10,-1.1784791911334823e-10,-1.1784791920118569e-10,-1.1784791918498507e-10,-1.1784791913236242e-10,-2.344500802429311e-07,-1.1784791910750342e-10,-1.1784791911016472e-10,-2.344500802429312e-07,-2.344500802429313e-07,-1.1784791919258774e-10,-2.344500802429313e-07,-1.1784791930472122e-10,-1.1784791910090167e-10,5.038767255468161e-14,-2.344500802429312e-07,-1.1784791906990403e-10,-1.1784791911334823e-10,2.1519444995230406e-06,-1.178479191996974e-10,-2.3445008024293112e-07,-1.178479191045706e-10,5.0387672538202735e-14,-1.1784791912418068e-10,-1.1784791918772691e-10,-1.178479191720242e-10,-1.1784791930472122e-10,-1.178479191045706e-10,-2.344500802429311e-07,-2.344500802429311e-07,-2.344500802429311e-07,-2.344500802429311e-07,-2.344500802429311e-07,-2.344500802429311e-07,-2.344500802429311e-07,-1.1784791914795155e-10,-1.1784791928625901e-10,-1.1784791919171548e-10,-1.1784791918498507e-10,-2.3445008024293112e-07,-2.3445008024293112e-07,-1.1784791928625901e-10,-1.178479192519865e-10,-1.178479192519865e-10,-1.178479191539754e-10
0.9999818962189388,0.9999792667145452,0.999979266714558,0.9999792386616225,0.999979238661622,0.9999792667145593,0.9999792386616219,-1.178479191299051e-10,0.9999792667145593,0.9999792667145604,0.9999792667145593,0.9999792667145596,0.9999792667145584,0.9999792667145593,0.999979238661622,0.999979266714559,0.9999792667145602,0.9999792386616215,0.9999792386616215,0.9999792667145593,0.9999792386616215,0.9999792667145597,0.9999792667145606,-1.1784791926924042e-10,0.9999792386616215,0.999979266714559,0.9999792667145591,-1.178479191996974e-10,0.9999814186592535,0.9999792386616229,0.9999792667145596,-1.1784791911632897e-10,0.9999792667145584,0.9999792667145584,0.999979266714558,0.9999792667145584,0.999979266714559,0.9999792386616215,0.9999792386616215,0.9999792386616215,0.9999792386616215,0.9999792386616215,0.9999792386616215,0.9999792386616215,0.9999792667145606,0.9999792667145586,0.9999792667145596,0.9999792667145584,0.9999792386616229,0.999979238661622,0.9999792667145593,0.9999792667145593,0.9999792667145593,0.999979266714558
0.9999818681658277,0.9999792386616071,0.9999792386616225,0.9999792106086876,0.9999792106086876,0.9999792386616233,0.9999792106086869,-2.3445007996496922e-07,0.9999792386616225,0.9999792386616235,0.9999792386616229,0.9999792386616233,0.9999792386616226,0.9999792386616233,0.9999792106086876,0.9999792386616229,0.9999792386616233,0.9999792106086869,0.9999792106086871,0.9999792386616237,0.9999792106086871,0.9999792386616226,0.9999792386616233,-2.344500802867171e-07,0.9999792106086869,0.9999792386616237,0.9999792386616233,-2.3445008024293112e-07,0.9999792386616229,0.9999813625533791,0.9999792386616226,-2.3445008013452899e-07,0.9999792386616233,0.9999792386616225,0.9999792386616222,0.9999792386616225,0.9999792386616226,0.9999792106086862,0.9999792106086862,0.9999792106086862,0.9999792106086862,0.9999792106086862,0.9999792106086862,0.9999792106086862,0.9999792386616229,0.9999792386616232,0.9999792386616226,0.999979238661622,0.9999792106086876,0.9999792106086869,0.9999792386616225,0.9999792386616233,0.9999792386616225,0.9999792386616233
0.9999818962189401,0.9999792667145444,0.9999792667145591,0.9999792386616225,0.9999792386616226,0.9999792667145584,0.9999792386616222,-1.1784791902722875e-10,0.9999792667145597,0.9999792667145593,0.9999792667145593,0.9999792667145606,0.999979266714559,0.9999792667145584,0.9999792386616226,0.9999792667145606,0.9999792667145584,0.999979238661622,0.999979238661622,0.9999792667145593,0.999979238661622,0.9999792667145606,0.9999792667145597,-1.178479192484374e-10,0.999979238661622,0.9999792667145604,0.9999792667145597,-1.178479191045706e-10,0.9999792667145596,0.9999792386616226,0.9999814186592494,-1.1784791915654877e-10,0.9999792667145596,0.999979266714559,0.9999792667145591,0.9999792667145584,0.9999792667145593,0.9999792386616215,0.9999792386616215,0.9999792386616215,0.9999792386616215,0.9999792386616215,0.9999792386616215,0.9999792386616215,0.9999792667145597,0.9999792667145593,0.9999792667145591,0.9999792667145593,0.9999792386616226,0.9999792386616225,0.9999792667145597,0.9999792667145584,0.999979266714559,0.9999792667145591
-3.812297141819522e-06,-1.1784791904943889e-10,-1.1784791910375658e-10,-2.3445008013452904e-07,-2.34450080134529e-07,-1.1784791909617746e-10,-2.3445008013452899e-07,5.0387672552365786e-14,-1.1784791909111884e-10,-1.1784791911315144e-10,-1.1784791910754982e-10,-1.1784791905937922e-10,-1.1784791905937922e-10,-1.1784791918269202e-10,-2.34450080134529e-07,-1.1784791910375658e-10,-1.1784791909360687e-10,-2.3445008013452907e-07,-2.3445008013452917e-07,-1.1784791911315144e-10,-2.3445008013452917e-07,-1.1784791904943889e-10,-1.1784791907837374e-10,5.0387672606265893e-14,-2.3445008013452904e-07,-1.1784791914111275e-10,-1.1784791918269202e-10,5.0387672538202735e-14,-1.1784791911632897e-10,-2.3445008013452899e-07,-1.1784791915654877e-10,2.1519444995230406e-06,-1.178479191594144e-10,-1.1784791915850942e-10,-1.1784791908928381e-10,-1.1784791912898386e-10,-1.1784791923499212e-10,-2.34450080134529e-07,-2.34450080134529e-07,-2.34450080134529e-07,-2.34450080134529e-07,-2.34450080134529e-07,-2.34450080134529e-07,-2.34450080134529e-07,-1.1784791908881354e-10,-1.178479191977724e-10,-1.1784791907524635e-10,-1.1784791904943889e-10,-2.3445008013452899e-07,-2.3445008013452899e-07,-1.1784791910375658e-10,-1.1784791912898386e-10,-1.1784791908971542e-10,-1.178479190300718e-10
0.9999818962189388,0.9999792667145452,0.9999792667145586,0.999979238661622,0.9999792386616233,0.9999792667145593,0.9999792386616226,-1.1784791901817844e-10,0.999979266714559,0.9999792667145593,0.9999792667145593,0.9999792667145597,0.9999792667145584,0.999979266714559,0.9999792386616232,0.9999792667145593,0.9999792667145593,0.9999792386616222,0.999979238661622,0.9999792667145596,0.999979238661622,0.9999792667145593,0.9999792667145597,-1.1784791926532886e-10,0.9999792386616222,0.9999792667145597,0.9999792667145593,-1.1784791912418068e-10,0.9999792667145584,0.9999792386616233,0.9999792667145596,-1.178479191594144e-10,0.9999814186592523,0.9999792667145584,0.9999792667145586,0.9999792667145584,0.9999792667145593,0.999979238661622,0.999979238661622,0.999979238661622,0.999979238661622,0.999979238661622,0.999979238661622,0.999979238661622,0.9999792667145597,0.9999792667145593,0.9999792667145597,0.999979266714559,0.9999792386616233,0.9999792386616225,0.9999792667145597,0.9999792667145593,0.9999792667145593,0.999979266714559
0.9999818962189393,0.9999792667145437,0.9999792667145586,0.999979238661622,0.9999792386616225,0.9999792667145584,0.9999792386616215,-1.178479191101811e-10,0.9999792667145584,0.9999792667145591,0.9999792667145591,0.999979266714559,0.999979266714558,0.9999792667145584,0.9999792386616225,0.999979266714559,0.9999792667145584,0.9999792386616219,0.999979238661621,0.999979266714558,0.999979238661621,0.999979266714559,0.9999792667145584,-1.17847919222963e-10,0.9999792386616219,0.999979266714559,0.9999792667145591,-1.1784791918772691e-10,0.9999792667145584,0.9999792386616225,0.999979266714559,-1.1784791915850942e-10,0.9999792667145584,0.9999814186592464,0.9999792667145586,0.999979266714558,0.999979266714559,0.9999792386616213,0.9999792386616213,0.9999792386616213,0.9999792386616213,0.9999792386616213,0.9999792386616213,0.9999792386616213,0.999979266714558,0.9999792667145576,0.999979266714559,0.999979266714559,0.9999792386616225,0.9999792386616212,0.9999792667145583,0.9999792667145584,0.999979266714559,0.999979266714558
0.9999818962189381,0.9999792667145438,0.9999792667145584,0.9999792386616215,0.9999792386616225,0.999979266714559,0.999979238661622,-1.1784791898692492e-10,0.9999792667145596,0.9999792667145591,0.999979266714559,0.9999792667145593,0.999979266714559,0.999979266714559,0.999979238661622,0.999979266714559,0.999979266714559,0.9999792386616225,0.999979238661622,0.999979266714559,0.999979238661622,0.999979266714559,0.9999792667145593,-1.178479192484374e-10,0.9999792386616225,0.999979266714559,0.9999792667145586,-1.178479191720242e-10,0.999979266714558,0.9999792386616222,0.9999792667145591,-1.1784791908928381e-10,0.9999792667145586,0.9999792667145586,0.9999814186592493,0.999979266714559,0.999979266714559,0.9999792386616215,0.9999792386616215,0.9999792386616215,0.9999792386616215,0.9999792386616215,0.9999792386616215,0.9999792386616215,0.9999792667145593,0.9999792667145584,0.999979266714559,0.999979266714559,0.9999792386616222,0.9999792386616213,0.9999792667145593,0.999979266714559,0.999979266714559,0.9999792667145584
0.9999818962189401,0.9999792667145435,0.999979266714559,0.9999792386616206,0.9999792386616222,0.9999792667145576,0.9999792386616212,-1.178479190213056e-10,0.999979266714558,0.9999792667145591,0.999979266714559,0.999979266714559,0.999979266714558,0.999979266714558,0.9999792386616222,0.9999792667145591,0.9999792667145577,0.9999792386616219,0.999979238661621,0.999979266714558,0.999979238661621,0.9999792667145591,0.9999792667145583,-1.1784791933872263e-10,0.9999792386616219,0.999979266714559,0.9999792667145591,-1.1784791930472122e-10,0.9999792667145584,0.9999792386616225,0.9999792667145584,-1.1784791912898386e-10,0.9999792667145584,0.999979266714558,0.999979266714559,0.9999814186592446,0.999979266714559,0.9999792386616212,0.9999792386616212,0.9999792386616212,0.9999792386616212,0.9999792386616212,0.9999792386616212,0.9999792386616212,0.9999792667145583,0.9999792667145583,0.999979266714559,0.9999792667145576,0.9999792386616225,0.9999792386616213,0.9999792667145584,0.9999792667145584,0.999979266714558,0.999979266714558
0.9999818962189401,0.9999792667145457,0.999979266714559,0.9999792386616222,0.9999792386616226,0.99997926671456,0.9999792386616226,-1.1784791905929438e-10,0.9999792667145597,0.9999792667145609,0.9999792667145609,0.9999792667145606,0.9999792667145591,0.99997926671456,0.9999792386616225,0.9999792667145597,0.99997926671456,0.9999792386616226,0.9999792386616225,0.9999792667145593,0.9999792386616225,0.9999792667145609,0.9999792667145597,-1.1784791910885922e-10,0.9999792386616226,0.9999792667145608,0.9999792667145593,-1.178479191045706e-10,0.999979266714559,0.9999792386616226,0.9999792667145593,-1.1784791923499212e-10,0.9999792667145593,0.999979266714559,0.999979266714559,0.999979266714559,0.9999814186592515,0.999979238661622,0.999979238661622,0.999979238661622,0.999979238661622,0.999979238661622,0.999979238661622,0.999979238661622,0.9999792667145597,0.9999792667145584,0.9999792667145597,0.9999792667145597,0.9999792386616226,0.999979238661622,0.9999792667145597,0.9999792667145602,0.99997926671456,0.99997926671456
