1.0000000011342856,1.0000057754039702,-7.38189480467054e-06,-7.381020457309241e-06,1.0000064315490835,-7.383480612010924e-06,-7.381158524264468e-06,1.0000064315490833,1.0000064315490829,-7.38055175880888e-06,1.0000064315490835,-7.381550807912599e-06,-7.381042364051357e-06,-7.381964003074214e-06,1.0000064315490864,1.000006431549087,-7.3810423641291286e-06,-7.381914524295408e-06,-7.38126477163342e-06,-7.380950080908097e-06,-7.3799758470899945e-06,1.0000064315490829,-7.381033922738693e-06,-7.3811585227005384e-06,1.0000064315490882,-7.381555698322642e-06,1.0000064315490842,-7.3810634310461925e-06,-7.381497476832611e-06,-7.380149273874329e-06,-7.380063798015226e-06,-7.3810423633710154e-06,-7.381158522672478e-06,1.000006431549087,-7.3802373507270425e-06,-7.381202856901185e-06,-7.38006379534515e-06,-7.381158523671519e-06,-7.380400868258349e-06,-7.380083085129597e-06,-7.380156923765693e-06,1.0000064315490833,-7.38095008274223e-06,1.0000064315490844,1.000006431549086,-7.381158524423309e-06,-7.381158522673061e-06,1.0000064315490849,-7.380035759572678e-06,-7.380882034384425e-06,-7.380140567578269e-06,1.0000064315490844,-7.380875180088269e-06,-7.380156922695786e-06,-7.381747230065991e-06,-7.379833252443451e-06,-7.3801991422891615e-06,-7.380267348219298e-06,-7.3810423640902286e-06,-7.380083084857443e-06
1.0000057754039702,0.9999994427711593,-9.143019257953025e-07,-9.134275492577345e-07,1.000005354502449,-9.158878186460906e-07,-9.135656454025795e-07,1.000005354502447,1.0000053545024477,-9.129588305037062e-07,1.0000053545024477,-9.139579319754452e-07,-9.134494744305694e-07,-9.143711604340345e-07,1.0000053545024472,1.0000053545024477,-9.134494751884848e-07,-9.143216591761926e-07,-9.13671876063948e-07,-9.133571830927775e-07,-9.123829015890456e-07,1.0000053545024477,-9.134410023298685e-07,-9.135656470844761e-07,1.0000053545024472,-9.13962774097495e-07,1.0000053545024465,-9.134705389701711e-07,-9.139045709933347e-07,-9.125563075260787e-07,-9.124708417665899e-07,-9.134494757914899e-07,-9.135656463593087e-07,1.0000053545024488,-9.126443982118578e-07,-9.136099635693177e-07,-9.124708384538798e-07,-9.135656465718882e-07,-9.12807944045298e-07,-9.124901468795038e-07,-9.125639647974607e-07,1.0000053545024479,-9.133571836140845e-07,1.0000053545024485,1.0000053545024472,-9.13565646568505e-07,-9.135656465712125e-07,1.0000053545024468,-9.124428049394429e-07,-9.132891503680365e-07,-9.125476142571521e-07,1.000005354502449,-9.132822924399823e-07,-9.125639649993769e-07,-9.141543316868283e-07,-9.12240271401584e-07,-9.126061764593122e-07,-9.126743725745424e-07,-9.13449474709201e-07,-9.124901447134412e-07
-7.38189480467054e-06,-9.143019257953025e-07,-5.255593170988115e-06,8.364837383769057e-13,-4.593176158265524e-10,8.391246427871618e-13,4.2046167702658e-16,-4.593176157899099e-10,-4.593176157899099e-10,8.359864785980855e-13,-4.5931761575101666e-10,8.370719019109073e-13,4.204606807553803e-16,8.37553531272374e-13,-4.5931761573963305e-10,-4.5931761573963305e-10,4.204081639678938e-16,8.37440774235802e-13,8.367556623698698e-13,4.202638533122985e-16,4.1993063882909724e-16,-4.5931761573963305e-10,4.2022257886159303e-16,4.203033321689642e-16,-4.593176157899099e-10,8.369364097226836e-13,-4.593176157899099e-10,8.365688288599926e-13,8.369366045728514e-13,8.354938587392301e-13,4.196981139325023e-16,4.204081639678938e-16,4.2027392367944567e-16,-4.5931761573963305e-10,4.1974590916195955e-16,4.2069794694924866e-16,4.196530282723477e-16,4.203033321689642e-16,8.358522835172982e-13,4.197383829620656e-16,4.200985613372221e-16,-4.593176157899099e-10,4.2024866678407754e-16,-4.593176157296527e-10,-4.5931761573963305e-10,4.203033321689642e-16,4.203033321689642e-16,-4.5931761573963305e-10,4.196316744431749e-16,4.2033404395362036e-16,4.1967622862736954e-16,-4.593176157899099e-10,4.200202896854341e-16,4.200985613372221e-16,4.2058999386835556e-16,4.19462708509044e-16,4.19784402394602e-16,8.355889944451894e-13,4.204081639678938e-16,4.200718329542242e-16
-7.381020457309241e-06,-9.134275492577345e-07,8.364837383769057e-13,-5.255593171276912e-06,-4.588783534518418e-10,8.384064030902469e-13,4.1984808399068044e-16,-4.588783536128266e-10,-4.588783535806482e-10,8.349677583780524e-13,-4.588783535823266e-10,8.36165654645892e-13,4.196739488779973e-16,4.2029144974552364e-16,-4.588783533731203e-10,-4.588783535806495e-10,4.196739488779973e-16,8.36557959015402e-13,4.197765422524671e-16,4.196295507228886e-16,4.1913314669431264e-16,-4.588783535806482e-10,4.1966693334119387e-16,4.197745113648919e-16,-4.588783535806495e-10,4.199496290001977e-16,-4.5887835360051875e-10,4.198468393251849e-16,8.359728185287368e-13,4.1880660419376884e-16,4.1945664013554275e-16,4.196566869474897e-16,4.198057671612359e-16,-4.5887835360051875e-10,8.345435960159132e-13,4.199373737766942e-16,4.193730240023739e-16,4.1984808399068044e-16,8.348363885748989e-13,4.1925867429595094e-16,4.192299040129376e-16,-4.5887835360051875e-10,4.196665763871134e-16,-4.5887835347675867e-10,-4.588783535806495e-10,4.1984808399068044e-16,4.197745113648919e-16,-4.588783533731203e-10,4.1911664829679493e-16,4.1979460538304445e-16,4.194840766689968e-16,-4.588783536128266e-10,4.1968224861816003e-16,4.1921077612529413e-16,4.2020487473650317e-16,4.190745072252361e-16,4.1925543544248393e-16,4.1906200645348695e-16,4.196739488779973e-16,4.1936224191466626e-16
1.0000064315490835,1.000005354502449,-4.593176158265524e-10,-4.588783534518418e-10,1.0000007550488044,-4.6011432509639204e-10,-4.589477304579904e-10,1.0000060106413833,1.0000060106413844,-4.586428823821291e-10,1.0000060106413842,-4.5914480370357056e-10,-4.588893690560844e-10,-4.593523987656643e-10,1.0000060106413833,1.0000060106413837,-4.5888936950286744e-10,-4.5932752974332034e-10,-4.590010967914162e-10,-4.588430043338237e-10,-4.5835355188601214e-10,1.0000060106413837,-4.5888511131793807e-10,-4.589477312884922e-10,1.0000060106413835,-4.591472338081495e-10,1.0000060106413824,-4.588999511163172e-10,-4.5911799519330976e-10,-4.5844066482242835e-10,-4.5839773001916827e-10,-4.5888936968218117e-10,-4.589477309229305e-10,1.000006010641384,-4.584849199003613e-10,-4.589699939806686e-10,-4.5839772841769914e-10,-4.589477309648075e-10,-4.585670816966624e-10,-4.584074291711883e-10,-4.5844451212939213e-10,1.0000060106413844,-4.588430044567224e-10,1.0000060106413844,1.000006010641383,-4.589477310666682e-10,-4.589477309880696e-10,1.0000060106413835,-4.5838364511733916e-10,-4.588088274346506e-10,-4.5843629842298593e-10,1.0000060106413853,-4.5880538187728246e-10,-4.584445121395764e-10,-4.592434677951517e-10,-4.5828189707016993e-10,-4.584657176610585e-10,-4.584999769819883e-10,-4.5888936918471646e-10,-4.584074281734545e-10
-7.383480612010924e-06,-9.158878186460906e-07,8.391246427871618e-13,8.384064030902469e-13,-4.6011432509639204e-10,-5.255593164601062e-06,4.212695029855691e-16,-4.6011432506966733e-10,-4.6011432506966733e-10,8.380310747833885e-13,-4.601143251354987e-10,8.388105093844537e-13,8.383827219931105e-13,4.214185772706807e-16,-4.6011432506966733e-10,-4.601143251152666e-10,8.383827223319537e-13,8.391155109032422e-13,4.21232867882298e-16,8.383242420379543e-13,4.2073375356691495e-16,-4.6011432508069194e-10,4.212057493436511e-16,4.2126236277970788e-16,-4.601143251354987e-10,4.2151812111901284e-16,-4.601143249872465e-10,8.384089109610957e-13,8.388313884525166e-13,8.377617687539318e-13,4.2073360179458946e-16,8.383827229053949e-13,4.2117094168973284e-16,-4.6011432504251353e-10,4.2074559406456444e-16,8.385392181249599e-13,4.2078847342847914e-16,4.212925732815306e-16,8.378893321416703e-13,4.208070450869263e-16,4.208965115750855e-16,-4.6011432507229787e-10,8.38324242371025e-13,-4.601143250406552e-10,-4.6011432508069194e-10,4.2116526397412654e-16,4.2116526397412654e-16,-4.601143250406552e-10,4.2082758095802603e-16,8.382255057302604e-13,4.208704659433873e-16,-4.6011432503989596e-10,8.382320525456621e-13,4.2079171282704415e-16,4.215093802081634e-16,4.2066641207093426e-16,4.2086629725414893e-16,4.209978798308707e-16,8.38382722069876e-13,4.2079026584076517e-16
-7.381158524264468e-06,-9.135656454025795e-07,4.2046167702658e-16,4.1984808399068044e-16,-4.589477304579904e-10,4.212695029855691e-16,-5.255593172077971e-06,-4.5894773051589866e-10,-4.5894773048093855e-10,4.1981642808595704e-16,-4.5894773048093855e-10,4.201499266598922e-16,4.197896779150912e-16,8.368730412917589e-13,-4.5894773051589866e-10,-4.5894773051589866e-10,4.1983826401045914e-16,4.2033537219224055e-16,4.1997566282147755e-16,4.200487590287338e-16,4.191798800772969e-16,-4.5894773048093855e-10,4.1972274108780437e-16,8.360053317919445e-13,-4.589477304768274e-10,4.199735299830505e-16,-4.5894773046335134e-10,4.198701380914607e-16,4.200819935368755e-16,4.194937370168634e-16,4.1940378725588007e-16,4.1983826401045914e-16,8.360053316126734e-13,-4.5894773051589866e-10,4.1936049953667634e-16,4.199603754421571e-16,4.1948748755395325e-16,8.360053319026581e-13,4.194372887207608e-16,4.193626184083312e-16,4.191759346032134e-16,-4.5894773048093855e-10,4.200487590287338e-16,-4.5894773048093855e-10,-4.589477304703584e-10,8.36005331638511e-13,8.360053315992985e-13,-4.5894773051589866e-10,4.194946780244589e-16,4.1988852289603576e-16,4.1936084257317875e-16,-4.589477304579904e-10,4.197193412771811e-16,4.191759346032134e-16,4.2022339456175097e-16,4.19125987561317e-16,4.1930368234223636e-16,4.194875821169558e-16,4.198206761022867e-16,4.193318601013363e-16
1.0000064315490833,1.000005354502447,-4.593176157899099e-10,-4.588783536128266e-10,1.0000060106413833,-4.6011432506966733e-10,-4.5894773051589866e-10,1.000000755048801,1.0000060106413828,-4.586428823821291e-10,1.0000060106413826,-4.591448036378234e-10,-4.588893690511364e-10,-4.59352398727892e-10,1.000006010641382,1.0000060106413824,-4.5888936950286744e-10,-4.5932752972988615e-10,-4.5900109689933695e-10,-4.588430043338237e-10,-4.583535520277045e-10,1.0000060106413824,-4.5888511131793807e-10,-4.589477312533736e-10,1.0000060106413813,-4.5914723383303737e-10,1.0000060106413824,-4.588999512193148e-10,-4.5911799519330976e-10,-4.5844066500063965e-10,-4.5839773001916827e-10,-4.58889369847069e-10,-4.589477308722186e-10,1.0000060106413826,-4.584849198062663e-10,-4.5896999389390106e-10,-4.583977284811648e-10,-4.5894773106294334e-10,-4.585670816966624e-10,-4.584074291512341e-10,-4.584445121333242e-10,1.0000060106413828,-4.5884300443237707e-10,1.0000060106413835,1.0000060106413813,-4.589477310781997e-10,-4.5894773105290447e-10,1.0000060106413824,-4.5838364510337413e-10,-4.588088274343061e-10,-4.584362984153045e-10,1.0000060106413833,-4.588053819704788e-10,-4.584445121395764e-10,-4.5924346788768554e-10,-4.5828189709885015e-10,-4.5846571776552463e-10,-4.584999769631485e-10,-4.5888936924398276e-10,-4.5840742798559327e-10
1.0000064315490829,1.0000053545024477,-4.593176157899099e-10,-4.588783535806482e-10,1.0000060106413844,-4.6011432506966733e-10,-4.5894773048093855e-10,1.0000060106413828,1.0000007550488017,-4.5864288239763593e-10,1.0000060106413835,-4.59144803643629e-10,-4.588893690048986e-10,-4.593523987376825e-10,1.0000060106413828,1.0000060106413826,-4.5888936943201203e-10,-4.5932752972988615e-10,-4.590010967914163e-10,-4.588430043535378e-10,-4.583535520277045e-10,1.0000060106413842,-4.588851114008958e-10,-4.589477312489295e-10,1.0000060106413828,-4.5914723370980457e-10,1.0000060106413828,-4.588999511591337e-10,-4.591179952839283e-10,-4.5844066500063965e-10,-4.5839773001416403e-10,-4.58889369847069e-10,-4.5894773087649626e-10,1.0000060106413837,-4.5848491981768965e-10,-4.5896999389409354e-10,-4.583977284661286e-10,-4.589477311531313e-10,-4.585670816966624e-10,-4.584074291512341e-10,-4.5844451212939213e-10,1.0000060106413842,-4.588430045273904e-10,1.0000060106413844,1.0000060106413824,-4.589477311770513e-10,-4.589477309880696e-10,1.0000060106413828,-4.5838364512472625e-10,-4.588088274346506e-10,-4.5843629845563527e-10,1.0000060106413844,-4.5880538188469115e-10,-4.584445120504756e-10,-4.5924346788768554e-10,-4.5828189707016993e-10,-4.5846571776552463e-10,-4.584999769819883e-10,-4.588893691447955e-10,-4.584074281734545e-10
-7.38055175880888e-06,-9.129588305037062e-07,8.359864785980855e-13,8.349677583780524e-13,-4.586428823821291e-10,8.380310747833885e-13,4.1981642808595704e-16,-4.586428823821291e-10,-4.5864288239763593e-10,-5.255593171256939e-06,-4.586428823474139e-10,4.195975877996707e-16,4.197227744342937e-16,4.1990746278869895e-16,-4.5864288235748795e-10,-4.586428823821291e-10,4.197227744342937e-16,4.1946268154926693e-16,4.200680369066798e-16,4.195509198192274e-16,4.1879418418095154e-16,-4.5864288238553423e-10,4.1946433065408755e-16,4.197167283701227e-16,-4.586428823821291e-10,4.200515869277657e-16,-4.586428824799197e-10,4.195832587987334e-16,8.354374085930699e-13,4.190543792856811e-16,4.1854354292201553e-16,4.194671789972493e-16,4.1977898726386605e-16,-4.5864288243732923e-10,4.1915901586538734e-16,4.195146076343065e-16,4.1854354292201553e-16,4.197167283701227e-16,8.342669385982601e-13,4.1897461045745974e-16,4.1922929072997134e-16,-4.5864288238553423e-10,4.195509198192274e-16,-4.5864288235748795e-10,-4.5864288243732923e-10,4.197167283701227e-16,4.199176801759336e-16,-4.586428824799197e-10,4.186776565720066e-16,4.195079218302244e-16,4.1897202281480393e-16,-4.586428824799197e-10,4.194482163511685e-16,4.1913886325107516e-16,4.1982445406749514e-16,4.184086869146807e-16,4.188745510287663e-16,4.1881021586550496e-16,4.196278209088079e-16,4.1893434511598163e-16
1.0000064315490835,1.0000053545024477,-4.5931761575101666e-10,-4.588783535823266e-10,1.0000060106413842,-4.601143251354987e-10,-4.5894773048093855e-10,1.0000060106413826,1.0000060106413835,-4.586428823474139e-10,1.0000007550488008,-4.5914480370357056e-10,-4.588893690048986e-10,-4.593523989711488e-10,1.0000060106413824,1.000006010641383,-4.5888936950286744e-10,-4.5932752974332034e-10,-4.590010967914163e-10,-4.5884300419406323e-10,-4.5835355181861176e-10,1.0000060106413842,-4.588851113982254e-10,-4.589477312884922e-10,1.000006010641383,-4.5914723373164276e-10,1.000006010641383,-4.588999512193148e-10,-4.591179952234878e-10,-4.5844066482242835e-10,-4.5839773001416403e-10,-4.5888936962321255e-10,-4.5894773087139054e-10,1.0000060106413828,-4.584849198062663e-10,-4.5896999397217023e-10,-4.583977284661286e-10,-4.5894773112459854e-10,-4.5856708151966393e-10,-4.584074291512341e-10,-4.584445121333242e-10,1.0000060106413842,-4.588430044567224e-10,1.0000060106413848,1.0000060106413826,-4.589477311770513e-10,-4.5894773105290447e-10,1.0000060106413828,-4.5838364510337413e-10,-4.5880882729728764e-10,-4.5843629842298593e-10,1.0000060106413853,-4.5880538184545617e-10,-4.584445121619064e-10,-4.592434677951517e-10,-4.582818972780554e-10,-4.584657177780825e-10,-4.584999770005003e-10,-4.5888936924588274e-10,-4.5840742825876444e-10
-7.381550807912599e-06,-9.139579319754452e-07,8.370719019109073e-13,8.36165654645892e-13,-4.5914480370357056e-10,8.388105093844537e-13,4.201499266598922e-16,-4.591448036378234e-10,-4.59144803643629e-10,4.195975877996707e-16,-4.5914480370357056e-10,-5.255593169080253e-06,8.362405941450497e-13,4.2051368594536665e-16,-4.591448035921351e-10,-4.591448035781775e-10,8.362405944141963e-13,8.371240923887044e-13,4.1999970746654103e-16,4.1978920067595737e-16,4.194751044524513e-16,-4.591448035781775e-10,4.20209652443116e-16,4.201712553506224e-16,-4.591448035921351e-10,4.2013991133654433e-16,-4.5914480355145644e-10,8.362512971561124e-13,4.1996676478879693e-16,4.197972213015064e-16,4.195910490918164e-16,8.362405949687761e-13,4.2021767810131177e-16,-4.591448036378234e-10,4.1967798144653593e-16,8.363760402093064e-13,4.195910490918164e-16,4.201499266598922e-16,4.1975703893094633e-16,4.194991320490108e-16,4.1947872329747324e-16,-4.591448035964809e-10,4.1978920067595737e-16,-4.591448035921351e-10,-4.5914480370357056e-10,4.2001559109737393e-16,4.201696707859426e-16,-4.59144803643629e-10,4.193839372553733e-16,4.199642755665111e-16,4.1967609901848167e-16,-4.5914480364657166e-10,8.360840256682938e-13,4.195336583110542e-16,4.203277134836184e-16,4.1941651940291523e-16,4.195218908845733e-16,4.197185476024644e-16,8.362405941861221e-13,4.1957028500606095e-16
-7.381042364051357e-06,-9.134494744305694e-07,4.204606807553803e-16,4.196739488779973e-16,-4.588893690560844e-10,8.383827219931105e-13,4.197896779150912e-16,-4.588893690511364e-10,-4.588893690048986e-10,4.197227744342937e-16,-4.588893690048986e-10,8.362405941450497e-13,-5.2555931714422436e-06,4.2031936359616005e-16,-4.5888936913108295e-10,-4.588893690408216e-10,8.357117701875294e-13,4.2031847434386704e-16,4.1994560910869935e-16,4.198294499898114e-16,4.191756083354121e-16,-4.5888936902039294e-10,4.198673865522721e-16,4.197896779150912e-16,-4.5888936913108295e-10,4.2003172485315175e-16,-4.588893690511364e-10,4.197046967065716e-16,4.2005442864210565e-16,4.1931297293015536e-16,4.1918188337657065e-16,8.357117707388113e-13,4.2000524494690267e-16,-4.588893690511364e-10,4.192543586102961e-16,4.1988686603984344e-16,4.1918188337657065e-16,4.1991883126659753e-16,4.1956583302771155e-16,4.1966650742654173e-16,4.1926148365504946e-16,-4.5888936902039294e-10,4.198906743301363e-16,-4.588893690511364e-10,-4.5888936902039294e-10,4.1991883126659753e-16,4.197896779150912e-16,-4.588893690048986e-10,4.1942328381358734e-16,4.198251998202433e-16,4.191204801772229e-16,-4.588893690048986e-10,8.355542360851716e-13,4.191838935158083e-16,4.19947970113449e-16,4.191265151645703e-16,4.192791801457834e-16,4.1948851174370856e-16,8.357117699652419e-13,4.1952450027454193e-16
-7.381964003074214e-06,-9.143711604340345e-07,8.37553531272374e-13,4.2029144974552364e-16,-4.593523987656643e-10,4.214185772706807e-16,8.368730412917589e-13,-4.59352398727892e-10,-4.593523987376825e-10,4.1990746278869895e-16,-4.593523989711488e-10,4.2051368594536665e-16,4.2031936359616005e-16,-5.255593171166477e-06,-4.593523989711488e-10,-4.59352398727892e-10,4.20355480169652e-16,4.2059676453118584e-16,8.369564398147931e-13,4.2023564246551637e-16,4.2004686419563947e-16,-4.5935239881835115e-10,4.202931777859064e-16,8.368730425450369e-13,-4.593523989711488e-10,8.371926714370344e-13,-4.593523987393515e-10,4.204514168727735e-16,4.2038972787101274e-16,8.358496185854497e-13,4.200656624316564e-16,4.2031936359616005e-16,8.368730423367812e-13,-4.593523987393515e-10,4.2003346338392595e-16,4.204015667193491e-16,4.200656993051515e-16,8.368730426402011e-13,4.201832030740149e-16,8.358168153126214e-13,4.197637712246317e-16,-4.593523989711488e-10,4.2026425027518365e-16,-4.593523987376825e-10,-4.5935239898502396e-10,8.368730423714059e-13,8.368730423318538e-13,-4.5935239889797204e-10,4.194975132237966e-16,4.20335004789998e-16,4.1994086215549445e-16,-4.593523988999583e-10,4.2020740476132476e-16,4.200262391422596e-16,8.373965517492303e-13,4.1984736013525976e-16,4.199405992140396e-16,4.19851854720526e-16,4.2031936359616005e-16,8.358168141926873e-13
1.0000064315490864,1.0000053545024472,-4.5931761573963305e-10,-4.588783533731203e-10,1.0000060106413833,-4.6011432506966733e-10,-4.5894773051589866e-10,1.000006010641382,1.0000060106413828,-4.5864288235748795e-10,1.0000060106413824,-4.591448035921351e-10,-4.5888936913108295e-10,-4.593523989711488e-10,1.0000007550488021,1.0000060106413826,-4.5888936943201203e-10,-4.593275297761402e-10,-4.590010968402588e-10,-4.588430043535378e-10,-4.5835355180475416e-10,1.000006010641383,-4.5888511140407993e-10,-4.589477312533736e-10,1.0000060106413824,-4.591472338081495e-10,1.0000060106413815,-4.588999511163291e-10,-4.591179952839283e-10,-4.5844066487113393e-10,-4.5839773001916827e-10,-4.5888936968218117e-10,-4.589477309094247e-10,1.000006010641384,-4.5848491981768975e-10,-4.5896999391338194e-10,-4.583977284661286e-10,-4.589477311177884e-10,-4.585670816966624e-10,-4.5840742909802406e-10,-4.5844451212939213e-10,1.000006010641383,-4.588430046222163e-10,1.0000060106413842,1.0000060106413817,-4.589477310781997e-10,-4.5894773110750155e-10,1.0000060106413824,-4.5838364529377834e-10,-4.588088274346506e-10,-4.5843629843848895e-10,1.0000060106413833,-4.5880538188469115e-10,-4.5844451208684594e-10,-4.592434677168658e-10,-4.5828189709885015e-10,-4.584657177780825e-10,-4.584999769640726e-10,-4.588893692178345e-10,-4.5840742803854756e-10
1.000006431549087,1.0000053545024477,-4.5931761573963305e-10,-4.588783535806495e-10,1.0000060106413837,-4.601143251152666e-10,-4.5894773051589866e-10,1.0000060106413824,1.0000060106413826,-4.586428823821291e-10,1.000006010641383,-4.591448035781775e-10,-4.588893690408216e-10,-4.59352398727892e-10,1.0000060106413826,1.0000007550487973,-4.588893695032516e-10,-4.593275297009998e-10,-4.590010967914163e-10,-4.5884300431343506e-10,-4.5835355180475416e-10,1.0000060106413833,-4.5888511137637714e-10,-4.589477312533736e-10,1.0000060106413824,-4.591472338081495e-10,1.000006010641382,-4.5889995113181507e-10,-4.5911799518753226e-10,-4.5844066487113393e-10,-4.5839773001916827e-10,-4.5888936962321255e-10,-4.5894773087139054e-10,1.0000060106413835,-4.584849198062663e-10,-4.5896999391338194e-10,-4.5839772849311945e-10,-4.589477310509233e-10,-4.585670816966624e-10,-4.584074291711883e-10,-4.5844451212939213e-10,1.0000060106413828,-4.588430045273904e-10,1.0000060106413835,1.0000060106413824,-4.5894773111718576e-10,-4.589477310598713e-10,1.0000060106413824,-4.5838364512472625e-10,-4.588088274346506e-10,-4.5843629845563527e-10,1.0000060106413842,-4.5880538196886795e-10,-4.5844451225025893e-10,-4.592434678114881e-10,-4.582818973076602e-10,-4.584657176635188e-10,-4.5849997711213064e-10,-4.5888936924588274e-10,-4.584074281734545e-10
-7.3810423641291286e-06,-9.134494751884848e-07,4.204081639678938e-16,4.196739488779973e-16,-4.5888936950286744e-10,8.383827223319537e-13,4.1983826401045914e-16,-4.5888936950286744e-10,-4.5888936943201203e-10,4.197227744342937e-16,-4.5888936950286744e-10,8.362405944141963e-13,8.357117701875294e-13,4.20355480169652e-16,-4.5888936943201203e-10,-4.588893695032516e-10,-5.2555931714422436e-06,4.2044953253149916e-16,4.1994560910869935e-16,4.198294499898114e-16,4.190567366797691e-16,-4.5888936943201203e-10,4.198673865522721e-16,4.197896779150912e-16,-4.5888936943201203e-10,4.200298045193376e-16,-4.5888936950286744e-10,4.1995659610363795e-16,4.2005505818489906e-16,4.1931297293015536e-16,4.1918188337657065e-16,8.357117709961353e-13,4.1983826401045914e-16,-4.5888936950286744e-10,4.1929995426243797e-16,4.197922867995011e-16,4.1908086262637876e-16,4.2000524494690267e-16,4.1952701467097995e-16,4.194531427861693e-16,4.191838935158083e-16,-4.5888936950286744e-10,4.1984992731955494e-16,-4.5888936943201203e-10,-4.5888936943201203e-10,4.1983826401045914e-16,4.198989075358202e-16,-4.588893694921186e-10,4.194165727405933e-16,4.1965566606781217e-16,4.191203385727219e-16,-4.5888936943201203e-10,8.355542363416153e-13,4.194567615268382e-16,4.19947970113449e-16,4.1925450751150094e-16,4.1921679053827246e-16,4.1936650034840105e-16,8.357117702225667e-13,4.196665001502713e-16
-7.381914524295408e-06,-9.143216591761926e-07,8.37440774235802e-13,8.36557959015402e-13,-4.5932752974332034e-10,8.391155109032422e-13,4.2033537219224055e-16,-4.5932752972988615e-10,-4.5932752972988615e-10,4.1946268154926693e-16,-4.5932752974332034e-10,8.371240923887044e-13,4.2031847434386704e-16,4.2059676453118584e-16,-4.593275297761402e-10,-4.593275297009998e-10,4.2044953253149916e-16,-5.255593168701684e-06,4.2035591166978443e-16,8.36510553762769e-13,4.1969879740788473e-16,-4.593275297761402e-10,4.2027091742637966e-16,4.2029005671927034e-16,-4.5932752979404104e-10,4.208106502125939e-16,-4.5932752981530284e-10,8.366331981125059e-13,8.370074207942083e-13,8.356093814677363e-13,4.1961771453348735e-16,4.2038701095791317e-16,4.202739018432863e-16,-4.5932752979326695e-10,4.1982181663619465e-16,8.367586548674694e-13,4.1968824638096274e-16,4.2029005671926975e-16,4.197604670540047e-16,4.1974190510447363e-16,4.196797440375165e-16,-4.593275297761402e-10,8.365105540628339e-13,-4.593275297935221e-10,-4.5932752974332034e-10,4.2028226023268324e-16,4.202739018432217e-16,-4.593275297370089e-10,4.196186577624085e-16,8.364834464733601e-13,4.197794989810993e-16,-4.5932752977529805e-10,4.2048441127254636e-16,4.196797440375165e-16,4.205543670708259e-16,4.1965072404123206e-16,4.197287679063877e-16,4.195932013654719e-16,4.204473987368948e-16,4.197736172367944e-16
-7.38126477163342e-06,-9.13671876063948e-07,8.367556623698698e-13,4.197765422524671e-16,-4.590010967914162e-10,4.21232867882298e-16,4.1997566282147755e-16,-4.5900109689933695e-10,-4.590010967914163e-10,4.200680369066798e-16,-4.590010967914163e-10,4.1999970746654103e-16,4.1994560910869935e-16,8.369564398147931e-13,-4.590010968402588e-10,-4.590010967914163e-10,4.1994560910869935e-16,4.2035591166978443e-16,-5.2555931725134726e-06,4.199381162028735e-16,8.346728106220983e-13,-4.5900109684280975e-10,4.197911533969683e-16,4.1997566282147755e-16,-4.590010968802292e-10,8.362523785954884e-13,-4.5900109691456566e-10,4.199782059490222e-16,4.199481990475798e-16,4.1916065130314686e-16,4.1920197932480495e-16,4.199835508066526e-16,4.2015142485202614e-16,-4.5900109689933695e-10,4.192759326658521e-16,4.20074555323504e-16,4.1920197932480495e-16,4.1997061110487887e-16,8.35159609102339e-13,8.348018680019103e-13,4.1935331333901756e-16,-4.590010968402588e-10,4.2002057399735874e-16,-4.590010968401608e-10,-4.5900109685341933e-10,4.2014499368785753e-16,4.2010055539170687e-16,-4.590010968137095e-10,8.346986736795602e-13,4.1993340557400017e-16,4.193700376978499e-16,-4.5900109687487205e-10,4.200975275109064e-16,4.1920227623677575e-16,8.365368773837645e-13,4.1911181392616047e-16,4.1953528297116366e-16,4.192419860251202e-16,4.200720328276968e-16,8.348018669707222e-13
-7.380950080908097e-06,-9.133571830927775e-07,4.202638533122985e-16,4.196295507228886e-16,-4.588430043338237e-10,8.383242420379543e-13,4.200487590287338e-16,-4.588430043338237e-10,-4.588430043535378e-10,4.195509198192274e-16,-4.5884300419406323e-10,4.1978920067595737e-16,4.198294499898114e-16,4.2023564246551637e-16,-4.588430043535378e-10,-4.5884300431343506e-10,4.198294499898114e-16,8.36510553762769e-13,4.199381162028735e-16,-5.25559317075578e-06,4.1914068511564456e-16,-4.588430043535378e-10,4.198241105900503e-16,4.2004697267201235e-16,-4.588430043338237e-10,4.197722379017496e-16,-4.5884300416016883e-10,8.355908077155822e-13,4.1986230118683247e-16,4.196503310483353e-16,4.1917196865101246e-16,4.1984992731955494e-16,4.200487590287338e-16,-4.588430043338237e-10,4.19343724083326e-16,8.357139696298212e-13,4.1911057064393095e-16,4.2004697267201235e-16,4.1941954145273366e-16,4.1919781100225245e-16,4.194853678939678e-16,-4.5884300430238765e-10,8.354504792256431e-13,-4.5884300419406323e-10,-4.588430043329039e-10,4.1990380093558586e-16,4.200487590287338e-16,-4.5884300432800016e-10,4.192815013203108e-16,8.354567940141969e-13,4.193624272314337e-16,-4.588430043535378e-10,4.197717715036242e-16,4.1892869903267605e-16,4.202729590764267e-16,4.1842399028437225e-16,4.1932564860735003e-16,4.192502551243011e-16,4.1984992731955494e-16,4.1921210454466527e-16
-7.3799758470899945e-06,-9.123829015890456e-07,4.1993063882909724e-16,4.1913314669431264e-16,-4.5835355188601214e-10,4.2073375356691495e-16,4.191798800772969e-16,-4.583535520277045e-10,-4.583535520277045e-10,4.1879418418095154e-16,-4.5835355181861176e-10,4.194751044524513e-16,4.191756083354121e-16,4.2004686419563947e-16,-4.5835355180475416e-10,-4.5835355180475416e-10,4.190567366797691e-16,4.1969879740788473e-16,8.346728106220983e-13,4.1914068511564456e-16,-5.25559317334481e-06,-4.583535518188848e-10,4.18812188195173e-16,4.191798800772969e-16,-4.583535518901933e-10,8.347214240790052e-13,-4.583535518872775e-10,4.192095645484604e-16,4.193595304202276e-16,4.1853798757999726e-16,4.1841867097462e-16,4.191756083354121e-16,4.191931073057381e-16,-4.5835355180475416e-10,4.184361101187537e-16,4.1936988541089715e-16,4.1841867097462e-16,4.1924198762088393e-16,4.1900591673511867e-16,4.188141286210265e-16,4.188993592310134e-16,-4.5835355181861176e-10,4.19082805912782e-16,-4.583535518872775e-10,-4.5835355182774497e-10,4.191798800772969e-16,4.192681973481441e-16,-4.5835355185932476e-10,8.330294559606661e-13,4.19103035730495e-16,4.186448325307415e-16,-4.583535518780538e-10,4.192507923609188e-16,4.188993592310134e-16,8.351000565443601e-13,4.1776293989478205e-16,4.1887492753119816e-16,4.1855871103515706e-16,4.191756090945702e-16,4.188141286210265e-16
1.0000064315490829,1.0000053545024477,-4.5931761573963305e-10,-4.588783535806482e-10,1.0000060106413837,-4.6011432508069194e-10,-4.5894773048093855e-10,1.0000060106413824,1.0000060106413842,-4.5864288238553423e-10,1.0000060106413842,-4.591448035781775e-10,-4.5888936902039294e-10,-4.5935239881835115e-10,1.000006010641383,1.0000060106413833,-4.5888936943201203e-10,-4.593275297761402e-10,-4.5900109684280975e-10,-4.588430043535378e-10,-4.583535518188848e-10,1.000000755048803,-4.5888511142885704e-10,-4.589477313372122e-10,1.0000060106413833,-4.5914723370980457e-10,1.0000060106413826,-4.588999511163291e-10,-4.5911799524183015e-10,-4.5844066487113393e-10,-4.5839773001916827e-10,-4.5888936962321255e-10,-4.58947731000938e-10,1.0000060106413837,-4.5848491983132386e-10,-4.5896999389409354e-10,-4.5839772839717565e-10,-4.589477309648075e-10,-4.585670816966624e-10,-4.5840742909802406e-10,-4.584445121333242e-10,1.0000060106413842,-4.588430046222163e-10,1.0000060106413842,1.0000060106413824,-4.589477311805e-10,-4.5894773105290447e-10,1.000006010641383,-4.58383645129674e-10,-4.588088274346506e-10,-4.5843629842298593e-10,1.0000060106413844,-4.5880538188469115e-10,-4.584445120504611e-10,-4.5924346788768554e-10,-4.5828189709885015e-10,-4.584657176635188e-10,-4.5849997687608147e-10,-4.5888936924592917e-10,-4.584074281734545e-10
-7.381033922738693e-06,-9.134410023298685e-07,4.2022257886159303e-16,4.1966693334119387e-16,-4.5888511131793807e-10,4.212057493436511e-16,4.1972274108780437e-16,-4.5888511131793807e-10,-4.588851114008958e-10,4.1946433065408755e-16,-4.588851113982254e-10,4.20209652443116e-16,4.198673865522721e-16,4.202931777859064e-16,-4.5888511140407993e-10,-4.5888511137637714e-10,4.198673865522721e-16,4.2027091742637966e-16,4.197911533969683e-16,4.198241105900503e-16,4.18812188195173e-16,-4.5888511142885704e-10,-5.255593169063281e-06,4.1991259636239693e-16,-4.58885111431512e-10,4.197511665673302e-16,-4.588851113976558e-10,4.1974134779945963e-16,4.201242005318293e-16,4.1904101104875243e-16,8.342687100403792e-13,4.198673865522721e-16,4.1972274108780437e-16,-4.58885111431512e-10,8.344492744541946e-13,4.1983127994840645e-16,8.342687077433413e-13,4.1968391640560373e-16,4.193570898236558e-16,4.1899730867839065e-16,4.192180380281908e-16,-4.58885111431512e-10,4.194460888207548e-16,-4.5888511140536744e-10,-4.5888511131793807e-10,4.199094986294782e-16,4.199094986294782e-16,-4.5888511131793807e-10,4.188159616849384e-16,8.354561341031522e-13,8.34361579229236e-13,-4.5888511140407993e-10,4.1978838709643627e-16,4.192121123043149e-16,4.2017147150003263e-16,4.188728949570372e-16,4.193056799464493e-16,4.189496982360223e-16,4.1973845478748533e-16,4.1915456533111646e-16
-7.3811585227005384e-06,-9.135656470844761e-07,4.203033321689642e-16,4.197745113648919e-16,-4.589477312884922e-10,4.2126236277970788e-16,8.360053317919445e-13,-4.589477312533736e-10,-4.589477312489295e-10,4.197167283701227e-16,-4.589477312884922e-10,4.201712553506224e-16,4.197896779150912e-16,8.368730425450369e-13,-4.589477312533736e-10,-4.589477312533736e-10,4.197896779150912e-16,4.2029005671927034e-16,4.1997566282147755e-16,4.2004697267201235e-16,4.191798800772969e-16,-4.589477313372122e-10,4.1991259636239693e-16,-5.255593172077971e-06,-4.589477313551067e-10,4.2026172048580203e-16,-4.589477313372122e-10,4.1980231138916124e-16,4.201210868580284e-16,4.194937370168634e-16,4.192362531596214e-16,4.2000524494690267e-16,8.360053328253818e-13,-4.589477312489295e-10,4.193357167827978e-16,4.198795573379576e-16,4.1940378725588007e-16,8.360053331153663e-13,4.1955785129461053e-16,4.193626184083312e-16,4.1922880999423365e-16,-4.589477312533736e-10,4.200487590287338e-16,-4.589477312533736e-10,-4.589477313372122e-10,8.360053328512193e-13,8.360053328120073e-13,-4.589477312884922e-10,4.1932309057145677e-16,4.199578676748041e-16,4.1960411420813655e-16,-4.589477313372122e-10,4.1999842552185344e-16,4.1931705947306223e-16,4.2022339456175097e-16,4.19125987561317e-16,4.1930368234223636e-16,4.192862125130183e-16,4.1983826401045914e-16,4.193626184083312e-16
1.0000064315490882,1.0000053545024472,-4.593176157899099e-10,-4.588783535806495e-10,1.0000060106413835,-4.601143251354987e-10,-4.589477304768274e-10,1.0000060106413813,1.0000060106413828,-4.586428823821291e-10,1.000006010641383,-4.591448035921351e-10,-4.5888936913108295e-10,-4.593523989711488e-10,1.0000060106413824,1.0000060106413824,-4.5888936943201203e-10,-4.5932752979404104e-10,-4.590010968802292e-10,-4.588430043338237e-10,-4.583535518901933e-10,1.0000060106413833,-4.58885111431512e-10,-4.589477313551067e-10,1.0000007550488035,-4.591472338155112e-10,1.0000060106413813,-4.5889995116464975e-10,-4.5911799520798435e-10,-4.584406649242727e-10,-4.5839773001416403e-10,-4.5888936971889646e-10,-4.58947731000938e-10,1.0000060106413828,-4.58484919819541e-10,-4.5896999390168576e-10,-4.5839772841769914e-10,-4.5894773112459854e-10,-4.5856708165199623e-10,-4.584074291382903e-10,-4.58444512132807e-10,1.0000060106413833,-4.5884300443237707e-10,1.0000060106413833,1.0000060106413813,-4.5894773103936e-10,-4.5894773111511745e-10,1.0000060106413824,-4.5838364512472625e-10,-4.5880882743511723e-10,-4.5843629845563527e-10,1.0000060106413835,-4.5880538184545617e-10,-4.584445121414166e-10,-4.5924346793996677e-10,-4.582818972780554e-10,-4.5846571777801956e-10,-4.584999769819883e-10,-4.5888936922205916e-10,-4.5840742819120586e-10
-7.381555698322642e-06,-9.13962774097495e-07,8.369364097226836e-13,4.199496290001977e-16,-4.591472338081495e-10,4.2151812111901284e-16,4.199735299830505e-16,-4.5914723383303737e-10,-4.5914723370980457e-10,4.200515869277657e-16,-4.5914723373164276e-10,4.2013991133654433e-16,4.2003172485315175e-16,8.371926714370344e-13,-4.591472338081495e-10,-4.591472338081495e-10,4.200298045193376e-16,4.208106502125939e-16,8.362523785954884e-13,4.197722379017496e-16,8.347214240790052e-13,-4.5914723370980457e-10,4.197511665673302e-16,4.2026172048580203e-16,-4.591472338155112e-10,-5.255593168249896e-06,-4.5914723373519297e-10,4.2009417171297204e-16,4.202900161694501e-16,8.34773383268592e-13,4.1922781988664923e-16,4.2004267205586044e-16,4.2027601651787337e-16,-4.5914723376749003e-10,4.195833790517644e-16,4.202132388493025e-16,4.1922781988664923e-16,4.2026172048580203e-16,4.196968877072646e-16,4.1953256100656267e-16,8.348200956157827e-13,-4.59147233687117e-10,4.1983609985509473e-16,-4.591472338081495e-10,-4.591472338081495e-10,4.2026172048580203e-16,4.2038170115455683e-16,-4.5914723370980457e-10,4.193541850324334e-16,4.2001701010458483e-16,4.1950269118917273e-16,-4.591472336119284e-10,8.359007189577724e-13,8.348200960826187e-13,4.201428814151821e-16,4.1914668170724875e-16,8.348346312297488e-13,4.1928055409283577e-16,4.200298045193376e-16,4.1953256100656267e-16
1.0000064315490842,1.0000053545024465,-4.593176157899099e-10,-4.5887835360051875e-10,1.0000060106413824,-4.601143249872465e-10,-4.5894773046335134e-10,1.0000060106413824,1.0000060106413828,-4.586428824799197e-10,1.000006010641383,-4.5914480355145644e-10,-4.588893690511364e-10,-4.593523987393515e-10,1.0000060106413815,1.000006010641382,-4.5888936950286744e-10,-4.5932752981530284e-10,-4.5900109691456566e-10,-4.5884300416016883e-10,-4.583535518872775e-10,1.0000060106413826,-4.588851113976558e-10,-4.589477313372122e-10,1.0000060106413813,-4.5914723373519297e-10,1.0000007550488021,-4.588999512411638e-10,-4.59117995085894e-10,-4.5844066487113393e-10,-4.5839773001916827e-10,-4.5888936962321255e-10,-4.5894773098253115e-10,1.0000060106413828,-4.584849197161628e-10,-4.5896999398639707e-10,-4.5839772841769914e-10,-4.5894773112459854e-10,-4.585670815993949e-10,-4.584074291711883e-10,-4.5844451212939213e-10,1.0000060106413835,-4.5884300449759297e-10,1.0000060106413835,1.0000060106413817,-4.589477311770513e-10,-4.589477310544435e-10,1.0000060106413824,-4.5838364529377834e-10,-4.588088274494899e-10,-4.584362984153045e-10,1.0000060106413835,-4.5880538187728246e-10,-4.584445121395764e-10,-4.592434677616595e-10,-4.5828189719213865e-10,-4.584657176610585e-10,-4.584999769640726e-10,-4.5888936925612205e-10,-4.5840742816876895e-10
-7.3810634310461925e-06,-9.134705389701711e-07,8.365688288599926e-13,4.198468393251849e-16,-4.588999511163172e-10,8.384089109610957e-13,4.198701380914607e-16,-4.588999512193148e-10,-4.588999511591337e-10,4.195832587987334e-16,-4.588999512193148e-10,8.362512971561124e-13,4.197046967065716e-16,4.204514168727735e-16,-4.588999511163291e-10,-4.5889995113181507e-10,4.1995659610363795e-16,8.366331981125059e-13,4.199782059490222e-16,8.355908077155822e-13,4.192095645484604e-16,-4.588999511163291e-10,4.1974134779945963e-16,4.1980231138916124e-16,-4.5889995116464975e-10,4.2009417171297204e-16,-4.588999512411638e-10,-5.255593172226013e-06,4.2004257729419284e-16,4.1883160633509354e-16,4.1919302208145916e-16,4.1986662026193853e-16,4.20066790680137e-16,-4.588999511163291e-10,4.194300180427613e-16,8.358511025330605e-13,4.19151380594938e-16,4.19971119004833e-16,4.1941731978019925e-16,4.1935168236536564e-16,4.1937031682077936e-16,-4.588999511591337e-10,8.355908080033385e-13,-4.588999512193148e-10,-4.588999511264889e-10,4.198701380914607e-16,4.2001606212190463e-16,-4.588999511504889e-10,4.1903406095206896e-16,8.355902350620958e-13,4.1948683509591328e-16,-4.588999512193148e-10,4.1980824339113064e-16,4.194588221985549e-16,4.200777010482905e-16,4.191294757311628e-16,4.1936124207793156e-16,4.1949279412077087e-16,4.1995659610363795e-16,4.194591205290479e-16
-7.381497476832611e-06,-9.139045709933347e-07,8.369366045728514e-13,8.359728185287368e-13,-4.5911799519330976e-10,8.388313884525166e-13,4.200819935368755e-16,-4.5911799519330976e-10,-4.591179952839283e-10,8.354374085930699e-13,-4.591179952234878e-10,4.1996676478879693e-16,4.2005442864210565e-16,4.2038972787101274e-16,-4.591179952839283e-10,-4.5911799518753226e-10,4.2005505818489906e-16,8.370074207942083e-13,4.199481990475798e-16,4.1986230118683247e-16,4.193595304202276e-16,-4.5911799524183015e-10,4.201242005318293e-16,4.201210868580284e-16,-4.5911799520798435e-10,4.202900161694501e-16,-4.59117995085894e-10,4.2004257729419284e-16,-5.255593170951614e-06,8.348749627550016e-13,4.192169192610592e-16,4.2005442864210565e-16,4.200468298459823e-16,-4.5911799524633953e-10,4.196866336084738e-16,4.2008919972261115e-16,4.194942171203596e-16,4.1999172910773085e-16,8.353055572958633e-13,4.1929453364865275e-16,4.1940544709544873e-16,-4.5911799518753226e-10,4.1964381762113793e-16,-4.591179952218728e-10,-4.59117995085894e-10,4.2013751619841886e-16,4.201210868580284e-16,-4.591179952839283e-10,4.195385160291652e-16,4.1997689693591326e-16,4.19470711500015e-16,-4.5911799524633953e-10,4.2015578307104865e-16,4.1951244454135163e-16,4.2042289186397065e-16,4.1930055003326595e-16,4.193568851224834e-16,4.1979933995897377e-16,4.200623879296037e-16,4.193915179909496e-16
