0.9999999957320059,-3.5777344591100806e-06,-3.5777344334104717e-06,0.5000007560078594,1.0000176139290144,-3.577734433951456e-06,0.5000007560078762,0.5000007560078763,0.5000069962445318,0.5000069962445374,1.0000176139290144,-3.577734433952401e-06,-3.5777344341166807e-06,1.0000176139290198,0.5000151134285505,-3.5777344339516893e-06,1.0000176139290144,-3.577734433951064e-06,0.5000007560078762,-3.57773443345343e-06,1.0000147895314748,-3.577734449936567e-06,0.5000007560078604,-3.5777344334572868e-06,-3.5777344334518547e-06,1.0000176139290144,-3.5777344339520654e-06,0.5000007560078776,-3.57773443395205e-06,-3.57773443395265e-06,-3.5777344339510773e-06,-3.5777344334575358e-06,0.5000151134285461
-3.5777344591100806e-06,-8.598533845726915e-06,5.040504169574744e-08,9.43872148750654e-10,1.8529694570905278e-09,2.3633634637669347e-11,9.438721506764903e-10,9.438721513356382e-10,9.38212312277958e-10,9.382123159985473e-10,1.852969456409734e-09,2.363363463766938e-11,5.040504169576862e-08,1.8529694566035635e-09,9.332981470742174e-10,2.363363357093613e-11,1.8529694572989186e-09,2.3633634460609586e-11,9.43872150676492e-10,5.040504169575158e-08,3.760026872397018e-06,2.3633633570938612e-11,9.438721487924677e-10,5.040504169574932e-08,5.040504169575302e-08,1.8529694564097319e-09,2.363363357093613e-11,9.438721487924677e-10,5.040504169574454e-08,2.3633634637641417e-11,2.3633634637643637e-11,5.040504169574544e-08,9.332981481624579e-10
-3.5777344334104717e-06,5.040504169574744e-08,-8.59853384572794e-06,9.438721446786638e-10,1.8529694468478114e-09,2.3633634368687237e-11,9.438721465059333e-10,9.438721465815306e-10,9.382123071414042e-10,9.382123090486852e-10,1.8529694459043071e-09,2.363363357092172e-11,5.0405041695748095e-08,1.8529694467648485e-09,9.332981434254406e-10,2.3633634439558253e-11,1.8529694456969205e-09,2.36336344601115e-11,9.438721465059343e-10,5.0405041695731016e-08,3.7600268531244168e-06,2.363363443955429e-11,9.438721446290452e-10,5.040504169572862e-08,5.040504169573233e-08,1.852969446603248e-09,2.3633634637647424e-11,9.438721446323541e-10,5.0405041695724034e-08,2.3633634369139498e-11,2.3633634460602784e-11,5.040504169572488e-08,9.332981436601854e-10
0.5000007560078594,9.43872148750654e-10,9.438721446786638e-10,0.5000009936463492,0.5000162177080181,9.438721448898711e-10,1.0650807054906123e-09,1.0650807046242347e-09,0.5000131102086798,2.583316715720522e-09,0.5000162177080181,9.438721450699992e-10,9.438721449510701e-10,0.5000162177080173,0.5000143643231636,9.438721456922916e-10,0.500016217708018,9.43872145051591e-10,1.0650807069554816e-09,9.43872145067871e-10,0.5000143881738911,9.438721458402324e-10,0.5000096427192295,9.43872145413132e-10,9.438721451223496e-10,0.500016217708018,9.438721456730941e-10,0.5000096427192291,9.438721453734076e-10,9.438721453119485e-10,9.438721449753621e-10,9.438721450614722e-10,6.159005436281145e-09
1.0000176139290144,1.8529694570905278e-09,1.8529694468478114e-09,0.5000162177080181,1.0000327392356507,1.852969448060876e-09,0.5000162177080221,0.5000162177080215,0.5000227186521325,0.5000227186521359,1.0000413885896906,1.8529694476702244e-09,1.85296944873643e-09,1.0000413885896895,0.5000310836858888,1.8529694476645082e-09,1.0000413885896913,1.8529694473739856e-09,0.5000162177080224,1.8529694469347947e-09,1.0000376310903256,1.8529694498661834e-09,0.5000162177080194,1.8529694461974425e-09,1.8529694480030196e-09,1.0000413885896926,1.8529694491977497e-09,0.5000162177080179,1.8529694467822714e-09,1.852969447405066e-09,1.85296944614403e-09,1.8529694478304456e-09,0.5000310836858908
-3.577734433951456e-06,2.3633634637669347e-11,2.3633634368687237e-11,9.438721448898711e-10,1.852969448060876e-09,-8.59853384572794e-06,9.43872146850133e-10,9.4387214706573e-10,9.38212308659909e-10,9.382123106158074e-10,1.8529694488995043e-09,5.0405041695729705e-08,2.3633634876748064e-11,1.852969448570179e-09,9.332981429603132e-10,5.04050416957322e-08,1.8529694483927234e-09,5.0405041695729255e-08,9.438721475030743e-10,2.3633634637647443e-11,3.7600268556462676e-06,5.040504169574093e-08,9.438721451830829e-10,2.3633633570921678e-11,2.3633634667026375e-11,1.8529694483927234e-09,5.04050416957386e-08,9.438721448875015e-10,2.363363446060282e-11,5.04050416957338e-08,5.0405041695743e-08,2.3633634460601912e-11,9.332981439263235e-10
0.5000007560078762,9.438721506764903e-10,9.438721465059333e-10,1.0650807054906123e-09,0.5000162177080221,9.43872146850133e-10,0.5000009936463645,0.5000096427192317,2.583316711864522e-09,0.5000131102086818,0.5000162177080213,9.438721460674339e-10,9.438721468552788e-10,0.5000162177080203,6.159005432735114e-09,9.4387214641836e-10,0.500016217708021,9.43872146887606e-10,0.5000096427192307,9.438721454761257e-10,0.5000143881738965,9.438721462213457e-10,1.0650807048333932e-09,9.438721460080363e-10,9.43872146289208e-10,0.5000162177080213,9.438721463266158e-10,1.0650807045318505e-09,9.438721466166227e-10,9.438721460701832e-10,9.438721469573981e-10,9.438721470480468e-10,0.5000143643231659
0.5000007560078763,9.438721513356382e-10,9.438721465815306e-10,1.0650807046242347e-09,0.5000162177080215,9.4387214706573e-10,0.5000096427192317,0.5000009936463709,2.5833167110169195e-09,0.5000131102086818,0.5000162177080206,9.438721460946374e-10,9.438721465085267e-10,0.5000162177080202,6.159005433711024e-09,9.438721454047235e-10,0.5000162177080208,9.43872146056147e-10,0.500009642719231,9.438721456935592e-10,0.500014388173897,9.438721461286504e-10,1.065080706392606e-09,9.438721454760663e-10,9.438721459234385e-10,0.5000162177080212,9.438721455606116e-10,1.0650807051546546e-09,9.438721460522347e-10,9.438721459886021e-10,9.438721461234402e-10,9.438721470480565e-10,0.5000143643231664
0.5000069962445318,9.38212312277958e-10,9.382123071414042e-10,0.5000131102086798,0.5000227186521325,9.38212308659909e-10,2.583316711864522e-09,2.5833167110169195e-09,0.5000079370390033,4.105560148892304e-09,0.5000227186521324,9.382123094968576e-10,9.382123091754475e-10,0.5000227186521319,0.5000178490273782,9.382123086156501e-10,0.500022718652132,9.382123082137636e-10,2.5833167161832385e-09,9.382123083836218e-10,0.5000208692523518,9.38212309704337e-10,0.5000131102086791,9.38212307674443e-10,9.382123080767333e-10,0.5000227186521323,9.38212308711764e-10,0.5000131102086787,9.382123087044953e-10,9.38212309314846e-10,9.382123090156087e-10,9.38212308103729e-10,1.5232066724841575e-05
0.5000069962445374,9.382123159985473e-10,9.382123090486852e-10,2.583316715720522e-09,0.5000227186521359,9.382123106158074e-10,0.5000131102086818,0.5000131102086818,4.105560148892304e-09,0.5000079370390044,0.5000227186521353,9.382123092824663e-10,9.382123096986752e-10,0.5000227186521347,1.523206672588921e-05,9.382123103291207e-10,0.5000227186521355,9.382123101215343e-10,0.500013110208681,9.382123093293043e-10,0.5000208692523577,9.38212310607715e-10,2.583316717589725e-09,9.382123100245476e-10,9.382123101137464e-10,0.5000227186521357,9.382123098579129e-10,2.583316714747355e-09,9.382123111081833e-10,9.382123085623414e-10,9.38212309570863e-10,9.38212309723996e-10,0.5000178490273811
1.0000176139290144,1.852969456409734e-09,1.8529694459043071e-09,0.5000162177080181,1.0000413885896906,1.8529694488995043e-09,0.5000162177080213,0.5000162177080206,0.5000227186521324,0.5000227186521353,1.000032739235656,1.8529694478259463e-09,1.8529694500674027e-09,1.0000413885896897,0.5000310836858877,1.8529694473309006e-09,1.0000413885896897,1.8529694473738303e-09,0.5000162177080213,1.8529694476094423e-09,1.0000376310903234,1.852969449021097e-09,0.5000162177080186,1.852969446197436e-09,1.8529694482744213e-09,1.0000413885896902,1.8529694485052254e-09,0.5000162177080179,1.8529694480541441e-09,1.8529694474050479e-09,1.8529694469142502e-09,1.852969447830438e-09,0.50003108368589
-3.577734433952401e-06,2.363363463766938e-11,2.363363357092172e-11,9.438721450699992e-10,1.8529694476702244e-09,5.0405041695729705e-08,9.438721460674339e-10,9.438721460946374e-10,9.382123094968576e-10,9.382123092824663e-10,1.8529694478259463e-09,-8.59853384572794e-06,2.3633634667020068e-11,1.8529694479841862e-09,9.332981422927042e-10,5.0405041695727555e-08,1.8529694473708743e-09,5.0405041695724696e-08,9.438721465254332e-10,2.3633635718424e-11,3.7600268548186453e-06,5.040504169573626e-08,9.438721440646146e-10,2.36336348150262e-11,2.3633634460111494e-11,1.8529694482434808e-09,5.040504169573404e-08,9.438721449209034e-10,2.3633634637647443e-11,5.040504169572927e-08,5.040504169573818e-08,2.3633634368687202e-11,9.332981429894052e-10
-3.5777344341166807e-06,5.040504169576862e-08,5.0405041695748095e-08,9.438721449510701e-10,1.85296944873643e-09,2.3633634876748064e-11,9.438721468552788e-10,9.438721465085267e-10,9.382123091754475e-10,9.382123096986752e-10,1.8529694500674027e-09,2.3633634667020068e-11,-8.59853384572794e-06,1.8529694502655511e-09,9.332981422087243e-10,2.3633634637647424e-11,1.8529694486614624e-09,2.3633634637647424e-11,9.438721468553046e-10,5.040504169575219e-08,3.760026857487498e-06,2.363363542158106e-11,9.438721443759562e-10,5.040504169575e-08,5.040504169575354e-08,1.8529694481093403e-09,2.3633634460601928e-11,9.438721460344333e-10,5.040504169574511e-08,2.3633635718606942e-11,2.363363487700637e-11,5.040504169574588e-08,9.33298145030627e-10
1.0000176139290198,1.8529694566035635e-09,1.8529694467648485e-09,0.5000162177080173,1.0000413885896895,1.852969448570179e-09,0.5000162177080203,0.5000162177080202,0.5000227186521319,0.5000227186521347,1.0000413885896897,1.8529694479841862e-09,1.8529694502655511e-09,1.0000327392356811,0.5000310836858867,1.8529694480290953e-09,1.0000413885896888,1.8529694479618124e-09,0.5000162177080211,1.8529694475311805e-09,1.0000376310903232,1.8529694492245286e-09,0.5000162177080179,1.85296944788442e-09,1.8529694482744203e-09,1.00004138858969,1.852969447998647e-09,0.5000162177080171,1.8529694468505155e-09,1.8529694482462643e-09,1.8529694475087041e-09,1.8529694473393828e-09,0.5000310836858898
0.5000151134285505,9.332981470742174e-10,9.332981434254406e-10,0.5000143643231636,0.5000310836858888,9.332981429603132e-10,6.159005432735114e-09,6.159005433711024e-09,0.5000178490273782,1.523206672588921e-05,0.5000310836858877,9.332981422927042e-10,9.332981422087243e-10,0.5000310836858867,0.500010473371009,9.332981428525485e-10,0.500031083685888,9.33298143026574e-10,6.159005438606275e-09,9.332981438251853e-10,0.5000292166892094,9.332981430125757e-10,0.5000143643231633,9.332981435178669e-10,9.332981422462535e-10,0.5000310836858881,9.332981425696366e-10,0.5000143643231629,9.332981425531708e-10,9.332981433192418e-10,9.332981422165314e-10,9.33298143410451e-10,2.2331464833205103e-05
-3.5777344339516893e-06,2.363363357093613e-11,2.3633634439558253e-11,9.438721456922916e-10,1.8529694476645082e-09,5.04050416957322e-08,9.4387214641836e-10,9.438721454047235e-10,9.382123086156501e-10,9.382123103291207e-10,1.8529694473309006e-09,5.0405041695727555e-08,2.3633634637647424e-11,1.8529694480290953e-09,9.332981428525485e-10,-8.59853384572794e-06,1.852969447813077e-09,5.040504169572694e-08,9.438721449871892e-10,2.3633634368687328e-11,3.760026854498063e-06,5.0405041695738705e-08,9.438721459563574e-10,2.3633635718424442e-11,2.363363542157644e-11,1.8529694480418527e-09,5.0405041695736455e-08,9.438721456922938e-10,2.3633634368687202e-11,5.0405041695731704e-08,5.040504169574071e-08,2.363363446060282e-11,9.332981445457083e-10
1.0000176139290144,1.8529694572989186e-09,1.8529694456969205e-09,0.500016217708018,1.0000413885896913,1.8529694483927234e-09,0.500016217708021,0.5000162177080208,0.500022718652132,0.5000227186521355,1.0000413885896897,1.8529694473708743e-09,1.8529694486614624e-09,1.0000413885896888,0.500031083685888,1.852969447813077e-09,1.000032739235657,1.8529694481625338e-09,0.5000162177080221,1.8529694475311846e-09,1.0000376310903232,1.8529694500519917e-09,0.5000162177080182,1.8529694482395128e-09,1.8529694487116648e-09,1.0000413885896906,1.8529694486919651e-09,0.5000162177080175,1.8529694479567635e-09,1.8529694482462556e-09,1.8529694485840114e-09,1.8529694473320407e-09,0.5000310836858903
-3.577734433951064e-06,2.3633634460609586e-11,2.36336344601115e-11,9.43872145051591e-10,1.8529694473739856e-09,5.0405041695729255e-08,9.43872146887606e-10,9.43872146056147e-10,9.382123082137636e-10,9.382123101215343e-10,1.8529694473738303e-09,5.0405041695724696e-08,2.3633634637647424e-11,1.8529694479618124e-09,9.33298143026574e-10,5.040504169572694e-08,1.8529694481625338e-09,-8.59853384572794e-06,9.438721461752304e-10,2.363363436868728e-11,3.760026854826791e-06,5.040504169573571e-08,9.438721450515936e-10,2.3633633570925145e-11,2.3633634814574656e-11,1.8529694479618124e-09,5.040504169573348e-08,9.438721458905219e-10,2.3633634368687295e-11,5.0405041695728686e-08,5.040504169573774e-08,2.3633634637647443e-11,9.332981436580632e-10
0.5000007560078762,9.43872150676492e-10,9.438721465059343e-10,1.0650807069554816e-09,0.5000162177080224,9.438721475030743e-10,0.5000096427192307,0.500009642719231,2.5833167161832385e-09,0.500013110208681,0.5000162177080213,9.438721465254332e-10,9.438721468553046e-10,0.5000162177080211,6.159005438606275e-09,9.438721449871892e-10,0.5000162177080221,9.438721461752304e-10,0.500000993646371,9.438721460645255e-10,0.5000143881738975,9.438721472887336e-10,1.0650807063067154e-09,9.438721457646492e-10,9.438721460849732e-10,0.5000162177080224,9.438721463827649e-10,1.0650807056042858e-09,9.438721463250841e-10,9.438721459887171e-10,9.438721467406274e-10,9.438721466714139e-10,0.5000143643231653
-3.57773443345343e-06,5.040504169575158e-08,5.0405041695731016e-08,9.43872145067871e-10,1.8529694469347947e-09,2.3633634637647443e-11,9.438721454761257e-10,9.438721456935592e-10,9.382123083836218e-10,9.382123093293043e-10,1.8529694476094423e-09,2.3633635718424e-11,5.040504169575219e-08,1.8529694475311805e-09,9.332981438251853e-10,2.3633634368687328e-11,1.8529694475311846e-09,2.363363436868728e-11,9.438721460645255e-10,-8.59853384572794e-06,3.760026855427721e-06,2.363363487674861e-11,9.43872146239272e-10,5.040504169573285e-08,5.040504169573641e-08,1.8529694474333842e-09,2.3633634369139498e-11,9.438721450118056e-10,5.040504169572806e-08,2.363363466702635e-11,2.3633634637647424e-11,5.040504169572889e-08,9.332981436931355e-10
1.0000147895314748,3.760026872397018e-06,3.7600268531244168e-06,0.5000143881738911,1.0000376310903256,3.7600268556462676e-06,0.5000143881738965,0.500014388173897,0.5000208692523518,0.5000208692523577,1.0000376310903234,3.7600268548186453e-06,3.760026857487498e-06,1.0000376310903232,0.5000292166892094,3.760026854498063e-06,1.0000376310903232,3.760026854826791e-06,0.5000143881738975,3.760026855427721e-06,1.0000253862249806,3.7600268578725857e-06,0.5000143881738914,3.7600268555756124e-06,3.7600268556262916e-06,1.0000376310903234,3.7600268557937496e-06,0.5000143881738904,3.760026855350662e-06,3.760026855763369e-06,3.760026854736851e-06,3.7600268556528618e-06,0.5000292166892145
-3.577734449936567e-06,2.3633633570938612e-11,2.363363443955429e-11,9.438721458402324e-10,1.8529694498661834e-09,5.040504169574093e-08,9.438721462213457e-10,9.438721461286504e-10,9.38212309704337e-10,9.38212310607715e-10,1.852969449021097e-09,5.040504169573626e-08,2.363363542158106e-11,1.8529694492245286e-09,9.332981430125757e-10,5.0405041695738705e-08,1.8529694500519917e-09,5.040504169573571e-08,9.438721472887336e-10,2.363363487674861e-11,3.7600268578725857e-06,-8.59853384572794e-06,9.438721469828496e-10,2.3633634814579396e-11,2.3633634439558285e-11,1.8529694482889396e-09,5.0405041695745203e-08,9.438721451721842e-10,2.363363481502623e-11,5.040504169574042e-08,5.0405041695749505e-08,2.3633634667026356e-11,9.332981438383344e-10
0.5000007560078604,9.438721487924677e-10,9.438721446290452e-10,0.5000096427192295,0.5000162177080194,9.438721451830829e-10,1.0650807048333932e-09,1.065080706392606e-09,0.5000131102086791,2.583316717589725e-09,0.5000162177080186,9.438721440646146e-10,9.438721443759562e-10,0.5000162177080179,0.5000143643231633,9.438721459563574e-10,0.5000162177080182,9.438721450515936e-10,1.0650807063067154e-09,9.43872146239272e-10,0.5000143881738914,9.438721469828496e-10,0.5000009936463576,9.438721437051175e-10,9.43872145041123e-10,0.5000162177080187,9.438721455822972e-10,0.5000096427192288,9.438721449538467e-10,9.438721453091452e-10,9.438721452055313e-10,9.438721443810885e-10,6.15900543462631e-09
-3.5777344334572868e-06,5.040504169574932e-08,5.040504169572862e-08,9.43872145413132e-10,1.8529694461974425e-09,2.3633633570921678e-11,9.438721460080363e-10,9.438721454760663e-10,9.38212307674443e-10,9.382123100245476e-10,1.852969446197436e-09,2.36336348150262e-11,5.040504169575e-08,1.85296944788442e-09,9.332981435178669e-10,2.3633635718424442e-11,1.8529694482395128e-09,2.3633633570925145e-11,9.438721457646492e-10,5.040504169573285e-08,3.7600268555756124e-06,2.3633634814579396e-11,9.438721437051175e-10,-8.59853384572794e-06,5.04050416957343e-08,1.8529694468687006e-09,2.363363436913949e-11,9.438721454131266e-10,5.040504169572571e-08,2.3633634876748048e-11,2.3633634369139498e-11,5.040504169572661e-08,9.332981447580197e-10
-3.5777344334518547e-06,5.040504169575302e-08,5.040504169573233e-08,9.438721451223496e-10,1.8529694480030196e-09,2.3633634667026375e-11,9.43872146289208e-10,9.438721459234385e-10,9.382123080767333e-10,9.382123101137464e-10,1.8529694482744213e-09,2.3633634460111494e-11,5.040504169575354e-08,1.8529694482744203e-09,9.332981422462535e-10,2.363363542157644e-11,1.8529694487116648e-09,2.3633634814574656e-11,9.438721460849732e-10,5.040504169573641e-08,3.7600268556262916e-06,2.3633634439558285e-11,9.43872145041123e-10,5.04050416957343e-08,-8.59853384572794e-06,1.8529694482744213e-09,2.3633634876748012e-11,9.43872144775222e-10,5.040504169572945e-08,2.363363482407157e-11,2.363363571861393e-11,5.040504169573027e-08,9.332981447021296e-10
1.0000176139290144,1.8529694564097319e-09,1.852969446603248e-09,0.500016217708018,1.0000413885896926,1.8529694483927234e-09,0.5000162177080213,0.5000162177080212,0.5000227186521323,0.5000227186521357,1.0000413885896902,1.8529694482434808e-09,1.8529694481093403e-09,1.00004138858969,0.5000310836858881,1.8529694480418527e-09,1.0000413885896906,1.8529694479618124e-09,0.5000162177080224,1.8529694474333842e-09,1.0000376310903234,1.8529694482889396e-09,0.5000162177080187,1.8529694468687006e-09,1.8529694482744213e-09,1.0000327392356554,1.852969448711763e-09,0.5000162177080181,1.852969448289848e-09,1.8529694465655675e-09,1.8529694483650433e-09,1.8529694473395788e-09,0.5000310836858908
-3.5777344339520654e-06,2.363363357093613e-11,2.3633634637647424e-11,9.438721456730941e-10,1.8529694491977497e-09,5.04050416957386e-08,9.438721463266158e-10,9.438721455606116e-10,9.38212308711764e-10,9.382123098579129e-10,1.8529694485052254e-09,5.040504169573404e-08,2.3633634460601928e-11,1.852969447998647e-09,9.332981425696366e-10,5.0405041695736455e-08,1.8529694486919651e-09,5.040504169573348e-08,9.438721463827649e-10,2.3633634369139498e-11,3.7600268557937496e-06,5.0405041695745203e-08,9.438721455822972e-10,2.363363436913949e-11,2.3633634876748012e-11,1.852969448711763e-09,-8.59853384572794e-06,9.438721465857122e-10,2.3633635718423954e-11,5.0405041695738136e-08,5.04050416957472e-08,2.363363436868738e-11,9.332981439942712e-10
0.5000007560078776,9.438721487924677e-10,9.438721446323541e-10,0.5000096427192291,0.5000162177080179,9.438721448875015e-10,1.0650807045318505e-09,1.0650807051546546e-09,0.5000131102086787,2.583316714747355e-09,0.5000162177080179,9.438721449209034e-10,9.438721460344333e-10,0.5000162177080171,0.5000143643231629,9.438721456922938e-10,0.5000162177080175,9.438721458905219e-10,1.0650807056042858e-09,9.438721450118056e-10,0.5000143881738904,9.438721451721842e-10,0.5000096427192288,9.438721454131266e-10,9.43872144775222e-10,0.5000162177080181,9.438721465857122e-10,0.5000009936463513,9.43872145089987e-10,9.438721464285365e-10,9.438721450104015e-10,9.43872144815154e-10,6.15900543313329e-09
-3.57773443395205e-06,5.040504169574454e-08,5.0405041695724034e-08,9.438721453734076e-10,1.8529694467822714e-09,2.363363446060282e-11,9.438721466166227e-10,9.438721460522347e-10,9.382123087044953e-10,9.382123111081833e-10,1.8529694480541441e-09,2.3633634637647443e-11,5.040504169574511e-08,1.8529694468505155e-09,9.332981425531708e-10,2.3633634368687202e-11,1.8529694479567635e-09,2.3633634368687295e-11,9.438721463250841e-10,5.040504169572806e-08,3.760026855350662e-06,2.363363481502623e-11,9.438721449538467e-10,5.040504169572571e-08,5.040504169572945e-08,1.852969448289848e-09,2.3633635718423954e-11,9.43872145089987e-10,-8.59853384572794e-06,2.363363452108574e-11,2.363363542158107e-11,5.0405041695721917e-08,9.332981447775519e-10
-3.57773443395265e-06,2.3633634637641417e-11,2.3633634369139498e-11,9.438721453119485e-10,1.852969447405066e-09,5.04050416957338e-08,9.438721460701832e-10,9.438721459886021e-10,9.38212309314846e-10,9.382123085623414e-10,1.8529694474050479e-09,5.040504169572927e-08,2.3633635718606942e-11,1.8529694482462643e-09,9.332981433192418e-10,5.0405041695731704e-08,1.8529694482462556e-09,5.0405041695728686e-08,9.438721459887171e-10,2.363363466702635e-11,3.760026855763369e-06,5.040504169574042e-08,9.438721453091452e-10,2.3633634876748048e-11,2.363363482407157e-11,1.8529694465655675e-09,5.0405041695738136e-08,9.438721464285365e-10,2.363363452108574e-11,-8.59853384572794e-06,5.040504169574231e-08,2.363363542158107e-11,9.332981435846164e-10
-3.5777344339510773e-06,2.3633634637643637e-11,2.3633634460602784e-11,9.438721449753621e-10,1.85296944614403e-09,5.0405041695743e-08,9.438721469573981e-10,9.438721461234402e-10,9.382123090156087e-10,9.38212309570863e-10,1.8529694469142502e-09,5.040504169573818e-08,2.363363487700637e-11,1.8529694475087041e-09,9.332981422165314e-10,5.040504169574071e-08,1.8529694485840114e-09,5.040504169573774e-08,9.438721467406274e-10,2.3633634637647424e-11,3.760026854736851e-06,5.0405041695749505e-08,9.438721452055313e-10,2.3633634369139498e-11,2.363363571861393e-11,1.8529694483650433e-09,5.04050416957472e-08,9.438721450104015e-10,2.363363542158107e-11,5.040504169574231e-08,-8.59853384572794e-06,2.3633634814574588e-11,9.332981441993597e-10
-3.5777344334575358e-06,5.040504169574544e-08,5.040504169572488e-08,9.438721450614722e-10,1.8529694478304456e-09,2.3633634460601912e-11,9.438721470480468e-10,9.438721470480565e-10,9.38212308103729e-10,9.38212309723996e-10,1.852969447830438e-09,2.3633634368687202e-11,5.040504169574588e-08,1.8529694473393828e-09,9.33298143410451e-10,2.363363446060282e-11,1.8529694473320407e-09,2.3633634637647443e-11,9.438721466714139e-10,5.040504169572889e-08,3.7600268556528618e-06,2.3633634667026356e-11,9.438721443810885e-10,5.040504169572661e-08,5.040504169573027e-08,1.8529694473395788e-09,2.363363436868738e-11,9.43872144815154e-10,5.0405041695721917e-08,2.363363542158107e-11,2.3633634814574588e-11,-8.598533850780908e-06,9.332981437803774e-10
0.5000151134285461,9.332981481624579e-10,9.332981436601854e-10,6.159005436281145e-09,0.5000310836858908,9.332981439263235e-10,0.5000143643231659,0.5000143643231664,1.5232066724841575e-05,0.5000178490273811,0.50003108368589,9.332981429894052e-10,9.33298145030627e-10,0.5000310836858898,2.2331464833205103e-05,9.332981445457083e-10,0.5000310836858903,9.332981436580632e-10,0.5000143643231653,9.332981436931355e-10,0.5000292166892145,9.332981438383344e-10,6.15900543462631e-09,9.332981447580197e-10,9.332981447021296e-10,0.5000310836858908,9.332981439942712e-10,6.15900543313329e-09,9.332981447775519e-10,9.332981435846164e-10,9.332981441993597e-10,9.332981437803774e-10,0.5000104733710251
