0.9999999835043833,1.7625546261339335e-06,1.000022548026805,1.7669899900498103e-06,2.3688391764048067e-06,1.0000279158544356,1.7669899899227136e-06,1.0000251498444808,3.6390941175647187e-06,1.8330547639456797e-06,0.09147951462603351,1.833054765187512e-06,2.3536865544949266e-06,1.8260704524749377e-06,2.358339754824425e-06,2.3583397515457715e-06,0.0914774831365927,0.09147724529038243,1.8912452795367275e-06,0.624799624268586,2.038147977906841e-06,1.7625546222332591e-06,1.7669899908289734e-06,0.9085422927154746,3.6390941173407645e-06,1.0000225480268075,1.9416568652996863e-06,1.6905802916219627e-06,0.9085369286534452,2.0752490850362226e-06,1.7625546228425682e-06,1.7669899899458954e-06,2.0618319481295987e-06,0.37521629090102937,0.9085363007653467,1.8545516826111672e-06
1.7625546261339335e-06,-6.13682021901243e-06,3.38646554483771e-10,1.9301126691069194e-11,-3.72318327354934e-12,8.955318313756915e-07,1.930112650936238e-11,3.946832565496357e-10,1.1296038547352867e-11,3.0239982684411495e-12,1.8153731619663994e-10,3.0239983835666874e-12,4.933801570733938e-12,-4.290655480929514e-13,3.480536838964442e-11,3.4805368546182966e-11,2.0311361281630396e-10,2.2083855584161552e-10,9.667662984334883e-08,1.9155374408887153e-10,1.747892923807755e-11,9.436285822147689e-08,1.930112664157196e-11,1.662652660335954e-10,1.1296038538433954e-11,3.3864655461501186e-10,-1.1042821572597509e-12,1.0703000393892086e-11,1.7134826735245506e-10,1.0929188979772007e-07,9.436285822147653e-08,1.9301126691069194e-11,6.202343916615473e-11,2.1062393241275192e-10,1.7845335848065566e-10,1.0388031915174648e-07
1.000022548026805,3.38646554483771e-10,1.000056309904131,4.0789399816023457e-10,7.658573717408684e-10,1.0000673787289123,4.0789399775043834e-10,1.0000648794739289,2.7189930515590286e-06,4.797832007138978e-10,0.09148051048050822,4.797832005079775e-10,7.376969378723706e-10,4.844487337146662e-10,6.69239343362247e-10,6.692393438180207e-10,0.09147837744481327,0.09147805622176781,4.007555379129463e-10,0.6248251066489676,5.488987801334782e-10,3.386465539383338e-10,4.078939979575709e-10,0.908580379700934,2.718993051951291e-06,1.0000625410873467,5.443166711182555e-10,3.8976650375632473e-10,0.9085749915475899,4.784420614073089e-10,3.3864655325160646e-10,4.0789399775344793e-10,4.5525915712051167e-10,0.3752296354032531,0.9085743302260438,3.736557782966913e-10
1.7669899900498103e-06,1.9301126691069194e-11,4.0789399816023457e-10,-6.215642170217252e-06,-1.5029845025115476e-12,8.999661729283086e-07,1.553873148217917e-08,4.3063140774662747e-10,4.588986228827243e-12,1.2299654578250303e-12,3.088322494624404e-10,1.229965604842584e-12,2.0087427528102288e-12,-1.710385093834573e-13,1.4124306947757838e-11,1.4124307040119635e-11,3.1758419439443387e-10,3.24777033841266e-10,1.9774362407466835e-11,1.488605000609501e-10,7.0962110787501125e-12,1.9301126691069194e-11,1.5538731482176448e-08,1.0277983992007894e-10,4.588986221798802e-12,4.0789399840773844e-10,-4.4481274364285983e-13,4.342298448121816e-12,1.048335756575896e-10,2.2353089244167757e-11,1.930112650916346e-11,1.5538731482176567e-08,2.516185728612765e-11,2.8480935911394146e-10,1.0771465119441959e-10,2.124553128111797e-11
2.3688391764048067e-06,-3.72318327354934e-12,7.658573717408684e-10,-1.5029845025115476e-12,-6.230521389615311e-06,1.5018381187108527e-06,-1.5029849161198715e-12,7.614707654799487e-10,-8.562288835378563e-13,-2.215247804290989e-13,1.1317246903008277e-09,-2.2152492200954144e-13,-3.480619887245073e-13,4.862890127508612e-14,-2.7163905264887028e-12,-2.7163908389731242e-12,2.241735718607389e-06,1.1286409574183992e-09,-3.8145187957028455e-12,-2.736556956075776e-10,-1.3458001453354688e-12,-3.723183021291993e-12,-1.5029843983092578e-12,-3.6656744072021445e-10,-8.562288835378563e-13,7.658573717408684e-10,1.0296631848576897e-13,-8.41466800580705e-13,-3.670069331305771e-10,-4.3227146883990174e-12,-3.723183054055016e-12,-1.5029843983092578e-12,-4.877310212878687e-12,1.0345326641538483e-09,-3.6757175957564713e-10,-4.112457354450663e-12
1.0000279158544356,8.955318313756915e-07,1.0000673787289123,8.999661729283086e-07,1.5018381187108527e-06,1.0000665156172284,8.999661723199189e-07,1.0000699806664677,2.772154658885159e-06,9.660330692282861e-07,0.09148272121134496,9.660330688228148e-07,1.486684803107593e-06,9.590484553972406e-07,1.4913435527193656e-06,1.4913435534454834e-06,0.0914806896335833,0.09148045177592415,1.0242290759862947e-06,0.624827459124603,1.1711344501463371e-06,8.955318301632986e-07,8.999661726839443e-07,0.9085830496846546,2.772154659277423e-06,1.0000673787289154,1.0746401866462937e-06,8.23557731226599e-07,0.9085776853831806,1.2082434731294488e-06,8.955318292610156e-07,8.999661723316939e-07,1.194828030137913e-06,0.3752324193359051,0.9085770574677587,9.875356223285439e-07
1.7669899899227136e-06,1.930112650936238e-11,4.0789399775043834e-10,1.553873148217917e-08,-1.5029849161198715e-12,8.999661723199189e-07,-6.215642170217252e-06,4.3063140758057805e-10,4.588986228827243e-12,1.2299654578250303e-12,3.088322499829277e-10,1.229965604842584e-12,2.0087427528102288e-12,-1.710385093834573e-13,1.4124307159888773e-11,1.4124307054816676e-11,3.1758419439025294e-10,3.247770340243265e-10,1.977436220098571e-11,1.4886049989173418e-10,7.0962110787501125e-12,1.9301126691069194e-11,1.5538731482178635e-08,1.0277983957633377e-10,4.588986228827243e-12,4.0789399791934583e-10,-4.4481270499282027e-13,4.342298481778122e-12,1.0483357511949711e-10,2.2353089412590835e-11,1.9301126691069194e-11,1.553873148217874e-08,2.5161857250423266e-11,2.8480935878375335e-10,1.0771465082647172e-10,2.124553147009323e-11
1.0000251498444808,3.946832565496357e-10,1.0000648794739289,4.3063140774662747e-10,7.614707654799487e-10,1.0000699806664677,4.3063140758057805e-10,1.0000611176345786,2.7453934337131554e-06,4.833458642023198e-10,0.09148098260294617,4.833458640256287e-10,7.435084300856908e-10,4.839434981403306e-10,1.4089766303265002e-06,1.4089766310526137e-06,0.09147889998667026,0.09147862018303919,9.089119109242418e-07,0.6248265576410174,5.694891555439675e-10,3.946832560293435e-10,4.306314079231802e-10,0.9085822673575461,2.7453934341054244e-06,1.0000648794739317,5.430160955120868e-10,7.982337994514321e-07,0.9085768910776495,1.0778882968895726e-06,3.9468325528381316e-10,4.3063140774983083e-10,1.0480923996839787e-06,0.37523067125077175,0.908576246360021,4.353448231376689e-10
3.6390941175647187e-06,1.1296038547352867e-11,2.7189930515590286e-06,4.588986228827243e-12,-8.562288835378563e-13,2.772154658885159e-06,4.588986228827243e-12,2.7453934337131554e-06,-6.225818585995876e-06,7.288861579942577e-13,9.081088445287759e-10,7.288861725972232e-13,1.1962261572079408e-12,-9.066113511728809e-14,8.272142109802783e-12,8.272142281634453e-12,1.8116494666640235e-06,9.174339133755154e-10,1.157318840946585e-11,5.10883726458632e-10,4.165196944568701e-12,1.1296038538433954e-11,4.588986221798802e-12,4.646739475928512e-10,5.362031093542187e-09,2.7189930515590274e-06,-2.503538179652831e-13,2.5400040172279842e-12,4.658482117337803e-10,1.307787988641066e-11,1.1296038512347406e-11,4.588986266832093e-12,1.4712795107238824e-11,8.747906167855887e-10,4.675285746432899e-10,1.2427261141603937e-11
1.8330547639456797e-06,3.0239982684411495e-12,4.797832007138978e-10,1.2299654578250303e-12,-2.215247804290989e-13,9.660330692282861e-07,1.2299654578250303e-12,4.833458642023198e-10,7.288861579942577e-13,-6.230787681161468e-06,4.731673448767087e-10,3.92798292670993e-10,3.2690246126551085e-13,-2.1233861106285827e-14,2.216357324575196e-12,2.2163571269400403e-12,4.745338003253762e-10,9.436182442066495e-07,3.0981473123103423e-12,1.252292752395397e-10,2.2197581680624164e-09,3.0239982684411495e-12,1.2299654239666184e-12,7.203888763066689e-12,7.288863937635225e-13,4.797832006928599e-10,-6.384380584275663e-14,6.794119194610436e-13,7.51007817885197e-12,3.4994410380157973e-12,3.023998218699674e-12,1.2299654558043258e-12,3.933948043908233e-12,3.58588857298226e-10,7.95805617604397e-12,3.324570778164148e-12
0.09147951462603351,1.8153731619663994e-10,0.09148051048050822,3.088322494624404e-10,1.1317246903008277e-09,0.09148272121134496,3.088322499829277e-10,0.09148098260294617,9.081088445287759e-10,4.731673448767087e-10,0.0914690519196819,4.731673453314504e-10,7.343781251564598e-10,1.1486414914531151e-06,6.261318902856167e-10,6.261318902229686e-10,0.091474899421412,0.09147468612310866,1.9016045078096852e-10,0.0914807577784307,4.893832206405174e-10,1.815373159337306e-10,3.0883224986549123e-10,6.1741901506978986e-06,9.081088444936233e-10,0.09148051048050822,5.218602586255636e-10,2.969102633485099e-11,1.5226039618316814e-09,4.388852037443476e-07,1.8153731611139996e-10,3.0883224964246225e-10,-6.094222288974126e-10,-2.691603448078097e-10,1.126796007333989e-09,4.7739007896320876e-11
1.833054765187512e-06,3.0239983835666874e-12,4.797832005079775e-10,1.229965604842584e-12,-2.2152492200954144e-13,9.660330688228148e-07,1.229965604842584e-12,4.833458640256287e-10,7.288861725972232e-13,3.92798292670993e-10,4.731673453314504e-10,-6.230787681161468e-06,3.2690240836688083e-13,-2.1233861106285827e-14,2.2163569779859874e-12,2.216357324575196e-12,4.745338004711272e-10,9.436182441471483e-07,3.0981473907822965e-12,1.2522927476219322e-10,2.219758168066675e-09,3.023998231796568e-12,1.229965406730163e-12,7.203888574683873e-12,7.288864920365872e-13,4.797832003182608e-10,-6.384387926658635e-14,6.79411919437035e-13,7.510077947444579e-12,3.4994410794513627e-12,3.023998231796568e-12,1.2299654578250303e-12,3.933948067462104e-12,3.58588857109945e-10,7.958055950497017e-12,3.324570803708105e-12
2.3536865544949266e-06,4.933801570733938e-12,7.376969378723706e-10,2.0087427528102288e-12,-3.480619887245073e-13,1.486684803107593e-06,2.0087427528102288e-12,7.435084300856908e-10,1.1962261572079408e-12,3.2690246126551085e-13,7.343781251564598e-10,3.2690240836688083e-13,-6.230077331597968e-06,-3.413276706746615e-14,3.610858866131386e-12,3.61085899232806e-12,7.365980438703177e-10,7.384518821754278e-10,5.054721555073226e-12,-1.2161154010600604e-09,3.6473312226377943e-09,4.9338016631939605e-12,2.008742823385238e-12,4.282870126075536e-12,1.1962261572079408e-12,7.376969378723706e-10,-1.006750962084025e-13,1.1044297599962194e-12,4.780477229843082e-12,5.696966591767643e-12,4.933801570733938e-12,2.0087427528102288e-12,6.418354800626857e-12,3.889026869142731e-06,5.5134239750487605e-12,5.412754488039641e-12
1.8260704524749377e-06,-4.290655480929514e-13,4.844487337146662e-10,-1.710385093834573e-13,4.862890127508612e-14,9.590484553972406e-07,-1.710385093834573e-13,4.839434981403306e-10,-9.066113511728809e-14,-2.1233861106285827e-14,1.1486414914531151e-06,-2.1233861106285827e-14,-3.413276706746615e-14,-6.231158647807865e-06,-3.082368555359963e-13,-3.082370298477007e-13,5.788124352680021e-10,5.786512088029329e-10,-4.396214911056403e-13,8.817236459001764e-07,-1.514547159253672e-13,-4.2906557624682496e-13,-1.7103873660165835e-13,-1.8774434011527891e-07,-9.066126663622956e-14,4.844487333742113e-10,1.6810907188980204e-14,-9.692586519367866e-14,-9.470436083309993e-11,-4.974971908688899e-13,-4.2906557246447845e-13,-1.710385093834573e-13,-5.70526574926132e-13,3.9409958204890703e-11,-9.477347328564786e-11,-4.748124382753276e-13
2.358339754824425e-06,3.480536838964442e-11,6.69239343362247e-10,1.4124306947757838e-11,-2.7163905264887028e-12,1.4913435527193656e-06,1.4124307159888773e-11,1.4089766303265002e-06,8.272142109802783e-12,2.216357324575196e-12,6.261318902856167e-10,2.2163569779859874e-12,3.610858866131386e-12,-3.082368555359963e-13,-6.1806504359097895e-06,5.053142782684799e-08,6.4191891703005e-10,1.2991555182145448e-06,3.565872620394478e-11,1.8877025502307522e-06,1.2789847969488507e-11,3.48053683578493e-11,1.4124306918526595e-11,4.98106624910667e-11,8.272142334174305e-12,6.692393435737316e-10,-8.035237337662277e-13,7.832272143342269e-12,5.3513921283544944e-11,4.0315118428211126e-11,3.480536835358742e-11,1.4124306947757838e-11,9.000748413320665e-08,-2.3583688041778964e-10,5.870792335339651e-11,3.831730604639185e-11
2.3583397515457715e-06,3.4805368546182966e-11,6.692393438180207e-10,1.4124307040119635e-11,-2.7163908389731242e-12,1.4913435534454834e-06,1.4124307054816676e-11,1.4089766310526137e-06,8.272142281634453e-12,2.2163571269400403e-12,6.261318902229686e-10,2.216357324575196e-12,3.61085899232806e-12,-3.082370298477007e-13,5.053142782684799e-08,-6.1806504359097895e-06,6.419189172141516e-10,1.2991555182622664e-06,3.565872620394478e-11,1.8877025503901164e-06,1.2789847957213133e-11,3.48053683578493e-11,1.4124307180295358e-11,4.9810663223026875e-11,8.272142334174305e-12,6.692393437960201e-10,-8.035237135313639e-13,7.832272143342269e-12,5.351392151149938e-11,4.031511842818698e-11,3.480536835358742e-11,1.4124307040119635e-11,9.000748413320677e-08,-2.358368801320992e-10,5.870792356834824e-11,3.83173056778267e-11
0.0914774831365927,2.0311361281630396e-10,0.09147837744481327,3.1758419439443387e-10,2.241735718607389e-06,0.0914806896335833,3.1758419439025294e-10,0.09147889998667026,1.8116494666640235e-06,4.745338003253762e-10,0.091474899421412,4.745338004711272e-10,7.365980438703177e-10,5.788124352680021e-10,6.4191891703005e-10,6.419189172141516e-10,0.0914683039934833,0.09147433781209885,2.122656235180383e-10,0.09148084929158755,4.97301057739312e-10,2.0311361246583382e-10,3.175841941291366e-10,2.234635698444494e-09,1.8116494666962037e-06,0.09147837744481321,5.213538619964626e-10,3.45473678664056e-11,6.472531447966649e-10,2.4623018859772647e-10,2.031136126391291e-10,3.1758419421151715e-10,-5.812863189675699e-10,-1.3616891168388733e-09,2.546694402053526e-10,7.149868335300188e-11
0.09147724529038243,2.2083855584161552e-10,0.09147805622176781,3.24777033841266e-10,1.1286409574183992e-09,0.09148045177592415,3.247770340243265e-10,0.09147862018303919,9.174339133755154e-10,9.436182442066495e-07,0.09147468612310866,9.436182441471483e-07,7.384518821754278e-10,5.786512088029329e-10,1.2991555182145448e-06,1.2991555182622664e-06,0.09147433781209885,0.09146792239215015,2.3042498249016248e-10,0.09147840528782325,9.99483283785335e-07,2.2083855578549188e-10,3.247770338500677e-10,2.183647109862097e-09,9.174339130030689e-10,0.0914780562217679,5.209434481628103e-10,7.644007800881464e-08,5.981622073573791e-10,2.6674945223888165e-10,2.2083855561560935e-10,3.247770338377098e-10,-1.10730397936424e-06,-2.679579728035688e-10,2.0822890224816172e-10,9.100286653531167e-11
1.8912452795367275e-06,9.667662984334883e-08,4.007555379129463e-10,1.9774362407466835e-11,-3.8145187957028455e-12,1.0242290759862947e-06,1.977436220098571e-11,9.089119109242418e-07,1.157318840946585e-11,3.0981473123103423e-12,1.9016045078096852e-10,3.0981473907822965e-12,5.054721555073226e-12,-4.396214911056403e-13,3.565872620394478e-11,3.565872620394478e-11,2.122656235180383e-10,2.3042498249016248e-10,-6.132136056527397e-06,2.2950164256390051e-10,1.7907455488153886e-11,9.667662984335468e-08,1.9774362217789674e-11,2.199759439656805e-10,1.157318832123306e-11,4.00755537769744e-10,-1.1313970995306737e-12,1.0965342466998411e-11,2.251832229515537e-10,1.11971637962916e-07,9.667662984335364e-08,1.977436220098571e-11,6.35437847315313e-11,2.363427151007611e-10,2.324625414556678e-10,1.064274551971067e-07
0.624799624268586,1.9155374408887153e-10,0.6248251066489676,1.488605000609501e-10,-2.736556956075776e-10,0.624827459124603,1.4886049989173418e-10,0.6248265576410174,5.10883726458632e-10,1.252292752395397e-10,0.0914807577784307,1.2522927476219322e-10,-1.2161154010600604e-09,8.817236459001764e-07,1.8877025502307522e-06,1.8877025503901164e-06,0.09148084929158755,0.09147840528782325,2.2950164256390051e-10,0.6248076255699025,-6.237441610491505e-10,1.9155374418582224e-10,1.4886049975028839e-10,0.5333429199816287,5.108837260881953e-10,0.6248251066489695,4.210376918115469e-07,1.0903007079915904e-06,0.5333389791621508,2.547591511047834e-06,1.9155374402018043e-10,1.4886049978453532e-10,-6.581396856129007e-08,3.362628718569826e-09,0.5333379716205238,2.1615709252783173e-06
2.038147977906841e-06,1.747892923807755e-11,5.488987801334782e-10,7.0962110787501125e-12,-1.3458001453354688e-12,1.1711344501463371e-06,7.0962110787501125e-12,5.694891555439675e-10,4.165196944568701e-12,2.2197581680624164e-09,4.893832206405174e-10,2.219758168066675e-09,3.6473312226377943e-09,-1.514547159253672e-13,1.2789847969488507e-11,1.2789847957213133e-11,4.97301057739312e-10,9.99483283785335e-07,1.7907455488153886e-11,-6.237441610491505e-10,-6.218410457430407e-06,1.747892923807755e-11,7.096211341848175e-12,6.288840945383546e-11,4.1651969404011465e-12,5.488987798533319e-10,-3.97606556642245e-13,3.929601624172932e-12,6.473861735299824e-11,2.0234203411591858e-11,1.747892923807755e-11,7.096211341848175e-12,2.2781652928797106e-11,2.372589211764581e-06,6.734694964877521e-11,1.9231031886361713e-11
1.7625546222332591e-06,9.436285822147689e-08,3.386465539383338e-10,1.9301126691069194e-11,-3.723183021291993e-12,8.955318301632986e-07,1.9301126691069194e-11,3.946832560293435e-10,1.1296038538433954e-11,3.0239982684411495e-12,1.815373159337306e-10,3.023998231796568e-12,4.9338016631939605e-12,-4.2906557624682496e-13,3.48053683578493e-11,3.48053683578493e-11,2.0311361246583382e-10,2.2083855578549188e-10,9.667662984335468e-08,1.9155374418582224e-10,1.747892923807755e-11,-6.13682021901243e-06,1.9301126582504437e-11,1.6626526562580035e-10,1.1296038538433954e-11,3.386465539383338e-10,-1.1042822550547098e-12,1.0703000393892086e-11,1.7134826717333978e-10,1.0929188979773657e-07,9.436285822148289e-08,1.9301126691069194e-11,6.202343916615473e-11,2.1062393230125637e-10,1.7845335806398883e-10,1.038803191517638e-07
1.7669899908289734e-06,1.930112664157196e-11,4.078939979575709e-10,1.5538731482176448e-08,-1.5029843983092578e-12,8.999661726839443e-07,1.5538731482178635e-08,4.306314079231802e-10,4.588986221798802e-12,1.2299654239666184e-12,3.0883224986549123e-10,1.229965406730163e-12,2.008742823385238e-12,-1.7103873660165835e-13,1.4124306918526595e-11,1.4124307180295358e-11,3.175841941291366e-10,3.247770338500677e-10,1.9774362217789674e-11,1.4886049975028839e-10,7.096211341848175e-12,1.9301126582504437e-11,-6.215642170217252e-06,1.0277983985892311e-10,4.5889863311893185e-12,4.0789399809816356e-10,-4.448128197538977e-13,4.342298644999184e-12,1.0483357529810127e-10,2.235308938237891e-11,1.930112650916346e-11,1.5538731482176e-08,2.516185740708109e-11,2.848093588958973e-10,1.0771465080856476e-10,2.124553128111797e-11
0.9085422927154746,1.662652660335954e-10,0.908580379700934,1.0277983992007894e-10,-3.6656744072021445e-10,0.9085830496846546,1.0277983957633377e-10,0.9085822673575461,4.646739475928512e-10,7.203888763066689e-12,6.1741901506978986e-06,7.203888574683873e-12,4.282870126075536e-12,-1.8774434011527891e-07,4.98106624910667e-11,4.9810663223026875e-11,2.234635698444494e-09,2.183647109862097e-09,2.199759439656805e-10,0.5333429199816287,6.288840945383546e-11,1.6626526562580035e-10,1.0277983985892311e-10,0.9085653801215234,4.6467394781203017e-10,0.9085803797009365,2.2250368710459538e-11,7.18403892701491e-07,0.9085693787158792,2.6780971887864705e-10,1.6626526504114496e-10,1.0277983967922435e-10,2.1357828422555907e-06,0.37522997161626914,0.9085695053042325,3.3599119485673216e-10
3.6390941173407645e-06,1.1296038538433954e-11,2.718993051951291e-06,4.588986221798802e-12,-8.562288835378563e-13,2.772154659277423e-06,4.588986228827243e-12,2.7453934341054244e-06,5.362031093542187e-09,7.288863937635225e-13,9.081088444936233e-10,7.288864920365872e-13,1.1962261572079408e-12,-9.066126663622956e-14,8.272142334174305e-12,8.272142334174305e-12,1.8116494666962037e-06,9.174339130030689e-10,1.157318832123306e-11,5.108837260881953e-10,4.1651969404011465e-12,1.1296038538433954e-11,4.5889863311893185e-12,4.6467394781203017e-10,-6.225818585995876e-06,2.7189930519512926e-06,-2.5035395743728297e-13,2.540004013360578e-12,4.658482121228464e-10,1.3077879904116989e-11,1.1296038538433954e-11,4.588986415885581e-12,1.4712795073999895e-11,8.747906167489742e-10,4.675285747701332e-10,1.2427261056223007e-11
1.0000225480268075,3.3864655461501186e-10,1.0000625410873467,4.0789399840773844e-10,7.658573717408684e-10,1.0000673787289154,4.0789399791934583e-10,1.0000648794739317,2.7189930515590274e-06,4.797832006928599e-10,0.09148051048050822,4.797832003182608e-10,7.376969378723706e-10,4.844487333742113e-10,6.692393435737316e-10,6.692393437960201e-10,0.09147837744481321,0.0914780562217679,4.00755537769744e-10,0.6248251066489695,5.488987798533319e-10,3.386465539383338e-10,4.0789399809816356e-10,0.9085803797009365,2.7189930519512926e-06,1.000056309904131,5.443166712989603e-10,3.897665040246692e-10,0.9085749915475916,4.784420614073089e-10,3.3864655318603657e-10,4.0789399775344793e-10,4.5525915712051167e-10,0.3752296354032539,0.908574330226046,3.736557781353969e-10
1.9416568652996863e-06,-1.1042821572597509e-12,5.443166711182555e-10,-4.4481274364285983e-13,1.0296631848576897e-13,1.0746401866462937e-06,-4.4481270499282027e-13,5.430160955120868e-10,-2.503538179652831e-13,-6.384380584275663e-14,5.218602586255636e-10,-6.384387926658635e-14,-1.006750962084025e-13,1.6810907188980204e-14,-8.035237337662277e-13,-8.035237135313639e-13,5.213538619964626e-10,5.209434481628103e-10,-1.1313970995306737e-12,4.210376918115469e-07,-3.97606556642245e-13,-1.1042822550547098e-12,-4.448128197538977e-13,2.2250368710459538e-11,-2.5035395743728297e-13,5.443166712989603e-10,-6.231115775556452e-06,-4.95114192617904e-10,2.2113103956811417e-11,-1.2818095065517578e-12,-1.104282222349225e-12,-4.4481270499282027e-13,-1.4500790932182179e-12,3.3059899583683613e-10,4.35317442207308e-08,-1.2201152060283898e-12
1.6905802916219627e-06,1.0703000393892086e-11,3.8976650375632473e-10,4.342298448121816e-12,-8.41466800580705e-13,8.23557731226599e-07,4.342298481778122e-12,7.982337994514321e-07,2.5400040172279842e-12,6.794119194610436e-13,2.969102633485099e-11,6.79411919437035e-13,1.1044297599962194e-12,-9.692586519367866e-14,7.832272143342269e-12,7.832272143342269e-12,3.45473678664056e-11,7.644007800881464e-08,1.0965342466998411e-11,1.0903007079915904e-06,3.929601624172932e-12,1.0703000393892086e-11,4.342298644999184e-12,7.18403892701491e-07,2.540004013360578e-12,3.897665040246692e-10,-4.95114192617904e-10,-6.2264023718617675e-06,3.632786876430748e-10,2.459651786912598e-08,1.0703000393892086e-11,4.342298481778122e-12,1.3955643669014398e-11,-1.455415933302603e-10,7.238431708886543e-07,2.3378923013030397e-08
0.9085369286534452,1.7134826735245506e-10,0.9085749915475899,1.048335756575896e-10,-3.670069331305771e-10,0.9085776853831806,1.0483357511949711e-10,0.9085768910776495,4.658482117337803e-10,7.51007817885197e-12,1.5226039618316814e-09,7.510077947444579e-12,4.780477229843082e-12,-9.470436083309993e-11,5.3513921283544944e-11,5.351392151149938e-11,6.472531447966649e-10,5.981622073573791e-10,2.251832229515537e-10,0.5333389791621508,6.473861735299824e-11,1.7134826717333978e-10,1.0483357529810127e-10,0.9085693787158792,4.658482121228464e-10,0.9085749915475916,2.2113103956811417e-11,3.632786876430748e-10,0.908560916143168,2.7369852699574874e-10,1.7134826682377178e-10,1.0483357519573746e-10,2.1489839492944598e-06,0.37522853779730414,0.908567275446181,3.415938173877474e-10
2.0752490850362226e-06,1.0929188979772007e-07,4.784420614073089e-10,2.2353089244167757e-11,-4.3227146883990174e-12,1.2082434731294488e-06,2.2353089412590835e-11,1.0778882968895726e-06,1.307787988641066e-11,3.4994410380157973e-12,4.388852037443476e-07,3.4994410794513627e-12,5.696966591767643e-12,-4.974971908688899e-13,4.0315118428211126e-11,4.031511842818698e-11,2.4623018859772647e-10,2.6674945223888165e-10,1.11971637962916e-07,2.547591511047834e-06,2.0234203411591858e-11,1.0929188979773657e-07,2.235308938237891e-11,2.6780971887864705e-10,1.3077879904116989e-11,4.784420614073089e-10,-1.2818095065517578e-12,2.459651786912598e-08,2.7369852699574874e-10,-6.104583542898829e-06,1.0929188979773458e-07,2.2353089194203198e-11,7.1835556549682e-11,-7.321726038423096e-10,2.8192633054547135e-10,1.2033173983611297e-07
1.7625546228425682e-06,9.436285822147653e-08,3.3864655325160646e-10,1.930112650916346e-11,-3.723183054055016e-12,8.955318292610156e-07,1.9301126691069194e-11,3.9468325528381316e-10,1.1296038512347406e-11,3.023998218699674e-12,1.8153731611139996e-10,3.023998231796568e-12,4.933801570733938e-12,-4.2906557246447845e-13,3.480536835358742e-11,3.480536835358742e-11,2.031136126391291e-10,2.2083855561560935e-10,9.667662984335364e-08,1.9155374402018043e-10,1.747892923807755e-11,9.436285822148289e-08,1.930112650916346e-11,1.6626526504114496e-10,1.1296038538433954e-11,3.3864655318603657e-10,-1.104282222349225e-12,1.0703000393892086e-11,1.7134826682377178e-10,1.0929188979773458e-07,-6.13682021901243e-06,1.9301126687904527e-11,6.202343919657828e-11,2.106239318366799e-10,1.784533576071399e-10,1.0388031915176144e-07
1.7669899899458954e-06,1.9301126691069194e-11,4.0789399775344793e-10,1.5538731482176567e-08,-1.5029843983092578e-12,8.999661723316939e-07,1.553873148217874e-08,4.3063140774983083e-10,4.588986266832093e-12,1.2299654558043258e-12,3.0883224964246225e-10,1.2299654578250303e-12,2.0087427528102288e-12,-1.710385093834573e-13,1.4124306947757838e-11,1.4124307040119635e-11,3.1758419421151715e-10,3.247770338377098e-10,1.977436220098571e-11,1.4886049978453532e-10,7.096211341848175e-12,1.9301126691069194e-11,1.5538731482176e-08,1.0277983967922435e-10,4.588986415885581e-12,4.0789399775344793e-10,-4.4481270499282027e-13,4.342298481778122e-12,1.0483357519573746e-10,2.2353089194203198e-11,1.9301126687904527e-11,-6.215642170217252e-06,2.516185740708109e-11,2.8480935907234136e-10,1.0771465076747513e-10,2.124553128111797e-11
2.0618319481295987e-06,6.202343916615473e-11,4.5525915712051167e-10,2.516185728612765e-11,-4.877310212878687e-12,1.194828030137913e-06,2.5161857250423266e-11,1.0480923996839787e-06,1.4712795107238824e-11,3.933948043908233e-12,-6.094222288974126e-10,3.933948067462104e-12,6.418354800626857e-12,-5.70526574926132e-13,9.000748413320665e-08,9.000748413320677e-08,-5.812863189675699e-10,-1.10730397936424e-06,6.35437847315313e-11,-6.581396856129007e-08,2.2781652928797106e-11,6.202343916615473e-11,2.516185740708109e-11,2.1357828422555907e-06,1.4712795073999895e-11,4.5525915712051167e-10,-1.4500790932182179e-12,1.3955643669014398e-11,2.1489839492944598e-06,7.1835556549682e-11,6.202343919657828e-11,2.516185740708109e-11,-6.070725679432722e-06,1.1332914008403496e-06,2.167376902910976e-06,6.828242350968364e-11
0.37521629090102937,2.1062393241275192e-10,0.3752296354032531,2.8480935911394146e-10,1.0345326641538483e-09,0.3752324193359051,2.8480935878375335e-10,0.37523067125077175,8.747906167855887e-10,3.58588857298226e-10,-2.691603448078097e-10,3.58588857109945e-10,3.889026869142731e-06,3.9409958204890703e-11,-2.3583688041778964e-10,-2.358368801320992e-10,-1.3616891168388733e-09,-2.679579728035688e-10,2.363427151007611e-10,3.362628718569826e-09,2.372589211764581e-06,2.1062393230125637e-10,2.848093588958973e-10,0.37522997161626914,8.747906167489742e-10,0.3752296354032539,3.3059899583683613e-10,-1.455415933302603e-10,0.37522853779730414,-7.321726038423096e-10,2.106239318366799e-10,2.8480935907234136e-10,1.1332914008403496e-06,0.375213681912819,0.37522890284811045,-6.46015029925955e-10
0.9085363007653467,1.7845335848065566e-10,0.9085743302260438,1.0771465119441959e-10,-3.6757175957564713e-10,0.9085770574677587,1.0771465082647172e-10,0.908576246360021,4.675285746432899e-10,7.95805617604397e-12,1.126796007333989e-09,7.958055950497017e-12,5.5134239750487605e-12,-9.477347328564786e-11,5.870792335339651e-11,5.870792356834824e-11,2.546694402053526e-10,2.0822890224816172e-10,2.324625414556678e-10,0.5333379716205238,6.734694964877521e-11,1.7845335806398883e-10,1.0771465080856476e-10,0.9085695053042325,4.675285747701332e-10,0.908574330226046,4.35317442207308e-08,7.238431708886543e-07,0.908567275446181,2.8192633054547135e-10,1.784533576071399e-10,1.0771465076747513e-10,2.167376902910976e-06,0.37522890284811045,0.9085611745007213,3.494156723615022e-10
1.8545516826111672e-06,1.0388031915174648e-07,3.736557782966913e-10,2.124553128111797e-11,-4.112457354450663e-12,9.875356223285439e-07,2.124553147009323e-11,4.353448231376689e-10,1.2427261141603937e-11,3.324570778164148e-12,4.7739007896320876e-11,3.324570803708105e-12,5.412754488039641e-12,-4.748124382753276e-13,3.831730604639185e-11,3.83173056778267e-11,7.149868335300188e-11,9.100286653531167e-11,1.064274551971067e-07,2.1615709252783173e-06,1.9231031886361713e-11,1.038803191517638e-07,2.124553128111797e-11,3.3599119485673216e-10,1.2427261056223007e-11,3.736557781353969e-10,-1.2201152060283898e-12,2.3378923013030397e-08,3.415938173877474e-10,1.2033173983611297e-07,1.0388031915176144e-07,2.124553128111797e-11,6.828242350968364e-11,-6.46015029925955e-10,3.494156723615022e-10,-6.116809243666185e-06
