1.0000000002720926,-9.837318326072465e-08,1.0000053366743933,-9.86000433646552e-08,1.000005202423503,-9.83538230900365e-08,-9.780309112673178e-08,-9.87021198219475e-08,-9.834430566595956e-08,1.0000053366743915,1.0000052463044857,1.0000054230686533,1.0000053366743944,-9.897298191237265e-08,-9.82876208503331e-08,-9.890078114414367e-08,-9.840147232808859e-08,-9.855408387520493e-08,1.0000050107131255,1.0000052463044828,-9.851877416294407e-08,-9.860004353607488e-08,1.0000053366743917,-9.807065795059092e-08,1.0000053308302883,1.0000053070943729,-9.854530627201779e-08,-9.780309105364181e-08,-9.849461406983141e-08,-9.848622405174227e-08,-9.776786643912795e-08,-9.934855570843095e-08,1.0000053868529968,-9.855408512248152e-08,-9.758130262386775e-08,-9.852323154684056e-08,-9.775075183979922e-08,-9.841019100209086e-08,1.0000053366743917,1.0000049972642584,-9.839862351936146e-08,1.0000050428808187,-1.0157276287280599e-07,1.0000053366743973,-1.0557393501674783e-07,1.000005336674393,-9.884574519786212e-08,1.0000050344967422,1.0000054525857054,-1.0544775295147225e-07,1.000005336674393,1.0000046515954413,-9.853090703325427e-08,1.0000053366743928,-9.881843758936557e-08,-9.870106413843726e-08,-9.865403964371567e-08,1.000005313598298,1.000005034496745,-9.877474026118799e-08,-9.844919904553432e-08,-9.825979400782003e-08,1.0000053366743933,1.0000053031961673,1.000004893838663,-9.883534855651203e-08,-9.770992268672435e-08,-1.0012487250315024e-07,-9.849420080138688e-08,-9.839862342619579e-08,-9.921192142852622e-08,1.0000053938839615,1.0000050344967455,-9.842096950866618e-08,-9.828457044422765e-08,-9.833144091794986e-08,1.000005034496743,1.000005246304488,1.0000052561933876,1.0000053366743944,1.0000049313512445,1.00000531286904,1.0000053366743924,-9.918657200488523e-08,-9.96232201807602e-08,1.0000053366743948,-9.849559920450346e-08,-9.780309214640763e-08,1.0000052886664863,-9.838993551865437e-08,-1.0039633608226198e-07
-9.837318326072465e-08,-1.4790153385965243e-06,-4.832387104729099e-12,-5.0380842718520045e-20,-4.832386491922893e-12,1.2936717651173203e-19,2.6899087816817607e-20,1.8731571961551977e-19,9.400673364883755e-20,-4.832387135983288e-12,-4.832386707837615e-12,-4.83238756076536e-12,-4.832387117904578e-12,-2.8586045286175943e-21,1.972841867728857e-19,-9.556656676534994e-20,2.4714147731775382e-20,-1.7019091290411066e-19,-4.832385597194285e-12,-4.832386708737075e-12,-9.600368154805325e-20,1.2844403488180953e-20,-4.832387135546463e-12,1.4954001336041067e-17,-4.832387109505999e-12,-4.832386967690107e-12,-1.7226283679370424e-19,-1.3280540111365165e-20,2.0548451134603424e-19,-6.997110112173311e-20,5.1990239105957876e-20,6.184425386988271e-20,-4.8323873457707365e-12,-6.787225577292429e-20,1.0418887139372373e-17,-1.5275871026072308e-19,-6.979699067841964e-20,3.649453919703543e-19,-4.832387143951479e-12,-4.832385525090478e-12,2.903902337806807e-20,-4.832385736391224e-12,1.2656494982747505e-20,-4.832387116815828e-12,5.0295703667521646e-21,-4.832387143951479e-12,5.355857582834253e-20,-4.832385700059174e-12,-4.8323876777530005e-12,-9.825571994067399e-20,-4.83238711755137e-12,-9.636171372934779e-09,-5.619532489834194e-20,-4.832387129083442e-12,-1.4876182570153257e-20,-1.3017734885226922e-20,9.68671937734307e-20,-4.832387023752708e-12,-4.832385695938995e-12,-1.7503731234836522e-19,3.956457251438687e-20,2.0319723454051036e-19,-4.832387149671669e-12,-4.832386953353558e-12,-4.832385038869493e-12,-7.694531938609025e-20,-1.6313316497708332e-19,1.3359225854151884e-19,1.0246710312168932e-19,2.903902337806807e-20,7.283372144055596e-20,-4.8323873902509594e-12,-4.832385705237867e-12,5.53728539877418e-20,1.6939029337657118e-17,-7.099056946986503e-20,-4.832385699361932e-12,-4.832386708737075e-12,-4.83238674180238e-12,-4.832387117904578e-12,-4.8323852186883436e-12,-4.832387007210935e-12,-4.832387143951479e-12,1.6962981417193304e-19,1.2893660017094284e-19,-4.832387116815828e-12,1.6172695965624854e-20,1.4553951648926814e-20,-4.832386907445442e-12,1.7570348025070072e-19,5.591035235568023e-20
1.0000053366743933,-4.832387104729099e-12,1.0000073315910893,-4.946153809358108e-12,1.0000086763550577,-4.822677939384902e-12,-4.5464946561442505e-12,-4.997344260259187e-12,-4.817905479482595e-12,1.0000088106064033,1.0000087202361916,1.0000088970009582,1.0000088106064056,-5.1331775676129475e-12,-4.789478731827933e-12,-5.096969705340903e-12,-4.846573793453378e-12,-4.9231067139451796e-12,1.0000084846440302,1.0000087202361894,-4.905398829667623e-12,-4.946154231963107e-12,1.0000088106064025,-4.6806754079706445e-12,1.00000880476228,1.0000087810262834,-4.918704077316021e-12,-4.5464947451969716e-12,-4.893283053986948e-12,-4.889075331423664e-12,-4.528829717561819e-12,-5.321522514212677e-12,1.000008860785179,-4.923107335368956e-12,-4.435270535844568e-12,-4.907634129845356e-12,-4.520246872580364e-12,-4.850946154505471e-12,1.0000088106064018,1.0000084711951176,-4.845145121714605e-12,1.0000085168118333,-6.4369311014388935e-12,1.0000088106064084,-8.443461419706092e-12,1.0000088106064042,-5.0693706584868515e-12,1.0000085084277266,1.0000089265181102,-8.380183904064923e-12,1.0000088106064031,1.0000081255251247,-4.91148339425501e-12,1.000008810606404,-5.055675265087211e-12,-4.9968149318162805e-12,-4.973233334135714e-12,1.0000087875302293,1.0000085084277306,-5.033762297417337e-12,-4.8705089559695385e-12,-4.775524580271116e-12,1.0000088106064042,1.0000087771280637,1.000008367769171,-5.0641561820972306e-12,-4.499771990976881e-12,-5.710834358541687e-12,-4.893075588210951e-12,-4.845145313341649e-12,-5.253002244955907e-12,1.0000088678161683,1.0000085084277304,-4.856351518492886e-12,-4.787949009535365e-12,-4.81145462211418e-12,1.00000850842773,1.0000087202361927,1.0000087301251244,1.000008810606406,1.0000084052818783,1.0000087868009704,1.0000088106064025,-5.240290459764991e-12,-5.459262883494772e-12,1.000008810606405,-4.893777312644908e-12,-4.546494863743052e-12,1.000008762598333,-4.8407879969518924e-12,-5.846969696136993e-12
-9.86000433646552e-08,-5.0380842718520045e-20,-4.946153809358108e-12,-1.4790153374339962e-06,-9.863036767033556e-09,6.797942055046384e-20,-1.6860821647252491e-21,4.797327614137309e-20,-4.402899382963299e-20,-4.9461538135754726e-12,-4.946153370226024e-12,-4.946154196106805e-12,-4.946153809423096e-12,5.024050283550245e-20,1.3754067083493516e-19,9.187814620035073e-20,-1.5293574915398341e-19,3.2183229006976717e-21,-4.946152221371224e-12,-4.946153370684181e-12,-4.9144850916400047e-20,1.754597365045463e-17,-4.946153821306237e-12,1.9824215071743706e-19,-4.946153836770692e-12,-4.946153672340565e-12,1.0056690719743368e-20,5.0893055242626046e-20,-2.005463047990675e-21,-2.3502720418017896e-20,-1.1135804152564653e-19,-9.683352048580643e-20,-4.946154031300523e-12,3.2183229006976717e-21,1.5508414863103098e-20,1.3642921874252724e-20,-2.425687102687501e-21,-7.935710498243355e-20,-4.94615381361674e-12,-4.946152160528523e-12,-2.688098371415424e-19,-4.946152389423161e-12,8.503052920414253e-20,-4.946153811484683e-12,1.5340291084487588e-19,-4.946153815761934e-12,1.7562389766718195e-17,-4.946152347012375e-12,-4.94615436079008e-12,3.6487320612738334e-20,-4.946153822062637e-12,-9.863031465083274e-09,7.281377322882371e-20,-4.946153790450559e-12,-7.621548476650488e-20,-2.5300801882845916e-19,1.6497928332361275e-19,-4.946153692162077e-12,-4.946152362295564e-12,-8.567970545530601e-20,-2.274591357894877e-19,8.402773309515711e-20,-4.94615380643557e-12,-4.946153639074234e-12,-4.946151666827625e-12,-5.108097633087045e-20,2.7780095189912267e-20,1.906855899958097e-20,2.283273074492774e-20,-2.688098371415424e-19,7.88991094165053e-20,-4.946154090100932e-12,-4.946152355761109e-12,5.59553477648421e-20,-1.0777766321797085e-19,-2.892041443453818e-19,-4.9461523552661024e-12,-4.946153353310102e-12,-4.946153421533338e-12,-4.9461538155277796e-12,-4.9461518429499935e-12,-4.9461536892572576e-12,-4.94615381361674e-12,-5.199570128713399e-20,1.0095419245882743e-19,-4.946153794129927e-12,3.6656946538834746e-19,-1.6860821647252491e-21,-4.946153585349484e-12,8.404593588604204e-20,-4.634592732758159e-20
1.000005202423503,-4.832386491922893e-12,1.0000086763550577,-9.863036767033556e-09,1.0000070630884135,-4.8226773355310725e-12,-4.546494054698226e-12,-4.9973436202942845e-12,-4.817904860148891e-12,1.000008676355057,1.0000085859848573,1.0000087627495997,1.0000086763550602,-5.133176925442845e-12,-4.789478107634642e-12,-5.096969071722899e-12,-4.846573150896501e-12,-4.92310606836815e-12,1.000008350392727,1.0000085859848549,-4.905398191390686e-12,-9.8630375749839e-09,1.0000086763550569,-4.6806747823262616e-12,1.0000086705109332,1.0000086467749427,-4.918703409918552e-12,-4.5464941520232276e-12,-4.893282398677599e-12,-4.889074691485359e-12,-4.528829149638764e-12,-5.3215217949704135e-12,1.000008726533826,-4.923106665457571e-12,-4.435269975382429e-12,-4.907633466922089e-12,-4.5202462703216645e-12,-4.8509455252181724e-12,1.0000086763550562,1.000008336943816,-4.845144483644175e-12,1.0000083825605262,-1.2835769322854301e-08,1.0000086763550622,-8.443460326530798e-12,1.0000086763550584,-1.0108741322917006e-08,1.0000083741764214,1.0000087922667489,-8.380182789847289e-12,1.0000086763550564,1.0000079912738704,-4.911482784191923e-12,1.0000086763550582,-1.0081431548082468e-08,-4.996814242453705e-12,-4.973232752276484e-12,1.000008653278888,1.0000083741764243,-1.0037735356065229e-08,-4.870508418243318e-12,-4.77552395281526e-12,1.0000086763550584,1.0000086428767223,1.0000082335178837,-5.064155475291137e-12,-4.499771424183451e-12,-5.710833600541102e-12,-4.893074956794229e-12,-4.845144664756912e-12,-1.0474917870255065e-08,1.0000087335648147,1.0000083741764239,-4.856350888696269e-12,-4.78794836469366e-12,-4.811454002617664e-12,1.0000083741764234,1.0000085859848582,1.0000085958737897,1.0000086763550597,1.0000082710305862,1.0000086525496292,1.0000086763550573,-5.240289812375395e-12,-5.45926219672012e-12,1.0000086763550595,-4.89377665051395e-12,-4.546494273952626e-12,1.0000086283469949,-4.840787371124236e-12,-5.846968944068142e-12
-9.83538230900365e-08,1.2936717651173203e-19,-4.822677939384902e-12,6.797942055046384e-20,-4.8226773355310725e-12,-1.4790153385962022e-06,1.1900434567968207e-19,-1.6741836426841514e-19,1.7317383526705192e-17,-4.82267796332344e-12,-4.822677542062627e-12,-4.82267837293133e-12,-4.822677947022749e-12,-1.1688105124147847e-19,4.2378855112484413e-20,-1.423121364340909e-20,6.763116600795665e-20,8.39702685494032e-20,-4.822676427677366e-12,-4.822677540935191e-12,2.2070507808898146e-19,-1.4938378834769604e-19,-4.8226779448195955e-12,-4.767723031168848e-20,-4.822677948174886e-12,-4.822677829189657e-12,8.954928619816714e-20,-8.838501251836043e-20,-1.2275222387585815e-19,2.138790730525015e-19,-3.3692914944622556e-20,-7.956822698276209e-20,-4.822678190011868e-12,-1.4252638022936023e-20,1.0255798957767513e-17,1.7217360867415647e-19,-3.7103644854907703e-20,2.384060544789677e-20,-4.822677923667386e-12,-4.8226763561299444e-12,1.8374973017641142e-19,-4.822676583470438e-12,3.574039254088243e-20,-4.822677923667386e-12,7.760266043864523e-20,-4.822677943025503e-12,-5.056796051390795e-20,-4.8226765560356145e-12,-4.8226785105603315e-12,-3.441498787670819e-20,-4.822677958036576e-12,-9.616810522592543e-09,3.908922097694695e-20,-4.8226779507877666e-12,-8.993948837520596e-20,1.0425645050187018e-19,3.4951629741761936e-19,-4.822677862883094e-12,-4.822676557845284e-12,-2.55436425477884e-20,1.768025207980268e-19,1.816351755353954e-19,-4.822677950396273e-12,-4.822677809663439e-12,-4.822675880133483e-12,-4.292524569102887e-21,1.1449743123120348e-17,-2.496064318266286e-21,6.77513005771847e-20,2.1610901908807362e-19,8.551032438069131e-20,-4.82267823286629e-12,-4.82267655622806e-12,-1.0093978930529884e-20,6.483855605050817e-20,1.7785632672451608e-19,-4.822676559564472e-12,-4.822677542185148e-12,-4.822677585700963e-12,-4.822677925571104e-12,-4.822676068385307e-12,-4.822677861372774e-12,-4.82267796332344e-12,1.0330846400571072e-19,-3.261141410684171e-20,-4.82267796332344e-12,-5.844832805626351e-20,2.7706683341915628e-21,-4.822677758846217e-12,1.773785362651348e-17,6.741037862788274e-20
-9.780309112673178e-08,2.6899087816817607e-20,-4.5464946561442505e-12,-1.6860821647252491e-21,-4.546494054698226e-12,1.1900434567968207e-19,-1.4790153377985644e-06,1.7398329362318885e-19,-1.0228191929759495e-19,-4.546494645849591e-12,-4.5464942356597864e-12,-4.5464950331689296e-12,-4.546494630493654e-12,6.227800004290903e-20,3.0043895116679126e-20,-4.451386953372103e-20,1.085171765875316e-19,4.441042858760472e-20,-4.546493204627824e-12,-4.546494248495864e-12,2.6213163423076778e-21,-7.474377500586162e-20,-4.54649464474033e-12,5.423865211656622e-21,-4.5464946051692445e-12,-4.5464945155663926e-12,4.220798463939347e-20,7.508612382191247e-18,-1.4548894655989226e-20,-3.0748007720451865e-20,7.199264294099116e-18,2.2219881166372036e-20,-4.546494859115769e-12,-9.92386153420262e-20,5.577302487071671e-18,7.742362592989342e-20,7.05408033039226e-18,1.10324406692543e-20,-4.546494665752104e-12,-4.546493142442206e-12,5.263996131429454e-20,-4.546493348742521e-12,-2.4802971639421682e-20,-4.546494620175229e-12,-9.0989003639351e-21,-4.5464946417807705e-12,5.2369860608807693e-20,-4.546493306306551e-12,-4.54649516825025e-12,-5.59626119438481e-20,-4.546494620175229e-12,-9.066078604281906e-09,-1.2470641754129044e-19,-4.546494657134765e-12,6.111276084765277e-20,9.462029252164851e-20,6.252902953034962e-20,-4.546494556040057e-12,-4.546493310370725e-12,4.198808640642874e-20,2.3910049272303738e-20,-4.584535571713776e-20,-4.54649464474033e-12,-4.546494494310646e-12,-4.54649268499454e-12,1.2590231529511531e-19,6.699289852342173e-18,-5.768094021024679e-20,5.654489466670346e-20,-1.9410372449457553e-20,9.359057762875446e-20,-4.546494909225325e-12,-4.5464933065438806e-12,-6.339405545011603e-20,-1.4139759404175096e-19,-2.028100559197199e-20,-4.5464933084736825e-12,-4.546494238495675e-12,-4.546494291159571e-12,-4.546494644740562e-12,-4.546492858595432e-12,-4.5464945339475704e-12,-4.5464946449361415e-12,-1.9432790420511487e-20,-1.0345705502689279e-20,-4.5464946547586996e-12,-2.9719246709521877e-21,7.508613594248147e-18,-4.546494423830997e-12,2.36263684173934e-20,2.0402363447677026e-20
-9.87021198219475e-08,1.8731571961551977e-19,-4.997344260259187e-12,4.797327614137309e-20,-4.9973436202942845e-12,-1.6741836426841514e-19,1.7398329362318885e-19,-1.4790153379221933e-06,2.2653315576530116e-19,-4.997344257900317e-12,-4.997343846988705e-12,-4.997344722588032e-12,-4.997344288066956e-12,2.03229351277359e-19,1.8515787939416865e-19,-7.913731930773955e-20,1.663126051402103e-17,-8.694522054674945e-20,-4.997342678802093e-12,-4.9973438456596246e-12,-4.052731307135891e-20,1.197616715395314e-20,-4.997344270578679e-12,1.345830315349973e-17,-4.997344254876538e-12,-4.997344147893214e-12,1.7485249632486003e-19,1.5548414369386183e-19,-3.819758419609493e-20,4.1018556741621166e-20,1.0567927895062859e-17,-1.578063781804019e-20,-4.997344516376232e-12,-2.4734872428679914e-20,8.78123338858283e-18,-5.0352553830366205e-20,-7.800911570829363e-20,1.670312758031584e-17,-4.997344272838002e-12,-9.965112824747219e-09,-2.7050589275503075e-20,-9.965113268171329e-09,-7.99163710594525e-20,-4.997344268085837e-12,4.3696101069991007e-20,-4.9973442878210845e-12,-7.962624805065525e-20,-4.997342790863681e-12,-4.997344839753128e-12,1.699538120348088e-20,-4.997344291766171e-12,-9.965109464564614e-09,6.904835658807122e-20,-4.997344274228865e-12,7.42204336147467e-20,4.835839977134671e-20,-2.617134568593359e-21,-4.997344157300363e-12,-4.997342807837664e-12,2.786438017518047e-20,-1.2021501207248223e-19,2.834905534823738e-20,-4.997344276179872e-12,-4.9973440974189595e-12,-4.99734211315718e-12,7.402049514723744e-20,1.700901842444175e-20,1.8298764020526737e-20,9.078159215173222e-20,-7.109103360112522e-20,-5.414545114982976e-21,-4.997344543385108e-12,-4.9973428003200646e-12,-1.2314400759848931e-19,9.161690884161656e-20,1.594978493258601e-17,-4.997342803292063e-12,-4.997343844134471e-12,-4.997343881848715e-12,-4.997344285637726e-12,-4.997342297487861e-12,-4.997344136064525e-12,-4.997344270578679e-12,2.35703470990412e-19,-7.028039001154443e-20,-4.997344288305515e-12,1.0391848916372652e-20,1.5548414369386183e-19,-4.997344027124005e-12,1.7378708923292035e-19,1.2208116623945093e-19
-9.834430566595956e-08,9.400673364883755e-20,-4.817905479482595e-12,-4.402899382963299e-20,-4.817904860148891e-12,1.7317383526705192e-17,-1.0228191929759495e-19,2.2653315576530116e-19,-1.4790153385965243e-06,-4.817905475729116e-12,-4.817905070188548e-12,-4.817905896752975e-12,-4.81790548485222e-12,2.4799342621756697e-20,1.9067670726133655e-19,-1.7383057836617134e-19,1.433774482006055e-19,1.976480481009145e-21,-4.8179039701436874e-12,-4.817905066148894e-12,-6.76927380584849e-20,2.4784201147220772e-20,-4.817905475729116e-12,6.793833416977887e-20,-4.817905463640456e-12,-4.817905360846806e-12,1.8267144740151267e-20,-7.916737562790436e-20,3.8142389027342977e-20,4.309933093407559e-20,8.057573418916586e-20,4.260728760021615e-20,-4.817905760192427e-12,1.976480481009145e-21,6.39950078923919e-20,1.1158172225603453e-20,-9.696835410290516e-20,2.4278997869911966e-19,-4.817905489641649e-12,-4.8179038876516226e-12,8.585261973938674e-21,-4.81790411184121e-12,-4.336806539368867e-20,-4.817905477885308e-12,-4.278381812960348e-20,-4.817905489641649e-12,-1.9330568442647711e-19,-4.817904076667431e-12,-4.817906044430824e-12,3.919019680569355e-20,-4.817905475729116e-12,-9.607293835010092e-09,2.7863903178214976e-20,-4.817905475729116e-12,-1.1251248752183214e-19,4.317191735258839e-20,1.78898591601979e-17,-4.81790538378994e-12,-4.8179040760432705e-12,-3.5379161390123065e-20,-1.1578980735001155e-20,-1.0544336031830122e-19,-4.817905477885308e-12,-4.817905344459436e-12,-4.817903419053733e-12,-3.623345555899326e-20,-3.4108150062663815e-20,5.099872988544041e-20,-1.834023466938938e-19,9.013514795003064e-20,-7.134098635061892e-20,-4.817905748229866e-12,-4.817904075055365e-12,5.1015726279323764e-21,7.78292102243782e-20,6.019090813587287e-20,-4.817904075645207e-12,-4.817905070701761e-12,-4.817905116051371e-12,-4.817905502882693e-12,-4.817903591750444e-12,-4.817905394904206e-12,-4.817905482872957e-12,-1.168881273392336e-19,1.9041904049020186e-20,-4.817905482872957e-12,2.7190699255717505e-19,4.7619856027225086e-20,-4.8179052821228604e-12,1.7654519246805303e-17,4.8264494783858096e-20
1.0000053366743915,-4.832387135983288e-12,1.0000088106064033,-4.9461538135754726e-12,1.000008676355057,-4.82267796332344e-12,-4.546494645849591e-12,-4.997344257900317e-12,-4.817905475729116e-12,1.0000073315910842,1.0000087202361907,1.0000088970009562,1.0000088106064036,-5.133177581657492e-12,-4.789478758043091e-12,-5.096969699673967e-12,-4.846573790713414e-12,-4.923106717023921e-12,1.0000084846440287,1.0000087202361887,-4.905398832283143e-12,-4.946154219385715e-12,1.0000088106064016,-4.680675375035044e-12,1.000008804762278,1.000008781026282,-4.918704077771151e-12,-4.546494740821728e-12,-4.893283059854761e-12,-4.88907533058321e-12,-4.528829713899291e-12,-5.3215225089782595e-12,1.0000088607851776,-4.923107308447971e-12,-4.435270543036829e-12,-4.907634156045591e-12,-4.520246882279988e-12,-4.850946149184027e-12,1.0000088106064007,1.0000084711951156,-4.845145107198941e-12,1.0000085168118322,-6.436931117711373e-12,1.000008810606407,-8.443461417643244e-12,1.0000088106064031,-5.069370676034057e-12,1.000008508427726,1.0000089265181094,-8.38018391700016e-12,1.000008810606402,1.000008125525124,-4.911483394272085e-12,1.000008810606403,-5.0556752375013036e-12,-4.9968149517947505e-12,-4.973233353502437e-12,1.000008787530228,1.0000085084277293,-5.0337622899561184e-12,-4.870508940186224e-12,-4.77552459700133e-12,1.0000088106064033,1.0000087771280632,1.000008367769169,-5.0641561820972306e-12,-4.499772017852276e-12,-5.710834362157979e-12,-4.89307559377686e-12,-4.845145290329123e-12,-5.253002240919104e-12,1.0000088678161674,1.0000085084277284,-4.856351520111557e-12,-4.787948990726868e-12,-4.81145462159427e-12,1.000008508427728,1.0000087202361916,1.0000087301251235,1.000008810606405,1.0000084052818776,1.0000087868009697,1.0000088106064011,-5.240290458570176e-12,-5.459262901131446e-12,1.0000088106064045,-4.8937773080949694e-12,-4.54649486810747e-12,1.0000087625983325,-4.8407879740364465e-12,-5.846969672564009e-12
1.0000052463044857,-4.832386707837615e-12,1.0000087202361916,-4.946153370226024e-12,1.0000085859848573,-4.822677542062627e-12,-4.5464942356597864e-12,-4.997343846988705e-12,-4.817905070188548e-12,1.0000087202361907,1.0000071508506696,1.0000088066307367,1.0000087202361914,-5.133177193238805e-12,-4.789478309102358e-12,-5.096969268381897e-12,-4.8465733714271686e-12,-4.923106278497465e-12,1.0000083942738451,1.0000086298659836,-4.905398413809169e-12,-4.946153765689834e-12,1.0000087202361894,-4.680674985921875e-12,1.000008714392067,1.0000086906560723,-4.918703646823529e-12,-4.546494328138322e-12,-4.893282598111521e-12,-4.8890748985720386e-12,-4.528829324164635e-12,-5.321522016485546e-12,1.0000087704149592,-4.9231068852325604e-12,-4.4352701706716e-12,-4.9076336974914454e-12,-4.520246464015967e-12,-4.850945738705959e-12,1.0000087202361885,1.0000083808249336,-4.845144689985228e-12,1.0000084264416456,-6.436930664623223e-12,1.0000087202361942,-1.6836956673301966e-08,1.0000087202361894,-5.0693701967789764e-12,1.0000084180575401,1.0000088361478856,-1.6710774919919733e-08,1.0000087202361905,1.0000080351549732,-4.911482950810002e-12,1.000008720236191,-5.055674808753143e-12,-4.996814512383493e-12,-4.973232904129762e-12,1.0000086971600182,1.000008418057543,-5.033761893485184e-12,-4.870508525903397e-12,-4.7755241473245374e-12,1.0000087202361898,1.0000086867578537,1.0000082773989967,-5.064155697976858e-12,-4.499771606589618e-12,-1.1387873215074037e-08,-4.893075167741066e-12,-4.845144869139742e-12,-5.253001775169122e-12,1.0000087774459494,1.0000084180575421,-4.8563510951342226e-12,-4.7879485610537215e-12,-4.811454216501202e-12,1.0000084180575421,1.000008629865987,1.000008639754919,1.000008720236192,1.0000083149117016,1.0000086964307602,1.0000087202361894,-5.240289996401283e-12,-5.459262430605871e-12,1.0000087202361914,-4.893776847157912e-12,-4.546494459130412e-12,1.0000086722281234,-4.840787573776669e-12,-5.846969167710688e-12
1.0000054230686533,-4.83238756076536e-12,1.0000088970009582,-4.946154196106805e-12,1.0000087627495997,-4.82267837293133e-12,-4.5464950331689296e-12,-4.997344722588032e-12,-4.817905896752975e-12,1.0000088970009562,1.0000088066307367,1.0000075043802015,1.0000088970009589,-5.133178018764892e-12,-4.789479147011658e-12,-5.0969701439962604e-12,-4.846574214008293e-12,-4.9231071278847855e-12,1.0000085710385545,1.000008806630734,-4.905399247460369e-12,-4.9461546267579306e-12,1.0000088970009562,-4.6806758040687554e-12,1.000008891156832,1.0000088674208343,-4.918704467578864e-12,-4.546495115944434e-12,-4.8932834431094715e-12,-4.889075757866986e-12,-4.528830118296113e-12,-5.321522934415446e-12,1.0000089471797362,-4.923107742864239e-12,-4.435270909768675e-12,-4.907634558985908e-12,-4.520247250121027e-12,-4.850946567830968e-12,1.0000088970009557,1.0000085575896414,-4.845145508106421e-12,1.0000086032063609,-6.43693162836305e-12,1.000008897000961,-8.443462104813857e-12,1.000008897000958,-5.069371055927279e-12,1.0000085948222537,1.0000090129126737,-1.6710777773548523e-08,1.000008897000957,1.0000082119196179,-4.911483802349647e-12,1.0000088970009569,-5.055675683720286e-12,-4.996815355099433e-12,-4.973233754567228e-12,1.0000088739247808,1.000008594822258,-5.033762725810901e-12,-4.870509379377159e-12,-4.775524955821509e-12,1.0000088970009589,1.0000088635226143,1.0000084541636853,-5.064156560754694e-12,-4.499772368155322e-12,-5.710834866425891e-12,-4.893075997938819e-12,-4.845145713361456e-12,-5.25300268308577e-12,1.0000089542107253,1.0000085948222566,-4.856351921112347e-12,-4.787949414136753e-12,-4.811455024217983e-12,1.0000085948222563,1.0000088066307384,1.0000088165196694,1.0000088970009595,1.0000084916763974,1.0000088731955208,1.0000088970009564,-5.240290900223267e-12,-5.459263368844479e-12,1.0000088970009589,-4.8937777441187e-12,-4.546495255828168e-12,1.0000088489928818,-4.840788398877606e-12,-5.846970188401112e-12
1.0000053366743944,-4.832387117904578e-12,1.0000088106064056,-4.946153809423096e-12,1.0000086763550602,-4.822677947022749e-12,-4.546494630493654e-12,-4.997344288066956e-12,-4.81790548485222e-12,1.0000088106064036,1.0000087202361914,1.0000088970009589,1.0000073315910898,-5.133177584000397e-12,-4.789478739435739e-12,-5.096969707664867e-12,-4.846573788055706e-12,-4.923106723287194e-12,1.0000084846440305,1.0000087202361891,-4.905398853020386e-12,-4.946154231963107e-12,1.0000088106064027,-4.680675405482445e-12,1.0000088047622813,1.0000087810262834,-4.9187041106576074e-12,-4.546494741067156e-12,-4.8932830627209744e-12,-4.889075316533832e-12,-4.528829717419686e-12,-5.321522479995284e-12,1.0000088607851791,-4.9231073444712166e-12,-4.435270552158033e-12,-4.907634128143675e-12,-4.520246871334875e-12,-4.850946165958859e-12,1.0000088106064031,1.000008471195118,-4.845145113355764e-12,1.0000085168118338,-6.436931107572117e-12,1.000008810606408,-8.443461419271093e-12,1.000008810606405,-5.0693706584868515e-12,1.000008508427728,1.0000089265181107,-8.380183920260274e-12,1.0000088106064042,1.0000081255251247,-4.9114833900861046e-12,1.0000088106064042,-5.0556752403369724e-12,-4.996814955143476e-12,-4.9732333407343005e-12,1.0000087875302301,1.0000085084277306,-5.0337622899561184e-12,-4.870508961479831e-12,-4.775524574990934e-12,1.000008810606405,1.000008777128065,1.000008367769171,-5.0641561599876646e-12,-4.499772004965443e-12,-5.7108343621881314e-12,-4.893075588129337e-12,-4.845145290902938e-12,-5.253002239270323e-12,1.0000088678161692,1.0000085084277295,-4.856351526143712e-12,-4.787949008105038e-12,-4.81145462159427e-12,1.0000085084277297,1.0000087202361936,1.000008730125125,1.000008810606406,1.0000084052818794,1.0000087868009715,1.0000088106064031,-5.240290465091932e-12,-5.459262896146306e-12,1.0000088106064062,-4.893777271896817e-12,-4.5464948750119036e-12,1.0000087625983336,-4.8407880106652165e-12,-5.84696969959482e-12
-9.897298191237265e-08,-2.8586045286175943e-21,-5.1331775676129475e-12,5.024050283550245e-20,-5.133176925442845e-12,-1.1688105124147847e-19,6.227800004290903e-20,2.03229351277359e-19,2.4799342621756697e-20,-5.133177581657492e-12,-5.133177193238805e-12,-5.133178018764892e-12,-5.133177584000397e-12,-1.4790153382499176e-06,-3.9751013034867216e-20,-2.811923384600931e-20,5.819771779057619e-21,4.1058131082036416e-20,-5.133175951012578e-12,-5.133177151574142e-12,1.4943890281508726e-19,7.901177648144023e-20,-5.1331775635125656e-12,-1.1640191722054103e-19,-5.13317755196296e-12,-5.1331774058128315e-12,5.377687179856209e-21,-9.75837095457006e-20,-2.4568527104736025e-20,-1.6637633121727438e-19,8.128008175620843e-20,-8.800897839583134e-20,-5.1331777944109014e-12,2.6700865746284387e-20,-5.975174052070024e-21,-1.6986503640047864e-19,7.863763513609143e-20,1.0773432448529398e-20,-5.133177560949227e-12,-5.133175860410006e-12,-2.968221725880611e-20,-5.133176116974747e-12,-1.0050421031206418e-20,-5.1331775620438385e-12,2.3748986486855793e-17,-5.133177544164167e-12,3.2897645397952206e-20,-5.133175990310202e-12,-5.133178175676857e-12,-2.5052213777212968e-17,-5.133177553326476e-12,-1.0235972079336733e-08,7.491594407649449e-20,-5.133177553960313e-12,-6.583630260362792e-20,1.4288591848059663e-19,1.9736142949194076e-19,-5.133177512507534e-12,-5.133176026975811e-12,-4.505603401553769e-20,8.014986788141581e-20,1.564411255228064e-20,-5.133177554428737e-12,-5.133177442483464e-12,-5.13317534845639e-12,-1.3685967460369023e-19,5.44371093999135e-20,1.7514341124457653e-19,-1.0867863623997378e-19,-2.968221725880611e-20,8.026454985730368e-20,-5.133177861825216e-12,-5.133176036031676e-12,-3.023380996998135e-19,1.7345965106471145e-19,-2.1988340169700545e-19,-5.133176096258076e-12,-5.133177163173919e-12,-5.133177238063992e-12,-5.1331775973894535e-12,-1.0235974874502561e-08,-5.133177515341769e-12,-5.1331775745731465e-12,1.0857276732169163e-19,-6.321769578111108e-20,-5.1331775745402095e-12,1.720940181059549e-20,-6.569008256705931e-20,-1.0235978444466976e-08,1.860418831963728e-20,1.3114055736051696e-17
-9.82876208503331e-08,1.972841867728857e-19,-4.789478731827933e-12,1.3754067083493516e-19,-4.789478107634642e-12,4.2378855112484413e-20,3.0043895116679126e-20,1.8515787939416865e-19,1.9067670726133655e-19,-4.789478758043091e-12,-4.789478309102358e-12,-4.789479147011658e-12,-4.789478739435739e-12,-3.9751013034867216e-20,-1.4790153385969337e-06,1.7352611346016814e-17,1.9578009048050906e-19,-3.37751442962681e-20,-4.789477189919907e-12,-4.789478331368536e-12,-1.454512984882046e-20,3.83900257478116e-20,-4.7894787272360986e-12,-1.592007803160596e-19,-4.7894787091473986e-12,-4.789478639781902e-12,6.588291135975207e-20,3.0043895116679126e-20,2.3825662822990585e-19,-2.4992722630300187e-20,2.579683398007983e-20,7.641168380261468e-20,-4.789478984161853e-12,1.7487361447445416e-20,-7.033731248059487e-20,-8.164540949033755e-20,-4.8690778385578413e-20,9.38620275154446e-20,-4.7894787602947256e-12,-4.789477189355827e-12,3.0000115095162426e-19,-4.789477365609597e-12,-2.0819574858514906e-20,-4.789478746863861e-12,4.5626866716208224e-20,-4.7894787602947256e-12,-2.3345566209446426e-19,-4.7894773077141975e-12,-4.789479266405007e-12,-8.021882918633255e-20,-4.789478750334699e-12,-9.550608570365704e-09,-7.49075183673773e-20,-4.789478731827489e-12,-3.2613401847329614e-20,3.295884908064325e-20,6.569103811186666e-20,-4.789478629474054e-12,-4.7894773079801676e-12,7.209631024710599e-20,2.049272724034729e-20,1.0992230849155387e-19,-4.789478756622884e-12,-4.7894785803366275e-12,-4.789476568646015e-12,2.0153232772354822e-19,-2.4059697003230052e-20,1.8205253042407544e-17,1.0531360409440059e-19,1.9155074024172726e-19,4.863798258033627e-20,-4.789479012142101e-12,-4.789477306544955e-12,2.1031402791138155e-21,5.470926260153634e-20,5.861009728571422e-20,-4.789477303505942e-12,-4.789478298252806e-12,-4.789478396285928e-12,-4.789478742269514e-12,-4.789476844931136e-12,-4.789478626189175e-12,-4.789478731827489e-12,1.7559176649598252e-17,-1.7081494189482002e-19,-4.789478750334699e-12,1.8077820158335832e-17,-6.853047407885755e-20,-4.789478518152955e-12,1.970797334023216e-19,-3.057713439545633e-21
-9.890078114414367e-08,-9.556656676534994e-20,-5.096969705340903e-12,9.187814620035073e-20,-5.096969071722899e-12,-1.423121364340909e-20,-4.451386953372103e-20,-7.913731930773955e-20,-1.7383057836617134e-19,-5.096969699673967e-12,-5.096969268381897e-12,-5.0969701439962604e-12,-5.096969707664867e-12,-2.811923384600931e-20,1.7352611346016814e-17,-1.4790153380337694e-06,7.374368794365029e-21,1.2782514118131465e-19,-5.096968095517663e-12,-5.0969692713600125e-12,-5.35849026170252e-20,2.1092399362612327e-19,-5.0969697352716785e-12,-2.4488290613081564e-20,-5.096969690430917e-12,-5.0969695552183965e-12,-1.4790345022369473e-19,3.8668384337225774e-20,-4.927383069686261e-21,1.3219676296381028e-19,4.92310638750273e-20,-2.001170228867647e-20,-5.0969700102532376e-12,-7.066080843162454e-20,5.494153629953483e-20,-1.3972393463411107e-19,6.292279658338012e-20,-4.4065247059824996e-20,-5.096969676719995e-12,-1.0163774104853798e-08,1.249471187539064e-19,-5.096968237101571e-12,2.3867589487361647e-21,-5.096969711016785e-12,1.9437213136318952e-20,-5.096969707664867e-12,-5.171840234719885e-20,-5.096968211625458e-12,-5.096970277633857e-12,8.760745124484416e-21,-5.096969724056583e-12,-1.0163770676066406e-08,-1.567917745288679e-19,-5.096969706080556e-12,2.2336094422196597e-19,1.0478844740109085e-19,1.4184614153184503e-20,-5.096969600642151e-12,-5.09696821233045e-12,-2.926380524011735e-19,-1.830397301075746e-19,-2.1702786288504342e-20,-5.096969704137428e-12,-5.096969552542565e-12,-1.0163773078719946e-08,1.2235239899668366e-19,9.410897441510352e-20,-1.5747126456686835e-19,-1.9191304465828892e-19,-5.486122990470644e-20,1.644584017663978e-17,-5.096970006840558e-12,-5.09696821421533e-12,-1.1077872087244664e-19,4.032731341793803e-20,-1.613783386830673e-19,-5.096968214170746e-12,-5.096969268741638e-12,-5.096969316500968e-12,-5.096969711016785e-12,-5.096967700854773e-12,-5.096969601819305e-12,-5.096969711016785e-12,1.8870280278320756e-17,-3.212885077118818e-20,-5.096969711016785e-12,-1.1326485406873265e-19,3.8668384337225774e-20,-5.096969479743877e-12,-3.492633214529192e-21,-3.7484236433698256e-20
-9.840147232808859e-08,2.4714147731775382e-20,-4.846573793453378e-12,-1.5293574915398341e-19,-4.846573150896501e-12,6.763116600795665e-20,1.085171765875316e-19,1.663126051402103e-17,1.433774482006055e-19,-4.846573790713414e-12,-4.8465733714271686e-12,-4.846574214008293e-12,-4.846573788055706e-12,5.819771779057619e-21,1.9578009048050906e-19,7.374368794365029e-21,-1.4790153385961902e-06,1.0598726871414838e-19,-4.846572256614578e-12,-4.846573372210822e-12,1.2250694996726003e-20,-2.1831396012691914e-20,-4.8465737941309276e-12,1.5212402427003228e-17,-4.846573768557716e-12,-4.8465736528064745e-12,-7.24112139038118e-21,1.212457931886805e-19,5.513086825174793e-20,-7.76590083135979e-20,-2.8465059660919347e-20,1.3662481344631973e-20,-4.846574014640389e-12,-9.484500262969123e-22,8.581142550704547e-20,-7.883504326332032e-20,7.933512013598757e-21,-1.667715608732154e-19,-4.846573793637406e-12,-4.846572263612208e-12,-5.872754822039317e-20,-4.846572415347089e-12,1.4731961231722012e-17,-4.846573783935495e-12,7.675543632172915e-20,-4.846573795177516e-12,5.163217801982071e-20,-4.8465723813241974e-12,-4.8465743463098775e-12,-8.013445227283756e-20,-4.8465737934105615e-12,-9.664460750994359e-09,6.582186943544243e-20,-4.846573796268509e-12,1.8414770455739078e-20,-2.386105749113035e-19,-7.981651270903508e-20,-4.846573692824345e-12,-4.8465723875228135e-12,-1.1797613932267352e-19,8.180201812699208e-20,1.697605891770845e-17,-4.846573790713414e-12,-4.846573653141026e-12,-4.846571704761831e-12,-4.561947539640134e-21,1.017632595093267e-20,9.592134385726403e-21,2.736894429851814e-20,8.719422796348549e-20,-9.94950695119783e-20,-4.846574074126028e-12,-4.8465723875228135e-12,-1.0871965091413808e-19,-6.042066990157364e-20,-7.073419677827417e-20,-4.846572368329364e-12,-4.8465733723527174e-12,-4.846573415010474e-12,-4.84657378940854e-12,-4.8465718694628626e-12,-4.846573685953847e-12,-4.8465737917039e-12,-1.373678825107811e-19,4.4960347492377897e-20,-4.8465738155447595e-12,1.7692445628302468e-19,1.085171765875316e-19,-4.846573567174655e-12,-2.512622460520776e-20,1.3822585340896908e-19
-9.855408387520493e-08,-1.7019091290411066e-19,-4.9231067139451796e-12,3.2183229006976717e-21,-4.92310606836815e-12,8.39702685494032e-20,4.441042858760472e-20,-8.694522054674945e-20,1.976480481009145e-21,-4.923106717023921e-12,-4.923106278497465e-12,-4.9231071278847855e-12,-4.923106723287194e-12,4.1058131082036416e-20,-3.37751442962681e-20,1.2782514118131465e-19,1.0598726871414838e-19,-1.47901533737247e-06,-4.923105132203457e-12,-4.92310628436339e-12,2.1563685179495899e-19,7.261206784863206e-20,-4.9231067139451796e-12,2.004866134677082e-19,-4.923106684682458e-12,-4.923106592412837e-12,-1.9182696943686953e-20,-9.92386153420262e-20,8.863787197690772e-20,1.308568296437994e-19,7.16982924062036e-20,-7.161095183627751e-20,-4.9231069643462856e-12,4.9245466643756756e-20,3.893200980672921e-20,-2.636602425302511e-19,-5.801137459649342e-20,1.1470653043136359e-19,-4.923106714359591e-12,-4.923105064951363e-12,-1.4835131840866575e-19,-4.9231053076133786e-12,8.501802401653513e-20,-4.923106720227794e-12,1.2926993643761546e-19,-4.923106714359591e-12,1.1245575247378726e-19,-4.9231052730447624e-12,-4.923107266836103e-12,-8.710535118802755e-20,-4.9231067139451796e-12,-9.817073588470973e-09,1.6877528747400163e-19,-4.92310670101865e-12,-3.275191486190185e-20,-8.312598390552788e-20,-2.183254644567328e-19,-4.923106597724561e-12,-4.923105261345614e-12,-1.805962951638541e-19,1.8740194979332637e-20,1.8683485294658608e-19,-4.9231067254604215e-12,-4.923106558881365e-12,-4.923104587478765e-12,3.089383202330251e-20,-2.1142330041750505e-21,1.243975743823171e-19,-2.9852120997571626e-20,-1.4835131840866575e-19,1.266395244890638e-19,-4.923106995178198e-12,-4.923105266251142e-12,2.995497623220019e-20,1.5375038961709035e-19,-2.27051614896669e-19,-4.923105266251142e-12,-4.923106281273097e-12,-4.923106327845359e-12,-4.923106718649587e-12,-4.923104765101955e-12,-4.923106607134606e-12,-4.923106714012377e-12,7.911894843835113e-20,2.754783773923442e-19,-4.923106706303326e-12,3.390499371490897e-19,-9.92386153420262e-20,-4.923106480532759e-12,-8.145690718097298e-20,1.4255023725590168e-17
1.0000050107131255,-4.832385597194285e-12,1.0000084846440302,-4.946152221371224e-12,1.000008350392727,-4.822676427677366e-12,-4.546493204627824e-12,-4.997342678802093e-12,-4.8179039701436874e-12,1.0000084846440287,1.0000083942738451,1.0000085710385545,1.0000084846440305,-5.133175951012578e-12,-4.789477189919907e-12,-5.096968095517663e-12,-4.846572256614578e-12,-4.923105132203457e-12,1.0000066796664449,1.0000083942738425,-4.905397284653408e-12,-4.946152623733396e-12,1.000008484644028,-4.680673905693122e-12,1.0000084787999064,1.0000084550639194,-4.9187025036172445e-12,-4.546493300465517e-12,-4.893281470330852e-12,-4.889073783206423e-12,-4.528828286573908e-12,-1.0611550867588893e-08,1.000008534822787,-4.923105773069354e-12,-4.435269153554887e-12,-4.907632578843403e-12,-4.520245434071168e-12,-4.850944618622791e-12,1.0000084846440271,1.0000081452328529,-4.845143580080274e-12,1.0000081908495533,-1.2835766926312093e-08,1.0000084846440336,-1.6836952807958585e-08,1.0000084846440287,-5.069369021468707e-12,1.0000081824654488,1.0000086005556972,-1.671077111689067e-08,1.0000084846440287,1.000007799562972,-4.911481824445823e-12,1.0000084846440296,-5.055673664125647e-12,-4.996813352338451e-12,-4.973231760903696e-12,1.000008461567863,1.0000081824654523,-5.0337607001722456e-12,-4.8705074047991344e-12,-4.7755230566865056e-12,1.0000084846440291,1.0000084511657,1.000008041806939,-5.064154531259367e-12,-4.499770570609173e-12,-5.710832582463357e-12,-4.893074034314991e-12,-4.845143766156848e-12,-5.253000544781562e-12,1.0000085418537739,1.0000081824654514,-4.856349972230771e-12,-4.787947474024552e-12,-4.8114530994648346e-12,1.0000081824654508,1.0000083942738471,1.0000084041627744,1.0000084846440314,1.000008079319635,1.0000084608386053,1.0000084846440283,-5.240288829664268e-12,-5.459261170892847e-12,1.0000084846440307,-4.893775735991198e-12,-4.5464934393604555e-12,1.0000084366359745,-4.840786460547535e-12,-1.165933562074945e-08
