1.0000000113846066,9.688918436002099e-08,8.826521561104159e-08,7.783198173491333e-08,7.746121659720832e-08,1.2672487722968023e-07,1.000015716507122,7.381680761201363e-08,1.2308110542621176e-07,1.1885910897241794e-07,1.1008244174192322e-07,1.00001571650712,7.884015752237759e-08,1.5975011988987018e-07,1.0000157165071286,1.0000155707961946,1.2672487724107605e-07,7.884015557456241e-08,9.624661607987339e-08,1.242923697758026e-07,8.987527419140829e-08,1.0000157451939031,6.632522462558193e-08,1.1744100080772593e-07,1.1326761893501001e-07,1.2162782226101378e-07,1.1744100080772593e-07,9.624661607986966e-08,1.1582648802238709e-07,1.2672487724107002e-07,1.4488149455584806e-07,8.73984450292878e-08,1.0000155707961984,9.360769020548949e-08,1.1744100115210766e-07,1.0000157165071295,1.1885911578044452e-07,1.1869228394423776e-07,1.0000142496008972,3.734427166998397e-08,1.1008244206101992e-07,1.1675773825104725e-07,1.1744100098116338e-07,9.554310978534009e-08,1.0000152065091534,7.270847501128605e-08,8.352112552715017e-08,1.000015745193904,1.5628177962606983e-07,7.270847310220833e-08,6.081342796349258e-08,1.267248748098617e-07,1.1008244174192322e-07,1.0000157451939045,1.2314434913243564e-07,1.000015745193902,1.0000157451939036,1.326873189330586e-07,1.0000157451939067,1.8028603780841757e-07,7.366739682632804e-08,3.7344271598757417e-08,1.2672487724107002e-07,1.0000157165071275,1.228140951737262e-07,6.081343136727297e-08
9.688918436002099e-08,1.5248993188382295e-07,-3.414059422837391e-12,-2.069443040846522e-13,2.2992156515395097e-13,-1.5117570146602998e-15,-5.682066852689967e-11,1.0668957070787993e-14,2.0269932385776457e-14,-8.1733078716734e-14,-6.997137189431315e-14,-5.682066837823915e-11,-7.726289462133412e-15,3.9146009929564075e-14,-5.682066852689967e-11,-5.6809300155234115e-11,-1.5117570146602998e-15,-7.726289462133412e-15,-1.6645722548740123e-11,5.72638178590305e-14,-2.2434836483205473e-13,-5.681819172334308e-11,8.277895018563891e-11,-4.071960688100378e-14,-6.125671163746758e-14,-1.42999402319519e-14,-4.071960688100378e-14,-1.6645722548767158e-11,-7.664849549373205e-14,-1.5117570146602998e-15,-7.21042897047834e-15,-3.003726664763451e-14,-5.680930006771488e-11,-5.420641017439115e-12,-4.071960688100378e-14,-5.6820668525753854e-11,-8.173295610354152e-14,4.4462510592128616e-14,-1.1320339993309385e-07,4.966277687133565e-14,-6.997119293650885e-14,-1.4659032165616158e-14,-4.072000844130789e-14,2.862926708905705e-14,-5.683255374903364e-11,1.9783576131497877e-14,1.272306080988181e-13,-5.681819167059336e-11,4.642402408605602e-14,1.978398396761392e-14,9.105335036098235e-14,-1.5117570146602998e-15,-6.997157242611516e-14,-5.6818191778795316e-11,1.3511115646695749e-15,-5.681819167059336e-11,-5.681819167059336e-11,-7.041147499657944e-15,-5.681819172334308e-11,-5.4995182838220653e-14,-1.9083116162222257e-15,4.966305697771579e-14,-1.5114694686033837e-15,-5.682066843619212e-11,-2.5992065029393843e-14,9.105332196816702e-14
8.826521561104159e-08,-3.414059422837391e-12,1.5249893048088877e-07,-6.954960327966329e-14,7.726901472811712e-14,-5.109351233906466e-16,-6.116608667940571e-11,3.585416689815846e-15,6.809393594120424e-15,-2.747078731394422e-14,-2.351760612113571e-14,-6.116608671843415e-11,-2.5977078546198946e-15,2.6184656431379565e-11,-6.116608653639495e-11,-6.116226109852865e-11,-5.108491449349319e-16,-2.597920189854495e-15,-5.597358703454704e-12,1.924213667089006e-14,-7.53985471888974e-14,-6.116525514806772e-11,1.397159058634411e-14,-1.368739818509497e-14,-2.0588810165574845e-14,-4.808839705875219e-15,-1.3687480984569048e-14,-5.5973587034840645e-12,-2.5762070037881655e-14,-5.108491449349319e-16,-2.4266161891085906e-15,-1.009642883077527e-14,-6.116226109852865e-11,-1.8246729237582377e-12,-1.368739818509497e-14,-6.116608644077488e-11,-2.7470465099112895e-14,1.4940114652852774e-14,-1.2182734918119016e-07,1.668971193226475e-14,-2.351714645579724e-14,-4.9288217720505784e-15,-1.368764005383023e-14,9.614583021123153e-15,-6.117006356490051e-11,6.648877748171386e-15,4.275749456913509e-14,-6.11652550411467e-11,1.559717053052979e-14,6.648877748171386e-15,3.0600332470396654e-14,-5.110239997697325e-16,-2.351760612113571e-14,-6.11652550411467e-11,4.513703009765171e-16,-6.11652550411467e-11,-6.116525514806772e-11,-2.369220360695837e-15,-6.11652550411467e-11,-3.680800285890458e-11,-6.423004252194173e-16,1.668971193226475e-14,-5.108491449349319e-16,-6.116608653654874e-11,-8.737967503777996e-15,3.060045340020011e-14
7.783198173491333e-08,-2.069443040846522e-13,-6.954960327966329e-14,1.3576731963640925e-07,9.339788087270245e-12,-6.121299425910592e-14,-6.549273675422058e-11,4.334664880978178e-13,8.235737023782794e-13,-6.609867620108766e-09,-2.8421628672467983e-12,-6.549273682729263e-11,-3.137355179438194e-13,3.1664895132240626e-09,-6.549273663357783e-11,-6.503120770281485e-11,-6.121299414773825e-14,-3.137355179438194e-13,-3.394935379536367e-13,4.631618716175015e-09,-1.814411541075173e-08,-6.539207752333347e-11,3.3627574734720854e-09,-1.6539148860396823e-12,-2.488164346707256e-12,-1.156155191494623e-09,-1.653914923300759e-12,-3.394934356283528e-13,-3.1133841135940754e-12,-6.121299414773825e-14,-2.926597578265167e-13,-2.4290459048525686e-09,-6.503120770281485e-11,-1.104789500529519e-13,-1.6539148860396823e-12,-6.549273682502988e-11,-6.609867620108599e-09,1.8062917207080063e-12,-1.3226064380607056e-07,2.017425464351097e-12,-2.8421628672467983e-12,-5.953033305953847e-13,-1.6539148860396823e-12,2.3162505585967664e-09,-1.3139229348285647e-07,8.037166427416253e-13,5.168348537646622e-12,-6.539207752333347e-11,1.88607733266478e-12,8.03717017670841e-13,3.698736738440119e-12,-6.121347483454526e-14,-2.8421628672467983e-12,-6.539207769265638e-11,5.5068065200070146e-14,-6.539207769265638e-11,-6.53920776925705e-11,-5.690379686037788e-10,-6.53920776925705e-11,-4.447155967555947e-09,-7.7395811047309e-14,2.0174256684815625e-12,-6.121347483454526e-14,-6.549273682729263e-11,-2.1017749694629632e-09,3.698736738440119e-12
7.746121659720832e-08,2.2992156515395097e-13,7.726901472811712e-14,9.339788087270245e-12,1.3184425382417287e-07,6.800148512917798e-14,-6.76207515534749e-11,-4.816100617294031e-13,-1.821839711565678e-09,7.343941699782923e-09,3.15780568347472e-12,-6.762075163647757e-11,3.4857377716765033e-13,-3.518189055754755e-09,-6.762075154984963e-11,-6.813352179515863e-11,6.80014122510604e-14,3.4857374723577347e-13,3.771919928558504e-13,-5.146025674747496e-09,1.0125291161698105e-11,-6.77325928794318e-11,-1.876585566808771e-12,1.8375893527057693e-12,2.7644919557519228e-12,1.2845391635552518e-09,1.8375893527057693e-12,3.771919928558504e-13,3.459147669005973e-12,6.800130178080791e-14,3.251491738113888e-13,1.3555187006773251e-12,-6.813352167808604e-11,1.2274335854157028e-13,1.8375893527057693e-12,-6.762075163647757e-11,7.343941699783112e-09,-3.995700692424129e-09,-1.3263126390618538e-07,-2.2414827005097398e-12,3.15780568347472e-12,6.614092464246732e-13,1.837589856427226e-12,-2.5735401755967614e-09,-1.3359626590799056e-07,-8.929807602817829e-13,-1.1432867910814447e-08,-6.77325930047264e-11,-4.172204949662274e-09,-8.929807602817829e-13,-4.109519609166645e-12,6.80014122510604e-14,3.15780568347472e-12,-6.773259310264401e-11,-6.119347855418978e-14,-6.773259298935708e-11,-6.77325928794318e-11,6.322137440858742e-10,-6.773259310264401e-11,4.941022165255582e-09,8.598729803894522e-14,-2.2414827365368356e-12,6.800130178080791e-14,-6.762075154984963e-11,2.335179175012502e-09,-4.109519609166645e-12
1.2672487722968023e-07,-1.5117570146602998e-15,-5.109351233906466e-16,-6.121299425910592e-14,6.800148512917798e-14,1.5249918264812565e-07,-4.185510493115125e-11,3.151980512107772e-15,1.1927684997145145e-11,-2.417868482078576e-14,-2.0699964371637374e-14,-4.185510508562173e-11,-2.289184919370153e-15,1.1573041279155878e-14,-4.1855105001155206e-11,-4.185173999761193e-11,-8.993568921479692e-13,-2.289149016451529e-15,-2.4764997601621834e-15,1.6932724431485388e-14,-6.636046822339597e-14,-4.1854372909558166e-11,1.2293778386055966e-14,-1.2048228032726073e-14,-1.8122705790324925e-14,-4.234024407381286e-15,-1.2048228032726073e-14,-2.47680112704995e-15,-2.267502134267663e-14,-8.99356891967308e-13,-4.256116073903494e-12,-8.88832670923756e-15,-4.185173988328524e-11,-8.09159342699777e-16,-1.2048228032726073e-14,-4.185510505631697e-11,-2.417901691037369e-14,1.3146380444656103e-14,-8.33677443743441e-08,1.46852800715456e-14,-2.0699846977439167e-14,-4.34008169905904e-15,-1.2048228032726073e-14,8.458396039888095e-15,-4.185861182887731e-11,5.8484320163608386e-15,3.7628084525555535e-14,-4.1854372846290785e-11,1.372523502811054e-14,5.848150826271063e-15,2.6928782014667824e-14,-8.993568914686308e-13,-2.0699846977439167e-14,-4.1854373091267355e-11,7.866415649104513e-13,-4.1854373091267355e-11,-4.1854372846290785e-11,-2.0872949199123816e-15,-4.1854372909558166e-11,-1.6272145307153787e-14,-5.68115932785032e-16,1.46852800715456e-14,-8.993568918180489e-13,-4.185510505631697e-11,-7.69246958717763e-15,2.6928523283726528e-14
1.000015716507122,-5.682066852689967e-11,-6.116608667940571e-11,-6.549273675422058e-11,-6.76207515534749e-11,-4.185510493115125e-11,1.0000157026299534,-6.847616684024363e-11,-4.378158512647915e-11,-4.544817376938705e-11,-4.9907519587749004e-11,1.0000155501297487,-6.587201046945203e-11,-2.545274910541369e-11,1.0000155501297499,1.0000154043182643,-4.185510490146565e-11,-6.587201057723915e-11,-5.7128818642133314e-11,-4.333781213265863e-11,-5.936799254070717e-11,1.0000155787945981,-7.237533139280087e-11,-4.634256411628088e-11,-4.8346867627501675e-11,-4.4357662271912055e-11,-4.6342564187475224e-11,-5.712881838882674e-11,-4.699356018919219e-11,-4.185510492108232e-11,-3.271272856899113e-11,-6.14754369217783e-11,1.0000154043182639,-5.847897208562774e-11,-4.634256401491599e-11,1.0000155501297503,-4.5448174425182203e-11,-4.609289698390991e-11,1.0000140834238564,-8.696354447714119e-11,-4.9907519252038683e-11,-4.680150077279288e-11,-4.63425640946346e-11,-1.1480308076148127e-07,1.0000150402371364,-6.907321309082266e-11,-6.412142995946224e-11,1.000015578794599,-2.722667003948123e-11,-6.907321389616432e-11,-7.536291620552008e-11,-4.185510544419083e-11,-4.9907519656807735e-11,1.0000155787945988,-4.3665736446497054e-11,1.0000155787945972,1.0000155787945972,-3.883658430787496e-11,1.0000155787945986,-1.472250946307605e-11,-6.84952910469132e-11,-8.696354399208535e-11,-4.185510501075138e-11,1.0000155501297507,-4.371002068681266e-11,-7.536291617476388e-11
7.381680761201363e-08,1.0668957070787993e-14,3.585416689815846e-15,4.334664880978178e-13,-4.816100617294031e-13,3.151980512107772e-15,-6.847616684024363e-11,1.5245558750455435e-07,-4.247146358068136e-14,1.711891893730888e-13,1.465542160995518e-13,-6.84761668420975e-11,1.6176666273907325e-14,-1.6329370794387443e-10,-6.84761668420975e-11,-6.849995719060788e-11,3.151925292669456e-15,1.6176178414438758e-14,1.7503829598534195e-14,-1.1996018887775676e-13,4.699224907087417e-13,-6.848135910358591e-11,-8.709450427569846e-14,8.528087110045213e-14,1.282999550026901e-13,2.994015834691498e-14,8.528087110045194e-14,1.7504073891644937e-14,3.1962909230392733e-10,3.151925292669456e-15,3.003504524648482e-11,6.290925971279487e-14,-6.849995694847974e-11,5.694441371193774e-15,8.528087110045194e-14,-6.84761668420975e-11,1.711886187525247e-13,-9.31454351783175e-14,-1.3627573753987455e-07,-1.0402882561081257e-13,1.4655391795123394e-13,3.0693253516381774e-14,8.528087110045213e-14,-5.999989191788747e-14,-6.84511940508523e-11,-8.251427703485346e-11,-2.665085708770454e-13,-6.848135897346372e-11,-1.9364805014086482e-10,-8.251427703424306e-11,-1.9072575150891376e-13,3.152188673587527e-15,1.4655391795123394e-13,-6.848135897346372e-11,-2.8436019082108283e-15,-6.848135897346372e-11,-6.848135908662245e-11,1.4733497219937635e-14,-6.848135906147969e-11,2.2930289013486598e-10,3.989818213001659e-15,-1.0402813362261228e-13,3.1521702324087644e-15,-6.84761668420975e-11,1.0837093363354274e-10,-1.9072565003515369e-13
1.2308110542621176e-07,2.0269932385776457e-14,6.809393594120424e-15,8.235737023782794e-13,-1.821839711565678e-09,1.1927684997145145e-11,-4.378158512647915e-11,-4.247146358068136e-14,1.5233945750930232e-07,3.2525565228841625e-13,2.78449290424928e-13,-4.378158493445993e-11,3.0732685528773056e-14,-1.5582608099984957e-13,-4.3781584933997223e-11,-4.382679698513992e-11,1.1927684997219753e-11,3.0732473947201674e-14,3.325643377011768e-14,-2.2792127200934473e-13,8.928396706742868e-13,-4.37914477463825e-11,-1.654806965090165e-13,1.6203296036166373e-13,2.4376661888323565e-13,5.688612496102026e-14,1.6203296036166373e-13,3.325648400887732e-14,3.05021495506938e-13,1.1927684997399943e-11,5.707205653281719e-11,1.1952413949984943e-13,-4.3826796931205034e-11,1.0818861585272274e-14,1.6203292775487064e-13,-4.378158493445993e-11,3.25255357835837e-13,-1.7697345311272018e-13,-8.701150469045341e-08,-1.9765662204245571e-13,2.784491460531269e-13,5.831775317384838e-14,1.6203288075272929e-13,-2.2695607733133688e-10,-4.373417565221004e-11,-7.874597264588528e-14,-5.063616894859114e-13,-4.379144768229637e-11,-3.6791746952271447e-10,-7.874614520002691e-14,-3.623785438146956e-13,1.1927684997900235e-11,2.784491326820209e-13,-4.379144792927013e-11,-1.0753900764579932e-11,-4.3791447855588567e-11,-4.3791447776188876e-11,2.799478177980967e-14,-4.3791447855588567e-11,2.1882873282930245e-13,7.57767921524148e-15,-1.9765652335752162e-13,1.1927684997549223e-11,-4.378158496167504e-11,1.0341886176242254e-13,-3.6237872342627307e-13
1.1885910897241794e-07,-8.1733078716734e-14,-2.747078731394422e-14,-6.609867620108766e-09,7.343941699782923e-09,-2.417868482078576e-14,-4.544817376938705e-11,1.711891893730888e-13,3.2525565228841625e-13,1.4989018483751424e-07,-1.1224765298133122e-12,-4.5448174093956293e-11,-1.2390874098638264e-13,6.281115330816407e-13,-4.5448174093956293e-11,-4.526589727655402e-11,-2.417868482057881e-14,-1.2390872678558236e-13,-1.340814710397545e-13,9.187400016809582e-13,-7.165775271065969e-09,-4.540842035809088e-11,6.670449600569997e-13,-6.53194501743237e-13,-9.826700023469876e-13,-2.293424251566294e-13,-6.531944445149484e-13,-1.340814710397545e-13,-1.2295916814716991e-12,-2.417868482057881e-14,-1.1558597142658106e-13,-4.818369106861792e-13,-4.526589727655402e-11,-4.363517742102186e-14,-6.531944705321328e-13,-4.5448174050147916e-11,-2.610483549427953e-09,7.133668874939509e-13,-9.123351799970591e-08,7.967518440192436e-13,-1.1224765093790854e-12,-2.3511052527205825e-13,-6.531945130726319e-13,9.147564535197221e-10,-4.563920148824871e-11,3.174145128687021e-13,4.063907178527805e-09,-4.5408420302451043e-11,7.448751782167662e-13,3.1741451286863815e-13,1.4607624306922267e-12,-2.4178872071254712e-14,-1.1224765000085934e-12,-4.5408420302451043e-11,2.174451911630317e-14,-4.540842040315163e-11,-4.540842028708946e-11,-2.2474132734168374e-10,-4.540842028708946e-11,-8.821575967629664e-13,-3.0569462490989355e-14,7.967518440192436e-13,-2.417868482057881e-14,-4.5448174050147916e-11,-8.300744005358857e-10,1.4607624306922267e-12
1.1008244174192322e-07,-6.997137189431315e-14,-2.351760612113571e-14,-2.8421628672467983e-12,3.15780568347472e-12,-2.0699964371637374e-14,-4.9907519587749004e-11,1.465542160995518e-13,2.78449290424928e-13,-1.1224765298133122e-12,1.5058729461429824e-07,-4.990751951742915e-11,-1.060778621776585e-13,1.0705898571367244e-09,-4.990751957690006e-11,-4.9751472145054585e-11,-2.069971650805138e-14,-1.0607769092137361e-13,-1.1478674939669551e-13,7.865278135246381e-13,-3.0811963652060614e-12,-4.98734869050435e-11,5.710533560740809e-13,-5.591966813428624e-13,-1.6749239488085132e-09,-3.9090627119752103e-10,-5.591966844414781e-13,-1.1478674939669551e-13,-2.095793006245897e-09,-2.069971650805138e-14,-9.895300579045037e-14,-4.124982180719647e-13,-4.97514723366476e-11,-3.7356003079344556e-14,-5.591966844414781e-13,-4.990751948392426e-11,-1.1224764309482839e-12,6.107090430540455e-13,-1.0001017785600653e-07,6.820950813150389e-13,-1.9132190622545412e-09,-2.01276795873534e-13,-5.591966844414781e-13,3.9333291792830387e-13,-5.0071052451861563e-11,2.7173669453661344e-13,1.747430630451541e-12,-4.9873487009702584e-11,1.2696097599350528e-09,2.717366945366071e-13,1.2505514729991367e-12,-2.0700147583966337e-14,-1.913219062254307e-09,-4.98734869050435e-11,1.8615082638861108e-14,-4.987348663666517e-11,-4.987348667394047e-11,-9.663660055925274e-14,-4.98734869050435e-11,-1.5036060497477491e-09,-2.6170461438876485e-14,6.820951325875702e-13,-2.069993617909459e-14,-4.9907519512301033e-11,-3.5692255282475814e-13,1.2505510613054043e-12
1.00001571650712,-5.682066837823915e-11,-6.116608671843415e-11,-6.549273682729263e-11,-6.762075163647757e-11,-4.185510508562173e-11,1.0000155501297487,-6.84761668420975e-11,-4.378158493445993e-11,-4.5448174093956293e-11,-4.990751951742915e-11,1.0000157026299488,-6.587201048906778e-11,-2.5452749176549427e-11,1.000015550129748,1.000015404318262,-4.185510490212644e-11,-6.587201048857277e-11,-5.7128818560335045e-11,-4.333781189655872e-11,-5.936799267177397e-11,1.0000155787945986,-7.237533138935994e-11,-4.634256404609731e-11,-4.834686777330135e-11,-4.435766222765283e-11,-4.634256426666355e-11,-5.712881825464102e-11,-4.6993560141503135e-11,-4.185510489207877e-11,-3.2712728540801883e-11,-6.147543697985742e-11,1.0000154043182625,-5.847897208562774e-11,-4.634256396702673e-11,1.0000155501297492,-4.544817455309692e-11,-4.609289698390991e-11,1.0000140834238564,-8.696354449808613e-11,-4.990751918542495e-11,-4.680150077279288e-11,-4.634256424502297e-11,-1.1480308076148049e-07,1.0000150402371355,-6.907321310600529e-11,-6.412142995418444e-11,1.0000155787945981,-2.722667003948123e-11,-6.90732138397255e-11,-7.536291605375305e-11,-4.185510549697167e-11,-4.9907519656807735e-11,1.0000155787945981,-4.366573614105913e-11,1.0000155787945963,1.000015578794596,-3.88365842219379e-11,1.0000155787945972,-1.4722509500343328e-11,-6.84952910469132e-11,-8.696354415368795e-11,-4.185510518846091e-11,1.0000155501297492,-4.3710020561011814e-11,-7.536291610393363e-11
7.884015752237759e-08,-7.726289462133412e-15,-2.5977078546198946e-15,-3.137355179438194e-13,3.4857377716765033e-13,-2.289184919370153e-15,-6.587201046945203e-11,1.6176666273907325e-14,3.0732685528773056e-14,-1.2390874098638264e-13,-1.060778621776585e-13,-6.587201048906778e-11,1.5247676892461103e-07,5.935046090286909e-14,-6.587201051253726e-11,-6.585477760393661e-11,-2.289167110317975e-15,-2.3317432439842877e-11,-1.2673613063749498e-14,8.681696560499087e-14,-3.4012103079244857e-13,-6.586825530475235e-11,6.303403912144766e-14,-6.173077257051933e-14,-9.286605199433025e-14,-2.1676811567762103e-14,-6.173098469951461e-14,-1.2673384444624491e-14,-1.1620091275126777e-13,-2.2891498301089348e-15,-1.0928470615352206e-14,-9.066196729735918e-11,-6.585477786377353e-11,-4.12592007973775e-15,-6.173115412845498e-14,-6.587201046508119e-11,-1.2390874098638264e-13,6.740964356026048e-14,-1.312524044319501e-07,7.529300138931364e-14,-1.0607775995008681e-13,-2.2221869260725206e-14,-6.173098469951461e-14,4.3408233307429524e-14,-1.3122009209017867e-07,2.999470751113022e-14,1.928889779222187e-13,-6.586825530475235e-11,1.4013305206944982e-10,2.999496472732867e-14,1.3804241621055488e-13,-2.2891498301089348e-15,-1.0607775995008681e-13,-6.586825506903185e-11,2.0507808416847986e-15,-6.586825479055187e-11,-6.586825530475235e-11,-1.0671801409728647e-14,-6.586825486594742e-11,-8.337173842433092e-14,-5.755260330509371e-12,7.52927895352327e-14,-2.2891498301089348e-15,-6.587201048992766e-11,-3.940288683547031e-14,1.3804241621055488e-13
1.5975011988987018e-07,3.9146009929564075e-14,2.6184656431379565e-11,3.1664895132240626e-09,-3.518189055754755e-09,1.1573041279155878e-14,-2.545274910541369e-11,-1.6329370794387443e-10,-1.5582608099984957e-13,6.281115330816407e-13,1.0705898571367244e-09,-2.5452749176549427e-11,5.935046090286909e-14,1.519011029977978e-07,-2.545274910541369e-11,-2.554006554677819e-11,1.157297280525078e-14,5.93504682874393e-14,6.422414382312176e-14,-8.763058746512412e-10,1.7241829740229076e-12,-2.5471793992726593e-11,-3.195616989987132e-13,3.129082393705398e-13,9.37243271691098e-10,2.1872525536404993e-10,3.1290824770726883e-13,6.422413566991951e-14,1.1727548711938322e-09,1.1572932765500526e-14,1.1022297374690533e-10,2.3081832378577925e-13,-2.5540065497904033e-11,4.160172372286939e-11,3.129083614901325e-13,-2.5452749185146066e-11,6.281114553368378e-13,-6.804222291932195e-10,-5.034253290520992e-08,-3.8169850825315616e-13,1.070589857136861e-09,2.2422702259958924e-10,3.129082393705398e-13,-4.3826108381679275e-10,-2.536122048517307e-11,-3.0276210581861957e-10,-9.778438709356665e-13,-2.5471793960548938e-11,-7.104804810961519e-10,-3.0276210581810656e-10,-6.99796789096014e-13,1.1573041279155878e-14,1.0705898571370397e-09,-2.5471793971831533e-11,-2.0759685938000982e-11,-2.5471793914679017e-11,-2.547179397808059e-11,1.0764352802709582e-10,-2.5471793960548938e-11,8.413691887203897e-10,2.9139490037146224e-11,-3.8169853233141616e-13,1.1573015342137292e-14,-2.5452749176549427e-11,3.976338474102209e-10,-6.997967705784712e-13
1.0000157165071286,-5.682066852689967e-11,-6.116608653639495e-11,-6.549273663357783e-11,-6.762075154984963e-11,-4.1855105001155206e-11,1.0000155501297499,-6.84761668420975e-11,-4.3781584933997223e-11,-4.5448174093956293e-11,-4.990751957690006e-11,1.000015550129748,-6.587201051253726e-11,-2.545274910541369e-11,1.0000157026299514,1.0000154043182643,-4.1855104917734183e-11,-6.587201050915975e-11,-5.7128818418604084e-11,-4.333781189940479e-11,-5.936799267177397e-11,1.000015578794599,-7.237533140237803e-11,-4.6342563956928355e-11,-4.834686777330135e-11,-4.4357662271912055e-11,-4.634256426666355e-11,-5.7128818441331214e-11,-4.69935602911331e-11,-4.185510494296049e-11,-3.2712728540801883e-11,-6.147543702241217e-11,1.0000154043182627,-5.847897223906984e-11,-4.634256401491599e-11,1.0000155501297507,-4.5448174485061795e-11,-4.609289702602827e-11,1.0000140834238571,-8.696354453401578e-11,-4.990751940228381e-11,-4.680150077279288e-11,-4.63425640946346e-11,-1.1480308076148133e-07,1.0000150402371362,-6.907321310656908e-11,-6.41214298894834e-11,1.0000155787945988,-2.7226670035549337e-11,-6.907321385154946e-11,-7.536291605375305e-11,-4.185510549697167e-11,-4.990751971870626e-11,1.0000155787945986,-4.3665736126285163e-11,1.0000155787945977,1.0000155787945972,-3.883658430787496e-11,1.0000155787945981,-1.4722509459050895e-11,-6.849529106602128e-11,-8.696354399208535e-11,-4.185510519553017e-11,1.000015550129751,-4.371002081782252e-11,-7.536291617476388e-11
1.0000155707961946,-5.6809300155234115e-11,-6.116226109852865e-11,-6.503120770281485e-11,-6.813352179515863e-11,-4.185173999761193e-11,1.0000154043182643,-6.849995719060788e-11,-4.382679698513992e-11,-4.526589727655402e-11,-4.9751472145054585e-11,1.000015404318262,-6.585477760393661e-11,-2.554006554677819e-11,1.0000154043182643,1.000015410956561,-4.185173998062361e-11,-6.585477768117307e-11,-5.7110173027067644e-11,-4.346552803512232e-11,-5.886764856963256e-11,1.0000154329721076,-7.246805308227192e-11,-4.625175526203111e-11,-4.821025592932512e-11,-4.432577605689834e-11,-4.6251755486703864e-11,-5.711017296629989e-11,-4.6822622531791974e-11,-4.185173999551044e-11,-3.269665785518985e-11,-6.140844726015444e-11,1.0000152584563504,-5.847290008550332e-11,-4.6251754934826104e-11,1.0000154043182652,-4.526589795112846e-11,-4.619206227349521e-11,1.0000139377131367,-1.7340847565385524e-07,-4.975147207371148e-11,-4.676881205840538e-11,-4.6251755262088895e-11,-5.771038853926511e-11,1.0000148944786005,-6.911733060350075e-11,-6.440517816884877e-11,1.0000154329721065,-2.7330218907112488e-11,-6.91173316012577e-11,-7.5565977024586e-11,-4.185174068426697e-11,-4.9751472436824303e-11,1.0000154329721058,-4.3668755181814714e-11,1.0000154329721043,1.0000154329721043,-3.8820889062025276e-11,1.0000154329721043,-1.459987605272348e-11,-6.849103407597515e-11,-1.7340847458056711e-07,-4.185174018160982e-11,1.0000154043182636,-4.365205831179518e-11,-7.556597707451895e-11
1.2672487724107605e-07,-1.5117570146602998e-15,-5.108491449349319e-16,-6.121299414773825e-14,6.80014122510604e-14,-8.993568921479692e-13,-4.185510490146565e-11,3.151925292669456e-15,1.1927684997219753e-11,-2.417868482057881e-14,-2.069971650805138e-14,-4.185510490212644e-11,-2.289167110317975e-15,1.157297280525078e-14,-4.1855104917734183e-11,-4.185173998062361e-11,1.5249918264812565e-07,-2.289327803750215e-15,-2.47687592590126e-15,1.6932693024881974e-14,-6.636046822339597e-14,-4.185437283181735e-11,1.2294026877764846e-14,-1.2048228032726073e-14,-1.8122658392559767e-14,-4.234011875481256e-15,-1.204833801005862e-14,-2.4764997601621834e-15,-2.267492316684125e-14,-8.99356891893328e-13,-4.256116073821435e-12,-8.888426798438028e-15,-4.1851740046701595e-11,-8.093495958800793e-16,-1.2048228032726073e-14,-4.185510490212644e-11,-2.417868482078576e-14,1.3146443182901944e-14,-8.336774422525258e-08,1.468568271590226e-14,-2.0699846977439167e-14,-4.3400969139754024e-15,-1.2048224146317656e-14,8.458493595461348e-15,-4.185861172375592e-11,5.848430500167189e-15,3.762833431566543e-14,-4.185437281636772e-11,1.3725091768259268e-14,5.8484320163608386e-15,2.6928782014667824e-14,-8.993568913946535e-13,-2.069993617909459e-14,-4.185437281636772e-11,7.866415649830519e-13,-4.1854372699445495e-11,-4.1854372780367314e-11,-2.0873499403085333e-15,-4.1854372780367314e-11,-1.6272154596819543e-14,-5.68115932785032e-16,1.4685642914275533e-14,-8.993568917440696e-13,-4.1855105017636056e-11,-7.692317425104564e-15,2.6928782014667824e-14
7.884015557456241e-08,-7.726289462133412e-15,-2.597920189854495e-15,-3.137355179438194e-13,3.4857374723577347e-13,-2.289149016451529e-15,-6.587201057723915e-11,1.6176178414438758e-14,3.0732473947201674e-14,-1.2390872678558236e-13,-1.0607769092137361e-13,-6.587201048857277e-11,-2.3317432439842877e-11,5.93504682874393e-14,-6.587201050915975e-11,-6.585477768117307e-11,-2.289327803750215e-15,1.5247676892461103e-07,-1.2673168032550553e-14,8.681706452064174e-14,-3.401210278996491e-13,-6.58682549115884e-11,6.303419831099275e-14,-6.173115412845498e-14,-9.286605199433025e-14,-2.1676846147600292e-14,-6.173083597691556e-14,-1.2673168032550553e-14,-1.1620076973233957e-13,-2.289149016451529e-15,-1.0928354412051733e-14,-9.066196729743281e-11,-6.585477798755249e-11,-4.12592007973775e-15,-6.173098469951461e-14,-6.587201057838994e-11,-1.2390872678558236e-13,6.740963571976497e-14,-1.3125240456830643e-07,7.52926284554873e-14,-1.0607775995008681e-13,-2.222167163598032e-14,-6.173098469951461e-14,4.340810121000501e-14,-1.3122009222653483e-07,2.999496472732867e-14,1.9288891618323277e-13,-6.586825533008726e-11,1.4013305206937521e-10,2.999467777011508e-14,1.3804229937350757e-13,-2.289149016451529e-15,-1.0607769092137361e-13,-6.586825533008726e-11,2.0507808416847986e-15,-6.58682550469864e-11,-6.586825502809851e-11,-1.0671954305049117e-14,-6.58682549115884e-11,-8.337174850429342e-14,-5.7552603305760314e-12,7.529298706954896e-14,-2.2891507527745816e-15,-6.587201063347271e-11,-3.940296850204565e-14,1.3804207555433319e-13
9.624661607987339e-08,-1.6645722548740123e-11,-5.597358703454704e-12,-3.394935379536367e-13,3.771919928558504e-13,-2.4764997601621834e-15,-5.7128818642133314e-11,1.7503829598534195e-14,3.325643377011768e-14,-1.340814710397545e-13,-1.1478674939669551e-13,-5.7128818560335045e-11,-1.2673613063749498e-14,6.422414382312176e-14,-5.7128818418604084e-11,-5.7110173027067644e-11,-2.47687592590126e-15,-1.2673168032550553e-14,1.5247278231009097e-07,9.394526662574666e-14,-3.680455765504275e-13,-5.712475471654869e-11,6.820975853367182e-14,-6.679855436418277e-14,-1.0049013229546188e-13,-2.345630168656511e-14,-6.67988323957416e-14,-2.7303565534735697e-11,-1.257402174367274e-13,-2.4767840683999334e-15,-1.1824894725751474e-14,-4.927500223714807e-14,-5.711017310524959e-11,-8.88884719321458e-12,-6.679889201669794e-14,-5.7128818480701037e-11,-1.3408127626370307e-13,7.294417318132089e-14,-1.138459662176743e-07,8.147374493852598e-14,-1.1478658607175858e-13,-2.4045915934056443e-14,-6.679874854051627e-14,4.697340393961342e-14,-5.714833148653661e-11,3.245660974781849e-14,2.0872497355593118e-13,-5.712475451853269e-11,7.616372607572151e-14,3.245660974781849e-14,1.4937522402969989e-13,-2.4767840683999334e-15,-1.1478674939669551e-13,-5.712475443139882e-11,2.2196815742984683e-15,-5.71247545736877e-11,-5.712475451853269e-11,-1.154734778774361e-14,-5.7124754647468694e-11,-9.021542139456853e-14,-3.1280017826632256e-15,8.147406744348264e-14,-2.4764997601621834e-15,-5.712881858080754e-11,-4.2637827287759433e-14,1.4937522402969989e-13
1.242923697758026e-07,5.72638178590305e-14,1.924213667089006e-14,4.631618716175015e-09,-5.146025674747496e-09,1.6932724431485388e-14,-4.333781213265863e-11,-1.1996018887775676e-13,-2.2792127200934473e-13,9.187400016809582e-13,7.865278135246381e-13,-4.333781189655872e-11,8.681696560499087e-14,-8.763058746512412e-10,-4.333781189940479e-11,-4.346552803512232e-11,1.6932693024881974e-14,8.681706452064174e-14,9.394526662574666e-14,1.5121861074520584e-07,2.521958420126891e-12,-4.336566959895641e-11,-9.306116118065215e-10,9.112570040531727e-10,6.885632168188593e-13,1.6069421946054295e-13,9.112570040535274e-10,9.394510119276142e-14,8.615845021504195e-13,1.693273821311406e-14,8.098150268791855e-14,3.37622081104007e-13,-4.3465528049409834e-11,6.086076516669652e-11,9.11257004053264e-10,-4.333781189655872e-11,9.187398051202141e-13,-9.952402038672861e-10,-8.580023329525211e-08,-5.58302151987635e-13,7.865278135246381e-13,3.279855496856202e-10,9.112570040533209e-10,-6.410249682414658e-10,-4.3203928005654726e-11,-2.2242343946621636e-13,-1.4302821163414292e-12,-4.336566959895641e-11,-1.039206072339377e-09,-2.2242281000590794e-13,-1.023583920299445e-12,1.6932724431485388e-14,7.865280391158958e-13,-4.3365669514911054e-11,-1.5246542712651643e-14,-4.336566947740786e-11,-4.336566968574636e-11,1.5745922782040933e-10,-4.336566947740786e-11,1.2306753262071877e-09,2.141330005361968e-14,-5.58302151987635e-13,1.6932681541261357e-14,-4.333781189940479e-11,2.921315292802127e-13,-1.023583920299445e-12
8.987527419140829e-08,-2.2434836483205473e-13,-7.53985471888974e-14,-1.814411541075173e-08,1.0125291161698105e-11,-6.636046822339597e-14,-5.936799254070717e-11,4.699224907087417e-13,8.928396706742868e-13,-7.165775271065969e-09,-3.0811963652060614e-12,-5.936799267177397e-11,-3.4012103079244857e-13,1.7241829740229076e-12,-5.936799267177397e-11,-5.886764856963256e-11,-6.636046822339597e-14,-3.401210278996491e-13,-3.680455765504275e-13,2.521958420126891e-12,1.3283441337361972e-07,-5.925886748921289e-11,1.831051832975056e-12,-1.7930132634061215e-12,-5.370504212704151e-09,-6.295361861081697e-13,-1.7930131706706805e-12,-3.680456113399932e-13,-3.375227987541414e-12,-6.636046822339597e-14,-3.1727183220018613e-13,-1.3226368792655203e-12,-5.886764858034572e-11,-2.384583746412139e-10,-1.7930130893369975e-12,-5.936799254070717e-11,-7.165775271065774e-09,1.958207122390069e-12,-1.2021735785570378e-07,2.187097484769386e-12,-3.081196306787759e-12,-6.453692776169024e-13,-1.7930132634061215e-12,2.511057934974168e-09,-5.989238722587278e-11,8.713117734568506e-13,5.603021995810699e-12,-5.925886738283756e-11,2.0447024356985256e-12,8.713117734568506e-13,4.009811665445167e-12,-6.636046822339597e-14,-3.08119614116927e-12,-5.925886736867247e-11,5.970035281046887e-14,-5.925886744074318e-11,-5.925886736867247e-11,-6.16893895415745e-10,-5.925886747902863e-11,-2.4215143661266804e-12,-8.390470453464758e-14,2.1870974097255247e-12,-6.636046822339597e-14,-5.936799235941601e-11,-2.2785387689382673e-09,4.009811665445167e-12
1.0000157451939031,-5.681819172334308e-11,-6.116525514806772e-11,-6.539207752333347e-11,-6.77325928794318e-11,-4.1854372909558166e-11,1.0000155787945981,-6.848135910358591e-11,-4.37914477463825e-11,-4.540842035809088e-11,-4.98734869050435e-11,1.0000155787945986,-6.586825530475235e-11,-2.5471793992726593e-11,1.000015578794599,1.0000154329721076,-4.185437283181735e-11,-6.58682549115884e-11,-5.712475471654869e-11,-4.336566959895641e-11,-5.925886748921289e-11,1.0000157599572612,-7.23955579034241e-11,-4.632276023219239e-11,-4.831707388078752e-11,-4.4350709569138444e-11,-4.632276017335734e-11,-5.712475451635876e-11,-4.695628009402423e-11,-4.185437294228316e-11,-3.270922450961097e-11,-6.146082899205408e-11,1.0000154329721067,-5.847765069144749e-11,-4.632276019079892e-11,1.0000155787945992,-4.540842086565613e-11,-4.6114527380697727e-11,1.0000141121105988,-8.698770431801694e-11,-4.987348663981607e-11,-4.679437353466675e-11,-4.632276035587031e-11,-5.766045328606977e-11,1.0000150689135061,-6.908283888728479e-11,-6.418332050408789e-11,1.00001560745705,-2.72492555463199e-11,-6.908283954093201e-11,-7.540720876368939e-11,-4.185437353758255e-11,-4.987348702785511e-11,1.0000156074570496,-4.366639661051407e-11,1.0000156074570483,1.0000156074570483,-3.883316260551095e-11,1.0000156074570488,-1.4695762804937397e-11,-6.849436600339025e-11,-8.698770352069126e-11,-4.185437318480454e-11,1.000015578794601,-4.369738077993056e-11,-7.540720882729482e-11
6.632522462558193e-08,8.277895018563891e-11,1.397159058634411e-14,3.3627574734720854e-09,-1.876585566808771e-12,1.2293778386055966e-14,-7.237533139280087e-11,-8.709450427569846e-14,-1.654806965090165e-13,6.670449600569997e-13,5.710533560740809e-13,-7.237533138935994e-11,6.303403912144766e-14,-3.195616989987132e-13,-7.237533140237803e-11,-7.246805308227192e-11,1.2294026877764846e-14,6.303419831099275e-14,6.820975853367182e-14,-9.306116118065215e-10,1.831051832975056e-12,-7.23955579034241e-11,1.5182457597947385e-07,3.3230576587729857e-13,9.953410472002748e-10,1.1667063435120223e-13,3.323060194096961e-13,6.820983411965251e-14,6.25547682900965e-13,1.2293778386055966e-14,5.879500059652858e-14,4.880463138906541e-10,-7.246805307947667e-11,2.2195255744194574e-14,3.3230618632276987e-13,-7.237533138935994e-11,6.670448835805434e-13,-3.629314628945139e-13,-1.437673068324909e-07,-4.0534847454651733e-13,5.710532422902713e-13,1.1960614051101127e-13,3.3230576587729857e-13,-4.6541503746189913e-10,-1.439419104150929e-07,-1.6148669203398856e-13,-1.0384446236248607e-12,-7.239555796938443e-11,-7.5451140433601e-10,-1.6148618314567733e-13,-1.4796186276636825e-09,1.2293778386055966e-14,5.710534374151981e-13,-7.239555796938443e-11,-1.1069615280429204e-14,-7.239555792545416e-11,-7.239555807797909e-11,1.1432153263066259e-10,-7.239555803834282e-11,4.4878502781760285e-13,1.5549117059563538e-14,-4.0534847454651733e-13,1.2294026877764846e-14,-7.237533140237803e-11,2.1210061529281903e-13,-1.4796186276637014e-09
1.1744100080772593e-07,-4.071960688100378e-14,-1.368739818509497e-14,-1.6539148860396823e-12,1.8375893527057693e-12,-1.2048228032726073e-14,-4.634256411628088e-11,8.528087110045213e-14,1.6203296036166373e-13,-6.53194501743237e-13,-5.591966813428624e-13,-4.634256404609731e-11,-6.173077257051933e-14,3.129082393705398e-13,-4.6342563956928355e-11,-4.625175526203111e-11,-1.2048228032726073e-14,-6.173115412845498e-14,-6.679855436418277e-14,9.112570040531727e-10,-1.7930132634061215e-12,-4.632276023219239e-11,3.3230576587729857e-13,1.5185234502176632e-07,-4.895479568060705e-13,-1.1425631378493406e-13,-6.478836257893205e-10,-6.679862186157923e-14,-6.125594908385025e-13,-1.2048187750694579e-14,-5.758564912377195e-14,-2.4004359631958236e-13,-4.625175505416566e-11,-2.1740368879918028e-14,-6.478836257896e-10,-4.634256402800565e-11,-6.531945130726319e-13,7.075555551329157e-10,-9.265161514497195e-08,3.969235262300056e-13,-5.591966813428624e-13,-2.332020996677961e-10,-6.478836257895266e-10,2.288833050093875e-13,-4.643772082571583e-11,1.5812765108105563e-13,1.0168639821689567e-12,-4.632276015165525e-11,3.7107739677917633e-13,1.5812765108105563e-13,7.277203667845011e-13,-1.204833801005862e-14,-5.591966844414781e-13,-4.6322760264302906e-11,1.0830019555925014e-14,-4.6322760073824853e-11,-4.632276015165525e-11,-5.623735652825413e-14,-4.6322760073824853e-11,-8.749861185438063e-10,-1.523090937976527e-14,3.9692360988648414e-13,-1.2048224146317656e-14,-4.634256411628088e-11,-2.0770289938570457e-13,7.277203667845011e-13
1.1326761893501001e-07,-6.125671163746758e-14,-2.0588810165574845e-14,-2.488164346707256e-12,2.7644919557519228e-12,-1.8122705790324925e-14,-4.8346867627501675e-11,1.282999550026901e-13,2.4376661888323565e-13,-9.826700023469876e-13,-1.6749239488085132e-09,-4.834686777330135e-11,-9.286605199433025e-14,9.37243271691098e-10,-4.834686777330135e-11,-4.821025592932512e-11,-1.8122658392559767e-14,-9.286605199433025e-14,-1.0049013229546188e-13,6.885632168188593e-13,-5.370504212704151e-09,-4.831707388078752e-11,9.953410472002748e-10,-4.895479568060705e-13,1.5103410173287982e-07,-3.422193210914544e-10,-4.895479436042933e-13,-1.0049019067095876e-13,-1.8347578830135638e-09,-1.8122658392559767e-14,-8.662924564219707e-14,-3.6112079112817333e-13,-4.821025602490204e-11,-3.270278928606317e-14,-4.895480004620419e-13,-4.8346867627501675e-11,-9.826696920980485e-13,5.346427905632576e-13,-9.682499666382518e-08,5.971375155469442e-13,-1.6749239488084e-09,-1.7620794799047357e-13,-4.895481654472577e-13,6.855733355666351e-10,-4.849003013772723e-11,2.378906087262845e-13,1.529782916527335e-12,-4.831707381995304e-11,1.1114745841812897e-09,2.378906087262845e-13,1.0947918016528527e-12,-1.8122658392559767e-14,-1.6749239488081716e-09,-4.8317073870454306e-11,1.6295714960282496e-14,-4.8317073870454306e-11,-4.831707381995304e-11,-1.6843839277625735e-10,-4.8317073870454306e-11,-1.3163299591535376e-09,-2.2911193873445424e-14,5.971379973816696e-13,-1.8122359876846362e-14,-4.834686762679337e-11,-3.1246774631703804e-13,1.0947915609453026e-12
1.2162782226101378e-07,-1.42999402319519e-14,-4.808839705875219e-15,-1.156155191494623e-09,1.2845391635552518e-09,-4.234024407381286e-15,-4.4357662271912055e-11,2.994015834691498e-14,5.688612496102026e-14,-2.293424251566294e-13,-3.9090627119752103e-10,-4.435766222765283e-11,-2.1676811567762103e-14,2.1872525536404993e-10,-4.4357662271912055e-11,-4.432577605689834e-11,-4.234011875481256e-15,-2.1676846147600292e-14,-2.345630168656511e-14,1.6069421946054295e-13,-6.295361861081697e-13,-4.4350709569138444e-11,1.1667063435120223e-13,-1.1425631378493406e-13,-3.422193210914544e-10,1.5242022661867595e-07,-1.142563333389087e-13,-2.345617162358942e-14,-4.2820914058291517e-10,-4.234138391117525e-15,-2.022292952159784e-14,-8.428331157671402e-14,-4.4325775907207236e-11,-1.5202948775957475e-11,-1.142562806067994e-13,-4.43576622431077e-11,-2.293424251566294e-13,1.247724944734099e-13,-8.84647982038106e-08,1.393585417927952e-13,-3.9090627119740306e-10,-8.188513075337923e-11,-1.142562546754326e-13,1.599821731255275e-10,-4.439106174606621e-11,5.5516637919486975e-14,3.5702164647535294e-13,-4.4350709689835676e-11,2.5938697745873827e-10,5.551661753843276e-14,2.5550313036317763e-13,-4.234011875481256e-15,-3.9090627119718804e-10,-4.4350709569138444e-11,3.79885310204343e-15,-4.435070960433948e-11,-4.4350709733335146e-11,-1.974805312042109e-14,-4.435070964656626e-11,-3.072211983812515e-10,-5.3506537031372355e-15,1.3935853910323353e-13,-4.234138391117525e-15,-4.435766222765283e-11,-1.451995207137053e-10,2.5550310656641233e-13
