0.9999999840290554,-6.657069026115187e-06,0.9999899300038207,0.999989930003824,0.999989930003823,-6.52859722375303e-06,-6.52129726198059e-06,-6.657069024768256e-06,-6.657069025080729e-06,-6.5162536693316474e-06,-6.657069026489938e-06,-6.571828572901352e-06,-6.51968134514903e-06,0.9999899300038225,0.999989930003823,0.9999883616486306,-6.657069026409453e-06,-6.517494232085886e-06,-6.5212972625923405e-06,-6.521227831409794e-06,0.9999899300038232,0.9999899300038247,-6.543897972048253e-06,-6.518486685829392e-06,0.9999899300038216,-6.528597225205681e-06,0.99998993000382,-6.5208269578788625e-06,-6.519681345702267e-06,0.9999899300038195,0.9999899730925896,-6.518486685961422e-06,0.9999883616486337,0.9999899300038232,0.9999883616486337,-6.517494229608247e-06,0.9999886071154178,-6.521297263659905e-06,-6.657069023583068e-06,-6.51625366585619e-06,0.9999899300038251,-6.522305361568504e-06,-6.516253665856193e-06,-6.547525311137893e-06,-6.657069024666589e-06,-6.521971718832582e-06,-6.5380802172570345e-06,0.9999888279766879,-6.5483147512486544e-06,0.9999899300038225,0.9999883616486291,-6.518486685832083e-06,-6.5162536658369996e-06,0.9999899300038195,0.9999883616486293,0.9999899300038232,-6.5205117936023e-06,0.9999883616486318,0.999989930003824,0.9999899300038252,0.999989930003822,-6.520780332235104e-06,-6.5196813453972856e-06,-6.516253665854587e-06,0.9999899300038243,0.9999899300038232,0.9999899300038232,0.9999883616486306,-6.520654171253222e-06,-6.518486685982659e-06,-6.517494229609458e-06,-6.523141976234117e-06,0.9999899300038251,-6.5232022336915275e-06,0.9999899300038243,-6.51625366585619e-06,0.9999881767640755,0.9999887650386944,0.9999898241896537,0.9999899300038232,-6.521422007876001e-06,-6.518999309217286e-06,-6.566664431213479e-06,-6.521401242320512e-06,0.9999899300038232,-6.570482935802454e-06,0.9999885823070889
-6.657069026115187e-06,-6.204761019842012e-06,-2.3326875312509536e-10,-2.3326875316946564e-10,-2.332687532137032e-10,7.735322543088967e-17,7.566912966790443e-17,2.1310951963822167e-13,2.1310952010481036e-13,7.449816453283046e-17,2.1310952015173814e-13,8.717675283368405e-17,7.541860781930294e-17,-2.3326875309145217e-10,-2.3326875310874515e-10,-4.6508306108159656e-07,2.1310951993327327e-13,7.483295611625993e-17,7.566588879593645e-17,7.569051662310591e-17,-2.3326875317863654e-10,-2.332687531371351e-10,8.082022316003018e-17,7.506731031352682e-17,-2.332687531518866e-10,7.729087049517251e-17,-2.3326875318964466e-10,7.54742189102472e-17,7.529521479572035e-17,-2.3326875318964466e-10,-2.3326876311250303e-10,7.50114671311301e-17,-4.650830610815971e-07,-2.332687531268956e-10,-4.6508306108159624e-07,7.483295611625993e-17,-4.6508317463188844e-07,7.565698599724042e-17,2.131095200354911e-13,7.448456955418516e-17,-2.3326875311185246e-10,7.586431228681363e-17,7.448088199050993e-17,8.176612438533608e-17,2.131095202904812e-13,7.598298840249756e-17,7.963812821219439e-17,-4.6508327676117123e-07,8.187428479339176e-17,-2.332687531309528e-10,-4.650830610815963e-07,7.517390812486686e-17,7.448088199050993e-17,-2.3326875312919445e-10,-4.650830610815967e-07,-2.3326875318964466e-10,7.548817338080573e-17,-4.6508306108159597e-07,-2.332687531268956e-10,-2.3326875318964466e-10,-2.332687531609594e-10,7.552101912132528e-17,7.530714162429612e-17,7.452480734881384e-17,-2.332687531291943e-10,-2.3326875316004855e-10,-2.3326875318964466e-10,-4.650830610815961e-07,7.552193749567703e-17,7.51538434442322e-17,7.482522560452484e-17,7.605167942543628e-17,-2.332687531268956e-10,7.613779601667107e-17,-2.3326875318964466e-10,7.446607312818655e-17,-4.650829757726974e-07,-4.650832476461954e-07,-2.332687285621671e-10,-2.332687531291943e-10,7.578371582272787e-17,7.514487747373232e-17,8.605300843954007e-17,7.57630362360857e-17,-2.3326875318964466e-10,8.701138301248347e-17,-4.650831631294524e-07
0.9999899300038207,-2.3326875312509536e-10,0.999989971093366,0.9999961758540165,0.9999961758540148,-1.6883203115362617e-10,-1.6517063647772065e-10,-2.3326875050674224e-10,-2.332687509497273e-10,-1.6264096216240065e-10,-2.332687510245188e-10,-1.9051527864103324e-10,-1.6436015283717582e-10,0.9999961758540147,0.9999961758540148,0.9999946074984306,-2.3326875081571173e-10,-1.632631807080551e-10,-1.651706375609618e-10,-1.6513581474345537e-10,0.9999961758540141,0.9999961758540148,-1.765063267700456e-10,-1.6376095890728389e-10,0.9999961758540158,-1.688320318413333e-10,0.9999961758540156,-1.6493475091540964e-10,-1.64360153227917e-10,0.9999961758540148,0.9999962189427963,-1.6376095816961735e-10,0.9999946074984313,0.9999961758540156,0.9999946074984314,-1.6326317963143206e-10,0.9999948529652777,-1.6517063782699585e-10,-2.3326875088542987e-10,-1.626409623787962e-10,0.9999961758540149,-1.6567626137324074e-10,-1.6264096247580413e-10,-1.7832566237957073e-10,-2.3326875109493663e-10,-1.655089198442952e-10,-1.7358835187997113e-10,0.9999950738266012,-1.7872161694864235e-10,0.9999961758540148,0.9999946074984309,-1.637609587898999e-10,-1.626409624723385e-10,0.9999961758540148,0.9999946074984313,0.9999961758540143,-1.647766760884712e-10,0.9999946074984306,0.9999961758540156,0.9999961758540147,0.9999961758540141,-1.649113643527257e-10,-1.6436015289321441e-10,-1.6264096225874103e-10,0.9999961758540153,0.9999961758540143,0.9999961758540156,0.9999946074984313,-1.6484808656519537e-10,-1.6376095838705948e-10,-1.6326317963167784e-10,-1.660958769435633e-10,0.999996175854015,-1.6612609832654419e-10,0.9999961758540156,-1.6264096252159375e-10,0.9999944226138141,0.9999950108885933,0.9999960700398168,0.9999961758540156,-1.6523320655114784e-10,-1.6401807154974028e-10,-1.87925143607762e-10,-1.6522279000929133e-10,0.9999961758540156,-1.8984036062942958e-10,0.9999948281569451
0.999989930003824,-2.3326875316946564e-10,0.9999961758540165,0.9999899710933781,0.9999961758540198,-1.6883203112554848e-10,-1.6517063649979402e-10,-2.3326875054200847e-10,-2.3326875094792114e-10,-1.6264096218530626e-10,-2.332687509792083e-10,-1.9051527865598176e-10,-1.6436015286722538e-10,0.9999961758540195,0.9999961758540192,0.9999946074984356,-2.3326875079973613e-10,-1.632631807366205e-10,-1.6517063756482804e-10,-1.65135814743649e-10,0.9999961758540183,0.9999961758540197,-1.7650632673767887e-10,-1.6376095896780657e-10,0.9999961758540202,-1.6883203186634078e-10,0.9999961758540195,-1.6493475090976501e-10,-1.6436015324158442e-10,0.9999961758540198,0.9999962189428009,-1.6376095820693046e-10,0.9999946074984364,0.9999961758540197,0.9999946074984365,-1.6326317956261338e-10,0.9999948529652821,-1.651706377769022e-10,-2.3326875082910973e-10,-1.626409624074371e-10,0.9999961758540195,-1.6567626137099363e-10,-1.6264096245735862e-10,-1.7832566236415966e-10,-2.3326875112010747e-10,-1.6550891985107503e-10,-1.7358835187844144e-10,0.9999950738266047,-1.787216170425565e-10,0.9999961758540193,0.9999946074984352,-1.6376095879725276e-10,-1.626409624699862e-10,0.9999961758540197,0.9999946074984356,0.9999961758540191,-1.647766760867248e-10,0.9999946074984352,0.9999961758540193,0.9999961758540192,0.9999961758540192,-1.649113643678976e-10,-1.6436015291740296e-10,-1.6264096225874103e-10,0.9999961758540193,0.9999961758540188,0.9999961758540195,0.9999946074984354,-1.648480864889288e-10,-1.637609584302273e-10,-1.6326317963463403e-10,-1.6609587698312303e-10,0.9999961758540192,-1.661260985254094e-10,0.9999961758540193,-1.626409625450399e-10,0.9999944226138192,0.9999950108885971,0.9999960700398219,0.9999961758540195,-1.6523320655930017e-10,-1.6401807155884606e-10,-1.8792514360110348e-10,-1.6522279008580714e-10,0.9999961758540198,-1.8984036061688728e-10,0.999994828156949
0.999989930003823,-2.332687532137032e-10,0.9999961758540148,0.9999961758540198,0.9999899710933711,-1.6883203110736798e-10,-1.6517063650246199e-10,-2.3326875052979463e-10,-2.332687509348536e-10,-1.626409621473123e-10,-2.332687508862459e-10,-1.9051527861293738e-10,-1.6436015289466687e-10,0.9999961758540171,0.999996175854018,0.9999946074984343,-2.332687508212398e-10,-1.6326318068989007e-10,-1.6517063755758866e-10,-1.6513581468829188e-10,0.9999961758540178,0.9999961758540187,-1.7650632673959287e-10,-1.6376095890728389e-10,0.9999961758540186,-1.6883203186483743e-10,0.9999961758540191,-1.6493475085419807e-10,-1.6436015324199085e-10,0.9999961758540177,0.9999962189428001,-1.6376095818698137e-10,0.999994607498435,0.9999961758540177,0.9999946074984352,-1.632631795810066e-10,0.999994852965281,-1.6517063782613718e-10,-2.3326875088527803e-10,-1.6264096239364173e-10,0.9999961758540175,-1.6567626138658906e-10,-1.6264096245735862e-10,-1.7832566236415966e-10,-2.332687511165748e-10,-1.6550891989337508e-10,-1.735883519628303e-10,0.9999950738266035,-1.7872161701503098e-10,0.999996175854017,0.9999946074984346,-1.637609587480399e-10,-1.62640962471796e-10,0.9999961758540175,0.9999946074984352,0.9999961758540177,-1.647766761521481e-10,0.9999946074984339,0.9999961758540183,0.9999961758540188,0.9999961758540188,-1.6491136439720946e-10,-1.6436015284084096e-10,-1.6264096225155265e-10,0.9999961758540186,0.9999961758540171,0.9999961758540171,0.999994607498435,-1.6484808653077186e-10,-1.6376095845742458e-10,-1.6326317958160244e-10,-1.6609587696591514e-10,0.9999961758540188,-1.661260985254094e-10,0.9999961758540188,-1.62640962486702e-10,0.9999944226138178,0.9999950108885954,0.9999960700398206,0.9999961758540177,-1.6523320656231897e-10,-1.6401807156757975e-10,-1.879251435939485e-10,-1.652227900472373e-10,0.9999961758540177,-1.8984036061688728e-10,0.9999948281569475
-6.52859722375303e-06,7.735322543088967e-17,-1.6883203115362617e-10,-1.6883203112554848e-10,-1.6883203110736798e-10,-6.204761127517888e-06,5.473961888025934e-17,7.740677069607031e-17,7.724391433957308e-17,1.0749728677596658e-13,7.731305656714612e-17,1.260434983798665e-13,5.4533840899420594e-17,-1.6883203114078983e-10,-1.6883203114847015e-10,-1.6883176783372965e-10,7.739106410851533e-17,5.4112259487512266e-17,5.4921060733641006e-17,5.462862014874815e-17,-1.688320311555143e-10,-1.688320311031164e-10,1.1664801851532663e-13,5.430649243781644e-17,-1.6883203115551535e-10,1.1166427640716171e-13,-1.6883203112794966e-10,5.440093192837881e-17,5.451950176671563e-17,-1.6883203115362617e-10,-1.688320384301332e-10,5.431932376278199e-17,-1.6883176780915469e-10,-1.6883203112554848e-10,-1.6883176784912547e-10,5.427046275230584e-17,-3.366114662275705e-07,5.473961888025934e-17,7.735322543088967e-17,1.0749728693189738e-13,-1.6883203116855975e-10,5.5253709536044273e-17,1.0749728694533182e-13,5.912712757100073e-17,7.733960767900218e-17,5.4948259668909356e-17,1.1480578437941813e-13,-1.6883184619835307e-10,1.1820218584954955e-13,-1.6883203113490617e-10,-1.688317678102278e-10,5.421686685912621e-17,1.0749728698116778e-13,-1.6883203112813898e-10,-1.6883176783395586e-10,-1.6883203118724083e-10,5.457981999047932e-17,-1.6883176780930942e-10,-1.688320311393265e-10,-1.688320311031164e-10,-1.6883203110366182e-10,5.48592249258037e-17,5.4443067643887754e-17,1.0749728684405088e-13,-1.6883203113847351e-10,-1.688320310891556e-10,-1.6883203105662766e-10,-1.6883176785196573e-10,5.462182309048489e-17,5.4190709880197236e-17,5.428209989586816e-17,1.0990539560096996e-13,-1.6883203105662766e-10,5.486843214653588e-17,-1.6883203118550127e-10,1.07497287008793e-13,-3.3661132229213385e-07,-1.6883183556972595e-10,-1.6883201321057712e-10,-1.6883203115362617e-10,5.4576366840569585e-17,5.442612936348655e-17,1.2420851639134912e-13,1.0930738680711585e-13,-1.6883203116855975e-10,1.2555331038407858e-13,-1.6883180487297835e-10
-6.52129726198059e-06,7.566912966790443e-17,-1.6517063647772065e-10,-1.6517063649979402e-10,-1.6517063650246199e-10,5.473961888025934e-17,-6.2047611269459834e-06,7.556846452059444e-17,7.564657092080098e-17,1.0519413887750185e-13,7.571101180363176e-17,6.183015821827847e-17,5.3431360856120155e-17,-1.6517063643285753e-10,-1.6517063649043152e-10,-1.6517037889936518e-10,7.566913533717169e-17,1.0562516292233449e-13,1.069278296915808e-13,5.34761989975028e-17,-1.6517063650246199e-10,-1.6517063655174458e-10,1.141490373662896e-13,5.3244229861668396e-17,-1.6517063646827753e-10,5.482589779134312e-17,-1.6517063649043152e-10,5.3820415031528636e-17,5.345637777074346e-17,-1.6517063646827753e-10,-1.6517064357338575e-10,5.317826512828951e-17,-1.651703788994661e-10,-1.6517063649018037e-10,-1.6517037889942208e-10,1.0562516203302703e-13,-1.6517041922570458e-10,1.0692782989669208e-13,7.566498165927782e-17,1.0519413902958642e-13,-1.6517063650246199e-10,5.383275595148706e-17,1.0519413904249121e-13,5.777967398067028e-17,7.567364933858518e-17,5.36780894133668e-17,5.634659761067588e-17,-1.6517045551038408e-10,5.798668004425268e-17,-1.6517063638225333e-10,-1.651703788992101e-10,5.3047274499590495e-17,1.0519413907722314e-13,-1.6517063650246199e-10,-1.6517037889961267e-10,-1.6517063644193622e-10,1.0665881849551974e-13,-1.6517037889899484e-10,-1.6517063645674927e-10,-1.6517063651634445e-10,-1.6517063650659753e-10,1.0674820474846766e-13,5.3494667106369957e-17,1.0519413894376897e-13,-1.6517063649043152e-10,-1.6517063655174458e-10,-1.6517063649043152e-10,-1.6517037889951537e-10,5.353190342594178e-17,5.3047274499590495e-17,1.0562516204626474e-13,5.416410883129836e-17,-1.6517063646827753e-10,5.4145766489684805e-17,-1.6517063649043152e-10,1.0519413910354616e-13,-3.293113634073968e-07,-1.651704451656476e-10,-1.6517061910419789e-10,-1.6517063655150043e-10,5.3079381573773073e-17,1.0614077789138003e-13,1.215473329987877e-13,5.3552181958360464e-17,-1.651706364636825e-10,6.150903610597643e-17,-1.651704151475875e-10
-6.657069024768256e-06,2.1310951963822167e-13,-2.3326875050674224e-10,-2.3326875054200847e-10,-2.3326875052979463e-10,7.740677069607031e-17,7.556846452059444e-17,-6.204761019842012e-06,2.1310951734642638e-13,7.449847402214373e-17,2.1310951739335414e-13,8.730825129300859e-17,7.528250110047805e-17,-2.3326875045936956e-10,-2.332687504664786e-10,-4.650830558369652e-07,2.1310951717488886e-13,7.482005962666659e-17,7.555170782241856e-17,7.583552469621983e-17,-2.332687504315977e-10,-2.3326875054200847e-10,8.077749077886664e-17,7.506731031352682e-17,-2.3326875054200847e-10,7.740677069607031e-17,-2.3326875045936956e-10,7.566743266305265e-17,7.538983637935126e-17,-2.3326875051793545e-10,-2.3326876054675053e-10,7.493121546795365e-17,-4.650830558369656e-07,-2.3326875053581604e-10,-4.650830558369656e-07,7.477153411900632e-17,-4.650831693872563e-07,7.566498165927782e-17,2.1310951727710689e-13,7.452480734881384e-17,-2.3326875053581604e-10,7.586431228682293e-17,7.452480734881381e-17,8.183871519844683e-17,2.1310951753209667e-13,7.582227056264573e-17,7.959487778128119e-17,-4.650832715165376e-07,8.188398501339305e-17,-2.3326875051793545e-10,-4.650830558369652e-07,7.499686325594155e-17,7.447869046638669e-17,-2.332687504664786e-10,-4.650830558369652e-07,-2.3326875045936956e-10,7.551350590491306e-17,-4.650830558369644e-07,-2.332687504479177e-10,-2.332687504664786e-10,-2.33268750472467e-10,7.55179419594746e-17,7.521514858629457e-17,7.453911724447612e-17,-2.3326875053581604e-10,-2.332687504315977e-10,-2.332687504664786e-10,-4.650830558369651e-07,7.556687352496389e-17,7.498401331450892e-17,7.480532123281152e-17,7.611831886783414e-17,-2.3326875045770077e-10,7.593936462494274e-17,-2.3326875050611746e-10,7.449372571162876e-17,-4.6508297052806777e-07,-4.6508324240156227e-07,-2.3326872595113546e-10,-2.3326875045770077e-10,7.585342161645862e-17,7.519259758716908e-17,8.606037990075366e-17,7.583128334403776e-17,-2.3326875054200847e-10,8.697490789918653e-17,-4.650831578848192e-07
-6.657069025080729e-06,2.1310952010481036e-13,-2.332687509497273e-10,-2.3326875094792114e-10,-2.332687509348536e-10,7.724391433957308e-17,7.564657092080098e-17,2.1310951734642638e-13,-6.204761019842012e-06,7.447072028775375e-17,2.131095178599427e-13,8.730128974042989e-17,7.538983637935126e-17,-2.3326875094792114e-10,-2.332687509093335e-10,-4.6508305666544777e-07,2.131095176414774e-13,7.477212124294485e-17,7.566913533717169e-17,7.568292351952038e-17,-2.3326875096223364e-10,-2.332687509497273e-10,8.0809136962204e-17,7.506731031352682e-17,-2.332687509497273e-10,7.740591697334623e-17,-2.3326875094792114e-10,7.559261455205165e-17,7.524798856455794e-17,-2.3326875095100937e-10,-2.332687608359603e-10,7.506731031352682e-17,-4.650830566654484e-07,-2.3326875088826607e-10,-4.650830566654484e-07,7.483151992902423e-17,-4.6508317021573907e-07,7.566913533717169e-17,2.131095177436954e-13,7.453911724447612e-17,-2.3326875088826607e-10,7.591132958244725e-17,7.447869046638669e-17,8.183871519844683e-17,2.1310951799868558e-13,7.586866382416504e-17,7.957149143869602e-17,-4.6508327234502076e-07,8.188398501339305e-17,-2.3326875094792114e-10,-4.650830566654479e-07,7.525752080021707e-17,7.452243272549014e-17,-2.3326875091694354e-10,-4.6508305666544777e-07,-2.3326875088826607e-10,7.548817338080573e-17,-4.6508305666544793e-07,-2.3326875095100156e-10,-2.3326875091519855e-10,-2.3326875091694354e-10,7.551318845518998e-17,7.52815811931486e-17,7.452958809654887e-17,-2.3326875088139597e-10,-2.3326875088826607e-10,-2.3326875088139597e-10,-4.650830566654482e-07,7.552652499600511e-17,7.496875164402967e-17,7.483151992902423e-17,7.612204111928532e-17,-2.3326875088826607e-10,7.618886183426721e-17,-2.3326875091519855e-10,7.445574147447498e-17,-4.6508297135655016e-07,-4.650832432300464e-07,-2.3326872644444426e-10,-2.332687509093335e-10,7.581167860468656e-17,7.5228014057751e-17,8.607930204690548e-17,7.583281883344106e-17,-2.3326875089266067e-10,8.69524475150122e-17,-4.650831587133035e-07
-6.5162536693316474e-06,7.449816453283046e-17,-1.6264096216240065e-10,-1.6264096218530626e-10,-1.626409621473123e-10,1.0749728677596658e-13,1.0519413887750185e-13,7.449847402214373e-17,7.447072028775375e-17,-6.204761133399611e-06,7.450377844101451e-17,6.082647536493319e-17,5.249809092180122e-17,-1.6264096217161296e-10,-1.626409621825594e-10,-1.6264070866374553e-10,7.448711497244615e-17,1.0390851028952012e-13,1.0519413968775074e-13,1.0517705752627652e-13,-1.6264096217709856e-10,-1.6264096217540974e-10,1.1229121404657116e-13,5.231524433319872e-17,-1.626409621871571e-10,1.0749728735879266e-13,-1.6264096215783585e-10,1.0503256775121076e-13,5.249858031747707e-17,-1.6264096216240065e-10,-1.6264096911831739e-10,5.2263462059381633e-17,-1.626407086298796e-10,-1.626409621606857e-10,-1.62640708643094e-10,1.0390850939742481e-13,-1.6264074836657642e-10,1.051941398920675e-13,7.449372571162876e-17,1.0348278788337694e-13,-1.626409621660748e-10,1.0553054937367931e-13,1.0348278789711784e-13,5.694383659214561e-17,7.449792875369652e-17,1.0541854860236996e-13,1.1052138699906393e-13,-1.6264078411946228e-10,1.1379109903269188e-13,-1.626409621889594e-10,-1.6264070863026286e-10,5.231470569836379e-17,1.0348278793261657e-13,-1.626409621871571e-10,-1.6264070863026286e-10,-1.626409621489173e-10,1.0492864936823257e-13,-1.626407086298796e-10,-1.6264096219478112e-10,-1.6264096221211203e-10,-1.6264096221211203e-10,1.0501672240175428e-13,5.24942002182423e-17,1.0348278779818967e-13,-1.6264096220315193e-10,-1.6264096219711866e-10,-1.626409621660748e-10,-1.6264070867224352e-10,1.0497696904247286e-13,5.2308993202966854e-17,1.0390850940953656e-13,1.0580619028669467e-13,-1.626409621871571e-10,5.3115175643167325e-17,-1.6264096216600946e-10,1.034827879614497e-13,-3.2426778828951904e-07,-1.6264077385898725e-10,-1.6264094517113283e-10,-1.626409621807507e-10,1.0522667201797492e-13,1.0441738630841103e-13,1.1956992054606454e-13,1.0522962142768462e-13,-1.6264096218050985e-10,1.2086778824138325e-13,-1.6264074429460902e-10
-6.657069026489938e-06,2.1310952015173814e-13,-2.332687510245188e-10,-2.332687509792083e-10,-2.332687508862459e-10,7.731305656714612e-17,7.571101180363176e-17,2.1310951739335414e-13,2.131095178599427e-13,7.450377844101451e-17,-6.204761019842012e-06,8.717062734270256e-17,7.537235107930972e-17,-2.332687509809789e-10,-2.3326875097062224e-10,-4.650830567855323e-07,2.1310951768840589e-13,7.482005962666659e-17,7.566913533717169e-17,7.569051662310591e-17,-2.332687509792083e-10,-2.332687509809346e-10,8.081088929777351e-17,7.493358329519229e-17,-2.3326875095997534e-10,7.731991618357861e-17,-2.332687508862459e-10,7.558633011330951e-17,7.543363680547785e-17,-2.332687509809346e-10,-2.332687609679533e-10,7.510791446503723e-17,-4.65083056785532e-07,-2.332687509959017e-10,-4.650830567855322e-07,7.482294638462815e-17,-4.650831703358232e-07,7.566912966790443e-17,2.1310951779062363e-13,7.451504050738829e-17,-2.332687508862459e-10,7.590332269177146e-17,7.449151303032569e-17,8.171946109835845e-17,2.1310951804561377e-13,7.573329137377483e-17,7.949474240064886e-17,-4.650832724651058e-07,8.188398501339305e-17,-2.332687510245188e-10,-4.650830567855317e-07,7.506731031352682e-17,7.452243272549014e-17,-2.332687509792083e-10,-4.6508305678553184e-07,-2.332687509797151e-10,7.546448361931611e-17,-4.650830567855314e-07,-2.3326875095997534e-10,-2.3326875092754277e-10,-2.332687508862459e-10,7.549530157878793e-17,7.528802358610278e-17,7.452958809654887e-17,-2.332687509792083e-10,-2.3326875092754277e-10,-2.332687510245188e-10,-4.6508305678553174e-07,7.555517148040154e-17,7.506731031352682e-17,7.482294638462815e-17,7.6051679425443e-17,-2.3326875092754277e-10,7.613779601667107e-17,-2.332687509636602e-10,7.453911724447612e-17,-4.650829714766347e-07,-4.650832433501293e-07,-2.3326872640253655e-10,-2.3326875095133926e-10,7.578371582270096e-17,7.518901755276684e-17,8.600983048605849e-17,7.584997858425136e-17,-2.3326875095997534e-10,8.701138301248347e-17,-4.650831588333875e-07
-6.571828572901352e-06,8.717675283368405e-17,-1.9051527864103324e-10,-1.9051527865598176e-10,-1.9051527861293738e-10,1.260434983798665e-13,6.183015821827847e-17,8.730825129300859e-17,8.730128974042989e-17,6.082647536493319e-17,8.717062734270256e-17,-6.204761095573089e-06,6.151475905049925e-17,-1.905152785971732e-10,-1.905152786355407e-10,-1.9051498156329986e-10,8.717675283368405e-17,6.111110039063426e-17,6.194505581609239e-17,6.186475446235853e-17,-1.9051527860350734e-10,-1.9051527865598176e-10,1.3167101235333325e-13,6.141563829920433e-17,-1.9051527871176318e-10,1.2604349904411375e-13,-1.9051527865042437e-10,6.179395554273231e-17,6.160467893712234e-17,-1.9051527860350734e-10,-3.798432914569113e-07,6.105336441566154e-17,-1.9051498149767383e-10,-1.9051527865042437e-10,-1.9051498167126143e-10,6.104000097152852e-17,-3.798427755755303e-07,6.194204280119729e-17,8.73345862881752e-17,6.085523280957838e-17,-1.9051527860113211e-10,6.201513579705744e-17,6.085523280957838e-17,6.672784781067222e-17,8.717675283368405e-17,6.204436911944862e-17,1.2958963698129735e-13,-3.7984285899998633e-07,1.3342337105987988e-13,-1.9051527871176318e-10,-1.9051498151981342e-10,6.144312986126959e-17,6.088427528433869e-17,-1.9051527865042437e-10,-1.9051498151981342e-10,-1.905152786968229e-10,6.170120823368976e-17,-1.905149815743145e-10,-1.9051527863500397e-10,-1.9051527860350734e-10,-1.9051527860113211e-10,6.178944418561177e-17,6.158937565328031e-17,6.088427528433869e-17,-1.9051527861293738e-10,-1.9051527865042437e-10,-1.9051527861045074e-10,-1.905149815743145e-10,6.176976259821952e-17,6.144312986126959e-17,6.108878701387262e-17,6.202806774244178e-17,-1.905152786570609e-10,6.220430801636485e-17,-1.9051527857286391e-10,6.095838607878783e-17,-3.7984261313395333e-07,-3.798428352176313e-07,-3.798432352248709e-07,-1.9051527860172492e-10,6.188429770742178e-17,6.139058839915672e-17,1.4020490963485074e-13,6.217376858153896e-17,-1.9051527860350734e-10,1.4172117268423666e-13,-1.9051502335247883e-10
-6.51968134514903e-06,7.541860781930294e-17,-1.6436015283717582e-10,-1.6436015286722538e-10,-1.6436015289466687e-10,5.4533840899420594e-17,5.3431360856120155e-17,7.528250110047805e-17,7.538983637935126e-17,5.249809092180122e-17,7.537235107930972e-17,6.151475905049925e-17,-6.204761129743643e-06,-1.643601528746864e-10,-1.643601528904903e-10,-1.6435989658335207e-10,7.524798856455794e-17,5.278188132292262e-17,5.337628927564797e-17,5.330848090964441e-17,-1.6436015282199685e-10,-1.643601528675126e-10,5.696386077441824e-17,1.0543840285884486e-13,-1.643601528904903e-10,5.4591954353100706e-17,-1.643601528799305e-10,5.3208895450818866e-17,1.0584174834521745e-13,-1.643601528246909e-10,-1.6436015991221438e-10,1.0543840237226506e-13,-1.643598965750342e-10,-1.6436015286243794e-10,-1.6435989652802543e-10,5.259878290977006e-17,-1.64359936687752e-10,5.3494667106369957e-17,7.538460364451165e-17,5.249737303970847e-17,-1.643601528167214e-10,5.363546254271492e-17,5.2495843835690415e-17,1.1481843158471786e-13,7.521514858629457e-17,5.3570872125762326e-17,5.611222082963965e-17,-1.6435997279487598e-10,5.776610965818492e-17,-1.6436015284488378e-10,-1.6435989657766593e-10,1.0543840270414694e-13,5.2493459907972957e-17,-1.6436015286243794e-10,-1.6435989656584787e-10,-1.643601528521726e-10,5.3250361180755015e-17,-1.643598965680961e-10,-1.643601528799305e-10,-1.6436015279987336e-10,-1.6436015284163673e-10,5.3275613627706734e-17,1.0584174804172306e-13,5.2496865741888195e-17,-1.643601528144294e-10,-1.6436015283739686e-10,-1.64360152802373e-10,-1.643598965562493e-10,5.326787647893985e-17,1.0543840248757122e-13,5.2594185352355194e-17,5.3809996079476665e-17,-1.643601528521726e-10,5.3571829329531374e-17,-1.6436015283739686e-10,5.249263918327786e-17,-3.276954499256506e-07,-1.643599625107486e-10,-1.6436013555275514e-10,-1.643601528167214e-10,1.0641675246572344e-13,5.28760102895089e-17,6.065151938169723e-17,5.336364214378906e-17,-1.643601528098921e-10,6.12985432542804e-17,-1.6435993264202187e-10
0.9999899300038225,-2.3326875309145217e-10,0.9999961758540147,0.9999961758540195,0.9999961758540171,-1.6883203114078983e-10,-1.6517063643285753e-10,-2.3326875045936956e-10,-2.3326875094792114e-10,-1.6264096217161296e-10,-2.332687509809789e-10,-1.905152785971732e-10,-1.643601528746864e-10,0.9999899710933704,0.9999961758540167,0.9999946074984334,-2.3326875074013565e-10,-1.632631806840502e-10,-1.6517063745944608e-10,-1.651358147355437e-10,0.9999961758540165,0.9999961758540188,-1.76506326724174e-10,-1.6376095893178847e-10,0.9999961758540191,-1.6883203178232094e-10,0.9999961758540177,-1.6493475089625429e-10,-1.64360153249058e-10,0.9999961758540178,0.9999962189427996,-1.6376095820757364e-10,0.9999946074984343,0.9999961758540177,0.9999946074984345,-1.6326317957549987e-10,0.9999948529652807,-1.6517063779063922e-10,-2.332687508878633e-10,-1.62640962393137e-10,0.9999961758540167,-1.656762613297177e-10,-1.6264096243002788e-10,-1.7832566238033965e-10,-2.332687511244616e-10,-1.6550891984960717e-10,-1.7358835188472307e-10,0.9999950738266037,-1.7872161701639307e-10,0.9999961758540165,0.9999946074984336,-1.6376095869031878e-10,-1.6264096243941666e-10,0.9999961758540177,0.9999946074984334,0.9999961758540177,-1.647766760884712e-10,0.999994607498433,0.9999961758540177,0.9999961758540178,0.9999961758540175,-1.649113643678976e-10,-1.6436015292030354e-10,-1.62640962245695e-10,0.9999961758540178,0.9999961758540178,0.999996175854017,0.9999946074984343,-1.6484808654967478e-10,-1.637609584408078e-10,-1.6326317963463403e-10,-1.660958769556508e-10,0.9999961758540171,-1.6612609845313348e-10,0.9999961758540181,-1.6264096249960243e-10,0.9999944226138172,0.9999950108885959,0.9999960700398199,0.9999961758540177,-1.652332065843614e-10,-1.6401807156164436e-10,-1.8792514361566604e-10,-1.6522278999890044e-10,0.9999961758540177,-1.8984036063165126e-10,0.9999948281569465
0.999989930003823,-2.3326875310874515e-10,0.9999961758540148,0.9999961758540192,0.999996175854018,-1.6883203114847015e-10,-1.6517063649043152e-10,-2.332687504664786e-10,-2.332687509093335e-10,-1.626409621825594e-10,-2.3326875097062224e-10,-1.905152786355407e-10,-1.643601528904903e-10,0.9999961758540167,0.9999899710933722,0.9999946074984329,-2.3326875083489725e-10,-1.6326318074361364e-10,-1.6517063754613494e-10,-1.651358147073696e-10,0.9999961758540163,0.9999961758540186,-1.7650632673959287e-10,-1.6376095895385708e-10,0.9999961758540178,-1.688320318015244e-10,0.9999961758540175,-1.6493475087249096e-10,-1.6436015323720533e-10,0.9999961758540177,0.9999962189427986,-1.6376095816961735e-10,0.9999946074984345,0.9999961758540175,0.9999946074984343,-1.632631795964544e-10,0.9999948529652805,-1.6517063779879238e-10,-2.3326875080391226e-10,-1.6264096240350118e-10,0.9999961758540167,-1.6567626138308435e-10,-1.6264096245735862e-10,-1.783256623963647e-10,-2.3326875110872226e-10,-1.655089198442952e-10,-1.7358835187541833e-10,0.9999950738266035,-1.787216170425565e-10,0.9999961758540165,0.9999946074984337,-1.637609587898999e-10,-1.626409624805997e-10,0.9999961758540177,0.9999946074984335,0.9999961758540175,-1.647766760884712e-10,0.9999946074984329,0.9999961758540175,0.9999961758540178,0.9999961758540171,-1.6491136440444082e-10,-1.6436015291867622e-10,-1.6264096225188298e-10,0.9999961758540178,0.9999961758540172,0.9999961758540175,0.9999946074984335,-1.6484808654967478e-10,-1.6376095842926875e-10,-1.6326317963028575e-10,-1.6609587696597818e-10,0.999996175854017,-1.6612609832654419e-10,0.9999961758540178,-1.6264096249612144e-10,0.9999944226138172,0.9999950108885948,0.9999960700398199,0.9999961758540175,-1.652332065621663e-10,-1.6401807155884596e-10,-1.8792514363185642e-10,-1.652227900705504e-10,0.9999961758540175,-1.8984036064134297e-10,0.9999948281569465
0.9999883616486306,-4.6508306108159656e-07,0.9999946074984306,0.9999946074984356,0.9999946074984343,-1.6883176783372965e-10,-1.6517037889936518e-10,-4.650830558369652e-07,-4.6508305666544777e-07,-1.6264070866374553e-10,-4.650830567855323e-07,-1.9051498156329986e-10,-1.6435989658335207e-10,0.9999946074984334,0.9999946074984329,0.9999868343846595,-4.650830564111945e-07,-1.63262926195325e-10,-1.65170379956095e-10,-1.6513555724873908e-10,0.9999946074984334,0.9999946074984343,-1.7650605159961223e-10,-1.637607034940173e-10,0.9999946074984347,-1.6883176851691552e-10,0.9999946074984346,-1.6493449368521287e-10,-1.6435989695710818e-10,0.9999946074984347,0.9999946505871502,-1.637607028561012e-10,0.9999930391453065,0.9999946074984336,0.999993039145306,-1.6326292508082924e-10,0.9999932846117661,-1.6517038023257268e-10,-4.6508305655362047e-07,-1.6264070881109078e-10,0.999994607498434,-1.656760030374406e-10,-1.626407088818385e-10,-1.7832538427374919e-10,-4.650830570752477e-07,-1.655086617522995e-10,-1.7358808116972603e-10,0.9999935054727433,-1.7872133830715366e-10,0.9999946074984335,0.9999930391453062,-1.637607034053442e-10,-1.6264070888889412e-10,0.9999946074984347,0.9999930391453054,0.999994607498434,-1.6477641918714168e-10,0.9999930391453054,0.9999946074984345,0.999994607498434,0.9999946074984343,-1.6491110725522947e-10,-1.6435989657940955e-10,-1.6264070870012793e-10,0.9999946074984339,0.9999946074984334,0.9999946074984336,0.9999930391453062,-1.6484782946792593e-10,-1.637607030932137e-10,-1.6326292509042867e-10,-1.6609561793178667e-10,0.9999946074984343,-1.6612583939350058e-10,0.9999946074984347,-1.6264070892136336e-10,0.9999928542609766,0.9999934425348342,0.999994501684401,0.9999946074984335,-1.6523294892397114e-10,-1.6401781581618302e-10,-1.879248505857333e-10,-1.6522253238490501e-10,0.9999946074984348,-1.8984006458322372e-10,0.9999932598034724
-6.657069026409453e-06,2.1310951993327327e-13,-2.3326875081571173e-10,-2.3326875079973613e-10,-2.332687508212398e-10,7.739106410851533e-17,7.566913533717169e-17,2.1310951717488886e-13,2.131095176414774e-13,7.448711497244615e-17,2.1310951768840589e-13,8.717675283368405e-17,7.524798856455794e-17,-2.3326875074013565e-10,-2.3326875083489725e-10,-4.650830564111945e-07,-6.204761019842012e-06,7.482055188273176e-17,7.565875560111473e-17,7.56829812592877e-17,-2.332687508212398e-10,-2.3326875079941493e-10,8.080154571280601e-17,7.525752080021707e-17,-2.332687507997367e-10,7.734125920055328e-17,-2.3326875081571173e-10,7.546840070219177e-17,7.539032935108136e-17,-2.3326875075191336e-10,-2.332687607545406e-10,7.51027784546906e-17,-4.650830564111956e-07,-2.3326875081571173e-10,-4.6508305641119527e-07,7.483151992902423e-17,-4.650831699614856e-07,7.566913533717169e-17,2.1310951757215828e-13,7.448088199050993e-17,-2.3326875079973613e-10,7.603393065766373e-17,7.451414338331913e-17,8.18174129890746e-17,2.131095178271486e-13,7.581510355767237e-17,7.957149143869602e-17,-4.650832720907673e-07,8.188398505125012e-17,-2.332687507997367e-10,-4.6508305641119474e-07,7.51027784546906e-17,7.448314476808832e-17,-2.3326875078270133e-10,-4.650830564111946e-07,-2.332687507997367e-10,7.551492244956748e-17,-4.6508305641119474e-07,-2.332687508264725e-10,-2.3326875078270133e-10,-2.3326875079973613e-10,7.553777446453734e-17,7.524798856455794e-17,7.452480734881384e-17,-2.3326875079973613e-10,-2.3326875079973613e-10,-2.332687507917137e-10,-4.6508305641119495e-07,7.552193749567703e-17,7.51027784546906e-17,7.481425100576203e-17,7.614578535915909e-17,-2.332687507917137e-10,7.59608035063021e-17,-2.332687508264725e-10,7.446575314547773e-17,-4.6508297110229713e-07,-4.6508324297579195e-07,-2.332687261885482e-10,-2.332687508264725e-10,7.575042062100011e-17,7.516061439407427e-17,8.607502895295209e-17,7.579209778635224e-17,-2.3326875078270133e-10,8.700782816600914e-17,-4.6508315845905004e-07
-6.517494232085886e-06,7.483295611625993e-17,-1.632631807080551e-10,-1.632631807366205e-10,-1.6326318068989007e-10,5.4112259487512266e-17,1.0562516292233449e-13,7.482005962666659e-17,7.477212124294485e-17,1.0390851028952012e-13,7.482005962666659e-17,6.111110039063426e-17,5.278188132292262e-17,-1.632631806840502e-10,-1.6326318074361364e-10,-1.63262926195325e-10,7.482055188273176e-17,-6.204761131439781e-06,1.0562516373153852e-13,1.0560792809589822e-13,-1.632631806842178e-10,-1.6326318070339726e-10,1.1275340810257194e-13,5.250465272274999e-17,-1.6326318069074496e-10,5.418880800929466e-17,-1.6326318075892732e-10,1.0546312246457977e-13,5.275298130816241e-17,-1.63263180738861e-10,-1.632631876992367e-10,5.2478916093497856e-17,-1.632629262024945e-10,-1.63263180738861e-10,-1.6326292618441088e-10,1.0433547642012659e-13,-1.6326296598778475e-10,1.0562516393591915e-13,7.482201369860641e-17,1.0390851044115063e-13,-1.6326318068946935e-10,1.0596270365572361e-13,1.0390851045460462e-13,5.718786273042431e-17,7.480532123281152e-17,1.0585033703920843e-13,5.559135231214599e-17,-1.6326300182749715e-10,5.723223114801149e-17,-1.6326318070107932e-10,-1.6326292618441088e-10,5.23818673825114e-17,1.0390851048982976e-13,-1.6326318071854635e-10,-1.6326292621420644e-10,-1.6326318074931333e-10,1.0535883485915344e-13,-1.6326292619325706e-10,-1.6326318069028482e-10,-1.6326318069074496e-10,-1.6326318068822367e-10,1.0544722833218866e-13,5.275298130816241e-17,1.0390851035588325e-13,-1.6326318068946935e-10,-1.6326318070423897e-10,-1.6326318076759917e-10,-1.6326292619352093e-10,1.054073040739203e-13,5.250465279589659e-17,1.0433547643258507e-13,1.0623932644986238e-13,-1.632631806885121e-10,5.3239295849312685e-17,-1.632631807038942e-10,1.0390851051783566e-13,-3.255083455446602e-07,-1.6326299162511372e-10,-1.6326316348812412e-10,-1.6326318067770816e-10,1.0565794904303987e-13,1.0484595777638734e-13,1.2006183043204385e-13,5.295881737478809e-17,-1.6326318070423897e-10,6.08670774702339e-17,-1.632629619461012e-10
-6.5212972625923405e-06,7.566588879593645e-17,-1.651706375609618e-10,-1.6517063756482804e-10,-1.6517063755758866e-10,5.4921060733641006e-17,1.069278296915808e-13,7.555170782241856e-17,7.566913533717169e-17,1.0519413968775074e-13,7.566913533717169e-17,6.194505581609239e-17,5.337628927564797e-17,-1.6517063745944608e-10,-1.6517063754613494e-10,-1.65170379956095e-10,7.565875560111473e-17,1.0562516373153852e-13,-6.2047611269459834e-06,5.3433779148277996e-17,-1.651706375397904e-10,-1.651706375218011e-10,1.1414903824726908e-13,5.3170517058844554e-17,-1.651706375575083e-10,5.473961888025934e-17,-1.651706375511693e-10,5.350229275223392e-17,5.342778155102889e-17,-1.6517063745944608e-10,-1.6517064461322217e-10,5.317050335235466e-17,-1.6517037995613032e-10,-1.6517063753004375e-10,-1.651703799560034e-10,1.056251628422314e-13,-1.651704202880641e-10,1.06927830705893e-13,7.555170782241856e-17,1.0519413983983566e-13,-1.6517063755758866e-10,5.383609032494465e-17,1.051941398527404e-13,5.786100253255454e-17,7.571101180363176e-17,5.381332326307062e-17,5.634671180847848e-17,-1.6517045656850173e-10,5.802045218083722e-17,-1.6517063750372097e-10,-1.65170379956103e-10,5.3047274499590495e-17,1.0519413988747197e-13,-1.651706375575083e-10,-1.6517037995629446e-10,-1.6517063754522362e-10,1.0665881930472221e-13,-1.651703799559678e-10,-1.6517063746985972e-10,-1.6517063745944608e-10,-1.6517063746985972e-10,1.0674820555809897e-13,5.354912073471422e-17,1.0519413975401779e-13,-1.6517063755103255e-10,-1.651706375397904e-10,-1.651706375298864e-10,-1.6517037995629012e-10,5.3958009755785027e-17,5.3160963393834167e-17,1.0562516285546875e-13,5.410833179272943e-17,-1.651706375218011e-10,5.4149213852747674e-17,-1.651706375637711e-10,1.0519413991379521e-13,-3.2931136551446225e-07,-1.6517044622936278e-10,-1.6517062012302363e-10,-1.651706375298864e-10,5.309317838339565e-17,1.0614077870057977e-13,1.2154733393489682e-13,5.3627896899286906e-17,-1.6517063755436575e-10,6.162164573653572e-17,-1.6517041619974816e-10
-6.521227831409794e-06,7.569051662310591e-17,-1.6513581474345537e-10,-1.65135814743649e-10,-1.6513581468829188e-10,5.462862014874815e-17,5.34761989975028e-17,7.583552469621983e-17,7.568292351952038e-17,1.0517705752627652e-13,7.569051662310591e-17,6.186475446235853e-17,5.330848090964441e-17,-1.651358147355437e-10,-1.651358147073696e-10,-1.6513555724873908e-10,7.56829812592877e-17,1.0560792809589822e-13,5.3433779148277996e-17,-6.204761128113965e-06,-1.6513581473577324e-10,-1.6513581479463792e-10,1.1413054070070687e-13,5.3265553305488097e-17,-1.651358147556892e-10,5.469851731818309e-17,-1.6513581475980697e-10,1.067466645820553e-13,5.3407977132447674e-17,-1.6513581475643683e-10,-1.6513582185926022e-10,5.311548116282252e-17,-1.6513555724881215e-10,-1.6513581475873443e-10,-1.651355572405981e-10,1.0560792720779652e-13,-1.6513559757756428e-10,5.346133912026465e-17,7.571448625735946e-17,1.051770576781729e-13,-1.6513581469228217e-10,1.0725118584571828e-13,1.0517705769097812e-13,5.779186727150365e-17,7.583542126953078e-17,1.0713769235752125e-13,5.624894269423368e-17,-1.6513563377448698e-10,5.787101942011029e-17,-1.6513581474595462e-10,-1.6513555723670233e-10,5.323713589478028e-17,1.0517705772560476e-13,-1.6513581468733594e-10,-1.6513555724321255e-10,-1.651358147355437e-10,5.346341947092923e-17,-1.6513555723844244e-10,-1.6513581474345537e-10,-1.6513581475981403e-10,-1.6513581474362848e-10,5.3633951862783995e-17,5.3364476541103153e-17,1.0517705759246644e-13,-1.651358146909695e-10,-1.6513581474345537e-10,-1.6513581474448766e-10,-1.651355572417135e-10,1.0669018789202385e-13,5.311548116282252e-17,1.0560792722111408e-13,5.39763915428435e-17,-1.651358147355437e-10,5.39249215226178e-17,-1.651358147302662e-10,1.0517705775167646e-13,-3.2924193714538456e-07,-1.65135623473956e-10,-1.651357973696017e-10,-1.6513581476402908e-10,5.329030454041968e-17,5.346237725493557e-17,6.071527707621876e-17,5.3636370015509734e-17,-1.6513581476548916e-10,6.162037029507695e-17,-1.6513559349481416e-10
