1.0000000000004772,-2.2438165418573934e-10,0.9999999999886159,-3.166851621681609e-10,-3.0951712372469093e-10,1.0000000005612815,0.9999999999393347,-3.379864255855714e-10,-3.2194808462901736e-10,-2.6867968840056963e-10,-3.7587001790779724e-10,-3.3585505272993186e-10,-3.2443941954147116e-10,-2.3552028414740453e-10,0.9999999999977885,-2.3561980117529435e-10,-4.336203261245199e-10,1.0000000005208352,0.9999999997929736,1.000000000395117,-2.9596106778711514e-10,-3.154413133527431e-10,-2.9610944141943745e-10,-2.849858585905469e-10,1.0000000000685194,-3.429304762117285e-10,-3.1577385014415687e-10,-4.5762078002072235e-10,-2.4534160784778626e-10,-3.095145365634307e-10,-1.8997348574528524e-10,-2.963183309106194e-10,-3.1004786965240403e-10,0.9999999998939918,1.0000000001005265,-3.406380804833604e-10,-2.973496863982271e-10,1.0000000021128213,-3.5965370827034634e-10,-2.5615727681003887e-10,-3.1125866336090694e-10,-3.727547464827533e-10,-4.6124366820946785e-10,0.9999999998861195,-2.3847342928171273e-10,-2.884570077559006e-10,1.0000000001157827,1.0000000002463112,-2.7019239422424996e-10,-3.2690887967851665e-10,-2.928450621933061e-10,-3.1742201033058737e-10,-3.2261470637248445e-10,1.0000000001157863,-2.2387333848017747e-10,-2.9371452971299865e-10
-2.2438165418573934e-10,-2.815946421502875e-10,7.021344823343696e-14,4.3347532237420257e-16,8.040726623634476e-13,7.0423951619479e-14,7.035116559442736e-14,4.1437328528921437e-16,4.2233337781771184e-16,3.2607650052617067e-16,8.555378448622789e-13,3.76975438777118e-16,3.858479104997259e-16,3.5538854156604323e-16,7.096795572389767e-14,3.6004905349287017e-16,5.525802233783898e-16,7.061215815161011e-14,7.013868592740723e-14,7.092017862885522e-14,8.159686645471143e-13,3.6818260200623665e-16,4.367885105807382e-16,4.239790734342038e-16,7.04199277996448e-14,3.6278992542951306e-16,4.062627326713801e-16,3.791055258286608e-16,3.526084797423759e-16,8.040726623618733e-13,3.89178629697898e-16,4.000428410834114e-16,3.903259394253213e-16,7.028515038981227e-14,7.032489303588771e-14,4.3971486177184116e-16,4.136915033910122e-16,1.442745694056067e-10,4.546618421271292e-16,4.587681525106516e-16,3.922689628689505e-16,3.661986998876076e-16,5.380488400998972e-16,7.013840827326956e-14,4.725616108699998e-16,4.158376034006636e-16,7.04227132666264e-14,7.074212542941472e-14,4.2087367097727984e-16,4.0200969273952603e-16,4.178355795243713e-16,4.785157505248125e-16,3.8574021518329227e-16,7.042269475534508e-14,3.6094471534249835e-16,4.1493582803258673e-16
0.9999999999886159,7.021344823343696e-14,0.9999999995926129,2.654433194065804e-14,2.9062451042884207e-14,1.0000000004640623,0.9999999998365218,2.93069359099743e-11,2.313279467663782e-14,4.628917655666114e-14,-3.3520191625299106e-15,1.4605136541552616e-14,2.0727775801178e-14,6.425832870929268e-14,0.9999999999436207,6.441619061634924e-14,-2.8372879761225523e-14,1.0000000004384644,0.9999999996734757,1.000000000337079,3.614082489038204e-14,2.4463092945620627e-14,3.703330139837038e-14,4.22804116624309e-14,0.9999999999711267,1.0409750413920756e-14,2.6012480955334304e-14,-4.671117988531776e-14,5.922256551366926e-14,2.9062551802299554e-14,8.866966634167299e-14,3.5507158582679807e-14,5.602350691266652e-11,0.9999999997860105,0.9999999999956114,1.4786293734517926e-14,7.082220286531607e-11,1.000000002178999,5.646213179150458e-15,5.781971712536608e-14,2.7655978137064154e-14,-4.4210195294746465e-15,-4.243378918946384e-14,0.9999999997665799,6.699516330110593e-14,4.015790632094467e-14,1.0000000000186013,1.0000000001742668,4.95603298627106e-14,1.9728204746700266e-14,3.8067703534360366e-14,2.7917954931852103e-14,2.166364467614363e-14,1.0000000000186007,7.036477930427177e-14,3.748887935212318e-14
-3.166851621681609e-10,4.3347532237420257e-16,2.654433194065804e-14,-2.8128093292634104e-10,4.8233718014195e-16,2.6795467031748798e-14,2.670840839933339e-14,4.954698500292207e-16,5.042212791259586e-16,3.8972833954660715e-16,5.134204540634625e-16,4.499797556125872e-16,4.600088255117754e-16,4.2411074772205943e-16,2.744330289353327e-14,4.2954713375959306e-16,1.3134252300891985e-12,2.7019456764953824e-14,2.6455558539998738e-14,5.4497254446727146e-11,4.897241113471823e-16,4.3939451320822503e-16,5.213477424930197e-16,5.055891590914354e-16,2.6790442482876425e-14,4.3322375481291886e-16,4.852430520425531e-16,4.532757555704573e-16,4.2142240810333636e-16,4.823371803986363e-16,4.645926909208266e-16,4.772628672591971e-16,4.653922288503848e-16,2.6629851122392944e-14,2.667728563983542e-14,5.247317671809015e-16,4.937266362146315e-16,5.824628162704722e-11,5.430227209595086e-16,5.487022523557046e-16,4.68458592471026e-16,4.3706990058857695e-16,1.278096700430266e-12,2.6455341174944987e-14,1.1227242395728543e-12,4.959022952059829e-16,2.6793778880694264e-14,5.4075270086234e-11,5.02139696172209e-16,9.559039191705537e-13,4.9913951669481485e-16,5.706408544878623e-16,4.607987997338624e-16,2.679362598258554e-14,4.309707742700077e-16,4.953276584715455e-16
-3.0951712372469093e-10,8.040726623634476e-13,2.9062451042884207e-14,4.8233718014195e-16,-2.8141705855577784e-10,2.929608152914805e-14,2.921526133842403e-14,4.617495367822462e-16,4.699679030389612e-16,3.6299873176850305e-16,4.784845805673485e-16,4.1954878132266544e-16,4.28833803736544e-16,3.9547596981968602e-16,2.9899540573959466e-14,4.002733511593633e-16,6.15632051485227e-16,2.950489335600957e-14,2.8980007256434925e-14,2.9846398971588334e-14,4.559217823451575e-16,4.0953676960057935e-16,4.85825433387671e-16,4.71459316183829e-16,2.9291415358840164e-14,4.039543881061979e-16,4.519541566133252e-16,4.225891364610733e-16,3.9284521816362257e-16,8.943705468885343e-13,4.3330890471051727e-16,4.446240853870519e-16,4.337405916837448e-16,2.914222694169522e-14,5.807982221063253e-11,4.893312525811329e-16,4.599669566722833e-16,6.28842377043697e-11,5.063386568608023e-16,5.106201566007873e-16,4.36688031525722e-16,4.0786147225338977e-16,5.993301464815175e-16,2.897957570916329e-14,5.26180667245775e-16,4.62482597662085e-16,2.9294755022691726e-14,2.964889179956663e-14,4.679073522285742e-16,4.480669298536324e-16,4.653260260112005e-16,5.324830290669382e-16,4.2921000933276323e-16,2.9294678622563256e-14,4.012691375153681e-16,4.614191012554859e-16
1.0000000005612815,7.0423951619479e-14,1.0000000004640623,2.6795467031748798e-14,2.929608152914805e-14,1.0000000007711203,1.0000000004258092,2.9790915086687184e-11,2.337956793720204e-14,4.648034140424809e-14,-6.172086109446693e-12,1.482472891458929e-14,2.0951660274064954e-14,6.446474762687659e-14,1.0000000005335932,6.462518888007495e-14,-5.580947173180378e-11,1.0000000010280425,1.0000000002625262,1.0000000009269985,3.6377668834455004e-14,2.4677650566916738e-14,7.419539904597047e-11,4.25246062228337e-14,1.0000000005604912,1.0622069189515292e-14,2.6246981110453653e-14,-9.250379061299926e-11,5.942771971064104e-14,2.9296069429812966e-14,8.889398340734245e-14,3.573870919179078e-14,2.837908855937936e-14,1.000000000375224,1.0000000005848702,1.5041031771603997e-14,3.5828238280342756e-14,1.000000002770676,1.1761338092140765e-11,5.808611509239026e-14,2.7883535730231095e-14,-4.207100031677153e-15,-4.2119828282847044e-14,1.0000000003556313,1.3386104228233772e-10,4.0397372952579226e-14,1.000000000607968,1.000000000763989,4.980282297565828e-14,3.972812119874982e-11,3.8308580812109015e-14,5.610458818518152e-11,2.188789675905462e-14,1.000000000607968,7.057427013822846e-14,3.772826367443329e-14
0.9999999999393347,7.035116559442736e-14,0.9999999998365218,2.670840839933339e-14,2.921526133842403e-14,1.0000000004258092,0.9999999995159047,1.4886910891996843e-14,2.3294095450135927e-14,4.6414646090278016e-14,-3.1893571862288105e-15,1.4748626957446686e-14,2.0874388225360016e-14,6.439343591273332e-14,0.9999999999057633,6.455271066539467e-14,-2.8160109850682627e-14,1.000000000400348,0.9999999996350136,1.0000000002991865,7.222702790659981e-11,2.4603502852744437e-14,3.719840561632203e-14,4.244023353666935e-14,0.999999999932871,1.0548454183461306e-14,2.616580238421539e-14,-4.656561324838375e-14,5.935672194312446e-14,2.921516029652503e-14,8.881645210291509e-14,3.565875145852115e-14,2.8300772925474205e-14,0.9999999997476563,0.9999999999572864,1.4952785532842913e-14,3.5745513081984584e-14,1.0000000021422575,5.81852661069879e-15,5.799391122057276e-14,2.780463034471998e-14,-4.281082231424026e-15,-4.222852659010501e-14,0.9999999997281187,6.717585127475182e-14,8.022362808468719e-11,0.9999999999803477,1.0000000001362452,4.9718892443362023e-14,1.9883055029968108e-14,3.8225250371901944e-14,2.8098513863415876e-14,4.340253258000981e-11,0.9999999999803472,7.050165781019776e-14,3.7645419136421194e-14
-3.379864255855714e-10,4.1437328528921437e-16,2.93069359099743e-11,4.954698500292207e-16,4.617495367822462e-16,2.9790915086687184e-11,1.4886910891996843e-14,-2.813767549345128e-10,9.552756651331955e-13,3.7077994470561875e-16,9.769050544919487e-13,4.294519315273147e-16,4.3967649225380033e-16,8.062336049813753e-13,1.5599526459501782e-14,4.1050916789275574e-16,1.2478583606899581e-12,3.0223281552436915e-11,1.464198494020055e-14,1.5543783128574385e-14,4.687331014379678e-16,4.1923376363760953e-16,9.927562549515102e-13,4.853099108764481e-16,1.4966658875674648e-14,4.12915758599353e-16,4.641699516093521e-16,8.576240785881055e-13,4.0246226185362806e-16,4.61804701303058e-16,4.453396754092477e-16,4.566967097581565e-16,8.850681808388348e-13,1.4810861689405574e-14,1.4856676578979076e-14,9.998222928537734e-13,9.403591138781236e-13,3.4564784462777565e-11,1.032446244657832e-12,1.041575820888397e-12,4.478871310676342e-16,8.293539099909909e-13,6.127219938839e-16,1.4641313850026174e-14,1.0698606634524139e-12,4.753742997502541e-16,1.496967182392652e-14,1.5338507322944677e-14,4.814244584256028e-16,4.5660694549141005e-16,4.784629394798866e-16,5.470644624442323e-16,8.757878249452067e-13,1.49697427421927e-14,4.1178329403750707e-16,4.747029047602437e-16
-3.2194808462901736e-10,4.2233337781771184e-16,2.313279467663782e-14,5.042212791259586e-16,4.699679030389612e-16,2.337956793720204e-14,2.3294095450135927e-14,9.552756651331955e-13,-2.8134029564890965e-10,3.777282435144199e-16,9.946133849879713e-13,4.373936123495087e-16,4.479281159010351e-16,4.124798312975218e-16,2.401813902280568e-14,4.180917568357071e-16,6.393846642979477e-16,4.6962357211188324e-11,2.3045204294182522e-14,2.396209283070564e-14,4.773168827919254e-16,8.490411504204292e-13,1.0106529645345612e-12,4.938326725169748e-16,4.651379359259971e-11,4.202650392410295e-16,4.726440757606347e-16,8.739516669758569e-13,4.0985119127120273e-16,4.702015785617336e-16,4.531293314155414e-16,4.648959205439259e-16,4.521846220785693e-16,2.321689212420609e-14,4.629180753747628e-11,1.017800562955305e-12,9.571646893928368e-13,5.1373677834592735e-11,1.0513694581450834e-12,1.0606316428503935e-12,4.561079311078942e-16,8.448722174049645e-13,6.241990683814481e-16,2.3044847469999936e-14,5.477081249720664e-16,4.837639445351154e-16,2.3378351935139368e-14,2.3753068197667975e-14,4.901954677352602e-16,4.653215170327765e-16,4.872665223703659e-16,1.1072772583838406e-12,8.918407516655772e-13,2.337839009752588e-14,4.193594121962859e-16,4.830218635917981e-16
-2.6867968840056963e-10,3.2607650052617067e-16,4.628917655666114e-14,3.8972833954660715e-16,3.6299873176850305e-16,4.648034140424809e-14,4.6414646090278016e-14,3.7077994470561875e-16,3.777282435144199e-16,-2.8173466628888917e-10,3.859984158106703e-16,6.719971298927263e-13,3.4582643251640534e-16,6.340749984599245e-13,4.6974575347580424e-14,6.423881991993484e-13,9.814865167821984e-13,4.665147903803919e-14,4.6221679118420434e-14,4.693123120754729e-14,3.687756773273632e-16,6.555051884121125e-13,3.9245171251628094e-16,3.816509357474112e-16,4.647684002606779e-14,6.458730337638513e-13,3.652463232694704e-16,6.744995168094405e-13,6.297142601134768e-13,3.6299873178574464e-16,3.5027565569609583e-16,3.595036449849977e-16,3.4993932277433525e-16,4.63544802467037e-14,4.639072006172004e-14,3.952000280948163e-16,3.718433566422116e-16,9.624757601816562e-11,4.0819039816762966e-16,4.115612753472009e-16,3.521655153314598e-16,6.522728439425761e-13,4.819730555481931e-16,4.622142945577396e-14,4.227696838172304e-16,3.735162410113156e-16,4.6479406528669935e-14,4.6769323596340305e-14,3.785670561130321e-16,7.141598635778684e-13,3.7609977832064976e-16,4.299373056500508e-16,3.4619115975844103e-16,4.6479478726398887e-14,6.44246700983101e-13,3.736905439101066e-16
-3.7587001790779724e-10,8.555378448622789e-13,-3.3520191625299106e-15,5.134204540634625e-16,4.784845805673485e-16,-6.172086109446693e-12,-3.1893571862288105e-15,9.769050544919487e-13,9.946133849879713e-13,3.859984158106703e-16,-2.812967673825971e-10,4.464619931080498e-16,4.562976817050655e-16,4.2073710693933514e-16,-2.4597044997309354e-15,4.25820386249395e-16,6.544885035266096e-16,-2.880478498494129e-15,-3.4400653716087204e-15,-2.5162577341171522e-15,9.657823882679087e-13,8.668473207911932e-13,5.174803375948332e-16,5.0139627354042e-16,-3.107947099707912e-15,4.2954453153153297e-16,4.810661355914808e-16,8.938840990859483e-13,4.1796854369302603e-16,4.784845805673485e-16,4.607472824030359e-16,4.733585679950838e-16,4.61226488561932e-16,-3.267009122626273e-15,-6.405096968366632e-12,5.204486284060564e-16,4.893149803585568e-16,-1.2843638889664188e-12,1.0716124555166684e-12,5.430532889127005e-16,4.638842075069328e-16,4.3370275290934586e-16,6.372236534505492e-16,-3.440298281211456e-15,5.597373514174226e-16,4.923606849205356e-16,-3.104323740672234e-15,-2.7267930498756536e-15,4.974642485779526e-16,4.765712116166708e-16,4.948434230704118e-16,5.659696415737592e-16,4.565391810591666e-16,-3.1042988912035763e-15,4.2713749453437064e-16,4.912196098500669e-16
-3.3585505272993186e-10,3.76975438777118e-16,1.4605136541552616e-14,4.499797556125872e-16,4.1954878132266544e-16,1.482472891458929e-14,1.4748626957446686e-14,4.294519315273147e-16,4.373936123495087e-16,6.719971298927263e-13,4.464619931080498e-16,-2.8153575237664684e-10,4.000755731324281e-16,3.6855062393752035e-16,1.5391287644290314e-14,7.426607267428911e-13,5.724433546884648e-16,1.5020606638241304e-14,1.452795493414064e-14,1.53415996103379e-14,4.2551807594253615e-16,3.813896017821307e-16,4.528820722817968e-16,4.4041483882122655e-16,1.4820578888775238e-14,3.7605682663236923e-16,4.213841423767354e-16,3.930365642250669e-16,7.283584020842545e-13,4.1954878132266544e-16,4.0476395796825903e-16,4.1517611681313e-16,4.0447095567206055e-16,2.9214173225223884e-11,1.4721484429043527e-14,4.561540369160268e-16,4.2932907784518363e-16,3.380772688201848e-11,4.719471846690183e-16,4.761229039079839e-16,4.0676535815277717e-16,3.797826491988429e-16,5.576673352342226e-16,1.452749812149421e-14,9.743265878507977e-13,4.314722643013538e-16,1.4823490113934625e-14,1.515616603390503e-14,4.370925051627654e-16,4.1652380167475985e-16,4.338554259292818e-16,4.962904029221792e-16,4.0050613723791426e-16,1.4823444568373867e-14,7.447631792359583e-13,8.57256047463597e-13
-3.2443941954147116e-10,3.858479104997259e-16,2.0727775801178e-14,4.600088255117754e-16,4.28833803736544e-16,2.0951660274064954e-14,2.0874388225360016e-14,4.3967649225380033e-16,4.479281159010351e-16,3.4582643251640534e-16,4.562976817050655e-16,4.000755731324281e-16,-2.8149711158040457e-10,3.7725618626419534e-16,4.284486127538526e-11,3.819926297769767e-16,5.858924045828134e-16,2.1151665965646575e-14,2.0648766300856044e-14,2.1479147404395737e-14,4.3542106381417846e-16,3.8984414123536765e-16,4.633809886892823e-16,4.499984344763136e-16,2.094740025532092e-14,3.847696771151659e-16,8.577938044857062e-13,4.021180894883674e-16,3.744392407525621e-16,4.2919556528224606e-16,4.1364773257619533e-16,8.444510653092187e-13,4.135476793561017e-16,2.0804250250226242e-14,2.084638747505006e-14,9.285646702933152e-13,4.3888189534089534e-16,4.608861046515761e-11,4.828043189060518e-16,4.870916222297142e-16,8.281178674413806e-13,3.883351908833144e-16,5.706173931731436e-16,2.0648444965271533e-14,5.014784211621597e-16,4.41033930981942e-16,2.0950351648007325e-14,2.128975878441725e-14,4.4688210446524775e-16,4.264078321562857e-16,4.4372899258002427e-16,5.080663081595686e-16,4.094934175404555e-16,2.0950243439963976e-14,3.824113571232308e-16,4.407618916890163e-16
-2.3552028414740453e-10,3.5538854156604323e-16,6.425832870929268e-14,4.2411074772205943e-16,3.9547596981968602e-16,6.446474762687659e-14,6.439343591273332e-14,8.062336049813753e-13,4.124798312975218e-16,6.340749984599245e-13,4.2073710693933514e-16,3.6855062393752035e-16,3.7725618626419534e-16,-2.8161683459908553e-10,6.499852408809642e-14,3.5204932295429005e-16,1.0743517502230881e-12,6.464975652333449e-14,6.418530718896659e-14,6.495173147352396e-14,4.016131950680575e-16,7.158456089180893e-13,4.27662841192493e-16,4.1525809614168394e-16,6.446100088302505e-14,7.056558274414662e-13,3.9761782233203104e-16,7.37700438949627e-13,3.4561525389663554e-16,3.9536930118653425e-16,3.8105873080566454e-16,3.9166875751697563e-16,3.817371712731406e-16,6.432888204156984e-14,6.436780928236048e-14,4.301993920339847e-16,4.047748843551763e-16,1.3233623611850412e-10,4.448282780358018e-16,4.487929425918254e-16,3.8379489087055453e-16,7.124279934011767e-13,5.26211451479262e-16,6.418500882965167e-14,4.617411568803334e-16,4.068035506726184e-16,6.446375409957617e-14,6.477669677854998e-14,4.1195074539810066e-16,7.818044394618482e-13,4.09148244374025e-16,4.677914880291373e-16,3.7721305654291945e-16,6.446384141826354e-14,3.532345300868146e-16,4.067153617725107e-16
0.9999999999977885,7.096795572389767e-14,0.9999999999436207,2.744330289353327e-14,2.9899540573959466e-14,1.0000000005335932,0.9999999999057633,1.5599526459501782e-14,2.401813902280568e-14,4.6974575347580424e-14,-2.4597044997309354e-15,1.5391287644290314e-14,4.284486127538526e-11,6.499852408809642e-14,0.9999999997330029,6.516456356578702e-14,-2.7206631595118146e-14,1.0000000005087466,0.999999999741869,1.000000000408589,3.698905572799019e-14,2.523270155215684e-14,3.7938164188694345e-14,8.587563721306448e-11,1.0000000000406415,1.116969251243338e-14,5.343772766843839e-11,-4.5913312049698944e-14,5.99579783564747e-14,2.9899599086039766e-14,8.947329831352135e-14,7.23080362395624e-11,2.896326019944263e-14,0.9999999998549888,1.0000000000647493,3.123698132619328e-11,3.644380667418776e-14,1.0000000022568196,6.5926659304148626e-15,5.877419962218736e-14,5.665635082449479e-11,-3.654480113069768e-15,-4.130943387073674e-14,0.9999999998349732,6.798520598012901e-14,4.101597798757144e-14,1.000000000088127,1.000000000245067,5.042836245150234e-14,2.0576921110159454e-14,3.8931001170084243e-14,2.890868357502062e-14,2.246671362515477e-14,1.0000000000881275,7.111504364157403e-14,3.834627416015702e-14
-2.3561980117529435e-10,3.6004905349287017e-16,6.441619061634924e-14,4.2954713375959306e-16,4.002733511593633e-16,6.462518888007495e-14,6.455271066539467e-14,4.1050916789275574e-16,4.180917568357071e-16,6.423881991993484e-13,4.25820386249395e-16,7.426607267428911e-13,3.819926297769767e-16,3.5204932295429005e-16,6.516456356578702e-14,-2.816016997940151e-10,5.471881611867668e-16,6.481180797479873e-14,6.43425885962999e-14,6.511719161858756e-14,4.066783509792456e-16,3.6427275117551196e-16,4.329347346718648e-16,4.2012749087145414e-16,6.462131823397962e-14,3.596108721674681e-16,4.0291443803284e-16,3.7569666617942094e-16,6.957129993717794e-13,4.0026550617823315e-16,3.8589342338390126e-16,3.965914922720563e-16,3.8654235691984727e-16,6.448738352650662e-14,6.45270807123263e-14,4.3589679818555126e-16,4.097227306375654e-16,1.3270026034919865e-10,4.509115042615305e-16,4.549439839727495e-16,3.8833714366455166e-16,3.6275871669379464e-16,5.329572135764199e-16,6.434216389981305e-14,4.680783342198946e-16,4.1214899551684937e-16,6.462393987630239e-14,6.494063967400823e-14,4.1669413291604225e-16,3.982134106030885e-16,4.1429090287494086e-16,4.740713306026261e-16,3.8237786291524154e-16,6.462407757056791e-14,7.112299645537062e-13,4.1113837840488243e-16
-4.336203261245199e-10,5.525802233783898e-16,-2.8372879761225523e-14,1.3134252300891985e-12,6.15632051485227e-16,-5.580947173180378e-11,-2.8160109850682627e-14,1.2478583606899581e-12,6.393846642979477e-16,9.814865167821984e-13,6.544885035266096e-16,5.724433546884648e-16,5.858924045828134e-16,1.0743517502230881e-12,-2.7206631595118146e-14,5.471881611867668e-16,-2.8064912170562457e-10,-5.5231117759084524e-11,-2.84881904551238e-14,-5.428424862890841e-11,6.251911988122265e-16,5.587309402336474e-16,6.653565176714171e-16,6.472841978519757e-16,-2.8053263502701855e-14,1.0936970179100084e-12,6.191244335478161e-16,1.1416767030421576e-12,1.0669125042180084e-12,6.155793256013243e-16,5.941623711273233e-16,6.089183049099631e-16,5.928656295664658e-16,-2.8261226432332387e-14,-2.820065379885539e-14,6.699349765532241e-16,6.302899772649041e-16,-4.942364162981539e-11,6.919919074139902e-16,1.3879656403834974e-12,5.967744586449318e-16,1.1046227252713204e-12,1.6238646262595927e-12,-2.848841390787409e-14,1.424552264800679e-12,6.339501261086589e-16,-5.5813029072073044e-11,-5.483159517300493e-11,6.417279207792604e-16,1.2083128752591727e-12,6.379164760971365e-16,7.288870135280508e-16,5.865968460229471e-16,-5.5813029072065774e-11,5.489549036126295e-16,6.330395640886429e-16
1.0000000005208352,7.061215815161011e-14,1.0000000004384644,2.7019456764953824e-14,2.950489335600957e-14,1.0000000010280425,1.000000000400348,3.0223281552436915e-11,4.6962357211188324e-11,4.665147903803919e-14,-2.880478498494129e-15,1.5020606638241304e-14,2.1151665965646575e-14,6.464975652333449e-14,1.0000000005087466,6.481180797479873e-14,-5.5231117759084524e-11,1.0000000007205283,1.0000000002368545,1.000000000902105,3.658927305830588e-14,2.4869841951455383e-14,3.7511995794180324e-14,4.274256189204208e-14,1.0000000005350975,1.0811549539994527e-14,2.645677162507218e-14,-9.210804876183339e-11,5.96110670340942e-14,2.950482346582186e-14,8.909445619232595e-14,3.5945550614107844e-14,2.858151426050955e-14,1.0000000003496983,1.0000000005593839,1.5267754558135977e-14,3.6041269549567714e-14,1.0000000027473581,6.146337139076325e-15,1.1605740505572674e-10,2.8086763348202133e-14,-7.988596003839008e-12,-8.32531256977891e-11,1.0000000003299572,1.3435208669199868e-10,4.061144014836374e-14,1.0000000005825773,1.0000000007389178,9.953470147433029e-11,2.017616313313505e-14,3.8524054472421784e-14,2.844162752131666e-14,2.2088178366478735e-14,1.0000000005825764,7.076135929144521e-14,3.794197045244644e-14
0.9999999997929736,7.013868592740723e-14,0.9999999996734757,2.6455558539998738e-14,2.8980007256434925e-14,1.0000000002625262,0.9999999996350136,1.464198494020055e-14,2.3045204294182522e-14,4.6221679118420434e-14,-3.4400653716087204e-15,1.452795493414064e-14,2.0648766300856044e-14,6.418530718896659e-14,0.999999999741869,6.43425885962999e-14,-2.84881904551238e-14,1.0000000002368545,0.9999999991897364,1.000000000135347,3.605716744720136e-14,2.4387387191103338e-14,3.69438535987152e-14,4.2194454091562644e-14,0.9999999997695924,1.0334856711296376e-14,2.592943360971484e-14,-4.678983371247249e-14,5.914984542836338e-14,2.897990326787403e-14,8.859025194364721e-14,3.542550157250671e-14,2.8072865423376857e-14,0.9999999995845279,0.9999999997941152,1.469688894993472e-14,3.550540584812613e-14,1.0000000019766453,5.55232320772737e-15,5.772555513067631e-14,2.7575563371914773e-14,-4.496616937357761e-15,-4.254451274625981e-14,0.9999999995651545,6.689759471942393e-14,4.007285249753695e-14,0.9999999998170657,0.9999999999726058,4.9475085297679896e-14,1.9644565496812532e-14,3.798243280628766e-14,2.7820256542696664e-14,2.15845012962146e-14,0.9999999998170649,7.029072488037626e-14,3.7404121859430786e-14
1.000000000395117,7.092017862885522e-14,1.000000000337079,5.4497254446727146e-11,2.9846398971588334e-14,1.0000000009269985,1.0000000002991865,1.5543783128574385e-14,2.396209283070564e-14,4.693123120754729e-14,-2.5162577341171522e-15,1.53415996103379e-14,2.1479147404395737e-14,6.495173147352396e-14,1.000000000408589,6.511719161858756e-14,-5.428424862890841e-11,1.000000000902105,1.000000000135347,1.0000000005195586,3.6935492494284866e-14,2.5183864321998423e-14,3.788064953064092e-14,4.3099215396486764e-14,1.0000000004340484,1.1121726074637302e-14,2.6800031614414212e-14,-4.596399408437708e-14,5.99113575772976e-14,2.9846345903850416e-14,8.942242411456871e-14,3.6284025202176e-14,2.891201159935221e-14,1.000000000248429,1.0000000004581793,1.5639431117421985e-14,3.6389949527882355e-14,1.0000000026496996,1.2999905462410272e-11,5.871401509977239e-14,2.8419211864912363e-14,-3.703010028012479e-15,-8.234027559079981e-11,1.000000000228452,1.3515591750493807e-10,4.096187911423904e-14,1.000000000481534,1.0000000006383922,5.037350575226809e-14,4.08382006386958e-11,7.736215861495919e-11,5.740063119367683e-11,2.2415919281581594e-14,1.0000000004815324,7.106755584350727e-14,3.829202721050111e-14
-2.9596106778711514e-10,8.159686645471143e-13,3.614082489038204e-14,4.897241113471823e-16,4.559217823451575e-16,3.6377668834455004e-14,7.222702790659981e-11,4.687331014379678e-16,4.773168827919254e-16,3.687756773273632e-16,9.657823882679087e-13,4.2551807594253615e-16,4.3542106381417846e-16,4.016131950680575e-16,3.698905572799019e-14,4.066783509792456e-16,6.251911988122265e-16,3.658927305830588e-14,3.605716744720136e-14,3.6935492494284866e-14,-2.813906283631333e-10,4.159948344995185e-16,4.930427553211699e-16,4.784818265445044e-16,3.637326945510012e-14,4.0990251457699297e-16,4.586889858192734e-16,4.289316971595598e-16,3.9913044597595067e-16,4.559217823451575e-16,4.388917401033107e-16,4.519025108720166e-16,4.4046567810714327e-16,3.622143478248399e-14,3.626606431558971e-14,4.96387766000526e-16,4.669165650125193e-16,7.703703445567438e-11,5.143926738054248e-16,5.182345954906486e-16,4.431027179968063e-16,4.13862792028982e-16,6.079983916151693e-16,3.6056780155237784e-14,5.342059183225706e-16,4.691983319629125e-16,3.6376153077252716e-14,3.673533104238801e-14,4.743700317425857e-16,4.547541474111485e-16,4.717310406037281e-16,5.396467170140204e-16,4.3585178349301875e-16,3.6376153077252716e-14,4.0729357356067004e-16,4.681679155458328e-16
-3.154413133527431e-10,3.6818260200623665e-16,2.4463092945620627e-14,4.3939451320822503e-16,4.0953676960057935e-16,2.4677650566916738e-14,2.4603502852744437e-14,4.1923376363760953e-16,8.490411504204292e-13,6.555051884121125e-13,8.668473207911932e-13,3.813896017821307e-16,3.8984414123536765e-16,7.158456089180893e-13,2.523270155215684e-14,3.6427275117551196e-16,5.587309402336474e-16,2.4869841951455383e-14,2.4387387191103338e-14,2.5183864321998423e-14,4.159948344995185e-16,-2.815688795389973e-10,8.807033636696619e-13,4.304436983429162e-16,2.4674105037104057e-14,7.29801834466416e-13,4.118348116974745e-16,7.625770441255022e-13,3.576907082900907e-16,4.0964070399678923e-16,3.950863078829648e-16,8.063711963867128e-13,3.9487627670698194e-16,2.453635533870856e-14,4.8906809666504096e-11,4.45802844655137e-16,4.193941272496008e-16,5.332311241159808e-11,4.60400285619438e-16,4.645403160096268e-16,3.9704549610720946e-16,7.369101915919307e-13,5.44427506000438e-16,2.4386895032400683e-14,4.778291853577769e-16,4.213431983619423e-16,2.4676699772711285e-14,2.500243234649556e-14,4.266165155205697e-16,8.078418754899876e-13,4.2433367346759254e-16,9.648814964234064e-13,3.9099232437457835e-16,2.467669882346385e-14,3.654275278911367e-16,4.2081413051163835e-16
-2.9610944141943745e-10,4.367885105807382e-16,3.703330139837038e-14,5.213477424930197e-16,4.85825433387671e-16,7.419539904597047e-11,3.719840561632203e-14,9.927562549515102e-13,1.0106529645345612e-12,3.9245171251628094e-16,5.174803375948332e-16,4.528820722817968e-16,4.633809886892823e-16,4.27662841192493e-16,3.7938164188694345e-14,4.329347346718648e-16,6.653565176714171e-16,3.7511995794180324e-14,3.69438535987152e-14,3.788064953064092e-14,4.930427553211699e-16,8.807033636696619e-13,-2.812693251127121e-10,5.095192945113051e-16,7.418572504236564e-11,4.363701543475134e-16,4.882066819950788e-16,4.566466627441262e-16,4.2450956682223393e-16,4.856736649912257e-16,4.677801361101947e-16,4.810725528100496e-16,4.686453958721027e-16,3.711955861395913e-14,3.716740358172623e-14,5.285548125937202e-16,4.963617702887762e-16,7.915233162264278e-11,5.471851226393183e-16,5.520657486575391e-16,4.719922133145214e-16,4.4043075873550315e-16,6.471722629395142e-16,3.69436858669924e-14,1.131163962206889e-12,4.994653568112694e-16,3.728443006377925e-14,3.766728841496905e-14,5.058694675433508e-16,4.840885747472554e-16,5.02227048523746e-16,1.144261987114254e-12,4.637265596269817e-16,3.728437846235144e-14,4.3419596955411735e-16,4.98622192515254e-16
-2.849858585905469e-10,4.239790734342038e-16,4.22804116624309e-14,5.055891590914354e-16,4.71459316183829e-16,4.25246062228337e-14,4.244023353666935e-14,4.853099108764481e-16,4.938326725169748e-16,3.816509357474112e-16,5.0139627354042e-16,4.4041483882122655e-16,4.499984344763136e-16,4.1525809614168394e-16,8.587563721306448e-11,4.2012749087145414e-16,6.472841978519757e-16,4.274256189204208e-14,4.2194454091562644e-14,4.3099215396486764e-14,4.784818265445044e-16,4.304436983429162e-16,5.095192945113051e-16,-2.813260561243605e-10,4.251999940006324e-14,4.244823605255572e-16,4.731798856418426e-16,4.441279631714564e-16,4.1250000969649917e-16,4.714267924799852e-16,4.539068333293118e-16,4.668813158422032e-16,4.549571110884049e-16,4.236387789908338e-14,4.240978668834083e-14,5.131022682534069e-16,4.819387608850621e-16,8.941122354602108e-11,5.3130081783007915e-16,5.360135637312597e-16,4.584626621904755e-16,4.28158722805275e-16,6.292793608968199e-16,4.219405298566355e-14,5.524992640092031e-16,4.849548689420661e-16,4.252325946425845e-14,4.289318393631335e-14,4.899341222525399e-16,4.712313678782516e-16,4.873197347792349e-16,5.582693358235017e-16,4.505936063134662e-16,4.2523249321173996e-14,4.2173317503208487e-16,4.840901624411106e-16
1.0000000000685194,7.04199277996448e-14,0.9999999999711267,2.6790442482876425e-14,2.9291415358840164e-14,1.0000000005604912,0.999999999932871,1.4966658875674648e-14,4.651379359259971e-11,4.647684002606779e-14,-3.107947099707912e-15,1.4820578888775238e-14,2.094740025532092e-14,6.446100088302505e-14,1.0000000000406415,6.462131823397962e-14,-2.8053263502701855e-14,1.0000000005350975,0.9999999997695924,1.0000000004340484,3.637326945510012e-14,2.4674105037104057e-14,7.418572504236564e-11,4.251999940006324e-14,0.9999999997852409,1.0617911971934937e-14,2.6242416475867484e-14,-4.649275732895997e-14,5.942376406537144e-14,2.929158300994062e-14,8.888966448235694e-14,3.573423519002486e-14,2.837470814164629e-14,0.9999999998822862,1.0000000000919318,2.9921664948317985e-11,3.582356256925947e-14,1.000000002277694,5.9049499856772275e-15,5.808110577524316e-14,2.7879152074314264e-14,-4.21108390624363e-15,-4.21257863107814e-14,0.9999999998626962,6.72663969804138e-14,4.0392847503155204e-14,1.0000000001150284,1.0000000002710416,4.979808508508575e-14,1.996064822471044e-14,3.8304193939536273e-14,5.6093963154754174e-11,2.1883381366280476e-14,1.0000000001150275,7.057029247595444e-14,3.772356119675923e-14
-3.429304762117285e-10,3.6278992542951306e-16,1.0409750413920756e-14,4.3322375481291886e-16,4.039543881061979e-16,1.0622069189515292e-14,1.0548454183461306e-14,4.12915758599353e-16,4.202650392410295e-16,6.458730337638513e-13,4.2954453153153297e-16,3.7605682663236923e-16,3.847696771151659e-16,7.056558274414662e-13,1.116969251243338e-14,3.596108721674681e-16,1.0936970179100084e-12,1.0811549539994527e-14,1.0334856711296376e-14,1.1121726074637302e-14,4.0990251457699297e-16,7.29801834466416e-13,4.363701543475134e-16,4.244823605255572e-16,1.0617911971934937e-14,-2.815904679701318e-10,4.0579920313449005e-16,7.513583859290809e-13,7.008364453876333e-13,4.0395266276520153e-16,3.8935229805871634e-16,7.950770908378047e-13,3.892914820544671e-16,1.0482186372448148e-14,1.0522017726443354e-14,4.3966749539129523e-16,4.1345962733202626e-16,2.53010034678952e-11,4.540445915532375e-16,9.114616312578972e-13,3.916558952722963e-16,7.262486051985027e-13,5.366246351928655e-16,1.0334550043747633e-14,9.368960042128412e-13,4.156210033243662e-16,1.06208250395107e-14,2.1775766279294412e-11,4.208226022215864e-16,7.958158719516155e-13,4.183280538715838e-16,4.782154873479011e-16,3.8520339521788797e-16,1.06208250395107e-14,3.60762860214109e-16,4.1492823508110613e-16
-3.1577385014415687e-10,4.062627326713801e-16,2.6012480955334304e-14,4.852430520425531e-16,4.519541566133252e-16,2.6246981110453653e-14,2.616580238421539e-14,4.641699516093521e-16,4.726440757606347e-16,3.652463232694704e-16,4.810661355914808e-16,4.213841423767354e-16,8.577938044857062e-13,3.9761782233203104e-16,5.343772766843839e-11,4.0291443803284e-16,6.191244335478161e-16,2.645677162507218e-14,2.592943360971484e-14,2.6800031614414212e-14,4.586889858192734e-16,4.118348116974745e-16,4.882066819950788e-16,4.731798856418426e-16,2.6242416475867484e-14,4.0579920313449005e-16,-2.81410551721919e-10,4.2456365629269303e-16,3.9484338319096707e-16,4.5202884130180645e-16,4.3532364505574567e-16,4.4768112726474975e-16,4.361138571805511e-16,2.6092482478586153e-14,2.6136587500986163e-14,4.923256161748467e-16,4.621982117390121e-16,5.6838987022257095e-11,5.093355304382091e-16,5.134412465091325e-16,8.728495053536454e-13,4.0990420025774625e-16,6.017833099740983e-16,2.592925144792801e-14,5.293852807662124e-16,4.648906065011969e-16,2.624568020967709e-14,2.6601600480690415e-14,4.700371731232861e-16,8.962597990360408e-13,4.6716713273917955e-16,5.347651639043332e-16,4.3174827151396e-16,2.624573719545616e-14,4.0324151714813564e-16,4.638242229960447e-16
-4.5762078002072235e-10,3.791055258286608e-16,-4.671117988531776e-14,4.532757555704573e-16,4.225891364610733e-16,-9.250379061299926e-11,-4.656561324838375e-14,8.576240785881055e-13,8.739516669758569e-13,6.744995168094405e-13,8.938840990859483e-13,3.930365642250669e-16,4.021180894883674e-16,7.37700438949627e-13,-4.5913312049698944e-14,3.7569666617942094e-16,1.1416767030421576e-12,-9.210804876183339e-11,-4.678983371247249e-14,-4.596399408437708e-14,4.289316971595598e-16,7.625770441255022e-13,4.566466627441262e-16,4.441279631714564e-16,-4.649275732895997e-14,7.513583859290809e-13,4.2456365629269303e-16,-2.815262300099166e-10,3.6844775708291165e-16,4.225891364610733e-16,4.0758537535596523e-16,8.31605178292647e-13,4.0688896136841343e-16,-4.663510327464946e-14,-4.659312313312499e-14,4.597813226733516e-16,4.3288158686130617e-16,-8.813443117918528e-11,9.44664394186917e-13,9.53017336186495e-13,4.0966438534569614e-16,7.588138291520765e-13,5.609557019608721e-16,-4.67903069140262e-14,4.913040661377508e-16,4.350191203083846e-16,-4.649004770373538e-14,-4.6152284428265034e-14,4.4043455030025787e-16,8.307293809086416e-13,4.377139020505549e-16,5.006889507434444e-16,4.032625938907962e-16,-4.649001159664171e-14,3.76721389222841e-16,4.3434643404892365e-16
-2.4534160784778626e-10,3.526084797423759e-16,5.922256551366926e-14,4.2142240810333636e-16,3.9284521816362257e-16,5.942771971064104e-14,5.935672194312446e-14,4.0246226185362806e-16,4.0985119127120273e-16,6.297142601134768e-13,4.1796854369302603e-16,7.283584020842545e-13,3.744392407525621e-16,3.4561525389663554e-16,5.99579783564747e-14,6.957129993717794e-13,1.0669125042180084e-12,5.96110670340942e-14,5.914984542836338e-14,5.99113575772976e-14,3.9913044597595067e-16,3.576907082900907e-16,4.2450956682223393e-16,4.1250000969649917e-16,5.942376406537144e-14,7.008364453876333e-13,3.9484338319096707e-16,3.6844775708291165e-16,-2.8162776526638443e-10,3.928971395442621e-16,3.784765934613032e-16,3.8866358176232003e-16,3.7895016697907407e-16,5.929240817171879e-14,5.933110704747191e-14,4.2743684735530627e-16,4.0207799992033267e-16,1.2228804654408482e-10,4.4206200403471416e-16,8.871446546523535e-13,3.8125625347297304e-16,3.556653710481394e-16,5.2255891127377425e-16,5.914959435761833e-14,4.586903469612744e-16,4.0426403695059856e-16,5.942645415820323e-14,5.973782778075054e-14,4.0902134197479395e-16,7.763837032273567e-13,4.067480656965281e-16,4.651268271073807e-16,3.750800121578492e-16,5.942645415820323e-14,6.976769961394866e-13,4.033869952079005e-16
-3.095145365634307e-10,8.040726623618733e-13,2.9062551802299554e-14,4.823371803986363e-16,8.943705468885343e-13,2.9296069429812966e-14,2.921516029652503e-14,4.61804701303058e-16,4.702015785617336e-16,3.6299873178574464e-16,4.784845805673485e-16,4.1954878132266544e-16,4.2919556528224606e-16,3.9536930118653425e-16,2.9899599086039766e-14,4.0026550617823315e-16,6.155793256013243e-16,2.950482346582186e-14,2.897990326787403e-14,2.9846345903850416e-14,4.559217823451575e-16,4.0964070399678923e-16,4.856736649912257e-16,4.714267924799852e-16,2.929158300994062e-14,4.0395266276520153e-16,4.5202884130180645e-16,4.225891364610733e-16,3.928971395442621e-16,-2.8141705855577784e-10,4.3330890471051727e-16,4.447833844946537e-16,4.3374059208081787e-16,2.9142041951935223e-14,5.807983479312623e-11,4.893312525937783e-16,4.597134929391227e-16,6.288425028685187e-11,5.063007918433501e-16,5.106199578610168e-16,4.366880466705085e-16,4.0784253258828056e-16,5.990150661321581e-16,2.8979712068458487e-14,5.26180667245775e-16,4.62482597662085e-16,2.929484033047269e-14,2.96489721624626e-14,4.679073522285742e-16,4.480388798978923e-16,4.653260260112005e-16,5.325264743513801e-16,4.2921000933276323e-16,2.9294780699611055e-14,4.0126913848112136e-16,4.614191012554859e-16
-1.8997348574528524e-10,3.89178629697898e-16,8.866966634167299e-14,4.645926909208266e-16,4.3330890471051727e-16,8.889398340734245e-14,8.881645210291509e-14,4.453396754092477e-16,4.531293314155414e-16,3.5027565569609583e-16,4.607472824030359e-16,4.0476395796825903e-16,4.1364773257619533e-16,3.8105873080566454e-16,8.947329831352135e-14,3.8589342338390126e-16,5.941623711273233e-16,8.909445619232595e-14,8.859025194364721e-14,8.942242411456871e-14,4.388917401033107e-16,3.950863078829648e-16,4.677801361101947e-16,4.539068333293118e-16,8.888966448235694e-14,3.8935229805871634e-16,4.3532364505574567e-16,4.0758537535596523e-16,3.784765934613032e-16,4.3330890471051727e-16,-2.814813825174299e-10,4.285363979098894e-16,4.1828952044593817e-16,8.874616776586179e-14,8.878846689219939e-14,4.712101670141495e-16,4.427454982869919e-16,1.8129601994740792e-10,4.881719997768343e-16,4.919734250441958e-16,4.2054681303607223e-16,3.9313706071749754e-16,1.1486848379199584e-12,8.859005740585316e-14,5.075105452993189e-16,4.450000039513176e-16,8.889263983753557e-14,8.92328104125289e-14,4.503902818821162e-16,4.32304603355156e-16,4.474483372071279e-16,5.126634924479563e-16,4.1317854023607413e-16,8.889251681792446e-14,3.868718237819512e-16,4.443898934291766e-16
-2.963183309106194e-10,4.000428410834114e-16,3.5507158582679807e-14,4.772628672591971e-16,4.446240853870519e-16,3.573870919179078e-14,3.565875145852115e-14,4.566967097581565e-16,4.648959205439259e-16,3.595036449849977e-16,4.733585679950838e-16,4.1517611681313e-16,8.444510653092187e-13,3.9166875751697563e-16,7.23080362395624e-11,3.965914922720563e-16,6.089183049099631e-16,3.5945550614107844e-14,3.542550157250671e-14,3.6284025202176e-14,4.519025108720166e-16,8.063711963867128e-13,4.810725528100496e-16,4.668813158422032e-16,3.573423519002486e-14,7.950770908378047e-13,4.4768112726474975e-16,8.31605178292647e-13,3.8866358176232003e-16,4.447833844946537e-16,4.285363979098894e-16,-2.814381163116621e-10,4.295831940313349e-16,3.558612418490422e-14,3.562975366853358e-14,4.841787838547216e-16,4.550699011376992e-16,7.566193570024609e-11,5.0114031152938765e-16,5.053954017176548e-16,8.593459381019168e-13,4.033959993658275e-16,5.926358201880682e-16,3.542517065439242e-14,5.20476119211827e-16,4.578068212474962e-16,3.573730368101007e-14,3.608811343607086e-14,4.633164475098879e-16,4.434141357748136e-16,4.598105765303448e-16,5.263235100026939e-16,4.248470768117244e-16,3.5737279611798657e-14,3.974673013945417e-16,4.569572864754798e-16
