1.0000000089011691,2.8747411567174085e-06,1.0000139719010996,1.0000139745845507,3.087644498035127e-06,1.0000139774361643,2.8606012251533997e-06,2.9122216270165604e-06,2.874629811637255e-06,1.0000140027547018,1.0000139774361627,1.0000139442339533,2.860058001710596e-06,3.2237277342221972e-06,1.0000139719010999,1.0000139774361632,1.000013971901097,1.0000139719010965,2.860161680838137e-06,1.0000136849665724,2.8601170459200843e-06,1.0000139796588297,1.0000139695679533,2.86011704859462e-06,1.0000139774361678,1.0000139652674764,2.9015209695801674e-06,2.867103930898469e-06,1.0000139745845515,1.0000139719010994,2.860096156850427e-06,2.882953700720978e-06,2.8601170458464877e-06,2.860058001657217e-06,2.8747411576485734e-06,1.0000139512135113,2.860221083836596e-06,2.86011704859437e-06,1.000014013411658,2.8602210838364527e-06,1.000014002754703,2.860096156760722e-06,1.0000135016998595,2.9671951906814637e-06,2.8752429323685897e-06,2.8747411574767824e-06,2.8917598893864694e-06,1.000013684966572,2.8747411587641294e-06,1.0000139885557042,2.8601170457473315e-06,1.0000139864353499,2.860117049680274e-06,2.8601499044414635e-06,1.000013971901099,2.8601170485943697e-06,2.860117045754852e-06,2.860058001252493e-06,1.0000139732340947,2.8601170486679557e-06,2.8600580012601945e-06,1.0000140450669925,2.8670105893136974e-06,2.86011704859435e-06,2.8919786330775614e-06,2.8601932151174053e-06,2.8747411586542984e-06,1.0000139646044608,1.0000139774361683
2.8747411567174085e-06,7.41332557943474e-07,9.85724680582961e-11,9.857246831143895e-11,8.026610757064298e-14,9.857246860620151e-11,1.7949502977639184e-17,4.585476903043745e-14,1.9294966546316797e-17,9.857247115756622e-11,9.857246858199518e-11,9.857246532499081e-11,1.7944150771347787e-17,1.0696223259433275e-13,9.85724680747441e-11,9.857246863006406e-11,9.857246806350212e-11,9.857246806626566e-11,1.7829076854294892e-17,1.9634727433220467e-07,1.781776146855699e-17,9.857246874237451e-11,9.857246789480869e-11,1.781776146855699e-17,9.857246859844063e-11,9.857246734689184e-11,4.375507925951864e-14,1.8510001199266405e-17,9.857246824122327e-11,9.857246806121425e-11,1.7869051842849588e-17,4.011394021527712e-14,1.7830550867590272e-17,1.785768228116549e-17,3.8502993018922076e-14,9.857246600984985e-11,1.7950518668798418e-17,1.7913457432498696e-17,9.857247207082714e-11,1.7971201409652972e-17,9.857247115079974e-11,1.786776176342391e-17,1.96347238078652e-07,5.6637002846311804e-14,3.8613457998092744e-14,3.850299308007728e-14,4.1841304885268846e-14,1.9634727433220438e-07,3.850299324402708e-14,9.857246972390508e-11,1.790970186873918e-17,9.857246956439935e-11,1.7837001038294673e-17,1.791226241387758e-17,9.857246803780084e-11,1.7897346160429974e-17,1.784589372929336e-17,1.786033513056351e-17,9.857246819994332e-11,1.7806099677773813e-17,1.786033513056351e-17,9.857247529968789e-11,1.8582697871263582e-17,1.7829620301045088e-17,2.097929740185973e-17,1.785681474975845e-17,3.8502993204822557e-14,9.857246735676968e-11,9.857246860620151e-11
1.0000139719010996,9.85724680582961e-11,1.0000168866547778,1.0000161480059404,2.0545709491365916e-10,1.000016150857566,9.147374929542403e-11,1.1738892220544458e-10,9.851656922911244e-11,1.0000161761762218,1.000016150857567,1.0000161176552016,9.120103123168504e-11,2.737754498786805e-10,1.0000161453224754,1.0000161508575665,1.0000161453224752,1.0000161453224754,9.125308086243328e-11,1.000015858386628,9.123067437076571e-11,1.0000161530802454,1.0000161429893208,9.123067446189248e-11,1.000016150857568,1.0000161386888218,1.120168332124625e-10,9.473832451612852e-11,1.0000161480059409,1.0000161453224754,9.122018783961234e-11,1.0269544054511384e-10,9.123067425435072e-11,9.120103139830777e-11,9.857247048669762e-11,1.0000161246347932,9.128290434118744e-11,9.123067444585876e-11,1.0000161868332262,9.128290485465503e-11,1.000016176176222,9.122018707799488e-11,1.0000156751190723,1.4498749899106437e-10,9.882437694440851e-11,9.857247037878695e-11,1.0711644353224207e-10,1.0000158583866272,9.857247076804714e-11,1.0000161619771595,9.123067405165962e-11,1.0000161598567927,9.123067458990457e-11,9.124716911391331e-11,1.0000161453224754,9.123067448006655e-11,9.12306738410413e-11,9.120103058784065e-11,1.0000161466554784,9.123067467145271e-11,9.120103052923014e-11,1.0000162184887051,9.469146403715684e-11,9.12306746206374e-11,1.0722626215358825e-10,9.126891261331409e-11,9.857247059432907e-11,1.000016138025804,1.0000161508575671
1.0000139745845507,9.857246831143895e-11,1.0000161480059404,1.0000168920217065,4.0925172247423754e-07,1.000016153541031,9.147374957166698e-11,1.1738892249720713e-10,9.851656951370545e-11,1.0000161788596873,1.000016153541032,1.0000161203386668,9.120103141052863e-11,5.453356306894911e-07,1.0000161480059397,1.000016153541031,1.000016148005941,1.0000161480059409,9.125308109513143e-11,1.0000158610700922,9.123067458342281e-11,1.0000161557637093,1.0000161456727854,9.123067464050286e-11,1.0000161535410332,1.0000161413722861,1.1201683356847387e-10,9.473832493608375e-11,1.0000161506894043,1.0000161480059409,9.122018806440559e-11,1.0269544075859519e-10,9.123067444559796e-11,9.120103160576096e-11,9.857247064056628e-11,1.0000161273182593,9.128290453015431e-11,9.12306747332502e-11,1.0000161895166895,9.128290511748014e-11,1.000016178859687,9.122018732930352e-11,1.0000156778025355,2.888018236763103e-07,9.88243771205269e-11,9.857247063922973e-11,1.0711644385505787e-10,1.0000158610700918,9.857247098313782e-11,1.000016164660625,9.123067428362985e-11,1.0000161625402577,9.123067480377579e-11,9.124716931424674e-11,1.0000161480059409,9.123067468002148e-11,9.123067402486251e-11,9.120103084801855e-11,1.0000161493389437,9.123067478916687e-11,9.12010307251684e-11,1.0000162211721717,9.469146427864453e-11,9.123067473016053e-11,1.0722626254250144e-10,9.126891281195921e-11,9.857247083603988e-11,1.0000161407092683,1.0000161535410323
3.087644498035127e-06,8.026610757064298e-14,2.0545709491365916e-10,4.0925172247423754e-07,7.413326878248535e-07,4.092517236468436e-07,3.7340217795814425e-17,9.559189337983524e-14,4.023012710706226e-17,2.0545710135653483e-10,4.092517236468437e-07,2.0545708916801946e-10,3.729658192898783e-17,2.2297804692932453e-13,2.0545709489174673e-10,4.0925172364684316e-07,2.0545709491268785e-10,2.0545709488488266e-10,3.7331546307375185e-17,4.092516030726489e-07,3.735793674528912e-17,4.092517245668042e-07,4.0925172040931854e-07,3.7283217398975267e-17,4.0925172364684374e-07,4.0925171863473576e-07,9.121490187991928e-14,3.868825407883161e-17,4.0925172247423764e-07,2.0545709495281794e-10,3.7270092641194924e-17,8.362434027612526e-14,3.733184946121635e-17,3.7318423028369404e-17,8.026610803660292e-14,2.0545709062413943e-10,3.7392974919491225e-17,3.733184946121635e-17,4.092517384856095e-07,3.731666785917543e-17,2.0545710135653483e-10,3.729444012271513e-17,4.0925152754292236e-07,1.1806904485360103e-13,8.049481417333461e-14,8.026610816242047e-14,8.722526642401867e-14,4.092516030726488e-07,8.026610850488643e-14,2.0545709824123053e-10,3.7304704154180435e-17,4.092517273594348e-07,3.7304704154180435e-17,3.7340349277482733e-17,2.0545709488978823e-10,3.730784975315582e-17,3.733961724932531e-17,3.730974946829508e-17,2.0545709517826106e-10,3.730202412157973e-17,3.7331375089005654e-17,4.092517515344211e-07,3.866849327293064e-17,3.7345413097069535e-17,4.386247376676718e-17,3.711419611847999e-17,8.026610842184752e-14,2.0545709337540812e-10,4.0925172364684385e-07
1.0000139774361643,9.857246860620151e-11,1.000016150857566,1.000016153541031,4.092517236468436e-07,1.0000168977249577,9.147374981426024e-11,1.1738892288265246e-10,9.85165697666747e-11,1.0000161817113127,1.0000161563926588,1.0000161231902926,9.120103168131037e-11,5.453356322518435e-07,1.000016150857566,1.0000161563926582,1.0000161508575671,1.0000161508575662,9.125308134014755e-11,1.0000158639217178,9.123067486341985e-11,1.0000161586153347,1.0000161485244128,9.123067496896893e-11,1.000016156392659,1.0000161442239122,1.1201683386438588e-10,9.473832511582913e-11,1.0000161535410321,1.0000161508575671,9.122018834000759e-11,1.026954411568282e-10,9.123067471798579e-11,9.120103189730013e-11,9.85724709427002e-11,1.0000161301698829,9.128290474200499e-11,9.12306750088213e-11,1.0000161923683164,9.128290545748104e-11,1.000016181711313,9.122018760016078e-11,1.0000156806541605,1.4498749934959713e-10,9.882437753005814e-11,9.857247091472072e-11,1.0711644413055075e-10,1.0000158639217183,9.857247137844316e-11,1.0000161675122505,9.123067448999836e-11,1.0000161653918833,9.12306750591949e-11,9.124716965287403e-11,1.0000161508575665,9.12306749598302e-11,9.123067434474446e-11,9.120103104908145e-11,1.0000161521905695,9.123067505693001e-11,9.120103103545053e-11,1.000016224023797,9.469146450820036e-11,9.123067500851374e-11,1.0722626285379259e-10,9.126891314713441e-11,9.857247110210945e-11,1.0000161435608943,1.0000161563926577
2.8606012251533997e-06,1.7949502977639184e-17,9.147374929542403e-11,9.147374957166698e-11,3.7340217795814425e-17,9.147374981426024e-11,7.41332551362486e-07,2.1338409252287502e-17,1.781861488768248e-17,9.147375218256598e-11,9.147374979917322e-11,9.147374706814631e-11,1.6575664039860306e-17,4.9889261939290524e-17,9.147374940483297e-11,9.147374984798485e-11,9.147374945615667e-11,9.147374940776224e-11,3.307497287944561e-14,9.147372301085382e-11,1.6532192151758022e-17,9.147375006746618e-11,9.147374911902388e-11,1.653193570895329e-17,9.147374982793597e-11,9.147374872841606e-11,2.0801972047644187e-17,1.7218357609821877e-17,9.147374956918663e-11,9.14737494150412e-11,1.672732356027077e-17,1.865468203762674e-17,1.6532192151758022e-17,1.6616801425305785e-17,1.7961709873189525e-17,9.147374742713561e-11,1.6596207245709655e-17,1.658266930902759e-17,9.147375317681775e-11,1.663294489874056e-17,9.147375221878576e-11,1.6457626424998776e-17,1.8220724701131142e-07,2.6412243678910046e-17,1.8154109965496447e-17,1.7932926823108575e-17,1.9495461696750216e-17,9.147372294694933e-11,1.7851575609495555e-17,9.147375114939479e-11,1.6604418911722464e-17,9.147375071974115e-11,1.6604418911722464e-17,1.6856099238673592e-17,9.147374936134428e-11,1.6552837799665775e-17,1.6546244736093545e-17,1.6573588256029274e-17,9.147374961356137e-11,1.6607256006308782e-17,1.6609195667278936e-17,9.147375608790061e-11,1.7244691590152758e-17,1.6572968126438114e-17,3.8856078313903604e-14,1.650403459322868e-17,1.7982252890794537e-17,9.147374865090362e-11,9.147374984798485e-11
2.9122216270165604e-06,4.585476903043745e-14,1.1738892220544458e-10,1.1738892249720713e-10,9.559189337983524e-14,1.1738892288265246e-10,2.1338409252287502e-17,7.413325746687194e-07,2.305058222038683e-17,1.1738892583987565e-10,1.1738892284200961e-10,1.1738891892704148e-10,2.1291957148739124e-17,1.2738518495510061e-13,1.1738892223659395e-10,1.1738892286922225e-10,1.173889221988126e-10,1.1738892219778264e-10,2.1323886449334227e-17,2.3382791730614556e-07,2.1233494680690002e-17,1.173889231391608e-10,2.3382798437094287e-07,2.1253580060957593e-17,1.1738892296194915e-10,2.3382798335662113e-07,5.2109678729317305e-14,2.2060476132847415e-17,1.1738892256117448e-10,1.1738892219778264e-10,2.1295672779389374e-17,4.77733019423387e-14,2.1347898066390788e-17,2.131320389910291e-17,4.585476928697228e-14,2.3382798003863595e-07,2.1318649891513704e-17,2.1265862293770794e-17,2.3382799470260938e-07,2.1298268950897977e-17,1.1738892581136656e-10,2.1287685035591208e-17,2.338278741372311e-07,6.745121695214107e-14,4.598609491110602e-14,4.585476935954968e-14,4.983048111341126e-14,2.3382791730614533e-07,4.585476955490258e-14,1.1738892418090476e-10,2.1272355874104897e-17,1.173889239353675e-10,2.131689682893864e-17,2.1328430101049155e-17,1.1738892222492618e-10,2.1272355874104897e-17,2.1272355874104897e-17,2.1248262299339617e-17,1.1738892236644676e-10,2.131704670264888e-17,2.1248262299339617e-17,1.1738893093586396e-10,2.2109861650565702e-17,2.131368909549484e-17,2.5022793273321024e-17,2.1327931293757987e-17,4.585476950801729e-14,1.1738892134314842e-10,1.173889229028678e-10
2.874629811637255e-06,1.9294966546316797e-17,9.851656922911244e-11,9.851656951370545e-11,4.023012710706226e-17,9.85165697666747e-11,1.781861488768248e-17,2.305058222038683e-17,7.413325568706932e-07,9.851657230537805e-11,9.851656976873069e-11,9.851656651887907e-11,3.560715195930973e-14,5.362255633113887e-17,9.851656926949188e-11,9.851656975759839e-11,9.85165692791257e-11,9.85165692408794e-11,3.562859667248362e-14,9.851654078167012e-11,3.561930584421865e-14,1.9623598733188113e-07,9.851656905326331e-11,3.561930588538492e-14,9.851656977807438e-11,9.851656857320695e-11,2.1948125637092643e-17,3.698863828277088e-14,9.851656955128213e-11,9.851656922012743e-11,3.561492588853274e-14,2.017555878345933e-17,3.561930583302728e-14,3.560715184661422e-14,1.9365069498984093e-17,9.851656723443427e-11,3.564015940213325e-14,3.5619305965274e-14,9.851657337625465e-11,3.5640159587805375e-14,9.851657228086686e-11,3.5614925808547096e-14,1.962358928275567e-07,2.8428803928846255e-17,3.85932327757473e-14,1.929529117077976e-17,2.1010411858933847e-17,9.851654077892604e-11,1.9365069498984093e-17,1.9623598908874655e-07,3.561930587203626e-14,9.851657066062925e-11,3.5619305999623463e-14,3.562559254118679e-14,9.851656926548145e-11,3.561930591333365e-14,3.5619305747643266e-14,3.56071518532077e-14,9.851656937557411e-11,3.561930591729081e-14,3.5607151794466135e-14,9.8516576511834e-11,3.697046195905191e-14,3.561930598373018e-14,2.102324558328276e-17,3.563430965742598e-14,1.9359324068411752e-17,9.851656852200221e-11,9.851656975123936e-11
1.0000140027547018,9.857247115756622e-11,1.0000161761762218,1.0000161788596873,2.0545710135653483e-10,1.0000161817113127,9.147375218256598e-11,1.1738892583987565e-10,9.851657230537805e-11,1.0000169483622756,1.0000161817113145,1.0000161485089472,9.120103402730967e-11,5.453356461532687e-07,1.0000161761762216,1.0000161817113127,1.0000161761762218,1.0000161761762216,9.125308367911217e-11,1.0000158892403659,9.123067717312518e-11,1.0000161839339912,1.0000161738430675,9.123067724468147e-11,1.0000161817113142,1.000016169542568,1.1201683677795109e-10,9.473832744244085e-11,1.0000161788596877,1.0000161761762223,9.122019066063356e-11,1.0269544371117694e-10,9.123067702098451e-11,9.120103424451478e-11,9.857247355397365e-11,1.0000161554885392,9.128290717531677e-11,9.123067728928896e-11,1.0000162176869736,9.128290768985308e-11,1.000016207029969,9.12201899257044e-11,1.0000157059728036,1.44987503425004e-10,9.882438002367747e-11,9.857247346539053e-11,1.0711644687998502e-10,1.0000158892403652,9.857247386056071e-11,1.0000161928309066,9.123067684243145e-11,1.0000161907105398,9.123067734039697e-11,9.124717192350875e-11,1.000016176176221,9.123067725814464e-11,9.123067660952349e-11,9.120103347511895e-11,1.0000161775092247,9.123067739440552e-11,9.120103334705041e-11,1.000016249342453,9.469146696444117e-11,9.123067733930443e-11,1.0722626557048307e-10,9.126891546718723e-11,9.857247366125777e-11,1.0000161688795497,1.000016181711313
1.0000139774361627,9.857246858199518e-11,1.000016150857567,1.000016153541032,4.092517236468437e-07,1.0000161563926588,9.147374979917322e-11,1.1738892284200961e-10,9.851656976873069e-11,1.0000161817113145,1.000016897724961,1.0000161231902929,9.120103171400166e-11,5.453356322518438e-07,1.0000161508575673,1.0000161563926584,1.0000161508575671,1.0000161508575671,9.125308134501545e-11,1.0000158639217192,9.12306748518508e-11,1.0000161586153349,1.0000161485244135,9.123067498022564e-11,1.0000161563926602,1.0000161442239128,1.1201683391719502e-10,9.473832505242867e-11,1.0000161535410332,1.000016150857568,9.122018831096686e-11,1.0269544113684322e-10,9.123067469876039e-11,9.120103189759011e-11,9.857247096338254e-11,1.0000161301698842,9.128290489128115e-11,9.123067500826868e-11,1.0000161923683166,9.128290536551499e-11,1.0000161817113138,9.122018759159559e-11,1.0000156806541611,1.449874996203419e-10,9.882437749914076e-11,9.857247091695011e-11,1.0711644412753108e-10,1.0000158639217183,9.857247134273961e-11,1.0000161675122508,9.123067447388515e-11,1.0000161653918842,9.123067506968555e-11,9.124716963944261e-11,1.000016150857567,9.123067493945167e-11,9.123067434373515e-11,9.12010311010474e-11,1.0000161521905702,9.123067507148813e-11,9.120103098603236e-11,1.0000162240237975,9.469146452254445e-11,9.123067503985958e-11,1.0722626283217529e-10,9.126891307668115e-11,9.857247108195282e-11,1.0000161435608956,1.0000161563926595
1.0000139442339533,9.857246532499081e-11,1.0000161176552016,1.0000161203386668,2.0545708916801946e-10,1.0000161231902926,9.147374706814631e-11,1.1738891892704148e-10,9.851656651887907e-11,1.0000161485089472,1.0000161231902929,1.000016831320232,9.120102860195927e-11,2.737754424476265e-10,1.0000161176552018,1.0000161231902926,1.000016117655202,1.0000161176552012,9.125307839814515e-11,1.0000158307193623,9.12306718362446e-11,1.00001612541297,1.0000161153220486,9.123067184322229e-11,1.0000161231902949,1.0000161110215484,2.2312726934211563e-07,9.473832192734706e-11,1.0000161203386682,1.0000161176552016,9.122018526465929e-11,1.0269543768166217e-10,9.123067164245792e-11,9.120102883221657e-11,9.857246772558002e-11,1.0000160969675207,9.128290179906806e-11,9.123067194642335e-11,1.0000161591659513,9.128290231798585e-11,1.0000161485089472,9.122018454732464e-11,1.0000156474518107,1.4498749495852673e-10,9.882437419459171e-11,9.857246764286554e-11,1.0711644060393174e-10,1.000015830719362,9.8572468014745e-11,1.0000161343098857,9.12306715078799e-11,1.000016132189518,9.12306719982836e-11,9.124716649480975e-11,1.0000161176552012,9.123067190416301e-11,9.123067126593849e-11,9.120102802279674e-11,1.0000161189882049,9.123067201249435e-11,9.120102795686476e-11,1.0000161908214296,9.469146137037747e-11,9.123067195411702e-11,2.1358489078141612e-07,9.126891012839438e-11,9.857246784333515e-11,1.0000161103585303,1.0000161231902946
2.860058001710596e-06,1.7944150771347787e-17,9.120103123168504e-11,9.120103141052863e-11,3.729658192898783e-17,9.120103168131037e-11,1.6575664039860306e-17,2.1291957148739124e-17,3.560715195930973e-14,9.120103402730967e-11,9.120103171400166e-11,9.120102860195927e-11,7.413325513206513e-07,4.9737156652528544e-17,9.120103120461588e-11,9.120103171435744e-11,9.120103121675512e-11,9.120103120473744e-11,3.298313433828559e-14,9.120100482909439e-11,3.2974534618951286e-14,9.120103189894534e-11,9.120103095644276e-11,3.2974534657067146e-14,9.120103172594044e-11,9.120103052803215e-11,2.0394091326359893e-17,3.424219306000171e-14,9.120103143560984e-11,9.120103119003902e-11,3.2970480539899344e-14,1.8654313272819273e-17,3.2974534608573266e-14,3.2963284415868834e-14,1.7786008563274666e-17,9.12010292828873e-11,3.299383868914698e-14,3.297453473101129e-14,9.12010350034617e-11,3.29938388610771e-14,9.120103403358566e-11,3.297048046575113e-14,1.8166401767838317e-07,2.635050273079845e-17,3.5727623318075894e-14,1.785927510670422e-17,3.871446428282925e-14,9.120100472538155e-11,1.7855375761943735e-17,9.12010327145088e-11,3.297453464465836e-14,9.120103251099886e-11,3.297453476282872e-14,3.29803548606273e-14,9.120103124704154e-11,3.297453468294147e-14,3.2974534529492415e-14,3.296328442184044e-14,9.120103135530328e-11,3.297453468662555e-14,3.296328436744462e-14,9.120103786577156e-11,3.422536610047573e-14,3.2974534748095686e-14,1.9376421697775425e-17,3.298842419116198e-14,1.7784796384316972e-17,9.120103046255041e-11,9.1201031633853e-11
3.2237277342221972e-06,1.0696223259433275e-13,2.737754498786805e-10,5.453356306894911e-07,2.2297804692932453e-13,5.453356322518435e-07,4.9889261939290524e-17,1.2738518495510061e-13,5.362255633113887e-17,5.453356461532687e-07,5.453356322518438e-07,2.737754424476265e-10,4.9737156652528544e-17,7.413328158781719e-07,2.737754501064177e-10,5.453356322518432e-07,2.7377545000826106e-10,2.7377544997708845e-10,4.971756351406294e-17,5.453354716107221e-07,4.965578848592026e-17,5.453356334774006e-07,5.453356279383018e-07,4.968968695697954e-17,5.453356322518438e-07,5.45335625574073e-07,1.2155250590184595e-13,1.0280812897601108e-13,5.453356306894915e-07,2.737754498786805e-10,4.9777123189742276e-17,1.1143736820181479e-13,4.965578848592026e-17,4.971239509708819e-17,1.0696223322521882e-13,2.737754443262406e-10,9.90599786478943e-14,4.9701631216353444e-17,5.453356520213295e-07,9.905997916739587e-14,5.453356461532683e-07,4.964934127735296e-17,5.453353709816905e-07,1.5733800723514139e-13,1.0726628514936728e-13,1.0696223339219848e-13,1.1623591669810875e-13,5.453354716107215e-07,1.0696223384889925e-13,5.453356383576822e-07,4.9665879679550683e-17,5.453356371980584e-07,4.9665879679550683e-17,4.984656445425495e-17,2.737754500403959e-10,4.9701631216353444e-17,4.9665879679550683e-17,4.9726158033065205e-17,2.7377545037550423e-10,4.9701631216353444e-17,4.967365741535891e-17,5.453356694063178e-07,5.158204372686751e-17,4.965578848592026e-17,5.838266623949483e-17,9.904379231957519e-14,1.0696223373766563e-13,2.7377544778997757e-10,5.453356322518432e-07
1.0000139719010999,9.85724680747441e-11,1.0000161453224754,1.0000161480059397,2.0545709489174673e-10,1.000016150857566,9.147374940483297e-11,1.1738892223659395e-10,9.851656926949188e-11,1.0000161761762216,1.0000161508575673,1.0000161176552018,9.120103120461588e-11,2.737754501064177e-10,1.0000168866547796,1.0000161508575665,1.0000161453224754,1.0000161453224752,9.125308083710005e-11,1.0000158583866274,9.123067436361824e-11,1.0000161530802443,1.0000161429893206,9.12306744328244e-11,1.0000161508575676,1.0000161386888213,1.1201683321216134e-10,9.473832451308865e-11,1.00001614800594,1.0000161453224758,9.122018778274224e-11,1.0269544053535939e-10,9.123067418939315e-11,9.120103143084905e-11,9.857247046884797e-11,1.0000161246347932,9.128290433719881e-11,9.123067459525708e-11,1.000016186833226,9.128290485806696e-11,1.0000161761762216,9.122018707536487e-11,1.0000156751190723,1.4498749897802765e-10,9.882437694407375e-11,9.857247039006265e-11,1.0711644353126531e-10,1.0000158583866268,9.857247077880107e-11,1.000016161977159,9.123067404040919e-11,1.000016159856793,9.123067465353077e-11,9.124716906763164e-11,1.0000161453224754,9.123067440255733e-11,9.123067387318585e-11,9.120103056036223e-11,1.000016146655478,9.123067458638647e-11,9.120103052923014e-11,1.0000162184887051,9.469146402309125e-11,9.123067456303398e-11,1.0722626207890037e-10,9.126891261691641e-11,9.857247058579842e-11,1.000016138025804,1.0000161508575676
1.0000139774361632,9.857246863006406e-11,1.0000161508575665,1.000016153541031,4.0925172364684316e-07,1.0000161563926582,9.147374984798485e-11,1.1738892286922225e-10,9.851656975759839e-11,1.0000161817113127,1.0000161563926584,1.0000161231902926,9.120103171435744e-11,5.453356322518432e-07,1.0000161508575665,1.000016897724955,1.000016150857567,1.000016150857566,9.125308135458666e-11,1.0000158639217183,9.123067484598364e-11,1.0000161586153344,1.0000161485244123,9.123067487027108e-11,1.0000161563926584,1.0000161442239117,1.1201683386438588e-10,9.473832505331159e-11,1.0000161535410317,1.0000161508575665,9.122018833115518e-11,1.0269544114077597e-10,9.123067469222825e-11,9.120103190166171e-11,9.857247098959161e-11,1.0000161301698842,9.128290492036799e-11,9.123067499239693e-11,1.0000161923683157,9.128290541384336e-11,1.0000161817113125,9.122018761893475e-11,1.0000156806541594,1.449874996203419e-10,9.882437750987275e-11,9.857247094586435e-11,1.0711644410076773e-10,1.0000158639217178,9.857247134415136e-11,1.0000161675122499,9.123067450947216e-11,1.0000161653918829,9.123067504176718e-11,9.124716961416375e-11,1.0000161508575662,9.1230674928887e-11,9.123067432315634e-11,9.120103110899524e-11,1.000016152190569,9.123067502907436e-11,9.120103094140078e-11,1.0000162240237966,9.469146448779849e-11,9.123067502907654e-11,1.0722626282493227e-10,9.126891311490349e-11,9.857247108867125e-11,1.0000161435608943,1.0000161563926575
1.000013971901097,9.857246806350212e-11,1.0000161453224752,1.000016148005941,2.0545709491268785e-10,1.0000161508575671,9.147374945615667e-11,1.173889221988126e-10,9.85165692791257e-11,1.0000161761762218,1.0000161508575671,1.000016117655202,9.120103121675512e-11,2.7377545000826106e-10,1.0000161453224754,1.000016150857567,1.0000168866547796,1.0000161453224745,9.125308087561492e-11,1.000015858386628,9.123067432515497e-11,1.0000161530802445,1.0000161429893217,9.12306744057961e-11,1.0000161508575678,1.0000161386888222,1.1201683322953911e-10,9.473832451492574e-11,1.000016148005941,1.0000161453224754,9.122018783903294e-11,1.0269544052170404e-10,9.123067420981428e-11,9.120103133767064e-11,9.857247048009178e-11,1.000016124634794,9.12829043310454e-11,9.123067448821203e-11,1.0000161868332256,9.12829048294509e-11,1.0000161761762218,9.122018707799488e-11,1.0000156751190732,1.4498749897460625e-10,9.882437694575074e-11,9.857247040104912e-11,1.0711644353191305e-10,1.0000158583866274,9.857247078559785e-11,1.0000161619771593,9.12306739913551e-11,1.000016159856793,9.123067465543148e-11,9.124716914737332e-11,1.0000161453224754,9.12306744334341e-11,9.123067386477726e-11,9.120103063120017e-11,1.0000161466554796,9.123067459776152e-11,9.120103051677682e-11,1.0000162184887056,9.469146403715684e-11,9.123067461911548e-11,1.0722626224993937e-10,9.126891260401688e-11,9.857247058025652e-11,1.0000161380258035,1.0000161508575676
1.0000139719010965,9.857246806626566e-11,1.0000161453224754,1.0000161480059409,2.0545709488488266e-10,1.0000161508575662,9.147374940776224e-11,1.1738892219778264e-10,9.85165692408794e-11,1.0000161761762216,1.0000161508575671,1.0000161176552012,9.120103120473744e-11,2.7377544997708845e-10,1.0000161453224752,1.000016150857566,1.0000161453224745,1.0000168866547792,9.125308084428517e-11,1.000015858386628,9.123067438878142e-11,1.000016153080244,1.0000161429893208,9.123067443915645e-11,1.0000161508575678,1.0000161386888216,1.1201683322686428e-10,9.473832452050669e-11,1.0000161480059393,1.0000161453224754,9.122018781239453e-11,1.0269544052866969e-10,9.123067415629748e-11,9.120103139164303e-11,9.857247048765115e-11,1.0000161246347934,9.128290432762536e-11,9.123067448821203e-11,1.000016186833226,9.12829048242009e-11,1.0000161761762212,9.122018708880565e-11,1.0000156751190719,1.4498749899669432e-10,9.882437694477676e-11,9.857247037705546e-11,1.0711644353268671e-10,1.0000158583866272,9.8572470783898e-11,1.0000161619771584,9.123067399763444e-11,1.0000161598567923,9.123067467022696e-11,9.124716911619442e-11,1.0000161453224747,9.123067444561019e-11,9.123067375281631e-11,9.120103060135515e-11,1.0000161466554793,9.123067462296492e-11,9.12010305202607e-11,1.0000162184887051,9.469146401849054e-11,9.123067462104453e-11,1.0722626218540624e-10,9.126891260418697e-11,9.857247057007686e-11,1.0000161380258035,1.0000161508575671
2.860161680838137e-06,1.7829076854294892e-17,9.125308086243328e-11,9.125308109513143e-11,3.7331546307375185e-17,9.125308134014755e-11,3.307497287944561e-14,2.1323886449334227e-17,3.562859667248362e-14,9.125308367911217e-11,9.125308134501545e-11,9.125307839814515e-11,3.298313433828559e-14,4.971756351406294e-17,9.125308083710005e-11,9.125308135458666e-11,9.125308087561492e-11,9.125308084428517e-11,7.413325513561726e-07,9.125305449993469e-11,3.2994384459255634e-14,9.125308157094634e-11,9.125308063496084e-11,3.2994384497399854e-14,9.125308134014755e-11,9.125308025449146e-11,2.0310475061392315e-17,3.426280793892967e-14,9.125308110110253e-11,9.125308086000981e-11,3.299033124822169e-14,1.8678290132777705e-17,3.299438444874357e-14,3.298313423432784e-14,1.785943208050608e-17,9.125307890199503e-11,3.301369469598751e-14,3.299438457127962e-14,9.125308464786879e-11,3.30136948682321e-14,9.125308367167341e-11,3.29903311733757e-14,1.817676958080053e-07,2.6325906282673314e-17,3.574902518949665e-14,1.7850555195935246e-17,3.873779234030177e-14,9.125305455134908e-11,1.7848529121412452e-17,9.125308257012818e-11,3.2994384484609995e-14,9.125308226856844e-11,3.299438460319318e-14,3.300020990288207e-14,9.125308086000981e-11,3.2994384523277717e-14,3.299438436938045e-14,3.298313423939527e-14,9.125308127100295e-11,3.299438452710369e-14,3.298313418491793e-14,9.125308752228196e-11,3.424596960874559e-14,3.299438458836591e-14,3.8772222320352405e-14,3.300828143278614e-14,1.7876077345208004e-17,9.12530802410213e-11,9.125308135450265e-11
1.0000136849665724,1.9634727433220467e-07,1.000015858386628,1.0000158610700922,4.092516030726489e-07,1.0000158639217178,9.147372301085382e-11,2.3382791730614556e-07,9.851654078167012e-11,1.0000158892403659,1.0000158639217192,1.0000158307193623,9.120100482909439e-11,5.453354716107221e-07,1.0000158583866274,1.0000158639217183,1.000015858386628,1.000015858386628,9.125305449993469e-11,1.0000163127831672,9.123064794565023e-11,1.0000158661443952,1.0000158560534744,9.123064806843845e-11,1.0000158639217198,1.0000158517529765,2.2312721104620783e-07,9.47382970896393e-11,1.0000158610700922,1.000015858386628,9.122016144588744e-11,2.0455985561742098e-07,9.123064780742644e-11,9.12010050201687e-11,1.9634727911094457e-07,1.0000158376989516,9.128287793736921e-11,9.123064806581414e-11,1.0000158998973658,9.128287845684707e-11,1.000015889240366,9.122016068498554e-11,1.0000153881833573,2.8880173939358064e-07,1.9684905354957308e-07,1.9634727895088732e-07,2.1336608625454245e-07,1.0000155714508614,1.9634727971966337e-07,1.0000158750413073,9.123064761286089e-11,1.000015872920941,9.123064817796295e-11,9.124714262849489e-11,1.0000158583866274,9.123064804951347e-11,9.123064739903784e-11,9.120100412367054e-11,1.000015859719631,9.123064815061066e-11,9.120100407452365e-11,1.000015931552838,9.469143668343554e-11,9.12306481403127e-11,1.0722623103555515e-10,9.126888622432115e-11,1.9634727934702332e-07,1.00001585108996,1.0000158639217198
2.8601170459200843e-06,1.781776146855699e-17,9.123067437076571e-11,9.123067458342281e-11,3.735793674528912e-17,9.123067486341985e-11,1.6532192151758022e-17,2.1233494680690002e-17,3.561930584421865e-14,9.123067717312518e-11,9.12306748518508e-11,9.12306718362446e-11,3.2974534618951286e-14,4.965578848592026e-17,9.123067436361824e-11,9.123067484598364e-11,9.123067432515497e-11,9.123067438878142e-11,3.2994384459255634e-14,9.123064794565023e-11,7.413325513933263e-07,9.123067502360591e-11,9.123067410475018e-11,3.298578509972534e-14,9.12306748556454e-11,9.123067369318115e-11,2.0354477571681342e-17,3.425387701402933e-14,9.123067463766846e-11,9.123067436161574e-11,3.298173131216984e-14,1.8754895412625467e-17,3.298578505114565e-14,3.297453451483633e-14,1.7881307453799744e-17,9.123067252425484e-11,3.3005092894667874e-14,3.2985785173637393e-14,9.123067816544333e-11,3.300509306676564e-14,9.12306771329163e-11,3.2981731237655006e-14,1.8172306411509805e-07,2.6361191795258238e-17,3.573975858162593e-14,1.788683256926633e-17,1.946448717322381e-17,9.12306479470666e-11,1.786744529349099e-17,9.123067590697098e-11,3.298578508711634e-14,9.12306756961064e-11,3.298578520550523e-14,3.299160816842049e-14,9.123067437488273e-11,3.298578512560193e-14,3.2985784971915184e-14,3.2974534520334636e-14,9.123067445789491e-11,3.298578512936036e-14,3.297453446589568e-14,9.12306810594421e-11,3.4237043670525165e-14,3.2985785190723275e-14,1.9428411604302782e-17,3.2999678875979844e-14,1.7910445350353063e-17,9.123067363359531e-11,9.12306748686751e-11
1.0000139796588297,9.857246874237451e-11,1.0000161530802454,1.0000161557637093,4.092517245668042e-07,1.0000161586153347,9.147375006746618e-11,1.173889231391608e-10,1.9623598733188113e-07,1.0000161839339912,1.0000161586153349,1.00001612541297,9.120103189894534e-11,5.453356334774006e-07,1.0000161530802443,1.0000161586153344,1.0000161530802445,1.000016153080244,9.125308157094634e-11,1.0000158661443952,9.123067502360591e-11,1.000016902170317,1.0000161507470897,9.123067511676984e-11,1.0000161586153373,1.00001614644659,1.1201683411632822e-10,9.473832526621928e-11,1.0000161557637088,1.000016153080245,9.122018850924991e-11,1.026954412529223e-10,9.123067487593864e-11,9.120103211180731e-11,9.857247123981725e-11,1.0000161323925627,9.128290507483317e-11,9.123067519338639e-11,1.0000161945909947,9.128290543334743e-11,1.0000161839339912,9.122018781294059e-11,1.0000156828768372,2.8880182515341847e-07,9.882437761413775e-11,9.857247101208994e-11,1.071164444180193e-10,1.0000158661443947,9.857247146035244e-11,1.0000161697349281,9.123067469900538e-11,1.0000161676145618,9.123067527211613e-11,9.124716973833877e-11,1.000016153080244,9.123067517043909e-11,9.123067452757462e-11,9.12010313279981e-11,1.0000161544132469,9.123067526143073e-11,9.120103121977791e-11,1.0000162262464758,9.469146473694576e-11,9.1230675262512e-11,1.0722626306968537e-10,9.126891329840237e-11,9.85724712735448e-11,1.0000161457835728,1.0000161586153367
1.0000139695679533,9.857246789480869e-11,1.0000161429893208,1.0000161456727854,4.0925172040931854e-07,1.0000161485244128,9.147374911902388e-11,2.3382798437094287e-07,9.851656905326331e-11,1.0000161738430675,1.0000161485244135,1.0000161153220486,9.120103095644276e-11,5.453356279383018e-07,1.0000161429893206,1.0000161485244123,1.0000161429893217,1.0000161429893208,9.125308063496084e-11,1.0000158560534744,9.123067410475018e-11,1.0000161507470897,1.0000168819884696,9.12306742192437e-11,1.0000161485244132,1.0000161363556683,1.1201683298958786e-10,9.473832425987528e-11,1.0000161456727856,1.0000161429893217,9.122018760936288e-11,2.045599142929314e-07,9.12306740096563e-11,9.120103118118509e-11,9.857247025321632e-11,1.0000161223016395,9.128290416663926e-11,9.123067428100258e-11,1.000016184500071,9.128290464070986e-11,1.000016173843068,9.122018688060094e-11,1.0000156727859193,2.8880182221881946e-07,9.882437678825226e-11,9.857247013001582e-11,1.0711644351115645e-10,1.000015856053474,9.857247056607099e-11,1.0000161596440051,9.123067386934335e-11,1.0000161575236384,9.123067435360303e-11,9.124716885575903e-11,1.0000161429893208,9.123067424063034e-11,9.123067362062301e-11,9.120103038708328e-11,1.0000161443223237,9.123067435245584e-11,9.120103028341351e-11,1.000016216155551,9.469146375609523e-11,9.123067433955169e-11,1.0722626195853596e-10,9.12689123485019e-11,9.857247024691298e-11,1.000016135692649,1.000016148524413
2.86011704859462e-06,1.781776146855699e-17,9.123067446189248e-11,9.123067464050286e-11,3.7283217398975267e-17,9.123067496896893e-11,1.653193570895329e-17,2.1253580060957593e-17,3.561930588538492e-14,9.123067724468147e-11,9.123067498022564e-11,9.123067184322229e-11,3.2974534657067146e-14,4.968968695697954e-17,9.12306744328244e-11,9.123067487027108e-11,9.12306744057961e-11,9.123067443915645e-11,3.2994384497399854e-14,9.123064806843845e-11,3.298578509972534e-14,9.123067511676984e-11,9.12306742192437e-11,7.413325513933263e-07,9.123067493026946e-11,9.12306737752249e-11,2.0354477571681342e-17,3.425387705362539e-14,9.123067465448264e-11,9.123067442038799e-11,3.298173135029445e-14,1.8699809849940408e-17,3.2985785089276766e-14,3.2974534552952236e-14,1.781776146855699e-17,9.123067256153729e-11,3.3005092932818784e-14,3.29857852117685e-14,9.123067819826449e-11,3.3005093104916566e-14,9.123067721725091e-11,3.298173127577964e-14,1.817230642196441e-07,2.6336596428741194e-17,3.573975862300422e-14,1.7872257061084327e-17,1.9475371180683248e-17,9.123064805749844e-11,1.784589372929336e-17,9.123067589811631e-11,3.298578512524746e-14,9.123067575070699e-11,3.2985785243636335e-14,3.299160820655355e-14,9.123067440254581e-11,3.298578516373304e-14,3.29857850100463e-14,3.297453455845051e-14,9.123067451717468e-11,3.298578516749146e-14,3.297453450401156e-14,9.123068110459402e-11,3.423704371010943e-14,3.298578522885438e-14,1.940693572569179e-17,3.2999678914122664e-14,1.7791909252559195e-17,9.12306736559304e-11,9.123067488309503e-11
1.0000139774361678,9.857246859844063e-11,1.000016150857568,1.0000161535410332,4.0925172364684374e-07,1.000016156392659,9.147374982793597e-11,1.1738892296194915e-10,9.851656977807438e-11,1.0000161817113142,1.0000161563926602,1.0000161231902949,9.120103172594044e-11,5.453356322518438e-07,1.0000161508575676,1.0000161563926584,1.0000161508575678,1.0000161508575678,9.125308134014755e-11,1.0000158639217198,9.12306748556454e-11,1.0000161586153373,1.0000161485244132,9.123067493026946e-11,1.0000168977249604,1.0000161442239135,1.1201683387358632e-10,9.473832507773532e-11,1.0000161535410341,1.0000161508575685,9.122018833737699e-11,1.0269544114077597e-10,9.12306747356999e-11,9.120103193185325e-11,9.857247103666995e-11,1.0000161301698842,9.12829048140703e-11,9.123067493295956e-11,1.0000161923683175,9.128290541121847e-11,1.0000161817113136,9.122018761468476e-11,1.0000156806541622,1.4498749955858485e-10,9.882437753956458e-11,9.857247087709246e-11,1.0711644417185157e-10,1.0000158639217192,9.857247131418663e-11,1.0000161675122519,9.123067450785544e-11,1.0000161653918849,9.123067506874094e-11,9.124716964442065e-11,1.0000161508575685,9.123067495985406e-11,9.12306742766537e-11,9.12010311010474e-11,1.0000161521905708,9.123067508421508e-11,9.120103099919987e-11,1.0000162240237986,9.469146454247323e-11,9.123067503145014e-11,1.0722626285911994e-10,9.126891313903301e-11,9.857247110627744e-11,1.0000161435608959,1.0000161563926602
1.0000139652674764,9.857246734689184e-11,1.0000161386888218,1.0000161413722861,4.0925171863473576e-07,1.0000161442239122,9.147374872841606e-11,2.3382798335662113e-07,9.851656857320695e-11,1.000016169542568,1.0000161442239128,1.0000161110215484,9.120103052803215e-11,5.45335625574073e-07,1.0000161386888213,1.0000161442239117,1.0000161386888222,1.0000161386888216,9.125308025449146e-11,1.0000158517529765,9.123067369318115e-11,1.00001614644659,1.0000161363556683,9.12306737752249e-11,1.0000161442239135,1.0000168733874664,1.1201683248612893e-10,9.473832389822413e-11,1.0000161413722861,1.0000161386888222,9.122018720631722e-11,1.0269543978373706e-10,9.123067360464751e-11,9.120103081324765e-11,9.857246974304268e-11,1.000016118001139,9.128290379805032e-11,9.123067386433768e-11,1.0000161801995704,9.128290427698124e-11,1.0000161695425682,9.122018645223624e-11,1.000015668485421,2.8880182096614106e-07,9.882437634748342e-11,9.857246961298734e-11,1.0711644281192201e-10,1.0000158517529767,9.85724700421634e-11,1.0000161553435054,9.123067342432927e-11,1.0000161532231384,9.123067395005103e-11,9.12471684365583e-11,1.0000161386888222,9.123067383068367e-11,9.123067318927746e-11,9.120102999940915e-11,1.0000161400218253,9.123067401027972e-11,9.12010298539921e-11,1.0000162118550515,9.469146333032055e-11,9.123067391028327e-11,1.0722626149776203e-10,9.126891196794725e-11,9.857246992004323e-11,1.0000161313921496,1.0000161442239128
2.9015209695801674e-06,4.375507925951864e-14,1.120168332124625e-10,1.1201683356847387e-10,9.121490187991928e-14,1.1201683386438588e-10,2.0801972047644187e-17,5.2109678729317305e-14,2.1948125637092643e-17,1.1201683677795109e-10,1.1201683391719502e-10,2.2312726934211563e-07,2.0394091326359893e-17,1.2155250590184595e-13,1.1201683321216134e-10,1.1201683386438588e-10,1.1201683322953911e-10,1.1201683322686428e-10,2.0310475061392315e-17,2.2312721104620783e-07,2.0354477571681342e-17,1.1201683411632822e-10,1.1201683298958786e-10,2.0354477571681342e-17,1.1201683387358632e-10,1.1201683248612893e-10,7.413325724356566e-07,2.1282962032258667e-17,1.1201683360224251e-10,1.1201683322953911e-10,2.0524678253483237e-17,4.558576848662252e-14,2.0339972883093387e-17,2.0372410537731956e-17,4.375507950213958e-14,1.1201683089729342e-10,2.034085939208858e-17,2.0359130644730717e-17,1.1201683792560059e-10,2.033671806467935e-17,1.1201683673722582e-10,2.0524183319763185e-17,2.2312716984964934e-07,6.436267438237401e-14,4.388053768442885e-14,4.375507957155594e-14,4.754875521000388e-14,2.2312721104620772e-07,4.37550797579019e-14,2.23127279312497e-07,2.0326069388281993e-17,2.2312727883791002e-07,2.033333699148282e-17,2.033464616205505e-17,1.1201683319511663e-10,2.032867217344549e-17,2.0364002398712685e-17,2.0363080899500037e-17,1.1201683325343133e-10,2.0329568451069994e-17,2.036627987920155e-17,1.1201684142581943e-10,2.1120608652873036e-17,2.0333773639470366e-17,4.7590834453453774e-14,2.0511061086504167e-17,4.375507971328686e-14,1.1201683243124464e-10,1.1201683388469242e-10
