0.9999999999964597,0.9999936558517328,7.456119358779426e-07,7.535042439463812e-07,7.861733103947102e-07,7.53504246730041e-07,7.294978780773807e-07,1.0124740223828545e-06,9.85498622035485e-07,0.9999947083230478,0.9999934315106233,9.85498622010312e-07,1.0124740224227536e-06,1.2566721943705116e-06,7.535042429996664e-07,8.741667222285659e-07,7.973047390300176e-07,7.664684330172109e-07,1.00207304827628e-06,7.38861555270293e-07,8.34351504138641e-07,0.9999990398605929,7.858159934548096e-07,9.827887643170523e-07,1.1116298034694363e-06,1.002073049140526e-06,1.0124740222208838e-06,8.741667252219824e-07,0.9999934315106233,8.195992816699484e-07,1.0711049743513123e-06,8.568514010699732e-07,8.195992821615798e-07,7.10132239495857e-07,9.827887615610921e-07,1.03390428446057e-06,1.0124740222122707e-06,7.535042428780697e-07,0.9999934315106134,8.195992814578068e-07
0.9999936558517328,0.9999938726799857,1.1183927277949691e-10,1.0401338031775941e-10,7.705317336656653e-11,1.040133827013308e-10,1.220367378244374e-10,-8.252633482427522e-11,3.347700253242692e-11,0.9999934019179558,0.9999930713634304,3.347700377604706e-11,-8.252633450775082e-11,6.281492296035453e-07,1.0401338050263945e-10,-1.1839677277833354e-11,5.0228930597711844e-11,8.694798522829412e-11,1.618595487570645e-10,1.1378249372214924e-10,4.7527543744131446e-11,0.9999934240877723,7.387744417620974e-11,-4.8585493697734834e-11,-1.4834266630675337e-10,1.6185954924426226e-10,-8.252633417567291e-11,-1.1839676669430993e-11,0.9999930713634296,3.863032625926621e-11,-1.1800014473946158e-10,7.918137149718284e-12,3.863032535273305e-11,1.2729545309775876e-10,-4.858549326000511e-11,2.1227682072775557e-12,-8.252633475171624e-11,1.0401338086887677e-10,0.9999930713634311,3.863032806810384e-11
7.456119358779426e-07,1.1183927277949691e-10,7.673465891305737e-07,2.3401445622455936e-11,5.44868103645142e-08,2.3401445738999817e-11,2.0597475725438946e-11,5.291332667296671e-11,4.0850511884085e-11,1.4936836958634313e-10,1.0498884130245736e-10,4.0850511882707383e-11,5.291332701350169e-11,2.7226637408402126e-11,2.3401446391840005e-11,3.984644280805544e-11,3.0463130724097036e-11,2.5598108549086353e-11,2.9673540275334965e-11,2.1805143048341887e-11,3.245222273775862e-11,6.978208237042169e-07,2.7722680798299978e-11,4.836088988325919e-11,6.369102219204795e-11,2.9673540275334965e-11,5.291332709350812e-11,3.984644256204119e-11,1.049888414692544e-10,3.2588634873409915e-11,5.89658777273794e-11,3.719534612264776e-11,3.2588634873409915e-11,1.919972698069999e-11,4.836088988325919e-11,4.604033583120831e-11,5.291332709350812e-11,2.3401446452370927e-11,1.0498884153082177e-10,3.2588634979054147e-11
7.535042439463812e-07,1.0401338031775941e-10,2.3401445622455936e-11,7.71817075598831e-07,2.8795940740097227e-11,4.8750170676794265e-08,2.161227542770469e-11,5.55203630808364e-11,4.2863164547270343e-11,1.4339149989357458e-10,9.682543034735757e-11,4.2863164547270343e-11,5.55203630808364e-11,2.8568045807381043e-11,2.4554398822856556e-11,4.180965741243152e-11,3.196401966473408e-11,2.685929582596697e-11,3.113550448682162e-11,2.2879445218354168e-11,3.4051110316861313e-11,7.057240961132766e-07,2.908854320879918e-11,5.074362813725309e-11,6.68290881447563e-11,3.113550416993154e-11,5.5520363492031484e-11,4.180965709476746e-11,9.68254310124002e-11,3.4194247765974426e-11,6.18711263846006e-11,3.902793154732215e-11,3.4194247765974426e-11,2.014565900332923e-11,5.074362813725309e-11,4.830868869279982e-11,5.552036317012563e-11,2.4554398822877733e-11,9.682543034697885e-11,3.4194247765974426e-11
7.861733103947102e-07,7.705317336656653e-11,5.44868103645142e-08,2.8795940740097227e-11,7.901134147062702e-07,2.8795940881149086e-11,2.5345572602888138e-11,6.511128504444343e-11,5.0267421449768713e-11,1.23233574620815e-10,6.862354216521204e-11,5.0267421523134166e-11,6.511128506274882e-11,3.350288200898394e-11,2.8795940881149086e-11,4.903204366949223e-11,7.442364433073914e-08,3.149901832908607e-11,3.651385405249403e-11,2.683164426854201e-11,3.9933191328350764e-11,7.384328495076982e-07,3.4113349334399686e-11,5.9509384840669e-11,7.837359660421728e-11,3.651385405249403e-11,6.511128504444343e-11,4.903204373306797e-11,6.862354216521204e-11,4.0101065003066737e-11,7.255913188910405e-11,4.576975116730193e-11,4.010106404457968e-11,2.3625599330915368e-11,5.950938435519043e-11,5.6653631888684375e-11,6.511128504444343e-11,2.8795940881149086e-11,6.862354176678429e-11,4.010106460653332e-11
7.53504246730041e-07,1.040133827013308e-10,2.3401445738999817e-11,4.8750170676794265e-08,2.8795940881149086e-11,7.71817075598831e-07,2.1612275174423105e-11,5.552036263268609e-11,4.2863164443257196e-11,1.433915005895121e-10,9.682543240912527e-11,4.2863164547270343e-11,5.55203630808364e-11,2.856804562978107e-11,2.4554398822877733e-11,4.180965709476746e-11,3.196401941494783e-11,2.6859295688920053e-11,3.113550416993154e-11,2.2879445218354168e-11,3.4051110912671037e-11,7.057240984930278e-07,2.9088542320313276e-11,5.074362813725309e-11,6.682908849537472e-11,3.113550417675981e-11,5.55203630808364e-11,4.180965709476746e-11,9.682543233788311e-11,3.4194247765974426e-11,6.187112637944004e-11,3.902793209800226e-11,3.4194247765974426e-11,2.014565984338963e-11,5.074362813725309e-11,4.8308688581137605e-11,5.55203630808364e-11,2.4554398822877733e-11,9.6825432042976e-11,3.419424783925047e-11
7.294978780773807e-07,1.220367378244374e-10,2.0597475725438946e-11,2.161227542770469e-11,2.5345572602888138e-11,2.1612275174423105e-11,7.608348482994365e-07,4.886766014831486e-11,3.7727237889461726e-11,1.566964939334757e-10,1.157100736233168e-10,3.772723811917369e-11,4.886766066015924e-11,2.5145027294123803e-11,2.161227542770469e-11,3.6799881543846154e-11,2.8134022899611548e-11,2.3640976925307174e-11,2.7404842319595486e-11,2.0138025055941755e-11,2.997103410915587e-11,6.816907309354437e-07,2.5603110610283063e-11,4.4663297577151024e-11,5.882128628123446e-11,2.7404842375860437e-11,4.886766066015924e-11,3.6799881543846154e-11,1.1571007411404074e-10,3.0097013034621224e-11,5.4457435289010803e-11,6.820127966967638e-08,3.0097013034621224e-11,1.7731818977761915e-11,4.46632972359062e-11,4.252025926906677e-11,4.886766066015924e-11,2.1612275511834116e-11,1.1571007411407226e-10,3.0097013034621224e-11
1.0124740223828545e-06,-8.252633482427522e-11,5.291332667296671e-11,5.55203630808364e-11,6.511128504444343e-11,5.552036263268609e-11,4.886766014831486e-11,9.723081865321678e-07,9.691918349157536e-11,6.512754176284329e-12,-9.877931941116713e-11,9.69191835366559e-11,2.4924844120544704e-07,6.459524179470175e-11,5.5520363492031484e-11,9.453814346152092e-11,7.227505861685673e-11,6.073230827736375e-11,7.040083546725115e-11,5.173297924314291e-11,7.699427381255529e-11,9.649500430045109e-07,6.577293958546785e-11,1.147399735564327e-10,1.5111250236820037e-10,7.040083473021378e-11,2.4924844120545096e-07,9.453814363129823e-11,-9.87793194042246e-11,7.731801408718705e-11,1.3990136608678562e-10,8.824786681661844e-11,7.731801408718705e-11,4.555133903855447e-11,1.1473997331648038e-10,1.0923242197453944e-10,2.492484412054545e-07,5.5520363492031484e-11,-9.877931928023964e-11,7.731801408718705e-11
9.85498622035485e-07,3.347700253242692e-11,4.0850511884085e-11,4.2863164547270343e-11,5.0267421449768713e-11,4.2863164443257196e-11,3.7727237889461726e-11,9.691918349157536e-11,8.71618067791267e-07,2.0295799355726688e-07,2.0929315200873808e-11,1.4855472537085382e-07,9.691918327748282e-11,4.9869569327078744e-11,4.286316413136886e-11,7.298495465336346e-11,5.579782617659332e-11,4.6886754185173666e-11,5.435140351091746e-11,3.993927872164113e-11,5.94411384441213e-11,9.379167170351877e-07,5.0778208826716394e-11,8.85806815783505e-11,1.166603835203908e-10,5.435140444139706e-11,9.691918351878783e-11,7.298495465336346e-11,2.092931592766005e-11,5.969102401028807e-11,1.0800543720776736e-10,6.812895377491502e-11,5.969102321614497e-11,3.51670304327989e-11,8.858068178716936e-11,1.6742782206667825e-07,9.691918352223305e-11,4.2863164443257196e-11,2.092931528633355e-11,5.96910239958158e-11
0.9999947083230478,0.9999934019179558,1.4936836958634313e-10,1.4339149989357458e-10,1.23233574620815e-10,1.433915005895121e-10,1.566964939334757e-10,6.512754176284329e-12,2.0295799355726688e-07,0.9999945026417518,0.9999933007619127,2.0295799494001076e-07,6.5127541358236854e-12,7.1910913140047e-07,1.4339149915779985e-10,5.5211199488256944e-11,1.0149007569475048e-10,1.3002254124940177e-10,4.2051152681560975e-07,1.5047444320993194e-10,1.0213580657785738e-10,0.9999944769517203,1.2052709708164781e-10,3.27930282860561e-11,-4.116742142344148e-11,4.205115267073057e-07,6.5127544445776475e-12,5.5211200213114804e-11,0.9999933007619128,9.346814061315283e-11,-1.8776125755255773e-11,7.050787709309586e-11,9.346813981833512e-11,1.5960316311981762e-10,3.279302851538911e-11,1.5804632395801765e-07,6.5127535574770674e-12,1.4339149990411213e-10,0.9999933007619137,9.34681409343536e-11
0.9999934315106233,0.9999930713634304,1.0498884130245736e-10,9.682543034735757e-11,6.862354216521204e-11,9.682543240912527e-11,1.157100736233168e-10,-9.877931941116713e-11,2.0929315200873808e-11,0.9999933007619127,0.9999937203145515,2.092931592642106e-11,-9.877931860934216e-11,3.0800628712368494e-10,9.6825429849532e-11,-2.4078972408353055e-11,4.087186897143571e-11,7.908529466004579e-11,1.5274507345654927e-10,1.070848747311254e-10,3.755950136178565e-11,0.9999931996832292,6.536215780337974e-11,-6.34401252838451e-11,-1.679061965606116e-10,1.527450736759162e-10,-9.877931861555493e-11,-2.407897182342892e-11,0.9999929972710813,2.8620383996536154e-11,-1.3611227373935675e-10,-3.5068350055857317e-12,2.8620383136003248e-11,1.213981251879549e-10,-6.344012395790344e-11,-1.2019062669191302e-11,-9.877931896448016e-11,9.682543166008135e-11,0.9999929972710826,2.862038469742531e-11
9.85498622010312e-07,3.347700377604706e-11,4.0850511882707383e-11,4.2863164547270343e-11,5.0267421523134166e-11,4.2863164547270343e-11,3.772723811917369e-11,9.69191835366559e-11,1.4855472537085382e-07,2.0295799494001076e-07,2.092931592642106e-11,8.71618067791267e-07,9.691918327748282e-11,4.9869569327078744e-11,4.2863164547270343e-11,7.298495454248003e-11,5.579782648500443e-11,4.688675327015909e-11,5.4351404085181406e-11,3.9939278998613655e-11,5.94411384441213e-11,9.379167184179345e-07,5.0778208826716394e-11,8.858068170151366e-11,1.1666038380473066e-10,5.4351403440775565e-11,9.69191835366559e-11,7.298495453541327e-11,2.0929315520659128e-11,5.969102401028807e-11,1.0800543723308932e-10,6.812895400902853e-11,5.969102386519192e-11,3.51670304327989e-11,8.858068170151366e-11,1.6742782206667878e-07,9.691918354440765e-11,4.2863164443257196e-11,2.0929315520659128e-11,5.969102321614497e-11
1.0124740224227536e-06,-8.252633450775082e-11,5.291332701350169e-11,5.55203630808364e-11,6.511128506274882e-11,5.55203630808364e-11,4.886766066015924e-11,2.4924844120544704e-07,9.691918327748282e-11,6.5127541358236854e-12,-9.877931860934216e-11,9.691918327748282e-11,9.723081865321678e-07,6.45952420794517e-11,5.5520363492031484e-11,9.453814363129823e-11,7.227505861685673e-11,6.07323091344402e-11,7.040083546725115e-11,5.173297939258385e-11,7.699427381255529e-11,9.649500432773125e-07,6.577294069427177e-11,1.1473997331652485e-10,1.5111250279780747e-10,7.04008348437428e-11,2.4924844120545043e-07,9.453814363129823e-11,-9.877931875941042e-11,7.731801429189476e-11,1.3990136641018649e-10,8.824786642045752e-11,7.731801408718705e-11,4.555133903855447e-11,1.1473997331652485e-10,1.0923242210747413e-10,2.4924844120545435e-07,5.5520363492031484e-11,-9.877931889696003e-11,7.731801463090921e-11
1.2566721943705116e-06,6.281492296035453e-07,2.7226637408402126e-11,2.8568045807381043e-11,3.350288200898394e-11,2.856804562978107e-11,2.5145027294123803e-11,6.459524179470175e-11,4.9869569327078744e-11,7.1910913140047e-07,3.0800628712368494e-10,4.9869569327078744e-11,6.45952420794517e-11,7.890561162241323e-07,2.8568045298047683e-11,4.8643622493954266e-11,3.718875325442399e-11,3.124965011482262e-11,3.622491669409455e-11,2.6619316300301925e-11,3.961700328735444e-11,1.2089479082269414e-06,3.3843300654136446e-11,5.903773448671613e-11,7.775233934534189e-11,3.622491596921391e-11,6.459524184209397e-11,4.8643622212968256e-11,3.0800628583088075e-10,3.978351645905628e-11,7.198405520488662e-11,4.5407290260429235e-11,3.978351645905628e-11,2.343870257530523e-11,5.903773453195725e-11,5.620521905629063e-11,6.459524219646614e-11,2.8568045083660692e-11,3.08006285880694e-10,3.978351647743109e-11
7.535042429996664e-07,1.0401338050263945e-10,2.3401446391840005e-11,2.4554398822856556e-11,2.8795940881149086e-11,2.4554398822877733e-11,2.161227542770469e-11,5.5520363492031484e-11,4.286316413136886e-11,1.4339149915779985e-10,9.6825429849532e-11,4.2863164547270343e-11,5.5520363492031484e-11,2.8568045298047683e-11,7.71817075598831e-07,4.180965741243152e-11,3.1964019460648455e-11,2.6859295688920053e-11,3.113550448682162e-11,2.2879445149649583e-11,3.4051109958089326e-11,7.057240956629841e-07,2.90885431275257e-11,5.074362813725309e-11,6.682908849740117e-11,3.113550416993154e-11,5.5520363492031484e-11,4.180965744050596e-11,9.682543023256396e-11,3.4194247765974426e-11,6.187112636114215e-11,3.902793154727949e-11,3.419424783925047e-11,2.0145659717248294e-11,5.074362712687115e-11,4.830868870613604e-11,5.5520363492031484e-11,4.8750170676793993e-08,9.682543080556027e-11,3.4194247765974426e-11
8.741667222285659e-07,-1.1839677277833354e-11,3.984644280805544e-11,4.180965741243152e-11,4.903204366949223e-11,4.180965709476746e-11,3.6799881543846154e-11,9.453814346152092e-11,7.298495465336346e-11,5.5211199488256944e-11,-2.4078972408353055e-11,7.298495454248003e-11,9.453814363129823e-11,4.8643622493954266e-11,4.180965741243152e-11,8.644071571062138e-07,5.442664837428061e-11,4.573445218524271e-11,5.30154538635154e-11,3.8957589801831783e-11,5.7980443814410915e-11,8.265319512047073e-07,4.9530293451371526e-11,8.640445954603924e-11,2.2592697823969847e-07,5.301545465325479e-11,9.453814301919037e-11,1.4134355811995719e-07,-2.407897241990029e-11,5.82242189208515e-11,1.0535208658531728e-10,1.3193914479096452e-07,5.822421916142195e-11,3.430254872889583e-11,8.640445905595006e-11,8.225738791008215e-11,9.453814303491617e-11,4.180965709476746e-11,-2.407897241990029e-11,5.822421906575731e-11
7.973047390300176e-07,5.0228930597711844e-11,3.0463130724097036e-11,3.196401966473408e-11,7.442364433073914e-08,3.196401941494783e-11,2.8134022899611548e-11,7.227505861685673e-11,5.579782617659332e-11,1.0149007569475048e-10,4.087186897143571e-11,5.579782648500443e-11,7.227505861685673e-11,3.718875325442399e-11,3.1964019460648455e-11,5.442664837428061e-11,8.056774419505736e-07,3.496451823708967e-11,4.0531026496799634e-11,2.978359957544742e-11,8.800589616647033e-08,7.49587605187439e-07,3.786648013430829e-11,6.605681043535372e-11,8.699659260056655e-11,4.0531026359025317e-11,7.227505818410454e-11,5.442664796491754e-11,4.0871868953919225e-11,4.4513007254227344e-11,1.599083516737531e-07,5.080539182289125e-11,4.451300717585778e-11,2.6224804827329962e-11,6.605681009856932e-11,6.288666852659867e-11,7.227505830666796e-11,3.196401966473408e-11,4.087186897143571e-11,4.451300717585778e-11
7.664684330172109e-07,8.694798522829412e-11,2.5598108549086353e-11,2.685929582596697e-11,3.149901832908607e-11,2.6859295688920053e-11,2.3640976925307174e-11,6.073230827736375e-11,4.6886754185173666e-11,1.3002254124940177e-10,7.908529466004579e-11,4.688675327015909e-11,6.07323091344402e-11,3.124965011482262e-11,2.6859295688920053e-11,4.573445218524271e-11,3.496451823708967e-11,7.813986096829469e-07,3.405814948236915e-11,2.5027104163399337e-11,7.39510414119207e-08,7.187046723891186e-07,3.1819091852371195e-11,5.5507154147234145e-11,7.310268353280756e-11,3.40581495324739e-11,6.07323091344402e-11,4.5734451584143546e-11,7.908529461731617e-11,3.7404111599944834e-11,6.767926197919332e-11,4.2691562690048427e-11,3.740411248733412e-11,2.203667621521384e-11,5.5507154147234145e-11,1.0491513626036762e-07,6.07323091344402e-11,2.6859295688920053e-11,7.908529464055253e-11,3.7404111599944834e-11
1.00207304827628e-06,1.618595487570645e-10,2.9673540275334965e-11,3.113550448682162e-11,3.651385405249403e-11,3.113550416993154e-11,2.7404842319595486e-11,7.040083546725115e-11,5.435140351091746e-11,4.2051152681560975e-07,1.5274507345654927e-10,5.4351404085181406e-11,7.040083546725115e-11,3.622491669409455e-11,3.113550448682162e-11,5.30154538635154e-11,4.0531026496799634e-11,3.405814948236915e-11,8.014502234693778e-07,2.9011635373914125e-11,4.317749656131003e-11,9.543765684075919e-07,3.688487524510688e-11,6.43438562430132e-11,8.474049023255098e-11,7.838437913787106e-08,7.040083491506581e-11,5.301545350468861e-11,1.5274507345654927e-10,4.33589919334184e-11,7.84537208970284e-11,4.94881917619202e-11,4.3358992029450705e-11,2.554515136347548e-11,6.434385593395637e-11,6.125643646476729e-11,7.040083473021378e-11,3.113550417675981e-11,1.5274507422133376e-10,4.3358992029450705e-11
7.38861555270293e-07,1.1378249372214924e-10,2.1805143048341887e-11,2.2879445218354168e-11,2.683164426854201e-11,2.2879445218354168e-11,2.0138025055941755e-11,5.173297924314291e-11,3.993927872164113e-11,1.5047444320993194e-10,1.070848747311254e-10,3.9939278998613655e-11,5.173297939258385e-11,2.6619316300301925e-11,2.2879445149649583e-11,3.8957589801831783e-11,2.978359957544742e-11,2.5027104163399337e-11,2.9011635373914125e-11,7.653932699845863e-07,3.172832115065168e-11,6.910658300994263e-07,5.381269863382963e-08,4.728209550670529e-11,6.227024736857306e-11,2.9011635373914125e-11,5.1732979455673417e-11,3.8957589800000024e-11,1.070848747311254e-10,3.1861690145384037e-11,5.7650512438097116e-11,3.6365636778918987e-11,3.186169017514066e-11,1.8771457724833033e-11,4.728209566533914e-11,4.5013332327151243e-11,5.1732979358988165e-11,2.2879445149649583e-11,1.070848747311254e-10,3.1861689893992275e-11
8.34351504138641e-07,4.7527543744131446e-11,3.245222273775862e-11,3.4051110316861313e-11,3.9933191328350764e-11,3.4051110912671037e-11,2.997103410915587e-11,7.699427381255529e-11,5.94411384441213e-11,1.0213580657785738e-10,3.755950136178565e-11,5.94411384441213e-11,7.699427381255529e-11,3.961700328735444e-11,3.4051109958089326e-11,5.7980443814410915e-11,8.800589616647033e-08,7.39510414119207e-08,4.317749656131003e-11,3.172832115065168e-11,8.168175385996883e-07,7.866573806194863e-07,8.008877337365586e-08,7.037000603308013e-11,9.267705850617553e-11,4.317749671270417e-11,7.699427399244794e-11,5.7980443814410915e-11,3.7559500514213525e-11,4.7419487650229875e-11,8.580139304765894e-11,5.412273445639521e-11,4.7419487650229875e-11,2.7937153053407527e-11,7.037000603308013e-11,6.699284502706622e-11,7.699427381271096e-11,3.4051110316861313e-11,3.755950155383945e-11,4.7419487650229875e-11
0.9999990398605929,0.9999934240877723,6.978208237042169e-07,7.057240961132766e-07,7.384328495076982e-07,7.057240984930278e-07,6.816907309354437e-07,9.649500430045109e-07,9.379167170351877e-07,0.9999944769517203,0.9999931996832292,9.379167184179345e-07,9.649500432773125e-07,1.2089479082269414e-06,7.057240956629841e-07,8.265319512047073e-07,7.49587605187439e-07,7.187046723891186e-07,9.543765684075919e-07,6.910658300994263e-07,7.866573806194863e-07,0.9999995334379382,7.380768797288876e-07,9.352200202468761e-07,1.0642009083729501e-06,9.543765682992638e-07,9.649500439449178e-07,8.265319523220267e-07,0.9999931996832312,7.719029562354242e-07,1.0236396427375248e-06,8.092013242294687e-07,7.719029544716733e-07,6.623127998617681e-07,9.352200209113428e-07,9.863788526246058e-07,9.649500426525319e-07,7.057240964189498e-07,0.9999931996832312,7.719029576796057e-07
7.858159934548096e-07,7.387744417620974e-11,2.7722680798299978e-11,2.908854320879918e-11,3.4113349334399686e-11,2.9088542320313276e-11,2.5603110610283063e-11,6.577293958546785e-11,5.0778208826716394e-11,1.2052709708164781e-10,6.536215780337974e-11,5.0778208826716394e-11,6.577294069427177e-11,3.3843300654136446e-11,2.90885431275257e-11,4.9530293451371526e-11,3.786648013430829e-11,3.1819091852371195e-11,3.688487524510688e-11,5.381269863382963e-08,8.008877337365586e-08,7.380768797288876e-07,7.914828793000173e-07,6.011411267095771e-11,7.917003064322443e-11,3.6884875676853024e-11,6.577294069543434e-11,4.953029346075983e-11,6.536215722939552e-11,4.050855238401508e-11,7.329647510018794e-11,4.6234846987145314e-11,4.050855238401508e-11,2.3865658699579962e-11,6.011411244720429e-11,5.7229316438283695e-11,6.577294069427177e-11,2.9088542320313276e-11,6.536215790342277e-11,4.050855160908993e-11
9.827887643170523e-07,-4.8585493697734834e-11,4.836088988325919e-11,5.074362813725309e-11,5.9509384840669e-11,5.074362813725309e-11,4.4663297577151024e-11,1.147399735564327e-10,8.85806815783505e-11,3.27930282860561e-11,-6.34401252838451e-11,8.858068170151366e-11,1.1473997331652485e-10,5.903773448671613e-11,5.074362813725309e-11,8.640445954603924e-11,6.605681043535372e-11,5.5507154147234145e-11,6.43438562430132e-11,4.728209550670529e-11,7.037000603308013e-11,9.352200202468761e-07,6.011411267095771e-11,9.312659074936793e-07,2.7420549242105274e-07,6.434385578523085e-11,1.1473997277476517e-10,8.640445953259099e-11,-6.34401248365157e-11,7.066589063102814e-11,2.538620222097886e-07,8.065538236282489e-11,7.066589006728708e-11,4.1632300115853985e-11,2.082046959033135e-07,9.983454256569683e-11,1.1473997331648038e-10,5.0743627780037584e-11,-6.34401252838451e-11,7.066589046991826e-11
1.1116298034694363e-06,-1.4834266630675337e-10,6.369102219204795e-11,6.68290881447563e-11,7.837359660421728e-11,6.682908849537472e-11,5.882128628123446e-11,1.5111250236820037e-10,1.166603835203908e-10,-4.116742142344148e-11,-1.679061965606116e-10,1.1666038380473066e-10,1.5111250279780747e-10,7.775233934534189e-11,6.682908849740117e-11,2.2592697823969847e-07,8.699659260056655e-11,7.310268353280756e-11,8.474049023255098e-11,6.227024736857306e-11,9.267705850617553e-11,1.0642009083729501e-06,7.917003064322443e-11,2.7420549242105274e-07,1.084184447789379e-06,8.47404894554259e-11,1.511125022145725e-10,2.2592697823969744e-07,-1.6790619640941247e-10,9.306675569916008e-11,3.343362335893451e-07,1.0622291765293929e-10,9.306675569916008e-11,5.482945264746255e-11,2.7420549242105825e-07,1.314817030651707e-10,1.5111250279780747e-10,6.68290878933074e-11,-1.679061964093361e-10,9.306675568072325e-11
1.002073049140526e-06,1.6185954924426226e-10,2.9673540275334965e-11,3.113550416993154e-11,3.651385405249403e-11,3.113550417675981e-11,2.7404842375860437e-11,7.040083473021378e-11,5.435140444139706e-11,4.205115267073057e-07,1.527450736759162e-10,5.4351403440775565e-11,7.04008348437428e-11,3.622491596921391e-11,3.113550416993154e-11,5.301545465325479e-11,4.0531026359025317e-11,3.40581495324739e-11,7.838437913787106e-08,2.9011635373914125e-11,4.317749671270417e-11,9.543765682992638e-07,3.6884875676853024e-11,6.434385578523085e-11,8.47404894554259e-11,8.014502234693778e-07,7.040083521342876e-11,5.301545411734046e-11,1.5274507355606124e-10,4.3358992029450705e-11,7.84537215021065e-11,4.948819195335186e-11,4.33589919334184e-11,2.554515144302622e-11,6.434385564774636e-11,6.125643591236623e-11,7.040083498620575e-11,3.113550382808504e-11,1.5274507356204214e-10,4.33589919334184e-11
1.0124740222208838e-06,-8.252633417567291e-11,5.291332709350812e-11,5.5520363492031484e-11,6.511128504444343e-11,5.55203630808364e-11,4.886766066015924e-11,2.4924844120545096e-07,9.691918351878783e-11,6.5127544445776475e-12,-9.877931861555493e-11,9.69191835366559e-11,2.4924844120545043e-07,6.459524184209397e-11,5.5520363492031484e-11,9.453814301919037e-11,7.227505818410454e-11,6.07323091344402e-11,7.040083491506581e-11,5.1732979455673417e-11,7.699427399244794e-11,9.649500439449178e-07,6.577294069543434e-11,1.1473997277476517e-10,1.511125022145725e-10,7.040083521342876e-11,9.723081865321678e-07,9.453814296957721e-11,-9.877931861555493e-11,7.731801413575072e-11,1.3990136641018649e-10,8.824786663494838e-11,7.731801408718705e-11,4.5551339460250186e-11,1.1473997277299483e-10,1.0923242210747413e-10,2.4924844120545874e-07,5.5520362952251176e-11,-9.877931861555493e-11,7.731801433414535e-11
8.741667252219824e-07,-1.1839676669430993e-11,3.984644256204119e-11,4.180965709476746e-11,4.903204373306797e-11,4.180965709476746e-11,3.6799881543846154e-11,9.453814363129823e-11,7.298495465336346e-11,5.5211200213114804e-11,-2.407897182342892e-11,7.298495453541327e-11,9.453814363129823e-11,4.8643622212968256e-11,4.180965744050596e-11,1.4134355811995719e-07,5.442664796491754e-11,4.5734451584143546e-11,5.301545350468861e-11,3.8957589800000024e-11,5.7980443814410915e-11,8.265319523220267e-07,4.953029346075983e-11,8.640445953259099e-11,2.2592697823969744e-07,5.301545411734046e-11,9.453814296957721e-11,8.644071571062138e-07,-2.4078972406697692e-11,5.82242192023775e-11,1.053520868086579e-10,1.3193914479096373e-07,5.82242192023775e-11,3.430254872889583e-11,8.640445905595006e-11,8.225738791008215e-11,9.453814340903078e-11,4.180965709476746e-11,-2.4078972354055168e-11,5.822421849152359e-11
0.9999934315106233,0.9999930713634296,1.049888414692544e-10,9.68254310124002e-11,6.862354216521204e-11,9.682543233788311e-11,1.1571007411404074e-10,-9.87793194042246e-11,2.092931592766005e-11,0.9999933007619128,0.9999929972710813,2.0929315520659128e-11,-9.877931875941042e-11,3.0800628583088075e-10,9.682543023256396e-11,-2.407897241990029e-11,4.0871868953919225e-11,7.908529461731617e-11,1.5274507345654927e-10,1.070848747311254e-10,3.7559500514213525e-11,0.9999931996832312,6.536215722939552e-11,-6.34401248365157e-11,-1.6790619640941247e-10,1.5274507355606124e-10,-9.877931861555493e-11,-2.4078972406697692e-11,0.9999937203145485,2.862038398895404e-11,-1.361122741916639e-10,-3.5068349926171242e-12,2.862038312346968e-11,1.2139812578272538e-10,-6.344012479738524e-11,-1.2019062171220216e-11,-9.877931923073568e-11,9.682543166008135e-11,0.9999929972710828,2.862038469742531e-11
8.195992816699484e-07,3.863032625926621e-11,3.2588634873409915e-11,3.4194247765974426e-11,4.0101065003066737e-11,3.4194247765974426e-11,3.0097013034621224e-11,7.731801408718705e-11,5.969102401028807e-11,9.346814061315283e-11,2.8620383996536154e-11,5.969102401028807e-11,7.731801429189476e-11,3.978351645905628e-11,3.4194247765974426e-11,5.82242189208515e-11,4.4513007254227344e-11,3.7404111599944834e-11,4.33589919334184e-11,3.1861690145384037e-11,4.7419487650229875e-11,7.719029562354242e-07,4.050855238401508e-11,7.066589063102814e-11,9.306675569916008e-11,4.3358992029450705e-11,7.731801413575072e-11,5.82242192023775e-11,2.862038398895404e-11,8.176074517575006e-07,8.616217163312851e-11,5.435027960649878e-11,9.454218702339025e-08,2.8054579655483653e-11,7.066589006728708e-11,6.727448500573528e-11,7.731801408718705e-11,3.419424783925047e-11,2.8620383936519952e-11,9.454218702339385e-08
1.0711049743513123e-06,-1.1800014473946158e-10,5.89658777273794e-11,6.18711263846006e-11,7.255913188910405e-11,6.187112637944004e-11,5.4457435289010803e-11,1.3990136608678562e-10,1.0800543720776736e-10,-1.8776125755255773e-11,-1.3611227373935675e-10,1.0800543723308932e-10,1.3990136641018649e-10,7.198405520488662e-11,6.187112636114215e-11,1.0535208658531728e-10,1.599083516737531e-07,6.767926197919332e-11,7.84537208970284e-11,5.7650512438097116e-11,8.580139304765894e-11,1.0236396427375248e-06,7.329647510018794e-11,2.538620222097886e-07,3.343362335893451e-07,7.84537215021065e-11,1.3990136641018649e-10,1.053520868086579e-10,-1.361122741916639e-10,8.616217163312851e-11,1.032589178292201e-06,9.83422619596285e-11,8.616217132183347e-11,1.0078212688419252e-07,2.538620222097932e-07,1.2172715158400447e-10,1.3990136608678562e-10,6.187112638456351e-11,-1.361122739243143e-10,8.616217106744784e-11
8.568514010699732e-07,7.918137149718284e-12,3.719534612264776e-11,3.902793154732215e-11,4.576975116730193e-11,3.902793209800226e-11,6.820127966967638e-08,8.824786681661844e-11,6.812895377491502e-11,7.050787709309586e-11,-3.5068350055857317e-12,6.812895400902853e-11,8.824786642045752e-11,4.5407290260429235e-11,3.902793154727949e-11,1.3193914479096452e-07,5.080539182289125e-11,4.2691562690048427e-11,4.94881917619202e-11,3.6365636778918987e-11,5.412273445639521e-11,8.092013242294687e-07,4.6234846987145314e-11,8.065538236282489e-11,1.0622291765293929e-10,4.948819195335186e-11,8.824786663494838e-11,1.3193914479096373e-07,-3.5068349926171242e-12,5.435027960649878e-11,9.83422619596285e-11,8.462247872682577e-07,5.435027960697858e-11,3.2020338592195795e-11,8.065538226562232e-11,7.678442529849636e-11,8.82478668567349e-11,3.902793209800226e-11,-3.506835353440861e-12,5.435027960649878e-11
8.195992821615798e-07,3.863032535273305e-11,3.2588634873409915e-11,3.4194247765974426e-11,4.010106404457968e-11,3.4194247765974426e-11,3.0097013034621224e-11,7.731801408718705e-11,5.969102321614497e-11,9.346813981833512e-11,2.8620383136003248e-11,5.969102386519192e-11,7.731801408718705e-11,3.978351645905628e-11,3.419424783925047e-11,5.822421916142195e-11,4.451300717585778e-11,3.740411248733412e-11,4.3358992029450705e-11,3.186169017514066e-11,4.7419487650229875e-11,7.719029544716733e-07,4.050855238401508e-11,7.066589006728708e-11,9.306675569916008e-11,4.33589919334184e-11,7.731801408718705e-11,5.82242192023775e-11,2.862038312346968e-11,9.454218702339025e-08,8.616217132183347e-11,5.435027960697858e-11,8.176074517575006e-07,2.805457896864582e-11,7.066589006728708e-11,6.727448500573528e-11,7.731801449663971e-11,3.4194247765974426e-11,2.862038312505246e-11,9.454218702339345e-08
7.10132239495857e-07,1.2729545309775876e-10,1.919972698069999e-11,2.014565900332923e-11,2.3625599330915368e-11,2.014565984338963e-11,1.7731818977761915e-11,4.555133903855447e-11,3.51670304327989e-11,1.5960316311981762e-10,1.213981251879549e-10,3.51670304327989e-11,4.555133903855447e-11,2.343870257530523e-11,2.0145659717248294e-11,3.430254872889583e-11,2.6224804827329962e-11,2.203667621521384e-11,2.554515136347548e-11,1.8771457724833033e-11,2.7937153053407527e-11,6.623127998617681e-07,2.3865658699579962e-11,4.1632300115853985e-11,5.482945264746255e-11,2.554515144302622e-11,4.5551339460250186e-11,3.430254872889583e-11,1.2139812578272538e-10,2.8054579655483653e-11,1.0078212688419252e-07,3.2020338592195795e-11,2.805457896864582e-11,7.558831732153844e-07,4.1632300115853985e-11,3.963478260900599e-11,4.555133920282464e-11,2.014565914794955e-11,1.213981251879549e-10,2.8054578975217807e-11
9.827887615610921e-07,-4.858549326000511e-11,4.836088988325919e-11,5.074362813725309e-11,5.950938435519043e-11,5.074362813725309e-11,4.46632972359062e-11,1.1473997331648038e-10,8.858068178716936e-11,3.279302851538911e-11,-6.344012395790344e-11,8.858068170151366e-11,1.1473997331652485e-10,5.903773453195725e-11,5.074362712687115e-11,8.640445905595006e-11,6.605681009856932e-11,5.5507154147234145e-11,6.434385593395637e-11,4.728209566533914e-11,7.037000603308013e-11,9.352200209113428e-07,6.011411244720429e-11,2.082046959033135e-07,2.7420549242105825e-07,6.434385564774636e-11,1.1473997277299483e-10,8.640445905595006e-11,-6.344012479738524e-11,7.066589006728708e-11,2.538620222097932e-07,8.065538226562232e-11,7.066589006728708e-11,4.1632300115853985e-11,9.312659074936793e-07,9.983454225043772e-11,1.1473997277476517e-10,5.074362742510294e-11,-6.344012469769815e-11,7.06658904236959e-11
1.03390428446057e-06,2.1227682072775557e-12,4.604033583120831e-11,4.830868869279982e-11,5.6653631888684375e-11,4.8308688581137605e-11,4.252025926906677e-11,1.0923242197453944e-10,1.6742782206667825e-07,1.5804632395801765e-07,-1.2019062669191302e-11,1.6742782206667878e-07,1.0923242210747413e-10,5.620521905629063e-11,4.830868870613604e-11,8.225738791008215e-11,6.288666852659867e-11,1.0491513626036762e-07,6.125643646476729e-11,4.5013332327151243e-11,6.699284502706622e-11,9.863788526246058e-07,5.7229316438283695e-11,9.983454256569683e-11,1.314817030651707e-10,6.125643591236623e-11,1.0923242210747413e-10,8.225738791008215e-11,-1.2019062171220216e-11,6.727448500573528e-11,1.2172715158400447e-10,7.678442529849636e-11,6.727448500573528e-11,3.963478260900599e-11,9.983454225043772e-11,9.117605716887706e-07,1.0923242189950829e-10,4.830868846638959e-11,-1.2019062469481432e-11,6.727448500573528e-11
1.0124740222122707e-06,-8.252633475171624e-11,5.291332709350812e-11,5.552036317012563e-11,6.511128504444343e-11,5.55203630808364e-11,4.886766066015924e-11,2.492484412054545e-07,9.691918352223305e-11,6.5127535574770674e-12,-9.877931896448016e-11,9.691918354440765e-11,2.4924844120545435e-07,6.459524219646614e-11,5.5520363492031484e-11,9.453814303491617e-11,7.227505830666796e-11,6.07323091344402e-11,7.040083473021378e-11,5.1732979358988165e-11,7.699427381271096e-11,9.649500426525319e-07,6.577294069427177e-11,1.1473997331648038e-10,1.5111250279780747e-10,7.040083498620575e-11,2.4924844120545874e-07,9.453814340903078e-11,-9.877931923073568e-11,7.731801408718705e-11,1.3990136608678562e-10,8.82478668567349e-11,7.731801449663971e-11,4.555133920282464e-11,1.1473997277476517e-10,1.0923242189950829e-10,9.72308186394588e-07,5.552036317012563e-11,-9.877931909110078e-11,7.731801449663971e-11
7.535042428780697e-07,1.0401338086887677e-10,2.3401446452370927e-11,2.4554398822877733e-11,2.8795940881149086e-11,2.4554398822877733e-11,2.1612275511834116e-11,5.5520363492031484e-11,4.2863164443257196e-11,1.4339149990411213e-10,9.682543166008135e-11,4.2863164443257196e-11,5.5520363492031484e-11,2.8568045083660692e-11,4.8750170676793993e-08,4.180965709476746e-11,3.196401966473408e-11,2.6859295688920053e-11,3.113550417675981e-11,2.2879445149649583e-11,3.4051110316861313e-11,7.057240964189498e-07,2.9088542320313276e-11,5.0743627780037584e-11,6.68290878933074e-11,3.113550382808504e-11,5.5520362952251176e-11,4.180965709476746e-11,9.682543166008135e-11,3.419424783925047e-11,6.187112638456351e-11,3.902793209800226e-11,3.4194247765974426e-11,2.014565914794955e-11,5.074362742510294e-11,4.830868846638959e-11,5.552036317012563e-11,7.718170753721137e-07,9.682543166008135e-11,3.419424783925047e-11
0.9999934315106134,0.9999930713634311,1.0498884153082177e-10,9.682543034697885e-11,6.862354176678429e-11,9.6825432042976e-11,1.1571007411407226e-10,-9.877931928023964e-11,2.092931528633355e-11,0.9999933007619137,0.9999929972710826,2.0929315520659128e-11,-9.877931889696003e-11,3.08006285880694e-10,9.682543080556027e-11,-2.407897241990029e-11,4.087186897143571e-11,7.908529464055253e-11,1.5274507422133376e-10,1.070848747311254e-10,3.755950155383945e-11,0.9999931996832312,6.536215790342277e-11,-6.34401252838451e-11,-1.679061964093361e-10,1.5274507356204214e-10,-9.877931861555493e-11,-2.4078972354055168e-11,0.9999929972710828,2.8620383936519952e-11,-1.361122739243143e-10,-3.506835353440861e-12,2.862038312505246e-11,1.213981251879549e-10,-6.344012469769815e-11,-1.2019062469481432e-11,-9.877931909110078e-11,9.682543166008135e-11,0.9999937203145508,2.8620385068978452e-11
8.195992814578068e-07,3.863032806810384e-11,3.2588634979054147e-11,3.4194247765974426e-11,4.010106460653332e-11,3.419424783925047e-11,3.0097013034621224e-11,7.731801408718705e-11,5.96910239958158e-11,9.34681409343536e-11,2.862038469742531e-11,5.969102321614497e-11,7.731801463090921e-11,3.978351647743109e-11,3.4194247765974426e-11,5.822421906575731e-11,4.451300717585778e-11,3.7404111599944834e-11,4.3358992029450705e-11,3.1861689893992275e-11,4.7419487650229875e-11,7.719029576796057e-07,4.050855160908993e-11,7.066589046991826e-11,9.306675568072325e-11,4.33589919334184e-11,7.731801433414535e-11,5.822421849152359e-11,2.862038469742531e-11,9.454218702339385e-08,8.616217106744784e-11,5.435027960649878e-11,9.454218702339345e-08,2.8054578975217807e-11,7.06658904236959e-11,6.727448500573528e-11,7.731801449663971e-11,3.419424783925047e-11,2.8620385068978452e-11,8.17607452861856e-07
