0.9999999840678591,1.0000157139566948,-1.1533718684256046e-05,-1.1501553367465686e-05,1.0000157139566972,1.0000157139566956,1.0000157139567014,1.0000157139567007,1.000015713956698,1.000015713956703,1.0000157139566919,1.000015713956695,1.000015713956698,1.0000157139566956,1.0000157139566916,1.0000157139566965,1.0000157139566976,1.000015713956697,1.0000157139566956,1.0000157139567007,1.000015713956697,1.000015713956698,1.000015713956692,1.0000157139566916,1.0000155108226279,-1.1524432021442809e-05,1.000015713956695,1.000015713956692,1.0000157139566948,1.0000157139566965,1.0000157139566999,1.000015713956695,1.0000157139566976,-1.1524432021503605e-05,1.0000157139566936,1.000015713956697,1.0000157139566948
1.0000157139566948,1.0000166007062519,-3.948136682183491e-10,-3.7858582443092517e-10,1.0000351936829142,1.0000351936829128,1.0000351936829146,1.0000351936829142,1.0000351936829126,1.0000351936829146,1.0000351936829128,1.0000351936829137,1.0000351936829135,1.0000351936829142,1.0000351936829128,1.0000351936829137,1.0000351936829128,1.0000351936829135,1.0000351936829128,1.000035193682914,1.0000351936829126,1.000035193682912,1.0000351936829128,1.0000351936829128,1.0000349905472834,-3.901194969869082e-10,1.0000351936829128,1.0000351936829122,1.000035193682913,1.0000351936829128,1.0000351936829128,1.000035193682912,1.0000351936829128,-3.9011949868426536e-10,1.0000351936829128,1.0000351936829128,1.0000351936829135
-1.1533718684256046e-05,-3.948136682183491e-10,-1.8594408821195127e-05,5.102829213525536e-13,-3.9481366805094644e-10,-3.948136681697884e-10,-3.948136681302215e-10,-3.9481366813190654e-10,-3.9481366814385945e-10,-3.9481366814057477e-10,-3.9481366813995035e-10,-3.948136681231004e-10,-3.9481366813995035e-10,-3.9481366815484715e-10,-3.948136681697884e-10,-3.9481366810545615e-10,-3.9481366807540705e-10,-3.9481366814385945e-10,-3.9481366809378546e-10,-3.9481366817980645e-10,-3.948136681697884e-10,-3.9481366815484715e-10,-3.948136681302215e-10,-3.948136680777972e-10,-7.833895265767036e-07,2.647941899159978e-13,-3.9481366811713537e-10,-3.9481366811726684e-10,-3.9481366812950255e-10,-3.9481366820106204e-10,-3.9481366805094644e-10,-3.9481366815484715e-10,-3.948136681062858e-10,2.6479418991643566e-13,-3.9481366813995035e-10,-3.9481366815484715e-10,-3.9481366820106204e-10
-1.1501553367465686e-05,-3.7858582443092517e-10,5.102829213525536e-13,-1.859369130006809e-05,-3.785858243644146e-10,-3.7858582438308694e-10,-3.7858582445484553e-10,-3.7858582444823765e-10,-3.785858244051382e-10,-3.7858582437938024e-10,-3.785858244051382e-10,-3.7858582444823765e-10,-3.7858582437938024e-10,-3.7858582444823765e-10,-3.785858243950064e-10,-3.785858244548028e-10,-3.7858582444823765e-10,-3.785858244613799e-10,-3.7858582438031666e-10,-3.78585824357552e-10,-3.785858243683547e-10,-3.785858244613333e-10,-3.785858243950064e-10,-3.785858244613799e-10,-7.512239769690776e-07,-3.695551382895029e-10,-3.785858243941367e-10,-3.7858582446149125e-10,-3.7858582437885203e-10,-3.7858582444559987e-10,-3.785858244051382e-10,-3.7858582438031666e-10,-3.7858582438038955e-10,-3.695551382811942e-10,-3.7858582445810705e-10,-3.785858243657239e-10,-3.785858244047414e-10
1.0000157139566972,1.0000351936829142,-3.9481366805094644e-10,-3.785858243644146e-10,1.0000166007062574,1.000035193682913,1.0000351936829157,1.0000351936829137,1.0000351936829128,1.000035193682916,1.0000351936829137,1.0000351936829142,1.0000351936829135,1.0000351936829137,1.0000351936829137,1.0000351936829137,1.0000351936829128,1.0000351936829128,1.0000351936829128,1.0000351936829137,1.0000351936829128,1.0000351936829126,1.000035193682913,1.0000351936829135,1.0000349905472847,-3.901194969708256e-10,1.0000351936829122,1.0000351936829122,1.000035193682913,1.0000351936829128,1.000035193682913,1.0000351936829115,1.0000351936829128,-3.9011949863463494e-10,1.000035193682913,1.000035193682913,1.0000351936829144
1.0000157139566956,1.0000351936829128,-3.948136681697884e-10,-3.7858582438308694e-10,1.000035193682913,1.0000166007062656,1.0000351936829146,1.0000351936829135,1.0000351936829115,1.0000351936829148,1.0000351936829122,1.0000351936829128,1.0000351936829126,1.0000351936829126,1.0000351936829122,1.0000351936829126,1.000035193682912,1.000035193682912,1.000035193682912,1.0000351936829128,1.0000351936829115,1.000035193682911,1.0000351936829115,1.0000351936829115,1.0000349905472836,-3.901194968669795e-10,1.0000351936829115,1.0000351936829115,1.0000351936829115,1.0000351936829126,1.0000351936829115,1.0000351936829104,1.0000351936829115,-3.9011949858127067e-10,1.0000351936829115,1.0000351936829115,1.000035193682913
1.0000157139567014,1.0000351936829146,-3.948136681302215e-10,-3.7858582445484553e-10,1.0000351936829157,1.0000351936829146,1.0000166007062579,1.0000351936829155,1.0000351936829135,1.0000351936829146,1.0000351936829135,1.000035193682915,1.0000351936829144,1.0000351936829146,1.0000351936829135,1.0000351936829144,1.0000351936829135,1.0000351936829142,1.0000351936829146,1.0000351936829155,1.0000351936829135,1.0000351936829135,1.0000351936829146,1.0000351936829135,1.0000349905472843,-3.901194969611853e-10,1.0000351936829128,1.0000351936829137,1.0000351936829148,1.0000351936829137,1.0000351936829137,1.0000351936829128,1.0000351936829135,-3.9011949865046133e-10,1.0000351936829146,1.000035193682913,1.0000351936829137
1.0000157139567007,1.0000351936829142,-3.9481366813190654e-10,-3.7858582444823765e-10,1.0000351936829137,1.0000351936829135,1.0000351936829155,1.0000166007062556,1.0000351936829122,1.000035193682915,1.0000351936829128,1.0000351936829142,1.0000351936829128,1.0000351936829137,1.000035193682913,1.0000351936829128,1.0000351936829126,1.0000351936829122,1.000035193682913,1.000035193682914,1.0000351936829137,1.0000351936829126,1.0000351936829135,1.0000351936829122,1.000034990547284,-3.901194968927398e-10,1.0000351936829115,1.0000351936829126,1.0000351936829135,1.0000351936829128,1.0000351936829122,1.0000351936829126,1.0000351936829126,-3.901194986504615e-10,1.0000351936829135,1.0000351936829122,1.0000351936829135
1.000015713956698,1.0000351936829126,-3.9481366814385945e-10,-3.785858244051382e-10,1.0000351936829128,1.0000351936829115,1.0000351936829135,1.0000351936829122,1.000016600706256,1.0000351936829135,1.0000351936829104,1.0000351936829122,1.0000351936829113,1.0000351936829115,1.0000351936829104,1.000035193682911,1.0000351936829115,1.0000351936829104,1.0000351936829122,1.0000351936829122,1.0000351936829104,1.0000351936829115,1.0000351936829115,1.0000351936829102,1.0000349905472834,-3.9011949692257476e-10,1.0000351936829095,1.0000351936829108,1.000035193682912,1.000035193682911,1.0000351936829108,1.0000351936829104,1.0000351936829122,-3.901194986833732e-10,1.0000351936829122,1.0000351936829108,1.0000351936829122
1.000015713956703,1.0000351936829146,-3.9481366814057477e-10,-3.7858582437938024e-10,1.000035193682916,1.0000351936829148,1.0000351936829146,1.000035193682915,1.0000351936829135,1.000016600706263,1.000035193682915,1.000035193682915,1.0000351936829146,1.000035193682915,1.0000351936829146,1.000035193682915,1.0000351936829137,1.0000351936829146,1.0000351936829146,1.0000351936829155,1.0000351936829142,1.0000351936829135,1.000035193682915,1.0000351936829142,1.0000349905472852,-3.901194968939251e-10,1.0000351936829135,1.0000351936829142,1.000035193682915,1.0000351936829146,1.0000351936829135,1.0000351936829135,1.0000351936829137,-3.9011949853553653e-10,1.000035193682915,1.0000351936829135,1.0000351936829137
1.0000157139566919,1.0000351936829128,-3.9481366813995035e-10,-3.785858244051382e-10,1.0000351936829137,1.0000351936829122,1.0000351936829135,1.0000351936829128,1.0000351936829104,1.000035193682915,1.0000166007062576,1.0000351936829128,1.0000351936829122,1.0000351936829122,1.0000351936829115,1.0000351936829122,1.0000351936829126,1.0000351936829115,1.0000351936829128,1.000035193682913,1.0000351936829113,1.0000351936829126,1.0000351936829122,1.0000351936829113,1.0000349905472834,-3.901194969307223e-10,1.0000351936829113,1.0000351936829115,1.0000351936829128,1.000035193682912,1.0000351936829115,1.0000351936829113,1.0000351936829128,-3.901194986650018e-10,1.0000351936829128,1.0000351936829115,1.0000351936829128
1.000015713956695,1.0000351936829137,-3.948136681231004e-10,-3.7858582444823765e-10,1.0000351936829142,1.0000351936829128,1.000035193682915,1.0000351936829142,1.0000351936829122,1.000035193682915,1.0000351936829128,1.0000166007062639,1.0000351936829128,1.0000351936829128,1.0000351936829128,1.0000351936829128,1.0000351936829126,1.0000351936829122,1.000035193682913,1.0000351936829137,1.0000351936829137,1.0000351936829126,1.0000351936829135,1.0000351936829128,1.0000349905472832,-3.901194969103625e-10,1.0000351936829115,1.0000351936829126,1.0000351936829135,1.0000351936829128,1.000035193682912,1.0000351936829126,1.0000351936829126,-3.90119498677904e-10,1.0000351936829135,1.000035193682912,1.0000351936829135
1.000015713956698,1.0000351936829135,-3.9481366813995035e-10,-3.7858582437938024e-10,1.0000351936829135,1.0000351936829126,1.0000351936829144,1.0000351936829128,1.0000351936829113,1.0000351936829146,1.0000351936829122,1.0000351936829128,1.0000166007062565,1.0000351936829128,1.0000351936829122,1.0000351936829122,1.0000351936829126,1.0000351936829115,1.0000351936829126,1.0000351936829128,1.0000351936829104,1.0000351936829113,1.0000351936829128,1.0000351936829108,1.0000349905472834,-3.9011949691493896e-10,1.0000351936829115,1.000035193682912,1.0000351936829126,1.000035193682912,1.0000351936829115,1.0000351936829113,1.0000351936829128,-3.9011949858127067e-10,1.0000351936829126,1.0000351936829115,1.0000351936829128
1.0000157139566956,1.0000351936829142,-3.9481366815484715e-10,-3.7858582444823765e-10,1.0000351936829137,1.0000351936829126,1.0000351936829146,1.0000351936829137,1.0000351936829115,1.000035193682915,1.0000351936829122,1.0000351936829128,1.0000351936829128,1.0000166007062632,1.0000351936829122,1.0000351936829128,1.0000351936829122,1.000035193682912,1.0000351936829126,1.0000351936829128,1.0000351936829115,1.0000351936829122,1.0000351936829126,1.000035193682912,1.000034990547284,-3.9011949696062176e-10,1.0000351936829115,1.0000351936829115,1.0000351936829128,1.0000351936829128,1.000035193682912,1.0000351936829113,1.0000351936829122,-3.901194986017184e-10,1.0000351936829126,1.000035193682912,1.0000351936829135
1.0000157139566916,1.0000351936829128,-3.948136681697884e-10,-3.785858243950064e-10,1.0000351936829137,1.0000351936829122,1.0000351936829135,1.000035193682913,1.0000351936829104,1.0000351936829146,1.0000351936829115,1.0000351936829128,1.0000351936829122,1.0000351936829122,1.0000166007062579,1.0000351936829122,1.0000351936829122,1.0000351936829113,1.0000351936829128,1.000035193682913,1.0000351936829108,1.0000351936829122,1.0000351936829126,1.0000351936829113,1.0000349905472834,-3.901194969347806e-10,1.0000351936829104,1.0000351936829115,1.0000351936829126,1.000035193682912,1.0000351936829115,1.0000351936829113,1.0000351936829122,-3.9011949858421993e-10,1.0000351936829128,1.0000351936829115,1.0000351936829128
1.0000157139566965,1.0000351936829137,-3.9481366810545615e-10,-3.785858244548028e-10,1.0000351936829137,1.0000351936829126,1.0000351936829144,1.0000351936829128,1.000035193682911,1.000035193682915,1.0000351936829122,1.0000351936829128,1.0000351936829122,1.0000351936829128,1.0000351936829122,1.0000166007062607,1.000035193682912,1.0000351936829122,1.0000351936829128,1.0000351936829128,1.0000351936829122,1.0000351936829115,1.0000351936829128,1.000035193682912,1.0000349905472832,-3.901194968939251e-10,1.000035193682912,1.000035193682912,1.0000351936829128,1.0000351936829122,1.0000351936829122,1.0000351936829126,1.0000351936829122,-3.9011949858127067e-10,1.0000351936829128,1.0000351936829122,1.0000351936829135
1.0000157139566976,1.0000351936829128,-3.9481366807540705e-10,-3.7858582444823765e-10,1.0000351936829128,1.000035193682912,1.0000351936829135,1.0000351936829126,1.0000351936829115,1.0000351936829137,1.0000351936829126,1.0000351936829126,1.0000351936829126,1.0000351936829122,1.0000351936829122,1.000035193682912,1.0000166007062563,1.0000351936829115,1.0000351936829115,1.0000351936829122,1.0000351936829108,1.0000351936829108,1.0000351936829115,1.0000351936829106,1.0000349905472836,-3.901194969117949e-10,1.0000351936829108,1.0000351936829113,1.0000351936829115,1.000035193682912,1.0000351936829115,1.000035193682911,1.000035193682912,-3.9011949869024433e-10,1.0000351936829115,1.0000351936829115,1.0000351936829122
1.000015713956697,1.0000351936829135,-3.9481366814385945e-10,-3.785858244613799e-10,1.0000351936829128,1.000035193682912,1.0000351936829142,1.0000351936829122,1.0000351936829104,1.0000351936829146,1.0000351936829115,1.0000351936829122,1.0000351936829115,1.000035193682912,1.0000351936829113,1.0000351936829122,1.0000351936829115,1.0000166007062548,1.000035193682912,1.0000351936829126,1.0000351936829113,1.0000351936829115,1.0000351936829115,1.0000351936829113,1.0000349905472836,-3.9011949701024267e-10,1.0000351936829104,1.0000351936829115,1.0000351936829122,1.000035193682912,1.0000351936829115,1.0000351936829108,1.0000351936829115,-3.901194986228904e-10,1.0000351936829122,1.0000351936829115,1.0000351936829128
1.0000157139566956,1.0000351936829128,-3.9481366809378546e-10,-3.7858582438031666e-10,1.0000351936829128,1.000035193682912,1.0000351936829146,1.000035193682913,1.0000351936829122,1.0000351936829146,1.0000351936829128,1.000035193682913,1.0000351936829126,1.0000351936829126,1.0000351936829128,1.0000351936829128,1.0000351936829115,1.000035193682912,1.0000166007062548,1.0000351936829128,1.0000351936829122,1.000035193682911,1.000035193682912,1.000035193682912,1.0000349905472834,-3.9011949696236127e-10,1.0000351936829115,1.000035193682912,1.0000351936829115,1.0000351936829126,1.0000351936829115,1.0000351936829104,1.0000351936829115,-3.90119498650175e-10,1.000035193682912,1.0000351936829115,1.0000351936829128
1.0000157139567007,1.000035193682914,-3.9481366817980645e-10,-3.78585824357552e-10,1.0000351936829137,1.0000351936829128,1.0000351936829155,1.000035193682914,1.0000351936829122,1.0000351936829155,1.000035193682913,1.0000351936829137,1.0000351936829128,1.0000351936829128,1.000035193682913,1.0000351936829128,1.0000351936829122,1.0000351936829126,1.0000351936829128,1.0000166007062634,1.0000351936829128,1.0000351936829126,1.0000351936829128,1.0000351936829122,1.0000349905472832,-3.9011949688894067e-10,1.000035193682912,1.000035193682912,1.0000351936829128,1.0000351936829128,1.000035193682912,1.0000351936829126,1.0000351936829126,-3.901194986773301e-10,1.0000351936829128,1.000035193682912,1.0000351936829135
1.000015713956697,1.0000351936829126,-3.948136681697884e-10,-3.785858243683547e-10,1.0000351936829128,1.0000351936829115,1.0000351936829135,1.0000351936829137,1.0000351936829104,1.0000351936829142,1.0000351936829113,1.0000351936829137,1.0000351936829104,1.0000351936829115,1.0000351936829108,1.0000351936829122,1.0000351936829108,1.0000351936829113,1.0000351936829122,1.0000351936829128,1.0000166007062559,1.0000351936829115,1.000035193682912,1.0000351936829104,1.0000349905472836,-3.901194968927398e-10,1.0000351936829104,1.0000351936829115,1.0000351936829126,1.0000351936829122,1.00003519368291,1.0000351936829115,1.000035193682912,-3.901194987074445e-10,1.0000351936829122,1.00003519368291,1.0000351936829122
1.000015713956698,1.000035193682912,-3.9481366815484715e-10,-3.785858244613333e-10,1.0000351936829126,1.000035193682911,1.0000351936829135,1.0000351936829126,1.0000351936829115,1.0000351936829135,1.0000351936829126,1.0000351936829126,1.0000351936829113,1.0000351936829122,1.0000351936829122,1.0000351936829115,1.0000351936829108,1.0000351936829115,1.000035193682911,1.0000351936829126,1.0000351936829115,1.0000166007062528,1.000035193682911,1.0000351936829115,1.0000349905472823,-3.9011949702533557e-10,1.0000351936829108,1.0000351936829106,1.000035193682911,1.0000351936829115,1.0000351936829108,1.0000351936829115,1.0000351936829115,-3.901194986504615e-10,1.000035193682912,1.0000351936829108,1.0000351936829122
1.000015713956692,1.0000351936829128,-3.948136681302215e-10,-3.785858243950064e-10,1.000035193682913,1.0000351936829115,1.0000351936829146,1.0000351936829135,1.0000351936829115,1.000035193682915,1.0000351936829122,1.0000351936829135,1.0000351936829128,1.0000351936829126,1.0000351936829126,1.0000351936829128,1.0000351936829115,1.0000351936829115,1.000035193682912,1.0000351936829128,1.000035193682912,1.000035193682911,1.0000166007062659,1.0000351936829115,1.0000349905472838,-3.9011949700454464e-10,1.0000351936829115,1.0000351936829115,1.0000351936829115,1.0000351936829128,1.0000351936829115,1.0000351936829104,1.0000351936829115,-3.9011949861472573e-10,1.0000351936829115,1.0000351936829115,1.000035193682913
1.0000157139566916,1.0000351936829128,-3.948136680777972e-10,-3.785858244613799e-10,1.0000351936829135,1.0000351936829115,1.0000351936829135,1.0000351936829122,1.0000351936829102,1.0000351936829142,1.0000351936829113,1.0000351936829128,1.0000351936829108,1.000035193682912,1.0000351936829113,1.000035193682912,1.0000351936829106,1.0000351936829113,1.000035193682912,1.0000351936829122,1.0000351936829104,1.0000351936829115,1.0000351936829115,1.0000166007062576,1.0000349905472832,-3.901194969094713e-10,1.0000351936829104,1.000035193682911,1.0000351936829122,1.0000351936829122,1.0000351936829102,1.0000351936829104,1.0000351936829122,-3.9011949865866164e-10,1.000035193682912,1.0000351936829102,1.0000351936829126
1.0000155108226279,1.0000349905472834,-7.833895265767036e-07,-7.512239769690776e-07,1.0000349905472847,1.0000349905472836,1.0000349905472843,1.000034990547284,1.0000349905472834,1.0000349905472852,1.0000349905472834,1.0000349905472832,1.0000349905472834,1.000034990547284,1.0000349905472834,1.0000349905472832,1.0000349905472836,1.0000349905472836,1.0000349905472834,1.0000349905472832,1.0000349905472836,1.0000349905472823,1.0000349905472838,1.0000349905472832,1.0000161944347503,-7.741028014219645e-07,1.0000349905472823,1.0000349905472834,1.0000349905472838,1.0000349905472825,1.0000349905472832,1.0000349905472832,1.0000349905472832,-7.74102804790191e-07,1.0000349905472827,1.0000349905472832,1.0000349905472836
-1.1524432021442809e-05,-3.901194969869082e-10,2.647941899159978e-13,-3.695551382895029e-10,-3.901194969708256e-10,-3.901194968669795e-10,-3.901194969611853e-10,-3.901194968927398e-10,-3.9011949692257476e-10,-3.901194968939251e-10,-3.901194969307223e-10,-3.901194969103625e-10,-3.9011949691493896e-10,-3.9011949696062176e-10,-3.901194969347806e-10,-3.901194968939251e-10,-3.901194969117949e-10,-3.9011949701024267e-10,-3.9011949696236127e-10,-3.9011949688894067e-10,-3.901194968927398e-10,-3.9011949702533557e-10,-3.9011949700454464e-10,-3.901194969094713e-10,-7.741028014219645e-07,-1.8594537976958864e-05,-3.901194969117949e-10,-3.9011949686249157e-10,-3.9011949699064723e-10,-3.901194970045067e-10,-3.9011949686993035e-10,-3.9011949696719196e-10,-3.9011949689933244e-10,5.943292960661235e-13,-3.901194970045067e-10,-3.9011949693077083e-10,-3.90119496892025e-10
1.000015713956695,1.0000351936829128,-3.9481366811713537e-10,-3.785858243941367e-10,1.0000351936829122,1.0000351936829115,1.0000351936829128,1.0000351936829115,1.0000351936829095,1.0000351936829135,1.0000351936829113,1.0000351936829115,1.0000351936829115,1.0000351936829115,1.0000351936829104,1.000035193682912,1.0000351936829108,1.0000351936829104,1.0000351936829115,1.000035193682912,1.0000351936829104,1.0000351936829108,1.0000351936829115,1.0000351936829104,1.0000349905472823,-3.901194969117949e-10,1.000016600706253,1.0000351936829106,1.0000351936829115,1.0000351936829113,1.0000351936829104,1.00003519368291,1.0000351936829108,-3.9011949860863014e-10,1.0000351936829115,1.0000351936829104,1.0000351936829122
1.000015713956692,1.0000351936829122,-3.9481366811726684e-10,-3.7858582446149125e-10,1.0000351936829122,1.0000351936829115,1.0000351936829137,1.0000351936829126,1.0000351936829108,1.0000351936829142,1.0000351936829115,1.0000351936829126,1.000035193682912,1.0000351936829115,1.0000351936829115,1.000035193682912,1.0000351936829113,1.0000351936829115,1.000035193682912,1.000035193682912,1.0000351936829115,1.0000351936829106,1.0000351936829115,1.000035193682911,1.0000349905472834,-3.9011949686249157e-10,1.0000351936829106,1.0000166007062659,1.0000351936829115,1.000035193682912,1.0000351936829108,1.00003519368291,1.0000351936829113,-3.9011949853838513e-10,1.0000351936829115,1.0000351936829108,1.0000351936829122
1.0000157139566948,1.000035193682913,-3.9481366812950255e-10,-3.7858582437885203e-10,1.000035193682913,1.0000351936829115,1.0000351936829148,1.0000351936829135,1.000035193682912,1.000035193682915,1.0000351936829128,1.0000351936829135,1.0000351936829126,1.0000351936829128,1.0000351936829126,1.0000351936829128,1.0000351936829115,1.0000351936829122,1.0000351936829115,1.0000351936829128,1.0000351936829126,1.000035193682911,1.0000351936829115,1.0000351936829122,1.0000349905472838,-3.9011949699064723e-10,1.0000351936829115,1.0000351936829115,1.000016600706266,1.0000351936829128,1.0000351936829115,1.0000351936829108,1.0000351936829115,-3.901194986950747e-10,1.000035193682912,1.0000351936829115,1.0000351936829135
1.0000157139566965,1.0000351936829128,-3.9481366820106204e-10,-3.7858582444559987e-10,1.0000351936829128,1.0000351936829126,1.0000351936829137,1.0000351936829128,1.000035193682911,1.0000351936829146,1.000035193682912,1.0000351936829128,1.000035193682912,1.0000351936829128,1.000035193682912,1.0000351936829122,1.000035193682912,1.000035193682912,1.0000351936829126,1.0000351936829128,1.0000351936829122,1.0000351936829115,1.0000351936829128,1.0000351936829122,1.0000349905472825,-3.901194970045067e-10,1.0000351936829113,1.000035193682912,1.0000351936829128,1.0000166007062607,1.000035193682912,1.0000351936829115,1.000035193682912,-3.901194987055075e-10,1.0000351936829128,1.000035193682912,1.0000351936829135
1.0000157139566999,1.0000351936829128,-3.9481366805094644e-10,-3.785858244051382e-10,1.000035193682913,1.0000351936829115,1.0000351936829137,1.0000351936829122,1.0000351936829108,1.0000351936829135,1.0000351936829115,1.000035193682912,1.0000351936829115,1.000035193682912,1.0000351936829115,1.0000351936829122,1.0000351936829115,1.0000351936829115,1.0000351936829115,1.000035193682912,1.00003519368291,1.0000351936829108,1.0000351936829115,1.0000351936829102,1.0000349905472832,-3.9011949686993035e-10,1.0000351936829104,1.0000351936829108,1.0000351936829115,1.000035193682912,1.0000166007062534,1.00003519368291,1.000035193682912,-3.901194986296142e-10,1.0000351936829115,1.0000351936829108,1.0000351936829122
1.000015713956695,1.000035193682912,-3.9481366815484715e-10,-3.7858582438031666e-10,1.0000351936829115,1.0000351936829104,1.0000351936829128,1.0000351936829126,1.0000351936829104,1.0000351936829135,1.0000351936829113,1.0000351936829126,1.0000351936829113,1.0000351936829113,1.0000351936829113,1.0000351936829126,1.000035193682911,1.0000351936829108,1.0000351936829104,1.0000351936829126,1.0000351936829115,1.0000351936829115,1.0000351936829104,1.0000351936829104,1.0000349905472832,-3.9011949696719196e-10,1.00003519368291,1.00003519368291,1.0000351936829108,1.0000351936829115,1.00003519368291,1.0000166007062556,1.0000351936829108,-3.901194986833732e-10,1.0000351936829108,1.00003519368291,1.0000351936829122
1.0000157139566976,1.0000351936829128,-3.948136681062858e-10,-3.7858582438038955e-10,1.0000351936829128,1.0000351936829115,1.0000351936829135,1.0000351936829126,1.0000351936829122,1.0000351936829137,1.0000351936829128,1.0000351936829126,1.0000351936829128,1.0000351936829122,1.0000351936829122,1.0000351936829122,1.000035193682912,1.0000351936829115,1.0000351936829115,1.0000351936829126,1.000035193682912,1.0000351936829115,1.0000351936829115,1.0000351936829122,1.0000349905472832,-3.9011949689933244e-10,1.0000351936829108,1.0000351936829113,1.0000351936829115,1.000035193682912,1.000035193682912,1.0000351936829108,1.0000166007062556,-3.901194986950747e-10,1.000035193682912,1.0000351936829115,1.0000351936829122
-1.1524432021503605e-05,-3.9011949868426536e-10,2.6479418991643566e-13,-3.695551382811942e-10,-3.9011949863463494e-10,-3.9011949858127067e-10,-3.9011949865046133e-10,-3.901194986504615e-10,-3.901194986833732e-10,-3.9011949853553653e-10,-3.901194986650018e-10,-3.90119498677904e-10,-3.9011949858127067e-10,-3.901194986017184e-10,-3.9011949858421993e-10,-3.9011949858127067e-10,-3.9011949869024433e-10,-3.901194986228904e-10,-3.90119498650175e-10,-3.901194986773301e-10,-3.901194987074445e-10,-3.901194986504615e-10,-3.9011949861472573e-10,-3.9011949865866164e-10,-7.74102804790191e-07,5.943292960661235e-13,-3.9011949860863014e-10,-3.9011949853838513e-10,-3.901194986950747e-10,-3.901194987055075e-10,-3.901194986296142e-10,-3.901194986833732e-10,-3.901194986950747e-10,-1.8594537976958864e-05,-3.9011949867737944e-10,-3.901194985915194e-10,-3.901194986119395e-10
1.0000157139566936,1.0000351936829128,-3.9481366813995035e-10,-3.7858582445810705e-10,1.000035193682913,1.0000351936829115,1.0000351936829146,1.0000351936829135,1.0000351936829122,1.000035193682915,1.0000351936829128,1.0000351936829135,1.0000351936829126,1.0000351936829126,1.0000351936829128,1.0000351936829128,1.0000351936829115,1.0000351936829122,1.000035193682912,1.0000351936829128,1.0000351936829122,1.000035193682912,1.0000351936829115,1.000035193682912,1.0000349905472827,-3.901194970045067e-10,1.0000351936829115,1.0000351936829115,1.000035193682912,1.0000351936829128,1.0000351936829115,1.0000351936829108,1.000035193682912,-3.9011949867737944e-10,1.000016600706266,1.0000351936829115,1.0000351936829135
1.000015713956697,1.0000351936829128,-3.9481366815484715e-10,-3.785858243657239e-10,1.000035193682913,1.0000351936829115,1.000035193682913,1.0000351936829122,1.0000351936829108,1.0000351936829135,1.0000351936829115,1.000035193682912,1.0000351936829115,1.000035193682912,1.0000351936829115,1.0000351936829122,1.0000351936829115,1.0000351936829115,1.0000351936829115,1.000035193682912,1.00003519368291,1.0000351936829108,1.0000351936829115,1.0000351936829102,1.0000349905472832,-3.9011949693077083e-10,1.0000351936829104,1.0000351936829108,1.0000351936829115,1.000035193682912,1.0000351936829108,1.00003519368291,1.0000351936829115,-3.901194985915194e-10,1.0000351936829115,1.0000166007062534,1.0000351936829122
1.0000157139566948,1.0000351936829135,-3.9481366820106204e-10,-3.785858244047414e-10,1.0000351936829144,1.000035193682913,1.0000351936829137,1.0000351936829135,1.0000351936829122,1.0000351936829137,1.0000351936829128,1.0000351936829135,1.0000351936829128,1.0000351936829135,1.0000351936829128,1.0000351936829135,1.0000351936829122,1.0000351936829128,1.0000351936829128,1.0000351936829135,1.0000351936829122,1.0000351936829122,1.000035193682913,1.0000351936829126,1.0000349905472836,-3.90119496892025e-10,1.0000351936829122,1.0000351936829122,1.0000351936829135,1.0000351936829135,1.0000351936829122,1.0000351936829122,1.0000351936829122,-3.901194986119395e-10,1.0000351936829135,1.0000351936829122,1.000016600706253
