0.9999999873819062,-5.039369313542542e-06,-6.528080201351353e-06,0.9999948171132951,-5.043078418597887e-06,-5.520138975042361e-06,-5.227493401850064e-06,0.9999928118646111,0.999989862386633,0.9999953930998059,-5.478751626624263e-06,0.9999950120362254,0.9999968674900368,0.9999976232662198,-5.135752971299985e-06,-5.227493401852736e-06,-5.043570073510385e-06,-5.038312659327598e-06,0.9999898623866312,-5.0367224609377825e-06,0.9999957502632941,0.9999919812730743,-5.041358080142725e-06,-5.227493402005177e-06,-5.038312658126756e-06,0.9999950120362242,-6.2568857799276285e-06,0.9999930431152767,-5.758016322765347e-06,0.999989862386635,-5.2274934022808074e-06,0.9999950120362238,-5.042775114342284e-06,-5.755148146920686e-06,-5.047975175936353e-06,0.9999930431152808,0.9999951313831889,-5.042775113952963e-06,0.9999930013298874,-5.277430538295881e-06,-5.042113276110754e-06,0.9999922807018717,-5.043570069074438e-06,-5.226044171633777e-06,-5.038510699370912e-06,0.9999950120362265,0.999990428362253,-5.036408818499766e-06,0.9999898623866361,0.9999943130690048,-5.038510698411693e-06,0.9999927107200646,0.9999961190736109,-5.036722462265063e-06,0.9999984385983229,-5.135752969678815e-06,0.999989862386635,0.9999950120362242,-5.044451363287975e-06,0.9999961190736065,-5.042113275689482e-06,0.9999938681801636,-5.038510699525025e-06,0.9999937664832166,-5.041358079914298e-06,0.9999898623866372,-5.033992744677789e-06,-5.654891600123046e-06,0.9999929995406552,-5.033361682575567e-06,-5.048959249293239e-06,-6.548757585015472e-06,-5.044061978482943e-06,-5.036722462436425e-06,-5.043078418521179e-06,0.9999937664832149,0.9999899346633044,0.9999917629263132,-5.03672246231972e-06,-5.282844699131899e-06,-5.036722462853146e-06,-6.009504589164471e-06,0.9999898623866313
-5.039369313542542e-06,-5.442246415169462e-06,2.440070525745193e-16,-1.406913344407322e-10,3.92039373943113e-17,1.0521924657991731e-16,6.482289434440278e-17,-1.4069105394626103e-10,-1.406906418597397e-10,-1.4069141441085377e-10,9.977981377559612e-17,-1.406913615310917e-10,-1.406916206832858e-10,-1.4069172590048555e-10,5.221264574663349e-17,6.479738445826007e-17,3.945296811619639e-17,3.8491772283624827e-17,-1.4069064182305788e-10,3.816324482189919e-17,-1.4069146445340034e-10,-1.4069093789210452e-10,7.803908390724735e-14,6.486922711524326e-17,3.869061623742816e-17,-1.4069136156794884e-10,2.0693219700970196e-16,-1.4069108625579426e-10,1.3800186694115238e-16,-1.4069064181347713e-10,6.476878477441334e-17,-1.406913615840353e-10,3.955045708894091e-17,1.3794670551232163e-16,4.029235310608047e-17,-1.4069108624452816e-10,-1.4069137794349236e-10,3.989957799786325e-17,-1.4069108002688397e-10,7.162632059499748e-17,7.826153058289348e-14,-1.4069097977212457e-10,3.945296811582743e-17,6.457096915662151e-17,3.861573869769206e-17,-1.406913615310917e-10,-2.804562124901155e-07,3.8499409474601244e-17,-1.4069064184742695e-10,-1.4069126361692556e-10,3.8696687655099327e-17,-1.406910398066018e-10,-1.40691515930295e-10,3.821267446317217e-17,-1.4069183961807118e-10,5.1978760029521256e-17,-1.4069064181544906e-10,-1.4069136156794884e-10,3.9683188081550864e-17,-1.4069151588785688e-10,7.826153058376659e-14,-1.4069120160281244e-10,3.8839371948779956e-17,-1.4069118731478852e-10,7.803908437486082e-14,-1.4069064185923258e-10,7.588079616887261e-14,1.237529738935528e-16,-1.4069108015719548e-10,7.569764201198343e-14,4.029326043045863e-17,2.4712054086944183e-16,3.9116336547651525e-17,3.8269244734022324e-17,3.9288394255791456e-17,-1.4069118730410018e-10,-1.4069065193914605e-10,-1.4069090736829777e-10,3.816324482189919e-17,7.24992794331379e-17,3.7955282835177536e-17,1.7247548286345592e-16,-1.4069064182584263e-10
-6.528080201351353e-06,2.440070525745193e-16,-5.442243435992599e-06,-8.875046498304015e-10,2.477457733266092e-16,1.3181871092909853e-12,4.0729951148046726e-16,-1.7691692396870223e-06,-1.769164066225715e-06,-1.76917376486773e-06,1.2477340131616145e-12,-8.875048216062119e-10,-1.769176356331548e-06,-1.7691776761739328e-06,3.274495107373573e-16,4.0716993301374717e-16,2.4812448729980353e-16,2.433124587932823e-16,-1.769164066225712e-06,2.4155934861950263e-16,-1.7691743934241101e-06,-1.7691677830738895e-06,2.460961866646239e-16,4.0727492743292854e-16,2.4326734890393816e-16,-8.87504821544284e-10,2.5912891242085197e-12,-1.769169645362733e-06,1.7269022672419307e-12,-1.7691640662257133e-06,4.0716993301374717e-16,-8.875048213379592e-10,2.472985325535774e-16,1.724192019268391e-12,2.5159695979348143e-16,-1.769169645362734e-06,-1.769173306827684e-06,2.472985325535774e-16,-1.7691695656774417e-06,4.504265030387123e-16,2.4669945744808417e-16,-1.7691683080284679e-06,2.4824301971610584e-16,4.06131184043182e-16,2.433182809751503e-16,-8.875048216062119e-10,-1.7691650595643913e-06,2.413279636104461e-16,-1.769164066225711e-06,-1.7691718716469007e-06,2.433006141222842e-16,-1.769169062237239e-06,-1.7691750392766542e-06,2.41631191455677e-16,-1.7691791011987836e-06,3.27447347646273e-16,-1.7691640662257133e-06,-8.875048213729455e-10,2.4893823626243243e-16,-1.769175039276653e-06,2.468243645164073e-16,-1.7691710926426177e-06,2.433614043158413e-16,-1.769170913977336e-06,2.4612791594338135e-16,-1.769164066225713e-06,2.3916641392762155e-16,1.5485997202330475e-12,-1.7691695689453234e-06,2.3843462843919863e-16,2.5261219123347023e-16,3.0889504279954968e-12,2.4846572965192415e-16,2.4158514125863205e-16,2.4780356912369485e-16,-1.7691709139773373e-06,-1.7691641929422778e-06,-1.769167399797101e-06,2.415380432193681e-16,9.080226507605166e-13,2.415380432193681e-16,2.1595577324611215e-12,-1.7691640662257136e-06
0.9999948171132951,-1.406913344407322e-10,-8.875046498304015e-10,0.9999965394260699,-1.4255200598945608e-10,-3.818699035366585e-10,-2.3506396794714763e-10,0.9999999764182717,0.999997026932625,1.0000025576602087,-3.611078921576408e-10,1.000002176595543,1.0000040320542054,1.0000047878324303,-1.890422934396972e-10,-2.350639677002603e-10,-1.4279864502988487e-10,-1.4016126228501423e-10,0.9999970269326256,-1.3936354056980018e-10,1.0000029148246041,0.9999991458245682,-1.4168899833365287e-10,-2.3506396742565663e-10,-1.4016126215927197e-10,1.0000021765955422,-7.514596629767553e-10,1.00000020766954,-5.012013250553568e-10,0.9999970269326249,-2.350639676797632e-10,1.0000021765955445,-1.423998543597941e-10,-4.997624874160246e-10,-2.890633232105563e-07,1.0000002076695405,1.0000022959428974,-1.4239985461911398e-10,1.0000001658841207,-2.6011498041018925e-10,-1.4206784311887385e-10,0.9999994452541492,-1.4279864413777337e-10,-2.343369537189345e-10,-1.4026060961448009e-10,1.000002176595543,0.9999975929097095,-1.3920620079649953e-10,0.9999970269326254,1.0000014776265846,-1.4026061004628731e-10,0.9999998752734648,1.0000032836358874,-1.393635408642209e-10,1.0000056031667162,-1.890422931161714e-10,0.9999970269326256,1.000002176595543,-1.432407451143515e-10,1.0000032836358863,-1.4206784310752276e-10,1.0000010327365685,-1.4026060948959605e-10,1.0000009310393607,-1.4168899905472855e-10,0.999997026932625,-1.3799417788220974e-10,-4.494687050218419e-10,1.0000001640948037,-1.3767760510258843e-10,-2.900473975816153e-07,-8.978774852255467e-10,-1.4304541050102124e-10,-1.393635406479322e-10,-1.425520059915064e-10,1.0000009310393614,0.9999970992094821,0.9999989274772478,-1.3936354093310205e-10,-2.628309962729495e-10,-1.393635405814683e-10,-6.273606739339594e-10,0.9999970269326256
-5.043078418597887e-06,3.92039373943113e-17,2.477457733266092e-16,-1.4255200598945608e-10,-5.442246412319205e-06,1.0685820891697825e-16,6.559893327665655e-17,-1.425517217760284e-10,-1.425513040219637e-10,-1.4255208718457784e-10,1.0124259657000097e-16,-1.4255203364752235e-10,-1.425522962856264e-10,-1.4255240300272374e-10,5.2733076151732734e-17,6.566213655286252e-17,3.958951955408475e-17,3.925782015321305e-17,-1.425513040752882e-10,3.919348513439509e-17,-1.4255213785169336e-10,-1.4255160416833284e-10,3.979919851113653e-17,6.565934983711594e-17,3.9296587958167317e-17,-1.4255203375932695e-10,2.0997215960885293e-16,-1.4255175457568473e-10,1.3994972000169764e-16,-1.425513040718451e-10,6.555129329933645e-17,-1.4255203375932695e-10,3.972347297145139e-17,1.397272128720834e-16,4.026191337351541e-17,-1.4255175456190744e-10,-1.425520501805105e-10,3.972347297145139e-17,-1.4255174821287676e-10,7.261742035974696e-17,3.9059486556003657e-17,-1.4255164656018232e-10,3.9585065603849697e-17,6.591943622477549e-17,3.9930998031336605e-17,-1.4255203375932695e-10,-2.8416530293693643e-07,3.88371564452187e-17,-1.425513040648606e-10,-1.425519342938684e-10,3.965726530310589e-17,-1.4255170746929164e-10,-1.4255219004342054e-10,3.9007429136588496e-17,-1.4255251811806481e-10,5.2733076151732734e-17,-1.425513040461422e-10,-1.425520335888047e-10,3.998752168058695e-17,-1.4255219006973626e-10,3.971218243995596e-17,-1.425518714186599e-10,3.981585201058615e-17,-1.4255185693505003e-10,3.9988714175227725e-17,-1.425513040492826e-10,7.694684350770138e-14,1.254452642317283e-16,-1.4255174838124094e-10,7.676154817125461e-14,4.062119020853659e-17,2.5045025853459306e-16,4.011553025861226e-17,3.9007429136588496e-17,7.963926397895532e-14,-1.4255185693173717e-10,-1.42551314273061e-10,-1.4255157322206867e-10,3.920818155961203e-17,7.3816351961985e-17,3.920818155961203e-17,1.7495730155142928e-16,-1.4255130406130113e-10
-5.520138975042361e-06,1.0521924657991731e-16,1.3181871092909853e-12,-3.818699035366585e-10,1.0685820891697825e-16,-5.442245924343691e-06,1.7569045806093852e-16,-7.612269854188171e-07,-7.612247572376654e-07,-3.8187011999755756e-10,2.6988271040099537e-16,-3.818699775679483e-10,-3.818706801893471e-10,-3.81870965545824e-10,1.41269114790099e-16,1.7562569058844125e-16,1.0685084600673522e-16,1.0508086590476515e-16,-7.612247572376667e-07,1.0409685818112169e-16,-7.612292051195786e-07,-7.612263580508646e-07,1.0595662168761943e-16,1.7554449794847e-16,1.0482959873629055e-16,-3.818699776289203e-10,1.1179949357229757e-12,-7.612271601381185e-07,7.451163698252469e-13,-7.612247572376656e-07,1.7554449794847e-16,-3.8186997759425526e-10,1.0658408919115051e-16,7.438388264092612e-13,1.0859067545035545e-16,-7.612271601381182e-07,-7.612287371792362e-07,1.0669098026663394e-16,-3.8186921337010607e-10,1.9392183562882868e-16,1.0636082965864016e-16,-7.612265841575261e-07,1.068508460067127e-16,1.7526801963086669e-16,1.0495106180126574e-16,-3.8186997755016204e-10,-7.61225185034194e-07,1.0416391069778847e-16,-7.612247572376657e-07,-7.612281190469831e-07,1.0495106180126574e-16,-7.612269089936531e-07,-3.818703958072298e-10,1.0424048496847911e-16,-3.8187127334608637e-10,1.4112924632848937e-16,-7.612247572376656e-07,-3.818699775905612e-10,1.07362730631742e-16,-3.8187039515528227e-10,1.0636082965864014e-16,-7.61227783470062e-07,1.0497714686210787e-16,-7.612277065341344e-07,1.0616480084427869e-16,-7.612247572376657e-07,1.0303096050284933e-16,6.681983173428171e-13,-7.612271272248588e-07,1.0304808837993832e-16,1.09204883873471e-16,1.3330653077559348e-12,1.0715989098736895e-16,1.0423345957762076e-16,1.0687126792912155e-16,-7.612277065341352e-07,-7.612248118165686e-07,-7.612261929895655e-07,1.0428567558913406e-16,3.9167407025741056e-13,1.0412873822640369e-16,9.319047594476757e-13,-7.612247572376655e-07
-5.227493401850064e-06,6.482289434440278e-17,4.0729951148046726e-16,-2.3506396794714763e-10,6.559893327665655e-17,1.7569045806093852e-16,-5.442246275130937e-06,-4.6858114205877375e-07,-4.6857977018553107e-07,-2.350641015275507e-10,1.6618777864685461e-16,-2.350640135143197e-10,-2.350644461497663e-10,-2.35064621827099e-10,1.7341642291218958e-13,2.156984885686924e-13,6.603901070214937e-17,6.461092467225962e-17,-4.6857977018553155e-07,6.424696458219177e-17,-2.3506418508875435e-10,-4.6858075579159985e-07,6.544018804433531e-17,2.1569848834601224e-13,6.470627320192132e-17,-2.350640135181252e-10,3.4551406632516136e-16,-2.35063553680982e-10,4.589306671449082e-13,-4.6857977018553086e-07,2.1569848858036575e-13,-2.350640135345778e-10,6.571154310165364e-17,2.2983073230637187e-16,6.685709541143949e-17,-2.3506355351956976e-10,-2.350640405634936e-10,6.56249079770404e-17,-4.685812287317419e-07,2.3865172622509865e-13,6.567670383443223e-17,-2.350633755797499e-10,6.584349288199305e-17,1.0788473872990076e-16,6.473391876905081e-17,-2.3506401352403864e-10,-4.6858003357242745e-07,6.411200200559905e-17,-4.6857977018553107e-07,-2.3506384963022995e-10,6.466142711692332e-17,-2.3506347593098825e-10,-2.3506427093931095e-10,6.410352757379531e-17,-2.3506481141731177e-10,1.7341642258175516e-13,-4.6857977018553107e-07,-2.3506401352861057e-10,6.629864827287322e-17,-2.3506427093931147e-10,6.554457695954202e-17,-2.3506374599652873e-10,6.461401250065953e-17,-4.685815860445701e-07,6.534496033995756e-17,-4.6857977018553165e-07,6.349260377754267e-17,4.115557167054417e-13,-2.350635432705714e-10,6.349213015788468e-17,6.683804305669758e-17,4.117828189237637e-16,6.586028434300464e-17,6.416103127411791e-17,6.572183401226933e-17,-4.6858158604456983e-07,-4.685798037897109e-07,-4.685806541666105e-07,6.416103127411791e-17,1.2100630905959617e-16,6.419236868445444e-17,5.739904963871893e-13,-4.6857977018553086e-07
0.9999928118646111,-1.4069105394626103e-10,-1.7691692396870223e-06,0.9999999764182717,-1.425517217760284e-10,-7.612269854188171e-07,-4.6858114205877375e-07,0.9999925289224008,0.9999950216886968,1.00000055240522,-7.198395822970099e-07,1.0000001713413122,1.000002026796265,1.0000027825729807,-1.8904191661854172e-10,-4.6858114145937587e-07,-1.427983604199353e-10,-1.4016098284750172e-10,0.9999950216886979,-1.3936326272295263e-10,1.0000009095688995,0.9999971405764041,-1.416887158656228e-10,-4.685811410787907e-07,-1.4016098274722856e-10,1.0000001713413125,-1.4979744906620557e-06,0.9999982024192511,-9.99104587830535e-07,0.9999950216886976,-4.685811414530412e-07,1.0000001713413134,-1.4239957027859385e-10,-9.96236381161305e-07,-1.4500818470653217e-10,0.9999982024192497,1.0000002906884318,-1.4239957073419628e-10,0.9999981606339172,-5.185183235355658e-07,-1.4206755987223083e-10,0.9999974400053845,-1.4279835942871704e-10,-2.343364864156031e-10,-1.402603299708494e-10,1.0000001713413122,0.9999955876646496,-1.392059232955249e-10,0.9999950216886972,0.9999994723737569,-1.4026033048679433e-10,0.9999978700238409,1.000001278379448,-1.3936326295085094e-10,1.0000035979056374,-1.8904191633741966e-10,0.9999950216886976,1.0000001713413131,-1.4324045944725462e-10,1.0000012783794452,-1.4206755982355655e-10,0.9999990274846281,-1.4026032988561101e-10,0.999998925787624,-1.4168871658829435e-10,0.9999950216886984,-1.379939029117534e-10,-8.959797680346324e-07,0.9999981588446024,-1.376773307160695e-10,-1.4550184409663221e-10,-1.7898466604719812e-06,-1.430451252997993e-10,-1.3936326289558972e-10,-1.4255172168025102e-10,0.9999989257876244,0.9999950939654096,0.9999969222295201,-1.3936326314429016e-10,-2.6283047246336665e-10,-1.393632628067278e-10,-1.250593119246358e-06,0.9999950216886968
0.999989862386633,-1.406906418597397e-10,-1.769164066225715e-06,0.999997026932625,-1.425513040219637e-10,-7.612247572376654e-07,-4.6857977018553107e-07,0.9999950216886968,0.9999866299715873,0.9999976029178835,-7.198374745443118e-07,0.999997221855093,0.9999990773045905,0.9999998330790851,-3.768395265870417e-07,-4.685797695861366e-07,-1.4279794195779213e-10,-1.401605722864737e-10,0.9999920722176232,-1.3936285463298203e-10,0.9999979600805122,0.9999941910990988,-1.4168830077925372e-10,-4.685797692055517e-07,-1.4016057223734475e-10,0.9999972218550917,-1.4979701075338831e-06,0.9999952529388231,-9.991016651685372e-07,0.9999920722176232,-4.685797695798008e-07,0.9999972218550934,-1.4239915308617784e-10,-9.962334655978583e-07,-1.450077599431839e-10,0.9999952529388224,0.9999973412018641,-1.423991534844182e-10,0.9999952111536152,-5.185168055464941e-07,-1.420671436019288e-10,0.9999944905271994,-1.4279794098840208e-10,-4.671305298465904e-07,-1.4025991917880721e-10,0.9999972218550918,0.9999926381919116,-1.3920551563463587e-10,0.9999920722176234,0.9999965228895963,-1.40259919663841e-10,0.999994920544391,0.9999983288899752,-1.3936285486825455e-10,1.0000006484093498,-3.768395259914127e-07,0.9999920722176233,0.9999972218550923,-1.4324003968248792e-10,0.9999983288899729,-1.4206714361469435e-10,0.999996078001776,-1.4025991903440823e-10,0.9999959763050696,-1.4168830149150134e-10,0.9999920722176239,-1.3799349888136404e-10,-8.959771471286441e-07,0.9999952093643026,-1.3767692766845473e-10,-1.4550141786841363e-10,-1.7898414275067752e-06,-1.430447061142004e-10,-1.3936285481172632e-10,-1.4255130394365028e-10,0.9999959763050701,0.9999921444941232,0.9999939727528558,-1.393628550390833e-10,-5.239309487659287e-07,-1.3936285471467943e-10,-1.2505894621213936e-06,0.9999920722176229
0.9999953930998059,-1.4069141441085377e-10,-1.76917376486773e-06,1.0000025576602087,-1.4255208718457784e-10,-3.8187011999755756e-10,-2.350641015275507e-10,1.00000055240522,0.9999976029178835,0.9999976914025894,-7.198414260746533e-07,1.000002752583753,1.000004608043479,1.0000053638221336,-1.8904240085513512e-10,-2.3506410122339235e-10,-1.427987265074693e-10,-1.401613419567559e-10,0.9999976029178844,-1.393636197309144e-10,1.0000034908132356,0.9999997218110419,-1.4168907895658366e-10,-2.350641010055573e-10,-1.4016134186541158e-10,1.0000027525837523,-1.4979783246842119e-06,1.0000007836566203,-9.991071443123224e-07,0.9999976029178835,-2.3506410121353597e-10,1.000002752583754,-1.423999352640276e-10,-9.96238931501551e-07,-1.450085564091072e-10,1.0000007836566207,1.0000028719311735,-1.4239993579131987e-10,1.0000007418711767,-2.6011512821095324e-10,-1.4206792393290425e-10,1.0000000212407931,-1.427987254521335e-10,-2.3433708655207355e-10,-1.4026068927076596e-10,1.000002752583753,0.9999981688952936,-1.3920627987337848e-10,0.9999976029178839,1.0000020536143948,-1.4026068983359844e-10,1.0000004512603555,1.0000038596247312,-1.39363619997995e-10,1.0000061791568868,-1.8904240055644392e-10,0.9999976029178843,1.0000027525837527,-1.4324082669098348e-10,1.0000038596247294,-1.4206792401758599e-10,1.0000016087241235,-1.4026068922134293e-10,1.0000015070268553,-1.4168907964738318e-10,0.9999976029178849,-1.3799425622078821e-10,-8.959820605606223e-07,1.0000007400818614,-1.3767768333430788e-10,-1.4550221691260376e-10,-1.7898512376446993e-06,-1.4304549195981871e-10,-1.3936361996672068e-10,-1.4255208709137405e-10,1.0000015070268564,0.9999976751947823,0.9999995034635961,-1.3936362011851256e-10,-2.628311455611846e-10,-1.3936361985531253e-10,-1.2505963181049308e-06,0.9999976029178845
-5.478751626624263e-06,9.977981377559612e-17,1.2477340131616145e-12,-3.611078921576408e-10,1.0124259657000097e-16,2.6988271040099537e-16,1.6618777864685461e-16,-7.198395822970099e-07,-7.198374745443118e-07,-7.198414260746533e-07,-5.442245983926972e-06,-3.6110796206559776e-10,-3.6110862677922304e-10,-7.198430196356304e-07,1.3377596109927517e-16,1.6632551094359588e-16,1.0128277472019861e-16,9.93575056530802e-17,-7.198374745443125e-07,9.87036908155317e-17,-3.6110822585502063e-10,-3.61106874831507e-10,1.0042618379045215e-16,1.6638975431980848e-16,9.93575056530802e-17,-3.611079620600922e-10,1.0581638379476606e-12,-7.198397475721544e-07,7.052626642067317e-13,-7.198374745443117e-07,1.6628505732655023e-16,-3.6110796207802614e-10,1.0087927887662947e-16,3.5315828760673255e-16,1.0258534824914032e-16,-7.198397475721544e-07,-7.198412394002894e-07,1.0111797717868773e-16,-7.198397154991502e-07,1.8386022150982465e-16,1.0094383696740831e-16,-7.198392027227415e-07,1.0116605857797712e-16,3.306497214749868e-13,9.945877418914278e-17,-3.611079620649753e-10,-7.198378792096509e-07,9.869264939946663e-17,-7.198374745443125e-07,-7.198406546741482e-07,9.925321754580336e-17,-7.198395100030328e-07,-3.611083574810298e-10,9.868948472995269e-17,-7.198436005235242e-07,1.338372999626612e-16,-7.198374745443115e-07,-3.611079620582205e-10,1.0180098298838176e-16,-3.611083574810298e-10,1.0091702178317175e-16,-3.611075510131686e-10,9.923659558653722e-17,-3.611075146303355e-10,1.0034187234271394e-16,-7.198374745443125e-07,9.7567298602303e-17,3.171267373772697e-16,-7.198397164375647e-07,9.74588917952509e-17,1.0321453175204528e-16,1.2618421516096485e-12,1.013559998124423e-16,9.86074148919593e-17,1.0108307465136208e-16,-3.611075146297219e-10,-7.198375261742802e-07,-7.198388326972693e-07,9.86074148919593e-17,1.8589965300836084e-16,9.856248133457523e-17,4.4247488394469563e-16,-7.198374745443122e-07
0.9999950120362254,-1.406913615310917e-10,-8.875048216062119e-10,1.000002176595543,-1.4255203364752235e-10,-3.818699775679483e-10,-2.350640135143197e-10,1.0000001713413122,0.999997221855093,1.000002752583753,-3.6110796206559776e-10,0.9999969292729778,1.0000042269780365,1.0000049827564068,-1.890423300887134e-10,-2.350640132108067e-10,-1.4279867286233904e-10,-1.4016128933037327e-10,0.9999972218550937,-1.3936356751287167e-10,1.0000031097482185,0.9999993407474502,-1.4168902579622387e-10,-2.350640130486738e-10,-1.4016128930805777e-10,1.0000023715190127,-7.514598083323889e-10,1.0000004025926275,-5.012014218121816e-10,0.9999972218550934,-2.350640133013965e-10,1.0000023715190134,-1.4239988182285448e-10,-4.997625841093782e-10,-1.4500850196740042e-10,1.0000004025926272,1.0000024908663903,-1.4239988236403088e-10,1.000000360807199,-2.601150307609894e-10,-1.420678706208847e-10,0.9999996401770882,-1.4279867182924539e-10,-2.343369990791345e-10,-1.4026063676999353e-10,1.000002371519012,0.9999977878322881,-1.392062277391778e-10,0.999997221855092,1.0000016725499195,-1.4026063724563572e-10,1.0000000701964884,1.0000034785595737,-1.393635676817424e-10,1.000005798090853,-1.8904232975863913e-10,0.9999972218550934,1.0000023715190132,-1.432407728347444e-10,1.0000034785595713,-1.42067870563392e-10,1.0000012276598162,-1.402606366970474e-10,1.0000011259625872,-1.4168902653210854e-10,0.9999972218550941,-1.3799420455159154e-10,-4.4946879195639474e-10,1.0000003590178828,-1.376776316900346e-10,-1.455021623774413e-10,-8.978776588581835e-10,-1.4304543828758136e-10,-1.393635676693693e-10,-1.4255203366796188e-10,1.0000011259625878,0.9999972941319656,0.9999991224000863,-1.3936356797033383e-10,-2.6283104714261204e-10,-1.3936356757762154e-10,-6.273607951553368e-10,0.9999972218550931
0.9999968674900368,-1.406916206832858e-10,-1.769176356331548e-06,1.0000040320542054,-1.425522962856264e-10,-3.818706801893471e-10,-2.350644461497663e-10,1.000002026796265,0.9999990773045905,1.000004608043479,-3.6110862677922304e-10,1.0000042269780365,1.0000006401944503,1.000006838220257,-1.8904267797839617e-10,-2.350644458680098e-10,-1.4279893588295143e-10,-1.4016154744692954e-10,0.9999990773045909,-1.3936382404567798e-10,1.0000049652086036,1.0000011962008672,-1.4168928678132507e-10,-2.3506444567107034e-10,-1.4016154736822364e-10,1.0000042269780351,-7.514611906681329e-10,1.0000022580480072,-5.012023437018312e-10,0.9999990773045914,-2.3506444585731223e-10,1.0000042269780371,-1.4240014423550742e-10,-4.997635036183298e-10,-1.4500876905270434e-10,1.0000022580480072,1.000004346325633,-1.424001447024768e-10,1.0000022162625,-2.6011550952781205e-10,-1.420681323448836e-10,1.0000014956310588,-1.4279893493676858e-10,-2.343374304951537e-10,-1.4026089509865245e-10,1.0000042269780358,0.9999996432828329,-1.3920648397826626e-10,0.9999990773045899,1.0000035280076487,-1.402608955057226e-10,1.000001925651254,1.0000053340206412,-1.393638243981923e-10,1.0000076535562097,-1.8904267769510677e-10,0.9999990773045908,1.0000042269780351,-1.4324103682835538e-10,1.00000533402064,-1.420681323393035e-10,1.000003083116724,-1.4026089486804633e-10,1.000002981419306,-1.41689287419662e-10,0.9999990773045915,-1.379944586248509e-10,-4.4946961866791647e-10,1.0000022144731822,-1.3767788509364866e-10,-1.4550243026163008e-10,-1.7898538590418163e-06,-1.4304570186766852e-10,-1.3936382422326663e-10,-1.42552296158311e-10,1.000002981419307,0.9999991495815964,1.000000977853099,-1.3936382452849976e-10,-2.628315309683575e-10,-1.393638241756161e-10,-6.273619481738748e-10,0.9999990773045906
0.9999976232662198,-1.4069172590048555e-10,-1.7691776761739328e-06,1.0000047878324303,-1.4255240300272374e-10,-3.81870965545824e-10,-2.35064621827099e-10,1.0000027825729807,0.9999998330790851,1.0000053638221336,-7.198430196356304e-07,1.0000049827564068,1.000006838220257,1.0000021517545408,-1.8904281925053562e-10,-2.350646215224353e-10,-1.4279904281917722e-10,-1.401616522262259e-10,0.999999833079087,-1.393639282636365e-10,1.0000057209875295,1.000001951976956,-1.416893929128644e-10,-2.3506462133085437e-10,-1.4016165225398788e-10,1.0000049827564061,-1.4979816385042637e-06,1.0000030138248954,-9.991093539521163e-07,0.9999998330790864,-2.3506462151820737e-10,1.000004982756408,-1.4240025079016774e-10,-4.997638766880467e-10,-1.4500887738509837e-10,1.000003013824896,1.0000051021040917,-1.424002511795937e-10,1.0000029720393553,-2.6011570385055636e-10,-1.4206823880928452e-10,1.000002251407372,-1.4279904182677405e-10,-2.3433760519274784e-10,-1.4026099993614246e-10,1.000004982756407,1.0000003990577537,-1.3920658811629596e-10,0.9999998330790857,1.0000042837854912,-1.4026100040185047e-10,1.0000026814278924,1.0000060897998442,-1.3936392854662712e-10,1.0000084093371542,-1.8904281895432981e-10,0.9999998330790864,1.0000049827564068,-1.4324114398501976e-10,1.0000060897998426,-1.4206823866100978e-10,1.0000038388942325,-1.4026099977674891e-10,1.000003737196738,-1.4168939361738167e-10,0.9999998330790871,-1.3799456176661685e-10,-4.4946995410686585e-10,1.000002970250038,-1.3767798803940935e-10,-1.4550253925468427e-10,-1.7898551939296117e-06,-1.4304580890812217e-10,-1.3936392842545253e-10,-1.4255240290532151e-10,1.0000037371967385,0.9999999053561455,1.0000017336290232,-1.393639287256268e-10,-2.628317273114905e-10,-1.393639283351021e-10,-6.273624173455581e-10,0.9999998330790854
-5.135752971299985e-06,5.221264574663349e-17,3.274495107373573e-16,-1.890422934396972e-10,5.2733076151732734e-17,1.41269114790099e-16,1.7341642291218958e-13,-1.8904191661854172e-10,-3.768395265870417e-07,-1.8904240085513512e-10,1.3377596109927517e-16,-1.890423300887134e-10,-1.8904267797839617e-10,-1.8904281925053562e-10,-5.44224635250609e-06,1.7341642265645918e-13,5.297514288209235e-17,5.2038089057126775e-17,-3.76839526587042e-07,5.1739001791814634e-17,-1.8904246806405286e-10,-1.8904176060277895e-10,5.253416480733127e-17,1.7341642247456154e-13,5.196999437296657e-17,-1.890423300779695e-10,2.777139556165687e-16,-1.8904196016463034e-10,3.6895802974041876e-13,-3.7683952658704207e-07,1.7341642266441337e-13,-1.890423300462162e-10,5.281528470547989e-17,1.8472751969726245e-16,5.3631319367119297e-17,-1.8904196016493185e-10,-1.8904235183861188e-10,5.28281821454176e-17,-3.768406994234432e-07,1.9186986209739232e-13,5.2780269506198913e-17,-1.8904181714946813e-10,5.316055183812425e-17,8.687017875087725e-17,5.1965887966016034e-17,-1.890423300887134e-10,-3.768397383846991e-07,5.1483366980551485e-17,-3.768395265870417e-07,-1.8904219832930263e-10,5.215591312565104e-17,-1.8904189776524081e-10,-1.8904253714886647e-10,5.1739001791814634e-17,-1.8904297174685384e-10,1.394220908301337e-13,-3.7683952658704233e-07,-1.890423300462162e-10,5.3078194607141583e-17,-1.8904253715296853e-10,5.279332395314071e-17,-1.8904211503881526e-10,5.1994464650361346e-17,-1.890420959931178e-10,5.24967002870367e-17,-3.7683952658704175e-07,5.103710813588418e-17,3.308697266879769e-13,-1.8904195199689845e-10,5.099794449885462e-17,5.38788698990698e-17,3.3112310064822404e-16,5.32591821217151e-17,5.1791719310966303e-17,5.298412047744148e-17,-1.8904209590042174e-10,-3.7683955360884845e-07,-1.8904172024100924e-10,5.183356688921297e-17,9.727459741589519e-17,5.171623442107283e-17,4.614542729956233e-13,-3.76839526587042e-07
-5.227493401852736e-06,6.479738445826007e-17,4.0716993301374717e-16,-2.350639677002603e-10,6.566213655286252e-17,1.7562569058844125e-16,2.156984885686924e-13,-4.6858114145937587e-07,-4.685797695861366e-07,-2.3506410122339235e-10,1.6632551094359588e-16,-2.350640132108067e-10,-2.350644458680098e-10,-2.350646215224353e-10,1.7341642265645918e-13,-5.442246275130937e-06,6.584422723140533e-17,6.468925612363168e-17,-4.6857976958613615e-07,6.414168900309016e-17,-2.350641847863217e-10,-4.6858075519220386e-07,6.548713863354344e-17,2.156984880290761e-13,6.461092467225962e-17,-2.3506401313743825e-10,3.4544889651114735e-16,-2.3506355328554734e-10,4.589306664560781e-13,-4.68579769586136e-07,2.1569848826342966e-13,-2.3506401313743825e-10,6.586591547690826e-17,2.2981097444565793e-16,6.673398117041678e-17,-2.350635532962738e-10,-2.3506404025749664e-10,6.57127484250153e-17,-4.68581228132345e-07,2.3865172587403025e-13,6.560488015229606e-17,-2.3506337524830355e-10,6.585866029609712e-17,1.078920033789579e-16,6.455767761551635e-17,-2.350640131223452e-10,-4.6858003297303237e-07,6.400406370416817e-17,-4.685797695861358e-07,-2.3506384935116956e-10,6.455891338605842e-17,-2.3506347564316755e-10,-2.350642708153883e-10,6.405183918167441e-17,-2.3506481122459156e-10,1.7341642232602466e-13,-4.685797695861363e-07,-2.3506401319597917e-10,6.602592185950065e-17,-2.350642708153883e-10,6.548018819071577e-17,-2.350637456936627e-10,6.455891338605842e-17,-4.6858158544517194e-07,6.544330788689396e-17,-4.685797695861364e-07,6.359167406603468e-17,4.115557160885036e-13,-2.350635430220277e-10,6.349213015788468e-17,6.679825453521607e-17,4.120011109557502e-16,6.593315636537001e-17,6.404594919186369e-17,6.572502868089144e-17,-4.685815854451714e-07,-4.6857980319031576e-07,-4.685806535672137e-07,6.404594919186369e-17,1.207985736972956e-16,6.407903357228903e-17,5.739904955207253e-13,-4.68579769586136e-07
-5.043570073510385e-06,3.945296811619639e-17,2.4812448729980353e-16,-1.4279864502988487e-10,3.958951955408475e-17,1.0685084600673522e-16,6.603901070214937e-17,-1.427983604199353e-10,-1.4279794195779213e-10,-1.427987265074693e-10,1.0128277472019861e-16,-1.4279867286233904e-10,-1.4279893588295143e-10,-1.4279904281917722e-10,5.297514288209235e-17,6.584422723140533e-17,-5.442246412647018e-06,3.910554183929213e-17,-1.4279794195291075e-10,3.924613367407378e-17,-1.4279877722352646e-10,-1.4279824258335359e-10,3.989434254427619e-17,6.578882417617854e-17,3.969780943587546e-17,-1.427986728823214e-10,2.102296112432395e-16,-1.4279839322721944e-10,1.4019716327881157e-16,-1.4279794199775028e-10,6.59515831992369e-17,-1.4279867290650074e-10,3.9646122641263205e-17,1.4011862712665807e-16,4.0624305859108035e-17,-1.427983932021926e-10,-1.427986894288687e-10,4.0222920317858986e-17,-1.4279838691237618e-10,7.295986075311198e-17,3.956134186483932e-17,-1.4279828504683217e-10,7.992693058350926e-14,6.554725432576698e-17,3.900649399122248e-17,-1.4279867281088781e-10,-2.846569570462103e-07,3.9226295343948045e-17,-1.4279794199065273e-10,-1.4279857330076503e-10,3.900649399122248e-17,-1.4279834605259874e-10,-1.4279882953761097e-10,3.924613367407378e-17,-1.427991581887086e-10,5.307299580582012e-17,-1.427979419554831e-10,-1.4279867290650074e-10,4.0984875600933215e-17,-1.4279882954148988e-10,3.9930850919209906e-17,-1.4279851027583487e-10,3.953092846150149e-17,-1.427984958034605e-10,3.979487595617134e-17,-1.4279794200673307e-10,3.886131601853525e-17,1.2570505684843136e-16,-1.427983870362205e-10,3.849824632137771e-17,4.091827469944356e-17,2.508159362350061e-16,4.037437215648478e-17,3.910725205771745e-17,3.9962339072552483e-17,-1.427984958044656e-10,-1.4279795218932512e-10,-1.427982115900466e-10,3.954436053596967e-17,7.375364307155863e-17,3.9361883525231686e-17,1.753285849437482e-16,-1.4279794196271463e-10
-5.038312659327598e-06,3.8491772283624827e-17,2.433124587932823e-16,-1.4016126228501423e-10,3.925782015321305e-17,1.0508086590476515e-16,6.461092467225962e-17,-1.4016098284750172e-10,-1.401605722864737e-10,-1.401613419567559e-10,9.93575056530802e-17,-1.4016128933037327e-10,-1.4016154744692954e-10,-1.401616522262259e-10,5.2038089057126775e-17,6.468925612363168e-17,3.910554183929213e-17,-5.442246416490349e-06,-1.401605722657797e-10,3.799958750052554e-17,-1.4016139168881728e-10,-1.4016086720377178e-10,3.890370988425324e-17,6.465299317208049e-17,7.684137046016422e-14,-1.4016128932239157e-10,2.060632584399896e-16,-1.4016101502338655e-10,1.3739713561902295e-16,-1.40160572299048e-10,6.465299317208049e-17,-1.4016128931209243e-10,3.9033493848150335e-17,1.371754809878777e-16,4.0225459712511236e-17,-1.401610150046136e-10,-1.4016130556731537e-10,3.9495328963725676e-17,-1.4016100878256425e-10,7.137880263032731e-17,3.883580657749895e-17,-1.4016090888692496e-10,3.969780943587546e-17,6.404688535376645e-17,7.689844476521928e-14,-1.4016128931071744e-10,-2.7939955869917356e-07,7.628058585838529e-14,-1.4016057228980883e-10,-1.4016119168882122e-10,7.689844501166537e-14,-1.4016096877398398e-10,-1.4016144309998168e-10,3.802370002307793e-17,-1.401617656210688e-10,5.19672869988399e-17,-1.4016057230730647e-10,-1.401612893436484e-10,3.99595360744759e-17,-1.401614430652298e-10,3.9154418125704143e-17,-1.4016112986660826e-10,7.689844467462549e-14,-1.4016111565109603e-10,3.9182496353019814e-17,-1.40160572278708e-10,3.778009474601351e-17,1.2330486202782522e-16,-1.4016100895492278e-10,3.790114090280287e-17,3.9950300029487136e-17,2.460239164030415e-16,3.9387513031763866e-17,3.8448827950313756e-17,3.9281986141878866e-17,-1.4016111570753332e-10,-1.4016058238920019e-10,-1.40160836833759e-10,3.8154683631624786e-17,7.228887804147804e-17,3.8448827950313756e-17,1.7178086268004305e-16,-1.401605722944553e-10
0.9999898623866312,-1.4069064182305788e-10,-1.769164066225712e-06,0.9999970269326256,-1.425513040752882e-10,-7.612247572376667e-07,-4.6857977018553155e-07,0.9999950216886979,0.9999920722176232,0.9999976029178844,-7.198374745443125e-07,0.9999972218550937,0.9999990773045909,0.999999833079087,-3.76839526587042e-07,-4.6857976958613615e-07,-1.4279794195291075e-10,-1.401605722657797e-10,0.9999866299715915,-1.3936285464104453e-10,0.9999979600805126,0.9999941910990985,-1.4168830076100154e-10,-4.685797692055518e-07,-1.401605722299466e-10,0.9999972218550924,-1.4979701075338838e-06,0.9999952529388233,-9.991016651685404e-07,0.9999920722176234,-4.685797695798011e-07,0.9999972218550937,-1.4239915310500044e-10,-9.962334655978596e-07,-1.4500775996654207e-10,0.9999952529388232,0.9999973412018646,-1.4239915348956236e-10,0.9999952111536166,-5.185168055464949e-07,-1.4206714361093636e-10,0.9999944905272001,-1.4279794099357858e-10,-4.671305298465907e-07,-1.402599191466563e-10,0.9999972218550925,0.9999926381919116,-1.3920551563920814e-10,0.9999920722176239,0.9999965228895975,-1.4025991966735815e-10,0.9999949205443914,0.9999983288899763,-1.3936285487548078e-10,1.0000006484093502,-3.7683952599141236e-07,0.9999920722176239,0.9999972218550932,-1.4324003965548471e-10,0.9999983288899734,-1.4206714357860552e-10,0.9999960780017757,-1.4025991906746726e-10,0.9999959763050691,-1.4168830151047117e-10,0.9999920722176245,-1.3799349887723832e-10,-8.959771471286432e-07,0.9999952093643029,-1.3767692766103875e-10,-1.4550141784242723e-10,-1.7898414275067762e-06,-1.4304470613540512e-10,-1.3936285481797846e-10,-1.4255130393913783e-10,0.9999959763050715,0.999992144494124,0.9999939727528566,-1.3936285504500995e-10,-5.239309487659295e-07,-1.3936285472228383e-10,-1.2505894621213949e-06,0.9999920722176241
-5.0367224609377825e-06,3.816324482189919e-17,2.4155934861950263e-16,-1.3936354056980018e-10,3.919348513439509e-17,1.0409685818112169e-16,6.424696458219177e-17,-1.3936326272295263e-10,-1.3936285463298203e-10,-1.393636197309144e-10,9.87036908155317e-17,-1.3936356751287167e-10,-1.3936382404567798e-10,-1.393639282636365e-10,5.1739001791814634e-17,6.414168900309016e-17,3.924613367407378e-17,3.799958750052554e-17,-1.3936285464104453e-10,-5.442246415178021e-06,-1.3936366930079895e-10,-1.3936314782161396e-10,3.9058207669666727e-17,6.40594357281533e-17,3.8355685950083986e-17,-1.3936356743832672e-10,2.0502988910972456e-16,-1.3936329468641158e-10,1.3655038915882344e-16,-1.3936285463820893e-10,6.407938904559277e-17,-1.3936356749632372e-10,3.912948367070146e-17,1.3638460573127869e-16,3.9688891663237716e-17,-1.393632946977393e-10,-1.3936358359480938e-10,3.900662895869793e-17,-1.3936328853473746e-10,7.106091898919293e-17,3.867488425200233e-17,-1.393631892658842e-10,3.9291888834629286e-17,6.395443580777113e-17,3.8318893536163155e-17,-1.3936356751358765e-10,-2.778093683684629e-07,7.581111356571344e-14,-1.3936285463140475e-10,-1.3936347038093986e-10,3.8318893536163155e-17,-1.3936324873407077e-10,-1.393637201634404e-10,7.58994993517146e-14,-1.393640407778432e-10,5.174721614240574e-17,-1.393628546356072e-10,-1.3936356753689064e-10,3.9137799725774676e-17,-1.393637201781074e-10,3.9037794986635185e-17,-1.3936340892039236e-10,3.8410484896566065e-17,-1.39363394826111e-10,3.8959418655979245e-17,-1.3936285464255005e-10,7.511002055479738e-14,1.2252356452654976e-16,-1.3936328868043715e-10,7.492835176553304e-14,3.9757405970141736e-17,2.4433881343594733e-16,3.8916265210071933e-17,7.589949930940528e-14,3.9007429136588496e-17,-1.3936339482477825e-10,-1.3936286462911133e-10,-1.3936311760408468e-10,7.589949944376501e-14,7.196980126746489e-17,7.58994992814036e-14,1.7073295588700045e-16,-1.3936285463891614e-10
0.9999957502632941,-1.4069146445340034e-10,-1.7691743934241101e-06,1.0000029148246041,-1.4255213785169336e-10,-7.612292051195786e-07,-2.3506418508875435e-10,1.0000009095688995,0.9999979600805122,1.0000034908132356,-3.6110822585502063e-10,1.0000031097482185,1.0000049652086036,1.0000057209875295,-1.8904246806405286e-10,-2.350641847863217e-10,-1.4279877722352646e-10,-1.4016139168881728e-10,0.9999979600805126,-1.3936366930079895e-10,0.9999984057319167,1.0000000789744266,-1.416891294983768e-10,-2.35064184596777e-10,-1.4016139163929472e-10,1.0000031097482167,-1.4979788570976489e-06,1.0000011408203848,-9.991074993566651e-07,0.9999979600805118,-2.350641847841301e-10,1.0000031097482192,-1.423999859183563e-10,-9.96239285624597e-07,-1.4500860775002128e-10,1.0000011408203833,1.0000032290956817,-1.423999864301296e-10,1.0000010990349246,-2.60115220640063e-10,-1.4206797452409035e-10,1.0000003784042841,-1.4279877626238265e-10,-2.34337170264954e-10,-1.4026073924065058e-10,1.0000031097482176,0.9999985260581231,-1.3920632942195305e-10,0.9999979600805119,1.000002410778609,-1.402607397202552e-10,1.000000808424001,1.0000042167895902,-1.393636695651463e-10,1.0000065363225723,-1.8904246776370656e-10,0.9999979600805133,1.0000031097482176,-1.43240877647659e-10,1.0000042167895884,-1.4206797449932195e-10,1.0000019658881782,-1.4026073910474566e-10,1.0000018641908763,-1.4168913011313376e-10,0.9999979600805123,-1.3799430536278139e-10,-4.4946911941014573e-10,1.0000010972456077,-1.376777322797316e-10,-1.455022687945062e-10,-1.7898518734802228e-06,-1.4304554294116624e-10,-1.393636694793514e-10,-1.4255213780059984e-10,1.000001864190877,0.999998032357437,0.9999998606269009,-1.393636696924402e-10,-2.628312393079513e-10,-1.3936366937314018e-10,-1.2505967624290892e-06,0.9999979600805119
