1.0000000110407699,2.197898251694222e-06,1.0000250862428448,2.215023225706273e-06,2.210438345993898e-06,1.0000250862428413,1.0000250862428424,2.2338856566913665e-06,2.217928525586817e-06,1.0000250862428395,2.1978982611874824e-06,2.208427268526042e-06,1.000025086242841,2.2100003314503603e-06,2.215023224249362e-06,2.2150232282415153e-06,1.0000250007180358,1.0000251609211683,2.218577253993418e-06,1.0000250705055147,2.2487446914239334e-06,2.2202947620348592e-06,1.0000246454624235,1.0000250862428437,1.0000250862428401,1.0000250862428426,2.2085165630015998e-06,2.197898263325141e-06,1.0000250862428437,2.217928526068834e-06,1.0000250862428413,2.215023227175068e-06,1.0000250862428413,1.000025171127143,1.0000250862428406,2.220918189273076e-06,1.000025086242841,1.0000244012277133,2.2084272684126293e-06
2.197898251694222e-06,-2.437812715704725e-06,7.179469886903594e-11,5.040044798646583e-18,4.7878293330503386e-18,7.179469888979993e-11,7.17946988337624e-11,5.1750612770292076e-18,5.5510379158889986e-18,7.179469888979993e-11,3.3215880217631218e-18,4.542429859398094e-18,7.179469885826094e-11,4.432589313483716e-18,5.040044798646583e-18,5.040044798646583e-18,7.179469206136771e-11,7.179470482838075e-11,4.989488381421423e-18,7.179469751813298e-11,6.074623958832379e-18,4.692149905197545e-18,7.179466380171631e-11,7.17946988311041e-11,7.179469885826094e-11,7.17946988337624e-11,3.7523202412650736e-18,3.3215880217631218e-18,7.179469887469122e-11,5.54101897062262e-18,7.179469887469122e-11,5.040044798646583e-18,7.17946988311041e-11,7.17947055441364e-11,7.179469886108701e-11,4.9944847478469305e-18,7.17946988337624e-11,1.4251882120397347e-07,4.542429906069955e-18
1.0000250862428448,7.179469886903594e-11,1.0000297961075955,8.042157627886835e-11,7.811189776690064e-11,1.0000322339203331,1.0000322339203336,8.992372423353401e-11,8.188515148086264e-11,1.0000322339203327,7.179470356130233e-11,7.709879752553744e-11,1.000032233920334,7.789124296110397e-11,8.04215766643972e-11,8.042157638871467e-11,1.0000321483947487,1.000032308599338,8.221195492348858e-11,1.0000322181828656,9.740911893182988e-11,8.30771715428727e-11,1.0000317931359006,1.0000322339203342,1.0000322339203322,1.0000322339203347,7.714378362550921e-11,7.179470470799114e-11,1.0000322339203342,8.18851509221568e-11,1.0000322339203327,8.042157653472474e-11,1.0000322339203331,1.000032318805409,1.000032233920334,8.339122786081478e-11,1.000032233920334,1.0000315488989668,7.709879755357246e-11
2.215023225706273e-06,5.040044798646583e-18,8.042157627886835e-11,-2.437812710197957e-06,6.359588754736145e-18,8.042157631667561e-11,8.04215763416013e-11,7.22798468443581e-18,6.986201623214514e-18,8.042157631667561e-11,5.050187474053323e-18,6.238085564063975e-18,8.042157627250134e-11,6.29690423610174e-18,1.3473573394309884e-14,1.3473573651779782e-14,8.042156879202089e-11,8.042158286242587e-11,7.16978216695837e-18,8.042157500385267e-11,8.265442113672536e-18,6.616762714795179e-18,8.042153765658606e-11,8.042157624337901e-11,8.042157624337901e-11,8.042157632195898e-11,5.244280428323577e-18,5.050187474053323e-18,8.042157627250134e-11,7.222860444217311e-18,8.042157632195898e-11,1.3473573330445327e-14,8.042157631667561e-11,8.042158378225936e-11,8.042157632628912e-11,6.318892522079154e-18,8.042157632195904e-11,1.5964393533071898e-07,5.915302768540682e-18
2.210438345993898e-06,4.7878293330503386e-18,7.811189776690064e-11,6.359588754736145e-18,-2.4378127125281997e-06,7.8111897688264e-11,7.811189777752856e-11,6.667446127607104e-18,1.3127253754356132e-14,7.811189776690059e-11,4.897737436797297e-18,5.576380395696836e-18,7.811189775284863e-11,5.667570183743268e-18,6.3420128225512464e-18,6.3420128225512464e-18,7.811189050965543e-11,7.811190415508711e-11,1.326631813744735e-14,7.811189645158623e-11,7.727010411223921e-18,6.1552352413463364e-18,7.811186010785673e-11,7.81118977053308e-11,7.811189785081884e-11,7.81118977673589e-11,5.350430728757412e-18,4.503874233805423e-18,7.811189775622906e-11,1.3127254132248166e-14,7.811189773616971e-11,6.3420128225512464e-18,7.811189775622906e-11,7.811190512717785e-11,7.811189769281461e-11,1.2591559791200602e-14,7.81118977673589e-11,1.5505901933857543e-07,5.803044371910412e-18
1.0000250862428413,7.179469888979993e-11,1.0000322339203331,8.042157631667561e-11,7.8111897688264e-11,1.0000297961075877,1.0000322339203305,8.992372423353401e-11,8.188515148086264e-11,1.0000322339203298,7.17947036004794e-11,7.709879752170511e-11,1.0000322339203307,7.789124297991606e-11,8.042157657484713e-11,8.042157641540154e-11,1.0000321483947452,1.0000323085993352,8.221195488251416e-11,1.0000322181828623,9.740911894350888e-11,8.30771715832411e-11,1.0000317931358969,1.000032233920332,1.000032233920329,1.0000322339203314,7.714378362550921e-11,7.179470470910374e-11,1.0000322339203322,8.18851509649584e-11,1.0000322339203296,8.042157651767903e-11,1.0000322339203298,1.0000323188054059,1.0000322339203307,8.339122779633562e-11,1.0000322339203314,1.0000315488989635,7.709879753196584e-11
1.0000250862428424,7.17946988337624e-11,1.0000322339203336,8.04215763416013e-11,7.811189777752856e-11,1.0000322339203305,1.0000297961075917,8.992372425251362e-11,8.188515144964255e-11,1.00003223392033,7.17947035489142e-11,7.709879749474096e-11,1.000032233920331,7.78912429881759e-11,8.042157657484713e-11,8.042157640160642e-11,1.0000321483947459,1.000032308599336,8.22119548694216e-11,1.0000322181828614,9.740911895524382e-11,8.307717159797512e-11,1.0000317931358977,1.0000322339203316,1.0000322339203298,1.0000322339203314,7.714378359095562e-11,7.17947047369651e-11,1.0000322339203322,8.18851509649584e-11,1.0000322339203307,8.042157651767903e-11,1.0000322339203307,1.0000323188054063,1.000032233920331,8.339122779365165e-11,1.000032233920332,1.0000315488989637,7.709879758479058e-11
2.2338856566913665e-06,5.1750612770292076e-18,8.992372423353401e-11,7.22798468443581e-18,6.667446127607104e-18,8.992372423353401e-11,8.992372425251362e-11,-2.4378127081137914e-06,7.955431639118627e-18,8.99237243308248e-11,5.271560577416355e-18,6.6028732420356766e-18,8.992372424564616e-11,6.826064058866785e-18,7.237353698320419e-18,7.227984684435833e-18,1.785066555286832e-07,8.992373187587611e-11,8.157615133847137e-18,8.99237227874516e-11,1.7837059568500938e-14,1.469227674557391e-14,1.7850658620191442e-07,8.992372428261465e-11,8.992372428677244e-11,8.992372425647136e-11,5.972806493628856e-18,5.116428877001715e-18,8.992372429855437e-11,7.98302295839935e-18,8.992372429855437e-11,7.236817346316086e-18,8.992372428064284e-11,8.992373268343434e-11,8.992372429299304e-11,7.645883229956988e-18,8.992372427803146e-11,1.7850653866006042e-07,6.590319702928203e-18
2.217928525586817e-06,5.5510379158889986e-18,8.188515148086264e-11,6.986201623214514e-18,1.3127253754356132e-14,8.188515148086264e-11,8.188515144964255e-11,7.955431639118627e-18,-2.4378127083672325e-06,8.188515134480703e-11,5.456874168715655e-18,6.446625757111883e-18,8.188515141144326e-11,1.3044456368743918e-14,7.039657331001198e-18,7.113464524500851e-18,8.188514383309598e-11,8.188515809656287e-11,1.4735329431726165e-14,8.188515002305164e-11,8.816241096031911e-18,7.066327904732351e-18,8.18851121464536e-11,8.188515141144326e-11,8.18851514777547e-11,8.188515141144326e-11,5.855095161053738e-18,5.3723752613501894e-18,8.188515148086264e-11,1.459214214438769e-14,8.18851514777547e-11,7.113464524500851e-18,8.188515133574278e-11,8.188515899049691e-11,8.188515141424634e-11,6.905559662937928e-18,8.188515148086264e-11,1.6254926124334995e-07,6.518755466092128e-18
1.0000250862428395,7.179469888979993e-11,1.0000322339203327,8.042157631667561e-11,7.811189776690059e-11,1.0000322339203298,1.00003223392033,8.99237243308248e-11,8.188515134480703e-11,1.0000297961075875,7.17947035718986e-11,7.709879752553744e-11,1.00003223392033,7.789124289730366e-11,8.042157664715124e-11,8.04215764422e-11,1.0000321483947452,1.000032308599336,8.221195487208575e-11,1.0000322181828614,9.740911895524382e-11,8.307717159234613e-11,1.000031793135897,1.0000322339203307,1.0000322339203294,1.0000322339203307,7.7143783678703e-11,7.17947047548143e-11,1.0000322339203314,8.188515088961372e-11,1.0000322339203294,8.042157659579927e-11,1.0000322339203298,1.000032318805405,1.0000322339203307,8.339122785528309e-11,1.0000322339203307,1.0000315488989626,7.70987975345784e-11
2.1978982611874824e-06,3.3215880217631218e-18,7.179470356130233e-11,5.050187474053323e-18,4.897737436797297e-18,7.17947036004794e-11,7.17947035489142e-11,5.271560577416355e-18,5.456874168715655e-18,7.17947035718986e-11,-2.437812715704725e-06,4.3417122890246635e-18,7.179470357003636e-11,5.049966218552612e-18,5.040044798646583e-18,5.050187474053323e-18,7.179469677943895e-11,7.179470952942124e-11,5.463610720706579e-18,7.179470235119806e-11,6.46135117842885e-18,4.581650446415308e-18,7.179466862168426e-11,7.179470349866163e-11,7.179470355888512e-11,7.179470354477256e-11,3.4664982463530688e-18,3.450589032286064e-18,7.179470354477672e-11,5.456874168715655e-18,7.179470354477256e-11,4.8505716754323696e-18,7.179470355888512e-11,7.179471030488327e-11,7.179470356130658e-11,5.284926471425597e-18,7.179470356130231e-11,1.425188305505112e-07,4.6228479959071765e-18
2.208427268526042e-06,4.542429859398094e-18,7.709879752553744e-11,6.238085564063975e-18,5.576380395696836e-18,7.709879752170511e-11,7.709879749474096e-11,6.6028732420356766e-18,6.446625757111883e-18,7.709879752553744e-11,4.3417122890246635e-18,-2.4378127125355554e-06,7.709879744347592e-11,5.749486440430825e-18,6.326360569724237e-18,5.915302768540682e-18,7.709879022615849e-11,7.709880383364083e-11,6.514446795403373e-18,7.709879614873164e-11,7.191381758296476e-18,6.16858733592398e-18,7.709876020581818e-11,7.709879750135653e-11,7.709879754619141e-11,7.709879750135653e-11,4.716880830715758e-18,4.590839759915558e-18,7.709879747361262e-11,6.618445500406308e-18,7.709879751805654e-11,6.1679401867539776e-18,7.709879751599259e-11,7.70988046369924e-11,7.709879752762614e-11,1.2184669503879605e-14,7.709879755132341e-11,1.5304792567571003e-07,1.0954229933068363e-14
1.000025086242841,7.179469885826094e-11,1.000032233920334,8.042157627250134e-11,7.811189775284863e-11,1.0000322339203307,1.000032233920331,8.992372424564616e-11,8.188515141144326e-11,1.00003223392033,7.179470357003636e-11,7.709879744347592e-11,1.0000297961075901,7.789124300997619e-11,8.042157658697866e-11,8.042157640160642e-11,1.0000321483947459,1.0000323085993368,8.22119548763015e-11,1.000032218182862,9.740911894407948e-11,8.307717155640276e-11,1.000031793135898,1.0000322339203316,1.0000322339203307,1.0000322339203311,7.714378360233221e-11,7.17947047468116e-11,1.0000322339203322,8.188515093645318e-11,1.0000322339203298,8.042157658169576e-11,1.0000322339203307,1.0000323188054052,1.0000322339203311,8.339122785192929e-11,1.0000322339203314,1.000031548898963,7.709879765121831e-11
2.2100003314503603e-06,4.432589313483716e-18,7.789124296110397e-11,6.29690423610174e-18,5.667570183743268e-18,7.789124297991606e-11,7.78912429881759e-11,6.826064058866785e-18,1.3044456368743918e-14,7.789124289730366e-11,5.049966218552612e-18,5.749486440430825e-18,7.789124300997619e-11,-2.4378127132099892e-06,6.411661753795497e-18,6.426880178844052e-18,7.789123565969212e-11,7.789124931227972e-11,1.3183270930656394e-14,7.789124154659163e-11,7.433321932531171e-18,5.9964946726206025e-18,7.789120527768166e-11,7.789124295477222e-11,7.78912429881759e-11,7.789124300997619e-11,5.090432788980007e-18,4.383014162589366e-18,7.789124289730366e-11,1.304445674704839e-14,7.789124292436523e-11,6.426880188948296e-18,7.789124297991606e-11,7.789125016721094e-11,7.789124303186865e-11,6.157201885979467e-18,7.789124295462105e-11,1.5462099981510432e-07,5.749486440430825e-18
2.215023224249362e-06,5.040044798646583e-18,8.04215766643972e-11,1.3473573394309884e-14,6.3420128225512464e-18,8.042157657484713e-11,8.042157657484713e-11,7.237353698320419e-18,7.039657331001198e-18,8.042157664715124e-11,5.040044798646583e-18,6.326360569724237e-18,8.042157658697866e-11,6.411661753795497e-18,-2.437812710197957e-06,1.3473573495663047e-14,8.042156906479905e-11,8.04215831665586e-11,7.16978216695837e-18,8.042157515422964e-11,8.277939048651097e-18,6.708252065482526e-18,8.042153789875954e-11,8.042157660624505e-11,8.042157658697866e-11,8.04215766160087e-11,5.214979048802378e-18,5.71287845959388e-18,8.042157664074869e-11,7.103377526830398e-18,8.04215766160087e-11,1.3473573174328554e-14,8.042157658945823e-11,8.042158404063759e-11,8.042157664074869e-11,6.536653327612765e-18,8.042157653446026e-11,1.5964393580769044e-07,6.1679401867539776e-18
2.2150232282415153e-06,5.040044798646583e-18,8.042157638871467e-11,1.3473573651779782e-14,6.3420128225512464e-18,8.042157641540154e-11,8.042157640160642e-11,7.227984684435833e-18,7.113464524500851e-18,8.04215764422e-11,5.050187474053323e-18,5.915302768540682e-18,8.042157640160642e-11,6.426880178844052e-18,1.3473573495663047e-14,-2.437812710197957e-06,8.042156886756902e-11,8.042158299127931e-11,7.192820337515419e-18,8.042157506388037e-11,8.219815795881842e-18,6.616762714795179e-18,8.042153773702893e-11,8.042157641540154e-11,8.042157638541046e-11,8.042157644220345e-11,5.244280428323577e-18,5.050187474053323e-18,8.042157642119726e-11,6.986201570037418e-18,8.042157640933998e-11,1.3473573431798404e-14,8.042157637530396e-11,8.042158392469481e-11,8.042157644220345e-11,6.54273860509318e-18,8.042157643895655e-11,1.5964393548624217e-07,6.326360569724237e-18
1.0000250007180358,7.179469206136771e-11,1.0000321483947487,8.042156879202089e-11,7.811189050965543e-11,1.0000321483947452,1.0000321483947459,1.785066555286832e-07,8.188514383309598e-11,1.0000321483947452,7.179469677943895e-11,7.709879022615849e-11,1.0000321483947459,7.789123565969212e-11,8.042156906479905e-11,8.042156886756902e-11,1.000029625056426,1.0000322230737455,8.221194722336987e-11,1.0000321326572779,1.933658349668525e-07,8.307716416477323e-11,1.0000317076103493,1.0000321483947472,1.0000321483947452,1.0000321483947467,7.714377635612634e-11,7.179469795578305e-11,1.0000321483947472,8.188514340575426e-11,1.0000321483947447,8.042156905538151e-11,1.0000321483947452,1.0000322332798137,1.0000321483947465,8.33912199797882e-11,1.0000321483947472,1.0000314633734357,7.709879036292515e-11
1.0000251609211683,7.179470482838075e-11,1.000032308599338,8.042158286242587e-11,7.811190415508711e-11,1.0000323085993352,1.000032308599336,8.992373187587611e-11,8.188515809656287e-11,1.000032308599336,7.179470952942124e-11,7.709880383364083e-11,1.0000323085993368,7.789124931227972e-11,8.04215831665586e-11,8.042158299127931e-11,1.0000322230737455,1.0000299454656076,8.221196149755063e-11,1.0000322928618661,1.9336586879620243e-07,8.307717850468725e-11,1.0000318678148712,1.0000323085993372,1.0000323085993355,1.0000323085993372,7.714379005251561e-11,7.17947107116426e-11,1.000032308599338,8.188515769689758e-11,1.000032308599335,8.042158314543333e-11,1.000032308599335,1.0000323934844177,1.0000323085993368,8.339123460888396e-11,1.000032308599338,1.0000316235779185,7.709880388737982e-11
2.218577253993418e-06,4.989488381421423e-18,8.221195492348858e-11,7.16978216695837e-18,1.326631813744735e-14,8.221195488251416e-11,8.22119548694216e-11,8.157615133847137e-18,1.4735329431726165e-14,8.221195487208575e-11,5.463610720706579e-18,6.514446795403373e-18,8.22119548763015e-11,1.3183270930656394e-14,7.16978216695837e-18,7.192820337515419e-18,8.221194722336987e-11,8.221196149755063e-11,-2.437812706425175e-06,8.221195349394782e-11,1.7099074065835217e-14,7.363399079300778e-18,8.221191546331171e-11,8.221195492359027e-11,8.221195487731283e-11,8.221195488109998e-11,5.645962304894762e-18,5.567496102077354e-18,8.221195488109998e-11,1.4735329801237256e-14,8.221195487163406e-11,7.20584801358447e-18,8.22119548602805e-11,8.221196251924646e-11,8.221195488109998e-11,7.179967948783252e-18,8.221195492900444e-11,1.631979949896667e-07,6.371434342844508e-18
1.0000250705055147,7.179469751813298e-11,1.0000322181828656,8.042157500385267e-11,7.811189645158623e-11,1.0000322181828623,1.0000322181828614,8.99237227874516e-11,8.188515002305164e-11,1.0000322181828614,7.179470235119806e-11,7.709879614873164e-11,1.000032218182862,7.789124154659163e-11,8.042157515422964e-11,8.042157506388037e-11,1.0000321326572779,1.0000322928618661,8.221195349394782e-11,1.0000297646326544,9.740911735940853e-11,8.307717013068358e-11,1.0000317773984353,1.0000322181828645,1.0000322181828614,1.000032218182863,1.531373402561375e-07,7.179470343027226e-11,1.0000322181828636,8.188514956988211e-11,1.0000322181828614,8.042157516516613e-11,1.0000322181828623,1.0000323030679357,1.000032218182862,8.339122632235559e-11,1.0000322181828634,1.0000315331615042,7.709879623001278e-11
2.2487446914239334e-06,6.074623958832379e-18,9.740911893182988e-11,8.265442113672536e-18,7.727010411223921e-18,9.740911894350888e-11,9.740911895524382e-11,1.7837059568500938e-14,8.816241096031911e-18,9.740911895524382e-11,6.46135117842885e-18,7.191381758296476e-18,9.740911894407948e-11,7.433321932531171e-18,8.277939048651097e-18,8.219815795881842e-18,1.933658349668525e-07,1.9336586879620243e-07,1.7099074065835217e-14,9.740911735940853e-11,-2.437812704475386e-06,1.616822980082285e-14,1.9336575996903355e-07,9.740911892915943e-11,9.740911894350888e-11,9.740911893182988e-11,6.868275829958331e-18,6.249012702165361e-18,9.740911892155584e-11,8.816241096031911e-18,9.740911895524382e-11,8.219815795881842e-18,9.740911894980435e-11,9.740912805440363e-11,9.740911892915943e-11,8.337433919909763e-18,9.740911895524382e-11,1.9336570853635504e-07,7.191381758296476e-18
2.2202947620348592e-06,4.692149905197545e-18,8.30771715428727e-11,6.616762714795179e-18,6.1552352413463364e-18,8.30771715832411e-11,8.307717159797512e-11,1.469227674557391e-14,7.066327904732351e-18,8.307717159234613e-11,4.581650446415308e-18,6.16858733592398e-18,8.307717155640276e-11,5.9964946726206025e-18,6.708252065482526e-18,6.616762714795179e-18,8.307716416477323e-11,8.307717850468725e-11,7.363399079300778e-18,8.307717013068358e-11,1.616822980082285e-14,-2.43781270934358e-06,1.649155705532247e-07,8.307717160774613e-11,8.30771715994607e-11,8.307717155895612e-11,4.88929283535025e-18,4.581650446415308e-18,8.307717156368036e-11,7.071526140778318e-18,8.307717155640276e-11,6.651723112678585e-18,8.307717159928456e-11,8.30771792999432e-11,8.307717159454996e-11,6.592594921406832e-18,8.30771715759733e-11,1.6491552655863482e-07,6.352173692748198e-18
1.0000246454624235,7.179466380171631e-11,1.0000317931359006,8.042153765658606e-11,7.811186010785673e-11,1.0000317931358969,1.0000317931358977,1.7850658620191442e-07,8.18851121464536e-11,1.000031793135897,7.179466862168426e-11,7.709876020581818e-11,1.000031793135898,7.789120527768166e-11,8.042153789875954e-11,8.042153773702893e-11,1.0000317076103493,1.0000318678148712,8.221191546331171e-11,1.0000317773984353,1.9336575996903355e-07,1.649155705532247e-07,1.0000289145389127,1.0000317931358993,1.0000317931358977,1.0000317931358984,7.714374604710572e-11,7.179466958520315e-11,1.0000317931358993,8.188511171358588e-11,1.0000317931358973,8.042153792150311e-11,1.0000317931358969,1.000031878020935,1.0000317931358986,8.33911875647712e-11,1.0000317931358993,1.0000311081148268,7.709876032644089e-11
1.0000250862428437,7.17946988311041e-11,1.0000322339203342,8.042157624337901e-11,7.81118977053308e-11,1.000032233920332,1.0000322339203316,8.992372428261465e-11,8.188515141144326e-11,1.0000322339203307,7.179470349866163e-11,7.709879750135653e-11,1.0000322339203316,7.789124295477222e-11,8.042157660624505e-11,8.042157641540154e-11,1.0000321483947472,1.0000323085993372,8.221195492359027e-11,1.0000322181828645,9.740911892915943e-11,8.307717160774613e-11,1.0000317931358993,1.0000297961075917,1.0000322339203314,1.0000322339203331,7.71437835940829e-11,7.179470470222304e-11,1.0000322339203327,8.18851509221568e-11,1.0000322339203314,8.042157652720307e-11,1.000032233920332,1.0000323188054068,1.0000322339203318,8.339122779157599e-11,1.0000322339203327,1.000031548898965,7.709879760179021e-11
1.0000250862428401,7.179469885826094e-11,1.0000322339203322,8.042157624337901e-11,7.811189785081884e-11,1.000032233920329,1.0000322339203298,8.992372428677244e-11,8.18851514777547e-11,1.0000322339203294,7.179470355888512e-11,7.709879754619141e-11,1.0000322339203307,7.78912429881759e-11,8.042157658697866e-11,8.042157638541046e-11,1.0000321483947452,1.0000323085993355,8.221195487731283e-11,1.0000322181828614,9.740911894350888e-11,8.30771715994607e-11,1.0000317931358977,1.0000322339203314,1.0000297961075875,1.0000322339203305,7.714378360977728e-11,7.179470470657952e-11,1.000032233920332,8.188515097284082e-11,1.0000322339203287,8.042157659414923e-11,1.000032233920329,1.000032318805404,1.0000322339203307,8.339122781593394e-11,1.0000322339203307,1.0000315488989617,7.709879754538976e-11
1.0000250862428426,7.17946988337624e-11,1.0000322339203347,8.042157632195898e-11,7.81118977673589e-11,1.0000322339203314,1.0000322339203314,8.992372425647136e-11,8.188515141144326e-11,1.0000322339203307,7.179470354477256e-11,7.709879750135653e-11,1.0000322339203311,7.789124300997619e-11,8.04215766160087e-11,8.042157644220345e-11,1.0000321483947467,1.0000323085993372,8.221195488109998e-11,1.000032218182863,9.740911893182988e-11,8.307717155895612e-11,1.0000317931358984,1.0000322339203331,1.0000322339203305,1.0000297961075912,7.714378358904941e-11,7.17947046857657e-11,1.000032233920333,8.188515097284082e-11,1.0000322339203307,8.042157659679763e-11,1.0000322339203311,1.0000323188054068,1.0000322339203314,8.339122785528309e-11,1.0000322339203327,1.000031548898965,7.709879759185076e-11
2.2085165630015998e-06,3.7523202412650736e-18,7.714378362550921e-11,5.244280428323577e-18,5.350430728757412e-18,7.714378362550921e-11,7.714378359095562e-11,5.972806493628856e-18,5.855095161053738e-18,7.7143783678703e-11,3.4664982463530688e-18,4.716880830715758e-18,7.714378360233221e-11,5.090432788980007e-18,5.214979048802378e-18,5.244280428323577e-18,7.714377635612634e-11,7.714379005251561e-11,5.645962304894762e-18,1.531373402561375e-07,6.868275829958331e-18,4.88929283535025e-18,7.714374604710572e-11,7.71437835940829e-11,7.714378360977728e-11,7.714378358904941e-11,-2.4378127146470365e-06,3.752320241250036e-18,7.714378354428516e-11,6.032625847226495e-18,7.714378359095562e-11,5.537931232908155e-18,7.714378352766996e-11,7.714379089032297e-11,7.714378355847322e-11,5.248128080235578e-18,7.714378358660467e-11,1.5313722709554183e-07,4.9839510423410574e-18
2.197898263325141e-06,3.3215880217631218e-18,7.179470470799114e-11,5.050187474053323e-18,4.503874233805423e-18,7.179470470910374e-11,7.17947047369651e-11,5.116428877001715e-18,5.3723752613501894e-18,7.17947047548143e-11,3.450589032286064e-18,4.590839759915558e-18,7.17947047468116e-11,4.383014162589366e-18,5.71287845959388e-18,5.050187474053323e-18,7.179469795578305e-11,7.17947107116426e-11,5.567496102077354e-18,7.179470343027226e-11,6.249012702165361e-18,4.581650446415308e-18,7.179466958520315e-11,7.179470470222304e-11,7.179470470657952e-11,7.17947046857657e-11,3.752320241250036e-18,-2.437812715704725e-06,7.179470473951323e-11,5.456874168715655e-18,7.17947047548143e-11,4.8505716754323696e-18,7.179470472055471e-11,7.17947114935711e-11,7.179470470910374e-11,5.186425649375566e-18,7.179470475233137e-11,1.425188328739703e-07,4.590839759915558e-18
1.0000250862428437,7.179469887469122e-11,1.0000322339203342,8.042157627250134e-11,7.811189775622906e-11,1.0000322339203322,1.0000322339203322,8.992372429855437e-11,8.188515148086264e-11,1.0000322339203314,7.179470354477672e-11,7.709879747361262e-11,1.0000322339203322,7.789124289730366e-11,8.042157664074869e-11,8.042157642119726e-11,1.0000321483947472,1.000032308599338,8.221195488109998e-11,1.0000322181828636,9.740911892155584e-11,8.307717156368036e-11,1.0000317931358993,1.0000322339203327,1.000032233920332,1.000032233920333,7.714378354428516e-11,7.179470473951323e-11,1.000029796107593,8.188515102425145e-11,1.0000322339203318,8.042157658169578e-11,1.0000322339203314,1.0000323188054077,1.0000322339203322,8.339122779633562e-11,1.000032233920333,1.0000315488989653,7.709879764913509e-11
2.217928526068834e-06,5.54101897062262e-18,8.18851509221568e-11,7.222860444217311e-18,1.3127254132248166e-14,8.18851509649584e-11,8.18851509649584e-11,7.98302295839935e-18,1.459214214438769e-14,8.188515088961372e-11,5.456874168715655e-18,6.618445500406308e-18,8.188515093645318e-11,1.304445674704839e-14,7.103377526830398e-18,6.986201570037418e-18,8.188514340575426e-11,8.188515769689758e-11,1.4735329801237256e-14,8.188514956988211e-11,8.816241096031911e-18,7.071526140778318e-18,8.188511171358588e-11,8.18851509221568e-11,8.188515097284082e-11,8.188515097284082e-11,6.032625847226495e-18,5.456874168715655e-18,8.188515102425145e-11,-2.4378127083672325e-06,8.188515096038317e-11,6.985338833288004e-18,8.188515093645318e-11,8.1885158589068e-11,8.18851509221568e-11,7.234575217697923e-18,8.188515096038317e-11,1.6254926043805516e-07,6.446625757111883e-18
1.0000250862428413,7.179469887469122e-11,1.0000322339203327,8.042157632195898e-11,7.811189773616971e-11,1.0000322339203296,1.0000322339203307,8.992372429855437e-11,8.18851514777547e-11,1.0000322339203294,7.179470354477256e-11,7.709879751805654e-11,1.0000322339203298,7.789124292436523e-11,8.04215766160087e-11,8.042157640933998e-11,1.0000321483947447,1.000032308599335,8.221195487163406e-11,1.0000322181828614,9.740911895524382e-11,8.307717155640276e-11,1.0000317931358973,1.0000322339203314,1.0000322339203287,1.0000322339203307,7.714378359095562e-11,7.17947047548143e-11,1.0000322339203318,8.188515096038317e-11,1.0000297961075881,8.04215766243958e-11,1.0000322339203296,1.0000323188054052,1.0000322339203307,8.33912278022024e-11,1.000032233920331,1.0000315488989635,7.709879759844127e-11
2.215023227175068e-06,5.040044798646583e-18,8.042157653472474e-11,1.3473573330445327e-14,6.3420128225512464e-18,8.042157651767903e-11,8.042157651767903e-11,7.236817346316086e-18,7.113464524500851e-18,8.042157659579927e-11,4.8505716754323696e-18,6.1679401867539776e-18,8.042157658169576e-11,6.426880188948296e-18,1.3473573174328554e-14,1.3473573431798404e-14,8.042156905538151e-11,8.042158314543333e-11,7.20584801358447e-18,8.042157516516613e-11,8.219815795881842e-18,6.651723112678585e-18,8.042153792150311e-11,8.042157652720307e-11,8.042157659414923e-11,8.042157659679763e-11,5.537931232908155e-18,4.8505716754323696e-18,8.042157658169578e-11,6.985338833288004e-18,8.04215766243958e-11,-2.437812710197957e-06,8.042157661204863e-11,8.042158405144353e-11,8.042157661244684e-11,6.318892522079154e-18,8.042157658169576e-11,1.596439358544826e-07,6.326360569724237e-18
1.0000250862428413,7.17946988311041e-11,1.0000322339203331,8.042157631667561e-11,7.811189775622906e-11,1.0000322339203298,1.0000322339203307,8.992372428064284e-11,8.188515133574278e-11,1.0000322339203298,7.179470355888512e-11,7.709879751599259e-11,1.0000322339203307,7.789124297991606e-11,8.042157658945823e-11,8.042157637530396e-11,1.0000321483947452,1.000032308599335,8.22119548602805e-11,1.0000322181828623,9.740911894980435e-11,8.307717159928456e-11,1.0000317931358969,1.000032233920332,1.000032233920329,1.0000322339203311,7.714378352766996e-11,7.179470472055471e-11,1.0000322339203314,8.188515093645318e-11,1.0000322339203296,8.042157661204863e-11,1.0000297961075897,1.0000323188054059,1.0000322339203307,8.339122780909008e-11,1.0000322339203311,1.0000315488989635,7.709879755466866e-11
1.000025171127143,7.17947055441364e-11,1.000032318805409,8.042158378225936e-11,7.811190512717785e-11,1.0000323188054059,1.0000323188054063,8.992373268343434e-11,8.188515899049691e-11,1.000032318805405,7.179471030488327e-11,7.70988046369924e-11,1.0000323188054052,7.789125016721094e-11,8.042158404063759e-11,8.042158392469481e-11,1.0000322332798137,1.0000323934844177,8.221196251924646e-11,1.0000323030679357,9.740912805440363e-11,8.30771792999432e-11,1.000031878020935,1.0000323188054068,1.000032318805404,1.0000323188054068,7.714379089032297e-11,7.17947114935711e-11,1.0000323188054077,8.1885158589068e-11,1.0000323188054052,8.042158405144353e-11,1.0000323188054059,1.000029965877749,1.000032318805405,1.6553909524049882e-07,1.0000323188054063,1.0000316337839807,7.709880498824384e-11
1.0000250862428406,7.179469886108701e-11,1.000032233920334,8.042157632628912e-11,7.811189769281461e-11,1.0000322339203307,1.000032233920331,8.992372429299304e-11,8.188515141424634e-11,1.0000322339203307,7.179470356130658e-11,7.709879752762614e-11,1.0000322339203311,7.789124303186865e-11,8.042157664074869e-11,8.042157644220345e-11,1.0000321483947465,1.0000323085993368,8.221195488109998e-11,1.000032218182862,9.740911892915943e-11,8.307717159454996e-11,1.0000317931358986,1.0000322339203318,1.0000322339203307,1.0000322339203314,7.714378355847322e-11,7.179470470910374e-11,1.0000322339203322,8.18851509221568e-11,1.0000322339203307,8.042157661244684e-11,1.0000322339203307,1.000032318805405,1.0000297961075908,8.33912278022024e-11,1.000032233920332,1.000031548898963,7.709879755466866e-11
2.220918189273076e-06,4.9944847478469305e-18,8.339122786081478e-11,6.318892522079154e-18,1.2591559791200602e-14,8.339122779633562e-11,8.339122779365165e-11,7.645883229956988e-18,6.905559662937928e-18,8.339122785528309e-11,5.284926471425597e-18,1.2184669503879605e-14,8.339122785192929e-11,6.157201885979467e-18,6.536653327612765e-18,6.54273860509318e-18,8.33912199797882e-11,8.339123460888396e-11,7.179967948783252e-18,8.339122632235559e-11,8.337433919909763e-18,6.592594921406832e-18,8.33911875647712e-11,8.339122779157599e-11,8.339122781593394e-11,8.339122785528309e-11,5.248128080235578e-18,5.186425649375566e-18,8.339122779633562e-11,7.234575217697923e-18,8.33912278022024e-11,6.318892522079154e-18,8.339122780909008e-11,1.6553909524049882e-07,8.33912278022024e-11,-2.4378127105982313e-06,8.339122779633562e-11,1.655389558624343e-07,1.218466939073326e-14
1.000025086242841,7.17946988337624e-11,1.000032233920334,8.042157632195904e-11,7.81118977673589e-11,1.0000322339203314,1.000032233920332,8.992372427803146e-11,8.188515148086264e-11,1.0000322339203307,7.179470356130231e-11,7.709879755132341e-11,1.0000322339203314,7.789124295462105e-11,8.042157653446026e-11,8.042157643895655e-11,1.0000321483947472,1.000032308599338,8.221195492900444e-11,1.0000322181828634,9.740911895524382e-11,8.30771715759733e-11,1.0000317931358993,1.0000322339203327,1.0000322339203307,1.0000322339203327,7.714378358660467e-11,7.179470475233137e-11,1.000032233920333,8.188515096038317e-11,1.000032233920331,8.042157658169576e-11,1.0000322339203311,1.0000323188054063,1.000032233920332,8.339122779633562e-11,1.0000297961075897,1.0000315488989646,7.709879759473821e-11
1.0000244012277133,1.4251882120397347e-07,1.0000315488989668,1.5964393533071898e-07,1.5505901933857543e-07,1.0000315488989635,1.0000315488989637,1.7850653866006042e-07,1.6254926124334995e-07,1.0000315488989626,1.425188305505112e-07,1.5304792567571003e-07,1.000031548898963,1.5462099981510432e-07,1.5964393580769044e-07,1.5964393548624217e-07,1.0000314633734357,1.0000316235779185,1.631979949896667e-07,1.0000315331615042,1.9336570853635504e-07,1.6491552655863482e-07,1.0000311081148268,1.000031548898965,1.0000315488989617,1.000031548898965,1.5313722709554183e-07,1.425188328739703e-07,1.0000315488989653,1.6254926043805516e-07,1.0000315488989635,1.596439358544826e-07,1.0000315488989635,1.0000316337839807,1.000031548898963,1.655389558624343e-07,1.0000315488989646,1.000028426065315,1.5304792589673314e-07
2.2084272684126293e-06,4.542429906069955e-18,7.709879755357246e-11,5.915302768540682e-18,5.803044371910412e-18,7.709879753196584e-11,7.709879758479058e-11,6.590319702928203e-18,6.518755466092128e-18,7.70987975345784e-11,4.6228479959071765e-18,1.0954229933068363e-14,7.709879765121831e-11,5.749486440430825e-18,6.1679401867539776e-18,6.326360569724237e-18,7.709879036292515e-11,7.709880388737982e-11,6.371434342844508e-18,7.709879623001278e-11,7.191381758296476e-18,6.352173692748198e-18,7.709876032644089e-11,7.709879760179021e-11,7.709879754538976e-11,7.709879759185076e-11,4.9839510423410574e-18,4.590839759915558e-18,7.709879764913509e-11,6.446625757111883e-18,7.709879759844127e-11,6.326360569724237e-18,7.709879755466866e-11,7.709880498824384e-11,7.709879755466866e-11,1.218466939073326e-14,7.709879759473821e-11,1.5304792589673314e-07,-2.437812713994261e-06
