1.0000000071482884,2.3265365982738217e-06,1.000012571038391,1.0000125710383934,1.0000125710383942,1.0000125710383923,1.0000125710383938,2.3265366039537663e-06,2.3265366039537663e-06,2.326536603840857e-06,2.3265366014052957e-06,1.000012571038395,1.0000125710383947,2.3265366039537663e-06,2.326536602564891e-06,1.0000125710383938,1.000012571038392,1.0000125710383945,1.000012571038392,1.0000125710383934,2.3265366039470273e-06,1.0000125710383925,2.3265366014059335e-06,1.0000125710383934,1.000012571038391,1.0000124569346085,2.326536603952937e-06,1.0000125710383938,1.0000125710383945,1.0000125710383938,1.000012571038391,1.0000125710383914,2.326536599760896e-06,1.0000125710383934,2.326536603953751e-06,2.326536601137223e-06
2.3265365982738217e-06,-4.479548259788871e-07,9.557638518104339e-11,9.557638528348689e-11,9.557638516220242e-11,9.557638517153034e-11,9.557638515590954e-11,3.4259467765079026e-14,3.425946785995996e-14,3.4259467757506214e-14,3.4259467754684136e-14,9.557638517153034e-11,9.557638516220242e-11,3.4259467854765645e-14,3.425946776958932e-14,9.557638515562997e-11,9.557638528348689e-11,9.557638528348689e-11,9.557638528348689e-11,9.557638511731483e-11,3.4259467888887356e-14,9.557638517153034e-11,3.425946783420749e-14,9.557638526843645e-11,9.557638526843673e-11,1.8960439030676282e-07,3.425946783469804e-14,9.557638511731483e-11,9.557638517887681e-11,9.557638528348689e-11,9.557638528348689e-11,9.557638515562997e-11,3.42594678926676e-14,9.557638516220242e-11,3.425946785605009e-14,3.425946779911568e-14
1.000012571038391,9.557638518104339e-11,1.0000142167681807,1.0000146647232173,1.0000146647232164,1.000014664723218,1.0000146647232169,9.557638653068372e-11,9.557638661580784e-11,9.557638685634632e-11,9.557638632698075e-11,1.000014664723217,1.0000146647232178,9.557638657616971e-11,9.557638620058903e-11,1.0000146647232178,1.000014664723218,1.000014664723217,1.0000146647232169,1.000014664723216,9.557638655834197e-11,1.0000146647232167,9.557638604921857e-11,1.0000146647232164,1.0000146647232182,1.0000145506189837,9.557638655452436e-11,1.0000146647232178,1.0000146647232173,1.000014664723218,1.0000146647232182,1.000014664723218,9.557638584223744e-11,1.0000146647232173,9.557638651197187e-11,9.557638588599955e-11
1.0000125710383934,9.557638528348689e-11,1.0000146647232173,1.0000142167681765,1.0000146647232167,1.0000146647232169,1.0000146647232169,9.5576386527888e-11,9.557638666365701e-11,9.557638685634632e-11,9.557638631950355e-11,1.0000146647232164,1.0000146647232164,9.557638656682858e-11,9.55763861729754e-11,1.0000146647232164,1.0000146647232164,1.0000146647232169,1.0000146647232158,1.0000146647232164,9.557638652404757e-11,1.0000146647232164,9.557638609017692e-11,1.0000146647232164,1.0000146647232158,1.0000145506189828,9.557638653446381e-11,1.0000146647232169,1.0000146647232164,1.000014664723217,1.0000146647232169,1.000014664723217,9.557638584223744e-11,1.0000146647232164,9.557638650174202e-11,9.55763859312172e-11
1.0000125710383942,9.557638516220242e-11,1.0000146647232164,1.0000146647232167,1.0000142167681758,1.0000146647232169,1.0000146647232167,9.5576386527888e-11,9.557638659696357e-11,9.55763867570024e-11,9.557638627533643e-11,1.0000146647232164,1.0000146647232164,9.557638653530374e-11,9.557638620058903e-11,1.0000146647232164,1.0000146647232173,1.0000146647232158,1.0000146647232155,1.000014664723216,9.557638658460296e-11,1.000014664723216,9.557638604921857e-11,1.0000146647232162,1.0000146647232164,1.0000145506189833,9.557638655710794e-11,1.0000146647232164,1.0000146647232167,1.0000146647232167,1.0000146647232169,1.0000146647232167,9.557638584988357e-11,1.0000146647232169,9.557638650174202e-11,9.557638586843621e-11
1.0000125710383923,9.557638517153034e-11,1.000014664723218,1.0000146647232169,1.0000146647232169,1.00001421676818,1.0000146647232175,9.557638641666215e-11,9.557638657766275e-11,9.557638676805407e-11,9.557638640105011e-11,1.0000146647232169,1.0000146647232178,9.557638656682858e-11,9.557638619112321e-11,1.0000146647232167,1.0000146647232167,1.0000146647232178,1.0000146647232169,1.0000146647232158,9.557638652536402e-11,1.0000146647232169,9.557638609017692e-11,1.0000146647232158,1.0000146647232178,1.0000145506189837,9.557638653927501e-11,1.000014664723217,1.0000146647232169,1.0000146647232169,1.000014664723217,1.0000146647232169,9.55763859198696e-11,1.0000146647232169,9.557638650174202e-11,9.557638588599955e-11
1.0000125710383938,9.557638515590954e-11,1.0000146647232169,1.0000146647232169,1.0000146647232167,1.0000146647232175,1.0000142167681758,9.557638649567932e-11,9.557638665520263e-11,9.557638676911931e-11,9.557638631950355e-11,1.0000146647232167,1.0000146647232167,9.557638655735798e-11,9.557638621206374e-11,1.0000146647232162,1.0000146647232167,1.0000146647232169,1.0000146647232158,1.000014664723216,9.557638654057489e-11,1.0000146647232167,9.557638610911499e-11,1.0000146647232162,1.0000146647232164,1.0000145506189824,9.557638658307487e-11,1.0000146647232167,1.0000146647232167,1.000014664723217,1.0000146647232169,1.0000146647232167,9.557638585501967e-11,1.0000146647232169,9.557638652799728e-11,9.557638596461428e-11
2.3265366039537663e-06,3.4259467765079026e-14,9.557638653068372e-11,9.5576386527888e-11,9.5576386527888e-11,9.557638641666215e-11,9.557638649567932e-11,-4.479548259788871e-07,3.425946929865762e-14,3.4259469196203905e-14,3.4259469193381815e-14,9.55763864284698e-11,9.557638652918959e-11,3.425946929346333e-14,3.425946920828698e-14,9.55763865508886e-11,9.557638652059287e-11,9.557638652059287e-11,9.557638641181625e-11,9.55763865194629e-11,3.425946932758501e-14,9.55763865508886e-11,3.4259469272905154e-14,9.557638652202565e-11,9.557638652202565e-11,1.8960439292956715e-07,3.4259469273395686e-14,9.557638653068372e-11,9.557638643293104e-11,9.557638641666215e-11,9.557638654792382e-11,9.557638654792382e-11,3.425946933136523e-14,9.557638652059287e-11,3.425946929474777e-14,3.425946923781336e-14
2.3265366039537663e-06,3.425946785995996e-14,9.557638661580784e-11,9.557638666365701e-11,9.557638659696357e-11,9.557638657766275e-11,9.557638665520263e-11,3.425946929865762e-14,-4.479548259788871e-07,3.42594692910848e-14,3.4259469288262755e-14,9.557638657766275e-11,9.557638666365701e-11,3.425946938834427e-14,3.4259469303167915e-14,9.557638666365701e-11,9.557638659696357e-11,9.557638668000064e-11,9.557638658971018e-11,9.557638666365701e-11,3.425946942246595e-14,9.557638665520263e-11,3.4259469367786144e-14,9.557638659696357e-11,9.557638666365701e-11,1.8960439311766657e-07,3.4259469368276645e-14,9.557638661859326e-11,9.557638661859326e-11,9.557638658971018e-11,9.557638658971018e-11,9.557638665520263e-11,3.425946942624617e-14,9.557638666365701e-11,3.425946938962875e-14,3.4259469332694335e-14
2.326536603840857e-06,3.4259467757506214e-14,9.557638685634632e-11,9.557638685634632e-11,9.55763867570024e-11,9.557638676805407e-11,9.557638676911931e-11,3.4259469196203905e-14,3.42594692910848e-14,-4.479548259788871e-07,3.425946918580896e-14,9.557638675760265e-11,9.557638679017134e-11,3.4259469285890574e-14,3.425946920071418e-14,9.557638676911931e-11,9.557638675613481e-11,9.557638682629407e-11,9.557638675613481e-11,9.557638685095234e-11,3.425946932001221e-14,9.557638675613481e-11,3.4259469265332386e-14,9.557638675613481e-11,9.557638682629407e-11,1.8960439351606923e-07,3.4259469265822874e-14,9.557638677799112e-11,9.557638677255032e-11,9.557638673318908e-11,9.55763867570024e-11,9.557638675760265e-11,3.4259469323792425e-14,9.557638675613481e-11,3.4259469287175e-14,3.4259469230240495e-14
2.3265366014052957e-06,3.4259467754684136e-14,9.557638632698075e-11,9.557638631950355e-11,9.557638627533643e-11,9.557638640105011e-11,9.557638631950355e-11,3.4259469193381815e-14,3.4259469288262755e-14,3.425946918580896e-14,-4.479548259788871e-07,9.557638631303386e-11,9.557638627533643e-11,3.425946928306847e-14,3.42594691978921e-14,9.557638632698075e-11,9.557638632698075e-11,9.557638631065964e-11,9.557638632910722e-11,9.557638632698075e-11,3.425946931719013e-14,9.557638632910722e-11,3.425946926251031e-14,9.557638630239345e-11,9.557638627533643e-11,1.8960439255945073e-07,3.425946926300081e-14,9.557638627533643e-11,9.557638631950355e-11,9.557638631950355e-11,9.557638639214719e-11,9.557638633237481e-11,3.425946932097033e-14,9.557638631950355e-11,3.4259469284352876e-14,3.425946922741844e-14
1.000012571038395,9.557638517153034e-11,1.000014664723217,1.0000146647232164,1.0000146647232164,1.0000146647232169,1.0000146647232167,9.55763864284698e-11,9.557638657766275e-11,9.557638675760265e-11,9.557638631303386e-11,1.0000142167681771,1.0000146647232164,9.55763865525635e-11,9.557638621446932e-11,1.000014664723216,1.0000146647232164,1.0000146647232169,1.0000146647232158,1.0000146647232164,9.557638652404757e-11,1.0000146647232164,9.55763860468781e-11,1.0000146647232164,1.0000146647232155,1.0000145506189821,9.557638659778615e-11,1.0000146647232169,1.0000146647232162,1.0000146647232169,1.0000146647232169,1.0000146647232167,9.557638584223744e-11,1.0000146647232164,9.557638647547271e-11,9.5576385898439e-11
1.0000125710383947,9.557638516220242e-11,1.0000146647232178,1.0000146647232164,1.0000146647232164,1.0000146647232178,1.0000146647232167,9.557638652918959e-11,9.557638666365701e-11,9.557638679017134e-11,9.557638627533643e-11,1.0000146647232164,1.0000142167681785,9.557638658184594e-11,9.557638623542327e-11,1.0000146647232164,1.0000146647232169,1.0000146647232169,1.000014664723216,1.0000146647232162,9.557638658460296e-11,1.0000146647232162,9.557638608908901e-11,1.0000146647232164,1.0000146647232167,1.0000145506189828,9.557638650567813e-11,1.0000146647232175,1.0000146647232164,1.0000146647232173,1.0000146647232173,1.000014664723217,9.557638596368707e-11,1.0000146647232164,9.557638647975848e-11,9.557638594771302e-11
2.3265366039537663e-06,3.4259467854765645e-14,9.557638657616971e-11,9.557638656682858e-11,9.557638653530374e-11,9.557638656682858e-11,9.557638655735798e-11,3.425946929346333e-14,3.425946938834427e-14,3.4259469285890574e-14,3.425946928306847e-14,9.55763865525635e-11,9.557638658184594e-11,-4.479548259788871e-07,3.425946929797362e-14,9.557638658263666e-11,9.557638658263666e-11,9.557638649684836e-11,9.557638656487826e-11,9.55763865525635e-11,3.425946941727162e-14,9.55763865502423e-11,3.425946936259187e-14,9.557638654844598e-11,9.557638653530374e-11,1.8960439303476377e-07,3.4259469363082305e-14,9.557638656487826e-11,9.557638645749353e-11,9.557638653792858e-11,9.557638657616971e-11,9.557638653530374e-11,3.425946942105186e-14,9.557638656487826e-11,3.425946938443444e-14,3.42594693275e-14
2.326536602564891e-06,3.425946776958932e-14,9.557638620058903e-11,9.55763861729754e-11,9.557638620058903e-11,9.557638619112321e-11,9.557638621206374e-11,3.425946920828698e-14,3.4259469303167915e-14,3.425946920071418e-14,3.42594691978921e-14,9.557638621446932e-11,9.557638623542327e-11,3.425946929797362e-14,-4.479548259788871e-07,9.557638622351811e-11,9.557638621446932e-11,9.557638619112321e-11,9.557638624825265e-11,9.557638624003764e-11,3.425946933209535e-14,9.557638623542327e-11,3.4259469277415513e-14,9.557638620688004e-11,9.557638618230222e-11,1.896043923293289e-07,3.4259469277906e-14,9.557638618230222e-11,9.557638620688004e-11,9.557638623542322e-11,9.557638624003764e-11,9.557638621980269e-11,3.4259469335875565e-14,9.557638623542322e-11,3.425946929925803e-14,3.425946924232365e-14
1.0000125710383938,9.557638515562997e-11,1.0000146647232178,1.0000146647232164,1.0000146647232164,1.0000146647232167,1.0000146647232162,9.55763865508886e-11,9.557638666365701e-11,9.557638676911931e-11,9.557638632698075e-11,1.000014664723216,1.0000146647232164,9.557638658263666e-11,9.557638622351811e-11,1.00001421676818,1.0000146647232169,1.0000146647232173,1.0000146647232167,1.0000146647232167,9.557638652404757e-11,1.0000146647232164,9.557638608908901e-11,1.0000146647232167,1.000014664723216,1.0000145506189833,9.557638653446383e-11,1.000014664723217,1.0000146647232164,1.000014664723218,1.0000146647232169,1.000014664723218,9.557638585502689e-11,1.0000146647232164,9.557638650174202e-11,9.557638588599955e-11
1.000012571038392,9.557638528348689e-11,1.000014664723218,1.0000146647232164,1.0000146647232173,1.0000146647232167,1.0000146647232167,9.557638652059287e-11,9.557638659696357e-11,9.557638675613481e-11,9.557638632698075e-11,1.0000146647232164,1.0000146647232169,9.557638658263666e-11,9.557638621446932e-11,1.0000146647232169,1.0000142167681774,1.0000146647232173,1.0000146647232158,1.000014664723216,9.557638658387239e-11,1.0000146647232164,9.557638602431226e-11,1.000014664723216,1.0000146647232162,1.0000145506189835,9.55763865817848e-11,1.0000146647232169,1.0000146647232164,1.0000146647232169,1.0000146647232169,1.0000146647232169,9.557638585501967e-11,1.0000146647232164,9.557638649138042e-11,9.557638588599955e-11
1.0000125710383945,9.557638528348689e-11,1.000014664723217,1.0000146647232169,1.0000146647232158,1.0000146647232178,1.0000146647232169,9.557638652059287e-11,9.557638668000064e-11,9.557638682629407e-11,9.557638631065964e-11,1.0000146647232169,1.0000146647232169,9.557638649684836e-11,9.557638619112321e-11,1.0000146647232173,1.0000146647232173,1.0000142167681794,1.0000146647232158,1.0000146647232169,9.55763865593429e-11,1.0000146647232164,9.557638605082895e-11,1.0000146647232169,1.0000146647232167,1.0000145506189833,9.55763865989215e-11,1.0000146647232175,1.0000146647232167,1.000014664723218,1.0000146647232173,1.000014664723218,9.557638585177556e-11,1.0000146647232169,9.557638650174202e-11,9.557638588599955e-11
1.000012571038392,9.557638528348689e-11,1.0000146647232169,1.0000146647232158,1.0000146647232155,1.0000146647232169,1.0000146647232158,9.557638641181625e-11,9.557638658971018e-11,9.557638675613481e-11,9.557638632910722e-11,1.0000146647232158,1.000014664723216,9.557638656487826e-11,9.557638624825265e-11,1.0000146647232167,1.0000146647232158,1.0000146647232158,1.0000142167681798,1.0000146647232162,9.557638655323211e-11,1.0000146647232164,9.557638609017692e-11,1.0000146647232162,1.000014664723216,1.0000145506189835,9.557638651608446e-11,1.0000146647232164,1.0000146647232158,1.0000146647232169,1.0000146647232167,1.0000146647232169,9.557638589274864e-11,1.0000146647232158,9.557638650323508e-11,9.557638588599955e-11
1.0000125710383934,9.557638511731483e-11,1.000014664723216,1.0000146647232164,1.000014664723216,1.0000146647232158,1.000014664723216,9.55763865194629e-11,9.557638666365701e-11,9.557638685095234e-11,9.557638632698075e-11,1.0000146647232164,1.0000146647232162,9.55763865525635e-11,9.557638624003764e-11,1.0000146647232167,1.000014664723216,1.0000146647232169,1.0000146647232162,1.0000142167681776,9.55763865593429e-11,1.0000146647232158,9.557638609017692e-11,1.0000146647232158,1.0000146647232158,1.0000145506189837,9.557638653864846e-11,1.0000146647232164,1.0000146647232162,1.0000146647232169,1.0000146647232164,1.0000146647232169,9.557638585501967e-11,1.0000146647232164,9.557638650323508e-11,9.557638586843621e-11
2.3265366039470273e-06,3.4259467888887356e-14,9.557638655834197e-11,9.557638652404757e-11,9.557638658460296e-11,9.557638652536402e-11,9.557638654057489e-11,3.425946932758501e-14,3.425946942246595e-14,3.425946932001221e-14,3.425946931719013e-14,9.557638652404757e-11,9.557638658460296e-11,3.425946941727162e-14,3.425946933209535e-14,9.557638652404757e-11,9.557638658387239e-11,9.55763865593429e-11,9.557638655323211e-11,9.55763865593429e-11,-4.479548259788871e-07,9.55763865593429e-11,3.425946939671351e-14,9.557638658460296e-11,9.557638665307669e-11,1.8960439313489794e-07,3.425946939720399e-14,9.557638656726603e-11,9.557638652536402e-11,9.557638658387239e-11,9.55763865593429e-11,9.557638652404757e-11,3.4259469455173574e-14,9.557638658460296e-11,3.4259469418556115e-14,3.4259469361621656e-14
1.0000125710383925,9.557638517153034e-11,1.0000146647232167,1.0000146647232164,1.000014664723216,1.0000146647232169,1.0000146647232167,9.55763865508886e-11,9.557638665520263e-11,9.557638675613481e-11,9.557638632910722e-11,1.0000146647232164,1.0000146647232162,9.55763865502423e-11,9.557638623542327e-11,1.0000146647232164,1.0000146647232164,1.0000146647232164,1.0000146647232164,1.0000146647232158,9.55763865593429e-11,1.0000142167681758,9.557638609017692e-11,1.0000146647232158,1.0000146647232162,1.0000145506189824,9.557638650567813e-11,1.0000146647232167,1.0000146647232164,1.0000146647232167,1.0000146647232169,1.0000146647232167,9.557638591603446e-11,1.0000146647232164,9.557638650174202e-11,9.557638593256803e-11
2.3265366014059335e-06,3.425946783420749e-14,9.557638604921857e-11,9.557638609017692e-11,9.557638604921857e-11,9.557638609017692e-11,9.557638610911499e-11,3.4259469272905154e-14,3.4259469367786144e-14,3.4259469265332386e-14,3.425946926251031e-14,9.55763860468781e-11,9.557638608908901e-11,3.425946936259187e-14,3.4259469277415513e-14,9.557638608908901e-11,9.557638602431226e-11,9.557638605082895e-11,9.557638609017692e-11,9.557638609017692e-11,3.425946939671351e-14,9.557638609017692e-11,-4.479548259788871e-07,9.557638604601758e-11,9.557638606272167e-11,1.8960439208209766e-07,3.425946934252417e-14,9.557638604921857e-11,9.557638608851885e-11,9.557638601678891e-11,9.557638604921857e-11,9.557638602431226e-11,3.4259469400493737e-14,9.557638609017692e-11,3.4259469363876246e-14,3.4259469306941845e-14
1.0000125710383934,9.557638526843645e-11,1.0000146647232164,1.0000146647232164,1.0000146647232162,1.0000146647232158,1.0000146647232162,9.557638652202565e-11,9.557638659696357e-11,9.557638675613481e-11,9.557638630239345e-11,1.0000146647232164,1.0000146647232164,9.557638654844598e-11,9.557638620688004e-11,1.0000146647232167,1.000014664723216,1.0000146647232169,1.0000146647232162,1.0000146647232158,9.557638658460296e-11,1.0000146647232158,9.557638604601758e-11,1.000014216768178,1.0000146647232158,1.0000145506189837,9.557638659783377e-11,1.0000146647232164,1.0000146647232162,1.0000146647232169,1.0000146647232164,1.0000146647232169,9.557638584988357e-11,1.0000146647232164,9.557638653925958e-11,9.557638594537864e-11
1.000012571038391,9.557638526843673e-11,1.0000146647232182,1.0000146647232158,1.0000146647232164,1.0000146647232178,1.0000146647232164,9.557638652202565e-11,9.557638666365701e-11,9.557638682629407e-11,9.557638627533643e-11,1.0000146647232155,1.0000146647232167,9.557638653530374e-11,9.557638618230222e-11,1.000014664723216,1.0000146647232162,1.0000146647232167,1.000014664723216,1.0000146647232158,9.557638665307669e-11,1.0000146647232162,9.557638606272167e-11,1.0000146647232158,1.0000142167681743,1.0000145506189824,9.557638651608446e-11,1.0000146647232169,1.0000146647232158,1.0000146647232169,1.0000146647232173,1.0000146647232169,9.557638593802002e-11,1.0000146647232158,9.557638651232681e-11,9.557638594537864e-11
1.0000124569346085,1.8960439030676282e-07,1.0000145506189837,1.0000145506189828,1.0000145506189833,1.0000145506189837,1.0000145506189824,1.8960439292956715e-07,1.8960439311766657e-07,1.8960439351606923e-07,1.8960439255945073e-07,1.0000145506189821,1.0000145506189828,1.8960439303476377e-07,1.896043923293289e-07,1.0000145506189833,1.0000145506189835,1.0000145506189833,1.0000145506189835,1.0000145506189837,1.8960439313489794e-07,1.0000145506189824,1.8960439208209766e-07,1.0000145506189837,1.0000145506189824,1.000013988559719,1.8960439303351525e-07,1.0000145506189833,1.0000145506189828,1.0000145506189837,1.0000145506189833,1.0000145506189837,1.8960439170440816e-07,1.0000145506189828,1.8960439292841503e-07,1.896043917535649e-07
2.326536603952937e-06,3.425946783469804e-14,9.557638655452436e-11,9.557638653446381e-11,9.557638655710794e-11,9.557638653927501e-11,9.557638658307487e-11,3.4259469273395686e-14,3.4259469368276645e-14,3.4259469265822874e-14,3.425946926300081e-14,9.557638659778615e-11,9.557638650567813e-11,3.4259469363082305e-14,3.4259469277906e-14,9.557638653446383e-11,9.55763865817848e-11,9.55763865989215e-11,9.557638651608446e-11,9.557638653864846e-11,3.425946939720399e-14,9.557638650567813e-11,3.425946934252417e-14,9.557638659783377e-11,9.557638651608446e-11,1.8960439303351525e-07,-4.479548259788871e-07,9.557638653927501e-11,9.557638653893437e-11,9.557638653864846e-11,9.557638659778615e-11,9.557638653927501e-11,3.4259469400984225e-14,9.557638653446383e-11,3.4259469364366817e-14,3.425946930743235e-14
1.0000125710383938,9.557638511731483e-11,1.0000146647232178,1.0000146647232169,1.0000146647232164,1.000014664723217,1.0000146647232167,9.557638653068372e-11,9.557638661859326e-11,9.557638677799112e-11,9.557638627533643e-11,1.0000146647232169,1.0000146647232175,9.557638656487826e-11,9.557638618230222e-11,1.000014664723217,1.0000146647232169,1.0000146647232175,1.0000146647232164,1.0000146647232164,9.557638656726603e-11,1.0000146647232167,9.557638604921857e-11,1.0000146647232164,1.0000146647232169,1.0000145506189833,9.557638653927501e-11,1.0000142167681776,1.0000146647232169,1.0000146647232178,1.0000146647232173,1.0000146647232178,9.557638596368707e-11,1.0000146647232169,9.557638650323508e-11,9.55763859312172e-11
1.0000125710383945,9.557638517887681e-11,1.0000146647232173,1.0000146647232164,1.0000146647232167,1.0000146647232169,1.0000146647232167,9.557638643293104e-11,9.557638661859326e-11,9.557638677255032e-11,9.557638631950355e-11,1.0000146647232162,1.0000146647232164,9.557638645749353e-11,9.557638620688004e-11,1.0000146647232164,1.0000146647232164,1.0000146647232167,1.0000146647232158,1.0000146647232162,9.557638652536402e-11,1.0000146647232164,9.557638608851885e-11,1.0000146647232162,1.0000146647232158,1.0000145506189828,9.557638653893437e-11,1.0000146647232169,1.0000142167681763,1.000014664723217,1.0000146647232169,1.000014664723217,9.557638586827993e-11,1.0000146647232164,9.557638652560871e-11,9.557638595013285e-11
1.0000125710383938,9.557638528348689e-11,1.000014664723218,1.000014664723217,1.0000146647232167,1.0000146647232169,1.000014664723217,9.557638641666215e-11,9.557638658971018e-11,9.557638673318908e-11,9.557638631950355e-11,1.0000146647232169,1.0000146647232173,9.557638653792858e-11,9.557638623542322e-11,1.000014664723218,1.0000146647232169,1.000014664723218,1.0000146647232169,1.0000146647232169,9.557638658387239e-11,1.0000146647232167,9.557638601678891e-11,1.0000146647232169,1.0000146647232169,1.0000145506189837,9.557638653864846e-11,1.0000146647232178,1.000014664723217,1.0000142167681803,1.0000146647232175,1.0000146647232182,9.557638593802002e-11,1.0000146647232173,9.557638650174202e-11,9.557638593256803e-11
1.000012571038391,9.557638528348689e-11,1.0000146647232182,1.0000146647232169,1.0000146647232169,1.000014664723217,1.0000146647232169,9.557638654792382e-11,9.557638658971018e-11,9.55763867570024e-11,9.557638639214719e-11,1.0000146647232169,1.0000146647232173,9.557638657616971e-11,9.557638624003764e-11,1.0000146647232169,1.0000146647232169,1.0000146647232173,1.0000146647232167,1.0000146647232164,9.55763865593429e-11,1.0000146647232169,9.557638604921857e-11,1.0000146647232164,1.0000146647232173,1.0000145506189833,9.557638659778615e-11,1.0000146647232173,1.0000146647232169,1.0000146647232175,1.0000142167681776,1.0000146647232175,9.557638591603446e-11,1.0000146647232169,9.557638650174202e-11,9.55763859312172e-11
1.0000125710383914,9.557638515562997e-11,1.000014664723218,1.000014664723217,1.0000146647232167,1.0000146647232169,1.0000146647232167,9.557638654792382e-11,9.557638665520263e-11,9.557638675760265e-11,9.557638633237481e-11,1.0000146647232167,1.000014664723217,9.557638653530374e-11,9.557638621980269e-11,1.000014664723218,1.0000146647232169,1.000014664723218,1.0000146647232169,1.0000146647232169,9.557638652404757e-11,1.0000146647232167,9.557638602431226e-11,1.0000146647232169,1.0000146647232169,1.0000145506189837,9.557638653927501e-11,1.0000146647232178,1.000014664723217,1.0000146647232182,1.0000146647232175,1.00001421676818,9.55763858925429e-11,1.000014664723217,9.557638650174202e-11,9.557638586843621e-11
2.326536599760896e-06,3.42594678926676e-14,9.557638584223744e-11,9.557638584223744e-11,9.557638584988357e-11,9.55763859198696e-11,9.557638585501967e-11,3.425946933136523e-14,3.425946942624617e-14,3.4259469323792425e-14,3.425946932097033e-14,9.557638584223744e-11,9.557638596368707e-11,3.425946942105186e-14,3.4259469335875565e-14,9.557638585502689e-11,9.557638585501967e-11,9.557638585177556e-11,9.557638589274864e-11,9.557638585501967e-11,3.4259469455173574e-14,9.557638591603446e-11,3.4259469400493737e-14,9.557638584988357e-11,9.557638593802002e-11,1.8960439170440816e-07,3.4259469400984225e-14,9.557638596368707e-11,9.557638586827993e-11,9.557638593802002e-11,9.557638591603446e-11,9.55763858925429e-11,-4.479548259788871e-07,9.557638596368707e-11,3.4259469422336355e-14,3.425946936540193e-14
1.0000125710383934,9.557638516220242e-11,1.0000146647232173,1.0000146647232164,1.0000146647232169,1.0000146647232169,1.0000146647232169,9.557638652059287e-11,9.557638666365701e-11,9.557638675613481e-11,9.557638631950355e-11,1.0000146647232164,1.0000146647232164,9.557638656487826e-11,9.557638623542322e-11,1.0000146647232164,1.0000146647232164,1.0000146647232169,1.0000146647232158,1.0000146647232164,9.557638658460296e-11,1.0000146647232164,9.557638609017692e-11,1.0000146647232164,1.0000146647232158,1.0000145506189828,9.557638653446383e-11,1.0000146647232169,1.0000146647232164,1.0000146647232173,1.0000146647232169,1.000014664723217,9.557638596368707e-11,1.0000142167681763,9.557638654727331e-11,9.5576385898439e-11
2.326536603953751e-06,3.425946785605009e-14,9.557638651197187e-11,9.557638650174202e-11,9.557638650174202e-11,9.557638650174202e-11,9.557638652799728e-11,3.425946929474777e-14,3.425946938962875e-14,3.4259469287175e-14,3.4259469284352876e-14,9.557638647547271e-11,9.557638647975848e-11,3.425946938443444e-14,3.425946929925803e-14,9.557638650174202e-11,9.557638649138042e-11,9.557638650174202e-11,9.557638650323508e-11,9.557638650323508e-11,3.4259469418556115e-14,9.557638650174202e-11,3.4259469363876246e-14,9.557638653925958e-11,9.557638651232681e-11,1.8960439292841503e-07,3.4259469364366817e-14,9.557638650323508e-11,9.557638652560871e-11,9.557638650174202e-11,9.557638650174202e-11,9.557638650174202e-11,3.4259469422336355e-14,9.557638654727331e-11,-4.479548260227812e-07,3.4259469328784394e-14
2.326536601137223e-06,3.425946779911568e-14,9.557638588599955e-11,9.55763859312172e-11,9.557638586843621e-11,9.557638588599955e-11,9.557638596461428e-11,3.425946923781336e-14,3.4259469332694335e-14,3.4259469230240495e-14,3.425946922741844e-14,9.5576385898439e-11,9.557638594771302e-11,3.42594693275e-14,3.425946924232365e-14,9.557638588599955e-11,9.557638588599955e-11,9.557638588599955e-11,9.557638588599955e-11,9.557638586843621e-11,3.4259469361621656e-14,9.557638593256803e-11,3.4259469306941845e-14,9.557638594537864e-11,9.557638594537864e-11,1.896043917535649e-07,3.425946930743235e-14,9.55763859312172e-11,9.557638595013285e-11,9.557638593256803e-11,9.55763859312172e-11,9.557638586843621e-11,3.425946936540193e-14,9.5576385898439e-11,3.4259469328784394e-14,-4.479548260227812e-07
