1.0000000008713235,6.760600867438448e-07,1.0000136392926955,6.760600842821526e-07,0.6508722980748155,0.23553788299256181,1.0000136286846002,6.572624117543171e-07,6.966026867273829e-07,0.23553805949734588,0.235537882992562,6.457687031241424e-07,6.494878276602e-07,6.690165879350156e-07,7.004875227685028e-07,6.542336421678091e-07,6.690165898313191e-07,0.23553788299256181,0.23553788652235222,0.6508722980748155,8.224599285888771e-07,0.7644687212616281,6.017689538924447e-07,6.563043343332824e-07,0.23553805949734502,6.107151331459344e-07,6.555695016818461e-07,6.494878277343828e-07,6.572624117543023e-07,6.966026866062938e-07,5.988025838047907e-07,1.0000136392926944,0.35284683191966754,7.00487522948817e-07,0.6508726920058167,6.494878271419525e-07,7.061426529823542e-07,0.11359246222952868,6.563043348210489e-07,0.113592555389487,6.760600839180631e-07,7.00487522327343e-07,6.047456571890807e-07,0.6508723014433839,6.966026866251478e-07,6.070229761192387e-07,6.107151331516347e-07,0.7644687212616296,0.1135924622295288,6.107151336183295e-07,8.366586880510836e-07,6.966026866249831e-07,7.152306423494365e-07,6.494878276909209e-07,6.5756113110096e-07,0.6508722980748144,0.7644687212616283,6.815722477161608e-07,0.113592505567844,0.2355378853422315,6.047456569973072e-07,6.96602686825535e-07,7.004875222895481e-07,7.004875225691861e-07,0.7644687212616282,6.107151331345332e-07,0.2355378829925628,6.563043345255096e-07,6.76060083918056e-07,6.047456574281834e-07,0.23553788534223086,7.052397976089674e-07,0.11359246222952825,0.2980254377882914,0.11359249730880573,6.908474195667757e-07,6.966026863447597e-07,6.690165879092901e-07,6.017689530022943e-07,6.575611303411442e-07,0.23553788299256276,1.4010620626427502e-06,7.004875227202242e-07,6.809785310529535e-07,6.107151336244193e-07,7.052397972016872e-07
6.760600867438448e-07,-1.0876343903046139e-07,1.8634904881174056e-07,4.354177646998321e-14,3.026956120561125e-11,4.021834322040598e-11,1.8634904726158538e-07,1.7320816216088104e-17,2.6521009943377118e-17,4.0218383770000365e-11,4.021834322040598e-11,1.490588205700811e-17,1.5577460451912568e-17,2.030067554010657e-17,2.7339226339110968e-17,1.6788758555408158e-17,2.030067554010657e-17,4.021834317332428e-11,4.02183436604758e-11,3.026956120561125e-11,3.9838761782836553e-17,5.325061460602227e-11,1.2115850519324079e-17,1.7178461068086807e-17,4.021838366596784e-11,1.39118408268369e-17,1.709500688869819e-17,1.5666214782245545e-17,1.7353404655693062e-17,2.6516301748314326e-17,1.136547122672501e-17,1.8634904881174075e-07,1.445603687632452e-11,2.7339578598435667e-17,3.0269591159693265e-11,1.5666214782245545e-17,2.857965391809778e-17,2.298073886678098e-11,1.7178461068086807e-17,2.2980747019932897e-11,4.354177682777348e-14,2.7389918081671053e-17,1.2728193123044467e-17,3.0269561242272336e-11,2.6516301748314326e-17,1.3413049783343517e-17,1.39118408268369e-17,5.3250614591405286e-11,2.2980738820920882e-11,1.3911844492351452e-17,3.21383727953844e-17,2.649613776108749e-17,2.970333953263565e-17,1.5666214782245545e-17,1.7449511584193635e-17,3.026956120561125e-11,5.3250614591405286e-11,2.2434437576494247e-17,2.298074662324391e-11,4.021834437886896e-11,1.2728193123044467e-17,2.6516301748314326e-17,2.731370139243916e-17,2.7319207461345798e-17,5.325061460668117e-11,1.3911844492351452e-17,4.021834322040598e-11,1.717846106808666e-17,4.354177676398698e-14,1.2728193123044467e-17,4.021834437886896e-11,2.839021647134165e-17,2.298073886678098e-11,1.5813529606179198e-11,2.2980739339186135e-11,4.67543496774328e-14,2.651630174831433e-17,2.030067554010657e-17,1.2088431637284297e-17,1.7427608432139958e-17,4.0218343220782504e-11,1.1078331056868864e-16,2.7339226339110968e-17,4.554929249683573e-14,1.3911844492351452e-17,2.841184616412902e-17
1.0000136392926955,1.8634904881174056e-07,1.0000258326216624,1.8634904605644512e-07,0.6508809223926484,0.23553971746508232,1.0000259307769637,1.6755117948488767e-07,2.068918556630229e-07,0.23553989397141673,0.2355397174650825,1.5605735127065335e-07,1.597765151496845e-07,1.7930547301772467e-07,2.107767427061832e-07,1.645223793921971e-07,1.7930547272746664e-07,0.23553971746508254,0.23553972099491133,0.6508809223926492,3.327505024743234e-07,0.7644786990726128,5.620598369519249e-11,1.6659309127935163e-07,0.235539893971417,6.069329091037288e-11,1.6585825231907047e-07,1.597765152200263e-07,1.6755117933665192e-07,2.068918553278181e-07,5.471808715010556e-11,1.0000259413851997,0.35285128818737643,2.1077674246973165e-07,0.6508813163289617,1.5977651519959665e-07,2.1643193132066428e-07,0.11359332594852573,1.6659309141446159e-07,0.1135934191097167,1.863490460131111e-07,2.1077674275920214e-07,5.7699065809452266e-11,0.6508809257612661,2.068918552922343e-07,5.884134267000571e-11,6.069329097031667e-11,0.7644786990726137,0.1135933259485255,6.069329098907086e-11,3.4694995754941974e-07,2.0689185542586866e-07,2.2552000196087285e-07,1.597765152705743e-07,1.678499014187868e-07,0.6508809223926479,0.7644786990726128,1.918612676670902e-07,0.11359336928735718,0.23553971981475824,5.769906584584656e-11,2.0689185537953463e-07,2.1077674281051238e-07,2.1077674256124075e-07,0.7644786990726128,6.069329074388336e-11,0.23553971746508254,1.665930915632902e-07,1.8634904612298593e-07,5.7699065556118594e-11,0.2355397198147572,2.1552906532476296e-07,0.11359332594852542,0.2980291161170417,0.11359336102830649,2.0113656930310267e-07,2.0689185529941323e-07,1.7930547250265007e-07,5.620598374890122e-11,1.6784990154660714e-07,0.23553971746508234,9.113590033760155e-07,2.1077674275747554e-07,1.912675489409124e-07,6.069329082231422e-11,2.1552906464695963e-07
6.760600842821526e-07,4.354177646998321e-14,1.8634904605644512e-07,-1.0876343903046139e-07,3.0269560937657343e-11,4.021834209283207e-11,1.8634904450629033e-07,1.7346098634409556e-17,2.6485422155385942e-17,4.021838262015698e-11,4.0218342147624905e-11,1.486016204491663e-17,1.5666214782245545e-17,2.0208167853262298e-17,2.7319207461345798e-17,1.678647164222036e-17,2.027156478465656e-17,4.021834210385149e-11,4.0218342626676676e-11,3.0269560914423746e-11,3.988652746316724e-17,5.325061431675731e-11,1.2083217820946536e-17,1.7159926397520495e-17,4.021838258553942e-11,1.3962908041168947e-17,1.706610181030727e-17,1.566622043165098e-17,1.7343641577428927e-17,2.651630174831433e-17,1.127982642203725e-17,1.8634904605644527e-07,1.4456036495254055e-11,2.731370139243916e-17,3.026959092626604e-11,1.566622043165098e-17,2.857965391809778e-17,2.2980738819876983e-11,1.7159926397520495e-17,2.29807470288351e-11,4.3541776843887865e-14,2.7339226339110968e-17,1.2781680935615885e-17,3.026956095939975e-11,2.6516301748314326e-17,1.3431077292268328e-17,1.3937919541453722e-17,5.3250614320823683e-11,2.2980738769330926e-11,1.3937919541453722e-17,3.212017238139692e-17,2.6516301748314326e-17,2.973542071569594e-17,1.557360759325105e-17,1.7423796020430092e-17,3.0269560914423746e-11,5.3250614320823683e-11,2.2402025672293274e-17,2.2980746536163583e-11,4.021834322605594e-11,1.2781680935615885e-17,2.6516301748314326e-17,2.7375830139784278e-17,2.7339226339110968e-17,5.325061427760832e-11,1.3937919541453722e-17,4.021834210385149e-11,1.7159926397520495e-17,4.3541776780101386e-14,1.2781680935615885e-17,4.021834328826884e-11,2.842751981923974e-17,2.2980738819876983e-11,1.5813529713199156e-11,2.2980739333205703e-11,4.6754349658045385e-14,2.6485422155385942e-17,2.0208167853262298e-17,1.2083217820946536e-17,1.7423796020430092e-17,4.021834210385149e-11,1.1073066345437987e-16,2.7375830139784278e-17,4.554929249944685e-14,1.39118408268369e-17,2.84222437442735e-17
0.6508722980748155,3.026956120561125e-11,0.6508809223926484,3.0269560937657343e-11,0.6508719901064477,2.5829579220711797e-11,0.6508809139575341,3.2104669672187566e-11,2.914492660440073e-11,2.9505740897762583e-11,2.582957947535504e-11,3.286135134348721e-11,3.263306240249754e-11,3.112561580492332e-11,2.8580187436275096e-11,3.2037805170901104e-11,3.112561575708845e-11,2.5829579445848262e-11,2.5647513801515475e-11,0.6508720988699435,3.2666597408005346e-11,0.6508759378317437,2.021060035064862e-11,3.2114997781113776e-11,2.950574130259329e-11,2.0447400974870935e-11,3.2011655982641725e-11,3.263306261442469e-11,3.210466950948567e-11,2.9144926523351166e-11,2.0841634175286954e-11,0.6508809223926487,0.35284639146354224,2.8580187307228477e-11,0.6508724148759018,3.263306250646668e-11,2.8160031347035585e-11,2.216071208093788e-11,3.211499795341864e-11,4.4327997845655786e-11,3.026956078158056e-11,2.8580187329950596e-11,1.988587052278709e-11,0.6508721027954041,2.914492653021488e-11,1.9192968697545524e-11,2.0447400999631546e-11,0.6508759378317446,2.216071183247611e-11,2.0447401095868e-11,8.300541617450326e-11,2.914492644486358e-11,2.8878595657222618e-11,3.263306239419857e-11,3.187509302348094e-11,0.650872098869942,0.6508759378317434,3.058642037800444e-11,2.386915483142073e-11,2.6560695744255417e-11,1.9885870527386256e-11,2.914492638654826e-11,2.858018741453441e-11,2.858018720640926e-11,0.6508759378317437,2.044740101083129e-11,2.582957943567245e-11,3.211499804678705e-11,3.026956067999545e-11,1.9885870273410304e-11,2.6560695327206743e-11,2.832370912657537e-11,2.2160711892806823e-11,0.2980250095770835,3.9722567898907636e-11,3.4789840491845717e-11,2.914492635624477e-11,3.1125615656529706e-11,2.021060039378202e-11,3.1875093118627137e-11,2.5829579240349785e-11,4.286891389204717e-11,2.8580187443670753e-11,2.926450717762253e-11,2.0447400999430383e-11,2.8323709135303397e-11
0.23553788299256181,4.021834322040598e-11,0.23553971746508232,4.021834209283207e-11,2.5829579220711797e-11,0.23553771762508927,0.23553971617208075,3.64740821989061e-11,4.5949197626494326e-11,0.23553800098672562,0.23553782638859858,3.3195311158672364e-11,3.4309184427441694e-11,3.938889515835983e-11,4.521239124325915e-11,3.4931031934222013e-11,3.938889499634071e-11,0.23553782638859871,0.2355378292419879,2.5829579553334078e-11,2.109468120599659e-07,2.656560557437829e-11,2.4855966604074533e-11,3.608704532707351e-11,0.23553800098672537,2.6658731320855323e-11,3.577172029790515e-11,3.430918428046288e-11,3.647408225823376e-11,4.594919763087251e-11,2.3944438674541313e-11,0.23553971746508282,2.43878367840521e-11,4.521239136597219e-11,2.76768099952745e-11,3.430918408125194e-11,4.6768801960654835e-11,3.152180019163004e-11,3.608704518679016e-11,3.4100589744478695e-11,4.021834251955593e-11,4.521239133290393e-11,2.5413963653246356e-11,2.5733815915979307e-11,4.594919764862492e-11,2.6089169839101383e-11,2.6658731382179456e-11,2.6565605848913152e-11,3.152180011635285e-11,2.6658731173608023e-11,3.7857805181171655e-11,4.5949197699770276e-11,5.381228319334525e-11,3.430918423874597e-11,3.6262801674536555e-11,2.582957937319133e-11,2.656560573034396e-11,4.344308320425984e-11,3.1519572931119834e-11,0.2355378296422094,2.5413963648212115e-11,4.5949197802003247e-11,4.521239149968297e-11,4.521239144187842e-11,2.6565605838479487e-11,2.6658731200294834e-11,0.23553782638859866,3.6087045125499663e-11,4.021834269829979e-11,2.5413963708769633e-11,0.23553782964220943,4.677962209654922e-11,3.1521800079339206e-11,2.5164275888432445e-11,3.2624673467794026e-11,4.2381359824497965e-11,4.5949197834229286e-11,3.938889510762631e-11,2.4855966663980753e-11,3.626280184981155e-11,0.2355378263885988,7.311165011819885e-07,4.521239129281672e-11,4.056341214083246e-11,2.6658731177198908e-11,4.677962193778327e-11
1.0000136286846002,1.8634904726158538e-07,1.0000259307769637,1.8634904450629033e-07,0.6508809139575341,0.23553971617208075,1.000025811405192,1.6755117804806332e-07,2.068918539861042e-07,0.23553989267841352,0.23553971617208075,1.560573499014679e-07,1.5977651375892958e-07,1.7930547150882295e-07,2.1077674100394275e-07,1.6452237797329558e-07,1.793054712185648e-07,0.23553971617208075,0.23553971970190973,0.6508809139575347,3.327505001431418e-07,0.7644786897574588,1.1205702231971843e-07,1.6659308984826985e-07,0.23553989267841402,1.2100329883940924e-07,1.6585825089351045e-07,1.5977651382927127e-07,1.6755117789982763e-07,2.0689185365089923e-07,1.0909062539695419e-07,1.0000259307769646,0.3528512836589408,2.10776740767491e-07,0.6508813078938436,1.5977651380884137e-07,2.1643192958560017e-07,0.11359332506854022,1.665930899833799e-07,0.11359341822973033,1.8634904446295618e-07,2.1077674105696172e-07,1.1503375758128567e-07,0.6508809173261522,2.0689185361531538e-07,1.1731109777544992e-07,1.2100329894107225e-07,0.76447868975746,0.11359332506854018,1.2100329898454497e-07,3.4694995416173195e-07,2.0689185374894986e-07,2.2552000017977165e-07,1.597765138798192e-07,1.6784989998113382e-07,0.6508809139575331,0.7644786897574588,1.9186126608885734e-07,0.11359336840737144,0.23553971852175593,1.150337576760116e-07,2.0689185370261602e-07,2.1077674110827182e-07,2.1077674085900022e-07,0.7644786897574588,1.2100329850126019e-07,0.23553971617208067,1.6659309013220845e-07,1.863490445728311e-07,1.1503375708732109e-07,0.23553971852175537,2.1552906359416806e-07,0.11359332506854011,0.29802911221037137,0.11359336014832061,2.011365675933412e-07,2.0689185362249456e-07,1.7930547099374815e-07,1.1205702242276512e-07,1.6784990010895413e-07,0.23553971617208072,9.11358997956142e-07,2.1077674105523507e-07,1.912675473733515e-07,1.2100329867494053e-07,2.1552906291636499e-07
6.572624117543171e-07,1.7320816216088104e-17,1.6755117948488767e-07,1.7346098634409556e-17,3.2104669672187566e-11,3.64740821989061e-11,1.6755117804806332e-07,-1.0876345377305535e-07,2.1103550836246047e-17,3.6474121190585475e-11,3.647408219973194e-11,1.1923792652096251e-17,1.2611192167462395e-17,1.6269000072900952e-17,2.1579714318436124e-17,2.6822220104614856e-14,1.623167415807569e-17,3.647408220463469e-11,3.647408262496872e-11,3.210466963367961e-11,3.1936915608980474e-17,4.756623494366873e-11,9.69780200240186e-18,1.369929521003608e-17,3.647412127107083e-11,1.111743716634226e-17,1.3608521742375192e-17,1.264479411514918e-17,2.7852606549035588e-14,2.1103550836246047e-17,9.080732240731696e-18,1.6755117948488783e-07,1.548584585726603e-11,2.1552472494610507e-17,3.210469542405216e-11,1.2499206582196805e-17,2.2497989267141116e-17,1.5461286346592344e-11,1.369929521003608e-17,1.5461291662016777e-11,1.7346098634409556e-17,2.1552472494610507e-17,1.0263123244269117e-17,3.210466976548844e-11,2.1179476940406715e-17,1.0722248754643877e-17,1.111743716634226e-17,4.75662348960791e-11,1.5461286346592344e-11,1.111743716634226e-17,2.3656272980432424e-17,2.1103550836246047e-17,2.389543876610287e-17,1.2499206582196805e-17,1.4133758841631503e-17,3.2104669672187566e-11,4.756623494366873e-11,1.791507857544909e-17,1.5461291666035767e-11,3.6474083609265027e-11,1.0263123244269117e-17,2.1103550836246047e-17,2.1552472543773474e-17,2.1552472494610507e-17,4.7566234856142313e-11,1.111743716634226e-17,3.647408219973194e-11,1.369929521003608e-17,1.7343641577428927e-17,1.0263123244269117e-17,3.6474083609265027e-11,2.2386671198923897e-17,1.546128632707862e-11,1.6618817514848356e-11,1.5461286954746255e-11,1.8891858163985252e-17,2.1146014294842382e-17,1.623167415807569e-17,9.68148491844347e-18,1.4133758841631503e-17,3.647408216840548e-11,8.964793273284364e-17,2.1552472494610507e-17,1.79599780661349e-17,1.111743716634226e-17,2.2428216731848224e-17
6.966026867273829e-07,2.6521009943377118e-17,2.068918556630229e-07,2.6485422155385942e-17,2.914492660440073e-11,4.5949197626494326e-11,2.068918539861042e-07,2.1103550836246047e-17,-1.0876341956028969e-07,4.594924007292852e-11,4.5949197626494326e-11,1.815183099876968e-17,1.9027400490715112e-17,2.4507463943772314e-17,3.303629764785048e-17,2.0467622857730553e-17,2.4581977843995532e-17,4.5949197587759035e-11,4.594919831258941e-11,2.914492665960302e-11,4.950846683272386e-17,5.7823624521011475e-11,1.4704662562477056e-17,2.095208856294e-17,4.594924007199223e-11,1.686997870660015e-17,2.076684424351839e-17,1.9091972860094273e-17,2.1132054630027025e-17,6.372875468303872e-14,1.3810735504439072e-17,2.0689185566302325e-07,1.4182678633639106e-11,3.3124697629935154e-17,2.914495994795508e-11,1.9091972860094273e-17,3.4629905437726886e-17,2.8678355703903742e-11,2.0927558251128275e-17,2.8678366541561033e-11,2.651630174831433e-17,3.3124697629935154e-17,1.5621972288479395e-17,2.914492667678404e-11,6.372875469695113e-14,1.6291480609303724e-17,1.6882861906008063e-17,5.782362460172887e-11,2.86783556657979e-11,1.6882861906008063e-17,3.9987243685988955e-17,6.372875464409562e-14,7.138122272151387e-14,1.9071450205802155e-17,2.1329631762338295e-17,2.914492665960302e-11,5.782362460172887e-11,2.7190363005067304e-17,2.867836557554802e-11,4.594919851915825e-11,1.556492132663826e-17,6.372875467211438e-14,3.3149799425203545e-17,3.311089464768601e-17,5.7823624548635514e-11,1.6865111543301538e-17,4.5949197626494326e-11,2.0927558251128275e-17,2.6485422155385942e-17,1.5622034579310533e-17,4.594919864354557e-11,3.440601608489935e-17,2.8678355703903742e-11,1.496226242010959e-11,2.8678356078267237e-11,2.833407234496996e-17,6.372875470983964e-14,2.448349442412714e-17,1.4680499288505745e-17,2.1329631762338295e-17,4.5949197610016513e-11,2.79491240038865e-13,3.3124697629935154e-17,2.7899113849732486e-17,1.6825806254861525e-17,3.4337736168032503e-17
0.23553805949734588,4.0218383770000365e-11,0.23553989397141673,4.021838262015698e-11,2.9505740897762583e-11,0.23553800098672562,0.23553989267841352,3.6474121190585475e-11,4.594924007292852e-11,0.2355380668213782,0.23553800098672525,3.319534853415611e-11,3.430922231970685e-11,3.9388934740014715e-11,4.5212434069663065e-11,3.4931069916452625e-11,3.9388934643819904e-11,0.23553800098672562,0.23553800384011825,2.950574118667562e-11,1.058076179341794e-10,2.7522035835404976e-11,2.4855992955647702e-11,3.6087084044184193e-11,0.2355381755848737,2.665875815019719e-11,3.5771758943473815e-11,3.4309222123442876e-11,3.64741213052315e-11,4.59492400605339e-11,2.3944464504361793e-11,0.23553989397141684,2.6421829657734512e-11,4.521243406973604e-11,3.135297272847535e-11,3.4309222170223526e-11,4.676884550280037e-11,2.8802096354304086e-11,3.60870840401847e-11,3.138088750730045e-11,4.0218383087085596e-11,4.521243405803671e-11,2.5413990033578672e-11,2.94099776162071e-11,4.5949240146804714e-11,2.6089196582510357e-11,2.6658758189656942e-11,2.752203606667221e-11,2.880209632262424e-11,2.665875808057706e-11,3.785784595499263e-11,4.5949240173868584e-11,5.381233212356834e-11,3.4309222259496755e-11,3.626284058738145e-11,2.950574113486522e-11,2.7522036005722314e-11,4.344312714575609e-11,2.879986814940366e-11,0.23553800424032892,2.541398998070628e-11,4.594924029648755e-11,4.5212434186551156e-11,4.521243424310354e-11,2.7522036031503427e-11,2.6658757952312526e-11,0.2355380009867257,3.608708396499409e-11,4.021838312459466e-11,2.5413990103093955e-11,0.23553800424032886,4.6779665480947856e-11,2.880209628628385e-11,2.6806460450586726e-11,2.990497092796437e-11,4.2381401535644044e-11,4.5949240209025046e-11,3.93889347142848e-11,2.4855992873476488e-11,3.626284071965754e-11,0.23553800098672578,3.667166136246767e-10,4.521243401715203e-11,4.0563452712961273e-11,2.665875792579361e-11,4.6779665268492306e-11
0.235537882992562,4.021834322040598e-11,0.2355397174650825,4.0218342147624905e-11,2.582957947535504e-11,0.23553782638859858,0.23553971617208075,3.647408219973194e-11,4.5949197626494326e-11,0.23553800098672525,0.2355377176250891,3.319531121309828e-11,3.430918442275054e-11,3.938889515835983e-11,4.5212391243224816e-11,3.493103190067219e-11,3.9388895058540775e-11,0.23553782638859833,0.23553782924198768,2.582957980722437e-11,2.1094681205996604e-07,2.6565605733390023e-11,2.4855966604074533e-11,3.608704523909855e-11,0.23553800098672525,2.6658731310072268e-11,3.577172032070382e-11,3.4309184252845e-11,3.647408225823376e-11,4.594919762659388e-11,2.3944438674541313e-11,0.23553971746508298,2.4387836841287765e-11,4.521239130805617e-11,2.7676810357929257e-11,3.430918408125194e-11,4.6768801960654835e-11,3.152179997042705e-11,3.608704520786289e-11,3.410058961783301e-11,4.021834251955593e-11,4.521239133744844e-11,2.5413963635760107e-11,2.5733816416901724e-11,4.594919764862492e-11,2.6089169839101383e-11,2.6658731382179456e-11,2.6565606004019114e-11,3.1521799826129385e-11,2.6658731173608023e-11,3.785780517484207e-11,4.594919768487628e-11,5.381228308127463e-11,3.430918423874597e-11,3.626280170767229e-11,2.5829579746421805e-11,2.6565605914342612e-11,4.344308332730962e-11,3.151957269557196e-11,0.23553782964220915,2.5413963640935727e-11,4.594919781630776e-11,4.521239149968297e-11,4.521239146499858e-11,2.656560598788116e-11,2.6658731200294834e-11,0.2355378263885984,3.6087045136825304e-11,4.021834269829979e-11,2.541396367102164e-11,0.23553782964220904,4.677962209654922e-11,3.152179988496315e-11,2.516427620756339e-11,3.2624673310544794e-11,4.2381359824497965e-11,4.594919771701453e-11,3.9388895068790596e-11,2.485596663642466e-11,3.626280185130031e-11,0.23553782638859833,7.311165011819885e-07,4.5212391285000416e-11,4.056341215130805e-11,2.665873111784873e-11,4.677962194819949e-11
6.457687031241424e-07,1.490588205700811e-17,1.5605735127065335e-07,1.486016204491663e-17,3.286135134348721e-11,3.3195311158672364e-11,1.560573499014679e-07,1.1923792652096251e-17,1.815183099876968e-17,3.319534853415611e-11,3.319531121309828e-11,-1.0876346260377251e-07,1.0706308483592426e-17,1.3881402758253154e-17,1.8364860116430225e-17,1.1457981174006963e-17,1.3970352350060527e-17,3.319531126976629e-11,3.3195311518288204e-11,3.2861351334156496e-11,2.685059932125883e-17,4.507992961596416e-11,8.273439892064338e-18,1.1861025864715635e-17,3.319534853415611e-11,9.612478661892079e-18,1.1719544924166553e-17,1.0717515931625991e-17,1.1923792652096251e-17,1.8118774136316187e-17,7.761981080510508e-18,1.5605735127065353e-07,1.5960969378946974e-11,1.836688392574911e-17,3.286137531110967e-11,1.084584491283952e-17,1.9177220656316446e-17,1.2218314474711732e-11,1.1861025864715635e-17,1.2218318572077734e-11,1.486016204491663e-17,1.836688392574911e-17,8.82938069955308e-18,3.286135145869363e-11,1.8118774136316187e-17,9.110013385750674e-18,9.612478661892079e-18,4.507992960537972e-11,1.2218314474711732e-11,9.612478661892079e-18,1.9360677920466625e-17,1.818230486367011e-17,2.0567854960555628e-17,1.0717515931625991e-17,1.2077907200498186e-17,3.2861351334156496e-11,4.5079929610166895e-11,1.5350007884056825e-17,1.2218318730151547e-11,3.319531267071041e-11,8.82938069955308e-18,1.818230486367011e-17,1.836688392574911e-17,1.836688392574911e-17,4.5079929596993275e-11,9.612478661892079e-18,3.319531121369431e-11,1.1861025864715635e-17,1.4783430634413183e-17,8.82938069955308e-18,3.319531267071076e-11,1.914467413165666e-17,1.2218314485511493e-11,1.6900370598360226e-11,1.2218315133797295e-11,1.6249265656826047e-17,1.8118774136316187e-17,1.3881402758253154e-17,8.31597719865683e-18,1.2056889824856571e-17,3.319531121369431e-11,7.47491293247302e-17,1.836688392574911e-17,1.517835726933295e-17,9.562733129503767e-18,1.914467413165666e-17
6.494878276602e-07,1.5577460451912568e-17,1.597765151496845e-07,1.5666214782245545e-17,3.263306240249754e-11,3.4309184427441694e-11,1.5977651375892958e-07,1.2611192167462395e-17,1.9027400490715112e-17,3.430922231970685e-11,3.430918442275054e-11,1.0706308483592426e-17,-1.0876346030586675e-07,1.468754744826274e-17,1.936202011596977e-17,1.2211882860140164e-17,1.4652888925457462e-17,3.4309184354810054e-11,3.430918474625167e-11,3.2633062327081824e-11,2.84144811284684e-17,4.583151521443835e-11,8.714956914890744e-18,1.2340428563208056e-17,3.430922234227953e-11,1.0033479633579938e-17,1.2351391282377e-17,2.2623612449153755e-14,1.2499206582196805e-17,1.898124718500637e-17,8.247862712821859e-18,1.5977651514968457e-07,1.577820928129335e-11,1.9417271361214866e-17,3.2633086830644734e-11,1.1253773112410126e-17,2.0195686643899584e-17,1.3198184592026788e-11,1.2470340575048452e-17,1.3198188940520026e-11,1.557360759325105e-17,1.9439188417194248e-17,9.196204428985383e-18,3.263306244046151e-11,1.898124718500637e-17,9.569923663257583e-18,9.96072162925527e-18,4.5831515204096315e-11,1.3198184597938754e-11,1.0033479633579938e-17,2.061297407940366e-17,1.898124718500637e-17,2.1640441296955796e-17,1.1253773112410126e-17,1.2714266032460518e-17,3.263306240249754e-11,4.583151517167043e-11,1.6138621837255305e-17,1.3198189104347356e-11,3.4309185751529275e-11,9.196204428985383e-18,1.9091972860094273e-17,1.9363224758807236e-17,1.9439188417194248e-17,4.583151522050851e-11,1.0033479633579938e-17,3.4309184499593544e-11,1.2470340575048452e-17,1.557360759325105e-17,9.196204428985383e-18,3.430918579512964e-11,2.018999691134218e-17,1.319818460898382e-11,1.6854843216770715e-11,1.3198185178362716e-11,1.7017711934225464e-17,1.9091972860094273e-17,1.4540698403584055e-17,8.714956914890744e-18,1.2714266032460518e-17,3.4309184499593544e-11,7.958271334847956e-17,1.9439188417194248e-17,1.595876473606466e-17,1.0053619960587327e-17,2.019057012893848e-17
6.690165879350156e-07,2.030067554010657e-17,1.7930547301772467e-07,2.0208167853262298e-17,3.112561580492332e-11,3.938889515835983e-11,1.7930547150882295e-07,1.6269000072900952e-17,2.4507463943772314e-17,3.9388934740014715e-11,3.938889515835983e-11,1.3881402758253154e-17,1.468754744826274e-17,-1.0876344550316111e-07,2.506776118898263e-17,1.5676424802147312e-17,3.761885530764237e-14,3.938889513736842e-11,3.938889562638663e-11,3.1125615729055584e-11,7.51885073855709e-14,5.0547143118065054e-11,1.1295199574865927e-17,1.5993688101698596e-17,3.938893475733079e-11,1.2936228440272789e-17,1.59060337384556e-17,1.4540698403584055e-17,1.6253946014199883e-17,2.4507463943772314e-17,1.0630344456462189e-17,1.7930547301772477e-07,1.495741993498877e-11,2.5117642610056926e-17,3.1125643732705334e-11,1.4540698403584055e-17,2.6256000697486083e-17,1.942122998298086e-11,1.6076237272327733e-17,1.9421237098673906e-11,2.0283798715803792e-17,2.5117642610056926e-17,1.1982337470168954e-17,3.112561583075447e-11,2.448349442412714e-17,1.2519859319862902e-17,1.293825023480919e-17,5.0547143120167146e-11,1.94212300447657e-11,1.293825023480919e-17,2.8782381063187944e-17,2.448349442412714e-17,2.7507604459609377e-17,1.4613174815530412e-17,1.628003030932686e-17,3.112561575624728e-11,5.054714307789391e-11,4.157667905136696e-14,1.9421236617089292e-11,3.938889634114387e-11,1.1982337470168954e-17,2.448349442412714e-17,2.514207206992544e-17,2.509544833668452e-17,5.0547143118065054e-11,1.293825023480919e-17,3.938889515835983e-11,1.6076237272327733e-17,2.027156478465656e-17,1.1912656760464683e-17,3.938889633000808e-11,2.6179208425583084e-17,1.94212300447657e-11,1.6168195980662175e-11,1.9421230682362925e-11,2.1848589533342495e-17,2.448349442412714e-17,3.761885524977119e-14,1.1284880281849752e-17,1.628003030932686e-17,3.938889516216261e-11,1.0671255902800444e-16,2.5131077914690867e-17,2.104188186479793e-17,1.2958361724567138e-17,2.614508524868691e-17
7.004875227685028e-07,2.7339226339110968e-17,2.107767427061832e-07,2.7319207461345798e-17,2.8580187436275096e-11,4.521239124325915e-11,2.1077674100394275e-07,2.1579714318436124e-17,3.303629764785048e-17,4.5212434069663065e-11,4.5212391243224816e-11,1.8364860116430225e-17,1.936202011596977e-17,2.506776118898263e-17,-1.0876341401663907e-07,2.0911703415907588e-17,2.5125226402723343e-17,4.5212391243224816e-11,4.521239196691572e-11,2.858018746416344e-11,4.967703489968145e-17,6.050901554428756e-11,1.4987232150806594e-17,2.1243423280971918e-17,4.521243411581031e-11,1.7305877647315578e-17,2.12063141262965e-17,1.9439188417194248e-17,2.155244601689863e-17,3.3117661914191816e-17,1.4027047885405987e-17,2.1077674270618344e-07,1.4222742684167137e-11,6.870000546805447e-14,2.85802226545359e-11,1.938043127715677e-17,7.186432176328894e-14,3.192846811947312e-11,2.1243423280970652e-17,3.192848052531452e-11,2.7389918081671053e-17,6.870000551204399e-14,1.599229981726315e-17,2.858018747853122e-11,3.3117661914191816e-17,1.6861534504653782e-17,1.7272790436333836e-17,6.050901556166678e-11,3.192846811947312e-11,1.727279043633382e-17,4.237560695645541e-17,3.3149799425203545e-17,3.697524130730066e-17,1.93596475945881e-17,2.1797890953141893e-17,2.8580187454022637e-11,6.050901556166678e-11,2.7981596480842077e-17,3.192847941265843e-11,4.5212392173499475e-11,1.588135345708076e-17,3.3149799425203545e-17,6.870000552433957e-14,6.870000551219536e-14,6.050901555429797e-11,1.7272790436333836e-17,4.521239124774269e-11,2.1243423280970652e-17,2.7319207461345798e-17,1.588135345708076e-17,4.5212392173499475e-11,7.13088633620332e-14,3.19284681145594e-11,1.4357463492312234e-11,3.192846851450173e-11,2.909128861505413e-17,3.3117661914191816e-17,2.5126479503348138e-17,1.4987232150806594e-17,2.17334276241724e-17,4.521239124774269e-11,1.372567387899518e-16,6.870000550474234e-14,2.8834066792725505e-17,1.7268406083139345e-17,7.130886330761279e-14
6.542336421678091e-07,1.6788758555408158e-17,1.645223793921971e-07,1.678647164222036e-17,3.2037805170901104e-11,3.4931031934222013e-11,1.6452237797329558e-07,2.6822220104614856e-14,2.0467622857730553e-17,3.4931069916452625e-11,3.493103190067219e-11,1.1457981174006963e-17,1.2211882860140164e-17,1.5676424802147312e-17,2.0911703415907588e-17,-1.0876345642046741e-07,1.5676424802147312e-17,3.493103194700029e-11,3.493103232417599e-11,3.203780519886042e-11,3.037277807743229e-17,4.7590100221449117e-11,9.46822727186904e-18,1.3390193698153332e-17,3.4931069916452625e-11,1.085394138252542e-17,1.3156614985348835e-17,1.2097596320852727e-17,2.6822220102454235e-14,2.0489150899909277e-17,8.87053118863524e-18,1.6452237939219724e-07,1.550689803483004e-11,2.094842677385877e-17,3.203783098471664e-11,1.2097596320852727e-17,2.1921725908371457e-17,1.5552015547311905e-11,1.3390193698153332e-17,1.555202095288088e-11,1.678647164222036e-17,2.088641762469491e-17,9.969271542669623e-18,3.203780520330112e-11,2.047871599104953e-17,1.0383924271233399e-17,1.085394138252542e-17,4.7590100221449117e-11,1.5552015560538994e-11,1.075610810011235e-17,2.306758174857491e-17,2.0489150899909277e-17,4.620548875555582e-14,1.2097596320852727e-17,1.3492521181058731e-17,3.203780512219006e-11,4.759010018957135e-11,1.7271321407148073e-17,1.555202090117516e-11,3.493103325236499e-11,9.969271542669623e-18,2.0489150899909277e-17,2.1008312231639113e-17,2.0987536337463122e-17,4.759010021363059e-11,1.075610810011235e-17,3.4931031934222013e-11,1.3390193698153332e-17,1.678647164222036e-17,9.969271542669623e-18,3.493103330235187e-11,2.18223561346478e-17,1.5552015560538994e-11,1.653090071949102e-11,1.5552016084898614e-11,1.825972301499559e-17,2.047871599104953e-17,1.5668197469182445e-17,9.444994525755137e-18,1.3492521181058731e-17,3.493103188913836e-11,8.428020426193837e-17,2.0878773151363142e-17,1.732209871638203e-17,1.0771318294103073e-17,2.1791622080875822e-17
6.690165898313191e-07,2.030067554010657e-17,1.7930547272746664e-07,2.027156478465656e-17,3.112561575708845e-11,3.938889499634071e-11,1.793054712185648e-07,1.623167415807569e-17,2.4581977843995532e-17,3.9388934643819904e-11,3.9388895058540775e-11,1.3970352350060527e-17,1.4652888925457462e-17,3.761885530764237e-14,2.5125226402723343e-17,1.5676424802147312e-17,-1.0876344550316111e-07,3.9388895070581274e-11,3.938889563588884e-11,3.112561582192444e-11,7.518850753723618e-14,5.054714304191628e-11,1.1284155783043008e-17,1.6076237272327733e-17,3.9388934627534366e-11,1.2968958226795105e-17,1.59060337384556e-17,1.4613174815530412e-17,1.6310695743552274e-17,2.448349442412714e-17,1.058952552185655e-17,1.7930547272746664e-07,1.49574199449291e-11,2.5095448333067062e-17,3.112564381930798e-11,1.4613174815530412e-17,2.6268402827771374e-17,1.942123001553046e-11,1.5985326643232868e-17,1.9421236989883054e-11,2.0283798715803792e-17,2.5095448333067062e-17,1.1982337470168954e-17,3.1125615895659556e-11,2.448349442412714e-17,1.2519859319862902e-17,1.2968958226795105e-17,5.054714306984084e-11,1.9421230073181465e-11,1.2968958226795105e-17,2.8714073130789385e-17,2.4507463943772314e-17,2.7739117152919315e-17,1.4613174815530412e-17,1.631316861887802e-17,3.112561582192444e-11,5.0547143033109114e-11,4.1576679082854657e-14,1.942123653044654e-11,3.938889622698789e-11,1.1982337470168954e-17,2.448349442412714e-17,2.5126479503348138e-17,2.509544833668452e-17,5.0547143056045527e-11,1.293825023480919e-17,3.938889499634071e-11,1.5985326643232868e-17,2.0283798715803792e-17,1.1982337470168954e-17,3.938889621910766e-11,2.614508524868691e-17,1.9421230073181465e-11,1.6168196037195262e-11,1.9421230596965567e-11,2.1817996714304587e-17,2.4507463943772314e-17,3.7618855283765687e-14,1.1284155783043008e-17,1.628003030932686e-17,3.938889505771975e-11,1.0671223036785823e-16,2.5084468000236575e-17,2.100448192664311e-17,1.2936228440272789e-17,2.613924598821162e-17
0.23553788299256181,4.021834317332428e-11,0.23553971746508254,4.021834210385149e-11,2.5829579445848262e-11,0.23553782638859871,0.23553971617208075,3.647408220463469e-11,4.5949197587759035e-11,0.23553800098672562,0.23553782638859833,3.319531126976629e-11,3.4309184354810054e-11,3.938889513736842e-11,4.5212391243224816e-11,3.493103194700029e-11,3.9388895070581274e-11,0.23553771762508896,0.23553782924198785,2.5829579715726357e-11,2.1094681205996604e-07,2.6565605682943486e-11,2.4855966691819032e-11,3.608704523909855e-11,0.2355380009867255,2.665873131007218e-11,3.577172032070382e-11,3.4309184252845e-11,3.6474082257925386e-11,4.594919763087251e-11,2.3944438690525196e-11,0.2355397174650828,2.4387836961565985e-11,4.521239130805617e-11,2.7676810113051914e-11,3.4309184234281353e-11,4.6768801945936364e-11,3.152180000183592e-11,3.608704519593626e-11,3.410058969319186e-11,4.021834251955593e-11,4.521239133290393e-11,2.5413963635760107e-11,2.573381619682306e-11,4.594919764862492e-11,2.6089169839101383e-11,2.6658731382179456e-11,2.656560592429945e-11,3.1521799869549905e-11,2.6658731216283777e-11,3.7857805181171655e-11,4.5949197699770276e-11,5.381228308127463e-11,3.430918423874597e-11,3.626280167453661e-11,2.582957955022432e-11,2.6565605824251376e-11,4.3443083264114824e-11,3.151957277606711e-11,0.23553782964220915,2.5413963648212115e-11,4.5949197802003247e-11,4.521239149968297e-11,4.521239147807682e-11,2.656560592365004e-11,2.6658731200294834e-11,0.23553782638859871,3.6087045195404755e-11,4.0218342609077e-11,2.5413963708769633e-11,0.2355378296422093,4.677962220412698e-11,3.152179991128805e-11,2.5164275934412016e-11,3.262467337216647e-11,4.238135983060641e-11,4.5949197834229286e-11,3.938889510762631e-11,2.485596663642466e-11,3.626280184981155e-11,0.23553782638859858,7.311165011819879e-07,4.5212391285000255e-11,4.056341224939181e-11,2.6658731177198908e-11,4.677962192705889e-11
0.23553788652235222,4.02183436604758e-11,0.23553972099491133,4.0218342626676676e-11,2.5647513801515475e-11,0.2355378292419879,0.23553971970190973,3.647408262496872e-11,4.594919831258941e-11,0.23553800384011825,0.23553782924198768,3.3195311518288204e-11,3.430918474625167e-11,3.938889562638663e-11,4.521239196691572e-11,3.493103232417599e-11,3.938889563588884e-11,0.23553782924198785,0.23553772333186648,2.564751410630224e-11,2.10946813880225e-07,2.6904883627548133e-11,2.485596693197974e-11,3.608704566105333e-11,0.23553800384011808,2.6658731650544034e-11,3.5771720747357555e-11,3.4309184541827344e-11,3.647408265931454e-11,4.594919827741219e-11,2.3944438983741113e-11,0.2355397209949119,2.430606423179181e-11,4.5212391936450055e-11,2.7494744910175742e-11,3.430918452164683e-11,4.676880267322919e-11,3.204314162947739e-11,3.608704559523637e-11,3.4621931587286657e-11,4.021834297733537e-11,4.521239198138787e-11,2.5413963837546836e-11,2.5551750638283858e-11,4.5949198449562e-11,2.6089170143629806e-11,2.665873166042714e-11,2.6904883882091027e-11,3.2043141482866525e-11,2.6658731522373897e-11,3.7857805842353566e-11,4.5949198421561273e-11,1.0728474027192239e-07,3.430918462687847e-11,3.6262802083439435e-11,2.5647513960125454e-11,2.6904883771887382e-11,8.661182219481848e-08,3.2040914656895406e-11,0.23553783249559845,2.541396391462753e-11,4.5949198542246285e-11,4.521239201339284e-11,4.521239213404039e-11,2.6904883898679187e-11,2.6658731496006704e-11,0.23553782924198796,3.6087045524751505e-11,4.0218343156432744e-11,2.541396394029549e-11,0.23553783249559868,4.677962294192394e-11,3.2043141475699186e-11,2.5063984197569984e-11,3.3146015053422054e-11,4.2381360269146086e-11,4.5949198470788045e-11,3.938889558613137e-11,2.4855966923461266e-11,3.6262802239985195e-11,0.23553782924198785,7.311165059129597e-07,4.521239197555523e-11,4.056341274401017e-11,2.6658731488999186e-11,4.677962266254609e-11
0.6508722980748155,3.026956120561125e-11,0.6508809223926492,3.0269560914423746e-11,0.6508720988699435,2.5829579553334078e-11,0.6508809139575347,3.210466963367961e-11,2.914492665960302e-11,2.950574118667562e-11,2.582957980722437e-11,3.2861351334156496e-11,3.2633062327081824e-11,3.1125615729055584e-11,2.858018746416344e-11,3.203780519886042e-11,3.112561582192444e-11,2.5829579715726357e-11,2.564751410630224e-11,0.6508719901064471,3.266659738181565e-11,0.6508759378317434,2.021060035064862e-11,3.2114997727278554e-11,2.950574157173969e-11,2.044740104777077e-11,3.2011655982641725e-11,3.263306261442469e-11,3.2104669474228744e-11,2.914492647463381e-11,2.084163412356914e-11,0.6508809223926492,0.3528463914635421,2.8580187258500893e-11,0.6508724148759018,3.263306250714929e-11,2.81600313515395e-11,2.2160712069620117e-11,3.211499792837649e-11,4.4327997631476295e-11,3.026956082339247e-11,2.8580187329946657e-11,1.988587052278709e-11,0.650872102795404,2.9144926437245697e-11,1.9192968655486317e-11,2.0447400999631546e-11,0.6508759378317442,2.2160711968324196e-11,2.0447401095868e-11,8.300541613855408e-11,2.914492644486358e-11,2.887859563863412e-11,3.26330624254583e-11,3.187509297930436e-11,0.6508720988699419,0.6508759378317434,3.058642037800444e-11,2.3869154881174957e-11,2.6560696073294452e-11,1.9885870527386256e-11,2.914492638654826e-11,2.858018741453441e-11,2.8580187225294822e-11,0.6508759378317435,2.0447401025917695e-11,2.5829579640036045e-11,3.211499805126591e-11,3.0269560728487755e-11,1.9885870273410304e-11,2.6560695599655096e-11,2.8323709158192196e-11,2.2160711867829422e-11,0.29802500957708356,3.972256776225689e-11,3.478984046030478e-11,2.914492632853173e-11,3.1125615656529706e-11,2.021060039378202e-11,3.187509299821326e-11,2.582957946297627e-11,4.286891383796578e-11,2.8580187380189966e-11,2.926450719106967e-11,2.0447401083533002e-11,2.8323709079322938e-11
8.224599285888771e-07,3.9838761782836553e-17,3.327505024743234e-07,3.988652746316724e-17,3.2666597408005346e-11,2.109468120599659e-07,3.327505001431418e-07,3.1936915608980474e-17,4.950846683272386e-17,1.058076179341794e-10,2.1094681205996604e-07,2.685059932125883e-17,2.84144811284684e-17,7.51885073855709e-14,4.967703489968145e-17,3.037277807743229e-17,7.518850753723618e-14,2.1094681205996604e-07,2.10946813880225e-07,3.266659738181565e-11,-1.0876333475558817e-07,6.109349020949129e-11,2.2222351540110718e-17,3.138267120710849e-17,1.058076179341794e-10,2.5643584110621213e-17,3.112729714164694e-17,2.84144811284684e-17,3.200248894397482e-17,4.9453880386600403e-17,2.0748611257305165e-17,3.32750502474324e-07,1.598970356563612e-11,4.962004674744999e-17,3.266663320270381e-11,2.84144811284684e-17,5.21106057716916e-17,2.8426541787902803e-11,3.149804445723152e-17,2.8426553595834842e-11,3.9838761782836553e-17,4.960626722828138e-17,2.3512881283729937e-17,3.26665974767047e-11,4.949555054401035e-17,2.4742031975415886e-17,2.5643584110621213e-17,6.109349020949129e-11,2.842654182006443e-11,2.5643584110621213e-17,5.005815674027261e-17,4.9479217095320393e-17,1.1344153989178913e-13,2.84144811284684e-17,3.2011339556461786e-17,3.266659738181565e-11,6.109349024996486e-11,8.275024008360976e-14,2.842655176030083e-11,1.0580749924066999e-10,2.3544110472798677e-17,4.9479217095320393e-17,4.9637008591321067e-17,4.963319168471986e-17,6.109349025731395e-11,2.5642870355177572e-17,2.1094681205996604e-07,3.138267120318589e-17,3.9886527463167255e-17,2.3550877168684094e-17,1.058074992771059e-10,1.0377351543081561e-13,2.842654182006443e-11,1.667691243400058e-11,2.8426542765951786e-11,4.297568836633955e-17,4.9453880386600403e-17,7.518850735569789e-14,2.2222351540110718e-17,3.2108011384179915e-17,2.109468120599659e-07,2.0883581792461e-16,4.960626722828138e-17,4.131383548084397e-17,2.5643584110621213e-17,1.0377351550666071e-13
