1.0000000069417532,1.0000025703651818,3.160260720805129e-06,1.0000025703651931,1.0000025703651938,3.1599756141023954e-06,1.0000025703651918,3.1634110366459523e-06,1.0000025703651945,1.0000025669938164,1.0000025140121664,1.0000025703651938,1.0000025672573603,1.0000025552172462,1.0000025703651931,1.0000025703651931,1.000002514012167,1.0000026321062778,3.1635206767523384e-06,1.0000025140121653,1.0000025703651938,1.000002570365192,1.000002659201212,3.1728184222986173e-06,1.0000025703651918,1.0000025140121676,1.0000026058612883,1.0000027169892325,1.0000025669938177,1.0000025703651934,1.000002570365193,3.159914815590524e-06,1.0000025672573631,1.0000025703651934,1.0000025703651931,1.0000025703651938,1.0000025703651918,1.0000025703651918,1.0000025703651931,1.0000025703651938,3.214118540648489e-06,1.0000025703651938,1.0000025703651918,1.0000025140121704,1.0000025703651934,1.0000025552172451,1.0000025703651934,1.0000026321062734,1.0000025140121693,1.0000025703651934,1.0000025703651927,1.000002570365189,3.176332627671824e-06,1.0000026058612854,1.000002518809092,1.0000025703651938,1.0000025140121689,1.0000026368645667,1.000002570365193,3.169887387104943e-06,3.1586479038992156e-06
1.0000025703651818,1.0000024925242,6.556346169480926e-11,0.9999989297874489,0.9999989297874492,6.54202439514597e-11,0.9999989297874489,6.71459472249392e-11,0.9999989297874489,0.9999989264160721,0.9999988734344684,0.9999989297874489,0.9999989266796163,0.9999989146395173,0.9999989297874489,0.9999989297874489,0.9999988734344673,0.9999989915284808,6.720102077333307e-11,0.9999988734344655,0.9999989297874492,0.9999989297874476,0.9999990186233981,7.187152442783874e-11,0.9999989297874483,0.9999988734344679,0.9999989652835122,0.9999990764113662,0.9999989264160721,0.9999989297874489,0.9999989297874492,6.538969940027546e-11,0.999998926679619,0.9999989297874489,0.9999989297874489,0.9999989297874489,0.9999989297874483,0.9999989297874481,0.9999989297874481,0.9999989297874489,9.261767200381174e-11,0.9999989297874489,0.9999989297874472,0.9999988734344666,0.9999989297874489,0.9999989146395165,0.9999989297874481,0.9999989915284808,0.9999988734344674,0.9999989297874481,0.9999989297874481,0.9999989297874481,7.363680820027773e-11,0.9999989652835116,0.9999988782313924,0.9999989297874485,0.9999988734344673,0.9999989962867719,0.9999989297874485,7.039918910257933e-11,6.475330041176842e-11
3.160260720805129e-06,6.556346169480926e-11,3.5627372020784647e-06,6.556346163757607e-11,6.556346169837715e-11,8.557470302773464e-18,6.556346164957526e-11,8.834076024083688e-18,6.556346163271842e-11,6.556346160261335e-11,6.556345820768082e-11,6.556346165916084e-11,6.556346157341404e-11,6.556346073021524e-11,6.556346169124628e-11,6.556346163349321e-11,6.556345819491893e-11,6.556346552792196e-11,9.076249893218811e-18,6.556345823372502e-11,6.556346165471125e-11,6.556346167089521e-11,6.556346727666132e-11,9.56986864064466e-18,6.556346169124628e-11,6.556345819491893e-11,6.556346403435108e-11,6.556347153546871e-11,6.556346157206959e-11,6.556346166828245e-11,6.556346166289876e-11,6.8852201077096324e-18,6.556346157341407e-11,6.55634616863714e-11,6.556346169426292e-11,6.556346169124628e-11,6.556346163723853e-11,6.556346165040406e-11,6.556346168365253e-11,6.556346167932186e-11,1.2093271665888829e-17,6.556346168365253e-11,6.556346166526813e-11,6.556345823751215e-11,6.55634616749312e-11,6.556346067074013e-11,6.556346167896778e-11,6.556346550939648e-11,6.556345819402464e-11,6.556346164411774e-11,6.556346165916084e-11,6.556346164407444e-11,9.676774237598806e-18,6.556346401428127e-11,1.3051949549831872e-07,6.556346167896778e-11,6.556345820288676e-11,6.55634659960581e-11,6.556346169426292e-11,1.0507036234791459e-17,1.1828825670757788e-14
1.0000025703651931,0.9999989297874489,6.556346163757607e-11,1.0000024925242172,0.9999989297874621,6.542024395582322e-11,0.9999989297874609,6.714594728141682e-11,0.9999989297874609,0.9999989264160841,0.9999988734344796,0.9999989297874617,0.9999989266796291,0.9999989146395286,0.9999989297874612,0.9999989297874612,0.9999988734344784,0.9999989915284915,6.720102083358947e-11,0.9999988734344779,0.9999989297874617,0.9999989297874601,0.9999990186234105,7.187152440961484e-11,0.9999989297874604,0.9999988734344787,0.999998965283524,0.999999076411379,0.9999989264160845,0.9999989297874612,0.9999989297874617,6.538969941581455e-11,0.99999892667963,0.9999989297874612,0.9999989297874612,0.9999989297874614,0.9999989297874604,0.9999989297874597,0.9999989297874609,0.9999989297874621,9.26176720374243e-11,0.9999989297874614,0.9999989297874597,0.9999988734344778,0.9999989297874612,0.9999989146395282,0.9999989297874609,0.9999989915284919,0.9999988734344784,0.9999989297874609,0.9999989297874609,0.9999989297874601,7.363680827499522e-11,0.9999989652835236,0.999998878231404,0.9999989297874617,0.9999988734344781,0.9999989962867843,0.9999989297874609,7.039918915458063e-11,6.475330044494867e-11
1.0000025703651938,0.9999989297874492,6.556346169837715e-11,0.9999989297874621,1.0000024925242177,6.542024394897093e-11,0.9999989297874612,6.714594730219361e-11,0.9999989297874612,0.9999989264160853,0.999998873434479,0.9999989297874617,0.9999989266796295,0.9999989146395285,0.9999989297874621,0.9999989297874621,0.9999988734344779,0.9999989915284931,6.720102083461395e-11,0.9999988734344771,0.9999989297874612,0.9999989297874609,0.9999990186234105,7.187152440052333e-11,0.9999989297874601,0.9999988734344779,0.9999989652835247,0.9999990764113789,0.9999989264160845,0.9999989297874621,0.9999989297874617,6.538969942889726e-11,0.9999989266796298,0.9999989297874621,0.9999989297874621,0.9999989297874612,0.9999989297874601,0.9999989297874601,0.9999989297874612,0.9999989297874617,9.261767206092963e-11,0.9999989297874612,0.9999989297874604,0.9999988734344784,0.9999989297874621,0.9999989146395282,0.9999989297874614,0.9999989915284929,0.9999988734344776,0.9999989297874612,0.9999989297874603,0.9999989297874604,7.363680828557489e-11,0.9999989652835234,0.9999988782314049,0.9999989297874609,0.9999988734344774,0.9999989962867838,0.9999989297874617,7.039918911237125e-11,6.475330040567316e-11
3.1599756141023954e-06,6.54202439514597e-11,8.557470302773464e-18,6.542024395582322e-11,6.542024394897093e-11,3.5627372158663087e-06,6.542024396155751e-11,6.467717417289074e-18,6.542024389936708e-11,6.542024358630506e-11,6.542024011941612e-11,6.542024391394312e-11,6.542024371242446e-11,6.542024299583565e-11,6.542024396310175e-11,6.54202439028516e-11,6.542024011343417e-11,6.542024794788787e-11,7.316463904956182e-18,6.542024012549752e-11,6.542024394953463e-11,6.542024395854109e-11,6.54202496748193e-11,8.702273017931913e-18,6.542024396268984e-11,6.542024013956933e-11,6.542024639658478e-11,6.542025340168392e-11,6.542024363622796e-11,6.542024392588648e-11,6.54202439355956e-11,1.7087338755857315e-14,6.542024365405599e-11,6.542024398030015e-11,6.542024389218982e-11,6.542024394871515e-11,6.542024392328757e-11,6.542024391329498e-11,6.54202439395747e-11,6.542024396316171e-11,1.1419402215831894e-17,6.542024395991424e-11,6.542024396310175e-11,6.542024014339962e-11,6.542024391970168e-11,6.542024299571994e-11,6.542024396437743e-11,6.542024797519353e-11,6.542024010914734e-11,6.542024396316171e-11,6.542024390355882e-11,6.54202439659319e-11,8.168216148288283e-18,6.542024640314443e-11,1.3023438663712698e-07,6.54202439312653e-11,6.542024011570198e-11,6.542024816543411e-11,6.542024396819253e-11,9.867846314378369e-18,1.9265564920575893e-14
1.0000025703651918,0.9999989297874489,6.556346164957526e-11,0.9999989297874609,0.9999989297874612,6.542024396155751e-11,1.0000024925242157,6.714594728807322e-11,0.9999989297874601,0.9999989264160833,0.9999988734344778,0.9999989297874609,0.9999989266796282,0.9999989146395276,0.9999989297874596,0.9999989297874596,0.9999988734344776,0.9999989915284919,6.720102076299454e-11,0.999998873434476,0.9999989297874609,0.9999989297874589,0.9999990186234086,7.187152440862342e-11,0.9999989297874592,0.9999988734344774,0.9999989652835234,0.9999990764113785,0.9999989264160825,0.9999989297874596,0.9999989297874609,6.538969942085014e-11,0.9999989266796282,0.9999989297874596,0.9999989297874596,0.9999989297874601,0.9999989297874592,0.9999989297874596,0.9999989297874592,0.9999989297874609,9.261767210076171e-11,0.9999989297874601,0.9999989297874589,0.9999988734344771,0.9999989297874596,0.9999989146395276,0.9999989297874589,0.9999989915284915,0.9999988734344774,0.9999989297874589,0.9999989297874592,0.9999989297874597,7.36368082202284e-11,0.999998965283523,0.9999988782314032,0.9999989297874604,0.9999988734344767,0.9999989962867821,0.9999989297874601,7.039918923717318e-11,6.475330041866259e-11
3.1634110366459523e-06,6.71459472249392e-11,8.834076024083688e-18,6.714594728141682e-11,6.714594730219361e-11,6.467717417289074e-18,6.714594728807322e-11,3.562737215235304e-06,6.714594731613107e-11,6.71459470997931e-11,6.714594374564707e-11,6.714594731613107e-11,6.714594711110078e-11,6.714594623369297e-11,6.714594718145731e-11,6.714594721883107e-11,6.714594374564707e-11,6.714595114120657e-11,1.8596303288677496e-14,6.71459436632669e-11,6.714594730712568e-11,6.714594730712568e-11,1.336698234255307e-07,1.929294543745667e-14,6.714594727508041e-11,6.714594374564707e-11,6.714594962115333e-11,1.336698311717932e-07,6.714594711044218e-11,6.714594728684118e-11,6.714594721883107e-11,1.6266852553385e-14,6.71459471201656e-11,6.714594719856795e-11,6.714594729146138e-11,6.714594733636484e-11,6.714594728575089e-11,6.714594731613107e-11,6.714594729074777e-11,6.714594718145731e-11,1.2473496241727044e-17,6.714594730712568e-11,6.71459472702307e-11,6.714594371002559e-11,6.714594729074777e-11,6.714594626914864e-11,6.714594723710004e-11,6.714595118387367e-11,6.714594379310442e-11,6.714594722209567e-11,6.714594726355043e-11,6.714594726272475e-11,1.9929942438672055e-14,6.714594962115333e-11,1.3366980515738032e-07,6.71459473347131e-11,6.714594374564707e-11,6.714595144178701e-11,6.714594723710004e-11,9.88478635938732e-18,7.162098279957658e-18
1.0000025703651945,0.9999989297874489,6.556346163271842e-11,0.9999989297874609,0.9999989297874612,6.542024389936708e-11,0.9999989297874601,6.714594731613107e-11,1.0000024925242157,0.9999989264160833,0.9999988734344778,0.9999989297874604,0.999998926679628,0.999998914639528,0.9999989297874603,0.9999989297874604,0.9999988734344776,0.9999989915284919,6.720102074542347e-11,0.999998873434476,0.9999989297874604,0.9999989297874591,0.9999990186234089,7.187152441373693e-11,0.9999989297874601,0.9999988734344779,0.999998965283523,0.9999990764113785,0.9999989264160837,0.9999989297874604,0.9999989297874609,6.538969933850722e-11,0.9999989266796291,0.9999989297874604,0.9999989297874604,0.9999989297874596,0.9999989297874601,0.9999989297874596,0.9999989297874596,0.9999989297874604,9.261767206092963e-11,0.9999989297874596,0.9999989297874591,0.9999988734344774,0.9999989297874604,0.9999989146395278,0.9999989297874594,0.9999989915284915,0.9999988734344776,0.9999989297874594,0.9999989297874596,0.9999989297874592,7.363680822455578e-11,0.9999989652835224,0.9999988782314032,0.9999989297874604,0.9999988734344767,0.9999989962867826,0.9999989297874592,7.039918922299903e-11,6.47533004438172e-11
1.0000025669938164,0.9999989264160721,6.556346160261335e-11,0.9999989264160841,0.9999989264160853,6.542024358630506e-11,0.9999989264160833,6.71459470997931e-11,0.9999989264160833,1.0000024857814656,0.9999988700631017,0.9999989264160839,0.9999989233082527,0.9999989112681521,0.9999989264160845,0.9999989264160845,0.9999988700631017,0.999998988157115,6.720102059925852e-11,0.9999988700631014,0.9999989264160829,0.9999989264160833,0.9999990152520334,1.430771849410098e-07,0.9999989264160812,0.9999988700631014,0.9999989619121472,0.9999990730400025,0.9999989230447075,0.9999989264160845,0.9999989264160837,6.538969910222937e-11,0.999998923308253,0.9999989264160845,0.9999989264160845,0.999998926416083,0.9999989264160812,0.9999989264160822,0.9999989264160825,0.9999989264160839,1.843772748928321e-07,0.999998926416083,0.9999989264160833,0.9999988700631011,0.9999989264160845,0.9999989112681518,0.9999989264160837,0.9999989881571141,0.9999988700631006,0.9999989264160837,0.9999989264160825,0.9999989264160812,7.363680791681583e-11,0.9999989619121474,0.9999988748600263,0.9999989264160829,0.9999988700631002,0.9999989929154063,0.9999989264160825,7.039918885305443e-11,6.475330026644699e-11
1.0000025140121664,0.9999988734344684,6.556345820768082e-11,0.9999988734344796,0.999998873434479,6.542024011941612e-11,0.9999988734344778,6.714594374564707e-11,0.9999988734344778,0.9999988700631017,1.0000023798182538,0.9999988734344786,0.9999988703266475,0.9999988582865453,0.9999988734344787,0.9999988734344787,0.9999988170814991,0.9999989351755064,6.720101716026326e-11,0.999998817081498,0.9999988734344779,0.9999988734344776,0.9999989622704224,7.187152045100487e-11,0.9999988734344767,0.9999988170814992,0.9999989089305393,0.9999990200583883,0.9999988700631017,0.9999988734344787,0.9999988734344784,6.538969572178492e-11,0.9999988703266481,0.9999988734344787,0.9999988734344787,0.9999988734344778,0.9999988734344767,0.9999988734344776,0.9999988734344781,0.9999988734344786,1.8437726543174963e-07,0.9999988734344778,0.9999988734344774,0.9999988170814985,0.9999988734344787,0.9999988582865446,0.9999988734344781,0.9999989351755069,0.999998817081498,0.9999988734344784,0.9999988734344784,0.9999988734344766,7.36368042282899e-11,0.9999989089305383,0.9999988218784229,0.9999988734344779,0.999998817081498,0.999998939933797,0.9999988734344767,7.039918532201876e-11,6.475329683857744e-11
1.0000025703651938,0.9999989297874489,6.556346165916084e-11,0.9999989297874617,0.9999989297874617,6.542024391394312e-11,0.9999989297874609,6.714594731613107e-11,0.9999989297874604,0.9999989264160839,0.9999988734344786,1.0000024925242177,0.9999989266796291,0.9999989146395276,0.9999989297874609,0.9999989297874609,0.9999988734344784,0.9999989915284917,6.720102074542347e-11,0.9999988734344776,0.9999989297874617,0.9999989297874596,0.9999990186234092,7.187152439302062e-11,0.9999989297874604,0.9999988734344784,0.9999989652835238,0.9999990764113782,0.9999989264160841,0.9999989297874609,0.9999989297874612,6.538969938925326e-11,0.99999892667963,0.9999989297874609,0.9999989297874609,0.9999989297874609,0.9999989297874604,0.9999989297874594,0.9999989297874604,0.9999989297874617,9.261767200961299e-11,0.9999989297874609,0.9999989297874596,0.9999988734344779,0.9999989297874609,0.9999989146395282,0.9999989297874604,0.999998991528492,0.9999988734344781,0.9999989297874604,0.9999989297874604,0.9999989297874604,7.363680825603297e-11,0.999998965283523,0.9999988782314032,0.9999989297874606,0.9999988734344776,0.9999989962867838,0.9999989297874604,7.039918914186999e-11,6.47533004302516e-11
1.0000025672573603,0.9999989266796163,6.556346157341404e-11,0.9999989266796291,0.9999989266796295,6.542024371242446e-11,0.9999989266796282,6.714594711110078e-11,0.999998926679628,0.9999989233082527,0.9999988703266475,0.9999989266796291,1.00000248630855,0.9999989115316957,0.9999989266796288,0.9999989266796288,0.9999988703266467,0.9999989884206588,6.720102062739224e-11,0.9999988703266458,0.9999989266796291,0.9999989266796276,0.9999990155155788,7.187152420445268e-11,0.999998926679628,0.9999988703266464,0.9999989621756908,0.9999990733035469,0.9999989233082524,0.9999989266796288,0.9999989266796291,6.538969913866222e-11,0.9999989235717974,0.9999989266796288,0.9999989266796288,0.9999989266796283,0.999998926679628,0.999998926679628,0.999998926679628,0.9999989266796291,1.8437727493907827e-07,0.9999989266796283,0.9999989266796276,0.9999988703266462,0.9999989266796288,0.9999989115316955,0.9999989266796283,0.9999989884206586,0.9999988703266467,0.999998926679628,0.999998926679628,0.999998926679628,1.465913979126761e-07,0.9999989621756901,0.9999988751235718,0.9999989266796291,0.9999988703266455,0.999998993178952,0.999998926679628,7.039918883576894e-11,6.475330025968829e-11
1.0000025552172462,0.9999989146395173,6.556346073021524e-11,0.9999989146395286,0.9999989146395285,6.542024299583565e-11,0.9999989146395276,6.714594623369297e-11,0.999998914639528,0.9999989112681521,0.9999988582865453,0.9999989146395276,0.9999989115316957,1.000002462228347,0.9999989146395278,0.999998914639528,0.9999988582865448,0.9999989763805587,6.720101980007373e-11,0.9999988582865442,0.9999989146395276,0.9999989146395271,0.9999990034754744,7.187152338425177e-11,0.9999989146395268,0.9999988582865448,0.9999989501355886,0.9999990612634441,0.9999989112681524,0.9999989146395278,0.9999989146395285,6.538969825273965e-11,0.9999989115316965,0.9999989146395278,0.999998914639528,0.9999989146395278,0.9999989146395268,0.9999989146395273,0.9999989146395273,0.9999989146395282,9.261767065894982e-11,0.9999989146395278,0.9999989146395273,0.9999988582865446,0.9999989146395278,0.9999988994915963,0.9999989146395273,0.9999989763805579,0.9999988582865442,0.9999989146395271,0.9999989146395273,0.9999989146395264,7.363680714752198e-11,0.9999989501355886,0.9999988630834707,0.9999989146395276,0.999998858286543,0.9999989811388482,0.9999989146395273,1.4014615367038575e-07,6.47532995406102e-11
1.0000025703651931,0.9999989297874489,6.556346169124628e-11,0.9999989297874612,0.9999989297874621,6.542024396310175e-11,0.9999989297874596,6.714594718145731e-11,0.9999989297874603,0.9999989264160845,0.9999988734344787,0.9999989297874609,0.9999989266796288,0.9999989146395278,1.0000024925242172,0.9999989297874606,0.9999988734344776,0.9999989915284917,6.720102084104986e-11,0.9999988734344771,0.9999989297874609,0.9999989297874594,0.9999990186234095,7.18715243886481e-11,0.9999989297874596,0.9999988734344776,0.9999989652835238,0.9999990764113782,0.9999989264160841,0.9999989297874606,0.9999989297874617,6.538969935687267e-11,0.9999989266796291,0.9999989297874606,0.9999989297874606,0.9999989297874604,0.9999989297874596,0.9999989297874601,0.9999989297874601,0.9999989297874609,9.261767206092963e-11,0.9999989297874604,0.9999989297874594,0.9999988734344774,0.9999989297874606,0.999998914639528,0.9999989297874597,0.9999989915284915,0.9999988734344776,0.9999989297874597,0.9999989297874601,0.9999989297874601,7.36368082613998e-11,0.999998965283523,0.9999988782314032,0.9999989297874604,0.9999988734344771,0.9999989962867826,0.9999989297874604,7.039918911016731e-11,6.475330044705217e-11
1.0000025703651931,0.9999989297874489,6.556346163349321e-11,0.9999989297874612,0.9999989297874621,6.54202439028516e-11,0.9999989297874596,6.714594721883107e-11,0.9999989297874604,0.9999989264160845,0.9999988734344787,0.9999989297874609,0.9999989266796288,0.999998914639528,0.9999989297874606,1.0000024925242206,0.9999988734344776,0.9999989915284917,6.720102077107468e-11,0.9999988734344767,0.9999989297874609,0.9999989297874594,0.9999990186234095,7.187152440975726e-11,0.9999989297874589,0.9999988734344776,0.9999989652835238,0.999999076411378,0.9999989264160837,0.9999989297874606,0.9999989297874609,6.538969934023725e-11,0.9999989266796288,0.9999989297874604,0.9999989297874604,0.9999989297874604,0.9999989297874589,0.9999989297874594,0.9999989297874601,0.9999989297874609,9.26176720099976e-11,0.9999989297874604,0.9999989297874589,0.9999988734344774,0.9999989297874604,0.9999989146395274,0.9999989297874597,0.9999989915284917,0.9999988734344776,0.9999989297874597,0.9999989297874596,0.9999989297874592,7.363680826923642e-11,0.9999989652835232,0.9999988782314037,0.9999989297874596,0.9999988734344771,0.9999989962867826,0.9999989297874603,7.039918918837038e-11,6.475330042758768e-11
1.000002514012167,0.9999988734344673,6.556345819491893e-11,0.9999988734344784,0.9999988734344779,6.542024011343417e-11,0.9999988734344776,6.714594374564707e-11,0.9999988734344776,0.9999988700631017,0.9999988170814991,0.9999988734344784,0.9999988703266467,0.9999988582865448,0.9999988734344776,0.9999988734344776,1.0000023798182511,0.9999989351755056,6.720101713537979e-11,0.9999988170814976,0.9999988734344779,0.9999988734344764,0.9999989622704214,7.187152043838765e-11,0.9999988734344754,0.999998817081498,0.9999989089305383,0.9999990200583883,0.9999988700631014,0.9999988734344776,0.9999988734344779,6.538969569332434e-11,0.999998870326647,0.9999988734344776,0.9999988734344776,0.9999988734344776,0.9999988734344754,0.9999988734344771,0.9999988734344771,0.9999988734344784,1.8437726543174963e-07,0.9999988734344776,0.9999988734344764,0.9999988170814973,0.9999988734344776,0.9999988582865439,0.9999988734344779,0.9999989351755056,0.999998817081498,0.9999988734344771,0.9999988734344771,0.9999988734344764,7.363680422361209e-11,0.9999989089305378,0.9999988218784218,0.9999988734344776,0.9999988170814978,0.999998939933797,0.9999988734344767,7.03991853089697e-11,6.475329678492516e-11
1.0000026321062778,0.9999989915284808,6.556346552792196e-11,0.9999989915284915,0.9999989915284931,6.542024794788787e-11,0.9999989915284919,6.714595114120657e-11,0.9999989915284919,0.999998988157115,0.9999989351755064,0.9999989915284917,0.9999989884206588,0.9999989763805587,0.9999989915284917,0.9999989915284917,0.9999989351755056,1.000002616006274,6.720102468863386e-11,0.9999989351755039,0.9999989915284915,0.9999989915284908,0.999999080364446,7.187152866776475e-11,0.9999989915284905,0.9999989351755056,0.999999027024556,0.9999991381524185,0.9999989881571141,0.999998991528492,0.999998991528492,6.53897034422236e-11,0.9999989884206598,0.9999989915284917,0.9999989915284917,0.9999989915284915,0.9999989915284905,0.9999989915284905,0.9999989915284907,0.9999989915284919,9.261767763447186e-11,0.9999989915284915,0.9999989915284908,0.9999989351755044,0.9999989915284917,0.9999989763805579,0.9999989915284915,0.9999990532695258,0.9999989351755051,0.9999989915284908,0.9999989915284903,0.9999989915284907,1.4659140709672056e-07,0.9999990270245558,0.9999989399724316,0.9999989915284911,0.9999989351755048,0.9999990580278186,0.9999989915284914,7.039919328705822e-11,6.475330430223691e-11
3.1635206767523384e-06,6.720102077333307e-11,9.076249893218811e-18,6.720102083358947e-11,6.720102083461395e-11,7.316463904956182e-18,6.720102076299454e-11,1.8596303288677496e-14,6.720102074542347e-11,6.720102059925852e-11,6.720101716026326e-11,6.720102074542347e-11,6.720102062739224e-11,6.720101980007373e-11,6.720102084104986e-11,6.720102077107468e-11,6.720101713537979e-11,6.720102468863386e-11,3.5627372151358135e-06,6.720101723307445e-11,6.720102071445803e-11,6.720102073289398e-11,1.3377946018342125e-07,1.9284052985678997e-14,6.720102070876775e-11,6.720101707697587e-11,6.720102329335283e-11,6.720103073267556e-11,6.72010205438271e-11,6.720102078426328e-11,6.720102071889907e-11,1.6392082592113544e-14,6.720102061122081e-11,6.720102077107468e-11,6.720102077760807e-11,6.720102069712742e-11,6.7201020804299e-11,6.720102074539109e-11,6.720102077281462e-11,6.720102079408714e-11,1.2053366988283484e-17,6.720102069712742e-11,6.720102071357673e-11,6.720101712583503e-11,6.720102081431994e-11,6.720101982023444e-11,6.720102071889907e-11,6.720102461376762e-11,6.720101723564461e-11,6.720102069712742e-11,6.720102078344246e-11,6.720102080228454e-11,1.98928462154008e-14,6.720102254549021e-11,1.3377944190252828e-07,6.720102077107468e-11,6.720101712769392e-11,1.337794572746574e-07,6.720102071539102e-11,8.826603783891983e-18,8.232972704502928e-18
1.0000025140121653,0.9999988734344655,6.556345823372502e-11,0.9999988734344779,0.9999988734344771,6.542024012549752e-11,0.999998873434476,6.71459436632669e-11,0.999998873434476,0.9999988700631014,0.999998817081498,0.9999988734344776,0.9999988703266458,0.9999988582865442,0.9999988734344771,0.9999988734344767,0.9999988170814976,0.9999989351755039,6.720101723307445e-11,1.000002379818247,0.9999988734344771,0.999998873434476,0.9999989622704211,7.187152043258264e-11,0.9999988734344751,0.999998817081498,0.9999989089305378,0.9999990200583883,0.9999988700631014,0.9999988734344767,0.9999988734344769,6.538969574335668e-11,0.9999988703266455,0.9999988734344767,0.9999988734344767,0.9999988734344767,0.9999988734344751,0.9999988734344748,0.9999988734344766,0.9999988734344776,1.8437726543174976e-07,0.9999988734344767,0.9999988734344748,0.9999988170814976,0.9999988734344767,0.999998858286543,0.9999988734344755,0.999998935175504,0.9999988170814973,0.9999988734344764,0.9999988734344766,0.9999988734344749,7.363680422512639e-11,0.9999989089305372,0.9999988218784209,0.9999988734344771,0.9999988170814968,0.9999989399337951,0.999998873434476,7.039918530813475e-11,6.475329681369891e-11
1.0000025703651938,0.9999989297874492,6.556346165471125e-11,0.9999989297874617,0.9999989297874612,6.542024394953463e-11,0.9999989297874609,6.714594730712568e-11,0.9999989297874604,0.9999989264160829,0.9999988734344779,0.9999989297874617,0.9999989266796291,0.9999989146395276,0.9999989297874609,0.9999989297874609,0.9999988734344779,0.9999989915284915,6.720102071445803e-11,0.9999988734344771,1.000002492524218,0.9999989297874592,0.9999990186234098,7.187152439182356e-11,0.9999989297874601,0.9999988734344784,0.999998965283523,0.999999076411379,0.9999989264160839,0.9999989297874609,0.9999989297874612,6.538969942889726e-11,0.9999989266796288,0.9999989297874609,0.9999989297874609,0.9999989297874609,0.9999989297874601,0.9999989297874592,0.9999989297874601,0.9999989297874617,9.261767208302266e-11,0.9999989297874609,0.9999989297874589,0.9999988734344776,0.9999989297874609,0.999998914639528,0.9999989297874601,0.9999989915284919,0.9999988734344779,0.9999989297874601,0.9999989297874601,0.9999989297874601,7.363680827499522e-11,0.9999989652835228,0.9999988782314029,0.9999989297874604,0.9999988734344778,0.9999989962867826,0.9999989297874604,7.039918918837034e-11,6.475330045295511e-11
1.000002570365192,0.9999989297874476,6.556346167089521e-11,0.9999989297874601,0.9999989297874609,6.542024395854109e-11,0.9999989297874589,6.714594730712568e-11,0.9999989297874591,0.9999989264160833,0.9999988734344776,0.9999989297874596,0.9999989266796276,0.9999989146395271,0.9999989297874594,0.9999989297874594,0.9999988734344764,0.9999989915284908,6.720102073289398e-11,0.999998873434476,0.9999989297874592,1.0000024925242157,0.9999990186234083,7.187152441498466e-11,0.9999989297874589,0.9999988734344764,0.9999989652835226,0.9999990764113771,0.9999989264160825,0.9999989297874594,0.9999989297874609,6.538969940433871e-11,0.999998926679628,0.9999989297874594,0.9999989297874594,0.9999989297874592,0.9999989297874589,0.9999989297874592,0.9999989297874589,0.9999989297874596,9.261767209675171e-11,0.9999989297874592,0.9999989297874583,0.9999988734344761,0.9999989297874594,0.9999989146395268,0.9999989297874586,0.9999989915284903,0.9999988734344764,0.9999989297874586,0.9999989297874589,0.9999989297874589,7.363680827499522e-11,0.9999989652835214,0.999998878231402,0.9999989297874589,0.999998873434476,0.9999989962867809,0.9999989297874592,7.039918922299903e-11,6.475330044982015e-11
1.000002659201212,0.9999990186233981,6.556346727666132e-11,0.9999990186234105,0.9999990186234105,6.54202496748193e-11,0.9999990186234086,1.336698234255307e-07,0.9999990186234089,0.9999990152520334,0.9999989622704224,0.9999990186234092,0.9999990155155788,0.9999990034754744,0.9999990186234095,0.9999990186234095,0.9999989622704214,0.999999080364446,1.3377946018342125e-07,0.9999989622704211,0.9999990186234098,0.9999990186234083,1.0000026701961202,1.4307719776915092e-07,0.9999990186234087,0.9999989622704228,0.9999990541194754,0.9999991652473412,0.9999990152520337,0.9999990186234095,0.9999990186234109,6.538970507277023e-11,0.9999990155155783,0.9999990186234095,0.9999990186234095,0.9999990186234098,0.9999990186234089,0.9999990186234083,0.9999990186234092,0.9999990186234092,1.843772915433742e-07,0.9999990186234098,0.9999990186234077,0.9999989622704216,0.9999990186234095,0.9999990034754741,0.9999990186234091,0.9999990803644455,0.9999989622704212,0.9999990186234091,0.9999990186234092,0.9999990186234092,7.363681440019225e-11,0.9999990541194744,0.9999989670673479,0.9999990186234092,0.9999989622704208,0.9999990851227374,0.9999990186234095,7.039919535603967e-11,6.475330605797094e-11
3.1728184222986173e-06,7.187152442783874e-11,9.56986864064466e-18,7.187152440961484e-11,7.187152440052333e-11,8.702273017931913e-18,7.187152440862342e-11,1.929294543745667e-14,7.187152441373693e-11,1.430771849410098e-07,7.187152045100487e-11,7.187152439302062e-11,7.187152420445268e-11,7.187152338425177e-11,7.18715243886481e-11,7.187152440975726e-11,7.187152043838765e-11,7.187152866776475e-11,1.9284052985678997e-14,7.187152043258264e-11,7.187152439182356e-11,7.187152441498466e-11,1.4307719776915092e-07,3.562737211030536e-06,7.18715244012726e-11,7.187152046761203e-11,1.4307719030108258e-07,7.18715346552568e-11,1.4307718494100975e-07,7.187152443132114e-11,7.187152441130698e-11,1.7945122041438368e-14,7.187152407211774e-11,7.187152442421668e-11,7.187152440132117e-11,7.187152440396357e-11,7.187152440106735e-11,7.18715243958452e-11,7.187152440476817e-11,7.187152440576061e-11,1.267400579534069e-17,7.187152439875232e-11,7.187152441650813e-11,7.187152045650289e-11,7.187152441207992e-11,7.187152337022486e-11,7.187152441254168e-11,7.187152867011148e-11,7.187152049767896e-11,7.187152441650813e-11,7.187152440726608e-11,7.187152441356189e-11,2.0905110813361258e-14,1.4307719030108268e-07,1.4307717821642313e-07,7.187152441631958e-11,7.18715204325062e-11,7.187152899048059e-11,7.1871524399479e-11,1.0149000434494133e-17,9.008810201998388e-18
1.0000025703651918,0.9999989297874483,6.556346169124628e-11,0.9999989297874604,0.9999989297874601,6.542024396268984e-11,0.9999989297874592,6.714594727508041e-11,0.9999989297874601,0.9999989264160812,0.9999988734344767,0.9999989297874604,0.999998926679628,0.9999989146395268,0.9999989297874596,0.9999989297874589,0.9999988734344754,0.9999989915284905,6.720102070876775e-11,0.9999988734344751,0.9999989297874601,0.9999989297874589,0.9999990186234087,7.18715244012726e-11,1.0000024925242197,0.9999988734344761,0.9999989652835224,0.9999990764113774,0.9999989264160822,0.9999989297874596,0.9999989297874601,6.538969936370194e-11,0.9999989266796276,0.9999989297874589,0.9999989297874589,0.9999989297874591,0.9999989297874589,0.9999989297874585,0.9999989297874589,0.9999989297874604,9.261767213518004e-11,0.9999989297874591,0.9999989297874576,0.9999988734344771,0.9999989297874589,0.9999989146395268,0.9999989297874589,0.9999989915284903,0.9999988734344755,0.9999989297874585,0.9999989297874589,0.999998929787458,7.363680824828455e-11,0.9999989652835214,0.9999988782314025,0.9999989297874592,0.9999988734344754,0.9999989962867821,0.9999989297874583,7.039918912204213e-11,6.475330040906584e-11
1.0000025140121676,0.9999988734344679,6.556345819491893e-11,0.9999988734344787,0.9999988734344779,6.542024013956933e-11,0.9999988734344774,6.714594374564707e-11,0.9999988734344779,0.9999988700631014,0.9999988170814992,0.9999988734344784,0.9999988703266464,0.9999988582865448,0.9999988734344776,0.9999988734344776,0.999998817081498,0.9999989351755056,6.720101707697587e-11,0.999998817081498,0.9999988734344784,0.9999988734344764,0.9999989622704228,7.187152046761203e-11,0.9999988734344761,1.0000023798182514,0.9999989089305384,0.9999990200583883,0.9999988700631017,0.9999988734344776,0.9999988734344776,6.538969570946036e-11,0.9999988703266478,0.9999988734344776,0.9999988734344776,0.9999988734344776,0.9999988734344761,0.9999988734344767,0.9999988734344771,0.9999988734344784,1.843772654317496e-07,0.9999988734344776,0.9999988734344764,0.9999988170814973,0.9999988734344776,0.9999988582865446,0.9999988734344771,0.9999989351755045,0.999998817081498,0.9999988734344771,0.9999988734344766,0.9999988734344766,7.363680421714523e-11,0.9999989089305381,0.9999988218784229,0.9999988734344779,0.999998817081498,0.9999989399337968,0.9999988734344767,7.039918527422331e-11,6.475329678492516e-11
1.0000026058612883,0.9999989652835122,6.556346403435108e-11,0.999998965283524,0.9999989652835247,6.542024639658478e-11,0.9999989652835234,6.714594962115333e-11,0.999998965283523,0.9999989619121472,0.9999989089305393,0.9999989652835238,0.9999989621756908,0.9999989501355886,0.9999989652835238,0.9999989652835238,0.9999989089305383,0.999999027024556,6.720102329335283e-11,0.9999989089305378,0.999998965283523,0.9999989652835226,0.9999990541194754,1.4307719030108258e-07,0.9999989652835224,0.9999989089305384,1.0000025635163414,0.9999991119074467,0.9999989619121465,0.9999989652835238,0.9999989652835242,6.538970164922835e-11,0.9999989621756924,0.9999989652835238,0.9999989652835238,0.9999989652835232,0.9999989652835224,0.9999989652835222,0.999998965283523,0.9999989652835238,1.8437728176468538e-07,0.9999989652835232,0.9999989652835222,0.9999989089305369,0.9999989652835238,0.9999989501355888,0.9999989652835234,0.999999027024556,0.9999989089305381,0.9999989652835234,0.999998965283523,0.9999989652835226,1.4659140331649674e-07,0.9999990007795865,0.999998913727464,0.999998965283523,0.9999989089305378,0.9999990317828474,0.9999989652835234,7.039919139267589e-11,6.47533030073355e-11
1.0000027169892325,0.9999990764113662,6.556347153546871e-11,0.999999076411379,0.9999990764113789,6.542025340168392e-11,0.9999990764113785,1.336698311717932e-07,0.9999990764113785,0.9999990730400025,0.9999990200583883,0.9999990764113782,0.9999990733035469,0.9999990612634441,0.9999990764113782,0.999999076411378,0.9999990200583883,0.9999991381524185,6.720103073267556e-11,0.9999990200583883,0.999999076411379,0.9999990764113771,0.9999991652473412,7.18715346552568e-11,0.9999990764113774,0.9999990200583883,0.9999991119074467,1.0000027857720624,0.9999990730400027,0.999999076411378,0.9999990764113795,1.3017360561862745e-07,0.9999990733035468,0.999999076411378,0.999999076411378,0.9999990764113774,0.9999990764113774,0.9999990764113778,0.9999990764113778,0.9999990764113782,9.261768518159587e-11,0.9999990764113774,0.9999990764113768,0.9999990200583879,0.999999076411378,0.9999990612634438,0.9999990764113776,0.9999991381524178,0.9999990200583883,0.9999990764113778,0.9999990764113778,0.9999990764113778,7.363681892410144e-11,0.999999111907446,0.9999990248553138,0.9999990764113785,0.9999990200583879,0.9999991429107095,0.999999076411379,1.401461748979988e-07,6.475331026126013e-11
1.0000025669938177,0.9999989264160721,6.556346157206959e-11,0.9999989264160845,0.9999989264160845,6.542024363622796e-11,0.9999989264160825,6.714594711044218e-11,0.9999989264160837,0.9999989230447075,0.9999988700631017,0.9999989264160841,0.9999989233082524,0.9999989112681524,0.9999989264160841,0.9999989264160837,0.9999988700631014,0.9999989881571141,6.72010205438271e-11,0.9999988700631014,0.9999989264160839,0.9999989264160825,0.9999990152520337,1.4307718494100975e-07,0.9999989264160822,0.9999988700631017,0.9999989619121465,0.9999990730400027,1.0000024857814696,0.9999989264160837,0.9999989264160845,6.538969914337094e-11,0.9999989233082524,0.9999989264160837,0.9999989264160837,0.9999989264160837,0.9999989264160822,0.9999989264160821,0.9999989264160829,0.9999989264160841,1.8437727489283226e-07,0.9999989264160837,0.9999989264160821,0.9999988700631014,0.9999989264160837,0.9999989112681521,0.9999989264160837,0.999998988157115,0.9999988700631017,0.9999989264160833,0.9999989264160827,0.9999989264160821,7.363680804919566e-11,0.9999989619121471,0.9999988748600259,0.9999989264160833,0.9999988700631017,0.9999989929154068,0.9999989264160829,7.039918888814913e-11,6.475330028980069e-11
1.0000025703651934,0.9999989297874489,6.556346166828245e-11,0.9999989297874612,0.9999989297874621,6.542024392588648e-11,0.9999989297874596,6.714594728684118e-11,0.9999989297874604,0.9999989264160845,0.9999988734344787,0.9999989297874609,0.9999989266796288,0.9999989146395278,0.9999989297874606,0.9999989297874606,0.9999988734344776,0.999998991528492,6.720102078426328e-11,0.9999988734344767,0.9999989297874609,0.9999989297874594,0.9999990186234095,7.187152443132114e-11,0.9999989297874596,0.9999988734344776,0.9999989652835238,0.999999076411378,0.9999989264160837,1.0000024925242206,0.9999989297874609,6.538969939424839e-11,0.9999989266796291,0.9999989297874606,0.9999989297874606,0.9999989297874604,0.9999989297874596,0.9999989297874594,0.9999989297874596,0.9999989297874609,9.261767203971173e-11,0.9999989297874604,0.9999989297874594,0.9999988734344776,0.9999989297874606,0.9999989146395274,0.9999989297874597,0.9999989915284917,0.9999988734344776,0.9999989297874597,0.9999989297874596,0.9999989297874592,7.363680827145538e-11,0.9999989652835232,0.9999988782314037,0.9999989297874596,0.9999988734344771,0.9999989962867826,0.9999989297874603,7.039918914186999e-11,6.475330044178802e-11
1.000002570365193,0.9999989297874492,6.556346166289876e-11,0.9999989297874617,0.9999989297874617,6.54202439355956e-11,0.9999989297874609,6.714594721883107e-11,0.9999989297874609,0.9999989264160837,0.9999988734344784,0.9999989297874612,0.9999989266796291,0.9999989146395285,0.9999989297874617,0.9999989297874609,0.9999988734344779,0.999998991528492,6.720102071889907e-11,0.9999988734344769,0.9999989297874612,0.9999989297874609,0.9999990186234109,7.187152441130698e-11,0.9999989297874601,0.9999988734344776,0.9999989652835242,0.9999990764113795,0.9999989264160845,0.9999989297874609,1.0000024925242204,6.53896994018012e-11,0.9999989266796295,0.9999989297874609,0.9999989297874609,0.9999989297874604,0.9999989297874601,0.9999989297874604,0.9999989297874604,0.9999989297874612,9.261767205744609e-11,0.9999989297874604,0.9999989297874596,0.9999988734344776,0.9999989297874609,0.999998914639528,0.9999989297874617,0.9999989915284917,0.9999988734344779,0.9999989297874604,0.9999989297874604,0.9999989297874596,7.363680820965612e-11,0.9999989652835234,0.9999988782314032,0.9999989297874612,0.9999988734344774,0.9999989962867821,0.9999989297874603,7.039918915458063e-11,6.475330040062737e-11
3.159914815590524e-06,6.538969940027546e-11,6.8852201077096324e-18,6.538969941581455e-11,6.538969942889726e-11,1.7087338755857315e-14,6.538969942085014e-11,1.6266852553385e-14,6.538969933850722e-11,6.538969910222937e-11,6.538969572178492e-11,6.538969938925326e-11,6.538969913866222e-11,6.538969825273965e-11,6.538969935687267e-11,6.538969934023725e-11,6.538969569332434e-11,6.53897034422236e-11,1.6392082592113544e-14,6.538969574335668e-11,6.538969942889726e-11,6.538969940433871e-11,6.538970507277023e-11,1.7945122041438368e-14,6.538969936370194e-11,6.538969570946036e-11,6.538970164922835e-11,1.3017360561862745e-07,6.538969914337094e-11,6.538969939424839e-11,6.53896994018012e-11,3.562737206397547e-06,6.538969912952737e-11,6.538969940437128e-11,6.538969940313365e-11,6.538969941321156e-11,6.538969938106914e-11,6.538969940242485e-11,6.538969935794176e-11,6.538969943995252e-11,1.164663657178442e-17,6.538969933244481e-11,6.538969935687267e-11,6.538969568586401e-11,6.538969936213969e-11,6.538969821231917e-11,6.538969938087115e-11,6.538970350335488e-11,6.538969572455303e-11,6.538969938911828e-11,6.538969938925326e-11,6.538969940997856e-11,1.830031905189904e-14,6.538970176547454e-11,1.301735802941418e-07,6.538969933850722e-11,6.538969580205731e-11,6.538970352102289e-11,6.538969941586727e-11,9.149592248679965e-18,1.63696608578205e-14
