1.000000003363969,2.6660406980619376e-06,2.638489617499981e-06,2.6660406960810596e-06,2.666040696496062e-06,0.9999990491582849,0.9999990491582879,0.9999990477561516,2.7707513302115017e-06,0.9999990491582841,0.9999990491582879,2.666040695851846e-06,0.9999990491582837,0.9999990477561518,0.9999990491582837,0.9999990494787252,2.666040695850138e-06,0.999999048750083,0.9999990477561518,2.683175035115462e-06,0.9999990491582809,0.9999990493361612,2.630564473494235e-06,0.9999990493361608,2.6316225007391225e-06,0.9999990477561543,0.9999990491582809,2.6423790544443784e-06,0.9999990491582879,0.9999990492280931,2.6431497107145463e-06,0.9999990486603287,0.9999990491582837,0.999999048750084
2.6660406980619376e-06,2.796976581195143e-06,3.9682677725032135e-17,8.646661990230538e-14,8.646661997845493e-14,1.5039287953759672e-10,1.503928795224051e-10,1.503928791145011e-10,5.90037779369328e-17,1.5039287946458757e-10,1.5039287960585544e-10,8.64666203408056e-14,1.5039287960370306e-10,1.5039287913063643e-10,1.5039287945585518e-10,1.5039287900227844e-10,8.646662032080988e-14,1.5039287874725918e-10,1.5039287912777324e-10,4.615472469451067e-17,1.5039287946458757e-10,2.9820153861092064e-07,3.868725877273201e-17,2.9820153861092074e-07,3.842629286854803e-17,1.5039287901697447e-10,1.503928795922122e-10,4.025904377218371e-17,1.5039287945585518e-10,2.982015373185085e-07,4.0611127116397744e-17,2.982015373252419e-07,1.5039287946458757e-10,1.503928787688888e-10
2.638489617499981e-06,3.9682677725032135e-17,2.796976567698167e-06,3.972134384209951e-17,3.9801992966231154e-17,1.36497973319092e-10,1.364979732858563e-10,1.3649797295770748e-10,1.0641307734552521e-13,1.3649797328910175e-10,1.3649797329577534e-10,3.9805762015785644e-17,1.3649797326593263e-10,1.3649797295770748e-10,1.364979732891939e-10,1.3649797281737e-10,3.9805762015785644e-17,1.3649797290482249e-10,1.3649797297548227e-10,8.305644373083269e-14,1.364979732709949e-10,1.3649797450672345e-10,3.5376965797202924e-17,1.364979743718338e-10,6.948333621129405e-14,1.364979730454159e-10,1.364979732847611e-10,7.2691143797877e-14,1.36497973319092e-10,2.706504832351199e-07,3.752008892501908e-17,2.7065048323050774e-07,1.3649797327198058e-10,1.3649797290482249e-10
2.6660406960810596e-06,8.646661990230538e-14,3.972134384209951e-17,2.796976581195143e-06,8.646661704765189e-14,1.5039287581607917e-10,1.5039287584599662e-10,1.503928754206447e-10,5.899050014024976e-17,1.503928757897e-10,1.503928758509249e-10,8.646661741000262e-14,1.5039287583674152e-10,1.5039287536765006e-10,1.5039287575991035e-10,1.503928752462268e-10,8.646661739000687e-14,1.503928750967673e-10,1.503928754206447e-10,4.6053385775950616e-17,1.503928758169433e-10,2.9820153125075246e-07,3.8264837071084156e-17,2.982015312507523e-07,3.836647710362799e-17,1.5039287540910843e-10,1.5039287583674152e-10,4.0394878621015694e-17,1.5039287583674152e-10,2.982015299583406e-07,4.075919360084276e-17,2.9820152996507376e-07,1.5039287584599662e-10,1.5039287508349263e-10
2.666040696496062e-06,8.646661997845493e-14,3.9801992966231154e-17,8.646661704765189e-14,2.796976581195143e-06,1.503928758423057e-10,1.503928757961354e-10,1.5039287530779687e-10,5.909927912909412e-17,1.503928758218137e-10,1.5039287584532016e-10,8.646661748615235e-14,1.5039287583894188e-10,1.5039287533614236e-10,1.5039287583155192e-10,1.5039287538197e-10,8.64666174661565e-14,1.50392875060134e-10,1.5039287534636508e-10,4.601871261377568e-17,1.5039287583894188e-10,2.9820153129980896e-07,3.8264837071084156e-17,2.982015312998093e-07,3.8403690576795175e-17,1.5039287534636508e-10,1.5039287583155192e-10,4.0348262617860876e-17,1.503928758195281e-10,2.9820153000739703e-07,4.0611188670808624e-17,2.982015300141307e-07,1.5039287583894188e-10,1.5039287508662493e-10
0.9999990491582849,1.5039287953759672e-10,1.36497973319092e-10,1.5039287581607917e-10,1.503928758423057e-10,0.9999989747848098,0.999996177808798,0.9999961764066531,2.0320186777977298e-10,0.999996177808798,0.9999961778087986,1.5039287650374686e-10,0.9999961778087986,0.9999961764066536,0.9999961778087986,0.9999961781292039,1.5039287642973105e-10,0.9999961774005639,0.9999961764066544,1.5903428103781552e-10,0.9999961778087982,0.9999961779867448,1.325010683786191e-10,0.9999961779867448,1.330346583740835e-10,0.9999961764066541,0.999996177808799,1.3845954566880271e-10,0.999996177808797,0.999996177878646,1.3884821218948383e-10,0.9999961773108843,0.9999961778087993,0.9999961774005633
0.9999990491582879,1.503928795224051e-10,1.364979732858563e-10,1.5039287584599662e-10,1.503928757961354e-10,0.999996177808798,0.9999989747848081,0.9999961764066544,2.0320186783999078e-10,0.999996177808798,0.9999961778087976,1.5039287652418478e-10,0.9999961778087988,0.9999961764066546,0.9999961778087988,0.9999961781292044,1.503928763900034e-10,0.9999961774005633,0.9999961764066534,1.5903428106375546e-10,0.9999961778087976,0.9999961779867456,1.3250106833704963e-10,0.9999961779867453,1.330346584367745e-10,0.9999961764066541,0.9999961778087986,1.384595456766987e-10,0.999996177808797,0.9999961778786471,1.3884821219310226e-10,0.9999961773108843,0.9999961778087993,0.9999961774005631
0.9999990477561516,1.503928791145011e-10,1.3649797295770748e-10,1.503928754206447e-10,1.5039287530779687e-10,0.9999961764066531,0.9999961764066544,0.9999989719805165,4.029120868342609e-07,0.9999961764066544,0.999996176406655,1.503928760481517e-10,0.999996176406655,0.9999961750045087,0.999996176406655,0.9999961767270608,1.503928759350308e-10,0.9999961759984202,0.9999961750045087,1.5903428082336672e-10,0.9999961764066534,0.9999961765846012,1.3250106793199725e-10,0.9999961765846017,1.3303465808724945e-10,0.9999961750045092,0.9999961764066546,1.3845954521152538e-10,0.9999961764066536,0.9999961764765024,1.3884821164907288e-10,0.9999961759087405,0.9999961764066554,0.99999617599842
2.7707513302115017e-06,5.90037779369328e-17,1.0641307734552521e-13,5.899050014024976e-17,5.909927912909412e-17,2.0320186777977298e-10,2.0320186783999078e-10,4.029120868342609e-07,2.796976652540906e-06,2.0320186778499074e-10,2.0320186783999078e-10,5.90472154769209e-17,2.032018677701349e-10,4.0291208683426075e-07,2.0320186783067933e-10,2.0320186707149886e-10,5.90045862645964e-17,4.0291208614905884e-07,4.0291208683426075e-07,1.2349862002367464e-13,2.0320186783999078e-10,2.0320186954094192e-10,5.2048752707623136e-17,2.0320186951240328e-10,1.0331756282201435e-13,4.0291208683426117e-07,2.0320186767856594e-10,5.360776506208465e-17,2.0320186780904662e-10,4.0291208989049183e-07,1.0842611300610933e-13,4.0291208989100646e-07,2.0320186792892647e-10,4.029120861490584e-07
0.9999990491582841,1.5039287946458757e-10,1.3649797328910175e-10,1.503928757897e-10,1.503928758218137e-10,0.999996177808798,0.999996177808798,0.9999961764066544,2.0320186778499074e-10,0.9999989747848128,0.9999961778087982,1.5039287655158287e-10,0.9999961778087991,0.9999961764066544,0.9999961778087991,0.9999961781292044,1.5039287648797004e-10,0.9999961774005637,0.9999961764066534,1.5903428106739842e-10,0.999996177808798,0.9999961779867456,1.3250106833020159e-10,0.9999961779867456,1.3303465843776357e-10,0.9999961764066546,0.9999961778087983,1.3845954557877468e-10,0.9999961778087975,0.9999961778786474,1.388482122009866e-10,0.9999961773108851,0.9999961778087996,0.9999961774005631
0.9999990491582879,1.5039287960585544e-10,1.3649797329577534e-10,1.503928758509249e-10,1.5039287584532016e-10,0.9999961778087986,0.9999961778087976,0.999996176406655,2.0320186783999078e-10,0.9999961778087982,0.9999989747848149,1.5039287643837604e-10,0.9999961778087999,0.9999961764066541,0.9999961778087999,0.9999961781292052,1.5039287644050916e-10,0.9999961774005645,0.9999961764066536,1.5903428102022328e-10,0.9999961778087986,0.9999961779867456,1.325010682901184e-10,0.9999961779867456,1.330346584367745e-10,0.999996176406655,0.9999961778087986,1.3845954572207227e-10,0.9999961778087982,0.9999961778786476,1.388482121895556e-10,0.9999961773108853,0.9999961778088001,0.9999961774005651
2.666040695851846e-06,8.64666203408056e-14,3.9805762015785644e-17,8.646661741000262e-14,8.646661748615235e-14,1.5039287650374686e-10,1.5039287652418478e-10,1.503928760481517e-10,5.90472154769209e-17,1.5039287655158287e-10,1.5039287643837604e-10,2.796976581195143e-06,1.5039287640131297e-10,1.5039287602656309e-10,1.5039287645922758e-10,1.5039287590734154e-10,8.646661782850734e-14,1.503928756654017e-10,1.5039287602656309e-10,4.608753258141277e-17,1.5039287643484437e-10,2.9820153251366154e-07,3.8687258772732e-17,2.9820153251366186e-07,3.843618838883583e-17,1.5039287602774184e-10,1.5039287655158287e-10,4.0324503000834265e-17,1.5039287646464585e-10,2.982015312212497e-07,4.0759193600842685e-17,2.9820153122798326e-07,1.5039287641289748e-10,1.5039287578806675e-10
0.9999990491582837,1.5039287960370306e-10,1.3649797326593263e-10,1.5039287583674152e-10,1.5039287583894188e-10,0.9999961778087986,0.9999961778087988,0.999996176406655,2.032018677701349e-10,0.9999961778087991,0.9999961778087999,1.5039287640131297e-10,0.9999989747848129,0.9999961764066546,0.9999961778088006,0.9999961781292049,1.5039287643363624e-10,0.9999961774005651,0.9999961764066552,1.590342810983292e-10,0.9999961778087996,0.9999961779867456,1.3250106837062626e-10,0.9999961779867456,1.3303465841585034e-10,0.9999961764066546,0.9999961778087999,1.3845954567724895e-10,0.9999961778087993,0.9999961778786479,1.3884821220090937e-10,0.9999961773108856,0.9999961778088001,0.9999961774005647
0.9999990477561518,1.5039287913063643e-10,1.3649797295770748e-10,1.5039287536765006e-10,1.5039287533614236e-10,0.9999961764066536,0.9999961764066546,0.9999961750045087,4.0291208683426075e-07,0.9999961764066544,0.9999961764066541,1.5039287602656309e-10,0.9999961764066546,0.9999989719805161,0.9999961764066546,0.99999617672706,1.5039287594395504e-10,0.99999617599842,0.9999961750045083,1.5903428082336672e-10,0.9999961764066548,0.9999961765846016,1.325010679665024e-10,0.9999961765846019,1.3303465808724945e-10,0.9999961750045091,0.9999961764066552,1.3845954524173735e-10,0.9999961764066534,0.9999961764765027,1.3884821189127468e-10,0.9999961759087399,0.999996176406655,0.9999961759984197
0.9999990491582837,1.5039287945585518e-10,1.364979732891939e-10,1.5039287575991035e-10,1.5039287583155192e-10,0.9999961778087986,0.9999961778087988,0.999996176406655,2.0320186783067933e-10,0.9999961778087991,0.9999961778087999,1.5039287645922758e-10,0.9999961778088006,0.9999961764066546,0.9999989747848129,0.9999961781292049,1.5039287639210663e-10,0.9999961774005651,0.999996176406655,1.5903428104857388e-10,0.9999961778087996,0.9999961779867456,1.325010683786191e-10,0.9999961779867456,1.3303465843396265e-10,0.9999961764066546,0.9999961778087999,1.3845954569533427e-10,0.9999961778087993,0.9999961778786479,1.3884821220413157e-10,0.9999961773108856,0.9999961778088001,0.9999961774005645
0.9999990494787252,1.5039287900227844e-10,1.3649797281737e-10,1.503928752462268e-10,1.5039287538197e-10,0.9999961781292039,0.9999961781292044,0.9999961767270608,2.0320186707149886e-10,0.9999961781292044,0.9999961781292052,1.5039287590734154e-10,0.9999961781292049,0.99999617672706,0.9999961781292049,0.9999989754256098,1.5039287588420672e-10,0.9999961777209703,0.9999961767270598,3.153358506927777e-07,0.9999961781292044,0.9999961783071529,1.3250106805442975e-10,0.999996178307153,1.330346576338917e-10,0.99999617672706,0.9999961781292049,1.3845954507817536e-10,0.9999961781292038,0.9999961781990533,1.3884821150335507e-10,0.9999961776312932,0.9999961781292063,0.9999961777209697
2.666040695850138e-06,8.646662032080988e-14,3.9805762015785644e-17,8.646661739000687e-14,8.64666174661565e-14,1.5039287642973105e-10,1.503928763900034e-10,1.503928759350308e-10,5.90045862645964e-17,1.5039287648797004e-10,1.5039287644050916e-10,8.646661782850734e-14,1.5039287643363624e-10,1.5039287594395504e-10,1.5039287639210663e-10,1.5039287588420672e-10,2.796976581195143e-06,1.5039287569310055e-10,1.503928758766647e-10,4.6079162699455096e-17,1.5039287646988138e-10,2.982015323863954e-07,3.886847732398672e-17,2.982015323863955e-07,3.845820324755422e-17,1.503928759049997e-10,1.5039287646988138e-10,4.036179090754053e-17,1.503928763900034e-10,2.982015310939832e-07,4.0648331394845034e-17,2.9820153110071683e-07,1.503928764780579e-10,1.5039287562718354e-10
0.999999048750083,1.5039287874725918e-10,1.3649797290482249e-10,1.503928750967673e-10,1.50392875060134e-10,0.9999961774005639,0.9999961774005633,0.9999961759984202,4.0291208614905884e-07,0.9999961774005637,0.9999961774005645,1.503928756654017e-10,0.9999961774005651,0.99999617599842,0.9999961774005651,0.9999961777209703,1.5039287569310055e-10,0.9999989739683295,0.9999961759984197,3.1533585050131e-07,0.9999961774005639,0.9999961775785122,1.3250106764161056e-10,0.9999961775785122,1.3303465767425252e-10,0.9999961759984205,0.9999961774005649,1.3845954514728338e-10,0.9999961774005639,0.999996177470414,1.3884821129435462e-10,0.9999961769026517,0.9999961774005652,0.9999961769923297
0.9999990477561518,1.5039287912777324e-10,1.3649797297548227e-10,1.503928754206447e-10,1.5039287534636508e-10,0.9999961764066544,0.9999961764066534,0.9999961750045087,4.0291208683426075e-07,0.9999961764066534,0.9999961764066536,1.5039287602656309e-10,0.9999961764066552,0.9999961750045083,0.999996176406655,0.9999961767270598,1.503928758766647e-10,0.9999961759984197,0.9999989719805162,1.5903428090368446e-10,0.9999961764066544,0.9999961765846006,1.3250106795024475e-10,0.9999961765846014,1.3303465788792757e-10,0.9999961750045092,0.9999961764066552,1.3845954516618084e-10,0.9999961764066531,0.9999961764765019,1.3884821187394855e-10,0.9999961759087399,0.9999961764066546,0.9999961759984197
2.683175035115462e-06,4.615472469451067e-17,8.305644373083269e-14,4.6053385775950616e-17,4.601871261377568e-17,1.5903428103781552e-10,1.5903428106375546e-10,1.5903428082336672e-10,1.2349862002367464e-13,1.5903428106739842e-10,1.5903428102022328e-10,4.608753258141277e-17,1.590342810983292e-10,1.5903428082336672e-10,1.5903428104857388e-10,3.153358506927777e-07,4.6079162699455096e-17,3.1533585050131e-07,1.5903428090368446e-10,2.796976589076298e-06,1.5903428104857388e-10,1.5903428260205508e-10,8.090095699726437e-14,1.5903428261111343e-10,8.062088267141939e-14,1.5903428082336672e-10,1.5903428101317407e-10,8.442598599363309e-14,1.5903428112727223e-10,3.1533585366602456e-07,8.466126180514806e-14,3.153358536819506e-07,1.5903428102022328e-10,3.153358505013101e-07
0.9999990491582809,1.5039287946458757e-10,1.364979732709949e-10,1.503928758169433e-10,1.5039287583894188e-10,0.9999961778087982,0.9999961778087976,0.9999961764066534,2.0320186783999078e-10,0.999996177808798,0.9999961778087986,1.5039287643484437e-10,0.9999961778087996,0.9999961764066548,0.9999961778087996,0.9999961781292044,1.5039287646988138e-10,0.9999961774005639,0.9999961764066544,1.5903428104857388e-10,0.9999989747848134,0.9999961779867451,1.3250106834350823e-10,0.999996177986745,1.3303465844153523e-10,0.9999961764066546,0.9999961778087996,1.3845954568448492e-10,0.999996177808798,0.9999961778786469,1.3884821219065036e-10,0.9999961773108846,0.999996177808799,0.9999961774005636
0.9999990493361612,2.9820153861092064e-07,1.3649797450672345e-10,2.9820153125075246e-07,2.9820153129980896e-07,0.9999961779867448,0.9999961779867456,0.9999961765846012,2.0320186954094192e-10,0.9999961779867456,0.9999961779867456,2.9820153251366154e-07,0.9999961779867456,0.9999961765846016,0.9999961779867456,0.9999961783071529,2.982015323863954e-07,0.9999961775785122,0.9999961765846006,1.5903428260205508e-10,0.9999961779867451,0.9999989751407224,1.3250106933959341e-10,0.999996178164691,1.3303465978192728e-10,0.9999961765846017,0.9999961779867453,1.384595467459528e-10,0.9999961779867442,0.999996178056592,1.3884821324548326e-10,0.9999961774888305,0.9999961779867459,0.999996177578513
2.630564473494235e-06,3.868725877273201e-17,3.5376965797202924e-17,3.8264837071084156e-17,3.8264837071084156e-17,1.325010683786191e-10,1.3250106833704963e-10,1.3250106793199725e-10,5.2048752707623136e-17,1.3250106833020159e-10,1.325010682901184e-10,3.8687258772732e-17,1.3250106837062626e-10,1.325010679665024e-10,1.325010683786191e-10,1.3250106805442975e-10,3.886847732398672e-17,1.3250106764161056e-10,1.3250106795024475e-10,8.090095699726437e-14,1.3250106834350823e-10,1.3250106933959341e-10,2.796976564755158e-06,1.325010692810074e-10,6.76798856053041e-14,1.3250106794129047e-10,1.3250106827192617e-10,3.5160067261570194e-17,1.3250106833704963e-10,1.3250106883835076e-10,3.5552476768544956e-17,2.627253530535853e-07,1.3250106832649654e-10,1.3250106739110382e-10
0.9999990493361608,2.9820153861092074e-07,1.364979743718338e-10,2.982015312507523e-07,2.982015312998093e-07,0.9999961779867448,0.9999961779867453,0.9999961765846017,2.0320186951240328e-10,0.9999961779867456,0.9999961779867456,2.9820153251366186e-07,0.9999961779867456,0.9999961765846019,0.9999961779867456,0.999996178307153,2.982015323863955e-07,0.9999961775785122,0.9999961765846014,1.5903428261111343e-10,0.999996177986745,0.999996178164691,1.325010692810074e-10,0.9999989751407236,1.3303465978191428e-10,0.9999961765846022,0.9999961779867458,1.3845954673131513e-10,0.9999961779867448,0.9999961780565929,1.3884821337391083e-10,0.9999961774888305,0.9999961779867461,0.9999961775785132
2.6316225007391225e-06,3.842629286854803e-17,6.948333621129405e-14,3.836647710362799e-17,3.8403690576795175e-17,1.330346583740835e-10,1.330346584367745e-10,1.3303465808724945e-10,1.0331756282201435e-13,1.3303465843776357e-10,1.330346584367745e-10,3.843618838883583e-17,1.3303465841585034e-10,1.3303465808724945e-10,1.3303465843396265e-10,1.330346576338917e-10,3.845820324755422e-17,1.3303465767425252e-10,1.3303465788792757e-10,8.062088267141939e-14,1.3303465844153523e-10,1.3303465978192728e-10,6.76798856053041e-14,1.3303465978191428e-10,2.7969765619476614e-06,1.3303465796203455e-10,1.3303465843776357e-10,7.062860151487121e-14,1.33034658440922e-10,2.637833635459546e-07,7.082630890343767e-14,2.6378336355884817e-07,1.330346584192528e-10,1.3303465821792153e-10
0.9999990477561543,1.5039287901697447e-10,1.364979730454159e-10,1.5039287540910843e-10,1.5039287534636508e-10,0.9999961764066541,0.9999961764066541,0.9999961750045092,4.0291208683426117e-07,0.9999961764066546,0.999996176406655,1.5039287602774184e-10,0.9999961764066546,0.9999961750045091,0.9999961764066546,0.99999617672706,1.503928759049997e-10,0.9999961759984205,0.9999961750045092,1.5903428082336672e-10,0.9999961764066546,0.9999961765846017,1.3250106794129047e-10,0.9999961765846022,1.3303465796203455e-10,0.9999989719805188,0.9999961764066548,1.3845954519398566e-10,0.9999961764066536,0.9999961764765027,1.3884821164219356e-10,0.9999961759087407,0.999996176406655,0.9999961759984202
0.9999990491582809,1.503928795922122e-10,1.364979732847611e-10,1.5039287583674152e-10,1.5039287583155192e-10,0.999996177808799,0.9999961778087986,0.9999961764066546,2.0320186767856594e-10,0.9999961778087983,0.9999961778087986,1.5039287655158287e-10,0.9999961778087999,0.9999961764066552,0.9999961778087999,0.9999961781292049,1.5039287646988138e-10,0.9999961774005649,0.9999961764066552,1.5903428101317407e-10,0.9999961778087996,0.9999961779867453,1.3250106827192617e-10,0.9999961779867458,1.3303465843776357e-10,0.9999961764066548,0.9999989747848118,1.3845954568531474e-10,0.9999961778087986,0.9999961778786481,1.3884821218795438e-10,0.9999961773108853,0.9999961778087993,0.9999961774005641
2.6423790544443784e-06,4.025904377218371e-17,7.2691143797877e-14,4.0394878621015694e-17,4.0348262617860876e-17,1.3845954566880271e-10,1.384595456766987e-10,1.3845954521152538e-10,5.360776506208465e-17,1.3845954557877468e-10,1.3845954572207227e-10,4.0324503000834265e-17,1.3845954567724895e-10,1.3845954524173735e-10,1.3845954569533427e-10,1.3845954507817536e-10,4.036179090754053e-17,1.3845954514728338e-10,1.3845954516618084e-10,8.442598599363309e-14,1.3845954568448492e-10,1.384595467459528e-10,3.5160067261570194e-17,1.3845954673131513e-10,7.062860151487121e-14,1.3845954519398566e-10,1.3845954568531474e-10,2.796976568662537e-06,1.3845954569659363e-10,2.7453992215395856e-07,3.649854596478938e-17,2.745399221398751e-07,1.3845954558292575e-10,1.3845954498716598e-10
0.9999990491582879,1.5039287945585518e-10,1.36497973319092e-10,1.5039287583674152e-10,1.503928758195281e-10,0.999996177808797,0.999996177808797,0.9999961764066536,2.0320186780904662e-10,0.9999961778087975,0.9999961778087982,1.5039287646464585e-10,0.9999961778087993,0.9999961764066534,0.9999961778087993,0.9999961781292038,1.503928763900034e-10,0.9999961774005639,0.9999961764066531,1.5903428112727223e-10,0.999996177808798,0.9999961779867442,1.3250106833704963e-10,0.9999961779867448,1.33034658440922e-10,0.9999961764066536,0.9999961778087986,1.3845954569659363e-10,0.9999989747848136,0.9999961778786474,1.3884821219809796e-10,0.9999961773108843,0.9999961778087991,0.9999961774005636
0.9999990492280931,2.982015373185085e-07,2.706504832351199e-07,2.982015299583406e-07,2.9820153000739703e-07,0.999996177878646,0.9999961778786471,0.9999961764765024,4.0291208989049183e-07,0.9999961778786474,0.9999961778786476,2.982015312212497e-07,0.9999961778786479,0.9999961764765027,0.9999961778786479,0.9999961781990533,2.982015310939832e-07,0.999996177470414,0.9999961764765019,3.1533585366602456e-07,0.9999961778786469,0.999996178056592,1.3250106883835076e-10,0.9999961780565929,2.637833635459546e-07,0.9999961764765027,0.9999961778786481,2.7453992215395856e-07,0.9999961778786474,0.9999989749245193,2.7531057681961705e-07,0.9999961773807324,0.9999961778786481,0.9999961774704138
2.6431497107145463e-06,4.0611127116397744e-17,3.752008892501908e-17,4.075919360084276e-17,4.0611188670808624e-17,1.3884821218948383e-10,1.3884821219310226e-10,1.3884821164907288e-10,1.0842611300610933e-13,1.388482122009866e-10,1.388482121895556e-10,4.0759193600842685e-17,1.3884821220090937e-10,1.3884821189127468e-10,1.3884821220413157e-10,1.3884821150335507e-10,4.0648331394845034e-17,1.3884821129435462e-10,1.3884821187394855e-10,8.466126180514806e-14,1.3884821219065036e-10,1.3884821324548326e-10,3.5552476768544956e-17,1.3884821337391083e-10,7.082630890343767e-14,1.3884821164219356e-10,1.3884821218795438e-10,3.649854596478938e-17,1.3884821219809796e-10,2.7531057681961705e-07,2.7969765713291916e-06,2.7531057680501023e-07,1.3884821219737912e-10,1.3884821129435462e-10
0.9999990486603287,2.982015373252419e-07,2.7065048323050774e-07,2.9820152996507376e-07,2.982015300141307e-07,0.9999961773108843,0.9999961773108843,0.9999961759087405,4.0291208989100646e-07,0.9999961773108851,0.9999961773108853,2.9820153122798326e-07,0.9999961773108856,0.9999961759087399,0.9999961773108856,0.9999961776312932,2.9820153110071683e-07,0.9999961769026517,0.9999961759087399,3.153358536819506e-07,0.9999961773108846,0.9999961774888305,2.627253530535853e-07,0.9999961774888305,2.6378336355884817e-07,0.9999961759087407,0.9999961773108853,2.745399221398751e-07,0.9999961773108843,0.9999961773807324,2.7531057680501023e-07,0.9999989737889966,0.9999961773108861,0.999996176902652
0.9999990491582837,1.5039287946458757e-10,1.3649797327198058e-10,1.5039287584599662e-10,1.5039287583894188e-10,0.9999961778087993,0.9999961778087993,0.9999961764066554,2.0320186792892647e-10,0.9999961778087996,0.9999961778088001,1.5039287641289748e-10,0.9999961778088001,0.999996176406655,0.9999961778088001,0.9999961781292063,1.503928764780579e-10,0.9999961774005652,0.9999961764066546,1.5903428102022328e-10,0.999996177808799,0.9999961779867459,1.3250106832649654e-10,0.9999961779867461,1.330346584192528e-10,0.999996176406655,0.9999961778087993,1.3845954558292575e-10,0.9999961778087991,0.9999961778786481,1.3884821219737912e-10,0.9999961773108861,0.9999989747848144,0.9999961774005651
0.999999048750084,1.503928787688888e-10,1.3649797290482249e-10,1.5039287508349263e-10,1.5039287508662493e-10,0.9999961774005633,0.9999961774005631,0.99999617599842,4.029120861490584e-07,0.9999961774005631,0.9999961774005651,1.5039287578806675e-10,0.9999961774005647,0.9999961759984197,0.9999961774005645,0.9999961777209697,1.5039287562718354e-10,0.9999961769923297,0.9999961759984197,3.153358505013101e-07,0.9999961774005636,0.999996177578513,1.3250106739110382e-10,0.9999961775785132,1.3303465821792153e-10,0.9999961759984202,0.9999961774005641,1.3845954498716598e-10,0.9999961774005636,0.9999961774704138,1.3884821129435462e-10,0.999996176902652,0.9999961774005651,0.9999989739683272
