1.0000000006026548,-2.7443459746763527e-06,-2.7628632088523517e-06,1.0000073332332475,1.0000073246786934,1.0000073990458533,-2.7371552003115056e-06,-2.7836669574617147e-06,-2.737155197223729e-06,-2.783485231535348e-06,-2.783666955676471e-06,-2.7533438253474457e-06,1.0000076737185222,1.000007673718524,1.0000076737185213,-2.7372012335223643e-06,1.0000076737185286,-2.743921552704292e-06,1.0000077122225675,1.0000076737185253,1.0000076737185242,1.000007673718524,1.0000076737185242,-2.7472503301477026e-06,1.0000076737185255,-2.746478084464842e-06,-2.745210606850393e-06,-2.7371551978706324e-06,-2.7836669565180717e-06,-2.7447774126938968e-06,1.0000074099031218,-2.7836669556825703e-06,-2.744777409512225e-06,1.0000076737185235,-2.7830911964290738e-06,1.0000076737185233,1.000007673718528,-2.7645560156872325e-06,-2.7536954018440363e-06,-2.783375563223591e-06,1.0000076737185273,-2.7429882283749145e-06,-2.738611768077736e-06,-2.738611768001869e-06,-2.7400358557379645e-06,1.0000076737185235,1.000007673718526,-2.7371551977569233e-06,-2.745902973652278e-06,-2.7337673963530195e-06,-2.7834852312762352e-06,-2.7386117679921415e-06,-2.756524318285781e-06,-2.7828744240961815e-06,-2.7454079988487643e-06,-2.7386117666616844e-06,-2.7434837561843093e-06,-2.7629847570858e-06
-2.7443459746763527e-06,-3.0813875563090137e-06,4.752197110808752e-17,-1.519502338853097e-10,-1.519502325148221e-10,-3.0241340915343165e-07,4.390797545085981e-17,5.0829975895318445e-17,4.419499279317676e-17,5.0782370622379165e-17,5.074491991060906e-17,9.234219659803932e-14,-1.5195028746926907e-10,-1.5195028737562806e-10,-1.5195028748025638e-10,8.760824190431965e-14,-1.51950287371214e-10,4.5025543348564046e-17,-1.5195029342763605e-10,-1.519502874523078e-10,-1.5195028737562806e-10,-1.5195028737562806e-10,-1.519502874523078e-10,4.5750050964603074e-17,-1.5195028743680523e-10,4.5195216007960537e-17,9.01609553227528e-14,4.381517740247115e-17,5.063406224027674e-17,4.519308255983169e-17,-1.5195024593674633e-10,5.074491991060906e-17,4.512414240556321e-17,-1.5195028737562806e-10,5.068984019853694e-17,-1.5195028743680523e-10,-1.519502874523078e-10,4.7571618027775877e-17,4.575056739881405e-17,5.071110494209901e-17,-1.51950287371214e-10,4.486547420078339e-17,4.4231033380627336e-17,4.418973827942956e-17,4.476954198043186e-17,-1.51950287371214e-10,-1.5195028743680523e-10,4.419499279317676e-17,4.5470466162957536e-17,4.363579424896252e-17,5.0782370622379165e-17,4.4231033380627336e-17,4.693974299715986e-17,5.048754261153343e-17,4.52181406516851e-17,4.4231033380627336e-17,4.465102143864797e-17,4.7805188197592125e-17
-2.7628632088523517e-06,4.752197110808752e-17,-3.0813875452179677e-06,-1.6125439062867652e-10,-1.612543892404645e-10,-3.2093066780090934e-07,4.62861361390832e-17,5.403741864511316e-17,4.6286136128821926e-17,5.3993418729695975e-17,5.400492113568258e-17,4.947954424977056e-17,-1.6125444752816537e-10,-1.6125444747238478e-10,-1.6125444735784007e-10,4.6190916710642587e-17,-1.612544474129687e-10,4.766364465197487e-17,-1.612544539534014e-10,-1.6125444744668927e-10,-1.6125444753264212e-10,-1.6125444743978324e-10,-1.6125444752816537e-10,4.811106550987858e-17,-1.6125444744668927e-10,4.824316277726619e-17,4.815528739851873e-17,4.6286136128821926e-17,5.400492113568258e-17,4.811099263286038e-17,-3.209306713914117e-07,5.400492113568258e-17,4.829403888144565e-17,-1.612544474129687e-10,5.389935807359961e-17,-1.612544474129687e-10,-1.6125444744668927e-10,1.0137033092917167e-13,9.814974741310089e-14,5.3852293014830363e-17,-1.6125444752816537e-10,4.7642758141228673e-17,4.7213564938672875e-17,4.7213564938672875e-17,4.694372580414753e-17,-1.6125444752816537e-10,-1.612544474129687e-10,4.6286136128821926e-17,4.8272774617187816e-17,4.6235870553543005e-17,5.3993416657190103e-17,4.681629324607095e-17,9.911593692903866e-14,5.3741953233105275e-17,4.8114572582327986e-17,4.7213564938672875e-17,4.750558109522704e-17,5.0629434822836157e-17
1.0000073332332475,-1.519502338853097e-10,-1.6125439062867652e-10,1.00000765539935,1.000010728232001,1.0000108025991976,-1.4833716616213265e-10,-3.4173444119844674e-07,-1.483371662698445e-10,-3.4155271229812783e-07,-3.4173444199456115e-07,-1.564712930533815e-10,1.0000110772719961,1.0000110772719963,1.0000110772719957,-1.4836029728397506e-10,1.0000110772719963,-1.5173697855923573e-10,1.000011115776058,1.0000110772719977,1.0000110772719963,1.0000110772719957,1.0000110772719963,-1.5340955344112284e-10,1.0000110772719977,-1.5302153033074253e-10,-1.5238467502574368e-10,-1.483371658216863e-10,-3.417344415858586e-07,-1.5216701374322191e-10,1.0000108134564698,-3.4173444213841693e-07,-1.5216701314741752e-10,1.0000110772719963,-3.411586815121934e-07,1.0000110772719957,1.0000110772719977,-1.6210496707528136e-10,-1.5664794426685418e-10,-3.414430483485296e-07,1.000011077271997,-1.51268022135199e-10,-1.4906903086008268e-10,-1.4906903186441061e-10,-1.49784577351064e-10,1.0000110772719957,1.0000110772719975,-1.4833716588806965e-10,-1.5273256172421045e-10,-1.4663493422038419e-10,-3.4155271236148373e-07,-1.490690321616549e-10,-1.580693592329013e-10,-3.409419075275037e-07,-1.524838577467215e-10,-1.4906903167190558e-10,-1.5151700348309526e-10,-3.2105219329243537e-07
1.0000073246786934,-1.519502325148221e-10,-1.612543892404645e-10,1.000010728232001,1.000007638290233,1.0000107940446388,-1.4833716489811039e-10,-3.4173443814803027e-07,-1.4833716502027535e-10,-3.4155270924907773e-07,-3.4173443894414483e-07,-1.5647129168373602e-10,1.0000110687174368,1.0000110687174366,1.0000110687174355,-1.483602958925361e-10,1.0000110687174364,-1.5173697719699838e-10,1.0000111072214957,1.0000110687174366,1.0000110687174375,1.0000110687174355,1.0000110687174375,-1.5340955209962418e-10,1.000011068717437,-1.5302152899439004e-10,-1.5238467367037524e-10,-1.4833716457000206e-10,-3.417344385354423e-07,-1.521670123832039e-10,1.000010804901911,-3.417344390880002e-07,-1.5216701172760057e-10,1.0000110687174366,-3.411586784661695e-07,1.0000110687174346,1.000011068717437,-1.6210496562257573e-10,-1.5664794284790933e-10,-3.4144304530032204e-07,1.0000110687174368,-1.512680208310102e-10,-1.4906902956519632e-10,-1.4906903052331463e-10,-1.497845759720976e-10,1.000011068717436,1.0000110687174375,-1.4833716456144516e-10,-1.5273256036498422e-10,-1.4663493287930283e-10,-3.415527093124339e-07,-1.4906903080483896e-10,-1.5806935783116004e-10,-3.409419044831157e-07,-1.5248385643342284e-10,-1.490690303369035e-10,-1.515170020918997e-10,-1.6131546174554683e-10
1.0000073990458533,-3.0241340915343165e-07,-3.2093066780090934e-07,1.0000108025991976,1.0000107940446388,1.000007787024634,-2.9522263282473595e-07,-3.417344647124618e-07,-2.952226330210398e-07,-3.415527358017017e-07,-3.417344655085763e-07,-3.1141128196141e-07,1.0000111430846557,1.0000111430846574,1.000011143084657,-2.95268668582394e-07,1.0000111430846557,-3.0198898554078124e-07,1.0000111815887196,1.0000111430846568,1.0000111430846574,1.0000111430846557,1.0000111430846574,-3.0531776684571097e-07,1.0000111430846563,-3.045455179855085e-07,-3.0327803993300926e-07,-2.9522263219681465e-07,-3.417344650998732e-07,-3.028448473826479e-07,1.000010879269114,-3.4173446565243134e-07,-3.02844846154451e-07,1.0000111430846554,-3.411587049926135e-07,1.000011143084657,1.0000111430846568,-3.2262349584963184e-07,-3.1176285557055707e-07,-3.414430718456537e-07,1.000011143084657,-3.0105566206955126e-07,-2.9667919985443076e-07,-2.9667920179427163e-07,-2.981032900578897e-07,1.0000111430846546,1.0000111430846577,-2.952226321492677e-07,-3.0397040867769427e-07,-2.918348276012515e-07,-3.415527358650566e-07,-2.9667920239723913e-07,-3.1459177501629696e-07,-3.409419309954203e-07,-3.0347543470131805e-07,-2.966792014033767e-07,-3.0155118821120133e-07,-3.210522151983878e-07
-2.7371552003115056e-06,4.390797545085981e-17,4.62861361390832e-17,-1.4833716616213265e-10,-1.4833716489811039e-10,-2.9522263282473595e-07,-3.081387562493866e-06,4.948679689424629e-17,8.529518339008156e-14,4.9327914522796756e-17,4.9456861827956044e-17,4.522284518456857e-17,-1.4833721864666668e-10,-1.4833721863241986e-10,-1.483372186466668e-10,4.2942217738907526e-17,-1.4833721878691226e-10,4.35841683907385e-17,-1.4833722456388525e-10,-1.4833721865603848e-10,-1.4833721865603848e-10,-1.4833721867417196e-10,-1.4833721863241986e-10,4.455014770541426e-17,-1.4833721863241986e-10,4.420675181295442e-17,4.395708621156122e-17,8.529518314062019e-14,4.946098390485861e-17,4.3958328620112575e-17,-1.4833717798832855e-10,4.9461152144318977e-17,4.3948229644548517e-17,-1.4833721865603848e-10,4.9292502254755114e-17,-1.4833721863241986e-10,-1.4833721864587525e-10,4.661282033738598e-17,4.5145060844857605e-17,4.9323602595095966e-17,-1.4833721864912374e-10,4.377539951915582e-17,4.312809876211513e-17,4.3102444003251e-17,4.3355693295002295e-17,-1.4833721863241986e-10,-1.483372186466668e-10,8.529518310115506e-14,4.440161932295011e-17,8.427511935941092e-14,4.944054558107103e-17,4.3102444003251e-17,4.571005700714577e-17,4.937872620269335e-17,4.3939295008255746e-17,4.312809876211513e-17,4.3750226368226514e-17,4.649983796730079e-17
-2.7836669574617147e-06,5.0829975895318445e-17,5.403741864511316e-17,-3.4173444119844674e-07,-3.4173443814803027e-07,-3.417344647124618e-07,4.948679689424629e-17,-3.0813875349931886e-06,4.9402111224601453e-17,1.1353387316366159e-13,1.1360143930148179e-13,5.200924223098493e-17,-1.7170749972138106e-10,-1.7170749972138106e-10,-1.7170749972138106e-10,4.960086978148969e-17,-1.7170749969565712e-10,5.074087940557678e-17,-1.7170750658891609e-10,-1.717074996526108e-10,-1.7170749974005498e-10,-1.7170749970322983e-10,-1.717074996526108e-10,5.117154360741942e-17,-1.7170749966843574e-10,5.1237928983357516e-17,5.108357102924183e-17,4.949046476569446e-17,1.136014391595104e-13,5.0711439028494624e-17,-3.417344685622721e-07,1.1360143937796644e-13,5.0711439028494624e-17,-1.717074996624278e-10,1.1338915227972453e-13,-1.7170749969565712e-10,-1.717074996526108e-10,5.3878032208252185e-17,5.224849285590009e-17,1.1349361161416822e-13,-1.7170749972138106e-10,5.050030567381241e-17,4.974158535241573e-17,4.972386244713856e-17,5.006820094654363e-17,-1.7170749969506754e-10,-1.7170749969565712e-10,4.9461152144318977e-17,5.0973253501497394e-17,4.894151540293048e-17,1.1353387315601571e-13,4.961091344873586e-17,5.2710095263490296e-17,1.1330872339052306e-13,5.081771796822586e-17,4.956778560850626e-17,5.073270020656381e-17,5.388915171148366e-17
-2.737155197223729e-06,4.419499279317676e-17,4.6286136128821926e-17,-1.483371662698445e-10,-1.4833716502027535e-10,-2.952226330210398e-07,8.529518339008156e-14,4.9402111224601453e-17,-3.081387562493866e-06,4.9522720851059665e-17,4.9461152144318977e-17,4.5063701267893934e-17,-1.4833721878141613e-10,-1.4833721879460946e-10,-1.4833721882950565e-10,4.2788995416112803e-17,-1.4833721877289072e-10,4.35681350418786e-17,-1.4833722469346198e-10,-1.4833721883353515e-10,-1.4833721882950565e-10,-1.4833721878141613e-10,-1.4833721878141613e-10,4.428165487364761e-17,-1.4833721882950565e-10,4.420675181295442e-17,4.4139088695690056e-17,8.529518321643352e-14,4.950010317233452e-17,4.3948229644548517e-17,-1.4833717809575214e-10,4.944341365361405e-17,4.4146636621297466e-17,-1.4833721883353515e-10,4.9292502254755114e-17,-1.4833721878141613e-10,-1.4833721882950565e-10,4.668580566465229e-17,4.504167204908722e-17,4.9309507748475096e-17,-1.4833721878141613e-10,4.377539951940445e-17,4.299342382529345e-17,4.299342382529345e-17,4.3583337512435364e-17,-1.4833721882950565e-10,-1.4833721879220513e-10,8.529518317696819e-14,4.4653331517233195e-17,8.427511943439717e-14,4.944054558107103e-17,4.299342382529345e-17,4.560395889917312e-17,4.9378724318050266e-17,4.387715093088204e-17,4.3102444003251e-17,4.388661596304592e-17,4.690835093548077e-17
-2.783485231535348e-06,5.0782370622379165e-17,5.3993418729695975e-17,-3.4155271229812783e-07,-3.4155270924907773e-07,-3.415527358017017e-07,4.9327914522796756e-17,1.1353387316366159e-13,4.9522720851059665e-17,-3.0813875346492704e-06,1.1353387344087909e-13,5.201951025273825e-17,-1.7161618847022986e-10,-1.7161618840379292e-10,-1.7161618847022986e-10,4.961228258760817e-17,-1.7161618836816749e-10,5.067106560482315e-17,-1.7161619529141532e-10,-1.7161618847022986e-10,-1.7161618850056129e-10,-1.7161618838403547e-10,-1.7161618838395172e-10,5.127591459091412e-17,-1.7161618847022986e-10,5.1108563525384996e-17,5.0801482997764543e-17,4.9326433613882704e-17,1.1353387329888685e-13,5.083464169146382e-17,-3.4155273964974465e-07,1.135338735173461e-13,5.078557915044315e-17,-1.7161618838395172e-10,1.13321667826094e-13,-1.7161618840379292e-10,-1.7161618850056129e-10,5.3976644321927895e-17,5.225837584338626e-17,1.1342608635119686e-13,-1.7161618838395172e-10,5.042005519175928e-17,4.9820992649032935e-17,4.982099264117176e-17,4.989534460938139e-17,-1.7161618847022986e-10,-1.7161618847022986e-10,4.93619168422145e-17,5.0921924597820686e-17,9.721256139227418e-14,1.1346633211817929e-13,4.9686124626192117e-17,5.2683197618499866e-17,1.1324126880522137e-13,5.119869517213872e-17,4.978374114424609e-17,5.0647427367698013e-17,5.398067673747145e-17
-2.783666955676471e-06,5.074491991060906e-17,5.400492113568258e-17,-3.4173444199456115e-07,-3.4173443894414483e-07,-3.417344655085763e-07,4.9456861827956044e-17,1.1360143930148179e-13,4.9461152144318977e-17,1.1353387344087909e-13,-3.0813875349931886e-06,5.21904920559128e-17,-1.7170750008194017e-10,-1.7170750012109187e-10,-1.7170750019084434e-10,4.949354748593453e-17,-1.7170750018182053e-10,5.067283405487031e-17,-1.7170750698100593e-10,-1.7170750019084434e-10,-1.7170750011094702e-10,-1.717075001555895e-10,-1.7170750012966167e-10,5.117154360741942e-17,-1.7170750019084434e-10,5.1160278058986894e-17,5.1161415791537264e-17,4.9451197295666316e-17,1.136014394365954e-13,5.07729545705875e-17,-3.417344693583862e-07,1.1360143965505146e-13,5.0777252287143755e-17,-1.7170750019084434e-10,1.1338915255716107e-13,-1.71707500141697e-10,-1.717075001858781e-10,5.4012985734295545e-17,5.219017780671014e-17,1.134936118914466e-13,-1.717075001177612e-10,5.0749614789953304e-17,4.966844047493265e-17,4.9812846174139913e-17,4.9811204643361834e-17,-1.7170750015829908e-10,-1.7170750012109187e-10,4.9439040022805946e-17,5.0920967705161405e-17,4.87521728409322e-17,1.1353387343323349e-13,4.956778560850626e-17,5.2742575355856535e-17,1.1330872366811167e-13,5.1017247800781974e-17,4.974158535241573e-17,5.073270020656381e-17,5.3941574579748307e-17
-2.7533438253474457e-06,9.234219659803932e-14,4.947954424977056e-17,-1.564712930533815e-10,-1.5647129168373602e-10,-3.1141128196141e-07,4.522284518456857e-17,5.200924223098493e-17,4.5063701267893934e-17,5.201951025273825e-17,5.21904920559128e-17,-3.0813875530307163e-06,-1.5647134838261863e-10,-1.564713484622736e-10,-1.5647134840830786e-10,8.999357007594804e-14,-1.564713485357334e-10,4.6482745311169837e-17,-1.564713547113324e-10,-1.564713483794303e-10,-1.564713483794303e-10,-1.5647134840830786e-10,-1.5647134842724314e-10,9.330264053449889e-14,-1.5647134838735328e-10,9.305109913308152e-14,9.263701015035216e-14,4.5063701267893934e-17,5.2164711176493573e-17,4.635220115030738e-17,-3.114112854580064e-07,5.2164711176493573e-17,4.635220115030738e-17,-1.564713483794303e-10,5.205477564444997e-17,-1.5647134842724314e-10,-1.564713483794303e-10,9.806645940089339e-14,9.497522397581997e-14,5.2120264028974754e-17,-1.564713485078793e-10,4.6194983565554954e-17,4.53607113282711e-17,4.540952867912659e-17,9.091822292502091e-14,-1.564713484622736e-10,-1.564713485078793e-10,4.527356336295877e-17,4.675295829315295e-17,4.482693107362981e-17,5.218385695065512e-17,4.53607113282711e-17,4.83852315288355e-17,5.2209327184470084e-17,4.642524702073849e-17,4.5379906024717856e-17,9.208760144318208e-14,4.937334647517235e-17
1.0000076737185222,-1.5195028746926907e-10,-1.6125444752816537e-10,1.0000110772719961,1.0000110687174368,1.0000111430846557,-1.4833721864666668e-10,-1.7170749972138106e-10,-1.4833721878141613e-10,-1.7161618847022986e-10,-1.7170750008194017e-10,-1.5647134838261863e-10,1.0000083363703638,1.0000114177575454,1.0000114177575454,-1.4836034973161722e-10,1.0000114177575454,-1.5173703211123938e-10,1.000011456261618,1.0000114177575459,1.000011417757546,1.000011417757544,1.0000114177575463,-1.5340960745348497e-10,1.0000114177575457,-1.530215840826871e-10,-1.5238472884895463e-10,-1.4833721838649335e-10,-1.7170749983414827e-10,-1.5216706733214284e-10,1.000011153941932,-1.7170750028662628e-10,-1.521670667701358e-10,1.000011417757545,-1.7141820429170556e-10,1.0000114177575445,1.0000114177575465,-1.6210502465183072e-10,-1.566479997058782e-10,-1.7156108684538016e-10,1.0000114177575452,-1.5126807536600686e-10,-1.490690835215011e-10,-1.4906908449065453e-10,-1.4978463020561952e-10,1.0000114177575445,1.0000114177575465,-1.4833721836662884e-10,-1.5273261539326711e-10,-1.4663498611444218e-10,-1.7161618843556366e-10,-1.4906908484340953e-10,-1.5806941512856117e-10,-1.713092842044718e-10,-1.5248391151418078e-10,-1.490690842426388e-10,-1.5151705688331706e-10,-1.6131552003559256e-10
1.000007673718524,-1.5195028737562806e-10,-1.6125444747238478e-10,1.0000110772719963,1.0000110687174366,1.0000111430846574,-1.4833721863241986e-10,-1.7170749972138106e-10,-1.4833721879460946e-10,-1.7161618840379292e-10,-1.7170750012109187e-10,-1.564713484622736e-10,1.0000114177575454,1.000008336370367,1.0000114177575445,-1.4836034963967834e-10,1.0000114177575454,-1.5173703217622985e-10,1.000011456261618,1.0000114177575457,1.000011417757546,1.0000114177575448,1.000011417757546,-1.5340960737646332e-10,1.000011417757546,-1.530215842395428e-10,-1.523847287561835e-10,-1.4833721847111737e-10,-1.7170749990480048e-10,-1.5216706734070165e-10,1.0000111539419334,-1.7170750014672785e-10,-1.521670667717345e-10,1.0000114177575457,-1.7141820429170556e-10,1.0000114177575445,1.0000114177575454,-1.6210502463351844e-10,-1.566479997058782e-10,-1.7156108684764916e-10,1.0000114177575457,-1.5126807548743462e-10,-1.4906908347429492e-10,-1.4906908459331052e-10,-1.4978463022226397e-10,1.0000114177575448,1.0000114177575463,-1.4833721836662884e-10,-1.5273261534599883e-10,-1.4663498610549028e-10,-1.7161618852135953e-10,-1.4906908483848595e-10,-1.58069415122678e-10,-1.7130928423402023e-10,-1.524839115097973e-10,-1.490690843515409e-10,-1.5151705688885064e-10,-1.61315520097999e-10
1.0000076737185213,-1.5195028748025638e-10,-1.6125444735784007e-10,1.0000110772719957,1.0000110687174355,1.000011143084657,-1.483372186466668e-10,-1.7170749972138106e-10,-1.4833721882950565e-10,-1.7161618847022986e-10,-1.7170750019084434e-10,-1.5647134840830786e-10,1.0000114177575454,1.0000114177575445,1.0000083363703673,-1.483603496769395e-10,1.0000114177575454,-1.5173703211957473e-10,1.0000114562616185,1.000011417757546,1.0000114177575454,1.0000114177575437,1.0000114177575454,-1.5340960743991288e-10,1.000011417757546,-1.530215840826871e-10,-1.5238472875004828e-10,-1.4833721831707165e-10,-1.7170750000301737e-10,-1.5216706741480427e-10,1.0000111539419336,-1.7170750014672785e-10,-1.521670667717345e-10,1.000011417757546,-1.7141820419090839e-10,1.0000114177575457,1.0000114177575465,-1.6210502463351844e-10,-1.5664799969349554e-10,-1.715610868624993e-10,1.000011417757546,-1.5126807540410285e-10,-1.4906908349884458e-10,-1.4906908459331052e-10,-1.497846302509353e-10,1.0000114177575452,1.0000114177575459,-1.4833721832759923e-10,-1.5273261546188906e-10,-1.4663498610549028e-10,-1.7161618839592937e-10,-1.490690848288867e-10,-1.58069415122678e-10,-1.7130928413893047e-10,-1.5248391153484016e-10,-1.490690843515409e-10,-1.5151705688885064e-10,-1.61315520097999e-10
-2.7372012335223643e-06,8.760824190431965e-14,4.6190916710642587e-17,-1.4836029728397506e-10,-1.483602958925361e-10,-2.95268668582394e-07,4.2942217738907526e-17,4.960086978148969e-17,4.2788995416112803e-17,4.961228258760817e-17,4.949354748593453e-17,8.999357007594804e-14,-1.4836034973161722e-10,-1.4836034963967834e-10,-1.483603496769395e-10,-3.0813875601079586e-06,-1.4836034966033157e-10,4.3731295006621827e-17,-1.4836035565992588e-10,-1.483603496769395e-10,-1.4836034963121737e-10,-1.4836034967519724e-10,-1.48360349662223e-10,4.51536316489695e-17,-1.483603496704689e-10,8.827926663642047e-14,4.4538679991005484e-17,4.3021708112405695e-17,4.955314063049005e-17,4.432124588933812e-17,-1.4836030913014307e-10,4.949224957701937e-17,4.414920488233452e-17,-1.483603496704689e-10,4.940542532710509e-17,-1.483603496704689e-10,-1.4836034973161722e-10,9.305090816655894e-14,9.011217373012475e-14,4.950300963560728e-17,-1.483603496553829e-10,8.720346545979464e-14,4.317960106096372e-17,4.317960106096372e-17,4.3107089490578507e-17,-1.4836034962793682e-10,-1.483603496553829e-10,4.2842722767257483e-17,4.4425687720090376e-17,4.2283996408556156e-17,4.952917560040953e-17,4.296749497767689e-17,9.100613741970744e-14,4.945063706105339e-17,4.427492366870672e-17,4.3073309367476577e-17,8.736646579941729e-14,4.716380245232041e-17
1.0000076737185286,-1.51950287371214e-10,-1.612544474129687e-10,1.0000110772719963,1.0000110687174364,1.0000111430846557,-1.4833721878691226e-10,-1.7170749969565712e-10,-1.4833721877289072e-10,-1.7161618836816749e-10,-1.7170750018182053e-10,-1.564713485357334e-10,1.0000114177575454,1.0000114177575454,1.0000114177575454,-1.4836034966033157e-10,1.000008336370367,-1.5173703217622985e-10,1.0000114562616178,1.0000114177575454,1.0000114177575457,1.0000114177575437,1.0000114177575457,-1.5340960737646332e-10,1.0000114177575454,-1.530215842395428e-10,-1.5238472875140698e-10,-1.4833721847111737e-10,-1.7170749983414827e-10,-1.5216706733214284e-10,1.0000111539419336,-1.71707500226852e-10,-1.5216706683320014e-10,1.000011417757545,-1.7141820416595183e-10,1.0000114177575445,1.0000114177575463,-1.6210502465183072e-10,-1.5664799969349554e-10,-1.715610868624993e-10,1.0000114177575457,-1.5126807533226058e-10,-1.4906908347412794e-10,-1.4906908459331052e-10,-1.497846302942605e-10,1.0000114177575439,1.0000114177575454,-1.4833721835402742e-10,-1.5273261546188906e-10,-1.4663498611444218e-10,-1.71616188403885e-10,-1.4906908475655115e-10,-1.5806941516001918e-10,-1.7130928423402023e-10,-1.5248391145714443e-10,-1.490690843456317e-10,-1.5151705685571218e-10,-1.61315520097999e-10
-2.743921552704292e-06,4.5025543348564046e-17,4.766364465197487e-17,-1.5173697855923573e-10,-1.5173697719699838e-10,-3.0198898554078124e-07,4.35841683907385e-17,5.074087940557678e-17,4.35681350418786e-17,5.067106560482315e-17,5.067283405487031e-17,4.6482745311169837e-17,-1.5173703211123938e-10,-1.5173703217622985e-10,-1.5173703211957473e-10,4.3731295006621827e-17,-1.5173703217622985e-10,-3.0813875580850864e-06,-1.517370379469763e-10,-1.5173703213037212e-10,-1.5173703215589747e-10,-1.5173703211123938e-10,-1.5173703213037212e-10,4.5318210518108045e-17,-1.5173703215589747e-10,4.491287098182217e-17,4.553645641496229e-17,4.35841683907385e-17,5.0938461401376024e-17,4.521147263921925e-17,-1.5173699063715313e-10,5.0811606646143465e-17,4.479548578389937e-17,-1.5173703211957473e-10,5.0669665278765273e-17,-1.5173703213037212e-10,-1.517370321058676e-10,9.534084821377906e-14,4.634442343684041e-17,5.062988567263756e-17,-1.5173703215589747e-10,4.493451021244063e-17,4.410253898082147e-17,4.400520120470258e-17,4.4598068213503965e-17,-1.5173703211957473e-10,-1.517370320077979e-10,4.3964330128769957e-17,9.023501679763008e-14,4.328590600924103e-17,5.067106560482315e-17,4.410253898082147e-17,4.634547174646357e-17,5.0678916142255303e-17,9.007091783234332e-14,4.410253898082147e-17,4.502432970422421e-17,4.717899553505803e-17
1.0000077122225675,-1.5195029342763605e-10,-1.612544539534014e-10,1.000011115776058,1.0000111072214957,1.0000111815887196,-1.4833722456388525e-10,-1.7170750658891609e-10,-1.4833722469346198e-10,-1.7161619529141532e-10,-1.7170750698100593e-10,-1.564713547113324e-10,1.000011456261618,1.000011456261618,1.0000114562616185,-1.4836035565992588e-10,1.0000114562616178,-1.517370379469763e-10,1.0000084133785172,1.0000114562616194,1.0000114562616196,1.0000114562616176,1.0000114562616196,-1.5340961354855485e-10,1.0000114562616185,-1.5302159034458887e-10,-1.5238473484269782e-10,-1.4833722434200302e-10,-1.7170750691187606e-10,-1.521670734332365e-10,1.0000111924459967,-1.7170750703820068e-10,-1.5216707278966078e-10,1.0000114562616185,-1.7141821112447956e-10,1.000011456261617,1.0000114562616194,-3.2262360109336114e-07,-1.566480058868065e-10,-1.7156109371891046e-10,1.0000114562616191,-1.5126808155258987e-10,-1.4906908959228517e-10,-1.4906909057102197e-10,-1.4978463618539107e-10,1.0000114562616178,1.0000114562616198,-1.483372243233421e-10,-1.5273262143150278e-10,-1.466349918689501e-10,-1.7161619550187295e-10,-1.4906909076577304e-10,-1.5806942141140756e-10,-1.7130929118785146e-10,-1.5248391777033772e-10,-1.4906909048370393e-10,-1.5151706294183307e-10,-1.613155264372407e-10
1.0000076737185253,-1.519502874523078e-10,-1.6125444744668927e-10,1.0000110772719977,1.0000110687174366,1.0000111430846568,-1.4833721865603848e-10,-1.717074996526108e-10,-1.4833721883353515e-10,-1.7161618847022986e-10,-1.7170750019084434e-10,-1.564713483794303e-10,1.0000114177575459,1.0000114177575457,1.000011417757546,-1.483603496769395e-10,1.0000114177575454,-1.5173703213037212e-10,1.0000114562616194,1.0000083363703667,1.0000114177575457,1.0000114177575457,1.0000114177575457,-1.5340960740764484e-10,1.0000114177575468,-1.5302158417381077e-10,-1.5238472875356873e-10,-1.4833721835340587e-10,-1.7170749990480048e-10,-1.5216706741480427e-10,1.0000111539419336,-1.7170750019727715e-10,-1.521670667717345e-10,1.0000114177575454,-1.714182042142054e-10,1.0000114177575452,1.0000114177575459,-1.621050246755595e-10,-1.5664799969349554e-10,-1.7156108684764916e-10,1.0000114177575465,-1.5126807540410285e-10,-1.4906908346621065e-10,-1.490690844688452e-10,-1.497846302509353e-10,1.0000114177575457,1.0000114177575465,-1.4833721839543414e-10,-1.5273261534599883e-10,-1.4663498609804095e-10,-1.716161884709094e-10,-1.4906908471021254e-10,-1.5806941512856117e-10,-1.7130928409265705e-10,-1.5248391151418078e-10,-1.4906908429475777e-10,-1.515170568803641e-10,-1.613155200699525e-10
1.0000076737185242,-1.5195028737562806e-10,-1.6125444753264212e-10,1.0000110772719963,1.0000110687174375,1.0000111430846574,-1.4833721865603848e-10,-1.7170749974005498e-10,-1.4833721882950565e-10,-1.7161618850056129e-10,-1.7170750011094702e-10,-1.564713483794303e-10,1.000011417757546,1.000011417757546,1.0000114177575454,-1.4836034963121737e-10,1.0000114177575457,-1.5173703215589747e-10,1.0000114562616196,1.0000114177575457,1.0000083363703653,1.0000114177575452,1.0000114177575465,-1.5340960739294143e-10,1.000011417757547,-1.5302158417381077e-10,-1.5238472875356873e-10,-1.4833721835340587e-10,-1.7170749990480048e-10,-1.5216706743969023e-10,1.0000111539419332,-1.7170750019727715e-10,-1.5216706683320014e-10,1.0000114177575472,-1.7141820429170556e-10,1.0000114177575445,1.000011417757546,-1.6210502467965685e-10,-1.5664799969349554e-10,-1.7156108684764916e-10,1.0000114177575457,-1.5126807540410285e-10,-1.4906908347429492e-10,-1.4906908459331052e-10,-1.497846302509353e-10,1.0000114177575454,1.0000114177575472,-1.4833721832759923e-10,-1.5273261546188906e-10,-1.4663498611199644e-10,-1.7161618843556366e-10,-1.4906908480333896e-10,-1.5806941507601292e-10,-1.713092842044718e-10,-1.5248391153484016e-10,-1.4906908425742775e-10,-1.5151705692025398e-10,-1.6131552003559256e-10
1.000007673718524,-1.5195028737562806e-10,-1.6125444743978324e-10,1.0000110772719957,1.0000110687174355,1.0000111430846557,-1.4833721867417196e-10,-1.7170749970322983e-10,-1.4833721878141613e-10,-1.7161618838403547e-10,-1.717075001555895e-10,-1.5647134840830786e-10,1.000011417757544,1.0000114177575448,1.0000114177575437,-1.4836034967519724e-10,1.0000114177575437,-1.5173703211123938e-10,1.0000114562616176,1.0000114177575457,1.0000114177575452,1.0000083363703685,1.0000114177575454,-1.5340960739894386e-10,1.0000114177575454,-1.5302158427931753e-10,-1.5238472875004828e-10,-1.4833721838422706e-10,-1.7170749990232597e-10,-1.5216706731091602e-10,1.0000111539419325,-1.71707500226852e-10,-1.52167066840585e-10,1.0000114177575445,-1.714182042142054e-10,1.0000114177575439,1.000011417757545,-1.62105024649221e-10,-1.5664799969802614e-10,-1.7156108683673312e-10,1.000011417757545,-1.5126807538104198e-10,-1.490690835215011e-10,-1.4906908449065453e-10,-1.4978463026479106e-10,1.0000114177575437,1.0000114177575452,-1.4833721835402742e-10,-1.5273261539326711e-10,-1.4663498611444218e-10,-1.71616188403885e-10,-1.4906908484340953e-10,-1.5806941514924394e-10,-1.7130928421525982e-10,-1.5248391153484016e-10,-1.4906908430537078e-10,-1.5151705688885064e-10,-1.61315520097999e-10
1.0000076737185242,-1.519502874523078e-10,-1.6125444752816537e-10,1.0000110772719963,1.0000110687174375,1.0000111430846574,-1.4833721863241986e-10,-1.717074996526108e-10,-1.4833721878141613e-10,-1.7161618838395172e-10,-1.7170750012966167e-10,-1.5647134842724314e-10,1.0000114177575463,1.000011417757546,1.0000114177575454,-1.48360349662223e-10,1.0000114177575457,-1.5173703213037212e-10,1.0000114562616196,1.0000114177575457,1.0000114177575465,1.0000114177575454,1.0000083363703656,-1.5340960743475517e-10,1.0000114177575472,-1.5302158414770857e-10,-1.523847287324483e-10,-1.4833721847111737e-10,-1.7170749990480048e-10,-1.5216706745080792e-10,1.0000111539419334,-1.7170750016418747e-10,-1.5216706687816014e-10,1.000011417757547,-1.7141820419090839e-10,1.0000114177575448,1.000011417757546,-1.62105024649221e-10,-1.5664799969349554e-10,-1.715610868624993e-10,1.0000114177575459,-1.5126807548743462e-10,-1.4906908347429492e-10,-1.4906908459331052e-10,-1.4978463019773706e-10,1.0000114177575454,1.0000114177575472,-1.4833721835402742e-10,-1.5273261554851718e-10,-1.4663498618722335e-10,-1.7161618853222403e-10,-1.4906908484340953e-10,-1.5806941516001918e-10,-1.7130928421525982e-10,-1.5248391153484016e-10,-1.4906908437311067e-10,-1.515170569345523e-10,-1.61315520097999e-10
-2.7472503301477026e-06,4.5750050964603074e-17,4.811106550987858e-17,-1.5340955344112284e-10,-1.5340955209962418e-10,-3.0531776684571097e-07,4.455014770541426e-17,5.117154360741942e-17,4.428165487364761e-17,5.127591459091412e-17,5.117154360741942e-17,9.330264053449889e-14,-1.5340960745348497e-10,-1.5340960737646332e-10,-1.5340960743991288e-10,4.51536316489695e-17,-1.5340960737646332e-10,4.5318210518108045e-17,-1.5340961354855485e-10,-1.5340960740764484e-10,-1.5340960739294143e-10,-1.5340960739894386e-10,-1.5340960743475517e-10,-3.081387552988852e-06,-1.5340960739894386e-10,4.6520525930840245e-17,4.575149630094682e-17,4.455014770541426e-17,5.1307038664597067e-17,4.56218800162786e-17,-1.5340956559608643e-10,5.1171543607419376e-17,4.56218800162786e-17,-1.5340960739894386e-10,5.1359294384411846e-17,-1.5340960745939494e-10,-1.5340960738509815e-10,4.843291469314699e-17,4.681181075432855e-17,5.123534511943913e-17,-1.534096073647829e-10,4.55946649779519e-17,4.4813187040380874e-17,4.4813187040380874e-17,4.483416807883128e-17,-1.5340960741137222e-10,-1.5340960745348497e-10,4.428165487364761e-17,4.556086017202555e-17,4.4140834864040425e-17,5.1233896251329616e-17,4.465594689211253e-17,4.754563827865355e-17,5.132694394845874e-17,4.567823371437039e-17,4.461677436358519e-17,4.555899714707089e-17,4.86512378273428e-17
1.0000076737185255,-1.5195028743680523e-10,-1.6125444744668927e-10,1.0000110772719977,1.000011068717437,1.0000111430846563,-1.4833721863241986e-10,-1.7170749966843574e-10,-1.4833721882950565e-10,-1.7161618847022986e-10,-1.7170750019084434e-10,-1.5647134838735328e-10,1.0000114177575457,1.000011417757546,1.000011417757546,-1.483603496704689e-10,1.0000114177575454,-1.5173703215589747e-10,1.0000114562616185,1.0000114177575468,1.000011417757547,1.0000114177575454,1.0000114177575472,-1.5340960739894386e-10,1.000008336370367,-1.5302158419760628e-10,-1.5238472875004828e-10,-1.4833721840909164e-10,-1.7170749990232597e-10,-1.5216706739227818e-10,1.0000111539419339,-1.7170750021851043e-10,-1.5216706691388923e-10,1.000011417757546,-1.714182042142054e-10,1.0000114177575454,1.0000114177575476,-1.6210502465183072e-10,-1.5664799969372876e-10,-1.7156108680688048e-10,1.000011417757546,-1.5126807542220642e-10,-1.4906908351489127e-10,-1.4906908442577395e-10,-1.4978463019687495e-10,1.0000114177575445,1.0000114177575465,-1.4833721835376037e-10,-1.5273261539326711e-10,-1.4663498609462355e-10,-1.7161618844618197e-10,-1.4906908474721026e-10,-1.5806941510896787e-10,-1.713092841138909e-10,-1.524839115021236e-10,-1.490690843515409e-10,-1.5151705699890676e-10,-1.613155200542101e-10
-2.746478084464842e-06,4.5195216007960537e-17,4.824316277726619e-17,-1.5302153033074253e-10,-1.5302152899439004e-10,-3.045455179855085e-07,4.420675181295442e-17,5.1237928983357516e-17,4.420675181295442e-17,5.1108563525384996e-17,5.1160278058986894e-17,9.305109913308152e-14,-1.530215840826871e-10,-1.530215842395428e-10,-1.530215840826871e-10,8.827926663642047e-14,-1.530215842395428e-10,4.491287098182217e-17,-1.5302159034458887e-10,-1.5302158417381077e-10,-1.5302158417381077e-10,-1.5302158427931753e-10,-1.5302158414770857e-10,4.6520525930840245e-17,-1.5302158419760628e-10,-3.081387556632198e-06,4.5832352660724036e-17,4.420675181295442e-17,5.1133864463440206e-17,4.5514178961519584e-17,-1.5302154250126093e-10,5.1237928983357516e-17,4.5514178961519584e-17,-1.530215842395428e-10,5.110222105357263e-17,-1.5302158417381077e-10,-1.530215840826871e-10,4.837768123365733e-17,4.72377059104633e-17,5.1015822209687466e-17,-1.5302158417381077e-10,4.5393639235194176e-17,4.488241129468318e-17,4.488241129443817e-17,4.4928478456615234e-17,-1.5302158414770857e-10,-1.5302158418699665e-10,4.427127774228123e-17,4.5741704007148804e-17,4.396880546949243e-17,5.125965700777935e-17,4.488241129468318e-17,4.709337021595284e-17,5.0987672373419845e-17,4.5345447417140417e-17,4.4630046989182595e-17,4.6030837479597995e-17,4.815758026759842e-17
-2.745210606850393e-06,9.01609553227528e-14,4.815528739851873e-17,-1.5238467502574368e-10,-1.5238467367037524e-10,-3.0327803993300926e-07,4.395708621156122e-17,5.108357102924183e-17,4.4139088695690056e-17,5.0801482997764543e-17,5.1161415791537264e-17,9.263701015035216e-14,-1.5238472884895463e-10,-1.523847287561835e-10,-1.5238472875004828e-10,4.4538679991005484e-17,-1.5238472875140698e-10,4.553645641496229e-17,-1.5238473484269782e-10,-1.5238472875356873e-10,-1.5238472875356873e-10,-1.5238472875004828e-10,-1.523847287324483e-10,4.575149630094682e-17,-1.5238472875004828e-10,4.5832352660724036e-17,-3.081387556687969e-06,4.3946946093100625e-17,5.108678589162303e-17,4.533484482596328e-17,-1.5238468713308335e-10,5.108357102924183e-17,4.533484482596328e-17,-1.5238472875140698e-10,5.08889704691005e-17,-1.5238472875140698e-10,-1.523847288181496e-10,9.580172021710067e-14,4.649180007198066e-17,5.099315345454624e-17,-1.5238472875356873e-10,4.4815178833397857e-17,4.4447229001726877e-17,4.4339111114158395e-17,4.466690657988356e-17,-1.5238472875140698e-10,-1.5238472875356873e-10,4.387838959565186e-17,4.591790750794536e-17,4.36764419622454e-17,5.0870739745823036e-17,4.4339111114158395e-17,4.670366026651833e-17,5.068674714946149e-17,4.552082377117356e-17,4.447597944286345e-17,4.511326388846991e-17,4.8158857251680724e-17
-2.7371551978706324e-06,4.381517740247115e-17,4.6286136128821926e-17,-1.483371658216863e-10,-1.4833716457000206e-10,-2.9522263219681465e-07,8.529518314062019e-14,4.949046476569446e-17,8.529518321643352e-14,4.9326433613882704e-17,4.9451197295666316e-17,4.5063701267893934e-17,-1.4833721838649335e-10,-1.4833721847111737e-10,-1.4833721831707165e-10,4.3021708112405695e-17,-1.4833721847111737e-10,4.35841683907385e-17,-1.4833722434200302e-10,-1.4833721835340587e-10,-1.4833721835340587e-10,-1.4833721838422706e-10,-1.4833721847111737e-10,4.455014770541426e-17,-1.4833721840909164e-10,4.420675181295442e-17,4.3946946093100625e-17,-3.081387562493866e-06,4.946098390485861e-17,4.416819483469763e-17,-1.4833717771757768e-10,4.9476806206453424e-17,4.40566534247916e-17,-1.4833721841741779e-10,4.9355820778495375e-17,-1.483372183442802e-10,-1.4833721835340587e-10,4.66530667580279e-17,4.524505772323129e-17,4.9309507748475096e-17,-1.483372183442802e-10,4.3777078727555935e-17,4.319066829407733e-17,4.3023147161218496e-17,4.3583337512435364e-17,-1.4833721847111737e-10,-1.4833721837222625e-10,8.529518292750692e-14,4.4366492724032914e-17,8.427511918455301e-14,4.944054558107103e-17,4.299342382529345e-17,4.567062540647584e-17,4.952194609886108e-17,4.3939295008255746e-17,4.299342382529345e-17,4.388661596304592e-17,4.6457765245043625e-17
-2.7836669565180717e-06,5.063406224027674e-17,5.400492113568258e-17,-3.417344415858586e-07,-3.417344385354423e-07,-3.417344650998732e-07,4.946098390485861e-17,1.136014391595104e-13,4.950010317233452e-17,1.1353387329888685e-13,1.136014394365954e-13,5.2164711176493573e-17,-1.7170749983414827e-10,-1.7170749990480048e-10,-1.7170750000301737e-10,4.955314063049005e-17,-1.7170749983414827e-10,5.0938461401376024e-17,-1.7170750691187606e-10,-1.7170749990480048e-10,-1.7170749990480048e-10,-1.7170749990232597e-10,-1.7170749990480048e-10,5.1307038664597067e-17,-1.7170749990232597e-10,5.1133864463440206e-17,5.108678589162303e-17,4.946098390485861e-17,-3.0813875349931886e-06,5.07729545705875e-17,-3.4173446894968385e-07,1.1360143951308035e-13,5.1003180434405625e-17,-1.7170749999027864e-10,1.1338915241514676e-13,-1.7170749990232597e-10,-1.717074998523476e-10,5.408173203963746e-17,5.224849285590009e-17,1.1349361174944827e-13,-1.7170749983414827e-10,5.0500478612720855e-17,4.966844047493265e-17,4.9812846174139913e-17,4.990398884191463e-17,-1.7170749990480048e-10,-1.7170749990232597e-10,4.950729566529201e-17,5.098997535746772e-17,4.87521728409322e-17,1.1353387329124086e-13,4.961091344873586e-17,5.2676448620523734e-17,1.133087235260742e-13,5.081771796822586e-17,4.974158535241573e-17,5.067677096905493e-17,5.388915171148366e-17
-2.7447774126938968e-06,4.519308255983169e-17,4.811099263286038e-17,-1.5216701374322191e-10,-1.521670123832039e-10,-3.028448473826479e-07,4.3958328620112575e-17,5.0711439028494624e-17,4.3948229644548517e-17,5.083464169146382e-17,5.07729545705875e-17,4.635220115030738e-17,-1.5216706733214284e-10,-1.5216706734070165e-10,-1.5216706741480427e-10,4.432124588933812e-17,-1.5216706733214284e-10,4.521147263921925e-17,-1.521670734332365e-10,-1.5216706741480427e-10,-1.5216706743969023e-10,-1.5216706731091602e-10,-1.5216706745080792e-10,4.56218800162786e-17,-1.5216706739227818e-10,4.5514178961519584e-17,4.533484482596328e-17,4.416819483469763e-17,5.07729545705875e-17,-3.0813875592461034e-06,-1.521670258115081e-10,5.0711439028494624e-17,4.4958644805343597e-17,-1.5216706741480427e-10,5.077013019765489e-17,-1.5216706731091602e-10,-1.521670673586782e-10,4.7889045170342106e-17,9.2605586458859e-14,5.061393867837621e-17,-1.5216706744076166e-10,4.4872365874570805e-17,4.431791529847123e-17,4.438885767227438e-17,8.863862396235105e-14,-1.5216706744888075e-10,-1.5216706742426639e-10,4.3948229644548517e-17,4.524917050194317e-17,4.354102234578497e-17,5.083464169146382e-17,4.438679164832191e-17,4.636723931659891e-17,5.089399467051119e-17,4.5430194010297735e-17,4.4112609944101756e-17,4.48240338608213e-17,4.8314709600156956e-17
