0.99999997414602,-1.1257231593105549e-05,-9.104844007291687e-06,1.0000325349397319,1.0000349507875013,-1.0574584758212981e-05,-1.4901701804096135e-05,1.000037976008011,-7.797577421933012e-06,1.0000352823945273,1.0000352682079732,1.0000384444681567,-1.2153306409285577e-05,-1.0452956601897058e-05,-1.030931185603347e-05,-1.1094445670179327e-05,-1.125723159982087e-05,-9.691984996663009e-06,-1.1618894027422663e-05,-1.1972137783628695e-05,-8.153174809886503e-06,1.0000353252174385,-7.124343848334585e-06,-1.1781178300041796e-05,-1.1628823357854535e-05,-1.1859258066657761e-05,-1.110328638042504e-05,-1.110328637961672e-05,-7.1243438483044825e-06,1.000039170833064,-1.1452678079270843e-05,-1.1641669418644848e-05,1.0000391708330576,-1.467736238612212e-05
-1.1257231593105549e-05,-2.3652467613159836e-05,1.7035764174553364e-10,-7.206015115971486e-07,-7.521034785270825e-10,1.432005204837635e-10,3.510705636051759e-10,-9.441837535140683e-10,2.910728571423762e-07,-8.132002137698006e-10,-8.141270696569343e-10,-9.980219149262938e-10,1.1481436473617981e-10,1.426808334715091e-10,1.4678133148577446e-10,1.3806328791507305e-10,2.851710180171735e-07,1.1930742765390793e-10,1.2175043117546744e-10,2.0789133336066843e-10,2.1135359739254877e-10,-8.195127277184125e-10,1.7995813644935243e-10,1.254797323609632e-10,1.2655303762353488e-10,3.1661917945659203e-10,1.4071602544109446e-10,1.4071602528085512e-10,1.7995813644935243e-10,-1.0295815099060705e-09,3.26798050297798e-07,1.3056230598429128e-10,-1.0295815107290015e-09,5.161749185508119e-10
-9.104844007291687e-06,1.7035764174553364e-10,-2.3511257770330887e-05,1.5124460222903798e-06,3.04836795462551e-10,3.429038709907391e-07,4.242388937711835e-10,8.588277586706864e-11,1.9886694179034424e-10,2.2549136254267527e-10,2.2736488913311216e-10,2.34911596034438e-11,2.4373402912418607e-07,3.414223117443271e-07,1.6392370369393483e-10,1.635652823368989e-10,1.7035764191115492e-10,1.483481210497788e-10,2.7795916018680476e-07,4.892319513620669e-07,2.809592125873006e-10,2.2094079793408557e-10,2.452048544070496e-10,2.7479678826435776e-07,2.8181498020368275e-07,3.967023818763064e-10,1.6665865746480487e-10,1.666586585741954e-10,2.45204854171935e-10,-8.54586605351308e-12,1.9391369803995754e-10,2.748549742520599e-07,-8.545866258561958e-12,6.323819440764369e-10
1.0000325349397319,-7.206015115971486e-07,1.5124460222903798e-06,1.000058721872779,1.000084848967959,-3.006390218553582e-08,-4.127094515981055e-06,1.000087743691331,2.8156055503292135e-06,1.0000850880385463,1.0000850840176714,1.0000882053329399,-1.7134519324395935e-06,8.806585337069502e-08,1.8885141780768155e-07,-5.725115871964392e-07,-7.206015057928909e-07,7.931378008981956e-07,-1.1248613805872296e-06,-1.3988994883511603e-06,2.5597831611552394e-06,1.0000851384598515,3.576703821576542e-06,-1.3197334303236943e-06,-1.1551709709041546e-06,-1.1218295697918316e-06,-5.776278770085602e-07,-5.776278766568878e-07,3.57670382096535e-06,1.0000889276659388,-9.159601745155004e-07,-1.21374083548749e-06,1.0000889276659384,-3.8081383623096473e-06
1.0000349507875013,-7.521034785270825e-10,3.04836795462551e-10,1.000084848967959,1.0000653789037595,-4.07204354837462e-10,-5.962418081212269e-06,1.0000932325917102,9.804523103718694e-10,1.0000898562404985,1.0000898637312379,1.0000940023064808,-1.2004628823156165e-09,-3.4892635088932346e-10,-5.829769107705554e-07,-6.753452093959296e-10,-7.521034749551909e-10,6.177703460865003e-12,-9.085544692854456e-10,-2.543805256128151e-06,1.3866571472531513e-06,1.0000899486638202,2.5807701689159324e-06,-1.0286866182652028e-09,-9.47900205532817e-10,-1.4688814555875726e-09,-6.831463837994919e-10,-6.831463845004052e-10,2.580770168304601e-06,1.0000948992428922,-9.116562674811441e-10,-9.99819460612422e-10,1.0000948992428922,-6.642315441891052e-06
-1.0574584758212981e-05,1.432005204837635e-10,3.429038709907391e-07,-3.006390218553582e-08,-4.07204354837462e-10,-2.3655383208691033e-05,3.509329525419715e-10,-5.964045488590021e-10,1.5658744867352212e-10,-4.702605614410116e-10,-4.707743436085919e-10,-6.500382795435066e-10,1.1178431729373872e-10,2.831115153007547e-07,2.8411882322089957e-07,2.7155062368622904e-07,1.4320052150430443e-10,1.252548954629692e-10,2.3753275600095077e-07,4.110099219676864e-07,2.2205504083188426e-10,-4.760723283152761e-10,1.9097727314686102e-10,1.2325035954174087e-10,2.468787002276783e-07,3.244932072775567e-10,1.3991365803953535e-10,1.3991365803953535e-10,1.9097727203477635e-10,-6.802747393162178e-10,1.6389217472714924e-10,1.2764119294011584e-10,-6.802747393843558e-10,5.229746362122747e-10
-1.4901701804096135e-05,3.510705636051759e-10,4.242388937711835e-10,-4.127094515981055e-06,-5.962418081212269e-06,3.509329525419715e-10,-2.2241979644776e-05,-3.463955056138616e-09,3.6521187460048045e-10,-6.262417726776987e-06,-6.26136010082148e-06,-3.5906215043289987e-09,2.6527012275242397e-10,3.483595802827172e-10,6.86211739184651e-07,3.3312626573268373e-10,3.510705635609714e-10,2.7984229225094834e-10,2.92528060438065e-10,5.031615692628121e-10,1.036491685726979e-06,-6.286974271400013e-06,8.893536743519425e-07,2.9290838611136225e-10,2.975660752348728e-10,1.5287099894798713e-06,3.3963578826974515e-10,3.396357888428724e-10,8.893536743519795e-07,-3.6636926809649407e-09,4.0085752190969664e-10,2.9892229703078525e-10,-3.6636926809733386e-09,2.482323246256197e-06
1.000037976008011,-9.441837535140683e-10,8.588277586706864e-11,1.000087743691331,1.0000932325917102,-5.964045488590021e-10,-3.463955056138616e-09,1.0000737138765967,8.003903607833731e-10,1.0000939140992935,1.000093926611288,1.000098560960935,-1.3579651747980163e-09,-5.366643628338221e-10,-4.883441129865568e-10,-8.582003527899683e-10,-9.441837523528984e-10,-1.453133233180262e-10,-1.0727603623927492e-09,-1.5577897049911947e-09,4.4350045222429715e-10,1.0000940248622705,1.0886193187066578e-09,-1.1983790537673344e-09,-1.1182176598641608e-09,-1.875904711149583e-09,-8.696049774898222e-10,-8.696049766372419e-10,1.0886193168011732e-09,1.0000995486254725,-1.1330342377662596e-09,-1.17857586148857e-09,1.0000995486254716,-7.963119960718218e-06
-7.797577421933012e-06,2.910728571423762e-07,1.9886694179034424e-10,2.8156055503292135e-06,9.804523103718694e-10,1.5658744867352212e-10,3.6521187460048045e-10,8.003903607833731e-10,-2.351553089131683e-05,9.134178410326745e-10,9.163445261963236e-10,7.413409414399003e-10,1.0965416394435954e-10,1.5638631939624497e-10,1.3038238155703634e-10,1.4995316680592175e-10,2.910728571423156e-07,3.3328963333004425e-07,1.2467568621472022e-10,2.228482294094581e-10,5.520326717204499e-07,9.095079780529433e-10,4.893511458133384e-07,1.2528383066790004e-10,1.301795791598548e-10,7.626317517317833e-07,1.5122306646665588e-10,1.5122306722407585e-10,4.89351145813346e-07,7.184619373577172e-10,3.32375841925484e-07,1.2419992286146052e-10,7.184619373209424e-10,1.1555480370190058e-06
1.0000352823945273,-8.132002137698006e-10,2.2549136254267527e-10,1.0000850880385463,1.0000898562404985,-4.702605614410116e-10,-6.262417726776987e-06,1.0000939140992935,9.134178410326745e-10,1.0000665020589887,1.0000904439467253,1.0000947242083293,-1.2402240927279458e-09,-4.103431248979764e-10,-3.4575044296796185e-10,-7.328731184016571e-10,-8.132002094598077e-10,-3.845782774248558e-11,-9.579086233638002e-10,-1.3702744363559613e-09,6.072186055979489e-10,1.0000905335549306,1.2221590959209234e-09,-1.0742482642918917e-09,-9.954137862820013e-10,-3.1893719501421216e-06,-7.419368598912613e-10,-7.419368606183475e-10,1.2221590951756459e-09,1.0000956433553947,-9.812812832959653e-10,-2.0666621222690732e-06,1.0000956433553954,-7.0773428669474905e-06
1.0000352682079732,-8.141270696569343e-10,2.2736488913311216e-10,1.0000850840176714,1.0000898637312379,-4.707743436085919e-10,-6.26136010082148e-06,1.000093926611288,9.163445261963236e-10,1.0000904439467253,1.000066510910558,1.000094738148358,-1.2444503697617753e-09,-4.10812541547029e-10,-3.4819600813376655e-10,-7.341511541932162e-10,-8.141270666558409e-10,-4.0026558760436107e-11,-9.59996764672761e-10,-2.721197037500383e-06,6.120370157231604e-10,1.0000905386543482,1.2277021094121202e-09,-1.0776252996440852e-09,-9.983719233584091e-10,-3.1875811261081756e-06,-7.431670222939411e-10,-7.431670216420602e-10,1.2277021089959873e-09,1.0000956604685338,-9.828144500759495e-10,-1.047481638254181e-09,1.0000956604685325,-7.076612291864257e-06
1.0000384444681567,-9.980219149262938e-10,2.34911596034438e-11,1.0000882053329399,1.0000940023064808,-6.500382795435066e-10,-3.5906215043289987e-09,1.000098560960935,7.413409414399003e-10,1.0000947242083293,1.000094738148358,1.0000755719574057,-1.4035649589148855e-09,-5.902141956437012e-10,-5.413290924503976e-10,-9.109993830158987e-10,-9.98021913727932e-10,-1.9723274791500056e-10,-1.119376441222656e-09,-1.6361482842090115e-09,7.206313945654329e-07,1.0000948405191816,1.0216460792466066e-09,-1.2476131887756111e-09,-1.167796811642167e-09,-3.962901337047169e-06,-9.231254628158655e-10,-9.231254615920354e-10,1.0216460779790495e-09,1.0001005227627953,-2.370924043249954e-06,-1.2307547709091826e-09,1.0001005227627942,-4.20946400524191e-09
-1.2153306409285577e-05,1.1481436473617981e-10,2.4373402912418607e-07,-1.7134519324395935e-06,-1.2004628823156165e-09,1.1178431729373872e-10,2.6527012275242397e-10,-1.3579651747980163e-09,1.0965416394435954e-10,-1.2402240927279458e-09,-1.2444503697617753e-09,-1.4035649589148855e-09,-2.3725787126291694e-05,1.1241869294251281e-10,1.226116102822534e-10,1.1323169653048446e-10,1.1481436737118653e-10,1.0856748774434962e-10,1.0234044425346572e-10,3.311777871829151e-07,1.5004568881899967e-10,-1.2483809378037218e-09,1.2281017969173888e-10,1.1294427652026078e-10,1.1183319695699235e-10,2.4690835356638044e-10,1.1492229893005805e-10,1.1492229982506298e-10,1.2281017870060251e-10,-1.4340258874682652e-09,1.337388635648484e-10,1.2460530338438947e-10,-1.4340258861335175e-09,4.01355179041649e-10
-1.0452956601897058e-05,1.426808334715091e-10,3.414223117443271e-07,8.806585337069502e-08,-3.4892635088932346e-10,2.831115153007547e-07,3.483595802827172e-10,-5.366643628338221e-10,1.5638631939624497e-10,-4.103431248979764e-10,-4.10812541547029e-10,-5.902141956437012e-10,1.1241869294251281e-10,-2.365524703579835e-05,1.422916396431814e-10,2.7187023713553064e-07,1.426808334759014e-10,1.2661435882507987e-10,2.38302288785131e-07,4.106091094634853e-07,2.1996845164091614e-10,-4.160119719974256e-10,1.8873771141485997e-10,1.2406972707322916e-10,1.2556702938438395e-10,3.24240777550015e-10,1.3992746849625355e-10,1.3992746638654664e-10,1.8873771041207178e-10,-6.206551910117268e-10,1.6355334816095096e-10,2.534660881308937e-07,-6.206551910117268e-10,5.206302120251166e-10
-1.030931185603347e-05,1.4678133148577446e-10,1.6392370369393483e-10,1.8885141780768155e-07,-5.829769107705554e-07,2.8411882322089957e-07,6.86211739184651e-07,-4.883441129865568e-10,1.3038238155703634e-10,-3.4575044296796185e-10,-3.4819600813376655e-10,-5.413290924503976e-10,1.226116102822534e-10,1.422916396431814e-10,-2.364223658120375e-05,1.3916344328382399e-10,1.4678133146113397e-10,1.1203575360328537e-10,1.2603010674190307e-10,2.0949025091469096e-10,3.6955786735106347e-07,-3.532979155312136e-10,3.046090635273975e-07,1.3082777583610374e-10,1.3076102616010358e-10,3.04232186514471e-10,1.421129982181985e-10,1.4211299735394545e-10,3.0460906352741657e-07,-5.777145688595038e-10,1.6953185140304866e-10,1.389441958212026e-10,-5.777145689056099e-10,9.921717416325427e-07
-1.1094445670179327e-05,1.3806328791507305e-10,1.635652823368989e-10,-5.725115871964392e-07,-6.753452093959296e-10,2.7155062368622904e-07,3.3312626573268373e-10,-8.582003527899683e-10,1.4995316680592175e-10,-7.328731184016571e-10,-7.341511541932162e-10,-9.109993830158987e-10,1.1323169653048446e-10,2.7187023713553064e-07,1.3916344328382399e-10,-2.367389216939775e-05,1.3806328786479877e-10,1.2635647836944904e-10,1.1753334308454756e-10,2.007719150797842e-10,2.088976997835102e-10,-7.394671438964956e-10,1.7833805670733167e-10,1.2353989088358688e-10,1.2435691166507723e-10,3.1218683719279175e-10,2.688686447165083e-07,2.6886864471647426e-07,1.7833805653998815e-10,-9.412854590630666e-10,1.5858606036327306e-10,1.2938848532824605e-10,-9.412854589665838e-10,5.012418934133172e-10
-1.125723159982087e-05,2.851710180171735e-07,1.7035764191115492e-10,-7.206015057928909e-07,-7.521034749551909e-10,1.4320052150430443e-10,3.510705635609714e-10,-9.441837523528984e-10,2.910728571423156e-07,-8.132002094598077e-10,-8.141270666558409e-10,-9.98021913727932e-10,1.1481436737118653e-10,1.426808334759014e-10,1.4678133146113397e-10,1.3806328786479877e-10,-2.3652467613135062e-05,1.1930742765696697e-10,1.2175043164290185e-10,2.078913328017866e-10,2.1135359917420655e-10,-8.195127243615004e-10,1.7995813502896994e-10,1.2547973199493803e-10,1.2655303762353488e-10,3.1661917936183063e-10,1.4071602578459658e-10,1.4071602578459733e-10,1.7995813464253846e-10,-1.0295815097638101e-09,3.267980502977406e-07,1.3056230889772028e-10,-1.0295815074415314e-09,5.161749183696832e-10
-9.691984996663009e-06,1.1930742765390793e-10,1.483481210497788e-10,7.931378008981956e-07,6.177703460865003e-12,1.252548954629692e-10,2.7984229225094834e-10,-1.453133233180262e-10,3.3328963333004425e-07,-3.845782774248558e-11,-4.0026558760436107e-11,-1.9723274791500056e-10,1.0856748774434962e-10,1.2661435882507987e-10,1.1203575360328537e-10,1.2635647836944904e-10,1.1930742765696697e-10,-2.3626630332213454e-05,1.0828575357601626e-10,1.845131560627021e-10,4.1396240225085893e-07,-4.554732023498805e-11,3.576559657096794e-07,1.1809017466580854e-10,1.1982727829762308e-10,6.154499281340895e-07,1.2677631644197353e-10,1.2677631506224565e-10,3.5765596570969266e-07,-2.2137799784506712e-10,1.3879566130777586e-10,1.2655070664826532e-10,-2.2137799769179722e-10,9.239838283490767e-07
-1.1618894027422663e-05,1.2175043117546744e-10,2.7795916018680476e-07,-1.1248613805872296e-06,-9.085544692854456e-10,2.3753275600095077e-07,2.92528060438065e-10,-1.0727603623927492e-09,1.2467568621472022e-10,-9.579086233638002e-10,-9.59996764672761e-10,-1.119376441222656e-09,1.0234044425346572e-10,2.38302288785131e-07,1.2603010674190307e-10,1.1753334308454756e-10,1.2175043164290185e-10,1.0828575357601626e-10,-2.3730982698980656e-05,3.4984749975354926e-07,1.7592937978524482e-10,-9.642827783904917e-10,1.4847168483744734e-10,1.109097761341666e-10,1.109973742273379e-10,2.6912322434791733e-10,1.1989559521462255e-10,1.1989559652032148e-10,1.4847168359853388e-10,-1.1480115778630437e-09,1.4025893465998333e-10,1.1784093493621898e-10,-1.1480115778629893e-09,4.368128807841564e-10
-1.1972137783628695e-05,2.0789133336066843e-10,4.892319513620669e-07,-1.3988994883511603e-06,-2.543805256128151e-06,4.110099219676864e-07,5.031615692628121e-10,-1.5577897049911947e-09,2.228482294094581e-10,-1.3702744363559613e-09,-2.721197037500383e-06,-1.6361482842090115e-09,3.311777871829151e-07,4.106091094634853e-07,2.0949025091469096e-10,2.007719150797842e-10,2.078913328017866e-10,1.845131560627021e-10,3.4984749975354926e-07,-2.334107416001204e-05,3.131001329766901e-10,-1.3794950219524209e-09,2.673163887039662e-10,1.8341703056791954e-10,1.8511803387877967e-10,4.667808545424232e-10,2.0441238820757304e-10,2.0441238821673818e-10,2.673163893596505e-10,-1.6817650558301265e-09,2.387252263552871e-10,3.789481105567617e-07,-1.6817650589917071e-09,7.519050714447349e-10
-8.153174809886503e-06,2.1135359739254877e-10,2.809592125873006e-10,2.5597831611552394e-06,1.3866571472531513e-06,2.2205504083188426e-10,1.036491685726979e-06,4.4350045222429715e-10,5.520326717204499e-07,6.072186055979489e-10,6.120370157231604e-10,7.206313945654329e-07,1.5004568881899967e-10,2.1996845164091614e-10,3.6955786735106347e-07,2.088976997835102e-10,2.1135359917420655e-10,4.1396240225085893e-07,1.7592937978524482e-10,3.131001329766901e-10,-2.319943807072923e-05,6.029102511497482e-10,6.508933303779898e-07,1.7136893104723929e-10,1.782061837058927e-10,1.0368091623068309e-06,2.116301012247372e-10,2.1163010200763567e-10,6.508933303780023e-07,3.29377445917105e-10,2.406603358450805e-10,1.672102914590236e-10,3.293774459170548e-10,1.5978983939888934e-06
1.0000353252174385,-8.195127277184125e-10,2.2094079793408557e-10,1.0000851384598515,1.0000899486638202,-4.760723283152761e-10,-6.286974271400013e-06,1.0000940248622705,9.095079780529433e-10,1.0000905335549306,1.0000905386543482,1.0000948405191816,-1.2483809378037218e-09,-4.160119719974256e-10,-3.532979155312136e-10,-7.394671438964956e-10,-8.195127243615004e-10,-4.554732023498805e-11,-9.642827783904917e-10,-1.3794950219524209e-09,6.029102511497482e-10,1.0000666905537356,1.2197250843263228e-09,-1.0823215046186927e-09,-1.0031635584881717e-09,-3.213150538887781e-06,-7.48598928422425e-10,-7.485989279308279e-10,1.2197250850796186e-09,1.0000957647980802,-9.890005317445093e-10,-1.05200041867433e-09,1.000095764798079,-7.1164279711756095e-06
-7.124343848334585e-06,1.7995813644935243e-10,2.452048544070496e-10,3.576703821576542e-06,2.5807701689159324e-06,1.9097727314686102e-10,8.893536743519425e-07,1.0886193187066578e-09,4.893511458133384e-07,1.2221590959209234e-09,1.2277021094121202e-09,1.0216460792466066e-09,1.2281017969173888e-10,1.8873771141485997e-10,3.046090635273975e-07,1.7833805670733167e-10,1.7995813502896994e-10,3.576559657096794e-07,1.4847168483744734e-10,2.673163887039662e-10,6.508933303779898e-07,1.2197250843263228e-09,-2.336017536628968e-05,1.4220502152785022e-10,1.4907564378043849e-10,9.011872178191142e-07,1.8056806362242831e-10,1.80568063138596e-10,5.774646690583997e-07,9.942730585250463e-10,2.0452961982730809e-10,1.3569071830836049e-10,9.942730583616852e-10,1.3768768738044123e-06
-1.1781178300041796e-05,1.254797323609632e-10,2.7479678826435776e-07,-1.3197334303236943e-06,-1.0286866182652028e-09,1.2325035954174087e-10,2.9290838611136225e-10,-1.1983790537673344e-09,1.2528383066790004e-10,-1.0742482642918917e-09,-1.0776252996440852e-09,-1.2476131887756111e-09,1.1294427652026078e-10,1.2406972707322916e-10,1.3082777583610374e-10,1.2353989088358688e-10,1.2547973199493803e-10,1.1809017466580854e-10,1.109097761341666e-10,1.8341703056791954e-10,1.7136893104723929e-10,-1.0823215046186927e-09,1.4220502152785022e-10,-2.370127014281484e-05,2.3523354250702324e-07,2.7434837671491626e-10,1.2540975005905946e-10,1.2540974619837074e-10,1.4220502048738584e-10,-1.2790917527330872e-09,1.4560977039887907e-10,1.3081792655827278e-10,-1.2790917525447772e-09,4.431024780899075e-10
-1.1628823357854535e-05,1.2655303762353488e-10,2.8181498020368275e-07,-1.1551709709041546e-06,-9.47900205532817e-10,2.468787002276783e-07,2.975660752348728e-10,-1.1182176598641608e-09,1.301795791598548e-10,-9.954137862820013e-10,-9.983719233584091e-10,-1.167796811642167e-09,1.1183319695699235e-10,1.2556702938438395e-10,1.3076102616010358e-10,1.2435691166507723e-10,1.2655303762353488e-10,1.1982727829762308e-10,1.109973742273379e-10,1.8511803387877967e-10,1.782061837058927e-10,-1.0031635584881717e-09,1.4907564378043849e-10,2.3523354250702324e-07,-2.3703033379609894e-05,2.8013316366493104e-10,1.263665741046135e-10,1.2636657735432117e-10,1.4907564434218046e-10,-1.1985943119169645e-09,1.4656364891863628e-10,1.2941851972416145e-10,-1.1985943117864554e-09,4.5099565561784046e-10
-1.1859258066657761e-05,3.1661917945659203e-10,3.967023818763064e-10,-1.1218295697918316e-06,-1.4688814555875726e-09,3.244932072775567e-10,1.5287099894798713e-06,-1.875904711149583e-09,7.626317517317833e-07,-3.1893719501421216e-06,-3.1875811261081756e-06,-3.962901337047169e-06,2.4690835356638044e-10,3.24240777550015e-10,3.04232186514471e-10,3.1218683719279175e-10,3.1661917936183063e-10,6.154499281340895e-07,2.6912322434791733e-10,4.667808545424232e-10,1.0368091623068309e-06,-3.213150538887781e-06,9.011872178191142e-07,2.7434837671491626e-10,2.8013316366493104e-10,-2.244681897384717e-05,3.163899095164242e-10,3.1638990906599976e-10,9.011872178191461e-07,-2.059229439004472e-09,7.177451601671552e-07,2.813265839930437e-10,-2.0592294397496254e-09,2.3458589999685202e-06
-1.110328638042504e-05,1.4071602544109446e-10,1.6665865746480487e-10,-5.776278770085602e-07,-6.831463837994919e-10,1.3991365803953535e-10,3.3963578826974515e-10,-8.696049774898222e-10,1.5122306646665588e-10,-7.419368598912613e-10,-7.431670222939411e-10,-9.231254628158655e-10,1.1492229893005805e-10,1.3992746849625355e-10,1.421129982181985e-10,2.688686447165083e-07,1.4071602578459658e-10,1.2677631644197353e-10,1.1989559521462255e-10,2.0441238820757304e-10,2.116301012247372e-10,-7.48598928422425e-10,1.8056806362242831e-10,1.2540975005905946e-10,1.263665741046135e-10,3.163899095164242e-10,-2.3663943698606534e-05,2.736954377709528e-07,1.8056806314136437e-10,-9.539990707461785e-10,1.615568275668294e-10,1.3133931077712456e-10,-9.53999070705123e-10,5.091821942652788e-10
-1.110328637961672e-05,1.4071602528085512e-10,1.666586585741954e-10,-5.776278766568878e-07,-6.831463845004052e-10,1.3991365803953535e-10,3.396357888428724e-10,-8.696049766372419e-10,1.5122306722407585e-10,-7.419368606183475e-10,-7.431670216420602e-10,-9.231254615920354e-10,1.1492229982506298e-10,1.3992746638654664e-10,1.4211299735394545e-10,2.6886864471647426e-07,1.4071602578459733e-10,1.2677631506224565e-10,1.1989559652032148e-10,2.0441238821673818e-10,2.1163010200763567e-10,-7.485989279308279e-10,1.80568063138596e-10,1.2540974619837074e-10,1.2636657735432117e-10,3.1638990906599976e-10,2.736954377709528e-07,-2.3663943698606534e-05,1.805680631413667e-10,-9.539990726920347e-10,1.615568284759689e-10,1.313393090303725e-10,-9.539990712249809e-10,5.091821947651404e-10
-7.1243438483044825e-06,1.7995813644935243e-10,2.45204854171935e-10,3.57670382096535e-06,2.580770168304601e-06,1.9097727203477635e-10,8.893536743519795e-07,1.0886193168011732e-09,4.89351145813346e-07,1.2221590951756459e-09,1.2277021089959873e-09,1.0216460779790495e-09,1.2281017870060251e-10,1.8873771041207178e-10,3.0460906352741657e-07,1.7833805653998815e-10,1.7995813464253846e-10,3.5765596570969266e-07,1.4847168359853388e-10,2.673163893596505e-10,6.508933303780023e-07,1.2197250850796186e-09,5.774646690583997e-07,1.4220502048738584e-10,1.4907564434218046e-10,9.011872178191461e-07,1.8056806314136437e-10,1.805680631413667e-10,-2.336017536628968e-05,9.942730576916484e-10,2.0452961932789963e-10,1.356907179038203e-10,9.94273057761943e-10,1.3768768738044655e-06
1.000039170833064,-1.0295815099060705e-09,-8.54586605351308e-12,1.0000889276659388,1.0000948992428922,-6.802747393162178e-10,-3.6636926809649407e-09,1.0000995486254725,7.184619373577172e-10,1.0000956433553947,1.0000956604685338,1.0001005227627953,-1.4340258874682652e-09,-6.206551910117268e-10,-5.777145688595038e-10,-9.412854590630666e-10,-1.0295815097638101e-09,-2.2137799784506712e-10,-1.1480115778630437e-09,-1.6817650558301265e-09,3.29377445917105e-10,1.0000957647980802,9.942730585250463e-10,-1.2790917527330872e-09,-1.1985943119169645e-09,-2.059229439004472e-09,-9.539990707461785e-10,-9.539990726920347e-10,9.942730576916484e-10,1.0000776145050805,-1.232098623835387e-09,-1.2663193470593337e-09,1.0001015529735404,-4.314380532399982e-09
-1.1452678079270843e-05,3.26798050297798e-07,1.9391369803995754e-10,-9.159601745155004e-07,-9.116562674811441e-10,1.6389217472714924e-10,4.0085752190969664e-10,-1.1330342377662596e-09,3.32375841925484e-07,-9.812812832959653e-10,-9.828144500759495e-10,-2.370924043249954e-06,1.337388635648484e-10,1.6355334816095096e-10,1.6953185140304866e-10,1.5858606036327306e-10,3.267980502977406e-07,1.3879566130777586e-10,1.4025893465998333e-10,2.387252263552871e-10,2.406603358450805e-10,-9.890005317445093e-10,2.0452961982730809e-10,1.4560977039887907e-10,1.4656364891863628e-10,7.177451601671552e-07,1.615568275668294e-10,1.615568284759689e-10,2.0452961932789963e-10,-1.232098623835387e-09,-2.356331488606207e-05,1.525871860363948e-10,-1.2320986244040334e-09,5.913232129920645e-10
-1.1641669418644848e-05,1.3056230598429128e-10,2.748549742520599e-07,-1.21374083548749e-06,-9.99819460612422e-10,1.2764119294011584e-10,2.9892229703078525e-10,-1.17857586148857e-09,1.2419992286146052e-10,-2.0666621222690732e-06,-1.047481638254181e-09,-1.2307547709091826e-09,1.2460530338438947e-10,2.534660881308937e-07,1.389441958212026e-10,1.2938848532824605e-10,1.3056230889772028e-10,1.2655070664826532e-10,1.1784093493621898e-10,3.789481105567617e-07,1.672102914590236e-10,-1.05200041867433e-09,1.3569071830836049e-10,1.3081792655827278e-10,1.2941851972416145e-10,2.813265839930437e-10,1.3133931077712456e-10,1.313393090303725e-10,1.356907179038203e-10,-1.2663193470593337e-09,1.525871860363948e-10,-2.3651319812252335e-05,-1.2663193483775163e-09,4.550634915162064e-10
1.0000391708330576,-1.0295815107290015e-09,-8.545866258561958e-12,1.0000889276659384,1.0000948992428922,-6.802747393843558e-10,-3.6636926809733386e-09,1.0000995486254716,7.184619373209424e-10,1.0000956433553954,1.0000956604685325,1.0001005227627942,-1.4340258861335175e-09,-6.206551910117268e-10,-5.777145689056099e-10,-9.412854589665838e-10,-1.0295815074415314e-09,-2.2137799769179722e-10,-1.1480115778629893e-09,-1.6817650589917071e-09,3.293774459170548e-10,1.000095764798079,9.942730583616852e-10,-1.2790917525447772e-09,-1.1985943117864554e-09,-2.0592294397496254e-09,-9.53999070705123e-10,-9.539990712249809e-10,9.94273057761943e-10,1.0001015529735404,-1.2320986244040334e-09,-1.2663193483775163e-09,1.0000776145050825,-4.3143805321011924e-09
-1.467736238612212e-05,5.161749185508119e-10,6.323819440764369e-10,-3.8081383623096473e-06,-6.642315441891052e-06,5.229746362122747e-10,2.482323246256197e-06,-7.963119960718218e-06,1.1555480370190058e-06,-7.0773428669474905e-06,-7.076612291864257e-06,-4.20946400524191e-09,4.01355179041649e-10,5.206302120251166e-10,9.921717416325427e-07,5.012418934133172e-10,5.161749183696832e-10,9.239838283490767e-07,4.368128807841564e-10,7.519050714447349e-10,1.5978983939888934e-06,-7.1164279711756095e-06,1.3768768738044123e-06,4.431024780899075e-10,4.5099565561784046e-10,2.3458589999685202e-06,5.091821942652788e-10,5.091821947651404e-10,1.3768768738044655e-06,-4.314380532399982e-09,5.913232129920645e-10,4.550634915162064e-10,-4.3143805321011924e-09,-2.0204300170090046e-05
