1.0000000019705084,0.999996974634693,3.5607456232549388e-06,0.9999970019667039,3.298738792613276e-06,0.9999969746346946,3.435048713326301e-06,3.291919554656825e-06,3.2987387919851443e-06,3.2983441808286345e-06,0.9999970872157067,3.298344180422852e-06,3.291919554631787e-06,0.9999970885615925,0.9999966703849987,0.9999971186676464,3.2919195540971858e-06,3.5620138270641867e-06,0.9999969746346933,3.298344180263808e-06,3.385024683293531e-06,0.9999969746346958,3.295006734001083e-06,3.4287151417695325e-06,3.291919554648064e-06,0.9999966165669635,3.328069649916424e-06,8.2815180564443e-06,3.2919195546468534e-06,0.9999970872157062,3.4350487148214526e-06,3.6489337142382628e-06,0.9999969709295704,3.483687536860081e-06,0.999996950915488,0.9999970888085399,3.2974404038554123e-06,0.9999969746346933,0.9999970989372016,3.2919195547863835e-06,3.2983441810568096e-06,3.5019437946273826e-06,3.4350487148212277e-06,3.2974404038521656e-06
0.999996974634693,0.9999975736148797,3.540519878837147e-10,0.9999944042803854,2.2218203304545366e-10,0.9999943769482884,2.9078781551458975e-10,2.187498397929226e-10,2.2218203293954448e-10,2.219834171765433e-10,0.9999944895296174,2.219834169940306e-10,2.1874983991964179e-10,0.999994490875515,0.9999940726977108,0.9999945209816421,2.1874983942035107e-10,3.546903061130722e-10,0.9999943769482882,2.219834164485013e-10,2.6561035753106003e-10,0.9999943769482885,2.2030365182053393e-10,2.8760010060581995e-10,2.187498397900646e-10,0.9999940188795019,2.369444522798499e-10,5.424224643978918e-06,2.1874983957228024e-10,0.9999944895296192,2.9078781568516463e-10,3.984377245949755e-10,0.9999943732431632,3.1526810007081473e-10,0.9999943532290199,0.999994491122452,2.2152853835021295e-10,0.9999943769482882,0.9999945012511507,2.1874983975707365e-10,2.2198341759608614e-10,3.2445662538856695e-10,2.9078781584090666e-10,2.2152853850172912e-10
3.5607456232549388e-06,3.540519878837147e-10,3.196667781474406e-06,3.5405199844988013e-10,1.5695324958011931e-16,3.5405198797255034e-10,4.076778728993242e-13,1.5430593014476463e-16,1.570500389551209e-16,1.5672589904708382e-16,7.034509591371692e-07,1.567745881564111e-16,1.5422265660245673e-16,3.5405203040592914e-10,7.034506502508517e-07,7.034509823434554e-07,1.5422265660245673e-16,4.973351428610766e-13,3.540519877368886e-10,1.5682752777879802e-16,1.8724827679119332e-16,3.540519878676368e-10,1.5551534292074615e-16,4.0368534224610084e-13,1.543230684550511e-16,3.5405185418672406e-10,1.67115050635499e-16,3.83013555749941e-12,1.5416591393607789e-16,7.034509591371699e-07,4.0767787282126904e-13,5.584025744919608e-13,3.5405198660419183e-10,4.420608116492628e-13,7.034508582575672e-07,7.034509602605637e-07,1.5652127533670146e-16,3.540519877368886e-10,7.034509678847709e-07,1.5418939336536272e-16,1.567745881564111e-16,2.2955160400101644e-16,4.0767787322622843e-13,1.5634623115758924e-16
0.9999970019667039,0.9999944042803854,3.5405199844988013e-10,0.9999976282790879,2.2218203876326134e-10,0.9999944042803885,2.907878235053222e-10,2.1874984613325833e-10,2.2218203886236823e-10,2.2198342291699055e-10,0.999994516861714,2.2198342258154433e-10,2.1874984609875562e-10,0.9999945182076098,0.9999941000298177,0.9999945483137388,2.1874984570373937e-10,3.546903159173671e-10,0.9999944042803882,2.2198342213097313e-10,5.277299684822902e-07,0.9999944042803879,2.2030365786080136e-10,2.8760010829989847e-10,2.1874984621028396e-10,0.999994046211612,4.707748952929874e-07,5.424224789399556e-06,2.187498458501501e-10,0.9999945168617147,2.907878236077866e-10,7.91639036335336e-07,0.9999944005752617,3.1526810871312627e-10,0.9999943805611173,0.999994518454548,2.215285444995459e-10,0.9999944042803882,0.9999945285832467,2.1874984605362643e-10,2.2198342329411178e-10,6.446491256761148e-07,2.9078782388741903e-10,2.215285446448263e-10
3.298738792613276e-06,2.2218203304545366e-10,1.5695324958011931e-16,2.2218203876326134e-10,3.196667481556077e-06,2.2218203294158425e-10,1.288859055814448e-16,9.674327629478765e-17,9.850708260758977e-17,9.863715785266885e-17,2.2218205711026033e-10,9.903006848338139e-17,9.681367764046708e-17,4.4144410712342025e-07,2.2218196808198187e-10,4.4144412002418457e-07,9.710396692861318e-17,1.5716500596564866e-16,2.221820329976307e-10,9.826957575553238e-17,1.1732118293253072e-16,2.221820329976307e-10,9.814097409062384e-17,1.2735226824193983e-16,9.710396692861318e-17,2.2218195666691798e-10,1.0497662583439151e-16,1.208662449247767e-15,9.710396692861318e-17,2.2218205710704433e-10,1.286252232604753e-16,1.7649759774864038e-16,2.221820323394722e-10,1.3973700143574724e-16,2.2218202794700063e-10,2.221820574567038e-10,9.819697407759586e-17,2.2218203293419158e-10,2.221820595936803e-10,9.686665425583059e-17,9.863715785266885e-17,1.4352953981716312e-16,1.286252232604753e-16,9.839875192039702e-17
0.9999969746346946,0.9999943769482884,3.5405198797255034e-10,0.9999944042803885,2.2218203294158425e-10,0.9999975736148854,2.9078781556385555e-10,2.1874983983210842e-10,2.221820328669013e-10,2.2198341717974233e-10,0.9999944895296204,2.2198341693638086e-10,2.1874983991964179e-10,0.9999944908755174,0.9999940726977129,0.9999945209816442,2.1874983949130213e-10,3.5469030589938697e-10,0.9999943769482919,2.2198341642333413e-10,2.6561035753105837e-10,0.9999943769482906,2.2030365183002229e-10,2.8760010059956377e-10,2.187498398220524e-10,0.9999940188795051,2.3694445232554843e-10,5.424224643978927e-06,2.1874983947560707e-10,0.9999944895296217,2.9078781559388013e-10,3.984377245774941e-10,0.9999943732431662,3.1526810007812065e-10,0.9999943532290217,0.9999944911224542,2.2152853835021295e-10,0.9999943769482919,0.9999945012511541,2.187498398158884e-10,2.2198341764456133e-10,3.24456625375465e-10,2.9078781588240497e-10,2.2152853850172912e-10
3.435048713326301e-06,2.9078781551458975e-10,4.076778728993242e-13,2.907878235053222e-10,1.288859055814448e-16,2.9078781556385555e-10,3.196667620574657e-06,1.2687981796895985e-16,1.290551772768871e-16,1.2881314603858004e-16,5.777540426126192e-07,1.2866860206367162e-16,1.268784813728382e-16,2.9078784900304566e-10,2.9078772654498834e-10,5.77754060965666e-07,1.2677403502646562e-16,4.084806122521735e-13,2.9078781560449095e-10,1.2853146454453848e-16,1.538551698921802e-16,2.907878155829461e-10,1.2743312892446668e-16,1.6666465547721503e-16,1.2688080465645626e-16,2.907877103821023e-10,1.3730909387961837e-16,1.5822172725606417e-15,1.268784813728382e-16,5.777540426126194e-07,3.3488068424669726e-13,2.3099896320370593e-16,2.9078781437420284e-10,3.6308025048455174e-13,2.9078780866258595e-10,5.777540435356279e-07,1.2833272712065662e-16,2.9078781549637265e-10,5.777540494642344e-07,1.2677403502646562e-16,1.286763451311605e-16,1.880031759657329e-16,3.3488068456635673e-13,1.2824624143881233e-16
3.291919554656825e-06,2.187498397929226e-10,1.5430593014476463e-16,2.1874984613325833e-10,9.674327629478765e-17,2.1874983983210842e-10,1.2687981796895985e-16,3.1966674698469473e-06,9.685015082524877e-17,9.670463494368252e-17,2.1874986527603287e-10,9.670463494368252e-17,1.8945658441838953e-13,4.346248291482369e-07,2.187497715257391e-10,4.346248425435492e-07,1.894565842630569e-13,1.5475264512428172e-16,2.1874983984201978e-10,9.680973671730564e-17,1.1586977674687522e-16,2.187498398522129e-10,9.608134445945195e-17,1.254104985490392e-16,1.8945658455862302e-13,2.1874975931921018e-10,2.0522525464383135e-13,1.1906500957254484e-15,1.8945658440547695e-13,2.187498651639148e-10,1.2677403502646562e-16,1.7360454879420702e-16,2.1874983901574247e-10,1.376297973300855e-16,2.187498345741419e-10,2.1874986559651157e-10,9.634084402013331e-17,2.187498397580188e-10,2.1874986790465862e-10,1.894565844157227e-13,9.682091022918837e-17,1.4180595711995107e-16,1.2688080465645626e-16,9.654583085268207e-17
3.2987387919851443e-06,2.2218203293954448e-10,1.570500389551209e-16,2.2218203886236823e-10,9.850708260758977e-17,2.221820328669013e-10,1.290551772768871e-16,9.685015082524877e-17,3.196667481556077e-06,9.865492110355611e-17,2.2218205713668337e-10,9.865492110355611e-17,9.658600358192048e-17,4.41444107167464e-07,2.2218196794098188e-10,4.4144412006822816e-07,9.686665425583059e-17,1.5716500596564866e-16,2.2218203295122967e-10,9.826957575553238e-17,1.1716601009956982e-16,2.2218203295122967e-10,9.763423900242544e-17,1.2735226824193983e-16,9.658600358192048e-17,2.221819564356091e-10,1.0491420119487961e-16,1.2084846109826176e-15,9.686665425583059e-17,2.2218205712886245e-10,1.286252232604753e-16,1.7649759774864038e-16,2.2218203212180112e-10,1.397021314698824e-16,2.2218202801918396e-10,2.2218205747411043e-10,9.84573713703231e-17,2.2218203313993924e-10,2.2218205961647453e-10,9.686665425583059e-17,9.863715785266885e-17,1.4333841062844939e-16,1.2884267273314427e-16,9.819697407759586e-17
3.2983441808286345e-06,2.219834171765433e-10,1.5672589904708382e-16,2.2198342291699055e-10,9.863715785266885e-17,2.2198341717974233e-10,1.2881314603858004e-16,9.670463494368252e-17,9.865492110355611e-17,3.1966674789471664e-06,2.2198344135886642e-10,9.865005209666041e-17,9.70190231855118e-17,4.41049485683419e-07,2.2198335136445422e-10,4.410494986834449e-07,9.665138216928265e-17,1.570451306325356e-16,2.219834171287308e-10,1.9506264935139573e-13,1.1780807757830348e-16,2.2198341717974233e-10,9.792009974655518e-17,1.269643807582643e-16,9.670463494368252e-17,2.2198333971205334e-10,1.0476787790851982e-16,1.2076210819504117e-15,9.70190231855118e-17,2.219834413574208e-10,1.2853146454453848e-16,1.7656262299979261e-16,2.2198341634993038e-10,1.3941699826952854e-16,2.219834117410892e-10,2.21983441711733e-10,9.797343267730184e-17,2.2198341716209594e-10,2.2198344388034997e-10,9.670463494368252e-17,9.826232566605148e-17,1.430375502409179e-16,1.2866860206367162e-16,9.832567517956352e-17
0.9999970872157067,0.9999944895296174,7.034509591371692e-07,0.999994516861714,2.2218205711026033e-10,0.9999944895296204,5.777540426126192e-07,2.1874986527603287e-10,2.2218205713668337e-10,2.2198344135886642e-10,0.9999977987775648,2.2198344104303268e-10,2.1874986530635044e-10,0.9999946034568349,0.9999941852790717,0.9999946335629623,2.187498648067273e-10,7.047192049885022e-07,0.9999944895296196,2.2198344064696982e-10,2.6561038696837577e-10,0.9999944895296194,2.203036764374239e-10,5.714205049070575e-07,2.1874986527046455e-10,0.9999941314608699,2.3694447961880334e-10,5.424225244406348e-06,2.1874986493598533e-10,0.999994602110941,5.777540426851649e-07,7.916391053890018e-07,0.9999944858244956,6.263928869854594e-07,0.9999944658103518,0.9999946037037729,2.2152856309763318e-10,0.9999944895296198,0.9999946138324712,2.1874986509278122e-10,2.2198344179494177e-10,3.2445666093019354e-10,5.77754043251194e-07,2.215285631601381e-10
3.298344180422852e-06,2.219834169940306e-10,1.567745881564111e-16,2.2198342258154433e-10,9.903006848338139e-17,2.2198341693638086e-10,1.2866860206367162e-16,9.670463494368252e-17,9.865492110355611e-17,9.865005209666041e-17,2.2198344104303268e-10,3.1966674789471664e-06,9.682091022918837e-17,4.4104948509881384e-07,2.2198335108286858e-10,4.4104949809883977e-07,9.680034389725657e-17,1.5702571603003567e-16,2.219834168351599e-10,9.865005209666041e-17,1.178080723835859e-16,2.2198341699403026e-10,9.782496192023709e-17,1.2747554830002047e-16,9.70190231855118e-17,2.219833394904756e-10,1.0484340595952592e-16,1.2077318454451004e-15,9.70190231855118e-17,2.2198344105375362e-10,1.2866860206367162e-16,1.7655251592881621e-16,2.2198341591184442e-10,1.397592794817371e-16,2.219834117796712e-10,2.21983441417712e-10,9.797343267730184e-17,2.2198341688331666e-10,2.219834435864275e-10,9.680034389725657e-17,1.9506264999833947e-13,1.430375502409179e-16,1.2853146454453848e-16,9.787126813636701e-17
3.291919554631787e-06,2.1874983991964179e-10,1.5422265660245673e-16,2.1874984609875562e-10,9.681367764046708e-17,2.1874983991964179e-10,1.268784813728382e-16,1.8945658441838953e-13,9.658600358192048e-17,9.70190231855118e-17,2.1874986530635044e-10,9.682091022918837e-17,3.1966674698469473e-06,4.3462482928471965e-07,2.1874977138147905e-10,4.34624842680032e-07,1.8945658433079676e-13,1.5460427095324446e-16,2.1874983989184113e-10,9.670463494368252e-17,1.1580658286572302e-16,2.187498398648569e-10,9.59919522093122e-17,1.254104985490392e-16,1.894565846263627e-13,2.1874975934692399e-10,2.052252547176834e-13,1.1906500957254484e-15,1.8945658447321657e-13,2.1874986530955385e-10,1.26744153354469e-16,1.7350715105298364e-16,2.1874983917158408e-10,1.376297973300855e-16,2.187498346244915e-10,2.1874986575753696e-10,9.648168061021794e-17,2.1874983985923814e-10,2.1874986804492053e-10,1.8945658448346222e-13,9.680034389725657e-17,1.4180356102515798e-16,1.2685100452355123e-16,9.672370248887135e-17
0.9999970885615925,0.999994490875515,3.5405203040592914e-10,0.9999945182076098,4.4144410712342025e-07,0.9999944908755174,2.9078784900304566e-10,4.346248291482369e-07,4.41444107167464e-07,4.41049485683419e-07,0.9999946034568349,4.4104948509881384e-07,4.3462482928471965e-07,0.9999978014693613,0.9999941866249703,0.9999946349088562,4.3462482840309043e-07,3.546903467267856e-10,0.9999944908755165,4.410494842942248e-07,2.656103873305535e-10,0.9999944908755162,4.3771203159183635e-07,2.876001321827101e-10,4.346248292376774e-07,0.9999941328067676,4.707749370392459e-07,5.424225251285667e-06,4.3462482855838154e-07,0.9999946034568361,2.9078784899677904e-10,3.9843777086153204e-10,0.9999944871703912,3.152681361756964e-10,0.9999944671562491,0.9999946050496692,4.4014570708916623e-07,0.9999944908755164,0.999994615178366,4.3462482887812356e-07,4.4104948655492774e-07,6.446491800885335e-07,2.9078784932188563e-10,4.4014570721939363e-07
0.9999966703849987,0.9999940726977108,7.034506502508517e-07,0.9999941000298177,2.2218196808198187e-10,0.9999940726977129,2.9078772654498834e-10,2.187497715257391e-10,2.2218196794098188e-10,2.2198335136445422e-10,0.9999941852790717,2.2198335108286858e-10,2.1874977138147905e-10,0.9999941866249703,0.9999969651135434,0.999994216731102,2.1874977092933525e-10,7.047189097145934e-07,0.9999940726977116,2.2198335067169328e-10,2.656102777840657e-10,0.9999940726977108,2.2030358552307247e-10,5.71420275087642e-07,2.1874977149396695e-10,0.9999937146288217,2.3694437855992227e-10,2.730051242265945e-09,2.1874977117991064e-10,0.9999941852790729,2.907877265059253e-10,7.916387674615447e-07,0.9999940689925871,6.263926245748647e-07,0.9999940489784358,0.9999941868719046,2.2152847213663988e-10,0.9999940726977116,0.9999941970006079,2.1874977126379035e-10,2.2198335180591496e-10,3.2445652931209446e-10,2.907877264423699e-10,2.2152847216524665e-10
0.9999971186676464,0.9999945209816421,7.034509823434554e-07,0.9999945483137388,4.4144412002418457e-07,0.9999945209816442,5.77754060965666e-07,4.346248425435492e-07,4.4144412006822816e-07,4.410494986834449e-07,0.9999946335629623,4.4104949809883977e-07,4.34624842680032e-07,0.9999946349088562,0.999994216731102,0.9999978616816233,4.346248417984026e-07,7.047192272711196e-07,0.9999945209816442,4.410494972942506e-07,5.277300292331708e-07,0.9999945209816442,4.3771204467441284e-07,5.714205223205289e-07,4.3462484263299016e-07,0.9999941629129031,4.707749515024847e-07,5.424225412416954e-06,4.3462484195369435e-07,0.999994633562963,5.777540610382118e-07,7.916391308447814e-07,0.9999945172765196,6.26392906788403e-07,0.9999944972623774,0.9999946351557939,4.4014572019088885e-07,0.9999945209816442,0.9999946452844909,4.3462484227343637e-07,4.410494995549538e-07,6.446491990997273e-07,5.777540616042406e-07,4.401457203211157e-07
3.2919195540971858e-06,2.1874983942035107e-10,1.5422265660245673e-16,2.1874984570373937e-10,9.710396692861318e-17,2.1874983949130213e-10,1.2677403502646562e-16,1.894565842630569e-13,9.686665425583059e-17,9.665138216928265e-17,2.187498648067273e-10,9.680034389725657e-17,1.8945658433079676e-13,4.3462482840309043e-07,2.1874977092933525e-10,4.346248417984026e-07,3.1966674698469473e-06,1.5462303885446178e-16,2.1874983951319067e-10,9.671078415151232e-17,1.1590766108157033e-16,2.187498393833178e-10,9.611361159906452e-17,1.254104985490392e-16,1.894565844710303e-13,2.1874975887379234e-10,2.052252545530703e-13,1.1906501822739508e-15,1.894565843178841e-13,2.18749864934821e-10,1.2696571752515096e-16,1.7360353814919417e-16,2.1874983877605575e-10,1.376297973300855e-16,2.1874983418188886e-10,2.1874986522117392e-10,9.654078453473752e-17,2.1874983943173654e-10,2.1874986753915914e-10,1.894565843281298e-13,9.683599843261062e-17,1.4180356102515798e-16,1.2696571752515096e-16,9.636390234305998e-17
3.5620138270641867e-06,3.546903061130722e-10,4.973351428610766e-13,3.546903159173671e-10,1.5716500596564866e-16,3.5469030589938697e-10,4.084806122521735e-13,1.5475264512428172e-16,1.5716500596564866e-16,1.570451306325356e-16,7.047192049885022e-07,1.5702571603003567e-16,1.5460427095324446e-16,3.546903467267856e-10,7.047189097145934e-07,7.047192272711196e-07,1.5462303885446178e-16,3.196667783564364e-06,3.5469030630541695e-10,1.570451306325356e-16,1.8781881859310787e-16,3.546903059374412e-10,1.5566145343013875e-16,2.0362308225004265e-16,1.5460427095324446e-16,3.5469017848453886e-10,1.6774401418375527e-16,1.9301156926394445e-15,1.5460427095324446e-16,7.047192049885029e-07,4.0848061217278554e-13,2.81828020798083e-16,7.047191225950073e-07,4.4287144666276556e-13,3.5469029787049706e-10,7.047192061144013e-07,1.5671615772180058e-16,3.5469030589938697e-10,7.047192132969767e-07,1.5466044803936885e-16,1.5695412190690115e-16,2.294599162988103e-16,4.084806125607905e-13,1.5678277065960794e-16
0.9999969746346933,0.9999943769482882,3.540519877368886e-10,0.9999944042803882,2.221820329976307e-10,0.9999943769482919,2.9078781560449095e-10,2.1874983984201978e-10,2.2218203295122967e-10,2.219834171287308e-10,0.9999944895296196,2.219834168351599e-10,2.1874983989184113e-10,0.9999944908755165,0.9999940726977116,0.9999945209816442,2.1874983951319067e-10,3.5469030630541695e-10,0.9999975736148818,2.219834165171794e-10,2.6561035765972353e-10,0.9999943769482903,2.2030365183002229e-10,2.876001005410531e-10,2.187498398220524e-10,0.9999940188795046,2.369444523138075e-10,5.4242246439789204e-06,2.187498396229845e-10,0.9999944895296208,2.907878156864229e-10,3.98437724579661e-10,0.9999943732431658,3.152680999677448e-10,0.9999943532290222,0.9999944911224523,2.2152853850880666e-10,0.9999943769482894,0.9999945012511541,2.1874983973127144e-10,2.2198341743213357e-10,3.2445662538358293e-10,2.90787815950387e-10,2.215285383850845e-10
3.298344180263808e-06,2.219834164485013e-10,1.5682752777879802e-16,2.2198342213097313e-10,9.826957575553238e-17,2.2198341642333413e-10,1.2853146454453848e-16,9.680973671730564e-17,9.826957575553238e-17,1.9506264935139573e-13,2.2198344064696982e-10,9.865005209666041e-17,9.670463494368252e-17,4.410494842942248e-07,2.2198335067169328e-10,4.410494972942506e-07,9.671078415151232e-17,1.570451306325356e-16,2.219834165171794e-10,3.1966674789471664e-06,1.1752988447010688e-16,2.2198341663866196e-10,9.782496192023709e-17,1.269643807582643e-16,9.672987380131051e-17,2.2198333908704738e-10,1.0493013969328048e-16,1.2076339870256437e-15,9.680034389725657e-17,2.219834406638757e-10,1.2866860206367162e-16,1.7667285967673486e-16,2.2198341552019616e-10,1.3941699826952854e-16,2.2198341133844915e-10,2.2198344101226896e-10,9.769640922497305e-17,2.219834165171794e-10,2.2198344318296126e-10,9.680034389725657e-17,9.826232566605148e-17,1.4401550695507332e-16,1.28582847697457e-16,9.832567517956352e-17
3.385024683293531e-06,2.6561035753106003e-10,1.8724827679119332e-16,5.277299684822902e-07,1.1732118293253072e-16,2.6561035753105837e-10,1.538551698921802e-16,1.1586977674687522e-16,1.1716601009956982e-16,1.1780807757830348e-16,2.6561038696837577e-10,1.178080723835859e-16,1.1580658286572302e-16,2.656103873305535e-10,2.656102777840657e-10,5.277300292331708e-07,1.1590766108157033e-16,1.8781881859310787e-16,2.6561035765972353e-10,1.1752988447010688e-16,3.196667563403468e-06,2.6561035762208826e-10,1.168053216337913e-16,1.5230443915334983e-16,1.1578706930777763e-16,2.6561026407499687e-10,1.257041968294107e-16,1.4448989210107508e-15,1.1578706930777763e-16,2.6561038708278845e-10,1.5391749869832868e-16,4.1921885429034925e-13,2.6561035654293033e-10,1.6698932493823584e-16,2.6561035129721285e-10,5.277300136947784e-07,1.1734473521950172e-16,2.6561035756660956e-10,5.277300189297542e-07,1.1578706930777763e-16,1.179844383482945e-16,3.4120788262314673e-13,1.5391749869832868e-16,1.1731041969556295e-16
0.9999969746346958,0.9999943769482885,3.540519878676368e-10,0.9999944042803879,2.221820329976307e-10,0.9999943769482906,2.907878155829461e-10,2.187498398522129e-10,2.2218203295122967e-10,2.2198341717974233e-10,0.9999944895296194,2.2198341699403026e-10,2.187498398648569e-10,0.9999944908755162,0.9999940726977108,0.9999945209816442,2.187498393833178e-10,3.546903059374412e-10,0.9999943769482903,2.2198341663866196e-10,2.6561035762208826e-10,0.9999975736148874,2.203036518446888e-10,2.8760010058938743e-10,2.187498399018824e-10,0.9999940188795046,2.3694445228244865e-10,5.4242246439789255e-06,2.1874983954785024e-10,0.9999944895296213,2.907878156223445e-10,3.9843772450891556e-10,0.9999943732431653,3.15268100038647e-10,0.9999943532290222,0.9999944911224536,2.2152853850880666e-10,0.9999943769482903,0.9999945012511547,2.1874983967939964e-10,2.2198341764456133e-10,3.24456625375465e-10,2.907878158462654e-10,2.2152853844941884e-10
3.295006734001083e-06,2.2030365182053393e-10,1.5551534292074615e-16,2.2030365786080136e-10,9.814097409062384e-17,2.2030365183002229e-10,1.2743312892446668e-16,9.608134445945195e-17,9.763423900242544e-17,9.792009974655518e-17,2.203036764374239e-10,9.782496192023709e-17,9.59919522093122e-17,4.3771203159183635e-07,2.2030358552307247e-10,4.3771204467441284e-07,9.611361159906452e-17,1.5566145343013875e-16,2.2030365183002229e-10,9.782496192023709e-17,1.168053216337913e-16,2.203036518446888e-10,3.1966674730779477e-06,1.2655852253075963e-16,9.605357135018419e-17,2.2030357371471315e-10,1.0401657472927075e-16,1.1986072895818616e-15,9.623390916407576e-17,2.2030367641663095e-10,1.2743312892446668e-16,1.7479230172303751e-16,2.2030365079551883e-10,1.3868234427529576e-16,2.2030364699784664e-10,2.203036766888472e-10,1.932596354318282e-13,2.2030365191611204e-10,2.2030367903153656e-10,9.611361159906452e-17,9.782496192023709e-17,2.830294675683396e-13,1.2778360701845294e-16,1.932596354429982e-13
3.4287151417695325e-06,2.8760010060581995e-10,4.0368534224610084e-13,2.8760010829989847e-10,1.2735226824193983e-16,2.8760010059956377e-10,1.6666465547721503e-16,1.254104985490392e-16,1.2735226824193983e-16,1.269643807582643e-16,5.714205049070575e-07,1.2747554830002047e-16,1.254104985490392e-16,2.876001321827101e-10,5.71420275087642e-07,5.714205223205289e-07,1.254104985490392e-16,2.0362308225004265e-16,2.876001005410531e-10,1.269643807582643e-16,1.5230443915334983e-16,2.8760010058938743e-10,1.2655852253075963e-16,3.1966676109139725e-06,1.2533495172165506e-16,2.8760000119064845e-10,1.3589280752816962e-16,1.5644554211627804e-15,1.2533495172165506e-16,5.71420504907058e-07,1.6666465547721503e-16,4.540224554451482e-13,2.8760009943771607e-10,1.8048420362837481e-16,2.876000939479635e-10,2.876001324161916e-10,1.270276502735928e-16,2.8760010060581995e-10,5.71420511335672e-07,1.254104985490392e-16,1.268582904252639e-16,1.8586870774862516e-16,1.6657187361987133e-16,1.269942456288846e-16
3.291919554648064e-06,2.187498397900646e-10,1.543230684550511e-16,2.1874984621028396e-10,9.710396692861318e-17,2.187498398220524e-10,1.2688080465645626e-16,1.8945658455862302e-13,9.658600358192048e-17,9.670463494368252e-17,2.1874986527046455e-10,9.70190231855118e-17,1.894565846263627e-13,4.346248292376774e-07,2.1874977149396695e-10,4.3462484263299016e-07,1.894565844710303e-13,1.5460427095324446e-16,2.187498398220524e-10,9.672987380131051e-17,1.1578706930777763e-16,2.187498399018824e-10,9.605357135018419e-17,1.2533495172165506e-16,3.1966674698469473e-06,2.187497593768237e-10,2.0522525486970277e-13,1.1906500957254484e-15,1.894565846134503e-13,2.1874986534750216e-10,1.26744153354469e-16,1.7354144804445988e-16,2.1874983912448209e-10,1.376440376734095e-16,2.1874983462607474e-10,2.1874986565666693e-10,9.628629052208608e-17,2.1874983994786012e-10,2.1874986795156407e-10,1.894565846236959e-13,9.70190231855118e-17,1.4173057474657792e-16,1.2685216726559943e-16,9.628629052208608e-17
0.9999966165669635,0.9999940188795019,3.5405185418672406e-10,0.999994046211612,2.2218195666691798e-10,0.9999940188795051,2.907877103821023e-10,2.1874975931921018e-10,2.221819564356091e-10,2.2198333971205334e-10,0.9999941314608699,2.219833394904756e-10,2.1874975934692399e-10,0.9999941328067676,0.9999937146288217,0.9999941629129031,2.1874975887379234e-10,3.5469017848453886e-10,0.9999940188795046,2.2198333908704738e-10,2.6561026407499687e-10,0.9999940188795046,2.2030357371471315e-10,2.8760000119064845e-10,2.187497593768237e-10,0.9999968574770612,2.3694436517745936e-10,2.7300510981979726e-09,2.1874975915105646e-10,0.9999941314608699,2.907877102872279e-10,7.916387237315427e-07,0.9999940151743789,3.152679867052123e-10,0.9999939951602286,0.9999941330537023,2.2152846041270982e-10,0.9999940188795046,0.9999941431824076,2.1874975926726256e-10,2.2198334011200062e-10,3.244565123834322e-10,2.907877107162725e-10,2.2152846061204414e-10
3.328069649916424e-06,2.369444522798499e-10,1.67115050635499e-16,4.707748952929874e-07,1.0497662583439151e-16,2.3694445232554843e-10,1.3730909387961837e-16,2.0522525464383135e-13,1.0491420119487961e-16,1.0476787790851982e-16,2.3694447961880334e-10,1.0484340595952592e-16,2.052252547176834e-13,4.707749370392459e-07,2.3694437855992227e-10,4.707749515024847e-07,2.052252545530703e-13,1.6774401418375527e-16,2.369444523138075e-10,1.0493013969328048e-16,1.257041968294107e-16,2.3694445228244865e-10,1.0401657472927075e-16,1.3589280752816962e-16,2.0522525486970277e-13,2.3694436517745936e-10,3.1966675012649345e-06,1.2896824045138229e-15,2.0522525470711465e-13,2.3694447971806646e-10,1.3747365637916212e-16,1.8821861609178234e-16,2.369444516031011e-10,1.489850384470544e-16,2.3694444655800545e-10,2.369444801867618e-10,1.0460542733568353e-16,2.369444523512221e-10,2.3694448274753635e-10,2.0522525471613084e-13,1.0474181904185705e-16,1.5330862787452098e-16,1.3731408263430422e-16,1.0467723908300776e-16
8.2815180564443e-06,5.424224643978918e-06,3.83013555749941e-12,5.424224789399556e-06,1.208662449247767e-15,5.424224643978927e-06,1.5822172725606417e-15,1.1906500957254484e-15,1.2084846109826176e-15,1.2076210819504117e-15,5.424225244406348e-06,1.2077318454451004e-15,1.1906500957254484e-15,5.424225251285667e-06,2.730051242265945e-09,5.424225412416954e-06,1.1906501822739508e-15,1.9301156926394445e-15,5.4242246439789204e-06,1.2076339870256437e-15,1.4448989210107508e-15,5.4242246439789255e-06,1.1986072895818616e-15,1.5644554211627804e-15,1.1906500957254484e-15,2.7300510981979726e-09,1.2896824045138229e-15,3.196696787004514e-06,1.1908393194199204e-15,5.42422524440635e-06,1.5823202832850734e-15,4.308895659695623e-12,5.424224623879343e-06,1.7153410533338745e-15,5.424224517297055e-06,5.424225253073904e-06,1.2052826745116167e-15,5.424224643978922e-06,5.424225306708745e-06,1.1908393194199204e-15,1.2078507293570026e-15,1.7648276872806444e-15,1.5822172725606417e-15,1.20524471447993e-15
3.2919195546468534e-06,2.1874983957228024e-10,1.5416591393607789e-16,2.187498458501501e-10,9.710396692861318e-17,2.1874983947560707e-10,1.268784813728382e-16,1.8945658440547695e-13,9.686665425583059e-17,9.70190231855118e-17,2.1874986493598533e-10,9.70190231855118e-17,1.8945658447321657e-13,4.3462482855838154e-07,2.1874977117991064e-10,4.3462484195369435e-07,1.894565843178841e-13,1.5460427095324446e-16,2.187498396229845e-10,9.680034389725657e-17,1.1578706930777763e-16,2.1874983954785024e-10,9.623390916407576e-17,1.2533495172165506e-16,1.894565846134503e-13,2.1874975915105646e-10,2.0522525470711465e-13,1.1908393194199204e-15,3.1966674698469473e-06,2.1874986494248454e-10,1.2678341990778464e-16,1.7346610819947594e-16,2.1874983878638522e-10,1.375503789707893e-16,2.1874983423341097e-10,2.187498653584678e-10,9.654078453473752e-17,2.1874983957312045e-10,2.1874986758207774e-10,1.894565844705498e-13,9.670463494368252e-17,1.414704935972202e-16,1.268784813728382e-16,9.636390234305998e-17
0.9999970872157062,0.9999944895296192,7.034509591371699e-07,0.9999945168617147,2.2218205710704433e-10,0.9999944895296217,5.777540426126194e-07,2.187498651639148e-10,2.2218205712886245e-10,2.219834413574208e-10,0.999994602110941,2.2198344105375362e-10,2.1874986530955385e-10,0.9999946034568361,0.9999941852790729,0.999994633562963,2.18749864934821e-10,7.047192049885029e-07,0.9999944895296208,2.219834406638757e-10,2.6561038708278845e-10,0.9999944895296213,2.2030367641663095e-10,5.71420504907058e-07,2.1874986534750216e-10,0.9999941314608699,2.3694447971806646e-10,5.42422524440635e-06,2.1874986494248454e-10,0.999997798777566,5.777540426851655e-07,7.916391053890025e-07,0.9999944858244972,6.263928869854593e-07,0.9999944658103528,0.9999946037037736,2.2152856309656725e-10,0.9999944895296202,0.9999946138324718,2.1874986511118948e-10,2.21983441789572e-10,3.2445666103168323e-10,5.777540432511939e-07,2.2152856316765828e-10
3.4350487148214526e-06,2.9078781568516463e-10,4.0767787282126904e-13,2.907878236077866e-10,1.286252232604753e-16,2.9078781559388013e-10,3.3488068424669726e-13,1.2677403502646562e-16,1.286252232604753e-16,1.2853146454453848e-16,5.777540426851649e-07,1.2866860206367162e-16,1.26744153354469e-16,2.9078784899677904e-10,2.907877265059253e-10,5.777540610382118e-07,1.2696571752515096e-16,4.0848061217278554e-13,2.907878156864229e-10,1.2866860206367162e-16,1.5391749869832868e-16,2.907878156223445e-10,1.2743312892446668e-16,1.6666465547721503e-16,1.26744153354469e-16,2.907877102872279e-10,1.3747365637916212e-16,1.5823202832850734e-15,1.2678341990778464e-16,5.777540426851655e-07,3.196667620574657e-06,2.3078873302460367e-16,2.907878143069339e-10,3.630802504139596e-13,2.907878086824416e-10,5.777540436081737e-07,1.2824624143881233e-16,2.9078781559277693e-10,5.777540495367802e-07,1.2689950858281534e-16,1.2862750830573024e-16,1.8796208565800253e-16,3.348806845014116e-13,1.282462414388163e-16
3.6489337142382628e-06,3.984377245949755e-10,5.584025744919608e-13,7.91639036335336e-07,1.7649759774864038e-16,3.984377245774941e-10,2.3099896320370593e-16,1.7360454879420702e-16,1.7649759774864038e-16,1.7656262299979261e-16,7.916391053890018e-07,1.7655251592881621e-16,1.7350715105298364e-16,3.9843777086153204e-10,7.916387674615447e-07,7.916391308447814e-07,1.7360353814919417e-16,2.81828020798083e-16,3.98437724579661e-10,1.7667285967673486e-16,4.1921885429034925e-13,3.9843772450891556e-10,1.7479230172303751e-16,4.540224554451482e-13,1.7354144804445988e-16,7.916387237315427e-07,1.8821861609178234e-16,4.308895659695623e-12,1.7346610819947594e-16,7.916391053890025e-07,2.3078873302460367e-16,3.1966679115725307e-06,3.984377229762587e-10,2.50365453189142e-16,3.984377145813879e-10,7.916391066535589e-07,1.758941039315347e-16,3.984377245949755e-10,7.916391149223977e-07,1.7350715105298364e-16,1.767129125567216e-16,5.121578571246801e-13,2.3108768969441505e-16,1.758941039315347e-16
0.9999969709295704,0.9999943732431632,3.5405198660419183e-10,0.9999944005752617,2.221820323394722e-10,0.9999943732431662,2.9078781437420284e-10,2.1874983901574247e-10,2.2218203212180112e-10,2.2198341634993038e-10,0.9999944858244956,2.2198341591184442e-10,2.1874983917158408e-10,0.9999944871703912,0.9999940689925871,0.9999945172765196,2.1874983877605575e-10,7.047191225950073e-07,0.9999943732431658,2.2198341552019616e-10,2.6561035654293033e-10,0.9999943732431653,2.2030365079551883e-10,2.8760009943771607e-10,2.1874983912448209e-10,0.9999940151743789,2.369444516031011e-10,5.424224623879343e-06,2.1874983878638522e-10,0.9999944858244972,2.907878143069339e-10,3.984377229762587e-10,0.9999975662046314,3.152680989797341e-10,0.9999943495238939,0.9999944874173283,2.2152853754151044e-10,0.9999943732431658,0.9999944975460293,2.1874983900538889e-10,2.2198341653681388e-10,3.2445662425946505e-10,2.907878150685927e-10,2.2152853759096258e-10
3.483687536860081e-06,3.1526810007081473e-10,4.420608116492628e-13,3.1526810871312627e-10,1.3973700143574724e-16,3.1526810007812065e-10,3.6308025048455174e-13,1.376297973300855e-16,1.397021314698824e-16,1.3941699826952854e-16,6.263928869854594e-07,1.397592794817371e-16,1.376297973300855e-16,3.152681361756964e-10,6.263926245748647e-07,6.26392906788403e-07,1.376297973300855e-16,4.4287144666276556e-13,3.152680999677448e-10,1.3941699826952854e-16,1.6698932493823584e-16,3.15268100038647e-10,1.3868234427529576e-16,1.8048420362837481e-16,1.376440376734095e-16,3.152679867052123e-10,1.489850384470544e-16,1.7153410533338745e-15,1.375503789707893e-16,6.263928869854593e-07,3.630802504139596e-13,2.50365453189142e-16,3.152680989797341e-10,3.1966676768710716e-06,3.1526809251041707e-10,6.26392887986222e-07,1.3901918831153285e-16,3.1526810007377355e-10,6.263928943690405e-07,1.374997923557956e-16,1.3941699826952854e-16,2.039800865352454e-16,3.6308025075878084e-13,1.3947018196242111e-16
0.999996950915488,0.9999943532290199,7.034508582575672e-07,0.9999943805611173,2.2218202794700063e-10,0.9999943532290217,2.9078780866258595e-10,2.187498345741419e-10,2.2218202801918396e-10,2.219834117410892e-10,0.9999944658103518,2.219834117796712e-10,2.187498346244915e-10,0.9999944671562491,0.9999940489784358,0.9999944972623774,2.1874983418188886e-10,3.5469029787049706e-10,0.9999943532290222,2.2198341133844915e-10,2.6561035129721285e-10,0.9999943532290222,2.2030364699784664e-10,2.876000939479635e-10,2.1874983462607474e-10,0.9999939951602286,2.3694444655800545e-10,5.424224517297055e-06,2.1874983423341097e-10,0.9999944658103528,2.907878086824416e-10,3.984377145813879e-10,0.9999943495238939,3.1526809251041707e-10,0.9999975261763324,0.9999944674031852,2.2152853342625057e-10,0.9999943532290222,0.9999944775318854,2.1874983441096278e-10,2.2198341243777642e-10,6.44649093631256e-07,2.9078780889065133e-10,2.2152853336967783e-10
0.9999970888085399,0.999994491122452,7.034509602605637e-07,0.999994518454548,2.221820574567038e-10,0.9999944911224542,5.777540435356279e-07,2.1874986559651157e-10,2.2218205747411043e-10,2.21983441711733e-10,0.9999946037037729,2.21983441417712e-10,2.1874986575753696e-10,0.9999946050496692,0.9999941868719046,0.9999946351557939,2.1874986522117392e-10,7.047192061144013e-07,0.9999944911224523,2.2198344101226896e-10,5.277300136947784e-07,0.9999944911224536,2.203036766888472e-10,2.876001324161916e-10,2.1874986565666693e-10,0.9999941330537023,2.369444801867618e-10,5.424225253073904e-06,2.187498653584678e-10,0.9999946037037736,5.777540436081737e-07,7.916391066535589e-07,0.9999944874173283,6.26392887986222e-07,0.9999944674031852,0.9999978019632387,2.2152856345261285e-10,0.9999944911224523,0.9999946154253055,2.1874986548578944e-10,2.219834421506525e-10,6.446491803242667e-07,5.77754044174203e-07,2.215285635246537e-10
3.2974404038554123e-06,2.2152853835021295e-10,1.5652127533670146e-16,2.215285444995459e-10,9.819697407759586e-17,2.2152853835021295e-10,1.2833272712065662e-16,9.634084402013331e-17,9.84573713703231e-17,9.797343267730184e-17,2.2152856309763318e-10,9.797343267730184e-17,9.648168061021794e-17,4.4014570708916623e-07,2.2152847213663988e-10,4.4014572019088885e-07,9.654078453473752e-17,1.5671615772180058e-16,2.2152853850880666e-10,9.769640922497305e-17,1.1734473521950172e-16,2.2152853850880666e-10,1.932596354318282e-13,1.270276502735928e-16,9.628629052208608e-17,2.2152846041270982e-10,1.0460542733568353e-16,1.2052826745116167e-15,9.654078453473752e-17,2.2152856309656725e-10,1.2824624143881233e-16,1.758941039315347e-16,2.2152853754151044e-10,1.3901918831153285e-16,2.2152853342625057e-10,2.2152856345261285e-10,3.1966674727710164e-06,2.2152853849064e-10,2.2152856565896454e-10,9.628629052208608e-17,9.832567517956352e-17,1.4298804678964317e-16,1.2839945295975393e-16,1.9432447311019743e-13
0.9999969746346933,0.9999943769482882,3.540519877368886e-10,0.9999944042803882,2.2218203293419158e-10,0.9999943769482919,2.9078781549637265e-10,2.187498397580188e-10,2.2218203313993924e-10,2.2198341716209594e-10,0.9999944895296198,2.2198341688331666e-10,2.1874983985923814e-10,0.9999944908755164,0.9999940726977116,0.9999945209816442,2.1874983943173654e-10,3.5469030589938697e-10,0.9999943769482894,2.219834165171794e-10,2.6561035756660956e-10,0.9999943769482903,2.2030365191611204e-10,2.8760010060581995e-10,2.1874983994786012e-10,0.9999940188795046,2.369444523512221e-10,5.424224643978922e-06,2.1874983957312045e-10,0.9999944895296202,2.9078781559277693e-10,3.984377245949755e-10,0.9999943732431658,3.1526810007377355e-10,0.9999943532290222,0.9999944911224523,2.2152853849064e-10,0.9999975736148818,0.9999945012511541,2.1874983975707365e-10,2.219834176064645e-10,3.2445662548252805e-10,2.9078781588240497e-10,2.215285383850845e-10
0.9999970989372016,0.9999945012511507,7.034509678847709e-07,0.9999945285832467,2.221820595936803e-10,0.9999945012511541,5.777540494642344e-07,2.1874986790465862e-10,2.2218205961647453e-10,2.2198344388034997e-10,0.9999946138324712,2.219834435864275e-10,2.1874986804492053e-10,0.999994615178366,0.9999941970006079,0.9999946452844909,2.1874986753915914e-10,7.047192132969767e-07,0.9999945012511541,2.2198344318296126e-10,5.277300189297542e-07,0.9999945012511547,2.2030367903153656e-10,5.71420511335672e-07,2.1874986795156407e-10,0.9999941431824076,2.3694448274753635e-10,5.424225306708745e-06,2.1874986758207774e-10,0.9999946138324718,5.777540495367802e-07,7.916391149223977e-07,0.9999944975460293,6.263928943690405e-07,0.9999944775318854,0.9999946154253055,2.2152856565896454e-10,0.9999945012511541,0.999997822220634,2.1874986774152523e-10,2.219834443170335e-10,6.446491866221941e-07,5.777540501028092e-07,2.2152856570920382e-10
3.2919195547863835e-06,2.1874983975707365e-10,1.5418939336536272e-16,2.1874984605362643e-10,9.686665425583059e-17,2.187498398158884e-10,1.2677403502646562e-16,1.894565844157227e-13,9.686665425583059e-17,9.670463494368252e-17,2.1874986509278122e-10,9.680034389725657e-17,1.8945658448346222e-13,4.3462482887812356e-07,2.1874977126379035e-10,4.3462484227343637e-07,1.894565843281298e-13,1.5466044803936885e-16,2.1874983973127144e-10,9.680034389725657e-17,1.1578706930777763e-16,2.1874983967939964e-10,9.611361159906452e-17,1.254104985490392e-16,1.894565846236959e-13,2.1874975926726256e-10,2.0522525471613084e-13,1.1908393194199204e-15,1.894565844705498e-13,2.1874986511118948e-10,1.2689950858281534e-16,1.7350715105298364e-16,2.1874983900538889e-10,1.374997923557956e-16,2.1874983441096278e-10,2.1874986548578944e-10,9.628629052208608e-17,2.1874983975707365e-10,2.1874986774152523e-10,3.1966674698469473e-06,9.670463494368252e-17,1.414704935972202e-16,1.2685100452355123e-16,9.636390234305998e-17
3.2983441810568096e-06,2.2198341759608614e-10,1.567745881564111e-16,2.2198342329411178e-10,9.863715785266885e-17,2.2198341764456133e-10,1.286763451311605e-16,9.682091022918837e-17,9.863715785266885e-17,9.826232566605148e-17,2.2198344179494177e-10,1.9506264999833947e-13,9.680034389725657e-17,4.4104948655492774e-07,2.2198335180591496e-10,4.410494995549538e-07,9.683599843261062e-17,1.5695412190690115e-16,2.2198341743213357e-10,9.826232566605148e-17,1.179844383482945e-16,2.2198341764456133e-10,9.782496192023709e-17,1.268582904252639e-16,9.70190231855118e-17,2.2198334011200062e-10,1.0474181904185705e-16,1.2078507293570026e-15,9.670463494368252e-17,2.21983441789572e-10,1.2862750830573024e-16,1.767129125567216e-16,2.2198341653681388e-10,1.3941699826952854e-16,2.2198341243777642e-10,2.219834421506525e-10,9.832567517956352e-17,2.219834176064645e-10,2.219834443170335e-10,9.670463494368252e-17,3.1966674789471465e-06,1.4401550695507332e-16,1.286763451311605e-16,9.797343267730184e-17
