1.0000000034014487,1.0000017666372698,1.0000017768747984,1.000001766637266,1.0000017666372631,1.0000017650563817,1.0000017666372647,1.0000017666372674,1.0000017666372674,1.000001773799042,1.0000017666372674,1.0000017666372674,1.0000017650563844,1.000001766637265,1.000001766637266,1.000001766637266,1.0000017663173766,1.000001766637268,1.0000017666372671,1.0000017666372671,1.000001773799037,1.0000017650563824,1.0000017768747937,1.0000017737990412,2.3056714545449397e-06,1.0000017666372643,1.9897102420489978e-06,1.000001766637264,1.0000017768747937,4.359114250523809e-06,1.0000017666372698,1.000001766637265,1.0000017666372634,1.702040966621099e-06
1.0000017666372698,1.0000019059772074,1.0000003448418444,1.0000003346043433,1.0000003346043433,1.0000003330233824,1.0000003346043442,1.000000334604344,1.000000334604344,1.0000003417660968,1.000000334604344,1.000000334604344,1.0000003330233833,1.000000334604345,1.0000003346043436,1.0000003346043436,1.0000003342844506,1.0000003346043436,1.0000003346043445,1.0000003346043445,1.0000003417660968,1.000000333023382,1.0000003448418453,1.0000003417660968,7.226709795826887e-07,1.000000334604344,4.0670974771426234e-07,1.000000334604345,1.0000003448418453,2.776114051628865e-06,1.0000003346043433,1.000000334604345,1.0000003346043436,6.003602682047699e-11
1.0000017768747984,1.0000003448418444,1.0000019264521784,1.0000003448418398,1.0000003448418406,1.0000003432608755,1.0000003448418417,1.0000003448418404,1.0000003448418404,1.000000352003592,1.0000003448418404,1.0000003448418404,1.0000003432608755,1.0000003448418422,1.0000003448418402,1.0000003448418398,1.0000003445219479,1.0000003448418402,1.0000003448418404,1.0000003448418404,1.000000352003593,1.0000003432608726,1.0000003550793413,1.0000003520035925,3.6446681690284123e-10,1.000000344841841,2.051171427067888e-10,1.000000344841842,1.0000003550793413,2.7761140819946582e-06,1.000000344841841,1.0000003448418422,1.000000344841841,6.003602734327113e-11
1.000001766637266,1.0000003346043433,1.0000003448418398,1.0000019059772005,1.0000003346043387,1.0000003330233793,1.0000003346043398,1.0000003346043387,1.0000003346043387,1.0000003417660912,1.0000003346043387,1.0000003346043387,1.0000003330233795,1.0000003346043398,1.0000003346043382,1.000000334604338,1.0000003342844463,1.0000003346043396,1.0000003346043387,1.0000003346043387,1.0000003417660919,1.0000003330233764,1.000000344841841,1.0000003417660919,7.226709795826875e-07,1.0000003346043396,4.067097477142609e-07,1.0000003346043398,1.000000344841841,2.77611405162886e-06,1.0000003346043387,1.0000003346043398,1.0000003346043387,6.003602684190902e-11
1.0000017666372631,1.0000003346043433,1.0000003448418406,1.0000003346043387,1.000001905977208,1.000000333023379,1.0000003346043405,1.000000334604339,1.000000334604339,1.0000003417660919,1.000000334604339,1.000000334604339,1.0000003330233795,1.0000003346043405,1.000000334604339,1.0000003346043387,1.000000334284446,1.0000003346043396,1.000000334604339,1.000000334604339,1.000000341766093,1.000000333023378,1.0000003448418413,1.0000003417660919,7.226709795826883e-07,1.0000003346043396,4.067097477142612e-07,1.0000003346043405,1.0000003448418413,2.7761140516288616e-06,1.000000334604339,1.0000003346043405,1.0000003346043396,6.003602692774405e-11
1.0000017650563817,1.0000003330233824,1.0000003432608755,1.0000003330233793,1.000000333023379,1.0000019028152236,1.0000003330233809,1.00000033302338,1.00000033302338,1.000000340185128,1.00000033302338,1.00000033302338,1.0000003314424029,1.0000003330233809,1.00000033302338,1.000000333023379,1.0000003327034874,1.0000003330233802,1.00000033302338,1.00000033302338,1.0000003401851287,1.000000331442402,1.0000003432608755,1.0000003401851287,3.6446680971700517e-10,1.00000033302338,2.051171392382345e-10,1.000000333023381,1.0000003432608755,1.400085861004994e-09,1.00000033302338,1.0000003330233809,1.0000003330233806,6.003602661714813e-11
1.0000017666372647,1.0000003346043442,1.0000003448418417,1.0000003346043398,1.0000003346043405,1.0000003330233809,1.0000019059772083,1.0000003346043405,1.0000003346043405,1.0000003417660934,1.0000003346043405,1.0000003346043405,1.0000003330233809,1.0000003346043416,1.0000003346043405,1.0000003346043396,1.0000003342844475,1.0000003346043402,1.0000003346043405,1.0000003346043405,1.0000003417660934,1.0000003330233787,1.0000003448418417,1.0000003417660939,7.226709795826886e-07,1.0000003346043407,4.0670974771426165e-07,1.0000003346043416,1.0000003448418417,2.7761140516288638e-06,1.0000003346043407,1.0000003346043416,1.0000003346043411,6.003602686666664e-11
1.0000017666372674,1.000000334604344,1.0000003448418404,1.0000003346043387,1.000000334604339,1.00000033302338,1.0000003346043405,1.0000019059771987,1.0000003346043396,1.0000003417660912,1.0000003346043396,1.0000003346043396,1.00000033302338,1.0000003346043405,1.0000003346043387,1.0000003346043382,1.0000003342844466,1.0000003346043396,1.0000003346043396,1.0000003346043396,1.0000003417660925,1.0000003330233767,1.0000003448418417,1.0000003417660919,7.226709795826881e-07,1.0000003346043398,4.067097477142611e-07,1.0000003346043407,1.0000003448418417,2.776114051628863e-06,1.0000003346043396,1.0000003346043405,1.0000003346043402,6.003602684684549e-11
1.0000017666372674,1.000000334604344,1.0000003448418404,1.0000003346043387,1.000000334604339,1.00000033302338,1.0000003346043405,1.0000003346043396,1.0000019059771987,1.0000003417660912,1.0000003346043396,1.0000003346043396,1.00000033302338,1.0000003346043405,1.0000003346043387,1.0000003346043382,1.0000003342844466,1.0000003346043396,1.0000003346043396,1.0000003346043396,1.0000003417660925,1.0000003330233767,1.0000003448418417,1.0000003417660919,7.226709795826881e-07,1.0000003346043398,4.067097477142611e-07,1.0000003346043407,1.0000003448418417,2.776114051628863e-06,1.0000003346043396,1.0000003346043405,1.0000003346043402,6.003602684190902e-11
1.000001773799042,1.0000003417660968,1.000000352003592,1.0000003417660912,1.0000003417660919,1.000000340185128,1.0000003417660934,1.0000003417660912,1.0000003417660912,1.0000019203006896,1.0000003417660912,1.0000003417660912,1.0000003401851294,1.0000003417660934,1.0000003417660912,1.0000003417660912,1.0000003414461995,1.0000003417660914,1.0000003417660912,1.0000003417660912,1.0000003489278444,1.0000003401851265,1.0000003520035925,1.000000348927844,7.226709831217997e-07,1.0000003417660925,2.0511714358340847e-10,1.0000003417660934,1.0000003520035925,2.776114072839107e-06,1.0000003417660919,1.0000003417660934,1.0000003417660928,6.003602710581936e-11
1.0000017666372674,1.000000334604344,1.0000003448418404,1.0000003346043387,1.000000334604339,1.00000033302338,1.0000003346043405,1.0000003346043396,1.0000003346043396,1.0000003417660912,1.000001905977199,1.0000003346043396,1.00000033302338,1.0000003346043405,1.000000334604339,1.0000003346043382,1.0000003342844466,1.0000003346043396,1.0000003346043396,1.0000003346043396,1.0000003417660925,1.000000333023377,1.0000003448418417,1.0000003417660919,7.226709795826881e-07,1.0000003346043398,4.067097477142611e-07,1.0000003346043407,1.0000003448418417,2.7761140516288633e-06,1.0000003346043396,1.0000003346043405,1.0000003346043402,6.003602688042015e-11
1.0000017666372674,1.000000334604344,1.0000003448418404,1.0000003346043387,1.000000334604339,1.00000033302338,1.0000003346043405,1.0000003346043396,1.0000003346043396,1.0000003417660912,1.0000003346043396,1.000001905977199,1.00000033302338,1.0000003346043405,1.000000334604339,1.0000003346043382,1.0000003342844466,1.0000003346043396,1.0000003346043396,1.0000003346043396,1.0000003417660925,1.000000333023377,1.0000003448418417,1.0000003417660919,7.226709795826881e-07,1.0000003346043398,4.067097477142611e-07,1.0000003346043407,1.0000003448418417,2.7761140516288633e-06,1.0000003346043396,1.0000003346043405,1.0000003346043402,6.003602686666664e-11
1.0000017650563844,1.0000003330233833,1.0000003432608755,1.0000003330233795,1.0000003330233795,1.0000003314424029,1.0000003330233809,1.00000033302338,1.00000033302338,1.0000003401851294,1.00000033302338,1.00000033302338,1.0000019028152254,1.0000003330233806,1.0000003330233795,1.0000003330233795,1.0000003327034879,1.000000333023379,1.00000033302338,1.00000033302338,1.0000003401851287,1.0000003314424009,1.0000003432608762,1.0000003401851285,3.6446680971977627e-10,1.00000033302338,2.0511713978755343e-10,1.0000003330233809,1.0000003432608762,1.400085861092876e-09,1.00000033302338,1.0000003330233809,1.0000003330233802,6.003602651304436e-11
1.000001766637265,1.000000334604345,1.0000003448418422,1.0000003346043398,1.0000003346043405,1.0000003330233809,1.0000003346043416,1.0000003346043405,1.0000003346043405,1.0000003417660934,1.0000003346043405,1.0000003346043405,1.0000003330233806,1.000001905977201,1.0000003346043402,1.0000003346043398,1.0000003342844475,1.0000003346043402,1.0000003346043405,1.0000003346043405,1.0000003417660939,1.0000003330233787,1.000000344841842,1.0000003417660939,7.226709795826886e-07,1.0000003346043407,4.067097477142617e-07,1.000000334604342,1.000000344841842,2.7761140516288638e-06,1.0000003346043407,1.0000003346043416,1.0000003346043411,6.0036026890271e-11
1.000001766637266,1.0000003346043436,1.0000003448418402,1.0000003346043382,1.000000334604339,1.00000033302338,1.0000003346043405,1.0000003346043387,1.0000003346043387,1.0000003417660912,1.000000334604339,1.000000334604339,1.0000003330233795,1.0000003346043402,1.000001905977198,1.0000003346043382,1.0000003342844472,1.0000003346043398,1.0000003346043387,1.0000003346043387,1.000000341766092,1.000000333023377,1.000000344841841,1.000000341766092,7.226709795826878e-07,1.000000334604339,4.067097477142609e-07,1.0000003346043405,1.000000344841841,2.7761140516288616e-06,1.000000334604339,1.0000003346043402,1.0000003346043398,6.003602686848155e-11
1.000001766637266,1.0000003346043436,1.0000003448418398,1.000000334604338,1.0000003346043387,1.000000333023379,1.0000003346043396,1.0000003346043382,1.0000003346043382,1.0000003417660912,1.0000003346043382,1.0000003346043382,1.0000003330233795,1.0000003346043398,1.0000003346043382,1.0000019059772,1.0000003342844455,1.0000003346043396,1.0000003346043382,1.0000003346043382,1.0000003417660919,1.0000003330233764,1.000000344841841,1.0000003417660919,7.226709795826873e-07,1.000000334604339,4.067097477142609e-07,1.0000003346043398,1.000000344841841,2.776114051628859e-06,1.0000003346043387,1.0000003346043398,1.0000003346043387,6.003602682047699e-11
1.0000017663173766,1.0000003342844506,1.0000003445219479,1.0000003342844463,1.000000334284446,1.0000003327034874,1.0000003342844475,1.0000003342844466,1.0000003342844466,1.0000003414461995,1.0000003342844466,1.0000003342844466,1.0000003327034879,1.0000003342844475,1.0000003342844472,1.0000003342844455,1.000001905337419,1.0000003342844463,1.0000003342844466,1.0000003342844466,1.0000003414462,1.0000003327034857,1.0000003445219485,1.0000003414462004,7.226709793726952e-07,1.0000003342844466,4.0670974759653767e-07,1.0000003342844475,1.0000003445219485,2.7761140507221434e-06,1.0000003342844466,1.0000003342844475,1.0000003342844466,1.190404530262008e-07
1.000001766637268,1.0000003346043436,1.0000003448418402,1.0000003346043396,1.0000003346043396,1.0000003330233802,1.0000003346043402,1.0000003346043396,1.0000003346043396,1.0000003417660914,1.0000003346043396,1.0000003346043396,1.000000333023379,1.0000003346043402,1.0000003346043398,1.0000003346043396,1.0000003342844463,1.0000019059772016,1.0000003346043396,1.0000003346043396,1.000000341766093,1.0000003330233778,1.0000003448418406,1.0000003417660919,7.226709795826875e-07,1.0000003346043396,4.0670974771426117e-07,1.0000003346043402,1.0000003448418406,2.7761140516288612e-06,1.0000003346043398,1.0000003346043402,1.00000033460434,6.00360268784529e-11
1.0000017666372671,1.0000003346043445,1.0000003448418404,1.0000003346043387,1.000000334604339,1.00000033302338,1.0000003346043405,1.0000003346043396,1.0000003346043396,1.0000003417660912,1.0000003346043396,1.0000003346043396,1.00000033302338,1.0000003346043405,1.0000003346043387,1.0000003346043382,1.0000003342844466,1.0000003346043396,1.000001905977199,1.0000003346043396,1.0000003417660923,1.0000003330233767,1.0000003448418417,1.0000003417660919,7.226709795826874e-07,1.0000003346043398,4.0670974771426117e-07,1.0000003346043405,1.0000003448418417,2.7761140516288616e-06,1.0000003346043396,1.0000003346043405,1.0000003346043402,6.003602684077914e-11
1.0000017666372671,1.0000003346043445,1.0000003448418404,1.0000003346043387,1.000000334604339,1.00000033302338,1.0000003346043405,1.0000003346043396,1.0000003346043396,1.0000003417660912,1.0000003346043396,1.0000003346043396,1.00000033302338,1.0000003346043405,1.0000003346043387,1.0000003346043382,1.0000003342844466,1.0000003346043396,1.0000003346043396,1.000001905977199,1.0000003417660923,1.0000003330233767,1.0000003448418417,1.0000003417660919,7.226709795826874e-07,1.0000003346043398,4.0670974771426117e-07,1.0000003346043405,1.0000003448418417,2.7761140516288616e-06,1.0000003346043396,1.0000003346043405,1.0000003346043402,6.003602684684549e-11
1.000001773799037,1.0000003417660968,1.000000352003593,1.0000003417660919,1.000000341766093,1.0000003401851287,1.0000003417660934,1.0000003417660925,1.0000003417660925,1.0000003489278444,1.0000003417660925,1.0000003417660925,1.0000003401851287,1.0000003417660939,1.000000341766092,1.0000003417660919,1.0000003414462,1.000000341766093,1.0000003417660923,1.0000003417660923,1.0000019203006916,1.000000340185127,1.0000003520035936,1.0000003489278448,7.226709831218008e-07,1.0000003417660928,2.0511714265558688e-10,1.0000003417660939,1.0000003520035936,2.7761140728391087e-06,1.0000003417660925,1.0000003417660939,1.000000341766093,6.003602717421403e-11
1.0000017650563824,1.000000333023382,1.0000003432608726,1.0000003330233764,1.000000333023378,1.000000331442402,1.0000003330233787,1.0000003330233767,1.0000003330233767,1.0000003401851265,1.000000333023377,1.000000333023377,1.0000003314424009,1.0000003330233787,1.000000333023377,1.0000003330233764,1.0000003327034857,1.0000003330233778,1.0000003330233767,1.0000003330233767,1.000000340185127,1.0000019028152205,1.0000003432608742,1.0000003401851263,3.644668097116564e-10,1.0000003330233778,2.0511713933771677e-10,1.0000003330233795,1.0000003432608742,1.400085861092876e-09,1.000000333023377,1.0000003330233787,1.000000333023378,6.003602651304436e-11
1.0000017768747937,1.0000003448418453,1.0000003550793413,1.000000344841841,1.0000003448418413,1.0000003432608755,1.0000003448418417,1.0000003448418417,1.0000003448418417,1.0000003520035925,1.0000003448418417,1.0000003448418417,1.0000003432608762,1.000000344841842,1.000000344841841,1.000000344841841,1.0000003445219485,1.0000003448418406,1.0000003448418417,1.0000003448418417,1.0000003520035936,1.0000003432608742,1.0000019264521787,1.0000003520035934,3.6446681690284123e-10,1.0000003448418417,2.0511714268005858e-10,1.000000344841842,1.0000003550793413,2.77611408199466e-06,1.0000003448418413,1.000000344841842,1.000000344841842,6.00360274272445e-11
1.0000017737990412,1.0000003417660968,1.0000003520035925,1.0000003417660919,1.0000003417660919,1.0000003401851287,1.0000003417660939,1.0000003417660919,1.0000003417660919,1.000000348927844,1.0000003417660919,1.0000003417660919,1.0000003401851285,1.0000003417660939,1.000000341766092,1.0000003417660919,1.0000003414462004,1.0000003417660919,1.0000003417660919,1.0000003417660919,1.0000003489278448,1.0000003401851263,1.0000003520035934,1.0000019203006956,7.226709831217996e-07,1.0000003417660923,2.0511714300982905e-10,1.000000341766094,1.0000003520035934,2.776114072839108e-06,1.000000341766092,1.0000003417660939,1.000000341766093,6.003602714065675e-11
2.3056714545449397e-06,7.226709795826887e-07,3.6446681690284123e-10,7.226709795826875e-07,7.226709795826883e-07,3.6446680971700517e-10,7.226709795826886e-07,7.226709795826881e-07,7.226709795826881e-07,7.226709831217997e-07,7.226709795826881e-07,7.226709795826881e-07,3.6446680971977627e-10,7.226709795826886e-07,7.226709795826878e-07,7.226709795826873e-07,7.226709793726952e-07,7.226709795826875e-07,7.226709795826874e-07,7.226709795826874e-07,7.226709831218008e-07,3.644668097116564e-10,3.6446681690284123e-10,7.226709831217996e-07,1.5713737025057157e-06,7.226709795826881e-07,2.941425469514059e-13,7.22670979582689e-07,3.6446681690284123e-10,2.0176878362471288e-12,7.226709795826876e-07,7.226709795826886e-07,7.226709795826884e-07,4.351482304503117e-17
1.0000017666372643,1.000000334604344,1.000000344841841,1.0000003346043396,1.0000003346043396,1.00000033302338,1.0000003346043407,1.0000003346043398,1.0000003346043398,1.0000003417660925,1.0000003346043398,1.0000003346043398,1.00000033302338,1.0000003346043407,1.000000334604339,1.000000334604339,1.0000003342844466,1.0000003346043396,1.0000003346043398,1.0000003346043398,1.0000003417660928,1.0000003330233778,1.0000003448418417,1.0000003417660923,7.226709795826881e-07,1.0000019059772034,4.067097477142615e-07,1.0000003346043407,1.0000003448418417,2.776114051628862e-06,1.0000003346043396,1.0000003346043407,1.0000003346043398,6.003602685530765e-11
1.9897102420489978e-06,4.0670974771426234e-07,2.051171427067888e-10,4.067097477142609e-07,4.067097477142612e-07,2.051171392382345e-10,4.0670974771426165e-07,4.067097477142611e-07,4.067097477142611e-07,2.0511714358340847e-10,4.067097477142611e-07,4.067097477142611e-07,2.0511713978755343e-10,4.067097477142617e-07,4.067097477142609e-07,4.067097477142609e-07,4.0670974759653767e-07,4.0670974771426117e-07,4.0670974771426117e-07,4.0670974771426117e-07,2.0511714265558688e-10,2.0511713933771677e-10,2.0511714268005858e-10,2.0511714300982905e-10,2.941425469514059e-13,4.067097477142615e-07,1.5713733439381742e-06,4.067097477142617e-07,2.0511714283255636e-10,1.1356427909234942e-12,4.0670974771426096e-07,4.067097477142617e-07,4.0670974771426165e-07,2.4281634945959646e-17
1.000001766637264,1.000000334604345,1.000000344841842,1.0000003346043398,1.0000003346043405,1.000000333023381,1.0000003346043416,1.0000003346043407,1.0000003346043407,1.0000003417660934,1.0000003346043407,1.0000003346043407,1.0000003330233809,1.000000334604342,1.0000003346043405,1.0000003346043398,1.0000003342844475,1.0000003346043402,1.0000003346043405,1.0000003346043405,1.0000003417660939,1.0000003330233795,1.000000344841842,1.000000341766094,7.22670979582689e-07,1.0000003346043407,4.067097477142617e-07,1.0000019059772014,1.000000344841842,2.7761140516288638e-06,1.0000003346043407,1.0000003346043418,1.0000003346043411,6.003602686120722e-11
1.0000017768747937,1.0000003448418453,1.0000003550793413,1.000000344841841,1.0000003448418413,1.0000003432608755,1.0000003448418417,1.0000003448418417,1.0000003448418417,1.0000003520035925,1.0000003448418417,1.0000003448418417,1.0000003432608762,1.000000344841842,1.000000344841841,1.000000344841841,1.0000003445219485,1.0000003448418406,1.0000003448418417,1.0000003448418417,1.0000003520035936,1.0000003432608742,1.0000003550793413,1.0000003520035934,3.6446681690284123e-10,1.0000003448418417,2.0511714283255636e-10,1.000000344841842,1.0000019264521784,2.77611408199466e-06,1.0000003448418413,1.000000344841842,1.000000344841842,6.003602734327113e-11
4.359114250523809e-06,2.776114051628865e-06,2.7761140819946582e-06,2.77611405162886e-06,2.7761140516288616e-06,1.400085861004994e-09,2.7761140516288638e-06,2.776114051628863e-06,2.776114051628863e-06,2.776114072839107e-06,2.7761140516288633e-06,2.7761140516288633e-06,1.400085861092876e-09,2.7761140516288638e-06,2.7761140516288616e-06,2.776114051628859e-06,2.7761140507221434e-06,2.7761140516288612e-06,2.7761140516288616e-06,2.7761140516288616e-06,2.7761140728391087e-06,1.400085861092876e-09,2.77611408199466e-06,2.776114072839108e-06,2.0176878362471288e-12,2.776114051628862e-06,1.1356427909234942e-12,2.7761140516288638e-06,2.77611408199466e-06,1.5713809149227805e-06,2.776114051628862e-06,2.7761140516288638e-06,2.7761140516288633e-06,1.6756738629967805e-16
1.0000017666372698,1.0000003346043433,1.000000344841841,1.0000003346043387,1.000000334604339,1.00000033302338,1.0000003346043407,1.0000003346043396,1.0000003346043396,1.0000003417660919,1.0000003346043396,1.0000003346043396,1.00000033302338,1.0000003346043407,1.000000334604339,1.0000003346043387,1.0000003342844466,1.0000003346043398,1.0000003346043396,1.0000003346043396,1.0000003417660925,1.000000333023377,1.0000003448418413,1.000000341766092,7.226709795826876e-07,1.0000003346043396,4.0670974771426096e-07,1.0000003346043407,1.0000003448418413,2.776114051628862e-06,1.0000019059772007,1.0000003346043407,1.0000003346043402,6.00360268784529e-11
1.000001766637265,1.000000334604345,1.0000003448418422,1.0000003346043398,1.0000003346043405,1.0000003330233809,1.0000003346043416,1.0000003346043405,1.0000003346043405,1.0000003417660934,1.0000003346043405,1.0000003346043405,1.0000003330233809,1.0000003346043416,1.0000003346043402,1.0000003346043398,1.0000003342844475,1.0000003346043402,1.0000003346043405,1.0000003346043405,1.0000003417660939,1.0000003330233787,1.000000344841842,1.0000003417660939,7.226709795826886e-07,1.0000003346043407,4.067097477142617e-07,1.0000003346043418,1.000000344841842,2.7761140516288638e-06,1.0000003346043407,1.000001905977201,1.0000003346043411,6.003602684190902e-11
1.0000017666372634,1.0000003346043436,1.000000344841841,1.0000003346043387,1.0000003346043396,1.0000003330233806,1.0000003346043411,1.0000003346043402,1.0000003346043402,1.0000003417660928,1.0000003346043402,1.0000003346043402,1.0000003330233802,1.0000003346043411,1.0000003346043398,1.0000003346043387,1.0000003342844466,1.00000033460434,1.0000003346043402,1.0000003346043402,1.000000341766093,1.000000333023378,1.000000344841842,1.000000341766093,7.226709795826884e-07,1.0000003346043398,4.0670974771426165e-07,1.0000003346043411,1.000000344841842,2.7761140516288633e-06,1.0000003346043402,1.0000003346043411,1.0000019059772052,6.003602684513114e-11
1.702040966621099e-06,6.003602682047699e-11,6.003602734327113e-11,6.003602684190902e-11,6.003602692774405e-11,6.003602661714813e-11,6.003602686666664e-11,6.003602684684549e-11,6.003602684190902e-11,6.003602710581936e-11,6.003602688042015e-11,6.003602686666664e-11,6.003602651304436e-11,6.0036026890271e-11,6.003602686848155e-11,6.003602682047699e-11,1.190404530262008e-07,6.00360268784529e-11,6.003602684077914e-11,6.003602684684549e-11,6.003602717421403e-11,6.003602651304436e-11,6.00360274272445e-11,6.003602714065675e-11,4.351482304503117e-17,6.003602685530765e-11,2.4281634945959646e-17,6.003602686120722e-11,6.003602734327113e-11,1.6756738629967805e-16,6.00360268784529e-11,6.003602684190902e-11,6.003602684513114e-11,1.571373185469211e-06
