1.0000000000402787,1.9626770982832247e-09,-1.976680109042401e-08,0.9999999790087418,4.216512936426269e-09,0.9999999724926815,6.9225784859244455e-09,2.3167845956568544e-08,3.449118821214289e-09,0.9999999718498648,0.9999999810741419,2.4639389156707565e-09,2.2061295685536425e-09,9.875138214507099e-09,2.999378587653149e-08,2.459674286476386e-09,5.263693214950364e-09,1.1554716158556659e-08,6.546081494791636e-09,1.962679514712418e-09,7.025466480902628e-09,7.772381878040875e-09,3.4491227817318707e-09,0.9999999786550855,1.1892113493915808e-08,0.9999999791273456,2.4653773821221384e-09,1.8054232910799872e-09,5.211962873303085e-09,3.0740552464492993e-09,0.9999999791273442,3.4491230798686618e-09,2.4596742870476087e-09,0.9999999774940875,0.9999999815833817,6.11827852565064e-09,1.1909108644599435e-08,0.9999999780674089,3.665916579596376e-09,3.44912357990716e-09,0.9999999847467073,5.942586856689877e-09,5.45223592184445e-09,3.6659167073798985e-09,3.4491185234421225e-09,7.239650313728461e-09,3.449118521937662e-09,2.4596756845767946e-09,0.9999999794355006,3.6205857368459316e-08,3.6073430530674647e-09,2.1134932014125165e-09,0.9999999918594369,2.1134915873025774e-09,2.2884159518807624e-09,3.665914183601022e-09,6.562392377651431e-09,0.9999999780927145,0.9999999776232612,3.4491228823685653e-09
1.9626770982832247e-09,3.2364978787487165e-08,-1.3152750287926954e-12,-3.1205237843518446e-12,-1.3850105743397077e-14,-3.503412794544143e-12,1.1126599660819793e-14,-4.5064601192706017e-13,-5.930802184455008e-14,-3.2040302304440498e-12,-2.3279936374783694e-12,8.321956531159613e-14,-1.3042419586480627e-13,1.1967833333447573e-13,9.889559717974686e-13,9.059647987053898e-14,1.540925017659002e-13,1.789996914134037e-12,-2.0191030695170102e-14,-4.938958453274325e-14,-1.0412984264420484e-13,-6.146975288313866e-13,-5.930813685556284e-14,-2.873094892494027e-12,-1.0896297486043913e-12,-3.1387522276754585e-12,4.115918897905141e-14,-6.662411106875193e-13,1.863404281529967e-13,8.288127658536037e-14,-3.138752212457457e-12,-5.930801636992643e-14,9.059647987053898e-14,-2.625740915618934e-12,-2.546323949992101e-12,2.197683071549761e-13,-1.067272768827778e-12,-2.996288010756242e-12,-2.0255509980413207e-13,-5.930802184455008e-14,-3.308543155444425e-12,5.901014033357423e-14,4.6918841733383736e-14,-2.0255509980413207e-13,-5.930796810800158e-14,3.8610056394108627e-13,-5.930802184455008e-14,9.059647987053898e-14,-6.283401373940623e-09,8.202829512696089e-14,-2.0127176603311954e-13,-2.759411442117232e-14,-3.0744509609906052e-12,-2.759411442117232e-14,2.5678616424337906e-14,-2.025552369472517e-13,-1.9347131821422358e-13,-3.0182125095307287e-12,-2.736525263170254e-12,-5.930803460953166e-14
-1.976680109042401e-08,-1.3152750287926954e-12,-2.923867846962526e-08,-2.816554802377858e-08,-5.137585041255841e-15,-4.765313092410496e-08,3.143482546725614e-13,-1.1554881216231882e-11,-1.1564872510780343e-12,-3.2038552454524956e-08,3.901108637587608e-12,2.121962327174057e-12,-3.160213360074321e-12,3.0038936805142256e-12,4.9247007471425157e-08,2.3271241371599818e-12,3.653483590959372e-12,4.38008403776671e-11,-3.5375317172183567e-13,-1.3152749295214748e-12,-2.18920044371573e-12,-3.037447094523304e-08,-1.1564872532367746e-12,-1.7102692155312678e-08,-2.794099002222977e-11,-2.908259007321317e-08,8.573690316093525e-13,-1.6413871116588225e-11,4.496684877571148e-12,2.157141169163475e-12,-2.9082590073213718e-08,-1.1564873487686045e-12,2.3271241362832067e-12,-4.009767185100506e-09,-8.003769170273242e-13,5.38526669094006e-12,-2.7328756691479943e-11,-2.321114882075023e-08,-4.260982764705655e-12,-1.1564873487659119e-12,-3.700113195462497e-08,1.4801984595108134e-12,1.0070252831753474e-12,-4.260982764709211e-12,-1.1564872965147826e-12,9.438709791981544e-12,-1.1564873487659182e-12,2.3271241376507975e-12,-2.9589045432079565e-08,2.9080227276888615e-09,-4.2496161367935886e-12,-6.970348669492444e-13,-2.4984744649840894e-08,-6.970351113952695e-13,4.908104280897368e-13,-4.260982764709211e-12,-3.939306747487531e-12,-2.410789481914163e-08,-9.343895632916027e-09,-1.1564872744247475e-12
0.9999999790087418,-3.1205237843518446e-12,-2.816554802377858e-08,0.9999999261321616,-2.030602477447891e-12,0.999999889075282,-7.094947605390064e-13,1.4378021952578088e-08,-2.3862776447658734e-12,0.9999998902207552,0.9999998980423606,-2.965237440589132e-12,-2.9493962026294167e-12,5.936788888746786e-13,1.9738024140279603e-08,-2.972599336435837e-12,-1.6122288104740616e-12,4.1000342269157966e-10,-8.816008531369541e-13,-3.1205214220059254e-12,-1.2250698026341028e-09,-9.937858538265892e-11,-2.3862770539319175e-12,0.9999998944698746,4.614837502100697e-09,0.9999998937079575,-2.9234777941283945e-12,-2.9466459815705907e-12,-1.6590718738127428e-12,-2.6572658124382055e-12,0.9999998937079595,-2.3862777626788654e-12,-2.972599165807166e-12,0.9999998941687677,0.9999998972244011,-1.2305188514316849e-12,4.602508702848226e-09,0.9999998945203035,-4.536326801208703e-09,-2.3862769570780085e-12,0.9999999045541358,-1.2150211195452294e-12,-2.9115034573083487e-09,-4.536326805920524e-09,-2.3862771315373713e-12,-1.6904361281830863e-09,-2.3862776599524906e-12,-2.9725994057086417e-12,0.9999998931326064,2.605977611661793e-08,-4.594483255977102e-09,-3.0639531601947816e-12,0.9999999097716168,-3.0639535532463488e-12,-3.0041973546427295e-12,-4.536326431204941e-09,-1.783439851483401e-09,0.9999998938012908,0.999999894974114,-2.386277347160578e-12
4.216512936426269e-09,-1.3850105743397077e-14,-5.137585041255841e-15,-2.030602477447891e-12,3.2501544853414125e-08,-2.0731145343803913e-12,-4.515803818807589e-13,-1.5122619690809367e-10,2.7259598146264017e-11,-2.0001014265045684e-12,-2.0516172646665182e-12,8.018947499911328e-15,-9.127899954704461e-15,7.615081848487363e-15,9.168980405268653e-14,1.0252178163238381e-14,-2.217790751038726e-15,1.0764014273683327e-13,9.560911918554963e-12,-1.3850100133515107e-14,2.894692822415828e-11,-6.080520121963702e-14,2.725959814629737e-11,-2.0381969333066594e-12,-1.6432518636516724e-13,-2.033613923708081e-12,-1.1253355972184256e-14,-5.461944973898486e-14,3.7135739825639464e-15,1.0988095930319723e-14,-2.033613942212005e-12,2.7259598146358635e-11,1.0252052142299612e-14,-1.975806599779625e-12,-2.0326677589926346e-12,1.0842026861445923e-14,-1.5820652959516524e-13,-2.0456685696145854e-12,3.2025505616819277e-14,2.725959814629085e-11,-1.992301429338133e-12,2.790633873861548e-15,-1.0759923968296377e-14,3.2025657683024874e-14,2.7259598146241734e-11,1.8628130835623157e-14,2.725959814634997e-11,1.0252381961980256e-14,-4.038636757487146e-09,-9.382710469567788e-11,3.067395998172237e-14,-6.5350639248196934e-15,-1.9696654928942643e-12,-6.5349665898160325e-15,-1.1397580614847002e-14,3.2025656187637404e-14,3.8878373736041805e-14,-2.047474500480063e-12,-1.9765655760733967e-12,2.725959814630414e-11
0.9999999724926815,-3.503412794544143e-12,-4.765313092410496e-08,0.999999889075282,-2.0731145343803913e-12,0.9999999109470092,-6.075471476877312e-13,7.444088063113484e-09,-2.7800119832717434e-12,0.999999884190199,0.9999999048065815,-2.3109138855939922e-12,-3.925572840899957e-12,3.041706713849421e-09,3.489397985707286e-08,-2.2584716010818697e-12,-4.5134403656743295e-13,1.3799354852144486e-11,-1.0019004623262582e-12,-3.5034104218604483e-12,-1.3371238736519956e-12,-4.731320967103463e-12,-2.7800115312777698e-12,0.9999998933716748,-1.2226934781493118e-08,0.9999998888404623,-2.62606120727294e-12,-1.5937153153889176e-08,-2.4513475401846947e-13,-1.998603897357204e-12,0.9999998888404641,-2.780012140055176e-12,-2.258471094597748e-12,0.9999998969033314,0.9999999009861179,4.483425407524651e-13,-1.1881861891397486e-08,0.9999998915149856,-3.693483589888233e-12,-2.7800112447276755e-12,0.9999998968934763,-7.516768382709748e-13,-1.118741114824921e-12,-3.693483697022513e-12,-2.7800115717578386e-12,4.167165979308455e-09,-2.780012156443975e-12,-2.258471768214819e-12,0.9999998881076121,2.7155608855438088e-08,-3.716118198477026e-12,-3.2677298044755816e-12,0.9999999058440706,-3.2677302763523474e-12,-2.8221256888408102e-12,-3.693483342070755e-12,-4.426587426875088e-09,0.9999998905380536,0.9999998960171519,-2.7800116548048992e-12
6.9225784859244455e-09,1.1126599660819793e-14,3.143482546725614e-13,-7.094947605390064e-13,-4.515803818807589e-13,-6.075471476877312e-13,3.2453565992426905e-08,2.1644496330256748e-10,1.1160893872121117e-14,-6.744620550901652e-13,-8.829769325458932e-13,-2.2462694238937048e-14,6.015628847800787e-11,-3.220418628934066e-14,-2.4910310670327053e-13,-2.4388578635889477e-14,-3.883570757962587e-14,-4.392797557472217e-13,4.505903370101829e-12,1.1126599671473102e-14,4.249164814889049e-11,1.4824059898003102e-13,1.1160896618759593e-14,-7.60855648021831e-13,2.7135885900667503e-13,-7.053875287146959e-13,-1.0814711790077165e-14,1.6122880557900226e-13,-4.698041389565473e-14,-4.508642963602751e-11,-7.05387529200168e-13,1.1160896618759593e-14,-2.4388578705060547e-14,-8.191722139469508e-13,-1.671488239602095e-09,-5.5550305423042144e-14,2.6560304831505626e-13,-7.282325944503063e-13,4.351001389749657e-14,1.1160912686146782e-14,-6.442017049118018e-13,-1.6363323553772092e-14,-1.250784905792147e-14,4.351001461395176e-14,1.1160803142347559e-14,-9.690664654355283e-14,1.1160912686146782e-14,-2.438844243098873e-14,-1.405419027301771e-09,-4.3827598474993954e-11,4.3299594243643515e-14,5.270889260136743e-15,-1.4143835447304314e-09,5.271107542760246e-15,-7.11531207899859e-15,4.351001389749657e-14,4.040875149881899e-14,-7.268208627841951e-13,-7.902107451564887e-13,1.1160896618759593e-14
2.3167845956568544e-08,-4.5064601192706017e-13,-1.1554881216231882e-11,1.4378021952578088e-08,-1.5122619690809367e-10,7.444088063113484e-09,2.1644496330256748e-10,2.4350448650341805e-08,-4.860494881172173e-13,6.451002844741466e-12,2.8004798348029536e-08,7.560382698125351e-13,-1.1544451053050948e-12,1.0817995869828868e-12,8.892388707384313e-12,8.249930558946476e-13,2.7092014227950435e-09,1.5955430959931783e-11,-3.132819050563343e-10,-4.506458377959388e-13,-8.760871328709376e-13,-1.0945261263885179e-08,-4.860494887763804e-13,1.8603443621809365e-08,-1.9649903168363415e-08,1.4053184263012675e-08,3.5032056737858144e-13,-5.945596300508278e-12,1.6555115596637404e-12,7.58796891767282e-13,1.4053184263012292e-08,-4.860494900181519e-13,8.249930536171104e-13,2.310101544499823e-08,2.4337004270124216e-08,1.962569464178768e-12,-1.9236460836424004e-08,1.6393331959632785e-08,-3.400045209011729e-09,-4.86049331446616e-13,5.5134459289960394e-12,5.340966274207183e-13,4.0342160206853973e-13,-3.400045209011725e-09,-4.860493314509817e-13,6.8548627461167635e-09,-4.860494881790745e-13,8.24993112994262e-13,1.380312376217924e-08,1.326808360962034e-09,-3.382540911961061e-09,-2.452971911933514e-13,1.524460585782103e-08,-2.4529733794473787e-13,2.1411751435065592e-13,-3.400045209011453e-09,-3.211369730664251e-09,1.604443971483151e-08,1.0616665799350475e-11,-4.860493314112916e-13
3.449118821214289e-09,-5.930802184455008e-14,-1.1564872510780343e-12,-2.3862776447658734e-12,2.7259598146264017e-11,-2.7800119832717434e-12,1.1160893872121117e-14,-4.860494881172173e-13,3.239737266466321e-08,-2.4337933904132883e-12,-1.7300366004916177e-12,8.437861804882029e-14,-1.2429945965183214e-13,1.1656763152150398e-13,9.848021379305461e-13,9.363632875300977e-14,1.336396894538124e-13,1.7035337286773492e-12,-9.925047505424258e-15,-5.930801636992643e-14,-1.410917995073263e-10,-6.116321268461963e-13,-6.590251383135862e-11,-2.184794605581837e-12,-1.1586284797350393e-12,-2.4056565371224333e-12,2.3235142496210676e-14,-6.498055904047215e-13,1.692994029205156e-13,8.786316172863886e-14,-2.4056563158943615e-12,-6.590251383129497e-11,9.363628682785247e-14,-1.894009269056303e-12,-1.8914574578955276e-12,2.0753481356222325e-13,-1.1314103726231974e-12,-2.3038938918778017e-12,-1.3493773382226812e-13,-6.590251383136778e-11,-2.519699870472981e-12,5.668669846729751e-14,2.910248379675735e-14,-1.3493780268685115e-13,-6.5902513831413e-11,3.635825305995152e-13,-6.590251383129875e-11,9.363632875300977e-14,-4.801254837704461e-09,1.729207259315629e-14,-1.3551161673653288e-13,-3.096738338576402e-14,-2.2798605042740445e-12,-3.096738338576402e-14,9.522396997521927e-15,-1.3493780268685115e-13,-1.1805125101245e-13,-2.322387998928039e-12,-1.9936521276352166e-12,-6.5902513831354e-11
0.9999999718498648,-3.2040302304440498e-12,-3.2038552454524956e-08,0.9999998902207552,-2.0001014265045684e-12,0.999999884190199,-6.744620550901652e-13,6.451002844741466e-12,-2.4337933904132883e-12,0.9999999187378853,0.999999896543812,-2.8097333123941636e-12,-3.146070509143315e-12,8.124935850540427e-13,1.1604372415386407e-11,-2.80210401136359e-12,-1.3678650416006272e-12,3.105898816400446e-12,-8.845399809999168e-13,-3.2040276936174662e-12,-1.4424074612568778e-09,-2.0866770046353865e-09,-2.433793081652389e-12,0.9999998915857307,4.112740816951793e-13,0.9999998902050279,-2.866808292034598e-12,-4.0186049711346645e-12,-1.3559749225417357e-12,-2.4972253261500957e-12,0.9999998902050282,-2.433793705995379e-12,-2.8021034435959854e-12,0.9999998921262118,0.9999998953040251,-8.641113674199434e-13,4.490551708360274e-13,0.9999998911928095,-2.5023842596662563e-12,-2.4337926939054102e-12,0.9999999001967039,-1.1042104185933127e-12,-1.3936891260161892e-12,-2.5023843568606612e-12,-2.4337929917748132e-12,-2.1258409531196212e-13,-2.4337933074532424e-12,-2.802103985601565e-12,0.9999998896856238,2.6209644410218056e-08,-2.5321406461346308e-12,-3.101160195107113e-12,0.9999999063608351,-3.101160366047945e-12,-2.970705988887851e-12,-2.5023840414073003e-12,-1.0896055764804298e-12,0.9999998904803895,0.9999998925486951,-2.4337930692038954e-12
0.9999999810741419,-2.3279936374783694e-12,3.901108637587608e-12,0.9999998980423606,-2.0516172646665182e-12,0.9999999048065815,-8.829769325458932e-13,2.8004798348029536e-08,-1.7300366004916177e-12,0.999999896543812,0.9999999138974697,-4.20110249237345e-12,-1.0942143726068794e-12,-2.2833367346024427e-09,-9.076587640058024e-09,-4.330976599970485e-12,-3.719952804822366e-12,-5.0445088545707125e-08,-6.754891159178987e-13,-2.3279911864574886e-12,6.399001034263487e-13,8.912524552324722e-12,-1.7300360684350566e-12,0.9999998923746172,3.74228632849944e-08,0.9999998986287102,-3.3958187383246777e-12,1.3284867599361887e-08,-4.265253818487439e-12,-3.918951549047633e-12,0.9999998986287106,-1.7300364397635506e-12,-4.330976258290686e-12,0.999999884215107,0.9999998860714708,-4.363047974643095e-12,3.6684459012093596e-08,0.9999998959670215,1.5263095857129114e-13,-1.7300359665301165e-12,0.9999999136521652,-2.0697174277393818e-12,-2.0208303262861626e-12,1.526310344443078e-13,-1.7300359364708046e-12,-6.342851372488411e-12,-1.7300364193525863e-12,-4.330976565385583e-12,0.9999998983799872,2.457135722491209e-08,1.1886669386235107e-13,-2.6416872439881194e-12,0.999999911908397,-2.6416878151988316e-12,-3.2635303476640813e-12,1.5263104115765077e-13,1.340850703021106e-12,0.9999998958137267,0.9999998880865697,-1.7300360718874295e-12
2.4639389156707565e-09,8.321956531159613e-14,2.121962327174057e-12,-2.965237440589132e-12,8.018947499911328e-15,-2.3109138855939922e-12,-2.2462694238937048e-14,7.560382698125351e-13,8.437861804882029e-14,-2.8097333123941636e-12,-4.20110249237345e-12,3.217976293946728e-08,2.115928467537228e-13,-2.0316110448215034e-13,-1.65350844543231e-12,-3.0947741482552715e-10,-2.5178757555372486e-13,-2.947542132936718e-12,2.5482434348653403e-14,8.321934225786354e-14,1.5523933574718388e-13,1.0154282671194552e-12,8.437839189419524e-14,-3.344866120305476e-12,1.838332138964298e-12,-2.935303636661316e-12,-6.430480497415916e-14,1.097670592003159e-12,-3.0682000851258753e-13,-1.4349412957947764e-13,-2.9353036032882084e-12,8.437808459154869e-14,-3.094774148254302e-10,-3.764189014795575e-12,-3.875255773414291e-12,-3.645288915607811e-13,1.799243735841574e-12,-3.1369360158476002e-12,3.047412976953552e-13,8.437811019839639e-14,-2.632949534835967e-12,-1.008803271221512e-13,-7.444024960616545e-14,3.0474130186423696e-13,8.437808461235903e-14,-6.387556748715548e-13,8.43782815973627e-14,-3.0947741482553744e-10,-5.809177450927034e-09,-1.197106888448021e-13,6.038153055596785e-10,4.407499377588513e-14,-3.040751836346624e-12,4.407535205610064e-14,-3.9291901693474805e-14,3.047412976953552e-13,2.8567455190058103e-13,-3.1090370915682255e-12,-3.580129118367011e-12,8.437834056640724e-14
2.2061295685536425e-09,-1.3042419586480627e-13,-3.160213360074321e-12,-2.9493962026294167e-12,-9.127899954704461e-15,-3.925572840899957e-12,6.015628847800787e-11,-1.1544451053050948e-12,-1.2429945965183214e-13,-3.146070509143315e-12,-1.0942143726068794e-12,2.115928467537228e-13,3.1826491767871145e-08,3.004190595197567e-13,2.4807590413740785e-12,2.3167454207116304e-13,3.710255463543609e-13,4.4156366919254894e-12,-7.880609940377976e-11,-1.3042418761041655e-13,-4.581062973074448e-10,-1.5344033637675813e-12,-1.2429959521946617e-13,-2.3758802933531804e-12,-2.7876245343049163e-12,-2.9955601106912737e-12,8.979219714169559e-14,-1.6533581439803287e-12,4.5473084840790376e-13,4.2599531436606345e-10,-2.995560130729613e-12,-1.2429945965183214e-13,2.3167454207116304e-13,-1.7248145377767093e-12,-1.5849980842734975e-12,5.426503578322391e-13,-2.727517843785069e-12,-2.6838114274628887e-12,-4.47529318125417e-13,-1.242992330549259e-13,-3.398243296854017e-12,1.480458031826901e-13,1.046145620231137e-13,-4.475292693303109e-13,-1.2429954322185308e-13,9.517633992849853e-13,-1.24299459647067e-13,2.3167454215077423e-13,-6.02332902650122e-09,1.568264473226732e-13,-4.4588819725931536e-13,-7.013401354367094e-14,-2.7975599835356445e-12,-7.013364318551765e-14,5.250910899335481e-14,-4.4752924119490066e-13,-4.176872892386228e-13,-2.7317361572170568e-12,-1.9954811783491995e-12,-1.2429945955059206e-13
9.875138214507099e-09,1.1967833333447573e-13,3.0038936805142256e-12,5.936788888746786e-13,7.615081848487363e-15,3.041706713849421e-09,-3.220418628934066e-14,1.0817995869828868e-12,1.1656763152150398e-13,8.124935850540427e-13,-2.2833367346024427e-09,-2.0316110448215034e-13,3.004190595197567e-13,3.188781311053912e-08,-2.3552097129353642e-12,-2.2197019399823531e-13,-3.5612030482200407e-13,-4.186953847095993e-12,3.47617794687078e-14,1.1967813826620264e-13,2.1652958562441527e-13,1.4457434088191444e-12,1.1656763152150398e-13,5.984083336857729e-14,2.627945412940537e-12,1.2669422308145028e-09,-8.940314430678823e-14,3.107672238470306e-09,-4.349404742839428e-13,-2.0520204403208085e-13,1.266942230814257e-09,1.1656813919372838e-13,-2.2197019390981883e-13,-5.425005895245994e-13,-1.376244255752395e-09,-5.177251224721047e-13,2.571641825884204e-12,3.5584062840567377e-13,4.250080931451497e-13,1.1656812801299153e-13,1.0625215781689016e-12,-1.4350502169327446e-13,-1.0386028119198122e-13,4.250081478763956e-13,1.1656763152150398e-13,-9.07138038238924e-13,1.1656763152150398e-13,-2.2197019399823531e-13,1.3099247536066094e-09,-1.6124361927429685e-13,4.232843979648326e-13,6.307395908275419e-14,9.550677335911764e-10,6.307440877458267e-14,-5.4022059182995196e-14,4.250080084372093e-13,3.9686114572160285e-13,3.946220023724177e-13,-2.8154639283883045e-13,1.1656809723056335e-13
2.999378587653149e-08,9.889559717974686e-13,4.9247007471425157e-08,1.9738024140279603e-08,9.168980405268653e-14,3.489397985707286e-08,-2.4910310670327053e-13,8.892388707384313e-12,9.848021379305461e-13,1.1604372415386407e-11,-9.076587640058024e-09,-1.65350844543231e-12,2.4807590413740785e-12,-2.3552097129353642e-12,-5.953484475871896e-09,-1.8069936613091609e-12,-2.91976912967369e-12,-6.848664952900068e-08,3.059728276810983e-13,9.889557558202946e-13,1.8123861079753278e-12,1.1895679703819664e-11,9.848021380410545e-13,1.0858105437309278e-08,2.1549787108997595e-11,2.0442152190807387e-08,-7.312429494907243e-13,1.2843731826783469e-11,-3.565211051619319e-12,-1.6682480118206448e-12,2.0442152190806663e-08,9.848021920022498e-13,-1.806993728337787e-12,4.909072775010366e-13,-1.4545592073394327e-09,-4.241722408259853e-12,2.1089533656917032e-11,7.868121092028191e-12,3.542687057698547e-12,9.848020589717619e-13,1.362484307195947e-11,-1.1650650319575235e-12,-8.478961288959148e-13,3.5426867404084113e-12,9.848020589717619e-13,-1.4803927755558644e-08,9.848021380410545e-13,-1.8069937283436227e-12,2.0878398953287733e-08,-2.6445019490290206e-09,3.527563606421438e-12,5.285998852655172e-13,1.7733007008542195e-08,5.285998852655172e-13,-4.397765929171918e-13,3.5426867404084113e-12,3.318488036920662e-12,1.6357897899068114e-08,2.6222420914835006e-12,9.848022388410396e-13
2.459674286476386e-09,9.059647987053898e-14,2.3271241371599818e-12,-2.972599336435837e-12,1.0252178163238381e-14,-2.2584716010818697e-12,-2.4388578635889477e-14,8.249930558946476e-13,9.363632875300977e-14,-2.80210401136359e-12,-4.330976599970485e-12,-3.0947741482552715e-10,2.3167454207116304e-13,-2.2197019399823531e-13,-1.8069936613091609e-12,3.21256449704671e-08,-2.7602465163786363e-13,-3.225460285719983e-12,2.8509337316632917e-14,9.059646109801968e-14,1.7145895279338194e-13,1.1102093878941197e-12,9.363630036960735e-14,-3.390248301544644e-12,2.0060151584968635e-12,-2.9399056084611336e-12,-7.102062311118682e-14,1.200671492695526e-12,-3.3600742248681616e-13,-1.5644294662193256e-13,-2.9399056084344295e-12,9.363643420754158e-14,-3.376542317918547e-10,-3.846826442547332e-12,-3.971545089302695e-12,-3.988381789947562e-13,1.963526459063779e-12,-3.1629689588400093e-12,3.365328700839836e-13,9.363628682785247e-14,-2.6083930931888524e-12,-1.102159888504853e-13,-8.207124600546539e-14,3.365326427596458e-13,9.363632875300977e-14,-6.989878756425528e-13,9.363630079320578e-14,-3.3765423179196137e-10,-5.813529372969162e-09,-1.3344473184955152e-13,3.349375588045034e-13,4.8140787262957134e-14,-3.0532147582061636e-12,4.8140391867980766e-14,-4.359715333208747e-14,3.365328700839836e-13,3.1610852319399776e-13,-3.1320365090400385e-12,-3.645288216255357e-12,9.363628682785247e-14
5.263693214950364e-09,1.540925017659002e-13,3.653483590959372e-12,-1.6122288104740616e-12,-2.217790751038726e-15,-4.5134403656743295e-13,-3.883570757962587e-14,2.7092014227950435e-09,1.336396894538124e-13,-1.3678650416006272e-12,-3.719952804822366e-12,-2.5178757555372486e-13,3.710255463543609e-13,-3.5612030482200407e-13,-2.91976912967369e-12,-2.7602465163786363e-13,3.160433300018215e-08,-5.158293633841135e-12,3.954150254467191e-14,1.5409269319337184e-13,2.5472846669279827e-13,1.7955215032308304e-12,1.336398576333947e-13,-2.25829755800902e-12,3.295347089980747e-12,-1.55834023842601e-12,-2.0254297784071813e-10,1.932129856153949e-12,-5.310509449385778e-13,-2.560679895815511e-13,-1.5583402346118881e-12,1.3363990602035302e-13,-2.760246008442242e-13,-3.0298303334479904e-12,-3.175644932143968e-12,-6.360583681678297e-13,3.223123477908503e-12,-1.89427179698047e-12,4.976243573899976e-13,1.336397262366207e-13,-1.0695581589923346e-12,-1.7605725972507768e-13,-1.196203056780466e-13,4.97624013269057e-13,1.3363990602035302e-13,-2.217782542301339e-09,1.3363968943222903e-13,-2.7602458252212607e-13,-3.0525170560385715e-09,-1.6958257466802127e-13,4.963510660346058e-13,8.082961887313124e-14,-3.5632597004180106e-09,8.082961879356086e-14,-5.863429306368553e-14,4.976243573899976e-13,4.591949313727052e-13,-1.8452259040730505e-12,-2.7123612828392257e-12,1.33639745990863e-13
1.1554716158556659e-08,1.789996914134037e-12,4.38008403776671e-11,4.1000342269157966e-10,1.0764014273683327e-13,1.3799354852144486e-11,-4.392797557472217e-13,1.5955430959931783e-11,1.7035337286773492e-12,3.105898816400446e-12,-5.0445088545707125e-08,-2.947542132936718e-12,4.4156366919254894e-12,-4.186953847095993e-12,-6.848664952900068e-08,-3.225460285719983e-12,-5.158293633841135e-12,-8.929024994079086e-08,5.283063786848227e-13,1.7899968266841313e-12,3.16537154608397e-12,2.122023885934712e-11,1.7035334859640737e-12,-1.5255348244967495e-08,3.8598624455660203e-11,1.672883719247092e-09,-1.2606570496449114e-12,2.2879943510143298e-11,-6.3171153574718685e-12,-2.9821479499493604e-12,1.6728837192458728e-09,1.7035333951342228e-12,-3.2254598848430355e-12,-3.308923190175978e-08,-3.7069836759541175e-08,-7.534365185460729e-12,3.776692797676365e-11,-6.713542381612114e-09,6.17654253735101e-12,1.7035338187313387e-12,6.657274759409799e-12,-2.0683757132133525e-12,-1.4683093558081356e-12,6.176542723648495e-12,1.7035338187356147e-12,-1.3210634653444169e-11,1.7035333952055633e-12,-3.225459884836996e-12,2.4191757286188695e-09,-4.3844728175280704e-09,6.153656686290304e-12,9.545651567762297e-13,-1.752356192683624e-12,9.545651567762297e-13,-7.446340940101727e-13,6.1765427548412145e-12,5.760710476738595e-12,-5.4728815507973085e-09,-2.5580843031220247e-08,1.7035338187282854e-12
6.546081494791636e-09,-2.0191030695170102e-14,-3.5375317172183567e-13,-8.816008531369541e-13,9.560911918554963e-12,-1.0019004623262582e-12,4.505903370101829e-12,-3.132819050563343e-10,-9.925047505424258e-15,-8.845399809999168e-13,-6.754891159178987e-13,2.5482434348653403e-14,-7.880609940377976e-11,3.47617794687078e-14,3.059728276810983e-13,2.8509337316632917e-14,3.954150254467191e-14,5.283063786848227e-13,3.245586243360457e-08,-2.019134508576209e-14,-4.304177612756369e-11,-1.938238204844097e-13,-9.924873440322614e-15,-8.169884097113904e-13,-3.6900136621995266e-13,-8.880289483286651e-13,5.202156425843491e-15,-2.0436562432903514e-13,5.095857596896543e-14,5.3314361096507884e-11,-8.880289777683432e-13,-9.925111680230358e-15,2.8509271546143754e-14,-7.198733580833865e-13,-7.271172468381272e-13,6.323704490366511e-14,-3.6012401033582024e-13,-1.6969588121835062e-09,-3.9692425913801205e-14,-9.9251642010298e-15,-9.071041153021403e-13,1.6527032040864968e-14,6.896323706638167e-15,-3.969240196331982e-14,-9.925047505424258e-15,1.1107960505224264e-13,-9.924929892546245e-15,2.8509387815011063e-14,-1.7756410095744042e-09,-3.1593333587187304e-12,-3.998846371075375e-14,-1.0946546077771097e-14,-1.6645968395495958e-09,-1.0946546077771097e-14,9.942554438024669e-16,-3.9692518813258606e-14,-3.4140163248341784e-14,-8.605342291948978e-13,-7.491480759974723e-13,-9.925111680230358e-15
1.962679514712418e-09,-4.938958453274325e-14,-1.3152749295214748e-12,-3.1205214220059254e-12,-1.3850100133515107e-14,-3.5034104218604483e-12,1.1126599671473102e-14,-4.506458377959388e-13,-5.930801636992643e-14,-3.2040276936174662e-12,-2.3279911864574886e-12,8.321934225786354e-14,-1.3042418761041655e-13,1.1967813826620264e-13,9.889557558202946e-13,9.059646109801968e-14,1.5409269319337184e-13,1.7899968266841313e-12,-2.019134508576209e-14,3.2364978787487165e-08,-1.0412968790066128e-13,-6.14697175405791e-13,-5.930801963437259e-14,-2.873092630287984e-12,-1.0896297486010693e-12,-3.1387499088438404e-12,4.1158994023491984e-14,-6.662410516065227e-13,1.863404281529967e-13,8.288124583062312e-14,-3.1387499088559403e-12,-5.930813685556284e-14,9.059647987053898e-14,-2.625738423041913e-12,-2.546321547203239e-12,2.197683071549761e-13,-1.0672729131189288e-12,-2.996285535880212e-12,-2.0255523694731875e-13,-5.930801963437259e-14,-3.3085408920726153e-12,5.901014033357423e-14,4.6919276682168346e-14,-2.025552369472517e-13,-5.930803460953173e-14,3.8610034464672617e-13,-5.930803460953173e-14,9.059682131135233e-14,-6.283396661806651e-09,8.202829408847013e-14,-2.0127195279407156e-13,-2.7594479684503437e-14,-3.074448469944965e-12,-2.759411442117232e-14,2.567861605241917e-14,-2.0255516283458654e-13,-1.9347123566567806e-13,-3.0182102148182747e-12,-2.736522930473456e-12,-5.930796813967205e-14
7.025466480902628e-09,-1.0412984264420484e-13,-2.18920044371573e-12,-1.2250698026341028e-09,2.894692822415828e-11,-1.3371238736519956e-12,4.249164814889049e-11,-8.760871328709376e-13,-1.410917995073263e-10,-1.4424074612568778e-09,6.399001034263487e-13,1.5523933574718388e-13,-4.581062973074448e-10,2.1652958562441527e-13,1.8123861079753278e-12,1.7145895279338194e-13,2.5472846669279827e-13,3.16537154608397e-12,-4.304177612756369e-11,-1.0412968790066128e-13,3.217867079353738e-08,-1.1231506125748036e-12,-1.410917995072389e-10,-2.2956138029901874e-13,-2.0984612012191776e-12,-6.505989779380018e-13,5.0801281228628127e-14,-1.1992186887383648e-12,3.1879439647135385e-13,3.185915889638875e-10,-6.505989779380018e-13,-1.4109179950716014e-10,1.714589815904845e-13,2.8418514403922806e-13,3.2301288970983487e-13,3.8703884492189947e-13,-2.0505139090095807e-12,-4.510066713127416e-13,-2.748337376738476e-13,-1.4109179950725151e-10,-8.927308732027755e-13,1.0586242099952156e-13,6.164551217173548e-14,-2.748336398642053e-13,-1.4109179950730538e-10,6.782448799664911e-13,-1.410917995071627e-10,1.7145898158816776e-13,-1.324789413397082e-09,1.208977625535418e-10,-2.751166315930794e-13,-5.476026710024465e-14,-8.975626161511806e-10,-5.476026712951637e-14,2.489217687758624e-14,-2.748336398809955e-13,-2.468925420635693e-13,-4.847979039026959e-13,9.561097526137697e-14,-1.4109179950723688e-10
7.772381878040875e-09,-6.146975288313866e-13,-3.037447094523304e-08,-9.937858538265892e-11,-6.080520121963702e-14,-4.731320967103463e-12,1.4824059898003102e-13,-1.0945261263885179e-08,-6.116321268461963e-13,-2.0866770046353865e-09,8.912524552324722e-12,1.0154282671194552e-12,-1.5344033637675813e-12,1.4457434088191444e-12,1.1895679703819664e-11,1.1102093878941197e-12,1.7955215032308304e-12,2.122023885934712e-11,-1.938238204844097e-13,-6.14697175405791e-13,-1.1231506125748036e-12,1.7839612037671266e-08,-6.116319901907626e-13,2.718661022583719e-12,-2.6476366173289186e-08,-2.6964989202000133e-13,4.461472245434043e-13,-7.929340676194782e-12,4.366733855138984e-09,1.0245453434142275e-12,-2.6964989202000133e-13,-6.116321267437183e-13,1.1102094606109346e-12,1.153696135687965e-08,1.3003545885614392e-08,2.6113522784470263e-12,-1.3017825101022628e-11,1.2359461868105765e-12,-2.1897023272003497e-12,-6.116321267437183e-13,-2.2805103245234593e-12,7.137522266495366e-13,5.174522359396554e-13,-2.1897023272003497e-12,-6.116321268413725e-13,4.5804713631429275e-12,-6.116321268110415e-13,1.110209387900983e-12,-8.282084246015363e-10,1.5997636590869535e-09,-2.1804474164491826e-12,-3.306952083269216e-13,1.210466158350512e-09,-3.306952083269216e-13,2.6634603040019587e-13,-2.1897023272003497e-12,-2.052102194744035e-12,2.012168051086327e-09,8.931820644096496e-09,-6.116321396305215e-13
3.4491227817318707e-09,-5.930813685556284e-14,-1.1564872532367746e-12,-2.3862770539319175e-12,2.725959814629737e-11,-2.7800115312777698e-12,1.1160896618759593e-14,-4.860494887763804e-13,-6.590251383135862e-11,-2.433793081652389e-12,-1.7300360684350566e-12,8.437839189419524e-14,-1.2429959521946617e-13,1.1656763152150398e-13,9.848021380410545e-13,9.363630036960735e-14,1.336398576333947e-13,1.7035334859640737e-12,-9.924873440322614e-15,-5.930801963437259e-14,-1.410917995072389e-10,-6.116319901907626e-13,3.239737266466321e-08,-2.184794168078422e-12,-1.1586281913711476e-12,-2.4056560064562584e-12,2.323527332175803e-14,-6.498054061100277e-13,1.6929938255615163e-13,8.786320599921517e-14,-2.4056559308757355e-12,-6.590251383123858e-11,9.363630079320578e-14,-1.8940088018657572e-12,-1.8914570702865775e-12,2.0753498703328995e-13,-1.131410202644387e-12,-2.303893024638948e-12,-1.3493754274129025e-13,-6.59025138313114e-11,-2.51969958363214e-12,5.6686852905257863e-14,2.910248379675735e-14,-1.3493773382226812e-13,-6.590251383135651e-11,3.635825504733989e-13,-6.590251383124227e-11,9.363628682785247e-14,-4.801253854924036e-09,1.7291957481951016e-14,-1.3551153020182218e-13,-3.096738338576402e-14,-2.2798598428563546e-12,-3.09674940413431e-14,9.522692254138421e-15,-1.3493769108732465e-13,-1.1805144032898105e-13,-2.3223876756004706e-12,-1.993651702576252e-12,-6.590251383129754e-11
0.9999999786550855,-2.873094892494027e-12,-1.7102692155312678e-08,0.9999998944698746,-2.0381969333066594e-12,0.9999998933716748,-7.60855648021831e-13,1.8603443621809365e-08,-2.184794605581837e-12,0.9999998915857307,0.9999998923746172,-3.344866120305476e-12,-2.3758802933531804e-12,5.984083336857729e-14,1.0858105437309278e-08,-3.390248301544644e-12,-2.25829755800902e-12,-1.5255348244967495e-08,-8.169884097113904e-13,-2.873092630287984e-12,-2.2956138029901874e-13,2.718661022583719e-12,-2.184794168078422e-12,0.9999999257364663,1.4760276886486069e-08,0.9999998946790966,-3.0654175928962273e-12,2.3030345293297603e-14,-2.4593531779974067e-12,-3.04524746296899e-12,0.9999998946790987,-2.1847944808152354e-12,-3.3902481545754237e-12,0.9999998905275765,0.9999998932406338,-2.193749517826559e-12,1.4522768678167088e-08,0.9999998944112374,-1.5337370046530444e-12,-2.184793839667972e-12,0.9999999067609435,-1.4765305823843927e-12,-1.6309087769847062e-12,-1.5337367493358384e-12,-2.1847938943800903e-12,-2.5391484662266854e-12,-2.1847944349121535e-12,-3.39024846290673e-12,0.9999998942098877,2.5633729973509253e-08,-1.5641449992501187e-12,-2.9314671751614483e-12,0.9999999098431966,-2.9314676127852772e-12,-3.080595137226988e-12,-1.5337370873359567e-12,-4.203115134879694e-10,0.9999998938726364,0.9999998922722515,-2.1847941571524454e-12
1.1892113493915808e-08,-1.0896297486043913e-12,-2.794099002222977e-11,4.614837502100697e-09,-1.6432518636516724e-13,-1.2226934781493118e-08,2.7135885900667503e-13,-1.9649903168363415e-08,-1.1586284797350393e-12,4.112740816951793e-13,3.74228632849944e-08,1.838332138964298e-12,-2.7876245343049163e-12,2.627945412940537e-12,2.1549787108997595e-11,2.0060151584968635e-12,3.295347089980747e-12,3.8598624455660203e-11,-3.6900136621995266e-13,-1.0896297486010693e-12,-2.0984612012191776e-12,-2.6476366173289186e-08,-1.1586281913711476e-12,1.4760276886486069e-08,-1.5167533465523194e-08,3.8302115355936395e-09,8.472210889424398e-13,-2.8629025575399344e-08,4.009429820209949e-12,1.846957444029386e-12,3.830211535593735e-09,-1.1586283453365566e-12,2.0060151584968635e-12,1.288806024616803e-11,2.863672803502264e-08,4.755149441369495e-12,-4.6630210396255316e-08,9.39443369897828e-09,-4.0998017110295085e-12,-1.1586281921265953e-12,-1.8664196891471014e-12,1.299620424190132e-12,9.765417355897185e-13,-4.099801689230482e-12,-1.1586284797350393e-12,8.342014343961074e-12,-1.1586281913711457e-12,2.006015222915054e-12,3.2678634562941486e-09,3.1864843850886592e-09,-4.079213880948881e-12,-5.890472011824411e-13,3.3613857417615425e-12,-5.890471569408042e-13,5.18133422030113e-13,-4.099802004371237e-12,-3.8660903145569655e-12,8.579288854884955e-09,1.0492027976044013e-11,-1.1586283192453266e-12
0.9999999791273456,-3.1387522276754585e-12,-2.908259007321317e-08,0.9999998937079575,-2.033613923708081e-12,0.9999998888404623,-7.053875287146959e-13,1.4053184263012675e-08,-2.4056565371224333e-12,0.9999998902050279,0.9999998986287102,-2.935303636661316e-12,-2.9955601106912737e-12,1.2669422308145028e-09,2.0442152190807387e-08,-2.9399056084611336e-12,-1.55834023842601e-12,1.672883719247092e-09,-8.880289483286651e-13,-3.1387499088438404e-12,-6.505989779380018e-13,-2.6964989202000133e-13,-2.4056560064562584e-12,0.9999998946790966,3.8302115355936395e-09,0.9999999261977212,-2.9098294139131e-12,-6.337093922332541e-09,-1.5934304599351164e-12,-2.627179540084136e-12,0.9999998937341656,-2.4056566632378012e-12,-2.939905429304539e-12,0.9999998945596784,0.9999998976628706,-1.1526163114786156e-12,3.834421857270529e-09,0.9999998946422258,-4.6714658446380355e-09,-2.4056558882375467e-12,0.9999999044665192,-1.1939714679845854e-12,-1.4470752065960485e-12,-4.671465849349612e-09,-2.405656031707624e-12,-7.125394301872064e-13,-2.4056564726037192e-12,-2.939905629980114e-12,0.9999998931476717,2.6110852595280932e-08,-4.728945201815559e-09,-3.0739514049315683e-12,0.9999999098518795,-3.073951945023455e-12,-2.9959696183139722e-12,-4.671465474633993e-09,-1.9110841460623023e-09,0.9999998939082219,0.9999998952876016,-2.4056561200714817e-12
2.4653773821221384e-09,4.115918897905141e-14,8.573690316093525e-13,-2.9234777941283945e-12,-1.1253355972184256e-14,-2.62606120727294e-12,-1.0814711790077165e-14,3.5032056737858144e-13,2.3235142496210676e-14,-2.866808292034598e-12,-3.3958187383246777e-12,-6.430480497415916e-14,8.979219714169559e-14,-8.940314430678823e-14,-7.312429494907243e-13,-7.102062311118682e-14,-2.0254297784071813e-10,-1.2606570496449114e-12,5.202156425843491e-15,4.1158994023491984e-14,5.0801281228628127e-14,4.461472245434043e-13,2.323527332175803e-14,-3.0654175928962273e-12,8.472210889424398e-13,-2.9098294139131e-12,3.242339021195834e-08,4.761642273851282e-13,-1.2781848329507836e-13,-6.674525791448329e-14,-2.9098294168826036e-12,2.323527332175803e-14,-7.102050673540805e-14,-3.270924009496625e-12,-3.283369587064857e-12,-1.557719761452894e-13,8.274842265124536e-13,-2.974611992549204e-12,9.94313760885687e-14,2.3235142496210676e-14,-2.796018485864758e-12,-4.419092347897711e-14,-2.46724715343053e-14,9.943137610256916e-14,2.3234968890989704e-14,-5.417642127896778e-10,2.3235142496210676e-14,-7.102042657327095e-14,-5.79190900477356e-09,-2.274516711652153e-14,9.976169866630941e-14,2.050136472342959e-14,-2.982424996946121e-12,2.050142417808014e-14,-9.88420096609029e-15,9.943137610256916e-14,8.688498873595218e-14,-2.9654448230314797e-12,-3.1943320457894877e-12,2.3235398449248923e-14
1.8054232910799872e-09,-6.662411106875193e-13,-1.6413871116588225e-11,-2.9466459815705907e-12,-5.461944973898486e-14,-1.5937153153889176e-08,1.6122880557900226e-13,-5.945596300508278e-12,-6.498055904047215e-13,-4.0186049711346645e-12,1.3284867599361887e-08,1.097670592003159e-12,-1.6533581439803287e-12,3.107672238470306e-09,1.2843731826783469e-11,1.200671492695526e-12,1.932129856153949e-12,2.2879943510143298e-11,-2.0436562432903514e-13,-6.662410516065227e-13,-1.1992186887383648e-12,-7.929340676194782e-12,-6.498054061100277e-13,2.3030345293297603e-14,-2.8629025575399344e-08,-6.337093922332541e-09,4.761642273851282e-13,1.5440869405366057e-08,2.3634423104644733e-12,1.1089160054908958e-12,-6.337093922332438e-09,-6.498055832443416e-13,1.2006718172035125e-12,3.3587188535534417e-12,8.218503288052294e-09,2.8158517651638925e-12,-2.8014694556018967e-08,-1.5772073389051825e-12,-2.3381622691676173e-12,-6.498054667986041e-13,-5.344248899810978e-12,7.707892811916042e-13,5.533285999062162e-13,-2.3381622009237478e-12,-6.498055832443416e-13,4.938375476596646e-12,-6.498054667986033e-13,1.2006714926553228e-12,-6.6405223469325815e-09,8.50370501631004e-13,-2.328839064967161e-12,-3.57248028448258e-13,-4.419847069878754e-09,-3.57248093211935e-13,2.826933024257825e-13,-2.3381622691676173e-12,-2.1865088595083837e-12,-1.817574599878137e-12,1.9486851484648512e-12,-6.498054061100271e-13
5.211962873303085e-09,1.863404281529967e-13,4.496684877571148e-12,-1.6590718738127428e-12,3.7135739825639464e-15,-2.4513475401846947e-13,-4.698041389565473e-14,1.6555115596637404e-12,1.692994029205156e-13,-1.3559749225417357e-12,-4.265253818487439e-12,-3.0682000851258753e-13,4.5473084840790376e-13,-4.349404742839428e-13,-3.565211051619319e-12,-3.3600742248681616e-13,-5.310509449385778e-13,-6.3171153574718685e-12,5.095857596896543e-14,1.863404281529967e-13,3.1879439647135385e-13,4.366733855138984e-09,1.6929938255615163e-13,-2.4593531779974067e-12,4.009429820209949e-12,-1.5934304599351164e-12,-1.2781848329507836e-13,2.3634423104644733e-12,3.1166068047956436e-08,-6.194304760352747e-10,-1.5934304377198241e-12,1.6929951150107767e-13,-3.360074226679871e-13,-3.3930207691340794e-12,-3.5867638538455927e-12,-1.5504068103168562e-09,3.92228933305341e-12,-4.009390626746835e-09,6.229288230516967e-13,1.69299526820933e-13,-9.88706870503355e-13,-2.150878741572593e-13,-1.4954891946511893e-13,6.229286142405077e-13,1.692994029205156e-13,-1.3649358769264484e-12,1.6929938255615163e-13,-3.360074226679871e-13,-3.104932690713547e-09,-2.1966759372510457e-13,6.20968636863665e-13,9.832371286442726e-14,-1.8659637681553434e-12,9.83237128778695e-14,-7.477026799487373e-14,6.229286142405077e-13,5.77800378261828e-13,-1.9530445388902468e-12,-3.0033657907315692e-12,1.6929951150107767e-13
