0.9999999999897666,0.9999994914249635,2.3428553160448055e-08,0.9999992823749257,0.9999994914249684,0.9999994914249709,2.3099398460231515e-08,2.4038060355364275e-08,2.39568834974651e-08,0.9999994914249732,0.9999992823749215,2.4023361523746546e-08,0.9999994914249706,2.3428553454072678e-08,2.3428553454824996e-08,0.9999994914249694,2.4532461811361398e-08,2.342855377901113e-08,2.342855490330729e-08,0.9999994914249701,2.342855364764723e-08,2.3428551130404895e-08,0.999999447030076,0.9999994914249672,0.9999995762717591,2.3455928114775888e-08,2.342855275794885e-08,2.397735786023614e-08,0.999999282374924,0.9999994490658828,2.342855369921571e-08,2.397968997247842e-08,0.9999994914249728,1.0000012026320895,2.4031760712626917e-08,2.3971475412388822e-08,2.342855466839193e-08,2.3428552777117283e-08,2.3428554843633606e-08,2.34285566408155e-08,0.9999994914249689,2.3969107497700025e-08,0.9999994490658807,2.3428551094330046e-08,0.999999491424972,2.3985087517657837e-08,0.9999994490658815,2.3428554352676016e-08,2.4023362265196175e-08,2.3821173670923168e-08,2.382938043836314e-08,2.3428552624859465e-08,0.9999994914249736,0.9999996647540568,2.3428553397753186e-08,0.9999994914249711,0.999999282374922,2.2300080590473666e-08,0.9999994914249691,0.9999994914249711,2.3428552936945154e-08,0.9999992823749212,2.3428551077910216e-08,2.3428554910182957e-08,2.3428551080237654e-08,2.3428551094867273e-08,2.3428551095288133e-08,2.342855485256637e-08,0.9999994490658819,0.9999994914249716,0.9999994490658806,2.4017704187530115e-08,2.3428553453584096e-08,0.999999491424972,0.9999994914249714,2.398256722622437e-08,2.3428554651550972e-08,2.3428556173893636e-08,0.999999491424972,0.999999449065879,0.999999491424968,0.9999994914249698,2.3956884634565238e-08,2.3428554903050503e-08,0.9999994914249736,2.3428553438951122e-08,0.9999992823749254,0.9999994490658816,2.4047564425625557e-08,2.3992094104898917e-08,2.4023361508683326e-08,0.9999992823749239,0.9999994914249717,2.4047567324174496e-08,2.4013364566038315e-08,2.4013362450575974e-08,2.344262903484261e-08,2.4023361609406452e-08,0.9999994914249672,2.3428551096203673e-08,0.999999282374925,2.3428554581008378e-08,2.3428554653459758e-08,2.403116206937629e-08,2.3428557022727736e-08,2.342855448776651e-08,2.342855265400622e-08,2.3428551099764077e-08,2.3982564936104676e-08,0.9999994914249705,2.3428554909876374e-08
0.9999994914249635,0.9999993006836201,1.4968828998337997e-12,0.9999989389412907,0.9999991479904138,0.9999991479904135,1.3318376932703398e-12,6.89203446747192e-13,6.508648439627475e-13,0.9999991479904148,0.9999989389412887,6.828870228127741e-13,0.9999991479904131,1.496883893811929e-12,1.4968836961269278e-12,0.9999991479904143,9.465105749102888e-13,1.4968831589974505e-12,1.496884203496565e-12,0.9999991479904135,1.4968842304002438e-12,1.496883041038503e-12,0.9999991035944731,0.999999147990414,0.9999992328364322,1.5150701734390545e-12,1.4968838462784558e-12,6.591130230571382e-13,0.9999989389412907,0.9999991056298632,1.4968841295481447e-12,6.623604440869023e-13,0.9999991479904147,1.000000861360028,6.86064690855416e-13,6.576719357650347e-13,1.4968841570650505e-12,1.4968833389728002e-12,1.4968838094362944e-12,1.4968845723818471e-12,0.9999991479904138,6.579349862237393e-13,0.9999991056298629,1.4968829950072635e-12,0.999999147990416,6.641779654977332e-13,0.999999105629861,1.496883450610905e-12,6.828875222746539e-13,5.970306646754064e-13,5.881782225978127e-13,1.4968840379043218e-12,0.9999991479904153,0.9999993213183435,1.4968840091839204e-12,0.9999991479904147,0.9999989389412884,9.2385355533124e-13,0.9999991479904127,0.9999991479904147,1.496883897091641e-12,0.99999893894129,1.496882968011797e-12,1.4968839768430384e-12,1.496882989035924e-12,1.496883209533049e-12,1.4968831141615928e-12,1.4968837381671158e-12,0.9999991056298617,0.9999991479904147,0.9999991056298632,6.791636524317651e-13,1.4968835574546028e-12,0.9999991479904152,0.9999991479904148,6.612129103187649e-13,1.4968841162876337e-12,1.4968847184540829e-12,0.9999991479904153,0.9999991056298627,0.9999991479904143,0.9999991479904143,6.508651857710397e-13,1.4968841844930607e-12,0.9999991479904152,1.496883773072936e-12,0.9999989389412897,0.9999991056298637,6.949988501521265e-13,6.662389382464083e-13,6.828868271059242e-13,0.9999989389412894,0.9999991479904143,6.949992871224063e-13,6.891656755272097e-13,6.891655291182694e-13,1.507031950761264e-12,6.828869929365168e-13,0.999999147990414,1.4968830019774915e-12,0.9999989389412901,1.4968840761521631e-12,1.4968840814698601e-12,6.858332101581723e-13,1.496885039457491e-12,1.496883836584022e-12,1.4968835428369673e-12,1.4968830888511231e-12,6.612114744312705e-13,0.9999991479904131,1.4968840624027274e-12
2.3428553160448055e-08,1.4968828998337997e-12,1.503490289503172e-07,1.4963821450714852e-12,1.4968828693533907e-12,1.4968828447677296e-12,-2.3450783006135784e-09,1.7485751500377944e-14,1.0404138348209142e-14,1.4968828667867797e-12,1.4963821155738271e-12,1.7831056441262134e-14,1.4968828484558723e-12,-2.3448051655230215e-09,-2.3448051655230256e-09,1.4968828620338003e-12,8.8372067038718e-15,-2.344805165523028e-09,-2.3448051655230236e-09,1.4968828810531296e-12,-2.3448051655230186e-09,-2.344805165523027e-09,1.4969824120522917e-12,1.496882855532191e-12,1.4971262832218891e-12,-2.3512935743108977e-09,-2.344805165523029e-09,1.3408357978417244e-14,1.4963821342963454e-12,1.4972266732851332e-12,-2.3448051655230215e-09,1.2545041216646365e-14,1.4968828972538513e-12,6.629343717597701e-10,1.7547032995221257e-14,1.3125214069236279e-14,-2.3448051655230236e-09,-2.344805165523027e-09,-2.3448051655230236e-09,-2.344805165523021e-09,1.4968828245589576e-12,1.1145455079103735e-14,1.4972266646641314e-12,-2.344805165523025e-09,1.496882869239436e-12,1.3254739239756953e-14,1.4972266744164877e-12,-2.3448051655230215e-09,1.7831062993226366e-14,8.794996885237108e-15,1.611913795226777e-14,-2.344805165523028e-09,1.4968828440923698e-12,1.4974162921816025e-12,-2.344805165523017e-09,1.4968828754635318e-12,1.4963821443244308e-12,-2.3302992920551216e-09,1.496882855532191e-12,1.496882866786782e-12,-2.3448051655230306e-09,1.4963821342963454e-12,-2.3448051655230223e-09,-2.344805165523019e-09,-2.3448051655230273e-09,-2.344805165523028e-09,-2.344805165523036e-09,-2.344805165523034e-09,1.497226678563466e-12,1.4968828555321896e-12,1.4972266749379632e-12,1.754572150288734e-14,-2.3448051655230256e-09,1.4968828571275441e-12,1.4968828483649414e-12,1.4419845474204923e-14,-2.344805165523025e-09,-2.3448051655230256e-09,1.4968828465110816e-12,1.4972266732851332e-12,1.4968828245589564e-12,1.4968828619734363e-12,1.040415966918642e-14,-2.344805165523019e-09,1.4968828796702672e-12,-2.344805165523025e-09,1.4963821737744988e-12,1.4972266433337292e-12,1.9785261641572166e-14,1.5237029635640532e-14,1.78310299686065e-14,1.496382142082416e-12,1.4968828522554378e-12,1.9785237072391247e-14,1.2120483019504857e-14,1.2120466300122861e-14,-2.3507192151875775e-09,1.783105982037377e-14,1.4968828590130088e-12,-2.3448051655230186e-09,1.4963821442594663e-12,-2.344805165523024e-09,-2.344805165523019e-09,1.8378574250725477e-14,-2.3448051655230153e-09,-2.344805165523014e-09,-2.3448051655230223e-09,-2.3448051655230273e-09,1.4419839547419452e-14,1.4968828597315768e-12,-2.3448051655230236e-09
0.9999992823749257,0.9999989389412907,1.4963821450714852e-12,0.9999988825885536,0.9999989389412968,0.9999989389412954,1.3315397696256998e-12,6.926098789924958e-13,6.559086338638852e-13,0.9999989389412975,0.9999987298953442,6.861747593884078e-13,0.9999989389412972,1.4963831225277374e-12,1.4963829680331313e-12,0.9999989389412969,1.886219646416373e-09,1.4963824185973174e-12,1.4963834287939389e-12,0.9999989389412963,1.4963835023182618e-12,1.4963823352954878e-12,0.9999988945491477,0.9999989389412963,0.9999990237868869,1.5106376961662935e-12,1.4963831283629881e-12,6.683672619579381e-13,0.9999987298953459,0.9999988965843476,1.4963834123290112e-12,6.714984388949347e-13,0.9999989389412963,1.0000006523104983,6.893931445631422e-13,6.668383972525206e-13,1.4963833783985817e-12,1.4963825887291946e-12,1.4963830572003024e-12,1.4963837955363197e-12,0.9999989389412954,6.658905939773328e-13,0.9999988965843484,1.4963822705935009e-12,0.9999989389412984,6.708259790276664e-13,0.9999988965843455,1.4963827137510354e-12,6.861752190139709e-13,5.673048200528042e-13,5.848669552518747e-13,1.4963832823640253e-12,0.9999989389412975,0.9999991122669422,1.4963833113532064e-12,0.9999989389412963,0.9999987298953436,1.843940635605507e-09,0.999998938941295,0.9999989389412963,1.4963831251989096e-12,0.9999987298953459,1.4963822810018994e-12,1.496383225553406e-12,1.4963822813798068e-12,1.4963824536102857e-12,1.4963823596392725e-12,1.4963829936260595e-12,0.999998896584345,0.9999989389412968,0.9999988965843483,6.820032124259268e-13,1.4963828171685514e-12,0.9999989389412975,0.9999989389412968,6.661110287049907e-13,1.496383361691891e-12,1.496383954861542e-12,0.9999989389412975,0.999998896584347,0.9999989389412963,0.9999989389412975,6.559089957859669e-13,1.496383435948868e-12,0.9999989389412972,1.4963830239537955e-12,0.9999987298953458,0.9999988965843479,6.918786308162686e-13,6.741820875743875e-13,6.861745425429127e-13,0.9999987298953458,0.9999989389412968,6.91879086475386e-13,6.615460625009436e-13,6.615459003525907e-13,1.505277450059697e-12,6.861747207284322e-13,0.9999989389412963,1.4963822415145602e-12,0.9999987298953459,1.4963832788423834e-12,1.496383358793072e-12,6.877678842871499e-13,1.496384293246061e-12,1.4963831467608422e-12,1.4963828358921141e-12,1.496382354742346e-12,6.661095942940355e-13,0.9999989389412963,1.4963833316922925e-12
0.9999994914249684,0.9999991479904138,1.4968828693533907e-12,0.9999989389412968,0.9999993006836307,0.9999991479904193,1.331837705947038e-12,6.892033894192387e-13,6.508648447296433e-13,0.9999991479904206,0.9999989389412947,6.828870272367577e-13,0.9999991479904194,1.4968838684429405e-12,1.4968837046765184e-12,0.9999991479904188,9.465105584813751e-13,1.4968831055436479e-12,1.4968842035112207e-12,0.9999991479904184,1.49688427326708e-12,1.4968830464938028e-12,0.9999991035944795,0.9999991479904191,0.9999992328364384,1.5150701736309668e-12,1.4968838759911789e-12,6.591130182906209e-13,0.9999989389412963,0.9999991056298689,1.4968841306422845e-12,6.623604573169615e-13,0.9999991479904188,1.0000008613600329,6.860647258582183e-13,6.576719457213436e-13,1.496884171518102e-12,1.4968833479171232e-12,1.49688383243019e-12,1.496884546281367e-12,0.9999991479904191,6.579349749971364e-13,0.9999991056298689,1.4968830220598805e-12,0.9999991479904203,6.64177967474719e-13,0.9999991056298672,1.4968834676521736e-12,6.828874797089623e-13,5.970306689217355e-13,5.881782226878283e-13,1.4968840691733338e-12,0.9999991479904207,0.9999993213183497,1.4968840374421556e-12,0.9999991479904188,0.999998938941295,9.238535535181686e-13,0.9999991479904191,0.9999991479904188,1.4968838845857145e-12,0.9999989389412957,1.4968829816499007e-12,1.4968840096075504e-12,1.496883050488727e-12,1.4968832197250943e-12,1.496883169107714e-12,1.4968837109889736e-12,0.9999991056298674,0.9999991479904188,0.9999991056298692,6.791636941898596e-13,1.4968835866430225e-12,0.9999991479904201,0.99999914799042,6.612129187860521e-13,1.4968840777747484e-12,1.496884698640725e-12,0.9999991479904203,0.9999991056298689,0.99999914799042,0.9999991479904197,6.508652132953987e-13,1.4968841844930359e-12,0.9999991479904203,1.4968837903360394e-12,0.9999989389412959,0.9999991056298683,6.949988400726946e-13,6.662389695320545e-13,6.828868178705997e-13,0.999998938941295,0.9999991479904188,6.949993228629559e-13,6.891656778510981e-13,6.891655322564057e-13,1.5070319508445686e-12,6.828869936366708e-13,0.9999991479904194,1.496882947208986e-12,0.9999989389412968,1.4968840675772513e-12,1.4968840701177752e-12,6.858331826666955e-13,1.4968850305683396e-12,1.4968838646204127e-12,1.4968836200498629e-12,1.4968830907956371e-12,6.612114693178402e-13,0.9999991479904194,1.49688406120681e-12
0.9999994914249709,0.9999991479904135,1.4968828447677296e-12,0.9999989389412954,0.9999991479904193,0.9999993006836302,1.3318377241534323e-12,6.892034362390347e-13,6.508648211044579e-13,0.9999991479904207,0.9999989389412933,6.828870362175603e-13,0.9999991479904187,1.4968838982063273e-12,1.4968837151396243e-12,0.9999991479904203,9.465105620054543e-13,1.4968831106961008e-12,1.4968841526391369e-12,0.9999991479904178,1.4968842712457413e-12,1.4968830381236432e-12,0.9999991035944799,0.999999147990418,0.9999992328364373,1.515070165764757e-12,1.4968838707843625e-12,6.591130265974103e-13,0.9999989389412963,0.9999991056298683,1.4968841633567971e-12,6.623604473648557e-13,0.99999914799042,1.0000008613600335,6.860646958073529e-13,6.576719631429661e-13,1.4968841466611737e-12,1.496883297640332e-12,1.496883847322649e-12,1.4968845471893992e-12,0.999999147990418,6.579349870882844e-13,0.9999991056298683,1.4968829843458239e-12,0.9999991479904203,6.641779796542781e-13,0.9999991056298678,1.4968834736256636e-12,6.828875135455719e-13,5.970306663317617e-13,5.88178222474826e-13,1.4968840350367681e-12,0.9999991479904201,0.9999993213183491,1.4968840240011274e-12,0.99999914799042,0.9999989389412938,9.238535456221553e-13,0.9999991479904187,0.99999914799042,1.496883867522196e-12,0.999998938941295,1.4968829773625307e-12,1.4968840135488203e-12,1.4968830205875225e-12,1.4968832332563939e-12,1.496883141966332e-12,1.496883722002082e-12,0.999999105629867,0.9999991479904203,0.999999105629868,6.79163677309383e-13,1.4968835949216707e-12,0.99999914799042,0.99999914799042,6.612129369475658e-13,1.4968841124880791e-12,1.4968847132009001e-12,0.9999991479904203,0.999999105629868,0.9999991479904178,0.9999991479904206,6.508652107684877e-13,1.4968841831424882e-12,0.9999991479904201,1.4968837624240687e-12,0.9999989389412948,0.9999991056298696,6.949988608793366e-13,6.662389439848722e-13,6.82886819139803e-13,0.9999989389412933,0.9999991479904203,6.949992938713259e-13,6.891656750495031e-13,6.891655280990304e-13,1.5070319544684684e-12,6.828869867748386e-13,0.9999991479904182,1.4968830042530076e-12,0.9999989389412963,1.4968840434234847e-12,1.4968840607801781e-12,6.858331807438866e-13,1.4968850220899431e-12,1.496883841303452e-12,1.4968836005887977e-12,1.4968830730804051e-12,6.612114590801755e-13,0.9999991479904191,1.4968840617337885e-12
2.3099398460231515e-08,1.3318376932703398e-12,-2.3450783006135784e-09,1.3315397696256998e-12,1.331837705947038e-12,1.3318377241534323e-12,1.5034854194217118e-07,1.780689888384698e-14,1.1321795144782043e-14,1.331837701508009e-12,1.3315397497550702e-12,1.7674798115418134e-14,1.331837720817132e-12,-2.3450783006137012e-09,-2.345078300613708e-09,1.331837693590619e-12,8.519520693442314e-15,-2.345078300613708e-09,-2.345078300613707e-09,1.331837726080458e-12,-2.3450783006137012e-09,-2.345078300613709e-09,2.6576685275332774e-09,1.3318377089379777e-12,1.332034134504744e-12,-2.3525479565123428e-09,-2.345078300613708e-09,1.5110291263581015e-14,1.3315397543671302e-12,1.3323993867673772e-12,-2.345078300613707e-09,1.424868568355857e-14,1.3318377472038698e-12,3.3368141559590347e-10,1.785297345187774e-14,1.483466001610889e-14,-2.3450783006137037e-09,-2.3450783006137037e-09,-2.3450783006137012e-09,-2.3450783006137e-09,1.331837697619263e-12,1.2566244434757243e-14,1.332399381618552e-12,-2.3450783006137045e-09,1.3318377132908131e-12,1.4543576002675757e-14,1.3323993739709797e-12,-2.3450783006137037e-09,1.7674754076797232e-14,5.338825271105614e-15,1.543988581101139e-14,-2.345078300613708e-09,1.331837697382134e-12,1.3321844563776094e-12,-2.3450783006137012e-09,1.331837726816127e-12,1.331539746057696e-12,-2.3302827450691234e-09,1.3318377022644855e-12,1.3318377266255695e-12,-2.3450783006137045e-09,1.3315397690676134e-12,-2.345078300613702e-09,-2.3450783006137037e-09,-2.3450783006137054e-09,-2.345078300613715e-09,-2.3450783006137157e-09,-2.3450783006137124e-09,1.3323993612377186e-12,1.3318376983562752e-12,1.3323993792053985e-12,1.7746447464633945e-14,-2.3450783006137058e-09,1.3318376964819298e-12,1.331837698285104e-12,1.5221241297999538e-14,-2.345078300613707e-09,-2.3450783006137e-09,1.3318377221825437e-12,1.332399374522818e-12,1.3318376922726372e-12,1.3318377139443817e-12,1.132179814795986e-14,-2.3450783006136967e-09,1.3318377287899259e-12,-2.3450783006137033e-09,1.3315397961876474e-12,1.3323993899056235e-12,1.8805357255576848e-14,1.680680051753217e-14,1.7674778573390166e-14,1.3315397659457514e-12,1.331837691942604e-12,1.8805387024666593e-14,9.06829838350555e-15,9.068317157285086e-15,-2.3513950474058003e-09,1.7674781996300485e-14,1.3318377151236515e-12,-2.3450783006136983e-09,1.3315397189042232e-12,-2.3450783006137037e-09,-2.3450783006136967e-09,1.8318522930851847e-14,-2.345078300613695e-09,-2.345078300613694e-09,-2.345078300613701e-09,-2.3450783006137058e-09,1.5221272625401982e-14,1.3318377011884414e-12,-2.3450783006137037e-09
2.4038060355364275e-08,6.89203446747192e-13,1.7485751500377944e-14,6.926098789924958e-13,6.892033894192387e-13,6.892034362390347e-13,1.780689888384698e-14,1.527218315555266e-07,-2.99874669799059e-14,6.892034577591899e-13,6.926098790393017e-13,2.6279960726285947e-14,6.892034460680195e-13,1.7485762752881586e-14,1.748576424209939e-14,6.892034836539584e-13,3.595548792933771e-15,1.7485783274597447e-14,1.7485745589646947e-14,6.892034589299299e-13,1.7485765779969422e-14,1.7485789173022605e-14,6.936552942006769e-13,6.892034656468082e-13,1.3716648107603605e-09,1.3307773551885861e-14,1.7485756387207242e-14,-2.0765595890371314e-15,6.92609892354459e-13,6.935014773636814e-13,1.748575391783309e-14,3.537604518380379e-14,6.89203423842993e-13,1.4108413008112775e-09,1.522794779584715e-14,6.987748418594461e-11,1.7485745016430568e-14,1.748575329417303e-14,1.7485751500378276e-14,1.7485725371156613e-14,6.892034180111002e-13,-2.5518670327546032e-15,6.935014908241558e-13,1.7485756030534026e-14,6.892034205567957e-13,-6.457352771167208e-15,6.935014692218051e-13,1.7485794002760445e-14,2.628057829939238e-14,-7.325111485046934e-14,1.3890093871265497e-15,1.7485735364449243e-14,6.892034577885051e-13,6.847511404763677e-13,1.7485752537396148e-14,6.892034467499069e-13,6.926098846027999e-13,1.8128036714549098e-14,6.892034575248732e-13,6.892034577839621e-13,1.748579230273737e-14,6.926098838825607e-13,1.7485766954685174e-14,1.7485755354460616e-14,1.7485738646888293e-14,1.748575232978301e-14,1.748578943945173e-14,1.748579326805927e-14,6.935014644000217e-13,6.89203467614888e-13,6.935014834244854e-13,1.0994993728923027e-14,1.748578943945207e-14,6.892034455327007e-13,6.892034411209337e-13,-1.446255586349094e-14,1.7485764115624222e-14,1.7485744566732618e-14,6.892034631098442e-13,6.935014907106463e-13,6.892034564667115e-13,6.892033943660215e-13,-2.9987531120105855e-14,1.7485743451310728e-14,6.892034340882996e-13,1.7485743451310728e-14,6.926098854783608e-13,6.935014700621525e-13,1.0596751107533571e-14,3.1552768588115756e-14,2.628057829939238e-14,6.926098797747806e-13,6.892034180111004e-13,1.0596751107533571e-14,-7.286832392826978e-14,-7.286897904177158e-14,1.298336837174157e-14,2.62800160960888e-14,6.892034619368377e-13,1.7485744566732517e-14,6.926098845592364e-13,1.748573536444923e-14,1.7485763874663172e-14,1.4832926033378745e-14,1.748575998385152e-14,1.748575850393585e-14,1.7485800786011257e-14,1.7485795207471503e-14,-1.4462312323099857e-14,6.892034647113335e-13,1.7485743451310728e-14
2.39568834974651e-08,6.508648439627475e-13,1.0404138348209142e-14,6.559086338638852e-13,6.508648447296433e-13,6.508648211044579e-13,1.1321795144782043e-14,-2.99874669799059e-14,1.5381832455548208e-07,6.508648408396955e-13,6.559086307937403e-13,-5.713220766824352e-14,6.50864833280814e-13,1.0404153487818308e-14,1.040413519351746e-14,6.508648410289369e-13,-2.925816754345023e-14,1.0404126821024904e-14,1.0404131661879388e-14,6.508648278510076e-13,1.0404127831542779e-14,1.0404147253233257e-14,6.560569702190495e-13,6.50864849280257e-13,6.617909292700952e-13,-7.827860435491939e-11,1.040412064547498e-14,-1.3287019404475964e-13,6.559086433880795e-13,6.558665057742125e-13,1.0404130310229063e-14,-1.4709678716856678e-13,6.508648365540252e-13,1.3294024214448418e-09,-3.6227912414178125e-14,-1.4495380324504845e-13,1.0404140286507517e-14,1.0404129616927751e-14,1.040414023614349e-14,1.0404127831542826e-14,6.508648360785197e-13,-1.6763303111383581e-13,6.558665098844627e-13,1.0404135537583418e-14,6.508648288435437e-13,-1.5726508746351427e-13,6.558665027023901e-13,1.0404120979180556e-14,-5.713210278739801e-14,-8.807592433786992e-14,-4.368803786937466e-14,1.0404140885606203e-14,6.508648439762396e-13,6.669973195486882e-13,1.0404145568532963e-14,6.508648788540845e-13,6.559086314057024e-13,1.650108890352615e-14,6.508648326387192e-13,6.508648350816006e-13,1.0404126912317543e-14,6.559086545303626e-13,1.0404130077825446e-14,1.040412691231757e-14,1.040414088560625e-14,1.0404133138646692e-14,1.0404155618872849e-14,1.0404117059923454e-14,6.55866533051189e-13,6.508648310322893e-13,6.558665156361814e-13,-4.428581721536794e-14,1.0404141781735591e-14,6.508648489168726e-13,6.508648132999818e-13,6.983948056553562e-10,1.0404146002643276e-14,1.0404142557324683e-14,6.50864838613186e-13,6.558665261112229e-13,6.508648302266659e-13,6.508648341272414e-13,1.1254199634914537e-09,1.0404128946693996e-14,6.508648348222542e-13,1.0404152051915249e-14,6.559086342556934e-13,6.558665283970673e-13,-6.417851675284727e-14,-1.4491321845611493e-13,-5.713242025928699e-14,6.559086260931325e-13,6.508648479876985e-13,-6.41786104684581e-14,-7.042542139964614e-14,-7.04256631107126e-14,2.5024950393440046e-14,-5.713223820600897e-14,6.508648515102122e-13,1.0404151141467479e-14,6.559086331887803e-13,1.0404145300183341e-14,1.0404128927283573e-14,-3.698675330381414e-14,1.040412449590585e-14,1.0404132044646578e-14,1.0404126716105216e-14,1.0404125131038713e-14,6.983948056553488e-10,6.508648273753343e-13,1.0404133533029159e-14
0.9999994914249732,0.9999991479904148,1.4968828667867797e-12,0.9999989389412975,0.9999991479904206,0.9999991479904207,1.331837701508009e-12,6.892034577591899e-13,6.508648408396955e-13,0.9999993006836325,0.9999989389412948,6.828870475912698e-13,0.9999991479904193,1.4968838714046286e-12,1.4968836892653758e-12,0.9999991479904212,9.46510572265556e-13,1.4968831027011354e-12,1.4968841721339308e-12,0.9999991479904193,1.4968842357710705e-12,1.496883007369058e-12,0.9999991035944807,0.9999991479904193,0.9999992328364393,1.5150701734564764e-12,1.4968838858874175e-12,6.591130435530025e-13,0.9999989389412975,0.9999991056298696,1.4968841415981772e-12,6.623604390569146e-13,0.9999991479904212,1.0000008613600335,6.86064700222398e-13,6.576719647296742e-13,1.4968841717527272e-12,1.4968833279725566e-12,1.4968838092049466e-12,1.4968845668989356e-12,0.9999991479904188,6.579350044970695e-13,0.9999991056298698,1.4968830041348853e-12,0.9999991479904224,6.641779697589498e-13,0.9999991056298687,1.496883435515379e-12,6.828875081932487e-13,5.970306667576169e-13,5.881782225390456e-13,1.4968840346420442e-12,0.9999991479904221,0.9999993213183503,1.4968840083319353e-12,0.9999991479904212,0.9999989389412954,9.238535481111773e-13,0.9999991479904203,0.9999991479904212,1.496883876744456e-12,0.9999989389412962,1.4968829893333005e-12,1.4968839637649822e-12,1.496882997993307e-12,1.4968831981915849e-12,1.4968831625042918e-12,1.4968837191709874e-12,0.9999991056298683,0.9999991479904212,0.9999991056298696,6.791636784418163e-13,1.4968835511229926e-12,0.9999991479904207,0.999999147990421,6.612129131515021e-13,1.4968840660237039e-12,1.4968846916885396e-12,0.9999991479904221,0.9999991056298692,0.99999914799042,0.9999991479904212,6.508652096133407e-13,1.4968841837799299e-12,0.9999991479904216,1.4968837502679297e-12,0.9999989389412975,0.9999991056298713,6.949988598127972e-13,6.662389588861911e-13,6.828868062548921e-13,0.9999989389412953,0.9999991479904206,6.949993316088343e-13,6.891656651069767e-13,6.89165505847724e-13,1.5070319556034966e-12,6.82886967990849e-13,0.99999914799042,1.4968829666610817e-12,0.9999989389412974,1.4968840503657052e-12,1.496884089257628e-12,6.858331901025427e-13,1.4968850274846194e-12,1.4968838459533898e-12,1.496883610772138e-12,1.4968831152168858e-12,6.612114648542665e-13,0.9999991479904207,1.4968840624027191e-12
0.9999992823749215,0.9999989389412887,1.4963821155738271e-12,0.9999987298953442,0.9999989389412947,0.9999989389412933,1.3315397497550702e-12,6.926098790393017e-13,6.559086307937403e-13,0.9999989389412948,0.9999988825885529,6.861747743309651e-13,0.9999989389412941,1.4963831137477807e-12,1.4963829891900354e-12,0.999998938941295,1.886219646416367e-09,1.4963823789863672e-12,1.4963834439766011e-12,0.9999989389412931,1.49638349693937e-12,1.496382307657243e-12,0.9999988945491449,0.9999989389412938,0.9999990237868843,1.5106376774177938e-12,1.496383110177996e-12,6.683672845359157e-13,0.9999987298953447,0.9999988965843455,1.4963834143049163e-12,6.714984455056307e-13,0.9999989389412941,1.0000006523104963,6.893931538470875e-13,6.668383894356779e-13,1.496383393822721e-12,1.4963825970061448e-12,1.4963830598150302e-12,1.4963838379324512e-12,0.9999989389412931,6.658906070357836e-13,0.9999988965843457,1.4963822668398544e-12,0.9999989389412954,6.708259652052367e-13,0.9999988965843448,1.4963827379653896e-12,6.861751895930554e-13,5.673048372239979e-13,5.848668844846357e-13,1.4963832773646608e-12,0.999998938941295,0.9999991122669395,1.496383285227945e-12,0.999998938941294,0.9999987298953418,1.8439406356055204e-09,0.9999989389412924,0.9999989389412941,1.4963831591264218e-12,0.9999987298953421,1.496382281001899e-12,1.4963832362980769e-12,1.4963822758327068e-12,1.4963824540229466e-12,1.496382376609838e-12,1.496382967076809e-12,0.9999988965843435,0.9999989389412941,0.9999988965843458,6.820032145465146e-13,1.4963828073525275e-12,0.9999989389412954,0.9999989389412947,6.661110249861776e-13,1.4963833644137482e-12,1.4963839762643017e-12,0.9999989389412954,0.9999988965843442,0.9999989389412929,0.999998938941295,6.559089923395023e-13,1.4963834398142784e-12,0.9999989389412948,1.4963830307709353e-12,0.999998729895343,0.9999988965843464,6.918786347046325e-13,6.741821007612915e-13,6.86174532345292e-13,0.9999987298953424,0.9999989389412944,6.918790785894691e-13,6.615460660338542e-13,6.615459001514495e-13,1.5052774478621684e-12,6.861747083775803e-13,0.9999989389412929,1.4963822381291165e-12,0.9999987298953424,1.4963833000081335e-12,1.496383358722976e-12,6.877678998728747e-13,1.496384282473841e-12,1.4963831245544573e-12,1.4963828311407247e-12,1.496382332008044e-12,6.661095899171642e-13,0.9999989389412941,1.4963833336645162e-12
2.4023361523746546e-08,6.828870228127741e-13,1.7831056441262134e-14,6.861747593884078e-13,6.828870272367577e-13,6.828870362175603e-13,1.7674798115418134e-14,2.6279960726285947e-14,-5.713220766824352e-14,6.828870475912698e-13,6.861747743309651e-13,1.528739138719474e-07,6.828870762105161e-13,1.7831017231210478e-14,1.7831049141045334e-14,6.828870381674128e-13,2.1193591246366662e-14,1.7831062322998873e-14,1.7831053344273223e-14,6.828870424448218e-13,1.7831027244772255e-14,1.783101949350584e-14,6.884568467068454e-13,6.828870418208388e-13,6.839614989871707e-13,1.0760370398068729e-14,1.783102965541078e-14,-5.31827935236712e-14,6.861747770092365e-13,6.887681544206373e-13,1.783102386770991e-14,-3.333361828794402e-14,6.828870437201592e-13,1.3960483056525447e-09,2.7478797943299066e-14,-3.374872238641842e-14,1.7831057152659804e-14,1.7831052267805076e-14,1.783103939851492e-14,1.7831037800879928e-14,6.828870422952059e-13,-4.0101009092141524e-14,6.887681479497894e-13,1.7831059110654762e-14,6.828870624313872e-13,-4.826750100323284e-14,6.887681212814095e-13,1.7831022100908598e-14,9.061993501752752e-14,-1.1571206163522652e-13,2.9178751996162746e-14,1.7831068275158194e-14,6.828870342230097e-13,6.840238047475167e-13,1.783106417955593e-14,6.828870524960476e-13,6.861747591768171e-13,1.43408748851382e-14,6.828870408290838e-13,6.828870901437477e-13,1.783105873332508e-14,6.86174747379817e-13,1.7831050705810536e-14,1.783106648867572e-14,1.7831051735948932e-14,1.7831028506455586e-14,1.7831059110654744e-14,1.7831059110654706e-14,6.887681413140169e-13,6.828870418249216e-13,6.887681307519283e-13,2.991208802063751e-14,1.7831030358316516e-14,6.828870770578252e-13,6.828870346550603e-13,-3.194867834420535e-14,1.7831037529489543e-14,1.783105173594895e-14,6.828870169909707e-13,6.887681310882802e-13,6.828870615604893e-13,6.82887036348613e-13,-5.713199921941509e-14,1.7831034248130958e-14,6.828870627745509e-13,1.7831071853139924e-14,6.861747481974822e-13,6.887681479497894e-13,7.52684689112552e-14,-3.90889981741701e-14,9.062055535530012e-14,6.861747617744214e-13,6.828870901437477e-13,7.526907315033987e-14,-1.3008305761203844e-13,-1.3008305761203844e-13,1.875214157404067e-14,1.807550051486937e-10,6.828870537458483e-13,1.7831025877101015e-14,6.861747598249636e-13,1.7831020586847484e-14,1.7831073565118045e-14,4.89057666483533e-14,1.7831076248775005e-14,1.7831065054362588e-14,1.7831032719094613e-14,1.7831038666872124e-14,-3.194861116557602e-14,6.828870537458483e-13,1.7831060445120534e-14
0.9999994914249706,0.9999991479904131,1.4968828484558723e-12,0.9999989389412972,0.9999991479904194,0.9999991479904187,1.331837720817132e-12,6.892034460680195e-13,6.50864833280814e-13,0.9999991479904193,0.9999989389412941,6.828870762105161e-13,0.9999993006836309,1.4968838768445047e-12,1.4968837343769383e-12,0.99999914799042,9.465105753059224e-13,1.4968831427396322e-12,1.4968841979291089e-12,0.9999991479904187,1.4968842469318021e-12,1.4968830499510402e-12,0.9999991035944784,0.9999991479904187,0.999999232836438,1.5150701749220962e-12,1.496883879316255e-12,6.591130203953751e-13,0.9999989389412968,0.9999991056298689,1.4968841478780933e-12,6.623604412664273e-13,0.9999991479904187,1.0000008613600324,6.860646873771554e-13,6.576719618686182e-13,1.496884172834076e-12,1.4968833203959017e-12,1.4968838175029503e-12,1.4968845351494372e-12,0.9999991479904187,6.579349695577078e-13,0.9999991056298692,1.496883012982666e-12,0.9999991479904203,6.641779672839971e-13,0.999999105629867,1.4968834502190348e-12,6.828875220852165e-13,5.970306726986118e-13,5.88178222806747e-13,1.4968840658851497e-12,0.9999991479904207,0.9999993213183497,1.4968840044676908e-12,0.9999991479904187,0.9999989389412944,9.238535551118445e-13,0.9999991479904187,0.9999991479904187,1.496883868540621e-12,0.9999989389412954,1.4968829610597274e-12,1.4968839911401334e-12,1.4968830196852708e-12,1.4968832281765222e-12,1.4968831146413698e-12,1.4968836927021957e-12,0.999999105629867,0.9999991479904187,0.9999991056298692,6.791636761971487e-13,1.4968835937152784e-12,0.9999991479904207,0.99999914799042,6.612129424730163e-13,1.4968840951971982e-12,1.4968846844138845e-12,0.9999991479904194,0.9999991056298674,0.9999991479904193,0.99999914799042,6.508652087177822e-13,1.496884182231227e-12,0.9999991479904194,1.4968837730729377e-12,0.9999989389412954,0.9999991056298678,6.949988374736788e-13,6.662389359368699e-13,6.828868055282325e-13,0.9999989389412941,0.9999991479904187,6.949993406545428e-13,6.89165660778199e-13,6.89165528471109e-13,1.5070319653118844e-12,6.828870010160317e-13,0.9999991479904191,1.4968829876989913e-12,0.9999989389412963,1.4968840266691377e-12,1.496884081700095e-12,6.858332026315006e-13,1.4968850406240015e-12,1.4968838425838583e-12,1.4968835699914965e-12,1.4968831039547981e-12,6.61211467830569e-13,0.9999991479904178,1.4968840564246677e-12
2.3428553454072678e-08,1.496883893811929e-12,-2.3448051655230215e-09,1.4963831225277374e-12,1.4968838684429405e-12,1.4968838982063273e-12,-2.3450783006137012e-09,1.7485762752881586e-14,1.0404153487818308e-14,1.4968838714046286e-12,1.4963831137477807e-12,1.7831017231210478e-14,1.4968838768445047e-12,1.5034902895031722e-07,-2.3448051655231493e-09,1.4968838702111291e-12,8.837243307612018e-15,-2.3448051655231505e-09,-2.344805165523152e-09,1.4968838825791312e-12,-2.3448051655231435e-09,-2.344805165523154e-09,1.4969834339626563e-12,1.4968838714539793e-12,1.4971272598286769e-12,-2.3512935743110176e-09,-2.3448051655231563e-09,1.3408344878870752e-14,1.4963830982470337e-12,1.4972276473641984e-12,-2.344805165523154e-09,1.2545031242627799e-14,1.4968838756329135e-12,6.629363563402013e-10,1.7547021996165563e-14,1.3125169987365732e-14,-2.3448051655231464e-09,-2.3448051655231497e-09,-2.344805165523145e-09,-2.3448051655231427e-09,1.4968838793558469e-12,1.1145446416695767e-14,1.4972276519411372e-12,-2.3448051655231497e-09,1.4968838855763012e-12,1.3254716733276024e-14,1.4972276315714638e-12,-2.3448051655231472e-09,1.7831062029983643e-14,8.795009096259776e-15,1.6119108457233636e-14,-2.3448051655231555e-09,1.4968839030637663e-12,1.4974172487052454e-12,-2.344805165523142e-09,1.4968838981768101e-12,1.4963831216055203e-12,-2.3302992920552473e-09,1.4968838855763012e-12,1.496883903016253e-12,-2.3448051655231563e-09,1.496383126585948e-12,-2.3448051655231497e-09,-2.3448051655231472e-09,-2.344805165523154e-09,-2.3448051655231576e-09,-2.344805165523159e-09,-2.3448051655231563e-09,1.4972276315723657e-12,1.4968838652360558e-12,1.4972276519411489e-12,1.75456841573092e-14,-2.3448051655231497e-09,1.4968838652360558e-12,1.4968838711513407e-12,1.4419880780305178e-14,-2.344805165523154e-09,-2.3448051655231493e-09,1.4968838704289432e-12,1.4972276315723657e-12,1.4968838736397796e-12,1.4968838981768087e-12,1.0404134345951582e-14,-2.344805165523145e-09,1.496883880767416e-12,-2.3448051655231493e-09,1.4963831380253277e-12,1.4972276519411489e-12,1.9785208031590946e-14,1.5237034902055927e-14,1.7831042283722805e-14,1.4963830899654567e-12,1.4968838778553311e-12,1.9785252547893203e-14,1.2120450920456246e-14,1.212042456552092e-14,-2.3507192151877032e-09,1.783104876973876e-14,1.496883864524514e-12,-2.3448051655231497e-09,1.496383094888835e-12,-2.3448051655231464e-09,-2.344805165523142e-09,1.837854614680194e-14,-2.3448051655231394e-09,-2.344805165523142e-09,-2.3448051655231493e-09,-2.344805165523152e-09,1.441983052860849e-14,1.496883880767416e-12,-2.3448051655231472e-09
2.3428553454824996e-08,1.4968836961269278e-12,-2.3448051655230256e-09,1.4963829680331313e-12,1.4968837046765184e-12,1.4968837151396243e-12,-2.345078300613708e-09,1.748576424209939e-14,1.040413519351746e-14,1.4968836892653758e-12,1.4963829891900354e-12,1.7831049141045334e-14,1.4968837343769383e-12,-2.3448051655231493e-09,1.5034902895031722e-07,1.4968837338847533e-12,8.837250242782967e-15,-2.3448051655231518e-09,-2.3448051655231464e-09,1.4968837185211694e-12,-2.344805165523144e-09,-2.3448051655231543e-09,1.4969833005864121e-12,1.4968837288700393e-12,1.4971271183618847e-12,-2.3512935743110218e-09,-2.3448051655231567e-09,1.3408347535814786e-14,1.49638297723787e-12,1.4972274985246897e-12,-2.3448051655231543e-09,1.254507186328757e-14,1.496883716243468e-12,6.629360716378822e-10,1.7547035213511085e-14,1.3125204518246446e-14,-2.3448051655231543e-09,-2.3448051655231497e-09,-2.3448051655231485e-09,-2.3448051655231518e-09,1.4968837252232579e-12,1.114545048050081e-14,1.4972275006982629e-12,-2.3448051655231505e-09,1.4968836913139013e-12,1.3254716504458481e-14,1.4972274985246897e-12,-2.3448051655231518e-09,1.78310674610174e-14,8.794973532796959e-15,1.6119132324504225e-14,-2.3448051655231563e-09,1.4968837304538804e-12,1.4974171129915624e-12,-2.3448051655231485e-09,1.4968836998418573e-12,1.4963829790699157e-12,-2.3302992920552477e-09,1.4968836933882417e-12,1.4968837296769896e-12,-2.3448051655231563e-09,1.4963829679045263e-12,-2.3448051655231505e-09,-2.3448051655231485e-09,-2.3448051655231543e-09,-2.344805165523152e-09,-2.3448051655231592e-09,-2.3448051655231505e-09,1.4972275159554429e-12,1.4968837137044336e-12,1.4972274972633602e-12,1.7545688703744453e-14,-2.3448051655231567e-09,1.49688372949006e-12,1.496883736263515e-12,1.441983266498198e-14,-2.3448051655231555e-09,-2.3448051655231427e-09,1.4968837398434232e-12,1.4972274862308546e-12,1.4968837095422082e-12,1.4968837295453194e-12,1.0404119651552294e-14,-2.3448051655231464e-09,1.4968837161698854e-12,-2.3448051655231518e-09,1.496382976972848e-12,1.4972275260019307e-12,1.9785246294302784e-14,1.523700262182703e-14,1.7831049483846074e-14,1.4963829449233367e-12,1.4968837312589464e-12,1.9785236338046597e-14,1.212046186240868e-14,1.2120455737032783e-14,-2.3507192151877032e-09,1.783106299322659e-14,1.4968837157635568e-12,-2.3448051655231497e-09,1.4963829753593797e-12,-2.344805165523154e-09,-2.344805165523144e-09,1.8378543973328616e-14,-2.34480516552314e-09,-2.344805165523145e-09,-2.3448051655231497e-09,-2.3448051655231543e-09,1.4419834418768605e-14,1.4968836908555701e-12,-2.3448051655231485e-09
0.9999994914249694,0.9999991479904143,1.4968828620338003e-12,0.9999989389412969,0.9999991479904188,0.9999991479904203,1.331837693590619e-12,6.892034836539584e-13,6.508648410289369e-13,0.9999991479904212,0.999998938941295,6.828870381674128e-13,0.99999914799042,1.4968838702111291e-12,1.4968837338847533e-12,0.9999993006836333,9.465105538822935e-13,1.4968831561981009e-12,1.4968841422495707e-12,0.99999914799042,1.4968842366020217e-12,1.4968830124148552e-12,0.9999991035944799,0.9999991479904187,0.9999992328364387,1.5150701713729998e-12,1.4968838733977681e-12,6.591130327287082e-13,0.9999989389412963,0.9999991056298678,1.4968841470093842e-12,6.623604244023659e-13,0.9999991479904194,1.0000008613600333,6.860646852285726e-13,6.576719731855741e-13,1.496884124537569e-12,1.4968833118489661e-12,1.4968838237513617e-12,1.4968845597412771e-12,0.99999914799042,6.579349681378057e-13,0.9999991056298678,1.496883018343002e-12,0.9999991479904222,6.641779537139251e-13,0.9999991056298678,1.4968834793650426e-12,6.828875301069598e-13,5.970306662618755e-13,5.881782226626425e-13,1.496884015122436e-12,0.9999991479904212,0.99999932131835,1.4968839962231724e-12,0.99999914799042,0.999998938941295,9.238535524720064e-13,0.9999991479904194,0.99999914799042,1.4968838688719861e-12,0.9999989389412947,1.4968829521923385e-12,1.4968839921099138e-12,1.4968829921144162e-12,1.4968832415700653e-12,1.4968831155547864e-12,1.4968837536558884e-12,0.9999991056298674,0.99999914799042,0.9999991056298678,6.791636763606254e-13,1.4968835693751412e-12,0.9999991479904203,0.9999991479904194,6.612129187349687e-13,1.4968841150483124e-12,1.4968847168567537e-12,0.9999991479904212,0.9999991056298683,0.9999991479904203,0.9999991479904197,6.508652142372818e-13,1.496884188005486e-12,0.9999991479904212,1.496883778114496e-12,0.9999989389412962,0.9999991056298708,6.949988260883572e-13,6.662389659117373e-13,6.828867938322374e-13,0.9999989389412959,0.99999914799042,6.949992938713259e-13,6.891656794339055e-13,6.891655264400694e-13,1.507031951838087e-12,6.828869849121765e-13,0.9999991479904194,1.4968829712654515e-12,0.9999989389412968,1.4968840356128954e-12,1.4968840958533538e-12,6.858331960959941e-13,1.496885067695994e-12,1.4968838395790322e-12,1.4968836005887977e-12,1.496883115216888e-12,6.612114760308151e-13,0.9999991479904197,1.496884047965089e-12
