0.9999999972435193,0.9999894977171276,-5.173886578031029e-07,0.9999894977171334,0.9999894977171406,0.9999894977171289,0.9999894977171278,0.9999894977171281,0.9999894977171314,-5.173886552501159e-07,0.9999894977171344,0.99998949771713,0.9999894977171281,0.9999894977171295,0.9999894977171321,0.9999894977171339,0.9999894977171281,0.9999894977171281,0.9999894977171281,0.9999894977171295,0.9999894977171284,-5.173886584798765e-07,0.9999894650286535,0.9999894977171292,0.9999894977171281,0.9999894977171339,0.9999894977171281,0.999989497717135,0.9999894977171278,0.9999894977171334,0.9999894977171342,0.9999894977171289,0.9999894977171382,0.9999894977171303,-5.173886562702452e-07,-5.173886569224479e-07,0.99998949771713,0.9999894977171295,-5.173886582750542e-07,0.9999894977171284,0.9999894977171281,0.9999894977171284,0.9999894977171278,0.9999894977171321,0.9999894977171281,0.99998949771713,-5.173886563285775e-07
0.9999894977171276,0.9999888673612094,-1.09130383434815e-11,0.9999858689903423,0.999985868990341,0.9999858689903423,0.9999858689903423,0.9999858689903427,0.999985868990341,-1.0913038551539442e-11,0.9999858689903414,0.999985868990341,0.9999858689903423,0.999985868990341,0.9999858689903407,0.9999858689903414,0.9999858689903427,0.9999858689903427,0.9999858689903423,0.999985868990341,0.9999858689903423,-1.0913039022163714e-11,0.9999858363019942,0.9999858689903407,0.9999858689903407,0.999985868990341,0.9999858689903423,0.999985868990341,0.9999858689903407,0.9999858689903423,0.9999858689903423,0.9999858689903428,0.9999858689903428,0.9999858689903407,-1.091303767903436e-11,-1.0913037711017855e-11,0.999985868990341,0.999985868990341,-1.0913039008840356e-11,0.999985868990341,0.999985868990342,0.9999858689903416,0.9999858689903407,0.9999858689903407,0.999985868990342,0.9999858689903404,-1.091303778837494e-11
-5.173886578031029e-07,-1.09130383434815e-11,2.9983709805272748e-06,-1.0913038331275964e-11,-1.0913038300056583e-11,-1.0913038331384173e-11,-1.091303841614699e-11,-1.0913038300056583e-11,-1.0913038386546782e-11,-1.292723032405135e-15,-1.091303841614699e-11,-1.0913038386546782e-11,-1.0913038300056583e-11,-1.091303841614699e-11,-1.0913038358171916e-11,-1.0913038326725692e-11,-1.0913038338771671e-11,-1.0913038344795989e-11,-1.0913038331384173e-11,-1.0913038386546782e-11,-1.0913038331384173e-11,-1.2927229250355519e-15,-2.1692306035397892e-08,-1.091303841614699e-11,-1.0913038331887745e-11,-1.0913038331489653e-11,-1.0913038338771671e-11,-1.0913038353323158e-11,-1.0913038344795989e-11,-1.091303837163975e-11,-1.0913038338771671e-11,-1.0913038298924803e-11,-1.0913038338511546e-11,-1.0913038353323158e-11,-1.2927227470543795e-15,-1.2927228132983629e-15,-1.0913038344232437e-11,-1.0913038358171916e-11,-1.2927229321480563e-15,-1.0913038338771671e-11,-1.0913038338771671e-11,-1.0913038353323158e-11,-1.091303837208682e-11,-1.091303833859783e-11,-1.0913038338771671e-11,-1.0913038334393052e-11,-1.292722860192198e-15
0.9999894977171334,0.9999858689903423,-1.0913038331275964e-11,0.99998886736122,0.9999858689903459,0.9999858689903456,0.9999858689903456,0.9999858689903468,0.9999858689903459,-1.0913038533320257e-11,0.9999858689903449,0.9999858689903464,0.9999858689903456,0.9999858689903464,0.9999858689903456,0.9999858689903459,0.9999858689903456,0.9999858689903453,0.9999858689903453,0.9999858689903464,0.9999858689903451,-1.0913038958350499e-11,0.9999858363019997,0.9999858689903459,0.9999858689903461,0.9999858689903456,0.9999858689903453,0.9999858689903449,0.9999858689903459,0.9999858689903465,0.9999858689903449,0.9999858689903456,0.9999858689903468,0.9999858689903456,-1.0913037658488073e-11,-1.0913037710674428e-11,0.9999858689903464,0.9999858689903459,-1.0913039011182945e-11,0.9999858689903464,0.9999858689903456,0.9999858689903468,0.9999858689903459,0.9999858689903456,0.9999858689903464,0.9999858689903464,-1.0913037754308802e-11
0.9999894977171406,0.999985868990341,-1.0913038300056583e-11,0.9999858689903459,0.9999888673612165,0.9999858689903447,0.9999858689903451,0.9999858689903456,0.9999858689903447,-1.091303856889672e-11,0.9999858689903449,0.9999858689903459,0.9999858689903449,0.9999858689903459,0.9999858689903449,0.9999858689903456,0.9999858689903449,0.9999858689903451,0.9999858689903449,0.9999858689903456,0.9999858689903447,-1.0913038981975003e-11,0.9999858363019991,0.9999858689903447,0.9999858689903456,0.9999858689903447,0.9999858689903449,0.9999858689903449,0.9999858689903447,0.9999858689903464,0.9999858689903447,0.9999858689903451,0.9999858689903456,0.9999858689903451,-1.0913037679286231e-11,-1.091303771883566e-11,0.9999858689903459,0.9999858689903447,-1.0913039000202301e-11,0.9999858689903459,0.9999858689903447,0.9999858689903456,0.9999858689903447,0.9999858689903449,0.9999858689903456,0.9999858689903459,-1.0913037754202016e-11
0.9999894977171289,0.9999858689903423,-1.0913038331384173e-11,0.9999858689903456,0.9999858689903447,0.9999888673612216,0.9999858689903456,0.9999858689903464,0.9999858689903447,-1.0913038552595181e-11,0.9999858689903444,0.9999858689903447,0.9999858689903458,0.9999858689903446,0.9999858689903444,0.9999858689903444,0.9999858689903459,0.9999858689903459,0.9999858689903456,0.9999858689903461,0.9999858689903456,-1.0913038968404354e-11,0.9999858363019994,0.9999858689903456,0.9999858689903447,0.9999858689903447,0.9999858689903456,0.9999858689903449,0.9999858689903444,0.9999858689903459,0.9999858689903458,0.9999858689903459,0.9999858689903464,0.9999858689903451,-1.0913037658728558e-11,-1.091303771883566e-11,0.9999858689903447,0.9999858689903447,-1.091303903312802e-11,0.9999858689903447,0.9999858689903456,0.9999858689903453,0.9999858689903444,0.9999858689903444,0.9999858689903461,0.9999858689903447,-1.09130377386694e-11
0.9999894977171278,0.9999858689903423,-1.091303841614699e-11,0.9999858689903456,0.9999858689903451,0.9999858689903456,0.9999888673612191,0.9999858689903456,0.9999858689903449,-1.091303854008514e-11,0.9999858689903447,0.9999858689903451,0.9999858689903456,0.9999858689903451,0.9999858689903456,0.9999858689903444,0.9999858689903459,0.9999858689903456,0.9999858689903456,0.9999858689903451,0.9999858689903456,-1.0913038989761523e-11,0.9999858363020004,0.9999858689903447,0.9999858689903447,0.9999858689903446,0.9999858689903456,0.9999858689903453,0.9999858689903451,0.9999858689903451,0.9999858689903464,0.9999858689903456,0.9999858689903447,0.9999858689903456,-1.0913037632897653e-11,-1.0913037722466413e-11,0.9999858689903451,0.9999858689903451,-1.0913039080625163e-11,0.9999858689903449,0.9999858689903451,0.9999858689903447,0.999985868990344,0.9999858689903456,0.9999858689903451,0.9999858689903451,-1.091303774245471e-11
0.9999894977171281,0.9999858689903427,-1.0913038300056583e-11,0.9999858689903468,0.9999858689903456,0.9999858689903464,0.9999858689903456,0.9999888673612182,0.9999858689903453,-1.0913038598942093e-11,0.9999858689903464,0.9999858689903464,0.9999858689903456,0.9999858689903453,0.9999858689903458,0.9999858689903468,0.9999858689903458,0.9999858689903456,0.9999858689903456,0.9999858689903458,0.9999858689903459,-1.0913039020128667e-11,0.9999858363020004,0.9999858689903453,0.9999858689903451,0.9999858689903464,0.9999858689903456,0.9999858689903465,0.9999858689903456,0.9999858689903458,0.9999858689903468,0.9999858689903459,0.9999858689903456,0.9999858689903464,-1.0913037638234884e-11,-1.091303772005687e-11,0.9999858689903464,0.9999858689903464,-1.091303906295014e-11,0.9999858689903468,0.9999858689903451,0.9999858689903456,0.9999858689903451,0.9999858689903459,0.9999858689903458,0.9999858689903464,-1.09130377587151e-11
0.9999894977171314,0.999985868990341,-1.0913038386546782e-11,0.9999858689903459,0.9999858689903447,0.9999858689903447,0.9999858689903449,0.9999858689903453,0.9999888673612165,-1.091303854008514e-11,0.9999858689903449,0.9999858689903459,0.9999858689903449,0.9999858689903459,0.9999858689903447,0.9999858689903456,0.9999858689903451,0.9999858689903449,0.9999858689903449,0.9999858689903456,0.9999858689903447,-1.0913038968404354e-11,0.9999858363019991,0.9999858689903447,0.9999858689903456,0.9999858689903447,0.9999858689903451,0.9999858689903449,0.9999858689903447,0.9999858689903453,0.9999858689903446,0.9999858689903451,0.9999858689903456,0.9999858689903451,-1.0913037706882674e-11,-1.0913037723127881e-11,0.9999858689903447,0.9999858689903447,-1.0913039063700281e-11,0.9999858689903459,0.9999858689903447,0.9999858689903456,0.9999858689903444,0.9999858689903447,0.9999858689903456,0.9999858689903447,-1.0913037729156876e-11
-5.173886552501159e-07,-1.0913038551539442e-11,-1.292723032405135e-15,-1.0913038533320257e-11,-1.091303856889672e-11,-1.0913038552595181e-11,-1.091303854008514e-11,-1.0913038598942093e-11,-1.091303854008514e-11,2.9983709805272748e-06,-1.0913038538263274e-11,-1.0913038621660037e-11,-1.0913038551764895e-11,-1.0913038609453122e-11,-1.0913038594088635e-11,-1.0913038524801657e-11,-1.0913038607057331e-11,-1.0913038593893758e-11,-1.0913038564431572e-11,-1.0913038609453122e-11,-1.0913038613246565e-11,-1.292723342442843e-15,-2.1692306535535206e-08,-1.091303857833232e-11,-1.0913038621660037e-11,-1.0913038595472376e-11,-1.0913038621660037e-11,-1.0913038593893758e-11,-1.0913038610055833e-11,-1.0913038621660037e-11,-1.0913038592586197e-11,-1.0913038613246565e-11,-1.0913038597316271e-11,-1.0913038585398195e-11,-1.292723164461669e-15,-1.2927232307056338e-15,-1.0913038548673528e-11,-1.091303857833232e-11,-1.2927233495553087e-15,-1.091303854008514e-11,-1.0913038593893758e-11,-1.0913038564431572e-11,-1.0913038595472376e-11,-1.0913038564431572e-11,-1.0913038597316271e-11,-1.0913038577929079e-11,-1.2927232775994567e-15
0.9999894977171344,0.9999858689903414,-1.091303841614699e-11,0.9999858689903449,0.9999858689903449,0.9999858689903444,0.9999858689903447,0.9999858689903464,0.9999858689903449,-1.0913038538263274e-11,0.9999888673612196,0.9999858689903449,0.9999858689903459,0.9999858689903449,0.9999858689903447,0.9999858689903446,0.9999858689903459,0.9999858689903461,0.9999858689903459,0.9999858689903464,0.9999858689903459,-1.0913039067204314e-11,0.9999858363019997,0.9999858689903447,0.9999858689903447,0.9999858689903444,0.9999858689903459,0.9999858689903458,0.9999858689903446,0.9999858689903456,0.9999858689903451,0.9999858689903461,0.9999858689903458,0.9999858689903447,-1.0913037622324702e-11,-1.0913037697044673e-11,0.9999858689903449,0.9999858689903449,-1.091303903312802e-11,0.9999858689903449,0.9999858689903456,0.9999858689903456,0.9999858689903446,0.9999858689903447,0.9999858689903464,0.9999858689903449,-1.0913037745168044e-11
0.99998949771713,0.999985868990341,-1.0913038386546782e-11,0.9999858689903464,0.9999858689903459,0.9999858689903447,0.9999858689903451,0.9999858689903464,0.9999858689903459,-1.0913038621660037e-11,0.9999858689903449,0.999988867361217,0.9999858689903451,0.9999858689903458,0.9999858689903461,0.9999858689903456,0.9999858689903456,0.9999858689903451,0.9999858689903451,0.9999858689903456,0.9999858689903447,-1.0913038981975003e-11,0.9999858363019991,0.9999858689903449,0.9999858689903456,0.9999858689903447,0.9999858689903451,0.9999858689903447,0.9999858689903449,0.9999858689903464,0.9999858689903447,0.9999858689903451,0.9999858689903456,0.9999858689903456,-1.091303762712612e-11,-1.0913037734903177e-11,0.9999858689903459,0.9999858689903459,-1.0913039011182945e-11,0.9999858689903459,0.9999858689903451,0.9999858689903453,0.9999858689903447,0.9999858689903461,0.9999858689903456,0.9999858689903459,-1.0913037755387788e-11
0.9999894977171281,0.9999858689903423,-1.0913038300056583e-11,0.9999858689903456,0.9999858689903449,0.9999858689903458,0.9999858689903456,0.9999858689903456,0.9999858689903449,-1.0913038551764895e-11,0.9999858689903459,0.9999858689903451,0.9999888673612193,0.9999858689903451,0.9999858689903456,0.9999858689903459,0.9999858689903456,0.9999858689903456,0.9999858689903456,0.9999858689903449,0.9999858689903456,-1.0913039020128667e-11,0.9999858363020004,0.9999858689903447,0.9999858689903447,0.9999858689903459,0.9999858689903456,0.9999858689903459,0.9999858689903447,0.9999858689903456,0.9999858689903464,0.9999858689903456,0.9999858689903447,0.9999858689903456,-1.0913037660097239e-11,-1.0913037723227644e-11,0.9999858689903456,0.9999858689903451,-1.0913039062262601e-11,0.9999858689903449,0.9999858689903449,0.9999858689903447,0.9999858689903447,0.9999858689903456,0.9999858689903449,0.9999858689903456,-1.0913037755387788e-11
0.9999894977171295,0.999985868990341,-1.091303841614699e-11,0.9999858689903464,0.9999858689903459,0.9999858689903446,0.9999858689903451,0.9999858689903453,0.9999858689903459,-1.0913038609453122e-11,0.9999858689903449,0.9999858689903458,0.9999858689903451,0.9999888673612165,0.9999858689903447,0.9999858689903451,0.9999858689903451,0.9999858689903451,0.9999858689903451,0.9999858689903456,0.9999858689903447,-1.0913038978280842e-11,0.9999858363019991,0.9999858689903449,0.9999858689903451,0.9999858689903444,0.9999858689903451,0.9999858689903447,0.9999858689903447,0.9999858689903464,0.9999858689903447,0.9999858689903451,0.9999858689903453,0.9999858689903451,-1.0913037646508576e-11,-1.0913037759488203e-11,0.9999858689903459,0.9999858689903458,-1.0913039005458165e-11,0.9999858689903459,0.9999858689903449,0.9999858689903456,0.9999858689903446,0.9999858689903447,0.9999858689903456,0.9999858689903459,-1.091303775295873e-11
0.9999894977171321,0.9999858689903407,-1.0913038358171916e-11,0.9999858689903456,0.9999858689903449,0.9999858689903444,0.9999858689903456,0.9999858689903458,0.9999858689903447,-1.0913038594088635e-11,0.9999858689903447,0.9999858689903461,0.9999858689903456,0.9999858689903447,0.9999888673612207,0.9999858689903447,0.9999858689903456,0.9999858689903456,0.9999858689903456,0.9999858689903459,0.9999858689903444,-1.0913038966353302e-11,0.9999858363019991,0.9999858689903453,0.9999858689903446,0.9999858689903444,0.9999858689903453,0.9999858689903439,0.9999858689903453,0.9999858689903447,0.9999858689903444,0.9999858689903458,0.9999858689903461,0.9999858689903447,-1.091303758919208e-11,-1.0913037759488203e-11,0.9999858689903459,0.9999858689903447,-1.0913039080625163e-11,0.9999858689903447,0.9999858689903451,0.9999858689903456,0.9999858689903453,0.9999858689903444,0.9999858689903456,0.9999858689903459,-1.09130377023096e-11
0.9999894977171339,0.9999858689903414,-1.0913038326725692e-11,0.9999858689903459,0.9999858689903456,0.9999858689903444,0.9999858689903444,0.9999858689903468,0.9999858689903456,-1.0913038524801657e-11,0.9999858689903446,0.9999858689903456,0.9999858689903459,0.9999858689903451,0.9999858689903447,0.9999888673612225,0.9999858689903459,0.9999858689903459,0.9999858689903459,0.9999858689903459,0.999985868990344,-1.091303900764153e-11,0.9999858363019991,0.9999858689903447,0.9999858689903451,0.9999858689903444,0.9999858689903458,0.9999858689903444,0.9999858689903447,0.9999858689903444,0.9999858689903439,0.9999858689903459,0.9999858689903459,0.9999858689903451,-1.0913037676866828e-11,-1.0913037723127881e-11,0.9999858689903456,0.9999858689903456,-1.0913039051824478e-11,0.9999858689903451,0.9999858689903458,0.9999858689903451,0.9999858689903447,0.9999858689903447,0.9999858689903459,0.9999858689903453,-1.091303774119567e-11
0.9999894977171281,0.9999858689903427,-1.0913038338771671e-11,0.9999858689903456,0.9999858689903449,0.9999858689903459,0.9999858689903459,0.9999858689903458,0.9999858689903451,-1.0913038607057331e-11,0.9999858689903459,0.9999858689903456,0.9999858689903456,0.9999858689903451,0.9999858689903456,0.9999858689903459,0.9999888673612225,0.9999858689903456,0.9999858689903456,0.9999858689903449,0.9999858689903456,-1.0913039020128667e-11,0.9999858363020004,0.9999858689903449,0.9999858689903447,0.9999858689903459,0.9999858689903456,0.9999858689903461,0.9999858689903451,0.9999858689903453,0.9999858689903464,0.9999858689903459,0.9999858689903447,0.9999858689903456,-1.0913037646446663e-11,-1.0913037705591423e-11,0.9999858689903456,0.9999858689903451,-1.091303903312802e-11,0.9999858689903456,0.9999858689903453,0.9999858689903447,0.9999858689903447,0.9999858689903456,0.9999858689903449,0.9999858689903456,-1.0913037755387788e-11
0.9999894977171281,0.9999858689903427,-1.0913038344795989e-11,0.9999858689903453,0.9999858689903451,0.9999858689903459,0.9999858689903456,0.9999858689903456,0.9999858689903449,-1.0913038593893758e-11,0.9999858689903461,0.9999858689903451,0.9999858689903456,0.9999858689903451,0.9999858689903456,0.9999858689903459,0.9999858689903456,0.9999888673612182,0.9999858689903456,0.9999858689903449,0.9999858689903456,-1.0913039008229222e-11,0.9999858363020004,0.9999858689903449,0.9999858689903447,0.9999858689903459,0.9999858689903456,0.9999858689903459,0.9999858689903447,0.9999858689903451,0.9999858689903464,0.9999858689903459,0.9999858689903447,0.9999858689903456,-1.0913037677894739e-11,-1.0913037712079583e-11,0.9999858689903451,0.9999858689903451,-1.0913039011182945e-11,0.9999858689903449,0.9999858689903451,0.9999858689903447,0.9999858689903447,0.9999858689903456,0.9999858689903449,0.9999858689903451,-1.0913037724752231e-11
0.9999894977171281,0.9999858689903423,-1.0913038331384173e-11,0.9999858689903453,0.9999858689903449,0.9999858689903456,0.9999858689903456,0.9999858689903456,0.9999858689903449,-1.0913038564431572e-11,0.9999858689903459,0.9999858689903451,0.9999858689903456,0.9999858689903451,0.9999858689903456,0.9999858689903459,0.9999858689903456,0.9999858689903456,0.9999888673612193,0.9999858689903451,0.9999858689903456,-1.0913038957726498e-11,0.9999858363020004,0.9999858689903447,0.9999858689903447,0.9999858689903459,0.9999858689903456,0.9999858689903459,0.9999858689903447,0.9999858689903456,0.9999858689903464,0.9999858689903456,0.9999858689903447,0.9999858689903456,-1.0913037613177601e-11,-1.091303771883566e-11,0.9999858689903456,0.9999858689903451,-1.0913039013240875e-11,0.9999858689903449,0.9999858689903451,0.9999858689903449,0.9999858689903447,0.9999858689903456,0.9999858689903451,0.9999858689903456,-1.091303775287692e-11
0.9999894977171295,0.999985868990341,-1.0913038386546782e-11,0.9999858689903464,0.9999858689903456,0.9999858689903461,0.9999858689903451,0.9999858689903458,0.9999858689903456,-1.0913038609453122e-11,0.9999858689903464,0.9999858689903456,0.9999858689903449,0.9999858689903456,0.9999858689903459,0.9999858689903459,0.9999858689903449,0.9999858689903449,0.9999858689903451,0.9999888673612213,0.9999858689903459,-1.0913039020128667e-11,0.9999858363019986,0.9999858689903451,0.9999858689903451,0.9999858689903459,0.9999858689903449,0.9999858689903456,0.9999858689903451,0.9999858689903456,0.9999858689903456,0.9999858689903451,0.9999858689903459,0.9999858689903459,-1.0913037622899642e-11,-1.0913037699818403e-11,0.9999858689903456,0.9999858689903456,-1.0913039013240875e-11,0.9999858689903456,0.9999858689903449,0.9999858689903459,0.9999858689903451,0.9999858689903459,0.9999858689903453,0.9999858689903456,-1.091303776419915e-11
0.9999894977171284,0.9999858689903423,-1.0913038331384173e-11,0.9999858689903451,0.9999858689903447,0.9999858689903456,0.9999858689903456,0.9999858689903459,0.9999858689903447,-1.0913038613246565e-11,0.9999858689903459,0.9999858689903447,0.9999858689903456,0.9999858689903447,0.9999858689903444,0.999985868990344,0.9999858689903456,0.9999858689903456,0.9999858689903456,0.9999858689903459,0.9999888673612178,-1.0913038993445585e-11,0.9999858363019997,0.9999858689903447,0.9999858689903447,0.9999858689903458,0.9999858689903456,0.9999858689903456,0.9999858689903447,0.9999858689903459,0.9999858689903447,0.9999858689903456,0.9999858689903456,0.9999858689903451,-1.0913037671633258e-11,-1.0913037717111609e-11,0.9999858689903447,0.9999858689903447,-1.0913038992012606e-11,0.9999858689903447,0.9999858689903447,0.9999858689903456,0.9999858689903447,0.9999858689903444,0.9999858689903458,0.9999858689903447,-1.09130377587151e-11
-5.173886584798765e-07,-1.0913039022163714e-11,-1.2927229250355519e-15,-1.0913038958350499e-11,-1.0913038981975003e-11,-1.0913038968404354e-11,-1.0913038989761523e-11,-1.0913039020128667e-11,-1.0913038968404354e-11,-1.292723342442843e-15,-1.0913039067204314e-11,-1.0913038981975003e-11,-1.0913039020128667e-11,-1.0913038978280842e-11,-1.0913038966353302e-11,-1.091303900764153e-11,-1.0913039020128667e-11,-1.0913039008229222e-11,-1.0913038957726498e-11,-1.0913039020128667e-11,-1.0913038993445585e-11,2.9983709805272748e-06,-2.1692307358429974e-08,-1.0913038988638623e-11,-1.0913038978411199e-11,-1.0913038987811312e-11,-1.0913039018418935e-11,-1.0913038980019487e-11,-1.0913038980019487e-11,-1.091303896881563e-11,-1.0913039030918004e-11,-1.0913039030918004e-11,-1.0913039030918004e-11,-1.0913038912778897e-11,-1.2927230570920736e-15,-1.2927231233360561e-15,-1.0913038987811312e-11,-1.0913039014054646e-11,-1.2927232421857177e-15,-1.0913039008229222e-11,-1.0913039035583706e-11,-1.0913038981975003e-11,-1.0913038972414335e-11,-1.0913039008229222e-11,-1.0913038969838577e-11,-1.0913038989761523e-11,-1.2927231702298777e-15
0.9999894650286535,0.9999858363019942,-2.1692306035397892e-08,0.9999858363019997,0.9999858363019991,0.9999858363019994,0.9999858363020004,0.9999858363020004,0.9999858363019991,-2.1692306535535206e-08,0.9999858363019997,0.9999858363019991,0.9999858363020004,0.9999858363019991,0.9999858363019991,0.9999858363019991,0.9999858363020004,0.9999858363020004,0.9999858363020004,0.9999858363019986,0.9999858363019997,-2.1692307358429974e-08,0.9999888019845352,0.9999858363019979,0.9999858363019986,0.9999858363019991,0.9999858363020004,0.9999858363019997,0.9999858363019979,0.9999858363019997,0.9999858363019988,0.999985836302,0.9999858363019988,0.9999858363019991,-2.1692304659694373e-08,-2.1692304805487014e-08,0.9999858363019991,0.9999858363019991,-2.1692307492150642e-08,0.9999858363019991,0.9999858363019986,0.9999858363019988,0.9999858363019979,0.9999858363019991,0.9999858363019986,0.9999858363019991,-2.169230486640204e-08
0.9999894977171292,0.9999858689903407,-1.091303841614699e-11,0.9999858689903459,0.9999858689903447,0.9999858689903456,0.9999858689903447,0.9999858689903453,0.9999858689903447,-1.091303857833232e-11,0.9999858689903447,0.9999858689903449,0.9999858689903447,0.9999858689903449,0.9999858689903453,0.9999858689903447,0.9999858689903449,0.9999858689903449,0.9999858689903447,0.9999858689903451,0.9999858689903447,-1.0913038988638623e-11,0.9999858363019979,0.999988867361217,0.9999858689903447,0.9999858689903444,0.9999858689903447,0.9999858689903444,0.9999858689903446,0.9999858689903451,0.9999858689903447,0.9999858689903447,0.9999858689903449,0.9999858689903447,-1.0913037603244598e-11,-1.0913037727820435e-11,0.9999858689903449,0.9999858689903447,-1.091303906295014e-11,0.9999858689903449,0.9999858689903444,0.9999858689903449,0.9999858689903446,0.9999858689903451,0.9999858689903451,0.9999858689903449,-1.0913037755090043e-11
0.9999894977171281,0.9999858689903407,-1.0913038331887745e-11,0.9999858689903461,0.9999858689903456,0.9999858689903447,0.9999858689903447,0.9999858689903451,0.9999858689903456,-1.0913038621660037e-11,0.9999858689903447,0.9999858689903456,0.9999858689903447,0.9999858689903451,0.9999858689903446,0.9999858689903451,0.9999858689903447,0.9999858689903447,0.9999858689903447,0.9999858689903451,0.9999858689903447,-1.0913038978411199e-11,0.9999858363019986,0.9999858689903447,0.999988867361218,0.9999858689903447,0.9999858689903447,0.9999858689903447,0.9999858689903447,0.9999858689903456,0.9999858689903449,0.9999858689903447,0.9999858689903451,0.9999858689903459,-1.0913037664148e-11,-1.0913037650535128e-11,0.9999858689903456,0.9999858689903451,-1.0913039016733995e-11,0.9999858689903456,0.9999858689903444,0.9999858689903449,0.9999858689903447,0.9999858689903446,0.9999858689903451,0.9999858689903456,-1.091303773278886e-11
0.9999894977171339,0.999985868990341,-1.0913038331489653e-11,0.9999858689903456,0.9999858689903447,0.9999858689903447,0.9999858689903446,0.9999858689903464,0.9999858689903447,-1.0913038595472376e-11,0.9999858689903444,0.9999858689903447,0.9999858689903459,0.9999858689903444,0.9999858689903444,0.9999858689903444,0.9999858689903459,0.9999858689903459,0.9999858689903459,0.9999858689903459,0.9999858689903458,-1.0913038987811312e-11,0.9999858363019991,0.9999858689903444,0.9999858689903447,0.9999888673612211,0.9999858689903446,0.9999858689903444,0.9999858689903444,0.9999858689903453,0.9999858689903458,0.9999858689903459,0.9999858689903459,0.9999858689903449,-1.0913037633454548e-11,-1.0913037717684477e-11,0.9999858689903447,0.9999858689903446,-1.091303904596973e-11,0.9999858689903446,0.9999858689903453,0.9999858689903459,0.9999858689903444,0.9999858689903444,0.9999858689903459,0.9999858689903447,-1.0913037794492672e-11
0.9999894977171281,0.9999858689903423,-1.0913038338771671e-11,0.9999858689903453,0.9999858689903449,0.9999858689903456,0.9999858689903456,0.9999858689903456,0.9999858689903451,-1.0913038621660037e-11,0.9999858689903459,0.9999858689903451,0.9999858689903456,0.9999858689903451,0.9999858689903453,0.9999858689903458,0.9999858689903456,0.9999858689903456,0.9999858689903456,0.9999858689903449,0.9999858689903456,-1.0913039018418935e-11,0.9999858363020004,0.9999858689903447,0.9999858689903447,0.9999858689903446,0.9999888673612225,0.9999858689903459,0.9999858689903447,0.9999858689903453,0.9999858689903447,0.9999858689903456,0.9999858689903447,0.9999858689903456,-1.0913037626637251e-11,-1.0913037692874165e-11,0.9999858689903451,0.9999858689903451,-1.0913039028309351e-11,0.9999858689903449,0.9999858689903449,0.9999858689903447,0.9999858689903447,0.9999858689903456,0.9999858689903449,0.9999858689903451,-1.0913037755387788e-11
0.999989497717135,0.999985868990341,-1.0913038353323158e-11,0.9999858689903449,0.9999858689903449,0.9999858689903449,0.9999858689903453,0.9999858689903465,0.9999858689903449,-1.0913038593893758e-11,0.9999858689903458,0.9999858689903447,0.9999858689903459,0.9999858689903447,0.9999858689903439,0.9999858689903444,0.9999858689903461,0.9999858689903459,0.9999858689903459,0.9999858689903456,0.9999858689903456,-1.0913038980019487e-11,0.9999858363019997,0.9999858689903444,0.9999858689903447,0.9999858689903444,0.9999858689903459,0.9999888673612221,0.9999858689903444,0.9999858689903458,0.9999858689903459,0.9999858689903461,0.9999858689903465,0.9999858689903447,-1.091303764182352e-11,-1.0913037681217651e-11,0.9999858689903447,0.9999858689903447,-1.0913039094023682e-11,0.9999858689903447,0.9999858689903456,0.9999858689903453,0.9999858689903444,0.9999858689903447,0.9999858689903456,0.9999858689903447,-1.0913037754448461e-11
0.9999894977171278,0.9999858689903407,-1.0913038344795989e-11,0.9999858689903459,0.9999858689903447,0.9999858689903444,0.9999858689903451,0.9999858689903456,0.9999858689903447,-1.0913038610055833e-11,0.9999858689903446,0.9999858689903449,0.9999858689903447,0.9999858689903447,0.9999858689903453,0.9999858689903447,0.9999858689903451,0.9999858689903447,0.9999858689903447,0.9999858689903451,0.9999858689903447,-1.0913038980019487e-11,0.9999858363019979,0.9999858689903446,0.9999858689903447,0.9999858689903444,0.9999858689903447,0.9999858689903444,0.999988867361217,0.9999858689903451,0.9999858689903447,0.9999858689903447,0.9999858689903449,0.9999858689903447,-1.0913037633588722e-11,-1.091303771118392e-11,0.9999858689903447,0.9999858689903447,-1.0913039082842302e-11,0.9999858689903447,0.9999858689903444,0.9999858689903451,0.9999858689903444,0.9999858689903453,0.9999858689903451,0.9999858689903447,-1.0913037755090043e-11
0.9999894977171334,0.9999858689903423,-1.091303837163975e-11,0.9999858689903465,0.9999858689903464,0.9999858689903459,0.9999858689903451,0.9999858689903458,0.9999858689903453,-1.0913038621660037e-11,0.9999858689903456,0.9999858689903464,0.9999858689903456,0.9999858689903464,0.9999858689903447,0.9999858689903444,0.9999858689903453,0.9999858689903451,0.9999858689903456,0.9999858689903456,0.9999858689903459,-1.091303896881563e-11,0.9999858363019997,0.9999858689903451,0.9999858689903456,0.9999858689903453,0.9999858689903453,0.9999858689903458,0.9999858689903451,0.9999888673612156,0.9999858689903459,0.9999858689903456,0.9999858689903456,0.9999858689903459,-1.091303767903436e-11,-1.0913037659515847e-11,0.9999858689903464,0.9999858689903451,-1.09130390228373e-11,0.9999858689903464,0.9999858689903447,0.9999858689903456,0.9999858689903451,0.9999858689903449,0.9999858689903456,0.9999858689903464,-1.0913037743024964e-11
0.9999894977171342,0.9999858689903423,-1.0913038338771671e-11,0.9999858689903449,0.9999858689903447,0.9999858689903458,0.9999858689903464,0.9999858689903468,0.9999858689903446,-1.0913038592586197e-11,0.9999858689903451,0.9999858689903447,0.9999858689903464,0.9999858689903447,0.9999858689903444,0.9999858689903439,0.9999858689903464,0.9999858689903464,0.9999858689903464,0.9999858689903456,0.9999858689903447,-1.0913039030918004e-11,0.9999858363019988,0.9999858689903447,0.9999858689903449,0.9999858689903458,0.9999858689903447,0.9999858689903459,0.9999858689903447,0.9999858689903459,0.9999888673612178,0.9999858689903464,0.9999858689903456,0.9999858689903451,-1.0913037663865347e-11,-1.0913037738387255e-11,0.9999858689903447,0.9999858689903447,-1.0913039082842302e-11,0.9999858689903446,0.9999858689903449,0.9999858689903456,0.9999858689903447,0.9999858689903444,0.9999858689903456,0.9999858689903447,-1.091303774245471e-11
0.9999894977171289,0.9999858689903428,-1.0913038298924803e-11,0.9999858689903456,0.9999858689903451,0.9999858689903459,0.9999858689903456,0.9999858689903459,0.9999858689903451,-1.0913038613246565e-11,0.9999858689903461,0.9999858689903451,0.9999858689903456,0.9999858689903451,0.9999858689903458,0.9999858689903459,0.9999858689903459,0.9999858689903459,0.9999858689903456,0.9999858689903451,0.9999858689903456,-1.0913039030918004e-11,0.999985836302,0.9999858689903447,0.9999858689903447,0.9999858689903459,0.9999858689903456,0.9999858689903461,0.9999858689903447,0.9999858689903456,0.9999858689903464,0.9999888673612191,0.9999858689903456,0.9999858689903456,-1.0913037613177601e-11,-1.0913037742581776e-11,0.9999858689903451,0.9999858689903451,-1.0913039080625163e-11,0.9999858689903451,0.9999858689903451,0.9999858689903447,0.9999858689903444,0.9999858689903458,0.9999858689903451,0.9999858689903451,-1.0913037742207555e-11
0.9999894977171382,0.9999858689903428,-1.0913038338511546e-11,0.9999858689903468,0.9999858689903456,0.9999858689903464,0.9999858689903447,0.9999858689903456,0.9999858689903456,-1.0913038597316271e-11,0.9999858689903458,0.9999858689903456,0.9999858689903447,0.9999858689903453,0.9999858689903461,0.9999858689903459,0.9999858689903447,0.9999858689903447,0.9999858689903447,0.9999858689903459,0.9999858689903456,-1.0913039030918004e-11,0.9999858363019988,0.9999858689903449,0.9999858689903451,0.9999858689903459,0.9999858689903447,0.9999858689903465,0.9999858689903449,0.9999858689903456,0.9999858689903456,0.9999858689903456,0.9999888673612213,0.9999858689903464,-1.0913037650265678e-11,-1.0913037711521443e-11,0.9999858689903453,0.9999858689903456,-1.0913039076759132e-11,0.9999858689903453,0.9999858689903451,0.9999858689903456,0.9999858689903451,0.9999858689903461,0.9999858689903459,0.9999858689903453,-1.0913037733763905e-11
0.9999894977171303,0.9999858689903407,-1.0913038353323158e-11,0.9999858689903456,0.9999858689903451,0.9999858689903451,0.9999858689903456,0.9999858689903464,0.9999858689903451,-1.0913038585398195e-11,0.9999858689903447,0.9999858689903456,0.9999858689903456,0.9999858689903451,0.9999858689903447,0.9999858689903451,0.9999858689903456,0.9999858689903456,0.9999858689903456,0.9999858689903459,0.9999858689903451,-1.0913038912778897e-11,0.9999858363019991,0.9999858689903447,0.9999858689903459,0.9999858689903449,0.9999858689903456,0.9999858689903447,0.9999858689903447,0.9999858689903459,0.9999858689903451,0.9999858689903456,0.9999858689903464,0.9999888673612213,-1.0913037649315203e-11,-1.0913037692874165e-11,0.9999858689903456,0.9999858689903451,-1.0913039000249249e-11,0.9999858689903451,0.9999858689903449,0.9999858689903464,0.9999858689903447,0.9999858689903447,0.9999858689903461,0.9999858689903456,-1.0913037737085549e-11
-5.173886562702452e-07,-1.091303767903436e-11,-1.2927227470543795e-15,-1.0913037658488073e-11,-1.0913037679286231e-11,-1.0913037658728558e-11,-1.0913037632897653e-11,-1.0913037638234884e-11,-1.0913037706882674e-11,-1.292723164461669e-15,-1.0913037622324702e-11,-1.091303762712612e-11,-1.0913037660097239e-11,-1.0913037646508576e-11,-1.091303758919208e-11,-1.0913037676866828e-11,-1.0913037646446663e-11,-1.0913037677894739e-11,-1.0913037613177601e-11,-1.0913037622899642e-11,-1.0913037671633258e-11,-1.2927230570920736e-15,-2.1692304659694373e-08,-1.0913037603244598e-11,-1.0913037664148e-11,-1.0913037633454548e-11,-1.0913037626637251e-11,-1.091303764182352e-11,-1.0913037633588722e-11,-1.091303767903436e-11,-1.0913037663865347e-11,-1.0913037613177601e-11,-1.0913037650265678e-11,-1.0913037649315203e-11,2.9983709805272748e-06,-1.2927229453548544e-15,-1.0913037626637251e-11,-1.0913037685702356e-11,-1.2927230642045565e-15,-1.0913037678505878e-11,-1.0913037625039712e-11,-1.0913037628207436e-11,-1.0913037657575078e-11,-1.0913037625039712e-11,-1.0913037679286231e-11,-1.0913037619167334e-11,-1.292722992248695e-15
-5.173886569224479e-07,-1.0913037711017855e-11,-1.2927228132983629e-15,-1.0913037710674428e-11,-1.091303771883566e-11,-1.091303771883566e-11,-1.0913037722466413e-11,-1.091303772005687e-11,-1.0913037723127881e-11,-1.2927232307056338e-15,-1.0913037697044673e-11,-1.0913037734903177e-11,-1.0913037723227644e-11,-1.0913037759488203e-11,-1.0913037759488203e-11,-1.0913037723127881e-11,-1.0913037705591423e-11,-1.0913037712079583e-11,-1.091303771883566e-11,-1.0913037699818403e-11,-1.0913037717111609e-11,-1.2927231233360561e-15,-2.1692304805487014e-08,-1.0913037727820435e-11,-1.0913037650535128e-11,-1.0913037717684477e-11,-1.0913037692874165e-11,-1.0913037681217651e-11,-1.091303771118392e-11,-1.0913037659515847e-11,-1.0913037738387255e-11,-1.0913037742581776e-11,-1.0913037711521443e-11,-1.0913037692874165e-11,-1.2927229453548544e-15,2.9983709805272748e-06,-1.0913037713554377e-11,-1.0913037742879726e-11,-1.2927231304485474e-15,-1.0913037739521717e-11,-1.0913037748715052e-11,-1.0913037733576857e-11,-1.0913037733576857e-11,-1.0913037705591423e-11,-1.0913037727820435e-11,-1.0913037692874165e-11,-1.2927230584926849e-15
0.99998949771713,0.999985868990341,-1.0913038344232437e-11,0.9999858689903464,0.9999858689903459,0.9999858689903447,0.9999858689903451,0.9999858689903464,0.9999858689903447,-1.0913038548673528e-11,0.9999858689903449,0.9999858689903459,0.9999858689903456,0.9999858689903459,0.9999858689903459,0.9999858689903456,0.9999858689903456,0.9999858689903451,0.9999858689903456,0.9999858689903456,0.9999858689903447,-1.0913038987811312e-11,0.9999858363019991,0.9999858689903449,0.9999858689903456,0.9999858689903447,0.9999858689903451,0.9999858689903447,0.9999858689903447,0.9999858689903464,0.9999858689903447,0.9999858689903451,0.9999858689903453,0.9999858689903456,-1.0913037626637251e-11,-1.0913037713554377e-11,0.999988867361223,0.9999858689903461,-1.0913039082842302e-11,0.9999858689903459,0.9999858689903451,0.9999858689903456,0.9999858689903447,0.9999858689903461,0.9999858689903456,0.9999858689903459,-1.0913037732159037e-11
0.9999894977171295,0.999985868990341,-1.0913038358171916e-11,0.9999858689903459,0.9999858689903447,0.9999858689903447,0.9999858689903451,0.9999858689903464,0.9999858689903447,-1.091303857833232e-11,0.9999858689903449,0.9999858689903459,0.9999858689903451,0.9999858689903458,0.9999858689903447,0.9999858689903456,0.9999858689903451,0.9999858689903451,0.9999858689903451,0.9999858689903456,0.9999858689903447,-1.0913039014054646e-11,0.9999858363019991,0.9999858689903447,0.9999858689903451,0.9999858689903446,0.9999858689903451,0.9999858689903447,0.9999858689903447,0.9999858689903451,0.9999858689903447,0.9999858689903451,0.9999858689903456,0.9999858689903451,-1.0913037685702356e-11,-1.0913037742879726e-11,0.9999858689903461,0.9999888673612162,-1.0913039074065422e-11,0.9999858689903458,0.9999858689903451,0.9999858689903453,0.9999858689903447,0.9999858689903447,0.9999858689903456,0.9999858689903461,-1.0913037724752231e-11
-5.173886582750542e-07,-1.0913039008840356e-11,-1.2927229321480563e-15,-1.0913039011182945e-11,-1.0913039000202301e-11,-1.091303903312802e-11,-1.0913039080625163e-11,-1.091303906295014e-11,-1.0913039063700281e-11,-1.2927233495553087e-15,-1.091303903312802e-11,-1.0913039011182945e-11,-1.0913039062262601e-11,-1.0913039005458165e-11,-1.0913039080625163e-11,-1.0913039051824478e-11,-1.091303903312802e-11,-1.0913039011182945e-11,-1.0913039013240875e-11,-1.0913039013240875e-11,-1.0913038992012606e-11,-1.2927232421857177e-15,-2.1692307492150642e-08,-1.091303906295014e-11,-1.0913039016733995e-11,-1.091303904596973e-11,-1.0913039028309351e-11,-1.0913039094023682e-11,-1.0913039082842302e-11,-1.09130390228373e-11,-1.0913039082842302e-11,-1.0913039080625163e-11,-1.0913039076759132e-11,-1.0913039000249249e-11,-1.2927230642045565e-15,-1.2927231304485474e-15,-1.0913039082842302e-11,-1.0913039074065422e-11,2.9983709805272748e-06,-1.0913039063700281e-11,-1.091303905569649e-11,-1.0913039050758081e-11,-1.0913039054184951e-11,-1.0913039050758081e-11,-1.0913039056396849e-11,-1.0913039042391206e-11,-1.2927231773423675e-15
0.9999894977171284,0.999985868990341,-1.0913038338771671e-11,0.9999858689903464,0.9999858689903459,0.9999858689903447,0.9999858689903449,0.9999858689903468,0.9999858689903459,-1.091303854008514e-11,0.9999858689903449,0.9999858689903459,0.9999858689903449,0.9999858689903459,0.9999858689903447,0.9999858689903451,0.9999858689903456,0.9999858689903449,0.9999858689903449,0.9999858689903456,0.9999858689903447,-1.0913039008229222e-11,0.9999858363019991,0.9999858689903449,0.9999858689903456,0.9999858689903446,0.9999858689903449,0.9999858689903447,0.9999858689903447,0.9999858689903464,0.9999858689903446,0.9999858689903451,0.9999858689903453,0.9999858689903451,-1.0913037678505878e-11,-1.0913037739521717e-11,0.9999858689903459,0.9999858689903458,-1.0913039063700281e-11,0.9999888673612167,0.9999858689903451,0.9999858689903456,0.9999858689903446,0.9999858689903447,0.9999858689903456,0.9999858689903459,-1.091303773144195e-11
0.9999894977171281,0.999985868990342,-1.0913038338771671e-11,0.9999858689903456,0.9999858689903447,0.9999858689903456,0.9999858689903451,0.9999858689903451,0.9999858689903447,-1.0913038593893758e-11,0.9999858689903456,0.9999858689903451,0.9999858689903449,0.9999858689903449,0.9999858689903451,0.9999858689903458,0.9999858689903453,0.9999858689903451,0.9999858689903451,0.9999858689903449,0.9999858689903447,-1.0913039035583706e-11,0.9999858363019986,0.9999858689903444,0.9999858689903444,0.9999858689903453,0.9999858689903449,0.9999858689903456,0.9999858689903444,0.9999858689903447,0.9999858689903449,0.9999858689903451,0.9999858689903451,0.9999858689903449,-1.0913037625039712e-11,-1.0913037748715052e-11,0.9999858689903451,0.9999858689903451,-1.091303905569649e-11,0.9999858689903451,0.9999888673612176,0.9999858689903451,0.9999858689903444,0.9999858689903451,0.9999858689903449,0.9999858689903451,-1.0913037752568567e-11
