0.9999999993130293,0.535466145983171,2.6840452569639867e-07,0.45185013503495014,0.9461849703032178,1.363676306719414e-06,0.012679561250413432,0.041135144877387515,0.012678881391724255,0.012679561250413808,0.012678881391723977,3.2535939037754043e-07,0.012678881391723908,1.021016971467507e-06,7.656054617382696e-07,2.291460802139105e-06,0.9461879514092393,0.8088482939981704,0.780616095800376,1.1791569536309808e-07,0.04113424693921022,0.012678881391724054,-1.509159964548439e-06,4.49864792168693e-07,1.0000042298006058,0.17847143015775188,0.20670384914463502,5.622281065188511e-07,2.9554091711496964e-07,1.0000044821669711,0.94618655154247,-2.0434369314854408e-07,0.04113498949908906,2.6334767821721486e-06
0.535466145983171,0.535468979970105,1.6124965763883715e-06,1.8830393653516626e-11,0.49433298902508305,6.596064032514803e-07,-1.0040583229606441e-09,0.041134369671587075,-1.057830590499567e-09,-1.0040583233885116e-09,-1.0578305905017204e-09,7.63537443706863e-11,-1.0578305905739446e-09,-6.272206271284689e-11,2.4880587574901735e-07,8.766270470180639e-07,0.49433307725890085,0.5354686217300566,0.32876324972703636,1.475917305395434e-11,0.041134338732536836,-1.05783059039486e-09,-2.902105844835346e-10,3.879971917160862e-11,0.5354688342830147,5.771514857464223e-12,0.20670466086077896,6.535991711632152e-07,5.592237718604502e-11,0.5354690770855017,0.49433326015811,1.0293181256399856e-10,0.041134490220000236,1.8779422437161402e-06
2.6840452569639867e-07,1.6124965763883715e-06,-3.308499614041884e-08,-1.90452034023446e-06,-2.159272730964672e-11,2.7111051262093265e-14,2.86963432208064e-10,-1.2556649698302907e-10,2.8695392796666226e-10,2.869634322711671e-10,2.869539280202477e-10,5.416488494986274e-15,2.8695392792593515e-10,7.098481761921784e-15,1.5359211238280378e-14,4.3080440360046575e-14,-2.1556224133809107e-11,2.0060422209271635e-10,-1.1382806409975051e-10,3.844529731347986e-15,-1.25587585288601e-10,2.8695392792593515e-10,-8.784270931160256e-15,9.788718458830454e-15,2.7719550370306335e-07,-6.896063880006234e-07,-3.336792992411071e-11,1.676386228807162e-14,5.84845411402209e-15,2.7720160626212766e-07,-4.275667355358505e-08,-5.3489989837711095e-15,-1.2557924181968032e-10,6.437695500888145e-11
0.45185013503495014,1.8830393653516626e-11,-1.90452034023446e-06,0.451852917504719,0.451853256402165,-2.07049561756591e-10,-9.885108912179146e-10,-3.4663295913796816e-11,-1.0623775833654296e-09,-9.885108909423146e-10,-1.0623775834919895e-09,-3.027962367405476e-11,-1.0623775836653527e-09,6.507258588097019e-07,-6.707129899774419e-11,-1.8808963722189563e-10,0.451854317143396,0.27338068109343455,0.4518540241359906,-2.9150979149540116e-11,-9.650666937330085e-12,-1.0623775835798644e-09,-1.8319805573075885e-10,-2.1678884610403333e-11,0.4518526642803306,0.17847226221420265,7.0047680725094056e-12,-3.417186763656391e-10,-2.772141475738871e-11,0.45185257050561134,0.451853406632577,-6.193603905992469e-11,6.179389713955745e-11,-2.4498231259262777e-10
0.9461849703032178,0.49433298902508305,-2.159272730964672e-11,0.451853256402165,0.9461854710558386,-2.4110539321620973e-08,7.806533546906768e-11,7.802998094075602e-08,-8.069045410814619e-11,7.806533535189513e-11,-8.069045431029262e-11,-7.106351812024531e-11,-8.069045443660719e-11,-4.643062819850012e-11,-9.305685970073368e-09,1.0240644949465763e-07,0.9461864597027042,0.7677156597689733,0.7806158086162945,-8.050788941524787e-12,2.8357965061123698e-11,-8.069045418522103e-11,6.126306407357666e-11,-7.4349558892612295e-09,0.9461900693229777,0.1784709977906703,0.16557083007213783,-1.7517991467659106e-07,-2.3984806208060472e-08,0.9461901399156585,0.9461862723576052,-2.2164952798363498e-11,3.4434603229340115e-11,2.3872443347304246e-10
1.363676306719414e-06,6.596064032514803e-07,2.7111051262093265e-14,-2.07049561756591e-10,-2.4110539321620973e-08,-3.3023212814872594e-08,5.663502478187858e-10,1.3800032521250732e-10,5.663317190688348e-10,5.663502478062327e-10,5.663317191115519e-10,1.2662783601552261e-14,5.663317191115519e-10,2.420735883935791e-14,6.050070398544349e-11,8.482680253375843e-14,-1.2081340910016844e-11,-2.870677412720372e-11,1.5993929164174425e-10,7.047135718664468e-15,1.3795937645036077e-10,5.663317191115519e-10,-3.1751571648767884e-14,1.9395116603374772e-14,1.3724665216174893e-06,1.544863405535284e-10,-3.416601452324011e-11,3.00043003688586e-14,1.1908354239676032e-14,1.3724779274932758e-06,-2.4004922036289132e-08,-1.0547335803768994e-14,1.3797900447734312e-10,6.808263380062479e-14
0.012679561250413432,-1.0040583229606441e-09,2.86963432208064e-10,-9.885108912179146e-10,7.806533546906768e-11,5.663502478187858e-10,0.012678482209232574,6.14482908735515e-10,0.012678088731084445,0.012678515337785587,0.01267808873108453,1.2240427538475756e-10,0.01267808873108457,2.5381100729013013e-10,3.3201642694688647e-10,9.057188048760662e-10,1.0017076482664734e-09,-6.769122052574883e-12,-6.008619285891573e-11,7.82656711154294e-11,1.5239549887069937e-10,0.012678088731084478,-2.8317062330549493e-10,4.245469300869245e-07,0.012679521373712558,-1.7127191155500395e-11,-4.010500048539855e-11,2.999560730282335e-10,1.2523729322616408e-10,0.012679624672669405,1.314209755002059e-06,-1.3956166920332403e-10,3.789600081004003e-10,6.302188723380706e-10
0.041135144877387515,0.041134369671587075,-1.2556649698302907e-10,-3.4663295913796816e-11,7.802998094075602e-08,1.3800032521250732e-10,6.14482908735515e-10,0.04113336322513073,6.455087548861562e-10,6.144829086532659e-10,6.455087547872254e-10,1.1718393402986927e-10,6.455087546215512e-10,6.18620964160029e-07,6.32387159305343e-11,2.0274199793764758e-10,1.3731157212982118e-10,0.04113324952025268,1.9702316951528115e-11,-6.3086114348719e-12,0.04113343642938069,6.455087549326623e-10,-1.0603534517508717e-06,2.095846511549471e-11,0.04113526338062698,9.028953532157683e-11,0.041133780415762725,7.637930046587563e-11,4.034736642179875e-11,0.041135341853279814,-1.3531351644790756e-10,6.309795847331208e-11,0.041133717717035,4.6363387006829436e-10
0.012678881391724255,-1.057830590499567e-09,2.8695392796666226e-10,-1.0623775833654296e-09,-8.069045410814619e-11,5.663317190688348e-10,0.012678088731084445,6.455087548861562e-10,0.012677629010572688,0.012678088731084482,0.012677662139124246,1.2240054770412315e-10,0.012677662139124291,2.538031545249564e-10,3.320054808556278e-10,9.056893372534534e-10,8.429205357083803e-10,-7.902508184329403e-11,-1.1063453915375324e-10,7.826308031170585e-11,1.8343685238843828e-10,0.012677662139124203,-2.831618420347226e-10,2.1410597339083298e-10,0.012678841514944163,-7.257710647167325e-11,-1.172596517307345e-10,2.9994650121355296e-10,1.2523324460219514e-10,0.012678944810778142,5.040237621112597e-10,-1.3955663736879615e-10,4.0999400871589136e-10,6.301990922938378e-10
0.012679561250413808,-1.0040583233885116e-09,2.869634322711671e-10,-9.885108909423146e-10,7.806533535189513e-11,5.663502478062327e-10,0.012678515337785587,6.144829086532659e-10,0.012678088731084482,0.012678482209232792,0.012678088731084567,1.2240427541971075e-10,0.012678088731084594,2.538110073379815e-10,3.32016426921056e-10,9.057188048706164e-10,1.0017076479693458e-09,-6.769122304363914e-12,-6.008619282576296e-11,7.826567112526874e-11,1.5239549879972203e-10,0.012678088731084515,-2.831706232893513e-10,4.2454693008692523e-07,0.012679521373712204,-1.712719098180052e-11,-4.0105000586520007e-11,2.9995607296117593e-10,1.2523729322616408e-10,0.012679624672669056,1.3142097547265657e-06,-1.3956166920332403e-10,3.7896000814706667e-10,6.302188723380706e-10
0.012678881391723977,-1.0578305905017204e-09,2.869539280202477e-10,-1.0623775834919895e-09,-8.069045431029262e-11,5.663317191115519e-10,0.01267808873108453,6.455087547872254e-10,0.012677662139124246,0.012678088731084567,0.012677629010572688,1.2240054754700614e-10,0.012677662139124366,2.5380315453240254e-10,3.3200548087275423e-10,9.056893372534534e-10,8.429205355645958e-10,-7.902508183301696e-11,-1.1063453929118948e-10,7.826308026395098e-11,1.834368523974897e-10,0.01267766213912429,-2.831618419946806e-10,2.1410597328671287e-10,0.012678841514944006,-7.257710667621974e-11,-1.172596516980592e-10,2.999465012094868e-10,1.2523324462858153e-10,0.012678944810777993,5.040237618539972e-10,-1.3955663739057227e-10,4.09994008748988e-10,6.301990922938378e-10
3.2535939037754043e-07,7.63537443706863e-11,5.416488494986274e-15,-3.027962367405476e-11,-7.106351812024531e-11,1.2662783601552261e-14,1.2240427538475756e-10,1.1718393402986927e-10,1.2240054770412315e-10,1.2240427541971075e-10,1.2240054754700614e-10,-3.312134209915713e-08,1.2240054770412315e-10,6.861250437234663e-15,7.080044493195963e-15,2.0317248958122586e-14,-7.104717066983095e-11,-4.8445347164711177e-11,9.898179186119522e-11,3.0741564530096327e-12,2.3233671015868445e-07,1.224005477039087e-10,-2.015935078503835e-11,4.413059437194076e-15,1.6852443384983734e-10,9.455286338054963e-11,-5.287457159555331e-11,7.592452995111354e-15,2.9401439607578774e-15,3.3415636272660573e-07,-7.105199646782574e-11,-1.5543813964442035e-15,1.1717963206616816e-10,1.9359360978106892e-14
0.012678881391723908,-1.0578305905739446e-09,2.8695392792593515e-10,-1.0623775836653527e-09,-8.069045443660719e-11,5.663317191115519e-10,0.01267808873108457,6.455087546215512e-10,0.012677662139124291,0.012678088731084594,0.012677662139124366,1.2240054770412315e-10,0.01267762901057322,2.5380315453364646e-10,3.3200548083054083e-10,9.056893372534534e-10,8.429205354294319e-10,-7.902508192142525e-11,-1.1063453950891775e-10,7.82630802169309e-11,1.8343685218490116e-10,0.012677662139124312,-2.8316184192910767e-10,2.1410597339083298e-10,0.01267884151494361,-7.257710669004029e-11,-1.1725965175964982e-10,2.9994650121355296e-10,1.2523324458305056e-10,0.012678944810777588,5.040237616933974e-10,-1.3955663736879615e-10,4.09994008592524e-10,6.301990922074642e-10
1.021016971467507e-06,-6.272206271284689e-11,7.098481761921784e-15,6.507258588097019e-07,-4.643062819850012e-11,2.420735883935791e-14,2.5381100729013013e-10,6.18620964160029e-07,2.538031545249564e-10,2.538110073379815e-10,2.5380315453240254e-10,6.861250437234663e-15,2.5380315453364646e-10,-3.309701213048434e-08,1.4013250063722547e-14,3.9051468055968245e-14,-4.639249645818234e-11,1.5037921427666826e-10,3.6622051538204433e-07,2.968171346925478e-15,6.185855272609416e-07,2.538031545214722e-10,-3.9484488594130735e-11,8.769276963442935e-15,1.0298117422516439e-06,1.1515171144561969e-10,1.6028179713421254e-07,1.266316127277029e-14,5.598869102223029e-15,1.0298169824728475e-06,-9.20228843162386e-08,-4.368987625310032e-15,3.119843100309383e-10,3.2129377525391697e-14
7.656054617382696e-07,2.4880587574901735e-07,1.5359211238280378e-14,-6.707129899774419e-11,-9.305685970073368e-09,6.050070398544349e-11,3.3201642694688647e-10,6.32387159305343e-11,3.320054808556278e-10,3.32016426921056e-10,3.3200548087275423e-10,7.080044493195963e-15,3.3200548083054083e-10,1.4013250063722547e-14,-3.309354086730788e-08,4.876016349111325e-14,-4.646400816616909e-12,2.5496261605633575e-12,6.182933850143908e-11,4.094785179869729e-15,6.321475947103762e-11,3.320054808453794e-10,-1.7423886212624726e-14,2.2340038017013124e-11,7.743982233880164e-07,5.595959142418609e-11,-3.3237441499717443e-12,1.68240433064366e-14,1.3505827706705836e-11,7.744044351124983e-07,-9.244751826148258e-09,-6.549312782439735e-15,6.322645057761301e-11,3.7356036738172356e-14
2.291460802139105e-06,8.766270470180639e-07,4.3080440360046575e-14,-1.8808963722189563e-10,1.0240644949465763e-07,8.482680253375843e-14,9.057188048760662e-10,2.0274199793764758e-10,9.056893372534534e-10,9.057188048706164e-10,9.056893372534534e-10,2.0317248958122586e-14,9.056893372534534e-10,3.9051468055968245e-14,4.876016349111325e-14,-3.285881798759611e-08,5.177244111221203e-11,1.0363814327041982e-07,9.505824773866316e-07,1.1306091157365252e-14,2.0267654013695755e-10,9.056893372534534e-10,-4.961231888889542e-14,3.103761411415785e-14,2.300248402758476e-06,2.0202318292362205e-10,-2.251285341232002e-10,4.7908589101732975e-14,1.905693762436225e-14,2.3002667073866827e-06,5.173205061668585e-11,-1.6684897754250936e-14,2.027081307337466e-10,1.0815197266628473e-13
0.9461879514092393,0.49433307725890085,-2.1556224133809107e-11,0.451854317143396,0.9461864597027042,-1.2081340910016844e-11,1.0017076482664734e-09,1.3731157212982118e-10,8.429205357083803e-10,1.0017076479693458e-09,8.429205355645958e-10,-7.104717066983095e-11,8.429205354294319e-10,-4.639249645818234e-11,-4.646400816616909e-12,5.177244111221203e-11,0.9461873823683158,0.7677170618428,0.7806160369234114,-8.039909973963857e-12,1.262507229327126e-10,8.429205357543579e-10,6.122461207495537e-11,-3.719585549341606e-12,0.9461930504302146,0.17847074525810333,0.16557175128907714,-1.751032366687456e-07,-1.2079149434942887e-11,0.9461931210353892,0.9461872280331463,-4.399254338005953e-08,1.323623201121299e-10,2.3880307448308014e-10
0.8088482939981704,0.5354686217300566,2.0060422209271635e-10,0.27338068109343455,0.7677156597689733,-2.870677412720372e-11,-6.769122052574883e-12,0.04113324952025268,-7.902508184329403e-11,-6.769122304363914e-12,-7.902508183301696e-11,-4.8445347164711177e-11,-7.902508192142525e-11,1.5037921427666826e-10,2.5496261605633575e-12,1.0363814327041982e-07,0.7677170618428,0.8088496396899968,0.6021451300820383,-1.309030564944149e-11,0.04113336897509965,-7.902508164204166e-11,2.837628980129717e-10,-2.1564759320568604e-11,0.8088526800076242,1.7255115079352113e-11,0.2067045247706355,-1.5416562727719141e-10,-2.529751003269871e-11,0.8088527128419782,0.7677152024712446,-2.961348994967421e-11,0.04113399623369257,-3.821586422384884e-10
0.780616095800376,0.32876324972703636,-1.1382806409975051e-10,0.4518540241359906,0.7806158086162945,1.5993929164174425e-10,-6.008619285891573e-11,1.9702316951528115e-11,-1.1063453915375324e-10,-6.008619282576296e-11,-1.1063453929118948e-10,9.898179186119522e-11,-1.1063453950891775e-10,3.6622051538204433e-07,6.182933850143908e-11,9.505824773866316e-07,0.7806160369234114,0.6021451300820383,0.7806172725443493,1.2779447141770374e-11,2.12385655378514e-12,-1.1063453926105074e-10,-1.7622375942635618e-10,3.940543040075892e-11,0.7806201435166236,0.17847182801058506,1.741113701390555e-11,1.565593106237563e-10,5.7634034128549064e-11,0.7806203804658375,0.7806168115866151,1.7042365779339223e-10,-3.02563090156175e-11,1.9533792354222954e-06
1.1791569536309808e-07,1.475917305395434e-11,3.844529731347986e-15,-2.9150979149540116e-11,-8.050788941524787e-12,7.047135718664468e-15,7.82656711154294e-11,-6.3086114348719e-12,7.826308031170585e-11,7.826567112526874e-11,7.826308026395098e-11,3.0741564530096327e-12,7.82630802169309e-11,2.968171346925478e-15,4.094785179869729e-15,1.1306091157365252e-14,-8.039909973963857e-12,-1.309030564944149e-11,1.2779447141770374e-11,-3.3126619844570434e-08,-6.314262386588349e-12,7.826308026395098e-11,-3.4478776632498335e-15,2.6278376625435626e-15,6.390426144052738e-11,-1.277596660967094e-12,-2.7148444937244294e-11,3.904284737019008e-15,1.5619735076510956e-15,1.267118317931147e-07,-8.043416798569215e-12,-1.5910581338316938e-15,-6.31163787222812e-12,8.268387930386565e-15
0.04113424693921022,0.041134338732536836,-1.25587585288601e-10,-9.650666937330085e-12,2.8357965061123698e-11,1.3795937645036077e-10,1.5239549887069937e-10,0.04113343642938069,1.8343685238843828e-10,1.5239549879972203e-10,1.834368523974897e-10,2.3233671015868445e-07,1.8343685218490116e-10,6.185855272609416e-07,6.321475947103762e-11,2.0267654013695755e-10,1.262507229327126e-10,0.04113336897509965,2.12385655378514e-12,-6.314262386588349e-12,0.04113344344255758,1.8343685235751548e-10,-1.0603125447582777e-06,2.0943061506345762e-11,0.041134365446212365,3.9312053152091845e-11,0.04113383365795818,7.635732108035305e-11,4.0338316281200195e-11,0.041134443911245495,-1.4635142526453485e-10,6.310788665735398e-11,0.04113375782732415,4.6358728644595576e-10
0.012678881391724054,-1.05783059039486e-09,2.8695392792593515e-10,-1.0623775835798644e-09,-8.069045418522103e-11,5.663317191115519e-10,0.012678088731084478,6.455087549326623e-10,0.012677662139124203,0.012678088731084515,0.01267766213912429,1.224005477039087e-10,0.012677662139124312,2.538031545214722e-10,3.320054808453794e-10,9.056893372534534e-10,8.429205357543579e-10,-7.902508164204166e-11,-1.1063453926105074e-10,7.826308026395098e-11,1.8343685235751548e-10,0.012677629010572717,-2.8316184192797237e-10,2.1410597339083298e-10,0.012678841514944094,-7.257710662566226e-11,-1.172596516361637e-10,2.9994650120382237e-10,1.2523324464302824e-10,0.012678944810778086,5.040237622426186e-10,-1.3955663744647585e-10,4.0999400866571773e-10,6.301990923391674e-10
-1.509159964548439e-06,-2.902105844835346e-10,-8.784270931160256e-15,-1.8319805573075885e-10,6.126306407357666e-11,-3.1751571648767884e-14,-2.8317062330549493e-10,-1.0603534517508717e-06,-2.831618420347226e-10,-2.831706232893513e-10,-2.831618419946806e-10,-2.015935078503835e-11,-2.8316184192910767e-10,-3.9484488594130735e-11,-1.7423886212624726e-14,-4.961231888889542e-14,6.122461207495537e-11,2.837628980129717e-10,-1.7622375942635618e-10,-3.4478776632498335e-15,-1.0603125447582777e-06,-2.8316184192797237e-10,-3.305804961800327e-08,-1.0660033372591112e-14,-1.5003618679261034e-06,-1.501469815183573e-06,-5.894058477650009e-07,-1.902092194177955e-14,-7.521921879444347e-15,-1.5003707085178377e-06,6.123618665085691e-11,2.8940389445687808e-15,-5.347617663847497e-10,-1.1148122727788161e-10
4.49864792168693e-07,3.879971917160862e-11,9.788718458830454e-15,-2.1678884610403333e-11,-7.4349558892612295e-09,1.9395116603374772e-14,4.245469300869245e-07,2.095846511549471e-11,2.1410597339083298e-10,4.2454693008692523e-07,2.1410597328671287e-10,4.413059437194076e-15,2.1410597339083298e-10,8.769276963442935e-15,2.2340038017013124e-11,3.103761411415785e-14,-3.719585549341606e-12,-2.1564759320568604e-11,3.940543040075892e-11,2.6278376625435626e-15,2.0943061506345762e-11,2.1410597339083298e-10,-1.0660033372591112e-14,-3.311427468886557e-08,4.5865851189095494e-07,3.875005626072113e-11,-2.2222542886620137e-11,1.0624240985867678e-14,8.562540260317682e-12,4.5866236501127566e-07,-3.729858965778016e-12,-4.319647573848308e-15,2.0950475900088692e-11,2.3293960376549135e-14
1.0000042298006058,0.5354688342830147,2.7719550370306335e-07,0.4518526642803306,0.9461900693229777,1.3724665216174893e-06,0.012679521373712558,0.04113526338062698,0.012678841514944163,0.012679521373712204,0.012678841514944006,1.6852443384983734e-10,0.01267884151494361,1.0298117422516439e-06,7.743982233880164e-07,2.300248402758476e-06,0.9461930504302146,0.8088526800076242,0.7806201435166236,6.390426144052738e-11,0.041134365446212365,0.012678841514944094,-1.5003618679261034e-06,4.5865851189095494e-07,1.0000093567502506,0.1784722616807224,0.20670501896270302,2.879835992127782e-10,3.043351794343434e-07,1.0000096422447085,0.946191650558861,-9.862130231263254e-11,0.041135108006064965,2.6422655176231616e-06
0.17847143015775188,5.771514857464223e-12,-6.896063880006234e-07,0.17847226221420265,0.1784709977906703,1.544863405535284e-10,-1.7127191155500395e-11,9.028953532157683e-11,-7.257710647167325e-11,-1.712719098180052e-11,-7.257710667621974e-11,9.455286338054963e-11,-7.257710669004029e-11,1.1515171144561969e-10,5.595959142418609e-11,2.0202318292362205e-10,0.17847074525810333,1.7255115079352113e-11,0.17847182801058506,-1.277596660967094e-12,3.9312053152091845e-11,-7.257710662566226e-11,-1.501469815183573e-06,3.875005626072113e-11,0.1784722616807224,0.17847134140783838,2.519091255387601e-12,1.4216541624460592e-10,5.3535103246680795e-11,0.1784723779019765,0.17847187680656912,7.056332997473718e-11,-1.2912236484580994e-10,2.150275233247008e-06
0.20670384914463502,0.20670466086077896,-3.336792992411071e-11,7.0047680725094056e-12,0.16557083007213783,-3.416601452324011e-11,-4.010500048539855e-11,0.041133780415762725,-1.172596517307345e-10,-4.0105000586520007e-11,-1.172596516980592e-10,-5.287457159555331e-11,-1.1725965175964982e-10,1.6028179713421254e-07,-3.3237441499717443e-12,-2.251285341232002e-10,0.16557175128907714,0.2067045247706355,1.741113701390555e-11,-2.7148444937244294e-11,0.04113383365795818,-1.172596516361637e-10,-5.894058477650009e-07,-2.2222542886620137e-11,0.20670501896270302,2.519091255387601e-12,0.2067044520968535,-1.6856367669286818e-10,-2.939762736783294e-11,0.20670493106806623,0.16557024880202528,-2.567187678106917e-07,0.041134191143894036,-2.828621133610881e-10
5.622281065188511e-07,6.535991711632152e-07,1.676386228807162e-14,-3.417186763656391e-10,-1.7517991467659106e-07,3.00043003688586e-14,2.999560730282335e-10,7.637930046587563e-11,2.9994650121355296e-10,2.9995607296117593e-10,2.999465012094868e-10,7.592452995111354e-15,2.9994650121355296e-10,1.266316127277029e-14,1.68240433064366e-14,4.7908589101732975e-14,-1.751032366687456e-07,-1.5416562727719141e-10,1.565593106237563e-10,3.904284737019008e-15,7.635732108035305e-11,2.9994650120382237e-10,-1.902092194177955e-14,1.0624240985867678e-14,2.879835992127782e-10,1.4216541624460592e-10,-1.6856367669286818e-10,-3.309215854314294e-08,6.8025714130664595e-15,5.710261601109805e-07,-8.83187687849714e-11,-4.48895503417861e-15,7.636686984829544e-11,4.320956531911133e-14
2.9554091711496964e-07,5.592237718604502e-11,5.84845411402209e-15,-2.772141475738871e-11,-2.3984806208060472e-08,1.1908354239676032e-14,1.2523729322616408e-10,4.034736642179875e-11,1.2523324460219514e-10,1.2523729322616408e-10,1.2523324462858153e-10,2.9401439607578774e-15,1.2523324458305056e-10,5.598869102223029e-15,1.3505827706705836e-11,1.905693762436225e-14,-1.2079149434942887e-11,-2.529751003269871e-11,5.7634034128549064e-11,1.5619735076510956e-15,4.0338316281200195e-11,1.2523324464302824e-10,-7.521921879444347e-15,8.562540260317682e-12,3.043351794343434e-07,5.3535103246680795e-11,-2.939762736783294e-11,6.8025714130664595e-15,-3.3123218555218776e-08,3.0433783243567527e-07,-1.2084492590138045e-11,-2.207471533793774e-15,4.0342660882284746e-11,1.5811227238479137e-14
1.0000044821669711,0.5354690770855017,2.7720160626212766e-07,0.45185257050561134,0.9461901399156585,1.3724779274932758e-06,0.012679624672669405,0.041135341853279814,0.012678944810778142,0.012679624672669056,0.012678944810777993,3.3415636272660573e-07,0.012678944810777588,1.0298169824728475e-06,7.744044351124983e-07,2.3002667073866827e-06,0.9461931210353892,0.8088527128419782,0.7806203804658375,1.267118317931147e-07,0.041134443911245495,0.012678944810778086,-1.5003707085178377e-06,4.5866236501127566e-07,1.0000096422447085,0.1784723779019765,0.20670493106806623,5.710261601109805e-07,3.0433783243567527e-07,1.0000098614837338,0.9461917211624807,-1.9554885548151888e-07,0.041135186474399316,2.6422846416830823e-06
0.94618655154247,0.49433326015811,-4.275667355358505e-08,0.451853406632577,0.9461862723576052,-2.4004922036289132e-08,1.314209755002059e-06,-1.3531351644790756e-10,5.040237621112597e-10,1.3142097547265657e-06,5.040237618539972e-10,-7.105199646782574e-11,5.040237616933974e-10,-9.20228843162386e-08,-9.244751826148258e-09,5.173205061668585e-11,0.9461872280331463,0.7677152024712446,0.7806168115866151,-8.043416798569215e-12,-1.4635142526453485e-10,5.040237622426186e-10,6.123618665085691e-11,-3.729858965778016e-12,0.946191650558861,0.17847187680656912,0.16557024880202528,-8.83187687849714e-11,-1.2084492590138045e-11,0.9461917211624807,0.9461870075194545,-4.3972233114482766e-08,-1.4025717364931536e-10,4.734786773675762e-07
-2.0434369314854408e-07,1.0293181256399856e-10,-5.3489989837711095e-15,-6.193603905992469e-11,-2.2164952798363498e-11,-1.0547335803768994e-14,-1.3956166920332403e-10,6.309795847331208e-11,-1.3955663736879615e-10,-1.3956166920332403e-10,-1.3955663739057227e-10,-1.5543813964442035e-15,-1.3955663736879615e-10,-4.368987625310032e-15,-6.549312782439735e-15,-1.6684897754250936e-14,-4.399254338005953e-08,-2.961348994967421e-11,1.7042365779339223e-10,-1.5910581338316938e-15,6.310788665735398e-11,-1.3955663744647585e-10,2.8940389445687808e-15,-4.319647573848308e-15,-9.862130231263254e-11,7.056332997473718e-11,-2.567187678106917e-07,-4.48895503417861e-15,-2.207471533793774e-15,-1.9554885548151888e-07,-4.3972233114482766e-08,-3.312028871184083e-08,6.310279970557979e-11,-6.829194630283656e-15
0.04113498949908906,0.041134490220000236,-1.2557924181968032e-10,6.179389713955745e-11,3.4434603229340115e-11,1.3797900447734312e-10,3.789600081004003e-10,0.041133717717035,4.0999400871589136e-10,3.7896000814706667e-10,4.09994008748988e-10,1.1717963206616816e-10,4.09994008592524e-10,3.119843100309383e-10,6.322645057761301e-11,2.027081307337466e-10,1.323623201121299e-10,0.04113399623369257,-3.02563090156175e-11,-6.31163787222812e-12,0.04113375782732415,4.0999400866571773e-10,-5.347617663847497e-10,2.0950475900088692e-11,0.041135108006064965,-1.2912236484580994e-10,0.041134191143894036,7.636686984829544e-11,4.0342660882284746e-11,0.041135186474399316,-1.4025717364931536e-10,6.310279970557979e-11,0.04113400597427066,4.6360719273590397e-10
2.6334767821721486e-06,1.8779422437161402e-06,6.437695500888145e-11,-2.4498231259262777e-10,2.3872443347304246e-10,6.808263380062479e-14,6.302188723380706e-10,4.6363387006829436e-10,6.301990922938378e-10,6.302188723380706e-10,6.301990922938378e-10,1.9359360978106892e-14,6.301990922074642e-10,3.2129377525391697e-14,3.7356036738172356e-14,1.0815197266628473e-13,2.3880307448308014e-10,-3.821586422384884e-10,1.9533792354222954e-06,8.268387930386565e-15,4.6358728644595576e-10,6.301990923391674e-10,-1.1148122727788161e-10,2.3293960376549135e-14,2.6422655176231616e-06,2.150275233247008e-06,-2.828621133610881e-10,4.320956531911133e-14,1.5811227238479137e-14,2.6422846416830823e-06,4.734786773675762e-07,-6.829194630283656e-15,4.6360719273590397e-10,-3.290392974574383e-08
