1.0000000161778002,6.5130692972911755e-06,1.0000288578921308,6.521748526763115e-06,6.598584867088793e-06,6.508706327430582e-06,6.922783337893529e-06,6.9227833400355484e-06,1.000028857892131,1.000029283705612,6.598584867737503e-06,6.598584868461582e-06,6.922783338404018e-06,1.0000288578921293,6.4995150542042425e-06,1.000029332996526,6.598584867088817e-06,1.0000283248338735,6.5130692970514524e-06,1.0000292837056135,6.591516522120793e-06,6.513069299411333e-06,1.0000292183573432,6.505206300358614e-06,1.0000288578921304,6.598584867796736e-06,1.0000292837056128,1.0000292837056106,6.513069296610651e-06,6.598584868510357e-06,6.5985848677289405e-06,1.0000292837056133,6.5985848671313656e-06,6.508706331519765e-06,1.0000292837056124,6.49951505374356e-06,6.505206299630477e-06,6.591516519315105e-06,6.61470322247389e-06,1.0000292837056128,6.521748527322091e-06
6.5130692972911755e-06,1.5250678715725367e-06,3.479881254082645e-10,2.0333820699189375e-16,2.349680100349219e-16,1.9790380543283768e-16,3.2663903334265954e-16,3.2663903334265954e-16,3.479881254064822e-10,3.4798830194339874e-10,2.350708212278786e-16,2.350708125168229e-16,3.264672354013707e-16,3.4798812543599276e-10,1.9417890248947268e-16,3.4798832212683487e-10,2.349680100349219e-16,6.910508948567532e-07,3.9686137663394174e-13,3.4798830194787725e-10,2.2442424234710695e-16,2.00228889767138e-16,3.479882750242414e-10,1.9659102041255297e-16,3.479881254949845e-10,2.350708212278786e-16,3.4798830186486673e-10,3.4798830192477797e-10,2.00228889767138e-16,2.350708212278786e-16,2.349525770216057e-16,3.4798830192477797e-10,2.3508855348752355e-16,1.979699801997172e-16,3.4798830186486673e-10,1.9417890248947268e-16,1.9686005638837572e-16,2.243950930884363e-16,2.339155317619436e-16,3.4798830192477797e-10,2.0319596784436087e-16
1.0000288578921308,3.479881254082645e-10,1.0000380443847698,3.523587202101602e-10,3.9105116046575703e-10,3.4579106839167185e-10,1.1007712706395182e-06,1.1007712716739504e-06,1.0000365193181164,1.0000369451367435,3.910511601326437e-10,3.9105116037676413e-10,1.1007712710219782e-06,1.000036519318114,3.411626208325721e-10,1.0000369944282612,3.910511605483649e-10,1.0000359862534256,3.4798812663742395e-10,1.0000369451367446,3.874918366511447e-10,3.4798812690393116e-10,1.0000368797876804,3.4402856067794337e-10,1.0000365193181135,3.910511603810279e-10,1.0000369451367441,1.0000369451367455,3.4798812691451705e-10,3.9105116017027214e-10,3.9105116032603025e-10,1.000036945136744,3.9105116021173617e-10,3.4579106803098006e-10,1.0000369451367446,3.4116262133184994e-10,3.4402856005240995e-10,3.874918361602077e-10,3.991679534886915e-10,1.0000369451367466,3.523587203000753e-10
6.521748526763115e-06,2.0333820699189375e-16,3.523587202101602e-10,1.5250678850274867e-06,2.3885465529234e-16,2.013614754927303e-16,3.321682172345789e-16,3.321682172345789e-16,3.523587202298589e-10,3.5235889803608817e-10,2.388098519586563e-16,2.388098519586563e-16,3.3216678617840566e-16,3.5235872020643745e-10,1.9736433054155121e-16,3.5235891852001585e-10,2.3885797602902386e-16,6.997302250460227e-07,2.0356332763673912e-16,3.523588980846759e-10,2.284554363763032e-16,2.0356332763673912e-16,3.5235887116437784e-10,2.0017345486464375e-16,3.523587202093628e-10,2.3885797602902386e-16,3.5235889811322545e-10,3.523588980846759e-10,2.0332781717245286e-16,2.3885797602902386e-16,2.388098519586563e-16,3.5235889808463586e-10,2.388098519586563e-16,4.003636093957779e-13,3.5235889811322545e-10,1.978424983811779e-16,2.0017345486464375e-16,2.284554363763032e-16,2.3810167773376286e-16,3.5235889802533787e-10,4.1100348014766077e-13
6.598584867088793e-06,2.349680100349219e-16,3.9105116046575703e-10,2.3885465529234e-16,1.5250680148630093e-06,2.330166490278176e-16,3.8156172708183974e-16,3.8156172708183974e-16,3.910511605073801e-10,3.9105135179827444e-10,5.425441181112952e-13,5.425441180607818e-13,3.815617270819356e-16,3.9105116050881333e-10,2.290208178662398e-16,3.910513737168535e-10,5.425441185392949e-13,7.765674710525924e-07,2.349525770216057e-16,3.9105135179966804e-10,2.632359609608181e-16,2.352058928833259e-16,3.9105132261456126e-10,2.3152339724439466e-16,3.910511605073801e-10,5.425441180490566e-13,3.9105135178162454e-10,3.9105135179966804e-10,2.348720024885555e-16,5.425441183476588e-13,5.425441180738523e-13,3.910513517393825e-10,5.425441183460731e-13,2.3302062163146984e-16,3.9105135189374934e-10,2.288726340457087e-16,2.3152575859286385e-16,2.632359609608181e-16,2.7380840420783e-16,3.9105135178162454e-10,2.3885797602902386e-16
6.508706327430582e-06,1.9790380543283768e-16,3.4579106839167185e-10,2.013614754927303e-16,2.330166490278176e-16,1.5250678632401218e-06,3.2380692991937545e-16,3.238243017351328e-16,3.457910684023121e-10,3.4579124392073477e-10,2.328744393219615e-16,2.328399515854346e-16,3.238243017351328e-16,3.4579106842948667e-10,1.9269825088500998e-16,3.4579126395037755e-10,2.328399515854346e-16,6.866878769744505e-07,1.979038054328377e-16,3.457912439818677e-10,2.2202601586350572e-16,1.9811951001929457e-16,3.4579121735828855e-10,1.943867253948918e-16,3.4579106847403206e-10,2.328399515854346e-16,3.457912440931689e-10,3.4579124401842785e-10,1.978941873310965e-16,2.3306822923462135e-16,2.328399515854346e-16,3.4579124392073477e-10,2.328744393219615e-16,1.9603383803842262e-16,3.4579124392972095e-10,1.9269825088500998e-16,1.943867253948918e-16,2.2202601586350572e-16,2.320958009624045e-16,3.4579124401842785e-10,4.0036361027664205e-13
6.922783337893529e-06,3.2663903334265954e-16,1.1007712706395182e-06,3.321682172345789e-16,3.8156172708183974e-16,3.2380692991937545e-16,1.5250685306367358e-06,1.0556425942576557e-12,1.1007712706395178e-06,5.543083468321149e-10,3.813409824005894e-16,3.8136144071156026e-16,1.055642594141028e-12,1.100771270639516e-06,3.177741823182432e-16,5.543083783355063e-10,3.8136144071156026e-16,1.100770583650853e-06,3.266309101478519e-16,5.54308346840508e-10,3.664240201205969e-16,3.266309101478519e-16,5.543083049613345e-10,3.2155439272460366e-16,1.1007712706395159e-06,3.8156172708183974e-16,5.543083469188756e-10,5.543083468321149e-10,3.266309101478519e-16,3.8156172708183974e-16,3.815366137651024e-16,5.543083469130696e-10,3.8156172708183974e-16,3.239903871173653e-16,5.54308346840508e-10,3.1756004578674623e-16,3.2170667030834257e-16,3.664240201205969e-16,3.811506005765356e-16,5.543083469188756e-10,3.3220151625534535e-16
6.9227833400355484e-06,3.2663903334265954e-16,1.1007712716739504e-06,3.321682172345789e-16,3.8156172708183974e-16,3.238243017351328e-16,1.0556425942576557e-12,1.5250685306367358e-06,1.1007712716739483e-06,5.543083474896136e-10,3.813703869970448e-16,3.815089903919183e-16,1.0556425939899428e-12,1.1007712716739477e-06,3.177741823182432e-16,5.543083788809824e-10,3.8156172708183974e-16,1.100770584685283e-06,3.266309101478519e-16,5.543083474250569e-10,3.664240201205969e-16,3.266309101478519e-16,5.543083053994601e-10,3.216288957774086e-16,1.1007712716739466e-06,3.8156172708183974e-16,5.543083472998025e-10,5.543083472998025e-10,3.266309101478519e-16,3.8148266134586657e-16,3.8156172708183974e-16,5.543083474230987e-10,3.8156172708183974e-16,3.237466139522699e-16,5.543083475139055e-10,3.179360031144771e-16,3.217739804511458e-16,3.664240201205969e-16,3.811506005765356e-16,5.543083472998025e-10,3.321682172345789e-16
1.000028857892131,3.479881254064822e-10,1.0000365193181164,3.523587202298589e-10,3.910511605073801e-10,3.457910684023121e-10,1.1007712706395178e-06,1.1007712716739483e-06,1.0000380443847685,1.000036945136743,3.910511601342176e-10,3.9105116032479795e-10,1.1007712710219782e-06,1.0000365193181135,3.411626208312183e-10,1.0000369944282612,3.910511605424713e-10,1.0000359862534256,3.479881266823545e-10,1.0000369451367446,3.8749183671709044e-10,3.479881268779345e-10,1.0000368797876804,3.4402856067794337e-10,1.0000365193181149,3.910511604652076e-10,1.0000369451367441,1.0000369451367455,3.4798812684716294e-10,3.9105116025066375e-10,3.9105116033515415e-10,1.000036945136744,3.910511602244774e-10,3.457910680399975e-10,1.0000369451367446,3.411626213037825e-10,3.4402856003539547e-10,3.8749183621721383e-10,3.9916795351298203e-10,1.0000369451367468,3.5235872019926693e-10
1.000029283705612,3.4798830194339874e-10,1.0000369451367435,3.5235889803608817e-10,3.9105135179827444e-10,3.4579124392073477e-10,5.543083468321149e-10,5.543083474896136e-10,1.000036945136743,1.000038896022184,3.9105135145068607e-10,3.9105135161655284e-10,5.543083471449326e-10,1.000036945136742,3.4116279490604105e-10,1.0000374202470494,3.910513518194906e-10,1.0000364120718732,3.4798830302350213e-10,1.000037370955518,3.874920317725809e-10,3.4798830324641216e-10,1.0000373056064307,3.440287356662437e-10,1.0000369451367426,3.910513517281081e-10,1.000037370955516,1.000037370955517,3.479883033783133e-10,3.9105135155940123e-10,3.9105135150698134e-10,1.0000373709555168,3.910513515022896e-10,3.4579124358866115e-10,1.0000373709555166,3.411627954627144e-10,3.4402873496407384e-10,3.874920313961255e-10,3.9916815263378196e-10,1.0000373709555188,3.523588980969131e-10
6.598584867737503e-06,2.350708212278786e-16,3.910511601326437e-10,2.388098519586563e-16,5.425441181112952e-13,2.328744393219615e-16,3.813409824005894e-16,3.813703869970448e-16,3.910511601342176e-10,3.9105135145068607e-10,1.5250680148630093e-06,5.425441180118605e-13,3.813803787260111e-16,3.910511601342176e-10,2.2887142280390314e-16,3.910513733387986e-10,5.425441184903738e-13,7.765674703384256e-07,2.349680100349224e-16,3.910513513898565e-10,2.633505899172852e-16,2.350708212278786e-16,3.9105132232889046e-10,2.315587838514541e-16,3.910511601342176e-10,5.425441180001367e-13,3.910513513739527e-10,3.910513513739527e-10,2.350885534875236e-16,5.425441182987382e-13,5.42544118024932e-13,3.910513514368746e-10,5.425441182971528e-13,2.328815146173883e-16,3.910513513898565e-10,2.288575043335116e-16,2.3152339724439466e-16,2.6344258600635146e-16,2.7380623507839694e-16,3.9105135138619814e-10,2.38842974703603e-16
6.598584868461582e-06,2.350708125168229e-16,3.9105116037676413e-10,2.388098519586563e-16,5.425441180607818e-13,2.328399515854346e-16,3.8136144071156026e-16,3.815089903919183e-16,3.9105116032479795e-10,3.9105135161655284e-10,5.425441180118605e-13,1.5250680148630093e-06,3.8143012157687856e-16,3.9105116034743623e-10,2.290208178662398e-16,3.9105137344377583e-10,5.425441184398598e-13,7.765674706202889e-07,2.3491813957824806e-16,3.9105135155939864e-10,2.633435281137644e-16,2.350885534875236e-16,3.910513224000937e-10,2.314833606803562e-16,3.9105116037676413e-10,5.425441179496219e-13,3.91051351546089e-10,3.910513515526372e-10,2.350885534875236e-16,5.425441182482234e-13,5.425441179744168e-13,3.910513515526372e-10,5.425441182466381e-13,2.331822580520987e-16,3.9105135159384503e-10,2.2902903424768334e-16,2.3152575859286385e-16,2.6325295982813916e-16,2.7369516010154215e-16,3.910513515526372e-10,2.389345944395225e-16
6.922783338404018e-06,3.264672354013707e-16,1.1007712710219782e-06,3.3216678617840566e-16,3.815617270819356e-16,3.238243017351328e-16,1.055642594141028e-12,1.0556425939899428e-12,1.1007712710219782e-06,5.543083471449326e-10,3.813803787260111e-16,3.8143012157687856e-16,1.5250685306367358e-06,1.1007712710219769e-06,3.177741823182432e-16,5.543083785596263e-10,3.8143012157687856e-16,1.1007705840333122e-06,3.266309101478519e-16,5.543083471449326e-10,3.664240201205969e-16,3.266390333457842e-16,5.543083051579397e-10,3.2155439272460366e-16,1.100771271021976e-06,3.8135253602826546e-16,5.543083469859825e-10,5.543083471449326e-10,3.266309101478519e-16,3.815617270819356e-16,3.815617270819356e-16,5.543083470130908e-10,3.8156172708183974e-16,3.2357871969062296e-16,5.543083471449326e-10,3.177741823182432e-16,3.2155439272460366e-16,3.6638808702020274e-16,3.809779351931526e-16,5.543083472425252e-10,3.320474438937824e-16
1.0000288578921293,3.4798812543599276e-10,1.000036519318114,3.5235872020643745e-10,3.9105116050881333e-10,3.4579106842948667e-10,1.100771270639516e-06,1.1007712716739477e-06,1.0000365193181135,1.000036945136742,3.910511601342176e-10,3.9105116034743623e-10,1.1007712710219769e-06,1.0000380443847678,3.4116262088678815e-10,1.0000369944282583,3.9105116050823523e-10,1.0000359862534238,3.4798812659276835e-10,1.000036945136744,3.874918366478339e-10,3.4798812689230327e-10,1.0000368797876784,3.4402856057445243e-10,1.0000365193181127,3.9105116045209257e-10,1.000036945136743,1.0000369451367432,3.47988126913955e-10,3.9105116019072195e-10,3.910511603408103e-10,1.0000369451367435,3.910511602370644e-10,3.4579106803986837e-10,1.0000369451367426,3.4116262131177577e-10,3.4402855998986217e-10,3.874918361414459e-10,3.9916795346667863e-10,1.0000369451367446,3.523587202698615e-10
6.4995150542042425e-06,1.9417890248947268e-16,3.411626208325721e-10,1.9736433054155121e-16,2.290208178662398e-16,1.9269825088500998e-16,3.177741823182432e-16,3.177741823182432e-16,3.411626208312183e-10,3.4116279490604105e-10,2.2887142280390314e-16,2.290208178662398e-16,3.177741823182432e-16,3.4116262088678815e-10,1.5250678491505122e-06,3.411628147195736e-10,2.2902903424768334e-16,6.774964905670373e-07,1.9407362689611532e-16,3.411627948574245e-10,2.184788038957787e-16,1.9430191242616032e-16,3.4116276829072e-10,1.9108353109721068e-16,3.411626208312183e-10,2.288575043335116e-16,3.411627947634269e-10,3.4116279490604105e-10,1.9407362689611532e-16,2.2896549456099444e-16,2.290208178662398e-16,3.411627947382152e-10,2.290208178662398e-16,1.9269825088500998e-16,3.4116279494817344e-10,1.8844997138516966e-16,1.9106348862128608e-16,2.184788038957787e-16,2.2756448873816326e-16,3.4116279494817344e-10,1.980089270361788e-16
1.000029332996526,3.4798832212683487e-10,1.0000369944282612,3.5235891852001585e-10,3.910513737168535e-10,3.4579126395037755e-10,5.543083783355063e-10,5.543083788809824e-10,1.0000369944282612,1.0000374202470494,3.910513733387986e-10,3.9105137344377583e-10,5.543083785596263e-10,1.0000369944282583,3.411628147195736e-10,1.0000389946052555,3.9105137358673244e-10,1.0000364613633692,3.4798832323264517e-10,1.0000374202470501,3.8749205366669334e-10,3.4798832353170007e-10,1.0000373548979617,3.440287558309448e-10,1.0000369944282597,3.9105137357895167e-10,1.0000374202470506,1.0000374202470508,3.479883234647678e-10,3.910513733606382e-10,3.910513733685784e-10,1.0000374202470501,3.9105137344618525e-10,3.457912635009428e-10,1.0000374202470506,3.4116281533746443e-10,3.4402875494174067e-10,3.874920537402369e-10,7.926871043104278e-07,1.0000374202470512,3.5235891850654945e-10
6.598584867088817e-06,2.349680100349219e-16,3.910511605483649e-10,2.3885797602902386e-16,5.425441185392949e-13,2.328399515854346e-16,3.8136144071156026e-16,3.8156172708183974e-16,3.910511605424713e-10,3.910513518194906e-10,5.425441184903738e-13,5.425441184398598e-13,3.8143012157687856e-16,3.9105116050823523e-10,2.2902903424768334e-16,3.9105137358673244e-10,1.5250680148630093e-06,7.765674710173586e-07,2.349525770216057e-16,3.910513518366492e-10,2.632359609608181e-16,2.3495486649957386e-16,3.9105132265672344e-10,2.3153411780751305e-16,3.910511605884905e-10,5.425441184281365e-13,3.910513517549945e-10,3.9105135184156494e-10,2.350708212278786e-16,5.425441187267376e-13,5.425441184529316e-13,3.910513518186104e-10,5.425441187251514e-13,2.330166490278176e-16,3.910513518366492e-10,2.290208178662398e-16,2.314833606803562e-16,2.635148304390179e-16,2.736612188924912e-16,3.9105135179663027e-10,2.3885797602902386e-16
1.0000283248338735,6.910508948567532e-07,1.0000359862534256,6.997302250460227e-07,7.765674710525924e-07,6.866878769744505e-07,1.100770583650853e-06,1.100770584685283e-06,1.0000359862534256,1.0000364120718732,7.765674703384256e-07,7.765674706202889e-07,1.1007705840333122e-06,1.0000359862534238,6.774964905670373e-07,1.0000364613633692,7.765674710173586e-07,1.0000369782556109,6.910508971688916e-07,1.000036412071874,7.694991917196118e-07,6.910508976257198e-07,1.0000363467228395,6.831878070485029e-07,1.0000359862534254,7.765674708633e-07,1.0000364120718737,1.0000364120718737,6.910508976490882e-07,7.765674705002464e-07,7.765674705771351e-07,1.0000364120718737,7.765674704665681e-07,6.866878760369016e-07,1.0000364120718737,6.774964916036352e-07,6.831878057968929e-07,7.69499190862709e-07,7.926861670353387e-07,1.000036412071875,6.997302250711895e-07
6.5130692970514524e-06,3.9686137663394174e-13,3.4798812663742395e-10,2.0356332763673912e-16,2.349525770216057e-16,1.979038054328377e-16,3.266309101478519e-16,3.266309101478519e-16,3.479881266823545e-10,3.4798830302350213e-10,2.349680100349224e-16,2.3491813957824806e-16,3.266309101478519e-16,3.4798812659276835e-10,1.9407362689611532e-16,3.4798832323264517e-10,2.349525770216057e-16,6.910508971688916e-07,1.5250678715725367e-06,3.4798830315580176e-10,2.2442424234710695e-16,2.00349000498502e-16,3.4798827615651184e-10,1.9659102041255297e-16,3.4798812662132226e-10,2.349680100349224e-16,3.479883031794515e-10,3.479883032018119e-10,1.9962221666054515e-16,2.349525770216057e-16,2.350759086377841e-16,3.4798830302350213e-10,2.352058928833259e-16,1.9811951001929457e-16,3.4798830320407865e-10,1.9407362689611532e-16,1.9659102041255297e-16,2.2463730023004967e-16,2.341012665455918e-16,3.4798830302350213e-10,2.0333820699189375e-16
1.0000292837056135,3.4798830194787725e-10,1.0000369451367446,3.523588980846759e-10,3.9105135179966804e-10,3.457912439818677e-10,5.54308346840508e-10,5.543083474250569e-10,1.0000369451367446,1.000037370955518,3.910513513898565e-10,3.9105135155939864e-10,5.543083471449326e-10,1.000036945136744,3.411627948574245e-10,1.0000374202470501,3.910513518366492e-10,1.000036412071874,3.4798830315580176e-10,1.000038896022186,3.874920317725809e-10,3.4798830345538507e-10,1.0000373056064307,3.440287356496229e-10,1.000036945136743,3.910513516498036e-10,1.000037370955518,1.0000373709555181,3.47988303304428e-10,3.910513514991155e-10,3.9105135155635255e-10,1.0000373709555186,3.910513514501936e-10,3.45791243480671e-10,1.0000373709555177,3.4116279528825216e-10,3.440287349614898e-10,3.874920313266754e-10,3.991681526926192e-10,1.0000373709555188,3.5235889810491575e-10
6.591516522120793e-06,2.2442424234710695e-16,3.874918366511447e-10,2.284554363763032e-16,2.632359609608181e-16,2.2202601586350572e-16,3.664240201205969e-16,3.664240201205969e-16,3.8749183671709044e-10,3.874920317725809e-10,2.633505899172852e-16,2.633435281137644e-16,3.664240201205969e-16,3.874918366478339e-10,2.184788038957787e-16,3.8749205366669334e-10,2.632359609608181e-16,7.694991917196118e-07,2.2442424234710695e-16,3.874920317725809e-10,1.5250679748630676e-06,2.2442424234710695e-16,7.695000066391229e-07,2.209210907422628e-16,3.8749183666918144e-10,2.632359609608181e-16,3.8749203171033857e-10,3.874920316944376e-10,2.2442424234710695e-16,2.633435281137644e-16,2.6331562037541117e-16,3.8749203163965035e-10,2.632359609608181e-16,2.2202601586350572e-16,3.874920317230576e-10,2.184788038957787e-16,2.209210907422628e-16,5.008966885366828e-13,5.216634723002395e-13,3.8749203180727763e-10,2.282983592275523e-16
6.513069299411333e-06,2.00228889767138e-16,3.4798812690393116e-10,2.0356332763673912e-16,2.352058928833259e-16,1.9811951001929457e-16,3.266309101478519e-16,3.266309101478519e-16,3.479881268779345e-10,3.4798830324641216e-10,2.350708212278786e-16,2.350885534875236e-16,3.266390333457842e-16,3.4798812689230327e-10,1.9430191242616032e-16,3.4798832353170007e-10,2.3495486649957386e-16,6.910508976257198e-07,2.00349000498502e-16,3.4798830345538507e-10,2.2442424234710695e-16,1.5250678715725367e-06,3.4798827644398704e-10,1.967876622843611e-16,3.4798812686608904e-10,2.348720024885555e-16,3.479883032942538e-10,3.479883032464112e-10,3.9686137268637045e-13,2.349525770216057e-16,2.3491813957824806e-16,3.479883032942538e-10,2.3491813957824806e-16,1.9811951001929457e-16,3.4798830330851465e-10,1.9417890248947268e-16,1.967876622843611e-16,2.2442424234710695e-16,2.341012665455918e-16,3.479883032464112e-10,2.0332781717245286e-16
1.0000292183573432,3.479882750242414e-10,1.0000368797876804,3.5235887116437784e-10,3.9105132261456126e-10,3.4579121735828855e-10,5.543083049613345e-10,5.543083053994601e-10,1.0000368797876804,1.0000373056064307,3.9105132232889046e-10,3.910513224000937e-10,5.543083051579397e-10,1.0000368797876784,3.4116276829072e-10,1.0000373548979617,3.9105132265672344e-10,1.0000363467228395,3.4798827615651184e-10,1.0000373056064307,7.695000066391229e-07,3.4798827644398704e-10,1.0000387653240193,3.440287090945711e-10,1.0000368797876789,3.9105132253519566e-10,1.0000373056064298,1.0000373056064313,3.479882764331438e-10,3.9105132236855036e-10,3.9105132240926295e-10,1.0000373056064293,3.9105132236237416e-10,3.457912168872084e-10,1.0000373056064298,3.4116276879360265e-10,3.4402870841536616e-10,7.695000057822197e-07,3.991681225502949e-10,1.0000373056064322,3.5235887116094333e-10
6.505206300358614e-06,1.9659102041255297e-16,3.4402856067794337e-10,2.0017345486464375e-16,2.3152339724439466e-16,1.943867253948918e-16,3.2155439272460366e-16,3.216288957774086e-16,3.4402856067794337e-10,3.440287356662437e-10,2.315587838514541e-16,2.314833606803562e-16,3.2155439272460366e-16,3.4402856057445243e-10,1.9108353109721068e-16,3.440287558309448e-10,2.3153411780751305e-16,6.831878070485029e-07,1.9659102041255297e-16,3.440287356496229e-10,2.209210907422628e-16,1.967876622843611e-16,3.440287090945711e-10,1.5250678570870345e-06,3.4402856068004555e-10,2.315142926983833e-16,3.4402873556809627e-10,3.4402873566718656e-10,1.9659102041255297e-16,2.313386706476053e-16,2.3154450096318757e-16,3.4402873556809627e-10,2.314833606803562e-16,1.943867253948918e-16,3.440287356954031e-10,1.9108353109721068e-16,1.929647448575203e-16,2.208159152184739e-16,4.575557106636392e-13,3.440287356496229e-10,2.005067669707322e-16
1.0000288578921304,3.479881254949845e-10,1.0000365193181135,3.523587202093628e-10,3.910511605073801e-10,3.4579106847403206e-10,1.1007712706395159e-06,1.1007712716739466e-06,1.0000365193181149,1.0000369451367426,3.910511601342176e-10,3.9105116037676413e-10,1.100771271021976e-06,1.0000365193181127,3.411626208312183e-10,1.0000369944282597,3.910511605884905e-10,1.0000359862534254,3.4798812662132226e-10,1.000036945136743,3.8749183666918144e-10,3.4798812686608904e-10,1.0000368797876789,3.4402856068004555e-10,1.0000380443847703,3.910511604765326e-10,1.0000369451367421,1.0000369451367435,3.479881268892341e-10,3.910511602174784e-10,3.910511603408103e-10,1.0000369451367426,3.9105116021173617e-10,3.4579106803098006e-10,1.000036945136743,3.411626213037825e-10,3.4402855997714593e-10,3.874918361962685e-10,3.9916795348077426e-10,1.0000369451367446,3.523587203249043e-10
6.598584867796736e-06,2.350708212278786e-16,3.910511603810279e-10,2.3885797602902386e-16,5.425441180490566e-13,2.328399515854346e-16,3.8156172708183974e-16,3.8156172708183974e-16,3.910511604652076e-10,3.910513517281081e-10,5.425441180001367e-13,5.425441179496219e-13,3.8135253602826546e-16,3.9105116045209257e-10,2.288575043335116e-16,3.9105137357895167e-10,5.425441184281365e-13,7.765674708633e-07,2.349680100349224e-16,3.910513516498036e-10,2.632359609608181e-16,2.348720024885555e-16,3.9105132253519566e-10,2.315142926983833e-16,3.910511604765326e-10,1.5250680148630093e-06,3.9105135166105966e-10,3.9105135166423727e-10,2.350708212278786e-16,5.425441182364995e-13,5.425441179626932e-13,3.910513516424513e-10,5.425441182349144e-13,2.3318638825681945e-16,3.9105135166423727e-10,2.2898416894398643e-16,2.3152339724439466e-16,2.634549697438896e-16,2.736912137422038e-16,3.910513516588891e-10,2.3878162897427903e-16
1.0000292837056128,3.4798830186486673e-10,1.0000369451367441,3.5235889811322545e-10,3.9105135178162454e-10,3.457912440931689e-10,5.543083469188756e-10,5.543083472998025e-10,1.0000369451367441,1.000037370955516,3.910513513739527e-10,3.91051351546089e-10,5.543083469859825e-10,1.000036945136743,3.411627947634269e-10,1.0000374202470506,3.910513517549945e-10,1.0000364120718737,3.479883031794515e-10,1.000037370955518,3.8749203171033857e-10,3.479883032942538e-10,1.0000373056064298,3.4402873556809627e-10,1.0000369451367421,3.9105135166105966e-10,1.0000388960221838,1.0000373709555177,3.479883033905226e-10,3.910513515270482e-10,3.910513516903429e-10,1.000037370955517,3.910513514154958e-10,3.4579124344356384e-10,1.0000373709555168,3.411627954109163e-10,3.44028734977221e-10,3.874920314226097e-10,3.9916815262750474e-10,1.0000373709555193,3.523588981915546e-10
1.0000292837056106,3.4798830192477797e-10,1.0000369451367455,3.523588980846759e-10,3.9105135179966804e-10,3.4579124401842785e-10,5.543083468321149e-10,5.543083472998025e-10,1.0000369451367455,1.000037370955517,3.910513513739527e-10,3.910513515526372e-10,5.543083471449326e-10,1.0000369451367432,3.4116279490604105e-10,1.0000374202470508,3.9105135184156494e-10,1.0000364120718737,3.479883032018119e-10,1.0000373709555181,3.874920316944376e-10,3.479883032464112e-10,1.0000373056064313,3.4402873566718656e-10,1.0000369451367435,3.9105135166423727e-10,1.0000373709555177,1.000038896022183,3.479883033783133e-10,3.9105135149326535e-10,3.910513515885428e-10,1.0000373709555177,3.910513514584646e-10,3.457912434583558e-10,1.000037370955518,3.4116279526512615e-10,3.4402873496512446e-10,3.874920312339054e-10,3.991681526926192e-10,1.0000373709555197,3.5235889819633125e-10
6.513069296610651e-06,2.00228889767138e-16,3.4798812691451705e-10,2.0332781717245286e-16,2.348720024885555e-16,1.978941873310965e-16,3.266309101478519e-16,3.266309101478519e-16,3.4798812684716294e-10,3.479883033783133e-10,2.350885534875236e-16,2.350885534875236e-16,3.266309101478519e-16,3.47988126913955e-10,1.9407362689611532e-16,3.479883234647678e-10,2.350708212278786e-16,6.910508976490882e-07,1.9962221666054515e-16,3.47988303304428e-10,2.2442424234710695e-16,3.9686137268637045e-13,3.479882764331438e-10,1.9659102041255297e-16,3.479881268892341e-10,2.350708212278786e-16,3.479883033905226e-10,3.479883033783133e-10,1.5250678715725367e-06,2.349525770216057e-16,2.349680100349224e-16,3.4798830338647705e-10,2.350885534875236e-16,1.979038054328377e-16,3.479883033803273e-10,1.9430191242616032e-16,1.9659102041255297e-16,2.243950930884363e-16,2.339155317619436e-16,3.47988303304428e-10,2.0333820699189375e-16
6.598584868510357e-06,2.350708212278786e-16,3.9105116017027214e-10,2.3885797602902386e-16,5.425441183476588e-13,2.3306822923462135e-16,3.8156172708183974e-16,3.8148266134586657e-16,3.9105116025066375e-10,3.9105135155940123e-10,5.425441182987382e-13,5.425441182482234e-13,3.815617270819356e-16,3.9105116019072195e-10,2.2896549456099444e-16,3.910513733606382e-10,5.425441187267376e-13,7.765674705002464e-07,2.349525770216057e-16,3.910513514991155e-10,2.633435281137644e-16,2.349525770216057e-16,3.9105132236855036e-10,2.313386706476053e-16,3.910511602174784e-10,5.425441182364995e-13,3.910513515270482e-10,3.9105135149326535e-10,2.349525770216057e-16,1.5250680148630093e-06,5.425441182612949e-13,3.9105135156050055e-10,5.42544118533516e-13,2.328744393219615e-16,3.910513514473571e-10,2.290208178662398e-16,2.3152575859286385e-16,2.6344151442396e-16,2.7368831167105e-16,3.910513515575795e-10,2.388098519586563e-16
6.5985848677289405e-06,2.349525770216057e-16,3.9105116032603025e-10,2.388098519586563e-16,5.425441180738523e-13,2.328399515854346e-16,3.815366137651024e-16,3.8156172708183974e-16,3.9105116033515415e-10,3.9105135150698134e-10,5.42544118024932e-13,5.425441179744168e-13,3.815617270819356e-16,3.910511603408103e-10,2.290208178662398e-16,3.910513733685784e-10,5.425441184529316e-13,7.765674705771351e-07,2.350759086377841e-16,3.9105135155635255e-10,2.6331562037541117e-16,2.3491813957824806e-16,3.9105132240926295e-10,2.3154450096318757e-16,3.910511603408103e-10,5.425441179626932e-13,3.910513516903429e-10,3.910513515885428e-10,2.349680100349224e-16,5.425441182612949e-13,1.5250680148630093e-06,3.9105135153983825e-10,5.425441182597089e-13,2.3304015114032744e-16,3.9105135155023136e-10,2.290208178662398e-16,2.314562744903711e-16,2.633505899172852e-16,2.737746668371608e-16,3.9105135145896077e-10,2.3874035447351605e-16
1.0000292837056133,3.4798830192477797e-10,1.000036945136744,3.5235889808463586e-10,3.910513517393825e-10,3.4579124392073477e-10,5.543083469130696e-10,5.543083474230987e-10,1.000036945136744,1.0000373709555168,3.910513514368746e-10,3.910513515526372e-10,5.543083470130908e-10,1.0000369451367435,3.411627947382152e-10,1.0000374202470501,3.910513518186104e-10,1.0000364120718737,3.4798830302350213e-10,1.0000373709555186,3.8749203163965035e-10,3.479883032942538e-10,1.0000373056064293,3.4402873556809627e-10,1.0000369451367426,3.910513516424513e-10,1.000037370955517,1.0000373709555177,3.4798830338647705e-10,3.9105135156050055e-10,3.9105135153983825e-10,1.0000388960221849,3.910513514584646e-10,3.457912435696477e-10,1.000037370955517,3.411627954109163e-10,3.4402873493638056e-10,3.8749203139452407e-10,3.9916815263378196e-10,1.0000373709555186,3.523588981915546e-10
6.5985848671313656e-06,2.3508855348752355e-16,3.9105116021173617e-10,2.388098519586563e-16,5.425441183460731e-13,2.328744393219615e-16,3.8156172708183974e-16,3.8156172708183974e-16,3.910511602244774e-10,3.910513515022896e-10,5.425441182971528e-13,5.425441182466381e-13,3.8156172708183974e-16,3.910511602370644e-10,2.290208178662398e-16,3.9105137344618525e-10,5.425441187251514e-13,7.765674704665681e-07,2.352058928833259e-16,3.910513514501936e-10,2.632359609608181e-16,2.3491813957824806e-16,3.9105132236237416e-10,2.314833606803562e-16,3.9105116021173617e-10,5.425441182349144e-13,3.910513514154958e-10,3.910513514584646e-10,2.350885534875236e-16,5.42544118533516e-13,5.425441182597089e-13,3.910513514584646e-10,1.5250680148630093e-06,2.328399515854346e-16,3.910513514154958e-10,2.2902903424768334e-16,2.315587838514541e-16,2.632359609608181e-16,2.736612188924912e-16,3.910513515151175e-10,2.390260708174908e-16
6.508706331519765e-06,1.979699801997172e-16,3.4579106803098006e-10,4.003636093957779e-13,2.3302062163146984e-16,1.9603383803842262e-16,3.239903871173653e-16,3.237466139522699e-16,3.457910680399975e-10,3.4579124358866115e-10,2.328815146173883e-16,2.331822580520987e-16,3.2357871969062296e-16,3.4579106803986837e-10,1.9269825088500998e-16,3.457912635009428e-10,2.330166490278176e-16,6.866878760369016e-07,1.9811951001929457e-16,3.45791243480671e-10,2.2202601586350572e-16,1.9811951001929457e-16,3.457912168872084e-10,1.943867253948918e-16,3.4579106803098006e-10,2.3318638825681945e-16,3.4579124344356384e-10,3.457912434583558e-10,1.979038054328377e-16,2.328744393219615e-16,2.3304015114032744e-16,3.457912435696477e-10,2.328399515854346e-16,1.5250678632401218e-06,3.4579124345859754e-10,1.926371368421016e-16,1.9439107833433459e-16,2.2202601586350572e-16,2.320639610146912e-16,3.4579124357122397e-10,2.0062703684914154e-16
1.0000292837056124,3.4798830186486673e-10,1.0000369451367446,3.5235889811322545e-10,3.9105135189374934e-10,3.4579124392972095e-10,5.54308346840508e-10,5.543083475139055e-10,1.0000369451367446,1.0000373709555166,3.910513513898565e-10,3.9105135159384503e-10,5.543083471449326e-10,1.0000369451367426,3.4116279494817344e-10,1.0000374202470506,3.910513518366492e-10,1.0000364120718737,3.4798830320407865e-10,1.0000373709555177,3.874920317230576e-10,3.4798830330851465e-10,1.0000373056064298,3.440287356954031e-10,1.000036945136743,3.9105135166423727e-10,1.0000373709555168,1.000037370955518,3.479883033803273e-10,3.910513514473571e-10,3.9105135155023136e-10,1.000037370955517,3.910513514154958e-10,3.4579124345859754e-10,1.0000388960221869,3.4116279528825216e-10,3.4402873493638056e-10,3.874920313111581e-10,3.9916815263378196e-10,1.000037370955519,3.5235889825934876e-10
6.49951505374356e-06,1.9417890248947268e-16,3.4116262133184994e-10,1.978424983811779e-16,2.288726340457087e-16,1.9269825088500998e-16,3.1756004578674623e-16,3.179360031144771e-16,3.411626213037825e-10,3.411627954627144e-10,2.288575043335116e-16,2.2902903424768334e-16,3.177741823182432e-16,3.4116262131177577e-10,1.8844997138516966e-16,3.4116281533746443e-10,2.290208178662398e-16,6.774964916036352e-07,1.9407362689611532e-16,3.4116279528825216e-10,2.184788038957787e-16,1.9417890248947268e-16,3.4116276879360265e-10,1.9108353109721068e-16,3.411626213037825e-10,2.2898416894398643e-16,3.411627954109163e-10,3.4116279526512615e-10,1.9430191242616032e-16,2.290208178662398e-16,2.290208178662398e-16,3.411627954109163e-10,2.2902903424768334e-16,1.926371368421016e-16,3.4116279528825216e-10,1.5250678491505122e-06,1.9106348862128608e-16,2.184788038957787e-16,2.2790193741135724e-16,3.411627954109163e-10,1.980089270361788e-16
6.505206299630477e-06,1.9686005638837572e-16,3.4402856005240995e-10,2.0017345486464375e-16,2.3152575859286385e-16,1.943867253948918e-16,3.2170667030834257e-16,3.217739804511458e-16,3.4402856003539547e-10,3.4402873496407384e-10,2.3152339724439466e-16,2.3152575859286385e-16,3.2155439272460366e-16,3.4402855998986217e-10,1.9106348862128608e-16,3.4402875494174067e-10,2.314833606803562e-16,6.831878057968929e-07,1.9659102041255297e-16,3.440287349614898e-10,2.209210907422628e-16,1.967876622843611e-16,3.4402870841536616e-10,1.929647448575203e-16,3.4402855997714593e-10,2.3152339724439466e-16,3.44028734977221e-10,3.4402873496512446e-10,1.9659102041255297e-16,2.3152575859286385e-16,2.314562744903711e-16,3.4402873493638056e-10,2.315587838514541e-16,1.9439107833433459e-16,3.4402873493638056e-10,1.9106348862128608e-16,1.5250678570870345e-06,2.2129634490061418e-16,4.575557108373615e-13,3.4402873493638056e-10,2.005067669707322e-16
6.591516519315105e-06,2.243950930884363e-16,3.874918361602077e-10,2.284554363763032e-16,2.632359609608181e-16,2.2202601586350572e-16,3.664240201205969e-16,3.664240201205969e-16,3.8749183621721383e-10,3.874920313961255e-10,2.6344258600635146e-16,2.6325295982813916e-16,3.6638808702020274e-16,3.874918361414459e-10,2.184788038957787e-16,3.874920537402369e-10,2.635148304390179e-16,7.69499190862709e-07,2.2463730023004967e-16,3.874920313266754e-10,5.008966885366828e-13,2.2442424234710695e-16,7.695000057822197e-07,2.208159152184739e-16,3.874918361962685e-10,2.634549697438896e-16,3.874920314226097e-10,3.874920312339054e-10,2.243950930884363e-16,2.6344151442396e-16,2.633505899172852e-16,3.8749203139452407e-10,2.632359609608181e-16,2.2202601586350572e-16,3.874920313111581e-10,2.184788038957787e-16,2.2129634490061418e-16,1.525067977592018e-06,5.216634728527174e-13,3.874920313111581e-10,2.284496119106654e-16
6.61470322247389e-06,2.339155317619436e-16,3.991679534886915e-10,2.3810167773376286e-16,2.7380840420783e-16,2.320958009624045e-16,3.811506005765356e-16,3.811506005765356e-16,3.9916795351298203e-10,3.9916815263378196e-10,2.7380623507839694e-16,2.7369516010154215e-16,3.809779351931526e-16,3.9916795346667863e-10,2.2756448873816326e-16,7.926871043104278e-07,2.736612188924912e-16,7.926861670353387e-07,2.341012665455918e-16,3.991681526926192e-10,5.216634723002395e-13,2.341012665455918e-16,3.991681225502949e-10,4.575557106636392e-13,3.9916795348077426e-10,2.736912137422038e-16,3.9916815262750474e-10,3.991681526926192e-10,2.339155317619436e-16,2.7368831167105e-16,2.737746668371608e-16,3.9916815263378196e-10,2.736612188924912e-16,2.320639610146912e-16,3.9916815263378196e-10,2.2790193741135724e-16,4.575557108373615e-13,5.216634728527174e-13,1.5250680140155437e-06,3.991681526935173e-10,2.380397897807234e-16
1.0000292837056128,3.4798830192477797e-10,1.0000369451367466,3.5235889802533787e-10,3.9105135178162454e-10,3.4579124401842785e-10,5.543083469188756e-10,5.543083472998025e-10,1.0000369451367468,1.0000373709555188,3.9105135138619814e-10,3.910513515526372e-10,5.543083472425252e-10,1.0000369451367446,3.4116279494817344e-10,1.0000374202470512,3.9105135179663027e-10,1.000036412071875,3.4798830302350213e-10,1.0000373709555188,3.8749203180727763e-10,3.479883032464112e-10,1.0000373056064322,3.440287356496229e-10,1.0000369451367446,3.910513516588891e-10,1.0000373709555193,1.0000373709555197,3.47988303304428e-10,3.910513515575795e-10,3.9105135145896077e-10,1.0000373709555186,3.910513515151175e-10,3.4579124357122397e-10,1.000037370955519,3.411627954109163e-10,3.4402873493638056e-10,3.874920313111581e-10,3.991681526935173e-10,1.0000388960221884,3.523588980972242e-10
6.521748527322091e-06,2.0319596784436087e-16,3.523587203000753e-10,4.1100348014766077e-13,2.3885797602902386e-16,4.0036361027664205e-13,3.3220151625534535e-16,3.321682172345789e-16,3.5235872019926693e-10,3.523588980969131e-10,2.38842974703603e-16,2.389345944395225e-16,3.320474438937824e-16,3.523587202698615e-10,1.980089270361788e-16,3.5235891850654945e-10,2.3885797602902386e-16,6.997302250711895e-07,2.0333820699189375e-16,3.5235889810491575e-10,2.282983592275523e-16,2.0332781717245286e-16,3.5235887116094333e-10,2.005067669707322e-16,3.523587203249043e-10,2.3878162897427903e-16,3.523588981915546e-10,3.5235889819633125e-10,2.0333820699189375e-16,2.388098519586563e-16,2.3874035447351605e-16,3.523588981915546e-10,2.390260708174908e-16,2.0062703684914154e-16,3.5235889825934876e-10,1.980089270361788e-16,2.005067669707322e-16,2.284496119106654e-16,2.380397897807234e-16,3.523588980972242e-10,1.5250678850279814e-06
