0.9999999811485166,0.09746953143120193,0.09747092031884184,1.960270435894477e-06,0.03561162805531646,0.2938873621046147,0.035611628055315626,1.772924838535956e-06,2.1923071421901314e-06,0.4733429795731646,5.855009818515697e-06,0.09747032476339776,0.135299343416943,0.7316289006248347,0.13529934341694036,1.960270436157432e-06,0.7672275853747366,0.13529934341694136,2.1375329520476392e-06,5.350183999261896e-06,1.5714701507494402e-06,5.855009819370534e-06,0.2327659446822682,7.378398079294043e-07,7.378398079293736e-07,7.378398079315004e-07,7.378398076654184e-07,0.9025283286583766,0.03561274608242291,0.9643677054838358,0.9025302843754983,6.041548609731403e-06,0.09746953143120266,0.09746953143120342,1.7729248386709281e-06,1.0000091719652098,1.7302439738394358e-06,7.378398079293734e-07,0.7316291353360137
0.09746953143120193,0.09746596128628664,0.09746886590730122,2.946865904817993e-10,1.286749215186501e-09,1.5099088788092785e-09,1.2867492153346972e-09,2.642798499100027e-10,2.893964645321794e-10,7.955014450937616e-10,4.467174262891321e-10,0.09746882379848443,5.680082493359573e-10,1.6579630439963574e-10,5.68008249697272e-10,2.9468659079193796e-10,1.1966730670189774e-10,5.680082499421504e-10,2.789044484456179e-10,5.383969109340342e-10,3.0547746537388315e-10,4.4671742631709636e-10,0.09746940393921087,1.6213968553473974e-10,1.6213968553320635e-10,1.6213968552806061e-10,1.621396854148517e-10,-1.4771447190930962e-10,1.7743484897019526e-09,0.09746943138205334,-1.6074892149841835e-10,4.10646329309926e-10,0.09746840972053128,0.09746840972053114,2.6427985020516317e-10,0.09747284656869154,1.6066109072244984e-10,1.6213968541386505e-10,1.775839984008398e-10
0.09747092031884184,0.09746886590730122,0.09746687386102981,2.9480776143157133e-10,2.545238788730676e-09,4.571742876418179e-10,2.545238788860471e-09,2.643721730524378e-10,5.74642601165952e-07,5.440932861278394e-06,4.4692146977767177e-10,0.09746928010080157,1.4487816140930475e-10,-1.9956401294792341e-10,1.4487816138489116e-10,2.948077616566625e-10,1.0125395879479203e-09,1.448781615529142e-10,2.7902979226223027e-10,5.385854069407971e-10,3.0553112939303084e-10,4.4692146993268965e-10,0.09746901973279452,1.6215414973089954e-10,1.621541499457127e-10,1.6215415003645052e-10,1.6215415008270925e-10,3.2190442954556655e-10,3.03286742058962e-09,0.09746832030292048,6.133161207404819e-07,4.1080630758258095e-10,0.09746886590730044,0.09746886590730039,2.643721727041168e-10,0.0974742355011493,3.19069220301764e-07,1.6215415002313268e-10,-1.8779063084163623e-10
1.960270435894477e-06,2.946865904817993e-10,2.9480776143157133e-10,-2.4480070328098505e-06,1.8638056221554047e-09,8.895662197021955e-10,1.8638056221554047e-09,1.5785641231774806e-13,2.0508206505191998e-10,8.075220268512163e-11,3.733151763670928e-13,2.947865611854594e-10,-1.8074934516505802e-10,-8.927504495130975e-10,-1.807493452437927e-10,4.272162058249267e-10,9.707558354713873e-10,-1.8074934526328153e-10,2.22545967425603e-13,4.600368233949248e-13,8.590904065381138e-14,3.7331524282963156e-13,1.1338139408491361e-10,2.6455774926365734e-14,2.6455827412574284e-14,2.645576731320164e-14,2.6455840077735792e-14,7.897290823653257e-10,1.8638442574493265e-09,-1.548996596353241e-06,7.898669386299388e-10,2.7365021018034284e-13,2.9468659048145526e-10,2.946865909048703e-10,1.5785648302770563e-13,2.153533805365482e-06,2.0734418756933464e-10,2.6455774926365734e-14,-8.927611176670631e-10
0.03561162805531646,1.286749215186501e-09,2.545238788730676e-09,1.8638056221554047e-09,0.035597751558942195,3.114566237118182e-11,0.03560019999319209,1.3923120979754837e-09,1.0656141533992053e-09,0.03559435070754426,3.2436412100243224e-09,2.154205818866239e-09,2.69588026792218e-09,3.991747261521072e-09,2.695880268225883e-09,1.8638056221148315e-09,0.03560160089852149,2.695880268024647e-09,1.9375153452801863e-09,3.5060419399957615e-09,7.75970688722679e-10,3.243641209900907e-09,-2.5035110290118375e-10,2.2572940240103436e-10,2.257294022443906e-10,2.2572940209534108e-10,2.2572940211587255e-10,0.035602901220481584,0.035600899331500825,-6.605873846863101e-09,0.035605497156349884,2.459358592399291e-09,1.286749215374222e-09,1.2867492152123948e-09,1.3923120979000638e-09,0.03561298952207942,1.00377810111689e-09,2.2572940218234717e-10,3.842285551425212e-09
0.2938873621046147,1.5099088788092785e-09,4.571742876418179e-10,8.895662197021955e-10,3.114566237118182e-11,0.29387911422268825,3.114566255264459e-11,4.89547321258979e-10,-7.222121663503829e-10,1.2353901707598867e-09,1.9164685454170518e-09,1.816643442952689e-09,1.8882809578277316e-09,0.2938866144707042,1.8882809575920844e-09,8.895662199392772e-10,0.29389281570008713,1.88828095809966e-09,8.178488544332052e-10,1.2434910047344157e-05,1.4409478272175437e-10,1.9164685451970437e-09,-3.532462722588941e-09,1.739522363203732e-10,1.7395223624269787e-10,1.7395223631584584e-10,1.7395223619243522e-10,0.2938903742556529,-1.0935891914632586e-10,0.2938943838578382,0.29389044873589343,1.1759333611071564e-09,1.5099088792724628e-09,1.5099088790130573e-09,4.895473216746417e-10,0.2938972933825647,-1.8177339740614816e-10,1.739522362708178e-10,0.2938876448082569
0.035611628055315626,1.2867492153346972e-09,2.545238788860471e-09,1.8638056221554047e-09,0.03560019999319209,3.114566255264459e-11,0.03559775155894372,1.3923120979685776e-09,1.0656141533992053e-09,0.035594350707543694,3.2436412100243224e-09,2.1542058190418065e-09,2.695880267948366e-09,3.991747260796345e-09,2.6958802678935033e-09,1.8638056220409887e-09,0.035601600898521275,2.6958802679073333e-09,1.937515345401932e-09,3.506041940054948e-09,7.759706887116558e-10,3.243641210179419e-09,-2.5035110286395184e-10,2.2572940221898936e-10,2.257294022200614e-10,2.2572940209534108e-10,2.2572940207130114e-10,0.035602901220481514,0.035600899331500936,-6.605873846875192e-09,0.03560549715634975,2.459358592399291e-09,1.286749215324352e-09,1.286749215309834e-09,1.392312097987701e-09,0.03561298952207952,1.00377810111689e-09,2.257294021021744e-10,3.842285551300354e-09
1.772924838535956e-06,2.642798499100027e-10,2.643721730524378e-10,1.5785641231774806e-13,1.3923120979754837e-09,4.89547321258979e-10,1.3923120979685776e-09,-2.448203334772699e-06,7.892266838964832e-14,3.054214415742984e-10,2.741577943584795e-13,2.64353302346316e-10,-6.921270551401627e-11,-1.1846969460181439e-06,-6.92127052633158e-11,1.5785641231774806e-13,1.5787031521693916e-06,-6.921270551401627e-11,1.6349056859057456e-13,3.2861788824514994e-13,1.268709365130364e-10,2.7415768553109006e-13,1.9467055852069322e-10,1.95960937285982e-14,1.9595909581186946e-14,1.959597328690065e-14,1.9595889959008924e-14,7.258705177370637e-10,1.3923414426191754e-09,-7.9970343090648e-07,7.259730889277038e-10,2.0237455959393074e-13,2.642798500061379e-10,2.6427984995966134e-10,2.309152727718796e-10,1.9661823810071526e-06,7.836511819329535e-14,1.959597328690065e-14,-5.968065596947254e-10
2.1923071421901314e-06,2.893964645321794e-10,5.74642601165952e-07,2.0508206505191998e-10,1.0656141533992053e-09,-7.222121663503829e-10,1.0656141533992053e-09,7.892266838964832e-14,-2.4482953904242203e-06,3.2661144002996e-06,1.7789721370961166e-13,5.745754255277801e-07,-1.104996097153631e-11,-1.4211007026189716e-10,-1.104996097153631e-11,2.0508206505737793e-10,9.232780152904921e-10,-1.1049960780739508e-11,1.0769068101836986e-13,1.6339605035503803e-13,4.6229654754176e-14,1.778969953930548e-13,2.7815250013984676e-10,1.307114058784323e-14,1.3071327323257834e-14,1.307114058784323e-14,1.3071326403181166e-14,9.121288362245381e-10,1.0656387943174074e-09,2.687116598568097e-07,1.810809899356524e-06,1.3929694208553706e-13,2.8939646441882846e-10,2.8939646483627653e-10,7.892283505806571e-14,2.385578862290599e-06,1.2149650082479553e-10,1.3071326403181166e-14,-1.4212192957130632e-10
0.4733429795731646,7.955014450937616e-10,5.440932861278394e-06,8.075220268512163e-11,0.03559435070754426,1.2353901707598867e-09,0.035594350707543694,3.054214415742984e-10,3.2661144002996e-06,0.47334651331721556,2.868051440674476e-10,8.642517484916926e-10,7.069353895401128e-10,0.43776660949861346,7.069353888305326e-10,8.075220323673756e-11,0.4733479929803391,7.069353896931044e-10,6.856117794993363e-11,-3.1307116272963588e-09,4.3557602426037727e-10,2.868051438326239e-10,1.271346230697686e-05,7.28331434855194e-11,7.283314356152757e-11,7.283314330061759e-11,7.283314319406117e-11,0.4733543854326259,0.03559517384620933,0.4377387081301381,0.47335656389730624,1.226724215645221e-09,7.95501445602908e-10,7.955014455183117e-10,3.054214413047732e-10,0.4733588665428446,1.8582043235305384e-06,7.283314312476723e-11,0.43776593044302775
5.855009818515697e-06,4.467174262891321e-10,4.4692146977767177e-10,3.733151763670928e-13,3.2436412100243224e-09,1.9164685454170518e-09,3.2436412100243224e-09,2.741577943584795e-13,1.7789721370961166e-13,2.868051440674476e-10,-2.4471319657043423e-06,4.4688945220073597e-10,3.958766354851112e-10,-1.0390838671562632e-09,3.958766354851112e-10,3.733152150013682e-13,2.2040244894383836e-09,3.958766354583851e-10,3.878249014060434e-13,8.019298038018584e-13,1.4927788941437146e-13,1.3022863394520147e-09,1.6706931720104443e-06,4.678243272170014e-14,4.678249625947567e-14,4.678243272170014e-14,4.678243272170014e-14,5.160113402998628e-06,3.2437054264338096e-09,-3.9524072091599e-07,5.160586803502925e-06,4.812039655968604e-13,4.467174262891321e-10,4.46717426364929e-10,2.741577943584795e-13,6.048400119206656e-06,1.8163369783814044e-13,4.678249625947567e-14,-1.039102021050874e-09
0.09747032476339776,0.09746882379848443,0.09746928010080157,2.947865611854594e-10,2.154205818866239e-09,1.816643442952689e-09,2.1542058190418065e-09,2.64353302346316e-10,5.745754255277801e-07,8.642517484916926e-10,4.4688945220073597e-10,0.09746678953502988,3.833121781811893e-10,-3.25834771623231e-10,3.8331217834297265e-10,2.9478656140017224e-10,4.953516006956924e-10,3.833121784366759e-10,2.7900757049326396e-10,5.386076546861002e-10,6.064800819988861e-07,4.4688945192489036e-10,0.0974694508760819,1.6215199949174766e-10,1.6215199960305318e-10,1.6215199959759857e-10,1.621519994625547e-10,4.314329977529525e-11,5.244257763736462e-06,0.0974685015003557,3.01731413782994e-11,4.107727928896608e-10,0.09746882379848354,0.09746882379848341,2.6435330248178533e-10,0.09747363992609165,1.6070998203742215e-10,1.6215199948754628e-10,-3.140523230057634e-10
0.135299343416943,5.680082493359573e-10,1.4487816140930475e-10,-1.8074934516505802e-10,2.69588026792218e-09,1.8882809578277316e-09,2.695880267948366e-09,-6.921270551401627e-11,-1.104996097153631e-11,7.069353895401128e-10,3.958766354851112e-10,3.833121781811893e-10,0.13529561573876067,-2.67541754307422e-10,0.13529806417299298,-1.807493453715942e-10,5.83816743067445e-10,0.135298064172993,8.219602610174897e-12,-8.805189212748962e-10,3.603800272717151e-12,3.958766353243579e-10,0.1353002316397979,6.003255184020227e-11,6.003255207099184e-11,6.003255181117983e-11,6.003255167190735e-11,0.13530329033526892,2.497259689835792e-09,0.1352985070248789,0.13530301826052724,3.2681185080576837e-10,5.68008249879367e-10,5.680082494947228e-10,-6.921270533044903e-11,0.13530398071164598,5.371050714083099e-11,6.00325516789691e-11,-3.3801809247880274e-10
0.7316289006248347,1.6579630439963574e-10,-1.9956401294792341e-10,-8.927504495130975e-10,3.991747261521072e-09,0.2938866144707042,3.991747260796345e-09,-1.1846969460181439e-06,-1.4211007026189716e-10,0.43776660949861346,-1.0390838671562632e-09,-3.25834771623231e-10,-2.67541754307422e-10,0.7316413528645481,-2.675417539750141e-10,-8.927504495332239e-10,0.7316514181841871,-2.67541753978176e-10,-1.0503401585186955e-09,-3.711384319553285e-10,-3.8908205032017333e-07,-1.0390838666869214e-09,2.1008473129661097e-09,2.1142723746376246e-11,2.1142723569912112e-11,2.1142723754936634e-11,2.1142723474285597e-11,0.7316537359229204,3.913733439052886e-09,0.7316426711710546,0.731653393935875,-5.574097054573378e-11,1.6579630473525132e-10,1.6579630491310694e-10,-1.1846969456882061e-06,0.7316533577404233,-2.490884194363581e-10,2.1142723778075174e-11,0.7316444491738611
0.13529934341694036,5.68008249697272e-10,1.4487816138489116e-10,-1.807493452437927e-10,2.695880268225883e-09,1.8882809575920844e-09,2.6958802678935033e-09,-6.92127052633158e-11,-1.104996097153631e-11,7.069353888305326e-10,3.958766354851112e-10,3.8331217834297265e-10,0.13529806417299298,-2.675417539750141e-10,0.13529561573876078,-1.8074934559924244e-10,5.838167429850311e-10,0.13529806417299292,8.219602475143869e-12,-8.805189213975633e-10,3.6038002744443844e-12,3.958766353243579e-10,0.13530023163979768,6.003255164991635e-11,6.003255200038297e-11,6.003255161632827e-11,6.003255145195881e-11,0.13530329033526878,2.4972596898251545e-09,0.13529850702487872,0.13530301826052704,3.2681185080576837e-10,5.680082493500446e-10,5.68008249587015e-10,-6.921270533044903e-11,0.13530398071164584,5.371050707287456e-11,6.00325516135843e-11,-3.380180928095576e-10
1.960270436157432e-06,2.9468659079193796e-10,2.948077616566625e-10,4.272162058249267e-10,1.8638056221148315e-09,8.895662199392772e-10,1.8638056220409887e-09,1.5785641231774806e-13,2.0508206505737793e-10,8.075220323673756e-11,3.733152150013682e-13,2.9478656140017224e-10,-1.807493453715942e-10,-8.927504495332239e-10,-1.8074934559924244e-10,-2.4480070328098505e-06,9.70755835328282e-10,-1.8074934519416509e-10,2.2254580243108043e-13,4.600368433242323e-13,8.590938327828204e-14,3.7331517926068143e-13,1.133813943282411e-10,2.6455840077735593e-14,2.645576731320164e-14,2.6455840077735593e-14,2.6455774926365734e-14,7.897290820873739e-10,1.8638442574735253e-09,-1.5489965963841464e-06,7.898669391580678e-10,2.7365023533339515e-13,2.946865907584446e-10,2.946865907584446e-10,1.5785648302760781e-13,2.1535338053383934e-06,2.073441875709121e-10,2.6455827412574284e-14,-8.927611175465661e-10
0.7672275853747366,1.1966730670189774e-10,1.0125395879479203e-09,9.707558354713873e-10,0.03560160089852149,0.29389281570008713,0.035601600898521275,1.5787031521693916e-06,9.232780152904921e-10,0.4733479929803391,2.2040244894383836e-09,4.953516006956924e-10,5.83816743067445e-10,0.7316514181841871,5.838167429850311e-10,9.70755835328282e-10,0.7672437420739584,5.838167431076353e-10,8.868574407103465e-10,6.222261959372553e-06,1.151006782200511e-06,2.204024489901001e-09,-1.3264199107434462e-09,2.468307242376156e-10,2.468307237250126e-10,2.468307238781519e-10,2.4683072349785706e-10,0.7672461474426112,0.0356021452212657,0.7316229487673306,0.7672484009322319,4.770548152867167e-06,1.196673069411367e-10,1.1966730722784774e-10,1.5787031525996267e-06,0.767253210334293,7.544973996337033e-10,2.468307243774436e-10,0.7316517694491266
0.13529934341694136,5.680082499421504e-10,1.448781615529142e-10,-1.8074934526328153e-10,2.695880268024647e-09,1.88828095809966e-09,2.6958802679073333e-09,-6.921270551401627e-11,-1.1049960780739508e-11,7.069353896931044e-10,3.958766354583851e-10,3.833121784366759e-10,0.135298064172993,-2.67541753978176e-10,0.13529806417299292,-1.8074934519416509e-10,5.838167431076353e-10,0.13529561573876211,8.219602743402732e-12,-8.805189215392579e-10,3.6038005333081124e-12,3.958766347067964e-10,0.1353002316397981,6.003255164880468e-11,6.003255177861369e-11,6.003255213068241e-11,6.003255194514471e-11,0.13530329033526903,2.497259689823987e-09,0.13529850702487942,0.1353030182605273,3.268118510965274e-10,5.680082496316931e-10,5.680082494400158e-10,-6.92127052454023e-11,0.13530398071164645,5.371050714083099e-11,6.00325516135843e-11,-3.3801809277145366e-10
2.1375329520476392e-06,2.789044484456179e-10,2.7902979226223027e-10,2.22545967425603e-13,1.9375153452801863e-09,8.178488544332052e-10,1.937515345401932e-09,1.6349056859057456e-13,1.0769068101836986e-13,6.856117794993363e-11,3.878249014060434e-13,2.7900757049326396e-10,8.219602610174897e-12,-1.0503401585186955e-09,8.219602475143869e-12,2.2254580243108043e-13,8.868574407103465e-10,8.219602743402732e-12,-2.4479761393823126e-06,4.714064995688578e-13,8.907295943817357e-14,3.8782534162703996e-13,2.865520447142641e-10,2.7472762625089693e-14,2.747301762089148e-14,2.7472762625089693e-14,2.7472762625089693e-14,8.947969019405136e-10,1.9375547660599085e-09,-1.5181540270863827e-06,1.7765357373359822e-06,5.646400441681839e-10,2.789044482544801e-10,2.7890444839843116e-10,1.6349056859057456e-13,2.33080200842266e-06,1.0878751288745205e-13,2.7472762625089693e-14,-2.085042497035622e-06
5.350183999261896e-06,5.383969109340342e-10,5.385854069407971e-10,4.600368233949248e-13,3.5060419399957615e-09,1.2434910047344157e-05,3.506041940054948e-09,3.2861788824514994e-13,1.6339605035503803e-13,-3.1307116272963588e-09,8.019298038018584e-13,5.386076546861002e-10,-8.805189212748962e-10,-3.711384319553285e-10,-8.805189213975633e-10,4.600368433242323e-13,6.222261959372553e-06,-8.805189215392579e-10,4.714064995688578e-13,-2.446123656384994e-06,1.7096730919633198e-13,8.01929721635427e-13,-3.4352097396901684e-10,5.685688540929178e-14,5.68570691183691e-14,5.685680869310257e-14,5.685707305779749e-14,2.253278872474119e-09,3.5061107533772765e-09,-7.160548946282927e-10,2.2535435441145433e-09,5.666052126129372e-13,5.383969105732763e-10,5.383969107253293e-10,3.2861791635707123e-13,5.543557635606707e-06,1.914023159856703e-13,5.685688540929178e-14,-3.711390533261699e-10
1.5714701507494402e-06,3.0547746537388315e-10,3.0553112939303084e-10,8.590904065381138e-14,7.75970688722679e-10,1.4409478272175437e-10,7.759706887116558e-10,1.268709365130364e-10,4.6229654754176e-14,4.3557602426037727e-10,1.4927788941437146e-13,6.064800819988861e-07,3.603800272717151e-12,-3.8908205032017333e-07,3.6038002744443844e-12,8.590938327828204e-14,1.151006782200511e-06,3.6038005333081124e-12,8.907295943817357e-14,1.7096730919633198e-13,-2.4483626512261547e-06,1.492780003114723e-13,3.0887726522570914e-10,1.1146355169722584e-14,1.1146307743089806e-14,1.114636532748586e-14,1.1146355169722584e-14,5.83326666722331e-10,7.75988683676661e-10,2.2322300861996707e-07,5.833834246886478e-10,1.1181419752864336e-13,3.054774654774586e-10,3.05477465505129e-10,1.2687093651927043e-10,1.764721378899808e-06,4.429929426991071e-14,1.1146364215128897e-14,-1.9600787556701096e-10
5.855009819370534e-06,4.4671742631709636e-10,4.4692146993268965e-10,3.7331524282963156e-13,3.243641209900907e-09,1.9164685451970437e-09,3.243641210179419e-09,2.7415768553109006e-13,1.778969953930548e-13,2.868051438326239e-10,1.3022863394520147e-09,4.4688945192489036e-10,3.958766353243579e-10,-1.0390838666869214e-09,3.958766353243579e-10,3.7331517926068143e-13,2.204024489901001e-09,3.958766347067964e-10,3.8782534162703996e-13,8.01929721635427e-13,1.492780003114723e-13,-2.4471319657043423e-06,1.6706931717016987e-06,4.678231859101722e-14,4.678243272170014e-14,4.678243272170014e-14,4.678243272170014e-14,5.160113402578715e-06,3.2437054264329936e-09,-3.952407213114116e-07,5.160586803083007e-06,4.812041855701455e-13,4.4671742630144026e-10,4.4671742630144026e-10,2.741578171938972e-13,6.048400118797547e-06,1.8163370127154659e-13,4.678252218428717e-14,-1.039102020733473e-09
0.2327659446822682,0.09746940393921087,0.09746901973279452,1.1338139408491361e-10,-2.5035110290118375e-10,-3.532462722588941e-09,-2.5035110286395184e-10,1.9467055852069322e-10,2.7815250013984676e-10,1.271346230697686e-05,1.6706931720104443e-06,0.0974694508760819,0.1353002316397979,2.1008473129661097e-09,0.13530023163979768,1.133813943282411e-10,-1.3264199107434462e-09,0.1353002316397981,2.865520447142641e-10,-3.4352097396901684e-10,3.0887726522570914e-10,1.6706931717016987e-06,0.23276809711185448,2.2210498039614904e-10,2.2210498063450168e-10,2.2210498091288112e-10,2.2210498060885458e-10,0.13530000913595108,3.855153902645544e-11,0.23277322403140574,0.13529971055218307,7.36774979388332e-10,0.09746940393921023,0.09746940393920989,1.9467055847205219e-10,0.23277370382030943,2.1414079537104445e-10,2.221049805237831e-10,2.0421613310994072e-09
7.378398079294043e-07,1.6213968553473974e-10,1.6215414973089954e-10,2.6455774926365734e-14,2.2572940240103436e-10,1.739522363203732e-10,2.2572940221898936e-10,1.95960937285982e-14,1.307114058784323e-14,7.28331434855194e-11,4.678243272170014e-14,1.6215199949174766e-10,6.003255184020227e-11,2.1142723746376246e-11,6.003255164991635e-11,2.6455840077735593e-14,2.468307242376156e-10,6.003255164880468e-11,2.7472762625089693e-14,5.685688540929178e-14,1.1146355169722584e-14,4.678231859101722e-14,2.2210498039614904e-10,-2.448426867812842e-06,7.382111585436809e-12,7.382111586502573e-12,7.382111585284624e-12,3.0682994687556057e-10,2.2573504465519689e-10,2.431324939691834e-10,3.06846382331515e-10,3.471536290225074e-14,1.6213968553470903e-10,1.6213968553473974e-10,1.959597328690065e-14,9.310641798617642e-07,1.3014767121568219e-14,7.382111586440124e-12,2.114154818504603e-11
7.378398079293736e-07,1.6213968553320635e-10,1.621541499457127e-10,2.6455827412574284e-14,2.257294022443906e-10,1.7395223624269787e-10,2.257294022200614e-10,1.9595909581186946e-14,1.3071327323257834e-14,7.283314356152757e-11,4.678249625947567e-14,1.6215199960305318e-10,6.003255207099184e-11,2.1142723569912112e-11,6.003255200038297e-11,2.645576731320164e-14,2.468307237250126e-10,6.003255177861369e-11,2.747301762089148e-14,5.68570691183691e-14,1.1146307743089806e-14,4.678243272170014e-14,2.2210498063450168e-10,7.382111585436809e-12,-2.448426867812842e-06,7.382111586124356e-12,7.38211158490642e-12,3.06829946704142e-10,2.2573504475926363e-10,2.4313249397391297e-10,3.068463817809994e-10,3.4715378929684026e-14,1.6213968549017667e-10,1.6213968553320635e-10,1.95960937285982e-14,9.310641795069259e-07,1.3014796668410643e-14,7.382111586061907e-12,2.114154789891173e-11
7.378398079315004e-07,1.6213968552806061e-10,1.6215415003645052e-10,2.645576731320164e-14,2.2572940209534108e-10,1.7395223631584584e-10,2.2572940209534108e-10,1.959597328690065e-14,1.307114058784323e-14,7.283314330061759e-11,4.678243272170014e-14,1.6215199959759857e-10,6.003255181117983e-11,2.1142723754936634e-11,6.003255161632827e-11,2.6455840077735593e-14,2.468307238781519e-10,6.003255213068241e-11,2.7472762625089693e-14,5.685680869310257e-14,1.114636532748586e-14,4.678243272170014e-14,2.2210498091288112e-10,7.382111586502573e-12,7.382111586124356e-12,-2.448426867812842e-06,7.38211158597218e-12,3.06829946553477e-10,2.257350448325064e-10,2.431324939005988e-10,3.068463820904783e-10,3.471539709144515e-14,1.6213968552806061e-10,1.6213968552806061e-10,1.959597328690065e-14,9.310641796137991e-07,1.3014681311708872e-14,7.382111587127665e-12,2.1141547960789092e-11
7.378398076654184e-07,1.621396854148517e-10,1.6215415008270925e-10,2.6455840077735792e-14,2.2572940211587255e-10,1.7395223619243522e-10,2.2572940207130114e-10,1.9595889959008924e-14,1.3071326403181166e-14,7.283314319406117e-11,4.678243272170014e-14,1.621519994625547e-10,6.003255167190735e-11,2.1142723474285597e-11,6.003255145195881e-11,2.6455774926365734e-14,2.4683072349785706e-10,6.003255194514471e-11,2.7472762625089693e-14,5.685707305779749e-14,1.1146355169722584e-14,4.678243272170014e-14,2.2210498060885458e-10,7.382111585284624e-12,7.38211158490642e-12,7.38211158597218e-12,-2.448426867812842e-06,3.0682994613637626e-10,2.2573504491102428e-10,2.431324936725966e-10,3.0684638175613436e-10,3.4715437532319714e-14,1.6213968568636422e-10,1.6213968552357406e-10,1.959612893130103e-14,9.310641789327937e-07,1.3014796668410643e-14,7.382111585909751e-12,2.1141547688053314e-11
0.9025283286583766,-1.4771447190930962e-10,3.2190442954556655e-10,7.897290823653257e-10,0.035602901220481584,0.2938903742556529,0.035602901220481514,7.258705177370637e-10,9.121288362245381e-10,0.4733543854326259,5.160113402998628e-06,4.314329977529525e-11,0.13530329033526892,0.7316537359229204,0.13530329033526878,7.897290820873739e-10,0.7672461474426112,0.13530329033526903,8.947969019405136e-10,2.253278872474119e-09,5.83326666722331e-10,5.160113402578715e-06,0.13530000913595108,3.0682994687556057e-10,3.06829946704142e-10,3.06829946553477e-10,3.0682994613637626e-10,0.902549855508827,0.03560305116431472,0.8669267167631541,0.9025542850452005,5.418650697042904e-06,-1.4771447125703014e-10,-1.4771447123415268e-10,7.258705180002917e-10,0.9025583977606575,8.080951112851234e-10,3.0682994653826847e-10,0.7316539472857926
0.03561274608242291,1.7743484897019526e-09,3.03286742058962e-09,1.8638442574493265e-09,0.035600899331500825,-1.0935891914632586e-10,0.035600899331500936,1.3923414426191754e-09,1.0656387943174074e-09,0.03559517384620933,3.2437054264338096e-09,5.244257763736462e-06,2.497259689835792e-09,3.913733439052886e-09,2.4972596898251545e-09,1.8638442574735253e-09,0.0356021452212657,2.497259689823987e-09,1.9375547660599085e-09,3.5061107533772765e-09,7.75988683676661e-10,3.2437054264329936e-09,3.855153902645544e-11,2.2573504465519689e-10,2.2573504475926363e-10,2.257350448325064e-10,2.2573504491102428e-10,0.03560305116431472,0.03559915026030728,-6.395197600548341e-09,0.035605647151429796,2.4594084667345336e-09,1.77434848951836e-09,1.774348489711579e-09,1.3923414426106163e-09,0.03561410758495056,1.0037993779029955e-09,2.2573504479909718e-10,3.7642685580164325e-09
0.9643677054838358,0.09746943138205334,0.09746832030292048,-1.548996596353241e-06,-6.605873846863101e-09,0.2938943838578382,-6.605873846875192e-09,-7.9970343090648e-07,2.687116598568097e-07,0.4377387081301381,-3.9524072091599e-07,0.0974685015003557,0.1352985070248789,0.7316426711710546,0.13529850702487872,-1.5489965963841464e-06,0.7316229487673306,0.13529850702487942,-1.5181540270863827e-06,-7.160548946282927e-10,2.2322300861996707e-07,-3.952407213114116e-07,0.23277322403140574,2.431324939691834e-10,2.4313249397391297e-10,2.431324939005988e-10,2.431324936725966e-10,0.8669267167631541,-6.395197600548341e-09,0.9644066678899388,0.8669260747223766,1.3493220214391604e-06,0.09746943138205334,0.09746943138205334,-7.99703430256769e-07,0.9643997276458288,-7.053619438387057e-08,2.431324941498819e-10,0.7316432027912575
0.9025302843754983,-1.6074892149841835e-10,6.133161207404819e-07,7.898669386299388e-10,0.035605497156349884,0.29389044873589343,0.03560549715634975,7.259730889277038e-10,1.810809899356524e-06,0.47335656389730624,5.160586803502925e-06,3.01731413782994e-11,0.13530301826052724,0.731653393935875,0.13530301826052704,7.898669391580678e-10,0.7672484009322319,0.1353030182605273,1.7765357373359822e-06,2.2535435441145433e-09,5.833834246886478e-10,5.160586803083007e-06,0.13529971055218307,3.06846382331515e-10,3.068463817809994e-10,3.068463820904783e-10,3.0684638175613436e-10,0.9025542850452005,0.035605647151429796,0.8669260747223766,0.9025538179029229,5.4190074615368656e-06,-1.6074892045486844e-10,-1.6074892113935137e-10,7.259730890191399e-10,0.9025603535415517,1.6042860407968175e-06,3.0684638216898046e-10,0.7316536052779372
6.041548609731403e-06,4.10646329309926e-10,4.1080630758258095e-10,2.7365021018034284e-13,2.459358592399291e-09,1.1759333611071564e-09,2.459358592399291e-09,2.0237455959393074e-13,1.3929694208553706e-13,1.226724215645221e-09,4.812039655968604e-13,4.107727928896608e-10,3.2681185080576837e-10,-5.574097054573378e-11,3.2681185080576837e-10,2.7365023533339515e-13,4.770548152867167e-06,3.268118510965274e-10,5.646400441681839e-10,5.666052126129372e-13,1.1181419752864336e-13,4.812041855701455e-13,7.36774979388332e-10,3.471536290225074e-14,3.4715378929684026e-14,3.471539709144515e-14,3.4715437532319714e-14,5.418650697042904e-06,2.4594084667345336e-09,1.3493220214391604e-06,5.4190074615368656e-06,-2.4477240319288948e-06,4.1064632958158523e-10,4.1064632918117604e-10,2.0237487700479226e-13,6.234945677684704e-06,1.3799932502833193e-13,3.471539641054742e-14,-1.1068188939534974e-07
0.09746953143120266,0.09746840972053128,0.09746886590730044,2.9468659048145526e-10,1.286749215374222e-09,1.5099088792724628e-09,1.286749215324352e-09,2.642798500061379e-10,2.8939646441882846e-10,7.95501445602908e-10,4.467174262891321e-10,0.09746882379848354,5.68008249879367e-10,1.6579630473525132e-10,5.680082493500446e-10,2.946865907584446e-10,1.196673069411367e-10,5.680082496316931e-10,2.789044482544801e-10,5.383969105732763e-10,3.054774654774586e-10,4.4671742630144026e-10,0.09746940393921023,1.6213968553470903e-10,1.6213968549017667e-10,1.6213968552806061e-10,1.6213968568636422e-10,-1.4771447125703014e-10,1.77434848951836e-09,0.09746943138205334,-1.6074892045486844e-10,4.1064632958158523e-10,0.09746596128628292,0.09746840972053034,2.642798502400618e-10,0.09747284656869153,1.6066109093819623e-10,1.621396854052016e-10,1.7758399863342326e-10
0.09746953143120342,0.09746840972053114,0.09746886590730039,2.946865909048703e-10,1.2867492152123948e-09,1.5099088790130573e-09,1.286749215309834e-09,2.6427984995966134e-10,2.8939646483627653e-10,7.955014455183117e-10,4.46717426364929e-10,0.09746882379848341,5.680082494947228e-10,1.6579630491310694e-10,5.68008249587015e-10,2.946865907584446e-10,1.1966730722784774e-10,5.680082494400158e-10,2.7890444839843116e-10,5.383969107253293e-10,3.05477465505129e-10,4.4671742630144026e-10,0.09746940393920989,1.6213968553473974e-10,1.6213968553320635e-10,1.6213968552806061e-10,1.6213968552357406e-10,-1.4771447123415268e-10,1.774348489711579e-09,0.09746943138205334,-1.6074892113935137e-10,4.1064632918117604e-10,0.09746840972053034,0.09746596128628292,2.64279849865563e-10,0.09747284656869173,1.6066109088913974e-10,1.6213968541386505e-10,1.775839990470344e-10
1.7729248386709281e-06,2.6427985020516317e-10,2.643721727041168e-10,1.5785648302770563e-13,1.3923120979000638e-09,4.895473216746417e-10,1.392312097987701e-09,2.309152727718796e-10,7.892283505806571e-14,3.054214413047732e-10,2.741577943584795e-13,2.6435330248178533e-10,-6.921270533044903e-11,-1.1846969456882061e-06,-6.921270533044903e-11,1.5785648302760781e-13,1.5787031525996267e-06,-6.92127052454023e-11,1.6349056859057456e-13,3.2861791635707123e-13,1.2687093651927043e-10,2.741578171938972e-13,1.9467055847205219e-10,1.959597328690065e-14,1.95960937285982e-14,1.959597328690065e-14,1.959612893130103e-14,7.258705180002917e-10,1.3923414426106163e-09,-7.99703430256769e-07,7.259730890191399e-10,2.0237487700479226e-13,2.642798502400618e-10,2.64279849865563e-10,-2.448203334772699e-06,1.966182381757265e-06,7.836497025421124e-14,1.959612893130103e-14,-5.968065596816734e-10
1.0000091719652098,0.09747284656869154,0.0974742355011493,2.153533805365482e-06,0.03561298952207942,0.2938972933825647,0.03561298952207952,1.9661823810071526e-06,2.385578862290599e-06,0.4733588665428446,6.048400119206656e-06,0.09747363992609165,0.13530398071164598,0.7316533577404233,0.13530398071164584,2.1535338053383934e-06,0.767253210334293,0.13530398071164645,2.33080200842266e-06,5.543557635606707e-06,1.764721378899808e-06,6.048400118797547e-06,0.23277370382030943,9.310641798617642e-07,9.310641795069259e-07,9.310641796137991e-07,9.310641789327937e-07,0.9025583977606575,0.03561410758495056,0.9643997276458288,0.9025603535415517,6.234945677684704e-06,0.09747284656869153,0.09747284656869173,1.966182381757265e-06,1.0000399149355361,1.9235006198501535e-06,9.31064179796875e-07,0.7316535924592108
1.7302439738394358e-06,1.6066109072244984e-10,3.19069220301764e-07,2.0734418756933464e-10,1.00377810111689e-09,-1.8177339740614816e-10,1.00377810111689e-09,7.836511819329535e-14,1.2149650082479553e-10,1.8582043235305384e-06,1.8163369783814044e-13,1.6070998203742215e-10,5.371050714083099e-11,-2.490884194363581e-10,5.371050707287456e-11,2.073441875709121e-10,7.544973996337033e-10,5.371050714083099e-11,1.0878751288745205e-13,1.914023159856703e-13,4.429929426991071e-14,1.8163370127154659e-13,2.1414079537104445e-10,1.3014767121568219e-14,1.3014796668410643e-14,1.3014681311708872e-14,1.3014796668410643e-14,8.080951112851234e-10,1.0037993779029955e-09,-7.053619438387057e-08,1.6042860407968175e-06,1.3799932502833193e-13,1.6066109093819623e-10,1.6066109088913974e-10,7.836497025421124e-14,1.9235006198501535e-06,-2.44832124065387e-06,1.3014528994942228e-14,-4.944806777174548e-07
7.378398079293734e-07,1.6213968541386505e-10,1.6215415002313268e-10,2.6455774926365734e-14,2.2572940218234717e-10,1.739522362708178e-10,2.257294021021744e-10,1.959597328690065e-14,1.3071326403181166e-14,7.283314312476723e-11,4.678249625947567e-14,1.6215199948754628e-10,6.00325516789691e-11,2.1142723778075174e-11,6.00325516135843e-11,2.6455827412574284e-14,2.468307243774436e-10,6.00325516135843e-11,2.7472762625089693e-14,5.685688540929178e-14,1.1146364215128897e-14,4.678252218428717e-14,2.221049805237831e-10,7.382111586440124e-12,7.382111586061907e-12,7.382111587127665e-12,7.382111585909751e-12,3.0682994653826847e-10,2.2573504479909718e-10,2.431324941498819e-10,3.0684638216898046e-10,3.471539641054742e-14,1.621396854052016e-10,1.6213968541386505e-10,1.959612893130103e-14,9.31064179796875e-07,1.3014528994942228e-14,-2.4484268684014735e-06,2.1141548120994448e-11
0.7316291353360137,1.775839984008398e-10,-1.8779063084163623e-10,-8.927611176670631e-10,3.842285551425212e-09,0.2938876448082569,3.842285551300354e-09,-5.968065596947254e-10,-1.4212192957130632e-10,0.43776593044302775,-1.039102021050874e-09,-3.140523230057634e-10,-3.3801809247880274e-10,0.7316444491738611,-3.380180928095576e-10,-8.927611175465661e-10,0.7316517694491266,-3.3801809277145366e-10,-2.085042497035622e-06,-3.711390533261699e-10,-1.9600787556701096e-10,-1.039102020733473e-09,2.0421613310994072e-09,2.114154818504603e-11,2.114154789891173e-11,2.1141547960789092e-11,2.1141547688053314e-11,0.7316539472857926,3.7642685580164325e-09,0.7316432027912575,0.7316536052779372,-1.1068188939534974e-07,1.7758399863342326e-10,1.775839990470344e-10,-5.968065596816734e-10,0.7316535924592108,-4.944806777174548e-07,2.1141548120994448e-11,0.7316426486212433
