1.0000000040395154,-1.2433182924260653e-06,-1.2125631422777177e-06,-1.2822046104853537e-06,-1.1881947061374571e-06,-1.1844411285222142e-06,-1.1860167336577448e-06,-1.2135052607697286e-06,-1.1844411282843514e-06,-1.2444443353046723e-06,-1.1879687253468063e-06,-1.2117637883055006e-06,-1.243318292108102e-06,-1.2438944334543892e-06,-1.2442557941069695e-06,-1.2138113552113169e-06,-1.2442557947423838e-06,-1.212634025318304e-06,-1.243318290202805e-06,-1.2126340273390168e-06,-1.210326578696426e-06,-1.1837189956010279e-06,-1.189311266352994e-06,-1.2145333519401544e-06,-1.2125631460316754e-06,-1.1893112650998505e-06,-1.2451434058719496e-06,-1.2117637879186102e-06,-1.2117637877573483e-06,-1.243318292659e-06,-1.1851966896579177e-06,-1.188421829062477e-06,-1.2115672368002135e-06,-1.2119220229022456e-06,-1.1884218290625034e-06,-1.242315772114197e-06,-1.1879687244466982e-06,-1.1884218294920141e-06,-1.189661668881011e-06,-1.21371845993692e-06,-1.189311266504188e-06,1.000009649533511,-1.1887701900443829e-06,-1.2109411633544596e-06,-1.2427235260381503e-06,-1.1865421196911696e-06,1.0000095389502632,-1.1874921489341013e-06,-1.2119220264881953e-06,-1.2125631452382529e-06,-1.2439556924286885e-06,-1.1842791701303699e-06,-1.2113094741946607e-06,-1.2126991440906115e-06,-1.24414113592969e-06,-1.1851384288521555e-06,-1.188770191198833e-06,-1.2130356492968568e-06,-1.2457530054578131e-06,-1.1844411291986509e-06,-1.2440772941718368e-06,-1.2117637876911128e-06,-1.2137184603427832e-06,-1.2440772940090888e-06,-1.2447776134863374e-06,-1.2137184585502245e-06,1.0000097325197184,-1.1862524122220757e-06,-1.1896983093149499e-06,-1.2447776135063096e-06,-1.21248405384254e-06,-1.2137184603360266e-06,-1.245535008830818e-06,-1.2137184614904817e-06,-1.1842791701337548e-06,-1.1879687232919795e-06,-1.2441023628860714e-06,-1.1844411285036125e-06,1.0000097325197184,-1.1884948924924072e-06,1.0000097325197197,-1.1844411287386739e-06,-1.1872499163865685e-06,-1.244076728580682e-06,-1.2453539155012038e-06,-1.2398857079025537e-06,-1.2131170531174545e-06,-1.2126340273385948e-06,-1.2433182921089476e-06,-1.1844411285086856e-06,1.0000097325197184,-1.1887045326051223e-06,-1.189698309314989e-06,-1.186252411347491e-06,-1.2446997721294357e-06,-1.186252412217102e-06,-1.1893112665694535e-06,-1.1856433739679495e-06,1.0000097264609193,-1.2117637882810814e-06,-1.2128360495653789e-06,-1.2085345983855799e-06,-1.2451434041251314e-06,-1.1862524122221695e-06,-1.1893112650587518e-06,-1.2439556934196578e-06,-1.213736574995507e-06,1.000009650145319,1.0000097325197195,-1.240973161254322e-06,1.000009612226373,-1.214686684574064e-06,-1.2440772950192355e-06,-1.2440772946872127e-06,-1.1884218290588828e-06,1.0000097086484576,-1.2109411642050613e-06,-1.211309474207264e-06,-1.243790713924501e-06,1.0000097325197173,-1.1842791689747914e-06,-1.2138113566652343e-06,-1.242235580118316e-06,-1.2117637871899262e-06
-1.2433182924260653e-06,-1.3517678516185626e-06,3.671504806751171e-17,4.672593215683723e-17,3.3096066935601334e-17,3.256883652670403e-17,3.290320005469745e-17,3.6905108495179825e-17,3.265780321688771e-17,4.13974527059654e-17,3.3137186100074664e-17,3.6567441282502056e-17,8.20707201642392e-14,4.1204929658220327e-17,4.124747082900144e-17,3.6870182756017725e-17,4.131028418407237e-17,3.6621192537748065e-17,8.207072022739706e-14,3.655173179755051e-17,3.637033845044346e-17,3.252204962634968e-17,3.3355439443968614e-17,3.694485845566233e-17,3.674707875096886e-17,3.3416906830188434e-17,4.142697778095806e-17,3.6661501290187966e-17,3.6614076714205364e-17,8.207072020213375e-14,3.275541233578784e-17,3.324392565740969e-17,3.651581322272508e-17,3.665584625175372e-17,3.324392565740969e-17,4.093158759076617e-17,3.3070596753247335e-17,3.324392565740969e-17,3.349700119584711e-17,3.684158232334457e-17,3.3416906830188434e-17,-2.8643147413444997e-07,3.321458185103538e-17,3.644708721035105e-17,4.1051107408854093e-17,3.296596893550037e-17,-2.8643144064677407e-07,3.3128458118210954e-17,3.64837378459254e-17,3.6657793126911734e-17,4.1282247321741814e-17,3.26741763817115e-17,3.638095158619854e-17,3.668711842446564e-17,8.231389884710331e-14,3.2757420947468333e-17,3.321458185103538e-17,3.67133211857311e-17,4.128594319647841e-17,3.25647415894293e-17,4.1203298412045906e-17,3.6661501290187966e-17,3.6922761340375856e-17,4.1203298412045906e-17,4.1398017035613835e-17,3.684158232334457e-17,-1.4350931834994241e-10,3.282644146301715e-17,3.346825165066673e-17,4.1398017035613835e-17,3.6679921096661224e-17,3.684158232334457e-17,4.14648436939938e-17,3.684158232334457e-17,3.262319870147244e-17,3.313837863668112e-17,8.23021720717838e-14,3.25647415894293e-17,-1.4350931836412872e-10,3.3194505770285356e-17,-1.4350931836412872e-10,3.25647415894293e-17,3.3058457842621404e-17,4.1294626821256565e-17,4.144072083321905e-17,4.061559544441857e-17,3.6734328897059097e-17,3.6621192537748065e-17,8.20707201698997e-14,3.265780321688771e-17,-1.4350931834994241e-10,3.3294340607203454e-17,3.3489370362314186e-17,3.282644146301715e-17,4.1277074832893935e-17,3.2862439917841484e-17,3.342672064235321e-17,3.273733443288101e-17,-1.4350931752186964e-10,3.6661501290187966e-17,3.6710208081741643e-17,3.621711707466426e-17,4.135644353680315e-17,3.2862439917841484e-17,3.342672064235321e-17,4.1282247321741814e-17,3.6922442283113395e-17,-1.4350930591397586e-10,-1.4350931836412872e-10,4.0825479167729425e-17,-2.864314627793638e-07,3.695231295947123e-17,4.1203298412045906e-17,4.1293322664714257e-17,3.324392565740969e-17,-1.4350931470421826e-10,3.644708721035105e-17,3.638095158619854e-17,4.123829183983752e-17,-1.435093183842143e-10,3.270985527263737e-17,3.6870182756017725e-17,4.0957965157997075e-17,3.6614076714205364e-17
-1.2125631422777177e-06,3.671504806751171e-17,-1.3517678701612048e-06,4.183324356201386e-17,2.9653953526703666e-17,2.913383957152637e-17,2.930730958611711e-17,3.294355950056346e-17,2.915946377732007e-17,3.6874008503830816e-17,2.9686672358923305e-17,3.2688710950665915e-17,3.678598823583643e-17,3.6763691888719856e-17,3.6838084017770796e-17,3.2921025161571163e-17,3.685591803331816e-17,3.268834722827772e-17,3.674707875096886e-17,3.260779641788393e-17,3.24272956036998e-17,2.9071619671962615e-17,2.9778863211660304e-17,3.294651065361849e-17,6.540856773417594e-14,2.9713333052075976e-17,3.708769046795947e-17,3.266142490624231e-17,3.2552281768234027e-17,3.674707875096886e-17,2.933224061182996e-17,2.981689341079091e-17,3.268516196490384e-17,3.267106038674981e-17,2.981689341079091e-17,3.651100285238551e-17,2.965438691159914e-17,2.981689341079091e-17,2.9816863256021767e-17,3.290045876675263e-17,2.9778863211660304e-17,-1.2810018336385634e-10,2.967035657228942e-17,3.248636018487607e-17,3.658236566973324e-17,2.939329439192043e-17,-2.556762429254673e-07,2.9566417069451135e-17,3.267106038674981e-17,6.540856782161303e-14,3.669045677144688e-17,2.909671606977862e-17,6.507914804605795e-14,3.2803214407319137e-17,3.6713774404130064e-17,2.918733413590461e-17,2.978575142497898e-17,3.2860020319968056e-17,3.700721472959236e-17,2.9138555638219076e-17,3.686287314750078e-17,3.2688710950665915e-17,3.290045876675263e-17,3.6762946067169885e-17,3.6940036216104165e-17,3.290045876675263e-17,-1.2810019464744954e-10,2.940978661255244e-17,2.981460874625038e-17,3.699324094363005e-17,3.270839992445683e-17,3.290045876675263e-17,3.699596081213051e-17,3.2938259221743374e-17,2.9086681246869203e-17,2.965438691159914e-17,3.6793629219495334e-17,2.9138555638219076e-17,-1.2810019464744954e-10,2.961897084036062e-17,-1.2810019464744954e-10,2.915946377732007e-17,2.9513074002209073e-17,3.676113335867101e-17,3.702149853659122e-17,3.616647805644694e-17,3.2864399965327094e-17,3.260779641788393e-17,3.678598823583643e-17,2.915946377732007e-17,-1.2810019464744954e-10,2.972195479488652e-17,2.9857242394507656e-17,2.9401256921371545e-17,3.682207048145564e-17,2.940978661255244e-17,2.9778863211660304e-17,2.936707351358657e-17,-1.2810019363875983e-10,3.266142490624231e-17,3.269149716595678e-17,3.2155908150478486e-17,3.7061535375694266e-17,2.9401256921371545e-17,2.9713333052075976e-17,3.669045677144688e-17,3.2961277261751676e-17,-1.281001834271468e-10,-1.2810019446078535e-10,3.6427033584470104e-17,-1.2810017840771713e-10,3.30014389111056e-17,3.6762946067169885e-17,3.6762946067169885e-17,2.9698294970295356e-17,-2.5567628822798723e-07,3.2543144438084537e-17,6.507914798866724e-14,3.6783635443460274e-17,-1.2810019464744954e-10,2.9086681246869203e-17,3.2921025161571163e-17,3.65714460713246e-17,3.2688710950665915e-17
-1.2822046104853537e-06,4.672593215683723e-17,4.183324356201386e-17,-1.3517678305079209e-06,3.769155858777125e-17,3.6927708670459614e-17,3.727083645437172e-17,4.189324186322345e-17,3.69723122142633e-17,4.701219641300645e-17,3.7684544302762236e-17,4.1580184602740686e-17,4.667021058051263e-17,4.6728713398250726e-17,4.6980658414945006e-17,4.187796324730085e-17,4.6980629890617975e-17,4.175509674542476e-17,4.667021058051263e-17,4.170185135367443e-17,4.143465544326172e-17,3.705513706615737e-17,3.789022949250147e-17,4.204408987175388e-17,4.1698127303252177e-17,3.789022949238229e-17,4.698675712410673e-17,4.165925864285073e-17,4.15611932935931e-17,4.687955408161605e-17,3.7224651614993163e-17,3.7784757782761387e-17,4.15727258242481e-17,4.171221537261518e-17,3.7638946959056986e-17,4.67343975628748e-17,3.759620457761905e-17,3.763898599531709e-17,3.801337710714796e-17,4.194649522843621e-17,3.789022949238229e-17,-3.2531785792374e-07,3.7798928894306326e-17,4.143559043710122e-17,4.657754718616065e-17,3.743081738911249e-17,-3.253178202072068e-07,3.7555452951594746e-17,4.171221537261518e-17,4.172977997790854e-17,4.682852733344019e-17,3.7080388132718006e-17,4.158001291973661e-17,4.1645117643158644e-17,4.687398565930612e-17,3.7140137218643475e-17,3.788809840994289e-17,4.178154242374761e-17,4.719354468068451e-17,3.69723122142633e-17,9.347539402292463e-14,4.154852757176931e-17,4.186928891665288e-17,9.3475393977802e-14,4.700526573996635e-17,4.194649522843621e-17,-1.629923673199851e-10,3.734274763016619e-17,3.795844012325183e-17,4.6990472611868256e-17,4.169626877183335e-17,4.186928891665288e-17,4.72380384327538e-17,4.186928891665288e-17,3.70263754400751e-17,3.7685656559963185e-17,4.678049403066849e-17,3.6927708670459614e-17,-1.629923673199851e-10,3.774524325657597e-17,-1.629923673199555e-10,3.6927708670459614e-17,3.7559936836593733e-17,4.6942477899650656e-17,4.700247314852936e-17,4.6308720252323413e-17,4.1837146459519726e-17,4.183013417489326e-17,4.667021058051263e-17,3.6927708670459614e-17,-1.629923673199851e-10,3.7739010870969835e-17,3.790351500511289e-17,3.7400547731778724e-17,4.6962387767982956e-17,3.741777730313683e-17,3.789022949238229e-17,3.727801231346792e-17,-1.629923662859924e-10,4.158870102227221e-17,4.183996775048621e-17,4.107395136495889e-17,4.698675712410673e-17,3.741777730313683e-17,3.789022949238229e-17,4.682852733344019e-17,4.192087350659503e-17,-1.6299235318704304e-10,-1.629923673199851e-10,4.631735790963376e-17,-3.25317845144446e-07,4.2072574930488594e-17,9.347539404870644e-14,9.347539391229738e-14,3.7784757782761387e-17,-3.253178781213979e-07,4.1497053682115897e-17,4.158001291973661e-17,4.681044495896526e-17,-1.629923673199851e-10,3.708059558874034e-17,4.1959453887950937e-17,9.285558063895196e-14,4.165925864285073e-17
-1.1881947061374571e-06,3.3096066935601334e-17,2.9653953526703666e-17,3.769155858777125e-17,-1.3517678820134842e-06,2.6379653433197525e-17,5.302322299671802e-14,2.995584448638825e-17,2.6359498516864694e-17,3.3214986453135255e-17,2.676375602085131e-17,2.9505432598883043e-17,3.3269493894342e-17,3.3203156949014345e-17,3.3300255414676146e-17,2.9688278107928425e-17,3.3300255414676146e-17,2.951203080836962e-17,3.30516058405043e-17,2.95817664518213e-17,5.864134438015697e-14,5.2483283818825607e-14,2.705257738033536e-17,2.978154740826136e-17,2.956186349550585e-17,2.6900064130168452e-17,3.338770609198885e-17,2.954156129333493e-17,2.954156129333493e-17,3.30516058405043e-17,2.6526735586171205e-17,2.6785869791354633e-17,2.9517339905634796e-17,2.967635053096947e-17,2.6785869791354633e-17,3.2983793694792047e-17,2.6768531214958377e-17,2.6785869791354633e-17,2.7004571206036407e-17,2.975836172197529e-17,2.703091205232335e-17,-1.1589096947266859e-10,5.366829656483306e-14,2.9474254519095237e-17,3.3108592820372386e-17,2.6622323378769234e-17,-2.31307769076048e-07,2.6825023754041038e-17,2.9627818708521834e-17,2.956186349550585e-17,3.323376793369759e-17,2.6418595162650374e-17,2.95197585709705e-17,2.973253220138221e-17,3.342781798380775e-17,2.649929285148484e-17,5.366829657648039e-14,2.960461122676066e-17,3.353049785185939e-17,2.6359498516864694e-17,3.3274704144379096e-17,2.954156129333493e-17,2.967802880001902e-17,3.321981169248414e-17,3.3439496060647916e-17,2.967802880001902e-17,-1.1589097939145581e-10,2.6578274459361313e-17,2.6913769216193957e-17,3.3439496060647916e-17,2.9658361552454e-17,2.967802880001902e-17,3.344301087481493e-17,2.967802880001902e-17,2.6398457961667448e-17,2.689932327511723e-17,3.318678775085763e-17,2.6385675658659506e-17,-1.1589097955108285e-10,2.6849681421456228e-17,-1.1589097955108285e-10,2.6284229775760955e-17,2.6702628229862836e-17,3.3291077329628827e-17,3.3468796925692226e-17,3.268021993110385e-17,2.970819278012445e-17,2.965277779976862e-17,3.3269493894342e-17,2.6385675658659506e-17,-1.1589097948399129e-10,2.6980562701351733e-17,2.6973555395029418e-17,2.6578274459361313e-17,3.3287682936582914e-17,2.6578274459361313e-17,2.6900064130168452e-17,5.2933199251670137e-14,-1.1589097868467722e-10,2.954276256294299e-17,2.963979491439452e-17,2.908705093303155e-17,3.338770609198885e-17,2.6578274459361313e-17,2.703091205232335e-17,3.323376793369759e-17,5.944733965147912e-14,-1.1589096951675328e-10,-1.1589097948399129e-10,3.28768091085395e-17,-1.158909648549589e-10,3.00064115882519e-17,3.3274704144379096e-17,3.3274704144379096e-17,2.6750267064767093e-17,-1.1589097658702556e-10,2.9474254519095237e-17,2.9428361882834724e-17,3.334166947099801e-17,-1.1589097948399129e-10,2.6418595162650374e-17,2.9521077939695994e-17,3.2994775270503447e-17,2.954276256294299e-17
-1.1844411285222142e-06,3.256883652670403e-17,2.913383957152637e-17,3.6927708670459614e-17,2.6379653433197525e-17,-1.3517678832062949e-06,2.6181689328177184e-17,2.927980047989912e-17,5.1787828744004506e-14,3.2772053219495054e-17,2.6368399504813273e-17,2.9191420129932524e-17,3.25647415894293e-17,3.27490839236819e-17,3.273438561671124e-17,2.9343325148633245e-17,3.2796447327312194e-17,2.917701031978181e-17,3.25647415894293e-17,2.916522786122748e-17,2.886933819807243e-17,2.5879259158075748e-17,2.6550629730498813e-17,2.9478471522501884e-17,2.9193021255652877e-17,2.6550629730498813e-17,3.2813812876827867e-17,2.9107444997035686e-17,2.918060271905429e-17,3.265780321688771e-17,2.6003760189181403e-17,2.644846448085478e-17,2.896715427637456e-17,2.908192414293324e-17,2.6332674403210473e-17,3.2535805669396634e-17,2.6368399504813273e-17,2.641307445647477e-17,2.6545744328549617e-17,2.930557175228869e-17,2.6374601832719365e-17,-1.1401033249749404e-10,2.6520836154695093e-17,2.897021902022248e-17,3.258307154747766e-17,2.6163153550161178e-17,-2.2755418911240106e-07,2.6372972562789185e-17,2.908192414293324e-17,2.9193021255652877e-17,3.274330536697169e-17,5.174909403339271e-14,2.898320686887137e-17,2.912665950018642e-17,3.2681793017845454e-17,2.604367811140033e-17,2.6520836154695093e-17,2.91391433807101e-17,3.290712555928868e-17,5.178782859976245e-14,3.27246394635523e-17,2.9107444997035686e-17,2.9218875627109694e-17,3.265694612890016e-17,3.280647738181991e-17,2.9272185734339795e-17,-1.1401034247627182e-10,2.617581995705879e-17,2.6501968917238212e-17,3.2848926314348305e-17,2.915809992414623e-17,2.930557175228869e-17,3.2919116549485686e-17,2.9218875627109694e-17,5.174909413972988e-14,2.6368399504813273e-17,3.2730444902350894e-17,5.178782878060572e-14,-1.1401034244217262e-10,2.642230914669236e-17,-1.1401034250025855e-10,5.1787828809652514e-14,2.6395371602814074e-17,3.27328868145736e-17,3.288108736852005e-17,3.22313144524756e-17,2.9159306425828977e-17,2.915521092895024e-17,3.265780321688771e-17,5.178782879132302e-14,-1.1401034250025855e-10,2.6432359088979484e-17,2.6517218154115256e-17,2.617581995705879e-17,3.279821952345795e-17,2.617581995705879e-17,2.6374601832719365e-17,2.5991527796382783e-17,-1.1401034177831498e-10,2.90799115534111e-17,2.921959903242441e-17,2.878428809801253e-17,3.289951199317323e-17,2.6172069328040977e-17,2.6374601832719365e-17,3.2743305366978536e-17,2.922092578145465e-17,-1.1401033256280101e-10,-1.1401034247627182e-10,3.24160992372814e-17,-1.1401032789300852e-10,2.933619652051046e-17,3.265694612890016e-17,3.27246394635523e-17,2.641307445647477e-17,-1.1401033961400194e-10,2.8927689412593856e-17,2.8957744804811455e-17,3.267798517049745e-17,-1.1401034247687545e-10,5.174909425710611e-14,2.931834087042604e-17,3.2454069404471495e-17,2.9191420129932524e-17
-1.1860167336577448e-06,3.290320005469745e-17,2.930730958611711e-17,3.727083645437172e-17,5.302322299671802e-14,2.6181689328177184e-17,-1.3517678821963004e-06,2.942361493716378e-17,2.6105127911665513e-17,3.307357908050065e-17,2.6631041902312267e-17,2.921056410531126e-17,3.290320005469745e-17,3.2882283596420787e-17,3.30668042445763e-17,2.9567093413723836e-17,3.3052279643059076e-17,2.938850969186269e-17,3.290320005469745e-17,2.940585825963529e-17,5.807909259915411e-14,5.197957615765945e-14,2.666178437728434e-17,2.9635492161032173e-17,2.930730958611711e-17,2.666178437728434e-17,3.306135911933297e-17,2.921056410531126e-17,2.921056410531126e-17,3.290320005469745e-17,2.624103607218633e-17,2.6651427608660146e-17,2.927907381664855e-17,2.908509195887266e-17,2.6651427608660146e-17,3.289856497488996e-17,2.6631041902312267e-17,2.6662628419959557e-17,2.6749929604703902e-17,2.9450105956172124e-17,2.666178437728434e-17,-1.1479975103786534e-10,2.6911144834050055e-17,2.918648485658096e-17,3.2790683396390615e-17,2.641826460621354e-17,-2.291297967796275e-07,2.6368171227529048e-17,2.908509195887266e-17,2.930730958611711e-17,3.2887668017841015e-17,2.5970594952742283e-17,2.916106857977133e-17,2.933441484039104e-17,3.297702665918763e-17,2.6228277861385333e-17,2.6911144834050055e-17,2.9322226083041584e-17,3.314073650551554e-17,2.609866610746921e-17,3.2997513328604024e-17,2.921284848874032e-17,2.9450105956172124e-17,3.2997513328604024e-17,3.299888794738625e-17,2.9450105956172124e-17,-1.147997612930585e-10,5.2572857400655316e-14,2.6744555706099404e-17,3.3147882673757165e-17,2.938579025026562e-17,2.9450105956172124e-17,3.310182911036118e-17,2.9450105956172124e-17,2.6160726580637377e-17,2.6622597791294198e-17,3.30331737923274e-17,2.609866610746921e-17,-1.147997611039936e-10,2.6635710010486863e-17,-1.1479976113505091e-10,2.609866610746921e-17,2.64857111552991e-17,3.288297611875186e-17,3.312561577701439e-17,3.26428470791823e-17,2.954243029196073e-17,2.939817417518553e-17,3.290320005469745e-17,2.6171931590729624e-17,-1.147997611039936e-10,2.6731689376480944e-17,2.6807542483405004e-17,5.257285729687948e-14,3.3069108114115514e-17,5.2572857362670944e-14,2.6652387418097768e-17,5.242660236663006e-14,-1.1479976042106512e-10,2.921056410531126e-17,2.938217968881306e-17,2.888928336179479e-17,3.306135911933297e-17,5.257285732338337e-14,2.666178437728434e-17,3.2954364290745946e-17,2.959909281690704e-17,-1.1479975114647453e-10,-1.147997611039936e-10,3.258884173284859e-17,-1.1479974659278438e-10,2.9593735117342606e-17,3.2997513328604024e-17,3.2997513328604024e-17,2.6637591920833397e-17,-1.1479975831668895e-10,2.918648485658096e-17,2.9172487492282836e-17,3.291129812739713e-17,-1.147997611039936e-10,2.6160726580637377e-17,2.9652613058800786e-17,3.2748824433716456e-17,2.921284848874032e-17
-1.2135052607697286e-06,3.6905108495179825e-17,3.294355950056346e-17,4.189324186322345e-17,2.995584448638825e-17,2.927980047989912e-17,2.942361493716378e-17,-1.3517678728583786e-06,2.921862908456587e-17,3.697105306332808e-17,2.97401628701572e-17,3.272196415092632e-17,3.690923108082591e-17,3.692385454951164e-17,7.378656875705814e-14,3.305269145722791e-17,7.378656867457979e-14,3.2932719675734093e-17,3.690923108082591e-17,3.2843264957616215e-17,3.265392695150791e-17,2.938427304943543e-17,2.986976922587657e-17,3.2979509611636434e-17,3.2771407043774954e-17,2.978285872534398e-17,3.706699791540391e-17,3.272196415092632e-17,3.275102361787502e-17,3.690923108082591e-17,2.936756017724652e-17,2.967619254160431e-17,3.257708642326184e-17,3.2841008814185296e-17,2.967619254160431e-17,7.329192903294796e-14,2.968916955955516e-17,2.967619254160431e-17,3.0020204391694225e-17,3.32378181976693e-17,2.986976922587657e-17,-1.285722088093303e-10,2.9855931953433474e-17,3.2636320278882584e-17,3.6788893946099165e-17,2.9635621393143667e-17,-2.566183626750986e-07,2.9802196499352274e-17,3.2841008814185296e-17,3.288727121756182e-17,3.6924545761886866e-17,2.924501669624305e-17,3.266132520207223e-17,3.2838864817679585e-17,3.69648300347838e-17,2.9396522362510016e-17,2.9838115974808734e-17,3.296380777264184e-17,3.718877908532496e-17,2.9370509667749115e-17,3.702765018338757e-17,3.272196415092632e-17,3.32378181976693e-17,3.69860285859048e-17,3.7015979686359065e-17,3.32378181976693e-17,-1.2857222004764443e-10,2.9510597457141934e-17,2.992554477710513e-17,3.7015979686359065e-17,3.293044171919702e-17,3.32378181976693e-17,3.7028236036092666e-17,3.297782830802241e-17,2.924501669624305e-17,2.967092369214559e-17,3.6879021688694244e-17,2.928922770825202e-17,-1.285722200487197e-10,2.9897385043940266e-17,-1.285722200487197e-10,2.9370509667749115e-17,2.969983289896165e-17,3.698473623743404e-17,3.703412299848936e-17,3.6383998097760775e-17,3.282902949976405e-17,3.2843264957616215e-17,3.690923108082591e-17,2.928922770825202e-17,-1.2857222004871974e-10,2.9747623803062186e-17,2.994112777081589e-17,2.9510597457141934e-17,3.699093240171533e-17,2.9510597457141934e-17,2.986976922587657e-17,2.9371852725671186e-17,-1.2857221922970935e-10,3.272196415092632e-17,3.2937445748034e-17,6.459858278628457e-14,3.6957388235868437e-17,2.9510597457141934e-17,2.978285872534398e-17,3.6924545761886866e-17,3.29377603458335e-17,-2.566183923526842e-07,-1.285722200487197e-10,3.666332359987872e-17,-1.2857220386788543e-10,3.30992241942217e-17,3.69860285859048e-17,3.6950246120929956e-17,2.970812808130807e-17,-1.2857221674414788e-10,3.2636320278882584e-17,3.271793674228028e-17,3.689023615680095e-17,-1.285722200388577e-10,2.9290496667487237e-17,3.297745044908845e-17,3.671822094494785e-17,3.275102361787502e-17
-1.1844411282843514e-06,3.265780321688771e-17,2.915946377732007e-17,3.69723122142633e-17,2.6359498516864694e-17,5.1787828744004506e-14,2.6105127911665513e-17,2.921862908456587e-17,-1.3517678832062949e-06,3.281606697913095e-17,2.6368399504813273e-17,2.908071742782367e-17,3.260946749582499e-17,3.2720887074498694e-17,3.273438561671124e-17,2.9294409109430684e-17,3.2813450227150826e-17,2.9177160508289736e-17,3.260946749582499e-17,2.917701031978181e-17,2.886933819807243e-17,2.5879259158075748e-17,2.6550629730498813e-17,2.9432249653565065e-17,2.915946377732007e-17,2.6550629730498813e-17,3.2813812876827867e-17,2.918060271905429e-17,2.9191420129932524e-17,3.25647415894293e-17,2.5991908743645367e-17,2.6332674403210473e-17,2.8988701261449333e-17,2.909257899304026e-17,2.6332674403210473e-17,3.24429171804356e-17,2.6480711687312878e-17,2.6413179316458818e-17,2.652854990135778e-17,2.9218875627109694e-17,2.6550629730498813e-17,-1.1401033245840283e-10,2.65419531768887e-17,2.8927689412593856e-17,3.2539087613629866e-17,2.6163153550161178e-17,-2.2755418903034117e-07,2.6257742706459225e-17,2.908192414293324e-17,2.9138555638219076e-17,3.2721886309472973e-17,5.174909402351154e-14,2.898320686887137e-17,2.912609192873712e-17,3.2681793017845454e-17,2.604367811140033e-17,2.6520836154695093e-17,2.917528562586141e-17,3.290712555928868e-17,5.17878285898664e-14,3.2740010567107527e-17,2.9107444997035686e-17,2.930557175228869e-17,3.265694612890016e-17,3.2848926314348305e-17,2.9218875627109694e-17,-1.1401034243381492e-10,2.617581995705879e-17,2.6486681245358493e-17,3.2848926314348305e-17,2.915809992414623e-17,2.930557175228869e-17,3.2919116549485686e-17,2.9272185734339795e-17,5.17490941298487e-14,2.6480749263026965e-17,3.2730444902350894e-17,5.178782877070969e-14,-1.1401034245759253e-10,2.6363458151847733e-17,-1.1401034243381492e-10,5.178782879975645e-14,2.6359673487586118e-17,3.2735071040159896e-17,3.288108736852005e-17,3.2209900327104407e-17,2.916927949628338e-17,2.915521092895024e-17,3.266859306265269e-17,5.1787828781427014e-14,-1.1401034243381492e-10,2.6478958541636117e-17,2.6486681245358493e-17,2.617581995705879e-17,3.272582241162027e-17,2.617581995705879e-17,2.6374601832719365e-17,2.6123383861743427e-17,-1.1401034182804093e-10,2.9191420129932524e-17,2.911559862905436e-17,2.8754504994068075e-17,3.289951199317323e-17,2.617581995705879e-17,2.6374601832719365e-17,3.274330536697169e-17,2.936871043706903e-17,-1.1401033248292006e-10,-1.1401034243381492e-10,3.241609923728145e-17,-1.140103278346257e-10,2.9429611196385094e-17,3.2740010567107527e-17,3.27246394635523e-17,2.6462106261405893e-17,-1.1401033957685905e-10,2.8927689412593856e-17,2.898320686887137e-17,3.256154437117693e-17,-1.1401034243381492e-10,5.1749094247224974e-14,2.931834087042604e-17,3.252234770198594e-17,2.9191420129932524e-17
-1.2444443353046723e-06,4.13974527059654e-17,3.6874008503830816e-17,4.701219641300645e-17,3.3214986453135255e-17,3.2772053219495054e-17,3.307357908050065e-17,3.697105306332808e-17,3.281606697913095e-17,-1.3517678531490118e-06,3.330222472500837e-17,3.665049305513514e-17,4.128709474926177e-17,4.143578546893224e-17,4.1476721897849556e-17,3.719860116795112e-17,4.1476721897849556e-17,3.694795066783544e-17,4.1249207949562036e-17,3.6954358801218556e-17,3.6566711843318196e-17,3.2601514863117614e-17,3.352065700713224e-17,3.7060789442446576e-17,3.6874008503830816e-17,3.3467391182404e-17,4.1533901578000205e-17,3.6650776722331087e-17,3.6650776722331087e-17,4.1249207949562036e-17,3.281133120504373e-17,3.333126321772387e-17,3.667071606828843e-17,3.665525312784265e-17,3.333126321772387e-17,4.1161965383542327e-17,3.325940439140921e-17,3.328200131340196e-17,3.3503393287672186e-17,3.6988427782578596e-17,3.361651091558494e-17,-2.87557519257745e-07,3.337510531179924e-17,3.66348783648623e-17,4.116612517676834e-17,3.309452744205462e-17,-2.875574859348903e-07,3.317996484970246e-17,3.6716111761704184e-17,3.685141364494501e-17,4.138782547837202e-17,3.271710328805215e-17,3.668486879857904e-17,3.6708745948643425e-17,4.1340814753962054e-17,3.2843244180087806e-17,3.337506390617026e-17,7.369883703264076e-14,4.186373465283827e-17,3.2886413407577404e-17,4.139071430269746e-17,3.6650776722331087e-17,3.6988427782578596e-17,4.139071430269746e-17,4.1513833650219815e-17,3.6988427782578596e-17,-1.440734950337573e-10,3.293179339703728e-17,3.34399569576636e-17,4.15339657539431e-17,3.682124611665526e-17,3.6988427782578596e-17,4.171754403735263e-17,3.6988427782578596e-17,3.271710328805215e-17,3.334094684786832e-17,4.150526899984659e-17,3.2886413407577404e-17,-1.4407349493598786e-10,3.3251887796051575e-17,-1.4407349502915983e-10,3.2886413407577404e-17,3.3187543593958846e-17,4.150423317585851e-17,8.30030767325446e-14,4.088684298997201e-17,7.372263522950834e-14,3.694795066783544e-17,4.13974527059654e-17,3.2723755941262596e-17,-1.4407349502915983e-10,3.3401506179129277e-17,3.346536117793574e-17,3.2860846079207e-17,8.280597184443341e-14,3.293179339703728e-17,3.352065700713224e-17,3.29215371894834e-17,-1.4407349398518048e-10,3.6728536332450564e-17,7.364097425870838e-14,3.625501073746064e-17,4.1422994108913624e-17,3.293179339703728e-17,3.352065700713224e-17,4.138782547837202e-17,3.6942375818297305e-17,-1.4407348265447596e-10,-1.4407349502915983e-10,4.095876322087333e-17,-2.875575079676278e-07,3.7322926333796804e-17,4.139071430269746e-17,4.131931545282762e-17,3.333126321772387e-17,-1.4407349144513115e-10,3.66348783648623e-17,3.6760641504591613e-17,8.254227796984711e-14,-1.4407349502915983e-10,3.2702644284715743e-17,3.719860116795112e-17,4.120145259723103e-17,3.665049305513514e-17
-1.1879687253468063e-06,3.3137186100074664e-17,2.9686672358923305e-17,3.7684544302762236e-17,2.676375602085131e-17,2.6368399504813273e-17,2.6631041902312267e-17,2.97401628701572e-17,2.6368399504813273e-17,3.330222472500837e-17,-1.351767882309224e-06,2.943893470914882e-17,3.313415288649975e-17,3.3215105965329004e-17,3.325337353746153e-17,2.982090440446589e-17,3.325337353746153e-17,2.966076582448273e-17,3.3070596753247335e-17,2.966076582448273e-17,2.927738708347857e-17,2.624487245017845e-17,2.6847055800741913e-17,2.9774654384135584e-17,2.955595153540412e-17,2.689271250107417e-17,3.3263518747715605e-17,2.9496617862579334e-17,2.950660044231052e-17,3.3070596753247335e-17,2.659554121048781e-17,2.6779813658592025e-17,2.956016108042191e-17,2.952720695574272e-17,2.6779813658592025e-17,3.312429266655384e-17,5.3426571898016546e-14,2.6779813658592025e-17,5.382216421444423e-14,2.975385899360417e-17,2.689271250107417e-17,-1.1577774661608659e-10,2.683537968769842e-17,5.873037398375144e-14,3.306654281328284e-17,2.6554037376498764e-17,-2.3108178664158304e-07,2.677327237920858e-17,2.952720695574272e-17,2.965438691159914e-17,3.3276381856490124e-17,2.635060182268126e-17,2.958904029199509e-17,2.959086928466166e-17,3.318039524332908e-17,2.64864952392908e-17,2.6793150524390218e-17,2.965156802707291e-17,3.3437320789928767e-17,2.6368399504813273e-17,3.311512512369206e-17,2.9496617862579334e-17,2.975385899360417e-17,3.311512512369206e-17,3.332336609420124e-17,2.975385899360417e-17,-1.1577775676315379e-10,2.6515630368196586e-17,2.6987363797291283e-17,3.3271768660841984e-17,2.9649977696178666e-17,2.9743721971000285e-17,3.3409063134541925e-17,2.980333747732019e-17,2.635060182268126e-17,5.3426572088809164e-14,3.309047479920476e-17,2.6368399504813273e-17,-1.1577775676315379e-10,2.681536576583875e-17,-1.1577775678186171e-10,2.6368399504813273e-17,2.6683193761512634e-17,3.32314083848732e-17,3.349830681888575e-17,6.54209879063622e-14,2.9784234454047335e-17,2.966076582448273e-17,3.3070596753247335e-17,2.6480711687312878e-17,-1.1577775678186171e-10,2.6869837124881532e-17,2.6987363797291283e-17,2.6515630368196586e-17,3.329764958053577e-17,2.6515630368196586e-17,2.689271250107417e-17,2.6562761266789206e-17,-1.1577775594139005e-10,2.950660044231052e-17,2.966181618362629e-17,2.9220145586563925e-17,3.3379847407404397e-17,2.6515630368196586e-17,2.689271250107417e-17,3.3276381856490124e-17,2.974254128806864e-17,-1.1577774672491832e-10,-1.1577775678186171e-10,3.2997053300276956e-17,-1.1577774201027007e-10,2.9885215643312243e-17,3.311512512369206e-17,3.311512512369206e-17,2.6795267694457237e-17,-1.1577775388199683e-10,5.873037392655458e-14,2.945861600533244e-17,3.3176627426943124e-17,-1.1577775676315379e-10,2.635060182268126e-17,2.9632112295836637e-17,3.307852155207954e-17,2.950660044231052e-17
-1.2117637883055006e-06,3.6567441282502056e-17,3.2688710950665915e-17,4.1580184602740686e-17,2.9505432598883043e-17,2.9191420129932524e-17,2.921056410531126e-17,3.272196415092632e-17,2.908071742782367e-17,3.665049305513514e-17,2.943893470914882e-17,-1.3517678710788564e-06,3.655577955160263e-17,3.660878900503211e-17,3.663555464845287e-17,3.2743060867422177e-17,3.660549812466528e-17,3.2617962150331214e-17,3.6661501290187966e-17,3.2617962150331214e-17,3.229089840558762e-17,2.905993455891874e-17,2.9619488052704745e-17,3.2866097687321134e-17,3.266142490624231e-17,2.9619488052704745e-17,3.664785759321329e-17,6.498722095478727e-14,6.498722112351196e-14,3.6614076714205364e-17,2.9150059375379403e-17,2.967848098430037e-17,3.2406643002178566e-17,3.252026742945417e-17,2.9520664656371685e-17,3.6328815539759814e-17,2.950660044231052e-17,2.967503935065575e-17,2.964880406130315e-17,3.282926409173375e-17,2.9619488052704745e-17,-1.2769968630301326e-10,2.969101149866322e-17,3.24599312936846e-17,3.649241374537183e-17,2.932545599772459e-17,-2.5487688679816163e-07,2.9523286264490484e-17,3.2628435508343025e-17,3.2688710950665915e-17,3.658284260030636e-17,2.8977414118174045e-17,3.24448601703351e-17,3.2547609295659525e-17,3.6767707433620545e-17,2.907979272935277e-17,2.97130358554309e-17,3.266237248275346e-17,3.685068408456115e-17,2.9107444997035686e-17,3.666050163483123e-17,6.498722112402704e-14,3.2837771749231846e-17,3.6608939391882743e-17,3.659907076382937e-17,3.281107319557371e-17,-1.2769969735409695e-10,2.9407206025378696e-17,2.9806689079731553e-17,3.659907076382937e-17,3.258734962283966e-17,3.281107319557371e-17,3.679409262454696e-17,3.281107319557371e-17,2.8977414118174045e-17,2.950660044231052e-17,3.682424888398248e-17,2.90799115534111e-17,-1.2769969737735802e-10,2.946909010919909e-17,-1.2769969735409695e-10,2.90799115534111e-17,2.9426162265576453e-17,3.661991557999778e-17,3.6908286889869515e-17,3.6070900497724606e-17,3.280249836866857e-17,3.2617962150331214e-17,3.6614076714205364e-17,2.90799115534111e-17,-1.2769969735409695e-10,2.956852311028532e-17,2.9806689079731553e-17,2.9407206025378696e-17,3.678624217936447e-17,2.932046260643822e-17,2.963958980392909e-17,2.913511756019187e-17,-1.2769969657652324e-10,6.498722114268299e-14,3.2677124560711855e-17,6.414509243922634e-14,3.664785759321329e-17,2.932046260643822e-17,2.963958980392909e-17,3.658284260030636e-17,3.27591067278901e-17,-2.5487691671039266e-07,-1.2769969735409695e-10,3.629505749436164e-17,-1.276996812319691e-10,3.286235314440784e-17,3.6647347860203095e-17,3.671309336258862e-17,2.9537416020020876e-17,-1.2769969426316547e-10,3.24185904772276e-17,3.24448601703351e-17,3.6607852593860387e-17,-1.2769969735409695e-10,2.8977414118174045e-17,3.277854325261085e-17,3.6380596433967506e-17,6.498722105294565e-14
-1.243318292108102e-06,8.20707201642392e-14,3.678598823583643e-17,4.667021058051263e-17,3.3269493894342e-17,3.25647415894293e-17,3.290320005469745e-17,3.690923108082591e-17,3.260946749582499e-17,4.128709474926177e-17,3.313415288649975e-17,3.655577955160263e-17,-1.3517678516185626e-06,4.109527929450149e-17,4.125682459474883e-17,3.6786471125371714e-17,4.118924338487839e-17,3.649980066659565e-17,8.207072024679692e-14,3.658493203930873e-17,3.635398909884983e-17,3.252204962634968e-17,3.335543944106214e-17,3.691356345042239e-17,3.6752252100257587e-17,3.3377972268501176e-17,4.142697778095806e-17,3.6614076714205364e-17,3.655577955160263e-17,8.207072022153358e-14,3.2833829665311114e-17,3.3238080520634694e-17,3.654806956245202e-17,3.6582784598532334e-17,3.322037053648738e-17,4.1026709839603345e-17,3.31750772218942e-17,3.322037053648738e-17,3.349700119584711e-17,3.684158232334457e-17,3.3377972268501176e-17,-2.8643147346696667e-07,3.321458185103538e-17,3.644708721035105e-17,4.095478214213175e-17,3.289471339049652e-17,-2.864314399792879e-07,3.294620713574996e-17,3.654361040873422e-17,3.675225210025758e-17,4.12194892787839e-17,3.270985527263737e-17,3.6507330082508645e-17,3.6582890897791193e-17,8.231389887615975e-14,3.274838726959753e-17,3.31371883736049e-17,3.6695375316921317e-17,4.1414921793918693e-17,3.265780321688771e-17,4.1293322664714257e-17,3.6567770709240554e-17,3.6922761340375856e-17,4.1203298412045906e-17,4.132070204787337e-17,3.684158232334457e-17,-1.4350931794502936e-10,3.282644146301715e-17,3.340000865787502e-17,4.136330382538864e-17,3.6718626679302113e-17,3.6922761340375856e-17,4.1404752868864814e-17,3.684158232334457e-17,3.26741763817115e-17,3.3070596753247335e-17,8.230217210003379e-14,3.265780321688771e-17,-1.4350931794502936e-10,3.328089419570592e-17,-1.4350931794502936e-10,3.25647415894293e-17,3.296479497904076e-17,4.1214646427565795e-17,4.1395223134264415e-17,4.0703077950576396e-17,3.6757741851368326e-17,3.6578513679330516e-17,8.207072018929965e-14,3.265780321688771e-17,-1.4350931793287518e-10,3.3290858882432977e-17,3.3452675794750256e-17,3.282644146301715e-17,4.140592237600758e-17,3.2838143958461267e-17,3.342672064235321e-17,3.273733443288101e-17,-1.4350931715851982e-10,3.6547691305626656e-17,3.6675118942298906e-17,3.6144163028124266e-17,4.147002180512936e-17,3.2862439917841484e-17,3.332185110767316e-17,4.1282247321741814e-17,3.678492095177271e-17,-1.435093055812213e-10,-1.4350931794502936e-10,4.084607392586486e-17,-2.864314621118799e-07,3.695231295947123e-17,4.122354514246502e-17,4.122354514246502e-17,3.319475979396981e-17,-1.4350931443494065e-10,3.640238919484769e-17,3.6507330082508645e-17,4.1218295088925424e-17,-1.4350931809684453e-10,3.26741763817115e-17,3.6786471125371714e-17,4.0957296483641154e-17,3.6547691305626656e-17
-1.2438944334543892e-06,4.1204929658220327e-17,3.6763691888719856e-17,4.6728713398250726e-17,3.3203156949014345e-17,3.27490839236819e-17,3.2882283596420787e-17,3.692385454951164e-17,3.2720887074498694e-17,4.143578546893224e-17,3.3215105965329004e-17,3.660878900503211e-17,4.109527929450149e-17,-1.3517678519094314e-06,4.1337230873082515e-17,3.700257327231924e-17,4.126187448561789e-17,3.6767846576848995e-17,4.112073934989681e-17,3.681670537943815e-17,3.6558023483999007e-17,3.260349010330567e-17,3.3395333014375835e-17,3.709048850218912e-17,3.66248165609595e-17,3.3395333014375835e-17,8.277825702491119e-14,3.666793680254881e-17,3.6531511948304583e-17,4.1193317695122154e-17,3.281850048432682e-17,3.3284224701996927e-17,3.6587086289286014e-17,3.680171671622216e-17,3.319112705632797e-17,4.110621872276779e-17,3.321510977323638e-17,3.324572374670314e-17,3.3323935085186456e-17,3.6996160837143074e-17,3.339529966262221e-17,-2.8700761831487996e-07,3.326492021449473e-17,3.6485572326912077e-17,8.206126829468351e-14,3.29186485544912e-17,-2.8700758485766617e-07,3.299249279055127e-17,3.6669467388567854e-17,3.6763691888719856e-17,8.243013895684096e-14,3.262761648657637e-17,3.657992110354015e-17,3.679530341146714e-17,4.142072960313359e-17,3.2909741359541187e-17,3.3341360173248496e-17,3.6739579226620535e-17,8.295815628829047e-14,3.2735796930385624e-17,4.128824035018296e-17,3.667116017118515e-17,3.699715399238363e-17,4.1288255795679253e-17,4.144848361974485e-17,3.6931843236714775e-17,-1.437979809928585e-10,3.302826409113764e-17,3.34521975074121e-17,4.144848361974485e-17,3.6637959156742396e-17,3.699715399238363e-17,8.289471451874012e-14,3.699715399238363e-17,3.2627396325370446e-17,3.321510977323638e-17,4.1425457087224156e-17,3.2720887074498694e-17,-1.437979809928585e-10,3.333181518068646e-17,-1.4379798099239322e-10,3.2720887074498694e-17,3.309972478780524e-17,4.1324630814025103e-17,4.130979831856928e-17,4.070667626512128e-17,3.69008498250889e-17,3.681670537943815e-17,4.112073934989681e-17,3.2720887074498694e-17,-1.437979809928585e-10,3.3281844715622425e-17,3.34521975074121e-17,3.302826409113764e-17,4.142529802126309e-17,3.2974542276698103e-17,3.3395333014375835e-17,3.2824046131544155e-17,-1.4379798000255214e-10,3.666793680254881e-17,3.694809551016672e-17,3.615003092239073e-17,8.277825727201281e-14,3.302826409113764e-17,3.339529966262221e-17,8.243013877443996e-14,3.7066506208337184e-17,-1.4379796857399123e-10,-1.437979809928585e-10,4.0929418957662056e-17,-2.870076069731194e-07,3.7194675750248e-17,4.1288255795679253e-17,4.126819764891992e-17,3.327527322986382e-17,-1.4379797744148718e-10,3.651189339497037e-17,3.6600955968902913e-17,4.133392903921079e-17,-1.437979809928585e-10,3.2597935136780695e-17,3.7002573272322137e-17,8.191446220222984e-14,3.666793680254881e-17
