1.0000000051402245,1.0000023151290696,1.6159129072459968e-06,1.5421833144267151e-06,1.5308141734503296e-06,1.0000040674053736,1.5308141734919731e-06,1.0000024205531541,1.5415479361319722e-06,1.0000023389346937,1.000002097505892,1.5353480586216616e-06,1.5353480586544215e-06,1.8061785758555556e-06,1.5308141724330608e-06,1.6159129089757823e-06,1.7331343107879635e-06,1.5428020546001297e-06,1.0000024205531532,1.5415479365197847e-06,1.0000043266444467,1.000002338934692,1.5431620958227739e-06,1.0000040674053763,1.5308141720408308e-06,1.5308141729149751e-06,1.0000011642910023,1.5415479361279657e-06,1.0000112861350037,1.5308141723248248e-06,1.5308141718994066e-06,1.0000020975058914,1.000004067405375,1.8081515021443314e-06,1.5421833151643002e-06,1.7584430903773924e-06,1.5308141720605865e-06,1.5421833149073189e-06,1.0000024205531544,1.0000020975058936,1.5353480592217493e-06,1.0000175718077966,1.535348059358247e-06,1.0000021860285095,1.5308141720893941e-06,1.0000043266444458,1.0000043266444456,1.542589794826969e-06,1.535348058607354e-06,1.5353480599517532e-06,1.5353480571042548e-06,1.0000020975058936,1.5308141725486e-06,1.8081515023680044e-06,1.5353480585714914e-06,1.535348056902305e-06,1.5308141720675644e-06,1.9192050522795923e-06,1.5308141717548873e-06,1.5415479367242039e-06,1.5428020542861105e-06,1.5308141734504086e-06,1.5308141726513565e-06,1.8061785754961867e-06,1.5308141734702105e-06,1.0000020975058945,1.000002338934692,1.5308141717598426e-06,1.0000020975058908,1.0000026935130197,1.5421833164241353e-06,1.5353480592141247e-06,1.1946703321941096e-05,1.0000040674053745,1.530814172035561e-06,1.0000114111216913
1.0000023151290696,1.0000007788066259,1.9859299813008063e-07,6.266408260752058e-11,5.695496531404404e-11,1.0000008345773366,5.695496536223004e-11,0.9999991877169037,6.233398364693643e-11,0.9999991060982394,0.9999988646695108,5.92281954297205e-11,5.922819540302535e-11,3.888254505306586e-07,5.695496533633624e-11,1.9859299884369228e-07,3.15827235053702e-07,6.296134950686022e-11,0.9999991877169035,6.233398477994066e-11,1.0000010938173884,0.9999991060982372,6.314369157541516e-11,1.0000008345773383,5.6954965089534855e-11,5.695496533982883e-11,0.9999979314605059,6.233398408274412e-11,1.0000080533217515,5.6954965354678637e-11,5.695496519901069e-11,0.9999988646695108,1.000000834577338,3.9079805427157254e-07,6.266408337890841e-11,1.7117823344429117e-10,5.6954964886165955e-11,6.266408349759823e-11,0.9999991877169034,0.9999988646695134,5.922819541187737e-11,1.0000143389413494,5.922819538616881e-11,0.9999989531938445,5.6954964900499134e-11,1.0000010938173876,1.0000010938173889,6.28648454796818e-11,5.922819552115385e-11,5.92281957251972e-11,5.92281948858443e-11,0.9999988646695134,5.695496523165049e-11,3.907980544165491e-07,5.922819551068725e-11,5.922819466950713e-11,5.6954964898419866e-11,5.018027189035569e-07,5.6954964943411086e-11,6.233398485019734e-11,6.296134954193096e-11,5.695496526191674e-11,5.6954965357285994e-11,3.888254504746748e-07,5.6954965466488595e-11,0.9999988646695126,0.9999991060982378,5.695496514075322e-11,0.9999988646695104,0.9999994606753553,6.266408347895e-11,5.922819533363359e-11,1.0529434324588425e-05,1.000000834577338,5.695496485513699e-11,1.000008178244137
1.6159129072459968e-06,1.9859299813008063e-07,1.6964965718679012e-06,-2.0747001707258404e-14,-1.2665890597759512e-15,9.965579716955648e-11,-1.2665949737000892e-15,9.965766090497677e-11,-1.147342856683026e-14,9.965779218658016e-11,1.9859219762252338e-07,2.2065698035789874e-16,2.2057612211004398e-16,-2.7345733042033985e-16,-1.2666107132337968e-15,-1.737965093259539e-11,2.6161548801676308e-14,5.706255965065292e-14,9.965766089946886e-11,-1.1473416446212683e-14,9.965628848114285e-11,9.965779219189013e-11,4.7323809514067705e-14,9.965579720180228e-11,-1.2665949737000892e-15,-1.2666132530541427e-15,1.985892687255582e-07,-1.147342856683026e-14,9.962311342183954e-11,-1.2666058820864009e-15,-1.2666176417056637e-15,1.9859219762252367e-07,9.965579717296268e-11,-1.725650007865517e-16,-2.0746964899948472e-14,-4.179587399032007e-15,-1.2665949737000892e-15,-2.0747093526413947e-14,9.96576608974888e-11,1.9859219762252423e-07,2.205868892735381e-16,9.965514801887985e-11,2.205906343700124e-16,1.9857568656176622e-07,-1.2666132530541427e-15,9.965628850063066e-11,9.965628847006906e-11,-7.80287543218485e-15,2.2068577345277776e-16,2.205906343700124e-16,2.205906343700124e-16,1.985921976225241e-07,-1.2665949737000892e-15,-1.725650007865517e-16,2.2064794308895112e-16,2.205906343700124e-16,-1.2665949737000892e-15,6.1506759589277e-14,-1.2666132533018693e-15,-1.147342856683026e-14,5.706251766944672e-14,-1.2665949737000892e-15,-1.2666132533018693e-15,-2.733846226515165e-16,-1.2666058820864009e-15,1.985921976225238e-07,9.96577921879895e-11,-1.2666058820864009e-15,1.985921976225235e-07,9.965157191932982e-11,-2.074699989767676e-14,2.205906343700124e-16,-5.528019493991965e-14,9.965579720180228e-11,-1.2666107669606402e-15,9.968464234709838e-11
1.5421833144267151e-06,6.266408260752058e-11,-2.0747001707258404e-14,1.6964125656696237e-06,-6.273292276809653e-15,6.264993608959665e-11,-6.273281559685357e-15,6.266228481878471e-11,-2.8207056160976254e-14,6.266271279310516e-11,6.2663476162033e-11,-5.608921700560269e-16,-5.608337972693171e-16,2.0441231903659884e-14,-6.2732520619546225e-15,-2.0747093526413947e-14,4.513245784209585e-14,1.3829789088342043e-13,6.266228482109315e-11,-2.820715360043008e-14,6.265001584747442e-11,6.266271279477735e-11,1.1428065997042607e-13,6.264993606615281e-11,-6.273277000093824e-15,-6.273291672574748e-15,1.248599062487272e-07,-2.82070328538257e-14,6.255773526328854e-11,-6.2732520619546225e-15,-6.273277000093824e-15,6.266347616516748e-11,6.264993611241908e-11,2.112311903298967e-14,-5.0893102476257904e-14,-4.293063485646868e-15,-6.273281559685357e-15,-1.0139796217679638e-10,6.266228482059033e-11,6.266347616640002e-11,-5.608921700560273e-16,6.265508706885681e-11,-5.608691213284097e-16,6.264335351839914e-11,-6.273269841348853e-15,6.265001584747442e-11,6.265001580986889e-11,-1.9046580204500144e-14,-5.608921700560269e-16,-5.608921700560269e-16,-5.608921700560273e-16,6.266347615808506e-11,-6.273285093141038e-15,2.112311903298967e-14,-5.608921700560269e-16,-5.608691213284097e-16,-6.273265545059297e-15,1.8862897159232174e-13,-6.273285093141038e-15,-2.82070328538257e-14,1.3829789088342043e-13,-6.273285093141038e-15,-6.273277000093824e-15,2.0441231903659884e-14,-6.273307608553847e-15,6.266347615808506e-11,6.266271279514314e-11,-6.273307608553847e-15,6.266347615808506e-11,6.264961522347764e-11,-5.089322096741273e-14,-5.608691213284097e-16,-1.812586854417883e-13,6.264993610040626e-11,-6.273277000105768e-15,6.273625778824002e-11
1.5308141734503296e-06,5.695496531404404e-11,-1.2665890597759512e-15,-6.273292276809653e-15,1.6965061691943477e-06,5.694630585381846e-11,-7.780475120731719e-12,5.6954949379037087e-11,7.131959625692754e-15,5.695518267717414e-11,5.6955369783260345e-11,-1.0729062093615936e-15,-1.0728481335049605e-15,2.3474882877748646e-14,-7.780475120730706e-12,-1.266591768406965e-15,-1.7128455718087444e-14,3.040062072038811e-15,5.69549493491992e-11,7.132000088559488e-15,5.69450946865572e-11,5.6955182665025115e-11,1.7808059420394127e-15,5.6946305850990354e-11,-7.780475120807622e-12,-7.780475120741635e-12,1.1349079431257301e-07,7.131986365100693e-15,5.692916475419753e-11,-7.780475120725413e-12,-7.780475120770096e-12,5.695536977164407e-11,5.694630585405387e-11,2.3768790879586245e-14,-6.273281559685357e-15,5.9330331795006845e-15,-7.780475120874527e-12,-6.273307608553847e-15,5.695494935055329e-11,5.6955369754375915e-11,-1.0728481335049605e-15,5.695701275148379e-11,-1.0728765918207898e-15,5.6954980190195435e-11,-7.780475120861073e-12,5.694509469134854e-11,5.69450946865572e-11,-3.3504987409389907e-15,-1.0729062093615924e-15,-1.0728806174981042e-15,-1.0728481335049605e-15,5.695536977361656e-11,-7.780475120776374e-12,2.3768804789922482e-14,-1.0728481335049605e-15,-1.0728765918207898e-15,-7.780475120881195e-12,5.230155264623204e-14,-7.780475120869204e-12,7.131993334245827e-15,3.0400413165899663e-15,-7.780475120760822e-12,-7.780475120736966e-12,2.347486373944016e-14,-7.780475120718773e-12,5.6955369783260345e-11,5.695518267717414e-11,-7.780475120791114e-12,5.695536977164407e-11,5.695660893816701e-11,-6.273277000093824e-15,-1.0728481335049605e-15,-5.773678006035776e-14,5.694630584098918e-11,-7.780475120874873e-12,5.697020715331915e-11
1.0000040674053736,1.0000008345773366,9.965579716955648e-11,6.264993608959665e-11,5.694630585381846e-11,1.000004283339814,5.694630587790702e-11,1.0000009400015373,6.235087591268625e-11,1.000000858383809,1.0000006169555908,5.922589337667007e-11,5.922589334262617e-11,1.9517426886944214e-10,5.694630586736087e-11,9.965579752003602e-11,1.5845120391458303e-10,6.29676950972921e-11,1.0000009400015364,6.235087705398606e-11,1.0000028460609607,1.0000008583838078,6.31472891887243e-11,1.0000025868259377,5.6946305634555536e-11,5.694630584747566e-11,0.9999996837314297,6.235087631579344e-11,1.000009805504949,5.694630588988941e-11,5.694630574283102e-11,1.000000616955592,1.0000025868259381,1.9616480591336148e-10,6.264993685773518e-11,3.411397722520568e-07,5.6946305426644154e-11,6.264993701025799e-11,1.000000940001537,1.0000006169555937,5.922589337023371e-11,1.0000160912578593,5.922589334533136e-11,1.0000007054784925,5.6946305423924307e-11,1.0000028460609602,1.0000028460609605,6.285726600978184e-11,5.922589346962099e-11,5.922589365692562e-11,5.92258928205279e-11,1.0000006169555935,5.6946305758288055e-11,1.961648059789295e-10,5.922589345560048e-11,5.922589261490581e-11,5.694630541325563e-11,5.020361151265928e-07,5.694630547862238e-11,6.235087714301479e-11,6.296769505715583e-11,5.694630579044481e-11,5.6946305886886717e-11,1.9517426885416711e-10,5.694630596556281e-11,1.0000006169555926,1.0000008583838076,5.6946305676849345e-11,1.0000006169555906,1.0000012129678302,6.264993700104643e-11,5.92258932864569e-11,1.0529192998180073e-05,1.0000025868259377,5.6946305394947356e-11,1.0000099306100518
1.5308141734919731e-06,5.695496536223004e-11,-1.2665949737000892e-15,-6.273281559685357e-15,-7.780475120731719e-12,5.694630587790702e-11,1.6965061691943477e-06,5.6954949415852246e-11,7.132010304441703e-15,5.6955182750869415e-11,5.6955369824747136e-11,-1.0729062093615924e-15,-1.0728633246981355e-15,2.3474882877748646e-14,-7.780475120716749e-12,-1.2665949737000892e-15,-1.7128458563113872e-14,3.0400379873214216e-15,5.6954949431499544e-11,7.131993334245827e-15,5.694509475751385e-11,5.6955182706012166e-11,1.7808059420394127e-15,5.694630589043422e-11,-7.780475120793664e-12,-7.780475120727678e-12,1.1349079441272403e-07,7.131993334245827e-15,5.6929164824971665e-11,-7.780475120711438e-12,-7.78047512075614e-12,5.695536981447672e-11,5.6946305899361415e-11,2.3768809856149654e-14,-6.273277000105768e-15,5.933027552778738e-15,-7.7804751208606e-12,-6.273281559685357e-15,5.6954949418858576e-11,5.69553698147812e-11,-1.0729062093615936e-15,5.695701280866421e-11,-1.0728483405432226e-15,5.69549802432017e-11,-7.780475120847135e-12,5.6945094736765273e-11,5.6945094757990864e-11,-3.3505053041735607e-15,-1.0729062093615924e-15,-1.0729062093615936e-15,-1.0729062093615924e-15,5.69553698147812e-11,-7.780475120762413e-12,2.3768801891585275e-14,-1.0729062093615936e-15,-1.0729062093615936e-15,-7.78047512086724e-12,5.230155264623204e-14,-7.780475120855239e-12,7.132000088559488e-15,3.0400602227649053e-15,-7.780475120746873e-12,-7.780475120723008e-12,2.3474882877748646e-14,-7.780475120704811e-12,5.6955369821313244e-11,5.695518271221274e-11,-7.780475120777177e-12,5.6955369829409145e-11,5.695660901271664e-11,-6.273281559685357e-15,-1.0728483405432226e-15,-5.773678283266424e-14,5.6946305888556284e-11,-7.780475120860924e-12,5.697020719743769e-11
1.0000024205531541,0.9999991877169037,9.965766090497677e-11,6.266228481878471e-11,5.6954949379037087e-11,1.0000009400015373,5.6954949415852246e-11,1.000000989654809,6.233150070398208e-11,0.9999992115222508,0.9999989700935125,5.922824093000735e-11,5.922824091240061e-11,3.8882429110296994e-07,5.695494937196755e-11,9.965766125722582e-11,3.158339290261801e-07,6.296810210641576e-11,0.9999992931409307,6.233150181960109e-11,1.0000011992418025,0.9999992115222494,6.31493437299784e-11,1.000000940001539,5.6954949148003306e-11,5.695494937497611e-11,0.9999980368842674,6.233150112704392e-11,1.0000081587402498,5.6954949385489477e-11,5.69549492704257e-11,0.999998970093513,1.0000009400015395,3.907969504134748e-07,6.266228555812213e-11,1.7117765176246734e-10,5.695494891852382e-11,6.266228567564913e-11,0.999999293140931,0.9999989700935157,5.922824092246199e-11,1.0000144443660348,5.922824087856249e-11,0.9999990586158828,5.6954948940318856e-11,1.0000011992418012,1.0000011992418023,6.286432576953576e-11,5.922824102007281e-11,5.92282412279015e-11,5.922824038690349e-11,0.9999989700935149,5.695494925855494e-11,3.9079695055845214e-07,5.922824102130472e-11,5.922824016244433e-11,5.695494894851274e-11,5.018137203003691e-07,5.695494897848179e-11,6.233150189803767e-11,6.296810214207351e-11,5.6954949289246916e-11,5.695494938696206e-11,3.888242910469857e-07,5.695494951788843e-11,0.9999989700935145,0.9999992115222492,5.6954949165418934e-11,0.9999989700935127,0.99999956609797,6.266228568758046e-11,5.922824084620865e-11,1.0529425942392944e-05,1.000000940001539,5.6954948893281023e-11,1.0000082836741313
1.5415479361319722e-06,6.233398364693643e-11,-1.147342856683026e-14,-2.8207056160976254e-14,7.131959625692754e-15,6.235087591268625e-11,7.132010304441703e-15,6.233150070398208e-11,1.6965635011630977e-06,6.233178160844899e-11,6.233307204658532e-11,3.590282028507164e-15,3.590326339787803e-15,-6.070001184164086e-14,7.132023562314179e-15,-1.1473416446212683e-14,7.446226127440097e-14,3.4993797188384246e-14,6.233150070241005e-11,4.9541191666720634e-11,6.23539587243957e-11,6.233178159633461e-11,2.910915909394704e-14,6.23508759245904e-11,7.132010304441703e-15,7.132000088559488e-15,1.242245335586248e-07,4.9541191666567e-11,6.235361188266325e-11,7.131986365100693e-15,7.131999755285565e-15,6.233307205486048e-11,6.23508759245904e-11,-6.263506149198787e-14,-2.820715360043008e-14,-2.0944805814314464e-14,7.131993334245827e-15,-2.82070328538257e-14,6.233150069811455e-11,6.233307205233402e-11,3.590287307963616e-15,6.232416345316931e-11,3.590282028507164e-15,6.23283033237053e-11,7.131993334245827e-15,6.235395871152722e-11,6.235395872759245e-11,-1.5133573312854016e-14,3.590294779089376e-15,3.590287307963616e-15,3.590282028507164e-15,6.233307205058103e-11,7.131999871512928e-15,-6.263506149198787e-14,3.590287307963616e-15,3.5902862204988805e-15,7.132010304441703e-15,-5.628330086593435e-14,7.132023562314179e-15,4.954119166674741e-11,3.4993797188384246e-14,7.132010304441703e-15,7.132000088559488e-15,-6.070001829947212e-14,7.131993334245827e-15,6.233307205264455e-11,6.233178159633461e-11,7.131983303282701e-15,6.233307205185453e-11,6.232013478561225e-11,-2.82070328538257e-14,3.590287307963616e-15,7.750507529740999e-14,6.23508759245925e-11,7.131993334245827e-15,6.232691450776987e-11
1.0000023389346937,0.9999991060982394,9.965779218658016e-11,6.266271279310516e-11,5.695518267717414e-11,1.000000858383809,5.6955182750869415e-11,0.9999992115222508,6.233178160844899e-11,1.0000008264174396,0.9999988884748371,5.92283045740411e-11,5.922830456229233e-11,3.88821438054731e-07,5.695518267305662e-11,9.965779252941606e-11,3.158353221133607e-07,6.296696396051857e-11,0.9999992115222501,6.233178272377417e-11,1.0000011176241768,0.9999991299035581,6.314842538735992e-11,1.0000008583838107,5.6955182455872497e-11,5.695518268652235e-11,0.9999979552660581,6.233178202195708e-11,1.0000080771247981,5.6955182692157634e-11,5.6955182587415805e-11,0.9999988884748382,1.0000008583838105,3.9079403302746445e-07,6.266271353858238e-11,3.411110248739498e-07,5.6955182237527944e-11,6.266271365317473e-11,0.9999992115222499,0.999998888474841,5.922830460204404e-11,1.0000143627460638,5.922830456250241e-11,0.9999989769975324,5.695518224007921e-11,1.0000011176241759,1.000001117624177,6.286447196017467e-11,5.922830470998165e-11,5.922830487152208e-11,5.922830407189845e-11,0.9999988884748395,5.69551826067576e-11,3.907940331724414e-07,5.922830466862396e-11,5.922830385139123e-11,5.6955182251315455e-11,5.018059870801919e-07,5.6955182299658475e-11,6.233178279258885e-11,6.296696399038579e-11,5.695518258168708e-11,5.695518271877967e-11,3.888214379987475e-07,5.6955182808761446e-11,0.9999988884748388,0.9999991299035577,5.695518250353759e-11,0.9999988884748373,0.9999994844792176,6.266271365915844e-11,5.922830451436738e-11,1.0529433372432065e-05,1.0000008583838111,5.695518220302457e-11,1.0000082020523422
1.000002097505892,0.9999988646695108,1.9859219762252338e-07,6.2663476162033e-11,5.6955369783260345e-11,1.0000006169555908,5.6955369824747136e-11,0.9999989700935125,6.233307204658532e-11,0.9999988884748371,1.0000003435600584,5.922834055905173e-11,5.922834057154565e-11,3.888192900268465e-07,5.695536978534594e-11,1.9859219833613495e-07,3.1583450500725767e-07,6.296386917697355e-11,0.9999989700935124,6.233307317866245e-11,1.0000008761959405,0.9999988884748365,6.314585314364388e-11,1.0000006169555937,5.695536954304999e-11,5.695536979703196e-11,0.9999977138379953,6.233307247733676e-11,1.000007835699126,5.6955369796523314e-11,5.695536967215012e-11,0.9999986470461819,1.000000616955593,3.9079179838880997e-07,6.266347691279348e-11,3.411107488620558e-07,5.695536934277749e-11,6.26634770214814e-11,0.9999989700935127,0.9999986470461846,5.92283405825275e-11,1.000014121313897,5.92283405356883e-11,0.99999873556976,5.6955369384449656e-11,1.000000876195939,1.0000008761959396,6.286465346979963e-11,5.922834068171256e-11,5.922834087160352e-11,5.922834006622189e-11,0.9999986470461838,5.69553697094043e-11,3.907917985337871e-07,5.922834065237702e-11,5.92283398287517e-11,5.6955369366649556e-11,5.017961831206293e-07,5.6955369400963315e-11,6.233307324845662e-11,6.296386921111191e-11,5.6955369695446534e-11,5.695536983363614e-11,3.8881928997086305e-07,5.6955369906171235e-11,0.9999986470461825,0.9999988884748358,5.6955369596319646e-11,0.9999986470461817,0.9999992430507959,6.266347703582248e-11,5.922834050179704e-11,1.0529440617746245e-05,1.000000616955593,5.695536933081776e-11,1.0000079606179746
1.5353480586216616e-06,5.92281954297205e-11,2.2065698035789874e-16,-5.608921700560269e-16,-1.0729062093615936e-15,5.922589337667007e-11,-1.0729062093615924e-15,5.922824093000735e-11,3.590282028507164e-15,5.92283045740411e-11,5.922834055905173e-11,1.6965133083332827e-06,-6.400261230196879e-13,6.979125810496289e-15,-1.0728481335049605e-15,2.205906343700124e-16,-6.9604578082150664e-15,-3.5297666212294227e-15,5.922824091124998e-11,3.590264526905828e-15,5.922550510431333e-11,5.922830458431739e-11,-3.16568645305238e-15,5.922589336749471e-11,-1.07286461220296e-15,-1.0728598542499876e-15,1.1802466921833381e-07,3.590326339787803e-15,5.922352465491351e-11,-1.0729062093615924e-15,-1.0728550873839295e-15,5.922834057375858e-11,5.922589336749471e-11,7.044148127932264e-15,-5.608691213284097e-16,2.066631396792091e-15,-1.0729062093615924e-15,-5.608787150972477e-16,5.922824093678149e-11,5.922834056077052e-11,-6.400261230234157e-13,5.922977524590754e-11,-6.400261230399655e-13,5.922887871746821e-11,-1.0729062093615924e-15,5.922550509567645e-11,5.92255050957274e-11,-5.800225779739873e-16,-6.400261229739673e-13,-6.400261229219248e-13,-6.400261231597768e-13,5.922834056977317e-11,-1.0728550873839295e-15,7.0441538057321315e-15,-6.400261229871822e-13,-6.400261232203415e-13,-1.0728552564908007e-15,1.1066548682536089e-14,-1.0729062093615924e-15,3.590282028507164e-15,-3.5297666212294227e-15,-1.0728765918207898e-15,-1.07286461220296e-15,6.979105457683363e-15,-1.0728481335049605e-15,5.92283405713561e-11,5.922830458431739e-11,-1.0728712403726494e-15,5.92283405734806e-11,5.92291894736595e-11,-5.608691213284097e-16,-6.400261230427587e-13,-1.262676723340948e-14,5.922589332428802e-11,-1.0728713469214078e-15,5.923125047605295e-11
1.5353480586544215e-06,5.922819540302535e-11,2.2057612211004398e-16,-5.608337972693171e-16,-1.0728481335049605e-15,5.922589334262617e-11,-1.0728633246981355e-15,5.922824091240061e-11,3.590326339787803e-15,5.922830456229233e-11,5.922834057154565e-11,-6.400261230196879e-13,1.6965133083332827e-06,6.979107099127745e-15,-1.0728750307962913e-15,2.205906343700124e-16,-6.960475543698445e-15,-3.529762478408764e-15,5.922824091240061e-11,3.5902770822842865e-15,5.922550507627009e-11,5.922830456229233e-11,-3.1657007798955276e-15,5.922589331563333e-11,-1.0728750307962913e-15,-1.0728552564908007e-15,1.1802466919035294e-07,3.590287307963616e-15,5.922352461433566e-11,-1.0728765918207892e-15,-1.0728552564908007e-15,5.922834057430007e-11,5.922589330086186e-11,7.0441546467397284e-15,-5.608691213284097e-16,2.0666693868017834e-15,-1.0728718250991504e-15,-5.608469935503379e-16,5.922824093364475e-11,5.922834056884164e-11,-6.400261230336922e-13,5.922977526249256e-11,-6.400261230502416e-13,5.922887869766978e-11,-1.0728550873839295e-15,5.922550505633841e-11,5.922550507743139e-11,-5.799694794415895e-16,-6.400261229842421e-13,-6.400261229322e-13,-6.400261231700503e-13,5.922834057430007e-11,-1.0728850385746813e-15,7.044128966353207e-15,-6.40026122997457e-13,-6.400261232306134e-13,-1.0728481335049605e-15,1.1066533741326099e-14,-1.0728633246981355e-15,3.590287307963616e-15,-3.5297666212294227e-15,-1.0728550873839295e-15,-1.0728552564908007e-15,6.979105457683363e-15,-1.0728633246981355e-15,5.922834057430007e-11,5.922830455864063e-11,-1.0728550873839295e-15,5.922834056884164e-11,5.922918945278216e-11,-5.60878715127836e-16,-6.400261230530324e-13,-1.2626739158188898e-14,5.922589336525867e-11,-1.072871346914563e-15,5.923125048235772e-11
1.8061785758555556e-06,3.888254505306586e-07,-2.7345733042033985e-16,2.0441231903659884e-14,2.3474882877748646e-14,1.9517426886944214e-10,2.3474882877748646e-14,3.8882429110296994e-07,-6.070001184164086e-14,3.88821438054731e-07,3.888192900268465e-07,6.979125810496289e-15,6.979107099127745e-15,1.696219499876355e-06,2.3474880867561025e-14,-2.735342598927122e-16,1.340030195630337e-13,3.965090347414707e-14,3.8882429110296994e-07,-6.070000466681593e-14,1.951825460394773e-10,3.8882143805473033e-07,7.510632476064525e-11,1.951742688682653e-10,2.347484724154943e-14,2.3474856605189177e-14,3.8885433761108403e-07,-6.070000466681593e-14,1.95253127677742e-10,2.347485270449362e-14,2.3474856605189177e-14,3.8881929002684695e-07,1.9517426886944214e-10,-2.9777386089713727e-10,2.0441231903659884e-14,-4.127948992442243e-14,2.347485394892278e-14,2.0441231903659884e-14,3.8882429110296984e-07,3.8881929002684785e-07,6.979105457683363e-15,1.9511230064952788e-10,6.979105457683363e-15,3.8880719322968535e-07,2.3474856605189177e-14,1.9518254604632452e-10,1.951825460394773e-10,1.4516071844773828e-14,6.979105457683363e-15,6.979105457683363e-15,6.979107099127745e-15,3.8881929002684774e-07,2.3474882877748646e-14,-2.9777386089706256e-10,6.979105537856136e-15,6.979100126361302e-15,2.3474878410929436e-14,-5.342197387224922e-10,2.347486373944016e-14,-6.070001193041977e-14,3.9650744691733995e-14,2.3474856605189177e-14,2.347485394892278e-14,-2.9449364419585465e-10,2.3474856853185172e-14,3.8881929002684727e-07,3.8882143805473044e-07,2.347484724154943e-14,3.8881929002684647e-07,3.8879164498962614e-07,2.0441231903659884e-14,6.979125810496289e-15,3.1329252395091866e-13,1.951742689420449e-10,2.3474855536143458e-14,1.9505565746230139e-10
1.5308141724330608e-06,5.695496533633624e-11,-1.2666107132337968e-15,-6.2732520619546225e-15,-7.780475120730706e-12,5.694630586736087e-11,-7.780475120716749e-12,5.695494937196755e-11,7.132023562314179e-15,5.695518267305662e-11,5.695536978534594e-11,-1.0728481335049605e-15,-1.0728750307962913e-15,2.3474880867561025e-14,1.6965061691943477e-06,-1.2666057111746236e-15,-1.712843670858649e-14,3.0400413165899663e-15,5.695494936945378e-11,7.131999871512928e-15,5.694509472252956e-11,5.695518269060115e-11,1.7808106284448066e-15,5.6946305843898134e-11,-7.780475120792651e-12,-7.780475120726672e-12,1.1349079435148676e-07,7.131959625692754e-15,5.692916479815267e-11,-7.780475120710432e-12,-7.780475120755111e-12,5.695536978471412e-11,5.694630586311135e-11,2.3768790879586245e-14,-6.273285093141038e-15,5.9330331795006845e-15,-7.780475120859577e-12,-6.273281559685357e-15,5.6954949384488394e-11,5.695536977983993e-11,-1.0728481335049605e-15,5.695701273348567e-11,-1.0728550873839295e-15,5.695498020696579e-11,-7.780475120846112e-12,5.694509467933112e-11,5.694509469355247e-11,-3.3505519223356133e-15,-1.0729062093615924e-15,-1.0729062093615924e-15,-1.0728806174981042e-15,5.6955369762293365e-11,-7.780475120761407e-12,2.3768790879586245e-14,-1.0729062093615936e-15,-1.0728765918207898e-15,-7.780475120866247e-12,5.230157481593812e-14,-7.780475120854216e-12,7.131999871512928e-15,3.0400413165899663e-15,-7.780475120745857e-12,-7.780475120721993e-12,2.3474878410929436e-14,-7.780475120703805e-12,5.6955369762293365e-11,5.695518270229184e-11,-7.78047512077617e-12,5.695536980028854e-11,5.695660896970234e-11,-6.273277000093824e-15,-1.0728765918207892e-15,-5.773680785711298e-14,5.6946305863781837e-11,-7.780475120859892e-12,5.697020717798214e-11
1.6159129089757823e-06,1.9859299884369228e-07,-1.737965093259539e-11,-2.0747093526413947e-14,-1.266591768406965e-15,9.965579752003602e-11,-1.2665949737000892e-15,9.965766125722582e-11,-1.1473416446212683e-14,9.965779252941606e-11,1.9859219833613495e-07,2.205906343700124e-16,2.205906343700124e-16,-2.735342598927122e-16,-1.2666057111746236e-15,1.6964965718679012e-06,2.616145539930008e-14,5.706251766944672e-14,9.965766124983975e-11,-1.147342856683026e-14,9.965628882871416e-11,9.965779252941606e-11,4.732405549741929e-14,9.965579752003602e-11,-1.266590503662817e-15,-1.2666132533018693e-15,1.9858926943916925e-07,-1.147342856683026e-14,9.962311387074609e-11,-1.2665896766969881e-15,-1.2666132533018693e-15,1.9859219833613495e-07,9.965579752003602e-11,-1.725650007865517e-16,-2.0747093526413947e-14,-4.179587399032007e-15,-1.2665949737000892e-15,-2.0747093526413947e-14,9.965766125725795e-11,1.985921983361358e-07,2.205868892735381e-16,9.965514844506206e-11,2.2068577345277776e-16,1.9857568727537782e-07,-1.2665990722126236e-15,9.965628882871416e-11,9.965628886940199e-11,-7.80288347547825e-15,2.2068577345277776e-16,2.2068577345277776e-16,2.205906343700124e-16,1.985921983361356e-07,-1.2665891370937847e-15,-1.7261845604498313e-16,2.2068577345277776e-16,2.2065698035789874e-16,-1.2665990722126236e-15,6.150675621293129e-14,-1.266590503662817e-15,-1.147342856683026e-14,5.706255965065292e-14,-1.2665990722126236e-15,-1.2665949737000892e-15,-2.735342598927122e-16,-1.2666176417056637e-15,1.9859219833613535e-07,9.965779253882032e-11,-1.2666058820864009e-15,1.9859219833613509e-07,9.965157227638692e-11,-2.0747093526413947e-14,2.205906343700124e-16,-5.5280215323156666e-14,9.965579752003602e-11,-1.266605882067309e-15,9.968464273407319e-11
1.7331343107879635e-06,3.15827235053702e-07,2.6161548801676308e-14,4.513245784209585e-14,-1.7128455718087444e-14,1.5845120391458303e-10,-1.7128458563113872e-14,3.158339290261801e-07,7.446226127440097e-14,3.158353221133607e-07,3.1583450500725767e-07,-6.9604578082150664e-15,-6.960475543698445e-15,1.340030195630337e-13,-1.712843670858649e-14,2.616145539930008e-14,1.6961263025913057e-06,-1.9219510269946576e-13,3.158339290261801e-07,7.446221240044012e-14,1.5844266411159104e-10,3.1583532211336024e-07,-1.63297173934109e-13,1.584512039236403e-10,-1.7128465072739303e-14,-1.7128458563113872e-14,3.1581036988185334e-07,7.446221240044012e-14,1.5847834763507705e-10,-1.7128458563113872e-14,-1.712845949403633e-14,3.15834505007258e-07,1.5845120393939884e-10,1.3549228697774184e-13,4.513247661111462e-14,4.940039328463274e-14,-1.712843670858649e-14,4.513245784209585e-14,3.1583392902618036e-07,3.158345050072591e-07,-6.960459191117396e-15,1.5851700806430506e-10,-6.9604578082150664e-15,3.158906111979259e-07,-1.7128455718087444e-14,1.5844266411894383e-10,1.5844266409015828e-10,1.2480025199195865e-14,-6.960465612414457e-15,-6.960465612414457e-15,-6.9604940929424556e-15,3.15834505007259e-07,-1.7128448285671336e-14,1.35492297805196e-13,-6.960465612414457e-15,-6.9604578082150664e-15,-1.7128448543645598e-14,1.3043353086272947e-10,-1.7128455718087444e-14,7.446226127440097e-14,-1.9219507939374606e-13,-1.7128455718087444e-14,-1.7128455718087444e-14,1.340030195630337e-13,-1.712847315682669e-14,3.1583450500725836e-07,3.1583532211336035e-07,-1.7128455718087444e-14,3.158345050072581e-07,1.585248987432016e-10,4.513247661111462e-14,-6.96046085524917e-15,-1.1699374005867954e-13,1.584512039236403e-10,-1.7128448543645598e-14,1.584798167063946e-10
1.5428020546001297e-06,6.296134950686022e-11,5.706255965065292e-14,1.3829789088342043e-13,3.040062072038811e-15,6.29676950972921e-11,3.0400379873214216e-15,6.296810210641576e-11,3.4993797188384246e-14,6.296696396051857e-11,6.296386917697355e-11,-3.5297666212294227e-15,-3.529762478408764e-15,3.965090347414707e-14,3.0400413165899663e-15,5.706251766944672e-14,-1.9219510269946576e-13,1.695847662556625e-06,6.296810210102779e-11,3.499385208478299e-14,6.296335125667218e-11,6.296696396383961e-11,-5.518552209760024e-10,6.296769506531342e-11,3.0400712161912915e-15,3.0400712226434018e-15,1.2547864972643902e-07,3.4993828405712574e-14,6.315403593282159e-11,3.0400685108076176e-15,3.0400413165899663e-15,6.296386917683448e-11,6.296769506271957e-11,4.06085650516628e-14,1.3829767536415427e-13,3.681298019783268e-14,3.0400668482951957e-15,1.3829789088342043e-13,6.296810211188497e-11,6.296386917710456e-11,-3.5297665554917522e-15,6.299671944053347e-11,-3.5297666212294227e-15,6.301220979912305e-11,3.040069881252411e-15,6.29633512729938e-11,6.29633512729938e-11,5.659005721272163e-14,-3.5297665554917522e-15,-3.5297666212294227e-15,-3.5297666212294227e-15,6.296386917692986e-11,3.04006020537594e-15,4.060849422390589e-14,-3.529722387269026e-15,-3.5297666212294227e-15,3.0400668482354896e-15,-3.093746134342228e-13,3.0400413165899663e-15,3.4993797188384246e-14,-6.663776382196969e-10,3.040069881252411e-15,3.0400712226434018e-15,3.965074858217882e-14,3.0400413165899663e-15,6.296386917704684e-11,6.296696397076421e-11,3.04006020537594e-15,6.296386917705443e-11,6.300935341430715e-11,1.3829767536415427e-13,-3.5297768014316876e-15,2.684998057245808e-13,6.296769506731848e-11,3.0400698827318653e-15,6.282569727784076e-11
1.0000024205531532,0.9999991877169035,9.965766089946886e-11,6.266228482109315e-11,5.69549493491992e-11,1.0000009400015364,5.6954949431499544e-11,0.9999992931409307,6.233150070241005e-11,0.9999992115222501,0.9999989700935124,5.922824091124998e-11,5.922824091240061e-11,3.8882429110296994e-07,5.695494936945378e-11,9.965766124983975e-11,3.158339290261801e-07,6.296810210102779e-11,1.0000009896548079,6.233150182065779e-11,1.0000011992418023,0.9999992115222487,6.31493437089561e-11,1.0000009400015386,5.695494914369186e-11,5.6954949365874905e-11,0.9999980368842677,6.233150112159863e-11,1.0000081587402496,5.695494936647735e-11,5.69549492704257e-11,0.9999989700935129,1.0000009400015386,3.9079695041347435e-07,6.26622855733408e-11,1.7117765175890974e-10,5.695494891852382e-11,6.266228567721451e-11,0.9999992931409307,0.9999989700935145,5.922824092246199e-11,1.0000144443660335,5.922824089340745e-11,0.9999990586158826,5.6954948952845524e-11,1.0000011992418008,1.0000011992418014,6.286432577799944e-11,5.922824102867463e-11,5.922824120485818e-11,5.922824038826731e-11,0.999998970093514,5.695494928349663e-11,3.907969505584519e-07,5.922824099538244e-11,5.92282401682131e-11,5.69549489671081e-11,5.018137203003673e-07,5.695494897848179e-11,6.233150190260028e-11,6.29681021489332e-11,5.695494928369651e-11,5.695494939037094e-11,3.888242910469857e-07,5.695494952040275e-11,0.9999989700935136,0.9999992115222488,5.695494917138151e-11,0.9999989700935117,0.99999956609797,6.266228568758046e-11,5.922824084571972e-11,1.0529425942392938e-05,1.0000009400015384,5.6954948916562804e-11,1.000008283674131
1.5415479365197847e-06,6.233398477994066e-11,-1.1473416446212683e-14,-2.820715360043008e-14,7.132000088559488e-15,6.235087705398606e-11,7.131993334245827e-15,6.233150181960109e-11,4.9541191666720634e-11,6.233178272377417e-11,6.233307317866245e-11,3.590264526905828e-15,3.5902770822842865e-15,-6.070000466681593e-14,7.131999871512928e-15,-1.147342856683026e-14,7.446221240044012e-14,3.499385208478299e-14,6.233150182065779e-11,1.6965635011630977e-06,6.235395986229502e-11,6.233178272025449e-11,2.9108958266944245e-14,6.235087705137569e-11,7.132010304441703e-15,7.132013918992371e-15,1.242245358014298e-07,4.9541191666823974e-11,6.235361303760196e-11,7.131999871512928e-15,7.131993334245827e-15,6.233307317676754e-11,6.235087707109984e-11,-6.263504235586113e-14,-2.82070328538257e-14,-2.0944820428475276e-14,7.132023562314179e-15,-2.82070328538257e-14,6.233150182065779e-11,6.233307317020832e-11,3.590326339787803e-15,6.232416457403997e-11,3.590287307963616e-15,6.232830445246681e-11,7.13198421690583e-15,6.235395989996302e-11,6.23539598655041e-11,-1.5133573312854016e-14,3.590294779089376e-15,3.590326339787803e-15,3.590287307963616e-15,6.233307317016204e-11,7.131999871512928e-15,-6.26351599521697e-14,3.590294779089376e-15,3.590282028507164e-15,7.131986365100693e-15,-5.6283282971914504e-14,7.131993334245827e-15,4.954119166700444e-11,3.4993671997562564e-14,7.131999871512928e-15,7.131993334245827e-15,-6.070000466681593e-14,7.13198421690583e-15,6.233307317730243e-11,6.233178272377417e-11,7.132023562314179e-15,6.233307317340141e-11,6.232013591483174e-11,-2.820715360043008e-14,3.5902862204988805e-15,7.75050464528227e-14,6.235087708584515e-11,7.132010304441703e-15,6.232691557709336e-11
1.0000043266444467,1.0000010938173884,9.965628848114285e-11,6.265001584747442e-11,5.69450946865572e-11,1.0000028460609607,5.694509475751385e-11,1.0000011992418025,6.23539587243957e-11,1.0000011176241768,1.0000008761959405,5.922550510431333e-11,5.922550507627009e-11,1.951825460394773e-10,5.694509472252956e-11,9.965628882871416e-11,1.5844266411159104e-10,6.296335125667218e-11,1.0000011992418023,6.235395986229502e-11,1.0000048018089984,1.0000011176241752,6.314344866409142e-11,1.000002846060963,5.694509445434117e-11,5.694509469425475e-11,0.999999942969705,6.235395920429793e-11,1.0000100647362982,5.6945094726731534e-11,5.69450945823913e-11,1.0000008761959407,1.000002846060963,1.9617318881680835e-10,6.26500165805565e-11,1.7119428912638526e-10,5.694509425113493e-11,6.265001669405372e-11,1.0000011992418025,1.0000008761959427,5.922550512206122e-11,1.0000163505036863,5.922550508570543e-11,1.0000009647201507,5.694509425663527e-11,1.000003105295119,1.0000031052951206,6.285702930075774e-11,5.922550517738637e-11,5.922550539846776e-11,5.922550458281503e-11,1.0000008761959422,5.694509458491377e-11,1.961731889411003e-10,5.922550517741306e-11,5.922550435303928e-11,5.694509426997464e-11,5.020603696771379e-07,5.694509431376951e-11,6.235395998111153e-11,6.296335129854741e-11,5.694509461771619e-11,5.694509472020925e-11,1.9518254602873483e-10,5.6945094821838305e-11,1.0000008761959414,1.0000011176241754,5.694509450878207e-11,1.000000876195939,1.0000014722105193,6.265001668870374e-11,5.922550498368699e-11,1.0529166349773248e-05,1.0000028460609633,5.6945094225849226e-11,1.0000101898577096
1.000002338934692,0.9999991060982372,9.965779219189013e-11,6.266271279477735e-11,5.6955182665025115e-11,1.0000008583838078,5.6955182706012166e-11,0.9999992115222494,6.233178159633461e-11,0.9999991299035581,0.9999988884748365,5.922830458431739e-11,5.922830456229233e-11,3.8882143805473033e-07,5.695518269060115e-11,9.965779252941606e-11,3.1583532211336024e-07,6.296696396383961e-11,0.9999992115222487,6.233178272025449e-11,1.0000011176241752,1.0000008264174316,6.314842539678609e-11,1.0000008583838094,5.695518247301061e-11,5.695518267383536e-11,0.9999979552660564,6.233178201402693e-11,1.0000080771247961,5.695518270672987e-11,5.695518257678699e-11,0.9999988884748368,1.0000008583838098,3.907940330274643e-07,6.266271353858238e-11,3.411110248739496e-07,5.695518224190192e-11,6.26627136556974e-11,0.9999992115222486,0.9999988884748388,5.922830462095143e-11,1.0000143627460634,5.922830456080623e-11,0.9999989769975306,5.695518225600928e-11,1.0000011176241743,1.0000011176241759,6.286447196551805e-11,5.922830467951463e-11,5.922830485661816e-11,5.922830406112299e-11,0.999998888474838,5.6955182599789205e-11,3.9079403317244033e-07,5.922830466054737e-11,5.922830385741216e-11,5.6955182267996315e-11,5.018059870801885e-07,5.69551823139912e-11,6.233178277452239e-11,6.296696400248884e-11,5.6955182601006835e-11,5.695518271751558e-11,3.88821437998747e-07,5.695518280379362e-11,0.999998888474838,0.9999991299035565,5.695518247661596e-11,0.9999988884748358,0.9999994844792169,6.266271365756927e-11,5.922830449029695e-11,1.0529433372432033e-05,1.0000008583838096,5.69551822146853e-11,1.0000082020523415
1.5431620958227739e-06,6.314369157541516e-11,4.7323809514067705e-14,1.1428065997042607e-13,1.7808059420394127e-15,6.31472891887243e-11,1.7808059420394127e-15,6.31493437299784e-11,2.910915909394704e-14,6.314842538735992e-11,6.314585314364388e-11,-3.16568645305238e-15,-3.1657007798955276e-15,7.510632476064525e-11,1.7808106284448066e-15,4.732405549741929e-14,-1.63297173934109e-13,-5.518552209760024e-10,6.31493437089561e-11,2.9108958266944245e-14,6.314344866409142e-11,6.314842539678609e-11,1.6960567941823085e-06,6.314728919951469e-11,1.780789751272141e-15,1.780816625326426e-15,1.2583868476241357e-07,2.910898573179503e-14,6.329893148932424e-11,1.7808421144931596e-15,1.7808027123368434e-15,6.314585314012606e-11,6.314728919951469e-11,3.8583610903724005e-14,1.1428065997042744e-13,3.1832207497404873e-14,1.780775912136347e-15,1.1428065997042744e-13,6.31493437591503e-11,6.314585313547247e-11,-3.1656991871384574e-15,6.317356254320126e-11,-3.1656991871384574e-15,1.259127067523696e-07,1.780775912136347e-15,6.31434486577708e-11,6.314344869171985e-11,4.6767121334866185e-14,-3.1656991871384574e-15,-3.165659249359449e-15,-3.1656837520349944e-15,6.31458531429585e-11,1.78085305900667e-15,3.8583610903724005e-14,-3.1656837520349944e-15,-3.1656837520349944e-15,1.7808059420394127e-15,-2.4698603071971823e-13,1.7807960171546655e-15,2.910898573179503e-14,-5.518552209759562e-10,1.7808059420394127e-15,1.7807939689444607e-15,7.510632476063807e-11,1.780775912136347e-15,6.314585313007098e-11,6.314842540393575e-11,1.7808107411273297e-15,6.314585313737526e-11,6.318398866821363e-11,1.1428065997042607e-13,-3.1656594442190296e-15,2.1191087565666367e-13,6.314728918925466e-11,1.7807939689444607e-15,6.303389483855791e-11
