1.0000000176170314,0.9999913020838349,0.9999905650452269,0.999991026485363,1.1696550164502557e-05,0.9999902034022322,1.1604278038515521e-05,0.9999913020838387,0.9999902034022322,1.1701061400086823e-05,0.9999913020838379,0.9999913020838387,1.4915600925955303e-05,1.1676180233463243e-05,1.1669638581342627e-05,1.3102959634425737e-05,1.3151417432515942e-05,0.9999905650452245,1.4927785989214431e-05,1.1676180233463238e-05,1.1692359249648729e-05,1.1701061397002295e-05,1.1701061400088888e-05,1.1701061397477023e-05,1.167188459546234e-05,1.1696550166170103e-05,1.170106139858966e-05,0.9999905789002753,1.1701061398588366e-05,1.1676180233455045e-05,1.2051331234734552e-05,1.1696171506412228e-05,0.999990565045226,1.4715854753920603e-05,0.9999913020838382,0.9999905789002721,1.170106139700436e-05,1.1692359249648988e-05
0.9999913020838349,0.9999872268989763,0.9999718135461491,0.9999722708848184,9.057565569868894e-10,0.9999714519469762,8.588379443547201e-10,0.9999725519188388,0.9999714519469762,9.08614669059568e-10,0.9999725519188373,0.9999725519188378,2.523560642229917e-09,8.961537364780327e-10,8.925608756305712e-10,1.6193116538478442e-09,1.6432798174654381e-09,0.9999718135461485,2.5297692326457683e-09,8.961537359370896e-10,9.042112432192682e-10,9.086146686717001e-10,9.086146686921697e-10,9.086146685737113e-10,8.936644509828792e-10,9.057565572127622e-10,9.086146688376264e-10,0.9999718273473929,9.086146686755625e-10,8.961537358849305e-10,1.0846202925926144e-09,9.061559136905153e-10,0.9999718135461503,2.426922676727504e-09,0.9999725519188375,0.999971827347393,9.086146690016169e-10,9.042112432180227e-10
0.9999905650452269,0.9999718135461491,0.9999857515386458,0.9999715381023927,9.061988098528078e-10,0.9999707149212602,8.597189242368636e-10,0.9999718135461537,0.9999707149212609,9.084557816305332e-10,0.9999718135461526,0.9999718135461532,5.017761238434157e-06,8.959174318385786e-10,8.926295284751086e-10,3.2046503860127904e-06,3.2531316537547197e-06,0.9999710765579101,5.029942348176825e-06,8.959174316234173e-10,9.040717046362036e-10,9.084557818349657e-10,9.084557818365746e-10,9.084557813944923e-10,8.937619454348774e-10,9.061988101932807e-10,9.084557818129067e-10,0.9999710904141489,9.084557816592907e-10,8.959174315836933e-10,1.084954238368864e-09,9.059918595787459e-10,0.9999710765579112,4.817800699466448e-06,0.9999718135461523,0.9999710904141478,9.084557823032505e-10,9.040717044326549e-10
0.999991026485363,0.9999722708848184,0.9999715381023927,0.9999866873854005,9.075439041845953e-10,0.9999711763548274,8.623954599862063e-10,0.999972270884823,0.9999711763548284,9.079765369647541e-10,0.9999722708848205,0.9999722708848214,5.0459737389244084e-06,8.952033840512729e-10,8.928409618005649e-10,1.6006809332272248e-09,1.6265032166239113e-09,0.9999715381023913,5.057727255902813e-06,8.952033838543646e-10,9.036511867835012e-10,9.079765370926172e-10,9.079765368246168e-10,9.079765366809824e-10,8.940608967237275e-10,9.075439043740365e-10,9.079765367393355e-10,0.9999715521254238,9.07976536842378e-10,8.952033838833169e-10,1.0859714478929364e-09,9.054969331165623e-10,0.9999715381023927,4.82124727204683e-06,0.999972270884822,0.9999715521254225,9.079765373508881e-10,9.036511868086893e-10
1.1696550164502557e-05,9.057565569868894e-10,9.061988098528078e-10,9.075439041845953e-10,1.4675545153766753e-05,1.7984924197858583e-06,1.1128603052697647e-09,9.057565569868894e-10,1.7984924197858583e-06,-9.865839309772193e-14,9.057565571196207e-10,9.057565569868894e-10,2.9767478195627772e-12,-2.9318631431443976e-10,4.5675423917602965e-14,-2.926334746982653e-12,-2.6347685042625688e-12,9.061988098173672e-10,2.9317100391690605e-12,-2.9318631431554984e-10,-1.7140020665361424e-10,-9.865845109666747e-14,-9.865839309772193e-14,-9.865839309772193e-14,6.397263456725672e-14,5.608529337612471e-10,-9.865828504783898e-14,9.062164000804566e-10,-9.865845109666747e-14,-2.93186314315078e-10,2.144279745672811e-13,-1.0194097952837296e-13,9.061988098173672e-10,3.6718758741538993e-13,9.057565568497216e-10,9.062163999929366e-10,-9.865828504783898e-14,-1.714002066541329e-10
0.9999902034022322,0.9999714519469762,0.9999707149212602,0.9999711763548274,1.7984924197858583e-06,0.9999850282660074,1.7062215700766499e-06,0.99997145194698,0.9999703532850612,1.8030033875303837e-06,0.9999714519469783,0.9999714519469783,5.017513126005535e-06,1.7781227470134128e-06,1.7715812749216285e-06,3.2048906098854054e-06,3.253347790545325e-06,0.9999707149212597,5.029697973959829e-06,1.7781227464887534e-06,1.794301368175935e-06,1.8030033874529134e-06,1.803003387469558e-06,1.8030033868916669e-06,1.7738272517925661e-06,1.7984924204392383e-06,1.8030033872222255e-06,0.9999707287760605,1.8030033872959936e-06,1.7781227464084303e-06,2.1532704653127937e-06,1.7981135564718728e-06,0.9999707149212594,4.817768462744963e-06,0.999971451946978,0.9999707287760597,1.8030033879888284e-06,1.7943013683023846e-06
1.1604278038515521e-05,8.588379443547201e-10,8.597189242368636e-10,8.623954599862063e-10,1.1128603052697647e-09,1.7062215700766499e-06,1.4677195480627122e-05,8.588379444026911e-10,1.7062215700766492e-06,-1.9804796488418546e-13,8.58837944304134e-10,8.588379442366794e-10,5.919595704530687e-12,-2.957717367353283e-13,8.924435886060308e-14,-5.826954347637277e-12,-1.0409555215351537e-08,8.597189242376854e-10,5.829947919958243e-12,-2.957717367353283e-13,-1.7362478492261064e-13,-1.9804796488418546e-13,-1.980478674460341e-13,-1.980478509855322e-13,1.2565732404295904e-13,1.112860305271405e-09,-1.9804783296942446e-13,8.59753917150641e-10,-1.9804783280267343e-13,-2.957717367353283e-13,4.247410421060361e-13,-2.0457615440584333e-13,8.597189241390624e-10,7.262483268123206e-13,8.588379444026911e-10,8.5975391709871e-10,-1.980478422217474e-13,-1.7362504043770261e-13
0.9999913020838387,0.9999725519188388,0.9999718135461537,0.999972270884823,9.057565569868894e-10,0.99997145194698,8.588379444026911e-10,0.9999872268989848,0.99997145194698,9.086146687824674e-10,0.9999725519188399,0.999972551918841,2.523560642229917e-09,8.961537364820305e-10,8.925608754331738e-10,1.6193116538777877e-09,1.643279817196956e-09,0.9999718135461528,2.529769232645771e-09,8.961537360474693e-10,9.042112432130824e-10,9.086146687170344e-10,9.086146687239553e-10,9.086146685737113e-10,8.936644505522575e-10,9.057565573997873e-10,9.086146688673712e-10,0.9999718273473969,9.08614668925918e-10,8.961537358872367e-10,1.0846202927471007e-09,9.061559136905153e-10,0.9999718135461532,2.426922677035728e-09,0.9999725519188407,0.9999718273473962,9.086146692138264e-10,9.042112432180227e-10
0.9999902034022322,0.9999714519469762,0.9999707149212609,0.9999711763548284,1.7984924197858583e-06,0.9999703532850612,1.7062215700766492e-06,0.99997145194698,0.9999850282660074,1.803003387530383e-06,0.9999714519469783,0.9999714519469791,5.017513126005533e-06,1.778122747013412e-06,1.7715812749216285e-06,3.204890609885405e-06,3.253347790545324e-06,0.9999707149212597,5.029697973959826e-06,1.7781227464887534e-06,1.794301368175935e-06,1.8030033874529134e-06,1.803003387469558e-06,1.803003386891666e-06,1.7738272517925657e-06,1.7984924204392383e-06,1.8030033872222246e-06,0.9999707287760605,1.8030033872959936e-06,1.7781227464084299e-06,2.1532704653127937e-06,1.7981135564718723e-06,0.9999707149212594,4.817768462744961e-06,0.999971451946978,0.9999707287760597,1.8030033879888284e-06,1.7943013683023846e-06
1.1701061400086823e-05,9.08614669059568e-10,9.084557816305332e-10,9.079765369647541e-10,-9.865839309772193e-14,1.8030033875303837e-06,-1.9804796488418546e-13,9.086146687824674e-10,1.803003387530383e-06,1.4675058656563018e-05,9.086146691058194e-10,9.086146691058194e-10,-1.0558506807916292e-12,5.488906625392506e-14,-1.4140530533064882e-14,1.0478362018018588e-12,9.43880799744489e-13,9.084557819026449e-10,-1.0397657143319293e-12,5.4889066280311226e-14,6.55087163511697e-11,7.421595553870773e-11,7.421595553844653e-11,7.421595553718381e-11,-2.0664887404731358e-14,-9.865826960569091e-14,7.421595553865182e-11,9.08449526953367e-10,7.42159555386012e-11,5.4889066280311226e-14,-7.38861117729958e-14,7.652684753532357e-11,9.084557816305332e-10,-1.2511214939657345e-13,9.08614669059568e-10,9.084495268120614e-10,7.421595553836082e-11,6.550871635070174e-11
0.9999913020838379,0.9999725519188373,0.9999718135461526,0.9999722708848205,9.057565571196207e-10,0.9999714519469783,8.58837944304134e-10,0.9999725519188399,0.9999714519469783,9.086146691058194e-10,0.9999872268989856,0.999972551918839,2.523560642229917e-09,8.961537362435176e-10,8.925608754309256e-10,1.6193116538478442e-09,1.6432798172930018e-09,0.9999718135461514,2.529769232645771e-09,8.961537362486036e-10,9.04211243290328e-10,9.086146688654546e-10,9.086146689073886e-10,9.08614668432213e-10,8.936644506920206e-10,9.057565573553885e-10,9.086146688376264e-10,0.9999718273473955,9.086146686396645e-10,8.9615373575807e-10,1.0846202924533668e-09,9.061559135781392e-10,0.9999718135461523,2.426922677035728e-09,0.9999725519188388,0.9999718273473949,9.086146691090653e-10,9.042112432989724e-10
0.9999913020838387,0.9999725519188378,0.9999718135461532,0.9999722708848214,9.057565569868894e-10,0.9999714519469783,8.588379442366794e-10,0.999972551918841,0.9999714519469791,9.086146691058194e-10,0.999972551918839,0.9999872268989809,2.523560642229917e-09,8.961537362529572e-10,8.925608753624506e-10,1.6193116537487207e-09,1.6432798172930018e-09,0.9999718135461526,2.5297692327230303e-09,8.961537360474693e-10,9.04211243218099e-10,9.086146687122623e-10,9.086146689037359e-10,9.086146685420432e-10,8.936644509828792e-10,9.057565572353301e-10,9.086146688376264e-10,0.9999718273473962,9.086146687802936e-10,8.961537358970995e-10,1.0846202924533668e-09,9.06155913493345e-10,0.9999718135461528,2.426922677035728e-09,0.9999725519188397,0.9999718273473959,9.086146692138264e-10,9.042112432180227e-10
1.4915600925955303e-05,2.523560642229917e-09,5.017761238434157e-06,5.0459737389244084e-06,2.9767478195627772e-12,5.017513126005535e-06,5.919595704530687e-12,2.523560642229917e-09,5.017513126005533e-06,-1.0558506807916292e-12,2.523560642229917e-09,2.523560642229917e-09,1.4737348769037798e-05,-1.5749951008079574e-12,4.707202417507561e-13,-3.096616598197089e-11,-2.788338602618895e-11,5.017761238434158e-06,6.143711847748812e-08,-1.5749947457714736e-12,-9.260631756217284e-13,-1.0558508027270166e-12,-1.055850746350687e-12,-1.0558507463007066e-12,6.641841658486684e-13,2.976747804531394e-12,-1.055850746350687e-12,5.018130035433436e-06,-1.0558509016954772e-12,-1.5749947457714736e-12,2.2525637546132545e-12,-1.0905258525418035e-12,5.017761238434159e-06,7.636965748830533e-09,2.5235606419446457e-09,5.018130035433431e-06,-1.0558507007430915e-12,-9.26063329297653e-13
1.1676180233463243e-05,8.961537364780327e-10,8.959174318385786e-10,8.952033840512729e-10,-2.9318631431443976e-10,1.7781227470134128e-06,-2.957717367353283e-13,8.961537364820305e-10,1.778122747013412e-06,5.488906625392506e-14,8.961537362435176e-10,8.961537362529572e-10,-1.5749951008079574e-12,1.4675145010344892e-05,-2.1873360177896155e-14,1.5592885867073478e-12,1.4044253800203506e-12,8.959174319560624e-10,-1.551041618498801e-12,1.6058959299099454e-10,4.835612865679021e-14,5.488902623708764e-14,5.488898363529157e-14,5.488898363529157e-14,-3.1592560799496285e-14,-2.931863143127566e-10,5.488908412003037e-14,8.959081086389989e-10,5.4889059352263905e-14,1.6058959299145484e-10,-1.1103814150688574e-13,5.6626314926944e-14,8.959174319290068e-10,-1.885646718925561e-13,8.961537363279493e-10,8.959081085997384e-10,5.488905848595515e-14,4.835612865650637e-14
1.1669638581342627e-05,8.925608756305712e-10,8.926295284751086e-10,8.928409618005649e-10,4.5675423917602965e-14,1.7715812749216285e-06,8.924435886060308e-14,8.925608754331738e-10,1.7715812749216285e-06,-1.4140530533064882e-14,8.925608754309256e-10,8.925608753624506e-10,4.707202417507561e-13,-2.1873360177896155e-14,1.4675001259027715e-05,-4.568051091328248e-13,-4.110216403942418e-13,8.926295284509953e-10,4.636657602846726e-13,-2.1873360177896155e-14,-1.2223703585495364e-14,-1.4140652511893782e-14,-1.4140532691456132e-14,-1.4140543530874609e-14,2.2499122970552394e-11,4.567555179707936e-14,-1.4140543530874609e-14,8.926323020933085e-10,-1.4140530533064882e-14,-2.1873427615049542e-14,6.987407527177824e-11,-1.465973145611458e-14,8.926295284751086e-10,6.116726824992049e-14,8.925608756305712e-10,8.926323020737527e-10,-1.414066902357054e-14,-1.2223639737939344e-14
1.3102959634425737e-05,1.6193116538478442e-09,3.2046503860127904e-06,1.6006809332272248e-09,-2.926334746982653e-12,3.2048906098854054e-06,-5.826954347637277e-12,1.6193116538777877e-09,3.204890609885405e-06,1.0478362018018588e-12,1.6193116538478442e-09,1.6193116537487207e-09,-3.096616598197089e-11,1.5592885867073478e-12,-4.568051091328248e-13,1.473553765339481e-05,5.454350672758916e-08,3.204650386012791e-06,-3.049665231072179e-11,1.5592885566469325e-12,9.198864996974666e-13,1.0478363514536441e-12,1.0478363223274154e-12,1.047836290737094e-12,-6.474505152449025e-13,-2.9263350553961804e-12,1.0478363223274154e-12,3.2042870962668757e-06,1.0478361492398088e-12,1.5592885867073478e-12,-2.2113017234568205e-12,1.0819857956857877e-12,3.2046503860127917e-06,-7.487653724150166e-09,1.6193116538478442e-09,3.204287096266868e-06,1.047836290737094e-12,9.198864636600003e-13
1.3151417432515942e-05,1.6432798174654381e-09,3.2531316537547197e-06,1.6265032166239113e-09,-2.6347685042625688e-12,3.253347790545325e-06,-1.0409555215351537e-08,1.643279817196956e-09,3.253347790545324e-06,9.43880799744489e-13,1.6432798172930018e-09,1.6432798172930018e-09,-2.788338602618895e-11,1.4044253800203506e-12,-4.110216403942418e-13,5.454350672758916e-08,1.4724086635072617e-05,3.253131653754719e-06,-2.7460597529462943e-11,1.404425244820031e-12,8.286635259825342e-13,9.438810858856539e-13,9.43880799744489e-13,9.438809280115527e-13,-5.826929168913183e-13,-2.6347683549909077e-12,9.438810858856539e-13,3.252804526562135e-06,9.438810358272251e-13,1.4044250841560736e-12,-1.990835624001335e-12,9.746312054842272e-13,3.2531316537547197e-06,-6.740714607572641e-09,1.6432798171486418e-09,3.2528045265621293e-06,9.438809583860622e-13,8.286634616152317e-13
0.9999905650452245,0.9999718135461485,0.9999710765579101,0.9999715381023913,9.061988098173672e-10,0.9999707149212597,8.597189242376854e-10,0.9999718135461528,0.9999707149212597,9.084557819026449e-10,0.9999718135461514,0.9999718135461526,5.017761238434158e-06,8.959174319560624e-10,8.926295284509953e-10,3.204650386012791e-06,3.253131653754719e-06,0.9999857515386419,5.029942348176829e-06,8.959174316234173e-10,9.040717045474632e-10,9.084557818927136e-10,9.084557818365746e-10,9.084557814159911e-10,8.937619454284644e-10,9.061988102995392e-10,9.084557817784239e-10,0.9999710904141478,9.084557817813844e-10,8.959174315836933e-10,1.084954238544743e-09,9.059918592889041e-10,0.9999710765579103,4.81780069946645e-06,0.9999718135461507,0.9999710904141466,9.084557823032505e-10,9.040717044326549e-10
1.4927785989214431e-05,2.5297692326457683e-09,5.029942348176825e-06,5.057727255902813e-06,2.9317100391690605e-12,5.029697973959829e-06,5.829947919958243e-12,2.529769232645771e-09,5.029697973959826e-06,-1.0397657143319293e-12,2.529769232645771e-09,2.5297692327230303e-09,6.143711847748812e-08,-1.551041618498801e-12,4.636657602846726e-13,-3.049665231072179e-11,-2.7460597529462943e-11,5.029942348176829e-06,1.4735473432901527e-05,-1.5510417253406633e-12,-9.119454877078225e-13,-1.0397655490566243e-12,-1.0397654994929354e-12,-1.0397657143319293e-12,6.54197404254226e-13,2.9317099800200346e-12,-1.0397654994929354e-12,5.030305556089266e-06,-1.0397655490566243e-12,-1.551041740614713e-12,4.4015659327895645e-09,-1.0739151358277271e-12,5.029942348176829e-06,7.521641688736207e-09,2.5297692326457683e-09,5.030305556089255e-06,-1.0397656907956562e-12,-9.119454304355885e-13
1.1676180233463238e-05,8.961537359370896e-10,8.959174316234173e-10,8.952033838543646e-10,-2.9318631431554984e-10,1.7781227464887534e-06,-2.957717367353283e-13,8.961537360474693e-10,1.7781227464887534e-06,5.4889066280311226e-14,8.961537362486036e-10,8.961537360474693e-10,-1.5749947457714736e-12,1.6058959299099454e-10,-2.1873360177896155e-14,1.5592885566469325e-12,1.404425244820031e-12,8.959174316234173e-10,-1.5510417253406633e-12,1.4675145010344892e-05,4.835612313538803e-14,5.488904546167779e-14,5.488906625392506e-14,5.488905848595515e-14,-3.1592864315213895e-14,-2.931863143138654e-10,5.4888956967878157e-14,8.959081085091385e-10,5.4889063306838365e-14,1.6058959299036723e-10,-1.1103814150688574e-13,5.662632223344824e-14,8.959174316022288e-10,-1.8856462082119146e-13,8.961537359930499e-10,8.959081085091385e-10,5.4889062761271585e-14,4.835612313538803e-14
1.1692359249648729e-05,9.042112432192682e-10,9.040717046362036e-10,9.036511867835012e-10,-1.7140020665361424e-10,1.794301368175935e-06,-1.7362478492261064e-13,9.042112432130824e-10,1.794301368175935e-06,6.55087163511697e-11,9.04211243290328e-10,9.04211243218099e-10,-9.260631756217284e-13,4.835612865679021e-14,-1.2223703585495364e-14,9.198864996974666e-13,8.286635259825342e-13,9.040717045474632e-10,-9.119454877078225e-13,4.835612313538803e-14,1.4675042314659846e-05,6.550871635131604e-11,6.550871635104424e-11,6.55087163497917e-11,-1.794918533793294e-14,-1.7140020665192128e-10,6.550871635125966e-11,9.040662174915173e-10,6.550871635120836e-11,4.835612865679021e-14,-6.461589518180656e-14,6.753558947853098e-11,9.040717046362036e-10,-1.0928845701550182e-13,9.042112433209447e-10,9.040662174443464e-10,6.550871635095303e-11,5.78651972368132e-11
1.1701061397002295e-05,9.086146686717001e-10,9.084557818349657e-10,9.079765370926172e-10,-9.865845109666747e-14,1.8030033874529134e-06,-1.9804796488418546e-13,9.086146687170344e-10,1.8030033874529134e-06,7.421595553870773e-11,9.086146688654546e-10,9.086146687122623e-10,-1.0558508027270166e-12,5.488902623708764e-14,-1.4140652511893782e-14,1.0478363514536441e-12,9.438810858856539e-13,9.084557818927136e-10,-1.0397655490566243e-12,5.488904546167779e-14,6.550871635131604e-11,1.4675058656563018e-05,7.421595553857849e-11,7.421595553731563e-11,-2.066475778471108e-14,-9.865845109666747e-14,7.421595553878345e-11,9.084495268622629e-10,7.421595553873316e-11,5.488905848595515e-14,-7.388614053276103e-14,7.652684753546141e-11,9.084557818349657e-10,-1.251123908598424e-13,9.086146686391541e-10,9.084495269606981e-10,7.421595553849263e-11,6.550871635084811e-11
1.1701061400088888e-05,9.086146686921697e-10,9.084557818365746e-10,9.079765368246168e-10,-9.865839309772193e-14,1.803003387469558e-06,-1.980478674460341e-13,9.086146687239553e-10,1.803003387469558e-06,7.421595553844653e-11,9.086146689073886e-10,9.086146689037359e-10,-1.055850746350687e-12,5.488898363529157e-14,-1.4140532691456132e-14,1.0478363223274154e-12,9.43880799744489e-13,9.084557818365746e-10,-1.0397654994929354e-12,5.488906625392506e-14,6.550871635104424e-11,7.421595553857849e-11,1.4675058656563018e-05,7.421595553705445e-11,-2.066484372113654e-14,-9.865845109666747e-14,7.421595553852228e-11,9.084495269851431e-10,7.421595553847199e-11,5.4889056534344716e-14,-7.388597535470831e-14,7.65268475351956e-11,9.084557818365742e-10,-1.2511212558587924e-13,9.086146687239553e-10,9.084495269004624e-10,7.421595553823161e-11,6.550871635057619e-11
1.1701061397477023e-05,9.086146685737113e-10,9.084557813944923e-10,9.079765366809824e-10,-9.865839309772193e-14,1.8030033868916669e-06,-1.980478509855322e-13,9.086146685737113e-10,1.803003386891666e-06,7.421595553718381e-11,9.08614668432213e-10,9.086146685420432e-10,-1.0558507463007066e-12,5.488898363529157e-14,-1.4140543530874609e-14,1.047836290737094e-12,9.438809280115527e-13,9.084557814159911e-10,-1.0397657143319293e-12,5.488905848595515e-14,6.55087163497917e-11,7.421595553731563e-11,7.421595553705445e-11,1.4675058656563018e-05,-2.0664612823247816e-14,-9.865845109666747e-14,7.421595553725957e-11,9.084495267099544e-10,7.421595553720918e-11,5.4889066280311226e-14,-7.388602654331606e-14,7.652684753393758e-11,9.084557812611503e-10,-1.2511237703029554e-13,9.086146683951426e-10,9.084495267099544e-10,7.421595553696872e-11,6.550871634932379e-11
1.167188459546234e-05,8.936644509828792e-10,8.937619454348774e-10,8.940608967237275e-10,6.397263456725672e-14,1.7738272517925661e-06,1.2565732404295904e-13,8.936644505522575e-10,1.7738272517925657e-06,-2.0664887404731358e-14,8.936644506920206e-10,8.936644509828792e-10,6.641841658486684e-13,-3.1592560799496285e-14,2.2499122970552394e-11,-6.474505152449025e-13,-5.826929168913183e-13,8.937619454284644e-10,6.54197404254226e-13,-3.1592864315213895e-14,-1.794918533793294e-14,-2.066475778471108e-14,-2.066484372113654e-14,-2.0664612823247816e-14,1.4675015016782825e-05,6.397252276664067e-14,-2.0664621189768393e-14,8.937658627823229e-10,-2.0664634863057993e-14,-3.1592736707740906e-14,9.732290228454096e-11,-4.2451308173153994e-11,8.93761945412015e-10,8.479220380099111e-14,8.936644509828792e-10,8.937658626850633e-10,-2.0664612823247816e-14,-1.7949227005863274e-14
1.1696550166170103e-05,9.057565572127622e-10,9.061988101932807e-10,9.075439043740365e-10,5.608529337612471e-10,1.7984924204392383e-06,1.112860305271405e-09,9.057565573997873e-10,1.7984924204392383e-06,-9.865826960569091e-14,9.057565573553885e-10,9.057565572353301e-10,2.976747804531394e-12,-2.931863143127566e-10,4.567555179707936e-14,-2.9263350553961804e-12,-2.6347683549909077e-12,9.061988102995392e-10,2.9317099800200346e-12,-2.931863143138654e-10,-1.7140020665192128e-10,-9.865845109666747e-14,-9.865845109666747e-14,-9.865845109666747e-14,6.397252276664067e-14,1.4675545153766753e-05,-9.865845109666747e-14,9.06216400415088e-10,-9.865839309772193e-14,-2.9318631431339467e-10,2.144279745672811e-13,-1.0194097952837296e-13,9.061988101427939e-10,3.6718766867202777e-13,9.057565573270916e-10,9.062164004315925e-10,-9.865828504783898e-14,-1.714002066524397e-10
1.170106139858966e-05,9.086146688376264e-10,9.084557818129067e-10,9.079765367393355e-10,-9.865828504783898e-14,1.8030033872222255e-06,-1.9804783296942446e-13,9.086146688673712e-10,1.8030033872222246e-06,7.421595553865182e-11,9.086146688376264e-10,9.086146688376264e-10,-1.055850746350687e-12,5.488908412003037e-14,-1.4140543530874609e-14,1.0478363223274154e-12,9.438810858856539e-13,9.084557817784239e-10,-1.0397654994929354e-12,5.4888956967878157e-14,6.550871635125966e-11,7.421595553878345e-11,7.421595553852228e-11,7.421595553725957e-11,-2.0664621189768393e-14,-9.865845109666747e-14,1.4675058656563018e-05,9.08449526584205e-10,7.421595553867701e-11,5.488906625392506e-14,-7.388595968598233e-14,7.652684753540525e-11,9.084557816934835e-10,-1.251121032800355e-13,9.086146686714388e-10,9.084495267690588e-10,7.421595553843655e-11,6.550871635079167e-11
0.9999905789002753,0.9999718273473929,0.9999710904141489,0.9999715521254238,9.062164000804566e-10,0.9999707287760605,8.59753917150641e-10,0.9999718273473969,0.9999707287760605,9.08449526953367e-10,0.9999718273473955,0.9999718273473962,5.018130035433436e-06,8.959081086389989e-10,8.926323020933085e-10,3.2042870962668757e-06,3.252804526562135e-06,0.9999710904141478,5.030305556089266e-06,8.959081085091385e-10,9.040662174915173e-10,9.084495268622629e-10,9.084495269851431e-10,9.084495267099544e-10,8.937658627823229e-10,9.06216400415088e-10,9.08449526584205e-10,0.9999857792532899,9.084495268269157e-10,8.959081084304691e-10,2.1533155110889603e-06,9.059853993778539e-10,0.9999710904141478,4.817845796980374e-06,0.9999718273473949,0.9999711042725645,9.084495271713693e-10,9.04066217468903e-10
1.1701061398588366e-05,9.086146686755625e-10,9.084557816592907e-10,9.07976536842378e-10,-9.865845109666747e-14,1.8030033872959936e-06,-1.9804783280267343e-13,9.08614668925918e-10,1.8030033872959936e-06,7.42159555386012e-11,9.086146686396645e-10,9.086146687802936e-10,-1.0558509016954772e-12,5.4889059352263905e-14,-1.4140530533064882e-14,1.0478361492398088e-12,9.438810358272251e-13,9.084557817813844e-10,-1.0397655490566243e-12,5.4889063306838365e-14,6.550871635120836e-11,7.421595553873316e-11,7.421595553847199e-11,7.421595553720918e-11,-2.0664634863057993e-14,-9.865839309772193e-14,7.421595553867701e-11,9.084495268269157e-10,1.4675058656563018e-05,5.4889038237141436e-14,-7.388582600395532e-14,7.652684753535467e-11,9.084557817549844e-10,-1.2511237703029554e-13,9.086146686819879e-10,9.084495269415402e-10,7.421595553838613e-11,6.550871635074046e-11
1.1676180233455045e-05,8.961537358849305e-10,8.959174315836933e-10,8.952033838833169e-10,-2.93186314315078e-10,1.7781227464084303e-06,-2.957717367353283e-13,8.961537358872367e-10,1.7781227464084299e-06,5.4889066280311226e-14,8.9615373575807e-10,8.961537358970995e-10,-1.5749947457714736e-12,1.6058959299145484e-10,-2.1873427615049542e-14,1.5592885867073478e-12,1.4044250841560736e-12,8.959174315836933e-10,-1.551041740614713e-12,1.6058959299036723e-10,4.835612865679021e-14,5.488905848595515e-14,5.4889056534344716e-14,5.4889066280311226e-14,-3.1592736707740906e-14,-2.9318631431339467e-10,5.488906625392506e-14,8.959081084304691e-10,5.4889038237141436e-14,1.4675145010344892e-05,-1.1103830425866493e-13,5.662614793050291e-14,8.959174316330646e-10,-1.8856467189136555e-13,8.961537358970995e-10,8.959081084427321e-10,5.488905848595515e-14,4.835612865679021e-14
1.2051331234734552e-05,1.0846202925926144e-09,1.084954238368864e-09,1.0859714478929364e-09,2.144279745672811e-13,2.1532704653127937e-06,4.247410421060361e-13,1.0846202927471007e-09,2.1532704653127937e-06,-7.38861117729958e-14,1.0846202924533668e-09,1.0846202924533668e-09,2.2525637546132545e-12,-1.1103814150688574e-13,6.987407527177824e-11,-2.2113017234568205e-12,-1.990835624001335e-12,1.084954238544743e-09,4.4015659327895645e-09,-1.1103814150688574e-13,-6.461589518180656e-14,-7.388614053276103e-14,-7.388597535470831e-14,-7.388602654331606e-14,9.732290228454096e-11,2.144279745672811e-13,-7.388595968598233e-14,2.1533155110889603e-06,-7.388582600395532e-14,-1.1103830425866493e-13,1.4675307667649068e-05,-7.636976945447655e-14,1.0849542383025157e-09,2.794937364977057e-13,1.084620292611383e-09,2.153315511088956e-06,-7.388586446291394e-14,-6.461591025173642e-14
1.1696171506412228e-05,9.061559136905153e-10,9.059918595787459e-10,9.054969331165623e-10,-1.0194097952837296e-13,1.7981135564718728e-06,-2.0457615440584333e-13,9.061559136905153e-10,1.7981135564718723e-06,7.652684753532357e-11,9.061559135781392e-10,9.06155913493345e-10,-1.0905258525418035e-12,5.6626314926944e-14,-1.465973145611458e-14,1.0819857956857877e-12,9.746312054842272e-13,9.059918592889041e-10,-1.0739151358277271e-12,5.662632223344824e-14,6.753558947853098e-11,7.652684753546141e-11,7.65268475351956e-11,7.652684753393758e-11,-4.2451308173153994e-11,-1.0194097952837296e-13,7.652684753540525e-11,9.059853993778539e-10,7.652684753535467e-11,5.662614793050291e-14,-7.636976945447655e-14,1.4675063349949694e-05,9.059918594113185e-10,-1.2935646356869e-13,9.061559137200782e-10,9.059853993778539e-10,7.65268475351073e-11,6.753558947806166e-11
0.999990565045226,0.9999718135461503,0.9999710765579112,0.9999715381023927,9.061988098173672e-10,0.9999707149212594,8.597189241390624e-10,0.9999718135461532,0.9999707149212594,9.084557816305332e-10,0.9999718135461523,0.9999718135461528,5.017761238434159e-06,8.959174319290068e-10,8.926295284751086e-10,3.2046503860127917e-06,3.2531316537547197e-06,0.9999710765579103,5.029942348176829e-06,8.959174316022288e-10,9.040717046362036e-10,9.084557818349657e-10,9.084557818365742e-10,9.084557812611503e-10,8.93761945412015e-10,9.061988101427939e-10,9.084557816934835e-10,0.9999710904141478,9.084557817549844e-10,8.959174316330646e-10,1.0849542383025157e-09,9.059918594113185e-10,0.9999857515386447,4.817800699466448e-06,0.9999718135461515,0.9999710904141471,9.084557819834427e-10,9.040717047068016e-10
1.4715854753920603e-05,2.426922676727504e-09,4.817800699466448e-06,4.82124727204683e-06,3.6718758741538993e-13,4.817768462744963e-06,7.262483268123206e-13,2.426922677035728e-09,4.817768462744961e-06,-1.2511214939657345e-13,2.426922677035728e-09,2.426922677035728e-09,7.636965748830533e-09,-1.885646718925561e-13,6.116726824992049e-14,-7.487653724150166e-09,-6.740714607572641e-09,4.81780069946645e-06,7.521641688736207e-09,-1.8856462082119146e-13,-1.0928845701550182e-13,-1.251123908598424e-13,-1.2511212558587924e-13,-1.2511237703029554e-13,8.479220380099111e-14,3.6718766867202777e-13,-1.251121032800355e-13,4.817845796980374e-06,-1.2511237703029554e-13,-1.8856467189136555e-13,2.794937364977057e-13,-1.2935646356869e-13,4.817800699466448e-06,1.4675936626229638e-05,2.4269226770285006e-09,4.817845796980371e-06,-1.2511214939657345e-13,-1.0928837942051413e-13
0.9999913020838382,0.9999725519188375,0.9999718135461523,0.999972270884822,9.057565568497216e-10,0.999971451946978,8.588379444026911e-10,0.9999725519188407,0.999971451946978,9.08614669059568e-10,0.9999725519188388,0.9999725519188397,2.5235606419446457e-09,8.961537363279493e-10,8.925608756305712e-10,1.6193116538478442e-09,1.6432798171486418e-09,0.9999718135461507,2.5297692326457683e-09,8.961537359930499e-10,9.042112433209447e-10,9.086146686391541e-10,9.086146687239553e-10,9.086146683951426e-10,8.936644509828792e-10,9.057565573270916e-10,9.086146686714388e-10,0.9999718273473949,9.086146686819879e-10,8.961537358970995e-10,1.084620292611383e-09,9.061559137200782e-10,0.9999718135461515,2.4269226770285006e-09,0.9999872268989872,0.9999718273473959,9.086146691938353e-10,9.042112432484114e-10
0.9999905789002721,0.999971827347393,0.9999710904141478,0.9999715521254225,9.062163999929366e-10,0.9999707287760597,8.5975391709871e-10,0.9999718273473962,0.9999707287760597,9.084495268120614e-10,0.9999718273473949,0.9999718273473959,5.018130035433431e-06,8.959081085997384e-10,8.926323020737527e-10,3.204287096266868e-06,3.2528045265621293e-06,0.9999710904141466,5.030305556089255e-06,8.959081085091385e-10,9.040662174443464e-10,9.084495269606981e-10,9.084495269004624e-10,9.084495267099544e-10,8.937658626850633e-10,9.062164004315925e-10,9.084495267690588e-10,0.9999711042725645,9.084495269415402e-10,8.959081084427321e-10,2.153315511088956e-06,9.059853993778539e-10,0.9999710904141471,4.817845796980371e-06,0.9999718273473959,0.999985779253288,9.084495271953878e-10,9.04066217571903e-10
1.170106139700436e-05,9.086146690016169e-10,9.084557823032505e-10,9.079765373508881e-10,-9.865828504783898e-14,1.8030033879888284e-06,-1.980478422217474e-13,9.086146692138264e-10,1.8030033879888284e-06,7.421595553836082e-11,9.086146691090653e-10,9.086146692138264e-10,-1.0558507007430915e-12,5.488905848595515e-14,-1.414066902357054e-14,1.047836290737094e-12,9.438809583860622e-13,9.084557823032505e-10,-1.0397656907956562e-12,5.4889062761271585e-14,6.550871635095303e-11,7.421595553849263e-11,7.421595553823161e-11,7.421595553696872e-11,-2.0664612823247816e-14,-9.865828504783898e-14,7.421595553843655e-11,9.084495271713693e-10,7.421595553838613e-11,5.488905848595515e-14,-7.388586446291394e-14,7.65268475351073e-11,9.084557819834427e-10,-1.2511214939657345e-13,9.086146691938353e-10,9.084495271953878e-10,1.4675058656563018e-05,6.550871635048507e-11
1.1692359249648988e-05,9.042112432180227e-10,9.040717044326549e-10,9.036511868086893e-10,-1.714002066541329e-10,1.7943013683023846e-06,-1.7362504043770261e-13,9.042112432180227e-10,1.7943013683023846e-06,6.550871635070174e-11,9.042112432989724e-10,9.042112432180227e-10,-9.26063329297653e-13,4.835612865650637e-14,-1.2223639737939344e-14,9.198864636600003e-13,8.286634616152317e-13,9.040717044326549e-10,-9.119454304355885e-13,4.835612313538803e-14,5.78651972368132e-11,6.550871635084811e-11,6.550871635057619e-11,6.550871634932379e-11,-1.7949227005863274e-14,-1.714002066524397e-10,6.550871635079167e-11,9.04066217468903e-10,6.550871635074046e-11,4.835612865679021e-14,-6.461591025173642e-14,6.753558947806166e-11,9.040717047068016e-10,-1.0928837942051413e-13,9.042112432484114e-10,9.04066217571903e-10,6.550871635048507e-11,1.4675042314659846e-05
