0.9999999999831992,-1.0715985079374474e-09,-1.8925186016684166e-09,-3.306195220576723e-10,0.9999999905711952,-1.892515430857107e-09,1.9212474859593375e-10,-6.556755665137365e-10,-1.3222771536808193e-09,1.5756030303021479e-10,2.9547293349200664e-10,-1.3348276353615079e-09,1.5756048029751863e-10,0.9999999874838706,-8.035718023492146e-10,-9.011499732859839e-10,1.5755946446448476e-10,-1.4683927002292814e-09,-6.696777201993481e-10,1.5755948035135826e-10,-6.385107703343703e-10,-7.203407069129965e-10,0.9999999923103461,-7.578809019318451e-10,2.1987431783046428e-10,4.21088256162075e-09,0.9999998973253773,0.9999999806688245,0.999999992310348,-3.306187579572637e-10,1.5755946192135661e-10,0.9999998961167494,0.9999999908941689,-1.3222784741638102e-09,0.999999989045695,1.6347115104263876e-09,-8.691287547821704e-10,0.9999999009131316,1.4226660067860125e-09,-8.312387125774012e-10,4.659362077858779e-10,1.575576159482934e-10,-2.0660741184552036e-09,0.9999999209960915,-5.497887961641695e-10,0.9999999878910552,-2.3424867198267346e-10,0.999999987483872,4.650490327495339e-10,-9.847904289396772e-10,0.9999999835739832,-4.181778060675608e-10,-9.820461079878455e-10,-2.2251408637824368e-11,-1.975990844501311e-09,0.9999999882606776,-7.329680838940239e-10,0.9999998995608401,0.9999999845199121,0.9999999398450276,-7.732960755681521e-10,3.874853405918359e-10,-8.882834840285481e-10,2.453323956910271e-10,0.9999999798456592,3.951699170902931e-10,0.9999998738308845,1.254600900124905e-10,-1.031155812499985e-09,-7.096630847515727e-10,-7.844129772649986e-10,0.9999999011331717,0.999999988345497,1.5756055722106686e-10,1.5756055512281162e-10,-3.306204272088158e-10,1.7105871687517979e-09,-1.395472459542471e-09,-7.096630832980223e-10,0.9999999923103506,-5.697423780079278e-10,-1.746885613049453e-09,1.1873889583747912e-09,0.999999992310348,0.9999999845496185,0.9999998861391148,-1.1250497664926005e-09,-4.800538966346363e-10,-8.952622323952366e-10,1.5755945911444884e-10,-6.022196915071945e-12,-1.3222752350089837e-09,0.9999999405741993,0.9999999923103483,-3.0993131314509296e-09,0.9999999858717235,-7.732997979588755e-10,3.948543207113455e-09,-7.912903696942317e-10,3.948542514766678e-09,-5.948189945291538e-10,-1.5812228480184348e-09,-1.3611751816619377e-09,0.9999999914849762,-1.3222775821641378e-09,1.5755946443235844e-10,0.9999999883454951,4.659362040911593e-10,-1.0610627224868748e-09,-7.167203176836653e-10,2.6679347142134524e-10,-8.696087733691988e-10,0.9999999924887136,2.5380564283323116e-10,4.251552649624712e-10,3.731287473614441e-09,-1.1025568307940534e-09,0.9999998996832348,3.644147742553767e-09,4.3557778810230973e-10,1.1873882405053767e-09
-1.0715985079374474e-09,7.040029099467846e-09,-7.692714318053334e-09,-9.234387281563569e-13,-5.590844652343691e-13,-7.692714318053412e-09,1.5086666258631889e-13,-5.758003178967561e-13,7.37558822492869e-14,-4.059071459498443e-14,1.7042075499435993e-13,4.3971496134583144e-14,-4.059071729753215e-14,-1.1556690383153548e-12,3.009437432894733e-09,1.5875894207801966e-12,-4.0590814566249456e-14,-7.331904994691063e-09,-2.672136624866784e-13,-4.059083597338091e-14,-5.633712207052961e-13,-1.188642090119737e-13,-6.286519647799598e-13,-2.999026314429504e-13,-5.668207610014978e-13,3.1450248382788518e-12,6.308607568287983e-10,-9.261508798771778e-13,-6.286519734729128e-13,-9.234387074838845e-13,-4.059079908139155e-14,-1.0913398043364123e-13,-6.79263517944734e-13,7.37558138869537e-14,-5.584113707525328e-13,-8.120627831613384e-11,1.4265823506982145e-12,-8.291947765465152e-13,-2.5638075955017866e-09,-1.0061655730062088e-12,1.2661676264815145e-13,-4.059080815156193e-14,-1.0060307319112315e-13,-1.1328801984745894e-13,-8.429158845812026e-13,-1.2199951582726584e-12,-2.478791685808203e-13,-1.1556690601069771e-12,2.1666496671312416e-13,-4.3504423307453895e-13,-1.065181559606299e-12,1.4806920260565083e-12,1.367328913393996e-13,1.4644330291039358e-12,4.4326793686173475e-13,-6.474443442234188e-13,-1.1168673099591982e-12,-7.466107561324853e-13,-5.254629460279166e-13,7.725475282887621e-12,1.2829274965915114e-12,-3.452473560663799e-15,-3.3535764242884605e-13,-4.7483596636674496e-14,-9.936809786544593e-13,2.692184461199564e-13,-1.2646020965609625e-09,-5.539954221729022e-13,-2.3919600112112795e-13,-4.417669664816602e-09,-3.7409958666154214e-13,-3.0609941855825116e-13,-5.156347093516457e-13,-4.059071729753215e-14,-4.059071729753215e-14,-9.234387314158623e-13,6.341909297799039e-09,-9.806592654279409e-14,-4.417669664816582e-09,-6.286519613981318e-13,-4.1893161709621694e-13,3.673394353031808e-13,6.253581978035542e-13,-6.286519655335425e-13,-9.213055186498201e-13,-1.067893264602654e-13,-5.432259020286729e-14,-3.417564087941169e-13,1.4616973669439263e-12,-4.059080815156193e-14,1.3722486847263909e-12,7.375584062135213e-14,-3.407912861984912e-13,-6.286520481756898e-13,2.0611865600491685e-12,-1.0756698040801896e-12,1.2829275892248797e-12,3.1271681151757132e-12,-8.500742180973273e-13,3.1271681151757132e-12,-9.745109709126764e-13,-7.403370625787519e-09,1.008835513704139e-13,-5.900090947521832e-13,7.375584062139223e-14,-4.059071729753215e-14,-5.156347256755628e-13,1.266168220056372e-13,1.4994550127259186e-12,-9.767889572991824e-13,-1.9159882613924087e-13,-3.5113699356318612e-09,-6.284716974716089e-13,1.5709543928533174e-12,2.1908332939373155e-13,2.9520235802362324e-12,-4.828464334565399e-13,-2.2231313067787635e-13,2.8344877547628748e-12,8.788462322774715e-14,6.253579955916047e-13
-1.8925186016684166e-09,-7.692714318053334e-09,4.445762642344101e-09,-1.2354773845538002e-12,-1.036035732253381e-12,-9.363110398041516e-09,-4.384331828413015e-14,-6.268884347798115e-13,-1.0681967429099116e-13,-2.5022961872107015e-13,6.12738957531961e-14,-1.157886375781243e-13,-2.502296546482282e-13,-2.2429662133864508e-12,1.1781035291270008e-12,1.1368683146517692e-12,-2.502296407349803e-13,-8.636312601070013e-09,-2.7703950399439703e-13,-2.502296407349803e-13,-4.4091584624344127e-13,-3.6586859593136356e-13,-1.1328775437919587e-12,-5.150729484781059e-13,-5.859728969358193e-13,5.384036623449126e-12,8.116463272790866e-13,-1.924197259812665e-12,-1.1328775615821677e-12,-1.2354774367479133e-12,-2.5022967647933427e-13,4.1980709015652685e-14,-1.3919227967428255e-12,-1.0681967429078674e-13,-9.638123169108928e-13,6.0320312252737e-10,1.0339710955786602e-12,-1.2123832251923455e-12,-1.8675463398423663e-09,-1.4885733514479153e-12,-1.305827235568394e-13,-2.502296228611709e-13,-8.052560981075085e-13,-1.2440643843097733e-14,-3.7463312656431515e-09,-2.3368412909014215e-12,2.197638271019801e-13,-2.242966301833867e-12,7.206051518106992e-14,-8.737638309565733e-13,-1.8417047598003842e-12,9.70902263645655e-13,1.7510889192602316e-12,1.9999664712411103e-12,2.284846735713104e-12,-1.0728685840033517e-12,-1.563078107341486e-12,-1.0403119921972523e-12,-1.1348231414787834e-12,9.52584401006677e-10,1.1256321538682245e-12,-3.955779379330435e-14,-1.312521926066099e-12,-1.8368856252910432e-13,-1.9740460295150755e-12,2.2007269484491102e-13,-2.0617021167852775e-09,-5.585036504554582e-13,-1.2871853516649572e-13,-5.045523006618294e-09,-5.79808681310589e-13,-1.6718652303874162e-13,-9.576475319087632e-13,-2.502296407364166e-13,-2.502296546482282e-13,-1.2354774498096253e-12,3.73036561865176e-12,-3.9633879491653875e-13,-5.0455230066182525e-09,-1.1328775793240682e-12,-1.2243462993390128e-12,2.008761723498324e-12,2.7443346508732585e-12,-1.1328775793257674e-12,-1.5281151280724895e-12,-2.765259236840601e-14,-8.940099172698239e-13,-5.184995593190787e-13,1.013202597851953e-12,-2.502296407349803e-13,8.056636568652716e-13,-1.0681974744596965e-13,-1.9134245195572734e-13,-1.132877570789213e-12,3.2047624800932333e-12,-2.083607443068143e-12,1.1256321538682245e-12,5.168994621201799e-12,-1.3367069858480165e-12,5.168994770979343e-12,-1.5469501243293733e-12,-8.723341757411304e-09,-8.301832036580803e-14,-1.0824653086770778e-12,-1.068197974834953e-13,-2.502296407364166e-13,-9.576475319085291e-13,-1.3058272356301778e-13,9.624429217665003e-13,-1.4367718561938765e-12,-8.326965192909863e-13,-3.437174711328542e-09,-1.071047577474342e-12,1.2593042927367188e-12,1.9032655765347702e-13,4.898667980904731e-12,-3.7396578427381867e-13,-1.0785392820635022e-13,4.753312382458984e-12,-6.599780948057704e-14,2.7443346508732585e-12
-3.306195220576723e-10,-9.234387281563569e-13,-1.2354773845538002e-12,1.3068766225894205e-08,-2.8594760225947023e-13,-1.2354774485126126e-12,-2.0366490500717076e-10,-1.6538845724637286e-13,-4.317548354310996e-14,-1.2997040703422668e-13,-1.1561986004039943e-10,-4.221654583374905e-14,-1.299704189307458e-13,-7.591698599464498e-13,3.5426578360445607e-13,2.975970111355291e-13,-1.2997041414584023e-13,-1.0816100860135287e-12,-3.7552829893346236e-14,-1.2997033234137815e-13,-4.775998630698264e-13,-1.4536219991737176e-13,-3.110128150633561e-13,-2.0494329095149296e-13,-5.417085123983577e-13,2.237025769189885e-12,7.240832055466623e-10,-6.05902910190948e-13,-3.110128094397598e-13,-7.398328534670901e-10,-1.2997041414476382e-13,2.330799204915385e-10,-4.0632788632385367e-13,-4.31756178157278e-14,-2.5227126682693737e-13,1.7943035712798366e-13,3.0815866062359976e-13,-3.4420859767518304e-13,-7.31884259558264e-14,-9.552934806003668e-10,-2.2745040087464772e-10,-1.2997037045435712e-13,-4.067242622657011e-13,1.8342095036746583e-13,-7.774056973074271e-13,-8.069589949796074e-13,-1.8617071920646083e-13,-7.591698719750263e-13,-1.2265348526415072e-10,-3.327254432948176e-13,-6.168188552770151e-13,2.2032917724052283e-13,5.740519103859668e-13,6.06649906089497e-13,7.820197400248416e-13,-2.820486967117888e-13,-1.0392724222997723e-09,-2.808658470439155e-13,-3.0787953141366824e-13,3.4591781517414224e-13,2.800719689581701e-13,-4.039659709866751e-14,-6.114140607260438e-13,-9.580283855453345e-14,-6.567482214305448e-13,-5.2845012299869045e-12,-5.529551538769365e-10,-4.9956845639517e-13,-4.352081579784194e-13,-5.098287527835651e-13,-2.112260292895881e-13,9.93816545827196e-14,-2.574676799851179e-13,-1.2997040056717292e-13,-1.2997039905588284e-13,-7.398328534670942e-10,9.013618192366145e-13,-1.6214327912057861e-13,-5.098287427619339e-13,-3.1101280610255855e-13,-5.802976838799787e-13,7.342837357249837e-13,9.574937925636507e-13,-3.1101282001866677e-13,-4.917670750101644e-13,2.1072581267948464e-10,-5.075880971884823e-13,-1.5035507639932357e-13,2.648116128747101e-13,-1.2997041414584023e-13,1.6348235554611133e-13,-4.31756178157278e-14,1.0106669363621025e-13,-3.1101280610255855e-13,1.3937942469740411e-12,-6.836314798385596e-13,2.800719043427341e-13,2.1632812777533324e-12,-4.706942346077748e-13,2.1632812777533324e-12,-5.305881210468902e-13,-1.1187153649934663e-12,-1.3045984465737047e-14,-2.9699240237464884e-13,-4.317551572858755e-14,-1.2997044318884035e-13,-2.5746773202554737e-13,-2.2745040087465372e-10,2.120430496968427e-13,-8.738262994897884e-10,-4.2560330556269325e-13,-5.393725461930924e-13,-2.8358757322426514e-13,3.535053236213623e-13,1.3427011428472994e-12,2.059015562865846e-12,-4.774220277365805e-13,1.0945798293632678e-13,2.0085563536390555e-12,-2.1603943852030866e-10,9.57493810022446e-13
0.9999999905711952,-5.590844652343691e-13,-1.036035732253381e-12,-2.8594760225947023e-13,1.0000000102437683,-1.036033999052639e-12,-7.35363410781301e-14,-3.8776173789440117e-13,-7.615634576399437e-13,-6.602595948517711e-14,-1.8300944653059756e-15,-7.61318129256189e-13,-6.602582235032835e-14,0.9999999931094575,-5.676620380125688e-13,-6.614477900059129e-13,-6.602602985850797e-14,-7.801726608528054e-13,-3.825312754108136e-13,-6.602576683725389e-14,-4.682464840126071e-13,-4.919095659577299e-13,0.9999999982451779,-4.945136597346499e-13,-6.339624606956965e-14,2.717592258172014e-12,0.9999999007941034,0.9999999860965338,0.9999999982451779,-2.8594854793862843e-13,-6.602594420783074e-14,0.9999998993803673,0.9999999967620674,-7.615639087227249e-13,0.9999999949437621,8.345672243297116e-13,-6.09022793455216e-13,0.9999999041756319,7.757176080234489e-13,-5.771705116961604e-13,4.892426571969351e-14,-6.602552865824563e-14,-1.2970641028093587e-12,0.99999992508788,-5.806184624936915e-13,0.9999999934692523,-1.6551338816898896e-13,0.9999999931094583,1.0011592663621152e-10,-6.605401548829108e-13,0.9999999891408967,-4.4413367758921294e-13,-4.0346672392702737e-13,3.950213275602332e-15,-8.580878686275434e-13,0.9999999941375292,-5.388501321928516e-13,0.9999999028242617,0.9999999902238591,0.9999999443593567,-5.23017916438474e-13,7.596139347378328e-14,-7.47903329067912e-13,-1.569348802468069e-14,0.9999999852767105,5.863515504993801e-14,0.9999998768954941,-9.037817154256401e-14,-6.80850705367533e-13,-3.519392226774191e-13,-5.196467202662445e-13,0.9999999046729294,0.999999994209326,-6.602588402582678e-14,-6.602594533293658e-14,-2.859478486420162e-13,7.383135482953259e-13,-8.359663005175344e-13,-3.5193917404764066e-13,0.999999998245179,-5.819947749679842e-13,-7.574610218477308e-13,8.19024446829986e-13,0.9999999982451788,0.9999999902387806,0.9999998891495431,-8.767702668163953e-13,-3.302946803206488e-13,-6.514202464281876e-13,-6.602606258873823e-14,-2.7838788264539263e-13,-7.615632854237434e-13,0.9999999453524773,0.9999999982451787,-1.373268471894163e-12,0.9999999914904293,-5.230191627541153e-13,2.5604113313446804e-12,-5.507260949123e-13,2.5604118315596713e-12,-4.794729480153182e-13,-8.423431391863922e-13,-7.661772252763146e-13,0.9999999973865631,-7.615640434657424e-13,-6.602613611673754e-14,0.9999999942093237,4.892444297137759e-14,-7.646220142771005e-13,-5.09167303713875e-13,-1.6660360722052661e-13,-4.617257133309312e-13,0.9999999984684955,-8.196621148327896e-14,8.42807545196901e-14,2.422890909410787e-12,-7.024251343258813e-13,0.9999999031447142,2.3701513263087034e-12,8.853082775328241e-11,8.190242773900238e-13
-1.892515430857107e-09,-7.692714318053412e-09,-9.363110398041516e-09,-1.2354774485126126e-12,-1.036033999052639e-12,4.4457626423422185e-09,-4.384328550155195e-14,-6.268884050712186e-13,-1.0681967429077204e-13,-2.50229680351316e-13,6.127388858719583e-14,-1.157886082833074e-13,-2.5022959778451195e-13,-2.24296457905204e-12,1.1781035227273017e-12,1.1368684232299335e-12,-2.502296745110052e-13,-8.636312601070065e-09,-2.770395049489236e-13,-2.502296056034404e-13,-4.409158729440324e-13,-3.658687252983888e-13,-1.1328758442903773e-12,-5.15073078110405e-13,-5.85972933509028e-13,5.384036601007165e-12,8.116480418922953e-13,-1.9241955495623036e-12,-1.132875815232605e-12,-1.2354774374891744e-12,-2.502296228611926e-13,4.1982435367296085e-14,-1.3919211186424445e-12,-1.068197474460793e-13,-9.638106225975535e-13,6.03203122527282e-10,1.0339711554866314e-12,-1.212381515402703e-12,-1.8675463398424693e-09,-1.4885733725891689e-12,-1.3058269158305786e-13,-2.502296228611709e-13,-8.052560056747621e-13,-1.2438984450376164e-14,-3.746331265643108e-09,-2.3368396452919963e-12,2.197638271019801e-13,-2.2429646272402416e-12,7.206044219905646e-14,-8.737638313388417e-13,-1.8417031276908564e-12,9.70902259111611e-13,1.7510891893320107e-12,1.9999664742667165e-12,2.284846725962141e-12,-1.072866913099928e-12,-1.5630780889772044e-12,-1.040310270973853e-12,-1.1348215278263734e-12,9.525878248228897e-10,1.1256321538682245e-12,-3.955779379330435e-14,-1.312521926066099e-12,-1.8368853564499733e-13,-1.9740443544677556e-12,2.2007272561769558e-13,-2.0616986929695037e-09,-5.585036392697469e-13,-1.287185840056896e-13,-5.045523006618398e-09,-5.798088176411653e-13,-1.671848190638253e-13,-9.576459052446798e-13,-2.5022968035387704e-13,-2.5022960560344885e-13,-1.235477463157539e-12,3.7303655713422686e-12,-3.9633874278185914e-13,-5.045523006618357e-09,-1.1328758396357742e-12,-1.2243462993390128e-12,2.0087615515975868e-12,2.744334459486123e-12,-1.1328758682243685e-12,-1.5281134011559625e-12,-2.7650881666407188e-14,-8.940099172698239e-13,-5.184996591305205e-13,1.0132026654635782e-12,-2.5022965450563996e-13,8.05663623362312e-13,-1.0681979748354212e-13,-1.913407477171777e-13,-1.132875844290324e-12,3.204762486652296e-12,-2.0836056980836384e-12,1.1256321538696118e-12,5.168994762411858e-12,-1.3367069858441508e-12,5.168994770979339e-12,-1.5469501526959101e-12,-8.723341757411367e-09,-8.301834004859948e-14,-1.082463638345617e-12,-1.06819723206454e-13,-2.502296619534245e-13,-9.57645830060494e-13,-1.3058275463472037e-13,9.62442990287543e-13,-1.4367718410023843e-12,-8.326965873228819e-13,-3.437174711328578e-09,-1.0710459284615605e-12,1.2593043249826675e-12,1.9032643442074363e-13,4.8986680972668045e-12,-3.739658023571012e-13,-1.0785222607489082e-13,4.7533123824558165e-12,-6.599775025809671e-14,2.7443345484610968e-12
1.9212474859593375e-10,1.5086666258631889e-13,-4.384331828413015e-14,-2.0366490500717076e-10,-7.35363410781301e-14,-4.384328550155195e-14,1.3428440936014672e-08,1.9566371457679243e-14,-1.5639332652077063e-13,-1.469791282468206e-13,-2.7792545914223545e-10,-1.3444923235332076e-13,-1.4697913722748915e-13,-4.5389828441355587e-13,-2.558154234803575e-13,-3.7273653196903745e-13,-1.4697908267070496e-13,6.95304015220414e-14,2.4551328134104196e-14,-1.4697905228752389e-13,-2.187649954130184e-13,-1.611390782786604e-13,-7.779504370271716e-14,-1.2547581776679e-13,-2.857752057039963e-13,1.9739637251338756e-12,8.044465400574319e-10,-7.020280169917534e-10,-7.7795038340655e-14,-2.0366490500717207e-10,-1.4697907626743726e-13,5.37341541609852e-10,-1.445287507136454e-13,-1.5639334402538684e-13,-2.587549815609332e-14,2.380562504928783e-13,-2.772135120107835e-13,-8.924075051428909e-14,8.219305710779063e-10,-4.3360681654303687e-10,-2.9851413019247493e-10,-1.469790704621772e-13,-1.003006199742751e-09,3.184216189841934e-13,-6.383278018715955e-13,-5.079289739223265e-13,4.626170091569295e-14,-4.5389831888886164e-13,-3.296694985091123e-10,-2.5258571798972205e-13,-3.500221575673734e-13,-4.187488684304642e-13,2.975979462187404e-13,1.9008283418194138e-13,4.753326191762195e-13,-2.5986286582632023e-14,-5.043041649444767e-10,-4.606319393071883e-14,-6.749436021816604e-14,1.0288007529242785e-09,-2.1475621963863245e-13,-5.437791378897301e-14,-6.564544604935794e-13,-1.0072513986572002e-13,-3.750538277574206e-13,-2.2408869036615031e-10,-7.74721951476793e-11,-2.2081513865295602e-13,-2.8023670663758823e-13,1.8082757913610066e-13,-1.6783483643981824e-13,3.309658287889126e-13,-5.173977677949229e-14,-1.469790704621772e-13,-1.4697912739444253e-13,-2.0366490500717957e-10,-1.23260990197717e-13,-2.709102502694661e-13,1.8082767420179203e-13,-7.779506679798811e-14,-5.694151818185667e-13,5.076544583424694e-13,6.139311565254594e-13,-7.779507853530971e-14,-2.492323220825287e-13,4.6672602396655e-10,-6.339672489255864e-13,-9.14556177415264e-14,-3.5382532677821364e-13,-1.469790704621772e-13,-4.481277003646046e-13,-1.5639331117845058e-13,3.4221272196358236e-13,-7.779504040623046e-14,1.2895795660977112e-12,-3.6931434646673906e-13,-2.1475621963863245e-13,1.9212095179511285e-12,-2.2243676183060836e-13,1.9212095335469303e-12,-2.453675663749167e-13,5.105075275545629e-14,-1.0423402935962654e-13,-7.563677681027553e-14,-1.5639326309761297e-13,-1.4697904487929134e-13,-5.173971241253142e-14,-2.9851413019248206e-10,-4.3879900863712707e-13,-3.8027707550483603e-10,-5.08333889130654e-13,1.008027979037362e-13,-3.891479742959712e-14,-2.97756036298591e-13,-1.5156681650853652e-10,1.834643225417449e-12,-2.4208129843176215e-13,3.015477425190069e-13,1.8052610450673495e-12,-3.507020468927043e-10,6.13931160131041e-13
-6.556755665137365e-10,-5.758003178967561e-13,-6.268884347798115e-13,-1.6538845724637286e-13,-3.8776173789440117e-13,-6.268884050712186e-13,1.9566371457679243e-14,1.3408236844910406e-08,9.039856270297183e-14,2.3679226217555743e-14,-1.969427589886772e-14,7.752926235835507e-14,2.3679226217555743e-14,-4.274235515108451e-13,2.3506668191210793e-09,1.2484155039051811e-12,2.367918208162328e-14,-5.817038424426061e-13,-2.5228763933512066e-14,2.367918261570868e-14,-1.3660874467813767e-12,9.763733511247554e-14,-3.914096956980155e-13,-2.7992320317758393e-14,-1.3239198354051808e-12,7.287808036337429e-13,-5.202481141989502e-13,-2.6285814421587756e-13,-3.914097101996384e-13,-1.6538842330630346e-13,2.3679322361170236e-14,-4.569200871235749e-13,-3.2634163823027516e-13,9.039856037759921e-14,-4.2824447594368763e-13,-1.0538783289918462e-10,2.3632556736738436e-09,-5.242021407782798e-13,-3.122007276330456e-13,-1.543553419715448e-13,5.485651913513769e-14,2.3679322361162988e-14,1.0522427104789157e-13,-3.704269251344101e-10,-8.464520067924471e-14,-4.605086611035443e-13,-2.720485068458155e-09,-4.2742358210974137e-13,2.642018806263962e-14,1.3657112204385935e-14,-5.404444919892946e-13,1.1534731210861821e-12,-7.069909422608727e-13,4.801529559992617e-10,-6.55765935610497e-13,-4.469091175997314e-13,-2.2264840673477172e-13,-5.273418593143556e-13,-2.9729302365914105e-13,-4.2791562718724286e-13,5.813864609116769e-13,-3.7562951994459254e-14,1.2395404218880305e-13,-2.6523739592004013e-15,-3.968394798026485e-13,1.5632297146773215e-14,-8.697639931431998e-10,-1.2651044529765445e-12,-1.3574555437207286e-12,-1.4927321034609887e-13,-5.012932252234254e-11,-4.662506305539411e-13,-3.9784875691760847e-13,2.367918261570868e-14,2.367918261570868e-14,-1.653884243262331e-13,9.663504955428998e-10,7.582829638288579e-14,-1.4927321034609887e-13,-3.9140968820457433e-13,-8.236644335628216e-14,-5.175208493368985e-13,-6.944264201646658e-13,-3.9140968820457433e-13,-5.465950840088708e-13,-3.627753213829592e-13,7.683733228898767e-14,-1.953826793910022e-14,1.1830694428845768e-12,2.3679150774230165e-14,1.0986741755918859e-12,9.039844278798172e-14,-4.90597987250794e-13,-3.914096969723074e-13,6.879547168300561e-13,-4.049021629457638e-13,5.813866817502256e-13,8.198494253690783e-13,-8.887467721060632e-14,8.198494194908319e-13,-7.447274997811573e-14,-6.545248122382285e-13,1.3458162731153719e-13,-3.849259231840439e-13,9.039856037759921e-14,2.367918261570868e-14,-3.9784875691777715e-13,5.485652079750009e-14,1.1737185729129467e-12,-7.971347283498973e-14,6.233671070481204e-14,-1.0232524036876587e-12,-4.259701111510263e-13,1.1742175291589038e-12,6.037990943056942e-15,7.963697043388333e-13,-1.3751693743593082e-12,-4.1085523631915394e-13,7.639819117313522e-13,-2.9324034234185124e-14,-6.944264201646658e-13
-1.3222771536808193e-09,7.37558822492869e-14,-1.0681967429099116e-13,-4.317548354310996e-14,-7.615634576399437e-13,-1.0681967429077204e-13,-1.5639332652077063e-13,9.039856270297183e-14,1.1873042876935258e-08,-1.2345953447825585e-13,-1.1335440080373834e-13,-1.6930200440365946e-09,-1.2345967103157678e-13,-1.2698030537439802e-12,2.838250791953978e-13,1.676177103581412e-13,-1.2345959613516376e-13,3.881710901008269e-14,-7.297420805480986e-10,-1.2345958587951534e-13,-4.927993393259465e-13,-1.3883375407462416e-13,-7.851311568447537e-13,2.2956064865202014e-13,-6.088023659173134e-13,2.1894064002030046e-12,-2.306678491175745e-13,-1.1681746907906987e-12,-7.851311675111646e-13,-4.3175564884196035e-14,-1.2345956731171135e-13,-2.5838546739499297e-13,-8.958688775695933e-13,-1.9354269671138276e-09,-7.355381682016303e-13,3.499698919726357e-13,2.549784055709654e-13,-7.944368760164025e-13,5.25364429614377e-13,-2.874286342740118e-13,-9.49728755230296e-14,-1.2345956731522752e-13,-8.117563140085864e-13,-2.145145483391371e-13,-8.320521039930346e-13,-1.32050022858827e-12,-2.7027700146542823e-13,-1.2698030513041054e-12,-1.124019231749432e-13,-2.4284593206505285e-13,-1.1249118669843036e-12,2.495366115749327e-14,6.31206345500314e-13,4.019524674703613e-10,8.75541608591383e-13,-7.341933799013676e-13,-1.8464759629748685e-13,-7.502632017043317e-13,-7.852429123232281e-13,-1.6772599954345536e-14,-2.503557718936764e-13,-2.946918470718041e-14,-7.808630950902044e-13,-7.390647757573177e-14,-1.1592643972411361e-12,-2.9431975499946845e-14,-1.4857221469128461e-09,-5.336241495796315e-13,-5.607909505522536e-13,8.672108078871119e-14,-2.1065484973687687e-14,-3.202847782192547e-13,-7.667044130570104e-13,-1.2345967953266498e-13,-1.2345957690961131e-13,-4.3175575063940786e-14,2.4971029668329715e-14,-2.0530280885459553e-09,8.672104948691026e-14,-7.851311779144305e-13,-8.26696118981936e-13,8.689427927373224e-13,1.0647351467372834e-12,-7.851312053626598e-13,-1.0183794589199656e-12,-3.3609389040194387e-13,-7.74303909638092e-13,-9.848914289079513e-10,1.6270037776443323e-13,-1.2345958587951521e-13,-1.2742928017500252e-13,-1.9354269671138293e-09,-3.961194112865587e-13,-7.851311568445872e-13,1.2878510654360495e-12,-1.147604744519654e-12,-2.503557974041089e-13,2.0990801842099708e-12,2.658564086290739e-13,2.0990801842099708e-12,2.3674990479574385e-13,-5.5699429130091936e-14,-1.8175100728434929e-09,-7.758865412198991e-13,-1.9354269671138326e-09,-1.2345958587951534e-13,-7.667043663926787e-13,-9.497289563582296e-14,8.167228004838158e-15,-2.293283659059624e-13,-5.198498152649801e-13,-1.9850371434658927e-13,-7.440199328481464e-13,2.449339624348333e-13,8.76652485279417e-14,2.047033292058885e-12,-5.267750493779444e-13,-3.416873894581064e-13,2.0263425826285923e-12,-1.1366443617586564e-13,1.0647351592390658e-12
1.5756030303021479e-10,-4.059071459498443e-14,-2.5022961872107015e-13,-1.2997040703422668e-13,-6.602595948517711e-14,-2.50229680351316e-13,-1.469791282468206e-13,2.3679226217555743e-14,-1.2345953447825585e-13,1.3547724782861784e-08,-9.995324873084955e-14,-1.0738489675889392e-13,-2.608597289427064e-10,-4.1875042422686204e-13,-1.3379845182315621e-13,-2.3160100138856727e-13,-2.608597289427066e-10,-1.3461123712835937e-13,1.0929500269687826e-14,-2.6085972894270586e-10,-2.264419914515311e-13,-1.329429167037271e-13,-7.582352700773625e-14,-1.1592074081044847e-13,-3.0505724908107806e-13,1.438784929809346e-12,4.134299632179377e-13,-3.364472863840873e-13,-7.582352700773625e-14,-1.2997033234554217e-13,-2.608597289427161e-10,2.578320521557809e-13,-1.815085047694765e-13,-1.2345959613516376e-13,-2.6721166269890413e-14,2.0996986291767803e-13,-1.640064544460264e-13,-8.894622494503782e-11,3.0037324060392887e-13,-2.343161488027537e-13,-1.6385952792552187e-13,-2.608597289427098e-10,-4.451945072445047e-13,2.9626124749738405e-13,-6.145619779220426e-13,-4.453526638926219e-13,9.65221035804804e-15,-4.187503770221303e-13,-1.2043552412104328e-13,-2.4486521846894313e-13,-2.6585969969975466e-13,-2.7994816160041365e-13,7.525026915525798e-13,2.3408159595219633e-13,8.871406775776612e-13,-3.2904438791609435e-14,-2.276743015875309e-13,5.68390975517061e-12,-1.1977615443744808e-13,4.702097398807369e-13,-1.0205903385883619e-13,-6.909930428116993e-11,-5.880513437026644e-13,-1.7894032924640189e-10,-3.5531161246726896e-13,-6.77188649325967e-14,-8.779006489981671e-11,-2.7323017705931974e-13,-2.6693050715843076e-13,4.6401163472584425e-14,-1.0068952853418563e-13,5.617199561038059e-10,-4.6982727113035135e-14,-2.608597289427096e-10,-2.608597289427051e-10,-1.299704048385252e-13,8.37591017951028e-14,-1.9560280411102733e-13,4.6401161840770233e-14,-7.582356812009774e-14,-5.174168210798485e-13,8.246452887315641e-13,1.0383641428868524e-12,-7.582356773082135e-14,-1.6708359968406412e-13,2.30952507513428e-13,-5.460316233328923e-13,-9.12135784089497e-14,-2.2704569944900567e-13,-2.608597289427053e-10,-3.112095969581351e-13,-1.2345967953266498e-13,2.9318764260895366e-13,-7.582357529025186e-14,8.141774692618696e-13,-3.620278024030551e-13,-1.0205903385883622e-13,1.344824020781581e-12,-2.415297397711342e-13,1.3448239299578253e-12,-2.7659364311524735e-13,-1.6508218996811385e-13,-1.075448074343973e-13,-7.112236038754921e-14,-1.2345967953266498e-13,-2.6085972894270865e-10,-4.6982718103483514e-14,-1.6385958464477357e-13,-2.960842953230872e-13,-2.0449816268505214e-13,-4.0779229793439843e-13,-2.0285834565614465e-14,-4.1683560390775434e-14,-1.563369461413694e-13,-4.4082531890331224e-14,1.2878321977458458e-12,-2.4786272431873465e-13,5.262412473330501e-10,1.2708279636036516e-12,-1.2867430305506614e-13,1.0383640202047128e-12
2.9547293349200664e-10,1.7042075499435993e-13,6.12738957531961e-14,-1.1561986004039943e-10,-1.8300944653059756e-15,6.127388858719583e-14,-2.7792545914223545e-10,-1.969427589886772e-14,-1.1335440080373834e-13,-9.995324873084955e-14,1.3591322828981564e-08,-9.709048685496318e-14,-9.995326358035652e-14,-2.4416727586624354e-13,-1.5571392356673305e-13,-2.2054011380028307e-13,-9.99532804300373e-14,1.2876141158579779e-13,1.8764262366239e-14,-9.995327349032512e-14,-1.7014018212369258e-13,-1.0867058187930084e-13,-1.6059405561486753e-15,-7.962482433466069e-14,-2.067908902184336e-13,1.409885190276936e-12,5.410364694852807e-10,-3.4688397936112777e-10,-1.6059300100813685e-15,-1.1561986004040357e-10,-9.995329399459671e-14,4.0380766888620656e-10,-2.642386535592667e-14,-1.1335440080373834e-13,2.852694786183982e-14,1.6091915166554192e-13,-1.64099781038149e-13,-3.708526581415177e-14,6.021220831575574e-10,-2.6754840939982315e-10,-1.8117508280940722e-10,-9.99532109225773e-14,-6.682694339256344e-10,2.531028463692663e-13,-4.057314215777093e-13,-2.8868394471022824e-13,-1.9916881355615737e-14,-2.441672932949201e-13,-2.478268148872216e-10,-1.5560381226890818e-13,-2.0292248184922591e-13,-2.5384680932219933e-13,-6.3480211288060006e-15,9.848572387760533e-14,1.2151630128838493e-13,3.032529980842651e-14,-3.36454254151857e-10,-1.2811666588273754e-14,2.5191225304476648e-14,7.526489842843616e-10,-1.8193289430652717e-13,-4.8078208243364614e-14,-4.301684598551134e-13,-6.913210825523293e-14,-1.9163895141704584e-13,-1.8073479482018966e-10,2.6771639043089907e-11,-1.5283240790116584e-13,-2.2152060861927335e-13,1.5831012195915162e-13,-1.361283662025909e-13,2.530383549300542e-13,9.730384656144095e-15,-9.995326396067228e-14,-9.995322807584432e-14,-1.156198600404076e-10,-1.609047533052877e-13,-1.9783948053734805e-13,1.5831013420213494e-13,-1.6059393946123645e-15,-3.787851951977163e-13,1.7937095368009884e-13,2.0015136989786498e-13,-1.6059423816475094e-15,-1.433568313213945e-13,3.552288695531511e-10,-4.2798137258250554e-13,-5.779399770120756e-14,-2.0692390052814063e-13,-9.995327349032512e-14,-5.572401061335312e-10,-1.1335440080373834e-13,2.653137913383828e-13,-1.6059339041245353e-15,9.66373900679798e-13,-1.8220587112349172e-13,-1.8193289430652717e-13,1.3943640112537745e-12,-1.237470895117953e-13,1.3943639783335999e-12,-1.3283026267853836e-13,1.2608515743472237e-13,-6.716464235856822e-14,-1.63773384918473e-15,-1.1335439426483152e-13,-9.99532494634876e-14,9.73039234725699e-15,-1.8117508280941182e-10,-2.6668496943943017e-13,-2.311967794843028e-10,-3.5163088051645356e-13,7.975133341037569e-14,2.2399831366499393e-14,-1.7777685936093912e-13,-1.2646584475204677e-10,1.3321100806945685e-12,-1.857180223886132e-13,2.335649379305813e-13,1.3097954597333094e-12,-2.617749063126858e-10,2.0015134231614517e-13
-1.3348276353615079e-09,4.3971496134583144e-14,-1.157886375781243e-13,-4.221654583374905e-14,-7.61318129256189e-13,-1.157886082833074e-13,-1.3444923235332076e-13,7.752926235835507e-14,-1.6930200440365946e-09,-1.0738489675889392e-13,-9.709048685496318e-14,1.2327248195558885e-08,-1.0738488554019689e-13,-1.2061295544098505e-12,2.61058740836651e-13,1.603065046992809e-13,-1.0738496366260728e-13,1.2160435228000937e-14,-6.440393846023067e-10,-1.0738484774278812e-13,-4.375658248632823e-13,-1.204954558100516e-13,-7.822863913604659e-13,4.0082310762673953e-10,-5.390669426591815e-13,1.906551283296952e-12,-2.9890337605264307e-13,-1.1171767604392272e-12,-7.822863672141925e-13,-4.221653296414889e-14,-1.0738487167576139e-13,-3.2456876381515355e-13,-8.800121299012615e-13,-1.693020044036613e-09,-7.390614136207961e-13,3.035820037290955e-13,2.353197038520252e-13,-7.93528681924897e-13,4.4922949698002726e-13,-2.5574392480310393e-13,-8.258244032351576e-14,-1.0738496366260728e-13,-7.078458675971668e-13,-2.854479366644202e-13,-7.288641615602179e-13,-1.2498616189593393e-12,-2.4292754646369813e-13,-1.2061295803289328e-12,-9.579742353087207e-14,-2.1332979282565163e-13,-1.0784756449948082e-12,3.4935417257939024e-14,5.614989561744115e-13,3.6338317532346564e-10,7.747224919356316e-13,-7.384815769772225e-13,-1.6488874568112794e-13,-7.546491677803675e-13,-7.835172377384169e-13,-1.1341099663715902e-13,-2.0876658244919007e-13,-2.5368852422899103e-14,-6.800613988219139e-13,-6.455991253420133e-14,-1.1097167836085129e-12,-2.3198717555744953e-14,-1.4979843283199119e-09,-4.742543974302824e-13,-4.946948403361006e-13,6.261261818137931e-14,-1.685243336245768e-14,-3.807468805123801e-13,-7.657883330786102e-13,-1.0738487167576496e-13,-1.0738482988906616e-13,-4.2216537133235225e-14,4.1037334065078256e-14,-1.7938748613752428e-09,6.26125093794222e-14,-7.822863672109879e-13,-7.218586411232109e-13,7.661884421214523e-13,9.408461460402874e-13,-7.822863525366433e-13,-9.85048738806806e-13,-3.9228984386519035e-13,-6.727711968180217e-13,-8.660564761222301e-10,1.5487321705289576e-13,-1.0738484083963443e-13,-9.893039476179196e-14,-1.6930200440366314e-09,-4.4602866404550625e-13,-7.822863620881493e-13,1.1171577703929006e-12,-1.1000593602269467e-12,-2.0876630618788274e-13,1.8265261029111225e-12,2.298516545174965e-13,1.8265260522280595e-12,2.036446001192126e-13,-7.162953050852218e-14,-1.591842088200968e-09,-7.740035211460184e-13,-1.6930200440366403e-09,-1.0738487167576496e-13,-7.657882878991185e-13,-8.258245278537369e-14,2.0572756272855855e-14,-2.045908861558049e-13,-4.506947869775719e-13,-1.876033473214445e-13,-7.466492377740307e-13,2.2740256967287354e-13,7.882071920027915e-14,1.781549953923285e-12,-4.668718619632475e-13,-3.9868006700983294e-13,1.7633659705306067e-12,-9.742733525087472e-14,9.408460473368097e-13
1.5756048029751863e-10,-4.059071729753215e-14,-2.502296546482282e-13,-1.299704189307458e-13,-6.602582235032835e-14,-2.5022959778451195e-13,-1.4697913722748915e-13,2.3679226217555743e-14,-1.2345967103157678e-13,-2.608597289427064e-10,-9.995326358035652e-14,-1.0738488554019689e-13,1.3547724782861784e-08,-4.187502324607916e-13,-1.3379850063270793e-13,-2.3160098790499867e-13,-2.6085972894270974e-10,-1.3461123127863176e-13,1.0929609625322703e-14,-2.6085972894270917e-10,-2.2644203963179273e-13,-1.3294294533557603e-13,-7.582342193230902e-14,-1.1592074081044847e-13,-3.050572224772102e-13,1.4387848638010124e-12,4.134301238416596e-13,-3.3644718066198746e-13,-7.582339740575745e-14,-1.2997040056717292e-13,-2.6085972894271956e-10,2.578322256402884e-13,-1.8150836488891073e-13,-1.234596003560023e-13,-2.6720985473610168e-14,2.0996991297278104e-13,-1.6400642708557343e-13,-8.894589652694614e-11,3.003731220567885e-13,-2.343161634007756e-13,-1.6385957087195839e-13,-2.608597289427129e-10,-4.451946083237427e-13,2.962614227484078e-13,-6.145619835760475e-13,-4.4535248605346804e-13,9.6522204812122e-15,-4.18750214676326e-13,-1.2043555420540004e-13,-2.4486515028405306e-13,-2.6585956595119915e-13,-2.799480505186548e-13,7.525027180700133e-13,2.3408164043623564e-13,8.871405227103834e-13,-3.290428486834226e-14,-2.2767437438221804e-13,5.684238173295038e-12,-1.19775978074684e-13,4.702099108422857e-13,-1.0205915577101645e-13,-6.909930428117292e-11,-5.880513437026644e-13,-1.7894032924640333e-10,-3.553115164626579e-13,-6.771894440217671e-14,-8.77897364817289e-11,-2.732301770577287e-13,-2.6693049237054545e-13,4.6401262635074166e-14,-1.0068940862301539e-13,5.61720284521919e-10,-4.6982600033554026e-14,-2.608597289427128e-10,-2.608597289427079e-10,-1.299704048385252e-13,8.375906920506082e-14,-1.9560276236972137e-13,4.640116347673062e-14,-7.582340709843781e-14,-5.174167939114211e-13,8.246452769609095e-13,1.0383641477968981e-12,-7.582341861299009e-14,-1.6708335748221315e-13,2.3095265890624467e-13,-5.460315381722227e-13,-9.121350733459312e-14,-2.270456610188501e-13,-2.6085972894270855e-10,-3.1120963489084363e-13,-1.2345959613509795e-13,2.9318784115812664e-13,-7.582343184654444e-14,8.141774692618696e-13,-3.6202759208335607e-13,-1.020590842110949e-13,1.344824026385807e-12,-2.4152956515126995e-13,1.3448240207813181e-12,-2.7659356186770334e-13,-1.6508223853486746e-13,-1.075448074343973e-13,-7.112222176679036e-14,-1.2345952278623392e-13,-2.608597289427119e-10,-4.698255218904062e-14,-1.6385958509040665e-13,-2.960842385118113e-13,-2.0449813550249173e-13,-4.0779230347673986e-13,-2.0285827605434483e-14,-4.1683378163094875e-14,-1.5633697010303634e-13,-4.408249614143595e-14,1.2878323129026099e-12,-2.4786269017248485e-13,5.262415757511708e-10,1.2708278351430806e-12,-1.2867426252594868e-13,1.0383640048616447e-12
0.9999999874838706,-1.1556690383153548e-12,-2.2429662133864508e-12,-7.591698599464498e-13,0.9999999931094575,-2.24296457905204e-12,-4.5389828441355587e-13,-4.274235515108451e-13,-1.2698030537439802e-12,-4.1875042422686204e-13,-2.4416727586624354e-13,-1.2061295544098505e-12,-4.187502324607916e-13,1.0000000013851866,-8.737603636612283e-13,-1.233981161307624e-12,-4.1875046804619655e-13,-1.6588635277364264e-12,-4.639899127534285e-13,-4.1875024837626253e-13,-8.394657443370408e-13,-9.124353620615364e-13,0.9999999948401015,-7.961254983910217e-13,-6.335745585800456e-13,7.905983148472951e-12,0.9999999005719313,0.9999999810884774,0.9999999948401023,-7.591707273541033e-13,-4.187504107385925e-13,0.9999998982256214,0.9999999928770071,-1.2698035124330958e-12,0.999999991853933,1.4412146013171493e-12,-1.0017891562217618e-12,0.9999999008884789,1.4612559216635885e-12,-1.3780661423010162e-12,-2.908063987509632e-13,-4.18749955015918e-13,-2.5995194253759644e-12,0.999999923968871,-2.3883135151237074e-12,0.9999999876993321,1.7161888406524077e-13,0.9999999875765233,-2.446619357471755e-13,-1.3939217307103502e-12,0.999999984344958,-1.1562288944737541e-12,1.0450553950441487e-12,8.793061905573842e-13,2.1593641299745777e-09,0.999999990998199,-1.3772685693252591e-12,0.9999998998092289,0.9999999867898637,0.9999999443629008,-7.54651288755242e-13,-1.6019477646903177e-14,-2.4630240913524972e-12,-2.5093810677584146e-13,0.999999980208239,-8.191637246751762e-14,0.9999998738438278,-5.383902654956796e-13,-1.1003794089244052e-12,-6.152595237487583e-13,-9.416309768820932e-13,0.9999999035928933,0.9999999910061836,-4.187503266842693e-13,-4.187503719368346e-13,-7.591700775405061e-13,1.4206334253557106e-12,-1.626236141824505e-12,-6.152594478134576e-13,0.9999999948401032,-2.0867138427113864e-12,1.1140297187250362e-12,3.1846382445215948e-12,0.9999999948401024,0.9999999860225477,0.9999998877795576,-2.4293418520336446e-12,-7.133853726559072e-13,-1.212038827721678e-12,-4.1875053909405314e-13,-1.1047379785669474e-12,-1.2698027944478142e-12,0.9999999442255867,0.9999999948401024,3.663769847477421e-09,0.9999999863800775,-7.546524552846229e-13,7.544991897174217e-12,-1.2306173620960525e-12,7.544992199841907e-12,-1.2666628096345646e-12,-1.7794071586266395e-12,-1.1793528315103044e-12,0.9999999940193799,-1.26980364226274e-12,-4.187505676825238e-13,0.9999999910061814,-2.908062751248832e-13,-1.523137258461411e-12,-1.2470586405764408e-12,-1.4044203276251285e-12,-5.787311287807814e-13,0.9999999952668365,-4.5059849491353385e-13,2.5828048697470975e-14,7.181184240548865e-12,-1.1069455699112262e-12,0.9999999019631061,7.043508976595108e-12,-2.942950533790407e-13,3.1846380885890355e-12
