1.000000004953863,-2.745718879147414e-07,-2.7457189082037764e-07,1.000011442831732,-6.561796162376776e-07,-2.8493826715765583e-07,-2.9257810005818897e-07,1.000011442831738,-2.745718860518762e-07,-5.964855611563127e-07,1.000011442831734,1.0000114428317342,-3.460627447782294e-07,-2.8586070045769615e-07,1.0000114428317342,1.000011841511174,-3.3803448974322477e-07,1.000011442831738,1.0000118415111738,1.000011442831738,-2.858607005845356e-07,1.0000118415111734,-2.7457188933763964e-07,1.0000111008321273,-2.7457189002613894e-07,-2.7457188786975897e-07,-2.8586070045770383e-07,-3.6194630182652126e-07,1.0000109555924728,-2.808721712447149e-07,-3.21369744781432e-07,1.0000118415111738,-2.7457189002615773e-07,-2.858607008744202e-07
-2.745718879147414e-07,-1.4294804802329385e-06,-1.094289629110982e-14,-5.162144569168859e-11,-1.3919831169465143e-17,-5.984148892546353e-18,-5.640816121109975e-18,-5.1621445747527255e-11,-1.0942897138915628e-14,-1.7410784341990152e-17,-5.162144565805871e-11,-5.162144570697345e-11,-2.6219843993970686e-18,-4.90315247889343e-18,-5.162144565805871e-11,-5.162146337665773e-11,-3.158185639634169e-18,-5.1621445655491915e-11,-5.162146337665773e-11,-5.162144570697345e-11,-4.90315247889343e-18,-5.1621463428487994e-11,-1.094289684486597e-14,-5.16214306497363e-11,-1.0942896571215685e-14,-1.0942896682776157e-14,-4.9016640402415225e-18,-1.4430410270863904e-18,-1.0235582007898265e-07,-6.3347380634331264e-18,-3.80069161290477e-18,-5.162146344547778e-11,-1.0942896635000805e-14,-4.920365871018625e-18
-2.7457189082037764e-07,-1.094289629110982e-14,-1.4294804802329385e-06,-5.162144745601856e-11,-1.355500237537174e-17,-5.850639913096247e-18,-5.601695988823338e-18,-5.1621447596488735e-11,-1.094289656617546e-14,-1.7349595651565495e-17,-5.162144753369834e-11,-5.16214474543804e-11,-2.7156243259539278e-18,-4.985435109684087e-18,-5.1621447596488735e-11,-5.1621465222071497e-11,-3.091550938912026e-18,-5.1621447596488735e-11,-5.1621465429741064e-11,-5.1621447628886375e-11,-4.920365871018625e-18,-5.1621465222071497e-11,-1.0942896272125386e-14,-5.162143248862057e-11,-1.0942895998475053e-14,-1.0942896110035814e-14,-4.920365871018625e-18,-1.5837296794972807e-18,-1.0235582387655285e-07,-6.272257784980267e-18,-3.669935608472483e-18,-5.162146533777839e-11,-1.0942896062260848e-14,-4.920365871018625e-18
1.000011442831732,-5.162144569168859e-11,-5.162144745601856e-11,1.0000130796292523,-4.839648396887425e-07,-5.6849571699246475e-11,-6.070260199504154e-11,1.0000145091094388,-5.162144609066972e-11,-4.242706179351298e-07,1.0000145091094388,1.000014509109439,-8.767675109499004e-11,-5.731478258438232e-11,1.0000145091094383,1.0000149077900418,-8.36278259576391e-11,1.0000145091094388,1.0000149077900422,1.0000145091094388,-5.731478208166914e-11,1.0000149077900429,-5.162144629049787e-11,1.0000141671088334,-5.1621446544877686e-11,-5.162144674781028e-11,-5.731478226856438e-11,-9.568737503639571e-11,1.0000140218687548,-5.4798899272633946e-11,-7.522321743227852e-11,1.000014907790043,-5.1621446580278987e-11,-5.731478231259337e-11
-6.561796162376776e-07,-1.3919831169465143e-17,-1.355500237537174e-17,-4.839648396887425e-07,-1.4294805182455081e-06,-2.8458876211651475e-14,-2.428136275877543e-14,-4.839648396887449e-07,-1.3686247488332053e-17,-7.285164392321231e-14,-4.839648396887431e-07,-4.839648396887433e-07,3.7308819442257237e-19,-1.0813773293765655e-17,-4.839648396887429e-07,-2.440795494538674e-10,-1.6916777773462896e-18,-4.839648396887446e-07,-2.440795492733734e-10,-4.839648396887416e-07,-1.0585198414127743e-17,-2.440795492733734e-10,-1.3553350527104471e-17,-4.839646921659292e-07,-1.3648805537425663e-17,-1.3919831169465143e-17,-1.0723931468618523e-17,3.618363085245895e-18,-4.839646305667592e-07,-1.6275236490615106e-17,-8.954216845393864e-15,-2.440795492733734e-10,-1.3553350527104471e-17,-1.0585198414127743e-17
-2.8493826715765583e-07,-5.984148892546353e-18,-5.850639913096247e-18,-5.6849571699246475e-11,-2.8458876211651475e-14,-1.4294804839110418e-06,-1.1788276034963736e-14,-5.684957193918657e-11,-5.984148892546353e-18,-3.642476997408825e-14,-5.6849571699246475e-11,-5.6849571699246475e-11,-5.184693087533924e-15,-5.265775817677402e-18,-5.6849571699246475e-11,-5.68495913970355e-11,-3.2769681993372727e-18,-5.6849571699246475e-11,-5.68495913704496e-11,-5.6849571699246475e-11,-5.265775817677402e-18,-5.684959138206806e-11,-5.9440538715128695e-18,-1.1272224475847565e-07,-5.899233853482212e-18,-5.891706570158128e-18,-5.269065968113267e-18,-3.4843288321386825e-15,-1.1272223110199878e-07,-6.770121203249906e-18,-7.995578825098015e-15,-5.6849591394362266e-11,-5.850639913096247e-18,-5.265775817677402e-18
-2.9257810005818897e-07,-5.640816121109975e-18,-5.601695988823338e-18,-6.070260199504154e-11,-2.428136275877543e-14,-1.1788276034963736e-14,-1.4294804853877758e-06,-6.070260210815837e-11,-5.4530334636908865e-18,-3.2711730407317535e-14,-6.070260185809837e-11,-6.070260180593431e-11,-1.767217392468992e-18,-4.998936001673335e-18,-6.070260200452102e-11,-6.070262337836084e-11,-2.987308037066491e-18,-6.070260180593431e-11,-6.07026233569305e-11,-6.070260185809837e-11,-4.899962366875328e-18,-6.070262340230011e-11,-5.354891205606739e-18,-1.203620961729515e-07,-5.5157544960248346e-18,-5.585378505781399e-18,-5.162784418802092e-18,-1.9190923205112325e-15,-1.2036208139512605e-07,-6.138562041028762e-18,-6.7476601715230794e-15,-6.070262338327453e-11,-5.585378505781399e-18,-4.877612864128995e-18
1.000011442831738,-5.1621445747527255e-11,-5.1621447596488735e-11,1.0000145091094388,-4.839648396887449e-07,-5.684957193918657e-11,-6.070260210815837e-11,1.0000130796292588,-5.162144600506278e-11,-4.242706179351306e-07,1.0000145091094392,1.0000145091094392,-8.767675096853548e-11,-5.731478260856839e-11,1.0000145091094388,1.0000149077900424,-8.362782575785267e-11,1.0000145091094408,1.000014907790044,1.0000145091094392,-5.731478208166914e-11,1.000014907790044,-5.162144646348776e-11,1.0000141671088338,-5.162144647172514e-11,-5.1621446729112024e-11,-5.7314782389189417e-11,-9.568737500478844e-11,1.0000140218687557,-5.47988993079113e-11,-7.522321747671461e-11,1.000014907790044,-5.1621446639747457e-11,-5.7314782282633826e-11
-2.745718860518762e-07,-1.0942897138915628e-14,-1.094289656617546e-14,-5.162144609066972e-11,-1.3686247488332053e-17,-5.984148892546353e-18,-5.4530334636908865e-18,-5.162144600506278e-11,-1.4294804802329385e-06,-1.7407573128027825e-17,-5.162144609066972e-11,-5.162144606803476e-11,-2.569189972387317e-18,-4.823514785443405e-18,-5.162144600506278e-11,-5.162146405489329e-11,-2.9296005631248946e-18,-5.162144600506278e-11,-5.1621464005700034e-11,-5.162144609066972e-11,-4.876432377933159e-18,-5.162146406742349e-11,-1.094289711993137e-14,-5.1621431017606834e-11,-1.09428968462815e-14,-1.0942896957842097e-14,-4.9016640402415225e-18,-1.4430410270863904e-18,-1.0235582102384071e-07,-6.3347380634331264e-18,-3.80069161290477e-18,-5.1621464005700034e-11,-1.0942896910066746e-14,-4.920365871018625e-18
-5.964855611563127e-07,-1.7410784341990152e-17,-1.7349595651565495e-17,-4.242706179351298e-07,-7.285164392321231e-14,-3.642476997408825e-14,-3.2711730407317535e-14,-4.242706179351306e-07,-1.7407573128027825e-17,-1.4294805709703659e-06,-4.242706179351302e-07,-4.242706179351321e-07,-5.5505912071067595e-18,-1.475903160746609e-17,-4.242706179351306e-07,-2.1397377185900905e-10,-7.44778636766531e-18,-4.2427061793513273e-07,-2.1397377185900905e-10,-4.242706179351298e-07,-1.4816632581186713e-17,-2.1397377185900905e-10,-1.7349595651565495e-17,-4.2427049120688166e-07,-1.7532662203273434e-17,-1.7532662203273434e-17,-1.4755572558036288e-17,-2.1610785040012002e-15,-4.2427043845407464e-07,-2.028599661871291e-17,-1.905771681323834e-14,-2.1397377185900905e-10,-1.7446346866048817e-17,-1.4816632581186713e-17
1.000011442831734,-5.162144565805871e-11,-5.162144753369834e-11,1.0000145091094388,-4.839648396887431e-07,-5.6849571699246475e-11,-6.070260185809837e-11,1.0000145091094392,-5.162144609066972e-11,-4.242706179351302e-07,1.0000130796292588,1.0000145091094401,-8.767675096853548e-11,-5.731478258438232e-11,1.0000145091094388,1.000014907790042,-8.362782595221062e-11,1.000014509109439,1.000014907790043,1.0000145091094397,-5.731478202184658e-11,1.000014907790043,-5.162144647204827e-11,1.0000141671088336,-5.162144647172514e-11,-5.1621446729112024e-11,-5.731478227168426e-11,-9.568737504627075e-11,1.0000140218687554,-5.47988993079113e-11,-7.522321743263292e-11,1.0000149077900427,-5.162144656747584e-11,-5.731478231259337e-11
1.0000114428317342,-5.162144570697345e-11,-5.16214474543804e-11,1.000014509109439,-4.839648396887433e-07,-5.6849571699246475e-11,-6.070260180593431e-11,1.0000145091094392,-5.162144606803476e-11,-4.242706179351321e-07,1.0000145091094401,1.0000130796292583,-8.767675093931082e-11,-5.731478264121105e-11,1.0000145091094397,1.000014907790043,-8.36278259522105e-11,1.0000145091094401,1.0000149077900449,1.0000145091094395,-5.731478197858478e-11,1.000014907790043,-5.1621446469972475e-11,1.0000141671088345,-5.1621446579965666e-11,-5.1621446762488044e-11,-5.731478227168426e-11,-9.568737515854726e-11,1.0000140218687559,-5.479889930556363e-11,-7.522321743263292e-11,1.0000149077900444,-5.1621446506582706e-11,-5.7314782282633826e-11
-3.460627447782294e-07,-2.6219843993970686e-18,-2.7156243259539278e-18,-8.767675109499004e-11,3.7308819442257237e-19,-5.184693087533924e-15,-1.767217392468992e-18,-8.767675096853548e-11,-2.569189972387317e-18,-5.5505912071067595e-18,-8.767675096853548e-11,-8.767675093931082e-11,-1.429480467101197e-06,-1.5901482791496485e-18,-8.767675100091926e-11,-8.767678309772345e-11,2.736405608078135e-15,-8.767675096576529e-11,-8.767678300634056e-11,-8.76767510553209e-11,-1.996908549666327e-18,-8.767678293602563e-11,-2.732222513668564e-18,-1.7384687691791476e-07,-2.7156243259539278e-18,-2.7471081145330356e-18,-1.5901482791496485e-18,4.4562850587199265e-18,-1.7384685421570044e-07,-6.99817551551498e-15,5.290097427230462e-19,-8.767678309772345e-11,-2.6917608791233203e-18,-1.5901482791496485e-18
-2.8586070045769615e-07,-4.90315247889343e-18,-4.985435109684087e-18,-5.731478258438232e-11,-1.0813773293765655e-17,-5.265775817677402e-18,-4.998936001673335e-18,-5.731478260856839e-11,-4.823514785443405e-18,-1.475903160746609e-17,-5.731478258438232e-11,-5.731478264121105e-11,-1.5901482791496485e-18,-1.4294804784669669e-06,-5.731478257178652e-11,-5.731480256256949e-11,-2.694107442190416e-18,-5.731478258438232e-11,-5.731480277670685e-11,-5.731478257178652e-11,-8.498751085333535e-15,-5.731480286925265e-11,-4.920385853067782e-18,-5.7314765519359925e-11,-4.985435109684087e-18,-4.90315247889343e-18,-8.498750842769026e-15,-3.887811369620522e-19,-1.1364465961577662e-07,-1.125701905842667e-14,-2.6741220152830907e-18,-5.731480287239073e-11,-4.7119632471023636e-18,-8.498750772642822e-15
1.0000114428317342,-5.162144565805871e-11,-5.1621447596488735e-11,1.0000145091094383,-4.839648396887429e-07,-5.6849571699246475e-11,-6.070260200452102e-11,1.0000145091094388,-5.162144600506278e-11,-4.242706179351306e-07,1.0000145091094388,1.0000145091094397,-8.767675100091926e-11,-5.731478257178652e-11,1.0000130796292566,1.0000149077900422,-8.362782595221062e-11,1.000014509109439,1.000014907790043,1.000014509109439,-5.731478208166914e-11,1.000014907790043,-5.1621446327132025e-11,1.0000141671088336,-5.1621446579965666e-11,-5.162144671335156e-11,-5.7314782389189417e-11,-9.568737505511728e-11,1.000014021868754,-5.47988993079113e-11,-7.522321743263292e-11,1.000014907790043,-5.1621446557176323e-11,-5.7314782282633826e-11
1.000011841511174,-5.162146337665773e-11,-5.1621465222071497e-11,1.0000149077900418,-2.440795494538674e-10,-5.68495913970355e-11,-6.070262337836084e-11,1.0000149077900424,-5.162146405489329e-11,-2.1397377185900905e-10,1.000014907790042,1.000014907790043,-8.767678309772345e-11,-5.731480256256949e-11,1.0000149077900422,1.0000138769906903,-8.362785599091852e-11,1.0000149077900427,1.0000153064708062,1.0000149077900424,-5.7314802174143995e-11,1.0000153064708053,-5.162146438708507e-11,1.0000145657893027,-5.162146436640015e-11,-5.162146463154375e-11,-5.7314802387761036e-11,-9.568741054275257e-11,1.000014420549167,-5.4798918157337207e-11,-7.522324468890066e-11,1.0000153064708055,-5.1621464317341435e-11,-5.731480255617067e-11
-3.3803448974322477e-07,-3.158185639634169e-18,-3.091550938912026e-18,-8.36278259576391e-11,-1.6916777773462896e-18,-3.2769681993372727e-18,-2.987308037066491e-18,-8.362782575785267e-11,-2.9296005631248946e-18,-7.44778636766531e-18,-8.362782595221062e-11,-8.36278259522105e-11,2.736405608078135e-15,-2.694107442190416e-18,-8.362782595221062e-11,-8.362785599091852e-11,-1.4294804662338795e-06,-8.36278259522105e-11,-8.362785591009154e-11,-8.362782608399245e-11,-2.694107442190416e-18,-8.362785622976874e-11,-2.9537890813817055e-18,-1.6581860226699643e-07,-3.158185639634169e-18,-3.2335141047141314e-18,-2.694107442190416e-18,3.4797413415874625e-18,-1.6581858074150484e-07,-8.093027550077259e-15,2.0448439545947655e-20,-8.362785617033391e-11,-2.9296005631248946e-18,-2.683652819866603e-18
1.000011442831738,-5.1621445655491915e-11,-5.1621447596488735e-11,1.0000145091094388,-4.839648396887446e-07,-5.6849571699246475e-11,-6.070260180593431e-11,1.0000145091094408,-5.162144600506278e-11,-4.2427061793513273e-07,1.000014509109439,1.0000145091094401,-8.767675096576529e-11,-5.731478258438232e-11,1.000014509109439,1.0000149077900427,-8.36278259522105e-11,1.0000130796292588,1.000014907790045,1.0000145091094397,-5.7314782047139874e-11,1.0000149077900446,-5.162144647204827e-11,1.000014167108834,-5.1621446579965666e-11,-5.1621446729112024e-11,-5.731478226856438e-11,-9.568737515854726e-11,1.0000140218687557,-5.4798899219529856e-11,-7.522321719416973e-11,1.000014907790044,-5.162144643577979e-11,-5.7314782282633826e-11
1.0000118415111738,-5.162146337665773e-11,-5.1621465429741064e-11,1.0000149077900422,-2.440795492733734e-10,-5.68495913704496e-11,-6.07026233569305e-11,1.000014907790044,-5.1621464005700034e-11,-2.1397377185900905e-10,1.000014907790043,1.0000149077900449,-8.767678300634056e-11,-5.731480277670685e-11,1.000014907790043,1.0000153064708062,-8.362785591009154e-11,1.000014907790045,1.0000138769906897,1.000014907790044,-5.731480218202211e-11,1.000015306470805,-5.1621464212167055e-11,1.0000145657893025,-5.1621464404780035e-11,-5.1621464653812355e-11,-5.731480251441024e-11,-9.568741065611308e-11,1.0000144205491686,-5.4798918157337207e-11,-7.522324469517551e-11,1.000015306470806,-5.162146427142099e-11,-5.7314802440544484e-11
1.000011442831738,-5.162144570697345e-11,-5.1621447628886375e-11,1.0000145091094388,-4.839648396887416e-07,-5.6849571699246475e-11,-6.070260185809837e-11,1.0000145091094392,-5.162144609066972e-11,-4.242706179351298e-07,1.0000145091094397,1.0000145091094395,-8.76767510553209e-11,-5.731478257178652e-11,1.000014509109439,1.0000149077900424,-8.362782608399245e-11,1.0000145091094397,1.000014907790044,1.0000130796292555,-5.731478202184658e-11,1.0000149077900422,-5.162144648379351e-11,1.000014167108834,-5.1621446585818266e-11,-5.162144681162051e-11,-5.731478226856438e-11,-9.568737523753027e-11,1.0000140218687545,-5.4798899219529856e-11,-7.522321719416973e-11,1.0000149077900433,-5.1621446557176323e-11,-5.7314782282633826e-11
-2.858607005845356e-07,-4.90315247889343e-18,-4.920365871018625e-18,-5.731478208166914e-11,-1.0585198414127743e-17,-5.265775817677402e-18,-4.899962366875328e-18,-5.731478208166914e-11,-4.876432377933159e-18,-1.4816632581186713e-17,-5.731478202184658e-11,-5.731478197858478e-11,-1.996908549666327e-18,-8.498751085333535e-15,-5.731478208166914e-11,-5.7314802174143995e-11,-2.694107442190416e-18,-5.7314782047139874e-11,-5.731480218202211e-11,-5.731478202184658e-11,-1.4294804784669669e-06,-5.731480218202211e-11,-4.909629389102348e-18,-5.731476501013357e-11,-4.920365871018625e-18,-4.920365871018625e-18,-8.498751292556475e-15,-4.3118408464299906e-19,-1.1364465846591133e-07,-1.1257019551467828e-14,-2.674122015273959e-18,-5.731480201237964e-11,-4.806253499849754e-18,-8.498751222430248e-15
1.0000118415111734,-5.1621463428487994e-11,-5.1621465222071497e-11,1.0000149077900429,-2.440795492733734e-10,-5.684959138206806e-11,-6.070262340230011e-11,1.000014907790044,-5.162146406742349e-11,-2.1397377185900905e-10,1.000014907790043,1.000014907790043,-8.767678293602563e-11,-5.731480286925265e-11,1.000014907790043,1.0000153064708053,-8.362785622976874e-11,1.0000149077900446,1.000015306470805,1.0000149077900422,-5.731480218202211e-11,1.0000138769906963,-5.1621464428296334e-11,1.0000145657893023,-5.16214644080631e-11,-5.1621464543714997e-11,-5.731480243229587e-11,-9.568741057498824e-11,1.0000144205491674,-5.479891817771023e-11,-7.522324462131751e-11,1.0000153064708046,-5.1621464303434745e-11,-5.731480253884109e-11
-2.7457188933763964e-07,-1.094289684486597e-14,-1.0942896272125386e-14,-5.162144629049787e-11,-1.3553350527104471e-17,-5.9440538715128695e-18,-5.354891205606739e-18,-5.162144646348776e-11,-1.094289711993137e-14,-1.7349595651565495e-17,-5.162144647204827e-11,-5.1621446469972475e-11,-2.732222513668564e-18,-4.920385853067782e-18,-5.1621446327132025e-11,-5.162146438708507e-11,-2.9537890813817055e-18,-5.162144647204827e-11,-5.1621464212167055e-11,-5.162144648379351e-11,-4.909629389102348e-18,-5.1621464428296334e-11,-1.4294804802329385e-06,-5.162143137948941e-11,-1.094289655223149e-14,-1.0942896663791711e-14,-4.882820457882971e-18,-1.6935386151583423e-18,-1.0235582165555218e-07,-6.332097709124334e-18,-3.80069161290477e-18,-5.162146430826732e-11,-1.0942896616016659e-14,-4.985435109684087e-18
1.0000111008321273,-5.16214306497363e-11,-5.162143248862057e-11,1.0000141671088334,-4.839646921659292e-07,-1.1272224475847565e-07,-1.203620961729515e-07,1.0000141671088338,-5.1621431017606834e-11,-4.2427049120688166e-07,1.0000141671088336,1.0000141671088345,-1.7384687691791476e-07,-5.7314765519359925e-11,1.0000141671088336,1.0000145657893027,-1.6581860226699643e-07,1.000014167108834,1.0000145657893025,1.000014167108834,-5.731476501013357e-11,1.0000145657893023,-5.162143137948941e-11,1.0000123956281097,-5.162143148630161e-11,-5.16214317039372e-11,-5.7314765231644484e-11,-1.8973047289301427e-07,1.000013679868318,-1.0865613818944726e-07,-1.4915380871504733e-07,1.0000145657893023,-5.1621431379621214e-11,-5.7314765319595245e-11
-2.7457189002613894e-07,-1.0942896571215685e-14,-1.0942895998475053e-14,-5.1621446544877686e-11,-1.3648805537425663e-17,-5.899233853482212e-18,-5.5157544960248346e-18,-5.162144647172514e-11,-1.09428968462815e-14,-1.7532662203273434e-17,-5.162144647172514e-11,-5.1621446579965666e-11,-2.7156243259539278e-18,-4.985435109684087e-18,-5.1621446579965666e-11,-5.162146436640015e-11,-3.158185639634169e-18,-5.1621446579965666e-11,-5.1621464404780035e-11,-5.1621446585818266e-11,-4.920365871018625e-18,-5.16214644080631e-11,-1.094289655223149e-14,-5.162143148630161e-11,-1.4294804802329385e-06,-1.0942896390141338e-14,-4.876432377933159e-18,-1.5304749542007615e-18,-1.0235582191653697e-07,-6.272257784980267e-18,-3.80069161290477e-18,-5.16214644093887e-11,-1.0942896342366399e-14,-4.920365871018625e-18
-2.7457188786975897e-07,-1.0942896682776157e-14,-1.0942896110035814e-14,-5.162144674781028e-11,-1.3919831169465143e-17,-5.891706570158128e-18,-5.585378505781399e-18,-5.1621446729112024e-11,-1.0942896957842097e-14,-1.7532662203273434e-17,-5.1621446729112024e-11,-5.1621446762488044e-11,-2.7471081145330356e-18,-4.90315247889343e-18,-5.162144671335156e-11,-5.162146463154375e-11,-3.2335141047141314e-18,-5.1621446729112024e-11,-5.1621464653812355e-11,-5.162144681162051e-11,-4.920365871018625e-18,-5.1621464543714997e-11,-1.0942896663791711e-14,-5.16214317039372e-11,-1.0942896390141338e-14,-1.4294804802329385e-06,-4.920385853067782e-18,-1.5304749542007615e-18,-1.0235582226447087e-07,-6.3347380634331264e-18,-3.871880949808597e-18,-5.1621464653812355e-11,-1.0942896453926985e-14,-4.90315247889343e-18
-2.8586070045770383e-07,-4.9016640402415225e-18,-4.920365871018625e-18,-5.731478226856438e-11,-1.0723931468618523e-17,-5.269065968113267e-18,-5.162784418802092e-18,-5.7314782389189417e-11,-4.9016640402415225e-18,-1.4755572558036288e-17,-5.731478227168426e-11,-5.731478227168426e-11,-1.5901482791496485e-18,-8.498750842769026e-15,-5.7314782389189417e-11,-5.7314802387761036e-11,-2.694107442190416e-18,-5.731478226856438e-11,-5.731480251441024e-11,-5.731478226856438e-11,-8.498751292556475e-15,-5.731480243229587e-11,-4.882820457882971e-18,-5.7314765231644484e-11,-4.876432377933159e-18,-4.920385853067782e-18,-1.4294804784669669e-06,-4.3560405862668935e-19,-1.1364465895621078e-07,-1.1257019275837398e-14,-2.6742275746340486e-18,-5.7314802387761036e-11,-4.890884719461003e-18,-8.498750979865724e-15
-3.6194630182652126e-07,-1.4430410270863904e-18,-1.5837296794972807e-18,-9.568737503639571e-11,3.618363085245895e-18,-3.4843288321386825e-15,-1.9190923205112325e-15,-9.568737500478844e-11,-1.4430410270863904e-18,-2.1610785040012002e-15,-9.568737504627075e-11,-9.568737515854726e-11,4.4562850587199265e-18,-3.887811369620522e-19,-9.568737505511728e-11,-9.568741054275257e-11,3.4797413415874625e-18,-9.568737515854726e-11,-9.568741065611308e-11,-9.568737523753027e-11,-4.3118408464299906e-19,-9.568741057498824e-11,-1.6935386151583423e-18,-1.8973047289301427e-07,-1.5304749542007615e-18,-1.5304749542007615e-18,-4.3560405862668935e-19,-1.4294804607778777e-06,-1.8973044793328793e-07,-2.7829065878422775e-18,3.3649200369358962e-18,-9.568741062062111e-11,-1.6389154368673436e-18,-4.392191110401422e-19
1.0000109555924728,-1.0235582007898265e-07,-1.0235582387655285e-07,1.0000140218687548,-4.839646305667592e-07,-1.1272223110199878e-07,-1.2036208139512605e-07,1.0000140218687557,-1.0235582102384071e-07,-4.2427043845407464e-07,1.0000140218687554,1.0000140218687559,-1.7384685421570044e-07,-1.1364465961577662e-07,1.000014021868754,1.000014420549167,-1.6581858074150484e-07,1.0000140218687557,1.0000144205491686,1.0000140218687545,-1.1364465846591133e-07,1.0000144205491674,-1.0235582165555218e-07,1.000013679868318,-1.0235582191653697e-07,-1.0235582226447087e-07,-1.1364465895621078e-07,-1.8973044793328793e-07,1.0000121051480533,-1.0865612511596608e-07,-1.4915378966927214e-07,1.000014420549168,-1.0235582174326725e-07,-1.1364465915826986e-07
-2.808721712447149e-07,-6.3347380634331264e-18,-6.272257784980267e-18,-5.4798899272633946e-11,-1.6275236490615106e-17,-6.770121203249906e-18,-6.138562041028762e-18,-5.47988993079113e-11,-6.3347380634331264e-18,-2.028599661871291e-17,-5.47988993079113e-11,-5.479889930556363e-11,-6.99817551551498e-15,-1.125701905842667e-14,-5.47988993079113e-11,-5.4798918157337207e-11,-8.093027550077259e-15,-5.4798899219529856e-11,-5.4798918157337207e-11,-5.4798899219529856e-11,-1.1257019551467828e-14,-5.479891817771023e-11,-6.332097709124334e-18,-1.0865613818944726e-07,-6.272257784980267e-18,-6.3347380634331264e-18,-1.1257019275837398e-14,-2.7829065878422775e-18,-1.0865612511596608e-07,-1.4294804859334132e-06,-4.675648336921244e-18,-5.479891817771023e-11,-6.206997407255864e-18,-1.1257019213506623e-14
-3.21369744781432e-07,-3.80069161290477e-18,-3.669935608472483e-18,-7.522321743227852e-11,-8.954216845393864e-15,-7.995578825098015e-15,-6.7476601715230794e-15,-7.522321747671461e-11,-3.80069161290477e-18,-1.905771681323834e-14,-7.522321743263292e-11,-7.522321743263292e-11,5.290097427230462e-19,-2.6741220152830907e-18,-7.522321743263292e-11,-7.522324468890066e-11,2.0448439545947655e-20,-7.522321719416973e-11,-7.522324469517551e-11,-7.522321719416973e-11,-2.674122015273959e-18,-7.522324462131751e-11,-3.80069161290477e-18,-1.4915380871504733e-07,-3.80069161290477e-18,-3.871880949808597e-18,-2.6742275746340486e-18,3.3649200369358962e-18,-1.4915378966927214e-07,-4.675648336921244e-18,-1.4294804759846216e-06,-7.522324470394458e-11,-3.669935608472483e-18,-2.674122015273959e-18
1.0000118415111738,-5.162146344547778e-11,-5.162146533777839e-11,1.000014907790043,-2.440795492733734e-10,-5.6849591394362266e-11,-6.070262338327453e-11,1.000014907790044,-5.1621464005700034e-11,-2.1397377185900905e-10,1.0000149077900427,1.0000149077900444,-8.767678309772345e-11,-5.731480287239073e-11,1.000014907790043,1.0000153064708055,-8.362785617033391e-11,1.000014907790044,1.000015306470806,1.0000149077900433,-5.731480201237964e-11,1.0000153064708046,-5.162146430826732e-11,1.0000145657893023,-5.16214644093887e-11,-5.1621464653812355e-11,-5.7314802387761036e-11,-9.568741062062111e-11,1.000014420549168,-5.479891817771023e-11,-7.522324470394458e-11,1.0000138769906897,-5.162146429190667e-11,-5.73148025519472e-11
-2.7457189002615773e-07,-1.0942896635000805e-14,-1.0942896062260848e-14,-5.1621446580278987e-11,-1.3553350527104471e-17,-5.850639913096247e-18,-5.585378505781399e-18,-5.1621446639747457e-11,-1.0942896910066746e-14,-1.7446346866048817e-17,-5.162144656747584e-11,-5.1621446506582706e-11,-2.6917608791233203e-18,-4.7119632471023636e-18,-5.1621446557176323e-11,-5.1621464317341435e-11,-2.9296005631248946e-18,-5.162144643577979e-11,-5.162146427142099e-11,-5.1621446557176323e-11,-4.806253499849754e-18,-5.1621464303434745e-11,-1.0942896616016659e-14,-5.1621431379621214e-11,-1.0942896342366399e-14,-1.0942896453926985e-14,-4.890884719461003e-18,-1.6389154368673436e-18,-1.0235582174326725e-07,-6.206997407255864e-18,-3.669935608472483e-18,-5.162146429190667e-11,-1.4294804848868149e-06,-4.7119632471023636e-18
-2.858607008744202e-07,-4.920365871018625e-18,-4.920365871018625e-18,-5.731478231259337e-11,-1.0585198414127743e-17,-5.265775817677402e-18,-4.877612864128995e-18,-5.7314782282633826e-11,-4.920365871018625e-18,-1.4816632581186713e-17,-5.731478231259337e-11,-5.7314782282633826e-11,-1.5901482791496485e-18,-8.498750772642822e-15,-5.7314782282633826e-11,-5.731480255617067e-11,-2.683652819866603e-18,-5.7314782282633826e-11,-5.7314802440544484e-11,-5.7314782282633826e-11,-8.498751222430248e-15,-5.731480253884109e-11,-4.985435109684087e-18,-5.7314765319595245e-11,-4.920365871018625e-18,-4.90315247889343e-18,-8.498750979865724e-15,-4.392191110401422e-19,-1.1364465915826986e-07,-1.1257019213506623e-14,-2.674122015273959e-18,-5.73148025519472e-11,-4.7119632471023636e-18,-1.4294804789839808e-06
