1.0000000114819987,-3.2637071677136855e-08,-1.5115328434545162e-07,0.9999583249612166,0.9999579164242262,1.0706175123456245e-07,2.1642936530916632e-07,-1.355234503508886e-07,1.4732395143558337e-07,-6.286715058369132e-08,0.9999579164242279,2.1230565778483256e-07,1.0255738920507154e-07,-1.3552345035134943e-07,-1.355234523833342e-07,0.9999586943972807,1.2194615751064674e-08,-1.3552345035992445e-07,1.2194615674803188e-08,3.1808702075480914e-08,0.9999579164242253,-1.2160379138129068e-07,1.2194617981630623e-08,-1.355234503508737e-07,1.4732395142698728e-07,2.3195902400474704e-07,0.9999580625251149,1.0255739610411972e-07,-1.3552344962825964e-07,-1.3552345035136245e-07,-8.743623870232e-08,0.9999590734156878,0.9999579164242227,-1.355234503508737e-07,0.9999579164242264,-1.5115328444067675e-07,0.9999583249612198,0.9999579164242266,0.9999583249612173,1.0961521178289656e-07,0.9999579164242288
-3.2637071677136855e-08,1.421040814191749e-05,-1.1890221959243836e-16,4.721728768946443e-11,4.721727469555945e-11,-9.407195987772679e-17,-9.534820312086925e-17,-1.174374151241115e-16,-1.6031293684111586e-16,-2.4624715350761274e-13,4.721727440766816e-11,-9.504088009289482e-17,-1.0676865305332011e-16,-1.174374151241115e-16,-1.175516100701989e-16,9.376642266144859e-08,-2.2897877243770743e-13,-1.174374151241115e-16,-2.2897877253039826e-13,-1.1416801415237108e-16,4.721727469555945e-11,-2.5824228076067745e-13,-2.2897877232964293e-13,-1.174374151241115e-16,-1.6082896214807543e-16,-1.849474769952534e-13,4.7217279432500947e-11,-1.0676865305332011e-16,-1.174374151241115e-16,-1.1761273926223505e-16,-2.503042070331589e-13,9.376642142275885e-08,4.721727440766816e-11,-1.174374151241115e-16,4.721727469908322e-11,-1.1898955978566387e-16,4.721728766711726e-11,4.721727469908322e-11,4.7217287693116365e-11,-1.4004290993883978e-16,4.721727440766816e-11
-1.5115328434545162e-07,-1.1890221959243836e-16,1.4210408157852347e-05,-1.246052609767195e-11,-1.2460514509450725e-11,-2.025507038622188e-13,-1.0897280330771452e-16,-2.1876902267658608e-13,-1.6718015620141816e-16,-1.2029429957838342e-16,-1.2460514749023266e-11,-1.0921222204369449e-16,-1.133415780113168e-16,-2.1876902287487835e-13,-2.1876902390824713e-13,-1.2460535524023941e-11,-1.1668612327659144e-16,-2.187690228156773e-13,-1.166208727324854e-16,-2.31739732350793e-13,-1.2460514509450725e-11,-1.229744149695082e-16,-1.1668612327659144e-16,-2.1876902238644463e-13,-1.6692717218167734e-16,-1.0825586988532025e-16,-1.2460518122431305e-11,-1.1334927767485493e-16,-2.1876902443253686e-13,-2.1876902288412112e-13,-1.2088614113053388e-16,-2.474471192345056e-08,-1.2460514749023266e-11,-2.1876902258136734e-13,-1.2460514772746076e-11,-2.1965477471657082e-13,-1.2460525879003362e-11,-1.2460514749023266e-11,-1.2460526097676356e-11,-1.454065283255556e-16,-1.246051474499064e-11
0.9999583249612166,4.721728768946443e-11,-1.246052609767195e-11,0.9999289462002607,0.9999143272749036,1.175613777275128e-10,1.726324858259522e-10,-4.590258348661019e-12,2.737196844480385e-07,3.1995198727141143e-11,0.9999143272749027,1.705560292281315e-10,1.1529326317620958e-10,-4.590258536792506e-12,-4.590258628622328e-12,0.9999151052137948,6.979188471752355e-11,-4.590258207694287e-12,6.979188462898201e-11,7.96683850125793e-11,0.9999143272749031,2.418879417236619e-12,6.979188437115296e-11,-4.590258172454395e-12,2.73719684412378e-07,1.8045230958669e-10,0.9999144733693729,1.1529326304451065e-10,-4.590259057661786e-12,-4.590258453357526e-12,1.9623652696147472e-11,0.9999154842156058,0.9999143272749023,-4.5902585050107574e-12,0.9999143272749023,-1.2460524157483263e-11,0.9999147357939573,0.9999143272749034,0.9999147357939588,2.360125297520645e-07,0.9999143272749014
0.9999579164242262,4.721727469555945e-11,-1.2460514509450725e-11,0.9999143272749036,0.9999281291620413,1.1756133469920617e-10,1.7263241995462212e-10,-4.590250062905327e-12,1.3783510411529182e-10,3.199519235721224e-11,0.9999139187560212,1.7055596429234018e-10,1.1529322110095088e-10,-4.590250090872444e-12,-4.590250291235368e-12,0.9999146966945835,6.979186253200902e-11,-4.590250104634654e-12,6.9791861973678e-11,7.966835822512578e-11,0.9999139187560205,2.4188854415222475e-12,6.979186221567884e-11,-4.590249856072563e-12,1.378351044932446e-10,1.804522408923223e-10,0.9999140648504289,1.1529322189453685e-10,-4.5902508089145455e-12,-4.5902504530723536e-12,1.9623651021472827e-11,0.9999150756962376,0.9999139187560201,-4.5902500435181685e-12,0.9999139187560196,-1.2460512734730017e-11,0.9999143272749036,0.9999139187560208,0.999914327274904,1.1884717462018918e-10,0.9999139187560203
1.0706175123456245e-07,-9.407195987772679e-17,-2.025507038622188e-13,1.175613777275128e-10,1.1756133469920617e-10,1.4210408261651614e-05,-5.239737464104817e-17,-9.958329242343563e-17,-1.1334773086068689e-16,-9.947568941456377e-17,1.1756133422905953e-10,-5.304040719380982e-17,-7.152463023441643e-17,-9.925301735820732e-17,-9.925301735820732e-17,1.1756141762000632e-10,-8.607972372506392e-17,-9.967921980739433e-17,-8.603001710159252e-17,-1.662548269560632e-13,1.175613342845337e-10,-1.0919643819628897e-16,-8.629757270800634e-17,-9.925301735820681e-17,-1.1334773086068689e-16,-4.9902381204141023e-17,1.1756135011265447e-10,-7.190465593137559e-17,-9.939628712813648e-17,-9.915756147280467e-17,-1.0319718546582561e-16,2.3345917288400672e-07,1.1756133400425366e-10,-9.940690739040288e-17,1.175613343531486e-10,-2.02550700908241e-13,1.1756137772829437e-10,1.1756133469920617e-10,1.1756137765825288e-10,-9.934077104268285e-17,1.1756133422905953e-10
2.1642936530916632e-07,-9.534820312086925e-17,-1.0897280330771452e-16,1.726324858259522e-10,1.7263241995462212e-10,-5.239737464104817e-17,1.4210408305559862e-05,-1.0566848286796776e-16,-1.0661921301685815e-16,-2.0219487878994881e-13,1.7263241964737327e-10,-3.924611818530182e-17,-6.463126489469097e-17,-1.0552733706645029e-16,-1.0559780789625993e-16,3.4282198666220496e-07,-8.428275828825316e-17,-1.0559072012626445e-16,-8.435693314185071e-17,-8.080853254741416e-17,1.7263241986223163e-10,-1.1551114015161423e-16,-8.443461852603282e-17,-1.0559780789625993e-16,-1.06418609751649e-16,-3.5410835275622006e-17,1.7263244387808528e-10,-6.463126489469097e-17,-1.0552733706645029e-16,-1.0565327699411896e-16,-1.0676959219887705e-16,3.4282208558835236e-07,1.7263241995462212e-10,-1.0547410530706788e-16,1.7263241995462212e-10,-1.0899404874587648e-16,1.7263248570072978e-10,1.7263241969952365e-10,1.7263248597457666e-10,-9.291454388260087e-17,1.7263241995570745e-10
-1.355234503508886e-07,-1.174374151241115e-16,-2.1876902267658608e-13,-4.590258348661019e-12,-4.590250062905327e-12,-9.958329242343563e-17,-1.0566848286796776e-16,1.4210408163022933e-05,-1.6343756856329077e-16,-1.1916070741582728e-16,-4.5902498501856246e-12,-1.0567588984168528e-16,-1.1083389484714337e-16,-2.1764463507733414e-13,-2.1764463609865713e-13,-4.5902649642142336e-12,-1.1467611217351708e-16,-2.1764463502003237e-13,-1.1474618213158028e-16,-1.1475940987575973e-16,-4.590250121650359e-12,-1.2181534385035556e-16,-1.1465818562625903e-16,-2.176446345816875e-13,-1.6351811155717683e-16,-1.0478779449711294e-16,-4.590252988023169e-12,-1.1083389484714337e-16,-2.1764463663417403e-13,-2.1764463508425292e-13,-1.1991961121949673e-16,-9.115548125430487e-09,-4.590250062905327e-12,-2.1764463478407499e-13,-4.590250334884965e-12,-2.1876901963383675e-13,-4.590258317835559e-12,-4.5902498501856246e-12,-4.590258348661019e-12,-1.4284329935804577e-16,-4.590249908975572e-12
1.4732395143558337e-07,-1.6031293684111586e-16,-1.6718015620141816e-16,2.737196844480385e-07,1.3783510411529182e-10,-1.1334773086068689e-16,-1.0661921301685815e-16,-1.6343756856329077e-16,1.4210407973537446e-05,-1.676424780044986e-16,1.3783510430994404e-10,-1.0774976768731234e-16,-1.3181358334612744e-16,-1.6355921824650404e-16,-1.635518032436216e-16,1.3783519669366291e-10,-1.4982739252630076e-16,-1.6357763744336313e-16,-1.4982739252630076e-16,-1.4703729329767126e-16,1.3783510430994404e-10,-1.7993431120267427e-16,-1.4983686380987497e-16,-1.6328353534460952e-16,-4.024825907191747e-13,-1.0285113611156733e-16,2.7371962389671466e-07,-1.3181358334612744e-16,-1.6355921824650404e-16,-1.6341885264275075e-16,-1.7179943665798326e-16,2.737198262514362e-07,1.378351042942888e-10,-1.6368991770183696e-16,1.378351042942888e-10,-1.669784623053142e-16,2.7371968444803745e-07,1.3783510411529182e-10,2.7371968444804015e-07,-3.5148501678866435e-13,1.378351042942888e-10
-6.286715058369132e-08,-2.4624715350761274e-13,-1.2029429957838342e-16,3.1995198727141143e-11,3.199519235721224e-11,-9.947568941456377e-17,-2.0219487878994881e-13,-1.1916070741582728e-16,-1.676424780044986e-16,1.4210408126736223e-05,3.199519216655114e-11,-1.0197742450258754e-16,-1.1182057931868113e-16,-1.1927822371665775e-16,-1.1918124479649984e-16,6.353766263978184e-08,-2.3718518194069426e-13,-1.1932983574264466e-16,-2.371851820381505e-13,-1.1866523667315165e-16,3.1995192207555335e-11,-2.626418897913825e-13,-2.3718518184471486e-13,-1.1918124479649984e-16,-1.6716723430232295e-16,-1.9947038206728565e-13,3.1995194980932186e-11,-1.111167316897161e-16,-1.1939272503187378e-16,-1.19094246727835e-16,-2.556685825137387e-13,6.353764912345407e-08,3.1995192207555335e-11,-1.1926601847700393e-16,3.19951921977427e-11,-1.2037957639158599e-16,3.199519888618778e-11,3.1995192388784603e-11,3.199519911666194e-11,-1.4606482038990433e-16,3.199519216655114e-11
0.9999579164242279,4.721727440766816e-11,-1.2460514749023266e-11,0.9999143272749027,0.9999139187560212,1.1756133422905953e-10,1.7263241964737327e-10,-4.5902498501856246e-12,1.3783510430994404e-10,3.199519216655114e-11,0.9999281291620375,1.7055596421877927e-10,1.1529322139191082e-10,-4.5902503533288554e-12,-4.590250291235368e-12,0.9999146966945835,6.97918622838017e-11,-4.590249956936421e-12,6.979186206995783e-11,7.96683581431524e-11,0.9999139187560205,2.4188853610701607e-12,6.979186216762593e-11,-4.590249856072563e-12,1.3783510436271568e-10,1.8045224040433442e-10,0.9999140648504289,1.1529322151851469e-10,-4.590250622955127e-12,-4.5902504530723536e-12,1.962365136956088e-11,0.9999150756962376,0.9999139187560194,-4.5902501657667235e-12,0.9999139187560208,-1.2460512742155552e-11,0.9999143272749027,0.9999139187560199,0.9999143272749049,1.188471748236428e-10,0.9999139187560196
2.1230565778483256e-07,-9.504088009289482e-17,-1.0921222204369449e-16,1.705560292281315e-10,1.7055596429234018e-10,-5.304040719380982e-17,-3.924611818530182e-17,-1.0567588984168528e-16,-1.0774976768731234e-16,-1.0197742450258754e-16,1.7055596421877927e-10,1.4210408296358286e-05,-6.5389773052783e-17,-1.0572256709981226e-16,-1.05779337589857e-16,3.386984586882769e-07,-8.489146906120179e-17,-1.058935447493047e-16,-8.47934843708526e-17,-8.126540041373908e-17,1.7055596426975233e-10,-1.1540341807642943e-16,-8.489146906120179e-17,-1.0572303004876488e-16,-1.0737015045168416e-16,-3.5693090628918986e-17,1.7055598794433877e-10,-6.547328658360634e-17,-1.0567588984168528e-16,-1.0595741168123631e-16,-1.0703089088932356e-16,3.386985559207535e-07,1.705559639932493e-10,-1.0572303004876488e-16,1.705559645423569e-10,-1.0915732254367984e-16,1.705560293007075e-10,1.7055596443668602e-10,1.705560292691209e-10,-9.455114422006085e-17,1.7055596421877927e-10
1.0255738920507154e-07,-1.0676865305332011e-16,-1.133415780113168e-16,1.1529326317620958e-10,1.1529322110095088e-10,-7.152463023441643e-17,-6.463126489469097e-17,-1.1083389484714337e-16,-1.3181358334612744e-16,-1.1182057931868113e-16,1.1529322139191082e-10,-6.5389773052783e-17,1.4210408217839112e-05,-1.1077016898818909e-16,-1.1104847454194996e-16,2.2895498598759777e-07,-9.908277000096509e-17,-1.1100760076918174e-16,-9.777632067939834e-17,-1.9078763569072294e-13,1.1529322110094746e-10,-2.4206445259289863e-13,-9.872350806040231e-17,-1.1110662956071959e-16,-1.3095196137718736e-16,-6.177887526791503e-17,1.1529323635264182e-10,-1.664355124215472e-13,-1.1083389484714337e-16,-1.1084944475395258e-16,-2.2975045225284696e-13,2.2895503909979156e-07,1.1529322108490257e-10,-1.1110662956071959e-16,1.152932211622755e-10,-1.133415780113168e-16,1.1529326317620958e-10,1.1529322102257118e-10,1.1529326310253621e-10,-1.1473598196559893e-16,1.1529322127339002e-10
-1.3552345035134943e-07,-1.174374151241115e-16,-2.1876902287487835e-13,-4.590258536792506e-12,-4.590250090872444e-12,-9.925301735820732e-17,-1.0552733706645029e-16,-2.1764463507733414e-13,-1.6355921824650404e-16,-1.1927822371665775e-16,-4.5902503533288554e-12,-1.0572256709981226e-16,-1.1077016898818909e-16,1.4210408163022933e-05,-2.1764463629557386e-13,-4.5902651140705256e-12,-1.147592235649734e-16,-2.1764463521694743e-13,-1.149777266281926e-16,-1.1475940987575973e-16,-4.590250404829261e-12,-1.219896753925546e-16,-1.1474618213158028e-16,-2.1764463477860272e-13,-1.6343756856329077e-16,-1.0492199906486886e-16,-4.590252842971399e-12,-1.1110154285484678e-16,-2.176446368310902e-13,-2.1764463528116883e-13,-1.1991961121949673e-16,-9.115548205334994e-09,-4.590250334781656e-12,-2.1764463498099317e-13,-4.590250334781656e-12,-2.1876901983213028e-13,-4.590258320290067e-12,-4.5902503533288554e-12,-4.590258536792506e-12,-1.427903366847197e-16,-4.5902503533288554e-12
-1.355234523833342e-07,-1.175516100701989e-16,-2.1876902390824713e-13,-4.590258628622328e-12,-4.590250291235368e-12,-9.925301735820732e-17,-1.0559780789625993e-16,-2.1764463609865713e-13,-1.635518032436216e-16,-1.1918124479649984e-16,-4.590250291235368e-12,-1.05779337589857e-16,-1.1104847454194996e-16,-2.1764463629557386e-13,1.4210408163022933e-05,-4.59026472385694e-12,-1.1478298549816403e-16,-2.1764463623827017e-13,-1.1483476623383667e-16,-1.1475940987575973e-16,-4.590250291235368e-12,-1.219896753925546e-16,-1.1465818562625903e-16,-2.176446357999263e-13,-1.6355921824650404e-16,-1.0484552510899039e-16,-4.590253181091684e-12,-1.1083389484714337e-16,-2.1764463785241256e-13,-2.1764463630249185e-13,-1.2010206118613694e-16,-9.1155488151321e-09,-4.590250291235368e-12,-2.1764463600231533e-13,-4.590250291235368e-12,-2.1876902086549839e-13,-4.590258882423815e-12,-4.590250291235368e-12,-4.5902586955207325e-12,-1.4284329935804577e-16,-4.590250291235368e-12
0.9999586943972807,9.376642266144859e-08,-1.2460535524023941e-11,0.9999151052137948,0.9999146966945835,1.1756141762000632e-10,3.4282198666220496e-07,-4.5902649642142336e-12,1.3783519669366291e-10,6.353766263978184e-08,0.9999146966945835,3.386984586882769e-07,2.2895498598759777e-07,-4.5902651140705256e-12,-4.59026472385694e-12,0.9999296850403392,1.3859614933335494e-07,-4.590264740587115e-12,1.3859614888902285e-07,1.5820938048029753e-07,0.9999146966945833,4.8035774041190125e-09,1.3859614936533213e-07,-4.5902648124799564e-12,1.3783519674568748e-10,3.583509711173105e-07,0.9999148427891106,2.2895498651959296e-07,-4.590265265059672e-12,-4.590264854848013e-12,3.8969648439479807e-08,0.9999158536357284,0.9999146966945835,-4.590264775519115e-12,0.9999146966945831,-1.2460533695074134e-11,0.9999151052137937,0.9999146966945848,0.9999151052137957,1.1884725439150573e-10,0.9999146966945838
1.2194615751064674e-08,-2.2897877243770743e-13,-1.1668612327659144e-16,6.979188471752355e-11,6.979186253200902e-11,-8.607972372506392e-17,-8.428275828825316e-17,-1.1467611217351708e-16,-1.4982739252630076e-16,-2.3718518194069426e-13,6.97918622838017e-11,-8.489146906120179e-17,-9.908277000096509e-17,-1.147592235649734e-16,-1.1478298549816403e-16,1.3859614933335494e-07,1.421040816397911e-05,-1.1474618213158028e-16,-2.1677111975648886e-13,-1.0713779907732584e-16,6.97918622838017e-11,-2.516776577321127e-13,-2.1677111954491109e-13,-1.1475856376389473e-16,-1.4983696356671876e-16,-8.215498910515699e-17,6.979187043436206e-11,-9.872708664349268e-17,-1.1474618213158028e-16,-1.1474618213158028e-16,-2.4230953378809727e-13,1.3859616630865068e-07,6.979186227557712e-11,-1.147592235649734e-16,6.979186239504736e-11,-1.1644941213365414e-16,6.97918846674295e-11,6.979186211806856e-11,6.979188467748965e-11,-1.3069524701576518e-16,6.979186211806856e-11
-1.3552345035992445e-07,-1.174374151241115e-16,-2.187690228156773e-13,-4.590258207694287e-12,-4.590250104634654e-12,-9.967921980739433e-17,-1.0559072012626445e-16,-2.1764463502003237e-13,-1.6357763744336313e-16,-1.1932983574264466e-16,-4.590249956936421e-12,-1.058935447493047e-16,-1.1100760076918174e-16,-2.1764463521694743e-13,-2.1764463623827017e-13,-4.590264740587115e-12,-1.1474618213158028e-16,1.4210408163022933e-05,-1.1474618213158028e-16,-1.1488121405055986e-16,-4.590249903205687e-12,-1.2198345077545568e-16,-1.1437558119792892e-16,-2.176446347212991e-13,-1.6328353534460952e-16,-1.0474456326106543e-16,-4.590252941654905e-12,-1.1084944475395258e-16,-2.1764463677378823e-13,-2.1764463522386524e-13,-1.2010206118613694e-16,-9.115547923996291e-09,-4.590249956936421e-12,-2.1764463492368936e-13,-4.590250104634654e-12,-2.187690197729285e-13,-4.590258207694287e-12,-4.590249956936421e-12,-4.590258207694287e-12,-1.4237360014405357e-16,-4.590249988627091e-12
1.2194615674803188e-08,-2.2897877253039826e-13,-1.166208727324854e-16,6.979188462898201e-11,6.9791861973678e-11,-8.603001710159252e-17,-8.435693314185071e-17,-1.1474618213158028e-16,-1.4982739252630076e-16,-2.371851820381505e-13,6.979186206995783e-11,-8.47934843708526e-17,-9.777632067939834e-17,-1.149777266281926e-16,-1.1483476623383667e-16,1.3859614888902285e-07,-2.1677111975648886e-13,-1.1474618213158028e-16,1.421040816397911e-05,-1.0723181816262304e-16,6.979186194785238e-11,-2.516776578361727e-13,-2.1677111963048896e-13,-1.1478298549816403e-16,-1.4983696356671876e-16,-8.215498910515699e-17,6.979187022863362e-11,-9.872708664349268e-17,-1.1474618213158028e-16,-1.147592235649734e-16,-2.42309533886624e-13,1.3859616586431803e-07,6.979186206995783e-11,-1.147592235649734e-16,6.979186210135763e-11,-1.1653800770621293e-16,6.979188479004125e-11,6.979186207600168e-11,6.979188469457632e-11,-1.308962638510355e-16,6.979186202967977e-11
3.1808702075480914e-08,-1.1416801415237108e-16,-2.31739732350793e-13,7.96683850125793e-11,7.966835822512578e-11,-1.662548269560632e-13,-8.080853254741416e-17,-1.1475940987575973e-16,-1.4703729329767126e-16,-1.1866523667315165e-16,7.96683581431524e-11,-8.126540041373908e-17,-1.9078763569072294e-13,-1.1475940987575973e-16,-1.1475940987575973e-16,1.5820938048029753e-07,-1.0713779907732584e-16,-1.1488121405055986e-16,-1.0723181816262304e-16,1.4210408169334148e-05,7.966835822512578e-11,-2.513008431691254e-13,-1.0743553584176967e-16,-1.148729521649626e-16,-1.4682940610900136e-16,-7.791988140005376e-17,7.966836818245664e-11,-1.9078763506755092e-13,-1.147977522195439e-16,-1.1469587358508554e-16,-2.412633384802233e-13,1.582094050267795e-07,7.966835822668234e-11,-1.1478400691647688e-16,7.966835819457778e-11,-2.317397289975154e-13,7.966838498577706e-11,7.966835813072559e-11,7.96683850125793e-11,-1.2853398298309197e-16,7.966835819457778e-11
0.9999579164242253,4.721727469555945e-11,-1.2460514509450725e-11,0.9999143272749031,0.9999139187560205,1.175613342845337e-10,1.7263241986223163e-10,-4.590250121650359e-12,1.3783510430994404e-10,3.1995192207555335e-11,0.9999139187560205,1.7055596426975233e-10,1.1529322110094746e-10,-4.590250404829261e-12,-4.590250291235368e-12,0.9999146966945833,6.97918622838017e-11,-4.590249903205687e-12,6.979186194785238e-11,7.966835822512578e-11,0.9999281291620398,2.4188851890300524e-12,6.979186209863114e-11,-4.590250071619503e-12,1.378351044942738e-10,1.804522408923223e-10,0.9999140648504282,1.1529322163396354e-10,-4.590250698165318e-12,-4.5902503460978404e-12,1.9623651207319337e-11,0.9999150756962376,0.9999139187560196,-4.590250094848714e-12,0.9999139187560199,-1.2460512703942765e-11,0.9999143272749014,0.9999139187560199,0.9999143272749034,1.1884717472486715e-10,0.9999139187560188
-1.2160379138129068e-07,-2.5824228076067745e-13,-1.229744149695082e-16,2.418879417236619e-12,2.4188854415222475e-12,-1.0919643819628897e-16,-1.1551114015161423e-16,-1.2181534385035556e-16,-1.7993431120267427e-16,-2.626418897913825e-13,2.4188853610701607e-12,-1.1540341807642943e-16,-2.4206445259289863e-13,-1.219896753925546e-16,-1.219896753925546e-16,4.8035774041190125e-09,-2.516776577321127e-13,-1.2198345077545568e-16,-2.516776578361727e-13,-2.513008431691254e-13,2.4188851890300524e-12,1.4210408106857838e-05,-2.5167765765851506e-13,-1.2181534385035556e-16,-1.7995929512169612e-16,-2.2636876576830444e-13,2.418883364421451e-12,-2.4206445209713426e-13,-1.2199451411261363e-16,-1.2181534385035556e-16,-2.6457065425279147e-13,4.8035402788852126e-09,2.4188852114204886e-12,-1.2199451392371618e-16,2.4188854135256694e-12,-1.2290787734813796e-16,2.41887942148586e-12,2.4188852114204886e-12,2.41887942148586e-12,-1.5685282821264011e-16,2.4188852885408898e-12
1.2194617981630623e-08,-2.2897877232964293e-13,-1.1668612327659144e-16,6.979188437115296e-11,6.979186221567884e-11,-8.629757270800634e-17,-8.443461852603282e-17,-1.1465818562625903e-16,-1.4983686380987497e-16,-2.3718518184471486e-13,6.979186216762593e-11,-8.489146906120179e-17,-9.872350806040231e-17,-1.1474618213158028e-16,-1.1465818562625903e-16,1.3859614936533213e-07,-2.1677111954491109e-13,-1.1437558119792892e-16,-2.1677111963048896e-13,-1.0743553584176967e-16,6.979186209863114e-11,-2.5167765765851506e-13,1.421040816397911e-05,-1.147341733506153e-16,-1.4982739252630076e-16,-8.215498910515699e-17,6.979187056452344e-11,-9.882582436881101e-17,-1.1465818562625903e-16,-1.1465818562625903e-16,-2.423095337007854e-13,1.3859616634062652e-07,6.979186209863114e-11,-1.1475497372592597e-16,6.979186209863114e-11,-1.166526196052995e-16,6.979188480311903e-11,6.979186209863114e-11,6.979188437115296e-11,-1.3069524701576518e-16,6.979186221567884e-11
-1.355234503508737e-07,-1.174374151241115e-16,-2.1876902238644463e-13,-4.590258172454395e-12,-4.590249856072563e-12,-9.925301735820681e-17,-1.0559780789625993e-16,-2.176446345816875e-13,-1.6328353534460952e-16,-1.1918124479649984e-16,-4.590249856072563e-12,-1.0572303004876488e-16,-1.1110662956071959e-16,-2.1764463477860272e-13,-2.176446357999263e-13,-4.5902648124799564e-12,-1.1475856376389473e-16,-2.176446347212991e-13,-1.1478298549816403e-16,-1.148729521649626e-16,-4.590250071619503e-12,-1.2181534385035556e-16,-1.147341733506153e-16,1.4210408163022933e-05,-1.6328033344185451e-16,-1.0493495983334691e-16,-4.590252672322847e-12,-1.111083527516847e-16,-2.1764463633544236e-13,-2.1764463478552142e-13,-1.2003416974861354e-16,-9.115547577059618e-09,-4.590249856072563e-12,-2.176446344853455e-13,-4.590249943612768e-12,-2.1876901934369705e-13,-4.59025818970947e-12,-4.5902498103744645e-12,-4.590258132481464e-12,-1.427903366847197e-16,-4.590249856072563e-12
1.4732395142698728e-07,-1.6082896214807543e-16,-1.6692717218167734e-16,2.73719684412378e-07,1.378351044932446e-10,-1.1334773086068689e-16,-1.06418609751649e-16,-1.6351811155717683e-16,-4.024825907191747e-13,-1.6716723430232295e-16,1.3783510436271568e-10,-1.0737015045168416e-16,-1.3095196137718736e-16,-1.6343756856329077e-16,-1.6355921824650404e-16,1.3783519674568748e-10,-1.4983696356671876e-16,-1.6328353534460952e-16,-1.4983696356671876e-16,-1.4682940610900136e-16,1.378351044942738e-10,-1.7995929512169612e-16,-1.4982739252630076e-16,-1.6328033344185451e-16,1.4210407973537446e-05,-1.0324182502324226e-16,2.737196238610563e-07,-1.3181358334612744e-16,-1.6328353534460952e-16,-1.634556606960356e-16,-1.7206382669145737e-16,2.737198262157724e-07,1.3783510441687442e-10,-1.6357763744336313e-16,1.3783510418143543e-10,-1.6696861177954988e-16,2.737196844123764e-07,1.3783510441687442e-10,2.7371968441237874e-07,-3.514850168725926e-13,1.3783510425913907e-10
2.3195902400474704e-07,-1.849474769952534e-13,-1.0825586988532025e-16,1.8045230958669e-10,1.804522408923223e-10,-4.9902381204141023e-17,-3.5410835275622006e-17,-1.0478779449711294e-16,-1.0285113611156733e-16,-1.9947038206728565e-13,1.8045224040433442e-10,-3.5693090628918986e-17,-6.177887526791503e-17,-1.0492199906486886e-16,-1.0484552510899039e-16,3.583509711173105e-07,-8.215498910515699e-17,-1.0474456326106543e-16,-8.215498910515699e-17,-7.791988140005376e-17,1.804522408923223e-10,-2.2636876576830444e-13,-8.215498910515699e-17,-1.0493495983334691e-16,-1.0324182502324226e-16,1.4210408315576979e-05,1.8045226536913634e-10,-6.137155089064248e-17,-1.0470577623410459e-16,-1.0470577623410459e-16,-1.0574758427551839e-16,3.583510762859349e-07,1.8045224040433442e-10,-1.0478779449711294e-16,1.804522408923223e-10,-1.0821338155577884e-16,1.804523096445968e-10,1.804522405912479e-10,1.8045230959508344e-10,-9.021979212579609e-17,1.8045224045336664e-10
0.9999580625251149,4.7217279432500947e-11,-1.2460518122431305e-11,0.9999144733693729,0.9999140648504289,1.1756135011265447e-10,1.7263244387808528e-10,-4.590252988023169e-12,2.7371962389671466e-07,3.1995194980932186e-11,0.9999140648504289,1.7055598794433877e-10,1.1529323635264182e-10,-4.590252842971399e-12,-4.590253181091684e-12,0.9999148427891106,6.979187043436206e-11,-4.590252941654905e-12,6.979187022863362e-11,7.966836818245664e-11,0.9999140648504282,2.418883364421451e-12,6.979187056452344e-11,-4.590252672322847e-12,2.737196238610563e-07,1.8045226536913634e-10,0.9999284213509813,1.1529323663388415e-10,-4.590253690610717e-12,-4.5902530865299756e-12,1.962365225331819e-11,0.9999152217908202,0.9999140648504284,-4.590252856670807e-12,0.9999140648504276,-1.246051631367935e-11,0.9999144733693729,0.9999140648504282,0.9999144733693742,1.1884719059317075e-10,0.9999140648504278
1.0255739610411972e-07,-1.0676865305332011e-16,-1.1334927767485493e-16,1.1529326304451065e-10,1.1529322189453685e-10,-7.190465593137559e-17,-6.463126489469097e-17,-1.1083389484714337e-16,-1.3181358334612744e-16,-1.111167316897161e-16,1.1529322151851469e-10,-6.547328658360634e-17,-1.664355124215472e-13,-1.1110154285484678e-16,-1.1083389484714337e-16,2.2895498651959296e-07,-9.872708664349268e-17,-1.1084944475395258e-16,-9.872708664349268e-17,-1.9078763506755092e-13,1.1529322163396354e-10,-2.4206445209713426e-13,-9.882582436881101e-17,-1.111083527516847e-16,-1.3181358334612744e-16,-6.137155089064248e-17,1.1529323663388415e-10,1.4210408217839112e-05,-1.1083389484714337e-16,-1.109776624970444e-16,-2.2975045172920084e-13,2.2895503963178653e-07,1.1529322137120095e-10,-1.1110154285484678e-16,1.1529322170132352e-10,-1.1338497888589356e-16,1.1529326304451065e-10,1.1529322170132352e-10,1.1529326327827237e-10,-1.1526444738332142e-16,1.1529322189453685e-10
-1.3552344962825964e-07,-1.174374151241115e-16,-2.1876902443253686e-13,-4.590259057661786e-12,-4.5902508089145455e-12,-9.939628712813648e-17,-1.0552733706645029e-16,-2.1764463663417403e-13,-1.6355921824650404e-16,-1.1939272503187378e-16,-4.590250622955127e-12,-1.0567588984168528e-16,-1.1083389484714337e-16,-2.176446368310902e-13,-2.1764463785241256e-13,-4.590265265059672e-12,-1.1474618213158028e-16,-2.1764463677378823e-13,-1.1474618213158028e-16,-1.147977522195439e-16,-4.590250698165318e-12,-1.2199451411261363e-16,-1.1465818562625903e-16,-2.1764463633544236e-13,-1.6328353534460952e-16,-1.0470577623410459e-16,-4.590253690610717e-12,-1.1083389484714337e-16,1.4210408163022933e-05,-2.1764463683800835e-13,-1.19854442435372e-16,-9.115549460238251e-09,-4.5902508089145455e-12,-2.1764463653783322e-13,-4.590250777445752e-12,-2.1876902138979006e-13,-4.590258629706192e-12,-4.590250698165318e-12,-4.59025888571999e-12,-1.427515816566677e-16,-4.5902508089145455e-12
-1.3552345035136245e-07,-1.1761273926223505e-16,-2.1876902288412112e-13,-4.590258453357526e-12,-4.5902504530723536e-12,-9.915756147280467e-17,-1.0565327699411896e-16,-2.1764463508425292e-13,-1.6341885264275075e-16,-1.19094246727835e-16,-4.5902504530723536e-12,-1.0595741168123631e-16,-1.1084944475395258e-16,-2.1764463528116883e-13,-2.1764463630249185e-13,-4.590264854848013e-12,-1.1474618213158028e-16,-2.1764463522386524e-13,-1.147592235649734e-16,-1.1469587358508554e-16,-4.5902503460978404e-12,-1.2181534385035556e-16,-1.1465818562625903e-16,-2.1764463478552142e-13,-1.634556606960356e-16,-1.0470577623410459e-16,-4.5902530865299756e-12,-1.109776624970444e-16,-2.1764463683800835e-13,1.4210408163022933e-05,-1.195454529823824e-16,-9.115548540821177e-09,-4.590250371151376e-12,-2.1764463498791006e-13,-4.5902504530723536e-12,-2.187690198413731e-13,-4.590258447492486e-12,-4.5902503460978404e-12,-4.590258447492551e-12,-1.4271556217843097e-16,-4.590250481928091e-12
-8.743623870232e-08,-2.503042070331589e-13,-1.2088614113053388e-16,1.9623652696147472e-11,1.9623651021472827e-11,-1.0319718546582561e-16,-1.0676959219887705e-16,-1.1991961121949673e-16,-1.7179943665798326e-16,-2.556685825137387e-13,1.962365136956088e-11,-1.0703089088932356e-16,-2.2975045225284696e-13,-1.1991961121949673e-16,-1.2010206118613694e-16,3.8969648439479807e-08,-2.4230953378809727e-13,-1.2010206118613694e-16,-2.42309533886624e-13,-2.412633384802233e-13,1.9623651207319337e-11,-2.6457065425279147e-13,-2.423095337007854e-13,-1.2003416974861354e-16,-1.7206382669145737e-16,-1.0574758427551839e-16,1.962365225331819e-11,-2.2975045172920084e-13,-1.19854442435372e-16,-1.195454529823824e-16,1.4210408121014476e-05,3.896962520652189e-08,1.9623651372529636e-11,-1.1993962780552078e-16,1.9623651021472827e-11,-1.2105248562742093e-16,1.9623652557832007e-11,1.9623651021472827e-11,1.962365255631807e-11,-1.503943132475446e-16,1.96236513181386e-11
0.9999590734156878,9.376642142275885e-08,-2.474471192345056e-08,0.9999154842156058,0.9999150756962376,2.3345917288400672e-07,3.4282208558835236e-07,-9.115548125430487e-09,2.737198262514362e-07,6.353764912345407e-08,0.9999150756962376,3.386985559207535e-07,2.2895503909979156e-07,-9.115548205334994e-09,-9.1155488151321e-09,0.9999158536357284,1.3859616630865068e-07,-9.115547923996291e-09,1.3859616586431803e-07,1.582094050267795e-07,0.9999150756962376,4.8035402788852126e-09,1.3859616634062652e-07,-9.115547577059618e-09,2.737198262157724e-07,3.583510762859349e-07,0.9999152217908202,2.2895503963178653e-07,-9.115549460238251e-09,-9.115548540821177e-09,3.896962520652189e-08,0.999930443044678,0.9999150756962367,-9.115548085732582e-09,0.9999150756962358,-2.4744708154711644e-08,0.9999154842156049,0.9999150756962363,0.9999154842156074,2.3601265158785014e-07,0.999915075696236
0.9999579164242227,4.721727440766816e-11,-1.2460514749023266e-11,0.9999143272749023,0.9999139187560201,1.1756133400425366e-10,1.7263241995462212e-10,-4.590250062905327e-12,1.378351042942888e-10,3.1995192207555335e-11,0.9999139187560194,1.705559639932493e-10,1.1529322108490257e-10,-4.590250334781656e-12,-4.590250291235368e-12,0.9999146966945835,6.979186227557712e-11,-4.590249956936421e-12,6.979186206995783e-11,7.966835822668234e-11,0.9999139187560196,2.4188852114204886e-12,6.979186209863114e-11,-4.590249856072563e-12,1.3783510441687442e-10,1.8045224040433442e-10,0.9999140648504284,1.1529322137120095e-10,-4.5902508089145455e-12,-4.590250371151376e-12,1.9623651372529636e-11,0.9999150756962367,0.99992812916204,-4.5902500435181685e-12,0.9999139187560201,-1.2460512734730017e-11,0.9999143272749023,0.9999139187560196,0.9999143272749047,1.188471748236428e-10,0.9999139187560194
-1.355234503508737e-07,-1.174374151241115e-16,-2.1876902258136734e-13,-4.5902585050107574e-12,-4.5902500435181685e-12,-9.940690739040288e-17,-1.0547410530706788e-16,-2.1764463478407499e-13,-1.6368991770183696e-16,-1.1926601847700393e-16,-4.5902501657667235e-12,-1.0572303004876488e-16,-1.1110662956071959e-16,-2.1764463498099317e-13,-2.1764463600231533e-13,-4.590264775519115e-12,-1.147592235649734e-16,-2.1764463492368936e-13,-1.147592235649734e-16,-1.1478400691647688e-16,-4.590250094848714e-12,-1.2199451392371618e-16,-1.1475497372592597e-16,-2.176446344853455e-13,-1.6357763744336313e-16,-1.0478779449711294e-16,-4.590252856670807e-12,-1.1110154285484678e-16,-2.1764463653783322e-13,-2.1764463498791006e-13,-1.1993962780552078e-16,-9.115548085732582e-09,-4.5902500435181685e-12,1.4210408163022933e-05,-4.5902500435181685e-12,-2.1876901953861953e-13,-4.590258218475115e-12,-4.590250083203727e-12,-4.590258465613887e-12,-1.4275892675322603e-16,-4.590250094848714e-12
0.9999579164242264,4.721727469908322e-11,-1.2460514772746076e-11,0.9999143272749023,0.9999139187560196,1.175613343531486e-10,1.7263241995462212e-10,-4.590250334884965e-12,1.378351042942888e-10,3.19951921977427e-11,0.9999139187560208,1.705559645423569e-10,1.152932211622755e-10,-4.590250334781656e-12,-4.590250291235368e-12,0.9999146966945831,6.979186239504736e-11,-4.590250104634654e-12,6.979186210135763e-11,7.966835819457778e-11,0.9999139187560199,2.4188854135256694e-12,6.979186209863114e-11,-4.590249943612768e-12,1.3783510418143543e-10,1.804522408923223e-10,0.9999140648504276,1.1529322170132352e-10,-4.590250777445752e-12,-4.5902504530723536e-12,1.9623651021472827e-11,0.9999150756962358,0.9999139187560201,-4.5902500435181685e-12,0.999928129162035,-1.2460512489560837e-11,0.9999143272749014,0.9999139187560203,0.9999143272749034,1.1884717466595824e-10,0.9999139187560188
-1.5115328444067675e-07,-1.1898955978566387e-16,-2.1965477471657082e-13,-1.2460524157483263e-11,-1.2460512734730017e-11,-2.02550700908241e-13,-1.0899404874587648e-16,-2.1876901963383675e-13,-1.669784623053142e-16,-1.2037957639158599e-16,-1.2460512742155552e-11,-1.0915732254367984e-16,-1.133415780113168e-16,-2.1876901983213028e-13,-2.1876902086549839e-13,-1.2460533695074134e-11,-1.1644941213365414e-16,-2.187690197729285e-13,-1.1653800770621293e-16,-2.317397289975154e-13,-1.2460512703942765e-11,-1.2290787734813796e-16,-1.166526196052995e-16,-2.1876901934369705e-13,-1.6696861177954988e-16,-1.0821338155577884e-16,-1.246051631367935e-11,-1.1338497888589356e-16,-2.1876902138979006e-13,-2.187690198413731e-13,-1.2105248562742093e-16,-2.4744708154711644e-08,-1.2460512734730017e-11,-2.1876901953861953e-13,-1.2460512489560837e-11,1.4210408157852347e-05,-1.2460523955021264e-11,-1.2460512742155552e-11,-1.2460523981859144e-11,-1.45433948681659e-16,-1.2460512609138761e-11
0.9999583249612198,4.721728766711726e-11,-1.2460525879003362e-11,0.9999147357939573,0.9999143272749036,1.1756137772829437e-10,1.7263248570072978e-10,-4.590258317835559e-12,2.7371968444803745e-07,3.199519888618778e-11,0.9999143272749027,1.705560293007075e-10,1.1529326317620958e-10,-4.590258320290067e-12,-4.590258882423815e-12,0.9999151052137937,6.97918846674295e-11,-4.590258207694287e-12,6.979188479004125e-11,7.966838498577706e-11,0.9999143272749014,2.41887942148586e-12,6.979188480311903e-11,-4.59025818970947e-12,2.737196844123764e-07,1.804523096445968e-10,0.9999144733693729,1.1529326304451065e-10,-4.590258629706192e-12,-4.590258447492486e-12,1.9623652557832007e-11,0.9999154842156049,0.9999143272749023,-4.590258218475115e-12,0.9999143272749014,-1.2460523955021264e-11,0.9999289462002692,0.9999143272749023,0.9999147357939588,2.3601252975206435e-07,0.9999143272749014
0.9999579164242266,4.721727469908322e-11,-1.2460514749023266e-11,0.9999143272749034,0.9999139187560208,1.1756133469920617e-10,1.7263241969952365e-10,-4.5902498501856246e-12,1.3783510411529182e-10,3.1995192388784603e-11,0.9999139187560199,1.7055596443668602e-10,1.1529322102257118e-10,-4.5902503533288554e-12,-4.590250291235368e-12,0.9999146966945848,6.979186211806856e-11,-4.590249956936421e-12,6.979186207600168e-11,7.966835813072559e-11,0.9999139187560199,2.4188852114204886e-12,6.979186209863114e-11,-4.5902498103744645e-12,1.3783510441687442e-10,1.804522405912479e-10,0.9999140648504282,1.1529322170132352e-10,-4.590250698165318e-12,-4.5902503460978404e-12,1.9623651021472827e-11,0.9999150756962363,0.9999139187560196,-4.590250083203727e-12,0.9999139187560203,-1.2460512742155552e-11,0.9999143272749023,0.9999281291620382,0.9999143272749043,1.1884717462018918e-10,0.9999139187560196
0.9999583249612173,4.7217287693116365e-11,-1.2460526097676356e-11,0.9999147357939588,0.999914327274904,1.1756137765825288e-10,1.7263248597457666e-10,-4.590258348661019e-12,2.7371968444804015e-07,3.199519911666194e-11,0.9999143272749049,1.705560292691209e-10,1.1529326310253621e-10,-4.590258536792506e-12,-4.5902586955207325e-12,0.9999151052137957,6.979188467748965e-11,-4.590258207694287e-12,6.979188469457632e-11,7.96683850125793e-11,0.9999143272749034,2.41887942148586e-12,6.979188437115296e-11,-4.590258132481464e-12,2.7371968441237874e-07,1.8045230959508344e-10,0.9999144733693742,1.1529326327827237e-10,-4.59025888571999e-12,-4.590258447492551e-12,1.962365255631807e-11,0.9999154842156074,0.9999143272749047,-4.590258465613887e-12,0.9999143272749034,-1.2460523981859144e-11,0.9999147357939588,0.9999143272749043,0.9999289462002549,2.3601252975206628e-07,0.9999143272749018
1.0961521178289656e-07,-1.4004290993883978e-16,-1.454065283255556e-16,2.360125297520645e-07,1.1884717462018918e-10,-9.934077104268285e-17,-9.291454388260087e-17,-1.4284329935804577e-16,-3.5148501678866435e-13,-1.4606482038990433e-16,1.188471748236428e-10,-9.455114422006085e-17,-1.1473598196559893e-16,-1.427903366847197e-16,-1.4284329935804577e-16,1.1884725439150573e-10,-1.3069524701576518e-16,-1.4237360014405357e-16,-1.308962638510355e-16,-1.2853398298309197e-16,1.1884717472486715e-10,-1.5685282821264011e-16,-1.3069524701576518e-16,-1.427903366847197e-16,-3.514850168725926e-13,-9.021979212579609e-17,1.1884719059317075e-10,-1.1526444738332142e-16,-1.427515816566677e-16,-1.4271556217843097e-16,-1.503943132475446e-16,2.3601265158785014e-07,1.188471748236428e-10,-1.4275892675322603e-16,1.1884717466595824e-10,-1.45433948681659e-16,2.3601252975206435e-07,1.1884717462018918e-10,2.3601252975206628e-07,1.4210408070331645e-05,1.1884717477182627e-10
0.9999579164242288,4.721727440766816e-11,-1.246051474499064e-11,0.9999143272749014,0.9999139187560203,1.1756133422905953e-10,1.7263241995570745e-10,-4.590249908975572e-12,1.378351042942888e-10,3.199519216655114e-11,0.9999139187560196,1.7055596421877927e-10,1.1529322127339002e-10,-4.5902503533288554e-12,-4.590250291235368e-12,0.9999146966945838,6.979186211806856e-11,-4.590249988627091e-12,6.979186202967977e-11,7.966835819457778e-11,0.9999139187560188,2.4188852885408898e-12,6.979186221567884e-11,-4.590249856072563e-12,1.3783510425913907e-10,1.8045224045336664e-10,0.9999140648504278,1.1529322189453685e-10,-4.5902508089145455e-12,-4.590250481928091e-12,1.96236513181386e-11,0.999915075696236,0.9999139187560194,-4.590250094848714e-12,0.9999139187560188,-1.2460512609138761e-11,0.9999143272749014,0.9999139187560196,0.9999143272749018,1.1884717477182627e-10,0.9999281291620411
