0.9999999997937574,0.5131088902499221,-2.5156369820012665e-07,0.5131089023010993,0.5131088804353845,-2.4799281557482205e-07,0.9999958455239158,0.4868871530589126,0.9999958453580503,-2.3245705813849886e-07,-2.577327079576462e-07,-2.517287888714152e-07,0.9999958438029225,0.5131088803068229,0.48688714836516606,0.4868871530589117,-2.4509059457781365e-07,0.9999958391831326,0.5131089023011027,-2.3362639657575292e-07,0.5131089149280822,0.48688714735228683,0.9999958426167544,-2.3453066733447196e-07,-2.4509059466484867e-07,0.5131088981154801,-2.5156369699169524e-07,0.5131089023011025,-2.431339293949122e-07,0.48688713421545926,-2.3379608354441102e-07,0.4868871483651712,0.4868871552715162,-2.8497620703451983e-07,0.48688714836516506,-2.6272256764690326e-07,-2.510219820192177e-07,0.5131089023010997,0.5131088999036002,-2.3362639310984718e-07,-2.515636970323872e-07,-2.4565194386596894e-07,0.4868871608132791,0.4868871489611449,-2.452765126516714e-07,0.9999958378446602,-2.4527651261455833e-07,0.48688715328344834,0.5131089023011021,-2.51563696947074e-07,-2.3890167874019356e-07,0.9999958438029216,-2.4369021465897206e-07
0.5131088902499221,0.5131085032599519,-9.440815387110111e-12,0.5131077056308335,0.5131077126463184,-1.0391757132840862e-11,0.5131074174985746,-3.9886375764841915e-11,0.5131074178150001,-4.092260511163313e-12,-1.0546130015764913e-11,-1.0260373215859591e-11,0.513107415703474,0.5131077228376631,-3.593288659767534e-11,-3.988637605475277e-11,-9.676139635084898e-12,0.5131074180736362,0.513107705630834,-1.9036650691574708e-12,0.51310773705851,-8.608031387291302e-08,0.5131074154450681,-1.7735852414458262e-12,-9.676139493738424e-12,0.5131077062657627,-9.440815622931963e-12,0.5131077056308337,-7.39021474860945e-12,-1.0874004772502615e-07,-8.004880801653106e-12,-3.5932886881358355e-11,-3.574272986801099e-11,-1.5519670542758926e-11,-3.593288638213865e-11,-3.116637694995762e-08,-9.590954564542184e-12,0.5131077056308344,0.513107709627757,-1.9036651620047924e-12,-9.440815540343704e-12,-6.724836609704476e-12,-5.278197333755991e-11,-9.376911738838945e-08,-7.981711146892278e-12,0.5131074190353354,-7.981711640360126e-12,-3.6548014097723295e-11,0.5131077056308335,-9.440815786026549e-12,-5.8000396576345214e-12,0.5131074157034742,-9.160067217355445e-12
-2.5156369820012665e-07,-9.440815387110111e-12,7.895815965256393e-07,-9.522008698471247e-12,-9.55363195761878e-12,1.4055617276611577e-09,-1.8688039617943933e-11,-9.18498873064009e-12,-1.874838930221055e-11,-1.0757739660593602e-09,-2.2274924179617216e-13,5.404910460800109e-13,-1.871537389176355e-11,-9.501681214961698e-12,-9.2373100921572e-12,-9.184988690915909e-12,1.2929765881307645e-09,-1.8720803490771417e-11,-9.522008653229815e-12,-9.338316421664881e-13,-1.8839743256660905e-08,-9.017122094957618e-12,-3.699452012139613e-08,-8.959022648146356e-13,1.292976588130635e-09,-9.559212001995206e-12,3.387574900240556e-10,-9.522008689916529e-12,-2.74875924041707e-13,-9.206101099534198e-12,1.0316898473126923e-12,-9.237310134334787e-12,-9.203551136151776e-12,-7.25011921103601e-13,-9.237310086042734e-12,4.4667511963114427e-10,4.445252145138083e-10,-9.52200873542245e-12,-9.074138618541154e-12,-9.338316316678872e-13,3.3875749002411765e-10,-4.184801327459876e-13,-1.83695290374475e-08,-9.160506444502203e-12,6.695682204845717e-10,-1.8746804283790727e-11,6.695682204847983e-10,-9.024104678352423e-12,-9.522008663057021e-12,3.3875749002402325e-10,2.0970446315902967e-10,-1.8715374157782588e-11,1.5375320604489736e-09
0.5131089023010993,0.5131077056308335,-9.522008698471247e-12,0.5131084865643835,0.5131077043670046,-1.0728639790154024e-11,0.5131074296354989,-2.959880226539707e-11,0.5131074300091406,-3.834421519513058e-12,-1.0439948913443759e-11,-1.0518018528893082e-11,0.513107427866313,0.5131077145090953,-2.5620372166961734e-11,-2.9598802385559734e-11,-9.986038127505502e-12,0.5131074302416232,0.5131076973215397,-1.4585201118922347e-12,0.5131077287008046,-3.306596563506874e-11,0.5131074274961976,-1.346520663195665e-12,-9.986038106460944e-12,0.5131076979917394,-9.52200895808306e-12,0.51310769732154,-7.259185399894798e-12,-4.4367187813816905e-11,-8.496675391955505e-12,-2.562037244964314e-11,-2.544630812598741e-11,-1.517406742641157e-11,-2.562037198139018e-11,-1.5774724671191727e-11,-9.697497894364823e-12,0.5131076973215408,0.5131077008938522,-1.4585202734945778e-12,-9.522008670146264e-12,-6.525352653499603e-12,-4.2470762491663345e-11,-3.68628705342348e-11,-8.142192419170923e-12,0.513107431227973,-8.142192844846551e-12,-2.6337131733582022e-11,0.5131076973215395,-9.522008956036219e-12,-5.850301769465842e-12,0.5131074278663134,-9.52858111705699e-12
0.5131088804353845,0.5131077126463184,-9.55363195761878e-12,0.5131077043670046,0.5131085006669889,-1.0859850032501961e-11,0.513107407803264,-4.411242120881943e-11,0.5131074081991908,-3.733997763981217e-12,-1.039859315383057e-11,-1.0618368085753248e-11,0.5131074060441723,0.5131077215470553,-4.0124276413080226e-11,-4.411242147467898e-11,-1.0106738798086889e-11,0.5131074084214872,0.5131077043670051,-1.2851437003381e-12,0.5131077357274161,-9.470795918424453e-08,0.513107405630547,-1.180186215934373e-12,-1.0106738850177867e-11,0.5131077050509425,-9.553632340517791e-12,0.5131077043670047,-7.208151735563063e-12,-1.1711874725310382e-07,-8.688220285147844e-12,-4.012427664018127e-11,-3.995648032822425e-11,-1.5039460591003984e-11,-4.012427634789371e-11,-3.146223663259184e-08,-1.9372912789716632e-08,0.5131077043670056,0.5131077077739405,-1.285143705316611e-12,-9.553632119406449e-12,-6.447657427201003e-12,-1.1333583579982871e-07,-1.0220788024030748e-07,-8.20469747929978e-12,0.5131074094174385,-8.20469814675887e-12,-4.0880620708787216e-11,0.513107704367005,-9.553632400226184e-12,-5.869878145436311e-12,0.5131074060441717,-9.672110679591733e-12
-2.4799281557482205e-07,-1.0391757132840862e-11,1.4055617276611577e-09,-1.0728639790154024e-11,-1.0859850032501961e-11,7.950739102852405e-07,-1.7177854629413374e-11,-6.527868333893527e-12,-3.4668396426879794e-08,-2.2442672582932976e-12,-1.838141832205831e-09,2.242583825842909e-12,-1.7291269314788663e-11,-1.0644296784080502e-11,-6.7449591392283126e-12,-6.527868345164425e-12,5.364762213149434e-09,-1.7313797022174987e-11,-1.0728639820173728e-11,-3.874605978006315e-12,-2.0920120800820477e-08,-5.831365218118041e-12,-3.342360630848623e-08,-3.717230577521232e-12,5.364762213149003e-09,-1.0883001795846918e-11,1.4055617276620314e-09,-1.072863985308012e-11,-2.268296471821103e-09,-6.615466996062342e-12,8.513615694849387e-09,-6.7449591392283126e-12,-6.60488692519416e-12,-3.008179484488742e-12,-6.7449589683889154e-12,1.8533406959159367e-09,1.8444081625444412e-09,-1.072863978403512e-11,-8.870361138743687e-12,-3.874605978006315e-12,1.4055617276620314e-09,-1.7363346009422873e-12,-1.3394506116222904e-08,-6.426287514745181e-12,2.77814614933326e-09,-1.7421678269382374e-11,2.7781461493343173e-09,-5.860337435184495e-12,-1.0728639759299387e-11,1.4055617276617617e-09,4.374876406321515e-13,-1.729126930271887e-11,6.379463125868686e-09
0.9999958455239158,0.5131074174985746,-1.8688039617943933e-11,0.5131074296354989,0.513107407803264,-1.7177854629413374e-11,0.9999935597987062,0.4868857653441863,0.9999927704538236,-8.705138572657514e-12,-4.2928157580625554e-08,-1.896765070839923e-11,0.9999927688638167,0.51310740761981,0.4868857607057429,0.48688576534418543,-1.568882171983218e-11,0.9999927642497795,0.5131074296354985,-9.084241464104441e-12,0.5131074422084853,0.4868857594602158,0.9999927675531521,-9.558974981002977e-12,-1.5688821580710825e-11,0.5131074254892016,-1.868804021829413e-11,0.5131074296354986,-1.4213818127179939e-11,0.48688574652310507,-2.0317100871212933e-08,0.48688576070574396,0.4868857675763982,-3.500916214084541e-11,0.48688576070574396,-4.839067021142148e-08,-1.844396024955228e-11,0.5131074296354978,0.5131074267648001,-9.08424120971671e-12,-1.8688039713056327e-11,-3.0640613254963206e-08,0.4868857731509177,0.48688576122056537,-1.5615771178911914e-11,0.9999927629387829,-1.5615771632810686e-11,0.4868857653987372,0.5131074296354984,-1.8688039909752632e-11,-1.2288255879800287e-11,0.9999927688638163,-2.993792880033415e-08
0.4868871530589126,-3.9886375764841915e-11,-9.18498873064009e-12,-2.959880226539707e-11,-4.411242120881943e-11,-6.527868333893527e-12,0.4868857653441863,0.4868868290857675,0.4868857648818048,-4.810516824809744e-12,-1.1115701348841903e-11,-1.6927788484728997e-08,0.48688576542731643,-9.808609133734703e-08,0.486886027302103,0.4868860398429187,-5.775135611606228e-12,0.48688575843916837,-2.959880268822529e-11,-7.521791596690961e-12,-3.9058598974830514e-11,0.48688604081871234,0.4868857644606872,-8.112746046185922e-12,-5.7751354343314525e-12,-3.2015970219377924e-11,-9.184989079693568e-12,-2.959880272568981e-11,-6.924041444789431e-12,0.48688605040400074,-1.8318564989867383e-12,0.48688602730210334,0.48688603381903656,-1.9754410728093958e-11,0.48688602730210334,-8.576795262414993e-12,-8.771338131019597e-12,-2.959880309572482e-11,-3.288760087787198e-11,-7.521791279231371e-12,-9.184988792033702e-12,-8.831409143071998e-12,0.4868860732657295,0.48688605016367026,-7.51104663522785e-12,0.4868857561475789,-7.511046244698247e-12,0.4868860333736841,-2.959880287471374e-11,-9.184988682794298e-12,-6.449687952004555e-12,0.4868857654273171,-5.60763919863e-12
0.9999958453580503,0.5131074178150001,-1.874838930221055e-11,0.5131074300091406,0.5131074081991908,-3.4668396426879794e-08,0.9999927704538236,0.4868857648818048,0.9999935596370316,-8.513491056568126e-12,-4.277119100087908e-08,-1.915915485084511e-11,0.9999927687809808,0.513107407979127,0.4868857602802321,0.48688576488180446,-1.591916464127168e-11,0.9999927641707681,0.5131074300091402,-8.753372199554829e-12,0.5131074425461447,0.4868857588795426,0.9999927673872846,-9.241544656113629e-12,-1.591916444783176e-11,0.5131074258890606,-1.8748389902656272e-11,0.5131074300091402,-1.4116426184391067e-11,0.4868857460756015,-2.1044115786865186e-08,0.48688576028023256,0.4868857671270973,-3.475228097732345e-11,0.48688576028023245,-4.854893570227897e-08,-1.8523152258199922e-11,0.5131074300091394,0.5131074268228355,-8.753371961090413e-12,-1.8748389453709542e-11,-1.5255061009463728e-11,0.486885772723478,0.4868857607409323,-1.573505462877096e-11,0.9999927628780956,-1.573505486963937e-11,0.4868857648229846,0.5131074300091396,-1.8748389570660716e-11,-1.2325614997474459e-11,0.9999927687809808,-3.048269915976946e-08
-2.3245705813849886e-07,-4.092260511163313e-12,-1.0757739660593602e-09,-3.834421519513058e-12,-3.733997763981217e-12,-2.2442672582932976e-12,-8.705138572657514e-12,-4.810516824809744e-12,-8.513491056568126e-12,7.926586136710096e-07,7.073630578865138e-13,-1.7164017025826649e-12,-8.618334849667994e-12,-3.8989754662419545e-12,-4.644362561619307e-12,-4.810516824809744e-12,-2.0645033383436017e-12,-8.601092849168658e-12,-3.8344214192928255e-12,2.9654926387314635e-12,-7.950053039724411e-09,-5.343597005394918e-12,-1.7887995820368955e-08,2.845043458821951e-12,-2.0645027763162543e-12,-3.7162780152049404e-12,-1.0757739660603309e-09,-3.834421519513058e-12,8.728979774656904e-13,-4.743471954186806e-12,-3.276265558419405e-12,-4.6443625720750426e-12,-4.751568990244894e-12,2.302357688533459e-12,-4.644362654905576e-12,-1.4184953696782154e-09,-1.4116525546642384e-09,-3.8344214192928255e-12,-5.256685566299738e-12,2.965492801599691e-12,-1.0757739660601745e-09,1.3289315765858864e-12,-9.255986369893348e-09,-4.888263841968303e-12,-1.0691055227570684e-12,-8.518524150154677e-12,-1.0691049813176067e-12,-5.321422555000904e-12,-3.8344214192928255e-12,-1.075773966060083e-09,-3.3484069570655257e-13,-8.618334840305922e-12,-4.882635326383075e-09
-2.577327079576462e-07,-1.0546130015764913e-11,-2.2274924179617216e-13,-1.0439948913443759e-11,-1.039859315383057e-11,-1.838141832205831e-09,-4.2928157580625554e-08,-1.1115701348841903e-11,-4.277119100087908e-08,7.073630578865138e-13,7.898221573468262e-07,-7.068361646225322e-13,-2.1544691408020086e-11,-1.0466533101814063e-11,-1.1047276692947254e-11,-1.111570128944719e-11,-8.501886107506824e-13,-2.1537590753238807e-11,-1.043994885223495e-11,2.4288511731294447e-09,-1.0506726289456176e-11,-1.133522974294777e-11,-4.316353294489561e-08,2.3301983453442213e-09,-8.501886107506824e-13,-1.0391296124865317e-11,-2.227491965331268e-13,-1.0439948824587255e-11,7.149357975654942e-10,-1.1088091125373688e-11,-2.6833899252172964e-09,-1.1047276710803003e-11,-1.1091425776862588e-11,1.885717949666952e-09,-1.1047276722038025e-11,-2.9371427784196217e-13,-2.9229595718981285e-13,-1.0439948696373514e-11,-2.193222296933934e-08,2.428851173129531e-09,-2.2274917058187549e-13,1.0884453182278436e-09,-1.1050857278954718e-11,-1.1147718405842617e-11,-4.4027126157249377e-13,-2.1503587954700462e-11,-4.40271319865482e-13,-1.1326098027665086e-11,-1.0439948824587255e-11,-2.227492734104902e-13,-2.7424840238302707e-10,-2.1544691397710918e-11,-2.010731152735811e-09
-2.517287888714152e-07,-1.0260373215859591e-11,5.404910460800109e-13,-1.0518018528893082e-11,-1.0618368085753248e-11,2.242583825842909e-12,-1.896765070839923e-11,-1.6927788484728997e-08,-1.915915485084511e-11,-1.7164017025826649e-12,-7.068361646225322e-13,7.926535005833656e-07,-3.790321441689019e-08,-2.0794258649981707e-08,-8.675813474357934e-12,-1.692778848473015e-08,2.062953948578636e-12,-3.793748034233047e-08,-1.0518018435318574e-11,-2.9632738102077993e-12,-1.0355986756590938e-11,-7.977103158613791e-12,-3.715957099362375e-08,-2.842914775892263e-12,2.062953948578636e-12,-1.0636073946087643e-11,5.404911442391068e-13,-1.0518018435318574e-11,-8.722468604837865e-13,-8.576778943826544e-12,3.273807743516855e-12,-8.675813674744135e-12,-8.568687537281198e-12,-2.300637266629666e-12,-8.675813850063148e-12,7.126772426907665e-13,7.092442497704877e-13,-1.0518018528893082e-11,-9.096818875345422e-12,-2.9632737084099363e-12,5.404910460800109e-13,-1.327938530832199e-12,-1.7240726555525093e-08,-1.6773276656462514e-08,1.0683017404889745e-12,-1.9154125173771948e-11,1.0683018087440233e-12,-7.999260892930097e-12,-1.0518018418487956e-11,5.404910460800109e-13,3.345862270833195e-13,-3.7903214416890645e-08,2.453144968116112e-12
0.9999958438029225,0.513107415703474,-1.871537389176355e-11,0.513107427866313,0.5131074060441723,-1.7291269314788663e-11,0.9999927688638167,0.48688576542731643,0.9999927687809808,-8.618334849667994e-12,-2.1544691408020086e-11,-3.790321441689019e-08,0.9999935564232254,0.5131074058441372,0.48688576080557355,0.48688576542731665,-1.579315199630343e-11,0.9999927625681304,0.513107427866313,-8.934379335827107e-12,0.5131074404230019,0.4868857594897674,0.9999927658321639,-9.41519982176916e-12,-1.579315189962698e-11,0.5131074237318909,-1.8715374771370778e-11,0.5131074278663128,-1.4169706154449711e-11,0.48688574661297473,-1.0379284441424516e-11,0.48688576080557355,0.4868857676654531,-6.940945507506283e-08,0.48688576080557416,-4.84623540849872e-08,-1.8479828801636718e-11,0.5131074278663122,0.5131074248526657,-8.934379124251913e-12,-1.8715374094624654e-11,-1.533617617172707e-11,0.486885773249875,0.48688576129588157,-1.5669798865580678e-11,0.999992761265436,-1.5669798906611754e-11,0.4868857654305176,0.5131074278663122,-1.8715374422704062e-11,-1.2305177130989742e-11,0.9999927671804365,-1.5174249364579756e-11
0.5131088803068229,0.5131077228376631,-9.501681214961698e-12,0.5131077145090953,0.5131077215470553,-1.0644296784080502e-11,0.51310740761981,-9.808609133734703e-08,0.513107407979127,-3.8989754662419545e-12,-1.0466533101814063e-11,-2.0794258649981707e-08,0.5131074058441372,0.5131085209443308,-4.533677757733201e-11,-9.808609166714916e-08,-9.90845123430732e-12,0.5131074082181586,0.5131077145090956,-1.5699684741574034e-12,0.5131077459004832,-5.2756093635091555e-11,0.5131074055019892,-1.453442338447642e-12,-9.908451198322194e-12,0.5131077151704645,-9.501681353107448e-12,0.5131077145090955,-7.291990753496231e-12,-1.2746859774474814e-07,-8.373546944601087e-12,-4.533677794864029e-11,-4.51586853986125e-11,-3.0356691316933414e-08,-4.5336777515125966e-11,-1.574792316003908e-11,-9.670823476454938e-12,0.5131077145090955,0.5131077181877166,-1.5699685619924122e-12,-9.501680963410227e-12,-6.575296977717989e-12,-1.2370295870946576e-07,-1.1253007192632633e-07,-8.102014157966899e-12,0.5131074091983362,-8.102014591750379e-12,-4.6028092704826045e-11,0.5131077145090955,-9.501681498553113e-12,-5.8377183656741805e-12,0.5131074058441368,-9.436318021397297e-12
0.48688714836516606,-3.593288659767534e-11,-9.2373100921572e-12,-2.5620372166961734e-11,-4.0124276413080226e-11,-6.7449591392283126e-12,0.4868857607057429,0.486886027302103,0.4868857602802321,-4.644362561619307e-12,-1.1047276692947254e-11,-8.675813474357934e-12,0.48688576080557355,-4.533677757733201e-11,0.4868868040360945,0.48688602730210334,-5.974837432213435e-12,0.48688575382074173,-2.5620372951895967e-11,-7.234935065299434e-12,-3.509585350477347e-11,0.4868860281753395,0.48688575976695636,-7.837540653485367e-12,-5.974837349414673e-12,-2.8026112136573158e-11,-9.237310502953765e-12,-2.562037269839032e-11,-6.839604423423147e-12,0.48688603787608364,-2.1487734320198536e-12,0.48688601479325455,0.4868860212895614,-1.953169988553421e-11,0.48688601479325433,-8.645785326664845e-12,-8.839995649034975e-12,-2.5620373283559847e-11,-2.9046748409835865e-11,-7.234934648826915e-12,-9.23731032036685e-12,-8.70285965374633e-12,0.48688606075520613,0.4868860376078963,-7.614462303615108e-12,0.4868857515450376,-7.614462259692559e-12,0.4868860207345788,-2.5620372858353618e-11,-9.23731024341228e-12,-6.482077141503531e-12,0.486885760805573,-5.845112842777549e-12
0.4868871530589117,-3.988637605475277e-11,-9.184988690915909e-12,-2.9598802385559734e-11,-4.411242147467898e-11,-6.527868345164425e-12,0.48688576534418543,0.4868860398429187,0.48688576488180446,-4.810516824809744e-12,-1.111570128944719e-11,-1.692778848473015e-08,0.48688576542731665,-9.808609166714916e-08,0.48688602730210334,0.4868868290857675,-5.775135611606228e-12,0.4868857584391678,-2.9598803038266106e-11,-7.521791612295724e-12,-3.9058598904816344e-11,0.48688604081871256,0.4868857644606872,-8.112746045710828e-12,-5.775135469749623e-12,-3.201597041121041e-11,-9.184988997861313e-12,-2.959880289797858e-11,-6.924041488963637e-12,0.4868860504040012,-1.8318564435673385e-12,0.4868860273021035,0.48688603381903667,-1.9754410712999253e-11,0.48688602730210323,-8.576795160909183e-12,-8.771338154413977e-12,-2.959880342586211e-11,-3.288760118795891e-11,-7.521791356251306e-12,-9.184988771064557e-12,-8.831409182949868e-12,0.48688607326572986,0.48688605016367004,-7.511046647519145e-12,0.4868857561475779,-7.511046244644274e-12,0.48688603337368475,-2.959880303696295e-11,-9.184988720362384e-12,-6.449687940797651e-12,0.4868857654273163,-5.607639156116181e-12
-2.4509059457781365e-07,-9.676139635084898e-12,1.2929765881307645e-09,-9.986038127505502e-12,-1.0106738798086889e-11,5.364762213149434e-09,-1.568882171983218e-11,-5.775135611606228e-12,-1.591916464127168e-11,-2.0645033383436017e-12,-8.501886107506824e-13,2.062953948578636e-12,-1.579315199630343e-11,-9.90845123430732e-12,-5.974837432213435e-12,-5.775135611606228e-12,7.941771978340746e-07,-1.5813875171390368e-11,-9.986038229560965e-12,-3.5642528620004014e-12,-1.9476674900521505e-08,-5.134421895871206e-12,-3.0521403976672675e-08,-6.800885716306905e-09,4.935047636931375e-09,-1.0128035889967665e-11,1.2929765881314548e-09,-9.986038127505502e-12,-2.0866078613427293e-09,-5.85571773728149e-12,7.831679888030952e-09,-5.974837432413388e-12,-5.845985017878442e-12,-2.767226746427963e-12,-5.974837570248295e-12,1.70488804023287e-09,1.6966716718692029e-09,-9.986038229560965e-12,-8.276606402122315e-12,-3.5642528620004014e-12,1.2929765881315412e-09,-1.5972559081376573e-12,-1.1864377308198184e-08,-5.681691203751138e-12,2.5556178803790683e-09,-1.591311505389284e-11,2.5556178803799306e-09,-5.161073407490219e-12,-9.986038229225504e-12,1.2929765881312715e-09,4.024446003148012e-13,-1.57931519947267e-11,5.868471537517899e-09
0.9999958391831326,0.5131074180736362,-1.8720803490771417e-11,0.5131074302416232,0.5131074084214872,-1.7313797022174987e-11,0.9999927642497795,0.48688575843916837,0.9999927641707681,-8.601092849168658e-12,-2.1537590753238807e-11,-3.793748034233047e-08,0.9999927625681304,0.5131074082181586,0.48688575382074173,0.4868857584391678,-1.5813875171390368e-11,0.9999935471989567,0.5131074302416224,-8.904611908768453e-12,0.5131074427950754,0.4868857524909763,0.9999927612123886,-9.38664146749098e-12,-1.5813875046932486e-11,0.5131074261095591,-1.8720804009558463e-11,0.5131074302416229,-1.4160943998660202e-11,0.4868857396261642,-1.0412171288512281e-11,0.4868857538207424,0.4868857606784816,-6.936349036738183e-08,0.48688575382074273,-2.4369730885684333e-11,-1.8486953489149398e-11,0.5131074302416224,0.5131074271995818,-8.904611764018074e-12,-1.872080350202518e-11,-1.5322836351114224e-11,0.48688576626486874,0.4868857543061811,-1.5680530234445093e-11,0.999992756655122,-1.5680530495159795e-11,0.4868857584321694,0.5131074302416224,-1.8720803857869966e-11,-1.230853813367958e-11,0.9999927625681315,-1.519889197696982e-11
0.5131089023011027,0.513107705630834,-9.522008653229815e-12,0.5131076973215397,0.5131077043670051,-1.0728639820173728e-11,0.5131074296354985,-2.959880268822529e-11,0.5131074300091402,-3.8344214192928255e-12,-1.043994885223495e-11,-1.0518018435318574e-11,0.513107427866313,0.5131077145090956,-2.5620372951895967e-11,-2.9598803038266106e-11,-9.986038229560965e-12,0.5131074302416224,0.5131084865643847,-1.4585201957947406e-12,0.5131077287008048,-3.3065966063207384e-11,0.5131074274961965,-1.3465208095910595e-12,-9.986038191854702e-12,0.5131076979917399,-9.52200895808765e-12,0.5131076973215399,-7.259185424477693e-12,-4.43671880456594e-11,-8.496675391955505e-12,-2.562037292432459e-11,-2.544630853497921e-11,-1.5174067268419556e-11,-2.5620372418571154e-11,-1.5774724756469676e-11,-9.697497848145801e-12,0.5131076973215406,0.513107700893853,-1.4585202493575235e-12,-9.522008670146264e-12,-6.525352561856971e-12,-4.2470762972657e-11,-3.68628711252403e-11,-8.142192479574737e-12,0.5131074312279723,-8.142192828464924e-12,-2.6337132174202743e-11,0.51310769732154,-9.522009057784414e-12,-5.8503016582011056e-12,0.5131074278663122,-9.528581027236834e-12
-2.3362639657575292e-07,-1.9036650691574708e-12,-9.338316421664881e-13,-1.4585201118922347e-12,-1.2851437003381e-12,-3.874605978006315e-12,-9.084241464104441e-12,-7.521791596690961e-12,-8.753372199554829e-12,2.9654926387314635e-12,2.4288511731294447e-09,-2.9632738102077993e-12,-8.934379335827107e-12,-1.5699684741574034e-12,-7.234935065299434e-12,-7.521791612295724e-12,-3.5642528620004014e-12,-8.904611908768453e-12,-1.4585201957947406e-12,7.994238782732578e-07,-1.7384706275493617e-12,-8.442125783977479e-12,-1.9057362955809785e-08,9.768931048318975e-09,-3.5642528968728978e-12,-1.2545517605862732e-12,-9.338316421664881e-13,-1.4585202554706138e-12,2.9972425088193652e-09,-7.4060424239672e-12,-5.656295014347394e-12,-7.234935151484455e-12,-7.420021741141043e-12,7.90553159871672e-09,-7.234935244482951e-12,-1.2313317315023488e-12,-1.2253933548773705e-12,-1.4585201118922347e-12,-3.91398273227672e-12,1.0182514820486442e-08,-9.338317258352503e-13,4.563109487704934e-09,-7.249942687886758e-12,-7.656017654853625e-12,-1.845752012933342e-12,-8.762061627152057e-12,-1.8457520495677612e-12,-8.403842667370878e-12,-1.458520225118352e-12,-9.338316421664881e-13,-5.78082790545818e-13,-8.934379371737255e-12,-4.238402981788581e-12
0.5131089149280822,0.51310773705851,-1.8839743256660905e-08,0.5131077287008046,0.5131077357274161,-2.0920120800820477e-08,0.5131074422084853,-3.9058598974830514e-11,0.5131074425461447,-7.950053039724411e-09,-1.0506726289456176e-11,-1.0355986756590938e-11,0.5131074404230019,0.5131077459004832,-3.509585350477347e-11,-3.9058598904816344e-11,-1.9476674900521505e-08,0.5131074427950754,0.5131077287008048,-1.7384706275493617e-12,0.5131085493533835,-4.2475438160134685e-11,0.5131074401231402,-1.6151003438003383e-12,-1.9476674841554823e-08,0.5131077293488228,-1.8839743807562515e-08,0.5131077287008047,-7.341589842322128e-12,-5.3833314367172934e-11,-1.628636689800745e-08,-3.509585366024215e-11,-3.491166901042579e-11,-1.5391416949120242e-11,-3.5095853309600013e-11,-3.124539585937776e-08,-1.9157118827700488e-08,0.5131077287008048,0.5131077325401526,-1.7384706888623965e-12,-1.8839743291807985e-08,-6.65080782441488e-12,-1.0333057747369166e-07,-4.63153282865744e-11,-1.599580221647221e-08,0.5131074437659222,-1.5995802975139537e-08,-3.5748697067468415e-11,0.5131077287008048,-1.883974389439622e-08,-1.1574632190265503e-08,0.5131074404230014,-1.8493289535334982e-08
0.48688714735228683,-8.608031387291302e-08,-9.017122094957618e-12,-3.306596563506874e-11,-9.470795918424453e-08,-5.831365218118041e-12,0.4868857594602158,0.48688604081871234,0.4868857588795426,-5.343597005394918e-12,-1.133522974294777e-11,-7.977103158613791e-12,0.4868857594897674,-5.2756093635091555e-11,0.4868860281753395,0.48688604081871256,-5.134421895871206e-12,0.4868857524909763,-3.3065966063207384e-11,-8.442125783977479e-12,-4.2475438160134685e-11,0.48688683136635297,0.48688575875409895,-8.995698998110169e-12,-5.134421659076454e-12,-3.551979919538372e-11,-9.017122452570555e-12,-3.306596591579622e-11,-7.194943476082895e-12,0.48688605133841284,-8.150755137244086e-13,0.4868860281753402,0.4868860347584458,-4.071689510387334e-08,0.48688602817534044,-1.6620844652008644e-08,-8.551060150402057e-12,-3.3065966559479304e-11,-3.591336751782886e-11,-8.442125566475205e-12,-9.017122116580983e-12,-9.243840241483013e-12,0.486886074144332,0.48688605118745326,-7.1792524075434464e-12,0.48688575014842217,-7.179252240153806e-12,0.48688603466482994,-3.3065966291661984e-11,-9.017122076046854e-12,-6.345771123117658e-12,0.4868857594897673,-4.845739605639742e-12
0.9999958426167544,0.5131074154450681,-3.699452012139613e-08,0.5131074274961976,0.513107405630547,-3.342360630848623e-08,0.9999927675531521,0.4868857644606872,0.9999927673872846,-1.7887995820368955e-08,-4.316353294489561e-08,-3.715957099362375e-08,0.9999927658321639,0.5131074055019892,0.48688575976695636,0.4868857644606872,-3.0521403976672675e-08,0.9999927612123886,0.5131074274961965,-1.9057362955809785e-08,0.5131074401231402,0.48688575875409895,0.9999935538888068,-1.9961627445305616e-08,-3.0521403581959405e-08,0.5131074233105882,-3.699452138041118e-08,0.5131074274961966,-2.8564813378522882e-08,0.48688574561729764,-1.9226924116348664e-08,0.4868857597669571,0.4868857666732841,-7.040697003180204e-08,0.4868857597669572,-4.81533477597821e-08,-3.645279742072389e-08,0.5131074274961965,0.5131074250987561,-1.9057362507609113e-08,-3.699452038046124e-08,-3.108281551765973e-08,0.48688577221502355,0.48688576036293646,-3.070734390299051e-08,0.9999927598739192,-3.070734434656484e-08,0.48688576468524275,0.5131074274961963,-3.699452086037442e-08,-2.4332549651576282e-08,0.9999927658321646,-2.912103230887561e-08
-2.3453066733447196e-07,-1.7735852414458262e-12,-8.959022648146356e-13,-1.346520663195665e-12,-1.180186215934373e-12,-3.717230577521232e-12,-9.558974981002977e-12,-8.112746046185922e-12,-9.241544656113629e-12,2.845043458821951e-12,2.3301983453442213e-09,-2.842914775892263e-12,-9.41519982176916e-12,-1.453442338447642e-12,-7.837540653485367e-12,-8.112746045710828e-12,-6.800885716306905e-09,-9.38664146749098e-12,-1.3465208095910595e-12,9.768931048318975e-09,-1.6151003438003383e-12,-8.995698998110169e-12,-1.9961627445305616e-08,7.986136285055309e-07,-6.800885716305525e-09,-1.1508369954135972e-12,-8.959021626238896e-13,-1.346520663195665e-12,2.875503300974018e-09,-8.001698103962004e-12,-5.4265530977165315e-12,-7.837540808798807e-12,-8.015109488427644e-12,7.58443215130776e-09,-7.837540790313768e-12,-1.1813188810096667e-12,-1.1756215191377503e-12,-1.3465208136424762e-12,-3.702249905456363e-12,9.768931048318198e-09,-8.959022408256505e-13,4.3777693869613965e-09,-7.851938755258142e-12,-8.24152017807504e-12,-1.7707829622219703e-12,-9.249881088805984e-12,-1.7707828348776295e-12,-8.95897064531947e-12,-1.3465206831494117e-12,-8.959022722768449e-13,-5.546026909365376e-13,-9.415199780289625e-12,-4.066251097862966e-12
-2.4509059466484867e-07,-9.676139493738424e-12,1.292976588130635e-09,-9.986038106460944e-12,-1.0106738850177867e-11,5.364762213149003e-09,-1.5688821580710825e-11,-5.7751354343314525e-12,-1.591916444783176e-11,-2.0645027763162543e-12,-8.501886107506824e-13,2.062953948578636e-12,-1.579315189962698e-11,-9.908451198322194e-12,-5.974837349414673e-12,-5.775135469749623e-12,4.935047636931375e-09,-1.5813875046932486e-11,-9.986038191854702e-12,-3.5642528968728978e-12,-1.9476674841554823e-08,-5.134421659076454e-12,-3.0521403581959405e-08,-6.800885716305525e-09,7.941771978340746e-07,-1.0128035895045279e-11,1.2929765881313685e-09,-9.986038193064604e-12,-2.086607861342395e-09,-5.855717616213987e-12,7.8316798880297e-09,-5.974837239096544e-12,-5.8459848726765475e-12,-2.767226785505807e-12,-5.974837250774241e-12,1.7048880402327188e-09,1.696671671868998e-09,-9.986038212183265e-12,-8.276606480505581e-12,-3.5642528620004014e-12,1.2929765881313795e-09,-1.5972557751333554e-12,-1.186437697245144e-08,-5.6816911421545785e-12,2.5556178803787015e-09,-1.5913114972277954e-11,2.5556178803796937e-09,-5.161073272039519e-12,-9.986038195390227e-12,1.2929765881311528e-09,4.024446003148012e-13,-1.5793151856075166e-11,5.868471537517209e-09
0.5131088981154801,0.5131077062657627,-9.559212001995206e-12,0.5131076979917394,0.5131077050509425,-1.0883001795846918e-11,0.5131074254892016,-3.2015970219377924e-11,0.5131074258890606,-3.7162780152049404e-12,-1.0391296124865317e-11,-1.0636073946087643e-11,0.5131074237318909,0.5131077151704645,-2.8026112136573158e-11,-3.201597041121041e-11,-1.0128035889967665e-11,0.5131074261095591,0.5131076979917399,-1.2545517605862732e-12,0.5131077293488228,-3.551979919538372e-11,0.5131074233105882,-1.1508369954135972e-12,-1.0128035895045279e-11,0.5131084879209337,-9.55921219803236e-12,0.5131076979917396,-7.199147008365924e-12,-9.305492860212336e-08,-8.722018697572421e-12,-2.8026112169907726e-11,-2.785942161763659e-11,-1.5015709869666113e-11,-2.8026111981543342e-11,-1.5823780436445776e-11,-1.9387475209396705e-08,0.5131076979917406,0.5131077013694945,-1.254551947451702e-12,-9.559211963549223e-12,-6.4339481100727506e-12,-4.487710030281774e-11,-3.928538625258878e-11,-8.215726290984901e-12,0.513107427107203,-8.215726553906874e-12,-2.8789440079262118e-11,0.5131076979917398,-9.559212171400555e-12,-5.873332140319449e-12,0.5131074237318906,-9.69743649599423e-12
-2.5156369699169524e-07,-9.440815622931963e-12,3.387574900240556e-10,-9.52200895808306e-12,-9.553632340517791e-12,1.4055617276620314e-09,-1.868804021829413e-11,-9.184989079693568e-12,-1.8748389902656272e-11,-1.0757739660603309e-09,-2.227491965331268e-13,5.404911442391068e-13,-1.8715374771370778e-11,-9.501681353107448e-12,-9.237310502953765e-12,-9.184988997861313e-12,1.2929765881314548e-09,-1.8720804009558463e-11,-9.52200895808765e-12,-9.338316421664881e-13,-1.8839743807562515e-08,-9.017122452570555e-12,-3.699452138041118e-08,-8.959021626238896e-13,1.2929765881313685e-09,-9.55921219803236e-12,7.895815965256393e-07,-9.52200895808306e-12,-2.7487586371729934e-13,-9.20610155989516e-12,1.031689840425696e-12,-9.237310534772607e-12,-9.203551538307923e-12,-7.250118764523783e-13,-9.237310576963891e-12,4.4667511963108497e-10,4.445252145139162e-10,-9.522008974765873e-12,-9.074138932461914e-12,-9.338317258352503e-13,3.3875749002420125e-10,-4.184801307797091e-13,-1.8369529745560756e-08,-9.160506903342389e-12,6.695682204848845e-10,-1.8746804861798192e-11,6.695682204851111e-10,-9.024105039908705e-12,-9.52200895808306e-12,3.3875749002410954e-10,2.0970446315901349e-10,-1.871537476438638e-11,1.5375320604499013e-09
0.5131089023011025,0.5131077056308337,-9.522008689916529e-12,0.51310769732154,0.5131077043670047,-1.072863985308012e-11,0.5131074296354986,-2.959880272568981e-11,0.5131074300091402,-3.834421519513058e-12,-1.0439948824587255e-11,-1.0518018435318574e-11,0.5131074278663128,0.5131077145090955,-2.562037269839032e-11,-2.959880289797858e-11,-9.986038127505502e-12,0.5131074302416229,0.5131076973215399,-1.4585202554706138e-12,0.5131077287008047,-3.306596591579622e-11,0.5131074274961966,-1.346520663195665e-12,-9.986038193064604e-12,0.5131076979917396,-9.52200895808306e-12,0.5131084865643835,-7.259185429635126e-12,-4.4367188229159684e-11,-8.49667534640526e-12,-2.5620372921474517e-11,-2.5446308445447912e-11,-1.5174067280248575e-11,-2.5620372114258283e-11,-1.5774724756469676e-11,-9.697497888661715e-12,0.5131076973215404,0.5131077008938529,-1.4585202699407084e-12,-9.522008640577822e-12,-6.525352616583896e-12,-4.247076279285172e-11,-3.6862870618745e-11,-8.142192472976666e-12,0.5131074312279722,-8.142192902635082e-12,-2.6337132188094508e-11,0.5131076973215402,-9.522008974088646e-12,-5.850301701646509e-12,0.5131074278663124,-9.528581063233421e-12
-2.431339293949122e-07,-7.39021474860945e-12,-2.74875924041707e-13,-7.259185399894798e-12,-7.208151735563063e-12,-2.268296471821103e-09,-1.4213818127179939e-11,-6.924041444789431e-12,-1.4116426184391067e-11,8.728979774656904e-13,7.149357975654942e-10,-8.722468604837865e-13,-1.4169706154449711e-11,-7.291990753496231e-12,-6.839604423423147e-12,-6.924041488963637e-12,-2.0866078613427293e-09,-1.4160943998660202e-11,-7.259185424477693e-12,2.9972425088193652e-09,-7.341589842322128e-12,-7.194943476082895e-12,-2.8564813378522882e-08,2.875503300974018e-09,-2.086607861342395e-09,-7.199147008365924e-12,-2.7487586371729934e-13,-7.259185429635126e-12,7.901250001605113e-07,-6.8899704725347964e-12,-3.311345229603558e-09,-6.839604443666521e-12,-6.894085070066433e-12,2.3270071120833552e-09,-6.839604335579357e-12,-3.6244699481495376e-13,-3.606976156791703e-13,-7.259185424477693e-12,-7.981955112046254e-12,2.9972425088193863e-09,-2.748759390102274e-13,1.3431594395490546e-09,-6.8440224903355396e-12,-6.963551151326079e-12,-5.433010929636788e-13,-1.4118984034676221e-11,-5.433011011203655e-13,-7.183674545680021e-12,-7.259185399894798e-12,-2.748759472463206e-13,-1.7016057125511417e-13,-1.4169706142734606e-11,-2.481273667901974e-09
0.48688713421545926,-1.0874004772502615e-07,-9.206101099534198e-12,-4.4367187813816905e-11,-1.1711874725310382e-07,-6.615466996062342e-12,0.48688574652310507,0.48688605040400074,0.4868857460756015,-4.743471954186806e-12,-1.1088091125373688e-11,-8.576778943826544e-12,0.48688574661297473,-1.2746859774474814e-07,0.48688603787608364,0.4868860504040012,-5.85571773728149e-12,0.4868857396261642,-4.43671880456594e-11,-7.4060424239672e-12,-5.3833314367172934e-11,0.48688605133841284,0.48688574561729764,-8.001698103962004e-12,-5.855717616213987e-12,-9.305492860212336e-08,-9.20610155989516e-12,-4.4367188229159684e-11,-6.8899704725347964e-12,0.4868868502131478,-1.9597380500820993e-12,0.48688603787608375,0.48688604438469446,-1.9664544987836842e-11,0.4868860378760834,-1.7116436687191513e-08,-8.799042387448821e-12,-4.4367188618359187e-11,-9.490839765818964e-08,-7.406042038671881e-12,-9.206101335802685e-12,-8.779537789084176e-12,0.4868860838390376,0.48688606071871776,-7.552776159403477e-12,0.4868857373409837,-7.552776023782926e-12,0.4868860438951056,-4.436718839915986e-11,-9.206101264359687e-12,-6.4627573332916826e-12,0.4868857466129745,-5.703464004597019e-12
-2.3379608354441102e-07,-8.004880801653106e-12,1.0316898473126923e-12,-8.496675391955505e-12,-8.688220285147844e-12,8.513615694849387e-09,-2.0317100871212933e-08,-1.8318564989867383e-12,-2.1044115786865186e-08,-3.276265558419405e-12,-2.6833899252172964e-09,3.273807743516855e-12,-1.0379284441424516e-11,-8.373546944601087e-12,-2.1487734320198536e-12,-1.8318564435673385e-12,7.831679888030952e-09,-1.0412171288512281e-11,-8.496675391955505e-12,-5.656295014347394e-12,-1.628636689800745e-08,-8.150755137244086e-13,-1.9226924116348664e-08,-5.4265530977165315e-12,7.8316798880297e-09,-8.722018697572421e-12,1.031689840425696e-12,-8.49667534640526e-12,-3.311345229603558e-09,-1.9597380500820993e-12,8.016695223352877e-07,-2.1487735524548576e-12,-1.9442909685541932e-12,-4.391455009475757e-12,-2.148773468564588e-12,1.360363198250613e-12,2.6925344627894425e-09,-8.496675341550807e-12,-1.1506137621987716e-08,-5.656295014347394e-12,1.0316896997741892e-12,-5.0413066605524345e-09,-2.132196473733106e-12,-1.683565547239069e-12,2.03917502455926e-12,-1.056966037631311e-11,2.039175261018723e-12,-8.573697913540218e-13,-8.49667551934006e-12,1.031689840425696e-12,6.386601117786472e-13,-1.0379284438351033e-11,9.312977715903444e-09
0.4868871483651712,-3.5932886881358355e-11,-9.237310134334787e-12,-2.562037244964314e-11,-4.012427664018127e-11,-6.7449591392283126e-12,0.48688576070574396,0.48688602730210334,0.48688576028023256,-4.6443625720750426e-12,-1.1047276710803003e-11,-8.675813674744135e-12,0.48688576080557355,-4.533677794864029e-11,0.48688601479325455,0.4868860273021035,-5.974837432413388e-12,0.4868857538207424,-2.562037292432459e-11,-7.234935151484455e-12,-3.509585366024215e-11,0.4868860281753402,0.4868857597669571,-7.837540808798807e-12,-5.974837239096544e-12,-2.8026112169907726e-11,-9.237310534772607e-12,-2.5620372921474517e-11,-6.839604443666521e-12,0.48688603787608375,-2.1487735524548576e-12,0.4868868040360932,0.48688602128956204,-1.953169986602021e-11,0.48688601479325466,-8.645785326664845e-12,-8.839995664483223e-12,-2.562037329475816e-11,-2.9046748365959297e-11,-7.234934725219432e-12,-9.23731032036685e-12,-8.702859541550684e-12,0.4868860607552067,0.4868860376078972,-7.614462316879455e-12,0.48688575154503727,-7.614462272500065e-12,0.48688602073457893,-2.5620373005474123e-11,-9.237310224953223e-12,-6.482077089113988e-12,0.48688576080557383,-5.8451127977369065e-12
0.4868871552715162,-3.574272986801099e-11,-9.203551136151776e-12,-2.544630812598741e-11,-3.995648032822425e-11,-6.60488692519416e-12,0.4868857675763982,0.48688603381903656,0.4868857671270973,-4.751568990244894e-12,-1.1091425776862588e-11,-8.568687537281198e-12,0.4868857676654531,-4.51586853986125e-11,0.4868860212895614,0.48688603381903667,-5.845985017878442e-12,0.4868857606784816,-2.544630853497921e-11,-7.420021741141043e-12,-3.491166901042579e-11,0.4868860347584458,0.4868857666732841,-8.015109488427644e-12,-5.8459848726765475e-12,-2.785942161763659e-11,-9.203551538307923e-12,-2.5446308445447912e-11,-6.894085070066433e-12,0.48688604438469446,-1.9442909685541932e-12,0.48688602128956204,0.48688681704202263,-1.967539798872249e-11,0.4868860212895614,-1.7109749955345897e-08,-8.79569606775545e-12,-2.5446308981853236e-11,-2.878391590847949e-11,-7.420021410383787e-12,-9.203551247031587e-12,-8.785802774689688e-12,0.48688606725259437,0.4868860441344811,-7.547735878581686e-12,0.4868857583925282,-7.54773578407223e-12,0.48688602731493125,-2.5446308537746754e-11,-9.20355119475123e-12,-6.4611786719510185e-12,0.4868857676654531,-5.69188892382023e-12
-2.8497620703451983e-07,-1.5519670542758926e-11,-7.25011921103601e-13,-1.517406742641157e-11,-1.5039460591003984e-11,-3.008179484488742e-12,-3.500916214084541e-11,-1.9754410728093958e-11,-3.475228097732345e-11,2.302357688533459e-12,1.885717949666952e-09,-2.300637266629666e-12,-6.940945507506283e-08,-3.0356691316933414e-08,-1.953169988553421e-11,-1.9754410712999253e-11,-2.767226746427963e-12,-6.936349036738183e-08,-1.5174067268419556e-11,7.90553159871672e-09,-1.5391416949120242e-11,-4.071689510387334e-08,-7.040697003180204e-08,7.58443215130776e-09,-2.767226785505807e-12,-1.5015709869666113e-11,-7.250118764523783e-13,-1.5174067280248575e-11,2.3270071120833552e-09,-1.9664544987836842e-11,-4.391455009475757e-12,-1.953169986602021e-11,-1.967539798872249e-11,7.953796870656717e-07,-1.9531699905147763e-11,-1.9013295098048765e-09,-9.513754763618415e-13,-1.5174067268419556e-11,-3.397612979682365e-08,7.905531598715944e-09,-7.250119535316043e-13,3.542720612374322e-09,-1.9543352545166185e-11,-1.985862207036376e-11,-1.4330115505666933e-12,-6.914337525811526e-08,-1.4330115587916322e-12,-4.065778105287641e-08,-1.517406742641157e-11,-7.250118732451672e-13,-4.488143228812121e-13,-6.940945507506227e-08,-3.290626161053981e-12
