0.9999999994591341,1.8596797199237686e-06,1.7182675913663875e-06,1.5864758120088237e-06,1.5600501397129074e-06,0.5346576565178986,1.6676721049977677e-06,1.567596731625322e-06,0.465348004698844,1.630704418759794e-06,0.5346574183808555,1.6231359796534319e-06,1.622879637606456e-06,1.5736034425435635e-06,1.7171448632929343e-06,1.5600501397708108e-06,0.5346578104144107,1.6185092637926607e-06,1.654811181694317e-06,1.6428004006278385e-06,2.198531206891809e-06,1.6272377067727145e-06,1.5924405983995172e-06,0.46534771445528766,0.5346574183808543,1.560050140341285e-06,1.623140883748681e-06,1.6402887309222617e-06,1.6420154347693344e-06,1.6437263470569242e-06,0.4653480008681824,1.5864758125396533e-06,0.5346576732134466,1.56296227629373e-06,1.5997572714676118e-06,1.6271365641281886e-06,0.5346578104144118,1.6195371087922387e-06,1.0000088645508058,0.46534771445528644,1.8430494835652223e-06,1.8366364421315347e-06,1.5600501397016073e-06,0.4653480322637773,0.5346576160078873,1.960197097058014e-06,0.46534846473950015,0.5346576694651225,1.6231359798799973e-06,1.5620960285286685e-06,1.5909113852175723e-06,1.5600501396604212e-06,0.4653481768116447,0.4653478082852161,1.8595302047063093e-06
1.8596797199237686e-06,3.229152604098676e-07,1.6583002046945737e-12,8.264034568734013e-13,1.7414295433154403e-12,5.721456878517016e-07,3.0291947423406244e-12,6.192047451343274e-14,1.3139963851281625e-10,2.4160198536587765e-12,2.862403868404717e-10,1.3032158775810493e-12,2.0155639272738725e-13,6.303019491255647e-13,1.5584423041920684e-12,1.7414294996503232e-12,5.734869194872982e-07,4.84221225299043e-13,6.779196402016705e-13,1.9512017713355857e-12,6.015092234092667e-12,7.173301050594245e-13,-1.8816798822194373e-13,1.2864999672156316e-10,2.862403868404717e-10,1.7414294996503232e-12,1.234514161310872e-12,2.4983432564852098e-12,1.8980398428786827e-12,2.0561005949878288e-12,1.3034539876890707e-10,8.264033975897207e-13,5.718885480889164e-07,-2.0364024556867244e-13,1.0544967735333387e-12,7.762163870756185e-15,5.734869194872978e-07,2.8089064342269113e-13,8.454243952135997e-07,1.2864999664207177e-10,4.509420514821321e-12,2.4305379710605035e-09,1.7414295433154403e-12,1.3115876768144685e-10,2.8705069797553436e-10,3.4743401041294757e-09,1.3542939826909557e-10,2.8755811137870535e-10,1.3032158775810493e-12,6.171533897437943e-13,3.2323632597293973e-13,1.7414295433154403e-12,1.3296674626944015e-10,1.292651550250729e-10,1.7131379117060004e-12
1.7182675913663875e-06,1.6583002046945737e-12,3.225847209005647e-07,7.860403006065615e-13,1.6563983576053968e-12,2.1773395975282279e-10,2.8812973177435487e-12,5.887602617278574e-14,1.3044420252678713e-10,2.2980566289078105e-12,2.1647591704651829e-10,1.2395771885989941e-12,1.916968213661721e-13,5.995111903603776e-13,2.94903291210043e-09,1.656398374319076e-12,4.3448705603403493e-07,4.605625809757506e-13,6.448021312463872e-13,1.855929176413526e-12,5.721428221803676e-12,6.822925728313815e-13,-1.7900501783494522e-13,1.2782878060319663e-10,2.1647591704651829e-10,1.656398399652997e-12,1.1742291534129127e-12,2.3763614780454866e-12,1.8053628652678543e-12,1.95570757477967e-12,1.2944141964376403e-10,7.860403500300205e-13,2.1761101738950353e-10,-1.9372083485451384e-13,1.0029987218445026e-12,7.363428510145817e-15,4.344870560340347e-07,2.67157795375273e-13,7.040105716862865e-07,1.2782878068991617e-10,4.289261109065361e-12,1.1620123432517973e-12,1.6563983964149033e-12,1.3021508537778317e-10,2.1724666113204703e-10,3.3046811523266504e-09,1.34277253558703e-10,4.33202038114097e-07,1.23957705844671e-12,5.870000149074597e-13,3.0743503162679577e-13,1.6563983657930506e-12,1.3193481386779147e-10,1.2841391063205253e-10,3.2417415456215077e-09
1.5864758120088237e-06,8.264034568734013e-13,7.860403006065615e-13,3.2022626283648564e-07,8.254433861414025e-13,1.2949520146016529e-10,2.856561043506027e-09,2.939758057384883e-14,1.55282453263577e-10,1.145207801297843e-12,1.2886831240932213e-10,6.177558040599518e-13,9.55903541380914e-14,2.987990105466148e-13,7.38709202277856e-13,8.25443327360322e-13,1.2981473492730707e-10,2.295686186081269e-13,3.213763110325001e-13,9.248929317875109e-13,5.672293435524784e-09,3.4005734710411287e-13,-8.913705322730625e-14,1.5397912612495894e-10,1.2886831240932213e-10,8.254433847521742e-13,5.851919814689544e-13,1.1842293842684648e-12,8.996958679196845e-13,9.746139741558403e-13,1.547827541883389e-10,7.793684969373944e-10,1.294339387928293e-10,-9.647457600493614e-14,9.94455265387756e-10,3.734615159841238e-15,1.2981473497431944e-10,1.331944153469669e-13,5.722170492475899e-07,1.5397912612495894e-10,2.13747243547958e-12,5.790986079954031e-13,8.25443327360322e-13,1.5516828032959007e-10,1.2925238791096132e-10,8.278421290418678e-13,3.1275584920812434e-07,1.2949287425854107e-10,6.177558040599518e-13,2.925594694285763e-13,1.5325757162899347e-13,8.254433251898677e-13,1.5602526244615273e-10,1.5427071482303283e-10,8.120283586999114e-13
1.5600501397129074e-06,1.7414295433154403e-12,1.6563983576053968e-12,8.254433861414025e-13,3.2290734557261886e-07,1.3270381034581067e-10,3.0258766509906656e-12,6.177986732256737e-14,1.3566888271634389e-10,2.4133642295738998e-12,1.3138267679529265e-10,1.3017483376032833e-12,2.0126658050279378e-13,6.295519631469122e-13,1.5566472584973945e-12,3.460646552350336e-09,1.3337720233584627e-10,4.836305523439024e-13,6.77110364203517e-13,1.9490396938724724e-12,6.008523609400298e-12,7.164878422046865e-13,-1.8804668812337121e-13,1.3292217398190888e-10,1.313826768749747e-10,3.460646552350317e-09,1.2331193156275922e-12,2.495599596894766e-12,1.8959365332408383e-12,2.0538281269795826e-12,1.3461575980530604e-10,8.25443327360322e-13,1.325746931735878e-10,-2.034979457107422e-13,1.0532906641605104e-12,7.677855174042268e-15,1.3337720228220955e-10,2.805174988817531e-13,5.457913280338843e-07,1.329221739696827e-10,4.504507663237387e-12,1.2202326997245544e-12,3.460646552350289e-09,1.3542825739114824e-10,1.3219207568223605e-10,1.744395103999621e-12,1.396943443524841e-10,1.326989029039757e-10,1.3017482675373342e-12,6.164100695817472e-13,3.228120165181939e-13,3.460646552350302e-09,1.3723431945461145e-10,1.3353667720040766e-10,1.7111346016716472e-12
0.5346576565178986,5.721456878517016e-07,2.1773395975282279e-10,1.2949520146016529e-10,1.3270381034581067e-10,0.5346605784846451,1.294151260874387e-10,1.2741524383973035e-10,1.0309988584595163e-10,1.2442786621379646e-10,0.5346600271398861,1.2478351736345095e-10,1.273903638791592e-10,1.2637825056080978e-10,2.1785663282349131e-10,1.327038102883523e-10,0.5346604092283149,1.264409529646442e-10,1.452007226607246e-10,1.2691547295319233e-10,1.4720120078417853e-10,1.2615967575932345e-10,1.3195985527235535e-10,1.0958393536914972e-10,0.5346600271398865,1.3270381010042682e-10,1.256570765325219e-10,1.2487200160834214e-10,1.262695726923953e-10,1.265005412816139e-10,1.271456099989387e-10,1.294952018487838e-10,0.5346602740179387,1.2708288690969686e-10,1.3178635834998624e-10,1.2836528091154767e-10,0.5346604092283141,1.267854576627791e-10,0.5346626896778682,1.0958393605851819e-10,1.3279143126269498e-10,5.555376156768569e-07,1.3270381008326995e-10,1.2388071867408267e-10,0.5346601512735365,3.5787467113025267e-07,9.744147900631494e-11,0.5346602713786613,1.2478351730449758e-10,1.4762095819255457e-10,1.3111907408742612e-10,1.3270381003737846e-10,9.95963636354694e-11,1.1002010647913812e-10,2.8690455217017675e-10
1.6676721049977677e-06,3.0291947423406244e-12,2.8812973177435487e-12,2.856561043506027e-09,3.0258766509906656e-12,1.294151260874387e-10,3.299179015514464e-07,1.0740945080979559e-13,1.8865385664555602e-10,8.35195164949291e-09,1.2711698209515955e-10,2.2643916844950774e-12,3.500555282107821e-13,1.0950773774770476e-12,2.7077758537688215e-12,3.0258767146289385e-12,1.3058650261641538e-10,8.412380790822349e-13,1.177799044203794e-12,6.745037846887083e-09,2.0793884037139685e-08,1.2463060002439511e-12,-3.271771299568248e-13,1.8387580864239063e-10,1.2711698207826499e-10,3.0258767146289385e-12,2.1450087708181836e-12,4.341141631434942e-12,3.29800380533372e-12,3.572662580703245e-12,1.868218932187844e-10,2.8565610435061837e-09,1.2919051563754572e-10,-7.04376108438245e-10,3.645088992541416e-09,1.3301675485820535e-14,1.3058650262223733e-10,4.879119077447168e-13,6.534146490617498e-07,1.8387580854171665e-10,1.5588851434921127e-08,2.122548142545509e-12,3.0258766223655825e-12,3.7452024495953897e-07,1.2852495896364837e-10,3.0343578144592802e-12,3.8928422975486056e-07,1.2940658728384532e-10,2.2643916844950774e-12,2.1331228139520416e-09,1.1170619992452946e-09,3.0258766509906656e-12,1.9137701597285547e-10,1.84944771593324e-10,2.9764944499631332e-12
1.567596731625322e-06,6.192047451343274e-14,5.887602617278574e-14,2.939758057384883e-14,6.177986732256737e-14,1.2741524383973035e-10,1.0740945080979559e-13,3.194515907117387e-07,1.5048296273540433e-10,8.569143217867333e-14,1.27368375801896e-10,4.6289649101585264e-14,7.288031337665372e-15,2.2454724536931836e-14,5.534026761891224e-14,6.177983001510098e-14,1.2743913886964037e-10,1.7295371985285832e-14,2.415940538505867e-14,6.923869892910153e-14,2.1326998138938288e-13,2.5549187828513655e-14,-6.512875807999072e-15,1.5038553712339716e-10,1.2736837594516944e-10,6.177990976191198e-14,4.385705353318096e-14,8.860864097799826e-14,6.735594001448963e-14,7.29520489033787e-14,2.9933196139445386e-07,2.939752859341001e-14,1.274106713473149e-10,-7.070562799515639e-15,3.747572068589157e-14,4.269119512050383e-16,1.2743913884366364e-10,1.0097891494992384e-14,5.53337555833697e-07,1.5038553702964017e-10,1.5987388175330936e-13,4.344329338148835e-14,6.177983001510098e-14,1.5047443715217677e-10,1.2739710250304329e-10,6.207154011538787e-14,1.5062575624080678e-10,1.274150723944132e-10,4.628971291824408e-14,2.198328447544111e-14,1.1588984421894864e-14,6.177997400978552e-14,1.5053849122009815e-10,1.5040734003667188e-10,6.084633994085908e-14
0.465348004698844,1.3139963851281625e-10,1.3044420252678713e-10,1.55282453263577e-10,1.3566888271634389e-10,1.0309988584595163e-10,1.8865385664555602e-10,1.5048296273540433e-10,0.46535006503384757,1.7715370175452212e-10,1.0447716482156888e-10,3.5175267223856245e-07,1.7781693867118106e-10,1.5259898290409023e-10,1.3009807202610072e-10,1.3566888280189388e-10,1.0266235114938504e-10,1.7560495184659195e-10,1.7442982845936037e-10,3.6277502214328734e-07,8.505523181505965e-07,1.7947758126411764e-10,1.5927871738484148e-10,0.4653494611131833,1.0447716495077538e-10,1.3566888306362675e-10,3.504860819047378e-07,1.812457352049477e-10,1.827650147107786e-10,1.82854465631383e-10,0.4653497010731669,1.552824531193721e-10,1.0440333205299417e-10,1.4939243245617622e-10,1.5888814185735144e-10,3.5742422106812976e-07,1.0266235150332502e-10,1.7647106644810614e-10,0.46535190243329305,0.4653494611131835,5.339621909679111e-07,1.2994601295973499e-10,1.3566888289121382e-10,0.4653497334414952,1.3865006738805617e-10,2.896044234264765e-10,0.46535018952343354,1.0342148893558726e-10,3.517526721237441e-07,1.2561744259901379e-10,1.5760535989608564e-10,1.3566888312430918e-10,0.46534991402972586,0.46534954989853766,1.320864552497926e-10
1.630704418759794e-06,2.4160198536587765e-12,2.2980566289078105e-12,1.145207801297843e-12,2.4133642295738998e-12,1.2442786621379646e-10,8.35195164949291e-09,8.569143217867333e-14,1.7715370175452212e-10,3.261077645839858e-07,1.2259492983187482e-10,1.8060317997463825e-12,2.792207923078157e-13,8.73423063849185e-13,2.1596614440261405e-12,2.4133643073572753e-12,1.25362125327568e-10,6.709713876943745e-13,9.394024243289326e-13,5.3796770088008275e-09,1.6584637342403804e-08,9.940407969917557e-13,-2.6091871146781443e-13,1.7334288067907708e-10,1.2259492981440707e-10,2.4133643073572753e-12,1.7108159517507585e-12,6.8882830013991655e-09,2.6304078043848374e-12,2.8494663969850873e-12,1.756925874040374e-10,1.1452076752369572e-12,1.2424872526946897e-10,-2.823560442509029e-13,1.4613258810584734e-12,1.0637444488812692e-14,1.25362125327568e-10,3.8917029385582294e-13,6.16446402277631e-07,1.7334288075055665e-10,1.243323393034931e-08,1.6929075858549907e-12,2.413364343845772e-12,1.7681985435135316e-10,1.2371789556556806e-10,2.4201482809399304e-12,3.635830224421241e-07,1.244210563828223e-10,1.8060318062984615e-12,1.7013550729630422e-09,4.4785164154768887e-13,2.4133642295738998e-12,3.5679283934608383e-07,1.7419545265163245e-10,2.373987589710544e-12
0.5346574183808555,2.862403868404717e-10,2.1647591704651829e-10,1.2886831240932213e-10,1.3138267679529265e-10,0.5346600271398861,1.2711698209515955e-10,1.27368375801896e-10,1.0447716482156888e-10,1.2259492983187482e-10,0.5346601166849664,1.237948779424635e-10,1.272375644372638e-10,1.259001521977607e-10,2.1667435330469432e-10,1.3138267666520398e-10,0.5346601763127873,1.2607369554002104e-10,1.4468650483306493e-10,1.2543520573275086e-10,1.4263773394612333e-10,1.2561555684572713e-10,1.3210273863998099e-10,1.1304730743647946e-10,0.5346597972382806,1.3138267653557588e-10,1.2472056137995538e-10,1.22976607217527e-10,1.2482963567221026e-10,1.2494068198602698e-10,1.293227506418324e-10,1.2886831289556296e-10,0.5346600423150779,1.2723750207465714e-10,1.309864150077468e-10,1.2835951447388262e-10,0.5346601763127865,1.2657246783018355e-10,0.534662451537676,1.1304730816194507e-10,1.2937026327284223e-10,2.782889728723284e-10,1.3138267652793237e-10,1.2544075975135683e-10,0.534659920148877,1.7854444422979795e-10,9.576147299548923e-11,0.5346600394881119,1.2379487797484516e-10,1.471528192914778e-10,1.3087394731716513e-10,1.313826766377955e-10,9.978471307999298e-11,1.130167765193474e-10,2.856049276008662e-10
1.6231359796534319e-06,1.3032158775810493e-12,1.2395771885989941e-12,6.177558040599518e-13,1.3017483376032833e-12,1.2478351736345095e-10,2.2643916844950774e-12,4.6289649101585264e-14,3.5175267223856245e-07,1.8060317997463825e-12,1.237948779424635e-10,3.213849253591377e-07,1.5067830048988562e-13,4.711648562885624e-13,1.1649310439909904e-12,1.301748349190643e-12,1.252874354883866e-10,3.619759098933956e-13,5.067617926197144e-13,1.4585715205533664e-12,4.496430715170155e-12,5.362284277298659e-13,-1.406563076610738e-13,1.7473692894207744e-10,1.2379487797179935e-10,1.3017483241104693e-12,1.8359420022143505e-09,1.8675716795994926e-12,1.4188332730654132e-12,1.536986540834157e-12,1.7600431693432206e-10,6.177558040599518e-13,1.246868966230054e-10,-1.5222344885872552e-13,7.882603020952934e-13,5.81297548763428e-15,1.2528743541872352e-10,2.0998296480616826e-13,6.088777303388209e-07,1.7473692894207744e-10,3.3709029632468777e-12,9.13191383260197e-13,1.3017483376032833e-12,1.7661233145323152e-10,1.244005840249519e-10,1.3054704255958472e-12,3.577457613149092e-07,1.2477984543168989e-10,1.9381138927078777e-09,4.613247185416155e-13,2.4162850155866696e-13,1.3017482676769145e-12,1.7796387459828464e-10,1.7519678947675943e-10,1.2805448794715854e-12
1.622879637606456e-06,2.0155639272738725e-13,1.916968213661721e-13,9.55903541380914e-14,2.0126658050279378e-13,1.273903638791592e-10,3.500555282107821e-13,7.288031337665372e-15,1.7781693867118106e-10,2.792207923078157e-13,1.272375644372638e-10,1.5067830048988562e-13,3.1949356139704983e-07,7.293925467702245e-14,1.801619797636351e-13,2.0126650240857862e-13,1.2746825205991463e-10,5.608010218937416e-14,7.845833549318109e-14,2.255338326580823e-13,6.950918366083884e-13,8.300603960416595e-14,-2.1590697214130578e-14,1.7749925274567384e-10,1.272375644372638e-10,2.0126658083553203e-13,1.4274215839954162e-13,2.8873270755335974e-13,2.1939287479817134e-13,2.376503084651708e-13,1.7769515738918373e-10,9.559031906587038e-14,1.2737543761079316e-10,-2.3387516815636556e-14,1.219391474753211e-13,1.0444660845734196e-15,1.2746825206946053e-10,3.25955555766627e-14,6.086211600440422e-07,1.7749925271418664e-10,5.210930994386768e-13,1.412859338879396e-13,2.0126658050279378e-13,3.537355434057526e-07,1.2733119176436517e-10,2.0195918600757136e-13,1.78282537989746e-10,1.2738979845869562e-10,1.50678251091127e-13,7.141313143374272e-14,3.747636170918388e-14,2.0126650240857862e-13,3.541511120738163e-07,1.775703334356816e-10,1.9805270470706738e-13
1.5736034425435635e-06,6.303019491255647e-13,5.995111903603776e-13,2.987990105466148e-13,6.295519631469122e-13,1.2637825056080978e-10,1.0950773774770476e-12,2.2454724536931836e-14,1.5259898290409023e-10,8.73423063849185e-13,1.259001521977607e-10,4.711648562885624e-13,7.293925467702245e-14,3.199003404179511e-07,5.634143423777813e-13,6.295519728335177e-13,1.2662194424378986e-10,3.4838912994105265e-10,2.451352064407606e-13,7.054028495841305e-13,2.1744976022060514e-12,2.5938069860810807e-13,-6.794271861768141e-14,1.5160497481256362e-10,1.2590015219775726e-10,6.29551957052522e-13,4.4633012090464893e-13,9.031831110095467e-13,6.861860011268887e-13,7.433217235169321e-13,3.0285815176921536e-07,2.9879891758168153e-13,1.2633152936167962e-10,-7.354105681805522e-14,3.8125124395150363e-13,2.8861914602076686e-15,1.2662194431221623e-10,1.0161792627094423e-13,5.593444863228723e-07,1.5160497498369783e-10,1.63018301203492e-12,4.4169468010922245e-13,6.295520075616428e-13,1.525119100925894e-10,1.2619307172076957e-10,1.2561656326595343e-09,1.5405576719775728e-10,1.2637647617563083e-10,4.711649095361207e-13,2.2315193998359923e-13,1.169172483549409e-13,6.295519631469122e-13,1.5316550138125502e-10,1.518273635998638e-10,6.193386299895131e-13
1.7171448632929343e-06,1.5584423041920684e-12,2.94903291210043e-09,7.38709202277856e-13,1.5566472584973945e-12,2.1785663282349131e-10,2.7077758537688215e-12,5.534026761891224e-14,1.3009807202610072e-10,2.1596614440261405e-12,2.1667435330469432e-10,1.1649310439909904e-12,1.801619797636351e-13,5.634143423777813e-13,3.2221819725090737e-07,1.5566471573064934e-12,4.346542943177218e-07,4.3283481207726914e-13,6.059787478638454e-13,1.744162465973883e-12,5.376861643432662e-12,6.412103597230009e-13,-1.6821335600286502e-13,1.2764016745740566e-10,2.1667435323516705e-10,1.5566472383680393e-12,1.1035190051763425e-12,2.2332503157234536e-12,1.6966416250242938e-12,1.8379314782089443e-12,1.2915568437938749e-10,7.38709202277856e-13,2.177410952111258e-10,-1.8204350149408052e-13,9.426009503738489e-13,6.930513493574502e-15,4.346542943177216e-07,2.510781881759653e-13,7.028878078813218e-07,1.2764016752033374e-10,4.030944871815709e-12,1.092044134528425e-12,1.5566472584973945e-12,1.2988275445385676e-10,2.1739868060735287e-10,1.5610638915829946e-12,1.337002730466988e-10,4.334466635030242e-07,1.1649311818148838e-12,5.516568805539556e-13,2.889294807871281e-13,1.5566472584973945e-12,1.314989092803603e-10,1.2819005729384893e-10,3.0465341619765503e-09
1.5600501397708108e-06,1.7414294996503232e-12,1.656398374319076e-12,8.25443327360322e-13,3.460646552350336e-09,1.327038102883523e-10,3.0258767146289385e-12,6.177983001510098e-14,1.3566888280189388e-10,2.4133643073572753e-12,1.3138267666520398e-10,1.301748349190643e-12,2.0126650240857862e-13,6.295519728335177e-13,1.5566471573064934e-12,3.2290734557261886e-07,1.3337720223832204e-10,4.836305745348381e-13,6.771105150513685e-13,1.9490397251697515e-12,6.0085236094000865e-12,7.164878422046865e-13,-1.8804660729153613e-13,1.3292217391897194e-10,1.3138267666520398e-10,3.4606465523504657e-09,1.2331193175684655e-12,2.495599596894766e-12,1.8959365890395174e-12,2.0538281270803003e-12,1.3461575974828385e-10,8.254432840418851e-13,1.3257469315220852e-10,-2.0349797805747268e-13,1.0532906287870768e-12,7.677834334856992e-15,1.333772022443494e-10,2.805174988817531e-13,5.457913279914917e-07,1.3292217391897194e-10,4.504507663237387e-12,1.220232768250726e-12,3.460646552350442e-09,1.354282575011654e-10,1.3219207555261928e-10,1.7443951489599189e-12,1.3969434438570205e-10,1.326989029645762e-10,1.3017483376032833e-12,6.164101222497574e-13,3.228120884603512e-13,3.4606465523504537e-09,1.3723431956689577e-10,1.3353667717458836e-10,1.7111345428331763e-12
0.5346578104144107,5.734869194872982e-07,4.3448705603403493e-07,1.2981473492730707e-10,1.3337720233584627e-10,0.5346604092283149,1.3058650261641538e-10,1.2743913886964037e-10,1.0266235114938504e-10,1.25362125327568e-10,0.5346601763127873,1.252874354883866e-10,1.2746825205991463e-10,1.2662194424378986e-10,4.346542943177218e-07,1.3337720223832204e-10,0.5346608793841794,1.2662815052819164e-10,1.4546282805193638e-10,1.2766997532818518e-10,1.4952722280272932e-10,1.2643702009393348e-10,1.3188703410932572e-10,1.0808311765208262e-10,0.5346601763127872,1.3337720202189946e-10,1.261344266378752e-10,1.258380956276205e-10,1.2700351890731066e-10,1.2729561206610612e-10,1.2630038433088582e-10,1.298147354882635e-10,0.5346604241089613,1.2700408536841534e-10,1.3219409836432383e-10,1.2836822579189347e-10,0.5346605599374457,1.268940247130971e-10,0.5346628435763622,1.0808311820044761e-10,1.3453521765948562e-10,5.564774262326798e-07,1.3337720207858144e-10,1.2335002994202174e-10,0.5346603010698407,1.805445037257875e-10,9.856224515452148e-11,0.5346604215653497,1.2528743538200774e-10,1.4785957788634737e-10,1.3124402257040502e-10,1.3337720213449242e-10,9.976482751166142e-11,1.0875716692380637e-10,5.721534433755023e-07
1.6185092637926607e-06,4.84221225299043e-13,4.605625809757506e-13,2.295686186081269e-13,4.836305523439024e-13,1.264409529646442e-10,8.412380790822349e-13,1.7295371985285832e-14,1.7560495184659195e-10,6.709713876943745e-13,1.2607369554002104e-10,3.619759098933956e-13,5.608010218937416e-14,3.4838912994105265e-10,4.3283481207726914e-13,4.836305745348381e-13,1.2662815052819164e-10,3.197146505465042e-07,1.8835330503443097e-13,5.419082216391013e-13,1.670444719947174e-12,1.992950857826807e-13,-5.2140430341296825e-14,1.7484137674623055e-10,1.2607369558572262e-10,4.836305523439024e-13,3.428989283214833e-13,6.938326129816341e-13,5.271466816093233e-13,5.710354416826956e-13,3.4880742167616843e-07,2.2956851088539686e-13,1.264050650130773e-10,-5.644418134001527e-14,2.929051297259886e-13,2.2687762364606892e-15,1.2662815052991768e-10,7.811024023120998e-14,6.042507834679199e-07,1.7484137691719193e-10,1.2522998234241385e-12,3.3934223656923943e-13,4.836305745348381e-13,3.492567558459832e-07,1.2629870957428331e-10,4.850996974373969e-13,1.767240255351159e-10,1.2643959043391678e-10,3.6197594272181245e-13,1.714567913647744e-13,8.9858306160135e-14,4.836305745348381e-13,1.7604013972799388e-10,1.7501221346059374e-10,4.757991704261349e-13
1.654811181694317e-06,6.779196402016705e-13,6.448021312463872e-13,3.213763110325001e-13,6.77110364203517e-13,1.452007226607246e-10,1.177799044203794e-12,2.415940538505867e-14,1.7442982845936037e-10,9.394024243289326e-13,1.4468650483306493e-10,5.067617926197144e-13,7.845833549318109e-14,2.451352064407606e-13,6.059787478638454e-13,6.771105150513685e-13,1.4546282805193638e-10,1.8835330503443097e-13,3.1997145623108537e-07,7.586920081509993e-13,2.3387536560970505e-12,2.7898174315015954e-13,-7.306560454851067e-14,1.7336074519191375e-10,1.4468650488930319e-10,6.771102686732724e-13,4.800514850298174e-13,9.71410418767998e-13,7.380235640108972e-13,7.994748654930077e-13,3.4623642322419295e-07,3.213763085985682e-13,1.4515047340025276e-10,-7.908691649186449e-14,4.100565043696529e-13,3.1143970262271008e-15,1.4546282805963193e-10,1.093030058020682e-13,6.405532153250259e-07,1.7336074496714877e-10,1.7533230174222028e-12,4.750672492196341e-13,6.771105150546006e-13,3.468655545361164e-07,2.8850047292013463e-07,6.791156446472392e-13,1.759966406178276e-10,1.4519881450698967e-10,5.067617926197144e-13,2.400151080151286e-13,1.2575703245105039e-13,6.771102684675105e-13,1.7503913504659759e-10,1.7359992968768767e-10,6.661281995865299e-13
1.6428004006278385e-06,1.9512017713355857e-12,1.855929176413526e-12,9.248929317875109e-13,1.9490396938724724e-12,1.2691547295319233e-10,6.745037846887083e-09,6.923869892910153e-14,3.6277502214328734e-07,5.3796770088008275e-09,1.2543520573275086e-10,1.4585715205533664e-12,2.255338326580823e-13,7.054028495841305e-13,1.744162465973883e-12,1.9490397251697515e-12,1.2766997532818518e-10,5.419082216391013e-13,7.586920081509993e-13,3.2379129058973847e-07,1.3393746653285328e-08,8.02815807937242e-13,-2.1067814408020784e-13,1.7925460191687218e-10,1.254352058478904e-10,1.9490397276301575e-12,1.3816758373748387e-12,2.7962245658926867e-12,2.124331662695167e-12,2.3012415589236653e-12,1.8115222427218893e-10,9.24892979333453e-13,1.2677080113626788e-10,-2.2799327820718027e-13,1.180187303056181e-12,1.7165507646876495e-11,1.2766997535785666e-10,3.1432866997762577e-13,6.285424543929883e-07,1.7925460191142535e-10,1.0041073852502334e-08,1.3672221870902836e-12,1.949039693887476e-12,1.8206259736849478e-10,1.263421087109584e-10,1.954549937623201e-12,3.717483297436373e-07,1.2690997391165303e-10,1.4585715408406563e-12,1.3740645488742183e-09,3.617164987988096e-13,1.9490396846488386e-12,1.8408623471256175e-10,1.7994313834948189e-10,1.9172567671406097e-12
2.198531206891809e-06,6.015092234092667e-12,5.721428221803676e-12,5.672293435524784e-09,6.008523609400298e-12,1.4720120078417853e-10,2.0793884037139685e-08,2.1326998138938288e-13,8.505523181505965e-07,1.6584637342403804e-08,1.4263773394612333e-10,4.496430715170155e-12,6.950918366083884e-13,2.1744976022060514e-12,5.376861643432662e-12,6.0085236094000865e-12,1.4952722280272932e-10,1.670444719947174e-12,2.3387536560970505e-12,1.3393746653285328e-08,3.607348239369935e-07,2.4747936940394273e-12,-1.2925407797838547e-09,4.180031484561898e-10,1.4263773401283216e-10,6.008523601307196e-12,4.2593684048571445e-12,1.71497672830302e-08,1.302882087696594e-08,1.4113868229073603e-08,4.2385326318119497e-10,5.672293435525096e-09,1.467551839829946e-10,-7.030675911392062e-13,7.238092142315905e-09,2.638986556669077e-14,1.4952722283507537e-10,9.688405933900465e-13,1.184280733173644e-06,4.1800314837526236e-10,3.095517084248328e-08,4.214730413341355e-12,6.008523637854971e-12,8.488986645969866e-07,1.454336437865819e-10,6.025377045568961e-12,8.782159761795985e-07,1.4718424609740244e-10,4.496430681570008e-12,4.235745567897191e-09,2.2181465635294322e-09,6.008523610516803e-12,8.613102689515127e-07,4.2012581837272007e-10,5.910452872528155e-12
1.6272377067727145e-06,7.173301050594245e-13,6.822925728313815e-13,3.4005734710411287e-13,7.164878422046865e-13,1.2615967575932345e-10,1.2463060002439511e-12,2.5549187828513655e-14,1.7947758126411764e-10,9.940407969917557e-13,1.2561555684572713e-10,5.362284277298659e-13,8.300603960416595e-14,2.5938069860810807e-13,6.412103597230009e-13,7.164878422046865e-13,1.2643702009393348e-10,1.992950857826807e-13,2.7898174315015954e-13,8.02815807937242e-13,2.4747936940394273e-12,3.200341921571209e-07,-7.733301462599344e-14,1.7834629983300606e-10,1.2561555684572713e-10,7.164878212186676e-13,5.079638783293451e-13,1.027910913885339e-12,7.809452871708967e-13,8.459716092249444e-13,1.7904385261670485e-10,3.400573471040616e-13,1.2610650193411473e-10,-8.370422188449959e-14,4.3389654315150885e-13,3.2780901470422717e-15,1.2643702002822916e-10,1.1564580367403163e-13,6.129793996705961e-07,1.7834629992497924e-10,1.855312071494033e-12,5.0267588690948e-13,7.164878422046865e-13,3.56897854584172e-07,1.2594892760459918e-10,1.429631715291572e-09,1.811355486782335e-10,1.2615765585857936e-10,5.362283818053747e-13,2.539623449633583e-13,1.3305702884367762e-13,7.164878422046865e-13,3.583777279292685e-07,1.785993998982291e-10,7.048528504982676e-13
1.5924405983995172e-06,-1.8816798822194373e-13,-1.7900501783494522e-13,-8.913705322730625e-14,-1.8804668812337121e-13,1.3195985527235535e-10,-3.271771299568248e-13,-6.512875807999072e-15,1.5927871738484148e-10,-2.6091871146781443e-13,1.3210273863998099e-10,-1.406563076610738e-13,-2.1590697214130578e-14,-6.794271861768141e-14,-1.6821335600286502e-13,-1.8804660729153613e-13,1.3188703410932572e-10,-5.2140430341296825e-14,-7.306560454851067e-14,-2.1067814408020784e-13,-1.2925407797838547e-09,-7.733301462599344e-14,3.194877873338039e-07,1.5957579914647853e-10,1.3210273863999425e-10,-1.8804668812337121e-13,-1.33231844874287e-13,-2.698128543265432e-13,-2.049338176100467e-13,-2.22015881183685e-13,1.5939264913313728e-10,-8.913705322730625e-14,1.31973829419921e-10,2.2187061637193754e-14,-1.137854292492879e-13,-6.463267143861003e-16,1.318870340616109e-10,-3.016335907623007e-14,5.781816381301836e-07,1.5957579905657648e-10,-4.870791995512506e-13,-1.3178517445124723e-13,-1.8804659220947864e-13,1.5930475389227916e-10,1.32015217152769e-10,-1.8843447856368105e-13,3.1604034034766513e-07,1.3196038949114796e-10,-1.406562012676705e-13,-6.652733370632079e-14,-6.91310982184453e-11,-1.8804668812337121e-13,1.5910940460169304e-10,1.5950934250815917e-10,-1.8489067848253857e-13
0.46534771445528766,1.2864999672156316e-10,1.2782878060319663e-10,1.5397912612495894e-10,1.3292217398190888e-10,1.0958393536914972e-10,1.8387580864239063e-10,1.5038553712339716e-10,0.4653494611131833,1.7334288067907708e-10,1.1304730743647946e-10,1.7473692894207744e-10,1.7749925274567384e-10,1.5160497481256362e-10,1.2764016745740566e-10,1.3292217391897194e-10,1.0808311765208262e-10,1.7484137674623055e-10,1.7336074519191375e-10,1.7925460191687218e-10,4.180031484561898e-10,1.7834629983300606e-10,1.5957579914647853e-10,0.46534950471477177,1.1304730733205459e-10,1.3292217445848708e-10,1.7420871131024494e-10,1.7730505745075144e-10,1.797712686497224e-10,1.7961139276475737e-10,0.4653494199078431,1.5397912632338863e-10,1.1109127752178792e-10,1.497139072676146e-10,1.5722502260096447e-10,1.7963108524611904e-10,1.0808311781162194e-10,1.7602823356973292e-10,0.4653516121856687,0.465349185268482,2.612584855485874e-10,1.2801939216471513e-10,1.3292217414562292e-10,0.46534944972359615,1.4594219220542037e-10,2.8685002305032207e-10,0.46534989240301894,1.099132928986012e-10,1.7473692869907713e-10,1.2464421864922215e-10,1.5709574121383407e-10,1.329221742866496e-10,0.4653496246378114,0.4653492721232876,1.2938465492880744e-10
0.5346574183808543,2.862403868404717e-10,2.1647591704651829e-10,1.2886831240932213e-10,1.313826768749747e-10,0.5346600271398865,1.2711698207826499e-10,1.2736837594516944e-10,1.0447716495077538e-10,1.2259492981440707e-10,0.5346597972382806,1.2379487797179935e-10,1.272375644372638e-10,1.2590015219775726e-10,2.1667435323516705e-10,1.3138267666520398e-10,0.5346601763127872,1.2607369558572262e-10,1.4468650488930319e-10,1.254352058478904e-10,1.4263773401283216e-10,1.2561555684572713e-10,1.3210273863999425e-10,1.1304730733205459e-10,0.5346601166849669,1.313826766496596e-10,1.2472056143849921e-10,1.22976607217527e-10,1.248296355968999e-10,1.2494068198602698e-10,1.2932275072607308e-10,1.2886831288409395e-10,0.5346600423150782,1.2723750220223285e-10,1.309864150077468e-10,1.2835951467859287e-10,0.5346601763127872,1.265724678259496e-10,0.5346624515376761,1.1304730805466484e-10,1.2937026323093613e-10,2.782889729616275e-10,1.3138267652793237e-10,1.254407597466183e-10,0.5346599201488773,1.785444442061158e-10,9.576147301712144e-11,0.5346600394881117,1.2379487797484516e-10,1.471528193450969e-10,1.3087394725171555e-10,1.313826765519837e-10,9.97847131324298e-11,1.1301677651118526e-10,2.8560492763445635e-10
1.560050140341285e-06,1.7414294996503232e-12,1.656398399652997e-12,8.254433847521742e-13,3.460646552350317e-09,1.3270381010042682e-10,3.0258767146289385e-12,6.177990976191198e-14,1.3566888306362675e-10,2.4133643073572753e-12,1.3138267653557588e-10,1.3017483241104693e-12,2.0126658083553203e-13,6.29551957052522e-13,1.5566472383680393e-12,3.4606465523504657e-09,1.3337720202189946e-10,4.836305523439024e-13,6.771102686732724e-13,1.9490397276301575e-12,6.008523601307196e-12,7.164878212186676e-13,-1.8804668812337121e-13,1.3292217445848708e-10,1.313826766496596e-10,3.2290734557261886e-07,1.2331193156275922e-12,2.4955996665124425e-12,1.8959365332408383e-12,2.053828104573388e-12,1.3461576009938506e-10,8.254433847521742e-13,1.325746930316771e-10,-2.034979463319941e-13,1.0532905838333228e-12,7.67773069597503e-15,1.3337720206803748e-10,2.805174988816934e-13,5.457913282552521e-07,1.3292217437877455e-10,4.5045075339312564e-12,1.2202326802549812e-12,3.4606465523504277e-09,1.3542825784560527e-10,1.3219207537967102e-10,1.7443951109437117e-12,1.3969434470386423e-10,1.3269890267607146e-10,1.3017483376032833e-12,6.164101222497574e-13,3.228120165181939e-13,3.4606465523504322e-09,1.372343199320998e-10,1.3353667758467434e-10,1.711134554408403e-12
1.623140883748681e-06,1.234514161310872e-12,1.1742291534129127e-12,5.851919814689544e-13,1.2331193156275922e-12,1.256570765325219e-10,2.1450087708181836e-12,4.385705353318096e-14,3.504860819047378e-07,1.7108159517507585e-12,1.2472056137995538e-10,1.8359420022143505e-09,1.4274215839954162e-13,4.4633012090464893e-13,1.1035190051763425e-12,1.2331193175684655e-12,1.261344266378752e-10,3.428989283214833e-13,4.800514850298174e-13,1.3816758373748387e-12,4.2593684048571445e-12,5.079638783293451e-13,-1.33231844874287e-13,1.7420871131024494e-10,1.2472056143849921e-10,1.2331193156275922e-12,3.211859821778433e-07,1.769111177405498e-12,1.3440329168923244e-12,2.8965742406129606e-09,1.7540927813280227e-10,5.851919814689544e-13,1.2556555043977335e-10,-1.4418954263618912e-13,7.467065898947701e-13,5.514925136588142e-15,1.261344267277905e-10,1.9891985256065842e-13,6.088826238159523e-07,1.7420871122446207e-10,3.1931808655216654e-12,8.650543017764101e-13,1.2331193156275922e-12,1.7598523449975027e-10,1.2529433332579033e-10,1.2366517778988104e-12,3.561631886551647e-07,1.2565359830587153e-10,1.835942002214349e-09,4.370090163641811e-13,2.288963191714655e-13,1.2331193175684017e-12,1.772655175621688e-10,1.7464432623381768e-10,1.2130386181495063e-12
1.6402887309222617e-06,2.4983432564852098e-12,2.3763614780454866e-12,1.1842293842684648e-12,2.495599596894766e-12,1.2487200160834214e-10,4.341141631434942e-12,8.860864097799826e-14,1.812457352049477e-10,6.8882830013991655e-09,1.22976607217527e-10,1.8675716795994926e-12,2.8873270755335974e-13,9.031831110095467e-13,2.2332503157234536e-12,2.495599596894766e-12,1.258380956276205e-10,6.938326129816341e-13,9.71410418767998e-13,2.7962245658926867e-12,1.71497672830302e-08,1.027910913885339e-12,-2.698128543265432e-13,1.7730505745075144e-10,1.22976607217527e-10,2.4955996665124425e-12,1.769111177405498e-12,3.26569436074208e-07,5.411422710391534e-09,5.862083444999175e-09,1.797348319884717e-10,1.1842293398883908e-12,1.2468675590814128e-10,-2.9198063667834767e-13,1.511119328963315e-12,1.0996820588307384e-14,1.2583809568156474e-10,4.0242876733650366e-13,6.260308378635045e-07,1.7730505745075144e-10,1.285690478242459e-08,1.7505899866014295e-12,2.4955995948060967e-12,1.8090051162706112e-10,1.241378389483831e-10,2.5026132126964726e-12,3.721033232389203e-07,1.2486495958262443e-10,1.8675716795994926e-12,8.84320750116005e-13,4.63109699299168e-13,2.495599596894766e-12,3.6508175886195704e-07,1.7818668136395158e-10,2.454878656247028e-12
1.6420154347693344e-06,1.8980398428786827e-12,1.8053628652678543e-12,8.996958679196845e-13,1.8959365332408383e-12,1.262695726923953e-10,3.29800380533372e-12,6.735594001448963e-14,1.827650147107786e-10,2.6304078043848374e-12,1.2482963567221026e-10,1.4188332730654132e-12,2.1939287479817134e-13,6.861860011268887e-13,1.6966416250242938e-12,1.8959365890395174e-12,1.2700351890731066e-10,5.271466816093233e-13,7.380235640108972e-13,2.124331662695167e-12,1.302882087696594e-08,7.809452871708967e-13,-2.049338176100467e-13,1.797712686497224e-10,1.248296355968999e-10,1.8959365332408383e-12,1.3440329168923244e-12,5.411422710391534e-09,3.2355779020669663e-07,4.453503439548104e-09,1.8161718246827351e-10,8.996960478163407e-13,1.2612884313162482e-10,-2.2177743552920703e-13,1.1480342529655363e-12,8.397326441361894e-15,1.2700351890731066e-10,3.057682506864926e-13,6.277574626035473e-07,1.7977126861937007e-10,9.76749461257446e-09,1.329972016699553e-12,1.8959365890395174e-12,1.825027493955099e-10,1.257118307761067e-10,1.9013002785782777e-12,3.723650394744537e-07,1.262642236349224e-10,1.4188332196249662e-12,6.718545533163251e-13,3.5186475204041773e-13,1.8959365332409057e-12,3.670307287037176e-07,1.8044104318010487e-10,1.865019598039536e-12
1.6437263470569242e-06,2.0561005949878288e-12,1.95570757477967e-12,9.746139741558403e-13,2.0538281269795826e-12,1.265005412816139e-10,3.572662580703245e-12,7.29520489033787e-14,1.82854465631383e-10,2.8494663969850873e-12,1.2494068198602698e-10,1.536986540834157e-12,2.376503084651708e-13,7.433217235169321e-13,1.8379314782089443e-12,2.0538281270803003e-12,1.2729561206610612e-10,5.710354416826956e-13,7.994748654930077e-13,2.3012415589236653e-12,1.4113868229073603e-08,8.459716092249444e-13,-2.22015881183685e-13,1.7961139276475737e-10,1.2494068198602698e-10,2.053828104573388e-12,2.8965742406129606e-09,5.862083444999175e-09,4.453503439548104e-09,3.242709848548684e-07,1.816110371235114e-10,9.746139157605635e-13,1.2634809063772557e-10,-2.402616349855323e-13,1.2436348824944363e-12,9.08207039572664e-15,1.272956121682869e-10,3.3121942786167414e-13,6.294684205744708e-07,1.7961139276475737e-10,1.0580938148572407e-08,1.4407216571473416e-12,2.0538281519307103e-12,1.8257035754638773e-10,1.2589634751843536e-10,2.0596264366623586e-12,3.73270013087964e-07,1.264947463876511e-10,1.5369865022330562e-12,7.27797505258702e-13,3.8115590370148266e-13,2.053828116768568e-12,3.67491448893338e-07,1.8033694702508823e-10,2.0203304418086214e-12
0.4653480008681824,1.3034539876890707e-10,1.2944141964376403e-10,1.547827541883389e-10,1.3461575980530604e-10,1.271456099989387e-10,1.868218932187844e-10,2.9933196139445386e-07,0.4653497010731669,1.756925874040374e-10,1.293227506418324e-10,1.7600431693432206e-10,1.7769515738918373e-10,3.0285815176921536e-07,1.2915568437938749e-10,1.3461575974828385e-10,1.2630038433088582e-10,3.4880742167616843e-07,3.4623642322419295e-07,1.8115222427218893e-10,4.2385326318119497e-10,1.7904385261670485e-10,1.5939264913313728e-10,0.4653494199078431,1.2932275072607308e-10,1.3461576009938506e-10,1.7540927813280227e-10,1.797348319884717e-10,1.8161718246827351e-10,1.816110371235114e-10,0.4653499772744137,1.5478275429374306e-10,1.2852723379048512e-10,1.4951571470576729e-10,1.5825049213989746e-10,1.796385001893792e-10,1.263003845759909e-10,3.5077533584347614e-07,0.46535189860223186,0.46534941990784257,2.6564423265515867e-10,1.2920733447025777e-10,1.3461575993487887e-10,0.4653496892174565,3.243208127439752e-07,5.741064181324657e-07,0.4653501401606717,1.2747018586957649e-10,1.7600431681539683e-10,1.2524430949749415e-10,1.5740998605907776e-10,1.3461575995597363e-10,0.4653498676301825,0.4653495079529989,1.3105055710661335e-10
1.5864758125396533e-06,8.264033975897207e-13,7.860403500300205e-13,7.793684969373944e-10,8.25443327360322e-13,1.294952018487838e-10,2.8565610435061837e-09,2.939752859341001e-14,1.552824531193721e-10,1.1452076752369572e-12,1.2886831289556296e-10,6.177558040599518e-13,9.559031906587038e-14,2.9879891758168153e-13,7.38709202277856e-13,8.254432840418851e-13,1.298147354882635e-10,2.2956851088539686e-13,3.213763085985682e-13,9.24892979333453e-13,5.672293435525096e-09,3.400573471040616e-13,-8.913705322730625e-14,1.5397912632338863e-10,1.2886831288409395e-10,8.254433847521742e-13,5.851919814689544e-13,1.1842293398883908e-12,8.996960478163407e-13,9.746139157605635e-13,1.5478275429374306e-10,3.2022626283648564e-07,1.2943393918664598e-10,-9.647447054091968e-14,9.944552653879039e-10,3.734578053323988e-15,1.298147354598749e-10,1.3319441381786452e-13,5.722170501611291e-07,1.5397912632338863e-10,2.13747243547958e-12,5.790986079954031e-13,8.254433847521742e-13,1.5516828036012402e-10,1.2925238841398278e-10,8.278420329472763e-13,3.127558492265477e-07,1.294928745953729e-10,6.177558040599518e-13,2.9255945833689566e-13,1.5325775309110373e-13,8.254432840418851e-13,1.5602526215642292e-10,1.542707147368223e-10,8.120284275641656e-13
