1.0000000051826141,1.0000092570811188,1.0000091300968224,1.0000091516161167,1.7336040256644382e-06,1.7140475493581044e-06,1.000009164265464,1.0000091428968851,1.0000091642654618,1.000009221451927,1.7140475505832992e-06,1.0000091642654625,1.0000091642654614,1.0000090479666457,1.00000912432994,1.0000091642654612,1.0000092051318166,1.7996185847232604e-06,1.0000091516161151,1.0000093088031805,1.7233254379001387e-06,1.0000091516161156,1.0000092051318181,1.0000091036219305,1.7869786036016873e-06,1.7457147549622438e-06,1.0000091642654616,1.7233254362781466e-06,1.757169813219601e-06,1.000009208313432,1.7778174301179318e-06,1.0000091642654616,1.0000092051318186,1.000009164265461,1.0000092051318172,1.7477569852897775e-06,1.000009164265458,1.0000091642654612
1.0000092570811188,1.0000102845800962,1.0000106350380351,1.0000106565573952,6.553587174171922e-11,5.568213109157609e-11,1.000010669206778,1.0000106478381374,1.0000106692067774,1.0000107263934161,5.568213214523719e-11,1.000010669206776,1.0000106692067772,1.0000105529076182,1.000010629271137,1.000010669206778,1.0000107100732525,9.879801232945543e-11,1.0000106565573943,1.0000108137449228,6.035689186709414e-11,1.0000106565573954,1.0000107100732538,1.0000106085630678,9.242922537175779e-11,1.4217863715997999e-07,1.0000106692067778,6.035689132212173e-11,1.5363372996325932e-07,1.0000107132548746,8.781326734985914e-11,1.0000106692067772,1.0000107100732523,1.0000106692067785,1.0000107100732507,1.4422086455545587e-07,1.0000106692067776,1.0000106692067772
1.0000091300968224,1.0000106350380351,1.0000100306107678,1.0000105295727366,1.3006784633759535e-07,1.105113079943939e-07,1.0000105422221186,1.0000105208534822,1.0000105422221175,1.0000105994087498,1.1051131032630073e-07,1.0000105422221182,1.0000105422221177,1.0000104259229738,1.0000105022864842,1.0000105422221177,1.0000105830885877,9.879799869213992e-11,1.000010529572736,1.0000106867602467,1.1978921965229225e-07,1.000010529572738,1.0000105830885884,1.000010481578416,1.8344259381126856e-07,7.163798374610325e-11,1.0000105422221182,1.1978921855455296e-07,1.5363370830614517e-07,1.0000105862702116,8.781325473961978e-11,1.0000105422221177,1.0000105830885875,1.0000105422221197,1.000010583088587,1.4422084439568154e-07,1.0000105422221182,1.0000105422221175
1.0000091516161167,1.0000106565573952,1.0000105295727366,1.0000100736494806,6.553586392773674e-11,5.568212420435796e-11,1.0000105637414758,1.0000105423728374,1.0000105637414753,1.0000106209281083,5.568212539943266e-11,1.000010563741475,1.0000105637414756,1.0000104474423264,1.0000105238058388,1.0000105637414756,1.0000106046079458,1.9608261234420223e-07,1.0000105510920934,1.0000107082796057,6.035688474728586e-11,1.0000105510920958,1.0000106046079469,1.00001050309777,1.834425981921843e-07,7.163798553287327e-11,1.0000105637414756,6.035688422400508e-11,7.74097369079924e-11,1.0000106077895674,1.742813901065527e-07,1.0000105637414753,1.0000106046079462,1.0000105637414762,1.0000106046079444,7.26669808605463e-11,1.0000105637414756,1.0000105637414753
1.7336040256644382e-06,6.553587174171922e-11,1.3006784633759535e-07,6.553586392773674e-11,-4.774424465350219e-07,6.680249535966688e-18,6.553586492579755e-11,6.553586328777266e-11,6.553586482737464e-11,6.55358690302091e-11,5.436779602457789e-18,6.553586490267653e-11,6.553586464459557e-11,6.553585639022556e-11,1.3006784548935385e-07,6.553586477517352e-11,6.553586785499173e-11,1.105250872931002e-17,6.553586393882034e-11,6.55358754056522e-11,1.290980930055636e-14,6.55358639193408e-11,6.553586785842702e-11,1.300678424866574e-07,1.0192060491479311e-17,7.268846990708104e-18,6.553586471531818e-11,1.2909809429200677e-14,8.596400405340937e-18,1.3006785761387538e-07,9.523222360014191e-18,6.553586475342283e-11,6.553586786071993e-11,6.553586477517351e-11,6.553586786880681e-11,1.5818908674859997e-14,6.553586490267653e-11,6.553586477467481e-11
1.7140475493581044e-06,5.568213109157609e-11,1.105113079943939e-07,5.568212420435796e-11,6.680249535966688e-18,-4.774424554464629e-07,5.5682124969388243e-11,5.568212366384614e-11,5.568212482648511e-11,5.56821286333802e-11,5.5597360531340135e-18,5.568212499002242e-11,5.5682124974025586e-11,5.5682117567926146e-11,5.568212231762265e-11,5.5682124860791546e-11,5.568212751082474e-11,9.115788531976578e-18,5.5682124249382987e-11,5.568213392057697e-11,6.0268652774514076e-18,5.5682124218678566e-11,5.568212729654266e-11,1.1051130467176569e-07,7.991019458583578e-18,6.948266602107373e-18,5.568212488052387e-11,6.0268652774514076e-18,6.7358723812175535e-18,5.5682127613832724e-11,7.652694637698412e-18,5.568212497118366e-11,5.5682127504913736e-11,5.568212497118366e-11,5.568212751082474e-11,1.3058544786562468e-14,5.56821249697713e-11,5.568212497558377e-11
1.000009164265464,1.000010669206778,1.0000105422221186,1.0000105637414758,6.553586492579755e-11,5.5682124969388243e-11,1.0000100989482428,1.0000105550222198,1.0000105763908576,1.00001063357749,5.5682126178675524e-11,1.0000105763908567,1.000010576390857,1.0000104600917077,1.0000105364552203,1.0000105763908578,1.000010617257327,9.879800217975615e-11,1.0000105637414747,1.0000107209289884,6.035688554307463e-11,1.0000105637414751,1.000010617257329,1.000010515747152,9.242921572159896e-11,7.163798648081684e-11,1.0000105763908576,6.03568851385005e-11,7.740973834224344e-11,1.0000106204389498,8.781325818672064e-11,1.0000105763908567,1.0000106172573275,1.000010576390858,1.0000106172573278,7.266698186161117e-11,1.0000105763908567,1.0000105763908569
1.0000091428968851,1.0000106478381374,1.0000105208534822,1.0000105423728374,6.553586328777266e-11,5.568212366384614e-11,1.0000105550222198,1.000010056210971,1.0000105550222176,1.0000106122088503,5.568212480383214e-11,1.0000105550222178,1.0000105550222176,1.000010438723071,1.0000105150865835,1.000010555022219,1.0000105958886893,1.9608261050850454e-07,1.000010542372836,1.0000106995603488,6.035688415520993e-11,1.000010542372838,1.00001059588869,1.0000104943785137,9.242921356101159e-11,1.4217861904782445e-07,1.0000105550222185,6.035688363959667e-11,1.5363371049425184e-07,1.00001059907031,8.781325723627387e-11,1.0000105550222183,1.000010595888689,1.0000105550222196,1.0000105958886873,7.266698004462087e-11,1.000010555022218,1.0000105550222176
1.0000091642654618,1.0000106692067774,1.0000105422221175,1.0000105637414753,6.553586482737464e-11,5.568212482648511e-11,1.0000105763908576,1.0000105550222176,1.0000100989482412,1.000010633577489,5.5682126171804426e-11,1.000010576390856,1.0000105763908567,1.0000104600917066,1.0000105364552192,1.0000105763908567,1.0000106172573262,9.87980021990647e-11,1.0000105637414745,1.0000107209289881,6.035688544493233e-11,1.0000105637414756,1.000010617257328,1.0000105157471508,9.242921572277639e-11,7.163798636887821e-11,1.000010576390856,6.035688500622363e-11,7.740973834826914e-11,1.0000106204389496,8.781325819107466e-11,1.0000105763908567,1.0000106172573262,1.0000105763908576,1.0000106172573262,7.266698186161117e-11,1.0000105763908569,1.0000105763908564
1.000009221451927,1.0000107263934161,1.0000105994087498,1.0000106209281083,6.55358690302091e-11,5.56821286333802e-11,1.00001063357749,1.0000106122088503,1.000010633577489,1.0000102133215072,5.5682129817447834e-11,1.000010633577489,1.00001063357749,1.0000105172783347,1.000010593641852,1.00001063357749,1.0000106744439639,1.9608262737766602e-07,1.0000106209281068,1.0000107781156315,6.0356889404863e-11,1.000010620928107,1.0000106744439647,1.0000105729337816,9.242922204001577e-11,7.163799120631332e-11,1.0000106335774892,6.035688885811683e-11,7.740974311632939e-11,1.0000106776255862,1.7428140358763975e-07,1.0000106335774888,1.0000106744439639,1.000010633577491,1.0000106744439625,7.266698637993488e-11,1.00001063357749,1.0000106335774894
1.7140475505832992e-06,5.568213214523719e-11,1.1051131032630073e-07,5.568212539943266e-11,5.436779602457789e-18,5.5597360531340135e-18,5.5682126178675524e-11,5.568212480383214e-11,5.5682126171804426e-11,5.5682129817447834e-11,-4.774424554464629e-07,5.568212611199947e-11,5.5682126050340856e-11,5.5682118797296764e-11,5.568212371269406e-11,5.568212603241643e-11,5.568212863910815e-11,8.829160381670546e-18,5.568212537278981e-11,5.568213506699776e-11,6.0268652774514076e-18,5.568212537856208e-11,5.5682128798975746e-11,1.1051130700367265e-07,8.178636824969639e-18,6.948266602107373e-18,5.568212603241643e-11,6.012041442334987e-18,6.7358723812175535e-18,5.568212890122051e-11,7.653069462742344e-18,5.5682126074431264e-11,5.5682128839399055e-11,5.568212603241643e-11,5.5682128798975746e-11,1.3058544918150042e-14,5.568212602142352e-11,5.568212616710958e-11
1.0000091642654625,1.000010669206776,1.0000105422221182,1.000010563741475,6.553586490267653e-11,5.568212499002242e-11,1.0000105763908567,1.0000105550222178,1.000010576390856,1.000010633577489,5.568212611199947e-11,1.0000100989482457,1.000010576390856,1.0000104600917057,1.00001053645522,1.000010576390856,1.0000106172573275,9.879800222071864e-11,1.000010563741473,1.0000107209289888,6.03568856276328e-11,1.0000105637414756,1.0000106172573278,1.0000105157471515,9.242921572056494e-11,7.163798624508644e-11,1.0000105763908564,6.03568849469242e-11,7.740973834853877e-11,1.0000106204389487,8.781325819509521e-11,1.0000105763908558,1.0000106172573267,1.000010576390857,1.0000106172573258,7.266698182061078e-11,1.0000105763908567,1.0000105763908558
1.0000091642654614,1.0000106692067772,1.0000105422221177,1.0000105637414756,6.553586464459557e-11,5.5682124974025586e-11,1.000010576390857,1.0000105550222176,1.0000105763908567,1.00001063357749,5.5682126050340856e-11,1.000010576390856,1.0000100989482414,1.0000104600917068,1.00001053645522,1.0000105763908567,1.0000106172573262,9.879800222524111e-11,1.0000105637414747,1.0000107209289881,6.03568856276328e-11,1.000010563741475,1.0000106172573289,1.000010515747151,9.242921572161981e-11,7.163798636887821e-11,1.0000105763908567,6.035688510953407e-11,7.740973835334965e-11,1.0000106204389492,8.781325818846138e-11,1.0000105763908567,1.0000106172573267,1.0000105763908578,1.0000106172573269,7.266698183110259e-11,1.0000105763908562,1.0000105763908564
1.0000090479666457,1.0000105529076182,1.0000104259229738,1.0000104474423264,6.553585639022556e-11,5.5682117567926146e-11,1.0000104600917077,1.000010438723071,1.0000104600917066,1.0000105172783347,5.5682118797296764e-11,1.0000104600917057,1.0000104600917068,1.000009866349949,1.000010420156074,1.0000104600917066,1.0000105009581746,1.960825900119384e-07,1.000010447442325,1.0000106046298238,6.035687791035738e-11,1.0000104474423261,1.0000105009581748,1.0000103994480072,1.834425770206606e-07,1.4217860402571662e-07,1.0000104600917072,6.035687722399553e-11,1.5363369428973674e-07,1.0000105041397949,1.742813700916922e-07,1.0000104600917066,1.0000105009581737,1.0000104600917072,1.0000105009581723,7.266697255104431e-11,1.0000104600917061,1.0000104600917061
1.00000912432994,1.000010629271137,1.0000105022864842,1.0000105238058388,1.3006784548935385e-07,5.568212231762265e-11,1.0000105364552203,1.0000105150865835,1.0000105364552192,1.000010593641852,5.568212371269406e-11,1.00001053645522,1.00001053645522,1.000010420156074,1.0000100190769718,1.0000105364552196,1.0000105773216907,1.9608260646100067e-07,1.0000105238058377,1.0000106809933478,6.035688291448805e-11,1.0000105238058388,1.0000105773216907,1.0000104758115178,9.242921151313749e-11,1.421786161235459e-07,1.0000105364552192,6.035688237755808e-11,1.5363370731156554e-07,1.000010580503312,1.7428138485543886e-07,1.0000105364552196,1.0000105773216894,1.0000105364552203,1.000010577321689,7.26669785461432e-11,1.0000105364552199,1.0000105364552194
1.0000091642654612,1.000010669206778,1.0000105422221177,1.0000105637414756,6.553586477517352e-11,5.5682124860791546e-11,1.0000105763908578,1.000010555022219,1.0000105763908567,1.00001063357749,5.568212603241643e-11,1.000010576390856,1.0000105763908567,1.0000104600917066,1.0000105364552196,1.0000100989482432,1.0000106172573273,9.879800221301684e-11,1.0000105637414747,1.0000107209289884,6.035688552625725e-11,1.0000105637414747,1.000010617257329,1.000010515747151,9.242921572336421e-11,7.163798633269033e-11,1.0000105763908576,6.03568849469242e-11,7.740973835192224e-11,1.0000106204389498,8.78132581951512e-11,1.0000105763908569,1.0000106172573275,1.0000105763908578,1.0000106172573267,7.266698185568509e-11,1.0000105763908569,1.0000105763908567
1.0000092051318166,1.0000107100732525,1.0000105830885877,1.0000106046079458,6.553586785499173e-11,5.568212751082474e-11,1.000010617257327,1.0000105958886893,1.0000106172573262,1.0000106744439639,5.568212863910815e-11,1.0000106172573275,1.0000106172573262,1.0000105009581746,1.0000105773216907,1.0000106172573273,1.0000101806811912,9.879800652224057e-11,1.0000106046079449,1.000010761795466,6.035688840356132e-11,1.0000106046079456,1.000010658123802,1.0000105566136206,1.8344260914897374e-07,7.16379897788624e-11,1.0000106172573273,6.035688783531214e-11,7.740974183924921e-11,1.000010661305423,8.781326215441916e-11,1.0000106172573258,1.0000106581238006,1.000010617257328,1.0000106581238006,7.266698499028584e-11,1.0000106172573278,1.0000106172573262
1.7996185847232604e-06,9.879801232945543e-11,9.879799869213992e-11,1.9608261234420223e-07,1.105250872931002e-17,9.115788531976578e-18,9.879800217975615e-11,1.9608261050850454e-07,9.87980021990647e-11,1.9608262737766602e-07,8.829160381670546e-18,9.879800222071864e-11,9.879800222524111e-11,1.960825900119384e-07,1.9608260646100067e-07,9.879800221301684e-11,9.879800652224057e-11,-4.774424309324075e-07,1.9608261234420213e-07,1.9608264615419762e-07,1.0048175658937664e-17,1.9608261234420223e-07,9.879800649221665e-11,1.960826019906335e-07,3.04004857059605e-14,2.3513256867333967e-14,9.879800219822463e-11,1.0048988724621884e-17,2.5596566686406058e-14,1.960826245194593e-07,2.9074472193344745e-14,9.879800217970741e-11,9.879800649221665e-11,9.879800222097037e-11,9.879800647870022e-11,1.2234369896435254e-17,9.879800221301685e-11,9.879800221301685e-11
1.0000091516161151,1.0000106565573943,1.000010529572736,1.0000105510920934,6.553586393882034e-11,5.5682124249382987e-11,1.0000105637414747,1.000010542372836,1.0000105637414745,1.0000106209281068,5.568212537278981e-11,1.000010563741473,1.0000105637414747,1.000010447442325,1.0000105238058377,1.0000105637414747,1.0000106046079449,1.9608261234420213e-07,1.0000100736494792,1.0000107082796046,6.035688475987412e-11,1.0000105510920945,1.0000106046079453,1.0000105030977675,1.834425981921842e-07,7.163798555170135e-11,1.0000105637414747,6.035688418624358e-11,7.740973717145818e-11,1.0000106077895654,1.742813901065525e-07,1.000010563741474,1.0000106046079447,1.000010563741475,1.0000106046079436,7.266698084670703e-11,1.0000105637414747,1.0000105637414738
1.0000093088031805,1.0000108137449228,1.0000106867602467,1.0000107082796057,6.55358754056522e-11,5.568213392057697e-11,1.0000107209289884,1.0000106995603488,1.0000107209289881,1.0000107781156315,5.568213506699776e-11,1.0000107209289888,1.0000107209289881,1.0000106046298238,1.0000106809933478,1.0000107209289884,1.000010761795466,1.9608264615419762e-07,1.0000107082796046,1.0000103880245266,6.03568951473291e-11,1.0000107082796055,1.000010761795466,1.0000106602852747,9.242922970005361e-11,7.163799814194004e-11,1.0000107209289884,6.035689465390291e-11,7.740975116414381e-11,1.0000107649770882,1.7428142043607727e-07,1.0000107209289877,1.0000107617954659,1.0000107209289892,1.0000107617954643,1.442208727166238e-07,1.0000107209289881,1.0000107209289881
1.7233254379001387e-06,6.035689186709414e-11,1.1978921965229225e-07,6.035688474728586e-11,1.290980930055636e-14,6.0268652774514076e-18,6.035688554307463e-11,6.035688415520993e-11,6.035688544493233e-11,6.0356889404863e-11,6.0268652774514076e-18,6.03568856276328e-11,6.03568856276328e-11,6.035687791035738e-11,6.035688291448805e-11,6.035688552625725e-11,6.035688840356132e-11,1.0048175658937664e-17,6.035688475987412e-11,6.03568951473291e-11,-4.774424491656905e-07,6.035688475188673e-11,6.035688825104664e-11,1.1978921611404635e-07,8.941600208485115e-18,6.969739468483002e-18,6.035688557607845e-11,1.1944731246305603e-14,8.096718210917728e-18,6.035688863720494e-11,8.737491164579773e-18,6.035688562407756e-11,6.035688843297157e-11,6.03568856276328e-11,6.035688842741769e-11,1.462780839702348e-14,6.035688559977423e-11,6.03568855541024e-11
1.0000091516161156,1.0000106565573954,1.000010529572738,1.0000105510920958,6.55358639193408e-11,5.5682124218678566e-11,1.0000105637414751,1.000010542372838,1.0000105637414756,1.000010620928107,5.568212537856208e-11,1.0000105637414756,1.000010563741475,1.0000104474423261,1.0000105238058388,1.0000105637414747,1.0000106046079456,1.9608261234420223e-07,1.0000105510920945,1.0000107082796055,6.035688475188673e-11,1.0000100736494764,1.0000106046079478,1.000010503097769,1.8344259819218432e-07,7.163798527236801e-11,1.0000105637414758,6.035688419020808e-11,7.74097369079924e-11,1.0000106077895676,1.742813901065529e-07,1.0000105637414753,1.0000106046079458,1.0000105637414756,1.000010604607946,7.266698084278136e-11,1.0000105637414751,1.000010563741474
1.0000092051318181,1.0000107100732538,1.0000105830885884,1.0000106046079469,6.553586785842702e-11,5.568212729654266e-11,1.000010617257329,1.00001059588869,1.000010617257328,1.0000106744439647,5.5682128798975746e-11,1.0000106172573278,1.0000106172573289,1.0000105009581748,1.0000105773216907,1.000010617257329,1.000010658123802,9.879800649221665e-11,1.0000106046079453,1.000010761795466,6.035688825104664e-11,1.0000106046079478,1.0000101806811903,1.0000105566136224,1.8344260914897403e-07,7.163798973810274e-11,1.000010617257329,6.035688765277355e-11,7.740974179662069e-11,1.0000106613054238,8.781326230264422e-11,1.0000106172573278,1.0000106581238015,1.0000106172573293,1.0000106581238006,7.266698482830084e-11,1.0000106172573286,1.0000106172573286
1.0000091036219305,1.0000106085630678,1.000010481578416,1.00001050309777,1.300678424866574e-07,1.1051130467176569e-07,1.000010515747152,1.0000104943785137,1.0000105157471508,1.0000105729337816,1.1051130700367265e-07,1.0000105157471515,1.000010515747151,1.0000103994480072,1.0000104758115178,1.000010515747151,1.0000105566136206,1.960826019906335e-07,1.0000105030977675,1.0000106602852747,1.1978921611404635e-07,1.000010503097769,1.0000105566136224,1.0000099776608327,1.8344258837531926e-07,1.4217861283492672e-07,1.0000105157471513,1.1978921501630718e-07,1.5363370377191038e-07,1.0000105597952422,1.7428138084199302e-07,1.0000105157471508,1.0000105566136206,1.0000105157471522,1.0000105566136197,1.44220840173018e-07,1.0000105157471515,1.0000105157471508
1.7869786036016873e-06,9.242922537175779e-11,1.8344259381126856e-07,1.834425981921843e-07,1.0192060491479311e-17,7.991019458583578e-18,9.242921572159896e-11,9.242921356101159e-11,9.242921572277639e-11,9.242922204001577e-11,8.178636824969639e-18,9.242921572056494e-11,9.242921572161981e-11,1.834425770206606e-07,9.242921151313749e-11,9.242921572336421e-11,1.8344260914897374e-07,3.04004857059605e-14,1.834425981921842e-07,9.242922970005361e-11,8.941600208485115e-18,1.8344259819218432e-07,1.8344260914897403e-07,1.8344258837531926e-07,-4.774424387973085e-07,1.0830925609206502e-17,9.242921571903082e-11,8.878847183193513e-18,1.1357077177178501e-17,9.242922040636125e-11,2.6461413242689542e-14,9.242921572234539e-11,1.834426091489738e-07,9.242921571991623e-11,1.8344260914897358e-07,2.2272671904838113e-14,9.242921572155097e-11,9.242921572090094e-11
1.7457147549622438e-06,1.4217863715997999e-07,7.163798374610325e-11,7.163798553287327e-11,7.268846990708104e-18,6.948266602107373e-18,7.163798648081684e-11,1.4217861904782445e-07,7.163798636887821e-11,7.163799120631332e-11,6.948266602107373e-18,7.163798624508644e-11,7.163798636887821e-11,1.4217860402571662e-07,1.421786161235459e-07,7.163798633269033e-11,7.16379897788624e-11,2.3513256867333967e-14,7.163798555170135e-11,7.163799814194004e-11,6.969739468483002e-18,7.163798527236801e-11,7.163798973810274e-11,1.4217861283492672e-07,1.0830925609206502e-17,-4.774424474518183e-07,7.163798636661107e-11,7.296565330282954e-18,1.7913692978570506e-14,1.4217862940163936e-07,1.0800939463335921e-17,7.163798648081684e-11,7.163798976411204e-11,7.163798648081684e-11,7.16379897464673e-11,8.588105858359205e-18,7.163798630173566e-11,7.163798648081684e-11
1.0000091642654616,1.0000106692067778,1.0000105422221182,1.0000105637414756,6.553586471531818e-11,5.568212488052387e-11,1.0000105763908576,1.0000105550222185,1.000010576390856,1.0000106335774892,5.568212603241643e-11,1.0000105763908564,1.0000105763908567,1.0000104600917072,1.0000105364552192,1.0000105763908576,1.0000106172573273,9.879800219822463e-11,1.0000105637414747,1.0000107209289884,6.035688557607845e-11,1.0000105637414758,1.000010617257329,1.0000105157471513,9.242921571903082e-11,7.163798636661107e-11,1.0000100989482417,6.035688504741777e-11,7.740973835292542e-11,1.0000106204389503,8.78132581990212e-11,1.0000105763908564,1.0000106172573273,1.0000105763908578,1.0000106172573262,7.266698175026128e-11,1.0000105763908567,1.0000105763908567
1.7233254362781466e-06,6.035689132212173e-11,1.1978921855455296e-07,6.035688422400508e-11,1.2909809429200677e-14,6.0268652774514076e-18,6.03568851385005e-11,6.035688363959667e-11,6.035688500622363e-11,6.035688885811683e-11,6.012041442334987e-18,6.03568849469242e-11,6.035688510953407e-11,6.035687722399553e-11,6.035688237755808e-11,6.03568849469242e-11,6.035688783531214e-11,1.0048988724621884e-17,6.035688418624358e-11,6.035689465390291e-11,1.1944731246305603e-14,6.035688419020808e-11,6.035688765277355e-11,1.1978921501630718e-07,8.878847183193513e-18,7.296565330282954e-18,6.035688504741777e-11,-4.774424491656905e-07,7.871818133309343e-18,6.035688810432266e-11,8.870048599579827e-18,6.035688509477091e-11,6.035688768395842e-11,6.035688503736062e-11,6.035688777780176e-11,1.4627808517884818e-14,6.035688497234268e-11,6.035688503736062e-11
1.757169813219601e-06,1.5363372996325932e-07,1.5363370830614517e-07,7.74097369079924e-11,8.596400405340937e-18,6.7358723812175535e-18,7.740973834224344e-11,1.5363371049425184e-07,7.740973834826914e-11,7.740974311632939e-11,6.7358723812175535e-18,7.740973834853877e-11,7.740973835334965e-11,1.5363369428973674e-07,1.5363370731156554e-07,7.740973835192224e-11,7.740974183924921e-11,2.5596566686406058e-14,7.740973717145818e-11,7.740975116414381e-11,8.096718210917728e-18,7.74097369079924e-11,7.740974179662069e-11,1.5363370377191038e-07,1.1357077177178501e-17,1.7913692978570506e-14,7.740973835292542e-11,7.871818133309343e-18,-4.77442441889757e-07,1.536337216047543e-07,2.236803331552354e-14,7.740973834609754e-11,7.740974182921183e-11,7.740973836025755e-11,7.740974182432298e-11,9.492300228800582e-18,7.740973835228336e-11,7.740973835415655e-11
1.000009208313432,1.0000107132548746,1.0000105862702116,1.0000106077895674,1.3006785761387538e-07,5.5682127613832724e-11,1.0000106204389498,1.00001059907031,1.0000106204389496,1.0000106776255862,5.568212890122051e-11,1.0000106204389487,1.0000106204389492,1.0000105041397949,1.000010580503312,1.0000106204389498,1.000010661305423,1.960826245194593e-07,1.0000106077895654,1.0000107649770882,6.035688863720494e-11,1.0000106077895676,1.0000106613054238,1.0000105597952422,9.242922040636125e-11,1.4217862940163936e-07,1.0000106204389503,6.035688810432266e-11,1.536337216047543e-07,1.0000101870444353,1.7428140106036404e-07,1.0000106204389494,1.000010661305423,1.0000106204389503,1.0000106613054225,1.4422085677337572e-07,1.0000106204389496,1.0000106204389492
1.7778174301179318e-06,8.781326734985914e-11,8.781325473961978e-11,1.742813901065527e-07,9.523222360014191e-18,7.652694637698412e-18,8.781325818672064e-11,8.781325723627387e-11,8.781325819107466e-11,1.7428140358763975e-07,7.653069462742344e-18,8.781325819509521e-11,8.781325818846138e-11,1.742813700916922e-07,1.7428138485543886e-07,8.78132581951512e-11,8.781326215441916e-11,2.9074472193344745e-14,1.742813901065525e-07,1.7428142043607727e-07,8.737491164579773e-18,1.742813901065529e-07,8.781326230264422e-11,1.7428138084199302e-07,2.6461413242689542e-14,1.0800939463335921e-17,8.78132581990212e-11,8.870048599579827e-18,2.236803331552354e-14,1.7428140106036404e-07,-4.774424401109012e-07,8.781325820199675e-11,8.781326215441916e-11,8.781325819316634e-11,8.781326238063603e-11,1.0819230235297529e-17,8.78132582066163e-11,8.781325819581424e-11
1.0000091642654616,1.0000106692067772,1.0000105422221177,1.0000105637414753,6.553586475342283e-11,5.568212497118366e-11,1.0000105763908567,1.0000105550222183,1.0000105763908567,1.0000106335774888,5.5682126074431264e-11,1.0000105763908558,1.0000105763908567,1.0000104600917066,1.0000105364552196,1.0000105763908569,1.0000106172573258,9.879800217970741e-11,1.000010563741474,1.0000107209289877,6.035688562407756e-11,1.0000105637414753,1.0000106172573278,1.0000105157471508,9.242921572234539e-11,7.163798648081684e-11,1.0000105763908564,6.035688509477091e-11,7.740973834609754e-11,1.0000106204389494,8.781325820199675e-11,1.0000100989482423,1.0000106172573262,1.0000105763908578,1.0000106172573267,7.266698186161117e-11,1.0000105763908567,1.0000105763908567
1.0000092051318186,1.0000107100732523,1.0000105830885875,1.0000106046079462,6.553586786071993e-11,5.5682127504913736e-11,1.0000106172573275,1.000010595888689,1.0000106172573262,1.0000106744439639,5.5682128839399055e-11,1.0000106172573267,1.0000106172573267,1.0000105009581737,1.0000105773216894,1.0000106172573275,1.0000106581238006,9.879800649221665e-11,1.0000106046079447,1.0000107617954659,6.035688843297157e-11,1.0000106046079458,1.0000106581238015,1.0000105566136206,1.834426091489738e-07,7.163798976411204e-11,1.0000106172573273,6.035688768395842e-11,7.740974182921183e-11,1.000010661305423,8.781326215441916e-11,1.0000106172573262,1.0000101806811892,1.000010617257329,1.0000106581238,7.266698499044021e-11,1.0000106172573278,1.0000106172573264
1.000009164265461,1.0000106692067785,1.0000105422221197,1.0000105637414762,6.553586477517351e-11,5.568212497118366e-11,1.000010576390858,1.0000105550222196,1.0000105763908576,1.000010633577491,5.568212603241643e-11,1.000010576390857,1.0000105763908578,1.0000104600917072,1.0000105364552203,1.0000105763908578,1.000010617257328,9.879800222097037e-11,1.000010563741475,1.0000107209289892,6.03568856276328e-11,1.0000105637414756,1.0000106172573293,1.0000105157471522,9.242921571991623e-11,7.163798648081684e-11,1.0000105763908578,6.035688503736062e-11,7.740973836025755e-11,1.0000106204389503,8.781325819316634e-11,1.0000105763908578,1.000010617257329,1.0000100989482432,1.0000106172573275,7.266698171464206e-11,1.0000105763908576,1.0000105763908576
1.0000092051318172,1.0000107100732507,1.000010583088587,1.0000106046079444,6.553586786880681e-11,5.568212751082474e-11,1.0000106172573278,1.0000105958886873,1.0000106172573262,1.0000106744439625,5.5682128798975746e-11,1.0000106172573258,1.0000106172573269,1.0000105009581723,1.000010577321689,1.0000106172573267,1.0000106581238006,9.879800647870022e-11,1.0000106046079436,1.0000107617954643,6.035688842741769e-11,1.000010604607946,1.0000106581238006,1.0000105566136197,1.8344260914897358e-07,7.16379897464673e-11,1.0000106172573262,6.035688777780176e-11,7.740974182432298e-11,1.0000106613054225,8.781326238063603e-11,1.0000106172573267,1.0000106581238,1.0000106172573275,1.00001018068119,7.266698516872965e-11,1.0000106172573269,1.0000106172573264
1.7477569852897775e-06,1.4422086455545587e-07,1.4422084439568154e-07,7.26669808605463e-11,1.5818908674859997e-14,1.3058544786562468e-14,7.266698186161117e-11,7.266698004462087e-11,7.266698186161117e-11,7.266698637993488e-11,1.3058544918150042e-14,7.266698182061078e-11,7.266698183110259e-11,7.266697255104431e-11,7.26669785461432e-11,7.266698185568509e-11,7.266698499028584e-11,1.2234369896435254e-17,7.266698084670703e-11,1.442208727166238e-07,1.462780839702348e-14,7.266698084278136e-11,7.266698482830084e-11,1.44220840173018e-07,2.2272671904838113e-14,8.588105858359205e-18,7.266698175026128e-11,1.4627808517884818e-14,9.492300228800582e-18,1.4422085677337572e-07,1.0819230235297529e-17,7.266698186161117e-11,7.266698499044021e-11,7.266698171464206e-11,7.266698516872965e-11,-4.774424453750807e-07,7.266698191056886e-11,7.266698186161117e-11
1.000009164265458,1.0000106692067776,1.0000105422221182,1.0000105637414756,6.553586490267653e-11,5.56821249697713e-11,1.0000105763908567,1.000010555022218,1.0000105763908569,1.00001063357749,5.568212602142352e-11,1.0000105763908567,1.0000105763908562,1.0000104600917061,1.0000105364552199,1.0000105763908569,1.0000106172573278,9.879800221301685e-11,1.0000105637414747,1.0000107209289881,6.035688559977423e-11,1.0000105637414751,1.0000106172573286,1.0000105157471515,9.242921572155097e-11,7.163798630173566e-11,1.0000105763908567,6.035688497234268e-11,7.740973835228336e-11,1.0000106204389496,8.78132582066163e-11,1.0000105763908567,1.0000106172573278,1.0000105763908576,1.0000106172573269,7.266698191056886e-11,1.0000100989482439,1.0000105763908562
1.0000091642654612,1.0000106692067772,1.0000105422221175,1.0000105637414753,6.553586477467481e-11,5.568212497558377e-11,1.0000105763908569,1.0000105550222176,1.0000105763908564,1.0000106335774894,5.568212616710958e-11,1.0000105763908558,1.0000105763908564,1.0000104600917061,1.0000105364552194,1.0000105763908567,1.0000106172573262,9.879800221301685e-11,1.0000105637414738,1.0000107209289881,6.03568855541024e-11,1.000010563741474,1.0000106172573286,1.0000105157471508,9.242921572090094e-11,7.163798648081684e-11,1.0000105763908567,6.035688503736062e-11,7.740973835415655e-11,1.0000106204389492,8.781325819581424e-11,1.0000105763908567,1.0000106172573264,1.0000105763908576,1.0000106172573264,7.266698186161117e-11,1.0000105763908562,1.0000100989482417
