1.0000000122977548,1.8773227782803235e-06,1.0000146102735572,1.0000146102735583,1.877697637027801e-06,1.0000146102735552,1.0000146102735537,1.000014610273555,1.8748491913795718e-06,1.0000146102735552,1.8665254638273142e-06,1.0000146102735552,1.8757226156850939e-06,1.8731952613551643e-06,1.87145934494537e-06,1.000014736109701,1.8686435861377766e-06,1.8731952642085413e-06,1.8731952692406054e-06,1.0000146102735559,1.0000146102735552,1.0000146102735568,1.0000146102735572,1.887462264742818e-06,1.0000151495254146,1.0000146102735565,1.0000146102735552,1.0000146102735565,1.000014610273555,1.8731952595069083e-06,1.0000146102735576,1.0000148159356135,1.0000146102735568,1.0000146102735599,1.0000146102735548,1.0000146102735583,1.8843121584991364e-06,1.0000146102735565,1.0000146102735568,1.000014610273555,1.0000146102735565,1.0000146102735548,1.0000146102735574,1.0000146102735576,1.0000146102735565,1.0000140682278642,1.866525463688638e-06,1.8757226156857433e-06,1.0000146102735563,1.000014610273561,1.0000149596759709,1.8776976331384393e-06,1.0000146102735552,1.0000145261224584,1.0000148242785798,1.8818159184652371e-06,1.000014610273555,1.0000146102735552,1.000013663801217,1.0000148242785762
1.8773227782803235e-06,1.5277764093733879e-06,3.393420450489512e-11,3.393420454588081e-11,-1.6516489212966703e-11,3.3934204522160194e-11,3.393420455854877e-11,3.393420453389768e-11,-7.792154100755123e-12,3.393420460596876e-11,-1.0574001184066335e-11,3.3934204585082033e-11,1.2472955292798243e-07,-1.4386994069222212e-11,-1.887531057576662e-12,2.708668713452903e-11,-4.995337921552461e-08,-1.4386994036225932e-11,-1.4386993874592701e-11,3.39342045681756e-11,3.393420452565413e-11,3.3934204577957456e-11,3.393420452025055e-11,1.2251225827345632e-07,2.8823976578586777e-11,3.39342045681756e-11,3.393420450398104e-11,3.393420455359297e-11,3.393420454675922e-11,-1.4386993825058121e-11,3.3934204508236884e-11,3.302715714622698e-11,3.39342045174629e-11,3.39342045482019e-11,3.393420450361929e-11,3.393420452216017e-11,-1.7007571615939178e-12,3.393420459408565e-11,3.393420451978429e-11,3.3934204521814523e-11,3.393420455854877e-11,3.3934204521814523e-11,3.393420459408565e-11,3.393420455359297e-11,3.39342044983802e-11,7.097714543855696e-08,-1.0574001828170432e-11,1.2472955292798163e-07,3.3934204550197824e-11,3.393420457044238e-11,3.573348650736297e-11,-1.6516489673895428e-11,3.3934204522160194e-11,3.4568805227472663e-11,3.439398827146547e-11,-1.5801816659814414e-11,3.393420452594366e-11,3.393420454818975e-11,4.007583678368078e-11,3.43939882728817e-11
1.0000146102735572,3.393420450489512e-11,1.0000147598109757,1.0000133336628696,3.52080696553402e-11,1.0000133336628692,1.0000133336628685,1.0000133336628687,3.5258219743668324e-11,1.0000133336628694,3.142809719474319e-11,1.0000133336628692,3.2575398914672945e-11,3.371689821544031e-11,3.357064593408876e-11,1.0000134598355197,3.257868933427206e-11,3.3716897135304026e-11,3.371689847706949e-11,1.0000133336628687,1.0000133336628692,1.0000133336628687,1.0000133336628696,3.83012568232799e-11,1.0000138729054215,1.000013333662869,1.000013333662868,1.0000133336628705,1.0000133336628687,3.3716897549291715e-11,1.00001333366287,1.000013539199235,1.0000133336628694,1.000013333662869,1.0000133336628687,1.0000133336628692,4.0108604166824067e-11,1.0000133336628685,1.000013333662869,1.0000133336628685,1.0000133336628696,1.0000133336628705,1.0000133336628683,1.0000133336628705,1.0000133336628692,1.0000127914115888,3.142809735143355e-11,3.257539888500738e-11,1.0000133336628696,1.0000133336628707,1.00001368321217,3.520806793607449e-11,1.00001333366287,1.0000132492053144,1.0000135473461618,3.7278462676490306e-11,1.0000133336628685,1.0000133336628674,1.0000123869025979,1.0000135473461638
1.0000146102735583,3.393420454588081e-11,1.0000133336628696,1.0000147598109697,3.520806966395761e-11,1.0000133336628676,1.000013333662868,1.0000133336628676,3.525821972730694e-11,1.0000133336628692,3.14280971015514e-11,1.0000133336628676,3.2575398974737645e-11,3.3716898267063766e-11,3.3570645928522514e-11,1.0000134598355186,3.257868932864429e-11,3.371689713184778e-11,3.3716898522412605e-11,1.0000133336628685,1.0000133336628676,1.0000133336628674,1.0000133336628674,3.83012568701791e-11,1.0000138729054207,1.0000133336628674,1.0000133336628685,1.0000133336628692,1.0000133336628685,3.371689754416275e-11,1.000013333662869,1.000013539199234,1.0000133336628687,1.0000133336628685,1.0000133336628674,1.0000133336628676,4.010860419590043e-11,1.0000133336628665,1.0000133336628674,1.000013333662868,1.0000133336628685,1.0000133336628687,1.0000133336628683,1.0000133336628685,1.0000133336628685,1.000012791411588,3.1428097361598704e-11,3.257539885654254e-11,1.0000133336628692,1.0000133336628692,1.0000136832121675,3.5208067840364924e-11,1.0000133336628687,1.000013249205314,1.0000135473461615,3.727846269054246e-11,1.0000133336628685,1.0000133336628667,1.0000123869025965,1.0000135473461638
1.877697637027801e-06,-1.6516489212966703e-11,3.52080696553402e-11,3.520806966395761e-11,1.538395000585605e-06,3.520806963470282e-11,3.520806964981204e-11,3.520806963024946e-11,-8.031110070909197e-12,3.520806963356472e-11,-1.3635444663793535e-11,3.520806967780763e-11,-1.4154883877333572e-11,-7.000134015688544e-12,-8.476182428042257e-12,3.8066604563995576e-11,-8.300746487771994e-12,-7.000134455343869e-12,-7.000134012310587e-12,3.5208069651454186e-11,3.520806966063227e-11,3.5208069616205435e-11,3.520806966595635e-11,-1.1351973651911272e-11,3.902151910872147e-11,3.520806961496132e-11,3.520806962596428e-11,3.520806963669136e-11,3.520806967780763e-11,-7.000135864373006e-12,3.5208069626677574e-11,3.6038482801163994e-11,3.520806961053254e-11,3.520806965955915e-11,3.520806963356497e-11,3.520806962628885e-11,-9.762375519360044e-12,3.520806962305475e-11,3.520806954561813e-11,3.5208069659997346e-11,3.520806963356497e-11,3.5208069617922236e-11,3.5208069626677574e-11,3.5208069617922236e-11,3.520806963356497e-11,7.135190987855201e-08,-1.363544433258132e-11,-1.415488430862115e-11,3.520806963134131e-11,3.520806962628885e-11,2.98636152294737e-11,1.1227211831661073e-07,3.520806963470282e-11,3.644283478655057e-11,3.686626585323493e-11,1.0929289458503751e-07,3.520806961829992e-11,3.520806966531164e-11,6.546466186553135e-08,3.686626589421203e-11
1.0000146102735552,3.3934204522160194e-11,1.0000133336628692,1.0000133336628676,3.520806963470282e-11,1.0000147598109685,1.000013333662868,1.0000133336628674,3.52582197417366e-11,1.0000133336628692,3.1428097106286965e-11,1.0000133336628674,3.25753989638453e-11,3.3716898327929285e-11,3.357064591565884e-11,1.0000134598355184,3.2578689300119406e-11,3.3716897186168034e-11,3.371689849492964e-11,1.0000133336628676,1.000013333662867,1.0000133336628663,1.0000133336628665,3.8301256855437316e-11,1.0000138729054202,1.0000133336628663,1.0000133336628683,1.0000133336628694,1.0000133336628685,3.3716897549291715e-11,1.000013333662868,1.0000135391992337,1.0000133336628687,1.0000133336628674,1.0000133336628674,1.0000133336628676,4.010860415015712e-11,1.0000133336628665,1.0000133336628674,1.0000133336628685,1.0000133336628674,1.0000133336628687,1.000013333662868,1.0000133336628683,1.0000133336628683,1.000012791411588,3.142809733353377e-11,3.2575398881329986e-11,1.000013333662868,1.000013333662869,1.0000136832121675,3.520806787128594e-11,1.0000133336628687,1.000013249205314,1.0000135473461609,3.7278462619246694e-11,1.0000133336628685,1.0000133336628665,1.0000123869025963,1.0000135473461642
1.0000146102735537,3.393420455854877e-11,1.0000133336628685,1.000013333662868,3.520806964981204e-11,1.000013333662868,1.0000147598109728,1.000013333662867,3.525821973331121e-11,1.0000133336628685,3.142809712978878e-11,1.000013333662868,3.2575398974469993e-11,3.3716898265637835e-11,3.357064590948978e-11,1.0000134598355197,3.257868925531418e-11,3.371689720240988e-11,3.3716898476906304e-11,1.0000133336628678,1.0000133336628674,1.0000133336628676,1.0000133336628676,3.830125680014625e-11,1.0000138729054204,1.0000133336628676,1.0000133336628674,1.0000133336628696,1.0000133336628674,3.371689759246e-11,1.0000133336628692,1.0000135391992333,1.0000133336628685,1.0000133336628676,1.0000133336628685,1.0000133336628687,4.010860419590043e-11,1.0000133336628674,1.0000133336628676,1.0000133336628674,1.0000133336628685,1.0000133336628692,1.0000133336628676,1.0000133336628694,1.000013333662868,1.0000127914115875,3.1428097391412885e-11,3.25753988562554e-11,1.0000133336628696,1.0000133336628694,1.0000136832121669,3.520806794045093e-11,1.000013333662868,1.0000132492053138,1.0000135473461615,3.727846269412587e-11,1.0000133336628674,1.000013333662866,1.0000123869025965,1.0000135473461633
1.000014610273555,3.393420453389768e-11,1.0000133336628687,1.0000133336628676,3.520806963024946e-11,1.0000133336628674,1.000013333662867,1.0000147598109723,3.525821973770776e-11,1.0000133336628683,3.1428097183151754e-11,1.0000133336628674,3.2575398997131647e-11,3.371689827402478e-11,3.3570645941872595e-11,1.000013459835519,3.2578689300119406e-11,3.371689714721341e-11,3.3716898476906304e-11,1.0000133336628678,1.000013333662867,1.000013333662866,1.0000133336628676,3.8301256808250514e-11,1.0000138729054204,1.0000133336628665,1.000013333662867,1.0000133336628687,1.0000133336628685,3.371689754416275e-11,1.0000133336628685,1.0000135391992337,1.000013333662868,1.0000133336628672,1.0000133336628663,1.000013333662868,4.010860417178239e-11,1.0000133336628667,1.0000133336628665,1.000013333662868,1.0000133336628685,1.0000133336628687,1.0000133336628676,1.000013333662869,1.0000133336628685,1.0000127914115886,3.1428097332221404e-11,3.25753988609384e-11,1.0000133336628685,1.0000133336628692,1.000013683212167,3.520806792856748e-11,1.0000133336628696,1.0000132492053118,1.0000135473461615,3.727846271969316e-11,1.0000133336628676,1.0000133336628672,1.0000123869025968,1.0000135473461629
1.8748491913795718e-06,-7.792154100755123e-12,3.5258219743668324e-11,3.525821972730694e-11,-8.031110070909197e-12,3.52582197417366e-11,3.525821973331121e-11,3.525821973770776e-11,1.4434570456466738e-06,3.525821972822403e-11,1.4017342109063896e-11,3.525821975379433e-11,-1.39665794706043e-11,-4.85888764320229e-12,7.351043778661728e-12,3.558839355130478e-11,1.3781523427454679e-11,-4.85888764320229e-12,-4.858887547585931e-12,3.5258219752534964e-11,3.525821974661028e-11,3.5258219733992735e-11,3.525821975063797e-11,-1.6149396045910657e-11,3.386739841615826e-11,3.525821974811713e-11,3.5258219754998786e-11,3.5258219732773955e-11,3.5258219739926987e-11,-4.8588876077441335e-12,3.525821975341733e-11,6.918794677532463e-08,3.525821970158165e-11,3.5258219709588696e-11,3.525821972326127e-11,3.5258219747845994e-11,1.7220745970392755e-08,3.525821971622894e-11,3.525821970047514e-11,3.5258219739926987e-11,3.52582197305269e-11,3.525821972578749e-11,3.525821969333563e-11,3.525821970531244e-11,3.5258219735594964e-11,6.85032133077655e-08,1.4017342020894312e-11,-1.39665794706043e-11,3.5258219720590916e-11,3.525821972326127e-11,3.6259431911116026e-11,-8.031109957401597e-12,3.525821974661028e-11,6.752709168795864e-08,3.3539359157927894e-11,-8.002936418432158e-12,3.525821971772648e-11,3.525821969333563e-11,3.482801065742973e-11,3.353935974586482e-11
1.0000146102735552,3.393420460596876e-11,1.0000133336628694,1.0000133336628692,3.520806963356472e-11,1.0000133336628692,1.0000133336628685,1.0000133336628683,3.525821972822403e-11,1.0000147598109728,3.142809715714802e-11,1.0000133336628692,3.2575398914672945e-11,3.371689828825566e-11,3.357064592861725e-11,1.0000134598355197,3.257868917694534e-11,3.371689719320043e-11,3.371689849199863e-11,1.0000133336628687,1.000013333662868,1.0000133336628687,1.0000133336628692,3.830125682195244e-11,1.0000138729054224,1.0000133336628676,1.0000133336628696,1.0000133336628712,1.0000133336628696,3.3716897549380075e-11,1.0000133336628694,1.0000135391992357,1.00001333366287,1.0000133336628685,1.0000133336628694,1.00001333366287,4.0108604215157994e-11,1.000013333662868,1.0000133336628692,1.0000133336628705,1.0000133336628694,1.0000133336628703,1.0000133336628687,1.0000133336628694,1.0000133336628687,1.0000127914115906,3.1428097377132116e-11,3.2575398811553205e-11,1.0000133336628687,1.0000133336628698,1.0000136832121689,3.520806792749196e-11,1.00001333366287,1.0000132492053158,1.0000135473461627,3.727846270232314e-11,1.0000133336628694,1.0000133336628676,1.000012386902598,1.0000135473461649
1.8665254638273142e-06,-1.0574001184066335e-11,3.142809719474319e-11,3.14280971015514e-11,-1.3635444663793535e-11,3.1428097106286965e-11,3.142809712978878e-11,3.1428097183151754e-11,1.4017342109063896e-11,3.142809715714802e-11,1.4641769674706641e-06,3.1428097189177875e-11,-1.4886950391722478e-11,-9.788927598453956e-12,1.9912585812904003e-11,3.135079088463595e-11,1.0666044826673549e-11,-9.788925507410213e-12,-9.788927565274608e-12,3.142809714052739e-11,3.142809725365073e-11,3.1428097181422126e-11,3.142809713473061e-11,-1.9683589561960963e-11,2.8335910935365184e-11,3.1428097183151754e-11,3.142809710687197e-11,3.142809719474318e-11,3.142809715222821e-11,-9.788927565274608e-12,3.1428097167631494e-11,2.9094563360549276e-11,3.142809719474318e-11,3.142809715122679e-11,3.14280971676489e-11,3.1428097092735013e-11,2.180482426695851e-11,3.142809713374277e-11,3.142809725365073e-11,3.1428097100432814e-11,3.142809714052739e-11,3.142809710572058e-11,3.1428097140400676e-11,3.142809708492191e-11,3.1428097177551554e-11,6.017939864543926e-08,1.9114582913082264e-11,-1.4886950391722478e-11,3.142809713374277e-11,3.142809710656743e-11,3.3275842799589484e-11,-1.3635444663793535e-11,3.1428097140400676e-11,2.8037245142728945e-11,2.7878871989670808e-11,-1.3462502318734301e-11,3.14280970923858e-11,3.1428097092735013e-11,6.335500329234977e-08,2.787887198979605e-11
1.0000146102735552,3.3934204585082033e-11,1.0000133336628692,1.0000133336628676,3.520806967780763e-11,1.0000133336628674,1.000013333662868,1.0000133336628674,3.525821975379433e-11,1.0000133336628692,3.1428097189177875e-11,1.0000147598109683,3.2575398909747595e-11,3.371689830010646e-11,3.3570645943515557e-11,1.0000134598355184,3.257868925561529e-11,3.3716897138459966e-11,3.371689848527685e-11,1.0000133336628676,1.000013333662867,1.0000133336628663,1.0000133336628665,3.8301256829641036e-11,1.000013872905421,1.0000133336628663,1.0000133336628683,1.0000133336628694,1.0000133336628685,3.3716897592391244e-11,1.000013333662868,1.000013539199234,1.0000133336628687,1.0000133336628674,1.0000133336628674,1.000013333662868,4.010860417178239e-11,1.0000133336628665,1.0000133336628674,1.0000133336628685,1.0000133336628674,1.0000133336628687,1.0000133336628683,1.0000133336628683,1.0000133336628683,1.000012791411588,3.142809739726878e-11,3.257539888950217e-11,1.000013333662868,1.0000133336628692,1.0000136832121675,3.520806789746957e-11,1.0000133336628687,1.000013249205314,1.0000135473461609,3.727846264486728e-11,1.0000133336628685,1.0000133336628665,1.0000123869025963,1.0000135473461642
1.8757226156850939e-06,1.2472955292798243e-07,3.2575398914672945e-11,3.2575398974737645e-11,-1.4154883877333572e-11,3.25753989638453e-11,3.2575398974469993e-11,3.2575398997131647e-11,-1.39665794706043e-11,3.2575398914672945e-11,-1.4886950391722478e-11,3.2575398909747595e-11,1.568231477714574e-06,-1.2116099909108936e-11,-1.8277886296594748e-11,2.5061942360235814e-11,-2.0161416578377303e-11,-1.2116099678964233e-11,-1.2116100010876223e-11,3.257539890593182e-11,3.2575398914672945e-11,3.257539889639216e-11,3.257539894398912e-11,1.4554201927820181e-07,2.841824613183773e-11,3.257539889176014e-11,3.257539894868016e-11,3.257539892486303e-11,3.257539888006398e-11,-1.211609989678426e-11,3.25753989369554e-11,3.404028447879411e-11,3.257539895357638e-11,3.257539889176014e-11,3.257539893483255e-11,3.257539894566453e-11,-1.8418196718275553e-11,3.257539888006398e-11,3.257539889639216e-11,3.2575398936360516e-11,3.257539894136329e-11,3.2575398927570093e-11,3.2575398971402485e-11,3.2575398997131647e-11,3.2575398874876446e-11,6.937704064685279e-08,-1.4886950391722478e-11,1.4211803567366007e-07,3.2575398939217785e-11,3.257539894256502e-11,3.382479577109013e-11,-1.4154883877333572e-11,3.2575398980993586e-11,3.5905323754385355e-11,3.520090081035788e-11,-1.3514600667638846e-11,3.257539896252718e-11,3.2575398922640957e-11,3.856298215696317e-11,3.5200900814245945e-11
1.8731952613551643e-06,-1.4386994069222212e-11,3.371689821544031e-11,3.3716898267063766e-11,-7.000134015688544e-12,3.3716898327929285e-11,3.3716898265637835e-11,3.371689827402478e-11,-4.85888764320229e-12,3.371689828825566e-11,-9.788927598453956e-12,3.371689830010646e-11,-1.2116099909108936e-11,1.523682462075354e-06,-4.614892866297134e-12,3.645106728198041e-11,-3.5886335806305335e-12,9.755397102578963e-08,-2.484226903657121e-12,3.371689830010646e-11,3.371689831538648e-11,3.371689824259553e-11,3.371689827705754e-11,-9.366556941448022e-12,3.758128749298746e-11,3.3716898310589e-11,3.3716898296145626e-11,3.3716898327761665e-11,3.3716898290896125e-11,-2.4842274541749154e-12,3.37168983073579e-11,3.4416731819978896e-11,3.371689828284812e-11,3.371689826587093e-11,3.3716898267063766e-11,3.371689830281146e-11,-6.369817181768926e-12,3.371689830528843e-11,3.371689830002242e-11,3.371689828147835e-11,3.371689830259325e-11,3.3716898286428154e-11,3.3716898278161835e-11,3.3716898279677216e-11,3.371689831236815e-11,6.684939751686218e-08,-9.788925111125121e-12,-1.211609974257508e-11,3.371689828643305e-11,3.371689821544031e-11,3.3815115594650284e-11,-7.0001336573599175e-12,3.371689830528843e-11,3.4572615563412594e-11,3.5254896855854554e-11,-6.665482267051087e-12,3.371689827402478e-11,3.371689826588218e-11,6.26984527782458e-08,3.525489684873531e-11
1.87145934494537e-06,-1.887531057576662e-12,3.357064593408876e-11,3.3570645928522514e-11,-8.476182428042257e-12,3.357064591565884e-11,3.357064590948978e-11,3.3570645941872595e-11,7.351043778661728e-12,3.357064592861725e-11,1.9912585812904003e-11,3.3570645943515557e-11,-1.8277886296594748e-11,-4.614892866297134e-12,1.4051291012438304e-06,6.734025667665287e-08,3.4335621814124646e-11,-4.614893959367667e-12,-4.614893947123829e-12,3.357064591034613e-11,3.357064591707719e-11,3.357064592918455e-11,3.357064593269472e-11,-1.7972195108069804e-11,3.292519367121753e-11,3.357064590949015e-11,3.357064593294092e-11,3.357064593382742e-11,3.357064592836838e-11,-4.614892688275772e-12,3.357064592836838e-11,3.621865036165457e-11,3.357064592794119e-11,3.357064593064924e-11,3.357064591707719e-11,3.357064593370759e-11,-1.7315044360825703e-08,3.357064591758752e-11,3.357064595225021e-11,3.357064592586698e-11,3.357064591034613e-11,3.357064593829513e-11,3.357064593408876e-11,3.357064594187213e-11,3.357064592861736e-11,6.51132790136666e-08,1.9912584819259694e-11,-1.8277886296594748e-11,3.357064593557916e-11,3.357064593614289e-11,3.431854101862797e-11,-8.476182942031967e-12,3.357064592952743e-11,3.5046185231955395e-11,3.3591615508614074e-11,-8.630159975839506e-12,3.357064593382742e-11,3.357064591508752e-11,3.199893185142378e-11,3.359161549633373e-11
1.000014736109701,2.708668713452903e-11,1.0000134598355197,1.0000134598355186,3.8066604563995576e-11,1.0000134598355184,1.0000134598355197,1.000013459835519,3.558839355130478e-11,1.0000134598355197,3.135079088463595e-11,1.0000134598355184,2.5061942360235814e-11,3.645106728198041e-11,6.734025667665287e-08,1.000015014070583,6.780773080227192e-08,3.645106617925329e-11,3.64510675564605e-11,1.0000134598355186,1.0000134598355173,1.0000134598355184,1.0000134598355184,6.185139952882184e-08,1.0000140007727318,1.0000134598355184,1.000013459835519,1.0000134598355206,1.000013459835519,3.645106661890881e-11,1.0000134598355188,1.000013665487373,1.0000134598355206,1.0000134598355195,1.0000134598355184,1.0000134598355195,7.999225260066074e-08,1.0000134598355184,1.0000134598355186,1.0000134598355197,1.0000134598355193,1.0000134598355204,1.0000134598355195,1.0000134598355186,1.0000134598355204,1.0000129172476857,3.135079110383812e-11,2.5061942247171795e-11,1.0000134598355204,1.00001345983552,1.0000138087469923,3.806660284430287e-11,1.0000134598355197,1.0000133752380935,1.0000136735919452,4.004797150920226e-11,1.0000134598355197,1.000013459835518,1.0000125114779368,1.0000136735919467
1.8686435861377766e-06,-4.995337921552461e-08,3.257868933427206e-11,3.257868932864429e-11,-8.300746487771994e-12,3.2578689300119406e-11,3.257868925531418e-11,3.2578689300119406e-11,1.3781523427454679e-11,3.257868917694534e-11,1.0666044826673549e-11,3.257868925561529e-11,-2.0161416578377303e-11,-3.5886335806305335e-12,3.4335621814124646e-11,6.780773080227192e-08,1.4104043650706071e-06,-3.588633833164151e-12,-3.588634078277197e-12,3.2578689358388264e-11,3.2578689373531744e-11,3.2578689373077176e-11,3.2578689373077176e-11,-2.61532216737045e-11,3.056382822426282e-11,3.257868926262246e-11,3.2578689317809446e-11,3.257868933642341e-11,3.2578689286414006e-11,-3.588634078277197e-12,3.257868927156545e-11,2.7709686568891586e-11,3.257868933642341e-11,3.257868933427206e-11,3.257868927156545e-11,3.257868930048222e-11,3.5122616610044825e-11,3.257868917694534e-11,3.2578689286414006e-11,3.2578689200808806e-11,3.2578689373077176e-11,3.257868926741606e-11,3.257868931093989e-11,3.257868937180129e-11,3.25786892795742e-11,6.229746968894891e-08,1.0666046101516352e-11,-2.0161417016885505e-11,3.257868937180129e-11,3.2578689261928135e-11,3.4026040644724124e-11,-8.300746336272079e-12,3.257868933127106e-11,2.6924886989209506e-11,2.7972375785744327e-11,-8.074807921180242e-12,3.257868925531418e-11,3.257868927088264e-11,3.275707566255906e-11,2.7972375769796055e-11
1.8731952642085413e-06,-1.4386994036225932e-11,3.3716897135304026e-11,3.371689713184778e-11,-7.000134455343869e-12,3.3716897186168034e-11,3.371689720240988e-11,3.371689714721341e-11,-4.85888764320229e-12,3.371689719320043e-11,-9.788925507410213e-12,3.3716897138459966e-11,-1.2116099678964233e-11,9.755397102578963e-08,-4.614893959367667e-12,3.645106617925329e-11,-3.588633833164151e-12,1.523682462075354e-06,-2.484228142152628e-12,3.371689715126519e-11,3.371689716976016e-11,3.371689711644804e-11,3.371689720082051e-11,-9.366556336725708e-12,3.7581286295313554e-11,3.371689720240988e-11,3.3716897152103044e-11,3.3716897138459966e-11,3.371689712192351e-11,-2.484226903657121e-12,3.371689716993306e-11,3.441673068354776e-11,3.3716897134986596e-11,3.371689719269081e-11,3.371689719269081e-11,3.3716897192690315e-11,-6.369816961450136e-12,3.371689713641244e-11,3.371689716993306e-11,3.371689720240988e-11,3.371689714749815e-11,3.3716897138459966e-11,3.371689716976016e-11,3.371689712192351e-11,3.371689719642088e-11,6.684939526345006e-08,-9.788925507410213e-12,-1.2116099282472923e-11,3.371689714749815e-11,3.3716897138459966e-11,3.3815114444315106e-11,-7.000134455343869e-12,3.3716897152618035e-11,3.4572614403600265e-11,3.525489574175153e-11,-6.6654815472783606e-12,3.371689720481809e-11,3.3716897146367916e-11,6.269845052483468e-08,3.5254895702894176e-11
1.8731952692406054e-06,-1.4386993874592701e-11,3.371689847706949e-11,3.3716898522412605e-11,-7.000134012310587e-12,3.371689849492964e-11,3.3716898476906304e-11,3.3716898476906304e-11,-4.858887547585931e-12,3.371689849199863e-11,-9.788927565274608e-12,3.371689848527685e-11,-1.2116100010876223e-11,-2.484226903657121e-12,-4.614893947123829e-12,3.64510675564605e-11,-3.588634078277197e-12,-2.484228142152628e-12,1.5236824620766112e-06,3.371689850812011e-11,3.3716898533360166e-11,3.3716898505307615e-11,3.3716898441863644e-11,-9.366556184515759e-12,3.7581287732086773e-11,3.3716898476906304e-11,3.3716898432265983e-11,3.371689852560859e-11,3.3716898533360385e-11,9.755397100602439e-08,3.3716898464944245e-11,3.441673201381621e-11,3.371689847224376e-11,3.3716898432265983e-11,3.371689851049967e-11,3.371689852560859e-11,-6.369817825082681e-12,3.371689847340665e-11,3.371689854292627e-11,3.3716898482090484e-11,3.371689847224376e-11,3.3716898493171524e-11,3.371689849199863e-11,3.371689851741099e-11,3.371689849492964e-11,6.684939798590083e-08,-9.788927565274608e-12,-1.2116100010876223e-11,3.3716898432265983e-11,3.3716898476906304e-11,3.381511595188412e-11,-7.000135242020827e-12,3.3716898499382804e-11,3.457261581407557e-11,3.525489710172593e-11,-6.665482023707284e-12,3.3716898502982565e-11,3.37168984861646e-11,6.269845324557667e-08,3.5254897109976704e-11
1.0000146102735559,3.39342045681756e-11,1.0000133336628687,1.0000133336628685,3.5208069651454186e-11,1.0000133336628676,1.0000133336628678,1.0000133336628678,3.5258219752534964e-11,1.0000133336628687,3.142809714052739e-11,1.0000133336628676,3.257539890593182e-11,3.371689830010646e-11,3.357064591034613e-11,1.0000134598355186,3.2578689358388264e-11,3.371689715126519e-11,3.371689850812011e-11,1.0000147598109732,1.0000133336628685,1.0000133336628674,1.0000133336628674,3.8301256841206094e-11,1.0000138729054227,1.0000133336628674,1.0000133336628683,1.0000133336628687,1.0000133336628687,3.371689754991967e-11,1.0000133336628687,1.0000135391992346,1.000013333662868,1.0000133336628687,1.0000133336628685,1.0000133336628696,4.0108604205903006e-11,1.0000133336628676,1.000013333662868,1.0000133336628687,1.0000133336628696,1.0000133336628707,1.000013333662867,1.000013333662869,1.0000133336628696,1.0000127914115893,3.142809734007481e-11,3.2575398839583234e-11,1.0000133336628683,1.0000133336628698,1.0000136832121687,3.5208067882317224e-11,1.00001333366287,1.0000132492053142,1.0000135473461618,3.727846261711389e-11,1.0000133336628685,1.0000133336628683,1.0000123869025972,1.0000135473461638
1.0000146102735552,3.393420452565413e-11,1.0000133336628692,1.0000133336628676,3.520806966063227e-11,1.000013333662867,1.0000133336628674,1.000013333662867,3.525821974661028e-11,1.000013333662868,3.142809725365073e-11,1.000013333662867,3.2575398914672945e-11,3.371689831538648e-11,3.357064591707719e-11,1.0000134598355173,3.2578689373531744e-11,3.371689716976016e-11,3.3716898533360166e-11,1.0000133336628685,1.0000147598109719,1.0000133336628676,1.000013333662867,3.8301256855437316e-11,1.0000138729054204,1.0000133336628676,1.000013333662868,1.0000133336628687,1.0000133336628692,3.371689754023457e-11,1.0000133336628694,1.0000135391992337,1.0000133336628687,1.0000133336628685,1.0000133336628674,1.0000133336628678,4.0108604130604076e-11,1.000013333662867,1.0000133336628674,1.0000133336628692,1.0000133336628685,1.0000133336628707,1.0000133336628674,1.0000133336628687,1.0000133336628685,1.0000127914115897,3.1428097374674523e-11,3.2575398846333474e-11,1.0000133336628687,1.0000133336628687,1.0000136832121678,3.520806795973074e-11,1.0000133336628705,1.0000132492053133,1.0000135473461609,3.7278462679379235e-11,1.0000133336628685,1.0000133336628676,1.0000123869025972,1.0000135473461629
1.0000146102735568,3.3934204577957456e-11,1.0000133336628687,1.0000133336628674,3.5208069616205435e-11,1.0000133336628663,1.0000133336628676,1.000013333662866,3.5258219733992735e-11,1.0000133336628687,3.1428097181422126e-11,1.0000133336628663,3.257539889639216e-11,3.371689824259553e-11,3.357064592918455e-11,1.0000134598355184,3.2578689373077176e-11,3.371689711644804e-11,3.3716898505307615e-11,1.0000133336628674,1.0000133336628676,1.0000147598109674,1.0000133336628665,3.830125679598542e-11,1.0000138729054204,1.0000133336628667,1.0000133336628685,1.0000133336628687,1.0000133336628687,3.3716897539057313e-11,1.0000133336628692,1.0000135391992337,1.0000133336628685,1.0000133336628685,1.000013333662867,1.0000133336628674,4.0108604239130024e-11,1.0000133336628663,1.000013333662867,1.0000133336628692,1.000013333662868,1.0000133336628694,1.0000133336628665,1.0000133336628687,1.000013333662868,1.0000127914115893,3.142809738887252e-11,3.25753988562554e-11,1.0000133336628685,1.0000133336628687,1.000013683212167,3.520806794612625e-11,1.0000133336628698,1.0000132492053126,1.0000135473461613,3.727846270275759e-11,1.000013333662868,1.0000133336628674,1.0000123869025974,1.0000135473461638
1.0000146102735572,3.393420452025055e-11,1.0000133336628696,1.0000133336628674,3.520806966595635e-11,1.0000133336628665,1.0000133336628676,1.0000133336628676,3.525821975063797e-11,1.0000133336628692,3.142809713473061e-11,1.0000133336628665,3.257539894398912e-11,3.371689827705754e-11,3.357064593269472e-11,1.0000134598355184,3.2578689373077176e-11,3.371689720082051e-11,3.3716898441863644e-11,1.0000133336628674,1.000013333662867,1.0000133336628665,1.000014759810969,3.830125680778325e-11,1.0000138729054204,1.0000133336628663,1.0000133336628685,1.0000133336628692,1.0000133336628676,3.371689759864564e-11,1.0000133336628685,1.0000135391992333,1.0000133336628685,1.000013333662867,1.0000133336628676,1.000013333662868,4.010860417178239e-11,1.000013333662866,1.0000133336628676,1.0000133336628685,1.0000133336628674,1.000013333662868,1.0000133336628674,1.0000133336628685,1.0000133336628676,1.0000127914115877,3.1428097388872536e-11,3.257539883310247e-11,1.0000133336628676,1.0000133336628685,1.0000136832121667,3.5208067979045534e-11,1.0000133336628678,1.000013249205314,1.0000135473461618,3.727846269056399e-11,1.0000133336628685,1.0000133336628667,1.0000123869025959,1.000013547346164
1.887462264742818e-06,1.2251225827345632e-07,3.83012568232799e-11,3.83012568701791e-11,-1.1351973651911272e-11,3.8301256855437316e-11,3.830125680014625e-11,3.8301256808250514e-11,-1.6149396045910657e-11,3.830125682195244e-11,-1.9683589561960963e-11,3.8301256829641036e-11,1.4554201927820181e-07,-9.366556941448022e-12,-1.7972195108069804e-11,6.185139952882184e-08,-2.61532216737045e-11,-9.366556336725708e-12,-9.366556184515759e-12,3.8301256841206094e-11,3.8301256855437316e-11,3.830125679598542e-11,3.830125680778325e-11,1.5759157333156818e-06,6.923212067561535e-08,3.830125687001677e-11,3.8301256832250823e-11,3.830125678504114e-11,3.8301256829641036e-11,-9.36655618451575e-12,3.8301256836407904e-11,3.952921174255567e-11,3.830125684927707e-11,3.8301256841206094e-11,3.830125681801494e-11,3.8301256838640425e-11,-1.8636064290692317e-11,3.830125680014625e-11,3.830125681774081e-11,3.830125684723007e-11,3.830125684723007e-11,3.830125681404509e-11,3.830125686142112e-11,3.830125677814581e-11,3.8301256808250514e-11,8.111707105482301e-08,-1.9683589037051198e-11,1.4554201927820094e-07,3.830125685026333e-11,3.8301256814931406e-11,3.9228210764408135e-11,-1.1351973651911272e-11,3.83012568172404e-11,4.1626797596277664e-11,4.121427930262741e-11,-1.0711258250928286e-11,3.8301256827797005e-11,3.830125677814581e-11,4.4251381004074586e-11,4.121427949281728e-11
1.0000151495254146,2.8823976578586777e-11,1.0000138729054215,1.0000138729054207,3.902151910872147e-11,1.0000138729054202,1.0000138729054204,1.0000138729054204,3.386739841615826e-11,1.0000138729054224,2.8335910935365184e-11,1.000013872905421,2.841824613183773e-11,3.758128749298746e-11,3.292519367121753e-11,1.0000140007727318,3.056382822426282e-11,3.7581286295313554e-11,3.7581287732086773e-11,1.0000138729054227,1.0000138729054204,1.0000138729054204,1.0000138729054204,6.923212067561535e-08,1.0000158404312023,1.0000138729054204,1.0000138729054215,1.0000138729054227,1.0000138729054218,3.7581286766576605e-11,1.0000138729054215,1.0000140785521747,1.0000138729054218,1.0000138729054229,1.0000138729054204,1.0000138729054215,7.763503654741765e-08,1.0000138729054202,1.0000138729054204,1.0000138729054218,1.0000138729054227,1.0000138729054229,1.00001387290542,1.0000138729054215,1.0000138729054204,1.0000133306634078,2.833591116191366e-11,2.8418245904014484e-11,1.0000138729054224,1.0000138729054222,1.0000142215526326,3.902151741013198e-11,1.0000138729054229,1.000013788670994,1.0000140872442147,4.1023495345351866e-11,1.0000138729054215,1.0000138729054198,1.000012924870619,1.0000140872442151
1.0000146102735565,3.39342045681756e-11,1.000013333662869,1.0000133336628674,3.520806961496132e-11,1.0000133336628663,1.0000133336628676,1.0000133336628665,3.525821974811713e-11,1.0000133336628676,3.1428097183151754e-11,1.0000133336628663,3.257539889176014e-11,3.3716898310589e-11,3.357064590949015e-11,1.0000134598355184,3.257868926262246e-11,3.371689720240988e-11,3.3716898476906304e-11,1.0000133336628674,1.0000133336628676,1.0000133336628667,1.0000133336628663,3.830125687001677e-11,1.0000138729054204,1.000014759810967,1.0000133336628676,1.0000133336628687,1.000013333662868,3.3716897535019095e-11,1.0000133336628683,1.0000135391992333,1.0000133336628685,1.0000133336628683,1.000013333662867,1.0000133336628674,4.010860418494772e-11,1.0000133336628656,1.0000133336628663,1.000013333662868,1.0000133336628676,1.0000133336628687,1.0000133336628665,1.0000133336628685,1.0000133336628676,1.0000127914115886,3.142809734897365e-11,3.2575398881329986e-11,1.0000133336628685,1.0000133336628687,1.000013683212167,3.520806788095863e-11,1.0000133336628685,1.0000132492053129,1.0000135473461618,3.7278462622059644e-11,1.000013333662868,1.0000133336628663,1.0000123869025963,1.0000135473461638
1.0000146102735552,3.393420450398104e-11,1.000013333662868,1.0000133336628685,3.520806962596428e-11,1.0000133336628683,1.0000133336628674,1.000013333662867,3.5258219754998786e-11,1.0000133336628696,3.142809710687197e-11,1.0000133336628683,3.257539894868016e-11,3.3716898296145626e-11,3.357064593294092e-11,1.000013459835519,3.2578689317809446e-11,3.3716897152103044e-11,3.3716898432265983e-11,1.0000133336628683,1.000013333662868,1.0000133336628685,1.0000133336628685,3.8301256832250823e-11,1.0000138729054215,1.0000133336628676,1.0000147598109654,1.0000133336628696,1.0000133336628676,3.371689754416275e-11,1.0000133336628685,1.0000135391992342,1.0000133336628685,1.0000133336628687,1.0000133336628685,1.0000133336628685,4.0108604154500407e-11,1.0000133336628683,1.000013333662868,1.000013333662868,1.0000133336628685,1.0000133336628696,1.0000133336628674,1.00001333366287,1.0000133336628685,1.0000127914115895,3.1428097385604675e-11,3.2575398890205247e-11,1.0000133336628676,1.0000133336628696,1.0000136832121678,3.520806792749196e-11,1.0000133336628687,1.000013249205314,1.0000135473461622,3.727846270368997e-11,1.0000133336628678,1.0000133336628674,1.0000123869025972,1.0000135473461633
1.0000146102735565,3.393420455359297e-11,1.0000133336628705,1.0000133336628692,3.520806963669136e-11,1.0000133336628694,1.0000133336628696,1.0000133336628687,3.5258219732773955e-11,1.0000133336628712,3.142809719474318e-11,1.0000133336628694,3.257539892486303e-11,3.3716898327761665e-11,3.357064593382742e-11,1.0000134598355206,3.257868933642341e-11,3.3716897138459966e-11,3.371689852560859e-11,1.0000133336628687,1.0000133336628687,1.0000133336628687,1.0000133336628692,3.830125678504114e-11,1.0000138729054227,1.0000133336628687,1.0000133336628696,1.0000147598109728,1.0000133336628705,3.3716897567699166e-11,1.00001333366287,1.0000135391992362,1.00001333366287,1.0000133336628696,1.0000133336628692,1.00001333366287,4.0108604215157994e-11,1.0000133336628685,1.0000133336628692,1.0000133336628698,1.0000133336628696,1.0000133336628707,1.0000133336628696,1.00001333366287,1.00001333366287,1.0000127914115893,3.1428097388872536e-11,3.2575398807945495e-11,1.00001333366287,1.00001333366287,1.0000136832121698,3.520806789383204e-11,1.0000133336628705,1.0000132492053153,1.0000135473461638,3.727846268013125e-11,1.0000133336628705,1.0000133336628685,1.000012386902599,1.0000135473461658
1.000014610273555,3.393420454675922e-11,1.0000133336628687,1.0000133336628685,3.520806967780763e-11,1.0000133336628685,1.0000133336628674,1.0000133336628685,3.5258219739926987e-11,1.0000133336628696,3.142809715222821e-11,1.0000133336628685,3.257539888006398e-11,3.3716898290896125e-11,3.357064592836838e-11,1.000013459835519,3.2578689286414006e-11,3.371689712192351e-11,3.3716898533360385e-11,1.0000133336628687,1.0000133336628692,1.0000133336628687,1.0000133336628676,3.8301256829641036e-11,1.0000138729054218,1.000013333662868,1.0000133336628676,1.0000133336628705,1.0000147598109754,3.3716897596683355e-11,1.0000133336628687,1.0000135391992337,1.0000133336628687,1.0000133336628685,1.0000133336628687,1.0000133336628696,4.010860422982528e-11,1.0000133336628685,1.0000133336628687,1.0000133336628683,1.0000133336628696,1.0000133336628703,1.0000133336628674,1.0000133336628696,1.0000133336628694,1.0000127914115897,3.142809737454568e-11,3.257539885625541e-11,1.0000133336628687,1.0000133336628696,1.000013683212168,3.520806794347805e-11,1.0000133336628696,1.000013249205314,1.0000135473461627,3.7278462656038854e-11,1.000013333662868,1.000013333662867,1.0000123869025974,1.000013547346164
1.8731952595069083e-06,-1.4386993825058121e-11,3.3716897549291715e-11,3.371689754416275e-11,-7.000135864373006e-12,3.3716897549291715e-11,3.371689759246e-11,3.371689754416275e-11,-4.8588876077441335e-12,3.3716897549380075e-11,-9.788927565274608e-12,3.3716897592391244e-11,-1.211609989678426e-11,-2.4842274541749154e-12,-4.614892688275772e-12,3.645106661890881e-11,-3.588634078277197e-12,-2.484226903657121e-12,9.755397100602439e-08,3.371689754991967e-11,3.371689754023457e-11,3.3716897539057313e-11,3.371689759864564e-11,-9.36655618451575e-12,3.7581286766576605e-11,3.3716897535019095e-11,3.371689754416275e-11,3.3716897567699166e-11,3.3716897596683355e-11,1.5236824620766112e-06,3.3716897625284895e-11,3.44167310816046e-11,3.371689760899227e-11,3.37168975358367e-11,3.3716897608113634e-11,3.3716897555210664e-11,-6.369817083730366e-12,3.371689757985074e-11,3.371689746091399e-11,3.3716897643190874e-11,3.3716897567699166e-11,3.3716897549291715e-11,3.371689760155441e-11,3.371689754416275e-11,3.3716897608113634e-11,6.684939611245016e-08,-9.788925110823137e-12,-1.2116099482383113e-11,3.3716897608113634e-11,3.3716897567699166e-11,3.381511497679692e-11,-7.000134772392174e-12,3.37168975096004e-11,3.457261484339303e-11,3.525489611637498e-11,-6.6654815960679595e-12,3.371689749104119e-11,3.3716897533795223e-11,6.269845137212683e-08,3.5254896147737647e-11
1.0000146102735576,3.3934204508236884e-11,1.00001333366287,1.000013333662869,3.5208069626677574e-11,1.000013333662868,1.0000133336628692,1.0000133336628685,3.525821975341733e-11,1.0000133336628694,3.1428097167631494e-11,1.000013333662868,3.25753989369554e-11,3.37168983073579e-11,3.357064592836838e-11,1.0000134598355188,3.257868927156545e-11,3.371689716993306e-11,3.3716898464944245e-11,1.0000133336628687,1.0000133336628694,1.0000133336628692,1.0000133336628685,3.8301256836407904e-11,1.0000138729054215,1.0000133336628683,1.0000133336628685,1.00001333366287,1.0000133336628687,3.3716897625284895e-11,1.0000147598109728,1.0000135391992357,1.0000133336628696,1.0000133336628692,1.000013333662869,1.0000133336628692,4.0108604150356187e-11,1.0000133336628683,1.0000133336628687,1.0000133336628685,1.0000133336628696,1.0000133336628705,1.0000133336628685,1.0000133336628707,1.00001333366287,1.0000127914115888,3.142809738233364e-11,3.2575398856014066e-11,1.00001333366287,1.0000133336628707,1.0000136832121682,3.520806789746957e-11,1.0000133336628698,1.0000132492053146,1.0000135473461618,3.727846266642359e-11,1.0000133336628696,1.000013333662868,1.000012386902598,1.000013547346164
