1.0000000044557915,-4.0167036731715285e-06,-4.11289402457652e-06,-4.003891694139475e-06,-3.978105439009132e-06,0.9999353151736048,-3.849591452968065e-06,-3.846972043419353e-06,0.9999349047137559,-3.848363561135309e-06,-3.8327455665903405e-06,-3.989546145974272e-06,-4.010199855515403e-06,-3.836263088902614e-06,0.9999349047137547,-4.141053105669323e-06,0.9999349047137557,0.9999349047137559,-3.8381887040209095e-06,0.9999349047137555,0.9999349047137561,0.9999350222363006,-3.984854517139037e-06,-3.836263088909986e-06,-3.9316887148375795e-06,0.9999350207313065,0.9999351040429657,-3.836263088912569e-06,-3.989546144931201e-06,-3.989546146184286e-06,-3.989546146211363e-06,-4.114229669402928e-06,0.999935279280516,0.9999350207313072,-3.980201569344307e-06,-3.836263088907751e-06,-3.817236266473292e-06,-3.992994706122678e-06,-6.424122421046854e-06,-3.992678700261242e-06,-3.93122635845032e-06,-3.828655833182022e-06,-3.992994706754335e-06,-3.836263088932842e-06,-3.828655832133716e-06,-4.591521987489248e-06,0.9999350222362956,0.9999351040429669,0.9999349047137553,-3.905551179975321e-06,0.9999351631342293,-3.989546146169395e-06,-3.836263088907751e-06,0.9999344489799776,-3.834714690901244e-06,0.5130940146474606,-3.836263088912569e-06,0.9999349047137565,-3.870853757478146e-06,0.4868562003180985,-3.992994706461993e-06,-3.989546146005285e-06,-3.846972043419327e-06,-3.992994707916548e-06,-3.931688718338436e-06,0.9999349047137559,0.999935339251416,-3.965682444914087e-06,-3.9895461447804724e-06
-4.0167036731715285e-06,1.4030954843899168e-05,-7.622883709796228e-13,-1.314408941025399e-07,-4.8844027274743186e-08,-2.0140550842883028e-10,1.1372085625165623e-11,1.2328771264518242e-11,-1.9918065260907634e-10,1.3626747478019049e-11,5.379915774477883e-11,-1.3805349915398067e-07,-3.630094187355625e-08,3.47370571225974e-11,-1.991806526017322e-10,4.407672325541315e-11,-1.9918065246144275e-10,-1.9918065251731115e-10,8.299017050473555e-12,-1.991806526017322e-10,-1.9918065260960525e-10,-1.974183842881498e-10,-1.3029030962190834e-07,3.4737057115721044e-11,5.158950757960615e-12,-1.9814078791342104e-10,-2.004634893085703e-10,3.4737057115721044e-11,-1.380534991539928e-07,-1.3805349915399534e-07,-1.3805349915399343e-07,2.524826277576861e-11,-4.0433153318740956e-07,-1.981407878393452e-10,2.4100712951007366e-11,3.47370570866168e-11,9.306849487475516e-12,-1.1696131891035075e-07,4.68130100484254e-12,-1.4162428974302208e-07,4.125916104330759e-11,1.7113133202029554e-11,-1.1696131891035203e-07,3.4737057115721044e-11,1.7113133245702125e-11,2.1275995847530633e-13,-1.9741838432972988e-10,-2.0046348926236475e-10,-1.9918065246144275e-10,3.7174859163553466e-11,-2.0454898929922797e-10,-1.3805349915401032e-07,3.4737057115721044e-11,-4.4496929308796567e-07,3.3978993421276626e-11,-1.0551449045803625e-10,3.473705708661656e-11,-1.9918065252004966e-10,1.3188981502982057e-11,-9.538240799719138e-11,-1.169613189103552e-07,-1.380534991539746e-07,1.232877093996216e-11,-1.1696131891036572e-07,5.158950755779202e-12,-1.9918065252004966e-10,-2.0323001977929916e-10,-1.333104039268402e-07,-1.3805349915400045e-07
-4.11289402457652e-06,-7.622883709796228e-13,1.416970389807263e-05,-1.4382020510902976e-09,-2.6829609835702573e-13,-2.7143250855234255e-10,1.2445630701352448e-13,1.3492399862357316e-13,-5.406199149053094e-07,1.4912467921864407e-13,5.886975811231911e-13,-7.583575053860807e-13,-1.993929908505812e-13,3.801183875293923e-13,-5.406199149053101e-07,9.6071037366502e-10,-5.406199149053101e-07,-5.406199149053099e-07,9.082797612899892e-14,-5.406199149053091e-07,-5.406199149053096e-07,-2.7138877333018487e-10,-1.4256180539728464e-09,3.8011836417580664e-13,5.614380523848722e-14,-2.713966779023446e-10,-2.714220996739165e-10,3.8011836415328314e-13,-7.583575760698364e-13,-7.583575438647172e-13,-7.583575760698364e-13,5.503194979679105e-10,-2.71449795979406e-10,-2.7139667790857506e-10,5.253484220432203e-10,3.8011835482053907e-13,1.0186068559294291e-13,-6.424884758997574e-13,1.0211737456961125e-10,-7.779761524863086e-13,8.993131258773031e-10,1.8727735467190393e-13,-6.424884415970048e-13,3.8011836415328314e-13,1.8727724170766712e-13,4.66679195821099e-12,-2.7138877333018487e-10,-2.7142209973587774e-10,-5.406199149053095e-07,4.0679603778158773e-13,-5.407371048027592e-07,-7.583575420270947e-13,3.8011836417580664e-13,-5.411472714323939e-07,3.71822307456025e-13,-1.1641737078160546e-10,3.801183192036772e-13,-5.406199149053096e-07,1.4433480428134397e-13,-1.550127741280751e-10,-6.424884424443179e-13,-7.5835752567725e-13,1.3492399862357316e-13,-6.42488441596144e-13,5.614380523848698e-14,-5.406199149053099e-07,-2.7145247854397943e-10,-1.4586564671880464e-09,-7.583575760698364e-13
-4.003891694139475e-06,-1.314408941025399e-07,-1.4382020510902976e-09,1.404522151941783e-05,-4.6265107956697306e-08,-1.96134766995972e-10,1.0771663328741191e-11,1.1677836190515644e-11,-1.940273661031699e-10,1.2907275176364464e-11,5.095859190692352e-11,-1.3076432757553495e-07,-3.4384308661689775e-08,3.2902969894045924e-11,-1.9402736610283307e-10,4.174947269840926e-11,-1.9402736621399614e-10,-1.940273661031699e-10,7.860853891480821e-12,-1.940273661031699e-10,-1.940273662021067e-10,-3.831605945192506e-07,-1.2341105509424515e-07,3.290296987297152e-11,4.886556735325409e-12,-1.9304240097632635e-10,-1.9524248261898095e-10,3.2902969806992765e-11,-1.3076432757555374e-07,-1.3076432757554673e-07,-1.3076432757555056e-07,2.3915161117990294e-11,-1.976322374113413e-10,-1.9304240094211266e-10,2.2828201275995383e-11,3.290296977253944e-11,8.815489657808166e-12,-1.1078581281402467e-07,4.434124339756906e-12,-1.3414659238817656e-07,3.9080697375397494e-11,1.6209595103116397e-11,-1.1078581281402723e-07,3.290296977253944e-11,1.6209595100716814e-11,2.0153686772234992e-13,-3.8316059451925537e-07,-1.9524248274822352e-10,-1.9402736623021958e-10,7.013790748481763e-08,-1.9911226961621007e-10,-1.3076432757557065e-07,3.290296993805868e-11,-4.32157955829062e-07,6.410828829094301e-08,-6.945519992816627e-11,3.290296977253944e-11,-1.9402736621399614e-10,1.2492618977623159e-11,-1.2619782442786217e-10,-1.1078581281402912e-07,-1.307643275755321e-07,1.1677836190515644e-11,-1.1078581281404378e-07,4.886556735325409e-12,-1.9402736613822492e-10,-1.9786294346033222e-10,-1.2627166066440665e-07,-1.3076432757555535e-07
-3.978105439009132e-06,-4.8844027274743186e-08,-2.6829609835702573e-13,-4.6265107956697306e-08,1.415252851615508e-05,-1.9627245110295967e-10,4.002789601467087e-12,4.33952755054864e-12,-1.9548928491840976e-10,9.55382306707404e-09,3.771905245000063e-08,-4.859264065132887e-08,-1.277725368310905e-08,2.4354434643294855e-08,-1.9548928491840976e-10,3.090267362866811e-08,-1.9548928487959568e-10,-1.9548928493114263e-10,2.9211129798472347e-12,-1.9548928486938062e-10,-1.9548928479654605e-10,-1.9486901645806013e-10,-4.5860085052606244e-08,2.4354434643292066e-08,1.8158063910534537e-12,-1.9512328977373738e-10,-1.9594082758686512e-10,2.4354434643292705e-08,-4.8592640651332696e-08,-4.8592640651333014e-08,-4.8592640651332696e-08,1.77018333534129e-08,-1.968289159632208e-10,-1.9512328977560352e-10,1.68972790084045e-08,2.4354434643296847e-08,3.2758331610344823e-12,-4.116850892869107e-08,3.2823749374808874e-09,-4.984948843965728e-08,2.8927188421289054e-08,6.023536986131753e-12,-4.1168508928690594e-08,2.4354434643294296e-08,6.023536986131753e-12,7.491558290483817e-14,-1.9486901633513597e-10,-1.959408275620274e-10,-1.9548928491840976e-10,2.606365116651509e-08,-1.973788930986415e-10,-4.85926406513413e-08,2.435443464329127e-08,-4.0636944257027927e-07,2.3822951364506648e-08,-1.399075899968763e-10,2.4354434643291348e-08,-1.9548928487148416e-10,4.6423221062234734e-12,-5.618764955324241e-11,-4.1168508928692824e-08,-4.859264065132696e-08,4.33952757787497e-12,-4.11685089286984e-08,1.815806377013252e-12,-1.9548928492153694e-10,-1.9691465686253338e-10,-4.6923151153961474e-08,-4.8592640651335244e-08
0.9999353151736048,-2.0140550842883028e-10,-2.7143250855234255e-10,-1.96134766995972e-10,-1.9627245110295967e-10,0.9998926823717643,-1.430831364153453e-10,-1.4207003578905204e-10,0.999878100818678,-1.4317806869095473e-10,-1.480124582945649e-10,-1.8788525376663128e-10,-4.2700715483820364e-07,-1.4376406277619435e-10,0.9998781008186767,-2.9971477590231665e-10,0.999878100818677,0.999878100818677,-1.363893878270712e-10,0.9998781008186755,0.9998781008186768,0.9998782172266404,-1.8675967549567757e-10,-1.4376406280265257e-10,-1.8233449748908016e-10,0.9998782161757215,0.9998783009420096,-1.437640629972383e-10,-1.8788525389409854e-10,-1.8788525379016552e-10,-1.8788525397224044e-10,-2.803091621359608e-10,0.9998784777546653,0.9998782161757223,-4.2360922469846444e-07,-1.4376406274770402e-10,-1.2618924845678297e-10,-1.9295736541327737e-10,-2.855174449034811e-06,-1.8889217266075308e-10,-3.8541987258875665e-07,-1.3438479209372856e-10,-1.929573654005943e-10,-1.4376406272159937e-10,-1.3438479254207884e-10,-5.120113703868821e-10,0.9998782172266404,0.9998783009420094,0.9998781008186776,-3.571796235993082e-07,0.9998783625973039,-1.878852539607239e-10,-1.4376406283863798e-10,0.9998776603249734,-1.4274759512754503e-10,0.513066464821469,-1.4376406285686596e-10,0.9998781008186776,-1.5432997146805714e-10,0.486830517886403,-1.9295736564660933e-10,-1.8788525403469066e-10,-1.4207003585352038e-10,-1.9295736531367224e-10,-1.823344973201149e-10,0.9998781008186765,0.9998785378750203,-1.766569434980119e-10,-1.8788525384309813e-10
-3.849591452968065e-06,1.1372085625165623e-11,1.2445630701352448e-13,1.0771663328741191e-11,4.002789601467087e-12,-1.430831364153453e-10,1.4166023110599522e-05,-4.008507474581641e-09,-1.4344622064300417e-10,-4.430555074750067e-09,-1.7492355404696615e-08,1.131357040865005e-11,5.925551335023665e-09,-5.670251074458725e-12,-1.434462205144382e-10,-7.194859571161599e-12,-1.4344622051055707e-10,-1.4344622057528537e-10,-1.3546327299682588e-12,-1.4344622057466956e-10,-1.4344622052847662e-10,-1.4373388631766107e-10,1.0677346903524097e-11,-5.670251074458785e-12,-8.422856042998628e-13,-1.4361596733218888e-10,-1.432368507542464e-10,-5.670251134449419e-12,1.1313570171640018e-11,1.131357017192295e-11,1.131357022463399e-11,-4.121379736055142e-12,-1.4282506149606324e-10,-1.4361596723792583e-10,-3.934053532537504e-12,-5.670251074458725e-12,-1.5191139241962575e-12,1.9092204223199864e-08,-7.640497939909265e-13,2.3118047865531214e-08,-6.734902517682471e-12,-2.7933886597149008e-12,1.909220422320034e-08,-5.670251074458785e-12,-2.793388670743725e-12,-3.4670632765009953e-14,-1.437338862621582e-10,-1.43236850765109e-10,-1.4344622056685573e-10,-6.06821011490153e-12,-1.4256998256454982e-10,1.131357017192295e-11,-5.670251074458785e-12,-2.7786030116824346e-07,-5.546510384012857e-12,-1.2221284402887066e-12,-5.670251074458785e-12,-1.4344622054734295e-10,-4.288232454287614e-09,-1.4194629197162364e-10,1.9092204223199943e-08,1.131357017192295e-11,-4.00850747458437e-09,1.909220422320313e-08,-8.422856042998628e-13,-1.434462205144382e-10,-1.427853117737572e-10,1.0924873008616517e-11,1.1313570402492021e-11
-3.846972043419353e-06,1.2328771264518242e-11,1.3492399862357316e-13,1.1677836190515644e-11,4.33952755054864e-12,-1.4207003578905204e-10,-4.008507474581641e-09,1.4165374835592502e-05,-1.4246367044869397e-10,-4.803286778122472e-09,-1.8963919984382547e-08,1.226533116343196e-11,6.4240459944067535e-09,-6.147269680196606e-12,-1.424636705286983e-10,-7.80013266009753e-12,-1.4246367050835116e-10,-1.4246367059041275e-10,-1.4685972058621596e-12,-1.424636705842946e-10,-1.4246367062971717e-10,-1.427755366355271e-10,1.1575587920785058e-11,-6.1472697778544656e-12,-9.131306447896115e-13,-1.4264769728755696e-10,-1.4223668442135685e-10,-6.147269864638705e-12,1.2265331169768788e-11,1.2265331201602964e-11,1.2265331187131061e-11,-4.468095936932835e-12,-1.417902508055568e-10,-1.4264769723905595e-10,-4.265010742991321e-12,-6.147269859609928e-12,-1.6469187265903526e-12,2.0698347896655988e-08,-8.283364750569909e-13,1.2582565199926337e-11,-7.301483740608308e-12,-3.02839130376075e-12,2.0698347896655988e-08,-6.147269680196606e-12,-3.028391303811805e-12,-3.759355122045402e-14,-1.4277553657169257e-10,-1.4223668446259635e-10,-1.4246367048291172e-10,-6.5787048714230935e-12,-1.4151371462240018e-10,1.2265331219651438e-11,-6.147269859609928e-12,-2.7524097271423756e-07,-6.0131192853293594e-12,-9.275579947485061e-13,-6.1472696803633455e-12,-1.424636705014566e-10,-4.6489898754070924e-09,-1.4123476258818718e-10,2.0698347896655707e-08,1.2265331219651438e-11,-4.345736041873942e-09,2.0698347896659495e-08,-9.13130795306196e-13,-1.4246367045746022e-10,-1.417471566569628e-10,1.1843934671631215e-11,1.2265331219651438e-11
0.9999349047137559,-1.9918065260907634e-10,-5.406199149053094e-07,-1.940273661031699e-10,-1.9548928491840976e-10,0.999878100818678,-1.4344622064300417e-10,-1.4246367044869397e-10,0.9998918585638801,-1.4361315691233792e-10,-1.4973041211389531e-10,-1.8567186266492618e-10,-2.137886284671314e-10,-1.4487328640550682e-10,0.9998776888439078,-5.998075648711623e-07,0.9998776888439078,0.9998776888439078,-1.3665433862174296e-10,0.9998776888439064,0.9998776888439078,0.9998778051397208,-1.8467075715944034e-10,-1.448732864891361e-10,-3.6352159937645733e-07,0.9998778041347524,0.999877889048708,-1.4487328655777614e-10,-1.856718627026259e-10,-1.856718625820006e-10,-1.856718627762823e-10,-5.599557797153067e-07,0.999878066021826,0.9998778041347532,-2.134346751808269e-10,-1.4487328640085194e-10,-1.2648638593385253e-10,-1.9108212669970725e-10,-2.855470798821077e-06,-1.866215381736345e-10,-1.9481047448665256e-10,-1.349312141610047e-10,-1.910821265803858e-10,-1.4487328634995092e-10,-1.349312143941858e-10,-1.019892735493625e-06,0.9998778051397201,0.9998778890487092,0.9998776888439084,-1.805025820471946e-10,0.999877950963925,-1.8567186275203644e-10,-1.4487328633488457e-10,0.9998772498902485,-1.4383261194353127e-10,0.5130662607379284,-1.4487328655778263e-10,0.9998776888439078,-1.5475107735117444e-10,0.48683031009596733,-1.910821268567207e-10,-1.85671862793695e-10,-1.4246367061156534e-10,-1.9108212661223525e-10,-3.6352159913664525e-07,0.9998776888439078,0.9998781261576524,-1.745196071946495e-10,-1.8567186265195855e-10
-3.848363561135309e-06,1.3626747478019049e-11,1.4912467921864407e-13,1.2907275176364464e-11,9.55382306707404e-09,-1.4317806869095473e-10,-4.430555074750067e-09,-4.803286778122472e-09,-1.4361315691233792e-10,1.4164411584031643e-05,-2.0960453249991043e-08,1.3556622130370484e-11,7.100400217955846e-09,-6.794466958495339e-12,-1.436131568185929e-10,-8.621317285288016e-12,-1.436131568885536e-10,-1.4361315692868686e-10,-1.623228664190991e-12,-1.43613156863304e-10,-1.436131568185929e-10,-1.4395786194656822e-10,1.2794270873206294e-11,-6.794466665514104e-12,-1.0092586513969228e-12,-1.4381656268446913e-10,-1.4336227074868028e-10,-6.794466866308614e-12,1.355662216515545e-11,1.355662216515545e-11,1.3556622165155567e-11,-4.9384936638879634e-12,-1.4286882979047148e-10,-1.4381656268446913e-10,-4.7140299194836874e-12,-6.794466729290184e-12,-1.820337149938986e-12,2.287746943791754e-08,-9.155420334479024e-13,2.7701490170299102e-08,-8.070188680955963e-12,-3.347243636066068e-12,2.2877469437918017e-08,-6.794466665514104e-12,-3.347243636066068e-12,-4.1557736708147017e-14,-1.4395786189064957e-10,-1.4336227074782456e-10,-1.436131568185929e-10,-1.4483529088703756e-08,-1.4256317969999764e-10,1.3556622149401064e-11,-6.794466866308614e-12,-2.766322834423124e-07,-6.646192395392585e-12,-2.1709711196052927e-11,-6.794466729290184e-12,-1.4361315681340474e-10,-5.138453937408687e-09,-1.2157019176736934e-10,2.287746943791913e-08,1.3556622130370422e-11,-4.803286778125589e-09,2.287746943792168e-08,-1.0092586513969228e-12,-1.436131568885536e-10,-1.428211984393417e-10,1.3090857818841316e-11,1.3556622130370484e-11
-3.8327455665903405e-06,5.379915774477883e-11,5.886975811231911e-13,5.095859190692352e-11,3.771905245000063e-08,-1.480124582945649e-10,-1.7492355404696615e-08,-1.8963919984382547e-08,-1.4973041211389531e-10,-2.0960453249991043e-08,1.4086968545978808e-05,5.352224644052235e-11,2.803287889194346e-08,-5.34320973063579e-08,-1.4973041213814517e-10,-6.779821684229153e-08,-1.4973041204454462e-10,-1.4973041232022246e-10,-6.408743056109845e-12,-1.4973041214917302e-10,-1.497304121744801e-10,-1.5109132541188978e-10,5.051251951487872e-11,-5.3432097306351686e-08,-3.9841557077804336e-12,-1.5053346179964927e-10,-1.4873980700942047e-10,-5.343209730635392e-08,5.352224675556711e-11,5.3522246370789135e-11,5.3522246580714495e-11,-3.8836512019539113e-08,-1.467915876122085e-10,-1.5053346180667938e-10,-3.707134200115507e-08,-5.343209730636237e-08,-7.187023444406649e-12,9.032144321476111e-08,-3.6148428018778688e-12,5.4906612257182605e-11,-6.346429420456337e-08,-1.3215288584096973e-11,9.032144321475966e-08,-5.3432097306357265e-08,-1.321528856918648e-11,-1.642303482696909e-13,-1.5109132536347322e-10,-1.487398070399235e-10,-1.4973041214917302e-10,-5.7181876487578484e-08,-1.455849138266215e-10,5.352224673844143e-11,-5.343209730635074e-08,-2.610118373355783e-07,-5.2266053642035086e-08,-6.155237700948934e-11,-5.3432097306351534e-08,-1.497304121714217e-10,-2.028708252263991e-08,-8.685683248971997e-11,9.032144321476508e-08,5.352224662737794e-11,-1.896391998439386e-08,9.03214432147721e-08,-3.984155733193283e-12,-1.4973041223857687e-10,-1.4660351845294859e-10,5.168338410911203e-11,5.35222465480737e-11
-3.989546145974272e-06,-1.3805349915398067e-07,-7.583575053860807e-13,-1.3076432757553495e-07,-4.859264065132887e-08,-1.8788525376663128e-10,1.131357040865005e-11,1.226533116343196e-11,-1.8567186266492618e-10,1.3556622130370484e-11,5.352224644052235e-11,1.403237968566729e-05,-3.611413454980815e-08,3.455827151200555e-11,-1.8567186264789288e-10,4.38498332106285e-11,-1.8567186253152906e-10,-1.856718625924856e-10,8.256321904272433e-12,-1.8567186259294865e-10,-1.8567186258461049e-10,-1.8391865268791144e-10,-1.2961968758686023e-07,3.45582713518679e-11,5.132424082890541e-12,-1.8463733921946347e-10,-1.8694808789502423e-10,3.455827157946525e-11,-1.373428980286666e-07,-1.373428980286714e-07,-1.3734289802867044e-07,2.511830114005374e-11,-1.8945806161574433e-10,-1.8463733910480292e-10,2.3976656263588582e-11,3.45582713518679e-11,9.258983402997924e-12,-1.1635929235912558e-07,4.657211934028251e-12,-1.408953178177279e-07,4.104679412692498e-11,1.7025076560776278e-11,-1.1635929235912972e-07,3.455827140864352e-11,1.7025076560776278e-11,2.1167549232150898e-13,-1.8391865269258739e-10,-1.8694808791587161e-10,-1.8567186258461049e-10,3.698351085109075e-11,-1.9101255996138426e-10,-1.3734289802869275e-07,3.455827140864352e-11,-4.1781325886580126e-07,3.3804109251566927e-11,-6.461421610458273e-11,3.455827140864352e-11,-1.8567186258461049e-10,1.3121105594697532e-11,-1.227649722563128e-10,-1.1635929235913387e-07,-1.373428980286507e-07,1.2265331136715206e-11,-1.1635929235914533e-07,5.132424156690555e-12,-1.8567186253152906e-10,-1.8970037054840627e-10,-1.326242077587212e-07,-1.3734289802867714e-07
-4.010199855515403e-06,-3.630094187355625e-08,-1.993929908505812e-13,-3.4384308661689775e-08,-1.277725368310905e-08,-4.2700715483820364e-07,5.925551335023665e-09,6.4240459944067535e-09,-2.137886284671314e-10,7.100400217955846e-09,2.803287889194346e-08,-3.611413454980815e-08,1.4160224652740431e-05,1.810024463696582e-08,-2.1378862857454332e-10,2.2967016685914567e-08,-2.1378862851686432e-10,-2.1378862846250594e-10,2.170956129715611e-12,-2.1378862854020917e-10,-2.1378862846250594e-10,-2.1332766273641471e-10,-3.4083258575261954e-08,1.8100244636963507e-08,1.3494746294447994e-12,-2.1351663748182192e-10,-2.141242187017247e-10,1.810024463696323e-08,-3.6114134549813174e-08,-3.6114134549812856e-08,-3.611413454981397e-08,1.3156077951957213e-08,-2.147842761292353e-10,-2.1351663753347108e-10,1.2558135530479899e-08,1.810024463696642e-08,2.4345620160697537e-12,-3.059649270192012e-08,1.224775861377831e-12,-3.704821112933403e-08,2.1498770265334466e-08,4.476675214584041e-12,-3.05964927019198e-08,1.8100244636964463e-08,4.476675214584041e-12,5.5680728271196316e-14,-2.1332766281446417e-10,-2.1412421860285194e-10,-2.1378862850998174e-10,1.9370587569471873e-08,-2.1519301307523521e-10,-3.611413454981923e-08,1.8100244636962988e-08,-4.384613744376179e-07,1.770524677533038e-08,-1.8214404230962838e-10,1.8100244636962753e-08,-2.1378862846250594e-10,6.872318552673972e-09,-3.209591356297301e-11,-3.059649270192347e-08,-3.6114134549807833e-08,6.424045994410199e-09,-3.0596492701924665e-08,1.3494746294447994e-12,-2.1378862850963187e-10,-2.1484800582147412e-10,-3.48733727197032e-08,-3.6114134549815245e-08
-3.836263088902614e-06,3.47370571225974e-11,3.801183875293923e-13,3.2902969894045924e-11,2.4354434643294855e-08,-1.4376406277619435e-10,-5.670251074458725e-12,-6.147269680196606e-12,-1.4487328640550682e-10,-6.794466958495339e-12,-5.34320973063579e-08,3.455827151200555e-11,1.810024463696582e-08,1.4135221013033464e-05,-1.448732864864658e-10,-4.377600355457332e-08,-1.4487328641127545e-10,-1.4487328641127545e-10,-4.137971357578565e-12,-1.448732865011085e-10,-1.448732865011085e-10,-1.4575199660694742e-10,3.2614934791660575e-11,-3.450001348228118e-08,-2.5725429825406245e-12,-1.4539179641805453e-10,-1.442336839513921e-10,-3.45000134822803e-08,3.455827140864352e-11,3.45582713518679e-11,3.455827140864352e-11,-2.507597174189051e-08,-1.4297576745469407e-10,-1.4539179641805453e-10,-2.3936232344623164e-08,-3.4500013482288674e-08,-4.640473087805387e-12,2.9278371058317026e-11,-2.3340131382646237e-12,3.54521223370216e-11,-4.097763126703743e-08,-8.532816374862365e-12,2.927837096427359e-11,-3.450001348228373e-08,-8.532816374862365e-12,-1.0601877972231009e-13,-1.4575199658198934e-10,-1.4423368394146525e-10,-1.4487328649849263e-10,-3.692120535652805e-08,-1.421966370973679e-10,3.455827140864352e-11,-3.450001348228046e-08,-2.645307642073048e-07,-3.374712382690049e-08,-2.4334953125370978e-11,-3.450001348228007e-08,-1.4487328641127545e-10,-6.576193135141655e-12,-1.1968588484934947e-10,2.927837086043241e-11,3.455827140864352e-11,-6.147269853510853e-12,2.927837100299669e-11,-2.5725429825406245e-12,-1.4487328661266692e-10,-1.4285433633182045e-10,3.337095570792576e-11,3.455827140902624e-11
0.9999349047137547,-1.991806526017322e-10,-5.406199149053101e-07,-1.9402736610283307e-10,-1.9548928491840976e-10,0.9998781008186767,-1.434462205144382e-10,-1.424636705286983e-10,0.9998776888439078,-1.436131568185929e-10,-1.4973041213814517e-10,-1.8567186264789288e-10,-2.1378862857454332e-10,-1.448732864864658e-10,0.9998918585638848,-5.998075648711583e-07,0.999877688843907,0.9998776888439064,-1.3665433854338536e-10,0.999877688843906,0.9998776888439064,0.9998778051397196,-1.8467075715944034e-10,-1.4487328652651314e-10,-3.6352159937646013e-07,0.9998778041347515,0.9998778890487078,-1.4487328656270097e-10,-1.8567186268158123e-10,-1.856718625820006e-10,-1.856718627762823e-10,-5.599557797153051e-07,0.9998780660218253,0.9998778041347522,-2.1343467523103198e-10,-1.4487328638574426e-10,-1.264863859903803e-10,-1.9108212664668223e-10,-2.8554707988210775e-06,-1.866215381736345e-10,-1.948104745882436e-10,-1.3493121399035594e-10,-1.9108212660509973e-10,-1.4487328624663652e-10,-1.349312144053852e-10,-1.0198927354936266e-06,0.999877805139719,0.9998778890487076,0.9998776888439078,-1.8050258208449909e-10,0.9998779509639237,-1.8567186276135642e-10,-1.4487328634781625e-10,0.9998772498902471,-1.4383261184310115e-10,0.5130662607379276,-1.4487328656045747e-10,0.9998776888439064,-1.5475107743097594e-10,0.48683031009596683,-1.9108212686149778e-10,-1.8567186286682598e-10,-1.424636706943986e-10,-1.9108212668721343e-10,-3.6352159913664875e-07,0.9998776888439064,0.9998781261576514,-1.7451960729130424e-10,-1.8567186265026347e-10
-4.141053105669323e-06,4.407672325541315e-11,9.6071037366502e-10,4.174947269840926e-11,3.090267362866811e-08,-2.9971477590231665e-10,-7.194859571161599e-12,-7.80013266009753e-12,-5.998075648711623e-07,-8.621317285288016e-12,-6.779821684229153e-08,4.38498332106285e-11,2.2967016685914567e-08,-4.377600355457332e-08,-5.998075648711583e-07,1.4114175661613165e-05,-5.99807564871158e-07,-5.998075648711537e-07,-1.0458553993240056e-08,-5.998075648711647e-07,-5.998075648711532e-07,-3.0223721678905904e-10,4.138405360172629e-11,-4.377600355456894e-08,-3.2642923220649303e-12,-3.017801659229286e-10,-3.003106128083124e-10,-4.3776003554568225e-08,4.384983323278621e-11,4.384983323279567e-11,4.3849833169296455e-11,-3.1817981445077484e-08,-2.9871453547797384e-10,-3.017801659229286e-10,-3.0371786680295796e-08,-4.377600355457778e-08,-1.1728729642517337e-08,3.7150362848806084e-11,-5.898831024548412e-09,4.4984034343058966e-11,-5.1995099903550266e-08,-2.156622998786653e-08,3.715036287470838e-11,-4.377600355457229e-08,-2.156622998786701e-08,-2.6800484793043164e-10,-3.0223721726743646e-10,-3.003106127946964e-10,-5.998075648711567e-07,-4.684802064213065e-08,-5.930425850072405e-07,4.384983315987925e-11,-4.377600355456663e-08,-5.693006165079783e-07,-4.2820682042752533e-08,-2.3079964629654467e-10,-4.377600355456671e-08,-5.998075648711512e-07,-8.344337521012863e-12,-6.924262195532577e-11,3.7150362890751825e-11,4.384983315987925e-11,-7.800132668353587e-12,3.715036280112364e-11,-3.2642922946726706e-12,-5.998075648711532e-07,-2.985604670690689e-10,4.234327836640983e-11,4.3849833228224045e-11
0.9999349047137557,-1.9918065246144275e-10,-5.406199149053101e-07,-1.9402736621399614e-10,-1.9548928487959568e-10,0.999878100818677,-1.4344622051055707e-10,-1.4246367050835116e-10,0.9998776888439078,-1.436131568885536e-10,-1.4973041204454462e-10,-1.8567186253152906e-10,-2.1378862851686432e-10,-1.4487328641127545e-10,0.999877688843907,-5.99807564871158e-07,0.9998918585638829,0.9998776888439074,-1.366543387156799e-10,0.9998776888439058,0.999877688843907,0.9998778051397198,-1.846707571598156e-10,-1.4487328652651314e-10,-3.6352159937645955e-07,0.9998778041347515,0.999877889048708,-1.4487328652116205e-10,-1.856718627026259e-10,-1.856718625606027e-10,-1.8567186265144153e-10,-5.599557797153057e-07,0.999878066021826,0.9998778041347528,-2.1343467522409284e-10,-1.44873286419241e-10,-1.2648638593385253e-10,-1.910821267003614e-10,-2.8554707988210783e-06,-1.8662153817597858e-10,-1.948104745882436e-10,-1.3493121409908826e-10,-1.9108212660509973e-10,-1.448732863658392e-10,-1.349312144053852e-10,-1.0198927354936247e-06,0.9998778051397191,0.9998778890487088,0.9998776888439078,-1.805025820471946e-10,0.999877950963924,-1.8567186276135642e-10,-1.448732863338194e-10,0.9998772498902476,-1.4383261192000744e-10,0.513066260737928,-1.4487328629050132e-10,0.999877688843907,-1.5475107744991266e-10,0.486830310095967,-1.9108212693350985e-10,-1.8567186299636448e-10,-1.4246367065364229e-10,-1.9108212661513925e-10,-3.6352159913664716e-07,0.9998776888439068,0.9998781261576524,-1.7451960714528869e-10,-1.856718627070727e-10
0.9999349047137559,-1.9918065251731115e-10,-5.406199149053099e-07,-1.940273661031699e-10,-1.9548928493114263e-10,0.999878100818677,-1.4344622057528537e-10,-1.4246367059041275e-10,0.9998776888439078,-1.4361315692868686e-10,-1.4973041232022246e-10,-1.856718625924856e-10,-2.1378862846250594e-10,-1.4487328641127545e-10,0.9998776888439064,-5.998075648711537e-07,0.9998776888439074,0.9998918585638829,-1.3665433870809206e-10,0.9998776888439056,0.9998776888439054,0.9998778051397198,-1.846707571065263e-10,-1.448732864440648e-10,-3.635215993764583e-07,0.9998778041347522,0.9998778890487078,-1.4487328662986972e-10,-1.8567186265844202e-10,-1.856718625516112e-10,-1.8567186258443972e-10,-5.599557797153029e-07,0.9998780660218245,0.9998778041347522,-2.1343467525898347e-10,-1.448732862422384e-10,-1.2648638599026612e-10,-1.9108212680004247e-10,-2.855470798821076e-06,-1.86621538159487e-10,-1.9481047448665256e-10,-1.349312141610047e-10,-1.910821265803858e-10,-1.4487328637575236e-10,-1.349312143941858e-10,-1.0198927354936243e-06,0.9998778051397184,0.9998778890487078,0.9998776888439076,-1.8050258208449909e-10,0.9998779509639233,-1.8567186269025698e-10,-1.4487328629317252e-10,0.9998772498902465,-1.4383261189283805e-10,0.5130662607379276,-1.4487328641378768e-10,0.9998776888439054,-1.5475107741916109e-10,0.4868303100959666,-1.910821268567207e-10,-1.856718629544942e-10,-1.4246367054040413e-10,-1.9108212678409888e-10,-3.6352159913664557e-07,0.9998776888439054,0.9998781261576514,-1.745196071946495e-10,-1.8567186273289034e-10
-3.8381887040209095e-06,8.299017050473555e-12,9.082797612899892e-14,7.860853891480821e-12,2.9211129798472347e-12,-1.363893878270712e-10,-1.3546327299682588e-12,-1.4685972058621596e-12,-1.3665433862174296e-10,-1.623228664190991e-12,-6.408743056109845e-12,8.256321904272433e-12,2.170956129715611e-12,-4.137971357578565e-12,-1.3665433854338536e-10,-1.0458553993240056e-08,-1.366543387156799e-10,-1.3665433870809206e-10,1.4167751461086682e-05,-1.3665433861282567e-10,-1.3665433866973105e-10,-1.368642652553483e-10,7.792013473779217e-12,-4.137971357578565e-12,-6.147173896935132e-13,-1.3677821230909286e-10,-1.3650155524531266e-10,-4.137971357578565e-12,8.256322049180617e-12,8.256321904272433e-12,8.256321840371306e-12,-3.007665471883401e-12,-1.362010501172269e-10,-1.367782123616488e-10,-2.8709587430483436e-12,-4.1379714352381574e-12,-1.108574119737763e-12,6.994896309575461e-12,-5.575779693773106e-13,8.469860159462981e-12,-4.914933344678889e-12,-4.060451570643137e-09,6.994896287040902e-12,-4.137971511718893e-12,-4.060451570643745e-09,-2.5289608982554533e-14,-1.368642652565764e-10,-1.365015554376326e-10,-1.3665433865182054e-10,-4.4284031734474985e-12,-1.3601489715950902e-10,8.256321904272433e-12,-4.1379714352381275e-12,-2.6645851495608534e-07,-4.047670097707004e-12,1.1739499028674256e-11,-4.1379714352381275e-12,-1.3665433866973105e-10,-1.571088348874484e-12,-1.4819149611074784e-10,6.994896307358637e-12,8.256321840371306e-12,-1.4685969632519147e-12,6.994896304063226e-12,-6.147173896935132e-13,-1.3665433866009338e-10,-1.3617204281109235e-10,7.972662968853592e-12,8.256321920685513e-12
0.9999349047137555,-1.991806526017322e-10,-5.406199149053091e-07,-1.940273661031699e-10,-1.9548928486938062e-10,0.9998781008186755,-1.4344622057466956e-10,-1.424636705842946e-10,0.9998776888439064,-1.43613156863304e-10,-1.4973041214917302e-10,-1.8567186259294865e-10,-2.1378862854020917e-10,-1.448732865011085e-10,0.999877688843906,-5.998075648711647e-07,0.9998776888439058,0.9998776888439056,-1.3665433861282567e-10,0.9998918585638857,0.9998776888439058,0.9998778051397184,-1.846707570872108e-10,-1.4487328637639358e-10,-3.6352159937645764e-07,0.999877804134751,0.9998778890487068,-1.4487328662218947e-10,-1.8567186256507465e-10,-1.8567186263466034e-10,-1.856718625770663e-10,-5.599557797153081e-07,0.9998780660218253,0.999877804134752,-2.134346751808269e-10,-1.4487328638574426e-10,-1.2648638598172765e-10,-1.9108212674453328e-10,-2.855470798821072e-06,-1.866215380611759e-10,-1.948104745882436e-10,-1.349312139939362e-10,-1.9108212660509973e-10,-1.4487328624663652e-10,-1.349312144053852e-10,-1.019892735493624e-06,0.9998778051397174,0.9998778890487082,0.9998776888439064,-1.8050258211158687e-10,0.9998779509639227,-1.8567186276936383e-10,-1.4487328637645332e-10,0.9998772498902468,-1.4383261184310115e-10,0.5130662607379277,-1.4487328651522838e-10,0.999877688843906,-1.5475107739800253e-10,0.48683031009596683,-1.9108212689849082e-10,-1.8567186295515188e-10,-1.4246367065364229e-10,-1.9108212668721343e-10,-3.6352159913664684e-07,0.9998776888439062,0.9998781261576506,-1.7451960718725944e-10,-1.8567186265195855e-10
0.9999349047137561,-1.9918065260960525e-10,-5.406199149053096e-07,-1.940273662021067e-10,-1.9548928479654605e-10,0.9998781008186768,-1.4344622052847662e-10,-1.4246367062971717e-10,0.9998776888439078,-1.436131568185929e-10,-1.497304121744801e-10,-1.8567186258461049e-10,-2.1378862846250594e-10,-1.448732865011085e-10,0.9998776888439064,-5.998075648711532e-07,0.999877688843907,0.9998776888439054,-1.3665433866973105e-10,0.9998776888439058,0.9998918585638831,0.9998778051397194,-1.8467075724128733e-10,-1.4487328652651314e-10,-3.6352159937645733e-07,0.9998778041347515,0.999877889048708,-1.4487328662741557e-10,-1.8567186265760602e-10,-1.856718625516112e-10,-1.8567186259410417e-10,-5.599557797153021e-07,0.9998780660218246,0.9998778041347524,-2.1343467523445263e-10,-1.4487328642659406e-10,-1.2648638589521466e-10,-1.9108212669970725e-10,-2.8554707988210796e-06,-1.8662153817597858e-10,-1.948104745882436e-10,-1.3493121407446002e-10,-1.9108212660509973e-10,-1.4487328637575236e-10,-1.3493121445506034e-10,-1.0198927354936237e-06,0.999877805139719,0.9998778890487088,0.9998776888439074,-1.8050258210067664e-10,0.999877950963924,-1.856718627202543e-10,-1.4487328629317252e-10,0.9998772498902473,-1.4383261196495372e-10,0.5130662607379277,-1.4487328640874265e-10,0.999877688843906,-1.5475107739800253e-10,0.48683031009596683,-1.9108212689849082e-10,-1.85671862793695e-10,-1.4246367062501403e-10,-1.9108212673781142e-10,-3.635215991366465e-07,0.9998776888439058,0.9998781261576509,-1.7451960714938204e-10,-1.8567186265026347e-10
0.9999350222363006,-1.974183842881498e-10,-2.7138877333018487e-10,-3.831605945192506e-07,-1.9486901645806013e-10,0.9998782172266404,-1.4373388631766107e-10,-1.427755366355271e-10,0.9998778051397208,-1.4395786194656822e-10,-1.5109132541188978e-10,-1.8391865268791144e-10,-2.1332766273641471e-10,-1.4575199660694742e-10,0.9998778051397196,-3.0223721678905904e-10,0.9998778051397198,0.9998778051397198,-1.368642652553483e-10,0.9998778051397184,0.9998778051397194,0.9998920910667108,-1.8301615113025472e-10,-1.4575199645063652e-10,-3.6378161185401225e-07,0.9998779203781959,0.9998780054091635,-1.4575199672593317e-10,-1.8391865273639846e-10,-1.839186527629234e-10,-1.8391865275883667e-10,-2.8175402491872684e-10,0.999878182509444,0.9998779203781955,-2.1404435320049707e-10,-1.45751996538759e-10,-1.2672178974250389e-10,-1.8959678360894202e-10,-2.8557069641608243e-06,-1.8482298684631952e-10,-1.9585418605812376e-10,-1.3536409575024044e-10,-1.8959678338964804e-10,-1.4575199645774715e-10,-1.3536409617389546e-10,-1.0199035281141985e-06,0.9998779213467649,0.9998780054091643,0.9998778051397208,-1.8144297745200905e-10,0.9998780675302641,-1.8391865292741168e-10,-1.4575199648779198e-10,0.9998773674057769,-1.4469214687906761e-10,0.5130663814190285,-1.4575199662090537e-10,0.9998778051397191,-1.5508471360209647e-10,0.48683030579916864,-1.8959678361969681e-10,-1.8391865304387354e-10,-1.4277553664006528e-10,-1.8959678340996225e-10,-3.637816116141999e-07,0.9998778051397191,0.9998782426575522,-1.7282663184538392e-10,-1.83918652716845e-10
-3.984854517139037e-06,-1.3029030962190834e-07,-1.4256180539728464e-09,-1.2341105509424515e-07,-4.5860085052606244e-08,-1.8675967549567757e-10,1.0677346903524097e-11,1.1575587920785058e-11,-1.8467075715944034e-10,1.2794270873206294e-11,5.051251951487872e-11,-1.2961968758686023e-07,-3.4083258575261954e-08,3.2614934791660575e-11,-1.8467075715944034e-10,4.138405360172629e-11,-1.846707571598156e-10,-1.846707571065263e-10,7.792013473779217e-12,-1.846707570872108e-10,-1.8467075724128733e-10,-1.8301615113025472e-10,1.4047391601036506e-05,3.2614934822412585e-11,4.843773756322743e-12,-1.8369442207503295e-10,-1.858752218950503e-10,3.2614934686635346e-11,-1.2961968758687712e-07,-1.2961968758687842e-07,-1.2961968758688064e-07,2.370583408875007e-11,-1.8824404136022254e-10,-1.83694422031355e-10,4.507286025641602e-08,3.2614934791660575e-11,8.738267545132013e-12,-1.0981604307672448e-07,4.3953513326859504e-12,-1.3297233326247836e-07,7.716236351358942e-08,1.6067663988903425e-11,-1.0981604307672448e-07,3.2614934654979965e-11,1.6067664110472483e-11,1.9977533691143044e-13,-1.8301615114369535e-10,-1.858752217682408e-10,-1.8467075715944034e-10,3.490381559547112e-11,-1.897111186889149e-10,-1.2961968758690296e-07,3.261493479154352e-11,-4.1312158101923003e-07,3.190318185760198e-11,-1.166397064011178e-10,3.2614934791660575e-11,-1.846707571305626e-10,1.2383251077772978e-11,-6.964249336536876e-11,-1.0981604307673149e-07,-1.2961968758685865e-07,1.1575587920785058e-11,-1.0981604307674328e-07,4.843773788524199e-12,-1.8467075715944034e-10,-1.8847272627338516e-10,-1.2516636250286153e-07,-1.2961968758688385e-07
-3.836263088909986e-06,3.4737057115721044e-11,3.8011836417580664e-13,3.290296987297152e-11,2.4354434643292066e-08,-1.4376406280265257e-10,-5.670251074458785e-12,-6.1472697778544656e-12,-1.448732864891361e-10,-6.794466665514104e-12,-5.3432097306351686e-08,3.45582713518679e-11,1.8100244636963507e-08,-3.450001348228118e-08,-1.4487328652651314e-10,-4.377600355456894e-08,-1.4487328652651314e-10,-1.448732864440648e-10,-4.137971357578565e-12,-1.4487328637639358e-10,-1.4487328652651314e-10,-1.4575199645063652e-10,3.2614934822412585e-11,1.4135221013033464e-05,-2.572542988924657e-12,-1.4539179631723447e-10,-1.4423368387520673e-10,-3.450001348227776e-08,3.4558271479686585e-11,3.455827140864352e-11,3.4558271409269326e-11,-2.507597174188772e-08,-1.4297576736776856e-10,-1.453917962852268e-10,-2.393623234461974e-08,-3.4500013482283896e-08,-4.640473087805387e-12,2.9278370860529605e-11,-2.3340130548492787e-12,3.545212228427112e-11,-4.097763126703097e-08,-8.532816370640844e-12,2.927837096427359e-11,-3.4500013482280707e-08,-8.532816361966193e-12,-1.0601881523473202e-13,-1.457519964860617e-10,-1.442336838962743e-10,-1.4487328633404335e-10,-3.692120535652176e-08,-1.421966370330945e-10,3.455827140864352e-11,-3.450001348227664e-08,-2.6453076401930697e-07,-3.3747123826896745e-08,-2.4334953471942426e-11,-3.450001348227624e-08,-1.448732864891361e-10,-6.576193135141655e-12,-1.1968588462395627e-10,2.9278370860615444e-11,3.45582713518679e-11,-6.147269853510853e-12,2.9278370860529605e-11,-2.5725428175405465e-12,-1.4487328652651314e-10,-1.4285433628947625e-10,3.3370955706393036e-11,3.45582713518679e-11
-3.9316887148375795e-06,5.158950757960615e-12,5.614380523848722e-14,4.886556735325409e-12,1.8158063910534537e-12,-1.8233449748908016e-10,-8.422856042998628e-13,-9.131306447896115e-13,-3.6352159937645733e-07,-1.0092586513969228e-12,-3.9841557077804336e-12,5.132424082890541e-12,1.3494746294447994e-12,-2.5725429825406245e-12,-3.6352159937646013e-07,-3.2642923220649303e-12,-3.6352159937645955e-07,-3.635215993764583e-07,-6.147173896935132e-13,-3.6352159937645764e-07,-3.6352159937645733e-07,-3.6378161185401225e-07,4.843773756322743e-12,-2.572542988924657e-12,1.416895704909143e-05,-3.6367505404607493e-07,-3.6333242971871554e-07,-2.5725428143816063e-12,5.132424270000393e-12,5.132424157803031e-12,5.1324241266257754e-12,-1.8699847789165423e-12,-1.8221741563783316e-10,-3.6367505404607556e-07,-1.7848997518376408e-12,-2.572542955273729e-12,-6.893609943103802e-13,4.348264713957687e-12,-3.480508197155014e-13,5.265167163604648e-12,-3.055583473258508e-12,-1.2674375714258724e-12,4.348264685885775e-12,-2.5725429552749558e-12,-1.2674375713102473e-12,-1.6215058828932643e-14,-3.6378161185401034e-07,-3.633324297187133e-07,-3.6352159937645764e-07,-2.7530948481211957e-12,-1.8210165812484245e-10,5.132424157803031e-12,-2.5725428697938225e-12,-3.5995062659584907e-07,-2.5164092902417497e-12,-1.0920884762916251e-10,-2.5725428697938225e-12,-3.635215993764586e-07,-9.768452558086205e-13,-1.4573178905322572e-07,4.348264684962118e-12,5.132424236865837e-12,-9.131306447896115e-13,4.348264704223871e-12,-7.634658451249666e-10,-3.635215993764551e-07,-1.8219939118167057e-10,4.9560519702837445e-12,5.132424058488923e-12
