0.9999999769251746,-2.6481593829715063e-06,0.999996034160828,-2.6470401078401586e-06,-2.6470778997241903e-06,-2.648572591458119e-06,-2.6481610553372044e-06,0.9999973025269929,-2.8619821729942795e-06,-2.6481879270931857e-06,-2.6490806786030076e-06,0.9999944029499016,0.9999944029498963,0.9999973025269936,0.9999964152179386,-2.648242228412113e-06,-2.648187927035619e-06,-2.6481879263594595e-06,-2.6481879273990184e-06,-2.6479783810354137e-06,0.999994304257125,-2.6482422303190176e-06,0.9999973025269907,-2.647040106663536e-06,0.9999916861948401,0.9999973025269874,0.9999944029498995,-2.703475823558868e-06,0.9999973025269904,-2.646703953438078e-06,-2.6481879263714603e-06,-2.677881657710565e-06,0.9999964152179348,-2.6946446855279906e-06,-2.7858368969248876e-06,0.9999960341608324,0.9999925919126745,-2.6489939272109134e-06,0.9999916875068581,0.9999951219889208,-2.648475773417872e-06,-2.6778816578744663e-06,-2.647040106891734e-06,-2.6946446852335242e-06,0.9999959771364998,-2.6470401070362697e-06,0.9999973025269888,0.9999923466750533,-2.6470401094007257e-06,-2.861669858217625e-06,0.9999973025269877,0.9999973025269904,-2.705390341717032e-06,-2.648572591956517e-06,-2.646739573052902e-06,-2.677881657846933e-06,-2.646703953441733e-06,-2.6489939267888635e-06,0.9999917484267279,-2.781966148332541e-06,-2.7819661474324916e-06,0.9999973025269877,-2.646703952160105e-06,-2.6778816578194236e-06,-2.647040107221025e-06,-2.708486351478193e-06,-2.648187927476647e-06,-2.677881658036413e-06,-2.6489939283741175e-06,0.9999925919126748,0.9999949717610592,0.999992625243971,-2.862167587089646e-06,-2.6481879273735287e-06,0.9999973025269874,-2.677881658160697e-06,0.9999944029499018,0.9999973025269897,0.9999973025269928,-2.6487261003101783e-06,-2.6470401072705293e-06,-2.648475774830195e-06,-2.6470401068931457e-06,-2.6467039533601676e-06,0.9999944029499002,-2.694644685617957e-06,-2.6778816581345393e-06,0.9999960341608302,-2.647040107234179e-06,-2.646703953414135e-06,-2.70539034359804e-06,0.999995188450307,-2.7053903446014875e-06,0.9999919778654217,0.999994402949903,-2.6467039534501856e-06,0.9999916875068553,0.9999916875068615,-2.6470401074056133e-06,-2.781966146796179e-06,-2.6778816586942112e-06,-2.6482422275885137e-06,-2.6946446860586283e-06,-2.648161055343856e-06,0.9999973025269894,-2.703475823641367e-06,-2.647040109400699e-06,-2.6778816578481253e-06,0.9999949310260644,-2.647040108316758e-06,-2.6470401075322706e-06,-2.7053903439715593e-06,-2.7053903427299263e-06,-2.6470401072277055e-06,-2.6778816581355003e-06,-2.6778816574162075e-06,-2.6470401068247854e-06,0.9999916875068577,-2.647040107543846e-06,-2.6752094529861503e-06,0.9999944029499026,0.9999951884503108,0.9999916875068638,0.9999964152179361,0.9999916875068626,-2.6946446857149002e-06,0.9999944029498987,-2.647040107166545e-06,0.9999944029499026,0.9999973025269867,-2.6778816574132365e-06,-2.646787360649693e-06,0.9999944029498963,-2.646873272406466e-06,0.999997302526992,-2.6467546010892974e-06,-2.6487191992718044e-06,-2.647040107515577e-06,-2.6479783809480563e-06,-2.6470401078215984e-06,-2.6470401093126635e-06,-2.6479783811470815e-06,-2.677881658611243e-06,-2.647040107803735e-06,0.999995188450307
-2.6481593829715063e-06,-8.560382965559751e-06,-4.9407795509094894e-11,4.463480571340289e-18,8.825160423746363e-15,4.466673553343014e-18,9.013396095225951e-15,-4.9407857804278066e-11,1.4212710857598895e-17,4.467302934747005e-18,4.618223844318745e-18,-4.9407715429940474e-11,-4.940771544799918e-11,-4.940785783209372e-11,-4.940781423657244e-11,9.069219555129448e-15,4.5012916942332315e-18,4.4713744905457494e-18,4.4634695206392664e-18,8.881349117794615e-15,-4.940771059448902e-11,9.069219783789186e-15,-4.9407857804933814e-11,4.406388788829734e-18,-4.9407582046559063e-11,-4.940785783209372e-11,-4.940771545939409e-11,6.966856483562912e-18,-4.940785779350943e-11,4.402215668607218e-18,4.5012916942332315e-18,5.810699227539493e-18,-4.9407814205427674e-11,6.608319929240742e-18,1.0695523093738122e-17,-4.940779550853475e-11,-4.940762652392904e-11,4.509398354740252e-18,-4.9407582120953484e-11,-4.940775075079534e-11,8.76231365699024e-15,5.810687171411337e-18,4.453481205418283e-18,6.624561072327436e-18,-4.940779272224361e-11,4.436344462602092e-18,-4.940785783862409e-11,-4.9407614485175285e-11,4.438327590151654e-18,1.4217212657857168e-17,-4.9407857804075356e-11,-4.940785778389665e-11,7.055013661849116e-18,4.425370297440293e-18,4.401908512221733e-18,5.807816281966349e-18,4.393014763100455e-18,4.509398354740252e-18,-9.864920917841055e-08,1.0483904381242795e-17,1.0578723855171661e-17,-4.940785781144913e-11,4.40129006273856e-18,5.807816281966349e-18,4.438327590151654e-18,7.149337848395863e-18,4.540674201929201e-18,5.805943994417786e-18,4.5152894623197614e-18,-4.9407626526689755e-11,-4.940774336828802e-11,-4.940762816356773e-11,1.4314584675078392e-17,4.467302934747005e-18,-4.9407857881613457e-11,5.8558765072849576e-18,-4.9407715439674936e-11,-4.9407857814054954e-11,-4.940785781144913e-11,8.993310590118419e-15,4.44495543486443e-18,8.762313716256462e-15,4.393227269691173e-18,4.391439365054475e-18,-4.940771544796083e-11,6.5604220424327035e-18,5.807816281966349e-18,-4.940779551100554e-11,4.393227269691173e-18,4.40129006273856e-18,7.040986939713148e-18,-4.940775400160245e-11,7.040986939713148e-18,-4.940759637066067e-11,-4.940771544520809e-11,4.391455648297811e-18,-4.9407582134974577e-11,-4.940758211300272e-11,4.463911182983672e-18,1.0488509500825307e-17,5.805943994417786e-18,9.069219224479537e-15,6.624561072327436e-18,9.013396057941325e-15,-4.940785778389665e-11,6.9313061558170875e-18,4.44495543486443e-18,5.801367072129148e-18,-4.9407741360145064e-11,4.423289200228157e-18,4.436344462602092e-18,7.040986939713148e-18,7.038911116036396e-18,4.421392695087566e-18,5.807816281966349e-18,5.807816281966349e-18,4.44495543486443e-18,-4.9407582140476303e-11,4.44495543486443e-18,5.669247843955972e-18,-4.940771544506669e-11,-4.940775398530066e-11,-4.940758212766785e-11,-4.940781422416869e-11,-4.9407582140476303e-11,6.5299561544614734e-18,-4.940771543887928e-11,4.44495543486443e-18,-4.940771545939409e-11,-4.940785783731736e-11,5.810687171411337e-18,8.845433745235987e-15,-4.94077154378971e-11,4.2812235684535885e-18,-4.940785781144913e-11,8.814211561516493e-15,9.014025947015077e-15,4.442726316628609e-18,8.881349043691344e-15,4.436344462602092e-18,4.421392695087563e-18,8.881349153808273e-15,5.807816281966349e-18,4.468143361780331e-18,-4.940775399554191e-11
0.999996034160828,-4.9407795509094894e-11,1.0000075325283762,-4.884720607158024e-11,-4.886613426818318e-11,-4.9614750929468286e-11,-4.940863387767477e-11,1.000017361299696,-3.1247639901527546e-07,-4.94220911019402e-11,-4.986922665100162e-11,1.0000144616715805,1.000014461671576,1.0000173612996985,1.000016473975026,-4.944928850298263e-11,-4.9422091775736545e-11,-4.94220910160289e-11,-4.942209148682735e-11,-4.93171406967792e-11,1.0000143629770721,-4.944928925995411e-11,1.0000173612996972,-4.884720618837682e-11,1.0000117448687105,1.000017361299692,1.0000144616715783,-7.711306398029032e-11,1.000017361299695,-4.867884355055321e-11,-4.9422091549417926e-11,-6.429421383922138e-11,1.0000164739750246,-7.268998362939455e-11,-2.3632971142710126e-07,1.000016092911216,1.0000126506024798,-4.9825778643074536e-11,1.0000117461807496,1.0000151807232551,-4.9566259452612243e-11,-6.429421367020259e-11,-4.884720654831374e-11,-7.268998358973275e-11,1.0000160358858814,-4.88472065073429e-11,1.0000173612996972,1.000012405360544,-4.88472076666307e-11,-3.1216408532812003e-07,1.000017361299694,1.0000173612996957,-7.80719535785964e-11,-4.961475136634668e-11,-4.86966841192729e-11,-6.429421379591682e-11,-4.8678843656583e-11,-4.9825778412942317e-11,1.0000118071016892,-2.3245889577939567e-07,-2.3245889533653142e-07,1.0000173612996954,-4.867884352151856e-11,-6.429421365279522e-11,-4.8847206327868856e-11,-7.962258896676155e-11,-4.942209150035254e-11,-6.429421378473575e-11,-4.9825778969244155e-11,1.0000126506024818,1.0000150304927506,1.0000126839343657,-3.1266181930684396e-07,-4.942209123535635e-11,1.0000173612996934,-6.429421389781572e-11,1.000014461671581,1.000017361299696,1.0000173612996983,-4.9691637143835903e-11,-4.884720634161759e-11,-4.956625952361398e-11,-4.884720674238955e-11,-4.8678843879052764e-11,1.0000144616715785,-7.268998364221509e-11,-6.429421388236469e-11,1.000016092911213,-4.884720640326741e-11,-4.867884378927878e-11,-7.807195357115363e-11,1.0000152471858104,-7.807195367105895e-11,1.0000120365444243,1.000014461671582,-4.867884399496554e-11,1.0000117461807474,1.000011746180751,-4.884720610381949e-11,-2.3245889535646018e-07,-6.42942136770203e-11,-4.944928764923575e-11,-7.268998349903872e-11,-4.9408633813863205e-11,1.0000173612996948,-7.711306372321057e-11,-4.884720754617884e-11,-6.429421363413667e-11,1.0000149897570378,-4.884720690372601e-11,-4.884720681835409e-11,-7.807195364937817e-11,-7.807195329524774e-11,-4.884720611273209e-11,-6.429421387553428e-11,-6.429421364656756e-11,-4.8847206511433204e-11,1.0000117461807496,-4.884720619723547e-11,-6.295584018484104e-11,1.0000144616715814,1.0000152471858144,1.0000117461807532,1.0000164739750246,1.0000117461807505,-7.268998374163297e-11,1.0000144616715783,-4.8847206373332635e-11,1.0000144616715805,1.0000173612996912,-6.429421373229494e-11,-4.87206184646561e-11,1.000014461671576,-4.8763647060167e-11,1.0000173612996985,-4.870421102116666e-11,-4.968818100671166e-11,-4.8847206728672857e-11,-4.931714053422557e-11,-4.8847206052767817e-11,-4.884720747304585e-11,-4.931714079812724e-11,-6.429421397849214e-11,-4.884720616078803e-11,1.0000152471858104
-2.6470401078401586e-06,4.463480571340289e-18,-4.884720607158024e-11,-8.560382965604757e-06,8.716393167960107e-15,4.4751552638320256e-18,4.401211541689303e-18,-4.8847267654420313e-11,1.404932884666221e-17,4.436928194772508e-18,4.455382204897639e-18,-4.884712689100511e-11,-4.884712688410058e-11,-4.884726766271798e-11,-4.884722457395084e-11,4.416654205187435e-18,4.4066592301743e-18,4.427190348522311e-18,4.403710013456283e-18,4.4197300364878464e-18,-4.8847122109189525e-11,4.437142827894524e-18,-4.8847267646456807e-11,8.712556968665249e-15,-4.8846995040551995e-11,-4.8847267642197085e-11,-4.8847126897429566e-11,6.904966645138521e-18,-4.884726763350152e-11,8.67767068980041e-15,4.432001375046493e-18,5.73858318785462e-18,-4.88472245604365e-11,6.4990814557699404e-18,1.0592552789211861e-17,-4.88472060745314e-11,-4.8847038998529087e-11,8.886676810013355e-15,-4.88469951041797e-11,-4.884716179705069e-11,4.419753512191086e-18,5.7763612808629476e-18,8.712557072413855e-15,6.510679683912229e-18,-4.884720332117724e-11,8.712557048328767e-15,-4.8847267656274755e-11,-4.884702711931117e-11,8.712557446010532e-15,1.4009203297946956e-17,-4.884726766356006e-11,-4.8847267653273014e-11,6.953470191065099e-18,4.44020215575002e-18,8.681295623992558e-15,5.759501406440449e-18,8.677670747197722e-15,8.886676752745928e-15,-9.752991809857498e-08,1.0405926037108726e-17,1.0405926037108726e-17,-4.8847267646456807e-11,8.677670677845067e-15,5.7674949192498116e-18,8.712556931458926e-15,7.126312125490525e-18,4.411877520873592e-18,5.759501406440449e-18,8.886676904501754e-15,-4.8847038999355343e-11,-4.88471545184711e-11,-4.884704062624888e-11,1.402505498290066e-17,4.411877520873592e-18,-4.884726765627474e-11,5.7560249999055995e-18,-4.884712689286644e-11,-4.8847267650771245e-11,-4.884726764050598e-11,8.857738120296725e-15,8.712556961869154e-15,4.421295585432703e-18,8.712557132707928e-15,8.677670819780138e-15,-4.8847126881489666e-11,6.52882844937986e-18,5.7674949192498116e-18,-4.8847206063066105e-11,8.71255695528357e-15,8.677670789180232e-15,6.953470191065099e-18,-4.884716502980681e-11,6.969356909556312e-18,-4.884700920804844e-11,-4.884712689366368e-11,8.677670855517398e-15,-4.88469950993642e-11,-4.8846995109061924e-11,8.712556870465764e-15,1.0405926037108726e-17,5.759615778059054e-18,4.428729720202777e-18,6.52762550004279e-18,4.418369681415125e-18,-4.8847267653273014e-11,6.875390725825494e-18,8.71255740503575e-15,5.7560249999055995e-18,-4.884715251695213e-11,8.712557198851122e-15,8.71255710743555e-15,6.958330321738963e-18,6.943056929188926e-18,8.712556869936475e-15,5.739497691936455e-18,5.764630510352916e-18,8.712557032354122e-15,-4.8846995106078904e-11,8.712556881246855e-15,1.1203271143272555e-14,-4.8847126887828383e-11,-4.8847165028843e-11,-4.8846995109065523e-11,-4.884722457128205e-11,-4.884699510492431e-11,6.510679683912229e-18,-4.884712689335767e-11,8.712556943663644e-15,-4.884712687714909e-11,-4.884726765651004e-11,5.7391572945782015e-18,8.686716685927277e-15,-4.884712689794683e-11,8.69351771694295e-15,-4.8847267649584874e-11,8.682129715329572e-15,8.858359826504404e-15,8.71255708219589e-15,4.418372097320893e-18,8.712556878459663e-15,8.712557372427109e-15,4.423396343663941e-18,5.7446727067657984e-18,8.712556903953243e-15,-4.884716502699136e-11
-2.6470778997241903e-06,8.825160423746363e-15,-4.886613426818318e-11,8.716393167960107e-15,-8.560382965540967e-06,4.490598953079201e-18,4.437521111269447e-18,-4.8866195842188986e-11,1.4043177167436775e-17,4.456829857012803e-18,4.516042342460195e-18,-4.886605506578819e-11,-4.8866055050881694e-11,-4.886619585453627e-11,-4.886615277378111e-11,4.4644437819440554e-18,4.423803505860465e-18,4.434547361979355e-18,4.449509054161996e-18,4.4441664119241745e-18,-4.8866050278941855e-11,4.461104235963391e-18,-4.886619584473587e-11,8.716393246267007e-15,-4.886592315594915e-11,-4.886619585038776e-11,-4.886605504935558e-11,6.892086377923759e-18,-4.886619584674126e-11,8.682702776288941e-15,4.436578855447862e-18,5.746325740903812e-18,-4.886615277819054e-11,6.499153683605126e-18,1.0621592422298714e-17,-4.886613426880553e-11,-4.8865967134162504e-11,8.890716751889047e-15,-4.886592322597274e-11,-4.8866089967940664e-11,4.477429556179415e-18,5.721490439909449e-18,8.716393350029753e-15,6.4918555104807854e-18,-4.8866131500807245e-11,8.716393325950117e-15,-4.886619585038776e-11,-4.886595522056721e-11,8.716393723683443e-15,1.4012961799224202e-17,-4.886619585090491e-11,-4.886619583900983e-11,6.995929462900471e-18,4.440532750186557e-18,8.685983608246043e-15,5.73654558164553e-18,8.682702833682933e-15,8.890716694596005e-15,-9.756771074785645e-08,1.0400957781237398e-17,1.0399229885374112e-17,-4.886619583900983e-11,8.682702764334775e-15,5.721490439909449e-18,8.716393209101048e-15,7.126704365667712e-18,4.423803505860465e-18,5.730719387323222e-18,8.890716846401301e-15,-4.886596713613139e-11,-4.88660826797128e-11,-4.886596875681031e-11,1.4042525185180498e-17,4.4651561086513585e-18,-4.886619585271222e-11,5.730722759292409e-18,-4.8866055043828526e-11,-4.886619584794945e-11,-4.886619584794945e-11,8.858149954042151e-15,8.716393239493232e-15,4.430084998691236e-18,8.716393410331734e-15,8.682702906283599e-15,-4.886605504174251e-11,6.495983823741588e-18,5.730722759292409e-18,-4.886613427849499e-11,8.716393232927727e-15,8.682702875677724e-15,6.975773136248726e-18,-4.8866093200620756e-11,6.999744900311753e-18,-4.8865937314229224e-11,-4.886605504368576e-11,8.682702942023901e-15,-4.886592321864557e-11,-4.886592321864557e-11,8.716393148083248e-15,1.0400957781545955e-17,5.730719387323222e-18,4.429868722276717e-18,6.495983823741588e-18,4.414237349625047e-18,-4.886619583900983e-11,6.891716303026797e-18,8.716393682699804e-15,5.73654558164553e-18,-4.886608070459891e-11,8.716393476477598e-15,8.716393385090825e-15,6.983379365308776e-18,6.965131540534298e-18,8.716393147565134e-15,5.73654558164553e-18,5.73654558164553e-18,8.716393309983037e-15,-4.886592322068976e-11,8.716393158883674e-15,1.121232557440802e-14,-4.886605506879245e-11,-4.8866093206687705e-11,-4.886592322152474e-11,-4.886615277355187e-11,-4.886592322373568e-11,6.4918555104807854e-18,-4.886605504509203e-11,8.716393221310747e-15,-4.8866055043828526e-11,-4.886619585038776e-11,5.7433855314353536e-18,8.688009056752478e-15,-4.8866055067309275e-11,8.697347396149734e-15,-4.886619583900983e-11,8.684048205178595e-15,8.858109235176175e-15,8.716393359852692e-15,4.437581300697169e-18,8.716393156068159e-15,8.716393650096221e-15,4.415586142970896e-18,5.7433855314359645e-18,8.716393181577921e-15,-4.886609321294043e-11
-2.648572591458119e-06,4.466673553343014e-18,-4.9614750929468286e-11,4.4751552638320256e-18,4.490598953079201e-18,-8.560382965506969e-06,4.444424968551962e-18,-4.9614813495820463e-11,1.4227610860867282e-17,4.6398512637184065e-18,4.494137423304962e-18,-4.961467054822066e-11,-4.961467054135746e-11,-4.9614813452895354e-11,-4.961476977187579e-11,4.2616799928333265e-18,4.6398512637184065e-18,4.488312732193741e-18,4.476023629023401e-18,8.8830509232679e-15,-4.961466567778101e-11,4.346271106550831e-18,-4.96148134778666e-11,4.442630273887154e-18,-4.961453659121357e-11,-4.961481349883167e-11,-4.96146705538575e-11,7.021854569212695e-18,-4.961481350649296e-11,4.411494366441074e-18,4.5110375220032145e-18,5.899136507917621e-18,-4.961476977187579e-11,6.6118813156676065e-18,1.0803516179720446e-17,-4.9614750932412817e-11,-4.961458123474953e-11,4.576260709476371e-18,-4.9614536638260534e-11,-4.9614705994563446e-11,9.305518129695318e-15,5.908229360294685e-18,4.438911718488693e-18,6.6118813156676065e-18,-4.961474812524347e-11,4.452587067806544e-18,-4.9614813557093325e-11,-4.961456918652376e-11,4.441055681866823e-18,1.4287064521450602e-17,-4.9614813446257436e-11,-4.961481344637736e-11,7.0851125264182e-18,9.142225214122972e-15,4.42805766695074e-18,5.899136507917621e-18,4.417916795968732e-18,4.576260709476371e-18,-9.906242310600255e-08,1.0529370087319859e-17,1.0538020999419962e-17,-4.961481346554449e-11,4.420201443803928e-18,5.912456127677128e-18,4.4426302741787555e-18,7.26798936337618e-18,4.6398512669208636e-18,5.899136507917621e-18,4.587508065979909e-18,-4.9614581235609316e-11,-4.96146985981101e-11,-4.961458287191216e-11,1.4269368883510433e-17,4.6398512669208636e-18,-4.961481350649296e-11,5.908229360294685e-18,-4.961467054072891e-11,-4.9614813446257436e-11,-4.9614813517358877e-11,4.5147467320128114e-18,4.439636613408165e-18,9.305518188557384e-15,4.4311335787184145e-18,4.420288090392056e-18,-4.961467055684183e-11,6.6118813156676065e-18,5.844309375272299e-18,-4.961475091002124e-11,4.434468261655399e-18,4.405821623476437e-18,7.10147868201924e-18,-4.9614709270043174e-11,7.099308393989755e-18,-4.961455101291392e-11,-4.961467056098522e-11,4.420201443803928e-18,-4.9614536646624545e-11,-4.9614536641268466e-11,4.463833532328095e-18,1.0538020999419962e-17,5.912456127677128e-18,4.279048290236229e-18,6.6118813156676065e-18,4.420377279917537e-18,-4.961481344661177e-11,6.953423160587718e-18,4.463833532328095e-18,5.893467604340216e-18,-4.9614696574718156e-11,4.495847089321935e-18,4.439636613408165e-18,7.106102701442594e-18,7.0851125264182e-18,4.439636613408165e-18,5.912456127677128e-18,5.9012725916435536e-18,4.439636613408165e-18,-4.9614536689384994e-11,4.439636613408165e-18,5.6762173311929875e-18,-4.961467054135746e-11,-4.9614709272292104e-11,-4.9614536661265965e-11,-4.96147697738324e-11,-4.9614536677296505e-11,6.6118813156676065e-18,-4.9614670553579863e-11,4.44020215575002e-18,-4.961467054135746e-11,-4.961481350649296e-11,5.893467604340216e-18,4.3825906969578174e-18,-4.961467055684183e-11,8.912176549381674e-15,-4.9614813452895354e-11,4.502606853206366e-18,4.492642636020299e-18,4.438911718488693e-18,8.883050849357013e-15,4.438911718488693e-18,4.441055681866823e-18,8.883050959363705e-15,5.844309375272299e-18,4.438911718488693e-18,-4.9614709270043174e-11
-2.6481610553372044e-06,9.013396095225951e-15,-4.940863387767477e-11,4.401211541689303e-18,4.437521111269447e-18,4.444424968551962e-18,-8.560382965549542e-06,-4.9408696172991885e-11,1.4122333852144087e-17,4.482386093950909e-18,4.5789139866234725e-18,-4.940855380671257e-11,-4.940855380896272e-11,-4.940869619355018e-11,-4.940865259744936e-11,9.072085305571592e-15,4.423306489181824e-18,4.423306489181824e-18,4.521684613787641e-18,8.880806834911813e-15,-4.940854895629702e-11,9.072085534227008e-15,-4.940869612361945e-11,4.393505861729398e-18,-4.9408420414118816e-11,-4.940869613310212e-11,-4.940855380786851e-11,6.982885229413983e-18,-4.940869613355597e-11,4.403509651900287e-18,4.417756373064515e-18,5.813545286464722e-18,-4.940865255293658e-11,6.611112088991359e-18,1.0676707211531664e-17,-4.940863385675774e-11,-4.940846488845585e-11,4.575070644360571e-18,-4.9408420495785667e-11,-4.94085891040908e-11,8.758061143334232e-15,5.813545286464722e-18,4.425745239542696e-18,6.539267604532472e-18,-4.940863106900089e-11,4.411503178930537e-18,-4.9408696164373645e-11,-4.940845284240279e-11,4.394758360547807e-18,1.419458736331178e-17,-4.940869612887655e-11,-4.940869618516155e-11,7.062263069745676e-18,4.479870551640744e-18,4.397026558165491e-18,5.813545286464722e-18,4.396939104297222e-18,4.528635830145548e-18,-9.865088308102884e-08,1.0499658578696737e-17,1.0499658578696737e-17,-4.940869618838116e-11,4.398721847663928e-18,5.813545286464722e-18,4.393505861729398e-18,7.235851585104336e-18,4.423306489181824e-18,5.839379877747155e-18,4.5434747003386724e-18,-4.9408464884919983e-11,-4.94085817310233e-11,-4.940846652591337e-11,1.42635143009805e-17,4.368431034572636e-18,-4.940869613846007e-11,5.8178825174263015e-18,-4.940855381476267e-11,-4.940869613355597e-11,-4.940869612887655e-11,8.99405308895843e-15,4.394758360547807e-18,8.758061202593496e-15,4.392242509357711e-18,4.398721847663928e-18,-4.940855380643525e-11,6.5751894367279135e-18,5.813545286464722e-18,-4.940863388454394e-11,4.396007512973377e-18,4.3957577459920654e-18,7.078069197698376e-18,-4.940859235801679e-11,7.058641550455603e-18,-4.940843475345964e-11,-4.940855380471924e-11,4.3924459900423934e-18,-4.9408420482966416e-11,-4.940842049912085e-11,4.393505861729398e-18,1.0567399588573861e-17,5.813545286464722e-18,9.07208497492741e-15,6.622738305796909e-18,9.015238330100691e-15,-4.9408696164373645e-11,6.955985606556189e-18,4.420930806706304e-18,5.7707219616791376e-18,-4.940857975073756e-11,4.393505861729398e-18,4.405009744240024e-18,7.0424099748559e-18,7.080189127757687e-18,4.425817452969837e-18,5.813545286464722e-18,5.813545286464722e-18,4.4257452395427074e-18,-4.940842049135045e-11,4.396007512973377e-18,5.639096657006648e-18,-4.940855379590726e-11,-4.940859236714956e-11,-4.940842049135045e-11,-4.940865259744936e-11,-4.940842049925724e-11,6.622738305796909e-18,-4.9408553800971284e-11,4.396007512973377e-18,-4.940855380476905e-11,-4.940869613846007e-11,5.8408917660683225e-18,8.84667346205393e-15,-4.940855380111283e-11,4.3970916132686106e-18,-4.9408696164373645e-11,8.814906144475106e-15,9.015169897090341e-15,4.420930806706304e-18,8.880806760812956e-15,4.393505861729398e-18,4.3935058617294065e-18,8.880806870925735e-15,5.7707219616791376e-18,4.392242509357711e-18,-4.94085923670642e-11
0.9999973025269929,-4.9407857804278066e-11,1.000017361299696,-4.8847267654420313e-11,-4.8866195842188986e-11,-4.9614813495820463e-11,-4.9408696172991885e-11,1.0000100693069518,-1.5650124180453757e-10,-4.9422153399586337e-11,-4.986928950641927e-11,1.0000157300579966,1.0000157300579917,1.000018629689789,1.000017742363996,-4.944935082124839e-11,-4.9422154050223064e-11,-4.942215329552062e-11,-4.9422153753889565e-11,-4.9317202853028105e-11,1.0000156313633612,-4.944935157606898e-11,1.0000186296897884,-4.88472677764394e-11,1.0000130132516838,1.0000186296897842,1.000015730057995,-7.711316107837579e-11,1.0000186296897864,-4.8678904906191917e-11,-4.942215384603485e-11,-6.429429488944917e-11,1.0000177423639918,-7.269007527759113e-11,-1.183637977444996e-10,1.0000173612997008,1.0000139189866015,-4.9825841435758954e-11,1.0000130145637223,1.0000164491105825,-4.956632193563981e-11,-6.429429473439968e-11,-4.8847268133197725e-11,-7.269007517437534e-11,1.0000173042742926,-4.8847268086099896e-11,1.0000186296897886,1.0000136737443543,-4.8847269230908856e-11,-1.563448220064795e-10,1.0000186296897855,1.000018629689787,-7.807205196130506e-11,-4.9614813920151406e-11,-4.869674547685258e-11,-6.429429482622888e-11,-4.867890501325576e-11,-4.98258411973273e-11,1.0000130754847405,-1.1642513147705545e-10,-1.164251312519979e-10,1.000018629689787,-4.867890486850049e-11,-6.429429470826972e-11,-4.8847267910244084e-11,-7.962268920489805e-11,-4.942215379434704e-11,-6.429429484273903e-11,-4.982584176410478e-11,1.0000139189866017,1.0000162988798882,1.0000139523185287,-1.5659410800885147e-10,-4.942215350118522e-11,1.0000186296897857,-6.42942949490735e-11,1.0000157300579968,1.0000186296897884,1.0000186296897904,-4.9691699766773936e-11,-4.884726792226126e-11,-4.9566322019463734e-11,-4.884726831860676e-11,-4.867890523296146e-11,1.000015730057996,-7.269007530144918e-11,-6.429429494761478e-11,1.000017361299697,-4.884726796959693e-11,-4.867890514379522e-11,-7.807205198340759e-11,1.0000165155732232,-7.807205205834793e-11,1.0000133049277666,1.0000157300579986,-4.867890534366326e-11,1.0000130145637207,1.0000130145637245,-4.884726766260402e-11,-1.1642513125079945e-10,-6.429429473524516e-11,-4.9449349987939947e-11,-7.26900751164212e-11,-4.9408696079734444e-11,1.0000186296897855,-7.711316086017816e-11,-4.8847269122785196e-11,-6.429429467900471e-11,1.0000162581441234,-4.884726846391697e-11,-4.884726839812171e-11,-7.80720520679876e-11,-7.807205170304935e-11,-4.8847267690014774e-11,-6.429429494317817e-11,-6.429429471517894e-11,-4.8847268094417036e-11,1.0000130145637225,-4.884726776976547e-11,-6.295591951666939e-11,1.0000157300579982,1.000016515573226,1.0000130145637294,1.0000177423639927,1.0000130145637254,-7.269007536375568e-11,1.000015730057995,-4.8847267936083545e-11,1.0000157300579973,1.0000186296897833,-6.429429482439503e-11,-4.872067986402718e-11,1.0000157300579922,-4.876370850960511e-11,1.000018629689789,-4.8704272401376546e-11,-4.968824362583588e-11,-4.884726831987095e-11,-4.931720267271064e-11,-4.884726762250321e-11,-4.884726906514369e-11,-4.93172029477713e-11,-6.429429501793266e-11,-4.884726774844914e-11,1.0000165155732228
-2.8619821729942795e-06,1.4212710857598895e-17,-3.1247639901527546e-07,1.404932884666221e-17,1.4043177167436775e-17,1.4227610860867282e-17,1.4122333852144087e-17,-1.5650124180453757e-10,-8.560382884603474e-06,1.4217415434593913e-17,1.4394427123786782e-17,-3.1247589245071897e-07,-3.1247589245071786e-07,-1.5650124184286519e-10,-3.124765174617837e-07,1.4310219616273847e-17,1.4217415434593913e-17,1.4217415434593913e-17,1.412584178886484e-17,1.421942735602433e-17,-3.1247586176108835e-07,1.4200554242422148e-17,-1.5650124177165926e-10,1.406199284549043e-17,-1.5650036815451605e-10,-1.5650124180123148e-10,-3.1247589245071897e-07,2.209870507740367e-17,-1.5650124178955122e-10,1.3988432970372187e-17,1.4217415434593913e-17,1.8465505657991072e-17,-3.1247651746178317e-07,2.080076709540137e-17,3.39174721431148e-17,-3.12476399015277e-07,-3.1247532992774915e-07,1.433036866596385e-17,-3.1247504902862213e-07,-1.5650090259097704e-10,1.4347373594210648e-17,1.8458270852317775e-17,1.4063329910099712e-17,2.085630941362041e-17,-3.124763812951847e-07,1.4047472055606488e-17,-1.5650124178260262e-10,-3.1247525377689686e-07,1.4053671300284573e-17,4.4933258477029736e-17,-1.565012417675036e-10,-1.5650124178260262e-10,2.2400130436000753e-17,1.4227610860867282e-17,1.3988598572613837e-17,1.8520825787741554e-17,1.3982478305742654e-17,1.4310895209110177e-17,-3.1247506798461757e-07,3.3633926294719976e-17,3.3633926294719976e-17,-1.5650124178260262e-10,1.397264326755549e-17,1.8510928900678346e-17,1.4040493784231392e-17,2.2865426359459067e-17,1.412584178886484e-17,1.852551083550063e-17,1.4316935001978193e-17,-3.12475329927749e-07,-3.1247606908774513e-07,-3.1247534033427116e-07,4.554058758711339e-17,1.4228604053595484e-17,-1.5650124183112514e-10,1.851111359231156e-17,-3.1247589245071897e-07,-1.5650124180192308e-10,-1.5650124177165926e-10,1.4260981444298125e-17,1.4034718897843905e-17,1.4249133284598745e-17,1.403842475491913e-17,1.3979547692305328e-17,-3.1247589245071854e-07,2.085630941362041e-17,1.8520825787741557e-17,-3.1247639901527673e-07,1.403175535405124e-17,1.3977312684797173e-17,2.2462943847525455e-17,-3.124761363484815e-07,2.2401434422210113e-17,-3.124751392182115e-07,-3.1247589245071897e-07,1.3994551467041107e-17,-3.124750490286215e-07,-3.12475049028623e-07,1.406469498191951e-17,3.3633926294719976e-17,1.8459067010612623e-17,1.4200554242422148e-17,2.085630941362041e-17,1.4192540567059896e-17,-1.5650124179879375e-10,2.209870507740367e-17,1.4063329910099712e-17,1.850271694671884e-17,-3.1247605647224505e-07,1.4063329910099712e-17,1.403359347915819e-17,2.2410828583788735e-17,2.247124417352787e-17,1.4058405010578962e-17,1.850831134470203e-17,1.8459067010612623e-17,1.4063329910099712e-17,-3.124750490286218e-07,1.4040493784231392e-17,1.8034764307713742e-17,-3.124758924507196e-07,-3.124761363484827e-07,-3.1247504902862393e-07,-3.1247651746178327e-07,-3.12475049028623e-07,2.0975824961575535e-17,-3.1247589245071854e-07,1.4044840235635036e-17,-3.124758924507193e-07,-1.5650124178260262e-10,1.8458270852317775e-17,1.4015180361385784e-17,-3.1247589245071786e-07,1.3999315793102342e-17,-1.5650124178260262e-10,1.3987014678760353e-17,1.427088286027428e-17,1.4064919506946766e-17,1.4130799815169584e-17,1.405208956505292e-17,1.4047787947079066e-17,1.4219811210974478e-17,1.850271694671884e-17,1.403842475491913e-17,-3.124761363484807e-07
-2.6481879270931857e-06,4.467302934747005e-18,-4.94220911019402e-11,4.436928194772508e-18,4.456829857012803e-18,4.6398512637184065e-18,4.482386093950909e-18,-4.9422153399586337e-11,1.4217415434593913e-17,-8.56038296566603e-06,4.551716063676451e-18,-4.9422011021193136e-11,-4.9422011010673176e-11,-4.942215344031188e-11,-4.942210984232317e-11,4.532520538868838e-18,8.941396509851627e-15,8.941396241347695e-15,8.941396419706456e-15,4.463173912055122e-18,-4.94220061547618e-11,4.443773364395466e-18,-4.9422153430906174e-11,4.422113204841226e-18,-4.942187756928707e-11,-4.942215341993594e-11,-4.942201099829508e-11,6.988457544332762e-18,-4.942215340603549e-11,8.791427318110618e-15,8.941396436437672e-15,5.840759521592456e-18,-4.94221098256312e-11,6.547324202670259e-18,1.0697156772379396e-17,-4.9422091123281196e-11,-4.942192205873654e-11,4.51460460696391e-18,-4.9421877641867e-11,-4.9422046313318976e-11,4.5271012549253094e-18,5.836574931290548e-18,4.407779027511437e-18,6.5448348068522976e-18,-4.942208830600761e-11,4.3826654885416764e-18,-4.9422153430906174e-11,-4.942191002357611e-11,4.434167968852686e-18,1.4069655984348018e-17,-4.9422153430906174e-11,-4.9422153422666395e-11,7.059417942897419e-18,4.447672833656759e-18,8.794738390525981e-15,5.830172033945867e-18,8.791427375419689e-15,4.519163073332733e-18,-9.867775222106425e-08,1.0572641414075303e-17,1.0573333760281112e-17,-4.94221534399361e-11,8.791427306185269e-15,5.830172033945867e-18,4.407779027511437e-18,7.112576451722113e-18,8.941396434162568e-15,5.830172033945867e-18,4.516541777277298e-18,-4.9421922063361706e-11,-4.942203893757015e-11,-4.942192369753931e-11,1.4173617565756773e-17,8.94139630472016e-15,-4.942215341993594e-11,5.830172033945867e-18,-4.942201101899277e-11,-4.942215344031188e-11,-4.94221534296844e-11,8.971903358127607e-15,4.427190348522311e-18,4.492471327124617e-18,4.3826654885416764e-18,8.791427448556801e-15,-4.9422011011246483e-11,6.555158151674604e-18,5.830172033945867e-18,-4.9422091090417e-11,4.411877520873592e-18,8.791427417773923e-15,7.060677175820575e-18,-4.9422049577740094e-11,7.075493120238061e-18,-4.9421891910373464e-11,-4.9422011005383524e-11,8.791427484392685e-15,-4.9421877622861877e-11,-4.942187765903841e-11,4.422113204841226e-18,1.0572641414075303e-17,5.830172033945867e-18,4.571576842316313e-18,6.5448348068522976e-18,4.417756373064515e-18,-4.942215340172413e-11,6.912147674350514e-18,4.411877520873592e-18,5.848228698758896e-18,-4.942203694248602e-11,4.4066592301743e-18,4.4066592301743e-18,7.059417942897419e-18,7.060677175820575e-18,4.403710013456283e-18,5.830172033945867e-18,5.840759521592456e-18,4.435062186342252e-18,-4.9421877622861877e-11,4.427190348522311e-18,1.1351530309676046e-14,-4.9422011014379624e-11,-4.942204958080312e-11,-4.942187762306942e-11,-4.942210978651925e-11,-4.942187763786934e-11,6.583673778036319e-18,-4.9422011014379624e-11,4.434167968852686e-18,-4.9422011002474957e-11,-4.942215339825242e-11,5.812119838471504e-18,4.407881617626952e-18,-4.942201102009743e-11,8.804252883831659e-15,-4.942215339090375e-11,8.796029646500803e-15,4.495048021808321e-18,4.434167968852686e-18,4.4615073076844796e-18,4.427190348522311e-18,4.427190348522311e-18,4.475128738607833e-18,5.812119838471504e-18,4.4066592301743e-18,-4.942204957747059e-11
-2.6490806786030076e-06,4.618223844318745e-18,-4.986922665100162e-11,4.455382204897639e-18,4.516042342460195e-18,4.494137423304962e-18,4.5789139866234725e-18,-4.986928950641927e-11,1.4394427123786782e-17,4.551716063676451e-18,-8.560382965849307e-06,-4.9869145806651065e-11,-4.986914578297718e-11,-4.986928956856834e-11,-4.9869245525776375e-11,4.491955434751929e-18,4.628002966230198e-18,4.433661789267792e-18,4.433661789267792e-18,4.510372861003449e-18,-4.986914092929756e-11,4.5902026847464115e-18,-4.9869289506279876e-11,4.4446569903325236e-18,-4.986901116721557e-11,-4.986928950641927e-11,-4.986914579960159e-11,6.99469720254936e-18,-4.986928944401256e-11,8.87441053013177e-15,4.433661789267792e-18,5.858120352490445e-18,-4.986924553751231e-11,6.47803199317407e-18,1.0760290423367286e-17,-4.986922661330879e-11,-4.9869056116458367e-11,4.580121034389155e-18,-4.986901121407422e-11,-4.986918147540714e-11,4.3102898757800735e-18,5.886144855023667e-18,4.469921987549635e-18,6.633533835303941e-18,-4.986922384210384e-11,4.471415238289819e-18,-4.9869289441350935e-11,-4.986904391458048e-11,4.458296593974169e-18,1.435104100935784e-17,-4.986928956856834e-11,-4.98692894749602e-11,7.136176489569971e-18,4.589904208243178e-18,4.432508901546193e-18,5.886144855023667e-18,8.874410587200268e-15,4.580121034389155e-18,-9.957051757564136e-08,1.0537783739440169e-17,1.0656144374613507e-17,-4.9869289506279876e-11,8.874410518291399e-15,5.886144855023667e-18,4.480822451211204e-18,7.215391771323562e-18,4.628002966230198e-18,5.886144855023667e-18,4.5766351316119255e-18,-4.986905603046363e-11,-4.986917400950787e-11,-4.986905771024975e-11,1.432215675598873e-17,4.433661789267792e-18,-4.986928952885584e-11,5.886144855023667e-18,-4.986914579267199e-11,-4.9869289506279876e-11,-4.9869289506279876e-11,9.067820657686133e-15,4.4624834989614025e-18,4.3102898757800735e-18,4.458296593974169e-18,8.874410660792858e-15,-4.986914582665921e-11,6.558612811286483e-18,5.886144855023667e-18,-4.9869226629569313e-11,4.4880997167946125e-18,8.874410629881832e-15,7.136176489569971e-18,-4.9869184750497964e-11,7.140678031372785e-18,-4.9869025663832156e-11,-4.98691457870693e-11,8.874410696619263e-15,-4.9869011194433684e-11,-4.986901117809922e-11,4.4688420735790295e-18,1.0616910336123422e-17,5.886144855023667e-18,4.5902026847464115e-18,6.467575324650042e-18,4.6235354323363885e-18,-4.986928952885584e-11,7.238920401396793e-18,4.463269255588588e-18,5.886144855023667e-18,-4.986917200170957e-11,4.458296593974169e-18,4.467053108128594e-18,7.180330815053573e-18,7.181190827036801e-18,4.462483562273107e-18,5.886144855023667e-18,5.886144855023667e-18,4.4880997167946125e-18,-4.9869011194433684e-11,4.458296593974169e-18,1.144957418766122e-14,-4.98691457870693e-11,-4.9869184748972e-11,-4.9869011275568205e-11,-4.986924558656412e-11,-4.9869011194433684e-11,6.4939869257100724e-18,-4.986914582665921e-11,4.4688420735790295e-18,-4.986914582665921e-11,-4.9869289506279876e-11,5.838069991584726e-18,4.4228041551190435e-18,-4.9869145803540885e-11,4.434773605755256e-18,-4.9869289506279876e-11,4.4410912633958345e-18,4.52738131201616e-18,4.486843062915456e-18,4.461767318884287e-18,4.462483562273107e-18,4.462483562273107e-18,4.483314497602792e-18,5.838069991584726e-18,4.486843062915456e-18,-4.986918475161688e-11
0.9999944029499016,-4.9407715429940474e-11,1.0000144616715805,-4.884712689100511e-11,-4.886605506578819e-11,-4.961467054822066e-11,-4.940855380671257e-11,1.0000157300579966,-3.1247589245071897e-07,-4.9422011021193136e-11,-4.9869145806651065e-11,1.0000042700517722,1.0000128304346034,1.0000157300579997,1.0000148427347748,-4.944920840522528e-11,-4.942201166372307e-11,-4.9422010883788775e-11,-4.9422011366051e-11,-4.931706074491145e-11,1.0000127317402603,-4.94492091243469e-11,1.0000157300579968,-4.8847127031168663e-11,1.0000101136361688,1.000015730057993,1.0000128304346068,-1.5396685390545592e-07,1.000015730057995,-4.867876465721301e-11,-4.9422011434916774e-11,-6.429410960930948e-11,1.000014842734772,-7.268986579362923e-11,-2.3632932835666874e-07,1.0000144616715854,1.0000110193684617,-4.982569786990784e-11,1.000010114948204,1.0000135494851108,-4.956617913536895e-11,-6.429410945582895e-11,-4.884712737159917e-11,-7.268986573000318e-11,1.000014404646343,-4.884712731836232e-11,1.0000157300579977,1.0000107741269273,-4.884712849502929e-11,-3.1216357930024943e-07,1.0000157300579944,1.000015730057996,-7.807182701475974e-11,-4.961467098742904e-11,-4.869660516838868e-11,-6.429410957151787e-11,-4.867876474137312e-11,-4.982569762320231e-11,1.0000101758690472,-2.3245851886879222e-07,-2.3245851842592853e-07,1.000015730057995,-4.8678764604516785e-11,-6.429410944359948e-11,-4.884712717900798e-11,-1.5897746612874713e-07,-4.9422011372106565e-11,-6.429410956743979e-11,-4.982569820168403e-11,1.0000110193684633,1.000013399254851,1.0000110527002932,-3.126613124473014e-07,-4.942201111585001e-11,1.0000157300579944,-6.429410966042703e-11,1.000012830434609,1.0000157300579966,1.0000157300579986,-4.9691556590483615e-11,-4.884712716742338e-11,-4.9566179208165786e-11,-4.884712756296414e-11,-4.8678764972672083e-11,1.0000128304346068,-7.268986581876165e-11,-6.429410966690977e-11,1.0000144616715818,-4.8847127228598096e-11,-4.8678764894368245e-11,-7.807182704347462e-11,1.0000136159475574,-7.807182714234728e-11,1.0000104053114072,1.0000128304346096,-4.8678765085721255e-11,1.000010114948203,1.0000101149482066,-4.88471269576738e-11,-2.3245851844585657e-07,-6.429410945728226e-11,-4.9449207495969394e-11,-7.268986566166552e-11,-4.94085537189881e-11,1.0000157300579955,-1.5396685340438866e-07,-4.88471283795706e-11,-6.429410942447024e-11,1.0000133585192064,-4.88471277263704e-11,-4.8847127636912735e-11,-7.807182713751447e-11,-7.807182676479446e-11,-4.884712695600658e-11,-6.429410967001938e-11,-6.429410942608914e-11,-4.8847127325822954e-11,1.000010114948204,-4.8847127041162046e-11,-6.295573816748588e-11,1.0000128304346094,1.0000136159475614,1.0000101149482108,1.000014842734773,1.0000101149482084,-7.268986590666509e-11,1.0000128304346076,-4.884712720746042e-11,1.00001283043461,1.000015730057991,-6.429410952283406e-11,-4.872053948836789e-11,1.0000128304346032,-4.87635680082398e-11,1.0000157300579997,-4.870413208086378e-11,-4.9688100464945505e-11,-4.8847127551586864e-11,-4.931706059221746e-11,-4.884712686577362e-11,-4.884712831249633e-11,-4.9317060847793675e-11,-6.429410975456437e-11,-4.884712697259826e-11,1.0000136159475579
