0.999999998668425,-1.1875903170501123e-05,-1.1879797030377384e-05,-1.1867902000749991e-05,-1.1942715988340563e-05,-1.2733077819651317e-05,-1.1956082184769476e-05,-1.1859619178208325e-05,0.9999690219321409,-1.1941795427928786e-05,-1.1902112743851556e-05,-1.21313972690734e-05,-1.1853924548533494e-05,0.9999690270440886,-1.2039293903792558e-05,0.9999690270440862,-1.1984498819670818e-05,-1.1844745580494969e-05,-1.187537731017759e-05,-1.1873292331036093e-05,-1.18896649664964e-05,-1.1851562957008159e-05,0.999969033222077,-1.1875377310181548e-05,-1.1939413762379304e-05,-1.1970588166984018e-05,-1.2127139079094076e-05,-1.1893487983441517e-05,0.9999690270440851,-1.208476412567025e-05,-1.2020357348342223e-05,-1.1905004902567844e-05,0.9999690270440851,-1.1899814721966145e-05,0.9999690219321409,0.99996902942726,-1.19617061078016e-05,0.99996902193214,-1.1912980345257243e-05,-1.199668950014824e-05,-1.1999221614960327e-05,-1.1961706108389206e-05,-1.2115496394575818e-05,0.9999690219321405,-1.193256416987887e-05,0.9999690270440865,-1.1889531110963083e-05,0.9999685242343189,-1.1998413431748672e-05,-1.19560821825252e-05,-1.1961706107801608e-05,-1.2035340095031748e-05,0.999969024907004,0.9999690731783072,-1.1873292331198065e-05,0.9999690270440856,0.9999690270440867,-1.1990904387652482e-05,-1.2071072711151558e-05,-1.1961706106976427e-05,-1.1900286187701288e-05
-1.1875903170501123e-05,-6.979354392700584e-07,-1.5036207342221886e-12,1.1128899248929977e-08,7.733031197889935e-12,5.069907210222751e-12,-1.7474886637668056e-11,2.3324540355866122e-12,-6.364499959302741e-10,1.4473583969862126e-11,-4.3668668046484846e-12,-7.711627058904807e-09,7.683864679054988e-12,-6.371623812218929e-10,-1.0208921653007741e-11,-6.371623812218929e-10,-2.2159234467435788e-11,-4.948978721546626e-12,2.254495450705243e-11,5.2366721878587466e-12,1.6128508891054855e-11,-1.9373236405976037e-12,-6.360258752983922e-10,2.254495450705243e-11,1.3279144966112258e-11,-1.5956516634474287e-08,-1.028327007050522e-11,-2.5990483824695635e-12,-6.371623809527468e-10,-4.094676189830338e-09,-4.1925608674443535e-12,-2.6512936054342238e-12,-6.371623811542647e-10,-6.280666073468922e-10,-6.364499958193475e-10,-6.362809269976897e-10,-4.4751232289289e-12,-6.364499958585537e-10,-3.925641534004229e-12,-1.7445798684818018e-12,-6.988786599582005e-09,-4.4751232289289e-12,2.831283644827993e-08,-6.364499958193475e-10,-1.1011308835134742e-11,-6.371623811169803e-10,-3.3277973838626988e-12,-1.2677553382312905e-06,-9.245305560551123e-12,-1.7474886637668056e-11,-4.4751232289289e-12,2.1732489895426344e-08,-6.354952485482582e-10,-6.355430346147683e-10,5.236672365642011e-12,-6.371623811542647e-10,-6.371623810007777e-10,2.6137748551953272e-08,1.260757746144084e-12,-4.4751232289289e-12,-7.2147025590396985e-09
-1.1879797030377384e-05,-1.5036207342221886e-12,-6.980149620430593e-07,1.9078843036447156e-11,8.47744849987635e-12,1.5378832820768894e-11,-1.8069868498221594e-11,4.596787560602893e-14,-6.3790948303903e-10,1.810748763559364e-11,-6.5497127633734554e-12,-6.866419048804826e-12,1.9986981927255604e-11,-6.377380657141911e-10,-3.1893726744298736e-08,-6.377380656122417e-10,-2.553797519729665e-11,-6.150399747044335e-12,1.7921590478550333e-11,6.721406335209262e-12,2.609685391744049e-11,-2.0296200805398507e-12,-6.371050300194156e-10,1.7921590478550333e-11,3.350649989783126e-08,-1.1741020817082377e-11,-1.5900309706239998e-11,-1.6649580098387022e-12,-6.377380657141911e-10,-3.788874438450941e-12,-1.3232487026214598e-11,-2.5746513157214558e-12,-6.377380657141911e-10,-4.214876839691621e-12,-6.379094831310705e-10,-6.36061175863548e-10,-6.673944197767027e-12,-6.3790948303903e-10,-7.784828544129249e-12,-8.726066393546028e-12,-1.4219648765336954e-11,-6.673944069263298e-12,2.242744022568653e-11,-6.379094830163662e-10,-1.6899745377096448e-11,-6.37738065441895e-10,-1.0124485926532895e-08,-1.2716486941109855e-06,-1.3833951306147778e-11,-1.806986837764809e-11,-6.673944354650195e-12,1.2052561717840751e-11,-6.360999526999406e-10,-6.369331006960577e-10,6.72140568964036e-12,-6.377380654680987e-10,-6.377380657141911e-10,1.64432826436988e-11,-1.6028304711280488e-12,-6.673944354650195e-12,7.006384144484406e-12
-1.1867902000749991e-05,1.1128899248929977e-08,1.9078843036447156e-11,-1.1347358127578758e-06,-6.1504886596246e-11,-3.475955657143997e-07,1.2414079193663405e-10,1.5787056017858963e-11,-6.421034969100619e-10,-1.4575835625221174e-10,5.884049816515677e-11,1.326688238447752e-07,-4.3643002484574025e-07,-6.494593247390462e-10,1.472424223188996e-10,-6.494593246716456e-10,1.932995895040297e-10,4.928480647601516e-11,-8.643112624289668e-11,-5.5057010990027473e-11,-2.4335810933911116e-10,1.4127689631638178e-11,-6.501193309726352e-10,-8.643112594896868e-11,-1.3670607394840402e-10,1.0415677202828208e-10,1.4507238349518752e-10,4.486167330340397e-12,-6.494593247390462e-10,7.434196001641982e-08,1.514443632776218e-10,1.6557367027698392e-11,-6.494593245977978e-10,5.541804830494499e-11,-6.421034966994765e-10,-6.661868660071506e-10,5.977789852811137e-11,-6.421034969193007e-10,7.883319879858676e-11,1.0704836294305487e-10,1.6973940037387206e-10,5.977789852811137e-11,-2.065968936021441e-10,-6.421034970774509e-10,1.5361519451162373e-10,-6.494593247569177e-10,4.61327103697023e-11,-1.2597557614552988e-06,1.2412005390562073e-10,1.2414079177577306e-10,5.977789838075696e-11,-1.7517057506890933e-07,-6.601290480603995e-10,-6.49073334949586e-10,-5.5057010990027473e-11,-6.494593246721827e-10,-6.494593246721827e-10,-2.636969187675902e-07,3.0793021317357713e-11,5.977789830983235e-11,-2.414638920898533e-07
-1.1942715988340563e-05,7.733031197889935e-12,8.47744849987635e-12,-6.1504886596246e-11,-7.659380309173086e-07,-5.053564992914484e-11,7.905215496708607e-11,-4.102645623949303e-12,-6.734136891716908e-10,-1.473628399629421e-07,2.5298335503919694e-11,2.5319959734902988e-11,-6.755211165938454e-11,-6.726645431517948e-10,1.2157314674050842e-07,-6.726645431537456e-10,1.0738980239457901e-10,2.5204160333753346e-11,-8.72943569841549e-11,-2.724241035297548e-11,-1.9630809370635116e-07,1.7597080710971915e-08,-6.76328823105106e-10,-8.729435688889657e-11,-1.3638149549040048e-07,4.566615916903315e-11,1.2117303176626905e-07,8.975727239903183e-12,-6.726645431980588e-10,2.754414940728953e-08,4.320352916262182e-11,1.1542742770956646e-11,-6.726645431530825e-10,1.202316737256435e-11,-6.734136891675297e-10,-6.787366513522367e-10,2.5821744230520648e-11,-6.734136891716908e-10,2.7909382285468068e-11,2.6750317139317452e-11,4.4728298172129426e-11,2.5821744230520648e-11,-1.6993057519919484e-07,-6.734136891675297e-10,1.29065186759735e-07,-6.72664543210075e-10,1.953699980578107e-11,-1.3345637576459183e-06,1.06440420567021e-07,7.90521546202294e-11,2.582174402721519e-11,-1.0244191184380193e-07,-6.799721913676099e-10,-6.776214227047384e-10,-2.724241035297548e-11,-6.726645431980588e-10,-6.726645431530825e-10,-6.719477935162277e-11,4.415985335210412e-09,2.5821744230520648e-11,-1.2893559386204424e-11
-1.2733077819651317e-05,5.069907210222751e-12,1.5378832820768894e-11,-3.475955657143997e-07,-5.053564992914484e-11,-9.680958135544024e-07,1.0262625655048797e-10,1.1532530732182617e-11,-2.139572528474415e-06,-1.184789766793887e-10,4.733726404280355e-11,1.0602041986765118e-07,-3.453979588175859e-07,-1.0802626644147122e-09,2.353397254036723e-07,-1.080262664485181e-09,1.58113966703794e-10,4.0080534861952064e-11,-7.491217563440322e-11,-4.4675410433682505e-11,-1.951324491983669e-10,1.1662917498719777e-11,-1.0811563940425692e-09,-7.491217563440322e-11,-1.1102222551981049e-10,8.388870478847835e-11,1.1654849029780854e-10,4.365902339862931e-12,-1.0802626646044209e-09,5.933467668903084e-08,1.1948518335322094e-10,1.3795609303754528e-11,-1.0802626646044209e-09,4.331729587433595e-11,-2.1395725284744245e-06,-1.0935996479847315e-09,4.8104345563949274e-11,-2.1395725284744262e-06,1.249783885900431e-07,1.6732772622643977e-07,1.3352289922610436e-10,4.810434553944865e-11,-1.658325077275098e-10,-2.139572528474424e-06,1.2345226915508373e-10,-1.0802626646741437e-09,3.708202072888887e-11,-2.124894287381605e-06,1.9880782270025424e-07,1.0262625644595769e-10,4.810434559198962e-11,-1.4383272872822057e-07,-2.16818687854517e-06,-1.0805018803143324e-09,-4.4675410433682505e-11,-1.080262664485181e-09,-1.0802626646741437e-09,-2.1432884151062764e-07,2.3590767144648346e-11,4.8104345563949274e-11,-1.8586802254891465e-07
-1.1956082184769476e-05,-1.7474886637668056e-11,-1.8069868498221594e-11,1.2414079193663405e-10,7.905215496708607e-11,1.0262625655048797e-10,-1.0381882865867426e-06,1.0849694588989428e-11,-6.708612549431278e-10,1.5955554031952147e-10,-5.376905278509407e-11,-1.0583665877815195e-07,1.383693124205443e-10,-6.73217568364382e-10,-1.2936057800050535e-10,-6.732175683751595e-10,-4.6384711947964373e-07,-5.4353040459225714e-11,1.953385574062706e-10,5.860383504570722e-11,4.149174291408307e-07,-1.932537370562345e-11,-6.647688993113559e-10,1.953385574062706e-10,1.4751388822740191e-10,-9.723346711426094e-11,-1.2907617648655423e-10,-2.0451622397039062e-11,-6.732175683751595e-10,-5.767598736117103e-08,-1.742853683456141e-07,-2.5395508995961035e-11,-6.732175683115637e-10,-2.3247289239116834e-11,-6.708612548562122e-10,-6.605300064227012e-10,-5.490492932949949e-11,-6.708612549431278e-10,-1.1576319032455371e-07,-1.0568985695039903e-07,-1.7827135199754064e-07,-5.490492931184432e-11,3.598464704183762e-07,-6.708612548562122e-10,-1.375597362584317e-10,-6.732175683632768e-10,-4.1465207892746786e-11,-1.3479339002013626e-06,-1.1366076281466092e-10,-3.444824036867751e-07,-5.490492931184432e-11,1.1203845879477313e-10,-6.571538612974637e-10,-6.616812462399764e-10,5.860383518220194e-11,-6.732175685128255e-10,-6.732175685128255e-10,1.4482631678799003e-10,-2.5597389661742405e-12,-5.490492932949949e-11,1.974107415655824e-11
-1.1859619178208325e-05,2.3324540355866122e-12,4.596787560602893e-14,1.5787056017858963e-11,-4.102645623949303e-12,1.1532530732182617e-11,1.0849694588989428e-11,-7.033987950567639e-07,-6.281822724578833e-10,-4.435384716560154e-12,-2.33359100906643e-13,-3.456611025684075e-09,1.2667720527932022e-11,-6.264251154712857e-10,-1.5734115121370413e-12,-6.264251154251376e-10,9.957699810502257e-12,1.5778006298079869e-12,-2.1800992060423788e-11,-1.3579019769313969e-12,3.628145955971198e-12,1.1657567529811264e-12,-6.279157426351157e-10,-2.180099230188409e-11,-3.753984242507669e-12,-2.2888344423112077e-14,-1.2414139738596022e-12,3.0954808829712606e-12,-6.264251154712857e-10,-2.2462283657959587e-09,-1.0279387274989857e-11,1.8888792707752052e-12,-6.264251154114972e-10,-1.0817411906514809e-08,-6.281822724968179e-10,-6.25863955859795e-10,-1.8387634943085017e-13,-6.28182272374974e-10,-5.885514060732996e-09,-8.939093120913603e-12,-1.3153149422984254e-11,-1.8387633102168285e-13,2.3532948717297967e-12,-6.281822724527255e-10,-1.146741030136024e-12,-6.264251154251376e-10,-3.143223249030151e-13,-1.2514705798877252e-06,-4.479078366384474e-13,1.0849694561794713e-11,-1.8387633102168285e-13,-1.12853860777854e-08,-6.275842895959336e-10,-6.286895353323704e-10,-1.3579017435921475e-12,-6.26425115365247e-10,-6.264251154251376e-10,-3.997774107065484e-12,-4.989998969826841e-12,-1.8387634943085017e-13,1.7822671251881043e-11
0.9999690219321409,-6.364499959302741e-10,-6.3790948303903e-10,-6.421034969100619e-10,-6.734136891716908e-10,-2.139572528474415e-06,-6.708612549431278e-10,-6.281822724578833e-10,0.9999385320626345,-6.768184342422108e-10,-6.473166937684435e-10,-7.622104571584995e-10,-6.351404532224201e-10,0.9999392303845316,-7.122548815159799e-10,0.9999392303845324,-6.820219094884392e-10,-6.188423887728501e-10,-6.416557450402415e-10,-6.38103138614781e-10,-6.546696488115644e-10,-6.238948030157864e-10,0.9999392363466795,-6.416557453641956e-10,-6.751727567404503e-10,-6.796308307529902e-10,-7.564614122233124e-10,-6.452934492297671e-10,0.9999392303845316,-7.400930848497859e-10,-7.030073413129725e-10,-6.505901904972066e-10,0.9999392303845314,-6.465913813226957e-10,0.9999392257586339,0.9999392313046561,-6.772054973901014e-10,0.9999392257586345,-6.520048464911456e-10,-6.930770840615186e-10,-6.917054186767606e-10,-6.772054973819449e-10,-7.664934694795195e-10,0.9999392257586336,-6.583301410458563e-10,0.9999392303845314,-6.415817473249958e-10,0.9999387288819729,-6.927178053017498e-10,-6.708612545908923e-10,-6.772054976805837e-10,-7.212318363560621e-10,0.9999392271561935,0.9999392763153685,-6.38103138314927e-10,0.9999392303845306,0.9999392303845316,-7.008556945593804e-10,-7.33717275543643e-10,-6.772054974321908e-10,-6.53683152357757e-10
-1.1941795427928786e-05,1.4473583969862126e-11,1.810748763559364e-11,-1.4575835625221174e-10,-1.473628399629421e-07,-1.184789766793887e-10,1.5955554031952147e-10,-4.435384716560154e-12,-6.768184342422108e-10,-1.0013030017968018e-06,5.436732537482564e-11,1.109948766203388e-07,-1.5592103078537741e-10,-6.767825520010983e-10,1.3214015285764284e-10,-6.767825519350651e-10,2.2101746386161544e-10,5.254963899879978e-11,-1.6742935131172744e-10,-5.7109879197967e-11,-4.267066842850997e-07,1.7882859367477475e-11,-6.832970538864003e-10,-1.6742935114111079e-10,-2.8530075539130236e-07,1.9466500287135456e-07,1.3141359541482932e-10,1.6453120586039764e-11,-6.767825521253442e-10,3.0626819433477015e-11,1.0166328988509151e-10,2.3025307077801573e-11,-6.767825519975401e-10,3.0587768775008585e-11,-6.768184343819454e-10,-6.902826063233508e-10,1.1037593007185172e-07,-6.76818434320441e-10,6.238692529975033e-11,6.524386710504977e-11,1.0749181557751497e-10,1.1037593007184891e-07,-3.679724909419711e-07,-6.768184342422108e-10,1.398161511413677e-10,-6.767825519350651e-10,4.210555734777581e-11,-1.3336425901467764e-06,1.1486247314225871e-10,1.595555403346079e-10,1.1037593007185259e-07,-1.0510491930516154e-10,-6.913926316183263e-10,-6.853738237411091e-10,-5.710987900924835e-11,-6.767825520366495e-10,-6.767825521253442e-10,-1.402854639907909e-10,1.8317528520900375e-08,1.1037593007185335e-07,-4.350630071545059e-11
-1.1902112743851556e-05,-4.3668668046484846e-12,-6.5497127633734554e-12,5.884049816515677e-11,2.5298335503919694e-11,4.733726404280355e-11,-5.376905278509407e-11,-2.33359100906643e-13,-6.473166937684435e-10,5.436732537482564e-11,-7.331303679722931e-07,-4.1565040756670706e-08,6.134688733174593e-11,-6.466651341341538e-10,-9.65992969155694e-08,-6.46665134176761e-10,-7.63996233498886e-11,-1.8463105015822927e-11,5.248473359842004e-11,2.020187390109584e-11,7.911833456961038e-11,-6.0447348486944955e-12,-6.448659949689551e-10,5.248473356110271e-11,1.0065809758255486e-07,-3.54754571382261e-11,-4.813440009063683e-11,-9.548379744148185e-09,-6.46665134305821e-10,-1.1534662346980522e-11,-4.0761794813609556e-11,-1.5202495914542927e-08,-6.466651342017125e-10,-1.3148970670182677e-11,-6.473166937255695e-10,-6.41556213981881e-10,-2.0179024693430736e-11,-6.473166937255824e-10,-4.727297896714252e-08,-2.704498541144261e-11,-4.396279538399668e-11,-2.017902483728867e-11,6.793501274462794e-11,-6.473166936800998e-10,-5.1146455956678446e-11,-6.46665134176761e-10,-1.539045585861713e-11,-1.2939637414438013e-06,-4.1831002641661614e-11,-5.376905298882605e-11,-2.0179024344218866e-11,3.5980219615919626e-11,-6.418042380983125e-10,-6.444053919230911e-10,2.0201873711681753e-11,-6.466651343064367e-10,-6.466651343064367e-10,4.937265322692688e-11,-1.0399465774865324e-08,-2.017902483728867e-11,2.252194971224618e-11
-1.21313972690734e-05,-7.711627058904807e-09,-6.866419048804826e-12,1.326688238447752e-07,2.5319959734902988e-11,1.0602041986765118e-07,-1.0583665877815195e-07,-3.456611025684075e-09,-7.622104571584995e-10,1.109948766203388e-07,-4.1565040756670706e-08,-7.384199928688451e-07,1.3601011568666929e-07,-7.609882884889997e-10,-5.145491403069281e-11,-7.609882885865699e-10,-1.5370683137532176e-07,-3.765047142597332e-08,9.647893686358087e-08,2.0806140518856466e-11,8.422285368894506e-11,-5.993272295812507e-12,-7.595544712492594e-10,9.647893686358002e-08,1.0345255968857996e-07,-7.420315869298761e-08,-5.0944528613390313e-11,-8.14481603354804e-09,-7.609882884912932e-10,-2.480980586032147e-08,-9.150651358397348e-08,-1.4819467544171394e-08,-7.609882885865699e-10,-3.08084912315236e-08,-7.622104571447539e-10,-7.554497157765397e-10,-4.2312162567325655e-08,-7.622104571584995e-10,-5.146086951797253e-08,-6.200438011381052e-08,-9.995134794209115e-08,-4.231216256732474e-08,1.4350421560623884e-07,-7.622104569698539e-10,-5.4079663457758185e-11,-7.609882885865699e-10,-1.6263751002739387e-11,-1.5232390740931187e-06,-4.408006745345009e-11,-1.0583665877815391e-07,-4.2312162567325715e-08,7.179108779185531e-08,-7.562367074009143e-10,-7.593074068271267e-10,2.0806140393941004e-11,-7.609882885031824e-10,-7.609882885535943e-10,1.0081620827662601e-07,-1.3964735344312818e-08,-4.231216256732649e-08,5.7956773179263106e-08
-1.1853924548533494e-05,7.683864679054988e-12,1.9986981927255604e-11,-4.3643002484574025e-07,-6.755211165938454e-11,-3.453979588175859e-07,1.383693124205443e-10,1.2667720527932022e-11,-6.351404532224201e-10,-1.5592103078537741e-10,6.134688733174593e-11,1.3601011568666929e-07,-1.1302169815718549e-06,-6.414476779053733e-10,1.5273538704644726e-10,-6.41447677919875e-10,2.099878665580008e-10,5.2781786249826376e-11,-1.0756828265019895e-10,-5.864588025084852e-11,-2.5162854277665243e-10,1.5692046430507515e-11,-6.433127929072421e-10,-1.0756828265019895e-10,-1.459176685832879e-10,1.0890147077632375e-10,1.5072775480477468e-10,7.130588976761786e-12,-6.414476778867445e-10,7.596986933106582e-08,1.5026737249675155e-10,1.8802780891302947e-11,-6.414476778867445e-10,1.0684254978274803e-07,-6.35140453066215e-10,-6.584979091226308e-10,6.236612242174135e-11,-6.351404532224201e-10,8.010755846624213e-11,1.048974477582192e-10,1.6713398482816875e-10,6.236612242174135e-11,-2.1419108684996466e-10,-6.35140453277399e-10,1.5973597493117355e-10,-6.414476779412054e-10,4.799411923292132e-11,-1.2457782317103476e-06,1.2944271523637096e-10,1.3836931246140747e-10,6.236612242174135e-11,-1.9207836822016395e-07,-6.535190317197839e-10,-6.428288572825589e-10,-5.864588025084852e-11,-6.414476779199286e-10,-6.414476779655413e-10,-2.820315426530663e-07,2.8267386920022527e-11,6.236612251076526e-11,-2.2454117559261514e-07
0.9999690270440886,-6.371623812218929e-10,-6.377380657141911e-10,-6.494593247390462e-10,-6.726645431517948e-10,-1.0802626644147122e-09,-6.73217568364382e-10,-6.264251154712857e-10,0.9999392303845316,-6.767825520010983e-10,-6.466651341341538e-10,-7.609882884889997e-10,-6.414476779053733e-10,0.999938540020784,-7.102992889037931e-10,0.9999392337167896,-6.834094979283234e-10,-6.188798878525294e-10,-6.353285326255905e-10,-6.381938677915902e-10,-6.582391339551733e-10,-6.241400706099755e-10,0.9999392406422256,-6.353285329666214e-10,-6.752726150564215e-10,-6.78605983291158e-10,-7.546361993797949e-10,-6.462675950163404e-10,0.999939233716789,-7.393570144446782e-10,-6.9814708621641e-10,-6.510495763955773e-10,0.9999392337167887,-6.442626996980993e-10,0.9999392303845316,0.9999392339442854,-6.765610453508534e-10,0.9999392303845329,-6.502623657439857e-10,-6.890912090966081e-10,-6.857212622509993e-10,-6.765610454413923e-10,-7.692846135354741e-10,0.9999392303845314,-6.564526870136757e-10,0.9999392337167888,-6.410276448781487e-10,0.9999387339932708,-6.91358215172034e-10,-6.732175681058148e-10,-6.765610457254343e-10,-7.2022623099766e-10,0.9999392310401178,0.999939281137947,-6.381938675469204e-10,0.9999392337167885,0.999939233716789,-7.008338944166182e-10,-7.317749648457766e-10,-6.765610456253811e-10,-6.60729661029475e-10
-1.2039293903792558e-05,-1.0208921653007741e-11,-3.1893726744298736e-08,1.472424223188996e-10,1.2157314674050842e-07,2.353397254036723e-07,-1.2936057800050535e-10,-1.5734115121370413e-12,-7.122548815159799e-10,1.3214015285764284e-10,-9.65992969155694e-08,-5.145491403069281e-11,1.5273538704644726e-10,-7.102992889037931e-10,-9.307542974106466e-07,-7.1029928897417e-10,-1.849274918276901e-10,-4.486154906375828e-11,1.2396491587294865e-10,9.78658646510657e-08,1.9436993458460917e-10,-1.4554853349699487e-11,-7.062025368488347e-10,1.2396491573978438e-10,2.448016431268724e-07,-8.682477305412085e-11,-2.3502131112821327e-07,-1.1103058079719428e-11,-7.102992889735296e-10,-2.8461920411859726e-11,-1.0186941280763554e-10,-1.8301734292491178e-11,-7.1029928897417e-10,-3.329699297890692e-11,-7.122548814767556e-10,-6.97680966251809e-10,-4.94230036614888e-11,-7.122548815159799e-10,-1.1690244136143013e-07,-6.802497126324381e-11,-1.1029363574550985e-10,-4.94230036614888e-11,1.6673892503597859e-10,-7.122548814767556e-10,-2.4965696985591127e-07,-7.102992889927136e-10,-7.51132015717218e-08,-1.431139896739081e-06,-2.0398642338437832e-07,-1.2936057805879108e-10,-4.94230036614888e-11,8.688805271835686e-11,-6.986414231826575e-10,-7.052342699968517e-10,9.786586465106319e-08,-7.102992889251534e-10,-7.102992889460876e-10,1.200065843418595e-10,-2.7494355914465566e-08,-4.9423003588779383e-11,1.1701356475399344e-07
0.9999690270440862,-6.371623812218929e-10,-6.377380656122417e-10,-6.494593246716456e-10,-6.726645431537456e-10,-1.080262664485181e-09,-6.732175683751595e-10,-6.264251154251376e-10,0.9999392303845324,-6.767825519350651e-10,-6.46665134176761e-10,-7.609882885865699e-10,-6.41447677919875e-10,0.9999392337167896,-7.1029928897417e-10,0.9999385400207851,-6.834094979167142e-10,-6.188798878854325e-10,-6.35328532730495e-10,-6.381938678142308e-10,-6.58239133854454e-10,-6.241400705962329e-10,0.9999392406422267,-6.35328532901495e-10,-6.75272615095563e-10,-6.78605983291158e-10,-7.546361993797949e-10,-6.462675950550182e-10,0.9999392337167885,-7.393570145571302e-10,-6.981470861702872e-10,-6.510495767600358e-10,0.9999392337167883,-6.442626996603528e-10,0.9999392303845325,0.999939233944286,-6.76561045299753e-10,0.9999392303845325,-6.502623656446597e-10,-6.890912090966081e-10,-6.857212622503471e-10,-6.765610453704168e-10,-7.692846133949347e-10,0.9999392303845324,-6.564526870136757e-10,0.999939233716789,-6.410276449323131e-10,0.9999387339932702,-6.91358215172034e-10,-6.732175679896949e-10,-6.765610457192168e-10,-7.202262311460255e-10,0.9999392310401181,0.9999392811379475,-6.381938675469204e-10,0.9999392337167885,0.9999392337167894,-7.008338945843416e-10,-7.317749647637219e-10,-6.765610457194005e-10,-6.607296610070083e-10
-1.1984498819670818e-05,-2.2159234467435788e-11,-2.553797519729665e-11,1.932995895040297e-10,1.0738980239457901e-10,1.58113966703794e-10,-4.6384711947964373e-07,9.957699810502257e-12,-6.820219094884392e-10,2.2101746386161544e-10,-7.63996233498886e-11,-1.5370683137532176e-07,2.099878665580008e-10,-6.834094979283234e-10,-1.849274918276901e-10,-6.834094979167142e-10,-1.3285539217470182e-06,-1.497417225068105e-07,2.5242582609678885e-10,8.147856362363697e-11,5.955523137379992e-07,-2.6073708299803217e-11,-6.730991907096399e-10,2.5242582609678885e-10,2.047217203798355e-10,-1.3771398620703555e-10,-1.8415656951391733e-10,-2.5528093601727595e-11,-6.83409497921167e-10,-8.416628105407481e-08,-2.694982909426462e-07,-3.3867276617471534e-11,-6.834094979283234e-10,-3.894762078703589e-11,-6.820219094884392e-10,-6.648208358332702e-10,-7.795326202700269e-11,-6.820219094437693e-10,-8.562366797894338e-11,-1.6940404980529277e-07,-2.814885486034677e-07,-7.79532619358461e-11,5.147536173337796e-07,-6.820219095528327e-10,-1.9606451769613552e-10,-6.834094979372756e-10,-5.90665743167037e-11,-1.376349689238184e-06,-1.6144731207382493e-10,-4.6384711947965575e-07,-7.795326209564483e-11,3.0332191134013745e-07,-6.619482708012983e-10,-6.695852006179988e-10,8.147856354682531e-11,-6.834094979372756e-10,-6.834094979177203e-10,3.994413452990628e-07,-1.8236530879857276e-08,-7.79532620187103e-11,9.500088252915067e-08
-1.1844745580494969e-05,-4.948978721546626e-12,-6.150399747044335e-12,4.928480647601516e-11,2.5204160333753346e-11,4.0080534861952064e-11,-5.4353040459225714e-11,1.5778006298079869e-12,-6.188423887728501e-10,5.254963899879978e-11,-1.8463105015822927e-11,-3.765047142597332e-08,5.2781786249826376e-11,-6.188798878525294e-10,-4.486154906375828e-11,-6.188798878854325e-10,-1.497417225068105e-07,-7.292773011988151e-07,5.718745893457819e-11,1.941965644202016e-11,7.275652294728364e-11,-6.090258961936489e-12,-6.166455743012924e-10,5.7187458171387575e-11,4.873507570961345e-11,-3.321367854782367e-11,-4.461947895754728e-11,-5.632364057095548e-12,-6.188798879232757e-10,-2.0675873927966395e-08,-6.844994791754848e-08,-7.84741229672932e-12,-6.188798878525294e-10,-1.0310749532595809e-11,-6.188423887488626e-10,-6.14302275177554e-10,-1.8829377833278976e-11,-6.188423885815056e-10,-2.1147959194627572e-11,-2.203215702947142e-11,-3.632224240495013e-11,-1.8829377833278976e-11,6.275340848590684e-11,-6.188423887728501e-10,-4.7475179743798166e-11,-6.188798878854325e-10,-1.429686641293787e-11,-1.2365991472742912e-06,-3.9008916243713204e-11,-5.4353040396278245e-11,-1.8829378046017635e-11,7.123987960695004e-08,-6.139004417515897e-10,-6.159290134071007e-10,1.9419657035962978e-11,-6.188798878525294e-10,-6.188798878525294e-10,9.49818384298017e-08,-3.052516995971187e-12,-1.8829378046017635e-11,1.4522528790676433e-11
-1.187537731017759e-05,2.254495450705243e-11,1.7921590478550333e-11,-8.643112624289668e-11,-8.72943569841549e-11,-7.491217563440322e-11,1.953385574062706e-10,-2.1800992060423788e-11,-6.416557450402415e-10,-1.6742935131172744e-10,5.248473359842004e-11,9.647893686358087e-08,-1.0756828265019895e-10,-6.353285326255905e-10,1.2396491587294865e-10,-6.35328532730495e-10,2.5242582609678885e-10,5.718745893457819e-11,-1.1760472827739518e-06,-6.087798598307101e-11,-1.9723624185518148e-10,2.171111413137096e-11,-6.470555278206753e-10,-4.8233475235275e-07,-1.5400355491553284e-10,9.582045179408274e-11,1.2444098195490844e-10,2.7218688573183538e-11,-6.353285326250031e-10,5.175024516465037e-08,1.2521642277305264e-07,2.934400831107408e-11,-6.353285326255905e-10,1.0540508016555791e-11,-6.416557450032013e-10,-6.465598771791556e-10,5.37174380513306e-11,-6.41655745069826e-10,5.059947990875131e-11,6.366060409459935e-08,1.1611045086823867e-07,5.371743818963813e-11,-1.7286515893060986e-10,-6.416557450225149e-10,1.3302156584829209e-10,-6.353285324650769e-10,4.016856849311341e-11,-1.267223827928113e-06,1.11049400408684e-10,1.953385574062706e-10,5.371743827616505e-11,-2.456388209101319e-07,-6.538087434644581e-10,-6.518631419132431e-10,-6.087798608768053e-11,-6.35328532730495e-10,-6.353285326255905e-10,-3.024194358415797e-07,-8.846518342402833e-12,5.371743818963813e-11,2.114596436640191e-11
-1.1873292331036093e-05,5.2366721878587466e-12,6.721406335209262e-12,-5.5057010990027473e-11,-2.724241035297548e-11,-4.4675410433682505e-11,5.860383504570722e-11,-1.3579019769313969e-12,-6.38103138614781e-10,-5.7109879197967e-11,2.020187390109584e-11,2.0806140518856466e-11,-5.864588025084852e-11,-6.381938677915902e-10,9.78658646510657e-08,-6.381938678142308e-10,8.147856362363697e-11,1.941965644202016e-11,-6.087798598307101e-11,-7.357537474015472e-07,-7.980336430414538e-11,6.571675203312507e-12,-6.405245497065936e-10,-6.087798608768053e-11,-5.2991117368437193e-11,3.6310632525581855e-11,4.887029432635649e-11,5.926535513026825e-12,-6.381938678142308e-10,1.1439688566247665e-11,3.835864758160823e-11,8.438359765229903e-12,-6.381938677915902e-10,1.1680050541999511e-11,-6.381031386153895e-10,-6.432399075960499e-10,2.0598646086754495e-11,-6.381031385291268e-10,2.3340949572689555e-11,2.4756097219932005e-11,4.069304719924876e-11,2.0598646086754495e-11,-6.877270115244852e-11,-6.381031386653076e-10,5.198462817577955e-11,-6.381938677627892e-10,1.565365217712094e-11,-1.265143451215165e-06,8.496136306147828e-08,5.860383504570722e-11,2.0598646086754495e-11,-3.8691062565086397e-11,-6.435502071953798e-10,-6.412498802443787e-10,-4.205518023011818e-08,-6.381938677915902e-10,-6.381938677627892e-10,-5.185317824667082e-11,3.7127564705940604e-12,2.059864614594888e-11,-1.7209548223920873e-11
-1.18896649664964e-05,1.6128508891054855e-11,2.609685391744049e-11,-2.4335810933911116e-10,-1.9630809370635116e-07,-1.951324491983669e-10,4.149174291408307e-07,3.628145955971198e-12,-6.546696488115644e-10,-4.267066842850997e-07,7.911833456961038e-11,8.422285368894506e-11,-2.5162854277665243e-10,-6.582391339551733e-10,1.9436993458460917e-10,-6.58239133854454e-10,5.955523137379992e-07,7.275652294728364e-11,-1.9723624185518148e-10,-7.980336430414538e-11,-1.325773251106905e-06,2.346410204420787e-11,-6.645895504168404e-10,-1.9723624183017137e-10,-3.9724997177930307e-07,1.414812810558067e-10,1.9263488278500125e-10,1.7419152774072963e-11,-6.582391339721049e-10,4.6625049421569035e-11,1.6823098828913486e-10,2.9411826372033004e-11,-6.582391338899889e-10,5.544145268671711e-11,-6.546696488561341e-10,-6.789219677180034e-10,8.057327403087664e-11,-6.546696488470373e-10,9.632987425769372e-11,1.1279208968420017e-10,1.8258391055112136e-10,8.057327403087664e-11,-5.418826278190775e-07,-6.546696488561341e-10,2.0459294871507617e-10,-6.582391338899889e-10,6.154991818390169e-11,-1.2815151552332565e-06,1.670600717058534e-10,4.1491742914083697e-07,8.057327395368881e-11,-1.4033862662990628e-10,-6.769820005453458e-10,-6.659986529704669e-10,-7.980336428529811e-11,-6.582391339721049e-10,-6.582391339275775e-10,-1.9466680294210225e-10,4.69705103103754e-08,8.057327403087664e-11,-9.965720152410405e-11
-1.1851562957008159e-05,-1.9373236405976037e-12,-2.0296200805398507e-12,1.4127689631638178e-11,1.7597080710971915e-08,1.1662917498719777e-11,-1.932537370562345e-11,1.1657567529811264e-12,-6.238948030157864e-10,1.7882859367477475e-11,-6.0447348486944955e-12,-5.993272295812507e-12,1.5692046430507515e-11,-6.241400706099755e-10,-1.4554853349699487e-11,-6.241400705962329e-10,-2.6073708299803217e-11,-6.090258961936489e-12,2.171111413137096e-11,6.571675203312507e-12,2.346410204420787e-11,-6.979945700569107e-07,-6.232071574759969e-10,2.1711113823853907e-11,1.653714772158031e-11,-1.0927067869353248e-11,-1.4519164830163456e-11,-2.2633595940991774e-12,-6.241400705962329e-10,-6.505341832774569e-09,-9.952534794465724e-12,-2.8323889980403385e-12,-6.241400705962329e-10,-2.6724227131823477e-12,-6.238948030223385e-10,-6.227079497445949e-10,-6.171805847915099e-12,-6.238948030223385e-10,-6.5673637846110484e-12,-6.065245713607561e-12,-1.0209557199539255e-11,-6.171805657108033e-12,2.0341142706661513e-11,-6.238948030028761e-10,-1.547162853118015e-11,-6.241400705456881e-10,-4.662887982107361e-12,-1.243415922735361e-06,-1.2777947087291931e-11,-1.9325373913133568e-11,-6.1718056570878514e-12,2.4942641229938765e-08,-6.223476600492822e-10,-6.228687748145628e-10,6.571675203312507e-12,-6.241400705962329e-10,-6.241400705575374e-10,1.6232426987561527e-11,-6.816275547664126e-10,-6.1718056570878514e-12,2.417474169405367e-12
0.999969033222077,-6.360258752983922e-10,-6.371050300194156e-10,-6.501193309726352e-10,-6.76328823105106e-10,-1.0811563940425692e-09,-6.647688993113559e-10,-6.279157426351157e-10,0.9999392363466795,-6.832970538864003e-10,-6.448659949689551e-10,-7.595544712492594e-10,-6.433127929072421e-10,0.9999392406422256,-7.062025368488347e-10,0.9999392406422267,-6.730991907096399e-10,-6.166455743012924e-10,-6.470555278206753e-10,-6.405245497065936e-10,-6.645895504168404e-10,-6.232071574759969e-10,0.9999385526120419,-6.470555281537862e-10,-6.812160372185153e-10,-6.752609340808378e-10,-7.504731745006596e-10,-6.448536643675748e-10,0.9999392406422256,-7.386174580272778e-10,-6.974861875822676e-10,-6.497417965890515e-10,0.9999392406422244,-6.447069844271754e-10,0.9999392363466797,0.9999392402553874,-6.747114362027205e-10,0.9999392363466798,-6.489362908281038e-10,-6.893104694347162e-10,-6.856499102701584e-10,-6.747114363187768e-10,-1.5427683049210205e-06,0.9999392363466798,-6.519756194894915e-10,0.9999392406422254,-6.396710224812643e-10,0.9999387401713367,-6.87544518480588e-10,-6.647688989595185e-10,-6.747114365532297e-10,-7.253860075881355e-10,0.9999392363347714,0.9999392862389442,-6.405245494415791e-10,0.9999392406422252,0.9999392406422256,-7.067405824937515e-10,-7.32830439167059e-10,-6.747114363244777e-10,-6.57325804737227e-10
-1.1875377310181548e-05,2.254495450705243e-11,1.7921590478550333e-11,-8.643112594896868e-11,-8.729435688889657e-11,-7.491217563440322e-11,1.953385574062706e-10,-2.180099230188409e-11,-6.416557453641956e-10,-1.6742935114111079e-10,5.248473356110271e-11,9.647893686358002e-08,-1.0756828265019895e-10,-6.353285329666214e-10,1.2396491573978438e-10,-6.35328532901495e-10,2.5242582609678885e-10,5.7187458171387575e-11,-4.8233475235275e-07,-6.087798608768053e-11,-1.9723624183017137e-10,2.1711113823853907e-11,-6.470555281537862e-10,-1.1760472827739518e-06,-1.5400355491553284e-10,9.582045179408274e-11,1.244409819806038e-10,2.7218688415837125e-11,-6.353285328801081e-10,5.175024516464974e-08,1.25216422773057e-07,2.934400810497087e-11,-6.353285329666214e-10,1.0540508110928213e-11,-6.416557451697738e-10,-6.465598774187879e-10,5.371743827616505e-11,-6.416557453641956e-10,5.059947985975496e-11,6.366060409460504e-08,1.1611045086824587e-07,5.3717438261386984e-11,-1.7286515884994486e-10,-6.41655745219644e-10,1.3302156584829209e-10,-6.353285329788156e-10,4.016856901380475e-11,-1.2672238284475338e-06,1.110494002254909e-10,1.953385574062706e-10,5.3717438301011035e-11,-2.4563882091012396e-07,-6.538087439528469e-10,-6.518631422891996e-10,-6.087798608768053e-11,-6.35328532872435e-10,-6.353285329666214e-10,-3.0241943584157207e-07,-8.8465180817203e-12,5.371743818963813e-11,2.114596436640191e-11
-1.1939413762379304e-05,1.3279144966112258e-11,3.350649989783126e-08,-1.3670607394840402e-10,-1.3638149549040048e-07,-1.1102222551981049e-10,1.4751388822740191e-10,-3.753984242507669e-12,-6.751727567404503e-10,-2.8530075539130236e-07,1.0065809758255486e-07,1.0345255968857996e-07,-1.459176685832879e-10,-6.752726150564215e-10,2.448016431268724e-07,-6.75272615095563e-10,2.047217203798355e-10,4.873507570961345e-11,-1.5400355491553284e-10,-5.2991117368437193e-11,-3.9724997177930307e-07,1.653714772158031e-11,-6.812160372185153e-10,-1.5400355491553284e-10,-9.583755570987098e-07,9.090966922765635e-11,1.222674449232607e-10,2.9984709082716735e-08,-6.752726150454236e-10,2.8558958354232658e-11,9.529424562272457e-11,4.233044054816132e-08,-6.752726151187849e-10,2.8849038652130237e-11,-6.751727568148176e-10,-6.878659519156953e-10,5.15592072077859e-11,-6.75172756810217e-10,1.1591138992090125e-07,6.133405432585027e-11,1.0093080686967576e-10,5.155920721688238e-11,-3.424532467965135e-07,-6.751727568596389e-10,1.3007197700791547e-10,-6.75272615031121e-10,7.797630445824316e-08,-1.3312612042675027e-06,1.0681995356193653e-10,1.475138877833919e-10,5.1559207203168705e-11,-9.728454108427943e-11,-6.887674994877097e-10,-6.830881160675471e-10,-5.2991117368437193e-11,-6.752726151208827e-10,-6.752726150454236e-10,-1.3011802557969236e-10,1.7782924663261285e-08,5.1559207222354985e-11,-4.179823737991296e-11
-1.1970588166984018e-05,-1.5956516634474287e-08,-1.1741020817082377e-11,1.0415677202828208e-10,4.566615916903315e-11,8.388870478847835e-11,-9.723346711426094e-11,-2.2888344423112077e-14,-6.796308307529902e-10,1.9466500287135456e-07,-3.54754571382261e-11,-7.420315869298761e-08,1.0890147077632375e-10,-6.78605983291158e-10,-8.682477305412085e-11,-6.78605983291158e-10,-1.3771398620703555e-10,-3.321367854782367e-11,9.582045179408274e-11,3.6310632525581855e-11,1.414812810558067e-10,-1.0927067869353248e-11,-6.752609340808378e-10,9.582045179408274e-11,9.090966922765635e-11,-8.202514758297087e-07,-8.615443696481186e-11,-8.846636128955484e-12,-6.78605983142236e-10,-4.0967152604442805e-08,-7.220896351602334e-11,-1.383811224972547e-11,-6.78605983291158e-10,-2.312153122625671e-11,-6.796308306167468e-10,-6.69496605663532e-10,-7.19574789026341e-08,-6.796308307329035e-10,-4.231230479543656e-11,-4.7737914751848246e-11,-1.547053939275621e-07,-7.195747890263212e-08,1.215447264323425e-10,-6.796308307333358e-10,-9.155951666162172e-11,-6.78605983142236e-10,-2.755397415697761e-11,-1.3624368738809466e-06,-7.492343835977009e-11,-9.723346711426094e-11,-7.195747890263414e-08,6.49347525240255e-11,-6.698013263256552e-10,-6.74372695532759e-10,3.6310632529692574e-11,-6.786059832072986e-10,-6.78605983291158e-10,8.879770063797192e-11,-8.956293049864276e-12,-7.195747890263535e-08,3.891022917444838e-11
-1.2127139079094076e-05,-1.028327007050522e-11,-1.5900309706239998e-11,1.4507238349518752e-10,1.2117303176626905e-07,1.1654849029780854e-10,-1.2907617648655423e-10,-1.2414139738596022e-12,-7.564614122233124e-10,1.3141359541482932e-10,-4.813440009063683e-11,-5.0944528613390313e-11,1.5072775480477468e-10,-7.546361993797949e-10,-2.3502131112821327e-07,-7.546361993797949e-10,-1.8415656951391733e-10,-4.461947895754728e-11,1.2444098195490844e-10,4.887029432635649e-11,1.9263488278500125e-10,-1.4519164830163456e-11,-7.504731745006596e-10,1.244409819806038e-10,1.222674449232607e-10,-8.615443696481186e-11,-9.267501679425262e-07,-1.122059361895615e-11,-7.546361992400869e-10,-2.8168536129920518e-11,-1.0041008602760505e-10,-1.828463709338143e-11,-7.546361992679571e-10,-3.2683837397156504e-11,-7.564614122200017e-10,-1.4774276716256155e-06,-4.903017279532211e-11,-7.564614120385629e-10,-5.807585449048412e-11,-6.691427825910616e-11,-1.0858082907897645e-10,-4.903017279532211e-11,1.6530037326144358e-10,-7.564614122200017e-10,-2.475841014377679e-07,-7.546361993554945e-10,-3.741937168534596e-11,-1.5189809642218159e-06,-2.0235659611127735e-07,-1.2907617642761644e-10,-4.903017282799749e-11,8.659096946944798e-11,-1.4791001231046368e-06,-7.494615836280742e-10,4.887029432635649e-11,-7.546361993797949e-10,-7.546361992073782e-10,1.1934476519346863e-10,-2.663041070857625e-08,-4.9030172659801695e-11,5.715627108178353e-11
-1.1893487983441517e-05,-2.5990483824695635e-12,-1.6649580098387022e-12,4.486167330340397e-12,8.975727239903183e-12,4.365902339862931e-12,-2.0451622397039062e-11,3.0954808829712606e-12,-6.452934492297671e-10,1.6453120586039764e-11,-9.548379744148185e-09,-8.14481603354804e-09,7.130588976761786e-12,-6.462675950163404e-10,-1.1103058079719428e-11,-6.462675950550182e-10,-2.5528093601727595e-11,-5.632364057095548e-12,2.7218688573183538e-11,5.926535513026825e-12,1.7419152774072963e-11,-2.2633595940991774e-12,-6.448536643675748e-10,2.7218688415837125e-11,2.9984709082716735e-08,-8.846636128955484e-12,-1.122059361895615e-11,-7.000686309914029e-07,-6.462675951245808e-10,-2.1503116627573332e-12,-7.029335409007409e-09,-6.2289009161894455e-09,-6.462675951245808e-10,2.318846313989221e-13,-6.452934491398493e-10,-6.453543561555566e-10,-4.921080180839513e-12,-6.452934491429286e-10,-4.018361053182812e-12,-9.714928263511589e-13,-2.471361311224947e-12,-4.921080010675113e-12,1.545035431467602e-11,-6.452934492297671e-10,-1.2034492352576682e-11,-6.462675951635529e-10,-3.640453878071514e-12,-1.2853396577918386e-06,-1.0159372715290594e-11,-2.0451622397039062e-11,-4.9210800491501906e-12,1.265758963470478e-11,-6.443032233267958e-10,-6.442379569809184e-10,5.926535513026825e-12,-6.462675950233301e-10,-6.462675950163404e-10,1.4922240410665036e-11,1.9248116143416993e-12,-4.921080010675113e-12,-5.904101124163424e-12
