1.0000000097937785,-1.9701870058187712e-06,1.0000245541077248,-1.9713132977870405e-06,1.0000245541077273,1.0000231193773463,-2.01582220363989e-06,1.0000245541077315,1.0000245541077242,1.0000234075753174,1.0000245541077302,1.0000245541077277,-1.9735463237006007e-06,1.0000245541077322,1.0000252897738129,1.0000245541077246,1.0000229380712515,-1.9713132953237162e-06,1.0000245541077288,1.0000245541077342,-1.899675492986341e-06,1.0000250953447267,-1.970186971440804e-06,-1.9916231693393686e-06,-1.997296785564972e-06,1.0000245541077288,-1.877759053176574e-06,1.0000229380712586,1.0000221505338738,1.0000250953447278,1.000022150533873,1.0000245541077277,1.0000221505338756,-1.956774128646975e-06,1.0000221505338704,1.0000221505338693,1.0000251446546384,1.000024554107727,1.0000245541077277,-1.973546322658996e-06,-2.002713875298609e-06,1.0000245541077313,1.0000245541077277,1.0000245541077286,1.000024554107721,1.000025095344728,-1.9518157616113392e-06,-1.951815760891403e-06,-1.9713132965028526e-06,1.0000221505338713,1.0000221505338704,1.0000245541077242,-1.9916231705236236e-06,1.0000245541077295,1.0000245541077246,1.000024554107728,1.0000221505338753,1.0000245541077297,-1.97131329576413e-06,-1.971313295523175e-06,-2.0158222040609443e-06,1.000022150533873,1.0000245541077242,1.0000245541077215,1.000024554107725
-1.9701870058187712e-06,-3.255318095353481e-06,-6.729592337446099e-11,4.967260462141479e-11,-6.729592332788277e-11,-1.3613363777081774e-07,-3.3458356747631313e-10,-6.729592338215223e-11,-6.729592321206492e-11,-1.1852812271278015e-07,-6.729592335818174e-11,-6.729592336979791e-11,1.6635896439808665e-06,-6.729592335818174e-11,-7.362044982414788e-11,-6.729592338372943e-11,-1.3105518438432835e-10,4.9672605144951466e-11,-6.729592333390271e-11,-6.729592337806054e-11,-2.772821585389297e-10,-1.2271263184821818e-10,-3.523536779828071e-10,2.5488195240059174e-11,2.482227307288784e-11,-6.729592321206603e-11,4.6497673223403026e-07,-1.3105518439568114e-10,-6.67090469151592e-11,-1.2271263183962243e-10,-6.670904688275805e-11,-6.729592330479593e-11,-6.670904688076518e-11,-2.9618919771962196e-10,-6.670904690696119e-11,-6.670904689183623e-11,-7.053939716086708e-11,-6.729592337474306e-11,-6.72959233870192e-11,-4.7047922958750046e-11,2.5392494224336844e-11,-6.729592328457017e-11,-6.729592336388112e-11,-6.729592337945284e-11,-6.729592325730784e-11,-1.2271263161034176e-10,-2.454221104309107e-07,-2.4542211043091024e-07,4.967260504676646e-11,-6.670904690387508e-11,-6.67090469112865e-11,-6.729592328457283e-11,2.5488194058839104e-11,-6.729592336057381e-11,-6.729592338373068e-11,-6.729592325730784e-11,-6.670904690158865e-11,-6.729592337446099e-11,4.967260430977242e-11,4.967260460717453e-11,-3.3458356747631313e-10,-6.670904692907934e-11,-6.729592325731315e-11,-6.72959234131427e-11,-6.72959233422119e-11
1.0000245541077248,-6.729592337446099e-11,1.0000259577255979,-6.319182780808082e-11,1.0000306354179904,1.0000292022411097,-9.449186984183458e-11,1.0000306354179906,1.0000306354179906,1.0000294892643464,1.0000306354179906,1.0000306354179906,-8.695340292981444e-11,1.0000306354179913,1.0000313721307617,1.0000306354179906,1.000029022435279,-6.319182788950795e-11,1.0000306354179918,1.0000306354179933,-3.0946477672068895e-11,1.0000311777863446,-6.729590817209102e-11,-8.042100688643092e-11,-8.319525312562573e-11,1.000030635417992,-2.3279304066291358e-11,1.0000290224352786,1.0000282333054475,1.0000311777863473,1.0000282333054484,1.0000306354179889,1.000028233305448,-5.949358368457307e-11,1.000028233305448,1.0000282333054475,1.0000312264227835,1.0000306354179909,1.0000306354179909,-8.695340055055269e-11,-8.588053688619397e-11,1.0000306354179904,1.0000306354179906,1.0000306354179906,1.0000306354179906,1.0000311777863482,-4.2683386287666835e-11,-4.2683384939700864e-11,-6.319182756451916e-11,1.000028233305447,1.0000282333054489,1.0000306354179902,-8.04210066737437e-11,1.0000306354179915,1.0000306354179913,1.0000306354179918,1.0000282333054489,1.0000306354179926,-6.31918276720315e-11,-6.319182770051533e-11,-9.449186971928781e-11,1.0000282333054484,1.0000306354179902,1.0000306354179906,1.0000306354179922
-1.9713132977870405e-06,4.967260462141479e-11,-6.319182780808082e-11,-4.816727194614244e-06,-6.319182773983502e-11,-1.372598088533621e-07,-3.712615953536118e-11,-6.319182769294983e-11,-6.31918277215483e-11,-7.025087748147862e-11,-6.319182768124766e-11,-6.319182765830535e-11,1.406950829043378e-10,-6.319182776468368e-11,-6.610737939671913e-11,-6.319182772641572e-11,-8.553607658236579e-11,-1.390091792401878e-07,-6.319182765830535e-11,-6.31918276829237e-11,-3.3600935514541376e-11,-7.9319539750801e-11,4.967260320705511e-11,1.0248355984404099e-11,1.0040907014605906e-11,-6.31918277330542e-11,6.401551554988314e-11,-8.55360765652316e-11,-6.677490759369551e-11,-7.931953953605607e-11,-6.677490760529885e-11,-6.319182773350902e-11,-6.677490755288981e-11,-3.586193970144402e-11,-6.67749076060541e-11,-6.677490759160936e-11,-6.43610061045986e-11,-6.319182774180906e-11,-6.319182775607262e-11,1.4069508134253827e-10,1.0136948714991262e-11,-6.319182765639149e-11,-6.319182762881057e-11,-6.31918277330542e-11,-6.319182778972734e-11,-7.931953965329974e-11,-5.147859507748341e-11,-5.147859518930944e-11,-1.3900917924018854e-07,-6.677490761254874e-11,-6.677490762713946e-11,-6.319182770663005e-11,1.0248355924927171e-11,-6.319182770663005e-11,-6.319182765565916e-11,-6.319182765830535e-11,-6.677490761001169e-11,-6.319182762881057e-11,-1.390091792401889e-07,-1.390091792401869e-07,-3.7126159355487025e-11,-6.67749075817813e-11,-6.319182769226655e-11,-6.319182765448642e-11,-6.319182767079216e-11
1.0000245541077273,-6.729592332788277e-11,1.0000306354179904,-6.319182773983502e-11,1.0000259577256014,1.0000292022411106,-9.44918698325657e-11,1.0000306354179913,1.0000306354179909,1.0000294892643469,1.0000306354179904,1.000030635417992,-8.695340297029447e-11,1.0000306354179924,1.0000313721307632,1.0000306354179926,1.000029022435278,-6.319182780602123e-11,1.000030635417993,1.0000306354179942,-3.094647758335564e-11,1.0000311777863473,-6.72959082012839e-11,-8.042100684330012e-11,-8.319525315835018e-11,1.000030635417992,-2.327930399398441e-11,1.000029022435279,1.0000282333054484,1.000031177786347,1.0000282333054484,1.0000306354179913,1.000028233305449,-5.949358349503205e-11,1.0000282333054489,1.0000282333054473,1.0000312264227855,1.000030635417992,1.0000306354179906,-8.695340061546185e-11,-8.588053691337419e-11,1.0000306354179918,1.0000306354179918,1.0000306354179904,1.0000306354179913,1.0000311777863473,-4.268338631854754e-11,-4.2683384939700864e-11,-6.319182759475934e-11,1.0000282333054473,1.000028233305449,1.0000306354179924,-8.042100663225901e-11,1.0000306354179913,1.0000306354179926,1.0000306354179913,1.0000282333054489,1.0000306354179906,-6.319182754500589e-11,-6.319182769671332e-11,-9.449186973904723e-11,1.0000282333054498,1.0000306354179926,1.0000306354179918,1.0000306354179906
1.0000231193773463,-1.3613363777081774e-07,1.0000292022411097,-1.372598088533621e-07,1.0000292022411106,1.0000230898140858,-1.8177128293577345e-07,1.0000292022411104,1.0000292022411108,1.0000280557054342,1.0000292022411108,1.0000292022411117,-1.3949068877774604e-07,1.0000292022411115,1.000029937909316,1.0000292022411104,1.0000275861995125,-1.3725980898146813e-07,1.0000292022411124,1.0000292022411132,-6.562443703252951e-08,1.0000297434794576,-1.3613360779752972e-07,-1.5757037944962695e-07,-1.6324403105062563e-07,1.0000292022411128,-4.3705086289251025e-08,1.000027586199513,1.0000267986601072,1.0000297434794572,1.0000267986601066,1.0000292022411104,1.0000267986601081,-1.2272323336692954e-07,1.0000267986601072,1.0000267986601066,1.0000297927897441,1.0000292022411112,1.0000292022411106,-1.3949068413225361e-07,-1.686611384089018e-07,1.0000292022411108,1.000029202241112,1.0000292022411104,1.0000292022411117,1.0000297434794585,-1.1776495447647508e-07,-1.1776495166454719e-07,-1.3725980857686212e-07,1.0000267986601064,1.0000267986601081,1.0000292022411112,-1.5757037896136426e-07,1.0000292022411108,1.0000292022411112,1.0000292022411112,1.0000267986601077,1.000029202241112,-1.3725980861291205e-07,-1.3725980879156276e-07,-1.8177128293281397e-07,1.0000267986601066,1.0000292022411117,1.0000292022411108,1.0000292022411115
-2.01582220363989e-06,-3.3458356747631313e-10,-9.449186984183458e-11,-3.712615953536118e-11,-9.44918698325657e-11,-1.8177128293577345e-07,-1.2347694908512318e-06,-9.449186968994375e-11,-9.44918698325657e-11,-6.730927097341898e-08,-9.449186969532963e-11,-9.449186975265629e-11,-5.162870855578028e-10,-9.449186975021296e-11,-9.20554595230931e-11,-9.44918697145002e-11,9.937965835552368e-12,-3.712615997356172e-11,-9.44918696953339e-11,-9.449186972558725e-11,-8.66474202095126e-10,-6.839560047704176e-14,-3.3458356515905484e-10,-3.487911977331645e-11,-3.508977773242516e-11,-9.449186967987018e-11,-3.455886007422383e-10,9.937965881756448e-12,-9.7977237112142e-11,-6.839559568109141e-14,-9.797723702883923e-11,-9.449186974683125e-11,-9.797723708975241e-11,-7.409980346360589e-10,-9.797723706938932e-11,-9.79772370149838e-11,-9.339496534707422e-11,-9.449186973564645e-11,-9.449186977096135e-11,-5.162870844850866e-10,-3.6349763351942676e-11,-9.449186973064413e-11,-9.449186974532614e-11,-9.44918698417916e-11,-9.449186982011491e-11,-6.839558182551974e-14,6.810241313014972e-11,6.810241387508344e-11,-3.712615977007972e-11,-9.797723711129031e-11,-9.797723708229118e-11,-9.449186982406871e-11,-3.4879120047318475e-11,-9.4491869766435e-11,-9.4491869835561e-11,-9.449186969754665e-11,-9.797723714821415e-11,-9.449186975265629e-11,-3.7126159355487025e-11,-3.712615953536118e-11,3.4432206853037806e-06,-9.79772371226709e-11,-9.449186974532614e-11,-9.44918698325657e-11,-9.449186969499512e-11
1.0000245541077315,-6.729592338215223e-11,1.0000306354179906,-6.319182769294983e-11,1.0000306354179913,1.0000292022411104,-9.449186968994375e-11,1.000025957725599,1.0000306354179898,1.0000294892643464,1.0000306354179898,1.0000306354179913,-8.695340310787256e-11,1.0000306354179913,1.000031372130764,1.0000306354179915,1.0000290224352786,-6.319182781536491e-11,1.0000306354179924,1.0000306354179929,-3.094647767631067e-11,1.0000311777863455,-6.729590815627995e-11,-8.042100689166368e-11,-8.319525305219885e-11,1.0000306354179929,-2.327930401919078e-11,1.000029022435279,1.0000282333054475,1.0000311777863462,1.0000282333054475,1.0000306354179904,1.0000282333054484,-5.949358362998371e-11,1.0000282333054478,1.0000282333054469,1.0000312264227837,1.0000306354179909,1.0000306354179913,-8.695340057500255e-11,-8.588053701774412e-11,1.0000306354179895,1.0000306354179906,1.0000306354179889,1.0000306354179909,1.0000311777863473,-4.26833863906695e-11,-4.268338491196234e-11,-6.319182763880618e-11,1.0000282333054473,1.0000282333054484,1.0000306354179915,-8.042100662422597e-11,1.000030635417991,1.0000306354179906,1.0000306354179906,1.0000282333054489,1.000030635417992,-6.319182769040389e-11,-6.319182765821261e-11,-9.449186977965096e-11,1.0000282333054484,1.0000306354179918,1.000030635417989,1.0000306354179906
1.0000245541077242,-6.729592321206492e-11,1.0000306354179906,-6.31918277215483e-11,1.0000306354179909,1.0000292022411108,-9.44918698325657e-11,1.0000306354179898,1.0000259577255985,1.0000294892643466,1.0000306354179898,1.0000306354179913,-8.695340310690817e-11,1.0000306354179913,1.0000313721307637,1.0000306354179915,1.0000290224352781,-6.319182773728883e-11,1.0000306354179929,1.0000306354179929,-3.0946477672068895e-11,1.000031177786346,-6.729590820802692e-11,-8.042100691144121e-11,-8.319525312467116e-11,1.0000306354179933,-2.3279304094522334e-11,1.000029022435279,1.0000282333054475,1.0000311777863462,1.0000282333054484,1.000030635417991,1.0000282333054489,-5.949358360768918e-11,1.0000282333054475,1.000028233305448,1.0000312264227826,1.0000306354179918,1.0000306354179913,-8.695340065844017e-11,-8.588053685523527e-11,1.0000306354179895,1.0000306354179913,1.0000306354179898,1.0000306354179915,1.0000311777863473,-4.2683386389982705e-11,-4.268338488737946e-11,-6.319182766120044e-11,1.0000282333054473,1.000028233305449,1.0000306354179913,-8.042100667799121e-11,1.0000306354179913,1.0000306354179913,1.0000306354179906,1.0000282333054489,1.000030635417992,-6.319182760928734e-11,-6.319182770051533e-11,-9.449186971928781e-11,1.0000282333054484,1.000030635417992,1.0000306354179898,1.0000306354179906
1.0000234075753174,-1.1852812271278015e-07,1.0000294892643464,-7.025087748147862e-11,1.0000294892643469,1.0000280557054342,-6.730927097341898e-08,1.0000294892643464,1.0000294892643466,1.0000236707463097,1.0000294892643469,1.0000294892643473,-7.612599035684372e-11,1.0000294892643482,1.0000302253323556,1.0000294892643473,1.0000278721629625,-7.025087754862449e-11,1.0000294892643473,1.0000294892643498,-2.133547054795921e-07,1.0000300279478047,-1.1852809282884992e-07,-1.5892258846252815e-07,-1.6446856783139913e-07,1.0000294892643493,-1.1984904270350717e-11,1.0000278721629614,1.000027087149592,1.0000300279478043,1.0000270871495909,1.000029489264346,1.000027087149591,-1.3029066283201792e-10,1.0000270871495927,1.000027087149592,1.000030079966166,1.0000294892643473,1.0000294892643466,-7.612598808591329e-11,-1.697339701373556e-07,1.0000294892643466,1.000029489264348,1.000029489264346,1.0000294892643466,1.0000300279478056,-3.8105485492412414e-11,-3.810548418605388e-11,-7.025087734820457e-11,1.0000270871495902,1.000027087149592,1.0000294892643464,-1.5892258797426474e-07,1.0000294892643469,1.0000294892643484,1.0000294892643466,1.0000270871495915,1.0000294892643486,-7.025087736389213e-11,-7.025087745767755e-11,-6.730927097045936e-08,1.0000270871495907,1.000029489264348,1.0000294892643466,1.000029489264348
1.0000245541077302,-6.729592335818174e-11,1.0000306354179906,-6.319182768124766e-11,1.0000306354179904,1.0000292022411108,-9.449186969532963e-11,1.0000306354179898,1.0000306354179898,1.0000294892643469,1.0000259577255937,1.000030635417991,-8.695340297029447e-11,1.0000306354179918,1.0000313721307632,1.0000306354179906,1.0000290224352788,-6.319182773728883e-11,1.0000306354179924,1.0000306354179933,-3.094647761697717e-11,1.0000311777863458,-6.729590815626845e-11,-8.042100685273122e-11,-8.319525307968212e-11,1.0000306354179933,-2.32793039906822e-11,1.000029022435279,1.0000282333054484,1.0000311777863478,1.0000282333054484,1.00003063541799,1.0000282333054489,-5.949358361369388e-11,1.000028233305448,1.0000282333054484,1.0000312264227837,1.0000306354179913,1.000030635417991,-8.695340056773847e-11,-8.588053693897378e-11,1.00003063541799,1.000030635417991,1.0000306354179904,1.0000306354179915,1.0000311777863482,-4.2683386389982705e-11,-4.268338488737946e-11,-6.319182767476514e-11,1.0000282333054475,1.000028233305449,1.000030635417992,-8.042100671002735e-11,1.0000306354179915,1.0000306354179913,1.0000306354179913,1.000028233305449,1.0000306354179924,-6.319182757866365e-11,-6.319182770051533e-11,-9.449186984864846e-11,1.0000282333054484,1.0000306354179918,1.0000306354179895,1.000030635417992
1.0000245541077277,-6.729592336979791e-11,1.0000306354179906,-6.319182765830535e-11,1.000030635417992,1.0000292022411117,-9.449186975265629e-11,1.0000306354179913,1.0000306354179913,1.0000294892643473,1.000030635417991,1.0000259577256014,-8.695340296984195e-11,1.0000306354179926,1.0000313721307637,1.0000306354179924,1.00002902243528,-6.319182779662966e-11,1.0000306354179926,1.000030635417993,-3.094647764626834e-11,1.0000311777863469,-6.729590815243886e-11,-8.042100685003661e-11,-8.319525305066985e-11,1.0000306354179944,-2.327930405640133e-11,1.0000290224352797,1.0000282333054482,1.0000311777863473,1.0000282333054489,1.000030635417992,1.0000282333054498,-5.949358366056308e-11,1.0000282333054487,1.0000282333054478,1.0000312264227846,1.0000306354179924,1.0000306354179918,-8.695340057500255e-11,-8.588053692974512e-11,1.0000306354179906,1.000030635417992,1.0000306354179902,1.0000306354179913,1.0000311777863473,-4.268338632969921e-11,-4.268338484244204e-11,-6.319182766120044e-11,1.0000282333054489,1.0000282333054493,1.0000306354179924,-8.042100668675063e-11,1.0000306354179929,1.0000306354179926,1.0000306354179909,1.0000282333054498,1.0000306354179933,-6.319182759820812e-11,-6.319182765359992e-11,-9.449186972574459e-11,1.000028233305449,1.0000306354179929,1.0000306354179906,1.0000306354179926
-1.9735463237006007e-06,1.6635896439808665e-06,-8.695340292981444e-11,1.406950829043378e-10,-8.695340297029447e-11,-1.3949068877774604e-07,-5.162870855578028e-10,-8.695340310787256e-11,-8.695340310690817e-11,-7.612599035684372e-11,-8.695340297029447e-11,-8.695340296984195e-11,-3.573514246574356e-06,-8.695340293457005e-11,-8.210210499525201e-11,-8.695340295605843e-11,-1.6202518920154947e-10,1.406950829043378e-10,-8.6953402992333e-11,-8.695340297492388e-11,-5.29072757080441e-10,-1.7496361346551212e-10,-4.704792257647971e-11,6.6871499289848935e-12,8.159114166258686e-12,-8.695340297492388e-11,8.170839698966821e-07,-1.620251892319345e-10,-6.513533585532862e-11,-1.7496361354764363e-10,-6.513533572821049e-11,-8.695340297130697e-11,-6.5135335744735e-11,-5.428454322632172e-10,-6.513533600469774e-11,-6.513533576600304e-11,-8.533852440445406e-11,-8.695340296947059e-11,-8.695340310116498e-11,-1.7555084576009794e-10,1.0504165184082177e-11,-8.695340299233297e-11,-8.695340297029447e-11,-8.695340292169627e-11,-8.695340293317927e-11,-1.7496361350760496e-10,3.5928023977794694e-10,3.592802391796532e-10,1.406950829043378e-10,-6.513533572821049e-11,-6.513533583185533e-11,-8.6953403035688e-11,6.6871499289848935e-12,-8.695340307907627e-11,-8.695340297029447e-11,-8.695340297130697e-11,-6.513533572821049e-11,-8.695340302315063e-11,1.4069508268509798e-10,1.4069508220871331e-10,-5.162870855848048e-10,-6.513533586989454e-11,-8.69534030665435e-11,-8.69534030665435e-11,-8.695340287000318e-11
1.0000245541077322,-6.729592335818174e-11,1.0000306354179913,-6.319182776468368e-11,1.0000306354179924,1.0000292022411115,-9.449186975021296e-11,1.0000306354179913,1.0000306354179913,1.0000294892643482,1.0000306354179918,1.0000306354179926,-8.695340293457005e-11,1.0000259577255979,1.0000313721307652,1.0000306354179929,1.0000290224352797,-6.319182783785836e-11,1.0000306354179938,1.000030635417995,-3.094647765553288e-11,1.0000311777863475,-6.72959081292414e-11,-8.042100690458344e-11,-8.319525310610397e-11,1.000030635417995,-2.3279304094358643e-11,1.00002902243528,1.0000282333054498,1.0000311777863478,1.0000282333054493,1.000030635417992,1.00002823330545,-5.949358360931091e-11,1.0000282333054498,1.000028233305449,1.0000312264227849,1.0000306354179924,1.0000306354179913,-8.695340056773847e-11,-8.588053685523527e-11,1.0000306354179913,1.0000306354179926,1.0000306354179918,1.000030635417992,1.0000311777863489,-4.2683386262007706e-11,-4.268338492830011e-11,-6.319182765018608e-11,1.0000282333054493,1.0000282333054498,1.000030635417992,-8.042100661902895e-11,1.0000306354179926,1.0000306354179926,1.0000306354179913,1.00002823330545,1.0000306354179926,-6.319182749635366e-11,-6.319182765677786e-11,-9.449186975076762e-11,1.0000282333054504,1.0000306354179924,1.0000306354179915,1.000030635417992
1.0000252897738129,-7.362044982414788e-11,1.0000313721307617,-6.610737939671913e-11,1.0000313721307632,1.000029937909316,-9.20554595230931e-11,1.000031372130764,1.0000313721307637,1.0000302253323556,1.0000313721307632,1.0000313721307637,-8.210210499525201e-11,1.0000313721307652,1.0000274305779748,1.0000313721307639,1.000029760003781,-6.610737947772831e-11,1.0000313721307645,1.0000313721307657,-1.9369642499388323e-11,1.0000319165311362,-7.362043468508301e-11,-7.994206274254743e-11,-1.648300695866435e-07,1.0000313721307643,-2.8868367218122148e-11,1.000029760003781,1.000028968807566,1.0000319165311367,1.0000289688075668,1.0000313721307628,1.0000289688075672,-4.83017505923958e-11,1.0000289688075668,1.0000289688075672,1.0000319628932224,1.0000313721307639,1.0000313721307632,-8.210210260770336e-11,-1.7027912677017537e-07,1.0000313721307637,1.000031372130764,1.000031372130763,1.0000313721307637,1.000031916531138,-5.595293452807816e-11,-5.5952933136808026e-11,-6.610737923994621e-11,1.0000289688075656,1.0000289688075674,1.0000313721307639,-7.99420627841875e-11,1.000031372130763,1.000031372130765,1.0000313721307637,1.0000289688075668,1.0000313721307632,-6.610737929472392e-11,-6.610737939604349e-11,-9.205545959145233e-11,1.0000289688075674,1.0000313721307637,1.0000313721307634,1.000031372130763
1.0000245541077246,-6.729592338372943e-11,1.0000306354179906,-6.319182772641572e-11,1.0000306354179926,1.0000292022411104,-9.44918697145002e-11,1.0000306354179915,1.0000306354179915,1.0000294892643473,1.0000306354179906,1.0000306354179924,-8.695340295605843e-11,1.0000306354179929,1.0000313721307639,1.000025957725601,1.0000290224352801,-6.319182773455033e-11,1.0000306354179929,1.0000306354179946,-3.0946477743440255e-11,1.0000311777863464,-6.729590816978989e-11,-8.04210068919463e-11,-8.319525310592322e-11,1.0000306354179938,-2.3279304061849795e-11,1.0000290224352797,1.000028233305449,1.000031177786347,1.0000282333054484,1.000030635417992,1.0000282333054498,-5.949358363707459e-11,1.000028233305449,1.0000282333054487,1.0000312264227855,1.0000306354179918,1.0000306354179918,-8.6953400558408e-11,-8.588053692974512e-11,1.000030635417992,1.0000306354179926,1.0000306354179909,1.0000306354179918,1.0000311777863478,-4.268338632969921e-11,-4.268338494428762e-11,-6.319182747704472e-11,1.0000282333054484,1.00002823330545,1.0000306354179924,-8.042100660890138e-11,1.000030635417992,1.000030635417993,1.000030635417991,1.0000282333054493,1.0000306354179915,-6.319182750917054e-11,-6.319182769519423e-11,-9.449186984448995e-11,1.0000282333054489,1.0000306354179929,1.0000306354179915,1.0000306354179926
1.0000229380712515,-1.3105518438432835e-10,1.000029022435279,-8.553607658236579e-11,1.000029022435278,1.0000275861995125,9.937965835552368e-12,1.0000290224352786,1.0000290224352781,1.0000278721629625,1.0000290224352788,1.00002902243528,-1.6202518920154947e-10,1.0000290224352797,1.000029760003781,1.0000290224352801,1.0000227643411688,-8.553607664102661e-11,1.0000290224352781,1.0000290224352806,5.4739582575755835e-11,1.0000295975184064,-1.3105516930597187e-10,-1.6873922747144805e-07,-1.7435016647330048e-07,1.0000290224352792,-1.912535350681005e-07,1.000027442036198,1.000026615916138,1.0000295975184064,1.0000266159161384,1.0000290224352792,1.0000266159161397,3.078439530672925e-11,1.000026615916139,1.0000266159161382,1.0000296140545888,1.0000290224352801,1.0000290224352792,-1.6202518687689048e-10,-1.8030594086819225e-07,1.0000290224352781,1.00002902243528,1.0000290224352788,1.000029022435279,1.000029597518407,-5.861679095815322e-11,-5.861678957047802e-11,-8.553607646572873e-11,1.0000266159161377,1.0000266159161393,1.000029022435279,-1.6873922698318493e-07,1.0000290224352797,1.0000290224352797,1.000029022435278,1.0000266159161397,1.0000290224352795,-8.553607652231907e-11,-8.553607655717765e-11,9.93796589544004e-12,1.0000266159161386,1.0000290224352788,1.000029022435278,1.0000290224352806
-1.9713132953237162e-06,4.9672605144951466e-11,-6.319182788950795e-11,-1.390091792401878e-07,-6.319182780602123e-11,-1.3725980898146813e-07,-3.712615997356172e-11,-6.319182781536491e-11,-6.319182773728883e-11,-7.025087754862449e-11,-6.319182773728883e-11,-6.319182779662966e-11,1.406950829043378e-10,-6.319182783785836e-11,-6.610737947772831e-11,-6.319182773455033e-11,-8.553607664102661e-11,-4.816727194614244e-06,-6.3191827840839e-11,-6.319182775951455e-11,-3.360093498222695e-11,-7.93195396786959e-11,4.9672603207055145e-11,1.0248356018614394e-11,1.0040906760125552e-11,-6.319182788950795e-11,6.40155157675697e-11,-8.55360766848238e-11,-6.677490770124053e-11,-7.93195396886e-11,-6.677490768977237e-11,-6.319182783290157e-11,-6.67749076891492e-11,-3.5861939879984e-11,-6.677490768496193e-11,-6.677490767334414e-11,-6.436100615651759e-11,-6.319182770980468e-11,-6.319182782603866e-11,1.406950809354968e-10,1.0136948714991262e-11,-6.319182773728883e-11,-6.319182783290157e-11,-6.319182782912206e-11,-6.319182783290157e-11,-7.931953958913994e-11,-5.147859507748341e-11,-5.147859478009908e-11,-1.3900917924018642e-07,-6.677490771153006e-11,-6.677490766106132e-11,-6.319182788950795e-11,1.0248356018614394e-11,-6.319182780602123e-11,-6.319182781536491e-11,-6.319182786876836e-11,-6.677490771246927e-11,-6.319182781882614e-11,-1.3900917924018743e-07,-1.3900917924018489e-07,-3.712615953536142e-11,-6.67749076788703e-11,-6.319182775951455e-11,-6.319182782900057e-11,-6.319182770980468e-11
1.0000245541077288,-6.729592333390271e-11,1.0000306354179918,-6.319182765830535e-11,1.000030635417993,1.0000292022411124,-9.44918696953339e-11,1.0000306354179924,1.0000306354179929,1.0000294892643473,1.0000306354179924,1.0000306354179926,-8.6953402992333e-11,1.0000306354179938,1.0000313721307645,1.0000306354179929,1.0000290224352781,-6.3191827840839e-11,1.000025957725598,1.0000306354179944,-3.0946477650249945e-11,1.0000311777863489,-6.72959082234213e-11,-8.042100686896796e-11,-8.319525307587685e-11,1.0000306354179929,-2.3279304026177334e-11,1.0000290224352801,1.0000282333054489,1.000031177786347,1.000028233305449,1.000030635417992,1.0000282333054504,-5.949358372723998e-11,1.0000282333054493,1.000028233305449,1.0000312264227862,1.0000306354179926,1.000030635417992,-8.695340059778384e-11,-8.588053688921614e-11,1.0000306354179929,1.0000306354179929,1.0000306354179906,1.0000306354179918,1.0000311777863495,-4.2683386289423534e-11,-4.268338494458851e-11,-6.319182759267282e-11,1.0000282333054484,1.0000282333054502,1.000030635417992,-8.042100661902895e-11,1.0000306354179924,1.0000306354179933,1.0000306354179918,1.000028233305451,1.0000306354179929,-6.319182761462212e-11,-6.319182766721128e-11,-9.449186990958497e-11,1.000028233305449,1.0000306354179929,1.0000306354179926,1.0000306354179926
1.0000245541077342,-6.729592337806054e-11,1.0000306354179933,-6.31918276829237e-11,1.0000306354179942,1.0000292022411132,-9.449186972558725e-11,1.0000306354179929,1.0000306354179929,1.0000294892643498,1.0000306354179933,1.000030635417993,-8.695340297492388e-11,1.000030635417995,1.0000313721307657,1.0000306354179946,1.0000290224352806,-6.319182775951455e-11,1.0000306354179944,1.0000259577255999,-3.094647778594452e-11,1.0000311777863493,-6.72959081570565e-11,-8.042100691144127e-11,-8.319525312467116e-11,1.000030635417995,-2.3279304035015875e-11,1.0000290224352817,1.00002823330545,1.0000311777863493,1.000028233305451,1.0000306354179926,1.0000282333054513,-5.949358364176093e-11,1.0000282333054509,1.0000282333054504,1.0000312264227869,1.0000306354179933,1.000030635417994,-8.695340057651422e-11,-8.588053694763536e-11,1.0000306354179929,1.0000306354179933,1.0000306354179926,1.0000306354179944,1.0000311777863498,-4.268338633102806e-11,-4.2683384932897316e-11,-6.319182757007382e-11,1.0000282333054504,1.0000282333054513,1.0000306354179933,-8.042100664669695e-11,1.0000306354179942,1.0000306354179942,1.0000306354179938,1.0000282333054509,1.0000306354179942,-6.319182756517763e-11,-6.319182761602573e-11,-9.4491869669484e-11,1.0000282333054509,1.000030635417993,1.0000306354179926,1.0000306354179933
-1.899675492986341e-06,-2.772821585389297e-10,-3.0946477672068895e-11,-3.3600935514541376e-11,-3.094647758335564e-11,-6.562443703252951e-08,-8.66474202095126e-10,-3.094647767631067e-11,-3.0946477672068895e-11,-2.133547054795921e-07,-3.094647761697717e-11,-3.094647764626834e-11,-5.29072757080441e-10,-3.094647765553288e-11,-1.9369642499388323e-11,-3.0946477743440255e-11,5.4739582575755835e-11,-3.360093498222695e-11,-3.0946477650249945e-11,-3.094647778594452e-11,-1.0857995954677061e-06,4.68013396115339e-11,-2.7728215687266353e-10,-3.1330272965283126e-11,-3.025189050297434e-11,-3.094647760920325e-11,-3.986875003625758e-10,5.473958266637029e-11,-3.467086371812416e-11,4.6801339613617196e-11,-3.467086374561699e-11,-3.09464777057178e-11,-3.4670863617097024e-11,3.419937066842402e-06,-3.467086366164444e-11,-3.467086375495703e-11,-2.4852524228117717e-11,-3.09464777057178e-11,-3.094647758993907e-11,-5.290727559217477e-10,-3.139352406513534e-11,-3.0946477602098805e-11,-3.094647767133083e-11,-3.094647767631091e-11,-3.094647758296458e-11,4.6801339582442723e-11,5.808109822937415e-11,5.808109878703171e-11,-3.360093507233481e-11,-3.467086363661255e-11,-3.467086380620425e-11,-3.094647773393045e-11,-3.133027215814059e-11,-3.094647773672257e-11,-3.094647774490717e-11,-3.094647773394934e-11,-3.467086378745159e-11,-3.09464777347153e-11,-3.3600935514541376e-11,-3.3600935514536206e-11,-8.66474200755636e-10,-3.467086369234672e-11,-3.094647767411561e-11,-3.094647758335564e-11,-3.094647767631091e-11
1.0000250953447267,-1.2271263184821818e-10,1.0000311777863446,-7.9319539750801e-11,1.0000311777863473,1.0000297434794576,-6.839560047704176e-14,1.0000311777863455,1.000031177786346,1.0000300279478047,1.0000311777863458,1.0000311777863469,-1.7496361346551212e-10,1.0000311777863475,1.0000319165311362,1.0000311777863464,1.0000295975184064,-7.93195396786959e-11,1.0000311777863489,1.0000311777863493,4.68013396115339e-11,1.0000270730648289,-1.2271261674925283e-10,-8.585264555094636e-11,-8.856769630513215e-11,1.0000311777863489,-1.7884135854003418e-07,1.000029597518407,1.0000287733709672,1.0000317507593675,1.0000287733709665,1.0000311777863458,1.0000287733709678,2.2911072534724626e-11,1.0000287733709676,1.0000287733709665,1.0000317699127006,1.0000311777863473,1.0000311777863462,-1.7496361111312732e-10,-9.148103916049501e-11,1.0000311777863462,1.0000311777863462,1.0000311777863458,1.0000311777863464,1.0000317507593683,-3.559280486083954e-11,-3.559280333361948e-11,-7.931953951021281e-11,1.0000287733709659,1.0000287733709674,1.0000311777863475,-8.585264529574633e-11,1.0000311777863462,1.0000311777863464,1.0000311777863475,1.000028773370968,1.0000311777863473,-7.931953961277271e-11,-7.931953971752646e-11,-6.839560949234606e-14,1.0000287733709665,1.0000311777863475,1.0000311777863469,1.0000311777863469
-1.970186971440804e-06,-3.523536779828071e-10,-6.729590817209102e-11,4.967260320705511e-11,-6.72959082012839e-11,-1.3613360779752972e-07,-3.3458356515905484e-10,-6.729590815627995e-11,-6.729590820802692e-11,-1.1852809282884992e-07,-6.729590815626845e-11,-6.729590815243886e-11,-4.704792257647971e-11,-6.72959081292414e-11,-7.362043468508301e-11,-6.729590816978989e-11,-1.3105516930597187e-10,4.9672603207055145e-11,-6.72959082234213e-11,-6.72959081570565e-11,-2.7728215687266353e-10,-1.2271261674925283e-10,-3.255318096494664e-06,2.5488194742560034e-11,2.4822273243948457e-11,-6.729590825578812e-11,4.6497673237385475e-07,-1.3105516931945752e-10,-6.670903183813067e-11,-1.2271261651008317e-10,-6.670903184074283e-11,-6.729590825578677e-11,-6.670903185215785e-11,-2.9618919896538973e-10,-6.670903184675296e-11,-6.670903178959562e-11,-7.053938191224088e-11,-6.729590815627995e-11,-6.729590824407527e-11,1.6635896449530916e-06,2.539249477621217e-11,-6.729590825578812e-11,-6.729590815626845e-11,-6.729590832593079e-11,-6.729590823645938e-11,-1.227126164958264e-10,-2.45422110628914e-07,-2.4542211062892007e-07,4.967260309137337e-11,-6.670903177500095e-11,-6.670903184675296e-11,-6.729590813342412e-11,2.548819444640157e-11,-6.72959082012839e-11,-6.729590815243886e-11,-6.729590826481138e-11,-6.670903182108528e-11,-6.72959081292414e-11,4.967260378853655e-11,4.9672603207055145e-11,-3.3458356515905484e-10,-6.67090318037972e-11,-6.729590817422581e-11,-6.729590822962569e-11,-6.729590825578812e-11
-1.9916231693393686e-06,2.5488195240059174e-11,-8.042100688643092e-11,1.0248355984404099e-11,-8.042100684330012e-11,-1.5757037944962695e-07,-3.487911977331645e-11,-8.042100689166368e-11,-8.042100691144121e-11,-1.5892258846252815e-07,-8.042100685273122e-11,-8.042100685003661e-11,6.6871499289848935e-12,-8.042100690458344e-11,-7.994206274254743e-11,-8.04210068919463e-11,-1.6873922747144805e-07,1.0248356018614394e-11,-8.042100686896796e-11,-8.042100691144127e-11,-3.1330272965283126e-11,-8.585264555094636e-11,2.5488194742560034e-11,-4.677648404523942e-06,2.809997473699693e-10,-8.042100690618428e-11,2.5660302389056057e-11,-1.687392274714478e-07,-1.5694651233228453e-07,-8.585264552457979e-11,-1.5694651233228423e-07,-8.042100693039013e-11,-1.5694651233228447e-07,-3.225265427599819e-11,-1.5694651233228423e-07,-1.5694651233228447e-07,-8.024173787653172e-11,-8.042100689545216e-11,-8.042100693039013e-11,6.687149417258679e-12,6.007309183921698e-10,-8.042100689673964e-11,-8.042100690517832e-11,-8.042100692858316e-11,-8.042100688571029e-11,-8.585264555122375e-11,2.820931817604961e-11,2.820931817604961e-11,1.0248355974107842e-11,-1.5694651233228405e-07,-1.569465123322847e-07,-8.04210069018091e-11,4.387409761829144e-11,-8.042100693039013e-11,-8.042100690517832e-11,-8.042100690416134e-11,-1.5694651233228495e-07,-8.042100690695058e-11,1.0248355974107799e-11,1.0248355974107799e-11,-3.4879120047318475e-11,-1.5694651233228463e-07,-8.04210068875318e-11,-8.042100689901116e-11,-8.042100686741464e-11
-1.997296785564972e-06,2.482227307288784e-11,-8.319525312562573e-11,1.0040907014605906e-11,-8.319525315835018e-11,-1.6324403105062563e-07,-3.508977773242516e-11,-8.319525305219885e-11,-8.319525312467116e-11,-1.6446856783139913e-07,-8.319525307968212e-11,-8.319525305066985e-11,8.159114166258686e-12,-8.319525310610397e-11,-1.648300695866435e-07,-8.319525310592322e-11,-1.7435016647330048e-07,1.0040906760125552e-11,-8.319525307587685e-11,-8.319525312467116e-11,-3.025189050297434e-11,-8.856769630513215e-11,2.4822273243948457e-11,2.809997473699693e-10,-4.677194794878362e-06,-8.319525307783833e-11,2.5219602331216838e-11,-1.7435016647330016e-07,-1.626474627389054e-07,-8.856769626060381e-11,-1.6264746273890453e-07,-8.319525306540833e-11,-1.626474627389059e-07,-3.1265618953752665e-11,-1.6264746273890527e-07,-1.6264746273890493e-07,-8.30414710580216e-11,-8.319525304951745e-11,-8.319525307968212e-11,8.159114116585298e-12,8.034257065645161e-10,-8.319525310628379e-11,-8.319525312562573e-11,-8.319525306066245e-11,-8.319525305099267e-11,-8.856769633947363e-11,2.5885445807953104e-11,2.5885445739409687e-11,1.0040906629241122e-11,-1.626474627389046e-07,-1.6264746273890604e-07,-8.319525306737054e-11,2.809997473694863e-10,-8.319525312562573e-11,-8.319525312413057e-11,-8.319525314577934e-11,-1.6264746273890646e-07,-8.319525306540833e-11,1.0040906760125552e-11,1.0040907014605906e-11,-3.508977773242516e-11,-1.6264746273890503e-07,-8.319525304375046e-11,-8.319525306029758e-11,-8.319525314185009e-11
1.0000245541077288,-6.729592321206603e-11,1.000030635417992,-6.31918277330542e-11,1.000030635417992,1.0000292022411128,-9.449186967987018e-11,1.0000306354179929,1.0000306354179933,1.0000294892643493,1.0000306354179933,1.0000306354179944,-8.695340297492388e-11,1.000030635417995,1.0000313721307643,1.0000306354179938,1.0000290224352792,-6.319182788950795e-11,1.0000306354179929,1.000030635417995,-3.094647760920325e-11,1.0000311777863489,-6.729590825578812e-11,-8.042100690618428e-11,-8.319525307783833e-11,1.000025957725601,-2.3279304041539622e-11,1.000029022435281,1.0000282333054504,1.0000311777863489,1.0000282333054498,1.0000306354179933,1.0000282333054513,-5.949358364455005e-11,1.00002823330545,1.0000282333054493,1.0000312264227864,1.0000306354179942,1.0000306354179926,-8.695340058190728e-11,-8.588053699513208e-11,1.000030635417992,1.0000306354179938,1.000030635417993,1.0000306354179933,1.0000311777863493,-4.2683386389967144e-11,-4.2683385033224314e-11,-6.319182764883042e-11,1.0000282333054493,1.00002823330545,1.0000306354179926,-8.042100667029595e-11,1.0000306354179929,1.0000306354179938,1.000030635417992,1.0000282333054504,1.0000306354179926,-6.319182754291616e-11,-6.319182770203256e-11,-9.449186981639866e-11,1.0000282333054502,1.0000306354179938,1.0000306354179922,1.0000306354179926
-1.877759053176574e-06,4.6497673223403026e-07,-2.3279304066291358e-11,6.401551554988314e-11,-2.327930399398441e-11,-4.3705086289251025e-08,-3.455886007422383e-10,-2.327930401919078e-11,-2.3279304094522334e-11,-1.1984904270350717e-11,-2.32793039906822e-11,-2.327930405640133e-11,8.170839698966821e-07,-2.3279304094358643e-11,-2.8868367218122148e-11,-2.3279304061849795e-11,-1.912535350681005e-07,6.40155157675697e-11,-2.3279304026177334e-11,-2.3279304035015875e-11,-3.986875003625758e-10,-1.7884135854003418e-07,4.6497673237385475e-07,2.5660302389056057e-11,2.5219602331216838e-11,-2.3279304041539622e-11,-4.102976785769389e-06,-1.9125353506810008e-07,-1.958984827392047e-11,-1.7884135854003592e-07,-1.958984817969415e-11,-2.3279304066287438e-11,-1.9589848207776348e-11,-4.1454796551035515e-10,-1.9589848186069833e-11,-1.9589848197721673e-11,-2.6265439744904993e-11,-2.32793039796052e-11,-2.3279304026177334e-11,8.170839700123556e-07,2.6122442575891935e-11,-2.327930405640133e-11,-2.3279303979611528e-11,-2.3279304038586423e-11,-2.32793040943587e-11,-1.7884135854003447e-07,-1.2754889559708707e-07,-1.2754889559708995e-07,6.401551549101383e-11,-1.9589848306788752e-11,-1.958984810566956e-11,-2.3279304066287438e-11,2.566030238402954e-11,-2.327930409436185e-11,-2.3279303975505878e-11,-2.3279303937131354e-11,-1.958984816759234e-11,-2.327930405640133e-11,6.401551562965798e-11,6.40155157675697e-11,-3.455886007422383e-10,-1.9589848310394558e-11,-2.327930405640133e-11,-2.3279303971632653e-11,-2.327930405640133e-11
1.0000229380712586,-1.3105518439568114e-10,1.0000290224352786,-8.55360765652316e-11,1.000029022435279,1.000027586199513,9.937965881756448e-12,1.000029022435279,1.000029022435279,1.0000278721629614,1.000029022435279,1.0000290224352797,-1.620251892319345e-10,1.00002902243528,1.000029760003781,1.0000290224352797,1.000027442036198,-8.55360766848238e-11,1.0000290224352801,1.0000290224352817,5.473958266637029e-11,1.000029597518407,-1.3105516931945752e-10,-1.687392274714478e-07,-1.7435016647330016e-07,1.000029022435281,-1.9125353506810008e-07,1.000022764341178,1.000026615916139,1.0000295975184066,1.0000266159161386,1.0000290224352784,1.000026615916141,3.078439528876918e-11,1.0000266159161382,1.0000266159161386,1.0000296140545903,1.0000290224352801,1.0000290224352792,-1.620251869589501e-10,-1.8030594086819174e-07,1.0000290224352797,1.0000290224352797,1.0000290224352786,1.0000290224352792,1.0000295975184073,-5.861679095026883e-11,-5.861678955803673e-11,-8.553607644541967e-11,1.000026615916138,1.000026615916139,1.0000290224352795,-1.6873922698318488e-07,1.0000290224352795,1.0000290224352801,1.0000290224352792,1.0000266159161402,1.0000290224352801,-8.553607648040412e-11,-8.553607652200722e-11,9.937965900222208e-12,1.0000266159161386,1.0000290224352795,1.0000290224352788,1.00002902243528
1.0000221505338738,-6.67090469151592e-11,1.0000282333054475,-6.677490759369551e-11,1.0000282333054484,1.0000267986601072,-9.7977237112142e-11,1.0000282333054475,1.0000282333054475,1.000027087149592,1.0000282333054484,1.0000282333054482,-6.513533585532862e-11,1.0000282333054498,1.000028968807566,1.000028233305449,1.000026615916138,-6.677490770124053e-11,1.0000282333054489,1.00002823330545,-3.467086371812416e-11,1.0000287733709672,-6.670903183813067e-11,-1.5694651233228453e-07,-1.626474627389054e-07,1.0000282333054504,-1.958984827392047e-11,1.000026615916139,1.0000211520770121,1.0000287733709663,1.0000258297693563,1.000028233305448,1.000025829769356,-6.381591945917265e-11,1.0000258297693556,1.0000258297693554,1.0000288237605437,1.0000282333054498,1.000028233305448,-6.513533345664627e-11,-1.6805862059287685e-07,1.0000282333054473,1.0000282333054482,1.000028233305447,1.0000282333054487,1.0000287733709676,-6.184584712405906e-11,-6.184584569304358e-11,-6.677490743248832e-11,1.0000258297693556,1.0000258297693556,1.0000282333054475,-1.5694651184402265e-07,1.0000282333054484,1.0000282333054489,1.0000282333054484,1.0000258297693576,1.0000282333054489,-6.6774907491191e-11,-6.677490759214758e-11,-9.79772371128217e-11,1.0000258297693563,1.0000282333054484,1.000028233305448,1.0000282333054484
1.0000250953447278,-1.2271263183962243e-10,1.0000311777863473,-7.931953953605607e-11,1.000031177786347,1.0000297434794572,-6.839559568109141e-14,1.0000311777863462,1.0000311777863462,1.0000300279478043,1.0000311777863478,1.0000311777863473,-1.7496361354764363e-10,1.0000311777863478,1.0000319165311367,1.000031177786347,1.0000295975184064,-7.93195396886e-11,1.000031177786347,1.0000311777863493,4.6801339613617196e-11,1.0000317507593675,-1.2271261651008317e-10,-8.585264552457979e-11,-8.856769626060381e-11,1.0000311777863489,-1.7884135854003592e-07,1.0000295975184066,1.0000287733709663,1.0000270730648335,1.0000287733709678,1.0000311777863466,1.0000287733709678,2.291107234647109e-11,1.000028773370967,1.000028773370967,1.0000317699127,1.0000311777863482,1.0000311777863478,-1.7496361119281475e-10,-9.14810392274487e-11,1.0000311777863455,1.0000311777863473,1.0000311777863462,1.0000311777863478,1.0000317507593688,-3.559280470652025e-11,-3.559280337300076e-11,-7.931953942469919e-11,1.0000287733709676,1.0000287733709683,1.0000311777863462,-8.585264526590525e-11,1.0000311777863478,1.0000311777863473,1.0000311777863473,1.0000287733709685,1.0000311777863478,-7.931953953240551e-11,-7.931953965232534e-11,-6.839553422981963e-14,1.0000287733709683,1.0000311777863469,1.0000311777863453,1.000031177786348
1.000022150533873,-6.670904688275805e-11,1.0000282333054484,-6.677490760529885e-11,1.0000282333054484,1.0000267986601066,-9.797723702883923e-11,1.0000282333054475,1.0000282333054484,1.0000270871495909,1.0000282333054484,1.0000282333054489,-6.513533572821049e-11,1.0000282333054493,1.0000289688075668,1.0000282333054484,1.0000266159161384,-6.677490768977237e-11,1.000028233305449,1.000028233305451,-3.467086374561699e-11,1.0000287733709665,-6.670903184074283e-11,-1.5694651233228423e-07,-1.6264746273890453e-07,1.0000282333054498,-1.958984817969415e-11,1.0000266159161386,1.0000258297693563,1.0000287733709678,1.0000211520770108,1.0000282333054489,1.0000258297693572,-6.381591942686106e-11,1.0000258297693563,1.000025829769356,1.0000288237605446,1.0000282333054489,1.0000282333054489,-6.513533361125754e-11,-1.6805862059287677e-07,1.0000282333054482,1.000028233305449,1.000028233305448,1.0000282333054487,1.0000287733709678,-6.184584708811601e-11,-6.184584565089875e-11,-6.677490746284531e-11,1.000025829769355,1.0000258297693574,1.0000282333054484,-1.5694651184402242e-07,1.000028233305449,1.0000282333054489,1.0000282333054484,1.0000258297693567,1.0000282333054489,-6.677490738886583e-11,-6.67749075546922e-11,-9.797723707098538e-11,1.0000258297693554,1.0000282333054484,1.000028233305448,1.000028233305449
1.0000245541077277,-6.729592330479593e-11,1.0000306354179889,-6.319182773350902e-11,1.0000306354179913,1.0000292022411104,-9.449186974683125e-11,1.0000306354179904,1.000030635417991,1.000029489264346,1.00003063541799,1.000030635417992,-8.695340297130697e-11,1.000030635417992,1.0000313721307628,1.000030635417992,1.0000290224352792,-6.319182783290157e-11,1.000030635417992,1.0000306354179926,-3.09464777057178e-11,1.0000311777863458,-6.729590825578677e-11,-8.042100693039013e-11,-8.319525306540833e-11,1.0000306354179933,-2.3279304066287438e-11,1.0000290224352784,1.000028233305448,1.0000311777863466,1.0000282333054489,1.000025957725601,1.0000282333054489,-5.949358368457307e-11,1.000028233305448,1.000028233305448,1.0000312264227842,1.0000306354179913,1.0000306354179904,-8.695340060122728e-11,-8.588053685523527e-11,1.0000306354179906,1.0000306354179915,1.000030635417989,1.0000306354179909,1.0000311777863469,-4.268338629913758e-11,-4.2683384919803596e-11,-6.319182764757291e-11,1.0000282333054467,1.0000282333054487,1.000030635417992,-8.042100668613685e-11,1.0000306354179906,1.0000306354179913,1.0000306354179906,1.0000282333054489,1.0000306354179909,-6.319182751475464e-11,-6.319182769064457e-11,-9.449186981639866e-11,1.0000282333054489,1.0000306354179918,1.0000306354179906,1.0000306354179904
1.0000221505338756,-6.670904688076518e-11,1.000028233305448,-6.677490755288981e-11,1.000028233305449,1.0000267986601081,-9.797723708975241e-11,1.0000282333054484,1.0000282333054489,1.000027087149591,1.0000282333054489,1.0000282333054498,-6.5135335744735e-11,1.00002823330545,1.0000289688075672,1.0000282333054498,1.0000266159161397,-6.67749076891492e-11,1.0000282333054504,1.0000282333054513,-3.4670863617097024e-11,1.0000287733709678,-6.670903185215785e-11,-1.5694651233228447e-07,-1.626474627389059e-07,1.0000282333054513,-1.9589848207776348e-11,1.000026615916141,1.000025829769356,1.0000287733709678,1.0000258297693572,1.0000282333054489,1.0000211520770108,-6.381591947307499e-11,1.0000258297693563,1.0000258297693563,1.0000288237605452,1.0000282333054493,1.0000282333054493,-6.51353333738799e-11,-1.6805862059287672e-07,1.0000282333054487,1.000028233305449,1.0000282333054475,1.000028233305449,1.0000287733709694,-6.18458470793694e-11,-6.184584562068655e-11,-6.67749074503805e-11,1.0000258297693556,1.0000258297693572,1.0000282333054487,-1.5694651184402297e-07,1.0000282333054498,1.0000282333054493,1.0000282333054493,1.0000258297693574,1.00002823330545,-6.677490743126532e-11,-6.677490757046165e-11,-9.797723711945755e-11,1.0000258297693572,1.000028233305449,1.0000282333054487,1.0000282333054493
-1.956774128646975e-06,-2.9618919771962196e-10,-5.949358368457307e-11,-3.586193970144402e-11,-5.949358349503205e-11,-1.2272323336692954e-07,-7.409980346360589e-10,-5.949358362998371e-11,-5.949358360768918e-11,-1.3029066283201792e-10,-5.949358361369388e-11,-5.949358366056308e-11,-5.428454322632172e-10,-5.949358360931091e-11,-4.83017505923958e-11,-5.949358363707459e-11,3.078439530672925e-11,-3.5861939879984e-11,-5.949358372723998e-11,-5.949358364176093e-11,3.419937066842402e-06,2.2911072534724626e-11,-2.9618919896538973e-10,-3.225265427599819e-11,-3.1265618953752665e-11,-5.949358364455005e-11,-4.1454796551035515e-10,3.078439528876918e-11,-6.381591945917265e-11,2.291107234647109e-11,-6.381591942686106e-11,-5.949358368457307e-11,-6.381591947307499e-11,-1.412001525017108e-06,-6.381591934693642e-11,-6.381591945317597e-11,-5.359313691201629e-11,-5.949358362917403e-11,-5.949358362917403e-11,-5.428454322586971e-10,-3.250006960443529e-11,-5.949358361205274e-11,-5.949358361009167e-11,-5.949358361369388e-11,-5.949358367916171e-11,2.2911072534724626e-11,4.8724464384484644e-11,4.8724464384484644e-11,-3.5861939879984e-11,-6.381591941701656e-11,-6.381591938982097e-11,-5.949358367666006e-11,-3.225265427599819e-11,-5.949358364097627e-11,-5.949358369787392e-11,-5.949358369685248e-11,-6.381591955500263e-11,-5.949358355339819e-11,-3.5861939879984e-11,-3.5861939879984e-11,-7.409980346320227e-10,-6.381591944426689e-11,-5.949358368289131e-11,-5.949358361016469e-11,-5.949358360931091e-11
1.0000221505338704,-6.670904690696119e-11,1.000028233305448,-6.67749076060541e-11,1.0000282333054489,1.0000267986601072,-9.797723706938932e-11,1.0000282333054478,1.0000282333054475,1.0000270871495927,1.000028233305448,1.0000282333054487,-6.513533600469774e-11,1.0000282333054498,1.0000289688075668,1.000028233305449,1.000026615916139,-6.677490768496193e-11,1.0000282333054493,1.0000282333054509,-3.467086366164444e-11,1.0000287733709676,-6.670903184675296e-11,-1.5694651233228423e-07,-1.6264746273890527e-07,1.00002823330545,-1.9589848186069833e-11,1.0000266159161382,1.0000258297693556,1.000028773370967,1.0000258297693563,1.000028233305448,1.0000258297693563,-6.381591934693642e-11,1.0000211520770168,1.0000258297693563,1.0000288237605441,1.000028233305449,1.0000282333054484,-6.51353334638728e-11,-1.6805862059287662e-07,1.000028233305448,1.0000282333054487,1.0000282333054473,1.0000282333054482,1.0000287733709683,-6.184584703758689e-11,-6.184584561846689e-11,-6.677490742776747e-11,1.0000258297693552,1.0000258297693585,1.0000282333054489,-1.569465118440223e-07,1.0000282333054489,1.000028233305449,1.0000282333054482,1.0000258297693563,1.0000282333054493,-6.677490749624968e-11,-6.677490756611887e-11,-9.797723715074318e-11,1.0000258297693574,1.000028233305449,1.0000282333054475,1.0000282333054493
1.0000221505338693,-6.670904689183623e-11,1.0000282333054475,-6.677490759160936e-11,1.0000282333054473,1.0000267986601066,-9.79772370149838e-11,1.0000282333054469,1.000028233305448,1.000027087149592,1.0000282333054484,1.0000282333054478,-6.513533576600304e-11,1.000028233305449,1.0000289688075672,1.0000282333054487,1.0000266159161382,-6.677490767334414e-11,1.000028233305449,1.0000282333054504,-3.467086375495703e-11,1.0000287733709665,-6.670903178959562e-11,-1.5694651233228447e-07,-1.6264746273890493e-07,1.0000282333054493,-1.9589848197721673e-11,1.0000266159161386,1.0000258297693554,1.000028773370967,1.000025829769356,1.000028233305448,1.0000258297693563,-6.381591945317597e-11,1.0000258297693563,1.00002115207701,1.0000288237605441,1.0000282333054489,1.0000282333054484,-6.513533341819746e-11,-1.6805862059287672e-07,1.0000282333054473,1.0000282333054489,1.0000282333054473,1.0000282333054482,1.000028773370968,-6.184584712215198e-11,-6.184584565490996e-11,-6.677490747556066e-11,1.0000258297693547,1.0000258297693576,1.0000282333054482,-1.5694651184402194e-07,1.0000282333054489,1.0000282333054498,1.0000282333054475,1.000025829769356,1.0000282333054489,-6.677490746578048e-11,-6.677490756065949e-11,-9.79772371880086e-11,1.0000258297693563,1.000028233305448,1.0000282333054478,1.000028233305449
1.0000251446546384,-7.053939716086708e-11,1.0000312264227835,-6.43610061045986e-11,1.0000312264227855,1.0000297927897441,-9.339496534707422e-11,1.0000312264227837,1.0000312264227826,1.000030079966166,1.0000312264227837,1.0000312264227846,-8.533852440445406e-11,1.0000312264227849,1.0000319628932224,1.0000312264227855,1.0000296140545888,-6.436100615651759e-11,1.0000312264227862,1.0000312264227869,-2.4852524228117717e-11,1.0000317699127006,-7.053938191224088e-11,-8.024173787653172e-11,-8.30414710580216e-11,1.0000312264227864,-2.6265439744904993e-11,1.0000296140545903,1.0000288237605437,1.0000317699127,1.0000288237605446,1.0000312264227842,1.0000288237605452,-5.359313691201629e-11,1.0000288237605441,1.0000288237605441,1.0000271396332698,1.000031226422785,1.0000312264227846,-8.533852206186323e-11,-1.7076172461382766e-07,1.0000312264227844,1.0000312264227849,1.000031226422783,1.0000312264227837,1.0000317699127022,-4.872218728521618e-11,-4.8722185863793897e-11,-6.43610058967016e-11,1.000028823760545,1.000028823760545,1.000031226422785,-8.024173771273776e-11,1.0000312264227846,1.0000312264227862,1.000031226422785,1.0000288237605457,1.0000312264227844,-6.436100602037112e-11,-6.436100600866682e-11,-9.339496523244567e-11,1.0000288237605446,1.0000312264227846,1.0000312264227844,1.0000312264227844
1.000024554107727,-6.729592337474306e-11,1.0000306354179909,-6.319182774180906e-11,1.000030635417992,1.0000292022411112,-9.449186973564645e-11,1.0000306354179909,1.0000306354179918,1.0000294892643473,1.0000306354179913,1.0000306354179924,-8.695340296947059e-11,1.0000306354179924,1.0000313721307639,1.0000306354179918,1.0000290224352801,-6.319182770980468e-11,1.0000306354179926,1.0000306354179933,-3.09464777057178e-11,1.0000311777863473,-6.729590815627995e-11,-8.042100689545216e-11,-8.319525304951745e-11,1.0000306354179942,-2.32793039796052e-11,1.0000290224352801,1.0000282333054498,1.0000311777863482,1.0000282333054489,1.0000306354179913,1.0000282333054493,-5.949358362917403e-11,1.000028233305449,1.0000282333054489,1.000031226422785,1.0000259577256014,1.000030635417992,-8.695340061063161e-11,-8.588053688921614e-11,1.0000306354179913,1.0000306354179926,1.000030635417991,1.0000306354179924,1.0000311777863495,-4.268338630635249e-11,-4.268338493806019e-11,-6.319182765727884e-11,1.0000282333054484,1.0000282333054493,1.0000306354179926,-8.042100668236982e-11,1.0000306354179924,1.000030635417992,1.0000306354179926,1.00002823330545,1.0000306354179929,-6.319182757564463e-11,-6.319182765821261e-11,-9.449186981451846e-11,1.0000282333054493,1.0000306354179918,1.000030635417991,1.0000306354179922
1.0000245541077277,-6.72959233870192e-11,1.0000306354179909,-6.319182775607262e-11,1.0000306354179906,1.0000292022411106,-9.449186977096135e-11,1.0000306354179913,1.0000306354179913,1.0000294892643466,1.000030635417991,1.0000306354179918,-8.695340310116498e-11,1.0000306354179913,1.0000313721307632,1.0000306354179918,1.0000290224352792,-6.319182782603866e-11,1.000030635417992,1.000030635417994,-3.094647758993907e-11,1.0000311777863462,-6.729590824407527e-11,-8.042100693039013e-11,-8.319525307968212e-11,1.0000306354179926,-2.3279304026177334e-11,1.0000290224352792,1.000028233305448,1.0000311777863478,1.0000282333054489,1.0000306354179904,1.0000282333054493,-5.949358362917403e-11,1.0000282333054484,1.0000282333054484,1.0000312264227846,1.000030635417992,1.000025957725598,-8.69534005473313e-11,-8.588053692351703e-11,1.0000306354179909,1.000030635417992,1.0000306354179909,1.000030635417992,1.0000311777863484,-4.2683386359488976e-11,-4.268338491196234e-11,-6.319182763440254e-11,1.000028233305448,1.0000282333054493,1.000030635417991,-8.042100665724013e-11,1.000030635417992,1.000030635417992,1.0000306354179922,1.0000282333054498,1.0000306354179933,-6.319182760292018e-11,-6.319182765731888e-11,-9.449186977775369e-11,1.0000282333054489,1.0000306354179913,1.000030635417991,1.0000306354179929
-1.973546322658996e-06,-4.7047922958750046e-11,-8.695340055055269e-11,1.4069508134253827e-10,-8.695340061546185e-11,-1.3949068413225361e-07,-5.162870844850866e-10,-8.695340057500255e-11,-8.695340065844017e-11,-7.612598808591329e-11,-8.695340056773847e-11,-8.695340057500255e-11,-1.7555084576009794e-10,-8.695340056773847e-11,-8.210210260770336e-11,-8.6953400558408e-11,-1.6202518687689048e-10,1.406950809354968e-10,-8.695340059778384e-11,-8.695340057651422e-11,-5.290727559217477e-10,-1.7496361111312732e-10,1.6635896449530916e-06,6.687149417258679e-12,8.159114116585298e-12,-8.695340058190728e-11,8.170839700123556e-07,-1.620251869589501e-10,-6.513533345664627e-11,-1.7496361119281475e-10,-6.513533361125754e-11,-8.695340060122728e-11,-6.51353333738799e-11,-5.428454322586971e-10,-6.51353334638728e-11,-6.513533341819746e-11,-8.533852206186323e-11,-8.695340061063161e-11,-8.69534005473313e-11,-3.573514246377286e-06,1.0504164880893602e-11,-8.6953400558408e-11,-8.695340054248467e-11,-8.695340057500817e-11,-8.695340055991594e-11,-1.7496361105788474e-10,3.5928024019032077e-10,3.59280239716023e-10,1.4069508114398887e-10,-6.513533337721602e-11,-6.513533344012375e-11,-8.695340055055269e-11,6.6871503031742826e-12,-8.695340063845654e-11,-8.695340058462862e-11,-8.695340060122728e-11,-6.513533333443937e-11,-8.695340061144959e-11,1.4069508134253827e-10,1.4069508134253827e-10,-5.162870857666356e-10,-6.513533330404954e-11,-8.695340063321542e-11,-8.695340055055258e-11,-8.695340055055258e-11
-2.002713875298609e-06,2.5392494224336844e-11,-8.588053688619397e-11,1.0136948714991262e-11,-8.588053691337419e-11,-1.686611384089018e-07,-3.6349763351942676e-11,-8.588053701774412e-11,-8.588053685523527e-11,-1.697339701373556e-07,-8.588053693897378e-11,-8.588053692974512e-11,1.0504165184082177e-11,-8.588053685523527e-11,-1.7027912677017537e-07,-8.588053692974512e-11,-1.8030594086819225e-07,1.0136948714991262e-11,-8.588053688921614e-11,-8.588053694763536e-11,-3.139352406513534e-11,-9.148103916049501e-11,2.539249477621217e-11,6.007309183921698e-10,8.034257065645161e-10,-8.588053699513208e-11,2.6122442575891935e-11,-1.8030594086819174e-07,-1.6805862059287685e-07,-9.14810392274487e-11,-1.6805862059287677e-07,-8.588053685523527e-11,-1.6805862059287672e-07,-3.250006960443529e-11,-1.6805862059287662e-07,-1.6805862059287672e-07,-1.7076172461382766e-07,-8.588053688921614e-11,-8.588053692351703e-11,1.0504164880893602e-11,-4.676583104390681e-06,-8.588053700992162e-11,-8.588053685856938e-11,-8.588053700956199e-11,-8.588053684570295e-11,-9.148103918523508e-11,2.4468650787611875e-11,2.4468651474493463e-11,1.0136948658904749e-11,-1.6805862059287646e-07,-1.6805862059287677e-07,-8.588053687659405e-11,6.007309183916554e-10,-8.588053689397617e-11,-8.588053683458476e-11,-8.588053683458476e-11,-1.6805862059287622e-07,-8.588053698965352e-11,1.0136948699654797e-11,1.0136949281119496e-11,-3.63497627622443e-11,-1.6805862059287677e-07,-8.588053688734413e-11,-8.588053695004635e-11,-8.588053693897378e-11
1.0000245541077313,-6.729592328457017e-11,1.0000306354179904,-6.319182765639149e-11,1.0000306354179918,1.0000292022411108,-9.449186973064413e-11,1.0000306354179895,1.0000306354179895,1.0000294892643466,1.00003063541799,1.0000306354179906,-8.695340299233297e-11,1.0000306354179913,1.0000313721307637,1.000030635417992,1.0000290224352781,-6.319182773728883e-11,1.0000306354179929,1.0000306354179929,-3.0946477602098805e-11,1.0000311777863462,-6.729590825578812e-11,-8.042100689673964e-11,-8.319525310628379e-11,1.000030635417992,-2.327930405640133e-11,1.0000290224352797,1.0000282333054473,1.0000311777863455,1.0000282333054482,1.0000306354179906,1.0000282333054487,-5.949358361205274e-11,1.000028233305448,1.0000282333054473,1.0000312264227844,1.0000306354179913,1.0000306354179909,-8.6953400558408e-11,-8.588053700992162e-11,1.0000259577255985,1.0000306354179909,1.0000306354179893,1.000030635417991,1.0000311777863473,-4.268338640412348e-11,-4.2683384939700864e-11,-6.319182765727884e-11,1.0000282333054475,1.0000282333054484,1.0000306354179906,-8.042100665705485e-11,1.0000306354179913,1.0000306354179918,1.0000306354179913,1.0000282333054489,1.000030635417992,-6.319182754291616e-11,-6.319182771999887e-11,-9.449186968914975e-11,1.0000282333054484,1.0000306354179913,1.00003063541799,1.0000306354179913
1.0000245541077277,-6.729592336388112e-11,1.0000306354179906,-6.319182762881057e-11,1.0000306354179918,1.000029202241112,-9.449186974532614e-11,1.0000306354179906,1.0000306354179913,1.000029489264348,1.000030635417991,1.000030635417992,-8.695340297029447e-11,1.0000306354179926,1.000031372130764,1.0000306354179926,1.00002902243528,-6.319182783290157e-11,1.0000306354179929,1.0000306354179933,-3.094647767133083e-11,1.0000311777863462,-6.729590815626845e-11,-8.042100690517832e-11,-8.319525312562573e-11,1.0000306354179938,-2.3279303979611528e-11,1.0000290224352797,1.0000282333054482,1.0000311777863473,1.000028233305449,1.0000306354179915,1.000028233305449,-5.949358361009167e-11,1.0000282333054487,1.0000282333054489,1.0000312264227849,1.0000306354179926,1.000030635417992,-8.695340054248467e-11,-8.588053685856938e-11,1.0000306354179909,1.0000259577256014,1.0000306354179898,1.0000306354179915,1.0000311777863473,-4.268338641580182e-11,-4.268338492830011e-11,-6.319182759804604e-11,1.0000282333054475,1.0000282333054498,1.0000306354179926,-8.042100665602962e-11,1.000030635417992,1.0000306354179918,1.0000306354179909,1.0000282333054498,1.0000306354179926,-6.319182751409369e-11,-6.319182765340831e-11,-9.449186972574459e-11,1.000028233305449,1.0000306354179929,1.0000306354179913,1.000030635417992
1.0000245541077286,-6.729592337945284e-11,1.0000306354179906,-6.31918277330542e-11,1.0000306354179904,1.0000292022411104,-9.44918698417916e-11,1.0000306354179889,1.0000306354179898,1.000029489264346,1.0000306354179904,1.0000306354179902,-8.695340292169627e-11,1.0000306354179918,1.000031372130763,1.0000306354179909,1.0000290224352788,-6.319182782912206e-11,1.0000306354179906,1.0000306354179926,-3.094647767631091e-11,1.0000311777863458,-6.729590832593079e-11,-8.042100692858316e-11,-8.319525306066245e-11,1.000030635417993,-2.3279304038586423e-11,1.0000290224352786,1.000028233305447,1.0000311777863462,1.000028233305448,1.000030635417989,1.0000282333054475,-5.949358361369388e-11,1.0000282333054473,1.0000282333054473,1.000031226422783,1.000030635417991,1.0000306354179909,-8.695340057500817e-11,-8.588053700956199e-11,1.0000306354179893,1.0000306354179898,1.000025957725595,1.0000306354179906,1.0000311777863469,-4.268338630648832e-11,-4.26833848645843e-11,-6.319182763440254e-11,1.0000282333054475,1.0000282333054484,1.0000306354179906,-8.042100665363002e-11,1.0000306354179913,1.0000306354179904,1.0000306354179906,1.0000282333054484,1.000030635417992,-6.319182754434381e-11,-6.319182769491265e-11,-9.449186982049039e-11,1.000028233305448,1.00003063541799,1.0000306354179893,1.0000306354179906
1.000024554107721,-6.729592325730784e-11,1.0000306354179906,-6.319182778972734e-11,1.0000306354179913,1.0000292022411117,-9.449186982011491e-11,1.0000306354179909,1.0000306354179915,1.0000294892643466,1.0000306354179915,1.0000306354179913,-8.695340293317927e-11,1.000030635417992,1.0000313721307637,1.0000306354179918,1.000029022435279,-6.319182783290157e-11,1.0000306354179918,1.0000306354179944,-3.094647758296458e-11,1.0000311777863464,-6.729590823645938e-11,-8.042100688571029e-11,-8.319525305099267e-11,1.0000306354179933,-2.32793040943587e-11,1.0000290224352792,1.0000282333054487,1.0000311777863478,1.0000282333054487,1.0000306354179909,1.000028233305449,-5.949358367916171e-11,1.0000282333054482,1.0000282333054482,1.0000312264227837,1.0000306354179924,1.000030635417992,-8.695340055991594e-11,-8.588053684570295e-11,1.000030635417991,1.0000306354179915,1.0000306354179906,1.000025957725599,1.0000311777863478,-4.268338631555976e-11,-4.2683384919803596e-11,-6.319182765727884e-11,1.000028233305448,1.0000282333054493,1.0000306354179915,-8.042100664973267e-11,1.0000306354179918,1.0000306354179918,1.0000306354179918,1.0000282333054498,1.0000306354179929,-6.319182759793726e-11,-6.319182769671332e-11,-9.449186972574459e-11,1.0000282333054489,1.0000306354179909,1.0000306354179906,1.0000306354179926
1.000025095344728,-1.2271263161034176e-10,1.0000311777863482,-7.931953965329974e-11,1.0000311777863473,1.0000297434794585,-6.839558182551974e-14,1.0000311777863473,1.0000311777863473,1.0000300279478056,1.0000311777863482,1.0000311777863473,-1.7496361350760496e-10,1.0000311777863489,1.000031916531138,1.0000311777863478,1.000029597518407,-7.931953958913994e-11,1.0000311777863495,1.0000311777863498,4.6801339582442723e-11,1.0000317507593683,-1.227126164958264e-10,-8.585264555122375e-11,-8.856769633947363e-11,1.0000311777863493,-1.7884135854003447e-07,1.0000295975184073,1.0000287733709676,1.0000317507593688,1.0000287733709678,1.0000311777863469,1.0000287733709694,2.2911072534724626e-11,1.0000287733709683,1.000028773370968,1.0000317699127022,1.0000311777863495,1.0000311777863484,-1.7496361105788474e-10,-9.148103918523508e-11,1.0000311777863473,1.0000311777863473,1.0000311777863469,1.0000311777863478,1.0000270730648357,-3.559280483775795e-11,-3.55928033725763e-11,-7.931953948015342e-11,1.0000287733709683,1.0000287733709694,1.0000311777863469,-8.585264525949073e-11,1.0000311777863489,1.0000311777863482,1.000031177786349,1.0000287733709694,1.0000311777863484,-7.931953950277812e-11,-7.931953958274781e-11,-6.839556028480766e-14,1.0000287733709687,1.0000311777863478,1.0000311777863473,1.0000311777863489
-1.9518157616113392e-06,-2.454221104309107e-07,-4.2683386287666835e-11,-5.147859507748341e-11,-4.268338631854754e-11,-1.1776495447647508e-07,6.810241313014972e-11,-4.26833863906695e-11,-4.2683386389982705e-11,-3.8105485492412414e-11,-4.2683386389982705e-11,-4.268338632969921e-11,3.5928023977794694e-10,-4.2683386262007706e-11,-5.595293452807816e-11,-4.268338632969921e-11,-5.861679095815322e-11,-5.147859507748341e-11,-4.2683386289423534e-11,-4.268338633102806e-11,5.808109822937415e-11,-3.559280486083954e-11,-2.45422110628914e-07,2.820931817604961e-11,2.5885445807953104e-11,-4.2683386389967144e-11,-1.2754889559708707e-07,-5.861679095026883e-11,-6.184584712405906e-11,-3.559280470652025e-11,-6.184584708811601e-11,-4.268338629913758e-11,-6.18458470793694e-11,4.8724464384484644e-11,-6.184584703758689e-11,-6.184584712215198e-11,-4.872218728521618e-11,-4.268338630635249e-11,-4.2683386359488976e-11,3.5928024019032077e-10,2.4468650787611875e-11,-4.268338640412348e-11,-4.268338641580182e-11,-4.268338630648832e-11,-4.268338631555976e-11,-3.559280483775795e-11,-5.683183943791959e-06,-1.0056143370344967e-06,-5.147859490529563e-11,-6.184584707902585e-11,-6.184584712271165e-11,-4.2683386389982705e-11,2.820931728658506e-11,-4.26833863906695e-11,-4.26833863281995e-11,-4.268338629913758e-11,-6.184584709324653e-11,-4.268338625675326e-11,-5.1478594983376277e-11,-5.147859495046193e-11,6.810241390180328e-11,-6.18458471105145e-11,-4.268338633725401e-11,-4.268338632453048e-11,-4.2683386359488976e-11
-1.951815760891403e-06,-2.4542211043091024e-07,-4.2683384939700864e-11,-5.147859518930944e-11,-4.2683384939700864e-11,-1.1776495166454719e-07,6.810241387508344e-11,-4.268338491196234e-11,-4.268338488737946e-11,-3.810548418605388e-11,-4.268338488737946e-11,-4.268338484244204e-11,3.592802391796532e-10,-4.268338492830011e-11,-5.5952933136808026e-11,-4.268338494428762e-11,-5.861678957047802e-11,-5.147859478009908e-11,-4.268338494458851e-11,-4.2683384932897316e-11,5.808109878703171e-11,-3.559280333361948e-11,-2.4542211062892007e-07,2.820931817604961e-11,2.5885445739409687e-11,-4.2683385033224314e-11,-1.2754889559708995e-07,-5.861678955803673e-11,-6.184584569304358e-11,-3.559280337300076e-11,-6.184584565089875e-11,-4.2683384919803596e-11,-6.184584562068655e-11,4.8724464384484644e-11,-6.184584561846689e-11,-6.184584565490996e-11,-4.8722185863793897e-11,-4.268338493806019e-11,-4.268338491196234e-11,3.59280239716023e-10,2.4468651474493463e-11,-4.2683384939700864e-11,-4.268338492830011e-11,-4.26833848645843e-11,-4.2683384919803596e-11,-3.55928033725763e-11,-1.0056143370344967e-06,-5.683183943791959e-06,-5.1478594985303284e-11,-6.184584567819768e-11,-6.184584568945019e-11,-4.268338482141804e-11,2.820931810116635e-11,-4.268338492111962e-11,-4.2683385033224314e-11,-4.268338489362258e-11,-6.184584567880514e-11,-4.268338492830685e-11,-5.147859518930944e-11,-5.147859518930944e-11,6.81024143888869e-11,-6.184584568885268e-11,-4.268338492830011e-11,-4.268338482780026e-11,-4.2683384919803596e-11
-1.9713132965028526e-06,4.967260504676646e-11,-6.319182756451916e-11,-1.3900917924018854e-07,-6.319182759475934e-11,-1.3725980857686212e-07,-3.712615977007972e-11,-6.319182763880618e-11,-6.319182766120044e-11,-7.025087734820457e-11,-6.319182767476514e-11,-6.319182766120044e-11,1.406950829043378e-10,-6.319182765018608e-11,-6.610737923994621e-11,-6.319182747704472e-11,-8.553607646572873e-11,-1.3900917924018642e-07,-6.319182759267282e-11,-6.319182757007382e-11,-3.360093507233481e-11,-7.931953951021281e-11,4.967260309137337e-11,1.0248355974107842e-11,1.0040906629241122e-11,-6.319182764883042e-11,6.401551549101383e-11,-8.553607644541967e-11,-6.677490743248832e-11,-7.931953942469919e-11,-6.677490746284531e-11,-6.319182764757291e-11,-6.67749074503805e-11,-3.5861939879984e-11,-6.677490742776747e-11,-6.677490747556066e-11,-6.43610058967016e-11,-6.319182765727884e-11,-6.319182763440254e-11,1.4069508114398887e-10,1.0136948658904749e-11,-6.319182765727884e-11,-6.319182759804604e-11,-6.319182763440254e-11,-6.319182765727884e-11,-7.931953948015342e-11,-5.147859490529563e-11,-5.1478594985303284e-11,-4.816727194614244e-06,-6.677490748373299e-11,-6.677490742413023e-11,-6.319182759147258e-11,1.0248355986583778e-11,-6.319182770524638e-11,-6.319182758564838e-11,-6.319182765730963e-11,-6.677490745421993e-11,-6.319182754466973e-11,-1.3900917924018875e-07,-1.3900917924018677e-07,-3.712615953536118e-11,-6.677490747035883e-11,-6.319182770524638e-11,-6.319182758564838e-11,-6.319182759499696e-11
1.0000221505338713,-6.670904690387508e-11,1.000028233305447,-6.677490761254874e-11,1.0000282333054473,1.0000267986601064,-9.797723711129031e-11,1.0000282333054473,1.0000282333054473,1.0000270871495902,1.0000282333054475,1.0000282333054489,-6.513533572821049e-11,1.0000282333054493,1.0000289688075656,1.0000282333054484,1.0000266159161377,-6.677490771153006e-11,1.0000282333054484,1.0000282333054504,-3.467086363661255e-11,1.0000287733709659,-6.670903177500095e-11,-1.5694651233228405e-07,-1.626474627389046e-07,1.0000282333054493,-1.9589848306788752e-11,1.000026615916138,1.0000258297693556,1.0000287733709676,1.000025829769355,1.0000282333054467,1.0000258297693556,-6.381591941701656e-11,1.0000258297693552,1.0000258297693547,1.000028823760545,1.0000282333054484,1.000028233305448,-6.513533337721602e-11,-1.6805862059287646e-07,1.0000282333054475,1.0000282333054475,1.0000282333054475,1.000028233305448,1.0000287733709683,-6.184584707902585e-11,-6.184584567819768e-11,-6.677490748373299e-11,1.0000211520770086,1.0000258297693556,1.000028233305447,-1.569465118440223e-07,1.0000282333054475,1.0000282333054484,1.000028233305448,1.0000258297693565,1.0000282333054487,-6.677490747780438e-11,-6.677490758898804e-11,-9.797723716009048e-11,1.0000258297693556,1.0000282333054478,1.0000282333054473,1.0000282333054482
1.0000221505338704,-6.67090469112865e-11,1.0000282333054489,-6.677490762713946e-11,1.000028233305449,1.0000267986601081,-9.797723708229118e-11,1.0000282333054484,1.000028233305449,1.000027087149592,1.000028233305449,1.0000282333054493,-6.513533583185533e-11,1.0000282333054498,1.0000289688075674,1.00002823330545,1.0000266159161393,-6.677490766106132e-11,1.0000282333054502,1.0000282333054513,-3.467086380620425e-11,1.0000287733709674,-6.670903184675296e-11,-1.569465123322847e-07,-1.6264746273890604e-07,1.00002823330545,-1.958984810566956e-11,1.000026615916139,1.0000258297693556,1.0000287733709683,1.0000258297693574,1.0000282333054487,1.0000258297693572,-6.381591938982097e-11,1.0000258297693585,1.0000258297693576,1.000028823760545,1.0000282333054493,1.0000282333054493,-6.513533344012375e-11,-1.6805862059287677e-07,1.0000282333054484,1.0000282333054498,1.0000282333054484,1.0000282333054493,1.0000287733709694,-6.184584712271165e-11,-6.184584568945019e-11,-6.677490742413023e-11,1.0000258297693556,1.0000211520770126,1.000028233305449,-1.5694651184402226e-07,1.0000282333054498,1.0000282333054493,1.000028233305449,1.0000258297693572,1.0000282333054498,-6.67749074933585e-11,-6.67749075441606e-11,-9.797723702021303e-11,1.0000258297693574,1.0000282333054493,1.0000282333054484,1.0000282333054498
1.0000245541077242,-6.729592328457283e-11,1.0000306354179902,-6.319182770663005e-11,1.0000306354179924,1.0000292022411112,-9.449186982406871e-11,1.0000306354179915,1.0000306354179913,1.0000294892643464,1.000030635417992,1.0000306354179924,-8.6953403035688e-11,1.000030635417992,1.0000313721307639,1.0000306354179924,1.000029022435279,-6.319182788950795e-11,1.000030635417992,1.0000306354179933,-3.094647773393045e-11,1.0000311777863475,-6.729590813342412e-11,-8.04210069018091e-11,-8.319525306737054e-11,1.0000306354179926,-2.3279304066287438e-11,1.0000290224352795,1.0000282333054475,1.0000311777863462,1.0000282333054484,1.000030635417992,1.0000282333054487,-5.949358367666006e-11,1.0000282333054489,1.0000282333054482,1.000031226422785,1.0000306354179926,1.000030635417991,-8.695340055055269e-11,-8.588053687659405e-11,1.0000306354179906,1.0000306354179926,1.0000306354179906,1.0000306354179915,1.0000311777863469,-4.2683386389982705e-11,-4.268338482141804e-11,-6.319182759147258e-11,1.000028233305447,1.000028233305449,1.000025957725601,-8.042100667083679e-11,1.0000306354179915,1.0000306354179929,1.0000306354179909,1.000028233305449,1.000030635417992,-6.319182759002854e-11,-6.319182766101116e-11,-9.449186983065119e-11,1.0000282333054484,1.0000306354179918,1.0000306354179909,1.0000306354179915
-1.9916231705236236e-06,2.5488194058839104e-11,-8.04210066737437e-11,1.0248355924927171e-11,-8.042100663225901e-11,-1.5757037896136426e-07,-3.4879120047318475e-11,-8.042100662422597e-11,-8.042100667799121e-11,-1.5892258797426474e-07,-8.042100671002735e-11,-8.042100668675063e-11,6.6871499289848935e-12,-8.042100661902895e-11,-7.99420627841875e-11,-8.042100660890138e-11,-1.6873922698318493e-07,1.0248356018614394e-11,-8.042100661902895e-11,-8.042100664669695e-11,-3.133027215814059e-11,-8.585264529574633e-11,2.548819444640157e-11,4.387409761829144e-11,2.809997473694863e-10,-8.042100667029595e-11,2.566030238402954e-11,-1.6873922698318488e-07,-1.5694651184402265e-07,-8.585264526590525e-11,-1.5694651184402242e-07,-8.042100668613685e-11,-1.5694651184402297e-07,-3.225265427599819e-11,-1.569465118440223e-07,-1.5694651184402194e-07,-8.024173771273776e-11,-8.042100668236982e-11,-8.042100665724013e-11,6.6871503031742826e-12,6.007309183916554e-10,-8.042100665705485e-11,-8.042100665602962e-11,-8.042100665363002e-11,-8.042100664973267e-11,-8.585264525949073e-11,2.820931728658506e-11,2.820931810116635e-11,1.0248355986583778e-11,-1.569465118440223e-07,-1.5694651184402226e-07,-8.042100667083679e-11,-4.677648404523942e-06,-8.042100663816535e-11,-8.042100663284456e-11,-8.042100668236982e-11,-1.569465118440228e-07,-8.04210066615333e-11,1.0248356018614394e-11,1.0248356018614394e-11,-3.487911977331645e-11,-1.5694651184402273e-07,-8.042100663387421e-11,-8.042100660890138e-11,-8.042100667799121e-11
1.0000245541077295,-6.729592336057381e-11,1.0000306354179915,-6.319182770663005e-11,1.0000306354179913,1.0000292022411108,-9.4491869766435e-11,1.000030635417991,1.0000306354179913,1.0000294892643469,1.0000306354179915,1.0000306354179929,-8.695340307907627e-11,1.0000306354179926,1.000031372130763,1.000030635417992,1.0000290224352797,-6.319182780602123e-11,1.0000306354179924,1.0000306354179942,-3.094647773672257e-11,1.0000311777863462,-6.72959082012839e-11,-8.042100693039013e-11,-8.319525312562573e-11,1.0000306354179929,-2.327930409436185e-11,1.0000290224352795,1.0000282333054484,1.0000311777863478,1.000028233305449,1.0000306354179906,1.0000282333054498,-5.949358364097627e-11,1.0000282333054489,1.0000282333054489,1.0000312264227846,1.0000306354179924,1.000030635417992,-8.695340063845654e-11,-8.588053689397617e-11,1.0000306354179913,1.000030635417992,1.0000306354179913,1.0000306354179918,1.0000311777863489,-4.26833863906695e-11,-4.268338492111962e-11,-6.319182770524638e-11,1.0000282333054475,1.0000282333054498,1.0000306354179915,-8.042100663816535e-11,1.0000259577255979,1.0000306354179926,1.0000306354179929,1.0000282333054504,1.000030635417993,-6.319182751072967e-11,-6.319182765821261e-11,-9.449186966775852e-11,1.000028233305449,1.0000306354179915,1.0000306354179913,1.0000306354179933
1.0000245541077246,-6.729592338373068e-11,1.0000306354179913,-6.319182765565916e-11,1.0000306354179926,1.0000292022411112,-9.4491869835561e-11,1.0000306354179906,1.0000306354179913,1.0000294892643484,1.0000306354179913,1.0000306354179926,-8.695340297029447e-11,1.0000306354179926,1.000031372130765,1.000030635417993,1.0000290224352797,-6.319182781536491e-11,1.0000306354179933,1.0000306354179942,-3.094647774490717e-11,1.0000311777863464,-6.729590815243886e-11,-8.042100690517832e-11,-8.319525312413057e-11,1.0000306354179938,-2.3279303975505878e-11,1.0000290224352801,1.0000282333054489,1.0000311777863473,1.0000282333054489,1.0000306354179913,1.0000282333054493,-5.949358369787392e-11,1.000028233305449,1.0000282333054498,1.0000312264227862,1.000030635417992,1.000030635417992,-8.695340058462862e-11,-8.588053683458476e-11,1.0000306354179918,1.0000306354179918,1.0000306354179904,1.0000306354179918,1.0000311777863482,-4.26833863281995e-11,-4.2683385033224314e-11,-6.319182758564838e-11,1.0000282333054484,1.0000282333054493,1.0000306354179929,-8.042100663284456e-11,1.0000306354179926,1.0000259577255999,1.0000306354179918,1.0000282333054498,1.0000306354179933,-6.31918274917115e-11,-6.319182765751834e-11,-9.449186975237323e-11,1.0000282333054495,1.0000306354179933,1.0000306354179913,1.000030635417992
1.000024554107728,-6.729592325730784e-11,1.0000306354179918,-6.319182765830535e-11,1.0000306354179913,1.0000292022411112,-9.449186969754665e-11,1.0000306354179906,1.0000306354179906,1.0000294892643466,1.0000306354179913,1.0000306354179909,-8.695340297130697e-11,1.0000306354179913,1.0000313721307637,1.000030635417991,1.000029022435278,-6.319182786876836e-11,1.0000306354179918,1.0000306354179938,-3.094647773394934e-11,1.0000311777863475,-6.729590826481138e-11,-8.042100690416134e-11,-8.319525314577934e-11,1.000030635417992,-2.3279303937131354e-11,1.0000290224352792,1.0000282333054484,1.0000311777863473,1.0000282333054484,1.0000306354179906,1.0000282333054493,-5.949358369685248e-11,1.0000282333054482,1.0000282333054475,1.000031226422785,1.0000306354179926,1.0000306354179922,-8.695340060122728e-11,-8.588053683458476e-11,1.0000306354179913,1.0000306354179909,1.0000306354179906,1.0000306354179918,1.000031177786349,-4.268338629913758e-11,-4.268338489362258e-11,-6.319182765730963e-11,1.000028233305448,1.000028233305449,1.0000306354179909,-8.042100668236982e-11,1.0000306354179929,1.0000306354179918,1.0000259577256023,1.0000282333054498,1.0000306354179926,-6.31918276348782e-11,-6.319182765821261e-11,-9.449186966706788e-11,1.0000282333054484,1.0000306354179918,1.0000306354179904,1.0000306354179926
1.0000221505338753,-6.670904690158865e-11,1.0000282333054489,-6.677490761001169e-11,1.0000282333054489,1.0000267986601077,-9.797723714821415e-11,1.0000282333054489,1.0000282333054489,1.0000270871495915,1.000028233305449,1.0000282333054498,-6.513533572821049e-11,1.00002823330545,1.0000289688075668,1.0000282333054493,1.0000266159161397,-6.677490771246927e-11,1.000028233305451,1.0000282333054509,-3.467086378745159e-11,1.000028773370968,-6.670903182108528e-11,-1.5694651233228495e-07,-1.6264746273890646e-07,1.0000282333054504,-1.958984816759234e-11,1.0000266159161402,1.0000258297693576,1.0000287733709685,1.0000258297693567,1.0000282333054489,1.0000258297693574,-6.381591955500263e-11,1.0000258297693563,1.000025829769356,1.0000288237605457,1.00002823330545,1.0000282333054498,-6.513533333443937e-11,-1.6805862059287622e-07,1.0000282333054489,1.0000282333054498,1.0000282333054484,1.0000282333054498,1.0000287733709694,-6.184584709324653e-11,-6.184584567880514e-11,-6.677490745421993e-11,1.0000258297693565,1.0000258297693572,1.000028233305449,-1.569465118440228e-07,1.0000282333054504,1.0000282333054498,1.0000282333054498,1.0000211520770146,1.0000282333054509,-6.677490748828233e-11,-6.677490756619201e-11,-9.79772372000635e-11,1.0000258297693567,1.000028233305449,1.0000282333054489,1.0000282333054493
1.0000245541077297,-6.729592337446099e-11,1.0000306354179926,-6.319182762881057e-11,1.0000306354179906,1.000029202241112,-9.449186975265629e-11,1.000030635417992,1.000030635417992,1.0000294892643486,1.0000306354179924,1.0000306354179933,-8.695340302315063e-11,1.0000306354179926,1.0000313721307632,1.0000306354179915,1.0000290224352795,-6.319182781882614e-11,1.0000306354179929,1.0000306354179942,-3.09464777347153e-11,1.0000311777863473,-6.72959081292414e-11,-8.042100690695058e-11,-8.319525306540833e-11,1.0000306354179926,-2.327930405640133e-11,1.0000290224352801,1.0000282333054489,1.0000311777863478,1.0000282333054489,1.0000306354179909,1.00002823330545,-5.949358355339819e-11,1.0000282333054493,1.0000282333054489,1.0000312264227844,1.0000306354179929,1.0000306354179933,-8.695340061144959e-11,-8.588053698965352e-11,1.000030635417992,1.0000306354179926,1.000030635417992,1.0000306354179929,1.0000311777863484,-4.268338625675326e-11,-4.268338492830685e-11,-6.319182754466973e-11,1.0000282333054487,1.0000282333054498,1.000030635417992,-8.04210066615333e-11,1.000030635417993,1.0000306354179933,1.0000306354179926,1.0000282333054509,1.0000259577256008,-6.319182750807833e-11,-6.319182769671332e-11,-9.449186981545115e-11,1.0000282333054498,1.000030635417992,1.0000306354179915,1.0000306354179926
-1.97131329576413e-06,4.967260430977242e-11,-6.31918276720315e-11,-1.390091792401889e-07,-6.319182754500589e-11,-1.3725980861291205e-07,-3.7126159355487025e-11,-6.319182769040389e-11,-6.319182760928734e-11,-7.025087736389213e-11,-6.319182757866365e-11,-6.319182759820812e-11,1.4069508268509798e-10,-6.319182749635366e-11,-6.610737929472392e-11,-6.319182750917054e-11,-8.553607652231907e-11,-1.3900917924018743e-07,-6.319182761462212e-11,-6.319182756517763e-11,-3.3600935514541376e-11,-7.931953961277271e-11,4.967260378853655e-11,1.0248355974107799e-11,1.0040906760125552e-11,-6.319182754291616e-11,6.401551562965798e-11,-8.553607648040412e-11,-6.6774907491191e-11,-7.931953953240551e-11,-6.677490738886583e-11,-6.319182751475464e-11,-6.677490743126532e-11,-3.5861939879984e-11,-6.677490749624968e-11,-6.677490746578048e-11,-6.436100602037112e-11,-6.319182757564463e-11,-6.319182760292018e-11,1.4069508134253827e-10,1.0136948699654797e-11,-6.319182754291616e-11,-6.319182751409369e-11,-6.319182754434381e-11,-6.319182759793726e-11,-7.931953950277812e-11,-5.1478594983376277e-11,-5.147859518930944e-11,-1.3900917924018875e-07,-6.677490747780438e-11,-6.67749074933585e-11,-6.319182759002854e-11,1.0248356018614394e-11,-6.319182751072967e-11,-6.31918274917115e-11,-6.31918276348782e-11,-6.677490748828233e-11,-6.319182750807833e-11,-4.816727194614244e-06,-1.3900917924018602e-07,-3.712615997356178e-11,-6.677490747508286e-11,-6.319182751409369e-11,-6.319182761462212e-11,-6.319182757234658e-11
-1.971313295523175e-06,4.967260460717453e-11,-6.319182770051533e-11,-1.390091792401869e-07,-6.319182769671332e-11,-1.3725980879156276e-07,-3.712615953536118e-11,-6.319182765821261e-11,-6.319182770051533e-11,-7.025087745767755e-11,-6.319182770051533e-11,-6.319182765359992e-11,1.4069508220871331e-10,-6.319182765677786e-11,-6.610737939604349e-11,-6.319182769519423e-11,-8.553607655717765e-11,-1.3900917924018489e-07,-6.319182766721128e-11,-6.319182761602573e-11,-3.3600935514536206e-11,-7.931953971752646e-11,4.9672603207055145e-11,1.0248355974107799e-11,1.0040907014605906e-11,-6.319182770203256e-11,6.40155157675697e-11,-8.553607652200722e-11,-6.677490759214758e-11,-7.931953965232534e-11,-6.67749075546922e-11,-6.319182769064457e-11,-6.677490757046165e-11,-3.5861939879984e-11,-6.677490756611887e-11,-6.677490756065949e-11,-6.436100600866682e-11,-6.319182765821261e-11,-6.319182765731888e-11,1.4069508134253827e-10,1.0136949281119496e-11,-6.319182771999887e-11,-6.319182765340831e-11,-6.319182769491265e-11,-6.319182769671332e-11,-7.931953958274781e-11,-5.147859495046193e-11,-5.147859518930944e-11,-1.3900917924018677e-07,-6.677490758898804e-11,-6.67749075441606e-11,-6.319182766101116e-11,1.0248356018614394e-11,-6.319182765821261e-11,-6.319182765751834e-11,-6.319182765821261e-11,-6.677490756619201e-11,-6.319182769671332e-11,-1.3900917924018602e-07,-4.816727194614244e-06,-3.712615997356172e-11,-6.677490757046165e-11,-6.319182753340972e-11,-6.319182768092013e-11,-6.319182765677786e-11
-2.0158222040609443e-06,-3.3458356747631313e-10,-9.449186971928781e-11,-3.7126159355487025e-11,-9.449186973904723e-11,-1.8177128293281397e-07,3.4432206853037806e-06,-9.449186977965096e-11,-9.449186971928781e-11,-6.730927097045936e-08,-9.449186984864846e-11,-9.449186972574459e-11,-5.162870855848048e-10,-9.449186975076762e-11,-9.205545959145233e-11,-9.449186984448995e-11,9.93796589544004e-12,-3.712615953536142e-11,-9.449186990958497e-11,-9.4491869669484e-11,-8.66474200755636e-10,-6.839560949234606e-14,-3.3458356515905484e-10,-3.4879120047318475e-11,-3.508977773242516e-11,-9.449186981639866e-11,-3.455886007422383e-10,9.937965900222208e-12,-9.79772371128217e-11,-6.839553422981963e-14,-9.797723707098538e-11,-9.449186981639866e-11,-9.797723711945755e-11,-7.409980346320227e-10,-9.797723715074318e-11,-9.79772371880086e-11,-9.339496523244567e-11,-9.449186981451846e-11,-9.449186977775369e-11,-5.162870857666356e-10,-3.63497627622443e-11,-9.449186968914975e-11,-9.449186972574459e-11,-9.449186982049039e-11,-9.449186972574459e-11,-6.839556028480766e-14,6.810241390180328e-11,6.81024143888869e-11,-3.712615953536118e-11,-9.797723716009048e-11,-9.797723702021303e-11,-9.449186983065119e-11,-3.487911977331645e-11,-9.449186966775852e-11,-9.449186975237323e-11,-9.449186966706788e-11,-9.79772372000635e-11,-9.449186981545115e-11,-3.712615997356178e-11,-3.712615997356172e-11,-1.2347694908512318e-06,-9.797723711945755e-11,-9.449186973229012e-11,-9.4491869828248e-11,-9.449186975237284e-11
1.000022150533873,-6.670904692907934e-11,1.0000282333054484,-6.67749075817813e-11,1.0000282333054498,1.0000267986601066,-9.79772371226709e-11,1.0000282333054484,1.0000282333054484,1.0000270871495907,1.0000282333054484,1.000028233305449,-6.513533586989454e-11,1.0000282333054504,1.0000289688075674,1.0000282333054489,1.0000266159161386,-6.67749076788703e-11,1.000028233305449,1.0000282333054509,-3.467086369234672e-11,1.0000287733709665,-6.67090318037972e-11,-1.5694651233228463e-07,-1.6264746273890503e-07,1.0000282333054502,-1.9589848310394558e-11,1.0000266159161386,1.0000258297693563,1.0000287733709683,1.0000258297693554,1.0000282333054489,1.0000258297693572,-6.381591944426689e-11,1.0000258297693574,1.0000258297693563,1.0000288237605446,1.0000282333054493,1.0000282333054489,-6.513533330404954e-11,-1.6805862059287677e-07,1.0000282333054484,1.000028233305449,1.000028233305448,1.0000282333054489,1.0000287733709687,-6.18458471105145e-11,-6.184584568885268e-11,-6.677490747035883e-11,1.0000258297693556,1.0000258297693574,1.0000282333054484,-1.5694651184402273e-07,1.000028233305449,1.0000282333054495,1.0000282333054484,1.0000258297693567,1.0000282333054498,-6.677490747508286e-11,-6.677490757046165e-11,-9.797723711945755e-11,1.0000211520770104,1.0000282333054484,1.0000282333054482,1.000028233305449
1.0000245541077242,-6.729592325731315e-11,1.0000306354179902,-6.319182769226655e-11,1.0000306354179926,1.0000292022411117,-9.449186974532614e-11,1.0000306354179918,1.000030635417992,1.000029489264348,1.0000306354179918,1.0000306354179929,-8.69534030665435e-11,1.0000306354179924,1.0000313721307637,1.0000306354179929,1.0000290224352788,-6.319182775951455e-11,1.0000306354179929,1.000030635417993,-3.094647767411561e-11,1.0000311777863475,-6.729590817422581e-11,-8.04210068875318e-11,-8.319525304375046e-11,1.0000306354179938,-2.327930405640133e-11,1.0000290224352795,1.0000282333054484,1.0000311777863469,1.0000282333054484,1.0000306354179918,1.000028233305449,-5.949358368289131e-11,1.000028233305449,1.000028233305448,1.0000312264227846,1.0000306354179918,1.0000306354179913,-8.695340063321542e-11,-8.588053688734413e-11,1.0000306354179913,1.0000306354179929,1.00003063541799,1.0000306354179909,1.0000311777863478,-4.268338633725401e-11,-4.268338492830011e-11,-6.319182770524638e-11,1.0000282333054478,1.0000282333054493,1.0000306354179918,-8.042100663387421e-11,1.0000306354179915,1.0000306354179933,1.0000306354179918,1.000028233305449,1.000030635417992,-6.319182751409369e-11,-6.319182753340972e-11,-9.449186973229012e-11,1.0000282333054484,1.0000259577256023,1.0000306354179906,1.0000306354179918
1.0000245541077215,-6.72959234131427e-11,1.0000306354179906,-6.319182765448642e-11,1.0000306354179918,1.0000292022411108,-9.44918698325657e-11,1.000030635417989,1.0000306354179898,1.0000294892643466,1.0000306354179895,1.0000306354179906,-8.69534030665435e-11,1.0000306354179915,1.0000313721307634,1.0000306354179915,1.000029022435278,-6.319182782900057e-11,1.0000306354179926,1.0000306354179926,-3.094647758335564e-11,1.0000311777863469,-6.729590822962569e-11,-8.042100689901116e-11,-8.319525306029758e-11,1.0000306354179922,-2.3279303971632653e-11,1.0000290224352788,1.000028233305448,1.0000311777863453,1.000028233305448,1.0000306354179906,1.0000282333054487,-5.949358361016469e-11,1.0000282333054475,1.0000282333054478,1.0000312264227844,1.000030635417991,1.000030635417991,-8.695340055055258e-11,-8.588053695004635e-11,1.00003063541799,1.0000306354179913,1.0000306354179893,1.0000306354179906,1.0000311777863473,-4.268338632453048e-11,-4.268338482780026e-11,-6.319182758564838e-11,1.0000282333054473,1.0000282333054484,1.0000306354179909,-8.042100660890138e-11,1.0000306354179913,1.0000306354179913,1.0000306354179904,1.0000282333054489,1.0000306354179915,-6.319182761462212e-11,-6.319182768092013e-11,-9.4491869828248e-11,1.0000282333054482,1.0000306354179906,1.0000259577255992,1.0000306354179913
1.000024554107725,-6.72959233422119e-11,1.0000306354179922,-6.319182767079216e-11,1.0000306354179906,1.0000292022411115,-9.449186969499512e-11,1.0000306354179906,1.0000306354179906,1.000029489264348,1.000030635417992,1.0000306354179926,-8.695340287000318e-11,1.000030635417992,1.000031372130763,1.0000306354179926,1.0000290224352806,-6.319182770980468e-11,1.0000306354179926,1.0000306354179933,-3.094647767631091e-11,1.0000311777863469,-6.729590825578812e-11,-8.042100686741464e-11,-8.319525314185009e-11,1.0000306354179926,-2.327930405640133e-11,1.00002902243528,1.0000282333054484,1.000031177786348,1.000028233305449,1.0000306354179904,1.0000282333054493,-5.949358360931091e-11,1.0000282333054493,1.000028233305449,1.0000312264227844,1.0000306354179922,1.0000306354179929,-8.695340055055258e-11,-8.588053693897378e-11,1.0000306354179913,1.000030635417992,1.0000306354179906,1.0000306354179926,1.0000311777863489,-4.2683386359488976e-11,-4.2683384919803596e-11,-6.319182759499696e-11,1.0000282333054482,1.0000282333054498,1.0000306354179915,-8.042100667799121e-11,1.0000306354179933,1.000030635417992,1.0000306354179926,1.0000282333054493,1.0000306354179926,-6.319182757234658e-11,-6.319182765677786e-11,-9.449186975237284e-11,1.000028233305449,1.0000306354179918,1.0000306354179913,1.0000259577255963
