1.0000000120544232,1.0000221622658214,1.0000221622658174,2.30795723586625e-06,1.0000206359419965,1.0000221622658163,2.3079572370084567e-06,2.3087375629515413e-06,2.314355448284362e-06,2.3102776018908094e-06,1.0000221981621142,2.318768606446073e-06,1.0000221981621147,2.3102776009387007e-06,1.0000221622658174,2.318640887397639e-06,1.0000221622658174,1.0000224905846995,2.308994896330163e-06,1.000022425925224,2.3280254610263045e-06,2.3102775991594932e-06,2.3387341711602664e-06,1.0000221622658194,1.0000222139215509,2.308661053661732e-06,1.0000221622658179,1.0000221622658203,1.000022162265817,2.3102776031484687e-06,1.0000221622658179,1.0000222928641602,1.0000233523100373,2.3169139483377468e-06,2.344952688912126e-06,1.000022162265819,1.0000221622658163,2.3102775991680914e-06,2.310277600935748e-06,1.0000222911922882,2.3102776030303207e-06,1.0000222139215502,1.0000221622658192,1.0000226090447022,2.3234766999528847e-06,1.0000221622658176,2.308388333990348e-06,1.0000221622658183,1.0000221622658194,2.321165180282266e-06,2.3188220639298755e-06,2.3079572362520275e-06,1.000022162265818,1.0000220811707647,1.0000221622658156,2.308037772063767e-06,1.0000222120632793,1.0000220598502445,1.0000221981621147,2.3102776031470287e-06,2.3144107590169872e-06,2.308037771966865e-06
1.0000221622658214,1.0000250654819693,1.000026208285594,6.063502910290554e-11,1.000024681952412,1.0000262082855929,6.063503079036698e-11,6.102697793914437e-11,6.384878032951331e-11,6.18005218136513e-11,1.0000262441821095,6.606545984002299e-11,1.00002624418211,6.180052133967459e-11,1.0000262082855944,6.600130842677536e-11,1.0000262082855946,1.0000265366064889,6.115623445658435e-11,1.0000264719466156,7.071507714404688e-11,6.180052128692144e-11,7.609394526182469e-11,1.0000262082855955,1.0000262599416427,6.09885489422732e-11,1.0000262082855935,1.0000262082855953,1.0000262082855937,6.180052215610452e-11,1.0000262082855935,1.000026338884737,1.0000273983371086,6.513388635212483e-11,7.921743914478565e-11,1.0000262082855949,1.0000262082855937,6.180052107616927e-11,6.180052138892291e-11,1.0000263372128526,6.18005216516494e-11,1.0000262599416427,1.000026208285594,1.0000266550672177,6.843028346393983e-11,1.0000262082855929,6.085156553700352e-11,1.0000262082855946,1.0000262082855946,6.726923595313911e-11,6.609231094325232e-11,6.063502929079279e-11,1.0000262082855929,1.0000261271900432,1.0000262082855946,6.067548248192326e-11,1.00002625808336,1.000026105869389,1.0000262441821106,6.180052222376242e-11,6.387656122761922e-11,6.067548223168319e-11
1.0000221622658174,1.000026208285594,1.0000250654819702,6.06350290480523e-11,1.0000246819524103,1.000026208285591,6.063503077550366e-11,6.102697795019478e-11,6.384878032061255e-11,6.180052188408531e-11,1.0000262441821077,6.606545982659379e-11,1.0000262441821082,6.180052135778501e-11,1.0000262082855929,6.60013084009314e-11,1.0000262082855937,1.0000265366064875,6.115623447124527e-11,1.0000264719466143,7.071507714515322e-11,6.180052128527167e-11,7.609394524266796e-11,1.0000262082855933,1.000026259941642,6.098854893591546e-11,1.0000262082855917,1.0000262082855933,1.0000262082855926,6.180052215189668e-11,1.0000262082855917,1.000026338884736,1.0000273983371069,6.513388633393162e-11,7.921743916578328e-11,1.0000262082855933,1.0000262082855933,6.180052107317553e-11,6.180052140972525e-11,1.0000263372128508,6.180052170174895e-11,1.0000262599416412,1.000026208285592,1.000026655067217,6.843028344935518e-11,1.0000262082855924,6.085156555877804e-11,1.0000262082855924,1.0000262082855924,6.726923594189946e-11,6.609231087282119e-11,6.063502931476422e-11,1.0000262082855917,1.000026127190042,1.000026208285592,6.067548249857591e-11,1.0000262580833583,1.0000261058693878,1.0000262441821084,6.18005222084886e-11,6.387656123844629e-11,6.067548224058173e-11
2.30795723586625e-06,6.063502910290554e-11,6.06350290480523e-11,-1.1428035362058877e-06,1.207179871718316e-07,6.063502911179243e-11,7.19359606658339e-18,7.304222795642981e-18,7.59044393204793e-18,7.310317322337134e-18,6.063503122536806e-11,7.955673245754136e-18,6.063503123004379e-11,7.322144841242405e-18,6.063502910290554e-11,7.930737558568807e-18,6.063502905266008e-11,6.06350491103842e-11,7.009283685085374e-18,6.063504516250833e-11,8.524031957942832e-18,7.429202878932326e-18,9.080364537516274e-18,6.063502905988102e-11,6.063503218675014e-11,7.045301854786794e-18,6.063502906002718e-11,6.063502905423553e-11,6.063502910290554e-11,7.324305618271191e-18,6.063502905988102e-11,6.063503702439426e-11,6.063510181613449e-11,7.566394580932835e-18,9.319712445229047e-18,6.06350290534888e-11,6.063502905423553e-11,7.429202878932326e-18,7.407585019762128e-18,6.063503693928923e-11,7.324305618271191e-18,6.063503223600364e-11,6.063502906002718e-11,6.06350563299049e-11,8.161294720443838e-18,6.063502901077927e-11,7.375756433838308e-18,6.063502905988102e-11,6.063502905069315e-11,7.768298315868641e-18,7.921616485945947e-18,6.801805304396338e-18,6.063502906002718e-11,6.063502408450358e-11,6.063502905988102e-11,6.892625773440059e-18,6.063503208218439e-11,6.063502275180738e-11,6.063503123131872e-11,7.429202878932326e-18,7.647454759503719e-18,6.892625773440059e-18
1.0000206359419965,1.000024681952412,1.0000246819524103,1.207179871718316e-07,1.000022012817927,1.0000246819524101,1.207179906340081e-07,1.21498316427525e-07,1.2711622921548227e-07,1.230383612790356e-07,1.0000247178488721,1.3152940582051846e-07,1.0000247178488728,1.230383602880778e-07,1.0000246819524108,1.3140168703968368e-07,1.000024681952411,1.0000250102728074,1.2175565257463753e-07,1.0000249456130308,1.4078630647669233e-07,1.230383601643575e-07,1.514950690209875e-07,1.0000246819524128,1.0000247336083807,1.2142180829369147e-07,1.000024681952411,1.0000246819524117,1.0000246819524103,1.2303836188909963e-07,1.0000246819524101,1.000024812551356,1.000025872002118,1.296747404595398e-07,1.5771361804689227e-07,1.000024681952411,1.0000246819524115,1.2303835981547933e-07,1.2303836044430671e-07,1.0000248108794743,1.230383609794142e-07,1.0000247336083805,1.000024681952411,1.0000251287333561,1.3623752172074106e-07,1.0000246819524106,1.2114908868381989e-07,1.0000246819524106,1.0000246819524103,1.3392599775930148e-07,1.3158286344155825e-07,1.2071798773261933e-07,1.0000246819524097,1.0000246008569829,1.000024681952411,1.2079852577626305e-07,1.0000247317501003,1.0000245795363623,1.0000247178488721,1.230383620118621e-07,1.2717153796184123e-07,1.2079852522652752e-07
1.0000221622658163,1.0000262082855929,1.000026208285591,6.063502911179243e-11,1.0000246819524101,1.0000250654819702,6.063503080355208e-11,6.102697795918e-11,6.384878031873564e-11,6.18005218136513e-11,1.0000262441821075,6.606545984002299e-11,1.0000262441821082,6.180052133186115e-11,1.0000262082855917,6.600130842677437e-11,1.0000262082855929,1.000026536606488,6.115623447069845e-11,1.0000264719466132,7.071507714929005e-11,6.180052128527167e-11,7.609394524732616e-11,1.0000262082855935,1.0000262599416412,6.09885489422732e-11,1.000026208285592,1.0000262082855937,1.0000262082855917,6.180052215610452e-11,1.000026208285591,1.0000263388847348,1.000027398337106,6.513388634788877e-11,7.921743915742439e-11,1.000026208285592,1.0000262082855915,6.180052107616927e-11,6.180052138362264e-11,1.0000263372128504,6.180052168387184e-11,1.0000262599416412,1.0000262082855924,1.0000266550672154,6.843028346393983e-11,1.0000262082855906,6.085156555573108e-11,1.0000262082855915,1.000026208285592,6.726923591851169e-11,6.609231094325232e-11,6.063502931751376e-11,1.0000262082855904,1.0000261271900406,1.0000262082855917,6.067548250640993e-11,1.0000262580833574,1.0000261058693873,1.0000262441821075,6.18005222241498e-11,6.387656120794903e-11,6.067548220774732e-11
2.3079572370084567e-06,6.063503079036698e-11,6.063503077550366e-11,7.19359606658339e-18,1.207179906340081e-07,6.063503080355208e-11,-1.1428035362058877e-06,7.13449289692046e-18,7.609000639521677e-18,7.322146471332003e-18,6.063503296480332e-11,7.941579875332236e-18,6.063503297673805e-11,7.322144841242405e-18,6.063503080503178e-11,7.84608462333423e-18,6.063503076250041e-11,6.063505084795223e-11,7.127019206723637e-18,6.0635046901999e-11,8.627165117180895e-18,7.379567667170972e-18,9.080364537515703e-18,6.063503081636845e-11,6.063503396851443e-11,7.333666897190999e-18,6.063503079204698e-11,6.06350307904348e-11,6.063503081636845e-11,7.322144841242405e-18,6.06350308138709e-11,6.063503871377164e-11,6.063510354383731e-11,7.992560306884604e-18,9.273197871098147e-18,6.063503080195864e-11,6.063503080195863e-11,7.379567667170972e-18,7.324306379105815e-18,6.063503864663254e-11,7.322144841242405e-18,6.063503392857986e-11,6.063503081743831e-11,6.063505806618202e-11,8.161294720443838e-18,6.06350308138709e-11,7.375742745359273e-18,6.063503080195863e-11,6.06350308138709e-11,7.768298315868641e-18,7.944412727240052e-18,6.801805304396338e-18,6.063503080195863e-11,6.063502583042703e-11,6.063503079036698e-11,6.892625773440059e-18,6.063503382026424e-11,6.063502451074446e-11,6.063503294905651e-11,7.407585019762128e-18,7.620898531985157e-18,7.406975886664252e-18
2.3087375629515413e-06,6.102697793914437e-11,6.102697795019478e-11,7.304222795642981e-18,1.21498316427525e-07,6.102697795918e-11,7.13449289692046e-18,-1.1428035361192783e-06,7.70059378938881e-18,7.42680487022565e-18,6.102698018019088e-11,7.949734786082607e-18,6.102698017468075e-11,7.408758578992369e-18,6.102697794949165e-11,7.927071803776581e-18,6.102697797738284e-11,6.102699828584925e-11,7.295106581101535e-18,6.102699410749706e-11,1.6917451142908707e-14,7.387122423885639e-18,9.514642932183814e-18,6.102697792531683e-11,6.102698112926782e-11,1.4572330282040182e-14,6.102697798513207e-11,6.102697796743559e-11,6.10269779481234e-11,7.406911167323015e-18,6.102697797119339e-11,6.102698598784282e-11,6.10270511803146e-11,7.949062087352704e-18,9.620195253947126e-18,6.102697797119339e-11,6.102697796743559e-11,7.484388327773023e-18,7.408758578992369e-18,6.102698593279986e-11,7.429535013679459e-18,6.102698113141518e-11,6.102697792531683e-11,6.102700545432045e-11,8.266262861512439e-18,6.102697797537302e-11,1.4535879987832673e-14,6.102697800308604e-11,6.102697796743559e-11,8.124270814854478e-18,7.934901495484808e-18,6.678782067140611e-18,6.10269779190129e-11,6.102697296362189e-11,6.102697794247421e-11,7.905255151960926e-18,6.102698102613886e-11,6.102697165477336e-11,6.102698017928e-11,7.429535883129101e-18,7.711276024578041e-18,8.091171922805248e-18
2.314355448284362e-06,6.384878032951331e-11,6.384878032061255e-11,7.59044393204793e-18,1.2711622921548227e-07,6.384878031873564e-11,7.609000639521677e-18,7.70059378938881e-18,-1.1428035353556303e-06,1.549491928687268e-14,6.384878268131481e-11,1.656490135219197e-14,6.384878269741798e-11,1.5494919377438922e-14,6.384878033226586e-11,1.6547416455306427e-14,6.384878032046967e-11,6.38488014984981e-11,7.724354384424664e-18,6.384879733618569e-11,8.901808446661345e-18,1.5494919353830133e-14,9.558179253413643e-18,6.38487803085396e-11,6.384878364223156e-11,7.652813989539616e-18,6.384878031873564e-11,6.384878031208607e-11,6.384878029321428e-11,1.549491937364811e-14,6.384878032061352e-11,6.38487887090002e-11,6.384885683189352e-11,8.177530301879973e-18,9.952681581498399e-18,6.3848780325804e-11,6.384878029321428e-11,1.5494919362748795e-14,1.549491941359815e-14,6.38487886228908e-11,1.5494919354227712e-14,6.384878362147048e-11,6.384878032061352e-11,6.384880912239856e-11,1.7157381126971133e-14,6.3848780325804e-11,7.62579536263711e-18,6.384878034748381e-11,6.384878030966704e-11,8.546101164909254e-18,1.657170580121901e-14,7.595755715930636e-18,6.384878029630053e-11,6.384877514167459e-11,6.384878029321428e-11,7.584739758607973e-18,1.2711643100186097e-07,6.384877374678772e-11,6.384878270381898e-11,1.5494919382139927e-14,1.6015858779828197e-14,7.65469881878211e-18
2.3102776018908094e-06,6.18005218136513e-11,6.180052188408531e-11,7.310317322337134e-18,1.230383612790356e-07,6.18005218136513e-11,7.322146471332003e-18,7.42680487022565e-18,1.549491928687268e-14,-1.1428035366504993e-06,6.180052408740722e-11,1.6034028054011198e-14,6.180052408923758e-11,1.499833879572868e-14,6.180052185594102e-11,1.6017107759272854e-14,6.180052188377011e-11,6.180054230310361e-11,7.490847487179467e-18,6.180053826755297e-11,8.632306680091315e-18,1.4998338772899155e-14,9.302570114717297e-18,6.180052183596017e-11,6.180052509029724e-11,7.435484932421349e-18,6.180052182940785e-11,6.180052185591346e-11,6.180052183823436e-11,1.4998338792346325e-14,6.180052188364866e-11,6.180052998186242e-11,6.180059600165221e-11,7.863373517905277e-18,9.69309085512168e-18,6.180052188408531e-11,6.180052183823436e-11,1.4998338781471287e-14,1.4998338830731495e-14,6.180052989010514e-11,1.499833877344009e-14,6.180052513022172e-11,6.180052185279896e-11,6.180054967093466e-11,1.660752136477031e-14,6.18005218136513e-11,7.436094401323085e-18,6.180052185606295e-11,6.180052185606295e-11,8.173662890206822e-18,1.6040614191538946e-14,7.340421620688712e-18,6.18005218136513e-11,6.180051679388574e-11,6.180052185591346e-11,7.346985387633677e-18,6.180052496851599e-11,6.18005155259328e-11,6.180052406125335e-11,1.499833880057952e-14,1.5502581860199748e-14,7.410906815433785e-18
1.0000221981621142,1.0000262441821095,1.0000262441821077,6.063503122536806e-11,1.0000247178488721,1.0000262441821075,6.063503296480332e-11,6.102698018019088e-11,6.384878268131481e-11,6.180052408740722e-11,1.0000251372750004,6.606546228674785e-11,1.0000262800786257,6.180052360013302e-11,1.0000262441821082,6.600131081614062e-11,1.0000262441821082,1.0000265725030146,6.115623656396644e-11,1.0000265078431387,7.071507974943107e-11,6.180052351169462e-11,1.5149530751639588e-07,1.0000262441821104,1.0000262958381596,6.098855116263825e-11,1.0000262441821077,1.0000262441821095,1.0000262441821084,6.180052435347007e-11,1.0000262441821077,1.0000263747812561,1.0000274342336657,6.513388866437264e-11,1.5771386632513873e-07,1.0000262441821082,1.0000262441821088,6.180052333068912e-11,6.180052367241483e-11,1.0000263731093724,6.180052392616834e-11,1.0000262958381596,1.0000262441821082,1.000026690963748,6.84302859169127e-11,1.0000262441821082,6.085156775684505e-11,1.0000262441821082,1.0000262441821084,6.726923836138663e-11,6.60923132827433e-11,6.063503151082891e-11,1.0000262441821073,1.0000261630865546,1.0000262441821082,6.06754847056531e-11,1.0000262939798754,1.0000261417659009,1.000026280078626,6.180052447662894e-11,6.387656347679378e-11,6.067548447740461e-11
2.318768606446073e-06,6.606545984002299e-11,6.606545982659379e-11,7.955673245754136e-18,1.3152940582051846e-07,6.606545984002299e-11,7.941579875332236e-18,7.949734786082607e-18,1.656490135219197e-14,1.6034028054011198e-14,6.606546228674785e-11,-1.1428035367772387e-06,6.606546227933856e-11,1.6034028147123268e-14,6.606545982652085e-11,1.7123149700784703e-14,6.606545985224627e-11,6.606548173758813e-11,7.947775037208543e-18,6.606547739638269e-11,9.223814369404304e-18,1.6034028122747514e-14,9.959958698721375e-18,6.606545985241176e-11,6.606546329513246e-11,7.970331913683915e-18,6.606545985459526e-11,6.606545985148552e-11,6.606545985224627e-11,1.603402814384736e-14,6.606545984528617e-11,6.606546854440668e-11,6.606553904737059e-11,8.470945572896834e-18,1.0420517578975364e-17,6.606545983558931e-11,6.606545987100946e-11,1.603402813184329e-14,1.6034028184552872e-14,6.606546843449443e-11,1.603402812351407e-14,6.606546328967181e-11,6.60654598783946e-11,6.606548961692356e-11,1.7754329707349363e-14,6.606545984913906e-11,7.927862100668407e-18,6.60654598513164e-11,6.606545984528617e-11,1.7424787304552945e-14,1.7148273558690806e-14,7.955673245754136e-18,6.606545984002299e-11,6.606545464507651e-11,6.606545982652085e-11,7.9840654683674e-18,1.3152961460243253e-07,1.3152959443195347e-07,6.606546228674785e-11,1.603402815266596e-14,1.657308934854577e-14,7.882688559801475e-18
1.0000221981621147,1.00002624418211,1.0000262441821082,6.063503123004379e-11,1.0000247178488728,1.0000262441821082,6.063503297673805e-11,6.102698017468075e-11,6.384878269741798e-11,6.180052408923758e-11,1.0000262800786257,6.606546227933856e-11,1.000025137275002,6.180052357155716e-11,1.0000262441821084,6.600131084395379e-11,1.000026244182109,1.0000265725030149,6.11562365916471e-11,1.0000265078431396,7.071507974943107e-11,6.180052350747951e-11,1.5149530751639588e-07,1.0000262441821108,1.00002629583816,6.098855116681095e-11,1.000026244182109,1.0000262441821093,1.0000262441821086,6.180052439272929e-11,1.0000262441821084,1.0000263747812557,1.0000274342336652,6.513388868094587e-11,1.5771386632513886e-07,1.000026244182109,1.0000262441821088,6.180052333947731e-11,6.1800523672089e-11,1.0000263731093733,6.180052393631013e-11,1.00002629583816,1.0000262441821084,1.0000266909637485,6.843028591847834e-11,1.0000262441821075,6.085156775641722e-11,1.0000262441821084,1.0000262441821084,6.726923836137961e-11,6.609231328455763e-11,6.063503150552254e-11,1.0000262441821073,1.0000261630865543,1.000026244182109,6.06754847024961e-11,1.0000262939798763,1.0000261417659013,1.0000262800786264,6.180052444113228e-11,6.387656349014465e-11,6.067548447740461e-11
2.3102776009387007e-06,6.180052133967459e-11,6.180052135778501e-11,7.322144841242405e-18,1.230383602880778e-07,6.180052133186115e-11,7.322144841242405e-18,7.408758578992369e-18,1.5494919377438922e-14,1.499833879572868e-14,6.180052360013302e-11,1.6034028147123268e-14,6.180052357155716e-11,-1.1428035366504993e-06,6.180052130066033e-11,1.6017107853099598e-14,6.180052133859295e-11,6.180054179725516e-11,7.511274442113765e-18,6.180053776359988e-11,8.649735778215712e-18,1.4998338860291167e-14,9.276406736090064e-18,6.180052136072052e-11,6.180052462279668e-11,7.388204165793841e-18,6.180052135456911e-11,6.180052133967459e-11,6.180052137776128e-11,1.4998338879738352e-14,6.1800521352111e-11,6.180052949621094e-11,6.180059550436792e-11,7.952218246584043e-18,9.669870056452905e-18,6.180052133186115e-11,6.180052135100284e-11,1.4998338868863318e-14,1.4998338918123522e-14,6.180052939476572e-11,1.4998338860832102e-14,6.180052458000193e-11,6.180052135318374e-11,6.180054916330176e-11,1.6607521461426383e-14,6.180052133385721e-11,7.289108259767708e-18,6.180052131587498e-11,6.180052135318374e-11,8.142864535665518e-18,1.6040614284593114e-14,7.322144841242405e-18,6.180052133967459e-11,6.180051628702391e-11,6.180052136478079e-11,7.341025013501764e-18,6.180052446143853e-11,6.180051498737237e-11,6.180052357891097e-11,1.4998338887971526e-14,1.550258195029148e-14,7.311258379594756e-18
1.0000221622658174,1.0000262082855944,1.0000262082855929,6.063502910290554e-11,1.0000246819524108,1.0000262082855917,6.063503080503178e-11,6.102697794949165e-11,6.384878033226586e-11,6.180052185594102e-11,1.0000262441821082,6.606545982652085e-11,1.0000262441821084,6.180052130066033e-11,1.0000250654819705,6.600130840454608e-11,1.0000262082855926,1.0000265366064875,6.115623446595679e-11,1.0000264719466139,7.071507715242492e-11,6.180052132921652e-11,7.60939452570736e-11,1.0000262082855946,1.000026259941642,6.09885489281269e-11,1.0000262082855929,1.0000262082855942,1.0000262082855935,6.1800522165225e-11,1.0000262082855929,1.0000263388847357,1.0000273983371075,6.513388635793907e-11,7.921743915448981e-11,1.0000262082855924,1.0000262082855935,6.180052107653196e-11,6.180052140972525e-11,1.0000263372128522,6.180052167117433e-11,1.0000262599416416,1.0000262082855926,1.0000266550672163,6.843028347727771e-11,1.0000262082855926,6.085156555968814e-11,1.0000262082855917,1.000026208285592,6.726923592068673e-11,6.609231090453904e-11,6.063502931036883e-11,1.0000262082855924,1.0000261271900415,1.0000262082855933,6.067548249382955e-11,1.000026258083359,1.0000261058693891,1.000026244182109,6.180052222616263e-11,6.387656119241975e-11,6.067548222875931e-11
2.318640887397639e-06,6.600130842677536e-11,6.60013084009314e-11,7.930737558568807e-18,1.3140168703968368e-07,6.600130842677437e-11,7.84608462333423e-18,7.927071803776581e-18,1.6547416455306427e-14,1.6017107759272854e-14,6.600131081614062e-11,1.7123149700784703e-14,6.600131084395379e-11,1.6017107853099598e-14,6.600130840454608e-11,-1.1428035368420532e-06,6.600130842980343e-11,1.3140193249172753e-07,7.925572066704735e-18,6.600132595317289e-11,9.281211941673629e-18,1.6017107828687126e-14,9.844435855040428e-18,6.600130844609062e-11,6.600131187185739e-11,7.863797036552273e-18,6.600130840150575e-11,6.600130840150575e-11,6.600130840150575e-11,1.6017107848979453e-14,6.600130844355519e-11,6.600131711688002e-11,1.314020465227098e-07,8.443733316033454e-18,1.0266345849850948e-17,6.600130841084573e-11,6.600130841318814e-11,1.601710783795753e-14,1.601710789049195e-14,6.600131701338683e-11,1.6017107828996234e-14,6.600131186700772e-11,6.600130840150575e-11,6.600133815689583e-11,1.7735595873972007e-14,6.600130841636259e-11,7.909930850971053e-18,6.600130842677536e-11,6.600130840454617e-11,8.763863044255988e-18,1.7130183558633737e-14,7.899350052104147e-18,6.600130845650818e-11,6.600130304164179e-11,6.600130847655287e-11,7.96977720834917e-18,6.600131171223994e-11,6.60013016293943e-11,6.60013108170629e-11,1.6017107857750084e-14,1.655560376709274e-14,7.964875051065565e-18
1.0000221622658174,1.0000262082855946,1.0000262082855937,6.063502905266008e-11,1.000024681952411,1.0000262082855929,6.063503076250041e-11,6.102697797738284e-11,6.384878032046967e-11,6.180052188377011e-11,1.0000262441821082,6.606545985224627e-11,1.000026244182109,6.180052133859295e-11,1.0000262082855926,6.600130842980343e-11,1.0000250654819718,1.0000265366064878,6.115623445659103e-11,1.0000264719466143,7.071507715639498e-11,6.180052131439361e-11,7.609394525480034e-11,1.0000262082855946,1.000026259941642,6.098854892886811e-11,1.0000262082855937,1.0000262082855955,1.0000262082855937,6.180052215784484e-11,1.0000262082855929,1.000026338884736,1.000027398337108,6.513388631368327e-11,7.921743912937966e-11,1.0000262082855926,1.0000262082855935,6.18005211020972e-11,6.180052140302281e-11,1.0000263372128522,6.180052165394594e-11,1.0000262599416416,1.0000262082855935,1.0000266550672174,6.843028346891878e-11,1.0000262082855926,6.085156556371528e-11,1.0000262082855924,1.0000262082855926,6.726923590127257e-11,6.609231093418661e-11,6.063502931751376e-11,1.0000262082855926,1.0000261271900424,1.0000262082855935,6.067548249108205e-11,1.0000262580833594,1.0000261058693891,1.0000262441821093,6.180052222992338e-11,6.387656125223865e-11,6.067548221451689e-11
1.0000224905846995,1.0000265366064889,1.0000265366064875,6.06350491103842e-11,1.0000250102728074,1.000026536606488,6.063505084795223e-11,6.102699828584925e-11,6.38488014984981e-11,6.180054230310361e-11,1.0000265725030146,6.606548173758813e-11,1.0000265725030149,6.180054179725516e-11,1.0000265366064875,1.3140193249172753e-07,1.0000265366064878,1.0000257221238675,6.115625467990217e-11,1.000026800267594,1.4078656950641813e-07,6.180054172694098e-11,1.5149535216527566e-07,1.0000265366064904,1.0000265882625532,6.098856918871104e-11,1.000026536606488,1.0000265366064898,1.0000265366064884,6.180054259993948e-11,1.0000265366064882,1.0000266672056737,1.0000277266583908,6.513390788181579e-11,1.577139128054473e-07,1.0000265366064884,1.000026536606488,6.180054157907763e-11,6.180054187828038e-11,1.0000266655337897,6.180054217059607e-11,1.0000265882625525,1.000026536606488,1.0000269833882574,6.843030595512773e-11,1.0000265366064873,6.085158568097164e-11,1.0000265366064882,1.000026536606488,6.726925825624988e-11,6.609233275556478e-11,6.063504939329681e-11,1.000026536606488,1.0000264555109097,1.000026536606488,6.06755026077551e-11,1.0000265864042694,1.00002643419025,1.0000265725030155,6.180054265756917e-11,6.387658229714506e-11,6.067550226507602e-11
2.308994896330163e-06,6.115623445658435e-11,6.115623447124527e-11,7.009283685085374e-18,1.2175565257463753e-07,6.115623447069845e-11,7.127019206723637e-18,7.295106581101535e-18,7.724354384424664e-18,7.490847487179467e-18,6.115623656396644e-11,7.947775037208543e-18,6.11562365916471e-11,7.511274442113765e-18,6.115623446595679e-11,7.925572066704735e-18,6.115623445659103e-11,6.115625467990217e-11,-1.1428035388759276e-06,6.115625107841436e-11,1.6955696105930038e-14,7.467681965830145e-18,1.8233720681864325e-14,6.115623447533804e-11,6.115623764920428e-11,7.641871309927695e-18,6.115623445679594e-11,6.115623446322035e-11,6.115623445376372e-11,7.490847487179467e-18,6.115623446322035e-11,6.115624251996776e-11,6.11563078782617e-11,8.107901282533918e-18,1.898309112652308e-14,6.115623445728238e-11,6.115623447300967e-11,7.467681965830145e-18,7.525070808628448e-18,6.115624239810895e-11,7.465096893446846e-18,6.115623765151935e-11,6.115623448969905e-11,6.115626197694655e-11,8.307187046231918e-18,6.11562344519306e-11,7.682126549448486e-18,6.115623447391943e-11,6.115623445194002e-11,8.160463360022565e-18,7.925008471813926e-18,7.127019206723637e-18,6.115623447202582e-11,6.115622946142972e-11,6.115623447100364e-11,8.218832098219995e-18,6.115623742792306e-11,6.115622816824208e-11,6.115623659164729e-11,7.399732401065989e-18,7.662929219226765e-18,7.448336665346243e-18
1.000022425925224,1.0000264719466156,1.0000264719466143,6.063504516250833e-11,1.0000249456130308,1.0000264719466132,6.0635046901999e-11,6.102699410749706e-11,6.384879733618569e-11,6.180053826755297e-11,1.0000265078431387,6.606547739638269e-11,1.0000265078431396,6.180053776359988e-11,1.0000264719466139,6.600132595317289e-11,1.0000264719466143,1.000026800267594,6.115625107841436e-11,1.0000255928040793,1.407865603357334e-07,6.180053775421132e-11,1.5149534229325606e-07,1.0000264719466156,1.0000265236026762,6.098856517540854e-11,1.0000264719466136,1.0000264719466154,1.0000264719466145,6.18005385913117e-11,1.0000264719466148,1.0000266025457902,1.0000276619984394,6.513390366523413e-11,1.5771390252849037e-07,1.0000264719466145,1.0000264719466152,6.180053751556744e-11,6.180053786625393e-11,1.000026600873906,6.18005381434954e-11,1.0000265236026749,1.0000264719466132,1.0000269187283535,6.8430301657248e-11,1.0000264719466132,6.085158170844928e-11,1.0000264719466143,1.0000264719466143,6.726925383328288e-11,6.609232844122458e-11,6.063504544433333e-11,1.0000264719466139,1.000026390851041,1.0000264719466143,6.067549865721735e-11,1.0000265217443922,1.0000263695303815,1.0000265078431387,6.18005386367175e-11,6.387657811811515e-11,6.067549845406331e-11
2.3280254610263045e-06,7.071507714404688e-11,7.071507714515322e-11,8.524031957942832e-18,1.4078630647669233e-07,7.071507714929005e-11,8.627165117180895e-18,1.6917451142908707e-14,8.901808446661345e-18,8.632306680091315e-18,7.071507974943107e-11,9.223814369404304e-18,7.071507974943107e-11,8.649735778215712e-18,7.071507715242492e-11,9.281211941673629e-18,7.071507715639498e-11,1.4078656950641813e-07,1.6955696105930038e-14,1.407865603357334e-07,-1.1428035333052864e-06,8.657923988642682e-18,2.1104994342748218e-14,7.071507715895388e-11,7.071508082257276e-11,1.6906224471569884e-14,7.071507714298595e-11,7.071507714393148e-11,7.071507714806299e-11,8.63066083939992e-18,7.071507715511823e-11,7.071508644949057e-11,1.4078669170319417e-07,1.8054269481002564e-14,2.1972286309652677e-14,7.071507714687386e-11,7.071507714393148e-11,8.63066083939992e-18,8.642514857201613e-18,7.071508632911001e-11,8.628800659413132e-18,7.071508084652282e-11,7.071507714747796e-11,7.071510903152039e-11,9.48439508186021e-18,7.071507714567259e-11,1.6864327678555432e-14,7.071507715639498e-11,7.071507715360675e-11,9.697978287975937e-18,9.228380471565059e-18,8.384723839093425e-18,7.07150771549808e-11,7.071507137459609e-11,7.071507714866904e-11,1.68112801104472e-14,1.4078653000555658e-07,7.071506986334987e-11,7.071507990688149e-11,8.632306680091315e-18,8.914845126714189e-18,1.681128012368407e-14
2.3102775991594932e-06,6.180052128692144e-11,6.180052128527167e-11,7.429202878932326e-18,1.230383601643575e-07,6.180052128527167e-11,7.379567667170972e-18,7.387122423885639e-18,1.5494919353830133e-14,1.4998338772899155e-14,6.180052351169462e-11,1.6034028122747514e-14,6.180052350747951e-11,1.4998338860291167e-14,6.180052132921652e-11,1.6017107828687126e-14,6.180052131439361e-11,6.180054172694098e-11,7.467681965830145e-18,6.180053775421132e-11,8.657923988642682e-18,-1.1428035366504993e-06,9.26024471865337e-18,6.180052129822479e-11,6.180052453450982e-11,7.439663540242251e-18,6.180052129222118e-11,6.180052133150247e-11,6.180052129004061e-11,1.4998338856908812e-14,6.180052133150247e-11,6.180052941081992e-11,6.180059535474703e-11,7.90329873983628e-18,9.68762731810044e-18,6.180052129569808e-11,6.180052126854582e-11,1.4998338846033765e-14,1.4998338895293986e-14,6.180052929302328e-11,1.4998338838002587e-14,6.180052450745328e-11,6.180052129232304e-11,6.180054910423522e-11,1.6607521436158114e-14,6.180052132632255e-11,7.37356219994858e-18,6.180052129222118e-11,6.18005212908566e-11,8.230095042619514e-18,1.604061426021031e-14,7.322144841242404e-18,6.180052128499671e-11,6.180051623709581e-11,6.18005213175722e-11,7.463967738484757e-18,6.180052438478003e-11,6.180051497306027e-11,6.18005235399445e-11,1.4998338865142002e-14,1.550258192671374e-14,7.463967738484757e-18
2.3387341711602664e-06,7.609394526182469e-11,7.609394524266796e-11,9.080364537516274e-18,1.514950690209875e-07,7.609394524732616e-11,9.080364537515703e-18,9.514642932183814e-18,9.558179253413643e-18,9.302570114717297e-18,1.5149530751639588e-07,9.959958698721375e-18,1.5149530751639588e-07,9.276406736090064e-18,7.60939452570736e-11,9.844435855040428e-18,7.609394525480034e-11,1.5149535216527566e-07,1.8233720681864325e-14,1.5149534229325606e-07,2.1104994342748218e-14,9.26024471865337e-18,-1.1428035253941965e-06,7.609394526336611e-11,7.609394921799141e-11,9.57352129538937e-18,7.60939451836646e-11,7.609394525480034e-11,7.609394526416469e-11,9.302570114707698e-18,7.609394526336611e-11,7.609395524920205e-11,7.609403643695877e-11,9.983357336409274e-18,2.3628951767449307e-14,7.609394527840881e-11,7.60939452406061e-11,9.296261528244847e-18,9.264909594387831e-18,7.609395510924366e-11,9.302570117869058e-18,7.609394922940573e-11,7.609394526416469e-11,7.6093979214942e-11,1.0219474635105396e-17,7.60939451836646e-11,8.923005734565224e-18,7.609394527534669e-11,7.609394527534669e-11,1.0072477872444101e-17,9.903432044729546e-18,9.091773259674857e-18,7.6093945211821e-11,7.609393901517981e-11,7.609394525097877e-11,9.484364466292953e-18,1.514953096436644e-07,7.609393734148003e-11,1.5149530751639588e-07,9.326291169433423e-18,9.592356341949371e-18,9.484364466292953e-18
1.0000221622658194,1.0000262082855955,1.0000262082855933,6.063502905988102e-11,1.0000246819524128,1.0000262082855935,6.063503081636845e-11,6.102697792531683e-11,6.38487803085396e-11,6.180052183596017e-11,1.0000262441821104,6.606545985241176e-11,1.0000262441821108,6.180052136072052e-11,1.0000262082855946,6.600130844609062e-11,1.0000262082855946,1.0000265366064904,6.115623447533804e-11,1.0000264719466156,7.071507715895388e-11,6.180052129822479e-11,7.609394526336611e-11,1.0000250654819718,1.0000262599416434,6.098854892823258e-11,1.0000262082855949,1.0000262082855964,1.0000262082855946,6.180052215610452e-11,1.0000262082855937,1.0000263388847381,1.0000273983371089,6.513388632501351e-11,7.921743915448981e-11,1.000026208285595,1.0000262082855944,6.180052111268078e-11,6.18005213770703e-11,1.0000263372128537,6.18005217276507e-11,1.0000262599416438,1.0000262082855949,1.0000266550672183,6.843028347904651e-11,1.0000262082855937,6.085156559240921e-11,1.0000262082855944,1.0000262082855944,6.726923593999692e-11,6.609231093739865e-11,6.063502929520183e-11,1.0000262082855933,1.0000261271900435,1.0000262082855935,6.067548248283159e-11,1.0000262580833597,1.00002610586939,1.0000262441821108,6.18005222084886e-11,6.38765612469797e-11,6.067548221507133e-11
1.0000222139215509,1.0000262599416427,1.000026259941642,6.063503218675014e-11,1.0000247336083807,1.0000262599416412,6.063503396851443e-11,6.102698112926782e-11,6.384878364223156e-11,6.180052509029724e-11,1.0000262958381596,6.606546329513246e-11,1.00002629583816,6.180052462279668e-11,1.000026259941642,6.600131187185739e-11,1.000026259941642,1.0000265882625532,6.115623764920428e-11,1.0000265236026762,7.071508082257276e-11,6.180052453450982e-11,7.609394921799141e-11,1.0000262599416434,1.0000251687940684,6.098855211671056e-11,1.0000262599416412,1.0000262599416434,1.0000262599416427,6.180052546375374e-11,1.0000262599416416,1.0000263905407905,1.0000274499932182,1.29674946741207e-07,7.92174432980752e-11,1.000026259941642,1.0000262599416423,6.180052434741532e-11,6.180052468964046e-11,1.0000263888689072,6.180052497286856e-11,1.0000263115976926,1.0000262599416416,1.0000267067232873,6.843028700391662e-11,1.0000262599416412,6.08515687238562e-11,1.000026259941642,1.0000262599416416,6.726923945998535e-11,1.315830725477619e-07,6.063503248900957e-11,1.0000262599416412,1.0000261788460871,1.0000262599416425,6.06754856753901e-11,1.00002630973941,1.0000261575254314,1.0000262958381605,6.180052547808163e-11,6.387656452450106e-11,6.067548541645602e-11
2.308661053661732e-06,6.09885489422732e-11,6.098854893591546e-11,7.045301854786794e-18,1.2142180829369147e-07,6.09885489422732e-11,7.333666897190999e-18,1.4572330282040182e-14,7.652813989539616e-18,7.435484932421349e-18,6.098855116263825e-11,7.970331913683915e-18,6.098855116681095e-11,7.388204165793841e-18,6.09885489281269e-11,7.863797036552273e-18,6.098854892886811e-11,6.098856918871104e-11,7.641871309927695e-18,6.098856517540854e-11,1.6906224471569884e-14,7.439663540242251e-18,9.57352129538937e-18,6.098854892823258e-11,6.098855211671056e-11,-1.1428035361263123e-06,6.098854895424821e-11,6.098854896410014e-11,6.098854895838848e-11,7.468078696027735e-18,6.09885489594281e-11,6.098855696318334e-11,6.098862207973441e-11,1.555141241943647e-14,9.659755848051207e-18,6.09885489381885e-11,6.09885489351678e-11,7.439663540242251e-18,7.39942682118929e-18,6.098855686670123e-11,7.4830280106383e-18,6.098855212229296e-11,6.098854894502206e-11,6.098857641871961e-11,8.200354288288263e-18,6.09885489416497e-11,7.477413000464172e-18,6.098854889208293e-11,6.098854894866737e-11,8.35660123749164e-18,7.90380771855406e-18,7.333666897190999e-18,6.098854892432883e-11,6.098854393669189e-11,6.098854894655754e-11,7.961601174411538e-18,6.098855205666725e-11,6.098854266358563e-11,6.09885511681855e-11,7.4830280106383e-18,7.670197067731346e-18,7.685886072135548e-18
1.0000221622658179,1.0000262082855935,1.0000262082855917,6.063502906002718e-11,1.000024681952411,1.000026208285592,6.063503079204698e-11,6.102697798513207e-11,6.384878031873564e-11,6.180052182940785e-11,1.0000262441821077,6.606545985459526e-11,1.000026244182109,6.180052135456911e-11,1.0000262082855929,6.600130840150575e-11,1.0000262082855937,1.000026536606488,6.115623445679594e-11,1.0000264719466136,7.071507714298595e-11,6.180052129222118e-11,7.60939451836646e-11,1.0000262082855949,1.0000262599416412,6.098854895424821e-11,1.0000250654819696,1.0000262082855933,1.0000262082855924,6.180052214745836e-11,1.0000262082855917,1.0000263388847357,1.0000273983371064,6.513388635212483e-11,7.921743915732232e-11,1.0000262082855929,1.0000262082855924,6.18005211020972e-11,6.18005213770703e-11,1.0000263372128522,6.180052168829388e-11,1.0000262599416412,1.0000262082855926,1.0000266550672154,6.843028348717943e-11,1.000026208285591,6.085156557237004e-11,1.000026208285592,1.000026208285592,6.726923590404107e-11,6.609231093817327e-11,6.063502927042105e-11,1.000026208285591,1.0000261271900408,1.000026208285593,6.067548249511564e-11,1.0000262580833574,1.000026105869388,1.0000262441821082,6.180052219753213e-11,6.387656124070504e-11,6.067548220293374e-11
1.0000221622658203,1.0000262082855953,1.0000262082855933,6.063502905423553e-11,1.0000246819524117,1.0000262082855937,6.06350307904348e-11,6.102697796743559e-11,6.384878031208607e-11,6.180052185591346e-11,1.0000262441821095,6.606545985148552e-11,1.0000262441821093,6.180052133967459e-11,1.0000262082855942,6.600130840150575e-11,1.0000262082855955,1.0000265366064898,6.115623446322035e-11,1.0000264719466154,7.071507714393148e-11,6.180052133150247e-11,7.609394525480034e-11,1.0000262082855964,1.0000262599416434,6.098854896410014e-11,1.0000262082855933,1.000025065481973,1.0000262082855944,6.180052214241574e-11,1.0000262082855933,1.0000263388847375,1.000027398337108,6.513388633036422e-11,7.921743914232404e-11,1.0000262082855946,1.0000262082855935,6.180052111432596e-11,6.180052141378191e-11,1.000026337212852,6.180052167487843e-11,1.000026259941643,1.0000262082855955,1.0000266550672179,6.843028348717943e-11,1.0000262082855926,6.085156553160188e-11,1.000026208285594,1.0000262082855946,6.726923593906348e-11,6.609231091531066e-11,6.06350293443736e-11,1.0000262082855933,1.0000261271900426,1.0000262082855944,6.067548249108205e-11,1.0000262580833592,1.0000261058693891,1.0000262441821104,6.18005222053632e-11,6.38765612469797e-11,6.067548222162816e-11
1.000022162265817,1.0000262082855937,1.0000262082855926,6.063502910290554e-11,1.0000246819524103,1.0000262082855917,6.063503081636845e-11,6.10269779481234e-11,6.384878029321428e-11,6.180052183823436e-11,1.0000262441821084,6.606545985224627e-11,1.0000262441821086,6.180052137776128e-11,1.0000262082855935,6.600130840150575e-11,1.0000262082855937,1.0000265366064884,6.115623445376372e-11,1.0000264719466145,7.071507714806299e-11,6.180052129004061e-11,7.609394526416469e-11,1.0000262082855946,1.0000262599416427,6.098854895838848e-11,1.0000262082855924,1.0000262082855944,1.0000250654819705,6.180052209504277e-11,1.0000262082855929,1.0000263388847364,1.000027398337108,6.51338863912818e-11,7.921743915732232e-11,1.000026208285594,1.0000262082855933,6.180052108048985e-11,6.180052141378191e-11,1.0000263372128513,6.18005217276507e-11,1.000026259941642,1.0000262082855935,1.0000266550672163,6.843028347307993e-11,1.000026208285593,6.085156553844891e-11,1.000026208285593,1.000026208285593,6.726923594063656e-11,6.609231096056118e-11,6.063502927626608e-11,1.0000262082855917,1.0000261271900426,1.0000262082855933,6.06754824878482e-11,1.000026258083359,1.0000261058693891,1.0000262441821084,6.180052221652105e-11,6.38765612469797e-11,6.067548219353489e-11
2.3102776031484687e-06,6.180052215610452e-11,6.180052215189668e-11,7.324305618271191e-18,1.2303836188909963e-07,6.180052215610452e-11,7.322144841242405e-18,7.406911167323015e-18,1.549491937364811e-14,1.4998338792346325e-14,6.180052435347007e-11,1.603402814384736e-14,6.180052439272929e-11,1.4998338879738352e-14,6.1800522165225e-11,1.6017107848979453e-14,6.180052215784484e-11,6.180054259993948e-11,7.490847487179467e-18,6.18005385913117e-11,8.63066083939992e-18,1.4998338856908812e-14,9.302570114707698e-18,6.180052215610452e-11,6.180052546375374e-11,7.468078696027735e-18,6.180052214745836e-11,6.180052214241574e-11,6.180052209504277e-11,-1.1428035366504993e-06,6.180052213361398e-11,6.180053033132187e-11,6.180059626451232e-11,7.905489500123754e-18,9.670534324354419e-18,6.180052214243842e-11,6.180052216828885e-11,1.499833886548096e-14,1.4998338914741155e-14,6.18005301886344e-11,1.4998338857449756e-14,6.180052534112601e-11,6.180052214241574e-11,6.180054994504627e-11,1.6607521457802028e-14,6.1800522165225e-11,7.37356219992696e-18,6.180052215830235e-11,6.180052220084239e-11,8.167335776097248e-18,1.604061428140738e-14,7.324306379105815e-18,6.180052215784484e-11,6.180051711677082e-11,6.180052215189668e-11,7.431132747762584e-18,6.180052531566365e-11,6.180051578958687e-11,6.180052439410564e-11,1.499833888458918e-14,1.5502581947045944e-14,7.406590293128125e-18
