0.9999999707002594,0.9999568683494632,0.9999590578392661,-1.1356634714448556e-05,0.9999590578392672,0.9999566694463201,0.9999568683494641,0.9999592148308024,0.999955857111446,-9.74652390743818e-06,0.9999592148308019,-9.97050095373076e-06,-9.747088039554581e-06,-1.0647266365905047e-05,0.9999565442084039,-1.0645637646411018e-05,0.9999590578392635,0.9999595623557331,-9.747088039535955e-06,-1.0645637647646133e-05,-1.0645637647117769e-05,-9.746523905928094e-06,0.9999590578392665,0.9999590578392636,0.9999558571114437,0.9999558571114442,-9.747091475556476e-06,0.9999561498921733,0.9999595981109931,-9.748118765426813e-06,0.9999565995409223,-1.0098447810955923e-05,-1.0832385577306563e-05,-9.749224465149665e-06,0.9999590578392655,0.9999567995820549,-9.747091477817429e-06,0.9999565442084064,-1.1063176468775864e-05,0.9999590578392639,-1.0645637647006753e-05,0.9999558571114441,-9.747088041269367e-06,-1.0174003397438748e-05,-9.746473080503209e-06,-9.750182367221325e-06,-1.064563764698449e-05,-1.0645317446759516e-05,0.9999565995409211
0.9999568683494632,0.9999488756288833,0.999954096545258,-2.343773299027421e-06,0.9999540965452605,0.9999517081853717,0.9999519070858892,0.9999542535346772,0.9999508958618056,-3.690065492784103e-10,0.9999542535346772,-4.816541169727214e-10,-3.692902832828886e-10,-1.634415052889711e-06,0.9999515829492907,-1.6327863640294149e-06,0.9999540965452598,0.9999546010548953,-3.692902828423456e-10,-1.6327863638776117e-06,-1.6327863636839764e-06,-3.690065491432541e-10,0.9999540965452591,0.9999540965452597,0.9999508958618042,0.9999508958618045,-3.6929201077521664e-10,0.9999511886384633,0.9999546368096681,-3.6980868578254675e-10,0.9999516382810043,-5.4600398263244e-10,-1.8195317503340286e-06,-3.703648007733e-10,0.9999540965452585,0.9999518383194278,-3.692920118268711e-10,0.9999515829492899,-2.0503193795301636e-06,0.9999540965452597,-1.6327863634283785e-06,0.9999508958618051,-3.6929028284940666e-10,-1.1611587990147256e-06,-3.6898098675196564e-10,-3.7084657748208257e-10,-1.6327863635823462e-06,-1.6324661696510194e-06,0.9999516382810029
0.9999590578392661,0.999954096545258,0.9999532545524075,-1.1788018285888297e-09,0.9999562860094212,0.9999538976443052,0.999954096545257,0.999956442999182,0.9999530853189599,-3.690073578881921e-10,0.99995644299918,-4.816551719142729e-10,-3.6929109238660877e-10,-8.220297814539786e-10,0.9999537724079487,-8.212106314717875e-10,0.9999562860094198,0.9999567905201605,-3.69291091817635e-10,-8.212106315203356e-10,-8.21210631430441e-10,-3.690073578808841e-10,0.9999562860094198,0.9999562860094182,0.9999530853189587,0.9999530853189587,-3.692928197674878e-10,0.999953378096258,0.999956826275011,-3.6980949609289983e-10,0.9999538277397835,-5.460051789386306e-10,-9.15134307645972e-10,-3.703656121210687e-10,0.99995628600942,0.999954027778644,-3.6929282084901515e-10,0.9999537724079479,-1.0312090491396378e-09,0.99995628600942,-8.212106313354788e-10,0.9999530853189592,-3.692910919561027e-10,-5.840053367811748e-10,-3.6898179520271905e-10,-3.708473898668264e-10,-8.212106314544314e-10,-8.210495896234413e-10,0.999953827739783
-1.1356634714448556e-05,-2.343773299027421e-06,-1.1788018285888297e-09,-3.0314523277429755e-06,-1.1788018285025884e-09,-1.1787990107758555e-09,-2.3437732990274177e-06,-2.3437788019166108e-06,-2.343770926030196e-06,8.644741617139765e-16,-2.343778801916607e-06,2.246203675768446e-12,8.65293804749727e-16,3.833794112062691e-12,-2.343772538249412e-06,1.9265426852298716e-15,-1.1788018285888297e-09,-2.343779618645495e-06,8.652424229001454e-16,1.9265426852298716e-15,1.9266250867025776e-15,8.646235389807355e-16,-1.1788018284091565e-09,-1.1788018285202287e-09,-2.3437709260301934e-06,-2.3437709260301943e-06,8.653168890432189e-16,-2.3437716124803806e-06,-2.343779702605299e-06,8.667741735271977e-16,-2.3437726674543853e-06,2.546257209729704e-12,4.2699282824688375e-12,8.681955491217935e-16,-1.1788018285888297e-09,-2.3437731375964897e-06,8.652958342468541e-16,-2.343772538249414e-06,4.811764282067062e-12,-1.1788018285202287e-09,1.926512547382377e-15,-2.3437709260301956e-06,8.6531779790984295e-16,2.723088979901867e-12,8.644690449350887e-16,8.694044502592679e-16,1.9263709126044456e-15,3.829431432237876e-12,-2.3437726674543844e-06
0.9999590578392672,0.9999540965452605,0.9999562860094212,-1.1788018285025884e-09,0.9999532545524087,0.9999538976443073,0.999954096545259,0.9999564429991828,0.9999530853189621,-3.690073578881921e-10,0.9999564429991825,-4.816551719026605e-10,-3.6929109229575756e-10,-8.220297814539786e-10,0.9999537724079508,-8.212106315958675e-10,0.9999562860094209,0.999956790520162,-3.69291091817635e-10,-8.212106315465793e-10,-8.212106315304558e-10,-3.690073578808841e-10,0.9999562860094208,0.9999562860094215,0.9999530853189609,0.9999530853189614,-3.692928197674878e-10,0.9999533780962602,0.9999568262750118,-3.698094959946212e-10,0.9999538277397847,-5.460051789393585e-10,-9.151343076125384e-10,-3.703656121210687e-10,0.9999562860094219,0.9999540277786464,-3.6929282084901515e-10,0.999953772407951,-1.0312090491394395e-09,0.9999562860094227,-8.212106313637894e-10,0.9999530853189612,-3.692910920714783e-10,-5.840053368177841e-10,-3.689817952447095e-10,-3.7084739000674113e-10,-8.212106313329836e-10,-8.210495895627628e-10,0.9999538277397841
0.9999566694463201,0.9999517081853717,0.9999538976443052,-1.1787990107758555e-09,0.9999538976443073,0.9999484778278879,0.9999517081853709,0.9999540546336928,0.9999506969614886,-3.6900647519849973e-10,0.9999540546336927,-4.816540205313629e-10,-3.692902092447871e-10,-1.6344147260876948e-06,0.999951384048837,-1.6327860375782426e-06,0.9999538976443055,0.999954402153843,-3.6929020877413744e-10,-1.6327860374264425e-06,-1.6327860372328054e-06,-3.690064750756419e-10,0.9999538976443052,0.9999538976443055,0.999950696961487,0.9999506969614886,-3.6929193672281317e-10,0.9999509897380873,0.9999544379086088,-3.6980861163910667e-10,0.9999514393805391,-5.460038737268521e-10,-1.8195313870151625e-06,-3.7036472654089764e-10,0.9999538976443055,0.9999516394189236,-3.6929193772526084e-10,0.9999513840488373,-2.0503189701982664e-06,0.999953897644306,-1.6327860369772063e-06,0.9999506969614894,-3.692902087784464e-10,-5.840039405989768e-10,-3.689809127377536e-10,-3.7084650322792297e-10,-1.6327860371311755e-06,-1.632465843280888e-06,0.9999514393805391
0.9999568683494641,0.9999519070858892,0.999954096545257,-2.3437732990274177e-06,0.999954096545259,0.9999517081853709,0.9999488756288796,0.9999542535346754,0.9999508958618039,-3.6900654926759287e-10,0.9999542535346756,-4.816541170133603e-10,-3.692902832828914e-10,-1.6344150528897102e-06,0.9999515829492878,-1.6327863640294136e-06,0.999954096545258,0.9999546010548942,-3.692902828425521e-10,-1.6327863638776102e-06,-1.632786363683975e-06,-3.6900654914652816e-10,0.9999540965452569,0.9999540965452577,0.9999508958618025,0.9999508958618025,-3.6929201077311633e-10,0.9999511886384622,0.9999546368096659,-3.698086857914557e-10,0.9999516382810024,-5.460039827851867e-10,-1.8195317503340286e-06,-3.703648007861613e-10,0.9999540965452576,0.9999518383194259,-3.692920118227244e-10,0.9999515829492891,-2.0503193795301623e-06,0.9999540965452576,-1.6327863634283778e-06,0.9999508958618039,-3.692902828495142e-10,-1.1611587990147248e-06,-3.6898098675549165e-10,-3.708465774710896e-10,-1.6327863635823443e-06,-1.6324661696510162e-06,0.9999516382810019
0.9999592148308024,0.9999542535346772,0.999956442999182,-2.3437788019166108e-06,0.9999564429991828,0.9999540546336928,0.9999542535346754,0.9999535685319543,0.9999532423082201,-3.690074160594804e-10,0.9999565999889669,-4.816552477450076e-10,-3.692911507397484e-10,-8.220299112653709e-10,0.9999539293973171,-8.212107608941297e-10,0.9999564429991817,0.9999569475099989,-3.692911501895005e-10,-8.212107608499241e-10,-8.212107607345673e-10,-3.6900741594258545e-10,0.999956442999181,0.9999564429991824,0.9999532423082176,0.9999532423082196,-3.6929287811851605e-10,0.9999535350855641,0.9999569832648564,-3.698095544085296e-10,0.9999539847291579,-5.460052650070255e-10,-9.151344518127303e-10,-3.703656705006345e-10,0.9999564429991816,0.9999541847680522,-3.692928791170778e-10,0.9999539293973165,-1.0312092115725659e-09,0.9999564429991821,-8.212107606171325e-10,0.9999532423082196,-3.6929115020834537e-10,-5.840054287985679e-10,-3.689818536374539e-10,-3.7084744831973363e-10,-8.212107606536906e-10,-8.21049718963225e-10,0.9999539847291573
0.999955857111446,0.9999508958618056,0.9999530853189599,-2.343770926030196e-06,0.9999530853189621,0.9999506969614886,0.9999508958618039,0.9999532423082201,0.9999468531817386,-3.6900617524998956e-10,0.9999532423082198,-9.576583276088387e-07,-3.692899090968506e-10,-1.6344133980128254e-06,0.9999505717255325,-1.6327847108346602e-06,0.999953085318961,0.9999535898280871,-3.692899086624751e-10,-1.6327847106828583e-06,-1.6327847104892215e-06,-3.690061751620881e-10,0.9999530853189607,0.999953085318961,0.9999498846387406,0.9999498846387415,-3.6929163658456855e-10,0.9999501774151035,0.9999536255828242,-3.698083110021754e-10,0.9999506270571894,-1.0856032223041658e-06,-1.8195299086631658e-06,-3.7036442559817097e-10,0.9999530853189609,0.9999508270954104,-3.6929163762205466e-10,0.9999505717255334,-2.050317304353323e-06,0.999953085318961,-1.6327847102336232e-06,0.9999498846387419,-3.6928990866553163e-10,-1.1611576231027562e-06,-3.689806127723454e-10,-3.7084620185097993e-10,-1.632784710387592e-06,-1.6324645168024278e-06,0.99995062705719
-9.74652390743818e-06,-3.690065492784103e-10,-3.690073578881921e-10,8.644741617139765e-16,-3.690073578881921e-10,-3.6900647519849973e-10,-3.6900654926759287e-10,-3.690074160594804e-10,-3.6900617524998956e-10,-3.0314572887887687e-06,-3.6900741602781003e-10,3.5345716345602694e-16,2.697348401128463e-16,6.029316149322297e-16,-3.6900642935373834e-10,6.026544429439675e-16,-3.690073579592941e-10,-3.69007544930392e-10,2.7041775239641046e-16,6.02579817526094e-16,6.023390869237528e-16,2.701663917810595e-16,-3.690073579592941e-10,-3.6900735790789446e-10,-3.690061752754046e-10,-3.6900617528992693e-10,2.7015543969339927e-16,-7.336847893423674e-07,-3.6900755810605334e-10,2.7079281596906257e-16,-3.690064496595282e-10,4.0025867214803143e-16,6.716553689679742e-16,2.71132469589678e-16,-3.690073578881921e-10,-3.690065238163928e-10,2.6999676107181786e-16,-3.690064293532387e-10,7.568959233802888e-16,-3.690073577384926e-10,6.023775336947045e-16,-3.6900617530176936e-10,2.6994030371005677e-16,4.2800401407779076e-16,2.7009233215017e-16,2.7184641998770084e-16,6.023390869237528e-16,6.021477173999187e-16,-3.690064496446839e-10
0.9999592148308019,0.9999542535346772,0.99995644299918,-2.343778801916607e-06,0.9999564429991825,0.9999540546336927,0.9999542535346756,0.9999565999889669,0.9999532423082198,-3.6900741602781003e-10,0.9999535685319553,-4.816552477400786e-10,-3.692911506054859e-10,-8.220299110952212e-10,0.9999539293973156,-8.212107610101029e-10,0.9999564429991803,0.9999569475099993,-3.6929115025063255e-10,-8.212107608906999e-10,-8.212107607774085e-10,-3.6900741604379136e-10,0.9999564429991803,0.9999564429991813,0.9999532423082174,0.9999532423082188,-3.6929287811851605e-10,0.9999535350855632,0.9999569832648566,-3.698095543409211e-10,0.9999539847291569,-5.460052649336951e-10,-9.151344518019038e-10,-3.703656705006345e-10,0.9999564429991811,0.999954184768051,-3.692928791729021e-10,0.9999539293973171,-1.031209211480845e-09,0.9999564429991816,-8.212107606300447e-10,0.9999532423082187,-3.6929115026699697e-10,-5.84005428768733e-10,-3.6898185337905883e-10,-3.708474484257944e-10,-8.212107607289858e-10,-8.210497189765385e-10,0.9999539847291572
-9.97050095373076e-06,-4.816541169727214e-10,-4.816551719142729e-10,2.246203675768446e-12,-4.816551719026605e-10,-4.816540205313629e-10,-4.816541170133603e-10,-4.816552477450076e-10,-9.576583276088387e-07,3.5345716345602694e-16,-4.816552477400786e-10,-3.0314569098222983e-06,3.533421900700453e-16,1.5662638990921362e-12,-4.81653960717968e-10,7.869962483029088e-16,-4.816551718876056e-10,-9.576618796294635e-07,3.5321472872970834e-16,7.869947185117214e-16,7.869953158626941e-16,3.5338802234847813e-16,-4.816551719321488e-10,-4.816551719114975e-10,-9.576583276088372e-07,-9.576583276088376e-07,3.535883413448323e-16,-9.57658608099327e-07,-4.816554330631176e-10,3.5423291493015633e-16,-4.816539870218989e-10,1.0402466358685127e-12,1.7444950420846191e-12,3.548552417623877e-16,-4.816551719364822e-10,-4.816540836577595e-10,3.535883413448323e-16,-4.81653960717968e-10,1.9658715975184413e-12,-4.816551718955191e-10,7.869971499960186e-16,-9.576583276088378e-07,3.5340099997979e-16,1.1124769257311903e-12,3.5299159955110033e-16,3.5516141726196406e-16,7.869940317903349e-16,7.869624153968293e-16,-4.816539870915363e-10
-9.747088039554581e-06,-3.692902832828886e-10,-3.6929109238660877e-10,8.65293804749727e-16,-3.6929109229575756e-10,-3.692902092447871e-10,-3.692902832828914e-10,-3.692911507397484e-10,-3.692899090968506e-10,2.697348401128463e-16,-3.692911506054859e-10,3.533421900700453e-16,-3.0314572888490503e-06,6.031963834127009e-16,-3.692901632950291e-10,6.029331876921165e-16,-3.692910923866088e-10,-3.6929127965803577e-10,2.7069052039222955e-16,6.028983448107876e-16,6.028048066504753e-16,2.697348401128463e-16,-3.6929109248087634e-10,-3.69291092406016e-10,-3.692899091021653e-10,-3.692899091022427e-10,2.7050448589942675e-16,-7.342489290949688e-07,-3.6929129283252003e-10,2.707961438201538e-16,-3.692901836182763e-10,4.007492407833505e-16,6.722490773010889e-16,5.398925748061089e-13,-3.692910923866088e-10,-3.6929025783290104e-10,2.7101201830507877e-16,-3.692901632912992e-10,7.575877932699581e-16,-3.6929109232729346e-10,6.030083586984316e-16,-3.692899091022427e-10,2.703611441803287e-16,4.2858889616961915e-16,2.707689957303296e-16,5.40709498937739e-13,6.028048066504753e-16,6.027729963381237e-16,-3.692901836041403e-10
-1.0647266365905047e-05,-1.634415052889711e-06,-8.220297814539786e-10,3.833794112062691e-12,-8.220297814539786e-10,-1.6344147260876948e-06,-1.6344150528897102e-06,-8.220299112653709e-10,-1.6344133980128254e-06,6.029316149322297e-16,-8.220299110952212e-10,1.5662638990921362e-12,6.031963834127009e-16,-3.031455154254935e-06,-1.6344145223356928e-06,1.3432195801472037e-15,-8.220297814580431e-10,-1.6344194599940435e-06,6.031792728667225e-16,1.343199545367712e-15,1.3431502149276452e-15,6.029316149322308e-16,-8.220297814576439e-10,-8.220297814388901e-10,-1.634413398012823e-06,-1.634413398012823e-06,6.032436806340289e-16,-1.6344138767130636e-06,-1.634419518547263e-06,6.042739484645734e-16,-8.220277596049614e-10,1.7754872937489353e-12,2.9774523245865843e-12,6.05284825871376e-16,-8.220297815638081e-10,-1.6344149403101697e-06,6.034080943113416e-16,-1.6344145223356922e-06,3.355285967758443e-12,-8.220297815041537e-10,1.3432264591314231e-15,-1.6344133980128244e-06,6.034047913624328e-16,1.898778487072482e-12,6.028427271554954e-16,6.06212189849473e-16,1.3432804066975335e-15,1.3430645843456684e-15,-8.220277596049669e-10
0.9999565442084039,0.9999515829492907,0.9999537724079487,-2.343772538249412e-06,0.9999537724079508,0.999951384048837,0.9999515829492878,0.9999539293973171,0.9999505717255325,-3.6900642935373834e-10,0.9999539293973156,-4.81653960717968e-10,-3.692901632950291e-10,-1.6344145223356928e-06,0.9999482273557943,-1.632785834016239e-06,0.9999537724079498,0.9999542769174224,-3.692901628501661e-10,-1.6327858338644357e-06,-1.632785833670799e-06,-3.690064292297385e-10,0.9999537724079488,0.9999537724079488,0.9999505717255317,0.9999505717255318,-3.692918907784927e-10,0.9999508645020954,0.9999543126721836,-3.698085656384011e-10,0.9999513141444905,-1.0856039691370456e-06,-1.8195311599242065e-06,-3.703646804766782e-10,0.999953772407949,0.9999515141828497,-3.69291891838251e-10,0.9999512588127942,-2.0503187142663825e-06,0.999953772407949,-1.6327858334152012e-06,0.9999505717255321,-3.692901628542752e-10,-1.1611584220067167e-06,-3.689808668389021e-10,-3.708464570300404e-10,-1.6327858335691716e-06,-1.6324656397498628e-06,0.9999513141444892
-1.0645637646411018e-05,-1.6327863640294149e-06,-8.212106314717875e-10,1.9265426852298716e-15,-8.212106315958675e-10,-1.6327860375782426e-06,-1.6327863640294136e-06,-8.212107608941297e-10,-1.6327847108346602e-06,6.026544429439675e-16,-8.212107610101029e-10,7.869962483029088e-16,6.029331876921165e-16,1.3432195801472037e-15,-1.632785834016239e-06,-3.0314551590015354e-06,-8.212106314695872e-10,-8.212110470283618e-10,6.028048066504753e-16,2.668159122478232e-12,2.6681591223610375e-12,6.023573388006239e-16,-8.212106314866007e-10,-8.212106316144772e-10,-1.6327847108346577e-06,-1.6327847108346575e-06,6.029526371702506e-16,-1.632785189054242e-06,-8.212110764818515e-10,6.03874997027364e-16,-1.6327859240194856e-06,8.920907613605156e-16,2.9745757988677368e-12,6.048264161439503e-16,-8.212106314500149e-10,-1.6327862515646934e-06,6.03004789034048e-16,-1.6327858340162382e-06,3.3520414053394786e-12,-8.212106315048734e-10,2.668159121850014e-12,-1.632784710834659e-06,6.026726355231061e-16,9.540653440554033e-16,6.021110193724771e-16,6.056932971971678e-16,2.668159121831257e-12,2.667685188927054e-12,-1.632785924019485e-06
0.9999590578392635,0.9999540965452598,0.9999562860094198,-1.1788018285888297e-09,0.9999562860094209,0.9999538976443055,0.999954096545258,0.9999564429991817,0.999953085318961,-3.690073579592941e-10,0.9999564429991803,-4.816551718876056e-10,-3.692910923866088e-10,-8.220297814580431e-10,0.9999537724079498,-8.212106314695872e-10,0.999953254552408,0.9999567905201613,-3.6929109181763605e-10,-8.212106314928999e-10,-8.21210631430441e-10,-3.690073577192666e-10,0.9999562860094214,0.99995628600942,0.9999530853189598,0.9999530853189594,-3.6929281986088913e-10,0.9999533780962587,0.9999568262750115,-3.698094959946212e-10,0.9999538277397844,-5.460051789400721e-10,-9.151343076115846e-10,-3.7036561211888494e-10,0.9999562860094204,0.9999540277786454,-3.6929282071369626e-10,0.9999537724079498,-1.0312090491394395e-09,0.9999562860094204,-8.212106313637894e-10,0.9999530853189602,-3.6929109178746076e-10,-5.840053367880032e-10,-3.689817950944157e-10,-3.708473898668264e-10,-8.212106313707807e-10,-8.210495896234413e-10,0.9999538277397828
0.9999595623557331,0.9999546010548953,0.9999567905201605,-2.343779618645495e-06,0.999956790520162,0.999954402153843,0.9999546010548942,0.9999569475099989,0.9999535898280871,-3.69007544930392e-10,0.9999569475099993,-9.576618796294635e-07,-3.6929127965803577e-10,-1.6344194599940435e-06,0.9999542769174224,-8.212110470283618e-10,0.9999567905201613,0.9999542635741372,-3.6929127922222274e-10,-8.212110468560623e-10,-8.212110471060121e-10,-3.6900754485754696e-10,0.9999567905201612,0.9999567905201608,0.9999535898280855,0.9999535898280862,-3.6929300712360447e-10,0.9999538826055344,0.9999573307860234,-3.6980968344959514e-10,0.9999543322492834,-1.0856072489527366e-06,-1.8195366553605535e-06,-3.7036579974983653e-10,0.9999567905201614,0.9999545322882466,-3.692930081840299e-10,0.9999542769174218,-2.0503249065326452e-06,0.9999567905201613,-8.212110466439154e-10,0.9999535898280874,-3.6929127920470957e-10,-5.840056330103836e-10,-3.6898198232781697e-10,-3.7084757766660387e-10,-8.212110468321916e-10,-8.21050005205304e-10,0.9999543322492838
-9.747088039535955e-06,-3.692902828423456e-10,-3.69291091817635e-10,8.652424229001454e-16,-3.69291091817635e-10,-3.6929020877413744e-10,-3.692902828425521e-10,-3.692911501895005e-10,-3.692899086624751e-10,2.7041775239641046e-16,-3.6929115025063255e-10,3.5321472872970834e-16,2.7069052039222955e-16,6.031792728667225e-16,-3.692901628501661e-10,6.028048066504753e-16,-3.6929109181763605e-10,-3.6929127922222274e-10,-3.0314572888490503e-06,6.029110026536735e-16,6.030083586984316e-16,2.7041775239641046e-16,-3.6929109180338295e-10,-3.6929109181763605e-10,-3.692899086843544e-10,-3.6928990867185915e-10,2.708845298718925e-16,-7.342489282192251e-07,-3.6929129243001405e-10,2.706817512657197e-16,-3.69290183162817e-10,4.0079886619372817e-16,6.723507815799738e-16,5.398925742599274e-13,-3.6929109181763605e-10,-3.6929025736546945e-10,2.708845298718925e-16,-3.692901628448124e-10,7.576370898862443e-16,-3.6929109183079494e-10,6.026726355231059e-16,-3.692899086835206e-10,2.7069052039222955e-16,4.2858889616961915e-16,2.707689957303296e-16,5.407094983879728e-13,6.028048066504753e-16,6.024966072371734e-16,-3.6929018317477135e-10
-1.0645637647646133e-05,-1.6327863638776117e-06,-8.212106315203356e-10,1.9265426852298716e-15,-8.212106315465793e-10,-1.6327860374264425e-06,-1.6327863638776102e-06,-8.212107608499241e-10,-1.6327847106828583e-06,6.02579817526094e-16,-8.212107608906999e-10,7.869947185117214e-16,6.028983448107876e-16,1.343199545367712e-15,-1.6327858338644357e-06,2.668159122478232e-12,-8.212106314928999e-10,-8.212110468560623e-10,6.029110026536735e-16,-3.0314551590015354e-06,2.66815912223187e-12,6.02579817526094e-16,-8.212106315569779e-10,-8.212106314382529e-10,-1.632784710682857e-06,-1.6327847106828577e-06,6.03004789034048e-16,-1.6327851889024398e-06,-8.212110764133766e-10,6.038749836665702e-16,-1.6327859238676814e-06,8.921047142020169e-16,2.9745757987123985e-12,6.049162474265243e-16,-8.212106314095625e-10,-1.632786251412891e-06,6.029526371702506e-16,-1.632785833864437e-06,3.3520414051625953e-12,-8.212106315203356e-10,2.6681591217208457e-12,-1.632784710682857e-06,6.02898325299895e-16,9.540597818301401e-16,6.021110193724771e-16,6.056276235600751e-16,2.668159121702088e-12,2.6676851887975406e-12,-1.632785923867682e-06
-1.0645637647117769e-05,-1.6327863636839764e-06,-8.21210631430441e-10,1.9266250867025776e-15,-8.212106315304558e-10,-1.6327860372328054e-06,-1.632786363683975e-06,-8.212107607345673e-10,-1.6327847104892215e-06,6.023390869237528e-16,-8.212107607774085e-10,7.869953158626941e-16,6.028048066504753e-16,1.3431502149276452e-15,-1.632785833670799e-06,2.6681591223610375e-12,-8.21210631430441e-10,-8.212110471060121e-10,6.030083586984316e-16,2.66815912223187e-12,-3.0314551590015354e-06,6.02501822647635e-16,-8.212106314273719e-10,-8.21210631389519e-10,-1.6327847104892207e-06,-1.6327847104892203e-06,6.029526371702506e-16,-1.6327851887088043e-06,-8.212110763184943e-10,6.036341495938833e-16,-1.6327859236740457e-06,8.920896509718468e-16,2.9745757985673575e-12,6.047843335606173e-16,-8.212106314573036e-10,-1.6327862512192535e-06,6.027931249665599e-16,-1.6327858336707997e-06,3.3520414049967153e-12,-8.212106313914023e-10,2.668159121603651e-12,-1.6327847104892217e-06,6.029331788155855e-16,9.540719950420753e-16,6.024252211895319e-16,6.056932971971678e-16,2.668159121584895e-12,2.6676851886799295e-12,-1.6327859236740459e-06
-9.746523905928094e-06,-3.690065491432541e-10,-3.690073578808841e-10,8.646235389807355e-16,-3.690073578808841e-10,-3.690064750756419e-10,-3.6900654914652816e-10,-3.6900741594258545e-10,-3.690061751620881e-10,2.701663917810595e-16,-3.6900741604379136e-10,3.5338802234847813e-16,2.697348401128463e-16,6.029316149322308e-16,-3.690064292297385e-10,6.023573388006239e-16,-3.690073577192666e-10,-3.6900754485754696e-10,2.7041775239641046e-16,6.02579817526094e-16,6.02501822647635e-16,-3.0314572887887687e-06,-3.6900735769333327e-10,-3.690073577192666e-10,-3.6900617518693964e-10,-3.690061751620881e-10,2.6999676107181786e-16,-7.336847891045211e-07,-3.6900755790602246e-10,2.7079281596906257e-16,-3.6900644952102805e-10,4.002541883700015e-16,6.71696045610138e-16,2.7111807326510175e-16,-3.690073578808841e-10,-3.6900652369663455e-10,2.7015543969339927e-16,-3.6900642922829086e-10,7.569352710500128e-16,-3.690073578808841e-10,6.023840676284662e-16,-3.690061751590293e-10,2.6994030371005677e-16,4.2800401407779076e-16,2.7009233215017e-16,2.7184641998770084e-16,6.023573388006239e-16,6.021477173999187e-16,-3.690064495142479e-10
0.9999590578392665,0.9999540965452591,0.9999562860094198,-1.1788018284091565e-09,0.9999562860094208,0.9999538976443052,0.9999540965452569,0.999956442999181,0.9999530853189607,-3.690073579592941e-10,0.9999564429991803,-4.816551719321488e-10,-3.6929109248087634e-10,-8.220297814576439e-10,0.9999537724079488,-8.212106314866007e-10,0.9999562860094214,0.9999567905201612,-3.6929109180338295e-10,-8.212106315569779e-10,-8.212106314273719e-10,-3.6900735769333327e-10,0.9999532545524089,0.99995628600942,0.9999530853189587,0.9999530853189594,-3.6929281980512563e-10,0.9999533780962583,0.9999568262750105,-3.6980949617464156e-10,0.9999538277397844,-5.460051789414127e-10,-9.151343076853216e-10,-3.703656122219075e-10,0.9999562860094204,0.9999540277786454,-3.692928208395441e-10,0.9999537724079498,-1.031209049133135e-09,0.9999562860094204,-8.212106313354788e-10,0.999953085318961,-3.692910921352592e-10,-5.840053368019504e-10,-3.689817950944157e-10,-3.708473900373242e-10,-8.212106312939574e-10,-8.210495896843629e-10,0.999953827739783
0.9999590578392636,0.9999540965452597,0.9999562860094182,-1.1788018285202287e-09,0.9999562860094215,0.9999538976443055,0.9999540965452577,0.9999564429991824,0.999953085318961,-3.6900735790789446e-10,0.9999564429991813,-4.816551719114975e-10,-3.69291092406016e-10,-8.220297814388901e-10,0.9999537724079488,-8.212106316144772e-10,0.99995628600942,0.9999567905201608,-3.6929109181763605e-10,-8.212106314382529e-10,-8.21210631389519e-10,-3.690073577192666e-10,0.99995628600942,0.9999532545524109,0.9999530853189587,0.9999530853189588,-3.6929281980512563e-10,0.9999533780962584,0.9999568262750119,-3.698094961097307e-10,0.9999538277397838,-5.460051789352341e-10,-9.15134307647034e-10,-3.703656122219075e-10,0.9999562860094198,0.999954027778644,-3.6929282071369626e-10,0.999953772407948,-1.031209049133135e-09,0.99995628600942,-8.212106313637894e-10,0.9999530853189601,-3.6929109182349125e-10,-5.840053367721392e-10,-3.6898179520271905e-10,-3.708473900373242e-10,-8.212106314548921e-10,-8.210495896234413e-10,0.9999538277397835
0.9999558571114437,0.9999508958618042,0.9999530853189587,-2.3437709260301934e-06,0.9999530853189609,0.999950696961487,0.9999508958618025,0.9999532423082176,0.9999498846387406,-3.690061752754046e-10,0.9999532423082174,-9.576583276088372e-07,-3.692899091021653e-10,-1.634413398012823e-06,0.9999505717255317,-1.6327847108346577e-06,0.9999530853189598,0.9999535898280855,-3.692899086843544e-10,-1.632784710682857e-06,-1.6327847104892207e-06,-3.6900617518693964e-10,0.9999530853189587,0.9999530853189587,0.9999468531817408,0.9999498846387391,-3.6929163656507775e-10,0.9999501774151016,0.9999536255828224,-3.69808311071091e-10,0.9999506270571882,-1.0856032223041652e-06,-1.8195299086631622e-06,-3.7036442561752503e-10,0.9999530853189584,0.9999508270954095,-3.6929163763176e-10,0.9999505717255318,-2.0503173043533205e-06,0.9999530853189588,-1.6327847102336224e-06,0.9999498846387401,-3.692899086549112e-10,-1.161157623102754e-06,-3.6898061278870086e-10,-3.7084620186502375e-10,-1.6327847103875903e-06,-1.6324645168024261e-06,0.9999506270571877
0.9999558571114442,0.9999508958618045,0.9999530853189587,-2.3437709260301943e-06,0.9999530853189614,0.9999506969614886,0.9999508958618025,0.9999532423082196,0.9999498846387415,-3.6900617528992693e-10,0.9999532423082188,-9.576583276088376e-07,-3.692899091022427e-10,-1.634413398012823e-06,0.9999505717255318,-1.6327847108346575e-06,0.9999530853189594,0.9999535898280862,-3.6928990867185915e-10,-1.6327847106828577e-06,-1.6327847104892203e-06,-3.690061751620881e-10,0.9999530853189594,0.9999530853189588,0.9999498846387391,0.9999468531817396,-3.692916365676789e-10,0.9999501774151025,0.999953625582824,-3.6980831102744456e-10,0.9999506270571888,-1.0856032223041652e-06,-1.819529908663165e-06,-3.7036442556456965e-10,0.9999530853189594,0.9999508270954103,-3.6929163757210593e-10,0.9999505717255326,-2.050317304353322e-06,0.9999530853189594,-1.6327847102336243e-06,0.9999498846387408,-3.6928990864064606e-10,-1.1611576231027552e-06,-3.689806127683531e-10,-3.708462018399161e-10,-1.6327847103875913e-06,-1.6324645168024283e-06,0.9999506270571883
-9.747091475556476e-06,-3.6929201077521664e-10,-3.692928197674878e-10,8.653168890432189e-16,-3.692928197674878e-10,-3.6929193672281317e-10,-3.6929201077311633e-10,-3.6929287811851605e-10,-3.6929163658456855e-10,2.7015543969339927e-16,-3.6929287811851605e-10,3.535883413448323e-16,2.7050448589942675e-16,6.032436806340289e-16,-3.692918907784927e-10,6.029526371702506e-16,-3.6929281986088913e-10,-3.6929300712360447e-10,2.708845298718925e-16,6.03004789034048e-16,6.029526371702506e-16,2.6999676107181786e-16,-3.6929281980512563e-10,-3.6929281980512563e-10,-3.6929163656507775e-10,-3.692916365676789e-10,-3.0314572881941156e-06,-7.342523638777574e-07,-3.692930202862172e-10,5.388713750404718e-13,-3.692919110995161e-10,4.0068698682778377e-16,6.722805640307691e-16,2.715647140812364e-16,-3.692928197815846e-10,-3.692919853144425e-10,2.707671978010224e-16,-3.6929189079117547e-10,7.57604499503813e-16,-3.6929281986088913e-10,6.026574959548167e-16,-3.692916365733028e-10,2.7050448589942675e-16,4.285943097804189e-16,2.7029324405436626e-16,2.718859139609061e-16,6.028992334002071e-16,6.027299202386944e-16,-3.6929191108088994e-10
0.9999561498921733,0.9999511886384633,0.999953378096258,-2.3437716124803806e-06,0.9999533780962602,0.9999509897380873,0.9999511886384622,0.9999535350855641,0.9999501774151035,-7.336847893423674e-07,0.9999535350855632,-9.57658608099327e-07,-7.342489290949688e-07,-1.6344138767130636e-06,0.9999508645020954,-1.632785189054242e-06,0.9999533780962587,0.9999538826055344,-7.342489282192251e-07,-1.6327851889024398e-06,-1.6327851887088043e-06,-7.336847891045211e-07,0.9999533780962583,0.9999533780962584,0.9999501774151016,0.9999501774151025,-7.342523638777574e-07,0.9999474387345486,0.9999539183602812,-7.35279653327861e-07,0.9999509198337675,-1.0856035402710674e-06,-1.8195304415156672e-06,-7.363853600341517e-07,0.999953378096258,0.9999511198720491,-7.342523659640205e-07,0.9999508645020957,-2.050317904783166e-06,0.9999533780962577,-1.632785188453205e-06,0.9999501774151028,-7.342489282330886e-07,-1.1611579632141264e-06,-7.336339641272214e-07,-7.373432622178763e-07,-1.6327851886071735e-06,-1.632464994925941e-06,0.9999509198337675
0.9999595981109931,0.9999546368096681,0.999956826275011,-2.343779702605299e-06,0.9999568262750118,0.9999544379086088,0.9999546368096659,0.9999569832648564,0.9999536255828242,-3.6900755810605334e-10,0.9999569832648566,-4.816554330631176e-10,-3.6929129283252003e-10,-1.634419518547263e-06,0.9999543126721836,-8.212110764818515e-10,0.9999568262750115,0.9999573307860234,-3.6929129243001405e-10,-8.212110764133766e-10,-8.212110763184943e-10,-3.6900755790602246e-10,0.9999568262750105,0.9999568262750119,0.9999536255828224,0.999953625582824,-3.692930202862172e-10,0.9999539183602812,0.999954335083879,-3.6980969683116464e-10,0.9999543680040468,-5.460054746877869e-10,-9.151348031641565e-10,-3.7036581312592105e-10,0.9999568262750105,0.9999545680430167,-3.6929302131451183e-10,0.999954312672183,-2.050324979942493e-06,0.9999568262750108,-8.212110761487373e-10,0.9999536255828237,-3.6929129232723484e-10,-5.84005653140794e-10,-3.6898199552186106e-10,-3.7084759109574634e-10,-8.212110762657041e-10,-8.210500345990792e-10,0.9999543680040475
-9.748118765426813e-06,-3.6980868578254675e-10,-3.6980949609289983e-10,8.667741735271977e-16,-3.698094959946212e-10,-3.6980861163910667e-10,-3.698086857914557e-10,-3.698095544085296e-10,-3.698083110021754e-10,2.7079281596906257e-16,-3.698095543409211e-10,3.5423291493015633e-16,2.707961438201538e-16,6.042739484645734e-16,-3.698085656384011e-10,6.03874997027364e-16,-3.698094959946212e-10,-3.6980968344959514e-10,2.706817512657197e-16,6.038749836665702e-16,6.036341495938833e-16,2.7079281596906257e-16,-3.6980949617464156e-10,-3.698094961097307e-10,-3.69808311071091e-10,-3.6980831102744456e-10,5.388713750404718e-13,-7.35279653327861e-07,-3.6980969683116464e-10,-3.0314572864462754e-06,-3.698085859783652e-10,4.013759679066827e-16,6.733044864793404e-16,2.7206283358018424e-16,-3.6980949609289983e-10,-3.698086602858728e-10,5.388713756339843e-13,-3.6980856563738067e-10,7.587075752904931e-16,-3.698094961097307e-10,6.040100164763121e-16,-3.698083110021754e-10,2.7091453421871627e-16,4.2916535712162072e-16,2.710376224777285e-16,2.720554637463807e-16,6.03874997027364e-16,6.034919412848667e-16,-3.6980858597017837e-10
0.9999565995409223,0.9999516382810043,0.9999538277397835,-2.3437726674543853e-06,0.9999538277397847,0.9999514393805391,0.9999516382810024,0.9999539847291579,0.9999506270571894,-3.690064496595282e-10,0.9999539847291569,-4.816539870218989e-10,-3.692901836182763e-10,-8.220277596049614e-10,0.9999513141444905,-1.6327859240194856e-06,0.9999538277397844,0.9999543322492834,-3.69290183162817e-10,-1.6327859238676814e-06,-1.6327859236740457e-06,-3.6900644952102805e-10,0.9999538277397844,0.9999538277397838,0.9999506270571882,0.9999506270571888,-3.692919110995161e-10,0.9999509198337675,0.9999543680040468,-3.698085859783652e-10,0.9999483380191779,-5.460038357574848e-10,-1.8195312603080987e-06,-3.7036470088608414e-10,0.999953827739783,0.9999515695145589,-3.692919121474508e-10,0.9999513141444897,-2.050318827395874e-06,0.999953827739783,-1.632785923418447e-06,0.9999506270571883,-3.6929018317994465e-10,-5.840039000495685e-10,-3.6898088712192e-10,-3.7084647745971697e-10,-1.6327859235724172e-06,-1.6324657297385883e-06,0.999951369476187
-1.0098447810955923e-05,-5.4600398263244e-10,-5.460051789386306e-10,2.546257209729704e-12,-5.460051789393585e-10,-5.460038737268521e-10,-5.460039827851867e-10,-5.460052650070255e-10,-1.0856032223041658e-06,4.0025867214803143e-16,-5.460052649336951e-10,1.0402466358685127e-12,4.007492407833505e-16,1.7754872937489353e-12,-1.0856039691370456e-06,8.920907613605156e-16,-5.460051789400721e-10,-1.0856072489527366e-06,4.0079886619372817e-16,8.921047142020169e-16,8.920896509718468e-16,4.002541883700015e-16,-5.460051789414127e-10,-5.460051789352341e-10,-1.0856032223041652e-06,-1.0856032223041652e-06,4.0068698682778377e-16,-1.0856035402710674e-06,-5.460054746877869e-10,4.013759679066827e-16,-5.460038357574848e-10,-3.031456646099307e-06,1.977542703547506e-12,4.019654916189792e-16,-5.460051789406135e-10,-5.46003945361708e-10,4.0066255702484247e-16,-1.0856039691370446e-06,2.228495204215754e-12,-5.460051789376053e-10,8.920728164488923e-16,-1.0856032223041658e-06,4.0079886619372817e-16,1.2610776241975782e-12,4.002260484301874e-16,4.0286595046752524e-16,8.920891770561222e-16,8.918384592797505e-16,-5.460038357577818e-10
-1.0832385577306563e-05,-1.8195317503340286e-06,-9.15134307645972e-10,4.2699282824688375e-12,-9.151343076125384e-10,-1.8195313870151625e-06,-1.8195317503340286e-06,-9.151344518127303e-10,-1.8195299086631658e-06,6.716553689679742e-16,-9.151344518019038e-10,1.7444950420846191e-12,6.722490773010889e-16,2.9774523245865843e-12,-1.8195311599242065e-06,2.9745757988677368e-12,-9.151343076115846e-10,-1.8195366553605535e-06,6.723507815799738e-16,2.9745757987123985e-12,2.9745757985673575e-12,6.71696045610138e-16,-9.151343076853216e-10,-9.15134307647034e-10,-1.8195299086631622e-06,-1.819529908663165e-06,6.722805640307691e-16,-1.8195304415156672e-06,-9.151348031641565e-10,6.733044864793404e-16,-1.8195312603080987e-06,1.977542703547506e-12,-3.0314545098793898e-06,6.743578945130193e-16,-9.151343076115846e-10,-1.8195316250558287e-06,6.722044448953665e-16,-1.819531159924208e-06,3.7365313879561825e-12,-9.151343076115846e-10,2.9745757980008107e-12,-1.8195299086631635e-06,6.722797603819365e-16,2.114960531199087e-12,6.717046241060121e-16,6.752765639989105e-16,2.974575797997093e-12,2.9740341813268218e-12,-1.8195312603080966e-06
-9.749224465149665e-06,-3.703648007733e-10,-3.703656121210687e-10,8.681955491217935e-16,-3.703656121210687e-10,-3.7036472654089764e-10,-3.703648007861613e-10,-3.703656705006345e-10,-3.7036442559817097e-10,2.71132469589678e-16,-3.703656705006345e-10,3.548552417623877e-16,5.398925748061089e-13,6.05284825871376e-16,-3.703646804766782e-10,6.048264161439503e-16,-3.7036561211888494e-10,-3.7036579974983653e-10,5.398925742599274e-13,6.049162474265243e-16,6.047843335606173e-16,2.7111807326510175e-16,-3.703656122219075e-10,-3.703656122219075e-10,-3.7036442561752503e-10,-3.7036442556456965e-10,2.715647140812364e-16,-7.363853600341517e-07,-3.7036581312592105e-10,2.7206283358018424e-16,-3.7036470088608414e-10,4.019654916189792e-16,6.743578945130193e-16,-3.031457283721448e-06,-3.703656121210687e-10,-3.703647752570633e-10,2.717606933310155e-16,-3.703646804778835e-10,7.599970151823316e-16,-3.7036561229627527e-10,6.048264161439503e-16,-3.7036442558711534e-10,5.398925737684083e-13,4.299016867211971e-16,2.709563852544136e-16,5.42526830852527e-13,6.047843335606173e-16,6.047746480410177e-16,-3.703647008721446e-10
0.9999590578392655,0.9999540965452585,0.99995628600942,-1.1788018285888297e-09,0.9999562860094219,0.9999538976443055,0.9999540965452576,0.9999564429991816,0.9999530853189609,-3.690073578881921e-10,0.9999564429991811,-4.816551719364822e-10,-3.692910923866088e-10,-8.220297815638081e-10,0.999953772407949,-8.212106314500149e-10,0.9999562860094204,0.9999567905201614,-3.6929109181763605e-10,-8.212106314095625e-10,-8.212106314573036e-10,-3.690073578808841e-10,0.9999562860094204,0.9999562860094198,0.9999530853189584,0.9999530853189594,-3.692928197815846e-10,0.999953378096258,0.9999568262750105,-3.6980949609289983e-10,0.999953827739783,-5.460051789406135e-10,-9.151343076115846e-10,-3.703656121210687e-10,0.99995325455241,0.9999540277786447,-3.6929282071369626e-10,0.9999537724079491,-1.031209049133135e-09,0.9999562860094203,-8.212106313160879e-10,0.9999530853189598,-3.6929109178746076e-10,-5.840053367792522e-10,-3.6898179520271905e-10,-3.708473899889677e-10,-8.212106313816047e-10,-8.210495895627628e-10,0.9999538277397833
0.9999567995820549,0.9999518383194278,0.999954027778644,-2.3437731375964897e-06,0.9999540277786464,0.9999516394189236,0.9999518383194259,0.9999541847680522,0.9999508270954104,-3.690065238163928e-10,0.999954184768051,-4.816540836577595e-10,-3.6929025783290104e-10,-1.6344149403101697e-06,0.9999515141828497,-1.6327862515646934e-06,0.9999540277786454,0.9999545322882466,-3.6929025736546945e-10,-1.632786251412891e-06,-1.6327862512192535e-06,-3.6900652369663455e-10,0.9999540277786454,0.999954027778644,0.9999508270954095,0.9999508270954103,-3.692919853144425e-10,0.9999511198720491,0.9999545680430167,-3.698086602858728e-10,0.9999515695145589,-5.46003945361708e-10,-1.8195316250558287e-06,-3.703647752570633e-10,0.9999540277786447,0.9999487380959621,-3.692919863657585e-10,0.999951514182849,-2.050319238369171e-06,0.9999540277786446,-1.632786250963657e-06,0.9999508270954103,-3.692902573865644e-10,-5.840040171934365e-10,-3.6898096130179936e-10,-3.708465519162164e-10,-1.6327862511176252e-06,-1.6324660572101402e-06,0.9999515695145584
-9.747091477817429e-06,-3.692920118268711e-10,-3.6929282084901515e-10,8.652958342468541e-16,-3.6929282084901515e-10,-3.6929193772526084e-10,-3.692920118227244e-10,-3.692928791170778e-10,-3.6929163762205466e-10,2.6999676107181786e-16,-3.692928791729021e-10,3.535883413448323e-16,2.7101201830507877e-16,6.034080943113416e-16,-3.69291891838251e-10,6.03004789034048e-16,-3.6929282071369626e-10,-3.692930081840299e-10,2.708845298718925e-16,6.029526371702506e-16,6.027931249665599e-16,2.7015543969339927e-16,-3.692928208395441e-10,-3.6929282071369626e-10,-3.6929163763176e-10,-3.6929163757210593e-10,2.707671978010224e-16,-7.342523659640205e-07,-3.6929302131451183e-10,5.388713756339843e-13,-3.692919121474508e-10,4.0066255702484247e-16,6.722044448953665e-16,2.717606933310155e-16,-3.6929282071369626e-10,-3.692919863657585e-10,-3.0314572881941156e-06,-3.6929189183217287e-10,7.575577065207818e-16,-3.6929282071369626e-10,6.03004789034048e-16,-3.692916375894737e-10,2.7087016958444747e-16,4.285943097804189e-16,2.7029324405436626e-16,2.7175627079044497e-16,6.029848565913193e-16,6.026970799132823e-16,-3.692919121474508e-10
