1.000000001531197,1.0000122065225143,1.0000122065225108,1.0000122065225063,1.0000122065225026,1.0000119589680796,1.000012206522508,1.000012471516639,1.000011958968076,1.0000122065225046,1.000012206522505,1.000012043874926,3.7860162958667804e-07,1.000012302050626,1.0000119589680776,1.0000120240928574,1.0000120240928603,1.0000119589680803,1.0000122065225028,3.7897519848812986e-07,1.0000119589680798,1.000012471516646,1.0000120240928607,1.0000120828690402,1.0000122065225077,1.0000123408399844,1.000011958968081,1.0000119589680776,3.819569038289103e-07,1.0000122065225072,1.0000122065225034,3.786441148144774e-07,1.0000122065225077,1.0000119589680776,1.0000122065225072,1.0000122065225094,1.0000122065225072,1.0000122065225072,1.0000122065225077,1.000012628981736,1.0000122065225077,1.0000124715166439,1.0000122065225097,1.0000119589680792,3.781890614369889e-07,1.000012106701917,1.0000126120911406,1.0000122065225077,1.0000124715166379,1.0000122859343787,3.775680798298283e-07,1.000012206522505,3.793003409557914e-07,1.0000122065225086,1.0000122065225072,1.0000120613158705,1.000012206522506,1.0000121229829995,1.0000119589680843,1.0000122065225057,1.0000123340036657,1.0000119589680776,1.0000122065225072,1.000012206522505,1.000012206522505,1.0000122065225072,1.0000122065225072,1.0000122065225072,3.777354345353155e-07,3.788102794077708e-07,1.0000119589680776,1.0000122065225077,1.000012206522506,1.0000122065225072,1.0000122065225077,1.0000122065225077,1.0000122065225077,1.0000122065225077,1.0000122065225077,1.0000122065225054,1.0000123586633363,1.0000125409620955,1.0000122065225063,1.000012206522508,1.0000120613158707,1.0000122065225077,1.0000122065225072,1.0000122065225072,1.0000122065225077,1.000011958968083,3.827871481575159e-07,1.000012206522507,3.838381861204902e-07,3.8217133188899284e-07,1.0000122065225086,1.0000119589680798,1.0000124715166416,1.0000119589680807,1.000012206522504,3.7764577506805473e-07,1.000012342687505,1.00001195896808,1.000012358663337,1.0000122065225046,1.000012206522507,1.0000119589680807,1.0000119589680758
1.0000122065225143,1.0000129365811752,1.0000175945336054,1.0000175945336045,1.0000175945336063,1.0000173469777496,1.000017594533605,1.0000178595292626,1.0000173469777505,1.0000175945336045,1.0000175945336045,1.0000174318850865,3.4963659405447024e-12,1.0000176900622737,1.0000173469777507,1.0000174121029064,1.0000174121029035,1.0000173469777522,1.0000175945336045,3.683612240773959e-12,1.0000173469777516,1.0000178595292641,1.0000174121029055,1.0000174708794276,1.0000175945336045,1.000017728851857,1.0000173469777491,1.0000173469777505,5.178132462905116e-12,1.0000175945336045,1.0000175945336043,3.517667571645495e-12,1.000017594533605,1.0000173469777516,1.000017594533606,1.000017594533606,1.000017594533605,1.000017594533605,1.0000175945336052,1.0000180169952655,1.000017594533605,1.0000178595292633,1.0000175945336043,1.0000173469777491,3.2895800448045394e-12,1.0000174947124414,1.0000180001045755,1.0000175945336052,1.0000178595292613,1.0000176739459303,2.978327231780454e-12,1.0000175945336045,3.846585335875319e-12,1.0000175945336045,1.0000175945336054,1.000017449326136,1.0000175945336054,1.0000175109936196,1.000017346977753,1.0000175945336045,1.000017722015498,1.0000173469777507,1.0000175945336045,1.000017594533605,1.0000175945336045,1.0000175945336047,1.000017594533605,1.0000175945336058,3.0622095449018507e-12,3.6009560167901187e-12,1.0000173469777507,1.0000175945336063,1.000017594533605,1.0000175945336045,1.0000175945336054,1.0000175945336063,1.000017594533605,1.000017594533605,1.0000175945336058,1.000017594533605,1.0000177466753104,1.0000179289751139,1.0000175945336043,1.000017594533605,1.0000174493261373,1.0000175945336063,1.0000175945336058,1.0000175945336045,1.000017594533605,1.0000173469777507,5.594274946839155e-12,1.0000175945336045,6.1210860731652325e-12,5.285607701829084e-12,1.0000175945336047,1.0000173469777496,1.0000178595292653,1.0000173469777511,1.0000175945336034,3.0172756617188662e-12,1.0000177306993867,1.0000173469777496,1.000017746675311,1.0000175945336045,1.0000175945336047,1.0000173469777514,1.0000173469777487
1.0000122065225108,1.0000175945336054,1.0000129365811699,1.0000175945335996,1.0000175945336007,1.0000173469777458,1.0000175945335987,1.0000178595292573,1.0000173469777454,1.000017594533599,1.0000175945335996,1.0000174318850832,3.496365954440463e-12,1.0000176900622688,1.000017346977746,1.0000174121029017,1.000017412102898,1.0000173469777467,1.000017594533599,3.683612269536002e-12,1.0000173469777471,1.0000178595292584,1.0000174121028995,1.0000174708794223,1.000017594533599,1.000017728851851,1.0000173469777451,1.0000173469777458,5.178132470125011e-12,1.0000175945336,1.0000175945335994,3.517667412098792e-12,1.0000175945335996,1.0000173469777465,1.0000175945336005,1.0000175945336005,1.0000175945336007,1.0000175945336007,1.0000175945335996,1.00001801699526,1.0000175945335996,1.0000178595292575,1.000017594533599,1.0000173469777454,3.2895800540483926e-12,1.0000174947124363,1.0000180001045702,1.0000175945335987,1.0000178595292566,1.0000176739459266,2.978327224135831e-12,1.0000175945336,3.84658530521773e-12,1.0000175945336005,1.0000175945336003,1.0000174493261307,1.0000175945336005,1.0000175109936145,1.000017346977747,1.0000175945335992,1.000017722015492,1.0000173469777454,1.0000175945336,1.0000175945335996,1.0000175945336,1.0000175945335996,1.0000175945336007,1.0000175945336005,3.0622094846281002e-12,3.6009561220618995e-12,1.0000173469777454,1.0000175945335996,1.0000175945336003,1.0000175945336,1.0000175945336,1.0000175945335996,1.0000175945335996,1.0000175945335996,1.0000175945336005,1.0000175945335992,1.0000177466753062,1.0000179289751088,1.0000175945335994,1.0000175945335996,1.0000174493261307,1.0000175945336007,1.0000175945336005,1.0000175945336,1.0000175945335996,1.0000173469777456,5.594274947000507e-12,1.0000175945336,6.121086084399168e-12,5.285607691740752e-12,1.0000175945335994,1.0000173469777458,1.0000178595292584,1.0000173469777462,1.0000175945335976,3.0172757206742168e-12,1.0000177306993816,1.0000173469777454,1.000017746675305,1.0000175945335996,1.0000175945336003,1.0000173469777462,1.0000173469777438
1.0000122065225063,1.0000175945336045,1.0000175945335996,1.0000129365811647,1.0000175945335983,1.0000173469777427,1.0000175945335974,1.0000178595292557,1.0000173469777436,1.000017594533597,1.0000175945335972,1.0000174318850799,3.496365933923369e-12,1.0000176900622673,1.0000173469777438,1.0000174121028984,1.0000174121028957,1.0000173469777447,1.0000175945335972,3.683612241227767e-12,1.0000173469777438,1.0000178595292557,1.0000174121028973,1.0000174708794198,1.0000175945335965,1.0000177288518504,1.0000173469777425,1.0000173469777427,5.178132462703877e-12,1.0000175945335976,1.0000175945335972,3.5176676241045274e-12,1.0000175945335976,1.0000173469777438,1.000017594533598,1.0000175945335996,1.0000175945335978,1.0000175945335976,1.0000175945335978,1.0000180169952582,1.0000175945335978,1.0000178595292566,1.0000175945335958,1.0000173469777416,3.2895800538873783e-12,1.0000174947124343,1.000018000104568,1.0000175945335974,1.000017859529255,1.000017673945922,2.9783272215280535e-12,1.0000175945335972,3.8465853493541874e-12,1.0000175945335983,1.0000175945335974,1.000017449326128,1.0000175945335974,1.000017510993612,1.0000173469777458,1.0000175945335972,1.0000177220154909,1.0000173469777431,1.0000175945335976,1.0000175945335972,1.0000175945335972,1.0000175945335976,1.0000175945335978,1.000017594533598,3.0622094846377647e-12,3.600956141337494e-12,1.000017346977743,1.0000175945335978,1.0000175945335965,1.0000175945335976,1.0000175945335978,1.0000175945335978,1.0000175945335978,1.0000175945335978,1.0000175945335978,1.0000175945335972,1.0000177466753033,1.0000179289751059,1.0000175945335963,1.0000175945335987,1.000017449326128,1.0000175945335987,1.000017594533598,1.0000175945335976,1.0000175945335978,1.0000173469777431,5.594274946846652e-12,1.0000175945335978,6.121086060356847e-12,5.285607688954232e-12,1.000017594533598,1.0000173469777427,1.0000178595292566,1.0000173469777438,1.0000175945335965,3.017275795094661e-12,1.0000177306993792,1.0000173469777416,1.0000177466753044,1.0000175945335972,1.0000175945335976,1.0000173469777438,1.0000173469777411
1.0000122065225026,1.0000175945336063,1.0000175945336007,1.0000175945335983,1.000012936581172,1.0000173469777456,1.0000175945335996,1.0000178595292566,1.0000173469777456,1.0000175945335985,1.0000175945335992,1.0000174318850823,3.4963659347422687e-12,1.0000176900622686,1.0000173469777458,1.0000174121029,1.000017412102898,1.0000173469777467,1.0000175945335983,3.683612230065455e-12,1.0000173469777467,1.000017859529258,1.0000174121028993,1.0000174708794212,1.000017594533599,1.0000177288518513,1.000017346977744,1.000017346977745,5.1781324753288104e-12,1.000017594533599,1.0000175945335983,3.5176676453318884e-12,1.0000175945335996,1.0000173469777454,1.0000175945336,1.0000175945336007,1.0000175945336,1.0000175945336,1.0000175945335996,1.00001801699526,1.0000175945335996,1.000017859529258,1.0000175945335983,1.0000173469777438,3.2895800490134274e-12,1.0000174947124363,1.0000180001045689,1.0000175945335992,1.000017859529257,1.0000176739459254,2.978327229737431e-12,1.0000175945335992,3.846585322335324e-12,1.000017594533599,1.0000175945336003,1.0000174493261302,1.0000175945335996,1.0000175109936138,1.0000173469777462,1.0000175945335987,1.0000177220154913,1.0000173469777451,1.000017594533599,1.0000175945335992,1.0000175945335992,1.0000175945335992,1.0000175945336,1.0000175945335994,3.0622095181328494e-12,3.600956125293245e-12,1.0000173469777451,1.0000175945335996,1.0000175945335996,1.000017594533599,1.0000175945336,1.0000175945335996,1.0000175945335996,1.0000175945335996,1.0000175945335996,1.0000175945335987,1.0000177466753055,1.0000179289751077,1.0000175945335987,1.0000175945336,1.000017449326131,1.0000175945336003,1.0000175945335994,1.000017594533599,1.0000175945335996,1.0000173469777451,5.594274946428088e-12,1.000017594533599,6.121086042455079e-12,5.285607694546925e-12,1.000017594533599,1.0000173469777456,1.000017859529258,1.000017346977746,1.0000175945335983,3.0172757295881675e-12,1.000017730699382,1.0000173469777447,1.000017746675305,1.0000175945335992,1.0000175945335992,1.0000173469777462,1.0000173469777431
1.0000119589680796,1.0000173469777496,1.0000173469777458,1.0000173469777427,1.0000173469777456,1.0000124414695106,1.000017346977744,1.0000176119733373,1.0000170994219522,1.0000173469777431,1.0000173469777447,1.000017184329267,3.496364985241352e-12,1.00001744250639,1.0000170994219522,1.0000171645470908,1.000017164547088,1.0000170994219542,1.0000173469777438,3.683611601310496e-12,1.0000170994219524,1.0000176119733382,1.000017164547089,1.0000172233235982,1.000017346977744,1.0000174812959646,1.0000170994219513,1.0000170994219515,1.0330930469776133e-08,1.000017346977744,1.0000173469777425,3.5176664891724436e-12,1.0000173469777442,1.0000170994219524,1.000017346977744,1.0000173469777467,1.0000173469777447,1.0000173469777436,1.000017346977744,1.0000177694393024,1.000017346977744,1.0000176119733373,1.0000173469777422,1.000017099421951,3.2895790232874207e-12,1.0000172471566076,1.0000177525486165,1.0000173469777436,1.000017611973337,1.0000174263900514,2.9783264381797824e-12,1.0000173469777447,3.846584038986637e-12,1.0000173469777438,1.0000173469777451,1.0000172017703126,1.000017346977744,1.000017263437781,1.000017099421953,1.0000173469777438,1.0000174744596075,1.0000170994219515,1.000017346977744,1.0000173469777447,1.0000173469777447,1.0000173469777436,1.0000173469777447,1.0000173469777447,3.0622084412021862e-12,3.600955066243717e-12,1.0000170994219515,1.000017346977744,1.0000173469777436,1.000017346977744,1.0000173469777447,1.000017346977744,1.000017346977744,1.0000173469777442,1.000017346977744,1.000017346977744,1.0000174991194146,1.0000176814191712,1.0000173469777438,1.0000173469777447,1.0000172017703115,1.0000173469777447,1.0000173469777447,1.000017346977744,1.000017346977744,1.0000170994219515,1.1161179215481402e-08,1.0000173469777447,1.2212223875823477e-08,1.054535509208854e-08,1.0000173469777438,1.0000170994219522,1.000017611973339,1.0000170994219524,1.000017346977743,3.017274702158981e-12,1.000017483143495,1.0000170994219508,1.0000174991194124,1.0000173469777447,1.0000173469777438,1.000017099421953,1.0000170994219515
1.000012206522508,1.000017594533605,1.0000175945335987,1.0000175945335974,1.0000175945335996,1.000017346977744,1.000012936581162,1.0000178595292566,1.0000173469777447,1.0000175945335972,1.000017594533598,1.0000174318850807,3.496365940405079e-12,1.0000176900622677,1.0000173469777451,1.0000174121028984,1.000017412102896,1.0000173469777458,1.000017594533598,3.6836122415015544e-12,1.0000173469777454,1.0000178595292566,1.0000174121028982,1.00001747087942,1.0000175945335974,1.0000177288518497,1.000017346977743,1.0000173469777438,5.178132464047979e-12,1.0000175945335976,1.0000175945335965,3.5176675485275407e-12,1.0000175945335978,1.000017346977745,1.0000175945335983,1.0000175945336,1.0000175945335992,1.0000175945335985,1.000017594533598,1.000018016995259,1.0000175945335978,1.0000178595292561,1.000017594533597,1.000017346977743,3.289580049903014e-12,1.0000174947124345,1.0000180001045693,1.0000175945335976,1.0000178595292561,1.0000176739459228,2.9783273238160456e-12,1.0000175945335983,3.8465853343736234e-12,1.0000175945335987,1.0000175945335987,1.000017449326129,1.0000175945335987,1.0000175109936122,1.0000173469777456,1.0000175945335978,1.0000177220154913,1.0000173469777438,1.0000175945335976,1.0000175945335983,1.0000175945335983,1.0000175945335976,1.0000175945335992,1.0000175945335985,3.0622094776430556e-12,3.6009562246066428e-12,1.0000173469777438,1.000017594533598,1.0000175945335974,1.0000175945335976,1.0000175945335987,1.000017594533598,1.0000175945335978,1.0000175945335978,1.000017594533598,1.0000175945335978,1.0000177466753037,1.0000179289751059,1.0000175945335972,1.0000175945335987,1.0000174493261293,1.0000175945335987,1.0000175945335985,1.0000175945335976,1.0000175945335978,1.0000173469777438,5.594274946640202e-12,1.0000175945335978,6.121086060531637e-12,5.285607705234332e-12,1.0000175945335978,1.0000173469777431,1.0000178595292575,1.000017346977744,1.0000175945335965,3.017275798089118e-12,1.0000177306993807,1.000017346977743,1.0000177466753055,1.000017594533598,1.0000175945335976,1.0000173469777447,1.0000173469777425
1.000012471516639,1.0000178595292626,1.0000178595292573,1.0000178595292557,1.0000178595292566,1.0000176119733373,1.0000178595292566,1.0000134665725533,1.0000176119733375,1.0000178595292555,1.0000178595292561,1.000017696880696,6.975630107130777e-09,1.0000179550579509,1.000017611973338,1.0000176770985103,1.0000176770985076,1.0000176119733393,1.0000178595292555,3.6836138025774504e-12,1.000017611973338,1.0000181245249846,1.0000176770985094,1.0000177358750468,1.0000178595292555,1.0000179938475453,1.0000176119733375,1.0000176119733373,5.178133913330959e-12,1.0000178595292555,1.000017859529255,3.517668535748015e-12,1.0000178595292566,1.000017611973338,1.0000178595292568,1.0000178595292584,1.0000178595292566,1.0000178595292561,1.0000178595292561,1.0000182819910282,1.0000178595292566,1.000018124524985,1.0000178595292548,1.0000176119733366,3.289581051355754e-12,1.0000177597080662,1.000018265100334,1.0000178595292553,1.000018124524984,1.000017938941602,2.9783280468481817e-12,1.0000178595292561,3.8465861748245895e-12,1.0000178595292561,1.0000178595292566,1.0000177143217501,1.0000178595292561,1.0000177759892512,1.0000176119733395,1.0000178595292557,1.0000179870111832,1.0000176119733373,1.0000178595292555,1.0000178595292564,1.0000178595292561,1.0000178595292555,1.0000178595292566,1.0000178595292568,3.0622104599089706e-12,3.6009572732858225e-12,1.0000176119733373,1.0000178595292561,1.0000178595292566,1.0000178595292555,1.0000178595292557,1.0000178595292561,1.0000178595292561,1.0000178595292561,1.0000178595292561,1.0000178595292557,1.0000180116710047,1.0000181939708546,1.0000178595292561,1.0000178595292566,1.0000177143217497,1.0000178595292575,1.0000178595292568,1.0000178595292555,1.0000178595292561,1.0000176119733373,5.594276577868533e-12,1.0000178595292555,1.2212230754610793e-08,5.285609159442535e-12,1.0000178595292561,1.0000176119733373,1.0000181245249853,1.0000176119733382,1.000017859529255,3.0172765536787095e-12,1.000017995695075,1.0000176119733364,1.000018011671004,1.0000178595292561,1.0000178595292555,1.0000176119733382,1.0000176119733357
1.000011958968076,1.0000173469777505,1.0000173469777454,1.0000173469777436,1.0000173469777456,1.0000170994219522,1.0000173469777447,1.0000176119733375,1.000012441469512,1.000017346977743,1.0000173469777436,1.0000171843292678,3.4963649679272502e-12,1.0000174425063924,1.0000170994219524,1.0000171645470908,1.0000171645470886,1.0000170994219542,1.000017346977743,3.683611478057189e-12,1.0000170994219533,1.000017611973339,1.0000171645470908,1.0000172233235984,1.0000173469777431,1.0000174812959641,1.0000170994219504,1.0000170994219524,1.0330930469776069e-08,1.0000173469777438,1.000017346977743,3.517666551602037e-12,1.0000173469777447,1.000017099421953,1.000017346977745,1.0000173469777454,1.000017346977744,1.0000173469777442,1.0000173469777438,1.0000177694393029,1.0000173469777447,1.000017611973338,1.0000173469777425,1.000017099421951,3.2895790572397057e-12,1.0000172471566078,1.0000177525486165,1.0000173469777431,1.000017611973337,1.000017426390052,2.9783264339279957e-12,1.0000173469777436,3.8465839928936896e-12,1.0000173469777438,1.0000173469777447,1.0000172017703126,1.0000173469777438,1.0000172634377802,1.000017099421954,1.000017346977744,1.0000174744596086,1.0000170994219524,1.000017346977744,1.0000173469777436,1.0000173469777438,1.0000173469777447,1.000017346977744,1.000017346977745,3.0622085456907647e-12,3.6009549390588283e-12,1.0000170994219524,1.0000173469777442,1.000017346977744,1.0000173469777438,1.0000173469777447,1.0000173469777442,1.0000173469777447,1.0000173469777447,1.000017346977745,1.000017346977744,1.000017499119415,1.000017681419172,1.0000173469777438,1.000017346977745,1.0000172017703133,1.0000173469777454,1.000017346977745,1.000017346977744,1.0000173469777447,1.0000170994219524,1.116117921548138e-08,1.0000173469777438,1.2212223875823422e-08,1.054535509208854e-08,1.000017346977744,1.0000170994219522,1.000017611973339,1.0000170994219537,1.0000173469777425,3.017274816154844e-12,1.000017483143494,1.0000170994219515,1.0000174991194146,1.0000173469777436,1.0000173469777447,1.0000170994219544,1.0000170994219513
1.0000122065225046,1.0000175945336045,1.000017594533599,1.000017594533597,1.0000175945335985,1.0000173469777431,1.0000175945335972,1.0000178595292555,1.000017346977743,1.0000129365811685,1.0000175945335974,1.0000174318850799,3.4963659334146245e-12,1.0000176900622673,1.0000173469777438,1.000017412102898,1.0000174121028964,1.000017346977745,1.0000175945335978,3.683612255466341e-12,1.0000173469777454,1.0000178595292568,1.0000174121028975,1.0000174708794194,1.0000175945335965,1.0000177288518493,1.000017346977742,1.0000173469777425,5.1781324702847245e-12,1.0000175945335974,1.0000175945335963,3.5176674006395827e-12,1.0000175945335972,1.000017346977744,1.0000175945335983,1.0000175945335994,1.0000175945335978,1.0000175945335978,1.0000175945335972,1.0000180169952588,1.0000175945335972,1.0000178595292557,1.0000175945335965,1.0000173469777422,3.289580052652753e-12,1.0000174947124345,1.0000180001045678,1.0000175945335972,1.0000178595292548,1.000017673945923,2.9783272778804044e-12,1.0000175945335974,3.846585277674259e-12,1.0000175945335974,1.0000175945335978,1.000017449326128,1.0000175945335978,1.0000175109936122,1.0000173469777451,1.0000175945335972,1.0000177220154909,1.0000173469777438,1.0000175945335974,1.0000175945335974,1.0000175945335974,1.0000175945335974,1.0000175945335978,1.0000175945335983,3.0622094846377647e-12,3.6009561339227405e-12,1.0000173469777438,1.0000175945335972,1.0000175945335974,1.0000175945335974,1.000017594533598,1.0000175945335972,1.0000175945335972,1.0000175945335972,1.0000175945335972,1.0000175945335972,1.0000177466753033,1.0000179289751059,1.0000175945335965,1.0000175945335983,1.000017449326129,1.0000175945335976,1.0000175945335983,1.0000175945335974,1.0000175945335972,1.0000173469777438,5.594274946686484e-12,1.0000175945335974,6.121086051949681e-12,5.2856077087118165e-12,1.0000175945335974,1.0000173469777431,1.0000178595292561,1.0000173469777447,1.0000175945335965,3.017275774684615e-12,1.0000177306993785,1.0000173469777431,1.0000177466753037,1.0000175945335974,1.0000175945335974,1.000017346977745,1.0000173469777411
1.000012206522505,1.0000175945336045,1.0000175945335996,1.0000175945335972,1.0000175945335992,1.0000173469777447,1.000017594533598,1.0000178595292561,1.0000173469777436,1.0000175945335974,1.0000129365811627,1.0000174318850805,3.4963659334146245e-12,1.0000176900622677,1.000017346977744,1.0000174121028989,1.0000174121028973,1.000017346977745,1.000017594533598,3.683612275643675e-12,1.000017346977745,1.000017859529258,1.0000174121028973,1.00001747087942,1.0000175945335974,1.0000177288518497,1.000017346977743,1.0000173469777438,5.1781324775612966e-12,1.0000175945335978,1.0000175945335978,3.517667563385636e-12,1.0000175945335983,1.0000173469777454,1.0000175945335987,1.0000175945336,1.000017594533599,1.0000175945335976,1.0000175945335978,1.000018016995259,1.0000175945335985,1.0000178595292561,1.0000175945335974,1.0000173469777438,3.289580056977892e-12,1.0000174947124347,1.0000180001045689,1.0000175945335976,1.0000178595292555,1.0000176739459232,2.9783272600086838e-12,1.0000175945335985,3.846585263470112e-12,1.0000175945335987,1.0000175945335987,1.0000174493261285,1.0000175945335978,1.000017510993613,1.0000173469777458,1.0000175945335978,1.000017722015492,1.000017346977744,1.0000175945335978,1.0000175945335983,1.0000175945335985,1.0000175945335978,1.000017594533599,1.0000175945335987,3.062209510673168e-12,3.600956187669131e-12,1.000017346977744,1.0000175945335983,1.0000175945335987,1.0000175945335978,1.0000175945335987,1.0000175945335983,1.0000175945335983,1.0000175945335983,1.0000175945335983,1.0000175945335978,1.0000177466753037,1.0000179289751057,1.0000175945335978,1.0000175945335992,1.0000174493261302,1.0000175945335994,1.0000175945335987,1.0000175945335978,1.0000175945335983,1.0000173469777442,5.5942749460691216e-12,1.0000175945335978,6.121086073396609e-12,5.2856077117845365e-12,1.0000175945335987,1.0000173469777447,1.000017859529257,1.0000173469777447,1.0000175945335972,3.017275597890112e-12,1.00001773069938,1.0000173469777431,1.0000177466753037,1.0000175945335983,1.0000175945335978,1.0000173469777447,1.0000173469777425
1.000012043874926,1.0000174318850865,1.0000174318850832,1.0000174318850799,1.0000174318850823,1.000017184329267,1.0000174318850807,1.000017696880696,1.0000171843292678,1.0000174318850799,1.0000174318850805,1.0000126112841543,6.975626723315369e-09,1.000017527413735,1.0000171843292678,1.0000172494544115,1.0000172494544104,1.000017184329269,1.0000174318850805,3.683611589390656e-12,1.0000171843292687,1.0000176968806969,1.00001724945441,1.0000173082309236,1.0000174318850805,1.0000175662033124,1.000017184329267,1.0000171843292671,1.0330931443559774e-08,1.0000174318850805,1.0000174318850785,3.5176669237137985e-12,1.0000174318850816,1.000017184329268,1.0000174318850807,1.0000174318850839,1.0000174318850812,1.0000174318850816,1.0000174318850816,1.000017854346673,1.0000174318850816,1.0000176968806955,1.000017431885079,1.0000171843292658,3.289579436424264e-12,1.0000173320639327,1.0000178374559856,1.0000174318850812,1.0000176968806946,1.0000175112973924,2.978326701177055e-12,1.0000174318850805,3.846584359395937e-12,1.0000174318850805,1.0000174318850807,1.000017286677635,1.000017431885082,1.00001734834511,1.0000171843292687,1.0000174318850805,1.0000175593669542,1.000017184329268,1.0000174318850805,1.0000174318850805,1.0000174318850805,1.0000174318850807,1.0000174318850812,1.0000174318850812,3.062208915061478e-12,3.6009555247603905e-12,1.000017184329268,1.000017431885081,1.00001743188508,1.0000174318850805,1.0000174318850816,1.000017431885081,1.0000174318850807,1.0000174318850807,1.0000174318850814,1.0000174318850807,1.0000175840267636,1.0000177663265364,1.0000174318850799,1.0000174318850807,1.0000172866776353,1.0000174318850823,1.0000174318850812,1.0000174318850805,1.0000174318850807,1.000017184329268,1.1161180261009238e-08,1.0000174318850812,1.221222501537587e-08,1.0545356085643991e-08,1.0000174318850805,1.0000171843292671,1.000017696880698,1.0000171843292687,1.000017431885078,6.019790067549543e-09,1.0000175680508407,1.000017184329266,1.0000175840267622,1.0000174318850805,1.0000174318850807,1.0000171843292687,1.0000171843292653
3.7860162958667804e-07,3.4963659405447024e-12,3.496365954440463e-12,3.496365933923369e-12,3.4963659347422687e-12,3.496364985241352e-12,3.496365940405079e-12,6.975630107130777e-09,3.4963649679272502e-12,3.4963659334146245e-12,3.4963659334146245e-12,6.975626723315369e-09,-4.657952537427425e-06,3.496366355111164e-12,3.4963649679272502e-12,6.9756265668179475e-09,6.975626566817985e-09,3.496365040529308e-12,3.4963659550275707e-12,-1.35607343363591e-16,3.4963650120794198e-12,6.975630107130733e-09,6.975626566817894e-09,3.496365438442196e-12,3.49636592048058e-12,3.4963663556979895e-12,3.4963649900147586e-12,3.4963649714828263e-12,-8.226427999844324e-19,3.4963659278442598e-12,3.4963659334346864e-12,-4.354125349316489e-19,3.4963659460949854e-12,3.4963649657746884e-12,3.4963659528895592e-12,3.4963659268748182e-12,3.496365959042269e-12,3.49636593266535e-12,3.496365952022138e-12,3.4963676125205444e-12,3.496365936501951e-12,6.975630107130799e-09,3.4963659355143174e-12,3.4963649573727475e-12,-7.347126835650199e-19,6.9756272204309006e-09,6.9756312194705245e-09,3.4963659342956797e-12,6.975630107130833e-09,3.496366248354855e-12,-3.1954668817184953e-19,3.49636592048058e-12,-5.346627898165372e-19,3.496365948021026e-12,3.496365944741749e-12,3.4963653569237414e-12,3.496365944849007e-12,6.975627349311105e-09,3.4963649927064217e-12,3.4963659280370534e-12,6.9756290190734415e-09,3.4963650120794198e-12,3.496365960837281e-12,3.4963659573634573e-12,3.4963659323465845e-12,3.4963659442858465e-12,3.4963659395844197e-12,3.4963659564006893e-12,8.581197268475033e-19,-1.3976763150044367e-16,3.4963649927064217e-12,3.4963659244528815e-12,3.4963659419456277e-12,3.4963659324104692e-12,3.4963659212136975e-12,3.4963659277401324e-12,3.496365936320985e-12,3.4963659503983223e-12,3.4963659535114646e-12,3.4963659550275707e-12,6.975629214301166e-09,3.496367265451449e-12,3.4963659256907536e-12,3.496365948037024e-12,3.496365263707925e-12,3.4963659248222225e-12,3.496365925515404e-12,3.4963659528895592e-12,3.4963659671835496e-12,3.4963649901965518e-12,1.325103355526402e-19,3.496365944549438e-12,-2.0162819933649475e-16,-1.181289044940307e-19,3.496365930699789e-12,3.496364985241352e-12,6.97563010713083e-09,3.4963650136847164e-12,3.4963659334146245e-12,-2.435141731903521e-18,3.4963664873544574e-12,3.4963649903007923e-12,6.975629214301182e-09,3.496365954440463e-12,3.4963659443928585e-12,3.496364985241352e-12,3.496364980399965e-12
1.000012302050626,1.0000176900622737,1.0000176900622688,1.0000176900622673,1.0000176900622686,1.00001744250639,1.0000176900622677,1.0000179550579509,1.0000174425063924,1.0000176900622673,1.0000176900622677,1.000017527413735,3.496366355111164e-12,1.0000131276385158,1.0000174425063908,1.0000175076315512,1.0000175076315485,1.0000174425063924,1.0000176900622673,3.6836126146351816e-12,1.0000174425063924,1.000017955057952,1.0000175076315505,1.0000175664080782,1.0000176900622673,1.0000178243805338,1.0000174425063906,1.0000174425063906,5.17813301691215e-12,1.0000176900622681,1.0000176900622673,3.5176678592235645e-12,1.0000176900622677,1.0000174425063915,1.0000176900622686,1.000017690062269,1.0000176900622686,1.0000176900622686,1.0000176900622675,1.0000181125239687,1.0000176900622677,1.0000179550579507,1.0000176900622657,1.000017442506391,3.2895804046546528e-12,1.0000175902410948,1.0000180956332785,1.0000176900622673,1.0000179550579513,1.0000177694746015,2.9783276681880757e-12,1.0000176900622677,3.846585731722642e-12,1.0000176900622686,1.000017690062268,1.0000175448547834,1.000017690062268,1.0000176065222768,1.0000174425063924,1.000017690062267,1.000017817544174,1.0000174425063906,1.0000176900622681,1.0000176900622677,1.0000176900622677,1.0000176900622681,1.0000176900622686,1.0000176900622686,3.062209879155792e-12,7.1842969094996585e-09,1.0000174425063906,1.0000176900622675,1.0000176900622673,1.0000176900622681,1.0000176900622684,1.0000176900622675,1.0000176900622677,1.0000176900622677,1.0000176900622675,1.0000176900622675,1.0000178422039896,1.0000180245038097,1.000017690062267,1.0000176900622675,1.000017544854786,1.0000176900622686,1.0000176900622686,1.0000176900622681,1.0000176900622677,1.0000174425063908,5.5942755417508215e-12,1.0000176900622681,6.121086738578199e-12,5.285608253244574e-12,1.0000176900622684,1.00001744250639,1.000017955057953,1.000017442506392,1.0000176900622673,3.017275935096686e-12,1.0000178262280632,1.0000174425063904,1.00001784220399,1.0000176900622677,1.0000176900622681,1.0000174425063921,1.00001744250639
1.0000119589680776,1.0000173469777507,1.000017346977746,1.0000173469777438,1.0000173469777458,1.0000170994219522,1.0000173469777451,1.000017611973338,1.0000170994219524,1.0000173469777438,1.000017346977744,1.0000171843292678,3.4963649679272502e-12,1.0000174425063908,1.000012441469511,1.0000171645470923,1.0000171645470886,1.0000170994219542,1.0000173469777436,3.683611601310496e-12,1.000017099421954,1.000017611973339,1.0000171645470903,1.0000172233235982,1.0000173469777447,1.000017481295965,1.0000170994219513,1.0000170994219524,1.033093046977608e-08,1.000017346977745,1.0000173469777431,3.5176666933006695e-12,1.0000173469777447,1.0000170994219542,1.0000173469777454,1.0000173469777462,1.0000173469777451,1.0000173469777454,1.000017346977744,1.0000177694393024,1.0000173469777447,1.000017611973338,1.0000173469777431,1.0000170994219513,3.289579136522851e-12,1.0000172471566082,1.0000177525486171,1.0000173469777438,1.0000176119733373,1.0000174263900514,2.97832643692087e-12,1.000017346977744,3.846583932417914e-12,1.0000173469777454,1.000017346977745,1.0000172017703133,1.0000173469777447,1.000017263437781,1.0000170994219546,1.000017346977744,1.0000174744596089,1.0000170994219535,1.000017346977745,1.000017346977744,1.000017346977744,1.000017346977745,1.0000173469777451,1.000017346977745,3.0622084412021862e-12,3.600954940034581e-12,1.0000170994219535,1.000017346977745,1.0000173469777438,1.000017346977745,1.0000173469777456,1.000017346977745,1.0000173469777447,1.0000173469777447,1.000017346977745,1.0000173469777442,1.0000174991194155,1.000017681419172,1.0000173469777438,1.000017346977745,1.0000172017703133,1.0000173469777454,1.000017346977745,1.000017346977745,1.0000173469777447,1.0000170994219537,1.1161179215481444e-08,1.000017346977745,1.22122238758235e-08,1.0545355092088569e-08,1.0000173469777447,1.0000170994219522,1.0000176119733393,1.000017099421954,1.0000173469777431,3.0172748344220085e-12,1.0000174831434947,1.0000170994219513,1.000017499119415,1.000017346977744,1.0000173469777454,1.0000170994219542,1.0000170994219515
1.0000120240928574,1.0000174121029064,1.0000174121029017,1.0000174121028984,1.0000174121029,1.0000171645470908,1.0000174121028984,1.0000176770985103,1.0000171645470908,1.000017412102898,1.0000174121028989,1.0000172494544115,6.9756265668179475e-09,1.0000175076315512,1.0000171645470923,1.0000125717198007,1.0000172296722316,1.0000171645470919,1.0000174121028989,3.683611496635469e-12,1.0000171645470923,1.0000176770985107,1.000017229672233,1.0000172884487464,1.0000174121028984,1.000017546421129,1.0000171645470906,1.0000171645470912,1.0330931216732282e-08,1.000017412102899,1.000017412102898,3.517666949845875e-12,1.0000174121028986,1.0000171645470919,1.0000174121028993,1.0000174121029024,1.0000174121029,1.0000174121029,1.0000174121028989,1.0000178345644826,1.0000174121028986,1.000017677098511,1.0000174121028984,1.0000171645470906,3.2895793882786353e-12,1.0000173122817533,1.0000178176737957,1.0000174121028989,1.0000176770985099,1.0000174915152102,2.978326613798335e-12,1.0000174121028989,3.846584057028805e-12,1.0000174121028997,1.0000174121028997,1.0000172668954561,1.0000174121028993,1.0000173285629295,1.0000171645470926,1.0000174121028986,1.0000175395847686,1.0000171645470912,1.000017412102899,1.0000174121028989,1.0000174121028989,1.0000174121028989,1.0000174121029,1.0000174121028995,3.062208936767306e-12,3.6009554259581193e-12,1.0000171645470912,1.0000174121028984,1.000017412102899,1.000017412102899,1.0000174121029006,1.0000174121028984,1.0000174121028984,1.0000174121028984,1.0000174121028984,1.0000174121028993,1.0000175642445788,1.0000177465443483,1.0000174121028977,1.0000174121028993,1.0000172668954574,1.0000174121029,1.0000174121028995,1.000017412102899,1.0000174121028984,1.0000171645470912,1.1161180017466965e-08,1.000017412102899,1.2212224749929812e-08,1.0545355854210774e-08,1.0000174121029,1.0000171645470908,1.0000176770985103,1.0000171645470917,1.0000174121028986,3.0172751049570974e-12,1.000017548268657,1.0000171645470899,1.0000175642445783,1.0000174121028989,1.0000174121029,1.0000171645470917,1.00001716454709
1.0000120240928603,1.0000174121029035,1.000017412102898,1.0000174121028957,1.000017412102898,1.000017164547088,1.000017412102896,1.0000176770985076,1.0000171645470886,1.0000174121028964,1.0000174121028973,1.0000172494544104,6.975626566817985e-09,1.0000175076315485,1.0000171645470886,1.0000172296722316,1.0000125717197934,1.0000171645470906,1.0000174121028964,3.683611488818045e-12,1.000017164547089,1.000017677098508,1.00001722967223,1.0000172884487422,1.000017412102896,1.0000175464211256,1.0000171645470874,1.000017164547088,1.0330931216732346e-08,1.0000174121028966,1.000017412102896,3.5176667726389778e-12,1.0000174121028966,1.0000171645470888,1.000017412102898,1.0000174121028984,1.0000174121028977,1.0000174121028973,1.0000174121028966,1.000017834564481,1.0000174121028966,1.000017677098507,1.0000174121028964,1.0000171645470879,3.289579304730925e-12,1.0000173122817513,1.0000178176737935,1.000017412102896,1.0000176770985065,1.0000174915152067,2.9783266026254926e-12,1.000017412102897,3.846584341717e-12,1.0000174121028973,1.0000174121028973,1.0000172668954548,1.000017412102898,1.0000173285629264,1.0000171645470906,1.0000174121028964,1.0000175395847677,1.0000171645470879,1.0000174121028966,1.000017412102897,1.000017412102897,1.0000174121028973,1.0000174121028977,1.0000174121028975,3.0622088759479053e-12,3.600955462098593e-12,1.0000171645470879,1.0000174121028966,1.000017412102896,1.0000174121028966,1.0000174121028973,1.0000174121028966,1.0000174121028966,1.0000174121028966,1.0000174121028966,1.0000174121028964,1.0000175642445766,1.000017746544345,1.0000174121028962,1.0000174121028973,1.0000172668954543,1.0000174121028975,1.0000174121028975,1.0000174121028966,1.0000174121028966,1.0000171645470879,1.116118001746702e-08,1.0000174121028973,1.2212224749929844e-08,1.0545355854210724e-08,1.0000174121028964,1.0000171645470879,1.0000176770985094,1.000017164547089,1.0000174121028964,3.0172750550652294e-12,1.000017548268656,1.000017164547088,1.0000175642445757,1.0000174121028973,1.0000174121028973,1.0000171645470888,1.000017164547087
1.0000119589680803,1.0000173469777522,1.0000173469777467,1.0000173469777447,1.0000173469777467,1.0000170994219542,1.0000173469777458,1.0000176119733393,1.0000170994219542,1.000017346977745,1.000017346977745,1.000017184329269,3.496365040529308e-12,1.0000174425063924,1.0000170994219542,1.0000171645470919,1.0000171645470906,1.0000124414695166,1.0000173469777451,3.683611386816977e-12,1.000017099421955,1.0000176119733395,1.0000171645470912,1.0000172233235993,1.000017346977744,1.0000174812959661,1.0000170994219522,1.000017099421953,1.0330930469776047e-08,1.0000173469777451,1.0000173469777438,3.517666487290514e-12,1.0000173469777458,1.000017099421954,1.0000173469777462,1.0000173469777478,1.0000173469777454,1.0000173469777458,1.000017346977746,1.0000177694393042,1.000017346977746,1.000017611973339,1.0000173469777438,1.000017099421953,3.289578997291627e-12,1.0000172471566084,1.0000177525486167,1.0000173469777458,1.0000176119733384,1.000017426390053,2.97832643692087e-12,1.000017346977745,3.846584086994971e-12,1.0000173469777458,1.0000173469777454,1.0000172017703133,1.0000173469777456,1.0000172634377817,1.000017099421955,1.0000173469777447,1.0000174744596102,1.000017099421953,1.0000173469777451,1.000017346977745,1.000017346977745,1.0000173469777454,1.0000173469777454,1.000017346977746,3.062208500997904e-12,3.600955066243717e-12,1.000017099421953,1.0000173469777458,1.0000173469777454,1.0000173469777451,1.0000173469777454,1.0000173469777458,1.000017346977746,1.000017346977746,1.0000173469777462,1.000017346977745,1.0000174991194157,1.000017681419174,1.0000173469777458,1.0000173469777462,1.0000172017703135,1.0000173469777465,1.000017346977746,1.0000173469777451,1.000017346977746,1.000017099421953,1.1161179215481419e-08,1.0000173469777454,1.221222387582345e-08,1.0545355092088527e-08,1.0000173469777454,1.0000170994219542,1.0000176119733406,1.0000170994219537,1.0000173469777438,3.017274909447228e-12,1.0000174831434956,1.0000170994219533,1.0000174991194157,1.000017346977745,1.0000173469777454,1.0000170994219546,1.0000170994219513
1.0000122065225028,1.0000175945336045,1.000017594533599,1.0000175945335972,1.0000175945335983,1.0000173469777438,1.000017594533598,1.0000178595292555,1.000017346977743,1.0000175945335978,1.000017594533598,1.0000174318850805,3.4963659550275707e-12,1.0000176900622673,1.0000173469777436,1.0000174121028989,1.0000174121028964,1.0000173469777451,1.0000129365811605,3.6836122454159435e-12,1.0000173469777447,1.000017859529257,1.0000174121028973,1.00001747087942,1.0000175945335972,1.0000177288518504,1.000017346977742,1.0000173469777431,5.178132474339022e-12,1.0000175945335974,1.000017594533597,3.5176675369422263e-12,1.0000175945335978,1.0000173469777438,1.0000175945335987,1.0000175945336,1.0000175945335987,1.0000175945335978,1.0000175945335978,1.000018016995258,1.0000175945335978,1.0000178595292557,1.0000175945335965,1.0000173469777431,3.2895800559603636e-12,1.0000174947124343,1.0000180001045678,1.0000175945335972,1.000017859529255,1.0000176739459232,2.9783271878366022e-12,1.0000175945335983,3.846585325934797e-12,1.000017594533598,1.0000175945335985,1.000017449326128,1.000017594533598,1.000017510993612,1.0000173469777454,1.0000175945335978,1.0000177220154916,1.0000173469777427,1.0000175945335974,1.000017594533598,1.0000175945335983,1.0000175945335978,1.0000175945335987,1.0000175945335978,3.0622094460987967e-12,3.600956116088542e-12,1.0000173469777425,1.0000175945335978,1.0000175945335978,1.0000175945335974,1.0000175945335978,1.0000175945335978,1.0000175945335978,1.0000175945335978,1.0000175945335978,1.0000175945335978,1.0000177466753037,1.0000179289751057,1.0000175945335978,1.0000175945335992,1.0000174493261287,1.0000175945335983,1.0000175945335978,1.0000175945335974,1.0000175945335978,1.0000173469777425,5.5942749465898835e-12,1.0000175945335978,6.121086084545337e-12,5.2856077060251234e-12,1.0000175945335978,1.0000173469777438,1.0000178595292568,1.0000173469777442,1.0000175945335963,3.017275727075501e-12,1.0000177306993803,1.0000173469777438,1.000017746675303,1.0000175945335978,1.0000175945335978,1.0000173469777447,1.0000173469777416
