1.0000000023111706,3.831732575826881e-07,3.831203591286906e-07,1.0000027613760656,1.0000027613760694,1.00000276137607,3.831159428802001e-07,1.0000027784545849,1.0000027613760691,3.839422699908909e-07,3.834674687927741e-07,3.8311594379408937e-07,1.0000027613760696,1.0000027613760705,3.833111014792993e-07,3.8353707568869224e-07,1.000002761376073,1.0000027613760696,3.8313654197501515e-07,3.8317323717326387e-07,3.8314189788442715e-07,1.0000027613760687,1.0000027613760663,3.831926613900317e-07,1.0000027613760725,3.8315156678421995e-07,1.0000027613760694,1.0000027613760691,3.833818426456706e-07,1.0000027613760714,1.000002761376072,3.834674674484692e-07,3.834475516969204e-07,3.8335512837463523e-07,1.0000027613760718,3.831203627119272e-07,3.8324842282243483e-07,3.831345375360274e-07,1.000002761376072,3.83117826895681e-07,3.831159437834591e-07,1.000002393208509,1.0000027613760711,1.00000276137607,3.831227775543846e-07,1.0000027613760705,3.831365423620661e-07,3.8324117079250784e-07,3.8338788436168735e-07,1.0000027613760707,3.8311182254479384e-07,3.831345377869803e-07,3.8319266139928625e-07,3.8314727638412934e-07,3.8312036080151804e-07,1.000002761376069,1.0000027613760705,3.831534051631099e-07,1.0000027613760698,3.831203627137153e-07,1.0000027613760751,3.8312036169525353e-07,3.8314189917953915e-07,1.0000027613760738,3.833673423493486e-07,1.0000027613760691,3.831418984469098e-07,3.831418978695194e-07,3.8331109991188245e-07,3.8317323647875223e-07,3.831418983944674e-07,1.0000027613760676,3.83537071759406e-07,3.8331109968943577e-07,3.833878858683442e-07,3.831365423340604e-07
3.831732575826881e-07,3.0935181204945964e-07,-4.1459108180657923e-16,1.1505236817996806e-11,1.1505236805860643e-11,1.1505236816350838e-11,3.763878811737695e-16,1.1505373690254834e-11,1.150523682596648e-11,3.555973434623115e-16,-2.0539533896372573e-14,3.7637908863937427e-16,1.1505236815954651e-11,1.1505236815406712e-11,6.695797040961427e-12,-1.3471365776351733e-15,1.150523680030202e-11,1.1505236810208885e-11,2.5692773437177483e-17,6.481634086886206e-13,-2.658981342052546e-16,1.1505236816350838e-11,1.1505236812580596e-11,1.0828446883505223e-13,1.1505236822822473e-11,4.841570540879159e-16,1.1505236815488014e-11,1.150523682596648e-11,2.014578419461237e-14,1.15052368102089e-11,1.1505236825959945e-11,-2.053953033090613e-14,-1.3051801358670282e-15,1.77446992836067e-14,1.1505236821264197e-11,-4.1458768110853606e-16,2.6788041313295755e-15,9.463064999148602e-16,1.1505236821264209e-11,-1.6316330756351752e-16,3.7637908863937427e-16,2.292776612300163e-08,1.1505236821264209e-11,1.1505236817337243e-11,-1.840191062428074e-15,1.150523682341581e-11,2.5663787117584533e-17,7.064625553021456e-16,-9.011778942344543e-12,1.1505236822822473e-11,-8.404655071451001e-16,9.46349595108026e-16,1.0828446883922334e-13,-1.897803030136195e-15,-4.1458299332098414e-16,1.1505236818095776e-11,1.1505236821264197e-11,-6.45344797194116e-16,1.1505236815920586e-11,-4.145748438662344e-16,1.1505236821264209e-11,-4.145748438662344e-16,-2.658659742029253e-16,1.1505236822611214e-11,1.9340233204055785e-14,1.1505236815920644e-11,-2.6584942738330087e-16,-2.658764873233712e-16,6.695797040944915e-12,6.481634086841474e-13,-2.6585386130914e-16,1.15052368102089e-11,-1.3471365776351733e-15,6.695797040971197e-12,-9.01177894233005e-12,2.5701545355430602e-17
3.831203591286906e-07,-4.1459108180657923e-16,3.0935182125343405e-07,1.1479422766703085e-11,1.1479422768033232e-11,1.1479422757144617e-11,-2.8181550832219864e-16,1.1479414099360453e-11,1.1479422782133159e-11,-2.2637256847362743e-13,1.0183028030338112e-14,-2.818039808410894e-16,1.1479422782133159e-11,1.1479422760448432e-11,-6.334357796823225e-16,2.3149347774599447e-15,1.1479422768033232e-11,1.1479422753492686e-11,2.389781778785455e-17,-4.1459122081180505e-16,1.729653558215612e-16,1.1479422768033232e-11,1.1479422768386926e-11,6.077543884411562e-17,1.1479422755247605e-11,-8.814415165890126e-13,1.1479422760448432e-11,1.1479422768386926e-11,-1.2037131598123862e-14,1.1479422760476452e-11,1.1479422751939272e-11,1.0182985408554262e-14,3.1424495454472018e-15,-1.0566865942134355e-14,1.1479422768386926e-11,6.577531358999049e-13,-3.353802200150975e-15,-1.462694187006033e-12,1.1479422753492686e-11,3.9161492050989334e-13,-2.8181807712868013e-16,2.2874868655439864e-08,1.1479422744822206e-11,1.1479422768386926e-11,2.5572765527069795e-12,1.1479422757144617e-11,2.3881653567283323e-17,-2.0789501984611713e-12,8.971066719231103e-16,1.1479422748967855e-11,1.6744452137337563e-12,-1.4626941870106012e-12,6.075974034249891e-17,1.1213199497708024e-15,6.57753135895493e-13,1.1479422768386926e-11,1.147942276405079e-11,3.74471236476899e-13,1.1479422776680864e-11,6.577531358967603e-13,1.1479422786348105e-11,6.577531359186614e-13,1.7295659728433763e-16,1.1479422760448432e-11,-1.1504937245917813e-14,1.1479422776680864e-11,1.7294937285847505e-16,1.729609858626276e-16,-6.334409878735916e-16,-4.1457484384955204e-16,1.7294905307376524e-16,1.1479422748967855e-11,2.3149347774599447e-15,-6.334401908902363e-16,8.970683664176029e-16,2.393492638817527e-17
1.0000027613760656,1.1505236817996806e-11,1.1479422766703085e-11,1.000002884161193,1.000002574810045,1.0000025748100452,1.1476643929033938e-11,1.0000025918886353,1.000002574810044,1.189154596163427e-11,1.1659644083919956e-11,1.1476643530986161e-11,1.000002574810046,1.000002574810047,1.1577909247836981e-11,1.169106385838866e-11,1.0000025748100474,1.000002574810045,1.1487278640245736e-11,1.1505226234263174e-11,1.1490063736836035e-11,1.0000025748100443,1.0000025748100427,1.1515539322541305e-11,1.0000025748100467,1.1494340611151783e-11,1.0000025748100452,1.000002574810045,1.160129869819117e-11,1.0000025748100467,1.0000025748100467,1.1659644015976318e-11,1.1647388454054897e-11,1.1589010487609503e-11,1.0000025748100454,1.1479423715254848e-11,1.1539766979025436e-11,1.1485562188360174e-11,1.0000025748100456,1.1478053267028844e-11,1.1476643704022843e-11,1.0000022066420664,1.0000025748100452,1.0000025748100454,1.1481413101217156e-11,1.0000025748100465,1.1487278752428772e-11,1.1538602665296766e-11,1.1609651246364237e-11,1.000002574810046,1.147568113431238e-11,1.1485562112690029e-11,1.1515539430254412e-11,1.1493442262653418e-11,1.1479423624381955e-11,1.000002574810044,1.0000025748100456,1.1495696892162313e-11,1.0000025748100452,1.1479423684352031e-11,1.0000025748100492,1.1479424091892154e-11,1.1490064597161773e-11,1.0000025748100483,1.1594451715856868e-11,1.000002574810045,1.14900642410063e-11,1.1490063799751505e-11,1.1577908989217347e-11,1.1505226094947385e-11,1.1490063842645936e-11,1.000002574810044,1.1691061898315821e-11,1.1577909361044295e-11,1.1609651476324768e-11,1.1487278386929877e-11
1.0000027613760694,1.1505236805860643e-11,1.1479422768033232e-11,1.000002574810045,1.0000028841611988,1.0000025748100483,1.1476643910742121e-11,1.0000025918886386,1.0000025748100476,1.18915459610687e-11,1.1659644083878794e-11,1.147664352812454e-11,1.0000025748100483,1.0000025748100485,1.1577909238792113e-11,1.1691063839945897e-11,1.0000025748100505,1.0000025748100483,1.1487278636079744e-11,1.1505226226307868e-11,1.149006374839558e-11,1.0000025748100476,1.0000025748100452,1.1515539333275703e-11,1.0000025748100505,1.1494340627276612e-11,1.0000025748100483,1.0000025748100483,1.1601298698639395e-11,1.000002574810049,1.0000025748100485,1.1659644030296504e-11,1.1647388476826076e-11,1.1589010467299324e-11,1.0000025748100487,1.147942371829086e-11,1.153976702706787e-11,1.1485562177632268e-11,1.0000025748100498,1.147805327061681e-11,1.147664369397077e-11,1.0000022066420693,1.0000025748100483,1.0000025748100485,1.1481413099740568e-11,1.000002574810049,1.1487278748962916e-11,1.1538602672269212e-11,1.1609651234395738e-11,1.0000025748100483,1.147568113894165e-11,1.1485562125981408e-11,1.1515539413935001e-11,1.149344227727241e-11,1.1479423577696636e-11,1.0000025748100472,1.000002574810049,1.1495696882443335e-11,1.0000025748100485,1.147942366171911e-11,1.0000025748100527,1.1479424072304688e-11,1.1490064597161773e-11,1.0000025748100512,1.1594451742411728e-11,1.0000025748100483,1.1490064267145747e-11,1.1490063793328929e-11,1.157790893513851e-11,1.1505226109415779e-11,1.1490063842645936e-11,1.0000025748100465,1.1691061917738981e-11,1.1577909368776486e-11,1.1609651478783468e-11,1.1487278387375773e-11
1.00000276137607,1.1505236816350838e-11,1.1479422757144617e-11,1.0000025748100452,1.0000025748100483,1.0000028841611992,1.1476643939647693e-11,1.0000025918886395,1.0000025748100485,1.1891545987711047e-11,1.1659644072778064e-11,1.1476643527393126e-11,1.0000025748100487,1.0000025748100494,1.1577909251021643e-11,1.1691063841240628e-11,1.0000025748100514,1.0000025748100485,1.148727864116383e-11,1.15052261841426e-11,1.149006374710649e-11,1.0000025748100476,1.0000025748100452,1.1515539325942809e-11,1.000002574810051,1.1494340622561234e-11,1.000002574810049,1.0000025748100485,1.160129869853991e-11,1.0000025748100494,1.0000025748100503,1.1659644020305208e-11,1.1647388476826076e-11,1.1589010487609503e-11,1.0000025748100492,1.147942371829086e-11,1.1539767026876123e-11,1.1485562191135515e-11,1.00000257481005,1.147805327061681e-11,1.1476643701974296e-11,1.0000022066420697,1.0000025748100483,1.0000025748100487,1.1481413101217156e-11,1.0000025748100494,1.148727877789785e-11,1.1538602683737216e-11,1.1609651249247472e-11,1.0000025748100487,1.1475681137887527e-11,1.1485562118716016e-11,1.1515539413935001e-11,1.1493442253822137e-11,1.147942357769665e-11,1.0000025748100472,1.0000025748100498,1.1495696894908899e-11,1.0000025748100485,1.1479423684352031e-11,1.0000025748100532,1.1479424072304688e-11,1.149006458456737e-11,1.0000025748100514,1.1594451702085477e-11,1.0000025748100485,1.1490064266305302e-11,1.1490063807025657e-11,1.1577908989597908e-11,1.150522610887609e-11,1.1490063836606634e-11,1.0000025748100467,1.1691061931866601e-11,1.1577909334793713e-11,1.1609651476324768e-11,1.1487278387375773e-11
3.831159428802001e-07,3.763878811737695e-16,-2.8181550832219864e-16,1.1476643929033938e-11,1.1476643910742121e-11,1.1476643939647693e-11,3.0935149600690864e-07,1.1476619051687987e-11,1.147664392643006e-11,1.4104677271074903e-14,-6.282476273951331e-15,3.31725445430589e-13,1.1476643910742121e-11,1.147664393191526e-11,4.388697898753514e-15,-1.9589839114664374e-15,1.1476643909660129e-11,1.147664393191526e-11,-1.3498629692736948e-13,3.763878811737695e-16,-3.1639437948765483e-13,1.1476643925784125e-11,1.1476643925784125e-11,-5.0217498932365955e-17,1.147664393191526e-11,3.1618799276432607e-16,1.147664393191526e-11,1.1476643919369891e-11,8.290960062730742e-15,1.1476643921749716e-11,1.1476643923874581e-11,-6.2825127906068296e-15,-2.6919721861306442e-15,7.246582196297605e-15,1.1476643929033938e-11,-2.818204986592571e-16,2.947469160492751e-15,1.0268420543745306e-12,1.147664393191526e-11,-2.103484450609543e-16,3.317254454399633e-13,2.2870452897050833e-08,1.147664393191526e-11,1.147664393191526e-11,-9.840667770089187e-16,1.1476643929033938e-11,-1.349862969264659e-13,9.771079268913183e-16,-5.429876540539245e-15,1.147664393191526e-11,-7.31267117502718e-16,1.026842054370074e-12,-5.02530457584283e-17,-1.6539726242987417e-12,-2.8181550832219864e-16,1.147664392643006e-11,1.147664393191526e-11,-1.225604784800652e-16,1.1476643925784125e-11,-2.818204986592571e-16,1.147664393191526e-11,-2.818204986592571e-16,-3.1639437944238547e-13,1.147664393191526e-11,7.9003699281709e-15,1.1476643923874581e-11,-3.1639437945896695e-13,-3.1639437948244285e-13,4.3887429578632194e-15,3.763878811737695e-16,-3.163943794788343e-13,1.147664393191526e-11,-1.959001367540934e-15,4.388766961178523e-15,-5.429848023714588e-15,-1.3498629694182078e-13
1.0000027784545849,1.1505373690254834e-11,1.1479414099360453e-11,1.0000025918886353,1.0000025918886386,1.0000025918886395,1.1476619051687987e-11,1.0000029183182109,1.00000259188864,2.3696399552517547e-08,1.1664718616900418e-11,1.1476618653168735e-11,1.0000025918886408,1.0000025918886415,1.1577369942574917e-11,1.1690053829186455e-11,1.000002591888642,1.0000025918886395,1.1487232067475617e-11,1.1505363121509503e-11,1.1490086110246508e-11,1.0000025918886395,1.0000025918886364,1.1515458833206852e-11,1.0000025918886428,1.1494380699153756e-11,1.0000025918886388,1.000002591888639,1.1598046951370132e-11,1.0000025918886408,1.0000025918886408,1.166471856099809e-11,1.1645689725569077e-11,1.1586111364573298e-11,1.0000025918886397,1.1479415072948706e-11,1.154081663841182e-11,1.148553890942726e-11,1.0000025918886424,1.1477986169591977e-11,1.147661880310443e-11,1.0000022237205823,1.000002591888639,1.00000259188864,1.1481546477188478e-11,1.0000025918886408,1.1487232182393096e-11,1.153902258902224e-11,1.1610477449979734e-11,1.0000025918886397,1.1475523714842929e-11,1.1485538837353089e-11,1.1515458937149224e-11,1.1493743407684569e-11,1.147941493444143e-11,1.000002591888638,1.0000025918886404,1.1495951523934489e-11,1.0000025918886395,1.1479415028611792e-11,1.0000025918886444,1.1479415421306643e-11,1.1490086975190137e-11,1.0000025918886428,1.1591285538931345e-11,1.0000025918886386,1.1490086631907166e-11,1.1490086173561513e-11,1.1577369676509288e-11,1.1505362973190073e-11,1.1490086207196365e-11,1.0000025918886377,1.1690051935557493e-11,1.1577370072202852e-11,1.1610477738005644e-11,1.1487231807224347e-11
1.0000027613760691,1.150523682596648e-11,1.1479422782133159e-11,1.000002574810044,1.0000025748100476,1.0000025748100485,1.147664392643006e-11,1.00000259188864,1.0000028841611992,1.1891545984831468e-11,1.1659644100283104e-11,1.1476643530986161e-11,1.0000025748100498,1.0000025748100498,1.1577909251019523e-11,1.1691063832664124e-11,1.0000025748100514,1.0000025748100483,1.1487278648573346e-11,1.1505226202053212e-11,1.1490063732279063e-11,1.0000025748100474,1.0000025748100458,1.1515539320596543e-11,1.0000025748100503,1.149434060143741e-11,1.0000025748100485,1.0000025748100476,1.1601298671414165e-11,1.0000025748100498,1.0000025748100498,1.1659644014874893e-11,1.1647388475733784e-11,1.1589010485454264e-11,1.0000025748100496,1.1479423729100933e-11,1.153976702706719e-11,1.1485562177632268e-11,1.0000025748100498,1.147805327061681e-11,1.1476643704022843e-11,1.00000220664207,1.0000025748100487,1.000002574810049,1.1481413099101545e-11,1.0000025748100498,1.1487278743414922e-11,1.153860264289134e-11,1.1609651249867422e-11,1.0000025748100498,1.1475681110517839e-11,1.1485562128870377e-11,1.1515539427228474e-11,1.149344226265682e-11,1.1479423577696636e-11,1.0000025748100472,1.0000025748100498,1.1495696894908899e-11,1.0000025748100483,1.147942366171911e-11,1.000002574810053,1.1479424089589476e-11,1.1490064609819229e-11,1.0000025748100523,1.1594451715241137e-11,1.0000025748100476,1.1490064237296132e-11,1.1490063793328929e-11,1.1577908988612004e-11,1.1505226076011589e-11,1.1490063848554179e-11,1.0000025748100472,1.1691061930270525e-11,1.1577909381311074e-11,1.1609651504966106e-11,1.1487278402989841e-11
3.839422699908909e-07,3.555973434623115e-16,-2.2637256847362743e-13,1.189154596163427e-11,1.18915459610687e-11,1.1891545987711047e-11,1.4104677271074903e-14,2.3696399552517547e-08,1.1891545984831468e-11,3.0935066276564957e-07,6.2913827675406595e-15,1.4104677243837804e-14,1.1891545974316474e-11,1.189154596674502e-11,1.2908754590597865e-15,-2.3077685571743053e-15,1.1891545980664438e-11,1.1891545987711047e-11,-1.0618918843127192e-16,3.555824343357005e-16,-2.2195197551479245e-17,1.1891545975952337e-11,1.1891545987167798e-11,-1.4665108265380303e-16,1.1891545993373725e-11,3.307109056554778e-13,1.1891545961101174e-11,1.1891545987083846e-11,-2.5946685169705192e-15,1.1891545974776733e-11,1.1891545998995161e-11,6.2913827675406595e-15,-3.674508425883315e-15,-2.3652822919971923e-15,1.1891545987083846e-11,-2.2637256840892526e-13,2.7360168351991748e-15,2.528707766643508e-13,1.1891545974686688e-11,-3.760854286645082e-13,1.4104677253583202e-14,2.3696778251562895e-08,1.189154596674502e-11,1.189154596139444e-11,-2.32097032389812e-13,1.1891545987083846e-11,-1.061946287410197e-16,2.0547917006370253e-12,-1.3276532136091897e-15,1.1891545974626717e-11,-1.0217940796936497e-12,2.528707766596641e-13,-1.4667110674932536e-16,2.0913554511019026e-16,-2.263725684134933e-13,1.1891545987711047e-11,1.1891545974776733e-11,7.38203126979096e-13,1.1891545987083846e-11,-2.2637256841221414e-13,1.1891545974776733e-11,-2.2637256838945317e-13,-2.2208853850692814e-17,1.1891545961101174e-11,-2.5854698414283378e-15,1.189154596674502e-11,-2.2145440615161497e-17,-2.216874193743264e-17,1.2908699063094762e-15,3.5558845350263926e-16,-2.2208853850692814e-17,1.1891545980664438e-11,-2.3077764523926952e-15,1.290880448274347e-15,-1.3276761566137659e-15,-1.0619335397006416e-16
3.834674687927741e-07,-2.0539533896372573e-14,1.0183028030338112e-14,1.1659644083919956e-11,1.1659644083878794e-11,1.1659644072778064e-11,-6.282476273951331e-15,1.1664718616900418e-11,1.1659644100283104e-11,6.2913827675406595e-15,3.0930327035233257e-07,-6.282476273951331e-15,1.1659644080134256e-11,1.1659644072778064e-11,-8.810168981969158e-15,1.2876133301694706e-13,1.1659644083919956e-11,1.1659644062035392e-11,3.809799160966516e-15,-2.0539555705740618e-14,3.774332050402684e-15,1.1659644062035392e-11,1.1659644072778064e-11,6.649949732451264e-15,1.1659644084127391e-11,-1.4985150645120048e-14,1.1659644062035392e-11,1.1659644062035392e-11,-1.4308049243493958e-13,1.1659644070628185e-11,1.1659644066699209e-11,-4.79201629740269e-11,1.9483051578502697e-13,-1.2271543173686316e-13,1.1659644080134256e-11,1.0182982708670798e-14,-3.23013916067712e-10,-1.9376979130919523e-14,1.1659644066699209e-11,1.0073393925847865e-14,-6.2824798241789815e-15,2.3221977518640024e-08,1.1659644077579903e-11,1.1659644095842585e-11,2.878426510183972e-14,1.1659644072778064e-11,3.809768975358744e-15,-1.1246382463033823e-10,4.02435442553004e-15,1.1659644083650348e-11,3.4192114422232323e-14,-1.9376975925886562e-14,6.649953695555054e-15,1.3788645521852818e-14,1.0182985424926352e-14,1.1659644093444516e-11,1.1659644073309363e-11,-1.0149152239031253e-14,1.1659644084127391e-11,1.0182985424926352e-14,1.1659644100283102e-11,1.0182982708670798e-14,3.774336749170534e-15,1.1659644062035392e-11,-1.330864258731607e-13,1.165964408340536e-11,3.774332050402684e-15,3.774336346522221e-15,-8.810246664808723e-15,-2.0539450364435507e-14,3.774332050402684e-15,1.1659644092102202e-11,1.2876133301694706e-13,-8.810096180295533e-15,4.024182426038206e-15,3.8098428933698985e-15
3.8311594379408937e-07,3.7637908863937427e-16,-2.818039808410894e-16,1.1476643530986161e-11,1.147664352812454e-11,1.1476643527393126e-11,3.31725445430589e-13,1.1476618653168735e-11,1.1476643530986161e-11,1.4104677243837804e-14,-6.282476273951331e-15,3.0935149600690864e-07,1.1476643525532351e-11,1.1476643527393126e-11,4.388754960385492e-15,-1.9590013675381543e-15,1.1476643530986161e-11,1.147664352812454e-11,-1.3498629695368676e-13,3.763878811737695e-16,-3.1639437951397835e-13,1.1476643520568705e-11,1.147664352812454e-11,-5.023167520679089e-17,1.1476643520568705e-11,3.1620304675510595e-16,1.1476643530986161e-11,1.1476643520568705e-11,8.290969884339958e-15,1.1476643523379578e-11,1.1476643537464713e-11,-6.282481370682239e-15,-2.692015234034312e-15,7.246578838818832e-15,1.1476643515676693e-11,-2.8181550832219864e-16,2.9474860222504297e-15,1.0268420543482492e-12,1.1476643515607242e-11,-2.1036189754084023e-16,3.317254454136963e-13,2.2870452099635285e-08,1.1476643520524294e-11,1.1476643530986161e-11,-9.840564061906005e-16,1.1476643519513255e-11,-1.3498629695278368e-13,9.77113131126468e-16,-5.429839748895514e-15,1.147664352702621e-11,-7.312375453239043e-16,1.0268420543437924e-12,-5.019157393091053e-17,-1.6539726243250705e-12,-2.8183705835287613e-16,1.1476643530986161e-11,1.147664353267379e-11,-1.225826803411743e-16,1.1476643520524294e-11,-2.818440553000111e-16,1.147664352276505e-11,-2.818175300898615e-16,-3.1639437946870935e-13,1.1476643526477943e-11,7.9003699281709e-15,1.1476643515279297e-11,-3.1639437948529113e-13,-3.1639437950876596e-13,4.388739720533979e-15,3.763872616845653e-16,-3.163943795051586e-13,1.147664352702621e-11,-1.9589999958270186e-15,4.388736820233591e-15,-5.429878904347964e-15,-1.3498629696813779e-13
1.0000027613760696,1.1505236815954651e-11,1.1479422782133159e-11,1.000002574810046,1.0000025748100483,1.0000025748100487,1.1476643910742121e-11,1.0000025918886408,1.0000025748100498,1.1891545974316474e-11,1.1659644080134256e-11,1.1476643525532351e-11,1.0000028841612012,1.000002574810051,1.157790924632693e-11,1.1691063839945897e-11,1.0000025748100523,1.0000025748100485,1.148727864116383e-11,1.1505226182949205e-11,1.1490063716301205e-11,1.0000025748100483,1.000002574810047,1.1515539317373481e-11,1.0000025748100518,1.1494340611151783e-11,1.0000025748100498,1.0000025748100483,1.1601298700940975e-11,1.0000025748100507,1.000002574810051,1.1659644032315773e-11,1.1647388462520244e-11,1.1589010463811208e-11,1.0000025748100494,1.1479423727409116e-11,1.1539767021959646e-11,1.148556219113549e-11,1.0000025748100514,1.1478053287244319e-11,1.1476643685224194e-11,1.0000022066420717,1.0000025748100487,1.0000025748100498,1.1481413122174855e-11,1.0000025748100514,1.148727877466988e-11,1.1538602672134747e-11,1.1609651249867422e-11,1.0000025748100498,1.147568112950774e-11,1.1485562136689101e-11,1.15155394081392e-11,1.149344227727241e-11,1.1479423634081952e-11,1.0000025748100483,1.000002574810051,1.1495696867686394e-11,1.0000025748100485,1.147942368453067e-11,1.000002574810054,1.147942409407532e-11,1.149006457006021e-11,1.0000025748100532,1.1594451711520842e-11,1.0000025748100483,1.149006424741171e-11,1.1490063799751505e-11,1.1577908970271381e-11,1.1505226108931511e-11,1.1490063839462726e-11,1.0000025748100483,1.1691061924114305e-11,1.1577909375711334e-11,1.1609651504966106e-11,1.1487278409311643e-11
1.0000027613760705,1.1505236815406712e-11,1.1479422760448432e-11,1.000002574810047,1.0000025748100485,1.0000025748100494,1.147664393191526e-11,1.0000025918886415,1.0000025748100498,1.189154596674502e-11,1.1659644072778064e-11,1.1476643527393126e-11,1.000002574810051,1.0000028841612012,1.1577909257320878e-11,1.1691063853450011e-11,1.000002574810053,1.0000025748100494,1.1487278629593863e-11,1.1505226194699061e-11,1.149006374839558e-11,1.0000025748100494,1.0000025748100474,1.1515539314233017e-11,1.0000025748100523,1.1494340630856269e-11,1.0000025748100505,1.0000025748100485,1.160129867173527e-11,1.0000025748100514,1.0000025748100512,1.1659644011458647e-11,1.1647388475734277e-11,1.1589010485454264e-11,1.0000025748100498,1.1479423729100933e-11,1.1539767012640473e-11,1.148556218295952e-11,1.0000025748100518,1.1478053294254224e-11,1.147664369397077e-11,1.0000022066420717,1.0000025748100485,1.0000025748100507,1.1481413105874057e-11,1.0000025748100514,1.1487278743414922e-11,1.1538602683635455e-11,1.1609651234395738e-11,1.0000025748100507,1.1475681133872335e-11,1.1485562127947647e-11,1.151553943311669e-11,1.1493442266182178e-11,1.147942357966124e-11,1.000002574810048,1.0000025748100516,1.1495696892843928e-11,1.0000025748100492,1.1479423674361069e-11,1.0000025748100547,1.1479424061172973e-11,1.149006458635087e-11,1.0000025748100536,1.1594451705396358e-11,1.0000025748100485,1.1490064261957998e-11,1.1490063786061075e-11,1.1577908970271381e-11,1.1505226079598999e-11,1.1490063837100833e-11,1.000002574810049,1.1691061941480054e-11,1.1577909350094902e-11,1.1609651498184038e-11,1.1487278389675553e-11
3.833111014792993e-07,6.695797040961427e-12,-6.334357796823225e-16,1.1577909247836981e-11,1.1577909238792113e-11,1.1577909251021643e-11,4.388697898753514e-15,1.1577369942574917e-11,1.1577909251019523e-11,1.2908754590597865e-15,-8.810168981969158e-15,4.388754960385492e-15,1.157790924632693e-11,1.1577909257320878e-11,3.088204642463485e-07,-3.560546188091771e-14,1.1577909261928108e-11,1.157790924632693e-11,1.6088286867841426e-15,6.6957970402950515e-12,1.252882324720971e-15,1.1577909257572118e-11,1.1577909245221874e-11,-5.35431126678406e-12,1.1577909262434822e-11,5.7977477504280584e-15,1.1577909246406813e-11,1.157790924632693e-11,4.0753058783365594e-14,1.15779092463804e-11,1.1577909257729798e-11,-8.810168981969158e-15,-5.65284831581185e-14,3.643691174443662e-14,1.1577909267166504e-11,-6.334753301487173e-16,3.1508343013064336e-14,7.387935380950819e-15,1.1577909267166504e-11,4.508727860937441e-16,4.388760649473029e-15,2.3065609385604815e-08,1.157790924758737e-11,1.1577909267166504e-11,-4.531043154579732e-15,1.157790924758737e-11,1.6088275877883093e-15,8.847232391035007e-15,3.282469724404197e-13,1.1577909261928108e-11,-5.0118456056222026e-15,7.387963139807511e-15,-5.354311266779618e-12,-6.823005447156344e-17,-6.334394485376647e-16,1.1577909266853447e-11,1.1577909266851723e-11,5.358440847155341e-15,1.1577909243127928e-11,-6.33428537594096e-16,1.1577909257300853e-11,-6.33475330148718e-16,1.2528632807289093e-15,1.1577909238792113e-11,3.868226717278494e-14,1.1577909245356003e-11,1.2528632807289093e-15,1.2528226201674318e-15,-5.30783142442138e-10,6.695797040291019e-12,1.2528819858761817e-15,1.157790925167153e-11,-3.5605482930395506e-14,-5.307831424421134e-10,3.282469724404197e-13,1.6088728812217885e-15
3.8353707568869224e-07,-1.3471365776351733e-15,2.3149347774599447e-15,1.169106385838866e-11,1.1691063839945897e-11,1.1691063841240628e-11,-1.9589839114664374e-15,1.1690053829186455e-11,1.1691063832664124e-11,-2.3077685571743053e-15,1.2876133301694706e-13,-1.9590013675381543e-15,1.1691063839945897e-11,1.1691063853450011e-11,-3.560546188091771e-14,3.093577892008453e-07,1.1691063835457988e-11,1.1691063838836919e-11,-1.6293135529483732e-16,-1.3471340030856357e-15,1.6443872762568836e-15,1.1691063835162516e-11,1.1691063843074851e-11,-6.502100350741543e-16,1.1691063846548855e-11,-2.3436128118105665e-15,1.1691063841240628e-11,1.1691063838836914e-11,-1.2043547717036835e-13,1.1691063846548855e-11,1.1691063846137734e-11,1.2876133301694706e-13,5.741624205745934e-13,-1.0613214037399704e-13,1.1691063846609481e-11,2.314934775892232e-15,-1.1069008795549568e-14,-5.043052330492072e-15,1.1691063846609481e-11,8.028037999125973e-16,-1.9589850048174497e-15,2.3291585264063422e-08,1.1691063835162516e-11,1.1691063846598203e-11,1.0574136853520747e-14,1.1691063851687044e-11,-1.6297588265429712e-16,-2.553416354827008e-15,4.643662275805558e-14,1.1691063839649575e-11,4.153016119610219e-15,-5.043052330350395e-15,-6.50192822430204e-16,1.1548956201210347e-14,2.314977434828973e-15,1.1691063846598203e-11,1.1691063837543533e-11,4.58956263301335e-15,1.1691063846436301e-11,2.31497701310539e-15,1.1691063846598203e-11,2.31497701310539e-15,1.644444039865676e-15,1.1691063846499107e-11,-1.1574883233550938e-13,1.1691063846609481e-11,1.6444440398663551e-15,1.6443872813183092e-15,-3.5605482930395506e-14,-1.3471123929442329e-15,1.6443872813183092e-15,1.1691063832664124e-11,3.319741806868767e-15,-3.5605420072123536e-14,4.643662275805558e-14,-1.6293135529483732e-16
1.000002761376073,1.150523680030202e-11,1.1479422768033232e-11,1.0000025748100474,1.0000025748100505,1.0000025748100514,1.1476643909660129e-11,1.000002591888642,1.0000025748100514,1.1891545980664438e-11,1.1659644083919956e-11,1.1476643530986161e-11,1.0000025748100523,1.000002574810053,1.1577909261928108e-11,1.1691063835457988e-11,1.0000028841612045,1.0000025748100505,1.1487278641721791e-11,1.1505226213474465e-11,1.1490063731118328e-11,1.000002574810051,1.0000025748100485,1.1515539328159546e-11,1.0000025748100538,1.149434062843795e-11,1.0000025748100518,1.0000025748100505,1.160129867173527e-11,1.0000025748100532,1.0000025748100523,1.1659644020305208e-11,1.164738847105748e-11,1.1589010467571536e-11,1.0000025748100514,1.1479423711386051e-11,1.1539766992705887e-11,1.1485562202113703e-11,1.000002574810053,1.1478053278729042e-11,1.1476643690689478e-11,1.0000022066420726,1.000002574810051,1.0000025748100523,1.1481413101217156e-11,1.0000025748100532,1.148727877466988e-11,1.153860268363651e-11,1.160965124915662e-11,1.0000025748100523,1.1475681134317211e-11,1.1485562128870377e-11,1.1515539413935001e-11,1.1493442257633068e-11,1.1479423624381947e-11,1.0000025748100503,1.0000025748100532,1.1495696866350519e-11,1.0000025748100505,1.1479423684354739e-11,1.0000025748100567,1.1479424061172973e-11,1.149006458635087e-11,1.0000025748100552,1.159445169758969e-11,1.000002574810051,1.1490064273997292e-11,1.1490063819102916e-11,1.1577908966107609e-11,1.1505226078989536e-11,1.1490063848554179e-11,1.0000025748100503,1.1691061908341048e-11,1.1577909368344223e-11,1.1609651502960848e-11,1.148727838877731e-11
1.0000027613760696,1.1505236810208885e-11,1.1479422753492686e-11,1.000002574810045,1.0000025748100483,1.0000025748100485,1.147664393191526e-11,1.0000025918886395,1.0000025748100483,1.1891545987711047e-11,1.1659644062035392e-11,1.147664352812454e-11,1.0000025748100485,1.0000025748100494,1.157790924632693e-11,1.1691063838836919e-11,1.0000025748100505,1.0000028841611992,1.1487278643924292e-11,1.1505226206923238e-11,1.1490063751564496e-11,1.0000025748100474,1.0000025748100452,1.1515539331646969e-11,1.0000025748100507,1.1494340634248637e-11,1.0000025748100483,1.0000025748100483,1.1601298689519697e-11,1.0000025748100492,1.0000025748100503,1.1659644014874893e-11,1.1647388475733784e-11,1.1589010467571536e-11,1.000002574810049,1.147942371829086e-11,1.1539766979025436e-11,1.1485562177632268e-11,1.0000025748100498,1.147805326437852e-11,1.147664369397077e-11,1.000002206642069,1.000002574810048,1.0000025748100485,1.148141308895478e-11,1.0000025748100485,1.148727877466988e-11,1.153860267454077e-11,1.16096512627845e-11,1.0000025748100487,1.147568112608197e-11,1.148556212925254e-11,1.1515539407965537e-11,1.149344227745078e-11,1.1479423577696636e-11,1.000002574810047,1.0000025748100492,1.1495696894908899e-11,1.0000025748100483,1.1479423694253612e-11,1.0000025748100532,1.1479424072304688e-11,1.1490064609819229e-11,1.0000025748100507,1.1594451704453747e-11,1.0000025748100483,1.14900642410063e-11,1.149006378640684e-11,1.1577908948758515e-11,1.1505226105338436e-11,1.1490063849591465e-11,1.0000025748100465,1.1691061898315821e-11,1.1577909375652369e-11,1.1609651500297384e-11,1.148727838877731e-11
3.8313654197501515e-07,2.5692773437177483e-17,2.389781778785455e-17,1.1487278640245736e-11,1.1487278636079744e-11,1.148727864116383e-11,-1.3498629692736948e-13,1.1487232067475617e-11,1.1487278648573346e-11,-1.0618918843127192e-16,3.809799160966516e-15,-1.3498629695368676e-13,1.148727864116383e-11,1.1487278629593863e-11,1.6088286867841426e-15,-1.6293135529483732e-16,1.1487278641721791e-11,1.1487278643924292e-11,3.093510903834453e-07,2.5668685486925105e-17,3.337273939920597e-14,1.148727863523368e-11,1.1487278648073309e-11,-2.306521232227494e-17,1.1487278655727083e-11,-5.161281111635806e-17,1.1487278648770184e-11,1.1487278647063926e-11,-3.105351736406156e-15,1.1487278622101001e-11,1.148727864116383e-11,3.8098428933698985e-15,-3.54170915756342e-16,-2.7572730199223e-15,1.1487278645306013e-11,2.3879990177129485e-17,1.4081329118859486e-16,-1.2219849492180778e-16,1.1487278655690179e-11,-5.668694825669397e-14,-1.3498629694426948e-13,2.2891051814293403e-08,1.148727864116383e-11,1.1487278655690179e-11,2.0659196476368322e-16,1.1487278647063926e-11,-7.481579900287813e-14,1.0611230865044911e-16,-1.8779582875715333e-15,1.1487278655690179e-11,5.9140466295697264e-18,-1.2224766423176898e-16,-2.307115120045737e-17,5.195336124021744e-13,2.3898548058901037e-17,1.1487278648573346e-11,1.1487278648573346e-11,1.2465322153184218e-16,1.1487278645306013e-11,2.3898548058901037e-17,1.1487278629589441e-11,2.393492638817527e-17,3.337273944445369e-14,1.1487278666370177e-11,-3.0004367475934383e-15,1.1487278643924292e-11,3.3372739427876375e-14,3.337273940447395e-14,1.6088533314748586e-15,2.5699306869294575e-17,3.3372739408030976e-14,1.1487278651057785e-11,-1.6297588265429712e-16,1.6088399490852256e-15,-1.877923430251771e-15,-7.48157990182481e-14
3.8317323717326387e-07,6.481634086886206e-13,-4.1459122081180505e-16,1.1505226234263174e-11,1.1505226226307868e-11,1.15052261841426e-11,3.763878811737695e-16,1.1505363121509503e-11,1.1505226202053212e-11,3.555824343357005e-16,-2.0539555705740618e-14,3.763878811737695e-16,1.1505226182949205e-11,1.1505226194699061e-11,6.6957970402950515e-12,-1.3471340030856357e-15,1.1505226213474465e-11,1.1505226206923238e-11,2.5668685486925105e-17,3.0935181204945964e-07,-2.65879349479788e-16,1.1505226207926086e-11,1.1505226198336287e-11,1.0828446816763476e-13,1.1505226205509674e-11,4.842015589238858e-16,1.1505226233106484e-11,1.1505226226307868e-11,2.0145751259185147e-14,1.15052261841426e-11,1.1505226222937017e-11,-2.0539555705740618e-14,-1.3052446729459867e-15,1.774470403710435e-14,1.1505226233106484e-11,-4.1460566083896786e-16,2.6787650354212597e-15,9.46333100003889e-16,1.1505226226307868e-11,-1.6318275448930512e-16,3.763862415889538e-16,2.2927744962462398e-08,1.1505226204497175e-11,1.1505226226307868e-11,-1.8401852081646683e-15,1.1505226191692258e-11,2.5692773437177483e-17,7.064625553021456e-16,-9.011778943012614e-12,1.1505226196591448e-11,-8.404612149925521e-16,9.463041182256576e-16,1.0828446817181005e-13,-1.8978114384750633e-15,-4.145748438662344e-16,1.1505226216076622e-11,1.1505226206923238e-11,-6.454020087257621e-16,1.1505226194658764e-11,-4.1456764306531787e-16,1.1505226190620768e-11,-4.1456764306531787e-16,-2.65870873789644e-16,1.1505226203053012e-11,1.9340266179691277e-14,1.1505226202938617e-11,-2.658659742029253e-16,-2.6588033687121675e-16,6.695797040278532e-12,6.481634080168495e-13,-2.658981342052546e-16,1.1505226214718637e-11,-1.3471160088750601e-15,6.695797040304809e-12,-9.011778942998125e-12,2.5713950311500683e-17
3.8314189788442715e-07,-2.658981342052546e-16,1.729653558215612e-16,1.1490063736836035e-11,1.149006374839558e-11,1.149006374710649e-11,-3.1639437948765483e-13,1.1490086110246508e-11,1.1490063732279063e-11,-2.2195197551479245e-17,3.774332050402684e-15,-3.1639437951397835e-13,1.1490063716301205e-11,1.149006374839558e-11,1.252882324720971e-15,1.6443872762568836e-15,1.1490063731118328e-11,1.1490063751564496e-11,3.337273939920597e-14,-2.65879349479788e-16,3.093513129420965e-07,1.1490063741496638e-11,1.1490063747862247e-11,6.78331712309326e-17,1.1490063736836035e-11,-2.657587534641417e-16,1.1490063724671538e-11,1.1490063732279063e-11,-5.393412496100213e-15,1.1490063728717449e-11,1.1490063719212402e-11,3.774332050402684e-15,2.36759064989741e-15,-4.725700158645498e-15,1.1490063735179172e-11,1.7295340020954935e-16,-2.158575289463917e-15,-4.040213226527506e-16,1.1490063739075873e-11,1.160192322461779e-16,-3.163943795045549e-13,2.2896407066305765e-08,1.1490063719212402e-11,1.149006372508952e-11,6.360941759837523e-16,1.149006374839558e-11,3.3372739400080464e-14,-6.925042388878209e-16,-1.5296842458013025e-15,1.1490063727188546e-11,4.960920029046831e-16,-4.0402190756449427e-16,6.78418078583677e-17,9.62805296421362e-13,1.7295587067192976e-16,1.1490063741205477e-11,1.1490063715722758e-11,-4.782543707624907e-18,1.1490063728717449e-11,1.7292424945185187e-16,1.1490063732279063e-11,1.7295659728433763e-16,1.4882776223505583e-13,1.1490063727188546e-11,-5.13717847058206e-15,1.1490063727188546e-11,1.4882776221846105e-13,1.488277621950798e-13,1.2528717425456298e-15,-2.6588021207464477e-16,1.4882776219863048e-13,1.1490063715757768e-11,1.6443713680560439e-15,1.252882324720971e-15,-1.5297044458623699e-15,3.3372739384710354e-14
1.0000027613760687,1.1505236816350838e-11,1.1479422768033232e-11,1.0000025748100443,1.0000025748100476,1.0000025748100476,1.1476643925784125e-11,1.0000025918886395,1.0000025748100474,1.1891545975952337e-11,1.1659644062035392e-11,1.1476643520568705e-11,1.0000025748100483,1.0000025748100494,1.1577909257572118e-11,1.1691063835162516e-11,1.000002574810051,1.0000025748100474,1.148727863523368e-11,1.1505226207926086e-11,1.1490063741496638e-11,1.0000028841611972,1.0000025748100456,1.1515539314312985e-11,1.00000257481005,1.1494340636014144e-11,1.000002574810048,1.0000025748100476,1.160129870539695e-11,1.000002574810049,1.0000025748100487,1.1659644032315773e-11,1.164738847105748e-11,1.1589010487630947e-11,1.0000025748100492,1.1479423717372637e-11,1.1539767021169319e-11,1.148556219483447e-11,1.0000025748100498,1.1478053291904549e-11,1.1476643691365638e-11,1.0000022066420697,1.0000025748100476,1.0000025748100494,1.1481413101217156e-11,1.0000025748100492,1.1487278767912507e-11,1.153860266813983e-11,1.1609651246795701e-11,1.0000025748100485,1.1475681135850497e-11,1.1485562125981408e-11,1.1515539436404753e-11,1.1493442255485387e-11,1.1479423590660933e-11,1.0000025748100467,1.000002574810049,1.1495696882443335e-11,1.0000025748100476,1.1479423691683095e-11,1.0000025748100518,1.1479424070096402e-11,1.1490064572705687e-11,1.0000025748100516,1.159445171698483e-11,1.0000025748100478,1.1490064261957998e-11,1.1490063786061075e-11,1.1577908970271381e-11,1.1505226068841697e-11,1.1490063850296318e-11,1.0000025748100467,1.1691061919945069e-11,1.1577909339858231e-11,1.1609651502111093e-11,1.1487278402989841e-11
1.0000027613760663,1.1505236812580596e-11,1.1479422768386926e-11,1.0000025748100427,1.0000025748100452,1.0000025748100452,1.1476643925784125e-11,1.0000025918886364,1.0000025748100458,1.1891545987167798e-11,1.1659644072778064e-11,1.147664352812454e-11,1.000002574810047,1.0000025748100474,1.1577909245221874e-11,1.1691063843074851e-11,1.0000025748100485,1.0000025748100452,1.1487278648073309e-11,1.1505226198336287e-11,1.1490063747862247e-11,1.0000025748100456,1.0000028841611925,1.1515539328159546e-11,1.0000025748100478,1.149434062843795e-11,1.0000025748100467,1.0000025748100452,1.1601298694803386e-11,1.0000025748100474,1.0000025748100476,1.1659644014180845e-11,1.1647388475733511e-11,1.1589010479391662e-11,1.0000025748100456,1.1479423710137167e-11,1.1539766979025436e-11,1.1485562191670864e-11,1.0000025748100474,1.1478053291904538e-11,1.147664368950644e-11,1.0000022066420677,1.0000025748100454,1.0000025748100465,1.1481413122201672e-11,1.0000025748100474,1.1487278748961373e-11,1.153860267328438e-11,1.1609651243197208e-11,1.000002574810047,1.1475681110517839e-11,1.1485562121656867e-11,1.151553942125023e-11,1.1493442266182178e-11,1.1479423577696636e-11,1.000002574810045,1.0000025748100474,1.1495696894908899e-11,1.0000025748100452,1.1479423684352031e-11,1.0000025748100505,1.1479424070096402e-11,1.149006457006021e-11,1.0000025748100494,1.1594451721738852e-11,1.0000025748100452,1.1490064267145747e-11,1.1490063793328929e-11,1.1577908974613493e-11,1.150522610887609e-11,1.1490063838846223e-11,1.000002574810045,1.1691061905294797e-11,1.15779093581993e-11,1.1609651503647223e-11,1.1487278381707376e-11
