1.0000000100295507,-2.8774022156046967e-06,-3.0402630435176144e-06,-2.897501023111181e-06,-2.8975010248762434e-06,-2.8969905461783866e-06,1.0000345214837827,-2.848099382430216e-06,-2.9012374357569593e-06,-2.8918504677507734e-06,-2.9022248221884017e-06,-2.848099380591893e-06,-2.8830191835379333e-06,-2.9040767058847348e-06,-2.9012374352286784e-06,-2.8774022169490015e-06,-2.9040099362811668e-06,-3.0402630443774304e-06,-2.8732862397868926e-06,-2.8480993806032753e-06,-3.010267369799886e-06,1.000034521483781,1.0000345214837831,1.000035891737701,-2.891850467750043e-06,-2.891850467472266e-06,-2.8820225893515074e-06,-2.9040099352470225e-06,-2.8955245148985324e-06,1.0000399776197166,-2.9040767062789926e-06,-2.8773476202476745e-06,-2.882022589932566e-06,-2.8996000973342057e-06,-2.8480993806355163e-06,-2.8950649793576844e-06,-2.8820225892184055e-06,-2.8544425288787796e-06,-3.02880063734509e-06,1.0000345214837834,1.0000345214837802,-2.8996000968456875e-06,-2.9018780473279015e-06,-3.028800634683115e-06,-2.8885733969411546e-06,-2.885472332164024e-06,1.0000345214837851,-2.893807320497962e-06,-2.8480993806214166e-06,-2.8720315174088896e-06,-2.8480993812381896e-06,1.0000345214837878,-2.8480993806377156e-06
-2.8774022156046967e-06,-5.168021955455885e-06,4.118123784424101e-16,3.528697897090374e-16,3.528787543425987e-16,3.5262913138370515e-16,-4.199036925104141e-10,3.2980743342153607e-16,3.5451664366099514e-16,3.5021313067651035e-16,3.5516959213482434e-16,3.298207205378521e-16,3.460809122102133e-16,3.5585040845911053e-16,3.545026691213993e-16,6.832323397462714e-13,3.55884630672318e-16,4.1185554758327306e-16,6.793768256131745e-13,3.298207205378521e-16,3.9781538575638086e-16,-4.199036925012582e-10,-4.1990369245083055e-10,-4.199042372231873e-10,3.50163057855658e-16,3.5021313067651035e-16,3.4567734591068303e-16,3.55884630672318e-16,3.5208929653004547e-16,-8.352828787243147e-07,3.559887921805835e-16,3.4354257898270577e-16,3.455742757891274e-16,3.536924783658021e-16,3.298207205378521e-16,3.517631050761363e-16,3.455742757891274e-16,6.617437121359509e-13,4.0643104443508974e-16,-4.199036925012582e-10,-4.1990369245083055e-10,3.536924783658021e-16,3.5472997583618847e-16,4.0642174157393956e-16,3.487344239397042e-16,3.471607576279497e-16,-4.1990369245083055e-10,3.509694731669018e-16,3.298207205378521e-16,6.782190222111397e-13,3.298207205378521e-16,-4.1990369245083055e-10,3.298207205378521e-16
-3.0402630435176144e-06,4.118123784424101e-16,-5.16802165740337e-06,4.228558738081918e-16,4.2278408314659457e-16,4.2253340593927175e-16,-5.017767130264315e-10,3.9562647089435776e-16,4.24859640324178e-16,4.196858599785545e-16,4.2541165314368397e-16,3.9561430567848e-16,4.1476654523948433e-16,4.2648799097273513e-16,4.24859640324178e-16,4.1185554758327306e-16,4.2656629593717053e-16,4.936460203142044e-16,4.095537482007846e-16,3.9562647089435776e-16,9.48721219015428e-13,-5.01776712915483e-10,-5.01776712915483e-10,-9.981428763768315e-07,4.196858599785545e-16,4.196858599785545e-16,4.142401758576061e-16,4.2656629593717053e-16,4.2180166878491426e-16,-9.981467637314849e-07,4.264276428943818e-16,4.1163855433790893e-16,4.1431602236877656e-16,4.2400020017978086e-16,3.955986210668788e-16,4.2154765443577453e-16,4.1431602236877656e-16,3.989713899791308e-16,4.874486871549801e-16,-5.017767130264315e-10,-5.017767129661704e-10,4.2400020017978086e-16,4.2522608053418e-16,4.873581616182974e-16,4.1776187965461186e-16,4.1625699878876584e-16,-5.017767130264315e-10,4.2089265059394574e-16,3.9562647089435776e-16,4.0868613436598396e-16,3.9562647089435776e-16,-5.017767130264315e-10,3.9561430567848e-16
-2.897501023111181e-06,3.528697897090374e-16,4.228558738081918e-16,-5.1680219194548185e-06,7.207372718862648e-13,3.620089338694739e-16,-4.300076851121372e-10,3.3900920681095076e-16,3.640078595530301e-16,3.598159438781035e-16,3.6473912139157726e-16,3.3900920681095076e-16,3.555108354862948e-16,3.6534294104292865e-16,3.641607433009656e-16,3.528737039632044e-16,3.653696168394404e-16,4.228558738081918e-16,3.5093809541842857e-16,3.390083706760514e-16,4.087115819182781e-16,-4.300076851324773e-10,-4.300076851324773e-10,-4.3000824628534457e-10,3.598159438781035e-16,3.598159438781035e-16,3.5501223335338585e-16,3.652831489848962e-16,3.613440242011456e-16,-8.553820210403565e-07,3.6534294104292865e-16,3.5276413102388065e-16,3.5501223335338585e-16,3.6322062104556394e-16,3.390083706760514e-16,3.6117941613539374e-16,3.5501223335338585e-16,6.800729518685575e-13,4.1745385661839184e-16,-4.3000768517315085e-10,-4.3000768517315085e-10,3.6322062104556394e-16,3.642182978906902e-16,4.1745385661839184e-16,3.579861052614432e-16,3.564662815804077e-16,-4.300076851324773e-10,3.605329566863982e-16,3.3900920681095076e-16,3.5026665264273992e-16,3.3900920681095076e-16,-4.3000768517315085e-10,3.390352730638399e-16
-2.8975010248762434e-06,3.528787543425987e-16,4.2278408314659457e-16,7.207372718862648e-13,-5.1680219194548185e-06,3.620030328172913e-16,-4.300076855761752e-10,3.3901099872941544e-16,3.641039510599047e-16,3.598159438781048e-16,3.644103239938675e-16,3.390083706760514e-16,3.5560753306148306e-16,3.653340539570809e-16,3.641312684752483e-16,3.528697897090374e-16,3.652831489848962e-16,4.228558738081918e-16,3.5093809541842857e-16,3.3901099872941544e-16,4.087115819182781e-16,-4.300076856764863e-10,-4.300076855170258e-10,-4.3000824673285646e-10,3.598159438781048e-16,3.598159438781035e-16,3.5494147673050167e-16,3.6524411898107717e-16,3.613440242011456e-16,-8.553820217815432e-07,3.653340539570809e-16,3.527805700758862e-16,3.549871755722452e-16,3.6322062104556394e-16,3.390083706760514e-16,3.6117941613539374e-16,3.5494147673050167e-16,6.800729527505974e-13,4.173926461041099e-16,-4.300076855170258e-10,-4.300076854846427e-10,3.6322062104556394e-16,3.6432358695617326e-16,4.1745385661839184e-16,3.579385938784561e-16,3.564662815804077e-16,-4.300076856764863e-10,3.605329566863982e-16,3.390083706760514e-16,3.5026665264273992e-16,3.389313260446194e-16,-4.300076854846427e-10,3.390352730638399e-16
-2.8969905461783866e-06,3.5262913138370515e-16,4.2253340593927175e-16,3.620089338694739e-16,3.620030328172913e-16,-5.16802191855909e-06,-4.2975106074341835e-10,3.3878188875777157e-16,3.638161037562815e-16,3.592705129916249e-16,3.6421635877263064e-16,3.3878188875777157e-16,3.5510892145304315e-16,3.6537553015777006e-16,3.638161037562815e-16,3.5262563144398654e-16,3.6507074853878796e-16,4.226530640128837e-16,3.505915874141348e-16,3.3877368358531716e-16,4.082485846335825e-16,-4.2975106085291974e-10,-4.297510606939127e-10,-4.297516215856181e-10,3.592705129916249e-16,3.592705129916249e-16,3.548271851824101e-16,3.6502561354602965e-16,7.183598634186086e-13,-8.548715363603406e-07,3.653339197368796e-16,7.011859422770699e-13,3.5457044646222506e-16,3.629664219410274e-16,3.387818887577716e-16,3.6087939298853487e-16,3.5457044646222506e-16,3.416471271175134e-16,4.1723613391965904e-16,-4.297510607808237e-10,-4.2975106075007653e-10,3.629664219410274e-16,3.6408437761258563e-16,4.170573501600651e-16,3.5790424563699856e-16,3.56331646850573e-16,-4.2975106069388346e-10,3.60297331321338e-16,3.3875746051229384e-16,3.4981764573715626e-16,3.387020093949944e-16,-4.297510607506573e-10,3.387818887577716e-16
1.0000345214837827,-4.199036925104141e-10,-5.017767130264315e-10,-4.300076851121372e-10,-4.300076855761752e-10,-4.2975106074341835e-10,1.0000445966976381,-4.0517268729138074e-10,-4.3188603977768914e-10,-4.271670620618355e-10,-4.3238241463355544e-10,-4.051726876775429e-10,-4.2272743309690117e-10,-4.333133856214741e-10,-4.3188603980213037e-10,-4.199036927127552e-10,-4.3327981870092634e-10,-5.017767136472061e-10,-4.178345256214121e-10,-4.051726878520029e-10,-4.866974089856187e-10,1.000049764719441,1.0000497647194428,1.0000511349935493,-4.271670618737938e-10,-4.271670614875297e-10,-4.222264300367284e-10,-4.3327981906409094e-10,-4.2901406241871545e-10,1.000055220935755,-4.333133856630259e-10,-4.1987624779610645e-10,-4.2222643033256493e-10,-4.310629235866297e-10,-4.051726878703418e-10,-4.28783047084486e-10,-4.2222643040485933e-10,-4.083614935059923e-10,-4.960143770847256e-10,1.0000497647194413,1.0000497647194406,-4.310629234335978e-10,-4.3220808585955186e-10,-4.960143766398712e-10,-4.2551962454910414e-10,-4.23960670507945e-10,1.0000497647194433,-4.281508029909988e-10,-4.051726875889117e-10,-4.172037565807836e-10,-4.0517268748762045e-10,1.000049764719444,-4.051726879234372e-10
-2.848099382430216e-06,3.2980743342153607e-16,3.9562647089435776e-16,3.3900920681095076e-16,3.3901099872941544e-16,3.3878188875777157e-16,-4.0517268729138074e-10,-5.168022010100921e-06,3.4067845975508623e-16,3.3643699935387613e-16,3.4107150938435837e-16,6.295220904401394e-13,3.3231574781699456e-16,3.4197150986504413e-16,3.406809298062924e-16,3.2990307426010235e-16,3.419540686109666e-16,3.9562647089435776e-16,3.279377278424988e-16,6.295220905258353e-13,3.8192917393775237e-16,-4.051726872931217e-10,-4.0517268734374355e-10,-4.051732080418678e-10,3.3643699935387613e-16,3.3645159733902946e-16,3.318902438127603e-16,3.4192217148148684e-16,3.381177765319569e-16,-8.059795552339888e-07,3.4214232228265985e-16,3.2966952676097294e-16,3.319302423111256e-16,3.398156800467546e-16,6.295220907458225e-13,3.3793690406029793e-16,3.318627146451917e-16,3.192234911898316e-16,3.9042548586441434e-16,-4.051726872931217e-10,-4.0517268740845834e-10,3.399106917094036e-16,3.4100585709679663e-16,3.904250143015289e-16,3.3483420983862558e-16,3.3340667309954916e-16,-4.0517268727870555e-10,3.3733248180851786e-16,6.295220902890412e-13,3.274380990788623e-16,6.29522089914996e-13,-4.0517268729138074e-10,6.295220906770792e-13
-2.9012374357569593e-06,3.5451664366099514e-16,4.24859640324178e-16,3.640078595530301e-16,3.641039510599047e-16,3.638161037562815e-16,-4.3188603977768914e-10,3.4067845975508623e-16,-5.168021909761596e-06,3.6120694633742695e-16,3.6633319747379995e-16,3.405747597722353e-16,3.571749912667785e-16,3.672489392134719e-16,3.658354237940654e-16,3.5451021679375204e-16,3.671707042680309e-16,4.24859640324178e-16,3.5260287315130055e-16,3.4067845975508623e-16,4.1053465534954475e-16,-4.318860396715235e-10,-4.318860396715235e-10,-4.3188660412441114e-10,3.612774279948225e-16,3.612774279948225e-16,3.5667006399293275e-16,3.670765429528775e-16,3.629660183345396e-16,-8.591184961038453e-07,3.672489392134719e-16,3.5476958143332227e-16,3.5667006399293275e-16,3.6516621430899824e-16,3.4067845975508623e-16,3.628378485730087e-16,3.5667006399293275e-16,3.437541901746722e-16,4.194941794031705e-16,-4.3188603977768914e-10,-4.3188603977768914e-10,3.6516621430899824e-16,3.661611437338397e-16,4.194609988619893e-16,3.5981837329469596e-16,7.128406377480059e-13,-4.3188603977768914e-10,3.623504053296478e-16,3.4067845975508623e-16,3.5202637331636946e-16,3.4063179458837765e-16,-4.3188603969374024e-10,3.40661399943099e-16
-2.8918504677507734e-06,3.5021313067651035e-16,4.196858599785545e-16,3.598159438781035e-16,3.598159438781048e-16,3.592705129916249e-16,-4.271670620618355e-10,3.3643699935387613e-16,3.6120694633742695e-16,-5.168021929120825e-06,3.61863803986839e-16,3.3645159733902946e-16,3.5284165109885186e-16,3.6277022779882833e-16,3.6145589391352013e-16,3.502038892997788e-16,3.6277445181515017e-16,4.196858599785545e-16,3.481821757257785e-16,3.3643699935387613e-16,4.0571173594907e-16,-4.2716706217484505e-10,-4.2716706217484505e-10,-4.271676186241394e-10,7.100103979494537e-13,7.100103970686353e-13,3.5230159346565443e-16,3.6277445181515017e-16,3.585664786287132e-16,-8.497313740527707e-07,3.627075712464801e-16,3.500596967807912e-16,3.523397486475084e-16,3.606762444241741e-16,3.3643699935387613e-16,3.5853806625986097e-16,3.5230159346565443e-16,3.3922395019072803e-16,4.143071523784974e-16,-4.2716706214434974e-10,-4.271670621194601e-10,3.6065241037122065e-16,3.6158224318455524e-16,4.143187784799286e-16,3.5536284227847795e-16,3.538206001349586e-16,-4.2716706216006556e-10,3.5794397914554647e-16,3.3643699935387613e-16,3.474991298184178e-16,3.3645159733902946e-16,-4.2716706217484505e-10,3.3645159733902946e-16
-2.9022248221884017e-06,3.5516959213482434e-16,4.2541165314368397e-16,3.6473912139157726e-16,3.644103239938675e-16,3.6421635877263064e-16,-4.3238241463355544e-10,3.4107150938435837e-16,3.6633319747379995e-16,3.61863803986839e-16,-5.168021909160771e-06,3.411470340918258e-16,3.57725098023758e-16,3.676660753117059e-16,3.6633319747379995e-16,3.5521072856547353e-16,3.6765758568222484e-16,4.254355168899744e-16,7.023151873290818e-13,3.411041691735806e-16,4.110126925995931e-16,-4.323824146339082e-10,-4.3238241463355544e-10,-4.323829798888382e-10,3.618612156063532e-16,3.618612156063532e-16,3.572590903964396e-16,3.677232278913788e-16,3.635306434481651e-16,-8.601058988846424e-07,3.676660753117059e-16,3.5509018405127716e-16,3.572590903964396e-16,3.657212859161551e-16,3.411041691735806e-16,3.635243646902102e-16,3.572590903964396e-16,3.4402919024565034e-16,4.200267007730916e-16,-4.3238241463355544e-10,-4.3238241463355544e-10,3.6550461364530685e-16,3.665279543104217e-16,4.200267007730916e-16,3.6023930709289905e-16,3.588429510267689e-16,-4.3238241463355544e-10,3.6288750499641445e-16,3.411041691735806e-16,3.525372869312517e-16,3.4118179680007175e-16,-4.3238241463355544e-10,3.411605916825087e-16
-2.848099380591893e-06,3.298207205378521e-16,3.9561430567848e-16,3.3900920681095076e-16,3.390083706760514e-16,3.3878188875777157e-16,-4.051726876775429e-10,6.295220904401394e-13,3.405747597722353e-16,3.3645159733902946e-16,3.411470340918258e-16,-5.168022010100921e-06,3.323259152124344e-16,3.4208861753804085e-16,3.4067845975508623e-16,3.298253269952979e-16,3.4192763036696256e-16,3.9561430567848e-16,3.279377278424988e-16,6.295220914081741e-13,3.818830888664066e-16,-4.0517268778198544e-10,-4.0517268778198544e-10,-4.0517320843180834e-10,3.363637839599823e-16,3.3643699935387613e-16,3.3188535623412546e-16,3.4193450594594e-16,3.3808023544047377e-16,-8.059795559260836e-07,3.420235330579018e-16,3.296968112262526e-16,3.3188535623412546e-16,3.399224378314556e-16,6.295220916281608e-13,3.37927656626741e-16,3.318789047178121e-16,3.192234911898316e-16,3.904178403919823e-16,-4.0517268778198544e-10,-4.0517268775399163e-10,3.399457019010059e-16,3.4100585709679663e-16,3.904178403919823e-16,3.349495189004073e-16,3.3349230872597933e-16,-4.0517268775399163e-10,3.3733248180851786e-16,6.295220911713801e-13,3.2737093150522945e-16,6.295220907973343e-13,-4.0517268778198544e-10,6.295220915594185e-13
-2.8830191835379333e-06,3.460809122102133e-16,4.1476654523948433e-16,3.555108354862948e-16,3.5560753306148306e-16,3.5510892145304315e-16,-4.2272743309690117e-10,3.3231574781699456e-16,3.571749912667785e-16,3.5284165109885186e-16,3.57725098023758e-16,3.323259152124344e-16,-5.168021946426401e-06,3.586856513076921e-16,3.571749912667785e-16,3.4606498368228367e-16,3.5838384772022553e-16,4.1476654523948433e-16,3.440673256229525e-16,3.3232369836227996e-16,4.007658497320057e-16,-4.227274330967878e-10,-4.2272743305279367e-10,-4.2272798235932207e-10,3.5275560305882506e-16,3.5284165109885186e-16,3.480392476787032e-16,3.5838384772022553e-16,3.544335229379068e-16,-8.40899940720872e-07,3.585391573481707e-16,3.45890412500321e-16,3.480392476787032e-16,3.5637121120107237e-16,3.3236045409844963e-16,7.047545312514935e-13,3.4799440687192665e-16,3.351574096248813e-16,4.0938040133720895e-16,-4.227274330967878e-10,-4.227274331551357e-10,3.5637121120107237e-16,7.111281535708986e-13,4.0938040133720895e-16,6.986904271519408e-13,6.95753123186904e-13,-4.227274330967878e-10,3.5373550083692706e-16,3.323503100683314e-16,3.434721225728359e-16,3.3231574781699456e-16,-4.2272743309690117e-10,3.3231574781699456e-16
-2.9040767058847348e-06,3.5585040845911053e-16,4.2648799097273513e-16,3.6534294104292865e-16,3.653340539570809e-16,3.6537553015777006e-16,-4.333133856214741e-10,3.4197150986504413e-16,3.672489392134719e-16,3.6277022779882833e-16,3.676660753117059e-16,3.4208861753804085e-16,3.586856513076921e-16,-5.1680219055556795e-06,3.672302291605218e-16,3.5585040845911053e-16,3.685231805867356e-16,4.2648799097273513e-16,3.5397219083918526e-16,3.4196386433606644e-16,4.1220394346003194e-16,-4.3331338560079933e-10,-4.3331338560079933e-10,-4.3331395231383365e-10,3.6277022779882833e-16,3.6277022779882833e-16,3.5810590226906537e-16,3.685231805867356e-16,3.6462699815820667e-16,-8.619578125573817e-07,3.684750864831621e-16,3.558902261220493e-16,3.5810590226906537e-16,3.66481641676729e-16,3.4197150986504413e-16,3.6430623765030856e-16,3.5810590226906537e-16,3.4490035170170494e-16,4.210439597273398e-16,-4.3331338560079933e-10,-4.333133855807555e-10,3.66481641676729e-16,3.6740423740570755e-16,4.211186665669349e-16,3.6117936226462264e-16,3.5974106608155346e-16,-4.3331338560079933e-10,3.637293498581771e-16,3.4196386433606644e-16,3.5326323242619117e-16,3.4197150986504413e-16,-4.333133855807073e-10,3.4201688254114117e-16
-2.9012374352286784e-06,3.545026691213993e-16,4.24859640324178e-16,3.641607433009656e-16,3.641312684752483e-16,3.638161037562815e-16,-4.3188603980213037e-10,3.406809298062924e-16,3.658354237940654e-16,3.6145589391352013e-16,3.6633319747379995e-16,3.4067845975508623e-16,3.571749912667785e-16,3.672302291605218e-16,-5.168021909761596e-06,3.5454090524140127e-16,3.671707042680309e-16,4.24859640324178e-16,3.524311696412916e-16,3.4058953754444976e-16,4.1053465534954475e-16,-4.3188603980213037e-10,-4.318860398100187e-10,-4.318866042564607e-10,3.612101126209879e-16,3.61198229239966e-16,3.5667006399293275e-16,3.670765429528775e-16,3.629660183345396e-16,-8.591184964475016e-07,3.67248939214069e-16,3.5476958143332227e-16,3.5667006399293275e-16,3.6516621430899824e-16,3.406809298062924e-16,3.629428936970398e-16,3.5657614679945264e-16,3.4362512549543725e-16,4.194941794031705e-16,-4.3188603980213037e-10,-4.3188603980213037e-10,3.651039189823687e-16,3.6612932834662645e-16,4.194609988619893e-16,3.596977471426253e-16,7.128406383481112e-13,-4.318860398100187e-10,3.6233006089111853e-16,3.406809298062924e-16,3.519436481398882e-16,3.4067845975508623e-16,-4.3188603980213037e-10,3.4067845975508623e-16
-2.8774022169490015e-06,6.832323397462714e-13,4.1185554758327306e-16,3.528737039632044e-16,3.528697897090374e-16,3.5262563144398654e-16,-4.199036927127552e-10,3.2990307426010235e-16,3.5451021679375204e-16,3.502038892997788e-16,3.5521072856547353e-16,3.298253269952979e-16,3.4606498368228367e-16,3.5585040845911053e-16,3.5454090524140127e-16,-5.168021955455885e-06,3.558244515050217e-16,4.1185554758327306e-16,6.793768258174026e-13,3.2982544555982777e-16,3.977746301337613e-16,-4.1990369276339517e-10,-4.199036927127552e-10,-4.19904237576208e-10,3.5013445699674004e-16,3.502432108932629e-16,3.455742757891274e-16,3.558244515050217e-16,3.5191056750861153e-16,-8.352828794927563e-07,3.5585040845911053e-16,3.4354257898270577e-16,3.455742757891274e-16,3.536924783658021e-16,3.2980743342153607e-16,3.5181381128987637e-16,3.4566558238188845e-16,6.617437124587636e-13,4.0647885024517985e-16,-4.199036928145214e-10,-4.199036928145214e-10,3.537553157809896e-16,3.547323301955543e-16,4.0642378244657737e-16,3.487344239397042e-16,3.4716078469360407e-16,-4.199036927127552e-10,3.5088812954548947e-16,3.2980743342153607e-16,6.782190224222633e-13,3.297881498696615e-16,-4.199036928363119e-10,3.2980743342153607e-16
-2.9040099362811668e-06,3.55884630672318e-16,4.2656629593717053e-16,3.653696168394404e-16,3.652831489848962e-16,3.6507074853878796e-16,-4.3327981870092634e-10,3.419540686109666e-16,3.671707042680309e-16,3.6277445181515017e-16,3.6765758568222484e-16,3.4192763036696256e-16,3.5838384772022553e-16,3.685231805867356e-16,3.671707042680309e-16,3.558244515050217e-16,-5.1680219054509795e-06,4.264508469942334e-16,3.5390565133431184e-16,3.4192763036696256e-16,4.1202400976012934e-16,-4.3327981864368643e-10,-4.3327981864368643e-10,-4.3328038544274045e-10,3.6277445181515017e-16,3.6277445181515017e-16,3.580173366225321e-16,3.685197435935342e-16,3.644346823272239e-16,-8.618910405203101e-07,3.685231805867356e-16,3.5564930238594807e-16,3.580173366225321e-16,3.6632322619323003e-16,3.4193450594594e-16,3.642487728699503e-16,3.580173366225321e-16,6.860567028085633e-13,4.21030458176275e-16,-4.3327981864368643e-10,-4.3327981864365866e-10,3.6639039520586745e-16,3.673959463699793e-16,4.21030458176275e-16,3.6108177661650307e-16,3.5965520225646255e-16,-4.3327981864365866e-10,3.634781758895566e-16,3.4193450594594e-16,3.5327965560865067e-16,3.4192763036696256e-16,-4.332798186772474e-10,3.4192603981495413e-16
-3.0402630443774304e-06,4.1185554758327306e-16,4.936460203142044e-16,4.228558738081918e-16,4.228558738081918e-16,4.226530640128837e-16,-5.017767136472061e-10,3.9562647089435776e-16,4.24859640324178e-16,4.196858599785545e-16,4.254355168899744e-16,3.9561430567848e-16,4.1476654523948433e-16,4.2648799097273513e-16,4.24859640324178e-16,4.1185554758327306e-16,4.264508469942334e-16,-5.16802165740337e-06,4.0953960821774866e-16,3.9561430567848e-16,9.487212214808771e-13,-5.017767136451214e-10,-5.017767137312053e-10,-9.981428778340732e-07,4.196858599785545e-16,4.197382600396248e-16,4.1431602236900355e-16,4.265110199801788e-16,4.216574918270119e-16,-9.981467651887354e-07,4.264276428943818e-16,4.1163855433790893e-16,4.142401758576061e-16,4.2400020017978086e-16,3.9562647089435776e-16,4.2149215899389427e-16,4.142401758576061e-16,3.989713899791308e-16,4.874486871549801e-16,-5.017767136472061e-10,-5.017767136472061e-10,4.2390463210015776e-16,4.253475873535427e-16,4.874486871549801e-16,4.1796949937701446e-16,4.1625699878876584e-16,-5.017767136472061e-10,4.208822297484767e-16,3.9562647089435776e-16,4.0877135349155185e-16,3.9561430567848e-16,-5.017767136472061e-10,3.955986210668788e-16
-2.8732862397868926e-06,6.793768256131745e-13,4.095537482007846e-16,3.5093809541842857e-16,3.5093809541842857e-16,3.505915874141348e-16,-4.178345256214121e-10,3.279377278424988e-16,3.5260287315130055e-16,3.481821757257785e-16,7.023151873290818e-13,3.279377278424988e-16,3.440673256229525e-16,3.5397219083918526e-16,3.524311696412916e-16,6.793768258174026e-13,3.5390565133431184e-16,4.0953960821774866e-16,-5.1680219625817365e-06,3.278778282574391e-16,3.9554204628985926e-16,-4.178345255600831e-10,-4.178345257235039e-10,-4.1783506710419767e-10,3.4814380201083966e-16,3.4814380201083966e-16,3.4372716656348286e-16,3.5390565133431184e-16,3.4984358336642987e-16,-8.311668344857103e-07,3.538838452166639e-16,3.4149684886629777e-16,3.4374571598745215e-16,3.520373268936107e-16,3.2797448516775173e-16,3.4990971696736353e-16,3.4370910812143576e-16,6.579430648827305e-13,4.0413424673425055e-16,-4.178345257026307e-10,-4.1783452569529534e-10,3.520373268936107e-16,3.5299844632251545e-16,4.0422362636982184e-16,3.4669180669996995e-16,3.4523449128999956e-16,-4.178345257300674e-10,3.4927095775737413e-16,3.279750168028886e-16,6.743765958561052e-13,3.2797448516775173e-16,-4.178345257300674e-10,3.279377278424988e-16
-2.8480993806032753e-06,3.298207205378521e-16,3.9562647089435776e-16,3.390083706760514e-16,3.3901099872941544e-16,3.3877368358531716e-16,-4.051726878520029e-10,6.295220905258353e-13,3.4067845975508623e-16,3.3643699935387613e-16,3.411041691735806e-16,6.295220914081741e-13,3.3232369836227996e-16,3.4196386433606644e-16,3.4058953754444976e-16,3.2982544555982777e-16,3.4192763036696256e-16,3.9561430567848e-16,3.278778282574391e-16,-5.168022010100921e-06,3.818923484764308e-16,-4.0517268771876424e-10,-4.051726877541935e-10,-4.0517320854537346e-10,3.363637839599823e-16,3.3643699935387613e-16,3.3188535623412546e-16,3.4192763036696256e-16,3.3808023544047377e-16,-8.059795560856424e-07,3.4197150986504413e-16,3.296968112262526e-16,3.3188535623412546e-16,3.398350854196727e-16,6.295220917138575e-13,3.3786032723094565e-16,3.318789047178121e-16,3.1922349090807657e-16,3.904178403919823e-16,-4.0517268771876424e-10,-4.0517268771876424e-10,3.398156800467546e-16,3.410084034888615e-16,3.904371649884647e-16,3.3499769560350516e-16,3.3348221747338037e-16,-4.0517268771876424e-10,3.3733388479582647e-16,6.29522091257077e-13,3.2737784676765127e-16,6.295220908830311e-13,-4.0517268775945795e-10,6.295220916451136e-13
-3.010267369799886e-06,3.9781538575638086e-16,9.48721219015428e-13,4.087115819182781e-16,4.087115819182781e-16,4.082485846335825e-16,-4.866974089856187e-10,3.8192917393775237e-16,4.1053465534954475e-16,4.0571173594907e-16,4.110126925995931e-16,3.818830888664066e-16,4.007658497320057e-16,4.1220394346003194e-16,4.1053465534954475e-16,3.977746301337613e-16,4.1202400976012934e-16,9.487212214808771e-13,3.9554204628985926e-16,3.818923484764308e-16,-5.16802172382381e-06,-4.866974090745055e-10,-4.866974089954322e-10,-9.681468532017183e-07,4.055972858712396e-16,4.055973210926485e-16,4.0029480872510854e-16,4.1202400976012934e-16,4.0748824556871917e-16,-9.681505929662488e-07,4.1220394346002533e-16,3.975808170512261e-16,4.001521967899883e-16,4.096680969698666e-16,3.818830888664066e-16,4.074470276724452e-16,4.001614340224035e-16,3.8517763341264123e-16,9.363530136926325e-13,-4.866974089856187e-10,-4.866974089943074e-10,4.097706906537403e-16,4.1101212099608486e-16,9.363530127146765e-13,4.0379354147723035e-16,4.02097129681684e-16,-4.866974089856187e-10,4.067270760478559e-16,3.8192917393775237e-16,3.9478421294631463e-16,3.8192917393775237e-16,-4.866974089856187e-10,3.818830888664066e-16
1.000034521483781,-4.199036925012582e-10,-5.01776712915483e-10,-4.300076851324773e-10,-4.300076856764863e-10,-4.2975106085291974e-10,1.000049764719441,-4.051726872931217e-10,-4.318860396715235e-10,-4.2716706217484505e-10,-4.323824146339082e-10,-4.0517268778198544e-10,-4.227274330967878e-10,-4.3331338560079933e-10,-4.3188603980213037e-10,-4.1990369276339517e-10,-4.3327981864368643e-10,-5.017767136451214e-10,-4.178345255600831e-10,-4.0517268771876424e-10,-4.866974090745055e-10,1.0000445966976361,1.000049764719442,1.0000511349935495,-4.2716706194003e-10,-4.2716706158677097e-10,-4.2222642999693537e-10,-4.3327981900871503e-10,-4.290140625679359e-10,1.000055220935755,-4.3331338557551966e-10,-4.1987624781254356e-10,-4.2222643031030923e-10,-4.310629236154117e-10,-4.051726880428766e-10,-4.287830470923868e-10,-4.2222643040485933e-10,-4.0836149362519844e-10,-4.960143772138936e-10,1.000049764719441,1.000049764719441,-4.310629234280974e-10,-4.3220808580698334e-10,-4.960143765593201e-10,-4.255196244855402e-10,-4.239606705332453e-10,1.0000497647194428,-4.2815080292276335e-10,-4.051726877307994e-10,-4.172037566209688e-10,-4.0517268741756627e-10,1.000049764719444,-4.0517268786939693e-10
1.0000345214837831,-4.1990369245083055e-10,-5.01776712915483e-10,-4.300076851324773e-10,-4.300076855170258e-10,-4.297510606939127e-10,1.0000497647194428,-4.0517268734374355e-10,-4.318860396715235e-10,-4.2716706217484505e-10,-4.3238241463355544e-10,-4.0517268778198544e-10,-4.2272743305279367e-10,-4.3331338560079933e-10,-4.318860398100187e-10,-4.199036927127552e-10,-4.3327981864368643e-10,-5.017767137312053e-10,-4.178345257235039e-10,-4.051726877541935e-10,-4.866974089954322e-10,1.000049764719442,1.0000445966976401,1.0000511349935497,-4.2716706194003e-10,-4.271670615667735e-10,-4.222264300086315e-10,-4.3327981905377176e-10,-4.2901406254942296e-10,1.0000552209357552,-4.333133856630259e-10,-4.1987624789511764e-10,-4.2222643031030923e-10,-4.310629235866297e-10,-4.051726879232196e-10,-4.2878304706166414e-10,-4.222264302749421e-10,-4.0836149362519844e-10,-4.960143771727425e-10,1.0000497647194424,1.000049764719443,-4.3106292332883575e-10,-4.32208085756162e-10,-4.960143767785586e-10,-4.255196245547724e-10,-4.239606705332453e-10,1.0000497647194435,-4.281508029909988e-10,-4.051726877307994e-10,-4.172037566209688e-10,-4.0517268760704853e-10,1.000049764719445,-4.0517268777829415e-10
1.000035891737701,-4.199042372231873e-10,-9.981428763768315e-07,-4.3000824628534457e-10,-4.3000824673285646e-10,-4.297516215856181e-10,1.0000511349935493,-4.051732080418678e-10,-4.3188660412441114e-10,-4.271676186241394e-10,-4.323829798888382e-10,-4.0517320843180834e-10,-4.2272798235932207e-10,-4.3331395231383365e-10,-4.318866042564607e-10,-4.19904237576208e-10,-4.3328038544274045e-10,-9.981428778340732e-07,-4.1783506710419767e-10,-4.0517320854537346e-10,-9.681468532017183e-07,1.0000511349935495,1.0000511349935497,1.0000473372474783,-4.271676184431076e-10,-4.2716761798309464e-10,-4.222269783322391e-10,-4.332803857208103e-10,-4.2901462206398505e-10,1.0000565912165937,-4.3331395222485295e-10,-4.1987679228604176e-10,-4.2222697866965244e-10,-4.3106348672221896e-10,-4.051732086947544e-10,-4.2878360616705897e-10,-4.222269787107939e-10,-4.08362019159985e-10,-9.866803343032838e-07,1.000051134993549,1.0000511349935495,-4.3106348652892417e-10,-4.322086506919573e-10,-9.866803334306145e-07,-4.2552017822170165e-10,-4.239612217455481e-10,1.0000511349935524,-4.2815136114808577e-10,-4.0517320835800077e-10,-4.172042968471e-10,-4.0517320818505436e-10,1.0000511349935515,-4.051732085332904e-10
-2.891850467750043e-06,3.50163057855658e-16,4.196858599785545e-16,3.598159438781035e-16,3.598159438781048e-16,3.592705129916249e-16,-4.271670618737938e-10,3.3643699935387613e-16,3.612774279948225e-16,7.100103979494537e-13,3.618612156063532e-16,3.363637839599823e-16,3.5275560305882506e-16,3.6277022779882833e-16,3.612101126209879e-16,3.5013445699674004e-16,3.6277445181515017e-16,4.196858599785545e-16,3.4814380201083966e-16,3.363637839599823e-16,4.055972858712396e-16,-4.2716706194003e-10,-4.2716706194003e-10,-4.271676184431076e-10,-5.168021929120825e-06,7.100103968528882e-13,3.52318387604908e-16,3.6277445181515017e-16,3.585664786287132e-16,-8.497313738126818e-07,3.62601197527769e-16,3.5014715669412874e-16,3.5226518967953747e-16,3.606762444371067e-16,3.3636940551414294e-16,3.5853806625986097e-16,3.5230159346565443e-16,3.3922395019072803e-16,4.143187784799286e-16,-4.2716706199347216e-10,-4.2716706199347216e-10,3.6068082675232303e-16,3.6158224318455524e-16,4.143071523784974e-16,3.5539082239072353e-16,3.5377857561896715e-16,-4.2716706199347216e-10,3.5799717874341687e-16,3.3636940551414294e-16,3.4754193045728035e-16,3.3643699935387613e-16,-4.271670619518902e-10,3.3643699935387613e-16
-2.891850467472266e-06,3.5021313067651035e-16,4.196858599785545e-16,3.598159438781035e-16,3.598159438781035e-16,3.592705129916249e-16,-4.271670614875297e-10,3.3645159733902946e-16,3.612774279948225e-16,7.100103970686353e-13,3.618612156063532e-16,3.3643699935387613e-16,3.5284165109885186e-16,3.6277022779882833e-16,3.61198229239966e-16,3.502432108932629e-16,3.6277445181515017e-16,4.197382600396248e-16,3.4814380201083966e-16,3.3643699935387613e-16,4.055973210926485e-16,-4.2716706158677097e-10,-4.271670615667735e-10,-4.2716761798309464e-10,7.100103968528882e-13,-5.168021929120825e-06,3.5236097556148244e-16,3.6271816492579416e-16,3.585664786287132e-16,-8.497313728700218e-07,3.6277022779882833e-16,3.500596967807912e-16,3.5226518967953747e-16,3.6068082675232303e-16,3.3645159733902946e-16,3.5853806625986097e-16,3.5228018933110575e-16,3.3932616961802244e-16,4.143071523784974e-16,-4.271670615667735e-10,-4.2716706158126965e-10,3.606762444371067e-16,3.615979197992333e-16,4.143187784799286e-16,3.553509440358256e-16,3.538206001349586e-16,-4.271670616484919e-10,3.5778616295447025e-16,3.364605068906028e-16,3.474991298184178e-16,3.3645159733902946e-16,-4.2716706158126965e-10,3.363929961804447e-16
-2.8820225893515074e-06,3.4567734591068303e-16,4.142401758576061e-16,3.5501223335338585e-16,3.5494147673050167e-16,3.548271851824101e-16,-4.222264300367284e-10,3.318902438127603e-16,3.5667006399293275e-16,3.5230159346565443e-16,3.572590903964396e-16,3.3188535623412546e-16,3.480392476787032e-16,3.5810590226906537e-16,3.5667006399293275e-16,3.455742757891274e-16,3.580173366225321e-16,4.1431602236900355e-16,3.4372716656348286e-16,3.3188535623412546e-16,4.0029480872510854e-16,-4.2222642999693537e-10,-4.222264300086315e-10,-4.222269783322391e-10,3.52318387604908e-16,3.5236097556148244e-16,-5.168021948767491e-06,3.5816223781087256e-16,3.540638393973871e-16,-8.399033314925596e-07,3.580819296104986e-16,6.872702916013929e-13,6.916570083077202e-13,3.5601106171821557e-16,3.3188535623412546e-16,3.5385602621577825e-16,6.91657008048019e-13,3.3475434719409776e-16,4.089354005534587e-16,-4.2222642998517436e-10,-4.2222642998517436e-10,3.559182254890619e-16,3.5729486220236864e-16,4.089354005534587e-16,3.5074164360888265e-16,3.4934473071901517e-16,-4.2222642999693537e-10,3.5319685086040263e-16,3.319302423111256e-16,3.4308785414320546e-16,3.3188535623412546e-16,-4.2222642999693537e-10,3.318789047178121e-16
-2.9040099352470225e-06,3.55884630672318e-16,4.2656629593717053e-16,3.652831489848962e-16,3.6524411898107717e-16,3.6502561354602965e-16,-4.3327981906409094e-10,3.4192217148148684e-16,3.670765429528775e-16,3.6277445181515017e-16,3.677232278913788e-16,3.4193450594594e-16,3.5838384772022553e-16,3.685231805867356e-16,3.670765429528775e-16,3.558244515050217e-16,3.685197435935342e-16,4.265110199801788e-16,3.5390565133431184e-16,3.4192763036696256e-16,4.1202400976012934e-16,-4.3327981900871503e-10,-4.3327981905377176e-10,-4.332803857208103e-10,3.6277445181515017e-16,3.6271816492579416e-16,3.5816223781087256e-16,-5.1680219054509795e-06,3.64426000147767e-16,-8.618910411770234e-07,3.684098175222047e-16,3.5564938909741876e-16,3.5805951850813873e-16,3.6639039520586745e-16,3.4193450594594e-16,3.6426959704129994e-16,3.5816223781087246e-16,6.860567032803566e-13,4.211226640014326e-16,-4.3327981892804243e-10,-4.3327981900843337e-10,3.6632322619323003e-16,3.6745799618717347e-16,4.2104344767911487e-16,3.6127608558297737e-16,3.596552022564629e-16,-4.3327981900843337e-10,3.634781758895566e-16,3.4198437951908213e-16,3.53211755339786e-16,3.4192763036696256e-16,-4.3327981906409094e-10,3.419585958212541e-16
-2.8955245148985324e-06,3.5208929653004547e-16,4.2180166878491426e-16,3.613440242011456e-16,3.613440242011456e-16,7.183598634186086e-13,-4.2901406241871545e-10,3.381177765319569e-16,3.629660183345396e-16,3.585664786287132e-16,3.635306434481651e-16,3.3808023544047377e-16,3.544335229379068e-16,3.6462699815820667e-16,3.629660183345396e-16,3.5191056750861153e-16,3.644346823272239e-16,4.216574918270119e-16,3.4984358336642987e-16,3.3808023544047377e-16,4.0748824556871917e-16,-4.290140625679359e-10,-4.2901406254942296e-10,-4.2901462206398505e-10,3.585664786287132e-16,3.585664786287132e-16,3.540638393973871e-16,3.64426000147767e-16,-5.168021920478801e-06,-8.534054792111996e-07,3.6462699815820667e-16,3.519406452521178e-16,3.540638393973871e-16,3.6218345587598055e-16,3.3809753880377715e-16,3.6016161526476127e-16,3.540638393973871e-16,6.782572515161074e-13,4.1654970882335414e-16,-4.290140625494228e-10,-4.290140625379496e-10,3.6218345587598055e-16,3.634468468506484e-16,4.1643445164933113e-16,3.5722479711182333e-16,3.5569720528049744e-16,-4.290140624989807e-10,3.595875885743409e-16,3.3809753880377715e-16,6.949324156812396e-13,3.3800711827580345e-16,-4.290140625679359e-10,3.3808023544047377e-16
1.0000399776197166,-8.352828787243147e-07,-9.981467637314849e-07,-8.553820210403565e-07,-8.553820217815432e-07,-8.548715363603406e-07,1.000055220935755,-8.059795552339888e-07,-8.591184961038453e-07,-8.497313740527707e-07,-8.601058988846424e-07,-8.059795559260836e-07,-8.40899940720872e-07,-8.619578125573817e-07,-8.591184964475016e-07,-8.352828794927563e-07,-8.618910405203101e-07,-9.981467651887354e-07,-8.311668344857103e-07,-8.059795560856424e-07,-9.681505929662488e-07,1.000055220935755,1.0000552209357552,1.0000565912165937,-8.497313738126818e-07,-8.497313728700218e-07,-8.399033314925596e-07,-8.618910411770234e-07,-8.534054792111996e-07,1.0000555091567984,-8.619578125510745e-07,-8.352282835809774e-07,-8.399033322312358e-07,-8.57481130802161e-07,-8.059795564143218e-07,-8.529459366436599e-07,-8.399033322446579e-07,-8.123228141308968e-07,-9.866841655899024e-07,1.0000552209357552,1.0000552209357558,-8.574811303757091e-07,-8.597591192588437e-07,-9.86684164717227e-07,-8.46454245703133e-07,-8.433531308258067e-07,1.000055220935757,-8.516882588137375e-07,-8.059795559783322e-07,-8.299120910087621e-07,-8.059795554183557e-07,1.000055220935758,-8.059795562221823e-07
-2.9040767062789926e-06,3.559887921805835e-16,4.264276428943818e-16,3.6534294104292865e-16,3.653340539570809e-16,3.653339197368796e-16,-4.333133856630259e-10,3.4214232228265985e-16,3.672489392134719e-16,3.627075712464801e-16,3.676660753117059e-16,3.420235330579018e-16,3.585391573481707e-16,3.684750864831621e-16,3.67248939214069e-16,3.5585040845911053e-16,3.685231805867356e-16,4.264276428943818e-16,3.538838452166639e-16,3.4197150986504413e-16,4.1220394346002533e-16,-4.3331338557551966e-10,-4.333133856630259e-10,-4.3331395222485295e-10,3.62601197527769e-16,3.6277022779882833e-16,3.580819296104986e-16,3.684098175222047e-16,3.6462699815820667e-16,-8.619578125510745e-07,-5.1680219055556795e-06,3.5591711611122576e-16,3.580819296104986e-16,3.66481641676729e-16,3.4196386433606644e-16,3.642708463506526e-16,3.5812304520287356e-16,3.449147008098008e-16,4.210439597273398e-16,-4.3331338557551966e-10,-4.3331338560995446e-10,3.6638710000979647e-16,3.674675215869374e-16,4.210553021107707e-16,3.6117936226462264e-16,3.5966773753240453e-16,-4.33313385603875e-10,3.6383353391832235e-16,3.4208861617119127e-16,3.5326323242619117e-16,3.4214232228265985e-16,-4.333133856559509e-10,3.420235330579018e-16
-2.8773476202476745e-06,3.4354257898270577e-16,4.1163855433790893e-16,3.5276413102388065e-16,3.527805700758862e-16,7.011859422770699e-13,-4.1987624779610645e-10,3.2966952676097294e-16,3.5476958143332227e-16,3.500596967807912e-16,3.5509018405127716e-16,3.296968112262526e-16,3.45890412500321e-16,3.558902261220493e-16,3.5476958143332227e-16,3.4354257898270577e-16,3.5564930238594807e-16,4.1163855433790893e-16,3.4149684886629777e-16,3.296968112262526e-16,3.975808170512261e-16,-4.1987624781254356e-10,-4.1987624789511764e-10,-4.1987679228604176e-10,3.5014715669412874e-16,3.500596967807912e-16,6.872702916013929e-13,3.5564938909741876e-16,3.519406452521178e-16,-8.352282835809774e-07,3.5591711611122576e-16,-5.168021956152308e-06,6.872702924202201e-13,3.536898516559666e-16,3.296675970269418e-16,3.5159359287259666e-16,6.872702921641761e-13,3.325749471079315e-16,4.064870951598234e-16,-4.1987624789511764e-10,-4.1987624774621086e-10,3.535774788570338e-16,3.5490979791990925e-16,4.0646632636413515e-16,3.4865791194678685e-16,3.4712168633113967e-16,-4.198762476951087e-10,3.510127823356118e-16,3.2967908292292907e-16,3.408103619594223e-16,3.296968112262526e-16,-4.1987624778767975e-10,3.296968112262526e-16
-2.882022589932566e-06,3.455742757891274e-16,4.1431602236877656e-16,3.5501223335338585e-16,3.549871755722452e-16,3.5457044646222506e-16,-4.2222643033256493e-10,3.319302423111256e-16,3.5667006399293275e-16,3.523397486475084e-16,3.572590903964396e-16,3.3188535623412546e-16,3.480392476787032e-16,3.5810590226906537e-16,3.5667006399293275e-16,3.455742757891274e-16,3.580173366225321e-16,4.142401758576061e-16,3.4374571598745215e-16,3.3188535623412546e-16,4.001521967899883e-16,-4.2222643031030923e-10,-4.2222643031030923e-10,-4.2222697866965244e-10,3.5226518967953747e-16,3.5226518967953747e-16,6.916570083077202e-13,3.5805951850813873e-16,3.540638393973871e-16,-8.399033322312358e-07,3.580819296104986e-16,6.872702924202201e-13,-5.168021948767491e-06,3.5601948391870763e-16,3.319302423111256e-16,3.5385602621577825e-16,6.916570088668824e-13,3.347082829862189e-16,4.089354005534587e-16,-4.2222643040967497e-10,-4.2222643038233184e-10,3.5586653473170326e-16,3.5729486228266157e-16,4.089354005534587e-16,3.5072479072813516e-16,3.4934473071901517e-16,-4.2222643033256493e-10,3.532386124441715e-16,3.318850382144382e-16,3.4313588548260833e-16,3.3188535623412546e-16,-4.222264303853409e-10,3.3188535623412546e-16
