1.0000000017040103,1.1370255414064948e-06,1.1924688824220373e-06,1.270212068181577e-06,1.0000070932269673,1.0000070932269656,1.1335384715381731e-06,1.1463995214955446e-06,1.1790016150974851e-06,1.1370255414932754e-06,1.1380940829646133e-06,1.0000070932269656,1.1674758249376608e-06,1.0000071576246996,1.1795838134576328e-06,1.0000071353212172,1.1520751323926753e-06,1.1384364897326192e-06,1.135289048157617e-06,1.1352890478293729e-06,1.265032843186133e-06,1.1839112135311866e-06,1.1386366233499758e-06,1.138094082950293e-06,1.1472605261551014e-06,1.1433079338982238e-06,1.1600829240941623e-06,1.0000070932269656,1.1362970933323166e-06,1.1455872733978609e-06,1.1414014433335963e-06,1.160082923192531e-06,1.0000071576246983,1.138636623543013e-06,1.180845918473566e-06,1.000007290830379,1.000007477421325,1.1318350757604983e-06,1.143307933941226e-06,1.1384364906852852e-06,1.1419259147530553e-06
1.1370255414064948e-06,-1.4621757658339965e-07,1.9071140805663528e-17,2.4597032235793306e-17,9.271094586434133e-11,9.271094578947701e-11,1.3918921951603632e-17,1.5166803097218372e-17,1.768616773120279e-17,2.8068650691871458e-14,1.4164500943235825e-17,9.271094578947701e-11,1.6454241011681505e-17,9.271095132210515e-11,1.7793281534162073e-17,9.271094945625815e-11,3.1284798572603726e-14,1.4402344957679517e-17,1.3856407465112599e-17,1.3954670541880553e-17,2.4111336569960413e-17,1.8286094393758214e-17,1.4197018193385642e-17,1.4268426009351733e-17,1.5364414152432357e-17,1.4824971854980748e-17,1.57557904187401e-17,9.271094578947701e-11,1.411269795412347e-17,1.4996532575518418e-17,1.452749684660905e-17,1.57557904187401e-17,9.27109514120634e-11,1.4197018193385642e-17,1.798612286786926e-17,9.271096259187982e-11,1.841098550299435e-07,1.3586981305031574e-17,1.4824971854980748e-17,1.4167746844024353e-17,1.4703806282919624e-17
1.1924688824220373e-06,1.9071140805663528e-17,-1.4621755294985198e-07,3.339254935444207e-17,1.206303358815124e-10,1.2063033596689395e-10,1.8716131282024254e-17,4.0686296355260365e-14,4.767773654474304e-14,1.9036433217577322e-17,1.9326719940317825e-17,1.206303360294313e-10,2.25349985600638e-17,1.2063034335849118e-10,4.783052603249738e-14,1.206303409188173e-10,4.2209299284030585e-14,1.9317025721086153e-17,1.891994920906325e-17,1.891994920906325e-17,3.257461438534574e-17,4.900756227581657e-14,1.9521226326859755e-17,1.9449064073448708e-17,4.0951583492135266e-14,2.0084841200417616e-17,2.14352209701641e-17,1.2063033596689395e-10,1.9047839235619855e-17,4.045424295566069e-14,1.9836585868437703e-17,2.14352209701641e-17,1.2063034322776604e-10,1.949291831955707e-17,4.817248028975032e-14,2.395534812619735e-07,2.3955352327175127e-07,1.8460978662980653e-17,2.0084841200417616e-17,1.9452676231798883e-17,1.980143538748467e-17
1.270212068181577e-06,2.4597032235793306e-17,3.339254935444207e-17,-1.4621752064631875e-07,1.597791906337288e-10,1.59779190569248e-10,2.4180714224603006e-17,2.6478813764955027e-17,3.095191843927626e-17,2.4597032235793306e-17,2.4820672525051823e-17,1.59779190569248e-10,5.736250860689296e-14,3.172971050704602e-07,3.1111405319988035e-17,3.1729709866141645e-07,2.756700056782868e-17,2.4907783337812435e-17,2.4658731900660872e-17,2.4658731900660872e-17,8.354183490047098e-14,3.189380839427048e-17,2.4967261297721964e-17,2.4850114138530797e-17,2.653258218073611e-17,2.580527131472507e-17,2.741577737801497e-17,1.5977919047246222e-10,2.4610993562250147e-17,2.6151924057671033e-17,2.552562955747748e-17,2.7475998476198805e-17,3.1729710507046e-07,2.4934232671569856e-17,3.13024731481241e-17,1.597792196357019e-10,3.172971993273249e-07,2.38087478656332e-17,2.5656039317126374e-17,2.4907783337812435e-17,2.567705031559609e-17
1.0000070932269673,9.271094586434133e-11,1.206303358815124e-10,1.597791906337288e-10,1.0000115007677897,1.0000116469854838,9.095497442609329e-11,9.743136164700533e-11,1.1384867697926066e-10,9.271094427283352e-11,9.324902554102827e-11,1.000011646985484,1.0804468059642718e-10,1.0000117113835822,1.1414185280843388e-10,1.0000116890799742,1.0028940725886962e-10,9.342144989608838e-11,9.183650448378542e-11,9.183650432561783e-11,1.5717110972524877e-10,1.1632098465654689e-10,9.352222980535329e-11,9.324902548272228e-11,9.786493374004901e-11,9.587454347604337e-11,1.0432186663884773e-10,1.000011646985484,9.234412217325961e-11,9.702234098426938e-11,9.491449911042254e-11,1.0432186671302784e-10,1.0000117113835822,9.352222983533302e-11,1.1477740579560406e-10,1.000011844590015,1.000012031182013,9.00972023069363e-11,9.587454311189265e-11,9.342145034613818e-11,9.517860583359602e-11
1.0000070932269656,9.271094578947701e-11,1.2063033596689395e-10,1.59779190569248e-10,1.0000116469854838,1.0000115007677883,9.095497456060861e-11,9.743136166883482e-11,1.1384867697926066e-10,9.271094427283352e-11,9.324902546051107e-11,1.000011646985483,1.0804468061177911e-10,1.0000117113835816,1.1414185274848141e-10,1.0000116890799733,1.0028940725886962e-10,9.342144988015185e-11,9.183650458350052e-11,9.183650432561783e-11,1.5717110942236372e-10,1.1632098472205785e-10,9.352222982386532e-11,9.324902560361294e-11,9.786493359325913e-11,9.587454347604337e-11,1.0432186670432082e-10,1.0000116469854834,9.234412207909742e-11,9.702234106849312e-11,9.491449919915236e-11,1.0432186671302784e-10,1.000011711383582,9.352222978138564e-11,1.1477740579676877e-10,1.0000118445900144,1.0000120311820127,9.009720236004966e-11,9.587454311189265e-11,9.342145034613818e-11,9.517860583359602e-11
1.1335384715381731e-06,1.3918921951603632e-17,1.8716131282024254e-17,2.4180714224603006e-17,9.095497442609329e-11,9.095497456060861e-11,-1.4621757909808605e-07,1.4614783742178678e-17,1.7274171873616556e-17,1.3872866173614509e-17,1.3680881362344025e-17,9.095497456467833e-11,1.6280763521696934e-17,9.095497978175798e-11,1.742409891820945e-17,9.09549780870718e-11,1.5311395715277006e-17,1.401772962530395e-17,1.3530707406728509e-17,1.3530707406728509e-17,2.3478500612096827e-17,1.778305154868039e-17,1.3920213533818118e-17,1.3912318490107962e-17,1.4876355363604672e-17,1.4467699500536146e-17,1.5410722502221266e-17,9.095497456467833e-11,1.3583803806721323e-17,1.4693810615715966e-17,1.423327922364617e-17,1.5410722502221266e-17,9.095497978175798e-11,1.3920213533818118e-17,1.7656937102611094e-17,9.095499089588115e-11,1.8062276274943805e-07,1.3494294880073409e-17,1.4562084511213358e-17,1.419029254315277e-17,2.8366821430820027e-14
1.1463995214955446e-06,1.5166803097218372e-17,4.0686296355260365e-14,2.6478813764955027e-17,9.743136164700533e-11,9.743136166883482e-11,1.4614783742178678e-17,-1.462175736629262e-07,1.897921863191853e-17,1.5044902085553295e-17,1.5348231969528287e-17,9.743136166883482e-11,1.763538747992686e-17,9.74313673367237e-11,3.7832957581306343e-14,9.743136546953651e-11,3.341622722842046e-14,1.5254000193885373e-17,1.4876325047288624e-17,1.4876325047288624e-17,2.5745285279057078e-17,1.9490035937899234e-17,1.526767667225266e-17,1.526326824767528e-17,3.238796647579998e-14,1.5725499269870543e-17,1.6872477094508233e-17,9.743136165752735e-11,1.5031439726446797e-17,3.1973984109539165e-14,1.5519751244140276e-17,1.6872477094508233e-17,9.74313673367237e-11,1.524457014196418e-17,1.9074131866474644e-17,9.743137954060307e-11,1.934838839247071e-07,1.4595850627950575e-17,1.572549927094487e-17,1.5254000193885373e-17,1.5775193264944076e-17
1.1790016150974851e-06,1.768616773120279e-17,4.767773654474304e-14,3.095191843927626e-17,1.1384867697926066e-10,1.1384867697926066e-10,1.7274171873616556e-17,1.897921863191853e-17,-1.462175599932418e-07,1.7978174913599877e-17,1.794459122232375e-17,1.1384867697926066e-10,2.0778082183400816e-17,1.1384868364598607e-10,4.435258242117575e-14,1.1384868130192244e-10,3.9165470594071067e-14,1.793910001205679e-17,1.7430034093785142e-17,1.744288554373202e-17,3.0286820302747e-17,4.5480027860527455e-14,1.7959371219692885e-17,1.783754909416076e-17,1.9289469268900182e-17,1.8455676038619227e-17,1.9769401952572633e-17,1.1384867697926066e-10,1.7652247680262803e-17,1.8894821303667025e-17,1.8376624653597094e-17,1.9868056839950298e-17,1.1384868357710645e-10,1.8114649783839584e-17,4.468022507619567e-14,2.2608613886225236e-07,2.2608617821505644e-07,1.7089592784177462e-17,1.8455676038619227e-17,1.793910001205679e-17,1.8386959030707852e-17
1.1370255414932754e-06,2.8068650691871458e-14,1.9036433217577322e-17,2.4597032235793306e-17,9.271094427283352e-11,9.271094427283352e-11,1.3872866173614509e-17,1.5044902085553295e-17,1.7978174913599877e-17,-1.4621757658339965e-07,1.4268426009351733e-17,9.271094438265442e-11,1.6556877718304488e-17,9.271094974400298e-11,1.7793281534162073e-17,9.271094778214681e-11,3.128479905602974e-14,1.4402344957679517e-17,1.3954670541880553e-17,1.3910142567670784e-17,2.4148608306675205e-17,1.8301246875900516e-17,1.432835078374994e-17,1.4164500943235825e-17,1.531951645891602e-17,1.4814461935470686e-17,1.5749798346799792e-17,9.271094424241027e-11,1.4126267212927558e-17,1.504162278437078e-17,1.452749684660905e-17,1.5749798346799792e-17,9.271094974400298e-11,1.420097992476038e-17,1.79094319400621e-17,9.271096104929225e-11,1.8410985180346699e-07,1.3510976735981845e-17,1.482912303595833e-17,1.4402344957679517e-17,1.4703806282919624e-17
1.1380940829646133e-06,1.4164500943235825e-17,1.9326719940317825e-17,2.4820672525051823e-17,9.324902554102827e-11,9.324902546051107e-11,1.3680881362344025e-17,1.5348231969528287e-17,1.794459122232375e-17,1.4268426009351733e-17,-1.462175757788011e-07,9.324902546375226e-11,1.6624835191339243e-17,9.324903091876735e-11,1.7969635323975837e-17,9.32490291413167e-11,1.5834179847807675e-17,1.4391441076325133e-17,1.3832142305007478e-17,1.3832142305007478e-17,2.420265667049431e-17,1.8296324560800667e-17,1.455051371040208e-17,1.4645725695727356e-17,1.5161779093019968e-17,2.96564863695988e-14,1.575892762686687e-17,9.324902545217196e-11,1.412336596782667e-17,1.4995667156341255e-17,1.463471660986638e-17,1.5767590033757763e-17,9.324903091003658e-11,1.426528623157002e-17,1.790285487744883e-17,9.324904246156893e-11,1.8517839941980968e-07,1.3616861521042489e-17,2.9656486460658467e-14,1.4391441076322365e-17,1.4849948041274846e-17
1.0000070932269656,9.271094578947701e-11,1.206303360294313e-10,1.59779190569248e-10,1.000011646985484,1.000011646985483,9.095497456467833e-11,9.743136166883482e-11,1.1384867697926066e-10,9.271094438265442e-11,9.324902546375226e-11,1.0000115007677906,1.0804468059333219e-10,1.000011711383582,1.1414185280843388e-10,1.0000116890799724,1.0028940725886962e-10,9.342144989608838e-11,9.183650448378542e-11,9.183650432561783e-11,1.5717110972524877e-10,1.1632098472205785e-10,9.352222980535329e-11,9.324902568520181e-11,9.786493363592357e-11,9.587454347604337e-11,1.0432186659218906e-10,1.0000116469854827,9.234412217325961e-11,9.702234098426938e-11,9.491449919915236e-11,1.0432186670455964e-10,1.0000117113835816,9.35222298840914e-11,1.1477740579569053e-10,1.0000118445900144,1.000012031182013,9.009720238184026e-11,9.587454289241723e-11,9.342145030554008e-11,9.517860584736324e-11
1.1674758249376608e-06,1.6454241011681505e-17,2.25349985600638e-17,5.736250860689296e-14,1.0804468059642718e-10,1.0804468061177911e-10,1.6280763521696934e-17,1.763538747992686e-17,2.0778082183400816e-17,1.6556877718304488e-17,1.6624835191339243e-17,1.0804468059333219e-10,-1.462175654795062e-07,1.0804468696014551e-10,2.0805814816375545e-17,2.1456025506932029e-07,1.846937568349389e-17,1.688849308079753e-17,1.6280969365812024e-17,1.632402442111191e-17,2.8085125241327324e-17,2.1484320437690314e-17,1.692001258132973e-17,1.671798799576098e-17,1.7832358409245648e-17,1.7336930077430272e-17,1.8393380389085196e-17,1.0804468061177911e-10,3.2674422988465755e-14,1.7615260039937146e-17,1.703721288410746e-17,1.8393380389085196e-17,1.0804468712003632e-10,1.692001258132973e-17,2.095294592949545e-17,1.080447002641677e-10,2.1456032288001293e-07,1.595362309019687e-17,1.7319815897693644e-17,1.6631183439922365e-17,1.7144274894698594e-17
1.0000071576246996,9.271095132210515e-11,1.2063034335849118e-10,3.172971050704602e-07,1.0000117113835822,1.0000117113835816,9.095497978175798e-11,9.74313673367237e-11,1.1384868364598607e-10,9.271094974400298e-11,9.324903091876735e-11,1.000011711383582,1.0804468696014551e-10,1.0000116295639856,1.1414185968288484e-10,1.0000117534780752,1.0028941331420355e-10,9.34214555785743e-11,9.183650992371106e-11,9.183650974154939e-11,3.1211785443012197e-07,1.1632099141944137e-10,9.352223529202546e-11,9.324903108596922e-11,9.786493946431809e-11,9.587454922564252e-11,1.0432187279827089e-10,1.0000117113835811,9.234412752051007e-11,9.702234674656158e-11,9.491450471891738e-11,1.0432187287787205e-10,1.0000117757816838,9.352223523735335e-11,1.1477741265948695e-10,1.0000119089881243,1.0000120955801357,9.009720765622462e-11,9.587454873391292e-11,9.342145615882995e-11,9.517861146147498e-11
1.1795838134576328e-06,1.7793281534162073e-17,4.783052603249738e-14,3.1111405319988035e-17,1.1414185280843388e-10,1.1414185274848141e-10,1.742409891820945e-17,3.7832957581306343e-14,4.435258242117575e-14,1.7793281534162073e-17,1.7969635323975837e-17,1.1414185280843388e-10,2.0805814816375545e-17,1.1414185968288484e-10,-1.4621756087278752e-07,1.1414185723587953e-10,1.9718260496653886e-17,1.7945256804309035e-17,1.749857936541254e-17,1.749857936541254e-17,3.0242293521373946e-17,4.562829370845729e-14,1.8101313972744502e-17,1.7969635323975837e-17,1.9374379167061847e-17,1.8589035834334526e-17,1.977161967899167e-17,1.141418526422619e-10,1.7549646211510508e-17,1.880328082505158e-17,1.8422639014464785e-17,1.9769438605859706e-17,1.1414185961113624e-10,1.80172816054221e-17,4.4826893461219924e-14,2.2666834145163574e-07,2.2666838091746972e-07,1.7120317813350795e-17,1.8589035834334526e-17,1.804265679012517e-17,1.8472362342551666e-17
1.0000071353212172,9.271094945625815e-11,1.206303409188173e-10,3.1729709866141645e-07,1.0000116890799742,1.0000116890799733,9.09549780870718e-11,9.743136546953651e-11,1.1384868130192244e-10,9.271094778214681e-11,9.32490291413167e-11,1.0000116890799724,2.1456025506932029e-07,1.0000117534780752,1.1414185723587953e-10,1.0000115849567677,1.0028941126954319e-10,9.342145377893924e-11,9.18365080143123e-11,9.183650790402765e-11,1.5717111564896301e-10,1.1632098932123228e-10,9.352223349977066e-11,9.32490291065221e-11,9.786493752729995e-11,9.587454737247101e-11,1.0432187071068525e-10,1.0000116890799728,9.234412568266224e-11,9.702234483042805e-11,9.491450280403598e-11,1.0432187070515227e-10,1.0000117534780748,9.352223351639333e-11,1.1477741029322548e-10,1.0000118866845131,1.0000120732765172,9.009720592407301e-11,9.587454674027684e-11,9.342145414506498e-11,9.517860937708873e-11
1.1520751323926753e-06,3.1284798572603726e-14,4.2209299284030585e-14,2.756700056782868e-17,1.0028940725886962e-10,1.0028940725886962e-10,1.5311395715277006e-17,3.341622722842046e-14,3.9165470594071067e-14,3.128479905602974e-14,1.5834179847807675e-17,1.0028940725886962e-10,1.846937568349389e-17,1.0028941331420355e-10,1.9718260496653886e-17,1.0028941126954319e-10,-1.462175698071996e-07,1.5902646485763048e-17,1.537462745773089e-17,1.5603814030772123e-17,2.6850300792274888e-17,2.018087642076509e-17,1.5795560357711277e-17,1.579278701054027e-17,3.364171277794173e-14,1.63763068430224e-17,1.7445579600475385e-17,1.0028940725886962e-10,1.562235082550863e-17,3.3220744300543334e-14,1.6199161268077118e-17,1.7445579600475385e-17,1.0028941322740096e-10,1.5797852226800687e-17,1.9861137845216196e-17,1.0028942574310416e-10,1.9915952848144148e-07,1.4994982437326737e-17,1.63763068430224e-17,1.5844512218713553e-17,1.63656998329904e-17
1.1384364897326192e-06,1.4402344957679517e-17,1.9317025721086153e-17,2.4907783337812435e-17,9.342144989608838e-11,9.342144988015185e-11,1.401772962530395e-17,1.5254000193885373e-17,1.793910001205679e-17,1.4402344957679517e-17,1.4391441076325133e-17,9.342144989608838e-11,1.688849308079753e-17,9.34214555785743e-11,1.7945256804309035e-17,9.342145377893924e-11,1.5902646485763048e-17,-1.4621757708404647e-07,1.3998104597878423e-17,1.3990621526907168e-17,2.4447427579952223e-17,1.84643565601206e-17,1.4325339529365064e-17,1.4391441076322365e-17,1.5427199384975606e-17,1.491152967479118e-17,1.5859971254041898e-17,9.342144989608838e-11,1.4094672504619102e-17,1.5266157281710738e-17,1.4790323282450147e-17,1.6084719407173718e-17,9.342145555861588e-11,1.4342227712846337e-17,1.8063590178341426e-17,9.342146702443663e-11,1.8552080847659114e-07,1.3742879579506822e-17,1.496069322804821e-17,2.868767003189396e-14,2.942994716816837e-14
1.135289048157617e-06,1.3856407465112599e-17,1.891994920906325e-17,2.4658731900660872e-17,9.183650448378542e-11,9.183650458350052e-11,1.3530707406728509e-17,1.4876325047288624e-17,1.7430034093785142e-17,1.3954670541880553e-17,1.3832142305007478e-17,9.183650448378542e-11,1.6280969365812024e-17,9.183650992371106e-11,1.749857936541254e-17,9.18365080143123e-11,1.537462745773089e-17,1.3998104597878423e-17,-1.4621757605508855e-07,2.7344827738240807e-14,2.387446944000612e-17,1.7989438284890954e-17,1.4059561840991737e-17,1.3832142305007478e-17,1.517617406151298e-17,1.4709890213958778e-17,1.543950793077034e-17,9.183650446121024e-11,1.3730511498524087e-17,1.4777259771094096e-17,1.4364383640322724e-17,1.543950793077034e-17,9.183650988866701e-11,1.416799308121542e-17,1.776785069793679e-17,9.183652117719459e-11,1.8237334733114322e-07,1.3310086885262885e-17,1.4709890213958778e-17,1.3998104597878423e-17,1.447815864334888e-17
1.1352890478293729e-06,1.3954670541880553e-17,1.891994920906325e-17,2.4658731900660872e-17,9.183650432561783e-11,9.183650432561783e-11,1.3530707406728509e-17,1.4876325047288624e-17,1.744288554373202e-17,1.3910142567670784e-17,1.3832142305007478e-17,9.183650432561783e-11,1.632402442111191e-17,9.183650974154939e-11,1.749857936541254e-17,9.183650790402765e-11,1.5603814030772123e-17,1.3990621526907168e-17,2.7344827738240807e-14,-1.4621757605508855e-07,2.382510216227861e-17,1.800385350472088e-17,1.4059561841807783e-17,1.3832142305007478e-17,1.5086700597042263e-17,1.4709890213958778e-17,1.5484618729564193e-17,9.183650432561783e-11,1.3730511498524087e-17,1.4810607734425378e-17,1.4360663069563153e-17,1.543950793077034e-17,9.183650977907114e-11,1.4059561841807783e-17,1.776785069793679e-17,9.183652101405577e-11,1.8237334704000367e-07,1.323461167365775e-17,1.4709890213958778e-17,1.3990621526907168e-17,1.4306846290498235e-17
1.265032843186133e-06,2.4111336569960413e-17,3.257461438534574e-17,8.354183490047098e-14,1.5717110972524877e-10,1.5717110942236372e-10,2.3478500612096827e-17,2.5745285279057078e-17,3.0286820302747e-17,2.4148608306675205e-17,2.420265667049431e-17,1.5717110972524877e-10,2.8085125241327324e-17,3.1211785443012197e-07,3.0242293521373946e-17,1.5717111564896301e-10,2.6850300792274888e-17,2.4447427579952223e-17,2.387446944000612e-17,2.382510216227861e-17,-1.462175225717073e-07,6.187956681236202e-14,2.4439886119460393e-17,2.429922164582647e-17,2.6142813842106284e-17,2.506642507132346e-17,2.684740021919071e-17,1.57171109410763e-10,2.4057535056534592e-17,2.564414937838977e-17,2.492432463148069e-17,2.689709661907929e-17,3.121178544301218e-07,2.4439886119460393e-17,3.059458419299394e-17,3.1211789287265437e-07,3.1211794687660756e-07,2.3053519410424875e-17,2.52537162603326e-17,2.438530660773022e-17,2.4993856057945892e-17
1.1839112135311866e-06,1.8286094393758214e-17,4.900756227581657e-14,3.189380839427048e-17,1.1632098465654689e-10,1.1632098472205785e-10,1.778305154868039e-17,1.9490035937899234e-17,4.5480027860527455e-14,1.8301246875900516e-17,1.8296324560800667e-17,1.1632098472205785e-10,2.1484320437690314e-17,1.1632099141944137e-10,4.562829370845729e-14,1.1632098932123228e-10,2.018087642076509e-17,1.84643565601206e-17,1.7989438284890954e-17,1.800385350472088e-17,6.187956681236202e-14,-1.4621755846590966e-07,1.8550987005485503e-17,1.8296324560800667e-17,3.906025601114946e-14,1.925830378906746e-17,2.035929595264616e-17,1.1632098472205785e-10,1.8177012977443107e-17,1.9432202531120073e-17,1.8924606726458543e-17,2.035929595264616e-17,1.1632099153412495e-10,1.8525420916372432e-17,4.5961173915394716e-14,2.3099576552708865e-07,2.309958058515263e-07,1.7627195297320704e-17,1.9099430167457796e-17,1.8568810858668292e-17,1.8991238440516484e-17
1.1386366233499758e-06,1.4197018193385642e-17,1.9521226326859755e-17,2.4967261297721964e-17,9.352222980535329e-11,9.352222982386532e-11,1.3920213533818118e-17,1.526767667225266e-17,1.7959371219692885e-17,1.432835078374994e-17,1.455051371040208e-17,9.352222980535329e-11,1.692001258132973e-17,9.352223529202546e-11,1.8101313972744502e-17,9.352223349977066e-11,1.5795560357711277e-17,1.4325339529365064e-17,1.4059561840991737e-17,1.4059561841807783e-17,2.4439886119460393e-17,1.8550987005485503e-17,-1.4621757642736504e-07,1.426535607484778e-17,1.5288377219877533e-17,1.4868164545821213e-17,1.573055990173451e-17,9.352222980535329e-11,1.419435153100488e-17,1.5224078776650115e-17,2.9360711637310974e-14,1.582520320304493e-17,9.352223528307135e-11,2.8772995073414284e-14,1.8104960562600185e-17,9.352224685371121e-11,1.8572094172350404e-07,1.3738946477562663e-17,1.4868164545821213e-17,1.4325339529365064e-17,1.4840850686907757e-17
1.138094082950293e-06,1.4268426009351733e-17,1.9449064073448708e-17,2.4850114138530797e-17,9.324902548272228e-11,9.324902560361294e-11,1.3912318490107962e-17,1.526326824767528e-17,1.783754909416076e-17,1.4164500943235825e-17,1.4645725695727356e-17,9.324902568520181e-11,1.671798799576098e-17,9.324903108596922e-11,1.7969635323975837e-17,9.32490291065221e-11,1.579278701054027e-17,1.4391441076322365e-17,1.3832142305007478e-17,1.3832142305007478e-17,2.429922164582647e-17,1.8296324560800667e-17,1.426535607484778e-17,-1.462175757788011e-07,1.5151293048251228e-17,2.9656486335314174e-14,1.592397273022664e-17,9.324902573258774e-11,1.412336596782667e-17,1.5162211574162953e-17,1.4591620783729154e-17,1.575892762686687e-17,9.324903107447486e-11,1.455051371040208e-17,1.8149974617271554e-17,9.32490425405075e-11,1.8517839971613053e-07,1.3564385904484964e-17,2.9656486426373884e-14,1.4461128342875708e-17,1.464875172245777e-17
1.1472605261551014e-06,1.5364414152432357e-17,4.0951583492135266e-14,2.653258218073611e-17,9.786493374004901e-11,9.786493359325913e-11,1.4876355363604672e-17,3.238796647579998e-14,1.9289469268900182e-17,1.531951645891602e-17,1.5161779093019968e-17,9.786493363592357e-11,1.7832358409245648e-17,9.786493946431809e-11,1.9374379167061847e-17,9.786493752729995e-11,3.364171277794173e-14,1.5427199384975606e-17,1.517617406151298e-17,1.5086700597042263e-17,2.6142813842106284e-17,3.906025601114946e-14,1.5288377219877533e-17,1.5151293048251228e-17,-1.4621757286759017e-07,1.5894129068038867e-17,1.685321054440561e-17,9.78649336997839e-11,1.5213623972396726e-17,3.21957829026303e-14,1.5519879135944704e-17,1.699795602865344e-17,9.78649395765281e-11,1.5266087532839313e-17,3.837309620427178e-14,9.786495180961991e-11,1.9434489211706246e-07,1.46896004677772e-17,1.5942359356976948e-17,1.5454729421295405e-17,1.5804569525447588e-17
1.1433079338982238e-06,1.4824971854980748e-17,2.0084841200417616e-17,2.580527131472507e-17,9.587454347604337e-11,9.587454347604337e-11,1.4467699500536146e-17,1.5725499269870543e-17,1.8455676038619227e-17,1.4814461935470686e-17,2.96564863695988e-14,9.587454347604337e-11,1.7336930077430272e-17,9.587454922564252e-11,1.8589035834334526e-17,9.587454737247101e-11,1.63763068430224e-17,1.491152967479118e-17,1.4709890213958778e-17,1.4709890213958778e-17,2.506642507132346e-17,1.925830378906746e-17,1.4868164545821213e-17,2.9656486335314174e-14,1.5894129068038867e-17,-1.462175737779533e-07,1.6608322445236478e-17,9.587454342771633e-11,1.472645034461752e-17,1.5659318345238672e-17,1.5226345508112478e-17,1.6414251670953824e-17,9.587454923815964e-11,1.5007150854459088e-17,1.8752025100644984e-17,9.58745610811919e-11,1.9039227972306145e-07,1.407867684738604e-17,3.079188672443868e-14,1.4777550112104765e-17,1.5443459568751662e-17
1.1600829240941623e-06,1.57557904187401e-17,2.14352209701641e-17,2.741577737801497e-17,1.0432186663884773e-10,1.0432186670432082e-10,1.5410722502221266e-17,1.6872477094508233e-17,1.9769401952572633e-17,1.5749798346799792e-17,1.575892762686687e-17,1.0432186659218906e-10,1.8393380389085196e-17,1.0432187279827089e-10,1.977161967899167e-17,1.0432187071068525e-10,1.7445579600475385e-17,1.5859971254041898e-17,1.543950793077034e-17,1.5484618729564193e-17,2.684740021919071e-17,2.035929595264616e-17,1.573055990173451e-17,1.592397273022664e-17,1.685321054440561e-17,1.6608322445236478e-17,-1.4621756804263828e-07,1.0432186659344956e-10,1.5789999457263398e-17,1.6693546703112884e-17,1.6080501309939574e-17,1.7994824485909037e-17,1.0432187279827089e-10,1.577055320471939e-17,2.0151521776406323e-17,2.0716734423917404e-07,2.0716737985752257e-07,1.4979684452758778e-17,1.6325039974650495e-17,1.6084719407173718e-17,1.6495800044867282e-17
1.0000070932269656,9.271094578947701e-11,1.2063033596689395e-10,1.5977919047246222e-10,1.000011646985484,1.0000116469854834,9.095497456467833e-11,9.743136165752735e-11,1.1384867697926066e-10,9.271094424241027e-11,9.324902545217196e-11,1.0000116469854827,1.0804468061177911e-10,1.0000117113835811,1.141418526422619e-10,1.0000116890799728,1.0028940725886962e-10,9.342144989608838e-11,9.183650446121024e-11,9.183650432561783e-11,1.57171109410763e-10,1.1632098472205785e-10,9.352222980535329e-11,9.324902573258774e-11,9.78649336997839e-11,9.587454342771633e-11,1.0432186659344956e-10,1.0000115007677894,9.234412209891907e-11,9.702234111576669e-11,9.491449911089569e-11,1.0432186672246706e-10,1.0000117113835811,9.352222971179679e-11,1.1477740579220992e-10,1.0000118445900144,1.0000120311820135,9.009720235996309e-11,9.587454311189265e-11,9.34214503933661e-11,9.51786058924684e-11
1.1362970933323166e-06,1.411269795412347e-17,1.9047839235619855e-17,2.4610993562250147e-17,9.234412217325961e-11,9.234412207909742e-11,1.3583803806721323e-17,1.5031439726446797e-17,1.7652247680262803e-17,1.4126267212927558e-17,1.412336596782667e-17,9.234412217325961e-11,3.2674422988465755e-14,9.234412752051007e-11,1.7549646211510508e-17,9.234412568266224e-11,1.562235082550863e-17,1.4094672504619102e-17,1.3730511498524087e-17,1.3730511498524087e-17,2.4057535056534592e-17,1.8177012977443107e-17,1.419435153100488e-17,1.412336596782667e-17,1.5213623972396726e-17,1.472645034461752e-17,1.5789999457263398e-17,9.234412209891907e-11,-1.462175757717832e-07,1.5015069466327813e-17,2.8851762020162865e-14,1.5789999457263398e-17,9.234412765003477e-11,1.419435153100488e-17,1.8086472298264267e-17,9.234413891467428e-11,1.8338139883035683e-07,1.3550150127228686e-17,1.472645034461752e-17,1.4094672504619102e-17,1.4619231683391344e-17
1.1455872733978609e-06,1.4996532575518418e-17,4.045424295566069e-14,2.6151924057671033e-17,9.702234098426938e-11,9.702234106849312e-11,1.4693810615715966e-17,3.1973984109539165e-14,1.8894821303667025e-17,1.504162278437078e-17,1.4995667156341255e-17,9.702234098426938e-11,1.7615260039937146e-17,9.702234674656158e-11,1.880328082505158e-17,9.702234483042805e-11,3.3220744300543334e-14,1.5266157281710738e-17,1.4777259771094096e-17,1.4810607734425378e-17,2.564414937838977e-17,1.9432202531120073e-17,1.5224078776650115e-17,1.5162211574162953e-17,3.21957829026303e-14,1.5659318345238672e-17,1.6693546703112884e-17,9.702234111576669e-11,1.5015069466327813e-17,-1.462175720577063e-07,1.545517202854038e-17,1.6743475481664687e-17,9.702234679642043e-11,1.5275339754461946e-17,1.8977998253980603e-17,9.702235880116248e-11,1.926716311553015e-07,1.437440625363392e-17,1.5659318345238672e-17,1.5255190712852962e-17,1.562167971477778e-17
1.1414014433335963e-06,1.452749684660905e-17,1.9836585868437703e-17,2.552562955747748e-17,9.491449911042254e-11,9.491449919915236e-11,1.423327922364617e-17,1.5519751244140276e-17,1.8376624653597094e-17,1.452749684660905e-17,1.463471660986638e-17,9.491449919915236e-11,1.703721288410746e-17,9.491450471891738e-11,1.8422639014464785e-17,9.491450280403598e-11,1.6199161268077118e-17,1.4790323282450147e-17,1.4364383640322724e-17,1.4360663069563153e-17,2.492432463148069e-17,1.8924606726458543e-17,2.9360711637310974e-14,1.4591620783729154e-17,1.5519879135944704e-17,1.5226345508112478e-17,1.6080501309939574e-17,9.491449911089569e-11,2.8851762020162865e-14,1.545517202854038e-17,-1.4621757511934894e-07,1.621720476378369e-17,9.491450473840106e-11,2.9360711677425794e-14,1.8456090079166417e-17,9.491451650175929e-11,1.8848577731495025e-07,1.3899367785716448e-17,1.5226345508112478e-17,1.4790323282450147e-17,1.517879761780209e-17
1.160082923192531e-06,1.57557904187401e-17,2.14352209701641e-17,2.7475998476198805e-17,1.0432186671302784e-10,1.0432186671302784e-10,1.5410722502221266e-17,1.6872477094508233e-17,1.9868056839950298e-17,1.5749798346799792e-17,1.5767590033757763e-17,1.0432186670455964e-10,1.8393380389085196e-17,1.0432187287787205e-10,1.9769438605859706e-17,1.0432187070515227e-10,1.7445579600475385e-17,1.6084719407173718e-17,1.543950793077034e-17,1.543950793077034e-17,2.689709661907929e-17,2.035929595264616e-17,1.582520320304493e-17,1.575892762686687e-17,1.699795602865344e-17,1.6414251670953824e-17,1.7994824485909037e-17,1.0432186672246706e-10,1.5789999457263398e-17,1.6743475481664687e-17,1.621720476378369e-17,-1.4621756804263828e-07,1.0432187287787205e-10,1.582520320304493e-17,2.0151521776406323e-17,2.071673441773653e-07,2.071673797957136e-07,1.4928142956020954e-17,1.6325039974650495e-17,1.6084719407173718e-17,1.6275014282546187e-17
1.0000071576246983,9.27109514120634e-11,1.2063034322776604e-10,3.1729710507046e-07,1.0000117113835822,1.000011711383582,9.095497978175798e-11,9.74313673367237e-11,1.1384868357710645e-10,9.271094974400298e-11,9.324903091003658e-11,1.0000117113835816,1.0804468712003632e-10,1.0000117757816838,1.1414185961113624e-10,1.0000117534780748,1.0028941322740096e-10,9.342145555861588e-11,9.183650988866701e-11,9.183650977907114e-11,3.121178544301218e-07,1.1632099153412495e-10,9.352223528307135e-11,9.324903107447486e-11,9.78649395765281e-11,9.587454923815964e-11,1.0432187279827089e-10,1.0000117113835811,9.234412765003477e-11,9.702234679642043e-11,9.491450473840106e-11,1.0432187287787205e-10,1.0000116295639856,9.352223523131873e-11,1.1477741267821006e-10,1.0000119089881245,1.000012095580135,9.009720766937257e-11,9.587454857920846e-11,9.342145605427569e-11,9.517861130945739e-11
1.138636623543013e-06,1.4197018193385642e-17,1.949291831955707e-17,2.4934232671569856e-17,9.352222983533302e-11,9.352222978138564e-11,1.3920213533818118e-17,1.524457014196418e-17,1.8114649783839584e-17,1.420097992476038e-17,1.426528623157002e-17,9.35222298840914e-11,1.692001258132973e-17,9.352223523735335e-11,1.80172816054221e-17,9.352223351639333e-11,1.5797852226800687e-17,1.4342227712846337e-17,1.416799308121542e-17,1.4059561841807783e-17,2.4439886119460393e-17,1.8525420916372432e-17,2.8772995073414284e-14,1.455051371040208e-17,1.5266087532839313e-17,1.5007150854459088e-17,1.577055320471939e-17,9.352222971179679e-11,1.419435153100488e-17,1.5275339754461946e-17,2.9360711677425794e-14,1.582520320304493e-17,9.352223523131873e-11,-1.4621757642736504e-07,1.8104960562600185e-17,9.35222469176248e-11,1.8572094167454967e-07,1.3738946477562663e-17,1.4954301107193592e-17,1.4325339529365064e-17,1.4712444352189277e-17
1.180845918473566e-06,1.798612286786926e-17,4.817248028975032e-14,3.13024731481241e-17,1.1477740579560406e-10,1.1477740579676877e-10,1.7656937102611094e-17,1.9074131866474644e-17,4.468022507619567e-14,1.79094319400621e-17,1.790285487744883e-17,1.1477740579569053e-10,2.095294592949545e-17,1.1477741265948695e-10,4.4826893461219924e-14,1.1477741029322548e-10,1.9861137845216196e-17,1.8063590178341426e-17,1.776785069793679e-17,1.776785069793679e-17,3.059458419299394e-17,4.5961173915394716e-14,1.8104960562600185e-17,1.8149974617271554e-17,3.837309620427178e-14,1.8752025100644984e-17,2.0151521776406323e-17,1.1477740579220992e-10,1.8086472298264267e-17,1.8977998253980603e-17,1.8456090079166417e-17,2.0151521776406323e-17,1.1477741267821006e-10,1.8104960562600185e-17,-1.4621755988807512e-07,2.2793045313928277e-07,2.2793049285513036e-07,1.72500671202991e-17,1.890421239490412e-17,1.8060926460567687e-17,1.859775489466233e-17
1.000007290830379,9.271096259187982e-11,2.395534812619735e-07,1.597792196357019e-10,1.000011844590015,1.0000118445900144,9.095499089588115e-11,9.743137954060307e-11,2.2608613886225236e-07,9.271096104929225e-11,9.324904246156893e-11,1.0000118445900144,1.080447002641677e-10,1.0000119089881243,2.2666834145163574e-07,1.0000118866845131,1.0028942574310416e-10,9.342146702443663e-11,9.183652117719459e-11,9.183652101405577e-11,3.1211789287265437e-07,2.3099576552708865e-07,9.352224685371121e-11,9.32490425405075e-11,9.786495180961991e-11,9.58745610811919e-11,2.0716734423917404e-07,1.0000118445900144,9.234413891467428e-11,9.702235880116248e-11,9.491451650175929e-11,2.071673441773653e-07,1.0000119089881245,9.35222469176248e-11,2.2793045313928277e-07,1.0000118959768745,1.0000122287866176,9.009721864555664e-11,9.587456046097569e-11,9.342146756843843e-11,9.517862312328207e-11
1.000007477421325,1.841098550299435e-07,2.3955352327175127e-07,3.172971993273249e-07,1.000012031182013,1.0000120311820127,1.8062276274943805e-07,1.934838839247071e-07,2.2608617821505644e-07,1.8410985180346699e-07,1.8517839941980968e-07,1.000012031182013,2.1456032288001293e-07,1.0000120955801357,2.2666838091746972e-07,1.0000120732765172,1.9915952848144148e-07,1.8552080847659114e-07,1.8237334733114322e-07,1.8237334704000367e-07,3.1211794687660756e-07,2.309958058515263e-07,1.8572094172350404e-07,1.8517839971613053e-07,1.9434489211706246e-07,1.9039227972306145e-07,2.0716737985752257e-07,1.0000120311820135,1.8338139883035683e-07,1.926716311553015e-07,1.8848577731495025e-07,2.071673797957136e-07,1.000012095580135,1.8572094167454967e-07,2.2793049285513036e-07,1.0000122287866176,1.0000122691609683,1.789193574019107e-07,1.9039227843428904e-07,1.8552080944954845e-07,1.8901025278280462e-07
1.1318350757604983e-06,1.3586981305031574e-17,1.8460978662980653e-17,2.38087478656332e-17,9.00972023069363e-11,9.009720236004966e-11,1.3494294880073409e-17,1.4595850627950575e-17,1.7089592784177462e-17,1.3510976735981845e-17,1.3616861521042489e-17,9.009720238184026e-11,1.595362309019687e-17,9.009720765622462e-11,1.7120317813350795e-17,9.009720592407301e-11,1.4994982437326737e-17,1.3742879579506822e-17,1.3310086885262885e-17,1.323461167365775e-17,2.3053519410424875e-17,1.7627195297320704e-17,1.3738946477562663e-17,1.3564385904484964e-17,1.46896004677772e-17,1.407867684738604e-17,1.4979684452758778e-17,9.009720235996309e-11,1.3550150127228686e-17,1.437440625363392e-17,1.3899367785716448e-17,1.4928142956020954e-17,9.009720766937257e-11,1.3738946477562663e-17,1.72500671202991e-17,9.009721864555664e-11,1.789193574019107e-07,-1.4621757811532547e-07,1.407867684738604e-17,1.3742879579506822e-17,1.409109722569523e-17
1.143307933941226e-06,1.4824971854980748e-17,2.0084841200417616e-17,2.5656039317126374e-17,9.587454311189265e-11,9.587454311189265e-11,1.4562084511213358e-17,1.572549927094487e-17,1.8455676038619227e-17,1.482912303595833e-17,2.9656486460658467e-14,9.587454289241723e-11,1.7319815897693644e-17,9.587454873391292e-11,1.8589035834334526e-17,9.587454674027684e-11,1.63763068430224e-17,1.496069322804821e-17,1.4709890213958778e-17,1.4709890213958778e-17,2.52537162603326e-17,1.9099430167457796e-17,1.4868164545821213e-17,2.9656486426373884e-14,1.5942359356976948e-17,3.079188672443868e-14,1.6325039974650495e-17,9.587454311189265e-11,1.472645034461752e-17,1.5659318345238672e-17,1.5226345508112478e-17,1.6325039974650495e-17,9.587454857920846e-11,1.4954301107193592e-17,1.890421239490412e-17,9.587456046097569e-11,1.9039227843428904e-07,1.407867684738604e-17,-1.4621757481595084e-07,1.491152967479118e-17,1.5443459568751662e-17
1.1384364906852852e-06,1.4167746844024353e-17,1.9452676231798883e-17,2.4907783337812435e-17,9.342145034613818e-11,9.342145034613818e-11,1.419029254315277e-17,1.5254000193885373e-17,1.793910001205679e-17,1.4402344957679517e-17,1.4391441076322365e-17,9.342145030554008e-11,1.6631183439922365e-17,9.342145615882995e-11,1.804265679012517e-17,9.342145414506498e-11,1.5844512218713553e-17,2.868767003189396e-14,1.3998104597878423e-17,1.3990621526907168e-17,2.438530660773022e-17,1.8568810858668292e-17,1.4325339529365064e-17,1.4461128342875708e-17,1.5454729421295405e-17,1.4777550112104765e-17,1.6084719407173718e-17,9.34214503933661e-11,1.4094672504619102e-17,1.5255190712852962e-17,1.4790323282450147e-17,1.6084719407173718e-17,9.342145605427569e-11,1.4325339529365064e-17,1.8060926460567687e-17,9.342146756843843e-11,1.8552080944954845e-07,1.3742879579506822e-17,1.491152967479118e-17,-1.4621757708385705e-07,2.9429947044686683e-14
1.1419259147530553e-06,1.4703806282919624e-17,1.980143538748467e-17,2.567705031559609e-17,9.517860583359602e-11,9.517860583359602e-11,2.8366821430820027e-14,1.5775193264944076e-17,1.8386959030707852e-17,1.4703806282919624e-17,1.4849948041274846e-17,9.517860584736324e-11,1.7144274894698594e-17,9.517861146147498e-11,1.8472362342551666e-17,9.517860937708873e-11,1.63656998329904e-17,2.942994716816837e-14,1.447815864334888e-17,1.4306846290498235e-17,2.4993856057945892e-17,1.8991238440516484e-17,1.4840850686907757e-17,1.464875172245777e-17,1.5804569525447588e-17,1.5443459568751662e-17,1.6495800044867282e-17,9.51786058924684e-11,1.4619231683391344e-17,1.562167971477778e-17,1.517879761780209e-17,1.6275014282546187e-17,9.517861130945739e-11,1.4712444352189277e-17,1.859775489466233e-17,9.517862312328207e-11,1.8901025278280462e-07,1.409109722569523e-17,1.5443459568751662e-17,2.9429947044686683e-14,-1.4621757387523934e-07
