1.000000004997527,1.0000191241111707,1.0000193308914613,2.2260190553733385e-07,2.2298057920651612e-07,1.0000191241111835,2.2298284539920432e-07,2.2244312862164308e-07,1.0000191241111802,1.000019124111184,1.0000191241111835,2.2227773191541509e-07,1.0000198225368797,1.0000195440291442,2.2256279429348564e-07,2.2267015573453808e-07,2.2293308122030613e-07,2.2254836755195938e-07,1.0000191241111829,2.226386344325407e-07,2.2270371186963734e-07,2.225514790365149e-07,2.224585560587646e-07,1.000019124111182,1.0000191241111833,2.2275203764148358e-07,1.0000191241111835,2.224833874420376e-07,1.0000191241111824,2.2258464243929866e-07,2.2298284572157183e-07,2.224585560582373e-07,1.000019124111182,1.000019298018977,2.2245855605703033e-07,1.0000191241111844,1.000019448729959,1.0000191241111835,2.2312454447504246e-07,2.2275203930724698e-07,2.2329564525450378e-07,2.2246678853126187e-07,2.2302528217561536e-07,2.2256044652550404e-07,1.000019124111184,2.2273237108123004e-07,2.2298058021264454e-07,1.0000191241111842,2.2246678853134742e-07,1.0000195491443622,2.232081928825236e-07,2.2263208807359695e-07,1.0000173994656285,1.0000195463027426,1.0000191241111862,2.2245855580713668e-07,1.0000191241111824,2.2275203939096989e-07,2.2230107117674813e-07,2.2265324183903114e-07,2.2250590855296042e-07,1.0000194021976385,1.0000191241111844,1.0000191241111862,1.000019385681742,1.000019124111182,1.000019124111186,1.0000191241111835,2.2242745180519265e-07,2.2265794772064314e-07,2.2301856203820036e-07,2.2298284570307186e-07,1.0000191241111827,1.0000191241111853,2.2188401374403885e-07,1.0000191241111824,1.000019124111184,1.0000198516949816,1.0000191241111827,2.225397447928287e-07,1.0000191241111844,1.0000191241111835,2.2251674487995895e-07,2.2348850253097792e-07,1.0000191241111813,1.0000089046129201,2.2258290094357605e-07,1.000019124111184,1.0000191241111827,1.0000191241111827,1.0000191241111835,2.227702973932714e-07,1.0000191241111824,1.0000195440291513,2.2257683512514052e-07,2.2250288138053602e-07,2.225357011968406e-07,2.2246678823029042e-07,2.239049255415162e-07,1.0000171887171763,2.231245437035077e-07,2.2267714044766311e-07,1.000019124111183,1.000019385340915,2.2265866345095905e-07,1.0000191241111862,2.2319035205280584e-07,1.0000191735455795,1.000005968782258,1.0000191241111835,2.227169739184715e-07,2.2252799903543114e-07,1.0000191241111804,2.2246678919308214e-07,2.2245855605694428e-07,1.0000191241111822,1.0000191241111829,2.2263261526100954e-07,2.2257578184270757e-07,1.0000191241111818,2.2251786713251328e-07,2.2248894332456424e-07,1.000019124111185,1.0000195610623692,2.2246678928929776e-07,1.0000192645853008,2.230950772405305e-07,1.000019124111182,1.0000191241111835,2.2225791682103781e-07,1.0000191241111864,1.0000191241111829,2.2245337805968401e-07
1.0000191241111707,1.0000235187034914,1.0000275623734474,1.822036433234737e-12,2.0147261872698544e-12,1.000027355602888,2.0199088644379963e-12,1.7344224426784344e-12,1.0000273556028867,1.0000273556028907,1.0000273556028887,1.6502560292046752e-12,1.0000280540208586,1.000027775519401,1.7991697150627739e-12,1.961637021159888e-12,1.9765250349043014e-12,1.8525953215389593e-12,1.000027355602889,1.837695831663275e-12,1.897935948313942e-12,1.760193488251974e-12,1.7395687310418242e-12,1.000027355602888,1.0000273556028885,1.947554945347136e-12,1.00002735560289,1.7690844226987812e-12,1.0000273556028882,1.80734299237907e-12,2.019909086543045e-12,1.7395689872117807e-12,1.0000273556028876,1.000027529516842,1.7395692162205253e-12,1.0000273556028867,1.0000276802278707,1.00002735560289,2.191673417076599e-12,1.9475559994306485e-12,2.11721541513644e-12,1.7482188542576773e-12,1.9822091211706673e-12,1.793795481950579e-12,1.0000273556028882,1.891186016739084e-12,2.0147263834660184e-12,1.00002735560289,1.7482188334223428e-12,1.0000277806289766,2.119951571649315e-12,1.841692700297916e-12,1.0000256309267859,1.0000277778029727,1.0000273556028907,1.73956880733478e-12,1.0000273556028867,1.94755595819993e-12,1.6368976210732368e-12,1.8416678867645877e-12,1.7651091087668368e-12,1.000027633690161,1.0000273556028907,1.0000273556028902,1.0000276172123646,1.0000273556028887,1.00002735560289,1.0000273556028882,1.706490539430029e-12,1.859540035723786e-12,1.8441503558907483e-12,2.0199094334626753e-12,1.0000273556028876,1.0000273556028891,1.2939411059246174e-12,1.0000273556028882,1.0000273556028902,1.0000280832086728,1.000027355602888,1.7674872320494696e-12,1.0000273556028882,1.00002735560289,1.7770692995764046e-12,2.347136380187763e-12,1.0000273556028891,1.0000171360543713,1.8048691842663158e-12,1.0000273556028882,1.0000273556028902,1.0000273556028876,1.0000273556028885,1.9090822404052617e-12,1.0000273556028894,1.0000277755194056,1.7956460799098768e-12,1.8246507547001218e-12,1.7796841404758555e-12,1.7482186812180655e-12,2.4296878322055726e-12,1.0000254201984722,2.1916732732668e-12,1.863547231365284e-12,1.000027355602888,1.0000276168330622,1.8103824138347397e-12,1.0000273556028902,2.195778425068689e-12,1.0000274050606692,1.0000142002018597,1.00002735560289,1.8886028456977378e-12,1.778638016419329e-12,1.0000273556028856,1.748218915313076e-12,1.7395689053189123e-12,1.0000273556028887,1.0000273556028894,1.8752344741281295e-12,1.8025135365228184e-12,1.0000273556028885,1.776067104035571e-12,1.7556651586071095e-12,1.0000273556028902,1.0000277926225842,1.7482188649036798e-12,1.0000274960754592,2.053514300610062e-12,1.0000273556028858,1.000027355602889,1.6398140829398755e-12,1.0000273556028902,1.0000273556028891,1.740751646230391e-12
1.0000193308914613,1.0000275623734474,1.0000239322762632,1.8150212914325128e-12,2.089684228146617e-12,1.00002756237346,2.09490552395797e-12,1.7239252445184114e-12,1.000027562373458,1.0000275623734614,1.00002756237346,1.6104683250404236e-12,1.0000282608479079,1.0000279822488014,1.7976189979111737e-12,2.054754746196964e-12,2.1420864983385425e-12,1.9098180393394886e-12,1.0000275623734591,1.844566720932064e-12,1.9150878097943334e-12,1.7727379996377783e-12,1.7311734263835128e-12,1.00002756237346,1.0000275623734594,2.057611325379459e-12,1.000027562373461,1.7480395386937489e-12,1.0000275623734594,1.7947956962030295e-12,2.0949057398751106e-12,1.731173664207215e-12,1.000027562373458,1.0000277362785512,1.7311738841145269e-12,1.00002756237346,1.000027886961434,1.0000275623734605,2.2676463857824332e-12,2.0576124133234255e-12,2.1528558286288213e-12,1.7402393269201238e-12,2.0356108404656325e-12,1.8070235961233463e-12,1.0000275623734591,1.907471729463542e-12,2.0896844367318123e-12,1.0000275623734618,1.7402393262737041e-12,1.0000279874251483,2.289957111139768e-12,1.836024325683176e-12,1.0000258377508757,1.0000279845775295,1.000027562373462,1.7311734792792016e-12,1.0000275623734576,2.057612378866794e-12,1.5597431229276328e-12,1.8677096812453305e-12,1.7693897047434046e-12,1.0000278404911396,1.0000275623734618,1.000027562373463,1.000027824062032,1.00002756237346,1.000027562373462,1.00002756237346,1.7034988452895084e-12,1.8550304895937927e-12,1.6998789756738083e-12,2.0949060973697795e-12,1.000027562373459,1.0000275623734605,1.1908051865452283e-12,1.00002756237346,1.0000275623734602,1.0000282899775554,1.0000275623734591,1.7465752857724116e-12,1.00002756237346,1.0000275623734614,1.768150972795287e-12,1.808124684401621e-12,1.0000275623734594,1.000017342865674,1.797087481275474e-12,1.0000275623734598,1.00002756237346,1.0000275623734594,1.0000275623734594,1.983420778578625e-12,1.0000275623734591,1.0000279822488052,3.5203419468373147e-09,1.853494973838832e-12,1.7587729725603636e-12,1.740239165538013e-12,2.5218168278084846e-12,1.0000256269801135,2.2676462471504696e-12,1.8827673132619934e-12,1.0000275623734598,1.0000278235899291,1.8636300032545516e-12,1.0000275623734618,1.6633429418116278e-12,1.0000276118634994,1.0000144070513137,1.0000275623734618,1.8855564000303745e-12,1.772505607998868e-12,1.0000275623734582,1.7402393938952232e-12,1.7311735906937791e-12,1.00002756237346,1.0000275623734591,2.0070510823716517e-12,1.806938985447332e-12,1.00002756237346,1.7745571973468302e-12,1.7476858538593649e-12,1.000027562373462,1.0000279994224788,1.7402393377186064e-12,1.0000277028398088,2.0568127416148434e-12,1.0000275623734576,1.0000275623734598,1.6142429636478117e-12,1.000027562373462,1.0000275623734598,1.7385131495068952e-12
2.2260190553733385e-07,1.822036433234737e-12,1.8150212914325128e-12,-3.8371382263457364e-06,8.946502872976785e-14,1.822036431770117e-12,9.306778191581815e-14,3.2774350611195484e-14,1.8220364283326696e-12,1.8220364402638844e-12,1.8220364231124014e-12,-4.701914775758156e-11,1.9420270944890916e-12,1.799170959519755e-12,6.771340531082495e-15,9.198901208788212e-15,-1.7692184017570665e-13,1.850669723928031e-13,1.8220364478326395e-12,-1.7377037744830944e-10,-1.882081341960157e-13,-5.604311788444509e-13,1.127405805454401e-14,1.822036434195291e-12,1.82203643630527e-12,4.0897553399711397e-14,1.8220364336346013e-12,-5.696854204190112e-14,1.822036429993537e-12,1.3538766960014152e-14,9.306773836135679e-14,1.1274039585045088e-14,1.8220364353326145e-12,1.831701437189114e-12,1.1274028154140211e-14,1.8220364362936295e-12,1.7978674599403201e-12,1.822036437964533e-12,9.010016121361989e-14,4.089752508554043e-14,-3.935378368211997e-13,-5.938082530311249e-11,-6.890024892125334e-13,9.060132416543323e-14,1.8220364349885154e-12,1.4159025036635758e-14,8.94650260689705e-14,1.8220364329220175e-12,-5.938082530310038e-11,1.956707031987343e-12,-2.981649349568838e-13,-1.6095955253839116e-10,1.8790309609669383e-12,1.794120829661963e-12,1.8220364315927787e-12,1.1274039585045088e-14,1.8220364306189447e-12,4.0897540907422726e-14,-9.475229540522733e-13,-8.719041311887639e-11,6.291750047098344e-11,1.8268000285189676e-12,1.822036423881203e-12,1.8220364303482854e-12,1.7678721898353258e-12,1.8220364361175164e-12,1.8220364493551684e-12,1.8220364203236993e-12,1.8006393880733255e-10,3.187863460033681e-11,9.235503996826907e-13,9.306782273016714e-14,1.8220364359087543e-12,1.8220364371708614e-12,7.841378412571659e-13,1.8220364301148496e-12,1.8220364353326145e-12,1.7829722836338793e-12,1.822036425245706e-12,2.9176510748678795e-10,1.8220364361175164e-12,1.8220364257184323e-12,7.054121091831318e-11,1.6586280421641732e-13,1.8220364475682366e-12,3.6717962375077154e-09,-1.4832699388468632e-13,1.82203643630527e-12,1.8220364353326145e-12,1.8220364203236993e-12,1.8220364349885154e-12,8.881384248991008e-14,1.8220364323612145e-12,1.7991709468506498e-12,3.7250468992642146e-14,6.324845383742205e-10,8.448248053930387e-15,-5.938082530310114e-11,5.506082366569057e-14,3.6325734406273714e-09,9.009998976381639e-14,1.6074058242295818e-14,1.8220364349885154e-12,1.8099273027974604e-12,-2.0955906843080788e-13,1.8220364478326395e-12,8.956953485859959e-14,1.7208293628548763e-12,3.6866307085159265e-09,1.8220364249436913e-12,-1.454873896905107e-11,-6.8062585563978e-12,1.822036433724417e-12,-5.938082530308317e-11,1.127402543767244e-14,1.822036425331217e-12,1.8220364353326145e-12,1.2989873792218241e-13,1.697436591067331e-10,1.8220364310485467e-12,-2.8817830111152385e-14,7.750193451364613e-11,1.8220364267403247e-12,3.142700415048312e-09,-5.938082530309127e-11,1.8189720796953383e-12,6.454232331459592e-14,1.822036424464728e-12,1.822036423411101e-12,9.521738521288123e-12,1.8220364348339183e-12,1.822036423881203e-12,-8.68508661662349e-11
2.2298057920651612e-07,2.0147261872698544e-12,2.089684228146617e-12,8.946502872976785e-14,-3.853930168376844e-06,2.0147261953983232e-12,1.5558792430574572e-12,1.1842871401093424e-13,2.014726163550859e-12,2.0147261742541756e-12,2.0147261741668535e-12,1.3585925302151926e-13,1.897054535698509e-12,1.934640909094575e-12,-1.132670896289877e-14,8.364324542095717e-13,-6.963708401054362e-13,1.3042338460957697e-12,2.0147261972780617e-12,-1.621011528794462e-13,-5.065278688900329e-13,1.3730337034760201e-12,1.8678729650090682e-13,2.014726163550859e-12,2.014726185810377e-12,1.2353562046485613e-12,2.0147261874146074e-12,-1.32317657416202e-13,2.0147261787735907e-12,4.8440427162585954e-14,1.5558792430574572e-12,1.8678737842069292e-13,2.0147261947186045e-12,1.9272086750076472e-12,1.8678736971835408e-13,2.0147262001079544e-12,1.822690873625026e-12,2.0147261906492406e-12,1.2883270728094894e-12,1.235356273776313e-12,1.4850417257005354e-12,1.7562360838244938e-13,1.8326030542686266e-12,-3.7441958981055666e-14,2.014726183470205e-12,1.8218208088428108e-13,-1.7031357973686416e-08,2.0147261613364227e-12,1.756236050664416e-13,1.9179764106794843e-12,-6.72517304172049e-13,-5.775348849498094e-14,1.9095315084388795e-12,1.892525123335618e-12,2.014726182170784e-12,1.8678732152086459e-13,2.014726184552746e-12,1.2353561360696766e-12,1.4175469201607254e-12,-8.961525642942215e-14,5.398657225459764e-14,1.9745863999138887e-12,2.0147261637929843e-12,2.0147261753496216e-12,1.5819228500827835e-12,2.0147261613364227e-12,2.0147261753496216e-12,2.0147261745727895e-12,3.74453627616597e-13,-1.8712018009347127e-13,2.4298883069965995e-12,1.5558793464780587e-12,2.0147261787735907e-12,2.0147261782958636e-12,2.066986995853153e-12,2.0147261753496216e-12,2.0147261834007934e-12,1.7586713855741428e-12,2.0147261741668535e-12,1.0304327589375012e-13,2.0147261972780617e-12,2.0147261741668535e-12,4.760713525236936e-14,-1.1698401200200212e-12,2.0147261787735907e-12,1.6723585711454298e-12,-4.484070810151957e-14,2.014726185989788e-12,2.0147261834007934e-12,2.0147261829664368e-12,2.014726191196766e-12,-1.6865452199472346e-08,2.0147261741668535e-12,1.9346409265739943e-12,8.715888286288769e-14,1.7669534030563409e-12,1.4097250835920137e-13,1.7562363233037198e-13,9.98708992131482e-13,4.0112549957841075e-09,1.2883270167567646e-12,1.9568690167619722e-13,2.0147261782958636e-12,1.9716913113626444e-12,1.2731624860339363e-12,2.014726185989788e-12,-9.184010746209443e-13,1.8905245813576154e-12,1.5098984556781179e-12,2.0147261753496216e-12,-3.9836517333473754e-13,4.6855524713329834e-14,2.014726174572788e-12,1.7562363019369678e-13,1.867873824591863e-13,2.0147261739765935e-12,2.014726195370141e-12,1.2139663192709794e-12,-9.683831847293415e-14,2.0147261834007995e-12,-4.8758006624843355e-14,8.916563957353676e-14,2.0147261782958636e-12,1.4445246549542249e-12,1.7562363073106537e-13,2.264389882011788e-12,6.047759516939709e-13,2.0147261741668535e-12,2.014726192137407e-12,-1.704108467218029e-14,2.0147261935013727e-12,2.0147261791099568e-12,2.0518857292103826e-13
1.0000191241111835,1.000027355602888,1.00002756237346,1.822036431770117e-12,2.0147261953983232e-12,1.0000235187035105,2.0199088753304806e-12,1.7344224308090338e-12,1.000027355602899,1.000027355602902,1.0000273556029011,1.6502560354087188e-12,1.0000280540208708,1.0000277755194118,1.7991697069084979e-12,1.9616370230768842e-12,1.9765250173875717e-12,1.8525953213934095e-12,1.0000273556029013,1.8376958310526935e-12,1.897935946597418e-12,1.7601934941747063e-12,1.739568746795147e-12,1.0000273556029002,1.000027355602901,1.9475549420990783e-12,1.0000273556029027,1.7690844249162357e-12,1.000027355602901,1.8073429911638105e-12,2.0199090776663984e-12,1.7395689917583648e-12,1.0000273556029,1.0000275295168546,1.7395692151025069e-12,1.0000273556029002,1.0000276802278838,1.000027355602902,2.1916734164717817e-12,1.9475560034565155e-12,2.117215420844274e-12,1.748218853503464e-12,1.9822091000309714e-12,1.7937954734287423e-12,1.000027355602901,1.891186024763947e-12,2.0147263923713254e-12,1.0000273556029022,1.7482188341616716e-12,1.00002778062899,2.1199515694839426e-12,1.841692694170576e-12,1.0000256309267972,1.0000277778029834,1.0000273556029027,1.7395687906125233e-12,1.0000273556028987,1.947555954171599e-12,1.6368976386191653e-12,1.8416678847176534e-12,1.7651091048604725e-12,1.0000276336901734,1.0000273556029031,1.0000273556029033,1.0000276172123765,1.0000273556029013,1.0000273556029038,1.000027355602901,1.706490550073227e-12,1.8595400416385086e-12,1.8441503418202215e-12,2.019909449304005e-12,1.0000273556029,1.0000273556029027,1.293941100028256e-12,1.0000273556029011,1.0000273556029022,1.0000280832086847,1.0000273556029011,1.7674872314734353e-12,1.0000273556029011,1.0000273556029018,1.7770693043419539e-12,2.347136381807326e-12,1.0000273556029011,1.0000171360543837,1.804869171542954e-12,1.000027355602902,1.0000273556029025,1.0000273556029,1.000027355602901,1.9090822327386756e-12,1.0000273556029013,1.0000277755194174,1.7956460735198549e-12,1.8246507636244466e-12,1.779684150270962e-12,1.748218673562539e-12,2.42968784272083e-12,1.000025420198484,2.191673287613768e-12,1.8635472322788474e-12,1.0000273556029002,1.0000276168330742,1.8103823890199312e-12,1.000027355602903,2.1957784153987564e-12,1.0000274050606803,1.0000142002018721,1.0000273556029027,1.888602857311105e-12,1.7786379978172657e-12,1.0000273556028998,1.7482188956765967e-12,1.7395689165652967e-12,1.0000273556029013,1.0000273556029013,1.875234465464401e-12,1.8025135465483148e-12,1.0000273556029011,1.776067104831925e-12,1.7556651641898661e-12,1.0000273556029027,1.0000277926225964,1.7482188751922231e-12,1.000027496075472,2.0535142768670826e-12,1.000027355602899,1.0000273556029018,1.6398140914052614e-12,1.0000273556029031,1.0000273556029005,1.7407516427350605e-12
2.2298284539920432e-07,2.0199088644379963e-12,2.09490552395797e-12,9.306778191581815e-14,1.5558792430574572e-12,2.0199088753304806e-12,-3.854452430219284e-06,1.1926915066787276e-13,2.0199088663589977e-12,2.019908877407554e-12,2.019908866195119e-12,1.3529347805349198e-13,1.898538707856765e-12,1.9416129516392938e-12,-1.0369430407704086e-14,8.583568691481057e-13,-6.437642487409214e-13,1.3275243144010697e-12,2.0199088711266648e-12,-1.6255286724400353e-13,-5.087985414342371e-13,1.4077634902479163e-12,1.8964806993884393e-13,2.019908853193911e-12,2.0199088712547186e-12,1.2674555081646286e-12,2.0199088748464314e-12,-1.2844456423225253e-13,2.019908878454245e-12,5.243622430852236e-14,-1.7553655199623546e-08,1.896480330030483e-13,2.01990887457218e-12,1.9319124422387753e-12,1.896480231229979e-13,2.019908876360999e-12,1.8288260820196463e-12,2.0199088787783185e-12,1.3186667545371293e-12,1.2674556591802817e-12,1.5287970379196167e-12,1.7808013126077898e-13,1.885369762796439e-12,-3.630446160208948e-14,2.0199088712547186e-12,1.8797213468323186e-13,1.5558793464780587e-12,2.0199088492184033e-12,1.780801375995143e-13,1.9210304497652425e-12,-6.187603551098156e-13,-5.525419916072944e-14,1.9093351871806954e-12,1.8960670344545544e-12,2.0199088721338844e-12,1.8964809095951503e-13,2.0199088568651594e-12,1.2674555081652918e-12,1.446134917803441e-12,-9.011239591917199e-14,5.347168110580688e-14,1.9789590445818177e-12,2.0199088579552267e-12,2.01990888936623e-12,1.5842712580164088e-12,2.01990887147067e-12,2.0199088761206675e-12,2.019908866199835e-12,3.803083095396297e-13,-1.854619168792432e-13,2.468371558427546e-12,-1.7553655199623532e-08,2.019908862736342e-12,2.01990888936623e-12,2.0984893474153553e-12,2.0199088797285176e-12,2.019908862736342e-12,1.7622850327218854e-12,2.01990887457218e-12,1.0812902300708552e-13,2.01990887147067e-12,2.0199088668054983e-12,5.139200077334833e-14,-1.1223879999863526e-12,2.01990887147067e-12,1.6649349174799044e-12,-3.7263286186427666e-14,2.019908871196553e-12,2.01990887147067e-12,2.0199088712547186e-12,2.019908866199835e-12,1.5484657787179442e-12,2.0199088714453955e-12,1.9416129314881478e-12,9.278230097016944e-14,1.7993208910459956e-12,1.454465074865287e-13,1.7808012796236239e-13,1.0427094254652317e-12,4.0135224806562056e-09,1.3186667911179267e-12,2.0115902552807653e-13,2.0199088835307857e-12,1.9777804182518678e-12,1.3191122373117412e-12,2.0199088712547186e-12,-8.678862258992091e-13,1.8958649318002017e-12,1.4966421741407954e-12,2.0199088812601386e-12,-3.9594302386858005e-13,4.979312117828738e-14,2.01990888003349e-12,1.7808010671141254e-13,1.896480613891186e-13,2.0199088712547186e-12,2.019908877926507e-12,1.2421425118819604e-12,-9.533062158958191e-14,2.0199088739229173e-12,-4.875255427066811e-14,9.206670986476086e-14,2.0199088812601386e-12,1.446538180145064e-12,1.7808010691901122e-13,2.0154200992150225e-12,6.338063500614106e-13,2.019908853193911e-12,2.0199088797285176e-12,-1.6593552906847306e-14,2.019908862736342e-12,2.0199088760955326e-12,2.0831029114514536e-13
2.2244312862164308e-07,1.7344224426784344e-12,1.7239252445184114e-12,3.2774350611195484e-14,1.1842871401093424e-13,1.7344224308090338e-12,1.1926915066787276e-13,-3.836937716036467e-06,1.7344224362847568e-12,1.7344224250142087e-12,1.7344224426781504e-12,2.520160278930663e-14,1.6940370663895652e-12,1.7299475259982954e-12,-3.47450389355409e-11,1.7765005207012554e-13,-3.57032861517788e-13,5.845335881293515e-14,1.7344224231907599e-12,9.614666772860274e-15,9.807035045831645e-11,2.6572154880696745e-13,-1.8764111880734828e-11,1.7344224247532653e-12,1.7344224346644695e-12,6.3923942096753e-14,1.7344224389082843e-12,4.804860550477837e-11,1.7344224240190205e-12,-2.556227413910743e-11,1.1926910736167058e-13,-1.8764111880737898e-11,1.7344224330377497e-12,1.7205798821055922e-12,-1.8764111880746664e-11,1.7344224427075662e-12,1.7257689453651227e-12,1.734422424944772e-12,1.455419861197915e-13,6.392393878487153e-14,1.98958675864926e-13,2.593731526895444e-15,-1.5624568835921533e-13,-4.2794719196839e-11,1.7344224346644695e-12,1.0652444236222632e-11,1.184287000083028e-13,1.7344224322564671e-12,2.5937089661191904e-15,1.6954735665393468e-12,-3.2146124866500596e-13,3.963996264956651e-14,1.7035094243788935e-12,1.7371332902947246e-12,1.7344224223834306e-12,-1.876411188074109e-11,1.7344224250142087e-12,6.392395333428507e-14,1.786521492516898e-13,-2.7364981612259925e-11,-1.7900621675448162e-14,1.7288839075235995e-12,1.7344224223834274e-12,1.7344224343262158e-12,1.7413348687635566e-12,1.7344224292616664e-12,1.7344224300957314e-12,1.7344224343465641e-12,-4.4915154250638844e-14,6.3191987331276395e-15,-4.721702472841996e-13,1.1926915186765992e-13,1.7344224384086676e-12,1.73442243183633e-12,-4.385055478351095e-13,1.7344224269777678e-12,1.7344224303343557e-12,1.7444929286632399e-12,1.7344224331427108e-12,-7.551096117492363e-14,1.734422434830061e-12,1.73442243183633e-12,-2.2168820626957062e-14,1.8526979282883345e-13,1.7344224330261801e-12,1.7591763365275717e-12,-9.271635388253316e-12,1.7344224323119791e-12,1.7344224335926187e-12,1.734422438850443e-12,1.734422433401367e-12,1.1723168137381537e-13,1.7344224330377564e-12,1.729947524403795e-12,-3.633863267670262e-11,2.3072168390918498e-14,-1.0333753481857651e-11,2.5937119684067184e-15,-3.197917369401399e-13,3.4737960434066332e-09,1.4554197391763165e-13,9.443943712035992e-12,1.73442243183633e-12,1.7313414701814645e-12,1.2197276173600408e-13,1.73442243183633e-12,1.980750124618998e-13,1.772847731187288e-12,3.4969841898798743e-09,1.7344224330261801e-12,2.836645744837346e-14,-1.8839056419945036e-14,1.7344224345484418e-12,2.5937226577120854e-15,-1.8764111880735e-11,1.7344224335926187e-12,1.7344224398708551e-12,2.221832163353394e-14,-4.2641752168031515e-14,1.7344224383936283e-12,-2.680307658989714e-11,-7.161534580996302e-11,1.7344224322552975e-12,1.822774787785008e-12,2.5936825159995967e-15,1.729965276122869e-12,-3.930651091575587e-14,1.7344224434377462e-12,1.7344224334013633e-12,2.0428817834369337e-14,1.734422428396052e-12,1.734422439266771e-12,1.8032718768182347e-15
1.0000191241111802,1.0000273556028867,1.000027562373458,1.8220364283326696e-12,2.014726163550859e-12,1.000027355602899,2.0199088663589977e-12,1.7344224362847568e-12,1.0000235187035091,1.000027355602901,1.0000273556028985,1.6502560248638298e-12,1.0000280540208697,1.0000277755194111,1.7991697107586436e-12,1.961637026795334e-12,1.976525030275702e-12,1.852595319616498e-12,1.0000273556028998,1.837695832284489e-12,1.8979359491884982e-12,1.7601934928664598e-12,1.7395687495219067e-12,1.0000273556028991,1.0000273556028985,1.9475549231975364e-12,1.000027355602901,1.769084426930765e-12,1.0000273556028991,1.8073429926971725e-12,2.019909087237821e-12,1.739568980099612e-12,1.000027355602899,1.000027529516854,1.7395692107550415e-12,1.0000273556028993,1.000027680227881,1.0000273556029011,2.1916734083044964e-12,1.9475560098642527e-12,2.1172154154478967e-12,1.7482188635572232e-12,1.982209121283221e-12,1.7937954812312559e-12,1.000027355602899,1.8911860193073393e-12,2.0147263877217916e-12,1.0000273556029013,1.748218839060207e-12,1.000027780628988,2.119951571935093e-12,1.8416926977792106e-12,1.0000256309267954,1.0000277778029822,1.0000273556029011,1.7395688115651707e-12,1.0000273556028973,1.9475559501022706e-12,1.6368976571446892e-12,1.841667888046376e-12,1.7651091026893603e-12,1.0000276336901714,1.000027355602901,1.0000273556029018,1.0000276172123754,1.0000273556029,1.000027355602902,1.0000273556028991,1.706490546753258e-12,1.8595400522101377e-12,1.8441503418202296e-12,2.0199094401285705e-12,1.0000273556028982,1.0000273556029007,1.2939411059597081e-12,1.0000273556028991,1.000027355602901,1.0000280832086827,1.0000273556028987,1.7674872285430932e-12,1.0000273556028993,1.0000273556029,1.7770692961083305e-12,2.3471363837948694e-12,1.0000273556028985,1.0000171360543824,1.8048691809076014e-12,1.0000273556029002,1.0000273556029011,1.0000273556028982,1.000027355602899,1.9090822478386593e-12,1.000027355602899,1.0000277755194158,1.7956460763637804e-12,1.8246507473742633e-12,1.7796841621903028e-12,1.7482186868423367e-12,2.429687832971838e-12,1.000025420198483,2.19167327448053e-12,1.8635472362067723e-12,1.0000273556028985,1.0000276168330722,1.8103824089133618e-12,1.0000273556029013,2.1957784101779764e-12,1.000027405060679,1.00001420020187,1.000027355602901,1.8886028414269756e-12,1.7786379977804392e-12,1.000027355602898,1.7482189119961167e-12,1.7395689202833277e-12,1.000027355602899,1.000027355602899,1.875234469431607e-12,1.8025135362851843e-12,1.0000273556028998,1.7760670898923857e-12,1.7556651488409182e-12,1.0000273556029011,1.000027792622595,1.7482188621079444e-12,1.0000274960754716,2.053514294744438e-12,1.000027355602898,1.0000273556029002,1.6398140946056396e-12,1.0000273556029013,1.0000273556029,1.740751650500383e-12
1.000019124111184,1.0000273556028907,1.0000275623734614,1.8220364402638844e-12,2.0147261742541756e-12,1.000027355602902,2.019908877407554e-12,1.7344224250142087e-12,1.000027355602901,1.000023518703516,1.0000273556029027,1.6502560288380023e-12,1.0000280540208724,1.0000277755194158,1.7991696991580256e-12,1.9616370166373066e-12,1.97652503994631e-12,1.852595311949507e-12,1.000027355602903,1.8376958364920935e-12,1.8979359489606346e-12,1.7601934937363893e-12,1.7395687434603896e-12,1.000027355602903,1.0000273556029018,1.947554932728183e-12,1.000027355602904,1.7690844226987877e-12,1.0000273556029025,1.8073429968609138e-12,2.0199090768066346e-12,1.7395689789983979e-12,1.0000273556029016,1.0000275295168553,1.7395692246864422e-12,1.000027355602902,1.000027680227885,1.0000273556029031,2.1916734277419976e-12,1.9475560131665864e-12,2.1172154249506106e-12,1.7482188526126614e-12,1.982209124850754e-12,1.793795467851088e-12,1.0000273556029018,1.8911860147219253e-12,2.014726384905788e-12,1.0000273556029033,1.7482188389558685e-12,1.0000277806289903,2.1199515646616978e-12,1.8416926971290842e-12,1.0000256309268003,1.0000277778029865,1.0000273556029047,1.7395688051022067e-12,1.000027355602901,1.9475559389319445e-12,1.636897617026494e-12,1.8416678888740086e-12,1.765109110387052e-12,1.0000276336901752,1.0000273556029045,1.0000273556029053,1.0000276172123794,1.000027355602903,1.0000273556029036,1.0000273556029013,1.7064905553174284e-12,1.859540046397063e-12,1.844150341391e-12,2.019909437793474e-12,1.0000273556029027,1.000027355602903,1.2939411041607745e-12,1.0000273556029031,1.0000273556029047,1.0000280832086874,1.0000273556029027,1.7674872324256817e-12,1.0000273556029025,1.0000273556029036,1.777069316598653e-12,2.3471363770650632e-12,1.0000273556029018,1.0000171360543864,1.8048691773382218e-12,1.0000273556029022,1.0000273556029031,1.0000273556029027,1.000027355602902,1.909082239643388e-12,1.000027355602902,1.0000277755194191,1.7956460799098768e-12,1.824650764414962e-12,1.7796841552738426e-12,1.7482186728285494e-12,2.429687846835123e-12,1.0000254201984864,2.1916732851633702e-12,1.8635472362067723e-12,1.0000273556029027,1.0000276168330755,1.8103824064785086e-12,1.0000273556029047,2.1957784133291715e-12,1.000027405060682,1.0000142002018744,1.0000273556029036,1.8886028382518683e-12,1.7786379953472775e-12,1.000027355602901,1.7482189001499786e-12,1.7395689176415766e-12,1.0000273556029027,1.000027355602902,1.8752344656953753e-12,1.802513528251713e-12,1.0000273556029027,1.7760671079945654e-12,1.7556651615511838e-12,1.0000273556029047,1.0000277926225973,1.7482188729397374e-12,1.0000274960754747,2.053514274745708e-12,1.0000273556029002,1.0000273556029022,1.6398140833512492e-12,1.0000273556029056,1.000027355602903,1.7407516401973465e-12
1.0000191241111835,1.0000273556028887,1.00002756237346,1.8220364231124014e-12,2.0147261741668535e-12,1.0000273556029011,2.019908866195119e-12,1.7344224426781504e-12,1.0000273556028985,1.0000273556029027,1.000023518703513,1.650256037831591e-12,1.0000280540208697,1.000027775519414,1.7991697027428644e-12,1.9616370296320947e-12,1.9765250295929024e-12,1.8525953227304177e-12,1.000027355602901,1.837695836401724e-12,1.89793594702092e-12,1.7601934837253133e-12,1.7395687459635964e-12,1.000027355602901,1.0000273556029011,1.9475549281659996e-12,1.0000273556029031,1.7690844181272555e-12,1.0000273556029005,1.8073429937608846e-12,2.019909083621808e-12,1.7395689956337712e-12,1.000027355602901,1.0000275295168546,1.739569226794873e-12,1.0000273556029002,1.000027680227883,1.0000273556029022,2.1916734102435256e-12,1.947556008441943e-12,2.117215412362149e-12,1.7482188472055851e-12,1.9822091184548484e-12,1.7937954738916712e-12,1.0000273556029005,1.891186004340913e-12,2.0147263833306015e-12,1.0000273556029022,1.7482188369805663e-12,1.0000277806289886,2.1199515585370926e-12,1.8416927012575318e-12,1.0000256309267974,1.000027777802984,1.000027355602902,1.7395687991729502e-12,1.000027355602899,1.9475559396978826e-12,1.6368976391017364e-12,1.8416678888135044e-12,1.7651091024562155e-12,1.0000276336901728,1.000027355602903,1.0000273556029038,1.0000276172123774,1.0000273556029011,1.000027355602904,1.0000273556029011,1.7064905424149473e-12,1.8595400457532075e-12,1.8441503676365587e-12,2.0199094296950853e-12,1.000027355602901,1.000027355602903,1.2939411133692265e-12,1.000027355602901,1.000027355602902,1.000028083208685,1.0000273556029005,1.7674872332721306e-12,1.0000273556029011,1.0000273556029022,1.777069308075677e-12,2.347136388529713e-12,1.0000273556029011,1.000017136054385,1.8048691854284656e-12,1.0000273556029011,1.0000273556029013,1.000027355602901,1.0000273556029011,1.909082254434435e-12,1.0000273556029018,1.0000277755194174,1.7956460686373617e-12,1.8246507721456476e-12,1.7796841519775866e-12,1.7482186832099938e-12,2.4296878447320404e-12,1.0000254201984842,2.191673296525538e-12,1.863547231492081e-12,1.0000273556029011,1.000027616833074,1.8103824063657025e-12,1.0000273556029018,2.1957784315754623e-12,1.0000274050606808,1.0000142002018721,1.000027355602903,1.8886028504069707e-12,1.778638004869904e-12,1.0000273556028996,1.7482189103601185e-12,1.7395689169564737e-12,1.0000273556029011,1.0000273556029018,1.875234473839856e-12,1.8025135371421024e-12,1.0000273556029011,1.7760670955517487e-12,1.7556651581655707e-12,1.000027355602902,1.0000277926225971,1.7482188585023655e-12,1.0000274960754716,2.0535142802187914e-12,1.0000273556028991,1.000027355602902,1.6398140944962393e-12,1.0000273556029031,1.0000273556029,1.740751650908169e-12
2.2227773191541509e-07,1.6502560292046752e-12,1.6104683250404236e-12,-4.701914775758156e-11,1.3585925302151926e-13,1.6502560354087188e-12,1.3529347805349198e-13,2.520160278930663e-14,1.6502560248638298e-12,1.6502560288380023e-12,1.650256037831591e-12,-3.837402430184993e-06,1.7130575128570724e-12,1.5660289495371843e-12,6.945233123198714e-14,2.1980385236858047e-13,-3.466514733420032e-13,-4.976662314365019e-14,1.6502560303054403e-12,-1.1272599818224508e-10,9.216270568502049e-14,-8.934307826597472e-10,-5.1772016188190727e-14,1.6502560172707472e-12,1.650256028974978e-12,1.6968930633327333e-13,1.6502560366676639e-12,1.824061902461066e-14,1.6502560221493201e-12,3.191348752545916e-14,1.352935326532048e-13,-5.177201381684464e-14,1.6502560314965495e-12,1.6286083246003479e-12,-5.177200541960501e-14,1.6502560222500243e-12,1.6312387319876445e-12,1.6502560217302982e-12,2.56496270124704e-13,1.6968928962338356e-13,2.401400695486595e-13,-3.5304858903582345e-11,2.8273281369239292e-14,5.2913014764238624e-14,1.6502560275476494e-12,1.3698743172564768e-14,1.3585927770787088e-13,1.6502560366894923e-12,-3.53048589035842e-11,1.7372788326327222e-12,-4.0323533311196376e-13,-3.863543126628465e-11,1.5786021857344042e-12,1.659915319291549e-12,1.6502560308850817e-12,-5.1772009601970765e-14,1.6502560324503358e-12,1.6968934084547136e-13,-2.993124647480923e-09,2.433791957200434e-11,-1.3489106195181262e-11,1.6687689440510038e-12,1.6502560293074314e-12,1.6502560221493215e-12,1.882937321541211e-12,1.6502560288596595e-12,1.6502560294706937e-12,1.6502560225718242e-12,-3.620327810583748e-10,1.347706386644255e-10,-9.62566824667215e-13,1.3529354278047147e-13,1.6502560336665807e-12,1.6502560303262943e-12,-8.049531861071164e-13,1.6502560269499648e-12,1.650256020730327e-12,1.6750186777848492e-12,1.6502560366894923e-12,-2.2364830812204988e-10,1.6502560296253727e-12,1.6502560199003673e-12,1.2040713082380273e-10,5.277954604656069e-13,1.6502560288596595e-12,3.777652012061874e-09,-5.004986132054265e-14,1.6502560344742309e-12,1.6502560347658068e-12,1.6502560366894923e-12,1.6502560373358107e-12,1.3080409159478886e-13,1.6502560248569933e-12,1.566028957828524e-12,-6.713171773831738e-14,-4.9882256206761247e-14,-5.784884338347445e-14,-3.530485890356243e-11,1.202015420429229e-12,3.308395168101661e-09,2.5649628927984185e-13,1.7027584749777032e-14,1.650256035244592e-12,1.6154412717423846e-12,5.233646712273293e-13,1.6502560393008972e-12,5.010329567606478e-13,1.6540188087119536e-12,3.74732312941459e-09,1.6502560217302982e-12,1.5894710720286185e-10,-4.904638176941849e-11,1.6502560366894923e-12,-3.530485890355396e-11,-5.177202183016432e-14,1.6502560366894923e-12,1.6502560384211832e-12,1.3229283110179245e-13,1.4279800765309426e-10,1.6502560304341533e-12,6.349232056060829e-15,-4.30537339950194e-11,1.6502560305667094e-12,1.7716538703727275e-12,-3.530485890356481e-11,1.6357680989327132e-12,1.6051258836382604e-13,1.6502560368906745e-12,1.6502560292236985e-12,-7.11561193220261e-10,1.6502560241911636e-12,1.6502560412891326e-12,-8.994830481839847e-11
1.0000198225368797,1.0000280540208586,1.0000282608479079,1.9420270944890916e-12,1.897054535698509e-12,1.0000280540208708,1.898538707856765e-12,1.6940370663895652e-12,1.0000280540208697,1.0000280540208724,1.0000280540208697,1.7130575128570724e-12,1.0000249152605314,1.000028474029432,1.785206413188008e-12,2.1004112430668692e-12,2.438879449598327e-12,1.8786695282393235e-12,1.0000280540208715,1.948429964004908e-12,2.1052774469646553e-12,2.16509428537261e-12,1.7278167046328826e-12,1.0000280540208712,1.0000280540208701,1.937526194696014e-12,1.0000280540208732,1.8039444854516036e-12,1.0000280540208715,1.7823071170431337e-12,1.8985389526527314e-12,1.7278169447534121e-12,1.00002805402087,1.0000282279664292,1.7278171866079009e-12,1.0000280540208697,1.0000283787396034,1.0000280540208724,2.2671034854473767e-12,1.9375273000368764e-12,2.18337534950635e-12,1.777524646788925e-12,2.939233016712654e-12,3.328608429903932e-09,1.00002805402087,1.8947828813109407e-12,1.8970547471964945e-12,1.0000280540208726,1.7775246245834767e-12,1.000028478719994,2.7225137175212763e-12,1.9085045976302003e-12,1.0000263293037477,1.0000284762777416,1.0000280540208715,1.7278167869956367e-12,1.000028054020868,1.9375272240848092e-12,3.0196268857195304e-12,1.90895480920443e-12,1.732087684481084e-12,1.0000283320967869,1.000028054020872,1.0000280540208732,1.0000283157075975,1.0000280540208717,1.0000280540208721,1.0000280540208706,1.6432225260991714e-12,1.8086640648596062e-12,1.089187499335988e-12,1.898539290544326e-12,1.0000280540208706,1.0000280540208721,6.645896573506995e-13,1.000028054020872,1.0000280540208715,1.0000287817017333,1.00002805402087,1.6263345677265724e-12,1.0000280540208706,1.0000280540208721,1.7121395322358746e-12,1.6264772263771935e-12,1.0000280540208708,1.000017834348901,3.990304165966107e-09,1.0000280540208715,1.0000280540208715,1.0000280540208706,1.0000280540208706,1.7935155952030321e-12,1.000028054020871,1.0000284740294356,1.7421683773166905e-12,1.7239237181338554e-12,1.7669721576022411e-12,1.7775244678509928e-12,2.2627315623920526e-12,1.0000261186287345,2.2671033583394033e-12,1.865515325520194e-12,1.0000280540208706,1.000028315300343,1.5879852487449437e-12,1.0000280540208724,1.5734155441289148e-12,1.0000281036927174,1.0000148985341943,1.0000280540208721,3.6801349341560214e-09,1.7960745533958196e-12,1.00002805402087,1.7775246896688265e-12,1.7278168726276064e-12,1.00002805402087,1.000028054020871,1.7935680241874668e-12,1.6866980280694436e-12,1.0000280540208715,1.8121486829965213e-12,1.729726618373239e-12,1.0000280540208715,1.0000284915209487,1.777524648577235e-12,1.0000281945042158,1.8055053772054645e-12,1.000028054020869,1.0000280540208715,1.690807978266788e-12,1.0000280540208732,1.00002805402087,1.7972506603392146e-12
1.0000195440291442,1.000027775519401,1.0000279822488014,1.799170959519755e-12,1.934640909094575e-12,1.0000277755194118,1.9416129516392938e-12,1.7299475259982954e-12,1.0000277755194111,1.0000277755194158,1.000027775519414,1.5660289495371843e-12,1.000028474029432,1.0000243584587643,1.8176368246191174e-12,1.9970342677947577e-12,2.100431654325063e-12,1.7750582114481846e-12,1.0000277755194138,1.8222352011191695e-12,1.9271546163152383e-12,1.6674664917708918e-12,1.7222650721541308e-12,1.000027775519413,1.000027775519414,2.211180910082009e-12,1.0000277755194147,1.7798889088521668e-12,1.0000277755194127,1.8181982200740452e-12,1.9416131532078186e-12,1.7222653334760507e-12,1.0000277755194136,1.0000279494104474,1.722265552721626e-12,1.0000277755194145,1.000028100109626,1.0000277755194156,2.201567833920605e-12,2.2111820035870447e-12,2.260206701349946e-12,1.7292581071477763e-12,1.633845148293563e-12,1.843101650713912e-12,1.000027775519414,3.8315615357423676e-09,1.9346411385515075e-12,1.0000277755194156,1.7292580925769254e-12,1.0000282006392769,2.2177534298380117e-12,1.848979226826784e-12,1.0000260507856829,1.0000281977285566,1.0000277755194158,1.722265140820712e-12,1.0000277755194116,2.2111819461568334e-12,9.865454166375427e-13,1.8398238699100163e-12,1.764549189783741e-12,1.0000280536261534,1.0000277755194158,1.0000277755194158,1.000028037259084,1.000027775519414,1.000027775519416,1.0000277755194131,1.6540354868325776e-12,1.899590891542894e-12,1.5148138038074492e-12,1.9416134907663273e-12,1.0000277755194116,1.0000277755194147,1.0127317260508375e-12,1.000027775519413,1.0000277755194145,1.0000285031570106,1.0000277755194134,1.7443267716893565e-12,1.0000277755194131,1.0000277755194138,1.7894658313192972e-12,2.690861832350151e-12,1.0000277755194138,1.0000175561041313,1.7403499943525602e-12,1.0000277755194145,1.000027775519414,1.0000277755194116,1.0000277755194138,1.8279697294026553e-12,1.0000277755194138,1.0000281953581536,1.7678022522844585e-12,1.725479214530769e-12,3.512819002776379e-09,1.729257929607367e-12,2.5887534530803045e-12,1.0000258401191848,2.2015676721591816e-12,3.7815803567976534e-09,1.0000277755194118,1.0000280367160483,2.0464181952766483e-12,1.0000277755194158,2.5106556892462603e-12,1.0000278249838193,1.0000146202350402,1.0000277755194147,1.966785184145505e-12,1.766700829561945e-12,1.0000277755194116,1.7292581479951272e-12,1.722265261923608e-12,1.000027775519414,1.0000277755194138,2.1273484739569658e-12,1.838818739164658e-12,1.000027775519414,1.7728381004748635e-12,1.7455854025846597e-12,1.0000277755194156,1.0000282126140205,1.729258108842713e-12,1.000027915987766,2.1463023879885483e-12,1.000027775519412,1.0000277755194145,1.5668720984370018e-12,1.0000277755194158,1.000027775519413,1.7106194021329358e-12
