1.0000000061603251,-8.390322206950065e-07,-8.813011683116875e-07,-8.870363232821269e-07,1.0000181364109442,1.0000180490284687,-8.813011715863251e-07,-8.734662138126612e-07,-8.847340187535434e-07,-8.813011716304415e-07,-8.686451312162749e-07,1.000017572046596,-8.547375092822553e-07,-1.116147276028691e-06,1.0000176099082612,-8.613694817403483e-07,-9.086218445325873e-07,-8.39032220077657e-07,-8.39032220222105e-07,1.0000176309352886,-8.3903222022663e-07,-8.829201392508299e-07,1.0000180939232983,-8.699567836479161e-07,-8.613694816499953e-07,-8.614865991473161e-07,-1.1746569088454807e-06,1.0000175720465982,1.0000176006093016,-9.028043800717918e-07,-8.547375097275666e-07,1.000017579227018,1.0000173388709739,1.0000176011728286,-8.614865995444884e-07,-1.1932708310865965e-06,1.0000179205020354,1.0000176011728301,-8.547375085255792e-07,-8.390322202221094e-07,1.0000180347277918,-9.830789265424909e-07,1.0000175720466005,1.0000180939233005,-8.686451309589712e-07,1.0000180490284716,-8.390322183443145e-07,1.0000175792270178,1.0000175328553396,-8.686451309615525e-07,-8.686451297699878e-07,1.000017595611797,1.000017385034256
-8.390322206950065e-07,-2.9862183042358824e-06,7.57224211332057e-18,7.995145271622822e-18,-7.022073171052239e-11,-7.022072583521563e-11,7.815385931827126e-18,6.772510230393197e-18,6.981360265450949e-18,7.899943469246842e-18,7.050733173392639e-18,-7.022069255829474e-11,6.141078774212046e-18,1.3651956255640344e-17,-7.022069528274193e-11,6.6478773574088116e-18,8.2995848375526e-18,9.933542502636439e-15,9.933542431721045e-15,-7.022069667695421e-11,9.93354229632727e-15,7.702927114447509e-18,-7.022072878238839e-11,6.97389520968884e-18,6.69399517271303e-18,6.821519266012228e-18,1.4821802831826678e-17,-7.022069255829474e-11,-7.022069458083234e-11,8.346591056868811e-18,6.2553742613264e-18,-7.022069311528544e-11,-1.3968398952745984e-07,-7.022069457699011e-11,6.4368477863423956e-18,1.5955380343740045e-17,-7.022071673985385e-11,-7.022069453859348e-11,6.141078774212046e-18,9.933542489507534e-15,-7.022072467223555e-11,1.0826005313628042e-17,-7.022069253569738e-11,-7.022072878238839e-11,7.050733173392639e-18,-7.022072590538263e-11,9.933542610342561e-15,-7.022069316305367e-11,-7.022068986065228e-11,7.050733173392639e-18,7.050733173392639e-18,-7.022069415124901e-11,-7.022067945390444e-11
-8.813011683116875e-07,7.57224211332057e-18,-2.986218292619201e-06,1.1838587168619926e-17,-9.14699183124458e-11,-9.1469910430309e-11,1.0906632946459215e-17,1.0602769257318684e-17,1.0403553517263655e-17,1.0906632946459215e-17,1.0373294745510464e-17,-9.146986701262523e-11,9.394865176653708e-18,2.232516497101998e-17,-9.146987052624115e-11,9.10666707630425e-18,1.207479958833553e-17,7.608318320896056e-18,7.815385931827126e-18,-9.146987240707234e-11,7.815385931827126e-18,1.094808408472735e-17,-9.146991464063868e-11,1.0599854731906691e-17,9.86711896802777e-18,1.0223289616746972e-17,2.4346119135193243e-17,-9.146986701262523e-11,-9.146986968632844e-11,2.4546070858484558e-14,9.039417898733356e-18,-9.146986761258291e-11,-1.8195314882461312e-07,-9.146986972973923e-11,1.0223289616746972e-17,2.5949421626754253e-17,-9.146989862208393e-11,-9.146986966574175e-11,9.394865176653708e-18,7.815385931827126e-18,-9.146990900125282e-11,1.6554034019298338e-17,-9.146986699939537e-11,-9.146991450652149e-11,1.066239811249392e-17,-9.146991045814421e-11,7.815385931827126e-18,-9.146986761258291e-11,-9.146986349876478e-11,1.0609656264220139e-17,1.066239811249392e-17,-9.146986914466804e-11,-1.8195315722201853e-07
-8.870363232821269e-07,7.995145271622822e-18,1.1838587168619926e-17,-2.9862182906062528e-06,-9.435306016761782e-11,-9.43530521420863e-11,1.1838587168619926e-17,1.1200600008627912e-17,1.1241052663637114e-17,1.2603122599843292e-17,1.0998299268340121e-17,-9.43530074255773e-11,1.0294601313467407e-17,2.322888183981558e-17,-9.435301094725451e-11,1.0206734048010865e-17,1.3360043597870849e-17,7.995145271622822e-18,8.466777351352996e-18,-9.435301292682562e-11,7.995145271622822e-18,1.176749166229085e-17,-9.43530563511442e-11,1.1011418160817967e-17,1.0612570086430005e-17,1.0081684637161586e-17,2.5566942344837276e-17,-9.435300744540226e-11,-9.435301008072065e-11,1.2603405891520375e-17,9.435570100625086e-18,-9.435300808302229e-11,-1.8768833259803442e-07,-9.435301016555262e-11,9.817581376599259e-18,2.7329146878021748e-17,-9.435304007944682e-11,-9.435301018713119e-11,9.435570100625086e-18,7.995145271622822e-18,-9.435305070902619e-11,1.747876611344567e-17,-9.43530074757486e-11,-9.435305639771786e-11,1.1522208584312343e-17,-9.43530522154922e-11,7.995145271622822e-18,-9.435300813021142e-11,-9.435300371238181e-11,1.1522208584312343e-17,1.0998299268340121e-17,-9.435300953569964e-11,-1.8768834126072902e-07
1.0000181364109442,-7.022073171052239e-11,-9.14699183124458e-11,-9.435306016761782e-11,1.000021633578375,1.0000245324133332,-9.146992172416446e-11,-8.7531181376267e-11,-9.319567076728775e-11,-9.146992091358285e-11,-8.510754899598611e-11,1.0000240554286974,-7.811599764494049e-11,-2.0953041522199433e-10,1.0000240932905797,-8.144998113660545e-11,-1.0520441545240192e-10,-7.022073220615221e-11,-7.022073196121e-11,1.0000241143177306,-7.022073175542505e-11,-9.22838027039593e-11,1.0000245773084215,-8.57669389775002e-11,-8.144998072398342e-11,-8.150885933372816e-11,-2.3894405218076367e-10,1.000024055428697,1.00002408399157,-1.0227989151943802e-10,-7.811599793902878e-11,1.0000240626091614,1.0000238222517295,1.0000240845550992,-8.150885910770428e-11,-4.939250025802697e-07,1.000024403886154,1.000024084555099,-7.811599747047607e-11,-7.022073209313517e-11,1.000024518112574,-1.4263505016708357e-10,1.0000240554286979,1.0000245773084235,-8.510754879030677e-11,1.0000245324133328,-7.022073230529561e-11,1.0000240626091617,1.0000240162372123,-8.510754932609166e-11,-8.510754923382414e-11,1.0000240789940347,1.0000238684152747
1.0000180490284687,-7.022072583521563e-11,-9.1469910430309e-11,-9.43530521420863e-11,1.0000245324133332,1.0000214588123988,-9.14699138367135e-11,-8.753117388595994e-11,-1.8538616733025734e-07,-9.146991321438602e-11,-8.510754170917269e-11,1.0000239680457614,-7.811599119716671e-11,-2.0953039736171035e-10,1.0000240059076375,-8.144997410160226e-11,-1.0520440666047163e-10,-7.022072615110584e-11,-7.022072593785801e-11,1.0000240269347869,-7.022072574049321e-11,-9.22837947670403e-11,1.0000244899254394,-8.576693148408488e-11,-8.14499737494808e-11,-8.150885229008135e-11,-2.3894403143415966e-10,1.0000239680457612,1.00002399660863,-1.0227988248411061e-10,-7.811599133886522e-11,1.0000239752262248,1.000023734868814,1.000023997172159,-8.150885220242611e-11,-2.483015053166002e-10,1.0000243165031857,1.000023997172158,-7.811599103223104e-11,-7.02207260657923e-11,1.000024430729595,-1.426350379820754e-10,1.000023968045761,1.0000244899254405,-8.510754161118485e-11,1.0000244450303535,-7.022072625573377e-11,1.0000239752262243,1.0000239288542796,-8.510754211867756e-11,-8.51075420323003e-11,1.0000239916110942,1.0000237810323545
-8.813011715863251e-07,7.815385931827126e-18,1.0906632946459215e-17,1.1838587168619926e-17,-9.146992172416446e-11,-9.14699138367135e-11,-2.986218292619201e-06,1.0602769257318684e-17,1.0403553517263655e-17,1.1829869059004716e-17,1.0373294745389323e-17,-9.146987049196156e-11,9.394865176653708e-18,2.232516497101998e-17,-9.14698740200413e-11,9.86711896802777e-18,1.2104472020537734e-17,7.815385931827126e-18,7.608318320896056e-18,-9.146987585282204e-11,7.815385931827126e-18,1.1503057432104936e-17,-9.146991802575189e-11,1.0617247544966532e-17,9.86711896802777e-18,1.0223289616746972e-17,2.4086140339145622e-17,-9.146987050966804e-11,-9.146987315631473e-11,2.4546074358690816e-14,9.394865176653708e-18,-9.146987087539141e-11,-1.8195315575022856e-07,-9.146987324648652e-11,1.0223289616746972e-17,2.5878207257762125e-17,-9.146990221753935e-11,-9.146987326979628e-11,9.394865176653708e-18,7.815385931827126e-18,-9.146991253565573e-11,1.6554034019298338e-17,-9.146987049074306e-11,-9.146991791885512e-11,1.0304491072018193e-17,-9.14699138847562e-11,7.608318320896056e-18,-9.146987108279104e-11,-9.146986694292837e-11,1.0373294745510464e-17,1.0307079662564429e-17,-9.146987267747511e-11,-1.8195316414763427e-07
-8.734662138126612e-07,6.772510230393197e-18,1.0602769257318684e-17,1.1200600008627912e-17,-8.7531181376267e-11,-8.753117388595994e-11,1.0602769257318684e-17,-2.986218299504306e-06,9.450375374533955e-18,1.0399127596197925e-17,9.400730969722292e-18,-8.753113238488174e-11,8.312329214851332e-18,1.941427825138382e-17,-8.753113573867497e-11,8.701889797866953e-18,2.227354923293523e-14,6.908656499598061e-18,6.908656499598061e-18,-8.753113750314022e-11,6.750030641800723e-18,1.0129640941245508e-17,-8.753117781897134e-11,9.481957803065491e-18,9.033224214171682e-18,9.23433340427635e-18,4.216694627764075e-14,-8.753113241359988e-11,-8.75311349227148e-11,1.082026075866222e-17,8.408627760307132e-18,-8.753113314376492e-11,-1.7411816138345676e-07,-8.75311349860931e-11,9.234333404278243e-18,2.2888435690345304e-17,-1.7411826203166127e-07,-8.753113497335965e-11,8.408627760307132e-18,6.772510230393197e-18,-8.753117273171673e-11,2.950546305175602e-14,-8.753113236864637e-11,-8.753117781853471e-11,9.497017348423623e-18,-8.753117388581307e-11,6.908656499598061e-18,-8.753113299720774e-11,-8.753112868502485e-11,9.497017348423623e-18,9.497017348423623e-18,-8.753113451316794e-11,-1.7411816941730365e-07
-8.847340187535434e-07,6.981360265450949e-18,1.0403553517263655e-17,1.1241052663637114e-17,-9.319567076728775e-11,-1.8538616733025734e-07,1.0403553517263655e-17,9.450375374533955e-18,-2.9862182992735547e-06,1.0085033947886846e-17,9.68058442733858e-18,-9.319561867521609e-11,1.6806589854981985e-14,1.9375426025533137e-17,-9.319562230994193e-11,8.987958819138782e-18,1.1335653426577767e-17,6.85166694918615e-18,6.85166694918615e-18,-9.319562422924553e-11,6.8451375306494564e-18,1.0647499946047525e-17,-9.31956670210601e-11,9.749032510846101e-18,8.987958819138782e-18,8.770378394994395e-18,2.0863448203919515e-17,-9.319561873789738e-11,-1.8538608487413472e-07,1.1066412060647382e-17,1.680659006667513e-14,-9.319561938811243e-11,-1.8538603646012843e-07,-9.319562137030958e-11,8.80301714983054e-18,2.27694550374631e-17,-9.319565094293564e-11,-9.319562139517395e-11,1.6806589676820857e-14,6.85166694918615e-18,-9.319566152073329e-11,1.5192223618138452e-17,-9.319561875037235e-11,-9.31956670210585e-11,9.372497367826145e-18,-1.853861673302573e-07,6.8451375306494564e-18,-9.319561936850397e-11,-9.31956150886269e-11,9.733102076477914e-18,9.214350247051015e-18,-1.8538608394392655e-07,-9.319560131573137e-11
-8.813011716304415e-07,7.899943469246842e-18,1.0906632946459215e-17,1.2603122599843292e-17,-9.146992091358285e-11,-9.146991321438602e-11,1.1829869059004716e-17,1.0399127596197925e-17,1.0085033947886846e-17,-2.986218292619201e-06,1.0683958927116124e-17,-9.146986973022697e-11,9.91434178054568e-18,2.2009305954760592e-17,-9.146987319254585e-11,9.86711896802777e-18,1.2104472020537734e-17,7.784818764586684e-18,7.973677698471089e-18,-9.146987510300342e-11,7.784818764586684e-18,1.1503057432104936e-17,-9.14699171189203e-11,1.0617247544966532e-17,9.930188879197832e-18,1.0223289616746972e-17,2.421690495789163e-17,-9.146986973065604e-11,-9.146987238164157e-11,2.4546073658698604e-14,9.91434178054568e-18,-9.146987040320862e-11,-1.8195315422669137e-07,-9.146987245665131e-11,1.0223289616746972e-17,2.5949421626754253e-17,-9.146990133341591e-11,-9.146987248568226e-11,9.497799284675163e-18,7.899943469246842e-18,-9.14699117107234e-11,1.6554034019298338e-17,-9.146986973065604e-11,-9.146991720148543e-11,1.066239811249392e-17,-9.14699130340389e-11,7.784818764586684e-18,-9.146987020815907e-11,-9.146986620019368e-11,1.0304491072018193e-17,1.030449107201821e-17,-9.14698719265722e-11,-1.8195316262409805e-07
-8.686451312162749e-07,7.050733173392639e-18,1.0373294745510464e-17,1.0998299268340121e-17,-8.510754899598611e-11,-8.510754170917269e-11,1.0373294745389323e-17,9.400730969722292e-18,9.68058442733858e-18,1.0683958927116124e-17,-2.9862183025668196e-06,-8.510750131825658e-11,8.845997432535715e-18,2.0097251747895037e-17,-8.510750461193516e-11,8.74785373922237e-18,1.1882938652442577e-17,7.050733173392639e-18,7.091723743092205e-18,-8.510750643774064e-11,7.091723743092205e-18,1.0265271519622778e-17,-8.510754543970423e-11,9.667002890612884e-18,9.391406534855811e-18,8.927271980153577e-18,2.2178831054653e-17,-8.510750139736957e-11,-8.510750380811135e-11,1.1183130137881264e-17,8.845997432535784e-18,-8.510750201357634e-11,-1.6929704113618657e-07,-8.510750387359757e-11,8.927271980153577e-18,2.3712393517093743e-17,-8.510753072182556e-11,-8.510750387359757e-11,8.845997432535784e-18,7.050733173392639e-18,-8.510754034956698e-11,1.5031383887062716e-17,-8.510750136745378e-11,-8.510754549053729e-11,9.517688595994359e-18,-8.510754180136434e-11,7.091723743092205e-18,-8.510750203560126e-11,-8.510749802029845e-11,1.9376814197976377e-14,8.661599227942117e-18,-8.510750341817677e-11,-8.510748549418009e-11
1.000017572046596,-7.022069255829474e-11,-9.146986701262523e-11,-9.43530074255773e-11,1.0000240554286974,1.0000239680457614,-9.146987049196156e-11,-8.753113238488174e-11,-9.319561867521609e-11,-9.146986973022697e-11,-8.510750131825658e-11,1.0000205048433946,-7.811595389767816e-11,-4.1680071245678625e-07,1.0000235289232549,-8.144993553762496e-11,-1.0520435681331018e-10,-7.022069304414866e-11,-7.022069264893855e-11,1.0000235499503947,-7.022069246591141e-11,-9.228375108088298e-11,1.0000240129408255,-8.576689101399074e-11,-8.144993507199888e-11,-8.150881359564728e-11,-4.753107113016784e-07,1.0000234910613954,1.00002351962425,-1.0227983437995013e-10,-7.811595421711542e-11,1.0000234982418552,1.0000232578845583,1.0000235201877794,-8.150881345704398e-11,-4.939247270080718e-07,1.000023839518654,1.0000235201877794,-7.811595377763803e-11,-7.022069279014161e-11,1.00002395374501,-2.837315573899746e-07,1.0000234910613943,1.0000240129408255,-8.510750123763956e-11,1.0000239680457617,-7.022069307668986e-11,1.0000234982418545,1.0000234518699318,-8.510750174415502e-11,-8.510750171977484e-11,1.000023514626719,1.0000233040480768
-8.547375092822553e-07,6.141078774212046e-18,9.394865176653708e-18,1.0294601313467407e-17,-7.811599764494049e-11,-7.811599119716671e-11,9.394865176653708e-18,8.312329214851332e-18,1.6806589854981985e-14,9.91434178054568e-18,8.845997432535715e-18,-7.811595389767816e-11,-2.986218301786707e-06,1.7105715345817716e-17,-7.81159569046485e-11,7.792972372346862e-18,9.698359364607485e-18,6.179113890854233e-18,6.1746967527873156e-18,-7.811595856008489e-11,6.1746967527873156e-18,9.173842299533719e-18,-7.811599446300751e-11,7.908755351892558e-18,7.792972372346862e-18,8.009329478394996e-18,1.8689445543814093e-17,-7.81159538844298e-11,-7.811595624594156e-11,9.695218395987878e-18,1.4721896056309133e-14,-7.811595451558186e-11,-1.5538935566309467e-07,-7.8115956224255e-11,8.009329478394996e-18,2.0243863766413895e-17,-7.811598091122355e-11,-7.811595619750633e-11,1.4721895743467648e-14,6.1746967527873156e-18,-7.811598973649207e-11,1.3404645053650094e-17,-7.811595389411817e-11,-7.811599442143583e-11,8.798362100551557e-18,-7.81159910454923e-11,6.1746967527873156e-18,-7.81159545214043e-11,-7.811595085853012e-11,8.399411561464826e-18,8.07971402035849e-18,-7.811595570995482e-11,-7.811593936742299e-11
-1.116147276028691e-06,1.3651956255640344e-17,2.232516497101998e-17,2.322888183981558e-17,-2.0953041522199433e-10,-2.0953039736171035e-10,2.232516497101998e-17,1.941427825138382e-17,1.9375426025533137e-17,2.2009305954760592e-17,2.0097251747895037e-17,-4.1680071245678625e-07,1.7105715345817716e-17,-2.9862182481270363e-06,-4.1680072826349233e-07,1.8757633375125372e-17,2.3061607098324448e-17,1.3872617821028922e-17,1.394875587405581e-17,-4.1680073690459095e-07,1.394875587405581e-17,2.1515615200699927e-17,-2.0953040659862863e-10,1.9603606032574513e-17,1.8757633375125372e-17,1.8848432482236667e-17,7.979644781413227e-14,-4.1680071245678657e-07,-4.168007243639665e-07,2.3308532767535763e-17,1.7187075567214985e-17,-4.1680071563035506e-07,-4.1680061557122804e-07,-4.168007245925457e-07,1.8620638833550443e-17,8.797134552788558e-14,-2.0953037060087642e-10,-4.1680072459254725e-07,1.7123809099411563e-17,1.3951242723220358e-17,-2.0953039358824452e-10,3.04547843328236e-17,-4.1680071245678657e-07,-2.0953040679642468e-10,2.0320950878371027e-17,-2.0953039749064039e-10,1.3716706980279826e-17,-4.168007156303557e-07,-4.168006961812235e-07,2.0096977241052264e-17,2.017997045888432e-17,-4.168007222718496e-07,-4.168006347929932e-07
1.0000176099082612,-7.022069528274193e-11,-9.146987052624115e-11,-9.435301094725451e-11,1.0000240932905797,1.0000240059076375,-9.14698740200413e-11,-8.753113573867497e-11,-9.319562230994193e-11,-9.146987319254585e-11,-8.510750461193516e-11,1.0000235289232549,-7.81159569046485e-11,-4.1680072826349233e-07,1.000020580567118,-8.14499385533694e-11,-1.0520436070477899e-10,-7.02206957105877e-11,-7.02206954219311e-11,1.0000235878122563,-7.022069524839699e-11,-1.8357218751940398e-07,1.0000240508027036,-8.576689429620723e-11,-8.144993826285032e-11,-8.150881661051595e-11,-4.753107293270687e-07,1.0000235289232546,1.0000235574861114,-1.0227983818248877e-10,-7.811595720560383e-11,1.0000235361037153,1.0000232957464097,1.00002355804964,-8.150881653324272e-11,-4.939247457395884e-07,1.0000238773805272,1.0000235580496388,-7.811595677449646e-11,-7.02206955040995e-11,1.0000239916068876,-1.4263497586032262e-10,1.0000235289232529,1.0000240508027058,-8.510750438500356e-11,1.000024005907638,-7.022069567659005e-11,1.000023536103714,1.0000234897317906,-8.510750495520472e-11,-8.510750496412871e-11,1.0000235524885783,1.0000233419099285
-8.613694817403483e-07,6.6478773574088116e-18,9.10666707630425e-18,1.0206734048010865e-17,-8.144998113660545e-11,-8.144997410160226e-11,9.86711896802777e-18,8.701889797866953e-18,8.987958819138782e-18,9.86711896802777e-18,8.74785373922237e-18,-8.144993553762496e-11,7.792972372346862e-18,1.8757633375125372e-17,-8.14499385533694e-11,-2.9862183043172725e-06,1.0224782708289385e-17,6.340848866052791e-18,6.5895348524676234e-18,-8.144994026868751e-11,6.6478773574088116e-18,1.92903910960077e-14,-8.14499778941742e-11,8.843073772823424e-18,1.6917418895534473e-14,8.972653900293253e-18,2.047555273819857e-17,-8.144993552968638e-11,-8.144993792589372e-11,1.0031849091835834e-17,7.792972372346862e-18,-8.144993615438697e-11,-1.6202135925008245e-07,-8.144993782373036e-11,8.972653900293253e-18,2.2015011372440238e-17,-8.144996364237808e-11,-8.144993782373036e-11,7.619750069762886e-18,6.69399517271303e-18,-8.144997280074362e-11,1.429054997994928e-17,-8.144993553024669e-11,-8.14499777524302e-11,9.414740102173582e-18,-8.144997409059313e-11,6.69399517271303e-18,-8.144993615354989e-11,-8.144993237508621e-11,8.74785373922237e-18,9.391406534855811e-18,-8.144993748162018e-11,-8.144992027086712e-11
-9.086218445325873e-07,8.2995848375526e-18,1.207479958833553e-17,1.3360043597870849e-17,-1.0520441545240192e-10,-1.0520440666047163e-10,1.2104472020537734e-17,2.227354923293523e-14,1.1335653426577767e-17,1.2104472020537734e-17,1.1882938652442577e-17,-1.0520435681331018e-10,9.698359364607485e-18,2.3061607098324448e-17,-1.0520436070477899e-10,1.0224782708289385e-17,-2.9862182940341125e-06,8.2995848375526e-18,8.120964264051309e-18,-2.0927404885503493e-07,8.2995848375526e-18,1.2189801967497002e-17,-1.0520441121787377e-10,1.163813582142298e-17,1.0630104621094751e-17,1.0356316302772432e-17,2.5132616487825162e-17,-1.0520435695764266e-10,-1.0520435970360982e-10,1.3180319712568516e-17,9.588000289071093e-18,-1.0520435756554392e-10,-2.092739878825726e-07,-1.0520435977807387e-10,1.0356316302772432e-17,5.3947536944362336e-14,-2.0927410883658926e-07,-1.0520435977859384e-10,1.0065636202916511e-17,8.2995848375526e-18,-2.0927413245576588e-07,3.506809044592108e-14,-1.0520435695764266e-10,-1.0520441135066846e-10,1.1882938652442577e-17,-1.0520440669299628e-10,8.120964264051309e-18,-1.0520435766075678e-10,-2.092740283887952e-07,1.1882938652442577e-17,1.1417456553473047e-17,-1.0520435918739815e-10,-2.0927399753819927e-07
-8.39032220077657e-07,9.933542502636439e-15,7.608318320896056e-18,7.995145271622822e-18,-7.022073220615221e-11,-7.022072615110584e-11,7.815385931827126e-18,6.908656499598061e-18,6.85166694918615e-18,7.784818764586684e-18,7.050733173392639e-18,-7.022069304414866e-11,6.179113890854233e-18,1.3872617821028922e-17,-7.02206957105877e-11,6.340848866052791e-18,8.2995848375526e-18,-2.9862183042358824e-06,9.933542242607131e-15,-7.02206970773642e-11,9.933542107213445e-15,7.702927114447509e-18,-7.022072940180336e-11,7.142198302609477e-18,6.6478773574088116e-18,6.503278944859524e-18,1.4806481533184575e-17,-7.022069294290498e-11,-7.022069498583298e-11,8.323892290264239e-18,6.326230336468348e-18,-7.022069355128405e-11,-1.3968399045153255e-07,-7.022069499429747e-11,6.3181377059389614e-18,1.622743689578432e-17,-7.022071722183001e-11,-7.022069510261806e-11,6.300083999252283e-18,9.933542300393644e-15,-7.022072517907742e-11,1.1060281477375967e-17,-7.022069301551178e-11,-7.022072935817309e-11,6.877204804319212e-18,-7.022072633973378e-11,9.933542421228797e-15,-7.02206934840864e-11,-7.022069024146644e-11,6.877204804319212e-18,7.050733173392639e-18,-7.022069461924464e-11,-7.022067992326625e-11
-8.39032220222105e-07,9.933542431721045e-15,7.815385931827126e-18,8.466777351352996e-18,-7.022073196121e-11,-7.022072593785801e-11,7.608318320896056e-18,6.908656499598061e-18,6.85166694918615e-18,7.973677698471089e-18,7.091723743092205e-18,-7.022069264893855e-11,6.1746967527873156e-18,1.394875587405581e-17,-7.02206954219311e-11,6.5895348524676234e-18,8.120964264051309e-18,9.933542242607131e-15,-2.9862183042358824e-06,-7.02206968113203e-11,9.933542036298164e-15,7.702927114447509e-18,-7.022072895112007e-11,6.97389520968884e-18,6.69399517271303e-18,6.821519266012228e-18,1.4774588310138053e-17,-7.022069275929127e-11,-7.022069477057489e-11,8.282472637642359e-18,6.179113890854233e-18,-7.022069320727283e-11,-1.3968398982082803e-07,-7.022069472168014e-11,6.503278944859524e-18,1.6227436895784392e-17,-7.022071694793282e-11,-7.02206946980951e-11,6.1746967527873156e-18,9.933542229478288e-15,-7.022072484582955e-11,1.0751056872914278e-17,-7.022069262674753e-11,-7.022072901871857e-11,7.213204139474212e-18,-7.022072595711081e-11,9.933542350313356e-15,-7.022069318095952e-11,-7.022068996734159e-11,7.091723743092205e-18,7.091723743092205e-18,-7.022069429769917e-11,-7.022067960546062e-11
1.0000176309352886,-7.022069667695421e-11,-9.146987240707234e-11,-9.435301292682562e-11,1.0000241143177306,1.0000240269347869,-9.146987585282204e-11,-8.753113750314022e-11,-9.319562422924553e-11,-9.146987510300342e-11,-8.510750643774064e-11,1.0000235499503947,-7.811595856008489e-11,-4.1680073690459095e-07,1.0000235878122563,-8.144994026868751e-11,-2.0927404885503493e-07,-7.02206970773642e-11,-7.02206968113203e-11,1.0000206226214032,-7.022069660735168e-11,-9.228375657866861e-11,1.0000240718298543,-8.576689609064621e-11,-8.144993979948335e-11,-8.150881838836752e-11,-4.753107391727677e-07,1.0000235499503942,1.0000235785132519,-1.0227984027751976e-10,-7.811595882480043e-11,1.0000235571308556,1.000023316773544,1.0000235790767809,-8.150881820525412e-11,-4.939247559780132e-07,1.0000238984076735,1.00002357907678,-7.811595840747473e-11,-7.022069693400708e-11,1.0000240126340365,-1.426349787901956e-10,1.0000235499503942,1.0000240718298552,-8.510750620816417e-11,1.000024026934788,-7.022069723198517e-11,1.0000235571308562,1.0000235107589301,-8.510750670528998e-11,-8.510750668935549e-11,1.000023573515718,1.0000233629370647
-8.3903222022663e-07,9.93354229632727e-15,7.815385931827126e-18,7.995145271622822e-18,-7.022073175542505e-11,-7.022072574049321e-11,7.815385931827126e-18,6.750030641800723e-18,6.8451375306494564e-18,7.784818764586684e-18,7.091723743092205e-18,-7.022069246591141e-11,6.1746967527873156e-18,1.394875587405581e-17,-7.022069524839699e-11,6.6478773574088116e-18,8.2995848375526e-18,9.933542107213445e-15,9.933542036298164e-15,-7.022069660735168e-11,-2.9862183042358824e-06,7.834641544049733e-18,-7.022072886271059e-11,6.96732238847509e-18,6.6333581923558826e-18,6.7353667805189146e-18,1.4820062517808554e-17,-7.022069242896044e-11,-7.022069447379726e-11,8.323892290264239e-18,6.1746967527873156e-18,-7.022069300843506e-11,-1.3968398943153537e-07,-7.022069450127606e-11,6.3181377059389614e-18,1.610744252215519e-17,-7.022071669987227e-11,-7.02206945557556e-11,6.300083999252283e-18,9.933542094084802e-15,-7.022072462579662e-11,1.0959536851314871e-17,-7.022069245417238e-11,-7.022072878933414e-11,7.091723743092205e-18,-7.02207256851332e-11,9.933542214919605e-15,-7.022069300843506e-11,-7.022068976476967e-11,7.30993193121449e-18,7.091723743092205e-18,-7.022069414032548e-11,-7.022067942505043e-11
-8.829201392508299e-07,7.702927114447509e-18,1.094808408472735e-17,1.176749166229085e-17,-9.22838027039593e-11,-9.22837947670403e-11,1.1503057432104936e-17,1.0129640941245508e-17,1.0647499946047525e-17,1.1503057432104936e-17,1.0265271519622778e-17,-9.228375108088298e-11,9.173842299533719e-18,2.1515615200699927e-17,-1.8357218751940398e-07,1.92903910960077e-14,1.2189801967497002e-17,7.702927114447509e-18,7.702927114447509e-18,-9.228375657866861e-11,7.834641544049733e-18,-2.9862182928935496e-06,-9.228379870833836e-11,1.0089827368846973e-17,1.929039083403915e-14,9.203303333335696e-18,2.3367844140092224e-17,-9.2283751098426e-11,-9.228375366184003e-11,1.2441943060747973e-17,9.173842299533719e-18,-9.228375177693504e-11,-1.835721378398201e-07,-9.228375374184945e-11,9.706421958801648e-18,2.5028431996015825e-17,-9.228378293244307e-11,-9.228375380922092e-11,8.604057520680268e-18,7.661552021289725e-18,-9.228379345548378e-11,1.6094048932325324e-17,-9.228375108477476e-11,-9.22837987569862e-11,1.0265271519622778e-17,-9.228379481474189e-11,7.917674183592522e-18,-9.228375172792338e-11,-9.228374746832283e-11,1.0265271519622778e-17,1.0265271519622778e-17,-9.228375326547146e-11,-1.8357214631090712e-07
1.0000180939232983,-7.022072878238839e-11,-9.146991464063868e-11,-9.43530563511442e-11,1.0000245773084215,1.0000244899254394,-9.146991802575189e-11,-8.753117781897134e-11,-9.31956670210601e-11,-9.14699171189203e-11,-8.510754543970423e-11,1.0000240129408255,-7.811599446300751e-11,-2.0953040659862863e-10,1.0000240508027036,-8.14499778941742e-11,-1.0520441121787377e-10,-7.022072940180336e-11,-7.022072895112007e-11,1.0000240718298543,-7.022072886271059e-11,-9.228379870833836e-11,1.0000215486025754,-8.576693534578034e-11,-8.144997735069896e-11,-8.150885580881029e-11,-2.3894404216858034e-10,1.000024012940824,1.0000240415036954,-1.0227988727118976e-10,-7.811599466579324e-11,1.0000240201212887,1.0000237797638665,1.0000240420672242,-8.150885590760077e-11,-2.4830151688804444e-10,1.0000243613982664,1.0000240420672233,-7.811599427115689e-11,-7.02207291623616e-11,1.0000244756246806,-1.4263504425163865e-10,1.0000240129408244,1.0000245348205283,-8.51075453191015e-11,1.00002448992544,-7.022072941277852e-11,1.0000240201212887,1.0000239737493417,-8.510754583278121e-11,-8.510754572652459e-11,1.00002403650616,1.0000238259274092
-8.699567836479161e-07,6.97389520968884e-18,1.0599854731906691e-17,1.1011418160817967e-17,-8.57669389775002e-11,-8.576693148408488e-11,1.0617247544966532e-17,9.481957803065491e-18,9.749032510846101e-18,1.0617247544966532e-17,9.667002890612884e-18,-8.576689101399074e-11,7.908755351892558e-18,1.9603606032574513e-17,-8.576689429620723e-11,8.843073772823424e-18,1.163813582142298e-17,7.142198302609477e-18,6.97389520968884e-18,-8.576689609064621e-11,6.96732238847509e-18,1.0089827368846973e-17,-8.576693534578034e-11,-2.986218300421224e-06,8.927782442101222e-18,1.7762721267142928e-14,2.160262873758628e-17,-8.576689102667378e-11,-1.7060875239973935e-07,1.0418720810901788e-17,7.908755351892558e-18,-8.57668916332816e-11,-1.7060870782621323e-07,-8.576689347552131e-11,1.7762721026307676e-14,2.3080148635195875e-17,-8.576692072987537e-11,-8.576689349789245e-11,7.908755351892558e-18,6.973943008419608e-18,-8.576693025239965e-11,1.5254194392927642e-17,-8.576689101640518e-11,-8.576693547665453e-11,9.667002890612884e-18,-8.576693160572817e-11,6.97389520968884e-18,-8.576689167987706e-11,-8.576688766561943e-11,9.784370725042074e-18,9.667002890612884e-18,-8.57668930251609e-11,-8.57668750297933e-11
-8.613694816499953e-07,6.69399517271303e-18,9.86711896802777e-18,1.0612570086430005e-17,-8.144998072398342e-11,-8.14499737494808e-11,9.86711896802777e-18,9.033224214171682e-18,8.987958819138782e-18,9.930188879197832e-18,9.391406534855811e-18,-8.144993507199888e-11,7.792972372346862e-18,1.8757633375125372e-17,-8.144993826285032e-11,1.6917418895534473e-14,1.0630104621094751e-17,6.6478773574088116e-18,6.69399517271303e-18,-8.144993979948335e-11,6.6333581923558826e-18,1.929039083403915e-14,-8.144997735069896e-11,8.927782442101222e-18,-2.9862183043172725e-06,8.568119292977632e-18,2.048884000572449e-17,-8.144993510518246e-11,-8.144993746517723e-11,1.0593666138804189e-17,7.838603056704176e-18,-8.144993572327276e-11,-1.6202135838265173e-07,-8.144993747257331e-11,8.404665899919905e-18,2.2015011372440238e-17,-8.14499632220544e-11,-8.144993744468919e-11,7.792972372346862e-18,6.5895348524676234e-18,-8.144997239392146e-11,1.4041068853022964e-17,-8.144993506140523e-11,-8.144997752812382e-11,9.391406534859229e-18,-8.144997352730747e-11,6.5895348524676234e-18,-8.144993572382851e-11,-8.144993189461665e-11,9.391406534855811e-18,9.217217055395312e-18,-8.144993704949397e-11,-8.144992003165731e-11
-8.614865991473161e-07,6.821519266012228e-18,1.0223289616746972e-17,1.0081684637161586e-17,-8.150885933372816e-11,-8.150885229008135e-11,1.0223289616746972e-17,9.23433340427635e-18,8.770378394994395e-18,1.0223289616746972e-17,8.927271980153577e-18,-8.150881359564728e-11,8.009329478394996e-18,1.8848432482236667e-17,-8.150881661051595e-11,8.972653900293253e-18,1.0356316302772432e-17,6.503278944859524e-18,6.821519266012228e-18,-8.150881838836752e-11,6.7353667805189146e-18,9.203303333335696e-18,-8.150885580881029e-11,1.7762721267142928e-14,8.568119292977632e-18,-2.986218302654263e-06,2.0348081915614843e-17,-8.150881357804135e-11,-8.150881604828465e-11,1.0759808424681635e-17,8.184396034648513e-18,-8.150881423086739e-11,-1.6213848028178998e-07,-8.150881590841495e-11,1.693212010302512e-14,2.2348258494792584e-17,-8.150884175727844e-11,-8.150881591654651e-11,8.009329478394996e-18,6.4368477863423956e-18,-8.150885102052125e-11,1.4241695900059476e-17,-8.150881355121317e-11,-8.150885581435262e-11,9.112673408440661e-18,-8.150885226551869e-11,6.723321054461445e-18,-8.150881423196555e-11,-8.150881039532692e-11,8.927271980153577e-18,8.779794194804409e-18,-8.150881544146304e-11,-8.150879837408438e-11
-1.1746569088454807e-06,1.4821802831826678e-17,2.4346119135193243e-17,2.5566942344837276e-17,-2.3894405218076367e-10,-2.3894403143415966e-10,2.4086140339145622e-17,4.216694627764075e-14,2.0863448203919515e-17,2.421690495789163e-17,2.2178831054653e-17,-4.753107113016784e-07,1.8689445543814093e-17,7.979644781413227e-14,-4.753107293270687e-07,2.047555273819857e-17,2.5132616487825162e-17,1.4806481533184575e-17,1.4774588310138053e-17,-4.753107391727677e-07,1.4820062517808554e-17,2.3367844140092224e-17,-2.3894404216858034e-10,2.160262873758628e-17,2.048884000572449e-17,2.0348081915614843e-17,-2.986218234730076e-06,-4.7531071130167817e-07,-4.753107248790452e-07,2.5335837544680826e-17,1.8616707518518155e-17,-4.7531071493134786e-07,-4.753106008447039e-07,-4.7531072513937453e-07,2.0131163778034055e-17,9.317281398675757e-14,-2.3894400153187665e-10,-4.7531072513937347e-07,1.8850812187871448e-17,1.4744237249591373e-17,-4.7531092842123834e-07,6.519726805252866e-14,-4.7531071130167986e-07,-2.389440422638676e-10,2.2095884169126618e-17,-2.3894403158659183e-10,1.474983850501861e-17,-4.753107149313472e-07,-4.7531069274683213e-07,2.2071933866845295e-17,2.2335464400403142e-17,-4.7531072249293465e-07,-4.753106227614846e-07
1.0000175720465982,-7.022069255829474e-11,-9.146986701262523e-11,-9.435300744540226e-11,1.000024055428697,1.0000239680457612,-9.146987050966804e-11,-8.753113241359988e-11,-9.319561873789738e-11,-9.146986973065604e-11,-8.510750139736957e-11,1.0000234910613954,-7.81159538844298e-11,-4.1680071245678657e-07,1.0000235289232546,-8.144993552968638e-11,-1.0520435695764266e-10,-7.022069294290498e-11,-7.022069275929127e-11,1.0000235499503942,-7.022069242896044e-11,-9.2283751098426e-11,1.000024012940824,-8.576689102667378e-11,-8.144993510518246e-11,-8.150881357804135e-11,-4.7531071130167817e-07,1.0000205048433957,1.0000235196242513,-1.0227983430858641e-10,-7.811595422756945e-11,1.000023498241855,1.0000232578845587,1.000023520187779,-8.150881346923615e-11,-4.939247270080692e-07,1.0000238395186543,1.0000235201877785,-7.811595380070844e-11,-7.022069283148827e-11,1.0000239537450095,-2.8373155738997434e-07,1.000023491061394,1.0000240129408258,-8.510750118786452e-11,1.000023968045761,-7.022069306713526e-11,1.000023498241855,1.0000234518699305,-8.510750174530451e-11,-8.510750176060426e-11,1.0000235146267176,1.000023304048077
1.0000176006093016,-7.022069458083234e-11,-9.146986968632844e-11,-9.435301008072065e-11,1.00002408399157,1.00002399660863,-9.146987315631473e-11,-8.75311349227148e-11,-1.8538608487413472e-07,-9.146987238164157e-11,-8.510750380811135e-11,1.00002351962425,-7.811595624594156e-11,-4.168007243639665e-07,1.0000235574861114,-8.144993792589372e-11,-1.0520435970360982e-10,-7.022069498583298e-11,-7.022069477057489e-11,1.0000235785132519,-7.022069447379726e-11,-9.228375366184003e-11,1.0000240415036954,-1.7060875239973935e-07,-8.144993746517723e-11,-8.150881604828465e-11,-4.753107248790452e-07,1.0000235196242513,1.0000205619691132,-1.0227983716038324e-10,-7.811595648112786e-11,1.0000235268047117,1.000023286447408,1.0000235487506357,-8.150881580612666e-11,-4.939247411181968e-07,1.0000238680815192,1.0000235487506355,-7.811595595143185e-11,-7.022069486396879e-11,1.00002398230788,-1.42634974534793e-10,1.0000235196242508,1.0000240415036958,-8.510750365585459e-11,1.00002399660863,-7.022069510824872e-11,1.0000235268047122,1.0000234804327859,-8.510750417015544e-11,-8.510750420911113e-11,1.000023543189575,1.000023332610927
-9.028043800717918e-07,8.346591056868811e-18,2.4546070858484558e-14,1.2603405891520375e-17,-1.0227989151943802e-10,-1.0227988248411061e-10,2.4546074358690816e-14,1.082026075866222e-17,1.1066412060647382e-17,2.4546073658698604e-14,1.1183130137881264e-17,-1.0227983437995013e-10,9.695218395987878e-18,2.3308532767535763e-17,-1.0227983818248877e-10,1.0031849091835834e-17,1.3180319712568516e-17,8.323892290264239e-18,8.282472637642359e-18,-1.0227984027751976e-10,8.323892290264239e-18,1.2441943060747973e-17,-1.0227988727118976e-10,1.0418720810901788e-17,1.0593666138804189e-17,1.0759808424681635e-17,2.5335837544680826e-17,-1.0227983430858641e-10,-1.0227983716038324e-10,-2.9862182902316597e-06,9.758030973545576e-18,-2.0345653594353591e-07,-2.0345648707135936e-07,-1.0227983724889314e-10,1.0997322470033941e-17,2.7324347673136784e-17,-2.0345660470026528e-07,-1.0227983727468406e-10,9.369413872167014e-18,8.283167164121088e-18,-1.022798812103776e-10,1.7488253382523848e-17,-1.0227983427835764e-10,-1.0227988724054847e-10,1.1183130137881264e-17,-1.0227988248411061e-10,8.282472637642359e-18,-2.0345653594353615e-07,-1.0227983028464809e-10,1.1672118635230532e-17,1.1183130137881264e-17,-1.0227983668542927e-10,-2.0345649645950306e-07
-8.547375097275666e-07,6.2553742613264e-18,9.039417898733356e-18,9.435570100625086e-18,-7.811599793902878e-11,-7.811599133886522e-11,9.394865176653708e-18,8.408627760307132e-18,1.680659006667513e-14,9.91434178054568e-18,8.845997432535784e-18,-7.811595421711542e-11,1.4721896056309133e-14,1.7187075567214985e-17,-7.811595720560383e-11,7.792972372346862e-18,9.588000289071093e-18,6.326230336468348e-18,6.179113890854233e-18,-7.811595882480043e-11,6.1746967527873156e-18,9.173842299533719e-18,-7.811599466579324e-11,7.908755351892558e-18,7.838603056704176e-18,8.184396034648513e-18,1.8616707518518155e-17,-7.811595422756945e-11,-7.811595648112786e-11,9.758030973545576e-18,-2.986218301786707e-06,-7.811595483121132e-11,-1.5538935625507694e-07,-7.811595648494173e-11,8.23356912610552e-18,2.0243863766413895e-17,-7.811598122743282e-11,-7.811595648231578e-11,1.4721895917565394e-14,6.179113890854233e-18,-7.811599000138687e-11,1.3082747055755e-17,-7.811595422075578e-11,-7.811599474264341e-11,8.845997432535784e-18,-7.811599134551994e-11,6.1746967527873156e-18,-7.811595478386593e-11,-7.81159511541097e-11,8.845997432535715e-18,8.425492082778489e-18,-7.811595628748518e-11,-7.811593966189245e-11
1.000017579227018,-7.022069311528544e-11,-9.146986761258291e-11,-9.435300808302229e-11,1.0000240626091614,1.0000239752262248,-9.146987087539141e-11,-8.753113314376492e-11,-9.319561938811243e-11,-9.146987040320862e-11,-8.510750201357634e-11,1.0000234982418552,-7.811595451558186e-11,-4.1680071563035506e-07,1.0000235361037153,-8.144993615438697e-11,-1.0520435756554392e-10,-7.022069355128405e-11,-7.022069320727283e-11,1.0000235571308556,-7.022069300843506e-11,-9.228375177693504e-11,1.0000240201212887,-8.57668916332816e-11,-8.144993572327276e-11,-8.150881423086739e-11,-4.7531071493134786e-07,1.000023498241855,1.0000235268047117,-2.0345653594353591e-07,-7.811595483121132e-11,1.0000205192043168,1.0000232650650158,1.0000235273682387,-8.150881413329156e-11,-4.939247307709398e-07,1.0000238466991176,1.0000235273682392,-7.81159543950829e-11,-7.02206934525143e-11,1.0000239609254722,-2.837315595342594e-07,1.0000234982418545,1.000024020121289,-8.510750181032543e-11,1.0000239752262248,-7.022069360420763e-11,1.0000235054223148,1.0000234590503911,-8.510750241509077e-11,-8.510750235135033e-11,1.0000235218071774,1.0000233112285346
1.0000173388709739,-1.3968398952745984e-07,-1.8195314882461312e-07,-1.8768833259803442e-07,1.0000238222517295,1.000023734868814,-1.8195315575022856e-07,-1.7411816138345676e-07,-1.8538603646012843e-07,-1.8195315422669137e-07,-1.6929704113618657e-07,1.0000232578845583,-1.5538935566309467e-07,-4.1680061557122804e-07,1.0000232957464097,-1.6202135925008245e-07,-2.092739878825726e-07,-1.3968399045153255e-07,-1.3968398982082803e-07,1.000023316773544,-1.3968398943153537e-07,-1.835721378398201e-07,1.0000237797638665,-1.7060870782621323e-07,-1.6202135838265173e-07,-1.6213848028178998e-07,-4.753106008447039e-07,1.0000232578845587,1.000023286447408,-2.0345648707135936e-07,-1.5538935625507694e-07,1.0000232650650158,1.0000200384897489,1.000023287010936,-1.6213848006592223e-07,-4.93924612200496e-07,1.0000236063417358,1.0000232870109358,-1.5538935540584126e-07,-1.3968399010640797e-07,1.000023720568066,-2.8373149139239905e-07,1.0000232578845583,1.0000237797638678,-1.69297040812522e-07,1.0000237348688128,-1.396839905484568e-07,1.0000232650650163,1.0000232186931035,-1.692970418722815e-07,-1.6929704184328287e-07,1.0000232814498777,1.0000230708712834
1.0000176011728286,-7.022069457699011e-11,-9.146986972973923e-11,-9.435301016555262e-11,1.0000240845550992,1.000023997172159,-9.146987324648652e-11,-8.75311349860931e-11,-9.319562137030958e-11,-9.146987245665131e-11,-8.510750387359757e-11,1.0000235201877794,-7.8115956224255e-11,-4.168007245925457e-07,1.00002355804964,-8.144993782373036e-11,-1.0520435977807387e-10,-7.022069499429747e-11,-7.022069472168014e-11,1.0000235790767809,-7.022069450127606e-11,-9.228375374184945e-11,1.0000240420672242,-8.576689347552131e-11,-8.144993747257331e-11,-8.150881590841495e-11,-4.7531072513937453e-07,1.000023520187779,1.0000235487506357,-1.0227983724889314e-10,-7.811595648494173e-11,1.0000235273682387,1.000023287010936,1.0000205630961683,-8.150881578846939e-11,-4.939247413890777e-07,1.00002386864505,1.000023549314165,-7.81159560459718e-11,-7.022069490428984e-11,1.0000239828714055,-1.4263497461020188e-10,1.0000235201877798,1.0000240420672257,-8.510750367079185e-11,1.000023997172159,-7.022069518503822e-11,1.0000235273682405,1.0000234809963147,-8.510750421280554e-11,-8.510750419247811e-11,1.000023543753104,1.0000233331744555
