1.000000000909906,2.3758386057480728e-06,0.9999940102814424,2.3557546232802716e-06,0.9999940102814497,2.322023159345133e-06,0.9999940102814497,2.3549974860999887e-06,2.355754623283352e-06,2.3220231593446994e-06,2.3257473108485194e-06,2.3392189541083375e-06,0.9999940102814463,0.9999940102814409,0.9999940102814467,0.9999940102814477,0.9999940172524263,0.9999940102814486,2.3549974860999887e-06,0.9999940581412916,0.9999940102814491,2.354997486102295e-06,0.9999940102814474,2.3758385952774026e-06,0.9999939846313295,0.9999940102814463,0.9999940102814486,0.999994010281448,0.9999940102814497,0.9999940102814492,2.3557546231682176e-06,0.9999939787924796,2.3549974860994123e-06,2.3549974861061306e-06
2.3758386057480728e-06,3.2880054534057494e-06,1.535712837701222e-10,7.826879957469927e-14,1.5357128388917438e-10,6.892771384215678e-14,1.5357128388917438e-10,7.80153783232132e-14,7.826879970427728e-14,6.892771386389159e-14,3.543290307096175e-17,7.37488567513554e-14,1.535712839126499e-10,1.535712839126499e-10,1.5357128391192197e-10,1.535712837637953e-10,3.045037270184854e-07,1.535712839317143e-10,7.80153784366381e-14,3.0450374190849416e-07,1.535712837637953e-10,7.801537829172681e-14,1.535712837637953e-10,8.376315986781953e-14,3.0450371576132315e-07,1.5357128388295943e-10,1.535712837637953e-10,1.5357128388295943e-10,1.535712839317143e-10,1.535712837637953e-10,7.826879945746908e-14,3.0450371330081023e-07,7.801537838060937e-14,7.801537848666978e-14
0.9999940102814424,1.535712837701222e-10,0.9999933205636198,1.434422938694614e-10,0.9999900325587555,1.264304438614518e-10,0.9999900325587555,1.430604444649222e-10,1.4344229403513263e-10,1.2643044398861054e-10,1.283086530638251e-10,1.3510282844122704e-10,0.9999900325587536,0.9999900325587555,0.9999900325587541,0.9999900325587564,0.9999900395297276,0.9999900325587543,1.4306044470445352e-10,0.9999900804185485,0.9999900325587555,1.4306044440247514e-10,0.9999900325587555,1.5357127924179178e-10,0.9999900069086728,0.9999900325587543,0.9999900325587541,0.9999900325587557,0.9999900325587552,0.9999900325587557,1.4344229378708732e-10,0.9999900010698243,1.430604445841335e-10,1.430604447018264e-10
2.3557546232802716e-06,7.826879957469927e-14,1.434422938694614e-10,3.288005446271635e-06,1.4344229382882685e-10,6.440665729679281e-14,1.4344229383975515e-10,7.289808814769965e-14,7.313472451776999e-14,6.44066573170412e-14,3.295822705951725e-17,6.891119806562576e-14,1.4344229392748357e-10,1.4344229392313263e-10,1.4344229392748357e-10,1.4344229392313263e-10,1.4344229515425374e-10,1.4344229392748357e-10,7.28980882534546e-14,2.844198090865894e-07,1.4344229392313263e-10,7.289808811826138e-14,1.4344229392313263e-10,7.826879618016896e-14,2.84419784675478e-07,1.4344229392313263e-10,1.434422939509062e-10,1.4344229392313263e-10,1.434422938951e-10,1.4344229392313263e-10,7.313472428742988e-14,2.844197823793861e-07,7.289808820128535e-14,7.289808830009131e-14
0.9999940102814497,1.5357128388917438e-10,0.9999900325587555,1.4344229382882685e-10,0.999993320563615,1.2643044386564898e-10,0.9999900325587546,1.430604444824602e-10,1.4344229401840716e-10,1.264304439911282e-10,1.2830865301763134e-10,1.3510282849143982e-10,0.9999900325587534,0.999990032558755,0.9999900325587543,0.9999900325587567,0.9999900395297274,0.999990032558755,1.4306044468593445e-10,0.9999900804185482,0.9999900325587561,1.4306044447227817e-10,0.9999900325587546,1.5357127917163e-10,0.9999900069086725,0.999990032558755,0.9999900325587546,0.9999900325587567,0.9999900325587552,0.9999900325587564,1.4344229375883057e-10,0.9999900010698239,1.4306044454048446e-10,1.4306044469151174e-10
2.322023159345133e-06,6.892771384215678e-14,1.264304438614518e-10,6.440665729679281e-14,1.2643044386564898e-10,3.2880054307554027e-06,1.2643044385787752e-10,6.41980029141728e-14,6.44066574032794e-14,5.677825008015897e-14,5.777810664106094e-14,6.071707082256952e-14,1.264304438683128e-10,1.2643044386818778e-10,1.2643044386180239e-10,1.264304438614518e-10,1.2643044484572274e-10,1.2643044386180239e-10,6.419800300778805e-14,2.506884247340713e-07,1.2643044386829917e-10,6.419800288828645e-14,1.2643044386992078e-10,6.892771083464022e-14,1.2643044070169883e-10,1.2643044386621907e-10,1.2643044386656077e-10,1.2643044386037328e-10,1.2643044386552956e-10,1.264304438571902e-10,6.440665719988822e-14,1.264304394073878e-10,6.419800296145381e-14,6.419800304909258e-14
0.9999940102814497,1.5357128388917438e-10,0.9999900325587555,1.4344229383975515e-10,0.9999900325587546,1.2643044385787752e-10,0.9999933205636133,1.430604444929292e-10,1.4344229404123058e-10,1.2643044398793652e-10,1.28308653055094e-10,1.3510282848347924e-10,0.9999900325587529,0.9999900325587546,0.9999900325587534,0.9999900325587555,0.9999900395297259,0.9999900325587543,1.4306044454313175e-10,0.9999900804185473,0.9999900325587548,1.430604443668455e-10,0.9999900325587546,1.535712791580092e-10,0.9999900069086716,0.999990032558754,0.9999900325587537,0.9999900325587552,0.999990032558754,0.9999900325587557,1.4344229387660643e-10,0.9999900010698233,1.43060444539977e-10,1.4306044470509847e-10
2.3549974860999887e-06,7.80153783232132e-14,1.430604444649222e-10,7.289808814769965e-14,1.430604444824602e-10,6.41980029141728e-14,1.430604444929292e-10,3.288005445392218e-06,7.289808826834767e-14,6.419800293444142e-14,6.54002982037112e-14,6.86884174774813e-14,1.4306044442718039e-10,1.4306044451187326e-10,1.4306044451444386e-10,1.430604444698148e-10,1.4306044567685415e-10,1.4306044444607053e-10,7.266197762447333e-14,2.8366267163571145e-07,1.4306044442718039e-10,7.266197748940285e-14,1.4306044445966653e-10,7.801537492714568e-14,2.836626472722949e-07,1.4306044444607053e-10,1.430604444271561e-10,1.4306044450968372e-10,1.4306044450841606e-10,1.430604444698148e-10,7.289808803833541e-14,2.8366264497917903e-07,7.266197757220028e-14,7.266197767112687e-14
2.355754623283352e-06,7.826879970427728e-14,1.4344229403513263e-10,7.313472451776999e-14,1.4344229401840716e-10,6.44066574032794e-14,1.4344229404123058e-10,7.289808826834767e-14,3.288005446271635e-06,6.440665742352765e-14,3.297241864797952e-17,6.891119817982972e-14,1.434422940941298e-10,1.4344229415469791e-10,1.434422940656764e-10,1.434422940941298e-10,1.4344229516399728e-10,1.434422940941298e-10,7.289808837410256e-14,2.8441980940634854e-07,1.4344229405729127e-10,7.289808823890952e-14,1.4344229402532599e-10,7.826879630974717e-14,2.844197849952371e-07,1.4344229410537554e-10,1.434422940656764e-10,1.4344229414618305e-10,1.4344229406389719e-10,1.434422940656764e-10,7.313472440859525e-14,2.8441978269914566e-07,7.289808832193305e-14,7.289808842073899e-14
2.3220231593446994e-06,6.892771386389159e-14,1.2643044398861054e-10,6.44066573170412e-14,1.264304439911282e-10,5.677825008015897e-14,1.2643044398793652e-10,6.419800293444142e-14,6.440665742352765e-14,3.2880054307554027e-06,5.777810665884539e-14,6.071707084164301e-14,1.264304439886011e-10,1.264304439791617e-10,1.2643044398289858e-10,1.2643044398377417e-10,1.2643044502837355e-10,1.2643044397466914e-10,6.419800302805667e-14,2.5068842497902173e-07,1.2643044398874853e-10,6.419800290855478e-14,1.2643044398336782e-10,6.892771085637517e-14,1.264304398431361e-10,1.2643044398296e-10,1.2643044399032733e-10,1.2643044399232353e-10,1.2643044398468924e-10,1.2643044397464065e-10,6.440665722013672e-14,1.2643043960791147e-10,6.419800298172212e-14,6.419800306936109e-14
2.3257473108485194e-06,3.543290307096175e-17,1.283086530638251e-10,3.295822705951725e-17,1.2830865301763134e-10,5.777810664106094e-14,1.28308653055094e-10,6.54002982037112e-14,3.297241864797952e-17,5.777810665884539e-14,3.28800543083261e-06,3.1164332515177456e-17,1.2830865300854153e-10,1.2830865304843813e-10,1.283086530046792e-10,1.2830865304843813e-10,1.2830865399176126e-10,1.28308653055094e-10,6.540029829702504e-14,2.544125697788961e-07,1.2830865304843813e-10,6.540029817718352e-14,1.2830865300854153e-10,3.5389463276279454e-17,1.2830864927246513e-10,1.28308653055094e-10,1.2830865305286683e-10,1.2830865301763134e-10,1.2830865301763134e-10,1.283086530046792e-10,3.2857818211274837e-17,1.2830864799160413e-10,6.540029825147107e-14,6.540029833809114e-14
2.3392189541083375e-06,7.37488567513554e-14,1.3510282844122704e-10,6.891119806562576e-14,1.3510282849143982e-10,6.071707082256952e-14,1.3510282848347924e-10,6.86884174774813e-14,6.891119817982972e-14,6.071707084164301e-14,3.1164332515177456e-17,3.288005437159914e-06,1.3510282844129986e-10,1.3510282848259623e-10,1.351028284607958e-10,1.3510282847237814e-10,1.3510282952256616e-10,1.3510282841793728e-10,6.868841757692437e-14,2.678841758007367e-07,1.3510282848138157e-10,6.868841744972869e-14,1.3510282846338894e-10,7.374885355998651e-14,2.67884152782971e-07,1.351028285038085e-10,1.3510282848138157e-10,1.351028284682085e-10,1.3510282848347924e-10,1.3510282847886882e-10,6.891119796309315e-14,1.3510282373092415e-10,6.868841752792597e-14,6.86884176207619e-14
0.9999940102814463,1.535712839126499e-10,0.9999900325587536,1.4344229392748357e-10,0.9999900325587534,1.264304438683128e-10,0.9999900325587529,1.4306044442718039e-10,1.434422940941298e-10,1.264304439886011e-10,1.2830865300854153e-10,1.3510282844129986e-10,0.9999933205636142,0.9999900325587537,0.9999900325587526,0.9999900325587552,0.9999900395297254,0.9999900325587529,1.4306044451858746e-10,0.999990080418547,0.9999900325587543,1.430604444628828e-10,0.999990032558754,1.5357127916107483e-10,0.9999900069086707,0.9999900325587531,0.9999900325587526,0.9999900325587543,0.9999900325587534,0.9999900325587543,1.434422937697708e-10,0.9999900010698234,1.43060444539977e-10,1.4306044470509847e-10
0.9999940102814409,1.535712839126499e-10,0.9999900325587555,1.4344229392313263e-10,0.999990032558755,1.2643044386818778e-10,0.9999900325587546,1.4306044451187326e-10,1.4344229415469791e-10,1.264304439791617e-10,1.2830865304843813e-10,1.3510282848259623e-10,0.9999900325587537,0.9999933205636132,0.9999900325587537,0.9999900325587557,0.999990039529726,0.999990032558754,1.430604446616549e-10,0.9999900804185476,0.9999900325587554,1.430604444817632e-10,0.999990032558755,1.535712791580092e-10,0.9999900069086716,0.999990032558754,0.999990032558754,0.9999900325587555,0.9999900325587548,0.9999900325587557,1.4344229382299895e-10,0.9999900010698239,1.4306044453836372e-10,1.4306044457645604e-10
0.9999940102814467,1.5357128391192197e-10,0.9999900325587541,1.4344229392748357e-10,0.9999900325587543,1.2643044386180239e-10,0.9999900325587534,1.4306044451444386e-10,1.434422940656764e-10,1.2643044398289858e-10,1.283086530046792e-10,1.351028284607958e-10,0.9999900325587526,0.9999900325587537,0.9999933205636136,0.9999900325587552,0.9999900395297262,0.9999900325587529,1.430604446553086e-10,0.999990080418547,0.9999900325587546,1.4306044447495053e-10,0.9999900325587541,1.535712792172395e-10,0.9999900069086708,0.9999900325587529,0.9999900325587529,0.9999900325587546,0.9999900325587543,0.9999900325587552,1.4344229383997402e-10,0.9999900010698233,1.43060444539977e-10,1.4306044467982417e-10
0.9999940102814477,1.535712837637953e-10,0.9999900325587564,1.4344229392313263e-10,0.9999900325587567,1.264304438614518e-10,0.9999900325587555,1.430604444698148e-10,1.434422940941298e-10,1.2643044398377417e-10,1.2830865304843813e-10,1.3510282847237814e-10,0.9999900325587552,0.9999900325587557,0.9999900325587552,0.9999933205636168,0.999990039529728,0.9999900325587552,1.4306044470445352e-10,0.9999900804185491,0.999990032558757,1.4306044440247514e-10,0.9999900325587563,1.5357127916107483e-10,0.9999900069086726,0.9999900325587552,0.9999900325587552,0.9999900325587567,0.9999900325587561,0.9999900325587566,1.43442293875809e-10,0.9999900010698252,1.430604445841335e-10,1.4306044470509847e-10
0.9999940172524263,3.045037270184854e-07,0.9999900395297276,1.4344229515425374e-10,0.9999900395297274,1.2643044484572274e-10,0.9999900395297259,1.4306044567685415e-10,1.4344229516399728e-10,1.2643044502837355e-10,1.2830865399176126e-10,1.3510282952256616e-10,0.9999900395297254,0.999990039529726,0.9999900395297262,0.999990039529728,0.9999933345055592,0.9999900395297268,1.430604458172741e-10,0.999990087389521,0.9999900395297274,1.430604456450328e-10,0.9999900395297274,3.0450371750466143e-07,0.9999900138796441,0.9999900395297268,0.9999900395297268,0.999990039529728,0.9999900395297263,0.9999900395297271,1.4344229497104473e-10,0.9999900080407961,1.4306044578198978e-10,1.4306044583508082e-10
0.9999940102814486,1.535712839317143e-10,0.9999900325587543,1.4344229392748357e-10,0.999990032558755,1.2643044386180239e-10,0.9999900325587543,1.4306044444607053e-10,1.434422940941298e-10,1.2643044397466914e-10,1.28308653055094e-10,1.3510282841793728e-10,0.9999900325587529,0.999990032558754,0.9999900325587529,0.9999900325587552,0.9999900395297268,0.9999933205636145,1.430604446616549e-10,0.9999900804185475,0.9999900325587552,1.430604444475545e-10,0.9999900325587541,1.5357127915655007e-10,0.9999900069086708,0.9999900325587534,0.9999900325587534,0.9999900325587548,0.9999900325587543,0.9999900325587554,1.434422937697708e-10,0.9999900010698236,1.430604445841335e-10,1.4306044461882255e-10
2.3549974860999887e-06,7.80153784366381e-14,1.4306044470445352e-10,7.28980882534546e-14,1.4306044468593445e-10,6.419800300778805e-14,1.4306044454313175e-10,7.266197762447333e-14,7.289808837410256e-14,6.419800302805667e-14,6.540029829702504e-14,6.868841757692437e-14,1.4306044451858746e-10,1.430604446616549e-10,1.430604446553086e-10,1.4306044470445352e-10,1.430604458172741e-10,1.430604446616549e-10,3.288005445392218e-06,2.8366267189423967e-07,1.4306044471631253e-10,7.266197759515603e-14,1.4306044474563319e-10,7.801537504057094e-14,2.836626475308228e-07,1.4306044453440512e-10,1.430604446616549e-10,1.4306044455164297e-10,1.430604446572783e-10,1.4306044470445352e-10,7.289808814409019e-14,2.8366264523770736e-07,7.266197767795338e-14,7.266197777688e-14
0.9999940581412916,3.0450374190849416e-07,0.9999900804185485,2.844198090865894e-07,0.9999900804185482,2.506884247340713e-07,0.9999900804185473,2.8366267163571145e-07,2.8441980940634854e-07,2.5068842497902173e-07,2.544125697788961e-07,2.678841758007367e-07,0.999990080418547,0.9999900804185476,0.999990080418547,0.9999900804185491,0.999990087389521,0.9999900804185475,2.8366267189423967e-07,0.9999934162832212,0.9999900804185479,2.8366267155104024e-07,0.9999900804185484,3.045037323946708e-07,0.9999900547684651,0.9999900804185476,0.9999900804185475,0.9999900804185488,0.9999900804185479,0.9999900804185494,2.844198089299881e-07,0.9999900489296166,2.836626717823686e-07,2.836626720040166e-07
0.9999940102814491,1.535712837637953e-10,0.9999900325587555,1.4344229392313263e-10,0.9999900325587561,1.2643044386829917e-10,0.9999900325587548,1.4306044442718039e-10,1.4344229405729127e-10,1.2643044398874853e-10,1.2830865304843813e-10,1.3510282848138157e-10,0.9999900325587543,0.9999900325587554,0.9999900325587546,0.999990032558757,0.9999900395297274,0.9999900325587552,1.4306044471631253e-10,0.9999900804185479,0.9999933205636168,1.4306044440247514e-10,0.9999900325587555,1.535712791580092e-10,0.9999900069086722,0.9999900325587552,0.9999900325587552,0.9999900325587567,0.9999900325587557,0.9999900325587566,1.4344229373438697e-10,0.9999900010698243,1.430604445104013e-10,1.4306044464010745e-10
2.354997486102295e-06,7.801537829172681e-14,1.4306044440247514e-10,7.289808811826138e-14,1.4306044447227817e-10,6.419800288828645e-14,1.430604443668455e-10,7.266197748940285e-14,7.289808823890952e-14,6.419800290855478e-14,6.540029817718352e-14,6.868841744972869e-14,1.430604444628828e-10,1.430604444817632e-10,1.4306044447495053e-10,1.4306044440247514e-10,1.430604456450328e-10,1.430604444475545e-10,7.266197759515603e-14,2.8366267155104024e-07,1.4306044440247514e-10,3.288005445392218e-06,1.4306044445921055e-10,7.801537489565947e-14,2.836626471876231e-07,1.430604444702933e-10,1.4306044440247514e-10,1.430604444953296e-10,1.4306044438512138e-10,1.4306044435841497e-10,7.289808800889742e-14,2.836626448945076e-07,7.26619775428832e-14,7.266197764180979e-14
0.9999940102814474,1.535712837637953e-10,0.9999900325587555,1.4344229392313263e-10,0.9999900325587546,1.2643044386992078e-10,0.9999900325587546,1.4306044445966653e-10,1.4344229402532599e-10,1.2643044398336782e-10,1.2830865300854153e-10,1.3510282846338894e-10,0.999990032558754,0.999990032558755,0.9999900325587541,0.9999900325587563,0.9999900395297274,0.9999900325587541,1.4306044474563319e-10,0.9999900804185484,0.9999900325587555,1.4306044445921055e-10,0.9999933205636173,1.5357127919947873e-10,0.9999900069086728,0.9999900325587546,0.9999900325587541,0.9999900325587554,0.9999900325587548,0.9999900325587564,1.434422937354835e-10,0.9999900010698243,1.430604445841335e-10,1.4306044457645604e-10
2.3758385952774026e-06,8.376315986781953e-14,1.5357127924179178e-10,7.826879618016896e-14,1.5357127917163e-10,6.892771083464022e-14,1.535712791580092e-10,7.801537492714568e-14,7.826879630974717e-14,6.892771085637517e-14,3.5389463276279454e-17,7.374885355998651e-14,1.5357127916107483e-10,1.535712791580092e-10,1.535712792172395e-10,1.5357127916107483e-10,3.0450371750466143e-07,1.5357127915655007e-10,7.801537504057094e-14,3.045037323946708e-07,1.535712791580092e-10,7.801537489565947e-14,1.5357127919947873e-10,3.2880054534057494e-06,3.0450370624749906e-07,1.5357127914127983e-10,1.535712791580092e-10,1.535712792821445e-10,1.5357127923117983e-10,1.535712792269102e-10,7.826879606293901e-14,3.045037037869862e-07,7.801537498454206e-14,7.801537509060244e-14
0.9999939846313295,3.0450371576132315e-07,0.9999900069086728,2.84419784675478e-07,0.9999900069086725,1.2643044070169883e-10,0.9999900069086716,2.836626472722949e-07,2.844197849952371e-07,1.264304398431361e-10,1.2830864927246513e-10,2.67884152782971e-07,0.9999900069086707,0.9999900069086716,0.9999900069086708,0.9999900069086726,0.9999900138796441,0.9999900069086708,2.836626475308228e-07,0.9999900547684651,0.9999900069086722,2.836626471876231e-07,0.9999900069086728,3.0450370624749906e-07,0.9999932692634449,0.9999900069086708,0.9999900069086708,0.9999900069086726,0.9999900069086722,0.9999900069086726,2.8441978451887704e-07,0.9999899754197418,2.8366264741895203e-07,2.8366264764059985e-07
0.9999940102814463,1.5357128388295943e-10,0.9999900325587543,1.4344229392313263e-10,0.999990032558755,1.2643044386621907e-10,0.999990032558754,1.4306044444607053e-10,1.4344229410537554e-10,1.2643044398296e-10,1.28308653055094e-10,1.351028285038085e-10,0.9999900325587531,0.999990032558754,0.9999900325587529,0.9999900325587552,0.9999900395297268,0.9999900325587534,1.4306044453440512e-10,0.9999900804185476,0.9999900325587552,1.430604444702933e-10,0.9999900325587546,1.5357127914127983e-10,0.9999900069086708,0.9999933205636145,0.9999900325587534,0.9999900325587548,0.9999900325587543,0.9999900325587552,1.434422937697708e-10,0.9999900010698236,1.430604445520055e-10,1.4306044461882255e-10
0.9999940102814486,1.535712837637953e-10,0.9999900325587541,1.434422939509062e-10,0.9999900325587546,1.2643044386656077e-10,0.9999900325587537,1.430604444271561e-10,1.434422940656764e-10,1.2643044399032733e-10,1.2830865305286683e-10,1.3510282848138157e-10,0.9999900325587526,0.999990032558754,0.9999900325587529,0.9999900325587552,0.9999900395297268,0.9999900325587534,1.430604446616549e-10,0.9999900804185475,0.9999900325587552,1.4306044440247514e-10,0.9999900325587541,1.535712791580092e-10,0.9999900069086708,0.9999900325587534,0.9999933205636145,0.9999900325587548,0.9999900325587543,0.9999900325587554,1.434422938333497e-10,0.9999900010698236,1.430604446005307e-10,1.4306044469790704e-10
0.999994010281448,1.5357128388295943e-10,0.9999900325587557,1.4344229392313263e-10,0.9999900325587567,1.2643044386037328e-10,0.9999900325587552,1.4306044450968372e-10,1.4344229414618305e-10,1.2643044399232353e-10,1.2830865301763134e-10,1.351028284682085e-10,0.9999900325587543,0.9999900325587555,0.9999900325587546,0.9999900325587567,0.999990039529728,0.9999900325587548,1.4306044455164297e-10,0.9999900804185488,0.9999900325587567,1.430604444953296e-10,0.9999900325587554,1.535712792821445e-10,0.9999900069086726,0.9999900325587548,0.9999900325587548,0.9999933205636106,0.9999900325587561,0.9999900325587566,1.4344229377517688e-10,0.9999900010698243,1.430604445639852e-10,1.4306044468606028e-10
0.9999940102814497,1.535712839317143e-10,0.9999900325587552,1.434422938951e-10,0.9999900325587552,1.2643044386552956e-10,0.999990032558754,1.4306044450841606e-10,1.4344229406389719e-10,1.2643044398468924e-10,1.2830865301763134e-10,1.3510282848347924e-10,0.9999900325587534,0.9999900325587548,0.9999900325587543,0.9999900325587561,0.9999900395297263,0.9999900325587543,1.430604446572783e-10,0.9999900804185479,0.9999900325587557,1.4306044438512138e-10,0.9999900325587548,1.5357127923117983e-10,0.9999900069086722,0.9999900325587543,0.9999900325587543,0.9999900325587561,0.9999933205636148,0.9999900325587557,1.4344229387660643e-10,0.9999900010698236,1.4306044454042087e-10,1.4306044470509847e-10
0.9999940102814492,1.535712837637953e-10,0.9999900325587557,1.4344229392313263e-10,0.9999900325587564,1.264304438571902e-10,0.9999900325587557,1.430604444698148e-10,1.434422940656764e-10,1.2643044397464065e-10,1.283086530046792e-10,1.3510282847886882e-10,0.9999900325587543,0.9999900325587557,0.9999900325587552,0.9999900325587566,0.9999900395297271,0.9999900325587554,1.4306044470445352e-10,0.9999900804185494,0.9999900325587566,1.4306044435841497e-10,0.9999900325587564,1.535712792269102e-10,0.9999900069086726,0.9999900325587552,0.9999900325587554,0.9999900325587566,0.9999900325587557,0.9999933205636151,1.4344229378708732e-10,0.9999900010698239,1.430604445961807e-10,1.430604447288588e-10
2.3557546231682176e-06,7.826879945746908e-14,1.4344229378708732e-10,7.313472428742988e-14,1.4344229375883057e-10,6.440665719988822e-14,1.4344229387660643e-10,7.289808803833541e-14,7.313472440859525e-14,6.440665722013672e-14,3.2857818211274837e-17,6.891119796309315e-14,1.434422937697708e-10,1.4344229382299895e-10,1.4344229383997402e-10,1.43442293875809e-10,1.4344229497104473e-10,1.434422937697708e-10,7.289808814409019e-14,2.844198089299881e-07,1.4344229373438697e-10,7.289808800889742e-14,1.434422937354835e-10,7.826879606293901e-14,2.8441978451887704e-07,1.434422937697708e-10,1.434422938333497e-10,1.4344229377517688e-10,1.4344229387660643e-10,1.4344229378708732e-10,3.2880054462639064e-06,2.844197822227848e-07,7.2898088091921e-14,7.289808819072707e-14
0.9999939787924796,3.0450371330081023e-07,0.9999900010698243,2.844197823793861e-07,0.9999900010698239,1.264304394073878e-10,0.9999900010698233,2.8366264497917903e-07,2.8441978269914566e-07,1.2643043960791147e-10,1.2830864799160413e-10,1.3510282373092415e-10,0.9999900010698234,0.9999900010698239,0.9999900010698233,0.9999900010698252,0.9999900080407961,0.9999900010698236,2.8366264523770736e-07,0.9999900489296166,0.9999900010698243,2.836626448945076e-07,0.9999900010698243,3.045037037869862e-07,0.9999899754197418,0.9999900010698236,0.9999900010698236,0.9999900010698243,0.9999900010698236,0.9999900010698239,2.844197822227848e-07,0.9999932575857483,2.8366264512583606e-07,2.836626453474841e-07
2.3549974860994123e-06,7.801537838060937e-14,1.430604445841335e-10,7.289808820128535e-14,1.4306044454048446e-10,6.419800296145381e-14,1.43060444539977e-10,7.266197757220028e-14,7.289808832193305e-14,6.419800298172212e-14,6.540029825147107e-14,6.868841752792597e-14,1.43060444539977e-10,1.4306044453836372e-10,1.43060444539977e-10,1.430604445841335e-10,1.4306044578198978e-10,1.430604445841335e-10,7.266197767795338e-14,2.836626717823686e-07,1.430604445104013e-10,7.26619775428832e-14,1.430604445841335e-10,7.801537498454206e-14,2.8366264741895203e-07,1.430604445520055e-10,1.430604446005307e-10,1.430604445639852e-10,1.4306044454042087e-10,1.430604445961807e-10,7.2898088091921e-14,2.8366264512583606e-07,3.2880054453817546e-06,7.266197772460721e-14
2.3549974861061306e-06,7.801537848666978e-14,1.430604447018264e-10,7.289808830009131e-14,1.4306044469151174e-10,6.419800304909258e-14,1.4306044470509847e-10,7.266197767112687e-14,7.289808842073899e-14,6.419800306936109e-14,6.540029833809114e-14,6.86884176207619e-14,1.4306044470509847e-10,1.4306044457645604e-10,1.4306044467982417e-10,1.4306044470509847e-10,1.4306044583508082e-10,1.4306044461882255e-10,7.266197777688e-14,2.836626720040166e-07,1.4306044464010745e-10,7.266197764180979e-14,1.4306044457645604e-10,7.801537509060244e-14,2.8366264764059985e-07,1.4306044461882255e-10,1.4306044469790704e-10,1.4306044468606028e-10,1.4306044470509847e-10,1.430604447288588e-10,7.289808819072707e-14,2.836626453474841e-07,7.266197772460721e-14,3.2880054453817546e-06
