1.0000000227564934,9.84722379081941e-06,0.9999808683609289,0.9999809113708421,6.556150723144608e-06,0.9999811784828616,0.9999811894374134,6.575789950411892e-06,6.389982292746635e-06,7.66089882427624e-06,6.454234943608492e-06,7.065897019079426e-06,6.45645446866021e-06,0.9999805348877452,6.365920970457181e-06,7.42117131904955e-06,6.456454468844427e-06,6.364871211251596e-06,6.392677453111711e-06,6.405790063927867e-06,0.9999811963182057,0.9999815388113896,6.434885831236695e-06,0.9999805184869089,6.560816681777423e-06,0.9999812009435302,6.5391627785630985e-06,6.456691445429131e-06,7.737815762669724e-06,6.421697686063631e-06,6.456454467068171e-06,6.456454468863574e-06,9.717775615642623e-06,6.460302324483806e-06,6.45645446885572e-06,6.551852811243197e-06,6.456691445072974e-06,0.9999805008625818,6.389982300860435e-06,6.397704482630712e-06,6.367698738925242e-06,7.5618272328464365e-06,6.309437903425653e-06,0.9999811924851337,0.9999811845429525,6.421697683434535e-06,6.461635196217325e-06,6.4841649613825065e-06,6.366153015246107e-06,6.456454467068173e-06,6.421697683829055e-06,0.9999809113708493,6.582230397935357e-06,6.365377226408593e-06,6.634224173563185e-06,7.684252934991856e-06,6.5281186019154625e-06,6.456691445429089e-06,6.346484918203744e-06,6.554516223586136e-06,6.494214029434433e-06,6.503779270768617e-06,7.746821659025564e-06,6.335831881568023e-06,6.7143683292267865e-06,6.607423903285469e-06
9.84722379081941e-06,1.3001815422237694e-05,4.163410975922344e-06,4.163410978361886e-06,1.6658907698551697e-15,4.163411111271772e-06,4.1634111063474166e-06,1.715978456206285e-15,1.3683804409980716e-15,3.778455043392572e-15,1.4613231424732508e-15,2.5589080261827486e-15,1.5066958341661714e-15,2.0905887788807335e-09,1.2739729560304191e-15,3.3638810016746633e-15,1.5067291412811427e-15,1.2863350512610407e-15,1.3747875494730319e-15,1.3800698218869257e-15,4.163411018122379e-06,4.163411281253033e-06,1.4314434544132916e-15,2.0905885665805676e-09,1.7252724822573782e-15,4.16341093808338e-06,1.6687739129380351e-15,1.5034889010820593e-15,4.087593523145351e-15,1.420854594068915e-15,1.506695834166183e-15,1.506729141281152e-15,1.5438400614413e-11,1.5031023996892628e-15,1.5066958341661714e-15,1.749929336246051e-15,1.5036986397064584e-15,2.090588804390283e-09,1.3687296800616336e-15,1.3635569842898114e-15,1.2791780435529455e-15,3.677754256238928e-15,1.1659935802901501e-15,4.163411029095375e-06,4.1634110383894025e-06,1.4211859700463967e-15,1.5070124936624394e-15,1.5287146648805882e-15,1.287668847014814e-15,1.5067291412811427e-15,1.4209248497894048e-15,4.163410978361886e-06,1.7292967221922803e-15,1.2888559565751441e-15,1.9121354033834457e-15,7.92495025989644e-12,1.6474342593180456e-15,1.503506989514931e-15,1.2500727308209142e-15,1.6977416410639875e-15,1.5818458482109558e-15,1.605791984267266e-15,3.975076146961448e-15,1.2202917809726547e-15,4.006748455785949e-12,1.880392980480742e-15
0.9999808683609289,4.163410975922344e-06,0.9999556889153994,0.9999427301294987,4.380828322948034e-10,0.9999429972350216,0.9999430081893363,4.47944008162485e-10,3.546466739776347e-10,9.927964459164945e-10,3.869091324696301e-10,6.940356571878563e-10,3.880235068909578e-10,0.9999423536552917,3.4256516049241455e-10,8.724249272995576e-10,3.8802350678176097e-10,3.4203802302020915e-10,3.5599996084202467e-10,3.625840771146652e-10,0.9999430150701685,0.9999433575548142,3.771935778997195e-10,0.999942337255773,4.404255803367805e-10,0.9999430196955591,4.2955280814317033e-10,3.881425061558783e-10,1.0314174604035456e-09,3.7057155158009325e-10,3.8802350650768336e-10,3.8802350624781966e-10,4.033967113735223e-06,3.89955606896525e-10,3.880235072468858e-10,4.3592457722846907e-10,3.8814250697407373e-10,0.9999423196307937,3.5464667311014127e-10,3.585241623286354e-10,3.4345780819072365e-10,9.43050653114185e-10,3.142040074370871e-10,0.9999430112371541,0.9999430032951361,3.705715513849598e-10,3.9062486030443005e-10,4.0193750699276113e-10,3.426816454448828e-10,3.8802350634786053e-10,3.705715517034408e-10,0.9999427301294984,4.5117786397844026e-10,3.4229210278430174e-10,4.772846891158325e-10,1.0045226264941185e-09,4.24007332058635e-10,3.881425058673972e-10,3.328059437050151e-10,4.3726204873420033e-10,4.06983243835225e-10,4.1178610669732835e-10,1.0359397550725978e-09,3.274568845713556e-10,5.175266052402421e-10,4.6382775556279535e-10
0.9999809113708421,4.163410978361886e-06,0.9999427301294987,0.9999557749332789,8.724426783685063e-07,0.9999430402438018,0.9999430511981108,8.920812267163552e-07,3.546466747245961e-10,9.92796440348178e-10,3.86909129022731e-10,6.940356424984394e-10,3.880235092704878e-10,0.9999423966643705,3.4256515477028555e-10,8.724249277760711e-10,3.880235094375963e-10,3.420380192141744e-10,3.559999616512764e-10,3.6258407505919285e-10,0.9999430580789269,0.9999434005634334,3.7719357512656e-10,0.9999423802648069,4.4042558451234066e-10,0.9999430627043054,4.295528104153497e-10,3.8814250770706737e-10,1.0314174765275906e-09,3.7057155109319975e-10,3.8802350850232487e-10,3.880235088158165e-10,4.033967104586027e-06,3.8995560739940206e-10,3.880235090341062e-10,4.359245872006397e-10,3.8814250828211283e-10,0.9999423626398977,3.5464667353629236e-10,3.5852416021939357e-10,3.434578027116793e-10,9.43050660150396e-10,3.142040020610945e-10,0.9999430542459161,0.9999430463039038,3.705715510477178e-10,3.906248609533861e-10,4.019375044081087e-10,3.426816413667094e-10,3.8802350851300243e-10,3.7057155124666114e-10,0.9999427731383966,4.511778640023087e-10,3.42292099112994e-10,4.772846991667992e-10,1.0045226417097686e-09,4.240073345797944e-10,3.881425076098144e-10,3.32805939271023e-10,4.3726205147943096e-10,4.0698324635832973e-10,4.117861098368712e-10,1.0359397546726006e-09,3.27456878960248e-10,5.175266086467098e-10,4.6382776858649297e-10
6.556150723144608e-06,1.6658907698551697e-15,4.380828322948034e-10,8.724426783685063e-07,1.3001800082878496e-05,4.380828284515583e-10,4.3808282720536037e-10,7.069944737864711e-13,2.8348878199661654e-16,7.809503447614112e-16,3.0154914240625034e-16,5.259259420155662e-16,3.1247663843655496e-16,4.380828446420567e-10,2.624757532817831e-16,6.964742390636781e-16,3.1247663843655496e-16,2.6548468311894113e-16,2.844459162393556e-16,2.8487772422601915e-16,4.380828160695505e-10,8.724426708743793e-07,2.952308642269888e-16,4.3808279521730515e-10,7.133587045502977e-13,4.38082805959646e-10,3.461626350028646e-16,3.117766568401547e-16,8.49984362321521e-16,2.942563679122537e-16,3.1247663843655496e-16,3.1247663843655496e-16,1.6029115989041741e-15,3.1142298429494304e-16,3.124456815438499e-16,7.261607403887096e-13,3.117766568401547e-16,4.3808285340918936e-10,2.8384653895589373e-16,5.610993559573124e-13,2.6328742905776654e-16,7.630350793512559e-16,2.404693391223064e-16,4.3808281782556484e-10,4.380828193768564e-10,2.942563679122537e-16,3.116652957817847e-16,3.1627780415395204e-16,2.6598548413629984e-16,3.124456815438499e-16,2.9395629185543746e-16,8.724426783685064e-07,3.5784829274576863e-16,2.6664395092714567e-16,3.984591406055645e-16,8.275199774301645e-16,3.4182833283311065e-16,3.116962845199565e-16,2.5790807187325256e-16,3.5186681186063225e-16,3.277611729471422e-16,3.340865003723991e-16,8.224407199136812e-16,2.51231225246508e-16,4.172168949639229e-16,3.9248230323022053e-16
0.9999811784828616,4.163411111271772e-06,0.9999429972350216,0.9999430402438018,4.380828284515583e-10,0.9999563091437975,0.999943318302835,4.4794401530751045e-10,3.546466882480554e-10,1.9771557344052884e-06,3.8690912104688694e-10,1.3821730239506223e-06,3.880235312536289e-10,0.9999426637707711,3.4256513319967906e-10,1.7374357218566044e-06,3.880235310131972e-10,3.420380079307455e-10,3.559999762977345e-10,3.6258407498008357e-10,0.9999433251835675,0.9999436676673124,3.7719357207795276e-10,0.9999426473709453,8.771083382572973e-07,0.9999433298088746,4.2955283470439103e-10,3.8814252674058446e-10,2.054069782545082e-06,3.705715589085561e-10,3.880235305763436e-10,3.880235305588675e-10,4.033967169581294e-06,3.8995562182190236e-10,3.8802353071824385e-10,4.3592465283491584e-10,3.881425272498797e-10,0.9999426297464311,3.5464668744962164e-10,3.585241595980126e-10,3.4345778158341255e-10,1.8780870365592754e-06,3.1420398014024884e-10,0.9999433213505757,0.9999433134085917,3.7057155880536897e-10,3.906248759166383e-10,4.019375032394073e-10,3.426816297784622e-10,3.8802353058011125e-10,3.705715590110915e-10,0.999943040243801,4.511778730236108e-10,3.4229208917189875e-10,4.772847696093272e-10,2.000508670280993e-06,4.240073589624191e-10,3.8814252638809907e-10,3.3280592730843755e-10,8.708081368959239e-07,4.069832696725311e-10,4.1178613747334725e-10,2.0630757527335398e-06,3.2745685963959926e-10,5.175266396791656e-10,4.638278522306739e-10
0.9999811894374134,4.1634111063474166e-06,0.9999430081893363,0.9999430511981108,4.3808282720536037e-10,0.999943318302835,0.9999563310523596,4.479440142442433e-10,3.5464668754037473e-10,1.9771557288097146e-06,3.869091193598244e-10,1.3821730138841854e-06,3.8802353062910656e-10,0.9999426747251317,3.425651311431201e-10,1.737435720151632e-06,3.880235310789685e-10,3.4203800645938803e-10,3.5599997553013587e-10,3.6258407388444216e-10,0.999943336137836,0.9999436786215374,3.7719357071191485e-10,0.9999426583252915,4.404256206116734e-10,0.9999433407631373,4.29552834966507e-10,3.8814252706875374e-10,2.054069788889821e-06,3.7057155838680447e-10,3.8802353041544513e-10,3.8802353046371867e-10,4.033967161514291e-06,3.8995562070920077e-10,3.880235309170427e-10,4.3592465496309744e-10,3.8814252732317976e-10,0.9999426407007983,3.5464668676560495e-10,3.5852415833768367e-10,3.434577800879205e-10,1.8780870379361996e-06,3.1420397863235266e-10,0.999943332304844,0.9999433243628623,3.7057155812053735e-10,3.9062487529205503e-10,4.0193750195806223e-10,3.426816284221646e-10,3.880235303616852e-10,3.705715585171677e-10,0.9999430511981097,4.511778720570723e-10,3.4229208758077104e-10,4.772847712961335e-10,2.000508676374426e-06,4.240073592002925e-10,3.8814252668334677e-10,3.3280592576859617e-10,4.372620760613418e-10,4.069832698279365e-10,4.11786138070207e-10,2.063075749369416e-06,3.274568579327325e-10,5.175266394095771e-10,4.6382785553459344e-10
6.575789950411892e-06,1.715978456206285e-15,4.47944008162485e-10,8.920812267163552e-07,7.069944737864711e-13,4.4794401530751045e-10,4.479440142442433e-10,1.3001800124766753e-05,2.915759529980909e-16,8.052547542200346e-16,3.1147364029739163e-16,1.0840388125442798e-12,3.216042697599907e-16,4.479440089874186e-10,2.7075455302400276e-16,7.172679461883365e-16,3.216042697599907e-16,2.738308395039578e-16,2.9337484840580035e-16,2.939029504393992e-16,4.479440040133675e-10,8.920812627591553e-07,3.063594593227516e-16,4.4794396079431075e-10,3.6857784820260346e-16,4.479439948306211e-10,3.561641688735742e-16,3.209323249532685e-16,8.732626911342407e-16,3.029622555712181e-16,3.215936822450877e-16,3.219473681770756e-16,1.652929712786104e-15,3.204919856933311e-16,3.216042697599907e-16,3.740225619859102e-16,3.207517011630903e-16,4.4794401640113596e-10,2.915759529980909e-16,5.787157996151979e-13,2.724360264664393e-16,7.851806584668874e-16,2.48437656827881e-16,4.4794400544642965e-10,4.479440065978422e-10,3.029622555712181e-16,3.216702906609604e-16,3.2562384285716664e-16,2.744315556188712e-16,3.216042697599907e-16,3.0350179659174073e-16,8.920812267163548e-07,3.6887775573250034e-16,2.743046019343564e-16,4.0876309179733827e-16,1.6932769862368464e-12,3.514847729929968e-16,3.209323249532685e-16,2.6601263168589685e-16,3.628081555230275e-16,3.3771133352987756e-16,6.825489720449106e-13,8.476629169054713e-16,2.6019531066826145e-16,4.2922822006987824e-16,4.0234080680392684e-16
6.389982292746635e-06,1.3683804409980716e-15,3.546466739776347e-10,3.546466747245961e-10,2.8348878199661654e-16,3.546466882480554e-10,3.5464668754037473e-10,2.915759529980909e-16,1.3001799865690419e-05,6.426420178214753e-16,2.4876937406101523e-16,4.359485899891812e-16,2.567574591325138e-16,3.5464666514243124e-10,2.1699114974947502e-16,5.719104482116851e-16,2.565576647359644e-16,2.1938889899878851e-16,4.65512088278955e-13,2.351183256479129e-16,3.546466805748619e-10,7.062794986597555e-07,2.435154504219834e-16,3.5464663019702325e-10,2.932622634909412e-16,3.546466737509845e-10,2.8367068517784377e-16,2.5560144481781907e-16,1.3832036833220922e-12,2.422590843356735e-16,2.5625673826880564e-16,2.565576647359644e-16,1.3185631839510902e-15,2.555514204034319e-16,2.565576647359644e-16,5.919897513742975e-13,2.5560144481781907e-16,3.5464666905883474e-10,4.634858254198677e-13,2.31760395959594e-16,2.1795470338378403e-16,6.25304935660824e-16,1.9812674796785597e-16,3.5464668144466443e-10,3.546466823265137e-10,2.423573852703391e-16,2.5614013455955093e-16,2.602191945341211e-16,2.1909512330997414e-16,2.5625673826880564e-16,2.422590843356735e-16,3.5464667458763127e-10,2.942916892713755e-16,2.1982687147708065e-16,6.469840421266393e-13,1.3467873247896015e-12,2.802259938877925e-16,2.5599394339224904e-16,2.1265225040166574e-16,2.8891038062473304e-16,5.356200120625959e-13,5.436659865749651e-13,6.761177666347401e-16,2.0792035167756135e-16,6.812888618772594e-13,6.360222694978042e-13
7.66089882427624e-06,3.778455043392572e-15,9.927964459164945e-10,9.92796440348178e-10,7.809503447614112e-16,1.9771557344052884e-06,1.9771557288097146e-06,8.052547542200346e-16,6.426420178214753e-16,1.300180292617941e-05,6.84555130999118e-16,1.1941300390222678e-15,7.08549452674803e-16,9.927964716977116e-10,5.949429924312651e-16,3.1453875686837276e-12,7.08549452674803e-16,6.020324615276604e-16,6.456722439207583e-16,6.470740143031089e-16,1.9771556793872518e-06,1.9771557293742616e-06,6.7142340094263e-16,1.977155574285834e-06,8.122461649913098e-16,1.977155634982717e-06,7.846444500483925e-16,7.06757877456626e-16,1.9275819243561906e-15,6.671341866675123e-16,7.084111437000331e-16,7.08549452674803e-16,3.6366444516097155e-15,7.055048788112956e-16,7.084111437000331e-16,8.266936478765298e-16,7.070178749360718e-16,9.927964897470327e-10,6.427186909790805e-16,6.392028747387097e-16,5.977907994478545e-16,3.4460125721271537e-12,5.44743498331038e-16,1.977155686333059e-06,1.9771556934754277e-06,6.672562624094904e-16,7.076937307987604e-16,7.158750274442829e-16,6.027865014652582e-16,7.08549452674803e-16,6.672562624094904e-16,9.9279644113959e-10,8.119132120493485e-16,6.032535485098292e-16,9.032125468587309e-16,1.8766985738996784e-15,7.746962372305695e-16,7.06757877456626e-16,5.848525765823397e-16,7.980819406709723e-16,7.437797164756082e-16,7.5531579901422e-16,3.715723962293634e-12,5.692806808537796e-16,9.460321154083548e-16,8.895656804309407e-16
6.454234943608492e-06,1.4613231424732508e-15,3.869091324696301e-10,3.86909129022731e-10,3.0154914240625034e-16,3.8690912104688694e-10,3.869091193598244e-10,3.1147364029739163e-16,2.4876937406101523e-16,6.84555130999118e-16,1.3001799924475572e-05,4.596290625493769e-16,2.7427070480507547e-16,3.8690915379656664e-10,2.292019745885127e-16,6.109761365539556e-16,2.7417765835156837e-16,4.624214074418001e-13,2.4991348155062717e-16,2.502761523912799e-16,3.869091088983461e-10,7.705301320521756e-07,2.586229113716981e-16,3.869091074085256e-10,3.14729734630335e-16,3.8690909930279354e-10,3.0415593658178463e-16,2.7371196723016505e-16,7.474250289954491e-16,2.5775475734321047e-16,2.7427070480507547e-16,2.7417765835156837e-16,1.4050765175592182e-15,2.7304984095334397e-16,2.739699644965089e-16,3.21012261465518e-16,2.7371196723016505e-16,3.8690916191287816e-10,2.483442899666911e-16,2.475548667026594e-16,2.306679224538346e-16,6.703944033421221e-16,2.1002858380815967e-16,3.8690911023384885e-10,7.705301384498532e-07,2.5786734792467935e-16,2.73779133449599e-16,2.7671603489454474e-16,2.33279835967128e-16,2.7417765835156837e-16,2.5786734792467935e-16,3.869091294332084e-10,6.249349054715534e-13,2.324867270634848e-16,3.5061668888834063e-16,7.280181364738299e-16,2.9916096201629336e-16,2.734370998614414e-16,2.257961070863031e-16,3.0949810543654157e-16,2.881703725923244e-16,2.928573131981318e-16,7.216726841029743e-16,2.187688294584228e-16,3.664274378638257e-16,6.886668290162847e-13
7.065897019079426e-06,2.5589080261827486e-15,6.940356571878563e-10,6.940356424984394e-10,5.259259420155662e-16,1.3821730239506223e-06,1.3821730138841854e-06,1.0840388125442798e-12,4.359485899891812e-16,1.1941300390222678e-15,4.596290625493769e-16,1.3001800980489474e-05,4.81570054216547e-16,6.940357564709612e-10,3.9789767865387566e-16,1.0706427812051784e-15,4.81552110654043e-16,4.0347126393626638e-16,4.3804775753429287e-16,4.3611900766605675e-16,1.3821729651269372e-06,1.3821728583632055e-06,4.513002629840604e-16,6.940356562657423e-10,1.1036178842023115e-12,1.3821729220095737e-06,5.341978577507727e-16,4.799017364115221e-16,2.6308217537693903e-12,4.510287055044562e-16,4.815728349037207e-16,4.818883305555683e-16,2.4583414171339084e-15,4.785277555495187e-16,4.81552110654043e-16,5.693945907636175e-16,4.801528786614123e-16,6.940357809888462e-10,4.359485899891812e-16,4.3047094647206336e-16,3.9855547265284524e-16,2.3469953922787647e-12,3.6384597300820246e-16,1.3821729732591095e-06,1.382172983405762e-06,4.511261697298306e-16,9.556708437749384e-13,4.829047019667244e-16,4.042401921132944e-16,4.815728349037207e-16,4.510287055044562e-16,6.940356425254958e-10,5.487491218536269e-16,4.044048407636297e-16,6.216329943465332e-16,2.561130610703763e-12,5.270140674876729e-16,4.800768195139807e-16,3.921626434552467e-16,5.432420656585176e-16,5.058163976923511e-16,5.143634157170658e-16,1.2618222000540228e-15,3.80645114491799e-16,6.428697181765283e-16,6.150292339958379e-16
6.45645446866021e-06,1.5066958341661714e-15,3.880235068909578e-10,3.880235092704878e-10,3.1247663843655496e-16,3.880235312536289e-10,3.8802353062910656e-10,3.216042697599907e-16,2.567574591325138e-16,7.08549452674803e-16,2.7427070480507547e-16,4.81570054216547e-16,1.3001799959454052e-05,3.88023488116826e-10,2.3966711006195086e-16,6.296792088924155e-16,5.614534485216693e-13,2.4183154099235137e-16,2.5701001685154826e-16,2.587095953713781e-16,3.8802352355356883e-10,7.727495526658904e-07,2.683403479904156e-16,3.880234523323787e-10,3.228880884364256e-16,3.8802351755668444e-10,3.119914813967733e-16,2.814764387763966e-16,7.627123657809009e-16,2.6651223433218167e-16,5.614534481747468e-13,5.614534487978941e-13,1.4525942440674572e-15,2.81494400915025e-16,5.614534486872989e-13,6.496458015104769e-13,2.812811088135009e-16,3.880234913301112e-10,2.5625673826880564e-16,2.555502375133936e-16,2.4022879612731707e-16,6.876177117574976e-16,2.1897562533238054e-16,3.880235244527044e-10,3.880235250196506e-10,2.663309671246307e-16,2.823387742739031e-16,2.8666993238958644e-16,2.423401266359449e-16,5.614534484117273e-13,2.6651223433218167e-16,3.8802350924965495e-10,3.238580095410918e-16,2.421561617376477e-16,7.101011825838524e-13,7.429101539983125e-16,3.0814085726020794e-16,2.8154463925219895e-16,2.3477891984008625e-16,3.1770300071993134e-16,2.958749762474927e-16,3.0014033921853123e-16,7.447728493854237e-16,2.2908094760369344e-16,3.767833478162354e-16,6.974141058053927e-13
0.9999805348877452,2.0905887788807335e-09,0.9999423536552917,0.9999423966643705,4.380828446420567e-10,0.9999426637707711,0.9999426747251317,4.479440089874186e-10,3.5464666514243124e-10,9.927964716977116e-10,3.8690915379656664e-10,6.940357564709612e-10,3.88023488116826e-10,0.9999550219832022,3.425651986011118e-10,8.724249084256091e-10,3.880234884386377e-10,3.420380475210968e-10,3.559999510317979e-10,3.625840858141637e-10,0.9999426816060779,0.9999430240917566,3.771935916964921e-10,0.9999420037896494,4.404255439785122e-10,0.9999426862315636,4.2955278660923007e-10,3.8814249112388957e-10,1.031417329102913e-09,3.7057155123211346e-10,3.8802348764596454e-10,3.880234876801156e-10,2.0255906947082035e-09,3.8995559884746207e-10,3.8802348794766177e-10,4.359244997882619e-10,3.8814249147122255e-10,0.9999419861641355,3.546466640840135e-10,3.585241727094142e-10,3.434578447615803e-10,9.430505904438398e-10,3.142040454495628e-10,0.999942677773037,0.9999426698309803,3.7057155063363376e-10,3.906248512256393e-10,4.019375189214061e-10,3.426816700825438e-10,3.8802348745423364e-10,3.7057155084272165e-10,0.9999423966643701,4.511778648169539e-10,3.422921252438981e-10,4.772846078353973e-10,1.0045224989338766e-09,8.444112508292235e-07,3.8814249083244613e-10,3.3280596867061787e-10,4.372620271162909e-10,8.105077549322347e-07,4.117860800300538e-10,1.0359397499163933e-09,3.2745691868900083e-10,5.175265779351532e-10,4.63827655146993e-10
6.365920970457181e-06,1.2739729560304191e-15,3.4256516049241455e-10,3.4256515477028555e-10,2.624757532817831e-16,3.4256513319967906e-10,3.425651311431201e-10,2.7075455302400276e-16,2.1699114974947502e-16,5.949429924312651e-16,2.292019745885127e-16,3.9789767865387566e-16,2.3966711006195086e-16,3.425651986011118e-10,1.300179979539722e-05,5.326938803310343e-16,2.3962646519214345e-16,2.0102980782442272e-16,2.180717749642522e-16,2.1785218462989521e-16,3.42565119349996e-10,6.822189788858624e-07,2.2496739016337547e-16,3.425651522725834e-10,2.754591550866442e-16,6.822189932094364e-07,5.283785013579978e-13,2.387854685845129e-16,1.305653915311445e-12,2.250806728630091e-16,2.3937502846076175e-16,2.3937502846076175e-16,1.2245480649194556e-15,2.38060757717458e-16,2.3937063990933273e-16,2.8220936140163477e-16,2.3873885842548453e-16,3.425652089787536e-10,2.1702184501879351e-16,2.1482621768372886e-16,1.9997515618970628e-16,1.1668124813131618e-12,3.6174711166148225e-13,3.4256512157669213e-10,3.425651241384318e-10,2.2474676633930294e-16,4.757150841189702e-13,2.410328641670238e-16,2.0173052596697722e-16,2.3937502846076175e-16,2.247137882729064e-16,3.4256515475494445e-10,2.7379860655250275e-16,2.0221136232251388e-16,3.0843060995984624e-16,1.2711086980695124e-12,5.217981567357323e-13,2.387891693854174e-16,1.9570022946070928e-16,2.705659469162451e-16,2.517321753609949e-16,2.5607327242344725e-16,6.288141608919907e-16,1.9076011947658009e-16,3.2025303075031723e-16,6.065463241195977e-13
7.42117131904955e-06,3.3638810016746633e-15,8.724249272995576e-10,8.724249277760711e-10,6.964742390636781e-16,1.7374357218566044e-06,1.737435720151632e-06,7.172679461883365e-16,5.719104482116851e-16,3.1453875686837276e-12,6.109761365539556e-16,1.0706427812051784e-15,6.296792088924155e-16,8.724249084256091e-10,5.326938803310343e-16,1.3001802196105707e-05,6.294326204462692e-16,5.381978108853473e-16,5.745159480628453e-16,5.766144036094476e-16,1.737435684135011e-06,1.7374358020228436e-06,5.983503652284616e-16,8.724248210875196e-10,7.21108034178673e-16,1.737435651415632e-06,1.3886311653990196e-12,6.280275739664708e-16,3.4001394656151527e-12,5.943364037902641e-16,6.293881291068325e-16,6.293881291068325e-16,3.2402856386623274e-15,1.2511546706390445e-12,6.292889633100473e-16,7.307666399110658e-16,6.280275739664708e-16,8.724249175270836e-10,5.719104482116851e-16,5.692795701968353e-16,5.348386316510482e-16,3.0606458469238126e-12,4.878475945761425e-16,1.737435688528803e-06,1.7374356921157758e-06,5.934534477691885e-16,6.292108779556301e-16,6.3837923867068e-16,5.389775524364486e-16,6.29522213568526e-16,5.943364037902641e-16,8.724249280412192e-10,1.4396495254709147e-12,5.392025043001062e-16,7.99100735192562e-16,1.6623932495978746e-15,6.883512633197725e-16,6.280867903605584e-16,5.225243812314221e-16,7.097650627486179e-16,6.608945670196218e-16,6.708115982986249e-16,3.3090189501705076e-12,5.106971350499626e-16,8.407820502214445e-16,7.852514644893752e-16
6.456454468844427e-06,1.5067291412811427e-15,3.8802350678176097e-10,3.880235094375963e-10,3.1247663843655496e-16,3.880235310131972e-10,3.880235310789685e-10,3.216042697599907e-16,2.565576647359644e-16,7.08549452674803e-16,2.7417765835156837e-16,4.81552110654043e-16,5.614534485216693e-13,3.880234884386377e-10,2.3962646519214345e-16,6.294326204462692e-16,1.3001799959454052e-05,2.4192367591864423e-16,2.575077704204959e-16,2.587095953713781e-16,3.880235239823873e-10,7.727495527743254e-07,2.6836982569497787e-16,3.880234520498185e-10,3.2259426256701645e-16,3.8802351741831077e-10,3.1221819328683186e-16,2.8154463925219895e-16,7.629308081583995e-16,2.6651223433218167e-16,5.614534477263704e-13,5.614534483495176e-13,1.4525216795863392e-15,2.813647688655341e-16,5.614534482389221e-13,6.496458011312811e-13,2.813858874706901e-16,3.8802349122371064e-10,2.567574591325138e-16,2.556063440221204e-16,2.405290643334359e-16,6.876870687632682e-16,2.1887711630620385e-16,3.8802352474014696e-10,3.880235248360774e-10,2.663309671246307e-16,2.823537179251763e-16,2.86776821817639e-16,2.421461690130422e-16,5.614534479633505e-13,2.6651223433218167e-16,3.8802350887194686e-10,3.243261668840993e-16,2.424693814104828e-16,7.101011821623078e-13,7.428760825335349e-16,3.0852636085009867e-16,2.8173908376957897e-16,2.349332870107467e-16,3.1777381205711883e-16,2.9567824335835124e-16,3.0031930866199516e-16,7.444165033447731e-16,2.2923182136726614e-16,3.7672808941855465e-16,6.974141054455768e-13
6.364871211251596e-06,1.2863350512610407e-15,3.4203802302020915e-10,3.420380192141744e-10,2.6548468311894113e-16,3.420380079307455e-10,3.4203800645938803e-10,2.738308395039578e-16,2.1938889899878851e-16,6.020324615276604e-16,4.624214074418001e-13,4.0347126393626638e-16,2.4183154099235137e-16,3.420380475210968e-10,2.0102980782442272e-16,5.381978108853473e-16,2.4192367591864423e-16,1.3001799803532996e-05,2.1973791274566968e-16,2.1988158775146743e-16,3.4203799638312876e-10,6.811692293412631e-07,2.273342152598288e-16,3.420380049329801e-10,2.7735902420701124e-16,3.4203798749552073e-10,2.674808862072389e-16,2.4073402732165535e-16,6.589807308374857e-16,2.2699249055127366e-16,2.4185999968696165e-16,2.414550875307103e-16,1.2366420974712144e-15,2.401931748914195e-16,2.4153281551178415e-16,2.830653844706285e-16,2.406465828153508e-16,3.42038056040252e-10,2.1938889899878851e-16,2.1670916596158797e-16,2.0302640404217362e-16,5.902440232157626e-16,1.8479478234477371e-16,3.420379977668883e-10,3.4203799991318985e-10,2.269924905512736e-16,2.410089455979361e-16,2.432562694072709e-16,2.0360165175968633e-16,2.4153281551178415e-16,2.26851794157983e-16,3.4203801931630726e-10,2.765629344690551e-16,2.0461773162224191e-16,3.0936349865685167e-16,6.414659009446341e-16,2.6402610759734113e-16,2.4083834019877637e-16,1.9791806605563256e-16,2.7203525154953497e-16,2.5387428292932605e-16,2.5785273590883426e-16,6.348090722490166e-16,1.9370076715330395e-16,3.225970551593936e-16,6.07831541290601e-13
6.392677453111711e-06,1.3747875494730319e-15,3.5599996084202467e-10,3.559999616512764e-10,2.844459162393556e-16,3.559999762977345e-10,3.5599997553013587e-10,2.9337484840580035e-16,4.65512088278955e-13,6.456722439207583e-16,2.4991348155062717e-16,4.3804775753429287e-16,2.5701001685154826e-16,3.559999510317979e-10,2.180717749642522e-16,5.745159480628453e-16,2.575077704204959e-16,2.1973791274566968e-16,1.3001799864019494e-05,2.3561251785720893e-16,3.559999685807448e-10,7.089745744953476e-07,2.444868846659916e-16,3.559999161988331e-10,2.9474575819143055e-16,3.559999614475938e-10,2.847656488429614e-16,2.566546833151475e-16,1.388981355318237e-12,2.431294220897549e-16,2.5701001685154826e-16,2.578004263661043e-16,1.3242402964579068e-15,2.5682744147902283e-16,2.578004263661043e-16,5.944089869304644e-13,2.565003614219618e-16,3.5599995509722026e-10,4.655120884340249e-13,2.330405551351921e-16,2.1848618899068523e-16,6.281167830339178e-16,1.9982744140728484e-16,3.559999692630874e-10,3.5599996958266534e-10,2.4240527255958014e-16,2.577623351676555e-16,2.614467877576242e-16,2.2049596300368532e-16,2.578004263661043e-16,2.4240527255958014e-16,3.559999616860517e-10,2.9579582893459932e-16,4.388393326456376e-13,6.496365042993097e-13,1.352415673783129e-12,2.811941203640157e-16,2.567804849780141e-16,2.1404159993580633e-16,2.898179443855752e-16,5.379332527251262e-13,5.460010188395452e-13,6.793858738210994e-16,2.0910641899347747e-16,6.842295957011919e-13,6.385766824571966e-13
6.405790063927867e-06,1.3800698218869257e-15,3.625840771146652e-10,3.6258407505919285e-10,2.8487772422601915e-16,3.6258407498008357e-10,3.6258407388444216e-10,2.939029504393992e-16,2.351183256479129e-16,6.470740143031089e-16,2.502761523912799e-16,4.3611900766605675e-16,2.587095953713781e-16,3.625840858141637e-10,2.1785218462989521e-16,5.766144036094476e-16,2.587095953713781e-16,2.1988158775146743e-16,2.3561251785720893e-16,1.3001799868937545e-05,3.625840648309127e-10,7.220867826450917e-07,4.879238099449213e-13,3.6258404579365553e-10,2.9629723686824617e-16,3.6258405650624174e-10,5.707615170712006e-13,2.5820346888232294e-16,7.042667364999333e-16,2.435149523139472e-16,2.589147263866621e-16,2.589147263866621e-16,1.328586730633157e-15,2.573490274707007e-16,2.589147263866621e-16,3.018722371632885e-16,2.577022647473035e-16,3.6258409296017803e-10,2.3500976275013477e-16,2.3328683035425936e-16,2.182616047739337e-16,6.319027688289748e-16,1.995265318317446e-16,3.625840661398393e-10,3.6258406746597225e-10,2.430013852009928e-16,2.5836097775666895e-16,5.210741729070498e-13,2.2017059715433392e-16,2.589147263866621e-16,2.434125216875463e-16,3.6258407505919285e-10,2.9615549379837323e-16,2.2056616628917705e-16,3.2992034968592985e-16,6.853736670850708e-16,2.8318027389827597e-16,2.576105855700742e-16,2.1402372348214373e-16,2.914728145842068e-16,2.7207446727632587e-16,2.7640486974426527e-16,6.816302025275418e-16,2.0838056688834244e-16,3.4532361207461933e-16,3.249306770889797e-16
0.9999811963182057,4.163411018122379e-06,0.9999430150701685,0.9999430580789269,4.380828160695505e-10,0.9999433251835675,0.999943336137836,4.479440040133675e-10,3.546466805748619e-10,1.9771556793872518e-06,3.869091088983461e-10,1.3821729651269372e-06,3.8802352355356883e-10,0.9999426816060779,3.42565119349996e-10,1.737435684135011e-06,3.880235239823873e-10,3.4203799638312876e-10,3.559999685807448e-10,3.625840648309127e-10,0.9999563448138468,0.9999436855021567,3.7719356106132004e-10,0.999942665206206,4.4042561409704267e-10,0.9999433476438458,4.295528270042892e-10,3.881425191881572e-10,2.054069765606926e-06,3.705715498807682e-10,3.8802352315118413e-10,3.880235231084181e-10,4.033967068425476e-06,3.8995561265269275e-10,3.880235236328212e-10,4.3592465203937737e-10,3.881425197986565e-10,0.9999426475817611,3.546466795821089e-10,3.585241494104467e-10,6.839967249063788e-07,1.8780870064365605e-06,3.1420396806835756e-10,0.9999433391855654,0.9999433312435874,3.705715498490591e-10,3.90624867494883e-10,4.0193749181927265e-10,3.4268161828256954e-10,3.880235232816796e-10,3.7057155016935946e-10,0.9999430580789263,4.511778615375506e-10,3.4229207773601946e-10,4.772847676147158e-10,2.0005086534993845e-06,4.240073515404286e-10,3.881425190603077e-10,3.3280591538402404e-10,4.37262068310126e-10,4.0698326238231167e-10,4.117861308049824e-10,2.063075703510995e-06,3.274568473915729e-10,1.0306551291369113e-06,4.638278537560279e-10
0.9999815388113896,4.163411281253033e-06,0.9999433575548142,0.9999434005634334,8.724426708743793e-07,0.9999436676673124,0.9999436786215374,8.920812627591553e-07,7.062794986597555e-07,1.9771557293742616e-06,7.705301320521756e-07,1.3821728583632055e-06,7.727495526658904e-07,0.9999430240917566,6.822189788858624e-07,1.7374358020228436e-06,7.727495527743254e-07,6.811692293412631e-07,7.089745744953476e-07,7.220867826450917e-07,0.9999436855021567,0.999957029780627,7.511816142796555e-07,0.9999430076915726,8.771084330214329e-07,0.9999436901273666,8.554552358558955e-07,7.729865265759415e-07,2.0540700974760484e-06,7.379938884578847e-07,7.727495515269802e-07,7.727495516905062e-07,4.033967247489898e-06,7.765972974197797e-07,7.727495523789796e-07,8.681448216872754e-07,7.729865275192745e-07,0.999942990067597,7.062794965281385e-07,7.140014527289597e-07,6.839966936134947e-07,1.8780872080044645e-06,6.257376962705478e-07,0.9999436816691906,0.9999436737272461,7.379938882195494e-07,7.779301209308501e-07,8.004591956688122e-07,6.824510032002965e-07,7.727495515583464e-07,7.37993888799566e-07,0.999943400563432,8.985214969892211e-07,6.816752360025453e-07,9.505135692294348e-07,2.0005089747409873e-06,8.444114124895272e-07,7.729865259250935e-07,6.627835251712351e-07,8.708082019963214e-07,8.105079115260033e-07,8.200728398549175e-07,2.0630758126480638e-06,6.521308319423537e-07,1.0306552280994503e-06,9.237141309538708e-07
6.434885831236695e-06,1.4314434544132916e-15,3.771935778997195e-10,3.7719357512656e-10,2.952308642269888e-16,3.7719357207795276e-10,3.7719357071191485e-10,3.063594593227516e-16,2.435154504219834e-16,6.7142340094263e-16,2.586229113716981e-16,4.513002629840604e-16,2.683403479904156e-16,3.771935916964921e-10,2.2496739016337547e-16,5.983503652284616e-16,2.6836982569497787e-16,2.273342152598288e-16,2.444868846659916e-16,4.879238099449213e-13,3.7719356106132004e-10,7.511816142796555e-07,1.3001799905215974e-05,7.511815776799625e-07,3.0829421504987317e-16,3.77193552649995e-10,5.921269754351015e-13,2.678677366358958e-16,1.4556973605317292e-12,2.525431416877195e-16,2.6836982569423644e-16,2.6836982569423644e-16,1.3774544611183946e-15,2.6736825133734797e-16,2.6830251593066495e-16,3.135469183491897e-16,2.68088877242655e-16,3.771935996817386e-10,2.435154504219834e-16,2.4143023621107545e-16,2.2630941330788234e-16,6.558856540505383e-16,2.0600091182641534e-16,3.7719356246307074e-10,3.7719356392392103e-10,2.523681788961044e-16,2.6851966720566494e-16,5.400995269111817e-13,2.2830014597236337e-16,2.6830251593066495e-16,2.525431416877195e-16,3.7719357520278505e-10,3.0781833155025663e-16,2.2830206729566373e-16,3.4262549188086516e-16,1.4172856437222123e-12,2.935364209759702e-16,2.6762040152297474e-16,2.2145774574659383e-16,3.024352269160335e-16,2.8245577764236867e-16,5.701909107699127e-13,7.065541292775942e-16,2.1647582649912184e-16,3.5846603986290856e-16,3.37654597316718e-16
0.9999805184869089,2.0905885665805676e-09,0.999942337255773,0.9999423802648069,4.3808279521730515e-10,0.9999426473709453,0.9999426583252915,4.4794396079431075e-10,3.5464663019702325e-10,1.977155574285834e-06,3.869091074085256e-10,6.940356562657423e-10,3.880234523323787e-10,0.9999420037896494,3.425651522725834e-10,8.724248210875196e-10,3.880234520498185e-10,3.420380049329801e-10,3.559999161988331e-10,3.6258404579365553e-10,0.999942665206206,0.9999430076915726,7.511815776799625e-07,0.9999549891848901,4.404255071429265e-10,0.9999426698316668,4.295527471313594e-10,3.8814245413745575e-10,1.031417255260224e-09,3.7057151225471987e-10,3.8802345146837197e-10,3.880234517236619e-10,2.0255904783512838e-09,3.89955559784822e-10,3.880234518354041e-10,4.359244746878349e-10,3.8814245449151444e-10,0.999941969765023,3.546466289852759e-10,3.585241320262121e-10,3.4345779877262046e-10,9.430505085958545e-10,3.1420400185121604e-10,0.9999426613731734,0.9999426534311268,3.705715119716561e-10,3.9062481223453176e-10,4.0193747306127624e-10,3.4268162772219003e-10,3.880234514383559e-10,3.7057151205810007e-10,0.9999423802648071,4.511778166220365e-10,3.422920832890516e-10,4.772845793495993e-10,1.0045224273890598e-09,4.240072720493943e-10,3.8814245361480696e-10,3.3280592700707337e-10,4.3726198655857474e-10,4.069831855171221e-10,8.200725794140992e-07,2.0630754818551976e-06,3.2745687499209216e-10,5.175265309764033e-10,4.63827633012919e-10
6.560816681777423e-06,1.7252724822573782e-15,4.404255803367805e-10,4.4042558451234066e-10,7.133587045502977e-13,8.771083382572973e-07,4.404256206116734e-10,3.6857784820260346e-16,2.932622634909412e-16,8.122461649913098e-16,3.14729734630335e-16,1.1036178842023115e-12,3.228880884364256e-16,4.404255439785122e-10,2.754591550866442e-16,7.21108034178673e-16,3.2259426256701645e-16,2.7735902420701124e-16,2.9474575819143055e-16,2.9629723686824617e-16,4.4042561409704267e-10,8.771084330214329e-07,3.0829421504987317e-16,4.404255071429265e-10,1.3001800129642785e-05,4.40425608366062e-10,7.111708101978605e-13,6.412032032357131e-13,1.7342991171821796e-12,3.0568610059179054e-16,3.22917395746671e-16,3.223033951666446e-16,1.6644783997593407e-15,6.417788362176344e-13,3.2266914493948725e-16,3.7145123951763323e-16,6.412032023553297e-13,4.404255454377883e-10,2.932770302879293e-16,2.9335890574561816e-16,5.503847777297967e-13,7.865704954863019e-16,2.527963325751904e-16,4.404256146578387e-10,4.404256147657747e-10,3.0568610059179054e-16,6.43276976912444e-13,3.287835893851891e-16,2.7727711131455285e-16,3.2259426256701645e-16,3.0568610059179054e-16,4.40425584611747e-10,7.392944439701805e-13,5.531836377297001e-13,8.095459121594715e-13,8.493235268567097e-16,7.021699029091402e-13,6.412032031282391e-13,5.367443069090133e-13,7.238434694317675e-13,3.3865452097631754e-16,3.431880547428129e-16,8.531311810511369e-16,2.6303284574006053e-16,4.306648216067818e-16,7.940677219748323e-13
0.9999812009435302,4.16341093808338e-06,0.9999430196955591,0.9999430627043054,4.38082805959646e-10,0.9999433298088746,0.9999433407631373,4.479439948306211e-10,3.546466737509845e-10,1.977155634982717e-06,3.8690909930279354e-10,1.3821729220095737e-06,3.8802351755668444e-10,0.9999426862315636,6.822189932094364e-07,1.737435651415632e-06,3.8802351741831077e-10,3.4203798749552073e-10,3.559999614475938e-10,3.6258405650624174e-10,0.9999433476438458,0.9999436901273666,3.77193552649995e-10,0.9999426698316668,4.40425608366062e-10,0.9999563540644721,8.55455141757154e-07,3.8814251256619677e-10,2.054069743326623e-06,3.705715423255462e-10,3.8802351634206644e-10,3.880235170279308e-10,4.033966984409494e-06,7.765972304591893e-07,3.880235174864794e-10,4.3592464885086716e-10,3.881425129496771e-10,0.9999426522072613,3.546466725105823e-10,3.5852414136363635e-10,3.4345775922538436e-10,1.878086977385755e-06,3.1420395874227495e-10,0.9999433438108617,0.9999433358688864,3.7057154227351654e-10,7.779300519775216e-07,8.004591600222638e-07,3.4268160938843873e-10,3.880235167717359e-10,3.70571542568294e-10,0.9999430627043043,4.5117785240126833e-10,3.4229206953679957e-10,4.772847642425073e-10,2.000508631630875e-06,4.2400734472527536e-10,3.881425119802628e-10,3.3280590742771354e-10,4.372620608397802e-10,4.0698325598910876e-10,4.1178612489220476e-10,2.063075662031545e-06,3.274568382447668e-10,1.030655112197212e-06,4.6382785176428017e-10
6.5391627785630985e-06,1.6687739129380351e-15,4.2955280814317033e-10,4.295528104153497e-10,3.461626350028646e-16,4.2955283470439103e-10,4.29552834966507e-10,3.561641688735742e-16,2.8367068517784377e-16,7.846444500483925e-16,3.0415593658178463e-16,5.341978577507727e-16,3.119914813967733e-16,4.2955278660923007e-10,5.283785013579978e-13,1.3886311653990196e-12,3.1221819328683186e-16,2.674808862072389e-16,2.847656488429614e-16,5.707615170712006e-13,4.295528270042892e-10,8.554552358558955e-07,5.921269754351015e-13,4.295527471313594e-10,7.111708101978605e-13,8.55455141757154e-07,1.3001800085220267e-05,3.1191333969145615e-16,8.447636195114534e-16,2.9464993263423906e-16,3.1238051899996814e-16,3.1238051899996814e-16,3.203578422926513e-12,6.207325104246839e-13,3.121264133348909e-16,3.611668523171271e-16,3.114115951727828e-16,4.2955278971303983e-10,2.8365739181473456e-16,2.8325951075249726e-16,2.6706008103062324e-16,1.5167067729116903e-12,4.8380278011329e-13,4.2955282806320537e-10,4.2955282855764085e-10,2.9464993263423906e-16,6.222341171355556e-13,6.320262613986462e-13,2.6757185955749965e-16,3.123777991958844e-16,2.946884429595895e-16,4.295528104153497e-10,3.5881339146638375e-16,5.336930631050284e-13,3.947816915813892e-16,8.227094668490633e-16,6.797297042678184e-13,3.114115951727828e-16,2.5928429001238784e-16,3.519219883083804e-16,3.2777274355416676e-16,3.3275574562211744e-16,8.249794882112334e-16,2.5421964001594705e-16,4.1671712090978024e-16,3.882684596617283e-16
