1.0000000283140642,1.0000158423824423,1.0495237419248475e-05,1.0485714680144448e-05,1.0590214354655698e-05,1.0478723167261289e-05,1.0487329598326191e-05,1.0823858745349215e-05,1.0480551483967806e-05,1.0478047796612046e-05,1.0590340094537448e-05,1.0441433482386326e-05,1.0000156976560595,1.0485233846769641e-05,1.0477821344360414e-05,1.000015708244769,1.0484970949308987e-05,1.0495237422411768e-05,1.0492324610627534e-05,1.1037289289668351e-05,1.0486363408991909e-05,1.0480431761511228e-05,1.0495237422056887e-05,1.048589474140033e-05,1.1777853250136779e-05,1.0000155784069553,1.0480551483723122e-05,1.0485714677724285e-05,1.0495237417841128e-05,1.0000155696395756,1.0481457633595825e-05,1.0000156009591563,1.0923136575755735e-05,1.000012872563585,1.000015708244773,1.0000155696395752,1.0000158423824443,1.0480141178294466e-05,1.0480551483836594e-05,1.0473680545683768e-05,1.0441433482379991e-05,1.0480841952327308e-05,1.0000134499328281,1.0482415154639657e-05,1.0478380115294811e-05,1.0480551483723925e-05,1.0492142110053667e-05,1.0487410946307036e-05,1.0495237422164542e-05,1.0000156992297673,1.0000158174570446,1.0000155696395752,1.000015802649551,1.000016102245812,1.000015311970703,1.000015407110888,1.0000155696395763,1.0000156009591543,1.0479094668673868e-05,1.0000155696395763,1.000015569639577
1.0000158423824423,1.000014719684315,4.6481526505467183e-10,4.600362604864786e-10,5.125530450824049e-10,4.565455151381464e-10,4.6080634405974875e-10,6.298778094754817e-10,4.5747623826867185e-10,4.561161498164193e-10,5.125791665110041e-10,4.377917036874241e-10,1.0000031250228179,4.598149040772127e-10,4.5608499154880366e-10,1.000003135610111,4.596885625472177e-10,4.648152654310077e-10,4.633389186718161e-10,1.4673728296789153e-06,4.6036091449095594e-10,4.573269443548398e-10,4.6481526552957127e-10,4.6017116743159956e-10,2.207936967481026e-06,1.0000030057795182,4.574762391464319e-10,4.600362601326064e-10,4.648152655620624e-10,1.0000029970076765,4.578225170752984e-10,1.0000030283266885,1.353221241620151e-06,1.0000002999479423,1.0000031356101111,1.0000029970076767,1.000003269746403,4.572709616011952e-10,4.5747623939364007e-10,4.5397985791019634e-10,4.377917038867969e-10,4.575763215856256e-10,1.0000008773104938,4.5838196895508447e-10,4.5629099251106877e-10,4.5747623906932245e-10,4.6324839065095293e-10,4.6088568316594734e-10,4.6481526598328583e-10,1.0000031266011238,1.0000032448259926,1.0000029970076754,1.0000032300134811,1.0000035296089682,1.0000027393333022,1.0000028344760048,1.000002997007677,1.0000030283266896,4.566508741265662e-10,1.000002997007677,1.000002997007675
1.0495237419248475e-05,4.6481526505467183e-10,1.1449940700188137e-05,-1.4987379381324504e-15,-3.8882321696966404e-11,-2.155426828084499e-11,3.072336802539137e-11,1.592934718039981e-11,-2.977480701546242e-11,4.926176012829149e-11,9.440095229123958e-12,-1.0362332585302867e-15,4.648148202015126e-10,-2.660734508017179e-11,-1.4595572778914985e-11,4.648151137384597e-10,-3.1358276676317314e-11,1.0746435053556214e-12,1.5941287065748243e-11,2.428684617737976e-12,-1.0031503153927301e-15,4.151228231988327e-11,1.074643504922012e-12,-1.9416637461801504e-11,1.8228519346418106e-12,4.6481347762490004e-10,-2.977480701435346e-11,-1.4987222530432881e-15,1.0746435055179387e-12,4.648147103347002e-10,3.755412082148897e-11,4.6481462266738324e-10,1.818998396579767e-12,9.2531909868689e-07,4.648151138547902e-10,4.648147103770364e-10,4.6481526499652176e-10,-2.979820073573046e-11,-2.977480701455838e-11,2.7194483795899684e-11,-1.0362647017559633e-15,8.504943138333981e-12,9.253212972863786e-07,-3.325446516100191e-12,4.357222034184151e-11,-2.9774807014132665e-11,1.6081704854125093e-11,-4.999984185642395e-13,1.0746435052771923e-12,4.648135983129519e-10,4.6481418240664056e-10,4.648147104091251e-10,4.6481526064145466e-10,4.648156998148018e-10,4.6481649252671906e-10,4.6481588540387577e-10,4.6481471041956965e-10,4.6481462258872105e-10,4.4959960383697086e-11,4.6481471036534687e-10,4.6481471041315714e-10
1.0485714680144448e-05,4.600362604864786e-10,-1.4987379381324504e-15,1.1449925188220953e-05,3.2544400933460096e-15,-3.6928353621631254e-14,5.646994492813141e-14,5.117853278300881e-15,-6.149010712403827e-14,1.116969950899589e-13,8.589993263021505e-15,-1.2412676805311548e-11,4.600340154828756e-10,-3.603730450521016e-11,-2.758167936028845e-14,4.6003509608599277e-10,-2.6795063999154744e-14,-1.498733144710976e-15,7.158753348249415e-15,-1.1409302822316695e-16,-1.060434312784404e-11,8.202790147985386e-14,-1.4987214161589686e-15,-1.3430538514757609e-13,-2.264472871664522e-16,4.60030958999772e-10,-6.149013602894035e-14,-1.4436086922548637e-11,-1.4987222530432881e-15,4.6003267721390335e-10,1.7102248152040774e-13,4.6003416013885073e-10,-3.223892112592876e-16,4.600265581111078e-10,4.6003509611013776e-10,4.6003267723617074e-10,4.600362604206167e-10,-6.467364606525989e-14,-6.149008772186733e-14,-5.007019383021778e-14,-1.2412676805016811e-11,7.508423535048299e-15,9.157987144394757e-07,-1.865723949427603e-14,9.710966105715389e-14,-6.149000681605887e-14,2.256735395038615e-15,-4.118590217618318e-15,-1.4987212394541613e-15,4.600320152739334e-10,4.6003279346031233e-10,4.600326771334388e-10,4.600365285077939e-10,9.158059287389719e-07,4.600346198097313e-10,4.600326462331734e-10,4.6003267723617074e-10,4.6003416015879204e-10,8.938012811755865e-14,4.600326771334388e-10,4.6003267723617074e-10
1.0590214354655698e-05,5.125530450824049e-10,-3.8882321696966404e-11,3.2544400933460096e-15,1.1451377404276351e-05,1.5926852108270827e-10,-1.0641294086902342e-10,-2.2063430536516848e-13,1.8254061077741793e-14,8.449475647657916e-14,-1.6018098478998174e-10,-4.942711727348739e-15,5.12547848793302e-10,6.505344253970944e-10,7.229678003220404e-11,5.125468004214225e-10,6.712187196096988e-10,-3.888232169805284e-11,-2.0797213700540167e-13,-4.9168987139341075e-11,2.1047661744743772e-15,-2.851440047133474e-14,-3.888232169856567e-11,-7.750300481390738e-13,-1.0910229182473055e-11,5.125675393457085e-10,1.8254081682544564e-14,3.254357380902694e-15,-3.888232169788562e-11,5.125387783497897e-10,1.5685065455044915e-09,5.12554698988308e-10,-3.427190453782505e-11,1.020296176806849e-06,5.125468004189242e-10,5.125387784967146e-10,5.125530450824049e-10,-1.621312477537316e-11,1.8254132483771205e-14,-8.864337330525001e-13,-4.942470741145025e-15,-1.4838527067020196e-10,1.0202978528551304e-06,-1.7218750377619957e-10,6.192423583260875e-14,1.8254119328704895e-14,-2.5160414780267693e-13,-2.7864419469045457e-11,-3.8882321698200797e-11,5.125737736930244e-10,5.125614428837072e-10,5.125387785258924e-10,5.125549292458798e-10,5.125221031535394e-10,1.0202309222189895e-06,1.0202426382027484e-06,5.12538778496845e-10,5.125546989375106e-10,-2.7342381432537913e-14,5.125387783274477e-10,5.125387782971416e-10
1.0478723167261289e-05,4.565455151381464e-10,-2.155426828084499e-11,-3.6928353621631254e-14,1.5926852108270827e-10,1.1449590529902711e-05,2.7021562114795245e-13,2.639429886890135e-15,-3.0139829972707143e-13,5.535354332323315e-13,3.287998900017611e-14,-3.261371672124963e-14,4.565343092951042e-10,-6.053380596873106e-14,-2.6582737626340123e-10,4.5653949130888346e-10,-1.0220733712982384e-13,-2.1554268281925038e-11,1.4408542722390557e-14,-1.0965746858476418e-11,-2.7599227189542353e-14,3.9779114063313026e-13,-2.15542682823935e-11,-7.307369744927481e-13,-1.1281146867270113e-11,4.5652135158104155e-10,-3.0139820200762165e-13,-3.6928502641263526e-14,-2.1554268281774737e-11,4.56527164195296e-10,9.085683906599158e-13,4.565358273561743e-10,-1.1219676591106986e-11,9.08772236333329e-07,4.5653949130888346e-10,4.56527164195296e-10,4.565455152429256e-10,-6.358108342309126e-10,-3.013981756401416e-13,-3.2799951282928426e-13,-3.261371672124963e-14,2.8320909116463448e-14,9.088072571974752e-07,-2.0107393490535654e-10,4.799744526350735e-13,-3.013981756401416e-13,-1.36018262320769e-14,-4.607708582636561e-11,-2.1554268282065417e-11,4.565268706833189e-10,4.565293351599072e-10,4.565271641664156e-10,4.565470748116604e-10,4.565310138990257e-10,4.565326689614656e-10,4.565233535091814e-10,4.56527164196863e-10,4.5653582737526554e-10,8.638136705801175e-10,4.565271641664156e-10,4.565271641818429e-10
1.0487329598326191e-05,4.6080634405974875e-10,3.072336802539137e-11,5.646994492813141e-14,-1.0641294086902342e-10,2.7021562114795245e-13,1.1449128323309076e-05,-4.4676733106237225e-11,4.5299052153915207e-13,-1.6293166837433449e-09,-1.1002185375810868e-10,4.9237642710672555e-14,4.608224591438689e-10,2.406686287681569e-10,2.0379047310053508e-13,4.60814633019965e-10,3.664872551222301e-10,3.072336802449228e-11,-7.813353362303747e-11,1.5155686905042878e-11,4.242772573927159e-14,-1.1863253103703815e-09,3.0723368024026854e-11,2.03655364155842e-09,2.067785639848548e-11,4.60843457027539e-10,4.5299052153915207e-13,5.6469952900785905e-14,3.072336802467718e-11,4.608321760515431e-10,-2.5591447221682913e-09,4.608206975320069e-10,1.6626130647201586e-11,9.17464461425878e-07,4.6081463301304036e-10,4.6083217606381255e-10,4.6080634408345755e-10,9.50561389880507e-10,4.5299052153915207e-13,8.186531273313195e-10,4.923763373720689e-14,-9.563646590301136e-11,9.174135741895581e-07,2.8694860758551246e-10,-1.4145607210307074e-09,4.5299052153915207e-13,-2.641981964948528e-12,6.833685310250873e-11,3.072336802437861e-11,4.608359065647668e-10,4.6083124791748346e-10,4.608321761007041e-10,4.6080413850429604e-10,4.6082552225252685e-10,4.608192255322718e-10,4.608337816061258e-10,4.608321760817897e-10,4.608206976361881e-10,-1.2936322570487219e-09,4.608321761079622e-10,4.608321761045793e-10
1.0823858745349215e-05,6.298778094754817e-10,1.592934718039981e-11,5.117853278300881e-15,-2.2063430536516848e-13,2.639429886890135e-15,-4.4676733106237225e-11,1.1450068291104204e-05,7.70268435413218e-11,-2.053089890007848e-10,3.882914972763299e-11,6.841999863705655e-15,6.298808004056147e-10,-1.7006626681913077e-10,9.34153948237863e-15,6.298803704814263e-10,-1.641802814113582e-10,1.5929347179227102e-11,1.1753567390216086e-10,1.8306280427206892e-11,4.114593115324834e-15,-9.55777036522084e-11,1.5929347178624417e-11,6.577350625223435e-10,8.483874182325706e-12,1.2539181331313799e-06,7.70268435427703e-11,5.1177720453407634e-15,1.5929347179456638e-11,6.298843477442348e-10,-7.131260960403514e-10,6.298785100098306e-10,1.3825977672021204e-11,1.2539455166602668e-06,6.298803704446104e-10,6.298843476961214e-10,6.29877809460832e-10,4.8894790296641825e-14,7.70268435425061e-11,6.07069043362565e-10,6.841999863705655e-15,3.652207738539629e-11,1.2539410004164633e-06,8.034431601528162e-11,-1.7127253827514767e-10,7.702684354310305e-11,1.5072986464156467e-10,1.6230647353258154e-11,1.5929347179105403e-11,1.2539131643450406e-06,1.2539197842869165e-06,6.298843476860942e-10,6.298770046752866e-10,1.2539425125542685e-06,6.298976610364441e-10,1.253958966154811e-06,6.298843477454797e-10,6.298785100696881e-10,-1.0657663567263599e-10,6.298843477443163e-10,6.298843477454797e-10
1.0480551483967806e-05,4.5747623826867185e-10,-2.977480701546242e-11,-6.149010712403827e-14,1.8254061077741793e-14,-3.0139829972707143e-13,4.5299052153915207e-13,7.70268435413218e-11,1.1448946045478948e-05,8.977059098757768e-13,6.653271788349549e-14,-5.3093662291306555e-14,4.5745863885885195e-10,-3.0087830939914714e-10,-2.2570025711964262e-13,4.574673310628117e-10,-4.4067535203411947e-10,-2.977480701652502e-11,1.1177482936479445e-10,-1.0962170699727371e-11,-4.595424310333027e-14,6.590611352314172e-13,-2.977480701698386e-11,-2.1526460477165394e-09,-1.7793006439881283e-11,4.574342490618117e-10,-9.936399315780013e-10,-6.149008772186733e-14,-2.977480701638239e-11,4.5744832800004474e-10,1.3717584140040311e-12,4.5746008532159227e-10,-1.3667408335962798e-11,9.105784156727694e-07,4.574673311806374e-10,4.574483280531703e-10,4.5747623829432013e-10,-5.246820569323915e-13,-9.936399315783305e-10,-4.0111820357056816e-13,-5.3093662291306555e-14,5.812195082004218e-14,9.106355462997014e-07,-1.529140159538646e-13,7.801588780025698e-13,-9.9363993157783e-10,3.3624211473772624e-11,-3.610398172874317e-14,-2.977480701665461e-11,4.574423296561541e-10,4.5744829380499126e-10,4.57448328007344e-10,4.57478518830775e-10,4.5745716232342053e-10,4.57465180675899e-10,4.5744890221050475e-10,4.5744832800004474e-10,4.574600852834577e-10,7.183766736805066e-13,4.5744832800004474e-10,4.574483280531703e-10
1.0478047796612046e-05,4.561161498164193e-10,4.926176012829149e-11,1.116969950899589e-13,8.449475647657916e-14,5.535354332323315e-13,-1.6293166837433449e-09,-2.053089890007848e-10,8.977059098757768e-13,1.1446769750467675e-05,-1.3082187735428975e-13,9.529712581194695e-14,4.5614664958592976e-10,3.240725605651204e-13,4.1099509877933846e-13,4.5613093153291773e-10,4.514760269499505e-13,4.926176012727107e-11,-2.642649540974598e-10,1.5212444521146217e-11,8.369827255339377e-14,-2.355735822960327e-09,4.926176012677035e-11,1.8131293694855526e-12,3.532792876996744e-11,4.561933270593467e-10,8.977060221908201e-13,1.1169666297416474e-13,4.9261760127473774e-11,4.561634988393869e-10,-4.63479749981566e-09,4.5614503953176863e-10,2.2174302012940505e-11,9.082325112760426e-07,4.56130931550086e-10,4.5616349885712615e-10,4.5611614972950386e-10,9.3915948992891e-13,8.977059098757768e-13,5.770933989354902e-13,9.529712581194695e-14,-1.1494226114114974e-13,9.081319009637274e-07,2.6097903786312423e-13,-2.7584291170100715e-09,8.977059635692828e-13,-1.3826435763399317e-10,1.2636199333504002e-10,4.9261760127112826e-11,4.5618000709606486e-10,4.561674964966186e-10,4.5616349892502847e-10,4.561123201830207e-10,4.5614565917381006e-10,4.561251008794013e-10,4.5615530664722227e-10,4.5616349885491277e-10,4.5614503957734126e-10,-2.5667543256411826e-09,4.561634989126241e-10,4.5616349888155884e-10
1.0590340094537448e-05,5.125791665110041e-10,9.440095229123958e-12,8.589993263021505e-15,-1.6018098478998174e-10,3.287998900017611e-14,-1.1002185375810868e-10,3.882914972763299e-11,6.653271788349549e-14,-1.3082187735428975e-13,1.1449940279091637e-05,8.311014368605195e-15,5.125820344760355e-10,-2.8677492167457113e-11,2.733362794314462e-14,5.125809718601199e-10,-1.1898640466615886e-11,9.440095228000227e-12,3.094399447062376e-11,8.676157770570734e-12,6.600606506439925e-15,-8.604033676239019e-14,9.440095227475927e-12,4.6192849512156385e-10,6.369767866284806e-12,5.125831349511705e-10,6.653271788349549e-14,8.58995895087254e-15,9.44009522818931e-12,5.12584341946914e-10,-5.411798564804893e-10,5.125810295685919e-10,7.280850243305218e-12,1.0204308207974449e-06,5.125809718877086e-10,5.12584341946914e-10,5.125791664226324e-10,7.286955926854799e-14,6.653271788349549e-14,3.0163446931405865e-10,8.310744620884035e-15,1.5286730478763195e-12,1.020423603983635e-06,6.13026990199044e-11,-1.1236524046701576e-13,6.653281989774919e-14,5.102567683529532e-11,1.3959254581138163e-11,9.440095227856666e-12,5.125814347000945e-10,5.125820406879876e-10,5.125843420160181e-10,5.125786256037236e-10,5.125852973968694e-10,1.020425579198381e-06,1.0204288379916248e-06,5.125843421115994e-10,5.125810295970596e-10,-9.424318809482781e-14,5.125843421062612e-10,5.125843420239078e-10
1.0441433482386326e-05,4.377917036874241e-10,-1.0362332585302867e-15,-1.2412676805311548e-11,-4.942711727348739e-15,-3.261371672124963e-14,4.9237642710672555e-14,6.841999863705655e-15,-5.3093662291306555e-14,9.529712581194695e-14,8.311014368605195e-15,1.1449929129521561e-05,4.3778981972239205e-10,-1.906282788020222e-14,-2.409547742018742e-14,4.3779076209076555e-10,-2.666193235251965e-14,-1.036262119697998e-15,8.447220533304575e-15,2.370702768577251e-16,-9.089107947577548e-12,7.097164279912683e-14,-1.0362257193436615e-15,-1.0723680515840127e-13,-3.197970459111059e-17,4.377869704656301e-10,-5.309329967897936e-14,-1.2412676805573313e-11,-1.0361996678135817e-15,4.3778875927119086e-10,1.3879063609472106e-13,4.3778986586514015e-10,-2.818500980801634e-17,4.3778353848310943e-10,4.3779076201482427e-10,4.3778875922229415e-10,4.377917036935549e-10,-5.5550878309970536e-14,-5.30934245428317e-14,-3.3515466393376756e-14,-1.0499127935516082e-11,7.310835363537967e-15,8.715177349743944e-07,-1.5087823047505124e-14,8.298133171248287e-14,-5.3093244044599e-14,4.697023756976102e-15,-3.351755651560244e-15,-1.0362647965176415e-15,4.377878186255268e-10,4.3778862699312237e-10,4.377887592582163e-10,4.37791912053078e-10,4.3779008479583385e-10,4.3779095076271345e-10,4.377891927002254e-10,4.3778875922229415e-10,4.377898658697722e-10,7.728886006043277e-14,4.3778875929365647e-10,4.3778875921174367e-10
1.0000156976560595,1.0000031250228179,4.648148202015126e-10,4.600340154828756e-10,5.12547848793302e-10,4.565343092951042e-10,4.608224591438689e-10,6.298808004056147e-10,4.5745863885885195e-10,4.5614664958592976e-10,5.125820344760355e-10,4.3778981972239205e-10,1.0000144302360314,4.598069679988587e-10,4.5607676775729946e-10,1.00000299088603,4.596780990958176e-10,4.648148207142879e-10,4.6334244507366236e-10,7.371007672594849e-10,4.603592193530227e-10,4.573500343194144e-10,4.6481482077666385e-10,4.6013959643360185e-10,1.1091057430558202e-09,1.0000028610528384,4.5745863987834637e-10,4.6003401509906507e-10,4.6481482086407534e-10,1.0000028522824285,4.578639289093432e-10,1.0000028836019996,1.3532208072801547e-06,1.0000001552205993,1.000002990886032,1.0000028522824287,1.0000031250228198,4.572526833059718e-10,4.574586401839493e-10,4.539728566903299e-10,4.3778982000790885e-10,4.575788589598774e-10,1.000000732585034,4.5837725493936776e-10,4.563175796359596e-10,4.5745863980010434e-10,4.632508967639978e-10,4.608844587546483e-10,4.648148210807533e-10,1.0000029818748855,1.0000031001003433,1.0000028522824274,1.0000030852900317,1.0000033848845105,1.0000025946100424,1.000002689751508,1.000002852282429,1.0000028836019994,4.5667601962201467e-10,1.0000028522824287,1.000002852282429
1.0485233846769641e-05,4.598149040772127e-10,-2.660734508017179e-11,-3.603730450521016e-11,6.505344253970944e-10,-6.053380596873106e-14,2.406686287681569e-10,-1.7006626681913077e-10,-3.0087830939914714e-10,3.240725605651204e-13,-2.8677492167457113e-11,-1.906282788020222e-14,4.598069679988587e-10,1.145013238639794e-05,-5.57956239263648e-14,4.598092773437278e-10,1.575568039687568e-10,-2.6607345081099554e-11,-1.4784841213068965e-10,-2.507820547635214e-11,-1.3651785484955773e-14,1.9773863580359306e-13,-2.6607345081546998e-11,-1.3714563100933037e-09,-1.0143615907034602e-11,4.5980791714888304e-10,-3.008783093980566e-10,-3.603730450549347e-11,-2.660734508095069e-11,4.597996389155885e-10,1.567923570556452e-09,4.5981046269291964e-10,-1.9346610203185816e-11,9.152987626418797e-07,4.598092772417395e-10,4.597996389155885e-10,4.598149041126056e-10,-1.7094435929522664e-13,-3.008783093983692e-10,-5.215148371813389e-13,-1.9062765065470337e-14,-2.8802188885396404e-11,9.153178388010921e-07,-1.7342715590177486e-10,2.7653960934728786e-13,-3.008783093978908e-10,-2.1132968559786782e-10,-3.5148341645836845e-11,-2.660734508121125e-11,4.5981327454298715e-10,4.59809713030288e-10,4.597996389765023e-10,4.598164652041197e-10,4.5979510096777355e-10,4.5978308926874473e-10,4.5978051881259534e-10,4.597996390442218e-10,4.598104626430469e-10,2.1718773639514013e-13,4.5979963905405823e-10,4.5979963897637547e-10
1.0477821344360414e-05,4.5608499154880366e-10,-1.4595572778914985e-11,-2.758167936028845e-14,7.229678003220404e-11,-2.6582737626340123e-10,2.0379047310053508e-13,9.34153948237863e-15,-2.2570025711964262e-13,4.1099509877933846e-13,2.733362794314462e-14,-2.409547742018742e-14,4.5607676775729946e-10,-5.57956239263648e-14,1.1449738866233475e-05,4.5608067594937256e-10,-8.72763034465802e-14,-1.4595572780008983e-11,1.7679248700585275e-14,-6.205890263303196e-12,-2.0572923665735377e-14,5.938089342073774e-10,-1.4595572780482645e-11,-5.206220434950832e-13,-7.497749349360497e-12,4.5606642580763594e-10,-2.2570016900383127e-13,-2.7581632106739637e-14,-1.4595572779854204e-11,4.5607170740799447e-10,6.533134519542578e-13,4.5607766529171696e-10,-6.911912808367505e-12,9.078791724169172e-07,4.5608067572764747e-10,4.5607170736409186e-10,4.5608499138422817e-10,-4.743505942186601e-10,-2.257005419018101e-13,-2.1603618624465666e-13,-2.409547742018742e-14,2.3718578008694556e-14,9.079054428604679e-07,-7.254605027222755e-14,3.567626541592425e-13,-2.25700153095412e-13,-1.826863354547005e-15,-3.3282726425191266e-11,-1.459557278015412e-11,4.5607036274122134e-10,4.560726229572923e-10,4.560717073673599e-10,4.5608608991163263e-10,4.5607520080379835e-10,4.5607739710218463e-10,4.560702565645984e-10,4.5607170737413306e-10,4.5607766546176337e-10,3.2527690383378724e-13,4.560717073411614e-10,4.560717073633394e-10
1.000015708244769,1.000003135610111,4.648151137384597e-10,4.6003509608599277e-10,5.125468004214225e-10,4.5653949130888346e-10,4.60814633019965e-10,6.298803704814263e-10,4.574673310628117e-10,4.5613093153291773e-10,5.125809718601199e-10,4.3779076209076555e-10,1.00000299088603,4.598092773437278e-10,4.5608067594937256e-10,1.0000144514115523,4.5968162142684834e-10,4.6481511422805014e-10,4.633416936314049e-10,1.4673728701164126e-06,4.603600304822489e-10,4.573385912327012e-10,4.6481511425915224e-10,4.601592530412022e-10,2.207936440032496e-06,1.0000028716415503,4.5746733202322595e-10,4.6003509582742656e-10,4.6481511427322284e-10,1.0000028628707098,4.578392258686018e-10,1.0000028941898418,6.797594092707921e-10,1.0000001658102347,1.0000030014736412,1.0000028628707096,1.0000031356101122,4.5726184718829993e-10,4.574673323969144e-10,4.539807711917175e-10,4.3779076228732486e-10,4.5757793545277467e-10,1.0000007431736895,4.58380021130843e-10,4.5630393326872904e-10,4.5746733201120396e-10,4.6325087455457244e-10,4.608851149472123e-10,4.6481511458829764e-10,1.0000029924633074,1.0000031106885887,1.0000028628707096,1.0000030958772406,1.0000033954725347,1.0000026051978321,1.0000027003398557,1.0000028628707107,1.0000028941898422,4.5666354144569267e-10,1.0000028628707107,1.00000286287071
1.0484970949308987e-05,4.596885625472177e-10,-3.1358276676317314e-11,-2.6795063999154744e-14,6.712187196096988e-10,-1.0220733712982384e-13,3.664872551222301e-10,-1.641802814113582e-10,-4.4067535203411947e-10,4.514760269499505e-13,-1.1898640466615886e-11,-2.666193235251965e-14,4.596780990958176e-10,1.575568039687568e-10,-8.72763034465802e-14,4.5968162142684834e-10,1.1450042025775379e-05,-3.135827667724013e-11,-1.3674276342212847e-10,-2.7365123310738214e-11,-2.0170233861896204e-14,2.9026639302223477e-13,-3.135827667768449e-11,-1.6918824805761359e-09,-1.3078261298749325e-11,4.5967583392100536e-10,-4.406753520330225e-10,-2.6794901059690842e-14,-3.1358276677095e-11,4.5966922671840076e-10,1.9698279403313883e-09,4.5968187936950744e-10,-2.1836124643689506e-11,9.150278730268053e-07,4.596816213884056e-10,4.5966922672321025e-10,4.596885625175442e-10,-2.4505621564381407e-13,-4.406753520333422e-10,-5.878103680305999e-13,-2.666188851997139e-14,-1.4239433015276061e-11,9.150549379622448e-07,-2.1834040006963193e-10,7.706604736121384e-10,-4.40675352032864e-10,-2.1218922456146876e-10,-4.5710551992800167e-11,-3.135827667734932e-11,4.596823898353569e-10,4.5967952592605285e-10,4.596692267234007e-10,4.5969046829042857e-10,4.596657130167297e-10,4.596545316610089e-10,4.5964972411235215e-10,4.596692267234007e-10,4.5968187941092023e-10,3.180898807550068e-13,4.596692266365268e-10,4.5966922671840076e-10
1.0495237422411768e-05,4.648152654310077e-10,1.0746435053556214e-12,-1.498733144710976e-15,-3.888232169805284e-11,-2.1554268281925038e-11,3.072336802449228e-11,1.5929347179227102e-11,-2.977480701652502e-11,4.926176012727107e-11,9.440095228000227e-12,-1.036262119697998e-15,4.648148207142879e-10,-2.6607345081099554e-11,-1.4595572780008983e-11,4.6481511422805014e-10,-3.135827667724013e-11,1.1449940700188137e-05,1.5941287064881176e-11,2.428684616464242e-12,-1.0031322866312235e-15,4.1512282318867676e-11,1.0746435041153978e-12,-1.941663746288344e-11,1.8228519327697515e-12,4.6481347821114113e-10,-2.977480701541602e-11,-1.4987252485872985e-15,1.0746435047113436e-12,4.6481471080022116e-10,3.755412082063211e-11,4.6481462312729514e-10,1.818998395397481e-12,9.253190996771036e-07,4.6481511422308856e-10,4.648147108575221e-10,4.648152653677458e-10,-2.9798200736810915e-11,-2.9774807015621e-11,2.7194483794640912e-11,-1.0362668283348603e-15,8.504943137312718e-12,9.253212982765941e-07,-3.3254465171143303e-12,4.357222034082181e-11,-2.977480701519528e-11,1.6081704853249212e-11,-4.999984194930303e-13,1.0746435044705832e-12,4.648135987440978e-10,4.64814182974396e-10,4.6481471086177187e-10,4.648152611449636e-10,4.6481570032869844e-10,4.6481649297301744e-10,4.64815885928284e-10,4.648147108199251e-10,4.6481462315513923e-10,4.495996038267102e-11,4.648147108309698e-10,4.648147108849987e-10
1.0492324610627534e-05,4.633389186718161e-10,1.5941287065748243e-11,7.158753348249415e-15,-2.0797213700540167e-13,1.4408542722390557e-14,-7.813353362303747e-11,1.1753567390216086e-10,1.1177482936479445e-10,-2.642649540974598e-10,3.094399447062376e-11,8.447220533304575e-15,4.6334244507366236e-10,-1.4784841213068965e-10,1.7679248700585275e-14,4.633416936314049e-10,-1.3674276342212847e-10,1.5941287064881176e-11,1.1450045217071643e-05,1.730376312997723e-11,5.597071417146871e-15,-1.4229005603814847e-10,1.5941287064434512e-11,7.032034346978411e-10,8.193718447438746e-12,4.633397115509625e-10,1.1177482936585155e-10,7.158713667119979e-15,1.594128706505196e-11,4.633462013324197e-10,-7.786626500051392e-10,4.6334024810285894e-10,1.3230507263665781e-11,9.224151784712755e-07,4.633416936280212e-10,4.6334620131122276e-10,4.63338918656606e-10,6.67449644851558e-14,1.1177482936566315e-10,6.015818466304862e-10,8.447220533304575e-15,2.9470270025964906e-11,9.224085298017983e-07,8.737725583731236e-11,-2.2297249435810596e-10,1.1177482936610885e-10,1.399624363249803e-10,1.7905997802233917e-11,1.594128706478956e-11,4.6333703117892813e-10,4.6333990492320653e-10,4.6334620131122276e-10,4.633380764839904e-10,4.6335024700556264e-10,4.6335805592007125e-10,4.633584195848444e-10,4.6334620126458864e-10,4.6334024811447307e-10,-1.5732822757270111e-10,4.6334620131122276e-10,4.6334620131122276e-10
1.1037289289668351e-05,1.4673728296789153e-06,2.428684617737976e-12,-1.1409302822316695e-16,-4.9168987139341075e-11,-1.0965746858476418e-11,1.5155686905042878e-11,1.8306280427206892e-11,-1.0962170699727371e-11,1.5212444521146217e-11,8.676157770570734e-12,2.370702768577251e-16,7.371007672594849e-10,-2.507820547635214e-11,-6.205890263303196e-12,1.4673728701164126e-06,-2.7365123310738214e-11,2.428684616464242e-12,1.730376312997723e-11,1.1449943433184023e-05,9.968896389746211e-17,1.7926949328844725e-11,2.428684615780286e-12,3.221632082978356e-11,3.479750125389977e-12,7.370997058234518e-10,-1.0962170697968287e-11,-1.1402402117731925e-16,2.4286846167225906e-12,7.371008769236088e-10,-2.4024880506018648e-11,7.371004657499311e-10,3.0813056326801032e-12,1.4673689792335091e-06,1.4673728701164139e-06,7.371008768724051e-10,1.467372829678915e-06,-9.666803538207444e-12,-1.096217069828761e-11,5.50950380183084e-11,2.3706399047589713e-16,7.908347804770785e-12,1.4673704321985151e-06,4.092059753858074e-12,1.4210632001214724e-11,-1.0962170697618744e-11,1.9518038996294434e-11,1.557047907672133e-12,2.4286846163439765e-12,7.370996665321751e-10,1.4673715812221338e-06,7.371008768724051e-10,7.37100816577676e-10,1.4673749891029047e-06,7.371026188210903e-10,1.4673756405766779e-06,7.371008769361009e-10,7.371004658541793e-10,1.9152303503418445e-11,7.371008768724051e-10,7.371008769804535e-10
1.0486363408991909e-05,4.6036091449095594e-10,-1.0031503153927301e-15,-1.060434312784404e-11,2.1047661744743772e-15,-2.7599227189542353e-14,4.242772573927159e-14,4.114593115324834e-15,-4.595424310333027e-14,8.369827255339377e-14,6.600606506439925e-15,-9.089107947577548e-12,4.603592193530227e-10,-1.3651785484955773e-14,-2.0572923665735377e-14,4.603600304822489e-10,-2.0170233861896204e-14,-1.0031322866312235e-15,5.597071417146871e-15,9.968896389746211e-17,1.1449931892820647e-05,6.155116974235418e-14,-1.0031598500405492e-15,-9.99890151728744e-14,8.930134449127478e-17,4.603569039852296e-10,-4.5954222967080487e-14,-1.0604343128118485e-11,-1.0031430856252916e-15,4.603582076359395e-10,1.2768787300753695e-13,4.603593120164193e-10,-7.406147852417355e-17,4.6035331427735687e-10,4.603600304959934e-10,4.603582076342944e-10,4.603609144867608e-10,-4.83217594236844e-14,-4.595426782112041e-14,-3.684030221454298e-14,-9.08910794728336e-12,5.774241526996458e-15,9.164474373759531e-07,-1.3812875568920838e-14,7.278862118522592e-14,-4.5954222967080487e-14,1.9530637077566775e-15,-2.969540669068728e-15,-1.003136541667453e-15,4.6035770565111663e-10,4.603583098983797e-10,4.603582076342944e-10,9.164571586444374e-07,4.6035925608253726e-10,4.603596623629116e-10,4.603581920316683e-10,4.603582076342944e-10,4.603593119086484e-10,6.705587985090047e-14,4.603582077580627e-10,4.6035820755698554e-10
1.0480431761511228e-05,4.573269443548398e-10,4.151228231988327e-11,8.202790147985386e-14,-2.851440047133474e-14,3.9779114063313026e-13,-1.1863253103703815e-09,-9.55777036522084e-11,6.590611352314172e-13,-2.355735822960327e-09,-8.604033676239019e-14,7.097164279912683e-14,4.573500343194144e-10,1.9773863580359306e-13,5.938089342073774e-10,4.573385912327012e-10,2.9026639302223477e-13,4.1512282318867676e-11,-1.4229005603814847e-10,1.7926949328844725e-11,6.155116974235418e-14,1.1448212101473373e-05,4.151228231837549e-11,1.4330359738599755e-12,2.8205476505558426e-11,4.5738191535418657e-10,6.590611468215794e-13,8.202794778562991e-14,4.151228231906259e-11,4.5736356028653536e-10,-3.6105371716802923e-09,4.573479688011644e-10,2.113954142693603e-11,9.105899353015671e-07,4.573385910370003e-10,4.573635602588175e-10,4.573269442970809e-10,1.3792726476815188e-09,6.590611468215794e-13,5.366607800180298e-13,7.097148561420197e-14,-7.51104382844952e-14,9.105158406047425e-07,2.0326818579571997e-13,-2.046849241409251e-09,6.590611083721517e-13,-3.857343730173028e-11,4.868729451131237e-14,4.15122823187194e-11,4.5737134397192626e-10,4.573637022324007e-10,4.573635602265495e-10,4.573238792982756e-10,4.573526186735193e-10,4.5734143267271295e-10,4.5736295745312445e-10,4.573635602603332e-10,4.5734796872927277e-10,-1.8833477757346772e-09,4.5736356022182213e-10,4.573635602420413e-10
1.0495237422056887e-05,4.6481526552957127e-10,1.074643504922012e-12,-1.4987214161589686e-15,-3.888232169856567e-11,-2.15542682823935e-11,3.0723368024026854e-11,1.5929347178624417e-11,-2.977480701698386e-11,4.926176012677035e-11,9.440095227475927e-12,-1.0362257193436615e-15,4.6481482077666385e-10,-2.6607345081546998e-11,-1.4595572780482645e-11,4.6481511425915224e-10,-3.135827667768449e-11,1.0746435041153978e-12,1.5941287064434512e-11,2.428684615780286e-12,-1.0031598500405492e-15,4.151228231837549e-11,1.1449940700188137e-05,-1.9416637463328408e-11,1.8228519317552944e-12,4.648134783018442e-10,-2.9774807015874966e-11,-1.498719038024575e-15,1.0746435042777354e-12,4.648147109861019e-10,3.755412082014319e-11,4.648146232399392e-10,1.8189983947646427e-12,9.253190998284032e-07,4.648151143065736e-10,4.648147109135013e-10,4.648152656731665e-10,-2.979820073727201e-11,-2.977480701607983e-11,2.719448379414324e-11,-1.0362662956458793e-15,8.50494313684096e-12,9.253212984278942e-07,-3.3254465175777037e-12,4.3572220340325427e-11,-2.977480701565415e-11,1.6081704852802205e-11,-4.99998419946086e-13,1.0746435040369913e-12,4.6481359889077404e-10,4.6481418298424517e-10,4.648147109135013e-10,4.648152611810981e-10,4.6481570042831963e-10,4.648164929913326e-10,4.6481588603754244e-10,4.648147109548548e-10,4.648146232399392e-10,4.495996038217522e-11,4.648147109457362e-10,4.6481471102112915e-10
1.048589474140033e-05,4.6017116743159956e-10,-1.9416637461801504e-11,-1.3430538514757609e-13,-7.750300481390738e-13,-7.307369744927481e-13,2.03655364155842e-09,6.577350625223435e-10,-2.1526460477165394e-09,1.8131293694855526e-12,4.6192849512156385e-10,-1.0723680515840127e-13,4.6013959643360185e-10,-1.3714563100933037e-09,-5.206220434950832e-13,4.601592530412022e-10,-1.6918824805761359e-09,-1.941663746288344e-11,7.032034346978411e-10,3.221632082978356e-11,-9.99890151728744e-14,1.4330359738599755e-12,-1.9416637463328408e-11,1.1447099043263968e-05,-2.5259626408850144e-11,4.6006558897273866e-10,-2.1526460477155013e-09,-1.343053487019608e-13,-1.941663746274747e-11,4.6012787823276725e-10,2.0287676879108393e-12,4.6013495634604396e-10,9.688076231336243e-12,9.158591220259559e-07,4.6015925304175343e-10,4.60127878233114e-10,4.601711674879565e-10,-1.1061116426686384e-12,-2.15264604771574e-09,2.876638684860428e-10,-1.072368044436722e-13,4.13050371025566e-10,9.159787465656217e-07,-4.530811171010986e-10,1.5886705344424495e-12,-2.1526460477153077e-09,6.347651481485924e-10,-1.2128002070455319e-10,-1.9416637462987086e-11,4.600757575457699e-10,4.6010231785779804e-10,4.601278782436923e-10,4.601738924712461e-10,4.6016545549151686e-10,4.6021919917173505e-10,4.601779736120481e-10,4.601278782813653e-10,4.601349563062829e-10,1.5577969490993812e-12,4.601278782514343e-10,4.6012787829829004e-10
1.1777853250136779e-05,2.207936967481026e-06,1.8228519346418106e-12,-2.264472871664522e-16,-1.0910229182473055e-11,-1.1281146867270113e-11,2.067785639848548e-11,8.483874182325706e-12,-1.7793006439881283e-11,3.532792876996744e-11,6.369767866284806e-12,-3.197970459111059e-17,1.1091057430558202e-09,-1.0143615907034602e-11,-7.497749349360497e-12,2.207936440032496e-06,-1.3078261298749325e-11,1.8228519327697515e-12,8.193718447438746e-12,3.479750125389977e-12,8.930134449127478e-17,2.8205476505558426e-11,1.8228519317552944e-12,-2.5259626408850144e-11,1.1449944228239064e-05,2.2079344638498466e-06,-1.7793006437214763e-11,-2.264408653419723e-16,1.822851933157583e-12,1.1091054843216227e-09,4.031301511368644e-11,2.207935766393946e-06,3.0327408510439314e-12,2.2079282484803757e-06,2.2079364400324974e-06,1.1091054843330806e-09,2.207936967481026e-06,-1.8283208149056432e-11,-1.7793006437681484e-11,3.339806216778203e-12,-3.1990660601077794e-17,5.688394349057726e-12,2.2079306430815023e-06,-2.297182897904653e-12,3.1183766310287815e-11,-1.7793006436699685e-11,7.500112036189052e-12,8.740927153244016e-13,1.822851932605053e-12,2.207934929588779e-06,2.2079356625106724e-06,1.1091054843493122e-09,2.2079369314963248e-06,2.207937399351179e-06,1.1091059991113674e-09,1.1091057310092465e-09,1.1091054843216227e-09,2.2079357663939474e-06,3.048966183594005e-11,1.1091054843216227e-09,1.1091054843293713e-09
1.0000155784069553,1.0000030057795182,4.6481347762490004e-10,4.60030958999772e-10,5.125675393457085e-10,4.5652135158104155e-10,4.60843457027539e-10,1.2539181331313799e-06,4.574342490618117e-10,4.561933270593467e-10,5.125831349511705e-10,4.377869704656301e-10,1.0000028610528384,4.5980791714888304e-10,4.5606642580763594e-10,1.0000028716415503,4.5967583392100536e-10,4.6481347821114113e-10,4.633397115509625e-10,7.370997058234518e-10,4.603569039852296e-10,4.5738191535418657e-10,4.648134783018442e-10,4.6006558897273866e-10,2.2079344638498466e-06,1.0000141917441099,4.5743424990701275e-10,4.6003095872502583e-10,4.648134782336929e-10,1.0000027330356807,4.579525129334605e-10,1.0000027643572325,6.797583311168893e-10,1.0000000359695103,1.0000028716415514,1.0000027330356798,1.0000030057795197,4.572263397752303e-10,4.57434250375456e-10,4.5392971475489855e-10,4.377869706839865e-10,4.5757970761522127e-10,1.0000006133367185,4.583673165146874e-10,4.563578331348829e-10,4.574342498906043e-10,4.63245075163417e-10,4.608822116713425e-10,4.648134784544652e-10,1.0000028626293362,1.0000029808547224,1.0000027330356789,1.0000029660470613,1.000003265637671,1.0000024753624457,1.0000025705025914,1.0000027330356807,1.0000027643572338,4.567108755869554e-10,1.0000027330356798,1.0000027330356789
1.0480551483723122e-05,4.574762391464319e-10,-2.977480701435346e-11,-6.149013602894035e-14,1.8254081682544564e-14,-3.0139820200762165e-13,4.5299052153915207e-13,7.70268435427703e-11,-9.936399315780013e-10,8.977060221908201e-13,6.653271788349549e-14,-5.309329967897936e-14,4.5745863987834637e-10,-3.008783093980566e-10,-2.2570016900383127e-13,4.5746733202322595e-10,-4.406753520330225e-10,-2.977480701541602e-11,1.1177482936585155e-10,-1.0962170697968287e-11,-4.5954222967080487e-14,6.590611468215794e-13,-2.9774807015874966e-11,-2.1526460477155013e-09,-1.7793006437214763e-11,4.5743424990701275e-10,1.1448946045478948e-05,-6.149008901510516e-14,-2.977480701527337e-11,4.5744832888509677e-10,1.3717584140040311e-12,4.5746008612646015e-10,-1.3667408334344044e-11,9.105784174746502e-07,4.5746733205414756e-10,4.574483288733224e-10,4.574762391464319e-10,-5.246819939786787e-13,-9.936399315772864e-10,-4.011181013582656e-13,-5.3093662291306555e-14,5.812170298335596e-14,9.10635548101585e-07,-1.529139305230511e-13,7.801588701856034e-13,-9.936399315767924e-10,3.3624211474823906e-11,-3.6103621262471426e-14,-2.977480701554568e-11,4.5744233068389676e-10,4.5744829480133346e-10,4.5744832888808905e-10,4.57478519857499e-10,4.57457163347003e-10,4.5746518149575023e-10,4.574489030932353e-10,4.5744832888086843e-10,4.5746008612646015e-10,7.183764102304245e-13,4.5744832891148823e-10,4.574483289304117e-10
1.0485714677724285e-05,4.600362601326064e-10,-1.4987222530432881e-15,-1.4436086922548637e-11,3.254357380902694e-15,-3.6928502641263526e-14,5.6469952900785905e-14,5.1177720453407634e-15,-6.149008772186733e-14,1.1169666297416474e-13,8.58995895087254e-15,-1.2412676805573313e-11,4.6003401509906507e-10,-3.603730450549347e-11,-2.7581632106739637e-14,4.6003509582742656e-10,-2.6794901059690842e-14,-1.4987252485872985e-15,7.158713667119979e-15,-1.1402402117731925e-16,-1.0604343128118485e-11,8.202794778562991e-14,-1.498719038024575e-15,-1.343053487019608e-13,-2.264408653419723e-16,4.6003095872502583e-10,-6.149008901510516e-14,1.1449925188220953e-05,-1.4987282045705113e-15,4.600326770014306e-10,1.7102231238263144e-13,4.6003415989400573e-10,-3.2228880191152764e-16,4.6002655782510776e-10,4.600350958168889e-10,4.6003267696128627e-10,4.600362601326064e-10,-6.467353758503546e-14,-6.149013602894035e-14,-5.007046470567891e-14,-1.2412676805278695e-11,7.50819102012802e-15,9.157987137997953e-07,-1.8657239567287347e-14,9.710966563894301e-14,-6.149002335867164e-14,2.2566919580172076e-15,-4.118582912636351e-15,-1.4987297191445695e-15,4.600320150743549e-10,4.60032793134131e-10,4.6003267697547955e-10,4.6003652821196044e-10,9.158059280992888e-07,4.6003461938320333e-10,4.600326458929969e-10,4.600326770170142e-10,4.6003415978419497e-10,8.93800867424324e-14,4.600326770170142e-10,4.600326768943342e-10
1.0495237417841128e-05,4.648152655620624e-10,1.0746435055179387e-12,-1.4987222530432881e-15,-3.888232169788562e-11,-2.1554268281774737e-11,3.072336802467718e-11,1.5929347179456638e-11,-2.977480701638239e-11,4.9261760127473774e-11,9.44009522818931e-12,-1.0361996678135817e-15,4.6481482086407534e-10,-2.660734508095069e-11,-1.4595572779854204e-11,4.6481511427322284e-10,-3.1358276677095e-11,1.0746435047113436e-12,1.594128706505196e-11,2.4286846167225906e-12,-1.0031430856252916e-15,4.151228231906259e-11,1.0746435042777354e-12,-1.941663746274747e-11,1.822851933157583e-12,4.648134782336929e-10,-2.977480701527337e-11,-1.4987282045705113e-15,1.1449940700188137e-05,4.648147110101944e-10,3.755412082083535e-11,4.648146233007946e-10,1.8189983956355957e-12,9.253190998566734e-07,4.648151142524803e-10,4.648147110107041e-10,4.648152656809823e-10,-2.979820073666838e-11,-2.977480701547829e-11,2.7194483794812643e-11,-1.0362602194428776e-15,8.504943137481901e-12,9.253212984561649e-07,-3.3254465169543185e-12,4.357222034101983e-11,-2.97748070150526e-11,1.6081704853419485e-11,-4.99998419330446e-13,1.0746435046329269e-12,4.64813598891594e-10,4.6481418296549805e-10,4.648147110051422e-10,4.64815261189206e-10,4.6481570041747643e-10,4.6481649308177695e-10,4.648158859768208e-10,4.6481471101815197e-10,4.648146232200523e-10,4.4959960382868704e-11,4.64814710991771e-10,4.648147110411497e-10
