1.0000000272416012,1.0785877699525578e-05,1.0000155047361023,1.0000161470444162,1.000016391418237,1.0000155047361001,1.1027670505584097e-05,1.000016147044415,1.0000160583793332,1.1081449977650796e-05,1.0000163437401253,1.000015717784771,1.000015504736099,1.0000162750285837,1.0000160714465227,1.0000152044289923,1.0000160220215055,1.0000155047361023,1.0789575677923848e-05,1.0000161470444162,1.0789625905576291e-05,1.000016665036762,1.0000155047361001,1.0782567509644455e-05,1.0785856241724634e-05,1.000016147044416,1.00001580003929,1.0000155047361017,1.0775986292061343e-05,1.0772431484660508e-05,1.0775986291883518e-05,1.0000155047361001,1.0000160714465196,1.0000161493798236,1.0777535909564574e-05,1.000016007164564,1.0000155047360992,1.0000155047361001,1.0000161175445075,1.0000157177847737,1.0000159146269512,1.0000161470444173,1.0000155047360986,1.0000161470444149,1.0782057414316443e-05,1.0000155047360995,1.0000152044289894,1.000015717784776,1.0947978830489925e-05,1.000016275028581,1.000016472404947,1.0000159563526447,1.0798415883478538e-05,1.1039774894586372e-05,1.000016147044416,1.077826695356184e-05,1.0875214576198054e-05,1.0828284093514837e-05,1.1024527130121625e-05
1.0785877699525578e-05,1.11568715920129e-05,2.864371423413198e-10,2.864373225892328e-10,2.8643739099248826e-10,2.8643714234501674e-10,4.5259729685775807e-13,2.86437322560733e-10,2.864372976280206e-10,4.818877894591636e-13,2.8643737763369637e-10,2.864372020607605e-10,2.864371423308377e-10,2.864373581808895e-10,2.864373014464157e-10,5.701223579687871e-07,2.8643728704778414e-10,2.864371423357341e-10,1.6109343896257686e-16,2.8643732257011566e-10,1.6048737908914291e-16,2.86437467653861e-10,2.864371423270219e-10,1.5898391571146067e-16,3.180775938589891e-13,2.8643732256296567e-10,2.8643722488907424e-10,2.864371423427301e-10,1.5704354491134491e-16,3.1003559991140523e-13,1.5704354491134491e-16,2.864371423305922e-10,2.864373014599909e-10,2.8643732295741497e-10,3.1313370966288185e-13,2.8643728303831853e-10,2.8643714234246576e-10,2.864371423514094e-10,2.864373143802006e-10,2.8643720206067175e-10,2.8643725743260983e-10,2.8643732258515443e-10,2.864371423490708e-10,2.86437322609294e-10,3.1584783228632213e-13,2.864371423450364e-10,5.70122357968787e-07,2.8643720206076853e-10,2.0508866995550145e-16,2.8643735836947525e-10,2.8643741392662113e-10,2.864372687955349e-10,1.6345423110675452e-16,2.3125160437049306e-16,2.8643732257926346e-10,1.5795105476498615e-16,1.8441685606728285e-16,1.7140937184519622e-16,4.5073997413347564e-13
1.0000155047361023,2.864371423413198e-10,1.0000149748164566,1.0000044602532565,1.000004704626509,1.0000038179463824,4.079167653301926e-10,1.000004460253256,1.000004371588352,4.3493619906690256e-10,1.0000046569485181,1.0000040309945688,1.0000038179463826,1.0000045882371227,1.000004384655545,1.0000035176399353,1.0000043352305834,1.0000038179463824,2.8829505703138645e-10,1.000004460253255,2.88320294056594e-10,1.000004978244408,1.0000038179463826,2.8477406009571527e-10,2.864263599263305e-10,1.000004460253255,1.000004113248868,1.0000038179463824,2.8146757011758837e-10,2.7968158298789385e-10,2.8146757021884474e-10,1.0000038179463817,1.0000043846555442,1.0000044625886364,2.8224611394589515e-10,1.0000043203736855,1.000003817946382,1.000003817946382,1.00000443075339,1.0000040309945688,1.0000042278363197,1.0000044602532554,1.0000038179463824,1.0000044602532545,2.845177792999571e-10,1.000003817946383,1.0000035176399358,1.0000040309945697,3.678787144683198e-10,1.000004588237123,1.0000047856130618,1.0000042695618845,2.9273647575216865e-10,4.139981666362639e-10,1.0000044602532554,2.8261340453535935e-10,3.3132106667998634e-10,3.0774261719937945e-10,4.063374912312451e-10
1.0000161470444162,2.864373225892328e-10,1.0000044602532565,1.000016259430592,1.0000053469339425,1.0000044602532556,4.0791702192789583e-10,1.000005102560536,1.0000050138955752,8.65694573095415e-07,1.000005299255922,1.0000046733015773,1.000004460253256,1.000005230544484,1.0000050269627776,1.0000041599466203,1.0000049775377828,1.0000044602532567,2.88295238650124e-10,1.000005102560536,2.8832047563101803e-10,1.0000056205520154,1.0000044602532563,2.8477423926816954e-10,2.864265401206e-10,1.000005102560536,1.000004755555929,1.000004460253256,2.8146774704411746e-10,2.7968175863991665e-10,2.8146774714212626e-10,1.0000044602532554,1.0000050269627765,1.0000051048959164,2.822462913731157e-10,1.0000049626808767,1.0000044602532563,1.000004460253256,1.0000050730606507,1.0000046733015784,1.0000048701434525,1.000005102560536,1.0000044602532567,1.0000051025605357,2.845179582776533e-10,1.0000044602532565,1.000004159946621,1.0000046733015782,3.6787894590436373e-10,1.0000052305444833,1.0000054279205477,1.0000049118690437,2.927366600161207e-10,4.139984271890177e-10,1.000005102560536,2.826135821584103e-10,3.3132127499438576e-10,3.077428106634018e-10,4.0633774666039106e-10
1.000016391418237,2.8643739099248826e-10,1.000004704626509,1.0000053469339425,1.000016748177459,1.00000470462651,8.119154390822545e-07,1.000005346933943,1.0000052582689616,4.3493657590180843e-10,1.0000055436293762,1.000004917674883,1.0000047046265106,1.000005474917922,1.0000052713361667,1.0000044043198022,1.0000052219111615,1.0000047046265104,2.882953074988573e-10,1.0000053469339423,2.883205445606464e-10,1.000005864925546,1.00000470462651,2.8477430722581294e-10,2.864266084785218e-10,1.0000053469339425,1.0000049999292517,1.0000047046265108,2.8146781423951237e-10,2.7968182532155144e-10,2.814678143424318e-10,1.000004704626509,1.0000052713361645,1.0000053492693255,2.8224635873314213e-10,1.0000052070542504,1.0000047046265095,1.0000047046265101,1.0000053174340515,1.0000049176748815,1.000005114516805,1.000005346933942,1.0000047046265108,1.000005346933942,2.845180260260992e-10,1.0000047046265104,1.0000044043198022,1.0000049176748818,3.6787903383151083e-10,1.0000054749179208,1.0000056722940345,1.000005156242405,2.9273672991216456e-10,4.1399852638614017e-10,1.0000053469339427,2.8261364972982864e-10,3.3132135435117745e-10,6.125293278813159e-07,8.087720597213787e-07
1.0000155047361001,2.8643714234501674e-10,1.0000038179463824,1.0000044602532556,1.00000470462651,1.0000149748164524,4.079167653336194e-10,1.0000044602532545,1.0000043715883515,4.3493619906455336e-10,1.0000046569485177,1.0000040309945673,1.0000038179463808,1.0000045882371236,1.0000043846555438,1.0000035176399347,1.0000043352305839,1.000003817946381,2.8829505708791876e-10,1.0000044602532543,2.88320294050379e-10,1.0000049782444074,1.000003817946381,2.8477406000593283e-10,2.864263599275792e-10,1.000004460253255,1.0000041132488673,1.000003817946381,2.8146757014029287e-10,2.796815829883278e-10,2.814675702617566e-10,1.000003817946381,1.0000043846555433,1.000004462588635,2.8224611396612975e-10,1.0000043203736853,1.0000038179463808,1.000003817946381,1.0000044307533889,1.000004030994568,1.0000042278363188,1.0000044602532536,1.0000038179463806,1.0000044602532536,2.8451777930085345e-10,1.0000038179463822,1.0000035176399347,1.000004030994568,3.678787144428763e-10,1.0000045882371225,1.0000047856130616,1.0000042695618843,2.927364757698006e-10,4.139981666411466e-10,1.0000044602532554,2.826134045246592e-10,3.313210666819725e-10,3.0774261719357403e-10,4.0633749123891814e-10
1.1027670505584097e-05,4.5259729685775807e-13,4.079167653301926e-10,4.0791702192789583e-10,8.119154390822545e-07,4.079167653336194e-10,1.115687192087931e-05,4.0791702172493983e-10,8.119151743338953e-07,6.855716199035727e-13,4.0791710027669706e-10,4.079168503262432e-10,4.079167653498625e-10,8.119153466801468e-07,4.0791699162170735e-10,8.119144958364832e-07,8.119151449271889e-07,4.07916765351428e-10,2.289774385673129e-16,4.079170217691667e-10,2.2939761505776555e-16,8.119156562619926e-07,4.07916765351428e-10,2.2586460913518357e-16,4.5256411847803867e-13,4.0791702178073285e-10,8.1191496857566e-07,4.0791676533011247e-10,2.2315806943521396e-16,4.4109047996117937e-13,2.2337746180511546e-16,4.0791676533178104e-10,4.0791699162170735e-10,8.119152466035131e-07,2.2434508420939397e-16,8.119151333710368e-07,4.079167653504947e-10,4.0791676534070053e-10,8.119152213165339e-07,4.0791685032661496e-10,4.079169291567421e-10,4.079170218543648e-10,4.0791676533347237e-10,4.079170217510287e-10,4.493852875548421e-13,4.079167653353689e-10,8.119144958364831e-07,4.0791685032305834e-10,2.91939314413823e-16,8.119153466801449e-07,4.079171520237352e-10,8.119150930622623e-07,2.32378592302265e-16,6.540413727527766e-13,4.0791702186495183e-10,2.242210487954589e-16,2.6305897918055744e-16,2.4412790155419913e-16,6.412890102306054e-13
1.000016147044415,2.86437322560733e-10,1.000004460253256,1.000005102560536,1.000005346933943,1.0000044602532545,4.0791702172493983e-10,1.0000162594305917,1.0000050138955732,8.656945730954141e-07,1.00000529925592,1.0000046733015766,1.0000044602532547,1.0000052305444833,1.0000050269627765,1.0000041599466187,1.000004977537782,1.000004460253255,2.88295238650124e-10,1.000005102560536,2.883204756309457e-10,1.0000056205520145,1.0000044602532545,2.847742392005001e-10,2.8642654015643325e-10,1.000005102560535,1.0000047555559275,1.000004460253255,2.8146774709175985e-10,2.7968175864940585e-10,2.814677471796973e-10,1.0000044602532543,1.0000050269627747,1.0000051048959167,2.8224629136678175e-10,1.0000049626808762,1.0000044602532556,1.0000044602532543,1.0000050730606493,1.000004673301576,1.000004870143452,1.000005102560534,1.0000044602532558,1.0000051025605334,2.845179583147373e-10,1.0000044602532558,1.0000041599466198,1.0000046733015773,3.6787894590509604e-10,1.0000052305444824,1.0000054279205464,1.0000049118690424,2.9273665996185144e-10,4.1399842716983654e-10,1.000005102560536,2.8261358218528115e-10,3.313212751740307e-10,3.0774281066292945e-10,4.0633774672857427e-10
1.0000160583793332,2.864372976280206e-10,1.000004371588352,1.0000050138955752,1.0000052582689616,1.0000043715883515,8.119151743338953e-07,1.0000050138955732,1.0000160821006854,8.656944975292194e-07,1.000005210590944,1.0000045846366548,1.000004371588352,1.0000051418795113,1.0000049382978224,1.0000040712817415,1.000004888872833,1.000004371588351,2.8829521338156484e-10,1.0000050138955743,2.8832045038761935e-10,1.000005531887009,1.0000043715883515,2.8477421432224553e-10,2.8642651514661905e-10,1.0000050138955738,1.000004666890998,1.000004371588351,2.814677224656264e-10,2.7968173419365145e-10,2.814677225822228e-10,1.0000043715883515,1.000004938297821,1.0000050162309548,2.822462667643413e-10,1.0000048740159277,1.0000043715883515,1.0000043715883506,1.0000049843956922,1.0000045846366534,1.0000047814785116,1.0000050138955732,1.0000043715883522,1.0000050138955727,2.8451793332298883e-10,1.0000043715883524,1.0000040712817417,1.0000045846366539,3.678789136320053e-10,1.0000051418795122,1.0000053392555586,1.0000048232040992,2.9273663435549387e-10,8.240195611147653e-07,1.000005013895575,2.826135575431757e-10,3.3132124609323593e-10,3.077427838226598e-10,8.08771796052263e-07
1.1081449977650796e-05,4.818877894591636e-13,4.3493619906690256e-10,8.65694573095415e-07,4.3493657590180843e-10,4.3493619906455336e-10,6.855716199035727e-13,8.656945730954141e-07,8.656944975292194e-07,1.1156872004862985e-05,8.656947393801229e-07,4.3493628952355427e-10,4.3493619906531747e-10,8.656946810678588e-07,4.3493644019046357e-10,8.656937750216688e-07,4.349364187744743e-10,4.3493619906906e-10,4.853696372847545e-13,8.656945730954146e-07,2.439233454761563e-16,4.349366920749922e-10,4.349361990673234e-10,2.405871441605936e-16,4.818514334652428e-13,8.656945730954146e-07,4.3493632385184505e-10,4.349361990671853e-10,2.3728794743560334e-16,4.695828063721874e-13,2.3728794743560334e-16,4.349361990671485e-10,4.3493644017234635e-10,8.656945744844935e-07,4.743149877267222e-13,4.349364120984046e-10,4.3493619906804846e-10,4.3493619906764014e-10,4.349364592593583e-10,4.3493628951823173e-10,4.3493637343433196e-10,8.656945730954131e-07,4.349361990699466e-10,8.656945730954127e-07,4.784563632795269e-13,4.349361990644036e-10,8.656937750216706e-07,4.34936289506891e-10,6.188936991986988e-13,8.656946810678573e-07,8.656948486144551e-07,4.34936390852369e-10,2.4746317655597504e-16,6.96361332773068e-13,8.65694573095415e-07,4.750509754869037e-13,5.571935567571669e-13,5.171535755797699e-13,6.827418267991877e-13
1.0000163437401253,2.8643737763369637e-10,1.0000046569485181,1.000005299255922,1.0000055436293762,1.0000046569485177,4.0791710027669706e-10,1.00000529925592,1.000005210590944,8.656947393801229e-07,1.0000166528213936,1.0000048699968804,1.0000046569485184,1.0000054272398944,1.0000052236581485,1.000004356641823,1.0000051742331455,1.0000046569485184,2.8829529417026765e-10,1.00000529925592,2.8832053113001167e-10,1.0000058172475008,1.0000046569485177,2.847742940805757e-10,2.8642659539510793e-10,1.0000052992559205,1.0000049522512466,1.0000046569485175,2.81467801202693e-10,2.796818123800566e-10,2.8146780132506645e-10,1.0000046569485168,1.0000052236581463,1.0000053015913026,2.8224634564344166e-10,1.0000051593762358,1.000004656948518,1.0000046569485175,1.00000526975603,1.0000048699968798,1.000005066838794,1.0000052992559196,1.0000046569485186,1.0000052992559194,2.8451801291264055e-10,1.000004656948519,1.0000043566418244,1.0000048699968804,7.322238749160997e-07,1.0000054272398933,1.0000056246159956,1.000005108564392,2.9273671628635613e-10,4.139985066273224e-10,1.0000052992559216,2.8261363677704455e-10,3.3132133899576057e-10,3.0774286984795126e-10,4.063378247534514e-10
1.000015717784771,2.864372020607605e-10,1.0000040309945688,1.0000046733015773,1.000004917674883,1.0000040309945673,4.079168503262432e-10,1.0000046733015766,1.0000045846366548,4.3493628952355427e-10,1.0000048699968804,1.0000154009128694,1.0000040309945684,1.0000048012854712,1.0000045977038505,1.0000037306880596,1.0000045482788782,1.000004030994569,2.8829511723183693e-10,1.0000046733015764,2.8832035417580993e-10,1.000005191292838,1.0000040309945677,2.847741194239857e-10,2.8642641966988255e-10,1.0000046733015768,1.000004326297116,1.0000040309945688,2.814676287763123e-10,2.796816411480711e-10,2.814676288728272e-10,1.0000040309945688,1.0000045977038494,1.0000046756369572,2.8224617270369446e-10,1.0000045334219771,1.0000040309945681,1.0000040309945684,1.000004643801705,1.0000042440428,1.000004440884591,1.0000046733015766,1.000004030994569,1.0000046733015764,2.845178386005817e-10,1.000004030994569,1.0000037306880591,1.0000042440428,7.322234258822842e-07,1.0000048012854705,1.0000049986614532,1.000004482610166,2.9273653685998833e-10,4.1399825302899393e-10,1.0000046733015768,2.826134633922931e-10,3.313211356569722e-10,3.0774268129225253e-10,4.063375758799737e-10
1.000015504736099,2.864371423308377e-10,1.0000038179463826,1.000004460253256,1.0000047046265106,1.0000038179463808,4.079167653498625e-10,1.0000044602532547,1.000004371588352,4.3493619906531747e-10,1.0000046569485184,1.0000040309945684,1.000014974816462,1.0000045882371238,1.0000043846555446,1.000003517639935,1.0000043352305839,1.0000038179463822,2.8829505707444254e-10,1.0000044602532545,2.883202940709154e-10,1.0000049782444087,1.0000038179463808,2.8477406006569544e-10,2.864263599230221e-10,1.0000044602532552,1.0000041132488677,1.0000038179463808,2.814675701345457e-10,2.7968158297570064e-10,2.8146757023496023e-10,1.000003817946381,1.0000043846555435,1.0000044625886362,2.822461139591498e-10,1.0000043203736868,1.000003817946381,1.000003817946381,1.0000044307533889,1.000004030994568,1.0000042278363197,1.0000044602532543,1.000003817946382,1.000004460253254,2.845177792962355e-10,1.0000038179463824,1.0000035176399356,1.0000040309945681,3.678787144639974e-10,1.000004588237123,1.0000047856130627,1.0000042695618843,2.9273647567186394e-10,4.139981666260742e-10,1.000004460253256,2.8261340453539683e-10,3.313210666816208e-10,3.0774261718593244e-10,4.0633749124626056e-10
1.0000162750285837,2.864373581808895e-10,1.0000045882371227,1.000005230544484,1.000005474917922,1.0000045882371236,8.119153466801468e-07,1.0000052305444833,1.0000051418795113,8.656946810678588e-07,1.0000054272398944,1.0000048012854712,1.0000045882371238,1.0000165153985017,1.0000051549467168,1.0000042879304498,1.0000051055217158,1.0000045882371242,2.882952746574554e-10,1.0000052305444833,2.883205116468368e-10,1.0000057485360279,1.0000045882371238,2.8477427481861005e-10,2.8642657600620246e-10,1.0000052305444824,1.0000048835398334,1.0000045882371238,2.8146778221292144e-10,2.7968179346698865e-10,2.8146778231919156e-10,1.0000045882371222,1.0000051549467142,1.000005232879865,2.822463264174942e-10,1.0000050906648075,1.000004588237123,1.0000045882371236,1.000005201044594,1.000004801285471,1.000004998127372,1.0000052305444824,1.0000045882371238,1.0000052305444824,2.845179939005171e-10,1.0000045882371236,1.0000042879304507,1.000004801285472,3.678789917854036e-10,1.0000053585284467,1.0000055559045362,1.0000050398529672,2.9273669654288284e-10,8.240197361414226e-07,1.0000052305444829,2.8261361756512605e-10,6.594596785044713e-07,3.077428490482555e-10,8.08771967697131e-07
1.0000160714465227,2.864373014464157e-10,1.000004384655545,1.0000050269627776,1.0000052713361667,1.0000043846555438,4.0791699162170735e-10,1.0000050269627765,1.0000049382978224,4.3493644019046357e-10,1.0000052236581485,1.0000045977038505,1.0000043846555446,1.0000051549467168,1.0000161082350814,1.0000040843489306,1.0000049019400346,1.0000043846555446,2.882952173012029e-10,1.0000050269627763,2.8832045437393326e-10,1.0000055449542178,1.0000043846555438,2.847742182805135e-10,2.8642651903380907e-10,1.000005026962777,1.0000046799581956,1.0000043846555444,2.8146772634641823e-10,2.796817381189531e-10,2.814677264620535e-10,1.0000043846555442,1.000004951365023,1.0000050292981582,2.8224627061251495e-10,1.0000048870831273,1.0000043846555449,1.000004384655544,1.0000049974628928,1.0000045977038503,1.00000479454571,1.000005026962776,1.0000043846555446,1.0000050269627752,2.845179373168439e-10,1.0000043846555449,1.0000040843489317,1.0000045977038503,3.67878918605238e-10,1.0000051549467153,1.0000053523227646,1.0000048362712988,2.92736638365991e-10,8.240195723987828e-07,1.0000050269627774,2.8261356140534983e-10,3.3132125067539213e-10,3.077427879300788e-10,4.063377167113003e-10
1.0000152044289923,5.701223579687871e-07,1.0000035176399353,1.0000041599466203,1.0000044043198022,1.0000035176399347,8.119144958364832e-07,1.0000041599466187,1.0000040712817415,8.656937750216688e-07,1.000004356641823,1.0000037306880596,1.000003517639935,1.0000042879304498,1.0000040843489306,1.0000143742036591,1.0000040349239836,1.0000035176399353,5.738203379133722e-07,1.0000041599466198,5.738705695085126e-07,1.0000046779376197,1.0000035176399347,5.668121713701678e-07,5.701008967307527e-07,1.0000041599466198,1.0000038129423339,1.0000035176399344,5.602309580811214e-07,5.566761421120266e-07,5.602309583068221e-07,1.0000035176399347,1.0000040843489288,1.0000041622820002,5.617805658971107e-07,1.000004020067091,1.000003517639935,1.0000035176399344,1.0000041304467622,1.000003730688059,1.000003927529751,1.0000041599466183,1.000003517639935,1.0000041599466183,5.663020719208836e-07,1.0000035176399358,1.0000032173335767,1.0000037306880594,7.32223057558823e-07,1.000004287930449,1.0000044853063292,1.0000039692553049,5.826605044431202e-07,8.240188720390092e-07,1.0000041599466203,5.625116184387618e-07,6.594589870700722e-07,6.125286163383327e-07,8.087711203240791e-07
1.0000160220215055,2.8643728704778414e-10,1.0000043352305834,1.0000049775377828,1.0000052219111615,1.0000043352305839,8.119151449271889e-07,1.000004977537782,1.000004888872833,4.349364187744743e-10,1.0000051742331455,1.0000045482788782,1.0000043352305839,1.0000051055217158,1.0000049019400346,1.0000040349239836,1.0000160093851038,1.000004335230584,2.882952029093919e-10,1.0000049775377822,2.8832043993399754e-10,1.000005495529198,1.0000043352305839,2.8477420400105167e-10,2.8642650478004043e-10,1.0000049775377815,1.0000046305332184,1.0000043352305839,2.814677122926458e-10,2.796817238855374e-10,2.8146771237330727e-10,1.0000043352305827,1.0000049019400326,1.000004979873164,2.822462565508094e-10,1.000004837658141,1.0000043352305832,1.0000043352305839,1.0000049480378999,1.000004548278877,1.0000047451207288,1.0000049775377813,1.0000043352305836,1.0000049775377815,2.845179231025518e-10,1.0000043352305847,1.0000040349239843,1.0000045482788777,7.322236434310212e-07,1.0000051055217147,1.000005302897755,1.0000047868463149,2.927366237602759e-10,8.240195312658309e-07,1.0000049775377817,2.826135472550981e-10,6.594595145640094e-07,3.077427726216687e-10,8.087717667605868e-07
1.0000155047361023,2.864371423357341e-10,1.0000038179463824,1.0000044602532567,1.0000047046265104,1.000003817946381,4.07916765351428e-10,1.000004460253255,1.000004371588351,4.3493619906906e-10,1.0000046569485184,1.000004030994569,1.0000038179463822,1.0000045882371242,1.0000043846555446,1.0000035176399353,1.000004335230584,1.0000149748164562,2.8829505707354443e-10,1.000004460253255,2.883202940117236e-10,1.0000049782444091,1.000003817946381,2.847740600391817e-10,2.8642635992432024e-10,1.0000044602532543,1.0000041132488677,1.000003817946381,2.814675701268039e-10,2.7968158297617265e-10,2.814675702379614e-10,1.0000038179463817,1.0000043846555426,1.0000044625886364,2.8224611396747965e-10,1.0000043203736868,1.0000038179463824,1.0000038179463808,1.0000044307533884,1.000004030994568,1.0000042278363193,1.0000044602532545,1.000003817946382,1.0000044602532543,2.8451777929936567e-10,1.0000038179463824,1.0000035176399362,1.0000040309945684,3.6787871449555795e-10,1.000004588237123,1.000004785613063,1.0000042695618838,2.9273647580800034e-10,4.139981666362639e-10,1.0000044602532567,2.826134045246319e-10,3.313210666799498e-10,3.077426171960121e-10,4.0633749122910664e-10
1.0789575677923848e-05,1.6109343896257686e-16,2.8829505703138645e-10,2.88295238650124e-10,2.882953074988573e-10,2.8829505708791876e-10,2.289774385673129e-16,2.88295238650124e-10,2.8829521338156484e-10,4.853696372847545e-13,2.8829529417026765e-10,2.8829511723183693e-10,2.8829505707444254e-10,2.882952746574554e-10,2.882952173012029e-10,5.738203379133722e-07,2.882952029093919e-10,2.8829505707354443e-10,1.1156871594545828e-05,2.882952385844471e-10,1.6164807746801184e-16,2.882953847396702e-10,2.8829505703826787e-10,1.5964852527085353e-16,1.6083060295328562e-16,2.8829523860077614e-10,2.8829514028044854e-10,2.8829505703586377e-10,1.5784861507295375e-16,3.1227091718213425e-13,1.5810489691037879e-16,2.8829505706701663e-10,2.882952173162891e-10,2.8829523905253396e-10,3.1538390032629074e-13,2.8829519880788617e-10,2.882950570678995e-10,2.8829505702914407e-10,2.8829523008710633e-10,2.8829511721811106e-10,2.882951730554518e-10,2.882952384700747e-10,2.8829505705200775e-10,2.8829523859015545e-10,1.6044050120688844e-16,2.8829505706691975e-10,5.738203379133728e-07,2.8829511721600273e-10,2.0732283762874714e-16,2.882952746880615e-10,2.882953305694452e-10,2.882951844814494e-10,1.6489299369969193e-16,2.3197996024304744e-16,2.88295238650124e-10,3.1586389105811175e-13,3.7045946713160645e-13,3.4386907515287296e-13,2.280725877377755e-16
1.0000161470444162,2.8643732257011566e-10,1.000004460253255,1.000005102560536,1.0000053469339423,1.0000044602532543,4.079170217691667e-10,1.000005102560536,1.0000050138955743,8.656945730954146e-07,1.00000529925592,1.0000046733015764,1.0000044602532545,1.0000052305444833,1.0000050269627763,1.0000041599466198,1.0000049775377822,1.000004460253255,2.882952385844471e-10,1.0000162594305921,2.883204756015125e-10,1.0000056205520147,1.0000044602532545,2.847742392345898e-10,2.8642654012517833e-10,1.000005102560536,1.0000047555559268,1.0000044602532547,2.8146774706575526e-10,2.7968175863991665e-10,2.8146774717457283e-10,1.0000044602532543,1.000005026962775,1.0000051048959164,2.822462914509313e-10,1.000004962680876,1.0000044602532554,1.0000044602532547,1.0000050730606496,1.000004673301577,1.0000048701434523,1.0000051025605345,1.0000044602532558,1.000005102560534,2.8451795826517827e-10,1.0000044602532563,1.00000415994662,1.0000046733015775,3.6787894597909464e-10,1.0000052305444824,1.0000054279205468,1.000004911869043,2.9273666001096503e-10,4.1399842719612413e-10,1.0000051025605352,2.82613582277376e-10,3.313212751620279e-10,3.077428106635767e-10,4.063377466807282e-10
1.0789625905576291e-05,1.6048737908914291e-16,2.88320294056594e-10,2.8832047563101803e-10,2.883205445606464e-10,2.88320294050379e-10,2.2939761505776555e-16,2.883204756309457e-10,2.8832045038761935e-10,2.439233454761563e-16,2.8832053113001167e-10,2.8832035417580993e-10,2.883202940709154e-10,2.883205116468368e-10,2.8832045437393326e-10,5.738705695085126e-07,2.8832043993399754e-10,2.883202940117236e-10,1.6164807746801184e-16,2.883204756015125e-10,1.115687159229314e-05,2.883206218210229e-10,2.8832029407222054e-10,1.6230563910006057e-16,1.6029099949442075e-16,2.8832047561160973e-10,2.8832037726939664e-10,2.883202940709161e-10,3.145868558804582e-13,1.5706457120733857e-16,3.14586856039178e-13,2.8832029406178333e-10,2.883204543207919e-10,2.8832047607239757e-10,1.5846279882860948e-16,2.8832043582952207e-10,2.8832029395310715e-10,2.8832029405781855e-10,2.8832046710435135e-10,2.8832035425001744e-10,2.883204100372846e-10,2.883204756015125e-10,2.8832029411741733e-10,2.883204755859976e-10,1.596678707447541e-16,2.8832029405037925e-10,5.738705695085128e-07,2.883203541729141e-10,2.0686087450340968e-16,2.883205116717821e-10,2.8832056761905335e-10,2.8832042148997687e-10,1.6407478264657676e-16,2.324883663913292e-16,2.883204756564805e-10,1.584603362380019e-16,1.8640288033034157e-16,1.7273439042297785e-16,2.282009325514903e-16
1.000016665036762,2.86437467653861e-10,1.000004978244408,1.0000056205520154,1.000005864925546,1.0000049782444074,8.119156562619926e-07,1.0000056205520145,1.000005531887009,4.349366920749922e-10,1.0000058172475008,1.000005191292838,1.0000049782444087,1.0000057485360279,1.0000055449542178,1.0000046779376197,1.000005495529198,1.0000049782444091,2.882953847396702e-10,1.0000056205520147,2.883206218210229e-10,1.0000172954137958,1.0000049782444078,2.8477438350052874e-10,2.8642668542177084e-10,1.0000056205520143,1.000005273547231,1.000004978244408,2.8146788928395707e-10,2.796819001082715e-10,2.814678893646039e-10,1.0000049782444072,1.0000055449542158,1.0000056228873968,2.8224643431855023e-10,1.000005480672283,1.0000049782444078,1.0000049782444078,1.0000055910521133,1.0000051912928374,1.0000053881348125,1.0000056205520125,1.0000049782444091,1.0000056205520134,2.8451810226898726e-10,1.000004978244409,1.0000046779376195,1.0000051912928374,3.6787913222312144e-10,1.0000057485360265,1.0000059459121913,1.0000054298604257,5.826613378195628e-07,4.1399863670388286e-10,1.000005620552015,2.826137253556275e-10,3.313214429058409e-10,3.0774296639331666e-10,8.087722760125823e-07
1.0000155047361001,2.864371423270219e-10,1.0000038179463826,1.0000044602532563,1.00000470462651,1.000003817946381,4.07916765351428e-10,1.0000044602532545,1.0000043715883515,4.349361990673234e-10,1.0000046569485177,1.0000040309945677,1.0000038179463808,1.0000045882371238,1.0000043846555438,1.0000035176399347,1.0000043352305839,1.000003817946381,2.8829505703826787e-10,1.0000044602532545,2.8832029407222054e-10,1.0000049782444078,1.000014974816453,2.8477406003243637e-10,2.864263599191994e-10,1.0000044602532547,1.000004113248867,1.000003817946381,2.8146757009470245e-10,2.7968158298789385e-10,2.814675702379614e-10,1.000003817946381,1.0000043846555433,1.000004462588635,2.822461139621558e-10,1.0000043203736853,1.000003817946381,1.000003817946381,1.0000044307533889,1.000004030994568,1.000004227836319,1.0000044602532536,1.000003817946381,1.000004460253254,2.8451777929994087e-10,1.000003817946382,1.0000035176399347,1.000004030994568,3.67878714453788e-10,1.0000045882371225,1.0000047856130623,1.0000042695618838,2.92736475809629e-10,4.139981666356871e-10,1.000004460253255,2.8261340453882436e-10,3.3132106668270755e-10,3.077426171916016e-10,4.063374912659053e-10
1.0782567509644455e-05,1.5898391571146067e-16,2.8477406009571527e-10,2.8477423926816954e-10,2.8477430722581294e-10,2.8477406000593283e-10,2.2586460913518357e-16,2.847742392005001e-10,2.8477421432224553e-10,2.405871441605936e-16,2.847742940805757e-10,2.847741194239857e-10,2.8477406006569544e-10,2.8477427481861005e-10,2.847742182805135e-10,5.668121713701678e-07,2.8477420400105167e-10,2.847740600391817e-10,1.5964852527085353e-16,2.847742392345898e-10,1.6230563910006057e-16,2.8477438350052874e-10,2.8477406003243637e-10,1.1156871587020899e-05,1.5892217820408925e-16,2.84774239220677e-10,2.847741420995473e-10,2.84774060053237e-10,3.104334600845652e-13,1.5480114000864435e-16,3.104334602469573e-13,2.8477406006531215e-10,2.8477421833567034e-10,2.8477423967526467e-10,1.5635247686688712e-16,2.8477419993353737e-10,2.847740600442779e-10,2.847740600445382e-10,2.8477423081833445e-10,2.847741194700928e-10,2.8477417438518273e-10,2.8477423925986956e-10,2.847740600909173e-10,2.847742392206767e-10,1.5727682582612131e-16,2.8477406005331503e-10,5.668121713701683e-07,2.8477411941508005e-10,2.0427740662536362e-16,2.847742748303179e-10,2.847743299932012e-10,2.847741858241178e-10,3.2314084861104744e-13,2.294065561721626e-16,2.8477423922143554e-10,1.5620714406363295e-16,1.837517843683379e-16,1.7034552242524576e-16,2.2514884096990333e-16
1.0785856241724634e-05,3.180775938589891e-13,2.864263599263305e-10,2.864265401206e-10,2.864266084785218e-10,2.864263599275792e-10,4.5256411847803867e-13,2.8642654015643325e-10,2.8642651514661905e-10,4.818514334652428e-13,2.8642659539510793e-10,2.8642641966988255e-10,2.864263599230221e-10,2.8642657600620246e-10,2.8642651903380907e-10,5.701008967307527e-07,2.8642650478004043e-10,2.8642635992432024e-10,1.6083060295328562e-16,2.8642654012517833e-10,1.6029099949442075e-16,2.8642668542177084e-10,2.864263599191994e-10,1.5892217820408925e-16,1.1156871593115886e-05,2.864265402313123e-10,2.864264425025112e-10,2.864263599252119e-10,1.5655800418766372e-16,3.100124552263138e-13,1.5700318115910038e-16,2.864263599237363e-10,2.8642651905788426e-10,2.8642654050800507e-10,1.5674272014744487e-16,2.8642650062569904e-10,2.8642635990822486e-10,2.8642635992984503e-10,2.8642653151820653e-10,2.8642641962925593e-10,2.8642647505155985e-10,2.864265401241373e-10,2.864263599205877e-10,2.864265400817485e-10,3.1582492509748567e-13,2.8642635993187793e-10,5.701008967307531e-07,2.8642641964292163e-10,2.0522244939098325e-16,2.8642657600620246e-10,2.864266315260471e-10,2.864264863440182e-10,1.6398933896996743e-16,2.311430161604446e-16,2.8642654016374124e-10,1.576828146401752e-16,1.8487416776748348e-16,1.714877880643985e-16,4.507067725965974e-13
1.000016147044416,2.8643732256296567e-10,1.000004460253255,1.000005102560536,1.0000053469339425,1.000004460253255,4.0791702178073285e-10,1.000005102560535,1.0000050138955738,8.656945730954146e-07,1.0000052992559205,1.0000046733015768,1.0000044602532552,1.0000052305444824,1.000005026962777,1.0000041599466198,1.0000049775377815,1.0000044602532543,2.8829523860077614e-10,1.000005102560536,2.8832047561160973e-10,1.0000056205520143,1.0000044602532547,2.84774239220677e-10,2.864265402313123e-10,1.0000162594305915,1.0000047555559264,1.0000044602532545,2.814677470674902e-10,2.796817586512001e-10,2.8146774714212626e-10,1.0000044602532545,1.000005026962775,1.0000051048959167,2.8224629144538867e-10,1.0000049626808754,1.0000044602532543,1.000004460253254,1.0000050730606493,1.0000046733015757,1.0000048701434505,1.0000051025605343,1.000004460253256,1.0000051025605334,2.845179582998254e-10,1.0000044602532556,1.0000041599466187,1.000004673301576,3.67878945833395e-10,1.0000052305444818,1.0000054279205466,1.0000049118690433,2.927366599358821e-10,4.139984272194176e-10,1.0000051025605359,2.8261358220670626e-10,3.3132127503316156e-10,3.077428106632662e-10,4.063377466573142e-10
1.00001580003929,2.8643722488907424e-10,1.000004113248868,1.000004755555929,1.0000049999292517,1.0000041132488673,8.1191496857566e-07,1.0000047555559275,1.000004666890998,4.3493632385184505e-10,1.0000049522512466,1.000004326297116,1.0000041132488677,1.0000048835398334,1.0000046799581956,1.0000038129423339,1.0000046305332184,1.0000041132488677,2.8829514028044854e-10,1.0000047555559268,2.8832037726939664e-10,1.000005273547231,1.000004113248867,2.847741420995473e-10,2.864264425025112e-10,1.0000047555559264,1.0000155654215055,1.0000041132488673,2.8146765116887014e-10,2.796816630120428e-10,2.8146765122044496e-10,1.000004113248868,1.0000046799581936,1.0000047578913085,2.8224619524092234e-10,1.000004615676317,1.0000041132488684,1.000004113248867,1.0000047260560525,1.000004326297115,1.0000045231389236,1.0000047555559268,1.0000041132488684,1.0000047555559266,2.84517861320878e-10,1.0000041132488677,1.0000038129423339,1.000004326297116,7.32223484259329e-07,1.000004883539831,1.000005080915829,1.000004564864502,2.9273656017149175e-10,8.240193521641599e-07,1.0000047555559282,2.8261348591390045e-10,3.313211622443115e-10,3.0774270581822113e-10,8.087715911290285e-07
1.0000155047361017,2.864371423427301e-10,1.0000038179463824,1.000004460253256,1.0000047046265108,1.000003817946381,4.0791676533011247e-10,1.000004460253255,1.000004371588351,4.349361990671853e-10,1.0000046569485175,1.0000040309945688,1.0000038179463808,1.0000045882371238,1.0000043846555444,1.0000035176399344,1.0000043352305839,1.000003817946381,2.8829505703586377e-10,1.0000044602532547,2.883202940709161e-10,1.000004978244408,1.000003817946381,2.84774060053237e-10,2.864263599252119e-10,1.0000044602532545,1.0000041132488673,1.0000149748164564,2.814675701321689e-10,2.7968158295953246e-10,2.8146757021884474e-10,1.000003817946381,1.0000043846555426,1.0000044625886355,2.822461139619477e-10,1.000004320373686,1.0000038179463817,1.0000038179463813,1.0000044307533889,1.000004030994568,1.0000042278363188,1.0000044602532545,1.000003817946381,1.000004460253254,2.8451777929934804e-10,1.0000038179463824,1.000003517639935,1.0000040309945681,3.678787144247372e-10,1.0000045882371225,1.0000047856130623,1.0000042695618838,2.9273647581426473e-10,4.1399816665736773e-10,1.000004460253256,2.826134045330392e-10,3.3132106667656036e-10,3.077426171967883e-10,4.063374912646043e-10
1.0775986292061343e-05,1.5704354491134491e-16,2.8146757011758837e-10,2.8146774704411746e-10,2.8146781423951237e-10,2.8146757014029287e-10,2.2315806943521396e-16,2.8146774709175985e-10,2.814677224656264e-10,2.3728794743560334e-16,2.81467801202693e-10,2.814676287763123e-10,2.814675701345457e-10,2.8146778221292144e-10,2.8146772634641823e-10,5.602309580811214e-07,2.814677122926458e-10,2.814675701268039e-10,1.5784861507295375e-16,2.8146774706575526e-10,3.145868558804582e-13,2.8146788928395707e-10,2.8146757009470245e-10,3.104334600845652e-13,1.5655800418766372e-16,2.814677470674902e-10,2.8146765116887014e-10,2.814675701321689e-10,1.1156871578784752e-05,1.530107747150156e-16,3.065600039222468e-13,2.814675701688592e-10,2.8146772630842355e-10,2.8146774750516234e-10,1.5440053096393957e-16,2.814677082674783e-10,2.814675701177899e-10,2.814675701345457e-10,2.814677387642203e-10,2.814676287421635e-10,2.81467683114309e-10,2.8146774710062356e-10,2.8146757012944807e-10,2.814677470431751e-10,1.559972434065455e-16,2.814675701341806e-10,5.602309580811216e-07,2.8146762876130277e-10,2.0142937308663152e-16,2.8146778221244116e-10,2.8146783674297226e-10,2.814676942823409e-10,3.1911894663317554e-13,2.267834765709566e-16,2.8146774705535806e-10,1.5453321188336642e-16,1.8148212792885686e-16,1.684465660970848e-16,2.2230570549113833e-16
1.0772431484660508e-05,3.1003559991140523e-13,2.7968158298789385e-10,2.7968175863991665e-10,2.7968182532155144e-10,2.796815829883278e-10,4.4109047996117937e-13,2.7968175864940585e-10,2.7968173419365145e-10,4.695828063721874e-13,2.796818123800566e-10,2.796816411480711e-10,2.7968158297570064e-10,2.7968179346698865e-10,2.796817381189531e-10,5.566761421120266e-07,2.796817238855374e-10,2.7968158297617265e-10,3.1227091718213425e-13,2.7968175863991665e-10,1.5706457120733857e-16,2.796819001082715e-10,2.7968158298789385e-10,1.5480114000864435e-16,3.100124552263138e-13,2.796817586512001e-10,2.796816630120428e-10,2.7968158295953246e-10,1.530107747150156e-16,1.1156871573723962e-05,1.530117267188956e-16,2.79681583034072e-10,2.796817380676516e-10,2.7968175925474567e-10,3.0517051898563555e-13,2.796817200841418e-10,2.796815830005333e-10,2.796815829759748e-10,2.7968175037654833e-10,2.7968164114792995e-10,2.796816951172929e-10,2.7968175863271873e-10,2.7968158298789385e-10,2.7968175866151707e-10,3.0783064938125303e-13,2.7968158297597516e-10,5.566761421120272e-07,2.7968164114771716e-10,3.9818219876541237e-13,2.7968179388795637e-10,2.796818477992552e-10,2.7968170607787156e-10,1.5914167730210096e-16,4.4802471676681155e-13,2.7968175863991665e-10,3.05642444018273e-13,3.584883929957006e-13,3.3273265043371704e-13,4.3927220482312103e-13
1.0775986291883518e-05,1.5704354491134491e-16,2.8146757021884474e-10,2.8146774714212626e-10,2.814678143424318e-10,2.814675702617566e-10,2.2337746180511546e-16,2.814677471796973e-10,2.814677225822228e-10,2.3728794743560334e-16,2.8146780132506645e-10,2.814676288728272e-10,2.8146757023496023e-10,2.8146778231919156e-10,2.814677264620535e-10,5.602309583068221e-07,2.8146771237330727e-10,2.814675702379614e-10,1.5810489691037879e-16,2.8146774717457283e-10,3.14586856039178e-13,2.814678893646039e-10,2.814675702379614e-10,3.104334602469573e-13,1.5700318115910038e-16,2.8146774714212626e-10,2.8146765122044496e-10,2.8146757021884474e-10,3.065600039222468e-13,1.530117267188956e-16,1.1156871578784752e-05,2.8146757026479813e-10,2.8146772652223133e-10,2.814677476274064e-10,1.544987490133154e-16,2.8146770838874403e-10,2.81467570248711e-10,2.814675702069825e-10,2.814677388558552e-10,2.8146762886786375e-10,2.814676832630908e-10,2.814677471900941e-10,2.814675702525008e-10,2.8146774717383266e-10,1.5579265363028277e-16,2.814675702302853e-10,5.602309583068218e-07,2.8146762889636896e-10,2.0140558661492085e-16,2.814677823178824e-10,2.814678368696097e-10,2.8146769438581713e-10,3.191189467999042e-13,2.268566308558239e-16,2.814677471226009e-10,1.544948036361775e-16,1.8137454696888995e-16,1.6830577938742006e-16,2.2230590294735854e-16
1.0000155047361001,2.864371423305922e-10,1.0000038179463817,1.0000044602532554,1.000004704626509,1.000003817946381,4.0791676533178104e-10,1.0000044602532543,1.0000043715883515,4.349361990671485e-10,1.0000046569485168,1.0000040309945688,1.000003817946381,1.0000045882371222,1.0000043846555442,1.0000035176399347,1.0000043352305827,1.0000038179463817,2.8829505706701663e-10,1.0000044602532543,2.8832029406178333e-10,1.0000049782444072,1.000003817946381,2.8477406006531215e-10,2.864263599237363e-10,1.0000044602532545,1.000004113248868,1.000003817946381,2.814675701688592e-10,2.79681583034072e-10,2.8146757026479813e-10,1.00001497481646,1.0000043846555424,1.0000044625886355,2.822461139620198e-10,1.0000043203736848,1.0000038179463808,1.0000038179463815,1.0000044307533884,1.000004030994567,1.0000042278363195,1.0000044602532536,1.000003817946381,1.0000044602532536,2.8451777929133405e-10,1.0000038179463824,1.0000035176399347,1.0000040309945673,3.678787144488948e-10,1.0000045882371214,1.0000047856130614,1.0000042695618838,2.9273647580800034e-10,4.139981666411466e-10,1.000004460253254,2.826134045058344e-10,3.313210666806069e-10,3.0774261719700844e-10,4.063374912482539e-10
