0.9999999972216026,-1.413994966683263e-07,-1.4074356602053025e-07,0.9999906586878089,-1.4071846160816466e-07,-1.4064113010263818e-07,-1.4064113053278324e-07,-1.408314453603561e-07,0.9999906113265333,-1.4064112958357133e-07,-1.400934825212193e-07,0.9999902093480383,0.9999904707678883,-1.4077335991837683e-07,0.9999895858719526,-1.4064112958432135e-07,-1.411908389249889e-07,-1.4223017123332728e-07,-1.4064112909402178e-07,-1.411908385390068e-07,0.9999906818261063,0.9999902982491948,-1.4111865485994376e-07,-1.4064113053520377e-07,-1.40714190619212e-07,-1.406819550394405e-07,-1.4105370858347982e-07,0.9999901971323636,0.9999897184212513,0.9999896361749517,-1.4134382920147326e-07,-1.4064113010371436e-07,-1.4069625011590482e-07,0.9999902295611534,-1.400687897667803e-07,0.9999905201131137,-1.4073977496978684e-07,-1.4006878996158853e-07,-1.41340717989559e-07,0.9999895858719586,0.9999889296625895,0.9999905563591677,-1.4259962469995566e-07,0.9999902550346254,0.9999887013436461,0.9999901971323607,0.9999895709165835,-1.4112971057917334e-07,-1.3959421275690208e-07,-1.4064112909406e-07,0.9999908452137469,-1.4105370907202018e-07,0.9999895246549794,0.9999902093480323,-1.4104226250837877e-07,0.9999895540116162,0.9999902093480381,-1.400840858921513e-07,0.9999896506663581,-1.4064112909416853e-07,0.9999902093480337,-1.4064112958349745e-07,-1.4064112792237767e-07,-1.410537074099552e-07,-1.3955426318958586e-07,0.9999895709165842,-1.4018752548504781e-07,-1.400687897889857e-07,0.9999902093480357,-1.4200945058929244e-07,0.9999896200906816,-1.4086273615320412e-07,0.9999901971323643,0.999990209348034,-1.4004770006970513e-07,0.9999904360840375,-1.4064112958313958e-07,-1.4064113005154798e-07,-1.4009348409015693e-07,0.9999896235605378,0.9999902378556774,-1.3957715036814426e-07,0.9999889722213118,0.9999902765413392,0.9999889808232019,-1.407141906181962e-07,0.9999897696306674,0.9999902550346215,-1.4159728333453803e-07,0.9999902256315799,0.9999901574301228,0.9999902256315798,0.9999902550346215,-1.407184616332246e-07,0.9999895709165838,-1.4083812447013903e-07,0.999990225631581,-1.40082580689742e-07,-1.3961034870674532e-07,0.9999902093480345,0.9999902093480384,-1.411908395382961e-07,-1.414602155267194e-07,-1.4089881681021925e-07,0.9999902192429059,0.9999895764055474,-1.3955426318949883e-07,0.9999902550346218,0.9999896472450513,-1.3974156971351454e-07,0.9999902093480358,-1.4350943017853675e-07,-1.4051425927762352e-07,-1.446219457704253e-07,0.9999902093480348,0.9999895826600186,-1.4064113010818725e-07,0.9999903978981357,0.9999903408427526,-1.4012237466216731e-07,0.9999907683343707,-1.4105370906143892e-07,-1.4350942859108313e-07,-1.4011467397202286e-07,0.9999903084604682,0.9999904128320628,0.999990255034624,0.9999902093480373,0.9999897480330406,-1.4064112958347032e-07,-1.4069797227656868e-07,0.9999895817420893,0.9999904630298726
-1.413994966683263e-07,1.923104438359506e-06,-2.30641044419989e-22,-1.7626477813707101e-12,1.071420111745622e-21,-1.0748105775600591e-20,-2.4882492870589753e-20,-3.916282743821329e-21,-1.7626477659671618e-12,-1.0663544923269929e-20,-3.332228184476319e-20,-1.7626470285617103e-12,-1.76264749851748e-12,-5.244353113656311e-21,-3.5186831412684095e-09,1.6656523405306091e-21,-1.593634077711745e-17,-1.830993644134303e-17,6.199357659004609e-21,-1.593633767265849e-17,-1.762647886765878e-12,-1.7626471745875402e-12,-4.832569174797371e-21,-2.4441721169594122e-20,-2.5851313702853778e-20,1.0739238602859618e-21,1.9661994581135207e-22,-1.762646981544057e-12,-3.518683624779243e-09,-3.5186833247618455e-09,-1.6020689328367636e-17,-2.620901689219191e-20,1.0205647338383436e-20,-1.7626470542521327e-12,3.6957152958555315e-20,-1.7626476050127442e-12,-5.870681117289536e-21,-4.1289725871251846e-21,-3.2639270788846264e-21,-3.518683141268432e-09,-1.7626446112426286e-12,-1.7626476282987456e-12,-1.8953465603452952e-17,-1.7626471050909583e-12,-1.7626442927467427e-12,-1.7626469896940154e-12,-3.518683086717297e-09,2.8632488380836097e-20,1.371615158360933e-19,-1.9821370031501746e-20,-1.7626481300622546e-12,-2.5961432277470454e-21,-3.5186829180371296e-09,-1.7626470180571755e-12,-2.7113355399622176e-20,-3.5186830250434706e-09,-1.7626470182628767e-12,-1.1334446050539612e-20,-3.518683377618129e-09,-2.0967552147085463e-20,-1.762647023787193e-12,-2.818595136107779e-20,-1.0672906055695404e-20,1.0529521348326084e-20,-6.690912427230234e-20,-3.51868308671731e-09,-1.0790020496978012e-19,6.752895262026663e-20,-1.7626470153452106e-12,-7.30988695313031e-21,-3.518683266081934e-09,-5.7755251285547884e-21,-1.762646997681449e-12,-1.7626470344213447e-12,-7.431753169214305e-20,-1.7626474501811698e-12,-1.2331925104664145e-20,6.2865662343356554e-21,-6.316710663321013e-20,-3.518683278748032e-09,-1.762647070660173e-12,-4.689775887612943e-21,-1.76264479704286e-12,-1.7626471469882487e-12,-3.5186809342966548e-09,-1.966625768384331e-20,-3.5186838115767476e-09,-1.7626471093073513e-12,-1.7232557863927873e-17,-1.762647061064081e-12,-3.518685226159725e-09,-1.7626470585554934e-12,-1.7626470924862858e-12,-6.651545231345008e-21,-3.5186830867173205e-09,1.7418966427624573e-22,-1.7626470562283946e-12,-7.039627367322777e-20,-1.201937237435695e-19,-1.7626470233425777e-12,-1.7626470187977954e-12,-1.5936341346391258e-17,-4.8901168991034774e-21,-1.1484422432675672e-20,-3.5186854516280897e-09,-3.518683106732537e-09,-6.690912416353605e-20,-1.7626471075781107e-12,-3.5186833651402105e-09,-8.057549199810907e-21,-1.7626470221445914e-12,-2.1795825257632106e-17,1.5387710027137825e-21,-2.4448001236817205e-17,-1.762647032476798e-12,-3.5186831295523577e-09,2.8428425238210523e-22,-1.7626473884252054e-12,-1.7626472638055267e-12,-4.9159307686295464e-21,-1.7626480100578688e-12,1.8392037761277303e-21,-2.179582586633502e-17,-1.9675025819965012e-20,-1.7626472119166008e-12,-1.7626473963232953e-12,-1.7626470675131656e-12,-1.7626470244647264e-12,-3.5186837327937152e-09,-2.864519433335728e-20,-1.0406121053613663e-20,-3.5186831261961485e-09,-1.7626474875629806e-12
-1.4074356602053025e-07,-2.30641044419989e-22,1.923104437680925e-06,-1.4340666982220618e-12,-8.050768783841125e-18,-7.711053859728727e-18,-7.711042335098846e-18,-8.647727815576806e-18,-1.4340666388439306e-12,-7.711042915061102e-18,-1.6865207659637926e-20,-1.4340660104718407e-12,-1.4340664307834113e-12,-8.183786228295812e-18,-1.4340651159421039e-12,-7.711043335587405e-18,-3.2282817787428367e-21,-8.866827451771235e-21,-7.711046586569055e-18,-1.0398640378638339e-20,-1.4340667335863138e-12,-1.434066181135102e-12,-8.825397861014381e-18,-7.711046549538254e-18,-8.062369368699965e-18,-7.868299932536871e-18,-8.658199660671552e-18,-1.4340660464947582e-12,-1.4340653095069004e-12,-1.4340651903315045e-12,-2.736375072985667e-20,-7.711055947744489e-18,-7.825055719314512e-18,-2.862755428942326e-09,3.9289040150741325e-21,-1.4340665001740783e-12,-8.283913834179093e-18,-1.274260158148749e-20,-9.338639653730462e-18,-1.4340651189532915e-12,-2.8627515821650165e-09,-1.434066556097284e-12,-1.7540183252494416e-20,-1.434066114891517e-12,-2.8627509065227883e-09,-1.4340660229344863e-12,-1.4340650899087657e-12,-8.42633974340346e-18,1.342549879446637e-20,-7.711046185056195e-18,-1.4340669642955933e-12,-8.658196829428668e-18,-2.8627533429764554e-09,-1.4340660216638492e-12,-8.690685517523682e-18,-1.434065065865826e-12,-1.4340660089701914e-12,3.211043176568708e-21,-1.4340652038846538e-12,-7.711043010912518e-18,-1.4340660075410188e-12,-7.711038968064784e-18,-7.711036505963952e-18,-8.658195000825241e-18,1.430125799214221e-20,-1.4340650907198712e-12,-2.5797201789904702e-20,-2.1266347902907084e-20,-1.4340660410747956e-12,-9.65649770315318e-18,-1.4340651571746647e-12,-8.544000770684985e-18,-1.4340660371648094e-12,-1.4340660410747956e-12,-1.3714750797703398e-20,-1.4340663732195451e-12,-7.711042403243278e-18,-7.711043067516575e-18,-2.691777113286742e-21,-1.4340651712012187e-12,-1.4340660769957868e-12,-1.8214392115380395e-20,-2.8627517081400776e-09,-1.4340661245507332e-12,-2.8627517336147267e-09,-8.062371070113338e-18,-1.434065376004987e-12,-1.4340661118776503e-12,-1.2434816496052028e-20,-1.4340660584583207e-12,-1.4340659529204224e-12,-1.4340660309856783e-12,-1.434066091036112e-12,-8.050770623855461e-18,-1.4340650853380263e-12,-8.299495368803858e-18,-1.4340660848750951e-12,-3.464356016553716e-20,3.752522241285742e-20,-1.4340660410747956e-12,-1.4340660443658652e-12,-4.429928663247566e-21,-9.40184345006055e-18,-8.439667482018152e-18,-1.4340660491204545e-12,-1.4340651198173132e-12,-1.7656057036275018e-20,-1.4340660938488268e-12,-1.4340652057171602e-12,-1.6991169841562777e-20,-1.4340660223143872e-12,-3.8992044769963513e-20,-1.4828415617609857e-20,-1.2223677258082204e-20,-1.43406605730318e-12,-2.8627535145781924e-09,-7.711054706203374e-18,-1.4340663198159459e-12,-1.4340662164060254e-12,-6.708813760458837e-21,-1.4340668520212905e-12,-8.658195362024467e-18,-5.707216903158642e-21,-2.9481796075245314e-20,-1.4340662062961975e-12,-1.4340663353129111e-12,-1.4340661206359067e-12,-1.434066036514988e-12,-1.4340653538778598e-12,-7.711044212532907e-18,-7.819738977190576e-18,-1.4340651116631357e-12,-1.4340664082235818e-12
0.9999906586878089,-1.7626477813707101e-12,-1.4340666982220618e-12,0.9999890862931251,-1.4214916389460054e-12,-1.382752278734917e-12,-1.382751816887849e-12,-1.4780893879447282e-12,0.9999871158276055,-1.3827517148574237e-12,-1.1084163210280394e-12,0.999986713850569,0.9999869752694717,-1.4489920615651412e-12,0.9999860903767513,-1.3827517874999628e-12,-1.6581227584064865e-12,-4.349357411766634e-09,-1.3827515263994535e-12,-1.6581226711438744e-12,0.9999871863269233,0.9999868027514038,-1.6219620205482976e-12,-1.3827520468357164e-12,-1.4193519497500421e-12,-1.4032035388555967e-12,-1.5894289268633756e-12,0.9999867016349394,0.9999862229255673,0.9999861406795681,-1.7347615187606153e-12,-1.3827522624802428e-12,-1.4103645326269203e-12,0.9999867340636108,-1.0960468255652392e-12,0.9999870246145168,-1.4321679236947316e-12,-1.0960472141627814e-12,-1.7332016445845805e-12,0.9999860903767567,0.9999854341697705,0.9999870608604416,-4.718808984709104e-09,0.999986759536991,0.9999852058516588,0.9999867016349362,0.9999860754214359,-3.2488994745729354e-09,-8.583127102341676e-13,-1.3827517184149272e-12,0.9999873497139703,-1.5894290151882595e-12,0.9999860291600007,0.9999867138505655,-1.5836961277699084e-12,0.9999860585165306,0.9999867138505707,-1.1037087812415713e-12,0.9999861551709178,-1.3827516398791757e-12,0.9999867138505678,-1.3827513817321646e-12,-1.3827514150909633e-12,-1.5894285725000574e-12,-8.382998295606459e-13,0.9999860754214359,-1.1555254494668353e-12,-1.0960471722113196e-12,0.9999867138505698,-4.12863650721612e-09,0.9999861245953592,-1.4937633525694132e-12,0.999986701634939,0.999986713850566,-1.0854815691926485e-12,0.9999869405857472,-1.382751647364651e-12,-1.3827515028943524e-12,-1.1084166638974586e-12,0.9999861280651984,0.9999867423581069,-8.497665724523234e-13,0.9999854767283413,0.9999867810436255,0.9999854853301998,-1.419352100851462e-12,0.9999862741348,0.9999867595369889,-3.716471761568314e-09,0.9999867301340534,0.9999866619328434,0.9999867301340536,0.9999867595369891,-1.4214918165542895e-12,0.9999860754214359,-1.4814347823215152e-12,0.9999867301340536,-1.1029549766290182e-12,-8.663975980412326e-13,0.9999867138505674,0.9999867138505701,-1.6581228682959954e-12,-3.5794059073171885e-09,-1.511837691092319e-12,0.9999867237454025,0.9999860809103789,-8.382999688095313e-13,0.9999867595369886,0.9999861517496257,-9.32129277694104e-13,0.9999867138505687,-5.628609792514283e-09,-1.3191983235559574e-12,-3.376891650067232e-12,0.9999867138505685,0.9999860871648292,-1.382752160965735e-12,0.9999869023999842,0.999986845344808,-1.1228892709316223e-12,0.9999872728348708,-1.5894289517192424e-12,-5.6286096781976465e-09,-1.1190316728714626e-12,0.999986812962641,0.999986917333855,0.9999867595369891,0.9999867138505691,0.9999862525372502,-1.3827518177764908e-12,-1.4112270647675213e-12,0.9999860862469037,0.999986967531483
-1.4071846160816466e-07,1.071420111745622e-21,-8.050768783841125e-18,-1.4214916389460054e-12,1.923104437680925e-06,-7.785666837984776e-18,-7.785655288047944e-18,-8.727622603673994e-18,-1.4214915935954494e-12,-7.785655862289438e-18,-1.3138643107308793e-20,-1.421491009059373e-12,-2.8376532283343136e-09,-8.262008457070089e-18,-1.421490094072279e-12,-7.78565628644631e-18,-3.827592190359723e-21,-9.393928145637482e-21,-7.785659524361042e-18,1.7212127916165082e-20,-1.4214917228441947e-12,-1.4214911360682185e-12,-8.912842773988972e-18,-7.785659515042355e-18,-8.139007211142876e-18,-7.944031061083178e-18,-8.743893892829243e-18,-1.4214909781016294e-12,-1.4214902914009987e-12,-1.4214901631956592e-12,-1.521133337284132e-20,-7.785668925183657e-18,-7.901145020789828e-18,-1.421491037691984e-12,-3.3350460539896034e-20,-1.4214914988765963e-12,-8.361293483604352e-18,-1.587918578133642e-20,-9.432050613771835e-18,-1.421490092999415e-12,-2.8376487063998786e-09,-1.421491514137609e-12,-5.903366641439337e-21,-1.4214910769706732e-12,-2.8376480364817237e-09,-1.4214909842930866e-12,-1.4214900735219279e-12,-8.513936210689414e-18,-1.0601839966019221e-21,-7.78565913240508e-18,-1.4214919458378945e-12,-8.74389106679926e-18,-2.8376504522946265e-09,-1.4214910009411011e-12,-8.776091914396223e-18,-1.421490119329763e-12,-1.421491002116744e-12,1.8879100422380967e-20,-1.4214901986717573e-12,-7.785655954203984e-18,-1.421491002659686e-12,-7.785651897335669e-18,-7.785649436705261e-18,-8.743889215822988e-18,-7.734519123052941e-21,-1.4214900739036534e-12,-2.332342141868664e-21,-4.409515674249706e-20,-1.4214909997688808e-12,-9.767456873794428e-18,-1.421490171080242e-12,-8.6246750010171e-18,-1.421490986797605e-12,-1.4214910060508965e-12,-3.0840674826168747e-20,-1.4214913457825993e-12,-7.785655346581702e-18,-7.78565600289467e-18,-1.3138643107308793e-20,-1.4214901501613343e-12,-1.4214910538090868e-12,1.9595207034176e-20,-2.8376488313079673e-09,-1.421491109906277e-12,-2.837648856566967e-09,-8.139008920708011e-18,-1.4214903625857407e-12,-1.4214910773256446e-12,-9.039412689636539e-21,-1.4214910185650846e-12,-1.4214909340655806e-12,-1.4214910243834589e-12,-1.4214910774917304e-12,-8.12751502349773e-18,-1.4214900705671153e-12,-8.379446128023117e-18,-1.4214910158967346e-12,-4.951588774902338e-21,-3.509540136332582e-20,-1.4214910077520574e-12,-1.4214909997688808e-12,1.7212127916165082e-20,-9.498392258744883e-18,-8.521247485978005e-18,-1.4214910240756754e-12,-1.4214900868953842e-12,7.064554344399163e-21,-1.4214910787337189e-12,-1.4214901845566508e-12,-5.074645571907925e-21,-1.4214910034073979e-12,-1.5166873319320003e-17,3.308094820329243e-20,1.4695606032611443e-20,-1.421491005423765e-12,-1.4214900925914535e-12,-7.785667678108214e-18,-1.4214912790249298e-12,-1.4214912034694264e-12,3.994741765041454e-22,-1.4214918360554115e-12,-8.743889595568856e-18,-1.5166873798594267e-17,5.638464283044169e-21,-1.4214911413061097e-12,-1.4214913105096516e-12,-1.421491076949831e-12,-1.421490995790694e-12,-1.421490332959923e-12,-7.7856571657394e-18,-7.895871374095278e-18,-1.4214901545141933e-12,-2.8376532056282074e-09
-1.4064113010263818e-07,-1.0748105775600591e-20,-7.711053859728727e-18,-1.382752278734917e-12,-7.785666837984776e-18,1.9231044376769654e-06,-7.457299626692703e-18,-8.362572622220595e-18,-1.3827522089271836e-12,-7.457300185810474e-18,9.504106571883488e-21,-1.3827516583556837e-12,-1.3827520034736627e-12,-7.91433676204847e-18,-1.3827507329640791e-12,-7.457300592412185e-18,6.0929525059138725e-22,-9.8094580392913e-21,-7.457303729404021e-18,1.009154037686494e-20,-1.3827523093600913e-12,-1.382751755790196e-12,-8.535305344428104e-18,-7.457303697922371e-18,-7.796851452630017e-18,-7.609319538718235e-18,-8.373588329746862e-18,-1.3827516320952114e-12,-1.382750929935121e-12,-1.3827508143869535e-12,-2.923161777560497e-20,-7.457312774319533e-18,-7.567619419799103e-18,-1.3827516546813052e-12,2.21826445019341e-20,-1.3827520776983834e-12,-8.010887138071996e-18,1.0460425598797487e-21,-9.031814083775123e-18,-1.3827507366680625e-12,-2.7603152992450343e-09,-1.3827521256268819e-12,-5.921551621541523e-21,-1.382751704110962e-12,-2.760314647747738e-09,-1.3827516061026577e-12,-1.3827507161171075e-12,-8.150004554134295e-18,2.4612001804377315e-20,-7.457303343216773e-18,-1.3827525300484937e-12,-8.37358559684751e-18,-2.7603169971318142e-09,-1.3827516375192246e-12,-8.404911315782399e-18,-1.382750699689527e-12,-1.3827516543297803e-12,-3.69518206808087e-21,-1.3827508404380333e-12,-7.457300277744435e-18,-1.3827516617238488e-12,-7.457296371955058e-18,-7.45729399487657e-18,-8.37358382775812e-18,4.9691790578436065e-20,-1.3827507216362272e-12,1.121203834431505e-20,-5.324971383860512e-22,-1.3827516490697866e-12,-9.341468904864204e-18,-1.3827507901306755e-12,-8.262536843706475e-18,-1.3827516145213843e-12,-1.3827516393536656e-12,-1.4838364044845905e-20,-1.3827519561671118e-12,-7.457299691017643e-18,-7.457300331200531e-18,1.2402766320514727e-20,-1.3827507964708143e-12,-1.3827516673585595e-12,2.094595499211818e-21,-2.76031542071827e-09,-1.3827517257045631e-12,-2.7603154452825807e-09,-7.796853096710639e-18,-1.3827509926600533e-12,-1.3827517028998066e-12,-4.703011218003031e-21,-1.3827516531224526e-12,-1.3827515549792277e-12,-1.3827516569993482e-12,-1.3827517028998066e-12,-7.785668615916883e-18,-1.3827507216362272e-12,-8.026333251530026e-18,-1.3827516582921945e-12,-7.728703557249796e-22,4.190507024843514e-20,-1.3827516551485095e-12,-1.3827516584582456e-12,4.444346201000763e-21,-9.093331900468647e-18,-8.161935471454142e-18,-1.3827516445058715e-12,-1.3827507513138334e-12,-1.5455083781480148e-20,-1.3827517165767642e-12,-1.3827508304323292e-12,1.539284240373077e-20,-1.3827516504657391e-12,-3.372235447122115e-20,-2.4093695666328142e-21,-8.444798825038577e-21,-1.382751645916761e-12,-1.3827507345224014e-12,-7.457311574698379e-18,-1.3827519039794902e-12,-1.3827518325439457e-12,-2.3851223178834042e-20,-1.3827524396806213e-12,-8.373584179373063e-18,-1.699274715903825e-20,1.928819827556622e-23,-1.382751755251141e-12,-1.3827519296042406e-12,-1.3827517028998066e-12,-1.3827516617238488e-12,-1.382750974440786e-12,-7.457301439497884e-18,-7.562492368739096e-18,-1.3827507354735294e-12,-1.3827519862263199e-12
-1.4064113053278324e-07,-2.4882492870589753e-20,-7.711042335098846e-18,-1.382751816887849e-12,-7.785655288047944e-18,-7.457299626692703e-18,1.9231044376769654e-06,-8.362560369783953e-18,-1.3827517552112958e-12,-7.457289054164236e-18,-1.9145492866370388e-21,-1.3827512032439003e-12,-1.3827515285892128e-12,-7.914325005463379e-18,-1.382750278445596e-12,-7.457289460765779e-18,3.3862609611632623e-21,-1.1025559668901738e-20,-7.457292597757994e-18,2.6133267299610463e-20,-1.382751844820278e-12,-1.3827513167303904e-12,-8.535292473098519e-18,-7.45729256627655e-18,-7.796839897728557e-18,-7.609308204279449e-18,-8.373575708849515e-18,-1.3827511415748928e-12,-1.3827504721496643e-12,-1.3827503554511289e-12,-1.296489861306716e-20,-7.457301642673425e-18,-7.567608100109993e-18,-1.3827511826820138e-12,-3.84312048028282e-21,-1.3827516198832632e-12,-8.010875347901177e-18,-1.0470788003587183e-20,-9.031800408114333e-18,-1.3827502815604273e-12,-2.760314384362036e-09,-1.3827516712265974e-12,-5.320278116826667e-21,-1.3827512414731269e-12,-2.760313732864954e-09,-1.3827511487422798e-12,-1.382750256166086e-12,-8.149992011810699e-18,-1.3589839815712842e-20,-7.457292211570685e-18,-1.3827520732933878e-12,-8.373572975950077e-18,-2.760316082248207e-09,-1.3827511799530469e-12,-8.404898683562571e-18,-1.382750237735546e-12,-1.3827511828330613e-12,-5.2667678878721594e-21,-1.3827503662494255e-12,-7.457289146098531e-18,-1.3827512115220415e-12,-7.457285240309159e-18,-7.457282863230509e-18,-8.373571206860746e-18,4.2031072144447966e-20,-1.3827502585510457e-12,3.786793887218201e-21,-5.324971383860512e-22,-1.3827512082126013e-12,-9.341453870360537e-18,-1.3827503197189857e-12,-8.262524625411953e-18,-1.3827511582207847e-12,-1.3827511828330613e-12,-2.0135741338407132e-20,-1.3827514974679596e-12,-7.457288559371346e-18,-7.457289199554484e-18,-9.247885867890506e-21,-1.3827503366309477e-12,-1.382751223103311e-12,-1.224142093546589e-21,-2.7603145058352254e-09,-1.3827512765107901e-12,-2.7603145303995163e-09,-7.796841541809048e-18,-1.3827505433358148e-12,-1.3827512543615798e-12,-6.120977918764815e-21,-1.3827511861447185e-12,-1.382751125849096e-12,-1.3827512026084095e-12,-1.3827512368833527e-12,-7.785657065980196e-18,-1.382750256287831e-12,-8.026321289349404e-18,-1.3827512023171868e-12,1.3489105522086779e-20,3.951706929573096e-20,-1.3827511765757201e-12,-1.3827511978788519e-12,2.2768888386405865e-21,-9.093317974524804e-18,-8.161923289853445e-18,-1.3827512032077192e-12,-1.3827502795522048e-12,2.0162109322969855e-20,-1.3827512477324211e-12,-1.382750371126627e-12,8.639847129755734e-21,-1.3827512051073835e-12,-3.394198112485841e-20,-4.9075973878169305e-21,-1.0276240372651242e-20,-1.3827512032439003e-12,-1.3827502798524474e-12,-7.457300443052134e-18,-1.3827514460138323e-12,-1.3827513657965303e-12,-1.0282320111728292e-20,-1.3827519775956605e-12,-8.373571558475853e-18,-5.1506192850051073e-20,-3.701460192972002e-21,-1.382751307110073e-12,-1.3827514631396301e-12,-1.3827512499842772e-12,-1.3827512178056461e-12,-1.3827505154603653e-12,-7.457290307851732e-18,-7.56248105082268e-18,-1.382750273978239e-12,-1.3827515427014446e-12
-1.408314453603561e-07,-3.916282743821329e-21,-8.647727815576806e-18,-1.4780893879447282e-12,-8.727622603673994e-18,-8.362572622220595e-18,-8.362560369783953e-18,1.9231044377076102e-06,-1.4780893212243812e-12,-8.362560966875747e-18,-2.238181367586691e-20,-1.4780887116983159e-12,-1.4780890995205577e-12,-8.872433094433527e-18,-2.9506337571124618e-09,-8.362561421561925e-18,-3.2192734745195757e-21,-1.4005015699046107e-20,-8.362564819398863e-18,-5.8096347250363776e-21,-2.950637102713878e-09,-1.478088854941436e-12,-9.577048491677948e-18,-8.362564859508343e-18,-8.73956308139858e-18,-8.531928461587404e-18,-9.395336119487602e-18,-1.4780886908821707e-12,-1.4780879531914838e-12,-1.4780878328996362e-12,-5.7209771757694264e-21,-8.362574826673103e-18,-8.487295170697846e-18,-1.478088739034275e-12,-3.22753009522037e-20,-1.4780891873363856e-12,-8.97573953412227e-18,-1.8924204676665387e-20,-1.01365707599176e-17,-2.9506337571124663e-09,-2.9506317538989612e-09,-1.4780892411929757e-12,-6.069368650084397e-22,-1.4780887707782387e-12,-2.9506310569310573e-09,-1.478088671061059e-12,-1.478087738206198e-12,-9.155978855041038e-18,-1.2475759208846123e-21,-8.362564423472009e-18,-2.950637601518612e-09,-9.39533314369139e-18,-2.9506335702905945e-09,-1.4780887157083417e-12,-9.428811709369132e-18,-1.4780877097181699e-12,-1.4780887139697708e-12,-1.884349994895376e-20,-1.478087866092152e-12,-8.36256105654318e-18,-1.4780887106400344e-12,-8.362556743458685e-18,-8.362554145835529e-18,-9.395331146765701e-18,-1.391387843966218e-20,-1.478087742168174e-12,3.5010715450035314e-21,-4.272949011130885e-20,-1.4780886966228002e-12,-1.052349332440117e-17,-1.4780877847129754e-12,-9.260072265719898e-18,-1.4780886709092478e-12,-1.478088722413875e-12,-1.9281762027678908e-21,-1.4780890527032493e-12,-8.362560414834435e-18,-8.362561094731266e-18,-2.429405706873532e-20,-1.478087818377545e-12,-1.4780887556640442e-12,-1.602232535895111e-20,-2.950631883851116e-09,-1.478088834945453e-12,-2.9506319101303577e-09,-8.73956490310625e-18,-1.4780880411318888e-12,-1.4780887672070152e-12,-2.295034394140181e-21,-1.478088724519708e-12,-1.4780886075444155e-12,-1.4780887270268838e-12,-1.4780887734803934e-12,-8.727624571994744e-18,-1.4780877309016708e-12,-8.999694198650836e-18,-1.4780887319490796e-12,1.014253520526002e-20,-2.3917943059093906e-20,-1.4780886932749656e-12,-1.4780887158670388e-12,-5.146668717667063e-21,-1.021248283942223e-17,-9.152508578161127e-18,-1.4780887113946741e-12,-2.9506337282101896e-09,2.1309290081180302e-20,-1.4780887710444503e-12,-1.4780878485368554e-12,-5.224293454029771e-20,-1.4780887132849757e-12,-2.0631740094144454e-20,-1.1941216679460659e-17,1.2572996815112095e-21,-1.4780887131552838e-12,-1.478087760621756e-12,-8.362573499377175e-18,-1.4780889925769376e-12,-1.4780889120933646e-12,-2.898851304161047e-21,-1.4780895615115807e-12,-9.395331581247742e-18,-2.6318874824096597e-20,-2.898104962391303e-22,-1.4780888504083354e-12,-1.4780889757443168e-12,-1.4780887809756064e-12,-1.4780887136622825e-12,-1.4780880038476555e-12,-8.362562354271837e-18,-8.481804915608994e-18,-1.4780877529810056e-12,-1.4780890986026428e-12
0.9999906113265333,-1.7626477659671618e-12,-1.4340666388439306e-12,0.9999871158276055,-1.4214915935954494e-12,-1.3827522089271836e-12,-1.3827517552112958e-12,-1.4780893212243812e-12,0.9999889915709251,-1.3827516504973592e-12,-1.1084162453729258e-12,0.9999866664894909,0.9999869279083802,-1.4489919331111248e-12,0.9999860430157027,-1.3827517168238236e-12,-1.6581227200378586e-12,-2.178762991065656e-12,-1.3827514575110617e-12,-1.6581225500433465e-12,0.999987138965821,0.9999867553903203,-1.6219620353652676e-12,-1.3827519748594652e-12,-1.4193518814835271e-12,-1.4032034750711399e-12,-1.5894288334353051e-12,0.9999866542738627,0.9999861755645117,0.9999860933185173,-1.7347614123255164e-12,-1.3827521927885802e-12,-1.410364472019315e-12,0.9999866867025322,-1.0960467784553387e-12,0.9999869772534227,-1.4321678224389572e-12,-1.0960471651410875e-12,-1.7332015015319605e-12,0.9999860430157068,0.9999853868087528,0.9999870134993458,-2.3638356664206476e-12,0.9999867121759107,0.9999851584906521,0.9999866542738589,0.9999860280603865,-1.6275006219337116e-12,-8.583126056918445e-13,-1.3827516554509893e-12,0.9999873023528603,-1.5894289792776693e-12,0.999985981798953,0.9999866664894873,-1.5836960222778828e-12,0.9999860111554836,0.9999866664894916,-1.103708768918164e-12,0.9999861078098674,-1.3827515634718902e-12,0.999986666489487,-1.3827513129139515e-12,-1.3827513466787599e-12,-1.5894285444873921e-12,-8.382997867722949e-13,0.9999860280603877,-1.1555253535461897e-12,-1.0960471493073571e-12,0.9999866664894914,-2.0681952016655856e-12,0.9999860772343061,-1.4937632772080326e-12,0.9999866542738629,0.9999866664894876,-1.0854814060577572e-12,0.999986893224654,-1.3827515832012468e-12,-1.3827514370169905e-12,-1.108416548495286e-12,0.9999860807041483,0.9999866949970263,-8.497665914589654e-13,0.9999854293673184,0.9999867336825433,0.9999854379691783,-1.4193520330090347e-12,0.9999862267737426,0.9999867121759075,-1.861725846528347e-12,0.9999866827729736,0.9999866145717645,0.9999866827729743,0.9999867121759085,-1.4214917830352961e-12,0.9999860280603877,-1.4814347384882627e-12,0.9999866827729741,-1.1029549213018682e-12,-8.663975472925076e-13,0.9999866664894892,0.9999866664894921,-1.658122823858316e-12,-1.7930642274662237e-12,-1.5118376006113254e-12,0.9999866763843228,0.9999860335493305,-8.382998731263071e-13,0.9999867121759068,0.9999861043885728,-9.321291682797905e-13,0.9999866664894903,-5.628609517175956e-09,-1.3191983314903112e-12,-6.741122019871669e-09,0.9999866664894903,0.9999860398037799,-1.3827520932951176e-12,0.9999868550388965,0.9999867979837227,-1.1228891859194101e-12,0.9999872254737664,-1.5894288763051838e-12,-5.628609402859314e-09,-2.233867667508511e-09,0.999986765601555,0.9999868699727663,0.9999867121759068,0.9999866664894913,0.9999862051761951,-1.382751751951865e-12,-1.4112269762253684e-12,0.9999860388858522,0.9999869201703915
-1.4064112958357133e-07,-1.0663544923269929e-20,-7.711042915061102e-18,-1.3827517148574237e-12,-7.785655862289438e-18,-7.457300185810474e-18,-7.457289054164236e-18,-8.362560966875747e-18,-1.3827516504973592e-12,1.9231044376769654e-06,-1.3677834517282518e-20,-1.382751094692824e-12,-1.382751436417878e-12,-7.914325591519043e-18,-1.3827501599821446e-12,-7.457290019883866e-18,3.0921947689029646e-20,-7.418197667796597e-21,-7.457293156875998e-18,2.8904441476490574e-20,-1.3827517506321644e-12,-1.3827511774665585e-12,-8.535293129975256e-18,-7.457293125394407e-18,-7.796840471497215e-18,-7.609308771712056e-18,-8.37357635239331e-18,-1.3827510663879447e-12,-1.3827503716242248e-12,-1.382750253838413e-12,5.870566164582228e-22,-7.45730220179153e-18,-7.5676086705311e-18,-1.3827511088765484e-12,3.1930503070168697e-20,-1.3827515177605559e-12,-8.010875926986303e-18,-2.3284848484322976e-21,-9.031801110450717e-18,-1.3827501781191438e-12,-2.760314179845225e-09,-1.3827515695923066e-12,-4.549412116620292e-21,-1.3827511484201464e-12,-2.7603135283482115e-09,-1.3827510297286575e-12,-1.382750157575469e-12,-8.149992671641772e-18,-1.3981343805664308e-20,-7.45729277068874e-18,-1.3827519834499063e-12,-8.373573619494189e-18,-2.760315877731269e-09,-1.3827510537836761e-12,-8.404899325050678e-18,-1.3827501393720358e-12,-1.382751111034909e-12,-4.283116963553816e-21,-1.3827502731306095e-12,-7.45728970521631e-18,-1.3827510913785547e-12,-7.457285799427065e-18,-7.457283422348551e-18,-8.373571850404456e-18,1.8396526069288887e-20,-1.3827501578000842e-12,1.6531419206007522e-20,1.7540036602940105e-21,-1.382751082016601e-12,-9.341454712651415e-18,-1.3827502202043843e-12,-8.262525230562766e-18,-1.3827510297286575e-12,-1.3827511151530136e-12,-6.195140505711027e-21,-1.38275139939378e-12,-7.457289118489387e-18,-7.457289758672203e-18,7.576642917928728e-21,-1.3827502336463199e-12,-1.3827511060792427e-12,1.9093730981519883e-20,-2.760314301318399e-09,-1.3827511506507183e-12,-2.760314325882699e-09,-7.796842115577612e-18,-1.382750432306053e-12,-1.38275114879519e-12,-7.271053165171177e-21,-1.3827511228552856e-12,-1.3827510355452033e-12,-1.3827510931357475e-12,-1.3827511485874647e-12,-7.785657640221607e-18,-1.382750154517568e-12,-8.026321888822511e-18,-1.3827511220116567e-12,1.1466542909393673e-20,1.0239015481693267e-20,-1.382751086453352e-12,-1.3827511151530136e-12,8.606721032786156e-21,-9.09331870231482e-18,-8.161923901649505e-18,-1.382751088097914e-12,-1.3827501900743816e-12,3.105904613540412e-20,-1.3827511454004097e-12,-1.382750269686919e-12,7.46144073337935e-20,-1.3827510935778699e-12,-2.137382102701208e-20,-4.71179063174609e-21,-1.0202538879430069e-20,-1.382751074104991e-12,-1.382750171129292e-12,-7.457301002169946e-18,-1.382751342381514e-12,-1.3827512535243537e-12,1.5588531887625244e-21,-1.382751870996037e-12,-8.373572202019585e-18,-2.776436001129202e-20,-1.7388339452031948e-20,-1.3827512221493343e-12,-1.3827513641282529e-12,-1.3827511561093704e-12,-1.3827510899681153e-12,-1.3827504112139858e-12,-7.457290866969598e-18,-7.562481621632913e-18,-1.3827501636416805e-12,-1.38275143228942e-12
-1.400934825212193e-07,-3.332228184476319e-20,-1.6865207659637926e-20,-1.1084163210280394e-12,-1.3138643107308793e-20,9.504106571883488e-21,-1.9145492866370388e-21,-2.238181367586691e-20,-1.1084162453729258e-12,-1.3677834517282518e-20,1.923104437637638e-06,-1.1084157935219145e-12,-1.1084161051544641e-12,-2.0132767342287632e-20,-1.1084150799625243e-12,-9.132238476224853e-21,4.3245803066620055e-20,2.2165182171373188e-20,4.460497696596188e-21,-4.2196860078370154e-20,-1.1084163438840535e-12,-1.1084159158558848e-12,-1.6950881530791575e-20,-8.207727405002982e-21,1.693477736557001e-20,2.4056758689519068e-21,-2.139609893087349e-21,-1.1084157814964356e-12,-1.1084152246533147e-12,-1.1084151206806616e-12,2.1177579731290012e-21,9.538034788255608e-21,-2.0059640882797105e-20,-1.1084158296366382e-12,-8.51482321136625e-18,-1.1084161429890726e-12,-1.1664048890507235e-20,-8.514831421186102e-18,-4.352212588971396e-21,-1.108415075973352e-12,-1.1084143518638207e-12,-1.108416198469257e-12,-4.099973448360421e-20,-1.1084158704857229e-12,-1.108414029200027e-12,-1.1084157633207609e-12,-1.1084150537578232e-12,3.544097845690805e-21,-1.188782008224455e-19,1.1173192960494027e-20,-1.1084164962205573e-12,-1.7330776211864763e-21,-2.2126742687807843e-09,-1.1084157892855257e-12,-1.964014995892283e-21,-1.1084150354084754e-12,-1.1084157928091574e-12,4.894403558410888e-20,-1.108415146208894e-12,2.4032255855892007e-20,-1.1084158068971849e-12,4.854036909896257e-22,-4.101617304285161e-21,-1.79849103337963e-21,-1.6139118505236672e-19,-1.1084150679259856e-12,-8.453355150361201e-18,-8.51483173890533e-18,-1.108415794864931e-12,-4.779645759108041e-21,-1.1084151060546111e-12,-4.377578943631882e-21,-1.1084158051997186e-12,-1.1084158121123977e-12,-2.6150304766415226e-20,-1.108416055253913e-12,-8.216173557907771e-21,8.89247573795265e-21,-8.454994452404443e-18,-1.1084151078515849e-12,-1.1084157849931221e-12,-6.56511437555695e-20,-1.1084143689756662e-12,-1.1084158475483286e-12,-1.108414373557644e-12,-2.426814835765129e-20,-1.108415288925881e-12,-1.1084158586901033e-12,4.1263174879856676e-20,-1.1084157972462998e-12,-1.1084157193854688e-12,-1.1084158079895114e-12,-1.1084158686503575e-12,-4.1394559246822515e-20,-1.10841504609824e-12,-1.6357438035657183e-20,-1.108415819854846e-12,-8.48109641466551e-18,-9.625227210529377e-18,-1.1084157979052643e-12,-1.1084157947276645e-12,1.2423134167081724e-20,1.3620757218128034e-21,-6.2175602870165334e-21,-1.1084158098743709e-12,-1.108415053219843e-12,-4.06024754383639e-20,-1.1084158712433008e-12,-1.1084151468323198e-12,-1.9146256410179669e-19,-1.1084157918519523e-12,-4.277533981466201e-21,-2.129935569370246e-20,-1.6646010164684865e-20,-1.108415815428729e-12,-1.10841506115116e-12,4.2905861659324124e-21,-1.1084160081457392e-12,-1.1084159649936736e-12,-8.612829935476637e-18,-1.1084164317294875e-12,9.02811393927962e-21,-1.3715801469836736e-20,-8.630256723997985e-18,-1.108415918332151e-12,-1.10841605309951e-12,-1.1084158541661639e-12,-1.1084158136385475e-12,-1.10841525795973e-12,-6.975009291500506e-21,1.0265259349629633e-20,-1.1084150672339339e-12,-1.1084160799994463e-12
0.9999902093480383,-1.7626470285617103e-12,-1.4340660104718407e-12,0.999986713850569,-1.421491009059373e-12,-1.3827516583556837e-12,-1.3827512032439003e-12,-1.4780887116983159e-12,0.9999866664894909,-1.382751094692824e-12,-1.1084157935219145e-12,0.9999881876170517,0.9999865259314191,-1.4489913061029844e-12,0.9999856410390963,-1.3827511691679744e-12,-1.6581220033300609e-12,-2.178762079985002e-12,-1.3827509294308635e-12,-1.6581218620888602e-12,0.9999867369887744,0.9999863534134275,-1.6219612931242807e-12,-1.3827514083277631e-12,-1.4193513012386034e-12,-1.4032029017658222e-12,-1.589428169758223e-12,0.9999862522970103,0.9999857735878526,0.9999856913418912,-1.7347606943223512e-12,-1.3827516632529663e-12,-1.4103638832385501e-12,0.9999862847256666,-1.0960463535391687e-12,0.9999865752764424,-1.4321672305694149e-12,-1.0960466779205298e-12,-1.7332008224713422e-12,0.9999856410391005,0.9999849848324123,0.9999866115223502,-2.36383473124062e-12,0.9999863101990353,0.9999847565144008,0.9999862522970068,0.9999856260837863,-1.6274999588752716e-12,-8.583122755113035e-13,-1.3827510868912225e-12,0.9999869003757489,-1.5894282731738888e-12,0.9999855798223729,0.9999862645126303,-1.5836953727217646e-12,0.9999856091788887,0.9999862645126333,-1.1037082367226586e-12,0.9999857058332362,-1.3827509779708578e-12,0.9999862645126295,-1.3827507606428634e-12,-1.3827507674924197e-12,-1.5894278683474502e-12,-8.382995003965971e-13,0.9999856260837879,-1.1555248813693084e-12,-1.096046655691357e-12,0.9999862645126331,-2.0681944244823077e-12,0.9999856752576864,-1.4937626670715942e-12,0.9999862522970093,0.9999862645126312,-1.0854810778095423e-12,0.9999864912477082,-1.3827510153686166e-12,-1.3827508945151068e-12,-1.1084161417782636e-12,0.9999856787275262,0.9999862930201587,-8.497662733022419e-13,0.9999850273909615,0.9999863317056604,0.9999850359928156,-1.4193514563961953e-12,0.9999858247970617,0.9999863101990325,-1.8617250664662567e-12,0.9999862807961101,0.9999862125949289,0.9999862807961105,0.999986310199034,-1.4214911546239759e-12,0.9999856260837879,-1.4814341011251904e-12,0.9999862807961101,-1.1029544335336532e-12,-8.663971624401004e-13,0.9999862645126321,0.9999862645126334,-1.658122091082557e-12,-1.7930634628527675e-12,-1.5118369951412958e-12,0.9999862744074629,0.9999856315727282,-8.382995820389236e-13,0.9999863101990324,0.9999857024119407,-9.321287930328939e-13,0.9999862645126331,-2.819589276915968e-12,-1.319197696274895e-12,-3.3768900734868615e-12,0.9999862645126331,0.9999856378271752,-1.38275154915091e-12,0.9999864530619639,0.9999863960068114,-1.1228887371880517e-12,0.9999868234966862,-1.5894282064884764e-12,-2.8195892518167646e-12,-1.1190311641114066e-12,0.9999863636246602,0.9999864679958291,0.9999863101990325,0.9999862645126333,0.9999858031995223,-1.3827511977053655e-12,-1.4112264070930218e-12,0.9999856369092487,0.9999865181934342
0.9999904707678883,-1.76264749851748e-12,-1.4340664307834113e-12,0.9999869752694717,-2.8376532283343136e-09,-1.3827520034736627e-12,-1.3827515285892128e-12,-1.4780890995205577e-12,0.9999869279083802,-1.382751436417878e-12,-1.1084161051544641e-12,0.9999865259314191,0.9999887104546861,-1.4489917166930196e-12,0.9999859024577195,-1.3827515070480164e-12,-1.6581224558730692e-12,-2.178762576854416e-12,-1.3827512608196216e-12,-1.6581223248154203e-12,0.9999869984076835,0.999986614832236,-3.2378422764250167e-09,-1.3827517584043355e-12,-1.4193516687870906e-12,-1.4032032714881088e-12,-3.1728979733124463e-09,0.9999865137157925,0.9999860350065108,0.9999859527605249,-1.7347611785301636e-12,-1.3827519808588985e-12,-1.4103642588623251e-12,0.999986546144458,-1.09604663954298e-12,0.9999868366953073,-1.4321676495870289e-12,-1.0960469744306663e-12,-3.4599043294803665e-09,0.9999859024577226,0.9999852462508622,0.9999868729412256,-2.3638353047406697e-12,0.9999865716178321,0.9999850179327916,0.9999865137157877,0.9999858875024045,-1.6275003887077e-12,-8.583125381357999e-13,-1.3827514434120135e-12,0.9999871617946994,-3.172898203825123e-09,0.9999858412409779,0.9999865259314147,-3.1614539239267382e-09,0.9999858705975025,0.9999865259314193,-1.1037085413108178e-12,0.9999859672518733,-1.38275136623356e-12,0.9999865259314165,-1.3827511105631756e-12,-1.3827511397245807e-12,-3.17289736989722e-09,-8.382996580974081e-13,0.9999858875024069,-1.155525207835499e-12,-1.096046979997582e-12,0.999986525931419,-4.128635707264625e-09,0.9999859366763194,-1.4937630696359565e-12,0.9999865137157927,0.9999865259314176,-1.0854813967630819e-12,0.9999867526665511,-1.3827513782006426e-12,-1.3827512275120159e-12,-1.1084164282652617e-12,0.9999859401461572,0.9999865544389511,-8.49766459356933e-13,0.999985288809421,0.9999865931244638,0.9999852974112793,-1.4193518241282553e-12,0.9999860862157319,0.9999865716178288,-1.8617255632671893e-12,0.9999865422148984,0.9999864740137018,0.9999865422148981,0.9999865716178299,-2.8376535307644727e-09,0.9999858875024069,-1.4814345045257192e-12,0.999986542214899,-1.1029547307775696e-12,-8.663973882415872e-13,0.9999865259314187,0.9999865259314193,-1.6581225513178498e-12,-3.57940521262769e-09,-1.511837315682629e-12,0.9999865358262503,0.9999858929913472,-8.382997976786919e-13,0.9999865716178283,0.9999859638305802,-9.321290821028378e-13,0.999986525931419,-5.628608699857215e-09,-2.6334501099438507e-09,-6.741121042048324e-09,0.999986525931419,0.9999858992457967,-1.3827518926920603e-12,0.9999867144807979,0.9999866574256318,-1.1228890551035296e-12,0.9999870849156163,-3.17289805298107e-09,-5.6286085855406046e-09,-1.119031460855995e-12,0.999986625043471,0.9999867294146665,0.9999865716178289,0.9999865259314195,0.999986064618187,-1.3827515461387926e-12,-1.4112267905462422e-12,0.9999858983278705,0.9999867796122858
