1.0000000192304563,1.000012148844453,7.547059383154234e-06,1.0000121488444513,7.547131855464456e-06,7.547899613955753e-06,7.483495709312345e-06,1.000011774553134,7.5475272567525895e-06,7.5469403142534806e-06,7.514986527537816e-06,1.0000121488444513,7.483495709231145e-06,7.4834957116581325e-06,7.483733100495239e-06,1.0000121488444493,7.514024487804142e-06,7.4834957093127745e-06,1.0000121488444527,1.0000121496120271,7.48349571165842e-06,1.0000119934636147,1.000012148844449,1.0000121488444493,7.547059377597061e-06,1.0000121488444493,1.0000121488444527,1.000012152720774,7.547131854573385e-06,7.547059377597207e-06,7.483902799934508e-06,1.0000121488444513,1.0000120971508561,7.514024491861674e-06,7.547527255074292e-06,1.000012148844453,1.0000121488444527,7.547059377583286e-06,7.48349570931234e-06,1.0000121488444491,1.0000121488444493,7.5470593775833106e-06,7.547059377583319e-06,1.0000121488444544,1.000012148844451,7.484863731808173e-06,7.514024491852522e-06,7.54705937758343e-06,1.0000119934636107,7.547635292268576e-06,7.547059377949824e-06,1.0000121488444493,7.547059377583286e-06,7.5478996116101015e-06
1.000012148844453,1.0000122252546753,3.347366238333003e-10,1.0000047325391157,3.3477305084810855e-10,3.3515896768152697e-10,3.027859156253579e-10,1.0000043582486196,3.3497180018133245e-10,3.3467677256535944e-10,3.186149814089393e-10,1.0000047325391155,3.027859156466218e-10,3.02785915953655e-10,3.029052400458921e-10,1.0000047325391155,3.181314091717923e-10,3.0278591563233444e-10,1.0000047325391161,1.0000047333066904,3.027859162048975e-10,1.0000045771586161,1.0000047325391153,1.0000047325391155,3.347366212196082e-10,1.0000047325391155,1.0000047325391155,1.000004736415433,3.347730515769766e-10,3.3473662101567167e-10,3.029905354316081e-10,1.0000047325391155,1.0000046808456329,3.1813140860688525e-10,3.3497180059946615e-10,1.0000047325391157,1.0000047325391155,3.3473662134991266e-10,3.0278591543095143e-10,1.0000047325391146,1.000004732539115,3.3473662067627884e-10,3.3473662098240887e-10,1.0000047325391141,1.000004732539116,3.0347355645022443e-10,3.1813140886538106e-10,3.3473662081945884e-10,1.0000045771586148,3.3502610490784195e-10,3.3473662106233975e-10,1.000004732539115,3.34736621261311e-10,3.351589670488346e-10
7.547059383154234e-06,3.347366238333003e-10,7.492717603424047e-06,3.3473662380357794e-10,4.3187418702165363e-13,2.175010313939271e-16,1.964369413471303e-16,6.659344969764209e-07,2.1736567831127866e-16,4.3173036552569933e-13,2.0683465308291447e-16,3.347366238350148e-10,1.9640512831260661e-16,1.9644747168764155e-16,1.9648536057534597e-16,3.3473662392729097e-10,2.0642213381247369e-16,1.964369413471303e-16,3.3473662392729097e-10,3.347366241955181e-10,1.9644456459949173e-16,6.659346589147185e-07,3.3473662392729097e-10,3.3473662389679897e-10,4.3181928858828177e-13,3.3473662393906645e-10,3.3473662387826837e-10,3.3473662530085576e-10,4.3187418660498533e-13,4.3181928860216027e-13,1.9654765004334526e-16,3.347366238934991e-10,3.3473660473018614e-10,2.065385935634939e-16,2.1736548920021189e-16,3.347366238848435e-10,3.347366237412141e-10,4.3181928865884406e-13,1.9644747168764155e-16,3.347366239093529e-10,3.3473662379299003e-10,4.318192881633041e-13,4.318192887071619e-13,3.3473662379299003e-10,3.347366239269e-10,1.9701197665279862e-16,2.0649655937046748e-16,4.31819288260581e-13,6.659346589147178e-07,4.322953008670817e-13,4.3181928855922206e-13,3.347366237622194e-10,4.318192885863138e-13,2.1742717289025958e-16
1.0000121488444513,1.0000047325391157,3.3473662380357794e-10,1.0000122252546741,3.347730509434319e-10,3.351589674846014e-10,3.027859155714778e-10,1.0000043582486182,3.3497180015896435e-10,3.346767724644665e-10,3.1861498143408577e-10,1.0000047325391135,3.027859157327901e-10,3.027859159056487e-10,3.029052400458921e-10,1.0000047325391135,3.1813140924638675e-10,3.0278591557599677e-10,1.000004732539115,1.0000047333066893,3.0278591618621365e-10,1.0000045771586148,1.0000047325391135,1.0000047325391133,3.347366213135802e-10,1.0000047325391141,1.000004732539114,1.0000047364154312,3.3477305148211577e-10,3.3473662101551905e-10,3.0299053546837366e-10,1.000004732539114,1.0000046808456309,3.181314087734201e-10,3.3497180049747096e-10,1.0000047325391146,1.000004732539114,3.3473662126223384e-10,3.027859154612675e-10,1.0000047325391137,1.000004732539114,3.34736620757983e-10,3.3473662097827793e-10,1.0000047325391137,1.0000047325391144,3.0347355640485305e-10,3.1813140875173745e-10,3.3473662064873853e-10,1.0000045771586141,3.3502610492080087e-10,3.3473662107088204e-10,1.0000047325391135,3.3473662116854286e-10,3.351589670488346e-10
7.547131855464456e-06,3.3477305084810855e-10,4.3187418702165363e-13,3.347730509434319e-10,7.492717603259278e-06,2.175749324148323e-16,1.9630606729386253e-16,6.660069658555738e-07,2.172740596552725e-16,4.317852595896195e-13,4.114361028362216e-13,3.3477305096007567e-10,1.9640375402310403e-16,1.9639545191214731e-16,1.966184948918915e-16,3.3477305076665427e-10,2.064912747693297e-16,1.9640375402310403e-16,3.3477305092514073e-10,3.347730509688435e-10,1.9631843829514962e-16,6.660071278018457e-07,3.347730509421033e-10,3.3477305079079254e-10,4.318741866927287e-13,3.347730507934106e-10,3.347730509421033e-10,3.3477305230858004e-10,4.3192908678991153e-13,4.318741867065557e-13,1.9650237427944915e-16,3.3477305096007567e-10,3.347730316674739e-10,2.0638174175018272e-16,2.1727395653039122e-16,3.347730509092152e-10,3.3477305073720183e-10,4.3187418676330055e-13,1.9639545191214731e-16,3.347730511264065e-10,3.3477305076665427e-10,4.3187418626760504e-13,4.3187418681153345e-13,3.3477305076665427e-10,3.347730511264065e-10,3.918968989513317e-13,2.0642559790898206e-16,4.318741863649097e-13,6.660071278018446e-07,4.323501960695091e-13,4.318741866635929e-13,3.347730510112476e-10,4.3187418669078603e-13,2.17350756830414e-16
7.547899613955753e-06,3.3515896768152697e-10,2.175010313939271e-16,3.351589674846014e-10,2.175749324148323e-16,7.492717603379019e-06,3.9145359676436234e-13,6.667747196581792e-07,4.330832987607219e-13,2.1747773175369873e-16,4.1212783848088984e-13,3.3515896758803767e-10,3.9145359653522564e-13,3.9145359723765344e-13,3.9164894122337636e-13,3.3515896740734555e-10,4.1131008415039223e-13,3.9145359697273057e-13,3.3515896759297594e-10,6.667749968422124e-07,3.914535970800035e-13,3.3515891001782756e-10,3.3515896763514943e-10,3.351589676084678e-10,2.1750757716400893e-16,3.351589676571977e-10,3.351589677134176e-10,3.351589691008374e-10,2.1721930717352046e-16,2.176173419460894e-16,3.917849078481889e-13,3.3515896746188213e-10,6.66774958048458e-07,4.11310084250549e-13,4.3308329920463383e-13,3.351589676084678e-10,3.351589674846014e-10,2.1742717289025958e-16,3.9145359681465325e-13,3.3515896746188213e-10,3.3515896746188213e-10,2.1750757716400893e-16,2.1751223978216728e-16,3.351589676084678e-10,3.351589676387249e-10,3.9255554928328713e-13,4.1131008426056285e-13,2.176173419460894e-16,3.3515890973257087e-10,4.330821644619612e-13,2.1758490390758967e-16,3.3515896758803767e-10,2.175010313939271e-16,4.3339200355593114e-13
7.483495709312345e-06,3.027859156253579e-10,1.964369413471303e-16,3.027859155714778e-10,1.9630606729386253e-16,3.9145359676436234e-13,7.492717525856013e-06,6.023708555315524e-07,3.911743429513759e-13,1.963320203634442e-16,3.7224792785086613e-13,3.0278591559209407e-10,3.535729845450484e-13,3.535729851797578e-13,3.537496854722074e-13,3.027859156242404e-10,3.715080905368522e-13,3.535729849412357e-13,3.02785915671425e-10,3.0278591585925025e-10,3.535729850354628e-13,3.0278586349517476e-10,3.0278591560981093e-10,3.0278591559209407e-10,1.9644747168764155e-16,3.0278591559209407e-10,3.0278591544421227e-10,3.0278591687767564e-10,1.9634820179997803e-16,1.964369413471303e-16,3.5387265716552244e-13,3.02785915485007e-10,3.0278589831062554e-10,3.71508090629482e-13,3.911743433515731e-13,3.027859155714778e-10,3.02785915671425e-10,1.963767901756661e-16,3.5357298479874935e-13,3.02785915671425e-10,3.027859156083473e-10,1.9644747168764155e-16,1.9644747168764155e-16,3.027859156083473e-10,3.02785915671425e-10,3.5456964840388566e-13,3.715080906378693e-13,1.9644747168764155e-16,3.027858635666124e-10,1.9659834404473678e-16,1.9644456459949173e-16,3.02785915671425e-10,1.964653177162104e-16,3.9145359627314045e-13
1.000011774553134,1.0000043582486196,6.659344969764209e-07,1.0000043582486182,6.660069658555738e-07,6.667747196581792e-07,6.023708555315524e-07,1.0000114766737966,6.664023636054471e-07,6.658154269102483e-07,6.338616462337046e-07,1.0000043582486187,6.02370855625468e-07,6.023708561389006e-07,6.026082428164934e-07,1.0000043582486189,6.328996138494421e-07,6.023708555646014e-07,1.0000043582486198,1.0000043590161927,6.023708567415763e-07,1.0000042028681535,1.0000043582486187,1.0000043582486187,6.659344915860245e-07,1.0000043582486189,1.0000043582486187,1.0000043621249335,6.660069668299493e-07,6.659344913144616e-07,6.027779319519339e-07,1.0000043582486184,1.0000043065551467,6.328996129041552e-07,6.66402364290711e-07,1.0000043582486187,1.000004358248619,6.659344916581267e-07,6.023708552844184e-07,1.0000043582486184,1.0000043582486189,6.659344906716515e-07,6.659344912412543e-07,1.0000043582486184,1.0000043582486182,6.037388676547252e-07,6.328996132035438e-07,6.659344907580208e-07,1.0000042028681524,6.665103987060266e-07,6.659344912490344e-07,1.0000043582486189,6.659344917342387e-07,6.66774718549329e-07
7.5475272567525895e-06,3.3497180018133245e-10,2.1736567831127866e-16,3.3497180015896435e-10,2.172740596552725e-16,4.330832987607219e-13,3.911743429513759e-13,6.664023636054471e-07,7.492717603413577e-06,2.1710312469453247e-16,4.1183496791289384e-13,3.349718001438258e-10,3.911743427220801e-13,3.91174343423865e-13,3.913697689845668e-13,3.3497180014701573e-10,4.110167617572459e-13,3.9117434315981307e-13,3.349718001438258e-10,3.3497180051358645e-10,3.9117434326493957e-13,3.349717423120091e-10,3.349718002455167e-10,3.349718001607158e-10,2.1731737632668485e-16,3.3497180018133245e-10,3.349718002547525e-10,6.664026430488389e-07,2.1718421002407977e-16,2.1735890962713924e-16,3.9150577688108404e-13,3.349718001859127e-10,6.664026019836388e-07,4.1101676185881254e-13,4.3277445524383215e-13,3.349718001607158e-10,3.3497180015896435e-10,2.174057941207016e-16,3.911743430021281e-13,3.349718001541138e-10,3.3497180018133245e-10,2.174057941207016e-16,2.1732513648917085e-16,3.3497180015896435e-10,3.3497180018133245e-10,3.922766551380002e-13,4.1101676186834294e-13,2.1732513648917085e-16,3.349717424309614e-10,2.1758587208554565e-16,2.1739719926991764e-16,3.349718002550217e-10,2.1751755055093915e-16,4.3308329821698957e-13
7.5469403142534806e-06,3.3467677256535944e-10,4.3173036552569933e-13,3.346767724644665e-10,4.317852595896195e-13,2.1747773175369873e-16,1.963320203634442e-16,6.658154269102483e-07,2.1710312469453247e-16,7.4927175991647685e-06,2.0674631609947975e-16,3.346767724644665e-10,1.9641239834337645e-16,1.9635939763508243e-16,3.9085869549955875e-13,3.346767725263883e-10,2.0622209101040755e-16,1.964178896228362e-16,3.3467677253208636e-10,3.346767727726784e-10,1.9658583488165887e-16,6.658155888338944e-07,3.3467677253208636e-10,3.3467677253208636e-10,4.317303651995343e-13,3.346767723989534e-10,3.346767724332611e-10,3.34676773926161e-10,4.317852591725787e-13,4.317303652134888e-13,1.9668138036901108e-16,3.3467677253208636e-10,3.3467675337724276e-10,2.0622209101040755e-16,2.1734810775253545e-16,3.3467677253208636e-10,3.346767723896068e-10,4.3173036527008043e-13,1.9641186661937148e-16,3.346767724332611e-10,3.346767723989534e-10,4.3173036477478104e-13,4.317303653185231e-13,3.346767724332611e-10,3.346767723875907e-10,1.9693914468421403e-16,2.0644376511356377e-16,4.3173036487201556e-13,6.658155888338928e-07,4.322063734584236e-13,4.317303651705868e-13,3.3467677255881153e-10,4.3173036519752835e-13,2.1736623798880943e-16
7.514986527537816e-06,3.186149814089393e-10,2.0683465308291447e-16,3.1861498143408577e-10,4.114361028362216e-13,4.1212783848088984e-13,3.7224792785086613e-13,6.338616462337046e-07,4.1183496791289384e-13,2.0674631609947975e-16,7.4927175633212e-06,3.1861498143408577e-10,3.722479276334579e-13,3.722479283019348e-13,3.7243326407532355e-13,3.186149813071753e-10,3.911300217225887e-13,3.7224792804868024e-13,3.1861498127381896e-10,6.338619094651526e-07,3.722479281545326e-13,3.186149265988929e-10,3.1861498128232444e-10,3.186149813279835e-10,2.0675775023393206e-16,3.186149813279835e-10,3.186149813988213e-10,3.1861498268779343e-10,4.114361024524712e-13,2.0675775023393206e-16,3.725622943803571e-13,3.1861498137554455e-10,3.1861496315014104e-10,3.9113002181522896e-13,4.118349683366253e-13,3.1861498137554455e-10,3.1861498129429194e-10,2.0683465308291447e-16,3.7224792789780136e-13,3.1861498128232444e-10,3.1861498129429194e-10,2.0669899022441934e-16,2.068080319087929e-16,3.1861498130520607e-10,3.186149813279835e-10,3.732936160799477e-13,3.9113002182561234e-13,2.068080319087929e-16,3.186149263911915e-10,4.118346225361394e-13,2.0666344351002717e-16,3.186149814244968e-10,2.0682800310813898e-16,4.1212783796065205e-13
1.0000121488444513,1.0000047325391155,3.347366238350148e-10,1.0000047325391135,3.3477305096007567e-10,3.3515896758803767e-10,3.0278591559209407e-10,1.0000043582486187,3.349718001438258e-10,3.346767724644665e-10,3.1861498143408577e-10,1.0000122252546737,3.027859157005272e-10,3.0278591596042984e-10,3.0290524007223425e-10,1.0000047325391135,3.181314092205036e-10,3.027859155492762e-10,1.0000047325391148,1.0000047333066893,3.027859161778297e-10,1.0000045771586148,1.000004732539114,1.0000047325391135,3.347366212151736e-10,1.000004732539114,1.0000047325391133,1.0000047364154305,3.347730514946518e-10,3.3473662104265595e-10,3.0299053538972884e-10,1.0000047325391135,1.0000046808456309,3.1813140872466957e-10,3.349718004907845e-10,1.0000047325391137,1.000004732539114,3.3473662120713027e-10,3.027859154612675e-10,1.0000047325391133,1.000004732539114,3.347366208857319e-10,3.347366209323115e-10,1.0000047325391128,1.000004732539114,3.034735564266535e-10,3.181314088041739e-10,3.3473662064873853e-10,1.0000045771586135,3.350261048301688e-10,3.347366210228944e-10,1.0000047325391135,3.347366212630902e-10,3.351589670695937e-10
7.483495709231145e-06,3.027859156466218e-10,1.9640512831260661e-16,3.027859157327901e-10,1.9640375402310403e-16,3.9145359653522564e-13,3.535729845450484e-13,6.02370855625468e-07,3.911743427220801e-13,1.9641239834337645e-16,3.722479276334579e-13,3.027859157005272e-10,7.492717525856013e-06,3.535729849721812e-13,3.537496852647276e-13,3.027859156498041e-10,3.7150809031895974e-13,3.5357298473365886e-13,3.027859156498041e-10,3.0278591593762447e-10,3.535729848278863e-13,3.02785863512063e-10,3.027859155841037e-10,3.02785915661486e-10,1.964653177162104e-16,3.0278591559716453e-10,3.027859157422973e-10,3.0278591695428316e-10,1.9649597539232545e-16,1.9658821055773113e-16,3.538726569580981e-13,3.027859157926375e-10,3.0278589841583294e-10,3.7150809041158973e-13,3.9117434312227737e-13,3.027859156498041e-10,3.0278591559716453e-10,1.964236728948622e-16,3.535729845911736e-13,3.027859156498041e-10,3.0278591574620526e-10,1.9653018713897022e-16,1.9658821055773113e-16,3.027859156573333e-10,3.0278591561114037e-10,3.5456964819677814e-13,3.7150809041997746e-13,1.964926994320258e-16,3.027858635725086e-10,1.966428613540368e-16,1.9648095697914373e-16,3.027859156472281e-10,1.964826087118278e-16,3.914535960440045e-13
7.4834957116581325e-06,3.02785915953655e-10,1.9644747168764155e-16,3.027859159056487e-10,1.9639545191214731e-16,3.9145359723765344e-13,3.535729851797578e-13,6.023708561389006e-07,3.91174343423865e-13,1.9635939763508243e-16,3.722479283019348e-13,3.0278591596042984e-10,3.535729849721812e-13,7.492717525856013e-06,3.537496858998393e-13,3.027859159108544e-10,3.715080909856748e-13,3.5357298536836867e-13,3.0278591589753413e-10,3.0278591609756574e-10,3.53572985462596e-13,3.0278586385115685e-10,3.027859159328613e-10,3.0278591595874265e-10,1.9644456459949173e-16,3.0278591583791493e-10,3.0278591595874265e-10,3.0278591726285627e-10,1.9634820179997803e-16,1.9640512831260661e-16,3.53872657593479e-13,3.0278591595874265e-10,3.0278589845169096e-10,3.7150809107830463e-13,3.911743438240618e-13,3.027859159056487e-10,3.027859159656489e-10,1.9645001958243644e-16,3.535729852258827e-13,3.027859160382001e-10,3.0278591583791493e-10,1.9643491692199954e-16,1.9644747168764155e-16,3.027859159656489e-10,3.027859159522902e-10,3.5456964883368844e-13,3.7150809108669235e-13,1.9645001958243644e-16,3.027858638123748e-10,1.9659834404473678e-16,1.964826087118278e-16,3.027859160382001e-10,1.964653177162104e-16,3.9145359674643195e-13
7.483733100495239e-06,3.029052400458921e-10,1.9648536057534597e-16,3.029052400458921e-10,1.966184948918915e-16,3.9164894122337636e-13,3.537496854722074e-13,6.026082428164934e-07,3.913697689845668e-13,3.9085869549955875e-13,3.7243326407532355e-13,3.0290524007223425e-10,3.537496852647276e-13,3.537496858998393e-13,7.492717527594008e-06,3.0290523993478863e-10,3.7169369494969095e-13,3.5374968566077845e-13,3.0290524006983197e-10,3.0290524029080913e-10,3.537496857563291e-13,3.0290518786215845e-10,3.029052399823301e-10,3.029052399762001e-10,1.9649408473760563e-16,3.029052399772059e-10,3.029052400633328e-10,3.0290524117802444e-10,1.9654995239613198e-16,1.964433582362872e-16,3.5404928629789683e-13,3.0290524006983197e-10,3.0290522254380904e-10,3.716936950414517e-13,3.9136976938544697e-13,3.0290523992710443e-10,3.029052400458921e-10,1.9654369904480564e-16,3.5374968551804845e-13,3.029052399713843e-10,3.0290524000816694e-10,1.9673327777549746e-16,1.9646978748421579e-16,3.029052400633328e-10,3.0290523997237835e-10,3.5474614114104753e-13,3.7169369505013846e-13,1.9635384455178595e-16,3.0290518790040945e-10,1.967158851556245e-16,1.9648536057534597e-16,3.0290524004906415e-10,1.963873120945458e-16,3.9164894073130876e-13
1.0000121488444493,1.0000047325391155,3.3473662392729097e-10,1.0000047325391135,3.3477305076665427e-10,3.3515896740734555e-10,3.027859156242404e-10,1.0000043582486189,3.3497180014701573e-10,3.346767725263883e-10,3.186149813071753e-10,1.0000047325391135,3.027859156498041e-10,3.027859159108544e-10,3.0290523993478863e-10,1.0000122252546668,3.181314091628447e-10,3.027859155005186e-10,1.0000047325391148,1.0000047333066884,3.027859161802506e-10,1.0000045771586152,1.0000047325391137,1.0000047325391137,3.347366212009799e-10,1.000004732539114,1.0000047325391135,1.0000047364154308,3.3477305144572685e-10,3.3473662091363217e-10,3.0299053541556113e-10,1.0000047325391135,1.0000046808456304,3.18131408745767e-10,3.3497180041444105e-10,1.0000047325391135,1.0000047325391137,3.347366212832878e-10,3.0278591554416335e-10,1.0000047325391135,1.0000047325391135,3.347366208857319e-10,3.3473662118236743e-10,1.0000047325391126,1.000004732539114,3.0347355640406196e-10,3.1813140873876147e-10,3.347366207212204e-10,1.000004577158613,3.350261048668074e-10,3.34736621065601e-10,1.0000047325391137,3.3473662127476247e-10,3.3515896711258935e-10
7.514024487804142e-06,3.181314091717923e-10,2.0642213381247369e-16,3.1813140924638675e-10,2.064912747693297e-16,4.1131008415039223e-13,3.715080905368522e-13,6.328996138494421e-07,4.110167617572459e-13,2.0622209101040755e-16,3.911300217225887e-13,3.181314092205036e-10,3.7150809031895974e-13,3.715080909856748e-13,3.7169369494969095e-13,3.181314091628447e-10,7.492717562185304e-06,3.715080907348899e-13,3.1813140909472257e-10,3.1813140947434274e-10,3.71508090834581e-13,3.1813135442200703e-10,3.181314091917934e-10,3.181314089730889e-10,2.065385935634939e-16,3.181314092772507e-10,3.1813140913266245e-10,3.1813141064401454e-10,2.0633522401116597e-16,2.0649089011070237e-16,3.718228671864831e-13,3.181314089730889e-10,6.328998402453447e-07,3.9035293490120746e-13,4.110167621778662e-13,3.181314092772507e-10,3.181314092906089e-10,2.0649089011070237e-16,3.7150809058511944e-13,3.1813140914874113e-10,3.1813140909472257e-10,2.0648618206937353e-16,2.065237655889061e-16,3.1813140921171295e-10,3.181314091996591e-10,3.7255500170068947e-13,3.9035293491020143e-13,2.065237655889061e-16,3.181313542762391e-10,2.0665499527745836e-16,2.0649089011070237e-16,3.1813140909472257e-10,2.0648618206937353e-16,4.1131008363400075e-13
7.4834957093127745e-06,3.0278591563233444e-10,1.964369413471303e-16,3.0278591557599677e-10,1.9640375402310403e-16,3.9145359697273057e-13,3.535729849412357e-13,6.023708555646014e-07,3.9117434315981307e-13,1.964178896228362e-16,3.7224792804868024e-13,3.027859155492762e-10,3.5357298473365886e-13,3.5357298536836867e-13,3.5374968566077845e-13,3.027859155005186e-10,3.715080907348899e-13,7.492717525856013e-06,3.0278591558108326e-10,3.0278591582372625e-10,3.5357298522407397e-13,3.0278586355802767e-10,3.027859155475696e-10,3.0278591550493105e-10,1.9645001958243644e-16,3.0278591558948773e-10,3.027859155406425e-10,3.0278591694388576e-10,1.9635181018824045e-16,1.9653018713897022e-16,3.538726573540729e-13,3.027859155372545e-10,3.027858981751686e-10,3.7150809082751956e-13,3.9117434356001e-13,3.027859155891932e-10,3.0278591557599677e-10,1.964653177162104e-16,3.535729849873604e-13,3.0278591562200906e-10,3.027859154949174e-10,1.964653177162104e-16,1.964620560336866e-16,3.0278591562200906e-10,3.027859155868979e-10,3.545696485923189e-13,3.715080908359069e-13,1.964620560336866e-16,3.027858635070688e-10,1.966545325797737e-16,1.9646740437519306e-16,3.027859155475696e-10,1.9645365501645325e-16,3.914535964815094e-13
1.0000121488444527,1.0000047325391161,3.3473662392729097e-10,1.000004732539115,3.3477305092514073e-10,3.3515896759297594e-10,3.02785915671425e-10,1.0000043582486198,3.349718001438258e-10,3.3467677253208636e-10,3.1861498127381896e-10,1.0000047325391148,3.027859156498041e-10,3.0278591589753413e-10,3.0290524006983197e-10,1.0000047325391148,3.1813140909472257e-10,3.0278591558108326e-10,1.0000122252546686,1.0000047333066888,3.027859162209959e-10,1.0000045771586148,1.000004732539115,1.0000047325391141,3.347366211976538e-10,1.0000047325391146,1.0000047325391144,1.000004736415432,3.347730513726377e-10,3.3473662101551905e-10,3.029905354827093e-10,1.0000047325391141,1.000004680845632,3.1813140860589817e-10,3.349718005243598e-10,1.000004732539115,1.0000047325391146,3.3473662132407133e-10,3.0278591550605167e-10,1.0000047325391148,1.0000047325391146,3.347366206860469e-10,3.347366209542396e-10,1.0000047325391141,1.000004732539115,3.034735564266535e-10,3.1813140880348897e-10,3.3473662075588634e-10,1.0000045771586143,3.3502610483730195e-10,3.34736620979656e-10,1.0000047325391144,3.3473662123389654e-10,3.351589670287518e-10
1.0000121496120271,1.0000047333066904,3.347366241955181e-10,1.0000047333066893,3.347730509688435e-10,6.667749968422124e-07,3.0278591585925025e-10,1.0000043590161927,3.3497180051358645e-10,3.346767727726784e-10,6.338619094651526e-07,1.0000047333066893,3.0278591593762447e-10,3.0278591609756574e-10,3.0290524029080913e-10,1.0000047333066884,3.1813140947434274e-10,3.0278591582372625e-10,1.0000047333066888,1.000012226789815,3.0278591633152757e-10,1.0000045779261886,1.0000047333066886,1.0000047333066877,3.347366214520625e-10,1.0000047333066884,1.0000047333066882,1.0000047371830054,3.3477305129635793e-10,3.34736621330152e-10,3.0299053570097137e-10,1.0000047333066884,1.0000046816132049,3.1813140894410916e-10,3.3497180088947795e-10,1.0000047333066897,1.0000047333066888,3.347366214917593e-10,3.027859156415137e-10,1.0000047333066882,1.0000047333066884,3.3473662088511346e-10,3.347366212299384e-10,1.000004733306688,1.0000047333066893,3.0347355655440095e-10,3.181314091512331e-10,3.347366210164416e-10,1.000004577926187,3.350261056107893e-10,3.347366212339079e-10,1.000004733306688,3.347366214957769e-10,6.667749957333603e-07
7.48349571165842e-06,3.027859162048975e-10,1.9644456459949173e-16,3.0278591618621365e-10,1.9631843829514962e-16,3.914535970800035e-13,3.535729850354628e-13,6.023708567415763e-07,3.9117434326493957e-13,1.9658583488165887e-16,3.722479281545326e-13,3.027859161778297e-10,3.535729848278863e-13,3.53572985462596e-13,3.537496857563291e-13,3.027859161802506e-10,3.71508090834581e-13,3.5357298522407397e-13,3.027859162209959e-10,3.0278591633152757e-10,7.492717525856013e-06,3.027858641259232e-10,3.0278591618255715e-10,3.0278591629244303e-10,1.963767901756661e-16,3.027859162438205e-10,3.027859162310622e-10,3.0278591750837314e-10,1.966350744504888e-16,1.9658821055773113e-16,3.5387265745045864e-13,3.0278591615890025e-10,3.027858987859281e-10,3.715080909272104e-13,3.9117434366513676e-13,3.02785916162962e-10,3.0278591614576245e-10,1.9650606265097876e-16,3.5357298508158797e-13,3.027859161778297e-10,3.027859162480717e-10,1.964653177162104e-16,1.9653018713897022e-16,3.0278591618255715e-10,3.0278591615890025e-10,3.545696486934509e-13,3.7150809093559825e-13,1.9645524721076884e-16,3.0278586405694207e-10,1.9664818477676376e-16,1.964369413471303e-16,3.027859162209959e-10,1.964926994320258e-16,3.9145359658878235e-13
1.0000119934636147,1.0000045771586161,6.659346589147185e-07,1.0000045771586148,6.660071278018457e-07,3.3515891001782756e-10,3.0278586349517476e-10,1.0000042028681535,3.349717423120091e-10,6.658155888338944e-07,3.186149265988929e-10,1.0000045771586148,3.02785863512063e-10,3.0278586385115685e-10,3.0290518786215845e-10,1.0000045771586152,3.1813135442200703e-10,3.0278586355802767e-10,1.0000045771586148,1.0000045779261886,3.027858641259232e-10,1.0000119144936979,1.0000045771586148,1.0000045771586143,6.659346535243201e-07,1.0000045771586152,1.0000045771586152,1.00000458103493,6.660071287762219e-07,6.659346532527561e-07,3.029904832321645e-10,1.0000045771586148,1.0000045254651362,3.181313539984697e-10,3.3497174308383756e-10,1.0000045771586148,1.0000045771586152,6.659346535964206e-07,3.027858633720769e-10,1.0000045771586141,1.000004577158615,6.659346526099455e-07,6.659346531795485e-07,1.0000045771586132,1.0000045771586148,3.034735042785045e-10,3.181313540789926e-10,6.65934652696315e-07,1.0000044217781285,6.665105606595204e-07,6.659346531873292e-07,1.0000045771586152,6.659346536725332e-07,3.3515890943572935e-10
1.000012148844449,1.0000047325391153,3.3473662392729097e-10,1.0000047325391135,3.347730509421033e-10,3.3515896763514943e-10,3.0278591560981093e-10,1.0000043582486187,3.349718002455167e-10,3.3467677253208636e-10,3.1861498128232444e-10,1.000004732539114,3.027859155841037e-10,3.027859159328613e-10,3.029052399823301e-10,1.0000047325391137,3.181314091917934e-10,3.027859155475696e-10,1.000004732539115,1.0000047333066886,3.0278591618255715e-10,1.0000045771586148,1.0000122252546682,1.0000047325391135,3.347366210527619e-10,1.0000047325391137,1.0000047325391133,1.0000047364154308,3.3477305154567426e-10,3.3473662110832293e-10,3.0299053538972884e-10,1.000004732539114,1.0000046808456307,3.181314088527905e-10,3.3497180047635433e-10,1.000004732539114,1.0000047325391137,3.347366212832878e-10,3.0278591548963684e-10,1.0000047325391135,1.0000047325391135,3.3473662059972374e-10,3.347366210322346e-10,1.0000047325391128,1.0000047325391141,3.0347355645321913e-10,3.181314088320323e-10,3.3473662075999567e-10,1.0000045771586135,3.350261048514677e-10,3.3473662103027647e-10,1.0000047325391133,3.347366213863365e-10,3.351589670491347e-10
1.0000121488444493,1.0000047325391155,3.3473662389679897e-10,1.0000047325391133,3.3477305079079254e-10,3.351589676084678e-10,3.0278591559209407e-10,1.0000043582486187,3.349718001607158e-10,3.3467677253208636e-10,3.186149813279835e-10,1.0000047325391135,3.02785915661486e-10,3.0278591595874265e-10,3.029052399762001e-10,1.0000047325391137,3.181314089730889e-10,3.0278591550493105e-10,1.0000047325391141,1.0000047333066877,3.0278591629244303e-10,1.0000045771586143,1.0000047325391135,1.0000122252546673,3.3473662121463714e-10,1.000004732539114,1.0000047325391135,1.00000473641543,3.3477305136297007e-10,3.3473662104265595e-10,3.0299053533371543e-10,1.0000047325391135,1.00000468084563,3.1813140880498963e-10,3.3497180047608105e-10,1.0000047325391135,1.0000047325391141,3.3473662123018896e-10,3.0278591550605167e-10,1.0000047325391135,1.0000047325391137,3.3473662059972374e-10,3.347366210322163e-10,1.0000047325391122,1.0000047325391141,3.0347355645321913e-10,3.1813140873876147e-10,3.3473662079622975e-10,1.0000045771586132,3.350261048426708e-10,3.347366209727446e-10,1.0000047325391135,3.3473662128765863e-10,3.3515896704617207e-10
7.547059377597061e-06,3.347366212196082e-10,4.3181928858828177e-13,3.347366213135802e-10,4.318741866927287e-13,2.1750757716400893e-16,1.9644747168764155e-16,6.659344915860245e-07,2.1731737632668485e-16,4.317303651995343e-13,2.0675775023393206e-16,3.347366212151736e-10,1.964653177162104e-16,1.9644456459949173e-16,1.9649408473760563e-16,3.347366212009799e-10,2.065385935634939e-16,1.9645001958243644e-16,3.347366211976538e-10,3.347366214520625e-10,1.963767901756661e-16,6.659346535243201e-07,3.347366210527619e-10,3.3473662121463714e-10,7.492717603424047e-06,3.3473662114020174e-10,3.347366213135802e-10,3.3473662260546483e-10,4.3187418627606047e-13,4.3181928827434366e-13,1.9657386496123091e-16,3.3473662103884074e-10,3.3473660189934185e-10,2.0650094356620495e-16,2.1739719926991764e-16,3.3473662117718856e-10,3.3473662116029055e-10,4.3181928833102744e-13,1.964620560336866e-16,3.347366211840236e-10,3.34736621114439e-10,4.318192878354875e-13,4.318192883793456e-13,3.3473662108788355e-10,3.347366212009799e-10,1.9694906196432003e-16,2.0652899572952248e-16,4.318192879327648e-13,6.659346535243195e-07,4.3229530052539716e-13,4.3181928823140544e-13,3.347366211805069e-10,4.3181928825849707e-13,2.1743785008076176e-16
1.0000121488444493,1.0000047325391155,3.3473662393906645e-10,1.0000047325391141,3.347730507934106e-10,3.351589676571977e-10,3.0278591559209407e-10,1.0000043582486189,3.3497180018133245e-10,3.346767723989534e-10,3.186149813279835e-10,1.000004732539114,3.0278591559716453e-10,3.0278591583791493e-10,3.029052399772059e-10,1.000004732539114,3.181314092772507e-10,3.0278591558948773e-10,1.0000047325391146,1.0000047333066884,3.027859162438205e-10,1.0000045771586152,1.0000047325391137,1.000004732539114,3.3473662114020174e-10,1.000012225254668,1.0000047325391137,1.000004736415431,3.347730515769766e-10,3.3473662105467794e-10,3.0299053542377994e-10,1.000004732539114,1.0000046808456313,3.1813140875269714e-10,3.3497180042018204e-10,1.0000047325391141,1.0000047325391141,3.3473662134991266e-10,3.0278591553194935e-10,1.0000047325391133,1.000004732539114,3.347366206931134e-10,3.3473662102854006e-10,1.0000047325391133,1.0000047325391141,3.0347355651069536e-10,3.181314087457697e-10,3.347366207859708e-10,1.0000045771586132,3.3502610486748866e-10,3.3473662102233585e-10,1.000004732539114,3.347366213149363e-10,3.351589670695937e-10
1.0000121488444527,1.0000047325391155,3.3473662387826837e-10,1.000004732539114,3.347730509421033e-10,3.351589677134176e-10,3.0278591544421227e-10,1.0000043582486187,3.349718002547525e-10,3.346767724332611e-10,3.186149813988213e-10,1.0000047325391133,3.027859157422973e-10,3.0278591595874265e-10,3.029052400633328e-10,1.0000047325391135,3.1813140913266245e-10,3.027859155406425e-10,1.0000047325391144,1.0000047333066882,3.027859162310622e-10,1.0000045771586152,1.0000047325391133,1.0000047325391135,3.347366213135802e-10,1.0000047325391137,1.0000122252546677,1.0000047364154305,3.347730515007956e-10,3.3473662114947976e-10,3.0299053541556113e-10,1.0000047325391133,1.0000046808456307,3.18131408745767e-10,3.349718005243598e-10,1.000004732539114,1.0000047325391135,3.347366211786866e-10,3.027859155698529e-10,1.0000047325391133,1.0000047325391137,3.34736620722942e-10,3.347366209323115e-10,1.0000047325391126,1.0000047325391137,3.034735565353935e-10,3.1813140874611976e-10,3.347366207212204e-10,1.0000045771586132,3.3502610473668944e-10,3.34736621065601e-10,1.0000047325391135,3.347366212297027e-10,3.3515896704617207e-10
1.000012152720774,1.000004736415433,3.3473662530085576e-10,1.0000047364154312,3.3477305230858004e-10,3.351589691008374e-10,3.0278591687767564e-10,1.0000043621249335,6.664026430488389e-07,3.34676773926161e-10,3.1861498268779343e-10,1.0000047364154305,3.0278591695428316e-10,3.0278591726285627e-10,3.0290524117802444e-10,1.0000047364154308,3.1813141064401454e-10,3.0278591694388576e-10,1.000004736415432,1.0000047371830054,3.0278591750837314e-10,1.00000458103493,1.0000047364154308,1.00000473641543,3.3473662260546483e-10,1.000004736415431,1.0000047364154305,1.0000122330072965,3.3477305284466794e-10,3.3473662252768457e-10,3.0299053670642316e-10,1.0000047364154308,1.0000046847219484,3.1813140997643816e-10,6.664026437341041e-07,1.000004736415431,1.0000047364154305,3.3473662277599886e-10,3.0278591672180307e-10,1.0000047364154303,1.0000047364154305,3.347366221795251e-10,3.347366224707312e-10,1.00000473641543,1.0000047364154308,3.034735576722521e-10,3.1813141008808454e-10,3.3473662222580077e-10,1.0000045810349298,3.35026106392387e-10,3.347366224513449e-10,1.0000047364154305,3.347366226185907e-10,3.3515896860594235e-10
7.547131854573385e-06,3.347730515769766e-10,4.3187418660498533e-13,3.3477305148211577e-10,4.3192908678991153e-13,2.1721930717352046e-16,1.9634820179997803e-16,6.660069668299493e-07,2.1718421002407977e-16,4.317852591725787e-13,4.114361024524712e-13,3.347730514946518e-10,1.9649597539232545e-16,1.9634820179997803e-16,1.9654995239613198e-16,3.3477305144572685e-10,2.0633522401116597e-16,1.9635181018824045e-16,3.347730513726377e-10,3.3477305129635793e-10,1.966350744504888e-16,6.660071287762219e-07,3.3477305154567426e-10,3.3477305136297007e-10,4.3187418627606047e-13,3.347730515769766e-10,3.347730515007956e-10,3.3477305284466794e-10,7.492717603259278e-06,4.3187418628988747e-13,1.9650237427944915e-16,3.347730513375219e-10,3.3477303215306757e-10,2.0633476018511745e-16,2.17283145161914e-16,3.3477305147499927e-10,3.3477305144572685e-10,4.318741863466334e-13,1.9639545191214731e-16,3.347730514444231e-10,3.347730514042184e-10,4.318741858509369e-13,4.318741863948656e-13,3.347730515769766e-10,3.347730514593986e-10,3.9189689858609737e-13,2.0646437077229538e-16,4.3187418594824113e-13,6.660071287762204e-07,4.3235019565625633e-13,4.318741862469248e-13,3.347730513375219e-10,4.3187418627411773e-13,2.1721930717352046e-16
7.547059377597207e-06,3.3473662101567167e-10,4.3181928860216027e-13,3.3473662101551905e-10,4.318741867065557e-13,2.176173419460894e-16,1.964369413471303e-16,6.659344913144616e-07,2.1735890962713924e-16,4.317303652134888e-13,2.0675775023393206e-16,3.3473662104265595e-10,1.9658821055773113e-16,1.9640512831260661e-16,1.964433582362872e-16,3.3473662091363217e-10,2.0649089011070237e-16,1.9653018713897022e-16,3.3473662101551905e-10,3.34736621330152e-10,1.9658821055773113e-16,6.659346532527561e-07,3.3473662110832293e-10,3.3473662104265595e-10,4.3181928827434366e-13,3.3473662105467794e-10,3.3473662114947976e-10,3.3473662252768457e-10,4.3187418628988747e-13,7.492717603424047e-06,1.9656692259380985e-16,3.3473662109410354e-10,3.3473660183154117e-10,2.0649089011070237e-16,2.1728844431186116e-16,3.3473662101551905e-10,3.3473662101567167e-10,4.318192883449061e-13,1.9643491692199954e-16,3.3473662103226315e-10,3.3473662101567167e-10,4.318192878493663e-13,4.3181928839322346e-13,3.3473662118202663e-10,3.3473662109410354e-10,1.9702103474695095e-16,2.0650094356620495e-16,4.3181928794664276e-13,6.659346532527552e-07,4.322953005386247e-13,4.3181928824528333e-13,3.3473662104007996e-10,4.3181928827237577e-13,2.1771135336977786e-16
7.483902799934508e-06,3.029905354316081e-10,1.9654765004334526e-16,3.0299053546837366e-10,1.9650237427944915e-16,3.917849078481889e-13,3.5387265716552244e-13,6.027779319519339e-07,3.9150577688108404e-13,1.9668138036901108e-16,3.725622943803571e-13,3.0299053538972884e-10,3.538726569580981e-13,3.53872657593479e-13,3.5404928629789683e-13,3.0299053541556113e-10,3.718228671864831e-13,3.538726573540729e-13,3.029905354827093e-10,3.0299053570097137e-10,3.5387265745045864e-13,3.029904832321645e-10,3.0299053538972884e-10,3.0299053533371543e-10,1.9657386496123091e-16,3.0299053542377994e-10,3.0299053541556113e-10,3.0299053670642316e-10,1.9650237427944915e-16,1.9656692259380985e-16,7.49271752296572e-06,3.0299053546837366e-10,3.0299051823866534e-10,3.718228672776985e-13,3.9150577728240285e-13,3.0299053543200946e-10,3.029905354197284e-10,1.9664731547661624e-16,3.538726572111859e-13,3.0299053543200946e-10,3.0299053546837366e-10,1.9656692259380985e-16,1.9657386496123091e-16,3.029905354316081e-10,3.0299053546837366e-10,3.5486901757975614e-13,3.7182286728657297e-13,1.9656692259380985e-16,3.0299048314064067e-10,3.9150468473661407e-13,1.9664731547661624e-16,3.0299053533371543e-10,1.9666506965814348e-16,3.9178490735557437e-13
1.0000121488444513,1.0000047325391155,3.347366238934991e-10,1.000004732539114,3.3477305096007567e-10,3.3515896746188213e-10,3.02785915485007e-10,1.0000043582486184,3.349718001859127e-10,3.3467677253208636e-10,3.1861498137554455e-10,1.0000047325391135,3.027859157926375e-10,3.0278591595874265e-10,3.0290524006983197e-10,1.0000047325391135,3.181314089730889e-10,3.027859155372545e-10,1.0000047325391141,1.0000047333066884,3.0278591615890025e-10,1.0000045771586148,1.000004732539114,1.0000047325391135,3.3473662103884074e-10,1.000004732539114,1.0000047325391133,1.0000047364154308,3.347730513375219e-10,3.3473662109410354e-10,3.0299053546837366e-10,1.000012225254673,1.0000046808456313,3.181314088483164e-10,3.349718004813416e-10,1.000004732539114,1.0000047325391137,3.347366212875665e-10,3.0278591549915407e-10,1.0000047325391137,1.0000047325391133,3.3473662072474744e-10,3.347366210604038e-10,1.0000047325391128,1.0000047325391141,3.0347355639899703e-10,3.1813140884205415e-10,3.3473662081945884e-10,1.0000045771586135,3.3502610474102567e-10,3.347366209727446e-10,1.0000047325391135,3.347366212435104e-10,3.3515896698463516e-10
1.0000120971508561,1.0000046808456329,3.3473660473018614e-10,1.0000046808456309,3.347730316674739e-10,6.66774958048458e-07,3.0278589831062554e-10,1.0000043065551467,6.664026019836388e-07,3.3467675337724276e-10,3.1861496315014104e-10,1.0000046808456309,3.0278589841583294e-10,3.0278589845169096e-10,3.0290522254380904e-10,1.0000046808456304,6.328998402453447e-07,3.027858981751686e-10,1.000004680845632,1.0000046816132049,3.027858987859281e-10,1.0000045254651362,1.0000046808456307,1.00000468084563,3.3473660189934185e-10,1.0000046808456313,1.0000046808456307,1.0000046847219484,3.3477303215306757e-10,3.3473660183154117e-10,3.0299051823866534e-10,1.0000046808456313,1.0000121218677103,6.328998393000578e-07,6.664026026689027e-07,1.0000046808456309,1.0000046808456307,3.347366020774488e-10,3.0278589812516943e-10,1.0000046808456307,1.0000046808456309,3.3473660144204436e-10,3.347366018348894e-10,1.0000046808456302,1.0000046808456315,3.034735390554888e-10,6.328998395994471e-07,3.347366015520139e-10,1.0000045254651353,3.350260854932702e-10,3.3473660184575373e-10,1.0000046808456307,3.3473660202326225e-10,6.667749569396068e-07
7.514024491861674e-06,3.1813140860688525e-10,2.065385935634939e-16,3.181314087734201e-10,2.0638174175018272e-16,4.11310084250549e-13,3.71508090629482e-13,6.328996129041552e-07,4.1101676185881254e-13,2.0622209101040755e-16,3.9113002181522896e-13,3.1813140872466957e-10,3.7150809041158973e-13,3.7150809107830463e-13,3.716936950414517e-13,3.18131408745767e-10,3.9035293490120746e-13,3.7150809082751956e-13,3.1813140860589817e-10,3.1813140894410916e-10,3.715080909272104e-13,3.181313539984697e-10,3.181314088527905e-10,3.1813140880498963e-10,2.0650094356620495e-16,3.1813140875269714e-10,3.18131408745767e-10,3.1813140997643816e-10,2.0633476018511745e-16,2.0649089011070237e-16,3.718228672776985e-13,3.181314088483164e-10,6.328998393000578e-07,7.492717562185304e-06,4.1101676227943277e-13,3.181314088527905e-10,3.18131408745767e-10,2.0649089011070237e-16,3.715080906777496e-13,3.181314088310296e-10,3.1813140879512587e-10,2.064841654589746e-16,2.0656591834314767e-16,3.181314087015016e-10,3.1813140860589817e-10,3.7255500178880395e-13,3.9035293500690094e-13,2.0644252685781873e-16,3.1813135393615e-10,2.0671194421556523e-16,2.0642050349292933e-16,3.1813140860589817e-10,2.0642213381247369e-16,4.1131008373415786e-13
