1.0000000097646002,-4.9887340562937325e-06,-4.94778041321759e-06,0.999987099067483,-4.867248542586936e-06,0.9999875637103693,-4.867248542830824e-06,0.9999875637103673,-4.881679171174575e-06,-4.948447770277645e-06,-4.864495674772811e-06,-4.864495675850866e-06,-4.832268766994515e-06,-4.778789437412382e-06,-4.778789437473864e-06,-4.881679170868579e-06,0.9999875637103677,-4.950286330591664e-06,-4.778789437814099e-06,-4.98873405658097e-06,0.9999875637103669,0.9999875637103645,-4.77878943622303e-06,-4.950286329326864e-06,-4.948447770277645e-06,-4.947780410242992e-06,-4.9290785473956755e-06,0.9999875637103687,0.9999875637103661,-4.867248542865792e-06,-4.8672485432896406e-06,-4.778789437637746e-06,0.9999875637103667,0.9999875637103667
-4.9887340562937325e-06,3.4749732503256612e-06,3.117944491128464e-16,-8.907913245627716e-07,2.7468022433923765e-16,-4.4925556770044645e-10,2.7496970977664854e-16,-4.4925556756265744e-10,2.809798422320329e-16,6.18837627892146e-13,2.7308257282557564e-16,2.731353106361697e-16,2.5831243079151646e-16,2.3369259116529984e-16,2.3369259116529984e-16,2.809002862316178e-16,-4.4925556770044645e-10,3.1280518104745057e-16,2.3358172173545053e-16,6.558044089605381e-13,-4.4925556756265744e-10,-4.492555677413105e-10,2.3369259116529984e-16,3.1280518104745057e-16,6.188376279021612e-13,3.1160359871977935e-16,6.007963249591382e-13,-4.4925556756265744e-10,-4.4925556756265744e-10,2.7496970977664854e-16,2.7496970977664854e-16,2.330811332213896e-16,-4.492555676591844e-10,-4.4925556785784724e-10
-4.94778041321759e-06,3.117944491128464e-16,3.4749731760801055e-06,-8.498387914846449e-07,2.573117255753112e-16,-4.286018448187551e-10,2.5760021221237036e-16,-4.286018451006204e-10,2.639527391432537e-16,2.943230855026874e-16,5.09423309973354e-13,5.094233106982743e-13,2.421763685562335e-16,2.189560859629143e-16,2.1889809500834227e-16,2.6369408888983063e-16,-4.2860184479670485e-10,2.948517427040479e-16,2.1889809500834227e-16,3.1196425277254697e-16,-4.286018448187551e-10,-4.2860184479670485e-10,2.1889809500834227e-16,2.948517427040479e-16,2.937062045428382e-16,5.819384716783478e-13,2.854643206762203e-16,-4.2860184509981645e-10,-4.2860184479670485e-10,2.5760021221237036e-16,2.5760021221237036e-16,2.1889809500834227e-16,-4.2860184509981645e-10,-4.286018448187551e-10
0.999987099067483,-8.907913245627716e-07,-8.498387914846449e-07,0.9999674553730769,-7.693091061278242e-07,0.9999644450281724,-7.693091036560268e-07,0.9999644450281704,-7.837393453928929e-07,-8.505061339659157e-07,-7.665563195235473e-07,-7.665563191663937e-07,-7.343302831342527e-07,-6.808524013395241e-07,-6.808524010944478e-07,-7.837393477206834e-07,0.9999644450281718,-8.523446425138096e-07,-6.808524020580485e-07,-8.907913270227221e-07,0.9999644450281716,0.9999644450281735,-6.808524022301798e-07,-8.52344643499691e-07,-8.505061341306004e-07,-8.498387919056574e-07,-8.311374305710112e-07,0.9999644450281716,0.9999644450281724,-7.693091033187403e-07,-7.69309102644753e-07,-6.808524008864856e-07,0.9999644450281727,0.9999644450281725
-4.867248542586936e-06,2.7468022433923765e-16,2.573117255753112e-16,-7.693091061278242e-07,3.474973040681164e-06,-3.8798804921257376e-10,4.4765406166252415e-13,-3.879880494098079e-10,2.317754231886254e-16,2.5776395060213324e-16,2.250990121243128e-16,2.250990121243128e-16,2.1182774369251405e-16,1.9008994322188983e-16,1.9008994322188983e-16,2.317754231886254e-16,-3.879880494098079e-10,2.5911574455944627e-16,1.9008994322188983e-16,2.747328766582036e-16,-3.879880495868846e-10,-3.8798804959620617e-10,1.9008994322188983e-16,5.133934553375941e-13,2.581508756022662e-16,2.573117255753112e-16,2.496451523503469e-16,-3.879880495868846e-10,-3.879880494098079e-10,2.2573332512407043e-16,2.2573332512407043e-16,1.9039005937408703e-16,-3.879880494098079e-10,-3.87988049578071e-10
0.9999875637103693,-4.4925556770044645e-10,-4.286018448187551e-10,0.9999644450281724,-3.8798804921257376e-10,0.9999683846306368,-3.8798804810291733e-10,0.9999649096570279,-3.952656983185874e-10,-4.289384079664019e-10,-3.8659972768028377e-10,-3.8659972750306064e-10,-3.703470670000934e-10,-3.4337639453964305e-10,-3.433763942773341e-10,-3.9526569940151347e-10,0.9999649096570279,-4.2986562832574705e-10,-3.433763948572427e-10,-4.492555694074907e-10,0.9999649096570296,0.9999649096570293,-3.4337639495005693e-10,-4.2986562927925805e-10,-4.2893840781765184e-10,-4.286018449051278e-10,-4.1917012713401426e-10,0.999964909657029,0.9999649096570288,-3.8798804779116433e-10,-3.8798804731496477e-10,-3.43376394098336e-10,0.9999649096570298,0.999964909657029
-4.867248542830824e-06,2.7496970977664854e-16,2.5760021221237036e-16,-7.693091036560268e-07,4.4765406166252415e-13,-3.8798804810291733e-10,3.474973040681164e-06,-3.8798804815391984e-10,2.3190251394115315e-16,2.5776395060213324e-16,2.2511902499780216e-16,2.25115033914853e-16,2.1182774369251405e-16,1.8990638524103916e-16,1.9039005937408703e-16,2.317429692943254e-16,-3.879880477407718e-10,2.5911574455944627e-16,1.9039005937408703e-16,2.7496970977664854e-16,-3.879880477407718e-10,-3.879880482127392e-10,1.9039005937408703e-16,5.133934556368293e-13,2.581508756022662e-16,2.5781701924530107e-16,2.5019127739073374e-16,-3.8798804810291733e-10,-3.8798804810291733e-10,2.2577300030513063e-16,2.2536548803848417e-16,1.8990638524103916e-16,-3.8798804810291733e-10,-3.879880483205991e-10
0.9999875637103673,-4.4925556756265744e-10,-4.286018451006204e-10,0.9999644450281704,-3.879880494098079e-10,0.9999649096570279,-3.8798804815391984e-10,0.9999683846306326,-3.952656981514597e-10,-4.28938407735576e-10,-3.8659972781714525e-10,-3.865997277552893e-10,-3.7034706717920735e-10,-3.433763943481287e-10,-3.4337639447242527e-10,-3.9526569940151347e-10,0.9999649096570287,-4.298656283262801e-10,-3.4337639475214244e-10,-4.492555691124718e-10,0.9999649096570287,0.999964909657029,-3.433763946617045e-10,-4.2986562940455327e-10,-4.289384076783861e-10,-4.28601845046701e-10,-4.1917012700836356e-10,0.9999649096570288,0.9999649096570292,-3.8798804794326687e-10,-3.8798804777086263e-10,-3.4337639406640723e-10,0.999964909657029,0.9999649096570287
-4.881679171174575e-06,2.809798422320329e-16,2.639527391432537e-16,-7.837393453928929e-07,2.317754231886254e-16,-3.952656983185874e-10,2.3190251394115315e-16,-3.952656981514597e-10,3.4749730613964696e-06,2.645503994574112e-16,2.3073914036919345e-16,2.3049294858414592e-16,2.1738236022624934e-16,1.95203222207687e-16,1.9591242228996164e-16,4.704563489033022e-13,-3.952656980376716e-10,2.648643884228289e-16,1.95203222207687e-16,2.809798422320329e-16,-3.952656981514597e-10,-3.9526569762877076e-10,1.95203222207687e-16,2.648643884228289e-16,2.6468377711725593e-16,2.6361390958601186e-16,5.087756127699285e-13,-3.952656981514597e-10,-3.952656981514597e-10,2.3174296930481455e-16,2.3190251394115315e-16,1.95203222207687e-16,-3.952656980376716e-10,-3.952656981514597e-10
-4.948447770277645e-06,6.18837627892146e-13,2.943230855026874e-16,-8.505061339659157e-07,2.5776395060213324e-16,-4.289384079664019e-10,2.5776395060213324e-16,-4.28938407735576e-10,2.645503994574112e-16,3.474973181612057e-06,2.573216384224823e-16,2.5734414107712123e-16,2.4313209516061064e-16,2.193829592015742e-16,2.193829592015742e-16,2.6468377711725593e-16,-4.289384082146285e-10,2.9491181870093686e-16,2.193829592015742e-16,6.188376295573336e-13,-4.289384081591842e-10,-4.28938407735576e-10,2.1945919869689264e-16,2.9491181870099504e-16,5.834967683700047e-13,2.940152932331486e-16,2.8409700055145003e-16,-4.28938407735576e-10,-4.289384081591842e-10,2.5776395060213324e-16,2.5776395060213324e-16,2.193829592015742e-16,-4.28938407735576e-10,-4.28938407735576e-10
-4.864495674772811e-06,2.7308257282557564e-16,5.09423309973354e-13,-7.665563195235473e-07,2.250990121243128e-16,-3.8659972768028377e-10,2.2511902499780216e-16,-3.8659972781714525e-10,2.3073914036919345e-16,2.573216384224823e-16,3.474973038646467e-06,2.240807597072533e-16,2.1100720117342592e-16,1.89585452230251e-16,1.89585452230251e-16,2.301745213880111e-16,-3.865997278027234e-10,2.579390976827274e-16,1.89585452230251e-16,2.731353106361697e-16,-3.8659972768028377e-10,-3.865997278046765e-10,1.8929159655997513e-16,2.580481956361898e-16,2.5734414107712123e-16,5.094233107414845e-13,2.4942641109632787e-16,-3.8659972781714525e-10,-3.8659972781714525e-10,2.2511902499780216e-16,2.2511902499780216e-16,1.895905010590507e-16,-3.865997278027234e-10,-3.865997278046765e-10
-4.864495675850866e-06,2.731353106361697e-16,5.094233106982743e-13,-7.665563191663937e-07,2.250990121243128e-16,-3.8659972750306064e-10,2.25115033914853e-16,-3.865997277552893e-10,2.3049294858414592e-16,2.5734414107712123e-16,2.240807597072533e-16,3.474973038646467e-06,2.1134623171470917e-16,1.8929159655997513e-16,1.895905010590507e-16,2.3073914036919345e-16,-3.86599727366807e-10,2.580481956361898e-16,1.895905010590507e-16,2.7332745342486547e-16,-3.865997277552893e-10,-3.865997277552893e-10,1.89585452230251e-16,2.579390976827274e-16,2.573216384224823e-16,5.094233114664049e-13,2.4896861989848345e-16,-3.865997277552893e-10,-3.865997277552893e-10,2.2511902499780216e-16,2.2511902499780216e-16,1.89585452230251e-16,-3.86599727724959e-10,-3.86599727724959e-10
-4.832268766994515e-06,2.5831243079151646e-16,2.421763685562335e-16,-7.343302831342527e-07,2.1182774369251405e-16,-3.703470670000934e-10,2.1182774369251405e-16,-3.7034706717920735e-10,2.1738236022624934e-16,2.4313209516061064e-16,2.1100720117342592e-16,2.1134623171470917e-16,3.4749729860710693e-06,1.77571914816107e-16,1.77571914816107e-16,2.1738236022624934e-16,-3.70347066975444e-10,4.828666546891479e-13,1.7845623959148003e-16,2.5827082346804677e-16,-3.7034706716609276e-10,-3.703470668366617e-10,1.7845623959148003e-16,4.828666551653564e-13,2.428450201205148e-16,2.4212064323273824e-16,2.357061085488025e-16,-3.7034706717920735e-10,-3.703470669724136e-10,2.11827743692514e-16,2.11827743692514e-16,1.7774815658956199e-16,-3.7034706717920735e-10,-3.7034706717920735e-10
-4.778789437412382e-06,2.3369259116529984e-16,2.189560859629143e-16,-6.808524013395241e-07,1.9008994322188983e-16,-3.4337639453964305e-10,1.8990638524103916e-16,-3.433763943481287e-10,1.95203222207687e-16,2.193829592015742e-16,1.89585452230251e-16,1.8929159655997513e-16,1.77571914816107e-16,3.4749729051007517e-06,1.5839310061087715e-16,1.95203222207687e-16,-3.433763944022509e-10,2.1946509801683434e-16,1.5836266035058358e-16,2.330811332213896e-16,-3.433763945953986e-10,-3.433763944395369e-10,1.5812701828035034e-16,2.1971457897373038e-16,2.193829592015742e-16,2.189560859629143e-16,2.1247870760739583e-16,-3.433763943481287e-10,-3.4337639453964305e-10,1.8990638524103916e-16,1.8990638524103916e-16,1.5872653018958714e-16,-3.433763945138622e-10,-3.4337639453964305e-10
-4.778789437473864e-06,2.3369259116529984e-16,2.1889809500834227e-16,-6.808524010944478e-07,1.9008994322188983e-16,-3.433763942773341e-10,1.9039005937408703e-16,-3.4337639447242527e-10,1.9591242228996164e-16,2.193829592015742e-16,1.89585452230251e-16,1.895905010590507e-16,1.77571914816107e-16,1.5839310061087715e-16,3.4749729051007517e-06,1.959380052105147e-16,-3.433763942773341e-10,2.1971457897373038e-16,1.5812701828035034e-16,2.330811332213896e-16,-3.433763942773341e-10,-3.4337639440293393e-10,1.5836266035057946e-16,2.1956899936314258e-16,2.193829592015742e-16,2.1941593296541138e-16,2.119873842043851e-16,-3.4337639447242527e-10,-3.4337639417640757e-10,1.8990638524103916e-16,1.8990638524103916e-16,1.5872653018958714e-16,-3.4337639411592753e-10,-3.4337639447242527e-10
-4.881679170868579e-06,2.809002862316178e-16,2.6369408888983063e-16,-7.837393477206834e-07,2.317754231886254e-16,-3.9526569940151347e-10,2.317429692943254e-16,-3.9526569940151347e-10,4.704563489033022e-13,2.6468377711725593e-16,2.301745213880111e-16,2.3073914036919345e-16,2.1738236022624934e-16,1.95203222207687e-16,1.959380052105147e-16,3.4749730613964696e-06,-3.9526569942000504e-10,2.648643884228289e-16,1.9591242228996164e-16,2.809002862316178e-16,-3.9526569940151347e-10,-3.9526569940151347e-10,1.95203222207687e-16,2.648643884228289e-16,2.6454309047561547e-16,2.6361390958601186e-16,5.087756129413934e-13,-3.952656993047864e-10,-3.9526569940151347e-10,2.317429692943254e-16,2.3190251394115315e-16,1.9591242228996164e-16,-3.9526569940151347e-10,-3.952656990053565e-10
0.9999875637103677,-4.4925556770044645e-10,-4.2860184479670485e-10,0.9999644450281718,-3.879880494098079e-10,0.9999649096570279,-3.879880477407718e-10,0.9999649096570287,-3.952656980376716e-10,-4.289384082146285e-10,-3.865997278027234e-10,-3.86599727366807e-10,-3.70347066975444e-10,-3.433763944022509e-10,-3.433763942773341e-10,-3.9526569942000504e-10,0.9999683846306331,-4.298656283298721e-10,-3.433763948597418e-10,-4.492555692800996e-10,0.999964909657029,0.9999649096570293,-3.4337639458759057e-10,-4.2986562940455327e-10,-4.2893840781765184e-10,-4.286018449227309e-10,-4.1917012715147387e-10,0.9999649096570282,0.9999649096570298,-3.879880481232981e-10,-3.87988047313036e-10,-3.43376394098336e-10,0.9999649096570287,0.9999649096570282
-4.950286330591664e-06,3.1280518104745057e-16,2.948517427040479e-16,-8.523446425138096e-07,2.5911574455944627e-16,-4.2986562832574705e-10,2.5911574455944627e-16,-4.298656283262801e-10,2.648643884228289e-16,2.9491181870093686e-16,2.579390976827274e-16,2.580481956361898e-16,4.828666546891479e-13,2.1946509801683434e-16,2.1971457897373038e-16,2.648643884228289e-16,-4.298656283298721e-10,3.474973182793566e-06,2.1956899936314258e-16,3.129188146256705e-16,-4.2986562832574705e-10,-4.2986562832739356e-10,2.192005340956009e-16,5.86050078833303e-13,2.9491181870093686e-16,2.9463462987482875e-16,2.865328484403099e-16,-4.298656281782589e-10,-4.2986562832548877e-10,5.133934552472028e-13,5.133934557067389e-13,2.1955607399275472e-16,-4.298656284221106e-10,-4.2986562832574705e-10
-4.778789437814099e-06,2.3358172173545053e-16,2.1889809500834227e-16,-6.808524020580485e-07,1.9008994322188983e-16,-3.433763948572427e-10,1.9039005937408703e-16,-3.4337639475214244e-10,1.95203222207687e-16,2.193829592015742e-16,1.89585452230251e-16,1.895905010590507e-16,1.7845623959148003e-16,1.5836266035058358e-16,1.5812701828035034e-16,1.9591242228996164e-16,-3.433763948597418e-10,2.1956899936314258e-16,3.4749729051007517e-06,2.330811332213896e-16,-3.433763948572427e-10,-3.433763949176665e-10,1.58713868362395e-16,2.1971457897373038e-16,2.193829592015742e-16,2.1941593296541138e-16,2.119873842043844e-16,-3.4337639475214244e-10,-3.4337639489064815e-10,1.8990638524103916e-16,1.8990638524103916e-16,1.5839310061087715e-16,-3.433763948572427e-10,-3.4337639475214244e-10
-4.98873405658097e-06,6.558044089605381e-13,3.1196425277254697e-16,-8.907913270227221e-07,2.747328766582036e-16,-4.492555694074907e-10,2.7496970977664854e-16,-4.492555691124718e-10,2.809798422320329e-16,6.188376295573336e-13,2.731353106361697e-16,2.7332745342486547e-16,2.5827082346804677e-16,2.330811332213896e-16,2.330811332213896e-16,2.809002862316178e-16,-4.492555692800996e-10,3.129188146256705e-16,2.330811332213896e-16,3.4749732503256612e-06,-4.4925556910316863e-10,-4.492555691124718e-10,2.332265648066984e-16,3.1280518104745057e-16,6.188376295673491e-13,3.117944491128464e-16,6.00796326567739e-13,-4.49255569011285e-10,-4.4925556911236957e-10,2.7496970977664854e-16,2.7496970977664854e-16,2.330811332213896e-16,-4.4925556911236957e-10,-4.4925556911236957e-10
0.9999875637103669,-4.4925556756265744e-10,-4.286018448187551e-10,0.9999644450281716,-3.879880495868846e-10,0.9999649096570296,-3.879880477407718e-10,0.9999649096570287,-3.952656981514597e-10,-4.289384081591842e-10,-3.8659972768028377e-10,-3.865997277552893e-10,-3.7034706716609276e-10,-3.433763945953986e-10,-3.433763942773341e-10,-3.9526569940151347e-10,0.999964909657029,-4.2986562832574705e-10,-3.433763948572427e-10,-4.4925556910316863e-10,0.9999683846306332,0.9999649096570296,-3.433763952099713e-10,-4.298656288547148e-10,-4.289384078194297e-10,-4.286018449051278e-10,-4.1917012713401426e-10,0.9999649096570288,0.9999649096570292,-3.8798804794326687e-10,-3.87988047313036e-10,-3.433763941171799e-10,0.9999649096570301,0.9999649096570301
0.9999875637103645,-4.492555677413105e-10,-4.2860184479670485e-10,0.9999644450281735,-3.8798804959620617e-10,0.9999649096570293,-3.879880482127392e-10,0.999964909657029,-3.9526569762877076e-10,-4.28938407735576e-10,-3.865997278046765e-10,-3.865997277552893e-10,-3.703470668366617e-10,-3.433763944395369e-10,-3.4337639440293393e-10,-3.9526569940151347e-10,0.9999649096570293,-4.2986562832739356e-10,-3.433763949176665e-10,-4.492555691124718e-10,0.9999649096570296,0.9999683846306344,-3.4337639494227073e-10,-4.298656290029269e-10,-4.2893840781765184e-10,-4.286018449051278e-10,-4.1917012713401426e-10,0.9999649096570293,0.9999649096570313,-3.879880481232981e-10,-3.87988047313036e-10,-3.4337639399854006e-10,0.9999649096570312,0.9999649096570293
-4.77878943622303e-06,2.3369259116529984e-16,2.1889809500834227e-16,-6.808524022301798e-07,1.9008994322188983e-16,-3.4337639495005693e-10,1.9039005937408703e-16,-3.433763946617045e-10,1.95203222207687e-16,2.1945919869689264e-16,1.8929159655997513e-16,1.89585452230251e-16,1.7845623959148003e-16,1.5812701828035034e-16,1.5836266035057946e-16,1.95203222207687e-16,-3.4337639458759057e-10,2.192005340956009e-16,1.58713868362395e-16,2.332265648066984e-16,-3.433763952099713e-10,-3.4337639494227073e-10,3.4749729051007517e-06,2.1956899936314258e-16,2.194611865492043e-16,2.189560859629143e-16,2.1247870760739583e-16,-3.4337639481237385e-10,-3.4337639495005693e-10,1.8990638524103916e-16,1.8990638524103916e-16,1.5872653018958714e-16,-3.433763948503156e-10,-3.4337639495005693e-10
-4.950286329326864e-06,3.1280518104745057e-16,2.948517427040479e-16,-8.52344643499691e-07,5.133934553375941e-13,-4.2986562927925805e-10,5.133934556368293e-13,-4.2986562940455327e-10,2.648643884228289e-16,2.9491181870099504e-16,2.580481956361898e-16,2.579390976827274e-16,4.828666551653564e-13,2.1971457897373038e-16,2.1956899936314258e-16,2.648643884228289e-16,-4.2986562940455327e-10,5.86050078833303e-13,2.1971457897373038e-16,3.1280518104745057e-16,-4.298656288547148e-10,-4.298656290029269e-10,2.1956899936314258e-16,3.474973182793566e-06,2.9491169719629194e-16,2.946346300193218e-16,2.861936034906911e-16,-4.2986562899473367e-10,-4.298656290547458e-10,2.5911574455944627e-16,2.5911574455944627e-16,2.1956899936314258e-16,-4.298656288547148e-10,-4.298656293445e-10
-4.948447770277645e-06,6.188376279021612e-13,2.937062045428382e-16,-8.505061341306004e-07,2.581508756022662e-16,-4.2893840781765184e-10,2.581508756022662e-16,-4.289384076783861e-10,2.6468377711725593e-16,5.834967683700047e-13,2.5734414107712123e-16,2.573216384224823e-16,2.428450201205148e-16,2.193829592015742e-16,2.193829592015742e-16,2.6454309047561547e-16,-4.2893840781765184e-10,2.9491181870093686e-16,2.193829592015742e-16,6.188376295673491e-13,-4.289384078194297e-10,-4.2893840781765184e-10,2.194611865492043e-16,2.9491169719629194e-16,3.474973181612057e-06,2.943230855026874e-16,2.845693418227062e-16,-4.289384078194297e-10,-4.289384078194297e-10,2.5776395060213324e-16,2.581508756022662e-16,2.193829592015742e-16,-4.289384078194297e-10,-4.289384078194297e-10
-4.947780410242992e-06,3.1160359871977935e-16,5.819384716783478e-13,-8.498387919056574e-07,2.573117255753112e-16,-4.286018449051278e-10,2.5781701924530107e-16,-4.28601845046701e-10,2.6361390958601186e-16,2.940152932331486e-16,5.094233107414845e-13,5.094233114664049e-13,2.4212064323273824e-16,2.189560859629143e-16,2.1941593296541138e-16,2.6361390958601186e-16,-4.286018449227309e-10,2.9463462987482875e-16,2.1941593296541138e-16,3.117944491128464e-16,-4.286018449051278e-10,-4.286018449051278e-10,2.189560859629143e-16,2.946346300193218e-16,2.943230855026874e-16,3.4749731760801055e-06,2.8536322899234096e-16,-4.2860184490512647e-10,-4.286018449051278e-10,2.5757327333800247e-16,2.5757327333800247e-16,2.1941593296541138e-16,-4.286018449051278e-10,-4.2860184490512647e-10
-4.9290785473956755e-06,6.007963249591382e-13,2.854643206762203e-16,-8.311374305710112e-07,2.496451523503469e-16,-4.1917012713401426e-10,2.5019127739073374e-16,-4.1917012700836356e-10,5.087756127699285e-13,2.8409700055145003e-16,2.4942641109632787e-16,2.4896861989848345e-16,2.357061085488025e-16,2.1247870760739583e-16,2.119873842043851e-16,5.087756129413934e-13,-4.1917012715147387e-10,2.865328484403099e-16,2.119873842043844e-16,6.00796326567739e-13,-4.1917012713401426e-10,-4.1917012713401426e-10,2.1247870760739583e-16,2.861936034906911e-16,2.845693418227062e-16,2.8536322899234096e-16,3.4749731438855376e-06,-4.191701270570827e-10,-4.1917012713401426e-10,2.49645152343117e-16,2.502308256244588e-16,2.119873842043851e-16,-4.1917012681309176e-10,-4.191701270305805e-10
0.9999875637103687,-4.4925556756265744e-10,-4.2860184509981645e-10,0.9999644450281716,-3.879880495868846e-10,0.999964909657029,-3.8798804810291733e-10,0.9999649096570288,-3.952656981514597e-10,-4.28938407735576e-10,-3.8659972781714525e-10,-3.865997277552893e-10,-3.7034706717920735e-10,-3.433763943481287e-10,-3.4337639447242527e-10,-3.952656993047864e-10,0.9999649096570282,-4.298656281782589e-10,-3.4337639475214244e-10,-4.49255569011285e-10,0.9999649096570288,0.9999649096570293,-3.4337639481237385e-10,-4.2986562899473367e-10,-4.289384078194297e-10,-4.2860184490512647e-10,-4.191701270570827e-10,0.9999683846306365,0.999964909657029,-3.879880480365215e-10,-3.879880476053787e-10,-3.4337639405970086e-10,0.999964909657029,0.9999649096570279
0.9999875637103661,-4.4925556756265744e-10,-4.2860184479670485e-10,0.9999644450281724,-3.879880494098079e-10,0.9999649096570288,-3.8798804810291733e-10,0.9999649096570292,-3.952656981514597e-10,-4.289384081591842e-10,-3.8659972781714525e-10,-3.865997277552893e-10,-3.703470669724136e-10,-3.4337639453964305e-10,-3.4337639417640757e-10,-3.9526569940151347e-10,0.9999649096570298,-4.2986562832548877e-10,-3.4337639489064815e-10,-4.4925556911236957e-10,0.9999649096570292,0.9999649096570313,-3.4337639495005693e-10,-4.298656290547458e-10,-4.289384078194297e-10,-4.286018449051278e-10,-4.1917012713401426e-10,0.999964909657029,0.9999683846306315,-3.8798804794326687e-10,-3.87988047313036e-10,-3.433763941171799e-10,0.9999649096570293,0.999964909657029
-4.867248542865792e-06,2.7496970977664854e-16,2.5760021221237036e-16,-7.693091033187403e-07,2.2573332512407043e-16,-3.8798804779116433e-10,2.2577300030513063e-16,-3.8798804794326687e-10,2.3174296930481455e-16,2.5776395060213324e-16,2.2511902499780216e-16,2.2511902499780216e-16,2.11827743692514e-16,1.8990638524103916e-16,1.8990638524103916e-16,2.317429692943254e-16,-3.879880481232981e-10,5.133934552472028e-13,1.8990638524103916e-16,2.7496970977664854e-16,-3.8798804794326687e-10,-3.879880481232981e-10,1.8990638524103916e-16,2.5911574455944627e-16,2.5776395060213324e-16,2.5757327333800247e-16,2.49645152343117e-16,-3.879880480365215e-10,-3.8798804794326687e-10,3.474973040681164e-06,4.476540629775485e-13,1.9039005937408703e-16,-3.8798804802051065e-10,-3.879880481232981e-10
-4.8672485432896406e-06,2.7496970977664854e-16,2.5760021221237036e-16,-7.69309102644753e-07,2.2573332512407043e-16,-3.8798804731496477e-10,2.2536548803848417e-16,-3.8798804777086263e-10,2.3190251394115315e-16,2.5776395060213324e-16,2.2511902499780216e-16,2.2511902499780216e-16,2.11827743692514e-16,1.8990638524103916e-16,1.8990638524103916e-16,2.3190251394115315e-16,-3.87988047313036e-10,5.133934557067389e-13,1.8990638524103916e-16,2.7496970977664854e-16,-3.87988047313036e-10,-3.87988047313036e-10,1.8990638524103916e-16,2.5911574455944627e-16,2.581508756022662e-16,2.5757327333800247e-16,2.502308256244588e-16,-3.879880476053787e-10,-3.87988047313036e-10,4.476540629775485e-13,3.474973040644183e-06,1.9039005937408703e-16,-3.879880473644479e-10,-3.87988047313036e-10
-4.778789437637746e-06,2.330811332213896e-16,2.1889809500834227e-16,-6.808524008864856e-07,1.9039005937408703e-16,-3.43376394098336e-10,1.8990638524103916e-16,-3.4337639406640723e-10,1.95203222207687e-16,2.193829592015742e-16,1.895905010590507e-16,1.89585452230251e-16,1.7774815658956199e-16,1.5872653018958714e-16,1.5872653018958714e-16,1.9591242228996164e-16,-3.43376394098336e-10,2.1955607399275472e-16,1.5839310061087715e-16,2.330811332213896e-16,-3.433763941171799e-10,-3.4337639399854006e-10,1.5872653018958714e-16,2.1956899936314258e-16,2.193829592015742e-16,2.1941593296541138e-16,2.119873842043851e-16,-3.4337639405970086e-10,-3.433763941171799e-10,1.9039005937408703e-16,1.9039005937408703e-16,3.4749729015815466e-06,-3.433763940764156e-10,-3.4337639405970086e-10
0.9999875637103667,-4.492555676591844e-10,-4.2860184509981645e-10,0.9999644450281727,-3.879880494098079e-10,0.9999649096570298,-3.8798804810291733e-10,0.999964909657029,-3.952656980376716e-10,-4.28938407735576e-10,-3.865997278027234e-10,-3.86599727724959e-10,-3.7034706717920735e-10,-3.433763945138622e-10,-3.4337639411592753e-10,-3.9526569940151347e-10,0.9999649096570287,-4.298656284221106e-10,-3.433763948572427e-10,-4.4925556911236957e-10,0.9999649096570301,0.9999649096570312,-3.433763948503156e-10,-4.298656288547148e-10,-4.289384078194297e-10,-4.286018449051278e-10,-4.1917012681309176e-10,0.999964909657029,0.9999649096570293,-3.8798804802051065e-10,-3.879880473644479e-10,-3.433763940764156e-10,0.9999683846306324,0.9999649096570298
0.9999875637103667,-4.4925556785784724e-10,-4.286018448187551e-10,0.9999644450281725,-3.87988049578071e-10,0.999964909657029,-3.879880483205991e-10,0.9999649096570287,-3.952656981514597e-10,-4.28938407735576e-10,-3.865997278046765e-10,-3.86599727724959e-10,-3.7034706717920735e-10,-3.4337639453964305e-10,-3.4337639447242527e-10,-3.952656990053565e-10,0.9999649096570282,-4.2986562832574705e-10,-3.4337639475214244e-10,-4.4925556911236957e-10,0.9999649096570301,0.9999649096570293,-3.4337639495005693e-10,-4.298656293445e-10,-4.289384078194297e-10,-4.2860184490512647e-10,-4.191701270305805e-10,0.9999649096570279,0.999964909657029,-3.879880481232981e-10,-3.87988047313036e-10,-3.4337639405970086e-10,0.9999649096570298,0.9999683846306339
