0.999999990529961,0.9999753888313815,0.9999753633204196,1.0762338309004397e-06,1.0706243285604208e-06,0.9999753633204213,1.0740809232894006e-06,1.070624329436634e-06,1.070624329770523e-06,1.0548801401304456e-06,1.0649790351021372e-06,1.0548801420972405e-06,0.9999753888313777,1.0782673674000856e-06,1.0773886077141768e-06,1.0740809214099232e-06,1.0904052715757488e-06,1.0776361520150974e-06,0.9999753888313786,1.1027161881585408e-06,1.0985052437733716e-06,1.0668239399948345e-06,1.0776361513686857e-06,0.9999753683111191,1.0860234733320884e-06,1.0649790358956484e-06,1.0740809227556223e-06,1.0872286342080589e-06,1.0739434802727412e-06,0.9999750015317476,1.0762338308918807e-06,1.0739434812907676e-06,1.0548801409367784e-06,1.0649790351239195e-06,1.1145295969036654e-06,1.0860234719419182e-06,1.2095739146279719e-06,1.0872286361290258e-06,1.0762338301972158e-06,1.0932089451035501e-06,1.0860234730708094e-06,1.070624329557354e-06,1.0773886077097201e-06,0.9999753633204225,1.074080922310803e-06,1.0762338299967725e-06,1.0776361516999669e-06,1.0715994928686671e-06,1.0649790345788826e-06,1.0932089475176995e-06,1.1622469885030032e-06,1.0649790366922296e-06,1.0649790353230616e-06,1.0803762803225861e-06,1.0739434814427774e-06,0.9999753633204239,1.0706243293666924e-06,1.0762338298195973e-06,0.9999753535638675,1.0706243283042844e-06,1.0776361492408557e-06,0.999975388831379,1.078267369132867e-06,1.0740809223125162e-06,1.0932089449673447e-06,0.9999749681770704,0.999975388831379,1.0782673685937692e-06,1.0739434806406252e-06,1.0782673691329704e-06,0.9999753888313777,1.0739434802023218e-06,1.0932089469954067e-06,0.9999753888313786,0.9999753888313788,1.0739434793270505e-06,0.9999753886015967,1.0773886070051717e-06
0.9999753888313815,0.9999696000094962,0.9999668374404368,1.0378159311359993e-10,1.0096641909422804e-10,0.999966837440438,1.0270081020887415e-10,1.0096641954355444e-10,1.009664189966704e-10,9.30662318906235e-11,9.813358877025175e-11,9.30662316751914e-11,0.9999668629511744,1.0480162317724957e-10,1.0436028137931108e-10,1.0270080970887291e-10,1.1088582398037828e-10,1.0448472885355174e-10,0.9999668629511753,1.1706898570911973e-10,1.1495628801292113e-10,9.905921811465153e-11,1.0448472892741539e-10,0.9999668424311019,1.0869964582709718e-10,9.813358833527246e-11,1.0270081076356861e-10,1.0929155094535415e-10,1.0263183965352094e-10,0.9999664756558794,1.0378159268747347e-10,1.026318399784158e-10,9.306623166512232e-11,9.813358898078896e-11,1.2299675857770727e-10,1.0869964583681988e-10,1.7068660050462715e-10,1.0929155157265028e-10,1.0378159347636557e-10,1.1229878126979286e-10,1.0869964550969753e-10,1.0096641969269831e-10,1.0436028128743989e-10,0.9999668374404388,1.0270080968549883e-10,1.0378159324924341e-10,1.0448472934193964e-10,1.0145625970046347e-10,9.813358869459938e-11,1.1229878203377648e-10,1.469396186001594e-10,9.813358886188692e-11,9.813358875412303e-11,1.0586314307335755e-10,1.0263184019055054e-10,0.9999668374404395,1.0096641958440818e-10,1.0378159327034534e-10,0.9999668276839142,1.0096641965384277e-10,1.0448472878744803e-10,0.9999668629511762,1.0480162397666579e-10,1.0270080964549595e-10,1.1229878171018113e-10,0.9999664423009552,0.9999668629511745,1.048016234520185e-10,1.0263183994320926e-10,1.0480162377208734e-10,0.9999668629511733,1.0263183993613958e-10,1.1229878183930396e-10,0.9999668629511753,0.9999668629511759,1.0263183905672251e-10,0.9999668627213901,1.0436028114721946e-10
0.9999753633204196,0.9999668374404368,0.9999695489880228,1.0378158728058679e-10,1.0096641726138593e-10,0.9999668119297002,1.0270080838394422e-10,1.0096641768770732e-10,1.0096641702376367e-10,9.306623235039244e-11,9.813358851257068e-11,9.306623213887728e-11,0.9999668374404332,1.0480161981376718e-10,1.0436028104761545e-10,1.0270080786024227e-10,1.1088586682252991e-10,1.0448472677901828e-10,0.9999668374404342,1.1706898369880138e-10,1.1495628438539716e-10,9.905921848683056e-11,1.0448472685580774e-10,0.9999668169203632,1.0869959533165961e-10,9.813358810066182e-11,1.0270080891414487e-10,1.0929159637476315e-10,1.0263183790023702e-10,0.9999664501451425,1.0378158677934557e-10,1.0263183824223041e-10,9.306623210979793e-11,9.813358881156226e-11,1.229967547278388e-10,1.0869959530155425e-10,3.4016884087068564e-07,1.0929159704571106e-10,1.0378158757408079e-10,1.1229877781308997e-10,1.0869959505093905e-10,1.0096641777064294e-10,1.0436028091846787e-10,0.9999668119297017,1.0270080786235196e-10,1.0378158736183653e-10,1.0448472729995828e-10,1.0145625374353207e-10,9.813358842292798e-11,1.122987785255498e-10,2.928424355954321e-07,9.81335886766675e-11,9.81335884839841e-11,1.0586311457465316e-10,1.0263183837058944e-10,0.9999668119297037,1.0096641770554085e-10,1.0378158736487368e-10,0.9999668021731768,1.0096641767192725e-10,1.0448472669559938e-10,0.9999668374404359,1.0480162061518122e-10,1.0270080776082447e-10,1.1229877826128082e-10,0.9999664167902236,0.9999668374404341,1.048016200370147e-10,1.026318381255607e-10,1.0480162035518601e-10,0.9999668374404339,1.0263183812022535e-10,1.1229877835312323e-10,0.9999668374404342,0.999966837440435,1.0263183736735761e-10,0.9999668372106533,1.0436028087155421e-10
1.0762338309004397e-06,1.0378159311359993e-10,1.0378158728058679e-10,2.7370567439470535e-06,9.753288289653228e-17,1.0378158724550557e-10,1.1936192691545745e-16,9.753828814102115e-17,9.750420090435374e-17,6.265827203823558e-16,4.94331999070466e-16,6.265930724861692e-16,1.0378159311359993e-10,-2.4625722840883175e-16,4.956374953454659e-16,1.1933440905714388e-16,2.2503744367747442e-11,7.245169674010664e-17,1.0378159314180772e-10,1.3616807290633378e-16,-2.327007692300949e-16,6.209911647474958e-16,7.241427648798127e-17,1.0378157914703631e-10,-2.387704954248011e-11,4.942653857873597e-16,1.1943219030820068e-16,2.378391566604964e-11,1.3142626761221372e-16,2.0682886574629822e-07,-1.771326266739118e-12,1.3142626766394655e-16,6.26582714942598e-16,4.942653857873597e-16,-2.391635246312084e-16,-2.387704954248647e-11,-4.250818878924816e-17,2.3783915666570823e-11,-1.771326265999835e-12,-2.2777401538748105e-16,-2.3877049543008366e-11,9.750252719991239e-17,4.955885954084241e-16,1.0378158724550557e-10,1.193928017004533e-16,-1.7713262662169752e-12,7.241365499246125e-17,-1.850666071570134e-12,4.94249182599581e-16,-2.2773193794629145e-16,-1.2174417406115615e-16,4.94249182599581e-16,4.943431483664448e-16,-1.296615463737185e-11,1.3142626766394655e-16,1.0378158724550557e-10,9.75357599133961e-17,-1.7713262661708118e-12,1.0378163661120093e-10,9.751136025666355e-17,7.247720851348274e-17,1.0378159315265884e-10,-2.4627361559129986e-16,1.1939133108090787e-16,-2.2773193797320413e-16,2.068298707228454e-07,1.0378159312976367e-10,-2.4627361559129986e-16,1.3142640730717262e-16,-2.4627361559129986e-16,1.0378159312976367e-10,1.3143783658719977e-16,-2.2774680206231925e-16,1.0378159318238552e-10,1.0378159312976367e-10,1.3142626761221372e-16,1.0378159474083782e-10,4.956172700221429e-16
1.0706243285604208e-06,1.0096641909422804e-10,1.0096641726138593e-10,9.753288289653228e-17,2.7370585297493885e-06,1.0096641722400482e-10,5.3238411402252445e-18,1.3853147688971797e-14,1.385314719252157e-14,-8.615602842838754e-14,-2.998242981896376e-17,-8.615602848829064e-14,1.0096641909668477e-10,3.929532232644104e-17,-2.9163561085877774e-17,5.281017243960657e-18,-1.0171462124596104e-15,9.928198346541827e-18,1.0096641909422804e-10,5.99635314186633e-18,3.982776197961318e-17,-8.340606585855344e-14,1.0001234136496942e-17,1.0096641832318311e-10,1.1150911099550181e-15,-2.998242981896376e-17,5.3027484003003766e-18,-1.076365569033258e-15,4.222826330761413e-18,1.0096647581922581e-10,9.756211940737397e-17,4.222826330761413e-18,-8.615602867655642e-14,-3.0006797233632836e-17,4.170725480840782e-17,1.1150665224237048e-15,3.0790676455710684e-17,-1.07637686064335e-15,9.75357599133961e-17,3.877136506203276e-17,1.1150911099649615e-15,1.3853147791619765e-14,-2.9233419605859783e-17,1.0096641723935591e-10,5.281017243960657e-18,9.75357599133961e-17,1.0001234136496942e-17,1.006458897913195e-16,-3.0006797233632836e-17,3.8800822119763475e-17,3.418686996941269e-17,-3.0006797233632836e-17,-2.998242981896376e-17,6.126948665744326e-16,4.243706522697131e-18,1.0096641723935591e-10,1.3853147687961601e-14,9.75222436761424e-17,1.009664117424962e-10,1.3853147765074156e-14,1.0001234136496942e-17,1.0096641909422804e-10,3.929532232644104e-17,5.323988569806507e-18,3.87877872320731e-17,2.01220440232275e-07,1.0096641912883538e-10,3.930684778262102e-17,4.199560146342921e-18,3.93457343101244e-17,1.0096641909422804e-10,4.243706522697131e-18,3.881523469270852e-17,1.0096641912743234e-10,1.0096641909422804e-10,4.222826330761413e-18,1.0096641890410138e-10,-2.9233419605859783e-17
0.9999753633204213,0.999966837440438,0.9999668119297002,1.0378158724550557e-10,1.0096641722400482e-10,0.9999695489880257,1.0270080833387007e-10,1.0096641768938775e-10,1.0096641706567788e-10,9.30662323219524e-11,9.813358851710283e-11,9.306623220003285e-11,0.9999668374404351,1.0480161981376718e-10,1.0436028104070133e-10,1.0270080786024227e-10,1.1088586681431222e-10,1.0448472683186558e-10,0.9999668374404365,1.1706898362229628e-10,1.1495628438539716e-10,9.905921848683056e-11,1.0448472685580774e-10,0.9999668169203658,1.0869959537496753e-10,9.81335881234941e-11,1.0270080889149377e-10,1.0929159639103075e-10,1.0263183785239248e-10,0.9999664501451447,1.0378158679647392e-10,1.0263183827374806e-10,9.306623211360372e-11,9.813358877855554e-11,1.229967547278388e-10,1.086995953352977e-10,3.401688408706867e-07,1.0929159703579508e-10,1.037815875415602e-10,1.1229877781308997e-10,1.0869959500953477e-10,1.0096641782868571e-10,1.0436028090960843e-10,0.999966811929703,1.0270080785502259e-10,1.0378158731856092e-10,1.0448472720432521e-10,1.0145625374376077e-10,9.813358841627654e-11,1.1229877854408357e-10,2.928424355954328e-07,9.81335886766675e-11,9.813358844403195e-11,1.0586311453835243e-10,1.0263183838438853e-10,0.9999668119297045,1.0096641764640826e-10,1.0378158740387583e-10,0.9999668021731793,1.0096641775293204e-10,1.0448472671171468e-10,0.999966837440437,1.0480162062014805e-10,1.0270080777552645e-10,1.1229877829030094e-10,0.9999664167902257,0.9999668374404356,1.048016200828574e-10,1.0263183813179497e-10,1.0480162037087504e-10,0.9999668374404359,1.0263183814180143e-10,1.1229877834423623e-10,0.9999668374404365,0.999966837440437,1.0263183728136366e-10,0.9999668372106553,1.0436028092829294e-10
1.0740809232894006e-06,1.0270081020887415e-10,1.0270080838394422e-10,1.1936192691545745e-16,5.3238411402252445e-18,1.0270080833387007e-10,2.7370585225235897e-06,5.272982183420301e-18,5.361225271103777e-18,-5.753349682490192e-17,-4.106963545274901e-17,-5.75117391579995e-17,1.0270081019499495e-10,4.5779370867622865e-17,-4.0350748309982286e-17,6.350606680951047e-15,-1.2852841293868177e-15,8.9441556163586e-18,1.0270081016685473e-10,7.053376121901185e-15,4.626086592819066e-17,-5.597796565174205e-17,8.9441556163586e-18,1.0270080969841363e-10,1.4011415032195903e-15,-4.11007358835262e-17,6.3506075156686295e-15,-1.35983807201468e-15,1.8086148419009152e-18,1.0270088981709247e-10,1.1933440905714388e-16,1.822029274323861e-18,-5.75117391579995e-17,-4.109767915452411e-17,4.8234726594776616e-17,1.4010694613226772e-15,3.305543717819978e-17,-1.3598582603104997e-15,1.1939133108090787e-16,4.494984683554601e-17,1.4011415032195903e-15,5.3238411402252445e-18,-4.030549256863653e-17,1.027008083427559e-10,6.350606505828996e-15,1.1939133108090787e-16,8.89434154501249e-18,1.23474807688055e-16,-4.109767915452411e-17,4.494984683554601e-17,3.8078436022600575e-17,-4.1126998601651206e-17,-4.111624379113918e-17,7.684077139102946e-16,1.832179429892695e-18,1.0270080836476234e-10,5.307275627017329e-18,1.1933440905714388e-16,1.0270080165342804e-10,5.307275627017329e-18,8.9441556163586e-18,1.0270081020887415e-10,4.5779370867622865e-17,6.350606493005571e-15,4.500689816657984e-17,2.0467700628528363e-07,1.0270081016685473e-10,4.5876061974320416e-17,1.832179429892695e-18,4.579917159475127e-17,1.0270081016196324e-10,1.822285014775185e-18,4.500689816657984e-17,1.027008102086825e-10,1.0270081019499495e-10,1.8086148419009152e-18,1.0270080997720392e-10,-4.034508378354921e-17
1.070624329436634e-06,1.0096641954355444e-10,1.0096641768770732e-10,9.753828814102115e-17,1.3853147688971797e-14,1.0096641768938775e-10,5.272982183420301e-18,2.7370585297493885e-06,1.3853147530836269e-14,-8.615602810756268e-14,-3.0006797233632836e-17,-8.615602816746614e-14,1.009664195311612e-10,3.930684778262102e-17,-2.9163561085877774e-17,5.307275627017329e-18,-1.0171676504092935e-15,9.928198346541827e-18,1.0096641954207239e-10,6.046053137052959e-18,3.9865206285299327e-17,-8.340606551645003e-14,9.928198346541827e-18,1.00966418800758e-10,1.1150459566396933e-15,-2.998242981896376e-17,5.307275627017329e-18,-1.076365569033258e-15,4.208716615281736e-18,1.0096647620786694e-10,9.750420090435374e-17,4.218009273208413e-18,-8.615602835573184e-14,-3.0006797233632836e-17,4.1660647330043593e-17,1.1150459566396933e-15,3.0914463457286897e-17,-1.0763220307261886e-15,9.756211940737397e-17,3.877136506203276e-17,1.115055969581823e-15,1.385314812993431e-14,-2.923341958818369e-17,1.009664176443516e-10,5.308643752266417e-18,9.75357599133961e-17,9.97704776661305e-18,1.0065321950350595e-16,-3.0006797233632836e-17,3.880082221159727e-17,3.418686996941269e-17,-3.0006797233632836e-17,-3.0006797233632836e-17,6.126948665744326e-16,4.214172232552701e-18,1.0096641767035054e-10,1.3853148026276146e-14,9.75357599133961e-17,1.0096641216810062e-10,1.3853148103388524e-14,9.977047830679804e-18,1.0096641954355444e-10,3.930684778262102e-17,5.323988569806507e-18,3.8800822119763475e-17,2.0122044108954632e-07,1.0096641950724408e-10,3.930684778262102e-17,4.2021900813479345e-18,3.921988660140693e-17,1.0096641954355444e-10,4.243706522697131e-18,3.8800822119763475e-17,1.0096641954207238e-10,1.0096641954207239e-10,4.222826330761413e-18,1.0096641934759613e-10,-2.9142172097826657e-17
1.070624329770523e-06,1.009664189966704e-10,1.0096641702376367e-10,9.750420090435374e-17,1.385314719252157e-14,1.0096641706567788e-10,5.361225271103777e-18,1.3853147530836269e-14,2.7370585297493885e-06,-8.615602858469669e-14,-2.9985712694347264e-17,-8.615602864460015e-14,1.0096641899482407e-10,3.921988660140693e-17,-2.923341958818369e-17,5.323988569806507e-18,-1.0171462124596104e-15,9.977047830679804e-18,1.0096641895472231e-10,5.99635314186633e-18,3.9865206285299327e-17,-8.340606602570035e-14,9.977047830679804e-18,1.0096641818018624e-10,1.1150626406725792e-15,-2.998242981896376e-17,5.323988569806507e-18,-1.0763220307261886e-15,4.243706522697131e-18,1.0096647563703488e-10,9.750420090435374e-17,4.222826330761413e-18,-8.615602883286534e-14,-3.0006797233632836e-17,4.17072548084078e-17,1.1150626406725792e-15,3.0914463457286897e-17,-1.0763220307261886e-15,9.756211940737397e-17,3.8773358613599366e-17,1.11510075302299e-15,1.3853147633484464e-14,-2.923341958818369e-17,1.0096641702376367e-10,5.323988569806507e-18,9.756211940737397e-17,1.0001234184437417e-17,1.0064588824716447e-16,-2.999650843018709e-17,3.8800822119763475e-17,3.419119742213388e-17,-2.998242981896376e-17,-3.0006797233632836e-17,6.126948665744326e-16,4.243706522697131e-18,1.0096641707845513e-10,1.3853147529826142e-14,9.75222436761424e-17,1.0096641156660873e-10,1.385314760693868e-14,9.977047830679804e-18,1.0096641899426403e-10,3.93457343101244e-17,5.308643752266417e-18,3.87733587500637e-17,2.012204399191135e-07,1.0096641899482407e-10,3.930684778262102e-17,4.222826330761413e-18,3.93457343101244e-17,1.0096641899482407e-10,4.243706522697131e-18,3.8800822119763475e-17,1.0096641899426376e-10,1.0096641899482407e-10,4.199560146342921e-18,1.0096641879817757e-10,-2.923341958818369e-17
1.0548801401304456e-06,9.30662318906235e-11,9.306623235039244e-11,6.265827203823558e-16,-8.615602842838754e-14,9.30662323219524e-11,-5.753349682490192e-17,-8.615602810756268e-14,-8.615602858469669e-14,2.7370577077964884e-06,-6.24557098925341e-13,-8.066876322003981e-13,9.306623186288165e-11,1.9128523384706893e-16,-6.236896746009729e-13,-5.752088154429965e-17,-7.640495763395024e-15,-2.509484560732433e-17,9.306623186597433e-11,-6.578251103533721e-17,1.8474347299574633e-16,-7.966732454771131e-13,-2.508938845613894e-17,9.306623838528144e-11,8.158538470627542e-15,-6.24557099358777e-13,-5.753411337240791e-17,-8.07715118702433e-15,-6.574849440332625e-17,9.306687354072424e-11,6.26582714942598e-16,-6.57476075820321e-17,-8.066876323956615e-13,-6.245570988969704e-13,1.9091166160692017e-16,8.15852512280487e-15,6.774760855758147e-17,-8.07713916664494e-15,6.265335633108025e-16,1.8046391730941186e-16,8.158495111914605e-15,-8.615602801055508e-14,-6.236896746818723e-13,9.306623235664992e-11,-5.751173916848824e-17,6.265915762295717e-16,-2.509065798060075e-17,6.528536158247933e-16,-6.245570990006911e-13,1.804648678704929e-16,1.1583679002593268e-16,-6.245570989613728e-13,-6.245570990091649e-13,4.440760949818058e-15,-6.575101774866854e-17,9.306623229330451e-11,-8.615602810835867e-14,6.26582714942598e-16,9.30661974069588e-11,-8.615602803105272e-14,-2.5109265289281244e-17,9.30662318512194e-11,1.912848358803174e-16,-5.753214082956544e-17,1.804617809436429e-16,1.8547638126272555e-07,9.306623189623155e-11,1.9128460947376236e-16,-6.575264757683489e-17,1.912832442180971e-16,9.30662318906235e-11,-6.57476075820321e-17,1.804558554728342e-16,9.306623189623155e-11,9.306623186291013e-11,-6.575169731674145e-17,9.306623071681995e-11,-6.236896747822265e-13
1.0649790351021372e-06,9.813358877025175e-11,9.813358851257068e-11,4.94331999070466e-16,-2.998242981896376e-17,9.813358851710283e-11,-4.106963545274901e-17,-3.0006797233632836e-17,-2.9985712694347264e-17,-6.24557098925341e-13,2.7370580340323944e-06,-6.245570989814241e-13,9.813358879806436e-11,1.5379851295029465e-16,-4.803693758964705e-13,-4.116728023200153e-17,-5.9760447773543174e-15,-1.5675195904014363e-17,9.81335888060711e-11,-4.7011187309477304e-17,1.490122080041287e-16,-6.162942499401846e-13,-1.5649351435589918e-17,9.81335934129598e-11,6.389820825738527e-15,-4.814962897125982e-13,-4.106963545274901e-17,-6.317817941876008e-15,-4.759087651172991e-17,9.813408229604684e-11,4.94263634280571e-16,-4.759087651172991e-17,-6.245570991720683e-13,-4.814962892363004e-13,1.5409965410165737e-16,6.38984683325145e-15,5.957643713893425e-17,-6.3178327587585e-15,4.942653857873597e-16,1.4559137267403382e-16,6.389860838724619e-15,-3.0006797233632836e-17,-4.803693759811743e-13,9.813358851060999e-11,-4.106963545274901e-17,4.94331999070466e-16,-1.5639989681235127e-17,5.147407911228822e-16,-4.814962893503795e-13,1.4554793961407627e-16,9.619972489627599e-17,-4.814962893054327e-13,-4.814962893525271e-13,3.4797696185316512e-15,-4.755139229655214e-17,9.813358853020066e-11,-3.0006797233632836e-17,4.942976090944696e-16,9.81335609835976e-11,-2.998242981896376e-17,-1.5639989681235127e-17,9.81335888060711e-11,1.5371372442270879e-16,-4.106963545274901e-17,1.455854687153581e-16,1.955751940160551e-07,9.813358877115627e-11,1.5376801755450306e-16,-4.75844908107229e-17,1.5371281834979595e-16,9.813358877115627e-11,-4.752652958950302e-17,1.4549644758632113e-16,9.813358877115627e-11,9.813358876662199e-11,-4.75844908107229e-17,9.813358783980162e-11,-4.803693760825012e-13
1.0548801420972405e-06,9.30662316751914e-11,9.306623213887728e-11,6.265930724861692e-16,-8.615602848829064e-14,9.306623220003285e-11,-5.75117391579995e-17,-8.615602816746614e-14,-8.615602864460015e-14,-8.066876322003981e-13,-6.245570989814241e-13,2.7370577077964884e-06,9.306623165960929e-11,1.9129208770124053e-16,-6.236896746600639e-13,-5.751610250368887e-17,-7.640495763390737e-15,-2.5103746626164086e-17,9.30662316751914e-11,-6.579947926344995e-17,1.8473599820618737e-16,-7.96673245528911e-13,-2.5086498802675087e-17,9.3066238205248e-11,8.158530386814377e-15,-6.245570994148585e-13,-5.753253435616286e-17,-8.077140320237398e-15,-6.575264757783671e-17,9.306687336861571e-11,6.265827203823558e-16,-6.575492092488674e-17,-8.066876324447598e-13,-6.245570989530524e-13,1.9089530954473177e-16,8.158504739201994e-15,6.7749756913432e-17,-8.077106453387817e-15,6.26582714942598e-16,1.8046486782106643e-16,8.158525116484537e-15,-8.615602807045905e-14,-6.236896747409631e-13,9.306623213887728e-11,-5.753833976693827e-17,6.265827203823558e-16,-2.5105671697027925e-17,6.528506251336924e-16,-6.245570990567749e-13,1.8046004852009427e-16,1.1583564692904138e-16,-6.245570990174537e-13,-6.245570990652474e-13,4.4407607507788714e-15,-6.573880664808239e-17,9.306623217651448e-11,-8.615602816826233e-14,6.265827203823558e-16,9.306619718337889e-11,-8.615602809095641e-14,-2.5089159800245256e-17,9.306623167041698e-11,1.9127394275309375e-16,-5.753103942139739e-17,1.8047016203268143e-16,1.8547638087614255e-07,9.306623167041698e-11,1.9129897893880534e-16,-6.575028641686683e-17,1.912947767244918e-16,9.30662316749253e-11,-6.573359073470981e-17,1.8046115712688653e-16,9.30662316751914e-11,9.30662316427417e-11,-6.57476075820321e-17,9.306623049775046e-11,-6.23689674841317e-13
0.9999753888313777,0.9999668629511744,0.9999668374404332,1.0378159311359993e-10,1.0096641909668477e-10,0.9999668374404351,1.0270081019499495e-10,1.009664195311612e-10,1.0096641899482407e-10,9.306623186288165e-11,9.813358879806436e-11,9.306623165960929e-11,0.9999696000094928,1.0480162318106322e-10,1.0436028140659783e-10,1.0270080969964704e-10,1.1088582402647046e-10,1.0448472885355174e-10,0.9999668629511724,1.1706898571221292e-10,1.1495628803600218e-10,9.905921812804047e-11,1.0448472894288655e-10,0.9999668424310992,1.0869964587824174e-10,9.813358835364121e-11,1.0270081077580918e-10,1.0929155088517072e-10,1.0263183965352094e-10,0.9999664756558765,1.0378159263890936e-10,1.0263183997841344e-10,9.306623166452401e-11,9.813358899755178e-11,1.2299675857770727e-10,1.086996458315012e-10,1.7068660057458476e-10,1.092915515970436e-10,1.0378159347636557e-10,1.1229878126979286e-10,1.086996455557827e-10,1.0096641971414908e-10,1.0436028124142602e-10,0.999966837440437,1.0270080971074751e-10,1.0378159323689324e-10,1.0448472934193964e-10,1.0145625970046347e-10,9.813358869179668e-11,1.1229878203377648e-10,1.469396184808971e-10,9.813358888577566e-11,9.8133588752879e-11,1.0586314304074733e-10,1.0263184016487334e-10,0.9999668374404386,1.0096641957360596e-10,1.0378159327033839e-10,0.9999668276839104,1.0096641967321575e-10,1.0448472880061083e-10,0.999966862951174,1.0480162394577882e-10,1.0270080965141749e-10,1.122987817226401e-10,0.9999664423009538,0.9999668629511724,1.0480162345183058e-10,1.0263183994320926e-10,1.0480162377807143e-10,0.9999668629511711,1.0263183991429719e-10,1.1229878186736703e-10,0.9999668629511731,0.9999668629511728,1.0263183907399921e-10,0.999966862721388,1.0436028118012914e-10
1.0782673674000856e-06,1.0480162317724957e-10,1.0480161981376718e-10,-2.4625722840883175e-16,3.929532232644104e-17,1.0480161981376718e-10,4.5779370867622865e-17,3.930684778262102e-17,3.921988660140693e-17,1.9128523384706893e-16,1.5379851295029465e-16,1.9129208770124053e-16,1.0480162318106322e-10,2.73705839693096e-06,1.5480354648034472e-16,4.593672913713656e-17,3.2825075266376364e-15,3.267978037382166e-17,1.0480162322240776e-10,5.222517106636059e-17,-5.468910373125288e-17,1.903026136477184e-16,3.256661095156523e-17,1.0480161783705007e-10,-3.4580422392663437e-15,1.5379852482434752e-16,4.5779370867622865e-17,3.4684569975775854e-15,4.9241311578421245e-17,1.048013005856733e-10,-2.462753404804434e-16,4.936748916465177e-17,1.9129077925359463e-16,1.5366289956379728e-16,-5.5295876881566265e-17,-3.458086606344243e-15,6.362774708167021e-18,3.468334607249028e-15,-2.462005643328607e-16,-5.359420988527003e-17,-3.458086606344243e-15,3.921988660140693e-17,1.5480354648034472e-16,1.0480161981810941e-10,4.5779370867622865e-17,-2.4628618307066223e-16,3.256661095156523e-17,-5.142613955647415e-13,1.5379851295029465e-16,-5.344836178641632e-17,-1.9355759991595354e-17,1.5373339059344292e-16,1.5379852482434752e-16,-1.8727653424103467e-15,4.929246669256054e-17,1.0480161981376718e-10,3.93457343101244e-17,-2.4623773602941176e-16,1.0480163349717127e-10,3.930684778262102e-17,3.262679128996584e-17,1.048016231754554e-10,-1.1892190699040713e-13,4.577764388915948e-17,-5.344836178641632e-17,2.0886341687245284e-07,1.048016231754554e-10,-1.1892190753922523e-13,4.9241311578421245e-17,-1.1892190719740233e-13,1.0480162318106322e-10,4.9205066647638124e-17,-5.359420988527003e-17,1.0480162322240776e-10,1.0480162318106322e-10,4.929246669256054e-17,1.0480162366358421e-10,1.5478764281482653e-16
1.0773886077141768e-06,1.0436028137931108e-10,1.0436028104761545e-10,4.956374953454659e-16,-2.9163561085877774e-17,1.0436028104070133e-10,-4.0350748309982286e-17,-2.9163561085877774e-17,-2.923341958818369e-17,-6.236896746009729e-13,-4.803693758964705e-13,-6.236896746600639e-13,1.0436028140659783e-10,1.5480354648034472e-16,2.737058037710983e-06,-4.034452293441818e-17,-5.9807725472266616e-15,-1.4828398467948463e-17,1.0436028140659783e-10,-4.610416919167529e-17,1.5013995678422774e-16,-6.153308999710862e-13,-1.4813916070194738e-17,1.0436028593630129e-10,6.3968577663636155e-15,-4.803693763668692e-13,-4.032962440836418e-17,-6.3229016009303975e-15,-4.677046956574368e-17,1.0436077340878657e-10,4.956172700221429e-16,-4.676507367720835e-17,-6.236896748647078e-13,-4.803693758590722e-13,1.5538482607556374e-16,6.396857883944339e-15,6.100329710125062e-17,-6.322920568902342e-15,4.956176218130077e-16,1.466179368007747e-16,6.396788548799084e-15,-2.919964170961317e-17,-4.791474802263911e-13,1.0436028105698534e-10,-4.030549256863653e-17,4.956366006539351e-16,-1.481687265004664e-17,5.160063986917361e-16,-4.803693759797736e-13,1.466073789170693e-16,9.748940550250351e-17,-4.80369375932421e-13,-4.803693759829296e-13,3.483965821361022e-15,-4.676655714900016e-17,1.043602810407014e-10,-2.9229955667544475e-17,4.956020220618474e-16,2.0798414811895244e-07,-2.920321026243903e-17,-1.4816872646339006e-17,1.0436028140659783e-10,1.5473562305786407e-16,-4.032962440836418e-17,1.466073789170693e-16,2.0798464099753806e-07,1.0436028140659783e-10,1.5481683229303014e-16,-4.678921920278164e-17,1.5478764281482653e-16,1.0436028137715419e-10,-4.67757828191234e-17,1.4664079053235924e-16,1.0436028140659783e-10,1.0436028140511352e-10,-4.677144783377156e-17,1.0436028048952495e-10,-4.791474803346985e-13
1.0740809214099232e-06,1.0270080970887291e-10,1.0270080786024227e-10,1.1933440905714388e-16,5.281017243960657e-18,1.0270080786024227e-10,6.350606680951047e-15,5.307275627017329e-18,5.323988569806507e-18,-5.752088154429965e-17,-4.116728023200153e-17,-5.751610250368887e-17,1.0270080969964704e-10,4.593672913713656e-17,-4.034452293441818e-17,2.7370585225235897e-06,-1.2853389462770405e-15,8.89434154501249e-18,1.0270080965715063e-10,7.053375461807354e-15,4.626086592819066e-17,-5.597999023258688e-17,8.9441556163586e-18,1.0270080925722861e-10,1.4011794919663355e-15,-4.106963545274901e-17,6.350606941317435e-15,-1.3598566911013326e-15,1.752551749654796e-18,1.0270088933773488e-10,1.1939133108090787e-16,1.822029274323861e-18,-5.75438348963455e-17,-4.11007358835262e-17,4.815882611374673e-17,1.4011794919663355e-15,3.2962161897370643e-17,-1.3597786476728842e-15,1.1943219030820078e-16,4.494984683554601e-17,1.4010975590957657e-15,5.323988569806507e-18,-4.030549256863653e-17,1.0270080786024227e-10,6.350605931477921e-15,1.1939133108090787e-16,8.89434154501249e-18,1.234831083527264e-16,-4.109767915452411e-17,4.500689816657984e-17,3.810101797397072e-17,-4.109767915452411e-17,-4.1100735197998e-17,7.684173412563158e-16,1.832179429892695e-18,1.0270080786024227e-10,5.287986491579316e-18,1.1939133108090787e-16,1.0270080111801853e-10,5.287986491579316e-18,8.89434154501249e-18,1.0270080965860633e-10,4.5795060064525144e-17,6.3506059186540124e-15,4.493635222400106e-17,2.0467700528650566e-07,1.027008096913063e-10,4.57776445386138e-17,1.7980906200157193e-18,4.5876061974320416e-17,1.0270080965715063e-10,1.752551749654796e-18,4.4985945649593486e-17,1.0270080963549892e-10,1.0270080969939032e-10,1.837578057105924e-18,1.0270080944054846e-10,-4.030549256863653e-17
1.0904052715757488e-06,1.1088582398037828e-10,1.1088586682252991e-10,2.2503744367747442e-11,-1.0171462124596104e-15,1.1088586681431222e-10,-1.2852841293868177e-15,-1.0171676504092935e-15,-1.0171462124596104e-15,-7.640495763395024e-15,-5.9760447773543174e-15,-7.640495763390737e-15,1.1088582402647046e-10,3.2825075266376364e-15,-5.9807725472266616e-15,-1.2853389462770405e-15,2.7367782202607747e-06,-6.9484062935034e-16,1.108858239819712e-10,-1.4676179555079301e-15,3.136655885169989e-15,-7.560126702263793e-15,-6.947941780802499e-16,1.1088597235781003e-10,1.4974618512212124e-13,-5.976018041139499e-15,-1.285341173643012e-15,-2.963371645847818e-10,-1.436111859548309e-15,2.210138167385429e-07,2.2503744367273636e-11,-1.436111859548309e-15,-7.64051453186819e-15,-5.9760091266945174e-15,3.232243210130224e-15,1.4974618512212124e-13,8.694557388915277e-16,-2.9633716458424467e-10,2.2503744368030477e-11,3.066588700449946e-15,1.4974618512212124e-13,-1.0171929351747437e-15,-5.980805626147538e-15,1.1088586678739329e-10,-1.2853350572097692e-15,2.2503744367807003e-11,-6.947124141954309e-16,2.3480818079560057e-11,-5.975976987979339e-15,3.0666700942946627e-15,1.8080804176745918e-15,-5.975994715160568e-15,-5.9760447773543174e-15,8.140864138842229e-14,-1.4361958240460438e-15,1.1088586683084462e-10,-1.0171929351747437e-15,2.2503744367855296e-11,1.1088523853058502e-10,-1.0171462124596104e-15,-6.947941780802499e-16,1.1088582402648124e-10,3.282503231489764e-15,-1.2853350572097692e-15,3.066644913867331e-15,2.2100120027026864e-07,1.1088582398037828e-10,3.282501158558448e-15,-1.4361958240460438e-15,3.282501158558448e-15,1.1088582398037828e-10,-1.436111859548309e-15,3.0666618316998597e-15,1.1088582400918876e-10,1.1088582400918876e-10,-1.4361988819334846e-15,1.1088580310577922e-10,-5.9807334748329396e-15
1.0776361520150974e-06,1.0448472885355174e-10,1.0448472677901828e-10,7.245169674010664e-17,9.928198346541827e-18,1.0448472683186558e-10,8.9441556163586e-18,9.928198346541827e-18,9.977047830679804e-18,-2.509484560732433e-17,-1.5675195904014363e-17,-2.5103746626164086e-17,1.0448472885355174e-10,3.267978037382166e-17,-1.4828398467948463e-17,8.89434154501249e-18,-6.9484062935034e-16,2.7370585418334113e-06,1.044847288856076e-10,1.0185099008531174e-17,3.362654948692335e-17,-2.387087077909043e-17,2.4643072637870068e-14,1.044847276945074e-10,7.736773222950396e-16,-1.5636170785702025e-17,8.955471296300385e-18,-7.355614806188865e-16,8.24073539418218e-18,1.0448475594954142e-10,7.249151204483615e-17,8.281444182185085e-18,-2.5088744411413424e-17,-1.559426075759712e-17,3.5258476493468676e-17,7.736282242506291e-16,3.012539216419664e-17,-7.355786378028818e-16,7.245043522662378e-17,3.253308634716367e-17,7.736773222950396e-16,1.0001234136496942e-17,-1.4828398467948463e-17,1.0448472678211358e-10,8.9441556163586e-18,7.241427648798127e-17,2.464307299008612e-14,7.44574434412079e-17,-1.5675195904014363e-17,3.259156917497987e-17,6.196257911575258e-14,-1.5623939546929363e-17,-1.563903180860071e-17,4.2747006335204586e-16,8.269167934309543e-18,1.0448472683186558e-10,1.0001234136496942e-17,7.2434784687907e-17,1.0448472267159122e-10,1.0065896041471942e-17,2.4643072516530282e-14,1.0448472888525218e-10,3.256661095156523e-17,8.89434154501249e-18,3.2701574679167127e-17,2.0823220461226848e-07,1.044847288674893e-10,3.256661095156523e-17,8.21364287446413e-18,3.2494462538766606e-17,1.0448472888578045e-10,8.269167934309543e-18,3.261944477918004e-17,1.0448472885666378e-10,1.0448472889560229e-10,8.21364287446413e-18,1.04484728715687e-10,-1.481687265004664e-17
0.9999753888313786,0.9999668629511753,0.9999668374404342,1.0378159314180772e-10,1.0096641909422804e-10,0.9999668374404365,1.0270081016685473e-10,1.0096641954207239e-10,1.0096641895472231e-10,9.306623186597433e-11,9.81335888060711e-11,9.30662316751914e-11,0.9999668629511724,1.0480162322240776e-10,1.0436028140659783e-10,1.0270080965715063e-10,1.108858239819712e-10,1.044847288856076e-10,0.999969600009492,1.1706898568910526e-10,1.1495628799034113e-10,9.905921809586139e-11,1.0448472889013527e-10,0.9999668424311003,1.086996458283596e-10,9.813358833527246e-11,1.0270081074224034e-10,1.0929155092050477e-10,1.026318396945568e-10,0.9999664756558776,1.0378159268890573e-10,1.0263183996468263e-10,9.30662316559658e-11,9.813358897178423e-11,1.2299675856662985e-10,1.086996458315012e-10,1.7068660054511614e-10,1.092915515970436e-10,1.0378159347636557e-10,1.1229878128020489e-10,1.0869964549107362e-10,1.0096641969269831e-10,1.0436028124461447e-10,0.9999668374404374,1.0270080970280469e-10,1.0378159321961888e-10,1.0448472932824452e-10,1.0145625966266584e-10,9.813358867988553e-11,1.122987819525501e-10,1.469396185239783e-10,9.813358888577566e-11,9.813358870043624e-11,1.0586314308016094e-10,1.0263184021618835e-10,0.9999668374404388,1.0096641956700215e-10,1.0378159321155368e-10,0.9999668276839119,1.0096641965384277e-10,1.0448472877127989e-10,0.9999668629511749,1.0480162400391469e-10,1.0270080963831642e-10,1.122987817226401e-10,0.9999664423009547,0.999966862951173,1.0480162345298772e-10,1.0263183991248176e-10,1.0480162376220267e-10,0.9999668629511722,1.026318398717582e-10,1.1229878182330368e-10,0.999966862951173,0.9999668629511737,1.0263183905717472e-10,0.9999668627213896,1.0436028114721946e-10
1.1027161881585408e-06,1.1706898570911973e-10,1.1706898369880138e-10,1.3616807290633378e-16,5.99635314186633e-18,1.1706898362229628e-10,7.053376121901185e-15,6.046053137052959e-18,5.99635314186633e-18,-6.578251103533721e-17,-4.7011187309477304e-17,-6.579947926344995e-17,1.1706898571221292e-10,5.222517106636059e-17,-4.610416919167529e-17,7.053375461807354e-15,-1.4676179555079301e-15,1.0185099008531174e-17,1.1706898568910526e-10,2.7370585225607635e-06,5.2556811591435885e-17,-6.403206852753209e-17,1.0185099008531174e-17,2.3331194053173572e-07,1.599580502772789e-15,-4.701733121028235e-17,7.053376417128909e-15,-1.5527351624758592e-15,1.9467683347285492e-18,1.170690768000958e-10,1.3618817717395638e-16,1.9426866541559103e-18,-6.577362103498019e-17,-4.701104715331313e-17,5.486086851359654e-17,1.5995799863420262e-15,3.7720811282240907e-17,-1.5527351624758592e-15,1.3622607105264972e-16,5.1181060581525013e-17,1.5995579080679569e-15,6.016880612756717e-18,-4.602612036466409e-17,1.1706898366410346e-10,7.053375259441832e-15,1.3616491523259444e-16,1.0193096408837652e-17,1.4082895246126484e-16,-4.7008686522989835e-17,5.118134945041862e-17,4.329617745812524e-17,-4.7008686522989835e-17,-4.7008686522989835e-17,8.771604084926932e-16,1.9426866541559103e-18,1.1706898366410346e-10,6.016880612756717e-18,1.3622607105264972e-16,1.1706897601738412e-10,5.971599098399378e-18,1.0193096408837652e-17,1.1706898574873586e-10,5.222517106636059e-17,7.053375244762829e-15,5.118134945041862e-17,2.3331198334428648e-07,1.1706898578154552e-10,5.236600417029812e-17,1.9467683347285492e-18,5.2246853402134877e-17,1.1706898578154552e-10,1.9467683347285492e-18,5.1181060581525013e-17,1.1706898578154552e-10,1.1706898571680666e-10,2.0018721359535024e-18,2.3331194108257083e-07,-4.60667798014503e-17
1.0985052437733716e-06,1.1495628801292113e-10,1.1495628438539716e-10,-2.327007692300949e-16,3.982776197961318e-17,1.1495628438539716e-10,4.626086592819066e-17,3.9865206285299327e-17,3.9865206285299327e-17,1.8474347299574633e-16,1.490122080041287e-16,1.8473599820618737e-16,1.1495628803600218e-10,-5.468910373125288e-17,1.5013995678422774e-16,4.626086592819066e-17,3.136655885169989e-15,3.362654948692335e-17,1.1495628799034113e-10,5.2556811591435885e-17,2.7370584179283776e-06,1.8391168743026096e-16,3.362654948692335e-17,1.14956282600135e-10,-3.2991320768088857e-15,1.490564031077473e-16,4.626335950900202e-17,3.314075860124922e-15,4.951211431784668e-17,2.2910082898724199e-07,-2.327566290310301e-16,4.951211431784668e-17,1.8474562848514285e-16,1.4902113174695668e-16,-9.991523085129509e-14,-3.299136875023268e-15,1.0144629098328274e-17,3.3140830325841015e-15,-2.3277745539869378e-16,-4.8546792433678423e-17,-3.299149885459035e-15,3.9865206285299327e-17,1.5015756399632278e-16,1.1495628444583477e-10,4.626335950900202e-17,-2.3276252630817134e-16,3.34836405892561e-17,-2.4412711990181227e-16,1.4909583124411944e-16,-4.850197857079763e-17,-2.99030605018564e-14,1.4902113174695668e-16,1.4902113191933605e-16,-1.785783556731476e-15,4.951211431784668e-17,1.1495628444583477e-10,3.986518120337269e-17,-2.327678224880868e-16,1.1495629735142371e-10,3.986518120337269e-17,3.362654948692335e-17,1.1495628802318768e-10,-5.468910373125288e-17,4.61438148548389e-17,-4.850197857079763e-17,2.2910110199533328e-07,1.1495628798267814e-10,-5.468910373125288e-17,4.9551385432691596e-17,-5.454036935344e-17,1.1495628802045625e-10,4.951211431784668e-17,-4.850197857079763e-17,1.1495628799426601e-10,1.1495628803600218e-10,4.9523525194459164e-17,1.1495628848156496e-10,1.5014050538339786e-16
1.0668239399948345e-06,9.905921811465153e-11,9.905921848683056e-11,6.209911647474958e-16,-8.340606585855344e-14,9.905921848683056e-11,-5.597796565174205e-17,-8.340606551645003e-14,-8.340606602570035e-14,-7.966732454771131e-13,-6.162942499401846e-13,-7.96673245528911e-13,9.905921812804047e-11,1.903026136477184e-16,-6.153308999710862e-13,-5.597999023258688e-17,-7.560126702263793e-15,-2.387087077909043e-17,9.905921809586139e-11,-6.403206852753209e-17,1.8391168743026096e-16,2.7370577299805316e-06,-2.384594726724656e-17,9.905922451202584e-11,8.0748012102388e-15,-6.162942504032808e-13,-5.599264233548694e-17,-7.992240926618248e-15,-6.411576039048502e-17,9.905985084600228e-11,6.209968885679113e-16,-6.410963303648691e-17,-7.96673245738363e-13,-6.162942499106467e-13,1.9006155607685607e-16,8.0748012102388e-15,6.862869904146673e-17,-7.992221298445135e-15,6.209948645748701e-16,1.7964435461954821e-16,8.0748012102388e-15,-8.340606541302013e-14,-6.153309000572531e-13,9.905921846505812e-11,-5.597356406298787e-17,6.210002322922184e-16,-2.3868301682182e-17,6.469498686254144e-16,-6.162942500205173e-13,1.7965165325771038e-16,1.159694628182277e-16,-6.162942499790519e-13,-6.162942500302854e-13,4.3956836024817144e-15,-6.410385510816564e-17,9.905921845934998e-11,-8.340606551728904e-14,6.209998255992327e-16,1.9741941254773652e-07,-8.340606543453093e-14,-2.3871552371303914e-17,9.905921805471671e-11,1.9029179154611714e-16,-5.599568728860641e-17,1.796447518045275e-16,1.9742005740389514e-07,9.905921809014769e-11,1.9029355871265467e-16,-6.411594328532515e-17,1.903017368889752e-16,9.905921811465153e-11,-6.410385510816564e-17,1.7964198577439547e-16,9.905921811465153e-11,9.905921808030578e-11,-6.410860005467567e-17,9.90592169719595e-11,-6.153309001645372e-13
