0.9999999999911733,1.4593557003142365e-09,1.1600994979148985e-09,1.1441515565286989e-09,0.9999999944973853,1.3918453127403068e-09,9.987991481012452e-10,0.9999999948428266,0.9999999948428279,1.2251075237311638e-09,1.4633695649773108e-09,1.2206099735337822e-09,1.17574599045167e-09,1.3856391371756272e-09,1.0422276108626678e-09,0.999999994842829,1.4593563288551086e-09,0.9999999950162842,1.4593562514569606e-09,1.1324419397952114e-09,1.281562757793857e-09,1.1143173319188736e-09,1.1583934665536863e-09,1.173946851506241e-09,1.1383996963184667e-09,1.4593563481908697e-09,1.1383997014186096e-09,1.2924818330478023e-09,1.1205519554218418e-09,1.280632316361005e-09,1.1066186587809966e-09,1.2894071230942597e-09,8.009950276021801e-10,0.9999999948428275,1.1757451269877197e-09,9.595870304996727e-10,1.0784034023014201e-09,1.0932367539587076e-09,0.9999999949304653,1.459360074060137e-09,1.107836089008053e-09,1.1405372771818854e-09,0.9999999948428266,0.9999999949024182,1.1213202579358592e-09,1.0644652786341114e-09,1.2157451600773776e-09,1.2088344597539023e-09,1.140263733022982e-09,0.9999999948428239,1.1793933632528157e-09,1.1757459535171684e-09,1.4593563288208143e-09,1.3376958356650396e-09,1.289407121883338e-09,1.4593563482270381e-09,1.4427249850239873e-09,0.9999999950043383,1.2710534600048047e-09,1.4579749578196109e-09,1.208834459486948e-09,1.457974928761985e-09,0.9999999946869453,1.0002689858491127e-09,1.2088344694279669e-09,1.3582523693676636e-09,1.4593605390401164e-09,1.4633726644884736e-09,1.244778208820994e-09,0.9999999950528115,1.2157456249901993e-09,1.1295624066656089e-09,1.4593563452976398e-09,0.9999999949200057,1.075478222987142e-09,1.0970860452564513e-09,1.2924821435017751e-09
1.4593557003142365e-09,-1.8705713901156702e-10,2.2415276602947527e-15,1.7670228169256982e-15,4.433656360332272e-10,1.8562998580083434e-15,2.0350718289092888e-15,2.1497734348748324e-13,2.1497744167569598e-13,1.666087995555798e-15,1.8921665328660366e-15,1.6829629293310534e-15,1.963026470794557e-15,1.6733931677547086e-15,1.9754225254151554e-15,2.1497727425789282e-13,3.7988881441639285e-12,4.367947277054992e-10,3.7988881441645125e-12,1.9252202753327164e-15,1.6648094140756063e-15,1.9679691282487198e-15,1.9644903452128205e-15,2.0602765589012768e-15,1.9534480730328643e-15,3.7988881441589274e-12,1.9539428803404166e-15,1.709933187305886e-15,1.8153658050391785e-15,1.725239173709046e-15,1.8046843961016703e-15,1.6142146412055136e-15,1.931162657534845e-15,2.1497756737511308e-13,1.9630264713162654e-15,2.055122030859326e-15,1.8492743543372048e-15,1.9914613804169232e-15,2.1476617161597222e-13,3.7988881441600285e-12,1.7699601207957167e-15,1.8273918611521573e-15,2.1497734348748324e-13,2.1583102332125253e-13,1.982626726712717e-15,1.8094973915823307e-15,1.817855498583716e-15,1.8449791504083846e-15,1.8381939753059874e-15,2.14977343487956e-13,1.869124936693622e-15,1.963026470794557e-15,3.79888814416426e-12,2.7464675406443143e-15,1.614281822551449e-15,3.798888144159424e-12,1.8977341580349564e-15,4.4967849876137875e-10,1.719323071267918e-15,1.8988895396052667e-15,1.8449166983656966e-15,1.8988895396052667e-15,2.1714965127650896e-13,2.0533460287881334e-15,1.8451523554702025e-15,1.6624768034503606e-15,3.798888144163273e-12,1.8921665328660366e-15,4.491594838418173e-12,2.147597128415567e-13,1.8176969883855734e-15,1.8067285672115025e-15,3.798888144156246e-12,2.150827170249204e-13,2.161754361672563e-15,2.003297767081029e-15,1.7102256468233942e-15
1.1600994979148985e-09,2.2415276602947527e-15,-1.8572036554738838e-10,2.008424292803835e-15,1.381021253834919e-10,2.1893350810341393e-15,4.790500573624946e-12,6.169709378691781e-14,6.169709378691781e-14,1.921355246257937e-15,2.2276139097466727e-15,1.9378131813438897e-15,2.2299333619539186e-15,2.0178310463014948e-15,4.565566514252136e-12,6.169709378531592e-14,2.2415276596911132e-15,6.600284581677452e-14,2.2416805811062943e-15,2.19670645062815e-15,1.9713700249487583e-15,2.226432718587583e-15,4.5171145633828826e-12,2.3671460007682588e-15,2.2189712431062294e-15,2.2416805811067916e-15,2.2189712427664303e-15,1.9667366489852254e-15,2.0521069299001632e-15,3.923980479700263e-12,2.038011702366685e-15,1.8640402389745895e-15,4.733387516121788e-12,6.169709378531592e-14,2.229948771477793e-15,4.845476891172927e-12,2.078094430903257e-15,2.2423842516763543e-15,6.148794490535412e-14,2.2415276607166032e-15,2.0098641787510146e-15,2.0544789291338497e-15,6.169709378691781e-14,1.2466908020949565e-10,2.242206185693259e-15,2.050791084769527e-15,2.097496849516898e-15,4.2259703862716144e-12,2.0661184180490326e-15,6.169729710708319e-14,2.199257976530016e-15,2.2295884841336042e-15,2.241778259415595e-15,3.085692631365682e-15,1.863941054070394e-15,2.2415276596907563e-15,2.2307015197011612e-15,1.4461577274092106e-10,1.968882253749137e-15,2.231506269121708e-15,4.225970386257122e-12,2.231117747117349e-15,6.388390506078419e-14,4.821536344153219e-12,4.225970386267348e-12,1.9251769775208835e-15,2.241715482548029e-15,2.227364758959141e-15,2.793960800176216e-15,6.148897214914801e-14,2.097496849516898e-15,2.044785925138397e-15,2.2415276596907563e-15,1.2315967871949684e-10,2.446670781959753e-15,2.3832187858099396e-15,1.9667366489852254e-15
1.1441515565286989e-09,1.7670228169256982e-15,2.008424292803835e-15,-1.877968058686376e-10,8.213530421309646e-14,1.7326064961617119e-15,1.9119713806093863e-15,7.694844666602083e-14,7.694810465967755e-14,1.4925623895983033e-15,1.7599235339723497e-15,1.5028013900114732e-15,1.7089328208329326e-15,3.2348682591404953e-12,3.568553094796252e-12,7.69483120830649e-14,1.7672277911661418e-15,7.990509150115699e-14,1.7670228169256982e-15,1.6907981021237535e-15,3.115334463624852e-12,1.6995790330765328e-15,1.7664370424686279e-15,1.8322526508430257e-15,1.7007531084221903e-15,1.767122577473806e-15,1.7007531084221903e-15,1.5234854551662249e-15,3.115333043659979e-12,1.5206083506507134e-15,1.5527345160424352e-15,1.449384755350328e-15,3.884777586940773e-12,7.694810465967755e-14,1.7090681606168394e-15,1.9371893853270538e-15,1.5768622572958287e-15,1.7034040962399123e-15,7.680911374226103e-14,1.7672277911661418e-15,1.5395234895024254e-15,1.5599331811977233e-15,7.69481046589347e-14,7.754525412556915e-14,1.7110087230009115e-15,1.568128789070113e-15,1.6285815432486186e-15,1.6466835187941992e-15,3.120577767141526e-12,7.694810465967755e-14,3.456488012594349e-12,1.7088570165239967e-15,1.7672277890100627e-15,2.340342880946768e-15,1.4493845872942075e-15,1.7671225845754236e-15,1.7614417499331184e-15,1.681977502065058e-10,1.5191637462468368e-15,1.7608992892902916e-15,1.6466835187941992e-15,1.7608992892902916e-15,7.843026561586786e-14,1.9205897888359552e-15,1.6466835187941992e-15,1.500836901160516e-15,1.7671225845754236e-15,1.7597895347428126e-15,4.5709961611129066e-12,7.681537381445723e-14,1.628386544586441e-15,3.108293455824897e-12,1.767231291419618e-15,7.702854713226642e-14,1.8686745818537514e-15,1.900178992252889e-15,1.523475936232839e-15
0.9999999944973853,4.433656360332272e-10,1.381021253834919e-10,8.213530421309646e-14,1.0000000003138636,3.7528230891999166e-10,-3.412610865385914e-11,1.0000000009368193,1.0000000009368184,1.2014471375976204e-13,4.4617736817881973e-10,1.179355003292783e-13,9.279775432612046e-14,1.829900624622252e-13,3.0710282166897496e-11,1.0000000009368193,4.4336981624630206e-10,1.000000001049359,4.4337021580720856e-10,1.3974618301504733e-10,1.3839006819070915e-13,1.265828858958037e-10,7.613924969449501e-14,1.671156861719393e-10,1.4805604198351192e-10,4.433694397883214e-10,1.480565628823575e-10,1.5373975820484995e-13,7.119341175336678e-14,1.4955022351171882e-13,6.482180359788015e-14,1.5328938924303721e-13,-1.3158224343900085e-13,1.00000000093682,9.279742919529878e-14,-7.60967310282073e-11,5.147012828942062e-14,5.4377599121648745e-14,1.0000000010251469,4.4337010695703736e-10,6.415674483488371e-14,8.29332297105864e-14,1.0000000009368184,1.0000000009841057,1.332804741793967e-10,4.2254350480808654e-14,1.1053587581067225e-13,2.133472293089066e-10,8.266544919312994e-14,1.0000000009368177,8.225361738790686e-14,9.279731830590652e-14,4.4337022338568766e-10,1.583360159076992e-13,1.5328940274506235e-13,4.4336961452389886e-10,4.260841118916018e-10,1.00000000094855,1.443504887908089e-13,4.4167839353544245e-10,2.1334639015846122e-10,4.4167848547470116e-10,1.000000000760515,-3.1712461442856116e-11,2.1334690963537292e-10,1.8557032113163102e-13,4.4336986708562777e-10,4.4617767754394087e-10,1.4831173917382764e-10,1.0000000011446302,1.1053615403774446e-13,7.540497131329264e-14,4.4336922847408237e-10,1.0000000010106094,7.661767557925547e-11,6.183634649329146e-11,1.537395081199005e-13
1.3918453127403068e-09,1.8562998580083434e-15,2.1893350810341393e-15,1.7326064961617119e-15,3.7528230891999166e-10,-1.8728451285092488e-10,1.9727266582875473e-15,1.8073427801614504e-13,1.8073409211756542e-13,1.6270864148364258e-15,3.653860629807375e-12,1.6440810374138155e-15,1.92533356145533e-15,3.20699883990287e-12,1.925389471810899e-15,1.8073427801419347e-13,1.8561293398425924e-15,1.84998839708187e-13,1.856274175715138e-15,1.885680269376429e-15,3.2077692208462396e-12,1.9324296974839307e-15,1.9172877281452697e-15,4.006606450046522e-12,1.916117612824428e-15,1.85618360771959e-15,1.9161175794128277e-15,1.6714874729950551e-15,1.7828350230335454e-15,1.6888332246359919e-15,3.5274776358191703e-12,3.1339756072884296e-12,3.673685334429553e-12,1.8073427801419347e-13,1.9252773037906716e-15,1.9911756638337805e-15,1.8186570780664747e-15,1.9579881796787506e-15,1.8051955972915835e-13,1.85618360771959e-15,3.4534864609781808e-12,1.7972947560569644e-15,1.8073427801614504e-13,1.8159569914588184e-13,1.9470413789919106e-15,1.7759151652459327e-15,1.7751041877966938e-15,1.8027767689008184e-15,1.808069300927551e-15,1.807342780154705e-13,3.6095948268969838e-12,1.9254415080201146e-15,1.856299857614466e-15,2.7021337236359488e-15,3.1339756072938818e-12,1.8561293398425924e-15,3.665467079647679e-12,3.8163444553474167e-10,1.6821858899003568e-15,3.668413714321557e-12,1.802661213504159e-15,3.668413714324224e-12,3.6450936909278186e-10,1.9915262130225645e-15,1.802813693940372e-15,3.2257155990736506e-12,1.856274175715138e-15,3.653860629801953e-12,4.29469051310444e-12,1.8051159167506912e-13,1.7751041865573229e-15,1.7737987497025399e-15,1.85618360771959e-15,1.8083928346778619e-13,2.1222493375397695e-15,3.8552243241005876e-12,1.6710368872152956e-15
9.987991481012452e-10,2.0350718289092888e-15,4.790500573624946e-12,1.9119713806093863e-15,-3.412610865385914e-11,1.9727266582875473e-15,-1.8657763619009944e-10,-2.5651711577735535e-14,-2.5651595455199655e-14,3.5614219477461197e-12,4.0040164643695555e-12,3.599563235886396e-12,2.1245050196070747e-15,1.7593012908867427e-15,4.207261963949088e-12,-2.5651547107458827e-14,2.035048516787533e-15,-2.0861970123457234e-14,2.0352821996189224e-15,2.0791066169327674e-15,1.7662298432686798e-15,2.1342641229406736e-15,4.1943915617931576e-12,2.217227337437559e-15,2.114470204071592e-15,2.0352821996189224e-15,2.1144702047832666e-15,1.840535087658738e-15,1.969587103367079e-15,1.8618934923505137e-15,1.958601193496521e-15,1.733644462377475e-15,3.9899040625820505e-12,-2.5651446165192943e-14,2.124422033976204e-15,4.333202123824686e-12,2.011462175945877e-15,2.164209157857607e-15,-2.5893436563597307e-14,2.035048516787533e-15,1.9154053272163538e-15,1.987689420451344e-15,-2.5651643322066665e-14,-4.923182391883947e-11,2.1504728785429434e-15,1.96048431066897e-15,3.885200770006746e-12,3.946943527885749e-12,1.9996145775541503e-15,-2.56516433220665e-14,1.9897173565222574e-15,2.1245532233076445e-15,2.0352821996189224e-15,2.986723004123997e-15,1.7338453262838798e-15,2.0352821996189224e-15,4.017542495214461e-12,-2.7005987632744904e-11,1.8545207927420484e-15,2.0221832556469833e-15,3.946943527869501e-12,2.0222990633482553e-15,-2.3177818581714075e-14,4.337529711235199e-12,3.946943527881001e-12,1.7835927385422436e-15,2.035293681933729e-15,4.004016464363857e-12,4.665700220748379e-12,-2.5903706126822167e-14,3.885200770003292e-12,1.958910448597908e-15,2.0352821996189224e-15,-5.09249111134068e-11,2.3442652486506875e-15,2.1198419576083656e-15,1.8405350876864708e-15
0.9999999948428266,2.1497734348748324e-13,6.169709378691781e-14,7.694844666602083e-14,1.0000000009368193,1.8073427801614504e-13,-2.5651711577735535e-14,1.0000000011701986,1.0000000013610877,1.1449701962616306e-13,2.162879804799879e-13,1.1230511927119564e-13,8.706575143605761e-14,1.7494183158329074e-13,8.285149110767763e-15,1.0000000013610892,2.1497928881855861e-13,1.0000000014763855,2.14979796462825e-13,6.423912502349231e-14,1.3135554828146837e-13,5.802488346326257e-14,6.93456428461535e-14,7.712331378713155e-14,6.859847109111416e-14,2.1497945767994824e-13,6.859890098108764e-14,1.4809671731301675e-13,6.617060642129898e-14,1.4417390524551013e-13,5.988263004567949e-14,1.4774723788817063e-13,-1.4226017270941217e-13,1.000000001361089,8.706508435154263e-14,-4.689800639954012e-14,4.6679626431503994e-14,4.9112667739591983e-14,1.000000001448967,2.1497972213634793e-13,5.900544404163034e-14,7.817455596325489e-14,1.0000000013610888,1.000000001408946,6.13703446555533e-14,3.710774058435948e-14,1.0436134399260871e-13,1.0091835919575789e-13,7.789292874907036e-14,1.0000000013610872,7.474900104225737e-14,8.706504698752125e-14,2.149795717343334e-13,1.5122215420372974e-13,1.4774731708853733e-13,2.1497958813648037e-13,2.0624885843672445e-13,1.0000000013805048,1.3891262897590176e-13,2.1410070956171514e-13,1.0091801503118104e-13,2.1410080793211797e-13,1.0000000011876233,-2.4360418982030717e-14,1.009181879262836e-13,1.7972005187386862e-13,2.149794896586178e-13,2.162881536498765e-13,6.176242053931627e-14,1.0000000015680388,1.0436150561260447e-13,7.033091793869021e-14,2.1497916339844326e-13,1.0000000014347143,3.238095248256065e-14,2.2300322965862788e-14,1.4809682072919845e-13
0.9999999948428279,2.1497744167569598e-13,6.169709378691781e-14,7.694810465967755e-14,1.0000000009368184,1.8073409211756542e-13,-2.5651595455199655e-14,1.0000000013610877,1.0000000011701973,1.1449700258982955e-13,2.1628810745845816e-13,1.1230503377620854e-13,8.706575143605765e-14,1.749418249007555e-13,8.285149110767763e-15,1.0000000013610881,2.1497945702292064e-13,1.0000000014763848,2.149799388806238e-13,6.42392243311327e-14,1.3135576313324913e-13,5.802521969018336e-14,6.934564284366636e-14,7.712334746551337e-14,6.859847109112436e-14,2.1497933007847517e-13,6.859867911012593e-14,1.4809658570438488e-13,6.617060642129898e-14,1.4417377226636125e-13,5.988241220622207e-14,1.477473556736064e-13,-1.4226044742874943e-13,1.0000000013610886,8.706508435359214e-14,-4.689800639953914e-14,4.6679626431503994e-14,4.911253816106378e-14,1.0000000014489665,2.1497975876266228e-13,5.900564488669211e-14,7.817440908547167e-14,1.0000000013610872,1.000000001408946,6.137043981059552e-14,3.710774166836063e-14,1.0436119297363673e-13,1.0091833032139684e-13,7.789279544841475e-14,1.0000000013610866,7.474900561270741e-14,8.706511763691233e-14,2.1497956181038288e-13,1.5122215420372974e-13,1.4774743001033107e-13,2.1497958813648037e-13,2.0624885843672445e-13,1.0000000013805048,1.3891301015366545e-13,2.1410083154326124e-13,1.0091800699924032e-13,2.1410080793211797e-13,1.0000000011876229,-2.4360414514035985e-14,1.0091815310410683e-13,1.7972013407578697e-13,2.1497940833904034e-13,2.1628811647551802e-13,6.1762420539317e-14,1.000000001568039,1.0436170086549783e-13,7.033091793869021e-14,2.1497948406547934e-13,1.0000000014347137,3.2380983992234626e-14,2.2300270076648874e-14,1.4809682072796744e-13
1.2251075237311638e-09,1.666087995555798e-15,1.921355246257937e-15,1.4925623895983033e-15,1.2014471375976204e-13,1.6270864148364258e-15,3.5614219477461197e-12,1.1449701962616306e-13,1.1449700258982955e-13,-1.880156319660984e-10,3.292725309828319e-12,2.865041951023616e-12,1.65702515605694e-15,1.4999369076497816e-15,1.7055870131690088e-15,1.1449712001068214e-13,1.6660660757082768e-15,1.1769095805032402e-13,1.6662495856632607e-15,1.632443865363065e-15,1.4652514987548886e-15,1.6540370387993899e-15,3.3564923402748413e-12,1.7587391740562599e-15,1.649063683940575e-15,1.666087995555798e-15,1.6490678685079276e-15,1.4615707150066713e-15,1.5247739050254506e-15,1.4652301024243667e-15,1.5137965994154309e-15,1.3848530773005559e-15,3.5212053405994177e-12,1.144970933557641e-13,1.6571339971843691e-15,3.6029176628575194e-12,1.5441029718189516e-15,1.6656287159813992e-15,1.1434181265140736e-13,1.6660235674303252e-15,1.4930871839882006e-15,1.5263407722271393e-15,1.1449705898532978e-13,1.1514174074536235e-13,1.6662691612733528e-15,1.5232707758101663e-15,3.0999591681901835e-12,1.5781860749226893e-15,1.5351931986395335e-15,1.144970933557641e-13,1.6346466736995199e-15,1.65702515605694e-15,1.6660615674634399e-15,2.2917284549712643e-15,1.3848530773005559e-15,1.6660615691299125e-15,1.6584692377071174e-15,2.4420391318223717e-10,1.4627428236417727e-15,1.6583968287524954e-15,1.578017174632144e-15,1.6583436896761771e-15,1.1611948775600682e-13,3.584347946774479e-12,1.578017174632144e-15,1.4305853079850174e-15,1.6663257948161782e-15,3.2927253098235884e-12,4.135255647931465e-12,1.1434245886077846e-13,3.0999591681877197e-12,1.5195355718727146e-15,1.6660235674303252e-15,1.1457945719523592e-13,1.817856146759204e-15,1.7718901190283477e-15,1.4614348919734719e-15
1.4633695649773108e-09,1.8921665328660366e-15,2.2276139097466727e-15,1.7599235339723497e-15,4.4617736817881973e-10,3.653860629807375e-12,4.0040164643695555e-12,2.162879804799879e-13,2.1628810745845816e-13,3.292725309828319e-12,-1.8713831278579495e-10,1.6726951943588168e-15,1.955221741933612e-15,3.28071178104264e-12,1.9604328036264063e-15,2.162879804799879e-13,1.892446139955438e-15,2.2056679656629607e-13,1.8923834081380196e-15,1.9160750833883712e-15,1.6462830861593597e-15,1.9614980194757995e-15,1.9510667319176417e-15,4.0745029476649e-12,1.945773184742137e-15,1.8922163282900096e-15,1.9460765389335347e-15,1.6996877327936856e-15,1.809655693222999e-15,1.7164531516468268e-15,1.799204569716829e-15,3.1889239123202263e-12,1.8968954753857287e-15,2.1628810745898553e-13,1.9551273479808162e-15,2.0327834587378774e-15,1.8452276698440196e-15,1.9863554558570554e-15,2.1607319015701076e-13,1.8921782171335227e-15,1.7629054568379707e-15,1.8232778643260528e-15,2.1628787876235843e-13,2.1715243483103244e-13,1.976222563148714e-15,1.8030658743853664e-15,1.806202239838121e-15,1.8336897858104943e-15,1.833974162606269e-15,2.1628798047991967e-13,1.8511427853468087e-15,1.955221741933612e-15,1.8921665328660366e-15,2.7404284119801834e-15,3.188923912325727e-12,1.892219507769665e-15,3.737668569564739e-12,4.525584500075482e-10,1.7103734509270928e-15,3.740419786888813e-12,1.8336897858104943e-15,3.7404197868916945e-12,4.3537512449941847e-10,2.0323577451092093e-15,1.8335541648841684e-15,1.6507064480405792e-15,1.892500407018477e-15,3.726300626719433e-12,2.2190504513277065e-15,2.1606587619436477e-13,1.8060035966009694e-15,1.8006554950517607e-15,1.892392613598982e-15,2.1639361837748324e-13,2.1545497230145325e-15,3.9376354387198365e-12,1.6996943883552684e-15
1.2206099735337822e-09,1.6829629293310534e-15,1.9378131813438897e-15,1.5028013900114732e-15,1.179355003292783e-13,1.6440810374138155e-15,3.599563235886396e-12,1.1230511927119564e-13,1.1230503377620854e-13,2.865041951023616e-12,1.6726951943588168e-15,-1.8797258562664327e-10,1.6695100197357055e-15,1.5182102222537113e-15,1.7214377239751376e-15,1.123050508323683e-13,1.6827405035373942e-15,1.154914757116901e-13,1.6827219903399629e-15,1.645113183475443e-15,1.4811568329477805e-15,1.6656373354877246e-15,3.386052956666977e-12,1.7735688493201963e-15,1.660915930196301e-15,1.6827219903399629e-15,1.6609672051162682e-15,1.4735812587758503e-15,1.5353914352682244e-15,1.4769438970172605e-15,1.5241194641951484e-15,1.3970288665297655e-15,3.570295614910938e-12,1.1230511927119564e-13,1.668906969531445e-15,3.641930653267469e-12,1.5539442250036252e-15,1.6767004254247562e-15,1.1215041867206136e-13,1.6829629293310534e-15,1.5039823962951597e-15,1.5362978812114445e-15,1.1230503377620854e-13,1.1294787266094772e-13,1.6774513989188746e-15,1.534639754370779e-15,3.126771149162831e-12,1.5913704247331124e-15,1.5450633592520144e-15,1.123051026361607e-13,1.651122474826461e-15,1.668906969531445e-15,1.6828365155785875e-15,2.3069028651104657e-15,1.3970770068847855e-15,1.6827219903399629e-15,1.6751048255097565e-15,2.39799647105194e-10,1.4745622980085366e-15,1.675222727293332e-15,1.59179306545913e-15,1.6750975981923737e-15,1.1392176721532194e-13,3.6220401362170823e-12,1.5915209248987474e-15,1.443622137003518e-15,1.6827219903399629e-15,1.6723648178983932e-15,4.193649526197872e-12,1.1215167210742648e-13,3.126771149160355e-12,1.5303016779512027e-15,1.6829629293310534e-15,1.1238768966866733e-13,1.8305557706721764e-15,1.79126952084098e-15,1.4737018072256485e-15
1.17574599045167e-09,1.963026470794557e-15,2.2299333619539186e-15,1.7089328208329326e-15,9.279775432612046e-14,1.92533356145533e-15,2.1245050196070747e-15,8.706575143605761e-14,8.706575143605765e-14,1.65702515605694e-15,1.955221741933612e-15,1.6695100197357055e-15,-1.8708790013832975e-10,1.8081952612492663e-15,1.9918264655278723e-15,8.706580699892076e-14,1.962926165234896e-15,1.8001579198050738e-10,1.962940889371295e-15,1.8763396837443517e-15,1.7402787228966377e-15,1.8856882571627434e-15,1.9615962761471746e-15,2.0345330919131855e-15,1.886782711435077e-15,1.962926165234896e-15,1.886782711435077e-15,1.6916481717987803e-15,1.737035155708447e-15,1.6871205082468115e-15,1.7235392443966119e-15,1.6091627033881797e-15,4.321041928605488e-12,8.706556126324974e-14,3.773833204026859e-12,2.1521437627436945e-15,1.7498397368536094e-15,1.8902400903958087e-15,8.691211156905929e-14,1.9630264713162654e-15,1.7087215612158476e-15,1.7308875953593814e-15,8.706556126324974e-14,8.772548584154658e-14,1.898479145892032e-15,1.7396469754654022e-15,1.808507100794383e-15,1.8287022894207535e-15,1.7397870865426597e-15,8.706575143605761e-14,1.9302036637307534e-15,3.7738332040195215e-12,1.963026470794557e-15,2.5963548462471232e-15,1.6096521514216507e-15,1.9630264713162654e-15,1.956762009317073e-15,1.8993926245998218e-10,1.6865021168815775e-15,1.956053583544761e-15,1.8286395382996215e-15,1.9560535839564838e-15,8.870310772821754e-14,2.133662939398019e-15,1.829334312559373e-15,1.6664945053630864e-15,1.962940889371295e-15,1.9553520852694316e-15,2.556266674169086e-15,8.69192863380345e-14,1.8087906065917444e-15,1.7336351074675693e-15,1.962872386896063e-15,8.715437770314705e-14,2.0741679894665185e-15,2.11139652263282e-15,1.6916481717987803e-15
1.3856391371756272e-09,1.6733931677547086e-15,2.0178310463014948e-15,3.2348682591404953e-12,1.829900624622252e-13,3.20699883990287e-12,1.7593012908867427e-15,1.7494183158329074e-13,1.749418249007555e-13,1.4999369076497816e-15,3.28071178104264e-12,1.5182102222537113e-15,1.8081952612492663e-15,-1.8807583301217677e-10,3.497891361951388e-12,1.7494191567599253e-13,1.6734882760730773e-15,3.574912911004134e-10,1.67358765367676e-15,1.7612062119883669e-15,2.8563037299112726e-12,1.8238204898381873e-15,1.7627616686834089e-15,1.8643691699151936e-15,1.7997931806802086e-15,1.67358765367676e-15,1.7997635863087435e-15,3.0748307490809908e-12,3.3510000625342317e-12,3.130452294987346e-12,3.335868156888149e-12,2.8829171722259105e-12,3.0912906745915394e-12,1.749418545897204e-13,1.8080955191639975e-15,1.772802319562178e-15,3.442384485129526e-12,1.8583965375178723e-15,3.481023576625061e-10,1.6734640801893706e-15,3.2438582606983833e-12,3.3996071035777167e-12,1.7494177090295658e-13,1.7584763951315438e-13,1.838653177829944e-15,1.6726927264245282e-15,1.635898611837587e-15,1.6653575184347836e-15,3.42047711203979e-12,1.7494191567615414e-13,3.2432187318744614e-12,1.808100581306679e-15,1.6733842410468918e-15,2.5696883489268443e-15,2.8829171722305848e-12,1.6733842410468918e-15,3.2959293116345777e-12,3.711908159160334e-10,3.1130472451433984e-12,3.3008469531267115e-12,1.6653575184347836e-15,3.3008469531289697e-12,1.7727842864774142e-13,1.782068395415678e-15,1.6653386939323505e-15,2.956959225881653e-12,1.6734640801893706e-15,3.2807117810376392e-12,3.6011533763956478e-12,1.7469528527677574e-13,1.6359016478498499e-15,3.327972582024119e-12,1.6733931677547086e-15,1.7504846253202355e-13,3.9825897545463334e-12,3.413403162399759e-12,3.0748307490845354e-12
1.0422276108626678e-09,1.9754225254151554e-15,4.565566514252136e-12,3.568553094796252e-12,3.0710282166897496e-11,1.925389471810899e-15,4.207261963949088e-12,8.285149110767763e-15,8.285149110767763e-15,1.7055870131690088e-15,1.9604328036264063e-15,1.7214377239751376e-15,1.9918264655278723e-15,3.497891361951388e-12,-1.868241258423841e-10,8.28486152678685e-15,1.975290128169092e-15,2.4503803873428934e-11,1.975422525415153e-15,1.9587479478555803e-15,3.443058639773184e-12,1.9921771853891065e-15,2.013764288631322e-15,2.1044195132291517e-15,1.982286450322113e-15,1.9755060136341484e-15,1.9825225164822882e-15,1.7480013025474168e-15,1.8371252384999727e-15,1.757310744067393e-15,1.8250604591231385e-15,1.6538903868966645e-15,4.089869282001106e-12,8.285149111008031e-15,1.991718298005158e-15,4.252921671162046e-12,1.8650348719362668e-15,3.999645206544201e-12,8.086948975500844e-15,1.97553782307614e-15,1.7953598163053546e-15,3.667844181723784e-12,8.285171989158458e-15,9.098058858733977e-15,2.0063320098855336e-15,1.8333515959421108e-15,1.8611973664801693e-15,3.753625323751952e-12,3.688389841207114e-12,8.28486152678685e-15,3.851410472162312e-12,1.9917182972194537e-15,1.9755060136341563e-15,2.769052953312155e-15,1.6539882703465168e-15,1.9755060136341484e-15,1.964677229531639e-15,3.676890551891209e-11,1.7527440008613085e-15,1.965540038024383e-15,3.7536253237383005e-12,1.9656614871041013e-15,1.0341588223632816e-14,4.2386676137008764e-12,3.7536253237479165e-12,1.7066258316053361e-15,1.975358148146198e-15,1.960651398438232e-15,4.79548150111127e-12,8.085040835356105e-15,1.8611973664801693e-15,1.8287065186472577e-15,1.9753581485499673e-15,8.387787915613965e-15,4.355301709226302e-12,2.088491571662915e-15,1.7479480257379515e-15
0.999999994842829,2.1497727425789282e-13,6.169709378531592e-14,7.69483120830649e-14,1.0000000009368193,1.8073427801419347e-13,-2.5651547107458827e-14,1.0000000013610892,1.0000000013610881,1.1449712001068214e-13,2.162879804799879e-13,1.123050508323683e-13,8.706580699892076e-14,1.7494191567599253e-13,8.28486152678685e-15,1.0000000011702006,2.1497955405665975e-13,1.000000001476386,2.1497962662388085e-13,6.423956343174539e-14,1.3135593269236056e-13,5.802488346326257e-14,6.934564166066748e-14,7.712334746468897e-14,6.85984710911158e-14,2.149792229424105e-13,6.859889340782935e-14,1.4809671709086587e-13,6.617060642137077e-14,1.4417390524551013e-13,5.988262414321391e-14,1.4774737121271234e-13,-1.4226017271062934e-13,1.0000000013610895,8.706516820216311e-14,-4.689809162832288e-14,4.6679626431081695e-14,4.911252182568444e-14,1.0000000014489674,2.1497975876266228e-13,5.900563339728872e-14,7.817440908547154e-14,1.0000000013610892,1.000000001408947,6.13703446555533e-14,3.710774058479317e-14,1.0436126892797995e-13,1.0091835919575789e-13,7.789284036502475e-14,1.0000000013610881,7.474890605477005e-14,8.706511763691233e-14,2.1497956414325382e-13,1.51222211845297e-13,1.4774731708853733e-13,2.1497930371491842e-13,2.0624910096726173e-13,1.0000000013805062,1.3891294274637677e-13,2.1410070956171514e-13,1.0091801503117032e-13,2.1410080793211797e-13,1.000000001187624,-2.436041901961151e-14,1.0091815310447719e-13,1.797201616789543e-13,2.1497965699355725e-13,2.1628811647551802e-13,6.176242053932345e-14,1.00000000156804,1.0436150561260447e-13,7.033091793869021e-14,2.1497938709071315e-13,1.0000000014347157,3.2380946019290656e-14,2.23004421941657e-14,1.4809656132382834e-13
1.4593563288551086e-09,3.7988881441639285e-12,2.2415276596911132e-15,1.7672277911661418e-15,4.4336981624630206e-10,1.8561293398425924e-15,2.035048516787533e-15,2.1497928881855861e-13,2.1497945702292064e-13,1.6660660757082768e-15,1.892446139955438e-15,1.6827405035373942e-15,1.962926165234896e-15,1.6734882760730773e-15,1.975290128169092e-15,2.1497955405665975e-13,-1.8705713901156702e-10,4.3679890791854773e-10,3.798888144182033e-12,1.9250777492002845e-15,1.6647840747156794e-15,1.9679080530441433e-15,1.9643705239138536e-15,2.0602765589012768e-15,1.953942880684699e-15,3.798888144176448e-12,1.9534480744133488e-15,1.709933187305886e-15,1.815575932050278e-15,1.7252411962350974e-15,1.804677785047519e-15,1.6142146412055136e-15,1.931162657534845e-15,2.1497945702292064e-13,1.9629261655306624e-15,2.0549415264888124e-15,1.84927160278374e-15,1.991417678995778e-15,2.147684369978255e-13,3.798888144177568e-12,1.7696959771000872e-15,1.827476456494972e-15,2.1497945702292064e-13,2.158329928266008e-13,1.9826267274341887e-15,1.8094364103984713e-15,1.817860717551356e-15,1.84491673861794e-15,1.838193974542009e-15,2.149796843071919e-13,1.8691748684383566e-15,1.9629046667184557e-15,3.798888144181778e-12,2.7463700336269352e-15,1.6142146412055136e-15,3.798888144176963e-12,1.8977047274883363e-15,4.496826789744744e-10,1.719295050490713e-15,1.8988895396644668e-15,1.8451523554702025e-15,1.8988895396644668e-15,2.171517729432173e-13,2.05319915373099e-15,1.844872576381576e-15,1.662596147807784e-15,3.798888144180792e-12,1.892219507769665e-15,4.491594838443508e-12,2.147621144139115e-13,1.8177602180435494e-15,1.8068186950772337e-15,3.798888144173763e-12,2.1508484589801182e-13,2.161754361062535e-15,2.003409561307561e-15,1.7100071183534821e-15
0.9999999950162842,4.367947277054992e-10,6.600284581677452e-14,7.990509150115699e-14,1.000000001049359,1.84998839708187e-13,-2.0861970123457234e-14,1.0000000014763855,1.0000000014763848,1.1769095805032402e-13,2.2056679656629607e-13,1.154914757116901e-13,1.8001579198050738e-10,3.574912911004134e-10,2.4503803873428934e-11,1.000000001476386,4.3679890791854773e-10,1.000000001400113,4.367993074794641e-10,6.75902910824423e-14,2.6954737078006315e-10,6.116652393356491e-14,7.318407244179994e-14,8.094488968325629e-14,7.184844962569163e-14,4.367985314605876e-10,7.184874696204751e-14,1.512923302739011e-13,6.904362442586256e-14,1.4722770234909285e-13,6.270995129209771e-14,1.5087950962895763e-13,-2.717669008590589e-10,1.0000000014763863,1.8001501193061224e-10,-8.375740657288348e-11,4.9431675067556734e-14,1.0389966608466361e-10,1.000000001564465,4.367991986292811e-10,6.194319719042366e-14,8.09070864555299e-14,1.0000000014763857,1.0000000015240988,6.452113162733919e-14,4.0046750219724396e-14,1.0785298241911688e-13,1.0440198501449135e-13,8.063334629316795e-14,1.0000000014763843,1.573065570782726e-10,1.8001505500200282e-10,4.367993150579429e-10,3.095140689047518e-10,1.5087934901296392e-13,4.3679870619613925e-10,2.1050433945315464e-13,1.0000000014937098,1.4199933972224426e-13,2.1834189639931103e-13,1.0440150267616303e-13,2.1834221164449655e-13,1.000000001301809,-1.9612633068349585e-14,1.0440172919484569e-13,1.8302193827199485e-13,4.3679895875786124e-10,2.205667462493742e-13,1.3704812813136844e-10,1.0000000016837558,1.0785333075465168e-13,7.323069328546514e-14,4.36798320146348e-10,1.0000000015501205,7.144031874987332e-11,2.7194306932197765e-14,1.5129195585657825e-13
1.4593562514569606e-09,3.7988881441645125e-12,2.2416805811062943e-15,1.7670228169256982e-15,4.4337021580720856e-10,1.856274175715138e-15,2.0352821996189224e-15,2.14979796462825e-13,2.149799388806238e-13,1.6662495856632607e-15,1.8923834081380196e-15,1.6827219903399629e-15,1.962940889371295e-15,1.67358765367676e-15,1.975422525415153e-15,2.1497962662388085e-13,3.798888144182033e-12,4.367993074794641e-10,-1.8705713901156702e-10,1.9252202753327164e-15,1.6648094145666332e-15,1.9679390887346395e-15,1.964460573089432e-15,2.0602765589012768e-15,1.9539428799448214e-15,3.79888814417702e-12,1.9534480744133488e-15,1.7102256468233942e-15,1.815715725999742e-15,1.7252411962350974e-15,1.8047717173185194e-15,1.614281822551449e-15,1.931115057466698e-15,2.149797964630368e-13,1.9629046667184557e-15,2.055122030865085e-15,1.8492743543372048e-15,1.9914461278327742e-15,2.147685093792012e-13,3.798888144178143e-12,1.7696708445944066e-15,1.8278556796748884e-15,2.1497995943158199e-13,2.158332502138463e-13,1.9826267267168578e-15,1.8094364103984713e-15,1.817860717551356e-15,1.8448318596632413e-15,1.8381926567016463e-15,2.1497997110644906e-13,1.869640751768235e-15,1.963027419574108e-15,3.798888144182364e-12,2.746207372237151e-15,1.6141018938526446e-15,3.798888144177544e-12,1.89761225867569e-15,4.496830785353707e-10,1.7192279855259526e-15,1.8988895396644668e-15,1.8449166983656966e-15,1.899094053766967e-15,2.1715173170656866e-13,2.0534050951293157e-15,1.84491673861794e-15,1.6626559383263865e-15,3.7988881441813784e-12,1.892230051897464e-15,4.4915948384457476e-12,2.1476210150276247e-13,1.8178554987557225e-15,1.80673464590245e-15,3.7988881441743765e-12,2.1508544672179843e-13,2.161695256082573e-15,2.0034543629486684e-15,1.709933187305886e-15
1.1324419397952114e-09,1.9252202753327164e-15,2.19670645062815e-15,1.6907981021237535e-15,1.3974618301504733e-10,1.885680269376429e-15,2.0791066169327674e-15,6.423912502349231e-14,6.42392243311327e-14,1.632443865363065e-15,1.9160750833883712e-15,1.645113183475443e-15,1.8763396837443517e-15,1.7612062119883669e-15,1.9587479478555803e-15,6.423956343174539e-14,1.9250777492002845e-15,6.75902910824423e-14,1.9252202753327164e-15,-1.8717123814078972e-10,1.7026326939367054e-15,1.8674023967111978e-15,1.9314373708248564e-15,2.0063510905640223e-15,3.7156284023074634e-12,1.9252202753327164e-15,3.715628402300833e-12,1.6682284003097362e-15,1.7208690093243784e-15,1.6664346087937925e-15,1.7075556671085432e-15,1.5848129482597216e-15,2.1053079615109923e-15,6.423945499820647e-14,1.876183422973533e-15,2.1051559672787024e-15,1.7363347971479831e-15,1.8752156076748452e-15,6.408002003082886e-14,1.9252202753327164e-15,1.69089026998013e-15,1.7175372284766447e-15,6.423945499820647e-14,6.491577944566155e-14,3.742978130214911e-12,1.7230522122670542e-15,1.7820076030755955e-15,1.802785702530602e-15,1.726733500059051e-15,6.423956343174539e-14,1.8919079337317455e-15,1.876183422973533e-15,1.9252202753327164e-15,2.5773707195575383e-15,1.5848354061299736e-15,1.9252202753327164e-15,1.9181483458997713e-15,1.4486423984235517e-10,1.665372166829941e-15,1.9182079509361365e-15,1.8024321480055387e-15,1.9182079509361365e-15,6.592548062610867e-14,2.0894513151688425e-15,1.8024321480055387e-15,1.6399598070383704e-15,1.9251271553636948e-15,1.915964138819078e-15,2.4758620648197666e-15,6.408514405106425e-14,1.781609630709808e-15,1.7170521433360604e-15,1.9251271553636948e-15,6.432880268440224e-14,2.0542842079901334e-15,2.0636676567271477e-15,1.6681285509347716e-15
1.281562757793857e-09,1.6648094140756063e-15,1.9713700249487583e-15,3.115334463624852e-12,1.3839006819070915e-13,3.2077692208462396e-12,1.7662298432686798e-15,1.3135554828146837e-13,1.3135576313324913e-13,1.4652514987548886e-15,1.6462830861593597e-15,1.4811568329477805e-15,1.7402787228966377e-15,2.8563037299112726e-12,3.443058639773184e-12,1.3135593269236056e-13,1.6647840747156794e-15,2.6954737078006315e-10,1.6648094145666332e-15,1.7026326939367054e-15,-1.8799494908794912e-10,1.7483946293126812e-15,1.7257705357886847e-15,1.8154490555078964e-15,1.732084069694799e-15,1.6647840751225691e-15,1.7318941907305115e-15,2.9960138351720897e-12,3.210115105434398e-12,3.0322285619863878e-12,3.1925603086761763e-12,1.4180794724083086e-15,3.256923078934419e-12,1.3135591564911768e-13,1.7402546917709803e-15,1.7828312319469123e-15,3.279561547379493e-12,1.7738647929963112e-15,1.311571675151839e-13,1.6647840747156794e-15,3.121467094300227e-12,3.2402486148521612e-12,1.3135554828065738e-13,1.3215152673960828e-13,1.7618621680320411e-15,1.6061384826818796e-15,1.5986358741517048e-15,1.6236912012406046e-15,3.259345025703626e-12,1.3135592021360004e-13,3.235479128522777e-12,1.7402823801952093e-15,1.6647840747156794e-15,2.446981491374149e-15,1.4180794724060757e-15,1.6648094140756063e-15,1.6518344131713077e-15,2.8156564464231633e-10,3.0198309749782068e-12,1.6536430774666087e-15,1.6239204650088107e-15,1.6534825243492485e-15,1.3339131921778912e-13,1.7841858968526803e-15,1.6238499639101332e-15,2.9015719883432578e-12,1.6647840751225691e-15,1.646261269643639e-15,3.808394002320178e-12,1.3114808623641097e-13,1.5985975181841375e-15,3.192233321676212e-12,1.664828290505532e-15,1.3145223117859386e-13,3.819879455946917e-12,3.446735665206209e-12,2.996013835174856e-12
1.1143173319188736e-09,1.9679691282487198e-15,2.226432718587583e-15,1.6995790330765328e-15,1.265828858958037e-10,1.9324296974839307e-15,2.1342641229406736e-15,5.802488346326257e-14,5.802521969018336e-14,1.6540370387993899e-15,1.9614980194757995e-15,1.6656373354877246e-15,1.8856882571627434e-15,1.8238204898381873e-15,1.9921771853891065e-15,5.802488346326257e-14,1.9679080530441433e-15,6.116652393356491e-14,1.9679390887346395e-15,1.8674023967111978e-15,1.7483946293126812e-15,-1.8713739649032075e-10,1.958975479667786e-15,2.0289581883147967e-15,1.8772349227702766e-15,1.9680183372037223e-15,1.8772349227702766e-15,1.6876714468803697e-15,1.7249100228073848e-15,1.6805663544800658e-15,1.711029094573984e-15,1.6069503054922618e-15,2.201859644994853e-15,5.802488346322657e-14,1.8857416725770968e-15,4.3025563406502125e-12,1.7347014749690915e-15,1.875082033149294e-15,5.787897724465352e-14,1.967939088837326e-15,1.698930539101629e-15,1.71578095686918e-15,5.802488346322657e-14,5.865924730247121e-14,1.8857221063009928e-15,1.7292654550287307e-15,1.8051820466324414e-15,1.8247641203075754e-15,1.725310094036469e-15,5.802488346322657e-14,1.936000131132286e-15,1.8857416725770968e-15,1.967939088837326e-15,2.5744830556092805e-15,1.6069935614442233e-15,1.9679691282487198e-15,1.962392974759869e-15,1.3142525477833825e-10,1.680298555657725e-15,1.961667286838375e-15,1.8246831341098558e-15,1.961667286838375e-15,5.959137065945088e-14,2.1421739209066642e-15,1.8245187082936696e-15,1.6655202773779177e-15,1.9679390887346395e-15,1.9611168190699756e-15,2.592438276602645e-15,5.788808172405943e-14,1.805182046877134e-15,1.7219617690975488e-15,1.9679080530441433e-15,5.81114723181514e-14,4.099942414491507e-12,2.1235271242069176e-15,1.6874805735844598e-15
1.1583934665536863e-09,1.9644903452128205e-15,4.5171145633828826e-12,1.7664370424686279e-15,7.613924969449501e-14,1.9172877281452697e-15,4.1943915617931576e-12,6.93456428461535e-14,6.934564284366636e-14,3.3564923402748413e-12,1.9510667319176417e-15,3.386052956666977e-12,1.9615962761471746e-15,1.7627616686834089e-15,2.013764288631322e-15,6.934564166066748e-14,1.9643705239138536e-15,7.318407244179994e-14,1.964460573089432e-15,1.9314373708248564e-15,1.7257705357886847e-15,1.958975479667786e-15,-1.8690074137947705e-10,2.0794726562177024e-15,1.952000884911017e-15,1.9645461725951625e-15,1.952050872226687e-15,1.7271776351778156e-15,1.8060414037426892e-15,1.7335270521290974e-15,1.7938706933414467e-15,1.636311809007546e-15,4.126058048966893e-12,6.934589576129801e-14,1.9616254116031183e-15,4.242166601952791e-12,1.8304748743511566e-15,1.974185185200848e-15,6.915831466058368e-14,1.964460573089432e-15,1.7684344900196748e-15,1.8095042476860796e-15,6.93456428461535e-14,1.3971216212213089e-10,1.9733935871569244e-15,1.8045198867675478e-15,3.662977473911959e-12,1.8657990288589098e-15,1.819231260353467e-15,6.934564284366636e-14,1.926753162874492e-15,1.9615962761471746e-15,1.9644076058598355e-15,2.7172797774590896e-15,1.636278861418993e-15,1.96440760483521e-15,1.954683242272691e-15,1.5749677758215327e-10,1.7302104543794839e-15,1.9552106630274726e-15,1.865772352808002e-15,1.955138611731288e-15,7.129864181334009e-14,4.222683474922704e-12,1.865772352808002e-15,1.6898043415329299e-15,1.9645441950082663e-15,1.951039118858354e-15,4.842735602084231e-12,6.91586309656855e-14,3.662977473908977e-12,1.799878455156993e-15,1.964460573089432e-15,1.3836546069176313e-10,2.152765359026568e-15,2.0853767686092585e-15,1.727175507705124e-15
