1.000000002315735,1.1285457447613682e-07,1.1017671656486178e-07,1.1289321011336642e-07,1.1039059829852225e-07,1.000007080831918,1.0000067335084173,1.0000065005075782,8.76051128188561e-08,1.118697817967256e-07,1.0000067110284947,1.1367516098528774e-07,1.167052844327842e-07,1.0956852261292843e-07,1.1856230469478902e-07,1.0000065005075773,1.0014233457392323e-07,1.167052847054847e-07,1.2490783993577055e-07,1.0610581704566207e-07,1.118697807278306e-07,1.1968292314042968e-07,1.0818502352378714e-07,1.1097631282379326e-07,1.1096111133990531e-07,1.1246810110099034e-07,1.3263508215506008e-07,1.1172608767338079e-07,1.0000079237974546,1.2548669353995218e-07,1.0000065924510453,1.2411251440178463e-07,1.2588854106131685e-07,1.000006643194629,1.1086987973947154e-07,1.1109660890845225e-07
1.1285457447613682e-07,-5.958895939360683e-07,-1.8408563770684926e-18,-1.823856198013479e-18,-1.4129845969521344e-18,-2.4192817039833584e-11,-2.419281088513742e-11,-2.4192806892464576e-11,-3.0525751841589044e-18,-1.3628848540645165e-18,-2.419281052593793e-11,-5.090361873654939e-15,-1.5439280991971693e-18,-1.839252044232914e-18,-1.4310399519338013e-18,-2.419280696925323e-11,-1.6552853889316175e-18,-1.3561909910022705e-18,-1.4941488366220505e-18,-2.4875125572140536e-18,-1.3628848540645165e-18,-1.6483705430005373e-18,-3.5097795168189855e-15,-1.1622318076363654e-18,-1.6614753814685672e-18,-1.8941868008590638e-18,-5.937333034713561e-15,-1.2852521555712564e-18,-4.7993728364435474e-08,-1.5378335012629145e-18,-2.419280848713111e-11,-1.7463498451215606e-18,-1.6959095722222305e-18,-2.4192809319963525e-11,-1.24211512247396e-18,-1.8722221538344428e-18
1.1017671656486178e-07,-1.8408563770684926e-18,-5.958895956510659e-07,-2.344403313392722e-18,-1.7346805318529436e-18,-2.5542687835528354e-11,-5.06715603884421e-08,-2.554267801138207e-11,-7.563034861753514e-15,-1.887039003506972e-18,-2.5542681533747767e-11,-3.4228387512807734e-18,-1.606714817745737e-18,-2.3684964551247676e-18,-3.902779701130153e-15,-2.5542677951740976e-11,-2.1906365834060763e-18,-1.56956889978492e-18,-2.309532089191143e-18,-2.8785746056303545e-18,-1.819453650153715e-18,-1.959558320545503e-18,-2.516276191769739e-18,-3.5289386839986787e-15,-2.5153973211006377e-18,-2.3398443196408006e-18,-3.651598317611597e-18,-1.8265704824473604e-18,-5.0671600863444505e-08,-2.2131846560859513e-18,-2.55426794945485e-11,-2.057847633722621e-18,-2.0796813838951916e-18,-2.5542680176135942e-11,-1.868703087823391e-18,-2.3950612441637483e-18
1.1289321011336642e-07,-1.823856198013479e-18,-2.344403313392722e-18,-5.958895968392383e-07,-1.9622175330104144e-18,-4.795506867190785e-08,-2.417333868208084e-11,-2.417333511392215e-11,-3.894158534022956e-18,-1.995618042654728e-18,-2.4173338282080157e-11,-6.474893313013278e-15,-1.9529618076640906e-18,-2.3255592916590357e-18,-1.9502958987423195e-18,-2.4173335113922085e-11,-2.1844815035113058e-18,-1.9529618076640906e-18,-4.265267721304901e-15,-6.160635374993073e-15,-1.9928208310430594e-18,-2.1279664615980743e-18,-2.289379954047644e-18,-1.784768027395663e-18,-4.8376302553266346e-15,-2.6332565526656103e-18,-7.270660251479325e-15,-2.0646879676313607e-18,-4.7955094941608323e-08,-2.0900975730322182e-18,-2.41733361996768e-11,-2.2552749896554094e-18,-4.334091854894813e-15,-2.4173337238971748e-11,-1.8806078830595608e-18,-2.3128863714976688e-18
1.1039059829852225e-07,-1.4129845969521344e-18,-1.7346805318529436e-18,-1.9622175330104144e-18,-5.958895962337852e-07,-2.5434870073428758e-11,-2.5434863646569376e-11,-2.5434859449750865e-11,-2.9233816177221535e-18,-1.290826353840272e-18,-2.5434863327868047e-11,-2.36407709306645e-18,-1.4523527547792815e-18,-1.809527936754352e-18,-1.4024459962417623e-18,-2.5434859400312267e-11,-1.5866994414478698e-18,-1.4523527547792815e-18,-1.5901510013886553e-18,-2.473631405957578e-18,-1.290826353840272e-18,-1.5744846768682518e-18,-3.4106746581962843e-15,-1.1535784006020461e-18,-1.7613432999264436e-18,-1.8746221132073925e-18,-5.9090950177885435e-15,-1.5210324400203745e-18,-5.045771498587967e-08,-1.5451324758005378e-18,-2.543486120761823e-11,-1.5869768751736648e-18,-1.7410805647759252e-18,-2.5434861960047986e-11,-1.1622205758434418e-18,-1.9568493962550646e-18
1.000007080831918,-2.4192817039833584e-11,-2.5542687835528354e-11,-4.795506867190785e-08,-2.5434870073428758e-11,1.0000097208011054,1.000009969365938,1.0000097363642884,-3.6920702734050284e-11,-2.4689236054916077e-11,1.000009946885937,-4.7173123742971003e-08,-2.225173126201955e-11,-5.127976709307772e-08,-2.1315635381660024e-11,1.0000097363642875,-3.0600868407013044e-11,-2.2251731349223555e-11,-1.8116947084635482e-11,-5.4742491905570265e-08,-2.4689236246214063e-11,-2.075074922812257e-11,-2.6546669648482592e-11,-2.5139620087082195e-11,-4.9887175431252784e-08,-4.83801803349277e-08,-2.821313640837025e-08,-2.476166928917248e-11,1.000011159659108,-1.78251558947466e-11,1.000009828308074,-1.85178585604608e-11,-1.7622590884838134e-11,1.000009879051836,-2.51932710671908e-11,-4.975167515516089e-08
1.0000067335084173,-2.419281088513742e-11,-5.06715603884421e-08,-2.417333868208084e-11,-2.5434863646569376e-11,1.000009969365938,1.0000090261518213,1.000009389039776,-7.324325436182884e-08,-2.4689229998900938e-11,1.000009599561354,-2.377917475518016e-11,-2.225172609551916e-11,-2.5849262507231278e-11,-2.1315630252926988e-11,1.000009389039775,-3.060086079535318e-11,-2.2251725893350895e-11,-1.8116943321212062e-11,-2.7594764252428445e-11,-2.4689230142782013e-11,-2.0750744447427802e-11,-5.2663258619424146e-08,-2.5139613640601575e-11,-2.5147280766711873e-11,-2.43876301253245e-11,-1.4221767421267928e-11,-2.4761663160183568e-11,1.000010812334119,-1.7825152072177733e-11,1.0000094809835307,-1.851785438164779e-11,-1.762258700217298e-11,1.000009531727275,-2.519326472122702e-11,-2.5078977406477887e-11
1.0000065005075782,-2.4192806892464576e-11,-2.554267801138207e-11,-2.417333511392215e-11,-2.5434859449750865e-11,1.0000097363642884,1.000009389039776,1.000008560148742,-3.692068877252065e-11,-2.4689225976126957e-11,1.0000093665597882,-2.377917132237373e-11,-2.225172250188154e-11,-2.5849258390015486e-11,-2.1315627187896276e-11,1.0000091560382565,-3.0600855504639e-11,-2.225172260905553e-11,-1.8116940802813868e-11,-2.759476024718291e-11,-2.468922614095415e-11,-2.0750741486532935e-11,-2.65466591945834e-11,-2.513960947564574e-11,-2.514727673013104e-11,-2.4387626489341977e-11,-1.4221766541086293e-11,-2.4761659101106983e-11,1.00001057933228,-1.7825149547620367e-11,1.0000092479819904,-1.8517851634216812e-11,-1.7622584584817994e-11,1.0000092987257252,-2.5193260711152997e-11,-2.5078973632218925e-11
8.76051128188561e-08,-3.0525751841589044e-18,-7.563034861753514e-15,-3.894158534022956e-18,-2.9233816177221535e-18,-3.6920702734050284e-11,-7.324325436182884e-08,-3.692068877252065e-11,-5.958896041103082e-07,-2.960048732760136e-18,-7.324325328613216e-08,-5.189455667555451e-18,-3.0421849750321867e-18,-3.817369324550019e-18,-3.184251198191804e-18,-3.692068886599548e-11,-3.51821910178415e-18,-3.1079366116129514e-18,-6.68028349913355e-15,-4.942418151629178e-18,-2.9515593659203167e-18,-3.2619994004909017e-18,-3.575056359465898e-18,-2.6926989372215702e-18,-3.816411803653413e-18,-3.907768261594915e-18,-5.857742530183933e-18,-2.9174262462133443e-18,-7.324331064309637e-08,-6.752303354119977e-15,-3.692069110751541e-11,-3.4592385151157715e-18,-3.3067706298301374e-18,-7.324325014220183e-08,-2.7964759197023568e-18,-4.064509233782586e-18
1.118697817967256e-07,-1.3628848540645165e-18,-1.887039003506972e-18,-1.995618042654728e-18,-1.290826353840272e-18,-2.4689236054916077e-11,-2.4689229998900938e-11,-2.4689225976126957e-11,-2.960048732760136e-18,-5.958895949369829e-07,-2.4689229725512976e-11,-2.5709866698388163e-18,-1.2999755127642055e-18,-1.8034987924863045e-18,-1.4892043861398295e-18,-2.4689225933239057e-11,-1.347499530575965e-18,-1.2999755127642055e-18,-1.6554250658527076e-18,-2.287798204935113e-18,-2.7078755612968133e-15,-1.378240197071355e-18,-1.8472492604748875e-18,-1.3944081104611527e-18,-1.8609073007741083e-18,-1.9070038273282212e-18,-5.940958157874335e-15,-1.3495790261947736e-18,-4.89785254036117e-08,-1.6733168300875267e-18,-2.4689227580424365e-11,-1.6244240091517497e-18,-1.6471480200290836e-18,-2.468922845590475e-11,-1.2545244864078838e-18,-1.802937970610178e-18
1.0000067110284947,-2.419281052593793e-11,-2.5542681533747767e-11,-2.4173338282080157e-11,-2.5434863327868047e-11,1.000009946885937,1.000009599561354,1.0000093665597882,-7.324325328613216e-08,-2.4689229725512976e-11,1.0000089811918376,-2.377917427640871e-11,-2.225172574027338e-11,-2.584926206048713e-11,-2.1315630234141716e-11,1.000009366559787,-6.070597283518013e-08,-2.2251725905218946e-11,-1.8116943069766966e-11,-2.7594763796584147e-11,-2.468922983593355e-11,-2.0750744306117624e-11,-2.6546662943355445e-11,-2.5139613277594032e-11,-2.51472804081412e-11,-2.438762986245875e-11,-1.4221767358459737e-11,-2.4761662870143773e-11,1.0000107898541002,-1.7825151807071083e-11,1.0000094585035397,-1.8517854122202788e-11,-1.7622586850709862e-11,1.0000095092472836,-2.5193264387079975e-11,-2.5078977011573698e-11
1.1367516098528774e-07,-5.090361873654939e-15,-3.4228387512807734e-18,-6.474893313013278e-15,-2.36407709306645e-18,-4.7173123742971003e-08,-2.377917475518016e-11,-2.377917132237373e-11,-5.189455667555451e-18,-2.5709866698388163e-18,-2.377917427640871e-11,-5.958896002158904e-07,-2.643161718595618e-18,-3.1187830474037824e-18,-2.825974444572612e-18,-2.3779171338237627e-11,-2.9364541935839222e-18,-2.5806423284444572e-18,-2.819695863403403e-18,-8.120836969525114e-15,-2.5709866698388163e-18,-2.714494998651406e-18,-6.257303169226961e-15,-5.024237815087852e-15,-6.4040364297753155e-15,-3.4035133525602783e-18,-9.17934182738419e-15,-2.595246711403108e-18,-4.7173146330810036e-08,-2.7982407861331925e-18,-4.717311074397815e-08,-2.7143918413137796e-18,-2.869484228440793e-18,-2.37791731616336e-11,-2.451528184758693e-18,-3.2080421936586096e-18
1.167052844327842e-07,-1.5439280991971693e-18,-1.606714817745737e-18,-1.9529618076640906e-18,-1.4523527547792815e-18,-2.225173126201955e-11,-2.225172609551916e-11,-2.225172250188154e-11,-3.0421849750321867e-18,-1.2999755127642055e-18,-2.225172574027338e-11,-2.643161718595618e-18,-5.958895958638724e-07,-1.7790362805597835e-18,-3.207870607677355e-15,-2.2251722501878905e-11,-1.868011135806249e-18,-3.1289498680987854e-15,-1.7874535213871696e-18,-2.4830887734159466e-18,-1.4947629208416952e-18,-1.526100813466261e-18,-1.793080484345507e-18,-1.4922230184190254e-18,-2.0441857027837377e-18,-2.0605094452681223e-18,-3.0143086560185116e-18,-1.4174404775905183e-18,-4.414300013134628e-08,-1.7893858191918862e-18,-2.2251723822805034e-11,-1.6078515102262694e-18,-1.737647741172701e-18,-2.2251724435650545e-11,-1.3758292166038844e-18,-2.02459094570246e-18
1.0956852261292843e-07,-1.839252044232914e-18,-2.3684964551247676e-18,-2.3255592916590357e-18,-1.809527936754352e-18,-5.127976709307772e-08,-2.5849262507231278e-11,-2.5849258390015486e-11,-3.817369324550019e-18,-1.8034987924863045e-18,-2.584926206048713e-11,-3.1187830474037824e-18,-1.7790362805597835e-18,-5.958895976627778e-07,-1.93107370930874e-18,-2.584925847669745e-11,-1.9949090310919945e-18,-1.8725093958255147e-18,-2.2172295224591306e-18,-3.036247012511622e-18,-1.8034987924863045e-18,-3.930814495540705e-15,-2.321633049405597e-18,-1.770276035427865e-18,-2.366993275820683e-18,-2.3522148330568603e-18,-7.191512199443083e-15,-2.1074405429431682e-18,-5.12797961498198e-08,-2.124078810557359e-18,-2.5849260173905408e-11,-4.146497514527238e-15,-4.217300054099547e-15,-2.584926102897284e-11,-1.885938290681081e-18,-2.4253189735244218e-18
1.1856230469478902e-07,-1.4310399519338013e-18,-3.902779701130153e-15,-1.9502958987423195e-18,-1.4024459962417623e-18,-2.1315635381660024e-11,-2.1315630252926988e-11,-2.1315627187896276e-11,-3.184251198191804e-18,-1.4892043861398295e-18,-2.1315630234141716e-11,-2.825974444572612e-18,-3.207870607677355e-15,-1.93107370930874e-18,-5.958895942227902e-07,-2.131562718788775e-11,-1.7294084120436807e-18,-3.207870535792954e-15,-1.7976392066258032e-18,-2.47813878622184e-18,-1.4892043861398295e-18,-1.3755140471697847e-18,-1.971048287575471e-18,-1.5391073104088264e-18,-2.0410529331795564e-18,-2.006145596284905e-18,-3.0613577555029226e-18,-1.536587795293111e-18,-4.228597205692536e-08,-1.7706139428209948e-18,-2.1315628617783618e-11,-1.6355380162902575e-18,-1.7323335846056004e-18,-2.1315629189285514e-11,-1.4201077720492997e-18,-1.94147519631167e-18
1.0000065005075773,-2.419280696925323e-11,-2.5542677951740976e-11,-2.4173335113922085e-11,-2.5434859400312267e-11,1.0000097363642875,1.000009389039775,1.0000091560382565,-3.692068886599548e-11,-2.4689225933239057e-11,1.000009366559787,-2.3779171338237627e-11,-2.2251722501878905e-11,-2.584925847669745e-11,-2.131562718788775e-11,1.0000085601487387,-3.060085560203937e-11,-2.225172260905553e-11,-1.8116940812994454e-11,-2.759476024718291e-11,-2.468922614095415e-11,-2.0750741505207956e-11,-2.65466591945834e-11,-2.5139609447617008e-11,-2.51472768132357e-11,-2.4387626489341977e-11,-1.4221766554324693e-11,-2.4761659151295003e-11,1.0000105793322795,-1.782514963441358e-11,1.0000092479819902,-1.8517851627675872e-11,-1.7622584584817994e-11,1.0000092987257239,-2.5193260638380587e-11,-2.507897351603108e-11
1.0014233457392323e-07,-1.6552853889316175e-18,-2.1906365834060763e-18,-2.1844815035113058e-18,-1.5866994414478698e-18,-3.0600868407013044e-11,-3.060086079535318e-11,-3.0600855504639e-11,-3.51821910178415e-18,-1.347499530575965e-18,-6.070597283518013e-08,-2.9364541935839222e-18,-1.868011135806249e-18,-1.9949090310919945e-18,-1.7294084120436807e-18,-3.060085560203937e-11,-5.958895959208489e-07,-1.76110064268117e-18,-1.9051374179495162e-18,-2.6631297291691323e-18,-1.347499530575965e-18,-1.8012849339835355e-18,-2.0962703855135678e-18,-1.4931062964969495e-18,-2.162878747370887e-18,-2.231360938939547e-18,-7.0289693234367416e-15,-1.5081779933032811e-18,-6.070602613690742e-08,-1.9942004518641793e-18,-3.06008577516388e-11,-2.000515541012467e-18,-1.7919366194264732e-18,-3.060085872440533e-11,-1.5196810794282836e-18,-2.2624145442244277e-18
1.167052847054847e-07,-1.3561909910022705e-18,-1.56956889978492e-18,-1.9529618076640906e-18,-1.4523527547792815e-18,-2.2251731349223555e-11,-2.2251725893350895e-11,-2.225172260905553e-11,-3.1079366116129514e-18,-1.2999755127642055e-18,-2.2251725905218946e-11,-2.5806423284444572e-18,-3.1289498680987854e-15,-1.8725093958255147e-18,-3.207870535792954e-15,-2.225172260905553e-11,-1.76110064268117e-18,-5.958895958638724e-07,-1.7055945816828162e-18,-2.4419022288467504e-18,-1.4947629208416952e-18,-1.5686664928054358e-18,-1.8261345619632823e-18,-1.3973051994645389e-18,-2.0380999984856493e-18,-2.0605094452681223e-18,-3.0083952072953135e-18,-1.4371425984935568e-18,-4.4143000292511996e-08,-1.6952082470616929e-18,-2.2251723999310397e-11,-1.6078396516006757e-18,-1.737647741172701e-18,-2.2251724813200602e-11,-1.3758292166038844e-18,-1.991650268342526e-18
1.2490783993577055e-07,-1.4941488366220505e-18,-2.309532089191143e-18,-4.265267721304901e-15,-1.5901510013886553e-18,-1.8116947084635482e-11,-1.8116943321212062e-11,-1.8116940802813868e-11,-6.68028349913355e-15,-1.6554250658527076e-18,-1.8116943069766966e-11,-2.819695863403403e-18,-1.7874535213871696e-18,-2.2172295224591306e-18,-1.7976392066258032e-18,-1.8116940812994454e-11,-1.9051374179495162e-18,-1.7055945816828162e-18,-5.958895958303108e-07,-2.8251221880991232e-18,-1.530135506523005e-18,-1.7029660205262593e-18,-1.947276511313707e-18,-1.5968814647628997e-18,-1.996195163634364e-18,-4.2562468378651825e-15,-6.117781096135441e-15,-1.6015311510787995e-18,-3.594041028541641e-08,-3.6867266660228935e-15,-1.8116941820843853e-11,-1.84325601112789e-18,-3.70068185061044e-15,-1.8116942247833406e-11,-1.6241496968027231e-18,-4.205167953632659e-15
1.0610581704566207e-07,-2.4875125572140536e-18,-2.8785746056303545e-18,-6.160635374993073e-15,-2.473631405957578e-18,-5.4742491905570265e-08,-2.7594764252428445e-11,-2.759476024718291e-11,-4.942418151629178e-18,-2.287798204935113e-18,-2.7594763796584147e-11,-8.120836969525114e-15,-2.4830887734159466e-18,-3.036247012511622e-18,-2.47813878622184e-18,-2.759476024718291e-11,-2.6631297291691323e-18,-2.4419022288467504e-18,-2.8251221880991232e-18,-5.958895999074312e-07,-2.287798204935113e-18,-2.572444398621381e-18,-2.7897085354285082e-18,-2.3858296920045603e-18,-6.073692148438476e-15,-6.1440180378574675e-15,-9.034261479290315e-15,-2.3753108963706905e-18,-5.474252079839975e-08,-2.696278147735792e-18,-5.474247525510553e-08,-2.635160891551316e-18,-2.643861013282597e-18,-2.759476267741176e-11,-2.3393986788625126e-18,-3.152751583717789e-18
1.118697807278306e-07,-1.3628848540645165e-18,-1.819453650153715e-18,-1.9928208310430594e-18,-1.290826353840272e-18,-2.4689236246214063e-11,-2.4689230142782013e-11,-2.468922614095415e-11,-2.9515593659203167e-18,-2.7078755612968133e-15,-2.468922983593355e-11,-2.5709866698388163e-18,-1.4947629208416952e-18,-1.8034987924863045e-18,-1.4892043861398295e-18,-2.468922614095415e-11,-1.347499530575965e-18,-1.4947629208416952e-18,-1.530135506523005e-18,-2.287798204935113e-18,-5.958895949369829e-07,-1.378240197071355e-18,-1.7169182796650524e-18,-1.3944081104611527e-18,-1.8546764891031837e-18,-1.8686322110238127e-18,-5.940958078924746e-15,-1.340430672948284e-18,-4.8978525709052334e-08,-1.645458059030526e-18,-2.4689227762281528e-11,-1.5797475332353928e-18,-1.6122761627206936e-18,-2.46892285739827e-11,-1.2545244864078838e-18,-1.7451292057294373e-18
1.1968292314042968e-07,-1.6483705430005373e-18,-1.959558320545503e-18,-2.1279664615980743e-18,-1.5744846768682518e-18,-2.075074922812257e-11,-2.0750744447427802e-11,-2.0750741486532935e-11,-3.2619994004909017e-18,-1.378240197071355e-18,-2.0750744306117624e-11,-2.714494998651406e-18,-1.526100813466261e-18,-3.930814495540705e-15,-1.3755140471697847e-18,-2.0750741505207956e-11,-1.8012849339835355e-18,-1.5686664928054358e-18,-1.7029660205262593e-18,-2.572444398621381e-18,-1.378240197071355e-18,-5.958895970816817e-07,-1.910131515339563e-18,-1.5514172695699983e-18,-1.9746686083990864e-18,-2.0389255772190043e-18,-6.0498922746861325e-15,-1.314670393646936e-18,-4.11653502854927e-08,-1.844678555694836e-18,-2.0750742554929095e-11,-3.509157013779668e-15,-3.563127451037066e-15,-2.0750743356484996e-11,-1.3407604021441507e-18,-2.0514297588964754e-18
1.0818502352378714e-07,-3.5097795168189855e-15,-2.516276191769739e-18,-2.289379954047644e-18,-3.4106746581962843e-15,-2.6546669648482592e-11,-5.2663258619424146e-08,-2.65466591945834e-11,-3.575056359465898e-18,-1.8472492604748875e-18,-2.6546662943355445e-11,-6.257303169226961e-15,-1.793080484345507e-18,-2.321633049405597e-18,-1.971048287575471e-18,-2.65466591945834e-11,-2.0962703855135678e-18,-1.8261345619632823e-18,-1.947276511313707e-18,-2.7897085354285082e-18,-1.7169182796650524e-18,-1.910131515339563e-18,-5.958895969277409e-07,-1.439043611469407e-18,-2.2308016137055555e-18,-2.3502117827429508e-18,-7.162014880713195e-15,-1.8752117587153032e-18,-5.266330148353055e-08,-2.1310591153748056e-18,-2.6546660875318717e-11,-2.0744941551975253e-18,-2.066226539880704e-18,-2.6546661750671795e-11,-1.7338419355182558e-18,-2.3027233001659305e-18
1.1097631282379326e-07,-1.1622318076363654e-18,-3.5289386839986787e-15,-1.784768027395663e-18,-1.1535784006020461e-18,-2.5139620087082195e-11,-2.5139613640601575e-11,-2.513960947564574e-11,-2.6926989372215702e-18,-1.3944081104611527e-18,-2.5139613277594032e-11,-5.024237815087852e-15,-1.4922230184190254e-18,-1.770276035427865e-18,-1.5391073104088264e-18,-2.5139609447617008e-11,-1.4931062964969495e-18,-1.3973051994645389e-18,-1.5968814647628997e-18,-2.3858296920045603e-18,-1.3944081104611527e-18,-1.5514172695699983e-18,-1.439043611469407e-18,-5.958895950174427e-07,-1.7937501681441937e-18,-2.0273212710890084e-18,-5.910888822674805e-15,-1.2122321132662084e-18,-4.9871997411169506e-08,-1.7162399184235645e-18,-2.513961124064892e-11,-1.6411881403449406e-18,-1.5380833286744464e-18,-2.5139612059063044e-11,-1.1940883134659659e-18,-1.7767459835267414e-18
1.1096111133990531e-07,-1.6614753814685672e-18,-2.5153973211006377e-18,-4.8376302553266346e-15,-1.7613432999264436e-18,-4.9887175431252784e-08,-2.5147280766711873e-11,-2.514727673013104e-11,-3.816411803653413e-18,-1.8609073007741083e-18,-2.51472804081412e-11,-6.4040364297753155e-15,-2.0441857027837377e-18,-2.366993275820683e-18,-2.0410529331795564e-18,-2.51472768132357e-11,-2.162878747370887e-18,-2.0380999984856493e-18,-1.996195163634364e-18,-6.073692148438476e-15,-1.8546764891031837e-18,-1.9746686083990864e-18,-2.2308016137055555e-18,-1.7937501681441937e-18,-5.958895963598964e-07,-2.3898347039431324e-18,-3.903930580182527e-18,-1.7821867413474893e-18,-4.9887203302167957e-08,-2.1100032640530404e-18,-2.5147278532319398e-11,-2.0789381405682453e-18,-2.1800367162712483e-18,-2.514727941838087e-11,-1.8969420663627833e-18,-2.4110648398906193e-18
1.1246810110099034e-07,-1.8941868008590638e-18,-2.3398443196408006e-18,-2.6332565526656103e-18,-1.8746221132073925e-18,-4.83801803349277e-08,-2.43876301253245e-11,-2.4387626489341977e-11,-3.907768261594915e-18,-1.9070038273282212e-18,-2.438762986245875e-11,-3.4035133525602783e-18,-2.0605094452681223e-18,-2.3522148330568603e-18,-2.006145596284905e-18,-2.4387626489341977e-11,-2.231360938939547e-18,-2.0605094452681223e-18,-4.2562468378651825e-15,-6.1440180378574675e-15,-1.8686322110238127e-18,-2.0389255772190043e-18,-2.3502117827429508e-18,-2.0273212710890084e-18,-2.3898347039431324e-18,-5.958895966388049e-07,-3.632091338134695e-18,-1.930489375643203e-18,-4.8380206942236625e-08,-4.302938403531417e-15,-2.4387627918396746e-11,-2.1633886380531126e-18,-2.1440821902443375e-18,-2.4387628718103065e-11,-1.9137039076474603e-18,-4.847161388858937e-15
1.3263508215506008e-07,-5.937333034713561e-15,-3.651598317611597e-18,-7.270660251479325e-15,-5.9090950177885435e-15,-2.821313640837025e-08,-1.4221767421267928e-11,-1.4221766541086293e-11,-5.857742530183933e-18,-5.940958157874335e-15,-1.4221767358459737e-11,-9.17934182738419e-15,-3.0143086560185116e-18,-7.191512199443083e-15,-3.0613577555029226e-18,-1.4221766554324693e-11,-7.0289693234367416e-15,-3.0083952072953135e-18,-6.117781096135441e-15,-9.034261479290315e-15,-5.940958078924746e-15,-6.0498922746861325e-15,-7.162014880713195e-15,-5.910888822674805e-15,-3.903930580182527e-18,-3.632091338134695e-18,-5.958896007426279e-07,-5.933453861104403e-15,-2.8213143181538853e-08,-3.0890377398135874e-18,-2.821313256836548e-08,-6.137558570722548e-15,-6.160711364220714e-15,-1.4221767239955709e-11,-2.951338012027972e-18,-3.616386132343741e-18
1.1172608767338079e-07,-1.2852521555712564e-18,-1.8265704824473604e-18,-2.0646879676313607e-18,-1.5210324400203745e-18,-2.476166928917248e-11,-2.4761663160183568e-11,-2.4761659101106983e-11,-2.9174262462133443e-18,-1.3495790261947736e-18,-2.4761662870143773e-11,-2.595246711403108e-18,-1.4174404775905183e-18,-2.1074405429431682e-18,-1.536587795293111e-18,-2.4761659151295003e-11,-1.5081779933032811e-18,-1.4371425984935568e-18,-1.6015311510787995e-18,-2.3753108963706905e-18,-1.340430672948284e-18,-1.314670393646936e-18,-1.8752117587153032e-18,-1.2122321132662084e-18,-1.7821867413474893e-18,-1.930489375643203e-18,-5.933453861104403e-15,-5.958895935519858e-07,-4.912221858326794e-08,-1.7036958838159466e-18,-2.476166079698438e-11,-3.249248783588844e-15,-3.3171565729130703e-15,-2.4761661567805765e-11,-1.239417279585411e-18,-1.868388445583939e-18
1.0000079237974546,-4.7993728364435474e-08,-5.0671600863444505e-08,-4.7955094941608323e-08,-5.045771498587967e-08,1.000011159659108,1.000010812334119,1.00001057933228,-7.324331064309637e-08,-4.89785254036117e-08,1.0000107898541002,-4.7173146330810036e-08,-4.414300013134628e-08,-5.12797961498198e-08,-4.228597205692536e-08,1.0000105793322795,-6.070602613690742e-08,-4.4143000292511996e-08,-3.594041028541641e-08,-5.474252079839975e-08,-4.8978525709052334e-08,-4.11653502854927e-08,-5.266330148353055e-08,-4.9871997411169506e-08,-4.9887203302167957e-08,-4.8380206942236625e-08,-2.8213143181538853e-08,-4.912221858326794e-08,1.0000114067386852,-3.536155428643156e-08,1.000010671276141,-3.673573844937873e-08,-3.4959705347070776e-08,1.0000107220199441,-4.997843055081178e-08,-4.9751702925136445e-08
1.2548669353995218e-07,-1.5378335012629145e-18,-2.2131846560859513e-18,-2.0900975730322182e-18,-1.5451324758005378e-18,-1.78251558947466e-11,-1.7825152072177733e-11,-1.7825149547620367e-11,-6.752303354119977e-15,-1.6733168300875267e-18,-1.7825151807071083e-11,-2.7982407861331925e-18,-1.7893858191918862e-18,-2.124078810557359e-18,-1.7706139428209948e-18,-1.782514963441358e-11,-1.9942004518641793e-18,-1.6952082470616929e-18,-3.6867266660228935e-15,-2.696278147735792e-18,-1.645458059030526e-18,-1.844678555694836e-18,-2.1310591153748056e-18,-1.7162399184235645e-18,-2.1100032640530404e-18,-4.302938403531417e-15,-3.0890377398135874e-18,-1.7036958838159466e-18,-3.536155428643156e-08,-5.958895960378704e-07,-1.7825150640475592e-11,-1.834469616243636e-18,-2.031893048804753e-18,-1.7825151031731053e-11,-1.6628991169656033e-18,-4.2529122673431065e-15
1.0000065924510453,-2.419280848713111e-11,-2.55426794945485e-11,-2.41733361996768e-11,-2.543486120761823e-11,1.000009828308074,1.0000094809835307,1.0000092479819904,-3.692069110751541e-11,-2.4689227580424365e-11,1.0000094585035397,-4.717311074397815e-08,-2.2251723822805034e-11,-2.5849260173905408e-11,-2.1315628617783618e-11,1.0000092479819902,-3.06008577516388e-11,-2.2251723999310397e-11,-1.8116941820843853e-11,-5.474247525510553e-08,-2.4689227762281528e-11,-2.0750742554929095e-11,-2.6546660875318717e-11,-2.513961124064892e-11,-2.5147278532319398e-11,-2.4387627918396746e-11,-2.821313256836548e-08,-2.476166079698438e-11,1.000010671276141,-1.7825150640475592e-11,1.000008744036214,-1.8517853006000125e-11,-1.762258567711702e-11,1.0000093906694718,-2.519326231461725e-11,-2.5078975170773607e-11
1.2411251440178463e-07,-1.7463498451215606e-18,-2.057847633722621e-18,-2.2552749896554094e-18,-1.5869768751736648e-18,-1.85178585604608e-11,-1.851785438164779e-11,-1.8517851634216812e-11,-3.4592385151157715e-18,-1.6244240091517497e-18,-1.8517854122202788e-11,-2.7143918413137796e-18,-1.6078515102262694e-18,-4.146497514527238e-15,-1.6355380162902575e-18,-1.8517851627675872e-11,-2.000515541012467e-18,-1.6078396516006757e-18,-1.84325601112789e-18,-2.635160891551316e-18,-1.5797475332353928e-18,-3.509157013779668e-15,-2.0744941551975253e-18,-1.6411881403449406e-18,-2.0789381405682453e-18,-2.1633886380531126e-18,-6.137558570722548e-15,-3.249248783588844e-15,-3.673573844937873e-08,-1.834469616243636e-18,-1.8517853006000125e-11,-5.958895950275428e-07,-3.7089940197596716e-15,-1.851785337010022e-11,-1.4211434100097075e-18,-2.1963277113515822e-18
1.2588854106131685e-07,-1.6959095722222305e-18,-2.0796813838951916e-18,-4.334091854894813e-15,-1.7410805647759252e-18,-1.7622590884838134e-11,-1.762258700217298e-11,-1.7622584584817994e-11,-3.3067706298301374e-18,-1.6471480200290836e-18,-1.7622586850709862e-11,-2.869484228440793e-18,-1.737647741172701e-18,-4.217300054099547e-15,-1.7323335846056004e-18,-1.7622584584817994e-11,-1.7919366194264732e-18,-1.737647741172701e-18,-3.70068185061044e-15,-2.643861013282597e-18,-1.6122761627206936e-18,-3.563127451037066e-15,-2.066226539880704e-18,-1.5380833286744464e-18,-2.1800367162712483e-18,-2.1440821902443375e-18,-6.160711364220714e-15,-3.3171565729130703e-15,-3.4959705347070776e-08,-2.031893048804753e-18,-1.762258567711702e-11,-3.7089940197596716e-15,-5.95889595494821e-07,-1.7622586098213955e-11,-1.6383866428644476e-18,-2.158665058934621e-18
1.000006643194629,-2.4192809319963525e-11,-2.5542680176135942e-11,-2.4173337238971748e-11,-2.5434861960047986e-11,1.000009879051836,1.000009531727275,1.0000092987257252,-7.324325014220183e-08,-2.468922845590475e-11,1.0000095092472836,-2.37791731616336e-11,-2.2251724435650545e-11,-2.584926102897284e-11,-2.1315629189285514e-11,1.0000092987257239,-3.060085872440533e-11,-2.2251724813200602e-11,-1.8116942247833406e-11,-2.759476267741176e-11,-2.46892285739827e-11,-2.0750743356484996e-11,-2.6546661750671795e-11,-2.5139612059063044e-11,-2.514727941838087e-11,-2.4387628718103065e-11,-1.4221767239955709e-11,-2.4761661567805765e-11,1.0000107220199441,-1.7825151031731053e-11,1.0000093906694718,-1.851785337010022e-11,-1.7622586098213955e-11,1.0000088455236869,-2.51932631490884e-11,-2.5078975845911567e-11
1.1086987973947154e-07,-1.24211512247396e-18,-1.868703087823391e-18,-1.8806078830595608e-18,-1.1622205758434418e-18,-2.51932710671908e-11,-2.519326472122702e-11,-2.5193260711152997e-11,-2.7964759197023568e-18,-1.2545244864078838e-18,-2.5193264387079975e-11,-2.451528184758693e-18,-1.3758292166038844e-18,-1.885938290681081e-18,-1.4201077720492997e-18,-2.5193260638380587e-11,-1.5196810794282836e-18,-1.3758292166038844e-18,-1.6241496968027231e-18,-2.3393986788625126e-18,-1.2545244864078838e-18,-1.3407604021441507e-18,-1.7338419355182558e-18,-1.1940883134659659e-18,-1.8969420663627833e-18,-1.9137039076474603e-18,-2.951338012027972e-18,-1.239417279585411e-18,-4.997843055081178e-08,-1.6628991169656033e-18,-2.519326231461725e-11,-1.4211434100097075e-18,-1.6383866428644476e-18,-2.51932631490884e-11,-5.95889597614698e-07,-1.928341300332841e-18
1.1109660890845225e-07,-1.8722221538344428e-18,-2.3950612441637483e-18,-2.3128863714976688e-18,-1.9568493962550646e-18,-4.975167515516089e-08,-2.5078977406477887e-11,-2.5078973632218925e-11,-4.064509233782586e-18,-1.802937970610178e-18,-2.5078977011573698e-11,-3.2080421936586096e-18,-2.02459094570246e-18,-2.4253189735244218e-18,-1.94147519631167e-18,-2.507897351603108e-11,-2.2624145442244277e-18,-1.991650268342526e-18,-4.205167953632659e-15,-3.152751583717789e-18,-1.7451292057294373e-18,-2.0514297588964754e-18,-2.3027233001659305e-18,-1.7767459835267414e-18,-2.4110648398906193e-18,-4.847161388858937e-15,-3.616386132343741e-18,-1.868388445583939e-18,-4.9751702925136445e-08,-4.2529122673431065e-15,-2.5078975170773607e-11,-2.1963277113515822e-18,-2.158665058934621e-18,-2.5078975845911567e-11,-1.928341300332841e-18,-5.958895971614681e-07
