0.9999999999773324,1.877396047075423e-08,0.36479598769145527,3.68319370504736e-08,3.016801034416994e-08,0.819193728987012,2.538168917638952e-08,0.81919372835751,2.5381689689613468e-08,1.877396382795029e-08,2.1134096814198053e-08,0.9999999742349773,3.089726758000149e-08,2.0518006920009952e-08,0.6352038314377215,2.161098444444555e-08,2.1134096837039745e-08,2.108307902138182e-08,0.8191937367112391,3.874222975228153e-08,1.3449865148988992e-08,0.180806105689083,2.0265350038845466e-08,1.881198898269805e-08,2.0677720983731702e-08,1.8773963305827358e-08,0.18080607544441146,1.8206479683925624e-08,2.2151129454849006e-08,2.1138390204146523e-08,4.4394008813205827e-10,2.2585427718136983e-08,0.18080611826807186
1.877396047075423e-08,2.44920170936527e-08,3.3918254196470415e-12,1.351009408506517e-12,8.576298982064813e-13,-2.553732552567435e-12,7.60764313366982e-13,-2.208476173699141e-12,7.607643316836792e-13,1.5852697464869472e-09,7.222093038415125e-13,1.6189160902573503e-09,8.437736544896088e-13,1.6037555281977777e-12,-6.1990202617543166e-12,3.6928087240367536e-13,7.222093427568351e-13,3.066501396999242e-13,-2.2951482170805762e-12,1.1999578339989641e-12,2.9564440333176583e-13,2.4530405194091573e-13,4.999464800557244e-13,9.85499928413563e-13,1.467488384130218e-12,1.5852697464880485e-09,-3.080571298092124e-13,1.2626241946729354e-12,3.043641640898793e-13,7.594513579475963e-13,3.267527930638154e-13,1.649725651919705e-13,5.014695185112648e-13
0.36479598769145527,3.3918254196470415e-12,0.3647958826756019,2.1530901613793233e-11,1.3355601360681834e-12,0.36479587838920824,-8.603410290170587e-13,0.36479588258674034,-8.603406566814419e-13,3.3918251898525555e-12,4.2515438185665956e-12,0.36479599163984994,8.954387298193114e-12,2.370956503632293e-12,2.4758980932456693e-11,4.654816271314789e-12,4.2515438860010054e-12,4.523407374343689e-12,0.3647958788908935,2.200208186460882e-11,4.826752271222033e-13,-8.074102867957964e-12,4.301040022737339e-12,9.76105413713061e-13,2.3956967998533444e-12,3.3918255989129914e-12,5.542604573470663e-11,-2.1311078385675446e-12,5.402508948657152e-12,3.6348607659758095e-12,3.0589452243973866e-11,3.2295157115674436e-12,-6.185440324315874e-12
3.68319370504736e-08,1.351009408506517e-12,2.1530901613793233e-11,2.47914843906624e-08,1.4819211493096262e-12,-7.898061671056195e-12,1.1227224338549273e-12,-7.954969747399921e-12,1.1227222087969268e-12,1.3510094357573754e-12,1.2023416674047542e-12,1.9972769738370325e-08,1.1354954539131404e-12,1.5247912120822194e-12,-1.7651370473444783e-11,1.4291129453600382e-12,1.202341750768997e-12,1.1774560958516524e-12,-7.900904524209683e-12,9.597611608893907e-13,1.3130280358489917e-12,2.330938467271938e-08,1.142255130178951e-12,1.4184127778798755e-12,1.5082832105065332e-12,1.3510094357572132e-12,1.1581661832593157e-11,1.4769654428706251e-12,1.218793914983394e-12,1.2180898263000426e-12,1.148707008851426e-12,1.499388793305071e-12,2.3975818219572874e-08
3.016801034416994e-08,8.576298982064813e-13,1.3355601360681834e-12,1.4819211493096262e-12,2.4719333730849966e-08,1.201055463950836e-12,8.246512978450206e-13,1.5746845506335118e-12,8.246514445587641e-13,8.57629791577189e-13,7.785365234805005e-13,1.2224744393747118e-08,9.218300246664709e-13,1.7045496188188022e-12,8.84924681862599e-13,4.0360030105770434e-13,7.785369014306382e-13,3.3925194733390067e-13,2.9417487979838967e-09,1.3225092010004254e-12,3.099342659943297e-13,1.5743668943384828e-12,5.448781982619801e-13,2.0886009623915683e-09,1.561369262966486e-12,8.57629898207016e-13,9.573545710133234e-13,1.3434717624077535e-12,3.3774282154508307e-13,8.167348284955391e-13,7.266410000338023e-10,1.8654040297611856e-13,1.8320133838794877e-12
0.819193728987012,-2.553732552567435e-12,0.36479587838920824,-7.898061671056195e-12,1.201055463950836e-12,0.8191937803494006,-3.7450240322471305e-12,0.8191937571142696,-3.745024566455565e-12,-2.5537323165606785e-12,-8.927645338764327e-13,0.8191937649668651,-3.4350338912039407e-12,-4.809176093074246e-12,0.45439788389777547,-7.406086968196637e-13,-8.927646114708972e-13,3.971609546953917e-13,0.8191937618342809,-8.09657923187448e-12,-7.456581395041374e-09,2.0436129203605064e-12,-8.603298908096408e-14,-5.101585147444472e-12,-4.709296076953875e-12,-2.553731631366966e-12,-7.489188441171685e-13,-4.8063153437351035e-12,7.514763210015938e-13,-1.5209624079349283e-12,-8.524485252821433e-12,-9.651183325241131e-14,8.476003234054306e-13
2.538168917638952e-08,7.60764313366982e-13,-8.603410290170587e-13,1.1227224338549273e-12,8.246512978450206e-13,-3.7450240322471305e-12,2.4300821409303763e-08,-3.482186363788502e-12,1.394146612472117e-09,7.60764313363592e-13,6.811655065722155e-13,9.213132474855022e-09,7.614145778859887e-13,1.4169538868557735e-12,2.120701122653765e-12,4.268117987656761e-13,6.811655065722155e-13,3.499285334897909e-13,-3.5460681686819434e-12,1.0045444213332962e-12,3.6917307108589427e-13,5.369316263301546e-12,4.977520136687479e-13,9.171640627663788e-13,1.3067908260869109e-12,7.607642731145073e-13,9.814192204888792e-09,1.143046927660807e-12,3.5124005848018703e-13,7.136397506179321e-13,3.640350020326739e-13,2.71755945514573e-13,5.609360452844224e-12
0.81919372835751,-2.208476173699141e-12,0.36479588258674034,-7.954969747399921e-12,1.5746845506335118e-12,0.8191937571142696,-3.482186363788502e-12,0.819193779186793,-3.4821869633288915e-12,-2.2084759113482503e-12,-5.742684462909651e-13,0.8191937680039318,-3.180215485511785e-12,-4.881884670587263e-12,0.4543978786639426,-7.44526255554955e-14,-5.742689125442666e-13,9.643559122978507e-13,0.8191937611849107,-8.051425239841115e-12,-3.117617303926808e-12,1.5131824506718635e-12,3.4338153522136715e-13,-4.841670661464675e-12,-4.702785527007598e-12,-2.2084756960091624e-12,-1.2755983587152155e-12,-4.6921683387762674e-12,1.3468861917402714e-12,-1.2211064527826196e-12,-7.934728806864418e-12,7.396824020859445e-13,3.324633097153866e-13
2.5381689689613468e-08,7.607643316836792e-13,-8.603406566814419e-13,1.1227222087969268e-12,8.246514445587641e-13,-3.745024566455565e-12,1.394146612472117e-09,-3.4821869633288915e-12,2.4300821409303763e-08,7.607643487131426e-13,6.81165506429161e-13,9.213131577022853e-09,7.614146557544498e-13,1.4169537901117514e-12,2.1207000813124258e-12,4.268118621768654e-13,6.811655064291609e-13,3.499285334911642e-13,-3.5460688632271602e-12,1.0045444213333868e-12,3.691730710868762e-13,5.369316476042677e-12,4.977517403843459e-13,9.171641771612364e-13,1.3067908260869109e-12,7.607643316834512e-13,9.814191957792533e-09,1.143046927660807e-12,3.512400583271961e-13,7.136397506183577e-13,3.6403493656947016e-13,2.7175594551491426e-13,5.609360213138404e-12
1.877396382795029e-08,1.5852697464869472e-09,3.3918251898525555e-12,1.3510094357573754e-12,8.57629791577189e-13,-2.5537323165606785e-12,7.60764313363592e-13,-2.2084759113482503e-12,7.607643487131426e-13,2.4492017093663035e-08,7.222093051829828e-13,1.618916806371618e-09,8.437736545005531e-13,1.6037556730456991e-12,-6.199020547564999e-12,3.6928089312911505e-13,7.22209342770212e-13,3.066501395189435e-13,-2.295148027429514e-12,1.1999578339990756e-12,2.95644570794483e-13,2.453042873606295e-13,4.99946501816461e-13,9.854999283840528e-13,1.4674884513203914e-12,1.585269746485728e-09,-3.0805687478253245e-13,1.2626242755883934e-12,3.0436391236952136e-13,7.594512987760472e-13,3.26752957328962e-13,1.649721246468039e-13,5.014696243475798e-13
2.1134096814198053e-08,7.222093038415125e-13,4.2515438185665956e-12,1.2023416674047542e-12,7.785365234805005e-13,-8.927645338764327e-13,6.811655065722155e-13,-5.742684462909651e-13,6.81165506429161e-13,7.222093051829828e-13,2.4191837733737748e-08,4.485693553812925e-09,7.486584293381231e-13,1.4764763258716633e-12,-5.175515791071479e-12,3.181646380388306e-13,6.481791818696843e-13,2.596777974230893e-13,-6.582537096404234e-13,1.0605796119148047e-12,2.675694903506274e-13,4.0472303364556655e-13,4.393192915330741e-13,8.962213317338621e-13,1.3481576210666573e-12,7.222093048908655e-13,-8.715905783199624e-14,1.1582153649695605e-12,5.083004011412952e-10,6.841127562360121e-13,2.7777547794481354e-13,2.532608467044468e-10,6.55330343445458e-13
0.9999999742349773,1.6189160902573503e-09,0.36479599163984994,1.9972769738370325e-08,1.2224744393747118e-08,0.8191937649668651,9.213132474855022e-09,0.8191937680039318,9.213131577022853e-09,1.618916806371618e-09,4.485693553812925e-09,0.9999999456301639,1.3396810833223603e-08,7.667809907889206e-09,0.6352038544475533,4.3705359089415714e-10,4.485693583495877e-09,1.793268627500045e-09,0.8191937745391049,2.0673831382903414e-08,-6.743706345129324e-09,0.18080609311177065,2.4491937257092324e-09,2.465959287987521e-09,6.900846190345425e-09,1.618917766094787e-09,0.180806070294507,3.5395915305067277e-09,2.2442754323268683e-09,4.799497673106096e-09,-2.033935652359227e-08,-7.043655737587485e-10,0.18080610520778534
3.089726758000149e-08,8.437736544896088e-13,8.954387298193114e-12,1.1354954539131404e-12,9.218300246664709e-13,-3.4350338912039407e-12,7.614145778859887e-13,-3.180215485511785e-12,7.614146557544498e-13,8.437736545005531e-13,7.486584293381231e-13,1.3396810833223603e-08,2.4503356707655094e-08,1.5363839279827398e-12,-5.848515869415693e-12,5.027359539916272e-13,7.486581880802719e-13,4.056167504765165e-13,-3.247070935400359e-12,1.0130435228837272e-12,9.452569402024933e-10,6.868974258291671e-12,5.540201389603966e-13,1.008908327420197e-12,1.4202191885055171e-12,8.4377365450055e-13,6.440101192476901e-12,1.251448674230489e-12,4.078487667502192e-13,7.84875382530052e-13,4.251897598705088e-13,6.937212352824651e-10,1.4205014904193318e-08
2.0518006920009952e-08,1.6037555281977777e-12,2.370956503632293e-12,1.5247912120822194e-12,1.7045496188188022e-12,-4.809176093074246e-12,1.4169538868557735e-12,-4.881884670587263e-12,1.4169537901117514e-12,1.6037556730456991e-12,1.4764763258716633e-12,7.667809907889206e-09,1.5363839279827398e-12,2.6120041696673946e-08,-6.8781970337183554e-12,1.7892939339182661e-12,1.47647648010515e-12,1.5265182916787287e-12,-4.783728079597791e-12,1.5692855390537153e-12,1.5100167339584234e-12,5.9869341591285e-13,1.4626118660204644e-12,1.6359354812215532e-12,1.6368580898374002e-12,1.6037555281986958e-12,3.0495419008582227e-14,1.6262259877982155e-12,1.586481080743046e-12,1.474294011738275e-12,1.5525759387288054e-12,1.9024484357048316e-12,8.181884717618492e-13
0.6352038314377215,-6.1990202617543166e-12,2.4758980932456693e-11,-1.7651370473444783e-11,8.84924681862599e-13,0.45439788389777547,2.120701122653765e-12,0.4543978786639426,2.1207000813124258e-12,-6.199020547564999e-12,-5.175515791071479e-12,0.6352038544475533,-5.848515869415693e-12,-6.8781970337183554e-12,0.6352038620340711,-5.432151721234454e-12,-5.175515886430036e-12,-4.3453427634701295e-12,0.45439789008307985,-1.6853745594360964e-11,-9.331083584802184e-09,0.18080605857284418,-4.9353178935470885e-12,-4.4495245601576156e-12,-6.4709851155348215e-12,-6.199020276355235e-12,0.1808059142714433,-2.460990621059695e-12,-4.941262375042871e-12,-4.6378032176804425e-12,-8.238404517013413e-08,-3.3388107526487495e-12,0.18080606388520634
2.161098444444555e-08,3.6928087240367536e-13,4.654816271314789e-12,1.4291129453600382e-12,4.0360030105770434e-13,-7.406086968196637e-13,4.268117987656761e-13,-7.44526255554955e-14,4.268118621768654e-13,3.6928089312911505e-13,3.181646380388306e-13,4.3705359089415714e-10,5.027359539916272e-13,1.7892939339182661e-12,-5.432151721234454e-12,2.187736085052273e-08,3.18164431101733e-13,-9.030104227269408e-10,-2.9275848435673356e-13,1.1304648760184031e-12,-4.764151333767826e-13,6.760727643719908e-13,-1.341755841252812e-10,6.785851898175823e-13,3.0460476644737432e-09,3.6928089312907643e-13,4.698842735831943e-14,1.1776169594031009e-12,-4.988222667240023e-13,7.635910227671024e-10,-4.3780150537413874e-13,-9.592894861832314e-13,9.796518337623434e-13
2.1134096837039745e-08,7.222093427568351e-13,4.2515438860010054e-12,1.202341750768997e-12,7.785369014306382e-13,-8.927646114708972e-13,6.811655065722155e-13,-5.742689125442666e-13,6.811655064291609e-13,7.22209342770212e-13,6.481791818696843e-13,4.485693583495877e-09,7.486581880802719e-13,1.47647648010515e-12,-5.175515886430036e-12,3.18164431101733e-13,2.4191837733737864e-08,2.5967761218429185e-13,-6.582536509168293e-13,1.060579495959202e-12,2.675696217207306e-13,4.047229614352618e-13,4.393192915325132e-13,8.962217084887021e-13,1.3481576211930564e-12,7.222093048892107e-13,-8.715890225328218e-14,1.1582153649695237e-12,5.083004011417732e-10,6.841127562360017e-13,2.777755197117453e-13,2.5326084670511667e-10,6.553304812775048e-13
2.108307902138182e-08,3.066501396999242e-13,4.523407374343689e-12,1.1774560958516524e-12,3.3925194733390067e-13,3.971609546953917e-13,3.499285334897909e-13,9.643559122978507e-13,3.499285334911642e-13,3.066501395189435e-13,2.596777974230893e-13,1.793268627500045e-09,4.056167504765165e-13,1.5265182916787287e-12,-4.3453427634701295e-12,-9.030104227269408e-10,2.5967761218429185e-13,2.210771243952013e-08,7.754186147512825e-13,9.212912528444485e-13,-4.053245306193629e-13,3.618203081247533e-13,-1.4336298086731459e-10,5.726319536933379e-13,1.3090982209365919e-12,3.0665027616653597e-13,-1.4914684443076275e-13,1.0027220064610863e-12,-4.411146110456801e-13,6.310246653206286e-10,-3.8995483123347475e-13,-8.315394851541428e-13,6.33544731899436e-13
0.8191937367112391,-2.2951482170805762e-12,0.3647958788908935,-7.900904524209683e-12,2.9417487979838967e-09,0.8191937618342809,-3.5460681686819434e-12,0.8191937611849107,-3.5460688632271602e-12,-2.295148027429514e-12,-6.582537096404234e-13,0.8191937745391049,-3.247070935400359e-12,-4.783728079597791e-12,0.45439789008307985,-2.9275848435673356e-13,-6.582536509168293e-13,7.754186147512825e-13,0.8191937889198533,-8.040147337603408e-12,-3.2971848721445954e-12,3.0946871088618763e-12,2.0980694419178906e-13,-4.890978109631585e-12,-4.639263670886406e-12,-2.295147666441384e-12,2.5802034032584667e-13,-4.674241369824212e-12,1.1469387343717276e-12,-1.2957401054767854e-12,-8.115766944666163e-12,4.552439748581057e-13,1.9420578934184776e-12
3.874222975228153e-08,1.1999578339989641e-12,2.200208186460882e-11,9.597611608893907e-13,1.3225092010004254e-12,-8.09657923187448e-12,1.0045444213332962e-12,-8.051425239841115e-12,1.0045444213333868e-12,1.1999578339990756e-12,1.0605796119148047e-12,2.0673831382903414e-08,1.0130435228837272e-12,1.5692855390537153e-12,-1.6853745594360964e-11,1.1304648760184031e-12,1.060579495959202e-12,9.212912528444485e-13,-8.040147337603408e-12,2.4733093572343465e-08,1.0559982783715902e-12,2.633996844305684e-08,9.485892503326573e-13,1.3065572194157031e-12,1.5156684956369285e-12,1.1999578339990756e-12,1.3093888068737818e-11,2.845283569866689e-09,9.49104488090941e-13,1.0857971172799472e-12,8.930413249936324e-13,1.124975911995228e-12,2.7033142341507462e-08
1.3449865148988992e-08,2.9564440333176583e-13,4.826752271222033e-13,1.3130280358489917e-12,3.099342659943297e-13,-7.456581395041374e-09,3.6917307108589427e-13,-3.117617303926808e-12,3.691730710868762e-13,2.95644570794483e-13,2.675694903506274e-13,-6.743706345129324e-09,9.452569402024933e-10,1.5100167339584234e-12,-9.331083584802184e-09,-4.764151333767826e-13,2.675696217207306e-13,-4.053245306193629e-13,-3.2971848721445954e-12,1.0559982783715902e-12,2.1687606653145513e-08,2.0576396793310403e-13,-6.2752530055372e-14,5.685427276912411e-13,1.2950445995513316e-12,2.95644570794483e-13,-1.5243513016728535e-13,9.792979895329671e-13,-4.388421004882592e-13,3.203680647398125e-13,-9.38381905092952e-10,-8.731465979208047e-13,3.4114174840015015e-13
0.180806105689083,2.4530405194091573e-13,-8.074102867957964e-12,2.330938467271938e-08,1.5743668943384828e-12,2.0436129203605064e-12,5.369316263301546e-12,1.5131824506718635e-12,5.369316476042677e-12,2.453042873606295e-13,4.0472303364556655e-13,0.18080609311177065,6.868974258291671e-12,5.9869341591285e-13,0.18080605857284418,6.760727643719908e-13,4.047229614352618e-13,3.618203081247533e-13,3.0946871088618763e-12,2.633996844305684e-08,2.0576396793310403e-13,0.18080606940438076,-6.385976952377234e-14,2.096040375754436e-12,9.729270325260425e-13,2.4530407489522034e-13,0.18080603396433612,6.133126390320815e-13,3.1678906034648805e-13,9.495855570614774e-13,-3.8085977629617535e-09,8.234719103966791e-13,0.18080605816680784
2.0265350038845466e-08,4.999464800557244e-13,4.301040022737339e-12,1.142255130178951e-12,5.448781982619801e-13,-8.603298908096408e-14,4.977520136687479e-13,3.4338153522136715e-13,4.977517403843459e-13,4.99946501816461e-13,4.393192915330741e-13,2.4491937257092324e-09,5.540201389603966e-13,1.4626118660204644e-12,-4.9353178935470885e-12,-1.341755841252812e-10,4.393192915325132e-13,-1.4336298086731459e-10,2.0980694419178906e-13,9.485892503326573e-13,-6.2752530055372e-14,-6.385976952377234e-14,2.3254489793219953e-08,7.14535823906909e-13,1.2939026773873241e-12,4.99946683984824e-13,-5.443120690371418e-13,1.0528751165542271e-12,-9.283237532976601e-14,4.858529965391913e-13,-5.79948907144988e-14,-6.792199890913434e-10,1.9707278638466337e-13
1.881198898269805e-08,9.85499928413563e-13,9.76105413713061e-13,1.4184127778798755e-12,2.0886009623915683e-09,-5.101585147444472e-12,9.171640627663788e-13,-4.841670661464675e-12,9.171641771612364e-13,9.854999283840528e-13,8.962213317338621e-13,2.465959287987521e-09,1.008908327420197e-12,1.6359354812215532e-12,-4.4495245601576156e-12,6.785851898175823e-13,8.962217084887021e-13,5.726319536933379e-13,-4.890978109631585e-12,1.3065572194157031e-12,5.685427276912411e-13,2.096040375754436e-12,7.14535823906909e-13,2.5170876873468827e-08,1.5296635186784775e-12,9.854999283818007e-13,1.5136162537517714e-12,1.3627660651720075e-12,5.833748271214058e-13,9.25784124684431e-13,1.1990053240497036e-09,5.382162729017777e-13,2.3488940689741965e-12
2.0677720983731702e-08,1.467488384130218e-12,2.3956967998533444e-12,1.5082832105065332e-12,1.561369262966486e-12,-4.709296076953875e-12,1.3067908260869109e-12,-4.702785527007598e-12,1.3067908260869109e-12,1.4674884513203914e-12,1.3481576210666573e-12,6.900846190345425e-09,1.4202191885055171e-12,1.6368580898374002e-12,-6.4709851155348215e-12,3.0460476644737432e-09,1.3481576211930564e-12,1.3090982209365919e-12,-4.639263670886406e-12,1.5156684956369285e-12,1.2950445995513316e-12,9.729270325260425e-13,1.2939026773873241e-12,1.5296635186784775e-12,2.6124671429301072e-08,1.4674883841065674e-12,3.9902729166495437e-13,1.5753689890390766e-12,1.3577170669468732e-12,1.3536171436369447e-12,1.3351928604323632e-12,1.5899778010305945e-12,1.2031743017694394e-12
1.8773963305827358e-08,1.5852697464880485e-09,3.3918255989129914e-12,1.3510094357572132e-12,8.57629898207016e-13,-2.553731631366966e-12,7.607642731145073e-13,-2.2084756960091624e-12,7.607643316834512e-13,1.585269746485728e-09,7.222093048908655e-13,1.618917766094787e-09,8.4377365450055e-13,1.6037555281986958e-12,-6.199020276355235e-12,3.6928089312907643e-13,7.222093048892107e-13,3.0665027616653597e-13,-2.295147666441384e-12,1.1999578339990756e-12,2.95644570794483e-13,2.4530407489522034e-13,4.99946683984824e-13,9.854999283818007e-13,1.4674883841065674e-12,2.4492017093663035e-08,-3.08056759957217e-13,1.2626241946737448e-12,3.0436391238410345e-13,7.594511495424804e-13,3.2675280923332003e-13,1.6497235224921687e-13,5.014701772295521e-13
0.18080607544441146,-3.080571298092124e-13,5.542604573470663e-11,1.1581661832593157e-11,9.573545710133234e-13,-7.489188441171685e-13,9.814192204888792e-09,-1.2755983587152155e-12,9.814191957792533e-09,-3.0805687478253245e-13,-8.715905783199624e-14,0.180806070294507,6.440101192476901e-12,3.0495419008582227e-14,0.1808059142714433,4.698842735831943e-14,-8.715890225328218e-14,-1.4914684443076275e-13,2.5802034032584667e-13,1.3093888068737818e-11,-1.5243513016728535e-13,0.18080603396433612,-5.443120690371418e-13,1.5136162537517714e-12,3.9902729166495437e-13,-3.08056759957217e-13,0.1808060433422349,4.208218412806872e-14,-2.1934548549246925e-13,4.557962417366169e-13,-2.2070334494873747e-12,1.5351391680557948e-13,0.18080604556167634
1.8206479683925624e-08,1.2626241946729354e-12,-2.1311078385675446e-12,1.4769654428706251e-12,1.3434717624077535e-12,-4.8063153437351035e-12,1.143046927660807e-12,-4.6921683387762674e-12,1.143046927660807e-12,1.2626242755883934e-12,1.1582153649695605e-12,3.5395915305067277e-09,1.251448674230489e-12,1.6262259877982155e-12,-2.460990621059695e-12,1.1776169594031009e-12,1.1582153649695237e-12,1.0027220064610863e-12,-4.674241369824212e-12,2.845283569866689e-09,9.792979895329671e-13,6.133126390320815e-13,1.0528751165542271e-12,1.3627660651720075e-12,1.5753689890390766e-12,1.2626241946737448e-12,4.208218412806872e-14,2.583656596745309e-08,1.0360748417163749e-12,1.172772470043653e-12,1.0258858101154019e-12,1.1506845886748357e-12,8.431430337097278e-13
2.2151129454849006e-08,3.043641640898793e-13,5.402508948657152e-12,1.218793914983394e-12,3.3774282154508307e-13,7.514763210015938e-13,3.5124005848018703e-13,1.3468861917402714e-12,3.512400583271961e-13,3.0436391236952136e-13,5.083004011412952e-10,2.2442754323268683e-09,4.078487667502192e-13,1.586481080743046e-12,-4.941262375042871e-12,-4.988222667240023e-13,5.083004011417732e-10,-4.411146110456801e-13,1.1469387343717276e-12,9.49104488090941e-13,-4.388421004882592e-13,3.1678906034648805e-13,-9.283237532976601e-14,5.833748271214058e-13,1.3577170669468732e-12,3.0436391238410345e-13,-2.1934548549246925e-13,1.0360748417163749e-12,2.1953267145159984e-08,3.1778774186098935e-13,-4.252543114332648e-13,-1.7724683753525864e-09,6.024795614339731e-13
2.1138390204146523e-08,7.594513579475963e-13,3.6348607659758095e-12,1.2180898263000426e-12,8.167348284955391e-13,-1.5209624079349283e-12,7.136397506179321e-13,-1.2211064527826196e-12,7.136397506183577e-13,7.594512987760472e-13,6.841127562360121e-13,4.799497673106096e-09,7.84875382530052e-13,1.474294011738275e-12,-4.6378032176804425e-12,7.635910227671024e-10,6.841127562360017e-13,6.310246653206286e-10,-1.2957401054767854e-12,1.0857971172799472e-12,3.203680647398125e-13,9.495855570614774e-13,4.858529965391913e-13,9.25784124684431e-13,1.3536171436369447e-12,7.594511495424804e-13,4.557962417366169e-13,1.172772470043653e-12,3.1778774186098935e-13,2.4329857776986215e-08,3.3625539802789443e-13,2.0910833592982498e-13,1.1935059267945814e-12
4.4394008813205827e-10,3.267527930638154e-13,3.0589452243973866e-11,1.148707008851426e-12,7.266410000338023e-10,-8.524485252821433e-12,3.640350020326739e-13,-7.934728806864418e-12,3.6403493656947016e-13,3.26752957328962e-13,2.7777547794481354e-13,-2.033935652359227e-08,4.251897598705088e-13,1.5525759387288054e-12,-8.238404517013413e-08,-4.3780150537413874e-13,2.777755197117453e-13,-3.8995483123347475e-13,-8.115766944666163e-12,8.930413249936324e-13,-9.38381905092952e-10,-3.8085977629617535e-09,-5.79948907144988e-14,1.1990053240497036e-09,1.3351928604323632e-12,3.2675280923332003e-13,-2.2070334494873747e-12,1.0258858101154019e-12,-4.252543114332648e-13,3.3625539802789443e-13,2.2035988251520593e-08,-8.218561875981879e-13,-1.7062672299556392e-12
2.2585427718136983e-08,1.649725651919705e-13,3.2295157115674436e-12,1.499388793305071e-12,1.8654040297611856e-13,-9.651183325241131e-14,2.71755945514573e-13,7.396824020859445e-13,2.7175594551491426e-13,1.649721246468039e-13,2.532608467044468e-10,-7.043655737587485e-10,6.937212352824651e-10,1.9024484357048316e-12,-3.3388107526487495e-12,-9.592894861832314e-13,2.5326084670511667e-10,-8.315394851541428e-13,4.552439748581057e-13,1.124975911995228e-12,-8.731465979208047e-13,8.234719103966791e-13,-6.792199890913434e-10,5.382162729017777e-13,1.5899778010305945e-12,1.6497235224921687e-13,1.5351391680557948e-13,1.1506845886748357e-12,-1.7724683753525864e-09,2.0910833592982498e-13,-8.218561875981879e-13,1.9895461943094337e-08,1.1468288712797966e-12
0.18080611826807186,5.014695185112648e-13,-6.185440324315874e-12,2.3975818219572874e-08,1.8320133838794877e-12,8.476003234054306e-13,5.609360452844224e-12,3.324633097153866e-13,5.609360213138404e-12,5.014696243475798e-13,6.55330343445458e-13,0.18080610520778534,1.4205014904193318e-08,8.181884717618492e-13,0.18080606388520634,9.796518337623434e-13,6.553304812775048e-13,6.33544731899436e-13,1.9420578934184776e-12,2.7033142341507462e-08,3.4114174840015015e-13,0.18080605816680784,1.9707278638466337e-13,2.3488940689741965e-12,1.2031743017694394e-12,5.014701772295521e-13,0.18080604556167634,8.431430337097278e-13,6.024795614339731e-13,1.1935059267945814e-12,-1.7062672299556392e-12,1.1468288712797966e-12,0.18080609265987885
