1.0000000043526378,1.2480276479778949e-06,1.0000087189688278,1.0000088617668255,1.0000088617668257,1.0000088617668181,1.0000088617668186,1.238236068869024e-06,1.2480276558967544e-06,1.0000088617668277,1.0000087637414663,1.0000088617668177,1.000008861766822,1.0000088687857538,1.0000088617668181,1.2480276558971286e-06,1.0000087189688263,1.0000088617668188,1.238236068979807e-06,1.000008861766821,1.0000088687857533,1.2480276559510232e-06,1.0000088617668224,1.0000086620389474,1.2480276559506738e-06,1.2498639547709078e-06,1.0000088617668192,1.000008861766828,1.2358443736988998e-06,1.000008861766824,1.0000088617668208,1.0000088783917076,1.0000088617668188,1.0000088617668266,1.000008861766821,1.0000088617668224,1.248027655947536e-06,1.235046638555989e-06,1.0000086620389512,1.0000088617668181,1.0000088617668248,1.0000088617668306,1.2480276559484569e-06,1.0000088617668188,1.2480276559510249e-06,1.0000088617668306,1.0000088617668255,1.248027655950958e-06,1.0000086620389512,1.2480276509866834e-06,1.0000088617668188,1.2480276559518787e-06,1.248027655948403e-06,1.2498639527244992e-06,1.0000088617668306,1.0000086620389528,1.0000088617668188,1.0000088617668268,1.248027655893655e-06,1.0000088617668248,1.000008868785751,1.0000088617668268,1.0000088687857536,1.2480276559484033e-06,1.000008662038951,1.2408342111038303e-06,1.0000086620389548,1.000008861766826
1.2480276479778949e-06,-8.661582657574742e-07,6.212208604436185e-08,3.118928518264453e-11,3.1189285241085866e-11,3.118928523505412e-11,3.118928524919552e-11,1.487579506675572e-18,3.4937248066352635e-15,3.118928523505412e-11,6.212208894613634e-08,3.1189285181994655e-11,3.118928518924275e-11,3.118928549604957e-11,3.1189285181994655e-11,3.4937248160302774e-15,6.212208604436178e-08,3.118928518924275e-11,1.5285891276176602e-18,3.118928529333409e-11,3.1189285394576376e-11,3.4937247821121106e-15,3.118928521765723e-11,6.212208235594662e-08,3.4937248182426366e-15,3.597511230325988e-15,3.1189285251236496e-11,3.118928521612583e-11,1.5688881126556218e-18,3.118928516735363e-11,3.118928521612583e-11,3.11892857811071e-11,3.118928529333409e-11,3.118928520700172e-11,3.118928520700172e-11,3.118928521765723e-11,3.493724793885512e-15,1.1677559811978716e-18,6.212208235594672e-08,3.1189285181994655e-11,3.1189285251236496e-11,3.118928521612583e-11,3.4937247845009396e-15,3.118928514516413e-11,3.4937248179209494e-15,3.118928520700172e-11,3.118928518924275e-11,3.4937247914165167e-15,6.212208235594668e-08,3.493724825819243e-15,3.118928516735363e-11,3.493724784754536e-15,3.4937247985713656e-15,3.5975112682659434e-15,3.118928521765723e-11,6.212208235594673e-08,3.118928521612583e-11,3.1189285187317265e-11,3.4937248613697412e-15,3.1189285181994655e-11,3.118928544020696e-11,3.118928520700172e-11,3.118928543511801e-11,3.4937248221397215e-15,6.212208235594672e-08,1.6048728947698831e-18,6.212208235594668e-08,3.118928529333409e-11
1.0000087189688278,6.212208604436185e-08,1.0000095741037938,1.0000105830605237,1.000010583060523,1.0000105830605226,1.000010583060525,5.233047287079573e-08,6.212208951404685e-08,1.0000105830605233,1.0000104850348879,1.000010583060523,1.0000105830605244,1.0000105900794722,1.000010583060523,6.212208830109907e-08,1.0000104402621193,1.000010583060523,5.233047196485457e-08,1.0000105830605228,1.0000105900794705,6.212208860359398e-08,1.0000105830605246,1.0000103833320775,6.212208941788998e-08,6.395839713172608e-08,1.000010583060523,1.0000105830605233,2.5072474691892296e-11,1.0000105830605246,1.0000105830605237,1.0000105996854531,1.0000105830605244,1.0000105830605235,1.000010583060523,1.0000105830605237,6.21220893343261e-08,2.4671957780991612e-11,1.0000103833320795,1.0000105830605233,1.0000105830605226,1.0000105830605237,6.212208864084358e-08,1.0000105830605235,6.212208957317893e-08,1.0000105830605244,1.0000105830605228,6.212208888470425e-08,1.0000103833320784,6.212208880345554e-08,1.000010583060523,6.212208893359178e-08,6.212208885301793e-08,6.395839703151454e-08,1.0000105830605237,1.0000103833320793,1.0000105830605241,1.0000105830605226,6.21220888099615e-08,1.0000105830605233,1.0000105900794711,1.0000105830605233,1.0000105900794718,6.212208883773658e-08,1.0000103833320795,2.7577702708992864e-11,1.0000103833320784,1.000010583060523
1.0000088617668255,3.118928518264453e-11,1.0000105830605237,1.0000098597006197,1.0000107258589472,1.0000107258589475,1.0000107258589486,2.6273265288846957e-11,3.118928695861356e-11,1.0000107258589472,1.0000106278332963,1.0000107258589472,1.0000107258589483,1.0000107328778967,1.0000107258589475,3.1189286331620636e-11,1.0000105830605222,1.0000107258589472,2.6273264684256492e-11,1.0000107258589472,1.0000107328778942,3.11892864259875e-11,1.000010725858948,1.000010526130474,3.118928690645647e-11,3.211123150474455e-11,1.0000107258589472,1.0000107258589475,2.507247834648553e-11,1.0000107258589486,1.000010725858948,1.0000107424838791,1.000010725858948,1.000010725858948,1.000010725858946,1.0000107258589481,3.1189286894902076e-11,2.4671961420981813e-11,1.0000105261304746,1.0000107258589472,1.0000107258589475,1.000010725858948,3.1189286464291146e-11,1.0000107258589472,3.118928699403469e-11,1.0000107258589486,1.000010725858947,3.118928663883157e-11,1.0000105261304761,3.118928656437482e-11,1.0000107258589472,3.118928660997015e-11,3.118928659008583e-11,3.2111231499337993e-11,1.0000107258589486,1.000010526130476,1.0000107258589472,1.0000107258589472,3.118928656817259e-11,1.0000107258589475,1.000010732877896,1.0000107258589472,1.0000107328778958,3.1189286700799886e-11,1.0000105261304753,2.7577706918556816e-11,1.000010526130476,1.0000107258589472
1.0000088617668257,3.1189285241085866e-11,1.000010583060523,1.0000107258589472,1.0000098597006184,1.000010725858948,1.000010725858948,2.627326540043289e-11,3.118928694374104e-11,1.0000107258589472,1.0000106278332972,1.0000107258589475,1.0000107258589475,1.0000107328778967,1.000010725858947,3.1189286331620636e-11,1.0000105830605215,1.0000107258589475,2.6273264859057123e-11,1.0000107258589475,1.0000107328778947,3.118928653350208e-11,1.0000107258589475,1.0000105261304737,3.1189286883966134e-11,3.211123149269315e-11,1.0000107258589472,1.0000107258589472,2.50724783659349e-11,1.000010725858948,1.0000107258589475,1.000010742483879,1.0000107258589475,1.0000107258589472,1.000010725858946,1.0000107258589475,3.1189286894902076e-11,2.467196135561392e-11,1.0000105261304755,1.0000107258589475,1.000010725858947,1.0000107258589472,3.1189286465151064e-11,1.0000107258589475,3.1189287033100356e-11,1.0000107258589472,1.0000107258589472,3.118928664167879e-11,1.0000105261304753,3.118928659501696e-11,1.0000107258589466,3.118928667645359e-11,3.118928659678751e-11,3.2111231483194885e-11,1.0000107258589486,1.0000105261304757,1.0000107258589475,1.0000107258589472,3.1189286612835245e-11,1.0000107258589472,1.0000107328778953,1.0000107258589477,1.0000107328778964,3.1189286698070384e-11,1.0000105261304757,2.7577706840385075e-11,1.000010526130476,1.0000107258589472
1.0000088617668181,3.118928523505412e-11,1.0000105830605226,1.0000107258589475,1.000010725858948,1.0000098597006166,1.0000107258589475,2.6273265379100608e-11,3.1189286934649196e-11,1.000010725858948,1.000010627833296,1.0000107258589466,1.0000107258589486,1.0000107328778958,1.0000107258589461,3.118928632768749e-11,1.0000105830605217,1.0000107258589472,2.6273264770060473e-11,1.0000107258589472,1.0000107328778958,3.1189286451961256e-11,1.0000107258589463,1.0000105261304733,3.118928690019775e-11,3.211123149269315e-11,1.0000107258589483,1.000010725858948,2.507247834648553e-11,1.0000107258589481,1.0000107258589463,1.000010742483878,1.0000107258589475,1.0000107258589475,1.0000107258589461,1.0000107258589463,3.1189286875827995e-11,2.467196135561392e-11,1.0000105261304757,1.0000107258589466,1.0000107258589472,1.0000107258589472,3.1189286464291146e-11,1.0000107258589455,3.11892870277998e-11,1.0000107258589475,1.0000107258589475,3.118928662855623e-11,1.0000105261304741,3.118928656603219e-11,1.0000107258589475,3.118928667387477e-11,3.118928664014188e-11,3.211123139384715e-11,1.0000107258589472,1.0000105261304761,1.0000107258589483,1.0000107258589477,3.118928657086211e-11,1.0000107258589472,1.0000107328778962,1.0000107258589466,1.000010732877896,3.1189286700799886e-11,1.0000105261304766,2.7577706840385075e-11,1.0000105261304748,1.0000107258589475
1.0000088617668186,3.118928524919552e-11,1.000010583060525,1.0000107258589486,1.000010725858948,1.0000107258589475,1.0000098597006182,2.6273265394863048e-11,3.118928694346774e-11,1.0000107258589483,1.0000106278332968,1.0000107258589477,1.0000107258589497,1.000010732877896,1.0000107258589472,3.11892863142864e-11,1.0000105830605217,1.0000107258589472,2.6273264684256492e-11,1.0000107258589475,1.0000107328778962,3.1189286451961256e-11,1.000010725858947,1.0000105261304741,3.118928690434599e-11,3.211123151479055e-11,1.0000107258589483,1.000010725858948,2.5072478420815945e-11,1.0000107258589486,1.0000107258589472,1.000010742483878,1.000010725858948,1.0000107258589477,1.0000107258589472,1.0000107258589472,3.1189286893997005e-11,2.467196139592108e-11,1.0000105261304766,1.0000107258589477,1.0000107258589472,1.0000107258589475,3.118928655938864e-11,1.000010725858947,3.118928699403469e-11,1.0000107258589475,1.000010725858948,3.1189286654269284e-11,1.0000105261304757,3.1189286598369084e-11,1.0000107258589472,3.118928660997015e-11,3.118928659008583e-11,3.2111231442245903e-11,1.0000107258589483,1.000010526130476,1.000010725858948,1.000010725858948,3.118928657086211e-11,1.0000107258589477,1.0000107328778962,1.000010725858947,1.0000107328778962,3.118928660628811e-11,1.0000105261304761,2.7577706896525326e-11,1.000010526130476,1.0000107258589477
1.238236068869024e-06,1.487579506675572e-18,5.233047287079573e-08,2.6273265288846957e-11,2.627326540043289e-11,2.6273265379100608e-11,2.6273265394863048e-11,-8.661582632293749e-07,1.1691181262727212e-18,2.627326521587834e-11,5.2330475322031705e-08,2.6273265379100608e-11,2.6273265154370405e-11,2.6273265413906504e-11,2.6273265352958686e-11,1.452442104756757e-18,5.2330472870795614e-08,2.6273265381497958e-11,2.4418071427581794e-15,2.6273265203196453e-11,2.627326540739294e-11,1.4875795066751723e-18,2.6273265311087537e-11,2.62732601687471e-11,1.3667593581532207e-18,1.6544651894369386e-18,2.6273265384747563e-11,2.6273265262717524e-11,2.0874563676141e-18,2.6273265221952467e-11,2.6273265352958686e-11,2.6273265770894476e-11,2.6273265242958463e-11,2.627326525529783e-11,2.6273265262717524e-11,2.6273265262717524e-11,1.3667593581532207e-18,1.2028095380165258e-18,2.62732601687471e-11,2.627326540043289e-11,2.627326531644343e-11,2.627326525529783e-11,1.3808876421315183e-18,2.6273265288846957e-11,1.5119127694603249e-18,2.627326540043289e-11,2.627326540043289e-11,1.216631965873808e-18,2.62732601687471e-11,1.552971994505017e-18,2.6273265237090557e-11,1.380887642154844e-18,1.4307698292746745e-18,1.5424965205892797e-18,2.627326534772463e-11,2.6273260283151363e-11,2.6273265203196453e-11,2.627326526074655e-11,1.320676449388216e-18,2.627326523813457e-11,2.627326539568858e-11,2.6273265203196453e-11,2.627326541001738e-11,1.487579506675572e-18,2.62732601687471e-11,1.304153684798687e-18,2.6273260252512122e-11,2.6273265394863048e-11
1.2480276558967544e-06,3.4937248066352635e-15,6.212208951404685e-08,3.118928695861356e-11,3.118928694374104e-11,3.1189286934649196e-11,3.118928694346774e-11,1.1691181262727212e-18,-8.661582657574742e-07,3.118928699819069e-11,6.212209241582149e-08,3.118928695185712e-11,3.1189286964822483e-11,3.118928718172709e-11,3.118928697548681e-11,3.4937251106659203e-15,6.212208951404676e-08,3.118928692335396e-11,1.4995573266471985e-18,3.118928698689686e-11,3.118928720140506e-11,3.4937250767477594e-15,3.1189286929314786e-11,6.212208582563144e-08,3.4937251128782945e-15,3.59751153375665e-15,3.118928694374104e-11,3.118928696212036e-11,1.1838413262644716e-18,3.118928701278005e-11,3.118928693524272e-11,3.1189287446618116e-11,3.1189287021859346e-11,3.118928695861356e-11,3.118928701278005e-11,3.118928694891965e-11,3.4937250885211684e-15,1.2501240821358726e-18,6.21220858256315e-08,3.118928693524272e-11,3.118928696212036e-11,3.118928704499484e-11,3.493725079136585e-15,3.11892870061693e-11,3.493725112556595e-15,3.1189286946138574e-11,3.118928695861356e-11,3.4937250860521623e-15,6.212208582563148e-08,3.4937251204548905e-15,3.1189286971448885e-11,3.4937250793901748e-15,3.4937250932070148e-15,3.597511571696613e-15,3.118928699824025e-11,6.212208582563149e-08,3.1189286934649196e-11,3.118928698860903e-11,3.493725156005387e-15,3.118928698420142e-11,3.118928718232963e-11,3.118928705223938e-11,3.1189287204589366e-11,3.4937251167753687e-15,6.212208582563149e-08,1.6048728947698831e-18,6.212208582563149e-08,3.118928694891965e-11
1.0000088617668277,3.118928523505412e-11,1.0000105830605233,1.0000107258589472,1.0000107258589472,1.000010725858948,1.0000107258589483,2.627326521587834e-11,3.118928699819069e-11,1.0000098597006197,1.0000106278332968,1.0000107258589475,1.0000107258589486,1.0000107328778969,1.000010725858948,3.118928638844241e-11,1.0000105830605217,1.000010725858947,2.6273264843987867e-11,1.0000107258589475,1.0000107328778962,3.1189286470752544e-11,1.0000107258589483,1.0000105261304744,3.11892868900438e-11,3.2111231521374615e-11,1.000010725858947,1.0000107258589472,2.5072478468839402e-11,1.000010725858949,1.0000107258589483,1.000010742483878,1.000010725858948,1.0000107258589466,1.0000107258589461,1.0000107258589483,3.1189286808551587e-11,2.467196139592108e-11,1.000010526130476,1.0000107258589475,1.000010725858948,1.000010725858947,3.118928650695904e-11,1.0000107258589472,3.118928701548291e-11,1.0000107258589475,1.0000107258589461,3.118928665170282e-11,1.0000105261304753,3.118928662259572e-11,1.0000107258589472,3.1189286660389994e-11,3.118928664808746e-11,3.2111231535527055e-11,1.000010725858948,1.0000105261304761,1.000010725858948,1.0000107258589466,3.118928659139296e-11,1.000010725858948,1.0000107328778962,1.0000107258589472,1.0000107328778962,3.118928664264569e-11,1.0000105261304761,2.7577706983597943e-11,1.0000105261304757,1.0000107258589481
1.0000087637414663,6.212208894613634e-08,1.0000104850348879,1.0000106278332963,1.0000106278332972,1.000010627833296,1.0000106278332968,5.2330475322031705e-08,6.212209241582149e-08,1.0000106278332968,1.0000096636493299,1.000010627833297,1.0000106278332983,1.000010634852245,1.0000106278332956,6.212209120287358e-08,1.0000104850348859,1.0000106278332963,5.233047441609033e-08,1.0000106278332974,1.0000106348522442,6.212209150536855e-08,1.0000106278332976,1.0000104281048434,6.212209231966459e-08,6.395840011911583e-08,1.0000106278332965,1.000010627833297,4.993877611805085e-08,1.0000106278332974,1.0000106278332976,1.000010644458227,1.0000106278332972,1.0000106278332963,1.0000106278332965,1.0000106278332976,6.212209223610069e-08,4.914103596852665e-08,1.0000104281048454,1.000010627833297,1.0000106278332963,1.000010627833297,6.212209154261822e-08,1.0000106278332965,6.212209247495362e-08,1.0000106278332972,1.000010627833296,6.212209178647887e-08,1.0000104281048443,6.21220917052302e-08,1.0000106278332972,6.212209183536638e-08,6.212209175479252e-08,6.395840001890419e-08,1.0000106278332976,1.0000104281048448,1.0000106278332972,1.000010627833296,6.212209171173611e-08,1.0000106278332968,1.0000106348522446,1.0000106278332976,1.0000106348522457,6.212209173951112e-08,1.0000104281048445,5.492863188922676e-08,1.0000104281048443,1.0000106278332963
1.0000088617668177,3.1189285181994655e-11,1.000010583060523,1.0000107258589472,1.0000107258589475,1.0000107258589466,1.0000107258589477,2.6273265379100608e-11,3.118928695185712e-11,1.0000107258589475,1.000010627833297,1.0000098597006188,1.0000107258589486,1.0000107328778958,1.0000107258589463,3.1189286307040247e-11,1.0000105830605217,1.0000107258589472,2.6273264802493485e-11,1.000010725858947,1.0000107328778958,3.118928642563814e-11,1.0000107258589472,1.000010526130473,3.118928690645647e-11,3.2111231509582696e-11,1.000010725858948,1.0000107258589483,2.5072478437239303e-11,1.0000107258589483,1.0000107258589472,1.0000107424838771,1.000010725858948,1.000010725858946,1.000010725858946,1.0000107258589472,3.1189286891303595e-11,2.467196135561392e-11,1.0000105261304757,1.0000107258589466,1.0000107258589466,1.0000107258589461,3.118928650165367e-11,1.000010725858947,3.11892870277998e-11,1.000010725858947,1.000010725858946,3.118928663018319e-11,1.0000105261304741,3.118928657438114e-11,1.000010725858948,3.118928668074533e-11,3.11892866689901e-11,3.2111231576458834e-11,1.0000107258589472,1.000010526130475,1.000010725858948,1.000010725858946,3.1189286529596926e-11,1.0000107258589472,1.000010732877896,1.000010725858947,1.0000107328778958,3.1189286683448015e-11,1.0000105261304761,2.7577706974581387e-11,1.0000105261304755,1.0000107258589472
1.000008861766822,3.118928518924275e-11,1.0000105830605244,1.0000107258589483,1.0000107258589475,1.0000107258589486,1.0000107258589497,2.6273265154370405e-11,3.1189286964822483e-11,1.0000107258589486,1.0000106278332983,1.0000107258589486,1.0000098597006128,1.000010732877898,1.0000107258589481,3.118928632768749e-11,1.0000105830605237,1.0000107258589486,2.627326482477629e-11,1.000010725858948,1.0000107328778975,3.118928645193845e-11,1.0000107258589492,1.0000105261304753,3.1189286873480935e-11,3.211123151652457e-11,1.0000107258589483,1.0000107258589483,2.50724783659349e-11,1.0000107258589497,1.0000107258589492,1.00001074248388,1.000010725858949,1.0000107258589492,1.0000107258589483,1.0000107258589492,3.1189286875827995e-11,2.467196139592108e-11,1.000010526130477,1.0000107258589486,1.0000107258589483,1.0000107258589486,3.118928647792164e-11,1.0000107258589495,3.118928694610488e-11,1.0000107258589486,1.0000107258589492,3.118928662855623e-11,1.0000105261304766,3.1189286587477474e-11,1.0000107258589486,3.1189286672063574e-11,3.118928665318282e-11,3.2111231505148847e-11,1.0000107258589486,1.0000105261304777,1.000010725858949,1.0000107258589492,3.118928657086211e-11,1.0000107258589495,1.000010732877896,1.0000107258589495,1.0000107328778975,3.1189286674651874e-11,1.000010526130478,2.75777068623029e-11,1.0000105261304766,1.000010725858948
1.0000088687857538,3.118928549604957e-11,1.0000105900794722,1.0000107328778967,1.0000107328778967,1.0000107328778958,1.000010732877896,2.6273265413906504e-11,3.118928718172709e-11,1.0000107328778969,1.000010634852245,1.0000107328778958,1.000010732877898,1.0000098737385195,1.000010732877895,3.118928659437473e-11,1.0000105900794705,1.0000107328778944,2.6273265119603235e-11,1.0000107328778962,1.0000107398968452,3.118928672915886e-11,1.0000107328778962,1.0000105331494218,3.1189287129310954e-11,3.211123183227864e-11,1.0000107328778949,1.0000107328778958,2.5072478682457935e-11,1.0000107328778967,1.0000107328778962,1.0000107495028279,1.000010732877896,1.0000107328778962,1.0000107328778958,1.0000107328778962,3.1189287113549797e-11,2.4671961632310168e-11,1.0000105331494231,1.0000107328778958,1.0000107328778958,1.0000107328778975,3.118928679438295e-11,1.000010732877896,3.1189287192301495e-11,1.0000107328778967,1.0000107328778962,3.1189286880060834e-11,1.0000105331494233,3.118928676640791e-11,1.0000107328778944,3.1189286941327736e-11,3.118928693757216e-11,3.2111231726009935e-11,1.0000107328778975,1.0000105331494238,1.0000107328778958,1.0000107328778962,3.118928686312048e-11,1.0000107328778949,1.0000107398968447,1.000010732877896,1.0000107398968452,3.118928685656601e-11,1.0000105331494238,5.492863792575039e-08,1.0000105331494227,1.000010732877897
1.0000088617668181,3.1189285181994655e-11,1.000010583060523,1.0000107258589475,1.000010725858947,1.0000107258589461,1.0000107258589472,2.6273265352958686e-11,3.118928697548681e-11,1.000010725858948,1.0000106278332956,1.0000107258589463,1.0000107258589481,1.000010732877895,1.0000098597006168,3.1189286301714115e-11,1.0000105830605213,1.000010725858947,2.6273264775538063e-11,1.0000107258589466,1.0000107328778953,3.118928653350208e-11,1.000010725858946,1.0000105261304721,3.118928690019775e-11,3.2111231527288924e-11,1.0000107258589475,1.0000107258589472,2.507247848823421e-11,1.0000107258589472,1.000010725858946,1.000010742483877,1.0000107258589475,1.0000107258589463,1.0000107258589455,1.000010725858946,3.1189286893997005e-11,2.4671961420981813e-11,1.0000105261304757,1.0000107258589463,1.000010725858946,1.0000107258589466,3.118928651328596e-11,1.0000107258589455,3.118928694610488e-11,1.0000107258589466,1.0000107258589466,3.118928662290513e-11,1.0000105261304741,3.1189286646885256e-11,1.000010725858947,3.1189286663687136e-11,3.118928665401135e-11,3.211123144332549e-11,1.0000107258589472,1.0000105261304753,1.0000107258589472,1.0000107258589466,3.118928664679517e-11,1.000010725858947,1.0000107328778958,1.0000107258589455,1.0000107328778953,3.11892865990831e-11,1.0000105261304757,2.75777068623029e-11,1.0000105261304741,1.0000107258589463
1.2480276558971286e-06,3.4937248160302774e-15,6.212208830109907e-08,3.1189286331620636e-11,3.1189286331620636e-11,3.118928632768749e-11,3.11892863142864e-11,1.452442104756757e-18,3.4937251106659203e-15,3.118928638844241e-11,6.212209120287358e-08,3.1189286307040247e-11,3.118928632768749e-11,3.118928659437473e-11,3.1189286301714115e-11,-8.661582657574742e-07,6.212208830109895e-08,3.1189286325986024e-11,1.5529719936945165e-18,3.1189286347376216e-11,3.11892865765008e-11,3.4937250861427693e-15,3.118928631153853e-11,6.212208461268365e-08,3.4937251222733036e-15,3.597511543349385e-15,3.1189286306506676e-11,3.1189286310262264e-11,1.4629292574937818e-18,3.1189286360973004e-11,3.118928633048605e-11,3.118928690417324e-11,3.118928632826065e-11,3.1189286329897955e-11,3.118928630537327e-11,3.11892863142864e-11,3.4937250979161783e-15,1.292947520116995e-18,6.212208461268373e-08,3.118928633786529e-11,3.118928632598601e-11,3.118928630468003e-11,3.4937250885316007e-15,3.118928632100981e-11,3.4937251219516085e-15,3.118928629919253e-11,3.118928629980063e-11,3.4937250954471762e-15,6.212208461268369e-08,3.4937251298499036e-15,3.1189286348770455e-11,3.4937250887851934e-15,3.4937251026020326e-15,3.5975115812893475e-15,3.118928633449721e-11,6.212208461268373e-08,3.118928631731275e-11,3.118928630518511e-11,3.4937251654003987e-15,3.118928632100981e-11,3.118928661789169e-11,3.1189286348332114e-11,3.1189286621848935e-11,3.4937251261703822e-15,6.212208461268371e-08,1.5136828037095372e-18,6.212208461268369e-08,3.118928640849236e-11
1.0000087189688263,6.212208604436178e-08,1.0000104402621193,1.0000105830605222,1.0000105830605215,1.0000105830605217,1.0000105830605217,5.2330472870795614e-08,6.212208951404676e-08,1.0000105830605217,1.0000104850348859,1.0000105830605217,1.0000105830605237,1.0000105900794705,1.0000105830605213,6.212208830109895e-08,1.0000095741037893,1.0000105830605208,5.233047196485449e-08,1.0000105830605213,1.0000105900794698,6.212208860359383e-08,1.0000105830605217,1.0000103833320755,6.212208941788982e-08,6.395839713172591e-08,1.0000105830605217,1.000010583060522,2.5072474504638077e-11,1.0000105830605226,1.0000105830605217,1.000010599685451,1.0000105830605215,1.000010583060521,1.000010583060521,1.0000105830605217,6.212208933432599e-08,2.4671957462622525e-11,1.0000103833320764,1.0000105830605217,1.0000105830605213,1.000010583060521,6.212208864084347e-08,1.0000105830605208,6.212208957317881e-08,1.0000105830605222,1.000010583060521,6.212208888470411e-08,1.0000103833320768,6.21220888034554e-08,1.0000105830605217,6.212208893359167e-08,6.21220888530178e-08,6.395839703151444e-08,1.0000105830605224,1.0000103833320775,1.0000105830605215,1.000010583060521,6.212208880996137e-08,1.0000105830605213,1.0000105900794698,1.0000105830605208,1.0000105900794694,6.212208883773645e-08,1.0000103833320775,2.7577702761598223e-11,1.0000103833320768,1.0000105830605222
1.0000088617668188,3.118928518924275e-11,1.000010583060523,1.0000107258589472,1.0000107258589475,1.0000107258589472,1.0000107258589472,2.6273265381497958e-11,3.118928692335396e-11,1.000010725858947,1.0000106278332963,1.0000107258589472,1.0000107258589486,1.0000107328778944,1.000010725858947,3.1189286325986024e-11,1.0000105830605208,1.0000098597006193,2.6273264896189274e-11,1.0000107258589463,1.0000107328778958,3.118928648553477e-11,1.0000107258589461,1.0000105261304733,3.118928688931582e-11,3.211123149680972e-11,1.0000107258589472,1.0000107258589472,2.50724784834949e-11,1.0000107258589486,1.0000107258589461,1.0000107424838773,1.0000107258589472,1.0000107258589466,1.0000107258589461,1.0000107258589461,3.118928688925087e-11,2.4671961437610075e-11,1.000010526130476,1.0000107258589472,1.0000107258589472,1.000010725858947,3.118928656798811e-11,1.000010725858946,3.1189287000361116e-11,1.0000107258589466,1.0000107258589466,3.1189286642063614e-11,1.0000105261304741,3.1189286646885256e-11,1.0000107258589472,3.1189286696246645e-11,3.1189286590087655e-11,3.2111231497912806e-11,1.0000107258589472,1.0000105261304746,1.000010725858947,1.0000107258589466,3.11892865885379e-11,1.0000107258589466,1.0000107328778958,1.000010725858946,1.0000107328778958,3.1189286607271634e-11,1.0000105261304748,2.7577706918556816e-11,1.0000105261304741,1.000010725858948
1.238236068979807e-06,1.5285891276176602e-18,5.233047196485457e-08,2.6273264684256492e-11,2.6273264859057123e-11,2.6273264770060473e-11,2.6273264684256492e-11,2.4418071427581794e-15,1.4995573266471985e-18,2.6273264843987867e-11,5.233047441609033e-08,2.6273264802493485e-11,2.627326482477629e-11,2.6273265119603235e-11,2.6273264775538063e-11,1.5529719936945165e-18,5.233047196485449e-08,2.6273264896189274e-11,-8.661582632293749e-07,2.6273264775546028e-11,2.6273265056997376e-11,1.4131793873602002e-18,2.627326487275291e-11,2.6273260047581976e-11,1.5285891276079751e-18,1.4359190133965514e-18,2.6273264801650692e-11,2.627326491062497e-11,1.9347129930915822e-20,2.6273264775538063e-11,2.6273264802493485e-11,2.6273265466500062e-11,2.6273264897823434e-11,2.627326482477629e-11,2.6273264775538063e-11,2.6273264802493485e-11,1.452442104756757e-18,1.2028095380165258e-18,2.6273260321973095e-11,2.6273264895533025e-11,2.6273264695725726e-11,2.6273264775538063e-11,1.452442104756757e-18,2.627326482477629e-11,1.5119127694723616e-18,2.6273264859057123e-11,2.6273264802493485e-11,1.3667593581532207e-18,2.6273260047609797e-11,1.5119127694723616e-18,2.627326482477629e-11,1.4875795066751723e-18,1.5119127694603249e-18,1.6128068183097503e-18,2.6273264924394294e-11,2.6273260047581976e-11,2.627326482477626e-11,2.627326492440882e-11,1.2933483664339002e-18,2.6273264910622154e-11,2.6273265007897153e-11,2.627326484896246e-11,2.627326500837378e-11,1.4307698292746745e-18,2.627325971533396e-11,1.2597496501330397e-18,2.6273260047581976e-11,2.6273264910622154e-11
1.000008861766821,3.118928529333409e-11,1.0000105830605228,1.0000107258589472,1.0000107258589475,1.0000107258589472,1.0000107258589475,2.6273265203196453e-11,3.118928698689686e-11,1.0000107258589475,1.0000106278332974,1.000010725858947,1.000010725858948,1.0000107328778962,1.0000107258589466,3.1189286347376216e-11,1.0000105830605213,1.0000107258589463,2.6273264775546028e-11,1.000009859700618,1.0000107328778953,3.1189286497448067e-11,1.0000107258589472,1.000010526130473,3.118928690796296e-11,3.211123151652457e-11,1.0000107258589475,1.0000107258589477,2.507247834992788e-11,1.000010725858948,1.0000107258589466,1.0000107424838778,1.0000107258589472,1.0000107258589466,1.0000107258589466,1.0000107258589472,3.1189286849831033e-11,2.4671961416953127e-11,1.0000105261304746,1.000010725858947,1.0000107258589466,1.000010725858948,3.118928651328596e-11,1.0000107258589466,3.118928699403469e-11,1.0000107258589472,1.0000107258589466,3.118928665429768e-11,1.0000105261304746,3.118928660613162e-11,1.0000107258589472,3.118928663106854e-11,3.118928662567532e-11,3.211123139384715e-11,1.0000107258589472,1.0000105261304744,1.000010725858947,1.0000107258589466,3.1189286545946836e-11,1.0000107258589461,1.0000107328778953,1.0000107258589466,1.0000107328778953,3.118928659686997e-11,1.000010526130476,2.757770682262715e-11,1.0000105261304755,1.0000107258589468
1.0000088687857533,3.1189285394576376e-11,1.0000105900794705,1.0000107328778942,1.0000107328778947,1.0000107328778958,1.0000107328778962,2.627326540739294e-11,3.118928720140506e-11,1.0000107328778962,1.0000106348522442,1.0000107328778958,1.0000107328778975,1.0000107398968452,1.0000107328778953,3.11892865765008e-11,1.0000105900794698,1.0000107328778958,2.6273265056997376e-11,1.0000107328778953,1.0000098737385168,3.1189286787766005e-11,1.0000107328778958,1.0000105331494218,3.118928717075483e-11,3.211123183227864e-11,1.0000107328778962,1.0000107328778962,2.507247868531715e-11,1.0000107328778969,1.0000107328778958,1.0000107495028256,1.0000107328778958,1.0000107328778958,1.0000107328778953,1.0000107328778958,3.11892871187732e-11,2.4671961523896442e-11,1.0000105331494231,1.0000107328778962,1.0000107328778953,1.0000107328778958,3.118928678151061e-11,1.0000107328778958,3.118928720547689e-11,1.0000107328778947,1.0000107328778955,3.1189286921087086e-11,1.0000105331494227,3.1189286838537446e-11,1.0000107328778958,3.1189286879802036e-11,3.118928692358539e-11,3.2111231698141664e-11,1.0000107328778947,1.0000105331494233,1.0000107328778962,1.000010732877896,3.118928686312048e-11,1.0000107328778962,1.0000107398968447,1.0000107328778958,1.000010739896845,3.118928683545318e-11,1.0000105331494233,5.492863792575036e-08,1.0000105331494227,1.0000107328778953
1.2480276559510232e-06,3.4937247821121106e-15,6.212208860359398e-08,3.11892864259875e-11,3.118928653350208e-11,3.1189286451961256e-11,3.1189286451961256e-11,1.4875795066751723e-18,3.4937250767477594e-15,3.1189286470752544e-11,6.212209150536855e-08,3.118928642563814e-11,3.118928645193845e-11,3.118928672915886e-11,3.118928653350208e-11,3.4937250861427693e-15,6.212208860359383e-08,3.118928648553477e-11,1.4131793873602002e-18,3.1189286497448067e-11,3.1189286787766005e-11,-8.661582657574742e-07,3.118928641972145e-11,6.212208491517859e-08,3.4937250883551463e-15,3.597511508470746e-15,3.118928644305532e-11,3.118928648591548e-11,1.4629292574937818e-18,3.11892864259875e-11,3.118928644305532e-11,3.1189287051314614e-11,3.118928653350208e-11,3.118928653708138e-11,3.1189286451961256e-11,3.118928650830083e-11,3.493725063998005e-15,1.4626735778680815e-18,6.212208491517862e-08,3.118928645418339e-11,3.1189286451961256e-11,3.1189286453493065e-11,3.4937250546134347e-15,3.118928650192285e-11,3.4937250880334378e-15,3.118928644305532e-11,3.1189286476632545e-11,3.4937250615290146e-15,6.21220849151786e-08,3.493725095931742e-15,3.1189286472765314e-11,3.4937250548670266e-15,3.4937250686838678e-15,3.597511546410704e-15,3.118928651715918e-11,6.212208491517866e-08,3.1189286528052625e-11,3.118928649063111e-11,3.4937251314822335e-15,3.1189286453493065e-11,3.1189286774216773e-11,3.1189286451089214e-11,3.1189286763970655e-11,3.4937250922522205e-15,6.212208491517858e-08,1.4645561178853911e-18,6.212208491517855e-08,3.1189286486127945e-11
1.0000088617668224,3.118928521765723e-11,1.0000105830605246,1.000010725858948,1.0000107258589475,1.0000107258589463,1.000010725858947,2.6273265311087537e-11,3.1189286929314786e-11,1.0000107258589483,1.0000106278332976,1.0000107258589472,1.0000107258589492,1.0000107328778962,1.000010725858946,3.118928631153853e-11,1.0000105830605217,1.0000107258589461,2.627326487275291e-11,1.0000107258589472,1.0000107328778958,3.118928641972145e-11,1.0000098597006173,1.0000105261304737,3.1189286885854685e-11,3.211123152575308e-11,1.0000107258589466,1.0000107258589472,2.507247840512984e-11,1.0000107258589472,1.000010725858948,1.0000107424838773,1.0000107258589466,1.0000107258589475,1.000010725858947,1.000010725858948,3.118928682012638e-11,2.4671961416953127e-11,1.0000105261304757,1.0000107258589472,1.000010725858946,1.000010725858948,3.118928651095862e-11,1.0000107258589472,3.1189287046819295e-11,1.0000107258589475,1.0000107258589475,3.118928663821758e-11,1.000010526130476,3.1189286587477474e-11,1.0000107258589461,3.1189286677611946e-11,3.118928664014188e-11,3.2111231515401686e-11,1.000010725858948,1.0000105261304757,1.0000107258589466,1.0000107258589475,3.118928652579983e-11,1.000010725858947,1.0000107328778962,1.0000107258589472,1.0000107328778964,3.1189286631653746e-11,1.0000105261304757,2.7577706983597943e-11,1.0000105261304757,1.0000107258589475
1.0000086620389474,6.212208235594662e-08,1.0000103833320775,1.000010526130474,1.0000105261304737,1.0000105261304733,1.0000105261304741,2.62732601687471e-11,6.212208582563144e-08,1.0000105261304744,1.0000104281048434,1.000010526130473,1.0000105261304753,1.0000105331494218,1.0000105261304721,6.212208461268365e-08,1.0000103833320755,1.0000105261304733,2.6273260047581976e-11,1.000010526130473,1.0000105331494218,6.212208491517859e-08,1.0000105261304737,1.0000094602437202,6.21220857294745e-08,6.395839333448477e-08,1.0000105261304733,1.0000105261304741,2.5072473225686843e-11,1.000010526130476,1.0000105261304744,1.0000105427554007,1.0000105261304744,1.0000105261304741,1.000010526130473,1.0000105261304737,6.212208564591058e-08,2.467195630452502e-11,1.0000103264020395,1.0000105261304733,1.000010526130473,1.0000105261304737,6.212208495242823e-08,1.0000105261304733,6.212208588476356e-08,1.0000105261304737,1.0000105261304741,6.212208519628879e-08,1.0000103264020397,6.212208511504013e-08,1.0000105261304733,6.212208524517637e-08,6.212208516460252e-08,6.395839323427332e-08,1.0000105261304741,1.0000103264020401,1.0000105261304733,1.0000105261304741,6.212208512154605e-08,1.000010526130475,1.0000105331494213,1.0000105261304733,1.000010533149421,6.212208514932116e-08,1.0000103264020401,2.757770133272956e-11,1.0000103264020397,1.0000105261304726
1.2480276559506738e-06,3.4937248182426366e-15,6.212208941788998e-08,3.118928690645647e-11,3.1189286883966134e-11,3.118928690019775e-11,3.118928690434599e-11,1.3667593581532207e-18,3.4937251128782945e-15,3.11892868900438e-11,6.212209231966459e-08,3.118928690645647e-11,3.1189286873480935e-11,3.1189287129310954e-11,3.118928690019775e-11,3.4937251222733036e-15,6.212208941788982e-08,3.118928688931582e-11,1.5285891276079751e-18,3.118928690796296e-11,3.118928717075483e-11,3.4937250883551463e-15,3.1189286885854685e-11,6.21220857294745e-08,-8.661582657574742e-07,3.597511545692833e-15,3.118928685180259e-11,3.1189286888829045e-11,1.4550310667737594e-18,3.118928688168831e-11,3.1189286906657715e-11,3.118928734981764e-11,3.1189286888829045e-11,3.118928690097189e-11,3.118928690434599e-11,3.118928690019775e-11,3.4937251001285443e-15,1.4626735778680815e-18,6.212208572947458e-08,3.1189286888829045e-11,3.118928693004891e-11,3.118928688168831e-11,3.4937250907439713e-15,3.11892868821844e-11,3.493725124163979e-15,3.118928690019775e-11,3.1189286894375394e-11,3.493725097659551e-15,6.212208572947454e-08,3.4937251320622735e-15,3.1189286906856206e-11,3.493725090997569e-15,3.4937251048143985e-15,3.597511583632786e-15,3.1189286918122483e-11,6.212208572947455e-08,3.118928685797881e-11,3.11892868821844e-11,3.493725167612775e-15,3.1189286894375394e-11,3.118928714934722e-11,3.11892868821844e-11,3.118928714682536e-11,3.4937251283827556e-15,6.212208572947454e-08,1.4870177192141628e-18,6.212208572947454e-08,3.118928688168831e-11
1.2498639547709078e-06,3.597511230325988e-15,6.395839713172608e-08,3.211123150474455e-11,3.211123149269315e-11,3.211123149269315e-11,3.211123151479055e-11,1.6544651894369386e-18,3.59751153375665e-15,3.2111231521374615e-11,6.395840011911583e-08,3.2111231509582696e-11,3.211123151652457e-11,3.211123183227864e-11,3.2111231527288924e-11,3.597511543349385e-15,6.395839713172591e-08,3.211123149680972e-11,1.4359190133965514e-18,3.211123151652457e-11,3.211123183227864e-11,3.597511508470746e-15,3.211123152575308e-11,6.395839333448477e-08,3.597511545692833e-15,-8.661582630594572e-07,3.21112314594509e-11,3.211123149352619e-11,1.7166390019528774e-18,3.211123151652457e-11,3.211123152073205e-11,6.395840776847737e-08,3.211123148360509e-11,3.211123151435777e-11,3.2111231424707645e-11,3.211123153895803e-11,3.597511520628559e-15,1.3493877667584636e-18,6.39583933344849e-08,3.2111231531953247e-11,3.2111231503628973e-11,3.211123148360509e-11,3.5975115109317694e-15,3.211123152575308e-11,3.597511545367984e-15,3.211123143933697e-11,3.21112314594509e-11,3.597511518060261e-15,6.395839333448489e-08,3.597511553442693e-15,3.211123149269315e-11,3.597511511211302e-15,3.597511525420762e-15,3.7043803917218905e-15,3.211123150059217e-11,6.395839333448489e-08,3.211123149007733e-11,3.211123149950837e-11,3.59751159002327e-15,3.211123145647848e-11,3.211123183227864e-11,3.2111231506397424e-11,3.2111231839443816e-11,3.597511549664321e-15,6.395839333448486e-08,1.4820219764479904e-18,6.39583933344849e-08,3.2111231543382013e-11
1.0000088617668192,3.1189285251236496e-11,1.000010583060523,1.0000107258589472,1.0000107258589472,1.0000107258589483,1.0000107258589483,2.6273265384747563e-11,3.118928694374104e-11,1.000010725858947,1.0000106278332965,1.000010725858948,1.0000107258589483,1.0000107328778949,1.0000107258589475,3.1189286306506676e-11,1.0000105830605217,1.0000107258589472,2.6273264801650692e-11,1.0000107258589475,1.0000107328778962,3.118928644305532e-11,1.0000107258589466,1.0000105261304733,3.118928685180259e-11,3.21112314594509e-11,1.000009859700618,1.0000107258589472,2.5072478561753256e-11,1.0000107258589492,1.0000107258589466,1.0000107424838773,1.0000107258589475,1.0000107258589472,1.0000107258589466,1.0000107258589461,3.118928682012638e-11,2.467196139592108e-11,1.0000105261304755,1.000010725858948,1.0000107258589475,1.0000107258589472,3.1189286562304545e-11,1.0000107258589466,3.11892869894724e-11,1.0000107258589472,1.0000107258589472,3.1189286641268144e-11,1.0000105261304744,3.118928657438114e-11,1.0000107258589472,3.1189286755347375e-11,3.118928662567532e-11,3.211123148826162e-11,1.0000107258589475,1.000010526130476,1.0000107258589475,1.0000107258589472,3.118928658704968e-11,1.0000107258589472,1.000010732877896,1.0000107258589466,1.0000107328778958,3.118928665241877e-11,1.0000105261304761,2.7577706840385075e-11,1.0000105261304741,1.0000107258589475
1.000008861766828,3.118928521612583e-11,1.0000105830605233,1.0000107258589475,1.0000107258589472,1.000010725858948,1.000010725858948,2.6273265262717524e-11,3.118928696212036e-11,1.0000107258589472,1.000010627833297,1.0000107258589483,1.0000107258589483,1.0000107328778958,1.0000107258589472,3.1189286310262264e-11,1.000010583060522,1.0000107258589472,2.627326491062497e-11,1.0000107258589477,1.0000107328778962,3.118928648591548e-11,1.0000107258589472,1.0000105261304741,3.1189286888829045e-11,3.211123149352619e-11,1.0000107258589472,1.00000985970062,2.5072478429647203e-11,1.0000107258589492,1.0000107258589472,1.000010742483878,1.0000107258589472,1.0000107258589461,1.0000107258589463,1.0000107258589472,3.118928687283383e-11,2.4671961445160005e-11,1.000010526130476,1.0000107258589483,1.0000107258589472,1.0000107258589463,3.118928651328596e-11,1.0000107258589472,3.118928697407482e-11,1.000010725858947,1.0000107258589466,3.1189286633806626e-11,1.000010526130475,3.1189286646885256e-11,1.0000107258589475,3.118928667940583e-11,3.11892866689901e-11,3.211123154500602e-11,1.0000107258589475,1.0000105261304764,1.000010725858948,1.0000107258589461,3.118928658461844e-11,1.0000107258589475,1.0000107328778962,1.0000107258589475,1.0000107328778962,3.1189286642566514e-11,1.000010526130476,2.7577706950922303e-11,1.0000105261304753,1.0000107258589481
