0.9999999978239361,0.9999944911984822,-6.370580987951957e-07,0.9999940336009087,-6.363430716157551e-07,0.9999945032820111,-6.374919496711291e-07,-6.322593571191928e-07,0.9999943640808242,-6.314558835711219e-07,-6.855780006709356e-07,-6.43033864253809e-07,-6.325205884769698e-07,-6.283286819098943e-07,0.9999945032820111,-6.327402962068993e-07,0.999994503282012,-6.284775241849421e-07,-6.350863924338356e-07,-6.36343071636643e-07,-6.317556147105045e-07,-6.356102890476745e-07,0.9999944911984858,0.999994485693666,-6.325205896222127e-07,-6.334459871300121e-07,-6.283001340083242e-07,-6.363430719105152e-07,-6.32259357086211e-07,-6.363430713769748e-07,-9.54111026526016e-07,-6.284775255568342e-07,-6.365426136793466e-07,0.9999945368968903,0.9999945032820111,0.9999945032820134,-6.283286794355247e-07,-6.36343071645214e-07,0.9999944308113665
0.9999944911984822,0.9999925629266097,-4.22934474477542e-11,0.9999918426263368,-4.1933249681015284e-11,0.9999923123061616,-4.251200171497409e-11,-3.987606145857723e-11,0.9999921731053523,-3.947130845136958e-11,-1.3247605193211026e-07,-4.530376350882346e-11,-4.0007657969686905e-11,-3.789596840293801e-11,0.9999923123061633,-4.011833599644942e-11,0.9999923123061633,-3.797094897581768e-11,-4.1300191937061756e-11,-4.193324943547262e-11,-3.962229883320082e-11,-4.1564107951136576e-11,0.9999923002226689,0.9999922947178619,-4.000765784952978e-11,-4.047383040203227e-11,-3.788158703212913e-11,-4.193324949017316e-11,-3.987606167753323e-11,-4.193324949969297e-11,-4.0100827841698084e-07,-3.797094867349453e-11,-4.2033770231404676e-11,0.9999923459209479,0.9999923123061631,0.999992312306165,-3.78959678448421e-11,-4.193324970736839e-11,0.999992239835713
-6.370580987951957e-07,-4.22934474477542e-11,2.6270393450584047e-07,-8.395624959461746e-08,2.87983850555133e-18,-4.229344790385611e-11,5.909572490618396e-15,2.7322314470309554e-18,-4.229344177061342e-11,2.750842387603329e-18,9.503646559735822e-15,3.0813821102307494e-18,2.8269787998863403e-18,5.2386789027404795e-15,-4.229344790385611e-11,2.7261311514431122e-18,-4.229344790385611e-11,5.25282844501243e-15,5.674459746843442e-15,2.845362430241608e-18,2.633504496415569e-18,2.927172382293117e-18,-4.2293447383546314e-11,-8.395628863739515e-08,2.752724462021728e-18,2.7518045023737995e-18,5.2354413677311424e-15,2.845362430241608e-18,2.640636909701189e-18,2.845362430241608e-18,2.5893767685623175e-14,5.2528284056177776e-15,2.9661157270659973e-18,-4.2293449311991024e-11,-4.229344801614178e-11,-4.229344801614178e-11,5.23867895460808e-15,2.8367609974067438e-18,-4.229344469501137e-11
0.9999940336009087,0.9999918426263368,-8.395624959461746e-08,0.9999916477341719,-8.324122506974883e-08,0.9999918547098279,-8.439009948852079e-08,-7.915752398788508e-08,0.9999917155090811,-7.835405341125478e-08,-1.3247598980802117e-07,-8.99319949093852e-08,-7.94187550079191e-08,-7.522686297849764e-08,0.999991854709829,-7.963846055477856e-08,0.9999918547098291,-7.537570615488552e-08,-8.198454931829991e-08,-8.324122455125418e-08,-7.865378269364449e-08,-8.25084461756893e-08,0.99999184262634,0.9999918371215377,-7.941875454825187e-08,-8.034414832106538e-08,-7.519831470147324e-08,-8.324122490075395e-08,-7.915752446883833e-08,-8.324122465996341e-08,-4.0100808776539163e-07,-7.537570560319974e-08,-8.34407674019283e-08,0.9999918883245992,0.9999918547098284,0.9999918547098302,-7.5226861778682e-08,-8.324122506880556e-08,0.9999917822394141
-6.363430716157551e-07,-4.1933249681015284e-11,2.87983850555133e-18,-8.324122506974883e-08,2.6270393488016874e-07,-4.1933250197174564e-11,2.905734709934675e-18,2.6233849979142493e-18,-8.324125317469659e-08,2.6535305040642776e-18,9.39487903505981e-15,3.10156148769831e-18,2.71096993636828e-18,2.6069746254130068e-18,-4.1933250215567713e-11,2.703936038524426e-18,-4.1933250211958963e-11,2.5978628222689422e-18,5.605782770047695e-15,5.724193725192987e-15,2.6581642173934005e-18,2.8221725292212906e-18,-4.193324962277567e-11,-4.1933249451047234e-11,2.572107752039214e-18,2.7439856238972272e-18,2.6583014803959795e-18,5.724193725917169e-15,2.6233849979142493e-18,5.724193744726343e-15,1.2869080705650607e-17,2.5978628222689422e-18,5.7434663755357644e-15,-4.1933251576175196e-11,-4.1933250099025507e-11,-4.1933250211958963e-11,2.6069746254130068e-18,5.724193698657373e-15,-4.1933246959301096e-11
0.9999945032820111,0.9999923123061616,-4.229344790385611e-11,0.9999918547098279,-4.1933250197174564e-11,0.9999925870936082,-4.251200228975087e-11,-3.9876061957866124e-11,0.9999921851888458,-3.9471308908411907e-11,-6.673554840413926e-11,-4.530376406640623e-11,-4.0007658576709384e-11,-3.789596882694878e-11,0.9999923243896595,-4.0118336536803765e-11,0.9999923243896587,-3.7970949320226196e-11,-4.1300192594989893e-11,-4.1933249972370914e-11,-3.962229937281067e-11,-4.1564108534045436e-11,0.9999923123061654,0.9999923068013598,-4.000765828946253e-11,-4.047383089241142e-11,-3.788158749028717e-11,-4.193325008757916e-11,-3.9876062109387996e-11,-4.193324997469139e-11,-4.01008283392882e-07,-3.797094913891692e-11,-4.203377078334254e-11,0.9999923580044454,0.9999923243896597,0.9999923243896611,-3.789596827115195e-11,-4.193325015511413e-11,0.9999922519192078
-6.374919496711291e-07,-4.251200171497409e-11,5.909572490618396e-15,-8.439009948852079e-08,2.905734709934675e-18,-4.251200228975087e-11,2.627039319350506e-07,5.4262247983412424e-15,-4.2511996164360683e-11,2.660679815280072e-18,9.574441734255471e-15,3.1354786248999104e-18,2.827927649591264e-18,5.2798822135629034e-15,-4.251200234552759e-11,2.8657871966568934e-18,-4.251200234552759e-11,5.2940876426078405e-15,2.771436881001724e-18,2.9108689262591247e-18,2.6099889256498727e-18,5.761831030233211e-15,-4.2512001745224516e-11,-4.2512001533197193e-11,2.721382802752518e-18,2.814055385813373e-18,5.276636510850594e-15,2.9201498738221734e-18,5.426224887810247e-15,2.9108689262591247e-18,2.612729581485752e-14,5.29408760303094e-15,2.9552057224189207e-18,-4.251200374175168e-11,-4.25120022942233e-11,-4.251200234552759e-11,5.279882264354865e-15,2.9108689262591247e-18,-8.439013375094698e-08
-6.322593571191928e-07,-3.987606145857723e-11,2.7322314470309554e-18,-7.915752398788508e-08,2.6233849979142493e-18,-3.9876061957866124e-11,5.4262247983412424e-15,2.627039355041512e-07,-3.987605613039602e-11,2.3646748535151914e-18,4.388114228703197e-18,2.9958231357404113e-18,2.450119850626665e-18,2.3597745962477343e-18,-3.9876061996138686e-11,2.595701342684622e-18,-3.98760619223772e-11,2.359395315081863e-18,2.643580754169263e-18,2.611688419770977e-18,2.5942138700254512e-18,5.240632535338714e-15,-3.987606143021947e-11,-3.987606123624054e-11,2.4197227591503605e-18,2.5498445973176595e-18,2.495217090040128e-18,2.6349265979512057e-18,4.920062684918753e-15,2.6233849979142493e-18,1.185096551757447e-17,2.3328631616026824e-18,2.62958086470321e-18,-3.9876063228047424e-11,-3.98760619223772e-11,-3.9876061958319717e-11,2.3882983788467913e-18,2.611688419770977e-18,-7.915755622926452e-08
0.9999943640808242,0.9999921731053523,-4.229344177061342e-11,0.9999917155090811,-8.324125317469659e-08,0.9999921851888458,-4.2511996164360683e-11,-3.987605613039602e-11,0.9999923086920066,-3.9471303130512896e-11,-1.324760343893599e-07,-8.993202532885226e-08,-4.000765271652162e-11,-3.789596323564951e-11,0.9999921851888487,-4.011833067847044e-11,0.9999921851888474,-3.7970943905177005e-11,-8.198457701583203e-08,-8.324125265620184e-08,-3.9622293556098314e-11,-4.1564102458058695e-11,0.9999921731053558,0.9999921676005512,-4.000765246973343e-11,-4.0473824901080645e-11,-3.788158189870003e-11,-8.32412530057018e-08,-3.9876056431028075e-11,-8.324125276491097e-08,-2.020101185512752e-10,-3.7970943535595654e-11,-8.344079557143971e-08,0.9999922188036281,0.9999921851888487,0.9999921851888499,-3.789596264460621e-11,-8.324125317375331e-08,0.9999921127184074
-6.314558835711219e-07,-3.947130845136958e-11,2.750842387603329e-18,-7.835405341125478e-08,2.6535305040642776e-18,-3.9471308908411907e-11,2.660679815280072e-18,2.3646748535151914e-18,-3.9471303130512896e-11,2.627039322512928e-07,4.362736896280163e-18,2.6700471587442694e-18,2.399117004902243e-18,2.338044022780886e-18,-3.947130893507696e-11,2.4152044019165292e-18,-3.947130890181062e-11,2.3164747022179696e-18,2.548824527850951e-18,2.6535307134025688e-18,2.6202307943919797e-18,2.5883518543432934e-18,-3.947130843020068e-11,-3.947130811680217e-11,2.3991170048756284e-18,2.5082582996712763e-18,2.445531516043028e-18,2.6535307134025688e-18,2.3646748535151914e-18,2.6005036192305237e-18,1.1621715046611724e-17,2.2803359712560536e-18,2.5744266813985294e-18,-7.835409393754283e-08,-3.947130893507696e-11,-3.947130889162455e-11,2.458994152301387e-18,2.6005036192305237e-18,-3.947130590252989e-11
-6.855780006709356e-07,-1.3247605193211026e-07,9.503646559735822e-15,-1.3247598980802117e-07,9.39487903505981e-15,-6.673554840413926e-11,9.574441734255471e-15,4.388114228703197e-18,-1.324760343893599e-07,4.362736896280163e-18,2.627039437032564e-07,5.038426116263072e-18,4.439716357389466e-18,8.494004486451142e-15,-6.673554840413926e-11,4.447970653202967e-18,-6.673554840413926e-11,8.515948307569966e-15,9.208617379545235e-15,9.394879053698608e-15,4.3793336647587085e-18,4.709380030134319e-18,-1.3247605193211095e-07,-1.324760511853312e-07,4.4309251427356064e-18,4.5266526193821835e-18,8.489189401456137e-15,9.394879062758885e-15,4.414900254683826e-18,9.394879087851047e-15,4.2483868401899587e-14,8.515948246278732e-15,9.42503422861239e-15,-6.673555061963454e-11,-6.673554855818213e-11,-6.673554840413926e-11,8.49400454667908e-15,9.394879026810065e-15,-6.673554338397181e-11
-6.43033864253809e-07,-4.530376350882346e-11,3.0813821102307494e-18,-8.99319949093852e-08,3.10156148769831e-18,-4.530376406640623e-11,3.1354786248999104e-18,2.9958231357404113e-18,-8.993202532885226e-08,2.6700471587442694e-18,5.038426116263072e-18,2.6270393473105907e-07,2.7408129500886814e-18,2.7974050976395673e-18,-4.530376411981417e-11,2.9489807331485818e-18,-4.5303764077423766e-11,2.7187168065057152e-18,2.9657733177142027e-18,3.10156148769831e-18,2.7428228543740876e-18,3.099142463831628e-18,-4.530376359342436e-11,-4.530376332998815e-11,2.860802995023603e-18,5.752192398836788e-15,2.7481593694713817e-18,3.10156148769831e-18,2.9133361746287017e-18,3.10156148769831e-18,1.3550309913965518e-17,2.750064144594781e-18,3.045485715870346e-18,-8.993204136467606e-08,-4.530376411981417e-11,-4.530376411981417e-11,2.7974050976395673e-18,3.0984203871813916e-18,-4.5303760545863666e-11
-6.325205884769698e-07,-4.0007657969686905e-11,2.8269787998863403e-18,-7.94187550079191e-08,2.71096993636828e-18,-4.0007658576709384e-11,2.827927649591264e-18,2.450119850626665e-18,-4.000765271652162e-11,2.399117004902243e-18,4.439716357389466e-18,2.7408129500886814e-18,2.6270393445984563e-07,2.3699385875739725e-18,-4.000765854011315e-11,2.579355251286362e-18,-4.0007658576709384e-11,2.4418028967025977e-18,2.621697524072247e-18,2.714563295161811e-18,2.6179366109888995e-18,2.7033653444672403e-18,-4.0007657969686905e-11,-4.000765780922533e-11,4.96309111718651e-15,2.5956991345965894e-18,2.391366679147809e-18,2.7145632951618123e-18,2.4197227591503605e-18,2.7194433352050682e-18,1.1878494176338282e-17,2.3196610022377413e-18,2.7173884534868753e-18,-4.0007659837232445e-11,-4.000765854011315e-11,-4.000765857106973e-11,2.2989735165357846e-18,2.71096993636828e-18,-7.941878735213199e-08
-6.283286819098943e-07,-3.789596840293801e-11,5.2386789027404795e-15,-7.522686297849764e-08,2.6069746254130068e-18,-3.789596882694878e-11,5.2798822135629034e-15,2.3597745962477343e-18,-3.789596323564951e-11,2.338044022780886e-18,8.494004486451142e-15,2.7974050976395673e-18,2.3699385875739725e-18,2.627039311920302e-07,-3.789596883422286e-11,2.3813899181975186e-18,-3.789596885284862e-11,4.69271269044242e-15,2.4890216272908344e-18,2.538224154641925e-18,2.3983720592876472e-18,2.5730838959119093e-18,-3.789596826235974e-11,-3.789596813957879e-11,2.3884612790073947e-18,2.411113069946192e-18,4.677096894842554e-15,2.629127438187085e-18,2.3852675325061333e-18,2.6085621939383314e-18,2.3099366173301256e-14,4.6927126551173044e-15,2.5321789047288626e-18,-3.7895970006754337e-11,-3.789596885267547e-11,-3.7895968855660524e-11,4.680013351260324e-15,2.579586582267015e-18,-3.789596585505284e-11
0.9999945032820111,0.9999923123061633,-4.229344790385611e-11,0.999991854709829,-4.1933250215567713e-11,0.9999923243896595,-4.251200234552759e-11,-3.9876061996138686e-11,0.9999921851888487,-3.947130893507696e-11,-6.673554840413926e-11,-4.530376411981417e-11,-4.000765854011315e-11,-3.789596883422286e-11,0.9999925870936114,-4.011833647636227e-11,0.9999923243896602,-3.7970949330699026e-11,-4.1300192605913337e-11,-4.1933249972370914e-11,-3.962229937281067e-11,-4.1564108534045436e-11,0.9999923123061675,0.9999923068013619,-4.000765831676235e-11,-4.047383089241142e-11,-3.7881587370147434e-11,-4.193325007609514e-11,-3.9876062109387996e-11,-4.19332499806596e-11,-4.010082833928823e-07,-3.797094908057564e-11,-4.2033770783338354e-11,0.9999923580044475,0.9999923243896602,0.9999923243896635,-3.789596823563748e-11,-4.193325015647175e-11,0.9999922519192103
-6.327402962068993e-07,-4.011833599644942e-11,2.7261311514431122e-18,-7.963846055477856e-08,2.703936038524426e-18,-4.0118336536803765e-11,2.8657871966568934e-18,2.595701342684622e-18,-4.011833067847044e-11,2.4152044019165292e-18,4.447970653202967e-18,2.9489807331485818e-18,2.579355251286362e-18,2.3813899181975186e-18,-4.011833647636227e-11,2.627039343467153e-07,-4.011833656173438e-11,2.4394122919722162e-18,5.246156594822884e-15,2.7350403720752144e-18,4.915816735288891e-15,5.285854117898171e-15,-4.011833601711627e-11,-4.0118335681462836e-11,2.4999597262089437e-18,2.59320300914134e-18,2.53017112564824e-18,2.703936039448028e-18,2.595701342684622e-18,2.703936038524426e-18,1.1933519746116442e-17,2.4629014006317326e-18,5.379153493492631e-15,-4.0118337809471156e-11,-4.0118336536803765e-11,-4.011833653207371e-11,2.4125403607386685e-18,2.735040362754195e-18,-7.963849298339236e-08
0.999994503282012,0.9999923123061633,-4.229344790385611e-11,0.9999918547098291,-4.1933250211958963e-11,0.9999923243896587,-4.251200234552759e-11,-3.98760619223772e-11,0.9999921851888474,-3.947130890181062e-11,-6.673554840413926e-11,-4.5303764077423766e-11,-4.0007658576709384e-11,-3.789596885284862e-11,0.9999923243896602,-4.011833656173438e-11,0.9999925870936093,-3.7970949320226196e-11,-4.130019255076605e-11,-4.1933249935728926e-11,-3.9622299278259006e-11,-4.1564108579307104e-11,0.9999923123061671,0.9999923068013609,-4.000765831676235e-11,-4.04738308560993e-11,-3.7881587370147434e-11,-4.193325008757916e-11,-3.9876062109242484e-11,-4.1933249984162955e-11,-4.0100828339288266e-07,-3.797094908057564e-11,-4.203377079312903e-11,0.9999923580044479,0.9999923243896602,0.9999923243896623,-3.789596828123207e-11,-4.19332501551143e-11,0.9999922519192099
-6.284775241849421e-07,-3.797094897581768e-11,5.25282844501243e-15,-7.537570615488552e-08,2.5978628222689422e-18,-3.7970949320226196e-11,5.2940876426078405e-15,2.359395315081863e-18,-3.7970943905177005e-11,2.3164747022179696e-18,8.515948307569966e-15,2.7187168065057152e-18,2.4418028967025977e-18,4.69271269044242e-15,-3.7970949330699026e-11,2.4394122919722162e-18,-3.7970949320226196e-11,2.6270393349224914e-07,5.082753429220685e-15,2.6261957329712538e-18,2.3784791794623726e-18,2.6480543491942947e-18,-3.797094897581768e-11,-3.7970948794553595e-11,2.376590211406807e-18,2.448567933652439e-18,4.689793165720122e-15,2.573857264626248e-18,2.393135418667535e-18,2.600469368766668e-18,2.3169411744628805e-14,4.705432301604e-15,2.560927186922871e-18,-3.797095062153972e-11,-3.7970949320226196e-11,-3.7970949337581666e-11,4.6927127380302135e-15,2.585463694944978e-18,-3.7970946503728426e-11
-6.350863924338356e-07,-4.1300191937061756e-11,5.674459746843442e-15,-8.198454931829991e-08,5.605782770047695e-15,-4.1300192594989893e-11,2.771436881001724e-18,2.643580754169263e-18,-8.198457701583203e-08,2.548824527850951e-18,9.208617379545235e-15,2.9657733177142027e-18,2.621697524072247e-18,2.4890216272908344e-18,-4.1300192605913337e-11,5.246156594822884e-15,-4.130019255076605e-11,5.082753429220685e-15,2.6270393434222844e-07,5.605782791739003e-15,2.70915268359042e-18,2.8122005193566803e-18,-4.1300191937061756e-11,-4.130019171115025e-11,2.6000032076442183e-18,2.626711461001347e-18,2.4667873543174345e-18,5.605782792122054e-15,2.5927129871625944e-18,5.605782811320322e-15,1.2546912338439428e-17,5.082753391255847e-15,5.624820322846114e-15,-4.130019389371022e-11,-4.13001926002194e-11,-4.13001925492491e-11,2.6956586478622766e-18,5.605782765232607e-15,-4.1300189298728796e-11
-6.36343071636643e-07,-4.193324943547262e-11,2.845362430241608e-18,-8.324122455125418e-08,5.724193725192987e-15,-4.1933249972370914e-11,2.9108689262591247e-18,2.611688419770977e-18,-8.324125265620184e-08,2.6535307134025688e-18,9.394879053698608e-15,3.10156148769831e-18,2.714563295161811e-18,2.538224154641925e-18,-4.1933249972370914e-11,2.7350403720752144e-18,-4.1933249935728926e-11,2.6261957329712538e-18,5.605782791739003e-15,2.6270393488016874e-07,2.5937454881717114e-18,2.810488442620478e-18,-4.193324943547262e-11,-4.1933249236033434e-11,2.6819027267939876e-18,2.731197741425187e-18,2.680286161768364e-18,5.724193747569593e-15,2.6324224575903618e-18,5.72419376637874e-15,1.286339353435811e-17,2.5978628222689422e-18,5.7434663969434015e-15,-4.193325132479784e-11,-4.193324994574716e-11,-4.1933249960852747e-11,2.579586582267015e-18,5.724193720309764e-15,-4.1933246684884355e-11
-6.317556147105045e-07,-3.962229883320082e-11,2.633504496415569e-18,-7.865378269364449e-08,2.6581642173934005e-18,-3.962229937281067e-11,2.6099889256498727e-18,2.5942138700254512e-18,-3.9622293556098314e-11,2.6202307943919797e-18,4.3793336647587085e-18,2.7428228543740876e-18,2.6179366109888995e-18,2.3983720592876472e-18,-3.962229937281067e-11,4.915816735288891e-15,-3.9622299278259006e-11,2.3784791794623726e-18,2.70915268359042e-18,2.5937454881717114e-18,2.6270393373461554e-07,5.191370116731387e-15,-3.962229879171126e-11,-3.962229861926574e-11,2.596324931116827e-18,2.5644183557564274e-18,2.3120495446405645e-18,2.5937454881717114e-18,2.594213870026372e-18,2.6667595238096102e-18,1.1691798419267221e-17,2.4552526336207854e-18,2.7228861858557162e-18,-3.9622300620301266e-11,-3.9622299278259006e-11,-3.962229939082353e-11,2.4202541631900225e-18,2.5937454881717114e-18,-7.865381473977973e-08
-6.356102890476745e-07,-4.1564107951136576e-11,2.927172382293117e-18,-8.25084461756893e-08,2.8221725292212906e-18,-4.1564108534045436e-11,5.761831030233211e-15,5.240632535338714e-15,-4.1564102458058695e-11,2.5883518543432934e-18,4.709380030134319e-18,3.099142463831628e-18,2.7033653444672403e-18,2.5730838959119093e-18,-4.1564108534045436e-11,5.285854117898171e-15,-4.1564108579307104e-11,2.6480543491942947e-18,2.8122005193566803e-18,2.810488442620478e-18,5.191370116731387e-15,2.6270393323467965e-07,-4.156410797067621e-11,-4.156410784855693e-11,2.640360024074305e-18,2.8185070394803576e-18,5.103297931302568e-15,2.8454300617691095e-18,5.240632623346156e-15,2.8454300617691095e-18,2.5152243422430145e-14,2.562405676503507e-18,2.794795247328298e-18,-4.1564109898475125e-11,-4.156410857234295e-11,-4.156410867629211e-11,2.573083895913717e-18,2.8262251926247536e-18,-8.250847971329495e-08
0.9999944911984858,0.9999923002226689,-4.2293447383546314e-11,0.99999184262634,-4.193324962277567e-11,0.9999923123061654,-4.2512001745224516e-11,-3.987606143021947e-11,0.9999921731053558,-3.947130843020068e-11,-1.3247605193211095e-07,-4.530376359342436e-11,-4.0007657969686905e-11,-3.789596826235974e-11,0.9999923123061675,-4.011833601711627e-11,0.9999923123061671,-3.797094897581768e-11,-4.1300191937061756e-11,-4.193324943547262e-11,-3.962229879171126e-11,-4.156410797067621e-11,0.9999925629266192,0.9999922947178667,-4.0007657831416744e-11,-4.0473830402032245e-11,-3.788158702280945e-11,-4.1933249556216774e-11,-3.987606169180878e-11,-4.193324938242341e-11,-4.0100827841698195e-07,-3.797094867458076e-11,-4.2033770231404676e-11,0.999992345920954,0.9999923123061671,0.9999923123061693,-3.789596780663574e-11,-4.193324976648345e-11,0.9999922398357178
0.999994485693666,0.9999922947178619,-8.395628863739515e-08,0.9999918371215377,-4.1933249451047234e-11,0.9999923068013598,-4.2512001533197193e-11,-3.987606123624054e-11,0.9999921676005512,-3.947130811680217e-11,-1.324760511853312e-07,-4.530376332998815e-11,-4.000765780922533e-11,-3.789596813957879e-11,0.9999923068013619,-4.0118335681462836e-11,0.9999923068013609,-3.7970948794553595e-11,-4.130019171115025e-11,-4.1933249236033434e-11,-3.962229861926574e-11,-4.156410784855693e-11,0.9999922947178667,0.9999925519170096,-4.0007657519712613e-11,-4.04738300136646e-11,-3.788158680018384e-11,-4.19332494049204e-11,-3.987606152036802e-11,-4.1933249212519255e-11,-4.0100827612596175e-07,-3.797094847555842e-11,-4.20337699914704e-11,0.9999923404161472,0.9999923068013619,0.999992306801364,-3.7895967514764335e-11,-4.193324940863886e-11,0.9999922343309136
-6.325205896222127e-07,-4.000765784952978e-11,2.752724462021728e-18,-7.941875454825187e-08,2.572107752039214e-18,-4.000765828946253e-11,2.721382802752518e-18,2.4197227591503605e-18,-4.000765246973343e-11,2.3991170048756284e-18,4.4309251427356064e-18,2.860802995023603e-18,4.96309111718651e-15,2.3884612790073947e-18,-4.000765831676235e-11,2.4999597262089437e-18,-4.000765831676235e-11,2.376590211406807e-18,2.6000032076442183e-18,2.6819027267939876e-18,2.596324931116827e-18,2.640360024074305e-18,-4.0007657831416744e-11,-4.0007657519712613e-11,2.6270393445984563e-07,2.629125221189127e-18,2.4032499684594916e-18,2.6819027267939876e-18,2.4197227591503605e-18,2.7194433352050682e-18,1.1879161603516122e-17,2.3196610022377413e-18,2.623249244938307e-18,-4.000765974941235e-11,-4.000765840924944e-11,-4.000765823514606e-11,2.384925675343584e-18,2.7194433352050682e-18,-7.941878689246456e-08
-6.334459871300121e-07,-4.047383040203227e-11,2.7518045023737995e-18,-8.034414832106538e-08,2.7439856238972272e-18,-4.047383089241142e-11,2.814055385813373e-18,2.5498445973176595e-18,-4.0473824901080645e-11,2.5082582996712763e-18,4.5266526193821835e-18,5.752192398836788e-15,2.5956991345965894e-18,2.411113069946192e-18,-4.047383089241142e-11,2.59320300914134e-18,-4.04738308560993e-11,2.448567933652439e-18,2.626711461001347e-18,2.731197741425187e-18,2.5644183557564274e-18,2.8185070394803576e-18,-4.0473830402032245e-11,-4.04738300136646e-11,2.629125221189127e-18,2.6270393418967717e-07,2.5012429755023518e-18,2.7641264615191678e-18,2.4816005818897024e-18,2.6608174809684773e-18,1.2123253784654471e-17,2.495139299355798e-18,2.760797635045276e-18,-8.034418982057003e-08,-4.047383087383779e-11,-4.04738308035137e-11,2.411113069946192e-18,2.7831918916974662e-18,-4.047382764466352e-11
-6.283001340083242e-07,-3.788158703212913e-11,5.2354413677311424e-15,-7.519831470147324e-08,2.6583014803959795e-18,-3.788158749028717e-11,5.276636510850594e-15,2.495217090040128e-18,-3.788158189870003e-11,2.445531516043028e-18,8.489189401456137e-15,2.7481593694713817e-18,2.391366679147809e-18,4.677096894842554e-15,-3.7881587370147434e-11,2.53017112564824e-18,-3.7881587370147434e-11,4.689793165720122e-15,2.4667873543174345e-18,2.680286161768364e-18,2.3120495446405645e-18,5.103297931302568e-15,-3.788158702280945e-11,-3.788158680018384e-11,2.4032499684594916e-18,2.5012429755023518e-18,2.627039335664261e-07,2.6962049745992264e-18,2.495217090040128e-18,2.6522808272084132e-18,2.3082277365417614e-14,4.689793130401516e-15,2.5771509318359922e-18,-3.7881588661854894e-11,-3.7881587440993095e-11,-3.788158746499355e-11,4.6770969427847334e-15,2.6098063831165732e-18,-3.788158458291023e-11
-6.363430719105152e-07,-4.193324949017316e-11,2.845362430241608e-18,-8.324122490075395e-08,5.724193725917169e-15,-4.193325008757916e-11,2.9201498738221734e-18,2.6349265979512057e-18,-8.32412530057018e-08,2.6535307134025688e-18,9.394879062758885e-15,3.10156148769831e-18,2.7145632951618123e-18,2.629127438187085e-18,-4.193325007609514e-11,2.703936039448028e-18,-4.193325008757916e-11,2.573857264626248e-18,5.605782792122054e-15,5.724193747569593e-15,2.5937454881717114e-18,2.8454300617691095e-18,-4.1933249556216774e-11,-4.19332494049204e-11,2.6819027267939876e-18,2.7641264615191678e-18,2.6962049745992264e-18,2.6270393488016874e-07,2.5422174818915097e-18,5.724193767102931e-15,1.2869080705650607e-17,2.600469368766668e-18,5.743466397821858e-15,-4.193325144180971e-11,-4.1933250151509806e-11,-4.193325010954206e-11,2.6069746254130068e-18,5.72419372103399e-15,-4.1933246858102114e-11
-6.32259357086211e-07,-3.987606167753323e-11,2.640636909701189e-18,-7.915752446883833e-08,2.6233849979142493e-18,-3.9876062109387996e-11,5.426224887810247e-15,4.920062684918753e-15,-3.9876056431028075e-11,2.3646748535151914e-18,4.414900254683826e-18,2.9133361746287017e-18,2.4197227591503605e-18,2.3852675325061333e-18,-3.9876062109387996e-11,2.595701342684622e-18,-3.9876062109242484e-11,2.393135418667535e-18,2.5927129871625944e-18,2.6324224575903618e-18,2.594213870026372e-18,5.240632623346156e-15,-3.987606169180878e-11,-3.987606152036802e-11,2.4197227591503605e-18,2.4816005818897024e-18,2.495217090040128e-18,2.5422174818915097e-18,2.627039355041512e-07,2.6920263210856816e-18,1.182264884641499e-17,2.393135418667535e-18,2.6424000681706014e-18,-3.9876063466448076e-11,-3.987606214585581e-11,-3.987606214572434e-11,2.3954090409277845e-18,2.605693907075097e-18,-7.915755671021777e-08
-6.363430713769748e-07,-4.193324949969297e-11,2.845362430241608e-18,-8.324122465996341e-08,5.724193744726343e-15,-4.193324997469139e-11,2.9108689262591247e-18,2.6233849979142493e-18,-8.324125276491097e-08,2.6005036192305237e-18,9.394879087851047e-15,3.10156148769831e-18,2.7194433352050682e-18,2.6085621939383314e-18,-4.19332499806596e-11,2.703936038524426e-18,-4.1933249984162955e-11,2.600469368766668e-18,5.605782811320322e-15,5.72419376637874e-15,2.6667595238096102e-18,2.8454300617691095e-18,-4.193324938242341e-11,-4.1933249212519255e-11,2.7194433352050682e-18,2.6608174809684773e-18,2.6522808272084132e-18,5.724193767102931e-15,2.6920263210856816e-18,2.6270393488016874e-07,1.2872872767082522e-17,2.557528201012594e-18,5.743466416556183e-15,-4.19332513331212e-11,-4.193325004763539e-11,-4.193324997761339e-11,2.579586582267015e-18,5.7241937398431285e-15,-4.1933246761635044e-11
-9.54111026526016e-07,-4.0100827841698084e-07,2.5893767685623175e-14,-4.0100808776539163e-07,1.2869080705650607e-17,-4.01008283392882e-07,2.612729581485752e-14,1.185096551757447e-17,-2.020101185512752e-10,1.1621715046611724e-17,4.2483868401899587e-14,1.3550309913965518e-17,1.1878494176338282e-17,2.3099366173301256e-14,-4.010082833928823e-07,1.1933519746116442e-17,-4.0100828339288266e-07,2.3169411744628805e-14,1.2546912338439428e-17,1.286339353435811e-17,1.1691798419267221e-17,2.5152243422430145e-14,-4.0100827841698195e-07,-4.0100827612596175e-07,1.1879161603516122e-17,1.2123253784654471e-17,2.3082277365417614e-14,1.2869080705650607e-17,1.182264884641499e-17,1.2872872767082522e-17,2.627040388481027e-07,2.3169411576004987e-14,1.2933744471013121e-17,-2.0201015508885998e-10,-4.0100828339288245e-07,-4.0100828339288324e-07,2.3099366461814482e-14,1.2869080705650607e-17,-2.020101327077897e-10
-6.284775255568342e-07,-3.797094867349453e-11,5.2528284056177776e-15,-7.537570560319974e-08,2.5978628222689422e-18,-3.797094913891692e-11,5.29408760303094e-15,2.3328631616026824e-18,-3.7970943535595654e-11,2.2803359712560536e-18,8.515948246278732e-15,2.750064144594781e-18,2.3196610022377413e-18,4.6927126551173044e-15,-3.797094908057564e-11,2.4629014006317326e-18,-3.797094908057564e-11,4.705432301604e-15,5.082753391255847e-15,2.5978628222689422e-18,2.4552526336207854e-18,2.562405676503507e-18,-3.797094867458076e-11,-3.797094847555842e-11,2.3196610022377413e-18,2.495139299355798e-18,4.689793130401516e-15,2.600469368766668e-18,2.393135418667535e-18,2.557528201012594e-18,2.3169411576004987e-14,2.6270393349224914e-07,2.649376250553146e-18,-3.7970950359271635e-11,-3.797094908057564e-11,-3.7970949135728626e-11,4.692712702705088e-15,2.5978628222689422e-18,-3.7970946214521203e-11
-6.365426136793466e-07,-4.2033770231404676e-11,2.9661157270659973e-18,-8.34407674019283e-08,5.7434663755357644e-15,-4.203377078334254e-11,2.9552057224189207e-18,2.62958086470321e-18,-8.344079557143971e-08,2.5744266813985294e-18,9.42503422861239e-15,3.045485715870346e-18,2.7173884534868753e-18,2.5321789047288626e-18,-4.2033770783338354e-11,5.379153493492631e-15,-4.203377079312903e-11,2.560927186922871e-18,5.624820322846114e-15,5.7434663969434015e-15,2.7228861858557162e-18,2.794795247328298e-18,-4.2033770231404676e-11,-4.20337699914704e-11,2.623249244938307e-18,2.760797635045276e-18,2.5771509318359922e-18,5.743466397821858e-15,2.6424000681706014e-18,5.743466416556183e-15,1.2933744471013121e-17,2.649376250553146e-18,2.62703934428946e-07,-4.2033772208663537e-11,-4.203377078013635e-11,-4.20337708044858e-11,2.5321789047288626e-18,5.7434663706444916e-15,-4.203376745415478e-11
0.9999945368968903,0.9999923459209479,-4.2293449311991024e-11,0.9999918883245992,-4.1933251576175196e-11,0.9999923580044454,-4.251200374175168e-11,-3.9876063228047424e-11,0.9999922188036281,-7.835409393754283e-08,-6.673555061963454e-11,-8.993204136467606e-08,-4.0007659837232445e-11,-3.7895970006754337e-11,0.9999923580044475,-4.0118337809471156e-11,0.9999923580044479,-3.797095062153972e-11,-4.130019389371022e-11,-4.193325132479784e-11,-3.9622300620301266e-11,-4.1564109898475125e-11,0.999992345920954,0.9999923404161472,-4.000765974941235e-11,-8.034418982057003e-08,-3.7881588661854894e-11,-4.193325144180971e-11,-3.9876063466448076e-11,-4.19332513331212e-11,-2.0201015508885998e-10,-3.7970950359271635e-11,-4.2033772208663537e-11,0.9999926543231779,0.9999923580044473,0.9999923580044509,-3.7895969390786784e-11,-4.1933251457852037e-11,0.9999922855339946
0.9999945032820111,0.9999923123061631,-4.229344801614178e-11,0.9999918547098284,-4.1933250099025507e-11,0.9999923243896597,-4.25120022942233e-11,-3.98760619223772e-11,0.9999921851888487,-3.947130893507696e-11,-6.673554855818213e-11,-4.530376411981417e-11,-4.000765854011315e-11,-3.789596885267547e-11,0.9999923243896602,-4.0118336536803765e-11,0.9999923243896602,-3.7970949320226196e-11,-4.13001926002194e-11,-4.193324994574716e-11,-3.9622299278259006e-11,-4.156410857234295e-11,0.9999923123061671,0.9999923068013619,-4.000765840924944e-11,-4.047383087383779e-11,-3.7881587440993095e-11,-4.1933250151509806e-11,-3.987606214585581e-11,-4.193325004763539e-11,-4.0100828339288245e-07,-3.797094908057564e-11,-4.203377078013635e-11,0.9999923580044473,0.9999925870936114,0.9999923243896635,-3.789596827115195e-11,-4.193325015647175e-11,0.9999922519192112
0.9999945032820134,0.999992312306165,-4.229344801614178e-11,0.9999918547098302,-4.1933250211958963e-11,0.9999923243896611,-4.251200234552759e-11,-3.9876061958319717e-11,0.9999921851888499,-3.947130889162455e-11,-6.673554840413926e-11,-4.530376411981417e-11,-4.000765857106973e-11,-3.7895968855660524e-11,0.9999923243896635,-4.011833653207371e-11,0.9999923243896623,-3.7970949337581666e-11,-4.13001925492491e-11,-4.1933249960852747e-11,-3.962229939082353e-11,-4.156410867629211e-11,0.9999923123061693,0.999992306801364,-4.000765823514606e-11,-4.04738308035137e-11,-3.788158746499355e-11,-4.193325010954206e-11,-3.987606214572434e-11,-4.193324997761339e-11,-4.0100828339288324e-07,-3.7970949135728626e-11,-4.20337708044858e-11,0.9999923580044509,0.9999923243896635,0.9999925870936138,-3.789596828852319e-11,-4.1933250111940775e-11,0.9999922519192128
-6.283286794355247e-07,-3.78959678448421e-11,5.23867895460808e-15,-7.5226861778682e-08,2.6069746254130068e-18,-3.789596827115195e-11,5.279882264354865e-15,2.3882983788467913e-18,-3.789596264460621e-11,2.458994152301387e-18,8.49400454667908e-15,2.7974050976395673e-18,2.2989735165357846e-18,4.680013351260324e-15,-3.789596823563748e-11,2.4125403607386685e-18,-3.789596828123207e-11,4.6927127380302135e-15,2.6956586478622766e-18,2.579586582267015e-18,2.4202541631900225e-18,2.573083895913717e-18,-3.789596780663574e-11,-3.7895967514764335e-11,2.384925675343584e-18,2.411113069946192e-18,4.6770969427847334e-15,2.6069746254130068e-18,2.3954090409277845e-18,2.579586582267015e-18,2.3099366461814482e-14,4.692712702705088e-15,2.5321789047288626e-18,-3.7895969390786784e-11,-3.789596827115195e-11,-3.789596828852319e-11,2.627039310494062e-07,2.685350483297559e-18,-3.789596527253133e-11
-6.36343071645214e-07,-4.193324970736839e-11,2.8367609974067438e-18,-8.324122506880556e-08,5.724193698657373e-15,-4.193325015511413e-11,2.9108689262591247e-18,2.611688419770977e-18,-8.324125317375331e-08,2.6005036192305237e-18,9.394879026810065e-15,3.0984203871813916e-18,2.71096993636828e-18,2.579586582267015e-18,-4.193325015647175e-11,2.735040362754195e-18,-4.19332501551143e-11,2.585463694944978e-18,5.605782765232607e-15,5.724193720309764e-15,2.5937454881717114e-18,2.8262251926247536e-18,-4.193324976648345e-11,-4.193324940863886e-11,2.7194433352050682e-18,2.7831918916974662e-18,2.6098063831165732e-18,5.72419372103399e-15,2.605693907075097e-18,5.7241937398431285e-15,1.2869080705650607e-17,2.5978628222689422e-18,5.7434663706444916e-15,-4.1933251457852037e-11,-4.193325015647175e-11,-4.1933250111940775e-11,2.685350483297559e-18,2.6270393485852837e-07,-4.193324692773596e-11
0.9999944308113665,0.999992239835713,-4.229344469501137e-11,0.9999917822394141,-4.1933246959301096e-11,0.9999922519192078,-8.439013375094698e-08,-7.915755622926452e-08,0.9999921127184074,-3.947130590252989e-11,-6.673554338397181e-11,-4.5303760545863666e-11,-7.941878735213199e-08,-3.789596585505284e-11,0.9999922519192103,-7.963849298339236e-08,0.9999922519192099,-3.7970946503728426e-11,-4.1300189298728796e-11,-4.1933246684884355e-11,-7.865381473977973e-08,-8.250847971329495e-08,0.9999922398357178,0.9999922343309136,-7.941878689246456e-08,-4.047382764466352e-11,-3.788158458291023e-11,-4.1933246858102114e-11,-7.915755671021777e-08,-4.1933246761635044e-11,-2.020101327077897e-10,-3.7970946214521203e-11,-4.203376745415478e-11,0.9999922855339946,0.9999922519192112,0.9999922519192128,-3.789596527253133e-11,-4.193324692773596e-11,0.9999924421527109
