0.9999999856739674,3.1956016503842393e-06,0.9999985882236399,3.4515861265361837e-06,3.2597973484466136e-06,3.494818847649445e-06,3.206525595090663e-06,0.999996520948426,0.9999955841158964,0.999996540980489,3.497529984871828e-06,3.4082255817732002e-06,0.999995584115897,3.1428955069685386e-06,3.1980038893452944e-06,3.1675796416828357e-06,3.260410777776632e-06,3.1713577047127517e-06,3.819747280843851e-06,3.7040347164950575e-06,3.138889790473303e-06,3.932547443027916e-06,3.209783744354198e-06,0.9999955841158983,3.4429764681157997e-06,3.2112672666244536e-06,3.260410776320705e-06,3.211267260606055e-06,3.572398006340542e-06,3.2597973538550524e-06,0.999995584115898,3.2112672672414358e-06,3.2597374213758645e-06,0.9999978438878113,3.2154669351491955e-06,3.439762849574266e-06,3.2269974615335755e-06,0.999995584115897
3.1956016503842393e-06,-1.1913469310715536e-06,8.51853350668237e-07,4.659484684459693e-16,3.8685330554737067e-16,4.814972932271911e-16,7.137304349039177e-13,4.2921320557785113e-10,4.292128227365953e-10,4.292132195716981e-10,4.766830373688408e-16,4.486467128054864e-16,4.292128227365953e-10,3.3681657466935743e-16,3.561853460060306e-16,6.843929727719207e-13,3.860106170406173e-16,6.890194084545363e-13,6.10915436602074e-16,5.631404728705165e-16,3.3567331013508423e-16,6.540352156192254e-16,3.6104043025699877e-16,4.292128227365953e-10,4.62496528515878e-16,3.6083152770579356e-16,3.860247423276033e-16,3.610649549916885e-16,5.056544665017585e-16,3.863513212512425e-16,4.2921282310691283e-10,3.603225609275855e-16,3.8668290210448375e-16,4.2921375527663426e-10,7.197053325141453e-13,4.627884031444654e-16,7.290123144493884e-13,4.2921282310691283e-10
0.9999985882236399,8.51853350668237e-07,1.000014903233018,1.1078429897131837e-06,9.160504434836825e-07,1.1510764776674092e-06,8.627774907131324e-07,1.0000140272654545,1.0000130904143336,1.000014047298017,1.153787640656551e-06,1.064481669074584e-06,1.0000130904143327,7.991462798459445e-07,8.542556292153931e-07,8.23830837684907e-07,9.166638718075838e-07,8.276089714028968e-07,1.4760112294243556e-06,1.3602965494275212e-06,7.951404866803223e-07,1.5888134369152203e-06,8.660356998865384e-07,1.0000130904143332,1.0992331761545878e-06,8.675192472747149e-07,9.166638730358319e-07,8.675192496282889e-07,1.2286570250425482e-06,9.160504445009326e-07,1.0000130904143327,8.675192456980525e-07,9.15990522381296e-07,1.00001535023128,8.717189890910906e-07,1.0960195174903562e-06,8.832497242068719e-07,1.0000130904143325
3.4515861265361837e-06,4.659484684459693e-16,1.1078429897131837e-06,-1.191346428172942e-06,5.030974641694068e-16,1.2548931521429836e-12,4.724841570395505e-16,5.581956475677509e-10,5.5819514047287e-10,1.1078407880929627e-06,6.277289476132168e-16,1.1634233514513213e-12,5.58195140827119e-10,4.4084287140423143e-16,4.674560272371394e-16,4.511832875133637e-16,5.041273793934282e-16,4.553837536030866e-16,8.06381945100619e-16,7.415796134252033e-16,4.385125058762108e-16,1.7240407818193606e-12,4.73989042200408e-16,5.58195140827119e-10,1.200337603948005e-12,4.739931665049779e-16,5.036613356708658e-16,4.744413661706561e-16,6.693058503964113e-16,5.048356413041705e-16,5.58195140827119e-10,4.739931662393188e-16,5.043317546245667e-16,1.107842187836975e-06,4.775839803138886e-16,6.045093551821826e-16,4.839152085573306e-16,5.58195140827119e-10
3.2597973484466136e-06,3.8685330554737067e-16,9.160504434836825e-07,5.030974641694068e-16,-1.1913468077025003e-06,1.0391509489619501e-12,3.914580400119595e-16,4.615594241094341e-10,4.6155900315517446e-10,4.615594346664569e-10,5.222304812149202e-16,4.846250672681265e-16,4.615590034245088e-10,3.6432622175151865e-16,3.873534320010055e-16,3.7369695968648877e-16,4.1680289022559485e-16,3.7711927669331585e-16,6.693732602034918e-16,6.143431280127271e-16,3.6238764221746334e-16,1.432303070492241e-12,3.9307991931907887e-16,4.615590034245088e-10,5.006343817934594e-16,3.9296615251683016e-16,4.16506040770925e-16,3.938376251040193e-16,5.56679564269821e-16,8.273389509439307e-13,4.615590028439947e-10,3.9383762510401953e-16,4.176604736643782e-16,9.160497797308117e-07,3.9586829936521e-16,4.999423506096732e-16,4.016034551824417e-16,4.615590034245088e-10
3.494818847649445e-06,4.814972932271911e-16,1.1510764776674092e-06,1.2548931521429836e-12,1.0391509489619501e-12,-1.191346335354364e-06,4.886178432905467e-16,5.799791916690888e-10,5.799786630364076e-10,1.1510741932113232e-06,1.2975854538636018e-12,6.091323958959154e-16,5.799786635493538e-10,4.592200770908775e-16,4.836475306596462e-16,4.670343263334394e-16,5.210548472874754e-16,4.721410340631482e-16,8.354233898045823e-16,1.529623664244692e-12,4.558786739014326e-16,1.782577077212793e-12,4.90261810909693e-16,5.799786629649002e-10,6.289253877513151e-16,4.903262119205654e-16,5.20729492512718e-16,4.90316922467777e-16,1.3765213656354385e-12,1.0391509494810643e-12,5.799786633902864e-10,4.902360596061052e-16,1.0417831956815096e-12,1.1510756473986012e-06,4.922826673951202e-16,6.293655282769191e-16,4.99218695055099e-16,5.799786632750309e-10
3.206525595090663e-06,7.137304349039177e-13,8.627774907131324e-07,4.724841570395505e-16,3.914580400119595e-16,4.886178432905467e-16,-1.1913469068591479e-06,4.3471741978926163e-10,4.34717028623006e-10,4.3471743266253227e-10,4.851559671730242e-16,4.558447858195651e-16,4.347170286166705e-10,6.799827059354022e-13,3.610647935066068e-16,6.933665008287242e-13,3.9041500519393017e-16,3.532540156778701e-16,6.206403282465893e-16,5.724472081382524e-16,6.764508843551769e-13,6.652707529829969e-16,3.658050250414271e-16,4.3471702897602793e-10,4.693290846324163e-16,3.6576760500867457e-16,3.9041500519393017e-16,3.6583547294983627e-16,5.139201038905293e-16,3.914580476580022e-16,4.3471702897602793e-10,3.6586083509683607e-16,3.9253781923079846e-16,4.3471797749454775e-10,7.295332503325974e-13,4.693083930475094e-16,7.392611400284267e-13,4.3471702924847884e-10
0.999996520948426,4.2921320557785113e-10,1.0000140272654545,5.581956475677509e-10,4.615594241094341e-10,5.799791916690888e-10,4.3471741978926163e-10,1.000010768604011,1.000011023103785,1.0000119799855753,1.1537853506680416e-06,5.363476969872833e-10,1.0000110231037838,4.0265631454289095e-10,4.304236121879928e-10,4.1509383525982114e-10,4.6186850623609005e-10,4.1699747378347093e-10,1.4760082875351607e-06,1.3602938530140205e-06,4.0063796397499646e-10,1.5888102689624917e-06,4.363590954442065e-10,1.0000110231037838,5.5385752481208e-10,4.3710659492243205e-10,4.6186850711213196e-10,4.3710659582431684e-10,1.2286545847671865e-06,4.615594247629759e-10,1.0000110231037849,4.371065939209816e-10,4.615292300584073e-10,1.0000132829162833,4.3922266727394157e-10,1.0960173057348176e-06,4.450325201195245e-10,1.0000110231037844
0.9999955841158964,4.292128227365953e-10,1.0000130904143336,5.5819514047287e-10,4.6155900315517446e-10,5.799786630364076e-10,4.34717028623006e-10,1.000011023103785,1.0000088949062205,1.0000110431363,5.81344701018345e-10,5.363472060675843e-10,1.0000100862553754,4.0265593999349204e-10,4.304232254963364e-10,4.1509346497081783e-10,4.618680979683193e-10,4.1699709038290436e-10,7.436995116936145e-10,6.853957954640496e-10,4.0063759320361456e-10,8.005357610686853e-10,4.363587016489478e-10,1.0000100862553756,5.538570145913344e-10,4.371062017478993e-10,4.6186809823952256e-10,4.3710620276634946e-10,6.190682162601407e-10,4.6155900388245523e-10,1.000010086255376,4.3710620092359945e-10,4.615288068768411e-10,1.0000123460658235,4.3922227430742903e-10,5.522377820676776e-10,4.450321199077826e-10,1.0000100862553751
0.999996540980489,4.292132195716981e-10,1.000014047298017,1.1078407880929627e-06,4.615594346664569e-10,1.1510741932113232e-06,4.3471743266253227e-10,1.0000119799855753,1.0000110431363,1.0000108086690256,5.813452435028861e-10,1.0644795463601625e-06,1.0000110431362998,4.026563190847132e-10,4.3042362455831147e-10,4.1509384874839524e-10,4.6186852489467346e-10,4.1699748056076745e-10,1.4760083017060946e-06,1.3602938524425544e-06,4.006379692346833e-10,1.5888102901275564e-06,4.3635910677740597e-10,1.0000110431363003,1.0992309827523672e-06,4.371066067927395e-10,4.618685253172106e-10,4.3710660797102294e-10,6.190687947508225e-10,4.615594345113902e-10,1.0000110431362998,4.371066064232622e-10,9.159886930478991e-07,1.0000133029488258,4.3922268170721864e-10,5.522383002100815e-10,4.45032533605788e-10,1.0000110431362996
3.497529984871828e-06,4.766830373688408e-16,1.153787640656551e-06,6.277289476132168e-16,5.222304812149202e-16,1.2975854538636018e-12,4.851559671730242e-16,1.1537853506680416e-06,5.81344701018345e-10,5.813452435028861e-10,-1.1913463031538873e-06,6.088904412721534e-16,5.81344700602773e-10,4.622605074609577e-16,9.520466060843385e-13,4.611653375103405e-16,5.097250039244284e-16,4.736466236852105e-16,1.6835377863547366e-12,1.5651876933274377e-12,4.580347388516632e-16,1.8043147737411332e-12,4.874102746912958e-16,5.813447009533947e-10,6.298972749067921e-16,4.88234761966833e-16,5.105465712313257e-16,4.87749852134111e-16,1.39938748038218e-12,5.222304812334069e-16,5.813447008930409e-10,4.880597352569907e-16,5.23585168939718e-16,1.153786816512728e-06,4.882282737238077e-16,1.2536533296001454e-12,4.954569165759952e-16,5.81344701018345e-10
3.4082255817732002e-06,4.486467128054864e-16,1.064481669074584e-06,1.1634233514513213e-12,4.846250672681265e-16,6.091323958959154e-16,4.558447858195651e-16,5.363476969872833e-10,5.363472060675843e-10,1.0644795463601625e-06,6.088904412721534e-16,-1.1913465226658176e-06,5.36347206370687e-10,4.2341877316953915e-16,4.505967755301521e-16,4.340336033948569e-16,4.830091162556545e-16,4.380864904456045e-16,7.804402468806205e-16,7.157216710510723e-16,4.2241412162479234e-16,1.67285548738992e-12,9.082669224221975e-13,5.363472058560162e-10,5.827378654580873e-16,4.583568460675499e-16,4.829332797225293e-16,4.577773750398435e-16,6.495491764791729e-16,4.846250672680561e-16,5.363472056313868e-10,4.581195310189566e-16,4.850170197764308e-16,1.0644808969848519e-06,4.604008721478916e-16,5.810995098823521e-16,4.668365507748541e-16,5.363472056313868e-10
0.999995584115897,4.292128227365953e-10,1.0000130904143327,5.58195140827119e-10,4.615590034245088e-10,5.799786635493538e-10,4.347170286166705e-10,1.0000110231037838,1.0000100862553754,1.0000110431362998,5.81344700602773e-10,5.36347206370687e-10,1.0000088949062205,4.026559401849816e-10,4.304232256710383e-10,4.15093464503433e-10,4.618680977744828e-10,4.1699709027421887e-10,7.436995117745445e-10,6.853957956945687e-10,4.0063759303268503e-10,8.005357618257608e-10,4.363587016489478e-10,1.000010086255375,5.538570144838015e-10,4.371062017458586e-10,4.618680984088709e-10,4.3710620286665214e-10,6.190682160585016e-10,4.6155900389196083e-10,1.0000100862553747,4.3710620083245304e-10,4.615288068768411e-10,1.000012346065823,4.392222741654514e-10,5.522377815413252e-10,4.4503211991193375e-10,1.0000100862553751
3.1428955069685386e-06,3.3681657466935743e-16,7.991462798459445e-07,4.4084287140423143e-16,3.6432622175151865e-16,4.592200770908775e-16,6.799827059354022e-13,4.0265631454289095e-10,4.0265593999349204e-10,4.026563190847132e-10,4.622605074609577e-16,4.2341877316953915e-16,4.026559401849816e-10,-1.1913470048790707e-06,3.3899986876435674e-16,3.2537954999937646e-16,3.617347695832708e-16,3.3058845365228187e-16,5.904172201856802e-16,5.422734858432808e-16,3.1650635858337178e-16,6.372301844164375e-16,3.435912876494068e-16,4.0265593999349204e-10,4.383804059052334e-16,3.4461929212704707e-16,3.618393666477251e-16,3.445670411090708e-16,4.915452745361681e-16,3.6432622175146166e-16,4.0265593999349204e-10,3.4461567417144584e-16,3.638117893603238e-16,4.026568341467474e-10,3.4555752838105546e-16,4.380500067073685e-16,3.5177245736918714e-16,4.0265593994629896e-10
3.1980038893452944e-06,3.561853460060306e-16,8.542556292153931e-07,4.674560272371394e-16,3.873534320010055e-16,4.836475306596462e-16,3.610647935066068e-16,4.304236121879928e-10,4.304232254963364e-10,4.3042362455831147e-10,9.520466060843385e-13,4.505967755301521e-16,4.304232256710383e-10,3.3899986876435674e-16,-1.1913469281803222e-06,3.458210739860547e-16,3.8689045053517254e-16,3.4822502136834033e-16,6.142578402039045e-16,5.672501670811272e-16,3.3676529266925056e-16,6.582140736947008e-16,7.182548888755976e-13,4.304232254963364e-10,4.638242666139756e-16,7.182367109242218e-13,3.8637926511913813e-16,7.182367125582608e-13,1.0100152552691274e-12,3.8784782403180195e-16,4.304232254963364e-10,7.182367104641227e-13,3.885848064124942e-16,4.304241637449392e-10,3.6382013920305005e-16,4.6425185928059e-16,3.6884746490768743e-16,4.304232256710383e-10
3.1675796416828357e-06,6.843929727719207e-13,8.23830837684907e-07,4.511832875133637e-16,3.7369695968648877e-16,4.670343263334394e-16,6.933665008287242e-13,4.1509383525982114e-10,4.1509346497081783e-10,4.1509384874839524e-10,4.611653375103405e-16,4.340336033948569e-16,4.15093464503433e-10,3.2537954999937646e-16,3.458210739860547e-16,-1.1913469790156443e-06,3.7487204109793813e-16,3.3601312079309077e-16,5.924027987736953e-16,5.442692033268424e-16,3.232344340450774e-16,6.360756627532112e-16,3.505301980639688e-16,4.150934645034329e-10,4.471962769115649e-16,3.505731681991332e-16,3.747374555098996e-16,3.5072619656589444e-16,4.907985744155634e-16,3.7369695969614985e-16,4.150934648610566e-10,3.5034009979051825e-16,3.743201373019569e-16,4.1509436719708163e-10,6.998884575560166e-13,4.468652318469422e-16,7.090813921092791e-13,4.150934648451994e-10
3.260410777776632e-06,3.860106170406173e-16,9.166638718075838e-07,5.041273793934282e-16,4.1680289022559485e-16,5.210548472874754e-16,3.9041500519393017e-16,4.6186850623609005e-10,4.618680979683193e-10,4.6186852489467346e-10,5.097250039244284e-16,4.830091162556545e-16,4.618680977744828e-10,3.617347695832708e-16,3.8689045053517254e-16,3.7487204109793813e-16,-1.1913468032596088e-06,3.7478820516469473e-16,1.3085234557279193e-12,6.042636500813812e-16,3.6020394528801316e-16,1.408995251639337e-12,3.917763078192703e-16,4.61868097756775e-10,4.978661326481786e-16,3.9186365477268584e-16,8.320830898218948e-13,3.92148781862392e-16,1.085148151823708e-12,4.165060407709357e-16,4.61868097756775e-10,3.9204782234862097e-16,4.1684524578689647e-16,9.166632101575133e-07,3.945779721746061e-16,4.964676514083161e-16,3.9969444242076285e-16,4.618680977963629e-10
3.1713577047127517e-06,6.890194084545363e-13,8.276089714028968e-07,4.553837536030866e-16,3.7711927669331585e-16,4.721410340631482e-16,3.532540156778701e-16,4.1699747378347093e-10,4.1699709038290436e-10,4.1699748056076745e-10,4.736466236852105e-16,4.380864904456045e-16,4.1699709027421887e-10,3.3058845365228187e-16,3.4822502136834033e-16,3.3601312079309077e-16,3.7478820516469473e-16,-1.1913469536046613e-06,6.053676726564773e-16,5.577221459542863e-16,3.28754875762334e-16,6.51215939976711e-16,3.5389445213705763e-16,4.16997090267137e-10,8.978727238299578e-13,3.5347518589873444e-16,3.7478820516469473e-16,3.5352950029485736e-16,5.026750845427441e-16,3.766974776539563e-16,4.1699709038290436e-10,3.535293712980047e-16,3.7758020642510116e-16,4.1699801049790967e-10,7.052866062038852e-13,4.522590127203111e-16,7.154126528126862e-13,4.1699709038133576e-10
3.819747280843851e-06,6.10915436602074e-16,1.4760112294243556e-06,8.06381945100619e-16,6.693732602034918e-16,8.354233898045823e-16,6.206403282465893e-16,1.4760082875351607e-06,7.436995116936145e-10,1.4760083017060946e-06,1.6835377863547366e-12,7.804402468806205e-16,7.436995117745445e-10,5.904172201856802e-16,6.142578402039045e-16,5.924027987736953e-16,1.3085234557279193e-12,6.053676726564773e-16,-1.1913454955091152e-06,1.9815496866656724e-12,5.861985170268089e-16,2.288026138852541e-12,6.237188395478952e-16,7.436995117746437e-10,8.064347429781093e-16,6.234069587115292e-16,1.3085234572631861e-12,6.23291159467404e-16,1.7718275466549813e-12,6.693938244248561e-16,7.436995117104908e-10,6.237294190261801e-16,6.720045181018753e-16,1.4760101725891213e-06,6.248576144931441e-16,1.6037054863890105e-12,6.341186277249336e-16,7.436995117104908e-10
3.7040347164950575e-06,5.631404728705165e-16,1.3602965494275212e-06,7.415796134252033e-16,6.143431280127271e-16,1.529623664244692e-12,5.724472081382524e-16,1.3602938530140205e-06,6.853957954640496e-10,1.3602938524425544e-06,1.5651876933274377e-12,7.157216710510723e-16,6.853957956945687e-10,5.422734858432808e-16,5.672501670811272e-16,5.442692033268424e-16,6.042636500813812e-16,5.577221459542863e-16,1.9815496866656724e-12,-1.1913457993983165e-06,5.381753138126817e-16,2.1276529771752752e-12,5.7570182756366e-16,6.853957949463119e-10,1.4712316995447945e-12,5.756300069854581e-16,6.042636500817693e-16,5.759156180495557e-16,1.6480587384658533e-12,6.143431254551085e-16,6.853957954640496e-10,5.756300069854631e-16,6.162055802967322e-16,1.3602955785230197e-06,5.769382396611438e-16,7.428618409031919e-16,5.853459370778978e-16,6.853957952761029e-10
3.138889790473303e-06,3.3567331013508423e-16,7.951404866803223e-07,4.385125058762108e-16,3.6238764221746334e-16,4.558786739014326e-16,6.764508843551769e-13,4.0063796397499646e-10,4.0063759320361456e-10,4.006379692346833e-10,4.580347388516632e-16,4.2241412162479234e-16,4.0063759303268503e-10,3.1650635858337178e-16,3.3676529266925056e-16,3.232344340450774e-16,3.6020394528801316e-16,3.28754875762334e-16,5.861985170268089e-16,5.381753138126817e-16,-1.191347010987193e-06,6.32318485473377e-16,3.417417878860219e-16,4.0063759263047983e-10,4.3565727921557955e-16,3.4234692849575037e-16,3.601686259407181e-16,3.424093271744965e-16,4.875246158118359e-16,3.6235289019239197e-16,4.0063759266916185e-10,3.4206124222154266e-16,3.637667302640238e-16,4.006384805658497e-10,3.4224088603772897e-16,4.3464347102196054e-16,6.929183491475513e-13,4.006375930108384e-10
3.932547443027916e-06,6.540352156192254e-16,1.5888134369152203e-06,1.7240407818193606e-12,1.432303070492241e-12,1.782577077212793e-12,6.652707529829969e-16,1.5888102689624917e-06,8.005357610686853e-10,1.5888102901275564e-06,1.8043147737411332e-12,1.67285548738992e-12,8.005357618257608e-10,6.372301844164375e-16,6.582140736947008e-16,6.360756627532112e-16,1.408995251639337e-12,6.51215939976711e-16,2.288026138852541e-12,2.1276529771752752e-12,6.32318485473377e-16,-1.1913451929991505e-06,6.684592231235844e-16,8.005357610686853e-10,1.7244922657592568e-12,6.675828113841305e-16,1.4089952534012516e-12,6.675828113841305e-16,1.892832950859803e-12,1.43230307130911e-12,8.005357615647771e-10,6.677488623430435e-16,7.247610257925168e-16,1.5888123011464194e-06,6.69020831109985e-16,8.733690606317487e-16,6.784366395023307e-16,8.0053576188308e-10
3.209783744354198e-06,3.6104043025699877e-16,8.660356998865384e-07,4.73989042200408e-16,3.9307991931907887e-16,4.90261810909693e-16,3.658050250414271e-16,4.363590954442065e-10,4.363587016489478e-10,4.3635910677740597e-10,4.874102746912958e-16,9.082669224221975e-13,4.363587016489478e-10,3.435912876494068e-16,7.182548888755976e-13,3.505301980639688e-16,3.917763078192703e-16,3.5389445213705763e-16,6.237188395478952e-16,5.7570182756366e-16,3.417417878860219e-16,6.684592231235844e-16,-1.1913469090075718e-06,4.363587016339436e-10,4.712277951645951e-16,7.27925811851505e-13,3.918661521324959e-16,7.279258135148008e-13,5.173025347547483e-16,3.9276917315645684e-16,4.363587016339436e-10,7.279258113830854e-13,3.939820230805161e-16,4.3635965505169873e-10,3.6860180429471653e-16,4.712580424344828e-16,7.414743483431016e-13,4.3635870155802956e-10
0.9999955841158983,4.292128227365953e-10,1.0000130904143332,5.58195140827119e-10,4.615590034245088e-10,5.799786629649002e-10,4.3471702897602793e-10,1.0000110231037838,1.0000100862553756,1.0000110431363003,5.813447009533947e-10,5.363472058560162e-10,1.000010086255375,4.0265593999349204e-10,4.304232254963364e-10,4.150934645034329e-10,4.61868097756775e-10,4.16997090267137e-10,7.436995117746437e-10,6.853957949463119e-10,4.0063759263047983e-10,8.005357610686853e-10,4.363587016339436e-10,1.0000088949062182,5.538570144838015e-10,4.371062017478993e-10,4.6186809809591754e-10,4.3710620279289596e-10,6.190682162577138e-10,4.615590039525041e-10,1.0000100862553756,4.371062005671699e-10,4.6152880735483587e-10,1.0000123460658235,4.392222741076347e-10,5.522377816754904e-10,4.4503212003364603e-10,1.0000100862553754
3.4429764681157997e-06,4.62496528515878e-16,1.0992331761545878e-06,1.200337603948005e-12,5.006343817934594e-16,6.289253877513151e-16,4.693290846324163e-16,5.5385752481208e-10,5.538570145913344e-10,1.0992309827523672e-06,6.298972749067921e-16,5.827378654580873e-16,5.538570144838015e-10,4.383804059052334e-16,4.638242666139756e-16,4.471962769115649e-16,4.978661326481786e-16,8.978727238299578e-13,8.064347429781093e-16,1.4712316995447945e-12,4.3565727921557955e-16,1.7244922657592568e-12,4.712277951645951e-16,5.538570144838015e-10,-1.1913464392574084e-06,4.710778921597354e-16,4.971890249800449e-16,4.712970062039883e-16,6.70062096290217e-16,5.001214238293474e-16,5.538570150425977e-10,4.709327117873824e-16,5.011583385760253e-16,1.099232379889447e-06,9.398798877405667e-13,6.009797674167101e-16,9.536528677717655e-13,5.538570147642956e-10
3.2112672666244536e-06,3.6083152770579356e-16,8.675192472747149e-07,4.739931665049779e-16,3.9296615251683016e-16,4.903262119205654e-16,3.6576760500867457e-16,4.3710659492243205e-10,4.371062017478993e-10,4.371066067927395e-10,4.88234761966833e-16,4.583568460675499e-16,4.371062017458586e-10,3.4461929212704707e-16,7.182367109242218e-13,3.505731681991332e-16,3.9186365477268584e-16,3.5347518589873444e-16,6.234069587115292e-16,5.756300069854581e-16,3.4234692849575037e-16,6.675828113841305e-16,7.27925811851505e-13,4.371062017478993e-10,4.710778921597354e-16,-1.1913469073945619e-06,3.917966344559867e-16,7.277900743526409e-13,5.162546023139553e-16,3.9383762510401544e-16,4.371062017458586e-10,7.27790072223598e-13,3.940961529469122e-16,4.371071536427585e-10,3.6865213347077287e-16,4.715274570586041e-16,3.733222900317111e-16,4.371062017479155e-10
3.260410776320705e-06,3.860247423276033e-16,9.166638730358319e-07,5.036613356708658e-16,4.16506040770925e-16,5.20729492512718e-16,3.9041500519393017e-16,4.6186850711213196e-10,4.6186809823952256e-10,4.618685253172106e-10,5.105465712313257e-16,4.829332797225293e-16,4.618680984088709e-10,3.618393666477251e-16,3.8637926511913813e-16,3.747374555098996e-16,8.320830898218948e-13,3.7478820516469473e-16,1.3085234572631861e-12,6.042636500817693e-16,3.601686259407181e-16,1.4089952534012516e-12,3.918661521324959e-16,4.6186809809591754e-10,4.971890249800449e-16,3.917966344559867e-16,-1.1913468032596088e-06,3.917162831235023e-16,1.0851481531471924e-12,4.165060407709356e-16,4.618680981298736e-10,3.913889204794121e-16,4.1658378139962903e-16,9.166632113857608e-07,3.9449289786105463e-16,4.972424091538284e-16,3.9992961246765684e-16,4.6186809803867375e-10
3.211267260606055e-06,3.610649549916885e-16,8.675192496282889e-07,4.744413661706561e-16,3.938376251040193e-16,4.90316922467777e-16,3.6583547294983627e-16,4.3710659582431684e-10,4.3710620276634946e-10,4.3710660797102294e-10,4.87749852134111e-16,4.577773750398435e-16,4.3710620286665214e-10,3.445670411090708e-16,7.182367125582608e-13,3.5072619656589444e-16,3.92148781862392e-16,3.5352950029485736e-16,6.23291159467404e-16,5.759156180495557e-16,3.424093271744965e-16,6.675828113841305e-16,7.279258135148008e-13,4.3710620279289596e-10,4.712970062039883e-16,7.277900743526409e-13,3.917162831235023e-16,-1.1913469073945619e-06,5.16593734854362e-16,3.9296615251683016e-16,4.3710620276634946e-10,7.277900738876207e-13,3.9428100939489407e-16,4.3710715514096227e-10,3.6874687062872027e-16,4.714199914918469e-16,3.7338255758811906e-16,4.371062027877348e-10
3.572398006340542e-06,5.056544665017585e-16,1.2286570250425482e-06,6.693058503964113e-16,5.56679564269821e-16,1.3765213656354385e-12,5.139201038905293e-16,1.2286545847671865e-06,6.190682162601407e-10,6.190687947508225e-10,1.39938748038218e-12,6.495491764791729e-16,6.190682160585016e-10,4.915452745361681e-16,1.0100152552691274e-12,4.907985744155634e-16,1.085148151823708e-12,5.026750845427441e-16,1.7718275466549813e-12,1.6480587384658533e-12,4.875246158118359e-16,1.892832950859803e-12,5.173025347547483e-16,6.190682162577138e-10,6.70062096290217e-16,5.162546023139553e-16,1.0851481531471924e-12,5.16593734854362e-16,-1.191346165902337e-06,5.5670819948373e-16,6.190682162577143e-10,5.158799230707435e-16,5.581999867803117e-16,1.2286561490656299e-06,5.174444430035857e-16,1.3333372750141276e-12,5.247989405489404e-16,6.190682161102534e-10
3.2597973538550524e-06,3.863513212512425e-16,9.160504445009326e-07,5.048356413041705e-16,8.273389509439307e-13,1.0391509494810643e-12,3.914580476580022e-16,4.615594247629759e-10,4.6155900388245523e-10,4.615594345113902e-10,5.222304812334069e-16,4.846250672680561e-16,4.6155900389196083e-10,3.6432622175146166e-16,3.8784782403180195e-16,3.7369695969614985e-16,4.165060407709357e-16,3.766974776539563e-16,6.693938244248561e-16,6.143431254551085e-16,3.6235289019239197e-16,1.43230307130911e-12,3.9276917315645684e-16,4.615590039525041e-10,5.001214238293474e-16,3.9383762510401544e-16,4.165060407709356e-16,3.9296615251683016e-16,5.5670819948373e-16,-1.1913468077025003e-06,4.6155900406663563e-10,3.9381551578132455e-16,4.167275749575104e-16,9.16049780748061e-07,3.9559707705004897e-16,5.002025144403298e-16,4.016034551826192e-16,4.615590039525041e-10
0.999995584115898,4.2921282310691283e-10,1.0000130904143327,5.58195140827119e-10,4.615590028439947e-10,5.799786633902864e-10,4.3471702897602793e-10,1.0000110231037849,1.000010086255376,1.0000110431362998,5.813447008930409e-10,5.363472056313868e-10,1.0000100862553747,4.0265593999349204e-10,4.304232254963364e-10,4.150934648610566e-10,4.61868097756775e-10,4.1699709038290436e-10,7.436995117104908e-10,6.853957954640496e-10,4.0063759266916185e-10,8.005357615647771e-10,4.363587016339436e-10,1.0000100862553756,5.538570150425977e-10,4.371062017458586e-10,4.618680981298736e-10,4.3710620276634946e-10,6.190682162577143e-10,4.6155900406663563e-10,1.0000088949062218,4.3710620083245294e-10,4.615288068768411e-10,1.000012346065824,4.392222744023812e-10,5.52237781546683e-10,4.4503211978705713e-10,1.0000100862553751
3.2112672672414358e-06,3.603225609275855e-16,8.675192456980525e-07,4.739931662393188e-16,3.9383762510401953e-16,4.902360596061052e-16,3.6586083509683607e-16,4.371065939209816e-10,4.3710620092359945e-10,4.371066064232622e-10,4.880597352569907e-16,4.581195310189566e-16,4.3710620083245304e-10,3.4461567417144584e-16,7.182367104641227e-13,3.5034009979051825e-16,3.9204782234862097e-16,3.535293712980047e-16,6.237294190261801e-16,5.756300069854631e-16,3.4206124222154266e-16,6.677488623430435e-16,7.279258113830854e-13,4.371062005671699e-10,4.709327117873824e-16,7.27790072223598e-13,3.913889204794121e-16,7.277900738876207e-13,5.158799230707435e-16,3.9381551578132455e-16,4.3710620083245294e-10,-1.1913469073945619e-06,3.9428884736169947e-16,4.371071529617e-10,3.6854042812715905e-16,4.714199914918469e-16,3.736646474677268e-16,4.3710620092359945e-10
3.2597374213758645e-06,3.8668290210448375e-16,9.15990522381296e-07,5.043317546245667e-16,4.176604736643782e-16,1.0417831956815096e-12,3.9253781923079846e-16,4.615292300584073e-10,4.615288068768411e-10,9.159886930478991e-07,5.23585168939718e-16,4.850170197764308e-16,4.615288068768411e-10,3.638117893603238e-16,3.885848064124942e-16,3.743201373019569e-16,4.1684524578689647e-16,3.7758020642510116e-16,6.720045181018753e-16,6.162055802967322e-16,3.637667302640238e-16,7.247610257925168e-16,3.939820230805161e-16,4.6152880735483587e-10,5.011583385760253e-16,3.940961529469122e-16,4.1658378139962903e-16,3.9428100939489407e-16,5.581999867803117e-16,4.167275749575104e-16,4.615288068768411e-10,3.9428884736169947e-16,-1.191346805275768e-06,4.6152982605455225e-10,3.962781010024902e-16,5.007516641175714e-16,4.0232591020816937e-16,4.615288071093236e-10
0.9999978438878113,4.2921375527663426e-10,1.00001535023128,1.107842187836975e-06,9.160497797308117e-07,1.1510756473986012e-06,4.3471797749454775e-10,1.0000132829162833,1.0000123460658235,1.0000133029488258,1.153786816512728e-06,1.0644808969848519e-06,1.000012346065823,4.026568341467474e-10,4.304241637449392e-10,4.1509436719708163e-10,9.166632101575133e-07,4.1699801049790967e-10,1.4760101725891213e-06,1.3602955785230197e-06,4.006384805658497e-10,1.5888123011464194e-06,4.3635965505169873e-10,1.0000123460658235,1.099232379889447e-06,4.371071536427585e-10,9.166632113857608e-07,4.3710715514096227e-10,1.2286561490656299e-06,9.16049780748061e-07,1.000012346065824,4.371071529617e-10,4.6152982605455225e-10,1.0000134145322,4.3922322989807276e-10,1.096018720658574e-06,4.4503309055944626e-10,1.000012346065823
3.2154669351491955e-06,7.197053325141453e-13,8.717189890910906e-07,4.775839803138886e-16,3.9586829936521e-16,4.922826673951202e-16,7.295332503325974e-13,4.3922266727394157e-10,4.3922227430742903e-10,4.3922268170721864e-10,4.882282737238077e-16,4.604008721478916e-16,4.392222741654514e-10,3.4555752838105546e-16,3.6382013920305005e-16,6.998884575560166e-13,3.945779721746061e-16,7.052866062038852e-13,6.248576144931441e-16,5.769382396611438e-16,3.4224088603772897e-16,6.69020831109985e-16,3.6860180429471653e-16,4.392222741076347e-10,9.398798877405667e-13,3.6865213347077287e-16,3.9449289786105463e-16,3.6874687062872027e-16,5.174444430035857e-16,3.9559707705004897e-16,4.392222744023812e-10,3.6854042812715905e-16,3.962781010024902e-16,4.3922322989807276e-10,-1.1913469008753446e-06,4.737296217055493e-16,7.446189909274278e-13,4.392222737176015e-10
3.439762849574266e-06,4.627884031444654e-16,1.0960195174903562e-06,6.045093551821826e-16,4.999423506096732e-16,6.293655282769191e-16,4.693083930475094e-16,1.0960173057348176e-06,5.522377820676776e-10,5.522383002100815e-10,1.2536533296001454e-12,5.810995098823521e-16,5.522377815413252e-10,4.380500067073685e-16,4.6425185928059e-16,4.468652318469422e-16,4.964676514083161e-16,4.522590127203111e-16,1.6037054863890105e-12,7.428618409031919e-16,4.3464347102196054e-16,8.733690606317487e-16,4.712580424344828e-16,5.522377816754904e-10,6.009797674167101e-16,4.715274570586041e-16,4.972424091538284e-16,4.714199914918469e-16,1.3333372750141276e-12,5.002025144403298e-16,5.52237781546683e-10,4.714199914918469e-16,5.007516641175714e-16,1.096018720658574e-06,4.737296217055493e-16,-1.1913464385748135e-06,4.810138346758596e-16,5.522377811319407e-10
3.2269974615335755e-06,7.290123144493884e-13,8.832497242068719e-07,4.839152085573306e-16,4.016034551824417e-16,4.99218695055099e-16,7.392611400284267e-13,4.450325201195245e-10,4.450321199077826e-10,4.45032533605788e-10,4.954569165759952e-16,4.668365507748541e-16,4.4503211991193375e-10,3.5177245736918714e-16,3.6884746490768743e-16,7.090813921092791e-13,3.9969444242076285e-16,7.154126528126862e-13,6.341186277249336e-16,5.853459370778978e-16,6.929183491475513e-13,6.784366395023307e-16,7.414743483431016e-13,4.4503212003364603e-10,9.536528677717655e-13,3.733222900317111e-16,3.9992961246765684e-16,3.7338255758811906e-16,5.247989405489404e-16,4.016034551826192e-16,4.4503211978705713e-10,3.736646474677268e-16,4.0232591020816937e-16,4.4503309055944626e-10,7.446189909274278e-13,4.810138346758596e-16,-1.1913468850405202e-06,4.4503211995139445e-10
0.999995584115897,4.2921282310691283e-10,1.0000130904143325,5.58195140827119e-10,4.615590034245088e-10,5.799786632750309e-10,4.3471702924847884e-10,1.0000110231037844,1.0000100862553751,1.0000110431362996,5.81344701018345e-10,5.363472056313868e-10,1.0000100862553751,4.0265593994629896e-10,4.304232256710383e-10,4.150934648451994e-10,4.618680977963629e-10,4.1699709038133576e-10,7.436995117104908e-10,6.853957952761029e-10,4.006375930108384e-10,8.0053576188308e-10,4.3635870155802956e-10,1.0000100862553754,5.538570147642956e-10,4.371062017479155e-10,4.6186809803867375e-10,4.371062027877348e-10,6.190682161102534e-10,4.615590039525041e-10,1.0000100862553751,4.3710620092359945e-10,4.615288071093236e-10,1.000012346065823,4.392222737176015e-10,5.522377811319407e-10,4.4503211995139445e-10,1.0000088949062205
