0.9999999999978275,1.2485188320802818e-09,6.137356426810078e-09,5.694939278826102e-10,0.9999999794911856,6.186131650106221e-09,6.186115683062235e-09,0.9999999789648346,0.9999999812469924,5.971937503082722e-09,6.2259425346968515e-09,4.970612506072006e-09,0.9999999812469894,0.9999999791280544,2.816192381323751e-09,6.1373664615946394e-09,3.963831221458213e-09,0.999999979409662,3.801989344682959e-09,3.383233832983927e-09,0.9999999814454199,3.963832155576168e-09,0.9999999809999149,0.9999999818620839,3.963833862741614e-09,0.9999999794075667,4.459884176162734e-09,3.963833977893612e-09,6.225931651470434e-09,4.997368815550112e-09,4.721062011362737e-09,4.997368815049834e-09,4.4598755966512e-09,6.225942534665655e-09,4.459884118594334e-09,0.9999999813497021,5.694840889298651e-10,2.1955441146572836e-09,6.095572070095044e-09
1.2485188320802818e-09,6.988289629232587e-09,2.2738207136046984e-14,-1.2533481363114554e-13,-3.3431161943000994e-09,-6.711774694220218e-14,-6.711774694220218e-14,-3.2028695728004676e-09,-1.5312226780065214e-12,-6.05742091380703e-14,2.3000488966204495e-14,-3.3345555569966875e-11,-1.5312219871319187e-12,-3.1982281642826756e-09,-7.905543920454542e-14,2.273856300902601e-14,-4.691170914179597e-14,-3.405416970442121e-09,-6.19465663864644e-14,-6.102014517747243e-14,-1.403092493966531e-12,-4.691170914179597e-14,-2.788471692896584e-09,-1.3681436665938877e-12,-4.691170914179596e-14,-3.1533023765892755e-09,-3.196502956156754e-14,-4.6911709141795956e-14,2.299978856728512e-14,-1.3006574542516448e-14,-2.2245194989641755e-14,-1.3006786612916773e-14,-3.196502956156753e-14,2.2999204307904823e-14,-3.196502956156754e-14,-1.4187060239438671e-12,-1.2533481363114554e-13,-1.0833935790091421e-13,-1.8752070834174627e-15
6.137356426810078e-09,2.2738207136046984e-14,7.462105703492858e-09,3.426061060830697e-14,1.553083788129848e-09,4.4419724905623825e-14,4.4419724905623825e-14,7.110206366788524e-13,1.4394155875877097e-09,5.204326676135683e-14,1.4709304924353358e-10,1.0851348131549382e-13,1.4394155875878516e-09,7.074000846728607e-13,2.182309644417234e-14,1.2960514047622387e-10,2.5320480927203355e-14,1.5815261594783285e-09,2.7959526790416197e-14,2.519046306290577e-14,6.445731716396508e-13,2.5320578596994288e-14,6.466023511186187e-13,6.368901379157985e-13,2.5320742044675555e-14,7.030374430847437e-13,2.7258998895581962e-14,2.53204809272034e-14,1.4709304924351848e-10,3.459395466598028e-14,3.1692498310290435e-14,3.4593954665823515e-14,2.7260043410819834e-14,1.470930492435966e-10,2.7260320388493278e-14,6.511938963312165e-13,3.426107081665846e-14,2.0792425299416828e-14,1.7744622171366106e-10
5.694939278826102e-10,-1.2533481363114554e-13,3.426061060830697e-14,7.160621826879233e-09,-3.951007042441624e-09,-3.9103573295719006e-14,-3.910261357674793e-14,-3.880951190035533e-09,-1.8891292337573434e-12,-3.235816485571367e-14,3.678917161757805e-14,2.933331396152574e-11,-1.889129513784919e-12,-3.879366647462884e-09,-5.448675108672763e-14,3.426119424684459e-14,-2.8784129360261983e-14,-3.990639245884862e-09,-3.967870258065319e-14,-3.9799208645533016e-14,-1.8130832965972807e-12,-2.878246252755383e-14,-1.813838616178157e-12,-1.7885671149393745e-12,-2.8784129360261996e-14,-3.847630781295034e-09,-1.669514320602599e-14,-2.878257943910258e-14,3.678937467466193e-14,-5.01556245681489e-16,-8.243701072067287e-15,-5.031704254903937e-16,-1.6695718126540687e-14,3.6791473558340666e-14,-1.6695521686587887e-14,-1.8231853016708028e-12,-1.7204464561844114e-10,-7.69168285256067e-14,2.178824735561751e-14
0.9999999794911856,-3.3431161943000994e-09,1.553083788129848e-09,-3.951007042441624e-09,0.9999999716588194,1.6165390945056395e-09,1.6165366567559053e-09,0.9999999637865133,0.9999999660289938,1.4390921255578075e-09,1.640987272356169e-09,6.260725220325902e-10,0.9999999660289902,0.9999999639461313,-8.618224204194941e-13,1.5530802597807724e-09,-2.969825232104438e-13,0.9999999642513738,-3.7330364959317135e-13,-5.810640647090404e-13,0.9999999662562131,-2.9698415577052266e-13,0.9999999658234848,0.9999999666602549,-2.96983139529923e-13,0.9999999642282192,-5.2387661955281775e-14,-2.969830240180145e-13,1.6409891232656813e-09,2.231113754462834e-13,8.271999621967164e-14,2.2311205168531218e-13,-5.238619808300938e-14,1.6409880584726577e-09,-5.2387712986968655e-14,0.9999999661636714,-3.9510087380617915e-09,-2.33757758025661e-09,1.5618295785358508e-09
6.186131650106221e-09,-6.711774694220218e-14,4.4419724905623825e-14,-3.9103573295719006e-14,1.6165390945056395e-09,7.3184286150228935e-09,-1.4158990857489377e-11,1.6072914635620716e-09,8.5370620973481e-13,-2.506146946630199e-13,4.918915851968973e-14,9.94756786695411e-11,8.537062812005526e-13,1.605793767133377e-09,-2.4551084593858406e-14,4.4419739543023913e-14,-7.857695406309148e-15,1.603419444012182e-09,-1.3377368538622128e-14,-1.4526832346378308e-14,8.703521950185822e-13,-7.855134339419328e-15,8.706587821020644e-13,8.822232013966205e-13,-7.855129860163088e-15,1.621690316676185e-09,5.929183648932948e-17,-7.857695406309104e-15,4.918984126982325e-14,1.2626711071418302e-14,6.833575615363762e-15,1.2626711071418302e-14,5.945961198162023e-17,4.918832067095449e-14,5.891640405174236e-17,8.667403212757333e-13,-3.9103573295718987e-14,-3.877692669779408e-14,4.6240358571316745e-14
6.186115683062235e-09,-6.711774694220218e-14,4.4419724905623825e-14,-3.910261357674793e-14,1.6165366567559053e-09,-1.4158990857489377e-11,7.3184286150228935e-09,1.6072890258121882e-09,8.537048254036626e-13,-2.506146945229917e-13,4.918915851672687e-14,9.947567866972245e-11,8.537046085848215e-13,1.6057913293834698e-09,-2.4551084600082746e-14,4.442041403339965e-14,-7.855129860163088e-15,1.6034170062624888e-09,-1.3375710076918477e-14,-1.4526832371601684e-14,8.703537409662515e-13,-7.855849983374326e-15,8.706592662724535e-13,8.8222265842346e-13,-7.855617437301986e-15,1.621687878926209e-09,5.929183650004535e-17,-7.855849983374252e-15,4.9190329561499934e-14,1.2626711071418302e-14,6.833815992227659e-15,1.2626711071418302e-14,6.03034156133864e-17,4.918984126982325e-14,5.813671181172374e-17,8.667381942016532e-13,-3.9103573295718974e-14,-3.877669804266822e-14,4.6240073871002587e-14
0.9999999789648346,-3.2028695728004676e-09,7.110206366788524e-13,-3.880951190035533e-09,0.9999999637865133,1.6072914635620716e-09,1.6072890258121882e-09,0.9999999706338145,0.9999999654325541,1.4101408184582528e-09,1.4834307291762516e-09,4.5019772414887086e-10,0.9999999654325493,0.9999999634655252,-8.393411701171461e-13,7.110220569209972e-13,-2.9474376977890143e-13,0.9999999637193361,-3.654764829133225e-13,-5.711947459512162e-13,0.9999999656709683,-2.947437089478829e-13,0.9999999652361743,0.9999999660522026,-2.947431469381154e-13,0.9999999637314403,-5.991330320201671e-14,-2.947439519882958e-13,1.4834325800858004e-09,1.9914604883189252e-13,6.61292839399584e-14,1.9914646933235716e-13,-5.991437578064257e-14,1.483431515292645e-09,-5.991336492636875e-14,0.9999999655828867,-3.88095288565574e-09,-1.1387918905966943e-12,7.067606333509169e-13
0.9999999812469924,-1.5312226780065214e-12,1.4394155875877097e-09,-1.8891292337573434e-12,0.9999999660289938,8.5370620973481e-13,8.537048254036626e-13,0.9999999654325541,0.9999999748372327,7.542518757227598e-13,1.5166391442474783e-09,2.720856921812849e-13,0.9999999675042966,0.9999999655917603,-7.974607049304206e-13,1.4394120592382582e-09,-2.657660887644207e-13,0.9999999659982732,-3.2905004892258193e-13,-5.359139692589965e-13,0.9999999675765097,-2.6576773199258503e-13,0.9999999671446128,0.9999999679223937,-2.657665277285901e-13,0.9999999658354992,-3.669463556176821e-14,-2.65766929856611e-13,1.5166409951571224e-09,2.1663078005663672e-13,8.673135857892315e-14,2.1663009668400364e-13,-3.6694227492659105e-14,1.5166399303640725e-09,-3.6694008454424325e-14,0.9999999675063171,-1.8891299141225996e-12,-1.0846856347486083e-12,1.468258430567304e-09
5.971937503082722e-09,-6.05742091380703e-14,5.204326676135683e-14,-3.235816485571367e-14,1.4390921255578075e-09,-2.506146946630199e-13,-2.506146945229917e-13,1.4101408184582528e-09,7.542518757227598e-13,7.347281087933596e-09,5.797884149248537e-14,1.25795108936216e-10,7.542512019170478e-13,1.407271140281791e-09,-2.0325314644531985e-14,5.204293204200119e-14,-3.730315743803225e-15,1.4308163546320473e-09,-8.634427109110581e-15,-1.0184765238640745e-14,7.582410117123623e-13,-3.730430615259407e-15,7.588010393087168e-13,7.684548095182619e-13,-3.730315743803709e-15,1.4214205610306222e-09,4.150384040912981e-15,-3.731720758043235e-15,5.797780847101919e-14,1.7199138011536863e-14,1.1228480097956837e-14,1.7199263188253614e-14,4.150384040912989e-15,5.797865963095693e-14,4.149350549278358e-15,7.557815106077662e-13,-3.2358164855713676e-14,-6.820346371483034e-11,5.722743007280046e-14
6.2259425346968515e-09,2.3000488966204495e-14,1.4709304924353358e-10,3.678917161757805e-14,1.640987272356169e-09,4.918915851968973e-14,4.918915851672687e-14,1.4834307291762516e-09,1.5166391442474783e-09,5.797884149248537e-14,7.499091294266566e-09,2.424444047613157e-10,1.5166391442477465e-09,7.429995056429265e-13,2.3520663648812647e-14,1.4709304924364326e-10,2.8116967210493022e-14,1.6723434439622308e-09,3.077853874961063e-14,2.7609350555635556e-14,6.748278419954801e-13,2.8115095625268907e-14,6.768600585583599e-13,6.665336467846866e-13,2.811543752983145e-14,7.382762584872411e-13,3.0317722927658297e-14,2.811543753231315e-14,1.6659327457617677e-10,3.919652231489722e-14,3.547639345369532e-14,3.9196522314897535e-14,3.031772293521498e-14,1.6659327457627011e-10,3.031772292765835e-14,6.821368760230557e-13,3.678971012139394e-14,2.2059673097736233e-14,2.0073299913410766e-10
4.970612506072006e-09,-3.3345555569966875e-11,1.0851348131549382e-13,2.933331396152574e-11,6.260725220325902e-10,9.94756786695411e-11,9.947567866972245e-11,4.5019772414887086e-10,2.720856921812849e-13,1.25795108936216e-10,2.424444047613157e-10,7.653022911046163e-09,2.7208870314602703e-13,4.4136021854618154e-10,8.937347509143768e-15,1.0851636862131768e-13,2.5866028846717693e-14,6.514856215628422e-10,2.4804869469015108e-14,2.0318994746080183e-14,1.8576587581158963e-13,2.5866084807128995e-14,3.7309514635385614e-10,1.8426816209074505e-13,2.5866486733812256e-14,4.4090091355038876e-10,6.641042121782519e-11,2.586644273855311e-14,2.4244440476129074e-10,5.117202673319673e-14,8.561838224678282e-11,5.117195494921902e-14,6.641042121766604e-11,2.424444047614382e-10,6.641042121742608e-11,1.9152137790661355e-13,2.933331396159464e-11,-1.0701140029968686e-15,1.387345806815078e-13
0.9999999812469894,-1.5312219871319187e-12,1.4394155875878516e-09,-1.889129513784919e-12,0.9999999660289902,8.537062812005526e-13,8.537046085848215e-13,0.9999999654325493,0.9999999675042966,7.542512019170478e-13,1.5166391442477465e-09,2.7208870314602703e-13,0.9999999748372471,0.9999999655917575,-7.974612312251647e-13,1.4394120592385027e-09,-2.6576585098029325e-13,0.9999999659982703,-3.29049754814686e-13,-5.359137086370375e-13,0.9999999675765053,-2.6576765677331704e-13,0.9999999671446084,0.9999999679223894,-2.6576614263195426e-13,0.9999999658354937,-3.669460137157013e-14,-2.657661302221282e-13,1.5166409951573418e-09,2.1663082691972803e-13,8.673158460717824e-14,2.1663009668885426e-13,-3.669378840120878e-14,1.5166399303642262e-09,-3.66941978499882e-14,0.9999999675063145,-1.8891306792366644e-12,-1.084686340133112e-12,1.4682584305676092e-09
0.9999999791280544,-3.1982281642826756e-09,7.074000846728607e-13,-3.879366647462884e-09,0.9999999639461313,1.605793767133377e-09,1.6057913293834698e-09,0.9999999634655252,0.9999999655917603,1.407271140281791e-09,7.429995056429265e-13,4.4136021854618154e-10,0.9999999655917575,0.9999999709621796,-8.388000916046048e-13,7.073991749615665e-13,-2.9508557630271867e-13,0.9999999638786881,-3.655849596997249e-13,-5.711127273106396e-13,0.9999999658331431,-2.950865646689421e-13,0.9999999653984045,0.999999966213691,-2.950842179653188e-13,0.999999963895139,-6.06386298452332e-14,-2.9508482233804343e-13,7.430015677020645e-13,1.9761386510089792e-13,6.497301198726641e-14,1.9761362115958038e-13,-6.063799446206541e-14,7.430001618830042e-13,-6.063778539799315e-14,0.9999999657449897,-3.879368343083148e-09,-2.2586098034856314e-09,7.02351764823856e-13
2.816192381323751e-09,-7.905543920454542e-14,2.182309644417234e-14,-5.448675108672763e-14,-8.618224204194941e-13,-2.4551084593858406e-14,-2.4551084600082746e-14,-8.393411701171461e-13,-7.974607049304206e-13,-2.0325314644531985e-14,2.3520663648812647e-14,8.937347509143768e-15,-7.974612312251647e-13,-8.388000916046048e-13,7.263680533415926e-09,2.1823096444174384e-14,-1.8193961280202468e-14,-1.7363938576752846e-09,-2.5083018189604396e-14,-2.515187908098871e-14,-7.493147344659143e-13,-1.8193853228897347e-14,-7.496704077671786e-13,-7.336701026545719e-13,-1.819270403179528e-14,-8.286298116733315e-13,-1.0896530429227345e-14,-1.8192327343150414e-14,2.352067486105396e-14,-2.9195252178602845e-16,-1.1309800452438044e-11,-2.9197213554127755e-16,-1.0898672695113149e-14,2.3520658595473445e-14,-1.089854470872402e-14,-7.557561608325112e-13,-5.4487847257354245e-14,-4.845203661682925e-14,1.37272918481816e-14
6.1373664615946394e-09,2.273856300902601e-14,1.2960514047622387e-10,3.426119424684459e-14,1.5530802597807724e-09,4.4419739543023913e-14,4.442041403339965e-14,7.110220569209972e-13,1.4394120592382582e-09,5.204293204200119e-14,1.4709304924364326e-10,1.0851636862131768e-13,1.4394120592385027e-09,7.073991749615665e-13,2.1823096444174384e-14,7.462105703492858e-09,2.532104287285336e-14,1.5815226311292553e-09,2.795831325019561e-14,2.519064675112694e-14,6.445696213685519e-13,2.5320480927203437e-14,6.466007746485324e-13,6.368870186587385e-13,2.5320328120279686e-14,7.030351638466917e-13,2.726004341267374e-14,2.532112706662121e-14,1.4709304924362803e-10,3.459395465951241e-14,3.169103651024724e-14,3.4593954659192666e-14,2.7259542553235864e-14,1.470930492437061e-10,2.7259254144335268e-14,6.51192296912526e-13,3.426114995961055e-14,2.079412884381326e-14,1.7744622171383583e-10
3.963831221458213e-09,-4.691170914179597e-14,2.5320480927203355e-14,-2.8784129360261983e-14,-2.969825232104438e-13,-7.857695406309148e-15,-7.855129860163088e-15,-2.9474376977890143e-13,-2.657660887644207e-13,-3.730315743803225e-15,2.8116967210493022e-14,2.5866028846717693e-14,-2.6576585098029325e-13,-2.9508557630271867e-13,-1.8193961280202468e-14,2.532104287285336e-14,7.316576254579772e-09,-6.011231785857891e-10,-1.1211730869884965e-14,-1.1725382804967587e-14,-2.4830554200425544e-13,-1.6015476582279716e-11,-2.48150739023758e-13,-2.396251079959641e-13,-7.490425086872125e-15,-2.8927722591015416e-13,-2.2870976213735406e-15,-7.49244491724911e-15,2.811543753231301e-14,1.0351420207579974e-11,1.972887477536441e-15,1.0351420207543747e-11,-2.2850615458870195e-15,2.811543753231297e-14,-2.285541316340914e-15,-2.5128260095449903e-13,-2.8784129360261983e-14,-2.752949247566017e-14,2.4643148045639384e-14
0.999999979409662,-3.405416970442121e-09,1.5815261594783285e-09,-3.990639245884862e-09,0.9999999642513738,1.603419444012182e-09,1.6034170062624888e-09,0.9999999637193361,0.9999999659982732,1.4308163546320473e-09,1.6723434439622308e-09,6.514856215628422e-10,0.9999999659982703,0.9999999638786881,-1.7363938576752846e-09,1.5815226311292553e-09,-6.011231785857891e-10,0.9999999714984941,-7.580670751637938e-10,-1.170717838052435e-09,0.9999999662524583,-6.011255131090435e-10,0.9999999658196471,0.9999999666681777,-6.011238683868228e-10,0.9999999641684348,-1.0829737609622596e-10,-6.011239771073698e-10,1.672345294871741e-09,4.4778080748163174e-10,1.6495061824359556e-10,4.477800785700439e-10,-1.0829722058159273e-10,1.672344230078798e-09,-1.0829760749610457e-10,0.9999999661553268,-3.9906409415050475e-09,-2.374692140586792e-09,1.5875331342716377e-09
3.801989344682959e-09,-6.19465663864644e-14,2.7959526790416197e-14,-3.967870258065319e-14,-3.7330364959317135e-13,-1.3377368538622128e-14,-1.3375710076918477e-14,-3.654764829133225e-13,-3.2905004892258193e-13,-8.634427109110581e-15,3.077853874961063e-14,2.4804869469015108e-14,-3.29049754814686e-13,-3.655849596997249e-13,-2.5083018189604396e-14,2.795831325019561e-14,-1.1211730869884965e-14,-7.580670751637938e-10,7.2984613536512605e-09,-3.472386607752109e-11,-3.0131303277865697e-13,-1.1209597990809222e-14,-3.01213492112279e-13,-2.895471734570382e-13,-1.121076378645315e-14,-3.5785768280120147e-13,-4.5987774233814655e-15,-1.1211799855899752e-14,3.0779160705467423e-14,4.926450201370205e-15,4.903315037519629e-16,4.92580832092965e-15,-4.601221195317408e-15,3.077915546768091e-14,-4.599594839171e-15,-6.066997700856381e-10,-3.9680025730748895e-14,-3.6812995998371715e-14,2.4910260647766564e-14
3.383233832983927e-09,-6.102014517747243e-14,2.519046306290577e-14,-3.9799208645533016e-14,-5.810640647090404e-13,-1.4526832346378308e-14,-1.4526832371601684e-14,-5.711947459512162e-13,-5.359139692589965e-13,-1.0184765238640745e-14,2.7609350555635556e-14,2.0318994746080183e-14,-5.359137086370375e-13,-5.711127273106396e-13,-2.515187908098871e-14,2.519064675112694e-14,-1.1725382804967587e-14,-1.170717838052435e-09,-3.472386607752109e-11,7.2973338907899085e-09,-5.063378216233624e-13,-1.172509414782544e-14,-5.063822244672361e-13,-4.946259399274415e-13,-1.172374132336066e-14,-5.634478158513372e-13,-5.3329336965081275e-15,-1.172553006440866e-14,2.7608885907398976e-14,3.704817427914575e-15,-5.259280904395854e-16,3.702803849236456e-15,-5.331777233204284e-15,2.7609348655290165e-14,-5.331506931868992e-15,-5.110572840064707e-13,-3.979719873617478e-14,-3.649902367862938e-14,2.150090987194793e-14
0.9999999814454199,-1.403092493966531e-12,6.445731716396508e-13,-1.8130832965972807e-12,0.9999999662562131,8.703521950185822e-13,8.703537409662515e-13,0.9999999656709683,0.9999999675765097,7.582410117123623e-13,6.748278419954801e-13,1.8576587581158963e-13,0.9999999675765053,0.9999999658331431,-7.493147344659143e-13,6.445696213685519e-13,-2.4830554200425544e-13,0.9999999662524583,-3.0131303277865697e-13,-5.063378216233624e-13,0.9999999749117672,-2.483067694903926e-13,0.9999999671462189,0.9999999678794497,-2.483072899916963e-13,0.9999999660463682,-3.385935257929984e-14,-2.483062964229301e-13,6.748285175031309e-13,1.9644848939026817e-13,7.704801126462248e-14,1.9644831526643636e-13,-3.385902624993098e-14,6.748287741085795e-13,-3.3859070717397236e-14,0.9999999675233233,-1.8130838232947417e-12,-1.01052169171955e-12,1.306373333938545e-09
3.963832155576168e-09,-4.691170914179597e-14,2.5320578596994288e-14,-2.878246252755383e-14,-2.9698415577052266e-13,-7.855134339419328e-15,-7.855849983374326e-15,-2.947437089478829e-13,-2.6576773199258503e-13,-3.730430615259407e-15,2.8115095625268907e-14,2.5866084807128995e-14,-2.6576765677331704e-13,-2.950865646689421e-13,-1.8193853228897347e-14,2.5320480927203437e-14,-1.6015476582279716e-11,-6.011255131090435e-10,-1.1209597990809222e-14,-1.172509414782544e-14,-2.483067694903926e-13,7.316576254579772e-09,-2.481516078352122e-13,-2.3962919733012433e-13,-7.492444917248904e-15,-2.892795388237338e-13,-2.2850615459421088e-15,-7.4924448292082e-15,2.8115660425164082e-14,1.035142020758077e-11,1.972887477536441e-15,1.0351420207544594e-11,-2.2870976213736806e-15,2.811543753231301e-14,-2.285061545887004e-15,-2.512847803965371e-13,-2.8784129360261983e-14,-2.7529922123687898e-14,2.4643358115419818e-14
0.9999999809999149,-2.788471692896584e-09,6.466023511186187e-13,-1.813838616178157e-12,0.9999999658234848,8.706587821020644e-13,8.706592662724535e-13,0.9999999652361743,0.9999999671446128,7.588010393087168e-13,6.768600585583599e-13,3.7309514635385614e-10,0.9999999671446084,0.9999999653984045,-7.496704077671786e-13,6.466007746485324e-13,-2.48150739023758e-13,0.9999999658196471,-3.01213492112279e-13,-5.063822244672361e-13,0.9999999671462189,-2.481516078352122e-13,0.9999999740453873,0.9999999674468687,-2.481510928179451e-13,0.9999999656117915,-3.38417865651326e-14,-2.481512823130435e-13,6.768609845615215e-13,1.9724632589289572e-13,7.730124930347156e-14,1.972473904859216e-13,-3.384169704263848e-14,6.768617734914133e-13,-3.3841552345185333e-14,0.999999967090493,-1.8138400069689685e-12,-1.0111777191010855e-12,6.60080956594461e-13
0.9999999818620839,-1.3681436665938877e-12,6.368901379157985e-13,-1.7885671149393745e-12,0.9999999666602549,8.822232013966205e-13,8.8222265842346e-13,0.9999999660522026,0.9999999679223937,7.684548095182619e-13,6.665336467846866e-13,1.8426816209074505e-13,0.9999999679223894,0.999999966213691,-7.336701026545719e-13,6.368870186587385e-13,-2.396251079959641e-13,0.9999999666681777,-2.895471734570382e-13,-4.946259399274415e-13,0.9999999678794497,-2.3962919733012433e-13,0.9999999674468687,0.999999975498638,-2.39627812515351e-13,0.9999999664179128,-2.848204881695925e-14,-2.396271639211213e-13,6.665348150790867e-13,1.9759163072482743e-13,8.020441526944387e-14,1.9759139853478358e-13,-2.848066808384134e-14,6.665324388918835e-13,-2.848099311300305e-14,0.9999999678295814,-1.7885652571778172e-12,-9.88778051997456e-13,6.540668982279706e-13
3.963833862741614e-09,-4.691170914179596e-14,2.5320742044675555e-14,-2.8784129360261996e-14,-2.96983139529923e-13,-7.855129860163088e-15,-7.855617437301986e-15,-2.947431469381154e-13,-2.657665277285901e-13,-3.730315743803709e-15,2.811543752983145e-14,2.5866486733812256e-14,-2.6576614263195426e-13,-2.950842179653188e-13,-1.819270403179528e-14,2.5320328120279686e-14,-7.490425086872125e-15,-6.011238683868228e-10,-1.121076378645315e-14,-1.172374132336066e-14,-2.483072899916963e-13,-7.492444917248904e-15,-2.481510928179451e-13,-2.39627812515351e-13,7.316576254579772e-09,-2.892784462291706e-13,-2.287097621373537e-15,-1.6015476582822034e-11,2.8116732549494647e-14,1.0351420207341466e-11,1.972050382502482e-15,1.0351420207305261e-11,-2.285267286688932e-15,2.811754364155359e-14,-2.2850615458870005e-15,-2.512832936476713e-13,-2.8784129360261996e-14,-2.753080960254926e-14,2.4643342240320856e-14
0.9999999794075667,-3.1533023765892755e-09,7.030374430847437e-13,-3.847630781295034e-09,0.9999999642282192,1.621690316676185e-09,1.621687878926209e-09,0.9999999637314403,0.9999999658354992,1.4214205610306222e-09,7.382762584872411e-13,4.4090091355038876e-10,0.9999999658354937,0.999999963895139,-8.286298116733315e-13,7.030351638466917e-13,-2.8927722591015416e-13,0.9999999641684348,-3.5785768280120147e-13,-5.634478158513372e-13,0.9999999660463682,-2.892795388237338e-13,0.9999999656117915,0.9999999664179128,-2.892784462291706e-13,0.999999971487851,-5.68859657970813e-14,-2.8927823903010914e-13,7.382762413037628e-13,1.9872043561766662e-13,6.734537597017468e-14,1.9871900779422662e-13,-5.68855023936847e-14,7.38274740992218e-13,-5.688623794048429e-14,0.9999999659620717,-3.847632476915406e-09,-1.1236702801336141e-12,7.007403640062359e-13
4.459884176162734e-09,-3.196502956156754e-14,2.7258998895581962e-14,-1.669514320602599e-14,-5.2387661955281775e-14,5.929183648932948e-17,5.929183650004535e-17,-5.991330320201671e-14,-3.669463556176821e-14,4.150384040912981e-15,3.0317722927658297e-14,6.641042121782519e-11,-3.669460137157013e-14,-6.06386298452332e-14,-1.0896530429227345e-14,2.726004341267374e-14,-2.2870976213735406e-15,-1.0829737609622596e-10,-4.5987774233814655e-15,-5.3329336965081275e-15,-3.385935257929984e-14,-2.2850615459421088e-15,-3.38417865651326e-14,-2.848204881695925e-14,-2.287097621373537e-15,-5.68859657970813e-14,7.335888497608402e-09,-2.2855413310523253e-15,3.0316868936433726e-14,8.379058555653792e-15,1.0703769557407904e-11,8.379805558673368e-15,3.2906943619813473e-12,3.031772292765835e-14,3.2906943619305985e-12,-3.52129886799821e-14,-1.6695718126540586e-14,-1.7562862265915465e-14,3.015897208327901e-14
3.963833977893612e-09,-4.6911709141795956e-14,2.53204809272034e-14,-2.878257943910258e-14,-2.969830240180145e-13,-7.857695406309104e-15,-7.855849983374252e-15,-2.947439519882958e-13,-2.65766929856611e-13,-3.731720758043235e-15,2.811543753231315e-14,2.586644273855311e-14,-2.657661302221282e-13,-2.9508482233804343e-13,-1.8192327343150414e-14,2.532112706662121e-14,-7.49244491724911e-15,-6.011239771073698e-10,-1.1211799855899752e-14,-1.172553006440866e-14,-2.483062964229301e-13,-7.4924448292082e-15,-2.481512823130435e-13,-2.396271639211213e-13,-1.6015476582822034e-11,-2.8927823903010914e-13,-2.2855413310523253e-15,7.316576254579772e-09,2.8116746688041528e-14,1.0351420207286506e-11,1.972887477536445e-15,1.035142020725032e-11,-2.2856088689303293e-15,2.811696721049228e-14,-2.2850469949083695e-15,-2.512835936327219e-13,-2.878229748770564e-14,-2.7529922123687775e-14,2.4643148034764738e-14
6.225931651470434e-09,2.299978856728512e-14,1.4709304924351848e-10,3.678937467466193e-14,1.6409891232656813e-09,4.918984126982325e-14,4.9190329561499934e-14,1.4834325800858004e-09,1.5166409951571224e-09,5.797780847101919e-14,1.6659327457617677e-10,2.4244440476129074e-10,1.5166409951573418e-09,7.430015677020645e-13,2.352067486105396e-14,1.4709304924362803e-10,2.811543753231301e-14,1.672345294871741e-09,3.0779160705467423e-14,2.7608885907398976e-14,6.748285175031309e-13,2.8115660425164082e-14,6.768609845615215e-13,6.665348150790867e-13,2.8116732549494647e-14,7.382762413037628e-13,3.0316868936433726e-14,2.8116746688041528e-14,7.499091294266566e-09,3.919652231489732e-14,3.54774875965672e-14,3.919598143241628e-14,3.031772293521498e-14,1.6659327457624783e-10,3.031686893643345e-14,6.821375590368257e-13,3.679064704550335e-14,2.205986098052909e-14,2.0073299913407902e-10
4.997368815550112e-09,-1.3006574542516448e-14,3.459395466598028e-14,-5.01556245681489e-16,2.231113754462834e-13,1.2626711071418302e-14,1.2626711071418302e-14,1.9914604883189252e-13,2.1663078005663672e-13,1.7199138011536863e-14,3.919652231489722e-14,5.117202673319673e-14,2.1663082691972803e-13,1.9761386510089792e-13,-2.9195252178602845e-16,3.459395465951241e-14,1.0351420207579974e-11,4.4778080748163174e-10,4.926450201370205e-15,3.704817427914575e-15,1.9644848939026817e-13,1.035142020758077e-11,1.9724632589289572e-13,1.9759163072482743e-13,1.0351420207341466e-11,1.9872043561766662e-13,8.379058555653792e-15,1.0351420207286506e-11,3.919652231489732e-14,7.36113189210217e-09,1.192429237652487e-14,2.8538453070220594e-11,8.379427793880724e-15,3.9197027265512057e-14,8.37934775471433e-15,1.974693737969522e-13,-5.031704219832809e-16,-5.0624790838429165e-15,4.3155740168644463e-14
4.721062011362737e-09,-2.2245194989641755e-14,3.1692498310290435e-14,-8.243701072067287e-15,8.271999621967164e-14,6.833575615363762e-15,6.833815992227659e-15,6.61292839399584e-14,8.673135857892315e-14,1.1228480097956837e-14,3.547639345369532e-14,8.561838224678282e-11,8.673158460717824e-14,6.497301198726641e-14,-1.1309800452438044e-11,3.169103651024724e-14,1.972887477536441e-15,1.6495061824359556e-10,4.903315037519629e-16,-5.259280904395854e-16,7.704801126462248e-14,1.972887477536441e-15,7.730124930347156e-14,8.020441526944387e-14,1.972050382502482e-15,6.734537597017468e-14,1.0703769557407904e-11,1.972887477536445e-15,3.54774875965672e-14,1.192429237652487e-14,7.3504049965177075e-09,1.1924840575797272e-14,1.0703769557343846e-11,3.54774875951763e-14,1.0703769557282307e-11,7.69547935165314e-14,-8.246299886837322e-15,-1.1010674813397724e-14,3.767175155978566e-14
4.997368815049834e-09,-1.3006786612916773e-14,3.4593954665823515e-14,-5.031704254903937e-16,2.2311205168531218e-13,1.2626711071418302e-14,1.2626711071418302e-14,1.9914646933235716e-13,2.1663009668400364e-13,1.7199263188253614e-14,3.9196522314897535e-14,5.117195494921902e-14,2.1663009668885426e-13,1.9761362115958038e-13,-2.9197213554127755e-16,3.4593954659192666e-14,1.0351420207543747e-11,4.477800785700439e-10,4.92580832092965e-15,3.702803849236456e-15,1.9644831526643636e-13,1.0351420207544594e-11,1.972473904859216e-13,1.9759139853478358e-13,1.0351420207305261e-11,1.9871900779422662e-13,8.379805558673368e-15,1.035142020725032e-11,3.919598143241628e-14,2.8538453070220594e-11,1.1924840575797272e-14,7.36113189210217e-09,8.379058555653826e-15,3.919598141955777e-14,8.379427793880928e-15,1.9746902802456658e-13,-5.031704219832809e-16,-5.062387715285588e-15,4.315652346863105e-14
4.4598755966512e-09,-3.196502956156753e-14,2.7260043410819834e-14,-1.6695718126540687e-14,-5.238619808300938e-14,5.945961198162023e-17,6.03034156133864e-17,-5.991437578064257e-14,-3.6694227492659105e-14,4.150384040912989e-15,3.031772293521498e-14,6.641042121766604e-11,-3.669378840120878e-14,-6.063799446206541e-14,-1.0898672695113149e-14,2.7259542553235864e-14,-2.2850615458870195e-15,-1.0829722058159273e-10,-4.601221195317408e-15,-5.331777233204284e-15,-3.385902624993098e-14,-2.2870976213736806e-15,-3.384169704263848e-14,-2.848066808384134e-14,-2.285267286688932e-15,-5.68855023936847e-14,3.2906943619813473e-12,-2.2856088689303293e-15,3.031772293521498e-14,8.379427793880724e-15,1.0703769557343846e-11,8.379058555653826e-15,7.335888497608402e-09,3.031763894272344e-14,3.2906943618638174e-12,-3.5212796702432715e-14,-1.6695718126540687e-14,-1.7563465067566956e-14,3.015880600722792e-14
6.225942534665655e-09,2.2999204307904823e-14,1.470930492435966e-10,3.6791473558340666e-14,1.6409880584726577e-09,4.918832067095449e-14,4.918984126982325e-14,1.483431515292645e-09,1.5166399303640725e-09,5.797865963095693e-14,1.6659327457627011e-10,2.424444047614382e-10,1.5166399303642262e-09,7.430001618830042e-13,2.3520658595473445e-14,1.470930492437061e-10,2.811543753231297e-14,1.672344230078798e-09,3.077915546768091e-14,2.7609348655290165e-14,6.748287741085795e-13,2.811543753231301e-14,6.768617734914133e-13,6.665324388918835e-13,2.811754364155359e-14,7.38274740992218e-13,3.031772292765835e-14,2.811696721049228e-14,1.6659327457624783e-10,3.9197027265512057e-14,3.54774875951763e-14,3.919598141955777e-14,3.031763894272344e-14,7.499091294266566e-09,3.031563738726523e-14,6.821367741307922e-13,3.679064704550333e-14,2.205987349345837e-14,2.0073299913419816e-10
4.459884118594334e-09,-3.196502956156754e-14,2.7260320388493278e-14,-1.6695521686587887e-14,-5.2387712986968655e-14,5.891640405174236e-17,5.813671181172374e-17,-5.991336492636875e-14,-3.6694008454424325e-14,4.149350549278358e-15,3.031772292765835e-14,6.641042121742608e-11,-3.66941978499882e-14,-6.063778539799315e-14,-1.089854470872402e-14,2.7259254144335268e-14,-2.285541316340914e-15,-1.0829760749610457e-10,-4.599594839171e-15,-5.331506931868992e-15,-3.3859070717397236e-14,-2.285061545887004e-15,-3.3841552345185333e-14,-2.848099311300305e-14,-2.2850615458870005e-15,-5.688623794048429e-14,3.2906943619305985e-12,-2.2850469949083695e-15,3.031686893643345e-14,8.37934775471433e-15,1.0703769557282307e-11,8.379427793880928e-15,3.2906943618638174e-12,3.031563738726523e-14,7.335888497608402e-09,-3.521318706883661e-14,-1.6695718126540687e-14,-1.7562886540252556e-14,3.01588807122871e-14
0.9999999813497021,-1.4187060239438671e-12,6.511938963312165e-13,-1.8231853016708028e-12,0.9999999661636714,8.667403212757333e-13,8.667381942016532e-13,0.9999999655828867,0.9999999675063171,7.557815106077662e-13,6.821368760230557e-13,1.9152137790661355e-13,0.9999999675063145,0.9999999657449897,-7.557561608325112e-13,6.51192296912526e-13,-2.5128260095449903e-13,0.9999999661553268,-6.066997700856381e-10,-5.110572840064707e-13,0.9999999675233233,-2.512847803965371e-13,0.999999967090493,0.9999999678295814,-2.512832936476713e-13,0.9999999659620717,-3.52129886799821e-14,-2.512835936327219e-13,6.821375590368257e-13,1.974693737969522e-13,7.69547935165314e-14,1.9746902802456658e-13,-3.5212796702432715e-14,6.821367741307922e-13,-3.521318706883661e-14,0.9999999747978222,-1.8231884597065557e-12,-1.019901147625925e-12,1.3178515428116766e-09
5.694840889298651e-10,-1.2533481363114554e-13,3.426107081665846e-14,-1.7204464561844114e-10,-3.9510087380617915e-09,-3.9103573295718987e-14,-3.9103573295718974e-14,-3.88095288565574e-09,-1.8891299141225996e-12,-3.2358164855713676e-14,3.678971012139394e-14,2.933331396159464e-11,-1.8891306792366644e-12,-3.879368343083148e-09,-5.4487847257354245e-14,3.426114995961055e-14,-2.8784129360261983e-14,-3.9906409415050475e-09,-3.9680025730748895e-14,-3.979719873617478e-14,-1.8130838232947417e-12,-2.8784129360261983e-14,-1.8138400069689685e-12,-1.7885652571778172e-12,-2.8784129360261996e-14,-3.847632476915406e-09,-1.6695718126540586e-14,-2.878229748770564e-14,3.679064704550335e-14,-5.031704219832809e-16,-8.246299886837322e-15,-5.031704219832809e-16,-1.6695718126540687e-14,3.679064704550333e-14,-1.6695718126540687e-14,-1.8231884597065557e-12,7.1606218263425946e-09,-7.691960818976176e-14,2.178797884920877e-14
2.1955441146572836e-09,-1.0833935790091421e-13,2.0792425299416828e-14,-7.69168285256067e-14,-2.33757758025661e-09,-3.877692669779408e-14,-3.877669804266822e-14,-1.1387918905966943e-12,-1.0846856347486083e-12,-6.820346371483034e-11,2.2059673097736233e-14,-1.0701140029968686e-15,-1.084686340133112e-12,-2.2586098034856314e-09,-4.845203661682925e-14,2.079412884381326e-14,-2.752949247566017e-14,-2.374692140586792e-09,-3.6812995998371715e-14,-3.649902367862938e-14,-1.01052169171955e-12,-2.7529922123687898e-14,-1.0111777191010855e-12,-9.88778051997456e-13,-2.753080960254926e-14,-1.1236702801336141e-12,-1.7562862265915465e-14,-2.7529922123687775e-14,2.205986098052909e-14,-5.0624790838429165e-15,-1.1010674813397724e-14,-5.062387715285588e-15,-1.7563465067566956e-14,2.205987349345837e-14,-1.7562886540252556e-14,-1.019901147625925e-12,-7.691960818976176e-14,7.197752730185059e-09,7.135058012547517e-15
6.095572070095044e-09,-1.8752070834174627e-15,1.7744622171366106e-10,2.178824735561751e-14,1.5618295785358508e-09,4.6240358571316745e-14,4.6240073871002587e-14,7.067606333509169e-13,1.468258430567304e-09,5.722743007280046e-14,2.0073299913410766e-10,1.387345806815078e-13,1.4682584305676092e-09,7.02351764823856e-13,1.37272918481816e-14,1.7744622171383583e-10,2.4643148045639384e-14,1.5875331342716377e-09,2.4910260647766564e-14,2.150090987194793e-14,1.306373333938545e-09,2.4643358115419818e-14,6.60080956594461e-13,6.540668982279706e-13,2.4643342240320856e-14,7.007403640062359e-13,3.015897208327901e-14,2.4643148034764738e-14,2.0073299913407902e-10,4.3155740168644463e-14,3.767175155978566e-14,4.315652346863105e-14,3.015880600722792e-14,2.0073299913419816e-10,3.01588807122871e-14,1.3178515428116766e-09,2.178797884920877e-14,7.135058012547517e-15,7.563155179547216e-09
