1.000000008094956,5.178103720085565e-06,1.0000027956592072,5.205094250929353e-06,5.17671472405595e-06,1.000002779534583,5.185077049330189e-06,5.1767147244630835e-06,5.205094250929352e-06,1.0000027956592095,5.176714723765226e-06,5.205116322335812e-06,1.0000027956592072,5.190285614424876e-06,5.177098347173937e-06,5.199624721951821e-06,1.0000028204057456,5.24228045200697e-06,5.177098347173866e-06,5.177098347996742e-06,5.176714723669828e-06,5.260736422044199e-06,1.0000027777297686,1.000002795659204,1.0000027956592055,1.0000028269417693,1.0000028204057436,1.000002795659207,5.181581926273398e-06,5.194847023973822e-06,5.1834431794823804e-06,5.185645322128387e-06,1.0000027956592097,5.3537973540860524e-06,1.00000279565921,5.184192450935135e-06,5.1898761728402165e-06,1.0000027956592041,1.0000028343715925,1.0000027956592072,5.1767147236697245e-06,1.0000026278939655,5.181787117583984e-06,5.177060614144773e-06,1.0000027956592088,5.177422562077597e-06,5.18393346247622e-06,5.190250389532688e-06,5.176714723669727e-06,1.0000027956592092,5.2087934940438165e-06,1.0000028204057398,1.0000027956592092,5.1862779016881e-06,1.0000027956592077,5.185485418674568e-06,1.000002840645081,5.190250387432706e-06,5.180529709009185e-06,5.18545762014244e-06,1.0000027956592075,5.197407206466816e-06,5.1767147241467616e-06,1.0000027956592075,1.0000028135946422,1.0000027956592072,1.0000027956592075,1.000002840216249,5.181787117299513e-06
5.178103720085565e-06,4.661929306184806e-06,1.7514961634163073e-10,6.564347729982039e-17,6.064844334052808e-17,1.7514961351254038e-10,1.24207225153577e-13,6.065562873522141e-17,6.572050347204612e-17,1.7514961638922107e-10,6.067153119065428e-17,6.565391025151504e-17,1.751496163347048e-10,6.320766810210575e-17,6.071026458382784e-17,6.473211667288677e-17,1.7514962048727659e-10,7.230036004943601e-17,6.07108788330695e-17,6.072203841076989e-17,6.063855272825117e-17,7.542138373782821e-17,1.7514961316107762e-10,1.7514961631430006e-10,1.7514961638922107e-10,1.75149621515903e-10,1.7514962047043485e-10,1.7514961638922107e-10,6.148096864769302e-17,6.399104713903452e-17,1.2359682845856016e-13,6.193679822389593e-17,1.7514961631644404e-10,9.16566648278446e-17,1.7514961631644404e-10,1.2286191902584135e-13,1.2553074771489155e-13,1.7514961638922107e-10,1.751496229230265e-10,1.7514961632915137e-10,6.065632653617035e-17,3.4888194414270313e-07,1.2320664317300282e-13,6.070340019931947e-17,1.751496163347048e-10,1.211216074435837e-13,1.2390255618486424e-13,6.318968243487569e-17,6.062159829987393e-17,1.7514961628439518e-10,6.643426470490582e-17,1.7514962050917658e-10,1.7514961631430006e-10,1.2438231322509683e-13,1.7514961631805932e-10,1.2433251800390997e-13,1.75149623938631e-10,6.315027110439932e-17,1.2279003378179967e-13,1.2347237014278026e-13,1.7514961631805932e-10,1.2796966186781893e-13,6.066436829529228e-17,1.7514961635359244e-10,1.7514961929344974e-10,1.7514961629608865e-10,1.7514961638922107e-10,1.7514962378790743e-10,1.2320664313865546e-13
1.0000027956592072,1.7514961634163073e-10,1.000003511118511,1.886997085816293e-10,1.7445229463199313e-10,0.9999988330653856,1.7865045670586724e-10,1.7445229453043329e-10,1.8869970881880827e-10,0.999998849190014,1.7445229406273813e-10,1.8871079138792334e-10,0.9999988491900128,1.8126530924423108e-10,1.7464488684420789e-10,1.8595384608613594e-10,0.9999988739365435,2.0736835875637648e-10,1.746448870616023e-10,1.7464488678953251e-10,1.7445229437734583e-10,2.1663383527880503e-10,0.9999988312605794,0.9999988491900137,0.9999988491900147,0.9999988804725608,0.9999988739365429,0.9999988491900128,1.7689578979578494e-10,1.8355528448303122e-10,1.778302021516728e-10,1.7893574552930222e-10,0.9999988491900156,2.6335334786947583e-10,0.9999988491900147,1.7820635887886777e-10,1.8105975453394012e-10,0.9999988491900125,0.9999988879023803,0.9999988491900134,1.7445229408964337e-10,0.9999986814248321,1.769988032007734e-10,1.7462594206272052e-10,0.9999988491900147,1.748076517958116e-10,1.7807633687399407e-10,1.8124762540597297e-10,1.7445229431039086e-10,0.9999988491900148,1.9055685172722975e-10,0.9999988739365425,0.9999988491900141,1.7925332331146862e-10,0.9999988491900141,1.7885547100870674e-10,0.9999988941758731,1.8124762494652687e-10,1.7636754174221715e-10,1.7884151392254431e-10,0.9999988491900141,1.8484057960197085e-10,1.7445229440245412e-10,0.9999988491900137,0.9999988671254347,0.9999988491900141,0.9999988491900148,0.9999988937470402,1.7699880333367264e-10
5.205094250929353e-06,6.564347729982039e-17,1.886997085816293e-10,4.661929327222319e-06,1.3024812421089035e-13,1.886997057584174e-10,6.698307617575485e-17,1.3024812407082881e-13,1.4087814820515458e-13,1.8869970858955353e-10,1.302481237648002e-13,1.4089147100336266e-13,1.8869970853808545e-10,1.3534987534780077e-13,1.303956755961672e-13,6.983452020070366e-17,1.8869971326517801e-10,7.748093133627079e-17,1.3039567569106188e-13,1.3039567547148198e-13,1.3024812402502056e-13,8.141256395484324e-17,3.758725376952236e-07,1.8869970860324174e-10,1.8869970860538438e-10,1.886997145305051e-10,1.8869971326517801e-10,1.886997086270235e-10,6.638747145702679e-17,6.89539690968151e-17,6.683469730837952e-17,6.723108171056554e-17,1.8869970858735734e-10,1.9669401480156128e-13,1.8869970860538438e-10,6.683838112790472e-17,1.3517400417971168e-13,1.8869970857576723e-10,1.8869971573612855e-10,1.8869970857576723e-10,1.302481237906652e-13,3.7587248314482056e-07,6.653594846773491e-17,1.3038166853763463e-13,1.886997085892654e-10,6.55228234711912e-17,6.695513258931181e-17,1.3532027401584748e-13,1.3024812395387035e-13,1.8869970858955353e-10,7.151767597972647e-17,1.8869971318430632e-10,1.886997085892654e-10,6.73068462499816e-17,1.8869970861416505e-10,6.705350959325693e-17,1.8869971683188083e-10,1.3532027370979328e-13,6.618010547077532e-17,6.711910175923971e-17,1.8869970859928937e-10,6.942938030740348e-17,1.3024812403389412e-13,1.8869970859237748e-10,3.758725507275274e-07,1.8869970859667975e-10,1.8869970859237748e-10,1.8869971689828575e-10,6.662945627452186e-17
5.17671472405595e-06,6.064844334052808e-17,1.7445229463199313e-10,1.3024812421089035e-13,4.661929315801443e-06,1.7445229192003103e-10,6.205650133580174e-17,1.204062664090645e-13,1.3024812427494512e-13,1.7445229470508885e-10,1.2040626612580112e-13,1.3027175025046476e-13,1.744522946879655e-10,1.251272626339813e-13,1.205397108771978e-13,6.46095236152741e-17,1.7445229886578492e-10,7.190973391784515e-17,1.2053971096497896e-13,1.2053971076180898e-13,1.2040626636657795e-13,7.511425890637136e-17,1.7445229163969089e-10,1.7445229464951987e-10,1.7445229473213e-10,1.7445229998424837e-10,1.744522988575783e-10,1.744522946867065e-10,6.137116752396835e-17,6.358453766812296e-17,6.17369869415519e-17,6.212310497912782e-17,1.7445229467679953e-10,9.133855787015949e-17,1.7445229465438671e-10,6.173593192856948e-17,1.2497353543729412e-13,1.7445229465755978e-10,1.7445230122657442e-10,1.7445229463199313e-10,1.2040626614980624e-13,3.474929435004384e-07,6.139074900777057e-17,1.2053376560879934e-13,1.744522946867065e-10,6.061044852504509e-17,6.181423299804762e-17,1.2512356956756503e-13,1.2040626630071624e-13,1.744522946473834e-10,6.604863827347191e-17,1.7445229885511008e-10,1.744522946867065e-10,6.228312368759672e-17,1.7445229465985172e-10,6.213513788920232e-17,1.7445230231978784e-10,1.251235692842611e-13,6.114181626566765e-17,6.202403142517307e-17,1.7445229462372424e-10,6.410969930468946e-17,1.2040626637487927e-13,1.7445229468889703e-10,1.744522976702509e-10,1.7445229473213e-10,1.7445229459422517e-10,1.7445230219723623e-10,6.145071731209799e-17
1.000002779534583,1.7514961351254038e-10,0.9999988330653856,1.886997057584174e-10,1.7445229192003103e-10,1.0000034788692571,1.786504537562535e-10,1.744522917687341e-10,1.8869970596571905e-10,0.9999988330653876,1.744522913149531e-10,1.887107883131608e-10,0.9999988330653861,1.8126530640666704e-10,1.74644884253829e-10,3.704030326163289e-07,0.9999988578119168,4.130587801238673e-07,1.7464488427569083e-10,1.746448839612225e-10,1.7445229161274948e-10,4.315147608454018e-07,0.9999988151359536,0.999998833065388,0.9999988330653874,0.999998864347934,0.9999988578119177,0.9999988330653866,1.7689578671111964e-10,1.835552815439315e-10,1.7783019936341559e-10,1.7893574276611916e-10,0.9999988330653876,5.245757512164417e-07,0.9999988330653881,1.782063559513825e-10,1.8105975162965765e-10,0.9999988330653856,0.9999988717777553,0.9999988330653873,1.7445229139666134e-10,0.9999986653002076,1.769988005535236e-10,1.7462593922440437e-10,0.999998833065388,1.748076490605888e-10,1.780763340890365e-10,1.8124762256301914e-10,1.7445229151736093e-10,0.9999988330653881,3.7957179769920083e-07,0.9999988578119151,0.9999988330653883,1.7925332047007817e-10,0.9999988330653883,1.7885546793709352e-10,0.9999988780512494,1.8124762213249754e-10,1.763675391365965e-10,1.788415109209399e-10,0.9999988330653883,1.848405767359085e-10,1.7445229169991638e-10,0.999998833065387,0.9999988510008088,0.9999988330653883,0.9999988330653887,0.9999988776224146,1.769988006713459e-10
5.185077049330189e-06,1.24207225153577e-13,1.7865045670586724e-10,6.698307617575485e-17,6.205650133580174e-17,1.786504537562535e-10,4.6619293069025005e-06,6.202083436932488e-17,6.697023650105543e-17,1.7865045674952136e-10,6.202083436951538e-17,6.673179721516326e-17,1.7865045671548045e-10,6.433901059098919e-17,6.209542742212258e-17,6.641776545563115e-17,1.786504610732272e-10,7.380465789479521e-17,6.20700903719123e-17,6.219837527118706e-17,6.202083436932488e-17,7.70315141725958e-17,1.7865045257052805e-10,1.7865045666932472e-10,1.786504567298761e-10,1.7865046204825662e-10,1.786504610785905e-10,1.786504567226404e-10,6.401907070073013e-17,6.56219809769766e-17,6.376943754045184e-17,6.358536419933603e-17,1.7865045669410765e-10,9.386507718196652e-17,1.786504567614725e-10,6.550161606615798e-17,6.425075213644555e-17,1.786504567498168e-10,1.7865046339429768e-10,1.7865045671548045e-10,6.200634332811904e-17,3.55855296929717e-07,6.574430297718751e-17,6.207613723906605e-17,1.7865045671171484e-10,1.2421392490799938e-13,6.515208827270894e-17,6.407776822295439e-17,6.205650165779827e-17,1.7865045669410765e-10,6.798151042685226e-17,1.786504611029734e-10,1.7865045675462698e-10,6.357792603662175e-17,1.786504567177882e-10,1.1667066992596488e-13,1.7865046440308814e-10,6.403187128191387e-17,1.2631937702429792e-13,6.466630968450157e-17,1.786504567498168e-10,6.576568421852062e-17,6.202083436932485e-17,1.7865045671778944e-10,1.7865045971454533e-10,1.786504567614725e-10,1.7865045672779603e-10,1.7865046430900946e-10,6.578736757020687e-17
5.1767147244630835e-06,6.065562873522141e-17,1.7445229453043329e-10,1.3024812407082881e-13,1.204062664090645e-13,1.744522917687341e-10,6.202083436932488e-17,4.661929315801443e-06,1.3024812413488326e-13,1.7445229449133556e-10,1.204062659962528e-13,1.3027175011040063e-13,1.7445229456952713e-10,1.2512726249939991e-13,1.205397107475931e-13,6.460518736349309e-17,1.7445229873050088e-10,7.194051693626142e-17,1.2053971083537406e-13,1.2053971063220429e-13,1.2040626623702942e-13,7.51246105791631e-17,1.7445229154870154e-10,1.7445229460605026e-10,1.7445229448382564e-10,1.744522998268759e-10,1.7445229873216907e-10,1.7445229452000117e-10,6.133291265024034e-17,6.358453766812297e-17,6.175426756784156e-17,6.213974858174359e-17,1.7445229456583638e-10,9.126775222662008e-17,1.7445229454137753e-10,6.170523017600486e-17,1.2497353530275386e-13,1.744522945530782e-10,1.744523010638936e-10,1.744522945374622e-10,1.2040626602025776e-13,3.4749294322422686e-07,6.13499434347701e-17,1.2053376547921078e-13,1.7445229448382564e-10,6.054295148992109e-17,6.174568728386871e-17,1.2512356943298233e-13,1.204062661711679e-13,1.744522945530782e-10,6.604892271848158e-17,1.744522987271338e-10,1.7445229454137753e-10,6.216287230301334e-17,1.7445229456583638e-10,6.20872623107718e-17,1.7445230214016594e-10,1.251235691496783e-13,6.114878456566283e-17,6.18801242415159e-17,1.7445229459366582e-10,6.407209668222747e-17,1.2040626624533074e-13,1.744522945338408e-10,1.7445229753649893e-10,1.7445229446903107e-10,1.744522945789244e-10,1.744523020512114e-10,6.138789712607162e-17
5.205094250929352e-06,6.572050347204612e-17,1.8869970881880827e-10,1.4087814820515458e-13,1.3024812427494512e-13,1.8869970596571905e-10,6.697023650105543e-17,1.3024812413488326e-13,4.661929327222319e-06,1.8869970875838567e-10,1.3024812382885498e-13,1.408914710723997e-13,1.8869970884134364e-10,1.3534987541425532e-13,1.3039567565991298e-13,6.985857961109833e-17,1.8869971329047987e-10,7.748093133627079e-17,1.3039567575480762e-13,1.3039567553522777e-13,1.3024812408907536e-13,8.129762835998667e-17,3.7587253803125714e-07,1.8869970882296366e-10,1.8869970881079741e-10,1.8869971452980461e-10,1.886997133609452e-10,1.886997087970541e-10,6.631438766320016e-17,6.896801129349673e-17,6.676527361546111e-17,6.722032461384766e-17,1.8869970880254698e-10,1.9669401489377917e-13,1.8869970881079741e-10,6.68484384181773e-17,1.3517400424662801e-13,1.8869970879115668e-10,1.886997159512077e-10,1.8869970877370514e-10,1.3024812385472003e-13,3.7587248348085393e-07,6.659653801731874e-17,1.3038166860135372e-13,1.886997087829484e-10,6.544402062796741e-17,6.696395857065586e-17,1.3532027408236688e-13,1.3024812401792525e-13,1.8869970877126684e-10,7.147102184005129e-17,1.8869971332781226e-10,1.8869970878647357e-10,6.729912296745039e-17,1.8869970878647357e-10,6.705285947519612e-17,1.886997170493111e-10,1.3532027377631273e-13,6.623031419783053e-17,6.711403665075701e-17,1.8869970878647357e-10,6.942347624691478e-17,1.3024812409794874e-13,1.886997087829484e-10,3.758725510635608e-07,1.8869970881079741e-10,1.8869970883136968e-10,1.8869971698053643e-10,6.653690204687378e-17
1.0000027956592095,1.7514961638922107e-10,0.999998849190014,1.8869970858955353e-10,1.7445229470508885e-10,0.9999988330653876,1.7865045674952136e-10,1.7445229449133556e-10,1.8869970875838567e-10,1.0000035111185066,1.744522940408429e-10,1.887107913883784e-10,0.9999988491900147,1.8126530920399144e-10,1.7464488691906647e-10,1.8595384607940975e-10,0.9999988739365447,2.0736835877212174e-10,1.7464488701073023e-10,1.7464488678953251e-10,1.7445229428105035e-10,2.1663383527880503e-10,0.9999988312605804,0.9999988491900147,0.9999988491900156,0.9999988804725616,0.9999988739365442,0.9999988491900137,1.7689578979656092e-10,1.8355528446320685e-10,1.7783020210318152e-10,1.7893574552931703e-10,0.9999988491900164,2.6335334796176737e-10,0.9999988491900167,1.782063588457656e-10,1.8105975453475463e-10,0.9999988491900141,0.9999988879023833,0.9999988491900147,1.7445229407691675e-10,0.9999986814248324,1.769988032765733e-10,1.7462594204924663e-10,0.9999988491900164,1.7480765184888946e-10,1.7807633687341975e-10,1.812476253963144e-10,1.744522942988068e-10,0.999998849190016,1.905568517401251e-10,0.9999988739365432,0.9999988491900144,1.7925332332644912e-10,0.999998849190016,1.788554709407188e-10,0.9999988941758763,1.812476249338937e-10,1.763675417832468e-10,1.7884151389855913e-10,0.9999988491900148,1.8484057973020815e-10,1.744522944419434e-10,0.9999988491900147,0.9999988671254361,0.999998849190016,0.9999988491900147,0.9999988937470413,1.7699880336218547e-10
5.176714723765226e-06,6.067153119065428e-17,1.7445229406273813e-10,1.302481237648002e-13,1.2040626612580112e-13,1.744522913149531e-10,6.202083436951538e-17,1.204062659962528e-13,1.3024812382885498e-13,1.744522940408429e-10,4.661929315801443e-06,1.3027174980440214e-13,1.7445229406672744e-10,1.251272622052395e-13,1.2053971046462342e-13,6.46102370729416e-17,1.744522982796802e-10,7.190445656534721e-17,1.2053971055240425e-13,1.205397103492345e-13,1.2040626595376615e-13,7.510939574972374e-17,1.7445229101783767e-10,1.7445229402840827e-10,1.7445229406672744e-10,1.744522993494223e-10,1.7445229827260505e-10,1.7445229406025793e-10,6.131625257249606e-17,6.362089900571544e-17,6.170759033471444e-17,6.214314411647853e-17,1.744522940088099e-10,9.124067269306457e-17,1.744522940658499e-10,6.171555742200487e-17,1.2497353500807844e-13,1.7445229405064343e-10,1.7445230063077388e-10,1.744522940781509e-10,1.2040626573699445e-13,3.4749294229508603e-07,6.138842331444408e-17,1.205337651963009e-13,1.7445229402840827e-10,6.055275175634937e-17,6.175811915140102e-17,1.2512356913873792e-13,1.204062658879044e-13,1.7445229401571118e-10,6.611197108992385e-17,1.7445229827117893e-10,1.7445229410881579e-10,6.216575703005181e-17,1.7445229406273813e-10,6.223955723713652e-17,1.744523017147859e-10,1.2512356885543394e-13,6.114181626566765e-17,6.188012424201505e-17,1.7445229406025793e-10,6.407576785544972e-17,1.204062659620675e-13,1.7445229405307118e-10,1.7445229707637868e-10,1.7445229404440277e-10,1.7445229406025793e-10,1.7445230159304678e-10,6.146285256101765e-17
5.205116322335812e-06,6.565391025151504e-17,1.8871079138792334e-10,1.4089147100336266e-13,1.3027175025046476e-13,1.887107883131608e-10,6.673179721516326e-17,1.3027175011040063e-13,1.408914710723997e-13,1.887107913883784e-10,1.3027174980440214e-13,4.661929327176764e-06,1.887107913385047e-10,1.3531422519099827e-13,1.3043670461489025e-13,6.984664717717471e-17,1.8871079602753845e-10,7.769369310761628e-17,1.3043670470978373e-13,1.304367044902102e-13,1.3027175006461362e-13,8.151361165230208e-17,3.758946133618344e-07,1.8871079133237563e-10,1.8871079138792334e-10,1.8871079718671328e-10,1.8871079600206292e-10,1.887107914009711e-10,6.639222337338174e-17,6.890854678575287e-17,6.676949188708382e-17,6.714729909260923e-17,1.8871079133558538e-10,1.967264153982276e-13,1.8871079136398083e-10,6.724913808318213e-17,1.3515334178197664e-13,1.8871079137703074e-10,1.887107982639916e-10,1.8871079134869492e-10,1.3027174983025577e-13,3.758945589069962e-07,6.646516457312806e-17,1.3040005706192368e-13,1.8871079137703074e-10,6.568133080019095e-17,6.690038349844237e-17,1.3525632200994436e-13,1.302717499934702e-13,1.8871079138815353e-10,7.149034157472252e-17,1.8871079591279834e-10,1.8871079133377282e-10,6.732012547588598e-17,1.8871079134869492e-10,6.683635099076608e-17,1.8871079955828176e-10,1.3525632170391886e-13,6.614860090179556e-17,6.739797898444236e-17,1.8871079134829589e-10,1.383401774990701e-13,1.3027175007347075e-13,1.8871079134829589e-10,3.7589462654387304e-07,1.8871079138317204e-10,1.887107913053706e-10,1.887107995528323e-10,6.650260499022658e-17
1.0000027956592072,1.751496163347048e-10,0.9999988491900128,1.8869970853808545e-10,1.744522946879655e-10,0.9999988330653861,1.7865045671548045e-10,1.7445229456952713e-10,1.8869970884134364e-10,0.9999988491900147,1.7445229406672744e-10,1.887107913385047e-10,1.0000035111185055,1.812653092829878e-10,1.7464488692556495e-10,1.8595384607769172e-10,0.9999988739365449,2.0736835876009456e-10,1.7464488708421238e-10,1.746448868072495e-10,1.7445229428105035e-10,2.1663383530894175e-10,0.9999988312605804,0.999998849190015,0.9999988491900137,0.9999988804725612,0.9999988739365447,0.9999988491900137,1.7689578979554816e-10,1.8355528447911097e-10,1.7783020215045091e-10,1.7893574559924238e-10,0.9999988491900156,2.6335334790326823e-10,0.9999988491900156,1.7820635893307946e-10,1.8105975453475463e-10,0.999998849190015,0.9999988879023832,0.9999988491900144,1.7445229407691675e-10,0.9999986814248333,1.7699880321506538e-10,1.7462594207058393e-10,0.999998849190015,1.7480765179968211e-10,1.7807633686289894e-10,1.812476254070359e-10,1.7445229424492603e-10,0.9999988491900156,1.9055685172440467e-10,0.9999988739365434,0.9999988491900154,1.792533233411634e-10,0.999998849190015,1.7885547092626305e-10,0.9999988941758757,1.8124762498839015e-10,1.7636754182552786e-10,1.78841513856199e-10,0.999998849190015,1.8484057971649266e-10,1.7445229449904703e-10,0.9999988491900147,0.9999988671254352,0.9999988491900162,0.9999988491900154,0.9999988937470413,1.7699880336218547e-10
5.190285614424876e-06,6.320766810210575e-17,1.8126530924423108e-10,1.3534987534780077e-13,1.251272626339813e-13,1.8126530640666704e-10,6.433901059098919e-17,1.2512726249939991e-13,1.3534987541425532e-13,1.8126530920399144e-10,1.251272622052395e-13,1.3531422519099827e-13,1.812653092829878e-10,4.661929318766702e-06,1.2528649863041227e-13,6.701869209905964e-17,1.8126531360475538e-10,7.471330272757621e-17,1.252864987215971e-13,1.2528649851056893e-13,1.2512726245532644e-13,7.806426011418631e-17,3.6106389500071185e-07,1.8126530933784844e-10,1.8126530931171418e-10,1.8126531475221893e-10,1.8126531359377218e-10,1.8126530930071033e-10,6.366862900160294e-17,6.618755618307785e-17,6.406730650203241e-17,6.439068993090267e-17,1.8126530931171418e-10,9.491234244547298e-17,1.812653092684338e-10,1.2858574577181668e-13,1.298233664782999e-13,1.812653092684338e-10,1.812653160700435e-10,1.8126530927483816e-10,1.251272622301371e-13,3.610638426069511e-07,6.364693330068117e-17,1.2525607461381704e-13,1.8126530933784844e-10,6.312101726069154e-17,6.409809738575362e-17,1.2993476093289775e-13,1.2512726238693203e-13,1.812653093106469e-10,6.865838581641971e-17,1.812653135796813e-10,1.8126530931171418e-10,6.461030766270976e-17,1.812653092684338e-10,6.44440402076587e-17,1.8126531714466356e-10,1.2993476063869858e-13,6.338317654507023e-17,6.442011789652817e-17,1.8126530927483816e-10,1.3296928512307508e-13,1.2512726246390042e-13,1.8126530929983153e-10,1.8126531242187219e-10,1.8126530930071033e-10,1.8126530933784844e-10,1.8126531707888919e-10,6.366463907833046e-17
5.177098347173937e-06,6.071026458382784e-17,1.7464488684420789e-10,1.303956755961672e-13,1.205397108771978e-13,1.74644884253829e-10,6.209542742212258e-17,1.205397107475931e-13,1.3039567565991298e-13,1.7464488691906647e-10,1.2053971046462342e-13,1.3043670461489025e-13,1.7464488692556495e-10,1.2528649863041227e-13,4.661929316166435e-06,6.462265894202921e-17,1.7464489108591518e-10,7.19227349661342e-17,1.206676696676662e-13,1.2066766946453551e-13,1.2053971070534065e-13,7.511626911073741e-17,1.746448839411079e-10,1.7464488691906647e-10,1.746448869118663e-10,1.7464489236579044e-10,1.7464489107832102e-10,1.7464488687426254e-10,6.136371044473485e-17,6.357283670997873e-17,6.180001473032983e-17,6.221184685868545e-17,1.7464488689552082e-10,1.8203008092048208e-13,1.7464488688909973e-10,6.172496868197323e-17,1.2512548910427274e-13,1.746448869252855e-10,1.7464489346078686e-10,1.746448869252855e-10,1.205397104884897e-13,3.4787656954473505e-07,6.149197949637764e-17,1.2066906279106662e-13,1.746448868672661e-10,6.06441473277957e-17,6.185565866247659e-17,1.2529031538457458e-13,1.205397106395481e-13,1.7464488692702493e-10,6.608696012221325e-17,1.7464489106500488e-10,1.7464488687140274e-10,6.229259957912427e-17,1.746448869252855e-10,6.237391021761939e-17,1.7464489454993922e-10,1.2529031510156367e-13,6.120748460261164e-17,6.197923906839e-17,1.7464488688909973e-10,6.406881139288406e-17,1.205397107134511e-13,1.746448869284885e-10,1.7464488968128594e-10,1.746448868672661e-10,1.746448869045328e-10,1.7464489434785837e-10,6.147546028739621e-17
5.199624721951821e-06,6.473211667288677e-17,1.8595384608613594e-10,6.983452020070366e-17,6.46095236152741e-17,3.704030326163289e-07,6.641776545563115e-17,6.460518736349309e-17,6.985857961109833e-17,1.8595384607940975e-10,6.46102370729416e-17,6.984664717717471e-17,1.8595384607769172e-10,6.701869209905964e-17,6.462265894202921e-17,4.661929330601206e-06,1.859538507380081e-10,7.722952931174588e-17,6.46023597209397e-17,6.47289607501246e-17,6.458990182495163e-17,8.019369350657491e-17,1.8595384278359016e-10,1.8595384607058368e-10,1.859538460388099e-10,1.859538518709842e-10,1.8595385076253156e-10,1.85953846077715e-10,6.520231288324466e-17,6.770999309537435e-17,6.598885205184857e-17,6.617169081265342e-17,1.8595384607237592e-10,1.9413138016804497e-13,1.8595384607709124e-10,6.713630975801894e-17,6.690563086753537e-17,1.8595384604604503e-10,1.8595385333038962e-10,1.8595384607895767e-10,6.459794972902356e-17,3.7040297745013674e-07,6.512703195592319e-17,6.45493115904639e-17,1.8595384605540024e-10,6.478577649634615e-17,6.526390991531368e-17,6.701356361923158e-17,6.461165507202297e-17,1.8595384608552427e-10,1.4018864663614416e-13,1.8595385071614656e-10,1.8595384608788866e-10,6.602850194802579e-17,1.8595384607086335e-10,6.682858301386663e-17,1.8595385427761394e-10,6.700071008350433e-17,6.532450422917187e-17,6.723168037180848e-17,1.8595384604199627e-10,6.858130478278086e-17,6.458911569305463e-17,1.8595384608005614e-10,1.8595384958672868e-10,1.8595384606754953e-10,1.8595384607685568e-10,1.859538543912856e-10,6.512703195592319e-17
1.0000028204057456,1.7514962048727659e-10,0.9999988739365435,1.8869971326517801e-10,1.7445229886578492e-10,0.9999988578119168,1.786504610732272e-10,1.7445229873050088e-10,1.8869971329047987e-10,0.9999988739365447,1.744522982796802e-10,1.8871079602753845e-10,0.9999988739365449,1.8126531360475538e-10,1.7464489108591518e-10,1.859538507380081e-10,1.0000035606115631,2.0736836379777325e-10,1.7464489119321547e-10,1.746448910749873e-10,1.7445229856053248e-10,2.1663384054681392e-10,0.9999988560071095,0.9999988739365447,0.9999988739365444,0.999998905219092,0.9999988986830758,0.9999988739365449,1.768957940974177e-10,1.835552889409934e-10,1.7783020652322707e-10,1.7893574997051692e-10,0.9999988739365457,5.245757721258586e-07,0.9999988739365461,1.7820636304830114e-10,1.8105975889731637e-10,0.9999988739365447,0.9999989126489139,0.9999988739365442,1.744522983596758e-10,0.9999987061713598,1.7699880765456942e-10,1.7462594624360606e-10,0.9999988739365454,1.7480765594604852e-10,1.7807634123642406e-10,1.812476298171033e-10,1.7445229849508062e-10,0.9999988739365455,1.905568563398968e-10,0.9999988986830748,0.9999988739365457,1.7925332761749417e-10,0.9999988739365451,1.788554753148844e-10,0.999998918922407,1.812476293713769e-10,1.763675461334478e-10,1.788415181361896e-10,0.9999988739365455,1.8484058411067214e-10,1.7445229866637342e-10,0.9999988739365447,0.9999988918719659,0.9999988739365455,0.9999988739365447,0.9999989184935723,1.7699880774951642e-10
5.24228045200697e-06,7.230036004943601e-17,2.0736835875637648e-10,7.748093133627079e-17,7.190973391784515e-17,4.130587801238673e-07,7.380465789479521e-17,7.194051693626142e-17,7.748093133627079e-17,2.0736835877212174e-10,7.190445656534721e-17,7.769369310761628e-17,2.0736835876009456e-10,7.471330272757621e-17,7.19227349661342e-17,7.722952931174588e-17,2.0736836379777325e-10,4.661929363722197e-06,7.197529397417132e-17,7.193199519893921e-17,7.191878312355283e-17,1.780380869920113e-13,2.0736835519711628e-10,2.073683587885835e-10,2.073683587600945e-10,4.1305879922605584e-07,2.0736836373913039e-10,2.073683587400515e-10,1.4542784288476318e-13,1.5089184226823105e-13,7.324999718438642e-17,7.405181054985152e-17,2.0736835875559413e-10,2.1629965915048698e-13,2.0736835874160991e-10,7.303974607396819e-17,7.46159513382949e-17,2.0736835873428647e-10,2.073683667010958e-10,2.0736835876009456e-10,7.190974640716917e-17,4.130587191691153e-07,7.275102559203355e-17,7.19898634896343e-17,2.073683587661436e-10,7.205340267959958e-17,7.329616527853339e-17,7.475326682552853e-17,7.190974640716917e-17,2.0736835874160991e-10,1.5658090702742398e-13,2.0736836377147493e-10,2.0736835874161056e-10,7.414165975722997e-17,2.0736835875559413e-10,7.362449039021516e-17,4.130588047967406e-07,7.472136976274599e-17,7.262824216688007e-17,7.438014402840001e-17,2.0736835878667807e-10,7.620484602123534e-17,7.191324457711193e-17,2.073683587648042e-10,4.130587938506426e-07,2.0736835873934982e-10,2.0736835876016205e-10,2.073683675085627e-10,7.270580483569514e-17
5.177098347173866e-06,6.07108788330695e-17,1.746448870616023e-10,1.3039567569106188e-13,1.2053971096497896e-13,1.7464488427569083e-10,6.20700903719123e-17,1.2053971083537406e-13,1.3039567575480762e-13,1.7464488701073023e-10,1.2053971055240425e-13,1.3043670470978373e-13,1.7464488708421238e-10,1.252864987215971e-13,1.206676696676662e-13,6.46023597209397e-17,1.7464489119321547e-10,7.197529397417132e-17,4.661929316166435e-06,1.2066766955232392e-13,1.205397107931217e-13,7.50228512969074e-17,1.7464488411561566e-10,1.7464488710814977e-10,1.7464488705781614e-10,1.7464489230946446e-10,1.7464489130168954e-10,1.7464488709251833e-10,6.140323809073916e-17,6.364761099214814e-17,6.180001473032983e-17,6.220535333267024e-17,1.7464488707328532e-10,1.8203008105194503e-13,1.7464488702284506e-10,6.168316281265523e-17,1.2512548919547876e-13,1.7464488708131856e-10,1.74644893635405e-10,1.7464488701073023e-10,1.2053971057627051e-13,3.47876569806601e-07,6.144694081192482e-17,1.2066906287884114e-13,1.7464488701073023e-10,6.061784055565728e-17,6.192986768004089e-17,1.2529031547576695e-13,1.205397107273289e-13,1.7464488710814977e-10,6.604612420292348e-17,1.746448912743653e-10,1.7464488706997562e-10,6.226119191591558e-17,1.746448870572308e-10,6.232793137386192e-17,1.746448946877764e-10,1.2529031519275574e-13,6.120748460261164e-17,6.195356978621815e-17,1.7464488708131856e-10,6.411442316074546e-17,1.2053971080123216e-13,1.7464488701121439e-10,1.746448900204395e-10,1.7464488703050762e-10,1.7464488706134905e-10,1.7464489442418962e-10,6.145651089720143e-17
5.177098347996742e-06,6.072203841076989e-17,1.7464488678953251e-10,1.3039567547148198e-13,1.2053971076180898e-13,1.746448839612225e-10,6.219837527118706e-17,1.2053971063220429e-13,1.3039567553522777e-13,1.7464488678953251e-10,1.205397103492345e-13,1.304367044902102e-13,1.746448868072495e-10,1.2528649851056893e-13,1.2066766946453551e-13,6.47289607501246e-17,1.746448910749873e-10,7.193199519893921e-17,1.2066766955232392e-13,4.661929316166435e-06,1.2053971058995194e-13,7.514062346947405e-17,1.7464488383325916e-10,1.7464488681726687e-10,1.7464488679122312e-10,1.7464489213952602e-10,1.746448910049196e-10,1.7464488679807052e-10,6.143664315372078e-17,6.364761099214814e-17,6.178825906656668e-17,6.22165838203109e-17,1.7464488680531846e-10,1.820300807482965e-13,1.746448868072495e-10,6.173015804935025e-17,1.2512548898433672e-13,1.7464488679842944e-10,1.746448933046471e-10,1.7464488675629785e-10,1.2053971037310069e-13,3.478765693542028e-07,6.148222959848927e-17,1.206690626757419e-13,1.7464488679807052e-10,6.063038863709466e-17,6.19134555582933e-17,1.2529031526471318e-13,1.205397105241591e-13,1.746448867652049e-10,6.612794889086052e-17,1.746448909829455e-10,1.7464488677148496e-10,6.2333208422477e-17,1.7464488678953251e-10,6.237391021761939e-17,1.7464489445684314e-10,1.252903149817019e-13,6.13555880470231e-17,6.194435686486653e-17,1.7464488683420487e-10,6.41205230719371e-17,1.205397105980622e-13,1.7464488682092495e-10,1.7464488955495168e-10,1.746448868072495e-10,1.7464488675629785e-10,1.7464489438045094e-10,6.147508548739601e-17
5.176714723669828e-06,6.063855272825117e-17,1.7445229437734583e-10,1.3024812402502056e-13,1.2040626636657795e-13,1.7445229161274948e-10,6.202083436932488e-17,1.2040626623702942e-13,1.3024812408907536e-13,1.7445229428105035e-10,1.2040626595376615e-13,1.3027175006461362e-13,1.7445229428105035e-10,1.2512726245532644e-13,1.2053971070534065e-13,6.458990182495163e-17,1.7445229856053248e-10,7.191878312355283e-17,1.205397107931217e-13,1.2053971058995194e-13,4.661929315801443e-06,7.512117397852604e-17,1.744522913657963e-10,1.744522943435393e-10,1.7445229434832286e-10,1.744522996195732e-10,1.7445229858559137e-10,1.744522943407745e-10,6.130602253230716e-17,6.361538462317129e-17,6.174392699027903e-17,6.218070395880999e-17,1.744522943887302e-10,9.124067269306457e-17,1.7445229431942928e-10,6.17716879454339e-17,1.2497353525832132e-13,1.744522943502602e-10,1.7445230093300755e-10,1.7445229439406773e-10,1.2040626597777125e-13,3.4749294288726344e-07,6.149715543873185e-17,1.205337654369801e-13,1.744522943730027e-10,6.05799040038413e-17,6.178325216193718e-17,1.251235693888581e-13,1.2040626612868123e-13,1.744522943887302e-10,6.605377603700532e-17,1.7445229857875483e-10,1.744522943502602e-10,6.216575703005181e-17,1.744522943741708e-10,6.208898629778464e-17,1.744523019912021e-10,1.25123569105554e-13,6.113905968930185e-17,6.195398829848464e-17,1.7445229428692915e-10,6.407209668222747e-17,1.204062662028442e-13,1.7445229434202444e-10,1.7445229736807707e-10,1.744522943887302e-10,1.744522943504579e-10,1.7445230186257314e-10,6.139172010071055e-17
5.260736422044199e-06,7.542138373782821e-17,2.1663383527880503e-10,8.141256395484324e-17,7.511425890637136e-17,4.315147608454018e-07,7.70315141725958e-17,7.51246105791631e-17,8.129762835998667e-17,2.1663383527880503e-10,7.510939574972374e-17,8.151361165230208e-17,2.1663383530894175e-10,7.806426011418631e-17,7.511626911073741e-17,8.019369350657491e-17,2.1663384054681392e-10,1.780380869920113e-13,7.50228512969074e-17,7.514062346947405e-17,7.512117397852604e-17,4.6619293791713405e-06,2.1663383164374346e-10,2.1663383526246767e-10,2.1663383530448464e-10,4.315147807824439e-07,2.1663384057390564e-10,2.1663383530161844e-10,1.5194083851461021e-13,1.5764601397889835e-13,7.666203790045217e-17,7.705448060242489e-17,2.1663383532745447e-10,2.2595708460891388e-13,2.1663383530717942e-10,7.687640293319017e-17,7.79813294648598e-17,2.166338353028486e-10,4.3151478395568744e-07,2.1663383526375306e-10,7.512537640828468e-17,4.315146971903005e-07,7.636298824091689e-17,7.52615593752732e-17,2.166338352782238e-10,7.52711094413997e-17,7.667680012842644e-17,7.808000269121017e-17,7.511416797862536e-17,2.166338353348583e-10,1.63626182556259e-13,2.1663384045190782e-10,2.166338353292888e-10,7.685452664105455e-17,2.1663383528509307e-10,7.75550739504098e-17,2.1663384484133735e-10,7.809956679475157e-17,7.602201579965659e-17,7.683824378409972e-17,2.1663383530874736e-10,7.948032271160482e-17,7.510916435410827e-17,2.166338353364501e-10,4.31514775161685e-07,2.1663383530400235e-10,2.1663383529895003e-10,4.315147864116689e-07,7.630506143897935e-17
1.0000027777297686,1.7514961316107762e-10,0.9999988312605794,3.758725376952236e-07,1.7445229163969089e-10,0.9999988151359536,1.7865045257052805e-10,1.7445229154870154e-10,3.7587253803125714e-07,0.9999988312605804,1.7445229101783767e-10,3.758946133618344e-07,0.9999988312605804,3.6106389500071185e-07,1.746448839411079e-10,1.8595384278359016e-10,0.9999988560071095,2.0736835519711628e-10,1.7464488411561566e-10,1.7464488383325916e-10,1.744522913657963e-10,2.1663383164374346e-10,1.0000034752596412,0.999998831260581,0.9999988312605804,0.9999988625431271,0.9999988560071095,0.99999883126058,1.7689578673478362e-10,1.8355528131431785e-10,1.778301993157159e-10,1.7893574246790804e-10,0.9999988312605818,5.24575750440448e-07,0.9999988312605806,1.7820635647861848e-10,3.6065444872080257e-07,0.9999988312605804,0.999998869972947,0.9999988312605806,1.744522911109683e-10,0.9999986634953993,1.7699880053455124e-10,1.7462593903651667e-10,0.9999988312605804,1.7480764907374397e-10,1.780763339807098e-10,3.610286702795669e-07,1.7445229117969919e-10,0.9999988312605806,1.9055684836582564e-10,0.9999988560071081,0.9999988312605823,1.792533200972782e-10,0.9999988312605813,1.7885546688816833e-10,0.9999988762464427,3.6102866947687e-07,1.7636753874415432e-10,1.7884151121176204e-10,0.9999988312605825,3.6818550729115447e-07,1.744522913870054e-10,0.9999988312605804,0.9999988491960006,0.9999988312605823,0.9999988312605813,0.9999988758176065,1.7699880064741544e-10
1.000002795659204,1.7514961631430006e-10,0.9999988491900137,1.8869970860324174e-10,1.7445229464951987e-10,0.999998833065388,1.7865045666932472e-10,1.7445229460605026e-10,1.8869970882296366e-10,0.9999988491900147,1.7445229402840827e-10,1.8871079133237563e-10,0.999998849190015,1.8126530933784844e-10,1.7464488691906647e-10,1.8595384607058368e-10,0.9999988739365447,2.073683587885835e-10,1.7464488710814977e-10,1.7464488681726687e-10,1.744522943435393e-10,2.1663383526246767e-10,0.999998831260581,1.000003511118512,0.9999988491900156,0.9999988804725616,0.9999988739365447,0.9999988491900134,1.7689578979532684e-10,1.8355528447953343e-10,1.7783020216969917e-10,1.789357455628735e-10,0.999998849190016,2.6335334794135307e-10,0.9999988491900156,1.782063588705453e-10,1.810597544978901e-10,0.9999988491900141,0.9999988879023833,0.9999988491900147,1.744522940940668e-10,0.999998681424833,1.76998803280735e-10,1.746259420653859e-10,0.9999988491900154,1.7480765181288084e-10,1.7807633688644335e-10,1.8124762538158613e-10,1.7445229424492603e-10,0.9999988491900154,1.9055685172533031e-10,0.9999988739365435,0.9999988491900148,1.7925332333969354e-10,0.999998849190015,1.7885547092452361e-10,0.9999988941758757,1.8124762494900516e-10,1.763675417832468e-10,1.7884151392429915e-10,0.9999988491900147,1.8484057971649266e-10,1.7445229439525988e-10,0.9999988491900147,0.9999988671254347,0.999998849190015,0.9999988491900147,0.9999988937470413,1.7699880340623897e-10
1.0000027956592055,1.7514961638922107e-10,0.9999988491900147,1.8869970860538438e-10,1.7445229473213e-10,0.9999988330653874,1.786504567298761e-10,1.7445229448382564e-10,1.8869970881079741e-10,0.9999988491900156,1.7445229406672744e-10,1.8871079138792334e-10,0.9999988491900137,1.8126530931171418e-10,1.746448869118663e-10,1.859538460388099e-10,0.9999988739365444,2.073683587600945e-10,1.7464488705781614e-10,1.7464488679122312e-10,1.7445229434832286e-10,2.1663383530448464e-10,0.9999988312605804,0.9999988491900156,1.000003511118506,0.9999988804725616,0.9999988739365437,0.9999988491900141,1.7689578979465902e-10,1.835552844657269e-10,1.7783020214292724e-10,1.7893574556007412e-10,0.999998849190017,2.6335334796176737e-10,0.9999988491900156,1.7820635883505729e-10,1.8105975454952885e-10,0.9999988491900141,0.9999988879023826,0.999998849190015,1.7445229408972172e-10,0.9999986814248337,1.7699880329593286e-10,1.7462594204924663e-10,0.999998849190016,1.7480765178031725e-10,1.7807633687730502e-10,1.8124762538953596e-10,1.7445229431039086e-10,0.9999988491900156,1.9055685172935537e-10,0.9999988739365429,0.9999988491900156,1.792533233109027e-10,0.999998849190016,1.7885547088992735e-10,0.9999988941758753,1.8124762492723206e-10,1.7636754174783556e-10,1.7884151384732232e-10,0.9999988491900154,1.8484057971649266e-10,1.7445229440488686e-10,0.9999988491900147,0.9999988671254352,0.9999988491900156,0.9999988491900164,0.9999988937470422,1.7699880333833328e-10
1.0000028269417693,1.75149621515903e-10,0.9999988804725608,1.886997145305051e-10,1.7445229998424837e-10,0.999998864347934,1.7865046204825662e-10,1.744522998268759e-10,1.8869971452980461e-10,0.9999988804725616,1.744522993494223e-10,1.8871079718671328e-10,0.9999988804725612,1.8126531475221893e-10,1.7464489236579044e-10,1.859538518709842e-10,0.999998905219092,4.1305879922605584e-07,1.7464489230946446e-10,1.7464489213952602e-10,1.744522996195732e-10,4.315147807824439e-07,0.9999988625431271,0.9999988804725616,0.9999988804725616,1.0000035736836026,0.9999989052190915,0.9999988804725602,1.7689579537825565e-10,1.8355528969637942e-10,1.7783020767420174e-10,1.78935751115992e-10,0.9999988804725635,5.245757753882375e-07,0.9999988804725616,1.7820636402490614e-10,1.810597599763386e-10,0.9999988804725616,0.9999989191849304,0.9999988804725616,1.7445229939758983e-10,0.9999987127073755,1.7699880884659084e-10,1.7462594731225335e-10,0.9999988804725616,1.7480765710856888e-10,1.7807634247602167e-10,1.8124763090711145e-10,1.7445229955275607e-10,0.9999988804725625,1.9055685775953267e-10,0.9999989052190903,0.9999988804725621,1.7925332880913278e-10,0.9999988804725628,1.7885547630612583e-10,0.9999989254584251,1.8124763051251683e-10,1.7636754731010013e-10,1.788415191111787e-10,0.9999988804725621,1.8484058523672275e-10,1.744522997291679e-10,0.9999988804725616,0.9999988984079826,0.9999988804725621,0.9999988804725628,0.9999989250295874,1.7699880906762482e-10
