0.9999999993856211,7.919690091404625e-07,6.691024226095147e-07,7.00882573172818e-07,0.9999897643881313,6.771468809782927e-07,0.9999898724032906,0.9999897643881317,0.9999897643881283,6.67471035744941e-07,6.48021830512701e-07,0.9999897643881321,7.261473160475282e-07,0.9999897643881305,7.773250777332798e-07,6.656987311368297e-07,6.66131125765214e-07,6.047662604692502e-07,6.839338792202795e-07,0.9999897643881317,6.299116850046294e-07,6.74010483460822e-07,7.773250841933153e-07,0.9999897643881331,6.70385421385909e-07,6.848234969047476e-07,6.740104832620566e-07,0.9999897643881305,6.704536842735043e-07,0.9999897643881298,6.656987263015754e-07,7.00755468900726e-07,0.9999897643881337,6.557651162676857e-07,0.9999897643881283,0.9999897718061742,0.9999897643881337,0.9999897643881317,0.9999897643881336,6.347278141566645e-07,0.9999897643881301
7.919690091404625e-07,5.097788530571204e-06,1.28779697164155e-07,6.576602033903706e-07,4.4173561410716624e-11,1.6626322408885837e-07,2.141611685595545e-07,4.417356141073254e-11,4.417356141073254e-11,-2.472379413925325e-10,-5.851203123167452e-10,4.417356141074611e-11,2.8758530002470286e-10,4.417356141975691e-11,2.0041088658792175e-06,7.397488596430758e-08,-2.4013980210934075e-10,-1.0221139977051296e-09,3.5183188057599467e-07,4.4173561410716624e-11,-1.0687088223946645e-06,1.2643910944070048e-07,2.004108865879219e-06,4.4173561404918347e-11,1.1316207964918093e-07,-4.697358370311e-11,1.2643910944070043e-07,4.4173561404918347e-11,-1.648159407440067e-10,4.4173561404918347e-11,7.39748859643071e-08,4.362541870562574e-07,4.417356141074611e-11,-5.248494586203188e-07,4.4173561369591343e-11,1.598555903607536e-10,4.4173561411374575e-11,4.4173561411354135e-11,4.417356141975691e-11,-5.426148944068831e-10,4.4173561411374575e-11
6.691024226095147e-07,1.28779697164155e-07,2.894597688516996e-06,3.780205959074029e-08,4.237834818255141e-11,9.447092804164242e-09,9.129475141731854e-08,4.237834815115634e-11,4.237834815115634e-11,-1.423221069142196e-11,-6.727805701168924e-08,4.237834815115634e-11,3.314258204403874e-08,4.237834811921886e-11,1.1659538550161842e-07,4.088886202056919e-09,-2.848925112678571e-08,-1.1716535375335044e-07,2.0170493155569677e-08,4.237834820318602e-11,-6.251834586627045e-08,7.137936710258433e-09,1.16595385501619e-07,4.237834821186719e-11,6.352678771853374e-09,-6.683941439687402e-09,7.137936710258235e-09,4.237834818255141e-11,-9.579279528115042e-12,4.237834817052432e-11,4.088886202057162e-09,2.634766728409587e-08,4.237834821186719e-11,-3.158169225253734e-08,4.237834826855597e-11,4.91251097039905e-11,4.237834822391372e-11,4.237834815115634e-11,4.2378348158825337e-11,-6.312868344682375e-08,4.237834821186719e-11
7.00882573172818e-07,6.576602033903706e-07,3.780205959074029e-08,3.0819583279715434e-06,4.326925733965376e-11,4.8974825473515764e-08,1.2307480932302854e-07,4.326925733410867e-11,4.3269257382449464e-11,-1.4537533831991426e-07,-3.448513286528918e-07,4.3269257382449464e-11,1.696491144233734e-07,4.326925733195e-11,5.959337578577084e-07,2.155488452806563e-08,-1.4333633766506114e-07,-3.0297573196386866e-10,1.0400532175500062e-07,4.3269257379529045e-11,-3.184922621358251e-07,3.714880651523591e-08,5.959337578577092e-07,4.3269257301389234e-11,3.3174417465321626e-08,-3.032405788661859e-08,3.714880651523574e-08,4.326925732558946e-11,-9.728573025630806e-08,4.326925730394525e-11,2.1554884528065704e-08,1.3171263305026855e-07,4.326925732558946e-11,-1.5822096802347778e-07,4.326925738462751e-11,1.5430424631124204e-07,4.3269257304620796e-11,4.326925738462751e-11,4.3269257379529045e-11,-3.2131827083409615e-07,4.3269257402106985e-11
0.9999897643881313,4.4173561410716624e-11,4.237834818255141e-11,4.326925733965376e-11,0.9999861734181807,4.5344903186968676e-11,0.9999833870656517,0.9999832860743813,0.9999832860743818,5.913594219837127e-11,6.863394772092739e-11,0.9999832860743825,5.830794878730865e-11,0.9999832860743816,4.281812363631672e-11,4.222985144298726e-11,5.853843251693582e-11,7.15389738342359e-11,4.345795921134841e-11,0.9999832860743818,5.7138985338491546e-11,4.490756896713696e-11,4.281812448225031e-11,0.9999832860743816,4.3470010755822396e-11,5.715263316460915e-11,4.4907568456259916e-11,0.9999832860743822,5.605972779764957e-11,0.9999832860743822,4.222985229773981e-11,4.8916169471673574e-11,0.9999832860743825,5.483773061301431e-11,0.9999832860743816,0.9999832803389251,0.9999832860743825,0.9999832860743824,0.9999832860743818,5.986276197404548e-11,0.9999832860743817
6.771468809782927e-07,1.6626322408885837e-07,9.447092804164242e-09,4.8974825473515764e-08,4.5344903186968676e-11,2.8996203992526133e-06,9.933915658560716e-08,4.5344903253636874e-11,4.5344903253636874e-11,-1.8431608311692006e-11,-8.699854524251193e-08,4.534490325251202e-11,4.2832131508630746e-08,4.5344903217145117e-11,1.5058644191913576e-07,5.352155074758152e-09,-3.6547614571525165e-08,-1.5162834611662876e-07,2.614975498431761e-08,4.534490327413726e-11,-8.063064775267669e-08,9.291163719074897e-09,1.5058644191913645e-07,4.534490321163388e-11,8.281231928669894e-09,-8.215737515807072e-09,9.291163719074688e-09,4.534490321163388e-11,-1.2375047114701275e-11,4.5344903176787175e-11,5.352155074758403e-09,3.370810030772396e-08,4.5344903253636874e-11,-4.04415688245678e-08,4.53449031727956e-11,1.073409671997837e-07,4.53449032116338e-11,4.534490325251202e-11,4.5344903217145117e-11,-8.138704854646595e-08,4.5344903176787175e-11
0.9999898724032906,2.141611685595545e-07,9.129475141731854e-08,1.2307480932302854e-07,0.9999833870656517,9.933915658560716e-08,0.9999863824240938,0.999983387065651,0.9999833870656522,8.966323442355555e-08,7.021397286234215e-08,0.9999833870656527,1.483394200222006e-07,0.9999833870656516,1.9951726889059185e-07,8.789106117118822e-08,8.832324835619136e-08,2.6958459306134657e-08,1.0612617413592642e-07,0.9999833870656517,5.210392624581944e-08,9.620276958680186e-08,1.9951727068900074e-07,0.9999833870656514,9.257773496511437e-08,1.0701563595627346e-07,9.620276854047962e-08,0.999983387065652,9.264589378656123e-08,0.9999833870656514,8.789106282910304e-08,1.2294778875363385e-07,0.9999833870656514,7.795731626338452e-08,0.9999833870656514,0.9999833944837196,0.9999833870656515,0.9999833870656523,0.9999833870656508,5.691999774128757e-08,0.9999833870656507
0.9999897643881317,4.417356141073254e-11,4.237834815115634e-11,4.326925733410867e-11,0.9999832860743813,4.5344903253636874e-11,0.999983387065651,0.9999861734181807,0.9999832860743811,5.913594234558175e-11,6.863394764542034e-11,0.9999832860743816,5.830794901172447e-11,0.9999832860743809,4.2818123636500853e-11,4.222985144298726e-11,5.853843252840088e-11,7.153897390602046e-11,4.3457959352150506e-11,0.999983286074381,5.7138985282520506e-11,4.490756920717637e-11,4.281812455501285e-11,0.9999832860743813,4.347001066032143e-11,5.7152633228020555e-11,4.490756841100182e-11,0.9999832860743816,5.605972773490194e-11,0.9999832860743809,4.222985229773981e-11,4.8916169440835144e-11,0.9999832860743813,5.4837730305724684e-11,0.9999832860743809,0.9999832803389248,0.9999832860743813,0.9999832860743816,0.9999832860743804,5.986276195820332e-11,0.9999832860743803
0.9999897643881283,4.417356141073254e-11,4.237834815115634e-11,4.3269257382449464e-11,0.9999832860743818,4.5344903253636874e-11,0.9999833870656522,0.9999832860743811,0.9999861734181807,5.913594234220136e-11,6.863394764608092e-11,0.9999832860743825,5.830794901172447e-11,0.9999832860743818,4.281812364926158e-11,4.2229851399994265e-11,5.853843240457923e-11,7.153897386604665e-11,4.345795930322583e-11,0.9999832860743816,5.7138985338491546e-11,4.4907569155504173e-11,4.281812441611946e-11,0.9999832860743817,4.347001057858749e-11,5.7152633228020555e-11,4.49075685908809e-11,0.9999832860743821,5.605972782074884e-11,0.9999832860743817,4.222985226296883e-11,4.891616949447918e-11,0.9999832860743816,5.483773061301431e-11,0.9999832860743817,0.9999832803389254,0.9999832860743816,0.9999832860743822,0.9999832860743813,5.986276191839028e-11,0.999983286074381
6.67471035744941e-07,-2.472379413925325e-10,-1.423221069142196e-11,-1.4537533831991426e-07,5.913594219837127e-11,-1.8431608311692006e-11,8.966323442355555e-08,5.913594234558175e-11,5.913594234220136e-11,2.99593145969075e-06,1.296771663234332e-10,5.913594219782378e-11,-6.378808545653984e-11,5.913594234558175e-11,-2.2404654502515555e-10,-1.612900370169586e-08,5.3825547790688594e-11,2.2627851374307987e-10,-3.912695053735188e-11,5.913594230196463e-11,1.1971098787978457e-10,-2.777188903694653e-08,-2.240465456545021e-10,5.913594214483366e-11,-1.2491735804654845e-11,1.1294320241179062e-11,-2.7771889036946786e-08,5.913594234220136e-11,7.26361833144485e-08,5.91359422354904e-11,-1.6129003701695364e-08,-4.943674080839531e-11,5.913594219837136e-11,1.1795036928198356e-07,5.913594223644065e-11,3.3431329357226994e-11,5.913594223644065e-11,5.913594225311533e-11,5.913594214483366e-11,1.2076532421456225e-10,5.913594219837127e-11
6.48021830512701e-07,-5.851203123167452e-10,-6.727805701168924e-08,-3.448513286528918e-07,6.863394772092739e-11,-8.699854524251193e-08,7.021397286234215e-08,6.863394764542034e-11,6.863394764608092e-11,1.296771663234332e-10,3.49744597744889e-06,6.863394767433852e-11,-1.5106460733950682e-10,6.863394767001965e-11,-5.303633256855033e-10,-3.851665463621913e-08,1.2682852940826806e-10,1.0651542053577871e-06,-9.285660285969193e-11,6.863394766750804e-11,2.831098246397003e-10,-6.608274991509646e-08,-5.303633263029347e-10,6.863394765205281e-11,-5.9083832877858754e-08,2.574524178398536e-11,-6.608274991509682e-08,6.863394772777564e-11,8.65998669308282e-11,6.863394764608092e-11,-3.8516654636218374e-08,-2.3088193731828438e-07,6.863394766750804e-11,2.775746818312222e-07,6.863394768808028e-11,7.81190559817088e-12,6.863394766750804e-11,6.863394760292755e-11,6.863394764608092e-11,2.8552989757404497e-10,6.8633947625755e-11
0.9999897643881321,4.417356141074611e-11,4.237834815115634e-11,4.3269257382449464e-11,0.9999832860743825,4.534490325251202e-11,0.9999833870656527,0.9999832860743816,0.9999832860743825,5.913594219782378e-11,6.863394767433852e-11,0.9999861734181835,5.830794882945455e-11,0.9999832860743817,4.2818123628706285e-11,4.2229851474103955e-11,5.853843240457923e-11,7.153897389460288e-11,4.3457959352150506e-11,0.9999832860743822,5.7138985278491974e-11,4.490756922552026e-11,4.281812444471975e-11,0.9999832860743817,4.3470010632591426e-11,5.71526330640773e-11,4.4907568777139334e-11,0.9999832860743822,5.6059727835864e-11,0.9999832860743825,4.222985222793109e-11,4.891616942411733e-11,0.9999832860743822,5.483773048850651e-11,0.9999832860743822,0.9999832803389255,0.9999832860743822,0.9999832860743828,0.9999832860743821,5.986276189558518e-11,0.9999832860743817
7.261473160475282e-07,2.8758530002470286e-10,3.314258204403874e-08,1.696491144233734e-07,5.830794878730865e-11,4.2832131508630746e-08,1.483394200222006e-07,5.830794901172447e-11,5.830794901172447e-11,-6.378808545653984e-11,-1.5106460733950682e-10,5.830794882945455e-11,3.0348278270154935e-06,5.830794882945455e-11,2.6069726533146746e-10,9.56659391746387e-12,-1.235748794748415e-07,-2.6379248163180754e-10,4.5688761716122505e-11,5.83079487984103e-11,-1.391087466181185e-10,3.254873783679956e-08,2.6069726487425723e-10,5.830794887963943e-11,1.4659923590371397e-11,-1.2462915802161864e-11,3.2548737836799374e-08,5.83079487984103e-11,-4.2570549163946844e-11,5.83079487984103e-11,9.566593876008204e-12,1.1319555572802907e-07,5.830794889856314e-11,-6.854682988441055e-11,5.830794878730865e-11,1.7515092255971197e-07,5.830794901172447e-11,5.830794890520189e-11,5.830794887432154e-11,-2.7858105461240266e-07,5.830794889856314e-11
0.9999897643881305,4.417356141975691e-11,4.237834811921886e-11,4.326925733195e-11,0.9999832860743816,4.5344903217145117e-11,0.9999833870656516,0.9999832860743809,0.9999832860743818,5.913594234558175e-11,6.863394767001965e-11,0.9999832860743817,5.830794882945455e-11,0.9999861734181807,4.2818123655112327e-11,4.222985144298726e-11,5.853843230421517e-11,7.153897386604665e-11,4.345795936799693e-11,0.9999832860743817,5.7138985338535535e-11,4.490756919584327e-11,4.281812444748291e-11,0.9999832860743811,4.34700104779897e-11,5.7152633174439104e-11,4.4907568456259916e-11,0.9999832860743817,5.605972761550115e-11,0.9999832860743819,4.222985226296883e-11,4.891616942411733e-11,0.9999832860743819,5.483773048850651e-11,0.9999832860743816,0.9999832803389248,0.9999832860743819,0.9999832860743819,0.9999832860743813,5.986276197404548e-11,0.9999832860743809
7.773250777332798e-07,2.0041088658792175e-06,1.1659538550161842e-07,5.959337578577084e-07,4.281812363631672e-11,1.5058644191913576e-07,1.9951726889059185e-07,4.2818123636500853e-11,4.281812364926158e-11,-2.2404654502515555e-10,-5.303633256855033e-10,4.2818123628706285e-11,2.6069726533146746e-10,4.2818123655112327e-11,4.704263599358267e-06,6.692508098449637e-08,-2.17956095093102e-10,-9.263438127912917e-10,3.18775322312394e-07,4.281812364926158e-11,-4.8801197098894e-10,1.1448699394102623e-07,1.8169233741014961e-06,4.2818123628706285e-11,1.0244166367297581e-07,-4.3000367633882034e-11,1.1448699394102622e-07,4.281812362158032e-11,-2.9671625733991014e-07,4.28181236343145e-11,6.692508098449598e-08,3.9614014337968473e-07,4.2818123516770085e-11,-2.399550027777237e-10,4.2818123636500853e-11,1.477062018759466e-10,4.2818123674442e-11,4.281812363631672e-11,4.281812353288523e-11,-4.920788215987895e-10,4.281812362158032e-11
6.656987311368297e-07,7.397488596430758e-08,4.088886202056919e-09,2.155488452806563e-08,4.222985144298726e-11,5.352155074758152e-09,8.789106117118822e-08,4.222985144298726e-11,4.2229851399994265e-11,-1.612900370169586e-08,-3.851665463621913e-08,4.2229851474103955e-11,9.56659391746387e-12,4.222985144298726e-11,6.692508098449637e-08,2.8896243364112498e-06,-1.6585093812362197e-08,-6.696463145761711e-08,1.148466887392131e-08,4.222985161783318e-11,-3.5992090655755575e-08,4.02912607182581e-09,6.692508098449686e-08,4.222985144298726e-11,3.5743928086469207e-09,-4.228556241490027e-09,4.029126071825608e-09,4.2229851425267354e-11,-1.0913240347070455e-08,4.2229851436930794e-11,2.2799934876902563e-09,1.5425059636952276e-08,4.222985153257145e-11,-1.8454221035088927e-08,4.222985144298726e-11,4.6107628341814426e-11,4.2229851399965146e-11,4.222985137261475e-11,4.222985144298726e-11,-3.637239610424835e-08,4.222985141057653e-11
6.66131125765214e-07,-2.4013980210934075e-10,-2.848925112678571e-08,-1.4333633766506114e-07,5.853843251693582e-11,-3.6547614571525165e-08,8.832324835619136e-08,5.853843252840088e-11,5.853843240457923e-11,5.3825547790688594e-11,1.2682852940826806e-10,5.853843240457923e-11,-1.235748794748415e-07,5.853843230421517e-11,-2.17956095093102e-10,-1.6585093812362197e-08,2.988224913363769e-06,2.220621533843467e-10,-7.68306312428489e-08,5.853843250168535e-11,2.2983703150687423e-07,-2.7924894355634915e-08,-2.1795609509310199e-10,5.85384323802699e-11,-2.5093802732944746e-08,1.6584448276647934e-08,-2.792489435563521e-08,5.853843252840088e-11,3.5621877669652905e-11,5.853843249104527e-11,-1.6585093812361694e-08,-9.147685391643442e-08,5.853843249118499e-11,1.1038484808746945e-07,5.853843243945964e-11,6.672756551040144e-08,5.853843250168535e-11,5.853843238306495e-11,5.853843249118499e-11,2.314735992405458e-07,5.853843251743113e-11
6.047662604692502e-07,-1.0221139977051296e-09,-1.1716535375335044e-07,-3.0297573196386866e-10,7.15389738342359e-11,-1.5162834611662876e-07,2.6958459306134657e-08,7.153897390602046e-11,7.153897386604665e-11,2.2627851374307987e-10,1.0651542053577871e-06,7.153897389460288e-11,-2.6379248163180754e-10,7.153897386604665e-11,-9.263438127912917e-10,-6.696463145761711e-08,2.220621533843467e-10,4.746434973731166e-06,-3.2164509460677964e-07,7.153897390602046e-11,9.82463541226753e-07,-1.1510751798360123e-07,-9.263438127912917e-10,7.153897381811623e-11,-1.0286459267754077e-07,4.5879227987589345e-11,-1.1510751798360165e-07,7.153897381810922e-11,1.5124360947976134e-10,7.153897389460288e-11,-6.696463145761604e-08,-4.0465610468677524e-07,7.153897383100168e-11,2.4489757220370545e-10,7.153897386311158e-11,-3.471798713590321e-11,7.153897390602046e-11,7.153897383100168e-11,7.15389738342359e-11,9.9099586317233e-07,7.15389739210623e-11
6.839338792202795e-07,3.5183188057599467e-07,2.0170493155569677e-08,1.0400532175500062e-07,4.345795921134841e-11,2.614975498431761e-08,1.0612617413592642e-07,4.3457959352150506e-11,4.345795930322583e-11,-3.912695053735188e-11,-9.285660285969193e-11,4.3457959352150506e-11,4.5688761716122505e-11,4.345795936799693e-11,3.18775322312394e-07,1.148466887392131e-08,-7.68306312428489e-08,-3.2164509460677964e-07,2.9429154857535328e-06,4.345795938026089e-11,-1.7043951209749988e-07,1.9825447636587758e-08,3.187753223123946e-07,4.345795938362802e-11,1.769676697491068e-08,-1.648656235916189e-08,1.9825447636587573e-08,4.345795939429957e-11,-2.6203423758959976e-11,4.345795920799349e-11,1.1484668873921479e-08,7.06598285930259e-08,4.345795939429957e-11,-8.485644677144516e-08,4.345795920799349e-11,6.188021232159552e-11,4.345795939429957e-11,4.345795920799349e-11,4.345795918343239e-11,-1.7197150978223577e-07,4.345795920799349e-11
0.9999897643881317,4.4173561410716624e-11,4.237834820318602e-11,4.3269257379529045e-11,0.9999832860743818,4.534490327413726e-11,0.9999833870656517,0.999983286074381,0.9999832860743816,5.913594230196463e-11,6.863394766750804e-11,0.9999832860743822,5.83079487984103e-11,0.9999832860743817,4.281812364926158e-11,4.222985161783318e-11,5.853843250168535e-11,7.153897390602046e-11,4.345795938026089e-11,0.9999861734181807,5.71389852995442e-11,4.4907569155504173e-11,4.281812444490449e-11,0.9999832860743817,4.34700106280402e-11,5.7152633228020555e-11,4.4907568777139334e-11,0.9999832860743819,5.605972773411802e-11,0.9999832860743816,4.222985229773981e-11,4.891616947166047e-11,0.9999832860743819,5.483773035133302e-11,0.9999832860743816,0.9999832803389255,0.9999832860743819,0.9999832860743824,0.999983286074381,5.986276189558518e-11,0.999983286074381
6.299116850046294e-07,-1.0687088223946645e-06,-6.251834586627045e-08,-3.184922621358251e-07,5.7138985338491546e-11,-8.063064775267669e-08,5.210392624581944e-08,5.7138985282520506e-11,5.7138985338491546e-11,1.1971098787978457e-10,2.831098246397003e-10,5.7138985278491974e-11,-1.391087466181185e-10,5.7138985338535535e-11,-4.8801197098894e-10,-3.5992090655755575e-08,2.2983703150687423e-07,9.82463541226753e-07,-1.7043951209749988e-07,5.71389852995442e-11,3.4037804525272333e-06,-6.136520163089586e-08,-4.8801197098894e-10,5.7138985306579506e-11,-5.4958072673678884e-08,4.3817977619397314e-08,-6.13652016308962e-08,5.7138985278491974e-11,7.970869900159544e-11,5.7138985278491974e-11,-3.599209065575488e-08,-2.099640343730193e-07,5.7138985344255444e-11,2.527236981965568e-07,5.7138985278491974e-11,1.216363667526727e-12,5.713898523218792e-11,5.7138985321426287e-11,5.7138985306579506e-11,5.206126153360029e-07,5.713898526415595e-11
6.74010483460822e-07,1.2643910944070048e-07,7.137936710258433e-09,3.714880651523591e-08,4.490756896713696e-11,9.291163719074897e-09,9.620276958680186e-08,4.490756920717637e-11,4.4907569155504173e-11,-2.777188903694653e-08,-6.608274991509646e-08,4.490756922552026e-11,3.254873783679956e-08,4.490756919584327e-11,1.1448699394102623e-07,4.02912607182581e-09,-2.7924894355634915e-08,-1.1510751798360123e-07,1.9825447636587758e-08,4.4907569155504173e-11,-6.136520163089586e-08,2.894367585876012e-06,1.1448699394102683e-07,4.4907569104717055e-11,6.253041646781617e-09,-6.480118377338058e-09,7.023253317852649e-09,4.490756909903321e-11,-1.868019102943645e-08,4.490756901031375e-11,4.029126071826074e-09,2.5807388177117678e-08,4.490756901031375e-11,-3.0941505113813115e-08,4.490756921440184e-11,1.0233304444986465e-07,4.490756920012854e-11,4.490756919584327e-11,4.490756920012854e-11,-6.195815917810595e-08,4.490756921445052e-11
7.773250841933153e-07,2.004108865879219e-06,1.16595385501619e-07,5.959337578577092e-07,4.281812448225031e-11,1.5058644191913645e-07,1.9951727068900074e-07,4.281812455501285e-11,4.281812441611946e-11,-2.240465456545021e-10,-5.303633263029347e-10,4.281812444471975e-11,2.6069726487425723e-10,4.281812444748291e-11,1.8169233741014961e-06,6.692508098449686e-08,-2.1795609509310199e-10,-9.263438127912917e-10,3.187753223123946e-07,4.281812444490449e-11,-4.8801197098894e-10,1.1448699394102683e-07,4.704263599358267e-06,4.281812445522053e-11,1.0244166367297633e-07,-4.300036768486522e-11,1.1448699394102679e-07,4.281812445251541e-11,-2.967162573399098e-07,4.2818124482818864e-11,6.692508098449645e-08,3.961401433796856e-07,4.281812441900377e-11,-2.3995500257148214e-10,4.281812455501285e-11,1.477062026621593e-10,4.281812448225031e-11,4.281812441611946e-11,4.2818124433943954e-11,-4.920788217403169e-10,4.281812448225031e-11
0.9999897643881331,4.4173561404918347e-11,4.237834821186719e-11,4.3269257301389234e-11,0.9999832860743816,4.534490321163388e-11,0.9999833870656514,0.9999832860743813,0.9999832860743817,5.913594214483366e-11,6.863394765205281e-11,0.9999832860743817,5.830794887963943e-11,0.9999832860743811,4.2818123628706285e-11,4.222985144298726e-11,5.85384323802699e-11,7.153897381811623e-11,4.345795938362802e-11,0.9999832860743817,5.7138985306579506e-11,4.4907569104717055e-11,4.281812445522053e-11,0.9999861734181804,4.347001069839919e-11,5.715263309441383e-11,4.4907568545495107e-11,0.9999832860743817,5.605972761550115e-11,0.9999832860743819,4.22298522239736e-11,4.8916169526873495e-11,0.9999832860743816,5.4837730305724684e-11,0.9999832860743814,0.9999832803389248,0.9999832860743816,0.9999832860743819,0.999983286074381,5.986276189161549e-11,0.9999832860743806
6.70385421385909e-07,1.1316207964918093e-07,6.352678771853374e-09,3.3174417465321626e-08,4.3470010755822396e-11,8.281231928669894e-09,9.257773496511437e-08,4.347001066032143e-11,4.347001057858749e-11,-1.2491735804654845e-11,-5.9083832877858754e-08,4.3470010632591426e-11,1.4659923590371397e-11,4.34700104779897e-11,1.0244166367297581e-07,3.5743928086469207e-09,-2.5093802732944746e-08,-1.0286459267754077e-07,1.769676697491068e-08,4.34700106280402e-11,-5.4958072673678884e-08,6.253041646781617e-09,1.0244166367297633e-07,4.347001069839919e-11,2.8929063699087825e-06,-5.978674638394586e-09,6.253041646781416e-09,4.3470010632591426e-11,-8.41563912709515e-12,4.347001069195789e-11,3.5743928086471705e-09,2.323092720307546e-08,4.3470010632591426e-11,-2.7836313341597597e-08,4.3470010755822396e-11,4.9399170968174955e-11,4.3470010632591426e-11,4.347001064243299e-11,4.3470010755822396e-11,-5.550243389342888e-08,4.347001063183888e-11
6.848234969047476e-07,-4.697358370311e-11,-6.683941439687402e-09,-3.032405788661859e-08,5.715263316460915e-11,-8.215737515807072e-09,1.0701563595627346e-07,5.7152633228020555e-11,5.7152633228020555e-11,1.1294320241179062e-11,2.574524178398536e-11,5.71526330640773e-11,-1.2462915802161864e-11,5.7152633174439104e-11,-4.3000367633882034e-11,-4.228556241490027e-09,1.6584448276647934e-08,4.5879227987589345e-11,-1.648656235916189e-08,5.7152633228020555e-11,4.3817977619397314e-08,-6.480118377338058e-09,-4.300036768486522e-11,5.715263309441383e-11,-5.978674638394586e-09,2.8850233749561962e-06,-6.480118377338296e-09,5.715263310032712e-11,7.069697454088505e-12,5.715263322207417e-11,-4.2285562414896815e-09,-6.918053823334023e-12,5.715263329394014e-11,1.7116617693657433e-08,5.715263316460915e-11,5.2306758574459346e-11,5.715263325432697e-11,5.715263318603625e-11,5.7152633171936953e-11,4.3712945826426735e-08,5.715263324664083e-11
6.740104832620566e-07,1.2643910944070043e-07,7.137936710258235e-09,3.714880651523574e-08,4.4907568456259916e-11,9.291163719074688e-09,9.620276854047962e-08,4.490756841100182e-11,4.49075685908809e-11,-2.7771889036946786e-08,-6.608274991509682e-08,4.4907568777139334e-11,3.2548737836799374e-08,4.4907568456259916e-11,1.1448699394102622e-07,4.029126071825608e-09,-2.792489435563521e-08,-1.1510751798360165e-07,1.9825447636587573e-08,4.4907568777139334e-11,-6.13652016308962e-08,7.023253317852649e-09,1.1448699394102679e-07,4.4907568545495107e-11,6.253041646781416e-09,-6.480118377338296e-09,2.894367585876012e-06,4.4907568638613194e-11,-1.8680191029436705e-08,4.4907568456259916e-11,4.0291260718258715e-09,2.580738817711749e-08,4.490756841100182e-11,-3.094150511381337e-08,4.4907568777139334e-11,1.0233304340354257e-07,4.490756872262942e-11,4.490756856610818e-11,4.490756858424135e-11,-6.195815917810627e-08,4.490756857090047e-11
0.9999897643881305,4.4173561404918347e-11,4.237834818255141e-11,4.326925732558946e-11,0.9999832860743822,4.534490321163388e-11,0.999983387065652,0.9999832860743816,0.9999832860743821,5.913594234220136e-11,6.863394772777564e-11,0.9999832860743822,5.83079487984103e-11,0.9999832860743817,4.281812362158032e-11,4.2229851425267354e-11,5.853843252840088e-11,7.153897381810922e-11,4.345795939429957e-11,0.9999832860743819,5.7138985278491974e-11,4.490756909903321e-11,4.281812445251541e-11,0.9999832860743817,4.3470010632591426e-11,5.715263310032712e-11,4.4907568638613194e-11,0.9999861734181807,5.6059727835864e-11,0.9999832860743822,4.222985227416708e-11,4.8916169406907174e-11,0.9999832860743822,5.483773045080543e-11,0.9999832860743817,0.9999832803389255,0.9999832860743822,0.9999832860743822,0.9999832860743817,5.986276185811184e-11,0.9999832860743813
6.704536842735043e-07,-1.648159407440067e-10,-9.579279528115042e-12,-9.728573025630806e-08,5.605972779764957e-11,-1.2375047114701275e-11,9.264589378656123e-08,5.605972773490194e-11,5.605972782074884e-11,7.26361833144485e-08,8.65998669308282e-11,5.6059727835864e-11,-4.2570549163946844e-11,5.605972761550115e-11,-2.9671625733991014e-07,-1.0913240347070455e-08,3.5621877669652905e-11,1.5124360947976134e-10,-2.6203423758959976e-11,5.605972773411802e-11,7.970869900159544e-11,-1.868019102943645e-08,-2.967162573399098e-07,5.605972761550115e-11,-8.41563912709515e-12,7.069697454088505e-12,-1.8680191029436705e-08,5.6059727835864e-11,2.9357985790589814e-06,5.6059727835864e-11,-1.0913240347070027e-08,-3.261333822897987e-11,5.605972782074884e-11,7.789625612848406e-08,5.6059727833796935e-11,3.892952994536819e-11,5.605972782074884e-11,5.605972773490194e-11,5.6059727819460674e-11,8.037647117217256e-11,5.6059727819460674e-11
0.9999897643881298,4.4173561404918347e-11,4.237834817052432e-11,4.326925730394525e-11,0.9999832860743822,4.5344903176787175e-11,0.9999833870656514,0.9999832860743809,0.9999832860743817,5.91359422354904e-11,6.863394764608092e-11,0.9999832860743825,5.83079487984103e-11,0.9999832860743819,4.28181236343145e-11,4.2229851436930794e-11,5.853843249104527e-11,7.153897389460288e-11,4.345795920799349e-11,0.9999832860743816,5.7138985278491974e-11,4.490756901031375e-11,4.2818124482818864e-11,0.9999832860743819,4.347001069195789e-11,5.715263322207417e-11,4.4907568456259916e-11,0.9999832860743822,5.6059727835864e-11,0.999986173418181,4.2229852284273036e-11,4.8916169442296307e-11,0.9999832860743813,5.4837730305724684e-11,0.9999832860743816,0.9999832803389251,0.9999832860743813,0.9999832860743819,0.999983286074381,5.986276189161192e-11,0.9999832860743809
6.656987263015754e-07,7.39748859643071e-08,4.088886202057162e-09,2.1554884528065704e-08,4.222985229773981e-11,5.352155074758403e-09,8.789106282910304e-08,4.222985229773981e-11,4.222985226296883e-11,-1.6129003701695364e-08,-3.8516654636218374e-08,4.222985222793109e-11,9.566593876008204e-12,4.222985226296883e-11,6.692508098449598e-08,2.2799934876902563e-09,-1.6585093812361694e-08,-6.696463145761604e-08,1.1484668873921479e-08,4.222985229773981e-11,-3.599209065575488e-08,4.029126071826074e-09,6.692508098449645e-08,4.22298522239736e-11,3.5743928086471705e-09,-4.2285562414896815e-09,4.0291260718258715e-09,4.222985227416708e-11,-1.0913240347070027e-08,4.2229852284273036e-11,2.8896243364112498e-06,1.5425059636952444e-08,4.222985229773981e-11,-1.8454221035088434e-08,4.222985222942702e-11,4.6107629328547717e-11,4.222985226296883e-11,4.2229852227838794e-11,4.2229852255084204e-11,-3.6372396104247644e-08,4.222985241890749e-11
7.00755468900726e-07,4.362541870562574e-07,2.634766728409587e-08,1.3171263305026855e-07,4.8916169471673574e-11,3.370810030772396e-08,1.2294778875363385e-07,4.8916169440835144e-11,4.891616949447918e-11,-4.943674080839531e-11,-2.3088193731828438e-07,4.891616942411733e-11,1.1319555572802907e-07,4.891616942411733e-11,3.9614014337968473e-07,1.5425059636952276e-08,-9.147685391643442e-08,-4.0465610468677524e-07,7.06598285930259e-08,4.891616947166047e-11,-2.099640343730193e-07,2.5807388177117678e-08,3.961401433796856e-07,4.8916169526873495e-11,2.323092720307546e-08,-6.918053823334023e-12,2.580738817711749e-08,4.8916169406907174e-11,-3.261333822897987e-11,4.8916169442296307e-11,1.5425059636952444e-08,2.969963148322817e-06,4.8916169440835144e-11,-5.027026031964182e-11,4.891616936777104e-11,1.424259449743752e-07,4.8916169442296307e-11,4.891616947166047e-11,4.8916169442296307e-11,-2.1135196413956763e-07,4.891616932093143e-11
0.9999897643881337,4.417356141074611e-11,4.237834821186719e-11,4.326925732558946e-11,0.9999832860743825,4.5344903253636874e-11,0.9999833870656514,0.9999832860743813,0.9999832860743816,5.913594219837136e-11,6.863394766750804e-11,0.9999832860743822,5.830794889856314e-11,0.9999832860743819,4.2818123516770085e-11,4.222985153257145e-11,5.853843249118499e-11,7.153897383100168e-11,4.345795939429957e-11,0.9999832860743819,5.7138985344255444e-11,4.490756901031375e-11,4.281812441900377e-11,0.9999832860743816,4.3470010632591426e-11,5.715263329394014e-11,4.490756841100182e-11,0.9999832860743822,5.605972782074884e-11,0.9999832860743813,4.222985229773981e-11,4.8916169440835144e-11,0.9999861734181789,5.4837730516863027e-11,0.9999832860743816,0.9999832803389248,0.9999832860743817,0.9999832860743819,0.9999832860743813,5.986276185811184e-11,0.999983286074381
6.557651162676857e-07,-5.248494586203188e-07,-3.158169225253734e-08,-1.5822096802347778e-07,5.483773061301431e-11,-4.04415688245678e-08,7.795731626338452e-08,5.4837730305724684e-11,5.483773061301431e-11,1.1795036928198356e-07,2.775746818312222e-07,5.483773048850651e-11,-6.854682988441055e-11,5.483773048850651e-11,-2.399550027777237e-10,-1.8454221035088927e-08,1.1038484808746945e-07,2.4489757220370545e-10,-8.485644677144516e-08,5.483773035133302e-11,2.527236981965568e-07,-3.0941505113813115e-08,-2.3995500257148214e-10,5.4837730305724684e-11,-2.7836313341597597e-08,1.7116617693657433e-08,-3.094150511381337e-08,5.483773045080543e-11,7.789625612848406e-08,5.4837730305724684e-11,-1.8454221035088434e-08,-5.027026031964182e-11,5.4837730516863027e-11,3.0079215947178856e-06,5.4837730354120547e-11,2.7399098578022228e-11,5.4837730421144833e-11,5.4837730354120547e-11,5.483773044148583e-11,2.5443814603461876e-07,5.4837730549459727e-11
0.9999897643881283,4.4173561369591343e-11,4.237834826855597e-11,4.326925738462751e-11,0.9999832860743816,4.53449031727956e-11,0.9999833870656514,0.9999832860743809,0.9999832860743817,5.913594223644065e-11,6.863394768808028e-11,0.9999832860743822,5.830794878730865e-11,0.9999832860743816,4.2818123636500853e-11,4.222985144298726e-11,5.853843243945964e-11,7.153897386311158e-11,4.345795920799349e-11,0.9999832860743816,5.7138985278491974e-11,4.490756921440184e-11,4.281812455501285e-11,0.9999832860743814,4.3470010755822396e-11,5.715263316460915e-11,4.4907568777139334e-11,0.9999832860743817,5.6059727833796935e-11,0.9999832860743816,4.222985222942702e-11,4.891616936777104e-11,0.9999832860743816,5.4837730354120547e-11,0.9999861734181795,0.9999832803389251,0.9999832860743819,0.9999832860743819,0.9999832860743811,5.986276185811184e-11,0.9999832860743809
0.9999897718061742,1.598555903607536e-10,4.91251097039905e-11,1.5430424631124204e-07,0.9999832803389251,1.073409671997837e-07,0.9999833944837196,0.9999832803389248,0.9999832803389254,3.3431329357226994e-11,7.81190559817088e-12,0.9999832803389255,1.7515092255971197e-07,0.9999832803389248,1.477062018759466e-10,4.6107628341814426e-11,6.672756551040144e-08,-3.471798713590321e-11,6.188021232159552e-11,0.9999832803389255,1.216363667526727e-12,1.0233304444986465e-07,1.477062026621593e-10,0.9999832803389248,4.9399170968174955e-11,5.2306758574459346e-11,1.0233304340354257e-07,0.9999832803389255,3.892952994536819e-11,0.9999832803389251,4.6107629328547717e-11,1.424259449743752e-07,0.9999832803389248,2.7399098578022228e-11,0.9999832803389251,0.9999861858212705,0.9999832803389248,0.9999832803389255,0.9999832803389246,6.911426657089227e-09,0.9999832803389245
0.9999897643881337,4.4173561411374575e-11,4.237834822391372e-11,4.3269257304620796e-11,0.9999832860743825,4.53449032116338e-11,0.9999833870656515,0.9999832860743813,0.9999832860743816,5.913594223644065e-11,6.863394766750804e-11,0.9999832860743822,5.830794901172447e-11,0.9999832860743819,4.2818123674442e-11,4.2229851399965146e-11,5.853843250168535e-11,7.153897390602046e-11,4.345795939429957e-11,0.9999832860743819,5.713898523218792e-11,4.490756920012854e-11,4.281812448225031e-11,0.9999832860743816,4.3470010632591426e-11,5.715263325432697e-11,4.490756872262942e-11,0.9999832860743822,5.605972782074884e-11,0.9999832860743813,4.222985226296883e-11,4.8916169442296307e-11,0.9999832860743817,5.4837730421144833e-11,0.9999832860743819,0.9999832803389248,0.9999861734181751,0.9999832860743816,0.9999832860743813,5.986276194823892e-11,0.999983286074381
0.9999897643881317,4.4173561411354135e-11,4.237834815115634e-11,4.326925738462751e-11,0.9999832860743824,4.534490325251202e-11,0.9999833870656523,0.9999832860743816,0.9999832860743822,5.913594225311533e-11,6.863394760292755e-11,0.9999832860743828,5.830794890520189e-11,0.9999832860743819,4.281812363631672e-11,4.222985137261475e-11,5.853843238306495e-11,7.153897383100168e-11,4.345795920799349e-11,0.9999832860743824,5.7138985321426287e-11,4.490756919584327e-11,4.281812441611946e-11,0.9999832860743819,4.347001064243299e-11,5.715263318603625e-11,4.490756856610818e-11,0.9999832860743822,5.605972773490194e-11,0.9999832860743819,4.2229852227838794e-11,4.891616947166047e-11,0.9999832860743819,5.4837730354120547e-11,0.9999832860743819,0.9999832803389255,0.9999832860743816,0.9999861734181785,0.9999832860743813,5.98627620202127e-11,0.9999832860743813
0.9999897643881336,4.417356141975691e-11,4.2378348158825337e-11,4.3269257379529045e-11,0.9999832860743818,4.5344903217145117e-11,0.9999833870656508,0.9999832860743804,0.9999832860743813,5.913594214483366e-11,6.863394764608092e-11,0.9999832860743821,5.830794887432154e-11,0.9999832860743813,4.281812353288523e-11,4.222985144298726e-11,5.853843249118499e-11,7.15389738342359e-11,4.345795918343239e-11,0.999983286074381,5.7138985306579506e-11,4.490756920012854e-11,4.2818124433943954e-11,0.999983286074381,4.3470010755822396e-11,5.7152633171936953e-11,4.490756858424135e-11,0.9999832860743817,5.6059727819460674e-11,0.999983286074381,4.2229852255084204e-11,4.8916169442296307e-11,0.9999832860743813,5.483773044148583e-11,0.9999832860743811,0.9999832803389246,0.9999832860743813,0.9999832860743813,0.9999861734181826,5.986276197404548e-11,0.9999832860743799
6.347278141566645e-07,-5.426148944068831e-10,-6.312868344682375e-08,-3.2131827083409615e-07,5.986276197404548e-11,-8.138704854646595e-08,5.691999774128757e-08,5.986276195820332e-11,5.986276191839028e-11,1.2076532421456225e-10,2.8552989757404497e-10,5.986276189558518e-11,-2.7858105461240266e-07,5.986276197404548e-11,-4.920788215987895e-10,-3.637239610424835e-08,2.314735992405458e-07,9.9099586317233e-07,-1.7197150978223577e-07,5.986276189558518e-11,5.206126153360029e-07,-6.195815917810595e-08,-4.920788217403169e-10,5.986276189161549e-11,-5.550243389342888e-08,4.3712945826426735e-08,-6.195815917810627e-08,5.986276185811184e-11,8.037647117217256e-11,5.986276189161192e-11,-3.6372396104247644e-08,-2.1135196413956763e-07,5.986276185811184e-11,2.5443814603461876e-07,5.986276185811184e-11,6.911426657089227e-09,5.986276194823892e-11,5.98627620202127e-11,5.986276197404548e-11,3.412130415908839e-06,5.986276197404548e-11
0.9999897643881301,4.4173561411374575e-11,4.237834821186719e-11,4.3269257402106985e-11,0.9999832860743817,4.5344903176787175e-11,0.9999833870656507,0.9999832860743803,0.999983286074381,5.913594219837127e-11,6.8633947625755e-11,0.9999832860743817,5.830794889856314e-11,0.9999832860743809,4.281812362158032e-11,4.222985141057653e-11,5.853843251743113e-11,7.15389739210623e-11,4.345795920799349e-11,0.999983286074381,5.713898526415595e-11,4.490756921445052e-11,4.281812448225031e-11,0.9999832860743806,4.347001063183888e-11,5.715263324664083e-11,4.490756857090047e-11,0.9999832860743813,5.6059727819460674e-11,0.9999832860743809,4.222985241890749e-11,4.891616932093143e-11,0.999983286074381,5.4837730549459727e-11,0.9999832860743809,0.9999832803389245,0.999983286074381,0.9999832860743813,0.9999832860743799,5.986276197404548e-11,0.9999861734181807
