0.9999999964904638,0.9999904673370567,0.9999904673370529,0.9999904673370505,0.9999904673370517,0.9999904673370456,0.9999904673370529,0.9999904673370521,0.9999904606542618,0.9999904606542624,0.9999904673370497,0.9999904606542602,0.9999904600064067,0.999990460654261,0.9999904673370501,0.9999904606542619,0.9999904673370509,-1.0960315341309579e-06,0.9999904606542621,-1.1144592610892534e-06,0.9999904673370505,0.9999904673370493,0.9999904606542607,0.9999904673370525,0.9999904606542594,0.9999904701723508,0.9999904606542582,0.9999904673370497,0.9999904673370529,0.99999046065426,0.9999904673370513,0.9999904673370456,0.9999904673370532,0.9999904673370529,0.9999904673370456,0.9999904673370524,0.9999904673370501,-1.096031532385704e-06,0.9999904673370537,0.9999904673370513,0.9999904606542607,0.9999904673370524,0.9999904673370521,0.9999904606542607,0.9999904673370529,0.9999904673370517,0.9999904673370529,0.9999904673370552,0.9999904701723492,0.9999904701723533,0.9999904673370521,0.9999904606542629,0.9999904673370505,0.9999904606542618,-1.0988201964252065e-06
0.9999904673370567,0.9999902074212995,0.9999880403250042,0.9999880403250039,0.9999880403250064,0.9999880403250039,0.9999880403250042,0.9999880403250058,0.9999880336422381,0.9999880336422394,0.9999880403250048,0.999988033642241,0.9999880329943885,0.9999880336422388,0.9999880403250048,0.9999880336422374,0.9999880403250042,-1.9297077253480988e-11,0.9999880336422388,-2.8558898802993725e-11,0.9999880403250048,0.9999880403250039,0.9999880336422389,0.9999880403250055,0.999988033642241,0.999988043160298,0.9999880336422389,0.9999880403250048,0.9999880403250042,0.9999880336422385,0.9999880403250051,0.9999880403250042,0.9999880403250042,0.9999880403250044,0.9999880403250042,0.9999880403250055,0.9999880403250048,-1.9297077703277148e-11,0.9999880403250042,0.9999880403250051,0.9999880336422381,0.9999880403250058,0.9999880403250055,0.9999880336422389,0.9999880403250055,0.9999880403250055,0.9999880403250042,0.9999880403250058,0.999988043160298,0.9999880431602994,0.9999880403250058,0.9999880336422374,0.9999880403250039,0.9999880336422388,-2.0698664303565593e-11
0.9999904673370529,0.9999880403250042,0.999990207421291,0.9999880403249972,0.9999880403250007,0.9999880403249979,0.9999880403249987,0.9999880403249993,0.9999880336422327,0.9999880336422332,0.9999880403249993,0.9999880336422347,0.9999880329943823,0.9999880336422327,0.9999880403249993,0.9999880336422317,0.9999880403249986,-1.929707728031171e-11,0.999988033642233,-2.8558898805156292e-11,0.9999880403249993,0.9999880403249986,0.9999880336422327,0.999988040324999,0.9999880336422345,0.9999880431602917,0.999988033642233,0.9999880403249993,0.9999880403249986,0.9999880336422327,0.9999880403249993,0.9999880403249974,0.9999880403249986,0.9999880403249997,0.9999880403249974,0.9999880403249999,0.9999880403249986,-1.929707777120295e-11,0.999988040324999,0.9999880403249993,0.9999880336422321,0.999988040325,0.9999880403249993,0.9999880336422328,0.999988040324999,0.9999880403249997,0.999988040324999,0.9999880403249999,0.9999880431602917,0.9999880431602926,0.9999880403249997,0.9999880336422313,0.999988040324998,0.9999880336422327,-2.0698664314842972e-11
0.9999904673370505,0.9999880403250039,0.9999880403249972,0.999990207421287,0.9999880403249997,0.999988040324997,0.9999880403249972,0.999988040324999,0.9999880336422313,0.9999880336422321,0.9999880403249974,0.9999880336422337,0.9999880329943819,0.9999880336422313,0.9999880403249979,0.9999880336422308,0.9999880403249977,-1.9297077270601652e-11,0.999988033642232,-2.8558898733325782e-11,0.9999880403249979,0.999988040324997,0.9999880336422317,0.999988040324998,0.9999880336422339,0.9999880431602913,0.9999880336422313,0.9999880403249974,0.9999880403249972,0.9999880336422317,0.9999880403249977,0.999988040324997,0.9999880403249968,0.999988040324998,0.999988040324997,0.999988040324998,0.9999880403249972,-1.929707775476174e-11,0.9999880403249972,0.9999880403249979,0.9999880336422313,0.9999880403249993,0.999988040324999,0.9999880336422321,0.9999880403249979,0.999988040324999,0.999988040324998,0.9999880403249999,0.9999880431602903,0.9999880431602919,0.999988040324999,0.9999880336422303,0.9999880403249972,0.999988033642232,-2.0698664337150828e-11
0.9999904673370517,0.9999880403250064,0.9999880403250007,0.9999880403249997,0.9999902074212887,0.9999880403249999,0.9999880403250007,0.9999880403250007,0.9999880336422343,0.9999880336422347,0.9999880403249999,0.9999880336422362,0.9999880329943833,0.9999880336422343,0.9999880403250003,0.999988033642233,0.9999880403249997,-1.9297077317730875e-11,0.9999880336422343,-2.855889887964883e-11,0.9999880403250003,0.9999880403249986,0.9999880336422339,0.999988040325001,0.9999880336422357,0.9999880431602939,0.9999880336422339,0.9999880403249999,0.9999880403249999,0.9999880336422334,0.9999880403249999,0.9999880403249999,0.999988040325,0.9999880403249997,0.9999880403249999,0.9999880403250007,0.9999880403250003,-1.929707776165534e-11,0.9999880403249999,0.9999880403249999,0.9999880336422343,0.9999880403250012,0.9999880403250013,0.9999880336422339,0.999988040325001,0.9999880403250007,0.9999880403250007,0.9999880403250015,0.9999880431602935,0.9999880431602939,0.9999880403250007,0.9999880336422334,0.9999880403250003,0.9999880336422343,-2.0698664358154427e-11
0.9999904673370456,0.9999880403250039,0.9999880403249979,0.999988040324997,0.9999880403249999,0.9999902074212806,0.9999880403249979,0.9999880403249993,0.9999880336422313,0.9999880336422314,0.9999880403249977,0.9999880336422334,0.9999880329943823,0.9999880336422314,0.9999880403249986,0.9999880336422291,0.9999880403249979,-1.929707728031171e-11,0.9999880336422317,-2.855889874459809e-11,0.9999880403249986,0.9999880403249968,0.9999880336422317,0.999988040324998,0.999988033642233,0.9999880431602916,0.9999880336422313,0.9999880403249977,0.9999880403249974,0.999988033642231,0.9999880403249977,0.9999880403249968,0.9999880403249977,0.999988040324998,0.9999880403249968,0.999988040324999,0.9999880403249977,-1.9297077750223735e-11,0.9999880403249979,0.9999880403249983,0.9999880336422313,0.999988040324999,0.9999880403249986,0.9999880336422313,0.9999880403249986,0.999988040324999,0.999988040324998,0.9999880403249993,0.999988043160291,0.9999880431602922,0.9999880403249986,0.9999880336422298,0.9999880403249972,0.9999880336422313,-2.0698664377622882e-11
0.9999904673370529,0.9999880403250042,0.9999880403249987,0.9999880403249972,0.9999880403250007,0.9999880403249979,0.9999902074212909,0.9999880403249993,0.9999880336422327,0.999988033642233,0.9999880403249993,0.9999880336422347,0.9999880329943823,0.9999880336422327,0.9999880403249993,0.9999880336422317,0.9999880403249986,-1.92970772908288e-11,0.999988033642233,-2.8558898733325782e-11,0.9999880403249993,0.9999880403249986,0.9999880336422327,0.999988040324999,0.9999880336422345,0.9999880431602917,0.9999880336422328,0.9999880403249993,0.9999880403249987,0.9999880336422327,0.9999880403249993,0.9999880403249972,0.9999880403249986,0.9999880403249997,0.9999880403249972,0.9999880403249997,0.9999880403249986,-1.9297077703812395e-11,0.999988040324999,0.9999880403249993,0.9999880336422321,0.999988040325,0.9999880403249993,0.999988033642233,0.999988040324999,0.9999880403249997,0.999988040324999,0.9999880403249999,0.9999880431602917,0.9999880431602929,0.9999880403249993,0.9999880336422313,0.999988040324998,0.9999880336422327,-2.0698664295677892e-11
0.9999904673370521,0.9999880403250058,0.9999880403249993,0.999988040324999,0.9999880403250007,0.9999880403249993,0.9999880403249993,0.9999902074212883,0.9999880336422334,0.9999880336422343,0.9999880403249987,0.9999880336422353,0.9999880329943837,0.9999880336422339,0.9999880403249993,0.9999880336422327,0.9999880403249999,-1.9297077310318044e-11,0.9999880336422337,-2.8558898872009362e-11,0.9999880403249993,0.9999880403249986,0.9999880336422334,0.9999880403249997,0.9999880336422357,0.9999880431602931,0.9999880336422343,0.9999880403249987,0.9999880403249993,0.9999880336422339,0.9999880403249999,0.999988040324998,0.9999880403249992,0.9999880403249999,0.999988040324998,0.9999880403250003,0.9999880403249999,-1.9297077805120058e-11,0.9999880403249997,0.9999880403250007,0.999988033642233,0.9999880403250007,0.9999880403250005,0.9999880336422343,0.9999880403249997,0.9999880403250007,0.9999880403249999,0.999988040325001,0.9999880431602926,0.9999880431602942,0.9999880403250007,0.9999880336422321,0.9999880403249999,0.9999880336422332,-2.0698664453261612e-11
0.9999904606542618,0.9999880336422381,0.9999880336422327,0.9999880336422313,0.9999880336422343,0.9999880336422313,0.9999880336422327,0.9999880336422334,0.9999901940557577,0.9999880269594673,0.9999880336422323,0.999988026959469,0.9999880263116154,0.9999880269594668,0.999988033642233,0.9999880269594644,0.9999880336422327,-1.9297077167714023e-11,0.999988026959466,-5.682180961831534e-08,0.999988033642233,0.9999880336422317,0.9999880269594664,0.999988033642233,0.9999880269594681,0.9999880364775255,0.999988026959466,0.9999880336422323,0.9999880336422327,0.999988026959466,0.9999880336422327,0.9999880336422314,0.9999880336422327,0.9999880336422327,0.9999880336422314,0.9999880336422337,0.999988033642232,-1.929707759114094e-11,0.9999880336422327,0.9999880336422327,0.9999880269594664,0.9999880336422334,0.9999880336422334,0.999988026959466,0.999988033642233,0.9999880336422334,0.9999880336422328,0.9999880336422343,0.9999880364775247,0.9999880364775265,0.999988033642233,0.9999880269594645,0.999988033642232,0.9999880269594664,-2.0698664192997698e-11
0.9999904606542624,0.9999880336422394,0.9999880336422332,0.9999880336422321,0.9999880336422347,0.9999880336422314,0.999988033642233,0.9999880336422343,0.9999880269594673,0.9999901940557598,0.9999880336422328,0.999988026959469,0.999988026311616,0.9999880269594668,0.9999880336422334,0.9999880269594651,0.999988033642233,-1.92970771602409e-11,0.9999880269594673,-5.6821809618315304e-08,0.9999880336422334,0.9999880336422327,0.9999880269594674,0.9999880336422334,0.999988026959469,0.9999880364775265,0.9999880269594664,0.9999880336422328,0.999988033642233,0.9999880269594664,0.9999880336422334,0.999988033642232,0.9999880336422327,0.9999880336422334,0.999988033642232,0.9999880336422337,0.9999880336422323,-1.9297077603361976e-11,0.9999880336422327,0.9999880336422339,0.9999880269594666,0.9999880336422345,0.9999880336422339,0.9999880269594664,0.9999880336422328,0.9999880336422343,0.9999880336422332,0.9999880336422347,0.999988036477526,0.9999880364775273,0.9999880336422343,0.9999880269594654,0.9999880336422323,0.9999880269594664,-2.0698664190566666e-11
0.9999904673370497,0.9999880403250048,0.9999880403249993,0.9999880403249974,0.9999880403249999,0.9999880403249977,0.9999880403249993,0.9999880403249987,0.9999880336422323,0.9999880336422328,0.9999902074212936,0.9999880336422347,0.999988032994383,0.999988033642233,0.9999880403249986,0.9999880336422313,0.9999880403249993,-1.929707731808525e-11,0.9999880336422327,-2.8558898802993725e-11,0.9999880403249987,0.9999880403249972,0.9999880336422328,0.999988040324999,0.9999880336422339,0.9999880431602929,0.9999880336422321,0.9999880403249987,0.9999880403249993,0.9999880336422317,0.999988040324999,0.9999880403249972,0.9999880403249986,0.9999880403249993,0.9999880403249972,0.9999880403249992,0.9999880403249979,-1.9297077755071508e-11,0.9999880403249986,0.999988040324999,0.9999880336422327,0.9999880403250003,0.999988040324999,0.9999880336422321,0.999988040324999,0.999988040324999,0.9999880403249987,0.9999880403250007,0.9999880431602924,0.9999880431602929,0.999988040324999,0.9999880336422313,0.9999880403249979,0.9999880336422327,-2.0698664358154427e-11
0.9999904606542602,0.999988033642241,0.9999880336422347,0.9999880336422337,0.9999880336422362,0.9999880336422334,0.9999880336422347,0.9999880336422353,0.999988026959469,0.999988026959469,0.9999880336422347,0.9999901940557677,0.9999880263116179,0.9999880269594686,0.9999880336422347,0.9999880269594681,0.9999880336422341,-1.929707715799821e-11,0.9999880269594681,-5.68218096183153e-08,0.9999880336422347,0.9999880336422339,0.9999880269594686,0.9999880336422353,0.9999880269594709,0.9999880364775284,0.9999880269594694,0.9999880336422347,0.9999880336422347,0.9999880269594686,0.9999880336422345,0.9999880336422343,0.9999880336422345,0.9999880336422352,0.9999880336422343,0.9999880336422353,0.999988033642235,-1.929707761932319e-11,0.9999880336422347,0.9999880336422345,0.9999880269594681,0.9999880336422359,0.9999880336422353,0.9999880269594694,0.9999880336422353,0.9999880336422353,0.9999880336422347,0.9999880336422362,0.9999880364775275,0.9999880364775282,0.9999880336422357,0.9999880269594673,0.9999880336422339,0.9999880269594681,-2.0698664187923284e-11
0.9999904600064067,0.9999880329943885,0.9999880329943823,0.9999880329943819,0.9999880329943833,0.9999880329943823,0.9999880329943823,0.9999880329943837,0.9999880263116154,0.999988026311616,0.999988032994383,0.9999880263116179,0.9999901927600581,0.9999880263116154,0.9999880329943821,0.9999880263116147,0.9999880329943819,-3.839415776360905e-08,0.999988026311615,-5.682180958013058e-08,0.9999880329943821,0.9999880329943823,0.9999880263116153,0.9999880329943825,0.9999880263116181,0.9999880358296755,0.9999880263116154,0.999988032994383,0.9999880329943823,0.9999880263116153,0.9999880329943827,0.9999880329943827,0.9999880329943814,0.9999880329943823,0.9999880329943827,0.9999880329943825,0.9999880329943825,-3.839415865233235e-08,0.9999880329943821,0.9999880329943827,0.9999880263116148,0.9999880329943827,0.9999880329943837,0.9999880263116154,0.9999880329943825,0.9999880329943839,0.9999880329943827,0.9999880329943839,0.9999880358296747,0.9999880358296759,0.9999880329943837,0.9999880263116138,0.9999880329943827,0.9999880263116157,-4.1182805517386445e-08
0.999990460654261,0.9999880336422388,0.9999880336422327,0.9999880336422313,0.9999880336422343,0.9999880336422314,0.9999880336422327,0.9999880336422339,0.9999880269594668,0.9999880269594668,0.999988033642233,0.9999880269594686,0.9999880263116154,0.9999901940557504,0.9999880336422334,0.9999880269594651,0.999988033642233,-1.9297077156649904e-11,0.9999880269594668,-5.6821809618315304e-08,0.9999880336422334,0.9999880336422321,0.9999880269594668,0.999988033642233,0.9999880269594681,0.9999880364775265,0.9999880269594664,0.999988033642233,0.9999880336422327,0.9999880269594654,0.999988033642233,0.9999880336422313,0.9999880336422327,0.9999880336422327,0.9999880336422313,0.9999880336422339,0.9999880336422327,-1.9297077592032393e-11,0.9999880336422327,0.999988033642233,0.9999880269594668,0.9999880336422334,0.9999880336422339,0.9999880269594664,0.9999880336422339,0.9999880336422339,0.9999880336422327,0.9999880336422339,0.9999880364775255,0.999988036477526,0.9999880336422339,0.9999880269594651,0.9999880336422317,0.9999880269594668,-2.0698664192315855e-11
0.9999904673370501,0.9999880403250048,0.9999880403249993,0.9999880403249979,0.9999880403250003,0.9999880403249986,0.9999880403249993,0.9999880403249993,0.999988033642233,0.9999880336422334,0.9999880403249986,0.9999880336422347,0.9999880329943821,0.9999880336422334,0.9999902074212869,0.9999880336422313,0.9999880403249983,-1.929707729610205e-11,0.999988033642233,-2.855889885843676e-11,0.999988040324999,0.9999880403249974,0.9999880336422332,0.9999880403249997,0.9999880336422343,0.9999880431602926,0.9999880336422327,0.9999880403249986,0.9999880403249993,0.9999880336422321,0.9999880403249986,0.9999880403249986,0.9999880403249987,0.9999880403249987,0.9999880403249986,0.9999880403249997,0.9999880403249986,-1.929707774288094e-11,0.999988040324999,0.9999880403249986,0.999988033642233,0.9999880403249999,0.9999880403249997,0.9999880336422327,0.9999880403249997,0.9999880403249993,0.9999880403249993,0.9999880403249999,0.9999880431602922,0.9999880431602926,0.9999880403249997,0.9999880336422317,0.9999880403249986,0.999988033642233,-2.0698664390602813e-11
0.9999904606542619,0.9999880336422374,0.9999880336422317,0.9999880336422308,0.999988033642233,0.9999880336422291,0.9999880336422317,0.9999880336422327,0.9999880269594644,0.9999880269594651,0.9999880336422313,0.9999880269594681,0.9999880263116147,0.9999880269594651,0.9999880336422313,0.9999901940557545,0.9999880336422313,-1.9297077156927284e-11,0.9999880269594654,-5.682180961831525e-08,0.9999880336422317,0.999988033642231,0.9999880269594654,0.9999880336422317,0.999988026959467,0.9999880364775249,0.9999880269594651,0.9999880336422313,0.9999880336422317,0.9999880269594651,0.9999880336422314,0.9999880336422298,0.9999880336422308,0.9999880336422317,0.9999880336422298,0.9999880336422317,0.9999880336422317,-1.9297077581425853e-11,0.9999880336422317,0.9999880336422327,0.9999880269594645,0.9999880336422327,0.9999880336422327,0.9999880269594651,0.9999880336422317,0.9999880336422327,0.9999880336422314,0.9999880336422334,0.9999880364775244,0.9999880364775257,0.9999880336422327,0.9999880269594632,0.9999880336422317,0.9999880269594648,-2.069866417790583e-11
0.9999904673370509,0.9999880403250042,0.9999880403249986,0.9999880403249977,0.9999880403249997,0.9999880403249979,0.9999880403249986,0.9999880403249999,0.9999880336422327,0.999988033642233,0.9999880403249993,0.9999880336422341,0.9999880329943819,0.999988033642233,0.9999880403249983,0.9999880336422313,0.9999902074212912,-1.9297077294653887e-11,0.9999880336422327,-2.8558898739544074e-11,0.9999880403249983,0.9999880403249972,0.9999880336422323,0.9999880403249993,0.9999880336422341,0.9999880431602922,0.9999880336422327,0.9999880403249993,0.9999880403249986,0.999988033642232,0.9999880403249986,0.999988040324998,0.999988040324998,0.9999880403249986,0.999988040324998,0.9999880403249997,0.9999880403249986,-1.9297077767349902e-11,0.9999880403249986,0.9999880403249993,0.9999880336422321,0.9999880403249999,0.9999880403249999,0.9999880336422327,0.9999880403249993,0.9999880403249993,0.9999880403249983,0.9999880403249997,0.9999880431602917,0.9999880431602922,0.9999880403249993,0.9999880336422313,0.9999880403249977,0.9999880336422327,-2.069866437304903e-11
-1.0960315341309579e-06,-1.9297077253480988e-11,-1.929707728031171e-11,-1.9297077270601652e-11,-1.9297077317730875e-11,-1.929707728031171e-11,-1.92970772908288e-11,-1.9297077310318044e-11,-1.9297077167714023e-11,-1.92970771602409e-11,-1.929707731808525e-11,-1.929707715799821e-11,-3.839415776360905e-08,-1.9297077156649904e-11,-1.929707729610205e-11,-1.9297077156927284e-11,-1.9297077294653887e-11,2.167096299320235e-06,-1.929707715707e-11,1.1945825633950759e-18,-1.9297077291160202e-11,-1.9297077322551086e-11,-1.929707716892755e-11,-1.9297077299644784e-11,-1.9297077157481805e-11,-1.9297077180407927e-11,-1.9297077153684965e-11,-1.9297077308575766e-11,-1.92970772846201e-11,-1.9297077157921523e-11,-1.9297077331459097e-11,-1.9297077308575766e-11,-1.929707731808525e-11,-1.9297077339290136e-11,-1.9297077290917806e-11,-1.9297077280050207e-11,-1.929707732052438e-11,1.1908722202910128e-18,-1.9297077286171317e-11,-1.9297077298669684e-11,-1.9297077150192644e-11,-1.929707730964777e-11,-1.9297077282874734e-11,-1.929707715035345e-11,-1.9297077297926914e-11,-1.929707733516687e-11,-1.929707728031171e-11,-1.929707732000389e-11,-1.9297077289212376e-11,-1.9297077386333658e-11,-1.9297077282874734e-11,-1.929707714696878e-11,-1.9297077292962276e-11,-1.9297077161832707e-11,5.270899543533162e-19
0.9999904606542621,0.9999880336422388,0.999988033642233,0.999988033642232,0.9999880336422343,0.9999880336422317,0.999988033642233,0.9999880336422337,0.999988026959466,0.9999880269594673,0.9999880336422327,0.9999880269594681,0.999988026311615,0.9999880269594668,0.999988033642233,0.9999880269594654,0.9999880336422327,-1.929707715707e-11,0.9999901940557637,-5.6821809618315377e-08,0.999988033642233,0.9999880336422317,0.9999880269594664,0.999988033642233,0.9999880269594686,0.9999880364775257,0.9999880269594673,0.9999880336422327,0.9999880336422327,0.9999880269594664,0.9999880336422327,0.9999880336422321,0.9999880336422321,0.9999880336422323,0.9999880336422321,0.999988033642233,0.9999880336422327,-1.9297077610410585e-11,0.999988033642232,0.9999880336422327,0.999988026959466,0.9999880336422339,0.9999880336422337,0.9999880269594673,0.999988033642233,0.999988033642233,0.9999880336422327,0.9999880336422337,0.9999880364775257,0.9999880364775262,0.9999880336422339,0.9999880269594648,0.9999880336422327,0.9999880269594666,-2.0698664186482258e-11
-1.1144592610892534e-06,-2.8558898802993725e-11,-2.8558898805156292e-11,-2.8558898733325782e-11,-2.855889887964883e-11,-2.855889874459809e-11,-2.8558898733325782e-11,-2.8558898872009362e-11,-5.682180961831534e-08,-5.6821809618315304e-08,-2.8558898802993725e-11,-5.68218096183153e-08,-5.682180958013058e-08,-5.6821809618315304e-08,-2.855889885843676e-11,-5.682180961831525e-08,-2.8558898739544074e-11,1.1945825633950759e-18,-5.6821809618315377e-08,2.167096304608557e-06,-2.8558898766287217e-11,-2.8558898723037468e-11,-5.6821809618315377e-08,-2.8558898752520376e-11,-5.682180961831541e-08,-2.8558898833991052e-11,-5.68218096183153e-08,-2.8558898802993725e-11,-2.8558898823050186e-11,-5.68218096183153e-08,-2.8558898872009362e-11,-2.8558898823050186e-11,-2.8558898801798252e-11,-2.8558898823050186e-11,-2.8558898872009362e-11,-2.855889880515628e-11,-2.8558898733325782e-11,1.0131263656003335e-18,-2.855889884463296e-11,-2.8558898863202677e-11,-5.6821809618315304e-08,-2.8558898754835412e-11,-2.8558898872009362e-11,-5.68218096183153e-08,-2.85588988206303e-11,-2.8558898801798252e-11,-2.8558898802363317e-11,-2.8558898834732148e-11,-2.8558898859028607e-11,-2.8558898840909914e-11,-2.8558898839565028e-11,-5.682180961831539e-08,-2.85588987695428e-11,-5.6821809618315284e-08,-4.243755935526267e-19
0.9999904673370505,0.9999880403250048,0.9999880403249993,0.9999880403249979,0.9999880403250003,0.9999880403249986,0.9999880403249993,0.9999880403249993,0.999988033642233,0.9999880336422334,0.9999880403249987,0.9999880336422347,0.9999880329943821,0.9999880336422334,0.999988040324999,0.9999880336422317,0.9999880403249983,-1.9297077291160202e-11,0.999988033642233,-2.8558898766287217e-11,0.9999902074212887,0.9999880403249972,0.9999880336422332,0.9999880403249997,0.9999880336422343,0.9999880431602926,0.9999880336422327,0.9999880403249987,0.9999880403249993,0.9999880336422321,0.9999880403249986,0.9999880403249979,0.999988040324999,0.9999880403249987,0.9999880403249979,0.9999880403249993,0.9999880403249986,-1.9297077734614853e-11,0.999988040324999,0.9999880403249993,0.999988033642233,0.9999880403249999,0.9999880403249997,0.9999880336422327,0.9999880403249997,0.9999880403249993,0.9999880403249993,0.9999880403249999,0.9999880431602922,0.9999880431602926,0.9999880403249993,0.9999880336422317,0.9999880403249986,0.999988033642233,-2.0698664351745483e-11
0.9999904673370493,0.9999880403250039,0.9999880403249986,0.999988040324997,0.9999880403249986,0.9999880403249968,0.9999880403249986,0.9999880403249986,0.9999880336422317,0.9999880336422327,0.9999880403249972,0.9999880336422339,0.9999880329943823,0.9999880336422321,0.9999880403249974,0.999988033642231,0.9999880403249972,-1.9297077322551086e-11,0.9999880336422317,-2.8558898723037468e-11,0.9999880403249972,0.9999902074212936,0.9999880336422321,0.999988040324998,0.9999880336422343,0.9999880431602917,0.9999880336422321,0.9999880403249972,0.9999880403249986,0.9999880336422313,0.999988040324998,0.9999880403249977,0.9999880403249968,0.9999880403249974,0.9999880403249977,0.999988040324998,0.9999880403249977,-1.9297077703812395e-11,0.9999880403249974,0.999988040324998,0.9999880336422313,0.9999880403249986,0.9999880403249987,0.9999880336422321,0.999988040324998,0.9999880403249987,0.9999880403249986,0.9999880403249987,0.9999880431602909,0.9999880431602916,0.9999880403249987,0.9999880336422303,0.9999880403249986,0.9999880336422317,-2.0698664305371512e-11
0.9999904606542607,0.9999880336422389,0.9999880336422327,0.9999880336422317,0.9999880336422339,0.9999880336422317,0.9999880336422327,0.9999880336422334,0.9999880269594664,0.9999880269594674,0.9999880336422328,0.9999880269594686,0.9999880263116153,0.9999880269594668,0.9999880336422332,0.9999880269594654,0.9999880336422323,-1.929707716892755e-11,0.9999880269594664,-5.6821809618315377e-08,0.9999880336422332,0.9999880336422321,0.9999901940557554,0.9999880336422334,0.9999880269594681,0.9999880364775265,0.9999880269594664,0.9999880336422328,0.9999880336422323,0.999988026959466,0.9999880336422327,0.9999880336422321,0.9999880336422321,0.9999880336422327,0.9999880336422321,0.9999880336422339,0.9999880336422327,-1.929707758236269e-11,0.9999880336422327,0.9999880336422327,0.9999880269594666,0.9999880336422339,0.9999880336422334,0.9999880269594664,0.9999880336422334,0.9999880336422334,0.9999880336422334,0.9999880336422334,0.999988036477526,0.9999880364775262,0.9999880336422334,0.9999880269594654,0.9999880336422327,0.9999880269594664,-2.0698664185652967e-11
0.9999904673370525,0.9999880403250055,0.999988040324999,0.999988040324998,0.999988040325001,0.999988040324998,0.999988040324999,0.9999880403249997,0.999988033642233,0.9999880336422334,0.999988040324999,0.9999880336422353,0.9999880329943825,0.999988033642233,0.9999880403249997,0.9999880336422317,0.9999880403249993,-1.9297077299644784e-11,0.999988033642233,-2.8558898752520376e-11,0.9999880403249997,0.999988040324998,0.9999880336422334,0.9999902074212927,0.9999880336422343,0.9999880431602926,0.999988033642233,0.999988040324999,0.999988040324999,0.9999880336422327,0.999988040324999,0.999988040324998,0.9999880403249992,0.9999880403249999,0.999988040324998,0.9999880403249999,0.9999880403249992,-1.9297077699745655e-11,0.999988040324999,0.9999880403249993,0.999988033642233,0.9999880403250003,0.9999880403249999,0.999988033642233,0.9999880403249997,0.9999880403249999,0.9999880403249992,0.9999880403250003,0.9999880431602924,0.9999880431602931,0.9999880403249999,0.9999880336422321,0.9999880403249983,0.999988033642233,-2.0698664377296873e-11
0.9999904606542594,0.999988033642241,0.9999880336422345,0.9999880336422339,0.9999880336422357,0.999988033642233,0.9999880336422345,0.9999880336422357,0.9999880269594681,0.999988026959469,0.9999880336422339,0.9999880269594709,0.9999880263116181,0.9999880269594681,0.9999880336422343,0.999988026959467,0.9999880336422341,-1.9297077157481805e-11,0.9999880269594686,-5.682180961831541e-08,0.9999880336422343,0.9999880336422343,0.9999880269594681,0.9999880336422343,0.9999901940557624,0.999988036477528,0.9999880269594681,0.9999880336422339,0.9999880336422343,0.9999880269594676,0.9999880336422347,0.9999880336422334,0.9999880336422343,0.9999880336422347,0.9999880336422334,0.9999880336422345,0.9999880336422339,-1.9297077592185564e-11,0.9999880336422347,0.9999880336422347,0.9999880269594686,0.9999880336422352,0.9999880336422352,0.9999880269594681,0.9999880336422343,0.9999880336422345,0.9999880336422347,0.9999880336422362,0.9999880364775271,0.9999880364775291,0.9999880336422345,0.9999880269594668,0.9999880336422343,0.9999880269594686,-2.069866418588606e-11
0.9999904701723508,0.999988043160298,0.9999880431602917,0.9999880431602913,0.9999880431602939,0.9999880431602916,0.9999880431602917,0.9999880431602931,0.9999880364775255,0.9999880364775265,0.9999880431602929,0.9999880364775284,0.9999880358296755,0.9999880364775265,0.9999880431602926,0.9999880364775249,0.9999880431602922,-1.9297077180407927e-11,0.9999880364775257,-2.8558898833991052e-11,0.9999880431602926,0.9999880431602917,0.9999880364775265,0.9999880431602926,0.999988036477528,0.9999902130918745,0.9999880364775255,0.9999880431602929,0.9999880431602919,0.9999880364775255,0.9999880431602929,0.9999880431602917,0.9999880431602917,0.9999880431602917,0.9999880431602917,0.9999880431602935,0.9999880431602926,-1.9297077918925395e-11,0.9999880431602917,0.9999880431602931,0.9999880364775255,0.9999880431602939,0.9999880431602931,0.9999880364775255,0.9999880431602929,0.9999880431602932,0.9999880431602917,0.9999880431602931,0.9999880459955841,0.9999880459955856,0.9999880431602932,0.9999880364775242,0.9999880431602917,0.9999880364775265,-4.1182805951312755e-08
0.9999904606542582,0.9999880336422389,0.999988033642233,0.9999880336422313,0.9999880336422339,0.9999880336422313,0.9999880336422328,0.9999880336422343,0.999988026959466,0.9999880269594664,0.9999880336422321,0.9999880269594694,0.9999880263116154,0.9999880269594664,0.9999880336422327,0.9999880269594651,0.9999880336422327,-1.9297077153684965e-11,0.9999880269594673,-5.68218096183153e-08,0.9999880336422327,0.9999880336422321,0.9999880269594664,0.999988033642233,0.9999880269594681,0.9999880364775255,0.9999901940557523,0.9999880336422321,0.9999880336422328,0.9999880269594666,0.999988033642233,0.9999880336422313,0.9999880336422327,0.999988033642233,0.9999880336422313,0.9999880336422334,0.9999880336422317,-1.9297077597884896e-11,0.999988033642233,0.999988033642233,0.999988026959466,0.9999880336422334,0.9999880336422339,0.9999880269594664,0.999988033642233,0.9999880336422341,0.9999880336422332,0.9999880336422343,0.9999880364775247,0.999988036477526,0.9999880336422341,0.9999880269594644,0.9999880336422323,0.9999880269594664,-2.069866418632051e-11
0.9999904673370497,0.9999880403250048,0.9999880403249993,0.9999880403249974,0.9999880403249999,0.9999880403249977,0.9999880403249993,0.9999880403249987,0.9999880336422323,0.9999880336422328,0.9999880403249987,0.9999880336422347,0.999988032994383,0.999988033642233,0.9999880403249986,0.9999880336422313,0.9999880403249993,-1.9297077308575766e-11,0.9999880336422327,-2.8558898802993725e-11,0.9999880403249987,0.9999880403249972,0.9999880336422328,0.999988040324999,0.9999880336422339,0.9999880431602929,0.9999880336422321,0.9999902074212936,0.9999880403249993,0.9999880336422317,0.999988040324999,0.9999880403249972,0.9999880403249986,0.9999880403249993,0.9999880403249972,0.9999880403249992,0.9999880403249979,-1.929707779851441e-11,0.9999880403249986,0.999988040324999,0.9999880336422327,0.9999880403250003,0.999988040324999,0.9999880336422321,0.999988040324999,0.999988040324999,0.9999880403249987,0.9999880403250007,0.9999880431602924,0.9999880431602929,0.999988040324999,0.9999880336422313,0.9999880403249979,0.9999880336422327,-2.0698664315472237e-11
0.9999904673370529,0.9999880403250042,0.9999880403249986,0.9999880403249972,0.9999880403249999,0.9999880403249974,0.9999880403249987,0.9999880403249993,0.9999880336422327,0.999988033642233,0.9999880403249993,0.9999880336422347,0.9999880329943823,0.9999880336422327,0.9999880403249993,0.9999880336422317,0.9999880403249986,-1.92970772846201e-11,0.9999880336422327,-2.8558898823050186e-11,0.9999880403249993,0.9999880403249986,0.9999880336422323,0.999988040324999,0.9999880336422343,0.9999880431602919,0.9999880336422328,0.9999880403249993,0.9999902074212912,0.9999880336422321,0.9999880403249993,0.9999880403249972,0.9999880403249986,0.9999880403249997,0.9999880403249972,0.9999880403249997,0.9999880403249986,-1.9297077746561538e-11,0.999988040324999,0.9999880403249993,0.9999880336422321,0.999988040325,0.9999880403249993,0.9999880336422328,0.999988040324999,0.9999880403249993,0.999988040324999,0.9999880403249999,0.9999880431602919,0.9999880431602926,0.9999880403249993,0.9999880336422313,0.999988040324998,0.9999880336422327,-2.0698664347759426e-11
0.99999046065426,0.9999880336422385,0.9999880336422327,0.9999880336422317,0.9999880336422334,0.999988033642231,0.9999880336422327,0.9999880336422339,0.999988026959466,0.9999880269594664,0.9999880336422317,0.9999880269594686,0.9999880263116153,0.9999880269594654,0.9999880336422321,0.9999880269594651,0.999988033642232,-1.9297077157921523e-11,0.9999880269594664,-5.68218096183153e-08,0.9999880336422321,0.9999880336422313,0.999988026959466,0.9999880336422327,0.9999880269594676,0.9999880364775255,0.9999880269594666,0.9999880336422317,0.9999880336422321,0.9999901940557678,0.9999880336422321,0.9999880336422308,0.9999880336422321,0.9999880336422323,0.9999880336422308,0.9999880336422332,0.999988033642232,-1.929707758236269e-11,0.9999880336422327,0.9999880336422323,0.999988026959466,0.9999880336422327,0.9999880336422332,0.9999880269594666,0.9999880336422327,0.9999880336422334,0.999988033642233,0.9999880336422339,0.9999880364775247,0.9999880364775267,0.9999880336422334,0.9999880269594651,0.9999880336422321,0.9999880269594664,-2.0698664181650466e-11
0.9999904673370513,0.9999880403250051,0.9999880403249993,0.9999880403249977,0.9999880403249999,0.9999880403249977,0.9999880403249993,0.9999880403249999,0.9999880336422327,0.9999880336422334,0.999988040324999,0.9999880336422345,0.9999880329943827,0.999988033642233,0.9999880403249986,0.9999880336422314,0.9999880403249986,-1.9297077331459097e-11,0.9999880336422327,-2.8558898872009362e-11,0.9999880403249986,0.999988040324998,0.9999880336422327,0.999988040324999,0.9999880336422347,0.9999880431602929,0.999988033642233,0.999988040324999,0.9999880403249993,0.9999880336422321,0.999990207421291,0.9999880403249979,0.9999880403249983,0.9999880403249987,0.9999880403249979,0.9999880403249993,0.9999880403249986,-1.9297077805120058e-11,0.9999880403249993,0.9999880403249997,0.9999880336422321,0.9999880403250003,0.9999880403249999,0.999988033642233,0.999988040324999,0.999988040325,0.9999880403249993,0.999988040325,0.9999880431602919,0.9999880431602926,0.9999880403249999,0.9999880336422317,0.9999880403249986,0.9999880336422327,-2.0698664408709667e-11
0.9999904673370456,0.9999880403250042,0.9999880403249974,0.999988040324997,0.9999880403249999,0.9999880403249968,0.9999880403249972,0.999988040324998,0.9999880336422314,0.999988033642232,0.9999880403249972,0.9999880336422343,0.9999880329943827,0.9999880336422313,0.9999880403249986,0.9999880336422298,0.999988040324998,-1.9297077308575766e-11,0.9999880336422321,-2.8558898823050186e-11,0.9999880403249979,0.9999880403249977,0.9999880336422321,0.999988040324998,0.9999880336422334,0.9999880431602917,0.9999880336422313,0.9999880403249972,0.9999880403249972,0.9999880336422308,0.9999880403249979,0.9999902074212828,0.9999880403249977,0.9999880403249986,0.999988040324997,0.9999880403249986,0.9999880403249979,-1.929707779838806e-11,0.9999880403249974,0.9999880403249979,0.9999880336422317,0.9999880403249993,0.9999880403249987,0.9999880336422313,0.9999880403249974,0.999988040324998,0.9999880403249983,0.9999880403249999,0.9999880431602909,0.9999880431602922,0.999988040324998,0.9999880336422303,0.9999880403249979,0.9999880336422317,-2.0698664369722306e-11
0.9999904673370532,0.9999880403250042,0.9999880403249986,0.9999880403249968,0.999988040325,0.9999880403249977,0.9999880403249986,0.9999880403249992,0.9999880336422327,0.9999880336422327,0.9999880403249986,0.9999880336422345,0.9999880329943814,0.9999880336422327,0.9999880403249987,0.9999880336422308,0.999988040324998,-1.929707731808525e-11,0.9999880336422321,-2.8558898801798252e-11,0.999988040324999,0.9999880403249968,0.9999880336422321,0.9999880403249992,0.9999880336422343,0.9999880431602917,0.9999880336422327,0.9999880403249986,0.9999880403249986,0.9999880336422321,0.9999880403249983,0.9999880403249977,0.9999902074212871,0.999988040324998,0.9999880403249977,0.999988040324999,0.999988040324998,-1.9297077805120058e-11,0.9999880403249979,0.9999880403249983,0.9999880336422321,0.9999880403249993,0.999988040324999,0.9999880336422327,0.9999880403249992,0.9999880403249992,0.9999880403249986,0.9999880403249993,0.9999880431602917,0.9999880431602922,0.9999880403249992,0.9999880336422313,0.9999880403249977,0.9999880336422327,-2.069866433967863e-11
0.9999904673370529,0.9999880403250044,0.9999880403249997,0.999988040324998,0.9999880403249997,0.999988040324998,0.9999880403249997,0.9999880403249999,0.9999880336422327,0.9999880336422334,0.9999880403249993,0.9999880336422352,0.9999880329943823,0.9999880336422327,0.9999880403249987,0.9999880336422317,0.9999880403249986,-1.9297077339290136e-11,0.9999880336422323,-2.8558898823050186e-11,0.9999880403249987,0.9999880403249974,0.9999880336422327,0.9999880403249999,0.9999880336422347,0.9999880431602917,0.999988033642233,0.9999880403249993,0.9999880403249997,0.9999880336422323,0.9999880403249987,0.9999880403249986,0.999988040324998,0.9999902074212872,0.9999880403249986,0.9999880403249999,0.9999880403249986,-1.929707777555864e-11,0.999988040324999,0.9999880403249987,0.9999880336422323,0.9999880403250003,0.9999880403249993,0.999988033642233,0.9999880403249999,0.9999880403249999,0.9999880403249993,0.9999880403249999,0.9999880431602913,0.9999880431602926,0.9999880403249999,0.9999880336422313,0.9999880403249987,0.999988033642233,-2.0698664332968687e-11
0.9999904673370456,0.9999880403250042,0.9999880403249974,0.999988040324997,0.9999880403249999,0.9999880403249968,0.9999880403249972,0.999988040324998,0.9999880336422314,0.999988033642232,0.9999880403249972,0.9999880336422343,0.9999880329943827,0.9999880336422313,0.9999880403249986,0.9999880336422298,0.999988040324998,-1.9297077290917806e-11,0.9999880336422321,-2.8558898872009362e-11,0.9999880403249979,0.9999880403249977,0.9999880336422321,0.999988040324998,0.9999880336422334,0.9999880431602917,0.9999880336422313,0.9999880403249972,0.9999880403249972,0.9999880336422308,0.9999880403249979,0.999988040324997,0.9999880403249977,0.9999880403249986,0.9999902074212828,0.9999880403249986,0.9999880403249979,-1.9297077760989255e-11,0.9999880403249974,0.9999880403249979,0.9999880336422317,0.9999880403249993,0.9999880403249987,0.9999880336422313,0.9999880403249974,0.999988040324998,0.9999880403249983,0.9999880403249999,0.9999880431602909,0.9999880431602922,0.999988040324998,0.9999880336422303,0.9999880403249979,0.9999880336422317,-2.0698664305602906e-11
0.9999904673370524,0.9999880403250055,0.9999880403249999,0.999988040324998,0.9999880403250007,0.999988040324999,0.9999880403249997,0.9999880403250003,0.9999880336422337,0.9999880336422337,0.9999880403249992,0.9999880336422353,0.9999880329943825,0.9999880336422339,0.9999880403249997,0.9999880336422317,0.9999880403249997,-1.9297077280050207e-11,0.999988033642233,-2.855889880515628e-11,0.9999880403249993,0.999988040324998,0.9999880336422339,0.9999880403249999,0.9999880336422345,0.9999880431602935,0.9999880336422334,0.9999880403249992,0.9999880403249997,0.9999880336422332,0.9999880403249993,0.9999880403249986,0.999988040324999,0.9999880403249999,0.9999880403249986,0.9999902074212874,0.9999880403249992,-1.9297077781597103e-11,0.9999880403249993,0.9999880403249993,0.9999880336422334,0.9999880403250007,0.9999880403249997,0.9999880336422334,0.9999880403249999,0.9999880403249999,0.9999880403249999,0.9999880403250012,0.9999880431602931,0.9999880431602935,0.9999880403249999,0.9999880336422321,0.9999880403249993,0.9999880336422332,-2.0698664332968687e-11
0.9999904673370501,0.9999880403250048,0.9999880403249986,0.9999880403249972,0.9999880403250003,0.9999880403249977,0.9999880403249986,0.9999880403249999,0.999988033642232,0.9999880336422323,0.9999880403249979,0.999988033642235,0.9999880329943825,0.9999880336422327,0.9999880403249986,0.9999880336422317,0.9999880403249986,-1.929707732052438e-11,0.9999880336422327,-2.8558898733325782e-11,0.9999880403249986,0.9999880403249977,0.9999880336422327,0.9999880403249992,0.9999880336422339,0.9999880431602926,0.9999880336422317,0.9999880403249979,0.9999880403249986,0.999988033642232,0.9999880403249986,0.9999880403249979,0.999988040324998,0.9999880403249986,0.9999880403249979,0.9999880403249992,0.9999902074212845,-1.9297077791467448e-11,0.999988040324998,0.9999880403249986,0.9999880336422321,0.9999880403249993,0.9999880403249993,0.9999880336422317,0.9999880403249992,0.999988040324999,0.9999880403249986,0.9999880403250003,0.9999880431602917,0.9999880431602922,0.9999880403249999,0.9999880336422308,0.999988040324998,0.9999880336422321,-2.0698664306663377e-11
