1.000000021093122,0.9999743407890015,0.9999738479702369,7.320279564033573e-06,7.545466875339575e-06,7.305427969712961e-06,7.320279568226261e-06,7.317055738071198e-06,0.9999738479702313,0.9999737918340023,8.041854373994195e-06,7.196361222120096e-06,7.559815630592121e-06,7.491323724800173e-06,7.250776720245704e-06,7.292388380174183e-06,7.533605142654719e-06,7.707480767550673e-06,7.2605276858433066e-06,7.307894255577095e-06,7.355132562845307e-06,0.9999735751355623,0.9999744008185989,0.9999741743659877,7.401718335428363e-06,7.25077671727269e-06,0.9999743079312767,7.66226769396134e-06,0.999974286041207,7.567516024391401e-06,7.220974726366762e-06,0.999974277081932,7.220974725935758e-06,7.307894253152954e-06,7.250776720251183e-06,7.312611200737672e-06,7.462709846672285e-06,7.260527685843729e-06,7.435054980469705e-06,8.440028636234396e-06,0.999973797409402,8.976722686759752e-06,7.2990223626474325e-06,0.9999744008186012,0.9999744008186001,7.340675604221172e-06,7.559815632113923e-06,7.480041783382707e-06,7.533605142708845e-06
0.9999743407890015,0.9999512837145303,0.9999346596721425,5.077357585401935e-10,6.209899321119437e-10,5.002663949782239e-10,5.077357593774958e-10,5.061143726136546e-10,0.9999346596721418,0.9999346035382481,8.70639476848439e-10,4.454131024243116e-10,6.282063917746691e-10,5.937593667520163e-10,4.72780389240733e-10,4.937083456587492e-10,6.150243164748352e-10,7.024720857652138e-10,4.776844486794327e-10,5.015068014125206e-10,5.252643821324994e-10,0.9999343868483689,0.9999352124986107,0.9999349860553977,5.486940520206569e-10,4.727803892057433e-10,0.9999351196148609,6.797326945278249e-10,0.9999350977260675,6.320791182319026e-10,4.577920786392469e-10,0.9999350887667037,4.577920784928589e-10,5.015068011077292e-10,4.727803893246057e-10,5.038790890832595e-10,5.793685628946607e-10,4.776844491194755e-10,1.1242883897243458e-06,1.0708943930686741e-09,0.9999346091130628,2.6659059600307217e-06,4.970447785033296e-10,0.9999352124986093,0.9999352124986121,5.179935342283239e-10,6.282063915401926e-10,5.880853362035096e-10,6.150243160050077e-10
0.9999738479702369,0.9999346596721425,0.9999502981153737,5.077354086549473e-10,6.209894865741816e-10,5.002660520653156e-10,5.077354091632031e-10,5.061140306047294e-10,0.9999341668718706,0.9999341107378212,1.7310669863025177e-06,4.454128061762877e-10,1.2490443247508654e-06,5.937590123951222e-10,4.727800996082245e-10,4.937080111299247e-10,1.2228347618869203e-06,1.3967046095366591e-06,4.776841641543299e-10,5.015064465356307e-10,5.252640572769245e-10,0.9999338940475191,0.999934719699441,0.9999344932556177,5.486936551916619e-10,4.727800994858796e-10,0.9999346268155467,1.3514927097017876e-06,0.9999346049265572,1.2567443929092861e-06,4.577917628255126e-10,0.9999345959673427,4.577917627821013e-10,5.015064460721121e-10,4.727800999368552e-10,5.038787396193016e-10,5.793681956806222e-10,4.776841643820877e-10,5.654596717010123e-10,2.129228002230923e-06,0.999934116312781,2.6659042494511876e-06,4.970444469928615e-10,0.9999347196994398,0.9999347196994416,5.179932018691038e-10,1.2490443244112757e-06,5.880849746419637e-10,1.2228347615431306e-06
7.320279564033573e-06,5.077357585401935e-10,5.077354086549473e-10,1.61312480859957e-05,6.073742547391234e-16,4.916026685548955e-16,9.917117391491033e-13,4.989684597181342e-16,5.077354085953398e-10,1.0095160398942585e-06,8.596641346783636e-16,4.388579245749762e-16,6.14642205151679e-16,5.929208566315715e-16,4.704541983533103e-16,4.862780117355566e-16,5.984173132592278e-16,6.857301372272078e-16,4.769421138958404e-16,4.908258218720055e-16,5.230325301879186e-16,1.0095157337579558e-06,5.077358033018486e-10,5.077356288046905e-10,5.362069972787773e-16,4.704541983533103e-16,5.077357403603214e-10,6.793938285234498e-16,5.077357122205285e-10,6.217875359424358e-16,4.493918123339216e-16,5.077357194722596e-10,4.493918123339216e-16,4.906691392570685e-16,4.708329725086849e-16,4.946413961154153e-16,5.745419263036725e-16,4.769421138958404e-16,1.1124637863303913e-12,1.059699504575907e-15,5.077353800600346e-10,1.3273454017921245e-15,4.899920495730602e-16,5.077358033035192e-10,5.077358033018486e-10,5.132397481182968e-16,6.14642205151679e-16,5.850343327483357e-16,5.986205100694848e-16
7.545466875339575e-06,6.209899321119437e-10,6.209894865741816e-10,6.073742547391234e-16,1.6131248559404164e-05,1.190341061394476e-12,6.074450767906725e-16,6.070841722338481e-16,6.209894867030789e-10,1.2346959372228976e-06,1.0461776811060548e-15,5.353521048155838e-16,7.469130633396265e-16,7.223732397704709e-16,5.73796068746924e-16,5.92222021395629e-16,7.270764923458597e-16,8.330912280213792e-16,5.817753437745081e-16,5.965851196974087e-16,6.369405458171797e-16,1.23469554747176e-06,6.209899897463196e-10,6.209897656828979e-10,6.511645007709482e-16,5.73902893576321e-16,6.2098991020437e-10,8.289241898123356e-16,6.209898723368147e-10,7.57169563880249e-16,5.474593927270691e-16,1.2346968372696784e-06,5.465507333807009e-16,5.965851196974087e-16,5.73796068746924e-16,6.016769073150298e-16,7.001866647280436e-16,5.817753437745081e-16,6.813536549159423e-16,1.2911808111165171e-15,1.2346959781588615e-06,1.6170276201680453e-15,5.968839284998489e-16,6.209899897463196e-10,6.209899899086037e-10,6.249282138594475e-16,7.470266588100116e-16,7.12981749645081e-16,7.270110095502941e-16
7.305427969712961e-06,5.002663949782239e-10,5.002660520653156e-10,4.916026685548955e-16,1.190341061394476e-12,1.613124805940972e-05,4.91602668555015e-16,4.918010973223358e-16,5.002660520838022e-10,9.946649300010349e-07,8.4679549775574525e-16,8.614934780329419e-13,6.0609548276368815e-16,5.840585104428035e-16,4.640165767678313e-16,4.793703705484955e-16,5.902072757663475e-16,6.75903974234917e-16,4.6988686145965665e-16,4.834017140219276e-16,5.149855594919551e-16,9.94664630291052e-07,5.002664389387177e-10,5.002662679140487e-10,5.291083050641898e-16,4.639985041604256e-16,5.002663773019638e-10,6.697202014197473e-16,5.002663496144513e-10,1.219230529982631e-12,4.432057190997613e-16,5.00266356313204e-10,4.4331506126909006e-16,4.834017140219276e-16,4.63618293898298e-16,4.884612120732279e-16,5.66191599323482e-16,4.699616832609201e-16,5.510402467544425e-16,1.0445782716427295e-15,5.002660245081106e-10,1.3089229074803304e-15,4.834607085756502e-16,5.00266438958248e-10,5.002664387455241e-10,5.056537946283391e-16,6.0609548276368815e-16,5.765346264924313e-16,5.905150854466683e-16
7.320279568226261e-06,5.077357593774958e-10,5.077354091632031e-10,9.917117391491033e-13,6.074450767906725e-16,4.91602668555015e-16,1.61312480859957e-05,4.984794145538871e-16,5.077354090950048e-10,1.0095160408189474e-06,8.591282616772797e-16,4.3943534464212156e-16,6.146304325530833e-16,5.929614173777953e-16,4.707422419972984e-16,4.859505239007393e-16,5.984173132592278e-16,6.857301372272078e-16,4.769421138958404e-16,4.906691392570685e-16,5.230325301879186e-16,1.0095157346826422e-06,5.077358039297004e-10,5.077356291822572e-10,5.362069972787773e-16,4.708329725086849e-16,5.07735740943342e-10,6.793938608363459e-16,5.077357129093733e-10,6.222154930594283e-16,4.493989288614595e-16,5.077357200373185e-10,4.493989288614595e-16,4.906691392570685e-16,4.704541983533103e-16,4.946413961154153e-16,5.745419263036725e-16,4.765696227833433e-16,1.112463786056505e-12,1.0594315832397863e-15,5.077353805364816e-10,1.3273454017921245e-15,4.898657152479369e-16,5.077358039297004e-10,5.077358038036761e-10,5.132397481182968e-16,6.145281097976329e-16,5.850343327483357e-16,5.986205100694848e-16
7.317055738071198e-06,5.061143726136546e-10,5.061140306047294e-10,4.989684597181342e-16,6.070841722338481e-16,4.918010973223358e-16,4.984794145538871e-16,1.6131248089153525e-05,5.061140302077973e-10,1.0062923003403144e-06,8.581704298164111e-16,4.3920755305040875e-16,6.140865277803872e-16,5.914337108238286e-16,4.696121292698929e-16,4.85451313956017e-16,5.98199684293309e-16,1.3626295194768948e-12,4.760874458436222e-16,4.908945333542967e-16,5.212942026150339e-16,1.0062920012286605e-06,5.061144166592018e-10,5.061142461620914e-10,5.351681469822554e-16,4.696898625272558e-16,5.061143548289633e-10,6.779317222395919e-16,5.061143275254069e-10,6.210297962403633e-16,4.495962418332993e-16,5.061143341607654e-10,4.492621045607833e-16,4.905251872115182e-16,4.69979007098312e-16,9.827984205320892e-13,5.737717090945191e-16,4.760929222055297e-16,5.587972849367171e-16,1.0586348725060655e-15,5.061140019600832e-10,1.325579243411889e-15,9.73636812637525e-13,5.061144162551787e-10,5.061144166592018e-10,5.120666500062221e-16,6.140865277803872e-16,5.837401400001014e-16,5.98199684293309e-16
0.9999738479702313,0.9999346596721418,0.9999341668718706,5.077354085953398e-10,6.209894867030789e-10,5.002660520838022e-10,5.077354090950048e-10,5.061140302077973e-10,0.9999502981153702,0.9999341107378195,1.7310669863025158e-06,4.4541280613591647e-10,1.2490443247508635e-06,5.937590124751516e-10,4.727800996397284e-10,4.937080113514776e-10,1.2228347618869186e-06,1.3967046095366574e-06,4.776841642701975e-10,5.015064464139605e-10,5.252640573788474e-10,0.9999338940475173,0.9999347196994393,0.9999344932556157,5.486936551570834e-10,4.727800993433196e-10,0.9999346268155448,1.3514927097017852e-06,0.9999346049265563,1.256744392909285e-06,4.577917626430847e-10,0.9999345959673394,4.577917628434592e-10,5.015064460721121e-10,4.727800997399486e-10,5.038787396964304e-10,5.793681957450674e-10,4.776841643457429e-10,5.654596720458985e-10,2.129228002230923e-06,0.9999341163127802,2.6659042494511855e-06,4.970444470492644e-10,0.9999347196994393,0.9999347196994408,5.179932018963475e-10,1.2490443244112752e-06,5.880849746102853e-10,1.2228347615431291e-06
0.9999737918340023,0.9999346035382481,0.9999341107378212,1.0095160398942585e-06,1.2346959372228976e-06,9.946649300010349e-07,1.0095160408189474e-06,1.0062923003403144e-06,0.9999341107378195,0.9999501858473231,1.7310668448291176e-06,4.454127695434427e-10,6.282058858006868e-10,1.1805543556439112e-06,4.72780064395694e-10,4.937079694917206e-10,6.150238012882391e-10,7.024715106922631e-10,4.776841297942859e-10,9.971311688118262e-07,1.0443677616037788e-06,0.9999338379133755,0.9999346635655708,0.9999344371216488,1.090952168974305e-06,4.727800645066606e-10,0.9999345706816514,6.797322467578026e-10,0.99993454879263,6.320786348049756e-10,4.5779172336209223e-10,0.9999345398334382,4.577917234070216e-10,9.971311681936727e-07,4.72780064732395e-10,1.0018479336240575e-06,1.1519414979049073e-06,4.776841300310019e-10,1.1242875723611272e-06,2.1292278336710508e-06,0.9999340601787284,2.6659040396345747e-06,4.970444052694684e-10,0.9999346635655686,0.9999346635655716,1.0299113236266917e-06,6.282058856655821e-10,1.1692728251442139e-06,6.150238010777855e-10
8.041854373994195e-06,8.70639476848439e-10,1.7310669863025177e-06,8.596641346783636e-16,1.0461776811060548e-15,8.4679549775574525e-16,8.591282616772797e-16,8.581704298164111e-16,1.7310669863025158e-06,1.7310668448291176e-06,1.613125003813773e-05,7.566949373960916e-16,1.0595082127389547e-15,1.0182741038192943e-15,8.092796115218611e-16,8.368567644231691e-16,1.0320421954356586e-15,1.1822755366672865e-15,8.191911873108941e-16,8.457830899108964e-16,8.97756837505937e-16,1.7310663412605819e-06,8.706395501432168e-10,1.7310677106244314e-06,9.24107855916779e-16,8.09231845929597e-16,8.706394458710851e-10,1.1680367939687731e-15,8.706394021398648e-10,1.0709824592449263e-15,7.749710350916596e-16,8.706394112008745e-10,7.749710350916596e-16,8.457830899108964e-16,8.092796115218611e-16,8.517648228855532e-16,9.886448097245705e-16,8.191911873108941e-16,9.63003665337819e-16,3.6260488443613533e-12,1.7310668901407572e-06,4.541628198700058e-12,8.438767438749026e-16,8.706395501432168e-10,8.706395498443571e-10,8.830642135745692e-16,1.0595082127389547e-15,1.0057595896246981e-15,1.0320421954356586e-15
7.196361222120096e-06,4.454131024243116e-10,4.454128061762877e-10,4.388579245749762e-16,5.353521048155838e-16,8.614934780329419e-13,4.3943534464212156e-16,4.3920755305040875e-16,4.4541280613591647e-10,4.454127695434427e-10,7.566949373960916e-16,1.6131247868391033e-05,5.412612464111383e-16,5.2095709841522165e-16,4.142857720402874e-16,4.2797392986253873e-16,5.283806864716402e-16,6.044521120837264e-16,4.1919925759889335e-16,4.3283805450445997e-16,4.59636127492648e-16,8.856015069232814e-07,4.4541314056455397e-10,4.454129936309612e-10,4.727781239567709e-16,4.142857720402874e-16,4.454130870674472e-10,1.1873902065261444e-12,4.4541306399975627e-10,1.0891787869915748e-12,3.9600716543444435e-16,4.454130691468848e-10,3.9600716543444435e-16,4.3283805450445997e-16,4.1413761524933635e-16,4.356350870785906e-16,5.060943764039581e-16,4.193285472471022e-16,9.792556291991815e-13,9.330757971933573e-16,4.4541278145757645e-10,1.1683805213736654e-15,4.319274231683524e-16,4.4541314041205407e-10,4.4541314050045347e-10,4.51691687944495e-16,5.416691614414858e-16,5.142196431930597e-16,5.283806864716402e-16
7.559815630592121e-06,6.282063917746691e-10,1.2490443247508654e-06,6.14642205151679e-16,7.469130633396265e-16,6.0609548276368815e-16,6.146304325530833e-16,6.140865277803872e-16,1.2490443247508635e-06,6.282058858006868e-10,1.0595082127389547e-15,5.412612464111383e-16,1.613124859417546e-05,7.313885526338531e-16,5.805771998771594e-16,5.990455005199422e-16,7.35151021742067e-16,8.436208444789739e-16,5.885301113539307e-16,6.043123545631371e-16,6.441914119599951e-16,1.24904381923709e-06,6.282064497240141e-10,6.282062237134796e-10,6.595613312246841e-16,5.805771998771594e-16,6.282063685671921e-10,8.382394013519478e-16,6.282063311855268e-10,7.670895969166833e-16,5.541477124375025e-16,6.282063423497698e-10,5.541477124375025e-16,6.039375500413063e-16,5.804573875189905e-16,6.094301057432508e-16,7.082898094755035e-16,5.883625142804869e-16,6.899890685386395e-16,1.3070447439602026e-15,1.2490442534401265e-06,1.6366077309899991e-15,6.04062873612122e-16,6.282064495827054e-10,6.282064499840291e-10,6.325151938010275e-16,1.5034974330063974e-12,7.216590695254995e-16,7.35138104034889e-16
7.491323724800173e-06,5.937593667520163e-10,5.937590123951222e-10,5.929208566315715e-16,7.223732397704709e-16,5.840585104428035e-16,5.929614173777953e-16,5.914337108238286e-16,5.937590124751516e-10,1.1805543556439112e-06,1.0182741038192943e-15,5.2095709841522165e-16,7.313885526338531e-16,1.6131248486284245e-05,5.554920323670233e-16,1.1470409404072998e-12,7.142466558603863e-16,8.169216518960324e-16,5.623909310690626e-16,5.842026899206825e-16,1.2267627269863721e-12,1.1805540460769285e-06,5.937594110246053e-10,5.937592397732134e-10,6.382139588575424e-16,5.55654553695242e-16,5.937593461166972e-10,8.005958051810051e-16,5.93759322818425e-10,7.384163221605177e-16,5.342998325255086e-16,1.180555060899852e-06,5.342998325255086e-16,5.841948915114268e-16,5.556231721662335e-16,5.883653971575375e-16,1.3511782333846463e-12,5.623900253934495e-16,6.624966971651916e-16,1.2547687437147435e-15,5.937589807359913e-10,1.5709474991706183e-15,1.1559055092609323e-12,5.937594112005053e-10,5.937594107919394e-10,1.2072676150714452e-12,7.313416846297319e-16,1.3738703545972175e-12,7.142466558603863e-16
7.250776720245704e-06,4.72780389240733e-10,4.727800996082245e-10,4.704541983533103e-16,5.73796068746924e-16,4.640165767678313e-16,4.707422419972984e-16,4.696121292698929e-16,4.727800996397284e-10,4.72780064395694e-10,8.092796115218611e-16,4.142857720402874e-16,5.805771998771594e-16,5.554920323670233e-16,1.6131247976685066e-05,4.591242505480139e-16,5.666072246136909e-16,6.482682864080021e-16,8.889496813073775e-13,4.64247257267401e-16,4.904948330278196e-16,9.400151320963437e-07,4.72780425619132e-10,4.727802846548454e-10,5.072619492987037e-16,8.783579754882828e-13,4.727803724561112e-10,1.265791551273861e-12,4.727803525165569e-10,5.864479426804687e-16,4.248055974579864e-16,4.727803551328961e-10,4.248055974579864e-16,4.640676153071944e-16,8.783579751154657e-13,4.668236646503074e-16,5.404280674350028e-16,8.889496817509218e-13,5.264074354011331e-16,9.967644254289629e-16,4.727800738872333e-10,1.248421544226181e-15,4.615507623282312e-16,4.72780425619132e-10,4.72780425619132e-10,4.82517951816353e-16,5.807688440591991e-16,5.493583995934605e-16,5.668709491067047e-16
7.292388380174183e-06,4.937083456587492e-10,4.937080111299247e-10,4.862780117355566e-16,5.92222021395629e-16,4.793703705484955e-16,4.859505239007393e-16,4.85451313956017e-16,4.937080113514776e-10,4.937079694917206e-10,8.368567644231691e-16,4.2797392986253873e-16,5.990455005199422e-16,1.1470409404072998e-12,4.591242505480139e-16,1.6131248040288963e-05,5.835888306814119e-16,6.685896819025071e-16,9.229033022274535e-13,4.789382178562676e-16,1.0112127106116685e-12,9.816254704152208e-07,4.937083884425836e-10,4.937082221663894e-10,5.223721731445593e-16,4.583602229741861e-16,4.937083281433022e-10,1.3147184844785726e-12,4.937083016161761e-10,6.063624692999454e-16,4.380105839068753e-16,4.93708307803538e-10,4.380105839068753e-16,4.788084490107891e-16,4.58859944164204e-16,4.818764479512007e-16,5.589900233962013e-16,9.22903302677361e-13,5.448750133370667e-16,1.0316796591605067e-15,9.81625790491702e-07,1.2930467865906342e-15,4.775918177513433e-16,4.937083885506005e-10,4.937083885506005e-10,4.996943073845519e-16,5.990455005199422e-16,1.1327542846409825e-12,5.835245992321416e-16
7.533605142654719e-06,6.150243164748352e-10,1.2228347618869203e-06,5.984173132592278e-16,7.270764923458597e-16,5.902072757663475e-16,5.984173132592278e-16,5.98199684293309e-16,1.2228347618869186e-06,6.150238012882391e-10,1.0320421954356586e-15,5.283806864716402e-16,7.35151021742067e-16,7.142466558603863e-16,5.666072246136909e-16,5.835888306814119e-16,1.613124852558332e-05,8.211755926110708e-16,5.750395191087616e-16,5.884798190237808e-16,6.287719776467865e-16,1.2228342468416374e-06,6.150243755161085e-10,6.150241441230372e-10,6.423235520257879e-16,5.666738684097394e-16,6.150242941576874e-10,8.189945749971194e-16,6.150242539907082e-10,7.466368331485536e-16,5.397721561147248e-16,6.150242667791041e-10,5.3975650705626e-16,5.890351435666188e-16,5.671194431966132e-16,5.936064855700829e-16,6.910609909607875e-16,5.745106624530301e-16,6.726481791267812e-16,1.2748254169749451e-15,1.2228346911067212e-06,1.597084151901127e-15,5.888841493353957e-16,6.150243757146861e-10,6.150243755255157e-10,6.169238895290198e-16,7.35151021742067e-16,7.043803149339746e-16,7.166380169215352e-16
7.707480767550673e-06,7.024720857652138e-10,1.3967046095366591e-06,6.857301372272078e-16,8.330912280213792e-16,6.75903974234917e-16,6.857301372272078e-16,1.3626295194768948e-12,1.3967046095366574e-06,7.024715106922631e-10,1.1822755366672865e-15,6.044521120837264e-16,8.436208444789739e-16,8.169216518960324e-16,6.482682864080021e-16,6.685896819025071e-16,8.211755926110708e-16,1.6131248969097642e-05,6.574377237558153e-16,6.73734327690653e-16,7.195037404699434e-16,1.396704034748108e-06,7.024721516519879e-10,7.024718942064599e-10,7.356425278948232e-16,6.482925948688559e-16,1.396705574322786e-06,9.367145152650164e-16,7.024720170249205e-10,8.548334999590657e-16,6.179648196009595e-16,7.024720301933084e-10,6.179648196009595e-16,6.745925108924158e-16,6.482925948688559e-16,6.785980746449026e-16,7.912513155153997e-16,6.573549115604857e-16,7.702525686186753e-16,1.4589546420573793e-15,1.3967045293395877e-06,1.8274745317586353e-15,6.737349396812646e-16,7.024721516492241e-10,7.024721517844683e-10,7.061681350015795e-16,8.436208444789739e-16,8.064047829200355e-16,8.210532246423489e-16
7.2605276858433066e-06,4.776844486794327e-10,4.776841641543299e-10,4.769421138958404e-16,5.817753437745081e-16,4.6988686145965665e-16,4.769421138958404e-16,4.760874458436222e-16,4.776841642701975e-10,4.776841297942859e-10,8.191911873108941e-16,4.1919925759889335e-16,5.885301113539307e-16,5.623909310690626e-16,8.889496813073775e-13,9.229033022274535e-13,5.750395191087616e-16,6.574377237558153e-16,1.6131247994914455e-05,4.704393614652986e-16,4.965465883989507e-16,9.497657501256011e-07,4.776844846233374e-10,4.776843470939334e-10,5.140860393294785e-16,8.889496819454464e-13,4.776844323707487e-10,1.2806341308629547e-12,4.77684413666993e-10,5.938309663371927e-16,4.300811129176717e-16,4.776844150802919e-10,4.300811129176717e-16,4.706329184784618e-16,8.889496816084756e-13,4.734920189915163e-16,5.467329538796026e-16,8.994713851053148e-13,5.331923361955632e-16,1.0094410113980622e-15,4.776841382875633e-10,1.2641950609048667e-15,4.678100735014504e-16,4.77684484695042e-10,4.77684484847471e-10,4.885167730031076e-16,5.885914341375889e-16,5.557819043659707e-16,5.750395191087616e-16
7.307894255577095e-06,5.015068014125206e-10,5.015064465356307e-10,4.908258218720055e-16,5.965851196974087e-16,4.834017140219276e-16,4.906691392570685e-16,4.908945333542967e-16,5.015064464139605e-10,9.971311688118262e-07,8.457830899108964e-16,4.3283805450445997e-16,6.043123545631371e-16,5.842026899206825e-16,4.64247257267401e-16,4.789382178562676e-16,5.884798190237808e-16,6.73734327690653e-16,4.704393614652986e-16,1.613124805769199e-05,5.152971549852575e-16,9.971308580588452e-07,5.015068473130028e-10,5.015066689314114e-10,5.267655316931073e-16,4.641777051305871e-16,5.015067834638977e-10,6.698175411656423e-16,5.015067537516016e-10,6.122388911505931e-16,4.4267394427412987e-16,5.015067623321866e-10,4.4267394427412987e-16,9.609186182320732e-13,4.641777051305871e-16,4.868039731098121e-16,5.662323486157759e-16,4.708365169186834e-16,5.515190793924186e-16,1.0441127075663653e-15,5.015064178488697e-10,1.3075131654857942e-15,4.824217283220905e-16,5.015068473389787e-10,5.015068471754181e-10,5.052596234718624e-16,6.043123545397384e-16,5.768138203757029e-16,5.888732503601468e-16
7.355132562845307e-06,5.252643821324994e-10,5.252640572769245e-10,5.230325301879186e-16,6.369405458171797e-16,5.149855594919551e-16,5.230325301879186e-16,5.212942026150339e-16,5.252640573788474e-10,1.0443677616037788e-06,8.97756837505937e-16,4.59636127492648e-16,6.441914119599951e-16,1.2267627269863721e-12,4.904948330278196e-16,1.0112127106116685e-12,6.287719776467865e-16,7.195037404699434e-16,4.965465883989507e-16,5.152971549852575e-16,1.613124817576562e-05,1.0443674776069433e-06,5.252644231544586e-10,5.252642646482538e-10,5.6208525822855e-16,4.90518838227117e-16,5.252643640772045e-10,7.070121652973485e-16,5.252643412976972e-10,6.50879931272889e-16,4.71120166306749e-16,5.252643440841494e-10,4.710608914498798e-16,5.147189552235272e-16,4.90385450520901e-16,5.181605121643132e-16,1.1921479218511762e-12,4.966677538317643e-16,5.847043078640914e-16,1.1067192270181808e-15,5.252640288085896e-10,1.3863217894239752e-15,5.121960207485068e-16,5.252644230786318e-10,5.252644229789392e-10,1.0650263345740744e-12,6.439440002719054e-16,1.212605277711458e-12,6.287505824954031e-16
0.9999735751355623,0.9999343868483689,0.9999338940475191,1.0095157337579558e-06,1.23469554747176e-06,9.94664630291052e-07,1.0095157346826422e-06,1.0062920012286605e-06,0.9999338940475173,0.9999338379133755,1.7310663412605819e-06,8.856015069232814e-07,1.24904381923709e-06,1.1805540460769285e-06,9.400151320963437e-07,9.816254704152208e-07,1.2228342468416374e-06,1.396704034748108e-06,9.497657501256011e-07,9.971308580588452e-07,1.0443674776069433e-06,0.999949752466591,0.9999344468757548,0.9999342204315643,1.0909518219412766e-06,9.400151319295693e-07,0.9999343539917701,1.3514922647540463e-06,0.9999343321026648,1.256743910584253e-06,9.102142175862429e-07,0.9999343231435367,9.102142176714009e-07,9.971308574406898e-07,9.400151324931076e-07,1.0018476281942503e-06,1.1519411767066845e-06,9.497657505910695e-07,1.1242872522674556e-06,2.1292272300228984e-06,0.9999338434884231,2.6659032873963944e-06,9.88259214802249e-07,0.9999344468757533,0.9999344468757561,1.0299110330705479e-06,1.2490438188974987e-06,1.1692725090325319e-06,1.22283424649785e-06
0.9999744008185989,0.9999352124986107,0.999934719699441,5.077358033018486e-10,6.209899897463196e-10,5.002664389387177e-10,5.077358039297004e-10,5.061144166592018e-10,0.9999347196994393,0.9999346635655708,8.706395501432168e-10,4.4541314056455397e-10,6.282064497240141e-10,5.937594110246053e-10,4.72780425619132e-10,4.937083884425836e-10,6.150243755161085e-10,7.024721516519879e-10,4.776844846233374e-10,5.015068473130028e-10,5.252644231544586e-10,0.9999344468757548,0.9999514037687527,0.99993504608262,5.486941033745368e-10,4.72780425597452e-10,0.9999351796420152,6.797327447535666e-10,0.999935157753251,6.320791731087185e-10,4.577921191941152e-10,0.9999351487938661,4.5779211933717083e-10,5.015068468405308e-10,4.727804259709738e-10,5.038791336202124e-10,5.793686094896182e-10,4.77684484843254e-10,5.654600847145802e-10,1.0708944814043909e-09,0.9999346691403636,1.3408156125208683e-09,4.970448207379247e-10,0.999935272525742,0.9999352725257441,5.179935765096781e-10,6.282064494813359e-10,5.880853820245333e-10,6.150243753346006e-10
0.9999741743659877,0.9999349860553977,0.9999344932556177,5.077356288046905e-10,6.209897656828979e-10,5.002662679140487e-10,5.077356291822572e-10,5.061142461620914e-10,0.9999344932556157,0.9999344371216488,1.7310677106244314e-06,4.454129936309612e-10,6.282062237134796e-10,5.937592397732134e-10,4.727802846548454e-10,4.937082221663894e-10,6.150241441230372e-10,7.024718942064599e-10,4.776843470939334e-10,5.015066689314114e-10,5.252642646482538e-10,0.9999342204315643,0.99993504608262,0.9999509508823956,5.486939028849927e-10,4.727802842836663e-10,0.9999349531987994,6.797325520540854e-10,0.9999349313099147,6.320789592512708e-10,4.577919616362066e-10,0.9999349223506178,4.5779196174444716e-10,5.015066685926091e-10,4.727802849070969e-10,5.038789594087432e-10,5.793684296262331e-10,4.776843472752322e-10,5.654599041085325e-10,2.1292288737013466e-06,0.9999344426965293,2.6659053361650618e-06,4.970446565614952e-10,0.9999350460826182,0.9999350460826204,5.179934127344267e-10,6.282062237726627e-10,5.88085205736121e-10,6.150241441085885e-10
7.401718335428363e-06,5.486940520206569e-10,5.486936551916619e-10,5.362069972787773e-16,6.511645007709482e-16,5.291083050641898e-16,5.362069972787773e-16,5.351681469822554e-16,5.486936551570834e-10,1.090952168974305e-06,9.24107855916779e-16,4.727781239567709e-16,6.595613312246841e-16,6.382139588575424e-16,5.072619492987037e-16,5.223721731445593e-16,6.423235520257879e-16,7.356425278948232e-16,5.140860393294785e-16,5.267655316931073e-16,5.6208525822855e-16,1.0909518219412766e-06,5.486941033745368e-10,5.486939028849927e-10,1.6131248238150368e-05,5.071549515233627e-16,1.0909530178789468e-06,7.319548091167672e-16,5.48693998037141e-10,6.677970139889791e-16,4.835200366861932e-16,5.48694008140472e-10,4.835200366861932e-16,5.264554129558229e-16,5.069883681346579e-16,5.315386511841705e-16,6.17809639969967e-16,5.135929273019144e-16,6.010502145059811e-16,1.1401818257819095e-15,5.486936235552272e-10,1.428118123082454e-15,5.269109428195136e-16,5.48694103006821e-10,5.486941033655859e-10,5.521603062099778e-16,6.596464638453213e-16,6.301282894038074e-16,6.421481267791791e-16
7.25077671727269e-06,4.727803892057433e-10,4.727800994858796e-10,4.704541983533103e-16,5.73902893576321e-16,4.639985041604256e-16,4.708329725086849e-16,4.696898625272558e-16,4.727800993433196e-10,4.727800645066606e-10,8.09231845929597e-16,4.142857720402874e-16,5.805771998771594e-16,5.55654553695242e-16,8.783579754882828e-13,4.583602229741861e-16,5.666738684097394e-16,6.482925948688559e-16,8.889496819454464e-13,4.641777051305871e-16,4.90518838227117e-16,9.400151319295693e-07,4.72780425597452e-10,4.727802842836663e-10,5.071549515233627e-16,1.6131247976685066e-05,4.727803727766769e-10,1.2657915521414168e-12,4.727803525633333e-10,5.864479426804687e-16,4.2423061221552397e-16,4.727803553273989e-10,4.247235836673566e-16,4.64247257267401e-16,8.783579757701142e-13,4.669614228921043e-16,5.400345697172137e-16,8.8894968238899e-13,5.264074354011331e-16,9.967666384758366e-16,4.727800738604309e-10,1.248643190619649e-15,4.618952014662179e-16,4.727804253536312e-10,4.72780425597452e-10,4.824178058327657e-16,5.805771998771594e-16,5.491454300645959e-16,5.666738684097394e-16
0.9999743079312767,0.9999351196148609,0.9999346268155467,5.077357403603214e-10,6.2098991020437e-10,5.002663773019638e-10,5.07735740943342e-10,5.061143548289633e-10,0.9999346268155448,0.9999345706816514,8.706394458710851e-10,4.454130870674472e-10,6.282063685671921e-10,5.937593461166972e-10,4.727803724561112e-10,4.937083281433022e-10,6.150242941576874e-10,1.396705574322786e-06,4.776844323707487e-10,5.015067834638977e-10,5.252643640772045e-10,0.9999343539917701,0.9999351796420152,0.9999349531987994,1.0909530178789468e-06,4.727803727766769e-10,0.9999512180013433,6.797326714445535e-10,0.9999350648694704,6.320790956721006e-10,4.5779206239730523e-10,0.9999350559101091,4.577920621122573e-10,5.015067833119605e-10,4.727803728491393e-10,5.038790709173911e-10,5.793685428274824e-10,4.776844325479252e-10,5.654600182774467e-10,1.0708943561833547e-09,0.9999345762564673,1.3408154561265036e-09,4.970447606709821e-10,0.9999351796420131,0.999935179642016,5.179935160989686e-10,6.282063689452214e-10,5.880853160324554e-10,6.150242943585534e-10
7.66226769396134e-06,6.797326945278249e-10,1.3514927097017876e-06,6.793938285234498e-16,8.289241898123356e-16,6.697202014197473e-16,6.793938608363459e-16,6.779317222395919e-16,1.3514927097017852e-06,6.797322467578026e-10,1.1680367939687731e-15,1.1873902065261444e-12,8.382394013519478e-16,8.005958051810051e-16,1.265791551273861e-12,1.3147184844785726e-12,8.189945749971194e-16,9.367145152650164e-16,1.2806341308629547e-12,6.698175411656423e-16,7.070121652973485e-16,1.3514922647540463e-06,6.797327447535666e-10,6.797325520540854e-10,7.319548091167672e-16,1.2657915521414168e-12,6.797326714445535e-10,1.613124891591001e-05,6.797326454788509e-10,1.68256040858884e-12,6.12308993238077e-16,6.797326470536197e-10,6.123555707473025e-16,6.698715576552439e-16,1.2657915517121446e-12,6.738960457079821e-16,7.7899655767351505e-16,1.2806341315068637e-12,1.5094648189104598e-12,1.4379846231035278e-15,1.3514926374321685e-06,1.8000644201725135e-15,6.663503595084269e-16,6.797327447975028e-10,6.797327446065031e-10,6.958560824372014e-16,8.382355465233823e-16,7.915190855161345e-16,8.188510748599286e-16
0.999974286041207,0.9999350977260675,0.9999346049265572,5.077357122205285e-10,6.209898723368147e-10,5.002663496144513e-10,5.077357129093733e-10,5.061143275254069e-10,0.9999346049265563,0.99993454879263,8.706394021398648e-10,4.4541306399975627e-10,6.282063311855268e-10,5.93759322818425e-10,4.727803525165569e-10,4.937083016161761e-10,6.150242539907082e-10,7.024720170249205e-10,4.77684413666993e-10,5.015067537516016e-10,5.252643412976972e-10,0.9999343321026648,0.999935157753251,0.9999349313099147,5.48693998037141e-10,4.727803525633333e-10,0.9999350648694704,6.797326454788509e-10,0.9999511742237986,6.320790615843777e-10,4.577920368382375e-10,0.9999350340213019,4.5779203673789385e-10,5.01506753311009e-10,4.727803527926041e-10,5.038790424409163e-10,5.793685160088001e-10,4.776844138090406e-10,5.654599906902627e-10,2.1292291980885955e-06,0.9999345543674727,2.665905740146973e-06,4.970447351689106e-10,0.9999351577532487,0.999935157753251,5.179934914223944e-10,6.282063311225846e-10,5.880852907127445e-10,6.150242535270629e-10
7.567516024391401e-06,6.320791182319026e-10,1.2567443929092861e-06,6.217875359424358e-16,7.57169563880249e-16,1.219230529982631e-12,6.222154930594283e-16,6.210297962403633e-16,1.256744392909285e-06,6.320786348049756e-10,1.0709824592449263e-15,1.0891787869915748e-12,7.670895969166833e-16,7.384163221605177e-16,5.864479426804687e-16,6.063624692999454e-16,7.466368331485536e-16,8.548334999590657e-16,5.938309663371927e-16,6.122388911505931e-16,6.50879931272889e-16,1.256743910584253e-06,6.320791731087185e-10,6.320789592512708e-10,6.677970139889791e-16,5.864479426804687e-16,6.320790956721006e-10,1.68256040858884e-12,6.320790615843777e-10,1.613124863944793e-05,5.60471842172556e-16,6.320790699228978e-10,5.60890784693363e-16,6.126930983642141e-16,5.861013357031022e-16,6.168061282387247e-16,7.159541843309228e-16,5.941679295070984e-16,1.3865731950834416e-12,1.3212572454579032e-15,1.2567443224178928e-06,1.6547461524828597e-15,6.108627677915211e-16,6.320791731087185e-10,6.320791732609337e-10,6.39327581933286e-16,7.670899219927074e-16,7.29254638467349e-16,7.463986490061727e-16
7.220974726366762e-06,4.577920786392469e-10,4.577917628255126e-10,4.493918123339216e-16,5.474593927270691e-16,4.432057190997613e-16,4.493989288614595e-16,4.495962418332993e-16,4.577917626430847e-10,4.5779172336209223e-10,7.749710350916596e-16,3.9600716543444435e-16,5.541477124375025e-16,5.342998325255086e-16,4.248055974579864e-16,4.380105839068753e-16,5.397721561147248e-16,6.179648196009595e-16,4.300811129176717e-16,4.4267394427412987e-16,4.71120166306749e-16,9.102142175862429e-07,4.577921191941152e-10,4.577919616362066e-10,4.835200366861932e-16,4.2423061221552397e-16,4.5779206239730523e-10,6.12308993238077e-16,4.577920368382375e-10,5.60471842172556e-16,1.6131247905211528e-05,4.577920431931276e-10,8.061175791092897e-13,4.4267394427412987e-16,4.247618883942056e-16,4.459168288617172e-16,5.182634810054445e-16,4.300811129176717e-16,5.050276724457845e-16,9.554509528404923e-16,4.57791737028937e-10,1.1966741658274713e-15,4.418209858864362e-16,4.577921191941152e-10,4.577921190644387e-10,4.629924651539748e-16,5.541477124375025e-16,5.276910360433589e-16,5.3975650705626e-16
0.999974277081932,0.9999350887667037,0.9999345959673427,5.077357194722596e-10,1.2346968372696784e-06,5.00266356313204e-10,5.077357200373185e-10,5.061143341607654e-10,0.9999345959673394,0.9999345398334382,8.706394112008745e-10,4.454130691468848e-10,6.282063423497698e-10,1.180555060899852e-06,4.727803551328961e-10,4.93708307803538e-10,6.150242667791041e-10,7.024720301933084e-10,4.776844150802919e-10,5.015067623321866e-10,5.252643440841494e-10,0.9999343231435367,0.9999351487938661,0.9999349223506178,5.48694008140472e-10,4.727803553273989e-10,0.9999350559101091,6.797326470536197e-10,0.9999350340213019,6.320790699228978e-10,4.577920431931276e-10,0.9999511563050477,4.5779204337691694e-10,5.015067617482701e-10,4.727803553941777e-10,5.038790497366553e-10,1.151942233172366e-06,4.776844155023311e-10,5.654599959926016e-10,1.070894314361538e-09,0.999934545408261,1.3408154032591461e-09,9.882601703497332e-07,0.9999351487938648,0.9999351487938658,5.179934961157531e-10,6.282063420485057e-10,5.880852940068935e-10,6.150242665313772e-10
7.220974725935758e-06,4.577920784928589e-10,4.577917627821013e-10,4.493918123339216e-16,5.465507333807009e-16,4.4331506126909006e-16,4.493989288614595e-16,4.492621045607833e-16,4.577917628434592e-10,4.577917234070216e-10,7.749710350916596e-16,3.9600716543444435e-16,5.541477124375025e-16,5.342998325255086e-16,4.248055974579864e-16,4.380105839068753e-16,5.3975650705626e-16,6.179648196009595e-16,4.300811129176717e-16,4.4267394427412987e-16,4.710608914498798e-16,9.102142176714009e-07,4.5779211933717083e-10,4.5779196174444716e-10,4.835200366861932e-16,4.247235836673566e-16,4.577920621122573e-10,6.123555707473025e-16,4.5779203673789385e-10,5.60890784693363e-16,8.061175791092897e-13,4.5779204337691694e-10,1.6131247905211528e-05,4.4267394427412987e-16,4.243163322757452e-16,4.459168288617172e-16,5.182634810054445e-16,4.294436507278302e-16,5.044823468389359e-16,9.554509528404923e-16,4.5779173703173586e-10,1.1965033890683484e-15,4.4182091260026943e-16,4.577921194198058e-10,4.577921194198058e-10,4.627354889985673e-16,5.544490988377032e-16,5.276352124941363e-16,5.3975650705626e-16
7.307894253152954e-06,5.015068011077292e-10,5.015064460721121e-10,4.906691392570685e-16,5.965851196974087e-16,4.834017140219276e-16,4.906691392570685e-16,4.905251872115182e-16,5.015064460721121e-10,9.971311681936727e-07,8.457830899108964e-16,4.3283805450445997e-16,6.039375500413063e-16,5.841948915114268e-16,4.640676153071944e-16,4.788084490107891e-16,5.890351435666188e-16,6.745925108924158e-16,4.706329184784618e-16,9.609186182320732e-13,5.147189552235272e-16,9.971308574406898e-07,5.015068468405308e-10,5.015066685926091e-10,5.264554129558229e-16,4.64247257267401e-16,5.015067833119605e-10,6.698715576552439e-16,5.01506753311009e-10,6.126930983642141e-16,4.4267394427412987e-16,5.015067617482701e-10,4.4267394427412987e-16,1.613124805769199e-05,4.640676153071944e-16,4.868039731098121e-16,5.662826928775678e-16,4.704471278317776e-16,5.515190793924186e-16,1.044307084773542e-15,5.015064174639062e-10,1.307635331880722e-15,4.824217283220905e-16,5.015068468887966e-10,5.015068469153445e-10,5.054826078946616e-16,6.043343744946707e-16,5.766122735844722e-16,5.888732503601468e-16
7.250776720251183e-06,4.727803893246057e-10,4.727800999368552e-10,4.708329725086849e-16,5.73796068746924e-16,4.63618293898298e-16,4.704541983533103e-16,4.69979007098312e-16,4.727800997399486e-10,4.72780064732395e-10,8.092796115218611e-16,4.1413761524933635e-16,5.804573875189905e-16,5.556231721662335e-16,8.783579751154657e-13,4.58859944164204e-16,5.671194431966132e-16,6.482925948688559e-16,8.889496816084756e-13,4.641777051305871e-16,4.90385450520901e-16,9.400151324931076e-07,4.727804259709738e-10,4.727802849070969e-10,5.069883681346579e-16,8.783579757701142e-13,4.727803728491393e-10,1.2657915517121446e-12,4.727803527926041e-10,5.861013357031022e-16,4.247618883942056e-16,4.727803553941777e-10,4.243163322757452e-16,4.640676153071944e-16,1.6131247976685066e-05,4.667235775130472e-16,5.404280674350028e-16,8.889496820520197e-13,5.264867548334595e-16,9.970075135066333e-16,4.727800740939885e-10,1.248643190619649e-15,4.615111469392124e-16,4.727804259709738e-10,4.727804259709738e-10,4.822127784139372e-16,5.804573875189905e-16,5.491454300645959e-16,5.668709491067047e-16
7.312611200737672e-06,5.038790890832595e-10,5.038787396193016e-10,4.946413961154153e-16,6.016769073150298e-16,4.884612120732279e-16,4.946413961154153e-16,9.827984205320892e-13,5.038787396964304e-10,1.0018479336240575e-06,8.517648228855532e-16,4.356350870785906e-16,6.094301057432508e-16,5.883653971575375e-16,4.668236646503074e-16,4.818764479512007e-16,5.936064855700829e-16,6.785980746449026e-16,4.734920189915163e-16,4.868039731098121e-16,5.181605121643132e-16,1.0018476281942503e-06,5.038791336202124e-10,5.038789594087432e-10,5.315386511841705e-16,4.669614228921043e-16,5.038790709173911e-10,6.738960457079821e-16,5.038790424409163e-10,6.168061282387247e-16,4.459168288617172e-16,5.038790497366553e-10,4.459168288617172e-16,4.868039731098121e-16,4.667235775130472e-16,1.6131248072208383e-05,5.694250387845753e-16,4.730926222371158e-16,5.549696321700555e-16,1.0509517702631556e-15,5.038787111185265e-10,1.3162778065768919e-15,9.667864322334872e-13,5.038791336786165e-10,5.038791338366569e-10,5.091179579826761e-16,6.094301057432508e-16,5.801979145578993e-16,5.939731833367157e-16
7.462709846672285e-06,5.793685628946607e-10,5.793681956806222e-10,5.745419263036725e-16,7.001866647280436e-16,5.66191599323482e-16,5.745419263036725e-16,5.737717090945191e-16,5.793681957450674e-10,1.1519414979049073e-06,9.886448097245705e-16,5.060943764039581e-16,7.082898094755035e-16,1.3511782333846463e-12,5.404280674350028e-16,5.589900233962013e-16,6.910609909607875e-16,7.912513155153997e-16,5.467329538796026e-16,5.662323486157759e-16,1.1921479218511762e-12,1.1519411767066845e-06,5.793686094896182e-10,5.793684296262331e-10,6.17809639969967e-16,5.400345697172137e-16,5.793685428274824e-10,7.7899655767351505e-16,5.793685160088001e-10,7.159541843309228e-16,5.182634810054445e-16,1.151942233172366e-06,5.182634810054445e-16,5.662826928775678e-16,5.404280674350028e-16,5.694250387845753e-16,1.613124840881713e-05,5.470419067226187e-16,6.431578660352881e-16,1.2181612706667654e-15,5.793681639829166e-10,1.5259036363480104e-15,5.644371341399189e-16,5.793686095331393e-10,5.793686095331393e-10,1.1723348764999651e-12,7.085265353255328e-16,1.3352588254956955e-12,6.910609909607875e-16
