0.9999999995925117,3.256771674190529e-06,0.9999891940470714,0.9999891940470725,3.2608724626403428e-06,0.9999891940470722,0.999989194047071,3.277763670938947e-06,3.284010256191573e-06,0.9999891940470714,0.9999891940470717,3.268215847488486e-06,3.2840102561971352e-06,0.9999891940470721,3.2561321302346276e-06,0.9999891940470697,3.290861765182155e-06,3.2608724620285618e-06,3.2565716689606285e-06,0.99998919404707,0.9999891940470703,3.2765799281401375e-06,0.9999891940470725,0.9999891940470718,3.260872461989631e-06,0.9999891940470711,0.9999893082641556,3.2893769611053836e-06,0.9999891940470704,3.2583520544594636e-06,0.9999891940470725,3.25613213005482e-06,0.9999891940470721,3.2781544264802027e-06,3.2831015595720066e-06
3.256771674190529e-06,4.499991258831223e-06,2.0451459025415016e-10,2.0451459031393192e-10,1.5240779313870797e-13,2.0451459033457577e-10,2.0451459031393192e-10,8.001292491951921e-17,8.213492491178582e-17,2.0451459022901573e-10,2.0451459024400923e-10,1.556714797847789e-13,8.207865355576218e-17,2.045145902579604e-10,1.5027374591701763e-13,2.0451459026279595e-10,8.363528912446172e-17,1.5240779320958385e-13,1.5047285921795435e-13,2.045145903165428e-10,2.0451459034495792e-10,1.594116121789248e-13,2.0451459022694532e-10,2.0451459020729454e-10,1.5240779328716076e-13,2.045145903165428e-10,4.056183212247108e-07,8.319079437788803e-17,2.0451459022760348e-10,1.5127640209446895e-13,2.0451459033745808e-10,1.5027374598568544e-13,2.0451459028958278e-10,1.6011948968128304e-13,8.143795487054112e-17
0.9999891940470714,2.0451459025415016e-10,0.9999879596691781,0.999983459678807,2.0658222439872733e-10,0.9999834596788072,0.9999834596788072,2.1509882943060283e-10,2.1824838126268629e-10,0.999983459678807,0.9999834596788062,2.1028478532182634e-10,2.182483803851419e-10,0.9999834596788072,2.041921316083074e-10,0.9999834596788058,2.2170293528317131e-10,2.065822243869033e-10,2.0441374784995524e-10,0.9999834596788062,0.9999834596788063,2.145019825746313e-10,0.999983459678807,0.9999834596788072,2.0658222444741712e-10,0.9999834596788069,0.9999835738956995,2.2095429238237741e-10,0.9999834596788066,2.0531142833202372e-10,0.9999834596788066,2.0419213142943877e-10,0.9999834596788072,2.1529585219854982e-10,2.1779021136891266e-10
0.9999891940470725,2.0451459031393192e-10,0.999983459678807,0.9999879596691752,2.0658222439665773e-10,0.9999834596788072,0.9999834596788072,2.1509882935753468e-10,2.1824838129225652e-10,0.9999834596788063,0.9999834596788062,2.1028478527524353e-10,2.182483803607925e-10,0.9999834596788072,2.0419213149650556e-10,0.9999834596788049,2.2170293539740462e-10,2.065822244134802e-10,2.0441374778969265e-10,0.9999834596788063,0.9999834596788066,2.145019826146826e-10,0.9999834596788072,0.9999834596788062,2.065822244986324e-10,0.9999834596788062,0.9999835738956994,2.209542923799101e-10,0.999983459678807,2.0531142838328477e-10,0.9999834596788066,2.0419213144333672e-10,0.9999834596788072,2.1529585226947004e-10,2.1779021138357474e-10
3.2608724626403428e-06,1.5240779313870797e-13,2.0658222439872733e-10,2.0658222439665773e-10,4.499991263676065e-06,2.0658222431477615e-10,2.06582224407756e-10,8.162942573543255e-17,8.306985168742707e-17,2.06582224378459e-10,2.0658222430705383e-10,7.945059163153883e-17,8.290240863480712e-17,2.06582224378459e-10,1.5211014992242577e-13,2.0658222432761676e-10,8.450404332917663e-17,1.542678071246088e-13,1.5231734162058652e-13,2.0658222432761676e-10,2.0658222435165952e-10,8.117634854140639e-17,2.0658222443886395e-10,2.0658222432761676e-10,1.5426780720164833e-13,2.0658222433891202e-10,4.097191057700716e-07,8.422639853581406e-17,2.065822243747568e-10,1.5311574410749503e-13,2.065822244080447e-10,1.521101499860185e-13,2.0658222436961135e-10,8.096221598294569e-17,8.279517485269855e-17
0.9999891940470722,2.0451459033457577e-10,0.9999834596788072,0.9999834596788072,2.0658222431477615e-10,0.9999879596691793,0.9999834596788081,2.1509882930992591e-10,2.1824838128107327e-10,0.9999834596788072,0.999983459678807,2.102847853117435e-10,2.1824838035207006e-10,0.9999834596788083,2.0419213150447553e-10,0.9999834596788069,2.2170293529491193e-10,2.0658222437121812e-10,2.0441374790840325e-10,0.9999834596788081,0.9999834596788078,2.1450198253675337e-10,0.9999834596788072,0.9999834596788072,2.065822244657762e-10,0.9999834596788072,0.9999835738957011,2.2095429223143246e-10,0.9999834596788081,2.053114283391354e-10,0.9999834596788072,2.0419213145821186e-10,0.9999834596788083,2.1529585217737622e-10,2.1779021139951252e-10
0.999989194047071,2.0451459031393192e-10,0.9999834596788072,0.9999834596788072,2.06582224407756e-10,0.9999834596788081,0.9999879596691756,2.150988293186262e-10,2.1824838128972816e-10,0.9999834596788055,0.9999834596788051,2.1028478526835289e-10,2.1824838039510573e-10,0.999983459678807,2.0419213153302411e-10,0.9999834596788054,2.2170293530655922e-10,2.0658222442476928e-10,2.0441374783171138e-10,0.9999834596788062,0.9999834596788062,2.1450198250276314e-10,0.9999834596788066,0.999983459678807,2.0658222452874327e-10,0.999983459678807,0.9999835738956991,2.209542924102906e-10,0.999983459678807,2.053114284594665e-10,0.9999834596788062,2.0419213149226432e-10,0.999983459678807,2.152958522354991e-10,2.1779021133503245e-10
3.277763670938947e-06,8.001292491951921e-17,2.1509882943060283e-10,2.1509882935753468e-10,8.162942573543255e-17,2.1509882930992591e-10,2.150988293186262e-10,4.499991280076889e-06,8.711647432678875e-17,2.150988294075418e-10,2.1509882939803065e-10,1.652875150435402e-13,8.671116793828536e-17,2.1509882934100193e-10,8.050359141112206e-17,2.150988293733685e-10,8.857902026540124e-17,8.157979362820693e-17,8.058720778428473e-17,2.150988292899555e-10,2.1509882933245237e-10,8.519970131889227e-17,2.1509882931819276e-10,2.1509882939216656e-10,8.162942573543255e-17,2.1509882940185192e-10,4.266102777185617e-07,8.839504957360083e-17,2.1509882939803065e-10,8.094628025985039e-17,2.15098829291243e-10,8.055751645675301e-17,2.1509882937975102e-10,1.698717144197743e-13,1.7224499540994723e-13
3.284010256191573e-06,8.213492491178582e-17,2.1824838126268629e-10,2.1824838129225652e-10,8.306985168742707e-17,2.1824838128107327e-10,2.1824838128972816e-10,8.711647432678875e-17,4.4999912852803905e-06,2.1824838129460778e-10,2.182483812506988e-10,8.495806187430343e-17,1.7558831400313962e-13,2.182483813224846e-10,8.195851256299485e-17,2.1824838131379e-10,9.02745237163748e-17,8.285368532356135e-17,8.211894153217112e-17,2.182483812970845e-10,2.1824838128972816e-10,8.726141471698878e-17,2.1824838128423354e-10,2.1824838127928154e-10,8.291730447570255e-17,2.1824838131379e-10,4.328568540153263e-07,8.96209722189629e-17,2.1824838126268629e-10,8.243228256697499e-17,2.1824838127908917e-10,8.183678172667654e-17,2.1824838131379e-10,8.725519659980914e-17,8.798704141719587e-17
0.9999891940470714,2.0451459022901573e-10,0.999983459678807,0.9999834596788063,2.06582224378459e-10,0.9999834596788072,0.9999834596788055,2.150988294075418e-10,2.1824838129460778e-10,0.9999879596691758,0.9999834596788055,2.1028478531275457e-10,2.1824838046575282e-10,0.9999834596788062,2.0419213150447553e-10,0.9999834596788044,2.2170293539740462e-10,2.065822243869033e-10,2.0441374781410898e-10,0.9999834596788054,0.9999834596788055,2.1450198242063243e-10,0.9999834596788063,0.9999834596788055,2.0658222446355206e-10,0.9999834596788054,0.9999835738956986,2.2095429235204033e-10,0.9999834596788052,2.053114284498904e-10,0.9999834596788062,2.0419213149738884e-10,0.9999834596788059,2.1529585226618086e-10,2.1779021123437587e-10
0.9999891940470717,2.0451459024400923e-10,0.9999834596788062,0.9999834596788062,2.0658222430705383e-10,0.999983459678807,0.9999834596788051,2.1509882939803065e-10,2.182483812506988e-10,0.9999834596788055,0.9999879596691763,2.1028478531362376e-10,2.1824838036602364e-10,0.9999834596788059,2.0419213147597145e-10,0.9999834596788046,2.2170293531808084e-10,2.0658222432850989e-10,2.0441374781910156e-10,0.9999834596788043,0.9999834596788048,2.1450198251642807e-10,0.9999834596788062,0.9999834596788051,2.0658222459358994e-10,0.9999834596788052,0.9999835738956976,2.2095429228282323e-10,0.9999834596788052,2.0531142853014012e-10,0.9999834596788062,2.0419213144333672e-10,0.9999834596788059,2.1529585227584835e-10,2.1779021131462888e-10
3.268215847488486e-06,1.556714797847789e-13,2.1028478532182634e-10,2.1028478527524353e-10,7.945059163153883e-17,2.102847853117435e-10,2.1028478526835289e-10,1.652875150435402e-13,8.495806187430343e-17,2.1028478531275457e-10,2.1028478531362376e-10,4.499991268835996e-06,8.422969804673564e-17,2.10284785335593e-10,7.855151517145592e-17,2.1028478530977584e-10,8.612813642185614e-17,7.943172901330752e-17,7.844573498321554e-17,2.1028478533802709e-10,2.1028478527352752e-10,1.647029999418887e-13,2.1028478525504963e-10,2.102847853654414e-10,7.947541212700019e-17,2.1028478533584067e-10,4.170624771222314e-07,8.559596511041435e-17,2.1028478531608506e-10,7.870218884603116e-17,2.1028478536693524e-10,7.830369186131093e-17,2.1028478531608506e-10,1.6542920871314924e-13,1.6773454176603962e-13
3.2840102561971352e-06,8.207865355576218e-17,2.182483803851419e-10,2.182483803607925e-10,8.290240863480712e-17,2.1824838035207006e-10,2.1824838039510573e-10,8.671116793828536e-17,1.7558831400313962e-13,2.1824838046575282e-10,2.1824838036602364e-10,8.422969804673564e-17,4.4999912852803905e-06,2.1824838039377974e-10,8.185027066521921e-17,2.1824838041501357e-10,9.02745237163748e-17,8.305430656557011e-17,8.205232999581589e-17,2.1824838036079252e-10,2.1824838032757577e-10,8.699735775116522e-17,2.182483803729417e-10,2.1824838035381032e-10,8.306985168742707e-17,2.1824838036673938e-10,4.328568522229022e-07,8.993936079626992e-17,2.1824838036673938e-10,8.246179733690859e-17,2.182483804857867e-10,8.182818497971533e-17,2.1824838041673128e-10,8.735561781222992e-17,8.828442405783394e-17
0.9999891940470721,2.045145902579604e-10,0.9999834596788072,0.9999834596788072,2.06582224378459e-10,0.9999834596788083,0.999983459678807,2.1509882934100193e-10,2.182483813224846e-10,0.9999834596788062,0.9999834596788059,2.10284785335593e-10,2.1824838039377974e-10,0.9999879596691742,2.0419213148308776e-10,0.9999834596788059,2.2170293535819502e-10,2.0658222440559611e-10,2.0441374787690835e-10,0.9999834596788066,0.9999834596788078,2.1450198259983783e-10,0.9999834596788072,0.9999834596788063,2.0658222452490704e-10,0.9999834596788063,0.9999835738957006,2.209542923799101e-10,0.9999834596788078,2.0531142845544002e-10,0.9999834596788075,2.041921314955424e-10,0.9999834596788072,2.1529585226460428e-10,2.1779021136891266e-10
3.2561321302346276e-06,1.5027374591701763e-13,2.041921316083074e-10,2.0419213149650556e-10,1.5211014992242577e-13,2.0419213150447553e-10,2.0419213153302411e-10,8.050359141112206e-17,8.195851256299485e-17,2.0419213150447553e-10,2.0419213147597145e-10,7.855151517145592e-17,8.185027066521921e-17,2.0419213148308776e-10,4.49999125732119e-06,2.0419213146891676e-10,1.654623832980505e-13,1.5211014999383422e-13,1.5017756944093672e-13,2.0419213150447553e-10,2.0419213155099487e-10,8.050134317544605e-17,2.041921315915507e-10,2.0419213155099487e-10,1.5211015007154664e-13,2.0419213152981905e-10,4.049787815295936e-07,8.289751883515263e-17,2.041921315122467e-10,1.509736073096287e-13,2.0419213146939146e-10,1.4997500751714907e-13,2.0419213147597145e-10,1.5980210596777285e-13,8.165131348540936e-17
0.9999891940470697,2.0451459026279595e-10,0.9999834596788058,0.9999834596788049,2.0658222432761676e-10,0.9999834596788069,0.9999834596788054,2.150988293733685e-10,2.1824838131379e-10,0.9999834596788044,0.9999834596788046,2.1028478530977584e-10,2.1824838041501357e-10,0.9999834596788059,2.0419213146891676e-10,0.9999879596691741,2.2170293539740462e-10,2.065822244339192e-10,2.044137479044372e-10,0.9999834596788046,0.9999834596788048,2.145019826150271e-10,0.9999834596788054,0.9999834596788046,2.0658222444389158e-10,0.9999834596788048,0.9999835738956974,2.209542923723204e-10,0.9999834596788054,2.053114284186923e-10,0.9999834596788052,2.041921314376395e-10,0.9999834596788059,2.1529585231806933e-10,2.1779021128471017e-10
3.290861765182155e-06,8.363528912446172e-17,2.2170293528317131e-10,2.2170293539740462e-10,8.450404332917663e-17,2.2170293529491193e-10,2.2170293530655922e-10,8.857902026540124e-17,9.02745237163748e-17,2.2170293539740462e-10,2.2170293531808084e-10,8.612813642185614e-17,9.02745237163748e-17,2.2170293535819502e-10,1.654623832980505e-13,2.2170293539740462e-10,4.499991288008286e-06,8.507015867919357e-17,1.6567803247497657e-13,2.2170293535819502e-10,2.217029353279042e-10,8.840442194680192e-17,2.2170293533974416e-10,2.217029353370145e-10,8.450790078809819e-17,2.2170293530208565e-10,4.3970834775236087e-07,9.12247886924073e-17,2.2170293528317131e-10,8.391614236497824e-17,2.2170293528317131e-10,1.6546238332591362e-13,2.2170293529491193e-10,8.840226187144564e-17,9.032188374466725e-17
3.2608724620285618e-06,1.5240779320958385e-13,2.065822243869033e-10,2.065822244134802e-10,1.542678071246088e-13,2.0658222437121812e-10,2.0658222442476928e-10,8.157979362820693e-17,8.285368532356135e-17,2.065822243869033e-10,2.0658222432850989e-10,7.943172901330752e-17,8.305430656557011e-17,2.0658222440559611e-10,1.5211014999383422e-13,2.065822244339192e-10,8.507015867919357e-17,4.499991263676065e-06,1.5231734169165978e-13,2.0658222444184857e-10,2.0658222444854093e-10,8.138038443371305e-17,2.0658222445688372e-10,2.065822244339192e-10,1.5426780726994487e-13,2.065822244340205e-10,4.0971910586955643e-07,8.417366356366796e-17,2.0658222437097418e-10,1.531157441774585e-13,2.0658222437097418e-10,1.5211015005742716e-13,2.0658222443574723e-10,8.214840864984897e-17,8.260573387008993e-17
3.2565716689606285e-06,1.5047285921795435e-13,2.0441374784995524e-10,2.0441374778969265e-10,1.5231734162058652e-13,2.0441374790840325e-10,2.0441374783171138e-10,8.058720778428473e-17,8.211894153217112e-17,2.0441374781410898e-10,2.0441374781910156e-10,7.844573498321554e-17,8.205232999581589e-17,2.0441374787690835e-10,1.5017756944093672e-13,2.044137479044372e-10,1.6567803247497657e-13,1.5231734169165978e-13,4.499991258898012e-06,2.044137478234363e-10,2.044137478530414e-10,8.026628985138568e-17,2.0441374790591246e-10,2.0441374778969265e-10,1.5231734176929094e-13,2.0441374793136269e-10,4.054183182214944e-07,8.32580322789159e-17,2.0441374783171138e-10,1.511747071906332e-13,2.0441374789434392e-10,1.501775695099764e-13,2.0441374778969265e-10,8.111991812344e-17,8.162896796475776e-17
0.99998919404707,2.045145903165428e-10,0.9999834596788062,0.9999834596788063,2.0658222432761676e-10,0.9999834596788081,0.9999834596788062,2.150988292899555e-10,2.182483812970845e-10,0.9999834596788054,0.9999834596788043,2.1028478533802709e-10,2.1824838036079252e-10,0.9999834596788066,2.0419213150447553e-10,0.9999834596788046,2.2170293535819502e-10,2.0658222444184857e-10,2.044137478234363e-10,0.9999879596691745,0.9999834596788054,2.1450198251642807e-10,0.9999834596788059,0.9999834596788062,2.0658222457945425e-10,0.9999834596788062,0.9999835738956984,2.2095429240011323e-10,0.9999834596788062,2.053114283861512e-10,0.9999834596788055,2.041921314992261e-10,0.9999834596788066,2.1529585224649352e-10,2.1779021136891266e-10
0.9999891940470703,2.0451459034495792e-10,0.9999834596788063,0.9999834596788066,2.0658222435165952e-10,0.9999834596788078,0.9999834596788062,2.1509882933245237e-10,2.1824838128972816e-10,0.9999834596788055,0.9999834596788048,2.1028478527352752e-10,2.1824838032757577e-10,0.9999834596788078,2.0419213155099487e-10,0.9999834596788048,2.217029353279042e-10,2.0658222444854093e-10,2.044137478530414e-10,0.9999834596788054,0.999987959669172,2.1450198250402695e-10,0.999983459678807,0.9999834596788055,2.0658222444873955e-10,0.9999834596788065,0.9999835738956988,2.209542923723204e-10,0.9999834596788065,2.0531142847263488e-10,0.999983459678807,2.041921316194532e-10,0.9999834596788078,2.15295852200276e-10,2.1779021131462888e-10
3.2765799281401375e-06,1.594116121789248e-13,2.145019825746313e-10,2.145019826146826e-10,8.117634854140639e-17,2.1450198253675337e-10,2.1450198250276314e-10,8.519970131889227e-17,8.726141471698878e-17,2.1450198242063243e-10,2.1450198251642807e-10,1.647029999418887e-13,8.699735775116522e-17,2.1450198259983783e-10,8.050134317544605e-17,2.145019826150271e-10,8.840442194680192e-17,8.138038443371305e-17,8.026628985138568e-17,2.1450198251642807e-10,2.1450198250402695e-10,4.4999912793282155e-06,2.1450198258747774e-10,2.1450198254433673e-10,8.117634854140639e-17,2.1450198250920518e-10,4.2542653797465313e-07,1.7454445018690995e-13,2.1450198251306263e-10,1.601380010973637e-13,2.1450198251306263e-10,8.032350641102114e-17,2.1450198262677104e-10,1.6933807502976592e-13,8.655164781871693e-17
0.9999891940470725,2.0451459022694532e-10,0.999983459678807,0.9999834596788072,2.0658222443886395e-10,0.9999834596788072,0.9999834596788066,2.1509882931819276e-10,2.1824838128423354e-10,0.9999834596788063,0.9999834596788062,2.1028478525504963e-10,2.182483803729417e-10,0.9999834596788072,2.041921315915507e-10,0.9999834596788054,2.2170293533974416e-10,2.0658222445688372e-10,2.0441374790591246e-10,0.9999834596788059,0.999983459678807,2.1450198258747774e-10,0.999987959669179,0.9999834596788062,2.06582224393298e-10,0.999983459678807,0.9999835738956995,2.209542923937674e-10,0.999983459678807,2.0531142853014012e-10,0.9999834596788069,2.0419213147994636e-10,0.9999834596788072,2.152958522619691e-10,2.1779021136456748e-10
0.9999891940470718,2.0451459020729454e-10,0.9999834596788072,0.9999834596788062,2.0658222432761676e-10,0.9999834596788072,0.999983459678807,2.1509882939216656e-10,2.1824838127928154e-10,0.9999834596788055,0.9999834596788051,2.102847853654414e-10,2.1824838035381032e-10,0.9999834596788063,2.0419213155099487e-10,0.9999834596788046,2.217029353370145e-10,2.065822244339192e-10,2.0441374778969265e-10,0.9999834596788062,0.9999834596788055,2.1450198254433673e-10,0.9999834596788062,0.9999879596691714,2.0658222437587337e-10,0.9999834596788062,0.9999835738956984,2.2095429225817503e-10,0.9999834596788066,2.0531142837627126e-10,0.9999834596788061,2.0419213151651835e-10,0.9999834596788063,2.1529585221174245e-10,2.1779021138988068e-10
3.260872461989631e-06,1.5240779328716076e-13,2.0658222444741712e-10,2.065822244986324e-10,1.5426780720164833e-13,2.065822244657762e-10,2.0658222452874327e-10,8.162942573543255e-17,8.291730447570255e-17,2.0658222446355206e-10,2.0658222459358994e-10,7.947541212700019e-17,8.306985168742707e-17,2.0658222452490704e-10,1.5211015007154664e-13,2.0658222444389158e-10,8.450790078809819e-17,1.5426780726994487e-13,1.5231734176929094e-13,2.0658222457945425e-10,2.0658222444873955e-10,8.117634854140639e-17,2.06582224393298e-10,2.0658222437587337e-10,4.499991263676065e-06,2.0658222451599091e-10,4.0971910603917144e-07,8.417466196123032e-17,2.065822244468658e-10,1.5311574425486086e-13,2.0658222452240242e-10,1.5211015013513983e-13,2.0658222444777387e-10,8.199113508921372e-17,8.260573387008993e-17
0.9999891940470711,2.045145903165428e-10,0.9999834596788069,0.9999834596788062,2.0658222433891202e-10,0.9999834596788072,0.999983459678807,2.1509882940185192e-10,2.1824838131379e-10,0.9999834596788054,0.9999834596788052,2.1028478533584067e-10,2.1824838036673938e-10,0.9999834596788063,2.0419213152981905e-10,0.9999834596788048,2.2170293530208565e-10,2.065822244340205e-10,2.0441374793136269e-10,0.9999834596788062,0.9999834596788065,2.1450198250920518e-10,0.999983459678807,0.9999834596788062,2.0658222451599091e-10,0.999987959669176,0.9999835738956991,2.209542923906974e-10,0.999983459678807,2.0531142845544002e-10,0.9999834596788062,2.0419213153694828e-10,0.9999834596788063,2.1529585224649352e-10,2.1779021135621572e-10
0.9999893082641556,4.056183212247108e-07,0.9999835738956995,0.9999835738956994,4.097191057700716e-07,0.9999835738957011,0.9999835738956991,4.266102777185617e-07,4.328568540153263e-07,0.9999835738956986,0.9999835738956976,4.170624771222314e-07,4.328568522229022e-07,0.9999835738957006,4.049787815295936e-07,0.9999835738956974,4.3970834775236087e-07,4.0971910586955643e-07,4.054183182214944e-07,0.9999835738956984,0.9999835738956988,4.2542653797465313e-07,0.9999835738956995,0.9999835738956984,4.0971910603917144e-07,0.9999835738956991,0.9999881881030072,4.382235474818825e-07,0.9999835738956991,4.0719870785671873e-07,0.9999835738956994,4.049787815110675e-07,0.9999835738957006,4.2700103767799524e-07,4.319481553276728e-07
3.2893769611053836e-06,8.319079437788803e-17,2.2095429238237741e-10,2.209542923799101e-10,8.422639853581406e-17,2.2095429223143246e-10,2.209542924102906e-10,8.839504957360083e-17,8.96209722189629e-17,2.2095429235204033e-10,2.2095429228282323e-10,8.559596511041435e-17,8.993936079626992e-17,2.209542923799101e-10,8.289751883515263e-17,2.209542923723204e-10,9.12247886924073e-17,8.417366356366796e-17,8.32580322789159e-17,2.2095429240011323e-10,2.209542923723204e-10,1.7454445018690995e-13,2.209542923937674e-10,2.2095429225817503e-10,8.417466196123032e-17,2.209542923906974e-10,4.382235474818825e-07,4.499991290608765e-06,2.209542924102906e-10,8.358422653522231e-17,2.209542924057894e-10,8.319059047424293e-17,2.2095429235204033e-10,8.849856220423874e-17,8.93936518288016e-17
0.9999891940470704,2.0451459022760348e-10,0.9999834596788066,0.999983459678807,2.065822243747568e-10,0.9999834596788081,0.999983459678807,2.1509882939803065e-10,2.1824838126268629e-10,0.9999834596788052,0.9999834596788052,2.1028478531608506e-10,2.1824838036673938e-10,0.9999834596788078,2.041921315122467e-10,0.9999834596788054,2.2170293528317131e-10,2.0658222437097418e-10,2.0441374783171138e-10,0.9999834596788062,0.9999834596788065,2.1450198251306263e-10,0.999983459678807,0.9999834596788066,2.065822244468658e-10,0.999983459678807,0.9999835738956991,2.209542924102906e-10,0.9999879596691756,2.0531142853014012e-10,0.9999834596788066,2.041921315536378e-10,0.9999834596788078,2.1529585231806933e-10,2.1779021134093803e-10
3.2583520544594636e-06,1.5127640209446895e-13,2.0531142833202372e-10,2.0531142838328477e-10,1.5311574410749503e-13,2.053114283391354e-10,2.053114284594665e-10,8.094628025985039e-17,8.243228256697499e-17,2.053114284498904e-10,2.0531142853014012e-10,7.870218884603116e-17,8.246179733690859e-17,2.0531142845544002e-10,1.509736073096287e-13,2.053114284186923e-10,8.391614236497824e-17,1.531157441774585e-13,1.511747071906332e-13,2.053114283861512e-10,2.0531142847263488e-10,1.601380010973637e-13,2.0531142853014012e-10,2.0531142837627126e-10,1.5311574425486086e-13,2.0531142845544002e-10,4.0719870785671873e-07,8.358422653522231e-17,2.0531142853014012e-10,4.499991262627067e-06,2.0531142853014012e-10,1.5097360737648302e-13,2.0531142833202372e-10,1.6084845293582573e-13,8.21396101689906e-17
0.9999891940470725,2.0451459033745808e-10,0.9999834596788066,0.9999834596788066,2.065822244080447e-10,0.9999834596788072,0.9999834596788062,2.15098829291243e-10,2.1824838127908917e-10,0.9999834596788062,0.9999834596788062,2.1028478536693524e-10,2.182483804857867e-10,0.9999834596788075,2.0419213146939146e-10,0.9999834596788052,2.2170293528317131e-10,2.0658222437097418e-10,2.0441374789434392e-10,0.9999834596788055,0.999983459678807,2.1450198251306263e-10,0.9999834596788069,0.9999834596788061,2.0658222452240242e-10,0.9999834596788062,0.9999835738956994,2.209542924057894e-10,0.9999834596788066,2.0531142853014012e-10,0.9999879596691753,2.0419213147994636e-10,0.9999834596788075,2.152958521934437e-10,2.1779021139735617e-10
3.25613213005482e-06,1.5027374598568544e-13,2.0419213142943877e-10,2.0419213144333672e-10,1.521101499860185e-13,2.0419213145821186e-10,2.0419213149226432e-10,8.055751645675301e-17,8.183678172667654e-17,2.0419213149738884e-10,2.0419213144333672e-10,7.830369186131093e-17,8.182818497971533e-17,2.041921314955424e-10,1.4997500751714907e-13,2.041921314376395e-10,1.6546238332591362e-13,1.5211015005742716e-13,1.501775695099764e-13,2.041921314992261e-10,2.041921316194532e-10,8.032350641102114e-17,2.0419213147994636e-10,2.0419213151651835e-10,1.5211015013513983e-13,2.0419213153694828e-10,4.049787815110675e-07,8.319059047424293e-17,2.041921315536378e-10,1.5097360737648302e-13,2.0419213147994636e-10,4.49999125732119e-06,2.041921315356807e-10,1.5980210601081868e-13,8.18076053191198e-17
0.9999891940470721,2.0451459028958278e-10,0.9999834596788072,0.9999834596788072,2.0658222436961135e-10,0.9999834596788083,0.999983459678807,2.1509882937975102e-10,2.1824838131379e-10,0.9999834596788059,0.9999834596788059,2.1028478531608506e-10,2.1824838041673128e-10,0.9999834596788072,2.0419213147597145e-10,0.9999834596788059,2.2170293529491193e-10,2.0658222443574723e-10,2.0441374778969265e-10,0.9999834596788066,0.9999834596788078,2.1450198262677104e-10,0.9999834596788072,0.9999834596788063,2.0658222444777387e-10,0.9999834596788063,0.9999835738957006,2.2095429235204033e-10,0.9999834596788078,2.0531142833202372e-10,0.9999834596788075,2.041921315356807e-10,0.9999879596691741,2.1529585219138734e-10,2.177902112946296e-10
3.2781544264802027e-06,1.6011948968128304e-13,2.1529585219854982e-10,2.1529585226947004e-10,8.096221598294569e-17,2.1529585217737622e-10,2.152958522354991e-10,1.698717144197743e-13,8.725519659980914e-17,2.1529585226618086e-10,2.1529585227584835e-10,1.6542920871314924e-13,8.735561781222992e-17,2.1529585226460428e-10,1.5980210596777285e-13,2.1529585231806933e-10,8.840226187144564e-17,8.214840864984897e-17,8.111991812344e-17,2.1529585224649352e-10,2.15295852200276e-10,1.6933807502976592e-13,2.152958522619691e-10,2.1529585221174245e-10,8.199113508921372e-17,2.1529585224649352e-10,4.2700103767799524e-07,8.849856220423874e-17,2.1529585231806933e-10,1.6084845293582573e-13,2.152958521934437e-10,1.5980210601081868e-13,2.1529585219138734e-10,4.499991277862266e-06,8.659287391515536e-17
3.2831015595720066e-06,8.143795487054112e-17,2.1779021136891266e-10,2.1779021138357474e-10,8.279517485269855e-17,2.1779021139951252e-10,2.1779021133503245e-10,1.7224499540994723e-13,8.798704141719587e-17,2.1779021123437587e-10,2.1779021131462888e-10,1.6773454176603962e-13,8.828442405783394e-17,2.1779021136891266e-10,8.165131348540936e-17,2.1779021128471017e-10,9.032188374466725e-17,8.260573387008993e-17,8.162896796475776e-17,2.1779021136891266e-10,2.1779021131462888e-10,8.655164781871693e-17,2.1779021136456748e-10,2.1779021138988068e-10,8.260573387008993e-17,2.1779021135621572e-10,4.319481553276728e-07,8.93936518288016e-17,2.1779021134093803e-10,8.21396101689906e-17,2.1779021139735617e-10,8.18076053191198e-17,2.177902112946296e-10,8.659287391515536e-17,4.499991282573549e-06
