1.0000000007191419,-1.1486173167222354e-06,1.0000035518853903,-1.1340770430425892e-06,1.0000036967352892,1.0000036967352892,1.000003659031907,-1.13195402135265e-06,1.0000036967352888,-1.1420900016489823e-06,-1.1417527165064218e-06,-1.1379575858780133e-06,-1.1340770437853157e-06,-1.1603236445064575e-06,-1.1344924965292982e-06,-1.1340770461604486e-06,1.0000036967352888,-1.1467475762090407e-06,-1.1319137261778468e-06,-1.1497173683198128e-06,-1.139462929869946e-06,1.0000036967352908,1.0000036967352903,1.000003696735292,1.000003696735292,-1.13208311077351e-06,-1.1339460817776167e-06,1.0000036967352917,1.0000036967352888,-1.156146760694616e-06,-1.1373615696935103e-06,-1.135128711682145e-06,1.0000036967352912,-1.1578559713495906e-06,1.0000037061840021,-1.1435622178310696e-06
-1.1486173167222354e-06,-1.2536563814225206e-06,-1.9316120205444056e-07,1.6950469478330054e-17,-9.736931914763793e-11,-9.736931914350355e-11,-1.9316122361026006e-07,3.321406320774195e-14,-9.736931919408516e-11,1.8089707750033466e-17,1.8160424039726134e-17,1.7626160287117063e-17,1.715515004216262e-17,1.9004653818946358e-17,3.366521413702793e-14,1.7168380301429064e-17,-9.736931920060396e-11,3.602166517515167e-14,3.3212743728165754e-14,1.820934784571213e-17,1.7215527297246557e-17,-9.736931914763793e-11,-9.736931917466404e-11,-9.736931908979836e-11,-9.736931919045116e-11,1.678041859179563e-17,1.688051272360168e-17,-9.736931919045116e-11,-9.736931912743578e-11,3.820511694801233e-14,1.7190005899452953e-17,1.696129336222357e-17,-9.736931912743578e-11,1.9176559526986735e-17,-9.736932003210477e-11,1.826925699899547e-17
1.0000035518853903,-1.9316120205444056e-07,1.0000035874646318,-1.7862091974816487e-07,1.0000049859706626,1.0000049859706632,1.000004948267278,-1.7649790375011919e-07,1.0000049859706632,-1.866338793663539e-07,-1.8629659189518337e-07,-1.8250146521622723e-07,-1.786209201345157e-07,-2.048675274711454e-07,-1.7903637871566183e-07,-1.7862092022765646e-07,1.0000049859706632,-1.9129146115746959e-07,-1.7645760377219578e-07,-1.942612530950871e-07,-1.8400680585979908e-07,1.0000049859706632,1.0000049859706632,1.0000049859706646,1.000004985970664,-1.7662698885009886e-07,-1.784899584222665e-07,1.0000049859706646,1.0000049859706643,-2.006906461553944e-07,-1.8190544585136924e-07,-1.7967259090263417e-07,1.0000049859706646,-2.0239985305514514e-07,1.0000049954193777,-1.8810609440999388e-07
-1.1340770430425892e-06,1.6950469478330054e-17,-1.7862091974816487e-07,-1.2536563831645597e-06,-9.003980692096484e-11,-9.00398068440302e-11,-9.003980339655162e-11,1.5542050028012654e-17,-9.003980684443184e-11,1.667972514624345e-17,1.7064733978464137e-17,1.6406507182913986e-17,3.1202801693053656e-14,1.8597710652870624e-17,1.5692793684307046e-17,3.120280165941653e-14,-9.003980681781084e-11,1.6963516772769057e-17,1.5436824772371976e-17,3.3942962247187585e-14,1.6304618671041e-17,-9.003980690179023e-11,-9.003980690179023e-11,-9.003980690185845e-11,-9.00398069058756e-11,1.5547831741683786e-17,1.5546670675629857e-17,-9.003980696589435e-11,-9.003980696589435e-11,1.7638009867285982e-17,1.5997992411020855e-17,1.5710729608295818e-17,-9.003980696589435e-11,1.8089278670445734e-17,-9.00398076145997e-11,1.6614904341715618e-17
1.0000036967352892,-9.736931914763793e-11,1.0000049859706626,-9.003980692096484e-11,1.0000038771645057,1.0000051308205962,1.0000050931172058,-8.896963023762846e-11,1.0000051308205966,-9.407900497482719e-11,-9.390898389782158e-11,-9.199592460171268e-11,-9.003980702750295e-11,-1.0327028073085798e-10,-9.024923273424162e-11,-9.003980722501923e-11,1.0000051308205962,-9.642681425417115e-11,-8.894931563041421e-11,-9.79238363570099e-11,-9.275474145025125e-11,1.0000051308205973,1.0000051308205966,1.0000051308205984,1.000005130820598,-8.903470000436002e-11,-8.997379155132907e-11,1.0000051308205973,1.0000051308205966,-1.0116478496041786e-10,-9.169548097896166e-11,-9.056993654653028e-11,1.0000051308205968,-1.0202636761515465e-10,1.000005140269311,-9.48211238798757e-11
1.0000036967352892,-9.736931914350355e-11,1.0000049859706632,-9.00398068440302e-11,1.0000051308205962,1.0000038771645068,1.0000050931172073,-8.896963024086183e-11,1.000005130820598,-9.40790049917049e-11,-9.390898389782158e-11,-9.199592460171268e-11,-9.003980711745079e-11,-1.032702807488575e-10,-9.024923272502865e-11,-9.0039807296973e-11,1.0000051308205975,-9.642681430166254e-11,-8.89493155194402e-11,-9.79238363570099e-11,-9.275474145025125e-11,1.0000051308205973,1.0000051308205968,1.0000051308206,1.000005130820599,-8.903469986724895e-11,-8.997379142493255e-11,1.0000051308205986,1.000005130820599,-1.0116478518052834e-10,-9.169548098990953e-11,-9.056993654653028e-11,1.0000051308205986,-1.0202636761835048e-10,1.0000051402693129,-9.482112382160577e-11
1.000003659031907,-1.9316122361026006e-07,1.000004948267278,-9.003980339655162e-11,1.0000050931172058,1.0000050931172073,1.000003801757724,-8.896962664322116e-11,1.000005093117206,-9.407900126781795e-11,-9.390898055594197e-11,-9.199592104018805e-11,-9.00398035370262e-11,-2.0486755028478877e-07,-9.024922890886031e-11,-9.003980360663895e-11,1.0000050931172073,-1.9129148263585362e-07,-8.894931164579853e-11,-9.792383237506867e-11,-9.275473782217772e-11,1.000005093117207,1.000005093117207,1.0000050931172075,1.0000050931172073,-8.903469629409605e-11,-8.997378776752843e-11,1.0000050931172078,1.0000050931172075,-2.0069066856711793e-07,-9.169547740618065e-11,-9.056993291346927e-11,1.0000050931172066,-2.0239987565548167e-07,1.0000051025659222,-9.482112007632923e-11
-1.13195402135265e-06,3.321406320774195e-14,-1.7649790375011919e-07,1.5542050028012654e-17,-8.896963023762846e-11,-8.896963024086183e-11,-8.896962664322116e-11,-1.253656386149691e-06,-8.896963029595802e-11,1.7023087428554818e-17,3.250969985983066e-14,1.593022883916688e-17,1.5542050028012654e-17,1.8476248691586167e-17,3.081962473630794e-14,1.5665854028175055e-17,-8.896963013708913e-11,3.292378446920348e-14,3.0373926249183415e-14,1.6764236370603997e-17,1.568456081087492e-17,-8.896963029622548e-11,-8.89696302741074e-11,-8.896963024086183e-11,-8.896963024086183e-11,1.534406773782435e-17,1.545625688306283e-17,-8.896963019409249e-11,-8.896963024086183e-11,1.7629522527918092e-17,1.5843113220762586e-17,1.5233717051323607e-17,-8.896963024086183e-11,1.7803868651259958e-17,-8.896963110323481e-11,1.646784913962548e-17
1.0000036967352888,-9.736931919408516e-11,1.0000049859706632,-9.003980684443184e-11,1.0000051308205966,1.000005130820598,1.000005093117206,-8.896963029595802e-11,1.0000038771645057,-9.407900510662264e-11,-9.390898402994222e-11,-9.199592457888314e-11,-9.003980702750295e-11,-1.0327028060328751e-10,-9.024923264698374e-11,-9.0039807296973e-11,1.0000051308205982,-9.642681409366092e-11,-8.89493155194402e-11,-9.792383648444373e-11,-9.275474137999563e-11,1.000005130820598,1.000005130820598,1.000005130820599,1.000005130820598,-8.903469986724895e-11,-8.997379155132907e-11,1.0000051308205984,1.0000051308205982,-1.0116478496041786e-10,-9.169548097896166e-11,-9.056993654653028e-11,1.000005130820598,-1.0202636761515465e-10,1.000005140269313,-9.482112382160577e-11
-1.1420900016489823e-06,1.8089707750033466e-17,-1.866338793663539e-07,1.667972514624345e-17,-9.407900497482719e-11,-9.40790049917049e-11,-9.407900126781795e-11,1.7023087428554818e-17,-9.407900510662264e-11,-1.2536563845811556e-06,1.7393206607964084e-17,3.319226031981941e-14,1.6446856835902152e-17,1.8835791899905563e-17,1.6591162847658673e-17,1.6369994595878794e-17,-9.407900499484491e-11,1.775452780776886e-17,1.6959000148166262e-17,1.7602924964436547e-17,1.6858140587388425e-17,-9.407900495875575e-11,-9.407900497819778e-11,-9.40790050463427e-11,-9.407900495634786e-11,1.5270775827194013e-17,3.3176119571117374e-14,-9.407900497819778e-11,-9.40790050485531e-11,1.8462459769837896e-17,1.6658683506700865e-17,1.686908831880861e-17,-9.407900489858096e-11,1.9155126343151508e-17,-9.4079005879711e-11,1.7250306295069084e-17
-1.1417527165064218e-06,1.8160424039726134e-17,-1.8629659189518337e-07,1.7064733978464137e-17,-9.390898389782158e-11,-9.390898389782158e-11,-9.390898055594197e-11,3.250969985983066e-14,-9.390898402994222e-11,1.7393206607964084e-17,-1.2536563820355761e-06,1.6324256490466467e-17,1.7064733978464137e-17,1.9160208838494348e-17,1.7119370635808514e-17,1.652881901394875e-17,-9.390898401082676e-11,3.51432694805681e-14,1.5653255550022825e-17,1.8215042175107876e-17,1.6589100198527152e-17,-9.390898399587367e-11,-9.39089839233766e-11,-9.390898394568583e-11,-9.390898408623479e-11,1.5924645729496475e-17,1.6456599714254688e-17,-9.390898389782158e-11,-9.39089839233766e-11,1.8486762507071164e-17,1.719431128457313e-17,1.6295872637016337e-17,-9.39089839233766e-11,1.891959427501422e-17,-9.390898492693312e-11,1.7703166474891912e-17
-1.1379575858780133e-06,1.7626160287117063e-17,-1.8250146521622723e-07,1.6406507182913986e-17,-9.199592460171268e-11,-9.199592460171268e-11,-9.199592104018805e-11,1.593022883916688e-17,-9.199592457888314e-11,3.319226031981941e-14,1.6324256490466467e-17,-1.2536563859262786e-06,1.6076604763961066e-17,1.7630557568819034e-17,1.6233419826515175e-17,1.6390186312169376e-17,-9.199592472445463e-11,1.749068320449977e-17,1.5847656287765913e-17,1.7841556206497598e-17,3.2214693661397237e-14,-9.199592472445463e-11,-9.199592457888314e-11,-9.199592460171268e-11,-9.199592457888314e-11,3.1969957243934747e-14,1.6532887663395115e-17,-9.199592472445463e-11,-9.199592457888314e-11,1.8483689488138155e-17,1.733563754342531e-17,3.307728019031737e-14,-9.199592470757988e-11,1.8327088158002314e-17,-9.199592572915009e-11,1.7060565032853025e-17
-1.1340770437853157e-06,1.715515004216262e-17,-1.786209201345157e-07,3.1202801693053656e-14,-9.003980702750295e-11,-9.003980711745079e-11,-9.00398035370262e-11,1.5542050028012654e-17,-9.003980702750295e-11,1.6446856835902152e-17,1.7064733978464137e-17,1.6076604763961066e-17,-1.2536563831645597e-06,1.8345667985331433e-17,1.5692793684307046e-17,3.1202801772461664e-14,-9.00398070321381e-11,1.6963516772769057e-17,1.5524427449849396e-17,3.3942962370149126e-14,1.633262966678264e-17,-9.003980702663858e-11,-9.003980711745079e-11,-9.003980711745079e-11,-9.003980718328976e-11,1.5547831741683786e-17,1.5767424313054855e-17,-9.003980702746903e-11,-9.003980711745079e-11,1.7638009867285982e-17,1.557801457251836e-17,1.5990677252951167e-17,-9.003980702746903e-11,1.8089278670445734e-17,-9.003980766827701e-11,1.6614904341715618e-17
-1.1603236445064575e-06,1.9004653818946358e-17,-2.048675274711454e-07,1.8597710652870624e-17,-1.0327028073085798e-10,-1.032702807488575e-10,-2.0486755028478877e-07,1.8476248691586167e-17,-1.0327028060328751e-10,1.8835791899905563e-17,1.9160208838494348e-17,1.7630557568819034e-17,1.8345667985331433e-17,-1.2536563757899374e-06,1.8481724034838606e-17,1.8597710652870624e-17,-1.0327028060328751e-10,3.865482519820547e-14,1.8659547858274593e-17,1.9816512482546853e-17,1.8795135972754255e-17,-1.0327028066536593e-10,-1.0327028062811844e-10,-1.0327028062801863e-10,-1.0327028066536593e-10,1.8016515451862164e-17,1.8242346018186673e-17,-1.0327028062811844e-10,-1.0327028066536593e-10,2.1086725211218742e-17,1.843308820786568e-17,1.8789679341099324e-17,-1.0327028062811844e-10,2.034599709161258e-17,-1.0327028181720506e-10,1.8764574128236498e-17
-1.1344924965292982e-06,3.366521413702793e-14,-1.7903637871566183e-07,1.5692793684307046e-17,-9.024923273424162e-11,-9.024923272502865e-11,-9.024922890886031e-11,3.081962473630794e-14,-9.024923264698374e-11,1.6591162847658673e-17,1.7119370635808514e-17,1.6233419826515175e-17,1.5692793684307046e-17,1.8481724034838606e-17,-1.2536563871185853e-06,1.5692793684307046e-17,-9.024923264698374e-11,3.343446287985149e-14,3.0818693086374933e-14,1.7196580387452997e-17,1.673472818538748e-17,-9.024923271122979e-11,-9.024923282110268e-11,-9.024923264698374e-11,-9.024923295703826e-11,1.546909912380809e-17,1.543669816720763e-17,-9.02492327747538e-11,-9.024923272502865e-11,1.8592003348879548e-17,1.5995086394644536e-17,1.5500140332677982e-17,-9.024923273424162e-11,1.810978677979553e-17,-9.024923362062807e-11,1.6980603109972594e-17
-1.1340770461604486e-06,1.7168380301429064e-17,-1.7862092022765646e-07,3.120280165941653e-14,-9.003980722501923e-11,-9.0039807296973e-11,-9.003980360663895e-11,1.5665854028175055e-17,-9.0039807296973e-11,1.6369994595878794e-17,1.652881901394875e-17,1.6390186312169376e-17,3.1202801772461664e-14,1.8597710652870624e-17,1.5692793684307046e-17,-1.2536563831645597e-06,-9.00398072941243e-11,1.6913791933650818e-17,1.5342985770362473e-17,3.394296233379265e-14,1.6142371259083382e-17,-9.003980731914359e-11,-9.003980729614015e-11,-9.0039807242193e-11,-9.0039807296973e-11,1.5640036742232272e-17,1.5767424313054855e-17,-9.003980721317192e-11,-9.0039807296973e-11,1.7638009867285982e-17,1.5997992411020855e-17,1.5918832887494365e-17,-9.0039807296973e-11,1.8089278670445734e-17,-9.003980805377405e-11,1.6614904341715618e-17
1.0000036967352888,-9.736931920060396e-11,1.0000049859706632,-9.003980681781084e-11,1.0000051308205962,1.0000051308205975,1.0000050931172073,-8.896963013708913e-11,1.0000051308205982,-9.407900499484491e-11,-9.390898401082676e-11,-9.199592472445463e-11,-9.00398070321381e-11,-1.0327028060328751e-10,-9.024923264698374e-11,-9.00398072941243e-11,1.0000038771645083,-9.642681415642944e-11,-8.89493157061175e-11,-9.792383648444373e-11,-9.275474143397323e-11,1.0000051308205986,1.0000051308205975,1.0000051308205995,1.000005130820598,-8.903469986724895e-11,-8.997379155132907e-11,1.000005130820598,1.0000051308205993,-1.0116478511799179e-10,-9.169548099162887e-11,-9.056993661424061e-11,1.0000051308205982,-1.0202636765482723e-10,1.0000051402693135,-9.48211238798757e-11
-1.1467475762090407e-06,3.602166517515167e-14,-1.9129146115746959e-07,1.6963516772769057e-17,-9.642681425417115e-11,-9.642681430166254e-11,-1.9129148263585362e-07,3.292378446920348e-14,-9.642681409366092e-11,1.775452780776886e-17,3.51432694805681e-14,1.749068320449977e-17,1.6963516772769057e-17,3.865482519820547e-14,3.343446287985149e-14,1.6913791933650818e-17,-9.642681415642944e-11,-1.253656381744037e-06,3.2920298765653454e-14,1.834488148094354e-17,1.767714462582653e-17,-9.642681409366092e-11,-9.642681426966662e-11,-9.642681426966662e-11,-9.642681432350851e-11,1.6440365478570444e-17,1.670570682907449e-17,-9.642681425417115e-11,-9.642681440093127e-11,1.8823981032033875e-17,1.6864263653134347e-17,1.6783137920427124e-17,-9.642681432350851e-11,1.883151625707153e-17,-9.642681532666863e-11,1.7563372618012274e-17
-1.1319137261778468e-06,3.3212743728165754e-14,-1.7645760377219578e-07,1.5436824772371976e-17,-8.894931563041421e-11,-8.89493155194402e-11,-8.894931164579853e-11,3.0373926249183415e-14,-8.89493155194402e-11,1.6959000148166262e-17,1.5653255550022825e-17,1.5847656287765913e-17,1.5524427449849396e-17,1.8659547858274593e-17,3.0818693086374933e-14,1.5342985770362473e-17,-8.89493157061175e-11,3.2920298765653454e-14,-1.2536563840400222e-06,1.6897555240909123e-17,3.216111170715586e-14,-8.894931563041421e-11,-8.89493157061175e-11,-8.89493156268592e-11,-8.894931563041421e-11,1.5463481058581337e-17,1.5164394326304103e-17,-8.894931570737813e-11,-8.894931563164012e-11,3.48613566568408e-14,1.561141111181797e-17,1.550727192066908e-17,-8.89493156973937e-11,1.8177247924946902e-17,-8.894931649580606e-11,1.6698273198096587e-17
-1.1497173683198128e-06,1.820934784571213e-17,-1.942612530950871e-07,3.3942962247187585e-14,-9.79238363570099e-11,-9.79238363570099e-11,-9.792383237506867e-11,1.6764236370603997e-17,-9.792383648444373e-11,1.7602924964436547e-17,1.8215042175107876e-17,1.7841556206497598e-17,3.3942962370149126e-14,1.9816512482546853e-17,1.7196580387452997e-17,3.394296233379265e-14,-9.792383648444373e-11,1.834488148094354e-17,1.6897555240909123e-17,-1.253656382031772e-06,1.7926152844322728e-17,-9.792383648444373e-11,-9.79238363570099e-11,-9.792383647530862e-11,-9.792383638987623e-11,1.6895408037179917e-17,1.7078759559150103e-17,-9.792383647530862e-11,-9.792383647530862e-11,1.904823593405931e-17,1.7311337470780802e-17,1.73615743638172e-17,-9.792383647530862e-11,2.003129878457352e-17,-1.9426128442357838e-07,1.7936967048579927e-17
-1.139462929869946e-06,1.7215527297246557e-17,-1.8400680585979908e-07,1.6304618671041e-17,-9.275474145025125e-11,-9.275474145025125e-11,-9.275473782217772e-11,1.568456081087492e-17,-9.275474137999563e-11,1.6858140587388425e-17,1.6589100198527152e-17,3.2214693661397237e-14,1.633262966678264e-17,1.8795135972754255e-17,1.673472818538748e-17,1.6142371259083382e-17,-9.275474143397323e-11,1.767714462582653e-17,3.216111170715586e-14,1.7926152844322728e-17,-1.2536563821425164e-06,-9.275474151546425e-11,-9.275474143397323e-11,-9.275474143397323e-11,-9.275474143396827e-11,3.2208203245101555e-14,3.301102165876975e-14,-9.275474142114883e-11,-9.275474145025125e-11,1.8372723463639263e-17,1.6544836092193397e-17,1.542670577173942e-17,-9.275474150387618e-11,1.8961226500297457e-17,-9.275474228261153e-11,1.7335926088908713e-17
1.0000036967352908,-9.736931914763793e-11,1.0000049859706632,-9.003980690179023e-11,1.0000051308205973,1.0000051308205973,1.000005093117207,-8.896963029622548e-11,1.000005130820598,-9.407900495875575e-11,-9.390898399587367e-11,-9.199592472445463e-11,-9.003980702663858e-11,-1.0327028066536593e-10,-9.024923271122979e-11,-9.003980731914359e-11,1.0000051308205986,-9.642681409366092e-11,-8.894931563041421e-11,-9.792383648444373e-11,-9.275474151546425e-11,1.000003877164507,1.000005130820598,1.0000051308205995,1.0000051308205986,-8.903469993024518e-11,-8.997379145139984e-11,1.0000051308205984,1.000005130820598,-1.0116478518052834e-10,-9.169548097896166e-11,-9.056993659702852e-11,1.0000051308205984,-1.0202636761515465e-10,1.000005140269313,-9.482112381971901e-11
1.0000036967352903,-9.736931917466404e-11,1.0000049859706632,-9.003980690179023e-11,1.0000051308205966,1.0000051308205968,1.000005093117207,-8.89696302741074e-11,1.000005130820598,-9.407900497819778e-11,-9.39089839233766e-11,-9.199592457888314e-11,-9.003980711745079e-11,-1.0327028062811844e-10,-9.024923282110268e-11,-9.003980729614015e-11,1.0000051308205975,-9.642681426966662e-11,-8.89493157061175e-11,-9.79238363570099e-11,-9.275474143397323e-11,1.000005130820598,1.0000038771645017,1.000005130820599,1.0000051308205984,-8.903469990482494e-11,-8.99737915611561e-11,1.0000051308205982,1.0000051308205986,-1.0116478506730082e-10,-9.169548098990953e-11,-9.056993664231835e-11,1.000005130820598,-1.0202636765482723e-10,1.0000051402693126,-9.482112381971901e-11
1.000003696735292,-9.736931908979836e-11,1.0000049859706646,-9.003980690185845e-11,1.0000051308205984,1.0000051308206,1.0000050931172075,-8.896963024086183e-11,1.000005130820599,-9.40790050463427e-11,-9.390898394568583e-11,-9.199592460171268e-11,-9.003980711745079e-11,-1.0327028062801863e-10,-9.024923264698374e-11,-9.0039807242193e-11,1.0000051308205995,-9.642681426966662e-11,-8.89493156268592e-11,-9.792383647530862e-11,-9.275474143397323e-11,1.0000051308205995,1.000005130820599,1.0000038771645077,1.0000051308205993,-8.903469993024518e-11,-8.997379145139984e-11,1.0000051308205993,1.0000051308206002,-1.0116478511799179e-10,-9.169548097896166e-11,-9.056993654653028e-11,1.0000051308205993,-1.0202636761515465e-10,1.000005140269314,-9.482112381971901e-11
1.000003696735292,-9.736931919045116e-11,1.000004985970664,-9.00398069058756e-11,1.000005130820598,1.000005130820599,1.0000050931172073,-8.896963024086183e-11,1.000005130820598,-9.407900495634786e-11,-9.390898408623479e-11,-9.199592457888314e-11,-9.003980718328976e-11,-1.0327028066536593e-10,-9.024923295703826e-11,-9.0039807296973e-11,1.000005130820598,-9.642681432350851e-11,-8.894931563041421e-11,-9.792383638987623e-11,-9.275474143396827e-11,1.0000051308205986,1.0000051308205984,1.0000051308205993,1.0000038771645097,-8.9034699963121e-11,-8.997379137915268e-11,1.0000051308205977,1.0000051308205993,-1.011647850034559e-10,-9.169548116768935e-11,-9.056993647642613e-11,1.0000051308205977,-1.0202636761515465e-10,1.0000051402693133,-9.482112381971901e-11
-1.13208311077351e-06,1.678041859179563e-17,-1.7662698885009886e-07,1.5547831741683786e-17,-8.903470000436002e-11,-8.903469986724895e-11,-8.903469629409605e-11,1.534406773782435e-17,-8.903469986724895e-11,1.5270775827194013e-17,1.5924645729496475e-17,3.1969957243934747e-14,1.5547831741683786e-17,1.8016515451862164e-17,1.546909912380809e-17,1.5640036742232272e-17,-8.903469986724895e-11,1.6440365478570444e-17,1.5463481058581337e-17,1.6895408037179917e-17,3.2208203245101555e-14,-8.903469993024518e-11,-8.903469990482494e-11,-8.903469993024518e-11,-8.9034699963121e-11,-1.2536563838028992e-06,3.0610730478566415e-14,-8.903469982169106e-11,-8.903469986724895e-11,1.7678051280617646e-17,3.119317762950346e-14,3.086337379038051e-14,-8.903469986724895e-11,1.764331196585495e-17,-8.903470065267253e-11,1.6266248799409503e-17
-1.1339460817776167e-06,1.688051272360168e-17,-1.784899584222665e-07,1.5546670675629857e-17,-8.997379155132907e-11,-8.997379142493255e-11,-8.997378776752843e-11,1.545625688306283e-17,-8.997379155132907e-11,3.3176119571117374e-14,1.6456599714254688e-17,1.6532887663395115e-17,1.5767424313054855e-17,1.8242346018186673e-17,1.543669816720763e-17,1.5767424313054855e-17,-8.997379155132907e-11,1.670570682907449e-17,1.5164394326304103e-17,1.7078759559150103e-17,3.301102165876975e-14,-8.997379145139984e-11,-8.99737915611561e-11,-8.997379145139984e-11,-8.997379137915268e-11,3.0610730478566415e-14,-1.253656386097162e-06,-8.997379148100285e-11,-8.997379143651063e-11,1.7804872832361073e-17,3.099115821180604e-14,3.0837871259665226e-14,-8.99737915611561e-11,1.720859244211124e-17,-8.997379242985377e-11,1.7081076384667627e-17
1.0000036967352917,-9.736931919045116e-11,1.0000049859706646,-9.003980696589435e-11,1.0000051308205973,1.0000051308205986,1.0000050931172078,-8.896963019409249e-11,1.0000051308205984,-9.407900497819778e-11,-9.390898389782158e-11,-9.199592472445463e-11,-9.003980702746903e-11,-1.0327028062811844e-10,-9.02492327747538e-11,-9.003980721317192e-11,1.000005130820598,-9.642681425417115e-11,-8.894931570737813e-11,-9.792383647530862e-11,-9.275474142114883e-11,1.0000051308205984,1.0000051308205982,1.0000051308205993,1.0000051308205977,-8.903469982169106e-11,-8.997379148100285e-11,1.0000038771645086,1.0000051308205993,-1.0116478511799179e-10,-9.169548097896166e-11,-9.056993664592593e-11,1.0000051308205986,-1.0202636761515465e-10,1.000005140269314,-9.482112381971901e-11
1.0000036967352888,-9.736931912743578e-11,1.0000049859706643,-9.003980696589435e-11,1.0000051308205966,1.000005130820599,1.0000050931172075,-8.896963024086183e-11,1.0000051308205982,-9.40790050485531e-11,-9.39089839233766e-11,-9.199592457888314e-11,-9.003980711745079e-11,-1.0327028066536593e-10,-9.024923272502865e-11,-9.0039807296973e-11,1.0000051308205993,-9.642681440093127e-11,-8.894931563164012e-11,-9.792383647530862e-11,-9.275474145025125e-11,1.000005130820598,1.0000051308205986,1.0000051308206002,1.0000051308205993,-8.903469986724895e-11,-8.997379143651063e-11,1.0000051308205993,1.0000038771645061,-1.0116478498715776e-10,-9.169548098990953e-11,-9.056993664592593e-11,1.0000051308205993,-1.0202636765482723e-10,1.000005140269314,-9.482112381971901e-11
-1.156146760694616e-06,3.820511694801233e-14,-2.006906461553944e-07,1.7638009867285982e-17,-1.0116478496041786e-10,-1.0116478518052834e-10,-2.0069066856711793e-07,1.7629522527918092e-17,-1.0116478496041786e-10,1.8462459769837896e-17,1.8486762507071164e-17,1.8483689488138155e-17,1.7638009867285982e-17,2.1086725211218742e-17,1.8592003348879548e-17,1.7638009867285982e-17,-1.0116478511799179e-10,1.8823981032033875e-17,3.48613566568408e-14,1.904823593405931e-17,1.8372723463639263e-17,-1.0116478518052834e-10,-1.0116478506730082e-10,-1.0116478511799179e-10,-1.011647850034559e-10,1.7678051280617646e-17,1.7804872832361073e-17,-1.0116478511799179e-10,-1.0116478498715776e-10,-1.253656375226649e-06,1.8403272082159284e-17,1.7833338179144194e-17,-1.0116478511799179e-10,4.0066477580338175e-14,-1.0116478603165111e-10,1.8643701873719717e-17
-1.1373615696935103e-06,1.7190005899452953e-17,-1.8190544585136924e-07,1.5997992411020855e-17,-9.169548097896166e-11,-9.169548098990953e-11,-9.169547740618065e-11,1.5843113220762586e-17,-9.169548097896166e-11,1.6658683506700865e-17,1.719431128457313e-17,1.733563754342531e-17,1.557801457251836e-17,1.843308820786568e-17,1.5995086394644536e-17,1.5997992411020855e-17,-9.169548099162887e-11,1.6864263653134347e-17,1.561141111181797e-17,1.7311337470780802e-17,1.6544836092193397e-17,-9.169548097896166e-11,-9.169548098990953e-11,-9.169548097896166e-11,-9.169548116768935e-11,3.119317762950346e-14,3.099115821180604e-14,-9.169548097896166e-11,-9.169548098990953e-11,1.8403272082159284e-17,-1.253656385691509e-06,3.1279857873593926e-14,-9.169548105590442e-11,1.858297910487269e-17,-9.169548200929622e-11,1.6929435922751498e-17
-1.135128711682145e-06,1.696129336222357e-17,-1.7967259090263417e-07,1.5710729608295818e-17,-9.056993654653028e-11,-9.056993654653028e-11,-9.056993291346927e-11,1.5233717051323607e-17,-9.056993654653028e-11,1.686908831880861e-17,1.6295872637016337e-17,3.307728019031737e-14,1.5990677252951167e-17,1.8789679341099324e-17,1.5500140332677982e-17,1.5918832887494365e-17,-9.056993661424061e-11,1.6783137920427124e-17,1.550727192066908e-17,1.73615743638172e-17,1.542670577173942e-17,-9.056993659702852e-11,-9.056993664231835e-11,-9.056993654653028e-11,-9.056993647642613e-11,3.086337379038051e-14,3.0837871259665226e-14,-9.056993664592593e-11,-9.056993664592593e-11,1.7833338179144194e-17,3.1279857873593926e-14,-1.2536563826423749e-06,-9.056993655310619e-11,1.7773805214458492e-17,-9.056993750069717e-11,1.6319599882898702e-17
1.0000036967352912,-9.736931912743578e-11,1.0000049859706646,-9.003980696589435e-11,1.0000051308205968,1.0000051308205986,1.0000050931172066,-8.896963024086183e-11,1.000005130820598,-9.407900489858096e-11,-9.39089839233766e-11,-9.199592470757988e-11,-9.003980702746903e-11,-1.0327028062811844e-10,-9.024923273424162e-11,-9.0039807296973e-11,1.0000051308205982,-9.642681432350851e-11,-8.89493156973937e-11,-9.792383647530862e-11,-9.275474150387618e-11,1.0000051308205984,1.000005130820598,1.0000051308205993,1.0000051308205977,-8.903469986724895e-11,-8.99737915611561e-11,1.0000051308205986,1.0000051308205993,-1.0116478511799179e-10,-9.169548105590442e-11,-9.056993655310619e-11,1.0000038771645086,-1.0202636765482723e-10,1.000005140269314,-9.48211238798757e-11
-1.1578559713495906e-06,1.9176559526986735e-17,-2.0239985305514514e-07,1.8089278670445734e-17,-1.0202636761515465e-10,-1.0202636761835048e-10,-2.0239987565548167e-07,1.7803868651259958e-17,-1.0202636761515465e-10,1.9155126343151508e-17,1.891959427501422e-17,1.8327088158002314e-17,1.8089278670445734e-17,2.034599709161258e-17,1.810978677979553e-17,1.8089278670445734e-17,-1.0202636765482723e-10,1.883151625707153e-17,1.8177247924946902e-17,2.003129878457352e-17,1.8961226500297457e-17,-1.0202636761515465e-10,-1.0202636765482723e-10,-1.0202636761515465e-10,-1.0202636761515465e-10,1.764331196585495e-17,1.720859244211124e-17,-1.0202636761515465e-10,-1.0202636765482723e-10,4.0066477580338175e-14,1.858297910487269e-17,1.7773805214458492e-17,-1.0202636765482723e-10,-1.2536563762599666e-06,-1.0202636865332346e-10,1.8971946767275146e-17
1.0000037061840021,-9.736932003210477e-11,1.0000049954193777,-9.00398076145997e-11,1.000005140269311,1.0000051402693129,1.0000051025659222,-8.896963110323481e-11,1.000005140269313,-9.4079005879711e-11,-9.390898492693312e-11,-9.199592572915009e-11,-9.003980766827701e-11,-1.0327028181720506e-10,-9.024923362062807e-11,-9.003980805377405e-11,1.0000051402693135,-9.642681532666863e-11,-8.894931649580606e-11,-1.9426128442357838e-07,-9.275474228261153e-11,1.000005140269313,1.0000051402693126,1.000005140269314,1.0000051402693133,-8.903470065267253e-11,-8.997379242985377e-11,1.000005140269314,1.000005140269314,-1.0116478603165111e-10,-9.169548200929622e-11,-9.056993750069717e-11,1.000005140269314,-1.0202636865332346e-10,1.000003896061943,-9.482112469102188e-11
-1.1435622178310696e-06,1.826925699899547e-17,-1.8810609440999388e-07,1.6614904341715618e-17,-9.48211238798757e-11,-9.482112382160577e-11,-9.482112007632923e-11,1.646784913962548e-17,-9.482112382160577e-11,1.7250306295069084e-17,1.7703166474891912e-17,1.7060565032853025e-17,1.6614904341715618e-17,1.8764574128236498e-17,1.6980603109972594e-17,1.6614904341715618e-17,-9.48211238798757e-11,1.7563372618012274e-17,1.6698273198096587e-17,1.7936967048579927e-17,1.7335926088908713e-17,-9.482112381971901e-11,-9.482112381971901e-11,-9.482112381971901e-11,-9.482112381971901e-11,1.6266248799409503e-17,1.7081076384667627e-17,-9.482112381971901e-11,-9.482112381971901e-11,1.8643701873719717e-17,1.6929435922751498e-17,1.6319599882898702e-17,-9.48211238798757e-11,1.8971946767275146e-17,-9.482112469102188e-11,-1.253656383297852e-06
