0.999999995954137,2.6037009250825853e-06,2.6014614209323675e-06,2.667276998415266e-06,2.645469962473539e-06,0.9999809143217872,0.9999809143217858,2.640319604215159e-06,0.9999809143217862,2.6211680401245563e-06,0.9999809143217858,0.9999809143217847,0.9999811370663425,0.9999809143217864,2.603700928640984e-06,2.603700929036176e-06,0.999980891645719,0.9999809143217883,2.6037009253623556e-06,2.6314975986133904e-06,2.6607276077505217e-06,2.6037009247915253e-06,2.603700929036176e-06,2.603700928553178e-06,0.9999809143217872,0.9999809143217846,2.6537760647029585e-06,2.604748992340042e-06,0.9999809143217872,0.9999809143217858,0.9999809143217872,0.9999809143217879,2.645469962509911e-06,0.9999809143217868,0.9999809143217862
2.6037009250825853e-06,5.341178325987026e-06,8.77294590256405e-14,5.523409401184534e-17,5.282890910915681e-17,1.7721379914786348e-10,1.772137991931029e-10,5.179841820644173e-17,1.7721379911075747e-10,4.80721775831131e-17,1.7721379918202084e-10,1.772137991139944e-10,3.514720904746906e-07,1.7721379915485685e-10,8.859358122251905e-14,8.859358078908603e-14,1.7721379491189516e-10,1.7721379914786348e-10,8.859358231810897e-14,5.0064189419954124e-17,5.578043805739795e-17,8.85935814908506e-14,8.859358117978102e-14,8.859358107688526e-14,1.7721379921957804e-10,1.772137991931029e-10,5.434881179987326e-17,8.898045841303506e-14,1.772137991139944e-10,1.7721379918202084e-10,1.7721379914786348e-10,1.772137992484641e-10,5.282890910915681e-17,1.772137991464836e-10,1.772137992484641e-10
2.6014614209323675e-06,8.77294590256405e-14,5.341178326429931e-06,1.0867056585478614e-13,5.227466223729056e-17,1.7608463865921146e-10,1.760846387217012e-10,5.165265058243852e-17,1.760846387217012e-10,9.437560911490773e-14,1.7608463862899228e-10,1.7608463867974482e-10,3.4923260086635596e-07,1.7608463869262346e-10,8.772946041591363e-14,8.7729459981216e-14,1.7608463432740173e-10,1.7608463864507618e-10,8.772946150964741e-14,9.835025101540479e-14,5.526853055555497e-17,8.772946067953669e-14,8.772946037135176e-14,8.772946027017021e-14,1.7608463867974482e-10,1.7608463863316796e-10,5.3904464133795013e-17,8.811401364404232e-14,1.7608463869262346e-10,1.7608463863316796e-10,1.7608463864780986e-10,1.7608463869262346e-10,5.226629571045626e-17,1.7608463854509706e-10,1.7608463866055141e-10
2.667276998415266e-06,5.523409401184534e-17,1.0867056585478614e-13,5.3411783702493986e-06,6.488709352935685e-17,2.0926895148665278e-10,2.0926895148248942e-10,6.347593537131723e-17,2.0926895145186753e-10,1.1750061921802207e-13,2.0926895154495456e-10,2.0926895145186753e-10,4.150477922084064e-07,2.0926895144544404e-10,5.515739715868687e-17,5.522692515855781e-17,4.150476812297931e-07,2.092689515827111e-10,5.522692515855781e-17,1.2217108407217414e-13,6.883296195889693e-17,5.55602228513218e-17,5.522692515855781e-17,5.515739715868687e-17,2.092689515827111e-10,2.0926895144544404e-10,6.703090413839159e-17,1.1013504074415632e-13,2.0926895148863465e-10,2.0926895148863465e-10,2.092689515222025e-10,2.0926895148863465e-10,6.470699201865694e-17,2.0926895146642635e-10,2.092689515397779e-10
2.645469962473539e-06,5.282890910915681e-17,5.227466223729056e-17,6.488709352935685e-17,5.34117835987977e-06,1.9827382266317412e-10,1.9827382264424406e-10,6.108201389968019e-17,1.982738226399871e-10,5.635213912681637e-17,1.982738226647977e-10,1.9827382264287968e-10,3.9324090735528453e-07,1.98273822699507e-10,5.2851107825403326e-17,5.2814841329889915e-17,1.982738177504525e-10,1.9827382264506866e-10,5.2814841329889915e-17,5.873058429893426e-17,6.458208150687287e-17,5.295121180273092e-17,5.2884564002062556e-17,5.294152413487919e-17,1.98273822567016e-10,1.982738226721236e-10,6.3596671724594e-17,5.306073537144199e-17,1.9827382265875258e-10,1.9827382266831367e-10,1.9827382264971367e-10,1.9827382264971367e-10,1.22352409746409e-13,1.9827382267739382e-10,1.9827382264424406e-10
0.9999809143217872,1.7721379914786348e-10,1.7608463865921146e-10,2.0926895148665278e-10,1.9827382266317412e-10,0.999978186216328,0.9999728450388917,1.9567700279126945e-10,0.999972845038891,1.8602075082616336e-10,0.999972845038891,0.9999728450388919,0.9999730677822254,0.9999728450388912,1.7721380071862277e-10,1.7721380027357466e-10,0.9999728223629543,0.9999728450388923,1.772138014893218e-10,1.9122893301276675e-10,2.0596675474984852e-10,1.772138009967356e-10,1.7721380061331753e-10,1.7721380048968552e-10,0.9999728450388914,0.999972845038892,2.0246177413998873e-10,1.7774223855647088e-10,0.9999728450388924,0.9999728450388923,0.9999728450388919,0.9999728450388912,1.982738218025663e-10,0.9999728450388914,0.9999728450388928
0.9999809143217858,1.772137991931029e-10,1.760846387217012e-10,2.0926895148248942e-10,1.9827382264424406e-10,0.9999728450388917,0.9999781862163283,1.9567700281097917e-10,0.9999728450388919,1.8602075081337228e-10,0.999972845038891,0.9999728450388916,0.9999730677822251,0.999972845038891,1.7721380066772128e-10,1.772138002651681e-10,0.9999728223629545,0.9999728450388919,1.772138015064461e-10,1.912289330807097e-10,2.05966754754377e-10,1.772138009923003e-10,1.7721380063438474e-10,1.772138006100075e-10,0.9999728450388898,0.9999728450388914,2.0246177402409672e-10,1.7774223855647088e-10,0.9999728450388924,0.9999728450388912,0.9999728450388916,0.9999728450388919,1.9827382180893208e-10,0.9999728450388895,0.9999728450388919
2.640319604215159e-06,5.179841820644173e-17,5.165265058243852e-17,6.347593537131723e-17,6.108201389968019e-17,1.9567700279126945e-10,1.9567700281097917e-10,5.3411783546726965e-06,1.9567700274579155e-10,1.0996470685059733e-13,1.9567700271855552e-10,1.9567700262701377e-10,3.8809057619746773e-07,1.956770027966154e-10,5.1829528345914396e-17,5.170655939511984e-17,1.9567699788468728e-10,1.9567700279075704e-10,5.181271596955157e-17,1.1433087396648935e-13,6.365896956022382e-17,5.1717914890002725e-17,5.1717914890002725e-17,5.1866545375614183e-17,1.9567700262701377e-10,1.9567700281568384e-10,1.2364959917575014e-13,5.198533624944368e-17,1.9567700281651544e-10,1.9567700277545652e-10,1.9567700271140312e-10,1.9567700275983372e-10,6.09385156798098e-17,1.956770027703207e-10,1.9567700274034855e-10
0.9999809143217862,1.7721379911075747e-10,1.760846387217012e-10,2.0926895145186753e-10,1.982738226399871e-10,0.999972845038891,0.9999728450388919,1.9567700274579155e-10,0.9999781862163316,1.8602075081579605e-10,0.999972845038891,0.9999728450388924,0.9999730677822253,0.9999728450388908,1.7721380069389752e-10,1.7721380032015733e-10,0.9999728223629527,0.999972845038891,1.772138014893218e-10,1.9122893306285515e-10,2.0596675475425982e-10,1.7721380101662317e-10,1.77213800533823e-10,1.772138004978379e-10,0.9999728450388906,0.999972845038891,2.0246177424294152e-10,1.7774223857979536e-10,0.9999728450388923,0.9999728450388923,0.9999728450388913,0.9999728450388898,1.9827382188546617e-10,0.9999728450388906,0.9999728450388917
2.6211680401245563e-06,4.80721775831131e-17,9.437560911490773e-14,1.1750061921802207e-13,5.635213912681637e-17,1.8602075082616336e-10,1.8602075081337228e-10,1.0996470685059733e-13,1.8602075081579605e-10,5.341178338250701e-06,1.8602075083254038e-10,1.860207508312984e-10,3.6893911529426506e-07,1.860207508346456e-10,4.80724229860307e-17,4.807298993178814e-17,1.8602074654263092e-10,1.860207509104991e-10,4.80060839683331e-17,1.0643485872670969e-13,1.1813450010150244e-13,4.8031767287504646e-17,4.80721775831131e-17,4.8035150312216976e-17,1.8602075077446468e-10,1.8602075077446468e-10,5.796664728943399e-17,4.843044798674452e-17,1.860207509104991e-10,1.8602075081785364e-10,1.860207508358531e-10,1.860207508346456e-10,5.648737677576361e-17,1.860207508346456e-10,1.8602075082616336e-10
0.9999809143217858,1.7721379918202084e-10,1.7608463862899228e-10,2.0926895154495456e-10,1.982738226647977e-10,0.999972845038891,0.999972845038891,1.9567700271855552e-10,0.999972845038891,1.8602075083254038e-10,0.9999781862163272,0.9999728450388913,0.9999730677822247,0.999972845038891,1.772138007246546e-10,1.7721380034901379e-10,0.999972822362953,0.9999728450388913,1.7721380147676746e-10,1.9122893296338438e-10,2.0596675482779447e-10,1.772138009967356e-10,1.7721380062608525e-10,1.772138006100075e-10,0.9999728450388906,0.999972845038891,2.0246177420377956e-10,1.7774223855647088e-10,0.9999728450388923,0.9999728450388912,0.9999728450388913,0.9999728450388906,1.982738218278505e-10,0.9999728450388908,0.9999728450388919
0.9999809143217847,1.772137991139944e-10,1.7608463867974482e-10,2.0926895145186753e-10,1.9827382264287968e-10,0.9999728450388919,0.9999728450388916,1.9567700262701377e-10,0.9999728450388924,1.860207508312984e-10,0.9999728450388913,0.9999781862163322,0.9999730677822265,0.9999728450388914,1.7721380075641585e-10,1.772138002426328e-10,0.9999728223629536,0.9999728450388917,1.772138014934479e-10,1.9122893309613836e-10,2.05966754754377e-10,1.7721380097432679e-10,1.7721380059741052e-10,1.7721380055758896e-10,0.999972845038891,0.9999728450388917,2.0246177418249992e-10,1.777422385057643e-10,0.9999728450388925,0.9999728450388914,0.9999728450388919,0.9999728450388917,1.9827382179720734e-10,0.999972845038891,0.9999728450388923
0.9999811370663425,3.514720904746906e-07,3.4923260086635596e-07,4.150477922084064e-07,3.9324090735528453e-07,0.9999730677822254,0.9999730677822251,3.8809057619746773e-07,0.9999730677822253,3.6893911529426506e-07,0.9999730677822247,0.9999730677822265,0.9999786317030871,0.999973067782226,3.514720933155102e-07,3.514720925922252e-07,0.9999730451062814,0.999973067782226,3.5147209504255836e-07,3.7926861978739436e-07,4.0849847267380317e-07,3.514720939769994e-07,3.5147209319124906e-07,3.514720931033385e-07,0.9999730677822253,0.999973067782226,4.0154696553447815e-07,3.5252015580422656e-07,0.999973067782226,0.9999730677822258,0.9999730677822258,0.9999730677822255,3.932409057174275e-07,0.9999730677822251,0.9999730677822272
0.9999809143217864,1.7721379915485685e-10,1.7608463869262346e-10,2.0926895144544404e-10,1.98273822699507e-10,0.9999728450388912,0.999972845038891,1.956770027966154e-10,0.9999728450388908,1.860207508346456e-10,0.999972845038891,0.9999728450388914,0.999973067782226,0.9999781862163305,1.7721380066838789e-10,1.7721380033569688e-10,0.9999728223629528,0.9999728450388924,1.772138015064461e-10,1.9122893309613836e-10,2.0596675486986423e-10,1.7721380100753018e-10,1.7721380061331753e-10,1.7721380057433854e-10,0.9999728450388914,0.9999728450388913,2.0246177420377956e-10,1.777422385057643e-10,0.9999728450388912,0.9999728450388919,0.999972845038891,0.999972845038891,1.9827382181947414e-10,0.9999728450388914,0.9999728450388924
2.603700928640984e-06,8.859358122251905e-14,8.772946041591363e-14,5.515739715868687e-17,5.2851107825403326e-17,1.7721380071862277e-10,1.7721380066772128e-10,5.1829528345914396e-17,1.7721380069389752e-10,4.80724229860307e-17,1.772138007246546e-10,1.7721380075641585e-10,3.514720933155102e-07,1.7721380066838789e-10,5.341178325987026e-06,8.859358218077554e-14,1.772137962585534e-10,1.7721380075641585e-10,8.8593583709798e-14,5.010400799541988e-17,5.554326738888697e-17,8.859358288254011e-14,8.859358257146986e-14,8.85935824685737e-14,1.7721380069389752e-10,1.7721380072200116e-10,5.4205556506694336e-17,8.898045980584391e-14,1.7721380071862277e-10,1.772138007246546e-10,1.7721380071862277e-10,1.7721380069389752e-10,5.2911364892954725e-17,1.772138007287314e-10,1.7721380075900433e-10
2.603700929036176e-06,8.859358078908603e-14,8.7729459981216e-14,5.522692515855781e-17,5.2814841329889915e-17,1.7721380027357466e-10,1.772138002651681e-10,5.170655939511984e-17,1.7721380032015733e-10,4.807298993178814e-17,1.7721380034901379e-10,1.772138002426328e-10,3.514720925922252e-07,1.7721380033569688e-10,8.859358218077554e-14,5.341178325987026e-06,1.772137959676481e-10,1.7721380027357466e-10,8.859358327636583e-14,5.0017896164285184e-17,5.57227831057868e-17,8.859358244910726e-14,8.859358213803769e-14,8.859358203514138e-14,1.7721380029282842e-10,1.7721380027357466e-10,5.434881179987326e-17,8.898045937275822e-14,1.772138002426328e-10,1.7721380024302512e-10,1.772138002653667e-10,1.772138003272949e-10,5.2851107825403326e-17,1.7721380031562878e-10,1.77213800369193e-10
0.999980891645719,1.7721379491189516e-10,1.7608463432740173e-10,4.150476812297931e-07,1.982738177504525e-10,0.9999728223629543,0.9999728223629545,1.9567699788468728e-10,0.9999728223629527,1.8602074654263092e-10,0.999972822362953,0.9999728223629536,0.9999730451062814,0.9999728223629528,1.772137962585534e-10,1.772137959676481e-10,0.9999781408644403,0.9999728223629543,1.7721379714006434e-10,1.9122892791030219e-10,2.059667498054997e-10,1.772137966321292e-10,1.772137962492278e-10,1.7721379614899438e-10,0.9999728223629527,0.9999728223629538,2.0246176911837844e-10,1.7774223399043837e-10,0.9999728223629534,0.9999728223629536,0.9999728223629536,0.9999728223629527,1.9827381701533942e-10,0.9999728223629527,0.9999728223629536
0.9999809143217883,1.7721379914786348e-10,1.7608463864507618e-10,2.092689515827111e-10,1.9827382264506866e-10,0.9999728450388923,0.9999728450388919,1.9567700279075704e-10,0.999972845038891,1.860207509104991e-10,0.9999728450388913,0.9999728450388917,0.999973067782226,0.9999728450388924,1.7721380075641585e-10,1.7721380027357466e-10,0.9999728223629543,0.9999781862163253,1.7721380147554584e-10,1.912289330794878e-10,2.0596675480961555e-10,1.7721380103578008e-10,1.7721380061331753e-10,1.7721380049721627e-10,0.9999728450388906,0.9999728450388913,2.0246177408427988e-10,1.7774223850244937e-10,0.9999728450388919,0.999972845038892,0.9999728450388912,0.9999728450388923,1.982738217325955e-10,0.9999728450388903,0.9999728450388919
2.6037009253623556e-06,8.859358231810897e-14,8.772946150964741e-14,5.522692515855781e-17,5.2814841329889915e-17,1.772138014893218e-10,1.772138015064461e-10,5.181271596955157e-17,1.772138014893218e-10,4.80060839683331e-17,1.7721380147676746e-10,1.772138014934479e-10,3.5147209504255836e-07,1.772138015064461e-10,8.8593583709798e-14,8.859358327636583e-14,1.7721379714006434e-10,1.7721380147554584e-10,5.341178325987026e-06,5.006216849853931e-17,5.568850766505239e-17,8.859358397813039e-14,8.859358366706032e-14,8.85935835641644e-14,1.7721380147554584e-10,1.772138013872045e-10,5.434881179987326e-17,8.898046090260644e-14,1.7721380147554584e-10,1.7721380150803202e-10,1.7721380149592183e-10,1.7721380138507966e-10,5.2884564002062556e-17,1.7721380147416683e-10,1.7721380147930212e-10
2.6314975986133904e-06,5.0064189419954124e-17,9.835025101540479e-14,1.2217108407217414e-13,5.873058429893426e-17,1.9122893301276675e-10,1.912289330807097e-10,1.1433087396648935e-13,1.9122893306285515e-10,1.0643485872670969e-13,1.9122893296338438e-10,1.9122893309613836e-10,3.7926861978739436e-07,1.9122893309613836e-10,5.010400799541988e-17,5.0017896164285184e-17,1.9122892791030219e-10,1.912289330794878e-10,5.006216849853931e-17,5.341178347557252e-06,6.22261882980537e-17,5.006216849853931e-17,5.0017896164285184e-17,5.001297210913484e-17,1.9122893306285515e-10,1.912289330898461e-10,5.947488507065421e-17,5.0571713366568285e-17,1.912289330898461e-10,1.912289330204302e-10,1.9122893316261347e-10,1.9122893307001207e-10,5.872808407953298e-17,1.9122893305928434e-10,1.912289330584753e-10
2.6607276077505217e-06,5.578043805739795e-17,5.526853055555497e-17,6.883296195889693e-17,6.458208150687287e-17,2.0596675474984852e-10,2.05966754754377e-10,6.365896956022382e-17,2.0596675475425982e-10,1.1813450010150244e-13,2.0596675482779447e-10,2.05966754754377e-10,4.0849847267380317e-07,2.0596675486986423e-10,5.554326738888697e-17,5.57227831057868e-17,2.059667498054997e-10,2.0596675480961555e-10,5.568850766505239e-17,6.22261882980537e-17,5.341178374142051e-06,5.578043805739795e-17,5.569075347080039e-17,5.564928195366354e-17,2.0596675483133431e-10,2.0596675482120668e-10,6.613843616543797e-17,5.593519822440472e-17,2.0596675475425982e-10,2.0596675489473843e-10,2.0596675481386268e-10,2.059667548915399e-10,6.458208150687287e-17,2.0596675479742536e-10,2.059667548099596e-10
2.6037009247915253e-06,8.85935814908506e-14,8.772946067953669e-14,5.55602228513218e-17,5.295121180273092e-17,1.772138009967356e-10,1.772138009923003e-10,5.1717914890002725e-17,1.7721380101662317e-10,4.8031767287504646e-17,1.772138009967356e-10,1.7721380097432679e-10,3.514720939769994e-07,1.7721380100753018e-10,8.859358288254011e-14,8.859358244910726e-14,1.772137966321292e-10,1.7721380103578008e-10,8.859358397813039e-14,5.006216849853931e-17,5.578043805739795e-17,5.341178325987026e-06,8.859358283980212e-14,8.859358273690534e-14,1.7721380101386566e-10,1.7721380098358325e-10,5.4386802131231245e-17,8.898046007619194e-14,1.7721380099449766e-10,1.7721380102815422e-10,1.772138010253357e-10,1.7721380103578008e-10,5.2884564002062556e-17,1.772138009352114e-10,1.772138010078378e-10
2.603700929036176e-06,8.859358117978102e-14,8.772946037135176e-14,5.522692515855781e-17,5.2884564002062556e-17,1.7721380061331753e-10,1.7721380063438474e-10,5.1717914890002725e-17,1.77213800533823e-10,4.80721775831131e-17,1.7721380062608525e-10,1.7721380059741052e-10,3.5147209319124906e-07,1.7721380061331753e-10,8.859358257146986e-14,8.859358213803769e-14,1.772137962492278e-10,1.7721380061331753e-10,8.859358366706032e-14,5.0017896164285184e-17,5.569075347080039e-17,8.859358283980212e-14,5.341178325987026e-06,8.859358242583607e-14,1.772138005367013e-10,1.7721380060991524e-10,5.434881179987326e-17,8.898045976382919e-14,1.7721380063438474e-10,1.772138005367013e-10,1.7721380058510972e-10,1.7721380063438474e-10,5.2870734163557926e-17,1.772138005858251e-10,1.7721380055838121e-10
2.603700928553178e-06,8.859358107688526e-14,8.772946027017021e-14,5.515739715868687e-17,5.294152413487919e-17,1.7721380048968552e-10,1.772138006100075e-10,5.1866545375614183e-17,1.772138004978379e-10,4.8035150312216976e-17,1.772138006100075e-10,1.7721380055758896e-10,3.514720931033385e-07,1.7721380057433854e-10,8.85935824685737e-14,8.859358203514138e-14,1.7721379614899438e-10,1.7721380049721627e-10,8.85935835641644e-14,5.001297210913484e-17,5.564928195366354e-17,8.859358273690534e-14,8.859358242583607e-14,5.341178325987026e-06,1.7721380050560482e-10,1.7721380054374963e-10,5.434881179987326e-17,8.898045966019994e-14,1.7721380058559259e-10,1.7721380054698393e-10,1.7721380054698393e-10,1.7721380056479763e-10,5.2911364892954725e-17,1.7721380057433854e-10,1.772138005457684e-10
0.9999809143217872,1.7721379921957804e-10,1.7608463867974482e-10,2.092689515827111e-10,1.98273822567016e-10,0.9999728450388914,0.9999728450388898,1.9567700262701377e-10,0.9999728450388906,1.8602075077446468e-10,0.9999728450388906,0.999972845038891,0.9999730677822253,0.9999728450388914,1.7721380069389752e-10,1.7721380029282842e-10,0.9999728223629527,0.9999728450388906,1.7721380147554584e-10,1.9122893306285515e-10,2.0596675483133431e-10,1.7721380101386566e-10,1.772138005367013e-10,1.7721380050560482e-10,0.9999781862163264,0.9999728450388895,2.0246177418249992e-10,1.7774223848993118e-10,0.9999728450388919,0.9999728450388917,0.9999728450388906,0.9999728450388903,1.9827382180893208e-10,0.9999728450388897,0.9999728450388916
0.9999809143217846,1.772137991931029e-10,1.7608463863316796e-10,2.0926895144544404e-10,1.982738226721236e-10,0.999972845038892,0.9999728450388914,1.9567700281568384e-10,0.999972845038891,1.8602075077446468e-10,0.999972845038891,0.9999728450388917,0.999973067782226,0.9999728450388913,1.7721380072200116e-10,1.7721380027357466e-10,0.9999728223629538,0.9999728450388913,1.772138013872045e-10,1.912289330898461e-10,2.0596675482120668e-10,1.7721380098358325e-10,1.7721380060991524e-10,1.7721380054374963e-10,0.9999728450388895,0.9999781862163297,2.0246177417395305e-10,1.7774223850244937e-10,0.9999728450388912,0.9999728450388912,0.9999728450388912,0.999972845038892,1.9827382184905378e-10,0.9999728450388895,0.9999728450388912
2.6537760647029585e-06,5.434881179987326e-17,5.3904464133795013e-17,6.703090413839159e-17,6.3596671724594e-17,2.0246177413998873e-10,2.0246177402409672e-10,1.2364959917575014e-13,2.0246177424294152e-10,5.796664728943399e-17,2.0246177420377956e-10,2.0246177418249992e-10,4.0154696553447815e-07,2.0246177420377956e-10,5.4205556506694336e-17,5.434881179987326e-17,2.0246176911837844e-10,2.0246177408427988e-10,5.434881179987326e-17,5.947488507065421e-17,6.613843616543797e-17,5.4386802131231245e-17,5.434881179987326e-17,5.434881179987326e-17,2.0246177418249992e-10,2.0246177417395305e-10,5.341178363991505e-06,5.4602606692223493e-17,2.024617741832195e-10,2.0246177412658877e-10,2.0246177414860687e-10,2.024617741832195e-10,6.299013437063198e-17,2.024617741832195e-10,2.024617740907508e-10
2.604748992340042e-06,8.898045841303506e-14,8.811401364404232e-14,1.1013504074415632e-13,5.306073537144199e-17,1.7774223855647088e-10,1.7774223855647088e-10,5.198533624944368e-17,1.7774223857979536e-10,4.843044798674452e-17,1.7774223855647088e-10,1.777422385057643e-10,3.5252015580422656e-07,1.777422385057643e-10,8.898045980584391e-14,8.898045937275822e-14,1.7774223399043837e-10,1.7774223850244937e-10,8.898046090260644e-14,5.0571713366568285e-17,5.593519822440472e-17,8.898046007619194e-14,8.898045976382919e-14,8.898045966019994e-14,1.7774223848993118e-10,1.7774223850244937e-10,5.4602606692223493e-17,5.341178330347063e-06,1.7774223855647088e-10,1.7774223850244937e-10,1.7774223857711578e-10,1.7774223854457062e-10,5.303646047604617e-17,1.777422385362897e-10,1.777422384237149e-10
0.9999809143217872,1.772137991139944e-10,1.7608463869262346e-10,2.0926895148863465e-10,1.9827382265875258e-10,0.9999728450388924,0.9999728450388924,1.9567700281651544e-10,0.9999728450388923,1.860207509104991e-10,0.9999728450388923,0.9999728450388925,0.999973067782226,0.9999728450388912,1.7721380071862277e-10,1.772138002426328e-10,0.9999728223629534,0.9999728450388919,1.7721380147554584e-10,1.912289330898461e-10,2.0596675475425982e-10,1.7721380099449766e-10,1.7721380063438474e-10,1.7721380058559259e-10,0.9999728450388919,0.9999728450388912,2.024617741832195e-10,1.7774223855647088e-10,0.999978186216331,0.9999728450388923,0.9999728450388914,0.9999728450388917,1.982738218278505e-10,0.9999728450388914,0.9999728450388917
0.9999809143217858,1.7721379918202084e-10,1.7608463863316796e-10,2.0926895148863465e-10,1.9827382266831367e-10,0.9999728450388923,0.9999728450388912,1.9567700277545652e-10,0.9999728450388923,1.8602075081785364e-10,0.9999728450388912,0.9999728450388914,0.9999730677822258,0.9999728450388919,1.772138007246546e-10,1.7721380024302512e-10,0.9999728223629536,0.999972845038892,1.7721380150803202e-10,1.912289330204302e-10,2.0596675489473843e-10,1.7721380102815422e-10,1.772138005367013e-10,1.7721380054698393e-10,0.9999728450388917,0.9999728450388912,2.0246177412658877e-10,1.7774223850244937e-10,0.9999728450388923,0.9999781862163272,0.9999728450388914,0.9999728450388917,1.9827382182040045e-10,0.9999728450388917,0.9999728450388923
0.9999809143217872,1.7721379914786348e-10,1.7608463864780986e-10,2.092689515222025e-10,1.9827382264971367e-10,0.9999728450388919,0.9999728450388916,1.9567700271140312e-10,0.9999728450388913,1.860207508358531e-10,0.9999728450388913,0.9999728450388919,0.9999730677822258,0.999972845038891,1.7721380071862277e-10,1.772138002653667e-10,0.9999728223629536,0.9999728450388912,1.7721380149592183e-10,1.9122893316261347e-10,2.0596675481386268e-10,1.772138010253357e-10,1.7721380058510972e-10,1.7721380054698393e-10,0.9999728450388906,0.9999728450388912,2.0246177414860687e-10,1.7774223857711578e-10,0.9999728450388914,0.9999728450388914,0.99997818621633,0.999972845038891,1.9827382180893208e-10,0.9999728450388906,0.9999728450388914
0.9999809143217879,1.772137992484641e-10,1.7608463869262346e-10,2.0926895148863465e-10,1.9827382264971367e-10,0.9999728450388912,0.9999728450388919,1.9567700275983372e-10,0.9999728450388898,1.860207508346456e-10,0.9999728450388906,0.9999728450388917,0.9999730677822255,0.999972845038891,1.7721380069389752e-10,1.772138003272949e-10,0.9999728223629527,0.9999728450388923,1.7721380138507966e-10,1.9122893307001207e-10,2.059667548915399e-10,1.7721380103578008e-10,1.7721380063438474e-10,1.7721380056479763e-10,0.9999728450388903,0.999972845038892,2.024617741832195e-10,1.7774223854457062e-10,0.9999728450388917,0.9999728450388917,0.999972845038891,0.9999781862163235,1.9827382180893208e-10,0.9999728450388898,0.9999728450388927
2.645469962509911e-06,5.282890910915681e-17,5.226629571045626e-17,6.470699201865694e-17,1.22352409746409e-13,1.982738218025663e-10,1.9827382180893208e-10,6.09385156798098e-17,1.9827382188546617e-10,5.648737677576361e-17,1.982738218278505e-10,1.9827382179720734e-10,3.932409057174275e-07,1.9827382181947414e-10,5.2911364892954725e-17,5.2851107825403326e-17,1.9827381701533942e-10,1.982738217325955e-10,5.2884564002062556e-17,5.872808407953298e-17,6.458208150687287e-17,5.2884564002062556e-17,5.2870734163557926e-17,5.2911364892954725e-17,1.9827382180893208e-10,1.9827382184905378e-10,6.299013437063198e-17,5.303646047604617e-17,1.982738218278505e-10,1.9827382182040045e-10,1.9827382180893208e-10,1.9827382180893208e-10,5.341178357161047e-06,1.9827382197054268e-10,1.9827382184905378e-10
0.9999809143217868,1.772137991464836e-10,1.7608463854509706e-10,2.0926895146642635e-10,1.9827382267739382e-10,0.9999728450388914,0.9999728450388895,1.956770027703207e-10,0.9999728450388906,1.860207508346456e-10,0.9999728450388908,0.999972845038891,0.9999730677822251,0.9999728450388914,1.772138007287314e-10,1.7721380031562878e-10,0.9999728223629527,0.9999728450388903,1.7721380147416683e-10,1.9122893305928434e-10,2.0596675479742536e-10,1.772138009352114e-10,1.772138005858251e-10,1.7721380057433854e-10,0.9999728450388897,0.9999728450388895,2.024617741832195e-10,1.777422385362897e-10,0.9999728450388914,0.9999728450388917,0.9999728450388906,0.9999728450388898,1.9827382197054268e-10,0.9999781862163226,0.9999728450388916
0.9999809143217862,1.772137992484641e-10,1.7608463866055141e-10,2.092689515397779e-10,1.9827382264424406e-10,0.9999728450388928,0.9999728450388919,1.9567700274034855e-10,0.9999728450388917,1.8602075082616336e-10,0.9999728450388919,0.9999728450388923,0.9999730677822272,0.9999728450388924,1.7721380075900433e-10,1.77213800369193e-10,0.9999728223629536,0.9999728450388919,1.7721380147930212e-10,1.912289330584753e-10,2.059667548099596e-10,1.772138010078378e-10,1.7721380055838121e-10,1.772138005457684e-10,0.9999728450388916,0.9999728450388912,2.024617740907508e-10,1.777422384237149e-10,0.9999728450388917,0.9999728450388923,0.9999728450388914,0.9999728450388927,1.9827382184905378e-10,0.9999728450388916,0.9999781862163287
