1.000000000012675,1.000005414998253,1.000005414998256,1.0000054149982565,1.0000054149982565,1.000005414998258,1.0000054149982565,1.0000054149982558,-3.309615152690979e-07,1.000005414998258,1.0000054149982567,1.0000053957824637,1.0000054149982556,1.0000054149982556,1.0000054149982567,1.0000054149982565,1.0000054149982573,1.0000054149982591,1.000005414998257,-3.3025880046447304e-07,1.0000054149982565,1.000005414998256,-3.30961514507344e-07,1.0000054149982558,1.0000054149982558,1.0000054149982558,1.0000054149982573,1.0000054149982576,1.0000053991077649,1.0000054149982573,1.0000054149982573,1.0000054149982558,1.0000054149982567,1.000005414998257,-3.302587951538183e-07,1.0000054149982562,1.0000054149982573,1.000005414998254,1.0000054149982573
1.000005414998253,1.0000056789864487,1.0000082455966006,1.0000082455966006,1.0000082455966,1.0000082455966024,1.0000082455966006,1.0000082455966015,-1.2803528817768126e-11,1.0000082455966015,1.0000082455966022,1.0000082263807621,1.0000082455966015,1.0000082455966015,1.0000082455966008,1.0000082455966006,1.000008245596601,1.0000082455966015,1.0000082455966022,-1.2449531072233583e-11,1.000008245596601,1.0000082455966015,-1.2803528365625708e-11,1.000008245596601,1.0000082455966,1.0000082455966006,1.000008245596601,1.0000082455966013,1.000008229706069,1.0000082455966022,1.000008245596602,1.000008245596601,1.000008245596602,1.0000082455965997,-1.2449531132571382e-11,1.0000082455966022,1.0000082455966015,1.000008245596602,1.0000082455966013
1.000005414998256,1.0000082455966006,1.0000056789864644,1.0000082455966053,1.0000082455966046,1.0000082455966066,1.0000082455966053,1.0000082455966057,-1.2803528839066568e-11,1.0000082455966068,1.0000082455966062,1.000008226380767,1.0000082455966066,1.000008245596606,1.000008245596605,1.0000082455966053,1.0000082455966055,1.0000082455966053,1.0000082455966062,-1.2449531041671067e-11,1.0000082455966055,1.0000082455966053,-1.2803528371151889e-11,1.0000082455966057,1.0000082455966044,1.0000082455966053,1.0000082455966055,1.0000082455966062,1.0000082297060757,1.0000082455966064,1.0000082455966066,1.0000082455966057,1.0000082455966062,1.000008245596604,-1.2449531118283527e-11,1.0000082455966057,1.0000082455966062,1.0000082455966066,1.0000082455966057
1.0000054149982565,1.0000082455966006,1.0000082455966053,1.0000056789864638,1.0000082455966048,1.0000082455966073,1.0000082455966055,1.0000082455966062,-1.280352869090374e-11,1.000008245596607,1.0000082455966066,1.000008226380767,1.0000082455966066,1.0000082455966066,1.0000082455966055,1.0000082455966053,1.0000082455966053,1.000008245596606,1.000008245596606,-1.24495311220389e-11,1.0000082455966057,1.0000082455966064,-1.2803528350479505e-11,1.0000082455966062,1.0000082455966044,1.0000082455966057,1.000008245596606,1.000008245596607,1.0000082297060746,1.000008245596607,1.0000082455966062,1.0000082455966053,1.0000082455966066,1.0000082455966044,-1.2449531154464066e-11,1.000008245596606,1.0000082455966066,1.0000082455966066,1.0000082455966062
1.0000054149982565,1.0000082455966,1.0000082455966046,1.0000082455966048,1.0000056789864595,1.0000082455966066,1.0000082455966048,1.0000082455966053,-1.2803528804163394e-11,1.0000082455966066,1.0000082455966057,1.000008226380767,1.0000082455966064,1.0000082455966057,1.0000082455966044,1.0000082455966048,1.0000082455966053,1.0000082455966057,1.0000082455966053,-1.2449531077945099e-11,1.0000082455966062,1.0000082455966053,-1.2803528366876257e-11,1.0000082455966053,1.000008245596604,1.0000082455966044,1.0000082455966048,1.0000082455966064,1.0000082297060744,1.0000082455966057,1.0000082455966057,1.0000082455966053,1.0000082455966062,1.0000082455966037,-1.2449531228396285e-11,1.0000082455966064,1.0000082455966064,1.0000082455966066,1.0000082455966053
1.000005414998258,1.0000082455966024,1.0000082455966066,1.0000082455966073,1.0000082455966066,1.0000056789864646,1.0000082455966073,1.0000082455966075,-1.2803528823156361e-11,1.0000082455966075,1.000008245596608,1.0000082263807677,1.0000082455966075,1.0000082455966077,1.000008245596607,1.000008245596607,1.000008245596607,1.0000082455966073,1.0000082455966082,-1.244953114714907e-11,1.0000082455966075,1.0000082455966075,-1.2803528358500854e-11,1.000008245596607,1.0000082455966064,1.0000082455966062,1.000008245596607,1.0000082455966075,1.000008229706076,1.0000082455966084,1.0000082455966075,1.000008245596607,1.000008245596607,1.0000082455966048,-1.2449531207779347e-11,1.0000082455966084,1.000008245596608,1.0000082455966075,1.0000082455966075
1.0000054149982565,1.0000082455966006,1.0000082455966053,1.0000082455966055,1.0000082455966048,1.0000082455966073,1.0000056789864644,1.0000082455966062,-1.280352882208587e-11,1.000008245596607,1.0000082455966066,1.000008226380767,1.0000082455966066,1.0000082455966066,1.0000082455966055,1.0000082455966053,1.0000082455966053,1.000008245596606,1.000008245596606,-1.2449531147912473e-11,1.0000082455966057,1.0000082455966064,-1.2803528377906035e-11,1.0000082455966062,1.0000082455966044,1.0000082455966057,1.000008245596606,1.000008245596607,1.0000082297060746,1.000008245596607,1.0000082455966062,1.0000082455966053,1.0000082455966066,1.0000082455966044,-1.2449531188587942e-11,1.000008245596606,1.0000082455966066,1.0000082455966066,1.0000082455966062
1.0000054149982558,1.0000082455966015,1.0000082455966057,1.0000082455966062,1.0000082455966053,1.0000082455966075,1.0000082455966062,1.000005678986462,-1.2803528800630905e-11,1.0000082455966066,1.0000082455966075,1.0000082263807677,1.0000082455966064,1.0000082455966066,1.0000082455966062,1.0000082455966062,1.000008245596607,1.0000082455966066,1.000008245596608,-1.2449531077945099e-11,1.0000082455966064,1.0000082455966062,-1.2803528364609076e-11,1.000008245596607,1.0000082455966055,1.0000082455966062,1.000008245596607,1.0000082455966066,1.0000082297060766,1.0000082455966073,1.0000082455966075,1.000008245596607,1.000008245596607,1.0000082455966046,-1.2449531160124173e-11,1.0000082455966068,1.0000082455966075,1.0000082455966077,1.0000082455966068
-3.309615152690979e-07,-1.2803528817768126e-11,-1.2803528839066568e-11,-1.280352869090374e-11,-1.2803528804163394e-11,-1.2803528823156361e-11,-1.280352882208587e-11,-1.2803528800630905e-11,-2.5666103095632444e-06,-1.2803528808136792e-11,-1.280352880848683e-11,-2.5416147798493997e-08,-1.2803528756148458e-11,-1.280352882208587e-11,-1.2803528822085283e-11,-1.2803528814308024e-11,-1.2803528815565265e-11,-1.2803528849661565e-11,-1.2803528804163391e-11,-1.461979407212211e-18,-1.280352882208587e-11,-1.2803528736406427e-11,-7.731471841727262e-16,-1.2803528740585064e-11,-1.2803528830542883e-11,-1.280352881374758e-11,-1.2803528799535167e-11,-1.2803528842998642e-11,-2.5416147872091674e-08,-1.2803528815565265e-11,-1.280352881374758e-11,-1.280352881591342e-11,-1.280352880848683e-11,-1.2803528845557014e-11,1.7471346677652443e-19,-1.2803528769984283e-11,-1.280352873409815e-11,-1.280352884494981e-11,-1.280352876563446e-11
1.000005414998258,1.0000082455966015,1.0000082455966068,1.000008245596607,1.0000082455966066,1.0000082455966075,1.000008245596607,1.0000082455966066,-1.2803528808136792e-11,1.0000056789864669,1.000008245596607,1.0000082263807692,1.0000082455966077,1.000008245596608,1.0000082455966062,1.000008245596607,1.0000082455966066,1.0000082455966062,1.0000082455966075,-1.2449531019480272e-11,1.000008245596607,1.0000082455966066,-1.280352838972647e-11,1.0000082455966066,1.0000082455966064,1.0000082455966062,1.0000082455966066,1.000008245596607,1.0000082297060773,1.000008245596608,1.0000082455966075,1.0000082455966066,1.0000082455966077,1.0000082455966055,-1.2449531228396285e-11,1.0000082455966075,1.0000082455966075,1.0000082455966075,1.0000082455966075
1.0000054149982567,1.0000082455966022,1.0000082455966062,1.0000082455966066,1.0000082455966057,1.000008245596608,1.0000082455966066,1.0000082455966075,-1.280352880848683e-11,1.000008245596607,1.0000056789864646,1.0000082263807677,1.000008245596607,1.0000082455966073,1.0000082455966066,1.0000082455966066,1.0000082455966075,1.000008245596607,1.0000082455966084,-1.244953106176326e-11,1.0000082455966062,1.0000082455966075,-1.2803528405121536e-11,1.0000082455966075,1.0000082455966062,1.0000082455966066,1.0000082455966075,1.000008245596607,1.000008229706075,1.0000082455966086,1.000008245596608,1.0000082455966075,1.0000082455966075,1.0000082455966048,-1.2449531188559958e-11,1.0000082455966075,1.0000082455966066,1.0000082455966068,1.0000082455966077
1.0000053957824637,1.0000082263807621,1.000008226380767,1.000008226380767,1.000008226380767,1.0000082263807677,1.000008226380767,1.0000082263807677,-2.5416147798493997e-08,1.0000082263807692,1.0000082263807677,1.000005640554787,1.0000082263807688,1.0000082263807681,1.000008226380767,1.000008226380767,1.000008226380767,1.0000082263807673,1.0000082263807677,-2.4713430800825416e-08,1.0000082263807673,1.0000082263807673,-2.54161469654032e-08,1.0000082263807673,1.0000082263807664,1.000008226380767,1.0000082263807673,1.0000082263807677,1.0000082104902364,1.0000082263807681,1.0000082263807673,1.000008226380767,1.0000082263807673,1.0000082263807657,-2.4713430910470715e-08,1.0000082263807673,1.0000082263807686,1.0000082263807688,1.0000082263807677
1.0000054149982556,1.0000082455966015,1.0000082455966066,1.0000082455966066,1.0000082455966064,1.0000082455966075,1.0000082455966066,1.0000082455966064,-1.2803528756148458e-11,1.0000082455966077,1.000008245596607,1.0000082263807688,1.0000056789864638,1.0000082455966066,1.000008245596606,1.0000082455966066,1.0000082455966062,1.0000082455966068,1.000008245596607,-1.2449531080458867e-11,1.0000082455966068,1.0000082455966066,-1.2803528296148086e-11,1.0000082455966062,1.0000082455966062,1.0000082455966057,1.0000082455966064,1.0000082455966073,1.0000082297060768,1.0000082455966082,1.000008245596607,1.0000082455966062,1.0000082455966075,1.0000082455966053,-1.24495311910292e-11,1.0000082455966077,1.0000082455966073,1.0000082455966075,1.0000082455966062
1.0000054149982556,1.0000082455966015,1.000008245596606,1.0000082455966066,1.0000082455966057,1.0000082455966077,1.0000082455966066,1.0000082455966066,-1.280352882208587e-11,1.000008245596608,1.0000082455966073,1.0000082263807681,1.0000082455966066,1.0000056789864598,1.0000082455966062,1.0000082455966066,1.0000082455966066,1.0000082455966066,1.0000082455966075,-1.2449531069312013e-11,1.0000082455966066,1.000008245596607,-1.2803528377906035e-11,1.0000082455966066,1.0000082455966055,1.000008245596606,1.0000082455966066,1.000008245596607,1.0000082297060766,1.0000082455966075,1.0000082455966073,1.0000082455966064,1.0000082455966077,1.0000082455966048,-1.244953116655694e-11,1.0000082455966066,1.0000082455966075,1.0000082455966077,1.0000082455966066
1.0000054149982567,1.0000082455966008,1.000008245596605,1.0000082455966055,1.0000082455966044,1.000008245596607,1.0000082455966055,1.0000082455966062,-1.2803528822085283e-11,1.0000082455966062,1.0000082455966066,1.000008226380767,1.000008245596606,1.0000082455966062,1.0000056789864624,1.0000082455966055,1.0000082455966062,1.0000082455966057,1.000008245596607,-1.244953111764853e-11,1.0000082455966053,1.0000082455966057,-1.2803528380533905e-11,1.0000082455966062,1.0000082455966048,1.0000082455966053,1.0000082455966057,1.0000082455966062,1.0000082297060757,1.000008245596607,1.0000082455966066,1.0000082455966057,1.0000082455966064,1.000008245596604,-1.244953111749014e-11,1.0000082455966062,1.0000082455966066,1.0000082455966068,1.0000082455966062
1.0000054149982565,1.0000082455966006,1.0000082455966053,1.0000082455966053,1.0000082455966048,1.000008245596607,1.0000082455966053,1.0000082455966062,-1.2803528814308024e-11,1.000008245596607,1.0000082455966066,1.000008226380767,1.0000082455966066,1.0000082455966066,1.0000082455966055,1.0000056789864646,1.0000082455966053,1.000008245596606,1.0000082455966057,-1.2449531096376457e-11,1.0000082455966057,1.0000082455966064,-1.2803528370144707e-11,1.0000082455966062,1.0000082455966044,1.0000082455966055,1.000008245596606,1.0000082455966066,1.0000082297060746,1.000008245596607,1.0000082455966062,1.0000082455966053,1.0000082455966066,1.0000082455966044,-1.2449531114706684e-11,1.000008245596607,1.0000082455966066,1.0000082455966066,1.0000082455966062
1.0000054149982573,1.000008245596601,1.0000082455966055,1.0000082455966053,1.0000082455966053,1.000008245596607,1.0000082455966053,1.000008245596607,-1.2803528815565265e-11,1.0000082455966066,1.0000082455966075,1.000008226380767,1.0000082455966062,1.0000082455966066,1.0000082455966062,1.0000082455966053,1.0000056789864642,1.000008245596606,1.0000082455966077,-1.2449531045590055e-11,1.0000082455966057,1.0000082455966062,-1.2803528370144707e-11,1.000008245596607,1.0000082455966046,1.0000082455966062,1.0000082455966066,1.0000082455966066,1.0000082297060766,1.0000082455966075,1.000008245596607,1.0000082455966066,1.0000082455966066,1.0000082455966044,-1.2449531197847349e-11,1.0000082455966068,1.0000082455966075,1.0000082455966062,1.0000082455966066
1.0000054149982591,1.0000082455966015,1.0000082455966053,1.000008245596606,1.0000082455966057,1.0000082455966073,1.000008245596606,1.0000082455966066,-1.2803528849661565e-11,1.0000082455966062,1.000008245596607,1.0000082263807673,1.0000082455966068,1.0000082455966066,1.0000082455966057,1.000008245596606,1.000008245596606,1.000005678986462,1.0000082455966075,-1.2449531096477898e-11,1.0000082455966062,1.0000082455966068,-1.2803528350479498e-11,1.000008245596606,1.0000082455966055,1.0000082455966055,1.000008245596606,1.0000082455966062,1.0000082297060766,1.000008245596607,1.0000082455966068,1.000008245596606,1.0000082455966064,1.0000082455966042,-1.2449531174586994e-11,1.0000082455966066,1.0000082455966066,1.000008245596607,1.0000082455966066
1.000005414998257,1.0000082455966022,1.0000082455966062,1.000008245596606,1.0000082455966053,1.0000082455966082,1.000008245596606,1.000008245596608,-1.2803528804163391e-11,1.0000082455966075,1.0000082455966084,1.0000082263807677,1.000008245596607,1.0000082455966075,1.000008245596607,1.0000082455966057,1.0000082455966077,1.0000082455966075,1.000005678986462,-1.244953106176326e-11,1.0000082455966066,1.000008245596607,-1.2803528379554478e-11,1.0000082455966077,1.0000082455966048,1.0000082455966068,1.0000082455966077,1.0000082455966075,1.000008229706075,1.0000082455966084,1.000008245596608,1.0000082455966075,1.0000082455966075,1.0000082455966053,-1.244953125352271e-11,1.0000082455966077,1.000008245596607,1.000008245596607,1.000008245596608
-3.3025880046447304e-07,-1.2449531072233583e-11,-1.2449531041671067e-11,-1.24495311220389e-11,-1.2449531077945099e-11,-1.244953114714907e-11,-1.2449531147912473e-11,-1.2449531077945099e-11,-1.461979407212211e-18,-1.2449531019480272e-11,-1.244953106176326e-11,-2.4713430800825416e-08,-1.2449531080458867e-11,-1.2449531069312013e-11,-1.244953111764853e-11,-1.2449531096376457e-11,-1.2449531045590055e-11,-1.2449531096477898e-11,-1.244953106176326e-11,-2.566610307307022e-06,-1.2449531065490854e-11,-1.244953116025905e-11,1.7471346677652443e-19,-1.2449531072233583e-11,-1.244953107076014e-11,-1.2449531017945417e-11,-1.244953105352919e-11,-1.244953105352919e-11,-1.2449530918363836e-11,-1.2449531053489242e-11,-1.2449531097521381e-11,-1.2449531154606558e-11,-1.2449531063007004e-11,-1.2449531100855724e-11,-7.199832959025099e-16,-1.2449531062907666e-11,-1.2449531100855724e-11,-1.2449531126561665e-11,-1.2449531076349125e-11
1.0000054149982565,1.000008245596601,1.0000082455966055,1.0000082455966057,1.0000082455966062,1.0000082455966075,1.0000082455966057,1.0000082455966064,-1.280352882208587e-11,1.000008245596607,1.0000082455966062,1.0000082263807673,1.0000082455966068,1.0000082455966066,1.0000082455966053,1.0000082455966057,1.0000082455966057,1.0000082455966062,1.0000082455966066,-1.2449531065490854e-11,1.0000056789864604,1.0000082455966057,-1.2803528403146786e-11,1.0000082455966057,1.0000082455966048,1.0000082455966053,1.0000082455966057,1.000008245596607,1.0000082297060757,1.0000082455966066,1.0000082455966066,1.0000082455966057,1.000008245596607,1.0000082455966048,-1.2449531075371885e-11,1.0000082455966073,1.0000082455966066,1.000008245596607,1.0000082455966057
1.000005414998256,1.0000082455966015,1.0000082455966053,1.0000082455966064,1.0000082455966053,1.0000082455966075,1.0000082455966064,1.0000082455966062,-1.2803528736406427e-11,1.0000082455966066,1.0000082455966075,1.0000082263807673,1.0000082455966066,1.000008245596607,1.0000082455966057,1.0000082455966064,1.0000082455966062,1.0000082455966068,1.000008245596607,-1.244953116025905e-11,1.0000082455966057,1.0000056789864633,-1.280352837135061e-11,1.0000082455966062,1.0000082455966057,1.0000082455966057,1.0000082455966062,1.0000082455966066,1.0000082297060757,1.0000082455966073,1.000008245596607,1.0000082455966062,1.0000082455966066,1.0000082455966044,-1.2449531149536839e-11,1.000008245596607,1.000008245596607,1.0000082455966062,1.0000082455966068
-3.30961514507344e-07,-1.2803528365625708e-11,-1.2803528371151889e-11,-1.2803528350479505e-11,-1.2803528366876257e-11,-1.2803528358500854e-11,-1.2803528377906035e-11,-1.2803528364609076e-11,-7.731471841727262e-16,-1.280352838972647e-11,-1.2803528405121536e-11,-2.54161469654032e-08,-1.2803528296148086e-11,-1.2803528377906035e-11,-1.2803528380533905e-11,-1.2803528370144707e-11,-1.2803528370144707e-11,-1.2803528350479498e-11,-1.2803528379554478e-11,1.7471346677652443e-19,-1.2803528403146786e-11,-1.280352837135061e-11,-2.5666103095632444e-06,-1.2803528368980055e-11,-1.2803528387683683e-11,-1.2803528381405998e-11,-1.2803528379554478e-11,-1.2803528384555913e-11,-2.5416147039000823e-08,-1.280352837096556e-11,-1.2803528371105499e-11,-1.2803528372748425e-11,-1.2803528384555913e-11,-1.280352838431942e-11,-9.078832146248062e-19,-1.2803528382110268e-11,-1.2803528385729978e-11,-1.2803528387191181e-11,-1.2803528307623578e-11
1.0000054149982558,1.000008245596601,1.0000082455966057,1.0000082455966062,1.0000082455966053,1.000008245596607,1.0000082455966062,1.000008245596607,-1.2803528740585064e-11,1.0000082455966066,1.0000082455966075,1.0000082263807673,1.0000082455966062,1.0000082455966066,1.0000082455966062,1.0000082455966062,1.000008245596607,1.000008245596606,1.0000082455966077,-1.2449531072233583e-11,1.0000082455966057,1.0000082455966062,-1.2803528368980055e-11,1.0000056789864644,1.0000082455966055,1.0000082455966057,1.000008245596607,1.0000082455966066,1.0000082297060766,1.0000082455966073,1.000008245596607,1.0000082455966066,1.0000082455966064,1.0000082455966044,-1.2449531172969963e-11,1.0000082455966068,1.0000082455966075,1.0000082455966064,1.000008245596607
1.0000054149982558,1.0000082455966,1.0000082455966044,1.0000082455966044,1.000008245596604,1.0000082455966064,1.0000082455966044,1.0000082455966055,-1.2803528830542883e-11,1.0000082455966064,1.0000082455966062,1.0000082263807664,1.0000082455966062,1.0000082455966055,1.0000082455966048,1.0000082455966044,1.0000082455966046,1.0000082455966055,1.0000082455966048,-1.244953107076014e-11,1.0000082455966048,1.0000082455966057,-1.2803528387683683e-11,1.0000082455966055,1.0000056789864615,1.0000082455966046,1.0000082455966055,1.0000082455966062,1.0000082297060744,1.000008245596606,1.0000082455966053,1.0000082455966048,1.0000082455966057,1.0000082455966035,-1.2449531207779347e-11,1.0000082455966062,1.0000082455966057,1.0000082455966062,1.0000082455966055
1.0000054149982558,1.0000082455966006,1.0000082455966053,1.0000082455966057,1.0000082455966044,1.0000082455966062,1.0000082455966057,1.0000082455966062,-1.280352881374758e-11,1.0000082455966062,1.0000082455966066,1.000008226380767,1.0000082455966057,1.000008245596606,1.0000082455966053,1.0000082455966055,1.0000082455966062,1.0000082455966055,1.0000082455966068,-1.2449531017945417e-11,1.0000082455966053,1.0000082455966057,-1.2803528381405998e-11,1.0000082455966057,1.0000082455966046,1.0000056789864626,1.0000082455966062,1.0000082455966062,1.0000082297060757,1.0000082455966068,1.0000082455966066,1.0000082455966057,1.0000082455966057,1.0000082455966042,-1.2449531233152493e-11,1.000008245596606,1.0000082455966066,1.0000082455966057,1.000008245596606
1.0000054149982573,1.000008245596601,1.0000082455966055,1.000008245596606,1.0000082455966048,1.000008245596607,1.000008245596606,1.000008245596607,-1.2803528799535167e-11,1.0000082455966066,1.0000082455966075,1.0000082263807673,1.0000082455966064,1.0000082455966066,1.0000082455966057,1.000008245596606,1.0000082455966066,1.000008245596606,1.0000082455966077,-1.244953105352919e-11,1.0000082455966057,1.0000082455966062,-1.2803528379554478e-11,1.000008245596607,1.0000082455966055,1.0000082455966062,1.000005678986464,1.0000082455966066,1.0000082297060766,1.0000082455966075,1.000008245596607,1.0000082455966066,1.0000082455966066,1.0000082455966046,-1.244953118860742e-11,1.0000082455966068,1.0000082455966075,1.0000082455966064,1.0000082455966066
1.0000054149982576,1.0000082455966013,1.0000082455966062,1.000008245596607,1.0000082455966064,1.0000082455966075,1.000008245596607,1.0000082455966066,-1.2803528842998642e-11,1.000008245596607,1.000008245596607,1.0000082263807677,1.0000082455966073,1.000008245596607,1.0000082455966062,1.0000082455966066,1.0000082455966066,1.0000082455966062,1.0000082455966075,-1.244953105352919e-11,1.000008245596607,1.0000082455966066,-1.2803528384555913e-11,1.0000082455966066,1.0000082455966062,1.0000082455966062,1.0000082455966066,1.0000056789864669,1.0000082297060773,1.0000082455966075,1.0000082455966075,1.0000082455966066,1.0000082455966068,1.0000082455966048,-1.244953118860742e-11,1.000008245596607,1.000008245596607,1.0000082455966073,1.000008245596607
1.0000053991077649,1.000008229706069,1.0000082297060757,1.0000082297060746,1.0000082297060744,1.000008229706076,1.0000082297060746,1.0000082297060766,-2.5416147872091674e-08,1.0000082297060773,1.000008229706075,1.0000082104902364,1.0000082297060768,1.0000082297060766,1.0000082297060757,1.0000082297060746,1.0000082297060766,1.0000082297060766,1.000008229706075,-1.2449530918363836e-11,1.0000082297060757,1.0000082297060757,-2.5416147039000823e-08,1.0000082297060766,1.0000082297060744,1.0000082297060757,1.0000082297060766,1.0000082297060773,1.0000056472054057,1.000008229706077,1.0000082297060768,1.0000082297060766,1.0000082297060766,1.0000082297060744,-1.2449530958817626e-11,1.0000082297060768,1.0000082297060766,1.0000082297060766,1.0000082297060766
1.0000054149982573,1.0000082455966022,1.0000082455966064,1.000008245596607,1.0000082455966057,1.0000082455966084,1.000008245596607,1.0000082455966073,-1.2803528815565265e-11,1.000008245596608,1.0000082455966086,1.0000082263807681,1.0000082455966082,1.0000082455966075,1.000008245596607,1.000008245596607,1.0000082455966075,1.000008245596607,1.0000082455966084,-1.2449531053489242e-11,1.0000082455966066,1.0000082455966073,-1.280352837096556e-11,1.0000082455966073,1.000008245596606,1.0000082455966068,1.0000082455966075,1.0000082455966075,1.000008229706077,1.0000056789864675,1.0000082455966084,1.000008245596607,1.0000082455966077,1.0000082455966055,-1.2449531117922507e-11,1.0000082455966075,1.000008245596608,1.0000082455966082,1.0000082455966073
1.0000054149982573,1.000008245596602,1.0000082455966066,1.0000082455966062,1.0000082455966057,1.0000082455966075,1.0000082455966062,1.0000082455966075,-1.280352881374758e-11,1.0000082455966075,1.000008245596608,1.0000082263807673,1.000008245596607,1.0000082455966073,1.0000082455966066,1.0000082455966062,1.000008245596607,1.0000082455966068,1.000008245596608,-1.2449531097521381e-11,1.0000082455966066,1.000008245596607,-1.2803528371105499e-11,1.000008245596607,1.0000082455966053,1.0000082455966066,1.000008245596607,1.0000082455966075,1.0000082297060768,1.0000082455966084,1.000005678986467,1.000008245596607,1.000008245596607,1.0000082455966048,-1.2449531233152493e-11,1.0000082455966073,1.000008245596608,1.000008245596607,1.000008245596607
1.0000054149982558,1.000008245596601,1.0000082455966057,1.0000082455966053,1.0000082455966053,1.000008245596607,1.0000082455966053,1.000008245596607,-1.280352881591342e-11,1.0000082455966066,1.0000082455966075,1.000008226380767,1.0000082455966062,1.0000082455966064,1.0000082455966057,1.0000082455966053,1.0000082455966066,1.000008245596606,1.0000082455966075,-1.2449531154606558e-11,1.0000082455966057,1.0000082455966062,-1.2803528372748425e-11,1.0000082455966066,1.0000082455966048,1.0000082455966057,1.0000082455966066,1.0000082455966066,1.0000082297060766,1.000008245596607,1.000008245596607,1.0000056789864644,1.0000082455966066,1.0000082455966044,-1.2449531118952101e-11,1.0000082455966068,1.0000082455966075,1.0000082455966062,1.0000082455966066
1.0000054149982567,1.000008245596602,1.0000082455966062,1.0000082455966066,1.0000082455966062,1.000008245596607,1.0000082455966066,1.000008245596607,-1.280352880848683e-11,1.0000082455966077,1.0000082455966075,1.0000082263807673,1.0000082455966075,1.0000082455966077,1.0000082455966064,1.0000082455966066,1.0000082455966066,1.0000082455966064,1.0000082455966075,-1.2449531063007004e-11,1.000008245596607,1.0000082455966066,-1.2803528384555913e-11,1.0000082455966064,1.0000082455966057,1.0000082455966057,1.0000082455966066,1.0000082455966068,1.0000082297060766,1.0000082455966077,1.000008245596607,1.0000082455966066,1.0000056789864675,1.0000082455966044,-1.2449531210448027e-11,1.0000082455966066,1.0000082455966075,1.0000082455966075,1.0000082455966068
1.000005414998257,1.0000082455965997,1.000008245596604,1.0000082455966044,1.0000082455966037,1.0000082455966048,1.0000082455966044,1.0000082455966046,-1.2803528845557014e-11,1.0000082455966055,1.0000082455966048,1.0000082263807657,1.0000082455966053,1.0000082455966048,1.000008245596604,1.0000082455966044,1.0000082455966044,1.0000082455966042,1.0000082455966053,-1.2449531100855724e-11,1.0000082455966048,1.0000082455966044,-1.280352838431942e-11,1.0000082455966044,1.0000082455966035,1.0000082455966042,1.0000082455966046,1.0000082455966048,1.0000082297060744,1.0000082455966055,1.0000082455966048,1.0000082455966044,1.0000082455966044,1.0000056789864595,-1.244953116065185e-11,1.0000082455966046,1.000008245596605,1.0000082455966053,1.0000082455966044
-3.302587951538183e-07,-1.2449531132571382e-11,-1.2449531118283527e-11,-1.2449531154464066e-11,-1.2449531228396285e-11,-1.2449531207779347e-11,-1.2449531188587942e-11,-1.2449531160124173e-11,1.7471346677652443e-19,-1.2449531228396285e-11,-1.2449531188559958e-11,-2.4713430910470715e-08,-1.24495311910292e-11,-1.244953116655694e-11,-1.244953111749014e-11,-1.2449531114706684e-11,-1.2449531197847349e-11,-1.2449531174586994e-11,-1.244953125352271e-11,-7.199832959025099e-16,-1.2449531075371885e-11,-1.2449531149536839e-11,-9.078832146248062e-19,-1.2449531172969963e-11,-1.2449531207779347e-11,-1.2449531233152493e-11,-1.244953118860742e-11,-1.244953118860742e-11,-1.2449530958817626e-11,-1.2449531117922507e-11,-1.2449531233152493e-11,-1.2449531118952101e-11,-1.2449531210448027e-11,-1.244953116065185e-11,-2.566610307307022e-06,-1.2449531193845896e-11,-1.2449531186135327e-11,-1.2449531181345641e-11,-1.2449531165441288e-11
1.0000054149982562,1.0000082455966022,1.0000082455966057,1.000008245596606,1.0000082455966064,1.0000082455966084,1.000008245596606,1.0000082455966068,-1.2803528769984283e-11,1.0000082455966075,1.0000082455966075,1.0000082263807673,1.0000082455966077,1.0000082455966066,1.0000082455966062,1.000008245596607,1.0000082455966068,1.0000082455966066,1.0000082455966077,-1.2449531062907666e-11,1.0000082455966073,1.000008245596607,-1.2803528382110268e-11,1.0000082455966068,1.0000082455966062,1.000008245596606,1.0000082455966068,1.000008245596607,1.0000082297060768,1.0000082455966075,1.0000082455966073,1.0000082455966068,1.0000082455966066,1.0000082455966046,-1.2449531193845896e-11,1.0000056789864682,1.0000082455966075,1.0000082455966077,1.000008245596607
1.0000054149982573,1.0000082455966015,1.0000082455966062,1.0000082455966066,1.0000082455966064,1.000008245596608,1.0000082455966066,1.0000082455966075,-1.280352873409815e-11,1.0000082455966075,1.0000082455966066,1.0000082263807686,1.0000082455966073,1.0000082455966075,1.0000082455966066,1.0000082455966066,1.0000082455966075,1.0000082455966066,1.000008245596607,-1.2449531100855724e-11,1.0000082455966066,1.000008245596607,-1.2803528385729978e-11,1.0000082455966075,1.0000082455966057,1.0000082455966066,1.0000082455966075,1.000008245596607,1.0000082297060766,1.000008245596608,1.000008245596608,1.0000082455966075,1.0000082455966075,1.000008245596605,-1.2449531186135327e-11,1.0000082455966075,1.0000056789864598,1.0000082455966073,1.0000082455966075
1.000005414998254,1.000008245596602,1.0000082455966066,1.0000082455966066,1.0000082455966066,1.0000082455966075,1.0000082455966066,1.0000082455966077,-1.280352884494981e-11,1.0000082455966075,1.0000082455966068,1.0000082263807688,1.0000082455966075,1.0000082455966077,1.0000082455966068,1.0000082455966066,1.0000082455966062,1.000008245596607,1.000008245596607,-1.2449531126561665e-11,1.000008245596607,1.0000082455966062,-1.2803528387191181e-11,1.0000082455966064,1.0000082455966062,1.0000082455966057,1.0000082455966064,1.0000082455966073,1.0000082297060766,1.0000082455966082,1.000008245596607,1.0000082455966062,1.0000082455966075,1.0000082455966053,-1.2449531181345641e-11,1.0000082455966077,1.0000082455966073,1.0000056789864642,1.0000082455966077
1.0000054149982573,1.0000082455966013,1.0000082455966057,1.0000082455966062,1.0000082455966053,1.0000082455966075,1.0000082455966062,1.0000082455966068,-1.280352876563446e-11,1.0000082455966075,1.0000082455966077,1.0000082263807677,1.0000082455966062,1.0000082455966066,1.0000082455966062,1.0000082455966062,1.0000082455966066,1.0000082455966066,1.000008245596608,-1.2449531076349125e-11,1.0000082455966057,1.0000082455966068,-1.2803528307623578e-11,1.000008245596607,1.0000082455966055,1.000008245596606,1.0000082455966066,1.000008245596607,1.0000082297060766,1.0000082455966073,1.000008245596607,1.0000082455966066,1.0000082455966068,1.0000082455966044,-1.2449531165441288e-11,1.000008245596607,1.0000082455966075,1.0000082455966077,1.0000056789864646
