0.9999999972515132,-9.928376172629453e-07,1.000008808173836,1.0000088081738452,1.00000893067206,1.0000088081738443,1.0000088081738445,1.0000088081738432,1.0000088081738432,1.0000088081738432,1.0000088081738427,1.0000088081738443,1.0000088081738443,1.0000088081738439,1.0000088081738432,1.0000088081738412,1.0000088081738454,1.000008729739672,1.0000088081738443,1.000008808173846,1.00000880817384,1.0000088081738394,1.0000088081738423,1.0000089614307808,1.00000880817384,-9.937521279095611e-07,1.0000088934700453,1.0000088081738432,1.0000088081738432,1.0000088081738405,-9.912497277617837e-07,1.0000088081738443,1.0000090777863824,1.000008808173839,-9.931527572304227e-07,1.0000088081738403,1.0000088081738454,1.000008808173839,1.000008808173839,1.0000088081738387,1.0000088081738427,1.0000088081738394,1.0000088081738432,1.0000093214608112,1.0000088081738443,1.000008808173845,1.0000088081738445,1.000008893470049,1.0000088081738439,-9.926815437850197e-07,-9.932880793665757e-07,1.0000088081738432,1.0000088081738394,1.0000088081738434,1.0000088081738394,-9.94041643211333e-07,1.0000090492326312,1.0000088081738443,1.0000088081738445,1.0000088081738427,1.0000090445292613,1.0000088081738439,1.0000088081738432,-9.90977776579409e-07,1.000008808173845,1.0000088081738427,1.0000088081738414,1.000008808173839,1.0000089044328413,1.00000880817384,1.00000880817384,1.0000088081738387,1.0000089140888135,1.0000088081738463,-9.920868520821539e-07,1.0000088081738439,1.0000088081738434,1.00000880817384,1.0000088081738372,1.0000088081738432,1.0000088081738439,1.0000088081738443,1.0000089802447798,-9.940394866282945e-07,1.0000088081738385,1.0000088081738445,1.0000088081738445,-9.938292755048197e-07,1.0000088081738405,1.0000088081738443,-9.94768188775335e-07,1.0000088081738372,1.0000090294354407,1.0000088081738412,-9.923303269301029e-07,1.0000088081738445,1.0000088081738434,-9.935053128111938e-07,-9.923341921993883e-07,1.0000088081738443,1.000008808173846,1.0000088081738439,1.000009134070922,-9.920397082125227e-07,1.0000088081738392,1.0000088081738439,-9.922262753579476e-07,1.0000088081738434,1.0000088081738394
-9.928376172629453e-07,-5.8991629729561225e-06,-1.2496629877028585e-11,-1.2496629848989016e-11,-1.2496631346440523e-11,-1.249662985063598e-11,-1.2496629863930024e-11,-1.2496629846757237e-11,-1.2496629856016518e-11,-1.2496629847173225e-11,-1.2496629842966382e-11,-1.2496629882951391e-11,-1.2496629846207026e-11,-1.2496629824652634e-11,-1.2496629834298398e-11,-1.249662986951552e-11,-1.2496629834483724e-11,-2.4933451905790505e-08,-1.2496629837345906e-11,-1.2496629878310174e-11,-1.2496629842966382e-11,-1.2496629846235301e-11,-1.2496629831275823e-11,-1.2496631671357194e-11,-1.2496629851232383e-11,-1.7101180537067352e-19,-1.2496630857349274e-11,-1.2496629853676062e-11,-1.2496629838461191e-11,-1.249662983076518e-11,-8.239963188360598e-20,-1.2496629884798201e-11,-1.2496633192848549e-11,-1.2496629852614645e-11,3.65266584260219e-16,-1.2496629829485566e-11,-1.2496629846729157e-11,-1.2496629860543058e-11,-1.2496629855402262e-11,-1.2496629855589003e-11,-1.2496629841181681e-11,-1.2496629844173117e-11,-1.249662985418485e-11,-1.2496636237088587e-11,-1.2496629849608388e-11,-1.2496629846714106e-11,-1.2496629846235301e-11,-1.2496630879774197e-11,-1.2496629860986419e-11,-4.236916532158874e-20,-1.0743547188797857e-18,-1.2496629853526963e-11,-1.2496629849873852e-11,-1.2496629859564767e-11,-1.2496629859035851e-11,-1.7250146032229776e-20,-1.2496632732875305e-11,-1.2496629859564767e-11,-1.2496629856441141e-11,-1.2496629845139417e-11,-1.2496632705810109e-11,-1.2496629860350191e-11,-1.2496629857442147e-11,3.1339778597040603e-16,-1.2496629849629128e-11,-1.2496629841181681e-11,-1.2496629838626813e-11,-1.2496629855543755e-11,-1.2496630995912116e-11,-1.249662985488962e-11,-1.2496629849629128e-11,-1.2496629849629128e-11,-1.2496631079253408e-11,-1.2496629873745212e-11,7.112404556466565e-19,-1.2496629855543755e-11,-1.2496629863454603e-11,-1.2496629849629128e-11,-1.2496629850466717e-11,-1.249662985058118e-11,-1.249662982882289e-11,-1.2496629834298398e-11,-1.2496631949459117e-11,-5.721101790210288e-19,-1.249662983076518e-11,-1.2496629844660441e-11,-1.2496629843214355e-11,-3.749180770967005e-19,-1.2496629849873852e-11,-1.249662985860074e-11,-9.641105948697693e-19,-1.249662984063003e-11,-1.2496632562021925e-11,-1.2496629859560053e-11,-1.081829388342736e-18,-1.249662984311172e-11,-1.2496629851134777e-11,-1.1690879737007997e-20,1.502452873702115e-19,-1.2496629845139417e-11,-1.2496629860543058e-11,-1.2496629863930024e-11,-1.2496633721459399e-11,1.9009166407536094e-19,-1.2496629850925439e-11,-1.2496629858013382e-11,-8.782733137802512e-19,-1.2496629855809335e-11,-1.249662985488962e-11
1.000008808173836,-1.2496629877028585e-11,1.0000096965070822,1.000015595669842,1.00001571816878,1.0000155956698413,1.000015595669844,1.000015595669841,1.000015595669842,1.0000155956698418,1.0000155956698409,1.0000155956698429,1.000015595669842,1.000015595669842,1.000015595669842,1.0000155956698413,1.0000155956698402,1.0000155172352085,1.0000155956698429,1.000015595669842,1.000015595669844,1.0000155956698402,1.0000155956698435,1.000015748927677,1.000015595669844,-1.2954983833364885e-11,1.000015680966549,1.0000155956698429,1.0000155956698429,1.0000155956698407,-1.1700778828570981e-11,1.0000155956698422,1.000015865283965,1.0000155956698435,-1.265457802557235e-11,1.000015595669843,1.000015595669841,1.0000155956698433,1.0000155956698427,1.000015595669842,1.0000155956698418,1.000015595669844,1.000015595669841,1.000016108959819,1.000015595669842,1.0000155956698416,1.0000155956698422,1.0000156809665477,1.000015595669842,-1.2418403091785499e-11,-1.2722407394764174e-11,1.000015595669841,1.0000155956698435,1.0000155956698422,1.0000155956698409,-1.3100091117522105e-11,1.0000158367300427,1.0000155956698422,1.0000155956698422,1.0000155956698438,1.0000158320266501,1.000015595669842,1.000015595669842,-1.1564471685960493e-11,1.0000155956698407,1.000015595669842,1.000015595669841,1.0000155956698438,1.000015691929405,1.0000155956698442,1.0000155956698402,1.000015595669842,1.000015701585434,1.0000155956698407,-1.2120344539467552e-11,1.000015595669842,1.0000155956698402,1.0000155956698435,1.000015595669841,1.000015595669842,1.0000155956698429,1.0000155956698422,1.0000157677417838,-1.3099007670670737e-11,1.000015595669842,1.000015595669842,1.000015595669841,-1.2993648028876954e-11,1.0000155956698413,1.0000155956698429,-1.3464234125068808e-11,1.00001559566984,1.0000158169327342,1.0000155956698447,-1.224237031901129e-11,1.0000155956698429,1.0000155956698429,-1.2831278216575651e-11,-1.2244312173547178e-11,1.000015595669842,1.000015595669843,1.0000155956698444,1.0000159215688256,-1.2096716884155506e-11,1.0000155956698435,1.0000155956698427,-1.2190220906049235e-11,1.000015595669844,1.000015595669844
1.0000088081738452,-1.2496629848989016e-11,1.000015595669842,1.0000096965070802,1.0000157181687817,1.000015595669843,1.000015595669844,1.0000155956698435,1.0000155956698435,1.0000155956698435,1.0000155956698435,1.0000155956698444,1.000015595669844,1.0000155956698438,1.000015595669844,1.0000155956698433,1.0000155956698429,1.0000155172352105,1.0000155956698447,1.000015595669843,1.0000155956698444,1.0000155956698433,1.0000155956698447,1.0000157489276786,1.0000155956698444,-1.2954983835901702e-11,1.0000156809665492,1.0000155956698444,1.0000155956698447,1.0000155956698422,-1.1700778809770461e-11,1.0000155956698435,1.000015865283966,1.0000155956698429,-1.2654578019243355e-11,1.0000155956698447,1.0000155956698442,1.0000155956698444,1.000015595669844,1.0000155956698444,1.0000155956698435,1.000015595669844,1.0000155956698444,1.000016108959821,1.000015595669843,1.000015595669843,1.0000155956698435,1.0000156809665492,1.0000155956698444,-1.2418403080378667e-11,-1.27224073936742e-11,1.000015595669843,1.0000155956698444,1.0000155956698433,1.0000155956698429,-1.3100091123465031e-11,1.0000158367300436,1.0000155956698444,1.0000155956698435,1.0000155956698435,1.0000158320266506,1.0000155956698447,1.0000155956698444,-1.1564471678844957e-11,1.0000155956698422,1.000015595669844,1.0000155956698429,1.000015595669844,1.000015691929407,1.0000155956698447,1.0000155956698429,1.000015595669844,1.0000157015854345,1.0000155956698435,-1.2120344545006963e-11,1.000015595669844,1.0000155956698435,1.0000155956698447,1.0000155956698442,1.0000155956698447,1.0000155956698435,1.0000155956698444,1.0000157677417856,-1.3099007666671553e-11,1.000015595669844,1.000015595669843,1.000015595669844,-1.2993648019997792e-11,1.0000155956698429,1.0000155956698447,-1.3464234127822542e-11,1.0000155956698422,1.0000158169327364,1.0000155956698444,-1.2242370313379386e-11,1.000015595669844,1.0000155956698447,-1.2831278211489856e-11,-1.2244312182119329e-11,1.000015595669843,1.0000155956698444,1.0000155956698444,1.0000159215688278,-1.2096716854659491e-11,1.000015595669844,1.0000155956698435,-1.2190220913504208e-11,1.0000155956698429,1.0000155956698444
1.00000893067206,-1.2496631346440523e-11,1.00001571816878,1.0000157181687817,1.0000099415049646,1.0000157181687819,1.000015718168784,1.0000157181687819,1.0000157181687825,1.000015718168782,1.000015718168782,1.0000157181687817,1.0000157181687812,1.000015718168782,1.0000157181687819,1.000015718168782,1.0000157181687814,1.000015639734139,1.0000157181687817,1.000015718168782,1.000015718168784,1.0000157181687817,1.000015718168784,1.0000158714266356,1.000015718168784,-2.5847971321695796e-08,1.0000158034654985,1.000015718168782,1.0000157181687823,1.000015718168781,-1.1700780316135443e-11,1.000015718168782,1.0000159877829378,1.0000157181687832,-1.2654579451972191e-11,1.0000157181687832,1.0000157181687817,1.000015718168784,1.000015718168783,1.000015718168782,1.000015718168782,1.0000157181687837,1.000015718168783,1.0000162314588226,1.000015718168782,1.0000157181687817,1.0000157181687823,1.0000158034654982,1.0000157181687812,-1.2418404543969907e-11,-1.2722408949466386e-11,1.0000157181687817,1.000015718168784,1.0000157181687832,1.000015718168781,-2.6137491553095096e-08,1.0000159592290105,1.0000157181687825,1.0000157181687823,1.000015718168784,1.00001595452562,1.0000157181687817,1.000015718168783,-1.1564473070070803e-11,1.0000157181687812,1.0000157181687832,1.0000157181687812,1.0000157181687837,1.0000158144283577,1.0000157181687845,1.000015718168781,1.000015718168782,1.0000158240843868,1.0000157181687817,-1.2120345920816092e-11,1.0000157181687819,1.0000157181687812,1.0000157181687839,1.0000157181687817,1.000015718168782,1.000015718168782,1.000015718168782,1.0000158902407443,-1.3099009130072668e-11,1.000015718168782,1.0000157181687819,1.000015718168782,-1.2993649548131612e-11,1.0000157181687817,1.0000157181687817,-1.34642357356767e-11,1.0000157181687817,1.0000159394317023,1.0000157181687848,-1.2242371759105989e-11,1.0000157181687812,1.000015718168782,-1.283127953040161e-11,-2.4430028756439783e-08,1.000015718168781,1.0000157181687832,1.0000157181687832,1.0000160440678065,-1.2096718277922509e-11,1.0000157181687837,1.000015718168782,-1.2190222393035882e-11,1.0000157181687832,1.0000157181687839
1.0000088081738443,-1.249662985063598e-11,1.0000155956698413,1.000015595669843,1.0000157181687819,1.0000096965070746,1.0000155956698447,1.0000155956698435,1.0000155956698433,1.0000155956698435,1.0000155956698433,1.000015595669844,1.000015595669844,1.000015595669843,1.0000155956698435,1.0000155956698429,1.0000155956698435,1.0000155172352119,1.000015595669844,1.0000155956698433,1.000015595669844,1.000015595669844,1.0000155956698444,1.0000157489276782,1.000015595669844,-1.2954983822865367e-11,1.0000156809665506,1.0000155956698435,1.0000155956698444,1.0000155956698427,-1.1700778841330882e-11,1.000015595669844,1.000015865283967,1.000015595669844,-1.265457801463009e-11,1.0000155956698447,1.0000155956698435,1.0000155956698438,1.0000155956698429,1.000015595669843,1.0000155956698442,1.000015595669844,1.0000155956698435,1.0000161089598203,1.000015595669843,1.0000155956698435,1.000015595669844,1.0000156809665495,1.0000155956698435,-1.2418403067781777e-11,-1.2722407390779081e-11,1.0000155956698435,1.0000155956698438,1.0000155956698433,1.0000155956698427,-1.3100091141629344e-11,1.000015836730045,1.0000155956698444,1.000015595669844,1.0000155956698444,1.0000158320266508,1.0000155956698435,1.0000155956698435,-1.1564471680782145e-11,1.000015595669844,1.000015595669844,1.0000155956698429,1.000015595669844,1.0000156919294074,1.0000155956698447,1.0000155956698433,1.0000155956698435,1.000015701585435,1.0000155956698435,-1.2120344522549306e-11,1.0000155956698435,1.0000155956698429,1.000015595669844,1.0000155956698435,1.000015595669845,1.0000155956698435,1.0000155956698444,1.0000157677417865,-1.309900765764105e-11,1.000015595669843,1.0000155956698435,1.0000155956698444,-1.2993648021105022e-11,1.0000155956698429,1.000015595669844,-1.3464234111904813e-11,1.000015595669844,1.0000158169327367,1.0000155956698455,-1.224237027760172e-11,1.000015595669844,1.0000155956698447,-1.2831278211644193e-11,-1.2244312168138374e-11,1.000015595669844,1.000015595669844,1.000015595669844,1.0000159215688282,-1.2096716862947655e-11,1.0000155956698442,1.0000155956698442,-1.2190220925425279e-11,1.0000155956698442,1.000015595669844
1.0000088081738445,-1.2496629863930024e-11,1.000015595669844,1.000015595669844,1.000015718168784,1.0000155956698447,1.0000096965070793,1.0000155956698444,1.0000155956698447,1.0000155956698444,1.0000155956698447,1.0000155956698447,1.0000155956698447,1.000015595669845,1.000015595669845,1.0000155956698447,1.000015595669844,1.0000155172352123,1.0000155956698447,1.0000155956698444,1.0000155956698455,1.0000155956698435,1.0000155956698453,1.0000157489276793,1.0000155956698453,-1.2954983822437485e-11,1.0000156809665512,1.0000155956698447,1.000015595669845,1.000015595669844,-1.1700778835139506e-11,1.0000155956698453,1.0000158652839684,1.000015595669845,-1.2654578017653095e-11,1.0000155956698464,1.0000155956698444,1.0000155956698455,1.0000155956698447,1.0000155956698447,1.0000155956698444,1.000015595669845,1.0000155956698447,1.000016108959823,1.0000155956698453,1.0000155956698447,1.0000155956698453,1.0000156809665508,1.0000155956698447,-1.2418403071505836e-11,-1.2722407393300654e-11,1.0000155956698444,1.0000155956698453,1.000015595669845,1.000015595669844,-1.3100091125308965e-11,1.0000158367300462,1.0000155956698447,1.0000155956698453,1.0000155956698455,1.0000158320266526,1.0000155956698449,1.0000155956698447,-1.1564471676691204e-11,1.0000155956698444,1.0000155956698453,1.0000155956698447,1.000015595669845,1.000015691929409,1.0000155956698455,1.0000155956698447,1.0000155956698455,1.0000157015854365,1.0000155956698435,-1.2120344544947766e-11,1.0000155956698447,1.0000155956698429,1.0000155956698453,1.0000155956698444,1.0000155956698447,1.0000155956698444,1.0000155956698447,1.0000157677417871,-1.3099007674726913e-11,1.000015595669845,1.0000155956698435,1.0000155956698447,-1.2993648020586025e-11,1.000015595669844,1.0000155956698447,-1.3464234123274382e-11,1.000015595669845,1.000015816932739,1.0000155956698467,-1.2242370313724764e-11,1.000015595669844,1.000015595669845,-1.2831278216018296e-11,-1.2244312178322978e-11,1.0000155956698435,1.0000155956698455,1.0000155956698455,1.0000159215688287,-1.209671686099229e-11,1.0000155956698455,1.0000155956698444,-1.2190220903450277e-11,1.0000155956698455,1.0000155956698455
1.0000088081738432,-1.2496629846757237e-11,1.000015595669841,1.0000155956698435,1.0000157181687819,1.0000155956698435,1.0000155956698444,1.0000096965070755,1.000015595669843,1.000015595669844,1.000015595669843,1.0000155956698447,1.0000155956698442,1.0000155956698435,1.0000155956698442,1.0000155956698444,1.0000155956698429,1.0000155172352112,1.0000155956698447,1.000015595669844,1.0000155956698444,1.000015595669843,1.0000155956698447,1.0000157489276773,1.0000155956698444,-1.2954983821032829e-11,1.0000156809665497,1.0000155956698447,1.0000155956698447,1.0000155956698435,-1.1700778836830018e-11,1.0000155956698435,1.0000158652839675,1.000015595669844,-1.2654578016981733e-11,1.000015595669845,1.000015595669843,1.0000155956698444,1.000015595669844,1.000015595669844,1.000015595669843,1.000015595669844,1.0000155956698447,1.0000161089598192,1.000015595669844,1.000015595669844,1.0000155956698435,1.0000156809665492,1.0000155956698429,-1.241840308070416e-11,-1.2722407392624755e-11,1.000015595669844,1.0000155956698444,1.000015595669844,1.0000155956698427,-1.3100091121879423e-11,1.0000158367300445,1.0000155956698447,1.0000155956698435,1.0000155956698447,1.0000158320266517,1.0000155956698442,1.0000155956698447,-1.1564471711786333e-11,1.000015595669843,1.000015595669844,1.0000155956698433,1.000015595669844,1.0000156919294074,1.0000155956698444,1.0000155956698433,1.0000155956698435,1.0000157015854358,1.000015595669844,-1.212034453564889e-11,1.000015595669844,1.0000155956698435,1.0000155956698447,1.000015595669843,1.000015595669844,1.000015595669843,1.0000155956698447,1.000015767741786,-1.3099007661502128e-11,1.0000155956698444,1.0000155956698442,1.0000155956698429,-1.29936480264076e-11,1.0000155956698435,1.0000155956698447,-1.3464234127839464e-11,1.0000155956698433,1.0000158169327371,1.0000155956698464,-1.2242370303183104e-11,1.0000155956698447,1.0000155956698444,-1.2831278204469296e-11,-1.2244312171721148e-11,1.0000155956698435,1.0000155956698447,1.000015595669844,1.0000159215688278,-1.2096716868357064e-11,1.000015595669844,1.000015595669843,-1.219022092068108e-11,1.000015595669844,1.0000155956698444
1.0000088081738432,-1.2496629856016518e-11,1.000015595669842,1.0000155956698435,1.0000157181687825,1.0000155956698433,1.0000155956698447,1.000015595669843,1.000009696507077,1.000015595669843,1.0000155956698433,1.000015595669844,1.0000155956698433,1.0000155956698438,1.0000155956698435,1.000015595669843,1.0000155956698429,1.0000155172352112,1.000015595669844,1.000015595669843,1.000015595669844,1.0000155956698422,1.0000155956698447,1.0000157489276782,1.000015595669844,-1.2954983831752624e-11,1.0000156809665506,1.000015595669844,1.0000155956698444,1.0000155956698429,-1.1700778830364368e-11,1.0000155956698442,1.0000158652839672,1.000015595669844,-1.2654578024485436e-11,1.000015595669845,1.0000155956698435,1.000015595669844,1.0000155956698435,1.0000155956698435,1.000015595669843,1.0000155956698438,1.000015595669844,1.0000161089598212,1.0000155956698442,1.0000155956698435,1.0000155956698442,1.0000156809665492,1.0000155956698433,-1.2418403087588189e-11,-1.2722407413291018e-11,1.000015595669843,1.0000155956698444,1.000015595669844,1.0000155956698429,-1.3100091132544489e-11,1.0000158367300447,1.0000155956698435,1.0000155956698442,1.0000155956698447,1.0000158320266512,1.000015595669843,1.000015595669844,-1.156447168131983e-11,1.000015595669843,1.0000155956698442,1.000015595669844,1.000015595669844,1.0000156919294076,1.0000155956698444,1.0000155956698435,1.0000155956698444,1.000015701585435,1.0000155956698422,-1.2120344517733265e-11,1.000015595669843,1.000015595669842,1.0000155956698442,1.0000155956698435,1.000015595669844,1.000015595669843,1.0000155956698435,1.0000157677417858,-1.3099007667916092e-11,1.000015595669844,1.000015595669843,1.0000155956698433,-1.2993648029922802e-11,1.0000155956698429,1.000015595669844,-1.3464234112906264e-11,1.0000155956698438,1.0000158169327376,1.000015595669846,-1.2242370291971706e-11,1.000015595669844,1.0000155956698444,-1.283127821240574e-11,-1.2244312177393437e-11,1.0000155956698435,1.000015595669844,1.000015595669844,1.0000159215688278,-1.2096716848522333e-11,1.000015595669844,1.000015595669843,-1.2190220925425279e-11,1.000015595669844,1.000015595669844
1.0000088081738432,-1.2496629847173225e-11,1.0000155956698418,1.0000155956698435,1.000015718168782,1.0000155956698435,1.0000155956698444,1.000015595669844,1.000015595669843,1.0000096965070868,1.000015595669843,1.0000155956698447,1.0000155956698444,1.0000155956698444,1.0000155956698447,1.0000155956698444,1.0000155956698433,1.0000155172352112,1.0000155956698447,1.000015595669844,1.0000155956698447,1.0000155956698435,1.000015595669845,1.0000157489276773,1.0000155956698447,-1.2954983824755726e-11,1.0000156809665506,1.0000155956698447,1.0000155956698447,1.0000155956698435,-1.1700778811611481e-11,1.0000155956698442,1.0000158652839684,1.0000155956698438,-1.2654578011541883e-11,1.000015595669845,1.000015595669843,1.0000155956698444,1.000015595669844,1.000015595669844,1.000015595669843,1.0000155956698444,1.0000155956698447,1.00001610895982,1.000015595669844,1.000015595669844,1.0000155956698435,1.0000156809665501,1.0000155956698438,-1.2418403075063246e-11,-1.2722407384909351e-11,1.000015595669844,1.0000155956698447,1.000015595669844,1.0000155956698429,-1.3100091113836158e-11,1.0000158367300456,1.0000155956698453,1.0000155956698435,1.0000155956698447,1.0000158320266517,1.0000155956698444,1.0000155956698447,-1.1564471665835628e-11,1.000015595669843,1.000015595669844,1.0000155956698435,1.000015595669844,1.0000156919294076,1.0000155956698444,1.0000155956698435,1.0000155956698435,1.0000157015854358,1.000015595669844,-1.2120344545642073e-11,1.0000155956698444,1.0000155956698435,1.0000155956698444,1.000015595669843,1.0000155956698447,1.000015595669843,1.000015595669845,1.0000157677417865,-1.3099007673729693e-11,1.0000155956698447,1.0000155956698444,1.0000155956698429,-1.2993648020590077e-11,1.0000155956698435,1.0000155956698447,-1.3464234089218904e-11,1.0000155956698433,1.0000158169327382,1.0000155956698464,-1.2242370296777039e-11,1.0000155956698447,1.0000155956698447,-1.283127821240574e-11,-1.2244312172437385e-11,1.0000155956698442,1.0000155956698447,1.000015595669844,1.0000159215688287,-1.2096716853198018e-11,1.0000155956698438,1.000015595669844,-1.2190220903703805e-11,1.000015595669844,1.0000155956698447
1.0000088081738427,-1.2496629842966382e-11,1.0000155956698409,1.0000155956698435,1.000015718168782,1.0000155956698433,1.0000155956698447,1.000015595669843,1.0000155956698433,1.000015595669843,1.0000096965070777,1.000015595669844,1.0000155956698435,1.0000155956698435,1.000015595669843,1.000015595669843,1.0000155956698429,1.0000155172352112,1.000015595669844,1.000015595669843,1.000015595669844,1.0000155956698422,1.0000155956698447,1.0000157489276782,1.000015595669844,-1.2954983814827515e-11,1.0000156809665506,1.000015595669844,1.000015595669844,1.0000155956698429,-1.1700778852862306e-11,1.0000155956698442,1.0000158652839668,1.000015595669844,-1.2654578002788537e-11,1.000015595669845,1.0000155956698435,1.000015595669844,1.0000155956698435,1.0000155956698433,1.0000155956698433,1.0000155956698435,1.000015595669844,1.0000161089598212,1.0000155956698444,1.0000155956698433,1.0000155956698442,1.000015680966549,1.0000155956698429,-1.2418403080439505e-11,-1.27224073664289e-11,1.000015595669843,1.0000155956698438,1.000015595669844,1.0000155956698429,-1.3100091122251764e-11,1.0000158367300447,1.0000155956698435,1.0000155956698442,1.0000155956698447,1.0000158320266512,1.000015595669843,1.000015595669844,-1.156447168597073e-11,1.000015595669843,1.0000155956698442,1.0000155956698438,1.000015595669844,1.0000156919294063,1.0000155956698444,1.0000155956698435,1.0000155956698442,1.000015701585435,1.0000155956698422,-1.2120344529157386e-11,1.000015595669843,1.000015595669842,1.0000155956698444,1.0000155956698433,1.000015595669843,1.000015595669843,1.0000155956698433,1.0000157677417858,-1.309900767015855e-11,1.000015595669844,1.0000155956698422,1.0000155956698433,-1.2993648018678046e-11,1.0000155956698429,1.000015595669844,-1.3464234112947854e-11,1.0000155956698429,1.000015816932737,1.0000155956698455,-1.2242370309552877e-11,1.0000155956698429,1.0000155956698444,-1.283127822344724e-11,-1.2244312170728956e-11,1.0000155956698422,1.0000155956698438,1.000015595669844,1.0000159215688278,-1.2096716859929782e-11,1.000015595669844,1.000015595669843,-1.2190220912905971e-11,1.000015595669844,1.000015595669844
1.0000088081738443,-1.2496629882951391e-11,1.0000155956698429,1.0000155956698444,1.0000157181687817,1.000015595669844,1.0000155956698447,1.0000155956698447,1.000015595669844,1.0000155956698447,1.000015595669844,1.0000096965070746,1.0000155956698438,1.0000155956698435,1.000015595669844,1.000015595669844,1.0000155956698438,1.0000155172352112,1.0000155956698444,1.000015595669844,1.0000155956698447,1.0000155956698438,1.0000155956698447,1.0000157489276778,1.0000155956698447,-1.2954983849918194e-11,1.0000156809665504,1.0000155956698444,1.0000155956698447,1.000015595669844,-1.170077886090669e-11,1.000015595669844,1.0000158652839675,1.000015595669843,-1.2654578020896653e-11,1.0000155956698444,1.000015595669844,1.000015595669844,1.0000155956698435,1.0000155956698435,1.0000155956698444,1.0000155956698444,1.0000155956698447,1.0000161089598196,1.0000155956698435,1.000015595669844,1.000015595669844,1.0000156809665501,1.0000155956698433,-1.241840307776808e-11,-1.2722407403135253e-11,1.0000155956698444,1.0000155956698447,1.000015595669844,1.000015595669843,-1.3100091128996653e-11,1.0000158367300447,1.000015595669844,1.000015595669844,1.0000155956698447,1.0000158320266508,1.0000155956698435,1.0000155956698447,-1.15644717028722e-11,1.000015595669843,1.0000155956698447,1.000015595669843,1.000015595669844,1.0000156919294074,1.0000155956698447,1.0000155956698427,1.000015595669844,1.000015701585435,1.0000155956698435,-1.2120344529438701e-11,1.0000155956698435,1.0000155956698429,1.0000155956698447,1.0000155956698442,1.0000155956698447,1.000015595669844,1.0000155956698447,1.0000157677417858,-1.3099007672349253e-11,1.0000155956698435,1.0000155956698438,1.0000155956698447,-1.2993648021873354e-11,1.0000155956698442,1.0000155956698444,-1.346423411708889e-11,1.000015595669843,1.0000158169327364,1.0000155956698453,-1.2242370301074114e-11,1.0000155956698444,1.0000155956698447,-1.283127821111435e-11,-1.22443121678092e-11,1.0000155956698438,1.0000155956698449,1.0000155956698447,1.0000159215688285,-1.2096716874468606e-11,1.000015595669844,1.000015595669844,-1.2190220920685892e-11,1.000015595669844,1.0000155956698447
1.0000088081738443,-1.2496629846207026e-11,1.000015595669842,1.000015595669844,1.0000157181687812,1.000015595669844,1.0000155956698447,1.0000155956698442,1.0000155956698433,1.0000155956698444,1.0000155956698435,1.0000155956698438,1.000009696507073,1.0000155956698435,1.0000155956698438,1.0000155956698435,1.0000155956698429,1.0000155172352105,1.000015595669844,1.0000155956698438,1.0000155956698442,1.0000155956698438,1.000015595669844,1.0000157489276778,1.0000155956698442,-1.2954983843500915e-11,1.0000156809665495,1.0000155956698435,1.0000155956698442,1.0000155956698438,-1.1700778845626041e-11,1.000015595669844,1.0000158652839664,1.000015595669843,-1.2654578024249048e-11,1.000015595669844,1.0000155956698433,1.0000155956698435,1.0000155956698429,1.0000155956698435,1.0000155956698435,1.0000155956698435,1.0000155956698447,1.00001610895982,1.000015595669843,1.000015595669843,1.0000155956698435,1.0000156809665492,1.0000155956698429,-1.2418403080689766e-11,-1.2722407395348873e-11,1.000015595669844,1.0000155956698442,1.000015595669843,1.0000155956698429,-1.3100091129191636e-11,1.0000158367300442,1.0000155956698435,1.0000155956698435,1.000015595669844,1.0000158320266512,1.000015595669843,1.0000155956698442,-1.1564471678845161e-11,1.0000155956698429,1.0000155956698442,1.0000155956698429,1.000015595669843,1.000015691929406,1.0000155956698447,1.0000155956698422,1.000015595669843,1.0000157015854343,1.0000155956698429,-1.2120344537203868e-11,1.000015595669843,1.000015595669842,1.0000155956698444,1.000015595669843,1.0000155956698447,1.000015595669843,1.0000155956698447,1.0000157677417851,-1.3099007654461605e-11,1.000015595669843,1.0000155956698429,1.000015595669844,-1.2993648028940765e-11,1.0000155956698438,1.0000155956698438,-1.3464234138426483e-11,1.000015595669842,1.0000158169327362,1.0000155956698449,-1.2242370287283618e-11,1.0000155956698438,1.000015595669844,-1.2831278220005763e-11,-1.224431216823326e-11,1.0000155956698429,1.0000155956698447,1.000015595669844,1.0000159215688276,-1.2096716885888265e-11,1.000015595669843,1.000015595669843,-1.2190220909445721e-11,1.000015595669843,1.0000155956698442
1.0000088081738439,-1.2496629824652634e-11,1.000015595669842,1.0000155956698438,1.000015718168782,1.000015595669843,1.000015595669845,1.0000155956698435,1.0000155956698438,1.0000155956698444,1.0000155956698435,1.0000155956698435,1.0000155956698435,1.0000096965070835,1.0000155956698435,1.0000155956698435,1.0000155956698429,1.0000155172352112,1.000015595669844,1.0000155956698435,1.0000155956698442,1.000015595669844,1.0000155956698447,1.0000157489276786,1.0000155956698442,-1.2954983827991324e-11,1.00001568096655,1.000015595669844,1.000015595669844,1.0000155956698435,-1.1700778830594142e-11,1.000015595669843,1.0000158652839666,1.0000155956698442,-1.2654578001023084e-11,1.000015595669844,1.000015595669843,1.0000155956698435,1.0000155956698429,1.000015595669843,1.000015595669844,1.0000155956698444,1.000015595669844,1.00001610895982,1.000015595669844,1.0000155956698429,1.0000155956698435,1.0000156809665497,1.0000155956698435,-1.2418403083469225e-11,-1.2722407414448963e-11,1.000015595669844,1.0000155956698442,1.000015595669843,1.0000155956698429,-1.3100091121801711e-11,1.0000158367300436,1.000015595669844,1.0000155956698435,1.0000155956698447,1.0000158320266508,1.0000155956698435,1.000015595669844,-1.1564471659430038e-11,1.0000155956698422,1.000015595669844,1.000015595669843,1.0000155956698444,1.0000156919294072,1.000015595669845,1.0000155956698422,1.0000155956698444,1.000015701585435,1.0000155956698435,-1.2120344516922754e-11,1.0000155956698435,1.0000155956698429,1.000015595669845,1.000015595669843,1.000015595669844,1.0000155956698442,1.000015595669844,1.0000157677417854,-1.3099007658825881e-11,1.0000155956698444,1.0000155956698435,1.0000155956698435,-1.2993648028563158e-11,1.000015595669843,1.0000155956698435,-1.3464234117893094e-11,1.0000155956698413,1.0000158169327373,1.0000155956698453,-1.2242370302372216e-11,1.000015595669844,1.000015595669844,-1.2831278216658394e-11,-1.2244312179524289e-11,1.000015595669843,1.0000155956698438,1.0000155956698447,1.0000159215688278,-1.2096716870562533e-11,1.0000155956698442,1.0000155956698444,-1.219022092402898e-11,1.0000155956698435,1.0000155956698435
1.0000088081738432,-1.2496629834298398e-11,1.000015595669842,1.000015595669844,1.0000157181687819,1.0000155956698435,1.000015595669845,1.0000155956698442,1.0000155956698435,1.0000155956698447,1.000015595669843,1.000015595669844,1.0000155956698438,1.0000155956698435,1.0000096965070735,1.000015595669844,1.0000155956698438,1.0000155172352105,1.000015595669844,1.0000155956698447,1.0000155956698447,1.0000155956698429,1.000015595669844,1.0000157489276782,1.0000155956698447,-1.2954983811570482e-11,1.0000156809665495,1.000015595669844,1.0000155956698444,1.0000155956698435,-1.170077883273949e-11,1.000015595669844,1.0000158652839666,1.000015595669843,-1.2654578011541883e-11,1.0000155956698442,1.0000155956698435,1.0000155956698442,1.0000155956698433,1.0000155956698435,1.0000155956698433,1.0000155956698435,1.0000155956698447,1.0000161089598192,1.0000155956698444,1.000015595669844,1.0000155956698447,1.0000156809665497,1.0000155956698435,-1.2418403072159618e-11,-1.2722407393876609e-11,1.000015595669844,1.0000155956698442,1.0000155956698438,1.0000155956698422,-1.3100091117668502e-11,1.0000158367300451,1.0000155956698447,1.0000155956698447,1.000015595669844,1.000015832026652,1.0000155956698435,1.0000155956698447,-1.1564471706155341e-11,1.000015595669843,1.000015595669844,1.000015595669843,1.000015595669843,1.000015691929406,1.0000155956698449,1.0000155956698422,1.0000155956698444,1.0000157015854354,1.0000155956698435,-1.2120344537203845e-11,1.0000155956698435,1.0000155956698429,1.000015595669845,1.0000155956698435,1.0000155956698447,1.000015595669844,1.0000155956698442,1.000015767741786,-1.3099007665038938e-11,1.000015595669844,1.0000155956698429,1.0000155956698438,-1.2993648034802696e-11,1.0000155956698435,1.000015595669844,-1.3464234132681518e-11,1.0000155956698418,1.000015816932737,1.000015595669845,-1.224237031022404e-11,1.0000155956698435,1.0000155956698444,-1.2831278213734422e-11,-1.2244312182068315e-11,1.0000155956698429,1.0000155956698447,1.0000155956698444,1.0000159215688276,-1.2096716873283246e-11,1.000015595669843,1.000015595669844,-1.219022090196725e-11,1.0000155956698444,1.000015595669845
1.0000088081738412,-1.249662986951552e-11,1.0000155956698413,1.0000155956698433,1.000015718168782,1.0000155956698429,1.0000155956698447,1.0000155956698444,1.000015595669843,1.0000155956698444,1.000015595669843,1.000015595669844,1.0000155956698435,1.0000155956698435,1.000015595669844,1.000009696507076,1.0000155956698422,1.0000155172352119,1.000015595669844,1.0000155956698435,1.000015595669844,1.0000155956698429,1.0000155956698444,1.0000157489276782,1.000015595669844,-1.29549838309363e-11,1.0000156809665506,1.000015595669844,1.0000155956698447,1.0000155956698435,-1.1700778857050144e-11,1.0000155956698429,1.0000158652839677,1.0000155956698433,-1.2654578005457695e-11,1.0000155956698447,1.0000155956698435,1.000015595669844,1.000015595669843,1.000015595669844,1.000015595669843,1.0000155956698435,1.0000155956698442,1.0000161089598216,1.0000155956698435,1.0000155956698433,1.0000155956698429,1.0000156809665492,1.0000155956698444,-1.2418403081305493e-11,-1.2722407402869765e-11,1.0000155956698442,1.000015595669844,1.0000155956698435,1.0000155956698429,-1.3100091098495869e-11,1.0000158367300451,1.0000155956698444,1.0000155956698429,1.0000155956698444,1.0000158320266508,1.000015595669844,1.0000155956698442,-1.1564471683212101e-11,1.0000155956698429,1.000015595669844,1.0000155956698429,1.0000155956698433,1.0000156919294072,1.0000155956698447,1.0000155956698435,1.0000155956698447,1.0000157015854354,1.0000155956698435,-1.2120344516142148e-11,1.000015595669844,1.0000155956698429,1.000015595669844,1.0000155956698435,1.0000155956698444,1.0000155956698444,1.0000155956698444,1.0000157677417865,-1.3099007665382636e-11,1.0000155956698435,1.0000155956698438,1.000015595669844,-1.299364803341923e-11,1.0000155956698435,1.000015595669844,-1.3464234123886536e-11,1.0000155956698435,1.0000158169327371,1.0000155956698455,-1.2242370291468614e-11,1.0000155956698442,1.0000155956698447,-1.283127822032361e-11,-1.2244312172326095e-11,1.0000155956698435,1.0000155956698447,1.0000155956698447,1.0000159215688278,-1.2096716849175418e-11,1.0000155956698435,1.0000155956698444,-1.2190220919231581e-11,1.000015595669844,1.0000155956698442
1.0000088081738454,-1.2496629834483724e-11,1.0000155956698402,1.0000155956698429,1.0000157181687814,1.0000155956698435,1.000015595669844,1.0000155956698429,1.0000155956698429,1.0000155956698433,1.0000155956698429,1.0000155956698438,1.0000155956698429,1.0000155956698429,1.0000155956698438,1.0000155956698422,1.0000096965070813,1.0000155172352112,1.0000155956698438,1.0000155956698429,1.000015595669843,1.0000155956698427,1.000015595669844,1.0000157489276778,1.000015595669843,-1.2954983852996454e-11,1.0000156809665492,1.0000155956698435,1.0000155956698447,1.0000155956698422,-1.1700778828715783e-11,1.000015595669844,1.000015865283967,1.0000155956698433,-1.2654578007412118e-11,1.0000155956698438,1.0000155956698433,1.000015595669843,1.0000155956698429,1.0000155956698438,1.0000155956698433,1.000015595669843,1.0000155956698429,1.0000161089598194,1.0000155956698429,1.000015595669844,1.0000155956698442,1.000015680966549,1.000015595669844,-1.241840308696829e-11,-1.2722407431135672e-11,1.0000155956698429,1.000015595669843,1.0000155956698427,1.000015595669842,-1.3100091121823624e-11,1.0000158367300451,1.0000155956698435,1.0000155956698442,1.0000155956698442,1.0000158320266506,1.000015595669843,1.0000155956698429,-1.1564471676658792e-11,1.000015595669843,1.0000155956698435,1.0000155956698422,1.0000155956698433,1.0000156919294074,1.000015595669844,1.000015595669842,1.0000155956698438,1.0000157015854343,1.0000155956698429,-1.2120344528746977e-11,1.0000155956698429,1.0000155956698422,1.000015595669843,1.0000155956698433,1.0000155956698442,1.0000155956698435,1.000015595669844,1.0000157677417858,-1.3099007659376481e-11,1.0000155956698422,1.0000155956698429,1.0000155956698435,-1.2993648017568084e-11,1.0000155956698422,1.0000155956698438,-1.3464234137256583e-11,1.000015595669842,1.0000158169327367,1.000015595669845,-1.2242370283884681e-11,1.0000155956698435,1.0000155956698447,-1.2831278210978716e-11,-1.2244312183615642e-11,1.0000155956698429,1.0000155956698442,1.0000155956698444,1.0000159215688278,-1.2096716879113848e-11,1.000015595669843,1.0000155956698435,-1.2190220899046731e-11,1.000015595669843,1.000015595669843
1.000008729739672,-2.4933451905790505e-08,1.0000155172352085,1.0000155172352105,1.000015639734139,1.0000155172352119,1.0000155172352123,1.0000155172352112,1.0000155172352112,1.0000155172352112,1.0000155172352112,1.0000155172352112,1.0000155172352105,1.0000155172352112,1.0000155172352105,1.0000155172352119,1.0000155172352112,1.0000095396378146,1.0000155172352112,1.000015517235211,1.000015517235212,1.00001551723521,1.0000155172352125,1.0000156704930332,1.000015517235212,-2.584796632625623e-08,1.0000156025319102,1.0000155172352112,1.0000155172352112,1.0000155172352112,-2.3345558488704345e-08,1.0000155172352116,1.0000157868493122,1.000015517235212,-2.5248592359575355e-08,1.0000155172352125,1.0000155172352105,1.000015517235212,1.0000155172352119,1.000015517235211,1.0000155172352112,1.0000155172352125,1.0000155172352112,1.0000160305251473,1.0000155172352112,1.0000155172352112,1.0000155172352116,1.00001560253191,1.0000155172352112,-2.477737274809268e-08,-2.5383926464665067e-08,1.0000155172352112,1.000015517235212,1.0000155172352119,1.0000155172352096,-2.6137486501864934e-08,1.000015758295392,1.0000155172352119,1.0000155172352116,1.000015517235213,1.0000157535920002,1.000015517235211,1.0000155172352112,-2.3073596438510276e-08,1.0000155172352105,1.0000155172352119,1.0000155172352108,1.0000155172352119,1.0000156134947662,1.000015517235213,1.0000155172352094,1.0000155172352112,1.0000156231507944,1.0000155172352108,-2.418268196533971e-08,1.0000155172352105,1.0000155172352103,1.0000155172352125,1.0000155172352105,1.000015517235212,1.0000155172352112,1.0000155172352119,1.0000156893071401,-2.6135324820218746e-08,1.000015517235211,1.0000155172352105,1.0000155172352112,-2.592510979151978e-08,1.0000155172352112,1.0000155172352112,-2.6864029862156923e-08,1.0000155172352094,1.0000157384980866,1.0000155172352134,-2.4426149602141668e-08,1.0000155172352116,1.0000155172352112,-2.5601147179092268e-08,-2.4430024042774792e-08,1.0000155172352108,1.0000155172352125,1.0000155172352125,1.0000158431341688,-2.4135539714530528e-08,1.000015517235212,1.0000155172352112,-2.4322100351931006e-08,1.0000155172352119,1.000015517235212
