0.9999999999091052,1.8720207563568383e-08,1.8041378361624346e-08,-5.380833936054674e-09,2.046835025925877e-08,1.0000003203363024,2.0524427700109795e-08,1.941451454781663e-08,1.8426639610359002e-08,2.057409713557416e-08,1.000000471107717,1.9869045581126014e-08,1.9857190818323336e-08,1.9584882260754598e-08,1.9617437976147906e-08,1.9221701718562735e-08,1.9354257717538615e-08,1.9695454545448376e-08,1.7122718996376413e-08,1.716923427314966e-08,1.857775979136207e-08,2.018564361762318e-08,1.9514345740863074e-08,1.9502441821104958e-08,1.978273985757563e-08,2.0490542625777712e-08,1.000000390639488,1.8305809274920588e-08,1.000000489697092,1.000000333103114,1.9221703510416813e-08,1.0000004711077135,1.0000008584677693,1.726759826161349e-08,0.9999983927872617,1.0000002612434524,1.762372371489032e-08,1.00000031388957,2.0750277300049857e-08,1.5373668407374563e-08,1.5564581917987593e-08,1.9376056382351965e-08,0.9999978259188864,1.6302902256466365e-08,0.9999973912174661,2.0765076872673232e-08,1.0000000699954743,1.0000002738414262,1.0000005139530301,0.9999974244555537,1.0000004711077168,1.6513721108233908e-08,1.7507404275104405e-08,2.0641164642971734e-08,0.9999979236872778,2.015739877268749e-08,1.0000005130896208,1.8575968445695208e-08,1.0000004846096464,1.9350032009111853e-08,1.7750092597272352e-08,1.956567093342771e-08,0.9999972912980425,1.0000000130265114,0.9999975712237528,1.9339521784389917e-08,1.9635229296852315e-08,1.7249754810035068e-08,1.9906502826759893e-08,4.625169526797703e-09,1.835141041806962e-08,1.9003803696615512e-08,2.2220476925568637e-08,1.982778771685284e-08,1.8946216860773664e-08,0.9999977060166332,0.9999976372117186,1.0000005219007804,1.0000004711077148,1.8882994251117336e-08,1.991254502313092e-08,2.0141264704775084e-08,1.0000004711077168,2.0098250338586223e-08,1.996531956760091e-08,2.004126271344905e-08,1.798103190374781e-08,2.006052921629667e-08,1.8697555301657963e-08,1.9559190061422387e-08,2.0577260704102576e-08,0.9999978340125893,1.967040759039097e-08,1.9621390105756774e-08,2.0104436208894613e-08,0.9999984987821167,1.9478581153963727e-08,1.7184876478011422e-08,1.8811011820128457e-08,1.000000320336303,1.9695452082566357e-08,1.0000004139130123,1.9870754182091263e-08,1.0000000619288187,2.0182066330576445e-08,1.9695453474901788e-08,1.942397018224537e-08,2.0474863730188887e-08,1.0000004711077162,1.0000002627634983,1.7683222652289083e-08,1.0000003138895732,2.072515433887052e-08,1.9635229162749357e-08,1.870309720506057e-08,1.9617233917666172e-08,1.962248283003457e-08,0.9999988511732979,1.9675203377007047e-08,2.2202402097612773e-08,2.0649484225514234e-08,2.0728460271016364e-08,2.0891150786979922e-08,0.9999979029853732,1.937605647408475e-08,1.870044191117438e-08,2.0115297998784614e-08,1.9697842648253324e-08,1.739072320642395e-08,0.9999973473280841,1.8657533735993798e-08,1.7243483799465237e-08,1.9861323481824348e-08,2.0597660054024338e-08,1.9676035441256892e-08
1.8720207563568383e-08,1.0332382656310132e-07,2.2839763885614718e-09,-4.4267977151894187e-13,1.294283808956859e-13,1.6710698410524444e-12,1.6646448227945946e-13,-9.660203093819222e-15,1.8829350733465722e-13,4.209887671227864e-14,1.6889510013720119e-12,-1.2362734847739388e-13,3.359668134974736e-14,6.124338559664796e-14,8.063742812994416e-15,1.9147643282750993e-13,-3.346137135983056e-14,-1.0904046809728589e-13,-7.349724197375417e-16,-2.1027357075876984e-13,-2.7620481509186814e-13,2.122511238814269e-13,1.916308446092892e-09,2.038555423365802e-13,-4.77060089408322e-13,-4.0407770653233185e-13,1.6327247306411398e-12,1.9453172824468356e-14,1.7240266035681007e-12,1.6423296710174977e-12,1.9147653863010224e-13,1.6889510049022636e-12,1.71558222365098e-12,-2.228412967325583e-15,1.6802805613798604e-12,1.7484374090834857e-12,-1.1964153979958438e-13,1.7123532721782122e-12,-2.597246644990428e-13,5.566218998503016e-13,8.470494107422606e-14,-2.1851567749644115e-13,1.3274902605976132e-12,-1.4768271053621808e-13,1.877249074515012e-12,-9.601136781368986e-13,1.7042391639210932e-12,1.7116529822465888e-12,1.7747472681047251e-12,1.5744884852024798e-12,1.6889509903101819e-12,3.4803919461214564e-13,-4.222678422051451e-13,-3.4708027242349865e-14,1.4294760627586812e-12,8.599543287818868e-14,1.6475158100314374e-12,4.577813257130698e-14,1.5975213244795263e-12,1.9565472014595844e-09,1.385736624325885e-13,-2.4062507295545514e-13,1.4862750500049417e-12,1.634561509665336e-12,1.8292305512185968e-12,-1.153989865435661e-13,-3.0928410331636545e-13,1.349389101031305e-09,-8.653267859898626e-14,8.654271895184639e-14,-4.126515462560473e-13,-2.0420672556613467e-13,-2.240453100692656e-13,6.618380195936018e-14,-2.0451481044210442e-13,1.8471752029153535e-12,3.400999217307922e-09,1.5697987092970816e-12,1.688950998481758e-12,-2.3402097481230225e-13,-1.874880910267052e-13,3.4384519875638827e-13,1.6889510049022608e-12,6.771616576340475e-14,7.892925041968199e-10,1.1070429464421837e-13,1.0753736919176075e-13,6.963675584971712e-14,7.126040788007202e-14,-1.6124409887613912e-13,1.688757044142319e-13,1.6965030503178377e-12,6.02860173507758e-14,-1.5870952329849687e-14,8.170451891787271e-14,3.909888103536023e-09,-2.6306071359904944e-13,-2.752470824062438e-13,-6.752633255980896e-13,1.671069898770094e-12,-1.0904046809728589e-13,1.6358753401517278e-12,7.14369114449857e-14,1.8192351979061675e-12,1.1259733792071836e-13,-1.0904046809728572e-13,2.5022795295223074e-13,-7.606185240787043e-13,1.6889510316887926e-12,1.7228120332640806e-12,-3.2800588831690107e-13,1.7123533249928183e-12,2.9414800775395786e-14,-3.092841001547561e-13,3.0736921455569563e-09,-1.6014426072427933e-13,-2.3907696033647862e-14,1.2974337941795364e-12,-5.565753214363272e-13,1.862683710500258e-13,-2.5877957502486706e-13,-2.1824720028454632e-13,8.965398033737443e-14,1.5651732795190462e-12,-2.1851557322874858e-13,2.9185311739695156e-09,-2.9249268244219474e-13,-1.604640175236094e-13,-1.382588957186294e-09,1.9425339248540616e-12,7.429600097463695e-14,2.5277492592454716e-13,-1.555391693495989e-13,2.7593726099547264e-13,-4.2122032537954694e-13
1.8041378361624346e-08,2.2839763885614718e-09,1.0342987303592551e-07,-3.036535574514929e-13,1.5843307041911367e-13,1.320930578562572e-12,2.0487875948942686e-13,1.0976814462379868e-13,1.7323215592831635e-13,2.588246002182183e-13,1.3317943195379562e-12,-4.5294547314269466e-14,5.0694519735134344e-14,4.974810053808484e-14,-2.0663555871711124e-13,1.977152472551299e-13,-4.8641644010656894e-14,-3.1874347730788636e-13,-3.918951349024059e-14,-1.1852893894234667e-10,-3.020590382924188e-10,2.2578401852235147e-13,1.6009324773683988e-09,2.2878607375909e-13,-5.823339866747279e-13,-3.563813840078659e-13,1.3229646255334835e-12,2.3429979096802174e-14,1.4168991864038796e-12,1.3404595229572697e-12,1.9771518163031568e-13,1.3317943601744976e-12,1.4206540567783957e-12,-5.687830760726631e-14,1.3359120422959076e-12,1.412484134304388e-12,-3.256784979572111e-14,1.3628304243424312e-12,-3.242202854514579e-13,5.60219866974849e-10,5.346285804133851e-14,-4.2703870702249105e-13,1.0688573377777603e-12,-2.2832867528986745e-10,1.5017027789610775e-12,-8.679411536341858e-13,1.3748663979918025e-12,1.355829198502867e-12,1.4303496814940646e-12,1.253324735705787e-12,1.3317943062426438e-12,4.81279727420808e-13,-5.079708049566767e-13,-4.929162294071321e-14,1.1487219214512567e-12,2.3805189534261006e-13,1.3069525971841791e-12,1.8372132361711672e-13,1.3224094198543658e-12,1.7675077132665652e-09,1.4024537898641984e-13,-1.8024822647924291e-13,1.1202867117700761e-12,1.3539382066414915e-12,1.5012603270801431e-12,-3.288842758912971e-13,-1.583027346352494e-13,1.1203619095078014e-09,-6.341254995822218e-14,1.6634048102944926e-13,-3.6494923979281197e-13,-1.190736633177547e-13,-1.8452301186214793e-13,3.668080839365058e-14,-4.040385714441181e-13,1.5068746421042093e-12,2.7249360422886756e-09,1.3114535694404184e-12,1.3317943437407152e-12,-2.1554677773465578e-13,-2.1565150482214795e-14,1.1705829816192936e-13,1.3317943135420188e-12,1.4493758685736357e-13,5.785702085647098e-10,-5.3390368714337964e-14,1.0580644285570201e-13,2.1023509990036451e-13,9.834728207050626e-14,-1.749961356839456e-13,3.3213605656322913e-14,1.3257568868407355e-12,5.0967264411058975e-14,-2.868664420237824e-14,2.279532589463518e-13,3.2642271925190997e-09,-1.2213586099981524e-14,-2.2668437074534444e-13,-6.889661174207036e-13,1.3209305811769688e-12,-3.1874351831479644e-13,1.2831796547539936e-12,1.3800973313125282e-13,1.5044986431821691e-12,8.769061049795562e-14,-3.187434723340655e-13,3.0547337775462245e-13,-8.007661592334287e-13,1.3317942654289829e-12,1.3820238321081924e-12,-3.827512115858959e-13,1.3628304563579037e-12,6.622058675101415e-14,-1.5830273792781124e-13,2.8826337365462717e-09,-2.37130379212173e-10,-2.359116913497229e-13,1.9433391319419857e-09,-4.2186156615954556e-13,1.77164575410109e-13,-3.3469516964524855e-13,-2.62423872903146e-13,1.098232615865072e-13,1.2327767080653563e-12,-4.2703870702249105e-13,2.5690125108841285e-09,-1.2219681538793057e-13,-1.6487146915219542e-13,-1.154299430490159e-09,1.5780378673997442e-12,7.938612329734087e-14,2.8694080570674473e-10,-1.2137574923485175e-13,3.5327718589100176e-13,-3.2132412704793834e-13
-5.380833936054674e-09,-4.4267977151894187e-13,-3.036535574514929e-13,1.017038395622425e-07,8.880204908279287e-14,-2.0552700786213453e-08,-9.639254028556187e-14,2.1535588601858036e-13,5.651614161501713e-13,9.201557073738211e-14,-1.036577885771076e-11,5.945616136339301e-14,-3.2469021605850624e-10,-1.9477446357532052e-10,2.620296793145444e-13,4.716617174429319e-14,5.346815973721761e-10,2.1612078840962624e-13,-4.523117430370775e-11,5.2735300567989184e-14,7.318417979500201e-11,1.0076475192256066e-13,-7.149496979050214e-13,-1.3741364806452222e-09,-5.024400452993461e-13,-5.731948555346332e-13,-2.0424806037934645e-08,-1.4554439780707747e-13,-1.0280373356526915e-11,-2.0314509800989354e-08,4.716614299169292e-14,-1.036577870762263e-11,-2.00247140588364e-08,1.6383314443380487e-13,-2.0564848787993166e-08,-2.060967732627388e-08,-4.657882855756826e-13,-1.0398227893925975e-11,1.9654187087637854e-13,1.233920132919004e-10,1.5599996617831155e-13,-1.3746835880867416e-13,-2.0713952359030384e-08,3.788656810732353e-13,-2.038962293598257e-08,-2.9360884756671348e-15,-2.061991337558283e-08,-2.0517130861658284e-08,-1.0333921447497695e-11,-2.025833022125976e-08,-1.0365778730055877e-11,-4.404094458735579e-14,3.920929191592929e-10,2.8349138038964887e-10,-2.096482854711922e-08,2.1560049701144317e-14,-1.0281497602365227e-11,5.34198169247035e-10,-2.0194828636488917e-08,-1.297317952033429e-09,-5.799333917747052e-11,-1.5690882231477002e-10,-2.0697819191781636e-08,-2.0188627445512672e-08,-2.0639805844164678e-08,2.1784444940077545e-13,3.318251217699495e-13,-3.1679194679572156e-10,-6.742839361948363e-11,-1.795112645452478e-10,-2.8490628122302183e-13,-2.3100517490717233e-14,1.6860547479753008e-10,-4.697288716526271e-13,-1.4407903887541438e-13,-2.0382934613292786e-08,-2.0496032797303693e-08,-2.0412050984335447e-08,-1.036577877341849e-11,-4.3104566707089195e-10,4.725529149434364e-13,4.744661161078147e-13,-1.036577889506147e-11,9.735322914827729e-10,-5.718756633067581e-10,1.522866887072636e-14,6.435365662671468e-13,-3.2419477062438734e-14,1.3105738121734664e-13,5.0486559278248684e-11,6.018935391318043e-13,-2.05889909723513e-08,2.3825389496312825e-12,-2.518839753117333e-13,2.2860189869009483e-14,-2.0404499424010637e-08,-4.757399894863734e-10,2.1250795334174083e-13,1.1109343700566236e-14,-2.0552700786213407e-08,2.1612073801348833e-13,-2.0471165121891113e-08,-2.49727250283582e-13,-2.0456603021890913e-08,-9.333909180769574e-14,2.1612084860657347e-13,9.620378343748824e-14,-1.8365840413136302e-13,-1.036577877341849e-11,-2.05843184052295e-08,6.640978615503213e-13,-1.0398228006890168e-11,-2.1473223381960513e-13,3.3182507893024967e-13,-4.0716773974161683e-13,-1.3783783156812688e-10,2.348699609530303e-13,-1.976234505670293e-08,-1.0057368787493565e-10,1.3698832669622473e-10,-1.4999737360802037e-13,-6.179447301113137e-15,-4.64855549868078e-14,-2.0640888621813223e-08,-1.374683655357994e-13,2.5547441340178215e-14,3.401111671946411e-13,-7.155139506925589e-13,-2.5860453254593097e-13,-2.0386744529488534e-08,4.3346795552149577e-13,2.0274874706230698e-13,-2.5230460157865235e-10,2.0901149373796293e-14,4.0920308271873e-14
2.046835025925877e-08,1.294283808956859e-13,1.5843307041911367e-13,8.880204908279287e-14,1.0096512611753002e-07,2.550958798488429e-12,-2.561662687214808e-10,3.379194658360391e-13,3.131923841689431e-13,-8.374165695251974e-14,2.5198983763944598e-12,1.2242849288242951e-14,-7.501428785896172e-14,-1.4210758648740568e-13,3.1710908966780545e-13,2.213144396619183e-14,7.375782458523751e-14,2.972515989940545e-13,-3.900333505850993e-14,1.752349310349378e-13,1.2055431791774967e-13,6.839651769167051e-14,-3.053054917677815e-13,-3.542769997614034e-13,-3.058212136334632e-13,-8.93535336645791e-14,2.60837942389809e-12,6.988816633385545e-14,2.617089199473072e-12,2.663870299895346e-12,2.213149353435486e-14,2.519898312986917e-12,2.7321383538666444e-12,2.424211520960415e-13,2.53568858011744e-12,2.546773350500965e-12,-4.3978536561804526e-14,2.500602901814224e-12,6.083626282402112e-15,-2.7105311441906944e-13,2.5517541099278696e-14,-1.7823374108732722e-13,2.4954129330486518e-12,1.8398378650263665e-13,2.5741198156364292e-12,1.9341253402030586e-14,2.542058309258524e-12,2.562799819797858e-12,2.5461128996524246e-12,2.5950721679094068e-12,2.5198982919917188e-12,-1.6245343712407925e-13,-1.2606380317245579e-15,1.6007904691615475e-13,4.864346751978076e-09,-6.012542513414951e-14,2.5464726615250373e-12,3.5044849567535595e-13,2.6399493183384062e-12,-1.3448678179197789e-13,1.0034100082690924e-11,-1.627450094250092e-13,2.552721817490473e-12,2.6465694547427097e-12,2.5868523149934327e-12,2.6428557310330636e-13,2.7309301660238938e-14,6.275892358207596e-14,-8.100999086002367e-14,-8.065909296654676e-14,1.1008191088011114e-13,1.7663433900832556e-13,6.441689791807103e-14,-2.2708237650296106e-13,-2.2023185037712996e-13,2.5614642917673993e-12,5.137269219188235e-09,2.6685007130969827e-12,2.5198982724412275e-12,-9.024314245711743e-14,1.053900326315801e-13,-3.782282470228136e-14,2.519898301300775e-12,2.561897493803469e-13,-1.0155864811481768e-13,-4.783200374172443e-14,4.1990565133760915e-13,-9.654682878661016e-14,2.264309102599099e-13,-1.511120420552933e-14,-1.690625668868754e-14,2.4933700800993257e-12,-3.251487201313835e-14,-1.353177286394189e-13,-5.91615430348645e-14,2.6458082961214105e-12,-4.003056465568752e-14,3.0986880322128803e-14,-1.4318171053538794e-13,2.5509587924095597e-12,2.972515951435598e-13,2.571882533157911e-12,-8.710172828692366e-14,2.5857884320019812e-12,-1.3939514471888953e-13,2.972518728558732e-13,7.336997731238472e-12,-1.741305951902205e-13,2.5198982724412682e-12,2.546697231897477e-12,3.9674943314926017e-10,2.5006029425414095e-12,-2.0347519553173476e-13,2.7309185837768272e-14,-3.679876742830217e-14,-1.5396582992577664e-14,3.0456406741866264e-13,2.7119922839898935e-12,-3.728145694647207e-14,-1.1365651251151645e-13,-2.655668331600281e-13,-1.0879195804173388e-13,-6.312808684593207e-14,2.4901585271114685e-12,-1.7823374766873054e-13,1.0994730758327978e-13,2.0260743712431683e-14,-4.840253930983413e-13,7.069843999201886e-14,2.552232844397809e-12,3.4812401358487694e-13,-6.301467542387823e-14,-1.2904084651563406e-13,-2.0675861824691e-14,-5.17747345332154e-14
1.0000003203363024,1.6710698410524444e-12,1.320930578562572e-12,-2.0552700786213453e-08,2.550958798488429e-12,1.0000009763839892,2.5942249258095156e-12,2.0664534876099572e-12,1.4715531429644807e-12,2.6891411408767284e-12,1.0000010260596526,2.41221905390883e-12,2.34126347720629e-12,2.094010052875516e-12,2.118070876376168e-12,1.9539633207411917e-12,2.0192928180177305e-12,2.1694061780552966e-12,9.224711395814155e-13,7.091546491751506e-13,1.578814603128092e-12,2.4013616196742238e-12,2.1621152064730616e-12,2.1160579513601416e-12,2.286452517037315e-12,2.6705446874368236e-12,1.0000009455184282,1.533825285133585e-12,1.0000010446575165,1.0000008880385243,1.953963829771308e-12,1.0000010260596512,1.000001413293387,8.116302298355161e-13,0.9999989478996786,1.0000008161894554,1.048210076544787e-12,1.0000008688700721,2.768223455025402e-12,1.296358534414316e-13,2.887114591178391e-14,2.005944695034981e-12,0.9999983810359545,5.083125863843495e-13,0.9999979463283383,2.827106082778802e-12,1.0000006249552271,1.0000008288046756,1.0000010688887637,0.9999979796572337,1.0000010260596512,7.631791712730124e-13,1.1318080417719586e-12,2.670631807416379e-12,0.9999984788085474,2.3845546778355596e-12,1.0000010680144193,1.6379263496640968e-12,1.0000010395261238,2.011820280458671e-12,1.2290469772291766e-12,2.189570110766201e-12,0.9999978465281631,1.000000568016986,0.9999981264387728,1.9934627733392377e-12,2.1721934602452214e-12,9.630695814334483e-13,2.3291333393211226e-12,-5.279417584865458e-12,1.5861888979025376e-12,1.890394318532825e-12,3.4805513832301536e-12,2.2195739858935877e-12,1.783795139761313e-12,0.9999982611673456,0.9999981923556209,1.0000010768011387,1.0000010260596512,1.787826459723956e-12,2.2795045174275015e-12,2.39441618368007e-12,1.000001026059652,2.3058360682959406e-12,2.3150576497654865e-12,2.1773501477875543e-12,1.3609597512327105e-12,2.3436292216591655e-12,1.7118810447860328e-12,2.146017158050145e-12,2.5953805184405717e-12,0.9999983891289039,2.210774061705484e-12,2.1705078476117016e-12,2.3623944999926036e-12,0.9999990538681698,2.2141909154168323e-12,1.0340689480240924e-12,1.7611018920903422e-12,1.0000008752781426,2.169405996135564e-12,1.0000009688511828,2.296725758651162e-12,1.0000006168565623,2.4079263149444872e-12,2.169406114680413e-12,2.0175496446139013e-12,2.6822906467109213e-12,1.0000010260596532,1.0000008177240318,1.1884934236772791e-12,1.0000008688700717,2.687462177744048e-12,2.172193362785305e-12,1.655401048040528e-12,2.2158604078054633e-12,2.1292626308061783e-12,0.9999994062471184,2.2693620068158877e-12,3.564606122159466e-12,2.674130773343155e-12,2.736173110549048e-12,2.78582195972609e-12,0.9999984581490041,2.005943340134575e-12,1.6492680815309357e-12,2.4037542251792758e-12,2.2259943989311473e-12,1.0822524561014704e-12,0.9999979024084344,1.631275045711326e-12,9.12133393678617e-13,2.3125876547382034e-12,2.6165246738854377e-12,2.183996296928117e-12
2.0524427700109795e-08,1.6646448227945946e-13,2.0487875948942686e-13,-9.639254028556187e-14,-2.561662687214808e-10,2.5942249258095156e-12,1.0073126067197454e-07,2.5379010142814957e-13,1.1324623887133782e-13,-2.8995212383687113e-13,2.5913988765646224e-12,-2.1890916304010986e-13,5.38108849476483e-15,-1.4895839932195478e-13,2.7325620403536504e-13,1.9642397377480047e-13,3.927810007909782e-14,2.6977656927023817e-13,1.0691974429706324e-13,1.1491045131108303e-13,-2.7221351158154235e-14,-1.7159710893226605e-14,-4.955725212772193e-12,-2.4154937949427104e-13,-2.3778123776945828e-14,5.584038714667556e-16,2.5837893261141536e-12,-1.0576485383308818e-13,2.6352506462249263e-12,2.645865341177806e-12,1.9642397894272207e-13,2.5913987705120247e-12,2.5914870413863734e-12,1.6620653965959094e-13,2.6265109003547506e-12,2.5743895283158706e-12,-1.7932511454625466e-13,2.566232451546926e-12,-2.220542005972397e-14,-8.385066021804542e-14,-2.6833227619717175e-14,-7.187325099959778e-14,2.5185338127258453e-12,4.1511590665690393e-14,2.6228536866870305e-12,-2.616836950863312e-14,2.5607559424962656e-12,2.592146115150803e-12,2.6029732571112297e-12,5.202389770485184e-09,2.5913988582618062e-12,-4.4712242045999725e-13,4.7595988231771755e-14,2.351286306058415e-13,2.4564088690328917e-12,-5.503820759286067e-14,2.5782360877145874e-12,2.707957482688481e-13,2.558536146184045e-12,-3.5089690095743415e-14,5.240669945617006e-11,-1.9231902470527488e-13,2.6539949425009463e-12,2.6378793667680432e-12,2.651189772867398e-12,2.450173320242387e-13,-1.0550921453828207e-13,7.16153306887113e-14,-3.110740747419272e-14,-1.320004247450882e-13,2.1405953594009664e-13,2.283741541870091e-13,1.3572824223113515e-13,-8.474321571835442e-14,-7.988252781365083e-14,2.5557517042101575e-12,5.194385818568933e-09,2.6165957963182405e-12,2.5913987774779594e-12,-2.041819174739985e-13,-9.446080049408701e-14,-6.649393213453623e-14,2.5913988812078098e-12,1.308566936507422e-13,9.0270245055913e-14,2.7888174509241545e-14,3.493968578994652e-13,-6.886650771022914e-14,2.7511529137805823e-13,3.4679195470865297e-14,-1.2771560702190564e-13,2.596334797961338e-12,5.079222634064867e-14,-2.3611438211951545e-13,-4.888120566603939e-14,2.556105925764351e-12,-2.0548093737836187e-13,-6.311330584495766e-14,4.4967009867519115e-14,2.5942249968214687e-12,2.697765692701994e-13,2.612902874211649e-12,-2.790356278600943e-13,2.5638152051093976e-12,-4.547737389210596e-14,2.697766053136207e-13,1.8143787797495547e-13,-5.739005225896541e-14,2.5913987775617914e-12,2.5796877783069883e-12,1.4905903144979011e-13,2.5662325139678836e-12,-1.4487026597511345e-13,-1.0550929818288137e-13,5.31297104410692e-14,1.6228915565282995e-14,2.7739167121624975e-13,2.584435946391445e-12,-5.872676315188396e-14,-2.2162392012776933e-13,-8.246963661357353e-14,-7.510510597534376e-14,-1.196054746454497e-13,2.5490910568810907e-12,-7.187350650318042e-14,1.0919168058533207e-13,-1.2943573537675244e-13,-2.4062819770330034e-13,1.3147051904807117e-13,2.5751605769347363e-12,3.394385906883201e-13,3.685916189911461e-14,-5.549220580878937e-14,7.018443579910668e-14,-3.58349665194657e-14
1.941451454781663e-08,-9.660203093819222e-15,1.0976814462379868e-13,2.1535588601858036e-13,3.379194658360391e-13,2.0664534876099572e-12,2.5379010142814957e-13,9.565286219913899e-08,6.251948473776308e-13,2.5758188803154294e-13,2.0554979294115888e-12,1.2866449879178923e-14,1.1699645119591076e-13,4.107392030477008e-13,9.418744082940637e-14,4.907540265547416e-13,-1.299581288031515e-15,9.478949316581249e-14,-7.698401851751357e-14,1.8681477092979808e-14,-1.6548902335534683e-09,4.0540254307584535e-13,1.6090054632757353e-10,2.5864738493498165e-13,-2.1482122971145286e-14,5.0536087712605283e-14,2.1542835246542757e-12,6.33707612502003e-13,2.0016991972811007e-12,2.003184656162628e-12,4.907540955326492e-13,2.0554979025532184e-12,2.0423943903932224e-12,6.51304448025427e-14,2.0129511294868183e-12,2.059991770312135e-12,1.0575298179615699e-13,2.0558015445671753e-12,5.680443823175441e-14,1.3730179959646782e-13,-1.434558390122245e-13,-4.434750004982006e-14,2.0777452504920955e-12,-1.7787389642157977e-13,1.9874244331303717e-12,4.807730346549302e-13,2.0447160615761563e-12,2.0686777469023394e-12,1.9945983318441407e-12,1.9543081878132746e-12,2.0554979804263718e-12,5.179500242272753e-13,1.1787616791843113e-13,2.4449578410197863e-14,2.6583727939869633e-12,-2.1218605762813015e-13,2.136005789066654e-12,-5.209792989457164e-09,2.1416386565605364e-12,2.1090424737732435e-13,-3.993323011679152e-11,-2.3636386787269648e-15,1.9570334221976043e-12,1.956679255384854e-12,1.735062864934157e-12,1.652129994480398e-13,8.477018869792026e-14,7.093162445283239e-14,1.518527801785973e-13,7.718203583470964e-14,-1.897406655406815e-13,-4.906894530833259e-09,9.741129201865659e-15,4.737550020141094e-13,2.2517338811259132e-14,2.1247141146205955e-12,4.0837677906539245e-09,1.6969190100027026e-12,2.0554979789159416e-12,5.008135517731616e-13,2.254496708909529e-13,9.313093835753554e-14,2.0554979655934926e-12,-3.843561049118066e-15,3.4259902797830885e-13,-4.0265086196038446e-15,-3.6578645076987567e-09,-2.2681792180372133e-13,-5.409978669189813e-09,-3.513051943110782e-14,-3.5232634154734547e-14,2.0698392144039387e-12,7.588592295642555e-14,2.28713219880646e-15,-2.0043494309893488e-13,2.296744344128403e-12,9.326248183617389e-14,3.6589195488611265e-13,2.9870689227675187e-13,2.066453439699058e-12,9.478957336454894e-14,2.0895174664404286e-12,5.082166095583242e-13,2.0100431970758988e-12,1.0738810874564467e-13,9.478934076519828e-14,7.508310976744731e-13,3.8340785038556355e-13,2.0554979736195037e-12,2.0711153712878375e-12,3.8383734319458764e-13,2.0558015445671753e-12,2.998929067721971e-13,8.477018869838071e-14,1.7312332528516617e-13,5.481235951186064e-14,6.139227257758286e-14,1.9329591423144737e-12,9.92107530444177e-14,1.6528252490694377e-13,2.0403961865560237e-13,2.0084193209291859e-13,3.592242079047829e-13,2.2123362726813797e-12,-4.434753316284666e-14,-1.3315705714863861e-13,8.473917644727579e-14,7.948146865966346e-13,1.3297110174444454e-13,2.232605604473676e-12,-4.640482663804295e-09,3.788948076730617e-13,1.8631997342664198e-13,7.140285462396058e-13,4.3423253005421945e-13
1.8426639610359002e-08,1.8829350733465722e-13,1.7323215592831635e-13,5.651614161501713e-13,3.131923841689431e-13,1.4715531429644807e-12,1.1324623887133782e-13,6.251948473776308e-13,1.0332932315448731e-07,9.543009772274425e-13,1.3407915483157644e-12,6.520223864341796e-10,-3.430064542958099e-13,-2.9629027130718685e-13,-4.137590508145354e-14,-3.230711842216349e-13,4.803061593375045e-10,-1.5071156271412847e-13,-2.2287103973375665e-13,1.580895549650492e-13,-1.1077462436601004e-10,9.810202042810857e-10,-8.790304605514126e-13,-8.808262595149366e-13,-1.4760039341102369e-12,-4.983820696870589e-13,1.5987906952901528e-12,7.834354986217335e-11,1.6528567856387593e-12,1.7717595620144307e-12,-3.2307124116418637e-13,1.3407915490464157e-12,2.215934078572424e-12,3.040624599855008e-13,1.401426082214887e-12,1.5618046274559183e-12,-2.825335128898236e-13,1.3685586335244191e-12,8.487136403781811e-14,-7.147348984538617e-13,2.9070754877759914e-13,-5.861666497764036e-13,1.4182431649574884e-12,1.0585771107422287e-12,1.5561112171907421e-12,-3.7890332904322605e-13,1.565346780764144e-12,1.5514728851613838e-12,1.4702204498136521e-12,1.6431689017518527e-12,1.3407915483157812e-12,5.992657069835998e-13,1.3952366641069185e-13,5.0956728999255814e-14,1.2282048261445107e-12,3.498337730408915e-13,1.4780190730270105e-12,8.160163436937245e-13,2.010833532266661e-12,-5.280353125715443e-13,1.4046173895421021e-11,-2.6135847242399573e-13,1.2633604857542842e-12,1.911397329961558e-12,1.642441560916414e-12,-1.634607422176232e-13,3.529258813763414e-13,-3.5462906769733397e-14,-2.4306357638662296e-13,2.024044642903945e-13,-2.042526834936706e-13,-2.1350962043777353e-13,1.7140317665611817e-14,-1.027979324723321e-09,-6.041162415215453e-13,1.7291789333560407e-12,3.095845001390818e-09,1.9045043669557254e-12,1.3407915330869497e-12,-2.1914925868553603e-13,1.4471712533814427e-09,3.909133243479823e-13,1.3407915565591207e-12,6.233497380271126e-13,-5.560633386105205e-13,-3.2266579336584097e-13,1.5228767541501773e-09,2.375373156997956e-13,1.3625315243561683e-13,-1.9553345219485946e-13,7.648159044832709e-13,1.3294471650806453e-12,-1.3178405653560053e-13,-3.2423556144382996e-14,3.322300565387834e-13,1.8734406858387262e-12,7.517234768435962e-13,1.2211104960129635e-09,-5.616379442275411e-13,1.4715531763001629e-12,-1.5071156271412847e-13,1.5088677092260925e-12,1.554374802334072e-14,1.7972391273779034e-12,-2.2370781417359278e-10,-1.5071156505127665e-13,-4.296794686358457e-14,-9.245004750211951e-13,1.3407915475374751e-12,1.5494512497917439e-12,9.443997167232108e-10,1.3685586027627858e-12,-1.9448542240652463e-13,3.5292611845359214e-13,6.502696007166319e-14,-2.877809596653245e-13,-8.406488273716524e-14,2.0249179010717314e-12,-1.855963233305658e-13,1.6217623394583889e-13,-8.667621812474125e-13,-1.039364585743577e-13,9.001851819305072e-14,1.3933429694174529e-12,-5.86166641107174e-13,6.03115303372207e-13,4.2048938850003194e-13,-1.361220994938018e-12,-5.958309103217168e-13,1.6004214474469612e-12,1.0466779553341128e-09,2.4295957823156424e-13,-4.001925186424419e-13,1.2428430102005276e-15,5.1711147350692305e-11
2.057409713557416e-08,4.209887671227864e-14,2.588246002182183e-13,9.201557073738211e-14,-8.374165695251974e-14,2.6891411408767284e-12,-2.8995212383687113e-13,2.5758188803154294e-13,9.543009772274425e-13,9.7653089328824e-08,2.6134039260331353e-12,-1.2371626449890292e-13,-1.4345322020549537e-13,3.2880658746449463e-13,1.0948125366497941e-12,2.6794241587978147e-14,-3.0558773954752216e-10,1.0004404448400703e-12,1.4815467816661877e-13,9.072886723080199e-13,5.004296850399372e-13,1.2322816413206917e-13,-4.0471394002742577e-13,4.293276208149204e-13,4.850949836925302e-13,-4.573888244578638e-13,2.940117393682225e-12,3.9069091223033235e-13,2.505475041168183e-12,2.7015156384195517e-12,2.6794241587978147e-14,2.6134039515708366e-12,2.88539235836424e-12,5.875510628809608e-13,2.7503068158214262e-12,2.5046644595458465e-12,9.079709854482925e-13,2.468955114621749e-12,-1.7151613066774782e-13,1.385419900383076e-13,2.3675304852387294e-13,-7.044916206524169e-14,2.555090342713502e-12,-2.23485632195478e-09,2.91164662747828e-12,2.5580582538512652e-14,2.4677952687898064e-12,2.5758422577341324e-12,2.5541586869598346e-12,2.4973798592086297e-12,2.6134039744998865e-12,-2.9419348596160874e-09,-1.5938257936702597e-09,1.590656033112591e-13,2.490662132005728e-12,-1.6807518956510366e-13,2.6121696141888536e-12,-4.793342459479872e-14,2.6286850693464557e-12,-1.4232706584471516e-13,3.615711061986857e-11,-7.482426343614809e-13,2.5722329326476106e-12,2.4967234998514778e-12,2.2365347152508835e-12,9.241182949540112e-13,-3.713466267471943e-13,1.6823444415040835e-13,4.990802217779632e-14,-4.0779790899036106e-13,-5.261985540619537e-13,5.064050856830736e-13,-2.0156534999842714e-13,3.2638529798911757e-14,-1.4579116399994865e-13,2.4371381061192257e-12,5.241957610743885e-09,2.8584659969026522e-12,2.61340400689771e-12,-6.575404593243901e-13,-2.175797482755984e-13,-2.1149888103351995e-13,2.6134039351380266e-12,6.284835369959846e-13,-3.484584818373738e-13,4.4857676385007316e-13,1.055087208983364e-12,-1.485725260517898e-13,6.505950731652445e-13,-1.317043284586385e-10,-1.552465048571353e-13,2.5662307770490614e-12,1.9586216393634577e-13,-2.0038445304011594e-13,-1.4315398118708475e-13,2.7712646480743727e-12,-4.010320661087811e-09,-1.429330248935131e-09,-4.984990926493596e-13,2.6891411229382736e-12,1.0004402470919107e-12,2.732909557252154e-12,-5.551826411494065e-13,2.5295381821423886e-12,-1.6355894413449897e-13,1.0004402470919107e-12,8.407142158658617e-14,-1.0765369456060675e-13,2.6134039351380274e-12,2.548292423374003e-12,8.783643811525574e-13,2.4689551473737186e-12,-3.5446083984069275e-13,-3.7134664345209074e-13,5.2159950271580284e-14,2.6852509655593064e-13,9.985348585855961e-13,2.6396550520583926e-12,-2.2461177014384502e-13,5.933831960953032e-13,2.5551400770161335e-13,-3.2545301976524825e-13,-1.9052827210548765e-14,2.37601295350687e-12,-7.044913464944954e-14,2.4703252532793875e-14,-4.166086563624257e-13,-2.7236894115579734e-13,1.4847488330189167e-13,2.8164371885278358e-12,7.491006884793088e-13,-1.4443352973151034e-09,3.411030781456192e-14,-5.416210713686158e-14,-3.357804364094375e-13
1.000000471107717,1.6889510013720119e-12,1.3317943195379562e-12,-1.036577885771076e-11,2.5198983763944598e-12,1.0000010260596526,2.5913988765646224e-12,2.0554979294115888e-12,1.3407915483157644e-12,2.6134039260331353e-12,1.0000012779728875,2.326589360014817e-12,2.364902415453155e-12,2.134585656263577e-12,2.0738828274039836e-12,1.993819058908902e-12,1.9831369391706478e-12,2.1365793021921415e-12,9.582809033249461e-13,7.680651435922292e-13,1.5956985255324734e-12,2.35721356555195e-12,2.2901922240378803e-12,2.2038880697598588e-12,2.424306203376866e-12,2.749100149933397e-12,1.0000010962745138,1.4921961949579643e-12,1.0000011953975718,1.0000010387493616,1.993819542911393e-12,1.0000011768670598,1.0000015639223176,8.001192086017856e-13,0.9999990986968175,1.0000009669638417,1.1355180455508139e-12,1.000001019676283,2.743852717149316e-12,1.492335803612569e-13,5.584654948990262e-14,1.998105913817278e-12,0.9999985318271039,3.8988384674609897e-13,0.9999980970893666,2.820887048199577e-12,1.0000007757286036,1.0000009795724176,1.0000012196744552,0.999998130387363,1.0000011768670602,6.653677349609466e-13,1.0980824328119768e-12,2.6650955151490526e-12,0.9999986296189455,2.373996885039747e-12,1.0000012187868117,1.6123855780367646e-12,1.000001190188091,2.085796744929316e-12,1.2302474372265185e-12,2.1913559739147105e-12,0.9999979973344946,1.000000718707144,0.9999982772010501,1.962525001128621e-12,2.1270525723547667e-12,9.731198980871421e-13,2.3428684640830428e-12,-5.28622216398659e-12,1.6577962459919132e-12,1.935620871862283e-12,3.4846497353200753e-12,2.2964330078327476e-12,1.7827149462163828e-12,0.9999984118866649,0.9999983431155833,1.0000012275304604,1.0000011768670591,1.809796394809135e-12,2.198456253251288e-12,2.3606967907315927e-12,1.0000011768670596,2.258698498426825e-12,2.390943083401821e-12,2.2177561002542476e-12,1.2768393430360644e-12,2.341895614897636e-12,1.739210199322977e-12,2.1540502014286615e-12,2.5212605270266947e-12,0.9999985399352034,2.221466466401962e-12,2.1897232948615924e-12,2.351903471288532e-12,0.9999992045303686,2.1820578678105885e-12,9.747637517478663e-13,1.8225397714901276e-12,1.0000010260596526,2.1365791213820377e-12,1.0000011196196772,2.289613399988975e-12,1.000000767587216,2.439217125647732e-12,2.1365792568307207e-12,2.02177584261932e-12,2.74405647867635e-12,1.0000011768670622,1.0000009684958922,1.0906135193704454e-12,1.0000010196762832,2.7230704083775534e-12,2.1270526287693116e-12,1.6747265095581005e-12,2.2224918895613785e-12,2.09224629073195e-12,0.9999995568704424,2.2672251435330667e-12,3.5213145208126912e-12,2.7461524697771103e-12,2.7427050696406513e-12,2.7752978103356686e-12,0.999998608914128,1.9981046223006895e-12,1.6193624674078662e-12,2.355258302923877e-12,2.352990344902335e-12,1.139103379905544e-12,0.9999980531635428,1.6193795906285296e-12,8.95037563207065e-13,2.3423892797946786e-12,2.6216915096934723e-12,2.1847241252324438e-12
1.9869045581126014e-08,-1.2362734847739388e-13,-4.5294547314269466e-14,5.945616136339301e-14,1.2242849288242951e-14,2.41221905390883e-12,-2.1890916304010986e-13,1.2866449879178923e-14,6.520223864341796e-10,-1.2371626449890292e-13,2.326589360014817e-12,9.773878108047649e-08,-5.796694863417898e-13,2.7217982698945874e-13,-3.302090012448172e-13,8.853297556455162e-13,5.348259751959193e-10,-3.373484607897777e-13,7.222499963932668e-10,1.4316855304030644e-12,-3.7633870406105945e-11,5.80412762599854e-14,-1.0061492269247207e-13,-2.914467616093636e-09,-1.3167627066225388e-13,-7.68737566684248e-10,2.5030731377769903e-12,-1.5515217814800924e-09,2.2270076864687175e-12,2.3882706289181868e-12,8.853296903765288e-13,2.326589376882924e-12,2.3741353421175822e-12,2.233630590904072e-09,4.804122116970951e-09,2.365629989110382e-12,1.1738848369020744e-13,2.230389583473524e-12,4.1644305350897057e-10,-1.6929957592739428e-09,2.089087133029386e-09,-7.74842426343831e-13,4.489259548584981e-09,-6.928449672810836e-14,4.453314991749508e-09,-8.619161901972786e-14,2.3644245767735556e-12,2.405565428170564e-12,2.310077984651013e-12,4.865814049005062e-09,2.3265893714855533e-12,-3.13104965684252e-09,2.910165546733902e-13,4.521974503144366e-13,4.299767026972317e-09,-7.454548218603434e-10,2.3935166959832536e-12,2.0263150992140495e-13,2.2937438358864175e-12,-3.544772422791938e-13,-1.418272344448541e-10,-1.3998562942776121e-09,4.352135869867823e-09,2.4665554429567212e-12,4.251702760527264e-09,-3.2535288756266794e-13,3.1207933028896823e-13,-1.9601507009570019e-13,-1.4315987274082712e-13,-4.785232665483542e-10,4.735314589933442e-13,-2.2034184772184923e-13,4.608953991338566e-13,5.962817250796607e-15,-7.296508000100941e-13,4.537173292392011e-09,4.5909948484969355e-09,2.4043506393561625e-12,2.3265893812616677e-12,6.369289357742511e-10,3.937607077046534e-13,2.5199724347809503e-13,2.326589351141564e-12,8.481647492224917e-13,4.226186825649456e-13,6.182467689108391e-13,1.3009997117025702e-13,-9.803102220847173e-10,-1.9081298243402057e-13,-5.173254198468637e-11,1.9404437403791044e-13,4.716228478132648e-09,-2.1580695080904797e-14,-3.1260023408235667e-13,-7.535513233171003e-10,1.8251460096677423e-12,-4.131554329627536e-13,3.4774729622562264e-13,9.574433012488027e-13,2.4122190345551468e-12,-3.3734869390712764e-13,2.4730940495009858e-12,-5.922707825717955e-10,2.389691234693726e-12,6.681200364549665e-14,-3.3734849458000543e-13,8.684978822435941e-13,-1.7803478414765015e-13,2.3265893524923676e-12,2.334700861585365e-12,1.3084537491508078e-09,2.2303895839686552e-12,2.2000271671765333e-13,3.120791629955622e-13,-3.7960639681733785e-13,-1.1956380517613453e-09,-3.4573901455271305e-13,2.2878202680059375e-12,-4.522603973734458e-10,-1.471576774721638e-09,2.937875587005793e-13,5.70222589564815e-10,-1.3382426477342553e-13,4.161438076069546e-09,-7.748424779180089e-13,-1.248323323678408e-13,3.4004955451166146e-13,-4.204728832404412e-13,2.3747369365113385e-13,4.644816989936511e-09,5.657502144296042e-13,7.605825273350989e-13,-2.1741540004946856e-13,7.545690705180275e-13,4.797716230313404e-13
1.9857190818323336e-08,3.359668134974736e-14,5.0694519735134344e-14,-3.2469021605850624e-10,-7.501428785896172e-14,2.34126347720629e-12,5.38108849476483e-15,1.1699645119591076e-13,-3.430064542958099e-13,-1.4345322020549537e-13,2.364902415453155e-12,-5.796694863417898e-13,1.0103261963047244e-07,6.953274657968218e-10,-4.2268760235006906e-13,1.8374920251955306e-13,-6.528713341983091e-11,-3.9735540518076405e-13,6.508433177925662e-10,8.406742168270597e-13,2.7661205731586815e-10,-1.3946523533178418e-13,3.8697015502240203e-13,2.0976332935780032e-10,5.55505592161489e-10,1.6217719500376573e-10,2.3608457598161123e-12,-6.943350442543482e-10,2.2211688868464143e-12,2.205259015204201e-12,1.8374924050939287e-13,2.3649024017147175e-12,2.1270604621134008e-12,1.8089599614406918e-13,4.792590180104622e-09,2.3194901247915322e-12,6.186843988528135e-13,2.3419313649721616e-12,-1.1913823469404393e-13,-1.4203344195606896e-13,6.320305482993451e-13,-4.830866914476394e-13,4.61105648481437e-09,-9.958847369179125e-10,4.6391921045614e-09,-2.908295943160528e-13,2.3151517209295477e-12,2.3113199296250498e-12,2.34130649818731e-12,4.4849175522362335e-09,2.364902395112778e-12,-1.1049377965048203e-09,-3.776831974687501e-10,4.4483644617674163e-10,4.584797402414649e-09,1.1101699734790746e-13,4.630928829689306e-09,8.302538370677395e-14,2.132963359048137e-12,1.4619575082050174e-13,2.7696261177689574e-11,-6.740538079509429e-10,4.513272265287184e-09,2.17376532244407e-12,4.42971836005759e-09,-3.730016368080166e-13,1.330041135020024e-13,3.995583831399142e-15,5.266803244669302e-11,9.493699996850257e-12,5.730236333238102e-10,1.5210082994179062e-13,5.099527142873313e-10,2.0658055470980579e-13,-4.2184434910883455e-13,4.420120747671185e-09,4.574051660026213e-09,2.264378367026062e-12,2.3649023930046276e-12,8.266523005597642e-14,7.191108038777932e-14,1.0624529295618387e-13,2.3649024233698527e-12,4.2812977089115094e-10,2.879060444274649e-13,4.285150703000698e-10,-2.7469536990182283e-13,1.1082783750608561e-13,1.9084174793403897e-13,1.4336432074784478e-11,-1.9496796348765732e-14,4.704380594718424e-09,1.4868786091506787e-10,9.863194698134451e-14,1.0144539388575351e-13,2.0306142148581873e-12,-1.9652683873504393e-10,-1.6761104628841692e-13,2.681381109217851e-13,2.3412634347857135e-12,-3.973551884923479e-13,2.3079683868564945e-12,-7.919355450706057e-14,2.2681108724067094e-12,1.9939347797660114e-13,-3.9735536971016124e-13,1.96457517212445e-14,-1.61986991276112e-14,2.3649024233698515e-12,2.3105852681325263e-12,-3.3320658083777436e-13,2.341931372657585e-12,1.285311120230197e-13,1.3300429182769915e-13,1.6362755104969254e-14,-2.8043044024781574e-10,-3.914761487597717e-13,2.0294055933057988e-12,-2.2701243869259848e-10,-6.980318269930927e-10,2.0334582544630082e-13,-4.053472619773005e-14,-4.996170257753622e-14,4.339183938093661e-09,-4.830865996652253e-13,3.0936075874332954e-14,1.4864142401629272e-13,1.7582347797679655e-13,1.2795099619625902e-13,4.6777074681914784e-09,2.0761333100999743e-13,1.2621743092083502e-10,9.891125420436325e-11,3.041102461466702e-14,1.648634782058093e-13
