1.0000000055316902,1.0000078500712937,1.0000078500712866,1.000007845800079,1.0000078500712943,1.0000078500712943,1.0000078500712943,1.0000078500712868,1.0000078500712943,1.0000078405079993,1.0000078500712868,1.0000078500712914,1.0000078500712943,2.1467827801428764e-06,2.14402618753394e-06,1.0000078966143773,1.0000078500712914,2.1456275614283774e-06,1.0000078458000805,1.0000078458000836,1.0000078500712941,1.0000078500712866,1.0000078500712866,1.0000078824727654,1.0000078500712943,1.0000078500712943,1.0000078500712943,1.0000078500712886,1.000007850071289,1.0000078500712903,1.0000078458000834,1.0000078458000847,1.0000078500712914,1.0000078500712943,1.0000078500712914,1.0000078500712943,1.000007850071289,1.0000078500712883,1.0000078500712866,1.0000078500712943,1.0000078458000825,2.1442821602386943e-06,1.0000078500712866,1.0000078500712861,2.1551094659410403e-06,1.000007845800079,1.0000078824727652,1.000007850071293,1.0000078500712943,1.0000078500712888,1.0000078500712943,1.0000078500712914,1.0000078500712866,1.0000078500712943,1.0000078500712903,1.0000078500712943,1.0000078500712888,1.0000078500712868,1.0000078500712943,1.000007850071293,1.0000078500712908,1.0000078500712868,1.0000078500712886,1.000007850071293,1.0000078500712943,1.0000078458000834,2.145700991699089e-06,1.000007882268271,1.0000078500712866,2.145278691804478e-06,1.000007883114999,2.1493449318367148e-06,1.0000078500712943
1.0000078500712937,1.0000081044360125,1.0000080048497904,1.0000080005785739,1.0000080048497912,1.0000080048497908,1.0000080048497908,1.0000080048497906,1.00000800484979,1.000007995286474,1.0000080048497908,1.0000080048497895,1.00000800484979,3.400953802706974e-11,3.262598326881981e-11,1.0000080513929748,1.00000800484979,3.342972334555784e-11,1.0000080005785745,1.0000080005785739,1.0000080048497901,1.000008004849791,1.000008004849791,1.000008037251328,1.0000080048497904,1.0000080048497904,1.0000080048497904,1.0000080048497912,1.0000080048497908,1.0000080048497912,1.0000080005785739,1.0000080005785734,1.00000800484979,1.0000080048497908,1.0000080048497895,1.0000080048497904,1.000008004849791,1.0000080048497912,1.0000080048497912,1.0000080048497908,1.0000080005785748,3.275445714478169e-11,1.0000080048497908,1.0000080048497895,3.818877359968588e-11,1.0000080005785743,1.0000080372513285,1.0000080048497908,1.00000800484979,1.0000080048497908,1.0000080048497908,1.00000800484979,1.0000080048497917,1.0000080048497908,1.0000080048497912,1.0000080048497908,1.0000080048497917,1.0000080048497912,1.0000080048497908,1.0000080048497912,1.0000080048497895,1.000008004849791,1.0000080048497917,1.0000080048497904,1.000008004849791,1.0000080005785734,3.34665766171354e-11,1.0000080370468416,1.0000080048497908,3.3254624170110354e-11,1.0000080378935632,3.529550286731373e-11,1.00000800484979
1.0000078500712866,1.0000080048497904,1.0000081044359996,1.000008000578571,1.0000080048497881,1.0000080048497886,1.000008004849788,1.0000080048497875,1.000008004849788,1.0000079952864733,1.0000080048497884,1.0000080048497875,1.0000080048497875,3.400953808034468e-11,3.262598329520233e-11,1.0000080513929717,1.0000080048497875,3.342972334675336e-11,1.0000080005785714,1.0000080005785712,1.0000080048497877,1.0000080048497892,1.0000080048497888,1.000008037251326,1.0000080048497881,1.0000080048497884,1.0000080048497884,1.000008004849789,1.000008004849788,1.0000080048497886,1.000008000578571,1.00000800057857,1.0000080048497877,1.0000080048497886,1.0000080048497875,1.0000080048497884,1.000008004849788,1.0000080048497888,1.0000080048497881,1.0000080048497886,1.0000080005785719,3.275445714544493e-11,1.0000080048497884,1.0000080048497868,3.818877360843149e-11,1.0000080005785705,1.0000080372513271,1.0000080048497884,1.000008004849788,1.0000080048497877,1.0000080048497877,1.0000080048497875,1.0000080048497888,1.0000080048497884,1.0000080048497884,1.000008004849788,1.0000080048497892,1.0000080048497877,1.000008004849788,1.0000080048497892,1.0000080048497872,1.0000080048497884,1.0000080048497892,1.0000080048497884,1.0000080048497888,1.0000080005785712,3.3466576617751105e-11,1.00000803704684,1.0000080048497888,3.325462414763858e-11,1.000008037893561,3.529550288585638e-11,1.0000080048497875
1.000007845800079,1.0000080005785739,1.000008000578571,1.000008095893574,1.0000080005785705,1.000008000578571,1.000008000578571,1.0000080005785708,1.0000080005785705,1.0000079910152544,1.000008000578571,1.0000080005785696,1.0000080005785705,3.400953783040936e-11,3.2625983119848767e-11,1.0000080471217552,1.00000800057857,3.34297232206276e-11,1.000007996307354,1.0000079963073534,1.0000080005785696,1.000008000578571,1.0000080005785712,1.0000080329801082,1.0000080005785705,1.000008000578571,1.000008000578571,1.0000080005785719,1.0000080005785723,1.0000080005785723,1.000007996307354,1.0000079963073534,1.00000800057857,1.000008000578571,1.0000080005785696,1.0000080005785705,1.0000080005785719,1.0000080005785714,1.0000080005785705,1.000008000578571,1.0000079963073536,3.2754457052929695e-11,1.000008000578571,1.0000080005785708,7.608731310630288e-08,1.0000079963073525,1.0000080329801095,1.0000080005785696,1.0000080005785703,1.0000080005785714,1.0000080005785705,1.00000800057857,1.0000080005785712,1.000008000578571,1.0000080005785723,1.0000080005785705,1.0000080005785723,1.000008000578571,1.000008000578571,1.0000080005785703,1.00000800057857,1.0000080005785712,1.0000080005785723,1.0000080005785696,1.0000080005785723,1.0000079963073536,3.3466576453498956e-11,1.0000080327756211,1.000008000578571,3.3254623967184325e-11,1.0000080336223465,3.5295502707496546e-11,1.0000080005785705
1.0000078500712943,1.0000080048497912,1.0000080048497881,1.0000080005785705,1.000008104436,1.000008004849788,1.0000080048497886,1.0000080048497881,1.000008004849788,1.0000079952864727,1.0000080048497881,1.0000080048497875,1.0000080048497881,3.400953802837335e-11,3.26259832517763e-11,1.0000080513929717,1.0000080048497877,3.342972334481446e-11,1.000008000578571,1.0000080005785708,1.0000080048497875,1.0000080048497877,1.000008004849789,1.0000080372513251,1.0000080048497868,1.0000080048497881,1.0000080048497881,1.0000080048497892,1.00000800484979,1.0000080048497888,1.0000080005785705,1.0000080005785703,1.0000080048497877,1.000008004849788,1.0000080048497877,1.0000080048497881,1.0000080048497892,1.0000080048497892,1.0000080048497868,1.000008004849788,1.0000080005785723,3.2754457194962894e-11,1.0000080048497881,1.000008004849788,3.818877361906741e-11,1.0000080005785703,1.000008037251327,1.0000080048497875,1.0000080048497886,1.0000080048497881,1.0000080048497884,1.0000080048497877,1.0000080048497888,1.000008004849788,1.0000080048497888,1.0000080048497892,1.0000080048497892,1.0000080048497886,1.0000080048497886,1.0000080048497888,1.000008004849788,1.000008004849789,1.0000080048497895,1.0000080048497884,1.0000080048497892,1.00000800057857,3.3466576602301956e-11,1.0000080370468392,1.0000080048497875,3.325462416619577e-11,1.0000080378935616,3.5295502967387156e-11,1.000008004849788
1.0000078500712943,1.0000080048497908,1.0000080048497886,1.000008000578571,1.000008004849788,1.0000081044360016,1.0000080048497884,1.0000080048497886,1.000008004849788,1.0000079952864733,1.0000080048497886,1.000008004849788,1.0000080048497875,3.4009537998592583e-11,3.262598326637569e-11,1.0000080513929723,1.000008004849788,3.3429723347232956e-11,1.0000080005785714,1.0000080005785712,1.0000080048497884,1.000008004849789,1.000008004849789,1.0000080372513256,1.0000080048497881,1.0000080048497884,1.0000080048497884,1.0000080048497886,1.0000080048497881,1.0000080048497888,1.0000080005785714,1.0000080005785708,1.000008004849788,1.0000080048497884,1.000008004849788,1.0000080048497884,1.000008004849788,1.0000080048497888,1.000008004849788,1.0000080048497884,1.0000080005785725,3.275445717336585e-11,1.0000080048497884,1.0000080048497875,3.8188773604811654e-11,1.0000080005785708,1.0000080372513271,1.0000080048497884,1.0000080048497884,1.0000080048497875,1.0000080048497888,1.000008004849788,1.0000080048497892,1.0000080048497884,1.0000080048497888,1.0000080048497888,1.000008004849789,1.0000080048497892,1.0000080048497884,1.0000080048497892,1.0000080048497884,1.000008004849789,1.0000080048497895,1.0000080048497884,1.0000080048497888,1.000008000578571,3.34665765887727e-11,1.0000080370468398,1.0000080048497888,3.325462416119424e-11,1.0000080378935607,3.5295502881213425e-11,1.0000080048497875
1.0000078500712943,1.0000080048497908,1.000008004849788,1.000008000578571,1.0000080048497886,1.0000080048497884,1.0000081044360012,1.000008004849788,1.0000080048497877,1.0000079952864724,1.000008004849788,1.0000080048497875,1.0000080048497877,3.400953797092842e-11,3.262598327145395e-11,1.0000080513929719,1.0000080048497875,3.342972334756039e-11,1.0000080005785714,1.00000800057857,1.0000080048497875,1.0000080048497892,1.0000080048497888,1.000008037251326,1.0000080048497884,1.0000080048497884,1.0000080048497884,1.000008004849789,1.0000080048497884,1.000008004849789,1.00000800057857,1.00000800057857,1.0000080048497875,1.0000080048497884,1.0000080048497875,1.0000080048497884,1.0000080048497875,1.0000080048497886,1.0000080048497884,1.0000080048497884,1.000008000578573,3.2754457190290894e-11,1.0000080048497884,1.0000080048497875,3.8188773559080605e-11,1.0000080005785705,1.000008037251327,1.0000080048497875,1.0000080048497881,1.0000080048497877,1.0000080048497881,1.0000080048497875,1.000008004849789,1.0000080048497884,1.000008004849789,1.0000080048497888,1.0000080048497875,1.0000080048497888,1.0000080048497881,1.0000080048497886,1.0000080048497877,1.0000080048497888,1.000008004849788,1.0000080048497881,1.0000080048497888,1.0000080005785696,3.3466576590014104e-11,1.0000080370468398,1.0000080048497888,3.325462416462991e-11,1.0000080378935607,3.529550292233075e-11,1.0000080048497877
1.0000078500712868,1.0000080048497906,1.0000080048497875,1.0000080005785708,1.0000080048497881,1.0000080048497886,1.000008004849788,1.0000081044359987,1.0000080048497875,1.0000079952864733,1.0000080048497877,1.0000080048497875,1.0000080048497875,3.400953800299328e-11,3.2625983284491255e-11,1.0000080513929726,1.0000080048497881,3.3429723351328037e-11,1.000008000578571,1.000008000578571,1.000008004849788,1.0000080048497881,1.0000080048497884,1.0000080372513251,1.000008004849788,1.0000080048497886,1.0000080048497886,1.000008004849789,1.000008004849788,1.0000080048497881,1.0000080005785705,1.00000800057857,1.0000080048497881,1.0000080048497886,1.0000080048497875,1.0000080048497875,1.000008004849787,1.0000080048497886,1.0000080048497881,1.0000080048497886,1.000008000578572,3.275445719201233e-11,1.0000080048497886,1.0000080048497875,3.8188773625787474e-11,1.000008000578571,1.0000080372513263,1.000008004849788,1.0000080048497877,1.0000080048497875,1.000008004849788,1.0000080048497881,1.0000080048497892,1.0000080048497875,1.0000080048497881,1.0000080048497875,1.0000080048497892,1.0000080048497888,1.000008004849788,1.0000080048497888,1.0000080048497881,1.0000080048497886,1.0000080048497892,1.000008004849788,1.0000080048497888,1.00000800057857,3.346657661775111e-11,1.0000080370468398,1.0000080048497884,3.325462416072842e-11,1.00000803789356,3.529550290339482e-11,1.0000080048497875
1.0000078500712943,1.00000800484979,1.000008004849788,1.0000080005785705,1.000008004849788,1.000008004849788,1.0000080048497877,1.0000080048497875,1.0000081044360012,1.000007995286472,1.0000080048497875,1.0000080048497875,1.0000080048497872,3.4009537973068594e-11,3.262598326530819e-11,1.0000080513929717,1.0000080048497875,3.342972333892237e-11,1.0000080005785705,1.0000080005785703,1.0000080048497875,1.0000080048497888,1.000008004849788,1.0000080372513254,1.000008004849788,1.000008004849788,1.000008004849788,1.0000080048497888,1.000008004849788,1.0000080048497884,1.0000080005785696,1.0000080005785692,1.000008004849788,1.000008004849788,1.0000080048497875,1.0000080048497875,1.000008004849787,1.0000080048497877,1.000008004849788,1.000008004849788,1.0000080005785725,3.2754457200225114e-11,1.0000080048497875,1.0000080048497875,3.8188773615136936e-11,1.0000080005785705,1.0000080372513256,1.0000080048497877,1.0000080048497877,1.000008004849787,1.0000080048497877,1.000008004849788,1.0000080048497881,1.0000080048497875,1.0000080048497881,1.000008004849788,1.0000080048497877,1.0000080048497881,1.0000080048497877,1.0000080048497881,1.0000080048497884,1.000008004849788,1.0000080048497877,1.0000080048497868,1.000008004849788,1.0000080005785705,3.346657658507096e-11,1.0000080370468396,1.0000080048497881,3.325462415537988e-11,1.00000803789356,3.529550286322863e-11,1.0000080048497872
1.0000078405079993,1.000007995286474,1.0000079952864733,1.0000079910152544,1.0000079952864727,1.0000079952864733,1.0000079952864724,1.0000079952864733,1.000007995286472,1.0000080853093738,1.0000079952864733,1.0000079952864729,1.000007995286472,6.776060354900048e-08,6.500400929333569e-08,1.000008041829657,1.0000079952864729,6.660538091614511e-08,1.000007991015255,1.0000079910152544,1.0000079952864724,1.0000079952864733,1.0000079952864738,1.0000080276880092,1.0000079952864724,1.0000079952864733,1.0000079952864733,1.0000079952864733,1.000007995286473,1.000007995286473,1.0000079910152546,1.0000079910152535,1.0000079952864729,1.0000079952864733,1.0000079952864729,1.000007995286473,1.0000079952864724,1.0000079952864735,1.0000079952864727,1.0000079952864733,1.0000079910152568,6.525998071303076e-08,1.0000079952864733,1.0000079952864722,7.608731269580863e-08,1.0000079910152535,1.0000080276880108,1.0000079952864724,1.0000079952864724,1.000007995286473,1.0000079952864724,1.0000079952864729,1.0000079952864729,1.0000079952864733,1.0000079952864718,1.0000079952864733,1.0000079952864735,1.0000079952864729,1.0000079952864724,1.0000079952864733,1.0000079952864729,1.0000079952864738,1.0000079952864738,1.0000079952864722,1.0000079952864724,1.0000079910152544,6.667880731302701e-08,1.0000080274835228,1.000007995286473,6.625651343572268e-08,1.0000080283302468,7.032275996184556e-08,1.000007995286472
1.0000078500712868,1.0000080048497908,1.0000080048497884,1.000008000578571,1.0000080048497881,1.0000080048497886,1.000008004849788,1.0000080048497877,1.0000080048497875,1.0000079952864733,1.0000081044360012,1.0000080048497881,1.0000080048497875,3.400953800723752e-11,3.262598328158751e-11,1.0000080513929726,1.0000080048497881,3.3429723340031425e-11,1.0000080005785712,1.0000080005785714,1.0000080048497884,1.0000080048497888,1.0000080048497886,1.0000080372513251,1.0000080048497884,1.0000080048497886,1.0000080048497886,1.0000080048497888,1.0000080048497888,1.0000080048497881,1.0000080005785714,1.00000800057857,1.0000080048497881,1.0000080048497886,1.0000080048497881,1.0000080048497886,1.000008004849788,1.0000080048497892,1.0000080048497881,1.0000080048497886,1.000008000578572,3.275445719862831e-11,1.0000080048497886,1.0000080048497877,3.818877358180681e-11,1.000008000578571,1.0000080372513265,1.0000080048497886,1.000008004849788,1.000008004849788,1.0000080048497888,1.0000080048497881,1.0000080048497892,1.0000080048497886,1.0000080048497881,1.0000080048497886,1.0000080048497892,1.0000080048497892,1.000008004849788,1.0000080048497888,1.0000080048497881,1.0000080048497886,1.0000080048497892,1.000008004849788,1.0000080048497888,1.000008000578571,3.346657657901114e-11,1.0000080370468398,1.0000080048497884,3.3254624182026905e-11,1.000008037893561,3.52955029515403e-11,1.0000080048497875
1.0000078500712914,1.0000080048497895,1.0000080048497875,1.0000080005785696,1.0000080048497875,1.000008004849788,1.0000080048497875,1.0000080048497875,1.0000080048497875,1.0000079952864729,1.0000080048497881,1.0000081044359959,1.0000080048497875,3.4009537968639385e-11,3.262598329687686e-11,1.0000080513929717,1.0000080048497866,3.342972334619643e-11,1.000008000578571,1.0000080005785696,1.0000080048497868,1.000008004849788,1.0000080048497875,1.000008037251324,1.000008004849787,1.000008004849788,1.000008004849788,1.0000080048497877,1.0000080048497875,1.0000080048497881,1.0000080005785708,1.0000080005785696,1.0000080048497866,1.000008004849788,1.0000080048497866,1.0000080048497875,1.0000080048497868,1.0000080048497875,1.0000080048497877,1.000008004849788,1.0000080005785725,3.275445720332347e-11,1.0000080048497875,1.0000080048497875,3.818877358886123e-11,1.0000080005785696,1.0000080372513263,1.0000080048497872,1.0000080048497875,1.0000080048497866,1.0000080048497875,1.0000080048497861,1.0000080048497875,1.000008004849788,1.000008004849788,1.0000080048497884,1.0000080048497881,1.0000080048497875,1.0000080048497875,1.0000080048497884,1.0000080048497875,1.0000080048497875,1.0000080048497881,1.0000080048497872,1.000008004849788,1.0000080005785703,3.346657661380503e-11,1.0000080370468392,1.0000080048497877,3.3254624165593405e-11,1.00000803789356,3.52955028857961e-11,1.000008004849787
1.0000078500712943,1.00000800484979,1.0000080048497875,1.0000080005785705,1.0000080048497881,1.0000080048497875,1.0000080048497877,1.0000080048497875,1.0000080048497872,1.000007995286472,1.0000080048497875,1.0000080048497875,1.0000081044360012,3.4009538054173085e-11,3.262598329014047e-11,1.0000080513929717,1.0000080048497875,3.342972334488891e-11,1.0000080005785705,1.0000080005785696,1.0000080048497875,1.0000080048497886,1.000008004849788,1.0000080372513251,1.0000080048497881,1.0000080048497875,1.0000080048497875,1.0000080048497881,1.000008004849788,1.0000080048497884,1.0000080005785696,1.0000080005785692,1.0000080048497875,1.0000080048497875,1.0000080048497875,1.0000080048497875,1.000008004849787,1.0000080048497877,1.0000080048497881,1.0000080048497875,1.0000080005785723,3.275445717653249e-11,1.0000080048497875,1.000008004849787,3.8188773559080605e-11,1.0000080005785705,1.0000080372513256,1.0000080048497875,1.0000080048497877,1.0000080048497868,1.0000080048497877,1.0000080048497875,1.0000080048497881,1.0000080048497875,1.0000080048497884,1.000008004849788,1.000008004849787,1.000008004849788,1.0000080048497877,1.0000080048497881,1.0000080048497877,1.000008004849788,1.0000080048497875,1.0000080048497868,1.000008004849788,1.0000080005785692,3.346657657676425e-11,1.0000080370468392,1.000008004849788,3.325462416729148e-11,1.00000803789356,3.5295502990776425e-11,1.0000080048497872
2.1467827801428764e-06,3.400953802706974e-11,3.400953808034468e-11,3.400953783040936e-11,3.400953802837335e-11,3.4009537998592583e-11,3.400953797092842e-11,3.400953800299328e-11,3.4009537973068594e-11,6.776060354900048e-08,3.400953800723752e-11,3.4009537968639385e-11,3.4009538054173085e-11,9.958640321948094e-08,3.98149062761918e-18,6.776060741962098e-08,3.4009537986800684e-11,4.468670219000114e-15,3.400953783024224e-11,3.400953783089382e-11,3.4009537990783714e-11,3.400953797173469e-11,3.400953801826615e-11,3.4009539180980397e-11,3.4009537980902105e-11,3.4009538042396237e-11,3.4009538020029434e-11,3.4009537937117955e-11,3.4009538002501574e-11,3.400953802813804e-11,3.400953783023315e-11,3.400953782975244e-11,3.4009537950416156e-11,3.400953801127138e-11,3.400953802837332e-11,3.4009538020029434e-11,3.4009537998592583e-11,3.400953802142962e-11,3.4009538004212966e-11,3.400953794047592e-11,3.400953782926549e-11,2.3254308876278324e-18,3.400953797092842e-11,3.400953800421295e-11,4.368452920291303e-18,3.4009537829218965e-11,3.4009539129625716e-11,3.400953799914351e-11,3.400953796729883e-11,3.4009537975815784e-11,3.400953807729684e-11,3.4009537936061096e-11,3.400953802813804e-11,3.4009538016880894e-11,3.400953799914351e-11,3.400953802837332e-11,3.400953797541658e-11,3.400953800723752e-11,3.4009537934263794e-11,3.400953795431474e-11,3.4009538018175516e-11,3.4009538053730537e-11,3.4009537953491724e-11,3.400953801127138e-11,3.400953796706455e-11,3.4009537829732554e-11,4.474243841293088e-15,3.400953911654566e-11,3.400953796706455e-11,2.25379837558241e-18,6.776060648878426e-08,4.720426357914897e-15,3.40095379748853e-11
2.14402618753394e-06,3.262598326881981e-11,3.262598329520233e-11,3.2625983119848767e-11,3.26259832517763e-11,3.262598326637569e-11,3.262598327145395e-11,3.2625983284491255e-11,3.262598326530819e-11,6.500400929333569e-08,3.262598328158751e-11,3.262598329687686e-11,3.262598329014047e-11,3.98149062761918e-18,9.958639622436629e-08,3.2625984593467067e-11,3.262598325105298e-11,3.4357440766499563e-18,3.2625983124952885e-11,3.2625983121663834e-11,3.2625983299137974e-11,3.262598328026057e-11,3.262598328158751e-11,3.26259842638245e-11,3.262598326821174e-11,3.262598328724726e-11,3.2625983295634134e-11,3.2625983278081956e-11,3.262598327783533e-11,3.262598326831156e-11,3.2625983122670144e-11,3.2625983117784706e-11,3.2625983290767236e-11,3.262598326821174e-11,3.2625983278640555e-11,3.262598328724726e-11,3.2625983266895423e-11,3.2625983267656313e-11,3.2625983296799386e-11,3.26259832642989e-11,3.2625983128516e-11,2.502368966924744e-18,3.2625983285005916e-11,3.2625983267078424e-11,5.175681204165305e-18,3.2625983112233264e-11,3.262598444691241e-11,3.26259832955039e-11,3.262598327980603e-11,3.26259832642989e-11,3.2625983281046306e-11,3.262598328754034e-11,3.262598327496354e-11,3.262598326831156e-11,3.262598329749906e-11,3.2625983266734996e-11,3.262598327943516e-11,3.262598328165237e-11,3.2625983289919776e-11,3.262598327783533e-11,3.2625983296799386e-11,3.262598328765318e-11,3.262598328745447e-11,3.262598327119765e-11,3.2625983267656313e-11,3.2625983120277175e-11,1.4021750990838096e-18,3.262598450250326e-11,3.262598327883865e-11,1.4483912346613157e-18,3.262598395601281e-11,4.5239279486761515e-15,3.262598325965453e-11
1.0000078966143773,1.0000080513929748,1.0000080513929717,1.0000080471217552,1.0000080513929717,1.0000080513929723,1.0000080513929719,1.0000080513929726,1.0000080513929717,1.000008041829657,1.0000080513929726,1.0000080513929717,1.0000080513929717,6.776060741962098e-08,3.2625984593467067e-11,1.0000081975223793,1.0000080513929717,3.342972506359162e-11,1.0000080471217556,1.000008047121755,1.000008051392971,1.0000080513929726,1.000008051392973,1.0000080837945122,1.0000080513929717,1.0000080513929726,1.0000080513929726,1.0000080513929726,1.0000080513929732,1.0000080513929723,1.0000080471217552,1.0000080471217543,1.0000080513929717,1.0000080513929723,1.0000080513929717,1.0000080513929723,1.000008051392971,1.0000080513929726,1.0000080513929714,1.0000080513929723,1.0000080471217556,3.2754458727902924e-11,1.0000080513929723,1.0000080513929726,3.818877551439779e-11,1.000008047121755,1.000008083794513,1.0000080513929717,1.0000080513929719,1.0000080513929723,1.0000080513929726,1.0000080513929719,1.0000080513929726,1.0000080513929723,1.0000080513929723,1.0000080513929726,1.0000080513929726,1.0000080513929726,1.0000080513929719,1.0000080513929723,1.0000080513929723,1.000008051392973,1.0000080513929728,1.0000080513929717,1.0000080513929726,1.000008047121754,3.346657844387466e-11,1.000008083590025,1.0000080513929717,3.3254625683010485e-11,1.000008084436748,7.032276397669651e-08,1.0000080513929717
1.0000078500712914,1.00000800484979,1.0000080048497875,1.00000800057857,1.0000080048497877,1.000008004849788,1.0000080048497875,1.0000080048497881,1.0000080048497875,1.0000079952864729,1.0000080048497881,1.0000080048497866,1.0000080048497875,3.4009537986800684e-11,3.262598325105298e-11,1.0000080513929717,1.000008104435996,3.342972334653498e-11,1.000008000578571,1.0000080005785708,1.0000080048497875,1.0000080048497881,1.0000080048497886,1.0000080372513243,1.0000080048497877,1.000008004849788,1.000008004849788,1.0000080048497877,1.0000080048497877,1.0000080048497881,1.000008000578571,1.0000080005785703,1.0000080048497866,1.000008004849788,1.0000080048497866,1.000008004849788,1.0000080048497872,1.0000080048497884,1.0000080048497877,1.000008004849788,1.0000080005785725,3.275445716204975e-11,1.000008004849788,1.0000080048497875,3.8188773600268455e-11,1.00000800057857,1.0000080372513263,1.0000080048497875,1.0000080048497875,1.000008004849787,1.0000080048497884,1.0000080048497866,1.0000080048497888,1.000008004849788,1.000008004849788,1.0000080048497884,1.0000080048497881,1.0000080048497888,1.0000080048497875,1.0000080048497884,1.0000080048497875,1.0000080048497886,1.0000080048497886,1.0000080048497875,1.0000080048497884,1.0000080005785705,3.3466576593001254e-11,1.0000080370468392,1.000008004849788,3.3254624157826955e-11,1.0000080378935607,3.529550290134314e-11,1.0000080048497875
2.1456275614283774e-06,3.342972334555784e-11,3.342972334675336e-11,3.34297232206276e-11,3.342972334481446e-11,3.3429723347232956e-11,3.342972334756039e-11,3.3429723351328037e-11,3.342972333892237e-11,6.660538091614511e-08,3.3429723340031425e-11,3.342972334619643e-11,3.342972334488891e-11,4.468670219000114e-15,3.4357440766499563e-18,3.342972506359162e-11,3.342972334653498e-11,9.958640015647021e-08,3.342972305148714e-11,3.3429723225814895e-11,3.3429723347232956e-11,3.34297233446333e-11,3.3429723347960513e-11,3.3429724528751164e-11,3.3429723348591626e-11,3.3429723347440533e-11,3.342972334304344e-11,3.3429723342841564e-11,3.3429723343764194e-11,3.342972334577849e-11,3.342972310704825e-11,3.3429723222921423e-11,3.342972333835199e-11,3.342972334627168e-11,3.342972333930856e-11,3.342972334728483e-11,3.342972334750718e-11,3.342972334763765e-11,3.3429723346425e-11,3.342972334782695e-11,3.342972311079133e-11,2.3153773209917225e-18,3.342972334800775e-11,3.3429723343805876e-11,2.9231093180449438e-18,3.3429723281274266e-11,3.342972421044737e-11,3.342972334777154e-11,3.342972334652116e-11,3.342972334286682e-11,3.342972334555333e-11,3.342972334582232e-11,3.342972334627261e-11,3.3429723343682813e-11,3.342972334541334e-11,3.342972334327384e-11,3.342972334577899e-11,3.3429723347760814e-11,3.342972334562888e-11,3.3429723344794945e-11,3.342972334724675e-11,3.34297233455897e-11,3.342972334720812e-11,3.342972334251706e-11,3.342972334485816e-11,3.342972322120166e-11,4.397218926941467e-15,6.660538374841312e-08,3.3429723345455216e-11,3.605069368400828e-18,3.342972530472828e-11,4.639189742760391e-15,3.3429723338237025e-11
1.0000078458000805,1.0000080005785745,1.0000080005785714,1.000007996307354,1.000008000578571,1.0000080005785714,1.0000080005785714,1.000008000578571,1.0000080005785705,1.000007991015255,1.0000080005785712,1.000008000578571,1.0000080005785705,3.400953783024224e-11,3.2625983124952885e-11,1.0000080471217556,1.000008000578571,3.342972305148714e-11,1.0000080958935722,1.000007996307354,1.000008000578571,1.0000080005785723,1.0000080005785716,1.0000080329801093,1.000008000578571,1.0000080005785714,1.0000080005785714,1.0000080005785725,1.0000080005785725,1.0000080005785719,1.0000079963073536,1.000007996307354,1.000008000578571,1.0000080005785714,1.000008000578571,1.0000080005785714,1.0000080005785716,1.0000080005785719,1.000008000578571,1.0000080005785714,1.000007996307355,3.275445705237798e-11,1.0000080005785714,1.0000080005785712,7.608731310630292e-08,1.0000079963073545,1.000008032980109,1.0000080005785705,1.0000080005785714,1.0000080005785719,1.0000080005785714,1.000008000578571,1.0000080005785719,1.0000080005785714,1.0000080005785719,1.0000080005785714,1.0000080005785723,1.0000080005785719,1.0000080005785714,1.0000080005785714,1.0000080005785723,1.0000080005785714,1.0000080005785723,1.0000080005785705,1.0000080005785719,1.0000079963073534,3.346657644982137e-11,1.0000080327756213,1.0000080005785723,3.325462398344319e-11,1.0000080336223474,3.529550273239278e-11,1.0000080005785705
1.0000078458000836,1.0000080005785739,1.0000080005785712,1.0000079963073534,1.0000080005785708,1.0000080005785712,1.00000800057857,1.000008000578571,1.0000080005785703,1.0000079910152544,1.0000080005785714,1.0000080005785696,1.0000080005785696,3.400953783089382e-11,3.2625983121663834e-11,1.000008047121755,1.0000080005785708,3.3429723225814895e-11,1.000007996307354,1.0000080958935793,1.0000080005785696,1.0000080005785705,1.0000080005785723,1.0000080329801087,1.00000800057857,1.00000800057857,1.00000800057857,1.0000080005785716,1.0000080005785714,1.000008000578571,1.0000079963073527,1.0000079963073527,1.0000080005785708,1.0000080005785712,1.0000080005785696,1.00000800057857,1.0000080005785705,1.0000080005785714,1.0000080005785708,1.0000080005785712,1.0000079963073547,3.275445705269003e-11,1.0000080005785712,1.0000080005785708,7.608731310630282e-08,1.0000079963073536,1.0000080329801089,1.0000080005785705,1.0000080005785696,1.0000080005785712,1.0000080005785705,1.0000080005785708,1.0000080005785714,1.000008000578571,1.000008000578571,1.0000080005785714,1.0000080005785712,1.0000080005785714,1.00000800057857,1.0000080005785714,1.0000080005785708,1.0000080005785714,1.0000080005785714,1.00000800057857,1.0000080005785705,1.0000079963073525,3.3466576453192776e-11,1.0000080327756213,1.00000800057857,3.3254624049656384e-11,1.0000080336223465,3.5295502707343014e-11,1.0000080005785696
1.0000078500712941,1.0000080048497901,1.0000080048497877,1.0000080005785696,1.0000080048497875,1.0000080048497884,1.0000080048497875,1.000008004849788,1.0000080048497875,1.0000079952864724,1.0000080048497884,1.0000080048497868,1.0000080048497875,3.4009537990783714e-11,3.2625983299137974e-11,1.000008051392971,1.0000080048497875,3.3429723347232956e-11,1.000008000578571,1.0000080005785696,1.0000081044359908,1.000008004849788,1.0000080048497884,1.0000080372513256,1.000008004849787,1.000008004849788,1.000008004849788,1.000008004849788,1.0000080048497877,1.0000080048497872,1.000008000578571,1.0000080005785692,1.0000080048497877,1.0000080048497886,1.000008004849787,1.000008004849788,1.000008004849787,1.0000080048497875,1.0000080048497872,1.0000080048497886,1.0000080005785719,3.2754457200225114e-11,1.000008004849788,1.0000080048497877,3.8188773622343753e-11,1.0000080005785692,1.000008037251326,1.0000080048497866,1.0000080048497864,1.0000080048497875,1.0000080048497875,1.0000080048497875,1.0000080048497875,1.000008004849788,1.0000080048497872,1.000008004849788,1.0000080048497884,1.000008004849787,1.0000080048497875,1.0000080048497881,1.0000080048497868,1.0000080048497884,1.0000080048497881,1.000008004849787,1.0000080048497881,1.0000080005785708,3.3466576624218216e-11,1.0000080370468396,1.0000080048497875,3.325462415112744e-11,1.0000080378935607,3.5295502946822373e-11,1.0000080048497875
1.0000078500712866,1.000008004849791,1.0000080048497892,1.000008000578571,1.0000080048497877,1.000008004849789,1.0000080048497892,1.0000080048497881,1.0000080048497888,1.0000079952864733,1.0000080048497888,1.000008004849788,1.0000080048497886,3.400953797173469e-11,3.262598328026057e-11,1.0000080513929726,1.0000080048497881,3.34297233446333e-11,1.0000080005785723,1.0000080005785705,1.000008004849788,1.000008104436002,1.0000080048497895,1.0000080372513258,1.000008004849787,1.0000080048497888,1.0000080048497888,1.0000080048497895,1.00000800484979,1.0000080048497895,1.000008000578571,1.0000080005785714,1.0000080048497881,1.000008004849789,1.000008004849788,1.0000080048497884,1.000008004849789,1.0000080048497904,1.0000080048497877,1.000008004849789,1.0000080005785725,3.275445722087731e-11,1.0000080048497888,1.0000080048497881,3.818877359439417e-11,1.000008000578571,1.000008037251327,1.0000080048497877,1.0000080048497888,1.000008004849789,1.0000080048497886,1.0000080048497881,1.0000080048497892,1.0000080048497888,1.0000080048497895,1.0000080048497888,1.000008004849789,1.0000080048497892,1.0000080048497892,1.0000080048497888,1.0000080048497881,1.000008004849789,1.00000800484979,1.0000080048497875,1.0000080048497895,1.00000800057857,3.346657658411875e-11,1.0000080370468405,1.000008004849788,3.3254624180075735e-11,1.000008037893562,3.5295502930747404e-11,1.0000080048497886
1.0000078500712866,1.000008004849791,1.0000080048497888,1.0000080005785712,1.000008004849789,1.000008004849789,1.0000080048497888,1.0000080048497884,1.000008004849788,1.0000079952864738,1.0000080048497886,1.0000080048497875,1.000008004849788,3.400953801826615e-11,3.262598328158751e-11,1.000008051392973,1.0000080048497886,3.3429723347960513e-11,1.0000080005785716,1.0000080005785723,1.0000080048497884,1.0000080048497895,1.0000081044360007,1.000008037251326,1.0000080048497888,1.000008004849789,1.000008004849789,1.0000080048497895,1.0000080048497888,1.000008004849789,1.0000080005785723,1.0000080005785703,1.0000080048497886,1.000008004849789,1.0000080048497886,1.0000080048497884,1.0000080048497881,1.0000080048497895,1.000008004849789,1.000008004849789,1.0000080005785725,3.275445717943597e-11,1.0000080048497884,1.0000080048497884,3.818877358180681e-11,1.0000080005785714,1.0000080372513271,1.0000080048497884,1.0000080048497888,1.000008004849788,1.0000080048497886,1.0000080048497886,1.000008004849789,1.000008004849789,1.0000080048497884,1.000008004849789,1.0000080048497892,1.0000080048497892,1.0000080048497888,1.0000080048497895,1.0000080048497886,1.0000080048497888,1.0000080048497901,1.0000080048497888,1.0000080048497892,1.0000080005785714,3.346657662865069e-11,1.00000803704684,1.0000080048497892,3.325462413995643e-11,1.0000080378935616,3.5295502927771266e-11,1.0000080048497875
1.0000078824727654,1.000008037251328,1.000008037251326,1.0000080329801082,1.0000080372513251,1.0000080372513256,1.000008037251326,1.0000080372513251,1.0000080372513254,1.0000080276880092,1.0000080372513251,1.000008037251324,1.0000080372513251,3.4009539180980397e-11,3.26259842638245e-11,1.0000080837945122,1.0000080372513243,3.3429724528751164e-11,1.0000080329801093,1.0000080329801087,1.0000080372513256,1.0000080372513258,1.000008037251326,1.0000081692390834,1.0000080372513251,1.0000080372513254,1.0000080372513254,1.0000080372513263,1.000008037251327,1.0000080372513271,1.0000080329801084,1.0000080329801082,1.0000080372513243,1.0000080372513256,1.000008037251324,1.0000080372513254,1.0000080372513258,1.000008037251327,1.0000080372513251,1.0000080372513256,1.000008032980109,3.275445829571396e-11,1.0000080372513258,1.0000080372513251,3.8188774879112856e-11,1.0000080329801073,1.0000080696528635,1.000008037251326,1.000008037251326,1.000008037251327,1.0000080372513254,1.0000080372513245,1.0000080372513265,1.0000080372513256,1.0000080372513265,1.0000080372513265,1.000008037251327,1.0000080372513263,1.000008037251326,1.0000080372513263,1.000008037251325,1.000008037251326,1.000008037251327,1.0000080372513251,1.000008037251326,1.000008032980107,3.346657715081854e-11,1.0000080694483768,1.0000080372513256,3.3254625219339156e-11,1.0000080702951,7.032276296437135e-08,1.0000080372513251
1.0000078500712943,1.0000080048497904,1.0000080048497881,1.0000080005785705,1.0000080048497868,1.0000080048497881,1.0000080048497884,1.000008004849788,1.000008004849788,1.0000079952864724,1.0000080048497884,1.000008004849787,1.0000080048497881,3.4009537980902105e-11,3.262598326821174e-11,1.0000080513929717,1.0000080048497877,3.3429723348591626e-11,1.000008000578571,1.00000800057857,1.000008004849787,1.000008004849787,1.0000080048497888,1.0000080372513251,1.0000081044360003,1.000008004849788,1.000008004849788,1.0000080048497892,1.0000080048497886,1.0000080048497888,1.0000080005785705,1.0000080005785694,1.0000080048497875,1.0000080048497881,1.0000080048497875,1.0000080048497875,1.0000080048497886,1.0000080048497892,1.0000080048497868,1.0000080048497881,1.0000080005785723,3.275445717943597e-11,1.0000080048497875,1.000008004849788,3.818877359745198e-11,1.0000080005785703,1.000008037251327,1.000008004849787,1.000008004849788,1.0000080048497884,1.000008004849788,1.0000080048497877,1.0000080048497884,1.000008004849788,1.0000080048497888,1.000008004849788,1.0000080048497892,1.0000080048497886,1.0000080048497886,1.0000080048497888,1.0000080048497875,1.0000080048497888,1.0000080048497892,1.000008004849788,1.0000080048497892,1.00000800057857,3.3466576602301956e-11,1.0000080370468392,1.0000080048497875,3.325462412824683e-11,1.0000080378935607,3.529550295038313e-11,1.0000080048497861
1.0000078500712943,1.0000080048497904,1.0000080048497884,1.000008000578571,1.0000080048497881,1.0000080048497884,1.0000080048497884,1.0000080048497886,1.000008004849788,1.0000079952864733,1.0000080048497886,1.000008004849788,1.0000080048497875,3.4009538042396237e-11,3.262598328724726e-11,1.0000080513929726,1.000008004849788,3.3429723347440533e-11,1.0000080005785714,1.00000800057857,1.000008004849788,1.0000080048497888,1.000008004849789,1.0000080372513254,1.000008004849788,1.000008104436002,1.0000080048497884,1.0000080048497892,1.000008004849788,1.0000080048497888,1.0000080005785714,1.0000080005785708,1.000008004849788,1.0000080048497884,1.000008004849788,1.0000080048497884,1.0000080048497877,1.0000080048497884,1.0000080048497881,1.0000080048497884,1.0000080005785725,3.2754457124079707e-11,1.0000080048497884,1.0000080048497875,3.8188773606446835e-11,1.0000080005785708,1.0000080372513271,1.0000080048497884,1.0000080048497884,1.000008004849787,1.0000080048497888,1.000008004849788,1.0000080048497892,1.0000080048497884,1.0000080048497888,1.0000080048497888,1.0000080048497892,1.0000080048497886,1.0000080048497884,1.0000080048497892,1.0000080048497884,1.000008004849789,1.0000080048497892,1.0000080048497884,1.0000080048497884,1.000008000578571,3.346657660611177e-11,1.0000080370468398,1.0000080048497881,3.325462412898382e-11,1.00000803789356,3.529550289140805e-11,1.0000080048497875
1.0000078500712943,1.0000080048497904,1.0000080048497884,1.000008000578571,1.0000080048497881,1.0000080048497884,1.0000080048497884,1.0000080048497886,1.000008004849788,1.0000079952864733,1.0000080048497886,1.000008004849788,1.0000080048497875,3.4009538020029434e-11,3.2625983295634134e-11,1.0000080513929726,1.000008004849788,3.342972334304344e-11,1.0000080005785714,1.00000800057857,1.000008004849788,1.0000080048497888,1.000008004849789,1.0000080372513254,1.000008004849788,1.0000080048497884,1.000008104436002,1.0000080048497892,1.000008004849788,1.0000080048497888,1.0000080005785714,1.0000080005785708,1.000008004849788,1.0000080048497884,1.000008004849788,1.0000080048497884,1.0000080048497877,1.0000080048497884,1.0000080048497881,1.0000080048497884,1.0000080005785725,3.275445716320887e-11,1.0000080048497884,1.0000080048497875,3.818877359726498e-11,1.0000080005785708,1.0000080372513271,1.0000080048497884,1.0000080048497884,1.000008004849787,1.0000080048497888,1.000008004849788,1.0000080048497892,1.0000080048497884,1.0000080048497888,1.0000080048497888,1.0000080048497892,1.0000080048497886,1.0000080048497884,1.0000080048497892,1.0000080048497884,1.000008004849789,1.0000080048497892,1.0000080048497884,1.0000080048497886,1.000008000578571,3.346657663667571e-11,1.0000080370468398,1.0000080048497881,3.325462415947764e-11,1.00000803789356,3.529550289140805e-11,1.0000080048497875
1.0000078500712886,1.0000080048497912,1.000008004849789,1.0000080005785719,1.0000080048497892,1.0000080048497886,1.000008004849789,1.000008004849789,1.0000080048497888,1.0000079952864733,1.0000080048497888,1.0000080048497877,1.0000080048497881,3.4009537937117955e-11,3.2625983278081956e-11,1.0000080513929726,1.0000080048497877,3.3429723342841564e-11,1.0000080005785725,1.0000080005785716,1.000008004849788,1.0000080048497895,1.0000080048497895,1.0000080372513263,1.0000080048497892,1.0000080048497892,1.0000080048497892,1.0000081044360025,1.0000080048497892,1.0000080048497895,1.0000080005785714,1.000008000578571,1.0000080048497877,1.0000080048497886,1.0000080048497877,1.0000080048497886,1.0000080048497888,1.0000080048497904,1.0000080048497892,1.0000080048497886,1.0000080005785732,3.2754457172451445e-11,1.0000080048497888,1.0000080048497888,3.818877359709846e-11,1.000008000578571,1.000008037251327,1.0000080048497884,1.000008004849789,1.0000080048497892,1.0000080048497895,1.0000080048497888,1.0000080048497904,1.0000080048497886,1.0000080048497895,1.0000080048497888,1.00000800484979,1.0000080048497901,1.000008004849789,1.0000080048497892,1.0000080048497888,1.0000080048497895,1.00000800484979,1.0000080048497888,1.0000080048497895,1.0000080005785705,3.346657658937202e-11,1.00000803704684,1.000008004849788,3.3254624121548e-11,1.0000080378935623,3.529550290339482e-11,1.0000080048497884
