0.9999999999895349,1.0000000013797605,1.0000000013797572,1.3935397869260773e-09,1.0000000013797576,1.0000000013797594,1.0000000154401982,0.9999999745608226,1.0000000013797592,1.2441897279954023e-09,1.0000000013797583,1.1723042270994558e-09,1.2598729550580494e-09,1.2598729534621277e-09,1.0000000013797574,1.000000001379761,1.000000001379756,1.2598763704021485e-09,1.2441935621381274e-09,1.0000000013797596,1.0000000013797579,1.0000000013797583,1.0000000013797574,1.2178499829907056e-09,1.000000001379757,1.0000000013797536,1.2303026824312502e-09,1.2441887231728865e-09,1.0000000013797605,1.0000000013797594,1.0000000013797583,1.1340612730060653e-09,1.2441897445544367e-09,1.2441888604832672e-09,1.2441897444293637e-09,1.2178465003775306e-09,1.3132976670737824e-09,1.0000000013797596,1.2441897278941734e-09,1.0000000013797528,1.0000000013797563,1.244188860386653e-09,1.2441886487144238e-09,1.304397438130328e-09,1.0000000013797543,1.1340612726977127e-09,1.259872924097958e-09,1.0000000013797583,0.9999999745608269,0.9999998917505326,1.2598741823637858e-09,1.0000000013135246,1.2598742229312188e-09,1.0000000013797579,1.2441869967404624e-09,1.0000000013797556,1.2441869763007598e-09,1.2441897444329772e-09,1.3043992206318206e-09,1.0000000013797596,1.2441887113119215e-09,1.0000000013797594,1.0000000013797585,1.2441897483167563e-09,1.3043974680168106e-09,1.2441885604575498e-09,1.2178499541422724e-09,1.0000000013797592,1.2441936277704168e-09,1.0000000013797563,1.0000000013797563,1.0000000013797574,1.1340600802018512e-09,1.0000000013797574,1.2441897278946879e-09,1.2598742267227188e-09,1.2178465014042983e-09,1.0000000013797548,1.2441888807389417e-09,1.0000000013797565,1.000000001379758,1.1340600803004325e-09,1.0000000013797583,1.2598742254575374e-09,1.2441897278614038e-09,1.1905984677558274e-09,1.0000000013797579,0.999999974560823,0.999999974560823,1.0000000013797594,0.9999999509971168,1.2441886526866907e-09,1.2598729218027672e-09,1.206892309155492e-09,1.2441897280427135e-09,1.2441897279321788e-09
1.0000000013797605,1.0000000110080418,1.0000000140070153,1.4866401152603023e-13,1.000000014007016,1.0000000140070158,1.0000000282008565,0.999999986932768,1.000000014007016,6.4508193440923e-14,1.0000000140070167,1.819135420059821e-14,7.205790792680778e-14,7.205771243887149e-14,1.000000014007015,1.0000000140070169,1.0000000140070147,7.205889915628649e-14,6.450823320927887e-14,1.0000000140070167,1.0000000140070138,1.0000000140070158,1.000000014007015,5.097969340059462e-14,1.0000000140070153,1.000000014007014,5.552490812650767e-14,6.45078619368686e-14,1.0000000140070164,1.000000014007016,1.000000014007015,-4.485538875061265e-15,6.450868198437254e-14,6.450762167207968e-14,6.450827416556046e-14,5.097952723841958e-14,6.926569025923316e-14,1.0000000140070167,6.450760664262535e-14,1.0000000140070138,1.0000000140070144,6.450787528056362e-14,6.450754874865431e-14,6.702706568896605e-14,1.0000000140070133,-4.485351546727065e-15,7.205770264692002e-14,1.0000000140070147,0.9999999869327664,0.9999999033384915,7.205884412893127e-14,1.0000000139404157,7.205829484371514e-14,1.0000000140070155,6.450765957578102e-14,1.0000000140070133,6.450731666507696e-14,6.450795549215178e-14,6.702739348174338e-14,1.0000000140070169,6.450775379409593e-14,1.0000000140070167,1.000000014007015,6.450769725170285e-14,6.702747357837747e-14,6.450760768563888e-14,5.097986205068318e-14,1.000000014007016,6.450820064686383e-14,1.0000000140070158,1.0000000140070162,1.0000000140070147,-4.485403723942936e-15,1.0000000140070138,6.450821561152721e-14,7.205874449860021e-14,5.098019584578194e-14,1.0000000140070142,6.45074918186356e-14,1.0000000140070144,1.000000014007015,-4.485379084992815e-15,1.000000014007015,7.205851618453884e-14,6.450816074747823e-14,2.850061719487696e-14,1.000000014007016,0.9999999869327674,0.9999999869327673,1.0000000140070158,0.9999999631669702,6.450784035930651e-14,7.205803858736315e-14,4.308745795051797e-14,6.450777709710474e-14,6.450830231422715e-14
1.0000000013797572,1.0000000140070153,1.0000000110080343,1.4866410785249418e-13,1.0000000140070124,1.0000000140070124,1.0000000282008534,0.9999999869327635,1.0000000140070133,6.450819404358764e-14,1.000000014007013,1.8191319325529147e-14,7.205791078012609e-14,7.205772646320282e-14,1.0000000140070118,1.000000014007013,1.0000000140070118,7.205887238518943e-14,6.450818078092786e-14,1.0000000140070135,1.0000000140070116,1.0000000140070122,1.0000000140070124,5.097972927210715e-14,1.0000000140070118,1.0000000140070113,5.552490154647899e-14,6.450785345854169e-14,1.0000000140070122,1.0000000140070133,1.000000014007012,-4.4855460771371185e-15,6.450865985632157e-14,6.45076184596672e-14,6.450827965461674e-14,5.097959278589552e-14,6.926561324311502e-14,1.0000000140070138,6.450761460029097e-14,1.0000000140070116,1.000000014007012,6.450785865504648e-14,6.450759326709914e-14,6.70270566696596e-14,1.0000000140070116,-4.48538904580338e-15,7.20576994258466e-14,1.000000014007011,0.9999999869327652,0.9999999033384881,7.205878757259109e-14,1.0000000139404142,7.205830005481426e-14,1.000000014007012,6.450762810382514e-14,1.0000000140070113,6.450735019035983e-14,6.450792443612232e-14,6.702738838804572e-14,1.0000000140070124,6.450772494705912e-14,1.000000014007013,1.0000000140070129,6.450770885860493e-14,6.702738626153726e-14,6.450759294361206e-14,5.097989416057283e-14,1.0000000140070129,6.450819697637899e-14,1.0000000140070116,1.0000000140070122,1.0000000140070113,-4.485366797711077e-15,1.0000000140070104,6.450823948529658e-14,7.205873499562699e-14,5.098020986685903e-14,1.000000014007011,6.450749542066846e-14,1.000000014007012,1.000000014007012,-4.485385519205396e-15,1.0000000140070116,7.205851936639892e-14,6.450814535693769e-14,2.850061672637014e-14,1.0000000140070122,0.9999999869327635,0.9999999869327635,1.0000000140070118,0.9999999631669679,6.45078535090958e-14,7.205806229304253e-14,4.308743749720272e-14,6.450774603080811e-14,6.450831712976815e-14
1.3935397869260773e-09,1.4866401152603023e-13,1.4866410785249418e-13,-2.6166077430760882e-09,1.4866409116820352e-13,1.4866405206632772e-13,1.816854064447474e-13,1.0078129703260771e-13,1.4866400954172775e-13,3.154914928442847e-14,1.4866403396755415e-13,-5.410097691098328e-14,3.7262364883266036e-14,3.726226003254997e-14,1.4866406822821367e-13,1.486640303412054e-13,1.4866407688831844e-13,3.7262256703364774e-14,3.1549057669423995e-14,1.4866403427094455e-13,1.486640254908485e-13,1.4866400954196175e-13,1.4866404170404603e-13,1.1214703592312596e-13,1.4866402068531328e-13,1.4866400954172775e-13,1.0779333681707935e-13,3.154918201051708e-14,1.486640095534853e-13,1.486640254908485e-13,1.4866405838501623e-13,-1.37835135284161e-13,3.154905766908667e-14,3.154916375216965e-14,3.154923730110553e-14,1.1214758119159796e-13,-4.212608497703242e-13,1.4866403267415937e-13,3.154906374244647e-14,1.4866406185174896e-13,1.4866403867792743e-13,3.1549232192678735e-14,3.154916375216965e-14,-3.886702755031651e-13,1.486640583565474e-13,-1.3783485309476303e-13,3.7262181614993244e-14,1.486640254908485e-13,1.0078124581236193e-13,-5.0244387422056855e-14,3.726238930779512e-14,1.4888977723590308e-13,3.726238930778236e-14,1.4866407237731136e-13,3.154922249795046e-14,1.4866404748122767e-13,3.1549149284024406e-14,3.1549063743866217e-14,-3.886702755031651e-13,1.4866401114933128e-13,3.154916375216965e-14,1.4866400954196175e-13,1.486640254908485e-13,3.154917201057813e-14,-3.886702755031651e-13,3.154916856300193e-14,1.1214727566115433e-13,1.486640583565474e-13,3.154905766908667e-14,1.4866405863973384e-13,1.486640444256919e-13,1.4866403267415697e-13,-1.3783480002767352e-13,1.4866400610423442e-13,3.154916856299268e-14,3.7262364883611254e-14,1.1214789164592777e-13,1.486640254908485e-13,3.154912672397598e-14,1.4866405863973212e-13,1.4866404442570047e-13,-1.378348063838981e-13,1.4866399400545677e-13,3.72620784081067e-14,3.154900334343908e-14,-3.152220276168244e-11,1.4866403119908858e-13,1.0078112242897768e-13,1.007811433330956e-13,1.4866402155888144e-13,2.566524893131522e-10,3.154892501692337e-14,3.7262260033697885e-14,6.758302477858408e-14,3.1549147553034697e-14,3.154899846994954e-14
1.0000000013797576,1.000000014007016,1.0000000140070124,1.4866409116820352e-13,1.0000000110080371,1.0000000140070138,1.0000000282008543,0.9999999869327649,1.0000000140070133,6.450821114786594e-14,1.0000000140070135,1.8191343292382365e-14,7.205790780996959e-14,7.205776533199755e-14,1.0000000140070118,1.0000000140070138,1.000000014007012,7.205890688394786e-14,6.45082271886469e-14,1.0000000140070135,1.000000014007012,1.0000000140070124,1.000000014007014,5.097967399481854e-14,1.0000000140070133,1.0000000140070113,5.552494631545705e-14,6.450785345866333e-14,1.0000000140070138,1.0000000140070135,1.0000000140070124,-4.485516229402175e-15,6.450867112268881e-14,6.450760429578015e-14,6.450828083335363e-14,5.097951069251031e-14,6.926564014721486e-14,1.0000000140070135,6.450763244805516e-14,1.000000014007012,1.000000014007012,6.450788480408631e-14,6.450756017323785e-14,6.702704943818187e-14,1.0000000140070113,-4.48539243114886e-15,7.205771490744348e-14,1.0000000140070116,0.9999999869327646,0.9999999033384884,7.205880312786791e-14,1.000000013940414,7.205833620630982e-14,1.0000000140070122,6.45076366766532e-14,1.0000000140070118,6.450735158325309e-14,6.450793470371608e-14,6.702735035340793e-14,1.0000000140070135,6.450770855900358e-14,1.0000000140070135,1.0000000140070124,6.45076998789692e-14,6.702741661527266e-14,6.450758498054489e-14,5.097983612537082e-14,1.000000014007013,6.450821651088567e-14,1.0000000140070127,1.0000000140070129,1.0000000140070113,-4.485399120182059e-15,1.0000000140070118,6.450821847888492e-14,7.205871814308343e-14,5.098018706009015e-14,1.0000000140070116,6.450746680237188e-14,1.000000014007012,1.0000000140070122,-4.4853732776202314e-15,1.0000000140070122,7.205851414342334e-14,6.45081469467564e-14,2.8500631879024026e-14,1.0000000140070124,0.9999999869327647,0.9999999869327647,1.0000000140070135,0.9999999631669682,6.450784035850166e-14,7.2058025581464e-14,4.308741895914691e-14,6.450774509467475e-14,6.450828908489294e-14
1.0000000013797594,1.0000000140070158,1.0000000140070124,1.4866405206632772e-13,1.0000000140070138,1.000000011008037,1.0000000282008557,0.9999999869327663,1.0000000140070138,6.450818935718378e-14,1.000000014007014,1.8191367875305756e-14,7.205790985915821e-14,7.205775510775122e-14,1.0000000140070129,1.0000000140070135,1.000000014007012,7.205887471279671e-14,6.450823377403791e-14,1.0000000140070138,1.0000000140070129,1.0000000140070129,1.0000000140070142,5.097970107030246e-14,1.0000000140070142,1.0000000140070113,5.552493426509136e-14,6.450785312954089e-14,1.0000000140070138,1.000000014007014,1.0000000140070133,-4.485546237916819e-15,6.450865378944797e-14,6.45076068393767e-14,6.4508256401972e-14,5.097949527402108e-14,6.926563508781971e-14,1.0000000140070135,6.450760859878646e-14,1.000000014007012,1.0000000140070129,6.450786756982141e-14,6.450756130349828e-14,6.702709736129374e-14,1.0000000140070118,-4.485350786996149e-15,7.20577032499596e-14,1.0000000140070122,0.9999999869327655,0.999999903338489,7.205880312787408e-14,1.0000000139404148,7.205830141519965e-14,1.0000000140070124,6.450765658935517e-14,1.0000000140070124,6.450732771652895e-14,6.45079148523362e-14,6.702741135811229e-14,1.0000000140070138,6.450774973481549e-14,1.0000000140070135,1.0000000140070135,6.450771671013664e-14,6.702744415635753e-14,6.450761988717389e-14,5.0979895214805645e-14,1.0000000140070138,6.450821814190223e-14,1.0000000140070133,1.000000014007013,1.0000000140070127,-4.4854004727066194e-15,1.000000014007012,6.450821667523644e-14,7.205871731291412e-14,5.0980205624165197e-14,1.0000000140070124,6.450747889431579e-14,1.0000000140070129,1.0000000140070129,-4.4853645379480016e-15,1.0000000140070129,7.205850496084445e-14,6.45081256572661e-14,2.850063409072024e-14,1.0000000140070129,0.9999999869327658,0.9999999869327658,1.0000000140070135,0.9999999631669687,6.450788161196242e-14,7.205802621648875e-14,4.3087484489042303e-14,6.450774141799864e-14,6.450827638841897e-14
1.0000000154401982,1.0000000282008565,1.0000000282008534,1.816854064447474e-13,1.0000000282008543,1.0000000282008557,1.0000000394068747,1.0000000011101753,1.000000028200854,7.181833830200207e-14,1.0000000282008543,1.1984544453925667e-14,8.029305958655069e-14,8.029288724097269e-14,1.000000028200854,1.000000028200856,1.0000000282008532,8.029398450710288e-14,7.181841550866806e-14,1.0000000282008557,1.0000000282008539,1.0000000282008548,1.0000000282008548,7.136379077611159e-14,1.0000000282008554,1.0000000282008528,7.527031423160403e-14,7.181807103797352e-14,1.0000000282008548,1.0000000282008543,1.0000000282008548,-2.4101303031962522e-14,7.181888550178225e-14,7.181779086541631e-14,7.181846370071727e-14,7.136358819410987e-14,4.003389641693003e-15,1.0000000282008557,7.181780384899936e-14,1.000000028200853,1.0000000282008539,7.181802053578127e-14,7.181770795672448e-14,6.983501644428124e-15,1.0000000282008525,-2.4101125030106178e-14,8.029282058273444e-14,1.0000000282008543,1.0000000011101755,0.9999999174641454,8.029393745233644e-14,1.0000000281343269,8.029342554684391e-14,1.0000000282008548,7.18179072302537e-14,1.0000000282008537,7.181754656743672e-14,7.181812430310751e-14,6.9837995957406486e-15,1.0000000282008557,7.181796707400256e-14,1.0000000282008557,1.000000028200853,7.181786548529458e-14,6.984071172683057e-15,7.181777933492662e-14,7.136398144032044e-14,1.000000028200854,7.181841630200729e-14,1.000000028200854,1.0000000282008537,1.000000028200854,-2.4101141860416508e-14,1.000000028200854,7.181833612214162e-14,8.029390770213674e-14,7.1364304406543e-14,1.0000000282008539,7.181770096619912e-14,1.0000000282008539,1.0000000282008548,-2.4101097143346305e-14,1.0000000282008548,8.02936243860477e-14,7.181838897201751e-14,5.684110196682651e-11,1.0000000282008548,1.0000000011101744,1.0000000011101744,1.0000000282008557,0.99999997735237,7.181805269211903e-14,8.029322144992173e-14,5.634063915987125e-14,7.181795124940278e-14,7.181847829871238e-14
0.9999999745608226,0.999999986932768,0.9999999869327635,1.0078129703260771e-13,0.9999999869327649,0.9999999869327663,1.0000000011101753,0.9999999568840087,0.9999999869327649,5.3142388616936244e-14,0.9999999869327652,5.1689130327643933e-11,5.93757169760998e-14,5.937553714066365e-14,0.9999999869327642,0.9999999869327658,0.999999986932764,5.937667048894565e-14,5.314244105673242e-14,0.9999999869327663,0.9999999869327642,0.9999999869327645,0.9999999869327659,4.1877806246549714e-11,0.9999999869327647,0.9999999869327619,5.269941140982446e-11,5.3142043451244334e-14,0.9999999869327649,0.9999999869327652,0.9999999869327645,4.4386603677538837e-11,5.314284888536868e-14,5.314178290933935e-14,5.314245251504071e-14,4.1877451899320046e-11,1.6089943057742532e-13,0.9999999869327665,5.3141831539744267e-14,0.9999999869327635,0.9999999869327652,5.314207499556801e-14,5.314183370671778e-14,1.5125609413848696e-13,0.999999986932764,4.438697658170073e-11,5.937551042688817e-14,0.999999986932764,0.9999999598829848,0.9999998763656982,5.93766221970332e-14,0.999999986866067,5.937611858459403e-14,0.9999999869327649,5.314189090285872e-14,0.9999999869327637,5.314155292897823e-14,5.3142108613629074e-14,1.512564361145281e-13,0.9999999869327663,5.3141944532790065e-14,0.9999999869327646,0.999999986932765,5.314195712538121e-14,1.5125647292948162e-13,5.3141818443047454e-14,4.187813889245474e-11,0.9999999869327647,5.314241796979561e-14,0.999999986932765,0.9999999869327652,0.9999999869327642,4.438693851091805e-11,0.999999986932764,5.314243802428177e-14,5.937655757356711e-14,4.187882277970708e-11,0.999999986932763,5.314165480642122e-14,0.9999999869327652,0.9999999869327643,4.438701589148295e-11,0.9999999869327643,5.937628622952743e-14,5.314231697105669e-14,5.4615950180892324e-11,0.9999999869327647,0.9999999598829832,0.9999999598829834,0.9999999869327658,0.999999936106798,5.314202951789221e-14,5.937586123460105e-14,4.630217306173542e-11,5.314198144274759e-14,5.314248012202388e-14
1.0000000013797592,1.000000014007016,1.0000000140070133,1.4866400954172775e-13,1.0000000140070133,1.0000000140070138,1.000000028200854,0.9999999869327649,1.000000011008037,6.450817042984961e-14,1.0000000140070135,1.8191354662313472e-14,7.205793912689718e-14,7.205775864196934e-14,1.000000014007012,1.0000000140070147,1.000000014007012,7.205893829069382e-14,6.450823054100025e-14,1.0000000140070138,1.000000014007012,1.0000000140070133,1.000000014007014,5.09796462641734e-14,1.0000000140070133,1.0000000140070116,5.5524899155448034e-14,6.450780454346522e-14,1.0000000140070135,1.0000000140070135,1.0000000140070133,-4.4855437175974815e-15,6.450865153293228e-14,6.450758137888663e-14,6.450828013771293e-14,5.0979560945872206e-14,6.926571658240461e-14,1.0000000140070147,6.450762184504012e-14,1.000000014007012,1.000000014007013,6.450786099242312e-14,6.450757791771908e-14,6.702706564763554e-14,1.0000000140070122,-4.485384022938811e-15,7.20577032499596e-14,1.0000000140070129,0.9999999869327655,0.9999999033384894,7.205880312787408e-14,1.0000000139404142,7.205830869945544e-14,1.0000000140070124,6.450765886617345e-14,1.0000000140070124,6.450732771652895e-14,6.450792947719034e-14,6.702740368183418e-14,1.000000014007014,6.450770855891827e-14,1.000000014007014,1.0000000140070127,6.450770406451855e-14,6.702747844414821e-14,6.450760317011142e-14,5.0979823514594865e-14,1.0000000140070138,6.450821219382657e-14,1.0000000140070127,1.0000000140070135,1.0000000140070118,-4.485382707818479e-15,1.0000000140070124,6.450823994924486e-14,7.2058718145033e-14,5.098021433545213e-14,1.0000000140070129,6.4507501821316e-14,1.0000000140070129,1.0000000140070133,-4.485380231432012e-15,1.0000000140070129,7.205850389638298e-14,6.45081248442132e-14,2.85005939847799e-14,1.0000000140070135,0.9999999869327647,0.999999986932764,1.0000000140070135,0.9999999631669682,6.450787180668533e-14,7.205802003828533e-14,4.308744197370952e-14,6.450776765540239e-14,6.450827638841897e-14
1.2441897279954023e-09,6.4508193440923e-14,6.450819404358764e-14,3.154914928442847e-14,6.450821114786594e-14,6.450818935718378e-14,7.181833830200207e-14,5.3142388616936244e-14,6.450817042984961e-14,-2.9914027379690615e-09,6.450816238960573e-14,-1.1168290382750431e-14,4.773882957716864e-15,4.7738849695244006e-15,6.450819169850433e-14,6.450817607172907e-14,6.450817910591558e-14,4.773876858309893e-15,7.571634505333784e-12,6.450816608272053e-14,6.450816187103137e-14,6.450817691833429e-14,6.450819167077062e-14,1.7579743466703265e-14,6.450814471186626e-14,6.450818916534942e-14,1.678505696943695e-14,7.571634505340387e-12,6.450818485787002e-14,6.450819167076926e-14,6.450817687471193e-14,-5.104254059689284e-11,7.571634505335224e-12,7.571634505349514e-12,7.57163450534447e-12,1.7579787861424026e-14,-7.454552666784191e-14,6.450816737196748e-14,7.57163450534001e-12,6.450817778966453e-14,6.450817455784049e-14,7.571634505319635e-12,7.571634505340352e-12,-6.890491724381442e-14,6.450818838251167e-14,-5.104254059689032e-11,4.7739073789589765e-15,6.450819283476189e-14,5.31423598831658e-14,3.5001183125385556e-11,4.773845727644214e-15,6.454039395976485e-14,4.773902090169716e-15,6.450816608272053e-14,7.571634505344e-12,6.450816608272053e-14,7.571634505341612e-12,7.571634505336483e-12,-6.890492459179518e-14,6.450816912508314e-14,7.57163450533362e-12,6.45081487891e-14,6.450819404410124e-14,7.571634505324422e-12,-6.890497739031591e-14,7.571634505321739e-12,1.757979501028208e-14,6.450818808373688e-14,7.571634505348415e-12,6.450816932754194e-14,6.450816737196748e-14,6.450819167076926e-14,-5.104254059690543e-11,6.450816912496631e-14,7.571634505340791e-12,4.7738741673120484e-15,1.7579766012268738e-14,6.450816912496631e-14,7.571634505319118e-12,6.450817513342167e-14,6.450817691833429e-14,-5.10425405969061e-11,6.450819057703931e-14,4.77390452134924e-15,7.571634505339489e-12,-9.135401667037969e-12,6.450816608272053e-14,5.314238657036636e-14,5.314237751862402e-14,6.450819283476189e-14,1.104834712587741e-10,7.57163450533249e-12,4.7739059927422835e-15,9.889705303807688e-15,7.571634505330361e-12,7.57163450533693e-12
1.0000000013797583,1.0000000140070167,1.000000014007013,1.4866403396755415e-13,1.0000000140070135,1.000000014007014,1.0000000282008543,0.9999999869327652,1.0000000140070135,6.450816238960573e-14,1.000000011008037,1.8191358104542385e-14,7.205788537129134e-14,7.205771252305359e-14,1.0000000140070118,1.0000000140070147,1.000000014007012,7.205888952255487e-14,6.45082350773324e-14,1.0000000140070147,1.000000014007012,1.0000000140070133,1.0000000140070142,5.097971309149392e-14,1.000000014007013,1.000000014007012,5.5524920154030397e-14,6.450785975108016e-14,1.0000000140070138,1.0000000140070147,1.0000000140070133,-4.485547033193741e-15,6.450865128204806e-14,6.45076068393767e-14,6.450828394716528e-14,5.09795099919366e-14,6.926569527565802e-14,1.000000014007014,6.450764015680465e-14,1.000000014007012,1.000000014007014,6.450784619656251e-14,6.450759569258738e-14,6.702706426554205e-14,1.0000000140070122,-4.485389767771891e-15,7.205767521714154e-14,1.0000000140070129,0.9999999869327655,0.9999999033384894,7.205880312787408e-14,1.0000000139404155,7.205829621653747e-14,1.0000000140070127,6.450767143235712e-14,1.0000000140070124,6.45073105539108e-14,6.45079240729845e-14,6.70274137581976e-14,1.000000014007014,6.450772645597097e-14,1.000000014007014,1.0000000140070124,6.450770406451855e-14,6.702742093184595e-14,6.450762233141422e-14,5.097983064244046e-14,1.0000000140070138,6.450821219382692e-14,1.0000000140070142,1.000000014007014,1.0000000140070118,-4.485372847864297e-15,1.0000000140070129,6.450824860960339e-14,7.205872067258628e-14,5.098021594562039e-14,1.0000000140070127,6.450752142214954e-14,1.000000014007014,1.000000014007013,-4.48540243714461e-15,1.0000000140070129,7.205849638913546e-14,6.450813156804899e-14,2.850059546992072e-14,1.0000000140070135,0.9999999869327647,0.9999999869327649,1.000000014007014,0.9999999631669685,6.450784484289403e-14,7.20580256181856e-14,4.308742838713325e-14,6.450775211424821e-14,6.450829388989294e-14
1.1723042270994558e-09,1.819135420059821e-14,1.8191319325529147e-14,-5.410097691098328e-14,1.8191343292382365e-14,1.8191367875305756e-14,1.1984544453925667e-14,5.1689130327643933e-11,1.8191354662313472e-14,-1.1168290382750431e-14,1.8191358104542385e-14,-2.9760131617596158e-09,-2.5365113589358627e-11,-2.5365113589367316e-11,1.8191351903016234e-14,1.8191378291020883e-14,1.8191372511596314e-14,-2.5365113589348646e-11,-1.1168332314723878e-14,1.8191354662313472e-14,1.8191330869238204e-14,1.8191351903016234e-14,1.819137246688459e-14,-6.570292294119405e-11,1.819137140746143e-14,1.8191363828234253e-14,-6.351819386648847e-11,-1.1168346290470807e-14,1.8191317085729284e-14,1.8191323457296445e-14,1.8191337184910314e-14,6.769253894440025e-11,-1.1168260971166552e-14,-1.1168291806998534e-14,-1.1168351666463838e-14,-6.570292294115669e-11,2.1935209650502214e-10,1.8191317433704968e-14,-1.116827503171794e-14,1.81913606029218e-14,1.8191358103118564e-14,-1.1168292777375298e-14,-1.1168312127589942e-14,2.019689244370652e-10,1.819137140746143e-14,6.769253894440246e-11,-2.5365113589344614e-11,1.8191351581550877e-14,5.1689130327691406e-11,1.0117679003848175e-10,-2.5365113589341848e-11,1.8122136933117822e-14,-2.5365113589355377e-11,1.8191358103118564e-14,-1.1168285567655222e-14,1.8191363828234253e-14,-1.1168274423454556e-14,-1.1168346399621871e-14,2.0196892443705344e-10,1.819134354474751e-14,-1.1168291806998534e-14,1.8191351782147395e-14,1.8191330869238204e-14,-1.1168351225209134e-14,2.0196892443705939e-10,-1.1168257467641761e-14,-6.570292294118373e-11,1.8191351782147395e-14,-1.1168315350078523e-14,1.819138770170095e-14,1.8191351782147395e-14,1.8191362876471062e-14,6.769253894438792e-11,1.8191358103118564e-14,-1.1168373405452576e-14,-2.5365113589348924e-11,-6.570292294116359e-11,1.8191358104542385e-14,-1.1168275633745968e-14,1.8191358104542385e-14,1.8191351782147395e-14,6.769253894438614e-11,1.819136826606647e-14,-2.5365113589355267e-11,-1.1168312127595682e-14,2.374920581057173e-12,1.8191358104542385e-14,5.168913032762905e-11,5.1689130327625735e-11,1.8191363828234253e-14,2.8415305947442338e-11,-1.1168290786491808e-14,-2.536511358934586e-11,-4.19295754733089e-11,-1.1168275633745968e-14,-1.1168373405452576e-14
1.2598729550580494e-09,7.205790792680778e-14,7.205791078012609e-14,3.7262364883266036e-14,7.205790780996959e-14,7.205790985915821e-14,8.029305958655069e-14,5.93757169760998e-14,7.205793912689718e-14,4.773882957716864e-15,7.205788537129134e-14,-2.5365113589358627e-11,-2.9871715355871874e-09,1.1804785094871054e-11,7.20579340019449e-14,7.205788187501071e-14,7.205789521843147e-14,1.1804785094888481e-11,4.773887224651458e-15,7.20579232482516e-14,7.20579232482516e-14,7.205790631163155e-14,7.205791162613069e-14,2.094004024739637e-14,7.205788832119738e-14,7.205791580350348e-14,2.0017748770818e-14,4.773957532745181e-15,7.20579394299324e-14,7.205792960761949e-14,7.205790077282264e-14,-5.90669962869146e-11,4.77389265273792e-15,4.773875304213907e-15,4.773884054040615e-15,2.0940110033499385e-14,-8.694985512946536e-14,7.205793990172754e-14,4.773875304214195e-15,7.205788537129134e-14,7.205790792660477e-14,4.773874167312016e-15,4.7739073789589765e-15,-8.034601433393328e-14,7.205790792660477e-14,-5.906699628691235e-11,1.1804785094893202e-11,7.205790774408163e-14,5.937571225254299e-14,3.913534172101983e-11,1.1804785094894609e-11,7.209683934402657e-14,1.1804785094885134e-11,7.205792019440844e-14,4.773872431805296e-15,7.205790792660477e-14,4.773902090169761e-15,4.773957532745181e-15,-8.0346210126823e-14,7.205790077286958e-14,4.773874085954181e-15,7.205791315349832e-14,7.205792960761949e-14,4.7738849695244006e-15,-8.034610412280626e-14,4.773874167312016e-15,2.094009886725827e-14,7.20579036598036e-14,4.7738754099724374e-15,7.205790076947527e-14,7.205791315354251e-14,7.205789551003506e-14,-5.906699628692738e-11,7.205793990469307e-14,4.7738849695244006e-15,1.1804785094887481e-11,2.094006401536026e-14,7.205793990469307e-14,4.7739073789589765e-15,7.20578949588019e-14,7.205791135413045e-14,-5.906699628692842e-11,7.205791315354251e-14,1.1804785094881143e-11,4.773864989257872e-15,-9.9673028008436e-12,7.205791290984116e-14,5.937570722069593e-14,5.937572452654875e-14,7.205789551003506e-14,1.247225422395857e-10,4.773904057936975e-15,1.1804785094890307e-11,1.1933954088483654e-14,4.773874076081215e-15,4.773845727644214e-15
1.2598729534621277e-09,7.205771243887149e-14,7.205772646320282e-14,3.726226003254997e-14,7.205776533199755e-14,7.205775510775122e-14,8.029288724097269e-14,5.937553714066365e-14,7.205775864196934e-14,4.7738849695244006e-15,7.205771252305359e-14,-2.5365113589367316e-11,1.1804785094871054e-11,-2.9871715355871874e-09,7.205775184180614e-14,7.205773107137686e-14,7.205773674747614e-14,1.1804785094881222e-11,4.773868935061875e-15,7.205771252305359e-14,7.205774236261852e-14,7.20577226061807e-14,7.205771793087231e-14,2.0940106101196746e-14,7.205772068625217e-14,7.205771252313719e-14,2.001777327820231e-14,4.773866414414488e-15,7.205771252879608e-14,7.205775087327561e-14,7.205772261038521e-14,-5.906699628692407e-11,4.773874085941805e-15,4.773874167313713e-15,4.773876858309893e-15,2.0940040247393182e-14,-8.694983084709216e-14,7.205771252305359e-14,4.773885256215621e-15,7.205772896176344e-14,7.205771252305359e-14,4.7738849695244006e-15,4.773901075782447e-15,-8.034615113612027e-14,7.20577653319304e-14,-5.906699628692178e-11,1.1804785094885916e-11,7.205772905994607e-14,5.937554502124189e-14,3.913499855303267e-11,1.1804785094887396e-11,7.209662926026273e-14,1.1804785094877883e-11,7.205772905988987e-14,4.773874076090193e-15,7.20577533779487e-14,4.773887224651458e-15,4.773918640489733e-15,-8.034617616605494e-14,7.205774717099226e-14,4.773868935217451e-15,7.205774717100597e-14,7.205773841096004e-14,4.773890741461907e-15,-8.034617616605494e-14,4.773902090169716e-15,2.0940106101196746e-14,7.205772068625217e-14,4.773918640489733e-15,7.20577226061807e-14,7.205773285174249e-14,7.205771548748816e-14,-5.906699628693686e-11,7.20577226061807e-14,4.773852529763402e-15,1.1804785094880242e-11,2.0940110033499385e-14,7.205774717092579e-14,4.773902090169716e-15,7.205771243885984e-14,7.205774717092579e-14,-5.906699628693769e-11,7.205772896176377e-14,1.1804785094873964e-11,4.773868935217451e-15,-9.967302800852183e-12,7.20577551077012e-14,5.937555376097344e-14,5.937555286311005e-14,7.205774717100597e-14,1.2472219907158252e-10,4.773887224651458e-15,1.1804785094883106e-11,1.1933971434642479e-14,4.773868935211252e-15,4.773885256215621e-15
1.0000000013797574,1.000000014007015,1.0000000140070118,1.4866406822821367e-13,1.0000000140070118,1.0000000140070129,1.000000028200854,0.9999999869327642,1.000000014007012,6.450819169850433e-14,1.0000000140070118,1.8191351903016234e-14,7.20579340019449e-14,7.205775184180614e-14,1.0000000110080367,1.0000000140070135,1.0000000140070113,7.205887358824484e-14,6.450822850910982e-14,1.0000000140070133,1.0000000140070118,1.000000014007013,1.0000000140070127,5.0979669373286586e-14,1.0000000140070124,1.0000000140070109,5.55249264809949e-14,6.450786015596437e-14,1.0000000140070124,1.0000000140070118,1.0000000140070129,-4.4855453186111904e-15,6.450865378947194e-14,6.450761257373237e-14,6.450828706389351e-14,5.0979528950339865e-14,6.926565082379041e-14,1.0000000140070135,6.450763518269733e-14,1.0000000140070113,1.0000000140070122,6.450787121197821e-14,6.45075617936e-14,6.70270799914507e-14,1.000000014007011,-4.4853912454133196e-15,7.205771236401139e-14,1.0000000140070113,0.999999986932764,0.9999999033384888,7.205877463998914e-14,1.0000000139404137,7.205829488805807e-14,1.0000000140070129,6.450767143225263e-14,1.0000000140070109,6.450732725416892e-14,6.450793010349124e-14,6.702742484004808e-14,1.0000000140070127,6.450772361551741e-14,1.0000000140070129,1.000000014007012,6.450768766608521e-14,6.702746843516701e-14,6.450758497807611e-14,5.097983068175013e-14,1.0000000140070118,6.450821814190223e-14,1.0000000140070124,1.0000000140070135,1.0000000140070113,-4.485372847864297e-15,1.0000000140070113,6.450823580345454e-14,7.20587014158243e-14,5.09802098668508e-14,1.0000000140070109,6.4507501821316e-14,1.0000000140070122,1.0000000140070129,-4.485383708056389e-15,1.0000000140070124,7.205849746818546e-14,6.450815639006381e-14,2.8500584695259745e-14,1.0000000140070124,0.999999986932764,0.9999999869327645,1.0000000140070118,0.9999999631669665,6.450788561805908e-14,7.205802621666041e-14,4.3087428413448556e-14,6.450775136388565e-14,6.450831265665866e-14
1.000000001379761,1.0000000140070169,1.000000014007013,1.486640303412054e-13,1.0000000140070138,1.0000000140070135,1.000000028200856,0.9999999869327658,1.0000000140070147,6.450817607172907e-14,1.0000000140070147,1.8191378291020883e-14,7.205788187501071e-14,7.205773107137686e-14,1.0000000140070135,1.0000000110080374,1.0000000140070129,7.205893079643314e-14,6.450819513693614e-14,1.0000000140070138,1.0000000140070129,1.0000000140070138,1.0000000140070138,5.097969868853177e-14,1.0000000140070142,1.0000000140070113,5.552497377648617e-14,6.450783740520731e-14,1.000000014007015,1.0000000140070138,1.0000000140070138,-4.485574077832043e-15,6.450866672313343e-14,6.450761130383509e-14,6.45082823460553e-14,5.0979543624348956e-14,6.926563067716996e-14,1.0000000140070138,6.450763105329916e-14,1.000000014007012,1.000000014007013,6.450789334756911e-14,6.450756494060137e-14,6.702701783575464e-14,1.0000000140070127,-4.48538989408909e-15,7.205770383099469e-14,1.0000000140070129,0.9999999869327659,0.9999999033384898,7.205883836783283e-14,1.0000000139404153,7.205830141519965e-14,1.0000000140070135,6.450771072983385e-14,1.0000000140070124,6.45073105539108e-14,6.450792367643924e-14,6.702738571177168e-14,1.0000000140070138,6.450775685246001e-14,1.0000000140070135,1.0000000140070138,6.450772001360954e-14,6.702740829208407e-14,6.450764486847829e-14,5.097987843956037e-14,1.0000000140070147,6.450816639620906e-14,1.0000000140070142,1.0000000140070142,1.0000000140070129,-4.485389122044795e-15,1.0000000140070113,6.450823994924486e-14,7.205874402319623e-14,5.098020827711663e-14,1.0000000140070129,6.450747512192095e-14,1.000000014007013,1.0000000140070138,-4.485389613603298e-15,1.0000000140070135,7.20585141451592e-14,6.45081435702153e-14,2.850061111788502e-14,1.0000000140070142,0.9999999869327658,0.9999999869327658,1.0000000140070135,0.9999999631669677,6.450787132444095e-14,7.205804856561949e-14,4.308744161093414e-14,6.450775899519928e-14,6.45083017503089e-14
1.000000001379756,1.0000000140070147,1.0000000140070118,1.4866407688831844e-13,1.000000014007012,1.000000014007012,1.0000000282008532,0.999999986932764,1.000000014007012,6.450817910591558e-14,1.000000014007012,1.8191372511596314e-14,7.205789521843147e-14,7.205773674747614e-14,1.0000000140070113,1.0000000140070129,1.0000000110080358,7.205888187125597e-14,6.450823409730425e-14,1.000000014007013,1.0000000140070113,1.0000000140070124,1.0000000140070122,5.097967756477799e-14,1.0000000140070118,1.0000000140070109,5.55248991554268e-14,6.450785975108016e-14,1.0000000140070118,1.000000014007012,1.0000000140070124,-4.485543426528135e-15,6.45086810159922e-14,6.450761844385426e-14,6.450825555877011e-14,5.097951244232134e-14,6.92656693529593e-14,1.0000000140070129,6.450764015680465e-14,1.0000000140070113,1.0000000140070116,6.450787219978469e-14,6.450755407199514e-14,6.702709736130471e-14,1.0000000140070124,-4.485390225650515e-15,7.205769038504198e-14,1.0000000140070109,0.999999986932764,0.9999999033384883,7.205882288344771e-14,1.000000013940413,7.205830141519965e-14,1.0000000140070122,6.450767524502121e-14,1.0000000140070109,6.450732725416892e-14,6.45079240729845e-14,6.702738645136351e-14,1.000000014007012,6.450772361551741e-14,1.0000000140070122,1.000000014007012,6.450770406451855e-14,6.702742956814611e-14,6.450761988702793e-14,5.0979824805007046e-14,1.000000014007012,6.450822999882174e-14,1.000000014007012,1.0000000140070127,1.0000000140070113,-4.485388125410029e-15,1.0000000140070096,6.450824860960339e-14,7.205875060334438e-14,5.098019933233696e-14,1.0000000140070109,6.450749623526126e-14,1.0000000140070113,1.0000000140070124,-4.485377895730034e-15,1.0000000140070124,7.205849787942945e-14,6.45081256572661e-14,2.850055811502166e-14,1.000000014007012,0.9999999869327635,0.999999986932764,1.0000000140070118,0.9999999631669674,6.450784516918944e-14,7.205802558310639e-14,4.3087484489044014e-14,6.450775211424821e-14,6.450827638647763e-14
1.2598763704021485e-09,7.205889915628649e-14,7.205887238518943e-14,3.7262256703364774e-14,7.205890688394786e-14,7.205887471279671e-14,8.029398450710288e-14,5.937667048894565e-14,7.205893829069382e-14,4.773876858309893e-15,7.205888952255487e-14,-2.5365113589348646e-11,1.1804785094888481e-11,1.1804785094881222e-11,7.205887358824484e-14,7.205893079643314e-14,7.205888187125597e-14,-2.9871715355871874e-09,4.773872155181818e-15,7.205892903457832e-14,7.205890175008e-14,7.205888338747442e-14,7.205888902742124e-14,2.0940089268968957e-14,7.205887273460598e-14,7.20588802299436e-14,2.0017773278156706e-14,4.773887224651458e-15,7.205890240968495e-14,7.205889726831272e-14,7.205889131830887e-14,-5.906699628690591e-11,4.773885256215621e-15,4.773902097750867e-15,4.773957532745181e-15,2.0940043689566543e-14,-8.694985092829208e-14,7.205887449070719e-14,4.773885256215621e-15,7.205888919841788e-14,7.205888918368866e-14,4.773905992743797e-15,4.7739059927422835e-15,-8.034598005140726e-14,7.205888291493109e-14,-5.906699628690323e-11,1.1804785094903413e-11,7.205887772898946e-14,5.937667940298724e-14,3.9137282409743194e-11,1.180478509490473e-11,7.209776957663304e-14,1.1804785094895231e-11,7.205888952255487e-14,4.773887224651458e-15,7.205887449070719e-14,4.773887386919609e-15,4.773902097750867e-15,-8.034598005140726e-14,7.205888023113801e-14,4.773887224651458e-15,7.205892635489256e-14,7.205887768778233e-14,4.773905992743797e-15,-8.034599778428997e-14,4.773902090167804e-15,2.0940106101099846e-14,7.205888209000851e-14,4.773887224651458e-15,7.205887358824484e-14,7.205887449070719e-14,7.205892555312167e-14,-5.906699628691852e-11,7.205893924698671e-14,4.773918456710687e-15,1.1804785094897726e-11,2.0940095628546546e-14,7.205888023113801e-14,4.773905992743797e-15,7.205892635520641e-14,7.205887449070719e-14,-5.906699628691973e-11,7.205888019000221e-14,1.180478509489119e-11,4.773875409972513e-15,-9.967302800832891e-12,7.205886825639698e-14,5.937667732167401e-14,5.937666449159762e-14,7.205888023113801e-14,1.2472448292850778e-10,4.773902090167804e-15,1.1804785094900487e-11,1.193405278355473e-14,4.773874167313681e-15,4.773902090167804e-15
1.2441935621381274e-09,6.450823320927887e-14,6.450818078092786e-14,3.1549057669423995e-14,6.45082271886469e-14,6.450823377403791e-14,7.181841550866806e-14,5.314244105673242e-14,6.450823054100025e-14,7.571634505333784e-12,6.45082350773324e-14,-1.1168332314723878e-14,4.773887224651458e-15,4.773868935061875e-15,6.450822850910982e-14,6.450819513693614e-14,6.450823409730425e-14,4.773872155181818e-15,-2.9914027379690615e-09,6.450824227563272e-14,6.450823318287359e-14,6.450819513693614e-14,6.450820389060458e-14,1.7579794148664137e-14,6.450822850910982e-14,6.450822817731259e-14,1.6785009280454787e-14,7.571634505352874e-12,6.450818507124655e-14,6.450823989577482e-14,6.450822850910913e-14,-5.1042540596879466e-11,7.571634505347716e-12,7.571634505362002e-12,7.571634505357013e-12,1.7579782096837883e-14,-7.454552666784295e-14,6.450823167700609e-14,7.571634505352512e-12,6.450823303148844e-14,6.450822763737179e-14,7.57163450533215e-12,7.571634505352876e-12,-6.89049391942017e-14,6.450822765805077e-14,-5.104254059687725e-11,4.773887224651458e-15,6.450821804985805e-14,5.314240441435672e-14,3.500127985040036e-11,4.7738907415488264e-15,6.454043522168732e-14,4.773874076090193e-15,6.450823090775995e-14,7.571634505356527e-12,6.450823377403791e-14,7.571634505354068e-12,7.57163450534895e-12,-6.890490801890757e-14,6.450820389060458e-14,7.57163450534608e-12,6.450821121767991e-14,6.450823303148844e-14,7.571634505336901e-12,-6.890487866073473e-14,7.571634505334245e-12,1.757978786159105e-14,6.450823605584831e-14,7.571634505360915e-12,6.450824011058339e-14,6.450823409730425e-14,6.45082350773324e-14,-5.104254059689235e-11,6.450819423701752e-14,7.571634505353267e-12,4.7739059927422835e-15,1.757981089671409e-14,6.450824612402923e-14,7.571634505331631e-12,6.450819513693614e-14,6.450823318287359e-14,-5.1042540596892824e-11,6.450819513693614e-14,4.773902090167804e-15,7.571634505351916e-12,-9.1354016670241e-12,6.450819513693614e-14,5.3142456809218875e-14,5.314241179938712e-14,6.450823605584831e-14,1.1048356798375923e-10,7.571634505344914e-12,4.773904327375425e-15,9.889741825913033e-15,7.57163450534286e-12,7.571634505349423e-12
