0.9999999997064152,1.8402571660069362e-06,0.999982260681858,0.9999822606818617,1.8580153096434176e-06,0.9999823628207699,1.840010374666751e-06,0.9999823628207664,0.9999824112755512,0.9999822606818566,1.8447840718545008e-06,0.9999822606818594,0.9999823628207689,0.9999822949537119,0.9999822606818602,0.9999822606818605,0.9999820198771232,0.9999823761037299,0.9999822606818586,0.9999822606818615,1.8316368538786899e-06,1.852808619983554e-06,0.9999822606818582,1.831636851615794e-06,0.9999822693669672,0.9999822606818559,0.9999823628207694,0.9999822606818618,0.9999823628207677,1.8513195321484782e-06,0.9999822606818531,0.9999822606818576,0.9999822606818584,0.9999822606818605,0.9999822606818606,0.9999822606818584,1.8540803078121907e-06,1.8455797787878737e-06,0.9999825879799222,0.9999826032696464,0.9999825312261804,1.8316368538539525e-06,1.8875652221281696e-06,0.9999822606818556,1.8316368541440613e-06,0.9999822625307307,0.999982260681859,0.9999822606818576,1.8476631350584244e-06,0.9999822606818582,0.9999823628207677,1.848335469353198e-06,1.8316368538853637e-06,0.9999822606818588,0.9999822606818561,1.8505221330743496e-06
1.8402571660069362e-06,7.399684340328214e-06,6.341756584041287e-11,6.341756585984461e-11,9.323400911079518e-15,6.341757173165776e-11,3.0701390327791633e-18,6.341757173165776e-11,6.341757372099844e-11,6.341756581472744e-11,1.6891636874277373e-14,6.341756586464521e-11,6.341757168718038e-11,1.2619048113596408e-07,6.341756583560332e-11,6.341756585755403e-11,1.261904493063591e-07,6.34175721586949e-11,6.341756582948066e-11,6.341756589520795e-11,2.7590817501164936e-18,3.2974727382700276e-18,6.341756582219497e-11,2.8485266522011237e-18,6.341756584794752e-11,6.341756584277427e-11,6.341757168425881e-11,6.341756584060438e-11,6.341757163436883e-11,2.4231263049911013e-18,6.341756586414915e-11,6.341756587091175e-11,6.34175659002435e-11,6.341756586415774e-11,6.341756586415774e-11,6.341756582811704e-11,5.27932952823982e-18,2.0258292964497987e-18,6.34175847477232e-11,6.341758618715583e-11,6.341758183733361e-11,2.7283975876546247e-18,4.290500111044677e-18,6.341756582517453e-11,2.941634134508467e-18,6.341756627627153e-11,6.341756590024156e-11,6.341756583642902e-11,1.668747677964613e-14,6.341756584284897e-11,6.341757165505337e-11,4.868200813591861e-18,2.941634134508467e-18,6.341756588033986e-11,6.341756585692291e-11,2.8899711579019116e-18
0.999982260681858,6.341756584041287e-11,0.9999797339675845,0.9999723342837684,7.234191961556895e-11,0.9999724364218227,6.329353850818171e-11,0.9999724364218239,0.9999724848761995,0.9999723342837687,6.569256401046019e-11,0.999972334283768,0.9999724364218239,0.9999723685553334,0.9999723342837677,0.9999723342837677,0.9999720934810516,0.9999724497046807,0.999972334283768,0.9999723342837694,5.908542768613253e-11,6.972530105509494e-11,0.9999723342837687,5.908542800282525e-11,0.9999723429688088,0.9999723342837686,0.9999724364218231,0.9999723342837702,0.9999724364218227,6.897695674837124e-11,0.9999723342837684,0.9999723342837686,0.999972334283769,0.9999723342837696,0.9999723342837694,0.999972334283769,7.036438772708081e-11,6.609244354167627e-11,0.9999726615790974,0.9999726768686907,0.9999726048258344,5.908542805350413e-11,8.719221345430513e-11,0.999972334283768,5.908542782495325e-11,0.9999723361326239,0.9999723342837684,0.9999723342837682,6.713943256822783e-11,0.999972334283769,0.9999724364218237,6.74773188388663e-11,5.908542746990095e-11,0.9999723342837684,0.9999723342837682,6.85762197489535e-11
0.9999822606818617,6.341756585984461e-11,0.9999723342837684,0.9999797339675917,7.234191961355925e-11,0.9999724364218241,6.329353852138558e-11,0.9999724364218247,0.9999724848762015,0.999972334283769,6.569256404432724e-11,0.999972334283769,0.9999724364218244,0.9999723685553359,0.9999723342837699,0.9999723342837699,0.9999720934810539,0.9999724497046817,0.9999723342837694,0.9999723342837706,5.908542766812207e-11,6.972530105860555e-11,0.9999723342837692,5.908542803845484e-11,0.999972342968812,0.999972334283769,0.9999724364218243,0.9999723342837721,0.9999724364218247,6.897695680595786e-11,0.9999723342837702,0.99997233428377,0.9999723342837709,0.9999723342837712,0.9999723342837709,0.9999723342837704,7.036438780930752e-11,6.609244355020903e-11,0.9999726615790986,0.9999726768686926,0.9999726048258358,5.908542805350413e-11,8.719221353453734e-11,0.9999723342837684,5.908542781394206e-11,0.9999723361326261,0.9999723342837702,0.9999723342837699,6.713943258476803e-11,0.9999723342837694,0.9999724364218255,6.747731884144477e-11,5.908542753142716e-11,0.9999723342837687,0.9999723342837687,6.857621972909482e-11
1.8580153096434176e-06,9.323400911079518e-15,7.234191961556895e-11,7.234191961355925e-11,7.39968434942518e-06,7.234192642762449e-11,4.7793727288321525e-18,7.23419264012048e-11,7.234192981339384e-11,7.234191956634781e-11,3.2825434805194832e-18,7.234191954695577e-11,7.234192637279778e-11,7.234192139895096e-11,7.234191954845512e-11,7.234191959675402e-11,1.4394843576255166e-07,1.439484828794464e-07,7.23419195987766e-11,7.234191957543534e-11,4.192013354181383e-18,4.265086390428405e-18,7.234191958722546e-11,3.243981866019365e-18,1.4394846872609942e-07,7.234191960972666e-11,7.234192635556986e-11,7.234191960589865e-11,7.234192643955095e-11,6.819142954837073e-18,7.234191958130621e-11,7.234191958228104e-11,7.234191958428765e-11,7.234191954845512e-11,7.234191961624834e-11,7.23419196541688e-11,9.31252050329637e-18,4.9188943061510824e-18,7.23419415540349e-11,7.23419423734858e-11,7.234193778215374e-11,3.243981866019365e-18,6.147940984678227e-18,7.234191958130737e-11,4.192013354181383e-18,7.234192000119988e-11,7.234191957608347e-11,7.234191958339234e-11,2.69395311970289e-18,7.234191958130621e-11,7.234192641697988e-11,5.335445303201726e-18,4.192013354181383e-18,7.234191957339829e-11,7.234191955416335e-11,5.179938925104045e-18
0.9999823628207699,6.341757173165776e-11,0.9999724364218227,0.9999724364218241,7.234192642762449e-11,0.9999799382437079,6.32935442722722e-11,0.9999725385598917,0.9999725870142715,0.9999724364218231,6.569257006531787e-11,0.9999724364218232,0.9999725385598915,0.9999724706933942,0.9999724364218243,0.9999724364218241,0.9999721956190847,0.9999725518427487,0.9999724364218241,0.9999724364218251,5.908543324289115e-11,6.972530698327805e-11,0.9999724364218241,5.90854335361097e-11,0.9999724451068673,0.9999724364218231,0.9999725385598915,0.9999724364218251,0.9999725385598913,6.897696301385229e-11,0.9999724364218241,0.9999724364218237,0.9999724364218243,0.9999724364218247,0.9999724364218251,0.9999724364218243,7.036439429067405e-11,6.609244922812806e-11,0.9999727637171876,0.9999727790067823,0.9999727069639183,5.908543357290414e-11,1.7349811267854877e-07,0.9999724364218231,5.908543345876144e-11,0.9999724382706816,0.9999724364218243,0.9999724364218237,6.713943881260363e-11,0.9999724364218234,0.9999725385598923,6.747732531344038e-11,5.908543309211856e-11,0.9999724364218237,0.9999724364218227,6.85762261102085e-11
1.840010374666751e-06,3.0701390327791633e-18,6.329353850818171e-11,6.329353852138558e-11,4.7793727288321525e-18,6.32935442722722e-11,7.399684336169822e-06,6.329354428542622e-11,6.329354708566557e-11,6.329353851020483e-11,3.589012268346091e-18,6.329353851450701e-11,6.329354437615939e-11,6.329354056315888e-11,6.329353854051138e-11,6.329353851891374e-11,1.2594365499091274e-07,6.329354504146972e-11,6.329353850881314e-11,6.329353852433525e-11,7.93858728440493e-15,3.475843684319719e-18,6.329353843523356e-11,7.93858741897988e-15,6.329353903186733e-11,6.329353850184007e-11,6.329354433894155e-11,6.329353844416401e-11,6.329354432883889e-11,7.940443882089682e-15,6.329353854591716e-11,6.329353851291944e-11,6.329353844975036e-11,6.329353846658567e-11,6.329353845222207e-11,6.329353853757399e-11,4.67179177073274e-18,5.2772038526310664e-15,6.329355726663492e-11,1.2594372078421658e-07,1.2594371240042452e-07,7.938587590435062e-15,6.173795060452606e-18,6.329353849602371e-11,7.938587424273691e-15,1.259436823501319e-07,6.329353847733784e-11,6.329353851374176e-11,3.603746561187217e-18,6.329353852628536e-11,6.32935444206078e-11,1.0217869070202385e-14,7.938587173496269e-15,6.329353852478831e-11,6.329353847733784e-11,5.808713277954683e-18
0.9999823628207664,6.341757173165776e-11,0.9999724364218239,0.9999724364218247,7.23419264012048e-11,0.9999725385598917,6.329354428542622e-11,0.9999799382437049,0.9999725870142715,0.9999724364218243,6.569257002876261e-11,0.9999724364218243,0.9999725385598929,0.9999724706933955,0.9999724364218255,0.9999724364218253,0.9999721956190847,0.9999725518427494,0.9999724364218244,0.9999724364218255,5.908543326935635e-11,6.972530698327805e-11,0.9999724364218243,5.90854334790439e-11,0.9999724451068686,0.9999724364218232,0.9999725385598925,0.9999724364218257,0.9999725385598923,6.897696301476988e-11,0.9999724364218241,0.9999724364218249,0.9999724364218251,0.9999724364218251,0.9999724364218255,0.9999724364218257,7.0364394301193e-11,6.609244922607748e-11,0.9999727637171889,0.9999727790067818,0.9999727069639193,5.908543357059624e-11,1.7349811267854909e-07,0.9999724364218231,5.908543338027585e-11,0.9999724382706824,0.9999724364218241,0.9999724364218249,6.713943881368948e-11,0.9999724364218241,0.9999725385598929,6.747732528990895e-11,5.908543305931067e-11,0.9999724364218243,0.9999724364218231,6.857622627845593e-11
0.9999824112755512,6.341757372099844e-11,0.9999724848761995,0.9999724848762015,7.234192981339384e-11,0.9999725870142715,6.329354708566557e-11,0.9999725870142715,0.999980035152472,0.9999724848761998,6.569257227538759e-11,0.9999724848761998,0.9999725870142715,0.9999725191477704,0.999972484876201,0.999972484876201,0.9999722440734483,0.9999726002971295,0.9999724848762003,0.999972484876202,5.908543577889983e-11,6.97253108475713e-11,0.9999724848762003,5.908543607203147e-11,0.9999724935612435,0.9999724848761995,0.9999725870142717,0.9999724848762025,0.9999725870142719,6.897696642548671e-11,0.9999724848762017,0.9999724848762007,0.9999724848762013,0.9999724848762023,0.999972484876202,0.999972484876202,7.036439755017624e-11,6.609245271663186e-11,0.9999728121715793,0.9999728274611734,0.9999727554183065,5.908543617466769e-11,8.719222539849943e-11,0.999972484876199,5.908543600259771e-11,0.9999724867250575,0.9999724848762007,0.9999724848762007,1.3359639393955634e-07,0.9999724848761997,0.9999725870142729,6.747732803106216e-11,5.908543555768618e-11,0.9999724848762003,0.9999724848761997,6.85762291725452e-11
0.9999822606818566,6.341756581472744e-11,0.9999723342837687,0.999972334283769,7.234191956634781e-11,0.9999724364218231,6.329353851020483e-11,0.9999724364218243,0.9999724848761998,0.9999797339675939,6.569256405517171e-11,0.9999723342837684,0.9999724364218241,0.9999723685553346,0.999972334283769,0.999972334283769,0.9999720934810521,0.9999724497046815,0.999972334283769,0.99997233428377,5.90854276877755e-11,6.972530105457817e-11,0.999972334283769,5.908542806001296e-11,0.99997234296881,0.9999723342837686,0.9999724364218237,0.9999723342837704,0.9999724364218232,6.89769567907127e-11,0.999972334283769,0.9999723342837694,0.9999723342837687,0.9999723342837702,0.9999723342837694,0.9999723342837699,7.036438779671254e-11,6.609244357434978e-11,0.9999726615790983,0.9999726768686914,0.9999726048258349,5.90854280168429e-11,8.719221353037544e-11,0.9999723342837686,5.908542781595356e-11,0.9999723361326252,0.9999723342837684,0.9999723342837694,6.713943257656084e-11,0.999972334283769,0.9999724364218243,6.747731885161409e-11,5.908542746358535e-11,0.9999723342837687,0.999972334283769,6.857621971949057e-11
1.8447840718545008e-06,1.6891636874277373e-14,6.569256401046019e-11,6.569256404432724e-11,3.2825434805194832e-18,6.569257006531787e-11,3.589012268346091e-18,6.569257002876261e-11,6.569257227538759e-11,6.569256405517171e-11,7.399684351477846e-06,6.56925640484063e-11,6.5692570077463e-11,1.3071735274196004e-07,6.569256404891733e-11,6.569256403060124e-11,1.307173191944622e-07,6.569257071442856e-11,6.569256403861964e-11,6.569256403980844e-11,2.880458439670477e-18,4.1061707516739164e-18,6.569256403333578e-11,2.6254477762460815e-18,6.569256433152467e-11,6.569256406568701e-11,6.569257004060818e-11,6.569256406887618e-11,6.569257005134802e-11,2.676894716561654e-18,6.569256403438218e-11,6.569256399434798e-11,6.569256406508441e-11,6.569256402862077e-11,6.569256403191547e-11,6.569256405303965e-11,3.680238902204539e-18,3.113624278570961e-18,6.569258354477174e-11,6.569258490688646e-11,6.569258054246237e-11,2.6254477762460815e-18,4.749827513239551e-18,6.569256403060124e-11,2.880458439670477e-18,6.569256425658295e-11,6.569256401046019e-11,6.569256403716296e-11,2.111345763141796e-14,6.56925640490461e-11,6.569257005609992e-11,5.064231678756304e-18,2.880458439670477e-18,6.569256403333578e-11,6.569256401987758e-11,2.4241238677420138e-18
0.9999822606818594,6.341756586464521e-11,0.999972334283768,0.999972334283769,7.234191954695577e-11,0.9999724364218232,6.329353851450701e-11,0.9999724364218243,0.9999724848761998,0.9999723342837684,6.56925640484063e-11,0.9999797339675938,0.9999724364218241,0.9999723685553341,0.9999723342837684,0.9999723342837684,0.9999720934810516,0.9999724497046817,0.999972334283769,0.9999723342837694,5.90854276953774e-11,6.972530105588786e-11,0.9999723342837687,5.908542798981996e-11,0.99997234296881,0.9999723342837686,0.9999724364218232,0.9999723342837704,0.9999724364218232,6.897695677363232e-11,0.9999723342837687,0.9999723342837687,0.999972334283769,0.9999723342837699,0.9999723342837694,0.9999723342837699,7.036438766691128e-11,6.609244353724857e-11,0.9999726615790978,0.9999726768686917,0.9999726048258348,5.9085428030404e-11,8.719221352404654e-11,0.999972334283768,5.908542788649597e-11,0.9999723361326252,0.9999723342837686,0.9999723342837687,6.713943262957506e-11,0.999972334283769,0.9999724364218243,6.747731885676237e-11,5.908542748294615e-11,0.9999723342837687,0.9999723342837687,6.85762197081566e-11
0.9999823628207689,6.341757168718038e-11,0.9999724364218239,0.9999724364218244,7.234192637279778e-11,0.9999725385598915,6.329354437615939e-11,0.9999725385598929,0.9999725870142715,0.9999724364218241,6.5692570077463e-11,0.9999724364218241,0.9999799382437049,0.9999724706933948,0.9999724364218253,0.9999724364218253,0.9999721956190847,0.9999725518427494,0.9999724364218244,0.9999724364218255,5.908543320243371e-11,6.972530698327805e-11,0.9999724364218243,5.908543354194478e-11,0.9999724451068679,0.9999724364218232,0.9999725385598923,0.9999724364218257,0.9999725385598923,6.897696301835824e-11,0.9999724364218243,0.9999724364218249,0.9999724364218251,0.9999724364218251,0.9999724364218255,0.9999724364218257,7.036439427703196e-11,6.609244922817754e-11,0.9999727637171884,0.9999727790067818,0.9999727069639193,5.908543360419405e-11,1.73498112678549e-07,0.9999724364218231,5.908543341724253e-11,0.9999724382706824,0.9999724364218241,0.9999724364218247,6.713943883237255e-11,0.9999724364218241,0.9999725385598925,6.74773252787115e-11,5.908543309501155e-11,0.9999724364218243,0.9999724364218231,6.85762261102085e-11
0.9999822949537119,1.2619048113596408e-07,0.9999723685553334,0.9999723685553359,7.234192139895096e-11,0.9999724706933942,6.329354056315888e-11,0.9999724706933955,0.9999725191477704,0.9999723685553346,1.3071735274196004e-07,0.9999723685553341,0.9999724706933948,0.999979802510711,0.9999723685553349,0.9999723685553347,0.9999721277526089,0.9999724839762498,0.9999723685553346,0.9999723685553359,5.908543019676874e-11,1.3874183243958274e-07,0.9999723685553346,5.908543054121185e-11,0.9999723772403761,0.9999723685553334,0.9999724706933952,0.9999723685553369,0.9999724706933948,1.3725274942998887e-07,0.9999723685553349,0.9999723685553349,0.9999723685553346,0.9999723685553356,0.9999723685553357,0.9999723685553351,7.036438954508693e-11,6.609244420101403e-11,0.9999726958506755,0.9999727111402682,0.9999726390974092,5.908543057721468e-11,1.73498102069916e-07,0.9999723685553327,5.908543034859339e-11,0.9999723704041908,0.9999723685553349,0.9999723685553349,1.335963820917968e-07,0.9999723685553337,0.9999724706933952,6.747732057535097e-11,5.90854299788773e-11,0.9999723685553346,0.9999723685553334,1.3645534900922735e-07
0.9999822606818602,6.341756583560332e-11,0.9999723342837677,0.9999723342837699,7.234191954845512e-11,0.9999724364218243,6.329353854051138e-11,0.9999724364218255,0.999972484876201,0.999972334283769,6.569256404891733e-11,0.9999723342837684,0.9999724364218253,0.9999723685553349,0.9999797339675887,0.9999723342837702,0.9999720934810536,0.9999724497046811,0.999972334283769,0.9999723342837706,5.908542767781934e-11,6.972530105825027e-11,0.999972334283769,5.908542801798531e-11,0.99997234296881,0.999972334283769,0.9999724364218253,0.9999723342837709,0.9999724364218247,6.897695680811697e-11,0.999972334283769,0.9999723342837694,0.9999723342837694,0.9999723342837702,0.9999723342837706,0.9999723342837702,7.036438775513306e-11,6.609244358471374e-11,0.999972661579099,0.999972676868692,0.9999726048258354,5.908542804084353e-11,8.719221345187315e-11,0.9999723342837686,5.908542790062424e-11,0.9999723361326254,0.999972334283769,0.9999723342837696,6.713943255988698e-11,0.9999723342837686,0.9999724364218251,6.747731884486182e-11,5.908542748139345e-11,0.999972334283769,0.9999723342837687,6.85762197157837e-11
0.9999822606818605,6.341756585755403e-11,0.9999723342837677,0.9999723342837699,7.234191959675402e-11,0.9999724364218241,6.329353851891374e-11,0.9999724364218253,0.999972484876201,0.999972334283769,6.569256403060124e-11,0.9999723342837684,0.9999724364218253,0.9999723685553347,0.9999723342837702,0.9999797339675938,0.9999720934810536,0.9999724497046814,0.9999723342837694,0.9999723342837704,5.908542772422588e-11,6.972530106242895e-11,0.999972334283769,5.908542806175274e-11,0.99997234296881,0.999972334283768,0.9999724364218253,0.9999723342837709,0.9999724364218247,6.897695682757761e-11,0.999972334283769,0.9999723342837696,0.9999723342837694,0.9999723342837704,0.9999723342837706,0.99997233428377,7.036438777910706e-11,6.609244355149758e-11,0.9999726615790988,0.9999726768686924,0.9999726048258354,5.908542802192086e-11,8.719221351362892e-11,0.9999723342837684,5.908542787019097e-11,0.9999723361326254,0.999972334283769,0.9999723342837696,6.713943256308681e-11,0.9999723342837687,0.9999724364218253,6.747731886184491e-11,5.908542754443781e-11,0.999972334283769,0.999972334283769,6.857621972103115e-11
0.9999820198771232,1.261904493063591e-07,0.9999720934810516,0.9999720934810539,1.4394843576255166e-07,0.9999721956190847,1.2594365499091274e-07,0.9999721956190847,0.9999722440734483,0.9999720934810521,1.307173191944622e-07,0.9999720934810516,0.9999721956190847,0.9999721277526089,0.9999720934810536,0.9999720934810536,0.9999792523622207,0.999972208901937,0.9999720934810523,0.9999720934810546,1.1757021211111729e-07,1.3874179798087627e-07,0.9999720934810519,1.1757021271867767e-07,0.9999721021660929,0.9999720934810519,0.9999721956190855,0.9999720934810549,0.999972195619085,1.372527164297959e-07,0.9999720934810534,0.9999720934810526,0.9999720934810529,0.9999720934810543,0.9999720934810546,0.9999720934810529,1.400134752170044e-07,1.315130124899924e-07,0.9999724207763045,0.9999724360658936,0.9999723640230537,1.1757021276346867e-07,1.7349805898354698e-07,0.9999720934810514,1.1757021246817654e-07,0.9999720953299084,0.9999720934810529,0.9999720934810526,1.3359634787761345e-07,0.9999720934810516,0.9999721956190855,1.3426868563258066e-07,1.1757021173312626e-07,0.9999720934810529,0.9999720934810523,1.3645531574375291e-07
0.9999823761037299,6.34175721586949e-11,0.9999724497046807,0.9999724497046817,1.439484828794464e-07,0.9999725518427487,6.329354504146972e-11,0.9999725518427494,0.9999726002971295,0.9999724497046815,6.569257071442856e-11,0.9999724497046817,0.9999725518427494,0.9999724839762498,0.9999724497046811,0.9999724497046814,0.999972208901937,0.9999799648094176,0.9999724497046817,0.9999724497046821,5.908543393446615e-11,6.972530798363034e-11,0.9999724497046817,5.908543425387641e-11,0.9999724583897245,0.9999724497046817,0.9999725518427489,0.9999724497046836,0.9999725518427484,6.897696395794116e-11,0.9999724497046819,0.9999724497046817,0.9999724497046819,0.9999724497046827,0.9999724497046825,0.9999724497046825,7.036439513626679e-11,6.60924501213921e-11,0.9999727770000479,0.9999727922896428,0.9999727202467771,5.908543424799503e-11,1.7349811479428423e-07,0.9999724497046807,5.908543414906574e-11,0.9999724515535384,0.9999724497046815,0.9999724497046817,6.71394393831285e-11,0.9999724497046817,0.9999725518427494,6.747732600827027e-11,5.908543382919652e-11,0.9999724497046807,0.9999724497046807,6.857622687709572e-11
0.9999822606818586,6.341756582948066e-11,0.999972334283768,0.9999723342837694,7.23419195987766e-11,0.9999724364218241,6.329353850881314e-11,0.9999724364218244,0.9999724848762003,0.999972334283769,6.569256403861964e-11,0.999972334283769,0.9999724364218244,0.9999723685553346,0.999972334283769,0.9999723342837694,0.9999720934810523,0.9999724497046817,0.9999797339675911,0.9999723342837702,5.908542772753724e-11,6.972530106538981e-11,0.999972334283769,5.908542797826765e-11,0.99997234296881,0.9999723342837686,0.9999724364218243,0.9999723342837709,0.9999724364218237,6.897695674681112e-11,0.999972334283769,0.9999723342837696,0.999972334283769,0.9999723342837699,0.9999723342837704,0.9999723342837694,7.036438780912492e-11,6.609244356959337e-11,0.999972661579099,0.999972676868692,0.9999726048258349,5.908542800599393e-11,8.719221353037544e-11,0.9999723342837684,5.908542782839344e-11,0.9999723361326257,0.9999723342837684,0.9999723342837694,6.713943258778996e-11,0.9999723342837687,0.9999724364218243,6.747731883787259e-11,5.908542746978993e-11,0.9999723342837684,0.9999723342837684,6.857621973125464e-11
0.9999822606818615,6.341756589520795e-11,0.9999723342837694,0.9999723342837706,7.234191957543534e-11,0.9999724364218251,6.329353852433525e-11,0.9999724364218255,0.999972484876202,0.99997233428377,6.569256403980844e-11,0.9999723342837694,0.9999724364218255,0.9999723685553359,0.9999723342837706,0.9999723342837704,0.9999720934810546,0.9999724497046821,0.9999723342837702,0.9999797339675931,5.908542770287151e-11,6.972530106463616e-11,0.9999723342837702,5.908542800100803e-11,0.9999723429688107,0.9999723342837699,0.9999724364218255,0.9999723342837716,0.9999724364218253,6.897695680819904e-11,0.9999723342837702,0.9999723342837699,0.9999723342837712,0.9999723342837712,0.9999723342837716,0.9999723342837704,7.03643877509282e-11,6.609244354167627e-11,0.9999726615791,0.9999726768686932,0.999972604825836,5.908542798993883e-11,8.719221351468909e-11,0.9999723342837687,5.908542780086217e-11,0.9999723361326264,0.9999723342837702,0.9999723342837699,6.713943258800091e-11,0.9999723342837699,0.9999724364218261,6.747731883042293e-11,5.908542744972401e-11,0.9999723342837694,0.999972334283769,6.857621973481125e-11
1.8316368538786899e-06,2.7590817501164936e-18,5.908542768613253e-11,5.908542766812207e-11,4.192013354181383e-18,5.908543324289115e-11,7.93858728440493e-15,5.908543326935635e-11,5.908543577889983e-11,5.90854276877755e-11,2.880458439670477e-18,5.90854276953774e-11,5.908543320243371e-11,5.908543019676874e-11,5.908542767781934e-11,5.908542772422588e-11,1.1757021211111729e-07,5.908543393446615e-11,5.908542772753724e-11,5.908542770287151e-11,7.399684338770053e-06,3.970275634546812e-18,5.90854276877755e-11,1.0366322468423823e-14,5.908542824826089e-11,5.908542768613253e-11,5.908543324524295e-11,5.908542765484159e-11,5.908543330070097e-11,3.5079296404345e-18,5.908542768818448e-11,5.908542765810295e-11,5.908542767487997e-11,5.908542769079563e-11,5.908542766744542e-11,5.908542767262788e-11,3.654882585923022e-18,2.7516992986890426e-18,5.908544532015881e-11,5.908544616364464e-11,5.908544182880795e-11,1.0366322624563076e-14,5.4495356846226826e-18,5.908542772472931e-11,1.0366322472202994e-14,5.908542803266886e-11,5.908542769596883e-11,5.908542764193725e-11,3.2945301014255476e-18,5.908542766785657e-11,5.908543323249452e-11,3.232449731286148e-18,1.0366322241180524e-14,5.908542772595834e-11,5.908542766744542e-11,3.839955387626546e-18
1.852808619983554e-06,3.2974727382700276e-18,6.972530105509494e-11,6.972530105860555e-11,4.265086390428405e-18,6.972530698327805e-11,3.475843684319719e-18,6.972530698327805e-11,6.97253108475713e-11,6.972530105457817e-11,4.1061707516739164e-18,6.972530105588786e-11,6.972530698327805e-11,1.3874183243958274e-07,6.972530105825027e-11,6.972530106242895e-11,1.3874179798087627e-07,6.972530798363034e-11,6.972530106538981e-11,6.972530106463616e-11,3.970275634546812e-18,7.399684338091743e-06,6.972530105280938e-11,4.063709484954256e-18,6.972530170130596e-11,6.972530106067658e-11,6.972530695041019e-11,6.972530105133269e-11,6.972530703120423e-11,5.437653813581803e-18,6.972530106092938e-11,6.972530105496413e-11,6.972530106334467e-11,6.972530106239733e-11,6.972530106067658e-11,6.972530105466261e-11,5.5106943896486876e-18,8.237785600753726e-15,6.972532166519093e-11,6.972532194564639e-11,6.972531775685617e-11,3.3529318174471066e-18,1.851800941496511e-14,6.972530106800575e-11,4.0635133880073574e-18,6.972529999460238e-11,6.972530106558616e-11,6.972530105669807e-11,2.702844404280653e-18,6.972530106307989e-11,6.972530699765989e-11,1.0083319257220736e-17,4.063709484954256e-18,6.972530106431788e-11,6.972530105443409e-11,9.125696509696067e-18
0.9999822606818582,6.341756582219497e-11,0.9999723342837687,0.9999723342837692,7.234191958722546e-11,0.9999724364218241,6.329353843523356e-11,0.9999724364218243,0.9999724848762003,0.999972334283769,6.569256403333578e-11,0.9999723342837687,0.9999724364218243,0.9999723685553346,0.999972334283769,0.999972334283769,0.9999720934810519,0.9999724497046817,0.999972334283769,0.9999723342837702,5.90854276877755e-11,6.972530105280938e-11,0.9999797339675887,5.908542803869702e-11,0.9999723429688098,0.999972334283769,0.9999724364218247,0.9999723342837709,0.9999724364218237,6.897695679692673e-11,0.999972334283769,0.9999723342837694,0.999972334283769,0.9999723342837696,0.9999723342837704,0.999972334283769,7.036438770884365e-11,6.609244353193746e-11,0.9999726615790985,0.9999726768686914,0.9999726048258348,5.908542803238632e-11,8.719221351362892e-11,0.9999723342837684,5.908542781394206e-11,0.9999723361326254,0.9999723342837684,0.9999723342837694,6.713943257951157e-11,0.9999723342837696,0.9999724364218243,6.747731884878176e-11,5.908542747863555e-11,0.9999723342837684,0.9999723342837686,6.857621975669916e-11
1.831636851615794e-06,2.8485266522011237e-18,5.908542800282525e-11,5.908542803845484e-11,3.243981866019365e-18,5.90854335361097e-11,7.93858741897988e-15,5.90854334790439e-11,5.908543607203147e-11,5.908542806001296e-11,2.6254477762460815e-18,5.908542798981996e-11,5.908543354194478e-11,5.908543054121185e-11,5.908542801798531e-11,5.908542806175274e-11,1.1757021271867767e-07,5.908543425387641e-11,5.908542797826765e-11,5.908542800100803e-11,1.0366322468423823e-14,4.063709484954256e-18,5.908542803869702e-11,7.399684338770053e-06,5.90854284655354e-11,5.90854280026639e-11,5.908543346117199e-11,5.908542803476787e-11,5.908543353910746e-11,3.3546901414144312e-18,5.908542793293626e-11,5.908542802924343e-11,5.908542801565929e-11,5.908542801793689e-11,5.908542806822442e-11,5.908542803935155e-11,3.9374921669032646e-18,2.5381656366147394e-18,5.908544558719364e-11,5.908544649588721e-11,5.908544226096147e-11,1.0366322748685548e-14,5.1525104584783336e-18,5.908542803063285e-11,1.0366322596325456e-14,5.908542826036957e-11,5.908542803472342e-11,5.908542803472342e-11,3.50585457270999e-18,5.90854279941851e-11,5.908543348089514e-11,3.8460894771665386e-18,1.0366322365302783e-14,5.908542806787372e-11,5.908542798813549e-11,3.994288421292009e-18
0.9999822693669672,6.341756584794752e-11,0.9999723429688088,0.999972342968812,1.4394846872609942e-07,0.9999724451068673,6.329353903186733e-11,0.9999724451068686,0.9999724935612435,0.99997234296881,6.569256433152467e-11,0.99997234296881,0.9999724451068679,0.9999723772403761,0.99997234296881,0.99997234296881,0.9999721021660929,0.9999724583897245,0.99997234296881,0.9999723429688107,5.908542824826089e-11,6.972530170130596e-11,0.9999723429688098,5.90854284655354e-11,0.9999797513376697,0.9999723429688107,0.9999724451068683,0.9999723429688131,0.9999724451068681,6.89769574447592e-11,0.9999723429688104,0.9999723429688112,0.9999723429688112,0.9999723429688117,0.999972342968811,0.9999723429688119,7.036438840336943e-11,6.609244415115497e-11,0.9999726702641429,0.9999726855537356,0.9999726135108793,5.908542849098345e-11,8.719221426096835e-11,0.99997234296881,5.908542836520793e-11,0.999972344817667,0.9999723429688102,0.999972342968811,6.713943292410926e-11,0.999972342968811,0.9999724451068686,6.747731937286181e-11,5.908542803963507e-11,0.9999723429688104,0.9999723429688107,6.857622034348705e-11
0.9999822606818559,6.341756584277427e-11,0.9999723342837686,0.999972334283769,7.234191960972666e-11,0.9999724364218231,6.329353850184007e-11,0.9999724364218232,0.9999724848761995,0.9999723342837686,6.569256406568701e-11,0.9999723342837686,0.9999724364218232,0.9999723685553334,0.999972334283769,0.999972334283768,0.9999720934810519,0.9999724497046817,0.9999723342837686,0.9999723342837699,5.908542768613253e-11,6.972530106067658e-11,0.999972334283769,5.90854280026639e-11,0.9999723429688107,0.9999797339675907,0.9999724364218232,0.9999723342837702,0.9999724364218232,6.897695679406326e-11,0.9999723342837684,0.9999723342837692,0.9999723342837694,0.9999723342837694,0.9999723342837694,0.9999723342837692,7.036438773386494e-11,6.609244354839582e-11,0.9999726615790974,0.9999726768686915,0.9999726048258337,5.908542798702213e-11,8.719221352700427e-11,0.9999723342837682,5.90854278278939e-11,0.9999723361326252,0.9999723342837687,0.9999723342837692,6.713943258479553e-11,0.9999723342837699,0.9999724364218243,6.747731883737997e-11,5.908542746358535e-11,0.9999723342837686,0.9999723342837684,6.857621973702491e-11
0.9999823628207694,6.341757168425881e-11,0.9999724364218231,0.9999724364218243,7.234192635556986e-11,0.9999725385598915,6.329354433894155e-11,0.9999725385598925,0.9999725870142717,0.9999724364218237,6.569257004060818e-11,0.9999724364218232,0.9999725385598923,0.9999724706933952,0.9999724364218253,0.9999724364218253,0.9999721956190855,0.9999725518427489,0.9999724364218243,0.9999724364218255,5.908543324524295e-11,6.972530695041019e-11,0.9999724364218247,5.908543346117199e-11,0.9999724451068683,0.9999724364218232,0.9999799382437032,0.9999724364218257,0.9999725385598923,6.897696301712018e-11,0.9999724364218247,0.9999724364218237,0.9999724364218247,0.9999724364218253,0.9999724364218255,0.9999724364218255,7.036439427430129e-11,6.609244920498626e-11,0.9999727637171889,0.9999727790067816,0.9999727069639193,5.908543358733976e-11,1.7349811267854906e-07,0.9999724364218231,5.908543341899197e-11,0.9999724382706824,0.9999724364218249,0.9999724364218237,6.713943883312615e-11,0.9999724364218234,0.9999725385598925,6.74773253446755e-11,5.90854330633063e-11,0.9999724364218243,0.9999724364218234,6.857622629500164e-11
0.9999822606818618,6.341756584060438e-11,0.9999723342837702,0.9999723342837721,7.234191960589865e-11,0.9999724364218251,6.329353844416401e-11,0.9999724364218257,0.9999724848762025,0.9999723342837704,6.569256406887618e-11,0.9999723342837704,0.9999724364218257,0.9999723685553369,0.9999723342837709,0.9999723342837709,0.9999720934810549,0.9999724497046836,0.9999723342837709,0.9999723342837716,5.908542765484159e-11,6.972530105133269e-11,0.9999723342837709,5.908542803476787e-11,0.9999723429688131,0.9999723342837702,0.9999724364218257,0.9999797339675927,0.9999724364218257,6.897695674732079e-11,0.9999723342837712,0.9999723342837712,0.9999723342837719,0.9999723342837722,0.9999723342837719,0.9999723342837719,7.036438775930197e-11,6.609244355890076e-11,0.9999726615791,0.9999726768686936,0.9999726048258368,5.908542801001126e-11,8.719221351924286e-11,0.9999723342837702,5.908542787725764e-11,0.9999723361326271,0.9999723342837712,0.9999723342837712,6.713943259843093e-11,0.9999723342837712,0.9999724364218265,6.74773188424382e-11,5.908542754263487e-11,0.9999723342837702,0.99997233428377,6.85762197341138e-11
0.9999823628207677,6.341757163436883e-11,0.9999724364218227,0.9999724364218247,7.234192643955095e-11,0.9999725385598913,6.329354432883889e-11,0.9999725385598923,0.9999725870142719,0.9999724364218232,6.569257005134802e-11,0.9999724364218232,0.9999725385598923,0.9999724706933948,0.9999724364218247,0.9999724364218247,0.999972195619085,0.9999725518427484,0.9999724364218237,0.9999724364218253,5.908543330070097e-11,6.972530703120423e-11,0.9999724364218237,5.908543353910746e-11,0.9999724451068681,0.9999724364218232,0.9999725385598923,0.9999724364218257,0.9999799382437069,6.89769630152466e-11,0.9999724364218247,0.9999724364218232,0.9999724364218249,0.9999724364218255,0.9999724364218251,0.9999724364218243,7.036439428579124e-11,6.609244922370453e-11,0.9999727637171884,0.9999727790067813,0.999972706963918,5.908543353182876e-11,1.7349811267854893e-07,0.9999724364218232,5.908543340439257e-11,0.9999724382706823,0.9999724364218243,0.9999724364218232,6.713943882913824e-11,0.9999724364218234,0.9999725385598923,6.747732526571628e-11,5.908543305039248e-11,0.9999724364218239,0.9999724364218232,6.857622608159689e-11
1.8513195321484782e-06,2.4231263049911013e-18,6.897695674837124e-11,6.897695680595786e-11,6.819142954837073e-18,6.897696301385229e-11,7.940443882089682e-15,6.897696301476988e-11,6.897696642548671e-11,6.89769567907127e-11,2.676894716561654e-18,6.897695677363232e-11,6.897696301835824e-11,1.3725274942998887e-07,6.897695680811697e-11,6.897695682757761e-11,1.372527164297959e-07,6.897696395794116e-11,6.897695674681112e-11,6.897695680819904e-11,3.5079296404345e-18,5.437653813581803e-18,6.897695679692673e-11,3.3546901414144312e-18,6.89769574447592e-11,6.897695679406326e-11,6.897696301712018e-11,6.897695674732079e-11,6.89769630152466e-11,7.39968434629187e-06,6.897695677367179e-11,6.897695674746613e-11,6.897695679002867e-11,6.897695684207528e-11,6.897695674420473e-11,6.897695679406326e-11,5.394429493200536e-18,1.3416174205976258e-14,6.897697733595295e-11,6.897697551007309e-11,6.897697337595758e-11,3.5079296404345e-18,6.1500564023954156e-18,6.89769567474841e-11,2.7667626475164223e-18,1.3725274660042478e-07,6.897695674420473e-11,6.89769568202659e-11,2.9379899833038506e-18,6.897695680498957e-11,6.89769630140956e-11,6.151177133955496e-18,2.7667626475164223e-18,6.89769567754508e-11,6.897695676012067e-11,1.3393763262746704e-14
0.9999822606818531,6.341756586414915e-11,0.9999723342837684,0.9999723342837702,7.234191958130621e-11,0.9999724364218241,6.329353854591716e-11,0.9999724364218241,0.9999724848762017,0.999972334283769,6.569256403438218e-11,0.9999723342837687,0.9999724364218243,0.9999723685553349,0.999972334283769,0.999972334283769,0.9999720934810534,0.9999724497046819,0.999972334283769,0.9999723342837702,5.908542768818448e-11,6.972530106092938e-11,0.999972334283769,5.908542793293626e-11,0.9999723429688104,0.9999723342837684,0.9999724364218247,0.9999723342837712,0.9999724364218247,6.897695677367179e-11,0.9999797339675909,0.9999723342837694,0.9999723342837704,0.9999723342837704,0.9999723342837702,0.9999723342837702,7.036438770276466e-11,6.609244355023732e-11,0.999972661579099,0.9999726768686917,0.999972604825836,5.908542796977813e-11,8.719221348209402e-11,0.9999723342837686,5.908542783871632e-11,0.9999723361326261,0.9999723342837696,0.9999723342837694,6.713943254634413e-11,0.999972334283769,0.9999724364218255,6.747731885432388e-11,5.908542755203226e-11,0.999972334283769,0.9999723342837684,6.857621973131062e-11
0.9999822606818576,6.341756587091175e-11,0.9999723342837686,0.99997233428377,7.234191958228104e-11,0.9999724364218237,6.329353851291944e-11,0.9999724364218249,0.9999724848762007,0.9999723342837694,6.569256399434798e-11,0.9999723342837687,0.9999724364218249,0.9999723685553349,0.9999723342837694,0.9999723342837696,0.9999720934810526,0.9999724497046817,0.9999723342837696,0.9999723342837699,5.908542765810295e-11,6.972530105496413e-11,0.9999723342837694,5.908542802924343e-11,0.9999723429688112,0.9999723342837692,0.9999724364218237,0.9999723342837712,0.9999724364218232,6.897695674746613e-11,0.9999723342837694,0.9999797339675882,0.9999723342837694,0.9999723342837709,0.9999723342837702,0.9999723342837712,7.036438781320945e-11,6.609244357434978e-11,0.9999726615790986,0.999972676868692,0.9999726048258354,5.908542804704832e-11,8.719221355337375e-11,0.9999723342837699,5.908542787927314e-11,0.9999723361326254,0.999972334283769,0.9999723342837704,6.713943259743988e-11,0.9999723342837699,0.9999724364218247,6.747731884191174e-11,5.90854274803456e-11,0.9999723342837694,0.9999723342837692,6.857621974595361e-11
0.9999822606818584,6.34175659002435e-11,0.999972334283769,0.9999723342837709,7.234191958428765e-11,0.9999724364218243,6.329353844975036e-11,0.9999724364218251,0.9999724848762013,0.9999723342837687,6.569256406508441e-11,0.999972334283769,0.9999724364218251,0.9999723685553346,0.9999723342837694,0.9999723342837694,0.9999720934810529,0.9999724497046819,0.999972334283769,0.9999723342837712,5.908542767487997e-11,6.972530106334467e-11,0.999972334283769,5.908542801565929e-11,0.9999723429688112,0.9999723342837694,0.9999724364218247,0.9999723342837719,0.9999724364218249,6.897695679002867e-11,0.9999723342837704,0.9999723342837694,0.9999797339675845,0.9999723342837711,0.9999723342837712,0.9999723342837709,7.036438782600662e-11,6.609244356049361e-11,0.9999726615790983,0.9999726768686926,0.9999726048258354,5.908542805350413e-11,8.719221346039848e-11,0.999972334283769,5.90854278877861e-11,0.9999723361326252,0.9999723342837696,0.9999723342837694,6.713943258208275e-11,0.9999723342837694,0.9999724364218255,6.747731884023085e-11,5.908542752526459e-11,0.9999723342837694,0.9999723342837702,6.857621971750976e-11
0.9999822606818605,6.341756586415774e-11,0.9999723342837696,0.9999723342837712,7.234191954845512e-11,0.9999724364218247,6.329353846658567e-11,0.9999724364218251,0.9999724848762023,0.9999723342837702,6.569256402862077e-11,0.9999723342837699,0.9999724364218251,0.9999723685553356,0.9999723342837702,0.9999723342837704,0.9999720934810543,0.9999724497046827,0.9999723342837699,0.9999723342837712,5.908542769079563e-11,6.972530106239733e-11,0.9999723342837696,5.908542801793689e-11,0.9999723429688117,0.9999723342837694,0.9999724364218253,0.9999723342837722,0.9999724364218255,6.897695684207528e-11,0.9999723342837704,0.9999723342837709,0.9999723342837711,0.9999797339675927,0.9999723342837711,0.9999723342837709,7.036438779671254e-11,6.609244360289572e-11,0.9999726615790993,0.999972676868692,0.9999726048258366,5.908542797725576e-11,8.719221352418927e-11,0.9999723342837692,5.908542788050293e-11,0.9999723361326264,0.9999723342837702,0.9999723342837704,6.713943257704142e-11,0.9999723342837702,0.9999724364218255,6.747731885686812e-11,5.908542749188679e-11,0.9999723342837699,0.9999723342837694,6.857621972244531e-11
0.9999822606818606,6.341756586415774e-11,0.9999723342837694,0.9999723342837709,7.234191961624834e-11,0.9999724364218251,6.329353845222207e-11,0.9999724364218255,0.999972484876202,0.9999723342837694,6.569256403191547e-11,0.9999723342837694,0.9999724364218255,0.9999723685553357,0.9999723342837706,0.9999723342837706,0.9999720934810546,0.9999724497046825,0.9999723342837704,0.9999723342837716,5.908542766744542e-11,6.972530106067658e-11,0.9999723342837704,5.908542806822442e-11,0.999972342968811,0.9999723342837694,0.9999724364218255,0.9999723342837719,0.9999724364218251,6.897695674420473e-11,0.9999723342837702,0.9999723342837702,0.9999723342837712,0.9999723342837711,0.9999797339675972,0.9999723342837712,7.036438782600662e-11,6.609244355020903e-11,0.9999726615790997,0.9999726768686934,0.9999726048258362,5.908542801340258e-11,8.719221349415086e-11,0.9999723342837694,5.908542782796763e-11,0.9999723361326266,0.9999723342837704,0.9999723342837702,6.713943257951157e-11,0.9999723342837702,0.9999724364218263,6.747731884871095e-11,5.908542748294615e-11,0.9999723342837702,0.999972334283769,6.857621971424377e-11
