1.0000000047214355,-3.8067635416380347e-07,-3.3812577454580066e-07,-3.5469517355074567e-07,-3.9681627288596804e-07,-3.7831611251319666e-07,-3.9356188858973537e-07,-3.635210189209078e-07,-3.9187836455860624e-07,-3.50354798555117e-07,-2.2438442852482873e-07,-3.7950105074064013e-07,-3.77106295857398e-07,-3.9512261243797126e-07,-3.771062995489051e-07,-3.783161125180773e-07,-3.891059900680174e-07,-3.771062962774765e-07,-3.964869207712079e-07,1.0000046360833428,1.0000046360833472,-3.6265444397750117e-07,1.000004636083347,-3.6330082822661696e-07,-3.6877226692689466e-07,-3.519446607038741e-07,-3.837981124569502e-07,-3.764740737774532e-07,-3.8379811239906244e-07,-3.7859862693271346e-07,-3.795010506447283e-07,-3.905560372788373e-07,-3.764740729649037e-07,-3.866611783118638e-07,-3.980017199005711e-07,-3.783161125515855e-07,-3.1645201158484014e-07,-3.8431767582290307e-07,-3.63300828283988e-07,-3.590045702976426e-07,-3.398558856896528e-07,-3.951226164024033e-07,-3.296418891162797e-07,-3.951226164198782e-07,-3.5469517996172386e-07,-3.783161125409471e-07,-3.910792689251643e-07,-3.007262866931759e-07,-3.382222169931052e-07,-3.648268777676993e-07,-3.7149544198169567e-07,-3.9459838430327095e-07,-3.9512261640783977e-07,-3.446077090747437e-07,-4.0009950015516784e-07,-3.771062958834269e-07,-3.8692284386061503e-07,-4.000994994451831e-07,1.0000044747613945,-3.7372926558575624e-07,-3.951226124284312e-07,-3.743667376201123e-07,1.000006736471799,-3.947641744348246e-07,-2.2662232966773217e-07,-3.87712783793547e-07,-3.8857935725020686e-07,-3.9347199817845987e-07,-3.8499403048255183e-07,-3.4701396637105916e-07,-3.8584869401969786e-07,-3.764740728445049e-07,1.0000046028483518,-3.7710629628647076e-07,-3.8666117831116177e-07,-3.951226124179107e-07,-3.837981123497067e-07,-3.590045688143779e-07,-3.8431767568437173e-07,-3.906963057423291e-07,-2.3150183022193724e-07,-4.0009950016474794e-07,1.0000046360833459,-3.590045696581918e-07,-3.6325963985103777e-07,-3.964869201603708e-07,-3.3812577551197265e-07,-3.7710574995931077e-07,-3.6325964187205034e-07,-3.7831611252689287e-07,-3.3503915120878833e-07,-3.394554160225374e-07,-3.7278272769877e-07,-3.7710574955084454e-07,-3.8379811233923184e-07,-3.960899712476821e-07,-3.76474072976229e-07,-3.9928654612842945e-07,-3.287159731770643e-07,-2.3150183120139217e-07,-3.590045704120679e-07,-3.632596431251779e-07,-3.947641787249724e-07,-3.8857935750147093e-07,-3.4701396693962405e-07,-3.9534856845677326e-07,-3.8584869401923115e-07,-9.965063990113338e-08,-3.417570916780895e-07,-3.9683345603117037e-07,-3.5554499645938756e-07,-2.895319553446268e-07,-3.546951794186981e-07,-2.3150182872327234e-07,-3.832725524861641e-07,1.0000046131862166,-3.6330082383282963e-07,-4.0009950159720913e-07,-3.741815602645684e-07,1.0000046151902575,-3.88555024640856e-07,-3.68291400667887e-07,-3.1645201301643154e-07,-3.721173639619024e-07,-3.771062975093308e-07,-3.4654814897783823e-07
-3.8067635416380347e-07,-4.894739914486213e-07,1.9478847294088066e-11,8.188121064310075e-12,7.358228450550105e-12,8.175746377281224e-12,7.897485538797406e-12,8.406424987433525e-12,1.5908256187075185e-08,2.3013328418438265e-11,7.512448451224255e-12,7.775977063814558e-12,7.771829296196756e-12,7.34024753429312e-12,7.771829200078238e-12,8.175746552311134e-12,7.472122528351402e-12,7.771829220479155e-12,7.3250771564985e-12,8.296468013169147e-11,8.296467962234933e-11,8.24212063370739e-12,8.296467983841442e-11,1.4065123323197694e-11,8.34688385941235e-12,2.204320191284413e-11,9.221448008728801e-12,7.824867878016054e-12,9.221448008728801e-12,8.281686319285724e-12,7.775976937752249e-12,7.49327808190384e-12,7.824867710887258e-12,7.543276418065453e-12,7.376251211382705e-12,8.175746292234913e-12,8.203185475734856e-12,7.791060952708477e-12,1.4065123323197571e-11,1.3507318583011599e-11,8.662380943766275e-12,7.340246914405708e-12,8.52328348513502e-12,7.340247426287724e-12,8.188121213740871e-12,8.175746552311134e-12,7.449971806811778e-12,5.135135118604928e-08,4.77337038895099e-08,8.202024377455857e-12,8.01084411890279e-12,7.336851355738059e-12,7.34024688722662e-12,9.609177430770711e-12,7.215157943501591e-12,7.771829200078238e-12,7.72934510645524e-12,7.215157943501591e-12,8.259546506092958e-11,8.015440850291166e-12,7.34024683620067e-12,7.652756075051522e-12,5.123542784445022e-07,7.316765258313639e-12,7.507419964812984e-12,7.591476892462227e-12,7.502614993287152e-12,7.539996344781366e-12,7.339839005794295e-12,9.368494382987795e-12,7.745619686176071e-12,7.824867878016054e-12,8.318809721121824e-11,7.771829296196756e-12,7.543276418065453e-12,7.340247426287724e-12,9.221448062623255e-12,1.3507318338463508e-11,7.791061081994454e-12,7.441119679073902e-12,7.367327871803922e-12,7.215157904681842e-12,8.296467983841442e-11,1.3507318596220423e-11,1.4074417801061953e-11,7.325077298126947e-12,1.947884767745125e-11,7.595616785594772e-12,1.4074417801061953e-11,8.175746377281224e-12,8.332775816216764e-12,1.4276308075332134e-11,8.381466356174699e-12,7.595616703468344e-12,9.221448062623255e-12,7.29884222851649e-12,7.824867878016054e-12,7.667922013023964e-12,8.406631888353469e-12,7.367327992215558e-12,1.3507318338463508e-11,1.4074417801061953e-11,7.316765258313639e-12,7.502614993287152e-12,9.368494265683562e-12,7.322935967317207e-12,7.745619686176071e-12,1.025644164237573e-11,8.313392246674293e-12,7.372393505075142e-12,9.018096313532739e-12,8.198408999379154e-08,8.188121213740871e-12,7.367327706414666e-12,7.623489530736103e-12,8.286935380066919e-11,1.4065123323197571e-11,7.21515812071827e-12,7.82922465643784e-12,8.306296551162799e-11,7.478817542733375e-12,3.404840057609429e-08,8.203185475734856e-12,7.952366415324852e-12,7.771829200078238e-12,8.612543391022337e-12
-3.3812577454580066e-07,1.9478847294088066e-11,-4.408196395287648e-07,1.66465082945961e-11,1.4306548860479735e-11,1.8411749378455e-11,1.5263462162073348e-11,1.6967235681296242e-11,1.5327397645325353e-11,7.937700935161127e-08,1.699487997867194e-11,1.5467534512621265e-11,1.788619488520456e-11,1.4273879142238535e-11,1.7886195172971088e-11,1.84117494285498e-11,1.4670385265434128e-11,1.788619468214092e-11,1.4264452698614614e-11,-3.0585200055017155e-11,-3.0585200031785025e-11,1.650851043016199e-11,-3.0585200031785025e-11,2.5785966668173435e-11,1.6683465546225274e-11,7.577931356861784e-08,1.9846352209436404e-11,1.5575136414805195e-11,1.9846352209436404e-11,1.701966716042372e-11,1.5467534512621265e-11,1.4685857654873885e-11,1.5575136553261125e-11,1.4818328192396945e-11,1.431400350969924e-11,1.8411749367032193e-11,1.6646571416705155e-11,1.5406586711814423e-11,2.5785966668173435e-11,5.042195446800129e-08,1.9791895314782847e-11,1.4273879142238522e-11,1.7531249547112063e-11,1.4273879142238522e-11,1.6646508358269885e-11,1.8411749367032193e-11,1.4633809954540927e-11,4.5256237232854606e-11,8.234045373311014e-08,1.8896235543892348e-11,1.6013604700487072e-11,1.4257258396564425e-11,1.427387902003449e-11,2.1016893545020564e-11,1.3965358525121983e-11,1.7886195172971088e-11,1.5239188889331387e-11,1.3965358357511744e-11,-2.8753368249664984e-11,1.601494904227959e-11,1.4273879234940996e-11,1.502495811134366e-11,5.867387971177236e-07,1.4252047506988119e-11,1.7056689721082852e-11,1.4903682175171584e-11,1.4737388105297617e-11,1.477849432594111e-11,1.4271452704230449e-11,2.0474103953909185e-11,1.533850552736365e-11,1.5575136313360876e-11,-2.992596906578169e-11,1.7886195172296506e-11,1.481832835241919e-11,1.4273879234940996e-11,1.9846352209436404e-11,5.042195446799226e-08,1.540658673089623e-11,1.4545879585110885e-11,1.663229709178177e-11,1.3965358525121983e-11,-3.058520006980922e-11,5.042195446798697e-08,2.5548431573863824e-11,1.4264452682041824e-11,6.923139470954749e-08,1.4859160765175765e-11,2.5548431075835557e-11,1.8411749367032193e-11,1.68845981390131e-11,2.62832451675236e-11,1.8879319655111647e-11,1.4859160660940894e-11,1.984635204447297e-11,1.4223447812264404e-11,1.5575136466629734e-11,1.4984663336887257e-11,1.7074453338736998e-11,1.663229709228198e-11,5.0421954468023084e-08,2.5548431573863824e-11,1.4252047506988119e-11,1.4737388105297617e-11,2.0474103953909185e-11,1.4247171627248988e-11,1.5338505587687626e-11,2.3652849739119773e-11,1.6683518148461513e-11,1.4320467577213981e-11,1.8399464398186513e-11,1.4031165238704837e-07,1.6646508358269885e-11,1.663229709228198e-11,1.5064702397049855e-11,-3.042663315920291e-11,2.5785966668173435e-11,1.3965358525121983e-11,1.54406431258459e-11,-3.028699550988799e-11,1.4642654888492695e-11,5.97445094783793e-08,1.6646571394176174e-11,1.580381964197043e-11,1.7886195172971088e-11,1.7426941420475874e-11
-3.5469517355074567e-07,8.188121064310075e-12,1.66465082945961e-11,-4.983086854390702e-07,5.613742397532841e-12,4.9257483567564306e-12,6.0790834332901446e-12,6.104773846715453e-12,6.176630672181533e-12,2.0305111856408058e-11,4.4619966194209994e-12,5.75730016846414e-12,4.4775855440035165e-12,5.5984768998363435e-12,4.477585373358768e-12,4.9257483567564306e-12,5.628285445374335e-12,4.477585492241407e-12,5.576311808252393e-12,1.309401168802535e-10,1.3094011665774952e-10,6.049146394424717e-12,1.3094011688028791e-10,1.16229493585814e-11,6.14619224210317e-12,1.950784007765697e-11,6.048129206474542e-12,5.788447311908575e-12,6.048129206474542e-12,1.164345662143109e-08,5.757300134240163e-12,5.658155835026869e-12,5.788447225869255e-12,5.678403837594102e-12,5.6423968866539094e-12,4.9257483567564306e-12,5.908806417964719e-12,5.815584414745437e-12,1.1622949345548013e-11,1.0899893941901286e-11,5.075624054615973e-12,5.598476674108408e-12,1.2012950018887273e-08,5.598476902185105e-12,1.1738751893784876e-08,4.925748406078126e-12,5.607560004441609e-12,2.2317014474703375e-11,2.1142573220477014e-11,4.7215909987557936e-12,5.893233672261486e-12,5.6010554703028975e-12,5.598476902185105e-12,6.128017411799447e-12,5.535293762328111e-12,4.47758567136536e-12,5.792315559529435e-12,5.535293835283609e-12,1.292074091517405e-10,5.900963456765657e-12,5.5984768998363435e-12,5.7665116723783795e-12,5.412609161179321e-07,5.5678618963749245e-12,4.420071657919471e-12,5.719976952467516e-12,5.647813726509546e-12,5.693350121857322e-12,5.599289207495746e-12,5.980194079416705e-12,5.770206057811991e-12,5.788447311908575e-12,1.3097519124192057e-10,4.477585480535411e-12,5.678404086668643e-12,5.598476902185105e-12,6.048129206474542e-12,1.0899893941832098e-11,5.815584682867925e-12,5.6374290192158765e-12,4.390928581852481e-12,5.535293835283609e-12,1.3094011665774091e-10,1.0899893852081435e-11,1.1758834233455306e-11,5.576311816254077e-12,1.6646508358269885e-11,5.75030563223106e-12,1.1758834219617305e-11,4.9257483567564306e-12,5.9967112948186595e-12,1.1740672225108027e-11,5.050484476949742e-12,5.75030577361349e-12,6.048129206474542e-12,5.550760215106153e-12,5.788447311908575e-12,5.8154748211429756e-12,6.02995055265936e-12,4.390928581852481e-12,1.0899893690683322e-11,1.175883416830439e-11,5.5678618963749245e-12,5.647813726509546e-12,5.980194251303887e-12,5.581499560538501e-12,5.770206057811991e-12,5.871211699857083e-12,6.085414419195569e-12,5.632069529424894e-12,6.40757529221544e-12,3.667851049497683e-11,1.1738751893748214e-08,4.390928556014291e-12,5.6939356666861084e-12,1.306763866497569e-10,1.1622949100069385e-11,5.535293835283609e-12,5.86549691664868e-12,1.3094941945119865e-10,5.654451740013036e-12,1.4788853737864088e-11,5.908806409524276e-12,5.8975943330946895e-12,4.47758567136536e-12,6.2351649025965634e-12
-3.9681627288596804e-07,7.358228450550105e-12,1.4306548860479735e-11,5.613742397532841e-12,-4.997153048902476e-07,5.265760824514893e-12,5.572686081165436e-12,5.786948514659162e-12,5.639298737771618e-12,1.714225756840278e-11,4.831550126132942e-12,5.400087367548954e-12,4.931809362361439e-12,5.16384730186212e-12,4.931809362361439e-12,5.265760808604631e-12,5.2283749439859146e-12,4.9318093635765035e-12,5.149254126585578e-12,1.1682322779189898e-10,1.1682322792766703e-10,5.6997513107695254e-12,1.1682322797494366e-10,1.0181919344484596e-11,5.778068035584905e-12,1.6447897423858025e-11,6.115460331839095e-12,5.4320489673101585e-12,6.115460200956636e-12,5.650683790816278e-12,5.4000871659391935e-12,5.248133022219809e-12,5.432048951493893e-12,5.27637070372617e-12,5.1945589417206065e-12,5.265760918797638e-12,5.629825558023715e-12,5.428644354114261e-12,1.0181919344484596e-11,9.679635557404344e-12,5.5226990693368095e-12,5.163847537965126e-12,5.8036784807495516e-12,5.16384730186212e-12,5.613742084646177e-12,5.26576091879319e-12,5.2117150302432445e-12,1.8994021965009067e-11,1.7831291269535245e-11,1.0375276598865312e-08,5.546757067851601e-12,5.163436468604452e-12,5.163847360748668e-12,6.308324626970912e-12,5.0891883480819914e-12,4.931809235518125e-12,5.394756347394704e-12,5.089188051858741e-12,1.1611934711807332e-10,5.551293426436577e-12,5.16384730186212e-12,5.354291474629595e-12,4.819713336587318e-07,5.142740411969605e-12,4.8145790476155284e-12,5.311875476588485e-12,5.2482961931882105e-12,5.2805390402779915e-12,5.163691810267594e-12,6.154579655818477e-12,5.392527674219707e-12,5.432048967287575e-12,1.169443046619442e-10,4.931809235518125e-12,5.27637070372617e-12,5.16384730186212e-12,6.115460735434267e-12,9.679635794462561e-12,5.428644242186296e-12,5.219439678994444e-12,4.745990247965663e-12,5.089188051858741e-12,1.1682322779189898e-10,9.679635794462561e-12,1.0242105034973516e-11,5.1492538684234096e-12,1.4306548833771716e-11,5.325284501353223e-12,1.0242105100665503e-11,5.2657611211413565e-12,5.731640331613178e-12,1.0313542046087465e-11,5.39626009872282e-12,5.325285012902587e-12,6.11546076924282e-12,5.12892863772148e-12,5.432049059618625e-12,5.3778607271264135e-12,5.774233673741373e-12,4.745990280988041e-12,9.679635637606786e-12,1.0242105034973516e-11,5.142740666533106e-12,5.248296193199357e-12,6.154580175871678e-12,5.150313179442754e-12,5.392527674219707e-12,6.507787226409063e-12,5.74256392072367e-12,5.189170142259444e-12,6.1858464235040074e-12,3.070927120943935e-11,5.613742083501388e-12,4.745990280988041e-12,5.314515953677789e-12,1.1669414691403852e-10,1.0181919590203547e-11,5.089188051858741e-12,5.4636898786656214e-12,1.1687563173695708e-10,5.24123088270068e-12,1.2628272700040639e-11,5.629825833004335e-12,5.524876636479101e-12,4.9318093635765035e-12,5.91877955912247e-12
-3.7831611251319666e-07,8.175746377281224e-12,1.8411749378455e-11,4.9257483567564306e-12,5.265760824514893e-12,-5.052209833648254e-07,5.7872957874334445e-12,5.227420249766842e-12,5.946939555230126e-12,2.3356250605672053e-11,2.0464279706001656e-12,5.116918716767559e-12,1.7703631851721806e-12,5.248307567851043e-12,1.770363232619725e-12,4.826011412885189e-09,5.161830700823467e-12,1.770363116086375e-12,5.21041160699419e-12,1.2878335754455123e-10,1.287833574671088e-10,5.286874491172454e-12,1.2878335762672175e-10,1.2332325374345453e-11,5.40932244247961e-12,2.2510098647625183e-11,3.99931744274173e-12,5.1349257432847945e-12,3.99931744274173e-12,4.6603503656210985e-12,5.116918875809827e-12,5.212757852709484e-12,5.1349257432847945e-12,5.201551058667715e-12,5.318308143282032e-12,4.826011412925602e-09,4.977892472303171e-12,5.246593366654619e-12,1.2332325184470656e-11,1.1176394259395607e-11,4.366628052784397e-09,5.2483074674278974e-12,4.85484096399269e-12,5.248307364565656e-12,4.925748406247774e-12,4.826011412923738e-09,5.1355254565098894e-12,2.5190946821156194e-11,2.4364549730721543e-11,1.863432914801788e-12,5.174388514901416e-12,5.259186952972092e-12,5.2483074674278974e-12,3.7030591858224815e-12,5.241495896407088e-12,1.7703627192524267e-12,5.263778882827758e-12,5.241496255721418e-12,1.246111875400192e-10,5.189484607428661e-12,5.248307622273648e-12,5.291157068043314e-12,5.436805449522095e-07,5.198809188398372e-12,1.9416326990669916e-12,5.247688378594768e-12,5.173511963218005e-12,5.244720178701336e-12,5.25185086483908e-12,3.622972980847965e-12,5.188343468962229e-12,5.1349257432847945e-12,1.28572023229937e-10,1.7703627192524267e-12,5.2015510552598484e-12,5.248307364659225e-12,3.999316962125792e-12,1.117639440056778e-11,5.246593068904556e-12,5.223231666876625e-12,2.0435107872734617e-12,5.241495896407088e-12,1.287833574671088e-10,1.117639440056778e-11,1.2651670857101416e-11,5.210411606994121e-12,1.841174942763785e-11,5.319459864050785e-12,1.2651670711052149e-11,4.826011412964093e-09,5.019042996084473e-12,1.2367046457428128e-11,4.9564520942968205e-09,5.319459780653743e-12,3.9993168572434394e-12,5.17739417213357e-12,5.1349257432847945e-12,5.402390306398669e-12,5.012587249387295e-12,2.0435107872734617e-12,1.117639440056778e-11,1.265167085744288e-11,5.1988092752735235e-12,5.173511962762024e-12,3.622972980847965e-12,5.22651776877784e-12,5.188343469270556e-12,2.194002045806123e-12,5.290652637499205e-12,5.296253466586179e-12,5.195151013833966e-12,4.281915566078625e-11,4.9257483567568975e-12,2.0435105742019585e-12,5.142708112956327e-12,1.2820645732240828e-10,1.2332325184470656e-11,5.241496255721418e-12,5.324886373726233e-12,1.2867284513059795e-10,5.219893739989418e-12,1.662343396997582e-11,4.977892087476563e-12,5.2576006246890925e-12,1.7703627192524267e-12,5.310218507139058e-12
-3.9356188858973537e-07,7.897485538797406e-12,1.5263462162073348e-11,6.0790834332901446e-12,5.572686081165436e-12,5.7872957874334445e-12,-4.980818757409901e-07,6.260918325076544e-12,6.063329401919967e-12,1.823430251772512e-11,5.311014253832771e-12,5.830394878203854e-12,5.439596192956233e-12,5.558835877583904e-12,5.439596288838712e-12,5.7872953282582914e-12,5.635205134683524e-12,5.4395963953093915e-12,5.54406389911343e-12,1.10851255021672e-10,1.10851255021672e-10,6.1601024982924615e-12,1.108512552193639e-10,1.0895602040164986e-11,6.2433195597475895e-12,1.7489166907229694e-11,6.675021145186871e-12,5.8654325251795424e-12,6.675021362348638e-12,6.125492698707831e-12,5.830394929657826e-12,5.655302019838685e-12,5.865432070077565e-12,5.687419058474034e-12,5.5905947380728725e-12,5.7872953282582914e-12,6.095073276035227e-12,5.856814963721745e-12,1.0895602472295702e-11,1.0381071902681972e-11,6.0849574632396345e-12,5.558835933480544e-12,6.2949215262372304e-12,5.558836285440066e-12,6.079083386181091e-12,5.7872955039507935e-12,5.617524562499504e-12,4.040210555711828e-08,1.8963813366841938e-11,5.735559003178486e-12,5.9929123017359616e-12,5.557912832509566e-12,5.558836285516167e-12,6.902414930964191e-12,5.475162867880104e-12,5.439596288838712e-12,5.817989019792251e-12,5.475162867880104e-12,1.1019901883058316e-10,5.99747296688196e-12,5.558836285440066e-12,5.771155835230871e-12,4.880055645639524e-07,5.5372115109574165e-12,5.296027265714858e-12,5.725289870999418e-12,5.657044836424674e-12,5.690328103407465e-12,5.558628531888403e-12,6.732992546681175e-12,5.818893476091036e-12,5.8654325251795424e-12,1.1098996508839801e-10,5.439596288838712e-12,5.687419058474034e-12,5.558836285440066e-12,6.675021145186871e-12,1.0381071902699626e-11,5.856815081301134e-12,5.6224585218094576e-12,5.214830309059161e-12,5.475162867880104e-12,1.108512552193639e-10,1.038107202638642e-11,1.0947601860283258e-11,5.54406389911343e-12,1.5263462162073348e-11,5.737199888325074e-12,1.0947601921609126e-11,5.7872953282582914e-12,6.2017720210288825e-12,1.1041576881081758e-11,5.9313345731903515e-12,5.737199888325074e-12,6.675021145186871e-12,5.5226214892585405e-12,5.8654325251795424e-12,5.793365004659426e-12,6.249930078182654e-12,5.214830309059161e-12,1.0381071902699626e-11,1.0947601921609126e-11,5.5372115109574165e-12,5.657045073937514e-12,6.73299265329793e-12,5.5445803600790895e-12,5.818893476091036e-12,7.178379032461356e-12,6.208018227830105e-12,5.585442093548216e-12,6.6972732692596425e-12,3.26434497570379e-11,6.079083386181091e-12,5.214830058560501e-12,5.732945099608012e-12,1.1072712665299028e-10,1.0895602040164986e-11,5.4751623846804075e-12,5.89260849689247e-12,1.1091151063339224e-10,5.647085814971343e-12,2.684391839047847e-08,6.095073029246283e-12,5.964670439051496e-12,5.439596288838712e-12,6.406102452741683e-12
-3.635210189209078e-07,8.406424987433525e-12,1.6967235681296242e-11,6.104773846715453e-12,5.786948514659162e-12,5.227420249766842e-12,6.260918325076544e-12,-4.974165685876148e-07,6.356802489041139e-12,2.063291349212944e-11,4.7435848337935845e-12,5.954955366622627e-12,4.781002704743744e-12,5.771385734555732e-12,4.781002705798832e-12,5.2274205686170276e-12,5.810182291508645e-12,4.781002704743744e-12,5.749722644374769e-12,1.231014199731683e-10,1.2310142032706423e-10,6.263293830832392e-12,1.2310142032706423e-10,1.1885090247285377e-11,1.2696429737489268e-08,1.981699607505309e-11,6.348367726467701e-12,5.987805947774559e-12,6.348367591441556e-12,6.068786894659583e-12,5.954955877362763e-12,5.839427171467347e-12,5.987805700052791e-12,5.8623681793033925e-12,5.814794372490383e-12,5.2274205686172465e-12,6.131067455547849e-12,6.009778946659921e-12,1.1885090225456165e-11,1.1172914327106474e-11,5.407381899757414e-12,5.771385714357229e-12,6.260074384744456e-12,5.771385714357229e-12,6.104773674661482e-12,5.2274205686172465e-12,1.1554472200046993e-08,2.2714639339229552e-11,2.1480267617835932e-11,5.042291061132082e-12,6.100106402027998e-12,5.7734576073708664e-12,5.771385734555732e-12,6.4556426546788894e-12,5.7025348513392926e-12,4.781002705798832e-12,5.9830578713330834e-12,5.702534790223248e-12,1.2147807725914816e-10,6.107585633352149e-12,5.771385714357229e-12,5.9527517316437885e-12,5.326158296948642e-07,5.741248742546066e-12,4.704717037697679e-12,5.904720679708637e-12,5.830761683353776e-12,5.875789594872697e-12,5.772084361477317e-12,6.2990648651981626e-12,1.1903572009321142e-08,5.987805940400338e-12,1.2315262767516775e-10,4.781002704743744e-12,5.8623681153174954e-12,5.771385714357229e-12,6.348367736812636e-12,1.1172914437471003e-11,6.0097789797930864e-12,1.1607654176422174e-08,4.665766954369256e-12,5.7025348513392926e-12,1.2310142032706423e-10,1.1172914327106474e-11,1.2010882452508708e-11,5.749722378149439e-12,1.6967235682054208e-11,5.932932872810066e-12,1.2010882730017945e-11,5.2274205686172465e-12,6.222686914490942e-12,1.2011551760141328e-11,5.359757021022943e-12,5.93293285971298e-12,6.348367736812636e-12,5.723993581452335e-12,5.987805940400338e-12,5.998940278371223e-12,6.259603938425832e-12,4.665766954369256e-12,1.1172914327106474e-11,1.2010882452508708e-11,5.7412489795725775e-12,5.830761683353776e-12,6.299064922549555e-12,5.754296606893818e-12,1.1903572009332357e-08,6.275255154638283e-12,6.302784073658748e-12,5.804985314678521e-12,6.658775884235138e-12,3.723115052775645e-11,6.104773674661482e-12,4.6657667057890776e-12,5.8835744617382384e-12,1.2285103851758776e-10,1.1885089910631284e-11,5.7025348513392926e-12,6.0589410768314415e-12,1.2311828413580902e-10,5.834791247543195e-12,1.505255113388306e-11,6.131067506370258e-12,6.0990410472384874e-12,4.781002704772681e-12,1.2905376939869958e-08
-3.9187836455860624e-07,1.5908256187075185e-08,1.5327397645325353e-11,6.176630672181533e-12,5.639298737771618e-12,5.946939555230126e-12,6.063329401919967e-12,6.356802489041139e-12,-4.978141318201605e-07,1.826951704453333e-11,5.462018972947627e-12,5.9120201708506e-12,5.604562978300276e-12,5.62539727990358e-12,5.604562978300276e-12,5.946939306444896e-12,5.707496521799199e-12,5.604562857057711e-12,5.61116570559684e-12,1.1032554740394113e-10,1.1032554725588153e-10,6.250053037529989e-12,1.1032554725616018e-10,1.0966134769688597e-11,6.3330490314307895e-12,1.7519363260030257e-11,6.823286469287445e-12,5.947919946166926e-12,6.823286469287445e-12,6.2320528081412205e-12,5.912020032853257e-12,5.726891880191205e-12,5.947919959338801e-12,5.760633826760481e-12,5.656385447289985e-12,5.94693909983655e-12,6.19172673802802e-12,5.935593458282862e-12,1.0966134773195095e-11,1.0465536164516812e-11,6.263445714175353e-12,5.625397628771104e-12,6.4032537438416165e-12,5.62539727990358e-12,6.176630672181533e-12,5.946939366608422e-12,5.68987362008316e-12,2.0305913630128166e-11,3.791716486791086e-08,5.9098127072096575e-12,6.0794396049453635e-12,5.624110358287002e-12,5.62539727990358e-12,7.0684621813946486e-12,5.53851867728348e-12,5.604562978300276e-12,5.8946718466399025e-12,5.538518677514162e-12,1.0976683915999138e-10,6.083751241810499e-12,5.62539727990358e-12,5.845079563545644e-12,4.891292611254352e-07,5.604378657859043e-12,5.449503561646434e-12,5.798645946032089e-12,5.729864128373765e-12,5.762376392093381e-12,5.625095585609521e-12,6.894551198750853e-12,5.897914422257127e-12,5.9479199219611395e-12,1.104754555376776e-10,5.604562978300276e-12,5.760634057933733e-12,5.62539727990358e-12,6.823286407090287e-12,1.0465536495191359e-11,5.935593458282862e-12,5.692372234202294e-12,5.361985699872761e-12,5.538518677514162e-12,1.1032554740394113e-10,1.0465536398162794e-11,1.1010295626614094e-11,5.611165940368468e-12,1.5327397679946884e-11,5.808867394926703e-12,1.1010295355458626e-11,5.946939306444896e-12,6.30073700922095e-12,1.1116914383681039e-11,6.094898238936774e-12,5.808867394926703e-12,6.823286224137155e-12,5.589841531949628e-12,5.947919959338801e-12,5.864933420852113e-12,6.3510508883306975e-12,5.3619856879677256e-12,1.0465536398162794e-11,1.1010295626614094e-11,5.604378657859043e-12,5.729864128373765e-12,6.894551198750853e-12,5.611222585777302e-12,5.897914422257127e-12,7.399421270700113e-12,6.299794107422774e-12,5.651679215930677e-12,6.810128930674018e-12,3.267816913111748e-11,6.176630672181533e-12,5.361985935914594e-12,5.809803639899329e-12,1.1021318890831312e-10,1.0966134593555937e-11,5.5385185828193994e-12,5.970444532318393e-12,1.103911587706497e-10,5.718099501472019e-12,1.3493188535163834e-11,6.19172673802802e-12,6.047531890562136e-12,5.604562978300276e-12,6.5054983054133005e-12
-3.50354798555117e-07,2.3013328418438265e-11,7.937700935161127e-08,2.0305111856408058e-11,1.714225756840278e-11,2.3356250605672053e-11,1.823430251772512e-11,2.063291349212944e-11,1.826951704453333e-11,-4.2043180078286245e-07,2.1621380153720628e-11,1.870548837580074e-11,2.2865788047685262e-11,1.710469337034454e-11,2.2865788071833504e-11,2.3356250611676276e-11,1.764945171802578e-11,2.2865788047685262e-11,1.710389927762331e-11,-9.299364375541142e-11,-9.299364375541142e-11,2.0014758713174827e-11,-9.299364362964485e-11,5.987437115262108e-08,2.0207181927887498e-11,8.542724077675707e-08,2.475210034679293e-11,1.8840399615132944e-11,2.4752100343935607e-11,2.087269676648769e-11,1.8705488392994303e-11,1.7654364618319292e-11,1.884039957323905e-11,1.7830677558162017e-11,1.7136404058382146e-11,2.3356250612322307e-11,2.0289584831944886e-11,1.858620380255864e-11,5.987437115265968e-08,2.966870214024834e-11,2.5227737462662284e-11,1.7104693306615434e-11,2.1481440839195515e-11,1.7104692920862803e-11,2.0305111961097196e-11,2.335625059416813e-11,1.760946766500295e-11,1.0284259318864904e-07,9.287500787370848e-08,2.415823004979214e-11,1.9401995426998077e-11,1.707967656368202e-11,1.7104692898030595e-11,2.636735088312872e-11,1.6703436872580583e-11,2.2865788047685262e-11,1.836223113918164e-11,1.6703436872580583e-11,-8.934735205108486e-11,1.9399411571038114e-11,1.7104692898819147e-11,1.8073468167751392e-11,5.750610837946753e-07,1.7091142532037642e-11,2.1733127965372854e-11,1.7928100243809652e-11,1.7733361797376508e-11,1.7765701505950735e-11,1.7100665326873822e-11,2.568215612372831e-11,1.851529813364357e-11,1.8840399850020252e-11,-9.206734891150508e-11,2.2865788153606454e-11,1.7830677496311836e-11,1.7104692898819147e-11,2.4752100343935607e-11,2.966870227909816e-11,1.85862039574771e-11,1.7467931860877256e-11,2.1148089642203813e-11,1.6703436872580583e-11,-9.299364362964485e-11,2.96687022790942e-11,2.958787350073166e-11,1.7103899399625633e-11,7.937700935171746e-08,1.784788218896411e-11,2.958787350073166e-11,2.3356250611676276e-11,2.0588107408615787e-11,6.114828239576848e-08,2.394784802006633e-11,1.784788218896411e-11,2.4752100347122973e-11,1.7060298749847094e-11,1.8840399850020252e-11,1.7988165576531582e-11,2.083827337177434e-11,2.1148089642203454e-11,2.96687022790942e-11,2.958787350073166e-11,1.7091142532037642e-11,1.7733362068372958e-11,2.5682155797936937e-11,1.7076454573785822e-11,1.851529830193026e-11,3.027298184273339e-11,2.0242171775412624e-11,1.7151458784358353e-11,2.2516081651053746e-11,1.574381496327935e-07,2.0305111800139546e-11,2.1148089782924202e-11,1.8170819330813006e-11,-9.261320518700055e-11,5.98743711527132e-08,1.6703436872580583e-11,1.8606377159945453e-11,-9.256999329490646e-11,1.7595406936991227e-11,6.804539972655259e-08,2.028958476541149e-11,1.9102367544017412e-11,2.2865788153606454e-11,2.120975841126654e-11
-2.2438442852482873e-07,7.512448451224255e-12,1.699487997867194e-11,4.4619966194209994e-12,4.831550126132942e-12,2.0464279706001656e-12,5.311014253832771e-12,4.7435848337935845e-12,5.462018972947627e-12,2.1621380153720628e-11,-5.065835042282674e-07,4.667155065873476e-12,1.438480781295204e-12,4.815638581221196e-12,1.438480941169004e-12,2.0464279706001656e-12,4.7254473374504914e-12,1.4384806827306746e-12,4.7796470230645234e-12,2.1694387037268623e-10,2.1694387038238344e-10,4.809376235244311e-12,2.169438704563071e-10,1.1354428840861986e-11,9.82402717628692e-09,2.0849876831512542e-11,3.527515268235453e-12,4.682464826756507e-12,3.527515040284275e-12,4.218682838771866e-12,4.6671553102887004e-12,4.773634618109268e-12,4.682464804235558e-12,4.760588667585995e-12,4.881320152546581e-12,2.0464279706001656e-12,4.511634578675161e-12,4.79216332202796e-12,1.1354428840864704e-11,1.0260737012131878e-11,1.8020941336978518e-12,4.815638772341704e-12,4.3784864672142205e-12,4.815638772341704e-12,4.461996458591346e-12,2.0464279706001656e-12,4.701158838006131e-12,2.3259483025822693e-11,2.2557552152436746e-11,1.507722871886872e-12,4.7114808917698075e-12,4.826328282171011e-12,4.815638772341704e-12,3.2255095725462392e-12,4.81504242248779e-12,1.438480781295204e-12,4.811727187559387e-12,4.815042474030996e-12,4.2518456946445215e-07,4.725698780697345e-12,4.81563879448916e-12,4.84211005964486e-12,6.965077342812795e-07,4.768863556963539e-12,3.2626104699662986e-09,4.803064976576305e-12,4.735391346253847e-12,4.802397943484811e-12,4.818929010591643e-12,3.1595012643518227e-12,4.7376274312881155e-12,4.682465000801906e-12,2.167474983264769e-10,1.438480781295204e-12,4.760588687297502e-12,4.815638667964612e-12,3.527515040284275e-12,1.0260737084816209e-11,4.79216332202796e-12,4.786482416379914e-12,3.471969554803862e-09,4.81504242248779e-12,2.1694387010676105e-10,1.0260737306275315e-11,1.1666368573627648e-11,4.779647168292609e-12,1.6994879726338885e-11,4.872421701736985e-12,1.1666368573627648e-11,2.046427969326952e-12,4.56210688596462e-12,1.1378783589915871e-11,2.0996986416641492e-12,4.872422134458825e-12,3.527515040284275e-12,4.748940362390252e-12,4.682464823942021e-12,4.948350709665257e-12,4.5523749999425715e-12,3.471969554754561e-09,1.0260737084816209e-11,1.1666368573627648e-11,4.768863556963539e-12,4.735391585540658e-12,3.1595010414130217e-12,4.7953200200358155e-12,4.737627557038474e-12,3.542497178256891e-09,4.809672230554645e-12,4.860205437940639e-12,4.721816566616417e-12,3.961526338284622e-11,4.46199645878576e-12,3.471969554771528e-09,4.699605253402994e-12,2.1639968161830374e-10,1.1354428840861986e-11,4.81504240450048e-12,4.866481801124775e-12,2.1684214431894724e-10,4.781489578846438e-12,1.5384663391549975e-11,4.511634578675161e-12,4.794960411252724e-12,1.4384812668160607e-12,4.813123740970383e-12
-3.7950105074064013e-07,7.775977063814558e-12,1.5467534512621265e-11,5.75730016846414e-12,5.400087367548954e-12,5.116918716767559e-12,5.830394878203854e-12,5.954955366622627e-12,5.9120201708506e-12,1.870548837580074e-11,4.667155065873476e-12,-4.988988932713888e-07,4.727292514064794e-12,5.386003096030965e-12,4.727292436558264e-12,5.116918875802304e-12,5.434087175400972e-12,4.7272925271293224e-12,5.367740423350584e-12,1.2190232142076853e-10,1.2190232172570724e-10,5.882626410973367e-12,1.219023216764847e-10,1.0900600405949689e-11,5.970150217990094e-12,1.795981971303514e-11,6.099704300191877e-12,5.617503240325544e-12,6.099704300191877e-12,5.7535597334302445e-12,1.1148512714721583e-08,5.458748111605655e-12,5.617503683193085e-12,5.483236774440126e-12,5.423136860913018e-12,5.116918875802304e-12,5.7787763285808306e-12,5.628720152193225e-12,1.090060041468489e-11,1.0291125010903277e-11,5.32327819746107e-12,5.386003704873662e-12,5.9225873882845164e-12,5.386003347546614e-12,5.75730016846414e-12,5.116918875802304e-12,5.415428779072855e-12,2.0639425944098447e-11,1.9467570718848957e-11,4.983840511978449e-12,1.1431824937272909e-08,5.387023453787843e-12,5.386003347546614e-12,6.2389459547362454e-12,5.3166260915620856e-12,4.727292436789302e-12,5.599822105214817e-12,5.316626091834874e-12,1.2070228745496473e-10,1.1443963372911812e-08,5.386003395402707e-12,5.566260147908282e-12,5.07702183402574e-07,5.360280199620445e-12,4.638171306157375e-12,5.521749138817613e-12,5.453875875348758e-12,5.492580887498767e-12,5.386314460136243e-12,6.087596362905592e-12,5.588067722288309e-12,5.617503240325544e-12,1.219823335833486e-10,4.727292385009394e-12,5.483236774440126e-12,5.386003313530243e-12,6.099703956678912e-12,1.0291125010931776e-11,5.62872039150834e-12,5.433785245293561e-12,4.5882887463266e-12,5.316626455786956e-12,1.2190232174090237e-10,1.0291125010949101e-11,1.0997184648993049e-11,5.3677408193863884e-12,1.5467534224515595e-11,5.543299676867521e-12,1.0997184648993049e-11,5.116918875802304e-12,5.874010481686249e-12,1.1025929508223863e-11,5.245035306705664e-12,5.543299700626037e-12,6.099703956678912e-12,5.344852751613792e-12,5.617503240325544e-12,5.6020747077822994e-12,5.912244325998269e-12,4.5882887463266e-12,1.0291125010949101e-11,1.0997184648993049e-11,5.360280199620445e-12,5.453875673738969e-12,6.08759661943396e-12,5.370781375293716e-12,5.588067722288309e-12,6.21995937985883e-12,5.9224249209084995e-12,5.415365013876209e-12,6.308477328462252e-12,3.365571915345421e-11,5.757300134240163e-12,4.588288571923725e-12,5.510660817922699e-12,1.2170824619438976e-10,1.0900600518132411e-11,5.316626455786956e-12,5.670983059961673e-12,1.2193411676502232e-10,5.45335433747927e-12,1.3698419259122867e-11,5.778776124341106e-12,5.7184199790421156e-12,4.727292436558264e-12,6.086488896870217e-12
-3.77106295857398e-07,7.771829296196756e-12,1.788619488520456e-11,4.4775855440035165e-12,4.931809362361439e-12,1.7703631851721806e-12,5.439596192956233e-12,4.781002704743744e-12,5.604562978300276e-12,2.2865788047685262e-11,1.438480781295204e-12,4.727292514064794e-12,-5.078268632122202e-07,4.914835071701726e-12,2.2199616541864727e-09,1.7703626253280268e-12,4.807565519394946e-12,2.2199616541439684e-09,4.875438615010721e-12,1.3610830992332788e-10,1.3610830992302674e-10,4.862471874215572e-12,1.3610830967677907e-10,1.1874054991377967e-11,4.983808975505202e-12,2.2052200604053984e-11,3.3710232578971573e-12,4.741712136251987e-12,3.371023521117116e-12,4.182708354249678e-12,4.727292385009394e-12,4.860401209670079e-12,4.741712095850415e-12,4.843114823978216e-12,4.9866905377637025e-12,1.7703631851721806e-12,4.532346183845992e-12,4.865966315529939e-12,1.1874054991377967e-11,1.0682184862901573e-11,1.4711938815529322e-12,4.914834746097904e-12,4.366272079916267e-12,4.914834746097904e-12,4.47758567136536e-12,1.7703627192524267e-12,4.7814575230638205e-12,2.4564711241450317e-11,2.386250860185058e-11,2.3312349608539736e-09,4.764940358657763e-12,4.926949400689407e-12,4.9148348028975175e-12,3.011063053341669e-12,4.920506310486998e-12,2.2199616542109424e-09,4.890971444112693e-12,4.9205065272149175e-12,1.316471468844426e-10,4.780747540140304e-12,4.914834728639054e-12,4.928606179686978e-12,5.456206044104269e-07,4.863769181435337e-12,1.3258417483957653e-12,4.888002075302134e-12,4.81703871569718e-12,4.8901060834921046e-12,4.918667033322961e-12,2.949540047097595e-12,4.807657735888327e-12,4.741712181462684e-12,1.358583216194491e-10,2.2199616542293376e-09,4.843114823978216e-12,4.9148348028975175e-12,3.3710235527885094e-12,1.0682184949962118e-11,4.865966441044047e-12,4.877203143673465e-12,1.450480127444903e-12,4.9205065272149175e-12,1.3610830992332788e-10,1.0682184949962118e-11,1.2218994677896234e-11,4.875438693726886e-12,1.7886195172296506e-11,4.9652035370680396e-12,1.2218994677896234e-11,1.7703627192524267e-12,4.5650129492362e-12,1.1889776383710501e-11,1.819558839128101e-12,4.96520368564881e-12,3.3710236437255006e-12,4.842475591046494e-12,4.741712093659177e-12,5.047124513690086e-12,4.550341702051072e-12,1.4504801268225145e-12,1.0682184862901573e-11,1.2218994297281261e-11,4.863769170990934e-12,4.817038697671301e-12,2.9495402007274194e-12,4.893069879017162e-12,4.807657549411769e-12,1.3154803078583626e-12,4.859156553946001e-12,4.963260641826374e-12,4.686121705906648e-12,4.2030803439083845e-11,4.477585607002425e-12,1.450480127444903e-12,4.7711024905289185e-12,1.3549558154354723e-10,1.1874054991377967e-11,4.9205065272149175e-12,4.946729933939046e-12,1.3597951629040123e-10,4.86967319002234e-12,1.6205744323888524e-11,4.5323462525250415e-12,4.861023069604217e-12,2.2199616541781794e-09,4.848881812083894e-12
-3.9512261243797126e-07,7.34024753429312e-12,1.4273879142238535e-11,5.5984768998363435e-12,5.16384730186212e-12,5.248307567851043e-12,5.558835877583904e-12,5.771385734555732e-12,5.62539727990358e-12,1.710469337034454e-11,4.815638581221196e-12,5.386003096030965e-12,4.914835071701726e-12,-4.997668321099624e-07,4.914834728639054e-12,5.248307364659225e-12,5.215083321792124e-12,4.9148348028975175e-12,5.1363670321630514e-12,1.179364892227001e-10,1.179364886928332e-10,5.684643011339122e-12,1.1793648853308027e-10,1.0157972497235523e-11,5.7628053248715635e-12,1.641206312458196e-11,6.096699775299309e-12,5.417855425715136e-12,6.096699904016984e-12,5.63508273453872e-12,5.386003704873662e-12,5.234831598099786e-12,5.417855595455361e-12,5.262932810980029e-12,5.181636989419363e-12,5.248307474327657e-12,5.614567680099649e-12,5.414626371058502e-12,1.0157972656770517e-11,9.656150039049757e-12,5.503817879639881e-12,1.0280533599142415e-08,5.787501053896159e-12,5.150954224890147e-12,5.5984768998363435e-12,5.248307446762405e-12,5.198456165430976e-12,1.8951271719353203e-11,1.779226596720376e-11,5.180440722248928e-12,5.532134653485984e-12,5.150560602689024e-12,5.150954224890147e-12,6.288308878983578e-12,5.07660128182014e-12,4.914834831448086e-12,5.3809064098419935e-12,5.07660128182014e-12,1.1723073237235375e-10,5.536674369781508e-12,5.150954224890147e-12,5.340651378028618e-12,4.83591398553774e-07,5.129864767547492e-12,4.798587125800704e-12,5.298353548877762e-12,5.234937038686859e-12,5.267144936520274e-12,5.1508044677532665e-12,6.135101124223057e-12,5.378578766670504e-12,5.417855595455361e-12,1.1805699187887413e-10,4.914834802854303e-12,5.262932648675987e-12,5.150954224890147e-12,6.096699796595791e-12,9.656150039049757e-12,5.414626054730406e-12,5.206274116379707e-12,4.730436471307497e-12,5.0766009645336936e-12,1.1793648922220022e-10,9.656150039049757e-12,1.0218369075606683e-11,5.136366823495407e-12,1.427387881529838e-11,5.311809051343927e-12,1.0218369218478023e-11,5.2483074674278974e-12,5.716196436600939e-12,1.0289084981611115e-11,5.378347758345204e-12,5.3118090493591204e-12,6.096699774964901e-12,5.116080903904061e-12,5.4178557454035444e-12,5.364283750970033e-12,5.758599682369606e-12,4.730436471307497e-12,9.656150205291002e-12,1.0218369341033196e-11,5.129864767547492e-12,5.234936604416832e-12,6.135101125903028e-12,5.1374448514805e-12,5.378578766670504e-12,6.485255686079809e-12,5.7272781172518775e-12,5.176238818882145e-12,6.1689723365180904e-12,3.064226429604873e-11,5.598476902185105e-12,4.730436261757532e-12,5.300831254696779e-12,1.178072163336704e-10,1.0157972497235523e-11,5.07660122784462e-12,5.449634738727189e-12,1.1798864214978346e-10,5.2279680636712785e-12,1.260013052644613e-11,5.614567747070422e-12,5.510467417012804e-12,4.9148348028975175e-12,5.902777928300263e-12
