1.000000007372927,5.932616130998808e-06,6.166982684114343e-06,0.9999736421737734,0.9999637804455237,6.025387019525144e-06,6.092328275834387e-06,0.9999724579417703,6.255781246218214e-06,6.025387021624646e-06,5.880161653915819e-06,0.9999712139757746,5.837517311142478e-06,0.9999581607986822,0.9999569973395168,0.9999569973395135,5.880161653909563e-06,6.024204232410806e-06,6.126976811101155e-06,6.130692417401717e-06,0.9999724579417741,5.866558060525561e-06,6.124745613422227e-06,6.094970468122073e-06,5.893614244242708e-06,5.954436999828045e-06,0.9999736421737734,5.955425397849893e-06,0.9999722477160566,5.8353799635189825e-06,5.955425398726576e-06,0.999965923788953,0.9999730678047423,0.9999569973395142,6.33881345651908e-06,5.875870275483383e-06,0.9999759341685407,5.8936142440920956e-06,5.95542540190048e-06,0.9999659237889521,0.9999724579417724,5.866033620916533e-06,0.9999731750305875,6.0949704701206614e-06,0.9999600950821038,0.99996372966186,0.9999736421737748,5.984364798058518e-06,5.837517309470595e-06,0.999970542013257,0.9999708011875771,6.160762542969085e-06,0.9999637804455233,0.9999637804455281,6.338813455252105e-06,0.9999580639763512,0.9999662814443564,0.9999588296644987,0.9999580639763507,0.999964211623584,5.955425401285747e-06,6.139864278782439e-06,5.837517305811263e-06,5.531422675714519e-06,0.9999732660418315,5.955425397851685e-06,0.9999737902255578,0.9999729553939591,5.955425399719644e-06,5.870116974275148e-06,6.025387022696681e-06,6.100236459187737e-06,0.999957924449914,0.9999569973395167,6.167635256998529e-06,6.025387023241399e-06,6.176722576372207e-06,0.9999730998729848,5.970206395154389e-06,5.866558062954671e-06,0.9999639986062481,6.141801869831508e-06,5.837517311093722e-06,0.9999722477160549,6.025387022692574e-06,0.9999664541321853,6.025387022695198e-06,5.835379963518823e-06,0.9999719850630434,0.9999639986062501,0.9999639395997532,0.9999575165094751,0.9999637464428298,5.955425397851379e-06,6.025371601841058e-06,6.197192131788316e-06,0.9999740979126357,0.9999663510386464
5.932616130998808e-06,1.6062459980594602e-05,2.2557993108404014e-13,2.0091660503156453e-10,2.0091466349979449e-10,8.821465712496741e-17,1.003822588132129e-16,2.009163707222156e-10,1.2898446933094376e-16,8.821465712496741e-17,6.386761552868562e-17,2.0091612565253388e-10,5.5164492617740526e-17,2.00913557232789e-10,2.0091332862220013e-10,2.0091332862220013e-10,6.386786738299871e-17,8.801316820584006e-17,1.0616730385706182e-16,1.0650045511554242e-16,2.009163707222156e-10,5.996283926655186e-17,1.0592331045077329e-16,1.0023460381672687e-16,6.596505846144126e-17,7.561471028019601e-17,2.0091660496151585e-10,7.575987208223814e-17,4.007419949830855e-07,1.0930598858422916e-13,7.566118312378813e-17,2.0091508543356205e-10,2.0091649071474867e-10,2.0091332871529137e-10,1.4348754032812318e-16,6.296466528430826e-17,2.009170564559922e-10,6.596505846144126e-17,7.575698706652634e-17,2.0091508543343942e-10,2.009163707222156e-10,1.214860730213689e-13,2.0091651168486961e-10,1.0023460381672687e-16,4.0073722503758123e-07,2.0091465347876774e-10,2.0091660496151585e-10,8.087344168979997e-17,5.522970386801224e-17,4.007413248093196e-07,4.0074142647763046e-07,1.1177780345316605e-16,2.0091466350912684e-10,2.0091466349437451e-10,1.4338538531295593e-16,2.0091353854025693e-10,2.009151558049077e-10,4.0073672911095636e-07,2.0091353835465404e-10,2.009147482843306e-10,7.575987208223814e-17,1.0852150601207023e-16,5.5354439415030023e-17,-1.2559836738863087e-16,2.0091652977340012e-10,7.566118312378813e-17,2.0091663299689311e-10,2.0091646860192694e-10,7.56624825272222e-17,6.072367291167272e-17,8.82644550754285e-17,1.0114439875371874e-16,2.0091351107946158e-10,2.0091332871529137e-10,1.1316721833609487e-16,8.821465712496741e-17,2.2960614983698354e-13,2.009164973315415e-10,7.842379002020847e-17,5.99628392665519e-17,4.007387574033702e-07,1.08785777436083e-16,5.522970386801224e-17,4.007419949830858e-07,8.826345775789157e-17,2.0091518951468672e-10,8.832109181684146e-17,1.0930598869485898e-13,2.0091627740309975e-10,4.0073875740337124e-07,2.0091469457376343e-10,4.007362135931601e-07,2.0091465658955337e-10,7.56624825272222e-17,8.831445482317399e-17,1.1819868123543607e-16,2.0091669446686858e-10,2.0091516953464528e-10
6.166982684114343e-06,2.2557993108404014e-13,1.606246018379074e-05,3.184167464449719e-10,6.350988695469997e-07,2.7238352199672365e-13,3.0907375007454643e-13,3.184163763653505e-10,3.982436334362644e-13,2.7238352181622475e-13,1.9638873718468872e-13,6.351034726454355e-07,8.571129431090375e-17,6.350953870396054e-07,6.350946668190963e-07,6.350946668190948e-07,1.9638873744006324e-13,2.7166181659500393e-13,3.265565050127634e-13,3.2885129562329605e-13,3.1841637636019435e-10,9.484917927253904e-17,3.272576515390389e-13,3.08836316701985e-13,1.0273061736803493e-16,1.1695123065138435e-16,3.184167464442833e-10,1.1722202146016873e-16,3.1841631117791023e-10,8.500431950921581e-17,1.1731216426775254e-16,3.1841434772595516e-10,3.184165658916237e-10,6.350946668190963e-07,4.4254197773089795e-13,9.76091278829699e-17,6.351064041829026e-07,1.0260855501514476e-16,1.1724766211556317e-16,3.184143477069941e-10,3.1841637634729984e-10,9.46787629784497e-17,3.184165991683916e-10,3.088363172215916e-13,6.350965848004878e-07,6.350988380755848e-07,3.1841674644487127e-10,1.251532360360814e-16,8.569219287376794e-17,6.351030564467443e-07,6.351032169215139e-07,3.447038596566254e-13,6.350988695470002e-07,6.350988695469998e-07,4.425419774452906e-13,6.350953271337015e-07,3.184144588077205e-10,6.350958021641224e-07,6.35095327133701e-07,6.350991365252485e-07,1.1731516273168091e-16,3.3442863038863784e-13,8.565712588710157e-17,-4.708865534337733e-13,3.1841662790618533e-10,1.172707717557593e-16,3.1841679060206624e-10,3.184165310143228e-10,1.1721855149558943e-16,9.606224086488575e-17,2.723835213709387e-13,1.5646030915687123e-16,6.350952414694864e-07,6.350946668190958e-07,3.4931107685986413e-13,2.7238352133609507e-13,3.553246130063618e-13,3.1841657581262613e-10,1.2134925239991488e-16,9.49878275057056e-17,6.350990038416442e-07,3.356672361923794e-13,8.569951339342622e-17,3.1841631117828e-10,2.7238352131571767e-13,6.351005257021288e-07,2.7238352128520595e-13,8.494908175677927e-17,6.351039505959396e-07,6.350990038416469e-07,6.350989673740955e-07,6.35094988343461e-07,6.350988477046617e-07,1.1720874521390206e-16,2.7238838437823046e-13,3.646134949454125e-13,3.1841688779840625e-10,3.1841448044129873e-10
0.9999736421737734,2.0091660503156453e-10,3.184167464449719e-10,0.9999690087208982,0.9999430846864226,2.474274558528757e-10,2.8098860223618424e-10,0.9999517620480932,3.6293611083886395e-10,2.474274558497532e-10,1.7461843207810964e-10,0.9999505181013542,1.532385719290564e-10,0.999937465126704,0.9999363016855892,0.9999363016855877,1.746184322533782e-10,2.468344593020353e-10,2.983597057707087e-10,3.0022253867696247e-10,0.9999517620480937,1.6779824208257096e-10,2.972411113088939e-10,2.8231325358227923e-10,1.813629313349621e-10,2.1185650136396872e-10,0.9999529462618355,2.1235203813722525e-10,0.9999515518256388,1.5216700583335673e-10,2.1235203812432457e-10,0.9999452279966312,0.9999523719016069,0.9999363016855881,4.0456448041738577e-10,1.7246694833532444e-10,0.9999552382210956,1.8136293110205858e-10,2.1235203799595136e-10,0.9999452279966314,0.9999517620480914,1.6753531490651025e-10,0.999952479125787,2.8231325378959364e-10,0.9999393993801164,0.9999430339035472,0.9999529462618368,2.268608687051842e-10,1.5323857124066932e-10,0.9999498461492609,0.9999501053195583,3.1529825508179066e-10,0.9999430846864223,0.9999430846864222,4.0456448023122846e-10,0.9999373683058747,0.9999455856464854,0.9999381339821614,0.9999373683058752,0.9999435158577927,2.123520380025009e-10,3.048208775513446e-10,1.5323857110118974e-10,-2.2747518731449193e-13,0.9999525701356332,2.1235203807955686e-10,0.9999530943112304,0.9999522594925692,2.123520379982975e-10,1.6958251476314586e-10,2.4742745557458186e-10,2.849533734752761e-10,0.9999372287816153,0.9999363016855896,3.1874391645163207e-10,2.474274555216504e-10,3.2329987291602905e-10,0.9999524039693506,2.1976252365180572e-10,1.677982428543276e-10,0.9999433028437441,3.057922946308297e-10,1.5323857160722808e-10,0.9999515518256381,2.4742745551217625e-10,0.9999457583316199,2.474274555091226e-10,1.521670059444628e-10,0.9999512891766702,0.9999433028437444,0.9999432438381646,0.9999368208474949,0.9999430506842398,2.1235203774881642e-10,2.474197247558935e-10,3.3356231089717435e-10,0.9999534019936227,0.9999456552397015
0.9999637804455237,2.0091466349979449e-10,6.350988695469997e-07,0.9999430846864226,0.9999492856669872,4.935070099452136e-07,5.604464734782999e-07,0.9999419004843207,7.238950707317312e-07,4.935070099563822e-07,1.746167443873016e-10,0.9999406565497997,1.5323709272828309e-10,0.999927603703314,0.999926440273622,0.9999264402736224,1.7461674452768725e-10,4.923242475049104e-07,2.983568344159057e-10,3.002196491171632e-10,0.9999419004843209,1.67796619568455e-10,5.928629526318765e-07,2.8231053693238323e-10,1.813611772307049e-10,2.118544605949268e-10,0.9999430846864232,2.1234999249471585e-10,0.9999416902639293,1.5216553717612583e-10,2.1234999251715695e-10,0.9999353664970126,0.9999425103318451,0.9999264402736204,8.069250365852011e-07,1.7246528043281573e-10,0.9999453766231726,1.8136117703496452e-10,2.123499923552537e-10,0.9999353664970126,0.9999419004843187,1.6753369487625824e-10,0.9999426175549718,2.8231053721407886e-10,0.9999295379377358,0.9999331724254743,0.9999430846864231,2.2685868365895216e-10,1.532370921423917e-10,0.999939984604304,0.9999402437720566,6.288788769603489e-07,0.9999332232078509,0.9999332232078517,8.069250361702072e-07,0.9999275068834362,0.999935724143356,0.9999282725522026,0.9999275068834361,0.9999336543749895,2.123499923852256e-10,6.079811961145385e-07,1.532370918934566e-10,-4.5289895122998617e-10,0.999942708563924,2.123499924100439e-10,0.9999432327343747,0.9999423979239122,2.12349992354146e-10,1.6958087466434995e-10,4.935070094464464e-07,2.8495063082931365e-10,0.9999273673605454,0.9999264402736227,6.357514271190622e-07,4.935070093264347e-07,6.448385185286756e-07,0.9999425423992735,2.1976040672196654e-10,1.6779662040070973e-10,0.9999334413630343,6.099187379459901e-07,1.5323709229860756e-10,0.9999416902639279,4.93507009382378e-07,0.9999358968267963,4.935070093691641e-07,1.5216553736137097e-10,0.999941427617543,0.9999334413630349,0.999933382358034,0.9999269594304302,0.9999331892060058,2.1234999212731157e-10,4.934915898578149e-07,6.653074926433106e-07,0.9999435404137349,0.9999357937358859
6.025387019525144e-06,8.821465712496741e-17,2.7238352199672365e-13,2.474274558528757e-10,4.935070099452136e-07,1.606246004878652e-05,2.4125447533233386e-13,2.4742716815688474e-10,3.1088386008463523e-13,2.1260907688706316e-13,7.687110934606187e-17,2.474268671917071e-10,6.690203512477373e-17,4.935043018369687e-07,4.935037417522315e-07,4.9350374175223e-07,7.680618939907145e-17,2.1204758929569146e-13,1.2778674138451464e-16,1.2873033651667868e-16,2.47427168126373e-10,7.40764750841413e-17,2.5544013800231477e-13,1.209028950577387e-16,8.028881773083835e-17,9.129121799975518e-17,2.4742745584155487e-10,9.147825553864559e-17,2.474271174178666e-10,6.651320558654897e-17,9.1556198120292e-17,2.4742559053118493e-10,2.4742731552917207e-10,4.935037417522305e-07,3.455017266765399e-13,7.609544307441487e-17,2.474280100620096e-10,8.009861407366916e-17,9.1556198120292e-17,2.4742559048733247e-10,2.47427168126373e-10,7.387705402267967e-17,2.474273413433795e-10,1.208708647885263e-16,4.935052332755919e-07,4.935069854720604e-07,2.474274558451862e-10,9.765660160117099e-17,6.689874748480773e-17,2.474267048530369e-10,2.47426767482171e-10,2.691226044438411e-13,4.935070099452144e-07,4.935070099452138e-07,3.455017264549428e-13,4.935042552499845e-07,2.4742567685979123e-10,4.935046246361045e-07,4.935042552499842e-07,4.935072175612516e-07,9.152750928959984e-17,2.610687282290466e-13,6.693429734182952e-17,-3.5504070212261636e-13,2.4742736353265313e-10,9.1556198120292e-17,2.4742749014749207e-10,2.4742728845382606e-10,9.157553914640263e-17,7.479211095187115e-17,2.1260907654366666e-13,1.2216197860492e-16,4.935041886158039e-07,4.935037417522315e-07,2.726970982358918e-13,2.1260907651553616e-13,1.3908995851156119e-16,2.474273232362631e-10,9.468511412555881e-17,7.417524847368463e-17,4.935071143982787e-07,2.6203101631239893e-13,6.689175521695995e-17,2.4742711735982424e-10,2.1260907650099383e-13,2.474257181446693e-10,2.1260907647826673e-13,6.634931960435035e-17,2.474270534966727e-10,4.935071143982787e-07,4.935070860376131e-07,4.935039917846676e-07,4.935069929781512e-07,9.146843998454832e-17,2.1261251873917497e-13,2.8466831489314395e-13,2.4742756577407877e-10,2.4742569374404504e-10
6.092328275834387e-06,1.003822588132129e-16,3.0907375007454643e-13,2.8098860223618424e-10,5.604464734782999e-07,2.4125447533233386e-13,1.606246011159684e-05,2.8098827557010394e-10,3.527631025252905e-13,2.4125447517713834e-13,8.695139170497555e-17,2.809879336639736e-10,7.58514512629759e-17,5.604433984480419e-07,5.604427624810645e-07,5.604427624810642e-07,8.706150414268079e-17,2.406169655214931e-13,1.4508995383779895e-16,1.4603018050266438e-16,2.809882756410111e-10,8.403845295459207e-17,2.8985647616943545e-13,1.3718398368093497e-16,9.084070144219578e-17,1.0361727920890895e-16,2.80988602235664e-10,1.0383035673520277e-16,2.8098821794596166e-10,7.52588239795687e-17,1.0390062498412615e-16,2.809864841460264e-10,2.8098844285601054e-10,5.604427624810623e-07,3.920369005891484e-13,8.640308931475609e-17,2.8098923151704755e-10,9.102636226029315e-17,1.0382164222999208e-16,2.8098648412742344e-10,2.809882756100452e-10,8.389489799593567e-17,2.8098847227672337e-10,1.3718687193346427e-16,5.60444456083027e-07,5.604464456892728e-07,2.809886022818176e-10,1.1079869005373106e-16,7.585145126297546e-17,5.604501705541214e-07,2.8098782054791827e-10,3.0536934060449276e-13,5.604464734783001e-07,5.604464734782992e-07,3.9203690033743283e-13,5.604433455494357e-07,2.8098658215348303e-10,5.60443764986292e-07,5.604433455494361e-07,5.604467092232009e-07,1.0383931687068946e-16,2.962371104713291e-13,7.583704636714988e-17,-4.0539895689994194e-13,2.8098849740650507e-10,1.0383972382083845e-16,2.8098864116140596e-10,5.604514919870802e-07,1.0378770088641399e-16,8.481028181591995e-17,2.4125447478663977e-13,1.3848431426604906e-16,5.604432698908197e-07,5.604427624810646e-07,3.094298070346769e-13,2.412544747549104e-13,1.576439560741313e-16,5.604515709239763e-07,1.0752233581377589e-16,8.385128904593672e-17,5.604465920794192e-07,2.973299592480135e-13,7.585721808883547e-17,2.8098821796425703e-10,2.412544747381353e-13,2.8098662902486713e-10,2.412544747121098e-13,7.525882398014007e-17,2.8098814545059706e-10,5.604465920794209e-07,5.60446559876635e-07,5.604430463894451e-07,5.604464542086775e-07,1.038223006930895e-16,2.4125845199313646e-13,3.2300851058871287e-13,2.8098872704304046e-10,2.8098660136485435e-10
0.9999724579417703,2.009163707222156e-10,3.184163763653505e-10,0.9999517620480932,0.9999419004843207,2.4742716815688474e-10,2.8098827557010394e-10,0.9999666402948363,7.239011986619549e-07,2.474271680663626e-10,1.7461822858913002e-10,0.9999493338904792,1.5323839349493029e-10,0.9999362809312332,0.9999351174914934,0.9999351174914918,1.7461822866582042e-10,2.468341723199448e-10,2.983593590892181e-10,3.0022218978185594e-10,0.9999505778357497,1.6779804614956604e-10,2.972407655600319e-10,2.8231292551319834e-10,1.8136271981665658e-10,2.1185625492544104e-10,0.9999517620480936,2.123517910817458e-10,0.9999503676135411,1.5216682857393413e-10,2.1235179116830877e-10,0.9999440437919994,0.9999511876885439,0.9999351174914912,4.04564010320418e-10,1.7246674729470632e-10,0.9999540540046462,1.8136271965579846e-10,2.1235179106817607e-10,0.9999440437919994,0.9999505778357486,1.675351195831388e-10,0.9999512949125955,2.823129257482356e-10,0.9999382151823641,0.9999418497015037,0.9999517620480928,2.268606048457776e-10,1.5323839290383803e-10,0.9999486619391796,0.9999489211091709,3.15297888642023e-10,0.9999419004843196,0.9999419004843209,4.045640100758022e-10,0.9999361841105208,0.9999444014414319,0.9999369497859015,0.9999361841105204,0.9999423316551815,2.1235179108580546e-10,3.0482052320608896e-10,1.5323839247913324e-10,-4.5406912017888347e-10,0.9999513859223355,2.1235179110605347e-10,0.9999519100973135,0.9999510752796387,2.1235179096238668e-10,1.6958231674922046e-10,2.474271677929785e-10,2.8495304232853134e-10,0.9999360445864247,0.9999351174914946,3.1874354598249024e-10,2.47427167774132e-10,3.2329949706402437e-10,0.9999512197562486,2.1976226804444055e-10,1.677980470941028e-10,0.999942118641385,3.057919390447401e-10,1.5323839297203546e-10,0.9999503676135412,2.4742716788741437e-10,0.9999445741263617,2.4742716776169347e-10,1.5216682867940312e-10,0.9999501049648842,0.999942118641386,0.9999420596358755,0.999935636652785,0.9999418664821791,2.12351790822889e-10,2.474194370323515e-10,3.335619233476838e-10,0.9999522177793424,0.9999444710345631
6.255781246218214e-06,1.2898446933094376e-16,3.982436334362644e-13,3.6293611083886395e-10,7.238950707317312e-07,3.1088386008463523e-13,3.527631025252905e-13,7.239011986619549e-07,1.6062460289796166e-05,3.108838598806666e-13,1.1249541038395149e-16,3.629352476941066e-10,9.774280667291454e-17,7.238911004361391e-07,7.23890279327568e-07,7.238902793275672e-07,1.123707965186036e-16,3.1006094854673024e-13,1.8691970296503192e-16,1.8819099424749018e-16,7.239011986619534e-07,1.0822201540730451e-16,3.7351380915446945e-13,1.7673516519088274e-16,1.1715032946209764e-16,1.3350367104303194e-16,3.629361107830511e-10,1.3381375274106868e-16,7.239010504486485e-07,9.69706034187911e-17,1.3395531150328896e-16,7.238965854707297e-07,3.629359049854776e-10,7.238902793275672e-07,5.051266333359685e-13,1.113929458835764e-16,3.6293692335701607e-10,1.1722043397787675e-16,1.3395956210966602e-16,7.238965854707297e-07,7.239011986619534e-07,1.0821557135719526e-16,3.6293594314902096e-10,1.7673564519339744e-16,7.23892465974736e-07,7.238950348521843e-07,3.6293611083886395e-10,1.428491639818427e-16,9.779289276547061e-17,3.6293500985333037e-10,3.629351015617673e-10,3.9345445177355596e-13,7.23895070731732e-07,7.238950707317325e-07,5.051266330106983e-13,7.238910321383332e-07,7.238968379242862e-07,7.238915736998046e-07,7.238910321383332e-07,7.238953751074723e-07,1.3404057614934192e-16,3.817121092538649e-13,9.783571786638213e-17,-5.319089923335478e-13,3.629359754440807e-10,1.3404057614934192e-16,3.6293616112051064e-10,3.629358653439091e-10,1.3395531150328896e-16,1.0950630903507077e-16,3.1088385937440066e-13,1.785954501444994e-16,7.238909344669173e-07,7.238902793275694e-07,3.9870333094868125e-13,3.1088385933432203e-13,2.0332028869029148e-16,3.629359163406088e-10,1.3839981199586138e-16,1.0817398874012948e-16,7.238952238462198e-07,3.8312380303174514e-13,9.772138994604308e-17,7.239010504486491e-07,3.1088385931161935e-13,3.629335632658172e-10,3.10883859277006e-13,9.699403408083382e-17,3.629355209542981e-10,7.238952238462205e-07,7.23895182269695e-07,7.238906458894027e-07,7.238950458380664e-07,1.3393460036974376e-16,3.1088925103318526e-13,4.1618053968702253e-13,3.629362720222027e-10,3.6293352745876934e-10
6.025387021624646e-06,8.821465712496741e-17,2.7238352181622475e-13,2.474274558497532e-10,4.935070099563822e-07,2.1260907688706316e-13,2.4125447517713834e-13,2.474271680663626e-10,3.108838598806666e-13,1.606246004878652e-05,7.681911636727834e-17,2.4742686719377525e-10,6.693429734182564e-17,4.935043018481367e-07,4.935037417633996e-07,4.935037417633991e-07,7.672838353731319e-17,2.1204758915992022e-13,1.2786100905351784e-16,1.286948324472476e-16,2.4742716799185456e-10,7.417524847368463e-17,2.5544013783924826e-13,1.2089760149728525e-16,8.021125164505888e-17,9.125357244140551e-17,2.4742745582588455e-10,9.147825553864559e-17,2.4742711741804773e-10,6.634931960435035e-17,9.1556198120292e-17,2.474255905169548e-10,2.4742731554994423e-10,4.935037417633988e-07,3.455017264444805e-13,7.62483846122516e-17,2.4742801005958985e-10,8.025352171603344e-17,9.154595047604527e-17,2.4742559055155746e-10,2.474271680361348e-10,7.387705402267967e-17,2.4742734132792735e-10,1.2091058468146472e-16,4.935052332867596e-07,4.935069854832285e-07,2.47427455813891e-10,9.765649320665368e-17,6.70595881251532e-17,2.474267049269148e-10,2.4742676748994905e-10,2.6912260426217337e-13,4.935070099563825e-07,4.935070099563825e-07,3.455017262228861e-13,4.935042552611531e-07,2.4742567677766434e-10,4.935046246472732e-07,4.935042552611535e-07,4.935072175724205e-07,9.152750928959984e-17,2.6106872805761996e-13,6.693429734182564e-17,-3.550407043570379e-13,2.474273635662239e-10,9.152182387460514e-17,2.47427490207166e-10,2.474272883491384e-10,9.152182387460514e-17,7.490045006354962e-17,2.1260907640779114e-13,1.2215001923550888e-16,4.935041886269724e-07,4.935037417633999e-07,2.726970980553478e-13,2.1260907637966076e-13,1.3895277013655408e-16,2.474273231926812e-10,9.462817927006685e-17,7.417524847368463e-17,4.935071144094471e-07,2.620310161410656e-13,6.693429734182564e-17,2.474271173973458e-10,2.126090763651195e-13,2.4742571812909163e-10,2.1260907634239184e-13,6.631656580642016e-17,2.4742705345328e-10,4.935071144094478e-07,4.935070860487814e-07,4.935039917958359e-07,4.935069929893193e-07,9.157553914640263e-17,2.1261251860338742e-13,2.846683147007181e-13,2.474275657795227e-10,2.474256937493307e-10
5.880161653915819e-06,6.386761552868562e-17,1.9638873718468872e-13,1.7461843207810964e-10,1.746167443873016e-10,7.687110934606187e-17,8.695139170497555e-17,1.7461822858913002e-10,1.1249541038395149e-16,7.681911636727834e-17,1.6062459944542366e-05,1.7461801562334985e-10,4.8123756927723785e-17,3.482836727526306e-07,1.7461558397687684e-10,1.7461558404858603e-10,1.0999969936524023e-13,7.677625438961406e-17,9.210790759561991e-17,9.288258778225615e-17,1.7461822850459902e-10,5.288131211889056e-17,9.222033648359829e-17,8.711811211527715e-17,5.719305664315822e-17,6.602012055383428e-17,1.7461843224709613e-10,6.594544457458639e-17,1.7461819262049077e-10,4.733233464745071e-17,6.594685293209416e-17,1.7461711118144572e-10,1.7461833303145856e-10,1.7461558404844724e-10,2.4917402026356264e-13,5.456623562664114e-17,1.7461882477851774e-10,5.629857774538663e-17,6.585391235760609e-17,1.746171112278091e-10,1.7461822850796076e-10,5.318256235859416e-17,1.7461835129623165e-10,8.717818123389854e-17,3.4828433244835644e-07,1.7461673571537358e-10,1.7461843214882992e-10,7.018431745335809e-17,4.803391438110052e-17,1.7461790048139651e-10,1.7461794503152647e-10,9.731949657846627e-17,1.746167443747792e-10,1.7461674439262316e-10,2.49174020108577e-13,3.4828363975334746e-07,1.7461717237008865e-10,1.746158974382676e-10,3.4828363975334783e-07,1.7461681812611614e-10,6.58980165426735e-17,9.448433310256215e-17,4.8078031792668146e-17,-1.0756774616480039e-16,1.7461836698682824e-10,6.594544457458639e-17,1.7461845665765307e-10,1.746183138468411e-10,6.617570705131227e-17,5.358346909560851e-17,7.672838353731319e-17,8.80716190713692e-17,1.7461574262311838e-10,1.7461558405432868e-10,1.9661089868205607e-13,7.688117562916071e-17,1.0036447623856644e-16,1.7461833839138156e-10,6.822346791089534e-17,5.261417892625218e-17,1.7461678151275306e-10,9.477604703992704e-17,4.8078031575778446e-17,1.7461819266109955e-10,7.698711346242991e-17,1.7461720169969488e-10,7.672838353731319e-17,4.734365401199964e-17,1.7461814736565024e-10,1.7461678151779145e-10,1.7461677145113871e-10,1.7461567284433683e-10,1.746167384256705e-10,6.600330095651719e-17,7.666317292532956e-17,2.0532421961719728e-13,1.7461850998173205e-10,1.7461718430444255e-10
0.9999712139757746,2.0091612565253388e-10,6.351034726454355e-07,0.9999505181013542,0.9999406565497997,2.474268671917071e-10,2.809879336639736e-10,0.9999493338904792,3.629352476941066e-10,2.4742686719377525e-10,1.7461801562334985e-10,0.9999641524058371,1.5323820664122916e-10,0.9999350370036736,0.999933873565377,0.9999338735653759,1.7461801548390142e-10,2.468338720324006e-10,5.950983654895232e-07,5.988139099822354e-07,0.9999493338904789,1.677978412925455e-10,2.972404042586807e-10,5.630926445606306e-07,1.8136249839366354e-10,2.1185599739113384e-10,0.9999505181013544,2.1235153283462408e-10,0.9999491236685318,1.5216664315750784e-10,2.1235153286302656e-10,0.9999427998548236,0.999949943742518,0.9999338735653749,8.069308834025535e-07,1.7246653667837459e-10,0.9999528100550684,1.8136249837514185e-10,2.1235153270928465e-10,0.9999427998548233,0.9999493338904776,1.6753491484795982e-10,0.9999500509664385,5.630926450307431e-07,0.9999369712524091,0.999940605767047,0.9999505181013562,2.268603289578214e-10,1.5323820611636386e-10,0.9999474179962822,0.9999476771659535,3.1529750584380683e-10,0.9999406565498001,0.9999406565498001,8.069308829875587e-07,0.999934940183082,0.9999431575038125,0.9999357058575137,0.999934940183081,0.9999410877201267,2.123515326940127e-10,6.07985603576401e-07,1.532382059145412e-10,-4.5391295966500156e-10,0.9999501419760645,2.1235153280017803e-10,0.9999506661503941,0.999949831333753,2.1235153270242513e-10,1.695821096930001e-10,2.474268669283806e-10,2.849526960593434e-10,0.9999348006591585,0.999933873565377,6.357560350441335e-07,2.4742686688368623e-10,6.448431945186851e-07,0.999949975810183,2.1976200082562188e-10,1.6779784221783012e-10,0.9999408747065949,3.0579156735644895e-10,1.5323820630890614e-10,0.9999491236685307,2.4742686691971605e-10,0.9999433301885283,2.4742686692946566e-10,1.5216664333382196e-10,0.9999488610202006,0.999940874706595,0.9999408157011584,0.9999343927260248,0.9999406225477002,2.123515324730719e-10,2.474191361750746e-10,3.335615177040874e-10,0.9999509738320378,0.9999432270968588
5.837517311142478e-06,5.5164492617740526e-17,8.571129431090375e-17,1.532385719290564e-10,1.5323709272828309e-10,6.690203512477373e-17,7.58514512629759e-17,1.5323839349493029e-10,9.774280667291454e-17,6.693429734182564e-17,4.8123756927723785e-17,1.5323820664122916e-10,1.606245991724153e-05,1.5323625004990678e-10,1.532360756911298e-10,1.5323607576530507e-10,4.803391438110052e-17,6.670261793720244e-17,8.021991393989451e-17,8.071379319550529e-17,1.532383933919248e-10,4.6258632451397915e-17,8.030169104248111e-17,7.581232618194687e-17,5.011925263265836e-17,5.727176623773384e-17,1.532385719646636e-10,5.737403103548865e-17,1.5323836195650015e-10,8.289586296561518e-14,5.742385488030208e-17,1.5323741421699028e-10,1.5323848495640578e-10,1.5323607574027683e-10,1.0866616420620118e-16,4.7333076422004536e-17,1.5323891579631275e-10,5.049862062164814e-17,5.738532752156791e-17,1.5323741421014784e-10,1.532383933919248e-10,4.608724209949045e-17,1.5323850091151588e-10,7.582589965519064e-17,3.0564124301686446e-07,1.5323708511664945e-10,1.5323857185323614e-10,6.137306936306743e-17,8.355595587020521e-14,1.5323810591210713e-10,1.532381447799516e-10,8.469183042826612e-17,1.5323709272912208e-10,1.5323709272572966e-10,1.0866634194816805e-16,1.5323623553440746e-10,1.5323746779781898e-10,1.532363505280395e-10,1.5323623555996272e-10,1.5323715732665273e-10,5.739671259739886e-17,8.204422395174012e-17,8.355595537210548e-14,-1.0054319025109293e-16,1.532385146988429e-10,5.744012607919995e-17,1.532385934983621e-10,1.532384679954989e-10,5.744012607938068e-17,4.670708895104797e-17,6.684077617669133e-17,7.664678906454236e-17,1.53236214825355e-10,1.532360757767421e-10,8.590898974171996e-17,6.686645164769231e-17,8.732337042588542e-17,1.5323848964361034e-10,5.926736064824244e-17,4.625863245139796e-17,1.532371252447149e-10,8.243851979342534e-17,8.355595602682031e-14,1.5323836192593443e-10,6.689098386273728e-17,1.5323749348490997e-10,6.689874748480773e-17,8.289586304671003e-14,1.5323832233056707e-10,1.5323712525054238e-10,1.5323711642338464e-10,1.5323615359314353e-10,1.5323708747515566e-10,5.736236786289633e-17,6.686701447778012e-17,8.959085693517951e-17,1.5323863997285095e-10,1.532374782895924e-10
0.9999581607986822,2.00913557232789e-10,6.350953870396054e-07,0.999937465126704,0.999927603703314,4.935043018369687e-07,5.604433984480419e-07,0.9999362809312332,7.238911004361391e-07,4.935043018481367e-07,3.482836727526306e-07,0.9999350370036736,1.5323625004990678e-10,0.9999380466893986,0.9999208208070365,0.999920820807035,3.482836730102589e-07,4.92321545996916e-07,5.950907906036276e-07,5.988062868397375e-07,0.9999362809312328,1.6779569530199639e-10,5.928596992526792e-07,5.630854776598425e-07,3.6173585120995686e-07,4.225565607318507e-07,0.9999374651267033,4.2354492900188913e-07,0.9999360707120181,1.521647005389649e-10,4.235449291223893e-07,0.9999297469804811,0.999936890775346,0.999920820807034,8.069206130958389e-07,3.4399244650990624e-07,0.9999397570506279,3.617358508189597e-07,4.235449288008716e-07,0.9999297469804811,0.9999362809312312,1.6753277200572521e-10,0.9999369979978737,5.630854781299457e-07,0.9999239184538197,0.9999275529212216,0.9999374651267043,4.524833931538855e-07,1.532362494537856e-10,0.9999343650619383,0.9999346242282412,6.288754298054491e-07,0.999927603703314,0.9999276037033142,8.069206126808482e-07,0.9999218874108824,0.9999301046248228,0.9999226530753639,0.9999218874108827,0.9999280348680387,4.235449288075485e-07,6.079778616381554e-07,1.5323624917182661e-10,-4.5215433047399175e-10,0.9999370890063138,4.2354492893103646e-07,0.999937613173833,0.9999367783680411,4.235449288181687e-07,1.6957994051220622e-10,4.935043013382038e-07,5.683513046332096e-07,0.9999217478887723,0.9999208208070374,6.357479409622555e-07,4.935043012181951e-07,6.44834980926457e-07,0.9999369228425949,4.3832544947025654e-07,1.67795696152246e-10,0.9999278218572778,6.099153925692756e-07,1.5323624966868172e-10,0.9999360707120166,4.935043012741361e-07,0.9999302773072974,4.935043012609226e-07,1.52164700716034e-10,0.9999358080671032,0.9999278218572776,0.9999277628526064,0.9999213399609389,0.999927569701659,4.235449282971631e-07,4.93488881813368e-07,6.653038458988342e-07,0.9999379208514648,0.9999301742169645
0.9999569973395168,2.0091332862220013e-10,6.350946668190963e-07,0.9999363016855892,0.999926440273622,4.935037417522315e-07,5.604427624810645e-07,0.9999351174914934,7.23890279327568e-07,4.935037417633996e-07,1.7461558397687684e-10,0.999933873565377,1.532360756911298e-10,0.9999208208070365,0.9999357198443866,0.9999196573852019,1.7461558416944342e-10,4.923209872782418e-07,5.950901158785016e-07,5.988056078139485e-07,0.9999351174914937,1.6779550399060813e-10,5.92859026395728e-07,5.630848392769492e-07,1.8135997128714972e-10,4.2255608114997504e-07,0.9999363016855896,4.2354444828207704e-07,0.9999349072725214,1.5216452744771213e-10,4.2354444840257616e-07,0.9999285835483074,0.9999357273348999,0.9999196573852004,8.069196982810881e-07,1.7246413386141614e-10,0.9999385936068589,1.813599711184206e-10,4.235444480810601e-07,0.9999285835483074,0.9999351174914922,1.6753258114968818e-10,0.9999358345573025,5.630848397470516e-07,0.9999227550283973,0.9999263894915879,0.9999363016855897,4.5248287967383726e-07,1.532360751931618e-10,0.9999332016244177,0.9999334607904203,6.288747169075703e-07,0.999926440273623,0.9999264402736238,8.069196978660966e-07,0.9999207239878143,0.9999289411922356,0.9999214896514079,0.9999207239878141,0.9999268714378481,4.235444480877366e-07,6.079771720259416e-07,1.532360749271701e-10,-4.5199361696223013e-10,0.9999359255656397,4.2354444821122496e-07,0.9999364497325508,0.9999356149277251,4.2354444809835644e-07,1.6957974707650142e-10,4.935037412534677e-07,5.683506601561264e-07,0.9999205844658632,0.9999196573852035,6.357472199863543e-07,4.935037411334591e-07,6.448342492963442e-07,0.9999357594021119,4.383249519978853e-07,1.677955048975194e-10,0.9999266584273336,6.099147007002361e-07,1.5323607530867188e-10,0.9999349072725201,4.935037411894003e-07,0.9999291138745119,4.935037411761871e-07,1.5216452767959947e-10,0.9999346446279125,0.9999266584273352,0.9999265994227313,0.9999201765385041,0.9999264062720067,4.235444475773524e-07,4.934883217416414e-07,6.653030917251381e-07,0.9999367574098248,0.9999290107842967
0.9999569973395135,2.0091332862220013e-10,6.350946668190948e-07,0.9999363016855877,0.9999264402736224,4.9350374175223e-07,5.604427624810642e-07,0.9999351174914918,7.238902793275672e-07,4.935037417633991e-07,1.7461558404858603e-10,0.9999338735653759,1.5323607576530507e-10,0.999920820807035,0.9999196573852019,0.9999357198443856,1.746155841567496e-10,4.923209872782409e-07,5.950901158785004e-07,5.988056078139479e-07,0.999935117491492,1.6779550395361856e-10,5.92859026395728e-07,5.630848392769478e-07,1.8135997123613406e-10,4.2255608114997435e-07,0.9999363016855882,4.235444482820762e-07,0.9999349072725197,1.5216452742608454e-10,4.2354444840257515e-07,0.9999285835483073,0.9999357273348989,0.9999196573851992,8.069196982810866e-07,1.7246413378193442e-10,0.9999385936068573,1.8135997098755855e-10,4.2354444808105886e-07,0.9999285835483067,0.999935117491491,1.6753258114968818e-10,0.999935834557301,5.630848397470508e-07,0.9999227550283968,0.9999263894915879,0.9999363016855886,4.524828796738367e-07,1.532360751780342e-10,0.999933201624417,0.9999334607904198,6.288747169075689e-07,0.9999264402736214,0.9999264402736223,8.069196978660954e-07,0.9999207239878133,0.9999289411922342,0.9999214896514065,0.9999207239878134,0.9999268714378476,4.235444480877356e-07,6.079771720259395e-07,1.5323607495784783e-10,-4.5199361696040743e-10,0.9999359255656384,4.23544448211224e-07,0.9999364497325491,0.9999356149277242,4.235444480983557e-07,1.6957974699672453e-10,4.935037412534667e-07,5.683506601561257e-07,0.9999205844658613,0.999919657385202,6.357472199863533e-07,4.935037411334575e-07,6.448342492963451e-07,0.9999357594021102,4.383249519978838e-07,1.6779550486658767e-10,0.9999266584273329,6.099147007002339e-07,1.5323607533063564e-10,0.999934907272519,4.935037411893994e-07,0.999929113874511,4.935037411761857e-07,1.5216452760119536e-10,0.9999346446279113,0.9999266584273341,0.9999265994227303,0.9999201765385033,0.9999264062720064,4.2354444757735166e-07,4.934883217416396e-07,6.653030917251372e-07,0.9999367574098231,0.999929010784295
5.880161653909563e-06,6.386786738299871e-17,1.9638873744006324e-13,1.746184322533782e-10,1.7461674452768725e-10,7.680618939907145e-17,8.706150414268079e-17,1.7461822866582042e-10,1.123707965186036e-16,7.672838353731319e-17,1.0999969936524023e-13,1.7461801548390142e-10,4.803391438110052e-17,3.482836730102589e-07,1.7461558416944342e-10,1.746155841567496e-10,1.6062459944542366e-05,7.626193268373662e-17,9.217007908696775e-17,9.275195739301194e-17,1.746182286683931e-10,5.261417892625218e-17,9.218784894375293e-17,8.713254616845362e-17,5.629857774537269e-17,6.602012055383428e-17,1.7461843228175158e-10,6.605780050732855e-17,1.746181928185218e-10,4.733233740254266e-17,6.594544457458639e-17,1.746171113274347e-10,1.7461833307995373e-10,1.7461558407046237e-10,2.4917402058806155e-13,5.456623562664114e-17,1.7461882473309787e-10,5.719305664315822e-17,6.594685293209416e-17,1.746171114185457e-10,1.7461822860713084e-10,5.318256235859416e-17,1.7461835123509732e-10,8.72179856178611e-17,3.482843327059856e-07,1.7461673586015213e-10,1.746184322158312e-10,7.027299132828818e-17,4.803391438110052e-17,1.7461790067690618e-10,1.7461794519878115e-10,9.732016226156131e-17,1.7461674452487892e-10,1.7461674449648535e-10,2.4917402043307595e-13,3.4828364001097587e-07,1.7461717248909694e-10,1.7461589759737626e-10,3.482836400109765e-07,1.7461681825530433e-10,6.590422275961825e-17,9.448433310256215e-17,4.815817207613185e-17,-1.0756815074827618e-16,1.7461836699739294e-10,6.594685293209416e-17,1.746184566934188e-10,1.7461831379978733e-10,6.594544457458639e-17,5.3839511425773973e-17,7.680618939907145e-17,8.805184411812861e-17,1.7461574264334688e-10,1.7461558391831415e-10,1.9661089893769738e-13,7.680618939907145e-17,1.0010923212300253e-16,1.7461833863093206e-10,6.828936973838494e-17,5.292934984838372e-17,1.7461678165855696e-10,9.460991167169705e-17,4.815817207613185e-17,1.7461819284292215e-10,7.673952728289515e-17,1.746172018432132e-10,7.672838353731319e-17,4.734365401199964e-17,1.7461814772625678e-10,1.7461678164689413e-10,1.7461677157290446e-10,1.7461567268673245e-10,1.7461673853663454e-10,6.587929277671032e-17,7.676913079879722e-17,2.0532421988316528e-13,1.746185101809294e-10,1.746171844950368e-10
6.024204232410806e-06,8.801316820584006e-17,2.7166181659500393e-13,2.468344593020353e-10,4.923242475049104e-07,2.1204758929569146e-13,2.406169655214931e-13,2.468341723199448e-10,3.1006094854673024e-13,2.1204758915992022e-13,7.677625438961406e-17,2.468338720324006e-10,6.670261793720244e-17,4.92321545996916e-07,4.923209872782418e-07,4.923209872782409e-07,7.626193268373662e-17,1.6062460046161952e-05,2.542683636633049e-13,1.2835221603741424e-16,2.468341722474656e-10,7.376972418573139e-17,2.547655884163097e-13,1.2057698835923125e-16,7.985934553340535e-17,9.100575528859833e-17,2.4683445934416264e-10,9.122323947706574e-17,2.468341216710098e-10,6.60817479912543e-17,9.128493387480828e-17,2.4683259848137846e-10,2.468343192641044e-10,4.923209872782399e-07,3.4458517518778054e-13,7.585611853301514e-17,2.468350121215197e-10,8.004709719457074e-17,9.128820886059209e-17,2.468325984972254e-10,2.4683417231001025e-10,7.344869100427644e-17,2.468343451068929e-10,1.205733912689845e-16,4.923224751642216e-07,4.923242230914014e-07,2.4683445935931876e-10,9.749118249840584e-17,6.680363779011693e-17,2.4683371015370256e-10,2.468337725713897e-10,2.6840838913891893e-13,4.92324247504911e-07,4.923242475049101e-07,3.4458517496668047e-13,4.923214995235994e-07,2.4683268462841e-10,4.923218680101362e-07,4.923214995235991e-07,4.923244546146512e-07,9.127407480568996e-17,2.603776114866694e-13,6.684111362154882e-17,-3.5478957023239727e-13,2.4683436723242194e-10,9.128493387480826e-17,2.4683449352236615e-10,2.4683429229380896e-10,9.128384263854674e-17,7.480055381434716e-17,2.1204758881718406e-13,1.218829013914265e-16,4.923214330528619e-07,4.923209872782421e-07,2.7197462705103017e-13,2.12047588789166e-13,1.3876769619767696e-16,2.468343269282801e-10,9.439468522718075e-17,7.378829700787547e-17,4.923243517022242e-07,2.613376042308041e-13,6.679358482913689e-17,2.468341216193115e-10,2.1204758877459216e-13,2.4683272603089964e-10,2.1204758875190684e-13,6.612921818960737e-17,2.468340581119443e-10,4.923243517022253e-07,4.923243234108079e-07,4.923212367010245e-07,4.923242305781926e-07,9.131695432733146e-17,2.1205104161701893e-13,2.839127586275386e-13,2.4683456894720205e-10,2.4683270149736767e-10
