0.9999999729285985,0.999993966646893,0.9999949473808607,-1.7400618589043733e-05,0.9999939666468958,-1.740061858681273e-05,-1.740061858960586e-05,0.9999939666468977,0.9999949473808574,0.9999949473808577,0.9999939666468977,0.9999939666469037,0.9999949473808585,0.9999939666468965,0.9999939666468965,0.9999949473808585,0.9999949473808588,0.9999939666468965,0.9999939666468965,0.9999939666468965,0.9999939666468965,-1.740061858918665e-05,0.9999939666468965,0.999994947380858,0.9999939666468965,0.9999949473808585,0.9999949473808577,0.9999939666468965,0.9999939666468965,0.9999949473808586,0.9999949473808607,0.9999949473808574,0.9999939666469002,0.9999939666468998
0.999993966646893,0.9999933967270594,1.0000106275925102,-2.7571799497392027e-06,1.0000096468575284,-2.7571799493457017e-06,-2.7571799489833355e-06,1.0000096468575286,1.0000106275925127,1.0000106275925122,1.0000096468575286,1.0000096468575297,1.0000106275925125,1.0000096468575288,1.0000096468575288,1.0000106275925127,1.0000106275925127,1.0000096468575288,1.0000096468575288,1.0000096468575288,1.0000096468575288,-2.757179949708207e-06,1.0000096468575284,1.0000106275925136,1.000009646857529,1.0000106275925122,1.0000106275925118,1.000009646857529,1.000009646857529,1.0000106275925122,1.0000106275925122,1.0000106275925118,1.0000096468575281,1.0000096468575288
0.9999949473808607,1.0000106275925102,0.9999953581980593,-1.39053821664145e-09,1.0000106275925187,-1.3905382165226059e-09,-1.390538216312778e-09,1.000010627592519,1.0000116083284665,1.0000116083284658,1.000010627592519,1.0000106275925196,1.0000116083284663,1.0000106275925194,1.0000106275925194,1.0000116083284663,1.0000116083284663,1.0000106275925194,1.0000106275925194,1.0000106275925194,1.0000106275925194,-1.390538216657679e-09,1.000010627592519,1.0000116083284667,1.000010627592519,1.000011608328466,1.0000116083284654,1.000010627592519,1.000010627592519,1.0000116083284654,1.0000116083284663,1.0000116083284654,1.0000106275925187,1.0000106275925185
-1.7400618589043733e-05,-2.7571799497392027e-06,-1.39053821664145e-09,-1.625012602468341e-05,-2.7571799497392235e-06,7.331021768214946e-12,7.33102176725106e-12,-2.757179949739225e-06,-1.3905382166664398e-09,-1.3905382166664398e-09,-2.757179949739225e-06,-2.757179949739229e-06,-1.3905382165404484e-09,-2.7571799497392265e-06,-2.7571799497392265e-06,-1.3905382165404484e-09,-1.390538216661524e-09,-2.7571799497392265e-06,-2.7571799497392265e-06,-2.7571799497392265e-06,-2.7571799497392265e-06,7.331021769656421e-12,-2.7571799497392235e-06,-1.39053821655886e-09,-2.7571799497392265e-06,-1.3905382166794641e-09,-1.3905382167003325e-09,-2.7571799497392265e-06,-2.7571799497392265e-06,-1.3905382166794641e-09,-1.3905382166794641e-09,-1.39053821655886e-09,-2.757179949739225e-06,-2.7571799497392235e-06
0.9999939666468958,1.0000096468575284,1.0000106275925187,-2.7571799497392235e-06,0.9999933967270713,-2.7571799493457225e-06,-2.7571799489833605e-06,1.000009646857536,1.0000106275925187,1.0000106275925198,1.000009646857536,1.0000096468575368,1.0000106275925196,1.000009646857535,1.000009646857535,1.000010627592519,1.000010627592519,1.000009646857535,1.000009646857535,1.000009646857535,1.000009646857535,-2.7571799497082306e-06,1.000009646857535,1.0000106275925196,1.0000096468575363,1.0000106275925196,1.0000106275925198,1.0000096468575363,1.0000096468575363,1.0000106275925182,1.0000106275925194,1.0000106275925198,1.000009646857536,1.0000096468575363
-1.740061858681273e-05,-2.7571799493457017e-06,-1.3905382165226059e-09,7.331021768214946e-12,-2.7571799493457225e-06,-1.625012602468341e-05,7.331021765922544e-12,-2.7571799493457267e-06,-1.3905382164780051e-09,-1.3905382163222377e-09,-2.7571799493457267e-06,-2.7571799493457305e-06,-1.3905382163222377e-09,-2.757179949345726e-06,-2.757179949345726e-06,-1.3905382164850504e-09,-1.3905382165255914e-09,-2.757179949345726e-06,-2.757179949345726e-06,-2.757179949345726e-06,-2.757179949345726e-06,7.331021768327898e-12,-2.757179949345722e-06,-1.3905382163222377e-09,-2.757179949345726e-06,-1.3905382164780051e-09,-1.3905382166432274e-09,-2.757179949345726e-06,-2.757179949345726e-06,-1.3905382165255914e-09,-1.3905382164850504e-09,-1.3905382166432274e-09,-2.757179949345724e-06,-2.7571799493457246e-06
-1.740061858960586e-05,-2.7571799489833355e-06,-1.390538216312778e-09,7.33102176725106e-12,-2.7571799489833605e-06,7.331021765922544e-12,-1.625012602468341e-05,-2.7571799489833597e-06,-1.3905382164653288e-09,-1.3905382164653288e-09,-2.7571799489833597e-06,-2.7571799489833626e-06,-1.3905382164820726e-09,-2.7571799489833605e-06,-2.7571799489833605e-06,-1.3905382163380642e-09,-1.3905382164196544e-09,-2.7571799489833605e-06,-2.7571799489833605e-06,-2.7571799489833605e-06,-2.7571799489833605e-06,7.331021767364002e-12,-2.7571799489833626e-06,-1.3905382164820726e-09,-2.7571799489833575e-06,-1.3905382162456081e-09,-1.3905382163380642e-09,-2.7571799489833575e-06,-2.7571799489833575e-06,-1.3905382164314725e-09,-1.3905382164314725e-09,-1.3905382162836427e-09,-2.7571799489833614e-06,-2.7571799489833592e-06
0.9999939666468977,1.0000096468575286,1.000010627592519,-2.757179949739225e-06,1.000009646857536,-2.7571799493457267e-06,-2.7571799489833597e-06,0.9999933967270718,1.0000106275925202,1.0000106275925207,1.0000096468575377,1.0000096468575381,1.0000106275925202,1.0000096468575368,1.0000096468575368,1.0000106275925202,1.0000106275925202,1.0000096468575368,1.0000096468575368,1.0000096468575368,1.0000096468575368,-2.7571799497082365e-06,1.0000096468575363,1.0000106275925211,1.0000096468575368,1.0000106275925202,1.0000106275925207,1.0000096468575368,1.0000096468575368,1.0000106275925196,1.0000106275925202,1.0000106275925207,1.0000096468575372,1.0000096468575372
0.9999949473808574,1.0000106275925127,1.0000116083284665,-1.3905382166664398e-09,1.0000106275925187,-1.3905382164780051e-09,-1.3905382164653288e-09,1.0000106275925202,0.9999953581980593,1.0000116083284685,1.0000106275925202,1.0000106275925211,1.000011608328468,1.0000106275925202,1.0000106275925202,1.0000116083284676,1.000011608328468,1.0000106275925202,1.0000106275925202,1.0000106275925202,1.0000106275925202,-1.3905382166636513e-09,1.0000106275925187,1.000011608328469,1.0000106275925205,1.000011608328468,1.0000116083284685,1.0000106275925205,1.0000106275925205,1.0000116083284674,1.000011608328468,1.0000116083284685,1.0000106275925207,1.0000106275925198
0.9999949473808577,1.0000106275925122,1.0000116083284658,-1.3905382166664398e-09,1.0000106275925198,-1.3905382163222377e-09,-1.3905382164653288e-09,1.0000106275925207,1.0000116083284685,0.9999953581980576,1.0000106275925207,1.0000106275925216,1.0000116083284685,1.0000106275925198,1.0000106275925198,1.0000116083284682,1.0000116083284685,1.0000106275925198,1.0000106275925198,1.0000106275925198,1.0000106275925198,-1.3905382166601892e-09,1.0000106275925202,1.0000116083284685,1.0000106275925202,1.0000116083284685,1.0000116083284678,1.0000106275925202,1.0000106275925202,1.0000116083284682,1.0000116083284685,1.0000116083284678,1.000010627592521,1.0000106275925202
0.9999939666468977,1.0000096468575286,1.000010627592519,-2.757179949739225e-06,1.000009646857536,-2.7571799493457267e-06,-2.7571799489833597e-06,1.0000096468575377,1.0000106275925202,1.0000106275925207,0.9999933967270718,1.0000096468575381,1.0000106275925202,1.0000096468575368,1.0000096468575368,1.0000106275925202,1.0000106275925202,1.0000096468575368,1.0000096468575368,1.0000096468575368,1.0000096468575368,-2.7571799497082365e-06,1.0000096468575363,1.0000106275925211,1.0000096468575368,1.0000106275925202,1.0000106275925207,1.0000096468575368,1.0000096468575368,1.0000106275925196,1.0000106275925202,1.0000106275925207,1.0000096468575372,1.0000096468575372
0.9999939666469037,1.0000096468575297,1.0000106275925196,-2.757179949739229e-06,1.0000096468575368,-2.7571799493457305e-06,-2.7571799489833626e-06,1.0000096468575381,1.0000106275925211,1.0000106275925216,1.0000096468575381,0.9999933967270713,1.000010627592522,1.0000096468575368,1.0000096468575368,1.0000106275925202,1.0000106275925202,1.0000096468575368,1.0000096468575368,1.0000096468575368,1.0000096468575368,-2.757179949708237e-06,1.0000096468575363,1.0000106275925225,1.0000096468575377,1.0000106275925211,1.0000106275925216,1.0000096468575377,1.0000096468575377,1.000010627592521,1.0000106275925211,1.0000106275925216,1.0000096468575381,1.0000096468575372
0.9999949473808585,1.0000106275925125,1.0000116083284663,-1.3905382165404484e-09,1.0000106275925196,-1.3905382163222377e-09,-1.3905382164820726e-09,1.0000106275925202,1.000011608328468,1.0000116083284685,1.0000106275925202,1.000010627592522,0.9999953581980614,1.0000106275925202,1.0000106275925202,1.0000116083284685,1.0000116083284685,1.0000106275925202,1.0000106275925202,1.0000106275925202,1.0000106275925202,-1.390538216618147e-09,1.0000106275925194,1.000011608328469,1.0000106275925211,1.0000116083284682,1.0000116083284685,1.0000106275925211,1.0000106275925211,1.000011608328468,1.000011608328468,1.0000116083284685,1.0000106275925202,1.0000106275925198
0.9999939666468965,1.0000096468575288,1.0000106275925194,-2.7571799497392265e-06,1.000009646857535,-2.757179949345726e-06,-2.7571799489833605e-06,1.0000096468575368,1.0000106275925202,1.0000106275925198,1.0000096468575368,1.0000096468575368,1.0000106275925202,0.9999933967270767,1.0000096468575366,1.0000106275925198,1.0000106275925202,1.0000096468575366,1.0000096468575366,1.0000096468575366,1.0000096468575366,-2.757179949708234e-06,1.000009646857536,1.0000106275925216,1.0000096468575366,1.0000106275925202,1.0000106275925198,1.0000096468575366,1.0000096468575366,1.0000106275925198,1.0000106275925202,1.0000106275925198,1.0000096468575372,1.0000096468575363
0.9999939666468965,1.0000096468575288,1.0000106275925194,-2.7571799497392265e-06,1.000009646857535,-2.757179949345726e-06,-2.7571799489833605e-06,1.0000096468575368,1.0000106275925202,1.0000106275925198,1.0000096468575368,1.0000096468575368,1.0000106275925202,1.0000096468575366,0.9999933967270767,1.0000106275925198,1.0000106275925202,1.0000096468575366,1.0000096468575366,1.0000096468575366,1.0000096468575366,-2.757179949708234e-06,1.000009646857536,1.0000106275925216,1.0000096468575366,1.0000106275925202,1.0000106275925198,1.0000096468575366,1.0000096468575366,1.0000106275925198,1.0000106275925202,1.0000106275925198,1.0000096468575372,1.0000096468575363
0.9999949473808585,1.0000106275925127,1.0000116083284663,-1.3905382165404484e-09,1.000010627592519,-1.3905382164850504e-09,-1.3905382163380642e-09,1.0000106275925202,1.0000116083284676,1.0000116083284682,1.0000106275925202,1.0000106275925202,1.0000116083284685,1.0000106275925198,1.0000106275925198,0.9999953581980578,1.000011608328468,1.0000106275925198,1.0000106275925198,1.0000106275925198,1.0000106275925198,-1.3905382167177008e-09,1.0000106275925196,1.0000116083284694,1.0000106275925202,1.0000116083284685,1.0000116083284685,1.0000106275925202,1.0000106275925202,1.0000116083284678,1.0000116083284676,1.0000116083284685,1.0000106275925205,1.0000106275925196
0.9999949473808588,1.0000106275925127,1.0000116083284663,-1.390538216661524e-09,1.000010627592519,-1.3905382165255914e-09,-1.3905382164196544e-09,1.0000106275925202,1.000011608328468,1.0000116083284685,1.0000106275925202,1.0000106275925202,1.0000116083284685,1.0000106275925202,1.0000106275925202,1.000011608328468,0.9999953581980576,1.0000106275925202,1.0000106275925202,1.0000106275925202,1.0000106275925202,-1.390538216626395e-09,1.0000106275925196,1.0000116083284694,1.000010627592521,1.0000116083284685,1.0000116083284685,1.000010627592521,1.000010627592521,1.000011608328468,1.0000116083284676,1.0000116083284685,1.0000106275925205,1.0000106275925202
0.9999939666468965,1.0000096468575288,1.0000106275925194,-2.7571799497392265e-06,1.000009646857535,-2.757179949345726e-06,-2.7571799489833605e-06,1.0000096468575368,1.0000106275925202,1.0000106275925198,1.0000096468575368,1.0000096468575368,1.0000106275925202,1.0000096468575366,1.0000096468575366,1.0000106275925198,1.0000106275925202,0.9999933967270767,1.0000096468575366,1.0000096468575366,1.0000096468575366,-2.757179949708234e-06,1.000009646857536,1.0000106275925216,1.0000096468575366,1.0000106275925202,1.0000106275925198,1.0000096468575366,1.0000096468575366,1.0000106275925198,1.0000106275925202,1.0000106275925198,1.0000096468575372,1.0000096468575363
0.9999939666468965,1.0000096468575288,1.0000106275925194,-2.7571799497392265e-06,1.000009646857535,-2.757179949345726e-06,-2.7571799489833605e-06,1.0000096468575368,1.0000106275925202,1.0000106275925198,1.0000096468575368,1.0000096468575368,1.0000106275925202,1.0000096468575366,1.0000096468575366,1.0000106275925198,1.0000106275925202,1.0000096468575366,0.9999933967270767,1.0000096468575366,1.0000096468575366,-2.757179949708234e-06,1.000009646857536,1.0000106275925216,1.0000096468575366,1.0000106275925202,1.0000106275925198,1.0000096468575366,1.0000096468575366,1.0000106275925198,1.0000106275925202,1.0000106275925198,1.0000096468575372,1.0000096468575363
0.9999939666468965,1.0000096468575288,1.0000106275925194,-2.7571799497392265e-06,1.000009646857535,-2.757179949345726e-06,-2.7571799489833605e-06,1.0000096468575368,1.0000106275925202,1.0000106275925198,1.0000096468575368,1.0000096468575368,1.0000106275925202,1.0000096468575366,1.0000096468575366,1.0000106275925198,1.0000106275925202,1.0000096468575366,1.0000096468575366,0.9999933967270767,1.0000096468575366,-2.757179949708234e-06,1.000009646857536,1.0000106275925216,1.0000096468575366,1.0000106275925202,1.0000106275925198,1.0000096468575366,1.0000096468575366,1.0000106275925198,1.0000106275925202,1.0000106275925198,1.0000096468575372,1.0000096468575363
0.9999939666468965,1.0000096468575288,1.0000106275925194,-2.7571799497392265e-06,1.000009646857535,-2.757179949345726e-06,-2.7571799489833605e-06,1.0000096468575368,1.0000106275925202,1.0000106275925198,1.0000096468575368,1.0000096468575368,1.0000106275925202,1.0000096468575366,1.0000096468575366,1.0000106275925198,1.0000106275925202,1.0000096468575366,1.0000096468575366,1.0000096468575366,0.9999933967270767,-2.757179949708234e-06,1.000009646857536,1.0000106275925216,1.0000096468575366,1.0000106275925202,1.0000106275925198,1.0000096468575366,1.0000096468575366,1.0000106275925198,1.0000106275925202,1.0000106275925198,1.0000096468575372,1.0000096468575363
-1.740061858918665e-05,-2.757179949708207e-06,-1.390538216657679e-09,7.331021769656421e-12,-2.7571799497082306e-06,7.331021768327898e-12,7.331021767364002e-12,-2.7571799497082365e-06,-1.3905382166636513e-09,-1.3905382166601892e-09,-2.7571799497082365e-06,-2.757179949708237e-06,-1.390538216618147e-09,-2.757179949708234e-06,-2.757179949708234e-06,-1.3905382167177008e-09,-1.390538216626395e-09,-2.757179949708234e-06,-2.757179949708234e-06,-2.757179949708234e-06,-2.757179949708234e-06,-1.625012602468341e-05,-2.7571799497082306e-06,-1.390538216618147e-09,-2.7571799497082356e-06,-1.3905382167008633e-09,-1.3905382165929615e-09,-2.7571799497082356e-06,-2.7571799497082356e-06,-1.39053821673203e-09,-1.3905382167177008e-09,-1.390538216618147e-09,-2.757179949708234e-06,-2.7571799497082322e-06
0.9999939666468965,1.0000096468575284,1.000010627592519,-2.7571799497392235e-06,1.000009646857535,-2.757179949345722e-06,-2.7571799489833626e-06,1.0000096468575363,1.0000106275925187,1.0000106275925202,1.0000096468575363,1.0000096468575363,1.0000106275925194,1.000009646857536,1.000009646857536,1.0000106275925196,1.0000106275925196,1.000009646857536,1.000009646857536,1.000009646857536,1.000009646857536,-2.7571799497082306e-06,0.9999933967270731,1.0000106275925202,1.0000096468575366,1.0000106275925194,1.0000106275925202,1.0000096468575366,1.0000096468575366,1.0000106275925194,1.000010627592519,1.0000106275925202,1.0000096468575363,1.0000096468575357
0.999994947380858,1.0000106275925136,1.0000116083284667,-1.39053821655886e-09,1.0000106275925196,-1.3905382163222377e-09,-1.3905382164820726e-09,1.0000106275925211,1.000011608328469,1.0000116083284685,1.0000106275925211,1.0000106275925225,1.000011608328469,1.0000106275925216,1.0000106275925216,1.0000116083284694,1.0000116083284694,1.0000106275925216,1.0000106275925216,1.0000106275925216,1.0000106275925216,-1.390538216618147e-09,1.0000106275925202,0.9999953581980611,1.0000106275925214,1.0000116083284694,1.0000116083284682,1.0000106275925214,1.0000106275925214,1.000011608328469,1.000011608328469,1.0000116083284685,1.000010627592522,1.0000106275925205
0.9999939666468965,1.000009646857529,1.000010627592519,-2.7571799497392265e-06,1.0000096468575363,-2.757179949345726e-06,-2.7571799489833575e-06,1.0000096468575368,1.0000106275925205,1.0000106275925202,1.0000096468575368,1.0000096468575377,1.0000106275925211,1.0000096468575366,1.0000096468575366,1.0000106275925202,1.000010627592521,1.0000096468575366,1.0000096468575366,1.0000096468575366,1.0000096468575366,-2.7571799497082356e-06,1.0000096468575366,1.0000106275925214,0.9999933967270727,1.0000106275925211,1.0000106275925202,1.0000096468575372,1.0000096468575372,1.0000106275925198,1.0000106275925207,1.0000106275925205,1.0000096468575377,1.0000096468575372
0.9999949473808585,1.0000106275925122,1.000011608328466,-1.3905382166794641e-09,1.0000106275925196,-1.3905382164780051e-09,-1.3905382162456081e-09,1.0000106275925202,1.000011608328468,1.0000116083284685,1.0000106275925202,1.0000106275925211,1.0000116083284682,1.0000106275925202,1.0000106275925202,1.0000116083284685,1.0000116083284685,1.0000106275925202,1.0000106275925202,1.0000106275925202,1.0000106275925202,-1.3905382167008633e-09,1.0000106275925194,1.0000116083284694,1.0000106275925211,0.9999953581980614,1.0000116083284685,1.0000106275925211,1.0000106275925211,1.000011608328468,1.000011608328468,1.0000116083284685,1.0000106275925202,1.0000106275925198
0.9999949473808577,1.0000106275925118,1.0000116083284654,-1.3905382167003325e-09,1.0000106275925198,-1.3905382166432274e-09,-1.3905382163380642e-09,1.0000106275925207,1.0000116083284685,1.0000116083284678,1.0000106275925207,1.0000106275925216,1.0000116083284685,1.0000106275925198,1.0000106275925198,1.0000116083284685,1.0000116083284685,1.0000106275925198,1.0000106275925198,1.0000106275925198,1.0000106275925198,-1.3905382165929615e-09,1.0000106275925202,1.0000116083284682,1.0000106275925202,1.0000116083284685,0.9999953581980576,1.0000106275925202,1.0000106275925202,1.0000116083284682,1.000011608328468,1.0000116083284678,1.0000106275925202,1.0000106275925202
0.9999939666468965,1.000009646857529,1.000010627592519,-2.7571799497392265e-06,1.0000096468575363,-2.757179949345726e-06,-2.7571799489833575e-06,1.0000096468575368,1.0000106275925205,1.0000106275925202,1.0000096468575368,1.0000096468575377,1.0000106275925211,1.0000096468575366,1.0000096468575366,1.0000106275925202,1.000010627592521,1.0000096468575366,1.0000096468575366,1.0000096468575366,1.0000096468575366,-2.7571799497082356e-06,1.0000096468575366,1.0000106275925214,1.0000096468575372,1.0000106275925211,1.0000106275925202,0.9999933967270727,1.0000096468575372,1.0000106275925198,1.0000106275925207,1.0000106275925205,1.0000096468575377,1.0000096468575372
0.9999939666468965,1.000009646857529,1.000010627592519,-2.7571799497392265e-06,1.0000096468575363,-2.757179949345726e-06,-2.7571799489833575e-06,1.0000096468575368,1.0000106275925205,1.0000106275925202,1.0000096468575368,1.0000096468575377,1.0000106275925211,1.0000096468575366,1.0000096468575366,1.0000106275925202,1.000010627592521,1.0000096468575366,1.0000096468575366,1.0000096468575366,1.0000096468575366,-2.7571799497082356e-06,1.0000096468575366,1.0000106275925214,1.0000096468575372,1.0000106275925211,1.0000106275925202,1.0000096468575372,0.9999933967270727,1.0000106275925198,1.0000106275925207,1.0000106275925205,1.0000096468575377,1.0000096468575372
0.9999949473808586,1.0000106275925122,1.0000116083284654,-1.3905382166794641e-09,1.0000106275925182,-1.3905382165255914e-09,-1.3905382164314725e-09,1.0000106275925196,1.0000116083284674,1.0000116083284682,1.0000106275925196,1.000010627592521,1.000011608328468,1.0000106275925198,1.0000106275925198,1.0000116083284678,1.000011608328468,1.0000106275925198,1.0000106275925198,1.0000106275925198,1.0000106275925198,-1.39053821673203e-09,1.0000106275925194,1.000011608328469,1.0000106275925198,1.000011608328468,1.0000116083284682,1.0000106275925198,1.0000106275925198,0.999995358198063,1.0000116083284676,1.0000116083284685,1.0000106275925198,1.0000106275925196
0.9999949473808607,1.0000106275925122,1.0000116083284663,-1.3905382166794641e-09,1.0000106275925194,-1.3905382164850504e-09,-1.3905382164314725e-09,1.0000106275925202,1.000011608328468,1.0000116083284685,1.0000106275925202,1.0000106275925211,1.000011608328468,1.0000106275925202,1.0000106275925202,1.0000116083284676,1.0000116083284676,1.0000106275925202,1.0000106275925202,1.0000106275925202,1.0000106275925202,-1.3905382167177008e-09,1.000010627592519,1.000011608328469,1.0000106275925207,1.000011608328468,1.000011608328468,1.0000106275925207,1.0000106275925207,1.0000116083284676,0.9999953581980625,1.0000116083284685,1.0000106275925202,1.0000106275925198
0.9999949473808574,1.0000106275925118,1.0000116083284654,-1.39053821655886e-09,1.0000106275925198,-1.3905382166432274e-09,-1.3905382162836427e-09,1.0000106275925207,1.0000116083284685,1.0000116083284678,1.0000106275925207,1.0000106275925216,1.0000116083284685,1.0000106275925198,1.0000106275925198,1.0000116083284685,1.0000116083284685,1.0000106275925198,1.0000106275925198,1.0000106275925198,1.0000106275925198,-1.390538216618147e-09,1.0000106275925202,1.0000116083284685,1.0000106275925205,1.0000116083284685,1.0000116083284678,1.0000106275925205,1.0000106275925205,1.0000116083284685,1.0000116083284685,0.9999953581980581,1.0000106275925202,1.0000106275925202
0.9999939666469002,1.0000096468575281,1.0000106275925187,-2.757179949739225e-06,1.000009646857536,-2.757179949345724e-06,-2.7571799489833614e-06,1.0000096468575372,1.0000106275925207,1.000010627592521,1.0000096468575372,1.0000096468575381,1.0000106275925202,1.0000096468575372,1.0000096468575372,1.0000106275925205,1.0000106275925205,1.0000096468575372,1.0000096468575372,1.0000096468575372,1.0000096468575372,-2.757179949708234e-06,1.0000096468575363,1.000010627592522,1.0000096468575377,1.0000106275925202,1.0000106275925202,1.0000096468575377,1.0000096468575377,1.0000106275925198,1.0000106275925202,1.0000106275925202,0.9999933967270727,1.0000096468575375
0.9999939666468998,1.0000096468575288,1.0000106275925185,-2.7571799497392235e-06,1.0000096468575363,-2.7571799493457246e-06,-2.7571799489833592e-06,1.0000096468575372,1.0000106275925198,1.0000106275925202,1.0000096468575372,1.0000096468575372,1.0000106275925198,1.0000096468575363,1.0000096468575363,1.0000106275925196,1.0000106275925202,1.0000096468575363,1.0000096468575363,1.0000096468575363,1.0000096468575363,-2.7571799497082322e-06,1.0000096468575357,1.0000106275925205,1.0000096468575372,1.0000106275925198,1.0000106275925202,1.0000096468575372,1.0000096468575372,1.0000106275925196,1.0000106275925198,1.0000106275925202,1.0000096468575375,0.9999933967270722
