0.9999999976710384,8.446550225098097e-08,0.9999938683988662,7.800044721187518e-08,0.9999940778824179,8.604718309221372e-08,0.9999938683988652,1.8552555831996868e-07,8.876145273964041e-08,7.959787879923419e-08,8.72123932229013e-08,8.415129114594284e-08,8.476969699808942e-08,7.814857601838667e-08,7.9597878682909e-08,8.6528727902119e-08,7.493134355481988e-08,8.346646867926388e-08,8.87617788196452e-08,0.9999940500488016,0.9999938407509948,9.016338084651368e-08,8.29420559813494e-08,0.9999940778824166,8.319203495323918e-08,8.589136312630667e-08,7.652396141800796e-08,8.166007068709704e-08,8.445201697530273e-08,8.748222817710691e-08,0.9999940227002073,0.9999938717846627,1.4218284044850193e-07,8.477685634963007e-08,8.726865952181988e-08,0.999993868398864,0.9999939883477521,7.978918511948968e-08,8.346646928231381e-08,8.36079704027322e-08,7.618856868479501e-08,8.777571807040239e-08,8.971529142115741e-08,7.959787889725708e-08,8.346646756637677e-08,8.866182445202567e-08,8.471776776908459e-08,0.9999934942157676,0.9999938683988633
8.446550225098097e-08,6.162744734019168e-07,2.4882420114893e-11,3.1953507367427085e-19,2.488242454820586e-11,4.535122761997275e-19,2.488242013813597e-11,1.2949460198209062e-18,2.942511114681707e-19,4.3238004506568164e-19,4.007926307986206e-19,3.1262194483380396e-19,2.2793368682850943e-19,2.5615646011245823e-19,4.3238004506568164e-19,4.307350008449687e-19,2.117481171246643e-19,4.2538325476039274e-19,5.635108481801142e-19,2.4882423966034105e-11,2.4882419488798885e-11,9.863116564428725e-16,3.84786621444145e-19,2.4882424545478774e-11,3.2798091396953362e-19,9.458822953960512e-16,2.2828117779791635e-19,3.1617096193538623e-19,4.740493582786026e-19,4.954388757177613e-19,2.4882423305874135e-11,2.488242014553896e-11,6.969709437124029e-19,3.983725545577151e-19,5.6899754277443335e-19,2.488242013813597e-11,2.4882422627450956e-11,3.0867018188577743e-19,4.439670070369084e-19,5.670677267481857e-19,2.1347787265143778e-19,1.0413484634896672e-15,3.975451580510604e-19,4.3238004506568164e-19,5.578417230529498e-19,3.36428669092876e-19,4.572136510782798e-19,4.947299538918131e-08,2.4882420088941503e-11
0.9999938683988662,2.4882420114893e-11,0.9999922443687573,2.1630831871362916e-11,0.9999918375774165,2.5677923598784008e-11,0.9999916280943455,1.5053280165782083e-07,2.704305936157537e-11,2.243425723674472e-11,2.6263963763370797e-11,2.4724387988864387e-11,2.5035412175463002e-11,2.1705333048075113e-11,2.2434257416805353e-11,2.5920115309240174e-11,2.0087231937465627e-11,2.4379957276845475e-11,2.7043222998628658e-11,0.9999918097438661,0.9999916004465396,2.774815697611452e-11,2.4116205489869697e-11,0.9999918375774165,2.424193144116014e-11,2.5599553480124215e-11,2.0888235948014634e-11,2.3471433109701388e-11,2.4875637463090937e-11,2.639967638172447e-11,0.9999917823953323,0.9999916314801363,1.0719019294921527e-07,2.503901481530636e-11,2.6292262452980767e-11,0.9999916280943435,0.9999917480429573,2.253047322893253e-11,2.4379957420886952e-11,2.4451125324294062e-11,2.071955094973781e-11,2.6547286203154546e-11,2.752279159349816e-11,2.2434257618871194e-11,2.4379957172619787e-11,2.699295277360821e-11,2.500929525187428e-11,0.9999912539121042,0.9999916280943435
7.800044721187518e-08,3.1953507367427085e-19,2.1630831871362916e-11,6.162744736975153e-07,2.1630835738038813e-11,3.5335109279951734e-19,2.1630831857754095e-11,8.4499208440572975e-19,2.573668203273877e-19,3.4134770953527354e-16,3.593774359502188e-19,3.1559571877024542e-19,1.804205536085627e-16,1.1619804488980827e-19,3.4134777195668267e-16,3.322787386265049e-19,1.3772128969958768e-16,2.3767964093626133e-19,3.4880031281678145e-19,2.163083528913689e-11,2.163083136141398e-11,4.075941449919935e-19,2.1614613164543472e-19,2.1630835749724058e-11,1.0029632448477562e-19,3.311606517654652e-19,2.0759436364272186e-16,3.504278030446994e-19,5.52151490158043e-16,3.5133490583107823e-19,2.1630834622062527e-11,2.1630831920785174e-11,3.332450502894507e-19,3.4927342511889406e-19,3.1412546049928556e-19,2.163083184607886e-11,2.1630834021315915e-11,1.7704709536892152e-16,2.2224104990703477e-19,2.595804936036363e-19,1.9333597332879227e-16,4.2654791344476324e-19,3.09394925090005e-19,3.4134782544949197e-16,2.3767964093626133e-19,3.5607644955864376e-19,-1.5564070315262627e-19,4.300795658633955e-08,2.163083184607886e-11
0.9999940778824179,2.488242454820586e-11,0.9999918375774165,2.1630835738038813e-11,0.999992663334936,2.5677928168313517e-11,0.9999918375774165,7.571039066684175e-11,2.7043064075059447e-11,2.243426123651501e-11,2.626396850454647e-11,2.4724392380805528e-11,2.5035416418023276e-11,2.1705336854977543e-11,2.2434261434338236e-11,2.5920120056585973e-11,2.0087235324788766e-11,2.437996153962185e-11,2.7043227736977707e-11,0.9999920192269739,0.9999918099296059,2.7748161875560105e-11,2.4116209796838586e-11,0.9999920470605305,2.4241935731294263e-11,2.559955806994735e-11,2.0888239579329542e-11,2.3471437265528256e-11,2.4875641973218765e-11,2.6399681213778358e-11,0.9999919918784363,0.9999918409632081,5.391125124773893e-11,2.503901930145626e-11,2.629226715857485e-11,0.9999918375774146,0.9999919575260531,2.2530477221740746e-11,2.437996168917433e-11,2.445112972372647e-11,2.0719554646512536e-11,2.6547291112441683e-11,2.7522796428752014e-11,2.2434261550738753e-11,2.4379961491130728e-11,2.699295765054454e-11,2.500929973295859e-11,0.9999914633951001,0.9999918375774144
8.604718309221372e-08,4.535122761997275e-19,2.5677923598784008e-11,3.5335109279951734e-19,2.5677928168313517e-11,6.162744727425062e-07,2.5677923589607124e-11,1.4971435295530642e-18,5.336634794715323e-19,3.2874475006911685e-19,6.447665808326855e-19,9.38718126970826e-16,2.8067259338010457e-19,2.1960185862732602e-19,3.8821768549978657e-19,1.0614485266212932e-15,4.623456549931993e-16,3.3794686000109384e-19,3.6776630049428713e-19,2.5677927607138822e-11,2.567792296683852e-11,3.456223737970104e-19,2.091002427354889e-19,2.5677928130193338e-11,4.624666552768338e-19,5.104780839585558e-19,2.7238094612912286e-19,8.088089209564201e-16,4.1631162240268024e-19,5.873397718158136e-19,2.5677926988909816e-11,2.567792368920298e-11,6.979917900885092e-19,4.483863705252229e-19,5.958473300643778e-19,2.5677923598784008e-11,2.5677926228582322e-11,2.9168948399491774e-19,4.445780712314484e-19,3.3214937254227854e-19,2.370652665624306e-19,6.650454559398796e-19,5.363597972697929e-19,3.960661083847311e-19,4.0362648048437385e-19,4.596530477034925e-19,5.855159546965866e-19,5.105467196979824e-08,2.5677923598784008e-11
0.9999938683988652,2.488242013813597e-11,0.9999916280943455,2.1630831857754095e-11,0.9999918375774165,2.5677923589607124e-11,0.9999922443687594,1.505328016578205e-07,2.7043059257427075e-11,2.2434257331293444e-11,2.626396374420821e-11,2.4724387988864387e-11,2.5035412175463002e-11,2.1705333048075113e-11,2.2434257462382814e-11,2.5920115414559705e-11,2.008723193902282e-11,2.4379957310601717e-11,2.7043222998628658e-11,0.9999918097438655,0.9999916004465398,2.7748157012308138e-11,2.4116205489869697e-11,0.9999918375774165,2.424193144116014e-11,2.5599553447186994e-11,2.0888235948014634e-11,2.347143303161261e-11,2.4875637453428912e-11,2.639967638172447e-11,0.9999917823953333,0.9999916314801361,1.0719019294921531e-07,2.503901481530636e-11,2.6292262419766532e-11,0.999991628094343,0.9999917480429573,2.253047322893253e-11,2.4379957418425922e-11,2.4451125256960475e-11,2.0719550952989642e-11,2.6547286186828013e-11,2.7522791624058013e-11,2.2434257618871194e-11,2.437995719374793e-11,2.699295274982829e-11,2.500929525187428e-11,0.9999912539121042,0.9999916280943435
1.8552555831996868e-07,1.2949460198209062e-18,1.5053280165782083e-07,8.4499208440572975e-19,7.571039066684175e-11,1.4971435295530642e-18,1.505328016578205e-07,6.16274481401811e-07,1.3689356922104451e-18,1.1471658662237486e-18,1.489619501475e-18,1.3297138340163879e-18,8.05427190360025e-19,8.86599886055371e-19,1.0889469743482608e-18,1.5066284888341641e-18,6.524248401693994e-19,1.2631160749457934e-18,1.4424247603272177e-18,7.571038904793523e-11,1.5053279808493112e-07,1.5349029084425033e-18,1.2793281379387536e-18,7.571039078279788e-11,9.7388615266703e-19,1.5842157772280617e-18,8.644999724814322e-19,1.2149419042081918e-18,1.3715956265987964e-18,1.5217960331843315e-18,7.571038693544239e-11,1.5053280209531078e-07,4.425835231259594e-15,1.4175502818953351e-18,1.6952996699639682e-18,1.505328016578201e-07,1.5053281713285427e-07,7.823079610097206e-19,1.3690968473711747e-18,1.446056667299369e-18,7.356095360514641e-19,1.617096498209187e-18,1.5994104182724824e-18,1.1471658662237486e-18,1.3521386138752928e-18,1.8165210521495904e-18,1.3271968290110608e-18,1.5053275329786953e-07,1.5053280165782027e-07
8.876145273964041e-08,2.942511114681707e-19,2.704305936157537e-11,2.573668203273877e-19,2.7043064075059447e-11,5.336634794715323e-19,2.7043059257427075e-11,1.3689356922104451e-18,6.162744747507947e-07,3.5799294555432913e-19,5.152351119572731e-19,5.081656876543799e-19,2.597830890171977e-19,3.330994670984282e-19,2.5161808610574177e-19,5.875241286592049e-19,1.892152473971242e-19,8.605554746341732e-16,5.223194145535901e-19,2.7043063433456362e-11,2.7043058528117258e-11,5.737128514853906e-19,4.376872288752819e-19,2.7043064019208173e-11,3.992824284757067e-19,3.697592346353605e-19,2.409398935897186e-19,3.575049418504962e-19,3.7426920618916224e-19,5.952193403539742e-19,2.7043062590677673e-11,5.376894875199792e-08,8.047286211066081e-19,3.1227370085209165e-19,3.707142037054243e-19,2.704305917889507e-11,2.7043062065611412e-11,2.8802856872718397e-19,8.605555029270878e-16,4.637674947323937e-19,2.9285609879313365e-19,4.341270589610717e-19,5.632039611631252e-19,3.4345564113606608e-19,8.605554423740303e-16,5.6090864943228715e-19,4.695136946495104e-19,5.376893142280655e-08,2.7043059257427075e-11
7.959787879923419e-08,4.3238004506568164e-19,2.243425723674472e-11,3.4134770953527354e-16,2.243426123651501e-11,3.2874475006911685e-19,2.2434257331293444e-11,1.1471658662237486e-18,3.5799294555432913e-19,6.16274473458556e-07,3.618834542725586e-19,3.3143383606980716e-19,2.608631491713273e-16,1.503753354865942e-19,4.134461968951999e-16,3.4228837939295573e-19,2.0227299953917298e-16,2.7273014499512893e-19,2.497688775529116e-19,2.2434260690779076e-11,2.2434256627499227e-11,3.6632413733295885e-19,2.274723073420593e-19,2.2434261254721983e-11,2.539557148382967e-19,3.5074607982982193e-19,2.747186238389562e-16,3.0281005464786916e-19,3.303497891378184e-19,4.1727222891459884e-19,2.24342602380422e-11,2.2434257324145892e-11,4.3220414827549013e-19,2.1971594688375367e-19,3.0447629150542613e-19,2.2434257282768014e-11,2.2434259504436593e-11,2.4945642579807847e-16,3.5324931404511714e-19,2.6681147720897285e-19,2.599210614003132e-16,3.6930797244876496e-19,2.877457883607877e-19,4.13446251480447e-16,3.5779887451117713e-19,4.387489709310304e-19,2.0419131964514433e-19,4.4605384012614006e-08,2.243425727235857e-11
8.72123932229013e-08,4.007926307986206e-19,2.6263963763370797e-11,3.593774359502188e-19,2.626396850454647e-11,6.447665808326855e-19,2.626396374420821e-11,1.489619501475e-18,5.152351119572731e-19,3.618834542725586e-19,6.162744725916802e-07,5.8944459500744155e-19,2.818657064455288e-19,3.346890741300789e-19,4.397475611971235e-19,6.143145969308671e-19,2.733316360265961e-19,4.494414646584654e-19,3.0233399343485523e-19,2.626396786386884e-11,2.6263963069890976e-11,4.601001162564196e-19,4.569107190918955e-19,2.626396854293289e-11,4.589337479212394e-19,6.504318238509053e-19,2.974537216418877e-19,8.644070436612314e-16,5.525606690412793e-19,1.1732241958552893e-15,2.6263967244612204e-11,2.6263963718991012e-11,9.200919712088818e-19,5.383495366872903e-19,6.026845762784395e-19,2.626396374420821e-11,2.6263966558325675e-11,3.0899315219259685e-19,4.494414646584654e-19,3.3170411866329937e-19,2.4855296418310103e-19,6.35456620715821e-19,5.857182985561196e-19,3.864389564942764e-19,4.494414646584654e-19,7.365197589400753e-19,4.863342788724723e-19,5.22198786982129e-08,2.6263963763370797e-11
8.415129114594284e-08,3.1262194483380396e-19,2.4724387988864387e-11,3.1559571877024542e-19,2.4724392380805528e-11,9.38718126970826e-16,2.4724387988864387e-11,1.3297138340163879e-18,5.081656876543799e-19,3.3143383606980716e-19,5.8944459500744155e-19,6.162744722667174e-07,3.125997620843284e-19,5.462701688544948e-16,3.338102227098357e-19,5.351406614250364e-19,1.7213317288753828e-19,3.3699472341539624e-19,3.4611044703778497e-19,2.472439188637266e-11,2.4724387306351735e-11,4.886684181453116e-19,7.841384801115093e-16,2.4724392327807766e-11,6.206655255556675e-16,3.6701860382018427e-19,2.4526257893035183e-19,4.636170400869653e-19,4.473331923473418e-19,5.407944151463346e-19,2.4724391271291373e-11,2.4724388102605305e-11,6.274795291846038e-19,8.764601198850344e-16,6.784790200849056e-19,2.4724387973700522e-11,2.4724390526673063e-11,2.22752133103137e-19,3.1219352704471337e-19,4.90744645012863e-19,2.3833923794057647e-19,6.684835420475136e-19,5.169587592500911e-19,3.3143383606980716e-19,4.895969342630202e-19,3.140783466952857e-19,5.14094845596039e-19,4.915878475753362e-08,2.472438796117385e-11
8.476969699808942e-08,2.2793368682850943e-19,2.5035412175463002e-11,1.804205536085627e-16,2.5035416418023276e-11,2.8067259338010457e-19,2.5035412175463002e-11,8.05427190360025e-19,2.597830890171977e-19,2.608631491713273e-16,2.818657064455288e-19,3.125997620843284e-19,6.162744725700107e-07,6.763053659245076e-20,2.60863228132782e-16,2.9522929015875607e-19,2.514805842720241e-17,1.7485375672245893e-19,2.886786023882315e-19,4.9777207570236225e-08,2.5035411583286666e-11,2.8358790678783453e-19,1.8984883036538747e-19,2.5035416375565526e-11,1.0070279850105783e-19,3.022946698677312e-19,1.0608078237055436e-16,2.4633426744038777e-19,5.049938575545623e-16,3.2500616293626667e-19,4.977720645514969e-08,2.5035412180633242e-11,2.5178459579195474e-19,3.2679977265212066e-19,3.9385348668442577e-19,2.5035412175463002e-11,2.5035414579654066e-11,5.657244330865794e-17,2.700776763550473e-19,2.466062510558564e-19,8.958962578332428e-17,3.343030190690452e-19,2.7281772088568396e-19,2.6086329198990697e-16,1.7485375672245893e-19,3.5909300817173585e-19,5.18481480520889e-16,4.977718483040519e-08,2.5035412175463002e-11
7.814857601838667e-08,2.5615646011245823e-19,2.1705333048075113e-11,1.1619804488980827e-19,2.1705336854977543e-11,2.1960185862732602e-19,2.1705333048075113e-11,8.86599886055371e-19,3.330994670984282e-19,1.503753354865942e-19,3.346890741300789e-19,5.462701688544948e-16,6.763053659245076e-20,6.162744734451636e-07,1.571877113141871e-19,4.227273361353191e-19,1.1547893062781854e-19,3.522728656300998e-19,5.732431494151186e-16,2.170533631535064e-11,2.1705332587252655e-11,3.48280149601816e-19,4.928726843781449e-16,2.1705336900214005e-11,3.2786147375215886e-16,2.852831289582119e-19,1.2774154971104833e-19,4.3629709236270334e-16,1.725728415441067e-19,5.667477539492461e-19,2.1705335753385924e-11,2.1705333102287855e-11,3.6423017325954144e-19,5.740432367084748e-16,6.83773561896211e-16,2.1705333048075113e-11,2.1705335188291327e-11,3.0803284793653126e-20,3.6309330608369174e-19,5.250771275890866e-16,8.666062977320543e-20,3.573273921599899e-19,6.149050326932811e-16,1.5102496346276075e-19,3.7741572475765327e-19,3.8140703596990765e-19,2.4631591989012196e-19,4.315608508050264e-08,2.1705332998797883e-11
7.9597878682909e-08,4.3238004506568164e-19,2.2434257416805353e-11,3.4134777195668267e-16,2.2434261434338236e-11,3.8821768549978657e-19,2.2434257462382814e-11,1.0889469743482608e-18,2.5161808610574177e-19,4.134461968951999e-16,4.397475611971235e-19,3.338102227098357e-19,2.60863228132782e-16,1.571877113141871e-19,6.16274473458556e-07,4.93208309998148e-19,2.0227306324337812e-16,2.7273014499512893e-19,3.476258265929222e-19,2.2434260870513688e-11,2.2434256865844923e-11,3.9972224930683417e-19,2.1423735682178875e-19,2.2434261406837257e-11,2.539557148382967e-19,3.5074607982982193e-19,2.7471868685490204e-16,3.167807645390067e-19,6.467544717467518e-20,3.541063038888846e-19,2.243426030593848e-11,2.2434257488517928e-11,5.025327730827452e-19,3.5293935569658218e-19,4.1014906396724543e-19,2.2434257462382814e-11,2.2434259641919843e-11,2.4945649615133333e-16,2.7273014499512893e-19,2.0956716301574194e-19,2.599211245249819e-16,3.0108139093776037e-19,2.877457883607877e-19,4.134463132601899e-16,2.7273014499512893e-19,4.785642243807448e-19,2.0419131964514433e-19,4.4605384359166975e-08,2.2434257405337094e-11
8.6528727902119e-08,4.307350008449687e-19,2.5920115309240174e-11,3.322787386265049e-19,2.5920120056585973e-11,1.0614485266212932e-15,2.5920115414559705e-11,1.5066284888341641e-18,5.875241286592049e-19,3.4228837939295573e-19,6.143145969308671e-19,5.351406614250364e-19,2.9522929015875607e-19,4.227273361353191e-19,4.93208309998148e-19,6.162744726914639e-07,4.822235408379276e-16,5.599323257505743e-19,6.0359469663254525e-19,2.5920119396691982e-11,2.592011482095447e-11,6.549167251856778e-19,5.072900212527642e-19,2.5920120126625866e-11,3.5511582634541896e-19,5.611645586529408e-19,2.621359219981995e-19,8.319633126476462e-16,4.528766708114435e-19,6.173620825052791e-19,2.5920118751317904e-11,2.5920115421062e-11,8.03198376238142e-19,4.315301272024443e-19,5.664420575839614e-19,2.5920115414559705e-11,2.592011816053244e-11,2.8870066714397176e-19,5.599323257505743e-19,3.4337921755588147e-19,2.436485937377126e-19,6.336009342574212e-19,4.2064687167734366e-19,3.53860202889046e-19,3.9241137160951484e-19,5.652644041911527e-19,3.343866757692363e-19,5.153621501955459e-08,2.5920115376028165e-11
7.493134355481988e-08,2.117481171246643e-19,2.0087231937465627e-11,1.3772128969958768e-16,2.0087235324788766e-11,4.623456549931993e-16,2.008723193902282e-11,6.524248401693994e-19,1.892152473971242e-19,2.0227299953917298e-16,2.733316360265961e-19,1.7213317288753828e-19,2.514805842720241e-17,1.1547893062781854e-19,2.0227306324337812e-16,4.822235408379276e-16,6.162744728805004e-07,1.4930447356490872e-19,1.906652781589469e-19,2.0087234874847562e-11,2.0087231427671208e-11,2.4064770311596786e-19,1.834308614505751e-19,2.008723529473985e-11,8.511931478322035e-20,2.0935496391595395e-19,7.806884565566114e-17,2.8425136034316676e-16,3.9807340667581006e-16,2.2207957281164305e-19,2.0087234500185064e-11,2.0087231967555886e-11,1.2562687497183858e-19,2.0399071214959112e-19,2.5761845248824866e-19,2.0087231925060325e-11,2.0087233903374294e-11,3.7296092392579564e-17,1.692139559079204e-19,1.2576312433838137e-19,6.484458960317642e-17,2.64513609006551e-19,1.9503072716503463e-19,2.0227311462579524e-16,1.7905159258828935e-19,2.670870297371981e-19,4.0891084012560714e-16,3.993886139199426e-08,2.008723193902282e-11
8.346646867926388e-08,4.2538325476039274e-19,2.4379957276845475e-11,2.3767964093626133e-19,2.437996153962185e-11,3.3794686000109384e-19,2.4379957310601717e-11,1.2631160749457934e-18,8.605554746341732e-16,2.7273014499512893e-19,4.494414646584654e-19,3.3699472341539624e-19,1.7485375672245893e-19,3.522728656300998e-19,2.7273014499512893e-19,5.599323257505743e-19,1.4930447356490872e-19,6.162744722826614e-07,4.1670182763508215e-19,2.4379960924289206e-11,2.4379956620452805e-11,2.5353920812070054e-19,4.1248893630621904e-19,2.437996160263803e-11,3.961543291996617e-19,4.415635741965287e-19,1.9258009469681293e-19,3.1583028937404675e-19,3.7679615262315834e-19,4.959094821269488e-19,2.4379960480670237e-11,2.4379957169988164e-11,6.401926846757116e-19,5.242107574522785e-19,3.9969604706767042e-19,2.4379957236908274e-11,2.437995970689736e-11,2.085511178705245e-19,7.749534742787351e-16,5.282522380168366e-19,1.6136969235025208e-19,4.382550141902606e-19,5.910690058519578e-19,2.7273014499512893e-19,7.749534196828853e-16,5.050959775015043e-19,2.3367555833997894e-19,4.8473963022841626e-08,2.437995726803131e-11
8.87617788196452e-08,5.635108481801142e-19,2.7043222998628658e-11,3.4880031281678145e-19,2.7043227736977707e-11,3.6776630049428713e-19,2.7043222998628658e-11,1.4424247603272177e-18,5.223194145535901e-19,2.497688775529116e-19,3.0233399343485523e-19,3.4611044703778497e-19,2.886786023882315e-19,5.732431494151186e-16,3.476258265929222e-19,6.0359469663254525e-19,1.906652781589469e-19,4.1670182763508215e-19,6.162744747443376e-07,2.7043227100851e-11,5.3769272878757194e-08,4.817056220814586e-19,4.793572234997894e-19,2.7043227736977707e-11,6.519179460352979e-16,5.010540930664569e-19,2.0215416045823646e-19,7.630131711893252e-16,4.532139799095797e-19,4.843777966048393e-19,2.7043226588668556e-11,2.7043223021290088e-11,7.029429943786407e-19,6.1350490766157955e-19,4.556042370171161e-19,2.7043222861485495e-11,2.7043225618439357e-11,1.6391502583274823e-19,4.41779494388425e-19,8.732106912522266e-16,2.329755437919732e-19,7.461654099194255e-19,1.0094006116515044e-15,3.1096046563723033e-19,4.540376906789012e-19,6.550264315051668e-19,3.8886728331786164e-19,5.376925697231081e-08,2.7043222977642404e-11
0.9999940500488016,2.4882423966034105e-11,0.9999918097438661,2.163083528913689e-11,0.9999920192269739,2.5677927607138822e-11,0.9999918097438655,7.571038904793523e-11,2.7043063433456362e-11,2.2434260690779076e-11,2.626396786386884e-11,2.472439188637266e-11,4.9777207570236225e-08,2.170533631535064e-11,2.2434260870513688e-11,2.5920119396691982e-11,2.0087234874847562e-11,2.4379960924289206e-11,2.7043227100851e-11,0.9999926076678265,0.9999917820960551,2.7748161278500196e-11,2.4116209173728614e-11,0.9999920192269729,2.42419351740787e-11,2.5599557403777276e-11,2.08882391840105e-11,2.3471436762384856e-11,2.4875641351897874e-11,2.6399680553625515e-11,0.9999919640448811,0.9999918131296561,5.391125014871908e-11,2.5039018767225143e-11,2.6292266521432088e-11,0.9999918097438641,0.9999919296924993,2.2530476670553e-11,2.437996118365152e-11,2.4451129135102223e-11,2.0719554114364726e-11,2.654729039026763e-11,2.7522795948085586e-11,2.243426102450465e-11,2.4379960921604142e-11,2.6992956972111777e-11,2.5009299236131713e-11,0.9999914355615588,0.9999918097438641
0.9999938407509948,2.4882419488798885e-11,0.9999916004465396,2.163083136141398e-11,0.9999918099296059,2.567792296683852e-11,0.9999916004465398,1.5053279808493112e-07,2.7043058528117258e-11,2.2434256627499227e-11,2.6263963069890976e-11,2.4724387306351735e-11,2.5035411583286666e-11,2.1705332587252655e-11,2.2434256865844923e-11,2.592011482095447e-11,2.0087231427671208e-11,2.4379956620452805e-11,5.3769272878757194e-08,0.9999917820960551,0.9999921890731513,2.7748156324236608e-11,2.4116204910016436e-11,0.9999918099296061,4.8199544214807974e-08,2.5599552791133995e-11,2.0888235540120225e-11,2.3471432487672906e-11,2.4875636886330906e-11,2.6399675686235816e-11,0.9999917547475238,0.99999160383233,1.0719019047281651e-07,2.5039014119399257e-11,2.6292261742190736e-11,0.9999916004465371,0.9999917203951488,2.2530472896069568e-11,2.4379956773992358e-11,2.4451124813715427e-11,2.0719550547085702e-11,2.6547285545792074e-11,5.472278578403571e-08,2.2434257145852378e-11,2.4379956606492713e-11,2.699295209971375e-11,2.5009294621796532e-11,0.9999912262643077,0.999991600446537
9.016338084651368e-08,9.863116564428725e-16,2.774815697611452e-11,4.075941449919935e-19,2.7748161875560105e-11,3.456223737970104e-19,2.7748157012308138e-11,1.5349029084425033e-18,5.737128514853906e-19,3.6632413733295885e-19,4.601001162564196e-19,4.886684181453116e-19,2.8358790678783453e-19,3.48280149601816e-19,3.9972224930683417e-19,6.549167251856778e-19,2.4064770311596786e-19,2.5353920812070054e-19,4.817056220814586e-19,2.7748161278500196e-11,2.7748156324236608e-11,6.162744743788957e-07,3.8086379163997354e-19,2.7748161875560105e-11,4.669835951304608e-19,1.0666628072776352e-15,2.810622766114846e-19,6.379319514215108e-19,4.537425101124117e-19,5.312366447553638e-19,5.5170881890423107e-08,2.7748156974763156e-11,8.45801807133185e-19,4.994514178887903e-19,4.670109588716556e-19,2.7748156979634723e-11,2.7748159812514207e-11,5.3549809869863e-16,2.5353920812070054e-19,3.842349098514414e-19,2.4810172713826474e-19,7.107503387984789e-19,5.906428533646522e-19,4.1141910608265205e-19,2.675785573634592e-19,5.5158425135035095e-19,6.600869080131882e-19,5.517085691854606e-08,2.7748157012308138e-11
8.29420559813494e-08,3.84786621444145e-19,2.4116205489869697e-11,2.1614613164543472e-19,2.4116209796838586e-11,2.091002427354889e-19,2.4116205489869697e-11,1.2793281379387536e-18,4.376872288752819e-19,2.274723073420593e-19,4.569107190918955e-19,7.841384801115093e-16,1.8984883036538747e-19,4.928726843781449e-16,2.1423735682178875e-19,5.072900212527642e-19,1.834308614505751e-19,4.1248893630621904e-19,4.793572234997894e-19,2.4116209173728614e-11,2.4116204910016436e-11,3.8086379163997354e-19,6.162744717789031e-07,2.4116209705017296e-11,5.610444552351445e-16,4.416700808068491e-19,3.5142841013586402e-19,4.1983941734208286e-19,3.083222207986259e-19,4.608304885093495e-19,2.411620863940849e-11,2.41162055366594e-11,4.985371606513069e-19,8.149452201253069e-16,9.367242114660327e-16,2.4116205484939985e-11,2.4116207882709888e-11,1.6930391218059936e-19,3.6557626130778744e-19,1.5206634529295512e-19,1.887445853549704e-19,4.887293951505626e-19,4.802468951649644e-19,2.274723073420593e-19,4.329472474399986e-19,4.463545212102576e-19,3.5387364446518455e-19,4.794955296876664e-08,2.4116205462279107e-11
0.9999940778824166,2.4882424545478774e-11,0.9999918375774165,2.1630835749724058e-11,0.9999920470605305,2.5677928130193338e-11,0.9999918375774165,7.571039078279788e-11,2.7043064019208173e-11,2.2434261254721983e-11,2.626396854293289e-11,2.4724392327807766e-11,2.5035416375565526e-11,2.1705336900214005e-11,2.2434261406837257e-11,2.5920120126625866e-11,2.008723529473985e-11,2.437996160263803e-11,2.7043227736977707e-11,0.9999920192269729,0.9999918099296061,2.7748161875560105e-11,2.4116209705017296e-11,0.9999926633349357,2.4241935651565103e-11,2.5599558074892808e-11,2.0888239565035017e-11,2.3471437218142698e-11,2.4875641954296876e-11,2.639968106828525e-11,0.9999919918784368,0.9999918409632069,5.391125149711694e-11,2.5039019178363253e-11,2.6292267158491573e-11,0.9999918375774141,0.9999919575260535,2.2530477227791362e-11,2.4379961697996722e-11,2.4451129710857343e-11,2.0719554646512536e-11,2.6547291112441683e-11,2.7522796652106473e-11,2.2434261550738753e-11,2.4379961564566398e-11,2.6992957576265897e-11,2.500929969607655e-11,0.9999914633951001,0.9999918375774138
8.319203495323918e-08,3.2798091396953362e-19,2.424193144116014e-11,1.0029632448477562e-19,2.4241935731294263e-11,4.624666552768338e-19,2.424193144116014e-11,9.7388615266703e-19,3.992824284757067e-19,2.539557148382967e-19,4.589337479212394e-19,6.206655255556675e-16,1.0070279850105783e-19,3.2786147375215886e-16,2.539557148382967e-19,3.5511582634541896e-19,8.511931478322035e-20,3.961543291996617e-19,6.519179460352979e-16,2.42419351740787e-11,4.8199544214807974e-08,4.669835951304608e-19,5.610444552351445e-16,2.4241935651565103e-11,6.162744739440768e-07,4.115431427813336e-19,1.6412313016538237e-19,3.222378768543972e-19,2.9641401632605544e-19,4.679685312001669e-19,2.4241934630742685e-11,2.4241931511585794e-11,4.281850668871707e-19,6.516744603275932e-16,7.74200283276237e-16,2.424193145703922e-11,2.4241933803267e-11,9.117827953626829e-20,3.8042647797113826e-19,5.969875517349239e-16,7.155168381110826e-20,4.246326459168576e-19,6.984354800688914e-16,1.9147012259994931e-19,3.828476075276306e-19,4.959505435160647e-19,3.472107053037899e-19,4.81995302409004e-08,2.424193145703922e-11
8.589136312630667e-08,9.458822953960512e-16,2.5599553480124215e-11,3.311606517654652e-19,2.559955806994735e-11,5.104780839585558e-19,2.5599553447186994e-11,1.5842157772280617e-18,3.697592346353605e-19,3.5074607982982193e-19,6.504318238509053e-19,3.6701860382018427e-19,3.022946698677312e-19,2.852831289582119e-19,3.5074607982982193e-19,5.611645586529408e-19,2.0935496391595395e-19,4.415635741965287e-19,5.010540930664569e-19,2.5599557403777276e-11,2.5599552791133995e-11,1.0666628072776352e-15,4.416700808068491e-19,2.5599558074892808e-11,4.115431427813336e-19,6.162744737663125e-07,2.383136591453858e-19,6.587714977482535e-19,4.601462083482315e-19,6.283345167210501e-19,2.5599556865813637e-11,2.5599553485037148e-11,7.766212778389803e-19,4.46732693914622e-19,5.838206247863665e-19,2.5599553490075818e-11,2.559955613775198e-11,2.9765785089087473e-19,5.392306934396362e-19,5.188700738910081e-19,2.1594629170113408e-19,5.90768085553156e-19,6.424967755332481e-19,3.6304435391471623e-19,5.392306934396362e-19,6.558802895226283e-19,4.81481979710188e-19,5.089885091048325e-08,2.5599553447186994e-11
7.652396141800796e-08,2.2828117779791635e-19,2.0888235948014634e-11,2.0759436364272186e-16,2.0888239579329542e-11,2.7238094612912286e-19,2.0888235948014634e-11,8.644999724814322e-19,2.409398935897186e-19,2.747186238389562e-16,2.974537216418877e-19,2.4526257893035183e-19,1.0608078237055436e-16,1.2774154971104833e-19,2.7471868685490204e-16,2.621359219981995e-19,7.806884565566114e-17,1.9258009469681293e-19,2.0215416045823646e-19,2.08882391840105e-11,2.0888235540120225e-11,2.810622766114846e-19,3.5142841013586402e-19,2.0888239565035017e-11,1.6412313016538237e-19,2.383136591453858e-19,6.162744734254631e-07,2.447412642915352e-19,4.782908704814883e-16,2.9034070988248863e-19,2.0888238718877263e-11,2.088823614174972e-11,3.200826754302753e-19,2.499861664384549e-19,2.9600311443424627e-19,2.0888235965671437e-11,2.0888238021210196e-11,1.1013237045647738e-16,2.5140655854294677e-19,1.983647738289974e-19,1.3180366197787774e-16,2.8951786053029257e-19,2.645362605659184e-19,2.7471873933811734e-16,2.5140655854294677e-19,3.866848287530079e-19,4.895616542431256e-16,4.153147464277837e-08,2.088823610192143e-11
8.166007068709704e-08,3.1617096193538623e-19,2.3471433109701388e-11,3.504278030446994e-19,2.3471437265528256e-11,8.088089209564201e-16,2.347143303161261e-11,1.2149419042081918e-18,3.575049418504962e-19,3.0281005464786916e-19,8.644070436612314e-16,4.636170400869653e-19,2.4633426744038777e-19,4.3629709236270334e-16,3.167807645390067e-19,8.319633126476462e-16,2.8425136034316676e-16,3.1583028937404675e-19,7.630131711893252e-16,2.3471436762384856e-11,2.3471432487672906e-11,6.379319514215108e-19,4.1983941734208286e-19,2.3471437218142698e-11,3.222378768543972e-19,6.587714977482535e-19,2.447412642915352e-19,6.162744716872299e-07,4.726056348107479e-19,4.588105654007573e-19,2.347143626643931e-11,2.347143311228168e-11,4.730100503587133e-19,4.7990353714623e-19,5.603484666541033e-19,2.3471433034175853e-11,2.347143533447995e-11,3.4148024911300685e-16,3.1583028937404675e-19,6.966558903019663e-16,3.4449773004453967e-16,4.477854355017517e-19,3.486390055264632e-19,3.2225890012248743e-19,3.1583028937404675e-19,9.3354002560911e-16,7.463563625358112e-16,4.66675707148099e-08,2.347143303161261e-11
8.445201697530273e-08,4.740493582786026e-19,2.4875637463090937e-11,5.52151490158043e-16,2.4875641973218765e-11,4.1631162240268024e-19,2.4875637453428912e-11,1.3715956265987964e-18,3.7426920618916224e-19,3.303497891378184e-19,5.525606690412793e-19,4.473331923473418e-19,5.049938575545623e-16,1.725728415441067e-19,6.467544717467518e-20,4.528766708114435e-19,3.9807340667581006e-16,3.7679615262315834e-19,4.532139799095797e-19,2.4875641351897874e-11,2.4875636886330906e-11,4.537425101124117e-19,3.083222207986259e-19,2.4875641954296876e-11,2.9641401632605544e-19,4.601462083482315e-19,4.782908704814883e-16,4.726056348107479e-19,6.162744726754572e-07,4.375738922888641e-19,2.4875640751231938e-11,2.4875637507237353e-11,7.419964724107969e-19,4.807344984440399e-19,3.792080407452033e-19,2.4875637453428912e-11,2.4875640013683935e-11,4.691280884014594e-16,3.7679615262315834e-19,2.8538038897619626e-19,4.618661376948486e-16,5.093411905410583e-19,5.151038839493421e-19,3.303497891378184e-19,3.7679615262315834e-19,5.765248558730927e-19,8.877402293275658e-16,4.94595097948078e-08,2.4875637463090937e-11
8.748222817710691e-08,4.954388757177613e-19,2.639967638172447e-11,3.5133490583107823e-19,2.6399681213778358e-11,5.873397718158136e-19,2.639967638172447e-11,1.5217960331843315e-18,5.952193403539742e-19,4.1727222891459884e-19,1.1732241958552893e-15,5.407944151463346e-19,3.2500616293626667e-19,5.667477539492461e-19,3.541063038888846e-19,6.173620825052791e-19,2.2207957281164305e-19,4.959094821269488e-19,4.843777966048393e-19,2.6399680553625515e-11,2.6399675686235816e-11,5.312366447553638e-19,4.608304885093495e-19,2.639968106828525e-11,4.679685312001669e-19,6.283345167210501e-19,2.9034070988248863e-19,4.588105654007573e-19,4.375738922888641e-19,6.162744730708901e-07,2.6399679766284202e-11,2.639967640601689e-11,9.163168229375092e-19,4.776947062208379e-19,3.3486081391087293e-19,2.6399676367913975e-11,2.6399679125883764e-11,3.398105247036416e-19,4.959094821269488e-19,3.925560306034671e-19,2.4667625447596904e-19,6.297322664947244e-19,5.436512599777807e-19,4.1727222891459884e-19,4.959094821269488e-19,4.436550467891836e-19,5.899943460322166e-19,5.248971219477891e-08,2.6399676367913975e-11
0.9999940227002073,2.4882423305874135e-11,0.9999917823953323,2.1630834622062527e-11,0.9999919918784363,2.5677926988909816e-11,0.9999917823953333,7.571038693544239e-11,2.7043062590677673e-11,2.24342602380422e-11,2.6263967244612204e-11,2.4724391271291373e-11,4.977720645514969e-08,2.1705335753385924e-11,2.243426030593848e-11,2.5920118751317904e-11,2.0087234500185064e-11,2.4379960480670237e-11,2.7043226588668556e-11,0.9999919640448811,0.9999917547475238,5.5170881890423107e-08,2.411620863940849e-11,0.9999919918784368,2.4241934630742685e-11,2.5599556865813637e-11,2.0888238718877263e-11,2.347143626643931e-11,2.4875640751231938e-11,2.6399679766284202e-11,0.9999925529707541,0.9999917857811239,5.3911248874546585e-11,2.5039018106537732e-11,2.6292266013129634e-11,0.9999917823953308,0.9999919023439632,4.4796707041908745e-08,2.4379960559761777e-11,2.4451128616640314e-11,2.071955361154511e-11,2.6547289686886984e-11,2.752279532235492e-11,2.243426051325995e-11,2.4379960361764827e-11,2.699295636614954e-11,2.5009298520151142e-11,0.9999914082130358,0.9999917823953317
0.9999938717846627,2.488242014553896e-11,0.9999916314801363,2.1630831920785174e-11,0.9999918409632081,2.567792368920298e-11,0.9999916314801361,1.5053280209531078e-07,5.376894875199792e-08,2.2434257324145892e-11,2.6263963718991012e-11,2.4724388102605305e-11,2.5035412180633242e-11,2.1705333102287855e-11,2.2434257488517928e-11,2.5920115421062e-11,2.0087231967555886e-11,2.4379957169988164e-11,2.7043223021290088e-11,0.9999918131296561,0.99999160383233,2.7748156974763156e-11,2.41162055366594e-11,0.9999918409632069,2.4241931511585794e-11,2.5599553485037148e-11,2.088823614174972e-11,2.347143311228168e-11,2.4875637507237353e-11,2.639967640601689e-11,0.9999917857811239,0.9999922511403414,1.0719019325249267e-07,2.503901487064899e-11,2.629226246319241e-11,0.9999916314801345,0.999991751428749,2.2530473429201722e-11,2.4379957225738715e-11,2.445112542211901e-11,2.071955108394437e-11,2.6547286281137512e-11,2.752279174541188e-11,2.243425767622484e-11,2.4379957145771072e-11,2.6992952899697472e-11,2.500929536553154e-11,0.9999912572978935,0.9999916314801333
1.4218284044850193e-07,6.969709437124029e-19,1.0719019294921527e-07,3.332450502894507e-19,5.391125124773893e-11,6.979917900885092e-19,1.0719019294921531e-07,4.425835231259594e-15,8.047286211066081e-19,4.3220414827549013e-19,9.200919712088818e-19,6.274795291846038e-19,2.5178459579195474e-19,3.6423017325954144e-19,5.025327730827452e-19,8.03198376238142e-19,1.2562687497183858e-19,6.401926846757116e-19,7.029429943786407e-19,5.391125014871908e-11,1.0719019047281651e-07,8.45801807133185e-19,4.985371606513069e-19,5.391125149711694e-11,4.281850668871707e-19,7.766212778389803e-19,3.200826754302753e-19,4.730100503587133e-19,7.419964724107969e-19,9.163168229375092e-19,5.3911248874546585e-11,1.0719019325249267e-07,6.162744749786139e-07,7.9756756966063e-19,9.023721767093054e-19,1.071901929492147e-07,5.391124724477409e-11,2.176009565510739e-19,7.240879050442411e-19,6.924600527541164e-19,2.545033146507022e-19,9.091856684402998e-19,5.990181705867761e-19,4.25821586138701e-19,6.432070738241837e-19,1.0090156703058224e-18,7.605238218561134e-19,1.0719015942598767e-07,1.0719019294921494e-07
8.477685634963007e-08,3.983725545577151e-19,2.503901481530636e-11,3.4927342511889406e-19,2.503901930145626e-11,4.483863705252229e-19,2.503901481530636e-11,1.4175502818953351e-18,3.1227370085209165e-19,2.1971594688375367e-19,5.383495366872903e-19,8.764601198850344e-16,3.2679977265212066e-19,5.740432367084748e-16,3.5293935569658218e-19,4.315301272024443e-19,2.0399071214959112e-19,5.242107574522785e-19,6.1350490766157955e-19,2.5039018767225143e-11,2.5039014119399257e-11,4.994514178887903e-19,8.149452201253069e-16,2.5039019178363253e-11,6.516744603275932e-16,4.46732693914622e-19,2.499861664384549e-19,4.7990353714623e-19,4.807344984440399e-19,4.776947062208379e-19,2.5039018106537732e-11,2.503901487064899e-11,7.9756756966063e-19,6.162744722135577e-07,4.643317638899793e-19,2.5039014820591923e-11,2.503901741168508e-11,2.1650373058387166e-19,4.478202952828427e-19,3.6250512703265766e-19,1.4906315894321412e-19,5.192789710493141e-19,4.467053015787751e-19,2.829761905497287e-19,4.62069506734366e-19,5.389185679716433e-19,5.0331046336158755e-19,4.978434811387005e-08,2.5039014820591923e-11
8.726865952181988e-08,5.6899754277443335e-19,2.6292262452980767e-11,3.1412546049928556e-19,2.629226715857485e-11,5.958473300643778e-19,2.6292262419766532e-11,1.6952996699639682e-18,3.707142037054243e-19,3.0447629150542613e-19,6.026845762784395e-19,6.784790200849056e-19,3.9385348668442577e-19,6.83773561896211e-16,4.1014906396724543e-19,5.664420575839614e-19,2.5761845248824866e-19,3.9969604706767042e-19,4.556042370171161e-19,2.6292266521432088e-11,2.6292261742190736e-11,4.670109588716556e-19,9.367242114660327e-16,2.6292267158491573e-11,7.74200283276237e-16,5.838206247863665e-19,2.9600311443424627e-19,5.603484666541033e-19,3.792080407452033e-19,3.3486081391087293e-19,2.6292266013129634e-11,2.629226246319241e-11,9.023721767093054e-19,4.643317638899793e-19,6.162744726471059e-07,2.6292262467746882e-11,2.6292265082056184e-11,3.4506542352481577e-19,3.572378800234777e-19,5.618765620831826e-19,2.96105046738708e-19,5.774920423219105e-19,2.5597425068776916e-19,3.464233297456104e-19,3.9969604706767042e-19,6.325261949086586e-19,4.792192025418619e-19,5.22761441305354e-08,2.6292262370417004e-11
0.999993868398864,2.488242013813597e-11,0.9999916280943435,2.163083184607886e-11,0.9999918375774146,2.5677923598784008e-11,0.999991628094343,1.505328016578201e-07,2.704305917889507e-11,2.2434257282768014e-11,2.626396374420821e-11,2.4724387973700522e-11,2.5035412175463002e-11,2.1705333048075113e-11,2.2434257462382814e-11,2.5920115414559705e-11,2.0087231925060325e-11,2.4379957236908274e-11,2.7043222861485495e-11,0.9999918097438641,0.9999916004465371,2.7748156979634723e-11,2.4116205484939985e-11,0.9999918375774141,2.424193145703922e-11,2.5599553490075818e-11,2.0888235965671437e-11,2.3471433034175853e-11,2.4875637453428912e-11,2.6399676367913975e-11,0.9999917823953308,0.9999916314801345,1.071901929492147e-07,2.5039014820591923e-11,2.6292262467746882e-11,0.9999922443687551,0.9999917480429563,2.2530473212816275e-11,2.4379957363983802e-11,2.4451125324294062e-11,2.071955097504236e-11,2.6547286186828013e-11,2.7522791601237994e-11,2.2434257646910032e-11,2.4379957182798022e-11,2.699295274982829e-11,2.500929525187428e-11,0.9999912539121021,0.999991628094342
