0.9999999860300349,0.999982857759533,0.9999829229358985,0.9999828577595378,0.9999829229359,0.9999828577595357,0.999982922935902,0.9999829229359013,0.9999829229359013,-6.740844101049881e-06,0.9999828577595382,-6.807003536974789e-06,0.9999829229359013,0.9999829229359051,0.9999829229359013,0.9999829229359016,0.999982922935904,0.9999829128355935,0.9999829229358985,0.9999829128355989,0.999982922935904,0.999982922935904,0.9999829229358985,0.9999829229359015,0.9999829229359,0.9999829229359016,0.9999829229359004,0.9999828577595334,0.9999829229358969,0.9999829229358982,0.9999829229359013,0.9999829229359,0.999982963783745,0.9999829229358985,-6.769456076711183e-06,-6.740844101882483e-06,0.9999829229359005,0.9999829229359051,0.9999828577595354,0.9999829278394791,-6.817287535633208e-06,0.9999829229359004,0.9999829059780968,0.9999828577595353,0.9999828826206181,-6.739928491364699e-06,0.9999829128355912,0.9999828577595354,0.9999829229358981,0.9999828642912506,0.999982922935906,0.9999829229359035,0.9999829229359005,0.9999829229359
0.999982857759533,0.9999821457165966,0.9999838238991637,0.999983758723169,0.9999838238991656,0.9999837587231691,0.9999838238991646,0.9999838238991658,0.9999838238991654,-1.4452886572298693e-10,0.9999837587231679,-3.5368898321085774e-07,0.9999838238991646,0.9999838238991628,0.9999838238991647,0.9999838238991635,0.999983823899164,0.999983813798909,0.9999838238991637,0.9999838137989093,0.9999838238991641,0.999983823899164,0.9999838238991637,0.999983823899165,0.9999838238991654,0.9999838238991637,0.9999838238991646,0.9999837587231668,0.9999838238991634,0.9999838238991637,0.9999838238991635,0.9999838238991656,0.9999838647467751,0.9999838238991635,-1.5891078299049788e-10,-1.4452886650366334e-10,0.9999838238991644,0.999983823899165,0.9999837587231685,0.9999838288027137,-3.639729221536152e-07,0.9999838238991644,0.9999838069414502,0.9999837587231672,0.9999837835841057,-1.4406862832754422e-10,0.999983813798909,0.9999837587231685,0.9999838238991637,0.9999837652548408,0.9999838238991641,0.9999838238991641,0.9999838238991641,0.999983823899165
0.9999829229358985,0.9999838238991637,0.9999822760686016,0.9999838238991671,0.9999838890751687,0.9999838238991684,0.9999838890751691,0.9999838890751696,0.9999838890751693,-1.445288750603136e-10,0.9999838238991667,-1.7778417544486165e-10,0.9999838890751682,0.9999838890751666,0.9999838890751684,0.9999838890751678,0.9999838890751678,0.9999838789749119,0.9999838890751674,0.9999838789749128,0.9999838890751691,0.9999838890751678,0.9999838890751674,0.9999838890751682,0.9999838890751687,0.9999838890751678,0.9999838890751691,0.9999838238991658,0.9999838890751674,0.9999838890751677,0.9999838890751677,0.9999838890751687,0.9999839299227822,0.9999838890751678,-1.5891079331750745e-10,-1.4452887584629608e-10,0.9999838890751691,0.9999838890751693,0.9999838238991661,0.9999838939787166,-1.8295346732467616e-10,0.9999838890751691,0.9999838721174541,0.9999838238991671,0.999983848760107,-1.4406863776365245e-10,0.9999838789749111,0.9999838238991667,0.9999838890751677,0.9999838304308406,0.9999838890751689,0.9999838890751691,0.9999838890751691,0.9999838890751693
0.9999828577595378,0.999983758723169,0.9999838238991671,0.999982145716605,0.9999838238991687,0.9999837587231728,0.999983823899168,0.9999838238991693,0.9999838238991687,-1.4452886569863165e-10,0.9999837587231721,-3.536889832108596e-07,0.9999838238991674,0.9999838238991653,0.999983823899168,0.9999838238991671,0.9999838238991667,0.9999838137989132,0.9999838238991663,0.9999838137989142,0.999983823899168,0.9999838238991675,0.9999838238991658,0.9999838238991671,0.9999838238991686,0.9999838238991667,0.9999838238991687,0.9999837587231725,0.9999838238991667,0.9999838238991671,0.9999838238991671,0.9999838238991687,0.9999838647467807,0.9999838238991674,-1.5891078310605646e-10,-1.4452886655080656e-10,0.9999838238991687,0.9999838238991687,0.9999837587231728,0.9999838288027177,-3.6397292215361706e-07,0.9999838238991684,0.9999838069414546,0.9999837587231712,0.9999837835841097,-1.4406862838399493e-10,0.9999838137989127,0.9999837587231731,0.9999838238991671,0.999983765254845,0.9999838238991671,0.999983823899168,0.9999838238991675,0.9999838238991684
0.9999829229359,0.9999838238991656,0.9999838890751687,0.9999838238991687,0.9999822760686037,0.9999838238991696,0.9999838890751696,0.9999838890751706,0.9999838890751701,-1.4452887503271992e-10,0.9999838238991687,-1.7778417550256407e-10,0.9999838890751691,0.9999838890751678,0.9999838890751693,0.9999838890751691,0.9999838890751689,0.999983878974913,0.9999838890751689,0.9999838789749143,0.9999838890751691,0.9999838890751691,0.9999838890751687,0.9999838890751699,0.9999838890751696,0.9999838890751684,0.9999838890751696,0.9999838238991682,0.9999838890751689,0.9999838890751691,0.9999838890751684,0.9999838890751696,0.9999839299227834,0.9999838890751691,-1.589107933509268e-10,-1.44528875905262e-10,0.9999838890751691,0.9999838890751696,0.9999838238991675,0.9999838939787182,-1.829534673543992e-10,0.9999838890751696,0.9999838721174558,0.9999838238991686,0.9999838487601075,-1.4406863769152517e-10,0.999983878974913,0.9999838238991686,0.9999838890751687,0.9999838304308419,0.9999838890751682,0.9999838890751699,0.9999838890751687,0.9999838890751696
0.9999828577595357,0.9999837587231691,0.9999838238991684,0.9999837587231728,0.9999838238991696,0.9999821457166042,0.9999838238991696,0.9999838238991705,0.9999838238991701,-1.445288656378791e-10,0.9999837587231731,-3.5368898321086007e-07,0.9999838238991703,0.9999838238991675,0.9999838238991684,0.999983823899168,0.9999838238991677,0.9999838137989142,0.9999838238991675,0.9999838137989149,0.999983823899169,0.999983823899169,0.9999838238991682,0.9999838238991696,0.9999838238991693,0.999983823899168,0.9999838238991694,0.9999837587231724,0.9999838238991671,0.9999838238991674,0.999983823899168,0.9999838238991696,0.9999838647467814,0.9999838238991675,-1.5891078300320798e-10,-1.4452886655402688e-10,0.9999838238991682,0.9999838238991696,0.9999837587231731,0.9999838288027189,-3.639729221536176e-07,0.9999838238991682,0.9999838069414555,0.9999837587231719,0.9999837835841097,-1.4406862838971594e-10,0.9999838137989142,0.9999837587231734,0.9999838238991674,0.999983765254846,0.9999838238991687,0.9999838238991693,0.9999838238991671,0.9999838238991696
0.999982922935902,0.9999838238991646,0.9999838890751691,0.999983823899168,0.9999838890751696,0.9999838238991696,0.9999822760686016,0.9999838890751699,0.9999838890751699,-1.4452887503272724e-10,0.9999838238991684,-1.7778417544303175e-10,0.9999838890751699,0.9999838890751682,0.9999838890751691,0.9999838890751687,0.9999838890751687,0.9999838789749136,0.9999838890751687,0.9999838789749138,0.9999838890751691,0.9999838890751691,0.9999838890751682,0.9999838890751696,0.9999838890751687,0.9999838890751682,0.9999838890751701,0.9999838238991667,0.9999838890751691,0.9999838890751691,0.9999838890751687,0.9999838890751696,0.999983929922783,0.9999838890751687,-1.5891079331750745e-10,-1.4452887585329586e-10,0.9999838890751699,0.9999838890751691,0.9999838238991684,0.9999838939787185,-1.8295346735793459e-10,0.9999838890751699,0.9999838721174558,0.9999838238991684,0.9999838487601078,-1.4406863770051913e-10,0.9999838789749126,0.9999838238991684,0.9999838890751691,0.9999838304308419,0.9999838890751691,0.9999838890751693,0.9999838890751678,0.9999838890751691
0.9999829229359013,0.9999838238991658,0.9999838890751696,0.9999838238991693,0.9999838890751706,0.9999838238991705,0.9999838890751699,0.9999822760685998,0.9999838890751708,-1.44528875176126e-10,0.999983823899168,-1.777841754513216e-10,0.9999838890751691,0.9999838890751674,0.9999838890751691,0.9999838890751687,0.9999838890751687,0.9999838789749141,0.9999838890751682,0.9999838789749147,0.9999838890751687,0.9999838890751687,0.999983889075168,0.9999838890751699,0.9999838890751696,0.9999838890751687,0.9999838890751701,0.9999838238991682,0.9999838890751682,0.9999838890751687,0.9999838890751691,0.9999838890751708,0.9999839299227837,0.9999838890751687,-1.5891079335736881e-10,-1.4452887588857977e-10,0.9999838890751699,0.9999838890751693,0.9999838238991687,0.9999838939787182,-1.8295346734530995e-10,0.9999838890751699,0.9999838721174558,0.999983823899169,0.9999838487601078,-1.4406863775371034e-10,0.9999838789749141,0.999983823899169,0.9999838890751687,0.9999838304308422,0.9999838890751689,0.9999838890751687,0.9999838890751687,0.9999838890751691
0.9999829229359013,0.9999838238991654,0.9999838890751693,0.9999838238991687,0.9999838890751701,0.9999838238991701,0.9999838890751699,0.9999838890751708,0.9999822760686032,-1.4452887514113115e-10,0.9999838238991693,-1.7778417539118208e-10,0.9999838890751691,0.9999838890751678,0.9999838890751691,0.9999838890751691,0.9999838890751689,0.9999838789749143,0.9999838890751689,0.9999838789749151,0.9999838890751699,0.9999838890751689,0.9999838890751687,0.9999838890751699,0.9999838890751696,0.9999838890751684,0.9999838890751699,0.9999838238991675,0.9999838890751691,0.9999838890751689,0.9999838890751682,0.9999838890751708,0.9999839299227834,0.9999838890751696,-1.5891079331750745e-10,-1.445288758923698e-10,0.9999838890751693,0.9999838890751696,0.9999838238991687,0.9999838939787191,-1.829534673834454e-10,0.9999838890751693,0.9999838721174558,0.9999838238991684,0.9999838487601075,-1.440686377454032e-10,0.9999838789749133,0.999983823899168,0.9999838890751689,0.9999838304308419,0.9999838890751682,0.9999838890751699,0.9999838890751691,0.9999838890751696
-6.740844101049881e-06,-1.4452886572298693e-10,-1.445288750603136e-10,-1.4452886569863165e-10,-1.4452887503271992e-10,-1.445288656378791e-10,-1.4452887503272724e-10,-1.44528875176126e-10,-1.4452887514113115e-10,-1.613007251036365e-06,-1.445288656360276e-10,5.094049614086406e-17,-1.4452887513756644e-10,-1.4452887516386626e-10,-1.4452887517362306e-10,-1.4452887520217172e-10,-1.4452887516502607e-10,-1.445288735626198e-10,-1.4452887516009124e-10,-1.4452887371902164e-10,-1.4452887511548932e-10,-1.4452887503272724e-10,-1.4452887506450778e-10,-1.4452887512328413e-10,-1.445288751846329e-10,-1.4452887510451594e-10,-1.4452887518587487e-10,-1.4452886573133812e-10,-1.4452887506869975e-10,-1.4452887519746235e-10,-1.4452887513491892e-10,-1.445288750697497e-10,-1.4452888096360717e-10,-1.4452887516386626e-10,4.654285335152078e-17,8.232820854764515e-14,-1.4452887507328574e-10,-1.4452887500175892e-10,-1.445288655834425e-10,-1.4452887595320356e-10,5.2282050082702307e-17,-1.4452887516882598e-10,-2.8752994046105785e-07,-1.4452886570764676e-10,-2.8752993376431584e-07,4.029404234237032e-17,-1.4452887360395463e-10,-1.4452886567941682e-10,-1.4452887513491892e-10,-1.4452886669259752e-10,-1.4452887508000816e-10,-1.4452887519746235e-10,-1.4452887516270197e-10,-1.4452887513491892e-10
0.9999828577595382,0.9999837587231679,0.9999838238991667,0.9999837587231721,0.9999838238991687,0.9999837587231731,0.9999838238991684,0.999983823899168,0.9999838238991693,-1.445288656360276e-10,0.999982145716608,-3.5368898321085954e-07,0.9999838238991687,0.9999838238991663,0.9999838238991694,0.9999838238991674,0.9999838238991677,0.9999838137989127,0.9999838238991663,0.9999838137989135,0.9999838238991682,0.999983823899168,0.9999838238991663,0.9999838238991675,0.9999838238991684,0.9999838238991671,0.9999838238991684,0.9999837587231717,0.9999838238991663,0.9999838238991668,0.9999838238991682,0.999983823899169,0.9999838647467797,0.9999838238991667,-1.5891078302907461e-10,-1.445288665950867e-10,0.9999838238991667,0.999983823899168,0.9999837587231719,0.9999838288027176,-3.6397292215361706e-07,0.9999838238991684,0.9999838069414543,0.9999837587231706,0.9999837835841088,-1.4406862832688268e-10,0.9999838137989132,0.9999837587231725,0.9999838238991668,0.9999837652548453,0.999983823899168,0.999983823899168,0.9999838238991658,0.999983823899168
-6.807003536974789e-06,-3.5368898321085774e-07,-1.7778417544486165e-10,-3.536889832108596e-07,-1.7778417550256407e-10,-3.5368898321086007e-07,-1.7778417544303175e-10,-1.777841754513216e-10,-1.7778417539118208e-10,5.094049614086406e-17,-3.5368898321085954e-07,-1.61300721714051e-06,-1.7778417544440107e-10,-1.7778417547798871e-10,-1.7778417542569808e-10,-1.7778417542024026e-10,-1.7778417542426155e-10,-1.7778417365751685e-10,-1.7778417540783098e-10,-1.777841736737647e-10,-1.7778417538809915e-10,-1.7778417538559628e-10,-1.7778417544268808e-10,-1.7778417549243023e-10,-1.7778417550233535e-10,-1.7778417543600932e-10,-1.7778417538505195e-10,-3.5368898321085943e-07,-1.7778417545759445e-10,-1.777841754621724e-10,-1.777841754440284e-10,-1.7778417539737885e-10,-1.777841823997748e-10,-1.7778417538018497e-10,5.644985791892806e-17,5.0357422476893114e-17,-1.7778417550301984e-10,-1.7778417544486165e-10,-3.536889832108596e-07,-1.7778417623268044e-10,1.2842551243354588e-13,-1.7778417539118208e-10,-1.7778417238310925e-10,-3.5368898321085927e-07,-3.5368899196648617e-07,5.115801824866078e-17,-1.777841736484809e-10,-3.536889832108596e-07,-1.777841754598369e-10,-3.536889855117548e-07,-1.777841754167244e-10,-1.7778417539712672e-10,-1.7778417544486165e-10,-1.7778417547035185e-10
0.9999829229359013,0.9999838238991646,0.9999838890751682,0.9999838238991674,0.9999838890751691,0.9999838238991703,0.9999838890751699,0.9999838890751691,0.9999838890751691,-1.4452887513756644e-10,0.9999838238991687,-1.7778417544440107e-10,0.9999822760686037,0.9999838890751684,0.9999838890751687,0.9999838890751689,0.9999838890751682,0.9999838789749135,0.9999838890751691,0.9999838789749141,0.9999838890751687,0.9999838890751682,0.999983889075168,0.9999838890751696,0.9999838890751684,0.9999838890751674,0.9999838890751682,0.9999838238991677,0.9999838890751687,0.9999838890751691,0.9999838890751678,0.9999838890751691,0.999983929922783,0.9999838890751691,-1.5891079330032272e-10,-1.4452887588441587e-10,0.9999838890751682,0.9999838890751693,0.9999838238991682,0.9999838939787185,-1.829534672881687e-10,0.9999838890751682,0.9999838721174549,0.9999838238991675,0.999983848760107,-1.4406863773359092e-10,0.999983878974913,0.999983823899168,0.9999838890751691,0.9999838304308418,0.9999838890751691,0.9999838890751687,0.999983889075168,0.9999838890751691
0.9999829229359051,0.9999838238991628,0.9999838890751666,0.9999838238991653,0.9999838890751678,0.9999838238991675,0.9999838890751682,0.9999838890751674,0.9999838890751678,-1.4452887516386626e-10,0.9999838238991663,-1.7778417547798871e-10,0.9999838890751684,0.9999822760686032,0.999983889075168,0.9999838890751677,0.9999838890751674,0.9999838789749119,0.9999838890751666,0.9999838789749126,0.9999838890751674,0.9999838890751674,0.9999838890751663,0.9999838890751671,0.9999838890751671,0.9999838890751677,0.9999838890751689,0.9999838238991658,0.9999838890751668,0.9999838890751666,0.9999838890751677,0.9999838890751678,0.9999839299227816,0.9999838890751674,-1.589107933509268e-10,-1.4452887585656134e-10,0.9999838890751684,0.9999838890751693,0.9999838238991668,0.9999838939787166,-1.8295346732325974e-10,0.9999838890751687,0.9999838721174534,0.9999838238991667,0.9999838487601062,-1.4406863771846502e-10,0.9999838789749111,0.9999838238991667,0.9999838890751666,0.9999838304308394,0.9999838890751678,0.9999838890751678,0.9999838890751674,0.9999838890751682
0.9999829229359013,0.9999838238991647,0.9999838890751684,0.999983823899168,0.9999838890751693,0.9999838238991684,0.9999838890751691,0.9999838890751691,0.9999838890751691,-1.4452887517362306e-10,0.9999838238991694,-1.7778417542569808e-10,0.9999838890751687,0.999983889075168,0.9999822760686001,0.9999838890751677,0.999983889075168,0.9999838789749126,0.9999838890751682,0.9999838789749138,0.9999838890751689,0.9999838890751691,0.999983889075168,0.9999838890751693,0.9999838890751696,0.9999838890751674,0.9999838890751691,0.9999838238991671,0.9999838890751682,0.9999838890751682,0.9999838890751678,0.9999838890751693,0.999983929922783,0.9999838890751684,-1.5891079326958246e-10,-1.44528875905262e-10,0.9999838890751691,0.9999838890751691,0.9999838238991675,0.9999838939787179,-1.8295346728359837e-10,0.9999838890751691,0.9999838721174548,0.9999838238991671,0.999983848760107,-1.440686377588558e-10,0.9999838789749126,0.999983823899168,0.9999838890751682,0.9999838304308413,0.9999838890751689,0.9999838890751689,0.9999838890751682,0.9999838890751691
0.9999829229359016,0.9999838238991635,0.9999838890751678,0.9999838238991671,0.9999838890751691,0.999983823899168,0.9999838890751687,0.9999838890751687,0.9999838890751691,-1.4452887520217172e-10,0.9999838238991674,-1.7778417542024026e-10,0.9999838890751689,0.9999838890751677,0.9999838890751677,0.9999822760686001,0.9999838890751687,0.9999838789749117,0.999983889075167,0.9999838789749126,0.9999838890751687,0.9999838890751687,0.9999838890751674,0.9999838890751687,0.9999838890751682,0.9999838890751663,0.9999838890751691,0.999983823899168,0.9999838890751671,0.999983889075167,0.9999838890751671,0.9999838890751682,0.999983929922783,0.9999838890751674,-1.589107932942072e-10,-1.4452887588351957e-10,0.9999838890751691,0.9999838890751696,0.9999838238991677,0.999983893978717,-1.8295346738559458e-10,0.9999838890751691,0.9999838721174534,0.9999838238991671,0.9999838487601065,-1.4406863779798818e-10,0.9999838789749126,0.999983823899168,0.999983889075167,0.9999838304308406,0.9999838890751684,0.9999838890751687,0.9999838890751677,0.9999838890751691
0.999982922935904,0.999983823899164,0.9999838890751678,0.9999838238991667,0.9999838890751689,0.9999838238991677,0.9999838890751687,0.9999838890751687,0.9999838890751689,-1.4452887516502607e-10,0.9999838238991677,-1.7778417542426155e-10,0.9999838890751682,0.9999838890751674,0.999983889075168,0.9999838890751687,0.9999822760686016,0.9999838789749123,0.9999838890751674,0.9999838789749123,0.9999838890751682,0.9999838890751682,0.999983889075167,0.9999838890751682,0.9999838890751682,0.9999838890751678,0.9999838890751691,0.9999838238991665,0.9999838890751678,0.9999838890751674,0.999983889075168,0.9999838890751691,0.999983929922783,0.9999838890751678,-1.5891079321921006e-10,-1.4452887588351957e-10,0.9999838890751689,0.999983889075168,0.9999838238991674,0.9999838939787182,-1.8295346734530995e-10,0.9999838890751691,0.9999838721174549,0.9999838238991682,0.9999838487601062,-1.4406863775000775e-10,0.9999838789749116,0.9999838238991671,0.9999838890751674,0.9999838304308403,0.9999838890751691,0.9999838890751682,0.9999838890751682,0.999983889075168
0.9999829128355935,0.999983813798909,0.9999838789749119,0.9999838137989132,0.999983878974913,0.9999838137989142,0.9999838789749136,0.9999838789749141,0.9999838789749143,-1.445288735626198e-10,0.9999838137989127,-1.7778417365751685e-10,0.9999838789749135,0.9999838789749119,0.9999838789749126,0.9999838789749117,0.9999838789749123,0.9999822558680831,0.9999838789749114,0.9999838688746574,0.9999838789749126,0.9999838789749123,0.9999838789749114,0.9999838789749126,0.999983878974913,0.9999838789749109,0.999983878974913,0.9999838137989125,0.9999838789749111,0.9999838789749117,0.9999838789749117,0.9999838789749135,0.9999839198225264,0.9999838789749119,-3.161417487047064e-07,-1.4452887453949056e-10,0.9999838789749123,0.9999838789749133,0.999983813798913,0.9999838838784609,-1.8295346551209157e-10,0.999983878974913,0.9999838620171999,0.999983813798912,0.9999838386598514,-1.4406863608222407e-10,0.9999838688746565,0.9999838137989133,0.9999838789749114,0.9999838203305863,0.9999838789749128,0.9999838789749123,0.9999838789749119,0.999983878974913
0.9999829229358985,0.9999838238991637,0.9999838890751674,0.9999838238991663,0.9999838890751689,0.9999838238991675,0.9999838890751687,0.9999838890751682,0.9999838890751689,-1.4452887516009124e-10,0.9999838238991663,-1.7778417540783098e-10,0.9999838890751691,0.9999838890751666,0.9999838890751682,0.999983889075167,0.9999838890751674,0.9999838789749114,0.9999822760685998,0.9999838789749117,0.9999838890751674,0.9999838890751674,0.9999838890751666,0.9999838890751678,0.999983889075168,0.9999838890751666,0.9999838890751678,0.9999838238991667,0.9999838890751678,0.9999838890751677,0.9999838890751666,0.9999838890751691,0.999983929922783,0.9999838890751677,-1.5891079332546854e-10,-1.4452887591458315e-10,0.9999838890751682,0.9999838890751689,0.9999838238991661,0.9999838939787172,-1.829534673644144e-10,0.9999838890751678,0.9999838721174537,0.9999838238991668,0.999983848760107,-1.4406863776365243e-10,0.9999838789749109,0.9999838238991663,0.9999838890751677,0.9999838304308394,0.9999838890751689,0.9999838890751687,0.9999838890751678,0.9999838890751678
0.9999829128355989,0.9999838137989093,0.9999838789749128,0.9999838137989142,0.9999838789749143,0.9999838137989149,0.9999838789749138,0.9999838789749147,0.9999838789749151,-1.4452887371902164e-10,0.9999838137989135,-1.777841736737647e-10,0.9999838789749141,0.9999838789749126,0.9999838789749138,0.9999838789749126,0.9999838789749123,0.9999838688746574,0.9999838789749117,0.9999822558680824,0.9999838789749135,0.9999838789749135,0.9999838789749117,0.9999838789749135,0.9999838789749143,0.9999838789749119,0.9999838789749143,0.9999838137989127,0.9999838789749117,0.9999838789749126,0.9999838789749135,0.9999838789749154,0.9999839198225278,0.9999838789749123,-3.1614174870470665e-07,-1.445288744037066e-10,0.9999838789749136,0.9999838789749141,0.9999838137989132,0.9999838838784613,-1.8295346566586517e-10,0.9999838789749143,0.9999838620171997,0.9999838137989135,0.9999838386598507,-1.4406863620606228e-10,0.9999838688746578,0.999983813798914,0.9999838789749126,0.9999838203305861,0.9999838789749135,0.9999838789749138,0.999983878974913,0.9999838789749141
0.999982922935904,0.9999838238991641,0.9999838890751691,0.999983823899168,0.9999838890751691,0.999983823899169,0.9999838890751691,0.9999838890751687,0.9999838890751699,-1.4452887511548932e-10,0.9999838238991682,-1.7778417538809915e-10,0.9999838890751687,0.9999838890751674,0.9999838890751689,0.9999838890751687,0.9999838890751682,0.9999838789749126,0.9999838890751674,0.9999838789749135,0.9999822760686016,0.9999838890751682,0.9999838890751674,0.9999838890751691,0.9999838890751687,0.9999838890751687,0.9999838890751691,0.9999838238991668,0.9999838890751678,0.9999838890751687,0.9999838890751689,0.9999838890751691,0.9999839299227832,0.9999838890751691,-1.589107932917579e-10,-1.445288758426578e-10,0.9999838890751691,0.9999838890751682,0.9999838238991675,0.9999838939787182,-1.8295346732325974e-10,0.9999838890751691,0.9999838721174548,0.9999838238991682,0.9999838487601075,-1.4406863781341207e-10,0.9999838789749126,0.9999838238991682,0.9999838890751687,0.9999838304308406,0.9999838890751691,0.9999838890751684,0.9999838890751691,0.9999838890751682
0.999982922935904,0.999983823899164,0.9999838890751678,0.9999838238991675,0.9999838890751691,0.999983823899169,0.9999838890751691,0.9999838890751687,0.9999838890751689,-1.4452887503272724e-10,0.999983823899168,-1.7778417538559628e-10,0.9999838890751682,0.9999838890751674,0.9999838890751691,0.9999838890751687,0.9999838890751682,0.9999838789749123,0.9999838890751674,0.9999838789749135,0.9999838890751682,0.9999822760686007,0.9999838890751671,0.9999838890751691,0.9999838890751687,0.9999838890751687,0.9999838890751691,0.9999838238991668,0.9999838890751678,0.9999838890751687,0.9999838890751687,0.9999838890751691,0.9999839299227832,0.999983889075168,-1.5891079324247803e-10,-1.4452887585574217e-10,0.9999838890751693,0.999983889075168,0.9999838238991675,0.9999838939787179,-1.8295346733369191e-10,0.9999838890751689,0.9999838721174549,0.999983823899168,0.999983848760107,-1.4406863777841962e-10,0.9999838789749116,0.9999838238991667,0.9999838890751687,0.9999838304308406,0.9999838890751691,0.9999838890751682,0.9999838890751693,0.9999838890751682
0.9999829229358985,0.9999838238991637,0.9999838890751674,0.9999838238991658,0.9999838890751687,0.9999838238991682,0.9999838890751682,0.999983889075168,0.9999838890751687,-1.4452887506450778e-10,0.9999838238991663,-1.7778417544268808e-10,0.999983889075168,0.9999838890751663,0.999983889075168,0.9999838890751674,0.999983889075167,0.9999838789749114,0.9999838890751666,0.9999838789749117,0.9999838890751674,0.9999838890751671,0.9999822760686019,0.9999838890751678,0.9999838890751682,0.9999838890751678,0.9999838890751687,0.999983823899165,0.9999838890751666,0.9999838890751674,0.9999838890751677,0.9999838890751687,0.9999839299227818,0.9999838890751678,-1.5891079334006184e-10,-1.4452887587838689e-10,0.9999838890751691,0.9999838890751691,0.9999838238991663,0.9999838939787166,-1.829534673217691e-10,0.9999838890751684,0.9999838721174537,0.9999838238991671,0.9999838487601059,-1.4406863765297127e-10,0.9999838789749109,0.9999838238991667,0.9999838890751674,0.9999838304308396,0.9999838890751674,0.9999838890751678,0.9999838890751678,0.9999838890751678
0.9999829229359015,0.999983823899165,0.9999838890751682,0.9999838238991671,0.9999838890751699,0.9999838238991696,0.9999838890751696,0.9999838890751699,0.9999838890751699,-1.4452887512328413e-10,0.9999838238991675,-1.7778417549243023e-10,0.9999838890751696,0.9999838890751671,0.9999838890751693,0.9999838890751687,0.9999838890751682,0.9999838789749126,0.9999838890751678,0.9999838789749135,0.9999838890751691,0.9999838890751691,0.9999838890751678,0.9999822760686019,0.9999838890751696,0.9999838890751687,0.9999838890751696,0.9999838238991667,0.9999838890751678,0.9999838890751691,0.9999838890751689,0.9999838890751699,0.9999839299227832,0.9999838890751691,-1.5891079326423988e-10,-1.4452887585656134e-10,0.9999838890751699,0.9999838890751699,0.9999838238991674,0.9999838939787182,-1.8295346737190122e-10,0.9999838890751693,0.9999838721174553,0.9999838238991684,0.9999838487601077,-1.4406863768746196e-10,0.9999838789749126,0.9999838238991675,0.9999838890751691,0.9999838304308409,0.9999838890751687,0.9999838890751691,0.9999838890751691,0.9999838890751687
0.9999829229359,0.9999838238991654,0.9999838890751687,0.9999838238991686,0.9999838890751696,0.9999838238991693,0.9999838890751687,0.9999838890751696,0.9999838890751696,-1.445288751846329e-10,0.9999838238991684,-1.7778417550233535e-10,0.9999838890751684,0.9999838890751671,0.9999838890751696,0.9999838890751682,0.9999838890751682,0.999983878974913,0.999983889075168,0.9999838789749143,0.9999838890751687,0.9999838890751687,0.9999838890751682,0.9999838890751696,0.9999822760686041,0.9999838890751682,0.9999838890751691,0.9999838238991675,0.9999838890751691,0.9999838890751689,0.9999838890751687,0.9999838890751696,0.9999839299227827,0.9999838890751687,-1.589107932930292e-10,-1.4452887588197646e-10,0.9999838890751687,0.9999838890751691,0.999983823899168,0.9999838939787182,-1.8295346735663746e-10,0.9999838890751691,0.9999838721174553,0.9999838238991684,0.999983848760107,-1.440686377292377e-10,0.999983878974913,0.999983823899168,0.9999838890751689,0.9999838304308415,0.9999838890751682,0.9999838890751687,0.9999838890751682,0.9999838890751696
0.9999829229359016,0.9999838238991637,0.9999838890751678,0.9999838238991667,0.9999838890751684,0.999983823899168,0.9999838890751682,0.9999838890751687,0.9999838890751684,-1.4452887510451594e-10,0.9999838238991671,-1.7778417543600932e-10,0.9999838890751674,0.9999838890751677,0.9999838890751674,0.9999838890751663,0.9999838890751678,0.9999838789749109,0.9999838890751666,0.9999838789749119,0.9999838890751687,0.9999838890751687,0.9999838890751678,0.9999838890751687,0.9999838890751682,0.999982276068594,0.9999838890751691,0.9999838238991674,0.9999838890751666,0.9999838890751666,0.999983889075167,0.9999838890751687,0.9999839299227822,0.9999838890751666,-1.589107932648707e-10,-1.445288758458357e-10,0.9999838890751678,0.9999838890751687,0.9999838238991667,0.999983893978717,-1.8295346737190122e-10,0.9999838890751691,0.9999838721174539,0.9999838238991663,0.9999838487601053,-1.440686377588558e-10,0.9999838789749109,0.9999838238991671,0.9999838890751666,0.9999838304308403,0.9999838890751684,0.9999838890751687,0.9999838890751674,0.9999838890751687
0.9999829229359004,0.9999838238991646,0.9999838890751691,0.9999838238991687,0.9999838890751696,0.9999838238991694,0.9999838890751701,0.9999838890751701,0.9999838890751699,-1.4452887518587487e-10,0.9999838238991684,-1.7778417538505195e-10,0.9999838890751682,0.9999838890751689,0.9999838890751691,0.9999838890751691,0.9999838890751691,0.999983878974913,0.9999838890751678,0.9999838789749143,0.9999838890751691,0.9999838890751691,0.9999838890751687,0.9999838890751696,0.9999838890751691,0.9999838890751691,0.9999822760686016,0.9999838238991674,0.9999838890751682,0.9999838890751691,0.9999838890751691,0.9999838890751696,0.9999839299227834,0.9999838890751689,-1.589107933552268e-10,-1.4452887594872914e-10,0.9999838890751698,0.9999838890751689,0.9999838238991684,0.9999838939787191,-1.8295346737190122e-10,0.9999838890751696,0.9999838721174551,0.999983823899168,0.9999838487601075,-1.440686377525297e-10,0.9999838789749126,0.999983823899169,0.9999838890751691,0.9999838304308413,0.9999838890751691,0.9999838890751691,0.9999838890751691,0.9999838890751696
0.9999828577595334,0.9999837587231668,0.9999838238991658,0.9999837587231725,0.9999838238991682,0.9999837587231724,0.9999838238991667,0.9999838238991682,0.9999838238991675,-1.4452886573133812e-10,0.9999837587231717,-3.5368898321085943e-07,0.9999838238991677,0.9999838238991658,0.9999838238991671,0.999983823899168,0.9999838238991665,0.9999838137989125,0.9999838238991667,0.9999838137989127,0.9999838238991668,0.9999838238991668,0.999983823899165,0.9999838238991667,0.9999838238991675,0.9999838238991674,0.9999838238991674,0.9999821457166033,0.9999838238991667,0.9999838238991668,0.9999838238991667,0.9999838238991675,0.9999838647467789,0.9999838238991671,-1.5891078307929407e-10,-1.4452886653627747e-10,0.9999838238991675,0.9999838238991677,0.999983758723171,0.9999838288027176,-3.639729221536167e-07,0.9999838238991674,0.9999838069414538,0.9999837587231694,0.9999837835841076,-1.4406862834404516e-10,0.9999838137989132,0.9999837587231719,0.9999838238991668,0.9999837652548441,0.9999838238991667,0.9999838238991668,0.9999838238991658,0.9999838238991684
0.9999829229358969,0.9999838238991634,0.9999838890751674,0.9999838238991667,0.9999838890751689,0.9999838238991671,0.9999838890751691,0.9999838890751682,0.9999838890751691,-1.4452887506869975e-10,0.9999838238991663,-1.7778417545759445e-10,0.9999838890751687,0.9999838890751668,0.9999838890751682,0.9999838890751671,0.9999838890751678,0.9999838789749111,0.9999838890751678,0.9999838789749117,0.9999838890751678,0.9999838890751678,0.9999838890751666,0.9999838890751678,0.9999838890751691,0.9999838890751666,0.9999838890751682,0.9999838238991667,0.9999822760686019,0.9999838890751678,0.9999838890751666,0.999983889075168,0.999983929922783,0.9999838890751678,-1.589107933552268e-10,-1.445288759357118e-10,0.9999838890751682,0.9999838890751691,0.9999838238991658,0.999983893978717,-1.829534673402254e-10,0.9999838890751682,0.9999838721174532,0.9999838238991671,0.9999838487601062,-1.4406863772740152e-10,0.9999838789749109,0.9999838238991663,0.9999838890751678,0.9999838304308397,0.9999838890751687,0.9999838890751678,0.9999838890751674,0.9999838890751689
0.9999829229358982,0.9999838238991637,0.9999838890751677,0.9999838238991671,0.9999838890751691,0.9999838238991674,0.9999838890751691,0.9999838890751687,0.9999838890751689,-1.4452887519746235e-10,0.9999838238991668,-1.777841754621724e-10,0.9999838890751691,0.9999838890751666,0.9999838890751682,0.999983889075167,0.9999838890751674,0.9999838789749117,0.9999838890751677,0.9999838789749126,0.9999838890751687,0.9999838890751687,0.9999838890751674,0.9999838890751691,0.9999838890751689,0.9999838890751666,0.9999838890751691,0.9999838238991668,0.9999838890751678,0.9999822760685998,0.9999838890751666,0.9999838890751691,0.999983929922783,0.9999838890751677,-1.5891079326101323e-10,-1.4452887588197646e-10,0.9999838890751682,0.9999838890751691,0.9999838238991658,0.9999838939787173,-1.8295346737622128e-10,0.9999838890751691,0.9999838721174537,0.9999838238991668,0.999983848760107,-1.440686377495557e-10,0.9999838789749123,0.9999838238991663,0.9999838890751678,0.9999838304308397,0.9999838890751687,0.9999838890751687,0.9999838890751678,0.9999838890751687
0.9999829229359013,0.9999838238991635,0.9999838890751677,0.9999838238991671,0.9999838890751684,0.999983823899168,0.9999838890751687,0.9999838890751691,0.9999838890751682,-1.4452887513491892e-10,0.9999838238991682,-1.777841754440284e-10,0.9999838890751678,0.9999838890751677,0.9999838890751678,0.9999838890751671,0.999983889075168,0.9999838789749117,0.9999838890751666,0.9999838789749135,0.9999838890751689,0.9999838890751687,0.9999838890751677,0.9999838890751689,0.9999838890751687,0.999983889075167,0.9999838890751691,0.9999838238991667,0.9999838890751666,0.9999838890751666,0.9999822760686001,0.9999838890751684,0.9999839299227822,0.9999838890751671,-1.5891079331750745e-10,-1.4452887587384724e-10,0.9999838890751691,0.9999838890751691,0.9999838238991675,0.9999838939787173,-1.8295346732076616e-10,0.9999838890751691,0.9999838721174539,0.9999838238991663,0.9999838487601062,-1.4406863777230897e-10,0.9999838789749117,0.9999838238991675,0.9999838890751666,0.9999838304308405,0.9999838890751684,0.9999838890751689,0.9999838890751678,0.9999838890751687
0.9999829229359,0.9999838238991656,0.9999838890751687,0.9999838238991687,0.9999838890751696,0.9999838238991696,0.9999838890751696,0.9999838890751708,0.9999838890751708,-1.445288750697497e-10,0.999983823899169,-1.7778417539737885e-10,0.9999838890751691,0.9999838890751678,0.9999838890751693,0.9999838890751682,0.9999838890751691,0.9999838789749135,0.9999838890751691,0.9999838789749154,0.9999838890751691,0.9999838890751691,0.9999838890751687,0.9999838890751699,0.9999838890751696,0.9999838890751687,0.9999838890751696,0.9999838238991675,0.999983889075168,0.9999838890751691,0.9999838890751684,0.9999822760686037,0.9999839299227835,0.9999838890751691,-1.5891079330693416e-10,-1.44528875905262e-10,0.9999838890751691,0.9999838890751696,0.999983823899168,0.9999838939787185,-1.8295346739566286e-10,0.9999838890751696,0.9999838721174558,0.9999838238991687,0.999983848760107,-1.4406863775008852e-10,0.9999838789749133,0.9999838238991686,0.9999838890751691,0.9999838304308424,0.9999838890751684,0.9999838890751691,0.9999838890751687,0.9999838890751696
0.999982963783745,0.9999838647467751,0.9999839299227822,0.9999838647467807,0.9999839299227834,0.9999838647467814,0.999983929922783,0.9999839299227837,0.9999839299227834,-1.4452888096360717e-10,0.9999838647467797,-1.777841823997748e-10,0.999983929922783,0.9999839299227816,0.999983929922783,0.999983929922783,0.999983929922783,0.9999839198225264,0.999983929922783,0.9999839198225278,0.9999839299227832,0.9999839299227832,0.9999839299227818,0.9999839299227832,0.9999839299227827,0.9999839299227822,0.9999839299227834,0.9999838647467789,0.999983929922783,0.999983929922783,0.9999839299227822,0.9999839299227835,0.999982357763825,0.9999839299227832,-3.161417647384497e-07,-1.445288817169903e-10,0.9999839299227835,0.9999839299227834,0.9999838647467795,0.9999839348263317,-3.6397296058683114e-07,0.9999839299227835,0.9999839129650693,0.9999838647467792,0.9999838896077192,-1.4406864357968933e-10,0.9999839198225273,0.9999838647467799,0.999983929922783,0.9999838712784542,0.9999839299227827,0.9999839299227832,0.9999839299227825,0.9999839299227834
0.9999829229358985,0.9999838238991635,0.9999838890751678,0.9999838238991674,0.9999838890751691,0.9999838238991675,0.9999838890751687,0.9999838890751687,0.9999838890751696,-1.4452887516386626e-10,0.9999838238991667,-1.7778417538018497e-10,0.9999838890751691,0.9999838890751674,0.9999838890751684,0.9999838890751674,0.9999838890751678,0.9999838789749119,0.9999838890751677,0.9999838789749123,0.9999838890751691,0.999983889075168,0.9999838890751678,0.9999838890751691,0.9999838890751687,0.9999838890751666,0.9999838890751689,0.9999838238991671,0.9999838890751678,0.9999838890751677,0.9999838890751671,0.9999838890751691,0.9999839299227832,0.9999822760685998,-1.5891079328415757e-10,-1.4452887585491476e-10,0.9999838890751687,0.9999838890751691,0.9999838238991674,0.999983893978717,-1.8295346738690028e-10,0.9999838890751689,0.9999838721174537,0.9999838238991671,0.9999838487601062,-1.4406863775000775e-10,0.9999838789749114,0.9999838238991675,0.9999838890751678,0.9999838304308415,0.9999838890751689,0.9999838890751689,0.9999838890751674,0.9999838890751684
-6.769456076711183e-06,-1.5891078299049788e-10,-1.5891079331750745e-10,-1.5891078310605646e-10,-1.589107933509268e-10,-1.5891078300320798e-10,-1.5891079331750745e-10,-1.5891079335736881e-10,-1.5891079331750745e-10,4.654285335152078e-17,-1.5891078302907461e-10,5.644985791892806e-17,-1.5891079330032272e-10,-1.589107933509268e-10,-1.5891079326958246e-10,-1.589107932942072e-10,-1.5891079321921006e-10,-3.161417487047064e-07,-1.5891079332546854e-10,-3.1614174870470665e-07,-1.589107932917579e-10,-1.5891079324247803e-10,-1.5891079334006184e-10,-1.5891079326423988e-10,-1.589107932930292e-10,-1.589107932648707e-10,-1.589107933552268e-10,-1.5891078307929407e-10,-1.589107933552268e-10,-1.5891079326101323e-10,-1.5891079331750745e-10,-1.5891079330693416e-10,-3.161417647384497e-07,-1.5891079328415757e-10,-1.6130072443159817e-06,4.6136247292543535e-17,-1.589107932481848e-10,-1.5891079328415757e-10,-1.5891078297102765e-10,-1.5891079421842896e-10,5.727772322567699e-17,-1.5891079331750745e-10,-1.5891079070911301e-10,-1.589107830845954e-10,-3.1614173919591176e-07,4.543018593627121e-17,-3.1614174870470644e-07,-1.589107830745402e-10,-1.589107932648707e-10,-3.161417334271913e-07,-1.589107933230609e-10,-1.58910793239533e-10,-1.5891079340985815e-10,-1.5891079329992262e-10
-6.740844101882483e-06,-1.4452886650366334e-10,-1.4452887584629608e-10,-1.4452886655080656e-10,-1.44528875905262e-10,-1.4452886655402688e-10,-1.4452887585329586e-10,-1.4452887588857977e-10,-1.445288758923698e-10,8.232820854764515e-14,-1.445288665950867e-10,5.0357422476893114e-17,-1.4452887588441587e-10,-1.4452887585656134e-10,-1.44528875905262e-10,-1.4452887588351957e-10,-1.4452887588351957e-10,-1.4452887453949056e-10,-1.4452887591458315e-10,-1.445288744037066e-10,-1.445288758426578e-10,-1.4452887585574217e-10,-1.4452887587838689e-10,-1.4452887585656134e-10,-1.4452887588197646e-10,-1.445288758458357e-10,-1.4452887594872914e-10,-1.4452886653627747e-10,-1.445288759357118e-10,-1.4452887588197646e-10,-1.4452887587384724e-10,-1.44528875905262e-10,-1.445288817169903e-10,-1.4452887585491476e-10,4.6136247292543535e-17,-1.613007251036365e-06,-1.4452887588197646e-10,-1.4452887585466229e-10,-1.4452886656473383e-10,-1.4452887661375854e-10,5.316290111624613e-17,-1.4452887585329586e-10,-2.8752994200704264e-07,-1.445288665322862e-10,-2.875299353103002e-07,4.0524285530901555e-17,-1.4452887438380325e-10,-1.445288664552229e-10,-1.4452887585491476e-10,-1.4452886745145263e-10,-1.4452887590744983e-10,-1.445288758275774e-10,-1.4452887577223806e-10,-1.445288759357118e-10
0.9999829229359005,0.9999838238991644,0.9999838890751691,0.9999838238991687,0.9999838890751691,0.9999838238991682,0.9999838890751699,0.9999838890751699,0.9999838890751693,-1.4452887507328574e-10,0.9999838238991667,-1.7778417550301984e-10,0.9999838890751682,0.9999838890751684,0.9999838890751691,0.9999838890751691,0.9999838890751689,0.9999838789749123,0.9999838890751682,0.9999838789749136,0.9999838890751691,0.9999838890751693,0.9999838890751691,0.9999838890751699,0.9999838890751687,0.9999838890751678,0.9999838890751698,0.9999838238991675,0.9999838890751682,0.9999838890751682,0.9999838890751691,0.9999838890751691,0.9999839299227835,0.9999838890751687,-1.589107932481848e-10,-1.4452887588197646e-10,0.999982276068601,0.9999838890751699,0.9999838238991667,0.9999838939787172,-1.8295346735603078e-10,0.9999838890751698,0.9999838721174548,0.999983823899168,0.9999838487601058,-1.4406863776162638e-10,0.9999838789749124,0.999983823899168,0.9999838890751682,0.9999838304308412,0.9999838890751699,0.9999838890751696,0.9999838890751687,0.9999838890751687
