1.0000000148394457,3.382899524860009e-06,1.000031737245553,3.413909535489446e-06,3.4139095330382526e-06,3.41390953624579e-06,1.0000316922269894,3.4530112936266502e-06,3.3641129452840237e-06,1.000031692226992,3.3641129430287108e-06,1.0000316922269894,3.4530112937772336e-06,3.42581884534094e-06,1.0000308989825948,3.4664054107657588e-06,3.3587839654716145e-06,1.0000317603404085,1.0000316922269867,3.3587839654716175e-06,1.000031692226988,3.3587839654716136e-06,1.000031154948387,3.36411294039801e-06,3.3828488222857765e-06,3.3641129430305573e-06,1.000031692226991,1.0000317603404112,1.0000317627564161,1.000031692226987,1.0000316922269887,3.453198313774008e-06,1.0000316922269883,1.0000308989825972,3.466405410765424e-06,3.413909536374724e-06,1.00003169222699,1.0000316922269887,1.0000316922269887,3.401701729011633e-06
3.382899524860009e-06,-2.3491206717584327e-06,1.4604572729523733e-10,5.624370959224093e-14,5.624370973336814e-14,5.6243709510911884e-14,1.460457191607773e-10,6.143943762685033e-14,2.2966061808275603e-17,1.4604571920328627e-10,2.295170391365898e-17,1.460457192020284e-10,6.143943757578265e-14,2.761247572508925e-17,2.899702900823402e-07,6.600000541232356e-14,2.183023347835388e-17,1.4604573052492205e-10,1.46045719169764e-10,2.183023347835388e-17,1.4604571917363203e-10,2.183023347835388e-17,2.8997037514829094e-07,2.2966061808275603e-17,2.2729972361517447e-17,2.295170391365898e-17,1.4604571917388623e-10,1.4604573051916182e-10,1.4604573085784177e-10,1.4604571921040385e-10,1.46045719169764e-10,3.087004574110862e-17,1.4604571919506878e-10,2.899702900823404e-07,6.60000053562832e-14,5.624370970393007e-14,1.460457191541917e-10,1.4604571920328627e-10,1.4604571922173387e-10,2.6254680285599233e-17
1.000031737245553,1.4604572729523733e-10,1.0000379382734708,1.6166431447906375e-10,1.6166431490845424e-10,1.6166431490368265e-10,1.0000402423752284,3.600831782030283e-07,1.365836070533688e-10,1.0000402423752297,1.365836070383501e-10,1.0000402423752281,3.600831784912791e-07,1.6766260308268273e-10,1.0000394491217823,3.7347745035989725e-07,1.3389959677082107e-10,1.000040310489425,1.0000402423752281,1.3389959698367046e-10,1.0000402423752304,1.3389959680640687e-10,1.000039705090493,1.365836070089937e-10,1.46020189775366e-10,1.3658360689660933e-10,1.0000402423752288,1.000040310489425,1.000040312905459,1.0000402423752281,1.0000402423752293,3.6027020180770735e-07,1.000040242375228,1.000039449121784,3.73477450818272e-07,1.6166431491870593e-10,1.0000402423752286,1.0000402423752277,1.0000402423752308,1.5551569699506658e-10
3.413909535489446e-06,5.624370959224093e-14,1.6166431447906375e-10,-2.3491206475543404e-06,6.800915700635324e-14,6.800915678003332e-14,1.6166430627942105e-10,7.46079775915926e-14,2.793251519517314e-17,1.6166430624983228e-10,2.786369978208036e-17,1.6166430624983228e-10,7.46079775533572e-14,6.872634754503233e-14,3.209806243103093e-07,7.965595442040229e-14,2.6617926441436055e-17,1.616643186178549e-10,1.6166430629916254e-10,2.685035720959579e-17,1.616643062017429e-10,2.666940506510996e-17,3.2098071682457674e-07,2.7881445641462376e-17,5.623590599963919e-14,2.789575239906194e-17,1.6166430629916254e-10,1.616643186273752e-10,1.6166431940403283e-10,1.6166430621951957e-10,1.6166430626361895e-10,7.468266822002762e-14,1.616643062417686e-10,3.2098062431031004e-07,7.965595438555926e-14,6.80091569592677e-14,1.6166430627022903e-10,1.616643062017429e-10,1.6166430630501546e-10,3.186372696861444e-17
3.4139095330382526e-06,5.624370973336814e-14,1.6166431490845424e-10,6.800915700635324e-14,-2.3491206475543404e-06,6.80091569534087e-14,1.6166430664918725e-10,7.460797778106575e-14,2.7965759691668946e-17,1.6166430670081518e-10,2.791506030504509e-17,1.6166430670081518e-10,7.460797774283019e-14,6.87263477194425e-14,3.209806250852528e-07,7.965595462370787e-14,2.6653073542829205e-17,1.6166431901542506e-10,1.6166430664403644e-10,2.6659549003434686e-17,1.6166430664918725e-10,2.6659549003434686e-17,3.209807175995199e-07,2.786289059387551e-17,5.6235906140733026e-14,2.7856422844411157e-17,1.6166430670081518e-10,1.6166431901542506e-10,1.616643194219162e-10,1.616643066397496e-10,1.6166430665461035e-10,7.468266840969457e-14,1.6166430666844096e-10,3.209806250852537e-07,7.965595458886585e-14,6.800915713264267e-14,1.6166430666844096e-10,1.6166430664403644e-10,1.6166430663589849e-10,3.18944825986402e-17
3.41390953624579e-06,5.6243709510911884e-14,1.6166431490368265e-10,6.800915678003332e-14,6.80091569534087e-14,-2.3491206475543404e-06,1.6166430658929777e-10,7.460797752130318e-14,2.7889955558407324e-17,1.6166430658929777e-10,2.794749799500391e-17,1.6166430658929777e-10,7.460797748306717e-14,6.872634747843482e-14,3.2098062488625364e-07,7.965595436216571e-14,2.685035720959579e-17,1.616643189738488e-10,1.6166430650836753e-10,2.685035720959579e-17,1.6166430658929777e-10,2.6659549003434686e-17,3.209807174005205e-07,2.7867574880267576e-17,5.6235905918295386e-14,2.7863001723684984e-17,1.616643065791005e-10,1.6166431894970598e-10,1.6166431965504472e-10,1.6166430658929777e-10,1.6166430658727707e-10,7.468266814990762e-14,1.616643065470339e-10,3.2098062488625417e-07,7.965595432732282e-14,6.80091569063226e-14,1.6166430654782624e-10,1.6166430653506763e-10,1.616643065470339e-10,3.183030611037116e-17
1.0000316922269894,1.460457191607773e-10,1.0000402423752284,1.6166430627942105e-10,1.6166430664918725e-10,1.6166430658929777e-10,1.0000378482353172,1.8135843005381396e-10,1.3658360010649257e-10,1.000040197356155,1.3658360004303603e-10,1.0000401973561532,1.8135843010688638e-10,1.6766259447986885e-10,1.0000394041027414,1.8810455007220222e-10,1.33899589935304e-10,1.0000402654703464,1.0000401973561537,1.3389959010904185e-10,1.0000401973561557,1.3389958989156573e-10,1.0000396600714416,1.3658360004470877e-10,1.4602018216510827e-10,1.3658359989204796e-10,1.000040197356154,1.0000402654703469,1.000040267886381,1.000040197356154,1.0000401973561548,1.8145262571594432e-10,1.0000401973561532,1.0000394041027432,1.8810455029668712e-10,1.6166430640285302e-10,1.0000401973561541,1.0000401973561541,1.0000401973561557,1.5551568905584158e-10
3.4530112936266502e-06,6.143943762685033e-14,3.600831782030283e-07,7.46079775915926e-14,7.460797778106575e-14,7.460797752130318e-14,1.8135843005381396e-10,-2.349120634734332e-06,3.058441035991616e-17,1.8135842997019975e-10,3.052189642394639e-17,1.8135842992516716e-10,8.178434219224421e-14,7.519407470185805e-14,3.6008283660409045e-07,8.741990055211586e-14,2.925637243840173e-17,1.8135844400703764e-10,1.8135842993873804e-10,2.921757302218997e-17,1.8135843006497345e-10,2.9225824856732563e-17,3.600829408767076e-07,3.0532695691694216e-17,3.0349889736196e-17,3.0491782053144874e-17,1.8135843006497345e-10,1.813584438802765e-10,3.600831886711731e-07,1.8135842992516716e-10,1.8135842988859143e-10,8.173895496176426e-14,1.813584300010475e-10,3.6008283660409177e-07,8.741990050503395e-14,7.460797773250727e-14,1.8135843005871806e-10,1.813584300620594e-10,1.8135843008931216e-10,3.4927790976259625e-17
3.3641129452840237e-06,2.2966061808275603e-17,1.365836070533688e-10,2.793251519517314e-17,2.7965759691668946e-17,2.7889955558407324e-17,1.3658360010649257e-10,3.058441035991616e-17,-2.3491206717471667e-06,1.3658360014897103e-10,4.484414912408709e-14,1.365836001178622e-10,3.058441035991616e-17,2.8077581705176714e-17,1.365834770470458e-10,3.260612586657866e-17,2.1716110813760744e-17,1.3658361069860033e-10,1.365836001618921e-10,2.1738469924523075e-17,1.3658360010649257e-10,2.1644108003904288e-17,2.711835583852898e-07,4.484414951916316e-14,2.2798080657156238e-17,4.484414955420994e-14,1.365836001586319e-10,1.3658361076326345e-10,1.3658361108402879e-10,1.365836001158967e-10,1.3658360013155674e-10,3.054685479557025e-17,1.3658360015598462e-10,1.3658347711793788e-10,3.2614582749249535e-17,2.7904707283003314e-17,1.3658360012443494e-10,1.3658360014679258e-10,1.3658360014679258e-10,5.1360022252477076e-14
1.000031692226992,1.4604571920328627e-10,1.0000402423752297,1.6166430624983228e-10,1.6166430670081518e-10,1.6166430658929777e-10,1.000040197356155,1.8135842997019975e-10,1.3658360014897103e-10,1.0000378482353167,1.365836000459987e-10,1.0000401973561557,1.8135843010731616e-10,1.6766259450727544e-10,1.0000394041027423,1.88104550108602e-10,1.3389958987557832e-10,1.0000402654703477,1.000040197356156,1.3389959010904185e-10,1.000040197356156,1.3389958989156573e-10,1.0000396600714434,1.3658360005674388e-10,1.460201821304163e-10,1.365835999455855e-10,1.0000401973561552,1.0000402654703489,1.0000402678863825,1.0000401973561548,1.0000401973561552,1.814526257464037e-10,1.0000401973561541,1.000039404102745,1.8810455031524495e-10,1.616643064197381e-10,1.0000401973561548,1.0000401973561548,1.0000401973561563,1.5551568898840986e-10
3.3641129430287108e-06,2.295170391365898e-17,1.365836070383501e-10,2.786369978208036e-17,2.791506030504509e-17,2.794749799500391e-17,1.3658360004303603e-10,3.052189642394639e-17,4.484414912408709e-14,1.365836000459987e-10,-2.3491206717471667e-06,1.365835999875693e-10,3.052187881964205e-17,2.8078286292420446e-17,1.3658347714440784e-10,3.260612586657866e-17,2.1716110813760744e-17,1.3658361082828406e-10,1.3658360003619336e-10,2.1760318331014288e-17,1.3658360007421735e-10,2.1737876745864632e-17,2.711835582799492e-07,4.4844149058170804e-14,2.2798080657156238e-17,4.4844149093217363e-14,1.3658360004157042e-10,1.3658361079416777e-10,1.3658361100191932e-10,1.3658360004303603e-10,1.3658360006307598e-10,3.0506939803569886e-17,1.3658360004303603e-10,1.3658347707691784e-10,3.2617170243403524e-17,2.785776392731315e-17,1.3658360004303603e-10,1.3658360004303603e-10,1.3658360007421735e-10,5.136002172985457e-14
1.0000316922269894,1.460457192020284e-10,1.0000402423752281,1.6166430624983228e-10,1.6166430670081518e-10,1.6166430658929777e-10,1.0000401973561532,1.8135842992516716e-10,1.365836001178622e-10,1.0000401973561557,1.365835999875693e-10,1.0000378482353156,1.8135843010384688e-10,1.676625945103227e-10,1.0000394041027414,1.8810455014965833e-10,1.3389958987103024e-10,1.0000402654703462,1.000040197356154,1.3389959007852718e-10,1.0000401973561552,1.3389958988825442e-10,1.0000396600714416,1.365836000703204e-10,1.46020182175652e-10,1.3658359980847408e-10,1.0000401973561543,1.0000402654703477,1.0000402678863818,1.0000401973561532,1.0000401973561541,1.8145262578293044e-10,1.0000401973561532,1.0000394041027434,1.8810455031524495e-10,1.6166430641218752e-10,1.0000401973561541,1.0000401973561535,1.0000401973561552,1.5551568907091456e-10
3.4530112937772336e-06,6.143943757578265e-14,3.600831784912791e-07,7.46079775533572e-14,7.460797774283019e-14,7.460797748306717e-14,1.8135843010688638e-10,8.178434219224421e-14,3.058441035991616e-17,1.8135843010731616e-10,3.052187881964205e-17,1.8135843010384688e-10,-2.349120634734332e-06,7.51940746564332e-14,3.600828368923409e-07,8.741990050928078e-14,2.931727880136252e-17,1.8135844399325513e-10,1.8135843002707579e-10,2.924397952560418e-17,1.813584300638767e-10,2.931727880136252e-17,3.600829411649582e-07,3.0532695691694204e-17,3.1051548703392174e-17,3.052187881964205e-17,1.8135843009034438e-10,1.8135844405067729e-10,3.60083188959424e-07,1.8135843010384688e-10,1.8135843010358617e-10,8.173895491356357e-14,1.8135843002707579e-10,3.6008283689234074e-07,8.741990046219932e-14,7.460797769427133e-14,1.8135843007249048e-10,1.8135843015892708e-10,1.8135843015892708e-10,3.4927790976259625e-17
3.42581884534094e-06,2.761247572508925e-17,1.6766260308268273e-10,6.872634754503233e-14,6.87263477194425e-14,6.872634747843482e-14,1.6766259447986885e-10,7.519407470185805e-14,2.8077581705176714e-17,1.6766259450727544e-10,2.8078286292420446e-17,1.676625945103227e-10,7.51940746564332e-14,-2.34912064752962e-06,3.328900818746084e-07,8.052942651440157e-14,2.690714689377489e-17,1.6766260741880002e-10,1.6766259447729216e-10,2.6868403003479787e-17,1.6766259448006048e-10,2.6859803906748848e-17,3.328901783481381e-07,2.806869596041797e-17,5.6529690877783975e-14,2.809600006756485e-17,1.676625944967961e-10,1.6766260741880002e-10,3.3289040759767577e-07,1.6766259442425768e-10,1.6766259447652498e-10,7.538604207649299e-14,1.6766259446752158e-10,3.3289008187460963e-07,8.052942646969165e-14,6.872634767518164e-14,1.676625944223942e-10,1.6766259448201076e-10,1.676625944383322e-10,3.2216543729409093e-17
1.0000308989825948,2.899702900823402e-07,1.0000394491217823,3.209806243103093e-07,3.209806250852528e-07,3.2098062488625364e-07,1.0000394041027414,3.6008283660409045e-07,1.365834770470458e-10,1.0000394041027423,1.3658347714440784e-10,1.0000394041027414,3.600828368923409e-07,3.328900818746084e-07,1.0000362617290648,3.734770982069963e-07,1.3389946874222226e-10,1.0000394722168828,1.0000394041027412,1.3389946887488086e-10,1.000039404102743,1.3389946870513262e-10,1.0000388668184368,1.3658347689692887e-10,2.89919586946755e-07,1.3658347682180218e-10,1.0000394041027414,1.000039472216884,1.0000394746329173,1.0000394041027414,1.0000394041027418,3.602698600654298e-07,1.0000394041027407,1.000038610849933,3.734770986653714e-07,3.2098062462632776e-07,1.0000394041027407,1.0000394041027407,1.000039404102743,1.5551554916721725e-10
3.4664054107657588e-06,6.600000541232356e-14,3.7347745035989725e-07,7.965595442040229e-14,7.965595462370787e-14,7.965595436216571e-14,1.8810455007220222e-10,8.741990055211586e-14,3.260612586657866e-17,1.88104550108602e-10,3.260612586657866e-17,1.8810455014965833e-10,8.741990050928078e-14,8.052942651440157e-14,3.734770982069963e-07,-2.3491206215606344e-06,3.1406829602286474e-17,1.8810456453592479e-10,1.8810455007220222e-10,3.135522883424008e-17,1.8810455002520102e-10,3.127524036742574e-17,3.734772057039573e-07,3.262093592728112e-17,6.598087375342827e-14,3.2612070315757975e-17,1.8810455010475426e-10,1.8810456446563222e-10,3.734774611503985e-07,1.8810455010321054e-10,1.8810455007539982e-10,8.750074861062304e-14,1.8810455010049542e-10,3.734770982069967e-07,9.328235224426284e-14,7.965595456760721e-14,1.8810455016762454e-10,1.8810455016762454e-10,1.8810455007220222e-10,3.7330515518879954e-17
3.3587839654716145e-06,2.183023347835388e-17,1.3389959677082107e-10,2.6617926441436055e-17,2.6653073542829205e-17,2.685035720959579e-17,1.33899589935304e-10,2.925637243840173e-17,2.1716110813760744e-17,1.3389958987557832e-10,2.1716110813760744e-17,1.3389958987103024e-10,2.931727880136252e-17,2.690714689377489e-17,1.3389946874222226e-10,3.1406829602286474e-17,-2.349120676583013e-06,1.3389960038623467e-10,1.3389958990399088e-10,4.102855430158976e-14,1.3389958999969876e-10,4.102855459354623e-14,2.6585451842439754e-07,2.1738469924523075e-17,2.1684821766789894e-17,2.1716110813760744e-17,1.3389958988397363e-10,1.338996002760117e-10,1.338996007479173e-10,1.3389958985130667e-10,1.3389958981940014e-10,2.91367204651256e-17,1.3389958990399088e-10,1.3389946908609965e-10,3.139789547507435e-17,2.6768436843121785e-17,1.3389958999969876e-10,1.3389958988239821e-10,1.33899589935304e-10,2.479797364524373e-17
1.0000317603404085,1.4604573052492205e-10,1.000040310489425,1.616643186178549e-10,1.6166431901542506e-10,1.616643189738488e-10,1.0000402654703464,1.8135844400703764e-10,1.3658361069860033e-10,1.0000402654703477,1.3658361082828406e-10,1.0000402654703462,1.8135844399325513e-10,1.6766260741880002e-10,1.0000394722168828,1.8810456453592479e-10,1.3389960038623467e-10,1.0000379844637073,1.0000402654703462,1.3389960052325207e-10,1.000040265470348,1.3389960042290493e-10,1.0000397281855988,1.3658361059708837e-10,1.4602019352722533e-10,1.365836102793869e-10,1.0000402654703469,1.000040333584546,1.0000403360005783,1.0000402654703466,1.0000402654703466,1.8145263964825042e-10,1.0000402654703455,1.000039472216885,1.8810456472697024e-10,1.6166431883561955e-10,1.0000402654703469,1.0000402654703466,1.000040265470348,3.0877299231543335e-07
1.0000316922269867,1.46045719169764e-10,1.0000402423752281,1.6166430629916254e-10,1.6166430664403644e-10,1.6166430650836753e-10,1.0000401973561537,1.8135842993873804e-10,1.365836001618921e-10,1.000040197356156,1.3658360003619336e-10,1.000040197356154,1.8135843002707579e-10,1.6766259447729216e-10,1.0000394041027412,1.8810455007220222e-10,1.3389958990399088e-10,1.0000402654703462,1.0000378482353145,1.3389959008596354e-10,1.0000401973561557,1.3389958996570355e-10,1.0000396600714414,1.365836000339015e-10,1.4602018217752717e-10,1.365835998100208e-10,1.0000401973561548,1.000040265470348,1.0000402678863818,1.0000401973561532,1.0000401973561543,1.8145262571594432e-10,1.0000401973561537,1.0000394041027432,1.8810455032489191e-10,1.6166430644481493e-10,1.0000401973561543,1.0000401973561537,1.0000401973561557,1.5551568898840986e-10
3.3587839654716175e-06,2.183023347835388e-17,1.3389959698367046e-10,2.685035720959579e-17,2.6659549003434686e-17,2.685035720959579e-17,1.3389959010904185e-10,2.921757302218997e-17,2.1738469924523075e-17,1.3389959010904185e-10,2.1760318331014288e-17,1.3389959007852718e-10,2.924397952560418e-17,2.6868403003479787e-17,1.3389946887488086e-10,3.135522883424008e-17,4.102855430158976e-14,1.3389960052325207e-10,1.3389959008596354e-10,-2.349120676583013e-06,1.3389959012154631e-10,4.102855467450885e-14,2.658545188476717e-07,2.1716110813760744e-17,2.1684821766789894e-17,2.1716110813760744e-17,1.338995900403152e-10,1.3389960054908533e-10,1.3389960092311462e-10,1.3389959010904185e-10,1.3389959012796785e-10,2.924568406358433e-17,1.3389959010904185e-10,1.3389946892783888e-10,3.1331317310334135e-17,2.6702076100528938e-17,1.338995900403152e-10,1.3389959012774004e-10,1.3389959012796785e-10,2.4815922836577563e-17
1.000031692226988,1.4604571917363203e-10,1.0000402423752304,1.616643062017429e-10,1.6166430664918725e-10,1.6166430658929777e-10,1.0000401973561557,1.8135843006497345e-10,1.3658360010649257e-10,1.000040197356156,1.3658360007421735e-10,1.0000401973561552,1.813584300638767e-10,1.6766259448006048e-10,1.000039404102743,1.8810455002520102e-10,1.3389958999969876e-10,1.000040265470348,1.0000401973561557,1.3389959012154631e-10,1.0000378482353187,1.3389958994829742e-10,1.0000396600714438,1.3658360006512374e-10,1.4602018216300167e-10,1.365835998062846e-10,1.0000401973561566,1.000040265470349,1.0000402678863836,1.0000401973561552,1.000040197356155,1.814526257911896e-10,1.0000401973561552,1.000039404102745,1.881045503676929e-10,1.616643064197381e-10,1.0000401973561552,1.0000401973561552,1.0000401973561568,1.5551568905584158e-10
3.3587839654716136e-06,2.183023347835388e-17,1.3389959680640687e-10,2.666940506510996e-17,2.6659549003434686e-17,2.6659549003434686e-17,1.3389958989156573e-10,2.9225824856732563e-17,2.1644108003904288e-17,1.3389958989156573e-10,2.1737876745864632e-17,1.3389958988825442e-10,2.931727880136252e-17,2.6859803906748848e-17,1.3389946870513262e-10,3.127524036742574e-17,4.102855459354623e-14,1.3389960042290493e-10,1.3389958996570355e-10,4.102855467450885e-14,1.3389958994829742e-10,-2.349120676583013e-06,2.6585451849438994e-07,2.1716110813760744e-17,2.1594071536408592e-17,2.1716110813760744e-17,1.3389958989156573e-10,1.3389960039725455e-10,1.3389960074784195e-10,1.3389958989156573e-10,1.338995899635669e-10,2.921846669122387e-17,1.3389958989156573e-10,1.3389946870513262e-10,3.140358301749568e-17,2.6612961458347754e-17,1.3389958988825442e-10,1.3389959007190563e-10,1.3389958989705547e-10,2.4793610041703038e-17
1.000031154948387,2.8997037514829094e-07,1.000039705090493,3.2098071682457674e-07,3.209807175995199e-07,3.209807174005205e-07,1.0000396600714416,3.600829408767076e-07,2.711835583852898e-07,1.0000396600714434,2.711835582799492e-07,1.0000396600714416,3.600829411649582e-07,3.328901783481381e-07,1.0000388668184368,3.734772057039573e-07,2.6585451842439754e-07,1.0000397281855988,1.0000396600714414,2.658545188476717e-07,1.0000396600714438,2.6585451849438994e-07,1.0000367736661515,2.7118355812176396e-07,2.899196720063223e-07,2.711835578952828e-07,1.0000396600714423,1.0000397281856,1.0000397306016313,1.0000396600714412,1.0000396600714425,3.6026996438718094e-07,1.0000396600714412,1.0000388668184386,3.7347720616233223e-07,3.209807171405949e-07,1.0000396600714418,1.000039660071441,1.0000396600714434,3.087727803124169e-07
3.36411294039801e-06,2.2966061808275603e-17,1.365836070089937e-10,2.7881445641462376e-17,2.786289059387551e-17,2.7867574880267576e-17,1.3658360004470877e-10,3.0532695691694216e-17,4.484414951916316e-14,1.3658360005674388e-10,4.4844149058170804e-14,1.365836000703204e-10,3.0532695691694204e-17,2.806869596041797e-17,1.3658347689692887e-10,3.262093592728112e-17,2.1738469924523075e-17,1.3658361059708837e-10,1.365836000339015e-10,2.1716110813760744e-17,1.3658360006512374e-10,2.1716110813760744e-17,2.7118355812176396e-07,-2.3491206717471667e-06,2.3081822863518367e-17,4.484414948829352e-14,1.36583600074828e-10,1.3658361058080803e-10,1.3658361098001858e-10,1.36583600074828e-10,1.3658359997717557e-10,3.0515088454696654e-17,1.3658360009674086e-10,1.3658347692991916e-10,3.2599486271126264e-17,2.793251519517314e-17,1.365836000005435e-10,1.3658360004470877e-10,1.3658360001638163e-10,5.1360022176869365e-14
3.3828488222857765e-06,2.2729972361517447e-17,1.46020189775366e-10,5.623590599963919e-14,5.6235906140733026e-14,5.6235905918295386e-14,1.4602018216510827e-10,3.0349889736196e-17,2.2798080657156238e-17,1.460201821304163e-10,2.2798080657156238e-17,1.46020182175652e-10,3.1051548703392174e-17,5.6529690877783975e-14,2.89919586946755e-07,6.598087375342827e-14,2.1684821766789894e-17,1.4602019352722533e-10,1.4602018217752717e-10,2.1684821766789894e-17,1.4602018216300167e-10,2.1594071536408592e-17,2.899196720063223e-07,2.3081822863518367e-17,-2.3491206736299304e-06,2.291728449978083e-17,1.46020182077095e-10,1.4602019356295183e-10,1.4602019385879704e-10,1.460201820818317e-10,1.4602018211916218e-10,6.14868946177563e-14,1.4602018211916218e-10,2.8991958694675527e-07,6.59808736973751e-14,5.623590611131153e-14,1.4602018215942096e-10,1.46020182175652e-10,1.4602018217752717e-10,2.6031262167100777e-17
3.3641129430305573e-06,2.295170391365898e-17,1.3658360689660933e-10,2.789575239906194e-17,2.7856422844411157e-17,2.7863001723684984e-17,1.3658359989204796e-10,3.0491782053144874e-17,4.484414955420994e-14,1.365835999455855e-10,4.4844149093217363e-14,1.3658359980847408e-10,3.052187881964205e-17,2.809600006756485e-17,1.3658347682180218e-10,3.2612070315757975e-17,2.1716110813760744e-17,1.365836102793869e-10,1.365835998100208e-10,2.1716110813760744e-17,1.365835998062846e-10,2.1716110813760744e-17,2.711835578952828e-07,4.484414948829352e-14,2.291728449978083e-17,-2.3491206717471667e-06,1.3658359996315228e-10,1.3658361053464603e-10,1.365836107972535e-10,1.3658359991871324e-10,1.3658359987128611e-10,3.0515088454696654e-17,1.3658359987288257e-10,1.3658347687728457e-10,3.2640243721891035e-17,2.7929415976514495e-17,1.3658359995571447e-10,1.365835998062846e-10,1.365835998062846e-10,5.136002221583517e-14
1.000031692226991,1.4604571917388623e-10,1.0000402423752288,1.6166430629916254e-10,1.6166430670081518e-10,1.616643065791005e-10,1.000040197356154,1.8135843006497345e-10,1.365836001586319e-10,1.0000401973561552,1.3658360004157042e-10,1.0000401973561543,1.8135843009034438e-10,1.676625944967961e-10,1.0000394041027414,1.8810455010475426e-10,1.3389958988397363e-10,1.0000402654703469,1.0000401973561548,1.338995900403152e-10,1.0000401973561566,1.3389958989156573e-10,1.0000396600714423,1.36583600074828e-10,1.46020182077095e-10,1.3658359996315228e-10,1.0000378482353183,1.0000402654703477,1.000040267886382,1.0000401973561548,1.0000401973561546,1.814526257911896e-10,1.0000401973561532,1.000039404102744,1.881045502704681e-10,1.6166430646154324e-10,1.0000401973561548,1.0000401973561543,1.0000401973561566,1.5551568907091456e-10
1.0000317603404112,1.4604573051916182e-10,1.000040310489425,1.616643186273752e-10,1.6166431901542506e-10,1.6166431894970598e-10,1.0000402654703469,1.813584438802765e-10,1.3658361076326345e-10,1.0000402654703489,1.3658361079416777e-10,1.0000402654703477,1.8135844405067729e-10,1.6766260741880002e-10,1.000039472216884,1.8810456446563222e-10,1.338996002760117e-10,1.000040333584546,1.000040265470348,1.3389960054908533e-10,1.000040265470349,1.3389960039725455e-10,1.0000397281856,1.3658361058080803e-10,1.4602019356295183e-10,1.3658361053464603e-10,1.0000402654703477,1.0000379844637137,1.000040336000579,1.0000402654703475,1.000040265470348,1.8145263970071773e-10,1.0000402654703466,1.000039472216885,1.8810456464324684e-10,1.616643187476665e-10,1.0000402654703475,1.0000402654703469,1.000040265470349,3.087729923154336e-07
1.0000317627564161,1.4604573085784177e-10,1.000040312905459,1.6166431940403283e-10,1.616643194219162e-10,1.6166431965504472e-10,1.000040267886381,3.600831886711731e-07,1.3658361108402879e-10,1.0000402678863825,1.3658361100191932e-10,1.0000402678863818,3.60083188959424e-07,3.3289040759767577e-07,1.0000394746329173,3.734774611503985e-07,1.338996007479173e-10,1.0000403360005783,1.0000402678863818,1.3389960092311462e-10,1.0000402678863836,1.3389960074784195e-10,1.0000397306016313,1.3658361098001858e-10,1.4602019385879704e-10,1.365836107972535e-10,1.000040267886382,1.000040336000579,1.0000379892957758,1.0000402678863813,1.0000402678863822,3.602702122818605e-07,1.0000402678863805,1.0000394746329182,3.7347746160877437e-07,1.6166431940392776e-10,1.000040267886382,1.0000402678863813,1.0000402678863833,1.555157015891043e-10
1.000031692226987,1.4604571921040385e-10,1.0000402423752281,1.6166430621951957e-10,1.616643066397496e-10,1.6166430658929777e-10,1.000040197356154,1.8135842992516716e-10,1.365836001158967e-10,1.0000401973561548,1.3658360004303603e-10,1.0000401973561532,1.8135843010384688e-10,1.6766259442425768e-10,1.0000394041027414,1.8810455010321054e-10,1.3389958985130667e-10,1.0000402654703466,1.0000401973561532,1.3389959010904185e-10,1.0000401973561552,1.3389958989156573e-10,1.0000396600714412,1.36583600074828e-10,1.460201820818317e-10,1.3658359991871324e-10,1.0000401973561548,1.0000402654703475,1.0000402678863813,1.0000378482353187,1.000040197356154,1.8145262568306252e-10,1.000040197356154,1.0000394041027434,1.8810455030525116e-10,1.6166430636470567e-10,1.000040197356154,1.0000401973561532,1.000040197356155,1.5551568898841e-10
1.0000316922269887,1.46045719169764e-10,1.0000402423752293,1.6166430626361895e-10,1.6166430665461035e-10,1.6166430658727707e-10,1.0000401973561548,1.8135842988859143e-10,1.3658360013155674e-10,1.0000401973561552,1.3658360006307598e-10,1.0000401973561541,1.8135843010358617e-10,1.6766259447652498e-10,1.0000394041027418,1.8810455007539982e-10,1.3389958981940014e-10,1.0000402654703466,1.0000401973561543,1.3389959012796785e-10,1.000040197356155,1.338995899635669e-10,1.0000396600714425,1.3658359997717557e-10,1.4602018211916218e-10,1.3658359987128611e-10,1.0000401973561546,1.000040265470348,1.0000402678863822,1.000040197356154,1.000037848235316,1.8145262574554441e-10,1.0000401973561541,1.0000394041027434,1.8810455030525116e-10,1.6166430643827118e-10,1.0000401973561541,1.0000401973561541,1.0000401973561557,1.5551568901672364e-10
3.453198313774008e-06,3.087004574110862e-17,3.6027020180770735e-07,7.468266822002762e-14,7.468266840969457e-14,7.468266814990762e-14,1.8145262571594432e-10,8.173895496176426e-14,3.054685479557025e-17,1.814526257464037e-10,3.0506939803569886e-17,1.8145262578293044e-10,8.173895491356357e-14,7.538604207649299e-14,3.602698600654298e-07,8.750074861062304e-14,2.91367204651256e-17,1.8145263964825042e-10,1.8145262571594432e-10,2.924568406358433e-17,1.814526257911896e-10,2.921846669122387e-17,3.6026996438718094e-07,3.0515088454696654e-17,6.14868946177563e-14,3.0515088454696654e-17,1.814526257911896e-10,1.8145263970071773e-10,3.602702122818605e-07,1.8145262568306252e-10,1.8145262574554441e-10,-2.349120634362907e-06,1.8145262571594432e-10,3.6026986006543044e-07,8.75007485636683e-14,7.468266836102947e-14,1.8145262571568552e-10,1.814526256192132e-10,1.814526256995244e-10,3.4986750275622893e-17
1.0000316922269883,1.4604571919506878e-10,1.000040242375228,1.616643062417686e-10,1.6166430666844096e-10,1.616643065470339e-10,1.0000401973561532,1.813584300010475e-10,1.3658360015598462e-10,1.0000401973561541,1.3658360004303603e-10,1.0000401973561532,1.8135843002707579e-10,1.6766259446752158e-10,1.0000394041027407,1.8810455010049542e-10,1.3389958990399088e-10,1.0000402654703455,1.0000401973561537,1.3389959010904185e-10,1.0000401973561552,1.3389958989156573e-10,1.0000396600714412,1.3658360009674086e-10,1.4602018211916218e-10,1.3658359987288257e-10,1.0000401973561532,1.0000402654703466,1.0000402678863805,1.000040197356154,1.0000401973561541,1.8145262571594432e-10,1.0000378482353152,1.0000394041027432,1.8810455036406858e-10,1.616643064019535e-10,1.0000401973561532,1.0000401973561532,1.000040197356155,1.55515689014958e-10
1.0000308989825972,2.899702900823404e-07,1.000039449121784,3.2098062431031004e-07,3.209806250852537e-07,3.2098062488625417e-07,1.0000394041027432,3.6008283660409177e-07,1.3658347711793788e-10,1.000039404102745,1.3658347707691784e-10,1.0000394041027434,3.6008283689234074e-07,3.3289008187460963e-07,1.000038610849933,3.734770982069967e-07,1.3389946908609965e-10,1.000039472216885,1.0000394041027432,1.3389946892783888e-10,1.000039404102745,1.3389946870513262e-10,1.0000388668184386,1.3658347692991916e-10,2.8991958694675527e-07,1.3658347687728457e-10,1.000039404102744,1.000039472216885,1.0000394746329182,1.0000394041027434,1.0000394041027434,3.6026986006543044e-07,1.0000394041027432,1.0000362617290723,3.7347709866537184e-07,3.209806246263284e-07,1.0000394041027438,1.000039404102743,1.0000394041027443,1.5551554916144715e-10
3.466405410765424e-06,6.60000053562832e-14,3.73477450818272e-07,7.965595438555926e-14,7.965595458886585e-14,7.965595432732282e-14,1.8810455029668712e-10,8.741990050503395e-14,3.2614582749249535e-17,1.8810455031524495e-10,3.2617170243403524e-17,1.8810455031524495e-10,8.741990046219932e-14,8.052942646969165e-14,3.734770986653714e-07,9.328235224426284e-14,3.139789547507435e-17,1.8810456472697024e-10,1.8810455032489191e-10,3.1331317310334135e-17,1.881045503676929e-10,3.140358301749568e-17,3.7347720616233223e-07,3.2599486271126264e-17,6.59808736973751e-14,3.2640243721891035e-17,1.881045502704681e-10,1.8810456464324684e-10,3.7347746160877437e-07,1.8810455030525116e-10,1.8810455030525116e-10,8.75007485636683e-14,1.8810455036406858e-10,3.7347709866537184e-07,-2.3491206215606344e-06,7.965595453276506e-14,1.8810455037139523e-10,1.8810455030379067e-10,1.8810455034410132e-10,3.737506803918679e-17
3.413909536374724e-06,5.624370970393007e-14,1.6166431491870593e-10,6.80091569592677e-14,6.800915713264267e-14,6.80091569063226e-14,1.6166430640285302e-10,7.460797773250727e-14,2.7904707283003314e-17,1.616643064197381e-10,2.785776392731315e-17,1.6166430641218752e-10,7.460797769427133e-14,6.872634767518164e-14,3.2098062462632776e-07,7.965595456760721e-14,2.6768436843121785e-17,1.6166431883561955e-10,1.6166430644481493e-10,2.6702076100528938e-17,1.616643064197381e-10,2.6612961458347754e-17,3.209807171405949e-07,2.793251519517314e-17,5.623590611131153e-14,2.7929415976514495e-17,1.6166430646154324e-10,1.616643187476665e-10,1.6166431940392776e-10,1.6166430636470567e-10,1.6166430643827118e-10,7.468266836102947e-14,1.616643064019535e-10,3.209806246263284e-07,7.965595453276506e-14,-2.3491206475543404e-06,1.6166430644955938e-10,1.6166430644506986e-10,1.616643064019535e-10,3.1900952076674884e-17
1.00003169222699,1.460457191541917e-10,1.0000402423752286,1.6166430627022903e-10,1.6166430666844096e-10,1.6166430654782624e-10,1.0000401973561541,1.8135843005871806e-10,1.3658360012443494e-10,1.0000401973561548,1.3658360004303603e-10,1.0000401973561541,1.8135843007249048e-10,1.676625944223942e-10,1.0000394041027407,1.8810455016762454e-10,1.3389958999969876e-10,1.0000402654703469,1.0000401973561543,1.338995900403152e-10,1.0000401973561552,1.3389958988825442e-10,1.0000396600714418,1.365836000005435e-10,1.4602018215942096e-10,1.3658359995571447e-10,1.0000401973561548,1.0000402654703475,1.000040267886382,1.000040197356154,1.0000401973561541,1.8145262571568552e-10,1.0000401973561532,1.0000394041027438,1.8810455037139523e-10,1.6166430644955938e-10,1.0000378482353183,1.0000401973561528,1.000040197356155,1.555156890551818e-10
1.0000316922269887,1.4604571920328627e-10,1.0000402423752277,1.616643062017429e-10,1.6166430664403644e-10,1.6166430653506763e-10,1.0000401973561541,1.813584300620594e-10,1.3658360014679258e-10,1.0000401973561548,1.3658360004303603e-10,1.0000401973561535,1.8135843015892708e-10,1.6766259448201076e-10,1.0000394041027407,1.8810455016762454e-10,1.3389958988239821e-10,1.0000402654703466,1.0000401973561537,1.3389959012774004e-10,1.0000401973561552,1.3389959007190563e-10,1.000039660071441,1.3658360004470877e-10,1.46020182175652e-10,1.365835998062846e-10,1.0000401973561543,1.0000402654703469,1.0000402678863813,1.0000401973561532,1.0000401973561541,1.814526256192132e-10,1.0000401973561532,1.000039404102743,1.8810455030379067e-10,1.6166430644506986e-10,1.0000401973561528,1.0000378482353172,1.000040197356155,1.5551568894937955e-10
1.0000316922269887,1.4604571922173387e-10,1.0000402423752308,1.6166430630501546e-10,1.6166430663589849e-10,1.616643065470339e-10,1.0000401973561557,1.8135843008931216e-10,1.3658360014679258e-10,1.0000401973561563,1.3658360007421735e-10,1.0000401973561552,1.8135843015892708e-10,1.676625944383322e-10,1.000039404102743,1.8810455007220222e-10,1.33899589935304e-10,1.000040265470348,1.0000401973561557,1.3389959012796785e-10,1.0000401973561568,1.3389958989705547e-10,1.0000396600714434,1.3658360001638163e-10,1.4602018217752717e-10,1.365835998062846e-10,1.0000401973561566,1.000040265470349,1.0000402678863833,1.000040197356155,1.0000401973561557,1.814526256995244e-10,1.000040197356155,1.0000394041027443,1.8810455034410132e-10,1.616643064019535e-10,1.000040197356155,1.000040197356155,1.0000378482353192,1.5551568894937955e-10
3.401701729011633e-06,2.6254680285599233e-17,1.5551569699506658e-10,3.186372696861444e-17,3.18944825986402e-17,3.183030611037116e-17,1.5551568905584158e-10,3.4927790976259625e-17,5.1360022252477076e-14,1.5551568898840986e-10,5.136002172985457e-14,1.5551568907091456e-10,3.4927790976259625e-17,3.2216543729409093e-17,1.5551554916721725e-10,3.7330515518879954e-17,2.479797364524373e-17,3.0877299231543335e-07,1.5551568898840986e-10,2.4815922836577563e-17,1.5551568905584158e-10,2.4793610041703038e-17,3.087727803124169e-07,5.1360022176869365e-14,2.6031262167100777e-17,5.136002221583517e-14,1.5551568907091456e-10,3.087729923154336e-07,1.555157015891043e-10,1.5551568898841e-10,1.5551568901672364e-10,3.4986750275622893e-17,1.55515689014958e-10,1.5551554916144715e-10,3.737506803918679e-17,3.1900952076674884e-17,1.555156890551818e-10,1.5551568894937955e-10,1.5551568894937955e-10,-2.3491206572313285e-06
