0.9999999999850323,-7.3002189892803765e-09,-4.5675782985321466e-11,-2.368810975790233e-09,1.0000000182033135,1.0000000139103036,-3.4423823839299353e-10,-6.468027272044039e-09,-2.2111276069521976e-10,1.0000000184066877,-2.6719425223746716e-09,-1.4696480429777054e-09,-4.1177606407839844e-09,-1.1088254162056814e-09,1.0000000182033262,-2.33889550760872e-09,-2.338898892778506e-09,1.0000000182033206,1.00000001391031,-1.8241917517461944e-09,-6.055803760913536e-10,-4.629245895508337e-09,1.0000000185380373,-3.163032912439719e-09,-2.4753902339280905e-09,-2.0510389341345808e-09,-6.38572071698074e-09,-3.4355918526467897e-09,-2.197645508190795e-09,-2.7205094811876104e-09,-2.0226807822159925e-09,-2.0510525792535714e-09,-2.368803491680173e-09,-1.1088531158783222e-09,-4.11776094123167e-09,-1.9665348086788837e-09,-2.3388984474816877e-09,-1.4454459563293114e-09,1.0000000182033135,-1.8241996658490108e-09,-8.330366489514626e-10,-1.9667416830673613e-09,-2.671942544940366e-09,-6.056073091373187e-10,-2.0632080121182594e-09,-2.478687579187886e-09,-2.368809915297212e-09,-2.33889807650252e-09,-2.338898447471215e-09,-1.9667419623766233e-09,-1.1088264000595736e-09,-2.3688098875414037e-09,-1.1088264302231057e-09,-6.685769316637527e-09,1.000000016079683,1.0000000195731582,-1.858317269315105e-09,-1.0681922689342592e-09,-3.4423675432490095e-10,-1.1088264301165671e-09,1.0000000142400027,-1.8583220177897217e-09,1.0000000139103036,-3.0295575891774763e-09,-1.0719976325143724e-09,-4.66413377892919e-09,-1.1088579162241373e-09,-1.966741683137601e-09,-4.5695961569408085e-11,-1.9667416830776452e-09,-4.56959598349988e-11,-1.8241917516428163e-09,-4.2118152983448734e-09
-7.3002189892803765e-09,-6.040189422063939e-09,-1.3402880788568737e-10,-6.613523387341442e-11,-6.4105913141480284e-09,-3.1024435151347555e-12,-5.645287728496367e-14,3.495742702996474e-11,-5.773361609804135e-14,-6.423279642613159e-09,-5.915011246849165e-11,-4.7885153287053205e-14,-1.3892238263319127e-14,-4.847489417690494e-14,-6.410591314147968e-09,-3.487364203436224e-14,-3.487387390269928e-14,-6.4105913141480425e-09,-3.102446092104974e-12,-3.938803838132034e-14,-5.26715791341713e-14,-1.4006113512597852e-11,-6.4573988654524925e-09,-5.854315133750958e-11,-3.4330504764266975e-14,-3.8621224797404525e-14,3.3558685591489445e-11,-5.1056547670833085e-11,-3.761213484568378e-14,-5.7983828283220434e-11,-7.139862039541209e-11,-3.862121860776597e-14,-6.613523387303174e-11,-4.8474927292112906e-14,-1.3893454288804066e-14,-3.726423891541833e-14,-3.487389658634873e-14,-4.35530476888683e-14,-6.4105913141480086e-09,-3.938806706926371e-14,-5.2141098495172695e-14,-3.898203835712432e-14,-5.915011246865224e-11,-5.267167318602687e-14,-3.812498623288363e-14,-6.432166875970088e-11,-6.613523387333284e-11,-3.487373450212282e-14,-3.4873850532507177e-14,-3.8981885302832604e-14,-4.84749778226994e-14,-6.613523387351989e-11,-4.8474903768139676e-14,3.8240213496469444e-11,-3.214798193666584e-12,-6.8164602474113655e-09,-3.8925535533849665e-14,-9.864690184802267e-11,-5.645283841344795e-14,-4.8474849991384527e-14,-3.1147853303076525e-12,-3.8925361001852334e-14,-3.102443740342624e-12,-5.243444558802629e-11,-4.961406880575078e-14,-1.3457434280585407e-11,-4.8474800234355424e-14,-3.898206677162304e-14,-1.3402880788586325e-10,-3.89820259451586e-14,-1.3402880788584978e-10,-3.938802191234372e-14,-1.3706163485034296e-14
-4.5675782985321466e-11,-1.3402880788568737e-10,-6.173179955027464e-09,-3.134652384354453e-14,1.1150478718134155e-09,6.560053809464279e-13,-3.993503384560508e-14,-2.2594539341872366e-14,-3.9541800571885406e-14,1.1068350813910782e-09,-3.011266678749425e-14,-3.716093513442488e-14,-3.096839216734124e-14,-3.4888316304607327e-14,1.115047871813557e-09,-3.202189298641992e-14,-3.202291844905195e-14,1.1150478718134508e-09,6.560068336053113e-13,-3.279379315290493e-14,-3.558169874935444e-14,-2.7881274779319148e-14,1.074553970312126e-09,-3.338078145369803e-14,-3.216977683923287e-14,-3.286504176591244e-14,-2.658570048321845e-14,-3.195954192668952e-14,-3.309195487864783e-14,-3.006460759516739e-14,-3.4717817162417894e-14,-3.286504176591244e-14,-3.134506756036856e-14,-3.488799096349063e-14,-3.0968637541603005e-14,-3.8509550900406996e-14,-3.202282070583499e-14,-3.665924188321872e-14,1.1150478718135282e-09,-3.279379315290492e-14,-3.5529719600358825e-14,-3.280911207624495e-14,-3.011130000682412e-14,-3.558112841823471e-14,-3.287783193958233e-14,-3.1197599450352176e-14,-3.134507752329062e-14,-3.202189298641992e-14,-3.2022820705834995e-14,-3.2809112071305456e-14,-3.4888491083043177e-14,-3.1345053119657566e-14,-3.488831630460733e-14,-2.6398811966661324e-14,5.625847981336255e-13,7.703310150189221e-10,-3.2657043635923614e-14,-4.1364224862692067e-14,-3.993503383064797e-14,-3.488849108304317e-14,6.470986258092064e-13,-3.2658198176916774e-14,6.560066310321905e-13,-2.952415873991783e-14,-3.528014308076592e-14,-2.7818047783037083e-14,-3.488818403627251e-14,-3.280911207624557e-14,-1.4359983629686696e-10,-3.2809112076244943e-14,-1.435998362968423e-10,-3.279516952697097e-14,-3.123397608781434e-14
-2.368810975790233e-09,-6.613523387341442e-11,-3.134652384354453e-14,-6.054601182436724e-09,-7.228328811816654e-13,-6.846007454084453e-13,-1.4368547958739526e-14,-8.716137103595123e-15,-1.3918101602630493e-14,-7.239519263388758e-13,-1.1977999000167264e-14,-1.4503571159356585e-14,-1.1045127549292787e-14,-1.2417439165208611e-14,-7.228334463850962e-13,-1.255434546016641e-14,-1.2553838835804564e-14,-7.228314923457721e-13,-6.846026129290402e-13,-1.2391202741686922e-14,-1.2429428551418393e-14,-9.456823251185173e-15,-7.297097756001561e-13,-1.3073415751872335e-14,-1.265868873691447e-14,-1.2574341835702574e-14,-1.0504841837696656e-14,-1.081430651928362e-14,-1.2528763681124707e-14,-1.2021975919366557e-14,-2.7785870527222714e-11,-1.257418984021502e-14,-2.4935745702133673e-11,-1.2417439165208611e-14,-1.1045127549292767e-14,-1.4454844012187506e-14,-1.2553838835804558e-14,-1.4023421749389747e-14,-7.22831793707226e-13,-1.2391202741686922e-14,-1.2403676694919829e-14,-1.2465491169432528e-14,-1.1979231540385983e-14,-1.2428626893243656e-14,-1.2560229670750458e-14,-2.490186158970158e-11,-2.4935745702182878e-11,-1.2553838835804564e-14,-1.2553358658945446e-14,-1.2463938297184304e-14,-1.2417439165208618e-14,-2.4935745702245847e-11,-1.2417560909341853e-14,-1.0576518341040466e-14,-7.163813956912986e-13,-1.5578132622932787e-09,-1.2447720343170379e-14,-1.5647023014806475e-14,-1.43678945204239e-14,-1.2417439165208614e-14,-6.879860260018629e-13,-1.2448263509934583e-14,-6.846007454084477e-13,-1.1904935572915319e-14,-1.2488980161178023e-14,-9.48383336861953e-15,-1.2416791810416846e-14,-1.2465056476251175e-14,-3.1345053119657566e-14,-1.2464230782746538e-14,-3.1345117184503385e-14,-1.239293543613848e-14,-1.098234846933747e-14
1.0000000182033135,-6.4105913141480284e-09,1.1150478718134155e-09,-7.228328811816654e-13,1.000000038812518,1.0000000398024407,3.6302810304758347e-13,-2.911221322555456e-12,4.2743194599065107e-13,1.0000000450861226,-8.864026908297254e-13,-2.2694304722416618e-13,-1.6439937818058293e-12,-4.613292553590935e-14,1.000000044841645,-7.042432446847515e-13,-7.042406969599115e-13,1.0000000448416455,1.0000000398024393,-4.333791404081976e-13,2.1736866912227982e-13,-1.9204645424428128e-12,1.000000045341638,-1.1261455661147024e-12,-7.733098509196279e-13,-5.48135532521611e-13,-2.862499361942522e-12,-1.2695631009252262e-12,-6.237941779476518e-13,-9.12000708367027e-13,-5.384288371883878e-13,-5.481336305043398e-13,-7.228344552355567e-13,-4.613022290108134e-14,-1.6439925066457138e-12,-5.035327291471383e-13,-7.042420018258347e-13,-2.2767259551707787e-13,1.0000000448416473,-4.333792785338879e-13,1.0212829453492621e-13,-5.054554208322976e-13,-8.864016618035465e-13,2.1737509850882378e-13,-5.558867264919941e-13,-7.80354055752185e-13,-7.228329592159341e-13,-7.042411906619316e-13,-7.042416665373138e-13,-5.054552881509178e-13,-4.6133036907668095e-14,-7.228330912403176e-13,-4.613282271099393e-14,-3.018909057275813e-12,1.000000042708201,1.0000000475820678,-4.5105324857672195e-13,-1.6644882916794395e-14,3.630276570838539e-13,-4.6131272425907214e-14,1.0000000402080846,-4.510541016032296e-13,1.000000039802441,-1.0747711134146569e-12,-2.3694802989652957e-14,-1.9388048255619627e-12,-4.6130062687563267e-14,-5.054553382440992e-13,1.1150514574421982e-09,-5.054554904484455e-13,1.1150511196589688e-09,-4.3337892919658533e-13,-1.690745887148818e-12
1.0000000139103036,-3.1024435151347555e-12,6.560053809464279e-13,-6.846007454084453e-13,1.0000000398024407,1.000000028504636,4.042043465746996e-13,-2.867622283652477e-12,4.672368722055718e-13,1.0000000400544378,-8.488133497429765e-13,-1.8554740697361004e-13,-1.6001292044284198e-12,-9.886728402569314e-15,1.0000000398024382,-6.655038267435752e-13,-6.655013594695612e-13,1.000000039802439,1.0000000345341316,-3.957621105123732e-13,2.5276522157012847e-13,-1.8794620470276114e-12,1.0000000403470863,-1.0834765791401533e-12,-7.341577359323647e-13,-5.101126158963622e-13,-2.8126049515256433e-12,-1.2295267225715628e-12,-5.849178945277229e-13,-8.742175439023052e-13,-4.955836993780232e-13,-5.101108882147832e-13,-6.846038300574418e-13,-9.884522125027123e-15,-1.6001281178478968e-12,-4.560978325626277e-13,-6.655035868468695e-13,-1.8530231802603698e-13,1.000000039802441,-3.9576278476685426e-13,1.3756006549927888e-13,-4.67614476077367e-13,-8.488128328256485e-13,2.527718733544467e-13,-5.175331522497142e-13,-7.419740008380628e-13,-6.846022659772236e-13,-6.655021250769003e-13,-6.655033383469258e-13,-4.676138508054998e-13,-9.887996989793819e-15,-6.846021772971905e-13,-9.887757622476276e-15,-2.9682422775894695e-12,1.0000000376462737,1.00000004293331,-4.13498484835464e-13,3.068137392564872e-14,4.0420311978048596e-13,-9.887484552659969e-15,1.0000000349589993,-4.134988741659454e-13,1.0000000345341333,-1.0366771343367833e-12,1.2576237093920717e-14,-1.8977564053628293e-12,-9.885520828535448e-15,-4.676136456922826e-13,6.560066324616017e-13,-4.676129435816194e-13,6.560066731852452e-13,-3.95761422262093e-13,-1.64643471635604e-12
-3.4423823839299353e-10,-5.645287728496367e-14,-3.993503384560508e-14,-1.4368547958739526e-14,3.6302810304758347e-13,4.042043465746996e-13,-6.052768442293122e-09,-2.187867967609514e-14,-1.1132235838045624e-14,3.621719400485333e-13,-1.460575770350207e-14,-1.4181133390313912e-14,-1.8051328890115876e-14,-1.0908620154838958e-14,3.630277092961232e-13,-1.4282101449291756e-14,-1.4282360342799526e-14,3.6302791898797945e-13,4.042038520569017e-13,-1.305891702562701e-14,-9.904481671949842e-15,-1.7066986302030282e-14,7.113762476732606e-10,-3.2072263831624744e-11,-1.452304314330154e-14,-1.3135196969202185e-14,-2.4526190709261465e-14,-1.4616973184180045e-14,-1.3888535841467237e-14,-1.478078110052811e-14,-1.624977712986724e-14,-1.3136918310073294e-14,-1.4368547958739526e-14,-1.090861350309331e-14,-1.8051699544656175e-14,-1.7574470699138647e-14,-1.4283356648177943e-14,-1.4588333883637975e-14,3.630277092961232e-13,-1.3060353860289999e-14,-9.888350272660468e-15,-1.3167001618933723e-14,-1.4605893865505102e-14,-9.90447600062507e-15,-1.3591980752172727e-14,-1.4547971457130254e-14,-1.4368547958739526e-14,-1.4282360342799526e-14,-1.4283243496806413e-14,-1.3167001618933723e-14,-1.0908613503093311e-14,-1.4368547958740352e-14,-1.0908613503093311e-14,-2.514970931118804e-14,3.715451512925855e-13,5.969873006624208e-10,-1.3031180562467301e-14,-1.5994583253022255e-14,-2.3118717638795614e-11,-1.09086135413947e-14,4.011037022366336e-13,-1.3031743049310555e-14,4.0420385205488616e-13,-1.527256204007895e-14,-1.0697564392883507e-14,-1.7115075936088146e-14,-1.090835925219142e-14,-1.3167001607597383e-14,-3.993418485130167e-14,-1.3167001607597383e-14,-3.993418485130167e-14,-1.3058917060053935e-14,-1.8283198051618842e-14
-6.468027272044039e-09,3.495742702996474e-11,-2.2594539341872366e-14,-8.716137103595123e-15,-2.911221322555456e-12,-2.867622283652477e-12,-2.187867967609514e-14,-5.930750425678349e-09,-2.118261205079659e-14,-2.9135255609290054e-12,-1.2345170985084852e-11,-4.4137432594291207e-11,4.947850932548798e-11,-1.6812557347685894e-14,-2.9112209045698743e-12,-1.0222363964462586e-14,-1.0222234869198375e-14,-2.911221322555456e-12,-2.8676220524120912e-12,-1.2440254005480417e-14,-1.9682642885080862e-14,6.353575496769374e-11,-2.912830223058114e-12,-2.7149649646182912e-12,-9.780134876947752e-15,-1.2484285345688059e-14,1.0032297424759884e-10,2.6211608493284848e-11,-1.16914014008423e-14,-1.1882105144002952e-11,-9.524971402381394e-15,-1.2484378490179336e-14,-8.716137090309234e-15,-1.6812268675282443e-14,4.947850932544771e-11,-1.4935231016074828e-12,-1.022248580612443e-14,-1.4093560876712688e-14,-2.9112212861411908e-12,-1.2439736789170046e-14,-1.9171605023965755e-14,-1.2388754885922676e-14,-1.234517098514106e-11,-1.9683120751997506e-14,-1.1831780186027334e-14,-8.139121165657164e-15,-8.716137090318508e-15,-1.0222535940266219e-14,-1.0222363968914668e-14,-1.238858964235965e-14,-1.6812512459428608e-14,-8.715909727514873e-15,-1.6812186907786932e-14,1.0321570564709321e-10,-5.729146213266263e-09,-5.851599550885737e-09,-1.281565153311842e-14,-1.742666271668019e-14,-2.1878670891934112e-14,-1.681362229848997e-14,-2.87280122830355e-12,-1.2815651515144703e-14,-2.867622427108471e-12,-7.495370691899506e-12,-1.761853973911513e-14,6.370737599861557e-11,-1.6813622298489954e-14,-1.2388754885922681e-14,-2.259453843603413e-14,-1.2388713119328409e-14,-2.2594638882115598e-14,-1.2439547322009921e-14,4.9018446385633906e-11
-2.2111276069521976e-10,-5.773361609804135e-14,-3.9541800571885406e-14,-1.3918101602630493e-14,4.2743194599065107e-13,4.672368722055718e-13,-1.1132235838045624e-14,-2.118261205079659e-14,-6.04898724170334e-09,4.267431567353007e-13,-1.4083393828826903e-14,-1.354415433209856e-14,-1.7048983239446725e-14,-1.0060921454062245e-14,4.2743237887999036e-13,-1.3856899789422784e-14,-1.385689978942277e-14,4.274319459906536e-13,4.6723872279579e-13,-1.2479450264756778e-14,-8.979715615258533e-15,-1.614744832644385e-14,8.406513412125298e-10,-1.5947018278028833e-14,-1.4121339842259037e-14,-1.2807025457797207e-14,-2.393760142053843e-14,-1.3652917543209696e-14,-1.3392163408869948e-14,-1.4260870541414858e-14,-1.5759389517778404e-14,-1.2807025457797207e-14,-1.3918090264227314e-14,-1.0062136968897776e-14,-1.704934731079928e-14,-1.665497493597184e-14,-1.385631381861845e-14,-1.4048338814715165e-14,4.274311352806507e-13,-1.2481015759518715e-14,-1.6990720068345963e-11,-1.262132596767351e-14,-1.4083053800891876e-14,-8.980559465828207e-15,-1.3069107514620784e-14,-1.4125049545722972e-14,-1.3918090264227314e-14,-1.3856899785936025e-14,-1.3854719331178138e-14,-1.26213259696249e-14,-1.0062136968894376e-14,-1.3916407460158798e-14,-1.0061263234952738e-14,-4.8437891362106346e-11,4.375302953107887e-13,7.346660488620349e-10,-1.253945067723061e-14,-1.5438346135878886e-14,-1.113223583804563e-14,-1.0061831222623782e-14,4.643424084096609e-13,-1.253945067723061e-14,4.672375092782121e-13,-1.4826993831581867e-14,-9.847967444916396e-15,-1.621972705167377e-14,-1.0062136968894376e-14,-1.2621817851549727e-14,-3.954180057188539e-14,-1.262132596767351e-14,-3.9544239647645193e-14,-1.2479450264756442e-14,-1.7292607249275246e-14
1.0000000184066877,-6.423279642613159e-09,1.1068350813910782e-09,-7.239519263388758e-13,1.0000000450861226,1.0000000400544378,3.621719400485333e-13,-2.9135255609290054e-12,4.267431567353007e-13,1.0000000393014923,-8.87819249454605e-13,-2.2820367928116124e-13,-1.6456379325757975e-12,-4.688667426490951e-14,1.0000000450861204,-7.055826071270247e-13,-7.055811906548128e-13,1.0000000450861204,1.0000000400544369,-4.3452506120421334e-13,2.167634474431757e-13,-1.9220031231203713e-12,1.0000000455852023,-1.1277115783261505e-12,-7.746777538351366e-13,-5.491015919630904e-13,-2.8651069169604276e-12,-1.2707550575122034e-12,-6.25039141472422e-13,-9.134088046367615e-13,-1.0727038424309911e-09,-5.490992013782238e-13,-7.239549340249356e-13,-4.688349680138033e-14,-1.6456378575955242e-12,-5.050865437885201e-13,-7.055815671415448e-13,-2.2895691479562265e-13,1.000000045086123,-4.3452420930659125e-13,1.015470254893346e-13,-5.066006703014842e-13,-8.878180543348792e-13,2.167709054255698e-13,-5.571122229061619e-13,-7.815044508015228e-13,-7.239538327941188e-13,-7.055809016725598e-13,-7.055807636535283e-13,-5.065998407989511e-13,-4.6886347792295427e-14,-7.239529532342915e-13,-4.6886916133027024e-14,-3.0216057149474813e-12,1.0000000429555573,1.0000000478169626,-4.5198488512378107e-13,-3.3834242020551826e-11,3.6217018753552875e-13,-4.688603987204016e-14,1.000000040459591,-4.519860723150045e-13,1.0000000400544389,-1.07629668339425e-12,-2.441879044298429e-14,-1.9403582924748228e-12,-4.688321536441344e-14,-5.066006962094415e-13,1.106838667019743e-09,-5.066010012729895e-13,1.1068383292366755e-09,-4.34524689358117e-13,-1.6924003884071265e-12
-2.6719425223746716e-09,-5.915011246849165e-11,-3.011266678749425e-14,-1.1977999000167264e-14,-8.864026908297254e-13,-8.488133497429765e-13,-1.460575770350207e-14,-1.2345170985084852e-11,-1.4083393828826903e-14,-8.87819249454605e-13,-6.051885968477793e-09,-2.87172867504345e-11,-9.65574700368691e-15,-1.2580202319904759e-14,-8.864036996378401e-13,-1.2262396645745427e-14,-1.2262396645750866e-14,-8.864026281483624e-13,-8.48813349742959e-13,-1.2297461663592881e-14,-1.271628238638231e-14,-8.016393598841622e-15,-8.928610963254074e-13,-2.3990490116812815e-11,-1.2176162116646805e-14,-1.2367209499474888e-14,-1.5546083848453557e-11,-1.0010385533335774e-14,-1.2455261782891305e-14,-2.2262433376946307e-11,-1.346757969656916e-14,-1.2366398287813716e-14,-1.1979231533949889e-14,-1.258022667280191e-14,-9.655717646752849e-15,-1.3666640783306112e-14,-1.2261163549619073e-14,-1.3920715117038859e-14,-8.864036996378401e-13,-1.2297831289751275e-14,-1.2606332897180903e-14,-1.240261379598005e-14,-2.2203251719824667e-11,-1.2716282386271056e-14,-1.233315342092462e-14,-1.193521481358251e-14,-1.1976645629034928e-14,-1.2262396645750912e-14,-1.2262395690909407e-14,-1.2402248024791758e-14,-1.2579899368212543e-14,-1.1979231540386003e-14,-1.2580226678964991e-14,-1.558919375411671e-11,-8.796224555410033e-13,-1.8798644563285727e-09,-1.2308458757096771e-14,-1.5507374920910135e-14,-1.460575768491881e-14,-1.2579386885753205e-14,-8.522052366265252e-13,-1.2308310645448854e-14,-8.48814041698311e-13,-2.186557674140493e-11,-1.2688492856591129e-14,-8.028528338036284e-15,-1.2579403522612193e-14,-1.2402520262053517e-14,-3.011266678749416e-14,-1.2402926705512804e-14,-3.0112642378685977e-14,-1.2297613310877467e-14,-9.825878835669014e-15
-1.4696480429777054e-09,-4.7885153287053205e-14,-3.716093513442488e-14,-1.4503571159356585e-14,-2.2694304722416618e-13,-1.8554740697361004e-13,-1.4181133390313912e-14,-4.4137432594291207e-11,-1.354415433209856e-14,-2.2820367928116124e-13,-2.87172867504345e-11,-6.057488162812868e-09,-1.9617704055008678e-14,-1.2707879584023857e-14,-2.269439161334815e-13,-1.440194068307904e-14,-1.4400403629674556e-14,-2.26943372257535e-13,-1.8554731098911368e-13,-1.373314237548858e-14,-1.2040833266191193e-14,-1.9208975691945628e-14,-2.354427632204771e-13,-1.7013736631941954e-14,-1.4433958176219544e-14,-1.398387119965673e-14,-4.895815709028852e-11,-1.706580919648823e-14,-1.4187206585619112e-14,-2.891109019550367e-11,-1.627097902050731e-14,-1.3983233733843565e-14,-1.4503081498662457e-14,-1.2707879584023861e-14,-1.961676521868697e-14,-1.8496325320624524e-14,-1.4400096399247583e-14,-1.552491164472088e-14,-2.26943510864731e-13,-1.3733219703516517e-14,-1.1971111228535149e-14,-1.3866255986390425e-14,-2.8717286750447987e-11,-1.2039023952533935e-14,-1.3961859934279297e-14,-1.4609897068483227e-14,-1.450308149947291e-14,-1.4400403629674556e-14,-1.4400096406526084e-14,-1.386864022617523e-14,-1.270622391414664e-14,-1.450308149947291e-14,-1.2707879584023861e-14,-4.973567459298184e-11,-2.2469472505014962e-13,-5.966119757889567e-10,-1.379306861889017e-14,-1.692260745735047e-14,-1.418105653536292e-14,-1.2707879584023853e-14,-1.888518795039397e-13,-1.3793876877489243e-14,-1.8554893848871584e-13,-2.956818837900092e-11,-1.2570464541886403e-14,-1.9257123030900352e-14,-1.270876772042337e-14,-1.3867245310958565e-14,-3.716129846745569e-14,-1.3868640226175224e-14,-3.716073056100392e-14,-1.3731734583162855e-14,-1.9777453694853313e-14
-4.1177606407839844e-09,-1.3892238263319127e-14,-3.096839216734124e-14,-1.1045127549292787e-14,-1.6439937818058293e-12,-1.6001292044284198e-12,-1.8051328890115876e-14,4.947850932548798e-11,-1.7048983239446725e-14,-1.6456379325757975e-12,-9.65574700368691e-15,-1.9617704055008678e-14,-6.007971230275193e-09,-1.4282676918861754e-14,-1.6439934700873555e-12,-1.1993157556187434e-14,-1.1993141539045778e-14,-1.643994332964159e-12,-1.6001294058210711e-12,-1.2730398095812517e-14,-1.562152615766469e-14,3.1668533659772264e-11,-1.6471217012480297e-12,-7.178274600531273e-15,-1.1922818583425282e-14,-1.3011184101438861e-14,4.794480492695257e-11,8.865732847181309e-12,-1.2753787808772937e-14,-9.60051469535678e-15,-1.2226126186355738e-14,-1.3011184101438842e-14,-1.1044784028920898e-14,-1.4282505007747264e-14,2.1623678037794305e-11,-1.2250737948459648e-11,-1.1992445557487848e-14,-1.4386306434863766e-14,-1.6439936070079507e-12,-1.2731237732515912e-14,-1.526632281395384e-14,-1.2743225398659269e-14,-9.655747003686917e-15,-1.5621700633677242e-14,-1.267660911983716e-14,-1.0787371727595813e-14,-1.1045109057330254e-14,-1.1992445547036946e-14,-1.1991973476835982e-14,-1.2743009652880592e-14,-1.4283258950860138e-14,-1.1043946737076635e-14,-1.428345591493965e-14,4.920863882234912e-11,-3.216130281357088e-09,-3.348077883543522e-09,-1.3100709269448325e-14,-1.73378941893661e-14,-1.8051411758711352e-14,-1.428345591482319e-14,-1.6045143049695166e-12,-1.3100088944086466e-14,-1.6001292487578836e-12,-8.431808947515706e-15,-1.4694315325411113e-14,3.170932573211996e-11,-1.4283258950862347e-14,-1.2743225398659804e-14,-3.096930973212925e-14,-1.2743009652881539e-14,-3.0969130026197684e-14,-1.2732637334441342e-14,2.1118123983368674e-11
-1.1088254162056814e-09,-4.847489417690494e-14,-3.4888316304607327e-14,-1.2417439165208611e-14,-4.613292553590935e-14,-9.886728402569314e-15,-1.0908620154838958e-14,-1.6812557347685894e-14,-1.0060921454062245e-14,-4.688667426490951e-14,-1.2580202319904759e-14,-1.2707879584023857e-14,-1.4282676918861754e-14,-6.047903542146346e-09,-4.6132654124842296e-14,-1.2425596786645752e-14,-1.2426223468881853e-14,-4.6132305501056524e-14,-9.886584759120198e-15,-1.1409494050686606e-14,-8.840386829323569e-15,-1.3303660613023e-14,-5.1914016389121563e-14,-1.4160506320700687e-14,-1.2635142100006356e-14,-1.1671291466514322e-14,-1.921578688354462e-14,-1.1833490953565081e-14,-1.2138151722774088e-14,-1.273154383757073e-14,-1.4038362651651475e-14,-1.1670962857045598e-14,-1.2417439165208611e-14,-9.650714264461349e-15,-1.4282505007747255e-14,-1.4779194360876053e-14,-1.242549180261091e-14,-1.293898632710018e-14,-4.613285810774645e-14,-1.1409463931193158e-14,-8.852239141397753e-15,-1.1536681666653438e-14,-1.2580202317280615e-14,-8.840949171339952e-15,-1.1875147991067935e-14,-1.2569720531371021e-14,-1.2417439165208597e-14,-1.2425596786645752e-14,-1.2425596786645752e-14,-1.1536560257303607e-14,-9.650714264461319e-15,-1.2417694066712537e-14,-1.822457758519125e-11,-1.975612478314862e-14,-3.7193529382455543e-14,-1.9815475901415683e-10,-1.14533609761721e-14,-1.4266931727297164e-14,-1.0908330436526898e-14,-1.8224577585097836e-11,-1.2635629501503029e-14,-1.14533609761721e-14,-9.88787393022705e-15,-1.311230009011848e-14,-9.48336244335357e-15,-1.337732741762897e-14,-9.650714264461349e-15,-1.1536552407821363e-14,-3.488816362557783e-14,-1.1536681666653439e-14,-3.488799096349064e-14,-1.1409024533043668e-14,-1.4494799177756657e-14
1.0000000182033262,-6.410591314147968e-09,1.115047871813557e-09,-7.228334463850962e-13,1.000000044841645,1.0000000398024382,3.630277092961232e-13,-2.9112209045698743e-12,4.2743237887999036e-13,1.0000000450861204,-8.864036996378401e-13,-2.269439161334815e-13,-1.6439934700873555e-12,-4.6132654124842296e-14,1.0000000388125252,-7.042430442969528e-13,-7.042409789138906e-13,1.000000044841643,1.0000000398024373,-4.3337933820327077e-13,2.1736897705083444e-13,-1.920465126433048e-12,1.0000000453416353,-1.1261444845922205e-12,-7.733098665969997e-13,-5.481355325214459e-13,-2.862499361959261e-12,-1.2695612061480677e-12,-6.237945066953477e-13,-9.120018115300239e-13,-5.384293552795496e-13,-5.481336667713287e-13,-7.228345757827672e-13,-4.613009728835762e-14,-1.6439917492403896e-12,-5.035334556131107e-13,-7.042420018210384e-13,-2.276723925515145e-13,1.0000000448416466,-4.3337941638361074e-13,1.0212896707009012e-13,-5.054556627101321e-13,-8.864031261277574e-13,2.1737508873904178e-13,-5.55887429731346e-13,-7.803540557562986e-13,-7.228325385748207e-13,-7.042411906619191e-13,-7.04241074960395e-13,-5.054550578895458e-13,-4.61322637120395e-14,-7.22831536464087e-13,-4.613282271768941e-14,-3.0189085362523027e-12,1.0000000427082,1.0000000475820658,-4.5105308396268807e-13,-1.6644418633596726e-14,3.6302765259144415e-13,-4.6132785869426586e-14,1.0000000402080829,-4.5105364332063774e-13,1.00000003980244,-1.0747709615456234e-12,-2.3694267040048578e-14,-1.9388041920858136e-12,-4.612966467635852e-14,-5.054562453888905e-13,1.115051457442269e-09,-5.054557412234075e-13,1.1150511196590449e-09,-4.3337891119148715e-13,-1.6907458871481654e-12
-2.33889550760872e-09,-3.487364203436224e-14,-3.202189298641992e-14,-1.255434546016641e-14,-7.042432446847515e-13,-6.655038267435752e-13,-1.4282101449291756e-14,-1.0222363964462586e-14,-1.3856899789422784e-14,-7.055826071270247e-13,-1.2262396645745427e-14,-1.440194068307904e-14,-1.1993157556187434e-14,-1.2425596786645752e-14,-7.042430442969528e-13,-6.055595908799154e-09,-2.5935608038935638e-11,-7.042420585024189e-13,-6.655032605847467e-13,-1.2544357857092813e-14,-1.2372601473824744e-14,-1.0668059765028246e-14,-7.112966158978991e-13,-1.349488723571301e-14,-2.6111125798179955e-11,-1.2651770679700654e-14,-1.2062619737246436e-14,-1.1656243701270396e-14,-1.2832702763265007e-14,-1.2328770046443544e-14,-1.4041592019828768e-14,-1.2651185615828151e-14,-1.2554345460166414e-14,-1.2425481825724312e-14,-1.1993157556187439e-14,-1.487532570692502e-14,-2.5935608038853673e-11,-1.4131153099477359e-14,-7.04242629813235e-13,-1.2543379711292687e-14,-1.2341911479831379e-14,-1.2565490996489793e-14,-1.2261031950204064e-14,-1.2371270692752339e-14,-1.2682119664751664e-14,-1.2573528371048186e-14,-1.2553358658945446e-14,-2.593560803890796e-11,-2.5935608038899597e-11,-1.2565000024560512e-14,-1.24234402118176e-14,-1.2553980387564468e-14,-1.2423440211817598e-14,-1.218123744886432e-14,-6.982348736180094e-13,-1.523582688956173e-09,-1.2513703677622483e-14,-1.5903057425020032e-14,-1.428094035363534e-14,-1.242549180261091e-14,-6.688623050775735e-13,-1.2514765422119747e-14,-6.65504199257049e-13,-1.206198986462343e-14,-1.2479001304615574e-14,-1.070348012622887e-14,-1.2425434850115928e-14,-1.2564656489859146e-14,-3.202292721015197e-14,-1.2565108241890927e-14,-3.2022771435876496e-14,-1.2544990881614439e-14,-1.215292676730327e-14
-2.338898892778506e-09,-3.487387390269928e-14,-3.202291844905195e-14,-1.2553838835804564e-14,-7.042406969599115e-13,-6.655013594695612e-13,-1.4282360342799526e-14,-1.0222234869198375e-14,-1.385689978942277e-14,-7.055811906548128e-13,-1.2262396645750866e-14,-1.4400403629674556e-14,-1.1993141539045778e-14,-1.2426223468881853e-14,-7.042409789138906e-13,-2.5935608038935638e-11,-6.055595908799154e-09,-7.042415404597051e-13,-6.655019305165643e-13,-1.2545172055985969e-14,-1.2372447477542506e-14,-1.0668405496719195e-14,-7.112949632882519e-13,-1.3494887234757336e-14,-2.611112579820923e-11,-1.2651902561808424e-14,-1.2062619745910704e-14,-1.1656288498381327e-14,-1.2833138779136691e-14,-1.2328860669683682e-14,-1.4041592019828735e-14,-1.2651770679700629e-14,-1.2553980373898474e-14,-1.2425596786645752e-14,-1.1993157557521445e-14,-1.4874789985996693e-14,-2.593560803888172e-11,-1.4131552868405136e-14,-7.042408614850226e-13,-1.2543379666935663e-14,-1.2341697140816472e-14,-1.2565632966332896e-14,-1.2262396645750912e-14,-1.2370260423585386e-14,-1.2681813614028565e-14,-1.2573528842913389e-14,-1.2553980387564465e-14,-2.593560803893601e-11,-2.5935608038927618e-11,-1.2564566783920669e-14,-1.2425481825724312e-14,-1.2554688190156984e-14,-1.2426223468881882e-14,-1.2182021749489497e-14,-6.98231058742638e-13,-1.52357927583635e-09,-1.2514221936234894e-14,-1.5903057425020013e-14,-1.4282101449291772e-14,-1.2426223468841632e-14,-6.688607015507405e-13,-1.2513557458586961e-14,-6.655013190584335e-13,-1.2059589212862528e-14,-1.2479001304615574e-14,-1.07047088781398e-14,-1.2426325557523866e-14,-1.2565632966331995e-14,-3.2022820705701374e-14,-1.2564656489859146e-14,-3.202151556853294e-14,-1.2545172055979544e-14,-1.2152926767303108e-14
1.0000000182033206,-6.4105913141480425e-09,1.1150478718134508e-09,-7.228314923457721e-13,1.0000000448416455,1.000000039802439,3.6302791898797945e-13,-2.911221322555456e-12,4.274319459906536e-13,1.0000000450861204,-8.864026281483624e-13,-2.26943372257535e-13,-1.643994332964159e-12,-4.6132305501056524e-14,1.000000044841643,-7.042420585024189e-13,-7.042415404597051e-13,1.000000038812535,1.000000039802437,-4.3337892165143934e-13,2.1736866050953255e-13,-1.920464625951416e-12,1.0000000453416356,-1.1261446074533724e-12,-7.733103773503452e-13,-5.481358038854147e-13,-2.862498276402491e-12,-1.2695615292652819e-12,-6.237939070447726e-13,-9.1200159359019e-13,-5.384293552795496e-13,-5.481341192862331e-13,-7.228347620588418e-13,-4.6129415032559425e-14,-1.6439925672279311e-12,-5.03533455612323e-13,-7.04241974547843e-13,-2.276727363189548e-13,1.0000000448416457,-4.3337864964364116e-13,1.0212896707009012e-13,-5.054564597325656e-13,-8.864013774854683e-13,2.1737441028855115e-13,-5.55886869366356e-13,-7.803539268148236e-13,-7.228325385952785e-13,-7.042411906619316e-13,-7.042415520433977e-13,-5.054544933109276e-13,-4.613303690955358e-14,-7.228331203554821e-13,-4.613247681942427e-14,-3.018908536237479e-12,1.000000042708199,1.0000000475820652,-4.5105305054816364e-13,-1.664440475702604e-14,3.630273970482443e-13,-4.613278585255472e-14,1.000000040208082,-4.510542184989861e-13,1.0000000398024398,-1.0747710126547697e-12,-2.3694802989652957e-14,-1.938804825577079e-12,-4.6130062687563267e-14,-5.054554005407679e-13,1.1150514574421494e-09,-5.054557141983414e-13,1.1150511196590397e-09,-4.3337891119148715e-13,-1.6907456122451687e-12
1.00000001391031,-3.102446092104974e-12,6.560068336053113e-13,-6.846026129290402e-13,1.0000000398024393,1.0000000345341316,4.042038520569017e-13,-2.8676220524120912e-12,4.6723872279579e-13,1.0000000400544369,-8.48813349742959e-13,-1.8554731098911368e-13,-1.6001294058210711e-12,-9.886584759120198e-15,1.0000000398024373,-6.655032605847467e-13,-6.655019305165643e-13,1.000000039802437,1.000000028504635,-3.957632830236363e-13,2.527652215699972e-13,-1.879460513176579e-12,1.000000040347085,-1.0834774641344722e-12,-7.341577884650542e-13,-5.101131671356758e-13,-2.8126029113518022e-12,-1.2295263370985349e-12,-5.849189648343625e-13,-8.742175410805326e-13,-4.955839546720882e-13,-5.101108882073126e-13,-6.8460349298759e-13,-9.884844599318386e-15,-1.6001281178561115e-12,-4.560967399616215e-13,-6.65503099884441e-13,-1.8530318221982327e-13,1.0000000398024396,-3.957624680127872e-13,1.3756006549639561e-13,-4.676148382765068e-13,-8.488131172674839e-13,2.5277187335306135e-13,-5.175332385270887e-13,-7.419740008380628e-13,-6.846022659772211e-13,-6.655019460202787e-13,-6.655038066342289e-13,-4.676137992694256e-13,-9.887265965562769e-15,-6.846021773226772e-13,-9.887757622476276e-15,-2.968243221054319e-12,1.000000037646273,1.0000000429333087,-4.134984848306077e-13,3.0681268486150604e-14,4.042015377705726e-13,-9.887282184923475e-15,1.0000000349589984,-4.1349990972877365e-13,1.0000000345341327,-1.0366776839998429e-12,1.2574201637243776e-14,-1.8977569807639646e-12,-9.885520828535448e-15,-4.676139513823993e-13,6.560055104867117e-13,-4.676138288072681e-13,6.560060303880613e-13,-3.9576179429421497e-13,-1.6464338904492643e-12
-1.8241917517461944e-09,-3.938803838132034e-14,-3.279379315290493e-14,-1.2391202741686922e-14,-4.333791404081976e-13,-3.957621105123732e-13,-1.305891702562701e-14,-1.2440254005480417e-14,-1.2479450264756778e-14,-4.3452506120421334e-13,-1.2297461663592881e-14,-1.373314237548858e-14,-1.2730398095812517e-14,-1.1409494050686606e-14,-4.3337933820327077e-13,-1.2544357857092813e-14,-1.2545172055985969e-14,-4.3337892165143934e-13,-3.957632830236363e-13,-6.05368088420489e-09,-1.1097271939229886e-14,-1.1549675460715044e-14,-4.3995736004245283e-13,-1.3640642661537842e-14,-1.2598254783673821e-14,-1.2224277061418322e-14,-1.4475930806565114e-14,-1.1673411487507599e-14,-2.4894262009717726e-11,-1.2400904832364936e-14,-1.3922685498486387e-14,-1.2224277061435147e-14,-1.2392016694775423e-14,-1.140902453304367e-14,-1.2731647060101244e-14,-1.476035077382403e-14,-1.2545174447415492e-14,-1.3620942754761052e-14,-4.333794579135606e-13,-2.4031532259449874e-11,-1.1085307606941619e-14,-1.2126009023146217e-14,-1.2297831287973428e-14,-1.1097271940187107e-14,-2.4559372703749432e-11,-1.2266235124779675e-14,-1.2392935436138477e-14,-1.2543379711106385e-14,-1.2543379711106388e-14,-1.212523905042829e-14,-1.1409463931193158e-14,-1.2392935436138478e-14,-1.1409510216365702e-14,-1.4738961495376215e-14,-4.26385925384019e-13,-9.77943094054701e-10,-1.2055511235519873e-14,-1.5262134390393782e-14,-1.3060397017411748e-14,-1.140902453304367e-14,-3.9888150093433076e-13,-1.2056892892731777e-14,-3.9576215793700084e-13,-1.2182447651376554e-14,-1.1393685383422845e-14,-1.1597367329477782e-14,-1.1408674859225262e-14,-1.2123957679456149e-14,-3.2795169526970964e-14,-1.2126009023146156e-14,-3.279505790426864e-14,-2.403153225942372e-11,-1.29249285649408e-14
-6.055803760913536e-10,-5.26715791341713e-14,-3.558169874935444e-14,-1.2429428551418393e-14,2.1736866912227982e-13,2.5276522157012847e-13,-9.904481671949842e-15,-1.9682642885080862e-14,-8.979715615258533e-15,2.167634474431757e-13,-1.271628238638231e-14,-1.2040833266191193e-14,-1.562152615766469e-14,-8.840386829323569e-15,2.1736897705083444e-13,-1.2372601473824744e-14,-1.2372447477542506e-14,2.1736866050953255e-13,2.527652215699972e-13,-1.1097271939229886e-14,-6.044811043988485e-09,-1.489430679484004e-14,2.1172508173669725e-13,-1.455611608949134e-14,-1.2615181972844669e-14,-1.1395683017218884e-14,-2.2281784483468582e-14,-1.2451574590012622e-14,-1.1939277624849052e-14,-1.2899897535764533e-14,-1.4091823864365821e-14,-1.1394072845465277e-14,-1.2428487407502274e-14,-8.840386829323586e-15,-1.56215261540456e-14,-1.5020548631982606e-14,-1.2372828795156974e-14,-1.2611473362713406e-14,2.173688557367809e-13,-1.1098784932695804e-14,-7.85250972409265e-15,-1.1252554623372617e-14,-1.2717670373155601e-14,-7.622950127367938e-15,-1.1641516528635285e-14,-1.2623301482414326e-14,-1.2428045446153592e-14,-1.236901522642807e-14,-1.2372447477542536e-14,-1.1252689396335111e-14,-8.840386805832411e-15,-1.24272722586325e-14,-8.842103084360205e-15,-2.294990853059532e-14,2.2622614684352978e-13,3.2859389010769794e-10,-1.1142888546647423e-14,-1.3814389421224123e-14,-9.903235675253874e-15,-8.840949171339959e-15,2.5021143840778e-13,-1.1142888546647423e-14,2.527652694817996e-13,-1.342077373245708e-14,-1.662535487420476e-11,-1.4979141752096516e-14,-8.840386805832427e-15,-1.125268939633511e-14,-3.558169874281973e-14,-1.1252554623372638e-14,-3.5581135121961394e-14,-1.1098926391680382e-14,-1.584209712074313e-14
-4.629245895508337e-09,-1.4006113512597852e-11,-2.7881274779319148e-14,-9.456823251185173e-15,-1.9204645424428128e-12,-1.8794620470276114e-12,-1.7066986302030282e-14,6.353575496769374e-11,-1.614744832644385e-14,-1.9220031231203713e-12,-8.016393598841622e-15,-1.9208975691945628e-14,3.1668533659772264e-11,-1.3303660613023e-14,-1.920465126433048e-12,-1.0668059765028246e-14,-1.0668405496719195e-14,-1.920464625951416e-12,-1.879460513176579e-12,-1.1549675460715044e-14,-1.489430679484004e-14,-5.986615412112032e-09,-1.921936326975892e-12,-9.08811820791049e-12,-1.053038517455314e-14,-1.1664646142661168e-14,6.277673513089023e-11,1.693089720048854e-11,-1.1469180192971977e-14,-7.937409410407595e-15,-1.0479093309672306e-14,-1.1664646142671215e-14,-9.455990832571343e-15,-1.3303888907273059e-14,3.1668533659728637e-11,-6.684863914973709e-12,-1.0667882383104312e-14,-1.3020921630469578e-14,-1.9204644541355256e-12,-1.1549304749932034e-14,-1.4512674015355522e-14,-1.1538732099387363e-14,-8.014542822333062e-15,-1.4893799154407703e-14,-1.1426275018510069e-14,-9.150554687151498e-15,-9.455453732708806e-15,-1.066770745171606e-14,-1.0668445526560848e-14,-1.1538810338929811e-14,-1.3303888967722984e-14,-9.455453732708803e-15,-1.3303888907276074e-14,6.42312931008639e-11,-3.759968946810347e-09,-3.87726380349963e-09,-1.18451114087585e-14,-1.579909280991145e-14,-1.7066986302025624e-14,-1.3303356407655547e-14,-1.8837331791373873e-12,-1.1845111408758484e-14,-1.879461305366537e-12,-6.585381488429049e-15,-1.3783175308170221e-14,4.305214851816698e-11,-1.3303660613043403e-14,-1.1538075835466623e-14,-2.788127477931913e-14,-1.1538732099472457e-14,-2.7883549895758486e-14,-1.1550033012146196e-14,3.1149077879226494e-11
1.0000000185380373,-6.4573988654524925e-09,1.074553970312126e-09,-7.297097756001561e-13,1.000000045341638,1.0000000403470863,7.113762476732606e-10,-2.912830223058114e-12,8.406513412125298e-10,1.0000000455852023,-8.928610963254074e-13,-2.354427632204771e-13,-1.6471217012480297e-12,-5.1914016389121563e-14,1.0000000453416353,-7.112966158978991e-13,-7.112949632882519e-13,1.0000000453416356,1.000000040347085,-4.3995736004245283e-13,2.1172508173669725e-13,-1.921936326975892e-12,1.0000000398095379,-2.252424705703091e-09,-7.804165912667119e-13,-5.545213798202593e-13,-5.704481061969003e-09,-1.2723970284228296e-12,-6.307118182056237e-13,-9.185051386285408e-13,-5.462377451872336e-13,-5.545196747325647e-13,-7.297130025385341e-13,-5.191144433802243e-14,-1.6471198053245198e-12,-5.10181422512701e-13,-7.112970573369974e-13,-4.656371808591806e-10,1.0000000453416387,-4.399573016980364e-13,9.683581426408877e-14,-5.118627232164753e-13,-8.928608827793936e-13,2.1173156341920192e-13,-5.626721482631788e-13,-7.872578395678289e-13,-7.297108449393254e-13,-7.112948326590698e-13,-7.112955933645156e-13,-5.118616038052265e-13,-5.191451815509423e-14,-7.297097702646736e-13,-5.1914839156416504e-14,-6.015948019652606e-09,1.0000000432295761,1.000000048032489,-4.574867156732158e-13,-4.7576307328152946e-11,7.113748299432853e-10,-5.19138742823151e-14,1.0000000407490062,-4.574869964861882e-13,1.0000000403470874,-1.081264460523476e-12,-2.94780876846439e-14,-1.9402680051433164e-12,-5.1911649965551564e-14,-5.118615422568512e-13,1.0745575559407401e-09,-5.118614828307108e-13,1.0745572181576e-09,-4.3995731740794e-13,-1.6940335352180181e-12
