1.0000000030813823,1.0000090437831342,1.0000090437831362,1.000009043783143,6.834503734435464e-07,6.88853047949148e-07,6.921582051871278e-07,6.953326021292248e-07,6.847700099160548e-07,1.0000090444998304,1.0000091226919352,1.000009043783134,1.0000090437831333,1.0000090182923904,1.000009025522197,6.882906701359437e-07,1.0000090437831366,1.0000091226919394,6.819734714370013e-07,1.000009043783143,1.0000090437831364,1.0000090182923904,1.0000090437831362,1.000009043783138,1.000009043783143,1.0000090953764986,1.000009043783138,1.0000090437831382,1.0000090437831364,1.000009035063773,1.000009128975342,1.0000090437831364,1.0000090273922828,1.0000091226919388,1.0000090437831364,1.0000091681801286,1.000009043783136,1.0000090437831364,1.000009043783134,1.0000090437831364,1.0000090182923835
1.0000090437831342,1.0000096177456583,1.000011688761184,1.0000116887611858,1.8761089674728263e-11,2.148168861692549e-11,2.3146050227716105e-11,2.474456605971307e-11,1.9425613752014877e-11,1.0000116894778788,1.0000117676702458,1.0000116887611845,1.0000116887611834,1.0000116632703533,1.0000116705001871,2.1198494787617713e-11,1.0000116887611827,1.0000117676702456,1.80173734634335e-11,1.0000116887611858,1.0000116887611827,1.000011663270353,1.0000116887611854,1.0000116887611865,1.000011688761185,1.0000117403547155,1.0000116887611865,1.0000116887611854,1.0000116887611852,1.0000116800417909,1.0000117739536685,1.0000116887611836,1.0000116723702779,1.0000117676702451,1.0000116887611827,1.00001181315858,1.0000116887611827,1.0000116887611858,1.0000116887611856,1.0000116887611827,1.000011663270354
1.0000090437831362,1.000011688761184,1.000009617745656,1.0000116887611865,1.87610895866598e-11,2.148168866162281e-11,2.3146050230755952e-11,2.4744566055912287e-11,1.9425613750092722e-11,1.0000116894778779,1.0000117676702462,1.0000116887611845,1.0000116887611854,1.0000116632703544,1.0000116705001887,2.1198494782802313e-11,1.0000116887611854,1.0000117676702447,1.8017373363859567e-11,1.0000116887611865,1.0000116887611854,1.0000116632703544,1.0000116887611863,1.0000116887611876,1.0000116887611854,1.0000117403547155,1.0000116887611876,1.0000116887611856,1.000011688761186,1.0000116800417913,1.0000117739536694,1.0000116887611858,1.0000116723702783,1.0000117676702447,1.0000116887611854,1.0000118131585811,1.0000116887611854,1.0000116887611867,1.0000116887611865,1.0000116887611854,1.0000116632703542
1.000009043783143,1.0000116887611858,1.0000116887611865,1.0000096177456617,1.876108971012026e-11,2.148168863841008e-11,2.314605023978362e-11,2.4744566043243903e-11,1.9425613757870198e-11,1.0000116894778788,1.0000117676702471,1.0000116887611856,1.0000116887611872,1.0000116632703548,1.000011670500189,2.119849479530096e-11,1.0000116887611854,1.0000117676702458,1.8017373364556815e-11,1.0000116887611854,1.0000116887611854,1.0000116632703542,1.0000116887611854,1.0000116887611865,1.0000116887611854,1.000011740354718,1.0000116887611865,1.0000116887611856,1.0000116887611865,1.000011680041792,1.000011773953671,1.0000116887611863,1.0000116723702783,1.0000117676702458,1.0000116887611854,1.000011813158581,1.0000116887611863,1.0000116887611858,1.0000116887611867,1.0000116887611854,1.0000116632703557
6.834503734435464e-07,1.8761089674728263e-11,1.87610895866598e-11,1.876108971012026e-11,-2.071015583802643e-06,-1.8286570085414453e-15,-1.7740170159840447e-15,-1.2194816968020598e-18,-7.763254846498911e-19,3.725667234251804e-08,1.8761091524833654e-11,1.876108969255824e-11,1.876108963827912e-11,3.7256671209388336e-08,3.7256671537155054e-08,-1.793196555874288e-18,1.876108970507813e-11,1.8761091507978908e-11,-6.328517958026811e-19,1.8761089700481236e-11,1.8761089630896815e-11,3.72566712093883e-08,1.876108968234736e-11,1.876108963240218e-11,1.8761089689136864e-11,1.8761090351104935e-11,1.8761089703540447e-11,1.8761089717905107e-11,1.876108968643744e-11,1.8761089535953467e-11,1.876109146114868e-11,1.8761089717905107e-11,1.8761089218190655e-11,1.876109151270377e-11,1.8761089726122558e-11,3.7256678067245764e-08,1.8761089705742654e-11,1.876108968299051e-11,1.876108966558368e-11,1.8761089659007776e-11,3.7256671209388244e-08
6.88853047949148e-07,2.148168861692549e-11,2.148168866162281e-11,2.148168863841008e-11,-1.8286570085414453e-15,-2.0710155824993557e-06,-1.8262954820478487e-15,-1.8125349093220286e-18,-1.0507396171890254e-18,4.265936766520483e-08,2.1481690690609994e-11,2.1481688604287738e-11,2.1481688622376323e-11,4.265936632876748e-08,4.2659366702863376e-08,-2.013696952302658e-15,2.148168858406682e-11,2.1481690692948973e-11,-9.81176211300364e-19,2.1481688652218227e-11,2.148168863941377e-11,4.265936632876746e-08,2.148168864001715e-11,2.148168858711478e-11,2.148168863463972e-11,4.265937031593109e-08,2.148168861692549e-11,2.148168863120931e-11,2.148168863242493e-11,4.265936719643228e-08,4.2659372046837274e-08,2.148168863120931e-11,2.148168820812775e-11,2.148169068923712e-11,2.1481688615030077e-11,2.148169195671324e-11,2.1481688649011904e-11,2.1481688649011904e-11,2.148168861692549e-11,2.1481688604287738e-11,4.265936632876753e-08
6.921582051871278e-07,2.3146050227716105e-11,2.3146050230755952e-11,2.314605023978362e-11,-1.7740170159840447e-15,-1.8262954820478487e-15,-2.071015583438482e-06,-2.0855010892550308e-15,-9.89937237960312e-19,4.5964536273012224e-08,2.314605243455065e-11,2.3146050213480714e-11,2.314605022525697e-11,4.596453481032582e-08,4.596453521235752e-08,-2.0918285076697934e-15,2.3146050257813156e-11,2.314605243455065e-11,-1.1758293950138482e-18,2.3146050257353553e-11,2.3146050221544462e-11,4.5964534810325906e-08,2.3146050221544462e-11,2.314605021200948e-11,2.3146050231104692e-11,4.596453906122163e-08,2.314605021200948e-11,2.3146050212071208e-11,2.3146050231883867e-11,4.596453573322271e-08,4.596454092229096e-08,2.314605022336163e-11,2.3146049024511555e-11,2.3146052360768744e-11,2.3146050261545417e-11,4.596454308824024e-08,2.3146050227931773e-11,2.314605022607678e-11,2.3146050237184092e-11,2.314605021498654e-11,4.5964534810325556e-08
6.953326021292248e-07,2.474456605971307e-11,2.4744566055912287e-11,2.4744566043243903e-11,-1.2194816968020598e-18,-1.8125349093220286e-18,-2.0855010892550308e-15,-2.071015584471447e-06,-1.7990289158683826e-15,2.4744566051641676e-11,4.913895081070455e-08,2.47445660109071e-11,2.474456605856417e-11,4.913894460677279e-08,4.913894503893959e-08,-2.3743863032045062e-15,2.4744566033438643e-11,4.913895081070449e-08,-1.9442840017915013e-15,2.4744566013027703e-11,2.4744566077805625e-11,4.91389446067728e-08,2.4744566022564297e-11,2.4744566056465677e-11,2.4744566046513645e-11,4.913894917541366e-08,2.47445660743393e-11,2.4744566123273178e-11,2.4744566061409077e-11,4.913894559860481e-08,2.4744568280554917e-11,2.47445660743393e-11,4.913894516115051e-08,4.913895081070456e-08,2.4744566004931062e-11,4.9138953503733553e-08,2.4744566016296275e-11,2.4744566105113623e-11,2.4744566046142286e-11,2.474456605856417e-11,4.913894460677254e-08
6.847700099160548e-07,1.9425613752014877e-11,1.9425613750092722e-11,1.9425613757870198e-11,-7.763254846498911e-19,-1.0507396171890254e-18,-9.89937237960312e-19,-1.7990289158683826e-15,-2.071015581443916e-06,1.9425613507728328e-11,1.9425615549052663e-11,1.9425613765019684e-11,1.942561376906392e-11,3.857631412438319e-08,1.9425613405586185e-11,-1.7528317800802098e-15,1.9425613769191e-11,1.9425615549052663e-11,-1.5165789627513037e-15,1.942561376238861e-11,1.942561376031794e-11,3.857631412438301e-08,1.9425613764560363e-11,1.942561375710756e-11,1.942561375046332e-11,1.9425615367989477e-11,1.9425613755095094e-11,1.9425613747403697e-11,1.942561375690877e-11,3.8576314905136114e-08,1.9425615710675393e-11,1.9425613770116367e-11,3.8576314547878534e-08,1.9425615549052663e-11,1.9425613766351403e-11,1.9425616199007965e-11,1.9425613753577896e-11,1.9425613749543662e-11,1.942561377304333e-11,1.9425613750965585e-11,3.857631412438312e-08
1.0000090444998304,1.0000116894778788,1.0000116894778779,1.0000116894778788,3.725667234251804e-08,4.265936766520483e-08,4.5964536273012224e-08,2.4744566051641676e-11,1.9425613507728328e-11,1.000009619179054,1.0000117683869418,1.000011689477877,1.0000116894778792,1.0000116639870489,1.0000116712168827,2.11984951549955e-11,1.0000116894778774,1.0000117683869414,1.8017373244946654e-11,1.0000116894778788,1.0000116894778774,1.0000116639870482,1.0000116894778783,1.0000116894778797,1.0000116894778788,1.0000117410714118,1.0000116894778788,1.0000116894778792,1.0000116894778783,1.0000116807584862,1.0000117746703645,1.0000116894778779,1.0000116730869744,1.0000117683869414,1.0000116894778772,1.0000118138752745,1.0000116894778774,1.0000116894778786,1.0000116894778797,1.0000116894778774,1.0000116639870489
1.0000091226919352,1.0000117676702458,1.0000117676702462,1.0000117676702471,1.8761091524833654e-11,2.1481690690609994e-11,2.314605243455065e-11,4.913895081070455e-08,1.9425615549052663e-11,1.0000117683869418,1.000009775563791,1.0000117676702451,1.0000117676702458,1.0000117421794137,1.0000117494092475,2.119849682234279e-11,1.0000117676702458,1.0000118465793142,1.8017374787843314e-11,1.0000117676702471,1.0000117676702451,1.0000117421794135,1.0000117676702462,1.000011767670247,1.000011767670246,1.0000118192637826,1.000011767670247,1.0000117676702471,1.0000117676702458,1.0000117589508524,1.0000118528627389,1.0000117676702462,1.000011751279341,1.0000118465793142,1.0000117676702458,1.0000118920676506,1.0000117676702458,1.0000117676702471,1.0000117676702471,1.0000117676702458,1.0000117421794132
1.000009043783134,1.0000116887611845,1.0000116887611845,1.0000116887611856,1.876108969255824e-11,2.1481688604287738e-11,2.3146050213480714e-11,2.47445660109071e-11,1.9425613765019684e-11,1.000011689477877,1.0000117676702451,1.000009617745655,1.0000116887611845,1.0000116632703533,1.0000116705001865,2.1198494788018808e-11,1.0000116887611836,1.0000117676702456,1.8017373364580257e-11,1.0000116887611856,1.0000116887611838,1.000011663270353,1.0000116887611852,1.0000116887611856,1.0000116887611854,1.0000117403547135,1.0000116887611854,1.0000116887611854,1.000011688761184,1.0000116800417882,1.0000117739536676,1.0000116887611845,1.0000116723702765,1.0000117676702456,1.0000116887611836,1.0000118131585798,1.0000116887611838,1.0000116887611852,1.0000116887611854,1.0000116887611836,1.000011663270353
1.0000090437831333,1.0000116887611834,1.0000116887611854,1.0000116887611872,1.876108963827912e-11,2.1481688622376323e-11,2.314605022525697e-11,2.474456605856417e-11,1.942561376906392e-11,1.0000116894778792,1.0000117676702458,1.0000116887611845,1.0000096177456517,1.000011663270355,1.0000116705001882,2.1198494787841022e-11,1.0000116887611856,1.0000117676702462,1.8017373360643925e-11,1.0000116887611872,1.0000116887611852,1.0000116632703546,1.0000116887611858,1.0000116887611876,1.000011688761186,1.000011740354715,1.0000116887611872,1.000011688761187,1.0000116887611867,1.000011680041791,1.0000117739536694,1.000011688761187,1.0000116723702785,1.0000117676702458,1.0000116887611856,1.0000118131585818,1.000011688761186,1.0000116887611872,1.0000116887611872,1.0000116887611856,1.0000116632703546
1.0000090182923904,1.0000116632703533,1.0000116632703544,1.0000116632703548,3.7256671209388336e-08,4.265936632876748e-08,4.596453481032582e-08,4.913894460677279e-08,3.857631412438319e-08,1.0000116639870489,1.0000117421794137,1.0000116632703533,1.000011663270355,1.0000095667639979,1.0000116450093586,4.209698713162028e-08,1.0000116632703533,1.0000117421794132,3.577976369376983e-08,1.0000116632703542,1.0000116632703533,1.000011637779524,1.0000116632703535,1.0000116632703548,1.0000116632703533,1.0000117148638852,1.0000116632703546,1.0000116632703542,1.0000116632703553,1.000011654550961,1.0000117484628377,1.000011663270355,1.0000116468794478,1.0000117421794132,1.0000116632703533,1.0000117876677457,1.0000116632703533,1.0000116632703544,1.0000116632703542,1.0000116632703542,1.000011637779524
1.000009025522197,1.0000116705001871,1.0000116705001887,1.000011670500189,3.7256671537155054e-08,4.2659366702863376e-08,4.596453521235752e-08,4.913894503893959e-08,1.9425613405586185e-11,1.0000116712168827,1.0000117494092475,1.0000116705001865,1.0000116705001882,1.0000116450093586,1.0000095812236693,4.2096987510488515e-08,1.0000116705001874,1.0000117494092473,1.8017372987417354e-11,1.000011670500189,1.0000116705001874,1.0000116450093584,1.0000116705001871,1.000011670500189,1.000011670500188,1.0000117220937186,1.000011670500189,1.0000116705001885,1.000011670500189,1.0000116617807941,1.0000117556926713,1.0000116705001885,1.0000116541092827,1.0000117494092473,1.0000116705001874,1.00001179489758,1.000011670500188,1.000011670500189,1.000011670500189,1.000011670500188,1.0000116450093575
6.882906701359437e-07,2.1198494787617713e-11,2.1198494782802313e-11,2.119849479530096e-11,-1.793196555874288e-18,-2.013696952302658e-15,-2.0918285076697934e-15,-2.3743863032045062e-15,-1.7528317800802098e-15,2.11984951549955e-11,2.119849682234279e-11,2.1198494788018808e-11,2.1198494787841022e-11,4.209698713162028e-08,4.2096987510488515e-08,-2.071015585571355e-06,2.1198494802685082e-11,2.1198497018757377e-11,-1.0140204624061648e-18,2.1198494792575242e-11,2.1198494780765536e-11,4.2096987131620055e-08,2.1198494796504085e-11,2.1198494793535973e-11,2.119849479188081e-11,4.2096991056060515e-08,2.1198494795340536e-11,2.1198494776133502e-11,2.1198494787382276e-11,4.209698797846461e-08,4.2096992810796296e-08,2.119849478737958e-11,4.2096987646893033e-08,2.119849706702604e-11,2.1198494773521188e-11,4.2096994815421646e-08,2.1198494798708502e-11,2.1198494795226514e-11,2.1198494791008762e-11,2.119849478408421e-11,4.209698713162018e-08
1.0000090437831366,1.0000116887611827,1.0000116887611854,1.0000116887611854,1.876108970507813e-11,2.148168858406682e-11,2.3146050257813156e-11,2.4744566033438643e-11,1.9425613769191e-11,1.0000116894778774,1.0000117676702458,1.0000116887611836,1.0000116887611856,1.0000116632703533,1.0000116705001874,2.1198494802685082e-11,1.0000096177456526,1.0000117676702445,1.801737332544973e-11,1.0000116887611854,1.0000116887611843,1.0000116632703537,1.0000116887611852,1.000011688761186,1.0000116887611854,1.000011740354714,1.000011688761186,1.0000116887611858,1.0000116887611852,1.0000116800417904,1.000011773953668,1.0000116887611854,1.000011672370278,1.0000117676702445,1.0000116887611843,1.00001181315858,1.000011688761185,1.000011688761186,1.000011688761186,1.0000116887611843,1.0000116632703533
1.0000091226919394,1.0000117676702456,1.0000117676702447,1.0000117676702458,1.8761091507978908e-11,2.1481690692948973e-11,2.314605243455065e-11,4.913895081070449e-08,1.9425615549052663e-11,1.0000117683869414,1.0000118465793142,1.0000117676702456,1.0000117676702462,1.0000117421794132,1.0000117494092473,2.1198497018757377e-11,1.0000117676702445,1.0000097755637865,1.8017374992343283e-11,1.0000117676702458,1.0000117676702445,1.000011742179413,1.0000117676702458,1.0000117676702462,1.0000117676702456,1.0000118192637812,1.0000117676702462,1.0000117676702462,1.0000117676702451,1.0000117589508517,1.000011852862738,1.000011767670245,1.0000117512793398,1.0000118465793137,1.0000117676702445,1.000011892067651,1.0000117676702447,1.0000117676702467,1.000011767670247,1.0000117676702445,1.0000117421794144
6.819734714370013e-07,1.80173734634335e-11,1.8017373363859567e-11,1.8017373364556815e-11,-6.328517958026811e-19,-9.81176211300364e-19,-1.1758293950138482e-18,-1.9442840017915013e-15,-1.5165789627513037e-15,1.8017373244946654e-11,1.8017374787843314e-11,1.8017373364580257e-11,1.8017373360643925e-11,3.577976369376983e-08,1.8017372987417354e-11,-1.0140204624061648e-18,1.801737332544973e-11,1.8017374992343283e-11,-2.0710155839436307e-06,1.8017373462180813e-11,1.8017373328841722e-11,3.577976369376988e-08,1.8017373414331507e-11,1.8017373328841722e-11,1.801737339119137e-11,1.8017374535927452e-11,1.8017373365674165e-11,1.8017373332819808e-11,1.801737342496682e-11,3.5779764436409597e-08,1.8017375438245416e-11,1.8017373374940488e-11,3.5779764072494365e-08,1.8017374904752285e-11,1.8017373411880594e-11,1.8017375877376187e-11,1.8017373344634503e-11,1.801737336890557e-11,1.8017373463423775e-11,1.8017373360643925e-11,3.577976369376967e-08
1.000009043783143,1.0000116887611858,1.0000116887611865,1.0000116887611854,1.8761089700481236e-11,2.1481688652218227e-11,2.3146050257353553e-11,2.4744566013027703e-11,1.942561376238861e-11,1.0000116894778788,1.0000117676702471,1.0000116887611856,1.0000116887611872,1.0000116632703542,1.000011670500189,2.1198494792575242e-11,1.0000116887611854,1.0000117676702458,1.8017373462180813e-11,1.0000096177456617,1.0000116887611854,1.0000116632703542,1.0000116887611854,1.0000116887611865,1.0000116887611854,1.000011740354718,1.0000116887611865,1.0000116887611856,1.0000116887611865,1.0000116800417913,1.000011773953671,1.000011688761186,1.000011672370278,1.000011767670246,1.0000116887611854,1.000011813158581,1.0000116887611863,1.0000116887611858,1.0000116887611867,1.0000116887611854,1.0000116632703557
1.0000090437831364,1.0000116887611827,1.0000116887611854,1.0000116887611854,1.8761089630896815e-11,2.148168863941377e-11,2.3146050221544462e-11,2.4744566077805625e-11,1.942561376031794e-11,1.0000116894778774,1.0000117676702451,1.0000116887611838,1.0000116887611852,1.0000116632703533,1.0000116705001874,2.1198494780765536e-11,1.0000116887611843,1.0000117676702445,1.8017373328841722e-11,1.0000116887611854,1.0000096177456526,1.0000116632703524,1.0000116887611854,1.000011688761186,1.0000116887611845,1.0000117403547137,1.000011688761186,1.0000116887611858,1.0000116887611854,1.0000116800417906,1.000011773953668,1.0000116887611856,1.0000116723702777,1.0000117676702445,1.0000116887611843,1.00001181315858,1.0000116887611843,1.000011688761186,1.000011688761186,1.0000116887611845,1.0000116632703535
1.0000090182923904,1.000011663270353,1.0000116632703544,1.0000116632703542,3.72566712093883e-08,4.265936632876746e-08,4.5964534810325906e-08,4.91389446067728e-08,3.857631412438301e-08,1.0000116639870482,1.0000117421794135,1.000011663270353,1.0000116632703546,1.000011637779524,1.0000116450093584,4.2096987131620055e-08,1.0000116632703537,1.000011742179413,3.577976369376988e-08,1.0000116632703542,1.0000116632703524,1.0000095667639985,1.0000116632703553,1.0000116632703562,1.000011663270353,1.000011714863885,1.0000116632703562,1.000011663270356,1.000011663270355,1.000011654550961,1.0000117484628384,1.0000116632703542,1.0000116468794473,1.000011742179413,1.0000116632703535,1.0000117876677457,1.0000116632703542,1.0000116632703546,1.0000116632703546,1.0000116632703537,1.0000116377795234
1.0000090437831362,1.0000116887611854,1.0000116887611863,1.0000116887611854,1.876108968234736e-11,2.148168864001715e-11,2.3146050221544462e-11,2.4744566022564297e-11,1.9425613764560363e-11,1.0000116894778783,1.0000117676702462,1.0000116887611852,1.0000116887611858,1.0000116632703535,1.0000116705001871,2.1198494796504085e-11,1.0000116887611852,1.0000117676702458,1.8017373414331507e-11,1.0000116887611854,1.0000116887611854,1.0000116632703553,1.000009617745657,1.0000116887611872,1.0000116887611843,1.000011740354717,1.0000116887611867,1.0000116887611872,1.000011688761186,1.000011680041791,1.0000117739536705,1.000011688761186,1.0000116723702792,1.0000117676702456,1.0000116887611852,1.0000118131585802,1.0000116887611854,1.0000116887611854,1.0000116887611856,1.0000116887611854,1.0000116632703553
1.000009043783138,1.0000116887611865,1.0000116887611876,1.0000116887611865,1.876108963240218e-11,2.148168858711478e-11,2.314605021200948e-11,2.4744566056465677e-11,1.942561375710756e-11,1.0000116894778797,1.000011767670247,1.0000116887611856,1.0000116887611876,1.0000116632703548,1.000011670500189,2.1198494793535973e-11,1.000011688761186,1.0000117676702462,1.8017373328841722e-11,1.0000116887611865,1.000011688761186,1.0000116632703562,1.0000116887611872,1.0000096177456603,1.0000116887611856,1.0000117403547177,1.000011688761188,1.000011688761188,1.000011688761187,1.0000116800417915,1.0000117739536705,1.0000116887611865,1.0000116723702799,1.0000117676702462,1.000011688761186,1.000011813158581,1.000011688761186,1.0000116887611865,1.0000116887611865,1.000011688761186,1.0000116632703553
1.000009043783143,1.000011688761185,1.0000116887611854,1.0000116887611854,1.8761089689136864e-11,2.148168863463972e-11,2.3146050231104692e-11,2.4744566046513645e-11,1.942561375046332e-11,1.0000116894778788,1.000011767670246,1.0000116887611854,1.000011688761186,1.0000116632703533,1.000011670500188,2.119849479188081e-11,1.0000116887611854,1.0000117676702456,1.801737339119137e-11,1.0000116887611854,1.0000116887611845,1.000011663270353,1.0000116887611843,1.0000116887611856,1.0000096177456586,1.0000117403547166,1.0000116887611856,1.0000116887611854,1.000011688761184,1.000011680041791,1.00001177395367,1.0000116887611856,1.000011672370278,1.0000117676702456,1.0000116887611854,1.00001181315858,1.0000116887611854,1.000011688761186,1.000011688761187,1.0000116887611854,1.000011663270354
1.0000090953764986,1.0000117403547155,1.0000117403547155,1.000011740354718,1.8761090351104935e-11,4.265937031593109e-08,4.596453906122163e-08,4.913894917541366e-08,1.9425615367989477e-11,1.0000117410714118,1.0000118192637826,1.0000117403547135,1.000011740354715,1.0000117148638852,1.0000117220937186,4.2096991056060515e-08,1.000011740354714,1.0000118192637812,1.8017374535927452e-11,1.000011740354718,1.0000117403547137,1.000011714863885,1.000011740354717,1.0000117403547177,1.0000117403547166,1.0000097209327325,1.0000117403547173,1.000011740354717,1.0000117403547162,1.0000117316353234,1.0000118255472046,1.0000117403547153,1.0000117239638089,1.0000118192637812,1.000011740354714,1.0000118647521192,1.000011740354714,1.000011740354718,1.0000117403547182,1.000011740354714,1.0000117148638854
1.000009043783138,1.0000116887611865,1.0000116887611876,1.0000116887611865,1.8761089703540447e-11,2.148168861692549e-11,2.314605021200948e-11,2.47445660743393e-11,1.9425613755095094e-11,1.0000116894778788,1.000011767670247,1.0000116887611854,1.0000116887611872,1.0000116632703546,1.000011670500189,2.1198494795340536e-11,1.000011688761186,1.0000117676702462,1.8017373365674165e-11,1.0000116887611865,1.000011688761186,1.0000116632703562,1.0000116887611867,1.000011688761188,1.0000116887611856,1.0000117403547173,1.0000096177456603,1.000011688761187,1.000011688761187,1.0000116800417915,1.0000117739536705,1.0000116887611865,1.0000116723702799,1.0000117676702462,1.000011688761186,1.000011813158581,1.000011688761186,1.0000116887611865,1.0000116887611865,1.000011688761186,1.0000116632703553
1.0000090437831382,1.0000116887611854,1.0000116887611856,1.0000116887611856,1.8761089717905107e-11,2.148168863120931e-11,2.3146050212071208e-11,2.4744566123273178e-11,1.9425613747403697e-11,1.0000116894778792,1.0000117676702471,1.0000116887611854,1.000011688761187,1.0000116632703542,1.0000116705001885,2.1198494776133502e-11,1.0000116887611858,1.0000117676702462,1.8017373332819808e-11,1.0000116887611856,1.0000116887611858,1.000011663270356,1.0000116887611872,1.000011688761188,1.0000116887611854,1.000011740354717,1.000011688761187,1.0000096177456599,1.0000116887611865,1.000011680041792,1.00001177395367,1.0000116887611865,1.000011672370279,1.0000117676702458,1.0000116887611858,1.000011813158581,1.000011688761186,1.0000116887611856,1.0000116887611865,1.000011688761186,1.0000116632703555
1.0000090437831364,1.0000116887611852,1.000011688761186,1.0000116887611865,1.876108968643744e-11,2.148168863242493e-11,2.3146050231883867e-11,2.4744566061409077e-11,1.942561375690877e-11,1.0000116894778783,1.0000117676702458,1.000011688761184,1.0000116887611867,1.0000116632703553,1.000011670500189,2.1198494787382276e-11,1.0000116887611852,1.0000117676702451,1.801737342496682e-11,1.0000116887611865,1.0000116887611854,1.000011663270355,1.000011688761186,1.000011688761187,1.000011688761184,1.0000117403547162,1.000011688761187,1.0000116887611865,1.000009617745656,1.0000116800417904,1.0000117739536696,1.0000116887611858,1.000011672370278,1.0000117676702451,1.0000116887611852,1.0000118131585807,1.0000116887611854,1.0000116887611872,1.0000116887611872,1.0000116887611852,1.000011663270353
1.000009035063773,1.0000116800417909,1.0000116800417913,1.000011680041792,1.8761089535953467e-11,4.265936719643228e-08,4.596453573322271e-08,4.913894559860481e-08,3.8576314905136114e-08,1.0000116807584862,1.0000117589508524,1.0000116800417882,1.000011680041791,1.000011654550961,1.0000116617807941,4.209698797846461e-08,1.0000116800417904,1.0000117589508517,3.5779764436409597e-08,1.0000116800417913,1.0000116800417906,1.000011654550961,1.000011680041791,1.0000116800417915,1.000011680041791,1.0000117316353234,1.0000116800417915,1.000011680041792,1.0000116800417904,1.0000096003068735,1.0000117652342766,1.000011680041791,1.000011663650884,1.0000117589508515,1.0000116800417904,1.000011804439187,1.0000116800417904,1.000011680041791,1.000011680041792,1.0000116800417904,1.0000116545509614
1.000009128975342,1.0000117739536685,1.0000117739536694,1.000011773953671,1.876109146114868e-11,4.2659372046837274e-08,4.596454092229096e-08,2.4744568280554917e-11,1.9425615710675393e-11,1.0000117746703645,1.0000118528627389,1.0000117739536676,1.0000117739536694,1.0000117484628377,1.0000117556926713,4.2096992810796296e-08,1.000011773953668,1.000011852862738,1.8017375438245416e-11,1.000011773953671,1.000011773953668,1.0000117484628384,1.0000117739536705,1.0000117739536705,1.00001177395367,1.0000118255472046,1.0000117739536705,1.00001177395367,1.0000117739536696,1.0000117652342766,1.000009788130645,1.000011773953669,1.0000117575627612,1.000011852862738,1.000011773953668,1.0000118983510753,1.000011773953668,1.0000117739536705,1.0000117739536702,1.000011773953668,1.0000117484628381
1.0000090437831364,1.0000116887611836,1.0000116887611858,1.0000116887611863,1.8761089717905107e-11,2.148168863120931e-11,2.314605022336163e-11,2.47445660743393e-11,1.9425613770116367e-11,1.0000116894778779,1.0000117676702462,1.0000116887611845,1.000011688761187,1.000011663270355,1.0000116705001885,2.119849478737958e-11,1.0000116887611854,1.000011767670245,1.8017373374940488e-11,1.000011688761186,1.0000116887611856,1.0000116632703542,1.000011688761186,1.0000116887611865,1.0000116887611856,1.0000117403547153,1.0000116887611865,1.0000116887611865,1.0000116887611858,1.000011680041791,1.000011773953669,1.000009617745655,1.000011672370278,1.000011767670245,1.0000116887611854,1.0000118131585807,1.000011688761186,1.0000116887611865,1.000011688761187,1.0000116887611854,1.0000116632703537
1.0000090273922828,1.0000116723702779,1.0000116723702783,1.0000116723702783,1.8761089218190655e-11,2.148168820812775e-11,2.3146049024511555e-11,4.913894516115051e-08,3.8576314547878534e-08,1.0000116730869744,1.000011751279341,1.0000116723702765,1.0000116723702785,1.0000116468794478,1.0000116541092827,4.2096987646893033e-08,1.000011672370278,1.0000117512793398,3.5779764072494365e-08,1.000011672370278,1.0000116723702777,1.0000116468794473,1.0000116723702792,1.0000116723702799,1.000011672370278,1.0000117239638089,1.0000116723702799,1.000011672370279,1.000011672370278,1.000011663650884,1.0000117575627612,1.000011672370278,1.0000095849638426,1.0000117512793396,1.000011672370278,1.0000117967676716,1.000011672370278,1.0000116723702799,1.0000116723702797,1.000011672370278,1.000011646879448
1.0000091226919388,1.0000117676702451,1.0000117676702447,1.0000117676702458,1.876109151270377e-11,2.148169068923712e-11,2.3146052360768744e-11,4.913895081070456e-08,1.9425615549052663e-11,1.0000117683869414,1.0000118465793142,1.0000117676702456,1.0000117676702458,1.0000117421794132,1.0000117494092473,2.119849706702604e-11,1.0000117676702445,1.0000118465793137,1.8017374904752285e-11,1.000011767670246,1.0000117676702445,1.000011742179413,1.0000117676702456,1.0000117676702462,1.0000117676702456,1.0000118192637812,1.0000117676702462,1.0000117676702458,1.0000117676702451,1.0000117589508515,1.000011852862738,1.000011767670245,1.0000117512793396,1.0000097755637867,1.0000117676702445,1.000011892067651,1.0000117676702445,1.0000117676702465,1.000011767670247,1.0000117676702445,1.0000117421794137
1.0000090437831364,1.0000116887611827,1.0000116887611854,1.0000116887611854,1.8761089726122558e-11,2.1481688615030077e-11,2.3146050261545417e-11,2.4744566004931062e-11,1.9425613766351403e-11,1.0000116894778772,1.0000117676702458,1.0000116887611836,1.0000116887611856,1.0000116632703533,1.0000116705001874,2.1198494773521188e-11,1.0000116887611843,1.0000117676702445,1.8017373411880594e-11,1.0000116887611854,1.0000116887611843,1.0000116632703535,1.0000116887611852,1.000011688761186,1.0000116887611854,1.000011740354714,1.000011688761186,1.0000116887611858,1.0000116887611852,1.0000116800417904,1.000011773953668,1.0000116887611854,1.000011672370278,1.0000117676702445,1.0000096177456526,1.00001181315858,1.000011688761185,1.000011688761186,1.000011688761186,1.0000116887611843,1.0000116632703533
1.0000091681801286,1.00001181315858,1.0000118131585811,1.000011813158581,3.7256678067245764e-08,2.148169195671324e-11,4.596454308824024e-08,4.9138953503733553e-08,1.9425616199007965e-11,1.0000118138752745,1.0000118920676506,1.0000118131585798,1.0000118131585818,1.0000117876677457,1.00001179489758,4.2096994815421646e-08,1.00001181315858,1.000011892067651,1.8017375877376187e-11,1.000011813158581,1.00001181315858,1.0000117876677457,1.0000118131585802,1.000011813158581,1.00001181315858,1.0000118647521192,1.000011813158581,1.000011813158581,1.0000118131585807,1.000011804439187,1.0000118983510753,1.0000118131585807,1.0000117967676716,1.000011892067651,1.00001181315858,1.0000098665404693,1.0000118131585798,1.0000118131585811,1.0000118131585811,1.00001181315858,1.0000117876677457
1.000009043783136,1.0000116887611827,1.0000116887611854,1.0000116887611863,1.8761089705742654e-11,2.1481688649011904e-11,2.3146050227931773e-11,2.4744566016296275e-11,1.9425613753577896e-11,1.0000116894778774,1.0000117676702458,1.0000116887611838,1.000011688761186,1.0000116632703533,1.000011670500188,2.1198494798708502e-11,1.000011688761185,1.0000117676702447,1.8017373344634503e-11,1.0000116887611863,1.0000116887611843,1.0000116632703542,1.0000116887611854,1.000011688761186,1.0000116887611854,1.000011740354714,1.000011688761186,1.000011688761186,1.0000116887611854,1.0000116800417904,1.000011773953668,1.000011688761186,1.000011672370278,1.0000117676702445,1.000011688761185,1.0000118131585798,1.0000096177456526,1.000011688761186,1.0000116887611865,1.000011688761185,1.0000116632703537
1.0000090437831364,1.0000116887611858,1.0000116887611867,1.0000116887611858,1.876108968299051e-11,2.1481688649011904e-11,2.314605022607678e-11,2.4744566105113623e-11,1.9425613749543662e-11,1.0000116894778786,1.0000117676702471,1.0000116887611852,1.0000116887611872,1.0000116632703544,1.000011670500189,2.1198494795226514e-11,1.000011688761186,1.0000117676702467,1.801737336890557e-11,1.0000116887611858,1.000011688761186,1.0000116632703546,1.0000116887611854,1.0000116887611865,1.000011688761186,1.000011740354718,1.0000116887611865,1.0000116887611856,1.0000116887611872,1.000011680041791,1.0000117739536705,1.0000116887611865,1.0000116723702799,1.0000117676702465,1.000011688761186,1.0000118131585811,1.000011688761186,1.0000096177456583,1.0000116887611865,1.000011688761186,1.0000116632703548
1.000009043783134,1.0000116887611856,1.0000116887611865,1.0000116887611867,1.876108966558368e-11,2.148168861692549e-11,2.3146050237184092e-11,2.4744566046142286e-11,1.942561377304333e-11,1.0000116894778797,1.0000117676702471,1.0000116887611854,1.0000116887611872,1.0000116632703542,1.000011670500189,2.1198494791008762e-11,1.000011688761186,1.000011767670247,1.8017373463423775e-11,1.0000116887611867,1.000011688761186,1.0000116632703546,1.0000116887611856,1.0000116887611865,1.000011688761187,1.0000117403547182,1.0000116887611865,1.0000116887611865,1.0000116887611872,1.000011680041792,1.0000117739536702,1.000011688761187,1.0000116723702797,1.000011767670247,1.000011688761186,1.0000118131585811,1.0000116887611865,1.0000116887611865,1.000009617745655,1.0000116887611865,1.0000116632703564
1.0000090437831364,1.0000116887611827,1.0000116887611854,1.0000116887611854,1.8761089659007776e-11,2.1481688604287738e-11,2.314605021498654e-11,2.474456605856417e-11,1.9425613750965585e-11,1.0000116894778774,1.0000117676702458,1.0000116887611836,1.0000116887611856,1.0000116632703542,1.000011670500188,2.119849478408421e-11,1.0000116887611843,1.0000117676702445,1.8017373360643925e-11,1.0000116887611854,1.0000116887611845,1.0000116632703537,1.0000116887611854,1.000011688761186,1.0000116887611854,1.000011740354714,1.000011688761186,1.000011688761186,1.0000116887611852,1.0000116800417904,1.000011773953668,1.0000116887611854,1.000011672370278,1.0000117676702445,1.0000116887611843,1.00001181315858,1.000011688761185,1.000011688761186,1.0000116887611865,1.0000096177456532,1.0000116632703533
1.0000090182923835,1.000011663270354,1.0000116632703542,1.0000116632703557,3.7256671209388244e-08,4.265936632876753e-08,4.5964534810325556e-08,4.913894460677254e-08,3.857631412438312e-08,1.0000116639870489,1.0000117421794132,1.000011663270353,1.0000116632703546,1.000011637779524,1.0000116450093575,4.209698713162018e-08,1.0000116632703533,1.0000117421794144,3.577976369376967e-08,1.0000116632703557,1.0000116632703535,1.0000116377795234,1.0000116632703553,1.0000116632703553,1.000011663270354,1.0000117148638854,1.0000116632703553,1.0000116632703555,1.000011663270353,1.0000116545509614,1.0000117484628381,1.0000116632703537,1.000011646879448,1.0000117421794137,1.0000116632703533,1.0000117876677457,1.0000116632703537,1.0000116632703548,1.0000116632703564,1.0000116632703533,1.0000095667639985
