1.0000000211026907,9.453040301694608e-06,1.000032635496585,1.0000329201534492,9.544626793178434e-06,9.305628668950261e-06,1.0000329201534515,1.0000329201534521,1.0000329201534515,9.449342773711427e-06,9.487710188193726e-06,9.476205034449616e-06,1.0000329201534526,1.0000326307570737,9.390987479691607e-06,9.390987479413299e-06,9.404060178847869e-06,1.0000322120928167,1.0000322644409865,1.0000323952971295,1.0000329201534501,1.000031791458675,9.401328441908075e-06,9.468283134955199e-06,1.0000329201534521,9.453040304270112e-06,9.443084548444113e-06,9.47459321822573e-06,9.481782770586625e-06,9.45068284384155e-06,1.0000329201534497,9.483489130734531e-06,9.366662459981739e-06,9.401328441036346e-06,9.314210189050302e-06,9.450682846623883e-06,1.0000329201534497,9.404060180239983e-06,9.453040304254304e-06,9.476205033115683e-06,9.530869426660652e-06
9.453040301694608e-06,3.462201870267766e-06,5.5230162866746e-10,5.523018108596484e-10,1.1771611533044499e-12,4.658664384663067e-16,5.523018108318987e-10,5.523018108594736e-10,5.523018108318987e-10,5.321368697777261e-16,5.567159492980772e-16,5.630463236595848e-16,5.523018108594736e-10,5.523016257820426e-10,5.202211263818147e-16,5.203211871006349e-16,5.170354211448603e-16,5.523013564301321e-10,1.0967863131701236e-06,5.523014765718002e-10,5.523018108594736e-10,1.0967857116005694e-06,5.152262966019123e-16,5.444530582762636e-16,5.523018108318987e-10,1.088454172190747e-12,5.4160019729711585e-16,5.622752325084773e-16,5.666017594243528e-16,5.335209847787181e-16,5.523018108860775e-10,5.537844626959873e-16,4.933304935513725e-16,5.152394870865156e-16,4.715011027855909e-16,5.334624560815576e-16,5.523018108318987e-10,5.172094933000779e-16,1.088454171815957e-12,5.629618091470408e-16,5.839606657837619e-16
1.000032635496585,5.5230162866746e-10,1.0000425568826656,1.0000393793436864,5.984219950881652e-10,4.780694358522831e-10,1.0000393793436868,1.0000393793436866,1.0000393793436864,5.504398373298008e-10,5.697605090047025e-10,5.639666857582913e-10,1.0000393793436848,1.0000390899436706,5.210535488447292e-10,5.210535496780938e-10,5.276367172659684e-10,1.0000386712741762,1.0000387236230137,1.0000388544807162,1.0000393793436857,1.0000382506347567,5.262610978383297e-10,1.1120301646238942e-06,1.0000393793436861,5.523016292234753e-10,5.472882163459951e-10,5.631550211864782e-10,5.667754648613308e-10,1.0944296506156422e-06,1.0000393793436866,5.676349126423555e-10,5.088043564352595e-10,5.2626109701354e-10,4.823908259712822e-10,1.0944296506031203e-06,1.0000393793436873,5.276367176814858e-10,5.523016291144943e-10,5.639666851493944e-10,1.174617262463516e-06
1.0000329201534492,5.523018108596484e-10,1.0000393793436864,1.0000431262036238,5.984221930847769e-10,4.780695971119541e-10,1.0000396640041938,1.0000396640041938,1.0000396640041935,5.504400246545596e-10,5.697607008126332e-10,5.63966870549524e-10,1.0000396640041913,1.000039374604115,5.210537195329434e-10,5.210537204439663e-10,5.276368938615414e-10,1.000038955934532,1.0000390082833808,1.0000391391411105,1.0000396640041938,1.0000385352950238,5.262612744014281e-10,5.599778208311596e-10,1.0000396640041918,5.523018114695337e-10,5.472883976628713e-10,5.631552056832408e-10,5.667756501708614e-10,5.51114844609422e-10,1.0000396640041935,5.676351039148404e-10,5.088045292035879e-10,5.262612738000716e-10,4.823909883155543e-10,5.511148447200917e-10,1.0000396640041935,5.276368944992701e-10,5.523018112981586e-10,5.639668702133142e-10,5.914943986264013e-10
9.544626793178434e-06,1.1771611533044499e-12,5.984219950881652e-10,5.984221930847769e-10,3.4622020585211295e-06,5.034085177287145e-16,5.984221929778026e-10,5.984221930973086e-10,5.984221929778026e-10,5.755868871381613e-16,6.015238715050071e-16,6.09122163859061e-16,5.984221931021597e-10,5.984219919799986e-10,5.628100061519551e-16,5.6284774238419145e-16,5.592220432526381e-16,5.984216994716568e-10,1.1883742855804263e-06,1.1883744736799726e-06,5.984221930973086e-10,1.18837363228545e-06,5.572199290570361e-16,5.886430303352962e-16,5.984221931021597e-10,1.1771611540401245e-12,5.856346870041937e-16,6.082755826507015e-16,6.128295526258895e-16,5.768340167683846e-16,5.984221930738168e-10,5.987412823638032e-16,5.335368512313703e-16,5.570374137927571e-16,5.097448255066468e-16,5.763908298440181e-16,5.984221930973086e-10,5.590245168407691e-16,1.1771611536350477e-12,6.088539021402025e-16,6.316156227052224e-16
9.305628668950261e-06,4.658664384663067e-16,4.780694358522831e-10,4.780695971119541e-10,5.034085177287145e-16,3.4622015672054495e-06,4.7806959715029e-10,4.780695972043282e-10,4.780695971765096e-10,4.498855175151854e-16,4.715538830078178e-16,4.79106536011874e-16,4.780695971207373e-10,4.780694333501413e-10,4.43239364344101e-16,4.429500626278772e-16,4.389120508178518e-16,4.780691947508706e-10,4.780692240388176e-10,4.780693016301365e-10,4.780695971769951e-10,9.493720276215622e-07,4.3678199930673987e-16,4.606469452199944e-16,4.780695971119541e-10,4.660224907017519e-16,4.596268609982926e-16,4.785478680651206e-16,4.8226472162336e-16,4.505612188072442e-16,4.780695971207373e-10,4.692817894896161e-16,4.1743686401864e-16,4.3678199930673987e-16,7.933831800093465e-13,4.507790840736236e-16,4.780695971207373e-10,4.384012095861447e-16,4.660224907017519e-16,4.791256122440486e-16,4.959387950590576e-16
1.0000329201534515,5.523018108318987e-10,1.0000393793436868,1.0000396640041938,5.984221929778026e-10,4.7806959715029e-10,1.0000431262036287,1.0000396640041938,1.0000396640041926,5.504400247696364e-10,5.69760700650671e-10,5.63966870720988e-10,1.0000396640041922,1.0000393746041156,5.210537196302948e-10,5.210537204439663e-10,5.276368939469145e-10,1.0000389559345337,1.0000390082833814,1.0000391391411116,1.0000396640041935,1.0000385352950252,5.262612744014281e-10,5.599778210062682e-10,1.0000396640041926,5.523018115020763e-10,5.472883976628713e-10,5.631552056810937e-10,5.66775650077556e-10,5.511148445798995e-10,1.0000396640041926,5.676351039148404e-10,5.088045292852155e-10,5.262612738000716e-10,4.823909883155543e-10,5.511148447043442e-10,1.000039664004193,5.276368945772934e-10,5.523018113160789e-10,5.639668702498386e-10,5.914943988559036e-10
1.0000329201534521,5.523018108594736e-10,1.0000393793436866,1.0000396640041938,5.984221930973086e-10,4.780695972043282e-10,1.0000396640041938,1.0000431262036287,1.0000396640041935,5.50440024731497e-10,5.697607006877051e-10,5.63966870549524e-10,1.000039664004193,1.0000393746041152,5.210537195768308e-10,5.210537203521898e-10,5.276368939469145e-10,1.0000389559345324,1.0000390082833817,1.0000391391411116,1.0000396640041933,1.0000385352950245,5.262612744014281e-10,5.599778209812485e-10,1.000039664004193,5.523018115020763e-10,5.472883976628713e-10,5.631552056832408e-10,5.66775650077556e-10,5.51114844803897e-10,1.0000396640041926,5.676351037805683e-10,5.088045292035879e-10,5.262612736516513e-10,4.823909882292002e-10,5.51114844725289e-10,1.000039664004193,5.276368945772934e-10,5.523018112889459e-10,5.639668701841227e-10,5.914943986505723e-10
1.0000329201534515,5.523018108318987e-10,1.0000393793436864,1.0000396640041935,5.984221929778026e-10,4.780695971765096e-10,1.0000396640041926,1.0000396640041935,1.0000431262036211,5.504400246294669e-10,5.697607006684986e-10,5.63966870549524e-10,1.0000396640041924,1.0000393746041152,5.210537196302948e-10,5.210537204117882e-10,5.276368938265476e-10,1.000038955934533,1.0000390082833812,1.00003913914111,1.0000396640041935,1.0000385352950236,5.262612744347869e-10,5.599778208311596e-10,1.0000396640041918,5.523018115020763e-10,5.472883976014656e-10,5.63155205699254e-10,5.66775650077556e-10,5.51114844609422e-10,1.0000396640041922,5.676351038570447e-10,5.088045292852155e-10,5.262612738000716e-10,4.823909883155543e-10,5.511148447211159e-10,1.0000396640041929,5.276368945927789e-10,5.523018113356217e-10,5.639668702498386e-10,5.914943986505723e-10
9.449342773711427e-06,5.321368697777261e-16,5.504398373298008e-10,5.504400246545596e-10,5.755868871381613e-16,4.498855175151854e-16,5.504400247696364e-10,5.50440024731497e-10,5.504400246294669e-10,3.4622018062839797e-06,5.388569401904238e-16,5.478438779519514e-16,5.50440024772819e-10,1.0930895555211176e-06,5.064398329999029e-16,5.065933048211826e-16,5.001880541361378e-16,5.504395572937042e-10,5.504395912475485e-10,1.0930892521413814e-06,5.504400246545596e-10,1.093088454543094e-06,4.990918757324965e-16,5.261013771525477e-16,5.50440024772819e-10,5.323890647997529e-16,5.252971220492106e-16,5.464910250936554e-16,5.518042371860067e-16,5.147484789992928e-16,5.504400247728061e-10,5.361932956350392e-16,4.758280775204595e-16,4.987123569364223e-16,4.560440664228587e-16,5.144197285558991e-16,5.504400246294669e-10,5.001880538175454e-16,5.321537743992625e-16,5.477339712498748e-16,5.664938455616879e-16
9.487710188193726e-06,5.567159492980772e-16,5.697605090047025e-10,5.697607008126332e-10,6.015238715050071e-16,4.715538830078178e-16,5.69760700650671e-10,5.697607006877051e-10,5.697607006684986e-10,5.388569401904238e-16,3.4622019004472395e-06,5.722414100314806e-16,5.697607006074028e-10,1.1314574596138533e-06,5.289740839984157e-16,5.290393619814407e-16,5.239646070372368e-16,5.697602226766066e-10,5.697602573895476e-10,1.1314571490076874e-06,5.69760700650671e-10,1.1314563336759081e-06,5.220328167796962e-16,5.5129552090595875e-16,5.697607006877051e-10,5.567159492980772e-16,5.495357551434925e-16,5.714834136214076e-16,1.1440133929603285e-12,5.394151113967887e-16,5.69760700772853e-10,1.1144885918789482e-12,4.991787959189421e-16,5.221360955068047e-16,4.777485247591979e-16,5.395182660053137e-16,5.69760700650671e-10,5.239646070372368e-16,5.567159492980772e-16,5.723021564352086e-16,5.928554241432425e-16
9.476205034449616e-06,5.630463236595848e-16,5.639666857582913e-10,5.63966870549524e-10,6.09122163859061e-16,4.79106536011874e-16,5.63966870720988e-10,5.63966870549524e-10,5.63966870549524e-10,5.478438779519514e-16,5.722414100314806e-16,3.46220193173046e-06,5.639668706049396e-10,5.639666828685777e-10,1.0611707117361789e-12,1.0611707100243282e-12,5.316356229620455e-16,5.639664101007581e-10,5.639664436816714e-10,1.1199515046654362e-06,5.639668706526046e-10,1.1199507197452816e-06,5.295299559594258e-16,5.600212775464806e-16,5.639668707347e-10,5.630412264441652e-16,5.562645540726492e-16,1.1464543764550569e-12,1.1552024684583263e-12,5.487537326685328e-16,5.639668707257177e-10,5.69812639452462e-16,5.071139655007939e-16,5.295855142932013e-16,4.849350814940228e-16,5.486989160165081e-16,5.63966870549524e-10,5.316115127293836e-16,5.630412264441652e-16,1.148015254266458e-12,5.999801860636733e-16
1.0000329201534526,5.523018108594736e-10,1.0000393793436848,1.0000396640041913,5.984221931021597e-10,4.780695971207373e-10,1.0000396640041922,1.000039664004193,1.0000396640041924,5.50440024772819e-10,5.697607006074028e-10,5.639668706049396e-10,1.0000431262036211,1.0000393746041147,5.210537196276166e-10,5.210537204439663e-10,5.276368939304894e-10,1.000038955934531,1.0000390082833794,1.00003913914111,1.0000396640041918,1.0000385352950223,5.26261274368909e-10,5.599778210060989e-10,1.000039664004191,5.523018115020763e-10,5.472883976014656e-10,5.631552056810937e-10,5.66775650077556e-10,5.51114844609422e-10,1.0000396640041922,5.676351039268112e-10,5.088045292648553e-10,5.262612736894523e-10,4.823909883197868e-10,5.511148447211159e-10,1.0000396640041926,5.276368945927789e-10,5.52301811266317e-10,5.639668700825852e-10,5.914943988864229e-10
1.0000326307570737,5.523016257820426e-10,1.0000390899436706,1.000039374604115,5.984219919799986e-10,4.780694333501413e-10,1.0000393746041156,1.0000393746041152,1.0000393746041152,1.0930895555211176e-06,1.1314574596138533e-06,5.639666828685777e-10,1.0000393746041147,1.0000425474035264,5.210535461930754e-10,5.210535470092318e-10,5.276367143221577e-10,1.0000386665346082,1.0000387188834454,1.0000388497411494,1.000039374604115,1.000038245895191,5.262610949645426e-10,5.599776284612281e-10,1.0000393746041145,5.523016263211243e-10,5.472882135664318e-10,1.11833996250959e-06,5.66775462004438e-10,5.511146541575667e-10,1.0000393746041145,1.1272363498819144e-06,5.088043537149049e-10,5.262610941447652e-10,4.823908234364756e-10,5.511146540069708e-10,1.0000393746041154,5.276367147561067e-10,5.52301626222613e-10,5.639666824019876e-10,5.914941992074819e-10
9.390987479691607e-06,5.202211263818147e-16,5.210535488447292e-10,5.210537195329434e-10,5.628100061519551e-16,4.43239364344101e-16,5.210537196302948e-10,5.210537195768308e-10,5.210537196302948e-10,5.064398329999029e-16,5.289740839984157e-16,1.0611707117361789e-12,5.210537196276166e-10,5.210535461930754e-10,3.462201764600214e-06,9.80893201696719e-13,4.913380147496428e-16,5.21053294194531e-10,5.210533253283359e-10,5.210534066870256e-10,5.210537195329434e-10,1.034731859321023e-06,4.895229485813746e-16,5.176555814200591e-16,5.210537196367751e-10,5.205492545360749e-16,5.144113190622085e-16,1.059727460115839e-12,1.0678068675377465e-12,5.072754421674399e-16,5.210537196225316e-10,5.267127954503132e-16,4.69114211092438e-16,4.895229485813746e-16,4.480980980920723e-16,5.072694428418186e-16,5.210537195519581e-10,4.913416246215947e-16,5.203154746537685e-16,1.0611707122307267e-12,5.545673742130137e-16
9.390987479413299e-06,5.203211871006349e-16,5.210535496780938e-10,5.210537204439663e-10,5.6284774238419145e-16,4.429500626278772e-16,5.210537204439663e-10,5.210537203521898e-10,5.210537204117882e-10,5.065933048211826e-16,5.290393619814407e-16,1.0611707100243282e-12,5.210537204439663e-10,5.210535470092318e-10,9.80893201696719e-13,3.462201764600214e-06,4.914492949256509e-16,5.21053295003278e-10,5.210533260460203e-10,5.21053407439984e-10,5.210537203638458e-10,1.0347318608928769e-06,4.896417550828667e-16,5.176555814200591e-16,5.210537203521898e-10,5.202211263818147e-16,5.144113190622085e-16,1.059727458407427e-12,1.0678068658423952e-12,5.073327684971795e-16,5.210537203619515e-10,5.267126635965528e-16,4.689888842003933e-16,4.896417550828667e-16,4.481564640084908e-16,5.072694428418186e-16,5.210537204085386e-10,4.913836170374031e-16,5.205618483800186e-16,1.0611707105188774e-12,5.545673742130137e-16
9.404060178847869e-06,5.170354211448603e-16,5.276367172659684e-10,5.276368938615414e-10,5.592220432526381e-16,4.389120508178518e-16,5.276368939469145e-10,5.276368939469145e-10,5.276368938265476e-10,5.001880541361378e-16,5.239646070372368e-16,5.316356229620455e-16,5.276368939304894e-10,5.276367143221577e-10,4.913380147496428e-16,4.914492949256509e-16,3.462201751173995e-06,1.0478055146844e-06,5.27636485002506e-10,5.276365698825508e-10,5.276368939469145e-10,1.047804994727523e-06,4.85125709782139e-16,5.12100070366088e-16,5.276368938144939e-10,5.168558609935517e-16,5.108953246459656e-16,5.309648392779757e-16,5.348629996216851e-16,5.011659164684218e-16,5.276368939469145e-10,5.212896638660973e-16,4.637083703121045e-16,4.851742691437949e-16,4.4390560221234956e-16,5.010422106562438e-16,5.276368938144939e-10,9.669558221081561e-13,5.168558609935517e-16,5.316115127293836e-16,1.0931705040609426e-12
1.0000322120928167,5.523013564301321e-10,1.0000386712741762,1.000038955934532,5.984216994716568e-10,4.780691947508706e-10,1.0000389559345337,1.0000389559345324,1.000038955934533,5.504395572937042e-10,5.697602226766066e-10,5.639664101007581e-10,1.000038955934531,1.0000386665346082,5.21053294194531e-10,5.21053295003278e-10,1.0478055146844e-06,1.0000417100646657,1.0000383002140643,1.0000384310717318,1.0000389559345333,1.0000378272259596,1.0450737457732533e-06,1.1120296025589197e-06,1.0000389559345315,5.523013569903003e-10,1.0868303792647134e-06,5.631547457979604e-10,5.667751880639422e-10,5.511143770160975e-10,1.000038955934532,5.676346271050522e-10,1.010407333769119e-06,1.0450737441014256e-06,4.823905837879002e-10,5.511143770471569e-10,1.0000389559345333,1.047805516021812e-06,5.523013568595622e-10,5.639664095256381e-10,1.1746166798524163e-06
1.0000322644409865,1.0967863131701236e-06,1.0000387236230137,1.0000390082833808,1.1883742855804263e-06,4.780692240388176e-10,1.0000390082833814,1.0000390082833817,1.0000390082833812,5.504395912475485e-10,5.697602573895476e-10,5.639664436816714e-10,1.0000390082833794,1.0000387188834454,5.210533253283359e-10,5.210533260460203e-10,5.27636485002506e-10,1.0000383002140643,1.0000418147623065,1.0000384834205593,1.0000390082833803,1.0000378795747615,5.262608661072797e-10,5.59977382870382e-10,1.0000390082833803,1.0967863143301683e-06,5.472879785903303e-10,5.63154779251358e-10,5.667752217830197e-10,5.511144109636334e-10,1.0000390082833812,5.676346618392632e-10,5.088041295761088e-10,5.262608651835998e-10,4.823906131020838e-10,5.511144110684618e-10,1.0000390082833817,5.276364857081766e-10,1.0967863140969706e-06,5.63966443155377e-10,5.914939445580802e-10
1.0000323952971295,5.523014765718002e-10,1.0000388544807162,1.0000391391411105,1.1883744736799726e-06,4.780693016301365e-10,1.0000391391411116,1.0000391391411116,1.00003913914111,1.0930892521413814e-06,1.1314571490076874e-06,1.1199515046654362e-06,1.00003913914111,1.0000388497411494,5.210534066870256e-10,5.21053407439984e-10,5.276365698825508e-10,1.0000384310717318,1.0000384834205593,1.0000420764776585,1.0000391391411105,1.0000380104323918,5.262609508623632e-10,5.599774740238861e-10,1.0000391391411096,5.523014773878368e-10,5.472880653908416e-10,5.631548673081029e-10,1.1255293098560606e-06,1.0944293411756355e-06,1.0000391391411092,1.127236040113422e-06,5.088042128055644e-10,5.262609500174353e-10,4.823906910395172e-10,1.094429341163113e-06,1.0000391391411096,5.276365705203667e-10,5.523014770354875e-10,1.1199515036651212e-06,5.914940386940008e-10
1.0000329201534501,5.523018108594736e-10,1.0000393793436857,1.0000396640041938,5.984221930973086e-10,4.780695971769951e-10,1.0000396640041935,1.0000396640041933,1.0000396640041935,5.504400246545596e-10,5.69760700650671e-10,5.639668706526046e-10,1.0000396640041918,1.000039374604115,5.210537195329434e-10,5.210537203638458e-10,5.276368939469145e-10,1.0000389559345333,1.0000390082833803,1.0000391391411105,1.0000431262036238,1.0000385352950238,5.262612744014281e-10,5.599778210078027e-10,1.0000396640041926,5.523018115020763e-10,5.472883976949876e-10,5.631552057373334e-10,5.667756501462801e-10,5.511148446115521e-10,1.0000396640041926,5.676351039268112e-10,5.088045292852155e-10,5.262612736519867e-10,4.823909883188667e-10,5.511148447616402e-10,1.0000396640041929,5.276368946017384e-10,5.523018113160863e-10,5.63966870225627e-10,5.914943989097993e-10
1.000031791458675,1.0967857116005694e-06,1.0000382506347567,1.0000385352950238,1.18837363228545e-06,9.493720276215622e-07,1.0000385352950252,1.0000385352950245,1.0000385352950236,1.093088454543094e-06,1.1314563336759081e-06,1.1199507197452816e-06,1.0000385352950223,1.000038245895191,1.034731859321023e-06,1.0347318608928769e-06,1.047804994727523e-06,1.0000378272259596,1.0000378795747615,1.0000380104323918,1.0000385352950238,1.0000408687862168,1.04507322662784e-06,1.112029045477852e-06,1.000038535295024,1.096785712760611e-06,1.0868298462383942e-06,1.1183388791945809e-06,1.1255285224394235e-06,1.0944285431429463e-06,1.000038535295025,1.1272352268605182e-06,1.0104068258048687e-06,1.0450732249560122e-06,9.57953643707456e-07,1.0944285431304242e-06,1.000038535295025,1.0478049960649349e-06,1.0967857125274162e-06,1.1199507187449685e-06,1.1746161022719523e-06
9.401328441908075e-06,5.152262966019123e-16,5.262610978383297e-10,5.262612744014281e-10,5.572199290570361e-16,4.3678199930673987e-16,5.262612744014281e-10,5.262612744014281e-10,5.262612744347869e-10,4.990918757324965e-16,5.220328167796962e-16,5.295299559594258e-16,5.26261274368909e-10,5.262610949645426e-10,4.895229485813746e-16,4.896417550828667e-16,4.85125709782139e-16,1.0450737457732533e-06,5.262608661072797e-10,5.262609508623632e-10,5.262612744014281e-10,1.04507322662784e-06,3.462201746552091e-06,5.100845000907274e-16,5.262612743855962e-10,5.152262966019123e-16,1.0103316613559809e-12,5.289490939890484e-16,5.331658754641605e-16,4.994245166451448e-16,5.26261274368909e-10,5.195912190291199e-16,4.617919108677798e-16,9.600320668034056e-13,4.419068010500976e-16,4.993185789518123e-16,5.262612744717788e-10,4.85125709782139e-16,5.152262966019123e-16,5.295777855077124e-16,5.486739680942717e-16
9.468283134955199e-06,5.444530582762636e-16,1.1120301646238942e-06,5.599778208311596e-10,5.886430303352962e-16,4.606469452199944e-16,5.599778210062682e-10,5.599778209812485e-10,5.599778208311596e-10,5.261013771525477e-16,5.5129552090595875e-16,5.600212775464806e-16,5.599778210060989e-10,5.599776284612281e-10,5.176555814200591e-16,5.176555814200591e-16,5.12100070366088e-16,1.1120296025589197e-06,5.59977382870382e-10,5.599774740238861e-10,5.599778210078027e-10,1.112029045477852e-06,5.100845000907274e-16,3.4622018531546194e-06,5.599778211046772e-10,5.441985452284973e-16,5.370060409655068e-16,5.5913953161107025e-16,5.636657837192802e-16,5.264675709803623e-16,5.599778209193966e-10,5.483743328870798e-16,4.873571103656737e-16,5.101398430610984e-16,4.667323292845612e-16,5.26405547062886e-16,5.599778208311596e-10,5.120262147253894e-16,5.44607564107718e-16,5.600212775464806e-16,1.1505858849515445e-12
1.0000329201534521,5.523018108318987e-10,1.0000393793436861,1.0000396640041918,5.984221931021597e-10,4.780695971119541e-10,1.0000396640041926,1.000039664004193,1.0000396640041918,5.50440024772819e-10,5.697607006877051e-10,5.639668707347e-10,1.000039664004191,1.0000393746041145,5.210537196367751e-10,5.210537203521898e-10,5.276368938144939e-10,1.0000389559345315,1.0000390082833803,1.0000391391411096,1.0000396640041926,1.000038535295024,5.262612743855962e-10,5.599778211046772e-10,1.000043126203624,5.523018114583862e-10,5.47288397632786e-10,5.63155205671189e-10,5.667756501708614e-10,5.511148447489971e-10,1.0000396640041926,5.676351038563651e-10,5.088045292035879e-10,5.262612736894523e-10,4.823909883155543e-10,5.51114844637833e-10,1.000039664004193,5.276368945263311e-10,5.523018113252494e-10,5.639668701773395e-10,5.914943987775919e-10
9.453040304270112e-06,1.088454172190747e-12,5.523016292234753e-10,5.523018114695337e-10,1.1771611540401245e-12,4.660224907017519e-16,5.523018115020763e-10,5.523018115020763e-10,5.523018115020763e-10,5.323890647997529e-16,5.567159492980772e-16,5.630412264441652e-16,5.523018115020763e-10,5.523016263211243e-10,5.205492545360749e-16,5.202211263818147e-16,5.168558609935517e-16,5.523013569903003e-10,1.0967863143301683e-06,5.523014773878368e-10,5.523018115020763e-10,1.096785712760611e-06,5.152262966019123e-16,5.441985452284973e-16,5.523018114583862e-10,3.462201870267766e-06,5.416702362219439e-16,5.623257665421788e-16,5.666017594243528e-16,5.334624560815576e-16,5.523018114695337e-10,5.540419990467447e-16,4.933075164494217e-16,5.154627293184273e-16,4.715119012380178e-16,5.334624560815576e-16,5.523018114583862e-10,5.168558609935517e-16,1.0884541725090351e-12,5.630412264441652e-16,5.839528629000154e-16
9.443084548444113e-06,5.4160019729711585e-16,5.472882163459951e-10,5.472883976628713e-10,5.856346870041937e-16,4.596268609982926e-16,5.472883976628713e-10,5.472883976628713e-10,5.472883976014656e-10,5.252971220492106e-16,5.495357551434925e-16,5.562645540726492e-16,5.472883976014656e-10,5.472882135664318e-10,5.144113190622085e-16,5.144113190622085e-16,5.108953246459656e-16,1.0868303792647134e-06,5.472879785903303e-10,5.472880653908416e-10,5.472883976949876e-10,1.0868298462383942e-06,1.0103316613559809e-12,5.370060409655068e-16,5.47288397632786e-10,5.416702362219439e-16,3.4622018461405768e-06,5.555054169406486e-16,5.59515680971919e-16,5.269378010690121e-16,5.47288397632786e-10,5.468130778992286e-16,9.668072782703034e-13,1.0103316613336044e-12,9.24457497252468e-13,5.269378010690121e-16,5.472883976791828e-10,5.10803726923539e-16,5.414032480363351e-16,5.56147437351623e-16,5.770003980931376e-16
9.47459321822573e-06,5.622752325084773e-16,5.631550211864782e-10,5.631552056832408e-10,6.082755826507015e-16,4.785478680651206e-16,5.631552056810937e-10,5.631552056832408e-10,5.63155205699254e-10,5.464910250936554e-16,5.714834136214076e-16,1.1464543764550569e-12,5.631552056810937e-10,1.11833996250959e-06,1.059727460115839e-12,1.059727458407427e-12,5.309648392779757e-16,5.631547457979604e-10,5.63154779251358e-10,5.631548673081029e-10,5.631552057373334e-10,1.1183388791945809e-06,5.289490939890484e-16,5.5913953161107025e-16,5.63155205671189e-10,5.623257665421788e-16,5.555054169406486e-16,3.462201930276624e-06,1.1536305125219798e-12,5.478437166441187e-16,5.631552056340704e-10,5.688770155469176e-16,5.068231650170647e-16,5.289038684461236e-16,4.841994236391275e-16,5.480199238939545e-16,5.63155205699254e-10,5.307360374833085e-16,5.622837760007218e-16,1.1464543769938847e-12,5.992497979304911e-16
9.481782770586625e-06,5.666017594243528e-16,5.667754648613308e-10,5.667756501708614e-10,6.128295526258895e-16,4.8226472162336e-16,5.66775650077556e-10,5.66775650077556e-10,5.66775650077556e-10,5.518042371860067e-16,1.1440133929603285e-12,1.1552024684583263e-12,5.66775650077556e-10,5.66775462004438e-10,1.0678068675377465e-12,1.0678068658423952e-12,5.348629996216851e-16,5.667751880639422e-10,5.667752217830197e-10,1.1255293098560606e-06,5.667756501462801e-10,1.1255285224394235e-06,5.331658754641605e-16,5.636657837192802e-16,5.667756501708614e-10,5.666017594243528e-16,5.59515680971919e-16,1.1536305125219798e-12,3.46220194510773e-06,5.523065357819735e-16,5.667756502289009e-10,5.734758986739827e-16,5.10626814018885e-16,5.329296491058138e-16,4.879284961448942e-16,5.521884806794652e-16,5.667756501529536e-10,5.348629996216851e-16,5.664346399975833e-16,1.1552024689870088e-12,6.038298133227272e-16
9.45068284384155e-06,5.335209847787181e-16,1.0944296506156422e-06,5.51114844609422e-10,5.768340167683846e-16,4.505612188072442e-16,5.511148445798995e-10,5.51114844803897e-10,5.51114844609422e-10,5.147484789992928e-16,5.394151113967887e-16,5.487537326685328e-16,5.51114844609422e-10,5.511146541575667e-10,5.072754421674399e-16,5.073327684971795e-16,5.011659164684218e-16,5.511143770160975e-10,5.511144109636334e-10,1.0944293411756355e-06,5.511148446115521e-10,1.0944285431429463e-06,4.994245166451448e-16,5.264675709803623e-16,5.511148447489971e-10,5.334624560815576e-16,5.269378010690121e-16,5.478437166441187e-16,5.523065357819735e-16,3.46220180739757e-06,5.511148448310248e-10,5.367055268639436e-16,4.771400669548553e-16,4.993213445247128e-16,4.570858982503459e-16,5.146306254831953e-16,5.51114844609422e-10,5.01223686297293e-16,5.335035235735676e-16,5.487802695946856e-16,5.67562895841749e-16
1.0000329201534497,5.523018108860775e-10,1.0000393793436866,1.0000396640041935,5.984221930738168e-10,4.780695971207373e-10,1.0000396640041926,1.0000396640041926,1.0000396640041922,5.504400247728061e-10,5.69760700772853e-10,5.639668707257177e-10,1.0000396640041922,1.0000393746041145,5.210537196225316e-10,5.210537203619515e-10,5.276368939469145e-10,1.000038955934532,1.0000390082833812,1.0000391391411092,1.0000396640041926,1.000038535295025,5.26261274368909e-10,5.599778209193966e-10,1.0000396640041926,5.523018114695337e-10,5.47288397632786e-10,5.631552056340704e-10,5.667756502289009e-10,5.511148448310248e-10,1.0000431262036205,5.676351038130219e-10,5.088045292528082e-10,5.262612737657997e-10,4.823909882940223e-10,5.511148447211159e-10,1.0000396640041935,5.276368945441305e-10,5.523018114036024e-10,5.639668700759166e-10,5.914943986264013e-10
9.483489130734531e-06,5.537844626959873e-16,5.676349126423555e-10,5.676351039148404e-10,5.987412823638032e-16,4.692817894896161e-16,5.676351039148404e-10,5.676351037805683e-10,5.676351038570447e-10,5.361932956350392e-16,1.1144885918789482e-12,5.69812639452462e-16,5.676351039268112e-10,1.1272363498819144e-06,5.267127954503132e-16,5.267126635965528e-16,5.212896638660973e-16,5.676346271050522e-10,5.676346618392632e-10,1.127236040113422e-06,5.676351039268112e-10,1.1272352268605182e-06,5.195912190291199e-16,5.483743328870798e-16,5.676351038563651e-10,5.540419990467447e-16,5.468130778992286e-16,5.688770155469176e-16,5.734758986739827e-16,5.367055268639436e-16,5.676351038130219e-10,3.462201893288211e-06,4.966655384477022e-16,5.194988014887994e-16,4.750761685593115e-16,5.369785961183772e-16,5.676351039148404e-10,5.212896638660973e-16,5.536984663234904e-16,5.696782812156941e-16,5.897333287041382e-16
9.366662459981739e-06,4.933304935513725e-16,5.088043564352595e-10,5.088045292035879e-10,5.335368512313703e-16,4.1743686401864e-16,5.088045292852155e-10,5.088045292035879e-10,5.088045292852155e-10,4.758280775204595e-16,4.991787959189421e-16,5.071139655007939e-16,5.088045292648553e-10,5.088043537149049e-10,4.69114211092438e-16,4.689888842003933e-16,4.637083703121045e-16,1.010407333769119e-06,5.088041295761088e-10,5.088042128055644e-10,5.088045292852155e-10,1.0104068258048687e-06,4.617919108677798e-16,4.873571103656737e-16,5.088045292035879e-10,4.933075164494217e-16,9.668072782703034e-13,5.068231650170647e-16,5.10626814018885e-16,4.771400669548553e-16,5.088045292528082e-10,4.966655384477022e-16,3.4622016580721252e-06,4.617919108677798e-16,4.2305011466766525e-16,4.768410640254211e-16,5.088045292528082e-10,4.639961146516856e-16,4.934130880255665e-16,5.071946684305809e-16,5.244857831714744e-16
9.401328441036346e-06,5.152394870865156e-16,5.2626109701354e-10,5.262612738000716e-10,5.570374137927571e-16,4.3678199930673987e-16,5.262612738000716e-10,5.262612736516513e-10,5.262612738000716e-10,4.987123569364223e-16,5.221360955068047e-16,5.295855142932013e-16,5.262612736894523e-10,5.262610941447652e-10,4.895229485813746e-16,4.896417550828667e-16,4.851742691437949e-16,1.0450737441014256e-06,5.262608651835998e-10,5.262609500174353e-10,5.262612736519867e-10,1.0450732249560122e-06,9.600320668034056e-13,5.101398430610984e-16,5.262612736894523e-10,5.154627293184273e-16,1.0103316613336044e-12,5.289038684461236e-16,5.329296491058138e-16,4.993213445247128e-16,5.262612737657997e-10,5.194988014887994e-16,4.617919108677798e-16,3.462201746552091e-06,4.4207306622953443e-16,4.993185789518123e-16,5.262612736516513e-10,4.852037003352006e-16,5.154175630202861e-16,5.296837682082068e-16,5.486116017090388e-16
9.314210189050302e-06,4.715011027855909e-16,4.823908259712822e-10,4.823909883155543e-10,5.097448255066468e-16,7.933831800093465e-13,4.823909883155543e-10,4.823909882292002e-10,4.823909883155543e-10,4.560440664228587e-16,4.777485247591979e-16,4.849350814940228e-16,4.823909883197868e-10,4.823908234364756e-10,4.480980980920723e-16,4.481564640084908e-16,4.4390560221234956e-16,4.823905837879002e-10,4.823906131020838e-10,4.823906910395172e-10,4.823909883188667e-10,9.57953643707456e-07,4.419068010500976e-16,4.667323292845612e-16,4.823909883155543e-10,4.715119012380178e-16,9.24457497252468e-13,4.841994236391275e-16,4.879284961448942e-16,4.570858982503459e-16,4.823909882940223e-10,4.750761685593115e-16,4.2305011466766525e-16,4.4207306622953443e-16,3.462201587129803e-06,4.570858982503459e-16,4.823909883197868e-10,4.4390560221234956e-16,4.715119012380178e-16,4.848356882743345e-16,5.022620828170787e-16
9.450682846623883e-06,5.334624560815576e-16,1.0944296506031203e-06,5.511148447200917e-10,5.763908298440181e-16,4.507790840736236e-16,5.511148447043442e-10,5.51114844725289e-10,5.511148447211159e-10,5.144197285558991e-16,5.395182660053137e-16,5.486989160165081e-16,5.511148447211159e-10,5.511146540069708e-10,5.072694428418186e-16,5.072694428418186e-16,5.010422106562438e-16,5.511143770471569e-10,5.511144110684618e-10,1.094429341163113e-06,5.511148447616402e-10,1.0944285431304242e-06,4.993185789518123e-16,5.26405547062886e-16,5.51114844637833e-10,5.334624560815576e-16,5.269378010690121e-16,5.480199238939545e-16,5.521884806794652e-16,5.146306254831953e-16,5.511148447211159e-10,5.369785961183772e-16,4.768410640254211e-16,4.993185789518123e-16,4.570858982503459e-16,3.46220180739757e-06,5.51114844637833e-10,5.01245066991449e-16,5.335209847787181e-16,5.487537326685328e-16,5.674104305688587e-16
1.0000329201534497,5.523018108318987e-10,1.0000393793436873,1.0000396640041935,5.984221930973086e-10,4.780695971207373e-10,1.000039664004193,1.000039664004193,1.0000396640041929,5.504400246294669e-10,5.69760700650671e-10,5.63966870549524e-10,1.0000396640041926,1.0000393746041154,5.210537195519581e-10,5.210537204085386e-10,5.276368938144939e-10,1.0000389559345333,1.0000390082833817,1.0000391391411096,1.0000396640041929,1.000038535295025,5.262612744717788e-10,5.599778208311596e-10,1.000039664004193,5.523018114583862e-10,5.472883976791828e-10,5.63155205699254e-10,5.667756501529536e-10,5.51114844609422e-10,1.0000396640041935,5.676351039148404e-10,5.088045292528082e-10,5.262612736516513e-10,4.823909883197868e-10,5.51114844637833e-10,1.0000431262036253,5.276368945927789e-10,5.523018113160789e-10,5.639668702704908e-10,5.914943987775919e-10
9.404060180239983e-06,5.172094933000779e-16,5.276367176814858e-10,5.276368944992701e-10,5.590245168407691e-16,4.384012095861447e-16,5.276368945772934e-10,5.276368945772934e-10,5.276368945927789e-10,5.001880538175454e-16,5.239646070372368e-16,5.316115127293836e-16,5.276368945927789e-10,5.276367147561067e-10,4.913416246215947e-16,4.913836170374031e-16,9.669558221081561e-13,1.047805516021812e-06,5.276364857081766e-10,5.276365705203667e-10,5.276368946017384e-10,1.0478049960649349e-06,4.85125709782139e-16,5.120262147253894e-16,5.276368945263311e-10,5.168558609935517e-16,5.10803726923539e-16,5.307360374833085e-16,5.348629996216851e-16,5.01223686297293e-16,5.276368945441305e-10,5.212896638660973e-16,4.639961146516856e-16,4.852037003352006e-16,4.4390560221234956e-16,5.01245066991449e-16,5.276368945927789e-10,3.4622017515534574e-06,5.168558609935517e-16,5.316111645229719e-16,1.0931705028814366e-12
9.453040304254304e-06,1.088454171815957e-12,5.523016291144943e-10,5.523018112981586e-10,1.1771611536350477e-12,4.660224907017519e-16,5.523018113160789e-10,5.523018112889459e-10,5.523018113356217e-10,5.321537743992625e-16,5.567159492980772e-16,5.630412264441652e-16,5.52301811266317e-10,5.52301626222613e-10,5.203154746537685e-16,5.205618483800186e-16,5.168558609935517e-16,5.523013568595622e-10,1.0967863140969706e-06,5.523014770354875e-10,5.523018113160863e-10,1.0967857125274162e-06,5.152262966019123e-16,5.44607564107718e-16,5.523018113252494e-10,1.0884541725090351e-12,5.414032480363351e-16,5.622837760007218e-16,5.664346399975833e-16,5.335035235735676e-16,5.523018114036024e-10,5.536984663234904e-16,4.934130880255665e-16,5.154175630202861e-16,4.715119012380178e-16,5.335209847787181e-16,5.523018113160789e-10,5.168558609935517e-16,3.4622018727888076e-06,5.630463236595848e-16,5.83748865897431e-16
9.476205033115683e-06,5.629618091470408e-16,5.639666851493944e-10,5.639668702133142e-10,6.088539021402025e-16,4.791256122440486e-16,5.639668702498386e-10,5.639668701841227e-10,5.639668702498386e-10,5.477339712498748e-16,5.723021564352086e-16,1.148015254266458e-12,5.639668700825852e-10,5.639666824019876e-10,1.0611707122307267e-12,1.0611707105188774e-12,5.316115127293836e-16,5.639664095256381e-10,5.63966443155377e-10,1.1199515036651212e-06,5.63966870225627e-10,1.1199507187449685e-06,5.295777855077124e-16,5.600212775464806e-16,5.639668701773395e-10,5.630412264441652e-16,5.56147437351623e-16,1.1464543769938847e-12,1.1552024689870088e-12,5.487802695946856e-16,5.639668700759166e-10,5.696782812156941e-16,5.071946684305809e-16,5.296837682082068e-16,4.848356882743345e-16,5.487537326685328e-16,5.639668702704908e-10,5.316111645229719e-16,5.630463236595848e-16,3.462201932003968e-06,6.000846798282965e-16
9.530869426660652e-06,5.839606657837619e-16,1.174617262463516e-06,5.914943986264013e-10,6.316156227052224e-16,4.959387950590576e-16,5.914943988559036e-10,5.914943986505723e-10,5.914943986505723e-10,5.664938455616879e-16,5.928554241432425e-16,5.999801860636733e-16,5.914943988864229e-10,5.914941992074819e-10,5.545673742130137e-16,5.545673742130137e-16,1.0931705040609426e-12,1.1746166798524163e-06,5.914939445580802e-10,5.914940386940008e-10,5.914943989097993e-10,1.1746161022719523e-06,5.486739680942717e-16,1.1505858849515445e-12,5.914943987775919e-10,5.839528629000154e-16,5.770003980931376e-16,5.992497979304911e-16,6.038298133227272e-16,5.67562895841749e-16,5.914943986264013e-10,5.897333287041382e-16,5.244857831714744e-16,5.486116017090388e-16,5.022620828170787e-16,5.674104305688587e-16,5.914943987775919e-10,1.0931705028814366e-12,5.83748865897431e-16,6.000846798282965e-16,3.46220201849972e-06
