0.9999999975750573,1.0000090091250735,1.00000944636453,-1.7968859121089177e-06,-2.6117545352465557e-06,-9.660420634168158e-07,-2.37313594562503e-06,1.0000087326912512,-1.931691356855817e-06,1.0000087326912395,-1.796885912121821e-06,-1.7084643875302336e-06,-1.7842026410671328e-06,1.000008732691257,-1.2554617919012762e-06,-1.5724226883765982e-06,-2.3826728543148185e-06,-1.9316913583176707e-06,-1.597447846941789e-06,-1.7972187867643173e-06,-1.7968858943577289e-06,-1.42605886981391e-06,-2.692540449936156e-06,-1.7972187867244585e-06,1.0000087326912512,-1.7842026411628952e-06,-1.2554617918987075e-06,1.0000091192673322,-1.6702728161355668e-06,-9.660420576558097e-07,1.0000087326912512,-1.4260588674928613e-06,-1.7968859151615408e-06,-1.931691358337741e-06,-1.5724226669649578e-06,-1.7968859160908613e-06,1.0000091531943103,-1.6702728139082083e-06,1.0000097088661541,-2.282255946097209e-06,-1.784202641444762e-06,-1.6702728146583053e-06,-1.9316913583266835e-06,1.0000097593619341,-1.5974478612218583e-06,-1.93169135837412e-06,-1.2554617919014305e-06,-2.3731359456660597e-06,-1.7842026410579696e-06,-1.931691356888053e-06,-1.5974478602968085e-06,-1.931691358329109e-06,1.0000090091250802,-1.4260588675307917e-06,1.0000087326912395,-1.9126807797244768e-06,-1.931691358335534e-06
1.0000090091250735,1.0000150053044636,1.0000189641122865,-7.314384778186432e-11,-8.981634679010718e-07,3.0658370506131683e-10,-3.4830408042487647e-10,1.000018306354462,-1.385253673995836e-10,1.0000183063544634,-7.314384492618852e-11,-3.5163871374923396e-11,-6.914534857372638e-11,1.0000183063544628,1.7891917801971158e-10,2.7275457325001734e-11,-3.466240614759723e-10,-1.385253688513869e-10,1.981318595655275e-08,-7.473763816654104e-11,-7.314384686987758e-11,9.688644242371484e-11,-8.649107554523682e-07,-7.473763776575305e-11,1.0000183063544619,-6.91453488215762e-11,1.7891917897651204e-10,1.0000186748228481,-1.8413835703582447e-11,3.0658370670234913e-10,1.0000183063544648,9.688644400406293e-11,-7.314384748705009e-11,-1.3852536849999129e-10,2.7275453789637102e-11,-7.314384682522826e-11,1.0000187204957245,-1.8413835974514354e-11,1.000019173331716,-3.023869359679613e-10,-6.914534905259823e-11,-1.8413834693557815e-11,-1.385253668663294e-10,1.0000192135411514,1.9813187737235756e-08,-1.385253680208244e-10,1.7891917809329446e-10,-3.4830408140302995e-10,-6.914534914269783e-11,-1.3852536698718902e-10,1.9813185040610713e-08,-1.385253673537668e-10,1.0000185887064958,9.68864416835345e-11,1.0000183063544654,-2.3709642158141492e-07,-1.3852536758356337e-10
1.00000944636453,1.0000189641122865,1.0000157817167736,-1.4436977305252521e-07,-9.225337150892356e-07,3.236041933157768e-10,-3.534815865502203e-10,1.0000186869782277,-1.3885436033210402e-10,1.0000186869782286,-1.4436977119793056e-07,-6.487225332783736e-08,-6.775177986744657e-11,1.0000186869782286,1.8779109170417115e-10,3.295316976591079e-11,-7.052860207160876e-07,-1.3885436223574944e-10,3.5537529822363055e-08,-7.353780158122641e-11,-1.4436977151260587e-07,1.0385934080475346e-10,-9.420705076596794e-07,-7.353780116884572e-11,1.0000186869782282,-6.775178040450072e-11,1.877910920683946e-10,1.0000190607977533,-2.9763685077008602e-08,3.236041948912281e-10,1.0000186869782302,1.0385934193339894e-10,-1.4436977189947612e-07,-1.388543614252191e-10,3.295316700793798e-11,-1.4436977222063534e-07,1.000019100684851,-2.9763684146452314e-08,1.000019597240508,-6.130453775710693e-07,-6.775178211958913e-11,-2.9763683777682028e-08,-1.388543607805197e-10,1.0000196418263643,3.553753160306241e-08,-1.3885436246405868e-10,1.8779109235158858e-10,-3.5348158777052393e-10,-6.775178035083149e-11,-1.3885436135862658e-10,3.553752890648549e-08,-1.388543605734718e-10,1.000018964112264,1.0385934076357191e-10,1.0000186869782315,-2.4575410777786006e-07,-1.3885436120861326e-10
-1.7968859121089177e-06,-7.314384778186432e-11,-1.4436977305252521e-07,-3.5902565433145387e-06,-1.0137694093886586e-11,6.734783978613384e-12,-5.0576804048915626e-12,-6.910772661923856e-11,-2.5796855308911748e-12,-6.910772641289187e-11,-6.800065235151521e-09,-1.547864136523518e-12,-1.6822293811859893e-12,-6.910772641289187e-11,2.2436228682929754e-12,4.835035919530308e-13,-6.958475365922196e-12,-2.5796855308668295e-12,6.120599826480645e-13,-1.8079171902413893e-12,-6.800065235140052e-09,1.195032435811135e-12,-5.124093046936976e-08,-1.8079154984897938e-12,-6.910772553833288e-11,-1.6822280219936255e-12,2.2436231044405324e-12,-1.4239330060053712e-07,-1.0437371789292116e-12,6.7347839786133975e-12,-6.910772661923856e-11,1.1950327314250939e-12,-6.800065235149335e-09,-2.5796865764313976e-12,4.835036964817949e-13,-6.800065235133561e-09,-1.4505121929903703e-07,-1.0437372863498708e-12,-1.4228271970365302e-07,-5.9032588596673e-12,-1.682229586281986e-12,-1.0437376356578284e-12,-2.579685530866836e-12,-1.4105456536551608e-07,6.12060591440609e-13,-2.5796867132759718e-12,2.2436228682928005e-12,-5.057680200626821e-12,-1.682229389519086e-12,-2.5796855308667984e-12,6.120599826480582e-13,-2.5796867147339293e-12,-7.314384634443063e-11,1.19503094334848e-12,-6.910772601175892e-11,-6.3752656601183605e-12,-2.5796862861273303e-12
-2.6117545352465557e-06,-8.981634679010718e-07,-9.225337150892356e-07,-1.0137694093886586e-11,-3.6187455080863623e-06,8.87205789943928e-09,-1.0225368710303685e-11,-4.4179010954901747e-10,-6.959227357181746e-12,-4.41790109551605e-10,-1.0137694804277885e-11,-1.4430344591705729e-08,-6.022868187959447e-12,-4.4179010970474207e-10,-1.8589371434583917e-12,-3.76821104372695e-12,-2.554676727863352e-08,-6.959227357181746e-12,-1.1611727037147011e-08,-5.9592103466726985e-12,-1.01376943494449e-11,-3.360379165031179e-12,-7.345810127936838e-08,-5.959209230989367e-12,-4.4179010958952827e-10,-6.022869315631362e-12,-1.8589374396133207e-12,-4.520267025074239e-10,-1.3494752930059659e-08,8.872057899389594e-09,-4.417901095487576e-10,-3.3603792905278295e-12,-1.0137693399075356e-11,-6.959227940690904e-12,-3.76821034984423e-12,-1.0137694802728755e-11,-4.5305695328273677e-10,-1.3494752930061543e-08,-9.411892339160579e-07,-2.4636027413429236e-08,-6.0228696034763795e-12,-1.3494752930076492e-08,-6.959227357181746e-12,-9.421164184705935e-07,-1.1611727037168352e-08,-6.959227357181758e-12,-1.8589374396133207e-12,-1.022537017692774e-11,-6.022868187959459e-12,-6.95922794069091e-12,-1.1611727037132095e-08,-6.959227941303998e-12,-8.981634679009075e-07,-3.3603785314755594e-12,-4.417901095948775e-10,-2.7765389706448397e-08,-6.9592279406293035e-12
-9.660420634168158e-07,3.0658370506131683e-10,3.236041933157768e-10,6.734783978613384e-12,8.87205789943928e-09,-3.5700616937774765e-06,3.64130375789098e-12,3.0163962991714324e-10,3.810862321080261e-12,3.016396308681782e-10,6.7347834826941934e-12,6.3793917987807965e-12,4.208514630976457e-12,3.016396314644564e-10,6.0958921945773664e-12,5.487696281372816e-12,7.733239872316033e-09,3.810861695829481e-12,8.24739654526685e-12,3.933153241876804e-12,6.734783510379031e-12,6.197362972481968e-12,-6.156692660563774e-10,3.933153135670724e-12,3.016396312014747e-10,4.208515293290296e-12,6.095892494751165e-12,3.1034699282845487e-10,6.717434778041211e-12,1.3406690403798239e-08,3.0163963082527744e-10,6.197362972471773e-12,6.734784088266979e-12,3.810862321080261e-12,5.4876963229317415e-12,6.734783978613384e-12,3.0931692237597643e-10,6.717436682349604e-12,6.714684533619649e-07,5.12655428892986e-12,4.208514630976457e-12,6.7174366823498404e-12,3.810861206095009e-12,6.7490321886321e-07,8.247395418395285e-12,3.810862321080258e-12,6.0958921945773664e-12,3.641303949345748e-12,4.208514630976455e-12,3.810861695829481e-12,8.247395418395315e-12,3.810861206095009e-12,3.065837048514574e-10,6.1973629726306856e-12,3.0163962991448866e-10,1.1460101045751188e-08,3.810862321080261e-12
-2.37313594562503e-06,-3.4830408042487647e-10,-3.534815865502203e-10,-5.0576804048915626e-12,-1.0225368710303685e-11,3.64130375789098e-12,-3.594983296318879e-06,-3.434067867572934e-10,-3.5043158067833174e-12,-3.43406786717925e-10,-5.057680577944756e-12,-3.497850539425611e-12,-5.821711983420106e-09,-3.4340678700803616e-10,-1.606593382500928e-14,-1.4501591195264187e-12,-7.360684296765454e-12,-3.504315809801259e-12,-2.4143785454895865e-12,-5.874570994858655e-09,-5.057680319198017e-12,-2.125808042897559e-09,-4.16820537187361e-08,-5.874570994848128e-09,-3.4340678682356015e-10,-5.8217119834319114e-09,-1.606656706301249e-14,-3.4800252557588073e-10,-3.2537009465986405e-12,3.6413043310095705e-12,-3.4340678669573184e-10,-2.1258080429112312e-09,-5.057680577944744e-12,-3.5043153080995642e-12,-1.450160267646591e-12,-5.057680263340856e-12,-3.4880879465231217e-10,-3.2537024025393026e-12,-7.103035702999235e-07,-6.916166540164298e-12,-5.821711983417045e-09,-3.253701594233958e-12,-3.504315020696198e-12,-7.103911806122335e-07,-2.414379385882364e-12,-3.5043153155481075e-12,-1.6066395034134286e-14,-1.1506510216171595e-08,-5.821711983415926e-09,-3.5043157532366823e-12,-2.4143789420406317e-12,-3.5043153089891715e-12,-3.4830408042487026e-10,-2.1258080428980385e-09,-3.4340678665788156e-10,-7.394768941841912e-12,-3.5043157532366076e-12
1.0000087326912512,1.000018306354462,1.0000186869782277,-6.910772661923856e-11,-4.4179010954901747e-10,3.0163962991714324e-10,-3.434067867572934e-10,1.000014431230255,-1.3572172576720876e-10,1.0000180145801334,-6.910772682709782e-11,-3.2697019754619146e-11,-6.703219666757001e-11,1.0000180145801327,1.7798131734663644e-10,2.7729687884039138e-11,-3.400263342611089e-10,-1.357217262568695e-10,1.0951357748641405e-11,-7.25571909874335e-11,-6.910772653183166e-11,9.689264332407801e-11,-4.1149333129472237e-10,-7.255718951774546e-11,1.000018014580132,-6.703219535966291e-11,1.7798131880153149e-10,1.0000183906803242,-1.6325635216187392e-11,3.0163963286028443e-10,1.0000180145801347,9.68926441561353e-11,-6.910772622845412e-11,-1.3572172723615597e-10,2.7729683944640184e-11,-6.910772497906428e-11,1.0000184382556743,-1.6325634286310727e-11,1.0000188993109766,-2.9641750391719865e-10,-6.703219597702466e-11,-1.6325634176503615e-11,-1.357217261775366e-10,1.000018939051013,1.0951358560743574e-11,-1.35721727263843e-10,1.779813178123362e-10,-3.4340678619663887e-10,-6.703219758558363e-11,-1.357217261665967e-10,1.0951356874810778e-11,-1.3572172627767124e-10,1.000018306354439,9.689264224483984e-11,1.0000180145801367,-1.124716928139887e-10,-1.3572172532262485e-10
-1.931691356855817e-06,-1.385253673995836e-10,-1.3885436033210402e-10,-2.5796855308911748e-12,-6.959227357181746e-12,3.810862321080261e-12,-3.5043158067833174e-12,-1.3572172576720876e-10,-3.587272004102272e-06,-1.357217253394537e-10,-2.5796867147339293e-12,-1.5073090231306348e-12,-1.2404573441696607e-12,-1.357217256381413e-10,1.1507080381595056e-12,-2.211898296725771e-14,-4.820918463411524e-12,-3.792998843000492e-09,-2.8160763016123417e-13,-1.3346283870091554e-12,-2.5796855308911748e-12,3.3335969926351853e-13,-1.65926734587052e-11,-1.3346283870503902e-12,-1.3572172576545898e-10,-1.2404566190245276e-12,1.1507076426055188e-12,-1.3750735567407768e-10,-1.1214897815785631e-12,3.810861695829743e-12,-1.3572172534300477e-10,3.333599584891693e-13,-2.579685974288476e-12,-3.7929988430156774e-09,-2.2118982966449734e-14,-2.5796867147339293e-12,-1.3833992883682396e-10,-1.1214887554458116e-12,-2.759232698787948e-07,-4.1198398017963905e-12,-1.2404569844959086e-12,-1.1214897815785631e-12,-3.7929988430164e-09,-2.753010297357143e-07,-2.8160840811148534e-13,-3.792998842989569e-09,1.1507090563045e-12,-3.504315753236685e-12,-1.240457343522977e-12,-3.792998843019108e-09,-2.8160832995567837e-13,-3.792998843008757e-09,-1.3852536614565165e-10,3.33359677792197e-13,-1.3572172594821679e-10,-4.637082130814088e-12,-3.792998843014652e-09
1.0000087326912395,1.0000183063544634,1.0000186869782286,-6.910772641289187e-11,-4.41790109551605e-10,3.016396308681782e-10,-3.43406786717925e-10,1.0000180145801334,-1.357217253394537e-10,1.0000144312302544,-6.9107726522669e-11,-3.2697020306680585e-11,-6.703219677702814e-11,1.000018014580136,1.779813173057534e-10,2.7729687419685834e-11,-3.4002633431640013e-10,-1.3572172678721365e-10,1.0951358361438256e-11,-7.255719053829826e-11,-6.910772647470594e-11,9.689264225552258e-11,-4.114933317556612e-10,-7.255719030055498e-11,1.0000180145801336,-6.70321958706309e-11,1.779813188015363e-10,1.0000183906803264,-1.6325635216187392e-11,3.0163963255813205e-10,1.0000180145801365,9.68926441561353e-11,-6.910772575673992e-11,-1.35721727151743e-10,2.7729685248574185e-11,-6.910772663084132e-11,1.0000184382556763,-1.6325634197560447e-11,1.0000188993109778,-2.9641750370285806e-10,-6.703219665640288e-11,-1.632563456569997e-11,-1.3572172653496352e-10,1.0000189390510137,1.0951358576848154e-11,-1.3572172728248396e-10,1.7798131769615256e-10,-3.434067858860974e-10,-6.703219618403068e-11,-1.357217245682051e-10,1.095135713129963e-11,-1.3572172620643709e-10,1.0000183063544408,9.689264209607646e-11,1.0000180145801376,-1.1247169414772767e-10,-1.3572172623304268e-10
-1.796885912121821e-06,-7.314384492618852e-11,-1.4436977119793056e-07,-6.800065235151521e-09,-1.0137694804277885e-11,6.7347834826941934e-12,-5.057680577944756e-12,-6.910772682709782e-11,-2.5796867147339293e-12,-6.9107726522669e-11,-3.5902565433145387e-06,-1.547864136523518e-12,-1.682228021993638e-12,-6.910772418557081e-11,2.2436248152323254e-12,4.835035919482577e-13,-6.9584765267506935e-12,-2.5796863865115113e-12,6.120599524458969e-13,-1.8079164854092637e-12,-6.8000652351416845e-09,1.1950324320278202e-12,-5.1240930469368736e-08,-1.8079172494680312e-12,-6.910772682709742e-11,-1.6822286605528286e-12,2.2436227861266654e-12,-1.423932987459097e-07,-1.043738696644868e-12,6.734782287965555e-12,-6.910772438604447e-11,1.1950333250427637e-12,-6.800065235150798e-09,-2.579685967624254e-12,4.835035919528934e-13,-6.80006523513521e-09,-1.450512174444644e-07,-1.0437386318716876e-12,-1.4228271784905152e-07,-5.903258859264671e-12,-1.6822295855389221e-12,-1.0437371789706836e-12,-2.579685530889603e-12,-1.4105456351091248e-07,6.120592010550989e-13,-2.579686715897622e-12,2.2436248152323254e-12,-5.057679700374926e-12,-1.6822293811860078e-12,-2.5796859692290577e-12,6.120599524487608e-13,-2.5796863865050288e-12,-7.314384584141853e-11,1.1950315486812937e-12,-6.91077250792348e-11,-6.375265271216346e-12,-2.579685532251895e-12
-1.7084643875302336e-06,-3.5163871374923396e-11,-6.487225332783736e-08,-1.547864136523518e-12,-1.4430344591705729e-08,6.3793917987807965e-12,-3.497850539425611e-12,-3.2697019754619146e-11,-1.5073090231306348e-12,-3.2697020306680585e-11,-1.547864136523518e-12,-3.5843405219298284e-06,-5.853681166374544e-13,-3.2697019244852756e-11,2.556591443468355e-12,1.2161146813307123e-12,-1.0175740114074805e-08,-1.5073090246060785e-12,1.7642510922522327e-12,-1.1239098235977864e-09,-1.5478653699557934e-12,1.7578739015364808e-12,-3.962822306435277e-08,-1.12390982358979e-09,-3.2697020208377265e-11,-5.853677329518089e-13,2.556591443468355e-12,-3.3479161059846625e-11,-2.592703328808126e-10,6.37939179939844e-12,-3.2697020609990584e-11,1.757874282734341e-12,-1.547864136523518e-12,-1.5073090231306348e-12,1.2161146813307123e-12,-1.5478641440835404e-12,-3.468098083126532e-11,-2.592703328833435e-10,-5.978396618466759e-08,-8.432001452999447e-09,-5.853677286147118e-13,-2.5927033289189476e-10,-1.5073081938501974e-12,-5.838156695786368e-08,1.7642510922522327e-12,-1.5073090231306348e-12,2.5565905782304324e-12,-3.4978509506398794e-12,-5.853677329676533e-13,-1.5073082239161225e-12,1.7642510922522202e-12,-1.5073092334306098e-12,-3.516386981204322e-11,1.7578742810580982e-12,-3.269702065095781e-11,-3.9716762811745545e-12,-1.507307625493132e-12
-1.7842026410671328e-06,-6.914534857372638e-11,-6.775177986744657e-11,-1.6822293811859893e-12,-6.022868187959447e-12,4.208514630976457e-12,-5.821711983420106e-09,-6.703219666757001e-11,-1.2404573441696607e-12,-6.703219677702814e-11,-1.682228021993638e-12,-5.853681166374544e-13,-3.584959444379022e-06,-6.703219622035509e-11,1.6942503157218456e-12,5.629149982967269e-13,-4.1034365000211486e-12,-1.240456619097517e-12,6.174940596562723e-13,-1.6869949485157415e-09,-1.682229586281986e-12,8.998316658206425e-13,-1.5350570379094144e-11,-1.6869949485069546e-09,-6.703219736407944e-11,-1.4812931044987027e-09,1.6942503156761994e-12,-6.781837051330832e-11,-3.7200474871113653e-13,4.2085149052532066e-12,-6.703219636560657e-11,8.99830866520466e-13,-1.6822293811860329e-12,-1.24045734352298e-12,5.629152667821832e-13,-1.682229381186089e-12,-6.870005823428702e-11,-3.720034801888496e-13,-1.3161156571777658e-07,-3.3223226632791486e-12,-1.4812931044841648e-09,-3.7200346968257e-13,-1.2404569880923094e-12,-1.306803356004885e-07,6.17492393379763e-13,-1.240457343522902e-12,1.6942508723706431e-12,-5.821711983450947e-09,-1.4812931044839043e-09,-1.2404563360986192e-12,6.174928212219351e-13,-1.2404563360404667e-12,-6.91453485166071e-11,8.998316935510816e-13,-6.703219666756921e-11,-3.703405860594917e-12,-1.2404573435229426e-12
1.000008732691257,1.0000183063544628,1.0000186869782286,-6.910772641289187e-11,-4.4179010970474207e-10,3.016396314644564e-10,-3.4340678700803616e-10,1.0000180145801327,-1.357217256381413e-10,1.000018014580136,-6.910772418557081e-11,-3.2697019244852756e-11,-6.703219622035509e-11,1.0000144312302377,1.7798131824144364e-10,2.7729686298817908e-11,-3.400263340294064e-10,-1.3572172683923212e-10,1.0951357572894253e-11,-7.255719123022362e-11,-6.910772481261913e-11,9.689264245178267e-11,-4.1149333175523915e-10,-7.25571895677259e-11,1.0000180145801336,-6.703219554112419e-11,1.779813189525965e-10,1.000018390680326,-1.6325634836835177e-11,3.0163963284163027e-10,1.0000180145801358,9.689264334177754e-11,-6.910772622845412e-11,-1.357217271517434e-10,2.7729684772413656e-11,-6.910772498010967e-11,1.000018438255677,-1.6325633953108414e-11,1.0000188993109778,-2.9641750373761045e-10,-6.703219665640288e-11,-1.6325634564187788e-11,-1.357217261749886e-10,1.0000189390510144,1.095135857395954e-11,-1.3572172711966808e-10,1.779813178123362e-10,-3.4340678642206617e-10,-6.70321958293255e-11,-1.3572172583810103e-10,1.0951356428146506e-11,-1.3572172544110976e-10,1.0000183063544414,9.68926429184604e-11,1.0000180145801376,-1.1247169341609532e-10,-1.357217263740423e-10
-1.2554617919012762e-06,1.7891917801971158e-10,1.8779109170417115e-10,2.2436228682929754e-12,-1.8589371434583917e-12,6.0958921945773664e-12,-1.606593382500928e-14,1.7798131734663644e-10,1.1507080381595056e-12,1.779813173057534e-10,2.2436248152323254e-12,2.556591443468355e-12,1.6942503157218456e-12,1.7798131824144364e-10,-3.575285246259649e-06,3.053274280855332e-12,-1.79889677591819e-09,1.1507095002062064e-12,4.423069312722556e-12,1.5176338653982762e-12,2.2436228682941794e-12,3.673829456257071e-12,-1.999601947512248e-08,1.5176324231383588e-12,1.7798131565399123e-10,1.6942508477978451e-12,8.188015996340793e-09,1.8155732537219182e-10,2.9334941588499026e-12,6.0958921945773664e-12,1.7798131736570668e-10,3.67383092180998e-12,2.2436248152323254e-12,1.1507095004786972e-12,3.0532741105824394e-12,2.2436228682928005e-12,1.8057325969593619e-10,2.9334941588496716e-12,3.885405674455481e-07,4.015684432751985e-10,1.6942508733658581e-12,2.9334941588499026e-12,1.1507094778019557e-12,3.907823771440443e-07,4.423069822231447e-12,1.1507094818744234e-12,8.18801599631054e-09,-1.6066237993850173e-14,1.6942508478087639e-12,1.150709483006723e-12,4.423070639469248e-12,1.1507095002062034e-12,1.789191780185927e-10,3.673830921913668e-12,1.779813173658121e-10,1.0081543587771932e-09,1.1507094830067292e-12
-1.5724226883765982e-06,2.7275457325001734e-11,3.295316976591079e-11,4.835035919530308e-13,-3.76821104372695e-12,5.487696281372816e-12,-1.4501591195264187e-12,2.7729687884039138e-11,-2.211898296725771e-14,2.7729687419685834e-11,4.835035919482577e-13,1.2161146813307123e-12,5.629149982967269e-13,2.7729686298817908e-11,3.053274280855332e-12,-3.579129838877209e-06,-2.3947654474626854e-12,-2.2118982966449734e-14,2.861677417997316e-12,4.2539728915593504e-13,4.835036934193512e-13,2.5357393616976286e-12,-1.2748206811586025e-11,4.2539670150100823e-13,2.7729686611072023e-11,5.629149982967269e-13,3.053274202452443e-12,2.936133430199028e-11,1.5620341329627303e-12,5.487696281372816e-12,2.7729686611072023e-11,2.5357389886127773e-12,4.835036934193512e-13,-2.211898296725771e-14,4.345094994032906e-09,4.835036934193512e-13,2.8357420201327056e-11,1.5620369742392545e-12,7.561449335083498e-08,-1.4395838905356297e-12,5.629163693511552e-13,1.5620341329627303e-12,-2.2118983093495487e-14,3.857640868608436e-11,2.86167590972048e-12,-2.2118982966449734e-14,3.0532744507381146e-12,-1.4501610432678696e-12,5.629152667821832e-13,-2.2118988693329033e-14,2.861676243901006e-12,-2.211959533587578e-14,2.7275457252254214e-11,2.535738988523014e-12,2.7729687362768586e-11,-1.4175855038838404e-12,-2.2118983286892033e-14
-2.3826728543148185e-06,-3.466240614759723e-10,-7.052860207160876e-07,-6.958475365922196e-12,-2.554676727863352e-08,7.733239872316033e-09,-7.360684296765454e-12,-3.400263342611089e-10,-4.820918463411524e-12,-3.4002633431640013e-10,-6.9584765267506935e-12,-1.0175740114074805e-08,-4.1034365000211486e-12,-3.400263340294064e-10,-1.79889677591819e-09,-2.3947654474626854e-12,-3.6022198223783113e-06,-4.820918938893582e-12,-3.7418620534961875e-12,-4.039363016683715e-12,-6.958475375781277e-12,-2.0480549057424138e-12,-5.285284621386368e-08,-4.039363535309882e-12,-3.400263344685832e-10,-4.1034357096418516e-12,-1.7988967759167523e-09,-3.4682337762200826e-10,-9.429167165205122e-09,7.733239872276134e-09,-3.400263344670095e-10,-2.0480550306467614e-12,-6.958476522555528e-12,-4.820919543986713e-12,-2.3947668837812134e-12,-6.958476522563889e-12,-3.4760471587346393e-10,-9.429167165207536e-09,-7.176088292730158e-07,-1.806242429739672e-08,-4.103435680100871e-12,-9.42916716521893e-09,-4.8209187640033056e-12,-7.180635411323137e-07,-3.741862653788886e-12,-4.820918463417691e-12,-1.798896775958735e-09,-7.36068457036802e-12,-4.103435538156098e-12,-4.82091925612933e-12,-3.7418626535462565e-12,-4.820918463411524e-12,-3.4662405941719923e-10,-2.0480549129323795e-12,-3.40026334316399e-10,-1.9283790345893876e-08,-4.820918764003284e-12
-1.9316913583176707e-06,-1.385253688513869e-10,-1.3885436223574944e-10,-2.5796855308668295e-12,-6.959227357181746e-12,3.810861695829481e-12,-3.504315809801259e-12,-1.357217262568695e-10,-3.792998843000492e-09,-1.3572172678721365e-10,-2.5796863865115113e-12,-1.5073090246060785e-12,-1.240456619097517e-12,-1.3572172683923212e-10,1.1507095002062064e-12,-2.2118982966449734e-14,-4.820918938893582e-12,-3.587272004102272e-06,-2.8160748363917777e-13,-1.3346283851120075e-12,-2.579686715897697e-12,3.333599771972606e-13,-1.6592672401011202e-11,-1.334628812372686e-12,-1.3572172678721484e-10,-1.2404570291238444e-12,1.1507089820139222e-12,-1.3750735811921558e-10,-1.1214893760652004e-12,3.810861786288031e-12,-1.3572172683927084e-10,3.333596992631785e-13,-2.5796859692746286e-12,-3.7929988429999535e-09,-2.2118983286080932e-14,-2.5796867132759718e-12,-1.3833992992745004e-10,-1.1214898913626009e-12,-2.7592327254008304e-07,-4.119839632054907e-12,-1.2404569880923342e-12,-1.121489783710464e-12,-3.792998843000736e-09,-2.753010323970225e-07,-2.81608407421336e-13,-3.792998842973939e-09,1.1507095004786443e-12,-3.5043150207004377e-12,-1.2404573435229707e-12,-3.79299884300346e-09,-2.81608573771851e-13,-3.792998842993126e-09,-1.3852536821014604e-10,3.333599576254672e-13,-1.3572172683922612e-10,-4.637081108367011e-12,-3.792998842998978e-09
-1.597447846941789e-06,1.981318595655275e-08,3.5537529822363055e-08,6.120599826480645e-13,-1.1611727037147011e-08,8.24739654526685e-12,-2.4143785454895865e-12,1.0951357748641405e-11,-2.8160763016123417e-13,1.0951358361438256e-11,6.120599524458969e-13,1.7642510922522327e-12,6.174940596562723e-13,1.0951357572894253e-11,4.423069312722556e-12,2.861677417997316e-12,-3.7418620534961875e-12,-2.8160748363917777e-13,-3.5752254230854102e-06,4.02300502252801e-13,6.12059439888782e-13,3.668285433111423e-12,-3.892841169508028e-08,4.0230121345500845e-13,1.0951356455584632e-11,6.174932809612226e-13,4.423071909820797e-12,1.301350097882242e-11,2.281551207872569e-12,8.24739770042947e-12,1.0951358361438256e-11,3.66828543592086e-12,6.120605914406402e-13,-2.816076180974313e-13,2.8616765230022308e-12,6.120597545105199e-13,1.1584261142486592e-11,2.2815532382029904e-12,4.9015249898642224e-08,-2.2891002872403604e-12,6.174923933833068e-13,2.2815512078725566e-12,-2.81608408864869e-13,5.141127090872928e-08,8.23013618578334e-09,-2.8160840811148534e-13,4.423069817024115e-12,-2.4143790512428016e-12,6.174940596562473e-13,-2.8160770340926613e-13,8.230136185819428e-09,-2.8160840811148534e-13,1.981318595668589e-08,3.668286657917646e-12,1.095135880565157e-11,-4.8278214954240414e-09,-2.8160857445882454e-13
-1.7972187867643173e-06,-7.473763816654104e-11,-7.353780158122641e-11,-1.8079171902413893e-12,-5.9592103466726985e-12,3.933153241876804e-12,-5.874570994858655e-09,-7.25571909874335e-11,-1.3346283870091554e-12,-7.255719053829826e-11,-1.8079164854092637e-12,-1.1239098235977864e-09,-1.6869949485157415e-09,-7.255719123022362e-11,1.5176338653982762e-12,4.2539728915593504e-13,-4.039363016683715e-12,-1.3346283851120075e-12,4.02300502252801e-13,-3.5853392104842847e-06,-1.8079168064067796e-12,7.450331922876678e-13,-1.5144240626724045e-11,-1.860582968465121e-09,-7.255719053553624e-11,-1.686994948528749e-09,1.5176338648064129e-12,-7.348099314446703e-11,-3.730036416736225e-13,3.9331535283396166e-12,-7.255719107024084e-11,7.45033120925706e-13,-1.807917190367552e-12,-1.3346279762764505e-12,4.2539670150100197e-13,-1.8079154984897999e-12,-7.434135095053253e-11,-3.7300367281475566e-13,-1.4370689065825252e-07,-3.249142228148916e-12,-1.6869949485141019e-09,-3.7300349052061815e-13,-1.3346282740130454e-12,-1.4284212413864566e-07,4.023007165134868e-13,-1.3346282747413287e-12,1.517633084039056e-12,-5.874570994890035e-09,-1.6869949485136812e-09,-1.3346279499018494e-12,4.0230004443538107e-13,-1.3346276439802793e-12,-7.473763801310613e-11,7.450332617647416e-13,-7.255719144480128e-11,-3.857469888510453e-12,-1.3346282747416938e-12
-1.7968858943577289e-06,-7.314384686987758e-11,-1.4436977151260587e-07,-6.800065235140052e-09,-1.01376943494449e-11,6.734783510379031e-12,-5.057680319198017e-12,-6.910772653183166e-11,-2.5796855308911748e-12,-6.910772647470594e-11,-6.8000652351416845e-09,-1.5478653699557934e-12,-1.682229586281986e-12,-6.910772481261913e-11,2.2436228682941794e-12,4.835036934193512e-13,-6.958475375781277e-12,-2.579686715897697e-12,6.12059439888782e-13,-1.8079168064067796e-12,-3.5902565433145387e-06,1.1950332437646167e-12,-5.124093046935271e-08,-1.807916497206902e-12,-6.910772647480017e-11,-1.6822295862860165e-12,2.2436228666335537e-12,-1.4239329906058543e-07,-1.0437374891570602e-12,6.734784088266985e-12,-6.910772653183166e-11,1.1950324320278077e-12,-6.800065235139548e-09,-2.5796859692290513e-12,4.835036964818261e-13,-6.8000652351237066e-09,-1.450512177590937e-07,-1.043737635657841e-12,-1.422827181636805e-07,-5.903258859264528e-12,-1.682229598856736e-12,-1.0437386318610623e-12,-2.5796855308896154e-12,-1.4105456382557857e-07,6.120597434190593e-13,-2.5796855322430355e-12,2.243623104443658e-12,-5.057680319198024e-12,-1.6822282512211397e-12,-2.5796861622809487e-12,6.120605914406215e-13,-2.5796855308668235e-12,-7.314384693755432e-11,1.1950312170935057e-12,-6.91077266231403e-11,-6.375265294668414e-12,-2.5796861551138528e-12
-1.42605886981391e-06,9.688644242371484e-11,1.0385934080475346e-10,1.195032435811135e-12,-3.360379165031179e-12,6.197362972481968e-12,-2.125808042897559e-09,9.689264332407801e-11,3.3335969926351853e-13,9.689264225552258e-11,1.1950324320278202e-12,1.7578739015364808e-12,8.998316658206425e-13,9.689264245178267e-11,3.673829456257071e-12,2.5357393616976286e-12,-2.0480549057424138e-12,3.333599771972606e-13,3.668285433111423e-12,7.450331922876678e-13,1.1950332437646167e-12,-3.5768862501872137e-06,-2.4971174432426342e-08,7.450331209257341e-13,9.689264368841172e-11,8.998335495118947e-13,3.6738298383757005e-12,9.930827691738881e-11,2.1110147328147418e-12,6.197362567812542e-12,9.689264332407801e-11,6.5864591021450375e-09,1.195032432027814e-12,3.3335995468906165e-13,2.535740087176213e-12,1.1950333144044813e-12,9.81814310204224e-11,2.1110162704306324e-12,2.1914730028942364e-07,-1.0404008221965512e-12,8.998308665203412e-13,2.1110149196472342e-12,3.3335969926351853e-13,2.2116329263323916e-07,3.668284037387171e-12,3.3335995468908664e-13,3.6738294562536276e-12,-2.1258080429262487e-09,8.998316658206363e-13,3.333596943025325e-13,3.668286654887184e-12,3.333591274962611e-13,9.688644327719507e-11,6.586459102163376e-09,9.68926433246618e-11,-8.24228121740614e-13,3.3335969926351545e-13
-2.692540449936156e-06,-8.649107554523682e-07,-9.420705076596794e-07,-5.124093046936976e-08,-7.345810127936838e-08,-6.156692660563774e-10,-4.16820537187361e-08,-4.1149333129472237e-10,-1.65926734587052e-11,-4.114933317556612e-10,-5.1240930469368736e-08,-3.962822306435277e-08,-1.5350570379094144e-11,-4.1149333175523915e-10,-1.999601947512248e-08,-1.2748206811586025e-11,-5.285284621386368e-08,-1.6592672401011202e-11,-3.892841169508028e-08,-1.5144240626724045e-11,-5.124093046935271e-08,-2.4971174432426342e-08,-3.72525602750483e-06,-1.514424123322421e-11,-4.1149333084813665e-10,-1.5350570377600095e-11,-1.9996019475107734e-08,-8.743390017155001e-07,-3.8380626558552515e-08,-6.156692661430504e-10,-4.114933317556612e-10,-2.4971174432461944e-08,-5.124093046938497e-08,-1.6592672916105817e-11,-1.2748206807443682e-11,-5.124093046935866e-08,-8.762117264941919e-07,-3.838062655855489e-08,-1.0020516270690134e-06,-5.323445739167426e-08,-1.535057057100063e-11,-3.838062655857962e-08,-1.6592673059948225e-11,-1.0068914954549497e-06,-3.8928411695111386e-08,-1.6592673198299055e-11,-1.9996019475202492e-08,-4.168205371882165e-08,-1.5350570090048016e-11,-1.659267319966121e-11,-3.892841169505345e-08,-1.659267319829921e-11,-8.649107554520943e-07,-2.497117443243951e-08,-4.1149333175566044e-10,-6.444099177979781e-08,-1.6592673315936284e-11
-1.7972187867244585e-06,-7.473763776575305e-11,-7.353780116884572e-11,-1.8079154984897938e-12,-5.959209230989367e-12,3.933153135670724e-12,-5.874570994848128e-09,-7.255718951774546e-11,-1.3346283870503902e-12,-7.255719030055498e-11,-1.8079172494680312e-12,-1.12390982358979e-09,-1.6869949485069546e-09,-7.25571895677259e-11,1.5176324231383588e-12,4.2539670150100823e-13,-4.039363535309882e-12,-1.334628812372686e-12,4.0230121345500845e-13,-1.860582968465121e-09,-1.807916497206902e-12,7.450331209257341e-13,-1.514424123322421e-11,-3.5853392104842847e-06,-7.255719043403838e-11,-1.6869949485200464e-09,1.5176324231383558e-12,-7.348099411254122e-11,-3.730034916503973e-13,3.933153688224175e-12,-7.255718976967545e-11,7.450332617647354e-13,-1.8079169677465664e-12,-1.334628386296077e-12,4.253972884068876e-13,-1.8079169675868054e-12,-7.434135167930624e-11,-3.7300378404791357e-13,-1.4370689056353205e-07,-3.2491431838224465e-12,-1.6869949485053067e-09,-3.7300527612453017e-13,-1.3346282784203772e-12,-1.4284212404394685e-07,4.023002667336753e-13,-1.3346282747413287e-12,1.5176328682677033e-12,-5.874570994879576e-09,-1.686994948504962e-09,-1.3346282696325734e-12,4.0230004436205795e-13,-1.3346276439802856e-12,-7.473763709077602e-11,7.450331209257341e-13,-7.255719054479024e-11,-3.8574703534376555e-12,-1.3346282760399e-12
1.0000087326912512,1.0000183063544619,1.0000186869782282,-6.910772553833288e-11,-4.4179010958952827e-10,3.016396312014747e-10,-3.4340678682356015e-10,1.000018014580132,-1.3572172576545898e-10,1.0000180145801336,-6.910772682709742e-11,-3.2697020208377265e-11,-6.703219736407944e-11,1.0000180145801336,1.7798131565399123e-10,2.7729686611072023e-11,-3.400263344685832e-10,-1.3572172678721484e-10,1.0951356455584632e-11,-7.255719053553624e-11,-6.910772647480017e-11,9.689264368841172e-11,-4.1149333084813665e-10,-7.255719043403838e-11,1.0000144312302734,-6.703219539516993e-11,1.7798131895259971e-10,1.0000183906803255,-1.6325634908806818e-11,3.016396326160735e-10,1.0000180145801347,9.689264310864427e-11,-6.910772575673992e-11,-1.3572172660147893e-10,2.7729683944640184e-11,-6.910772663084132e-11,1.0000184382556752,-1.632563464382908e-11,1.000018899310976,-2.964175035842498e-10,-6.703219576980987e-11,-1.6325634565676813e-11,-1.3572172733466383e-10,1.0000189390510137,1.0951358637299308e-11,-1.357217272829332e-10,1.7798131761562045e-10,-3.4340678622859844e-10,-6.703219582938619e-11,-1.3572172521958528e-10,1.095135687476246e-11,-1.3572172583532028e-10,1.0000183063544397,9.689264222826725e-11,1.000018014580136,-1.124716928139887e-10,-1.357217261220824e-10
-1.7842026411628952e-06,-6.91453488215762e-11,-6.775178040450072e-11,-1.6822280219936255e-12,-6.022869315631362e-12,4.208515293290296e-12,-5.8217119834319114e-09,-6.703219535966291e-11,-1.2404566190245276e-12,-6.70321958706309e-11,-1.6822286605528286e-12,-5.853677329518089e-13,-1.4812931044987027e-09,-6.703219554112419e-11,1.6942508477978451e-12,5.629149982967269e-13,-4.1034357096418516e-12,-1.2404570291238444e-12,6.174932809612226e-13,-1.686994948528749e-09,-1.6822295862860165e-12,8.998335495118947e-13,-1.5350570377600095e-11,-1.6869949485200464e-09,-6.703219539516993e-11,-3.584959444379022e-06,1.6942506126832008e-12,-6.781836951960835e-11,-3.7200474050625827e-13,4.208514906449477e-12,-6.703219580263918e-11,8.998335495079765e-13,-1.6822292873571883e-12,-1.2404573395621566e-12,5.629149982967269e-13,-1.6822282539416127e-12,-6.870005781039017e-11,-3.7200419171465014e-13,-1.3161156594936529e-07,-3.322323350276322e-12,-1.4812931044971642e-09,-3.7200463463079044e-13,-1.2404570291238787e-12,-1.3068033583208086e-07,6.174940596562473e-13,-1.240457343522977e-12,1.6942504036207903e-12,-5.82171198346287e-09,-1.4812931044969286e-09,-1.2404573470956344e-12,6.174940588718611e-13,-1.240456988234816e-12,-6.914534875224439e-11,8.998309135539822e-13,-6.703219539568065e-11,-3.703405679613273e-12,-1.2404570291238444e-12
-1.2554617918987075e-06,1.7891917897651204e-10,1.877910920683946e-10,2.2436231044405324e-12,-1.8589374396133207e-12,6.095892494751165e-12,-1.606656706301249e-14,1.7798131880153149e-10,1.1507076426055188e-12,1.779813188015363e-10,2.2436227861266654e-12,2.556591443468355e-12,1.6942503156761994e-12,1.779813189525965e-10,8.188015996340793e-09,3.053274202452443e-12,-1.7988967759167523e-09,1.1507089820139222e-12,4.423071909820797e-12,1.5176338648064129e-12,2.2436228666335537e-12,3.6738298383757005e-12,-1.9996019475107734e-08,1.5176324231383558e-12,1.7798131895259971e-10,1.6942506126832008e-12,-3.575285246259649e-06,1.8155732641031895e-10,2.933497314693964e-12,6.0958924948976996e-12,1.779813188048158e-10,3.673829456253621e-12,2.243624817457986e-12,1.1507095004787972e-12,3.053271294057039e-12,2.2436230405471664e-12,1.8057325989067404e-10,2.9334941588496716e-12,3.885405693976542e-07,4.0156844327464356e-10,1.6942508477978451e-12,2.933494166241922e-12,1.150709502432725e-12,3.907823790961668e-07,4.423070639469229e-12,1.150709477801959e-12,8.188015996303815e-09,-1.606627965926616e-14,1.6942502874587843e-12,1.150709477801959e-12,4.4230702064425675e-12,1.1507094818745169e-12,1.7891917869076208e-10,3.673829456257071e-12,1.7798131887265703e-10,1.0081543587772102e-09,1.1507093804388029e-12
1.0000091192673322,1.0000186748228481,1.0000190607977533,-1.4239330060053712e-07,-4.520267025074239e-10,3.1034699282845487e-10,-3.4800252557588073e-10,1.0000183906803242,-1.3750735567407768e-10,1.0000183906803264,-1.423932987459097e-07,-3.3479161059846625e-11,-6.781837051330832e-11,1.000018390680326,1.8155732537219182e-10,2.936133430199028e-11,-3.4682337762200826e-10,-1.3750735811921558e-10,1.301350097882242e-11,-7.348099314446703e-11,-1.4239329906058543e-07,9.930827691738881e-11,-8.743390017155001e-07,-7.348099411254122e-11,1.0000183906803255,-6.781836951960835e-11,1.8155732641031895e-10,1.0000151801927761,-1.654647954132487e-11,3.103469946581369e-10,1.0000183906803268,9.930827861709228e-11,-1.4239329944742657e-07,-1.375073584560936e-10,2.936133106288902e-11,-1.4239329976865023e-07,1.0000188079711343,-1.6546479225111207e-11,1.0000192792817273,-3.021012405093233e-10,-6.781837058854394e-11,-1.6546479704638306e-11,-1.3750735607878174e-10,1.0000193208340942,1.3013502157424903e-11,-1.3750735762261245e-10,1.8155732583138845e-10,-3.4800252554093416e-10,-6.781837025267468e-11,-1.3750735766656371e-10,1.3013499187163523e-11,-1.375073555065811e-10,1.0000186748228252,9.930827646532268e-11,1.000018390680329,-1.1815148188239964e-10,-1.3750735640922881e-10
-1.6702728161355668e-06,-1.8413835703582447e-11,-2.9763685077008602e-08,-1.0437371789292116e-12,-1.3494752930059659e-08,6.717434778041211e-12,-3.2537009465986405e-12,-1.6325635216187392e-11,-1.1214897815785631e-12,-1.6325635216187392e-11,-1.043738696644868e-12,-2.592703328808126e-10,-3.7200474871113653e-13,-1.6325634836835177e-11,2.9334941588499026e-12,1.5620341329627303e-12,-9.429167165205122e-09,-1.1214893760652004e-12,2.281551207872569e-12,-3.730036416736225e-13,-1.0437374891570602e-12,2.1110147328147418e-12,-3.8380626558552515e-08,-3.730034916503973e-13,-1.6325634908806818e-11,-3.7200474050625827e-13,2.933497314693964e-12,-1.654647954132487e-11,-3.5830043985106896e-06,6.717436018717056e-12,-1.6325634675261184e-11,2.111014731354051e-12,-1.0437384467044259e-12,-1.1214898913745053e-12,1.5620369742392545e-12,-1.0437376509864371e-12,-1.7779962835743292e-11,4.6261944375517084e-10,-2.325107851199686e-08,-7.675595805757135e-09,-3.720047481350991e-13,4.6261944374692225e-10,-1.1214898913626134e-12,-2.169494771815696e-08,2.281551207642236e-12,-1.1214894826502306e-12,2.933496380583637e-12,-3.2537015105248682e-12,-3.7200419259908196e-13,-1.1214887898661913e-12,2.281551207641737e-12,-1.1214899475050337e-12,-1.8413835684071337e-11,2.1110161297630685e-12,-1.6325635186224348e-11,-3.365638942567394e-12,-1.1214899475050337e-12
-9.660420576558097e-07,3.0658370670234913e-10,3.236041948912281e-10,6.7347839786133975e-12,8.872057899389594e-09,1.3406690403798239e-08,3.6413043310095705e-12,3.0163963286028443e-10,3.810861695829743e-12,3.0163963255813205e-10,6.734782287965555e-12,6.37939179939844e-12,4.2085149052532066e-12,3.0163963284163027e-10,6.0958921945773664e-12,5.487696281372816e-12,7.733239872276134e-09,3.810861786288031e-12,8.24739770042947e-12,3.9331535283396166e-12,6.734784088266985e-12,6.197362567812542e-12,-6.156692661430504e-10,3.933153688224175e-12,3.016396326160735e-10,4.208514906449477e-12,6.0958924948976996e-12,3.103469946581369e-10,6.717436018717056e-12,-3.5700616937774765e-06,3.0163963251457525e-10,6.197362567812542e-12,6.734783978613384e-12,3.810861821539301e-12,5.487696261774172e-12,6.734783978613384e-12,3.093169247471405e-10,6.7174366854844155e-12,6.714684564300062e-07,5.126555391566087e-12,4.208514630976056e-12,6.717434778041248e-12,3.810861786266163e-12,6.749032219312554e-07,8.247396545266857e-12,3.810861821539301e-12,6.0958921945773664e-12,3.641304215184111e-12,4.2085149052532066e-12,3.8108632476957e-12,8.247396545266826e-12,3.810861696660746e-12,3.0658370671456245e-10,6.197362567812542e-12,3.0163963285726724e-10,1.146010104569719e-08,3.810861206169742e-12
