1.0000000356391254,1.5749231649755775e-05,7.892822446467447e-06,7.904926396888845e-06,7.902521982316366e-06,7.893821910344923e-06,7.90249937061305e-06,0.9999873066503362,0.9999873066503375,7.892822444993557e-06,0.9999873066503373,0.9999873066503386,7.890503510023462e-06,2.4305135709728416e-05,7.894260369774356e-06,0.9999899317823244,7.902499369264422e-06,7.916166108638746e-06,7.902499369270715e-06,0.999987306650339,0.999987306650339,7.893821909374709e-06,7.91616611316821e-06,7.904926396876443e-06,7.904991968371811e-06,0.9999865796937218,7.893821909359246e-06,7.904926396943584e-06,7.890503511455888e-06,7.892822445008248e-06,7.902499369264372e-06,7.89282244495841e-06,7.892822444553945e-06,7.893821909359256e-06,0.999987306650336,7.892822444788478e-06,0.9999883121861334,0.9999899317823231,0.9999873066503386,0.999987306650336,0.9999873066503362,0.9999873066503389,0.9999872921527571,7.956620177853584e-06,7.902499373472413e-06,0.9999873066503355,7.902499373472413e-06,0.9999873066503446
1.5749231649755775e-05,2.0279233326117294e-05,3.2483729698003234e-15,3.3226596662413325e-15,3.3080621629056034e-15,3.2667661036200617e-15,3.308013831810223e-15,8.617909186061938e-06,8.617909186061941e-06,3.2482268619079667e-15,8.617909186061934e-06,8.61790918606194e-06,3.2372778799955863e-15,1.4563853024177072e-10,3.2689684700140932e-15,4.334950775308956e-09,3.308044594975727e-15,3.385172449806374e-15,3.308040847066946e-15,8.617909186061941e-06,8.61790918606194e-06,3.2668437263241237e-15,3.3851075382246937e-15,3.322528162451823e-15,3.3227414905594086e-15,8.61790243962452e-06,3.2667661036200617e-15,3.322528162451823e-15,3.2371200656061682e-15,3.248440370221939e-15,3.3080137827146794e-15,3.2482133216270005e-15,3.248440370221939e-15,3.2669247693312015e-15,8.617909186061928e-06,3.2482707511103605e-15,4.3349427088332644e-09,4.334950775308956e-09,8.617909186061938e-06,8.61790918606194e-06,8.61790918606194e-06,8.61790918606194e-06,8.617909050890067e-06,3.5398602969157947e-15,3.3080408470077297e-15,8.617909186061934e-06,3.308013831849435e-15,8.617909186061933e-06
7.892822446467447e-06,3.2483729698003234e-15,3.0321004891668657e-05,2.910699885939107e-16,2.895106061858527e-16,2.857901898743331e-16,2.8957041628155297e-16,3.8318507275282395e-10,3.831850727558145e-10,1.004180586706236e-05,3.831850727568113e-10,3.8318507275282395e-10,2.826793515213676e-16,6.394485921073152e-15,2.8614729828508953e-16,3.8318632672332055e-10,2.895458796006564e-16,2.9728325453378126e-16,2.894670736757225e-16,3.8318507278064493e-10,3.8318507275282395e-10,2.8565313025554843e-16,2.971846511233848e-16,2.910872604270949e-16,2.91147792370942e-16,7.617759983516589e-07,2.8565313025554843e-16,2.9102718364274073e-16,2.826793515213676e-16,-5.051155984372104e-09,2.895458796006564e-16,-5.05115598450219e-09,-5.05115598450219e-09,2.8581087558700564e-16,3.8318507275282395e-10,1.0041805867062372e-05,3.8318555696728106e-10,3.831863265014565e-10,3.8318507278064493e-10,3.8318507275282395e-10,3.831850728520208e-10,3.831850727444351e-10,3.8318506632881756e-10,3.099929558511994e-16,2.891979577533477e-16,3.831850727568113e-10,2.8956701260401233e-16,3.831850727568113e-10
7.904926396888845e-06,3.3226596662413325e-15,2.910699885939107e-16,2.0279160273555075e-05,2.9625338727456413e-16,5.820879711182231e-13,2.964168895118616e-16,3.892732931773997e-10,3.8927329318684076e-10,2.9097435660422663e-16,3.8927329317850826e-10,3.892732932267372e-10,5.765610094376203e-13,6.5655642733288725e-15,5.824813665582375e-13,3.8927448650731365e-10,2.9661027679634515e-16,6.035551529815476e-13,2.964736266328223e-16,3.892732931773997e-10,3.892732931773997e-10,5.820879708795308e-13,6.035551531992675e-13,5.921179958545607e-13,5.921846229190293e-13,7.738794508907688e-07,5.820879710757159e-13,5.921179959245491e-13,5.765610097751262e-13,2.9111305521724677e-16,2.966052227365499e-16,2.9102845468532975e-16,2.9100595650549376e-16,5.820879710727686e-13,3.892732931773997e-10,2.9097435660422663e-16,3.892737525031827e-10,3.8927448632665006e-10,3.892732931333837e-10,3.8927329311358844e-10,3.8927329317850826e-10,3.8927329318684076e-10,3.8927328693702863e-10,3.174450061055737e-16,2.9652739956626133e-16,3.89273293210037e-10,2.9641691473942175e-16,3.892732931773997e-10
7.902521982316366e-06,3.3080621629056034e-15,2.895106061858527e-16,2.9625338727456413e-16,2.0279160263778838e-05,2.91482308306057e-16,5.868427164718726e-13,3.880638813014665e-10,3.88063881412508e-10,2.8972915543940773e-16,3.880638813251642e-10,3.880638813251642e-10,2.885366754527032e-16,6.532724438836264e-15,5.797830832464601e-13,3.8806508540467595e-10,5.868427165386236e-13,6.011468994622824e-13,5.868427167208191e-13,3.8806388117785946e-10,3.880638813251642e-10,2.9154137816987884e-16,6.011468996707554e-13,2.9635679030754574e-16,5.895763612665049e-13,7.714751270676813e-07,2.913605821453654e-16,2.963419353734139e-16,2.885366754527032e-16,2.8937789539638073e-16,5.868427167588947e-13,2.8937789539638073e-16,2.896319599783241e-16,2.9175246476560414e-16,3.880638813251642e-10,2.894756384891813e-16,3.8806434527477484e-10,3.8806508550126484e-10,3.8806388123632427e-10,3.880638812755903e-10,3.8806388117785946e-10,3.880638813251642e-10,3.880638751392814e-10,6.279386442011337e-13,5.868427162032683e-13,3.8806388117785946e-10,5.868427164133128e-13,3.8806388123632427e-10
7.893821910344923e-06,3.2667661036200617e-15,2.857901898743331e-16,5.820879711182231e-13,2.91482308306057e-16,2.0279160248173323e-05,2.9133998141177567e-16,3.8368777648895804e-10,3.8368777651366986e-10,2.856592057507893e-16,3.836877765205091e-10,3.836877765286611e-10,2.8476824769613534e-16,6.4467834279388946e-15,5.723549988209565e-13,3.836889811619922e-10,2.912524577633744e-16,5.93827738810273e-13,2.9162567561641873e-16,3.836877765286611e-10,3.836877765131895e-10,5.719584174435364e-13,5.938277390077644e-13,5.820879727069615e-13,5.821560668999962e-13,7.627753826592139e-07,5.719584176517472e-13,5.820879727840015e-13,2.8476824769613534e-16,2.856592057507893e-16,2.912524558382213e-16,2.856592057507893e-16,2.857901898743331e-16,5.719584176834705e-13,3.836877765205091e-10,2.856592057507893e-16,3.8368824088090466e-10,3.836889810846527e-10,3.8368777648895804e-10,3.8368777656625937e-10,3.836877765181255e-10,3.836877765205091e-10,3.836877704255731e-10,3.1152814293564636e-16,2.912524558382213e-16,3.836877765125395e-10,2.912524558382213e-16,3.836877765125395e-10
7.90249937061305e-06,3.308013831810223e-15,2.8957041628155297e-16,2.964168895118616e-16,5.868427164718726e-13,2.9133998141177567e-16,2.027916026372417e-05,3.8805251031665785e-10,3.88052510268576e-10,2.895458796006564e-16,3.8805251028120525e-10,3.8805251028120525e-10,2.8835238894582393e-16,6.532976854752716e-15,2.917303710597307e-16,3.8805371391549123e-10,5.868436041581373e-13,6.011401450068844e-13,5.86843604340307e-13,3.8805251019697216e-10,3.880525101969606e-10,2.912524577633744e-16,6.011401452155723e-13,2.964327102429033e-16,2.9643712625433417e-16,7.714525208050135e-07,2.912524577633744e-16,2.9666978862328195e-16,2.88550255336492e-16,2.8971729248560117e-16,5.86843604378063e-13,2.894670736757225e-16,2.895807381910248e-16,2.915271689214221e-16,3.8805251000911045e-10,2.895807381910248e-16,3.8805297387354693e-10,3.8805371369067853e-10,3.8805251021469197e-10,3.8805251021469197e-10,3.88052509994651e-10,3.8805251034359675e-10,3.8805250392293837e-10,6.279399401394207e-13,5.868436038224323e-13,3.88052509994651e-10,5.868436040321024e-13,3.88052509994651e-10
0.9999873066503362,8.617909186061938e-06,3.8318507275282395e-10,3.892732931773997e-10,3.880638813014665e-10,3.8368777648895804e-10,3.8805251031665785e-10,0.9999650632078965,0.9999447840513829,3.831850725596445e-10,0.9999447840513829,0.9999447840513831,3.820186560917006e-10,1.7173514156865703e-05,3.8390832289754134e-10,0.999947409083775,3.880525103708489e-10,3.949268161071417e-10,3.8805251044756203e-10,0.9999447840513825,0.9999447840513822,3.836877763673555e-10,3.9492681643954824e-10,3.892732931192824e-10,3.893062724691426e-10,0.9999440571214409,3.836877762175059e-10,3.892732931344418e-10,3.82018657411088e-10,3.831850735755051e-10,3.880525101864098e-10,3.831850731336039e-10,3.8318507308419865e-10,3.836877759878721e-10,0.9999447840513819,3.831850731688057e-10,0.9999457895489147,0.9999474090837739,0.9999447840513829,0.9999447840513831,0.9999447840513828,0.9999447840513822,0.9999447695543323,4.1527513080509614e-10,3.8805250999486877e-10,0.9999447840513821,3.8805250963772553e-10,0.9999447840513828
0.9999873066503375,8.617909186061941e-06,3.831850727558145e-10,3.8927329318684076e-10,3.88063881412508e-10,3.8368777651366986e-10,3.88052510268576e-10,0.9999447840513829,0.9999650632078969,3.831850725092295e-10,0.9999447840513833,0.9999447840513831,3.8201865608812414e-10,1.717351415686571e-05,3.839083228167765e-10,0.9999474090837731,3.880525104410377e-10,3.949268161636033e-10,3.8805251050835013e-10,0.9999447840513834,0.9999447840513828,3.8368777639706867e-10,3.9492681651491696e-10,3.8927329327783554e-10,3.8930627228638734e-10,0.9999440571214409,3.836877764518247e-10,3.892732931817065e-10,3.8201865730444794e-10,3.8318507352738605e-10,3.8805251030766733e-10,3.831850731268667e-10,3.8318507310985857e-10,3.8368777590360074e-10,0.9999447840513828,3.831850730792949e-10,0.9999457895489154,0.9999474090837731,0.9999447840513831,0.9999447840513834,0.9999447840513828,0.9999447840513828,0.9999447695543326,4.152751307195444e-10,3.880525100109996e-10,0.9999447840513819,3.8805250992113963e-10,0.9999447840513831
7.892822444993557e-06,3.2482268619079667e-15,1.004180586706236e-05,2.9097435660422663e-16,2.8972915543940773e-16,2.856592057507893e-16,2.895458796006564e-16,3.831850725596445e-10,3.831850725092295e-10,3.0321004891668657e-05,3.8318507258443096e-10,3.8318507254748505e-10,2.827660962425073e-16,6.394590222640529e-15,2.8623379633851145e-16,3.8318632624552004e-10,2.895458796006564e-16,2.9730499106225565e-16,2.895458796006564e-16,3.8318507258443096e-10,3.831850724740876e-10,2.858107385210448e-16,2.972304005458726e-16,2.910672610874285e-16,2.9102898205210283e-16,7.617759978616007e-07,2.8581087558700564e-16,2.9110145946417424e-16,2.827660962425073e-16,-5.051155984372104e-09,2.8956701260401233e-16,-5.051155984372104e-09,-5.05115598450219e-09,2.8566636877594093e-16,3.8318507256884533e-10,1.0041805867062384e-05,3.8318555670740837e-10,3.831863263483117e-10,3.8318507258443096e-10,3.8318507257208736e-10,3.831850724721724e-10,3.831850724740876e-10,3.831850661326153e-10,3.0975613541351584e-16,2.8956701260401233e-16,3.8318507243830144e-10,2.895458796006564e-16,3.8318507258443096e-10
0.9999873066503373,8.617909186061934e-06,3.831850727568113e-10,3.8927329317850826e-10,3.880638813251642e-10,3.836877765205091e-10,3.8805251028120525e-10,0.9999447840513829,0.9999447840513833,3.8318507258443096e-10,0.9999650632078927,0.9999447840513828,3.820186560462112e-10,1.717351415686569e-05,3.839083227974358e-10,0.9999474090837732,3.8805251037701396e-10,3.949268161636033e-10,3.8805251050835013e-10,0.999944784051384,0.9999447840513831,3.8368777633042097e-10,3.9492681640220367e-10,3.892732931192824e-10,3.8930627228638734e-10,0.9999440571214396,3.836877764518247e-10,3.892732931817065e-10,3.820186573986716e-10,3.8318507352738605e-10,3.880525101864098e-10,3.831850731268667e-10,3.831850731178636e-10,3.836877760026179e-10,0.9999447840513828,3.831850732013533e-10,0.9999457895489141,0.9999474090837731,0.9999447840513822,0.9999447840513838,0.9999447840513833,0.9999447840513831,0.9999447695543314,4.152751308751363e-10,3.880525100109996e-10,0.9999447840513822,3.880525099563535e-10,0.9999447840513831
0.9999873066503386,8.61790918606194e-06,3.8318507275282395e-10,3.892732932267372e-10,3.880638813251642e-10,3.836877765286611e-10,3.8805251028120525e-10,0.9999447840513831,0.9999447840513831,3.8318507254748505e-10,0.9999447840513828,0.9999650632078956,3.820186560917006e-10,1.7173514156865703e-05,3.8390832281229185e-10,0.9999474090837738,3.880525104410377e-10,3.9492681615226443e-10,3.880525105056498e-10,0.9999447840513828,0.9999447840513828,3.836877763673555e-10,3.949268165626509e-10,3.892732932482617e-10,3.893062724356202e-10,0.9999440571214409,3.836877764518247e-10,3.8927329291491025e-10,3.820186573781238e-10,3.8318507355652375e-10,3.88052510155657e-10,3.8318507301594033e-10,3.831850731178636e-10,3.836877759878721e-10,0.9999447840513833,3.8318507319521006e-10,0.9999457895489144,0.9999474090837741,0.9999447840513828,0.9999447840513831,0.9999447840513828,0.9999447840513828,0.999944769554332,4.1527513061921676e-10,3.880525101591343e-10,0.9999447840513831,3.8805250992113963e-10,0.9999447840513828
7.890503510023462e-06,3.2372778799955863e-15,2.826793515213676e-16,5.765610094376203e-13,2.885366754527032e-16,2.8476824769613534e-16,2.8835238894582393e-16,3.820186560917006e-10,3.8201865608812414e-10,2.827660962425073e-16,3.820186560462112e-10,3.820186560917006e-10,2.0279160240539598e-05,6.3712424437826765e-15,2.8491712652051986e-16,3.820199108992053e-10,2.8838167698127283e-16,2.9633881546987574e-16,2.8864669291708143e-16,3.8201865617881943e-10,3.820186560917006e-10,2.843982474668511e-16,2.9645418519288093e-16,5.765610110823718e-13,5.766335123171854e-13,7.594571505894292e-07,2.843982474668511e-16,5.765610111748561e-13,5.590789966591256e-13,2.827660962425073e-16,2.8855669619528594e-16,2.830411451431155e-16,2.827660962425073e-16,2.848767908585952e-16,3.820186560917006e-10,2.830411451431155e-16,3.8201914075077873e-10,3.820199108992053e-10,3.8201865610438837e-10,3.8201865617881943e-10,3.82018656138706e-10,3.820186560462112e-10,3.820186498494558e-10,3.0867280819559924e-16,2.885234769033967e-16,3.820186561586865e-10,2.885234769033967e-16,3.8201865609611207e-10
2.4305135709728416e-05,1.4563853024177072e-10,6.394485921073152e-15,6.5655642733288725e-15,6.532724438836264e-15,6.4467834279388946e-15,6.532976854752716e-15,1.7173514156865703e-05,1.717351415686571e-05,6.394590222640529e-15,1.717351415686569e-05,1.7173514156865703e-05,6.3712424437826765e-15,2.0279446571342663e-05,6.45160588732078e-15,8.638563380944095e-09,6.532843111460661e-15,6.705682610786019e-15,6.532808881626183e-15,1.717351415686571e-05,1.7173514156865714e-05,6.447066184166004e-15,6.705522559180506e-15,6.5654789648300815e-15,6.566261491261707e-15,1.7173500188999218e-05,6.4468025823105895e-15,6.565382324695859e-15,6.371246517585413e-15,6.394590222640529e-15,6.532809546082191e-15,6.394409459476824e-15,6.394590222640529e-15,6.446912127823225e-15,1.7173514156865686e-05,6.394485921073152e-15,1.7173535627065477e-05,8.638563380944095e-09,1.7173514156865703e-05,1.717351415686571e-05,1.717351415686571e-05,1.7173514156865714e-05,1.7173513876323265e-05,6.989393243279473e-15,6.532808881626183e-15,1.7173514156865693e-05,6.532825070136402e-15,1.717351415686571e-05
7.894260369774356e-06,3.2689684700140932e-15,2.8614729828508953e-16,5.824813665582375e-13,5.797830832464601e-13,5.723549988209565e-13,2.917303710597307e-16,3.8390832289754134e-10,3.839083228167765e-10,2.8623379633851145e-16,3.839083227974358e-10,3.8390832281229185e-10,2.8491712652051986e-16,6.45160588732078e-15,2.0279160252375155e-05,3.839095270464852e-10,2.9160346406960183e-16,5.942105996431252e-13,2.917810392491964e-16,3.839083227623678e-10,3.8390832289754134e-10,5.723549985775946e-13,5.942105998413372e-13,5.824813681466209e-13,5.825494128025568e-13,7.632138314474446e-07,5.723549987854328e-13,5.824813682234383e-13,2.8491712652051986e-16,2.8618037206021224e-16,2.917303710597307e-16,2.8618037206021224e-16,2.8618037206021224e-16,5.723549988160022e-13,3.839083228167765e-10,2.861643396828122e-16,3.8390878701768303e-10,3.839095271771446e-10,3.839083228167765e-10,3.8390832281229185e-10,3.839083228642897e-10,3.839083228167765e-10,3.839083168930697e-10,3.120457594900984e-16,2.915437146073485e-16,3.839083228167765e-10,2.914986052060372e-16,3.8390832281229185e-10
0.9999899317823244,4.334950775308956e-09,3.8318632672332055e-10,3.8927448650731365e-10,3.8806508540467595e-10,3.836889811619922e-10,3.8805371391549123e-10,0.999947409083775,0.9999474090837731,3.8318632624552004e-10,0.9999474090837732,0.9999474090837738,3.820199108992053e-10,8.638563380944095e-09,3.839095270464852e-10,0.9999703132664725,3.8805371414423024e-10,3.949279741587927e-10,3.880537140356448e-10,0.9999474090837739,0.9999474090837743,3.8368898104488064e-10,3.949279744591158e-10,3.8927448631002167e-10,3.893074655855227e-10,0.9999466821536416,3.836889809670325e-10,3.892744862373806e-10,3.8201991223858835e-10,3.831863273041931e-10,3.880537138024534e-10,3.831863270254214e-10,3.831863271738084e-10,3.8368898063201805e-10,0.9999474090837736,3.831863271633017e-10,0.9999484145790832,0.9999500341109601,0.9999474090837743,0.9999474090837748,0.9999474090837731,0.9999474090837744,0.999947394586723,4.1527642165754873e-10,3.880537135108056e-10,0.9999474090837738,3.8805371340963244e-10,0.9999474090837743
7.902499369264422e-06,3.308044594975727e-15,2.895458796006564e-16,2.9661027679634515e-16,5.868427165386236e-13,2.912524577633744e-16,5.868436041581373e-13,3.880525103708489e-10,3.880525104410377e-10,2.895458796006564e-16,3.8805251037701396e-10,3.880525104410377e-10,2.8838167698127283e-16,6.532843111460661e-15,2.9160346406960183e-16,3.8805371414423024e-10,2.027916026372417e-05,6.011401451258112e-13,5.868436044073622e-13,3.880525103708489e-10,3.8805251029054174e-10,2.915680977268285e-16,6.011401453344993e-13,2.963732010531434e-16,2.966025027618548e-16,7.714525212712288e-07,2.915053754571596e-16,2.966052227365499e-16,2.8855669619528594e-16,2.891979577533477e-16,5.868436044451203e-13,2.89645232094728e-16,2.895807381910248e-16,2.915271688068845e-16,3.8805251045161077e-10,2.8957041628155297e-16,3.8805297407183525e-10,3.880537141480645e-10,3.880525103497888e-10,3.8805251041804016e-10,3.880525104410377e-10,3.8805251053062487e-10,3.880525043051394e-10,6.279399402092001e-13,5.86843603889488e-13,3.8805251043434244e-10,5.86843604099159e-13,3.8805251053062487e-10
7.916166108638746e-06,3.385172449806374e-15,2.9728325453378126e-16,6.035551529815476e-13,6.011468994622824e-13,5.93827738810273e-13,6.011401450068844e-13,3.949268161071417e-10,3.949268161636033e-10,2.9730499106225565e-16,3.949268161636033e-10,3.9492681615226443e-10,2.9633881546987574e-16,6.705682610786019e-15,5.942105996431252e-13,3.949279741587927e-10,6.011401451258112e-13,2.0279160296457975e-05,6.011401453079685e-13,3.9492681623572013e-10,3.9492681615226443e-10,5.93827738583018e-13,6.142989217414902e-13,6.035551545086801e-13,6.036182969741938e-13,7.851187181942392e-07,5.938277387557112e-13,6.03555154564866e-13,2.9626935265546747e-16,2.971846511233848e-16,6.011401452957325e-13,2.971846511233848e-16,2.9724069465234806e-16,5.938277386909746e-13,3.949268162757811e-10,2.973057583180119e-16,3.9492726141793754e-10,3.949279741576541e-10,3.949268162757817e-10,3.949268161636033e-10,3.949268162757811e-10,3.9492681615226443e-10,3.9492681014946244e-10,6.433037796358712e-13,6.011401447237692e-13,3.9492681612724356e-10,6.011401448775259e-13,3.949268162757811e-10
7.902499369270715e-06,3.308040847066946e-15,2.894670736757225e-16,2.964736266328223e-16,5.868427167208191e-13,2.9162567561641873e-16,5.86843604340307e-13,3.8805251044756203e-10,3.8805251050835013e-10,2.895458796006564e-16,3.8805251050835013e-10,3.880525105056498e-10,2.8864669291708143e-16,6.532808881626183e-15,2.917810392491964e-16,3.880537140356448e-10,5.868436044073622e-13,6.011401453079685e-13,2.027916026372417e-05,3.880525104787257e-10,3.8805251050835013e-10,2.915271689214221e-16,6.011401455166573e-13,2.965003471243822e-16,2.9664794473954606e-16,7.714525213522666e-07,2.915271688068845e-16,2.9666978862328195e-16,2.8835238894582393e-16,2.89645232094728e-16,5.868436046272895e-13,2.895458796006564e-16,2.895458796006564e-16,2.912524577633744e-16,3.880525105301884e-10,2.895670126040126e-16,3.8805297444493543e-10,3.8805371409893926e-10,3.880525105056498e-10,3.8805251044756203e-10,3.8805251044756203e-10,3.880525104787257e-10,3.880525043522785e-10,6.279399404037493e-13,5.868436040716584e-13,3.8805251038033706e-10,5.868436042813281e-13,3.880525104787257e-10
0.999987306650339,8.617909186061941e-06,3.8318507278064493e-10,3.892732931773997e-10,3.8806388117785946e-10,3.836877765286611e-10,3.8805251019697216e-10,0.9999447840513825,0.9999447840513834,3.8318507258443096e-10,0.999944784051384,0.9999447840513828,3.8201865617881943e-10,1.717351415686571e-05,3.839083227623678e-10,0.9999474090837739,3.880525103708489e-10,3.9492681623572013e-10,3.880525104787257e-10,0.9999650632078998,0.9999447840513834,3.8368777639706867e-10,3.949268165626518e-10,3.8927329327783554e-10,3.8930627237658244e-10,0.9999440571214413,3.836877764518247e-10,3.892732933708341e-10,3.8201865729971104e-10,3.831850735755051e-10,3.8805251030766733e-10,3.831850730959999e-10,3.831850729969315e-10,3.8368777587269556e-10,0.9999447840513831,3.8318507323279844e-10,0.9999457895489154,0.9999474090837738,0.9999447840513822,0.9999447840513843,0.9999447840513838,0.9999447840513834,0.9999447695543322,4.1527513068215466e-10,3.880525100114122e-10,0.9999447840513825,3.8805250981478215e-10,0.9999447840513828
0.999987306650339,8.61790918606194e-06,3.8318507275282395e-10,3.892732931773997e-10,3.880638813251642e-10,3.836877765131895e-10,3.880525101969606e-10,0.9999447840513822,0.9999447840513828,3.831850724740876e-10,0.9999447840513831,0.9999447840513828,3.820186560917006e-10,1.7173514156865714e-05,3.8390832289754134e-10,0.9999474090837743,3.8805251029054174e-10,3.9492681615226443e-10,3.8805251050835013e-10,0.9999447840513834,0.999965063207899,3.836877763480769e-10,3.9492681643954824e-10,3.892732931192824e-10,3.8930627228638734e-10,0.9999440571214413,3.8368777639856266e-10,3.8927329291491025e-10,3.820186572919926e-10,3.8318507362341505e-10,3.8805251037098966e-10,3.831850731709256e-10,3.83185073184868e-10,3.8368777614309796e-10,0.9999447840513843,3.8318507318557977e-10,0.9999457895489157,0.9999474090837743,0.9999447840513815,0.9999447840513831,0.9999447840513829,0.9999447840513834,0.9999447695543326,4.152751305649023e-10,3.8805250989269036e-10,0.9999447840513831,3.880525097498198e-10,0.9999447840513838
7.893821909374709e-06,3.2668437263241237e-15,2.8565313025554843e-16,5.820879708795308e-13,2.9154137816987884e-16,5.719584174435364e-13,2.912524577633744e-16,3.836877763673555e-10,3.8368777639706867e-10,2.858107385210448e-16,3.8368777633042097e-10,3.836877763673555e-10,2.843982474668511e-16,6.447066184166004e-15,5.723549985775946e-13,3.8368898104488064e-10,2.915680977268285e-16,5.93827738583018e-13,2.915271689214221e-16,3.8368777639706867e-10,3.836877763480769e-10,2.0279160248173323e-05,5.938277387805107e-13,5.820879724682696e-13,5.82156066661324e-13,7.627753824882563e-07,5.719584174082621e-13,5.820879725453102e-13,2.847554616452801e-16,2.8581087558700564e-16,2.915680977268285e-16,2.856592057507893e-16,2.8578376481066214e-16,5.719584174399854e-13,3.836877763673555e-10,2.856664243907567e-16,3.8368824072668976e-10,3.8368898112785875e-10,3.836877763480769e-10,3.836877763313538e-10,3.836877763673555e-10,3.836877762947639e-10,3.836877703209556e-10,3.118278354098048e-16,2.915053754571596e-16,3.836877763313538e-10,2.915428444325214e-16,3.836877762947639e-10
7.91616611316821e-06,3.3851075382246937e-15,2.971846511233848e-16,6.035551531992675e-13,6.011468996707554e-13,5.938277390077644e-13,6.011401452155723e-13,3.9492681643954824e-10,3.9492681651491696e-10,2.972304005458726e-16,3.9492681640220367e-10,3.949268165626509e-10,2.9645418519288093e-16,6.705522559180506e-15,5.942105998413372e-13,3.949279744591158e-10,6.011401453344993e-13,6.142989217414902e-13,6.011401455166573e-13,3.949268165626518e-10,3.9492681643954824e-10,5.938277387805107e-13,2.0279160296457975e-05,6.03555154726401e-13,6.036182971920685e-13,7.851187187092746e-07,5.938277389532038e-13,6.03555154782587e-13,2.9617687579159193e-16,2.973069404011504e-16,6.01140145504419e-13,2.9724069465234806e-16,2.970552335978141e-16,5.938277388884669e-13,3.949268164821383e-10,2.971846511233848e-16,3.9492726165600845e-10,3.9492797453915946e-10,3.9492681652141513e-10,3.9492681651491696e-10,3.949268164727488e-10,3.94926816612305e-10,3.949268103154991e-10,6.433037798576992e-13,6.011401449324574e-13,3.9492681643954824e-10,6.011401450862139e-13,3.9492681655639065e-10
7.904926396876443e-06,3.322528162451823e-15,2.910872604270949e-16,5.921179958545607e-13,2.9635679030754574e-16,5.820879727069615e-13,2.964327102429033e-16,3.892732931192824e-10,3.8927329327783554e-10,2.910672610874285e-16,3.892732931192824e-10,3.892732932482617e-10,5.765610110823718e-13,6.5654789648300815e-15,5.824813681466209e-13,3.8927448631002167e-10,2.963732010531434e-16,6.035551545086801e-13,2.965003471243822e-16,3.8927329327783554e-10,3.892732931192824e-10,5.820879724682696e-13,6.03555154726401e-13,2.0279160273555075e-05,5.92184624489529e-13,7.738794508617803e-07,5.82087972664455e-13,5.921179974950322e-13,5.765610114198789e-13,2.911938584118659e-16,2.9641691473942175e-16,2.911308859012157e-16,2.90911697148038e-16,5.820879726615077e-13,3.892732933270463e-10,2.9099339200538323e-16,3.89273752579255e-10,3.8927448627205315e-10,3.892732933001323e-10,3.8927329332485244e-10,3.8927329324492595e-10,3.892732933001323e-10,3.892732869686264e-10,3.1746705787549325e-16,2.964327102429033e-16,3.892732931192824e-10,2.964168895118616e-16,3.892732933135884e-10
7.904991968371811e-06,3.3227414905594086e-15,2.91147792370942e-16,5.921846229190293e-13,5.895763612665049e-13,5.821560668999962e-13,2.9643712625433417e-16,3.893062724691426e-10,3.8930627228638734e-10,2.9102898205210283e-16,3.8930627228638734e-10,3.893062724356202e-10,5.766335123171854e-13,6.566261491261707e-15,5.825494128025568e-13,3.893074655855227e-10,2.966025027618548e-16,6.036182969741938e-13,2.9664794473954606e-16,3.8930627237658244e-10,3.8930627228638734e-10,5.82156066661324e-13,6.036182971920685e-13,5.92184624489529e-13,2.0279160271617843e-05,7.739450143179016e-07,5.821560668574422e-13,5.921846245594725e-13,5.766335126553669e-13,2.910095632233913e-16,2.965459669589682e-16,2.9100670452284355e-16,2.9109925881519494e-16,5.821560668542717e-13,3.893062724656677e-10,2.9110004439159534e-16,3.893067320210858e-10,3.8930746558493203e-10,3.893062721915257e-10,3.8930627261670295e-10,3.8930627228638734e-10,3.893062724691562e-10,3.8930626638898517e-10,3.1742066727489624e-16,2.963190545232036e-16,3.8930627215040164e-10,2.9664794473954606e-16,3.893062724356202e-10
0.9999865796937218,8.61790243962452e-06,7.617759983516589e-07,7.738794508907688e-07,7.714751270676813e-07,7.627753826592139e-07,7.714525208050135e-07,0.9999440571214409,0.9999440571214409,7.617759978616007e-07,0.9999440571214396,0.9999440571214409,7.594571505894292e-07,1.7173500188999218e-05,7.632138314474446e-07,0.9999466821536416,7.714525212712288e-07,7.851187181942392e-07,7.714525213522666e-07,0.9999440571214413,0.9999440571214413,7.627753824882563e-07,7.851187187092746e-07,7.738794508617803e-07,7.739450143179016e-07,0.9999636093484618,7.627753824106213e-07,7.738794508561158e-07,7.594571530796727e-07,7.617759999935577e-07,7.714525210134804e-07,7.617759990024743e-07,7.617759990849216e-07,7.627753817083512e-07,0.9999440571214401,7.617759991636504e-07,0.9999450626189302,0.9999466821536407,0.9999440571214401,0.9999440571214413,0.9999440571214413,0.9999440571214413,0.999944042624397,8.255713870073116e-07,7.71452520486417e-07,0.9999440571214413,7.714525200843943e-07,0.9999440571214405
7.893821909359246e-06,3.2667661036200617e-15,2.8565313025554843e-16,5.820879710757159e-13,2.913605821453654e-16,5.719584176517472e-13,2.912524577633744e-16,3.836877762175059e-10,3.836877764518247e-10,2.8581087558700564e-16,3.836877764518247e-10,3.836877764518247e-10,2.843982474668511e-16,6.4468025823105895e-15,5.723549987854328e-13,3.836889809670325e-10,2.915053754571596e-16,5.938277387557112e-13,2.915271688068845e-16,3.836877764518247e-10,3.8368777639856266e-10,5.719584174082621e-13,5.938277389532038e-13,5.82087972664455e-13,5.821560668574422e-13,7.627753824106213e-07,2.0279160248173323e-05,5.820879727414955e-13,2.848767908585952e-16,2.8581087558700564e-16,2.9131120576634595e-16,2.8581087558700564e-16,2.8581087558700564e-16,5.719584176481955e-13,3.8368777649419865e-10,2.8581087558700564e-16,3.836882405975125e-10,3.8368898112887153e-10,3.836877762436333e-10,3.8368777650148104e-10,3.836877765223426e-10,3.8368777637864364e-10,3.836877702609111e-10,3.1152814293564646e-16,2.912524577633744e-16,3.836877762175059e-10,2.915271688068845e-16,3.8368777650148104e-10
7.904926396943584e-06,3.322528162451823e-15,2.9102718364274073e-16,5.921179959245491e-13,2.963419353734139e-16,5.820879727840015e-13,2.9666978862328195e-16,3.892732931344418e-10,3.892732931817065e-10,2.9110145946417424e-16,3.892732931817065e-10,3.8927329291491025e-10,5.765610111748561e-13,6.565382324695859e-15,5.824813682234383e-13,3.892744862373806e-10,2.966052227365499e-16,6.03555154564866e-13,2.9666978862328195e-16,3.892732933708341e-10,3.8927329291491025e-10,5.820879725453102e-13,6.03555154782587e-13,5.921179974950322e-13,5.921846245594725e-13,7.738794508561158e-07,5.820879727414955e-13,2.0279160273555075e-05,5.765610115123636e-13,2.911938583651934e-16,2.9666978862328195e-16,2.9104024203669425e-16,2.909823859548722e-16,5.820879727385487e-13,3.8927329323763544e-10,2.910668246064767e-16,3.8927375271825844e-10,3.8927448626265343e-10,3.892732932195439e-10,3.892732931817065e-10,3.892732931470223e-10,3.8927329321445345e-10,3.892732869830776e-10,3.1739078408694505e-16,2.9666978862328195e-16,3.892732933455326e-10,2.965003471243822e-16,3.892732931730026e-10
7.890503511455888e-06,3.2371200656061682e-15,2.826793515213676e-16,5.765610097751262e-13,2.885366754527032e-16,2.8476824769613534e-16,2.88550255336492e-16,3.82018657411088e-10,3.8201865730444794e-10,2.827660962425073e-16,3.820186573986716e-10,3.820186573781238e-10,5.590789966591256e-13,6.371246517585413e-15,2.8491712652051986e-16,3.8201991223858835e-10,2.8855669619528594e-16,2.9626935265546747e-16,2.8835238894582393e-16,3.8201865729971104e-10,3.820186572919926e-10,2.847554616452801e-16,2.9617687579159193e-16,5.765610114198789e-13,5.766335126553669e-13,7.594571530796727e-07,2.848767908585952e-16,5.765610115123636e-13,2.0279160240539598e-05,2.826793515213676e-16,2.8862638903430535e-16,2.8256373885184975e-16,2.830411451431155e-16,2.848767908585952e-16,3.8201865728893324e-10,2.830411451431155e-16,3.820191422116862e-10,3.820199120088465e-10,3.82018657411088e-10,3.82018657411088e-10,3.820186574041238e-10,3.820186574093751e-10,3.820186510362421e-10,3.0867280819559924e-16,2.8835238894582393e-16,3.8201865738227385e-10,2.885234769033967e-16,3.820186573362464e-10
7.892822445008248e-06,3.248440370221939e-15,-5.051155984372104e-09,2.9111305521724677e-16,2.8937789539638073e-16,2.856592057507893e-16,2.8971729248560117e-16,3.831850735755051e-10,3.8318507352738605e-10,-5.051155984372104e-09,3.8318507352738605e-10,3.8318507355652375e-10,2.827660962425073e-16,6.394590222640529e-15,2.8618037206021224e-16,3.831863273041931e-10,2.891979577533477e-16,2.971846511233848e-16,2.89645232094728e-16,3.831850735755051e-10,3.8318507362341505e-10,2.8581087558700564e-16,2.973069404011504e-16,2.911938584118659e-16,2.910095632233913e-16,7.617759999935577e-07,2.8581087558700564e-16,2.911938583651934e-16,2.826793515213676e-16,3.0321004891668657e-05,2.89645232094728e-16,1.0041805867062384e-05,1.0041805867062372e-05,2.8581087558700564e-16,3.8318507355652375e-10,-5.051155984372104e-09,3.831855578433153e-10,3.8318632758371494e-10,3.8318507361026314e-10,3.8318507352738605e-10,3.83185073638434e-10,3.8318507365197124e-10,3.8318506719477785e-10,3.0958622165210973e-16,2.89645232094728e-16,3.8318507355652375e-10,2.894670736757225e-16,3.8318507352738605e-10
7.902499369264372e-06,3.3080137827146794e-15,2.895458796006564e-16,2.966052227365499e-16,5.868427167588947e-13,2.912524558382213e-16,5.86843604378063e-13,3.880525101864098e-10,3.8805251030766733e-10,2.8956701260401233e-16,3.880525101864098e-10,3.88052510155657e-10,2.8855669619528594e-16,6.532809546082191e-15,2.917303710597307e-16,3.880537138024534e-10,5.868436044451203e-13,6.011401452957325e-13,5.868436046272895e-13,3.8805251030766733e-10,3.8805251037098966e-10,2.915680977268285e-16,6.01140145504419e-13,2.9641691473942175e-16,2.965459669589682e-16,7.714525210134804e-07,2.9131120576634595e-16,2.9666978862328195e-16,2.8862638903430535e-16,2.89645232094728e-16,2.027916026372417e-05,2.896192974695319e-16,2.895540651520922e-16,2.915271688068845e-16,3.8805251037098966e-10,2.8956701260401233e-16,3.880529738868177e-10,3.8805371368668195e-10,3.88052510155657e-10,3.8805251019580227e-10,3.8805251016604837e-10,3.8805251037098966e-10,3.880525041825906e-10,6.27939940446284e-13,5.868436041094153e-13,3.880525101668366e-10,5.868436043190858e-13,3.880525101668366e-10
7.89282244495841e-06,3.2482133216270005e-15,-5.05115598450219e-09,2.9102845468532975e-16,2.8937789539638073e-16,2.856592057507893e-16,2.894670736757225e-16,3.831850731336039e-10,3.831850731268667e-10,-5.051155984372104e-09,3.831850731268667e-10,3.8318507301594033e-10,2.830411451431155e-16,6.394409459476824e-15,2.8618037206021224e-16,3.831863270254214e-10,2.89645232094728e-16,2.971846511233848e-16,2.895458796006564e-16,3.831850730959999e-10,3.831850731709256e-10,2.856592057507893e-16,2.9724069465234806e-16,2.911308859012157e-16,2.9100670452284355e-16,7.617759990024743e-07,2.8581087558700564e-16,2.9104024203669425e-16,2.8256373885184975e-16,1.0041805867062384e-05,2.896192974695319e-16,3.0321004891668657e-05,1.0041805867062357e-05,2.8566636877594093e-16,3.8318507301594033e-10,-5.05115598450219e-09,3.8318555729451185e-10,3.831863270877895e-10,3.8318507303832435e-10,3.831850730999259e-10,3.8318507301594033e-10,3.8318507298104246e-10,3.83185066691997e-10,3.1019882379729823e-16,2.8971729248560117e-16,3.831850731268667e-10,2.8956701260401233e-16,3.831850730959999e-10
7.892822444553945e-06,3.248440370221939e-15,-5.05115598450219e-09,2.9100595650549376e-16,2.896319599783241e-16,2.857901898743331e-16,2.895807381910248e-16,3.8318507308419865e-10,3.8318507310985857e-10,-5.05115598450219e-09,3.831850731178636e-10,3.831850731178636e-10,2.827660962425073e-16,6.394590222640529e-15,2.8618037206021224e-16,3.831863271738084e-10,2.895807381910248e-16,2.9724069465234806e-16,2.895458796006564e-16,3.831850729969315e-10,3.83185073184868e-10,2.8578376481066214e-16,2.970552335978141e-16,2.90911697148038e-16,2.9109925881519494e-16,7.617759990849216e-07,2.8581087558700564e-16,2.909823859548722e-16,2.830411451431155e-16,1.0041805867062372e-05,2.895540651520922e-16,1.0041805867062357e-05,3.0321004891668657e-05,2.858107385210448e-16,3.831850730841987e-10,-5.051155984372104e-09,3.8318555731841737e-10,3.831863271738084e-10,3.831850729969315e-10,3.8318507326462375e-10,3.831850732599201e-10,3.8318507328261876e-10,3.8318506678049333e-10,3.0975613541351584e-16,2.89645232094728e-16,3.8318507310985857e-10,2.894670736757225e-16,3.8318507311786733e-10
7.893821909359256e-06,3.2669247693312015e-15,2.8581087558700564e-16,5.820879710727686e-13,2.9175246476560414e-16,5.719584176834705e-13,2.915271689214221e-16,3.836877759878721e-10,3.8368777590360074e-10,2.8566636877594093e-16,3.836877760026179e-10,3.836877759878721e-10,2.848767908585952e-16,6.446912127823225e-15,5.723549988160022e-13,3.8368898063201805e-10,2.915271688068845e-16,5.938277386909746e-13,2.912524577633744e-16,3.8368777587269556e-10,3.8368777614309796e-10,5.719584174399854e-13,5.938277388884669e-13,5.820879726615077e-13,5.821560668542717e-13,7.627753817083512e-07,5.719584176481955e-13,5.820879727385487e-13,2.848767908585952e-16,2.8581087558700564e-16,2.915271688068845e-16,2.8566636877594093e-16,2.858107385210448e-16,2.0279160248173323e-05,3.836877761730185e-10,2.8581087558700564e-16,3.836882403886727e-10,3.836889807702292e-10,3.8368777608295133e-10,3.8368777590360074e-10,3.8368777587269556e-10,3.836877761730185e-10,3.836877699440532e-10,3.1152814293564646e-16,2.914103769226601e-16,3.8368777594476657e-10,2.915053754571596e-16,3.836877760697615e-10
0.999987306650336,8.617909186061928e-06,3.8318507275282395e-10,3.892732931773997e-10,3.880638813251642e-10,3.836877765205091e-10,3.8805251000911045e-10,0.9999447840513819,0.9999447840513828,3.8318507256884533e-10,0.9999447840513828,0.9999447840513833,3.820186560917006e-10,1.7173514156865686e-05,3.839083228167765e-10,0.9999474090837736,3.8805251045161077e-10,3.949268162757811e-10,3.880525105301884e-10,0.9999447840513831,0.9999447840513843,3.836877763673555e-10,3.949268164821383e-10,3.892732933270463e-10,3.893062724656677e-10,0.9999440571214401,3.8368777649419865e-10,3.8927329323763544e-10,3.8201865728893324e-10,3.8318507355652375e-10,3.8805251037098966e-10,3.8318507301594033e-10,3.831850730841987e-10,3.836877761730185e-10,0.9999650632078914,3.831850731437093e-10,0.9999457895489144,0.9999474090837731,0.9999447840513819,0.9999447840513838,0.9999447840513828,0.9999447840513843,0.9999447695543315,4.152751305818553e-10,3.880525101192567e-10,0.9999447840513831,3.880525099213561e-10,0.9999447840513838
7.892822444788478e-06,3.2482707511103605e-15,1.0041805867062372e-05,2.9097435660422663e-16,2.894756384891813e-16,2.856592057507893e-16,2.895807381910248e-16,3.831850731688057e-10,3.831850730792949e-10,1.0041805867062384e-05,3.831850732013533e-10,3.8318507319521006e-10,2.830411451431155e-16,6.394485921073152e-15,2.861643396828122e-16,3.831863271633017e-10,2.8957041628155297e-16,2.973057583180119e-16,2.895670126040126e-16,3.8318507323279844e-10,3.8318507318557977e-10,2.856664243907567e-16,2.971846511233848e-16,2.9099339200538323e-16,2.9110004439159534e-16,7.617759991636504e-07,2.8581087558700564e-16,2.910668246064767e-16,2.830411451431155e-16,-5.051155984372104e-09,2.8956701260401233e-16,-5.05115598450219e-09,-5.051155984372104e-09,2.8581087558700564e-16,3.831850731437093e-10,3.0321004891668657e-05,3.831855571690525e-10,3.831863269126853e-10,3.8318507310969494e-10,3.831850730953425e-10,3.831850732316651e-10,3.831850732316651e-10,3.831850667442805e-10,3.1019882368065997e-16,2.895458796006564e-16,3.831850731722467e-10,2.895458796006564e-16,3.831850732316651e-10
0.9999883121861334,4.3349427088332644e-09,3.8318555696728106e-10,3.892737525031827e-10,3.8806434527477484e-10,3.8368824088090466e-10,3.8805297387354693e-10,0.9999457895489147,0.9999457895489154,3.8318555670740837e-10,0.9999457895489141,0.9999457895489144,3.8201914075077873e-10,1.7173535627065477e-05,3.8390878701768303e-10,0.9999484145790832,3.8805297407183525e-10,3.9492726141793754e-10,3.8805297444493543e-10,0.9999457895489154,0.9999457895489157,3.8368824072668976e-10,3.9492726165600845e-10,3.89273752579255e-10,3.893067320210858e-10,0.9999450626189302,3.836882405975125e-10,3.8927375271825844e-10,3.820191422116862e-10,3.831855578433153e-10,3.880529738868177e-10,3.8318555729451185e-10,3.8318555731841737e-10,3.836882403886727e-10,0.9999457895489144,3.831855571690525e-10,0.9999670742015153,0.9999484145790839,0.9999457895489132,0.9999457895489153,0.9999457895489153,0.9999457895489157,0.9999457750518643,4.15275628045051e-10,3.880529735596688e-10,0.9999457895489142,3.8805297370558423e-10,0.9999457895489147
0.9999899317823231,4.334950775308956e-09,3.831863265014565e-10,3.8927448632665006e-10,3.8806508550126484e-10,3.836889810846527e-10,3.8805371369067853e-10,0.9999474090837739,0.9999474090837731,3.831863263483117e-10,0.9999474090837731,0.9999474090837741,3.820199108992053e-10,8.638563380944095e-09,3.839095271771446e-10,0.9999500341109601,3.880537141480645e-10,3.949279741576541e-10,3.8805371409893926e-10,0.9999474090837738,0.9999474090837743,3.8368898112785875e-10,3.9492797453915946e-10,3.8927448627205315e-10,3.8930746558493203e-10,0.9999466821536407,3.8368898112887153e-10,3.8927448626265343e-10,3.820199120088465e-10,3.8318632758371494e-10,3.8805371368668195e-10,3.831863270877895e-10,3.831863271738084e-10,3.836889807702292e-10,0.9999474090837731,3.831863269126853e-10,0.9999484145790839,0.999970313266472,0.9999474090837731,0.9999474090837748,0.999947409083775,0.9999474090837743,0.999947394586723,4.152764218391889e-10,3.880537135108056e-10,0.9999474090837739,3.880537133772579e-10,0.9999474090837741
