0.9999999999682289,0.999999982274774,0.9999999835450213,1.0000000024212101,1.0000000068697708,1.0000000103856943,1.0000000024212101,1.000000006481203,0.9999999697075064,-9.814253532465044e-10,1.000000005163786,-1.672793202398737e-10,1.0000000064812058,1.0000000013165373,-1.1675092943892958e-09,-1.1675092943729422e-09,1.0000000068697672,1.000000006869769,0.9999999822422317,-1.167509043234217e-09,1.0000000092555064,5.245017242949588e-09,0.9999999865834186,0.9999999822422331,1.0000000110277776,1.0000000186235996,1.0000000093462331,-1.167509058124711e-09,-3.686360163207982e-10,-2.0462208887547652e-09,-2.320428316503862e-09,1.0000000068697719,-6.145383475585918e-08,1.000000006869767,1.0000000068697694,-2.0462212332620743e-09,-5.676560763080025e-09,1.000000006869768,-2.445172954326966e-09,0.9999999822422287,1.0000000013165347,-2.4271726865971564e-10,0.9999999835450213,1.0000000183441873,0.9999999835450191,5.359900716312357e-09,1.0000000097850088,0.999999982242233,0.9999999822422309,1.000000009292774,4.2011646980836576e-10,-2.427171290116051e-10,0.999999988342269,-2.0643910428674268e-09,-1.167510037177918e-09,1.00000000768509,-2.255417112132965e-09,-2.32042835237114e-09,-1.1675100157737795e-09,0.9999999843784241,1.0000000088111543,-2.3204242626048047e-09,-1.167509026713724e-09,-6.7579129278357935e-09,0.9999999835450201,1.0000000088874512,-2.320425244362761e-09,1.000000009346234,-2.320425174950742e-09,-2.972233959453596e-09,7.987424870404896e-09,-6.120958265559668e-10,-3.8560183704662905e-09,7.987427031786573e-09,-2.3204283398048673e-09,-1.167509059372607e-09
0.999999982274774,0.9999999826390655,1.0000000072756166,1.0000000267378348,1.000000031319711,1.0000000348951499,1.000000026737835,1.0000000309724704,0.9999999932688157,8.614871141878362e-10,1.0000000296487455,1.66587772383727e-09,1.000000030972472,1.0000000256105348,6.771026687594255e-10,6.771030601996229e-10,1.0000000313197082,1.0000000313197086,1.0000000060878667,6.771028503541342e-10,1.0000000337947406,7.0906352687411275e-09,1.0000000103795608,1.0000000060878673,1.0000000355644838,1.0000000434010985,1.0000000339750423,6.771025254421212e-10,1.3965176070934616e-09,-2.585439446901496e-10,-2.42893358353938e-13,1.000000031319712,-5.939541953965839e-08,1.0000000313197075,1.0000000313197097,-2.5854409967030797e-10,-1.915507942731656e-12,1.000000031319709,-3.053763403316648e-13,1.0000000060878647,1.000000025610533,8.093688437462025e-13,1.0000000072756174,1.0000000431013236,1.0000000072756174,7.214954230946659e-09,1.000000034411804,1.0000000060878684,1.0000000060878682,1.0000000339074517,1.1416563101697174e-12,8.093687898644794e-13,1.0000000122980155,-1.1852967930598977e-13,6.771028602842354e-10,1.0000000321403708,-4.19892226875242e-10,-2.4289345603738304e-13,6.771028723787322e-10,1.0000000081469094,1.0000000333241628,-2.428928636172218e-13,6.771028292161553e-10,-5.0544155345668176e-09,1.0000000072756172,1.000000033437773,-2.428931066908195e-13,1.0000000339750417,-2.428930128470801e-13,-5.602129247355671e-13,9.735545725927197e-09,1.2067197543045603e-09,-2.009689111164505e-09,9.735545286954086e-09,-2.4289339542921535e-13,6.771024835283392e-10
0.9999999835450213,1.0000000072756166,0.9999999851849938,1.0000000280160657,1.0000000325960423,1.000000036171163,1.0000000280160661,1.0000000322473839,0.9999999945433452,8.607687593358961e-10,1.0000000309240518,1.6601072207065526e-09,1.0000000322473857,1.0000000268885008,6.761648621233545e-10,6.761652535635665e-10,1.000000032596041,1.0000000325960414,1.0000000073674276,6.761650437180566e-10,1.0000000350709084,7.086949425643665e-09,1.0000000116521242,1.0000000073674293,1.0000000368368387,1.0000000446770907,1.0000000352581706,6.761647188060696e-10,1.4049776896339317e-09,-2.629225916926983e-10,-2.466909891354289e-13,1.0000000325960439,-5.938788949111592e-08,1.0000000325960403,1.0000000325960419,-2.629227466728172e-10,-1.9142136359368817e-12,1.0000000325960412,-3.0896728036732997e-13,1.0000000073674256,1.0000000268884985,8.109254622101389e-13,1.0000000085482492,1.0000000443850858,1.0000000085482492,7.201571975871375e-09,1.0000000356946759,1.0000000073674291,1.0000000073674284,1.000000035190405,1.1424283276886804e-12,8.109253686818606e-13,1.0000000135780607,-1.234323797259779e-13,6.761650536481821e-10,1.0000000334148103,-2.1398051631943043e-13,-2.466910953053273e-13,6.761650657426771e-10,1.000000009420715,1.0000000345954672,-2.466905160431301e-13,6.761650225801043e-10,-5.0458561958747814e-09,1.000000008548249,1.0000000347117464,-2.466907288188019e-13,1.0000000352581695,-2.466906387884909e-13,-5.591716882638834e-13,9.74421704766953e-09,1.2024771740330861e-09,-2.010584243734027e-09,9.744216608696415e-09,-2.4669102285852726e-13,6.761646768922855e-10
1.0000000024212101,1.0000000267378348,1.0000000280160657,1.0000000241559224,1.000000052132998,1.0000000557182824,1.0000000475191781,1.000000051799872,1.0000000139733882,4.35309267470405e-13,1.0000000504725715,8.559340993525183e-13,1.0000000517998746,1.0000000463902947,3.434968462123492e-13,3.4349699969287803e-13,1.000000052132996,1.0000000521329964,1.0000000267963811,3.4349690534014937e-13,1.0000000546202725,3.57272203312662e-12,1.0000000311289732,1.0000000267963818,1.0000000564147025,1.000000064259021,1.0000000547646875,3.4349675682516714e-13,1.3400024354118062e-09,-1.1481438053982823e-13,-4.3323806224856423e-10,1.0000000521329984,-5.9429978401048895e-08,1.0000000521329953,1.000000052132998,-1.148144230435194e-13,-3.831515088241383e-09,1.0000000521329966,-5.604337976779625e-10,1.0000000267963802,1.000000046390292,1.5938745566075415e-09,1.0000000280160646,1.0000000639054412,1.0000000280160644,7.3087168431550624e-09,1.0000000552031068,1.0000000267963822,1.000000026796382,1.0000000546964734,1.1368715934580675e-12,1.5938745540206675e-09,1.0000000330182963,-1.7068691334623956e-10,3.4349692362203235e-13,1.0000000529668465,-3.757727716930446e-10,-4.332382603884526e-10,3.434969399710478e-13,1.0000000288845432,1.0000000541791605,-4.3323707125748857e-10,3.4349690566059916e-13,-5.115383263870238e-09,1.0000000280160644,1.000000054279105,-4.332375543746321e-10,1.0000000547646863,-4.332373705251979e-10,-1.1277971698911964e-09,9.674994115212401e-09,6.205882522087072e-13,-1.0043424003617587e-12,9.67499367623928e-09,-4.3323813612880035e-10,3.4349675534472513e-13
1.0000000068697708,1.000000031319711,1.0000000325960423,1.000000052132998,1.0000000333820445,1.0000000603313017,1.0000000521329984,1.0000000564089109,1.000000018554034,4.3440872653217663e-13,1.000000055082595,8.474126142562903e-13,1.0000000564089138,1.0000000510025837,3.422587910699385e-13,3.4225897972426644e-13,1.0000000567452998,1.0000000567452998,1.000000031400335,3.4225885232217213e-13,1.0000000592344944,3.5677045617135104e-12,1.000000035710597,1.0000000314003357,1.000000061017278,1.000000068879498,1.0000000594021607,3.422586947574655e-13,6.853349132674826e-13,-1.2128857643887034e-13,-2.287472709572623e-13,1.0000000567453036,-2.981014767777642e-11,1.0000000567452993,1.0000000567453018,-1.2128869644409745e-13,-1.9184812664949314e-12,1.000000056745301,-2.91949632882175e-13,1.0000000314003334,1.0000000510025822,8.047672504873613e-13,1.000000032596043,1.0000000685488937,1.0000000325960423,3.64801590301742e-12,1.0000000598397973,1.0000000314003363,1.0000000314003357,1.0000000593330343,1.1393063049654947e-12,8.047672493096286e-13,1.0000000376269533,-1.0032333571615477e-13,3.4225885290586185e-13,1.0000000575735655,-1.9834509986809964e-13,-2.2874734176520606e-13,3.4225886624725025e-13,1.0000000334691455,1.000000058778092,-2.2874675643499024e-13,3.422588703909949e-13,-2.554387534439016e-12,1.0000000325960419,1.0000000588869697,-2.2874697310774623e-13,1.00000005940216,-2.2874690215250534e-13,-5.625014106399308e-13,4.868039874219929e-12,6.144311840610005e-13,-1.005376191728287e-12,4.868039652601195e-12,-2.2874727981696675e-13,3.422586553503911e-13
1.0000000103856943,1.0000000348951499,1.000000036171163,1.0000000557182824,1.0000000603313017,1.0000000405545717,1.0000000557182829,1.0000000599945624,1.0000000221280791,4.3425769299504516e-13,1.0000000586683748,8.458828546068606e-13,1.0000000599945644,1.0000000545874175,3.4204623271111957e-13,3.4204646029532286e-13,1.0000000603313004,1.000000060331301,1.0000000349805322,3.420463239032748e-13,1.00000006282142,3.5668774658258864e-12,1.0000000392864545,1.0000000349805338,1.0000000646020548,1.0000000724691644,1.0000000629938386,3.420461795171933e-13,6.876293338097338e-13,-1.2247686071453825e-13,-2.3080777893791183e-13,1.0000000603313026,-5.939824003756427e-08,1.0000000603313,1.0000000603313013,-1.2247692066160191e-13,-1.917657094348654e-12,1.0000000603313002,-2.938949863753064e-13,1.000000034980532,1.0000000545874157,8.056864385686883e-13,1.0000000361711612,1.0000000721426152,1.0000000361711616,3.644547164245319e-12,1.0000000634313302,1.0000000349805336,1.0000000349805338,1.0000000629244554,1.139753256204688e-12,8.056864417506053e-13,1.000000041208776,-1.0298641193364021e-13,3.4204635149274986e-13,1.0000000611585842,-2.0011822842953464e-13,-2.308078803300169e-13,3.4204635378077147e-13,1.0000000370453623,1.0000000623620942,-2.3080728787245004e-13,3.420463239608581e-13,-2.5522416053680643e-12,1.0000000361711612,1.0000000624728034,-2.308075337574516e-13,1.000000062993838,-2.308074437482594e-13,-5.618327653209662e-13,4.87027254527345e-12,6.133328844589005e-13,-1.005524455274917e-12,4.8702723300271746e-12,-2.308078275022226e-13,3.4204615125239405e-13
1.0000000024212101,1.000000026737835,1.0000000280160661,1.0000000475191781,1.0000000521329984,1.0000000557182829,1.000000024155922,1.0000000517998726,1.000000013973388,4.353092710942887e-13,1.0000000504725715,8.559341530899065e-13,1.0000000517998746,1.0000000463902952,3.4349684621316983e-13,3.434970117851958e-13,1.0000000521329966,1.0000000521329966,1.0000000267963811,3.434969043957481e-13,1.0000000546202725,3.5727220031761515e-12,1.0000000311289734,1.000000026796382,1.000000056414703,1.000000064259021,1.0000000547646881,3.4349674858453826e-13,1.3400024354118548e-09,-1.1481439044325476e-13,-4.3323806224854345e-10,1.0000000521329984,-5.942997840104885e-08,1.0000000521329957,1.000000052132998,-1.1481435769083224e-13,-3.8315150882413225e-09,1.0000000521329966,-5.60433797677943e-10,1.0000000267963804,1.000000046390293,1.5938745566076012e-09,1.0000000280160652,1.0000000639054416,1.0000000280160652,7.308716843155075e-09,1.0000000552031072,1.0000000267963827,1.000000026796382,1.0000000546964734,1.1368715794437757e-12,1.5938745540206687e-09,1.000000033018296,-1.7068691334620955e-10,3.434969168230623e-13,1.0000000529668465,-3.757727716930223e-10,-4.3323826038844314e-10,3.434969459388033e-13,1.0000000288845432,1.0000000541791605,-4.3323707125746753e-10,3.434968986665422e-13,-5.115383263870189e-09,1.0000000280160644,1.0000000542791054,-4.332375543746284e-10,1.0000000547646872,-4.332373705251768e-10,-1.127797169891168e-09,9.67499411521243e-09,6.205881649481143e-13,-1.004342400783721e-12,9.674993676239333e-09,-4.332381361287862e-10,3.4349674400119375e-13
1.000000006481203,1.0000000309724704,1.0000000322473839,1.000000051799872,1.0000000564089109,1.0000000599945624,1.0000000517998726,1.0000000327063991,1.0000000182084643,4.3362920257373475e-13,1.0000000547441557,8.411473198533102e-13,1.0000000560696627,1.0000000506687359,3.412413460439182e-13,3.4124151726164307e-13,1.0000000564089089,1.0000000564089095,1.0000000310672925,3.412414169260786e-13,1.0000000588982394,7.101612357281456e-09,1.0000000353621659,1.000000031067293,1.0000000606727426,1.0000000685442332,1.0000000590814233,3.4124124104286533e-13,6.944612615690192e-13,-2.5124730350322844e-10,-2.369767680690791e-13,1.0000000564089118,-5.9386821391728055e-08,1.0000000564089084,1.0000000564089109,-2.5124745848328043e-10,-1.9156518635860806e-12,1.0000000564089095,-2.997312188840051e-13,1.0000000310672912,1.000000050668734,8.081443355205539e-13,1.0000000322473828,1.0000000682303403,1.000000032247383,7.240703675640065e-09,1.0000000595185035,1.0000000310672936,1.0000000310672932,1.000000059011844,1.1409706759646953e-12,8.081443515381661e-13,1.000000037295609,-1.1094537814876369e-13,3.4124142063465553e-13,1.0000000572331056,-2.0545756921592967e-13,-2.369767831631872e-13,3.412414617117885e-13,1.0000000331232464,1.0000000584311863,-2.369763047758302e-13,3.4124140394693886e-13,-2.5452436621010044e-12,1.0000000322473825,1.00000005854602,-2.3697655056454036e-13,1.0000000590814224,-2.3697644014152983e-13,-5.60227181747593e-13,4.877341852945369e-12,1.2152050744607476e-09,-1.0063275069380242e-12,4.877341660207985e-12,-2.369768295367817e-13,3.4124121029459776e-13
0.9999999697075064,0.9999999932688157,0.9999999945433452,1.0000000139733882,1.000000018554034,1.0000000221280791,1.000000013973388,1.0000000182084643,0.9999999571755563,8.626142639928839e-10,1.0000000168841803,1.6773102359169466e-09,1.0000000182084663,1.0000000128475237,6.786896659486715e-10,6.786900573888596e-10,1.000000018554032,1.0000000185540336,0.9999999933376301,6.786898475433736e-10,1.0000000210264501,7.097001889336879e-09,0.999999997645171,0.9999999933376312,1.0000000228041928,1.0000000306248937,1.0000000211897235,6.786895226313647e-10,1.379184131140876e-09,-2.4977118393845773e-10,-4.686926695962804e-10,1.0000000185540352,-5.9415011734716696e-08,1.0000000185540325,1.0000000185540339,-2.497713389185953e-10,-3.823159246977211e-09,1.0000000185540334,-5.940587577066445e-10,0.9999999933376292,1.0000000128475217,1.6060187340781317e-09,0.9999999945433448,1.0000000303097494,0.9999999945433449,7.2411094684174934e-09,1.0000000216270222,0.999999993337632,0.999999993337632,1.0000000211229596,2.2715827423157706e-09,1.6060187314911766e-09,0.9999999995428244,-2.1634763192043775e-10,6.786898574734837e-10,1.0000000193784213,-4.066662279644511e-10,-4.68692867736071e-10,6.786898695679549e-10,0.9999999954109038,1.0000000205666082,-4.686916786051433e-10,6.78689826405397e-10,-5.070947290464638e-09,0.9999999945433441,1.0000000206736641,-4.686921617222131e-10,1.0000000211897226,-4.686919778728645e-10,-1.1212762458713303e-09,9.71848131107564e-09,1.2149243308619336e-09,-2.0085086762996216e-09,9.718480872102559e-09,-4.68692743476407e-10,6.786894807175582e-10
-9.814253532465044e-10,8.614871141878362e-10,8.607687593358961e-10,4.35309267470405e-13,4.3440872653217663e-13,4.3425769299504516e-13,4.353092710942887e-13,4.3362920257373475e-13,8.626142639928839e-10,-2.3358123936392395e-08,4.338388153661016e-13,2.2000564182852744e-13,4.3362924125515967e-13,4.3513576449344664e-13,4.653798710822582e-12,4.653798710824529e-12,4.344087104735854e-13,4.344087061663733e-13,8.68371097220655e-10,4.653798710827222e-12,4.343338843994524e-13,7.257528794406496e-12,8.607523015423244e-10,8.683710972206181e-10,8.613162666722997e-10,4.343492995332644e-13,4.3814291481488085e-13,4.6537987108087e-12,2.079912996727877e-11,4.633849222240611e-12,-2.0004227001041787e-15,4.344087323557644e-13,2.0903042539051822e-11,4.34408753427602e-13,4.344087061667521e-13,4.633849222235229e-12,5.0007271093958336e-15,4.3440871616352354e-13,-1.718433428646386e-15,8.683710972206549e-10,4.351357933574853e-13,4.686684938556556e-15,8.607687593358558e-10,4.386128537259757e-13,8.607687593358791e-10,-2.535198228453776e-15,4.380082111711777e-13,8.683710972206333e-10,8.683710972206369e-10,4.3804036000525445e-13,2.7205768485878533e-15,4.686684381597153e-15,8.690246811463085e-10,-2.9101889114131665e-15,4.653798710815183e-12,4.33367328812908e-13,-1.2487834338624785e-15,-2.0004013153236322e-15,4.653798710824708e-12,8.620794294659413e-10,4.3168749634494163e-13,-2.00035650620668e-15,4.653798710817493e-12,1.9172710758862413e-11,8.607687593358823e-10,4.3313809639157455e-13,-2.0003236878846784e-15,4.381429148129798e-13,-2.0003360630057068e-15,4.566633523128573e-15,1.8133183749234455e-11,4.0529719839557276e-12,6.4015029506649105e-12,1.8133183749234565e-11,-2.000401315226434e-15,4.653798710807412e-12
1.000000005163786,1.0000000296487455,1.0000000309240518,1.0000000504725715,1.000000055082595,1.0000000586683748,1.0000000504725715,1.0000000547441557,1.0000000168841803,4.338388153661016e-13,1.0000000300551646,8.428738041265562e-13,1.0000000547441577,1.0000000493416215,3.415170661181036e-13,3.415172774609503e-13,1.000000055082593,1.0000000550825932,1.000000029739701,3.415171926266686e-13,1.0000000575719337,7.103778961259587e-09,1.0000000340388078,1.0000000297397031,1.0000000593487244,1.0000000672177853,1.0000000577508688,3.415170298802355e-13,6.919174473458347e-13,-2.4863676841378617e-10,-2.3470709368054233e-13,1.0000000550825963,-5.9391454268692124e-08,1.000000055082593,1.0000000550825952,-2.486369233938722e-10,-1.9164392607341934e-12,1.0000000550825945,-2.9758549750973927e-13,1.0000000297397003,1.0000000493416203,8.072046755754305e-13,1.0000000309240507,1.0000000668992595,1.00000003092405,7.24867101622888e-09,1.000000058188103,1.0000000297397038,1.0000000297397038,1.0000000576814068,1.1405048602058893e-12,8.072046737647583e-13,1.000000035967613,-1.0801474260948553e-13,3.41517150959066e-13,1.0000000559079165,-4.055462178811518e-10,-2.3470721347515357e-13,3.4151715246583794e-13,1.0000000317991722,1.0000000571078136,-2.347065027828796e-13,3.415171560528713e-13,-2.547802663980258e-12,1.0000000309240507,1.0000000572210184,-2.3470685970341703e-13,1.000000057750868,-2.347067259170259e-13,-5.608614829146063e-13,4.874745125218616e-12,1.2177261370363017e-09,-1.006069629369884e-12,4.8747448667682215e-12,-2.3470706513872043e-13,3.4151692492419866e-13
-1.672793202398737e-10,1.66587772383727e-09,1.6601072207065526e-09,8.559340993525183e-13,8.474126142562903e-13,8.458828546068606e-13,8.559341530899065e-13,8.411473198533102e-13,1.6773102359169466e-09,2.2000564182852744e-13,8.428738041265562e-13,-2.3406035467312834e-08,8.411472869017115e-13,1.7034213118905988e-09,-1.925465415057555e-12,-1.9254654150559898e-12,8.47412605025444e-13,8.474126001994651e-13,1.719438600811787e-09,-1.925465415051276e-12,8.464630605804979e-13,-1.9697660573284965e-11,1.659203032086387e-09,1.7194386008117454e-09,8.299189707223429e-13,8.451206388488974e-13,8.764368203645633e-13,-1.9254654150709032e-12,8.582356508803226e-11,-2.754895237740229e-11,-3.049606394587977e-14,8.474126112608146e-13,7.835319473757432e-11,8.474125863001375e-13,8.474126086135147e-13,-2.7548952377407656e-11,3.0018578892366707e-11,8.474125854337085e-13,-2.864812482034373e-14,1.7194386008117425e-09,1.7034213118905744e-09,1.6695314220966132e-14,1.6601072207065551e-09,8.789034401125942e-13,1.6601072207065595e-09,-5.292746725726456e-14,8.753324211290832e-13,1.7194386008117208e-09,1.7194386008117003e-09,8.757148223444032e-13,8.719273874018772e-15,1.66953153221285e-14,1.7230772527445732e-09,-7.913613422899377e-11,-1.9254654150644457e-12,8.391758393696052e-13,-2.5833525583743623e-14,-3.049603724919476e-14,-1.9254654150545264e-12,1.6700714637562113e-09,1.6448779863530402e-09,-3.049604243586226e-14,-1.925465415061956e-12,8.499278714273421e-11,1.6601072207065479e-09,8.36916680139485e-13,-3.0496033631613e-14,8.764367488515047e-13,-3.04960380365838e-14,2.5325891406026222e-11,8.465211995645183e-11,-2.7221222888798642e-11,2.5400361997278125e-13,8.465211995645268e-11,-3.0496017642957995e-14,-1.9254654150726125e-12
1.0000000064812058,1.000000030972472,1.0000000322473857,1.0000000517998746,1.0000000564089138,1.0000000599945644,1.0000000517998746,1.0000000560696627,1.0000000182084663,4.3362924125515967e-13,1.0000000547441577,8.411472869017115e-13,1.0000000327064091,1.000000050668739,3.4124133197097295e-13,3.4124151719706133e-13,1.0000000564089118,1.0000000564089124,1.0000000310672947,3.4124141196366645e-13,1.0000000588982416,7.101612357281541e-09,1.000000035362168,1.0000000310672967,1.000000060672746,1.0000000685442347,1.0000000590814253,3.412412690056495e-13,6.944612866849167e-13,-2.512473035032e-10,-2.369767341725e-13,1.000000056408914,-5.938682139172821e-08,1.000000056408911,1.000000056408913,-2.512474584832004e-10,-1.9156518524555774e-12,1.0000000564089127,-2.997312192518201e-13,1.0000000310672934,1.0000000506687368,8.081443309845796e-13,1.000000032247385,1.0000000682303436,1.0000000322473852,7.240703675640072e-09,1.0000000595185046,1.0000000310672974,1.0000000310672974,1.0000000590118454,1.140970618590601e-12,8.081443696356544e-13,1.0000000372956124,-1.109453917166151e-13,3.412414229885314e-13,1.0000000572331078,-2.0545761520880966e-13,-2.369768349194813e-13,3.4124144306383555e-13,1.0000000331232488,1.0000000584311879,-2.369762696510897e-13,3.4124139049085085e-13,-2.545243636156684e-12,1.0000000322473854,1.000000058546023,-2.3697649722676867e-13,1.0000000590814253,-2.3697641268314156e-13,-5.6022719339655e-13,4.87734187869736e-12,1.2152050744607707e-09,-1.006327434538374e-12,4.877341660207968e-12,-2.3697679490122794e-13,3.4124121195469356e-13
1.0000000013165373,1.0000000256105348,1.0000000268885008,1.0000000463902947,1.0000000510025837,1.0000000545874175,1.0000000463902952,1.0000000506687359,1.0000000128475237,4.3513576449344664e-13,1.0000000493416215,1.7034213118905988e-09,1.000000050668739,1.0000000218982052,3.432841867910544e-13,3.4328439690452803e-13,1.000000051002582,1.0000000510025822,1.0000000256707444,3.432842535027409e-13,1.0000000534893159,7.117894345374467e-09,1.000000030001017,1.000000025670745,1.0000000552823816,1.0000000631266526,1.0000000536358336,3.432840586051263e-13,1.3430559122916405e-09,-1.1565676318678686e-13,-4.360493776768408e-10,1.0000000510025844,-5.9427923200192736e-08,1.0000000510025813,1.0000000510025833,-1.156567662140469e-13,-3.83071542269319e-09,1.0000000510025822,-5.63096944274059e-10,1.0000000256707429,1.000000045261459,1.5949166594503382e-09,1.0000000268884996,1.0000000627760102,1.0000000268884996,7.303575448915092e-09,1.0000000540741603,1.0000000256707453,1.0000000256707453,1.0000000535676328,1.137131634987342e-12,1.5949166568634047e-09,1.0000000318921893,-1.7430997994103456e-10,3.432842191646348e-13,1.000000051835713,-3.782150409399689e-10,-4.360495758167292e-10,3.4328429275536523e-13,1.0000000277571934,1.0000000530465467,-4.360483866857815e-10,3.4328418976331047e-13,-5.112132464632534e-09,1.0000000268885003,1.0000000531472935,-4.360488698029332e-10,1.0000000536358333,-4.3604868595347123e-10,-1.127164587115418e-09,9.678243676568093e-09,6.197496273707134e-13,-2.0018699686923618e-09,9.67824323759496e-09,-4.3604945155710204e-10,3.432840857225692e-13
-1.1675092943892958e-09,6.771026687594255e-10,6.761648621233545e-10,3.434968462123492e-13,3.422587910699385e-13,3.4204623271111957e-13,3.4349684621316983e-13,3.412413460439182e-13,6.786896659486715e-10,4.653798710822582e-12,3.415170661181036e-13,-1.925465415057555e-12,3.4124133197097295e-13,3.432841867910544e-13,-2.3359120199295394e-08,4.124346512288801e-12,3.422587194381533e-13,3.4225876822166453e-13,6.860049779109628e-10,4.124346512291225e-12,3.421444112383876e-13,5.5990056013040105e-12,6.761060964267623e-10,6.860049779109274e-10,3.3942130863724545e-13,3.4209389168684756e-13,3.4708643969680243e-13,4.12434651227352e-12,2.3113137352365018e-11,2.8308584120428763e-12,-3.329059430119822e-15,3.422587671691415e-13,2.284049213507992e-11,3.4225876282165127e-13,3.422587324979974e-13,2.8308584120377848e-12,5.2801907472437675e-15,3.422587671692559e-13,-2.9816915474867774e-15,6.860049779109464e-10,3.43284157949122e-13,5.076546333152255e-15,6.761648621233351e-10,3.476359168551798e-13,6.761648621233745e-10,-4.9281574302942046e-15,3.469093366934601e-13,6.860049779109238e-10,6.860049779109071e-10,3.4695740263850035e-13,2.8978757790722574e-15,5.076551456056536e-15,6.867795756991349e-10,-4.612300834008289e-15,4.1243465122798115e-12,3.409055846746957e-13,-2.416206258733268e-15,-3.329015969373348e-15,4.124346512288988e-12,6.778482317550531e-10,3.3870124317958265e-13,-3.3290539254220138e-15,4.124346512282027e-12,2.1597517949655862e-11,6.761648621233256e-10,3.4058646697071617e-13,-3.328989241527997e-15,3.4708630909245116e-13,-3.3290255621179562e-15,4.769627207686404e-15,2.063989078400764e-11,2.321441325898716e-12,5.816069321841447e-12,2.063989078400772e-11,-3.32900915311117e-15,4.1243465122722764e-12
-1.1675092943729422e-09,6.771030601996229e-10,6.761652535635665e-10,3.4349699969287803e-13,3.4225897972426644e-13,3.4204646029532286e-13,3.434970117851958e-13,3.4124151726164307e-13,6.786900573888596e-10,4.653798710824529e-12,3.415172774609503e-13,-1.9254654150559898e-12,3.4124151719706133e-13,3.4328439690452803e-13,4.124346512288801e-12,-2.3359120199295394e-08,3.4225897708116715e-13,3.422589854367132e-13,6.860053693511774e-10,4.1243465122931385e-12,3.4214461601183304e-13,5.5990056013066496e-12,6.761064878669693e-10,6.860053693511405e-10,3.3942149291687835e-13,3.4209408758275224e-13,3.4708657513850113e-13,4.124346512275434e-12,2.3113137352373906e-11,2.8308584120448667e-12,-3.328989241527997e-15,3.4225899628051717e-13,2.2840492135081597e-11,3.4225895673277167e-13,3.4225897619334704e-13,2.83085841203977e-12,5.2801882737195705e-15,3.422589680389638e-13,-2.98168225915103e-15,6.860053693511398e-10,3.4328441789682217e-13,5.076540567662278e-15,6.761652535635291e-10,3.4763610820367777e-13,6.761652535635723e-10,-4.928241946089689e-15,3.4690953219992733e-13,6.860053693511119e-10,6.860053693511125e-10,3.469575740083695e-13,2.8978341587224875e-15,5.0765532645542615e-15,6.867799671393613e-10,-4.61230025079241e-15,4.1243465122817284e-12,3.409057670941235e-13,-2.416223676947698e-15,-3.329037886332269e-15,4.124346512290898e-12,6.778486231952281e-10,3.3870144854126355e-13,-3.329015969373348e-15,4.124346512283952e-12,2.1597517949654654e-11,6.761652535635395e-10,3.4058664295794e-13,-3.329057279384947e-15,3.4708655857957877e-13,-3.3290116799812923e-15,4.76963707511816e-15,2.063989078400465e-11,2.3214413259015443e-12,5.816069321844155e-12,2.063989078400474e-11,-3.3290438564612428e-15,4.124346512274182e-12
1.0000000068697672,1.0000000313197082,1.000000032596041,1.000000052132996,1.0000000567452998,1.0000000603313004,1.0000000521329966,1.0000000564089089,1.000000018554032,4.344087104735854e-13,1.000000055082593,8.47412605025444e-13,1.0000000564089118,1.000000051002582,3.422587194381533e-13,3.4225897708116715e-13,1.000000033382037,1.000000056745299,1.000000031400333,3.4225885465130923e-13,1.0000000592344929,3.567704545970564e-12,1.0000000357105954,1.0000000314003339,1.0000000610172761,1.0000000688794946,1.0000000594021587,3.422587367052253e-13,6.853348921062108e-13,-1.2128861115674662e-13,-2.287472669548437e-13,1.0000000567453013,-2.981014762409546e-11,1.0000000567452976,1.0000000567452996,-1.2128867199588338e-13,-1.918481263317975e-12,1.000000056745299,-2.919496642235028e-13,1.000000031400331,1.0000000510025802,8.047672501014345e-13,1.0000000325960408,1.0000000685488932,1.00000003259604,3.648015898359573e-12,1.0000000598397956,1.000000031400335,1.0000000314003348,1.000000059333033,1.1393063174421398e-12,8.047672488793788e-13,1.0000000376269527,-1.0032333287695824e-13,3.42258864431911e-13,1.0000000575735641,-1.9834509754112173e-13,-2.287473503634448e-13,3.4225887986670916e-13,1.0000000334691435,1.0000000587780895,-2.287467422765587e-13,3.422588730243734e-13,-2.5543875179335727e-12,1.00000003259604,1.000000058886969,-2.2874697347101806e-13,1.000000059402157,-2.287469006915605e-13,-5.62501423165124e-13,4.8680398587588405e-12,6.144311571074009e-13,-1.0053761917279834e-12,4.868039654794366e-12,-2.2874728899532975e-13,3.422586744045781e-13
1.000000006869769,1.0000000313197086,1.0000000325960414,1.0000000521329964,1.0000000567452998,1.000000060331301,1.0000000521329966,1.0000000564089095,1.0000000185540336,4.344087061663733e-13,1.0000000550825932,8.474126001994651e-13,1.0000000564089124,1.0000000510025822,3.4225876822166453e-13,3.422589854367132e-13,1.000000056745299,1.0000000333820414,1.0000000314003332,3.422588674800104e-13,1.0000000592344933,3.5677045524668433e-12,1.0000000357105958,1.000000031400334,1.0000000610172763,1.0000000688794952,1.0000000594021585,3.4225873761335866e-13,6.853349132674826e-13,-1.212886111288739e-13,-2.28747231119089e-13,1.000000056745301,-2.981014770147186e-11,1.0000000567452987,1.0000000567453005,-1.2128867199590016e-13,-1.9184812813669397e-12,1.0000000567452993,-2.919496652341415e-13,1.0000000314003321,1.0000000510025808,8.047672500026304e-13,1.0000000325960405,1.000000068548893,1.0000000325960403,3.6480158965722105e-12,1.000000059839796,1.0000000314003357,1.0000000314003348,1.0000000593330336,1.1393063049654947e-12,8.047672490345874e-13,1.0000000376269527,-1.0032334045423777e-13,3.4225885290586185e-13,1.0000000575735646,-1.9834500924823508e-13,-2.2874735346488984e-13,3.4225887986670916e-13,1.0000000334691446,1.0000000587780897,-2.2874674830483177e-13,3.422588801125634e-13,-2.5543875483027314e-12,1.0000000325960408,1.0000000588869695,-2.287469812488296e-13,1.0000000594021579,-2.2874689360002604e-13,-5.625013858637712e-13,4.86803987130555e-12,6.144311681973541e-13,-1.005376194916684e-12,4.868039651717125e-12,-2.287472961060823e-13,3.4225864717683754e-13
0.9999999822422317,1.0000000060878667,1.0000000073674276,1.0000000267963811,1.000000031400335,1.0000000349805322,1.0000000267963811,1.0000000310672925,0.9999999933376301,8.68371097220655e-10,1.000000029739701,1.719438600811787e-09,1.0000000310672947,1.0000000256707444,6.860049779109628e-10,6.860053693511774e-10,1.000000031400333,1.0000000314003332,0.9999999827557959,6.860051595056572e-10,1.0000000338795152,7.12563663553859e-09,1.0000000104740034,1.0000000061190508,1.000000035684294,1.0000000434948553,1.0000000339980226,6.860048345936722e-10,1.318319390447262e-09,-2.1802341092477684e-10,-2.0778944886481164e-13,1.0000000314003363,-5.9461290422109623e-08,1.0000000314003321,1.0000000314003346,-2.180235659048597e-10,-3.840299791212934e-09,1.0000000314003337,-2.7217443517128107e-13,1.000000006119048,1.000000025670742,1.5845817212170066e-09,1.0000000073674256,1.000000043122854,1.0000000073674256,7.339564293647496e-09,1.000000034437137,1.0000000061190522,1.0000000061190515,1.000000033931616,1.1346051031008297e-12,1.5845817186300683e-09,1.0000000123282746,-7.322013001709268e-14,6.86005169435777e-10,1.0000000322386122,-1.8033957007446353e-13,-2.0778957770300135e-13,6.860051815302531e-10,1.000000008229055,1.0000000334531507,-2.0778898436862634e-13,6.860051383677128e-10,-5.1344241288062664e-09,1.000000007367426,1.0000000335430907,-2.0778928998509664e-13,1.0000000339980226,-2.077891815437944e-13,-1.1349885472454333e-09,9.654786424301594e-09,1.246250161696638e-09,-2.000905192092653e-09,9.654785985328482e-09,-2.0778955034439613e-13,6.860047926799017e-10
-1.167509043234217e-09,6.771028503541342e-10,6.761650437180566e-10,3.4349690534014937e-13,3.4225885232217213e-13,3.420463239032748e-13,3.434969043957481e-13,3.412414169260786e-13,6.786898475433736e-10,4.653798710827222e-12,3.415171926266686e-13,-1.925465415051276e-12,3.4124141196366645e-13,3.432842535027409e-13,4.124346512291225e-12,4.1243465122931385e-12,3.4225885465130923e-13,3.422588674800104e-13,6.860051595056572e-10,-2.3359120199295394e-08,3.4214447753688655e-13,5.59900560131517e-12,6.761062780214705e-10,6.860051595056207e-10,3.3942133046340404e-13,3.420939839496307e-13,3.470864312731417e-13,4.124346512277846e-12,2.3113137352362255e-11,2.8308584120495483e-12,-3.3290183048322772e-15,3.422588348958001e-13,2.284049213514647e-11,3.422588677518221e-13,3.4225885368994607e-13,2.8308584120444386e-12,5.2801885711479194e-15,3.422588542508487e-13,-2.981682778654604e-15,6.860051595056582e-10,3.4328424756648993e-13,5.076537509979527e-15,6.761650437180585e-10,3.476360213904491e-13,6.76165043718063e-10,-4.928157430295722e-15,3.4690940894585315e-13,6.860051595055977e-10,6.860051595056168e-10,3.4695750805761975e-13,2.8978341587224875e-15,5.076549564518601e-15,6.867797572938744e-10,-4.612293454696941e-15,4.1243465122841405e-12,3.4090567960489037e-13,-2.416223678353093e-15,-3.329015969373348e-15,4.124346512293317e-12,6.778484133497443e-10,3.387013336532296e-13,-3.32900915311117e-15,4.124346512286365e-12,2.159751794967003e-11,6.761650437180492e-10,3.405865328202842e-13,-3.3290237930697224e-15,3.4708649217369514e-13,-3.3289968280199335e-15,4.769617012507277e-15,2.0639890784018484e-11,2.3214413259027895e-12,5.816069321848967e-12,2.063989078401858e-11,-3.32902725800198e-15,4.1243465122766046e-12
1.0000000092555064,1.0000000337947406,1.0000000350709084,1.0000000546202725,1.0000000592344944,1.00000006282142,1.0000000546202725,1.0000000588982394,1.0000000210264501,4.343338843994524e-13,1.0000000575719337,8.464630605804979e-13,1.0000000588982416,1.0000000534893159,3.421444112383876e-13,3.4214461601183304e-13,1.0000000592344929,1.0000000592344933,1.0000000338795152,3.4214447753688655e-13,1.0000000383618666,7.108676186868293e-09,1.0000000381865801,1.0000000338795156,1.0000000635064892,1.0000000713742478,1.0000000618966154,3.4214430657221356e-13,1.3684659576403667e-09,-1.220641369453842e-13,-2.300629109452968e-13,1.000000059234496,-2.980781617227677e-11,1.000000059234492,1.0000000592344942,-1.22064250524864e-13,-1.9178797439820613e-12,1.0000000592344935,-2.9319027214910717e-13,1.0000000338795132,1.0000000534893148,8.053914910544239e-13,1.0000000350709084,1.000000071046066,1.0000000350709075,3.645948095715795e-12,1.0000000623341554,1.0000000338795165,1.0000000338795165,1.0000000618271896,1.1396008064091872e-12,8.053914989374764e-13,1.0000000401083051,-1.0202367695730554e-13,3.421444905546133e-13,1.0000000600621786,-3.97531624167429e-10,-2.300630242166671e-13,3.4214450286113506e-13,1.0000000359450898,1.00000006126664,-2.3006242106682487e-13,3.4214447447312185e-13,-2.553224186505909e-12,1.000000035070908,1.000000061376997,-2.30062650591192e-13,1.0000000618966145,-2.3006258062010525e-13,-5.620129821040627e-13,4.869312494611887e-12,6.137608159754222e-13,-2.003532630860978e-09,4.869312246395988e-12,-2.300629782149233e-13,3.4214430643085055e-13
5.245017242949588e-09,7.0906352687411275e-09,7.086949425643665e-09,3.57272203312662e-12,3.5677045617135104e-12,3.5668774658258864e-12,3.5727220031761515e-12,7.101612357281456e-09,7.097001889336879e-09,7.257528794406496e-12,7.103778961259587e-09,-1.9697660573284965e-11,7.101612357281541e-09,7.117894345374467e-09,5.5990056013040105e-12,5.5990056013066496e-12,3.567704545970564e-12,3.5677045524668433e-12,7.12563663553859e-09,5.59900560131517e-12,7.108676186868293e-09,-2.336216544106197e-08,7.086712938438642e-09,7.125636635538519e-09,7.087446719206321e-09,7.108225920403553e-09,7.14744200896223e-09,5.599005601284086e-12,6.896362756253168e-11,-6.366073916232162e-12,-1.7023289444731203e-14,3.5677045753941314e-12,6.670399379747752e-11,3.567704575393998e-12,3.5677045617111097e-12,-6.366073916243257e-12,1.4128596958985017e-14,3.5677045801662454e-12,-1.5763421129146867e-14,7.125636635538513e-09,7.117894345374421e-09,1.440904046169479e-14,7.086949425643634e-09,3.5887839877874104e-12,7.086949425643717e-09,-5.601126527291836e-11,7.1460381023586365e-09,7.125636635538476e-09,7.125636635538445e-09,7.146446889857143e-09,7.899975427575726e-15,1.440910479314604e-14,7.128616791934879e-09,-2.260992465288844e-14,5.599005601286857e-12,3.5624136037857912e-12,-1.3789001316739275e-14,-1.7023275200560416e-14,5.599005601306952e-12,7.093561770254887e-09,3.5537414391629907e-12,-1.702328854303386e-14,5.599005601295292e-12,6.630982970863481e-11,7.086949425643614e-09,7.096500526096901e-09,-1.7023288859454172e-14,7.147442008962312e-09,-1.7023286531749617e-14,1.240442845922628e-14,6.484773283037806e-11,-6.966499260417289e-12,9.124362395496271e-12,6.484773283037737e-11,-1.702328481394334e-14,5.599005601277997e-12
0.9999999865834186,1.0000000103795608,1.0000000116521242,1.0000000311289732,1.000000035710597,1.0000000392864545,1.0000000311289734,1.0000000353621659,0.999999997645171,8.607523015423244e-10,1.0000000340388078,1.659203032086387e-09,1.000000035362168,1.000000030001017,6.761060964267623e-10,6.761064878669693e-10,1.0000000357105954,1.0000000357105958,1.0000000104740034,6.761062780214705e-10,1.0000000381865801,7.086712938438642e-09,0.9999999913936123,1.000000010474005,1.0000000399517563,1.000000047795943,1.0000000383761622,6.761059531094826e-10,1.4064413577426866e-09,-2.636668786206803e-10,-2.47353408316945e-13,1.0000000357105985,-5.938494775799872e-08,1.0000000357105945,1.000000035710597,-2.6366703360082503e-10,-3.8138177020261145e-09,1.0000000357105951,-3.095900589331245e-13,1.0000000104740012,1.000000030001016,8.112821117212034e-13,1.0000000116521235,1.0000000475051114,1.0000000116521228,7.199637747564801e-09,1.0000000388126153,1.0000000104740048,1.0000000104740048,1.0000000383081813,1.142595869997179e-12,8.112819205902369e-13,1.0000000166862606,-1.242907098639626e-13,6.761062879515847e-10,1.0000000365290849,-2.1454413287441632e-13,-2.4735352005177257e-13,6.761063000460863e-10,1.0000000125253155,1.0000000377099705,-2.4735292289855515e-13,6.761062568835638e-10,-5.044767229640522e-09,1.0000000116521233,1.0000000378271474,-2.4735315987372873e-13,1.0000000383761614,-2.4735306900276634e-13,-1.1137049449653715e-09,9.745452552700866e-09,1.2018752033313077e-09,-2.010516796996378e-09,9.745452113727788e-09,-2.4735347690737534e-13,6.761059111957092e-10
0.9999999822422331,1.0000000060878673,1.0000000073674293,1.0000000267963818,1.0000000314003357,1.0000000349805338,1.000000026796382,1.000000031067293,0.9999999933376312,8.683710972206181e-10,1.0000000297397031,1.7194386008117454e-09,1.0000000310672967,1.000000025670745,6.860049779109274e-10,6.860053693511405e-10,1.0000000314003339,1.000000031400334,1.0000000061190508,6.860051595056207e-10,1.0000000338795156,7.125636635538519e-09,1.000000010474005,0.9999999827557953,1.0000000356842949,1.0000000434948562,1.0000000339980235,6.860048345936333e-10,1.3183193904471652e-09,-2.1802341092481132e-10,-2.0778941924625047e-13,1.0000000314003357,-5.9461290422109895e-08,1.000000031400333,1.0000000314003354,-2.1802356590491075e-10,-3.840299791212995e-09,1.0000000314003346,-2.721744492765929e-13,1.000000006119049,1.0000000256707435,1.5845817212169685e-09,1.0000000073674276,1.0000000431228548,1.0000000073674271,7.339564293647479e-09,1.000000034437138,1.0000000061190522,1.0000000061190515,1.0000000339316157,1.1346051162605654e-12,1.5845817186300497e-09,1.0000000123282755,-7.322014642856308e-14,6.860051694357551e-10,1.0000000322386127,-1.803395981769502e-13,-2.0778958061997555e-13,6.860051815302548e-10,1.0000000082290559,1.0000000334531514,-2.077889932527286e-13,6.860051383676726e-10,-5.134424128806288e-09,1.0000000073674273,1.0000000335430927,-2.0778919850072846e-13,1.0000000339980235,-2.0778913707874868e-13,-1.1349885472454612e-09,9.654786424301578e-09,1.2462501616965855e-09,-2.000905192092695e-09,9.654785985328445e-09,-2.0778951493814445e-13,6.860047926798635e-10
