1.000000002075027,1.000007881773239,1.0000078817732394,1.000007881773242,1.0000078817732405,1.0000078817732405,7.095868570125894e-07,1.0000078817732405,7.037333504693592e-07,7.080194966437602e-07,1.0000078758932178,1.0000078817732436,1.0000078817732405,1.0000078817732394,1.0000078817732436,1.0000078782397692,1.0000078782397677,1.0000078817732394,1.0000078817732405,7.07289817124046e-07,1.0000078817732465,1.0000078817732416,1.0000078817732465,1.000007872564109,1.0000078817732465,1.0000078817732416,1.000007881773242,7.103371620484574e-07,1.0000078817732465,1.0000078817732465,1.0000078817732436,1.0000078817732405,1.0000078817732405,1.0000078817732405,1.0000078817732436,1.0000078817732456,1.0000078817732423,1.0000078735907614,1.000007881773241,1.0000078817732403,1.0000078817732394,1.0000078817732423,1.000007881773241,1.0000078824856158,1.0000078782397663,1.0000078817732405,1.0000078817732436,1.0000078817732436
1.000007881773239,1.0000082411295017,1.0000105435679671,1.0000105435679667,1.0000105435679667,1.0000105435679665,1.5919599787023985e-11,1.0000105435679658,1.2975190992179954e-11,1.513119413110005e-11,1.000010537687926,1.0000105435679663,1.0000105435679676,1.0000105435679658,1.0000105435679658,1.0000105400344788,1.0000105400344792,1.000010543567968,1.0000105435679658,1.4764150954754944e-11,1.0000105435679663,1.0000105435679658,1.0000105435679676,1.0000105343587986,1.0000105435679667,1.0000105435679658,1.0000105435679685,1.6297017928971376e-11,1.0000105435679667,1.0000105435679671,1.0000105435679667,1.0000105435679665,1.0000105435679665,1.0000105435679658,1.000010543567967,1.0000105435679667,1.0000105435679671,1.000010535385454,1.000010543567968,1.0000105435679667,1.000010543567967,1.0000105435679658,1.0000105435679667,1.0000105442803455,1.0000105400344779,1.0000105435679667,1.0000105435679665,1.000010543567967
1.0000078817732394,1.0000105435679671,1.0000082411295044,1.0000105435679691,1.0000105435679694,1.0000105435679694,1.5919599783342062e-11,1.0000105435679685,1.2975191010432112e-11,1.5131194133896716e-11,1.0000105376879294,1.0000105435679687,1.00001054356797,1.0000105435679685,1.0000105435679687,1.0000105400344812,1.0000105400344814,1.0000105435679696,1.0000105435679685,1.4764150928123602e-11,1.0000105435679694,1.0000105435679683,1.00001054356797,1.000010534358801,1.00001054356797,1.0000105435679685,1.0000105435679716,1.629701791793099e-11,1.0000105435679694,1.0000105435679694,1.0000105435679687,1.0000105435679685,1.0000105435679685,1.0000105435679685,1.0000105435679687,1.0000105435679696,1.00001054356797,1.0000105353854567,1.0000105435679696,1.0000105435679691,1.0000105435679696,1.0000105435679687,1.0000105435679703,1.0000105442803477,1.0000105400344805,1.0000105435679687,1.0000105435679687,1.0000105435679687
1.000007881773242,1.0000105435679667,1.0000105435679691,1.0000082411295033,1.0000105435679685,1.000010543567968,1.5919599786177615e-11,1.0000105435679685,1.2975191018150438e-11,1.513119414217836e-11,1.0000105376879294,1.0000105435679687,1.0000105435679696,1.000010543567968,1.0000105435679676,1.0000105400344814,1.0000105400344814,1.0000105435679696,1.0000105435679685,1.4764150931602466e-11,1.0000105435679683,1.0000105435679676,1.0000105435679687,1.0000105343588017,1.0000105435679687,1.0000105435679676,1.00001054356797,1.6297017965711233e-11,1.0000105435679696,1.0000105435679694,1.0000105435679687,1.0000105435679685,1.0000105435679685,1.000010543567968,1.0000105435679685,1.0000105435679696,1.0000105435679687,1.000010535385457,1.0000105435679687,1.0000105435679694,1.0000105435679687,1.0000105435679687,1.0000105435679687,1.0000105442803484,1.0000105400344796,1.0000105435679685,1.0000105435679687,1.0000105435679685
1.0000078817732405,1.0000105435679667,1.0000105435679694,1.0000105435679685,1.000008241129512,1.0000105435679694,1.591959978571443e-11,1.0000105435679685,1.2975191008151558e-11,1.5131194141977295e-11,1.0000105376879294,1.0000105435679687,1.00001054356797,1.0000105435679685,1.000010543567968,1.0000105400344803,1.0000105400344814,1.0000105435679696,1.0000105435679685,1.476415095978083e-11,1.0000105435679687,1.000010543567968,1.00001054356797,1.0000105343588006,1.0000105435679694,1.0000105435679683,1.00001054356797,1.6297017975329457e-11,1.0000105435679694,1.0000105435679694,1.0000105435679687,1.0000105435679685,1.0000105435679685,1.0000105435679685,1.0000105435679687,1.0000105435679694,1.0000105435679696,1.0000105353854567,1.0000105435679696,1.0000105435679687,1.0000105435679694,1.0000105435679687,1.0000105435679696,1.0000105442803477,1.00001054003448,1.0000105435679685,1.0000105435679683,1.0000105435679687
1.0000078817732405,1.0000105435679665,1.0000105435679694,1.000010543567968,1.0000105435679694,1.0000082411295053,1.5919599794470844e-11,1.0000105435679687,1.2975190990090502e-11,1.5131194145858213e-11,1.0000105376879285,1.000010543567968,1.0000105435679694,1.0000105435679687,1.000010543567968,1.00001054003448,1.000010540034481,1.0000105435679694,1.0000105435679687,1.476415093073345e-11,1.0000105435679687,1.0000105435679678,1.0000105435679691,1.0000105343588004,1.0000105435679694,1.000010543567968,1.0000105435679714,1.6297017974912076e-11,1.0000105435679687,1.0000105435679687,1.000010543567968,1.0000105435679687,1.0000105435679687,1.0000105435679687,1.000010543567968,1.0000105435679687,1.0000105435679694,1.0000105353854567,1.0000105435679694,1.0000105435679687,1.0000105435679694,1.000010543567968,1.0000105435679694,1.0000105442803484,1.0000105400344805,1.0000105435679687,1.000010543567968,1.000010543567968
7.095868570125894e-07,1.5919599787023985e-11,1.5919599783342062e-11,1.5919599786177615e-11,1.591959978571443e-11,1.5919599794470844e-11,-2.3024385335512e-06,1.591959976718105e-11,-8.660284323487329e-16,-7.033678314841126e-16,1.5919599900472976e-11,1.591959983768047e-11,1.5919599810551745e-11,1.5919599790345477e-11,1.5919599820534898e-11,1.5919599801412434e-11,1.5919599976560842e-11,1.5919599791205312e-11,1.5919599754952998e-11,-8.274886562405869e-16,1.591959979671535e-11,1.5919599811412294e-11,1.5919599792769223e-11,3.1648366339475404e-08,1.5919599786145807e-11,1.5919599769259267e-11,1.591959980692068e-11,-8.806594911256865e-16,1.5919599806373682e-11,1.5919599788849117e-11,1.5919599788151025e-11,1.591959979128967e-11,1.5919599803496224e-11,1.5919599805378144e-11,1.5919599807452073e-11,1.5919599799624092e-11,1.591959975341839e-11,3.164836637063645e-08,1.5919599806373682e-11,1.591959981365589e-11,1.591959978538172e-11,1.5919599761780902e-11,1.5919599810551745e-11,3.164836664163965e-08,1.5919599544762284e-11,1.591959978868203e-11,1.591959975341839e-11,1.5919599820187763e-11
1.0000078817732405,1.0000105435679658,1.0000105435679685,1.0000105435679685,1.0000105435679685,1.0000105435679687,1.591959976718105e-11,1.000008241129512,1.2975190995028891e-11,1.5131194132955365e-11,1.000010537687929,1.0000105435679687,1.0000105435679696,1.0000105435679687,1.000010543567968,1.0000105400344805,1.0000105400344805,1.0000105435679687,1.0000105435679687,1.4764150943178083e-11,1.0000105435679694,1.0000105435679678,1.0000105435679694,1.000010534358801,1.0000105435679696,1.0000105435679678,1.000010543567971,1.6297017931847344e-11,1.0000105435679694,1.0000105435679694,1.0000105435679687,1.0000105435679687,1.0000105435679687,1.0000105435679687,1.0000105435679687,1.0000105435679694,1.0000105435679696,1.000010535385457,1.00001054356797,1.0000105435679691,1.0000105435679685,1.0000105435679687,1.0000105435679694,1.0000105442803477,1.00001054003448,1.0000105435679687,1.000010543567968,1.0000105435679687
7.037333504693592e-07,1.2975190992179954e-11,1.2975191010432112e-11,1.2975191018150438e-11,1.2975191008151558e-11,1.2975190990090502e-11,-8.660284323487329e-16,1.2975190995028891e-11,-2.3024385342650607e-06,-8.253117795334412e-16,1.2975190860802232e-11,1.2975191057710413e-11,1.2975190996074399e-11,1.2975191002813023e-11,1.29751909929898e-11,1.2975190988356087e-11,1.2975190970927369e-11,1.2975191040175333e-11,1.2975191045673233e-11,-1.5360786864148082e-18,1.2975191008240542e-11,1.297519105179099e-11,1.2975190975479393e-11,1.2975190598336825e-11,1.2975191044824298e-11,1.2975191053193967e-11,1.2975191053464012e-11,1.6891934281262584e-19,1.2975191007088863e-11,1.2975191041359064e-11,1.297519104790442e-11,1.2975191018150438e-11,1.2975191028559242e-11,1.2975191032691056e-11,1.2975191038065916e-11,1.2975191007767374e-11,1.2975191008151558e-11,1.2975190923642261e-11,1.2975191037082616e-11,1.2975191041585587e-11,1.297519103300784e-11,1.2975190994579811e-11,1.2975190998744128e-11,2.5794845781766257e-08,1.2975190958409386e-11,1.2975190998122262e-11,1.2975191004067348e-11,1.2975191018264547e-11
7.080194966437602e-07,1.513119413110005e-11,1.5131194133896716e-11,1.513119414217836e-11,1.5131194141977295e-11,1.5131194145858213e-11,-7.033678314841126e-16,1.5131194132955365e-11,-8.253117795334412e-16,-2.3024385384929092e-06,1.513119416613035e-11,1.5131194134120413e-11,1.513119413931005e-11,1.513119413395657e-11,1.513119413598864e-11,1.513119395959875e-11,1.513119395959875e-11,1.5131194136196572e-11,1.51311941341293e-11,-7.887843859700956e-16,1.51311941339202e-11,1.5131194134325997e-11,1.5131194143386154e-11,1.5131194195318915e-11,1.5131194144077917e-11,1.513119414266337e-11,1.5131194137879096e-11,-8.395150596380716e-16,1.5131194128034626e-11,1.513119414131302e-11,1.5131194138277762e-11,1.5131194128014612e-11,1.5131194129413378e-11,1.5131194138770887e-11,1.5131194127454947e-11,1.513119414882723e-11,1.51311941403303e-11,1.513119430739101e-11,1.513119414020732e-11,1.5131194131107867e-11,1.513119413560039e-11,1.5131194136942508e-11,1.5131194136734537e-11,3.008100612840851e-08,1.5131194097439813e-11,1.513119414233496e-11,1.5131194136215242e-11,1.513119414357682e-11
1.0000078758932178,1.000010537687926,1.0000105376879294,1.0000105376879294,1.0000105376879294,1.0000105376879285,1.5919599900472976e-11,1.000010537687929,1.2975190860802232e-11,1.513119416613035e-11,1.0000082293694244,1.0000105376879287,1.00001053768793,1.0000105376879287,1.000010537687928,1.0000105341544414,1.000010534154441,1.0000105376879294,1.000010537687929,2.9351320144977523e-08,1.0000105376879291,1.0000105376879276,1.0000105376879298,1.0000105284787617,1.00001053768793,1.0000105376879276,1.000010537687931,3.239867917937322e-08,1.0000105376879298,1.0000105376879291,1.000010537687929,1.000010537687929,1.000010537687929,1.000010537687929,1.0000105376879294,1.0000105376879298,1.0000105376879298,1.0000105295054156,1.0000105376879298,1.000010537687929,1.0000105376879294,1.000010537687929,1.0000105376879294,1.0000105384003077,1.00001053415444,1.000010537687929,1.0000105376879285,1.000010537687929
1.0000078817732436,1.0000105435679663,1.0000105435679687,1.0000105435679687,1.0000105435679687,1.000010543567968,1.591959983768047e-11,1.0000105435679687,1.2975191057710413e-11,1.5131194134120413e-11,1.0000105376879287,1.0000082411295055,1.0000105435679691,1.0000105435679687,1.000010543567968,1.000010540034481,1.00001054003448,1.0000105435679687,1.0000105435679691,1.4764150956180425e-11,1.0000105435679676,1.0000105435679671,1.0000105435679687,1.0000105343588013,1.0000105435679685,1.0000105435679674,1.0000105435679696,1.6297017924411837e-11,1.000010543567968,1.000010543567968,1.0000105435679678,1.0000105435679691,1.0000105435679691,1.0000105435679687,1.0000105435679676,1.0000105435679687,1.0000105435679687,1.0000105353854558,1.0000105435679687,1.0000105435679687,1.0000105435679687,1.000010543567968,1.0000105435679687,1.0000105442803477,1.0000105400344799,1.000010543567968,1.0000105435679687,1.0000105435679676
1.0000078817732405,1.0000105435679676,1.00001054356797,1.0000105435679696,1.00001054356797,1.0000105435679694,1.5919599810551745e-11,1.0000105435679696,1.2975190996074399e-11,1.513119413931005e-11,1.00001053768793,1.0000105435679691,1.0000082411295053,1.0000105435679694,1.0000105435679691,1.000010540034482,1.0000105400344814,1.00001054356797,1.0000105435679696,1.4764150917405985e-11,1.00001054356797,1.000010543567968,1.0000105435679703,1.0000105343588026,1.0000105435679703,1.0000105435679683,1.0000105435679718,1.6297017913723206e-11,1.00001054356797,1.00001054356797,1.0000105435679691,1.0000105435679696,1.0000105435679696,1.0000105435679696,1.0000105435679696,1.00001054356797,1.000010543567971,1.0000105353854576,1.00001054356797,1.0000105435679687,1.00001054356797,1.0000105435679696,1.0000105435679703,1.0000105442803493,1.0000105400344812,1.0000105435679694,1.0000105435679694,1.0000105435679691
1.0000078817732394,1.0000105435679658,1.0000105435679685,1.000010543567968,1.0000105435679685,1.0000105435679687,1.5919599790345477e-11,1.0000105435679687,1.2975191002813023e-11,1.513119413395657e-11,1.0000105376879287,1.0000105435679687,1.0000105435679694,1.0000082411295044,1.000010543567968,1.0000105400344803,1.00001054003448,1.0000105435679685,1.0000105435679687,1.4764150940533192e-11,1.0000105435679694,1.0000105435679678,1.0000105435679694,1.000010534358801,1.0000105435679696,1.0000105435679676,1.000010543567971,1.629701790735077e-11,1.0000105435679694,1.0000105435679694,1.0000105435679687,1.0000105435679687,1.0000105435679687,1.0000105435679687,1.0000105435679687,1.0000105435679694,1.0000105435679696,1.0000105353854567,1.0000105435679694,1.0000105435679687,1.0000105435679678,1.0000105435679687,1.0000105435679694,1.0000105442803477,1.00001054003448,1.0000105435679687,1.000010543567968,1.0000105435679687
1.0000078817732436,1.0000105435679658,1.0000105435679687,1.0000105435679676,1.000010543567968,1.000010543567968,1.5919599820534898e-11,1.000010543567968,1.29751909929898e-11,1.513119413598864e-11,1.000010537687928,1.000010543567968,1.0000105435679691,1.000010543567968,1.0000082411295028,1.0000105400344808,1.00001054003448,1.0000105435679694,1.000010543567968,1.4764150947747464e-11,1.0000105435679683,1.0000105435679674,1.0000105435679687,1.0000105343588004,1.0000105435679687,1.0000105435679674,1.0000105435679705,1.6297017942047047e-11,1.0000105435679685,1.0000105435679685,1.000010543567968,1.0000105435679683,1.0000105435679683,1.000010543567968,1.0000105435679685,1.0000105435679694,1.0000105435679691,1.0000105353854563,1.0000105435679687,1.0000105435679685,1.0000105435679687,1.0000105435679687,1.0000105435679687,1.000010544280347,1.0000105400344796,1.0000105435679683,1.0000105435679694,1.0000105435679685
1.0000078782397692,1.0000105400344788,1.0000105400344812,1.0000105400344814,1.0000105400344803,1.00001054003448,1.5919599801412434e-11,1.0000105400344805,1.2975190988356087e-11,1.513119395959875e-11,1.0000105341544414,1.000010540034481,1.000010540034482,1.0000105400344803,1.0000105400344808,1.0000082340625307,1.0000105365009926,1.0000105400344814,1.0000105400344805,1.4764150439371908e-11,1.0000105400344812,1.0000105400344799,1.0000105400344819,1.0000105308253135,1.000010540034482,1.0000105400344796,1.0000105400344825,3.2398679246706794e-08,1.0000105400344812,1.0000105400344814,1.0000105400344814,1.00001054003448,1.00001054003448,1.00001054003448,1.0000105400344812,1.0000105400344823,1.0000105400344816,1.000010531851967,1.0000105400344814,1.000010540034481,1.0000105400344805,1.0000105400344812,1.0000105400344814,1.0000105407468602,1.0000105365009926,1.0000105400344805,1.000010540034481,1.0000105400344812
1.0000078782397677,1.0000105400344792,1.0000105400344814,1.0000105400344814,1.0000105400344814,1.000010540034481,1.5919599976560842e-11,1.0000105400344805,1.2975190970927369e-11,1.513119395959875e-11,1.000010534154441,1.00001054003448,1.0000105400344814,1.00001054003448,1.00001054003448,1.0000105365009926,1.0000082340625303,1.0000105400344819,1.0000105400344808,1.476415072050648e-11,1.0000105400344812,1.0000105400344792,1.0000105400344812,1.0000105308253133,1.0000105400344816,1.0000105400344792,1.0000105400344825,3.239867924670679e-08,1.0000105400344812,1.000010540034481,1.000010540034481,1.000010540034481,1.000010540034481,1.0000105400344808,1.0000105400344808,1.000010540034481,1.0000105400344814,1.0000105318519685,1.0000105400344816,1.000010540034481,1.0000105400344812,1.0000105400344805,1.0000105400344814,1.0000105407468598,1.0000105365009917,1.0000105400344805,1.0000105400344803,1.000010540034481
1.0000078817732394,1.000010543567968,1.0000105435679696,1.0000105435679696,1.0000105435679696,1.0000105435679694,1.5919599791205312e-11,1.0000105435679687,1.2975191040175333e-11,1.5131194136196572e-11,1.0000105376879294,1.0000105435679687,1.00001054356797,1.0000105435679685,1.0000105435679694,1.0000105400344814,1.0000105400344819,1.0000082411295117,1.0000105435679687,1.4764150954754944e-11,1.0000105435679694,1.0000105435679683,1.0000105435679696,1.000010534358801,1.00001054356797,1.0000105435679685,1.0000105435679714,1.6297017908709177e-11,1.0000105435679694,1.0000105435679694,1.0000105435679687,1.0000105435679687,1.0000105435679687,1.0000105435679687,1.0000105435679687,1.0000105435679696,1.0000105435679703,1.000010535385457,1.0000105435679696,1.0000105435679694,1.0000105435679696,1.0000105435679687,1.0000105435679703,1.0000105442803486,1.0000105400344808,1.0000105435679687,1.0000105435679687,1.0000105435679687
1.0000078817732405,1.0000105435679658,1.0000105435679685,1.0000105435679685,1.0000105435679685,1.0000105435679687,1.5919599754952998e-11,1.0000105435679687,1.2975191045673233e-11,1.51311941341293e-11,1.000010537687929,1.0000105435679691,1.0000105435679696,1.0000105435679687,1.000010543567968,1.0000105400344805,1.0000105400344808,1.0000105435679687,1.000008241129512,1.4764150924285652e-11,1.0000105435679694,1.0000105435679678,1.0000105435679694,1.000010534358801,1.0000105435679696,1.0000105435679678,1.000010543567971,1.6297017978693206e-11,1.0000105435679694,1.0000105435679694,1.0000105435679687,1.0000105435679687,1.0000105435679687,1.0000105435679687,1.0000105435679687,1.0000105435679694,1.0000105435679696,1.000010535385457,1.00001054356797,1.0000105435679687,1.0000105435679685,1.0000105435679687,1.0000105435679687,1.0000105442803477,1.00001054003448,1.0000105435679687,1.000010543567968,1.0000105435679687
7.07289817124046e-07,1.4764150954754944e-11,1.4764150928123602e-11,1.4764150931602466e-11,1.476415095978083e-11,1.476415093073345e-11,-8.274886562405869e-16,1.4764150943178083e-11,-1.5360786864148082e-18,-7.887843859700956e-16,2.9351320144977523e-08,1.4764150956180425e-11,1.4764150917405985e-11,1.4764150940533192e-11,1.4764150947747464e-11,1.4764150439371908e-11,1.476415072050648e-11,1.4764150954754944e-11,1.4764150924285652e-11,-2.3024385343275514e-06,1.476415092070431e-11,1.4764150940510157e-11,1.4764150930534543e-11,2.9351320044045077e-08,1.4764150926536304e-11,1.4764150931959465e-11,1.476415093238427e-11,-9.73652236781458e-16,1.4764150916207355e-11,1.4764150939967672e-11,1.476415094332725e-11,1.476415095232931e-11,1.4764150935196187e-11,1.4764150938390294e-11,1.4764150954807832e-11,1.476415094071609e-11,1.4764150923371424e-11,1.4764150999957056e-11,1.4764150945736446e-11,1.476415094626315e-11,1.476415093300272e-11,1.4764150934433746e-11,1.4764150931496515e-11,2.9351320323587357e-08,1.47641509714733e-11,1.4764150942882757e-11,1.4764150945736446e-11,1.4764150938390294e-11
1.0000078817732465,1.0000105435679663,1.0000105435679694,1.0000105435679683,1.0000105435679687,1.0000105435679687,1.591959979671535e-11,1.0000105435679694,1.2975191008240542e-11,1.51311941339202e-11,1.0000105376879291,1.0000105435679676,1.00001054356797,1.0000105435679694,1.0000105435679683,1.0000105400344812,1.0000105400344812,1.0000105435679694,1.0000105435679694,1.476415092070431e-11,1.0000082411295057,1.0000105435679676,1.0000105435679694,1.0000105343588017,1.0000105435679687,1.000010543567968,1.0000105435679705,1.62970179418361e-11,1.0000105435679687,1.0000105435679685,1.000010543567968,1.0000105435679694,1.0000105435679694,1.0000105435679694,1.0000105435679687,1.0000105435679691,1.0000105435679687,1.0000105353854567,1.0000105435679694,1.0000105435679687,1.0000105435679694,1.0000105435679683,1.0000105435679694,1.0000105442803484,1.0000105400344803,1.0000105435679687,1.0000105435679687,1.0000105435679687
1.0000078817732416,1.0000105435679658,1.0000105435679683,1.0000105435679676,1.000010543567968,1.0000105435679678,1.5919599811412294e-11,1.0000105435679678,1.297519105179099e-11,1.5131194134325997e-11,1.0000105376879276,1.0000105435679671,1.000010543567968,1.0000105435679678,1.0000105435679674,1.0000105400344799,1.0000105400344792,1.0000105435679683,1.0000105435679678,1.4764150940510157e-11,1.0000105435679676,1.0000082411295095,1.000010543567968,1.0000105343587995,1.000010543567968,1.0000105435679676,1.0000105435679685,1.6297017945555737e-11,1.0000105435679676,1.0000105435679676,1.0000105435679674,1.0000105435679678,1.0000105435679678,1.0000105435679678,1.0000105435679674,1.0000105435679678,1.000010543567968,1.0000105353854554,1.0000105435679685,1.0000105435679685,1.0000105435679683,1.0000105435679674,1.0000105435679685,1.0000105442803475,1.0000105400344788,1.0000105435679678,1.0000105435679671,1.0000105435679674
1.0000078817732465,1.0000105435679676,1.00001054356797,1.0000105435679687,1.00001054356797,1.0000105435679691,1.5919599792769223e-11,1.0000105435679694,1.2975190975479393e-11,1.5131194143386154e-11,1.0000105376879298,1.0000105435679687,1.0000105435679703,1.0000105435679694,1.0000105435679687,1.0000105400344819,1.0000105400344812,1.0000105435679696,1.0000105435679694,1.4764150930534543e-11,1.0000105435679694,1.000010543567968,1.0000082411295064,1.0000105343588017,1.0000105435679703,1.0000105435679691,1.0000105435679718,1.6297017938814803e-11,1.00001054356797,1.0000105435679694,1.0000105435679694,1.0000105435679694,1.0000105435679694,1.0000105435679694,1.0000105435679694,1.00001054356797,1.0000105435679696,1.0000105353854576,1.00001054356797,1.0000105435679694,1.00001054356797,1.0000105435679694,1.00001054356797,1.0000105442803486,1.000010540034481,1.0000105435679694,1.0000105435679687,1.0000105435679694
1.000007872564109,1.0000105343587986,1.000010534358801,1.0000105343588017,1.0000105343588006,1.0000105343588004,3.1648366339475404e-08,1.000010534358801,1.2975190598336825e-11,1.5131194195318915e-11,1.0000105284787617,1.0000105343588013,1.0000105343588026,1.000010534358801,1.0000105343588004,1.0000105308253135,1.0000105308253133,1.000010534358801,1.000010534358801,2.9351320044045077e-08,1.0000105343588017,1.0000105343587995,1.0000105343588017,1.000008222711183,1.0000105343588026,1.0000105343587995,1.0000105343588028,1.629701695106669e-11,1.0000105343588017,1.000010534358801,1.0000105343588013,1.000010534358801,1.000010534358801,1.000010534358801,1.0000105343588013,1.0000105343588017,1.0000105343588022,1.0000105261762877,1.000010534358801,1.0000105343588013,1.0000105343588006,1.0000105343588013,1.0000105343588017,1.0000105350711812,1.0000105308253133,1.000010534358801,1.0000105343588013,1.0000105343588013
1.0000078817732465,1.0000105435679667,1.00001054356797,1.0000105435679687,1.0000105435679694,1.0000105435679694,1.5919599786145807e-11,1.0000105435679696,1.2975191044824298e-11,1.5131194144077917e-11,1.00001053768793,1.0000105435679685,1.0000105435679703,1.0000105435679696,1.0000105435679687,1.000010540034482,1.0000105400344816,1.00001054356797,1.0000105435679696,1.4764150926536304e-11,1.0000105435679687,1.000010543567968,1.0000105435679703,1.0000105343588026,1.0000082411295057,1.0000105435679685,1.0000105435679714,1.6297017936414344e-11,1.0000105435679696,1.0000105435679687,1.0000105435679687,1.0000105435679696,1.0000105435679696,1.0000105435679696,1.0000105435679696,1.00001054356797,1.00001054356797,1.0000105353854576,1.00001054356797,1.0000105435679694,1.00001054356797,1.0000105435679691,1.00001054356797,1.0000105442803486,1.0000105400344812,1.0000105435679694,1.0000105435679694,1.0000105435679696
1.0000078817732416,1.0000105435679658,1.0000105435679685,1.0000105435679676,1.0000105435679683,1.000010543567968,1.5919599769259267e-11,1.0000105435679678,1.2975191053193967e-11,1.513119414266337e-11,1.0000105376879276,1.0000105435679674,1.0000105435679683,1.0000105435679676,1.0000105435679674,1.0000105400344796,1.0000105400344792,1.0000105435679685,1.0000105435679678,1.4764150931959465e-11,1.000010543567968,1.0000105435679676,1.0000105435679691,1.0000105343587995,1.0000105435679685,1.0000082411295095,1.0000105435679691,1.6297017945555737e-11,1.0000105435679678,1.0000105435679678,1.0000105435679685,1.0000105435679678,1.0000105435679678,1.0000105435679678,1.0000105435679685,1.0000105435679685,1.0000105435679683,1.0000105353854558,1.0000105435679685,1.0000105435679685,1.0000105435679683,1.0000105435679685,1.0000105435679685,1.0000105442803477,1.0000105400344796,1.0000105435679676,1.0000105435679671,1.000010543567968
1.000007881773242,1.0000105435679685,1.0000105435679716,1.00001054356797,1.00001054356797,1.0000105435679714,1.591959980692068e-11,1.000010543567971,1.2975191053464012e-11,1.5131194137879096e-11,1.000010537687931,1.0000105435679696,1.0000105435679718,1.000010543567971,1.0000105435679705,1.0000105400344825,1.0000105400344825,1.0000105435679714,1.000010543567971,1.476415093238427e-11,1.0000105435679705,1.0000105435679685,1.0000105435679718,1.0000105343588028,1.0000105435679714,1.0000105435679691,1.0000082411295133,1.629701798480053e-11,1.0000105435679714,1.0000105435679705,1.0000105435679705,1.000010543567971,1.000010543567971,1.000010543567971,1.000010543567971,1.0000105435679718,1.0000105435679718,1.0000105353854578,1.0000105435679718,1.0000105435679714,1.0000105435679716,1.000010543567971,1.000010543567972,1.0000105442803495,1.0000105400344814,1.0000105435679714,1.000010543567971,1.000010543567971
7.103371620484574e-07,1.6297017928971376e-11,1.629701791793099e-11,1.6297017965711233e-11,1.6297017975329457e-11,1.6297017974912076e-11,-8.806594911256865e-16,1.6297017931847344e-11,1.6891934281262584e-19,-8.395150596380716e-16,3.239867917937322e-08,1.6297017924411837e-11,1.6297017913723206e-11,1.629701790735077e-11,1.6297017942047047e-11,3.2398679246706794e-08,3.239867924670679e-08,1.6297017908709177e-11,1.6297017978693206e-11,-9.73652236781458e-16,1.62970179418361e-11,1.6297017945555737e-11,1.6297017938814803e-11,1.629701695106669e-11,1.6297017936414344e-11,1.6297017945555737e-11,1.629701798480053e-11,-2.302438533450861e-06,1.629701790897932e-11,1.6297017917085447e-11,1.629701792899106e-11,1.629701799337566e-11,1.629701798480053e-11,1.629701792040316e-11,1.629701795675182e-11,1.629701789056124e-11,1.629701790897932e-11,3.239867909985109e-08,1.6297017969661192e-11,1.629701790897932e-11,1.629701793636417e-11,1.6297017908709177e-11,1.6297017888897564e-11,3.2398679376724386e-08,3.2398679246706914e-08,1.6297017942047047e-11,1.629701798607958e-11,1.6297017938119932e-11
1.0000078817732465,1.0000105435679667,1.0000105435679694,1.0000105435679696,1.0000105435679694,1.0000105435679687,1.5919599806373682e-11,1.0000105435679694,1.2975191007088863e-11,1.5131194128034626e-11,1.0000105376879298,1.000010543567968,1.00001054356797,1.0000105435679694,1.0000105435679685,1.0000105400344812,1.0000105400344812,1.0000105435679694,1.0000105435679694,1.4764150916207355e-11,1.0000105435679687,1.0000105435679676,1.00001054356797,1.0000105343588017,1.0000105435679696,1.0000105435679678,1.0000105435679714,1.629701790897932e-11,1.0000082411295097,1.0000105435679687,1.0000105435679683,1.0000105435679694,1.0000105435679694,1.0000105435679694,1.0000105435679687,1.0000105435679691,1.0000105435679687,1.0000105353854567,1.0000105435679696,1.0000105435679687,1.0000105435679694,1.0000105435679683,1.00001054356797,1.0000105442803486,1.0000105400344805,1.0000105435679685,1.0000105435679685,1.0000105435679687
1.0000078817732465,1.0000105435679671,1.0000105435679694,1.0000105435679694,1.0000105435679694,1.0000105435679687,1.5919599788849117e-11,1.0000105435679694,1.2975191041359064e-11,1.513119414131302e-11,1.0000105376879291,1.000010543567968,1.00001054356797,1.0000105435679694,1.0000105435679685,1.0000105400344814,1.000010540034481,1.0000105435679694,1.0000105435679694,1.4764150939967672e-11,1.0000105435679685,1.0000105435679676,1.0000105435679694,1.000010534358801,1.0000105435679687,1.0000105435679678,1.0000105435679705,1.6297017917085447e-11,1.0000105435679687,1.0000082411295055,1.0000105435679683,1.0000105435679694,1.0000105435679694,1.0000105435679694,1.000010543567968,1.0000105435679696,1.0000105435679691,1.0000105353854567,1.0000105435679694,1.0000105435679687,1.0000105435679694,1.0000105435679687,1.0000105435679694,1.0000105442803486,1.0000105400344803,1.0000105435679687,1.0000105435679694,1.000010543567968
1.0000078817732436,1.0000105435679667,1.0000105435679687,1.0000105435679687,1.0000105435679687,1.000010543567968,1.5919599788151025e-11,1.0000105435679687,1.297519104790442e-11,1.5131194138277762e-11,1.000010537687929,1.0000105435679678,1.0000105435679691,1.0000105435679687,1.000010543567968,1.0000105400344814,1.000010540034481,1.0000105435679687,1.0000105435679687,1.476415094332725e-11,1.000010543567968,1.0000105435679674,1.0000105435679694,1.0000105343588013,1.0000105435679687,1.0000105435679685,1.0000105435679705,1.629701792899106e-11,1.0000105435679683,1.0000105435679683,1.000008241129509,1.0000105435679687,1.0000105435679687,1.0000105435679687,1.000010543567968,1.0000105435679687,1.0000105435679687,1.0000105353854558,1.0000105435679687,1.0000105435679691,1.0000105435679687,1.000010543567968,1.0000105435679687,1.0000105442803477,1.00001054003448,1.0000105435679685,1.0000105435679694,1.000010543567968
1.0000078817732405,1.0000105435679665,1.0000105435679685,1.0000105435679685,1.0000105435679685,1.0000105435679687,1.591959979128967e-11,1.0000105435679687,1.2975191018150438e-11,1.5131194128014612e-11,1.000010537687929,1.0000105435679691,1.0000105435679696,1.0000105435679687,1.0000105435679683,1.00001054003448,1.000010540034481,1.0000105435679687,1.0000105435679687,1.476415095232931e-11,1.0000105435679694,1.0000105435679678,1.0000105435679694,1.000010534358801,1.0000105435679696,1.0000105435679678,1.000010543567971,1.629701799337566e-11,1.0000105435679694,1.0000105435679694,1.0000105435679687,1.000008241129512,1.0000105435679687,1.0000105435679687,1.0000105435679687,1.0000105435679694,1.0000105435679696,1.000010535385457,1.00001054356797,1.0000105435679691,1.0000105435679685,1.0000105435679687,1.0000105435679694,1.0000105442803477,1.00001054003448,1.0000105435679687,1.000010543567968,1.0000105435679687
1.0000078817732405,1.0000105435679665,1.0000105435679685,1.0000105435679685,1.0000105435679685,1.0000105435679687,1.5919599803496224e-11,1.0000105435679687,1.2975191028559242e-11,1.5131194129413378e-11,1.000010537687929,1.0000105435679691,1.0000105435679696,1.0000105435679687,1.0000105435679683,1.00001054003448,1.000010540034481,1.0000105435679687,1.0000105435679687,1.4764150935196187e-11,1.0000105435679694,1.0000105435679678,1.0000105435679694,1.000010534358801,1.0000105435679696,1.0000105435679678,1.000010543567971,1.629701798480053e-11,1.0000105435679694,1.0000105435679694,1.0000105435679687,1.0000105435679687,1.000008241129512,1.0000105435679687,1.0000105435679687,1.0000105435679694,1.0000105435679696,1.000010535385457,1.00001054356797,1.0000105435679691,1.0000105435679685,1.0000105435679687,1.0000105435679694,1.0000105442803477,1.00001054003448,1.0000105435679687,1.000010543567968,1.0000105435679687
1.0000078817732405,1.0000105435679658,1.0000105435679685,1.000010543567968,1.0000105435679685,1.0000105435679687,1.5919599805378144e-11,1.0000105435679687,1.2975191032691056e-11,1.5131194138770887e-11,1.000010537687929,1.0000105435679687,1.0000105435679696,1.0000105435679687,1.000010543567968,1.00001054003448,1.0000105400344808,1.0000105435679687,1.0000105435679687,1.4764150938390294e-11,1.0000105435679694,1.0000105435679678,1.0000105435679694,1.000010534358801,1.0000105435679696,1.0000105435679678,1.000010543567971,1.629701792040316e-11,1.0000105435679694,1.0000105435679694,1.0000105435679687,1.0000105435679687,1.0000105435679687,1.000008241129512,1.0000105435679687,1.0000105435679694,1.0000105435679696,1.000010535385457,1.00001054356797,1.0000105435679691,1.0000105435679685,1.0000105435679687,1.0000105435679694,1.0000105442803477,1.00001054003448,1.0000105435679687,1.000010543567968,1.0000105435679687
1.0000078817732436,1.000010543567967,1.0000105435679687,1.0000105435679685,1.0000105435679687,1.000010543567968,1.5919599807452073e-11,1.0000105435679687,1.2975191038065916e-11,1.5131194127454947e-11,1.0000105376879294,1.0000105435679676,1.0000105435679696,1.0000105435679687,1.0000105435679685,1.0000105400344812,1.0000105400344808,1.0000105435679687,1.0000105435679687,1.4764150954807832e-11,1.0000105435679687,1.0000105435679674,1.0000105435679694,1.0000105343588013,1.0000105435679696,1.0000105435679685,1.000010543567971,1.629701795675182e-11,1.0000105435679687,1.000010543567968,1.000010543567968,1.0000105435679687,1.0000105435679687,1.0000105435679687,1.000008241129509,1.0000105435679687,1.0000105435679691,1.0000105353854567,1.0000105435679687,1.0000105435679687,1.0000105435679687,1.000010543567968,1.00001054356797,1.0000105442803482,1.00001054003448,1.0000105435679687,1.0000105435679685,1.000010543567968
1.0000078817732456,1.0000105435679667,1.0000105435679696,1.0000105435679696,1.0000105435679694,1.0000105435679687,1.5919599799624092e-11,1.0000105435679694,1.2975191007767374e-11,1.513119414882723e-11,1.0000105376879298,1.0000105435679687,1.00001054356797,1.0000105435679694,1.0000105435679694,1.0000105400344823,1.000010540034481,1.0000105435679696,1.0000105435679694,1.476415094071609e-11,1.0000105435679691,1.0000105435679678,1.00001054356797,1.0000105343588017,1.00001054356797,1.0000105435679685,1.0000105435679718,1.629701789056124e-11,1.0000105435679691,1.0000105435679696,1.0000105435679687,1.0000105435679694,1.0000105435679694,1.0000105435679694,1.0000105435679687,1.0000082411295044,1.0000105435679696,1.0000105353854567,1.0000105435679696,1.0000105435679687,1.0000105435679694,1.0000105435679687,1.0000105435679705,1.0000105442803486,1.000010540034481,1.0000105435679687,1.0000105435679694,1.0000105435679687
1.0000078817732423,1.0000105435679671,1.00001054356797,1.0000105435679687,1.0000105435679696,1.0000105435679694,1.591959975341839e-11,1.0000105435679696,1.2975191008151558e-11,1.51311941403303e-11,1.0000105376879298,1.0000105435679687,1.000010543567971,1.0000105435679696,1.0000105435679691,1.0000105400344816,1.0000105400344814,1.0000105435679703,1.0000105435679696,1.4764150923371424e-11,1.0000105435679687,1.000010543567968,1.0000105435679696,1.0000105343588022,1.00001054356797,1.0000105435679683,1.0000105435679718,1.629701790897932e-11,1.0000105435679687,1.0000105435679691,1.0000105435679687,1.0000105435679696,1.0000105435679696,1.0000105435679696,1.0000105435679691,1.0000105435679696,1.0000082411295077,1.0000105353854563,1.000010543567971,1.0000105435679707,1.00001054356797,1.0000105435679687,1.0000105435679711,1.0000105442803493,1.0000105400344805,1.00001054356797,1.0000105435679687,1.0000105435679691
1.0000078735907614,1.000010535385454,1.0000105353854567,1.000010535385457,1.0000105353854567,1.0000105353854567,3.164836637063645e-08,1.000010535385457,1.2975190923642261e-11,1.513119430739101e-11,1.0000105295054156,1.0000105353854558,1.0000105353854576,1.0000105353854567,1.0000105353854563,1.000010531851967,1.0000105318519685,1.000010535385457,1.000010535385457,1.4764150999957056e-11,1.0000105353854567,1.0000105353854554,1.0000105353854576,1.0000105261762877,1.0000105353854576,1.0000105353854558,1.0000105353854578,3.239867909985109e-08,1.0000105353854567,1.0000105353854567,1.0000105353854558,1.000010535385457,1.000010535385457,1.000010535385457,1.0000105353854567,1.0000105353854567,1.0000105353854563,1.0000082247644853,1.0000105353854578,1.0000105353854567,1.0000105353854567,1.0000105353854558,1.0000105353854576,1.000010536097836,1.000010531851966,1.0000105353854567,1.0000105353854576,1.0000105353854563
1.000007881773241,1.000010543567968,1.0000105435679696,1.0000105435679687,1.0000105435679696,1.0000105435679694,1.5919599806373682e-11,1.00001054356797,1.2975191037082616e-11,1.513119414020732e-11,1.0000105376879298,1.0000105435679687,1.00001054356797,1.0000105435679694,1.0000105435679687,1.0000105400344814,1.0000105400344816,1.0000105435679696,1.00001054356797,1.4764150945736446e-11,1.0000105435679694,1.0000105435679685,1.00001054356797,1.000010534358801,1.00001054356797,1.0000105435679685,1.0000105435679718,1.6297017969661192e-11,1.0000105435679696,1.0000105435679694,1.0000105435679687,1.00001054356797,1.00001054356797,1.00001054356797,1.0000105435679687,1.0000105435679696,1.000010543567971,1.0000105353854578,1.0000082411295053,1.0000105435679694,1.0000105435679696,1.0000105435679687,1.0000105435679703,1.0000105442803493,1.000010540034481,1.0000105435679694,1.0000105435679687,1.0000105435679687
1.0000078817732403,1.0000105435679667,1.0000105435679691,1.0000105435679694,1.0000105435679687,1.0000105435679687,1.591959981365589e-11,1.0000105435679691,1.2975191041585587e-11,1.5131194131107867e-11,1.000010537687929,1.0000105435679687,1.0000105435679687,1.0000105435679687,1.0000105435679685,1.000010540034481,1.000010540034481,1.0000105435679694,1.0000105435679687,1.476415094626315e-11,1.0000105435679687,1.0000105435679685,1.0000105435679694,1.0000105343588013,1.0000105435679694,1.0000105435679685,1.0000105435679714,1.629701790897932e-11,1.0000105435679687,1.0000105435679687,1.0000105435679691,1.0000105435679691,1.0000105435679691,1.0000105435679691,1.0000105435679687,1.0000105435679687,1.0000105435679707,1.0000105353854567,1.0000105435679694,1.0000082411295075,1.0000105435679691,1.0000105435679687,1.0000105435679696,1.0000105442803486,1.000010540034481,1.0000105435679694,1.0000105435679685,1.0000105435679687
1.0000078817732394,1.000010543567967,1.0000105435679696,1.0000105435679687,1.0000105435679694,1.0000105435679694,1.591959978538172e-11,1.0000105435679685,1.297519103300784e-11,1.513119413560039e-11,1.0000105376879294,1.0000105435679687,1.00001054356797,1.0000105435679678,1.0000105435679687,1.0000105400344805,1.0000105400344812,1.0000105435679696,1.0000105435679685,1.476415093300272e-11,1.0000105435679694,1.0000105435679683,1.00001054356797,1.0000105343588006,1.00001054356797,1.0000105435679683,1.0000105435679716,1.629701793636417e-11,1.0000105435679694,1.0000105435679694,1.0000105435679687,1.0000105435679685,1.0000105435679685,1.0000105435679685,1.0000105435679687,1.0000105435679694,1.00001054356797,1.0000105353854567,1.0000105435679696,1.0000105435679691,1.0000082411295115,1.0000105435679687,1.0000105435679703,1.0000105442803477,1.0000105400344794,1.0000105435679685,1.0000105435679687,1.0000105435679687
1.0000078817732423,1.0000105435679658,1.0000105435679687,1.0000105435679687,1.0000105435679687,1.000010543567968,1.5919599761780902e-11,1.0000105435679687,1.2975190994579811e-11,1.5131194136942508e-11,1.000010537687929,1.000010543567968,1.0000105435679696,1.0000105435679687,1.0000105435679687,1.0000105400344812,1.0000105400344805,1.0000105435679687,1.0000105435679687,1.4764150934433746e-11,1.0000105435679683,1.0000105435679674,1.0000105435679694,1.0000105343588013,1.0000105435679691,1.0000105435679685,1.000010543567971,1.6297017908709177e-11,1.0000105435679683,1.0000105435679687,1.000010543567968,1.0000105435679687,1.0000105435679687,1.0000105435679687,1.000010543567968,1.0000105435679687,1.0000105435679687,1.0000105353854558,1.0000105435679687,1.0000105435679687,1.0000105435679687,1.0000082411295093,1.00001054356797,1.0000105442803482,1.00001054003448,1.0000105435679687,1.0000105435679685,1.000010543567968
