1.0000000020552533,0.4633696713326772,0.4633696713326735,0.4633696713326755,0.4633696712317311,0.4633696713326717,0.5366353299645703,0.5366353299645694,0.46336967133267054,0.5366354135501273,0.5366353477179872,0.5366353299645694,3.8616428371044273e-07,0.4633696713326725,0.4633696713326727,0.5366353299645682,0.5366354135501276,0.4633696713326718,0.5366353299645698,0.5366354135501289,0.4633696715587197,0.5366353299645676,0.5366353299645674,0.4633696713326717,0.46336967133267254,0.4633696713326721,0.46336967133267243,0.4633696713326735,0.5366353477179883,0.46336967133267154,0.4633696730355999,1.0000045879877018,0.5366353299645682,0.4633696713326702,0.46336967133267154,0.5366353299645688,4.685903938408775e-07,0.5366353299645681,0.5366353299645676,0.5366354135501281,0.46336967133267165,0.4633696713326722,0.5366353299645694,0.536635330809765,0.5366353299645685,0.5366354135501273,0.4633696713326721,0.5366353449534402,0.4633696713326709,0.536635404044835,4.709188334340337e-07
0.4633696713326772,0.463369649808617,0.46337009231718024,0.46337009231718,0.46337009259131134,0.46337009231717996,1.1726168076325581e-11,1.1726167805931267e-11,0.4633700923171804,1.1101995759839204e-11,1.1558008643422942e-11,1.1726167319049925e-11,1.0405213616628359e-11,0.4633700923171797,0.4633700923171795,1.172616837805262e-11,1.1101996487871797e-11,0.46337009231717974,1.1726168104668487e-11,1.1101996177869603e-11,0.46337009103717103,1.1726168155523853e-11,1.1726167966098548e-11,0.46337009231717974,0.4633700923171795,0.4633700923171799,0.4633700923171795,0.4633700923171795,1.1558009223566235e-11,0.4633700923171797,0.4633700931930975,0.4633700849968377,1.1726168420392606e-11,0.46337009231718024,0.4633700923171799,1.1726167742178321e-11,1.1937539421024475e-11,1.1726168273329074e-11,1.1726168067887353e-11,1.1101995612145583e-11,0.4633700923171797,0.4633700923171799,1.172616808624287e-11,1.2314741598871594e-11,1.1726168201939143e-11,1.1101995731814711e-11,0.46337009231717974,1.2193561751934465e-11,0.4633700923171797,1.1219119241050398e-11,1.2552881271405989e-11
0.4633696713326735,0.46337009231718024,0.46336964980861445,0.4633700923171775,0.4633700925913088,0.46337009231717735,1.172616684750162e-11,1.1726166585361349e-11,0.4633700923171775,1.1101994510246635e-11,1.1558007475502219e-11,1.1726166083112476e-11,1.0405213584512369e-11,0.46337009231717763,0.4633700923171771,1.1726167190492008e-11,1.1101995192051666e-11,0.46337009231717785,1.1726166851529252e-11,1.1101994975346183e-11,0.4633700910371687,1.172616689587745e-11,1.1726166766975494e-11,0.4633700923171773,0.4633700923171772,0.46337009231717746,0.4633700923171773,0.4633700923171773,1.1558008010019497e-11,0.46337009231717724,0.4633700931930949,0.4633700849968328,1.17261672385337e-11,0.46337009231717763,0.4633700923171771,1.1726166557608753e-11,1.1937539456850491e-11,1.1726166990567812e-11,1.1726166820116008e-11,1.1101994365628382e-11,0.4633700923171768,0.46337009231717724,1.1726166785984132e-11,1.2314740405537554e-11,1.1726166992201873e-11,1.1101994421859859e-11,0.46337009231717696,1.2193560590747205e-11,0.4633700923171773,1.121911792214992e-11,1.2552881271405989e-11
0.4633696713326755,0.46337009231718,0.4633700923171775,0.4633696498086102,0.4633700925913088,0.46337009231717724,1.1726167654266377e-11,1.1726167400886696e-11,0.46337009231717746,1.1101995151726992e-11,1.1558008180291224e-11,1.17261669239e-11,1.0405213632620374e-11,0.4633700923171771,0.46337009231717696,1.1726167928676798e-11,1.1101996021747132e-11,0.4633700923171775,1.1726167574381378e-11,1.1101995641513369e-11,0.4633700910371683,1.1726167634144467e-11,1.1726167484032993e-11,0.4633700923171772,0.4633700923171771,0.463370092317178,0.4633700923171771,0.4633700923171771,1.1558008769750617e-11,0.46337009231717746,0.4633700931930946,0.46337008499683396,1.172616804638183e-11,0.46337009231717746,0.46337009231717746,1.1726167265590928e-11,1.1937539430429087e-11,1.1726167769834212e-11,1.1726167528951887e-11,1.1101995031600245e-11,0.46337009231717674,0.4633700923171769,1.1726167643832075e-11,1.2314741040335589e-11,1.1726167663829312e-11,1.110199522435419e-11,0.46337009231717696,1.2193561208599521e-11,0.46337009231717696,1.1219118717390228e-11,1.2552881320088576e-11
0.4633696712317311,0.46337009259131134,0.4633700925913088,0.4633700925913088,0.46336965035687666,0.4633700925913089,1.1537571999706017e-11,1.1537571806894352e-11,0.4633700925913087,1.0913399553766007e-11,1.1369412589366135e-11,1.15375714142681e-11,1.0405213605167251e-11,0.46337009259130835,0.4633700925913086,1.1537572432518085e-11,1.0913400423223887e-11,0.4633700925913088,1.153757189183117e-11,1.0913400103486496e-11,0.46337009131129914,1.1537572062706524e-11,1.1537571913889764e-11,0.4633700925913087,0.46337009259130835,0.46337009259130846,0.46337009259130835,0.46337009259130835,1.1369413234918795e-11,0.46337009259130824,0.46337009346722563,0.46337008489589315,1.1537572491214435e-11,0.46337009259130835,0.46337009259130846,1.1537571675222183e-11,1.1937539387131137e-11,1.15375722189297e-11,1.1537571922086182e-11,1.091339949151559e-11,0.46337009259130796,0.46337009259130846,1.153757199744754e-11,1.2126145529055915e-11,1.153757216403386e-11,1.0913399707874815e-11,0.4633700925913084,1.2004965725755943e-11,0.4633700925913086,1.1030523195232736e-11,2.4964689592046284e-08
0.4633696713326717,0.46337009231717996,0.46337009231717735,0.46337009231717724,0.4633700925913089,0.4633696498086122,1.1726166785385077e-11,1.1726166512895216e-11,0.46337009231717813,1.1101994408790681e-11,1.1558007347175181e-11,1.1726166134165209e-11,1.0405213631180597e-11,0.46337009231717746,0.46337009231717674,1.1726167192220577e-11,1.1101995217103724e-11,0.463370092317178,1.1726166661115903e-11,1.1101994881340426e-11,0.46337009103716836,1.1726166873048714e-11,1.1726166656135653e-11,0.4633700923171778,0.4633700923171775,0.46337009231717746,0.4633700923171778,0.46337009231717746,1.1558007978414877e-11,0.4633700923171781,0.4633700931930949,0.4633700849968329,1.1726167193632217e-11,0.46337009231717763,0.4633700923171778,1.172616639261762e-11,1.1937539464954741e-11,1.1726166918295618e-11,1.1726166628014263e-11,1.1101994264571509e-11,0.4633700923171771,0.4633700923171773,1.1726166808007724e-11,1.2314740326265201e-11,1.1726166848587172e-11,1.110199439745211e-11,0.4633700923171772,1.2193560410477678e-11,0.4633700923171771,1.1219117883645805e-11,1.255288119889979e-11
0.5366353299645703,1.1726168076325581e-11,1.172616684750162e-11,1.1726167654266377e-11,1.1537571999706017e-11,1.1726166785385077e-11,0.5366354076930214,0.5366358502015899,1.1726166127476329e-11,0.5366359350286136,0.5366358682894662,0.5366358502015885,2.5424869011433624e-08,1.1726167324041963e-11,1.172616627674266e-11,0.5366358502015898,0.5366359350286136,1.1726166602815728e-11,0.5366358502015902,0.5366359350286135,1.2483450215298308e-11,0.5366358502015891,0.5366358502015899,1.1726167050621977e-11,1.1726166802797845e-11,1.1726167114806166e-11,1.1726166325255585e-11,1.1726167307652474e-11,0.5366358682894656,1.1726167139327294e-11,1.2142011566401945e-11,0.5366358308993908,0.5366358502015894,1.1726166147112973e-11,1.1726166316952254e-11,0.5366358502015891,1.0480368490623853e-07,0.5366358502015891,0.5366358502015899,0.5366359350286144,1.1726165945004047e-11,1.1726166939073065e-11,0.5366358502015898,0.5366358498762557,0.5366358502015888,0.5366359350286146,1.1726166350461685e-11,0.5366358642609504,1.172616686906617e-11,0.536635925290376,1.0590836025199869e-07
0.5366353299645694,1.1726167805931267e-11,1.1726166585361349e-11,1.1726167400886696e-11,1.1537571806894352e-11,1.1726166512895216e-11,0.5366358502015899,0.5366354076930229,1.1726165915410332e-11,0.5366359350286142,0.5366358682894662,0.5366358502015887,2.5424869011433624e-08,1.1726167148399897e-11,1.1726166035008319e-11,0.5366358502015898,0.5366359350286136,1.1726166390625598e-11,0.5366358502015901,0.5366359350286136,1.2483449921592465e-11,0.5366358502015894,0.5366358502015891,1.1726166835271115e-11,1.1726166616598177e-11,1.1726166832994233e-11,1.1726166048788778e-11,1.1726167053269039e-11,0.5366358682894656,1.1726166881714568e-11,1.2142011311841542e-11,0.5366358308993908,0.5366358502015894,1.1726165886998027e-11,1.1726166094452632e-11,0.5366358502015891,1.0480368490623828e-07,0.5366358502015891,0.5366358502015899,0.5366359350286144,1.1726165660599644e-11,1.172616675667562e-11,0.5366358502015893,0.5366358498762557,0.5366358502015897,0.5366359350286146,1.1726166085434989e-11,0.5366358642609511,1.1726166634057541e-11,0.536635925290376,1.0590836025199869e-07
0.46336967133267054,0.4633700923171804,0.4633700923171775,0.46337009231717746,0.4633700925913087,0.46337009231717813,1.1726166127476329e-11,1.1726165915410332e-11,0.46336964980861317,1.1101993854308577e-11,1.1558006831945975e-11,1.1726165506258811e-11,1.0405213588425938e-11,0.46337009231717746,0.4633700923171768,1.1726166535481373e-11,1.1101994659568903e-11,0.4633700923171776,1.172616622490542e-11,1.1101994276015073e-11,0.4633700910371685,1.1726166217610166e-11,1.1726166083911849e-11,0.46337009231717746,0.4633700923171778,0.46337009231717763,0.4633700923171772,0.46337009231717763,1.1558007328706386e-11,0.4633700923171778,0.46337009319309486,0.46337008499683185,1.1726166609149537e-11,0.4633700923171775,0.4633700923171776,1.1726165876276962e-11,1.1937539421024475e-11,1.1726166328368456e-11,1.1726166114966513e-11,1.1101993702592043e-11,0.4633700923171771,0.46337009231717746,1.1726166222878929e-11,1.2314739756597496e-11,1.1726166270039649e-11,1.1101993774929904e-11,0.4633700923171771,1.2193559908738899e-11,0.4633700923171771,1.1219117322088683e-11,1.2552881309133165e-11
0.5366354135501273,1.1101995759839204e-11,1.1101994510246635e-11,1.1101995151726992e-11,1.0913399553766007e-11,1.1101994408790681e-11,0.5366359350286136,0.5366359350286142,1.1101993854308577e-11,0.5366355773470933,0.5366359531164924,0.5366359350286144,1.2784270763124145e-11,1.110199501852699e-11,1.1101993776012016e-11,0.5366359350286151,0.5366360198556506,1.1101994298762748e-11,0.5366359350286146,0.5366360198556506,1.1859278011908131e-11,0.5366359350286138,0.5366359350286142,1.1101994745614329e-11,1.110199436723494e-11,1.1101994631560833e-11,1.110199396872046e-11,1.1101994866025638e-11,0.5366359531164928,1.1101994670130009e-11,1.1517839237189009e-11,0.5366359144850794,0.5366359350286147,1.1101993808743641e-11,1.110199392307565e-11,0.5366359350286142,5.2697969201266866e-11,0.5366359350286138,0.5366359350286142,0.5366360198556515,1.1101993618393857e-11,1.1101994555390856e-11,0.5366359350286143,0.5366359347032795,0.5366359350286136,0.5366360198556515,1.110199391561579e-11,0.5366359490879773,1.1101994482704402e-11,0.5366360101174121,5.325342804139818e-11
0.5366353477179872,1.1558008643422942e-11,1.1558007475502219e-11,1.1558008180291224e-11,1.1369412589366135e-11,1.1558007347175181e-11,0.5366358682894662,0.5366358682894662,1.1558006831945975e-11,0.5366359531164924,0.5366354438687833,0.536635868289466,1.2784267467541646e-11,1.1558008031155679e-11,1.1558006886856378e-11,0.5366358682894655,0.536635953116492,1.1558007271101822e-11,0.5366358682894662,0.5366359531164916,1.2315290957874596e-11,0.536635868289466,0.5366358682894662,1.1558007671600035e-11,1.1558007335869568e-11,1.1558007714351335e-11,1.1558006958988196e-11,1.1558007819228683e-11,0.5366358863773425,1.1558007651758253e-11,1.1973852175232176e-11,0.5366358486528371,0.5366358682894656,1.1558006779813633e-11,1.1558006969455319e-11,0.5366358682894655,1.0480368939466153e-07,0.5366358682894655,0.5366358682894657,0.5366359531164925,1.1558006596276146e-11,1.1558007636198099e-11,0.5366358682894662,0.5366358679641318,0.536635868289466,0.5366359531164925,1.155800698684211e-11,0.5366358823488269,1.155800753744715e-11,0.5366359433782538,1.059083647761064e-07
0.5366353299645694,1.1726167319049925e-11,1.1726166083112476e-11,1.17261669239e-11,1.15375714142681e-11,1.1726166134165209e-11,0.5366358502015885,0.5366358502015887,1.1726165506258811e-11,0.5366359350286144,0.536635868289466,0.5366354076930211,2.5424869011433597e-08,1.172616672796089e-11,1.1726165613336188e-11,0.53663585020159,0.5366359350286136,1.17261659645684e-11,0.5366358502015897,0.5366359350286135,1.2483449557589651e-11,0.5366358502015894,0.5366358502015891,1.1726166404982642e-11,1.1726166117681725e-11,1.1726166420938106e-11,1.1726165639998022e-11,1.1726166574066051e-11,0.5366358682894655,1.1726166461667336e-11,1.2142010862515295e-11,0.53663583089939,0.5366358502015891,1.1726165478286867e-11,1.1726165647827508e-11,0.5366358502015891,1.0480368490623859e-07,0.5366358502015891,0.5366358502015891,0.5366359350286142,1.1726165280829202e-11,1.1726166345065053e-11,0.5366358502015893,0.5366358498762557,0.5366358502015891,0.5366359350286144,1.1726165633608365e-11,0.5366358642609507,1.1726166266186976e-11,0.536635925290376,1.0590836025199873e-07
3.8616428371044273e-07,1.0405213616628359e-11,1.0405213584512369e-11,1.0405213632620374e-11,1.0405213605167251e-11,1.0405213631180597e-11,2.5424869011433624e-08,2.5424869011433624e-08,1.0405213588425938e-11,1.2784270763124145e-11,1.2784267467541646e-11,2.5424869011433597e-08,-4.4250859308600305e-07,1.040521361932058e-11,1.0405213631180597e-11,2.5424869011432952e-08,1.2784270763124145e-11,1.0405213586915585e-11,2.542486901143329e-08,1.2784270763124145e-11,1.0405213448482003e-11,2.5424869011433342e-08,2.5424869011433485e-08,1.0405213588425938e-11,1.0405213584512369e-11,1.0405213584512369e-11,1.0405213579283624e-11,1.0405213598966172e-11,1.2784267391338097e-11,1.0405213598966172e-11,1.0405213459814161e-11,4.611835104400257e-08,2.542486901143326e-08,1.0405213598966172e-11,1.0405213586915585e-11,2.5424869011433485e-08,-1.8051408442065752e-17,2.5424869011433485e-08,2.5424869011433313e-08,1.2784270833785843e-11,1.0405213632620374e-11,1.04052136006222e-11,2.5424869011433372e-08,2.5424868964214832e-08,2.5424869011433342e-08,1.2784270833785843e-11,1.0405213631180606e-11,1.2784267106866843e-11,1.0405213616628359e-11,2.5424876584799307e-08,-1.8761700483966246e-17
0.4633696713326725,0.4633700923171797,0.46337009231717763,0.4633700923171771,0.46337009259130835,0.46337009231717746,1.1726167324041963e-11,1.1726167148399897e-11,0.46337009231717746,1.110199501852699e-11,1.1558008031155679e-11,1.172616672796089e-11,1.040521361932058e-11,0.4633696498086114,0.4633700923171771,1.1726167723912315e-11,1.110199581872618e-11,0.46337009231717746,1.1726167330193043e-11,1.1101995482163534e-11,0.46337009103716836,1.1726167466451466e-11,1.1726167278500127e-11,0.4633700923171772,0.4633700923171771,0.46337009231717746,0.4633700923171768,0.4633700923171771,1.1558008584456395e-11,0.4633700923171772,0.4633700931930946,0.46337008499683396,1.1726167827848845e-11,0.46337009231717763,0.4633700923171778,1.1726167077957422e-11,1.1937539476390449e-11,1.1726167522570837e-11,1.1726167329630528e-11,1.1101994913667376e-11,0.4633700923171771,0.4633700923171772,1.1726167425852774e-11,1.2314740879336412e-11,1.172616749127062e-11,1.1101995034865112e-11,0.46337009231717674,1.2193561040992986e-11,0.46337009231717724,1.121911855708684e-11,1.255288127465282e-11
0.4633696713326727,0.4633700923171795,0.4633700923171771,0.46337009231717696,0.4633700925913086,0.46337009231717674,1.172616627674266e-11,1.1726166035008319e-11,0.4633700923171768,1.1101993776012016e-11,1.1558006886856378e-11,1.1726165613336188e-11,1.0405213631180597e-11,0.4633700923171771,0.46336964980861256,1.172616662036728e-11,1.1101994713083022e-11,0.4633700923171768,1.1726166190251272e-11,1.1101994352049137e-11,0.4633700910371681,1.1726166400844262e-11,1.1726166085298893e-11,0.4633700923171771,0.463370092317177,0.46337009231717674,0.46337009231717663,0.4633700923171768,1.155800742000188e-11,0.46337009231717696,0.4633700931930946,0.46337008499683097,1.1726166683290758e-11,0.46337009231717674,0.46337009231717674,1.172616597856033e-11,1.1937539447279682e-11,1.1726166356103047e-11,1.1726166276549538e-11,1.1101993734736925e-11,0.46337009231717674,0.4633700923171771,1.172616623680738e-11,1.2314739738927376e-11,1.1726166255943995e-11,1.1101993966546212e-11,0.46337009231717663,1.2193559874997298e-11,0.4633700923171768,1.121911734294388e-11,1.255288119889979e-11
0.5366353299645682,1.172616837805262e-11,1.1726167190492008e-11,1.1726167928676798e-11,1.1537572432518085e-11,1.1726167192220577e-11,0.5366358502015898,0.5366358502015898,1.1726166535481373e-11,0.5366359350286151,0.5366358682894655,0.53663585020159,2.5424869011432952e-08,1.1726167723912315e-11,1.172616662036728e-11,0.5366354076930223,0.5366359350286148,1.172616701213679e-11,0.5366358502015898,0.5366359350286135,1.2483450548186718e-11,0.53663585020159,0.5366358502015898,1.1726167378617333e-11,1.1726167141007473e-11,1.1726167398684993e-11,1.1726166658247362e-11,1.172616766812032e-11,0.5366358682894657,1.1726167447851895e-11,1.214201188243194e-11,0.5366358308993917,0.5366358502015898,1.1726166463620868e-11,1.1726166688066244e-11,0.5366358502015891,1.0480368490623836e-07,0.5366358502015902,0.5366358502015894,0.5366359350286144,1.1726166325675894e-11,1.1726167372306698e-11,0.5366358502015899,0.5366358498762561,0.5366358502015894,0.5366359350286148,1.1726166674123278e-11,0.5366358642609507,1.1726167223535623e-11,0.5366359252903757,1.0590836025199848e-07
0.5366354135501276,1.1101996487871797e-11,1.1101995192051666e-11,1.1101996021747132e-11,1.0913400423223887e-11,1.1101995217103724e-11,0.5366359350286136,0.5366359350286136,1.1101994659568903e-11,0.5366360198556506,0.536635953116492,0.5366359350286136,1.2784270763124145e-11,1.110199581872618e-11,1.1101994713083022e-11,0.5366359350286148,0.5366355773470948,1.110199505652912e-11,0.5366359350286144,0.5366360198556506,1.1859278874961621e-11,0.5366359350286142,0.5366359350286142,1.1101995496624395e-11,1.1101995209381797e-11,1.1101995522666905e-11,1.1101994701089505e-11,1.1101995727301081e-11,0.5366359531164923,1.1101995569669406e-11,1.1517840122691987e-11,0.5366359144850813,0.5366359350286138,1.1101994564237512e-11,1.1101994802184381e-11,0.5366359350286138,5.2697969055054046e-11,0.5366359350286143,0.5366359350286146,0.536636019855651,1.1101994464450535e-11,1.1101995418344012e-11,0.5366359350286138,0.5366359347032805,0.5366359350286142,0.5366360198556515,1.1101994815873616e-11,0.5366359490879768,1.1101995340705914e-11,0.5366360101174117,5.325342804139818e-11
0.4633696713326718,0.46337009231717974,0.46337009231717785,0.4633700923171775,0.4633700925913088,0.463370092317178,1.1726166602815728e-11,1.1726166390625598e-11,0.4633700923171776,1.1101994298762748e-11,1.1558007271101822e-11,1.17261659645684e-11,1.0405213586915585e-11,0.46337009231717746,0.4633700923171768,1.172616701213679e-11,1.110199505652912e-11,0.46336964980861245,1.172616664598481e-11,1.1101994703471093e-11,0.4633700910371686,1.1726166739502097e-11,1.1726166554325831e-11,0.46337009231717746,0.4633700923171776,0.4633700923171775,0.4633700923171771,0.46337009231717746,1.1558007844854022e-11,0.46337009231717735,0.4633700931930949,0.4633700849968328,1.1726167088887813e-11,0.4633700923171779,0.4633700923171775,1.172616638354966e-11,1.1937539477436453e-11,1.1726166839165753e-11,1.1726166604904532e-11,1.1101994155233791e-11,0.4633700923171773,0.46337009231717746,1.1726166670013199e-11,1.2314740216443719e-11,1.1726166759345344e-11,1.110199422344778e-11,0.46337009231717746,1.219356030360127e-11,0.46337009231717774,1.1219117845931157e-11,1.2552881258893455e-11
0.5366353299645698,1.1726168104668487e-11,1.1726166851529252e-11,1.1726167574381378e-11,1.153757189183117e-11,1.1726166661115903e-11,0.5366358502015902,0.5366358502015901,1.172616622490542e-11,0.5366359350286146,0.5366358682894662,0.5366358502015897,2.542486901143329e-08,1.1726167330193043e-11,1.1726166190251272e-11,0.5366358502015898,0.5366359350286144,1.172616664598481e-11,0.5366354076930249,0.5366359350286145,1.2483450193250219e-11,0.5366358502015901,0.53663585020159,1.1726167068699782e-11,1.1726166720762125e-11,1.1726167085431369e-11,1.1726166260721483e-11,1.1726167199493772e-11,0.5366358682894665,1.172616705273074e-11,1.2142011547245588e-11,0.5366358308993913,0.5366358502015894,1.1726166164342303e-11,1.1726166264239126e-11,0.5366358502015894,1.0480368490623841e-07,0.5366358502015899,0.5366358502015901,0.5366359350286148,1.1726165892844073e-11,1.1726166956789247e-11,0.5366358502015902,0.5366358498762563,0.5366358502015901,0.5366359350286147,1.1726166217990286e-11,0.5366358642609513,1.1726166769821516e-11,0.5366359252903763,1.0590836025199881e-07
0.5366354135501289,1.1101996177869603e-11,1.1101994975346183e-11,1.1101995641513369e-11,1.0913400103486496e-11,1.1101994881340426e-11,0.5366359350286135,0.5366359350286136,1.1101994276015073e-11,0.5366360198556506,0.5366359531164916,0.5366359350286135,1.2784270763124145e-11,1.1101995482163534e-11,1.1101994352049137e-11,0.5366359350286135,0.5366360198556506,1.1101994703471093e-11,0.5366359350286145,0.536635577347094,1.1859278447042944e-11,0.5366359350286136,0.5366359350286141,1.1101995229969977e-11,1.1101994883602933e-11,1.1101995123558764e-11,1.1101994454030294e-11,1.1101995295370621e-11,0.5366359531164921,1.1101995127396691e-11,1.1517839720524225e-11,0.5366359144850797,0.5366359350286135,1.110199417759382e-11,1.1101994428862931e-11,0.5366359350286135,5.2697969157369205e-11,0.5366359350286141,0.5366359350286138,0.5366360198556508,1.110199409562588e-11,1.1101995122972018e-11,0.5366359350286138,0.5366359347032795,0.5366359350286141,0.5366360198556506,1.1101994404295026e-11,0.5366359490879766,1.1101994925585737e-11,0.536636010117411,5.325342795855986e-11
0.4633696715587197,0.46337009103717103,0.4633700910371687,0.4633700910371683,0.46337009131129914,0.46337009103716836,1.2483450215298308e-11,1.2483449921592465e-11,0.4633700910371685,1.1859278011908131e-11,1.2315290957874596e-11,1.2483449557589651e-11,1.0405213448482003e-11,0.46337009103716836,0.4633700910371681,1.2483450548186718e-11,1.1859278874961621e-11,0.4633700910371686,1.2483450193250219e-11,1.1859278447042944e-11,0.46336964724859536,1.2483450298080957e-11,1.2483450125939427e-11,0.46337009103716825,0.4633700910371683,0.4633700910371683,0.4633700910371685,0.4633700910371685,1.231529143890765e-11,0.46337009103716853,0.46337009191308504,0.46337008522287954,1.248345065805838e-11,0.4633700910371683,0.46337009103716825,1.2483449963064353e-11,1.1937539371744093e-11,1.2483450413249567e-11,1.248345009255727e-11,1.1859277917553865e-11,0.4633700910371679,0.46337009103716825,1.2483450302204183e-11,1.3072023802161184e-11,1.2483450356251897e-11,1.1859277993763827e-11,0.46337009103716775,2.5756142060725438e-08,0.4633700910371682,1.1976401509705887e-11,1.2552881160463914e-11
0.5366353299645676,1.1726168155523853e-11,1.172616689587745e-11,1.1726167634144467e-11,1.1537572062706524e-11,1.1726166873048714e-11,0.5366358502015891,0.5366358502015894,1.1726166217610166e-11,0.5366359350286138,0.536635868289466,0.5366358502015894,2.5424869011433342e-08,1.1726167466451466e-11,1.1726166400844262e-11,0.53663585020159,0.5366359350286142,1.1726166739502097e-11,0.5366358502015901,0.5366359350286136,1.2483450298080957e-11,0.5366354076930232,0.5366358502015894,1.172616713714562e-11,1.1726166837758362e-11,1.172616720590883e-11,1.172616644712571e-11,1.1726167332821937e-11,0.5366358682894662,1.1726167105511366e-11,1.2142011643112557e-11,0.5366358308993912,0.5366358502015894,1.1726166263516952e-11,1.1726166434325628e-11,0.5366358502015889,1.0480368490623847e-07,0.5366358502015894,0.53663585020159,0.5366359350286141,1.1726166018354058e-11,1.1726167116433051e-11,0.5366358502015898,0.5366358498762559,0.5366358502015897,0.5366359350286138,1.1726166408581558e-11,0.5366358642609507,1.1726166970548532e-11,0.5366359252903755,1.0590836025199863e-07
0.5366353299645674,1.1726167966098548e-11,1.1726166766975494e-11,1.1726167484032993e-11,1.1537571913889764e-11,1.1726166656135653e-11,0.5366358502015899,0.5366358502015891,1.1726166083911849e-11,0.5366359350286142,0.5366358682894662,0.5366358502015891,2.5424869011433485e-08,1.1726167278500127e-11,1.1726166085298893e-11,0.5366358502015898,0.5366359350286142,1.1726166554325831e-11,0.53663585020159,0.5366359350286141,1.2483450125939427e-11,0.5366358502015894,0.5366354076930228,1.1726166944192237e-11,1.1726166649978592e-11,1.1726166934445397e-11,1.1726166213939389e-11,1.1726167095342269e-11,0.5366358682894661,1.1726166962077986e-11,1.2142011483882606e-11,0.536635830899391,0.5366358502015891,1.1726166069153258e-11,1.1726166280712164e-11,0.5366358502015891,1.0480368490623769e-07,0.5366358502015903,0.5366358502015899,0.5366359350286142,1.1726165848729e-11,1.1726166872190629e-11,0.5366358502015902,0.5366358498762563,0.5366358502015902,0.5366359350286148,1.1726166209367237e-11,0.5366358642609511,1.1726166741874432e-11,0.5366359252903764,1.0590836025199863e-07
0.4633696713326717,0.46337009231717974,0.4633700923171773,0.4633700923171772,0.4633700925913087,0.4633700923171778,1.1726167050621977e-11,1.1726166835271115e-11,0.46337009231717746,1.1101994745614329e-11,1.1558007671600035e-11,1.1726166404982642e-11,1.0405213588425938e-11,0.4633700923171772,0.4633700923171771,1.1726167378617333e-11,1.1101995496624395e-11,0.46337009231717746,1.1726167068699782e-11,1.1101995229969977e-11,0.46337009103716825,1.172616713714562e-11,1.1726166944192237e-11,0.4633696498086117,0.4633700923171775,0.4633700923171776,0.4633700923171775,0.4633700923171772,1.1558008249775198e-11,0.46337009231717735,0.4633700931930944,0.4633700849968336,1.1726167480375039e-11,0.4633700923171775,0.4633700923171779,1.1726166777703528e-11,1.1937539436964702e-11,1.1726167234508547e-11,1.1726167056133577e-11,1.1101994559568751e-11,0.4633700923171768,0.4633700923171773,1.1726167087932774e-11,1.231474059689564e-11,1.1726167190797246e-11,1.1101994696988951e-11,0.46337009231717696,1.2193560822151046e-11,0.4633700923171773,1.1219118167478484e-11,1.255288127465282e-11
0.46336967133267254,0.4633700923171795,0.4633700923171772,0.4633700923171771,0.46337009259130835,0.4633700923171775,1.1726166802797845e-11,1.1726166616598177e-11,0.4633700923171778,1.110199436723494e-11,1.1558007335869568e-11,1.1726166117681725e-11,1.0405213584512369e-11,0.4633700923171771,0.463370092317177,1.1726167141007473e-11,1.1101995209381797e-11,0.4633700923171776,1.1726166720762125e-11,1.1101994883602933e-11,0.4633700910371683,1.1726166837758362e-11,1.1726166649978592e-11,0.4633700923171775,0.46336964980861123,0.4633700923171775,0.4633700923171771,0.46337009231717746,1.155800797715338e-11,0.46337009231717746,0.46337009319309475,0.4633700849968326,1.1726167216168979e-11,0.46337009231717746,0.4633700923171778,1.1726166467393553e-11,1.19375394418135e-11,1.172616695897436e-11,1.1726166689110285e-11,1.1101994261886035e-11,0.4633700923171771,0.4633700923171773,1.1726166835426548e-11,1.2314740232518713e-11,1.1726166864431772e-11,1.1101994422538652e-11,0.46337009231717663,1.2193560392204318e-11,0.46337009231717724,1.1219117883024938e-11,1.2552881275829224e-11
0.4633696713326721,0.4633700923171799,0.46337009231717746,0.463370092317178,0.46337009259130846,0.46337009231717746,1.1726167114806166e-11,1.1726166832994233e-11,0.46337009231717763,1.1101994631560833e-11,1.1558007714351335e-11,1.1726166420938106e-11,1.0405213584512369e-11,0.46337009231717746,0.46337009231717674,1.1726167398684993e-11,1.1101995522666905e-11,0.4633700923171775,1.1726167085431369e-11,1.1101995123558764e-11,0.4633700910371683,1.172616720590883e-11,1.1726166934445397e-11,0.4633700923171776,0.4633700923171775,0.46336964980861206,0.46337009231717746,0.46337009231717746,1.155800828307744e-11,0.46337009231717746,0.4633700931930944,0.4633700849968336,1.1726167530980889e-11,0.4633700923171781,0.4633700923171779,1.172616672680106e-11,1.1937539475944655e-11,1.1726167295815735e-11,1.172616704354229e-11,1.1101994543786635e-11,0.4633700923171768,0.4633700923171772,1.1726167085743054e-11,1.2314740542410147e-11,1.1726167177658075e-11,1.1101994712103215e-11,0.46337009231717696,1.2193560729623442e-11,0.4633700923171771,1.121911828221896e-11,1.255288119889979e-11
0.46336967133267243,0.4633700923171795,0.4633700923171773,0.4633700923171771,0.46337009259130835,0.4633700923171778,1.1726166325255585e-11,1.1726166048788778e-11,0.4633700923171772,1.110199396872046e-11,1.1558006958988196e-11,1.1726165639998022e-11,1.0405213579283624e-11,0.4633700923171768,0.46337009231717663,1.1726166658247362e-11,1.1101994701089505e-11,0.4633700923171771,1.1726166260721483e-11,1.1101994454030294e-11,0.4633700910371685,1.172616644712571e-11,1.1726166213939389e-11,0.4633700923171775,0.4633700923171771,0.46337009231717746,0.4633696498086109,0.46337009231717724,1.1558007493697244e-11,0.46337009231717746,0.4633700931930942,0.46337008499683163,1.1726166736394144e-11,0.46337009231717763,0.4633700923171778,1.1726166079942999e-11,1.1937539475944655e-11,1.172616645845313e-11,1.1726166233878902e-11,1.110199391453671e-11,0.46337009231717696,0.4633700923171768,1.1726166347464438e-11,1.2314739826306088e-11,1.1726166462396316e-11,1.1101993946287201e-11,0.4633700923171771,1.2193560012072974e-11,0.46337009231717696,1.1219117481415118e-11,1.255288119889979e-11
0.4633696713326735,0.4633700923171795,0.4633700923171773,0.4633700923171771,0.46337009259130835,0.46337009231717746,1.1726167307652474e-11,1.1726167053269039e-11,0.46337009231717763,1.1101994866025638e-11,1.1558007819228683e-11,1.1726166574066051e-11,1.0405213598966172e-11,0.4633700923171771,0.4633700923171768,1.172616766812032e-11,1.1101995727301081e-11,0.46337009231717746,1.1726167199493772e-11,1.1101995295370621e-11,0.4633700910371685,1.1726167332821937e-11,1.1726167095342269e-11,0.4633700923171772,0.46337009231717746,0.46337009231717746,0.46337009231717724,0.4633696498086104,1.1558008511576014e-11,0.4633700923171772,0.4633700931930944,0.4633700849968336,1.172616776685079e-11,0.46337009231717746,0.46337009231717746,1.1726166974059594e-11,1.1937539411694616e-11,1.1726167355649004e-11,1.1726167101963635e-11,1.1101994773981595e-11,0.4633700923171765,0.4633700923171768,1.1726167236809833e-11,1.2314740843363413e-11,1.1726167337838621e-11,1.1101994931393166e-11,0.46337009231717674,1.2193560934844748e-11,0.4633700923171772,1.1219118396181348e-11,1.2552881275829224e-11
0.5366353477179883,1.1558009223566235e-11,1.1558008010019497e-11,1.1558008769750617e-11,1.1369413234918795e-11,1.1558007978414877e-11,0.5366358682894656,0.5366358682894656,1.1558007328706386e-11,0.5366359531164928,0.5366358863773425,0.5366358682894655,1.2784267391338097e-11,1.1558008584456395e-11,1.155800742000188e-11,0.5366358682894657,0.5366359531164923,1.1558007844854022e-11,0.5366358682894665,0.5366359531164921,1.231529143890765e-11,0.5366358682894662,0.5366358682894661,1.1558008249775198e-11,1.155800797715338e-11,1.155800828307744e-11,1.1558007493697244e-11,1.1558008511576014e-11,0.5366354438687782,1.1558008238828287e-11,1.1973852719653801e-11,0.5366358486528385,0.5366358682894661,1.1558007281197068e-11,1.1558007484679454e-11,0.5366358682894653,1.0480368939466134e-07,0.5366358682894657,0.5366358682894657,0.5366359531164921,1.1558007186456166e-11,1.1558008208461632e-11,0.536635868289466,0.5366358679641314,0.5366358682894659,0.5366359531164923,1.155800757027387e-11,0.5366358823488269,1.1558008085767951e-11,0.5366359433782535,1.0590836477610583e-07
0.46336967133267154,0.4633700923171797,0.46337009231717724,0.46337009231717746,0.46337009259130824,0.4633700923171781,1.1726167139327294e-11,1.1726166881714568e-11,0.4633700923171778,1.1101994670130009e-11,1.1558007651758253e-11,1.1726166461667336e-11,1.0405213598966172e-11,0.4633700923171772,0.46337009231717696,1.1726167447851895e-11,1.1101995569669406e-11,0.46337009231717735,1.172616705273074e-11,1.1101995127396691e-11,0.46337009103716853,1.1726167105511366e-11,1.1726166962077986e-11,0.46337009231717735,0.46337009231717746,0.46337009231717746,0.46337009231717746,0.4633700923171772,1.1558008238828287e-11,0.4633696498086115,0.4633700931930944,0.46337008499683324,1.1726167588288773e-11,0.46337009231717735,0.4633700923171776,1.172616671590161e-11,1.193753946314983e-11,1.1726167309041052e-11,1.1726167047240954e-11,1.1101994581625033e-11,0.4633700923171768,0.4633700923171769,1.1726167118491988e-11,1.231474064910675e-11,1.1726167182048784e-11,1.1101994735149002e-11,0.4633700923171769,1.2193560749802991e-11,0.4633700923171773,1.1219118211476885e-11,1.255288119889979e-11
0.4633696730355999,0.4633700931930975,0.4633700931930949,0.4633700931930946,0.46337009346722563,0.4633700931930949,1.2142011566401945e-11,1.2142011311841542e-11,0.46337009319309486,1.1517839237189009e-11,1.1973852175232176e-11,1.2142010862515295e-11,1.0405213459814161e-11,0.4633700931930946,0.4633700931930946,1.214201188243194e-11,1.1517840122691987e-11,0.4633700931930949,1.2142011547245588e-11,1.1517839720524225e-11,0.46337009191308504,1.2142011643112557e-11,1.2142011483882606e-11,0.4633700931930944,0.46337009319309475,0.4633700931930944,0.4633700931930942,0.4633700931930944,1.1973852719653801e-11,0.4633700931930944,0.4633696515604457,0.46337008669976476,1.2142011965517287e-11,0.46337009319309486,0.46337009319309447,1.2142011306239943e-11,1.1937539348742265e-11,1.2142011677204341e-11,1.214201149995466e-11,1.1517839138877391e-11,0.4633700931930939,0.4633700931930944,1.214201157551142e-11,2.5318099743021315e-08,1.21420116618584e-11,1.1517839309012284e-11,0.4633700931930943,1.2609405238597168e-11,0.46337009319309447,1.16349626683866e-11,1.2552881029878753e-11
1.0000045879877018,0.4633700849968377,0.4633700849968328,0.46337008499683396,0.46337008489589315,0.4633700849968329,0.5366358308993908,0.5366358308993908,0.46337008499683185,0.5366359144850794,0.5366358486528371,0.53663583089939,4.611835104400257e-08,0.46337008499683396,0.46337008499683097,0.5366358308993917,0.5366359144850813,0.4633700849968328,0.5366358308993913,0.5366359144850797,0.46337008522287954,0.5366358308993912,0.536635830899391,0.4633700849968336,0.4633700849968326,0.4633700849968336,0.46337008499683163,0.4633700849968336,0.5366358486528385,0.46337008499683324,0.46337008669976476,1.0000054001240233,0.5366358308993919,0.4633700849968321,0.4633700849968321,0.5366358308993903,1.2854458945418228e-07,0.5366358308993914,0.536635830899391,0.5366359144850786,0.4633700849968308,0.4633700849968329,0.536635830899391,0.5366358317445902,0.536635830899391,0.5366359144850794,0.46337008499683136,0.5366358458882856,0.4633700849968331,0.536635904979773,1.30873032825499e-07
0.5366353299645682,1.1726168420392606e-11,1.17261672385337e-11,1.172616804638183e-11,1.1537572491214435e-11,1.1726167193632217e-11,0.5366358502015894,0.5366358502015894,1.1726166609149537e-11,0.5366359350286147,0.5366358682894656,0.5366358502015891,2.542486901143326e-08,1.1726167827848845e-11,1.1726166683290758e-11,0.5366358502015898,0.5366359350286138,1.1726167088887813e-11,0.5366358502015894,0.5366359350286135,1.248345065805838e-11,0.5366358502015894,0.5366358502015891,1.1726167480375039e-11,1.1726167216168979e-11,1.1726167530980889e-11,1.1726166736394144e-11,1.172616776685079e-11,0.5366358682894661,1.1726167588288773e-11,1.2142011965517287e-11,0.5366358308993919,0.5366354076930223,1.1726166560920345e-11,1.1726166787031306e-11,0.5366358502015891,1.0480368490623847e-07,0.5366358502015894,0.5366358502015894,0.5366359350286144,1.1726166400312214e-11,1.1726167437902339e-11,0.5366358502015893,0.5366358498762557,0.5366358502015891,0.5366359350286148,1.1726166772192485e-11,0.5366358642609507,1.1726167323251112e-11,0.5366359252903757,1.0590836025199863e-07
0.4633696713326702,0.46337009231718024,0.46337009231717763,0.46337009231717746,0.46337009259130835,0.46337009231717763,1.1726166147112973e-11,1.1726165886998027e-11,0.4633700923171775,1.1101993808743641e-11,1.1558006779813633e-11,1.1726165478286867e-11,1.0405213598966172e-11,0.46337009231717763,0.46337009231717674,1.1726166463620868e-11,1.1101994564237512e-11,0.4633700923171779,1.1726166164342303e-11,1.110199417759382e-11,0.4633700910371683,1.1726166263516952e-11,1.1726166069153258e-11,0.4633700923171775,0.46337009231717746,0.4633700923171781,0.46337009231717763,0.46337009231717746,1.1558007281197068e-11,0.46337009231717735,0.46337009319309486,0.4633700849968321,1.1726166560920345e-11,0.46336964980861145,0.46337009231717746,1.1726165851051585e-11,1.1937539476146027e-11,1.17261663388831e-11,1.172616607469018e-11,1.1101993679997441e-11,0.46337009231717746,0.4633700923171775,1.1726166139936293e-11,1.231473962410585e-11,1.1726166253649756e-11,1.1101993763332744e-11,0.4633700923171773,1.219355977270387e-11,0.4633700923171775,1.1219117367779495e-11,1.2552881320088576e-11
0.46336967133267154,0.4633700923171799,0.4633700923171771,0.46337009231717746,0.46337009259130846,0.4633700923171778,1.1726166316952254e-11,1.1726166094452632e-11,0.4633700923171776,1.110199392307565e-11,1.1558006969455319e-11,1.1726165647827508e-11,1.0405213586915585e-11,0.4633700923171778,0.46337009231717674,1.1726166688066244e-11,1.1101994802184381e-11,0.4633700923171775,1.1726166264239126e-11,1.1101994428862931e-11,0.46337009103716825,1.1726166434325628e-11,1.1726166280712164e-11,0.4633700923171779,0.4633700923171778,0.4633700923171779,0.4633700923171778,0.46337009231717746,1.1558007484679454e-11,0.4633700923171776,0.46337009319309447,0.4633700849968321,1.1726166787031306e-11,0.46337009231717746,0.46336964980861145,1.1726166054845105e-11,1.1937539430429087e-11,1.1726166460362053e-11,1.1726166256822657e-11,1.1101993841659901e-11,0.4633700923171769,0.46337009231717746,1.1726166301825896e-11,1.2314739921496241e-11,1.1726166438580261e-11,1.1101993990939487e-11,0.4633700923171772,1.2193560003444996e-11,0.46337009231717724,1.1219117578103203e-11,1.255288125408394e-11
0.5366353299645688,1.1726167742178321e-11,1.1726166557608753e-11,1.1726167265590928e-11,1.1537571675222183e-11,1.172616639261762e-11,0.5366358502015891,0.5366358502015891,1.1726165876276962e-11,0.5366359350286142,0.5366358682894655,0.5366358502015891,2.5424869011433485e-08,1.1726167077957422e-11,1.172616597856033e-11,0.5366358502015891,0.5366359350286138,1.172616638354966e-11,0.5366358502015894,0.5366359350286135,1.2483449963064353e-11,0.5366358502015889,0.5366358502015891,1.1726166777703528e-11,1.1726166467393553e-11,1.172616672680106e-11,1.1726166079942999e-11,1.1726166974059594e-11,0.5366358682894653,1.172616671590161e-11,1.2142011306239943e-11,0.5366358308993903,0.5366358502015891,1.1726165851051585e-11,1.1726166054845105e-11,0.5366354076930256,1.0480368490623872e-07,0.5366358502015891,0.5366358502015885,0.5366359350286142,1.1726165619936075e-11,1.1726166666120435e-11,0.5366358502015891,0.5366358498762557,0.5366358502015889,0.5366359350286144,1.1726165990328694e-11,0.5366358642609504,1.1726166562988291e-11,0.5366359252903763,1.0590836025199931e-07
4.685903938408775e-07,1.1937539421024475e-11,1.1937539456850491e-11,1.1937539430429087e-11,1.1937539387131137e-11,1.1937539464954741e-11,1.0480368490623853e-07,1.0480368490623828e-07,1.1937539421024475e-11,5.2697969201266866e-11,1.0480368939466153e-07,1.0480368490623859e-07,-1.8051408442065752e-17,1.1937539476390449e-11,1.1937539447279682e-11,1.0480368490623836e-07,5.2697969055054046e-11,1.1937539477436453e-11,1.0480368490623841e-07,5.2697969157369205e-11,1.1937539371744093e-11,1.0480368490623847e-07,1.0480368490623769e-07,1.1937539436964702e-11,1.19375394418135e-11,1.1937539475944655e-11,1.1937539475944655e-11,1.1937539411694616e-11,1.0480368939466134e-07,1.193753946314983e-11,1.1937539348742265e-11,1.2854458945418228e-07,1.0480368490623847e-07,1.1937539476146027e-11,1.1937539430429087e-11,1.0480368490623872e-07,-4.4250859254416725e-07,1.0480368490623841e-07,1.0480368490623859e-07,5.269796916856294e-11,1.1937539527981389e-11,1.193753947879392e-11,1.0480368490623855e-07,1.0480368482413838e-07,1.0480368490623847e-07,5.2697969036147463e-11,1.193753946314983e-11,1.0480368839177682e-07,1.1937539490182057e-11,5.269796765740205e-11,-3.342772490837704e-14
