1.000000002935371,1.0000043799504095,-6.2021265488899034e-06,-6.296650957034164e-06,-6.250797623397525e-06,-6.275537879369453e-06,-6.296650954468117e-06,1.000004379950407,-6.275537883768112e-06,1.0000043799504073,1.0000037650640647,-8.072508188068617e-06,-6.296650954706021e-06,-6.296650954715139e-06,-6.20212654829731e-06,-6.2966509570845365e-06,-6.247510812769868e-06,1.0000037650640703,-6.7684954251419105e-06,-6.146050588383362e-06,-6.2755378806556235e-06,1.000004080242319,-6.9416568869451215e-06,-6.296650954705845e-06,-7.1241832330328886e-06,1.0000037650640692,-6.250797624645203e-06,-6.250797624667502e-06,1.0000042261547157,-6.1117679130527105e-06,-6.250797624602412e-06,-6.2755378837300846e-06,-6.275537880649437e-06,1.0000043799504077,1.0000029255806595
1.0000043799504095,0.9999976922443607,-5.739781801057742e-10,-6.216374916291987e-10,-5.985181810431655e-10,-6.109922505362421e-10,-6.216374928885788e-10,1.0000011673580778,-6.109922502084709e-10,1.0000011673580784,1.0000005524788043,-1.5170245752757452e-09,-6.216374923974019e-10,-6.216374929407798e-10,-5.739781810681634e-10,-6.216374921264155e-10,-5.968609709602316e-10,1.000000552478803,-8.595412272626833e-10,-5.457045886292515e-10,-6.109922503620877e-10,1.000000867653406,-9.46849426590221e-10,-6.216374934239304e-10,-1.0388789053996035e-09,1.000000552478802,-5.985181808389157e-10,-5.985181812058957e-10,1.0000010135639696,-5.284192512259669e-10,-5.985181811349349e-10,-6.109922498238798e-10,-6.109922506760518e-10,1.0000011673580795,0.9999997130045908
-6.2021265488899034e-06,-5.739781801057742e-10,-3.4751151756141007e-06,6.790090141443436e-16,6.498314416113128e-16,6.655456931723043e-16,6.794146135538926e-16,-5.739781802858136e-10,6.654523014320311e-16,-5.73978180097755e-10,-5.739779053936473e-10,1.6421721121307664e-15,6.794146135538942e-16,6.792926460183086e-16,1.22800694444715e-12,6.790758407198367e-16,1.2844194537801885e-12,-5.739779050345849e-10,9.19450694965589e-16,5.824605915844238e-16,6.655266948136313e-16,-5.739780449629512e-10,2.0394148002264306e-12,6.792065630090851e-16,1.10469005765272e-15,-5.739779052770999e-10,6.494282245084239e-16,6.494282245084239e-16,-5.739781041741255e-10,5.604873270391793e-16,6.498314416113128e-16,6.655266948136313e-16,6.655266948136313e-16,-5.739781801100388e-10,-1.138382267076221e-06
-6.296650957034164e-06,-6.216374916291987e-10,6.790090141443436e-16,-3.4751149343456133e-06,7.115186165442526e-16,7.286078325752156e-16,1.4737493190867654e-12,-6.216374917405183e-10,7.288775352909765e-16,-6.216374916055618e-10,-6.21637175089131e-10,1.800561458003214e-15,1.4737493195925225e-12,1.4737493193299746e-12,6.792065630090851e-16,1.4737493181561823e-12,7.094914316876822e-16,-6.21637175089131e-10,1.0095126652097506e-15,6.398172107403834e-16,7.2839705827664e-16,-6.216373365348033e-10,1.1268301062426898e-15,1.4737493191966768e-12,1.215819850329756e-15,-6.21637175089131e-10,7.113916553261423e-16,7.114131661749522e-16,-6.216374062930027e-10,6.18190362274754e-16,7.113131862914856e-16,7.288775352909765e-16,7.287561121703613e-16,-6.216374917405183e-10,-1.23290583988343e-06
-6.250797623397525e-06,-5.985181810431655e-10,6.498314416113128e-16,7.115186165442526e-16,-3.475115053597086e-06,6.976358805067172e-16,7.11413179397296e-16,-5.985181806711639e-10,6.973413031732787e-16,-5.985181808289211e-10,-5.985178860080103e-10,1.7222627087701605e-15,7.114682819215018e-16,7.114682819215018e-16,6.498314416113128e-16,7.11413179397296e-16,6.790399912213587e-16,-5.985178857931785e-10,9.64304353889137e-16,6.106074057246481e-16,6.972847622714986e-16,-5.985180360934476e-10,1.0776708184004945e-15,7.114682819215018e-16,1.159960664515401e-15,-5.985178859908827e-10,1.3500740618755774e-12,1.3500740618996828e-12,-5.985181000281588e-10,5.89788263415148e-16,1.350074061475525e-12,6.974438035878502e-16,6.974438035878502e-16,-5.985181805096534e-10,-1.187052899916657e-06
-6.275537879369453e-06,-6.109922505362421e-10,6.655456931723043e-16,7.286078325752156e-16,6.976358805067172e-16,-3.47511498826847e-06,7.283918558490136e-16,-6.109922506649386e-10,1.4162475142678965e-12,-6.109922505362421e-10,-6.109919441691596e-10,1.7642790445757716e-15,7.288775352909765e-16,7.283970582766414e-16,6.655266948136313e-16,7.288775352909765e-16,6.954004531464718e-16,-6.109919441681672e-10,9.887911365030033e-16,6.258711292475192e-16,1.4162475152961576e-12,-6.109920999344991e-10,1.1041647207883986e-15,7.288775570990103e-16,1.1904038160865045e-15,-6.109919441681672e-10,6.972660755455362e-16,6.974438035878502e-16,-6.109921672815832e-10,6.049110467733232e-16,6.972660755455362e-16,1.4162475139733752e-12,1.4162475153565539e-12,-6.109922509227092e-10,-1.2117929448940685e-06
-6.296650954468117e-06,-6.216374928885788e-10,6.794146135538926e-16,1.4737493190867654e-12,7.11413179397296e-16,7.283918558490136e-16,-3.4751149343456133e-06,-6.21637493037032e-10,7.286418568059118e-16,-6.216374928885788e-10,-6.21637176011998e-10,1.8005766342442176e-15,1.473749320719324e-12,1.4737493204567764e-12,6.792065630090851e-16,1.4737493192829845e-12,7.095684693372099e-16,-6.216371762111827e-10,1.0097617758173653e-15,6.398172107403834e-16,7.286078325752096e-16,-6.216373374938395e-10,1.1267997576378561e-15,1.4737493203234785e-12,1.215819850329756e-15,-6.216371764075395e-10,7.114017555424985e-16,7.115769013554827e-16,-6.216374076970274e-10,6.175968302801621e-16,7.114017555424985e-16,7.285703102148936e-16,7.286615329690026e-16,-6.21637492702248e-10,-1.232905842113595e-06
1.000004379950407,1.0000011673580778,-5.739781802858136e-10,-6.216374917405183e-10,-5.985181806711639e-10,-6.109922506649386e-10,-6.21637493037032e-10,0.99999769224436,-6.10992249761506e-10,1.0000011673580769,1.0000005524788038,-1.5170245752757452e-09,-6.216374929760922e-10,-6.216374928801408e-10,-5.739781812132641e-10,-6.216374921095924e-10,-5.968609711475063e-10,1.000000552478803,-8.59541227345084e-10,-5.457045888388815e-10,-6.109922503620877e-10,1.0000008676534045,-9.46849426590221e-10,-6.216374931942669e-10,-1.0388789059429576e-09,1.0000005524788016,-5.985181806126201e-10,-5.985181809958057e-10,1.0000010135639705,-5.284192514183059e-10,-5.98518181208992e-10,-6.109922498238798e-10,-6.109922503706927e-10,1.0000011673580778,0.9999997130045895
-6.275537883768112e-06,-6.109922502084709e-10,6.654523014320311e-16,7.288775352909765e-16,6.973413031732787e-16,1.4162475142678965e-12,7.286418568059118e-16,-6.10992249761506e-10,-3.47511498826847e-06,-6.109922497370984e-10,-6.109919428828563e-10,1.7643664903378888e-15,7.2839705827664e-16,7.285703102148936e-16,6.655266948136313e-16,7.283970582766414e-16,6.956326729890973e-16,-6.109919428828563e-10,9.887911365030033e-16,6.258939831388489e-16,1.4162475141803648e-12,-6.109920988179837e-10,1.1038620462707092e-15,7.287561121703613e-16,1.1904038160865045e-15,-6.10991942957145e-10,6.974243750301916e-16,6.973418263155623e-16,-6.109921665238713e-10,6.049110467733232e-16,6.973021267950512e-16,1.4162475128575823e-12,1.416247514240761e-12,-6.109922497678534e-10,-1.2117929425498663e-06
1.0000043799504073,1.0000011673580784,-5.73978180097755e-10,-6.216374916055618e-10,-5.985181808289211e-10,-6.109922505362421e-10,-6.216374928885788e-10,1.0000011673580769,-6.109922497370984e-10,0.999997692244363,1.0000005524788047,-1.5170245752757452e-09,-6.216374930730156e-10,-6.216374926731232e-10,-5.739781812132641e-10,-6.216374920898001e-10,-5.968609707478327e-10,1.0000005524788038,-8.595412275426998e-10,-5.457045889343811e-10,-6.109922503620877e-10,1.0000008676534067,-9.46849426539888e-10,-6.216374933374862e-10,-1.038878905919418e-09,1.0000005524788012,-5.985181808389157e-10,-5.985181812058957e-10,1.0000010135639674,-5.284192512259669e-10,-5.985181811349349e-10,-6.109922499623424e-10,-6.109922506233791e-10,1.0000011673580784,0.9999997130045901
1.0000037650640647,1.0000005524788043,-5.739779053936473e-10,-6.21637175089131e-10,-5.985178860080103e-10,-6.109919441691596e-10,-6.21637176011998e-10,1.0000005524788038,-6.109919428828563e-10,1.0000005524788047,0.9999964624857146,-3.008746860560523e-06,-6.216371761513956e-10,-6.216371762456348e-10,-5.739779064898239e-10,-6.216371755762248e-10,-5.968606770692202e-10,0.9999999375995701,-1.70474631130638e-06,-5.457043437065772e-10,-6.109919436217102e-10,1.0000002527741576,-1.8779064362627745e-06,-6.216371766986083e-10,-2.0604305524853622e-06,0.999999937599568,-5.985178856321431e-10,-5.985178860807196e-10,1.000000398684735,-5.284190173355179e-10,-5.985178862466195e-10,-6.109919433196195e-10,-6.109919440172647e-10,1.000000552478805,0.9999990981254934
-8.072508188068617e-06,-1.5170245752757452e-09,1.6421721121307664e-15,1.800561458003214e-15,1.7222627087701605e-15,1.7642790445757716e-15,1.8005766342442176e-15,-1.5170245752757452e-09,1.7643664903378888e-15,-1.5170245752757452e-09,-3.008746860560523e-06,-3.475107766901364e-06,1.8007217619492373e-15,1.8004478879914867e-15,1.6421721121307664e-15,1.8005150154081125e-15,1.7179955767659812e-15,-3.008746860560522e-06,4.835497023486809e-12,1.5426598087848962e-15,1.7645152483831787e-15,-3.00874760628946e-06,5.408155109870597e-12,1.800742817636341e-15,5.817433520526086e-12,-3.0087468605605192e-06,1.7222775713400553e-15,1.722205862006029e-15,-3.008747924669837e-06,2.955547873584557e-12,1.722205862006029e-15,1.7645152483831787e-15,1.7643664903378888e-15,-1.5170245752044067e-09,-3.008744769939695e-06
-6.296650954706021e-06,-6.216374923974019e-10,6.794146135538942e-16,1.4737493195925225e-12,7.114682819215018e-16,7.288775352909765e-16,1.473749320719324e-12,-6.216374929760922e-10,7.2839705827664e-16,-6.216374930730156e-10,-6.216371761513956e-10,1.8007217619492373e-15,-3.4751149343456133e-06,1.4737493209625341e-12,6.792065630090851e-16,1.47374931978874e-12,7.095684693372099e-16,-6.216371761915718e-10,1.0095126652097506e-15,6.398172107403834e-16,7.286615329690026e-16,-6.216373373472773e-10,1.1265748227331167e-15,1.473749320829236e-12,1.2154801921359742e-15,-6.216371765393285e-10,7.117511889714613e-16,7.113131862914856e-16,-6.216374075015807e-10,6.178311260582909e-16,7.115769013554827e-16,7.284061825547945e-16,7.286078325752096e-16,-6.216374929760922e-10,-1.232905842027842e-06
-6.296650954715139e-06,-6.216374929407798e-10,6.792926460183086e-16,1.4737493193299746e-12,7.114682819215018e-16,7.283970582766414e-16,1.4737493204567764e-12,-6.216374928801408e-10,7.285703102148936e-16,-6.216374926731232e-10,-6.216371762456348e-10,1.8004478879914867e-15,1.4737493209625341e-12,-3.4751149343456133e-06,6.794076665173062e-16,1.4737493195261927e-12,7.098060494943467e-16,-6.216371765484263e-10,1.009517842849572e-15,6.398233883582273e-16,7.286418568059118e-16,-6.216373373863522e-10,1.1267997576378561e-15,1.4737493205666886e-12,1.215355159037795e-15,-6.216371762456348e-10,7.11675166772036e-16,7.11401755311527e-16,-6.216374076269491e-10,6.182799859330159e-16,7.115769013554827e-16,7.287561121703613e-16,7.2839705827664e-16,-6.216374929389696e-10,-1.2329058420562787e-06
-6.20212654829731e-06,-5.739781810681634e-10,1.22800694444715e-12,6.792065630090851e-16,6.498314416113128e-16,6.655266948136313e-16,6.792065630090851e-16,-5.739781812132641e-10,6.655266948136313e-16,-5.739781812132641e-10,-5.739779064898239e-10,1.6421721121307664e-15,6.792065630090851e-16,6.794076665173062e-16,-3.4751151756141007e-06,6.793770699781034e-16,1.2844194536438138e-12,-5.739779058537874e-10,9.18280405143356e-16,5.824605915844238e-16,6.655266948136313e-16,-5.739780457025373e-10,2.0394148000209126e-12,6.790758407198367e-16,1.1047856893518067e-15,-5.739779058537874e-10,6.494282245084239e-16,6.498314416113128e-16,-5.7397810525128e-10,5.604870749811515e-16,6.498314416113128e-16,6.655266948136313e-16,6.654523014320311e-16,-5.739781808616538e-10,-1.1383822687370688e-06
-6.2966509570845365e-06,-6.216374921264155e-10,6.790758407198367e-16,1.4737493181561823e-12,7.11413179397296e-16,7.288775352909765e-16,1.4737493192829845e-12,-6.216374921095924e-10,7.283970582766414e-16,-6.216374920898001e-10,-6.216371755762248e-10,1.8005150154081125e-15,1.47374931978874e-12,1.4737493195261927e-12,6.793770699781034e-16,-3.4751149343456133e-06,7.094839541458542e-16,-6.216371756766945e-10,1.0093936719967976e-15,6.394229443608363e-16,7.283970582766414e-16,-6.216373368800391e-10,1.1264068841875962e-15,1.4737493193928963e-12,1.2156330168875182e-15,-6.216371755935647e-10,7.115769013554827e-16,7.11675166772036e-16,-6.216374067394751e-10,6.176155505865454e-16,7.11675166772036e-16,7.288775570990103e-16,7.288775352909765e-16,-6.216374920753284e-10,-1.232905840744981e-06
-6.247510812769868e-06,-5.968609709602316e-10,1.2844194537801885e-12,7.094914316876822e-16,6.790399912213587e-16,6.954004531464718e-16,7.095684693372099e-16,-5.968609711475063e-10,6.956326729890973e-16,-5.968609707478327e-10,-5.968606770692202e-10,1.7179955767659812e-15,7.095684693372099e-16,7.098060494943467e-16,1.2844194536438138e-12,7.094839541458542e-16,-3.4751150629760727e-06,-5.96860677490996e-10,9.616671671874332e-16,1.2069271479662128e-12,6.956326729890973e-16,-5.968608263693944e-10,2.1316333747697217e-12,7.095684693372099e-16,1.157136314871066e-15,-5.968606770692202e-10,6.791438252183567e-16,6.790399912213587e-16,-5.968608906875434e-10,5.881031125151147e-16,6.790399912213587e-16,6.955445242356276e-16,6.952319486610782e-16,-5.968609707478327e-10,-1.1837661232465557e-06
1.0000037650640703,1.000000552478803,-5.739779050345849e-10,-6.21637175089131e-10,-5.985178857931785e-10,-6.109919441681672e-10,-6.216371762111827e-10,1.000000552478803,-6.109919428828563e-10,1.0000005524788038,0.9999999375995701,-3.008746860560522e-06,-6.216371761915718e-10,-6.216371765484263e-10,-5.739779058537874e-10,-6.216371756766945e-10,-5.96860677490996e-10,0.9999964624857118,-1.70474631130638e-06,-5.45704343704175e-10,-6.109919436287631e-10,1.0000002527741563,-1.877906436262774e-06,-6.216371767242555e-10,-2.0604305524853635e-06,0.9999999375995673,-5.985178857901667e-10,-5.985178859933533e-10,1.0000003986847348,-5.284190173451302e-10,-5.985178861153895e-10,-6.109919431777232e-10,-6.109919442235258e-10,1.000000552478804,0.9999990981254914
-6.7684954251419105e-06,-8.595412272626833e-10,9.19450694965589e-16,1.0095126652097506e-15,9.64304353889137e-16,9.887911365030033e-16,1.0097617758173653e-15,-8.59541227345084e-10,9.887911365030033e-16,-8.595412275426998e-10,-1.70474631130638e-06,4.835497023486809e-12,1.0095126652097506e-15,1.009517842849572e-15,9.18280405143356e-16,1.0093936719967976e-15,9.616671671874332e-16,-1.70474631130638e-06,-3.4751137083287413e-06,8.598975212960121e-16,9.882293334514477e-16,-8.595410340860527e-10,3.028563148613471e-12,1.0098024000813798e-15,1.635312106991306e-15,-1.70474631130638e-06,9.643161559781224e-16,9.64304353889137e-16,-8.595411159287852e-10,8.302271030026193e-16,9.64304353889137e-16,9.887911365030033e-16,9.886904744462307e-16,-8.595412272789363e-10,-1.7047451861990553e-06
-6.146050588383362e-06,-5.457045886292515e-10,5.824605915844238e-16,6.398172107403834e-16,6.106074057246481e-16,6.258711292475192e-16,6.398172107403834e-16,-5.457045888388815e-10,6.258939831388489e-16,-5.457045889343811e-10,-5.457043437065772e-10,1.5426598087848962e-15,6.398172107403834e-16,6.398233883582273e-16,5.824605915844238e-16,6.394229443608363e-16,1.2069271479662128e-12,-5.45704343704175e-10,8.598975212960121e-16,-3.4751153282721353e-06,6.263303690983318e-16,-5.457044677959806e-10,9.66303034476673e-16,6.396700557210201e-16,1.0329303705960855e-15,-5.45704343704175e-10,6.10750405851607e-16,6.106074057246481e-16,-5.45704519421012e-10,5.241424969853548e-16,6.105364763805549e-16,6.258711292475192e-16,6.258939831388489e-16,-5.457045886769882e-10,-1.0823067666366636e-06
-6.2755378806556235e-06,-6.109922503620877e-10,6.655266948136313e-16,7.2839705827664e-16,6.972847622714986e-16,1.4162475152961576e-12,7.286078325752096e-16,-6.109922503620877e-10,1.4162475141803648e-12,-6.109922503620877e-10,-6.109919436217102e-10,1.7645152483831787e-15,7.286615329690026e-16,7.286418568059118e-16,6.655266948136313e-16,7.283970582766414e-16,6.956326729890973e-16,-6.109919436287631e-10,9.882293334514477e-16,6.263303690983318e-16,-3.47511498826847e-06,-6.109920998820875e-10,1.1041647207883986e-15,7.287561121703613e-16,1.1907367411363605e-15,-6.10991943630549e-10,6.973297093857559e-16,6.973021267950512e-16,-6.109921672452347e-10,6.044885728126353e-16,6.973297093857559e-16,1.4162475138858437e-12,1.4162475152690226e-12,-6.109922503226834e-10,-1.2117929440814297e-06
1.000004080242319,1.000000867653406,-5.739780449629512e-10,-6.216373365348033e-10,-5.985180360934476e-10,-6.109920999344991e-10,-6.216373374938395e-10,1.0000008676534045,-6.109920988179837e-10,1.0000008676534067,1.0000002527741576,-3.00874760628946e-06,-6.216373373472773e-10,-6.216373373863522e-10,-5.739780457025373e-10,-6.216373368800391e-10,-5.968608263693944e-10,1.0000002527741563,-8.595410340860527e-10,-5.457044677959806e-10,-6.109920998820875e-10,0.999997092834955,-9.468491963076893e-10,-6.216373379241704e-10,-2.0604310174765183e-06,1.000000252774154,-5.985180355200778e-10,-5.985180363108604e-10,1.000000713859317,-5.284191359332302e-10,-5.985180362070137e-10,-6.109920990476039e-10,-6.109920997500833e-10,1.000000867653406,0.9999994133000147
-6.9416568869451215e-06,-9.46849426590221e-10,2.0394148002264306e-12,1.1268301062426898e-15,1.0776708184004945e-15,1.1041647207883986e-15,1.1267997576378561e-15,-9.46849426590221e-10,1.1038620462707092e-15,-9.46849426539888e-10,-1.8779064362627745e-06,5.408155109870597e-12,1.1265748227331167e-15,1.1267997576378561e-15,2.0394148000209126e-12,1.1264068841875962e-15,2.1316333747697217e-12,-1.877906436262774e-06,3.028563148613471e-12,9.66303034476673e-16,1.1041647207883986e-15,-9.468491963076893e-10,-3.475113016197388e-06,1.1264887950614991e-15,1.8383218886574135e-15,-1.8779064362627724e-06,1.0775020256090711e-15,1.077846440582327e-15,-9.468492980890026e-10,9.330374383026117e-16,1.0777590116463862e-15,1.1041647207883986e-15,1.1040613293975444e-15,-9.468494266357756e-10,-1.8779051164337886e-06
-6.296650954705845e-06,-6.216374934239304e-10,6.792065630090851e-16,1.4737493191966768e-12,7.114682819215018e-16,7.288775570990103e-16,1.4737493203234785e-12,-6.216374931942669e-10,7.287561121703613e-16,-6.216374933374862e-10,-6.216371766986083e-10,1.800742817636341e-15,1.473749320829236e-12,1.4737493205666886e-12,6.790758407198367e-16,1.4737493193928963e-12,7.095684693372099e-16,-6.216371767242555e-10,1.0098024000813798e-15,6.396700557210201e-16,7.287561121703613e-16,-6.216373379241704e-10,1.1264887950614991e-15,-3.4751149343456133e-06,1.2156330017060281e-15,-6.216371764933833e-10,7.11675166772036e-16,7.116454796433027e-16,-6.216374076146337e-10,6.18190362274754e-16,7.11401755311527e-16,7.285703102148936e-16,7.2839705827664e-16,-6.216374931942669e-10,-1.2329058427586894e-06
-7.1241832330328886e-06,-1.0388789053996035e-09,1.10469005765272e-15,1.215819850329756e-15,1.159960664515401e-15,1.1904038160865045e-15,1.215819850329756e-15,-1.0388789059429576e-09,1.1904038160865045e-15,-1.038878905919418e-09,-2.0604305524853622e-06,5.817433520526086e-12,1.2154801921359742e-15,1.215355159037795e-15,1.1047856893518067e-15,1.2156330168875182e-15,1.157136314871066e-15,-2.0604305524853635e-06,1.635312106991306e-15,1.0329303705960855e-15,1.1907367411363605e-15,-2.0604310174765183e-06,1.8383218886574135e-15,1.2156330017060281e-15,-3.475112510014391e-06,-2.060430552485365e-06,1.1603786630076631e-15,1.159960664515401e-15,-1.0388787739849361e-09,9.972276179633259e-16,1.159960664515401e-15,1.1906758141407522e-15,1.1904038160865045e-15,-1.0388789059429576e-09,-2.0604292193786394e-06
1.0000037650640692,1.000000552478802,-5.739779052770999e-10,-6.21637175089131e-10,-5.985178859908827e-10,-6.109919441681672e-10,-6.216371764075395e-10,1.0000005524788016,-6.10991942957145e-10,1.0000005524788012,0.999999937599568,-3.0087468605605192e-06,-6.216371765393285e-10,-6.216371762456348e-10,-5.739779058537874e-10,-6.216371755935647e-10,-5.968606770692202e-10,0.9999999375995673,-1.70474631130638e-06,-5.45704343704175e-10,-6.10991943630549e-10,1.000000252774154,-1.8779064362627724e-06,-6.216371764933833e-10,-2.060430552485365e-06,0.9999964624857155,-5.98517885705304e-10,-5.985178859933533e-10,1.0000003986847308,-5.284190173355179e-10,-5.985178861849859e-10,-6.109919431777232e-10,-6.109919437160051e-10,1.000000552478803,0.999999098125489
-6.250797624645203e-06,-5.985181808389157e-10,6.494282245084239e-16,7.113916553261423e-16,1.3500740618755774e-12,6.972660755455362e-16,7.114017555424985e-16,-5.985181806126201e-10,6.974243750301916e-16,-5.985181808389157e-10,-5.985178856321431e-10,1.7222775713400553e-15,7.117511889714613e-16,7.11675166772036e-16,6.494282245084239e-16,7.115769013554827e-16,6.791438252183567e-16,-5.985178857901667e-10,9.643161559781224e-16,6.10750405851607e-16,6.973297093857559e-16,-5.985180355200778e-10,1.0775020256090711e-15,7.11675166772036e-16,1.1603786630076631e-15,-5.98517885705304e-10,-3.475115053597086e-06,1.3500740628256275e-12,-5.985180999800456e-10,5.894834478410389e-16,1.3500740624014692e-12,6.973418263155623e-16,6.973418263155623e-16,-5.985181808452982e-10,-1.1870528996892834e-06
-6.250797624667502e-06,-5.985181812058957e-10,6.494282245084239e-16,7.114131661749522e-16,1.3500740618996828e-12,6.974438035878502e-16,7.115769013554827e-16,-5.985181809958057e-10,6.973418263155623e-16,-5.985181812058957e-10,-5.985178860807196e-10,1.722205862006029e-15,7.113131862914856e-16,7.11401755311527e-16,6.498314416113128e-16,7.11675166772036e-16,6.790399912213587e-16,-5.985178859933533e-10,9.64304353889137e-16,6.106074057246481e-16,6.973021267950512e-16,-5.985180363108604e-10,1.077846440582327e-15,7.116454796433027e-16,1.159960664515401e-15,-5.985178859933533e-10,1.3500740628256275e-12,-3.475115053597086e-06,-5.985181005212707e-10,5.894834478410389e-16,1.3500740624255758e-12,6.973418263155623e-16,6.973021267950512e-16,-5.985181811344891e-10,-1.187052900604375e-06
1.0000042261547157,1.0000010135639696,-5.739781041741255e-10,-6.216374062930027e-10,-5.985181000281588e-10,-6.109921672815832e-10,-6.216374076970274e-10,1.0000010135639705,-6.109921665238713e-10,1.0000010135639674,1.000000398684735,-3.008747924669837e-06,-6.216374075015807e-10,-6.216374076269491e-10,-5.7397810525128e-10,-6.216374067394751e-10,-5.968608906875434e-10,1.0000003986847348,-8.595411159287852e-10,-5.45704519421012e-10,-6.109921672452347e-10,1.000000713859317,-9.468492980890026e-10,-6.216374076146337e-10,-1.0388787739849361e-09,1.0000003986847308,-5.985180999800456e-10,-5.985181005212707e-10,0.9999973846561108,-5.284191845262947e-10,-5.985181006961498e-10,-6.109921668833271e-10,-6.109921672413995e-10,1.0000010135639703,0.9999995592105908
-6.1117679130527105e-06,-5.284192512259669e-10,5.604873270391793e-16,6.18190362274754e-16,5.89788263415148e-16,6.049110467733232e-16,6.175968302801621e-16,-5.284192514183059e-10,6.049110467733232e-16,-5.284192512259669e-10,-5.284190173355179e-10,2.955547873584557e-12,6.178311260582909e-16,6.182799859330159e-16,5.604870749811515e-16,6.176155505865454e-16,5.881031125151147e-16,-5.284190173451302e-10,8.302271030026193e-16,5.241424969853548e-16,6.044885728126353e-16,-5.284191359332302e-10,9.330374383026117e-16,6.18190362274754e-16,9.972276179633259e-16,-5.284190173355179e-10,5.894834478410389e-16,5.894834478410389e-16,-5.284191845262947e-10,-3.475115402451147e-06,5.894834478410389e-16,6.049110467733232e-16,6.049110467733232e-16,-5.284192514183066e-10,-1.0480244266615067e-06
-6.250797624602412e-06,-5.985181811349349e-10,6.498314416113128e-16,7.113131862914856e-16,1.350074061475525e-12,6.972660755455362e-16,7.114017555424985e-16,-5.98518181208992e-10,6.973021267950512e-16,-5.985181811349349e-10,-5.985178862466195e-10,1.722205862006029e-15,7.115769013554827e-16,7.115769013554827e-16,6.498314416113128e-16,7.11675166772036e-16,6.790399912213587e-16,-5.985178861153895e-10,9.64304353889137e-16,6.105364763805549e-16,6.973297093857559e-16,-5.985180362070137e-10,1.0777590116463862e-15,7.11401755311527e-16,1.159960664515401e-15,-5.985178861849859e-10,1.3500740624014692e-12,1.3500740624255758e-12,-5.985181006961498e-10,5.894834478410389e-16,-3.475115053597086e-06,6.973021267950512e-16,6.973021267950512e-16,-5.985181811349349e-10,-1.187052900572636e-06
-6.2755378837300846e-06,-6.109922498238798e-10,6.655266948136313e-16,7.288775352909765e-16,6.974438035878502e-16,1.4162475139733752e-12,7.285703102148936e-16,-6.109922498238798e-10,1.4162475128575823e-12,-6.109922499623424e-10,-6.109919433196195e-10,1.7645152483831787e-15,7.284061825547945e-16,7.287561121703613e-16,6.655266948136313e-16,7.288775570990103e-16,6.955445242356276e-16,-6.109919431777232e-10,9.887911365030033e-16,6.258711292475192e-16,1.4162475138858437e-12,-6.109920990476039e-10,1.1041647207883986e-15,7.285703102148936e-16,1.1906758141407522e-15,-6.109919431777232e-10,6.973418263155623e-16,6.973418263155623e-16,-6.109921668833271e-10,6.049110467733232e-16,6.973021267950512e-16,-3.47511498826847e-06,1.4162475139462398e-12,-6.109922502491106e-10,-1.2117929432005366e-06
-6.275537880649437e-06,-6.109922506760518e-10,6.655266948136313e-16,7.287561121703613e-16,6.974438035878502e-16,1.4162475153565539e-12,7.286615329690026e-16,-6.109922503706927e-10,1.416247514240761e-12,-6.109922506233791e-10,-6.109919440172647e-10,1.7643664903378888e-15,7.286078325752096e-16,7.2839705827664e-16,6.654523014320311e-16,7.288775352909765e-16,6.952319486610782e-16,-6.109919442235258e-10,9.886904744462307e-16,6.258939831388489e-16,1.4162475152690226e-12,-6.109920997500833e-10,1.1040613293975444e-15,7.2839705827664e-16,1.1904038160865045e-15,-6.109919437160051e-10,6.973418263155623e-16,6.973021267950512e-16,-6.109921672413995e-10,6.049110467733232e-16,6.973021267950512e-16,1.4162475139462398e-12,-3.4751149911559996e-06,-6.109922506962905e-10,-1.2117929444482185e-06
1.0000043799504077,1.0000011673580795,-5.739781801100388e-10,-6.216374917405183e-10,-5.985181805096534e-10,-6.109922509227092e-10,-6.21637492702248e-10,1.0000011673580778,-6.109922497678534e-10,1.0000011673580784,1.000000552478805,-1.5170245752044067e-09,-6.216374929760922e-10,-6.216374929389696e-10,-5.739781808616538e-10,-6.216374920753284e-10,-5.968609707478327e-10,1.000000552478804,-8.595412272789363e-10,-5.457045886769882e-10,-6.109922503226834e-10,1.000000867653406,-9.468494266357756e-10,-6.216374931942669e-10,-1.0388789059429576e-09,1.000000552478803,-5.985181808452982e-10,-5.985181811344891e-10,1.0000010135639703,-5.284192514183066e-10,-5.985181811349349e-10,-6.109922502491106e-10,-6.109922506962905e-10,0.9999976922443619,0.999999713004591
1.0000029255806595,0.9999997130045908,-1.138382267076221e-06,-1.23290583988343e-06,-1.187052899916657e-06,-1.2117929448940685e-06,-1.232905842113595e-06,0.9999997130045895,-1.2117929425498663e-06,0.9999997130045901,0.9999990981254934,-3.008744769939695e-06,-1.232905842027842e-06,-1.2329058420562787e-06,-1.1383822687370688e-06,-1.232905840744981e-06,-1.1837661232465557e-06,0.9999990981254914,-1.7047451861990553e-06,-1.0823067666366636e-06,-1.2117929440814297e-06,0.9999994133000147,-1.8779051164337886e-06,-1.2329058427586894e-06,-2.0604292193786394e-06,0.999999098125489,-1.1870528996892834e-06,-1.187052900604375e-06,0.9999995592105908,-1.0480244266615067e-06,-1.187052900572636e-06,-1.2117929432005366e-06,-1.2117929444482185e-06,0.999999713004591,0.9999947835376515
