1.0000000074696838,1.0000070987544678,1.0000073645426886,1.0000070987544623,1.0000070987544565,1.0000070987544647,1.0000070987544643,1.0000073434249157,2.259329630970017e-06,1.0000073003892727,2.294810621978025e-06,2.2943006915059453e-06,1.0000074996082,2.2168211161093296e-06,1.0000073857346996,1.0000070987544698,1.0000073003892682,1.0000070987544634,1.0000070987544611,1.0000073003892704,1.0000070987544596,1.0000070987544625,2.2627793267138187e-06,1.0000070987544616,2.2146744693448413e-06,1.0000073003892709,1.0000070987544623,1.000007153593873,1.0000073003892709,2.2629821562247964e-06,1.0000073645426861,1.0000071615062331,1.00000736454268,2.3492853689436103e-06,1.0000073003892687,1.000007098754465,1.0000074996082176,1.0000073003892707,1.0000073003892738,1.0000073645426886,1.000007300389272,1.000007300389267,1.0000073645426861,1.0000074996082156,1.000007300389269,2.2888195104508717e-06,1.0000074996082156,1.000007499608209,1.0000070987544645,1.0000073042472306,1.0000070987544611,1.0000073003892698,1.000007499608209,1.0000073003892709,1.0000073003892722,1.0000070987544565,1.0000070987544567,2.259541079818681e-06,1.0000073645426777,1.0000074499791773,1.0000073003892709,2.217812327654453e-06,1.0000073325689363,1.0000073003892715,1.0000070987544616,1.0000070987544583,1.0000073003892709,1.000007300389272,1.0000073003892709,1.000007300389271,1.0000070987544698
1.0000070987544678,1.0000070461456299,1.0000056253351919,1.0000053595737444,1.0000053595737448,1.0000053595737444,1.0000053595737468,1.0000056041964354,1.199792462219582e-07,1.0000055612030454,1.5543870505807296e-07,1.5496158475152658e-07,1.0000057604232615,3.8750617040976036e-11,1.0000056465705973,1.0000053595737457,1.0000055612030465,1.0000053595737468,1.0000053595737453,1.0000055612030454,1.0000053595737457,1.0000053595737473,1.2342991810237466e-07,1.000005359573745,3.794130174482809e-11,1.0000055612030452,1.0000053595737444,1.0000054144069475,1.0000055612030467,1.236560234747786e-07,1.0000056253351917,1.0000054222870562,1.0000056253351892,2.0995334120166094e-07,1.0000055612030463,1.0000053595737444,1.0000057604232628,1.0000055612030458,1.0000055612030436,1.0000056253351903,1.000005561203047,1.0000055612030454,1.0000056253351899,1.0000057604232617,1.0000055612030443,1.495082483883546e-07,1.0000057604232615,1.0000057604232606,1.0000053595737444,1.0000055650571962,1.0000053595737453,1.0000055612030447,1.0000057604232606,1.0000055612030445,1.0000055612030458,1.0000053595737448,1.0000053595737444,1.2019941926801707e-07,1.0000056253351894,1.000005710770247,1.0000055612030463,3.9515797311969804e-11,1.000005593344093,1.000005561203044,1.000005359573745,1.0000053595737453,1.0000055612030463,1.0000055612030454,1.0000055612030447,1.0000055612030447,1.0000053595737457
1.0000073645426886,1.0000056253351919,1.000007577784429,1.0000056253351863,1.0000056253351877,1.0000056253351874,1.0000056253351897,1.0000058701642849,6.02729085857739e-11,1.0000058269885743,7.811908540435595e-11,7.780849069635459e-11,1.000006026203619,3.9387986829979346e-11,1.0000059122608604,1.0000056253351888,1.0000058269885752,1.0000056253351897,1.0000056253351883,1.0000058269885739,1.0000056253351886,1.0000056253351894,6.200292813582103e-11,1.000005625335187,3.742329964224688e-11,1.0000058269885743,1.0000056253351863,1.0000056801952688,1.0000058269885745,6.206598772270956e-11,1.0000058912125813,1.0000056882144839,1.0000058912125798,2.099683499089558e-07,1.0000058269885754,1.0000056253351874,1.00000602620362,1.0000058269885734,1.0000058269885734,1.0000058912125809,1.0000058269885745,1.0000058269885745,1.0000058912125798,1.0000060262036183,1.0000058269885732,7.501075876800506e-11,1.00000602620362,1.0000060262036188,1.0000056253351874,1.0000058308591644,1.0000056253351879,1.000005826988573,1.0000060262036188,1.0000058269885743,1.0000058269885743,1.0000056253351874,1.0000056253351874,6.036454415745931e-11,1.0000058912125802,1.0000059766539187,1.000005826988575,3.900105962680791e-11,1.000005859296253,1.000005826988573,1.0000056253351874,1.0000056253351879,1.0000058269885734,1.0000058269885745,1.0000058269885745,1.0000058269885739,1.0000056253351888
1.0000070987544623,1.0000053595737444,1.0000056253351863,1.0000070461456192,1.0000053595737406,1.0000053595737404,1.0000053595737415,1.0000056041964303,1.1997924622195758e-07,1.0000055612030405,1.5543870505807235e-07,1.5496158475152586e-07,1.0000057604232568,3.875061702756009e-11,1.000005646570593,1.0000053595737413,1.0000055612030412,1.0000053595737415,1.0000053595737413,1.000005561203041,1.000005359573742,1.0000053595737424,1.2342991810237408e-07,1.00000535957374,3.794130174482809e-11,1.0000055612030398,1.0000053595737404,1.000005414406943,1.0000055612030398,1.2365602347477794e-07,1.0000056253351859,1.0000054222870505,1.000005625335185,2.0995334120166017e-07,1.0000055612030418,1.0000053595737404,1.0000057604232577,1.0000055612030398,1.0000055612030403,1.0000056253351859,1.00000556120304,1.0000055612030398,1.0000056253351854,1.0000057604232577,1.0000055612030387,1.49508248388354e-07,1.0000057604232568,1.0000057604232564,1.0000053595737404,1.0000055650571917,1.0000053595737413,1.0000055612030398,1.0000057604232564,1.0000055612030398,1.0000055612030392,1.0000053595737397,1.00000535957374,1.2019941926801649e-07,1.0000056253351846,1.0000057107702418,1.0000055612030398,3.951579730614662e-11,1.0000055933440872,1.0000055612030392,1.00000535957374,1.00000535957374,1.0000055612030403,1.0000055612030407,1.0000055612030392,1.0000055612030392,1.0000053595737415
1.0000070987544565,1.0000053595737448,1.0000056253351877,1.0000053595737406,1.0000070461456216,1.000005359573741,1.000005359573743,1.0000056041964316,1.1997924622195785e-07,1.0000055612030412,1.5543870505807245e-07,1.5496158475152607e-07,1.0000057604232577,3.875061702756009e-11,1.0000056465705938,1.0000053595737426,1.0000055612030427,1.000005359573743,1.0000053595737415,1.0000055612030407,1.0000053595737428,1.0000053595737437,1.234299181023742e-07,1.0000053595737408,3.7941301706980246e-11,1.0000055612030403,1.00000535957374,1.0000054144069443,1.0000055612030418,1.236560234747781e-07,1.0000056253351859,1.0000054222870514,1.000005625335186,2.099533412016603e-07,1.0000055612030427,1.0000053595737408,1.0000057604232584,1.000005561203041,1.0000055612030403,1.000005625335187,1.0000055612030418,1.0000055612030414,1.0000056253351859,1.0000057604232584,1.0000055612030398,1.4950824838835412e-07,1.0000057604232582,1.0000057604232573,1.0000053595737408,1.0000055650571928,1.0000053595737413,1.0000055612030403,1.0000057604232573,1.0000055612030407,1.0000055612030398,1.0000053595737413,1.000005359573742,1.2019941926801667e-07,1.0000056253351859,1.0000057107702425,1.0000055612030418,3.951579741234246e-11,1.000005593344089,1.0000055612030394,1.0000053595737404,1.0000053595737413,1.0000055612030418,1.0000055612030427,1.000005561203041,1.0000055612030403,1.0000053595737426
1.0000070987544647,1.0000053595737444,1.0000056253351874,1.0000053595737404,1.000005359573741,1.0000070461456199,1.0000053595737426,1.0000056041964318,1.1997924622195764e-07,1.0000055612030407,1.5543870505807238e-07,1.5496158475152594e-07,1.000005760423258,3.875061717898641e-11,1.0000056465705953,1.0000053595737426,1.0000055612030427,1.0000053595737428,1.0000053595737415,1.000005561203041,1.000005359573742,1.0000053595737437,1.234299181023742e-07,1.0000053595737404,3.794130170128052e-11,1.0000055612030403,1.0000053595737404,1.0000054144069443,1.000005561203041,1.236560234747781e-07,1.000005625335187,1.000005422287052,1.0000056253351857,2.0995334120166027e-07,1.0000055612030423,1.0000053595737408,1.000005760423259,1.0000055612030398,1.0000055612030412,1.000005625335187,1.000005561203042,1.0000055612030418,1.0000056253351859,1.000005760423258,1.00000556120304,1.4950824838835406e-07,1.0000057604232577,1.0000057604232568,1.0000053595737413,1.0000055650571915,1.000005359573742,1.0000055612030403,1.0000057604232568,1.0000055612030407,1.0000055612030416,1.0000053595737413,1.000005359573741,1.201994192680165e-07,1.0000056253351854,1.0000057107702431,1.000005561203041,3.951579746352644e-11,1.000005593344089,1.0000055612030405,1.0000053595737413,1.0000053595737415,1.000005561203041,1.0000055612030416,1.0000055612030414,1.0000055612030403,1.000005359573742
1.0000070987544643,1.0000053595737468,1.0000056253351897,1.0000053595737415,1.000005359573743,1.0000053595737426,1.0000070461456325,1.0000056041964323,1.1997924622195782e-07,1.0000055612030423,1.5543870505807256e-07,1.5496158475152602e-07,1.000005760423258,3.875061717898641e-11,1.000005646570595,1.0000053595737435,1.0000055612030427,1.0000053595737437,1.0000053595737437,1.0000055612030427,1.0000053595737448,1.0000053595737448,1.2342991810237432e-07,1.000005359573742,3.794130171028394e-11,1.0000055612030425,1.0000053595737415,1.0000054144069446,1.0000055612030438,1.236560234747783e-07,1.0000056253351886,1.0000054222870525,1.0000056253351874,2.099533412016605e-07,1.000005561203043,1.000005359573742,1.0000057604232595,1.0000055612030418,1.000005561203041,1.0000056253351877,1.0000055612030438,1.0000055612030436,1.0000056253351866,1.000005760423259,1.0000055612030418,1.495082483883542e-07,1.0000057604232582,1.0000057604232584,1.0000053595737421,1.0000055650571942,1.0000053595737446,1.0000055612030423,1.0000057604232584,1.000005561203043,1.0000055612030423,1.0000053595737415,1.000005359573743,1.2019941926801678e-07,1.000005625335187,1.0000057107702442,1.0000055612030427,3.951579732386428e-11,1.0000055933440897,1.0000055612030414,1.000005359573742,1.000005359573742,1.0000055612030427,1.0000055612030427,1.0000055612030416,1.0000055612030427,1.0000053595737448
1.0000073434249157,1.0000056041964354,1.0000058701642849,1.0000056041964303,1.0000056041964316,1.0000056041964318,1.0000056041964323,1.000007535758357,6.030977294004987e-11,1.0000058058685761,7.819239464459068e-11,7.782629278805813e-11,1.00000600507954,7.945776948915943e-08,1.0000058910664713,1.000005604196431,1.000005805868577,1.0000056041964323,1.0000056041964323,1.0000058058685761,1.000005604196433,1.0000056041964338,6.203814872004749e-11,1.0000056041964311,3.701889818042033e-11,1.0000058058685761,1.0000056041964303,1.0000056590774846,1.0000058058685766,6.206182986165585e-11,1.0000058701642824,1.0000056672052933,1.0000058701642833,2.0998001824935296e-07,1.000005805868577,1.0000056041964311,1.0000060050795399,1.0000058058685752,1.0000058058685766,1.0000058701642844,1.000005805868577,1.000005805868577,1.0000058701642829,1.0000060050795392,1.0000058058685761,7.498145627108436e-11,1.00000600507954,1.0000060050795394,1.0000056041964318,1.0000058097519982,1.0000056041964325,1.0000058058685761,1.0000060050795394,1.000005805868577,1.0000058058685766,1.0000056041964307,1.0000056041964314,6.03866650779225e-11,1.0000058701642833,1.0000059556105085,1.0000058058685766,3.85992069166983e-11,1.0000058383063346,1.0000058058685757,1.0000056041964314,1.0000056041964307,1.0000058058685766,1.000005805868577,1.0000058058685755,1.000005805868576,1.0000056041964331
2.259329630970017e-06,1.199792462219582e-07,6.02729085857739e-11,1.1997924622195758e-07,1.1997924622195785e-07,1.1997924622195764e-07,1.1997924622195782e-07,6.030977294004987e-11,1.6866484024477494e-06,6.023547636821728e-11,1.5170810001750045e-10,3.685617520269905e-11,6.023336036508052e-11,5.171194442078684e-13,6.019665011632266e-11,1.1997924622195787e-07,6.023547641502676e-11,1.1997924622195782e-07,1.199792462219578e-07,6.02354763686404e-11,1.1997924622195793e-07,1.19979246221958e-07,7.2893305294848e-11,1.1997924622195766e-07,-4.202782488664332e-13,6.023547636194737e-11,1.1997924622195758e-07,1.2000104966216304e-07,6.023547638593725e-11,-8.585529579406197e-12,6.027290858946571e-11,1.2011391129324194e-07,6.027290852299479e-11,1.215623275046091e-11,6.023547636694936e-11,1.1997924622195766e-07,6.023336015890736e-11,6.023547642920943e-11,6.02354763659742e-11,6.027290862272819e-11,6.023547635142449e-11,6.023547635721836e-11,6.02729085442799e-11,6.023336018441346e-11,6.023547635612426e-11,-6.060955060527727e-11,6.023336031654415e-11,6.023336015890736e-11,1.1997924622195766e-07,6.024217511275857e-11,1.199792462219578e-07,6.023547643110323e-11,6.023336031654415e-11,6.023547636821728e-11,6.02354763914254e-11,1.1997924622195772e-07,1.1997924622195782e-07,4.5788052842178177e-11,6.027290853944717e-11,6.027546484739666e-11,6.023547637625055e-11,-4.176302525020867e-13,6.030338002892916e-11,6.02354763745043e-11,1.1997924622195774e-07,1.199792462219578e-07,6.023547634011164e-11,6.023547634011164e-11,6.023547642554507e-11,6.02354763715873e-11,1.199792462219579e-07
1.0000073003892727,1.0000055612030454,1.0000058269885743,1.0000055612030405,1.0000055612030412,1.0000055612030407,1.0000055612030423,1.0000058058685761,6.023547636821728e-11,1.0000074494092426,7.804465036512486e-11,7.779041015441976e-11,1.0000059620565374,3.8882818225167284e-11,1.0000058481851721,1.0000055612030423,1.000005762837365,1.0000055612030423,1.0000055612030416,1.0000057628373655,1.0000055612030427,1.0000055612030432,6.196716454077961e-11,1.0000055612030412,3.783386986112129e-11,1.0000057628373644,1.0000055612030405,1.0000056160418258,1.0000057628373655,6.207020350916501e-11,1.0000058269885725,1.000005623950787,1.000005826988573,1.0539131430830797e-10,1.000005762837365,1.0000055612030403,1.0000059620565376,1.000005762837365,1.0000057628373653,1.0000058269885725,1.0000057628373658,1.0000057628373662,1.000005826988572,1.000005962056537,1.0000057628373635,7.504050206546258e-11,1.0000059620565374,1.0000059620565358,1.00000556120304,1.0000057666949251,1.0000055612030423,1.0000057628373646,1.0000059620565358,1.000005762837365,1.0000057628373653,1.000005561203041,1.0000055612030412,6.034208034310686e-11,1.0000058269885719,1.000005912424945,1.0000057628373653,3.940904256351826e-11,1.0000057950129775,1.0000057628373653,1.0000055612030414,1.000005561203041,1.0000057628373653,1.0000057628373658,1.0000057628373653,1.0000057628373655,1.0000055612030423
2.294810621978025e-06,1.5543870505807296e-07,7.811908540435595e-11,1.5543870505807235e-07,1.5543870505807245e-07,1.5543870505807238e-07,1.5543870505807256e-07,7.819239464459068e-11,1.5170810001750045e-10,7.804465036512486e-11,1.686873669473088e-06,7.327926811299086e-11,1.5546911892584624e-07,2.047354454330933e-09,1.553237874054735e-07,1.5543870505807261e-07,7.804465036869795e-11,1.5543870505807261e-07,1.5543870505807256e-07,7.804465043809523e-11,1.5543870505807264e-07,1.554387050580727e-07,1.4494516429554858e-10,1.5543870505807227e-07,-8.357667659310499e-13,7.80446504142278e-11,1.5543870505807232e-07,1.5548205867635026e-07,7.804465043809523e-11,-1.7083349437501834e-11,7.811908532889641e-11,1.5570649420644188e-07,7.811908536573807e-11,2.41565167001932e-11,7.80446503652732e-11,1.5543870505807238e-07,1.5546911892584627e-07,7.804465043027571e-11,7.804465044586727e-11,7.811908540435595e-11,7.804465034493777e-11,7.804465041665047e-11,7.811908545244607e-11,1.5546911892584614e-07,7.804465034589836e-11,-1.2054025336618357e-10,1.5546911892584624e-07,1.554691189258461e-07,1.5543870505807238e-07,7.805797190104787e-11,1.5543870505807261e-07,7.804465035898251e-11,1.554691189258461e-07,7.804465040237463e-11,7.804465036869795e-11,1.554387050580724e-07,1.5543870505807243e-07,9.104403124217505e-11,7.811908540783065e-11,1.5563582334788342e-07,7.804465037076497e-11,-8.305003423021344e-13,7.817968213410363e-11,7.804465036647406e-11,1.5543870505807232e-07,1.554387050580724e-07,7.804465034486481e-11,7.804465036725923e-11,7.804465044417957e-11,7.80446504082631e-11,1.5543870505807264e-07
2.2943006915059453e-06,1.5496158475152658e-07,7.780849069635459e-11,1.5496158475152586e-07,1.5496158475152607e-07,1.5496158475152594e-07,1.5496158475152602e-07,7.782629278805813e-11,3.685617520269905e-11,7.779041015441976e-11,7.327926811299086e-11,1.6865899504729189e-06,1.5496901835639451e-07,2.4973654365910094e-13,1.5493371114605555e-07,1.5496158475152618e-07,7.77904100610159e-11,1.5496158475152602e-07,1.5496158475152602e-07,7.779041014539373e-11,1.5496158475152613e-07,1.549615847515262e-07,3.521420349694859e-11,1.5496158475152583e-07,-2.0296106389373752e-13,7.779041021660344e-11,1.5496158475152594e-07,1.5497211967059898e-07,7.779041013239226e-11,-4.134307446568816e-12,7.780849040359733e-11,1.550266246686642e-07,7.780849077706568e-11,5.890811390643499e-12,7.779041012426838e-11,1.5496158475152594e-07,1.5496901835639436e-07,7.779041014046739e-11,7.779041011621377e-11,7.780849040359733e-11,7.779041013200841e-11,7.77904101134788e-11,7.780849047618743e-11,1.5496901835639436e-07,7.779041014027533e-11,-2.92557487429361e-11,1.5496901835639436e-07,1.5496901835639436e-07,1.5496158475152583e-07,7.779364554348208e-11,1.5496158475152615e-07,7.77904100943419e-11,1.5496901835639436e-07,7.779041014003823e-11,7.779041014046739e-11,1.5496158475152591e-07,1.549615847515259e-07,2.212396566870882e-11,7.780849045695546e-11,1.5500949655268845e-07,7.779041010246662e-11,-2.0168272438243726e-13,7.782320445046059e-11,7.779041014077192e-11,1.5496158475152583e-07,1.549615847515259e-07,7.779041014027533e-11,7.779041013808145e-11,7.779041008007384e-11,7.779041021660344e-11,1.5496158475152615e-07
1.0000074996082,1.0000057604232615,1.000006026203619,1.0000057604232568,1.0000057604232577,1.000005760423258,1.000005760423258,1.00000600507954,6.023336036508052e-11,1.0000059620565374,1.5546911892584624e-07,1.5496901835639451e-07,1.0000078478478571,3.885409897711692e-11,1.0000060474086558,1.0000057604232588,1.0000059620565376,1.000005760423258,1.0000057604232588,1.0000059620565378,1.000005760423258,1.0000057604232584,6.196514366631578e-11,1.0000057604232573,3.78572254377632e-11,1.000005962056537,1.0000057604232564,1.000005815260841,1.0000059620565376,6.207045605579508e-11,1.0000060262036183,1.0000058231635358,1.0000060262036183,2.099558537310639e-07,1.0000059620565382,1.0000057604232573,1.0000061612759845,1.0000059620565374,1.0000059620565365,1.000006026203619,1.000005962056538,1.0000059620565385,1.000006026203619,1.0000061612759839,1.0000059620565365,1.494961785202499e-07,1.000006161275984,1.0000061612759834,1.0000057604232577,1.0000059659133589,1.0000057604232588,1.000005962056537,1.0000061612759834,1.000005962056537,1.0000059620565376,1.0000057604232577,1.0000057604232573,6.034081543844338e-11,1.000006026203619,1.0000061116397252,1.0000059620565378,3.943225159223568e-11,1.0000059942246458,1.0000059620565367,1.0000057604232573,1.000005760423258,1.0000059620565378,1.0000059620565376,1.0000059620565378,1.0000059620565374,1.000005760423258
2.2168211161093296e-06,3.8750617040976036e-11,3.9387986829979346e-11,3.875061702756009e-11,3.875061702756009e-11,3.875061717898641e-11,3.875061717898641e-11,7.945776948915943e-08,5.171194442078684e-13,3.8882818225167284e-11,2.047354454330933e-09,2.4973654365910094e-13,3.885409897711692e-11,1.7004605448355864e-06,3.835871671894639e-11,3.8750616888934546e-11,3.8882818180630045e-11,3.875061709404952e-11,3.875061700270799e-11,3.8882818180630045e-11,3.875061720612272e-11,3.875061710215481e-11,4.940619185095993e-13,3.875061706453714e-11,-5.6725167914355306e-12,3.888281818172716e-11,3.875061702756009e-11,7.749236484364067e-08,3.8882818311659105e-11,-5.829738475297406e-14,3.938798681202737e-11,3.966348599603367e-11,3.938798697678973e-11,8.224870977780888e-14,3.888281845552223e-11,3.875061701562487e-11,3.8854099117586317e-11,3.888281821083758e-11,3.8882818167946406e-11,3.938798680119964e-11,3.888281818172716e-11,3.888281849102289e-11,3.938798680390713e-11,3.8854098951408575e-11,3.8882818180630045e-11,-4.1099713824289243e-13,3.8854098951408575e-11,3.8854099054634725e-11,3.875061720612272e-11,3.897323147747643e-11,3.875061698786331e-11,3.8882818401160506e-11,3.8854098951408575e-11,3.888281818062884e-11,3.888281818172716e-11,3.875061722604956e-11,3.875061702756009e-11,3.1031362398757176e-13,3.9387986807400184e-11,3.9422423027749584e-11,3.888281824420733e-11,-5.636774165865874e-12,7.928599838842892e-08,3.8882818549118884e-11,3.875061710102711e-11,3.875061698786331e-11,3.8882818180630045e-11,3.8882818401160506e-11,3.888281836711596e-11,3.8882818401160506e-11,3.8750617036248466e-11
1.0000073857346996,1.0000056465705973,1.0000059122608604,1.000005646570593,1.0000056465705938,1.0000056465705953,1.000005646570595,1.0000058910664713,6.019665011632266e-11,1.0000058481851721,1.553237874054735e-07,1.5493371114605555e-07,1.0000060474086558,3.835871671894639e-11,1.00000762018318,1.0000056465705942,1.0000058481851737,1.000005646570595,1.000005646570595,1.000005848185172,1.0000056465705955,1.0000056465705964,6.193006994925442e-11,1.0000056465705938,3.825983777074472e-11,1.0000058481851728,1.0000056465705935,1.0000057013872914,1.0000058481851728,6.20745869437796e-11,1.0000059122608593,1.0000057091818675,1.000005912260859,1.0538514685446407e-10,1.0000058481851737,1.0000056465705935,1.0000060474086558,1.000005848185172,1.0000058481851704,1.0000059122608607,1.000005848185173,1.0000058481851724,1.0000059122608593,1.0000060474086552,1.0000058481851715,1.4955424023663627e-07,1.0000060474086558,1.0000060474086543,1.0000056465705938,1.000005852029215,1.000005646570595,1.0000058481851728,1.0000060474086543,1.0000058481851724,1.000005848185173,1.0000056465705938,1.0000056465705938,6.031878364815706e-11,1.0000059122608589,1.0000059976920905,1.000005848185173,3.9832326690754805e-11,1.0000058802237712,1.0000058481851712,1.0000056465705938,1.0000056465705935,1.000005848185173,1.0000058481851728,1.0000058481851712,1.0000058481851715,1.000005646570595
1.0000070987544698,1.0000053595737457,1.0000056253351888,1.0000053595737413,1.0000053595737426,1.0000053595737426,1.0000053595737435,1.000005604196431,1.1997924622195787e-07,1.0000055612030423,1.5543870505807261e-07,1.5496158475152618e-07,1.0000057604232588,3.8750616888934546e-11,1.0000056465705942,1.000007046145624,1.000005561203043,1.0000053595737435,1.0000053595737437,1.0000055612030423,1.0000053595737437,1.0000053595737444,1.2342991810237432e-07,1.0000053595737413,3.794130160832087e-11,1.0000055612030414,1.0000053595737413,1.0000054144069446,1.000005561203043,1.2365602347477815e-07,1.000005625335187,1.0000054222870531,1.0000056253351874,2.099533412016605e-07,1.000005561203043,1.0000053595737415,1.0000057604232584,1.0000055612030418,1.0000055612030418,1.0000056253351877,1.0000055612030438,1.0000055612030423,1.0000056253351866,1.000005760423258,1.000005561203041,1.4950824838835412e-07,1.0000057604232577,1.0000057604232562,1.0000053595737415,1.0000055650571926,1.0000053595737437,1.0000055612030414,1.0000057604232562,1.0000055612030418,1.000005561203043,1.000005359573742,1.000005359573742,1.201994192680167e-07,1.0000056253351872,1.0000057107702442,1.0000055612030423,3.951579738088187e-11,1.0000055933440897,1.0000055612030423,1.0000053595737413,1.000005359573742,1.0000055612030423,1.000005561203043,1.0000055612030418,1.0000055612030423,1.000005359573743
1.0000073003892682,1.0000055612030465,1.0000058269885752,1.0000055612030412,1.0000055612030427,1.0000055612030427,1.0000055612030427,1.000005805868577,6.023547641502676e-11,1.000005762837365,7.804465036869795e-11,7.77904100610159e-11,1.0000059620565376,3.8882818180630045e-11,1.0000058481851737,1.000005561203043,1.000007449409256,1.000005561203043,1.0000055612030425,1.0000057628373662,1.0000055612030438,1.0000055612030436,6.196716461437878e-11,1.0000055612030423,3.783386981311633e-11,1.000005762837365,1.0000055612030412,1.000005616041827,1.0000057628373662,6.207020353111642e-11,1.0000058269885739,1.0000056239507873,1.0000058269885739,1.053913141748491e-10,1.0000057628373673,1.0000055612030425,1.0000059620565374,1.0000057628373646,1.0000057628373658,1.0000058269885743,1.0000057628373666,1.0000057628373662,1.0000058269885728,1.0000059620565376,1.0000057628373642,7.504050204740193e-11,1.0000059620565376,1.0000059620565376,1.0000055612030425,1.0000057666949262,1.0000055612030432,1.000005762837365,1.0000059620565376,1.0000057628373662,1.0000057628373653,1.0000055612030418,1.0000055612030427,6.034208031480155e-11,1.0000058269885725,1.0000059124249459,1.000005762837365,3.940904256424536e-11,1.0000057950129797,1.000005762837365,1.0000055612030425,1.0000055612030414,1.000005762837365,1.0000057628373662,1.0000057628373658,1.0000057628373649,1.0000055612030436
1.0000070987544634,1.0000053595737468,1.0000056253351897,1.0000053595737415,1.000005359573743,1.0000053595737428,1.0000053595737437,1.0000056041964323,1.1997924622195782e-07,1.0000055612030423,1.5543870505807261e-07,1.5496158475152602e-07,1.000005760423258,3.875061709404952e-11,1.000005646570595,1.0000053595737435,1.000005561203043,1.0000070461456325,1.000005359573744,1.0000055612030427,1.000005359573745,1.0000053595737448,1.234299181023743e-07,1.000005359573742,3.7941301467878656e-11,1.0000055612030423,1.0000053595737415,1.0000054144069446,1.0000055612030438,1.2365602347477823e-07,1.0000056253351886,1.0000054222870525,1.0000056253351874,2.0995334120166049e-07,1.000005561203043,1.000005359573742,1.0000057604232595,1.0000055612030418,1.000005561203041,1.0000056253351877,1.0000055612030438,1.0000055612030436,1.0000056253351866,1.0000057604232588,1.0000055612030418,1.4950824838835417e-07,1.0000057604232582,1.0000057604232584,1.0000053595737421,1.0000055650571942,1.0000053595737446,1.0000055612030423,1.0000057604232584,1.000005561203043,1.0000055612030423,1.0000053595737413,1.000005359573743,1.2019941926801678e-07,1.000005625335187,1.0000057107702442,1.000005561203043,3.9515797359611265e-11,1.0000055933440897,1.0000055612030414,1.000005359573742,1.0000053595737421,1.000005561203043,1.0000055612030427,1.0000055612030418,1.0000055612030425,1.0000053595737448
1.0000070987544611,1.0000053595737453,1.0000056253351883,1.0000053595737413,1.0000053595737415,1.0000053595737415,1.0000053595737437,1.0000056041964323,1.199792462219578e-07,1.0000055612030416,1.5543870505807256e-07,1.5496158475152602e-07,1.0000057604232588,3.875061700270799e-11,1.000005646570595,1.0000053595737437,1.0000055612030425,1.000005359573744,1.0000070461456307,1.0000055612030423,1.000005359573743,1.000005359573744,1.2342991810237432e-07,1.0000053595737406,3.7941301706980246e-11,1.0000055612030427,1.0000053595737413,1.0000054144069443,1.000005561203043,1.2365602347477828e-07,1.000005625335187,1.000005422287052,1.000005625335187,2.0995334120166027e-07,1.0000055612030436,1.0000053595737415,1.0000057604232588,1.000005561203042,1.0000055612030407,1.0000056253351877,1.0000055612030427,1.0000055612030418,1.000005625335187,1.0000057604232582,1.000005561203042,1.495082483883541e-07,1.0000057604232588,1.0000057604232584,1.0000053595737415,1.000005565057194,1.000005359573742,1.0000055612030423,1.0000057604232584,1.0000055612030425,1.0000055612030416,1.0000053595737408,1.0000053595737415,1.2019941926801678e-07,1.0000056253351868,1.0000057107702438,1.0000055612030427,3.951579733430242e-11,1.000005593344089,1.000005561203041,1.0000053595737408,1.0000053595737415,1.0000055612030427,1.0000055612030425,1.0000055612030414,1.0000055612030416,1.0000053595737435
1.0000073003892704,1.0000055612030454,1.0000058269885739,1.000005561203041,1.0000055612030407,1.000005561203041,1.0000055612030427,1.0000058058685761,6.02354763686404e-11,1.0000057628373655,7.804465043809523e-11,7.779041014539373e-11,1.0000059620565378,3.8882818180630045e-11,1.000005848185172,1.0000055612030423,1.0000057628373662,1.0000055612030427,1.0000055612030423,1.0000074494092475,1.0000055612030427,1.0000055612030436,6.196716463327456e-11,1.0000055612030416,3.7833869855543464e-11,1.0000057628373662,1.0000055612030392,1.0000056160418263,1.0000057628373662,6.207020351016572e-11,1.0000058269885737,1.0000056239507868,1.0000058269885734,1.0539131424990709e-10,1.0000057628373662,1.0000055612030398,1.000005962056538,1.0000057628373655,1.0000057628373658,1.000005826988573,1.0000057628373662,1.0000057628373658,1.0000058269885723,1.0000059620565376,1.0000057628373653,7.504050206164239e-11,1.0000059620565378,1.0000059620565354,1.0000055612030403,1.0000057666949262,1.0000055612030427,1.0000057628373655,1.0000059620565354,1.0000057628373662,1.0000057628373653,1.0000055612030403,1.0000055612030407,6.034208034580581e-11,1.0000058269885723,1.000005912424945,1.0000057628373662,3.94090425932531e-11,1.0000057950129786,1.0000057628373646,1.0000055612030418,1.0000055612030403,1.0000057628373662,1.0000057628373662,1.0000057628373653,1.0000057628373653,1.0000055612030427
1.0000070987544596,1.0000053595737457,1.0000056253351886,1.000005359573742,1.0000053595737428,1.000005359573742,1.0000053595737448,1.000005604196433,1.1997924622195793e-07,1.0000055612030427,1.5543870505807264e-07,1.5496158475152613e-07,1.000005760423258,3.875061720612272e-11,1.0000056465705955,1.0000053595737437,1.0000055612030438,1.000005359573745,1.000005359573743,1.0000055612030427,1.000007046145629,1.0000053595737441,1.2342991810237432e-07,1.0000053595737415,3.794130171690683e-11,1.0000055612030423,1.000005359573742,1.0000054144069448,1.0000055612030436,1.2365602347477828e-07,1.000005625335187,1.000005422287054,1.000005625335187,2.0995334120166046e-07,1.0000055612030436,1.000005359573742,1.0000057604232586,1.0000055612030427,1.0000055612030423,1.0000056253351883,1.0000055612030436,1.0000055612030427,1.000005625335187,1.0000057604232584,1.000005561203042,1.495082483883542e-07,1.0000057604232586,1.0000057604232568,1.000005359573742,1.0000055650571926,1.0000053595737437,1.000005561203042,1.0000057604232568,1.0000055612030432,1.000005561203043,1.0000053595737424,1.0000053595737428,1.2019941926801678e-07,1.0000056253351866,1.0000057107702438,1.0000055612030423,3.9515797323865185e-11,1.0000055933440897,1.0000055612030427,1.0000053595737415,1.000005359573743,1.000005561203043,1.000005561203043,1.0000055612030423,1.0000055612030416,1.0000053595737437
1.0000070987544625,1.0000053595737473,1.0000056253351894,1.0000053595737424,1.0000053595737437,1.0000053595737437,1.0000053595737448,1.0000056041964338,1.19979246221958e-07,1.0000055612030432,1.554387050580727e-07,1.549615847515262e-07,1.0000057604232584,3.875061710215481e-11,1.0000056465705964,1.0000053595737444,1.0000055612030436,1.0000053595737448,1.000005359573744,1.0000055612030436,1.0000053595737441,1.0000070461456307,1.2342991810237442e-07,1.0000053595737428,3.794130156303916e-11,1.0000055612030427,1.0000053595737421,1.000005414406946,1.0000055612030436,1.2365602347477841e-07,1.0000056253351886,1.000005422287054,1.0000056253351886,2.099533412016606e-07,1.0000055612030438,1.0000053595737437,1.0000057604232595,1.000005561203043,1.000005561203043,1.0000056253351894,1.0000055612030445,1.0000055612030438,1.0000056253351872,1.0000057604232586,1.0000055612030423,1.4950824838835427e-07,1.0000057604232595,1.0000057604232575,1.0000053595737437,1.000005565057193,1.0000053595737448,1.0000055612030427,1.0000057604232575,1.0000055612030436,1.0000055612030438,1.000005359573743,1.0000053595737437,1.2019941926801696e-07,1.0000056253351879,1.000005710770245,1.000005561203043,3.9515797311969804e-11,1.0000055933440906,1.000005561203043,1.0000053595737437,1.000005359573743,1.0000055612030432,1.0000055612030436,1.000005561203043,1.0000055612030432,1.0000053595737448
2.2627793267138187e-06,1.2342991810237466e-07,6.200292813582103e-11,1.2342991810237408e-07,1.234299181023742e-07,1.234299181023742e-07,1.2342991810237432e-07,6.203814872004749e-11,7.2893305294848e-11,6.196716454077961e-11,1.4494516429554858e-10,3.521420349694859e-11,6.196514366631578e-11,4.940619185095993e-13,6.193006994925442e-11,1.2342991810237432e-07,6.196716461437878e-11,1.234299181023743e-07,1.2342991810237432e-07,6.196716463327456e-11,1.2342991810237432e-07,1.2342991810237442e-07,1.6866417553425707e-06,1.2342991810237416e-07,-4.015388657794587e-13,6.1967164614666e-11,1.2342991810237402e-07,1.2345074986846563e-07,6.196716461466765e-11,-8.20164000199565e-12,6.200292811400907e-11,1.2355857934521694e-07,6.200292815857077e-11,1.1616052989550071e-11,6.196716462632381e-11,1.2342991810237418e-07,6.196514366719344e-11,6.1967164614666e-11,6.196716461344908e-11,6.200292808279508e-11,6.1967164614666e-11,6.196716460431238e-11,6.200292812109099e-11,6.196514366631578e-11,6.196716463563346e-11,-5.790580992371486e-11,6.196514404548626e-11,6.196514366631578e-11,1.2342991810237418e-07,1.2346131648871178e-07,1.234299181023742e-07,6.196716465427129e-11,6.196514355582272e-11,6.196716463563346e-11,6.196716461840639e-11,1.2342991810237416e-07,1.234299181023742e-07,4.3747526198967554e-11,6.200292817239664e-11,6.200537074095133e-11,6.196716465427129e-11,-3.990081464810055e-13,6.203204075388548e-11,6.196716465427129e-11,1.2342991810237413e-07,1.234299181023742e-07,6.196716455317591e-11,6.196716462620209e-11,6.19671646614234e-11,6.196716455317591e-11,1.2342991810237432e-07
1.0000070987544616,1.000005359573745,1.000005625335187,1.00000535957374,1.0000053595737408,1.0000053595737404,1.000005359573742,1.0000056041964311,1.1997924622195766e-07,1.0000055612030412,1.5543870505807227e-07,1.5496158475152583e-07,1.0000057604232573,3.875061706453714e-11,1.0000056465705938,1.0000053595737413,1.0000055612030423,1.000005359573742,1.0000053595737406,1.0000055612030416,1.0000053595737415,1.0000053595737428,1.2342991810237416e-07,1.0000070461456259,3.7941301709211767e-11,1.0000055612030398,1.00000535957374,1.000005414406944,1.0000055612030418,1.2365602347477807e-07,1.000005625335186,1.0000054222870516,1.0000056253351859,2.0995334120166022e-07,1.0000055612030423,1.0000053595737404,1.0000057604232573,1.000005561203041,1.00000556120304,1.000005625335186,1.0000055612030416,1.0000055612030418,1.0000056253351854,1.0000057604232568,1.0000055612030396,1.4950824838835396e-07,1.0000057604232573,1.0000057604232564,1.0000053595737404,1.0000055650571917,1.0000053595737408,1.0000055612030398,1.0000057604232564,1.0000055612030407,1.0000055612030405,1.0000053595737395,1.0000053595737408,1.2019941926801664e-07,1.0000056253351854,1.0000057107702425,1.0000055612030414,3.95157972868737e-11,1.0000055933440886,1.00000556120304,1.0000053595737413,1.0000053595737404,1.0000055612030412,1.0000055612030418,1.0000055612030412,1.0000055612030398,1.0000053595737415
2.2146744693448413e-06,3.794130174482809e-11,3.742329964224688e-11,3.794130174482809e-11,3.7941301706980246e-11,3.794130170128052e-11,3.794130171028394e-11,3.701889818042033e-11,-4.202782488664332e-13,3.783386986112129e-11,-8.357667659310499e-13,-2.0296106389373752e-13,3.78572254377632e-11,-5.6725167914355306e-12,3.825983777074472e-11,3.794130160832087e-11,3.783386981311633e-11,3.7941301467878656e-11,3.7941301706980246e-11,3.7833869855543464e-11,3.794130171690683e-11,3.794130156303916e-11,-4.015388657794587e-13,3.7941301709211767e-11,1.6957462392927361e-06,3.7833869702470034e-11,3.7941301476444254e-11,7.534588361759198e-08,3.783386984842892e-11,4.7389833044276155e-14,3.7423299763704985e-11,3.719937496843921e-11,3.742329964224688e-11,-6.683322918044653e-14,3.783386973831966e-11,3.7941301747452514e-11,3.785722546531912e-11,3.783386987818418e-11,3.7833869781976127e-11,3.7423299849738884e-11,3.783386977537761e-11,3.783386984842892e-11,3.7423299776548806e-11,3.7857225257341446e-11,3.7833869643055376e-11,3.3404752509113664e-13,3.78572254377632e-11,3.7857225383974364e-11,3.7941301584430725e-11,3.7760387068363574e-11,3.794130164093017e-11,3.7833869643055376e-11,3.785722542484188e-11,3.783386987818418e-11,3.783386984632632e-11,3.794130152049789e-11,3.7941301813191704e-11,-2.5219790969167727e-13,3.7423299759978924e-11,3.739531815945761e-11,3.783386982811654e-11,9.121032592011482e-09,3.7089018443275195e-11,3.7833869630301815e-11,3.794130157008659e-11,3.7941301813191704e-11,3.783386987818418e-11,3.783386987455226e-11,3.783386978276428e-11,3.7833869813355747e-11,3.794130174482809e-11
1.0000073003892709,1.0000055612030452,1.0000058269885743,1.0000055612030398,1.0000055612030403,1.0000055612030403,1.0000055612030425,1.0000058058685761,6.023547636194737e-11,1.0000057628373644,7.80446504142278e-11,7.779041021660344e-11,1.000005962056537,3.888281818172716e-11,1.0000058481851728,1.0000055612030414,1.000005762837365,1.0000055612030423,1.0000055612030427,1.0000057628373662,1.0000055612030423,1.0000055612030427,6.1967164614666e-11,1.0000055612030398,3.7833869702470034e-11,1.0000074494092484,1.0000055612030394,1.0000056160418254,1.0000057628373662,6.207020352635752e-11,1.0000058269885723,1.0000056239507868,1.0000058269885725,1.0539131421616882e-10,1.0000057628373662,1.0000055612030398,1.0000059620565376,1.0000057628373644,1.000005762837365,1.000005826988573,1.000005762837367,1.0000057628373653,1.0000058269885717,1.000005962056537,1.000005762837364,7.504050212415801e-11,1.0000059620565367,1.0000059620565365,1.0000055612030403,1.000005766694926,1.0000055612030427,1.0000057628373638,1.0000059620565365,1.0000057628373655,1.000005762837365,1.0000055612030396,1.0000055612030403,6.034208035937187e-11,1.0000058269885719,1.0000059124249445,1.0000057628373646,3.940904255436749e-11,1.000005795012977,1.0000057628373642,1.0000055612030396,1.0000055612030418,1.000005762837365,1.0000057628373653,1.0000057628373644,1.000005762837365,1.0000055612030425
1.0000070987544623,1.0000053595737444,1.0000056253351863,1.0000053595737404,1.00000535957374,1.0000053595737404,1.0000053595737415,1.0000056041964303,1.1997924622195758e-07,1.0000055612030405,1.5543870505807232e-07,1.5496158475152594e-07,1.0000057604232564,3.875061702756009e-11,1.0000056465705935,1.0000053595737413,1.0000055612030412,1.0000053595737415,1.0000053595737413,1.0000055612030392,1.000005359573742,1.0000053595737421,1.2342991810237402e-07,1.00000535957374,3.7941301476444254e-11,1.0000055612030394,1.0000070461456192,1.0000054144069428,1.0000055612030394,1.236560234747779e-07,1.0000056253351859,1.00000542228705,1.0000056253351854,2.0995334120166017e-07,1.000005561203041,1.0000053595737401,1.0000057604232577,1.0000055612030392,1.0000055612030398,1.0000056253351859,1.0000055612030407,1.0000055612030398,1.0000056253351846,1.0000057604232568,1.0000055612030387,1.4950824838835393e-07,1.0000057604232564,1.000005760423256,1.0000053595737404,1.0000055650571906,1.0000053595737413,1.0000055612030394,1.000005760423256,1.0000055612030398,1.0000055612030403,1.00000535957374,1.00000535957374,1.201994192680165e-07,1.0000056253351846,1.0000057107702418,1.0000055612030398,3.9515797242946746e-11,1.000005593344088,1.0000055612030392,1.00000535957374,1.0000053595737404,1.0000055612030403,1.0000055612030403,1.00000556120304,1.00000556120304,1.000005359573742
1.000007153593873,1.0000054144069475,1.0000056801952688,1.000005414406943,1.0000054144069443,1.0000054144069443,1.0000054144069446,1.0000056590774846,1.2000104966216304e-07,1.0000056160418258,1.5548205867635026e-07,1.5497211967059898e-07,1.000005815260841,7.749236484364067e-08,1.0000057013872914,1.0000054144069446,1.000005616041827,1.0000054144069446,1.0000054144069443,1.0000056160418263,1.0000054144069448,1.000005414406946,1.2345074986846563e-07,1.000005414406944,7.534588361759198e-08,1.0000056160418254,1.0000054144069428,1.000007155818263,1.0000056160418263,1.2365357284951866e-07,1.0000056801952684,1.0000054771587346,1.000005680195268,2.0995681934700625e-07,1.0000056160418274,1.000005414406944,1.0000058152608424,1.0000056160418251,1.0000056160418258,1.000005680195268,1.0000056160418265,1.0000056160418263,1.0000056801952664,1.000005815260842,1.0000056160418247,1.4949093256646526e-07,1.000005815260841,1.0000058152608418,1.0000054144069443,1.0000056198997858,1.0000054144069443,1.0000056160418251,1.0000058152608418,1.0000056160418263,1.0000056160418251,1.0000054144069428,1.0000054144069443,1.2021250569927488e-07,1.0000056801952664,1.0000057656317798,1.0000056160418258,7.848380402206729e-08,1.0000056482215043,1.0000056160418251,1.000005414406944,1.0000054144069435,1.0000056160418256,1.0000056160418265,1.0000056160418254,1.0000056160418251,1.0000054144069448
