0.9999999909814143,-1.5921251528499412e-06,-1.1995252699080312e-06,-1.1528342469580175e-06,1.0000171377815354,-1.3644544732633226e-06,-1.1528342490812451e-06,-1.1028686119081462e-06,-1.152834250673644e-06,0.19127073843497594,-1.3622264967169952e-06,0.25847692283943485,-1.1084218958332354e-06,-1.1167898120382968e-06,-1.163708131951214e-06,-1.1305895008328058e-06,-1.4808764677365535e-06,-1.1528342507173322e-06,1.000012780733059,-2.2814570468708616e-06,-1.7289928867675318e-06,-1.1167898121676623e-06,1.0000107270525318,-1.1309423034573799e-06,-1.1167898119389121e-06,-1.1381443924185061e-06,-1.11678981203859e-06,-1.1578725262217442e-06,-2.1106966710557338e-06,-1.8243513523579949e-06,0.8087426301412838,0.7415364826365867,-1.1305895009323087e-06,-1.9463975326465924e-06,1.0000149778131766,-2.028303864361065e-06
-1.5921251528499412e-06,-4.776137145340521e-06,7.31047132131425e-11,5.1900722074597105e-11,-3.681629619515223e-07,7.210803583592128e-11,5.190072209573738e-11,4.4665909738977836e-11,5.190072209573738e-11,-2.979682398727641e-10,6.201458131326771e-11,-2.423197611474418e-10,1.716102702894359e-11,2.5368664943412077e-11,8.813638538787437e-11,7.217128819388528e-11,7.715766683910379e-11,5.1900722144172533e-11,-1.1697205834363395e-06,1.7301690731055006e-10,1.2656374346105375e-10,2.5368665305599945e-11,-7.58814859628108e-10,4.2346155647303026e-11,2.5368665031350588e-11,7.190857471546997e-08,2.5368665498033285e-11,3.329640537145321e-11,3.724310825923963e-07,1.5477521704628285e-10,-3.754150783249209e-10,-3.772473058750322e-10,7.217128819388528e-11,1.6854358177869577e-10,-6.942534461296898e-07,1.4850214089034335e-10
-1.1995252699080312e-06,7.31047132131425e-11,-4.882357919223406e-06,3.626466020162372e-11,2.4444387401445635e-08,5.038395088844365e-11,3.626466020162372e-11,3.1209239892579794e-11,3.626466020162372e-11,-2.381771517417233e-10,4.333150425522994e-11,-2.4985522121251237e-10,1.1990744476057783e-11,1.7725709876198448e-11,1.2216965941198877e-07,5.042838622468705e-11,5.391251439935086e-11,3.626466020162372e-11,-5.356315207126667e-07,1.2089376215220286e-10,8.843441494742624e-11,1.772571000431709e-11,-3.8821457588473435e-10,2.9588846718029146e-11,1.772571000431709e-11,2.5327565694316143e-11,1.7725709876198448e-11,2.3265054341372054e-11,1.3117788732984533e-10,1.081464843015515e-10,-9.034259600518351e-11,-4.106077858423336e-11,5.04283867430724e-11,1.1776715561221624e-10,-1.025332890673986e-10,2.0584566189287918e-07
-1.1528342469580175e-06,5.1900722074597105e-11,3.626466020162372e-11,-4.93261670811516e-06,7.113470541728511e-08,3.577024053121408e-11,5.1075104933209423e-08,2.215719739400788e-11,2.5746123191905824e-11,-1.2503617493184656e-10,3.076323623832195e-11,-8.688192707476434e-11,8.513012285553364e-12,1.2584525639358978e-11,4.372133286055544e-11,3.580162192433393e-11,3.827516787836828e-11,2.5746122985498105e-11,-1.6457860516283048e-10,8.582743740867697e-11,6.27837248747756e-11,1.258452525128742e-11,-2.4850243455019046e-10,2.1006449470493252e-11,1.2584525639358978e-11,1.798133706647395e-11,1.2584525639358978e-11,1.6517201051502958e-11,9.312923922850783e-11,7.677840342662422e-11,-8.108607998316788e-11,-9.254397427432685e-11,3.58016220319821e-11,8.360838390179468e-11,-4.568386077998451e-11,7.366658842828713e-11
1.0000171377815354,-3.681629619515223e-07,2.4444387401445635e-08,7.113470541728511e-08,1.0000369622700684,-1.4048916072545495e-07,7.113470577039817e-08,1.2110078959779877e-07,7.11347057994343e-08,0.19127644193225662,-1.382618758361619e-07,0.25848420068613165,1.1554490041629364e-07,1.0717755230852275e-07,6.026385018541374e-08,9.338189217627731e-08,-2.569133490384178e-07,7.113470588284268e-08,1.0000375887833544,-1.0575050542054059e-06,-5.050311912070641e-07,1.0717755245422147e-07,1.0000355350429335,9.30264079964455e-08,1.0717755181394836e-07,8.582353388774317e-08,1.0717755212037877e-07,6.609434348669181e-08,-8.867384117328648e-07,-6.003892885142752e-07,0.8087629586925245,0.7415552368432444,9.338189193146674e-08,-7.224370478117784e-07,1.0000397859319259,-8.043484664332096e-07
-1.3644544732633226e-06,7.210803583592128e-11,5.038395088844365e-11,3.577024053121408e-11,-1.4048916072545495e-07,-4.885102309230116e-06,3.5770240319157344e-11,3.0784164115967454e-11,3.5770240120197575e-11,-1.8782145677522035e-10,4.274076356746364e-11,-3.832850438026507e-11,1.1827645802702778e-11,1.7484357750776216e-11,6.0743966102211e-11,4.9740754187408557e-11,5.317738756218907e-11,3.5770240510617144e-11,-3.492924822050283e-10,2.365536488317706e-07,8.722801296006266e-11,1.7484357711772983e-11,-4.658905260276088e-10,2.918506556009192e-11,1.7484357711772983e-11,2.4982275897612682e-11,1.7484357711772983e-11,2.2948210362661245e-11,1.2938825452621453e-10,1.0667155723575513e-10,-2.1918923349462041e-10,-3.3159226212648074e-10,4.9740754187408557e-11,1.161605649966776e-10,-3.6523268668883366e-07,1.0234809524104289e-10
-1.1528342490812451e-06,5.190072209573738e-11,3.626466020162372e-11,5.1075104933209423e-08,7.113470577039817e-08,3.5770240319157344e-11,-4.93261670811516e-06,2.2157197180611457e-11,2.5746122985498105e-11,-1.2503617494121614e-10,3.076323662424266e-11,-8.688192704332913e-11,8.513012357838307e-12,1.2584525253308583e-11,4.37213326379511e-11,3.580162192433393e-11,3.827516792440276e-11,2.5746122846478034e-11,-1.6457860512217487e-10,8.582743694063861e-11,6.27837248747756e-11,1.2584525253308583e-11,-2.485024343777358e-10,2.1006449470493252e-11,1.2584525253308583e-11,1.798133706647395e-11,1.2584525253308583e-11,1.6517200649619732e-11,9.31292390679297e-11,7.677840342662422e-11,-8.108607957490213e-11,-9.254397385238094e-11,3.58016220319821e-11,8.360838390179468e-11,-4.568386062381803e-11,7.366658861834772e-11
-1.1028686119081462e-06,4.4665909738977836e-11,3.1209239892579794e-11,2.215719739400788e-11,1.2110078959779877e-07,3.0784164115967454e-11,2.2157197180611457e-11,-4.945863150237122e-06,2.2157197278293125e-11,-5.865118077787404e-11,2.647494991816023e-11,6.079124033289774e-11,7.326572019011438e-12,1.0830487068778224e-11,3.762661388896673e-11,3.0810919529071404e-11,3.2939653053245815e-11,2.215719748140151e-11,-1.1145098802739847e-10,1.4652665739893812e-07,5.40313939188965e-11,1.0830486767418556e-11,-1.8367508427045118e-10,1.8077993605634518e-11,1.083048704229383e-11,1.5474815813999234e-11,1.083048704229383e-11,1.421497830903889e-11,8.014650583420252e-11,6.607537235290536e-11,-8.85516792327371e-11,-1.8501979645617668e-10,3.0810919493573937e-11,7.19529658409771e-11,-9.130272190493685e-12,6.339725901798906e-11
-1.152834250673644e-06,5.190072209573738e-11,3.626466020162372e-11,2.5746123191905824e-11,7.11347057994343e-08,3.5770240120197575e-11,2.5746122985498105e-11,2.2157197278293125e-11,-4.93261670811516e-06,-1.2503617476416193e-10,3.076323662424266e-11,-8.688192700506104e-11,8.513012285553364e-12,1.2584525253308583e-11,4.372133280433015e-11,3.580162192433393e-11,3.827516792440276e-11,5.107510493320794e-08,-1.6457860526416086e-10,8.582743728490983e-11,6.278372485380798e-11,1.2584525253308583e-11,-2.485024346192247e-10,2.1006449633147275e-11,1.2584525253308583e-11,1.798133702206044e-11,1.2584525253308583e-11,1.65172008163954e-11,9.312923922850783e-11,7.677840342662422e-11,-8.108607926174965e-11,-9.254397407133483e-11,3.580162192433393e-11,8.360838390179468e-11,-4.568386068705035e-11,7.366658861834772e-11
0.19127073843497594,-2.979682398727641e-10,-2.381771517417233e-10,-1.2503617493184656e-10,0.19127644193225662,-1.8782145677522035e-10,-1.2503617494121614e-10,-5.865118077787404e-11,-1.2503617476416193e-10,0.19126926092864732,-1.454643634496905e-10,1.8061342013979833e-11,6.527222172207162e-11,3.0124392374115804e-11,-2.832315403132737e-10,-1.885078533268829e-10,-2.2192080253242727e-10,-1.2503617482076135e-10,0.19127799832281903,-8.269136048914531e-10,-5.327903136321083e-10,3.012439219094279e-11,0.19127880474743023,-2.74296891427895e-10,3.012439197990134e-11,-7.352489165156768e-11,3.0124392171258444e-11,2.269781417452963e-11,-8.299883731724206e-10,-5.468417315975209e-10,2.3354627125150464e-09,0.19127844673253078,-1.8850785361894857e-10,-7.068380728525682e-10,0.19127684576043988,-5.737571651471946e-10
-1.3622264967169952e-06,6.201458131326771e-11,4.333150425522994e-11,3.076323623832195e-11,-1.382618758361619e-07,4.274076356746364e-11,3.076323662424266e-11,2.647494991816023e-11,3.076323662424266e-11,-1.454643634496905e-10,-4.910771303441378e-06,-1.3651688779579038e-10,1.0171930310023972e-11,1.5036857682386794e-11,5.2241267045140034e-11,4.277825320196824e-11,4.573382609634748e-11,3.076323623832195e-11,-3.091900070704813e-10,1.0255256626509569e-10,1.4882123307357498e-07,1.5036857546350076e-11,-4.0946762604011086e-10,2.5099881138166778e-11,1.503685728898267e-11,2.1485326438253664e-11,1.503685728898267e-11,1.9735888963014732e-11,1.1127729760148663e-10,9.174020758055258e-11,-2.13365093471391e-10,-1.9041396099443677e-10,4.277825324909046e-11,9.990111919901021e-11,-3.3154642488273806e-07,8.802194739487216e-11
0.25847692283943485,-2.423197611474418e-10,-2.4985522121251237e-10,-8.688192707476434e-11,0.25848420068613165,-3.832850438026507e-11,-8.688192704332913e-11,6.079124033289774e-11,-8.688192700506104e-11,1.8061342013979833e-11,-1.3651688779579038e-10,0.2584761235689077,7.4393572960318e-11,3.9635476848830324e-11,-1.825165518495837e-10,-1.6090007296168716e-10,-2.1537938913804252e-10,-8.68819270169281e-11,0.25848492522086475,-1.3007521415324982e-09,-4.832202166821954e-10,3.9635476936048817e-11,0.2584861057819949,-9.166837566269156e-11,3.9635477023893685e-11,-5.0572562812692724e-11,3.9635476920592785e-11,2.3075546871988428e-11,-7.818229296913349e-10,-5.211531836366715e-10,0.25848643534025284,2.2381954530763825e-09,-1.609000727789115e-10,-6.799247656845511e-10,0.25848420257472443,-5.557317634992312e-10
-1.1084218958332354e-06,1.716102702894359e-11,1.1990744476057783e-11,8.513012285553364e-12,1.1554490041629364e-07,1.1827645802702778e-11,8.513012357838307e-12,7.326572019011438e-12,8.513012285553364e-12,6.527222172207162e-11,1.0171930310023972e-11,7.4393572960318e-11,-4.9781071703871485e-06,4.16132319055871e-12,1.445643887675397e-11,1.1837830654263052e-11,1.2655667115270788e-11,8.513012285553364e-12,-8.0301139948482e-12,2.8377345383304667e-11,2.0759022163698777e-11,4.161323048286648e-12,-3.577865884342978e-11,6.945497632753166e-12,4.161323235853131e-12,5.945584865970755e-12,4.16132311581246e-12,5.461688869176871e-12,3.079246629552096e-11,2.5386546067690418e-11,-8.703816183693759e-11,-8.733293750787198e-11,1.183783018323558e-11,5.484118972472432e-08,3.1282080540231057e-11,2.4357483246953775e-11
-1.1167898120382968e-06,2.5368664943412077e-11,1.7725709876198448e-11,1.2584525639358978e-11,1.0717755230852275e-07,1.7484357750776216e-11,1.2584525253308583e-11,1.0830487068778224e-11,1.2584525253308583e-11,3.0124392374115804e-11,1.5036857682386794e-11,3.9635476848830324e-11,4.16132319055871e-12,-4.971488623161444e-06,2.1370582318161125e-11,1.7499536836324223e-11,1.8708554819844107e-11,1.2584525253308583e-11,-4.394519213508717e-11,4.195046706352624e-11,3.0687787733666915e-11,6.151415292415998e-12,-8.496571132269079e-11,1.0267526134023209e-11,6.151415292415998e-12,8.789166026542886e-12,6.151415292415998e-12,8.073695436256905e-12,4.55201608631278e-11,3.752841825722165e-11,-9.437527890198846e-11,-9.083788908013281e-11,1.749953693467913e-11,4.086657363855318e-11,1.4169225731528136e-11,3.600727650955217e-11
-1.163708131951214e-06,8.813638538787437e-11,1.2216965941198877e-07,4.372133286055544e-11,6.026385018541374e-08,6.0743966102211e-11,4.37213326379511e-11,3.762661388896673e-11,4.372133280433015e-11,-2.832315403132737e-10,5.2241267045140034e-11,-1.825165518495837e-10,1.445643887675397e-11,2.1370582318161125e-11,-4.836402090130321e-06,6.079730652830119e-11,6.499786527026596e-11,4.372133286055544e-11,-3.099975768067787e-10,2.891394637725821e-07,1.0661781344027553e-10,2.1370582318161125e-11,-4.5251513727773265e-10,3.567274525375002e-11,2.1370582318161125e-11,3.053539159505207e-11,2.1370582318161125e-11,2.8048935677373595e-11,1.5814987604441166e-10,1.3038309333133905e-10,-9.73145527823674e-11,-1.526942840665173e-10,6.079730619089205e-11,2.8166308311947035e-07,-1.0809355678299292e-10,2.4817073326987173e-07
-1.1305895008328058e-06,7.217128819388528e-11,5.042838622468705e-11,3.580162192433393e-11,9.338189217627731e-08,4.9740754187408557e-11,3.580162192433393e-11,3.0810919529071404e-11,3.580162192433393e-11,-1.885078533268829e-10,4.277825320196824e-11,-1.6090007296168716e-10,1.1837830654263052e-11,1.7499536836324223e-11,6.079730652830119e-11,-4.884929575706138e-06,5.322409863285619e-11,3.5801622130414854e-11,-2.3164750077821178e-10,1.193490159971458e-10,1.7319529934245628e-07,1.7499536836324223e-11,-3.483493173358578e-10,2.9210877992815185e-11,1.749953693467913e-11,2.5004195115042217e-11,1.749953693467913e-11,2.296817258141953e-11,1.295023708957544e-10,1.0676536217085697e-10,-1.0090891458588225e-10,-9.139350785048106e-11,9.876227023397786e-08,1.1626297300890915e-10,-6.631655224167711e-11,1.0243824516720547e-10
-1.4808764677365535e-06,7.715766683910379e-11,5.391251439935086e-11,3.827516787836828e-11,-2.569133490384178e-07,5.317738756218907e-11,3.827516792440276e-11,3.2939653053245815e-11,3.827516792440276e-11,-2.2192080253242727e-10,4.573382609634748e-11,-2.1537938913804252e-10,1.2655667115270788e-11,1.8708554819844107e-11,6.499786527026596e-11,5.322409863285619e-11,-4.870810971082142e-06,3.8275167768393356e-11,-4.2748127006335586e-10,1.2759503235963565e-10,9.33369438867277e-11,1.870855459314372e-11,-5.522455329934771e-10,3.122901664860848e-11,1.8708554819844107e-11,5.303033022703661e-08,1.870855459314372e-11,2.455501496422993e-11,1.384499534701432e-10,1.1414199800930984e-10,-2.673214440064244e-10,-2.341748515532336e-10,5.3224098764991215e-11,1.2429581311704252e-10,-4.973949867619809e-07,2.1725728353087948e-07
-1.1528342507173322e-06,5.1900722144172533e-11,3.626466020162372e-11,2.5746122985498105e-11,7.113470588284268e-08,3.5770240510617144e-11,2.5746122846478034e-11,2.215719748140151e-11,5.107510493320794e-08,-1.2503617482076135e-10,3.076323623832195e-11,-8.68819270169281e-11,8.513012285553364e-12,1.2584525253308583e-11,4.372133286055544e-11,3.5801622130414854e-11,3.8275167768393356e-11,-4.93261670811516e-06,-1.645786050450998e-10,8.582743733181079e-11,6.27837248747756e-11,1.2584525253308583e-11,-2.48502434523117e-10,2.1006449436718094e-11,1.2584525253308583e-11,1.798133702206044e-11,1.2584525253308583e-11,1.651720075169256e-11,9.31292390679297e-11,7.677840348601489e-11,-8.108607960427739e-11,-9.25439742211519e-11,3.580162192433393e-11,8.360838390179468e-11,-4.5683860692089833e-11,7.366658846531808e-11
1.000012780733059,-1.1697205834363395e-06,-5.356315207126667e-07,-1.6457860516283048e-10,1.0000375887833544,-3.492924822050283e-10,-1.6457860512217487e-10,-1.1145098802739847e-10,-1.6457860526416086e-10,0.19127799832281903,-3.091900070704813e-10,0.25848492522086475,-8.0301139948482e-12,-4.394519213508717e-11,-3.099975768067787e-10,-2.3164750077821178e-10,-4.2748127006335586e-10,-1.645786050450998e-10,1.0000313434914248,-2.3830339656377766e-06,-7.433553581864171e-10,-4.394519206575534e-11,1.0000355695792733,-1.1664522086847785e-10,-4.3945191891259616e-11,-9.672452358958385e-11,-4.394519174626073e-11,-9.527060539709739e-11,-1.172010415541217e-09,-9.003733383705448e-10,0.8087607823008048,0.741553480004181,-2.3164750060908943e-10,-1.0150681000330363e-09,1.0000366880999867,-1.942060063171605e-06
-2.2814570468708616e-06,1.7301690731055006e-10,1.2089376215220286e-10,8.582743740867697e-11,-1.0575050542054059e-06,2.365536488317706e-07,8.582743694063861e-11,1.4652665739893812e-07,8.582743728490983e-11,-8.269136048914531e-10,1.0255256626509569e-10,-1.3007521415324982e-09,2.8377345383304667e-11,4.195046706352624e-11,2.891394637725821e-07,1.193490159971458e-10,1.2759503235963565e-10,8.582743733181079e-11,-2.3830339656377766e-06,-4.416075781876788e-06,2.0929974535784642e-10,4.1950466945030183e-11,-1.481021618531625e-09,7.002874085863957e-11,4.1950466945030183e-11,5.994254988760129e-11,4.1950466945030183e-11,5.5060351765110224e-11,3.1046224020701754e-10,2.5595187058366364e-10,-5.128292792068405e-10,9.920725703019145e-08,1.1934901627005039e-10,2.787224472872947e-10,-1.5967547463363905e-06,2.455787313660475e-10
-1.7289928867675318e-06,1.2656374346105375e-10,8.843441494742624e-11,6.27837248747756e-11,-5.050311912070641e-07,8.722801296006266e-11,6.27837248747756e-11,5.40313939188965e-11,6.278372485380798e-11,-5.327903136321083e-10,1.4882123307357498e-07,-4.832202166821954e-10,2.0759022163698777e-11,3.0687787733666915e-11,1.0661781344027553e-10,1.7319529934245628e-07,9.33369438867277e-11,6.27837248747756e-11,-7.433553581864171e-10,2.0929974535784642e-10,-4.679965101638588e-06,3.0687787733666915e-11,-9.480108874649592e-10,5.122626331422277e-11,3.0687787144950285e-11,4.3848693877296065e-11,3.0687787144950285e-11,4.0277852815472184e-11,2.27104282928828e-10,1.8723056673865819e-10,-3.1187403496229355e-10,-2.963420005857706e-10,1.731952993424588e-07,2.0388664146410336e-10,-8.994991792464763e-07,1.796423430591375e-10
-1.1167898121676623e-06,2.5368665305599945e-11,1.772571000431709e-11,1.258452525128742e-11,1.0717755245422147e-07,1.7484357711772983e-11,1.2584525253308583e-11,1.0830486767418556e-11,1.2584525253308583e-11,3.012439219094279e-11,1.5036857546350076e-11,3.9635476936048817e-11,4.161323048286648e-12,6.151415292415998e-12,2.1370582318161125e-11,1.7499536836324223e-11,1.870855459314372e-11,1.2584525253308583e-11,-4.394519206575534e-11,4.1950466945030183e-11,3.0687787733666915e-11,-4.971488623161444e-06,-8.496571154837858e-11,1.0267526055560822e-11,6.151415292415998e-12,8.789166026542886e-12,6.151415292415998e-12,8.073695754881573e-12,4.5520160557833063e-11,3.752841819825018e-11,-9.437527890458456e-11,-9.083788931395447e-11,1.749953693467913e-11,4.086657350760374e-11,1.41692262325205e-11,3.600727650955217e-11
1.0000107270525318,-7.58814859628108e-10,-3.8821457588473435e-10,-2.4850243455019046e-10,1.0000355350429335,-4.658905260276088e-10,-2.485024343777358e-10,-1.8367508427045118e-10,-2.485024346192247e-10,0.19127880474743023,-4.0946762604011086e-10,0.2584861057819949,-3.577865884342978e-11,-8.496571132269079e-11,-4.5251513727773265e-10,-3.483493173358578e-10,-5.522455329934771e-10,-2.48502434523117e-10,1.0000355695792733,-1.481021618531625e-09,-9.480108874649592e-10,-8.496571154837858e-11,1.000030370992219,-1.8512026314519062e-10,-8.496571140838857e-11,-1.5533764103970656e-10,-8.496571152779722e-11,-1.491101632570685e-10,-1.4755833676425596e-09,-1.1506463903458364e-09,0.8087594869191623,0.7415516378482918,-3.4834931705404827e-10,-1.287605815299694e-09,1.0000351616547098,-1.2190887441070677e-09
-1.1309423034573799e-06,4.2346155647303026e-11,2.9588846718029146e-11,2.1006449470493252e-11,9.30264079964455e-08,2.918506556009192e-11,2.1006449470493252e-11,1.8077993605634518e-11,2.1006449633147275e-11,-2.74296891427895e-10,2.5099881138166778e-11,-9.166837566269156e-11,6.945497632753166e-12,1.0267526134023209e-11,3.567274525375002e-11,2.9210877992815185e-11,3.122901664860848e-11,2.1006449436718094e-11,-1.1664522086847785e-10,7.002874085863957e-11,5.122626331422277e-11,1.0267526055560822e-11,-1.8512026314519062e-10,-4.9496899493590065e-06,1.0267526448774394e-11,1.4671072930737652e-11,1.0267526055560822e-11,1.3476176831774304e-11,7.598577206884164e-11,6.264442821042991e-11,2.4550619896037755e-07,-3.709083057416455e-11,2.9210877992815185e-11,6.821745083240532e-11,-1.9637464989965588e-11,6.010554353206213e-11
-1.1167898119389121e-06,2.5368665031350588e-11,1.772571000431709e-11,1.2584525639358978e-11,1.0717755181394836e-07,1.7484357711772983e-11,1.2584525253308583e-11,1.083048704229383e-11,1.2584525253308583e-11,3.012439197990134e-11,1.503685728898267e-11,3.9635477023893685e-11,4.161323235853131e-12,6.151415292415998e-12,2.1370582318161125e-11,1.749953693467913e-11,1.8708554819844107e-11,1.2584525253308583e-11,-4.3945191891259616e-11,4.1950466945030183e-11,3.0687787144950285e-11,6.151415292415998e-12,-8.496571140838857e-11,1.0267526448774394e-11,-4.971488623161444e-06,8.789165998934444e-12,6.151415023479805e-12,8.073695899308015e-12,4.552016078135926e-11,3.752841847692588e-11,-9.437527883911058e-11,-9.08378894164942e-11,1.7499536836324223e-11,4.08665736221388e-11,1.4169225602290067e-11,3.600727649066175e-11
-1.1381443924185061e-06,7.190857471546997e-08,2.5327565694316143e-11,1.798133706647395e-11,8.582353388774317e-08,2.4982275897612682e-11,1.798133706647395e-11,1.5474815813999234e-11,1.798133702206044e-11,-7.352489165156768e-11,2.1485326438253664e-11,-5.0572562812692724e-11,5.945584865970755e-12,8.789166026542886e-12,3.053539159505207e-11,2.5004195115042217e-11,5.303033022703661e-08,1.798133702206044e-11,-9.672452358958385e-11,5.994254988760129e-11,4.3848693877296065e-11,8.789166026542886e-12,-1.5533764103970656e-10,1.4671072930737652e-11,8.789165998934444e-12,-4.958778595254955e-06,8.789166026542886e-12,1.1535782670352414e-11,6.504225714542227e-11,5.362272405510974e-11,-5.221404467191057e-11,-5.652143848545432e-11,2.5004195115042217e-11,5.839281791340614e-11,-1.3687359354166453e-11,5.144937317741262e-11
-1.11678981203859e-06,2.5368665498033285e-11,1.7725709876198448e-11,1.2584525639358978e-11,1.0717755212037877e-07,1.7484357711772983e-11,1.2584525253308583e-11,1.083048704229383e-11,1.2584525253308583e-11,3.0124392171258444e-11,1.503685728898267e-11,3.9635476920592785e-11,4.16132311581246e-12,6.151415292415998e-12,2.1370582318161125e-11,1.749953693467913e-11,1.870855459314372e-11,1.2584525253308583e-11,-4.394519174626073e-11,4.1950466945030183e-11,3.0687787144950285e-11,6.151415292415998e-12,-8.496571152779722e-11,1.0267526055560822e-11,6.151415023479805e-12,8.789166026542886e-12,-4.971488623161444e-06,8.073695436256905e-12,4.5520160891017104e-11,3.752841850635113e-11,-9.437527886062523e-11,-9.083788944315018e-11,1.749953693467913e-11,4.086657333194851e-11,1.416922595579719e-11,3.600727680056716e-11
-1.1578725262217442e-06,3.329640537145321e-11,2.3265054341372054e-11,1.6517201051502958e-11,6.609434348669181e-08,2.2948210362661245e-11,1.6517200649619732e-11,1.421497830903889e-11,1.65172008163954e-11,2.269781417452963e-11,1.9735888963014732e-11,2.3075546871988428e-11,5.461688869176871e-12,8.073695436256905e-12,2.8048935677373595e-11,2.296817258141953e-11,2.455501496422993e-11,1.651720075169256e-11,-9.527060539709739e-11,5.5060351765110224e-11,4.0277852815472184e-11,8.073695754881573e-12,-1.491101632570685e-10,1.3476176831774304e-11,8.073695899308015e-12,1.1535782670352414e-11,8.073695436256905e-12,-4.962670110997362e-06,5.974543285055058e-11,4.925617327272235e-11,-1.4461986087932645e-10,-1.2787135009950637e-10,2.296817258141953e-11,5.363756513594964e-11,-3.768301594080256e-08,4.7259680374411106e-11
-2.1106966710557338e-06,3.724310825923963e-07,1.3117788732984533e-10,9.312923922850783e-11,-8.867384117328648e-07,1.2938825452621453e-10,9.31292390679297e-11,8.014650583420252e-11,9.312923922850783e-11,-8.299883731724206e-10,1.1127729760148663e-10,-7.818229296913349e-10,3.079246629552096e-11,4.55201608631278e-11,1.5814987604441166e-10,1.295023708957544e-10,1.384499534701432e-10,9.31292390679297e-11,-1.172010415541217e-09,3.1046224020701754e-10,2.27104282928828e-10,4.5520160557833063e-11,-1.4755833676425596e-09,7.598577206884164e-11,4.552016078135926e-11,6.504225714542227e-11,4.5520160891017104e-11,5.974543285055058e-11,-4.315406325210109e-06,5.509516992311603e-07,-4.922974961656934e-10,-4.4389443361943004e-10,1.2950237114610284e-10,5.999647276562617e-07,-1.471866057881016e-06,2.664699320661842e-10
-1.8243513523579949e-06,1.5477521704628285e-10,1.081464843015515e-10,7.677840342662422e-11,-6.003892885142752e-07,1.0667155723575513e-10,7.677840342662422e-11,6.607537235290536e-11,7.677840342662422e-11,-5.468417315975209e-10,9.174020758055258e-11,-5.211531836366715e-10,2.5386546067690418e-11,3.752841825722165e-11,1.3038309333133905e-10,1.0676536217085697e-10,1.1414199800930984e-10,7.677840348601489e-11,-9.003733383705448e-10,2.5595187058366364e-10,1.8723056673865819e-10,3.752841819825018e-11,-1.1506463903458364e-09,6.264442821042991e-11,3.752841847692588e-11,5.362272405510974e-11,3.752841850635113e-11,4.925617327272235e-11,5.509516992311603e-07,-4.529472805175507e-06,-4.774220967679634e-10,-4.2349756183635225e-10,1.0676536214167216e-10,4.94626163008901e-07,-1.0827855688487427e-06,2.1968481113749745e-10
0.8087426301412838,-3.754150783249209e-10,-9.034259600518351e-11,-8.108607998316788e-11,0.8087629586925245,-2.1918923349462041e-10,-8.108607957490213e-11,-8.85516792327371e-11,-8.108607926174965e-11,2.3354627125150464e-09,-2.13365093471391e-10,0.25848643534025284,-8.703816183693759e-11,-9.437527890198846e-11,-9.73145527823674e-11,-1.0090891458588225e-10,-2.673214440064244e-10,-8.108607960427739e-11,0.8087607823008048,-5.128292792068405e-10,-3.1187403496229355e-10,-9.437527890458456e-11,0.8087594869191623,2.4550619896037755e-07,-9.437527883911058e-11,-5.221404467191057e-11,-9.437527886062523e-11,-1.4461986087932645e-10,-4.922974961656934e-10,-4.774220967679634e-10,0.8087528725627067,0.5502759882925706,-1.0090891480893758e-10,-4.4314220760494114e-10,0.8087619151955611,-5.240720290606341e-10
0.7415364826365867,-3.772473058750322e-10,-4.106077858423336e-11,-9.254397427432685e-11,0.7415552368432444,-3.3159226212648074e-10,-9.254397385238094e-11,-1.8501979645617668e-10,-9.254397407133483e-11,0.19127844673253078,-1.9041396099443677e-10,2.2381954530763825e-09,-8.733293750787198e-11,-9.083788908013281e-11,-1.526942840665173e-10,-9.139350785048106e-11,-2.341748515532336e-10,-9.25439742211519e-11,0.741553480004181,9.920725703019145e-08,-2.963420005857706e-10,-9.083788931395447e-11,0.7415516378482918,-3.709083057416455e-11,-9.08378894164942e-11,-5.652143848545432e-11,-9.083788944315018e-11,-1.2787135009950637e-10,-4.4389443361943004e-10,-4.2349756183635225e-10,0.5502759882925706,0.7415455290427654,-9.139350780018583e-11,-3.8335959483500085e-10,0.7415544275533866,-4.657109456228151e-10
-1.1305895009323087e-06,7.217128819388528e-11,5.04283867430724e-11,3.58016220319821e-11,9.338189193146674e-08,4.9740754187408557e-11,3.58016220319821e-11,3.0810919493573937e-11,3.580162192433393e-11,-1.8850785361894857e-10,4.277825324909046e-11,-1.609000727789115e-10,1.183783018323558e-11,1.749953693467913e-11,6.079730619089205e-11,9.876227023397786e-08,5.3224098764991215e-11,3.580162192433393e-11,-2.3164750060908943e-10,1.1934901627005039e-10,1.731952993424588e-07,1.749953693467913e-11,-3.4834931705404827e-10,2.9210877992815185e-11,1.7499536836324223e-11,2.5004195115042217e-11,1.749953693467913e-11,2.296817258141953e-11,1.2950237114610284e-10,1.0676536214167216e-10,-1.0090891480893758e-10,-9.139350780018583e-11,-4.884929575706138e-06,1.1626297302791247e-10,-6.631655238296684e-11,1.0243824505627934e-10
-1.9463975326465924e-06,1.6854358177869577e-10,1.1776715561221624e-10,8.360838390179468e-11,-7.224370478117784e-07,1.161605649966776e-10,8.360838390179468e-11,7.19529658409771e-11,8.360838390179468e-11,-7.068380728525682e-10,9.990111919901021e-11,-6.799247656845511e-10,5.484118972472432e-08,4.086657363855318e-11,2.8166308311947035e-07,1.1626297300890915e-10,1.2429581311704252e-10,8.360838390179468e-11,-1.0150681000330363e-09,2.787224472872947e-10,2.0388664146410336e-10,4.086657350760374e-11,-1.287605815299694e-09,6.821745083240532e-11,4.08665736221388e-11,5.839281791340614e-11,4.086657333194851e-11,5.363756513594964e-11,5.999647276562617e-07,4.94626163008901e-07,-4.4314220760494114e-10,-3.8335959483500085e-10,1.1626297302791247e-10,-4.4450638843419e-06,-1.2477456678295175e-06,2.3922784868339843e-10
1.0000149778131766,-6.942534461296898e-07,-1.025332890673986e-10,-4.568386077998451e-11,1.0000397859319259,-3.6523268668883366e-07,-4.568386062381803e-11,-9.130272190493685e-12,-4.568386068705035e-11,0.19127684576043988,-3.3154642488273806e-07,0.25848420257472443,3.1282080540231057e-11,1.4169225731528136e-11,-1.0809355678299292e-10,-6.631655224167711e-11,-4.973949867619809e-07,-4.5683860692089833e-11,1.0000366880999867,-1.5967547463363905e-06,-8.994991792464763e-07,1.41692262325205e-11,1.0000351616547098,-1.9637464989965588e-11,1.4169225602290067e-11,-1.3687359354166453e-11,1.416922595579719e-11,-3.768301594080256e-08,-1.471866057881016e-06,-1.0827855688487427e-06,0.8087619151955611,0.7415544275533866,-6.631655238296684e-11,-1.2477456678295175e-06,1.000033154539947,-1.2671925086137171e-06
-2.028303864361065e-06,1.4850214089034335e-10,2.0584566189287918e-07,7.366658842828713e-11,-8.043484664332096e-07,1.0234809524104289e-10,7.366658861834772e-11,6.339725901798906e-11,7.366658861834772e-11,-5.737571651471946e-10,8.802194739487216e-11,-5.557317634992312e-10,2.4357483246953775e-11,3.600727650955217e-11,2.4817073326987173e-07,1.0243824516720547e-10,2.1725728353087948e-07,7.366658846531808e-11,-1.942060063171605e-06,2.455787313660475e-10,1.796423430591375e-10,3.600727650955217e-11,-1.2190887441070677e-09,6.010554353206213e-11,3.600727649066175e-11,5.144937317741262e-11,3.600727680056716e-11,4.7259680374411106e-11,2.664699320661842e-10,2.1968481113749745e-10,-5.240720290606341e-10,-4.657109456228151e-10,1.0243824505627934e-10,2.3922784868339843e-10,-1.2671925086137171e-06,-4.565544982014196e-06
