0.9999999999893064,1.0000000040969406,-1.2305424410906022e-09,-1.1617400285048215e-09,-1.1617487908070934e-09,1.0000000040969317,1.0000000040969372,-1.1617400272053737e-09,1.000000005078338,-1.161750892763916e-09,-1.230541132329324e-09,-1.2234069949081922e-09,-1.4433678654137254e-09,-1.0620715171504837e-09,-1.217121631391926e-09,1.0000000040969355,1.0000000042821,-1.230541387779929e-09,-1.161747975573369e-09,1.0000000041248114,-1.2305413877728937e-09,-1.1617521249407295e-09,-1.2378418204814e-09,-1.2305411300632366e-09,1.0000000042821011,-9.841433064651546e-10,-1.3652732004406964e-09,-1.11054852951562e-09,-1.2305423864213578e-09,-1.368902011883501e-09,-1.1105482630313336e-09,-1.2305411323283654e-09,-1.1617508686005001e-09,-1.2305413877797297e-09,-1.1617400285087244e-09,-1.1617487907813147e-09,1.0000000040969308,-1.2378370871032021e-09,1.0000000040969383,-1.2171188287739047e-09,-1.2305411323195654e-09,-1.1276677365631297e-09,-1.230540356915441e-09,-1.1617400285121995e-09,-1.1833246464569818e-09
1.0000000040969406,1.0000000159560114,4.319859173582156e-14,7.756161474157714e-14,7.756333331835841e-14,1.0000000206622508,1.000000020662251,7.756303295049877e-14,1.0000000207160558,7.756232440777534e-14,4.31968669851161e-14,4.923634590992191e-14,-1.4406995782984617e-13,1.2918681850636854e-13,5.1944470874907846e-14,1.000000020662254,1.0000000206811979,4.3196527210319413e-14,7.756299097296556e-14,1.0000000206689401,4.319603093000728e-14,7.756326557853679e-14,3.9104049762504534e-14,4.319718950009369e-14,1.000000020681198,1.6906033589351562e-13,-7.065230475605364e-14,1.030720663801895e-13,4.319723744875042e-14,-7.234850112844584e-14,1.0307146824095326e-13,4.319688011848777e-14,7.75622345543378e-14,4.3196605831563865e-14,7.756224602789479e-14,7.756404951557095e-14,1.000000020662253,3.910418720339606e-14,1.0000000206622521,5.194356039180464e-14,4.319681708911035e-14,9.438547399119688e-14,4.319693105869351e-14,7.756213487929614e-14,6.519854994425059e-14
-1.2305424410906022e-09,4.319859173582156e-14,-4.671749067114564e-09,1.7386297584528437e-14,1.7386260336725322e-14,4.319895139983629e-14,4.319878429545404e-14,1.7386260336725322e-14,2.136838987457239e-10,1.7386297584528437e-14,3.4432697552476946e-11,3.2963658444039187e-11,2.767488339168673e-14,1.680814983658152e-14,3.301326184216598e-11,4.3198886089725014e-14,5.489358422556768e-14,1.733079249702469e-14,1.7386260336725322e-14,4.4693621623244987e-14,1.7331568006946945e-14,1.7386438723702297e-14,1.7541392365319285e-14,3.443269755247039e-11,5.48933742193667e-14,1.6462688036686635e-14,2.3301616228012787e-14,1.7348010521807645e-14,1.7331568006946945e-14,2.330464897689811e-14,1.7348010521807645e-14,3.443269755248108e-11,1.7386260336725322e-14,1.733079249702469e-14,1.7386438723702297e-14,1.7386562127800742e-14,4.319887343482918e-14,1.75408464982239e-14,4.3198951399868255e-14,3.3013261842190095e-11,1.733079249702469e-14,1.740796351117033e-14,3.443269755250059e-11,1.7387139689789426e-14,1.795319428088876e-14
-1.1617400285048215e-09,7.756161474157714e-14,1.7386297584528437e-14,-4.671528527962897e-09,1.74420108891329e-14,7.756161474149582e-14,7.756180106725702e-14,1.7442095937518897e-14,2.8233923259799745e-10,3.465200366075033e-11,1.7386438723702297e-14,1.664652300097591e-14,2.7761328782968588e-14,3.35034968426812e-11,1.6671732673213493e-14,7.756210938177826e-14,8.928918195073536e-14,1.7386260336725322e-14,1.7442646981135738e-14,7.906052208538955e-14,1.738668775972358e-14,3.465200366076583e-11,1.759629810001778e-14,1.738668775972358e-14,8.928882546157396e-14,3.2816777745982286e-11,2.3375515650904693e-14,1.7404186646891114e-14,1.7387139689789426e-14,2.337776620152191e-14,1.7403999616254523e-14,1.7387139689789426e-14,3.4652003660738455e-11,1.7386260336725322e-14,1.7442365162242873e-14,1.7442365162242873e-14,7.756180106725702e-14,1.7596737741820558e-14,7.756180106725702e-14,1.667194207727503e-14,1.7386438723702297e-14,1.7463373494457098e-14,1.7386438723702297e-14,3.465200366073186e-11,1.8008312358548014e-14
-1.1617487908070934e-09,7.756333331835841e-14,1.7386260336725322e-14,1.74420108891329e-14,-4.671528527962897e-09,7.756312997623178e-14,7.756300295820919e-14,3.465200366068686e-11,2.823421258491785e-10,1.7442095937518897e-14,1.7386184050405544e-14,1.6646395047562295e-14,2.7761328782968588e-14,3.3503496842658534e-11,1.6671839307620034e-14,7.756321734589658e-14,8.9290535409469e-14,1.7386438723702297e-14,3.4652003660723e-11,7.90623138066672e-14,1.7386260336725322e-14,1.7442095937518897e-14,1.759629810001778e-14,1.7386438723702297e-14,8.929032866605057e-14,3.2816777745960327e-11,2.3375169585765556e-14,1.740423541656748e-14,1.7386184050405544e-14,2.337767965326479e-14,1.7404186646891114e-14,1.7386260336725322e-14,1.7442365159405905e-14,1.7386438723702297e-14,3.465200366071163e-11,3.465200366070564e-11,7.756333038050936e-14,1.7596594726216328e-14,7.756333038050936e-14,1.6671839307620034e-14,1.7386438723702297e-14,1.7463439021592027e-14,1.7386260336725322e-14,1.7442095937518897e-14,1.800811058230271e-14
1.0000000040969317,1.0000000206622508,4.319895139983629e-14,7.756161474149582e-14,7.756312997623178e-14,1.0000000159560056,1.0000000206622461,7.756310922013734e-14,1.00000002071605,7.756250771092441e-14,4.3196866985253404e-14,4.923595750896072e-14,-1.4406979458951405e-13,1.29186851153334e-13,5.194425737897697e-14,1.000000020662248,1.0000000206811925,4.3196559933804563e-14,7.756282129239968e-14,1.0000000206689341,4.319611784421656e-14,7.756299416682418e-14,3.910404976251003e-14,4.319738538209522e-14,1.0000000206811928,1.6906014875718e-13,-7.065230068095604e-14,1.0307196937952907e-13,4.319723744875042e-14,-7.234896425708139e-14,1.0307146824095326e-13,4.3197125446241305e-14,7.756251961595115e-14,4.319660484225021e-14,7.756250722452353e-14,7.756368266317636e-14,1.0000000206622475,3.9104098802435e-14,1.000000020662247,5.1943644082853276e-14,4.319681708911035e-14,9.438497738951614e-14,4.319697239598935e-14,7.756222398722723e-14,6.519840831269565e-14
1.0000000040969372,1.000000020662251,4.319878429545404e-14,7.756180106725702e-14,7.756300295820919e-14,1.0000000206622461,1.0000000159560058,7.756287765570589e-14,1.0000000207160507,7.756232440681049e-14,4.319665703862019e-14,4.923602892822971e-14,-1.4407048346578524e-13,1.2918687802577033e-13,5.1944413777810035e-14,1.0000000206622488,1.0000000206811923,4.31961842895877e-14,7.75631256286191e-14,1.0000000206689346,4.3195990283253765e-14,7.756324469748218e-14,3.910372705107512e-14,4.319729632130355e-14,1.000000020681193,1.6906033589351562e-13,-7.065230475605364e-14,1.0307209059493537e-13,4.319723744875042e-14,-7.234938122019512e-14,1.0307150997173913e-13,4.319671590080461e-14,7.75622345543378e-14,4.319660484340102e-14,7.756267342718319e-14,7.756392508243212e-14,1.0000000206622481,3.910418720326954e-14,1.0000000206622472,5.194369337996372e-14,4.3196553609694997e-14,9.438572047456532e-14,4.319688103536258e-14,7.756185276905662e-14,6.519823368961511e-14
-1.1617400272053737e-09,7.756303295049877e-14,1.7386260336725322e-14,1.7442095937518897e-14,3.465200366068686e-11,7.756310922013734e-14,7.756287765570589e-14,-4.671528527962897e-09,2.823415795668763e-10,1.7442646981135738e-14,1.7387139689789426e-14,1.6646695258738023e-14,2.7761328782968588e-14,3.350349684266744e-11,1.667183930662618e-14,7.756286528665389e-14,8.929002848223653e-14,1.7386260336725322e-14,3.465200366073154e-11,7.906197120734212e-14,1.7386260336725322e-14,1.7442365162242873e-14,1.7596594726216328e-14,1.7386260336725322e-14,8.929000680722596e-14,3.281677774596952e-11,2.3375169585765556e-14,1.740423541656748e-14,1.738668775972358e-14,2.337776620152191e-14,1.7404517960244163e-14,1.7386438723702297e-14,1.7442646981135738e-14,1.7386184050405544e-14,3.465200366072021e-11,3.465200366071415e-11,7.75626773706008e-14,1.7596594726216328e-14,7.75629213877087e-14,1.6672208613762704e-14,1.7386260336725322e-14,1.7463439016936283e-14,1.7386260336725322e-14,1.7442095937518897e-14,1.8008530607097056e-14
1.000000005078338,1.0000000207160558,2.136838987457239e-10,2.8233923259799745e-10,2.823421258491785e-10,1.00000002071605,1.0000000207160507,2.823415795668763e-10,1.0000000165307903,2.8234061843855587e-10,2.1367979401228544e-10,2.208936207078166e-10,-8.242764485338108e-11,3.8127258028522473e-10,2.265084188957701e-10,1.0000000207160529,1.0000000208195268,2.1367911345256724e-10,2.8234163412041013e-10,1.0000000207335373,2.1367840725596153e-10,2.8234176486232125e-10,2.0684883865644614e-10,2.1368051438013613e-10,1.000000020819527,4.5836497473606837e-10,3.132111855651722e-11,3.328596715322207e-10,2.1368031268726707e-10,2.7937063360705722e-11,3.3285941295417116e-10,2.1367994820154403e-10,2.8234044991218694e-10,2.1367953098131433e-10,2.8234085642302343e-10,2.823430016520762e-10,1.000000020716053,2.0684969141521424e-10,1.000000020716052,2.2650708921557975e-10,2.1367938214259464e-10,3.1595934522988786e-10,2.136803418369058e-10,2.8233952871667736e-10,2.613675316197092e-10
-1.161750892763916e-09,7.756232440777534e-14,1.7386297584528437e-14,3.465200366075033e-11,1.7442095937518897e-14,7.756250771092441e-14,7.756232440681049e-14,1.7442646981135738e-14,2.8234061843855587e-10,-4.671528527962897e-09,1.7386724128867988e-14,1.6646626521613033e-14,2.7761812716106093e-14,3.350349684270485e-11,1.6671732673213493e-14,7.756243329344412e-14,8.928971822394815e-14,1.7387139689789426e-14,1.744209593727665e-14,7.906156187266579e-14,1.738668775972358e-14,3.465200366079021e-11,1.7596199747499705e-14,1.7386562127800742e-14,8.928983509532563e-14,3.281677774600539e-11,2.337462522719758e-14,1.740409093371139e-14,1.7387139689789426e-14,2.337792540849299e-14,1.7403999616254523e-14,1.7386260336725322e-14,3.465200366076286e-11,1.7386438723702297e-14,1.74420108891329e-14,1.7442646981135738e-14,7.756231062867222e-14,1.7596566678877033e-14,7.756250771092441e-14,1.6672208614566834e-14,1.7386562127800742e-14,1.7463439021592027e-14,1.7386297584528437e-14,3.465200366075629e-11,1.8008530607097056e-14
-1.230541132329324e-09,4.31968669851161e-14,3.4432697552476946e-11,1.7386438723702297e-14,1.7386184050405544e-14,4.3196866985253404e-14,4.319665703862019e-14,1.7387139689789426e-14,2.1367979401228544e-10,1.7386724128867988e-14,-4.671749067114564e-09,3.29636584440587e-11,2.7674852843157694e-14,1.6808516574746128e-14,3.3013261842185985e-11,4.3196866985253404e-14,5.489126630702918e-14,1.733079249702469e-14,1.7387139689789426e-14,4.469149936505369e-14,1.733166638997968e-14,1.7386562127800742e-14,1.7541137899457438e-14,3.4432697552484527e-11,5.4891565578966364e-14,1.6462895277018563e-14,2.3301420735654518e-14,1.734794640258411e-14,1.733166638997968e-14,2.3304551859212206e-14,1.7348400043185532e-14,3.443269755249527e-11,1.7386497189334785e-14,1.7331568006946945e-14,1.7386562127800742e-14,1.7386184050405544e-14,4.31968669851161e-14,1.754125513237038e-14,4.3196866985253404e-14,3.301326184221009e-11,1.7330792498307186e-14,1.7408006853641943e-14,3.44326975525147e-11,1.7386297584528437e-14,1.7953238501408245e-14
-1.2234069949081922e-09,4.923634590992191e-14,3.2963658444039187e-11,1.664652300097591e-14,1.6646395047562295e-14,4.923595750896072e-14,4.923602892822971e-14,1.6646695258738023e-14,2.208936207078166e-10,1.6646626521613033e-14,3.29636584440587e-11,-4.6746871039072e-09,2.6519959261242176e-14,1.6062540674989865e-14,3.1532357246713064e-11,4.923607595150553e-14,6.051553948959765e-14,3.296365844411251e-11,1.6646395047562295e-14,5.0678530042015834e-14,3.296365844406595e-11,1.664639459769454e-14,1.6804831851523298e-14,3.296365844405161e-11,6.051566737180234e-14,1.5711128668516074e-14,2.2324938351762327e-14,1.6605193867863102e-14,3.296365844406839e-11,4.4362030591957464e-11,1.6605193867863102e-14,3.29636584440608e-11,1.6646626521613033e-14,3.29636584441006e-11,1.6646395047562295e-14,1.6646625941172224e-14,4.923595750896765e-14,1.6804755813725e-14,4.923595750896072e-14,3.1532357246737757e-11,3.2963658444082e-11,1.6665975714404757e-14,3.2963658444082026e-11,1.6646625941172224e-14,1.7218659529786706e-14
-1.4433678654137254e-09,-1.4406995782984617e-13,2.767488339168673e-14,2.7761328782968588e-14,2.7761328782968588e-14,-1.4406979458951405e-13,-1.4407048346578524e-13,2.7761328782968588e-14,-8.242764485338108e-11,2.7761812716106093e-14,2.7674852843157694e-14,2.6519959261242176e-14,-4.6184347387400924e-09,2.68617361886522e-14,2.6561499313446797e-14,-1.4406979458950034e-13,-2.4938010224410187e-10,2.7674852843157694e-14,2.7761544156995683e-14,-2.8162859468869997e-10,2.7674852843157694e-14,2.7761328782968588e-14,2.8000676251865353e-14,2.7674970690075336e-14,-2.4938010224414664e-10,2.6324942878117877e-14,7.389802215033966e-11,2.77046193961406e-14,2.7674970690075336e-14,7.390412138852423e-11,2.7704767620583187e-14,2.7674895493394267e-14,2.7761328782968588e-14,2.7674883391686796e-14,2.7761808841559085e-14,2.7761328782968588e-14,-1.4407048346578524e-13,2.8000216122206245e-14,-1.4406979458951405e-13,2.6561389883455077e-14,2.7674895493394267e-14,2.779641402949741e-14,2.7674852843157694e-14,2.7761328782968588e-14,2.864363205371692e-14
-1.0620715171504837e-09,1.2918681850636854e-13,1.680814983658152e-14,3.35034968426812e-11,3.3503496842658534e-11,1.29186851153334e-13,1.2918687802577033e-13,3.350349684266744e-11,3.8127258028522473e-10,3.350349684270485e-11,1.6808516574746128e-14,1.6062540674989865e-14,2.68617361886522e-14,-4.673837590290811e-09,1.6085287741818167e-14,1.2918708309218548e-13,1.4059909787457278e-13,1.680814983658152e-14,3.350349684270265e-11,1.3064586895568057e-13,1.680864816474688e-14,3.350349684271936e-11,1.7021724872071274e-14,1.6808504779657092e-14,1.405991702884465e-13,3.163828488375923e-11,2.26139789365241e-14,1.6822291520624187e-14,1.6808149835728377e-14,2.261777446511759e-14,1.6822320860671444e-14,1.6808648162203383e-14,3.350349684269436e-11,1.680864816474688e-14,3.350349684269179e-11,3.350349684268389e-11,1.2918687802577033e-13,1.7022156327248262e-14,1.2918681850636854e-13,1.6085332688673278e-14,1.6808149835728377e-14,3.354266913970622e-11,1.6808504780785867e-14,3.3503496842687634e-11,1.7438178694729348e-14
-1.217121631391926e-09,5.1944470874907846e-14,3.301326184216598e-11,1.6671732673213493e-14,1.6671839307620034e-14,5.194425737897697e-14,5.1944413777810035e-14,1.667183930662618e-14,2.265084188957701e-10,1.6671732673213493e-14,3.3013261842185985e-11,3.1532357246713064e-11,2.6561499313446797e-14,1.6085287741818167e-14,-4.674600643541524e-09,5.194431958742686e-14,6.324565568896026e-14,3.301326184223983e-11,1.6671839307620034e-14,5.338934494188467e-14,3.301326184219321e-11,1.6672312867896198e-14,1.683079053361754e-14,3.301326184217884e-11,6.324555190273984e-14,1.5731932439380415e-14,2.2360218779119117e-14,1.6629844688844554e-14,3.3013261842195575e-11,2.2363937187053963e-14,1.6629710473334623e-14,3.301326184218788e-11,1.667231286789625e-14,3.3013261842228055e-11,1.6671930776580404e-14,1.6672247891969995e-14,5.1944517831542684e-14,1.6830796158286715e-14,5.194425737897697e-14,3.157510757862579e-11,3.3013261842209334e-11,1.6691089321810387e-14,3.301326184220941e-11,1.6672208614566834e-14,1.724656378392849e-14
1.0000000040969355,1.000000020662254,4.3198886089725014e-14,7.756210938177826e-14,7.756321734589658e-14,1.000000020662248,1.0000000206622488,7.756286528665389e-14,1.0000000207160529,7.756243329344412e-14,4.3196866985253404e-14,4.923607595150553e-14,-1.4406979458950034e-13,1.2918708309218548e-13,5.194431958742686e-14,1.000000015956009,1.0000000206811948,4.3196269209311314e-14,7.75631256286191e-14,1.0000000206689363,4.3195696250051306e-14,7.75630821688077e-14,3.910372705107512e-14,4.319729632156087e-14,1.0000000206811952,1.6905990027331456e-13,-7.065226193740388e-14,1.0307207305568078e-13,4.319723744875042e-14,-7.234850112844584e-14,1.0307146824280813e-13,4.319672501559109e-14,7.756232511168904e-14,4.319660484340102e-14,7.75624157592803e-14,7.756402744615642e-14,1.0000000206622497,3.910420598631765e-14,1.000000020662249,5.194336291367929e-14,4.3196468350197924e-14,9.43853287091396e-14,4.319692963038263e-14,7.75620274497636e-14,6.519843993172201e-14
1.0000000042821,1.0000000206811979,5.489358422556768e-14,8.928918195073536e-14,8.9290535409469e-14,1.0000000206811925,1.0000000206811923,8.929002848223653e-14,1.0000000208195268,8.928971822394815e-14,5.489126630702918e-14,6.051553948959765e-14,-2.4938010224410187e-10,1.4059909787457278e-13,6.324565568896026e-14,1.0000000206811948,1.00000001600919,5.48909377045823e-14,8.929011800665628e-14,1.0000000206898327,5.48907665390085e-14,8.929033235950225e-14,5.091026395701503e-14,5.4891898446930893e-14,1.0000000207154252,1.802886789846496e-13,-1.0933537346216565e-10,1.147860902046116e-13,5.4891582053422846e-14,-1.1270810975125919e-10,1.147863048665533e-13,5.4891634150728085e-14,8.928966988496563e-14,5.489146112683967e-14,8.9289793687353e-14,8.929108245953991e-14,1.0000000206811952,5.091062322745668e-14,1.0000000206811928,6.324513142487917e-14,5.489104974099936e-14,1.0613023042514134e-13,5.489174043245196e-14,8.928932911671341e-14,7.723568072890193e-14
-1.230541387779929e-09,4.3196527210319413e-14,1.733079249702469e-14,1.7386260336725322e-14,1.7386438723702297e-14,4.3196559933804563e-14,4.31961842895877e-14,1.7386260336725322e-14,2.1367911345256724e-10,1.7387139689789426e-14,1.733079249702469e-14,3.296365844411251e-11,2.7674852843157694e-14,1.680814983658152e-14,3.301326184223983e-11,4.3196269209311314e-14,5.48909377045823e-14,-4.671749067114564e-09,1.7386954067649608e-14,4.469102300023064e-14,3.4432697552555515e-11,1.738668775972358e-14,1.7541137899457438e-14,1.7331568006946945e-14,5.4890964268766693e-14,1.64628058650696e-14,2.330213488337828e-14,1.734794640258411e-14,3.443269755255895e-11,2.3304964865367676e-14,1.7348400043185532e-14,1.733166638997968e-14,1.738665790922008e-14,3.4432697552589895e-11,1.7386260336725322e-14,1.7386260336725322e-14,4.319644674747234e-14,1.7541220970742034e-14,4.31961842895877e-14,3.3013261842263986e-11,3.443269755257152e-11,1.7407799187899123e-14,1.7331568006946945e-14,1.7386260336725322e-14,1.7953116696269246e-14
-1.161747975573369e-09,7.756299097296556e-14,1.7386260336725322e-14,1.7442646981135738e-14,3.4652003660723e-11,7.756282129239968e-14,7.75631256286191e-14,3.465200366073154e-11,2.8234163412041013e-10,1.744209593727665e-14,1.7387139689789426e-14,1.6646395047562295e-14,2.7761544156995683e-14,3.350349684270265e-11,1.6671839307620034e-14,7.75631256286191e-14,8.929011800665628e-14,1.7386954067649608e-14,-4.671528527962897e-09,7.906197639961055e-14,1.738719083638115e-14,1.7441427464022715e-14,1.759656472102583e-14,1.7386438723702297e-14,8.929011800665628e-14,3.2816777746004116e-11,2.3375285354071686e-14,1.740423541656748e-14,1.7386562127800742e-14,2.337767965326479e-14,1.7404517960244163e-14,1.7386260336725322e-14,1.7441427464022715e-14,1.7386260336725322e-14,3.465200366075632e-11,3.4652003660750313e-11,7.756282129239968e-14,1.759621707362689e-14,7.756292390489602e-14,1.667169599590248e-14,1.7386438723702297e-14,1.7463391197534043e-14,1.7386438723702297e-14,1.7442646981135738e-14,1.800811058230271e-14
1.0000000041248114,1.0000000206689401,4.4693621623244987e-14,7.906052208538955e-14,7.90623138066672e-14,1.0000000206689341,1.0000000206689346,7.906197120734212e-14,1.0000000207335373,7.906156187266579e-14,4.469149936505369e-14,5.0678530042015834e-14,-2.8162859468869997e-10,1.3064586895568057e-13,5.338934494188467e-14,1.0000000206689363,1.0000000206898327,4.469102300023064e-14,7.906197639961055e-14,1.0000000159696314,4.4690895015048475e-14,7.906183490898683e-14,4.0612809347442845e-14,4.4691989652399945e-14,1.0000000206898343,1.7049582734704074e-13,-6.864846229282923e-14,1.0456935100773163e-13,4.4691968364075434e-14,-7.034482992079172e-14,1.0456881924033862e-13,4.469165584511767e-14,7.906164622770813e-14,4.4691449946884936e-14,7.90616872164032e-14,7.906269020908255e-14,1.000000020668937,4.0613737331398894e-14,1.0000000206689355,5.338845681730488e-14,4.4691298633197125e-14,9.588692726620314e-14,4.4691942105906546e-14,7.906101251284828e-14,6.673686687741446e-14
-1.2305413877728937e-09,4.319603093000728e-14,1.7331568006946945e-14,1.738668775972358e-14,1.7386260336725322e-14,4.319611784421656e-14,4.3195990283253765e-14,1.7386260336725322e-14,2.1367840725596153e-10,1.738668775972358e-14,1.733166638997968e-14,3.296365844406595e-11,2.7674852843157694e-14,1.680864816474688e-14,3.301326184219321e-11,4.3195696250051306e-14,5.48907665390085e-14,3.4432697552555515e-11,1.738719083638115e-14,4.4690895015048475e-14,-4.671749067114564e-09,1.7386954067649608e-14,1.7541137899457438e-14,1.733166638997968e-14,5.489089995303708e-14,1.6462895277018563e-14,2.3301616228012787e-14,1.734793533741042e-14,3.443269755251016e-11,2.3304720019386397e-14,1.7348022478119144e-14,1.733079249702469e-14,1.7386297584528437e-14,3.4432697552541033e-11,1.7386184050405544e-14,1.7386184050405544e-14,4.319657421584871e-14,1.7541072679508514e-14,4.3195696250057207e-14,3.301326184221731e-11,3.443269755252265e-11,1.7407924413050577e-14,1.7330792498237293e-14,1.7386562127800742e-14,1.7952772925036954e-14
-1.1617521249407295e-09,7.756326557853679e-14,1.7386438723702297e-14,3.465200366076583e-11,1.7442095937518897e-14,7.756299416682418e-14,7.756324469748218e-14,1.7442365162242873e-14,2.8234176486232125e-10,3.465200366079021e-11,1.7386562127800742e-14,1.664639459769454e-14,2.7761328782968588e-14,3.350349684271936e-11,1.6672312867896198e-14,7.75630821688077e-14,8.929033235950225e-14,1.738668775972358e-14,1.7441427464022715e-14,7.906183490898683e-14,1.7386954067649608e-14,-4.671528527962897e-09,1.759610563655823e-14,1.7386260336725322e-14,8.929024586254538e-14,3.281677774601922e-11,2.3375169585765556e-14,1.7403999616254523e-14,1.7386497189334785e-14,2.337767965326479e-14,1.7404005734088852e-14,1.7387139689789426e-14,3.4652003660778334e-11,1.7386438723702297e-14,1.7442646981135738e-14,1.7442646981135738e-14,7.75630821688077e-14,1.7596127636904578e-14,7.756290504678402e-14,1.6671732673213493e-14,1.7386562127800742e-14,1.746325096878947e-14,1.7386260336725322e-14,3.465200366077178e-11,1.8008419516198417e-14
-1.2378418204814e-09,3.9104049762504534e-14,1.7541392365319285e-14,1.759629810001778e-14,1.759629810001778e-14,3.910404976251003e-14,3.910372705107512e-14,1.7596594726216328e-14,2.0684883865644614e-10,1.7596199747499705e-14,1.7541137899457438e-14,1.6804831851523298e-14,2.8000676251865353e-14,1.7021724872071274e-14,1.683079053361754e-14,3.910372705107512e-14,5.091026395701503e-14,1.7541137899457438e-14,1.759656472102583e-14,4.0612809347442845e-14,1.7541137899457438e-14,1.759610563655823e-14,-4.6709159713445294e-09,1.75408464982239e-14,5.09101481030332e-14,3.313745398048227e-11,2.3577599579022556e-14,3.488592720861148e-11,1.7541445712897064e-14,2.3580209632953553e-14,3.488592720860385e-11,1.7541137899457438e-14,1.7596225548076595e-14,1.7541137899457438e-14,1.759621707362689e-14,1.7596594726216328e-14,3.9104279061066636e-14,3.5261955319000834e-11,3.9104040586677045e-14,1.683069223369261e-14,1.7541248327432672e-14,3.500265235007402e-11,1.7541248327432672e-14,1.7596594726216328e-14,1.815836016205654e-14
-1.2305411300632366e-09,4.319718950009369e-14,3.443269755247039e-11,1.738668775972358e-14,1.7386438723702297e-14,4.319738538209522e-14,4.319729632130355e-14,1.7386260336725322e-14,2.1368051438013613e-10,1.7386562127800742e-14,3.4432697552484527e-11,3.296365844405161e-11,2.7674970690075336e-14,1.6808504779657092e-14,3.301326184217884e-11,4.319729632156087e-14,5.4891898446930893e-14,1.7331568006946945e-14,1.7386438723702297e-14,4.4691989652399945e-14,1.733166638997968e-14,1.7386260336725322e-14,1.75408464982239e-14,-4.671749067114564e-09,5.48919016132317e-14,1.646270431688375e-14,2.3301701902275478e-14,1.7347960910203172e-14,1.733166638997968e-14,2.330492562108458e-14,1.7348010521807645e-14,3.4432697552488656e-11,1.7386260336725322e-14,1.733152524532076e-14,1.7386260336725322e-14,1.7386297584528437e-14,4.319736364653531e-14,1.7541445712897064e-14,4.319714806296751e-14,3.301326184220289e-11,1.7330792498237293e-14,1.7407835522779176e-14,3.4432697552508146e-11,1.7387139689789426e-14,1.7953116696269246e-14
1.0000000042821011,1.000000020681198,5.48933742193667e-14,8.928882546157396e-14,8.929032866605057e-14,1.0000000206811928,1.000000020681193,8.929000680722596e-14,1.000000020819527,8.928983509532563e-14,5.4891565578966364e-14,6.051566737180234e-14,-2.4938010224414664e-10,1.405991702884465e-13,6.324555190273984e-14,1.0000000206811952,1.0000000207154252,5.4890964268766693e-14,8.929011800665628e-14,1.0000000206898343,5.489089995303708e-14,8.929024586254538e-14,5.09101481030332e-14,5.48919016132317e-14,1.0000000160091838,1.8028872471853675e-13,-1.0933537346219216e-10,1.147861140238214e-13,5.4891531669154995e-14,-1.1270810975129685e-10,1.1478598604421202e-13,5.4891451255677106e-14,8.928990939591927e-14,5.4891225757942026e-14,8.928979368888326e-14,8.929099747155677e-14,1.0000000206811952,5.0910593944556686e-14,1.0000000206811936,6.324513142487917e-14,5.489136880629332e-14,1.0613061933181765e-13,5.4891740432430175e-14,8.928888242369667e-14,7.723568072890193e-14
-9.841433064651546e-10,1.6906033589351562e-13,1.6462688036686635e-14,3.2816777745982286e-11,3.2816777745960327e-11,1.6906014875718e-13,1.6906033589351562e-13,3.281677774596952e-11,4.5836497473606837e-10,3.281677774600539e-11,1.6462895277018563e-14,1.5711128668516074e-14,2.6324942878117877e-14,3.163828488375923e-11,1.5731932439380415e-14,1.6905990027331456e-13,1.802886789846496e-13,1.64628058650696e-14,3.2816777746004116e-11,1.7049582734704074e-13,1.6462895277018563e-14,3.281677774601922e-11,3.313745398048227e-11,1.646270431688375e-14,1.8028872471853675e-13,-4.675252160478038e-09,2.2159524757032584e-14,3.27302639538781e-11,1.6462704316488356e-14,2.21639433675204e-14,3.273026395386568e-11,1.6462874515983395e-14,3.281677774599589e-11,1.6462688036686635e-14,3.281677774599361e-11,3.2816777745984367e-11,1.6906024642655247e-13,3.3137453980429306e-11,1.690602247414701e-13,1.5731730000393838e-14,1.646270431688375e-14,3.2853600867096994e-11,1.6462698069242238e-14,3.281677774598908e-11,3.397041023417057e-11
-1.3652732004406964e-09,-7.065230475605364e-14,2.3301616228012787e-14,2.3375515650904693e-14,2.3375169585765556e-14,-7.065230068095604e-14,-7.065230475605364e-14,2.3375169585765556e-14,3.132111855651722e-11,2.337462522719758e-14,2.3301420735654518e-14,2.2324938351762327e-14,7.389802215033966e-11,2.26139789365241e-14,2.2360218779119117e-14,-7.065226193740388e-14,-1.0933537346216565e-10,2.330213488337828e-14,2.3375285354071686e-14,-6.864846229282923e-14,2.3301616228012787e-14,2.3375169585765556e-14,2.3577599579022556e-14,2.3301701902275478e-14,-1.0933537346219216e-10,2.2159524757032584e-14,-4.6439571032534424e-09,2.3327359504427755e-14,2.3301710390176306e-14,6.223197939842479e-11,2.3327007285470728e-14,2.3301710390176306e-14,2.337462522719758e-14,2.330213488337828e-14,2.3375285354071686e-14,2.3375340703359995e-14,-7.065230475605364e-14,2.3578470592224318e-14,-7.065226193740388e-14,2.2360045451654928e-14,2.3301710390176306e-14,2.340542682767486e-14,2.3301420735654518e-14,2.3375169585765556e-14,2.412147942461483e-14
-1.11054852951562e-09,1.030720663801895e-13,1.7348010521807645e-14,1.7404186646891114e-14,1.740423541656748e-14,1.0307196937952907e-13,1.0307209059493537e-13,1.740423541656748e-14,3.328596715322207e-10,1.740409093371139e-14,1.734794640258411e-14,1.6605193867863102e-14,2.77046193961406e-14,1.6822291520624187e-14,1.6629844688844554e-14,1.0307207305568078e-13,1.147860902046116e-13,1.734794640258411e-14,1.740423541656748e-14,1.0456935100773163e-13,1.734793533741042e-14,1.7403999616254523e-14,3.488592720861148e-11,1.7347960910203172e-14,1.147861140238214e-13,3.27302639538781e-11,2.3327359504427755e-14,-4.671679273180392e-09,1.7347939988040337e-14,2.332971461351102e-14,3.450031339758093e-11,1.7348658511702665e-14,1.7404133606257268e-14,1.7348366960279525e-14,1.7404477069292843e-14,1.7404524553401453e-14,1.0307195362867797e-13,3.4885927208559416e-11,1.0307211123745765e-13,1.6629835649038048e-14,1.734794640258411e-14,3.461924425957655e-11,1.734794640258411e-14,1.7404186646891114e-14,3.570899230572582e-11
-1.2305423864213578e-09,4.319723744875042e-14,1.7331568006946945e-14,1.7387139689789426e-14,1.7386184050405544e-14,4.319723744875042e-14,4.319723744875042e-14,1.738668775972358e-14,2.1368031268726707e-10,1.7387139689789426e-14,1.733166638997968e-14,3.296365844406839e-11,2.7674970690075336e-14,1.6808149835728377e-14,3.3013261842195575e-11,4.319723744875042e-14,5.4891582053422846e-14,3.443269755255895e-11,1.7386562127800742e-14,4.4691968364075434e-14,3.443269755251016e-11,1.7386497189334785e-14,1.7541445712897064e-14,1.733166638997968e-14,5.4891531669154995e-14,1.6462704316488356e-14,2.3301710390176306e-14,1.7347939988040337e-14,-4.671749067114564e-09,2.330475158602158e-14,1.7348010521807645e-14,1.7331525245308684e-14,1.7386260336725322e-14,3.4432697552544484e-11,1.7386184050405544e-14,1.7386260336725322e-14,4.3197323792124073e-14,1.75408464982239e-14,4.319723744875042e-14,3.301326184221972e-11,3.4432697552526054e-11,1.740782082717718e-14,1.733156800836501e-14,1.738668775972358e-14,1.7953237984069496e-14
-1.368902011883501e-09,-7.234850112844584e-14,2.330464897689811e-14,2.337776620152191e-14,2.337767965326479e-14,-7.234896425708139e-14,-7.234938122019512e-14,2.337776620152191e-14,2.7937063360705722e-11,2.337792540849299e-14,2.3304551859212206e-14,4.4362030591957464e-11,7.390412138852423e-11,2.261777446511759e-14,2.2363937187053963e-14,-7.234850112844584e-14,-1.1270810975125919e-10,2.3304964865367676e-14,2.337767965326479e-14,-7.034482992079172e-14,2.3304720019386397e-14,2.337767965326479e-14,2.3580209632953553e-14,2.330492562108458e-14,-1.1270810975129685e-10,2.21639433675204e-14,6.223197939842479e-11,2.332971461351102e-14,2.330475158602158e-14,-4.643942293654915e-09,2.3329960464877888e-14,2.3304582864509082e-14,2.337792540849299e-14,2.3304644503076478e-14,2.337767965326479e-14,2.337792540849299e-14,-7.234850112844584e-14,2.3580306851184347e-14,-7.234885465024887e-14,2.2364118249589673e-14,2.3304964865367676e-14,2.3407551014041153e-14,2.3304652812175384e-14,2.337792540849299e-14,2.4123292938061793e-14
-1.1105482630313336e-09,1.0307146824095326e-13,1.7348010521807645e-14,1.7403999616254523e-14,1.7404186646891114e-14,1.0307146824095326e-13,1.0307150997173913e-13,1.7404517960244163e-14,3.3285941295417116e-10,1.7403999616254523e-14,1.7348400043185532e-14,1.6605193867863102e-14,2.7704767620583187e-14,1.6822320860671444e-14,1.6629710473334623e-14,1.0307146824280813e-13,1.147863048665533e-13,1.7348400043185532e-14,1.7404517960244163e-14,1.0456881924033862e-13,1.7348022478119144e-14,1.7404005734088852e-14,3.488592720860385e-11,1.7348010521807645e-14,1.1478598604421202e-13,3.273026395386568e-11,2.3327007285470728e-14,3.450031339758093e-11,1.7348010521807645e-14,2.3329960464877888e-14,-4.671679273180392e-09,1.7348400043185532e-14,1.740409093371139e-14,1.7348400043185532e-14,1.7404186646891114e-14,1.7404517960244163e-14,1.0307151335147751e-13,3.488592720855172e-11,1.0307147765244445e-13,1.6629835649038048e-14,1.7348010521807645e-14,3.4619244259567954e-11,1.7347975062597093e-14,1.7403999616254523e-14,3.570899230571967e-11
-1.2305411323283654e-09,4.319688011848777e-14,3.443269755248108e-11,1.7387139689789426e-14,1.7386260336725322e-14,4.3197125446241305e-14,4.319671590080461e-14,1.7386438723702297e-14,2.1367994820154403e-10,1.7386260336725322e-14,3.443269755249527e-11,3.29636584440608e-11,2.7674895493394267e-14,1.6808648162203383e-14,3.301326184218788e-11,4.319672501559109e-14,5.4891634150728085e-14,1.733166638997968e-14,1.7386260336725322e-14,4.469165584511767e-14,1.733079249702469e-14,1.7387139689789426e-14,1.7541137899457438e-14,3.4432697552488656e-11,5.4891451255677106e-14,1.6462874515983395e-14,2.3301710390176306e-14,1.7348658511702665e-14,1.7331525245308684e-14,2.3304582864509082e-14,1.7348400043185532e-14,-4.671749067114564e-09,1.7386438723702297e-14,1.733166638997968e-14,1.7386438723702297e-14,1.738665790922008e-14,4.319688011848797e-14,1.7541220970742034e-14,4.319712436465003e-14,3.301326184221205e-11,1.7331274762143055e-14,1.7407978155928913e-14,3.443269755251889e-11,1.7386184050405544e-14,1.795319428088876e-14
-1.1617508686005001e-09,7.75622345543378e-14,1.7386260336725322e-14,3.4652003660738455e-11,1.7442365159405905e-14,7.756251961595115e-14,7.75622345543378e-14,1.7442646981135738e-14,2.8234044991218694e-10,3.465200366076286e-11,1.7386497189334785e-14,1.6646626521613033e-14,2.7761328782968588e-14,3.350349684269436e-11,1.667231286789625e-14,7.756232511168904e-14,8.928966988496563e-14,1.738665790922008e-14,1.7441427464022715e-14,7.906164622770813e-14,1.7386297584528437e-14,3.4652003660778334e-11,1.7596225548076595e-14,1.7386260336725322e-14,8.928990939591927e-14,3.281677774599589e-11,2.337462522719758e-14,1.7404133606257268e-14,1.7386260336725322e-14,2.337792540849299e-14,1.740409093371139e-14,1.7386438723702297e-14,-4.671528527962897e-09,1.7386297584528437e-14,1.7442095937518897e-14,1.7442365162242873e-14,7.75623442224255e-14,1.7596138300905565e-14,7.756251159159838e-14,1.6672247891969995e-14,1.7386260336725322e-14,1.7463467152669743e-14,1.7386954067649608e-14,3.4652003660744426e-11,1.8008062544558937e-14
-1.2305413877797297e-09,4.3196605831563865e-14,1.733079249702469e-14,1.7386260336725322e-14,1.7386438723702297e-14,4.319660484225021e-14,4.319660484340102e-14,1.7386184050405544e-14,2.1367953098131433e-10,1.7386438723702297e-14,1.7331568006946945e-14,3.29636584441006e-11,2.7674883391686796e-14,1.680864816474688e-14,3.3013261842228055e-11,4.319660484340102e-14,5.489146112683967e-14,3.4432697552589895e-11,1.7386260336725322e-14,4.4691449946884936e-14,3.4432697552541033e-11,1.7386438723702297e-14,1.7541137899457438e-14,1.733152524532076e-14,5.4891225757942026e-14,1.6462688036686635e-14,2.330213488337828e-14,1.7348366960279525e-14,3.4432697552544484e-11,2.3304644503076478e-14,1.7348400043185532e-14,1.733166638997968e-14,1.7386297584528437e-14,-4.671749067114564e-09,1.7386438723702297e-14,1.7386260336725322e-14,4.3196832911362015e-14,1.7541137899457438e-14,4.319660484340102e-14,3.3013261842252224e-11,3.443269755255701e-11,1.7407799187899123e-14,1.733166638997968e-14,1.7386260336725322e-14,1.7952772925036954e-14
-1.1617400285087244e-09,7.756224602789479e-14,1.7386438723702297e-14,1.7442365162242873e-14,3.465200366071163e-11,7.756250722452353e-14,7.756267342718319e-14,3.465200366072021e-11,2.8234085642302343e-10,1.74420108891329e-14,1.7386562127800742e-14,1.6646395047562295e-14,2.7761808841559085e-14,3.350349684269179e-11,1.6671930776580404e-14,7.75624157592803e-14,8.9289793687353e-14,1.7386260336725322e-14,3.465200366075632e-11,7.90616872164032e-14,1.7386184050405544e-14,1.7442646981135738e-14,1.759621707362689e-14,1.7386260336725322e-14,8.928979368888326e-14,3.281677774599361e-11,2.3375285354071686e-14,1.7404477069292843e-14,1.7386184050405544e-14,2.337767965326479e-14,1.7404186646891114e-14,1.7386438723702297e-14,1.7442095937518897e-14,1.7386438723702297e-14,-4.671528527962897e-09,3.4652003660739004e-11,7.75624220951476e-14,1.7596225548076595e-14,7.75624220951476e-14,1.6672312867896198e-14,1.7386260336725322e-14,1.746343901693679e-14,1.7386184050405544e-14,1.7442095937518897e-14,1.8008530607097056e-14
-1.1617487907813147e-09,7.756404951557095e-14,1.7386562127800742e-14,1.7442365162242873e-14,3.465200366070564e-11,7.756368266317636e-14,7.756392508243212e-14,3.465200366071415e-11,2.823430016520762e-10,1.7442646981135738e-14,1.7386184050405544e-14,1.6646625941172224e-14,2.7761328782968588e-14,3.350349684268389e-11,1.6672247891969995e-14,7.756402744615642e-14,8.929108245953991e-14,1.7386260336725322e-14,3.4652003660750313e-11,7.906269020908255e-14,1.7386184050405544e-14,1.7442646981135738e-14,1.7596594726216328e-14,1.7386297584528437e-14,8.929099747155677e-14,3.2816777745984367e-11,2.3375340703359995e-14,1.7404524553401453e-14,1.7386260336725322e-14,2.337792540849299e-14,1.7404517960244163e-14,1.738665790922008e-14,1.7442365162242873e-14,1.7386260336725322e-14,3.4652003660739004e-11,-4.671528527962897e-09,7.756353816771021e-14,1.7596594726216328e-14,7.756353816771021e-14,1.6671732673213493e-14,1.7386438723702297e-14,1.7463439021592027e-14,1.7386497189334785e-14,1.7442646981135738e-14,1.800811058230271e-14
1.0000000040969308,1.000000020662253,4.319887343482918e-14,7.756180106725702e-14,7.756333038050936e-14,1.0000000206622475,1.0000000206622481,7.75626773706008e-14,1.000000020716053,7.756231062867222e-14,4.31968669851161e-14,4.923595750896765e-14,-1.4407048346578524e-13,1.2918687802577033e-13,5.1944517831542684e-14,1.0000000206622497,1.0000000206811952,4.319644674747234e-14,7.756282129239968e-14,1.000000020668937,4.319657421584871e-14,7.75630821688077e-14,3.9104279061066636e-14,4.319736364653531e-14,1.0000000206811952,1.6906024642655247e-13,-7.065230475605364e-14,1.0307195362867797e-13,4.3197323792124073e-14,-7.234850112844584e-14,1.0307151335147751e-13,4.319688011848797e-14,7.75623442224255e-14,4.3196832911362015e-14,7.75624220951476e-14,7.756353816771021e-14,1.000000015956009,3.910407193584353e-14,1.0000000206622488,5.1943646313742216e-14,4.319643658745049e-14,9.438572047415695e-14,4.319692963038263e-14,7.75620084195422e-14,6.519843174748317e-14
-1.2378370871032021e-09,3.910418720339606e-14,1.75408464982239e-14,1.7596737741820558e-14,1.7596594726216328e-14,3.9104098802435e-14,3.910418720326954e-14,1.7596594726216328e-14,2.0684969141521424e-10,1.7596566678877033e-14,1.754125513237038e-14,1.6804755813725e-14,2.8000216122206245e-14,1.7022156327248262e-14,1.6830796158286715e-14,3.910420598631765e-14,5.091062322745668e-14,1.7541220970742034e-14,1.759621707362689e-14,4.0613737331398894e-14,1.7541072679508514e-14,1.7596127636904578e-14,3.5261955319000834e-11,1.7541445712897064e-14,5.0910593944556686e-14,3.3137453980429306e-11,2.3578470592224318e-14,3.4885927208559416e-11,1.75408464982239e-14,2.3580306851184347e-14,3.488592720855172e-11,1.7541220970742034e-14,1.7596138300905565e-14,1.7541137899457438e-14,1.7596225548076595e-14,1.7596594726216328e-14,3.910407193584353e-14,-4.6709159713445294e-09,3.9104401341358246e-14,1.6830769663275704e-14,1.7541445712897064e-14,3.5002652350021975e-11,1.7541248327432672e-14,1.7596594726216328e-14,1.815836016205654e-14
1.0000000040969383,1.0000000206622521,4.3198951399868255e-14,7.756180106725702e-14,7.756333038050936e-14,1.000000020662247,1.0000000206622472,7.75629213877087e-14,1.000000020716052,7.756250771092441e-14,4.3196866985253404e-14,4.923595750896072e-14,-1.4406979458951405e-13,1.2918681850636854e-13,5.194425737897697e-14,1.000000020662249,1.0000000206811928,4.31961842895877e-14,7.756292390489602e-14,1.0000000206689355,4.3195696250057207e-14,7.756290504678402e-14,3.9104040586677045e-14,4.319714806296751e-14,1.0000000206811936,1.690602247414701e-13,-7.065226193740388e-14,1.0307211123745765e-13,4.319723744875042e-14,-7.234885465024887e-14,1.0307147765244445e-13,4.319712436465003e-14,7.756251159159838e-14,4.319660484340102e-14,7.75624220951476e-14,7.756353816771021e-14,1.0000000206622488,3.9104401341358246e-14,1.0000000159560096,5.1943521330464815e-14,4.3196437097384714e-14,9.438561501647581e-14,4.319688103352532e-14,7.756185276905662e-14,6.519840831269565e-14
