0.9999999942585243,0.9999918562397269,0.9999918562397372,0.999991856239738,0.9999918562397356,0.9999918562397349,0.9999918562397372,0.9999918914930607,0.9999918562397349,0.9999918914930641,0.9999918562397352,0.9999918914930607,0.9999918562397326,0.9999918562397356,0.9999918562397349,0.9999918562397349,0.9999918562397369,0.9999918562397372,0.9999918562397359,-2.333525008909608e-06,0.9999918562397352,0.9999918562397363,0.9999918562397355,0.9999918562397383,0.9999918914930619,0.9999918562397355,0.9999918486989957,0.999991856239734,0.9999918562397352,0.9999918562397359,0.9999918562397336,0.9999918562397359,0.9999918562397355,-2.334298169708016e-06,0.9999918562397326,0.9999918562397372,0.999991856239736,0.9999918562397376,-2.3342981697306894e-06,0.9999918562397326,-2.348791414846065e-06,0.9999918562397332,0.9999918562397352,0.9999918562397355
0.9999918562397269,0.9999916205576176,0.9999917005207049,0.9999917005207051,0.9999917005207055,0.9999917005207049,0.9999917005207053,0.9999917357739473,0.9999917005207062,0.9999917357739466,0.999991700520706,0.9999917357739477,0.9999917005207049,0.9999917005207053,0.9999917005207046,0.9999917005207046,0.9999917005207049,0.9999917005207053,0.9999917005207053,-5.800973537107524e-11,0.9999917005207055,0.9999917005207062,0.9999917005207055,0.9999917005207056,0.9999917357739486,0.9999917005207062,0.9999916929799841,0.9999917005207049,0.9999917005207053,0.9999917005207053,0.9999917005207049,0.9999917005207053,0.9999917005207053,-5.839887345332143e-11,0.9999917005207049,0.9999917005207049,0.9999917005207046,0.9999917005207056,-5.839887378366488e-11,0.9999917005207049,-6.56934129782217e-11,0.9999917005207049,0.999991700520706,0.9999917005207062
0.9999918562397372,0.9999917005207049,0.9999916205576417,0.999991700520718,0.9999917005207187,0.999991700520718,0.9999917005207174,0.9999917357739595,0.9999917005207187,0.9999917357739586,0.9999917005207187,0.9999917357739595,0.9999917005207174,0.9999917005207187,0.999991700520718,0.999991700520718,0.9999917005207171,0.9999917005207174,0.9999917005207193,-5.800973539226443e-11,0.999991700520718,0.9999917005207193,0.9999917005207187,0.9999917005207184,0.9999917357739591,0.9999917005207193,0.9999916929799955,0.9999917005207166,0.9999917005207184,0.9999917005207193,0.9999917005207162,0.9999917005207193,0.9999917005207187,-5.839887347169845e-11,0.9999917005207174,0.9999917005207184,0.9999917005207164,0.9999917005207184,-5.839887379319032e-11,0.9999917005207184,-6.569341321032464e-11,0.9999917005207164,0.9999917005207193,0.9999917005207193
0.999991856239738,0.9999917005207051,0.999991700520718,0.9999916205576389,0.9999917005207196,0.9999917005207184,0.9999917005207184,0.9999917357739598,0.9999917005207181,0.9999917357739604,0.9999917005207187,0.9999917357739598,0.9999917005207184,0.9999917005207186,0.9999917005207187,0.9999917005207187,0.9999917005207174,0.9999917005207181,0.9999917005207186,-5.8009735356131443e-11,0.9999917005207187,0.9999917005207194,0.9999917005207187,0.9999917005207173,0.9999917357739592,0.9999917005207194,0.9999916929799959,0.9999917005207166,0.9999917005207186,0.9999917005207186,0.9999917005207162,0.9999917005207184,0.9999917005207196,-5.839887347540452e-11,0.9999917005207184,0.999991700520718,0.9999917005207166,0.9999917005207181,-5.83988737610424e-11,0.9999917005207187,-6.569341313932166e-11,0.9999917005207171,0.9999917005207193,0.9999917005207193
0.9999918562397356,0.9999917005207055,0.9999917005207187,0.9999917005207196,0.9999916205576441,0.9999917005207181,0.9999917005207193,0.9999917357739604,0.9999917005207187,0.9999917357739604,0.9999917005207187,0.9999917357739607,0.999991700520718,0.9999917005207201,0.999991700520719,0.999991700520719,0.9999917005207184,0.9999917005207193,0.99999170052072,-5.8009735396745546e-11,0.9999917005207193,0.9999917005207205,0.9999917005207196,0.999991700520718,0.9999917357739607,0.9999917005207203,0.9999916929799971,0.9999917005207184,0.9999917005207201,0.99999170052072,0.9999917005207171,0.99999170052072,0.9999917005207201,-5.839887346469945e-11,0.999991700520718,0.9999917005207193,0.999991700520718,0.9999917005207187,-5.839887378447916e-11,0.99999170052072,-6.569341314855074e-11,0.9999917005207168,0.9999917005207201,0.9999917005207203
0.9999918562397349,0.9999917005207049,0.999991700520718,0.9999917005207184,0.9999917005207181,0.9999916205576385,0.9999917005207181,0.9999917357739595,0.999991700520718,0.9999917357739591,0.9999917005207174,0.9999917357739597,0.9999917005207173,0.9999917005207186,0.9999917005207173,0.9999917005207173,0.9999917005207171,0.999991700520718,0.9999917005207184,-5.800973534542998e-11,0.999991700520718,0.9999917005207193,0.9999917005207186,0.9999917005207173,0.9999917357739597,0.9999917005207193,0.9999916929799959,0.9999917005207166,0.9999917005207184,0.9999917005207184,0.9999917005207162,0.9999917005207184,0.9999917005207184,-5.839887347167933e-11,0.9999917005207173,0.9999917005207174,0.9999917005207166,0.9999917005207184,-5.839887377651605e-11,0.9999917005207186,-6.569341305966302e-11,0.9999917005207161,0.999991700520719,0.999991700520719
0.9999918562397372,0.9999917005207053,0.9999917005207174,0.9999917005207184,0.9999917005207193,0.9999917005207181,0.9999916205576399,0.9999917357739595,0.9999917005207184,0.9999917357739591,0.9999917005207186,0.9999917357739598,0.9999917005207184,0.9999917005207193,0.9999917005207184,0.9999917005207184,0.9999917005207174,0.9999917005207184,0.9999917005207193,-5.800973538988531e-11,0.9999917005207184,0.9999917005207193,0.9999917005207193,0.9999917005207166,0.9999917357739595,0.9999917005207193,0.9999916929799959,0.9999917005207174,0.9999917005207193,0.9999917005207193,0.9999917005207166,0.9999917005207193,0.9999917005207193,-5.839887346615123e-11,0.9999917005207184,0.9999917005207177,0.9999917005207171,0.9999917005207184,-5.83988737780916e-11,0.9999917005207187,-6.569341312855324e-11,0.9999917005207166,0.9999917005207194,0.9999917005207194
0.9999918914930607,0.9999917357739473,0.9999917357739595,0.9999917357739598,0.9999917357739604,0.9999917357739595,0.9999917357739595,0.9999916910641145,0.9999917357739604,0.9999917710272018,0.9999917357739607,0.9999917710272023,0.9999917357739597,0.9999917357739604,0.9999917357739604,0.9999917357739604,0.9999917357739586,0.9999917357739595,0.9999917357739607,-5.8009737465939186e-11,0.9999917357739591,0.9999917357739604,0.9999917357739598,0.9999917357739595,0.9999917710272028,0.9999917357739607,0.9999917282332379,0.9999917357739595,0.9999917357739604,0.9999917357739607,0.9999917357739591,0.9999917357739607,0.9999917357739602,-5.839887571776188e-11,0.9999917357739595,0.9999917357739595,0.9999917357739591,0.9999917357739595,-5.839887602356865e-11,0.9999917357739604,-1.3052346894674023e-07,0.9999917357739591,0.9999917357739595,0.9999917357739598
0.9999918562397349,0.9999917005207062,0.9999917005207187,0.9999917005207181,0.9999917005207187,0.999991700520718,0.9999917005207184,0.9999917357739604,0.9999916205576438,0.9999917357739602,0.9999917005207194,0.9999917357739604,0.9999917005207184,0.9999917005207196,0.999991700520718,0.999991700520718,0.9999917005207181,0.9999917005207174,0.9999917005207194,-5.800973538659811e-11,0.9999917005207187,0.9999917005207194,0.9999917005207193,0.9999917005207174,0.9999917357739604,0.9999917005207196,0.9999916929799959,0.9999917005207173,0.9999917005207196,0.9999917005207196,0.9999917005207164,0.9999917005207196,0.9999917005207194,-5.839887345635407e-11,0.9999917005207184,0.9999917005207186,0.9999917005207174,0.9999917005207194,-5.839887380289229e-11,0.9999917005207187,-6.56934131067195e-11,0.9999917005207171,0.9999917005207194,0.9999917005207193
0.9999918914930641,0.9999917357739466,0.9999917357739586,0.9999917357739604,0.9999917357739604,0.9999917357739591,0.9999917357739591,0.9999917710272018,0.9999917357739602,0.999991691064122,0.9999917357739598,0.9999917710272028,0.9999917357739588,0.9999917357739591,0.9999917357739595,0.9999917357739595,0.9999917357739576,0.9999917357739591,0.9999917357739592,-5.800973745879734e-11,0.9999917357739586,0.9999917357739591,0.9999917357739595,0.9999917357739597,0.9999917710272023,0.9999917357739591,0.9999917282332373,0.9999917357739586,0.9999917357739591,0.9999917357739592,0.9999917357739586,0.9999917357739591,0.9999917357739595,-5.839887538919445e-11,0.9999917357739588,0.9999917357739591,0.9999917357739595,0.9999917357739592,-5.839887602356865e-11,0.9999917357739607,-1.3052346894674012e-07,0.9999917357739588,0.9999917357739591,0.9999917357739595
0.9999918562397352,0.999991700520706,0.9999917005207187,0.9999917005207187,0.9999917005207187,0.9999917005207174,0.9999917005207186,0.9999917357739607,0.9999917005207194,0.9999917357739598,0.999991620557643,0.9999917357739607,0.9999917005207181,0.9999917005207194,0.999991700520718,0.999991700520718,0.9999917005207184,0.9999917005207186,0.9999917005207196,-5.800973531953594e-11,0.9999917005207184,0.9999917005207193,0.9999917005207196,0.9999917005207186,0.9999917357739604,0.9999917005207194,0.9999916929799966,0.9999917005207173,0.9999917005207194,0.9999917005207196,0.9999917005207174,0.9999917005207194,0.9999917005207194,-5.839887347182655e-11,0.9999917005207181,0.9999917005207187,0.999991700520718,0.9999917005207187,-5.839887376098135e-11,0.9999917005207187,-6.569341314512759e-11,0.9999917005207168,0.9999917005207194,0.9999917005207193
0.9999918914930607,0.9999917357739477,0.9999917357739595,0.9999917357739598,0.9999917357739607,0.9999917357739597,0.9999917357739598,0.9999917710272023,0.9999917357739604,0.9999917710272028,0.9999917357739607,0.9999916910641108,0.9999917357739595,0.9999917357739604,0.9999917357739607,0.9999917357739607,0.9999917357739586,0.9999917357739598,0.9999917357739607,-5.800973745349056e-11,0.9999917357739591,0.9999917357739607,0.9999917357739604,0.9999917357739595,0.9999917710272029,0.9999917357739607,0.9999917282332379,0.9999917357739595,0.9999917357739604,0.9999917357739607,0.9999917357739591,0.9999917357739607,0.9999917357739612,-5.839887586601035e-11,0.9999917357739595,0.9999917357739598,0.9999917357739595,0.9999917357739595,-5.839887594167309e-11,0.9999917357739612,-1.3052346894674015e-07,0.9999917357739592,0.9999917357739602,0.9999917357739607
0.9999918562397326,0.9999917005207049,0.9999917005207174,0.9999917005207184,0.999991700520718,0.9999917005207173,0.9999917005207184,0.9999917357739597,0.9999917005207184,0.9999917357739588,0.9999917005207181,0.9999917357739595,0.9999916205576387,0.9999917005207184,0.9999917005207171,0.9999917005207171,0.9999917005207171,0.9999917005207184,0.9999917005207193,-5.8009735396745546e-11,0.999991700520718,0.9999917005207193,0.9999917005207184,0.9999917005207174,0.9999917357739595,0.9999917005207187,0.9999916929799959,0.9999917005207162,0.9999917005207184,0.9999917005207193,0.9999917005207164,0.9999917005207193,0.9999917005207184,-5.839887344771774e-11,0.999991700520718,0.9999917005207174,0.9999917005207168,0.9999917005207184,-5.839887377613573e-11,0.9999917005207187,-6.569341309885309e-11,0.9999917005207157,0.999991700520719,0.9999917005207187
0.9999918562397356,0.9999917005207053,0.9999917005207187,0.9999917005207186,0.9999917005207201,0.9999917005207186,0.9999917005207193,0.9999917357739604,0.9999917005207196,0.9999917357739591,0.9999917005207194,0.9999917357739604,0.9999917005207184,0.9999916205576405,0.9999917005207193,0.9999917005207193,0.9999917005207184,0.9999917005207193,0.9999917005207201,-5.800973538915942e-11,0.9999917005207194,0.9999917005207208,0.9999917005207201,0.999991700520719,0.9999917357739604,0.9999917005207208,0.9999916929799968,0.999991700520718,0.99999170052072,0.9999917005207201,0.9999917005207177,0.9999917005207201,0.9999917005207201,-5.839887346266567e-11,0.9999917005207184,0.9999917005207186,0.9999917005207184,0.9999917005207193,-5.839887378047011e-11,0.9999917005207193,-6.569341307677938e-11,0.9999917005207174,0.9999917005207201,0.9999917005207205
0.9999918562397349,0.9999917005207046,0.999991700520718,0.9999917005207187,0.999991700520719,0.9999917005207173,0.9999917005207184,0.9999917357739604,0.999991700520718,0.9999917357739595,0.999991700520718,0.9999917357739607,0.9999917005207171,0.9999917005207193,0.9999916205576405,0.9999917005207181,0.9999917005207174,0.9999917005207184,0.999991700520719,-5.800973542551944e-11,0.9999917005207184,0.9999917005207201,0.9999917005207187,0.9999917005207174,0.9999917357739598,0.99999170052072,0.9999916929799968,0.9999917005207174,0.9999917005207193,0.999991700520719,0.9999917005207162,0.999991700520719,0.9999917005207193,-5.839887345766994e-11,0.9999917005207171,0.9999917005207184,0.9999917005207171,0.9999917005207184,-5.839887380580932e-11,0.9999917005207194,-6.569341312757531e-11,0.9999917005207161,0.9999917005207193,0.99999170052072
0.9999918562397349,0.9999917005207046,0.999991700520718,0.9999917005207187,0.999991700520719,0.9999917005207173,0.9999917005207184,0.9999917357739604,0.999991700520718,0.9999917357739595,0.999991700520718,0.9999917357739607,0.9999917005207171,0.9999917005207193,0.9999917005207181,0.9999916205576405,0.9999917005207174,0.9999917005207184,0.999991700520719,-5.80097353105236e-11,0.9999917005207184,0.9999917005207201,0.9999917005207187,0.9999917005207174,0.9999917357739598,0.99999170052072,0.9999916929799968,0.9999917005207174,0.9999917005207193,0.999991700520719,0.9999917005207162,0.999991700520719,0.9999917005207193,-5.839887347654642e-11,0.9999917005207171,0.9999917005207184,0.9999917005207171,0.9999917005207184,-5.839887378653898e-11,0.9999917005207194,-6.569341308277358e-11,0.9999917005207161,0.9999917005207193,0.99999170052072
0.9999918562397369,0.9999917005207049,0.9999917005207171,0.9999917005207174,0.9999917005207184,0.9999917005207171,0.9999917005207174,0.9999917357739586,0.9999917005207181,0.9999917357739576,0.9999917005207184,0.9999917357739586,0.9999917005207171,0.9999917005207184,0.9999917005207174,0.9999917005207174,0.9999916205576393,0.9999917005207171,0.9999917005207184,-5.800973536637816e-11,0.9999917005207184,0.9999917005207184,0.9999917005207184,0.9999917005207173,0.9999917357739586,0.9999917005207184,0.9999916929799946,0.9999917005207162,0.9999917005207184,0.9999917005207184,0.9999917005207157,0.9999917005207184,0.9999917005207184,-5.839887344318264e-11,0.9999917005207171,0.9999917005207177,0.9999917005207157,0.9999917005207181,-5.83988737884379e-11,0.999991700520718,-6.569341299953001e-11,0.9999917005207161,0.9999917005207187,0.9999917005207184
0.9999918562397372,0.9999917005207053,0.9999917005207174,0.9999917005207181,0.9999917005207193,0.999991700520718,0.9999917005207184,0.9999917357739595,0.9999917005207174,0.9999917357739591,0.9999917005207186,0.9999917357739598,0.9999917005207184,0.9999917005207193,0.9999917005207184,0.9999917005207184,0.9999917005207171,0.9999916205576399,0.9999917005207193,-5.8009735376248347e-11,0.9999917005207184,0.9999917005207193,0.9999917005207181,0.9999917005207166,0.9999917357739595,0.9999917005207193,0.9999916929799959,0.9999917005207171,0.9999917005207193,0.9999917005207193,0.9999917005207166,0.9999917005207193,0.9999917005207193,-5.8398873469342e-11,0.9999917005207184,0.9999917005207177,0.9999917005207171,0.9999917005207184,-5.839887380708458e-11,0.9999917005207187,-6.569341307456715e-11,0.9999917005207166,0.9999917005207194,0.9999917005207194
0.9999918562397359,0.9999917005207053,0.9999917005207193,0.9999917005207186,0.99999170052072,0.9999917005207184,0.9999917005207193,0.9999917357739607,0.9999917005207194,0.9999917357739592,0.9999917005207196,0.9999917357739607,0.9999917005207193,0.9999917005207201,0.999991700520719,0.999991700520719,0.9999917005207184,0.9999917005207193,0.9999916205576402,-5.800973534408662e-11,0.9999917005207194,0.999991700520721,0.9999917005207201,0.9999917005207193,0.999991735773961,0.999991700520721,0.9999916929799975,0.9999917005207184,0.9999917005207201,0.999991700520721,0.9999917005207184,0.9999917005207208,0.99999170052072,-5.839887346569884e-11,0.9999917005207193,0.9999917005207193,0.9999917005207187,0.9999917005207193,-5.839887378031079e-11,0.9999917005207201,-6.569341306156606e-11,0.9999917005207181,0.9999917005207201,0.9999917005207205
-2.333525008909608e-06,-5.800973537107524e-11,-5.800973539226443e-11,-5.8009735356131443e-11,-5.8009735396745546e-11,-5.800973534542998e-11,-5.800973538988531e-11,-5.8009737465939186e-11,-5.800973538659811e-11,-5.800973745879734e-11,-5.800973531953594e-11,-5.800973745349056e-11,-5.8009735396745546e-11,-5.800973538915942e-11,-5.800973542551944e-11,-5.80097353105236e-11,-5.800973536637816e-11,-5.8009735376248347e-11,-5.800973534408662e-11,-7.99633042649838e-08,-5.800973533272068e-11,-5.8009735341211005e-11,-5.80097353787704e-11,-5.800973531212939e-11,-5.8009737606882484e-11,-5.800973542551944e-11,-1.152570892411948e-07,-5.800973534408662e-11,-5.8009735351665695e-11,-5.800973534542998e-11,-5.800973538769739e-11,-5.8009735387295415e-11,-5.800973534542998e-11,5.87487199108343e-18,-5.800973540542738e-11,-5.800973540029332e-11,-5.8009735313927215e-11,-5.8009735316248155e-11,5.929205912654891e-18,-5.800973537200232e-11,6.502966137924494e-18,-5.800973538988531e-11,-5.8009735396745546e-11,-5.800973534156849e-11
0.9999918562397352,0.9999917005207055,0.999991700520718,0.9999917005207187,0.9999917005207193,0.999991700520718,0.9999917005207184,0.9999917357739591,0.9999917005207187,0.9999917357739586,0.9999917005207184,0.9999917357739591,0.999991700520718,0.9999917005207194,0.9999917005207184,0.9999917005207184,0.9999917005207184,0.9999917005207184,0.9999917005207194,-5.800973533272068e-11,0.9999916205576385,0.9999917005207193,0.9999917005207196,0.999991700520718,0.9999917357739597,0.9999917005207196,0.9999916929799962,0.9999917005207187,0.9999917005207194,0.9999917005207194,0.9999917005207174,0.9999917005207193,0.9999917005207196,-5.839887346791401e-11,0.999991700520718,0.9999917005207184,0.9999917005207174,0.9999917005207186,-5.839887377594032e-11,0.9999917005207187,-6.56934131343925e-11,0.9999917005207166,0.9999917005207193,0.9999917005207194
0.9999918562397363,0.9999917005207062,0.9999917005207193,0.9999917005207194,0.9999917005207205,0.9999917005207193,0.9999917005207193,0.9999917357739604,0.9999917005207194,0.9999917357739591,0.9999917005207193,0.9999917357739607,0.9999917005207193,0.9999917005207208,0.9999917005207201,0.9999917005207201,0.9999917005207184,0.9999917005207193,0.999991700520721,-5.8009735341211005e-11,0.9999917005207193,0.9999916205576409,0.99999170052072,0.9999917005207187,0.9999917357739604,0.9999917005207208,0.9999916929799975,0.9999917005207186,0.9999917005207208,0.999991700520721,0.9999917005207184,0.999991700520721,0.9999917005207208,-5.839887346103387e-11,0.9999917005207193,0.9999917005207193,0.9999917005207187,0.9999917005207196,-5.83988737752807e-11,0.9999917005207203,-6.569341303659494e-11,0.999991700520718,0.9999917005207201,0.9999917005207205
0.9999918562397355,0.9999917005207055,0.9999917005207187,0.9999917005207187,0.9999917005207196,0.9999917005207186,0.9999917005207193,0.9999917357739598,0.9999917005207193,0.9999917357739595,0.9999917005207196,0.9999917357739604,0.9999917005207184,0.9999917005207201,0.9999917005207187,0.9999917005207187,0.9999917005207184,0.9999917005207181,0.9999917005207201,-5.80097353787704e-11,0.9999917005207196,0.99999170052072,0.9999916205576411,0.9999917005207187,0.9999917357739604,0.9999917005207208,0.999991692979997,0.999991700520718,0.9999917005207201,0.9999917005207201,0.9999917005207173,0.9999917005207201,0.9999917005207201,-5.839887348063248e-11,0.9999917005207184,0.9999917005207187,0.9999917005207184,0.9999917005207193,-5.839887377592041e-11,0.9999917005207193,-6.569341306365671e-11,0.9999917005207184,0.9999917005207201,0.9999917005207205
0.9999918562397383,0.9999917005207056,0.9999917005207184,0.9999917005207173,0.999991700520718,0.9999917005207173,0.9999917005207166,0.9999917357739595,0.9999917005207174,0.9999917357739597,0.9999917005207186,0.9999917357739595,0.9999917005207174,0.999991700520719,0.9999917005207174,0.9999917005207174,0.9999917005207173,0.9999917005207166,0.9999917005207193,-5.800973531212939e-11,0.999991700520718,0.9999917005207187,0.9999917005207187,0.9999916205576433,0.9999917357739598,0.9999917005207196,0.9999916929799959,0.9999917005207164,0.9999917005207193,0.9999917005207193,0.9999917005207161,0.999991700520719,0.9999917005207193,-5.839887347977639e-11,0.9999917005207174,0.9999917005207181,0.9999917005207166,0.9999917005207186,-5.839887377045815e-11,0.9999917005207184,-6.569341315362155e-11,0.9999917005207166,0.9999917005207187,0.9999917005207187
0.9999918914930619,0.9999917357739486,0.9999917357739591,0.9999917357739592,0.9999917357739607,0.9999917357739597,0.9999917357739595,0.9999917710272028,0.9999917357739604,0.9999917710272023,0.9999917357739604,0.9999917710272029,0.9999917357739595,0.9999917357739604,0.9999917357739598,0.9999917357739598,0.9999917357739586,0.9999917357739595,0.999991735773961,-5.8009737606882484e-11,0.9999917357739597,0.9999917357739604,0.9999917357739604,0.9999917357739598,0.9999916910641187,0.999991735773961,0.9999917282332368,0.9999917357739597,0.9999917357739604,0.999991735773961,0.9999917357739595,0.999991735773961,0.9999917357739607,-5.8398875500992e-11,0.9999917357739595,0.9999917357739591,0.9999917357739605,0.9999917357739598,-5.839887505931723e-11,0.9999917357739604,-1.305234689467403e-07,0.9999917357739598,0.9999917357739607,0.999991735773961
0.9999918562397355,0.9999917005207062,0.9999917005207193,0.9999917005207194,0.9999917005207203,0.9999917005207193,0.9999917005207193,0.9999917357739607,0.9999917005207196,0.9999917357739591,0.9999917005207194,0.9999917357739607,0.9999917005207187,0.9999917005207208,0.99999170052072,0.99999170052072,0.9999917005207184,0.9999917005207193,0.999991700520721,-5.800973542551944e-11,0.9999917005207196,0.9999917005207208,0.9999917005207208,0.9999917005207196,0.999991735773961,0.9999916205576405,0.9999916929799975,0.9999917005207184,0.9999917005207208,0.999991700520721,0.9999917005207184,0.9999917005207205,0.999991700520721,-5.83988734784608e-11,0.9999917005207187,0.9999917005207193,0.9999917005207187,0.9999917005207196,-5.839887378670528e-11,0.9999917005207201,-6.569341313496202e-11,0.999991700520718,0.9999917005207201,0.999991700520721
0.9999918486989957,0.9999916929799841,0.9999916929799955,0.9999916929799959,0.9999916929799971,0.9999916929799959,0.9999916929799959,0.9999917282332379,0.9999916929799959,0.9999917282332373,0.9999916929799966,0.9999917282332379,0.9999916929799959,0.9999916929799968,0.9999916929799968,0.9999916929799968,0.9999916929799946,0.9999916929799959,0.9999916929799975,-1.152570892411948e-07,0.9999916929799962,0.9999916929799975,0.999991692979997,0.9999916929799959,0.9999917282332368,0.9999916929799975,0.999991605476195,0.9999916929799952,0.9999916929799968,0.9999916929799975,0.9999916929799952,0.9999916929799971,0.999991692979997,-1.1603025109278838e-07,0.9999916929799959,0.9999916929799959,0.9999916929799955,0.9999916929799962,-1.1603025170727226e-07,0.9999916929799968,-1.3052346337392587e-07,0.9999916929799955,0.9999916929799968,0.9999916929799977
0.999991856239734,0.9999917005207049,0.9999917005207166,0.9999917005207166,0.9999917005207184,0.9999917005207166,0.9999917005207174,0.9999917357739595,0.9999917005207173,0.9999917357739586,0.9999917005207173,0.9999917357739595,0.9999917005207162,0.999991700520718,0.9999917005207174,0.9999917005207174,0.9999917005207162,0.9999917005207171,0.9999917005207184,-5.800973534408662e-11,0.9999917005207187,0.9999917005207186,0.999991700520718,0.9999917005207164,0.9999917357739597,0.9999917005207184,0.9999916929799952,0.9999916205576418,0.999991700520718,0.9999917005207184,0.9999917005207155,0.9999917005207184,0.999991700520718,-5.839887346888427e-11,0.9999917005207162,0.9999917005207173,0.9999917005207157,0.9999917005207184,-5.839887377887082e-11,0.999991700520718,-6.569341310507947e-11,0.9999917005207157,0.9999917005207187,0.9999917005207194
0.9999918562397352,0.9999917005207053,0.9999917005207184,0.9999917005207186,0.9999917005207201,0.9999917005207184,0.9999917005207193,0.9999917357739604,0.9999917005207196,0.9999917357739591,0.9999917005207194,0.9999917357739604,0.9999917005207184,0.99999170052072,0.9999917005207193,0.9999917005207193,0.9999917005207184,0.9999917005207193,0.9999917005207201,-5.8009735351665695e-11,0.9999917005207194,0.9999917005207208,0.9999917005207201,0.9999917005207193,0.9999917357739604,0.9999917005207208,0.9999916929799968,0.999991700520718,0.9999916205576408,0.9999917005207201,0.999991700520718,0.99999170052072,0.9999917005207201,-5.839887345697494e-11,0.9999917005207184,0.9999917005207186,0.9999917005207184,0.9999917005207193,-5.839887379134968e-11,0.9999917005207193,-6.569341319565487e-11,0.9999917005207174,0.9999917005207201,0.9999917005207205
0.9999918562397359,0.9999917005207053,0.9999917005207193,0.9999917005207186,0.99999170052072,0.9999917005207184,0.9999917005207193,0.9999917357739607,0.9999917005207196,0.9999917357739592,0.9999917005207196,0.9999917357739607,0.9999917005207193,0.9999917005207201,0.999991700520719,0.999991700520719,0.9999917005207184,0.9999917005207193,0.999991700520721,-5.800973534542998e-11,0.9999917005207194,0.999991700520721,0.9999917005207201,0.9999917005207193,0.999991735773961,0.999991700520721,0.9999916929799975,0.9999917005207184,0.9999917005207201,0.9999916205576402,0.9999917005207184,0.9999917005207208,0.9999917005207201,-5.839887346805899e-11,0.9999917005207193,0.9999917005207193,0.9999917005207187,0.9999917005207193,-5.839887377731258e-11,0.9999917005207201,-6.569341314555729e-11,0.9999917005207181,0.9999917005207201,0.9999917005207205
0.9999918562397336,0.9999917005207049,0.9999917005207162,0.9999917005207162,0.9999917005207171,0.9999917005207162,0.9999917005207166,0.9999917357739591,0.9999917005207164,0.9999917357739586,0.9999917005207174,0.9999917357739591,0.9999917005207164,0.9999917005207177,0.9999917005207162,0.9999917005207162,0.9999917005207157,0.9999917005207166,0.9999917005207184,-5.800973538769739e-11,0.9999917005207174,0.9999917005207184,0.9999917005207173,0.9999917005207161,0.9999917357739595,0.9999917005207184,0.9999916929799952,0.9999917005207155,0.999991700520718,0.9999917005207184,0.9999916205576376,0.9999917005207184,0.999991700520718,-5.839887347182734e-11,0.9999917005207164,0.9999917005207162,0.9999917005207157,0.9999917005207171,-5.839887378652723e-11,0.9999917005207166,-6.569341314007459e-11,0.9999917005207164,0.9999917005207184,0.9999917005207184
0.9999918562397359,0.9999917005207053,0.9999917005207193,0.9999917005207184,0.99999170052072,0.9999917005207184,0.9999917005207193,0.9999917357739607,0.9999917005207196,0.9999917357739591,0.9999917005207194,0.9999917357739607,0.9999917005207193,0.9999917005207201,0.999991700520719,0.999991700520719,0.9999917005207184,0.9999917005207193,0.9999917005207208,-5.8009735387295415e-11,0.9999917005207193,0.999991700520721,0.9999917005207201,0.999991700520719,0.999991735773961,0.9999917005207205,0.9999916929799971,0.9999917005207184,0.99999170052072,0.9999917005207208,0.9999917005207184,0.9999916205576405,0.99999170052072,-5.839887348106337e-11,0.9999917005207193,0.9999917005207193,0.9999917005207193,0.9999917005207201,-5.83988737741934e-11,0.9999917005207201,-6.569341310709279e-11,0.9999917005207181,0.9999917005207201,0.9999917005207205
0.9999918562397355,0.9999917005207053,0.9999917005207187,0.9999917005207196,0.9999917005207201,0.9999917005207184,0.9999917005207193,0.9999917357739602,0.9999917005207194,0.9999917357739595,0.9999917005207194,0.9999917357739612,0.9999917005207184,0.9999917005207201,0.9999917005207193,0.9999917005207193,0.9999917005207184,0.9999917005207193,0.99999170052072,-5.800973534542998e-11,0.9999917005207196,0.9999917005207208,0.9999917005207201,0.9999917005207193,0.9999917357739607,0.999991700520721,0.999991692979997,0.999991700520718,0.9999917005207201,0.9999917005207201,0.999991700520718,0.99999170052072,0.9999916205576408,-5.839887344253743e-11,0.9999917005207184,0.9999917005207187,0.9999917005207187,0.9999917005207193,-5.839887378214973e-11,0.9999917005207193,-6.569341314007459e-11,0.9999917005207181,0.9999917005207201,0.9999917005207205
-2.334298169708016e-06,-5.839887345332143e-11,-5.839887347169845e-11,-5.839887347540452e-11,-5.839887346469945e-11,-5.839887347167933e-11,-5.839887346615123e-11,-5.839887571776188e-11,-5.839887345635407e-11,-5.839887538919445e-11,-5.839887347182655e-11,-5.839887586601035e-11,-5.839887344771774e-11,-5.839887346266567e-11,-5.839887345766994e-11,-5.839887347654642e-11,-5.839887344318264e-11,-5.8398873469342e-11,-5.839887346569884e-11,5.87487199108343e-18,-5.839887346791401e-11,-5.839887346103387e-11,-5.839887348063248e-11,-5.839887347977639e-11,-5.8398875500992e-11,-5.83988734784608e-11,-1.1603025109278838e-07,-5.839887346888427e-11,-5.839887345697494e-11,-5.839887346805899e-11,-5.839887347182734e-11,-5.839887348106337e-11,-5.839887344253743e-11,-7.996329628423419e-08,-5.839887346612982e-11,-5.839887348045233e-11,-5.839887346807928e-11,-5.83988734721763e-11,1.3296559408304434e-14,-5.839887346417004e-11,1.4959432882061222e-14,-5.839887346725825e-11,-5.839887347207102e-11,-5.839887347149224e-11
0.9999918562397326,0.9999917005207049,0.9999917005207174,0.9999917005207184,0.999991700520718,0.9999917005207173,0.9999917005207184,0.9999917357739595,0.9999917005207184,0.9999917357739588,0.9999917005207181,0.9999917357739595,0.999991700520718,0.9999917005207184,0.9999917005207171,0.9999917005207171,0.9999917005207171,0.9999917005207184,0.9999917005207193,-5.800973540542738e-11,0.999991700520718,0.9999917005207193,0.9999917005207184,0.9999917005207174,0.9999917357739595,0.9999917005207187,0.9999916929799959,0.9999917005207162,0.9999917005207184,0.9999917005207193,0.9999917005207164,0.9999917005207193,0.9999917005207184,-5.839887346612982e-11,0.9999916205576387,0.9999917005207174,0.9999917005207168,0.9999917005207184,-5.839887378780303e-11,0.9999917005207187,-6.569341316676074e-11,0.9999917005207157,0.999991700520719,0.9999917005207187
0.9999918562397372,0.9999917005207049,0.9999917005207184,0.999991700520718,0.9999917005207193,0.9999917005207174,0.9999917005207177,0.9999917357739595,0.9999917005207186,0.9999917357739591,0.9999917005207187,0.9999917357739598,0.9999917005207174,0.9999917005207186,0.9999917005207184,0.9999917005207184,0.9999917005207177,0.9999917005207177,0.9999917005207193,-5.800973540029332e-11,0.9999917005207184,0.9999917005207193,0.9999917005207187,0.9999917005207181,0.9999917357739591,0.9999917005207193,0.9999916929799959,0.9999917005207173,0.9999917005207186,0.9999917005207193,0.9999917005207162,0.9999917005207193,0.9999917005207187,-5.839887348045233e-11,0.9999917005207174,0.9999916205576411,0.9999917005207164,0.9999917005207187,-5.83988737535168e-11,0.9999917005207187,-6.569341309133813e-11,0.9999917005207164,0.9999917005207193,0.9999917005207193
0.999991856239736,0.9999917005207046,0.9999917005207164,0.9999917005207166,0.999991700520718,0.9999917005207166,0.9999917005207171,0.9999917357739591,0.9999917005207174,0.9999917357739595,0.999991700520718,0.9999917357739595,0.9999917005207168,0.9999917005207184,0.9999917005207171,0.9999917005207171,0.9999917005207157,0.9999917005207171,0.9999917005207187,-5.8009735313927215e-11,0.9999917005207174,0.9999917005207187,0.9999917005207184,0.9999917005207166,0.9999917357739605,0.9999917005207187,0.9999916929799955,0.9999917005207157,0.9999917005207184,0.9999917005207187,0.9999917005207157,0.9999917005207193,0.9999917005207187,-5.839887346807928e-11,0.9999917005207168,0.9999917005207164,0.9999916205576366,0.9999917005207168,-5.839887379440747e-11,0.9999917005207174,-6.569341309889196e-11,0.9999917005207168,0.9999917005207186,0.999991700520719
0.9999918562397376,0.9999917005207056,0.9999917005207184,0.9999917005207181,0.9999917005207187,0.9999917005207184,0.9999917005207184,0.9999917357739595,0.9999917005207194,0.9999917357739592,0.9999917005207187,0.9999917357739595,0.9999917005207184,0.9999917005207193,0.9999917005207184,0.9999917005207184,0.9999917005207181,0.9999917005207184,0.9999917005207193,-5.8009735316248155e-11,0.9999917005207186,0.9999917005207196,0.9999917005207193,0.9999917005207186,0.9999917357739598,0.9999917005207196,0.9999916929799962,0.9999917005207184,0.9999917005207193,0.9999917005207193,0.9999917005207171,0.9999917005207201,0.9999917005207193,-5.83988734721763e-11,0.9999917005207184,0.9999917005207187,0.9999917005207168,0.9999916205576448,-5.839887380261212e-11,0.9999917005207194,-6.569341303879867e-11,0.9999917005207171,0.9999917005207201,0.9999917005207201
-2.3342981697306894e-06,-5.839887378366488e-11,-5.839887379319032e-11,-5.83988737610424e-11,-5.839887378447916e-11,-5.839887377651605e-11,-5.83988737780916e-11,-5.839887602356865e-11,-5.839887380289229e-11,-5.839887602356865e-11,-5.839887376098135e-11,-5.839887594167309e-11,-5.839887377613573e-11,-5.839887378047011e-11,-5.839887380580932e-11,-5.839887378653898e-11,-5.83988737884379e-11,-5.839887380708458e-11,-5.839887378031079e-11,5.929205912654891e-18,-5.839887377594032e-11,-5.83988737752807e-11,-5.839887377592041e-11,-5.839887377045815e-11,-5.839887505931723e-11,-5.839887378670528e-11,-1.1603025170727226e-07,-5.839887377887082e-11,-5.839887379134968e-11,-5.839887377731258e-11,-5.839887378652723e-11,-5.83988737741934e-11,-5.839887378214973e-11,1.3296559408304434e-14,-5.839887378780303e-11,-5.83988737535168e-11,-5.839887379440747e-11,-5.839887380261212e-11,-7.996329628423419e-08,-5.839887377652931e-11,1.495943274466269e-14,-5.839887375352691e-11,-5.839887378670528e-11,-5.839887378874484e-11
0.9999918562397326,0.9999917005207049,0.9999917005207184,0.9999917005207187,0.99999170052072,0.9999917005207186,0.9999917005207187,0.9999917357739604,0.9999917005207187,0.9999917357739607,0.9999917005207187,0.9999917357739612,0.9999917005207187,0.9999917005207193,0.9999917005207194,0.9999917005207194,0.999991700520718,0.9999917005207187,0.9999917005207201,-5.800973537200232e-11,0.9999917005207187,0.9999917005207203,0.9999917005207193,0.9999917005207184,0.9999917357739604,0.9999917005207201,0.9999916929799968,0.999991700520718,0.9999917005207193,0.9999917005207201,0.9999917005207166,0.9999917005207201,0.9999917005207193,-5.839887346417004e-11,0.9999917005207187,0.9999917005207187,0.9999917005207174,0.9999917005207194,-5.839887377652931e-11,0.9999916205576365,-6.56934131414178e-11,0.9999917005207166,0.9999917005207194,0.9999917005207205
-2.348791414846065e-06,-6.56934129782217e-11,-6.569341321032464e-11,-6.569341313932166e-11,-6.569341314855074e-11,-6.569341305966302e-11,-6.569341312855324e-11,-1.3052346894674023e-07,-6.56934131067195e-11,-1.3052346894674012e-07,-6.569341314512759e-11,-1.3052346894674015e-07,-6.569341309885309e-11,-6.569341307677938e-11,-6.569341312757531e-11,-6.569341308277358e-11,-6.569341299953001e-11,-6.569341307456715e-11,-6.569341306156606e-11,6.502966137924494e-18,-6.56934131343925e-11,-6.569341303659494e-11,-6.569341306365671e-11,-6.569341315362155e-11,-1.305234689467403e-07,-6.569341313496202e-11,-1.3052346337392587e-07,-6.569341310507947e-11,-6.569341319565487e-11,-6.569341314555729e-11,-6.569341314007459e-11,-6.569341310709279e-11,-6.569341314007459e-11,1.4959432882061222e-14,-6.569341316676074e-11,-6.569341309133813e-11,-6.569341309889196e-11,-6.569341303879867e-11,1.495943274466269e-14,-6.56934131414178e-11,-7.9963294720394e-08,-6.569341315125222e-11,-6.569341315885747e-11,-6.569341310332585e-11
0.9999918562397332,0.9999917005207049,0.9999917005207164,0.9999917005207171,0.9999917005207168,0.9999917005207161,0.9999917005207166,0.9999917357739591,0.9999917005207171,0.9999917357739588,0.9999917005207168,0.9999917357739592,0.9999917005207157,0.9999917005207174,0.9999917005207161,0.9999917005207161,0.9999917005207161,0.9999917005207166,0.9999917005207181,-5.800973538988531e-11,0.9999917005207166,0.999991700520718,0.9999917005207184,0.9999917005207166,0.9999917357739598,0.999991700520718,0.9999916929799955,0.9999917005207157,0.9999917005207174,0.9999917005207181,0.9999917005207164,0.9999917005207181,0.9999917005207181,-5.839887346725825e-11,0.9999917005207157,0.9999917005207164,0.9999917005207168,0.9999917005207171,-5.839887375352691e-11,0.9999917005207166,-6.569341315125222e-11,0.9999916205576441,0.999991700520718,0.9999917005207184
0.9999918562397352,0.999991700520706,0.9999917005207193,0.9999917005207193,0.9999917005207201,0.999991700520719,0.9999917005207194,0.9999917357739595,0.9999917005207194,0.9999917357739591,0.9999917005207194,0.9999917357739602,0.999991700520719,0.9999917005207201,0.9999917005207193,0.9999917005207193,0.9999917005207187,0.9999917005207194,0.9999917005207201,-5.8009735396745546e-11,0.9999917005207193,0.9999917005207201,0.9999917005207201,0.9999917005207187,0.9999917357739607,0.9999917005207201,0.9999916929799968,0.9999917005207187,0.9999917005207201,0.9999917005207201,0.9999917005207184,0.9999917005207201,0.9999917005207201,-5.839887347207102e-11,0.999991700520719,0.9999917005207193,0.9999917005207186,0.9999917005207201,-5.839887378670528e-11,0.9999917005207194,-6.569341315885747e-11,0.999991700520718,0.9999916205576371,0.9999917005207196
0.9999918562397355,0.9999917005207062,0.9999917005207193,0.9999917005207193,0.9999917005207203,0.999991700520719,0.9999917005207194,0.9999917357739598,0.9999917005207193,0.9999917357739595,0.9999917005207193,0.9999917357739607,0.9999917005207187,0.9999917005207205,0.99999170052072,0.99999170052072,0.9999917005207184,0.9999917005207194,0.9999917005207205,-5.800973534156849e-11,0.9999917005207194,0.9999917005207205,0.9999917005207205,0.9999917005207187,0.999991735773961,0.999991700520721,0.9999916929799977,0.9999917005207194,0.9999917005207205,0.9999917005207205,0.9999917005207184,0.9999917005207205,0.9999917005207205,-5.839887347149224e-11,0.9999917005207187,0.9999917005207193,0.999991700520719,0.9999917005207201,-5.839887378874484e-11,0.9999917005207205,-6.569341310332585e-11,0.9999917005207184,0.9999917005207196,0.9999916205576405
