0.9999999790026576,0.9999780838480719,0.9999786474387892,-1.3375688020584962e-05,0.9999774300091839,-1.014294811552771e-05,0.9999774300091876,-1.4099102405029359e-05,0.9999774300091843,0.9999780838480785,0.999977430009189,0.999977430009191,0.999977430009191,0.9999774300091927,0.9999780838480784,0.9999774300091904,0.9999774300091927,0.9999774300091858,0.9999774300091917,0.9999774300091855,0.9999774300091907,0.999977430009191,0.999978083848073,-1.0142322250590005e-05,0.9999774300091812,0.9999774300091883,0.99997743000919,-1.0143105831678096e-05,-1.4099102404796214e-05,-1.0142438589835486e-05,0.999977430009191,0.9999780838480838,0.9999774300091934,0.9999774300091913,0.9999774300091913,0.999977430009191,0.9999774300091879,0.9999774300091846,0.999977430009189,0.9999774300091895,-1.014232224795912e-05,-1.0142322251636143e-05,0.9999774300091927,0.999977430009191,0.999977430009193,0.999977430009193,0.999977430009193,0.999977430009191,0.9999773997728154,0.999977430009189,0.9999774300091869,-1.0142770847620087e-05,0.999977430009191,0.9999780838480784
0.9999780838480719,0.9999770096896365,0.9999819242569769,-1.8590986854797186e-09,0.9999807068361543,-2.34150526204286e-10,0.9999807068361531,-2.222725328290806e-09,0.9999807068361537,0.9999813606704187,0.9999807068361523,0.9999807068361533,0.9999807068361531,0.9999807068361538,0.9999813606704183,0.9999807068361535,0.9999807068361531,0.9999807068361543,0.9999807068361531,0.9999807068361533,0.9999807068361535,0.9999807068361527,0.9999813606704187,-2.3383603477969943e-10,0.9999807068361538,0.9999807068361529,0.9999807068361546,-2.3422981462541186e-10,-2.2227253278718036e-09,-2.3389449978801314e-10,0.9999807068361544,0.9999813606704192,0.9999807068361546,0.9999807068361538,0.9999807068361531,0.9999807068361543,0.9999807068361527,0.999980706836154,0.9999807068361543,0.9999807068361555,-2.338360336859603e-10,-2.338360347476295e-10,0.9999807068361538,0.9999807068361531,0.9999807068361544,0.9999807068361549,0.9999807068361543,0.9999807068361549,0.9999806765999784,0.9999807068361543,0.9999807068361543,-2.3406148853510086e-10,0.9999807068361527,0.999981360670418
0.9999786474387892,0.9999819242569769,0.9999781368631057,-1.8590997275509194e-09,0.9999812704223661,-2.341506129489935e-10,0.9999812704223653,-4.421956763324277e-06,0.9999812704223657,0.999981924256979,0.9999812704223645,0.9999812704223645,0.9999812704223661,0.9999812704223666,0.9999819242569778,0.9999812704223645,0.9999812704223648,0.9999812704223657,0.9999812704223648,0.9999812704223645,0.9999812704223648,0.9999812704223648,0.9999819242569784,-2.338361969411223e-10,0.9999812704223643,0.9999812704223653,0.9999812704223648,-2.3422990892578194e-10,-4.421956763458649e-06,-2.338946499314477e-10,0.9999812704223661,0.9999819242569794,0.9999812704223661,0.9999812704223664,0.9999812704223664,0.9999812704223661,0.9999812704223641,0.9999812704223652,0.9999812704223655,0.9999812704223668,-2.3383619576818304e-10,-2.3383619677945435e-10,0.9999812704223664,0.9999812704223661,0.9999812704223661,0.9999812704223661,0.9999812704223661,0.9999812704223664,0.9999812401861734,0.9999812704223653,0.9999812704223657,-2.3406162015518177e-10,0.9999812704223653,0.9999819242569778
-1.3375688020584962e-05,-1.8590986854797186e-09,-1.8590997275509194e-09,-4.350968362182702e-06,-3.698542489563551e-06,8.390419499585285e-16,-3.698542489563551e-06,1.637968546036794e-11,-3.698542489563551e-06,-1.8590986855070652e-09,-3.6985424895635498e-06,-3.698542489563551e-06,-3.6985424895635498e-06,-3.6985424895635557e-06,-1.8590986854926145e-09,-3.698542489563551e-06,-3.698542489563553e-06,-3.6985424895635557e-06,-3.6985424895635498e-06,-3.6985424895635485e-06,-3.698542489563551e-06,-3.6985424895635553e-06,-1.859098685495204e-09,8.865440818562322e-16,-3.698542489563553e-06,-3.6985424895635536e-06,-3.6985424895635536e-06,8.442552440634144e-16,1.6379685460518035e-11,8.791522822816304e-16,-3.6985424895635557e-06,-1.8590986854651e-09,-3.6985424895635557e-06,-3.6985424895635553e-06,-3.6985424895635553e-06,-3.6985424895635557e-06,-3.6985424895635506e-06,-3.698542489563551e-06,-3.698542489563551e-06,-3.6985424895635574e-06,8.861134424963011e-16,8.864077114758113e-16,-3.6985424895635557e-06,-3.6985424895635557e-06,-3.698542489563558e-06,-3.6985424895635553e-06,-3.6985424895635557e-06,-3.698542489563553e-06,-3.698542376820634e-06,-3.698542489563551e-06,-3.6985424895635536e-06,8.678403745044201e-16,-3.6985424895635553e-06,-1.8590986854475791e-09
0.9999774300091839,0.9999807068361543,0.9999812704223661,-3.698542489563551e-06,0.9999757020214837,-2.341503435644188e-10,0.9999800530023044,-4.421951422204259e-06,0.9999800530023056,0.9999807068361581,0.9999800530023044,0.9999800530023052,0.9999800530023052,0.9999800530023052,0.999980706836158,0.9999800530023046,0.9999800530023052,0.9999800530023063,0.9999800530023052,0.9999800530023051,0.9999800530023049,0.9999800530023052,0.9999807068361581,-2.338359050889254e-10,0.9999800530023049,0.9999800530023057,0.9999800530023056,-2.342296372286486e-10,-4.421951422338636e-06,-2.3389436153244353e-10,0.9999800530023069,0.9999807068361574,0.9999800530023052,0.9999800530023052,0.9999800530023052,0.9999800530023069,0.9999800530023046,0.9999800530023052,0.9999800530023063,0.9999800530023067,-2.338359039833534e-10,-2.338359049901189e-10,0.9999800530023052,0.9999800530023052,0.999980053002306,0.9999800530023056,0.9999800530023056,0.9999800530023056,0.9999800227661484,0.9999800530023063,0.9999800530023049,-2.340613370113662e-10,0.9999800530023052,0.9999807068361577
-1.014294811552771e-05,-2.34150526204286e-10,-2.341506129489935e-10,8.390419499585285e-16,-2.341503435644188e-10,-4.350973340177365e-06,-2.3415034361123484e-10,1.0482240139674773e-15,-2.3415034360532453e-10,-2.341505261008423e-10,-2.341503435910947e-10,-2.341503435959677e-10,-2.341503435829913e-10,-2.3415034360555066e-10,-2.34150526067923e-10,-2.341503435910947e-10,-2.341503435884422e-10,-2.34150343570489e-10,-2.3415034356881665e-10,-2.341503435618594e-10,-2.3415034358446246e-10,-2.3415034358096747e-10,-2.3415052598965137e-10,-3.003879092428196e-15,-2.341503435738483e-10,-2.341503436030327e-10,-2.341503436050807e-10,7.279312374002941e-12,1.0483861499929375e-15,-3.5828558400204415e-12,-2.3415034358035774e-10,-2.34150526067923e-10,-2.341503435849322e-10,-2.3415034353211444e-10,-2.3415034361144215e-10,-2.341503435851111e-10,-2.341503436015956e-10,-2.341503435851111e-10,-2.3415034358096747e-10,-2.341503435673487e-10,-3.003879092428196e-15,-3.0038790924294348e-15,-2.341503436110882e-10,-2.3415034357189263e-10,-2.341503435629226e-10,-2.3415034360242143e-10,-2.3415034358654737e-10,-2.3415034358530717e-10,-4.658256496488775e-07,-2.3415034358506884e-10,-2.341503435858562e-10,6.63076251851686e-14,-2.3415034353211444e-10,-2.341505260416243e-10
0.9999774300091876,0.9999807068361531,0.9999812704223653,-3.698542489563551e-06,0.9999800530023044,-2.3415034361123484e-10,0.9999757020214874,-4.421951422204252e-06,0.9999800530023036,0.9999807068361564,0.9999800530023044,0.9999800530023039,0.9999800530023042,0.9999800530023042,0.9999807068361564,0.9999800530023052,0.999980053002304,0.9999800530023049,0.999980053002304,0.9999800530023036,0.9999800530023056,0.999980053002304,0.9999807068361566,-2.338359051121029e-10,0.9999800530023056,0.9999800530023052,0.999980053002306,-2.342296372568629e-10,-4.421951422338631e-06,-2.338943615761228e-10,0.9999800530023051,0.9999807068361563,0.9999800530023044,0.9999800530023052,0.9999800530023052,0.9999800530023051,0.9999800530023036,0.9999800530023044,0.9999800530023049,0.9999800530023063,-2.3383590401587407e-10,-2.3383590498820073e-10,0.9999800530023042,0.9999800530023042,0.999980053002306,0.9999800530023062,0.999980053002306,0.9999800530023069,0.9999800227661488,0.9999800530023049,0.9999800530023052,-2.3406133701145894e-10,0.9999800530023042,0.9999807068361563
-1.4099102405029359e-05,-2.222725328290806e-09,-4.421956763324277e-06,1.637968546036794e-11,-4.421951422204259e-06,1.0482240139674773e-15,-4.421951422204252e-06,-4.350962503645923e-06,-4.421951422204258e-06,-2.222725328290808e-09,-4.421951422204252e-06,-4.421951422204256e-06,-4.4219514222042564e-06,-4.4219514222042564e-06,-2.222725328290806e-09,-4.421951422204256e-06,-4.4219514222042564e-06,-4.4219514222042564e-06,-4.421951422204256e-06,-4.421951422204248e-06,-4.421951422204251e-06,-4.4219514222042564e-06,-2.222725328457842e-09,1.025981221136632e-15,-4.421951422204254e-06,-4.421951422204258e-06,-4.421951422204256e-06,1.0463798306688001e-15,1.9568900240840106e-11,1.0299178977512855e-15,-4.421951422204257e-06,-2.222725328457842e-09,-4.421951422204258e-06,-4.421951422204256e-06,-4.421951422204256e-06,-4.421951422204257e-06,-4.421951422204253e-06,-4.4219514222042564e-06,-4.4219514222042564e-06,-4.42195142220426e-06,1.0260614355815201e-15,1.0259519637589467e-15,-4.4219514222042564e-06,-4.421951422204256e-06,-4.421951422204261e-06,-4.421951422204258e-06,-4.421951422204258e-06,-4.421951422204258e-06,-4.4219512894963325e-06,-4.42195142220426e-06,-4.421951422204251e-06,1.0356521794856512e-15,-4.4219514222042564e-06,-2.222725328290806e-09
0.9999774300091843,0.9999807068361537,0.9999812704223657,-3.698542489563551e-06,0.9999800530023056,-2.3415034360532453e-10,0.9999800530023036,-4.421951422204258e-06,0.9999757020214906,0.9999807068361577,0.9999800530023042,0.9999800530023052,0.9999800530023051,0.9999800530023052,0.9999807068361575,0.9999800530023042,0.9999800530023052,0.9999800530023065,0.9999800530023049,0.9999800530023034,0.9999800530023044,0.9999800530023049,0.9999807068361584,-2.33835905109944e-10,0.9999800530023049,0.9999800530023052,0.9999800530023044,-2.342296372709435e-10,-4.421951422338634e-06,-2.3389436152509656e-10,0.999980053002306,0.999980706836156,0.9999800530023052,0.9999800530023054,0.9999800530023052,0.999980053002306,0.9999800530023046,0.9999800530023052,0.9999800530023052,0.9999800530023063,-2.338359040168311e-10,-2.338359049729838e-10,0.9999800530023052,0.9999800530023052,0.9999800530023063,0.9999800530023052,0.9999800530023052,0.9999800530023052,0.9999800227661484,0.9999800530023052,0.9999800530023051,-2.340613369743744e-10,0.9999800530023049,0.9999807068361574
0.9999780838480785,0.9999813606704187,0.999981924256979,-1.8590986855070652e-09,0.9999807068361581,-2.341505261008423e-10,0.9999807068361564,-2.222725328290808e-09,0.9999807068361577,0.9999770096896365,0.9999807068361563,0.9999807068361577,0.9999807068361558,0.9999807068361558,0.9999813606704212,0.9999807068361569,0.9999807068361563,0.9999807068361575,0.9999807068361563,0.9999807068361558,0.9999807068361566,0.9999807068361563,0.9999813606704223,-2.3383603477969943e-10,0.9999807068361575,0.9999807068361569,0.9999807068361575,-2.3422981470033953e-10,-2.2227253278718036e-09,-2.338945000534746e-10,0.9999807068361589,0.9999813606704219,0.9999807068361574,0.9999807068361563,0.9999807068361563,0.9999807068361589,0.9999807068361571,0.9999807068361575,0.9999807068361584,0.9999807068361584,-2.3383603358599007e-10,-2.338360347476295e-10,0.9999807068361558,0.999980706836156,0.9999807068361589,0.9999807068361577,0.9999807068361577,0.9999807068361577,0.9999806765999815,0.9999807068361584,0.9999807068361569,-2.3406148849376613e-10,0.999980706836156,0.9999813606704211
0.999977430009189,0.9999807068361523,0.9999812704223645,-3.6985424895635498e-06,0.9999800530023044,-2.341503435910947e-10,0.9999800530023044,-4.421951422204252e-06,0.9999800530023042,0.9999807068361563,0.9999757020214859,0.9999800530023046,0.9999800530023036,0.9999800530023049,0.9999807068361549,0.9999800530023049,0.9999800530023051,0.9999800530023044,0.9999800530023051,0.9999800530023033,0.999980053002304,0.9999800530023049,0.9999807068361563,-2.3383590512428513e-10,0.9999800530023051,0.9999800530023049,0.9999800530023056,-2.3422963724375146e-10,-4.421951422338634e-06,-2.338943615453531e-10,0.9999800530023046,0.9999807068361563,0.999980053002306,0.9999800530023052,0.9999800530023051,0.9999800530023046,0.9999800530023036,0.9999800530023034,0.9999800530023052,0.9999800530023052,-2.3383590403923085e-10,-2.3383590498153304e-10,0.9999800530023049,0.9999800530023051,0.999980053002306,0.9999800530023056,0.9999800530023056,0.999980053002306,0.9999800227661481,0.9999800530023054,0.9999800530023049,-2.340613369601152e-10,0.9999800530023051,0.9999807068361549
0.999977430009191,0.9999807068361533,0.9999812704223645,-3.698542489563551e-06,0.9999800530023052,-2.341503435959677e-10,0.9999800530023039,-4.421951422204256e-06,0.9999800530023052,0.9999807068361577,0.9999800530023046,0.9999757020214967,0.9999800530023044,0.9999800530023046,0.999980706836158,0.9999800530023046,0.9999800530023052,0.9999800530023063,0.9999800530023044,0.9999800530023036,0.9999800530023049,0.9999800530023044,0.9999807068361581,-2.338359051254379e-10,0.9999800530023044,0.9999800530023056,0.9999800530023049,-2.342296372311597e-10,-4.421951422338634e-06,-2.3389436152175615e-10,0.9999800530023057,0.9999807068361568,0.9999800530023052,0.9999800530023054,0.9999800530023052,0.9999800530023056,0.9999800530023044,0.9999800530023052,0.9999800530023052,0.9999800530023056,-2.3383590402875787e-10,-2.3383590498983617e-10,0.9999800530023046,0.9999800530023052,0.999980053002306,0.9999800530023056,0.9999800530023056,0.9999800530023054,0.9999800227661481,0.9999800530023052,0.9999800530023044,-2.340613370420361e-10,0.9999800530023044,0.999980706836158
0.999977430009191,0.9999807068361531,0.9999812704223661,-3.6985424895635498e-06,0.9999800530023052,-2.341503435829913e-10,0.9999800530023042,-4.4219514222042564e-06,0.9999800530023051,0.9999807068361558,0.9999800530023036,0.9999800530023044,0.9999757020214881,0.9999800530023044,0.9999807068361563,0.9999800530023044,0.9999800530023046,0.9999800530023052,0.9999800530023046,0.9999800530023029,0.999980053002304,0.9999800530023046,0.9999807068361569,-2.338359050815355e-10,0.9999800530023039,0.9999800530023056,0.9999800530023049,-2.3422963723863653e-10,-4.421951422338636e-06,-2.3389436152175615e-10,0.9999800530023056,0.9999807068361563,0.9999800530023052,0.9999800530023052,0.9999800530023052,0.9999800530023056,0.999980053002304,0.9999800530023049,0.9999800530023052,0.999980053002306,-2.3383590406124844e-10,-2.338359050082466e-10,0.9999800530023044,0.9999800530023052,0.9999800530023056,0.9999800530023051,0.9999800530023049,0.9999800530023051,0.9999800227661477,0.9999800530023052,0.9999800530023044,-2.340613370452044e-10,0.9999800530023044,0.9999807068361563
0.9999774300091927,0.9999807068361538,0.9999812704223666,-3.6985424895635557e-06,0.9999800530023052,-2.3415034360555066e-10,0.9999800530023042,-4.4219514222042564e-06,0.9999800530023052,0.9999807068361558,0.9999800530023049,0.9999800530023046,0.9999800530023044,0.9999757020214805,0.999980706836156,0.9999800530023049,0.9999800530023052,0.9999800530023054,0.9999800530023052,0.9999800530023033,0.9999800530023044,0.9999800530023049,0.9999807068361569,-2.3383590513251294e-10,0.999980053002304,0.9999800530023056,0.9999800530023046,-2.3422963724905105e-10,-4.421951422338636e-06,-2.3389436152509656e-10,0.9999800530023056,0.9999807068361563,0.9999800530023052,0.9999800530023052,0.9999800530023052,0.9999800530023056,0.999980053002304,0.9999800530023049,0.9999800530023049,0.9999800530023063,-2.338359040303611e-10,-2.3383590499394095e-10,0.9999800530023052,0.9999800530023052,0.9999800530023056,0.9999800530023051,0.9999800530023051,0.9999800530023051,0.9999800227661475,0.9999800530023049,0.9999800530023044,-2.3406133702471937e-10,0.9999800530023049,0.9999807068361558
0.9999780838480784,0.9999813606704183,0.9999819242569778,-1.8590986854926145e-09,0.999980706836158,-2.34150526067923e-10,0.9999807068361564,-2.222725328290806e-09,0.9999807068361575,0.9999813606704212,0.9999807068361549,0.999980706836158,0.9999807068361563,0.999980706836156,0.9999770096896399,0.9999807068361574,0.9999807068361575,0.9999807068361571,0.9999807068361575,0.9999807068361551,0.9999807068361568,0.9999807068361569,0.9999813606704219,-2.3383603465081554e-10,0.9999807068361563,0.9999807068361574,0.9999807068361586,-2.342298144907005e-10,-2.2227253278718036e-09,-2.338945000534746e-10,0.9999807068361581,0.9999813606704211,0.9999807068361577,0.9999807068361577,0.9999807068361577,0.9999807068361581,0.9999807068361574,0.9999807068361577,0.9999807068361577,0.9999807068361577,-2.338360337068536e-10,-2.3383603462287694e-10,0.999980706836156,0.9999807068361577,0.9999807068361584,0.9999807068361586,0.9999807068361586,0.9999807068361571,0.9999806765999821,0.9999807068361577,0.9999807068361563,-2.340614884782034e-10,0.9999807068361575,0.9999813606704211
0.9999774300091904,0.9999807068361535,0.9999812704223645,-3.698542489563551e-06,0.9999800530023046,-2.341503435910947e-10,0.9999800530023052,-4.421951422204256e-06,0.9999800530023042,0.9999807068361569,0.9999800530023049,0.9999800530023046,0.9999800530023044,0.9999800530023049,0.9999807068361574,0.9999757020214874,0.9999800530023046,0.9999800530023049,0.9999800530023044,0.9999800530023044,0.9999800530023044,0.9999800530023046,0.9999807068361586,-2.3383590512996046e-10,0.999980053002304,0.9999800530023052,0.9999800530023049,-2.3422963724905105e-10,-4.4219514223386365e-06,-2.338943615730492e-10,0.9999800530023056,0.9999807068361558,0.9999800530023049,0.9999800530023046,0.9999800530023046,0.9999800530023056,0.999980053002304,0.9999800530023042,0.9999800530023051,0.9999800530023063,-2.3383590398427463e-10,-2.338359050082466e-10,0.9999800530023049,0.9999800530023044,0.9999800530023051,0.9999800530023052,0.9999800530023052,0.9999800530023056,0.9999800227661483,0.9999800530023049,0.9999800530023044,-2.340613370246025e-10,0.9999800530023046,0.9999807068361574
0.9999774300091927,0.9999807068361531,0.9999812704223648,-3.698542489563553e-06,0.9999800530023052,-2.341503435884422e-10,0.999980053002304,-4.4219514222042564e-06,0.9999800530023052,0.9999807068361563,0.9999800530023051,0.9999800530023052,0.9999800530023046,0.9999800530023052,0.9999807068361575,0.9999800530023046,0.9999757020214869,0.9999800530023054,0.9999800530023044,0.9999800530023034,0.9999800530023039,0.9999800530023044,0.9999807068361586,-2.3383590510793523e-10,0.9999800530023036,0.9999800530023052,0.9999800530023052,-2.342296372590819e-10,-4.421951422338635e-06,-2.338943615203243e-10,0.9999800530023057,0.9999807068361563,0.9999800530023052,0.9999800530023051,0.9999800530023051,0.9999800530023057,0.999980053002304,0.9999800530023052,0.9999800530023049,0.9999800530023063,-2.3383590401827155e-10,-2.338359049816201e-10,0.9999800530023052,0.9999800530023051,0.9999800530023057,0.9999800530023051,0.9999800530023051,0.9999800530023052,0.9999800227661484,0.9999800530023049,0.9999800530023054,-2.340613370452044e-10,0.9999800530023044,0.9999807068361569
0.9999774300091858,0.9999807068361543,0.9999812704223657,-3.6985424895635557e-06,0.9999800530023063,-2.34150343570489e-10,0.9999800530023049,-4.4219514222042564e-06,0.9999800530023065,0.9999807068361575,0.9999800530023044,0.9999800530023063,0.9999800530023052,0.9999800530023054,0.9999807068361571,0.9999800530023049,0.9999800530023054,0.9999757020214912,0.9999800530023052,0.9999800530023036,0.9999800530023044,0.9999800530023052,0.9999807068361581,-2.3383590507506116e-10,0.9999800530023044,0.999980053002306,0.9999800530023054,-2.342296372479526e-10,-4.4219514223386365e-06,-2.338943615317961e-10,0.9999800530023069,0.9999807068361577,0.9999800530023063,0.999980053002306,0.999980053002306,0.9999800530023069,0.9999800530023056,0.9999800530023057,0.999980053002306,0.9999800530023065,-2.338359039720984e-10,-2.3383590493892305e-10,0.9999800530023054,0.999980053002306,0.999980053002306,0.999980053002306,0.999980053002306,0.999980053002306,0.9999800227661492,0.999980053002306,0.9999800530023051,-2.3406133702170926e-10,0.9999800530023052,0.9999807068361569
0.9999774300091917,0.9999807068361531,0.9999812704223648,-3.6985424895635498e-06,0.9999800530023052,-2.3415034356881665e-10,0.999980053002304,-4.421951422204256e-06,0.9999800530023049,0.9999807068361563,0.9999800530023051,0.9999800530023044,0.9999800530023046,0.9999800530023052,0.9999807068361575,0.9999800530023044,0.9999800530023044,0.9999800530023052,0.9999757020214878,0.9999800530023033,0.9999800530023039,0.9999800530023044,0.9999807068361586,-2.338359051015554e-10,0.9999800530023036,0.9999800530023052,0.9999800530023049,-2.342296371970311e-10,-4.421951422338635e-06,-2.3389436153306567e-10,0.9999800530023052,0.9999807068361563,0.9999800530023052,0.9999800530023051,0.9999800530023051,0.9999800530023052,0.9999800530023036,0.9999800530023051,0.9999800530023049,0.9999800530023063,-2.3383590402241494e-10,-2.338359049979428e-10,0.9999800530023051,0.9999800530023049,0.9999800530023056,0.9999800530023051,0.9999800530023051,0.9999800530023051,0.9999800227661477,0.9999800530023049,0.9999800530023044,-2.3406133703831646e-10,0.9999800530023044,0.9999807068361569
0.9999774300091855,0.9999807068361533,0.9999812704223645,-3.6985424895635485e-06,0.9999800530023051,-2.341503435618594e-10,0.9999800530023036,-4.421951422204248e-06,0.9999800530023034,0.9999807068361558,0.9999800530023033,0.9999800530023036,0.9999800530023029,0.9999800530023033,0.9999807068361551,0.9999800530023044,0.9999800530023034,0.9999800530023036,0.9999800530023033,0.9999757020214896,0.9999800530023046,0.9999800530023034,0.9999807068361563,-2.338359051121522e-10,0.9999800530023046,0.9999800530023046,0.9999800530023054,-2.3422963719392313e-10,-4.421951422338635e-06,-2.3389436152509656e-10,0.9999800530023046,0.9999807068361555,0.9999800530023044,0.9999800530023044,0.9999800530023034,0.9999800530023046,0.9999800530023034,0.9999800530023034,0.9999800530023044,0.999980053002306,-2.338359040158981e-10,-2.338359049567476e-10,0.9999800530023033,0.9999800530023034,0.9999800530023052,0.9999800530023057,0.9999800530023052,0.9999800530023056,0.9999800227661466,0.9999800530023044,0.9999800530023051,-2.340613370019946e-10,0.9999800530023036,0.9999807068361551
0.9999774300091907,0.9999807068361535,0.9999812704223648,-3.698542489563551e-06,0.9999800530023049,-2.3415034358446246e-10,0.9999800530023056,-4.421951422204251e-06,0.9999800530023044,0.9999807068361566,0.999980053002304,0.9999800530023049,0.999980053002304,0.9999800530023044,0.9999807068361568,0.9999800530023044,0.9999800530023039,0.9999800530023044,0.9999800530023039,0.9999800530023046,0.9999757020214906,0.9999800530023036,0.9999807068361574,-2.33835905137189e-10,0.9999800530023044,0.9999800530023049,0.9999800530023052,-2.342296372513788e-10,-4.421951422338631e-06,-2.3389436150249365e-10,0.9999800530023052,0.9999807068361563,0.9999800530023049,0.9999800530023044,0.9999800530023044,0.9999800530023052,0.999980053002304,0.999980053002304,0.9999800530023046,0.9999800530023063,-2.338359040219628e-10,-2.338359050082466e-10,0.9999800530023044,0.9999800530023044,0.9999800530023044,0.9999800530023062,0.9999800530023046,0.9999800530023062,0.9999800227661473,0.9999800530023046,0.9999800530023042,-2.3406133705420133e-10,0.9999800530023039,0.9999807068361568
0.999977430009191,0.9999807068361527,0.9999812704223648,-3.6985424895635553e-06,0.9999800530023052,-2.3415034358096747e-10,0.999980053002304,-4.4219514222042564e-06,0.9999800530023049,0.9999807068361563,0.9999800530023049,0.9999800530023044,0.9999800530023046,0.9999800530023049,0.9999807068361569,0.9999800530023046,0.9999800530023044,0.9999800530023052,0.9999800530023044,0.9999800530023034,0.9999800530023036,0.9999757020214871,0.9999807068361577,-2.3383590511722023e-10,0.9999800530023039,0.9999800530023052,0.9999800530023046,-2.342296372513788e-10,-4.421951422338635e-06,-2.3389436153068324e-10,0.9999800530023057,0.9999807068361555,0.9999800530023049,0.9999800530023051,0.9999800530023049,0.9999800530023057,0.9999800530023036,0.9999800530023049,0.9999800530023046,0.9999800530023063,-2.338359040306194e-10,-2.338359050005457e-10,0.9999800530023049,0.9999800530023049,0.9999800530023052,0.9999800530023051,0.9999800530023049,0.9999800530023049,0.9999800227661475,0.9999800530023046,0.9999800530023054,-2.3406133695395443e-10,0.9999800530023044,0.9999807068361564
0.999978083848073,0.9999813606704187,0.9999819242569784,-1.859098685495204e-09,0.9999807068361581,-2.3415052598965137e-10,0.9999807068361566,-2.222725328457842e-09,0.9999807068361584,0.9999813606704223,0.9999807068361563,0.9999807068361581,0.9999807068361569,0.9999807068361569,0.9999813606704219,0.9999807068361586,0.9999807068361586,0.9999807068361581,0.9999807068361586,0.9999807068361563,0.9999807068361574,0.9999807068361577,0.9999770096896397,-2.338360347659406e-10,0.9999807068361568,0.999980706836158,0.9999807068361589,-2.342298144396564e-10,-2.2227253278718036e-09,-2.338945000534746e-10,0.9999807068361587,0.9999813606704219,0.9999807068361589,0.9999807068361587,0.9999807068361587,0.9999807068361587,0.9999807068361574,0.9999807068361587,0.9999807068361586,0.9999807068361589,-2.33836033675487e-10,-2.338360345815679e-10,0.9999807068361569,0.9999807068361586,0.9999807068361592,0.9999807068361589,0.9999807068361584,0.9999807068361581,0.9999806765999827,0.9999807068361586,0.999980706836158,-2.340614883763681e-10,0.9999807068361586,0.9999813606704214
-1.0142322250590005e-05,-2.3383603477969943e-10,-2.338361969411223e-10,8.865440818562322e-16,-2.338359050889254e-10,-3.003879092428196e-15,-2.338359051121029e-10,1.025981221136632e-15,-2.33835905109944e-10,-2.3383603477969943e-10,-2.3383590512428513e-10,-2.338359051254379e-10,-2.338359050815355e-10,-2.3383590513251294e-10,-2.3383603465081554e-10,-2.3383590512996046e-10,-2.3383590510793523e-10,-2.3383590507506116e-10,-2.338359051015554e-10,-2.338359051121522e-10,-2.33835905137189e-10,-2.3383590511722023e-10,-2.338360347659406e-10,-4.350977426878347e-06,-2.338359051113866e-10,-2.338359051279756e-10,-2.338359051149157e-10,-2.461944575230234e-15,1.0261388924536694e-15,2.958210770183967e-12,-2.338359051162324e-10,-2.3383603480505675e-10,-2.338359051324255e-10,-2.3383590512996046e-10,-2.338359051233245e-10,-2.3383590512421843e-10,-2.338359051026386e-10,-2.3383590512527697e-10,-2.33835905118401e-10,-2.338359051242734e-10,4.667789721088363e-12,4.6677897215028925e-12,-2.3383590509994286e-10,-2.338359051290518e-10,-2.33835905137189e-10,-2.338359051321232e-10,-2.33835905132098e-10,-2.3383590509994286e-10,-4.6519979989612975e-07,-2.3383590509696283e-10,-2.3383590513598534e-10,3.2561125680829393e-13,-2.3383590513864235e-10,-2.3383603465081554e-10
0.9999774300091812,0.9999807068361538,0.9999812704223643,-3.698542489563553e-06,0.9999800530023049,-2.341503435738483e-10,0.9999800530023056,-4.421951422204254e-06,0.9999800530023049,0.9999807068361575,0.9999800530023051,0.9999800530023044,0.9999800530023039,0.999980053002304,0.9999807068361563,0.999980053002304,0.9999800530023036,0.9999800530023044,0.9999800530023036,0.9999800530023046,0.9999800530023044,0.9999800530023039,0.9999807068361568,-2.338359051113866e-10,0.9999757020214881,0.9999800530023051,0.9999800530023062,-2.3422963724862495e-10,-4.421951422338635e-06,-2.3389436154145447e-10,0.9999800530023052,0.9999807068361564,0.9999800530023054,0.999980053002304,0.999980053002304,0.9999800530023052,0.999980053002304,0.999980053002304,0.9999800530023046,0.9999800530023063,-2.3383590403923085e-10,-2.338359049567582e-10,0.999980053002304,0.999980053002304,0.9999800530023049,0.9999800530023046,0.9999800530023044,0.9999800530023062,0.9999800227661473,0.9999800530023046,0.9999800530023042,-2.3406133702471937e-10,0.9999800530023039,0.9999807068361566
0.9999774300091883,0.9999807068361529,0.9999812704223653,-3.6985424895635536e-06,0.9999800530023057,-2.341503436030327e-10,0.9999800530023052,-4.421951422204258e-06,0.9999800530023052,0.9999807068361569,0.9999800530023049,0.9999800530023056,0.9999800530023056,0.9999800530023056,0.9999807068361574,0.9999800530023052,0.9999800530023052,0.999980053002306,0.9999800530023052,0.9999800530023046,0.9999800530023049,0.9999800530023052,0.999980706836158,-2.338359051279756e-10,0.9999800530023051,0.9999757020214889,0.9999800530023049,-2.342296372409897e-10,-4.421951422338639e-06,-2.3389436157612053e-10,0.9999800530023067,0.9999807068361574,0.9999800530023062,0.9999800530023056,0.9999800530023056,0.9999800530023067,0.9999800530023049,0.9999800530023056,0.9999800530023054,0.9999800530023067,-2.3383590403015916e-10,-2.3383590494767757e-10,0.9999800530023056,0.9999800530023054,0.999980053002306,0.9999800530023063,0.999980053002306,0.9999800530023065,0.9999800227661488,0.9999800530023056,0.9999800530023056,-2.340613369865321e-10,0.9999800530023052,0.9999807068361574
0.99997743000919,0.9999807068361546,0.9999812704223648,-3.6985424895635536e-06,0.9999800530023056,-2.341503436050807e-10,0.999980053002306,-4.421951422204256e-06,0.9999800530023044,0.9999807068361575,0.9999800530023056,0.9999800530023049,0.9999800530023049,0.9999800530023046,0.9999807068361586,0.9999800530023049,0.9999800530023052,0.9999800530023054,0.9999800530023049,0.9999800530023054,0.9999800530023052,0.9999800530023046,0.9999807068361589,-2.338359051149157e-10,0.9999800530023062,0.9999800530023049,0.9999757020214881,-2.342296372513788e-10,-4.421951422338636e-06,-2.338943615492788e-10,0.9999800530023065,0.9999807068361569,0.9999800530023063,0.9999800530023049,0.9999800530023052,0.9999800530023065,0.9999800530023046,0.9999800530023049,0.9999800530023054,0.9999800530023071,-2.3383590398787535e-10,-2.338359049956989e-10,0.9999800530023046,0.9999800530023052,0.999980053002306,0.9999800530023067,0.9999800530023056,0.9999800530023067,0.9999800227661484,0.9999800530023054,0.9999800530023046,-2.340613370113662e-10,0.9999800530023046,0.9999807068361581
-1.0143105831678096e-05,-2.3422981462541186e-10,-2.3422990892578194e-10,8.442552440634144e-16,-2.342296372286486e-10,7.279312374002941e-12,-2.342296372568629e-10,1.0463798306688001e-15,-2.342296372709435e-10,-2.3422981470033953e-10,-2.3422963724375146e-10,-2.342296372311597e-10,-2.3422963723863653e-10,-2.3422963724905105e-10,-2.342298144907005e-10,-2.3422963724905105e-10,-2.342296372590819e-10,-2.342296372479526e-10,-2.342296371970311e-10,-2.3422963719392313e-10,-2.342296372513788e-10,-2.342296372513788e-10,-2.342298144396564e-10,-2.461944575230234e-15,-2.3422963724862495e-10,-2.342296372409897e-10,-2.342296372513788e-10,-4.350976039967985e-06,1.0463826422465159e-15,-1.4738750588873155e-15,-2.342296372448793e-10,-2.3422981447901314e-10,-2.342296371924699e-10,-2.3422963725988163e-10,-2.3422963722667654e-10,-2.342296372071937e-10,-2.3422963719867916e-10,-2.342296372507111e-10,-2.3422963727957174e-10,-2.3422963726408997e-10,-2.462740296704713e-15,-2.462740296704713e-15,-2.3422963723863653e-10,-2.3422963721716887e-10,-2.3422963725617333e-10,-2.3422963719409353e-10,-2.342296372028284e-10,-2.3422963726495566e-10,-4.6598336877349544e-07,-2.342296372409897e-10,-2.342296372303757e-10,9.262328940002502e-14,-2.342296372421071e-10,-2.3422981470033953e-10
-1.4099102404796214e-05,-2.2227253278718036e-09,-4.421956763458649e-06,1.6379685460518035e-11,-4.421951422338636e-06,1.0483861499929375e-15,-4.421951422338631e-06,1.9568900240840106e-11,-4.421951422338634e-06,-2.2227253278718036e-09,-4.421951422338634e-06,-4.421951422338634e-06,-4.421951422338636e-06,-4.421951422338636e-06,-2.2227253278718036e-09,-4.4219514223386365e-06,-4.421951422338635e-06,-4.4219514223386365e-06,-4.421951422338635e-06,-4.421951422338635e-06,-4.421951422338631e-06,-4.421951422338635e-06,-2.2227253278718036e-09,1.0261388924536694e-15,-4.421951422338635e-06,-4.421951422338639e-06,-4.421951422338636e-06,1.0463826422465159e-15,-4.350962503645923e-06,1.0297140323235947e-15,-4.421951422338639e-06,-2.222725328153876e-09,-4.421951422338638e-06,-4.421951422338639e-06,-4.421951422338636e-06,-4.421951422338639e-06,-4.421951422338634e-06,-4.421951422338634e-06,-4.421951422338638e-06,-4.4219514223386424e-06,1.026145170976996e-15,1.0259423518782368e-15,-4.421951422338636e-06,-4.421951422338635e-06,-4.421951422338639e-06,-4.421951422338639e-06,-4.42195142233864e-06,-4.42195142233864e-06,-4.421951289630713e-06,-4.421951422338638e-06,-4.4219514223386365e-06,1.0357683062098643e-15,-4.421951422338635e-06,-2.222725328144582e-09
-1.0142438589835486e-05,-2.3389449978801314e-10,-2.338946499314477e-10,8.791522822816304e-16,-2.3389436153244353e-10,-3.5828558400204415e-12,-2.338943615761228e-10,1.0299178977512855e-15,-2.3389436152509656e-10,-2.338945000534746e-10,-2.338943615453531e-10,-2.3389436152175615e-10,-2.3389436152175615e-10,-2.3389436152509656e-10,-2.338945000534746e-10,-2.338943615730492e-10,-2.338943615203243e-10,-2.338943615317961e-10,-2.3389436153306567e-10,-2.3389436152509656e-10,-2.3389436150249365e-10,-2.3389436153068324e-10,-2.338945000534746e-10,2.958210770183967e-12,-2.3389436154145447e-10,-2.3389436157612053e-10,-2.338943615492788e-10,-1.4738750588873155e-15,1.0297140323235947e-15,-4.3509801725918634e-06,-2.3389436153278283e-10,-2.338944998399932e-10,-2.3389436157612053e-10,-2.3389436156162414e-10,-2.3389436156038993e-10,-2.3389436150001397e-10,-2.3389436158281537e-10,-2.3389436156527464e-10,-2.33894361538548e-10,-2.3389436150872645e-10,2.9582107692264997e-12,2.95821076964574e-12,-2.338943615190408e-10,-2.338943615658866e-10,-2.338943615103754e-10,-2.33894361557043e-10,-2.3389436157465864e-10,-2.3389436153712785e-10,-4.6531614235291985e-07,-2.338943615575968e-10,-2.3389436156186107e-10,2.838929246142678e-13,-2.3389436155828357e-10,-2.338944997017977e-10
0.999977430009191,0.9999807068361544,0.9999812704223661,-3.6985424895635557e-06,0.9999800530023069,-2.3415034358035774e-10,0.9999800530023051,-4.421951422204257e-06,0.999980053002306,0.9999807068361589,0.9999800530023046,0.9999800530023057,0.9999800530023056,0.9999800530023056,0.9999807068361581,0.9999800530023056,0.9999800530023057,0.9999800530023069,0.9999800530023052,0.9999800530023046,0.9999800530023052,0.9999800530023057,0.9999807068361587,-2.338359051162324e-10,0.9999800530023052,0.9999800530023067,0.9999800530023065,-2.342296372448793e-10,-4.421951422338639e-06,-2.3389436153278283e-10,0.999975702021484,0.9999807068361586,0.9999800530023067,0.9999800530023067,0.999980053002306,0.9999800530023071,0.9999800530023052,0.9999800530023063,0.999980053002306,0.9999800530023067,-2.3383590401827155e-10,-2.3383590497746207e-10,0.9999800530023056,0.999980053002306,0.9999800530023067,0.9999800530023074,0.9999800530023071,0.9999800530023067,0.999980022766149,0.999980053002306,0.9999800530023056,-2.340613369931743e-10,0.999980053002306,0.9999807068361581
0.9999780838480838,0.9999813606704192,0.9999819242569794,-1.8590986854651e-09,0.9999807068361574,-2.34150526067923e-10,0.9999807068361563,-2.222725328457842e-09,0.999980706836156,0.9999813606704219,0.9999807068361563,0.9999807068361568,0.9999807068361563,0.9999807068361563,0.9999813606704211,0.9999807068361558,0.9999807068361563,0.9999807068361577,0.9999807068361563,0.9999807068361555,0.9999807068361563,0.9999807068361555,0.9999813606704219,-2.3383603480505675e-10,0.9999807068361564,0.9999807068361574,0.9999807068361569,-2.3422981447901314e-10,-2.222725328153876e-09,-2.338944998399932e-10,0.9999807068361586,0.999977009689636,0.9999807068361568,0.9999807068361563,0.9999807068361563,0.9999807068361586,0.9999807068361555,0.9999807068361558,0.9999807068361574,0.9999807068361587,-2.3383603380059417e-10,-2.338360346191479e-10,0.9999807068361563,0.9999807068361563,0.9999807068361575,0.9999807068361569,0.9999807068361566,0.9999807068361569,0.9999806765999825,0.9999807068361574,0.9999807068361566,-2.3406148849376613e-10,0.9999807068361555,0.9999813606704212
0.9999774300091934,0.9999807068361546,0.9999812704223661,-3.6985424895635557e-06,0.9999800530023052,-2.341503435849322e-10,0.9999800530023044,-4.421951422204258e-06,0.9999800530023052,0.9999807068361574,0.999980053002306,0.9999800530023052,0.9999800530023052,0.9999800530023052,0.9999807068361577,0.9999800530023049,0.9999800530023052,0.9999800530023063,0.9999800530023052,0.9999800530023044,0.9999800530023049,0.9999800530023049,0.9999807068361589,-2.338359051324255e-10,0.9999800530023054,0.9999800530023062,0.9999800530023063,-2.342296371924699e-10,-4.421951422338638e-06,-2.3389436157612053e-10,0.9999800530023067,0.9999807068361568,0.9999757020214863,0.9999800530023051,0.9999800530023051,0.9999800530023067,0.9999800530023044,0.9999800530023052,0.9999800530023052,0.9999800530023074,-2.338359040029399e-10,-2.3383590500034855e-10,0.9999800530023052,0.9999800530023051,0.999980053002306,0.999980053002306,0.999980053002306,0.9999800530023056,0.9999800227661481,0.9999800530023052,0.9999800530023056,-2.340613370452044e-10,0.9999800530023049,0.9999807068361575
0.9999774300091913,0.9999807068361538,0.9999812704223664,-3.6985424895635553e-06,0.9999800530023052,-2.3415034353211444e-10,0.9999800530023052,-4.421951422204256e-06,0.9999800530023054,0.9999807068361563,0.9999800530023052,0.9999800530023054,0.9999800530023052,0.9999800530023052,0.9999807068361577,0.9999800530023046,0.9999800530023051,0.999980053002306,0.9999800530023051,0.9999800530023044,0.9999800530023044,0.9999800530023051,0.9999807068361587,-2.3383590512996046e-10,0.999980053002304,0.9999800530023056,0.9999800530023049,-2.3422963725988163e-10,-4.421951422338639e-06,-2.3389436156162414e-10,0.9999800530023067,0.9999807068361563,0.9999800530023051,0.9999757020214802,0.9999800530023052,0.9999800530023067,0.999980053002304,0.9999800530023052,0.9999800530023054,0.9999800530023069,-2.3383590401147197e-10,-2.3383590494872126e-10,0.9999800530023052,0.9999800530023052,0.999980053002306,0.999980053002306,0.9999800530023049,0.999980053002306,0.9999800227661484,0.9999800530023054,0.9999800530023056,-2.340613369990308e-10,0.9999800530023052,0.9999807068361575
0.9999774300091913,0.9999807068361531,0.9999812704223664,-3.6985424895635553e-06,0.9999800530023052,-2.3415034361144215e-10,0.9999800530023052,-4.421951422204256e-06,0.9999800530023052,0.9999807068361563,0.9999800530023051,0.9999800530023052,0.9999800530023052,0.9999800530023052,0.9999807068361577,0.9999800530023046,0.9999800530023051,0.999980053002306,0.9999800530023051,0.9999800530023034,0.9999800530023044,0.9999800530023049,0.9999807068361587,-2.338359051233245e-10,0.999980053002304,0.9999800530023056,0.9999800530023052,-2.3422963722667654e-10,-4.421951422338636e-06,-2.3389436156038993e-10,0.999980053002306,0.9999807068361563,0.9999800530023051,0.9999800530023052,0.9999757020214878,0.999980053002306,0.999980053002304,0.9999800530023051,0.9999800530023049,0.9999800530023063,-2.3383590399114886e-10,-2.338359049771989e-10,0.9999800530023052,0.9999800530023052,0.9999800530023056,0.999980053002306,0.9999800530023049,0.999980053002306,0.9999800227661483,0.9999800530023049,0.9999800530023054,-2.340613370242959e-10,0.9999800530023051,0.9999807068361577
0.999977430009191,0.9999807068361543,0.9999812704223661,-3.6985424895635557e-06,0.9999800530023069,-2.341503435851111e-10,0.9999800530023051,-4.421951422204257e-06,0.999980053002306,0.9999807068361589,0.9999800530023046,0.9999800530023056,0.9999800530023056,0.9999800530023056,0.9999807068361581,0.9999800530023056,0.9999800530023057,0.9999800530023069,0.9999800530023052,0.9999800530023046,0.9999800530023052,0.9999800530023057,0.9999807068361587,-2.3383590512421843e-10,0.9999800530023052,0.9999800530023067,0.9999800530023065,-2.342296372071937e-10,-4.421951422338639e-06,-2.3389436150001397e-10,0.9999800530023071,0.9999807068361586,0.9999800530023067,0.9999800530023067,0.999980053002306,0.999975702021484,0.9999800530023052,0.9999800530023063,0.999980053002306,0.9999800530023067,-2.338359040366631e-10,-2.3383590494872126e-10,0.9999800530023056,0.999980053002306,0.9999800530023067,0.9999800530023074,0.9999800530023071,0.9999800530023067,0.999980022766149,0.999980053002306,0.9999800530023056,-2.340613370083654e-10,0.9999800530023057,0.9999807068361581
