1.0000000000128693,1.8737106080873553e-08,2.547925788341846e-08,1.9299476230772485e-08,1.9590517477078845e-08,2.1605738025606796e-08,1.9372047404519204e-08,-6.79352660469586e-09,1.9653818038336966e-08,2.1841583918746337e-08,1.999026731182509e-08,1.9042318036981764e-08,1.9576893038233766e-08,2.00294885107003e-08,0.9999998941974839,1.8627226112826702e-08,2.0591184819622857e-08,0.999999864246409,0.9999998523461779,2.0272363355873357e-08,3.001478289929607e-08,1.8086555503703414e-08,2.0834136254623613e-08,1.977972090901902e-08,0.9999998847811415,1.929325010912149e-08,3.001478290107437e-08,1.8930213024715862e-08,2.0272363355932278e-08,2.0015307653460848e-08,1.8390325711000798e-08,1.904958220003584e-08,0.9999998913407643,2.027236043605178e-08,1.8502232567543604e-08,1.8589607592357424e-08,1.918365330992634e-08,1.9582256258149148e-08,2.008067119751615e-08,2.0080671204262916e-08,2.020718009053722e-08,1.8401292480559177e-08,2.045159237653677e-08,0.999999864667488,0.9999998559472566,1.9672669625602435e-08,0.9999998628509355,1.8994269132170274e-08,1.8543426395729696e-08,1.850224523283491e-08,2.1251773351481253e-08,1.9042213606235878e-08,1.899426913339948e-08,0.9999998767476992,1.8966018300194725e-08,1.9427300779888926e-08,1.940426699138978e-08,2.2067463025033847e-08,1.8819091742727603e-08,1.8145746229796132e-08,1.8427526705915672e-08,0.9999998642464046,0.9999998540403496,-6.793526605528518e-09,1.9749844375633117e-08,1.8994269132436742e-08,2.0272363356214393e-08,2.626940176176811e-08,2.0376886831716746e-08,1.7847188722851016e-08,1.7974543121718436e-08,1.959394944273794e-08,2.107171308662527e-08,1.8317732641430224e-08,2.2906027805836814e-08,2.1278073654264154e-08,1.9653818140443403e-08,1.7380250249278568e-08
1.8737106080873553e-08,3.327984258813868e-08,-1.3329959090575423e-14,-4.814633020421996e-15,-9.369011465824982e-15,7.22769258892828e-15,-1.088778135465072e-11,1.2161033433348186e-14,1.0403975672420576e-11,-4.142551153937337e-15,-5.588033070779139e-15,-4.373435916013937e-15,-1.3469805069481717e-14,-2.624554517650777e-16,1.3535075869466456e-12,6.009010128024077e-12,-2.4911168026628532e-14,1.3706327413860016e-12,1.3629516503139834e-12,2.830929824821256e-15,-1.1428904810037005e-14,8.678712030837698e-16,-3.954093409885489e-15,1.056794568181831e-14,1.3248322060426168e-12,-1.906272371034626e-12,-1.1428904810037338e-14,7.746410505510725e-16,2.83166749599511e-15,4.717896609007392e-15,-4.13326918780113e-12,-5.66379476813999e-15,2.7406379034971305e-09,2.8309565200195393e-15,3.4724385506392912e-15,-1.7626267631925996e-15,1.4762005677812211e-15,-7.859741587516054e-15,7.0896974664658705e-15,7.089977650269721e-15,-1.5402432914224986e-14,-9.432330211872752e-15,9.454744575161458e-15,1.3716655991087553e-12,1.3664244531357182e-12,-1.8528347184130534e-14,1.3686284331423834e-12,-9.204053336476165e-15,-7.901901361554452e-15,3.4724385506392912e-15,-1.2024005707472761e-14,2.959102348095168e-15,-9.203632254173827e-15,1.3236621777885905e-12,-5.3260040846899866e-15,2.706430085966111e-15,-9.956590402406233e-16,-2.4449134590979e-15,-2.231853050442764e-15,-5.5015852394780174e-15,-1.5992653434118972e-11,1.3706329044187908e-12,1.3648286132075853e-12,1.2161131009565874e-14,9.72512432431582e-15,-9.204053336476528e-15,2.830929824821256e-15,-1.531106670759882e-11,-6.113278768848313e-15,-1.8015781547362934e-11,-1.479853905475329e-14,-2.1307290921127214e-14,1.1444728220839464e-14,-9.543159122029716e-12,-4.0600390090372045e-15,-3.45939165082335e-12,1.0403975672471623e-11,4.439384547131043e-14
2.547925788341846e-08,-1.3329959090575423e-14,3.3272524937574407e-08,-7.878225841477836e-12,-1.0607177335833344e-14,1.3846764625728617e-14,-5.288578864832658e-15,2.826345670646408e-14,1.0652094431748453e-14,-5.491715886484882e-12,-1.0024162473221981e-11,-3.705783822089213e-15,-1.3765649665383982e-14,5.372297239069685e-12,9.42069719931516e-09,7.04156987739542e-15,-6.614992628300605e-11,4.747321554372133e-12,4.731805650045702e-12,7.143950148386982e-15,-9.227884097362984e-15,3.810880197097766e-15,-5.40287248745489e-12,1.839444179074539e-14,4.666882221037113e-12,1.7265525945589005e-15,-9.227821980724351e-15,3.822223137402076e-15,7.143339208054347e-15,9.508513155591055e-15,-3.6723940209767457e-16,-5.609191517784899e-15,9.512870099035404e-09,7.143734345766303e-15,7.748357583669881e-15,3.5144396977330916e-16,4.83317123581316e-15,-1.6727265243984713e-11,1.3341237238613649e-14,1.3340759004487693e-14,-1.948979709987852e-14,-2.2020406186802282e-11,1.6681861837522696e-14,4.749222952146631e-12,9.444046155459697e-09,-2.3966137631535108e-14,4.743157052637406e-12,-1.0719155199101508e-14,-1.661068378325235e-11,7.748786114575923e-15,-2.8780485519372142e-11,6.953175657343442e-15,-1.0719417580191876e-14,9.296965519370897e-09,-5.0790367152539134e-15,6.613544330840387e-15,1.2117589959050453e-15,-4.354089493888279e-13,-5.927080940121513e-16,-4.874780276605239e-15,-8.969224738473318e-15,4.747321554372129e-12,9.437682815903133e-09,2.826466384477268e-14,1.717955022848175e-14,-1.0719167148101241e-14,7.143950148386969e-15,-7.555605831762888e-15,-1.1649634015341788e-11,-1.0417621931032359e-14,-1.9041762888532378e-14,-2.808340995052642e-14,1.9663922893745222e-14,-4.329068727336124e-15,-5.742041454563626e-12,3.2296977417784817e-16,1.0652082313015823e-14,7.379230965978346e-14
1.9299476230772485e-08,-4.814633020421996e-15,-7.878225841477836e-12,3.3302485239526665e-08,-3.123564230509697e-15,1.0012167815660955e-14,-5.82925327981262e-16,2.3533988418636507e-14,8.119898054078414e-15,1.1639609432732347e-15,-1.6864766076101e-16,2.1473737312088687e-16,-2.476208428447892e-15,3.8969458720592215e-15,3.2535481407644172e-09,5.886562816843934e-15,-3.003918326413434e-11,1.6395895592828614e-12,1.6278634157417487e-12,6.229519534709545e-15,1.1993111330511812e-15,4.083544352060445e-15,1.0075155116593593e-15,1.2155286108656543e-14,1.585972194903691e-12,3.484512693695273e-15,1.1984489117168246e-15,4.213258768600238e-15,6.229519534709545e-15,7.161593901132537e-15,1.9882413045785518e-15,-8.14686068860533e-16,3.327597421769989e-09,6.229519534709545e-15,6.283660457082856e-15,2.566326295778136e-15,4.741204436897406e-15,-3.934635185925162e-12,9.501429457331983e-15,9.50277049767679e-15,-7.891001773637491e-15,-3.699278117845882e-15,1.1175999897583098e-14,1.6409124560207382e-12,1.6326716042257847e-12,-2.021819663466492e-11,1.6363747442392122e-12,-3.470660846409211e-15,-3.653695830199652e-12,6.282603390913878e-15,-5.193439596446548e-15,5.822499958101958e-15,-3.469895092600722e-15,1.5843448875086285e-12,-5.037683294885835e-16,5.665548931253094e-15,2.810715409776174e-15,5.143888586512725e-12,1.846710044132255e-15,-2.3794131191363155e-17,-2.4782030357345496e-15,1.6395895573487308e-12,1.6302826471467983e-12,2.3533801796296565e-14,1.1525725627694696e-14,-3.4701673371144023e-15,6.229945338136424e-15,-9.842019238494294e-16,-6.448983984634574e-16,-3.215647843738763e-15,-8.01593438564808e-15,-1.2422490508344992e-14,1.2816825796286814e-14,-1.024539643158492e-16,1.8177485323440245e-12,2.5149542192605687e-15,8.119173913210918e-15,4.6336496594494654e-14
1.9590517477078845e-08,-9.369011465824982e-15,-1.0607177335833344e-14,-3.123564230509697e-15,3.328666706425007e-08,8.841482417587176e-15,-3.963026086128261e-15,1.751585138250706e-14,6.7389696616613284e-15,-4.6684027956923315e-12,-3.857648435869074e-15,-2.8992243205363483e-15,-1.0092755468506614e-14,1.3484642298798486e-15,1.7796206954042532e-12,4.347183072115585e-15,-2.2857898014650895e-14,1.7941735483657575e-12,1.784353602991609e-12,4.362663062171803e-15,-7.258650466564451e-15,2.182514370369175e-15,-2.3014950101677206e-15,1.194641708222273e-14,1.7421465319234708e-12,7.238608696960571e-16,-7.259279408740278e-15,2.1779256829653083e-15,4.3626630621717215e-15,5.9955160607480105e-15,-6.511003626922599e-16,-4.185505208330254e-15,3.6049747869122277e-09,4.362202035227952e-15,4.824371224198215e-15,-1.8878438857764351e-16,5.735214547064151e-12,-6.1195796064018224e-15,8.547240150080155e-15,8.548023134491883e-15,-1.3576243978176516e-14,-7.850376795443277e-15,1.0807987407804286e-14,1.7953908506574373e-12,1.7885905827536438e-12,-1.6592367882950698e-14,1.7915464400911888e-12,-1.5121565689509525e-11,-6.065913514873451e-15,4.823646747997387e-15,-1.0207928252358155e-14,8.56760584299513e-12,-1.5121565689326683e-11,3.4701944268906985e-09,-7.574774072072388e-12,4.052464794347759e-15,4.2870553380001086e-16,-6.550869090040514e-16,-1.5678575849152526e-12,-3.77586786906908e-15,-6.435710239839819e-15,1.7941735348206132e-12,1.7865718720240166e-12,1.75152594910052e-14,1.1129977178811056e-14,-1.5121565689249338e-11,4.362663062171803e-15,-1.1157228722045686e-11,-4.406870146995586e-15,-7.416487123020141e-15,-1.3234486201002987e-14,-1.9367604503128395e-14,1.2797837257298643e-14,-3.3225130665117027e-15,-2.4348688943663824e-15,-2.2107874677201432e-16,6.7389701631791346e-15,9.597891007999167e-11
2.1605738025606796e-08,7.22769258892828e-15,1.3846764625728617e-14,1.0012167815660955e-14,8.841482417587176e-15,3.3330133043010964e-08,8.640468547589398e-15,4.2644013826838113e-14,1.2807956197392811e-14,1.0976669068270719e-14,9.981521771925555e-15,8.764005052219524e-15,1.8315441062629316e-14,1.1313525754416087e-14,2.7827216112381657e-12,1.0728953017732103e-14,4.574623117695992e-15,2.7713194407594467e-12,2.7531087583952566e-12,1.200629437693375e-14,2.4712335426490743e-14,9.718846998525511e-15,1.0188381660816853e-14,1.4007220678250225e-14,2.708063794396453e-12,2.293820857325768e-11,2.4712826073360447e-14,1.0257379039891299e-14,1.200629437693375e-14,1.1058871624729958e-14,9.436821092162448e-15,8.32012203111894e-15,5.673864914472007e-09,1.200629437693375e-14,1.0959712354838121e-14,1.0421994766769044e-14,1.0406737229094958e-14,9.149779637991752e-15,1.3135784999080986e-14,1.3135485479973515e-14,6.872899947377655e-15,7.36275613571918e-15,2.6640251890124802e-11,2.7730662769445755e-12,5.5010932527785475e-09,6.352815044314506e-15,2.7661363432374096e-12,7.563976111716595e-15,9.63414458240675e-15,1.0960065374468771e-14,8.051655929426466e-15,1.0643005205708522e-14,7.564000032933552e-15,5.393027453543668e-09,8.553600642483395e-15,1.0670764904018795e-14,9.66963574465298e-15,1.1692784913784386e-14,9.29332391081837e-15,1.0205195315349605e-14,8.178254677158239e-15,2.7713194407594467e-12,2.756317766828776e-12,4.2645270236799925e-14,1.3833989247922704e-14,7.563791982819075e-15,1.200629437693375e-14,2.331675351720118e-11,9.639492005278788e-15,1.6020539246394468e-11,5.3868179636083545e-15,5.3218227568954644e-15,1.4196993946219422e-14,8.710506642083085e-15,1.0065617238219844e-14,1.026305417954072e-14,1.2807742115890917e-14,4.5657264327927886e-14
1.9372047404519204e-08,-1.088778135465072e-11,-5.288578864832658e-15,-5.82925327981262e-16,-3.963026086128261e-15,8.640468547589398e-15,3.329895679104985e-08,1.9469005290569452e-14,6.89929287062617e-15,1.1211129363418879e-16,-1.1110992381586204e-15,-1.2168256425487793e-12,-4.185843452617032e-15,2.818886477874603e-15,1.6703015260059164e-12,4.856251420826146e-15,-3.086008350639258e-11,1.6787989299210597e-12,1.6688163388192376e-12,5.075465695429298e-15,-1.1199272579803468e-15,3.1485282463934394e-15,9.774092334321566e-14,1.0806116414652276e-14,1.63136149928873e-12,4.811352649695318e-12,-1.1205533312704045e-15,3.235886010240666e-15,5.075524237276395e-15,6.084624988782841e-15,1.0829105941214653e-15,-3.184167172777743e-12,3.391674958394284e-09,5.077176506466718e-15,5.233551161023351e-15,1.5751632636527638e-15,3.748287414303231e-15,-2.8582386854707633e-15,8.242559539091691e-15,8.242515827652173e-15,-8.542951288238918e-15,-8.692511660175805e-12,9.89135036979224e-15,1.6799519526924972e-12,1.6729582123511377e-12,-1.077726643558e-14,1.6760769098695756e-12,-4.187709631311484e-15,-2.742936274074974e-15,5.2338920272720685e-15,-1.180220464811212e-11,4.80103973544129e-15,-4.18809939278896e-15,1.6299527996485492e-12,-1.323028392100328e-15,4.636628019736731e-15,3.791015848357901e-12,1.450161252583197e-15,9.502936090677479e-16,-1.0155491978549202e-15,-3.2427334814387725e-15,1.678798890637553e-12,1.6709246313624909e-12,1.9468344158676616e-14,1.019633689951554e-14,-4.187675897934259e-15,5.076003252405964e-15,-4.124739405128142e-12,-3.0651612719787226e-12,-3.966906077143866e-15,-8.542961602767156e-15,-1.2921864787227061e-14,1.1444534118694176e-14,-9.38252812734825e-16,-8.35924092662624e-17,3.0680211910687794e-12,6.897986684790248e-15,4.181470356339062e-14
-6.79352660469586e-09,1.2161033433348186e-14,2.826345670646408e-14,2.3533988418636507e-14,1.751585138250706e-14,4.2644013826838113e-14,1.9469005290569452e-14,3.354309888699256e-08,3.73813617232883e-14,2.6553407522141602e-14,2.2957559150208105e-14,2.052001979663404e-14,4.0024370489515005e-14,2.9920415669850605e-14,-1.1507542788188936e-11,3.046131038065156e-14,-3.786827690362468e-15,-2.2972062566505153e-08,-2.307832140662809e-08,3.374760573714005e-14,5.832714629076852e-14,2.6420631191166146e-14,2.4569199434638193e-14,4.40164126965204e-14,-1.1724540708605708e-11,2.995933324622166e-14,5.832722452745258e-14,2.7776117995059334e-14,3.374817112735186e-14,3.2457934668040144e-14,2.3764894256156354e-14,1.8524023978855562e-14,-2.2567509610173004e-08,3.37482482779798e-14,3.136981212225111e-14,2.6589428838521674e-14,2.862052886566957e-14,1.929482241147262e-14,3.9468205836130274e-14,3.9468205836130274e-14,8.430760568855196e-15,1.3535360990841332e-14,4.161804062439752e-14,-2.2961479613263626e-08,-2.303753744502635e-08,5.0364752262977174e-15,-2.300207942365373e-08,1.4231826176696127e-14,2.052063151201639e-14,3.136981212225111e-14,1.371486062134209e-14,3.020697807628558e-14,1.4231643897422432e-14,-1.1731500823040014e-11,1.935155193525671e-14,3.012390986409515e-14,2.5077810100655223e-14,2.953421682828493e-14,2.3307856045608036e-14,2.3657815347234867e-14,1.658177740162633e-14,-2.2972062566504177e-08,-2.3058904726298625e-08,2.414140767950519e-10,4.301331369148166e-14,1.4232611550539358e-14,3.374729913741006e-14,2.6175854575368027e-14,2.1720136513663836e-14,1.5547017469822695e-14,4.9007163724466075e-15,5.280021525819208e-16,4.509311743639471e-14,2.009424953865062e-14,2.4194293982332408e-14,2.6188645209302978e-14,3.738125691296221e-14,1.50032832245921e-13
1.9653818038336966e-08,1.0403975672420576e-11,1.0652094431748453e-14,8.119898054078414e-15,6.7389696616613284e-15,1.2807956197392811e-14,6.89929287062617e-15,3.73813617232883e-14,3.3324282698268106e-08,9.009920008763608e-15,8.028292284836877e-15,7.10283033851898e-15,1.4437231629433353e-14,9.625026138867213e-15,3.600658052267935e-09,9.405904526451939e-15,1.7640405257344732e-15,1.7982014443834422e-12,1.782018682469997e-12,1.0483013360204877e-14,2.006236062351991e-14,8.365073066357115e-15,8.352509389186508e-15,1.2846330776100383e-14,1.7402687259646688e-12,9.716724709630234e-15,2.0062576050063153e-14,8.811471676572506e-15,1.0479693965797973e-14,9.845576594013838e-15,7.872207103043819e-15,6.618712756138148e-15,3.7130642220862585e-09,1.0481779764495248e-14,9.640172044505186e-15,8.733927135889539e-15,8.995923029960453e-15,7.12373874519572e-15,1.1802112351142346e-14,1.1803993930220119e-14,4.5464461689962315e-15,5.4630498737756535e-15,1.2211324726349835e-14,1.7997808777532637e-12,1.788167751123765e-12,3.831877262201893e-15,1.7936110065912559e-12,5.663491008696511e-15,7.515653813852124e-15,9.640172044505186e-15,5.833239128683872e-15,9.330654874695543e-15,5.663491008696511e-15,1.7381783738759906e-12,6.842530438162954e-15,9.338012265632356e-15,8.15816039438557e-15,9.760104246957928e-15,7.742541579602212e-15,8.246355650471957e-15,6.275941224559217e-15,1.7982011733286963e-12,1.7849187999584563e-12,3.738148083262406e-14,1.2626795972330317e-14,5.663431695121287e-15,1.0483013360204877e-14,1.857062396600532e-11,7.693500881594999e-15,6.067234315173041e-15,3.3481915908720595e-15,2.7208240656697736e-15,1.309078651469745e-14,7.019949274594988e-15,8.24962092629442e-15,8.610619299960077e-15,2.2633648134343375e-11,4.2830321197931346e-14
2.1841583918746337e-08,-4.142551153937337e-15,-5.491715886484882e-12,1.1639609432732347e-15,-4.6684027956923315e-12,1.0976669068270719e-14,1.1211129363418879e-16,2.6553407522141602e-14,9.009920008763608e-15,3.33057404004349e-08,6.391020365310179e-16,8.955147150393689e-16,-9.255120882717737e-16,4.729200972642112e-15,2.9048217384432928e-12,6.631102041422519e-15,-1.448406384418562e-14,2.9112036644242536e-12,2.89822655516689e-12,7.069386701456802e-15,3.2032476540178368e-15,4.776484248358022e-15,1.793293609505864e-15,1.305391978821623e-14,2.853643386094505e-12,4.366406305209034e-15,3.202394985466719e-15,4.959126237628733e-15,7.069366935114099e-15,7.890591073500137e-15,2.6967754867148132e-15,-1.5862715106795146e-16,5.872665543420638e-09,7.069366935114099e-15,7.04589330552519e-15,3.3545282596257084e-15,1.0959660478276065e-11,-1.2244236448155194e-15,1.0385684827660626e-14,1.038503860009318e-14,-7.218692329225173e-15,-3.0328666345700843e-15,1.2043522133766577e-14,2.9126389765755745e-12,2.9034850969802695e-12,-9.504337777330907e-15,2.9076250065860255e-12,-5.554016953728222e-12,-1.973747634692728e-12,7.045150813549155e-15,-4.457965179066312e-15,6.563693648367781e-15,-5.55401695354691e-12,5.6845222586614496e-09,3.875692320700295e-13,6.404059974765085e-15,3.5358538045465187e-15,3.452738700129415e-15,5.084828889718204e-12,7.545235931733697e-16,-1.7691392627194007e-15,2.9112040708292026e-12,5.782155037089367e-09,2.655302517081098e-14,1.2426087976416471e-14,-5.5540169534672706e-12,7.070000757675445e-15,-3.7614662986970235e-17,1.369868440408596e-16,-4.941956926141798e-12,-7.487445923942213e-15,-1.1794814567310354e-14,1.3713235816059394e-14,5.812589299507456e-16,1.6468705949555212e-15,3.2712794050597668e-15,9.008833171106558e-15,4.8959514018359166e-14
1.999026731182509e-08,-5.588033070779139e-15,-1.0024162473221981e-11,-1.6864766076101e-16,-3.857648435869074e-15,9.981521771925555e-15,-1.1110992381586204e-15,2.2957559150208105e-14,8.028292284836877e-15,6.391020365310179e-16,3.33002848189656e-08,-2.6257846019867753e-16,-3.687882210009157e-15,7.128028917507898e-12,3.9451815578859684e-09,5.737608202370156e-15,-3.285702263810415e-11,1.9878401973820156e-12,1.9762325112882266e-12,6.033251975146851e-15,-8.745873495644596e-17,3.853477789224076e-15,1.0595999160768029e-12,1.230481369839423e-14,1.933663905630845e-12,3.1118180486853894e-15,-8.733076978099106e-17,3.963749919094231e-15,6.033251975146851e-15,7.089128002413402e-15,1.613109780506691e-15,-1.3445229303733622e-15,4.0177436975250344e-09,6.0347035504604835e-15,6.1529504697614286e-15,2.1806550179803776e-15,4.523584389259083e-15,-5.255961450123085e-12,1.89275998123713e-11,1.8927599812039265e-11,-8.883919226519431e-15,-4.392520463752594e-15,1.1287071119381174e-14,1.9891671967035702e-12,1.981025277913165e-12,-1.1322820849961546e-14,1.984666610743337e-12,-4.16089464146654e-15,-2.5312361948811364e-15,6.1526530183721766e-15,-1.1981821233473778e-11,5.675930960023783e-15,-4.160893712406923e-15,1.9320396743234355e-12,-1.0207191934068785e-15,5.502281242921667e-15,2.486233071796949e-15,2.109864538612355e-15,1.4672594751076476e-15,-6.007092401483157e-16,-3.1238751584501694e-15,1.9878394186882224e-12,1.9786591169844065e-12,2.295724786523571e-14,1.163727188315419e-14,-4.160882323738084e-15,6.0350190159975306e-15,-1.7130681406790207e-15,-2.414268812606916e-12,-3.909533049918518e-15,-8.936679422654338e-15,-1.3676913513149043e-14,1.3005206833738766e-14,-5.986108700259393e-16,3.9555844801903354e-16,2.131376789480811e-15,8.02709592912505e-15,4.7321586257054635e-14
1.9042318036981764e-08,-4.373435916013937e-15,-3.705783822089213e-15,2.1473737312088687e-16,-2.8992243205363483e-15,8.764005052219524e-15,-1.2168256425487793e-12,2.052001979663404e-14,7.10283033851898e-15,8.955147150393689e-16,-2.6257846019867753e-16,3.3301901377824176e-08,-2.3865688053306107e-15,3.3407653120461976e-15,1.5044939394478718e-12,5.118345543961829e-15,-2.6904161705218748e-11,1.5112555317835707e-12,1.501006216210418e-12,5.408778134106834e-15,8.221977337612608e-16,3.5200589026920482e-15,7.680434328712291e-16,1.0677011634310642e-14,1.464318274287647e-12,2.994729973436555e-15,8.219821079770702e-16,7.26692233115065e-12,5.41039299249415e-15,6.232363594640016e-15,1.6515309277229978e-15,-1.652756973035184e-12,3.063917887326893e-09,5.408778134106834e-15,5.476533744246015e-15,2.1677683897661895e-15,4.1107429258593145e-15,-1.8851764282381867e-15,8.325942420656849e-15,8.326132525928389e-15,-7.14016533074305e-15,-6.685193806654049e-12,9.811475012582324e-15,1.5124120289796814e-12,1.5052042746732698e-12,-9.170440737564755e-15,1.508442826031869e-12,-3.1927230471528825e-15,-1.730798147509113e-15,5.4751680587566816e-15,-4.7324675613219556e-15,5.064259739488617e-15,-3.1930854992293693e-15,1.4628844314124988e-12,-5.640573370014205e-16,9.80871458511062e-12,4.796636004367531e-12,2.1492889512366882e-15,1.5187923745712663e-15,-1.7559512012085142e-16,-4.537322987875135e-12,1.5112557960565705e-12,1.503121396772347e-12,2.0520536752768028e-14,1.0120809970519608e-14,-3.1930854992293693e-15,5.408778112610735e-15,-1.0207554475838347e-15,-6.881509424577547e-16,-2.9522941419436686e-15,-1.440554555119007e-11,-2.2173613807862327e-11,1.1258156415812885e-14,-2.0766886016220887e-16,6.450723608454365e-16,2.103812381984283e-15,7.103561451878867e-15,4.061243808102818e-14
1.9576893038233766e-08,-1.3469805069481717e-14,-1.3765649665383982e-14,-2.476208428447892e-15,-1.0092755468506614e-14,1.8315441062629316e-14,-4.185843452617032e-15,4.0024370489515005e-14,1.4437231629433353e-14,-9.255120882717737e-16,-3.687882210009157e-15,-2.3865688053306107e-15,3.327849374087942e-08,5.236863621078242e-15,3.5081675218763306e-09,1.0008134560079405e-14,-3.629016517123705e-14,3.5495076765673883e-09,1.759911847400603e-12,1.037612586094472e-14,-1.068991815055803e-11,1.2399296710579097e-11,-1.0340530990692184e-15,2.3343764334058914e-14,1.678246581961576e-12,4.193376599050756e-15,-1.068991815042674e-11,6.3096176812621275e-15,1.037612586094473e-14,1.285021385631531e-14,1.474707847322573e-15,-4.591097331034526e-15,3.6368759497705677e-09,1.0376526858142087e-14,1.0838758559913835e-14,4.9673155032789e-12,7.468159505426485e-15,-7.61708678127444e-15,1.751765032427392e-14,1.75174928565422e-14,-4.050540018711528e-11,-1.0946530560715011e-14,2.130277858449018e-14,3.554443590682605e-09,1.7687189376409886e-12,-5.067473202680275e-11,1.7751847287108603e-12,-1.0469078230687157e-14,-7.488133817033288e-15,1.08388334655969e-14,-1.4602294509130487e-14,9.892232827341854e-15,-1.0469078230687157e-14,3.3391351883865577e-09,-3.963059749067233e-15,9.526084112469153e-15,3.2733455868465363e-15,2.045827359390933e-15,1.2023670149849278e-15,-6.653500423699286e-12,-8.4102505525166e-15,3.5495076765680104e-09,1.764423857170101e-12,4.0024370489515005e-14,2.1948457078812194e-14,-1.0469131566075058e-14,1.0376137519630146e-14,-6.111611199274101e-15,-4.6635510631316204e-15,-1.0057021617012103e-14,-4.004726395172642e-11,-6.022190390234624e-11,2.4806472908946116e-14,-3.093766640181287e-15,-1.2285985640121118e-15,2.4211885916821813e-15,1.4437468544186662e-14,9.173994041916477e-14
2.00294885107003e-08,-2.624554517650777e-16,5.372297239069685e-12,3.8969458720592215e-15,1.3484642298798486e-15,1.1313525754416087e-14,2.818886477874603e-15,2.9920415669850605e-14,9.625026138867213e-15,4.729200972642112e-15,7.128028917507898e-12,3.3407653120461976e-15,5.236863621078242e-15,3.331466271441894e-08,3.9807533056605096e-09,7.502671078931049e-15,-1.4846898152049124e-11,1.9974155060100807e-12,1.983628810477261e-12,8.177768270795941e-15,9.813358670306169e-15,6.038941538553297e-15,8.681641932978785e-12,1.250419762806365e-14,1.9417768226678984e-12,6.345210217334754e-15,9.813358670306169e-15,6.319155440671018e-15,8.178001435407985e-15,8.388343812313433e-15,4.662166839352307e-15,2.552305726541005e-15,4.072216374802079e-09,8.178001435407985e-15,7.830171032028574e-15,5.381707905134332e-15,6.694330485947272e-15,2.1511326834815834e-15,1.0580202129460529e-14,1.0580202129460529e-14,-2.2672828612868604e-15,4.645031867257396e-16,1.168094762531356e-14,1.9988574723077274e-12,1.9890540025055472e-12,-3.843011466037138e-15,1.9935633380315045e-12,6.711258257882696e-16,2.426892310420281e-15,7.830682483907321e-15,-3.4368511133272565e-13,7.432492481079703e-15,6.71421817592833e-16,1.9399288381217328e-12,2.829332459839566e-15,7.343557290679358e-15,5.254666218184444e-15,5.8443030838809016e-15,4.5234154379627696e-15,3.717599986826109e-15,1.5047543215765902e-15,1.9974156545995266e-12,1.9862684298993145e-12,2.9920415669850605e-14,1.2060012396916402e-14,6.71421817592833e-16,8.178001435407985e-15,3.696382896989904e-15,6.299707054064121e-12,1.00571040517794e-15,-2.8972088822832753e-15,-5.582023485292126e-15,1.2973340822274292e-14,3.1289457332316804e-15,4.220518520192481e-15,5.283365683722308e-15,9.623955655278646e-15,4.475730103363609e-14
0.9999998941974839,1.3535075869466456e-12,9.42069719931516e-09,3.2535481407644172e-09,1.7796206954042532e-12,2.7827216112381657e-12,1.6703015260059164e-12,-1.1507542788188936e-11,3.600658052267935e-09,2.9048217384432928e-12,3.9451815578859684e-09,1.5044939394478718e-12,3.5081675218763306e-09,3.9807533056605096e-09,0.9999998343147987,1.2937182620472938e-12,4.559555176073803e-09,0.9999997710973146,0.999999759246789,4.221404554911906e-09,1.3930110713732396e-08,1.0228648107434423e-12,4.787943852633971e-09,3.723064827164226e-09,0.9999997918254561,1.6274838600084155e-12,1.393011026457814e-08,1.446677043955018e-12,4.221403567420677e-09,1.9896108285748905e-12,1.1766136761869897e-12,1.508521802070468e-12,0.9999997979555566,4.221403758348613e-09,1.2309580508168242e-12,2.54101361482655e-09,1.5735246787299747e-12,3.5384726037058904e-09,4.026399654132909e-09,4.0264014186858195e-09,4.168914434025736e-09,1.1842660869700993e-12,2.205247297221663e-12,0.9999997715125578,0.9999997628263174,3.6365860082415124e-09,0.9999997697160043,1.4820163229236889e-12,2.499459611132031e-09,1.2309581355015552e-12,5.2111888241154665e-09,1.5019714830350874e-12,1.482017453269947e-12,0.9999997837953867,1.4665978844844406e-12,1.6954458871023613e-12,1.6849277835474139e-12,6.015448366363132e-09,1.3918939847420935e-12,1.0510320180847224e-12,1.1972648689823805e-12,0.9999997710973128,0.9999997609308672,-1.1507542118619988e-11,3.6937918347496583e-09,1.4820166028180592e-12,4.2214019786248235e-09,5.124893687555457e-12,4.331958902438419e-09,9.064510158789815e-13,9.719794411484048e-13,3.5600195507361793e-09,5.014477005752948e-09,1.1410171948752852e-12,6.859661686307607e-09,2.62375228573959e-12,3.60065669973449e-09,6.116888759835533e-13
1.8627226112826702e-08,6.009010128024077e-12,7.04156987739542e-15,5.886562816843934e-15,4.347183072115585e-15,1.0728953017732103e-14,4.856251420826146e-15,3.046131038065156e-14,9.405904526451939e-15,6.631102041422519e-15,5.737608202370156e-15,5.118345543961829e-15,1.0008134560079405e-14,7.502671078931049e-15,1.2937182620472938e-12,3.3316908607730665e-08,-1.061123960494239e-15,1.288942040879825e-12,1.275526672851965e-12,8.472136238987274e-15,1.4614479343972535e-14,6.621632629173805e-15,6.13757302237222e-15,1.1083718500183634e-14,1.2392515283989593e-12,7.52452122334163e-15,1.4614479343975185e-14,6.9707514473109795e-15,8.472939350062446e-15,8.145154420091098e-15,5.941413436175009e-15,4.604998625023762e-15,2.6709923646498534e-09,8.472307141860325e-15,7.881859749433655e-15,6.661383515750181e-15,7.186665263665948e-15,4.8080457342382346e-15,9.932227152286256e-15,9.933269688427737e-15,2.0329544328752028e-15,3.35863518123522e-15,1.0477521174670689e-14,1.2902777994844809e-12,1.280670963312304e-12,1.1743779195885192e-15,1.28515334154066e-12,3.523151995042757e-15,5.135513638214401e-15,7.88486720170736e-15,3.3852967335327106e-15,7.58570149791213e-15,3.523151995042757e-15,1.2374952964864022e-12,4.821335845757679e-15,7.559868503958453e-15,6.286249389136028e-15,7.395427069944202e-15,5.822833659406988e-15,5.885587632126234e-15,8.245956937089605e-12,1.2889427241662683e-12,1.2779762183504873e-12,3.0462597281186854e-14,1.0831252722745004e-14,3.5226539855643044e-15,8.472939350062446e-15,1.3021923395413262e-11,5.419368919476086e-15,7.720832476311899e-12,1.1326416750227913e-15,2.4258111742753875e-17,1.1356096614569102e-14,9.995069985583077e-12,6.0282963954160386e-15,6.545651916145306e-15,9.408556735653383e-15,3.7705411268078107e-14
2.0591184819622857e-08,-2.4911168026628532e-14,-6.614992628300605e-11,-3.003918326413434e-11,-2.2857898014650895e-14,4.574623117695992e-15,-3.086008350639258e-11,-3.786827690362468e-15,1.7640405257344732e-15,-1.448406384418562e-14,-3.285702263810415e-11,-2.6904161705218748e-11,-3.629016517123705e-14,-1.4846898152049124e-11,4.559555176073803e-09,-1.061123960494239e-15,3.320434531482755e-08,2.3260717308350566e-12,2.323078607012719e-12,-2.1732174537915656e-15,-3.645724480413275e-14,-4.408105544123905e-15,-2.7105719378354533e-11,1.0946273518230836e-14,2.2803088803746874e-12,-1.769064263150647e-11,-3.645737375486701e-14,-4.906134901507518e-15,-2.1736592317753497e-15,1.899326490542224e-15,-9.727632345193676e-15,-3.1130087992625606e-11,4.558068640275714e-09,-2.1736592317753497e-15,-3.330838226045853e-16,-9.714871398357131e-15,-3.69294426423313e-15,-4.0220255902334776e-11,5.036424393999405e-15,5.036065300980183e-15,-3.284260230340769e-14,-4.3820056430768874e-11,9.272894365284034e-15,2.3269043818004217e-12,2.3252781150538124e-12,-3.8315929131525727e-14,2.325554728893935e-12,-2.1758982435165094e-14,-4.093598473445695e-11,-3.325504892061148e-16,-5.424210071896336e-11,-1.096812585858318e-15,-2.1759193986762624e-14,2.2795807151120513e-12,-1.5179053336601974e-14,-1.5852599376292813e-15,-1.5533841064642395e-11,-2.3363335724409477e-11,-9.899019013278137e-15,-1.654272683847594e-14,-1.9997004163997385e-14,2.3260706378387946e-12,2.3245724544491216e-12,-3.7868276903624134e-15,9.491220267544742e-15,-2.1758890316320643e-14,-2.1736592330582745e-15,-2.15576602868295e-14,-3.4382756072549947e-11,-2.1794847608878913e-14,-6.126012010840444e-11,-4.284047449139678e-14,1.2452315955187306e-14,-1.4326950275617402e-14,-2.7366316051374693e-11,-9.618581096558463e-15,1.7631935115485652e-15,5.400565117049539e-14
0.999999864246409,1.3706327413860016e-12,4.747321554372133e-12,1.6395895592828614e-12,1.7941735483657575e-12,2.7713194407594467e-12,1.6787989299210597e-12,-2.2972062566505153e-08,1.7982014443834422e-12,2.9112036644242536e-12,1.9878401973820156e-12,1.5112555317835707e-12,3.5495076765673883e-09,1.9974155060100807e-12,0.9999997710973146,1.288942040879825e-12,2.3260717308350566e-12,0.9999997744308147,0.9999997293028011,2.1133288409816755e-12,1.396498598339881e-08,1.021434254442207e-12,2.4081393473614254e-12,1.8512536994028272e-12,0.9999997620004152,1.6288882156810528e-12,1.3964985534244362e-08,1.445383191396968e-12,2.113330060800673e-12,1.9821767241955734e-12,1.1798112500283329e-12,1.5173092184714571e-12,0.9999997679743616,2.11333017823948e-12,1.225446236085125e-12,1.277347464852146e-12,1.5711301093670957e-12,1.7872805608158368e-12,2.0088570718654337e-12,2.0088571022832264e-12,2.1153312784613187e-12,1.198911423861839e-12,2.1903845600658643e-12,0.9999997415411368,0.9999997328714285,1.8530879988292545e-12,0.9999997397541484,1.496319281937341e-12,1.2660608948428801e-12,1.2254472876702278e-12,2.6330092928309544e-12,1.497270027495268e-12,1.4963202184455918e-12,0.9999997539740292,1.4748466130066303e-12,1.69114539864664e-12,1.68639690814263e-12,3.021722288432019e-12,1.3953121293804659e-12,1.0595589450572822e-12,1.2097540699296267e-12,0.9999997411291256,0.9999997309809996,-2.2972062822406658e-08,1.8378664032427593e-12,1.4963207296040803e-12,2.1133265962266576e-12,5.136838563962874e-12,2.1826957263315475e-12,9.205290243930776e-13,9.950628181184725e-13,1.8189690942843298e-12,2.4978536255215155e-12,1.14846825970834e-12,3.4478076212032627e-12,2.6264219929340596e-12,1.7981994340317842e-12,1.0811329849266635e-09
0.9999998523461779,1.3629516503139834e-12,4.731805650045702e-12,1.6278634157417487e-12,1.784353602991609e-12,2.7531087583952566e-12,1.6688163388192376e-12,-2.307832140662809e-08,1.782018682469997e-12,2.89822655516689e-12,1.9762325112882266e-12,1.501006216210418e-12,1.759911847400603e-12,1.983628810477261e-12,0.999999759246789,1.275526672851965e-12,2.323078607012719e-12,0.9999997293028011,0.9999997508240722,2.098371023692609e-12,6.9780680500160105e-12,1.009469140573891e-12,2.3961087524374283e-12,1.8330477843619434e-12,0.9999997503374825,1.6149354590362127e-12,6.978070054316377e-12,1.432776408590986e-12,2.098371730776767e-12,1.96817581429404e-12,1.1685037007462959e-12,1.5077374665504778e-12,0.9999997559639104,2.098371656579202e-12,1.2117010529850216e-12,1.2647984387795694e-12,1.5582633439892749e-12,1.7769229403672654e-12,1.992073555647699e-12,1.9920759615960162e-12,2.1085396673600387e-12,1.190899511135678e-12,2.173069523282207e-12,0.9999997297103456,0.9999997210735764,1.8472599176607555e-12,0.9999997279408491,1.4880394355198749e-12,1.2551206994374677e-12,1.2117017704359605e-12,2.6244298476705034e-12,1.4839633878882117e-12,1.4880387831476942e-12,0.9999997423170134,1.4649524741625299e-12,1.6778295454738295e-12,1.6746888107896998e-12,3.0076946340754112e-12,1.3841938459655758e-12,1.0476610604254591e-12,1.2006060497979543e-12,0.9999997293028013,0.999999719192352,-2.3078321662529143e-08,1.819960683306233e-12,1.4880374728965942e-12,2.0983700020966675e-12,5.123351761733084e-12,2.171559505536198e-12,9.116637950366436e-13,9.900175293422045e-13,1.8146872438962902e-12,2.479322018421326e-12,1.1383300173461795e-12,3.435937898390738e-12,2.6140690115426667e-12,1.7820182656329792e-12,9.608114252291594e-10
2.0272363355873357e-08,2.830929824821256e-15,7.143950148386982e-15,6.229519534709545e-15,4.362663062171803e-15,1.200629437693375e-14,5.075465695429298e-15,3.374760573714005e-14,1.0483013360204877e-14,7.069386701456802e-15,6.033251975146851e-15,5.408778134106834e-15,1.037612586094472e-14,8.177768270795941e-15,4.221404554911906e-09,8.472136238987274e-15,-2.1732174537915656e-15,2.1133288409816755e-12,2.098371023692609e-12,3.33203210314737e-08,1.5485340611959404e-14,7.265867586265605e-15,6.538115117953143e-15,1.25317861543575e-14,2.0572180474833144e-12,8.174920394120732e-15,1.548538062273114e-14,7.639873883977435e-15,1.866785833961298e-11,9.085809299831357e-15,6.4030568228772575e-15,4.796445951813495e-15,4.323234479537439e-09,1.866785833964539e-11,8.746237436898014e-15,7.199406308545523e-15,7.906188086576676e-15,4.928855570353957e-15,1.1134408008795259e-14,1.1133038987808798e-14,1.5928484859055537e-15,3.2824179612295097e-15,1.1824522173492253e-14,2.1148264259518217e-12,2.104125786162525e-12,5.266477247249635e-16,2.1091095668378396e-12,3.470244734947771e-15,5.282457292926266e-15,8.746237436898014e-15,3.2063064720644025e-15,8.40302402651022e-15,3.470915908353078e-15,2.05525367280453e-12,5.046596287808175e-15,8.363706957198343e-15,6.823773246011242e-15,7.973105283124051e-15,6.268275406974229e-15,6.201404132463346e-15,4.17945497807565e-15,2.113328701766599e-12,2.101121799474184e-12,3.374766293506918e-14,1.222138196185679e-14,3.4701771287900314e-15,1.8667858339632133e-11,6.809703561676396e-15,5.666785058963185e-15,3.849750338333666e-15,6.340666072154265e-16,-8.423901122589551e-16,1.2865600516661384e-14,5.2721718668334195e-15,6.416258923185112e-15,7.077024740492283e-15,1.0481779764495248e-14,4.297254543517813e-14
3.001478289929607e-08,-1.1428904810037005e-14,-9.227884097362984e-15,1.1993111330511812e-15,-7.258650466564451e-15,2.4712335426490743e-14,-1.1199272579803468e-15,5.832714629076852e-14,2.006236062351991e-14,3.2032476540178368e-15,-8.745873495644596e-17,8.221977337612608e-16,-1.068991815055803e-11,9.813358670306169e-15,1.3930110713732396e-08,1.4614479343972535e-14,-3.645724480413275e-14,1.396498598339881e-08,6.9780680500160105e-12,1.5485340611959404e-14,3.330929532850491e-08,2.0422829538642945e-11,2.7869631681475973e-15,2.989528161047042e-14,1.3701834207802294e-08,8.787077242410632e-15,7.441546861504826e-12,1.0541348806616738e-14,1.5485558276795938e-14,1.7734131093214573e-14,5.142172590510876e-15,-1.6667604687005323e-15,1.411406315959055e-08,1.548538062273114e-14,1.5574141740035703e-14,1.3128098320808315e-11,1.1816436532147345e-14,-4.538364023116734e-15,2.343045689006678e-14,2.3430199937062913e-14,-3.741459284184822e-11,-8.722391304786535e-15,2.7506562068258763e-14,1.3971506068046298e-08,6.989949760391264e-12,-4.8515309044315126e-11,1.3949144119603971e-08,-8.140342353206083e-15,-4.225015820027193e-15,1.5574141739188242e-14,-1.2307232920662267e-14,1.446154631457696e-14,-8.140342353206083e-15,6.8709588910396385e-12,-9.177276841254578e-16,1.4085186381620052e-14,7.121737872796614e-15,6.5984954737832786e-15,4.802575857920637e-15,7.472454484613154e-13,-5.745414221700998e-15,1.3964985983399486e-08,6.984041416622877e-12,5.832714629075016e-14,2.835982904666315e-14,-8.14022170121284e-15,1.5485321497113112e-14,-1.9833748006395824e-15,-1.242568314491552e-15,-7.533489448223034e-15,-3.804541156548444e-11,-5.933950987947922e-11,3.150784756428189e-14,5.821297107819145e-17,2.540672513927843e-15,6.454105479382703e-15,2.0063046768798357e-14,1.1394950415854736e-13
1.8086555503703414e-08,8.678712030837698e-16,3.810880197097766e-15,4.083544352060445e-15,2.182514370369175e-15,9.718846998525511e-15,3.1485282463934394e-15,2.6420631191166146e-14,8.365073066357115e-15,4.776484248358022e-15,3.853477789224076e-15,3.5200589026920482e-15,1.2399296710579097e-11,6.038941538553297e-15,1.0228648107434423e-12,6.621632629173805e-15,-4.408105544123905e-15,1.021434254442207e-12,1.009469140573891e-12,7.265867586265605e-15,2.0422829538642945e-11,3.331259548116748e-08,4.404469273664342e-15,1.048352122695178e-14,9.747000704078476e-13,5.964410893294096e-15,2.0422829538701167e-11,5.7534461944802475e-15,7.264376592509999e-15,7.261462621150513e-15,4.512123720904175e-15,2.916074242002044e-15,2.1197510492716846e-09,7.264376592509999e-15,6.879630551007167e-15,5.142792797919122e-15,6.034315557723099e-15,2.7765099567102676e-15,9.058196088787727e-15,9.056610925612257e-15,-1.0666335383052344e-12,1.379550366569744e-15,9.833393682454722e-15,1.0226610304755273e-12,1.014125794289219e-12,-3.3311272553826377e-12,1.018076241562249e-12,1.5404515959696003e-15,3.0454853896935103e-15,6.879630551007167e-15,1.0292750979462619e-15,6.564167422534473e-15,1.5404667536058853e-15,9.731067622023414e-13,3.142518946319992e-15,6.5062580555649874e-15,4.950378700859365e-15,5.641085381420429e-15,4.393945005559288e-15,3.979726352319024e-15,2.201585305866508e-15,1.0214336802885893e-12,1.0117178617199515e-12,2.6419976175559768e-14,1.0160131408215861e-14,1.5404515959696003e-15,7.265973696054581e-15,4.18336081098827e-15,3.520396212550265e-15,1.8419477682637537e-15,-2.3673001640767964e-12,-5.978006173461833e-12,1.082782075151184e-14,3.369192844683542e-15,4.294216219453195e-15,5.0477284633086175e-15,8.365062696543742e-15,3.6807792489505865e-14
