1.0000000052047309,4.617370544616984e-06,4.442365718665336e-06,4.4977417424646325e-06,4.56329435127365e-06,4.427470650350571e-06,4.4352832918632724e-06,4.4868017438656084e-06,4.427470650761286e-06,4.664580024631947e-06,1.000042281092202,1.0000422810922016,1.0000422810922005,4.419576922556023e-06,4.496763368951792e-06,4.436678867956512e-06,4.420110018923032e-06,4.436678867644382e-06,4.496763368951791e-06,1.0000422810922003,4.491023162893106e-06,1.0000422810922005,4.465956669308526e-06,4.433737563671657e-06,4.497741742280354e-06,4.465956669022338e-06,4.531166639968092e-06,1.0000436790361615,4.470606465414457e-06,4.467073510182802e-06,4.531166639131865e-06,1.0000422810922,4.455814141494294e-06,4.448518443347775e-06,4.531166639554023e-06,4.43920738528626e-06,4.4996834475794485e-06,4.439951327139449e-06,4.497741742280354e-06,4.554758426121134e-06,4.447458076356701e-06,1.0000422810922005,4.509584527518727e-06,4.419576922113084e-06,4.4537560608798986e-06,4.557568406896381e-06
4.617370544616984e-06,-2.173686736462436e-06,5.239057823379047e-13,2.9204579555579057e-16,6.464492693802522e-13,2.559990986425085e-16,2.5997960435976415e-16,5.689607624254087e-13,2.560690991883422e-16,7.487800338444062e-13,4.702346951710998e-10,4.702346951710998e-10,4.702346951710998e-10,2.519730084003669e-16,5.791848183342043e-13,2.607603286904312e-16,5.01592120181677e-13,2.607603286904312e-16,5.791848183095765e-13,4.702346952622673e-10,2.884379515645877e-16,4.702346952413053e-10,2.7562044197190436e-16,5.153276188638137e-13,2.9204579555579057e-16,2.7562044197190436e-16,3.0891402489800673e-16,9.345734658051499e-07,5.524703706190682e-13,2.761799446939332e-16,3.089972186371878e-16,4.702346952622673e-10,2.7024475686079455e-16,5.302279513705242e-13,3.0891402489800673e-16,2.6181960101857873e-16,2.928447244179437e-16,2.623514783900898e-16,2.91955053164565e-16,3.2088544390262305e-16,5.292979797193357e-13,4.702346952662944e-10,5.922132305943241e-13,2.519278520569389e-16,5.354755199327956e-13,3.221645814358417e-16
4.442365718665336e-06,5.239057823379047e-13,-2.1736870620724606e-06,2.129971592266627e-16,2.406076806865447e-16,1.8293927670868968e-16,1.864432867679462e-16,2.0828266528204353e-16,1.8302124513753618e-16,2.837551906530396e-16,3.8217699282795443e-10,3.821769927761608e-10,3.821769927761608e-10,1.7982032833595538e-16,2.1235457301886925e-16,1.8697122697879803e-16,1.7994525447940523e-16,1.8697122697879803e-16,2.125441883071058e-16,3.821769927761608e-10,2.10004825856923e-16,3.8217699282795443e-10,1.9966900413095378e-16,1.861695520754702e-16,2.1304571668365036e-16,1.9966900413095378e-16,2.2712548804281857e-16,7.595621088006779e-07,2.0124691391338708e-16,2.0019418137434197e-16,2.270304411085305e-16,3.8217699287683325e-10,1.9506855872727434e-16,1.9201830148340856e-16,2.2712548804281857e-16,1.8800654323943051e-16,2.1370281342642105e-16,1.883214775613104e-16,2.129525656203604e-16,2.3724558160283585e-16,1.9173944086019399e-16,3.821769927761608e-10,2.1813108389189612e-16,1.7982032833595538e-16,3.861653564989568e-13,2.3840166785336885e-16
4.4977417424646325e-06,2.9204579555579057e-16,2.129971592266627e-16,-2.1736869647277167e-06,5.318879961105574e-13,2.0632207891650792e-16,2.1000135643788292e-16,2.3306738805591387e-16,2.0630498343557645e-16,6.22449372221793e-13,4.1004071147876585e-10,4.1004071153687777e-10,4.1004071153687777e-10,2.028126766771934e-16,2.3757340177023815e-16,2.1053242506925444e-16,2.029115553044165e-16,2.1053242506925444e-16,2.3763234729072994e-16,4.1004071147876585e-10,2.3476435467875257e-16,4.1004071153687777e-10,2.237720995108931e-16,2.0925807384000378e-16,4.732089760555352e-13,2.237720995108931e-16,2.5319937564897656e-16,8.149401971028921e-07,2.2567157973110743e-16,2.2433214089096593e-16,2.5319937564897656e-16,4.1004071147876585e-10,2.1887898176507345e-16,2.1591594773209696e-16,2.5331080040246877e-16,2.11655015427845e-16,2.3875639701499724e-16,2.1178908763916074e-16,4.732089756935497e-13,2.637106412059676e-16,2.149663817821646e-16,4.100407116551347e-10,2.4337953456614485e-16,2.028126766771934e-16,2.1816823400336107e-16,2.6510821671005097e-16
4.56329435127365e-06,6.464492693802522e-13,2.406076806865447e-16,5.318879961105574e-13,-2.173686842966421e-06,2.3350121069097587e-16,2.3737633493124914e-16,2.621040936250898e-16,2.3355522280973925e-16,6.917468464866638e-13,4.430250133869949e-10,4.430250133869949e-10,4.430250133869949e-10,2.3010128624275056e-16,2.672808719210892e-16,2.3797393024437336e-16,4.574020768684416e-13,2.3805271160875777e-16,2.672808719210892e-16,4.430250133869949e-10,2.641953920948175e-16,4.430250133869949e-10,2.5223694452582004e-16,2.365238038493218e-16,5.318879967989312e-13,2.5223500687016255e-16,2.83740852154878e-16,8.80495250943778e-07,2.5438695269169826e-16,2.527357154833703e-16,2.8373718686674385e-16,4.430250133869949e-10,2.4730333394132928e-16,2.437047949269076e-16,2.837371868665728e-16,2.3944057201052635e-16,2.685197402518665e-16,2.3966792028879605e-16,5.318879964899387e-13,2.952906460946478e-16,4.836720619245485e-13,4.430250134365272e-10,5.433248703605509e-13,2.3010128624275056e-16,2.461474081898253e-16,2.9656591007105113e-16
4.427470650350571e-06,2.559990986425085e-16,1.8293927670868968e-16,2.0632207891650792e-16,2.3350121069097587e-16,-2.1736870866101144e-06,1.8030998976038914e-16,2.0165850882655602e-16,1.7678177676598345e-16,2.7563817926703306e-16,3.7468219730705134e-10,3.7468219730705134e-10,3.7468219730705134e-10,1.738620957572538e-16,2.059280296975558e-16,1.8092332024580322e-16,1.7390622139322378e-16,1.8085134851920397e-16,2.059280296975558e-16,3.7468219730705134e-10,2.0347439919052217e-16,3.7468219730705134e-10,1.9301980204677808e-16,1.795205602523463e-16,2.0632207891650792e-16,1.9301980204677808e-16,2.2026821930135542e-16,7.446664858302667e-07,1.949572078051543e-16,1.93459449811477e-16,2.2026821930135542e-16,3.7468219730705134e-10,1.8878884776478263e-16,1.8561877101946139e-16,2.2026821930135542e-16,1.8182809847948573e-16,2.0697526810813065e-16,1.8220244943922327e-16,2.0623915531751612e-16,2.300996198835531e-16,1.8532204865797388e-16,3.7468219730705134e-10,2.1128147281673538e-16,1.738620957572538e-16,1.8775193157208216e-16,2.312064804357974e-16
4.4352832918632724e-06,2.5997960435976415e-16,1.864432867679462e-16,2.1000135643788292e-16,2.3737633493124914e-16,1.8030998976038914e-16,-2.1736870746755075e-06,2.050689045761413e-16,1.8019371681486575e-16,2.7983268289318954e-16,3.7861330750600807e-10,3.7861330750600807e-10,3.7861330751716374e-10,1.7698463886257715e-16,2.0945267735783293e-16,1.8410057570301065e-16,1.7731577954084875e-16,1.8410057570301065e-16,2.0945267735783293e-16,3.7861330750600807e-10,4.1121689878962763e-13,3.7861330751716374e-10,1.963528786492061e-16,1.8294133822206704e-16,2.099038924901122e-16,1.963528786492061e-16,2.237937327394932e-16,7.524794188656655e-07,1.9854775633626054e-16,1.9687555804105153e-16,2.237937327394932e-16,3.7861330750600807e-10,1.922279322183697e-16,1.8909049573768527e-16,2.237937327394932e-16,1.8510901338746122e-16,2.1058348824381419e-16,1.854798738268984e-16,2.0992776637973762e-16,2.3374830191419565e-16,1.8885783938592518e-16,3.7861330750604814e-10,2.1483139842677282e-16,1.7698463886257715e-16,1.9129715518976507e-16,2.3491621270593433e-16
4.4868017438656084e-06,5.689607624254087e-13,2.0828266528204353e-16,2.3306738805591387e-16,2.621040936250898e-16,2.0165850882655602e-16,2.050689045761413e-16,-2.1736869840816005e-06,2.0165850882655602e-16,3.072633340887936e-16,4.0453600153122133e-10,4.0453600163668996e-10,4.0453600153122133e-10,1.9813150405723132e-16,2.3273791983202986e-16,4.0901254633641666e-13,1.9876494982258801e-16,4.090125455251233e-13,2.3273791983202986e-16,4.0453600163668996e-10,4.571230126435371e-13,4.0453600153122133e-10,2.1898042940047745e-16,2.046222040095754e-16,2.332378354715807e-16,2.1887006650910618e-16,2.480052500932452e-16,8.039997938754931e-07,2.2081612369971003e-16,4.360098814506216e-13,2.480052500932452e-16,4.0453600163668996e-10,2.1424144275582687e-16,2.1121641767820625e-16,2.479734890472447e-16,2.0701139456995887e-16,2.337347597618477e-16,2.0706783432566686e-16,2.332378354715807e-16,2.584213699237772e-16,2.1077249244289097e-16,4.0453600153122133e-10,2.384874362762353e-16,1.9813150405723132e-16,2.1370613254919106e-16,2.5958297099383983e-16
4.427470650761286e-06,2.560690991883422e-16,1.8302124513753618e-16,2.0630498343557645e-16,2.3355522280973925e-16,1.7678177676598345e-16,1.8019371681486575e-16,2.0165850882655602e-16,-2.1736870866101144e-06,2.757220430329026e-16,3.746821976959378e-10,3.746821976959378e-10,3.746821976959378e-10,1.738620957572538e-16,2.0591610245772644e-16,1.8092332024580322e-16,1.7413617054933274e-16,1.8092332024580322e-16,2.059280296975558e-16,3.746821976959378e-10,2.0347439919052217e-16,3.746821977539665e-10,1.9301980204677808e-16,1.7966275659937828e-16,2.0630498343557645e-16,1.9301980204677808e-16,2.2019191970519312e-16,7.446664864790302e-07,1.9480300932542032e-16,1.93459449811477e-16,2.2019191970519312e-16,3.746821976959378e-10,1.8878878659104555e-16,1.856187710194614e-16,2.2019191970494628e-16,1.8161494201171783e-16,2.0697526810813065e-16,1.8220244943922327e-16,2.0632207891650792e-16,2.3010106975658132e-16,1.854432255427444e-16,3.746821976959378e-10,2.1128147281673538e-16,1.7366130074537298e-16,1.8775193157208216e-16,2.312064804357974e-16
4.664580024631947e-06,7.487800338444062e-13,2.837551906530396e-16,6.22449372221793e-13,6.917468464866638e-13,2.7563817926703306e-16,2.7983268289318954e-16,3.072633340887936e-16,2.757220430329026e-16,-2.1736866378755942e-06,4.939892311273245e-10,4.939892310331108e-10,4.939892310331108e-10,5.396180103838843e-13,6.214334460112352e-13,2.805777862853773e-16,5.403289740975736e-13,2.805429366948914e-16,6.214334459848221e-13,4.939892310331108e-10,3.094052271389345e-16,4.939892310331108e-10,2.9617990919858e-16,5.546896275418553e-13,6.224493728943062e-13,2.9613587192149864e-16,3.3095486173712895e-16,9.817847083756403e-07,2.988029348421131e-16,2.9683403001419456e-16,3.3096599647152014e-16,4.939892310331108e-10,2.907085872056877e-16,2.869153243492835e-16,3.3096599647152014e-16,5.603361032097356e-13,3.1411214862529243e-16,2.82288738402077e-16,6.224493726667098e-13,3.4363448930700863e-16,5.692874189114791e-13,4.939892311273245e-10,6.35048650202764e-13,5.396180104797485e-13,2.896601134153423e-16,3.450224833878195e-16
1.000042281092202,4.702346951710998e-10,3.8217699282795443e-10,4.1004071147876585e-10,4.430250133869949e-10,3.7468219730705134e-10,3.7861330750600807e-10,4.0453600153122133e-10,3.746821976959378e-10,4.939892311273245e-10,1.0000729001538176,1.0000750738414979,1.0000750738414979,3.707102864348558e-10,4.095484208381674e-10,3.793155243957814e-10,3.7097852608683306e-10,3.79315524192073e-10,4.0954842085354947e-10,1.000075073841497,4.0666010457318553e-10,1.000075073841498,3.940473220798282e-10,3.778355385228254e-10,4.1004071146025897e-10,3.940473219582718e-10,4.2685921722339395e-10,1.0000764718378599,3.9638697409010586e-10,3.946092856946792e-10,4.2685921727418904e-10,1.000075073841497,3.8894387816880666e-10,3.852728772216251e-10,4.268592174842674e-10,3.805878045671897e-10,4.110177264879234e-10,3.809621385934332e-10,4.1004071179507863e-10,4.3872996749825005e-10,3.847393298072735e-10,1.0000750738414979,4.1599968143634204e-10,3.7071028700850225e-10,3.879083066049644e-10,4.401438735520228e-10
1.0000422810922016,4.702346951710998e-10,3.821769927761608e-10,4.1004071153687777e-10,4.430250133869949e-10,3.7468219730705134e-10,3.7861330750600807e-10,4.0453600163668996e-10,3.746821976959378e-10,4.939892310331108e-10,1.0000750738414979,1.0000729001538171,1.0000750738414963,3.707102864348558e-10,4.095484208381674e-10,3.793155243957985e-10,3.7097852605369357e-10,3.7931552419695193e-10,4.0954842085354947e-10,1.0000750738414959,4.0666010457318553e-10,1.0000750738414967,3.940473220798282e-10,3.778355386173985e-10,4.1004071146025897e-10,3.94047321881039e-10,4.2685921730689064e-10,1.0000764718378592,3.9638697418517207e-10,3.946092856882268e-10,4.2685921727418904e-10,1.0000750738414967,3.8894387816880666e-10,3.852728772758486e-10,4.268592174842674e-10,3.805878045671897e-10,4.110177264879234e-10,3.809621386133083e-10,4.100407118211605e-10,4.3872996753964026e-10,3.847393296294812e-10,1.0000750738414967,4.159996814379793e-10,3.707102870199653e-10,3.8790830671842973e-10,4.401438736070021e-10
1.0000422810922005,4.702346951710998e-10,3.821769927761608e-10,4.1004071153687777e-10,4.430250133869949e-10,3.7468219730705134e-10,3.7861330751716374e-10,4.0453600153122133e-10,3.746821976959378e-10,4.939892310331108e-10,1.0000750738414979,1.0000750738414963,1.0000729001538136,3.707102864348558e-10,4.0954842088356247e-10,3.793155243957814e-10,3.709785260868331e-10,3.7931552419695193e-10,4.0954842085354947e-10,1.0000750738414963,4.0666010457318553e-10,1.0000750738414974,3.940473220798282e-10,3.778355385770321e-10,4.1004071146025897e-10,3.94047321881039e-10,4.2685921722339395e-10,1.0000764718378592,3.9638697409010586e-10,3.946092856946792e-10,4.2685921726714074e-10,1.000075073841496,3.8894387816880666e-10,3.852728772216251e-10,4.268592174842674e-10,3.805878045671897e-10,4.1101772643342065e-10,3.809621386133083e-10,4.1004071179507863e-10,4.38729967508284e-10,3.8473932958647956e-10,1.0000750738414967,4.159996814379793e-10,3.707102869142407e-10,3.8790830669763963e-10,4.401438736070021e-10
4.419576922556023e-06,2.519730084003669e-16,1.7982032833595538e-16,2.028126766771934e-16,2.3010128624275056e-16,1.738620957572538e-16,1.7698463886257715e-16,1.9813150405723132e-16,1.738620957572538e-16,5.396180103838843e-13,3.707102864348558e-10,3.707102864348558e-10,3.707102864348558e-10,-2.1736871008002304e-06,2.0244902619355194e-16,1.772911257744659e-16,1.7057047194091716e-16,1.7756746490632448e-16,2.025976169665234e-16,3.70710286443573e-10,1.9984194519031255e-16,3.707102864348558e-10,1.8960681607964437e-16,1.7636057031790914e-16,2.028126766771934e-16,1.8960681607964437e-16,2.1665236468500298e-16,7.367724627710865e-07,1.9128580178099112e-16,1.8985038023686394e-16,2.1665236468500298e-16,3.70710286443573e-10,1.8557602590085675e-16,1.8249699515592744e-16,2.1641176378972832e-16,1.784314114643008e-16,2.0355504404548506e-16,1.7867215884467601e-16,2.028126766771934e-16,2.2636625189025356e-16,1.820534335271938e-16,3.70710286570628e-10,2.077648925082606e-16,1.7029495648790654e-16,1.8461022942626089e-16,2.2752963863785054e-16
4.496763368951792e-06,5.791848183342043e-13,2.1235457301886925e-16,2.3757340177023815e-16,2.672808719210892e-16,2.059280296975558e-16,2.0945267735783293e-16,2.3273791983202986e-16,2.0591610245772644e-16,6.214334460112352e-13,4.095484208381674e-10,4.095484208381674e-10,4.0954842088356247e-10,2.0244902619355194e-16,-2.1736869678289097e-06,2.1002358548779148e-16,2.0267902880280672e-16,2.1019746770640238e-16,4.714975819178487e-13,4.0954842088356247e-10,2.34606154400571e-16,4.095484208381944e-10,2.231758905280873e-16,2.085542888337611e-16,2.3763234729072994e-16,2.231758905280873e-16,2.5266657040694386e-16,8.139617878944899e-07,4.4783726017487257e-13,2.23720753116055e-16,2.5266657040694386e-16,4.0954842088356247e-10,2.187294109420596e-16,2.1532000371591652e-16,2.5266657040694386e-16,2.1107786317825416e-16,2.385295947678669e-16,2.1161868362694255e-16,2.3763234729072994e-16,2.633471687192235e-16,2.1461712255799999e-16,4.095484208381674e-10,4.830262738649128e-13,2.0248344119017445e-16,2.1779444272374528e-16,2.6468853961647006e-16
4.436678867956512e-06,2.607603286904312e-16,1.8697122697879803e-16,2.1053242506925444e-16,2.3797393024437336e-16,1.8092332024580322e-16,1.8410057570301065e-16,4.0901254633641666e-13,1.8092332024580322e-16,2.805777862853773e-16,3.793155243957814e-10,3.793155243957985e-10,3.793155243957814e-10,1.772911257744659e-16,2.1002358548779148e-16,-2.173687072225691e-06,1.7806466690334483e-16,1.8489534252805846e-16,2.1015470824458497e-16,3.793155243957985e-10,2.075124315329072e-16,3.793155243957985e-10,1.9716423565993595e-16,1.8350065385265753e-16,2.1048793445078086e-16,1.9729853471493975e-16,2.246057838074431e-16,7.538750481513333e-07,1.990120214396954e-16,1.9745321965467845e-16,2.245368013161886e-16,3.793155243957814e-10,1.9269931162111047e-16,1.8969845500523322e-16,2.245368013161886e-16,1.85874469190978e-16,2.1107610011623304e-16,1.8598056202107354e-16,2.1048793445078086e-16,2.3451617479977553e-16,1.8934311367417914e-16,3.793155243957814e-10,2.1551396525157802e-16,1.772911257744659e-16,1.9171584551977635e-16,2.356436157811851e-16
4.420110018923032e-06,5.01592120181677e-13,1.7994525447940523e-16,2.029115553044165e-16,4.574020768684416e-13,1.7390622139322378e-16,1.7731577954084875e-16,1.9876494982258801e-16,1.7413617054933274e-16,5.403289740975736e-13,3.7097852608683306e-10,3.7097852605369357e-10,3.709785260868331e-10,1.7057047194091716e-16,2.0267902880280672e-16,1.7806466690334483e-16,-2.1736870981590567e-06,1.7773266111332232e-16,2.0268655402517707e-16,3.709785260868331e-10,2.0024715890319242e-16,3.7097852605369357e-10,1.898204414231792e-16,1.7677574470162888e-16,2.029115553043937e-16,1.898204414231792e-16,2.169617943332768e-16,7.373055790853355e-07,1.9180892008832052e-16,1.905456449174908e-16,2.1696123972424837e-16,3.7097852605369357e-10,1.856448003946593e-16,1.8280806565111404e-16,2.1696123972424837e-16,1.7873110698100976e-16,2.0380585685993067e-16,1.792634066688274e-16,2.029115553043937e-16,2.2654663990027114e-16,1.8206729680938453e-16,3.7097852607957843e-10,2.0831520540579094e-16,1.7050762747206953e-16,1.8482906492206454e-16,2.2780955082797734e-16
4.436678867644382e-06,2.607603286904312e-16,1.8697122697879803e-16,2.1053242506925444e-16,2.3805271160875777e-16,1.8085134851920397e-16,1.8410057570301065e-16,4.090125455251233e-13,1.8092332024580322e-16,2.805429366948914e-16,3.79315524192073e-10,3.7931552419695193e-10,3.7931552419695193e-10,1.7756746490632448e-16,2.1019746770640238e-16,1.8489534252805846e-16,1.7773266111332232e-16,-2.173687072225691e-06,2.1003485509473056e-16,3.793155242815316e-10,2.075124315329072e-16,3.7931552419695193e-10,1.9716590077343617e-16,1.8342412215208998e-16,2.1048793445078086e-16,1.9716423565993595e-16,2.245368013161886e-16,7.53875047930442e-07,1.9903660694672937e-16,1.9745321965467845e-16,2.245368013161886e-16,3.7931552419695193e-10,1.9269931162111047e-16,1.8963916338812935e-16,2.245368013161886e-16,1.8587446919097856e-16,2.1133809722999583e-16,1.8598056202107354e-16,2.1048793445078086e-16,2.3451617479977553e-16,1.8934311367417914e-16,3.7931552419695193e-10,2.1551396525157802e-16,1.7742137359762987e-16,1.9179118195558598e-16,2.356436157811851e-16
4.496763368951791e-06,5.791848183095765e-13,2.125441883071058e-16,2.3763234729072994e-16,2.672808719210892e-16,2.059280296975558e-16,2.0945267735783293e-16,2.3273791983202986e-16,2.059280296975558e-16,6.214334459848221e-13,4.0954842085354947e-10,4.0954842085354947e-10,4.0954842085354947e-10,2.025976169665234e-16,4.714975819178487e-13,2.1015470824458497e-16,2.0268655402517707e-16,2.1003485509473056e-16,-2.1736869678289097e-06,4.095484209171388e-10,2.346372489579016e-16,4.0954842085354947e-10,2.2317589052807977e-16,2.0849798132498274e-16,2.3763234729072994e-16,2.232995453761612e-16,2.5266657040694386e-16,8.139617878762226e-07,4.4783726015579824e-13,2.2375495467611036e-16,2.5266657040694386e-16,4.095484209171388e-10,2.1855322997968437e-16,2.1529566757345075e-16,2.527765479544757e-16,2.1135640370378621e-16,2.3852435367688466e-16,2.1161868362694255e-16,2.3763234729072994e-16,2.6332294197279476e-16,2.1481606148859954e-16,4.0954842085354947e-10,4.830262738443765e-13,2.025976169665234e-16,2.1786958422791477e-16,2.6468853961647006e-16
1.0000422810922003,4.702346952622673e-10,3.821769927761608e-10,4.1004071147876585e-10,4.430250133869949e-10,3.7468219730705134e-10,3.7861330750600807e-10,4.0453600163668996e-10,3.746821976959378e-10,4.939892310331108e-10,1.000075073841497,1.0000750738414959,1.0000750738414963,3.70710286443573e-10,4.0954842088356247e-10,3.793155243957985e-10,3.709785260868331e-10,3.793155242815316e-10,4.095484209171388e-10,1.0000729001538171,4.0666010457318553e-10,1.0000750738414967,3.940473220001666e-10,3.778355385228254e-10,4.1004071146025897e-10,3.9404732202557476e-10,4.268592172384234e-10,1.0000764718378579,3.9638697411848394e-10,3.946092856946792e-10,4.268592172617868e-10,1.000075073841496,3.889438781983145e-10,3.85272877259361e-10,4.268592174842674e-10,3.805878045671897e-10,4.110177264211756e-10,3.8096213865055137e-10,4.1004071179507863e-10,4.38729967508284e-10,3.847393296294812e-10,1.0000750738414959,4.159996816198487e-10,3.707102869358087e-10,3.8790830657809456e-10,4.401438735520228e-10
4.491023162893106e-06,2.884379515645877e-16,2.10004825856923e-16,2.3476435467875257e-16,2.641953920948175e-16,2.0347439919052217e-16,4.1121689878962763e-13,4.571230126435371e-13,2.0347439919052217e-16,3.094052271389345e-16,4.0666010457318553e-10,4.0666010457318553e-10,4.0666010457318553e-10,1.9984194519031255e-16,2.34606154400571e-16,2.075124315329072e-16,2.0024715890319242e-16,2.075124315329072e-16,2.346372489579016e-16,4.0666010457318553e-10,-2.1736869799450884e-06,4.0666010457318553e-10,2.2064404340307727e-16,2.0624312354196318e-16,2.3487072052028964e-16,2.2064404340307727e-16,2.499481940655219e-16,8.082213686658167e-07,2.226495780077866e-16,4.3958386784586594e-13,2.499481940655219e-16,4.0666010467269794e-10,2.1602232788664006e-16,2.1279134173258135e-16,2.499481940655219e-16,2.0889733795546436e-16,2.356436482690809e-16,2.0896597668821096e-16,2.3476435467775466e-16,2.6059477636424953e-16,2.1234616948855812e-16,4.0666010457318553e-10,2.40267280973049e-16,1.998524668291385e-16,4.2768789713371307e-13,5.201343710085511e-13
1.0000422810922005,4.702346952413053e-10,3.8217699282795443e-10,4.1004071153687777e-10,4.430250133869949e-10,3.7468219730705134e-10,3.7861330751716374e-10,4.0453600153122133e-10,3.746821977539665e-10,4.939892310331108e-10,1.000075073841498,1.0000750738414967,1.0000750738414974,3.707102864348558e-10,4.095484208381944e-10,3.793155243957985e-10,3.7097852605369357e-10,3.7931552419695193e-10,4.0954842085354947e-10,1.0000750738414967,4.0666010457318553e-10,1.0000729001538156,3.9404732201095946e-10,3.778355385770321e-10,4.1004071146025897e-10,3.9404732202557476e-10,4.268592172384234e-10,1.0000764718378596,3.9638697409010586e-10,3.946092856882268e-10,4.2685921727418904e-10,1.0000750738414965,3.8894387816880666e-10,3.852728772216251e-10,4.268592174842674e-10,3.805878045671897e-10,4.110177264333135e-10,3.809621386133083e-10,4.100407118211605e-10,4.3872996749825005e-10,3.847393298072735e-10,1.000075073841497,4.1599968143634204e-10,3.707102869142407e-10,3.879083066049644e-10,4.401438736070021e-10
4.465956669308526e-06,2.7562044197190436e-16,1.9966900413095378e-16,2.237720995108931e-16,2.5223694452582004e-16,1.9301980204677808e-16,1.963528786492061e-16,2.1898042940047745e-16,1.9301980204677808e-16,2.9617990919858e-16,3.940473220798282e-10,3.940473220798282e-10,3.940473220798282e-10,1.8960681607964437e-16,2.231758905280873e-16,1.9716423565993595e-16,1.898204414231792e-16,1.9716590077343617e-16,2.2317589052807977e-16,3.940473220001666e-10,2.2064404340307727e-16,3.9404732201095946e-10,-2.173687021684025e-06,1.9568691349872024e-16,2.237720995108931e-16,4.170600081529575e-13,2.3824776414039226e-16,7.831539398398529e-07,2.1179376658941135e-16,2.1000636751422237e-16,2.3825194055416357e-16,3.940473220798282e-10,2.054333996292404e-16,2.019727195857638e-16,2.381453412858443e-16,1.9828314521637722e-16,4.461502219106225e-13,1.9850873831824994e-16,2.2374232500732525e-16,2.4839442302735176e-16,2.0175530743898514e-16,3.940473220798282e-10,2.288512131925711e-16,1.895311706470987e-16,2.0458670664773155e-16,2.496573495215841e-16
4.433737563671657e-06,5.153276188638137e-13,1.861695520754702e-16,2.0925807384000378e-16,2.365238038493218e-16,1.795205602523463e-16,1.8294133822206704e-16,2.046222040095754e-16,1.7966275659937828e-16,5.546896275418553e-13,3.778355385228254e-10,3.778355386173985e-10,3.778355385770321e-10,1.7636057031790914e-16,2.085542888337611e-16,1.8350065385265753e-16,1.7677574470162888e-16,1.8342412215208998e-16,2.0849798132498274e-16,3.778355385228254e-10,2.0624312354196318e-16,3.778355385770321e-10,1.9568691349872024e-16,-2.1736870770253886e-06,2.0928850759299597e-16,1.9568691349872024e-16,2.2333505070001456e-16,7.509336325863906e-07,1.9771577496084667e-16,1.9618720115261603e-16,2.2341088655105457e-16,3.778355385770321e-10,1.9127520601601353e-16,1.8858757166334772e-16,2.2341088655105457e-16,3.668019273945427e-13,2.0986344545809736e-16,1.8471063393646917e-16,2.0928850699743103e-16,2.331140521987219e-16,1.8817101925259955e-16,3.778355386173985e-10,2.1432702970641158e-16,1.7636057031790914e-16,1.9076356580817086e-16,2.3426933824033657e-16
4.497741742280354e-06,2.9204579555579057e-16,2.1304571668365036e-16,4.732089760555352e-13,5.318879967989312e-13,2.0632207891650792e-16,2.099038924901122e-16,2.332378354715807e-16,2.0630498343557645e-16,6.224493728943062e-13,4.1004071146025897e-10,4.1004071146025897e-10,4.1004071146025897e-10,2.028126766771934e-16,2.3763234729072994e-16,2.1048793445078086e-16,2.029115553043937e-16,2.1048793445078086e-16,2.3763234729072994e-16,4.1004071146025897e-10,2.3487072052028964e-16,4.1004071146025897e-10,2.237720995108931e-16,2.0928850759299597e-16,-2.1736869647277167e-06,2.2374232500732525e-16,2.5331080040246877e-16,8.149401968874221e-07,2.2573988292293867e-16,2.2422405525567996e-16,2.5319937564897656e-16,4.1004071146025897e-10,2.1887974808853943e-16,2.1583202916022355e-16,2.5319937564897656e-16,2.1169797109320614e-16,2.3887831662280196e-16,2.119444840106991e-16,4.732089763924623e-13,2.638644464667536e-16,2.1516123607244004e-16,4.1004071146025897e-10,2.4337953456614485e-16,2.028126766771934e-16,2.1804519635777597e-16,2.6510821671005097e-16
4.465956669022338e-06,2.7562044197190436e-16,1.9966900413095378e-16,2.237720995108931e-16,2.5223500687016255e-16,1.9301980204677808e-16,1.963528786492061e-16,2.1887006650910618e-16,1.9301980204677808e-16,2.9613587192149864e-16,3.940473219582718e-10,3.94047321881039e-10,3.94047321881039e-10,1.8960681607964437e-16,2.231758905280873e-16,1.9729853471493975e-16,1.898204414231792e-16,1.9716423565993595e-16,2.232995453761612e-16,3.9404732202557476e-10,2.2064404340307727e-16,3.9404732202557476e-10,4.170600081529575e-13,1.9568691349872024e-16,2.2374232500732525e-16,-2.173687021684025e-06,2.381453412858443e-16,7.831539395797832e-07,2.1171009040405574e-16,2.101596341777933e-16,2.381453412858443e-16,3.940473219582718e-10,2.0524924095151593e-16,2.019727195857638e-16,2.38382519498343e-16,1.982026591394102e-16,4.4615022253391353e-13,1.984913884257313e-16,2.2357398766034394e-16,2.4837773394966066e-16,2.0184332770649892e-16,3.940473219582718e-10,2.2882803447439664e-16,1.8960681607964437e-16,2.0458670664773155e-16,2.496573495215841e-16
4.531166639968092e-06,3.0891402489800673e-16,2.2712548804281857e-16,2.5319937564897656e-16,2.83740852154878e-16,2.2026821930135542e-16,2.237937327394932e-16,2.480052500932452e-16,2.2019191970519312e-16,3.3095486173712895e-16,4.2685921722339395e-10,4.2685921730689064e-10,4.2685921722339395e-10,2.1665236468500298e-16,2.5266657040694386e-16,2.246057838074431e-16,2.169617943332768e-16,2.245368013161886e-16,2.5266657040694386e-16,4.268592172384234e-10,2.499481940655219e-16,4.268592172384234e-10,2.3824776414039226e-16,2.2333505070001456e-16,2.5331080040246877e-16,2.381453412858443e-16,-2.1736869045562723e-06,8.483663419988634e-07,2.4037731305782836e-16,2.3877821329359677e-16,5.341499121736215e-13,4.268592172384234e-10,2.333258698212697e-16,2.3008723354728253e-16,5.341499117396554e-13,2.25696357073823e-16,2.538332815747759e-16,2.256579593376674e-16,2.5331080040246877e-16,5.55982291528397e-13,2.2968201512769893e-16,4.2685921730689064e-10,2.5872158852366826e-16,2.1641176378972832e-16,2.324174207705434e-16,5.586187476582679e-13
1.0000436790361615,9.345734658051499e-07,7.595621088006779e-07,8.149401971028921e-07,8.80495250943778e-07,7.446664858302667e-07,7.524794188656655e-07,8.039997938754931e-07,7.446664864790302e-07,9.817847083756403e-07,1.0000764718378599,1.0000764718378592,1.0000764718378592,7.367724627710865e-07,8.139617878944899e-07,7.538750481513333e-07,7.373055790853355e-07,7.53875047930442e-07,8.139617878762226e-07,1.0000764718378579,8.082213686658167e-07,1.0000764718378596,7.831539398398529e-07,7.509336325863906e-07,8.149401968874221e-07,7.831539395797832e-07,8.483663419988634e-07,1.0000756961481023,7.878039094847928e-07,7.842708208991916e-07,8.483663419779988e-07,1.0000764718378594,7.730110374799254e-07,7.657150620698228e-07,8.48366342374763e-07,7.564036568586888e-07,8.168819769608246e-07,7.571476321076478e-07,8.149401976184583e-07,8.719590096182208e-07,7.646546563865506e-07,1.0000764718378592,8.267834248529619e-07,7.367724636664097e-07,7.70952878377884e-07,8.747690945927607e-07
4.470606465414457e-06,5.524703706190682e-13,2.0124691391338708e-16,2.2567157973110743e-16,2.5438695269169826e-16,1.949572078051543e-16,1.9854775633626054e-16,2.2081612369971003e-16,1.9480300932542032e-16,2.988029348421131e-16,3.9638697409010586e-10,3.9638697418517207e-10,3.9638697409010586e-10,1.9128580178099112e-16,4.4783726017487257e-13,1.990120214396954e-16,1.9180892008832052e-16,1.9903660694672937e-16,4.4783726015579824e-13,3.9638697411848394e-10,2.226495780077866e-16,3.9638697409010586e-10,2.1179376658941135e-16,1.9771577496084667e-16,2.2573988292293867e-16,2.1171009040405574e-16,2.4037731305782836e-16,7.878039094847928e-07,-2.1736870133958027e-06,2.1246378428929913e-16,2.4037731305782836e-16,3.963869740529458e-10,2.0731478507444533e-16,2.041066043126499e-16,2.4037731305782836e-16,2.00309526314473e-16,4.501817058239366e-13,2.0050997428115965e-16,2.2567157973110743e-16,2.5059097975191963e-16,2.0370099178006355e-16,3.9638697411741714e-10,2.3109070603290873e-16,1.9146740671854138e-16,2.0647122457901415e-16,2.5188051371213903e-16
4.467073510182802e-06,2.761799446939332e-16,2.0019418137434197e-16,2.2433214089096593e-16,2.527357154833703e-16,1.93459449811477e-16,1.9687555804105153e-16,4.360098814506216e-13,1.93459449811477e-16,2.9683403001419456e-16,3.946092856946792e-10,3.946092856882268e-10,3.946092856946792e-10,1.8985038023686394e-16,2.23720753116055e-16,1.9745321965467845e-16,1.905456449174908e-16,1.9745321965467845e-16,2.2375495467611036e-16,3.946092856946792e-10,4.3958386784586594e-13,3.946092856882268e-10,2.1000636751422237e-16,1.9618720115261603e-16,2.2422405525567996e-16,2.101596341777933e-16,2.3877821329359677e-16,7.842708208991916e-07,2.1246378428929913e-16,-2.1736870180566743e-06,2.3871757119429543e-16,3.946092856882268e-10,4.0901340685210806e-13,2.0259894930462904e-16,2.3859201238655113e-16,1.98844265887964e-16,2.2495032230127394e-16,1.9901595340756482e-16,2.2422405525567996e-16,2.489682207355922e-16,2.0231976024660691e-16,3.946092856882268e-10,2.2951538876565176e-16,1.8991349865380753e-16,2.048266864095705e-16,2.5027709077044497e-16
4.531166639131865e-06,3.089972186371878e-16,2.270304411085305e-16,2.5319937564897656e-16,2.8373718686674385e-16,2.2026821930135542e-16,2.237937327394932e-16,2.480052500932452e-16,2.2019191970519312e-16,3.3096599647152014e-16,4.2685921727418904e-10,4.2685921727418904e-10,4.2685921726714074e-10,2.1665236468500298e-16,2.5266657040694386e-16,2.245368013161886e-16,2.1696123972424837e-16,2.245368013161886e-16,2.5266657040694386e-16,4.268592172617868e-10,2.499481940655219e-16,4.2685921727418904e-10,2.3825194055416357e-16,2.2341088655105457e-16,2.5319937564897656e-16,2.381453412858443e-16,5.341499121736215e-13,8.483663419779988e-07,2.4037731305782836e-16,2.3871757119429543e-16,-2.1736869045562723e-06,4.2685921726714074e-10,2.333258698212697e-16,2.3004826130987945e-16,5.341499119357526e-13,2.25697182665189e-16,2.538954284270243e-16,2.256579593376674e-16,2.5331080040246877e-16,5.559822917241746e-13,2.297059329156966e-16,4.2685921727418904e-10,2.5872158852366826e-16,2.1665236468500298e-16,2.325479861298272e-16,5.58618747853971e-13
1.0000422810922,4.702346952622673e-10,3.8217699287683325e-10,4.1004071147876585e-10,4.430250133869949e-10,3.7468219730705134e-10,3.7861330750600807e-10,4.0453600163668996e-10,3.746821976959378e-10,4.939892310331108e-10,1.000075073841497,1.0000750738414967,1.000075073841496,3.70710286443573e-10,4.0954842088356247e-10,3.793155243957814e-10,3.7097852605369357e-10,3.7931552419695193e-10,4.095484209171388e-10,1.000075073841496,4.0666010467269794e-10,1.0000750738414965,3.940473220798282e-10,3.778355385770321e-10,4.1004071146025897e-10,3.940473219582718e-10,4.268592172384234e-10,1.0000764718378594,3.963869740529458e-10,3.946092856882268e-10,4.2685921726714074e-10,1.000072900153816,3.8894387816880666e-10,3.852728772216251e-10,4.268592174842674e-10,3.805878045671897e-10,4.110177264879234e-10,3.8096213856370754e-10,4.10040711733384e-10,4.3872996749825005e-10,3.8473932958647956e-10,1.0000750738414967,4.159996814379793e-10,3.707102869142407e-10,3.879083066049644e-10,4.401438736070021e-10
4.455814141494294e-06,2.7024475686079455e-16,1.9506855872727434e-16,2.1887898176507345e-16,2.4730333394132928e-16,1.8878884776478263e-16,1.922279322183697e-16,2.1424144275582687e-16,1.8878878659104555e-16,2.907085872056877e-16,3.8894387816880666e-10,3.8894387816880666e-10,3.8894387816880666e-10,1.8557602590085675e-16,2.187294109420596e-16,1.9269931162111047e-16,1.856448003946593e-16,1.9269931162111047e-16,2.1855322997968437e-16,3.889438781983145e-10,2.1602232788664006e-16,3.8894387816880666e-10,2.054333996292404e-16,1.9127520601601353e-16,2.1887974808853943e-16,2.0524924095151593e-16,2.333258698212697e-16,7.730110374799254e-07,2.0731478507444533e-16,4.0901340685210806e-13,2.333258698212697e-16,3.8894387816880666e-10,-2.1736870378766053e-06,3.931476384703176e-13,2.333258698212697e-16,1.9364313024676437e-16,2.2000267917967531e-16,1.9391303573712036e-16,2.1896975167332636e-16,2.4357231121971357e-16,1.974383839966184e-16,3.8894387816880666e-10,2.242039308004455e-16,1.852546759003394e-16,2.0007002806976725e-16,2.4473728161400774e-16
4.448518443347775e-06,5.302279513705242e-13,1.9201830148340856e-16,2.1591594773209696e-16,2.437047949269076e-16,1.8561877101946139e-16,1.8909049573768527e-16,2.1121641767820625e-16,1.856187710194614e-16,2.869153243492835e-16,3.852728772216251e-10,3.852728772758486e-10,3.852728772216251e-10,1.8249699515592744e-16,2.1532000371591652e-16,1.8969845500523322e-16,1.8280806565111404e-16,1.8963916338812935e-16,2.1529566757345075e-16,3.85272877259361e-10,2.1279134173258135e-16,3.852728772216251e-10,2.019727195857638e-16,1.8858757166334772e-16,2.1583202916022355e-16,2.019727195857638e-16,2.3008723354728253e-16,7.657150620698228e-07,2.041066043126499e-16,2.0259894930462904e-16,2.3004826130987945e-16,3.852728772216251e-10,3.931476384703176e-13,-2.173687054581627e-06,2.300872335473231e-16,1.907160302808395e-16,4.3046585827308805e-13,1.9111048037063967e-16,2.1583202912683334e-16,2.4020928702507787e-16,1.942375632836208e-16,3.8527287733403185e-10,2.2096950476110766e-16,1.8242665768255577e-16,1.9676881615247646e-16,2.4129241310597986e-16
4.531166639554023e-06,3.0891402489800673e-16,2.2712548804281857e-16,2.5331080040246877e-16,2.837371868665728e-16,2.2026821930135542e-16,2.237937327394932e-16,2.479734890472447e-16,2.2019191970494628e-16,3.3096599647152014e-16,4.268592174842674e-10,4.268592174842674e-10,4.268592174842674e-10,2.1641176378972832e-16,2.5266657040694386e-16,2.245368013161886e-16,2.1696123972424837e-16,2.245368013161886e-16,2.527765479544757e-16,4.268592174842674e-10,2.499481940655219e-16,4.268592174842674e-10,2.381453412858443e-16,2.2341088655105457e-16,2.5319937564897656e-16,2.38382519498343e-16,5.341499117396554e-13,8.48366342374763e-07,2.4037731305782836e-16,2.3859201238655113e-16,5.341499119357526e-13,4.268592174842674e-10,2.333258698212697e-16,2.300872335473231e-16,-2.1736869045562723e-06,2.25697182665189e-16,2.538332815747759e-16,2.2593335408365897e-16,2.5320888410319515e-16,5.559822912991675e-13,2.297687300117207e-16,4.268592173248251e-10,2.5872158852366826e-16,2.1656387618361623e-16,2.325479861298272e-16,5.586187474301661e-13
4.43920738528626e-06,2.6181960101857873e-16,1.8800654323943051e-16,2.11655015427845e-16,2.3944057201052635e-16,1.8182809847948573e-16,1.8510901338746122e-16,2.0701139456995887e-16,1.8161494201171783e-16,5.603361032097356e-13,3.805878045671897e-10,3.805878045671897e-10,3.805878045671897e-10,1.784314114643008e-16,2.1107786317825416e-16,1.85874469190978e-16,1.7873110698100976e-16,1.8587446919097856e-16,2.1135640370378621e-16,3.805878045671897e-10,2.0889733795546436e-16,3.805878045671897e-10,1.9828314521637722e-16,3.668019273945427e-13,2.1169797109320614e-16,1.982026591394102e-16,2.25696357073823e-16,7.564036568586888e-07,2.00309526314473e-16,1.98844265887964e-16,2.25697182665189e-16,3.805878045671897e-10,1.9364313024676437e-16,1.907160302808395e-16,2.25697182665189e-16,-2.1736870682996643e-06,2.1232852236670347e-16,1.8695637168700951e-16,2.1169797109320614e-16,2.3566725837361547e-16,1.9039276159621778e-16,3.805878045150641e-10,2.1649416480533978e-16,1.784314114643008e-16,1.9303670666132404e-16,2.370365186270058e-16
4.4996834475794485e-06,2.928447244179437e-16,2.1370281342642105e-16,2.3875639701499724e-16,2.685197402518665e-16,2.0697526810813065e-16,2.1058348824381419e-16,2.337347597618477e-16,2.0697526810813065e-16,3.1411214862529243e-16,4.110177264879234e-10,4.110177264879234e-10,4.1101772643342065e-10,2.0355504404548506e-16,2.385295947678669e-16,2.1107610011623304e-16,2.0380585685993067e-16,2.1133809722999583e-16,2.3852435367688466e-16,4.110177264211756e-10,2.356436482690809e-16,4.110177264333135e-10,4.461502219106225e-13,2.0986344545809736e-16,2.3887831662280196e-16,4.4615022253391353e-13,2.538332815747759e-16,8.168819769608246e-07,4.501817058239366e-13,2.2495032230127394e-16,2.538954284270243e-16,4.110177264879234e-10,2.2000267917967531e-16,4.3046585827308805e-13,2.538332815747759e-16,2.1232852236670347e-16,-2.17368696275021e-06,2.1270664875032175e-16,2.387517796289285e-16,2.644198075637345e-16,2.1621393596993702e-16,4.110177264211756e-10,2.443430218084674e-16,2.0349454986261314e-16,2.190533754943839e-16,2.659108542062884e-16
4.439951327139449e-06,2.623514783900898e-16,1.883214775613104e-16,2.1178908763916074e-16,2.3966792028879605e-16,1.8220244943922327e-16,1.854798738268984e-16,2.0706783432566686e-16,1.8220244943922327e-16,2.82288738402077e-16,3.809621385934332e-10,3.809621386133083e-10,3.809621386133083e-10,1.7867215884467601e-16,2.1161868362694255e-16,1.8598056202107354e-16,1.792634066688274e-16,1.8598056202107354e-16,2.1161868362694255e-16,3.8096213865055137e-10,2.0896597668821096e-16,3.809621386133083e-10,1.9850873831824994e-16,1.8471063393646917e-16,2.119444840106991e-16,1.984913884257313e-16,2.256579593376674e-16,7.571476321076478e-07,2.0050997428115965e-16,1.9901595340756482e-16,2.256579593376674e-16,3.8096213856370754e-10,1.9391303573712036e-16,1.9111048037063967e-16,2.2593335408365897e-16,1.8695637168700951e-16,2.1270664875032175e-16,-2.17368706407482e-06,2.119047346410328e-16,4.689813898335091e-13,1.9057518655474494e-16,3.809621385934332e-10,2.169027239542741e-16,1.787297662146464e-16,1.93313728774341e-16,4.713699776095345e-13
