1.00000000028664,1.0000128794181704,1.000012524692311,1.0000128794181733,-1.4359745508799094e-06,-1.4359745509200655e-06,1.0000125432654636,1.000012524692319,1.0000125246923208,1.0000128794181742,1.0000128794181697,-1.4227625410326435e-06,1.000012879418179,1.0000128794181735,1.000012543265463,-1.4346819100850747e-06,1.0000128794181704,1.0000128794181775,-1.4340284557709238e-06,-1.4359745522950854e-06,1.000012524692318,-1.4340284585492372e-06,1.0000128794181757,-1.4359745509200568e-06,1.0000128794181697,1.0000128794181697,1.0000125246923193,1.0000128794181766,1.000012543265459,1.0000125246923202,-1.4227625409506401e-06,-1.4359745508799005e-06,1.0000125432654616,1.000012524692319,-1.4058531692164421e-06,1.0000128794181764,-1.4340284587957822e-06,1.0000128794181733,1.0000125246923197,1.0000126327756975,1.0000128794181697,-1.434028458924209e-06,1.0000126327757008,1.0000128794181724,1.0000128794181766,1.0000128794181682,1.000012543265463,1.000012879418173,1.0000125432654636,-1.4340284587079574e-06,-1.4359745503386744e-06,1.000012524692315,1.0000126327757008,1.0000128794181706,1.000012543265463,1.0000128794181697,1.0000125246923197,-1.4340284587957822e-06,1.0000128794181755,-1.4340284587079574e-06,-1.435974548937952e-06,1.00001287941817,-1.4340284584917198e-06,1.000012879418169,-1.4340284589241816e-06,-1.4359745503394475e-06,-1.4227625400886094e-06,1.000012879418167,-1.4340284589343416e-06,1.0000125246923193,1.0000128794181748,1.0000125246923193,1.0000126398612355,1.0000129107378681,1.0000128794181697,-1.4359745488982542e-06,1.0000128794181697,1.000012879418167,1.0000125246923162,-1.4227162181441344e-06,-1.4359745504205162e-06,1.0000126327756982,1.0000126327757026
1.0000128794181704,1.0000148117557022,1.0000197285234187,1.0000200832513744,-4.91294177309906e-11,-4.9129417461821814e-11,1.000019747096678,1.0000197285234207,1.0000197285234198,1.0000200832513748,1.0000200832513735,-4.250157676364781e-11,1.0000200832513728,1.0000200832513737,1.000019747096677,-4.848096452711276e-11,1.0000200832513733,1.0000200832513744,-4.815315554364511e-11,-4.9129417693609066e-11,1.0000197285234211,-4.815315562351258e-11,1.0000200832513753,-4.912941757538573e-11,1.0000200832513748,1.0000200832513735,1.0000197285234198,1.0000200832513728,1.0000197470966774,1.00001972852342,-4.2501576553709966e-11,-4.912941775640105e-11,1.0000197470966792,1.0000197285234207,-3.401894006553156e-11,1.000020083251374,-4.815315559544843e-11,1.0000200832513748,1.0000197285234207,1.0000198366074473,1.0000200832513748,-4.815315551781025e-11,1.0000198366074475,1.000020083251374,1.000020083251376,1.0000200832513735,1.0000197470966778,1.0000200832513728,1.000019747096678,-4.815315548862387e-11,-4.912941738442932e-11,1.0000197285234198,1.0000198366074475,1.0000200832513735,1.0000197470966778,1.0000200832513728,1.0000197285234207,-4.815315558614737e-11,1.0000200832513733,-4.815315571276004e-11,-4.912941781549813e-11,1.0000200832513737,-4.8153155640246107e-11,1.0000200832513746,-4.81531556190773e-11,-4.912941766642553e-11,-4.2501576353627325e-11,1.000020083251374,-4.815315565986261e-11,1.0000197285234207,1.000020083251374,1.0000197285234207,1.0000198436930197,1.0000201145712562,1.000020083251374,-4.9129417562090076e-11,1.000020083251374,1.0000200832513746,1.0000197285234198,-4.247833628103731e-11,-4.9129417569098926e-11,1.000019836607446,1.0000198366074478
1.000012524692311,1.0000197285234187,1.0000141022998972,1.0000197285234231,-9.793570322376414e-08,-9.793570276562009e-08,1.0000193923688454,1.0000193737955951,1.0000193737955954,1.0000197285234225,1.0000197285234218,-8.472361397264252e-08,1.0000197285234216,1.000019728523423,1.0000193923688452,-9.664306180391787e-08,1.0000197285234216,1.000019728523421,-9.598960003158916e-08,-9.793570318882586e-08,1.0000193737955962,-9.598960012574952e-08,1.0000197285234231,-9.793570303076551e-08,1.0000197285234225,1.0000197285234216,1.0000193737955945,1.00001972852342,1.0000193923688447,1.0000193737955951,-8.472361356285984e-08,-9.793570343101387e-08,1.0000193923688456,1.0000193737955951,-3.401892871917992e-11,1.0000197285234211,-9.598959999360391e-08,1.0000197285234222,1.0000193737955951,1.0000194818795818,1.000019728523422,-9.598959998551508e-08,1.0000194818795802,1.0000197285234227,1.0000197285234227,1.0000197285234216,1.0000193923688447,1.0000197285234207,1.0000193923688452,-9.598959981732949e-08,-9.79357026535722e-08,1.000019373795595,1.0000194818795807,1.0000197285234216,1.0000193923688447,1.0000197285234227,1.0000193737955951,-9.598959996268376e-08,1.0000197285234216,-9.598960031791945e-08,-9.793570335461117e-08,1.0000197285234216,-9.598960023451832e-08,1.0000197285234216,-9.598960016501772e-08,-9.793570311384735e-08,-8.472361317181183e-08,1.0000197285234222,-9.598960014505899e-08,1.0000193737955951,1.0000197285234211,1.0000193737955951,1.000019488965155,1.0000197598432947,1.0000197285234216,-9.793570306346932e-08,1.0000197285234225,1.0000197285234225,1.000019373795595,-8.467728587442035e-08,-9.79357029365315e-08,1.00001948187958,1.0000194818795813
1.0000128794181733,1.0000200832513744,1.0000197285234231,1.000014811755699,-4.912941763041164e-11,-4.912941749600347e-11,1.0000197470966823,1.000019728523424,1.0000197285234245,1.0000200832513777,1.0000200832513784,-4.250157672422217e-11,1.0000200832513768,1.0000200832513786,1.0000197470966803,-4.8480964539987534e-11,1.0000200832513781,1.0000200832513775,-4.815315556525969e-11,-4.912941746633734e-11,1.000019728523425,-4.8153155604924157e-11,1.0000200832513788,-4.912941745873248e-11,1.0000200832513775,1.0000200832513784,1.0000197285234225,1.000020083251378,1.0000197470966816,1.0000197285234231,-4.2501576530175714e-11,-4.912941781166032e-11,1.0000197470966832,1.0000197285234238,-3.401894019915159e-11,1.000020083251378,-4.8153155518196286e-11,1.0000200832513777,1.0000197285234238,1.00001983660745,1.0000200832513777,-4.815315551781025e-11,1.0000198366074504,1.0000200832513784,1.0000200832513788,1.000020083251376,1.0000197470966812,1.0000200832513761,1.0000197470966823,-4.8153155433091615e-11,-4.9129417339185186e-11,1.0000197285234234,1.0000198366074506,1.000020083251376,1.0000197470966812,1.0000200832513768,1.0000197285234238,-4.815315558210119e-11,1.0000200832513766,-4.815315572674274e-11,-4.912941767829826e-11,1.0000200832513766,-4.8153155712024304e-11,1.0000200832513786,-4.815315560905283e-11,-4.912941766021936e-11,-4.2501576385863045e-11,1.0000200832513766,-4.8153155658856094e-11,1.0000197285234238,1.0000200832513773,1.0000197285234238,1.000019843693023,1.0000201145712604,1.0000200832513777,-4.9129417556064304e-11,1.0000200832513777,1.0000200832513773,1.0000197285234234,-4.247833630890552e-11,-4.9129417508719206e-11,1.0000198366074495,1.0000198366074502
-1.4359745508799094e-06,-4.91294177309906e-11,-9.793570322376414e-08,-4.912941763041164e-11,-5.271495983190528e-06,4.2943295027879786e-15,-9.793570496203228e-08,-9.793570322376382e-08,-9.793570322376438e-08,-4.9129417738573893e-11,-4.9129417754648985e-11,3.94355057256469e-15,-4.9129417616053646e-11,-4.9129417748745565e-11,-9.79357049620317e-08,4.347290987604083e-15,-4.9129417754648985e-11,-4.9129417767088696e-11,4.2856586464128725e-15,4.294329612321277e-15,-9.793570322376406e-08,4.285658690093564e-15,-4.912941771892492e-11,4.294329560544541e-15,-4.912941769843723e-11,-4.9129417718305364e-11,-9.793570322376398e-08,-4.9129417702295807e-11,-9.793570496203181e-08,-9.793570322376406e-08,3.9435505090406606e-15,4.2943296738400595e-15,-9.793570496203193e-08,-9.793570322376398e-08,1.7651081561966223e-18,-4.912941775776487e-11,4.285658683001721e-15,-4.9129417748745565e-11,-9.793570322376395e-08,-9.793571331442324e-08,-4.9129417702295807e-11,4.285658694267068e-15,-9.793571331442277e-08,-4.9129417692746737e-11,-4.912941772575069e-11,-4.91294177342596e-11,-9.79357049620317e-08,-4.912941769843723e-11,-9.793570496203224e-08,4.2856586203276216e-15,4.294329497881819e-15,-9.793570322376418e-08,-9.793571331442301e-08,-4.91294177342596e-11,-9.79357049620317e-08,-4.912941769843723e-11,-9.793570322376395e-08,4.285658619871974e-15,-4.9129417759797655e-11,4.285658699084308e-15,4.294329619244121e-15,-4.9129417759797655e-11,4.285658681428851e-15,-4.912941772948596e-11,4.285658728494173e-15,4.2943295858738715e-15,3.943550372000102e-15,-4.912941773100028e-11,4.285658763402994e-15,-9.793570322376398e-08,-4.91294177342596e-11,-9.793570322376395e-08,-9.793571397765188e-08,-9.79357392482879e-08,-4.91294177342596e-11,4.2943295907084915e-15,-4.912941772646168e-11,-4.91294176457032e-11,-9.793570322376386e-08,3.940334423203363e-15,4.2943295791005524e-15,-9.793571331442301e-08,-9.793571331442313e-08
-1.4359745509200655e-06,-4.9129417461821814e-11,-9.793570276562009e-08,-4.912941749600347e-11,4.2943295027879786e-15,-5.271495983190528e-06,-9.79357045038879e-08,-9.793570276561961e-08,-9.793570276561957e-08,-4.9129417448786346e-11,-4.9129417542505715e-11,3.943550488408008e-15,-4.9129417423394887e-11,-4.912941745181876e-11,-9.793570450388763e-08,4.347290889828292e-15,-4.9129417418318854e-11,-4.9129417548671255e-11,4.285658548906458e-15,4.294329511887307e-15,-9.793570276562017e-08,4.285658592587258e-15,-4.9129417542236274e-11,4.294329460110671e-15,-4.912941744827156e-11,-4.912941744827156e-11,-9.793570276561953e-08,-4.9129417485969665e-11,-9.793570450388768e-08,-9.793570276561969e-08,3.943550424884059e-15,4.294329573405968e-15,-9.793570450388771e-08,-9.793570276561969e-08,1.7373874002709283e-18,-4.912941740152329e-11,4.285658585495264e-15,-4.9129417452151006e-11,-9.793570276561969e-08,-9.793571285627922e-08,-4.9129417522586276e-11,4.2856585967605275e-15,-9.793571285627914e-08,-4.9129417507131026e-11,-4.912941749600347e-11,-4.912941752842502e-11,-9.793570450388771e-08,-4.912941739711417e-11,-9.79357045038878e-08,4.285658522821141e-15,4.294329397447766e-15,-9.79357027656195e-08,-9.793571285627895e-08,-4.912941752842502e-11,-9.793570450388771e-08,-4.9129417507131026e-11,-9.793570276561969e-08,4.2856585223654986e-15,-4.9129417509397126e-11,4.285658601577842e-15,4.294329518810063e-15,-4.9129417509397126e-11,4.285658583922371e-15,-4.9129417522586276e-11,4.2856586309877065e-15,4.29432948543995e-15,3.943550287843519e-15,-4.912941746324835e-11,4.285658665896594e-15,-9.793570276561969e-08,-4.9129417548671255e-11,-9.793570276561969e-08,-9.793571351950764e-08,-9.793573879014448e-08,-4.9129417522586276e-11,4.294329490274626e-15,-4.912941750007034e-11,-4.912941744827156e-11,-9.793570276561977e-08,3.94033433907233e-15,4.2943294786665795e-15,-9.793571285627903e-08,-9.793571285627926e-08
1.0000125432654636,1.000019747096678,1.0000193923688454,1.0000197470966823,-9.793570496203228e-08,-9.79357045038879e-08,1.0000141394464117,1.0000193923688452,1.000019392368847,1.0000197470966816,1.0000197470966812,-8.472361547990478e-08,1.0000197470966794,1.0000197470966816,1.000019410942097,-9.664306352092108e-08,1.0000197470966807,1.0000197470966805,-9.598960173648936e-08,-9.7935704927094e-08,1.0000193923688474,-9.598960183064925e-08,1.0000197470966816,-9.793570476903341e-08,1.0000197470966814,1.0000197470966812,1.0000193923688445,1.0000197470966812,1.000019410942097,1.0000193923688467,-8.472361507012206e-08,-9.793570516928205e-08,1.0000194109420968,1.0000193923688463,-6.78141343650157e-08,1.0000197470966816,-9.59896016985039e-08,1.0000197470966818,1.0000193923688456,1.0000195004528343,1.0000197470966803,-9.598960169041515e-08,1.0000195004528347,1.0000197470966798,1.0000197470966816,1.0000197470966798,1.0000194109420981,1.0000197470966798,1.0000194109420975,-9.598960152222925e-08,-9.793570439184038e-08,1.000019392368846,1.0000195004528347,1.0000197470966798,1.0000194109420981,1.0000197470966798,1.0000193923688456,-9.598960166758335e-08,1.0000197470966798,-9.598960202281929e-08,-9.793570509287904e-08,1.0000197470966803,-9.59896019394186e-08,1.0000197470966816,-9.598960186991729e-08,-9.793570485211501e-08,-8.47236146790737e-08,1.0000197470966803,-9.598960184995903e-08,1.0000193923688456,1.00001974709668,1.0000193923688463,1.0000195075384088,1.000019778416554,1.0000197470966807,-9.79357048017377e-08,1.0000197470966798,1.0000197470966803,1.0000193923688465,-8.467728738084165e-08,-9.793570467479937e-08,1.000019500452833,1.0000195004528343
1.000012524692319,1.0000197285234207,1.0000193737955951,1.000019728523424,-9.793570322376382e-08,-9.793570276561961e-08,1.0000193923688452,1.0000141022999123,1.0000193737955965,1.0000197285234236,1.0000197285234238,-8.472361397264256e-08,1.0000197285234227,1.0000197285234238,1.0000193923688465,-9.664306180391771e-08,1.0000197285234227,1.0000197285234238,-9.598960003158892e-08,-9.79357031888258e-08,1.0000193737955971,-9.598960012574925e-08,1.000019728523424,-9.793570303076546e-08,1.0000197285234227,1.0000197285234238,1.0000193737955965,1.0000197285234231,1.0000193923688465,1.000019373795597,-8.472361356285978e-08,-9.793570343101375e-08,1.0000193923688478,1.0000193737955965,-3.401892871917992e-11,1.0000197285234238,-9.598959999360388e-08,1.0000197285234238,1.0000193737955965,1.0000194818795833,1.0000197285234227,-9.598959998551488e-08,1.0000194818795833,1.0000197285234234,1.0000197285234245,1.0000197285234227,1.000019392368846,1.0000197285234216,1.0000193923688456,-9.598959981732961e-08,-9.793570265357215e-08,1.0000193737955962,1.0000194818795833,1.0000197285234227,1.000019392368846,1.0000197285234225,1.0000193737955965,-9.59895999626835e-08,1.000019728523422,-9.598960031791915e-08,-9.793570335461134e-08,1.0000197285234238,-9.598960023451838e-08,1.0000197285234238,-9.59896001650174e-08,-9.79357031138473e-08,-8.472361317181147e-08,1.0000197285234225,-9.598960014505908e-08,1.0000193737955965,1.000019728523423,1.0000193737955965,1.000019488965156,1.0000197598432965,1.0000197285234227,-9.793570306346964e-08,1.0000197285234225,1.0000197285234234,1.0000193737955954,-8.467728587442014e-08,-9.793570293653114e-08,1.0000194818795816,1.0000194818795825
1.0000125246923208,1.0000197285234198,1.0000193737955954,1.0000197285234245,-9.793570322376438e-08,-9.793570276561957e-08,1.000019392368847,1.0000193737955965,1.000014102299913,1.0000197285234238,1.000019728523424,-8.472361397264265e-08,1.0000197285234227,1.0000197285234234,1.0000193923688452,-9.664306180391763e-08,1.0000197285234227,1.0000197285234231,-9.598960003158928e-08,-9.793570318882598e-08,1.0000193737955971,-9.598960012574952e-08,1.0000197285234242,-9.793570303076551e-08,1.0000197285234231,1.000019728523424,1.0000193737955954,1.0000197285234231,1.0000193923688467,1.0000193737955967,-8.472361356285985e-08,-9.793570343101375e-08,1.0000193923688476,1.0000193737955958,-3.4018928541184994e-11,1.0000197285234236,-9.598959999360368e-08,1.0000197285234238,1.0000193737955956,1.0000194818795816,1.0000197285234231,-9.598959998551503e-08,1.0000194818795822,1.0000197285234231,1.000019728523424,1.0000197285234225,1.0000193923688454,1.0000197285234227,1.000019392368847,-9.598959981732934e-08,-9.79357026535725e-08,1.0000193737955962,1.0000194818795825,1.0000197285234225,1.0000193923688454,1.0000197285234227,1.0000193737955956,-9.598959996268348e-08,1.0000197285234231,-9.598960031791954e-08,-9.793570335461134e-08,1.0000197285234231,-9.598960023451842e-08,1.000019728523425,-9.598960016501728e-08,-9.793570311384735e-08,-8.472361317181164e-08,1.000019728523423,-9.598960014505919e-08,1.0000193737955956,1.0000197285234225,1.0000193737955956,1.000019488965155,1.0000197598432963,1.0000197285234231,-9.793570306346935e-08,1.0000197285234231,1.000019728523423,1.0000193737955954,-8.467728587442038e-08,-9.793570293653126e-08,1.0000194818795816,1.0000194818795827
1.0000128794181742,1.0000200832513748,1.0000197285234225,1.0000200832513777,-4.9129417738573893e-11,-4.9129417448786346e-11,1.0000197470966816,1.0000197285234236,1.0000197285234238,1.000014811755703,1.0000200832513768,-4.250157675462739e-11,1.0000200832513766,1.0000200832513768,1.0000197470966812,-4.8480964558187524e-11,1.0000200832513761,1.0000200832513768,-4.8153155634019104e-11,-4.9129417643546945e-11,1.0000197285234234,-4.815315565857196e-11,1.0000200832513781,-4.912941752812329e-11,1.0000200832513757,1.0000200832513768,1.0000197285234225,1.000020083251376,1.00001974709668,1.0000197285234238,-4.250157654719749e-11,-4.9129417868501575e-11,1.0000197470966823,1.0000197285234227,-3.401894003925191e-11,1.0000200832513768,-4.815315559236772e-11,1.0000200832513777,1.0000197285234227,1.0000198366074498,1.0000200832513773,-4.815315556668218e-11,1.0000198366074495,1.0000200832513773,1.000020083251379,1.0000200832513766,1.0000197470966807,1.0000200832513748,1.0000197470966818,-4.815315548354396e-11,-4.9129417320889e-11,1.0000197285234227,1.0000198366074495,1.0000200832513766,1.0000197470966807,1.0000200832513761,1.0000197285234227,-4.8153155548097495e-11,1.0000200832513766,-4.815315569790518e-11,-4.912941768107764e-11,1.0000200832513766,-4.815315560010004e-11,1.0000200832513777,-4.815315562610653e-11,-4.912941766485479e-11,-4.250157634537126e-11,1.0000200832513768,-4.8153155621403456e-11,1.0000197285234227,1.0000200832513768,1.0000197285234227,1.0000198436930234,1.0000201145712593,1.000020083251377,-4.91294176738471e-11,1.000020083251376,1.0000200832513768,1.0000197285234236,-4.247833629594965e-11,-4.9129417569098926e-11,1.0000198366074498,1.00001983660745
1.0000128794181697,1.0000200832513735,1.0000197285234218,1.0000200832513784,-4.9129417754648985e-11,-4.9129417542505715e-11,1.0000197470966812,1.0000197285234238,1.000019728523424,1.0000200832513768,1.0000148117557075,-4.2501576707635185e-11,1.0000200832513773,1.0000200832513777,1.0000197470966814,-4.8480964461143955e-11,1.0000200832513777,1.0000200832513766,-4.815315558613766e-11,-4.912941758296746e-11,1.0000197285234245,-4.81531556423162e-11,1.0000200832513786,-4.9129417587209005e-11,1.0000200832513766,1.0000200832513786,1.0000197285234238,1.0000200832513768,1.0000197470966814,1.000019728523424,-4.250157646877433e-11,-4.9129417796472866e-11,1.0000197470966818,1.000019728523424,-3.4018940039201935e-11,1.0000200832513773,-4.815315558066652e-11,1.0000200832513768,1.000019728523424,1.0000198366074513,1.0000200832513768,-4.815315556668218e-11,1.0000198366074498,1.0000200832513777,1.000020083251378,1.0000200832513768,1.0000197470966812,1.0000200832513768,1.0000197470966812,-4.8153155465349726e-11,-4.912941742621885e-11,1.0000197285234234,1.0000198366074498,1.0000200832513768,1.0000197470966812,1.0000200832513777,1.000019728523424,-4.815315558766335e-11,1.0000200832513773,-4.8153155733711196e-11,-4.912941780342118e-11,1.0000200832513777,-4.8153155649688115e-11,1.0000200832513777,-4.8153155636461704e-11,-4.912941767145984e-11,-4.2501576353627325e-11,1.0000200832513768,-4.8153155710944116e-11,1.000019728523424,1.0000200832513777,1.000019728523424,1.000019843693024,1.0000201145712593,1.000020083251376,-4.912941760858981e-11,1.000020083251378,1.0000200832513777,1.0000197285234227,-4.247833625514314e-11,-4.912941744779292e-11,1.0000198366074495,1.0000198366074504
-1.4227625410326435e-06,-4.250157676364781e-11,-8.472361397264252e-08,-4.250157672422217e-11,3.94355057256469e-15,3.943550488408008e-15,-8.472361547990478e-08,-8.472361397264256e-08,-8.472361397264265e-08,-4.250157675462739e-11,-4.2501576707635185e-11,-5.271495991342642e-06,-4.25015767244663e-11,-4.25015767244663e-11,-8.472361547990467e-08,2.1191550418618895e-18,-4.2501576716633055e-11,-4.2501576720131926e-11,1.993062619094176e-18,3.943550579789125e-15,-8.472361397264273e-08,1.981243245947779e-18,-4.2501576726735826e-11,3.943550536884047e-15,-4.2501576724601415e-11,-4.250157674080953e-11,-8.472361397264237e-08,-4.250157676364781e-11,-8.47236154799047e-08,-8.472361397264236e-08,3.599411389839466e-15,3.9435506313160825e-15,-8.472361547990476e-08,-8.472361397264265e-08,1.955370734770144e-18,-4.250157669096982e-11,2.0009897951179908e-18,-4.25015767162012e-11,-8.472361397264265e-08,-4.250156680614954e-11,-4.250157673255745e-11,1.9937663937660693e-18,-4.250156666827707e-11,-4.250157675591723e-11,-4.2501576736336885e-11,-4.250157674907687e-11,-8.472361547990459e-08,-4.250157674909188e-11,-8.472361547990476e-08,1.9906433793704137e-18,3.943550483719777e-15,-8.472361397264253e-08,-4.250156685048602e-11,-4.250157676309777e-11,-8.472361547990459e-08,-4.250157678040023e-11,-8.472361397264265e-08,2.0009897951179908e-18,-4.2501576734007706e-11,1.9800816946165996e-18,3.943550586470963e-15,-4.250157671581303e-11,1.9948724181228386e-18,-4.2501576720131926e-11,1.998818199258637e-18,3.9435505578371854e-15,3.5994112758906465e-15,-4.25015767459009e-11,2.0323438690936816e-18,-8.472361397264269e-08,-4.250157674174076e-11,-8.472361397264265e-08,-4.250156694914307e-11,-8.472364521447475e-08,-4.250157674909188e-11,3.943550561543889e-15,-4.250157671662718e-11,-4.250157678040023e-11,-8.472361397264253e-08,3.5965718848235985e-15,3.943550551296103e-15,-4.250156685048602e-11,-4.250156676204214e-11
1.000012879418179,1.0000200832513728,1.0000197285234216,1.0000200832513768,-4.9129417616053646e-11,-4.9129417423394887e-11,1.0000197470966794,1.0000197285234227,1.0000197285234227,1.0000200832513766,1.0000200832513773,-4.25015767244663e-11,1.0000148117556973,1.0000200832513757,1.0000197470966803,-4.848096440986305e-11,1.0000200832513768,1.0000200832513753,-4.815315550258637e-11,-4.912941767383502e-11,1.000019728523425,-4.8153155652027866e-11,1.0000200832513777,-4.9129417525211404e-11,1.0000200832513766,1.000020083251377,1.0000197285234216,1.0000200832513773,1.0000197470966798,1.0000197285234227,-4.2501576548531615e-11,-4.912941771189101e-11,1.0000197470966825,1.0000197285234225,-3.401894015246087e-11,1.0000200832513773,-4.815315559544843e-11,1.0000200832513766,1.0000197285234225,1.0000198366074498,1.000020083251376,-4.815315556668218e-11,1.0000198366074495,1.0000200832513761,1.0000200832513777,1.0000200832513757,1.0000197470966807,1.000020083251376,1.0000197470966794,-4.8153155465586365e-11,-4.9129417350541187e-11,1.0000197285234216,1.0000198366074495,1.0000200832513757,1.0000197470966807,1.000020083251376,1.0000197285234225,-4.8153155531629634e-11,1.0000200832513757,-4.815315570944487e-11,-4.912941777600618e-11,1.0000200832513757,-4.81531556704083e-11,1.0000200832513788,-4.815315564598341e-11,-4.912941756775833e-11,-4.250157634585987e-11,1.0000200832513766,-4.815315566161671e-11,1.000019728523422,1.0000200832513764,1.0000197285234227,1.0000198436930232,1.0000201145712597,1.0000200832513761,-4.9129417561171e-11,1.000020083251376,1.0000200832513766,1.0000197285234227,-4.247833630247404e-11,-4.912941753065793e-11,1.0000198366074489,1.0000198366074502
1.0000128794181735,1.0000200832513737,1.000019728523423,1.0000200832513786,-4.9129417748745565e-11,-4.912941745181876e-11,1.0000197470966816,1.0000197285234238,1.0000197285234234,1.0000200832513768,1.0000200832513777,-4.25015767244663e-11,1.0000200832513757,1.0000148117556977,1.0000197470966803,-4.848096445488113e-11,1.0000200832513777,1.0000200832513764,-4.8153155639151514e-11,-4.9129417604500576e-11,1.0000197285234245,-4.815315562479926e-11,1.0000200832513784,-4.9129417525211404e-11,1.0000200832513766,1.0000200832513777,1.0000197285234216,1.0000200832513775,1.0000197470966814,1.0000197285234225,-4.250157655755552e-11,-4.9129417807307736e-11,1.0000197470966832,1.000019728523423,-3.401894019915159e-11,1.000020083251378,-4.815315552373674e-11,1.0000200832513768,1.0000197285234227,1.0000198366074498,1.0000200832513768,-4.8153155482178386e-11,1.00001983660745,1.0000200832513773,1.0000200832513786,1.000020083251376,1.00001974709668,1.0000200832513757,1.0000197470966816,-4.815315554078023e-11,-4.912941744493269e-11,1.0000197285234231,1.00001983660745,1.0000200832513757,1.0000197470966805,1.0000200832513775,1.0000197285234227,-4.8153155563928724e-11,1.0000200832513757,-4.8153155692699975e-11,-4.9129417709294304e-11,1.0000200832513757,-4.815315561298671e-11,1.0000200832513786,-4.815315563925911e-11,-4.912941768914472e-11,-4.2501576358304844e-11,1.0000200832513766,-4.815315566161671e-11,1.0000197285234225,1.0000200832513766,1.0000197285234222,1.000019843693023,1.0000201145712593,1.0000200832513768,-4.91294176331618e-11,1.0000200832513773,1.0000200832513766,1.000019728523424,-4.247833628253074e-11,-4.912941744779292e-11,1.0000198366074484,1.0000198366074498
1.000012543265463,1.000019747096677,1.0000193923688452,1.0000197470966803,-9.79357049620317e-08,-9.793570450388763e-08,1.000019410942097,1.0000193923688465,1.0000193923688452,1.0000197470966812,1.0000197470966814,-8.472361547990467e-08,1.0000197470966803,1.0000197470966803,1.00001413944642,-9.664306352092116e-08,1.0000197470966803,1.00001974709668,-9.598960173648939e-08,-9.793570492709407e-08,1.0000193923688463,-9.598960183064929e-08,1.0000197470966827,-9.793570476903341e-08,1.0000197470966814,1.0000197470966814,1.0000193923688443,1.00001974709668,1.0000194109420975,1.0000193923688456,-8.47236150701219e-08,-9.793570516928177e-08,1.0000194109420983,1.0000193923688456,-6.78141343650158e-08,1.0000197470966814,-9.598960169850355e-08,1.0000197470966812,1.0000193923688456,1.0000195004528338,1.0000197470966814,-9.598960169041477e-08,1.000019500452835,1.0000197470966812,1.0000197470966818,1.0000197470966812,1.0000194109420968,1.0000197470966803,1.000019410942097,-9.598960152222917e-08,-9.79357043918404e-08,1.0000193923688452,1.0000195004528347,1.0000197470966812,1.0000194109420968,1.0000197470966814,1.0000193923688456,-9.598960166758323e-08,1.0000197470966816,-9.598960202281913e-08,-9.793570509287924e-08,1.0000197470966814,-9.598960193941852e-08,1.000019747096682,-9.59896018699172e-08,-9.793570485211513e-08,-8.472361467907362e-08,1.00001974709668,-9.598960184995911e-08,1.0000193923688456,1.000019747096681,1.0000193923688456,1.000019507538408,1.0000197784165548,1.0000197470966807,-9.793570480173746e-08,1.0000197470966814,1.0000197470966812,1.0000193923688467,-8.467728738084154e-08,-9.793570467479913e-08,1.0000195004528336,1.0000195004528356
-1.4346819100850747e-06,-4.848096452711276e-11,-9.664306180391787e-08,-4.8480964539987534e-11,4.347290987604083e-15,4.347290889828292e-15,-9.664306352092108e-08,-9.664306180391771e-08,-9.664306180391763e-08,-4.8480964558187524e-11,-4.8480964461143955e-11,2.1191550418618895e-18,-4.848096440986305e-11,-4.848096445488113e-11,-9.664306352092116e-08,-5.271495981202649e-06,-4.848096445997561e-11,-4.8480964494854576e-11,4.33497144794009e-15,4.347290996264854e-15,-9.664306180391759e-08,4.334971490275275e-15,-4.848096446075569e-11,4.3472909461005725e-15,-4.848096444450315e-11,-4.848096445488113e-11,-9.664306180391735e-08,-4.8480964493747996e-11,-9.664306352092116e-08,-9.664306180391751e-08,2.0070910259698026e-18,4.347291056157853e-15,-9.664306352092124e-08,-9.664306180391739e-08,3.4834432591131644e-15,-4.848096453792513e-11,4.33497148308681e-15,-4.8480964491855665e-11,-9.664306180391739e-08,-9.664307177167148e-08,-4.8480964491855665e-11,4.334971494009927e-15,-9.664307177167137e-08,-4.848096445006176e-11,-4.848096451486817e-11,-4.848096445488113e-11,-9.664306352092104e-08,-4.848096451486817e-11,-9.664306352092108e-08,4.334971422286575e-15,4.3472908847606725e-15,-9.664306180391747e-08,-9.66430717716714e-08,-4.848096455674232e-11,-9.664306352092104e-08,-4.8480964491855665e-11,-9.664306180391739e-08,4.334971422236864e-15,-4.84809645576007e-11,4.334971499435252e-15,4.3472910034501166e-15,-4.848096446075569e-11,4.334971482226064e-15,-4.848096443274694e-11,4.334971527272481e-15,4.347290970620146e-15,1.79063511289734e-18,-4.8480964545069577e-11,4.334971561078024e-15,-9.664306180391735e-08,-4.8480964491855665e-11,-9.664306180391739e-08,-9.664307242678465e-08,-4.848096593764374e-11,-4.8480964591070784e-11,4.34729097515961e-15,-4.848096448582676e-11,-4.848096446075569e-11,-9.664306180391779e-08,3.978425161569498e-15,4.347290963592907e-15,-9.66430717716712e-08,-9.664307177167145e-08
1.0000128794181704,1.0000200832513733,1.0000197285234216,1.0000200832513781,-4.9129417754648985e-11,-4.9129417418318854e-11,1.0000197470966807,1.0000197285234227,1.0000197285234227,1.0000200832513761,1.0000200832513777,-4.2501576716633055e-11,1.0000200832513768,1.0000200832513777,1.0000197470966803,-4.848096445997561e-11,1.0000148117556962,1.000020083251376,-4.815315564573467e-11,-4.9129417643546945e-11,1.0000197285234227,-4.815315562429535e-11,1.0000200832513777,-4.912941745873248e-11,1.0000200832513757,1.0000200832513777,1.0000197285234231,1.0000200832513766,1.0000197470966805,1.0000197285234234,-4.250157654387498e-11,-4.9129417902213884e-11,1.0000197470966814,1.0000197285234234,-3.401894019915159e-11,1.0000200832513766,-4.815315559498775e-11,1.0000200832513761,1.0000197285234231,1.000019836607449,1.000020083251376,-4.815315550631811e-11,1.0000198366074486,1.0000200832513773,1.0000200832513768,1.000020083251376,1.00001974709668,1.0000200832513761,1.0000197470966807,-4.81531554314403e-11,-4.9129417320889e-11,1.0000197285234225,1.000019836607449,1.000020083251376,1.0000197470966798,1.0000200832513766,1.0000197285234231,-4.815315558766335e-11,1.0000200832513768,-4.8153155694453844e-11,-4.91294178161651e-11,1.0000200832513766,-4.81531556704083e-11,1.0000200832513768,-4.815315562610653e-11,-4.912941765274702e-11,-4.250157629479376e-11,1.0000200832513761,-4.815315566161671e-11,1.0000197285234234,1.0000200832513757,1.0000197285234231,1.0000198436930225,1.000020114571259,1.000020083251376,-4.912941761680861e-11,1.0000200832513766,1.0000200832513761,1.0000197285234227,-4.2478336285008635e-11,-4.912941752998172e-11,1.0000198366074495,1.0000198366074506
1.0000128794181775,1.0000200832513744,1.000019728523421,1.0000200832513775,-4.9129417767088696e-11,-4.9129417548671255e-11,1.0000197470966805,1.0000197285234238,1.0000197285234231,1.0000200832513768,1.0000200832513766,-4.2501576720131926e-11,1.0000200832513753,1.0000200832513764,1.00001974709668,-4.8480964494854576e-11,1.000020083251376,1.000014811755705,-4.8153155639151514e-11,-4.9129417674521615e-11,1.0000197285234234,-4.815315563625026e-11,1.0000200832513777,-4.9129417553742247e-11,1.0000200832513764,1.0000200832513775,1.0000197285234216,1.0000200832513777,1.0000197470966803,1.000019728523423,-4.25015765904878e-11,-4.9129417796472866e-11,1.0000197470966814,1.000019728523422,-3.401894010193148e-11,1.0000200832513777,-4.8153155579060365e-11,1.0000200832513761,1.0000197285234218,1.000019836607449,1.0000200832513764,-4.815315556566384e-11,1.0000198366074498,1.0000200832513768,1.0000200832513768,1.000020083251376,1.0000197470966794,1.0000200832513753,1.0000197470966805,-4.815315545600399e-11,-4.912941738442932e-11,1.0000197285234234,1.0000198366074498,1.000020083251376,1.0000197470966794,1.000020083251376,1.0000197285234218,-4.81531555746435e-11,1.000020083251376,-4.8153155717259846e-11,-4.9129417836039086e-11,1.000020083251376,-4.8153155649688115e-11,1.0000200832513777,-4.8153155636461704e-11,-4.912941765274702e-11,-4.250157635149715e-11,1.0000200832513773,-4.815315562744366e-11,1.000019728523422,1.0000200832513761,1.000019728523422,1.0000198436930243,1.0000201145712595,1.0000200832513757,-4.91294176331618e-11,1.000020083251376,1.0000200832513768,1.0000197285234234,-4.247833623223782e-11,-4.9129417569098926e-11,1.0000198366074482,1.0000198366074495
-1.4340284557709238e-06,-4.815315554364511e-11,-9.598960003158916e-08,-4.815315556525969e-11,4.2856586464128725e-15,4.285658548906458e-15,-9.598960173648936e-08,-9.598960003158892e-08,-9.598960003158928e-08,-4.8153155634019104e-11,-4.815315558613766e-11,1.993062619094176e-18,-4.815315550258637e-11,-4.8153155639151514e-11,-9.598960173648939e-08,4.33497144794009e-15,-4.815315564573467e-11,-4.8153155639151514e-11,-5.271495991381334e-06,4.2856586551087734e-15,-9.5989600031589e-08,4.274528880932685e-15,-4.8153155657316316e-11,4.285658605010558e-15,-4.8153155584365785e-11,-4.8153155652091876e-11,-9.598960003158892e-08,-4.815315554752325e-11,-9.598960173648931e-08,-9.5989600031589e-08,1.9937663937660693e-18,4.285658714835973e-15,-9.598960173648943e-08,-9.598960003158932e-08,1.5326922703919123e-18,-4.8153155579510486e-11,4.274528873848609e-15,-4.815315562563224e-11,-9.598960003158916e-08,-9.598960992892249e-08,-4.8153155627235506e-11,4.274528884754758e-15,-9.598960992892253e-08,-4.815315558805322e-11,-4.81531555520282e-11,-4.815315564110142e-11,-9.598960173648931e-08,-4.8153155652091876e-11,-9.598960173648943e-08,4.274528813151846e-15,4.285658543939598e-15,-9.598960003158896e-08,-9.598960992892253e-08,-4.8153155631474826e-11,-9.598960173648931e-08,-4.815315564409648e-11,-9.598960003158916e-08,4.27452881298494e-15,-4.815315558805322e-11,4.2745288899460205e-15,4.285658662141472e-15,-4.8153155610355153e-11,4.274528872790569e-15,-4.8153155652091876e-11,4.274528917943277e-15,4.285658629504224e-15,2.0121541916586215e-18,-4.8153155634019104e-11,4.274528951709059e-15,-9.598960003158896e-08,-4.815315562563224e-11,-9.598960003158928e-08,-9.598961057941793e-08,-4.8153157390227226e-11,-4.815315554571368e-11,4.285658634080931e-15,-4.815315564110142e-11,-4.815315564110142e-11,-9.5989600031589e-08,2.0064330915350488e-18,4.285658622625374e-15,-9.598960992892225e-08,-9.598960992892253e-08
-1.4359745522950854e-06,-4.9129417693609066e-11,-9.793570318882586e-08,-4.912941746633734e-11,4.294329612321277e-15,4.294329511887307e-15,-9.7935704927094e-08,-9.79357031888258e-08,-9.793570318882598e-08,-4.9129417643546945e-11,-4.912941758296746e-11,3.943550579789125e-15,-4.912941767383502e-11,-4.9129417604500576e-11,-9.793570492709407e-08,4.347290996264854e-15,-4.9129417643546945e-11,-4.9129417674521615e-11,4.2856586551087734e-15,-5.271495983190528e-06,-9.793570318882612e-08,4.285658698789494e-15,-4.912941746633734e-11,4.2943295696439545e-15,-4.9129417613972686e-11,-4.912941757105448e-11,-9.79357031888257e-08,-4.912941758296746e-11,-9.793570492709392e-08,-9.793570318882586e-08,3.943550516264968e-15,4.294329682939303e-15,-9.793570492709388e-08,-9.793570318882612e-08,1.7421917600261987e-18,-4.912941761220743e-11,4.285658691697552e-15,-4.912941770259767e-11,-9.793570318882586e-08,-9.793571327948492e-08,-4.9129417674521615e-11,4.28565870296305e-15,-9.793571327948496e-08,-4.9129417674521615e-11,-4.912941770259767e-11,-4.9129417582246205e-11,-9.793570492709392e-08,-4.912941756600122e-11,-9.793570492709388e-08,4.285658629023612e-15,4.294329506981115e-15,-9.79357031888257e-08,-9.793571327948496e-08,-4.91294176749995e-11,-9.793570492709392e-08,-4.912941770259767e-11,-9.793570318882586e-08,4.2856586285678e-15,-4.9129417584997014e-11,4.2856587077803124e-15,4.294329628343529e-15,-4.912941764312551e-11,4.285658690124823e-15,-4.912941766680863e-11,4.285658737189981e-15,4.294329594972947e-15,3.943550379224569e-15,-4.9129417581960983e-11,4.285658772098878e-15,-9.793570318882586e-08,-4.9129417604500576e-11,-9.793570318882586e-08,-9.793571394271367e-08,-9.793573921335e-08,-4.912941760332912e-11,4.294329599807923e-15,-4.912941758296746e-11,-4.9129417476881173e-11,-9.793570318882604e-08,3.940334430429351e-15,4.29432958819984e-15,-9.793571327948464e-08,-9.793571327948484e-08
1.000012524692318,1.0000197285234211,1.0000193737955962,1.000019728523425,-9.793570322376406e-08,-9.793570276562017e-08,1.0000193923688474,1.0000193737955971,1.0000193737955971,1.0000197285234234,1.0000197285234245,-8.472361397264273e-08,1.000019728523425,1.0000197285234245,1.0000193923688463,-9.664306180391759e-08,1.0000197285234227,1.0000197285234234,-9.5989600031589e-08,-9.793570318882612e-08,1.0000141022999138,-9.59896001257496e-08,1.000019728523426,-9.793570303076551e-08,1.0000197285234234,1.0000197285234245,1.0000193737955958,1.0000197285234227,1.0000193923688463,1.000019373795597,-8.472361356285998e-08,-9.793570343101414e-08,1.0000193923688485,1.0000193737955962,-3.4018928510365634e-11,1.0000197285234227,-9.5989599993604e-08,1.0000197285234234,1.0000193737955962,1.000019481879583,1.0000197285234231,-9.5989599985515e-08,1.0000194818795818,1.0000197285234234,1.0000197285234254,1.0000197285234234,1.000019392368846,1.000019728523422,1.0000193923688478,-9.598959981732949e-08,-9.79357026535725e-08,1.0000193737955962,1.0000194818795816,1.0000197285234234,1.000019392368846,1.0000197285234234,1.0000193737955962,-9.598959996268363e-08,1.0000197285234227,-9.598960031791945e-08,-9.793570335461125e-08,1.0000197285234236,-9.598960023451844e-08,1.000019728523424,-9.59896001650176e-08,-9.793570311384735e-08,-8.472361317181164e-08,1.0000197285234238,-9.598960014505931e-08,1.0000193737955962,1.0000197285234238,1.0000193737955962,1.0000194889651566,1.0000197598432965,1.0000197285234234,-9.793570306346979e-08,1.0000197285234231,1.0000197285234238,1.0000193737955971,-8.467728587442018e-08,-9.793570293653126e-08,1.0000194818795822,1.0000194818795833
-1.4340284585492372e-06,-4.815315562351258e-11,-9.598960012574952e-08,-4.8153155604924157e-11,4.285658690093564e-15,4.285658592587258e-15,-9.598960183064925e-08,-9.598960012574925e-08,-9.598960012574952e-08,-4.815315565857196e-11,-4.81531556423162e-11,1.981243245947779e-18,-4.8153155652027866e-11,-4.815315562479926e-11,-9.598960183064929e-08,4.334971490275275e-15,-4.815315562429535e-11,-4.815315563625026e-11,4.274528880932685e-15,4.285658698789494e-15,-9.59896001257496e-08,-5.271495991381334e-06,-4.8153155629927713e-11,4.285658648691358e-15,-4.815315562942109e-11,-4.8153155604924157e-11,-9.598960012574952e-08,-4.815315556376849e-11,-9.598960183064931e-08,-9.598960012574934e-08,2.0072389497713563e-18,4.285658758516749e-15,-9.598960183064905e-08,-9.598960012574952e-08,1.5326922703919123e-18,-4.815315563625026e-11,4.274528916123792e-15,-4.81531556296634e-11,-9.598960012574956e-08,-9.598961002308223e-08,-4.815315565828653e-11,4.274528927029898e-15,-9.598961002308192e-08,-4.815315563300331e-11,-4.8153155584195663e-11,-4.81531556423162e-11,-9.598960183064921e-08,-4.815315563043687e-11,-9.598960183064925e-08,4.274528855426841e-15,4.285658587620478e-15,-9.598960012574934e-08,-9.598961002308207e-08,-4.815315563043685e-11,-9.598960183064901e-08,-4.815315563417197e-11,-9.598960012574952e-08,4.27452885525994e-15,-4.815315561411769e-11,4.274528932221072e-15,4.285658705822169e-15,-4.8153155580419086e-11,4.274528915065537e-15,-4.8153155664801874e-11,4.274528960218296e-15,4.2856586731848505e-15,2.004706295309505e-18,-4.815315565623788e-11,4.274528993984097e-15,-9.598960012574952e-08,-4.81531556296634e-11,-9.598960012574952e-08,-9.598961067357819e-08,-4.815315709823129e-11,-4.815315562631115e-11,4.285658677761562e-15,-4.815315559967292e-11,-4.815315566013459e-11,-9.598960012574945e-08,1.887311362753005e-18,4.2856586663060844e-15,-9.598961002308203e-08,-9.598961002308223e-08
