0.9999999753037834,-3.5188472802952876e-06,-3.00624698252388e-06,-3.4263184031056687e-06,-3.440136665409391e-06,-2.635817541476431e-06,-3.5208222638744474e-06,1.0000290268401566,-3.809915957116233e-06,1.0000293120963775,-3.437769352797035e-06,-2.95750996462199e-06,-3.3514585743835004e-06,-3.3514585743836008e-06,-3.195735572317009e-06,-3.1661546345352764e-06,-3.1150585373412195e-06,1.0000244588288776,-3.4377693506923807e-06,1.000029312096385,-3.236267057760741e-06,-3.0988335059182745e-06,-3.115058538566201e-06,-2.9611022817087434e-06,-3.4377693506923807e-06,-3.222329026412908e-06,-3.426318406410956e-06,1.0000291336938942,1.000029312096378,-2.5603962709324383e-06,-3.0697734469371584e-06,-2.9611022838133975e-06,-3.069773444025298e-06,-3.4473757313369505e-06,-3.437769350766373e-06
-3.5188472802952876e-06,-1.0546718459394156e-05,-1.4564189134169633e-10,-4.580291172874209e-11,-8.362508429054016e-11,-2.0530138376452417e-10,-1.1958979758243402e-11,-9.412428393600109e-11,-2.357489990317248e-10,-7.070281966175835e-11,-5.053913412060744e-11,-1.652157062594133e-10,-7.662446498193975e-11,-7.662446431709493e-11,-1.069172194670437e-10,-1.201548524010619e-10,-1.0903859018593361e-10,-1.2746100304924025e-06,-5.053913439682648e-11,-7.070281966175835e-11,-8.792407083282533e-11,-1.2962840608547536e-10,-1.0903859018593361e-10,-1.2416361830795758e-10,-5.053913418210329e-11,-8.277152396022054e-11,-4.580291205096772e-11,-1.8679610390775402e-07,-7.07028197820314e-11,-2.259538657589323e-10,-8.80085429893062e-11,-1.2416361830882868e-10,-8.800854257681959e-11,-9.797630635016133e-08,-5.053913439682648e-11
-3.00624698252388e-06,-1.4564189134169633e-10,-1.0976192166652887e-05,-9.112472434688892e-11,-1.6637290170919064e-10,-4.08451380175319e-10,-2.3791322083897417e-11,7.071184711745235e-10,-4.69027316085478e-10,7.537155173954681e-10,-1.0054755164489664e-10,-3.2869974957367916e-10,-1.524450127708531e-10,-1.5244501282166967e-10,-4.2186902914774677e-07,-2.390499382925534e-10,-4.3023960969934013e-07,-7.620048971361594e-07,-1.00547551409713e-10,7.537155173954681e-10,-1.7492590606690884e-10,-2.5789780151111493e-10,-4.3023960969934897e-07,-2.470255674375536e-10,-1.0054755151288241e-10,-1.6467481414884747e-10,-9.112472459933311e-11,7.070065276733267e-10,7.537155178829342e-10,-8.915617775630905e-07,-1.7509403730762623e-10,-2.470255674375536e-10,-1.7509403730762623e-10,-9.828369916766252e-11,-1.0054755148594215e-10
-3.4263184031056687e-06,-4.580291172874209e-11,-9.112472434688892e-11,-1.0458370960387918e-05,-5.232237288359113e-11,-1.2845215176403144e-10,-7.482683634720356e-12,-2.5279406342593834e-10,-1.4750250293378935e-10,-2.381397362597828e-10,-3.162132172164515e-11,-1.0337156298000295e-10,-9.50827082529524e-08,-4.794225955537437e-11,-6.689567527076938e-11,-7.51781209779139e-11,-6.822295415689455e-11,-1.1820671463231004e-06,-3.162132209729275e-11,-2.381397362597828e-10,-5.5012136494627366e-11,-8.110549324837885e-11,-6.822295412748682e-11,-7.768629489088224e-11,-3.1621321659912314e-11,-5.178831049133468e-11,-2.8657983529779695e-11,-2.528293004462595e-10,-2.381397362597828e-10,-1.4137389121335894e-10,-5.5064979356132454e-11,-7.768629489088224e-11,-5.506497914055662e-11,-3.0909384260392934e-11,-3.1621321671607833e-11
-3.440136665409391e-06,-8.362508429054016e-11,-1.6637290170919064e-10,-5.232237288359113e-11,-1.0590990605675188e-05,-2.345246351393022e-10,-1.3660943613050727e-11,2.36424451908798e-11,-5.341082724546828e-07,5.039769099516947e-11,-5.773276673026717e-11,-1.8873294780181388e-10,-8.753120152179504e-11,-8.753120159829396e-11,-1.221359724312624e-10,-2.7222026016650024e-07,-1.2455932453507753e-10,-1.1958974632695776e-06,-5.773276649903292e-11,5.0397691906911453e-11,-1.0043925487074171e-10,-2.936833927235129e-07,-1.2455932453507753e-10,-1.4183733492953746e-10,-5.7732766799030304e-11,-9.455327965560403e-11,-5.232237240946977e-11,2.3578141612531735e-11,5.039769099516947e-11,-2.5811688714099356e-10,-1.0053577552874414e-10,-1.418373349714389e-10,-1.0053577552874414e-10,-5.6432916491652435e-11,-5.773276649903292e-11
-2.635817541476431e-06,-2.0530138376452417e-10,-4.08451380175319e-10,-1.2845215176403144e-10,-2.345246351393022e-10,-1.1543417604377063e-05,-3.353660513073644e-11,1.3409325481342338e-09,-1.3112564477752752e-06,1.4066171938843785e-09,-1.4173489873972778e-10,-4.6334634863611047e-10,-2.1489139758758823e-10,-2.1489139670886775e-10,-2.998476780458872e-10,-3.3697278713867297e-10,-3.0579718157187407e-10,-3.9157493621447294e-07,-1.417348988637616e-10,1.4066171937210393e-09,-2.465812682435127e-10,-3.635413928532034e-10,-3.0579718157187407e-10,-3.482155414235411e-10,-1.4173489873972778e-10,-2.3213097892619267e-10,-1.2845215168696615e-10,1.3407747737597074e-09,1.4066171936465963e-09,-1.256776215250887e-06,-4.895086803464502e-07,-3.4821554143836167e-10,-4.895086803464404e-07,-1.3854368597293702e-10,-1.4173489873972778e-10
-3.5208222638744474e-06,-1.1958979758243402e-11,-2.3791322083897417e-11,-7.482683634720356e-12,-1.3660943613050727e-11,-3.353660513073644e-11,-1.0405411226185395e-05,-5.540405447747461e-10,-3.851041396536605e-11,-5.5021432712067e-10,-8.256351106373646e-12,-2.69886782661003e-11,-1.2517380943714865e-11,-1.25173814331474e-11,-1.746568451005906e-11,-1.9628021926846208e-11,-1.7812177613133096e-11,-1.2765655209454273e-06,-8.256351106373646e-12,-5.5021432712067e-10,-1.4363155195267388e-11,-2.1175541808843753e-11,-1.7812177613133096e-11,-2.0282811573011217e-11,-8.256351106373646e-12,-1.3521466496063545e-11,-7.482683634720356e-12,-5.540497780217779e-10,-5.502143266880252e-10,-3.6910178303132334e-11,-1.437691634531323e-11,-2.028281119206509e-11,-1.4376916407616582e-11,-8.070489389636683e-12,-8.256351298376572e-12
1.0000290268401566,-9.412428393600109e-11,7.071184711745235e-10,-2.5279406342593834e-10,2.36424451908798e-11,1.3409325481342338e-09,-5.540405447747461e-10,1.0000637430654022,1.937800367916597e-06,1.0000740817851366,-2.2307914226594824e-10,8.783610686845786e-10,1.5900408218027643e-11,1.5900408174427535e-11,3.2140618080522654e-10,4.3551225327155244e-10,3.779815184609369e-10,1.0000777282969537,-2.2307914205140183e-10,1.0000740817851348,1.5865206816954085e-10,5.404434747564195e-10,3.779815181912539e-10,5.689436647090442e-10,-2.2307914155663993e-10,1.2707169665288472e-10,-2.5279406369518444e-10,1.0000742522745472,1.0000740817851344,1.5337126130465274e-09,2.4323598822907967e-10,5.689436648573329e-10,2.4323598739090893e-10,-2.3644917692979866e-10,-2.2307914124767401e-10
-3.809915957116233e-06,-2.357489990317248e-10,-4.69027316085478e-10,-1.4750250293378935e-10,-5.341082724546828e-07,-1.3112564477752752e-06,-3.851041396536605e-11,1.937800367916597e-06,-1.1907229005103117e-05,1.0524900707470757e-09,-1.627551567007787e-10,-1.0552285516841015e-06,-2.4676120524659627e-10,-2.46761204749623e-10,-3.4431702920042676e-10,-7.674244719076499e-07,-3.511488817639128e-10,-1.5657405798641856e-06,-1.6275515663434352e-10,1.0524900708897405e-09,-2.831508951430124e-10,-4.1745690624242946e-10,-3.511488819682345e-10,-3.9985815183969754e-10,-1.6275515699730802e-10,-2.665575347313342e-10,-1.4750250293523947e-10,9.768826805860819e-10,1.0524900707470757e-09,-1.443163983591261e-06,-2.8342310341349335e-10,-3.9985815222252086e-10,-2.8342310341349335e-10,-1.5909067283628357e-10,-1.6275515699730802e-10
1.0000293120963775,-7.070281966175835e-11,7.537155173954681e-10,-2.381397362597828e-10,5.039769099516947e-11,1.4066171938843785e-09,-5.5021432712067e-10,1.0000740817851366,1.0524900707470757e-09,1.0000636026188503,-2.0690949706989428e-10,9.312206096184067e-10,4.0415856113235416e-11,4.041585603932e-11,3.556135638790008e-10,4.739549177837837e-10,4.128676181509837e-10,1.0000780135757827,-2.0690949663219698e-10,1.0000740041288096,1.867827379143453e-10,5.81917129362983e-10,4.1286761764306924e-10,6.086688999405124e-10,-2.069094960549359e-10,1.5355384768899356e-10,-2.3813973649250816e-10,1.0000741895156502,1.0000740041288088,1.6060048619452885e-09,2.7139367966959205e-10,6.08668900162663e-10,2.7139367869898586e-10,-2.2064358704119296e-10,-2.0690949657894317e-10
-3.437769352797035e-06,-5.053913412060744e-11,-1.0054755164489664e-10,-3.162132172164515e-11,-5.773276673026717e-11,-1.4173489873972778e-10,-8.256351106373646e-12,-2.2307914226594824e-10,-1.627551567007787e-10,-2.0690949706989428e-10,-1.0470732685677744e-05,-1.1406079920982267e-10,-5.2899721432630977e-11,-5.289972158477422e-11,-7.381305055507301e-11,-8.295196010184645e-11,-7.527758346821588e-11,-1.1935200965079565e-06,-3.489108753251543e-11,-2.0690949698726537e-10,-6.070067380352731e-11,-8.949226157985251e-11,-7.527758346821588e-11,-8.57195031169843e-11,-3.489108769043795e-11,-5.7143484824758315e-11,-3.162132209729275e-11,-2.2311802026308887e-10,-2.0690949698860559e-10,-1.5599283393336416e-10,-6.07589863186776e-11,-8.571950316888326e-11,-6.075898642794711e-11,-3.4105530166418015e-11,-6.91986400218516e-08
-2.95750996462199e-06,-1.652157062594133e-10,-3.2869974957367916e-10,-1.0337156298000295e-10,-1.8873294780181388e-10,-4.6334634863611047e-10,-2.69886782661003e-11,8.783610686845786e-10,-1.0552285516841015e-06,9.312206096184067e-10,-1.1406079920982267e-10,-1.114103707067057e-05,-1.7293318126084496e-10,-1.7293318146707651e-10,-4.785671344832537e-07,-5.378199985486168e-07,-2.4608921627541515e-10,-7.132713038655302e-07,-1.1406079862408943e-10,9.312206098724324e-10,-3.9355220686459573e-07,-2.925586326622934e-10,-2.460892158885669e-10,-2.802252021607637e-10,-1.1406079898897143e-10,-1.868066535402804e-10,-1.0337156278424987e-10,8.78234084902343e-10,9.312206099729673e-10,-5.099572610447617e-10,-1.9862620656981405e-10,-2.802252021607637e-10,-1.9862620656981405e-10,-1.114926872902405e-10,-1.1406079898897143e-10
-3.3514585743835004e-06,-7.662446498193975e-11,-1.524450127708531e-10,-9.50827082529524e-08,-8.753120152179504e-11,-2.1489139758758823e-10,-1.2517380943714865e-11,1.5900408218027643e-11,-2.4676120524659627e-10,4.0415856113235416e-11,-5.2899721432630977e-11,-1.7293318126084496e-10,-1.0560598040874206e-05,-8.020357233075517e-11,-1.1191139235291086e-10,-1.257673973021126e-10,-1.1413186998173717e-10,-1.1072128914759226e-06,-5.2899721042986625e-11,4.041585590048097e-11,-9.203102163174304e-11,-1.3568348653568333e-10,-1.1413187018773901e-10,-1.2996344347727366e-10,-5.2899720991076705e-11,-1.7182660785940606e-07,-4.794225876260957e-11,1.5841487643337514e-11,4.041585609460593e-11,-2.3650861749229263e-10,-9.21194552654901e-11,-1.2996344358841282e-10,-9.211945471432818e-11,-5.170868836044232e-11,-5.2899720991076705e-11
-3.3514585743836008e-06,-7.662446431709493e-11,-1.5244501282166967e-10,-4.794225955537437e-11,-8.753120159829396e-11,-2.1489139670886775e-10,-1.25173814331474e-11,1.5900408174427535e-11,-2.46761204749623e-10,4.041585603932e-11,-5.289972158477422e-11,-1.7293318146707651e-10,-8.020357233075517e-11,-1.0560598040874206e-05,-1.1191139241242721e-10,-1.2576739706365492e-10,-1.141318701255965e-10,-1.1072128917742834e-06,-5.289972148009527e-11,4.041585538885555e-11,-9.203102126124975e-11,-1.3568348667327024e-10,-1.1413186998173717e-10,-1.2996344336159333e-10,-5.289972128735592e-11,-1.7182660785940844e-07,-9.508270825295403e-08,1.5841488184293847e-11,4.04158551466108e-11,-2.3650861695732716e-10,-9.211945471432818e-11,-1.2996344337036403e-10,-9.21194552976543e-11,-5.170868786687344e-11,-5.289972106496901e-11
-3.195735572317009e-06,-1.069172194670437e-10,-4.2186902914774677e-07,-6.689567527076938e-11,-1.221359724312624e-10,-2.998476780458872e-10,-1.746568451005906e-11,3.2140618080522654e-10,-3.4431702920042676e-10,3.556135638790008e-10,-7.381305055507301e-11,-4.785671344832537e-07,-1.1191139235291086e-10,-1.1191139241242721e-10,-1.071122727184819e-05,-1.7548875108754798e-10,-1.5925315578742064e-10,-9.514912550093167e-07,-7.381305078337277e-11,3.556135642922352e-10,-2.546819117483649e-07,-1.8932512294609126e-10,-1.5925315716900629e-10,-1.8134370813127828e-10,-7.381305055507301e-11,-1.208893754790229e-10,-6.689567516477257e-11,3.213239885295379e-10,3.556135642922352e-10,-3.300111996037062e-10,-1.2853820410708486e-10,-1.8134370843996492e-10,-1.285382040377693e-10,-7.215114205465687e-11,-7.381305077746696e-11
-3.1661546345352764e-06,-1.201548524010619e-10,-2.390499382925534e-10,-7.51781209779139e-11,-2.7222026016650024e-07,-3.3697278713867297e-10,-1.9628021926846208e-11,4.3551225327155244e-10,-7.674244719076499e-07,4.739549177837837e-10,-8.295196010184645e-11,-5.378199985486168e-07,-1.257673973021126e-10,-1.2576739706365492e-10,-1.7548875108754798e-10,-1.0792662331578747e-05,-1.7897072738311138e-10,-9.219128060544798e-07,-8.295196029827474e-11,4.739549182846353e-10,-1.4431414798827937e-10,-2.1276601141687192e-10,-1.7897072739756848e-10,-2.0379640028168757e-10,-8.295196010184645e-11,-1.3585698507030727e-10,-7.517812058617742e-11,4.3541988921193713e-10,4.73954918267888e-10,-3.708709660722731e-10,-1.4445285062350937e-10,-2.0379640028168757e-10,-1.4445285062350937e-10,-8.108428293552874e-11,-8.295196031851555e-11
-3.1150585373412195e-06,-1.0903859018593361e-10,-4.3023960969934013e-07,-6.822295415689455e-11,-1.2455932453507753e-10,-3.0579718157187407e-10,-1.7812177613133096e-11,3.779815184609369e-10,-3.511488817639128e-10,4.128676181509837e-10,-7.527758346821588e-11,-2.4608921627541515e-10,-1.1413186998173717e-10,-1.141318701255965e-10,-1.5925315578742064e-10,-1.7897072738311138e-10,-1.072363873939675e-05,-8.7081082688495e-07,-7.527758320924711e-11,4.128676180808893e-10,-1.309627289834084e-10,-1.9308164060402916e-10,-3.2210970316612317e-07,-1.8494186167446877e-10,-7.527758346821588e-11,-1.23287995583854e-10,-6.822295439787968e-11,3.7789770024568153e-10,4.128676180808893e-10,-3.3655920522221566e-10,-1.310885935992313e-10,-1.849418623477275e-10,-1.3108859337798035e-10,-7.358269824765993e-11,-7.527758320924711e-11
1.0000244588288776,-1.2746100304924025e-06,-7.620048971361594e-07,-1.1820671463231004e-06,-1.1958974632695776e-06,-3.9157493621447294e-07,-1.2765655209454273e-06,1.0000777282969537,-1.5657405798641856e-06,1.0000780135757827,-1.1935200965079565e-06,-7.132713038655302e-07,-1.1072128914759226e-06,-1.1072128917742834e-06,-9.514912550093167e-07,-9.219128060544798e-07,-8.7081082688495e-07,1.0000627584083235,-1.1935200959197317e-06,1.0000780135757819,-9.920190453244421e-07,-8.545912379478223e-07,-8.708108279340924e-07,-7.168514441812242e-07,-1.1935200953091865e-06,-9.780787236218327e-07,-1.182067146034673e-06,1.0000778351555175,1.000078013575781,-3.161561236948199e-07,-8.255171983730443e-07,-7.168514442420942e-07,-8.255171997314009e-07,-1.2031266458914682e-06,-1.1935200957138597e-06
-3.4377693506923807e-06,-5.053913439682648e-11,-1.00547551409713e-10,-3.162132209729275e-11,-5.773276649903292e-11,-1.417348988637616e-10,-8.256351106373646e-12,-2.2307914205140183e-10,-1.6275515663434352e-10,-2.0690949663219698e-10,-3.489108753251543e-11,-1.1406079862408943e-10,-5.2899721042986625e-11,-5.289972148009527e-11,-7.381305078337277e-11,-8.295196029827474e-11,-7.527758320924711e-11,-1.1935200959197317e-06,-1.0470732685677744e-05,-2.069094966488532e-10,-6.070067416111229e-11,-8.949226180117598e-11,-7.527758346821588e-11,-8.5719502587859e-11,-6.919864002185008e-08,-5.7143484701819624e-11,-3.162132172164515e-11,-2.2311801872165329e-10,-2.069094966488532e-10,-1.559928340075982e-10,-6.07589863186776e-11,-8.57195031169843e-11,-6.075898630953273e-11,-3.410553012704252e-11,-3.489108769043795e-11
1.000029312096385,-7.070281966175835e-11,7.537155173954681e-10,-2.381397362597828e-10,5.0397691906911453e-11,1.4066171937210393e-09,-5.5021432712067e-10,1.0000740817851348,1.0524900708897405e-09,1.0000740041288096,-2.0690949698726537e-10,9.312206098724324e-10,4.041585590048097e-11,4.041585538885555e-11,3.556135642922352e-10,4.739549182846353e-10,4.128676180808893e-10,1.0000780135757819,-2.069094966488532e-10,1.0000636026188479,1.8678273795358738e-10,5.81917129362983e-10,4.1286761738153587e-10,6.086688996320622e-10,-2.069094958674201e-10,1.5355384772352594e-10,-2.3813973649250816e-10,1.0000741895156484,1.0000740041288072,1.6060048622011265e-09,2.713936793148153e-10,6.086689000184626e-10,2.7139367869898586e-10,-2.2064358704119296e-10,-2.06909496516222e-10
-3.236267057760741e-06,-8.792407083282533e-11,-1.7492590606690884e-10,-5.5012136494627366e-11,-1.0043925487074171e-10,-2.465812682435127e-10,-1.4363155195267388e-11,1.5865206816954085e-10,-2.831508951430124e-10,1.867827379143453e-10,-6.070067380352731e-11,-3.9355220686459573e-07,-9.203102163174304e-11,-9.203102126124975e-11,-2.546819117483649e-07,-1.4431414798827937e-10,-1.309627289834084e-10,-9.920190453244421e-07,-6.070067416111229e-11,1.8678273795358738e-10,-1.0610970440794443e-05,-1.55692555283615e-10,-1.3096272940547721e-10,-1.4912898927866555e-10,-6.070067425199375e-11,-9.941409889189215e-11,-5.5012136135127725e-11,1.5858447032244262e-10,1.867827379143453e-10,-2.7138637826944503e-10,-1.0570414465268752e-10,-1.491289895017104e-10,-1.0570414472874967e-10,-5.933399798116628e-11,-6.070067380352731e-11
-3.0988335059182745e-06,-1.2962840608547536e-10,-2.5789780151111493e-10,-8.110549324837885e-11,-2.936833927235129e-07,-3.635413928532034e-10,-2.1175541808843753e-11,5.404434747564195e-10,-4.1745690624242946e-10,5.81917129362983e-10,-8.949226157985251e-11,-2.925586326622934e-10,-1.3568348653568333e-10,-1.3568348667327024e-10,-1.8932512294609126e-10,-2.1276601141687192e-10,-1.9308164060402916e-10,-8.545912379478223e-07,-8.949226180117598e-11,5.81917129362983e-10,-1.55692555283615e-10,-1.0856770463811805e-05,-1.930816406037761e-10,-4.3605227024541887e-07,-8.949226157985251e-11,-1.4656859018657575e-10,-8.110549290726582e-11,5.403438344063343e-10,5.819171296162024e-10,-4.001122768587072e-10,-1.5584219530007205e-10,-4.360522702454222e-07,-1.5584219530007205e-10,-8.747732586772836e-11,-8.949226157985251e-11
-3.115058538566201e-06,-1.0903859018593361e-10,-4.3023960969934897e-07,-6.822295412748682e-11,-1.2455932453507753e-10,-3.0579718157187407e-10,-1.7812177613133096e-11,3.779815181912539e-10,-3.511488819682345e-10,4.1286761764306924e-10,-7.527758346821588e-11,-2.460892158885669e-10,-1.1413187018773901e-10,-1.1413186998173717e-10,-1.5925315716900629e-10,-1.7897072739756848e-10,-3.2210970316612317e-07,-8.708108279340924e-07,-7.527758346821588e-11,4.1286761738153587e-10,-1.3096272940547721e-10,-1.930816406037761e-10,-1.072363873939675e-05,-1.8494186214198618e-10,-7.527758320924711e-11,-1.2328799569924165e-10,-6.822295423838374e-11,3.778976998169531e-10,4.1286761738153587e-10,-3.365592059207249e-10,-1.3108859337798035e-10,-1.849418621500426e-10,-1.310885934869953e-10,-7.358269840892828e-11,-7.527758320924711e-11
-2.9611022817087434e-06,-1.2416361830795758e-10,-2.470255674375536e-10,-7.768629489088224e-11,-1.4183733492953746e-10,-3.482155414235411e-10,-2.0282811573011217e-11,5.689436647090442e-10,-3.9985815183969754e-10,6.086688999405124e-10,-8.57195031169843e-11,-2.802252021607637e-10,-1.2996344347727366e-10,-1.2996344336159333e-10,-1.8134370813127828e-10,-2.0379640028168757e-10,-1.8494186167446877e-10,-7.168514441812242e-07,-8.5719502587859e-11,6.086688996320622e-10,-1.4912898927866555e-10,-4.3605227024541887e-07,-1.8494186214198618e-10,-1.081919668340605e-05,-8.57195031169843e-11,-1.4038966389211733e-10,-7.768629481797001e-11,5.68848229218519e-10,6.086689004236711e-10,-3.832447060862241e-10,-1.4927232033635122e-10,-4.176695446954252e-07,-1.4927232033635122e-10,-8.378951002795163e-11,-8.57195031169843e-11
-3.4377693506923807e-06,-5.053913418210329e-11,-1.0054755151288241e-10,-3.1621321659912314e-11,-5.7732766799030304e-11,-1.4173489873972778e-10,-8.256351106373646e-12,-2.2307914155663993e-10,-1.6275515699730802e-10,-2.069094960549359e-10,-3.489108769043795e-11,-1.1406079898897143e-10,-5.2899720991076705e-11,-5.289972128735592e-11,-7.381305055507301e-11,-8.295196010184645e-11,-7.527758346821588e-11,-1.1935200953091865e-06,-6.919864002185008e-08,-2.069094958674201e-10,-6.070067425199375e-11,-8.949226157985251e-11,-7.527758320924711e-11,-8.57195031169843e-11,-1.0470732685677744e-05,-5.714348465913899e-11,-3.1621321659912314e-11,-2.2311801939434794e-10,-2.069094960549359e-10,-1.55992834114199e-10,-6.07589863186776e-11,-8.57195031169843e-11,-6.07589863186776e-11,-3.4105530209755345e-11,-3.489108769043795e-11
-3.222329026412908e-06,-8.277152396022054e-11,-1.6467481414884747e-10,-5.178831049133468e-11,-9.455327965560403e-11,-2.3213097892619267e-10,-1.3521466496063545e-11,1.2707169665288472e-10,-2.665575347313342e-10,1.5355384768899356e-10,-5.7143484824758315e-11,-1.868066535402804e-10,-1.7182660785940606e-07,-1.7182660785940844e-07,-1.208893754790229e-10,-1.3585698507030727e-10,-1.23287995583854e-10,-9.780787236218327e-07,-5.7143484701819624e-11,1.5355384772352594e-10,-9.941409889189215e-11,-1.4656859018657575e-10,-1.2328799569924165e-10,-1.4038966389211733e-10,-5.714348465913899e-11,-1.0587142917043717e-05,-5.1788309999144414e-11,1.2700805864098224e-10,1.535538473710259e-10,-2.5548244408530406e-10,-9.950963095672667e-11,-1.4038966373757721e-10,-9.950963137575167e-11,-5.585689938611183e-11,-5.7143484824758315e-11
-3.426318406410956e-06,-4.580291205096772e-11,-9.112472459933311e-11,-2.8657983529779695e-11,-5.232237240946977e-11,-1.2845215168696615e-10,-7.482683634720356e-12,-2.5279406369518444e-10,-1.4750250293523947e-10,-2.3813973649250816e-10,-3.162132209729275e-11,-1.0337156278424987e-10,-4.794225876260957e-11,-9.508270825295403e-08,-6.689567516477257e-11,-7.517812058617742e-11,-6.822295439787968e-11,-1.182067146034673e-06,-3.162132172164515e-11,-2.3813973649250816e-10,-5.5012136135127725e-11,-8.110549290726582e-11,-6.822295423838374e-11,-7.768629481797001e-11,-3.1621321659912314e-11,-5.1788309999144414e-11,-1.0458370960387918e-05,-2.5282930068450253e-10,-2.3813973595017826e-10,-1.4137389139324978e-10,-5.506497914055662e-11,-7.768629481797001e-11,-5.506497914055662e-11,-3.090938420695141e-11,-3.16213216593465e-11
1.0000291336938942,-1.8679610390775402e-07,7.070065276733267e-10,-2.528293004462595e-10,2.3578141612531735e-11,1.3407747737597074e-09,-5.540497780217779e-10,1.0000742522745472,9.768826805860819e-10,1.0000741895156502,-2.2311802026308887e-10,8.78234084902343e-10,1.5841487643337514e-11,1.5841488184293847e-11,3.213239885295379e-10,4.3541988921193713e-10,3.7789770024568153e-10,1.0000778351555175,-2.2311801872165329e-10,1.0000741895156484,1.5858447032244262e-10,5.403438344063343e-10,3.778976998169531e-10,5.68848229218519e-10,-2.2311801939434794e-10,1.2700805864098224e-10,-2.5282930068450253e-10,1.0000639584551974,1.0000741895156484,1.533538970102898e-09,2.4316833328574017e-10,5.688482291425341e-10,2.4316833196978784e-10,-2.3648718096259533e-10,-2.2311801906317354e-10
1.000029312096378,-7.07028197820314e-11,7.537155178829342e-10,-2.381397362597828e-10,5.039769099516947e-11,1.4066171936465963e-09,-5.502143266880252e-10,1.0000740817851344,1.0524900707470757e-09,1.0000740041288088,-2.0690949698860559e-10,9.312206099729673e-10,4.041585609460593e-11,4.04158551466108e-11,3.556135642922352e-10,4.73954918267888e-10,4.128676180808893e-10,1.000078013575781,-2.069094966488532e-10,1.0000740041288072,1.867827379143453e-10,5.819171296162024e-10,4.1286761738153587e-10,6.086689004236711e-10,-2.069094960549359e-10,1.535538473710259e-10,-2.3813973595017826e-10,1.0000741895156484,1.0000636026188483,1.606004862368266e-09,2.7139367978407343e-10,6.08668900162663e-10,2.713936786326313e-10,-2.206435872267036e-10,-2.0690949677723442e-10
-2.5603962709324383e-06,-2.259538657589323e-10,-8.915617775630905e-07,-1.4137389121335894e-10,-2.5811688714099356e-10,-1.256776215250887e-06,-3.6910178303132334e-11,1.5337126130465274e-09,-1.443163983591261e-06,1.6060048619452885e-09,-1.5599283393336416e-10,-5.099572610447617e-10,-2.3650861749229263e-10,-2.3650861695732716e-10,-3.300111996037062e-10,-3.708709660722731e-10,-3.3655920522221566e-10,-3.161561236948199e-07,-1.559928340075982e-10,1.6060048622011265e-09,-2.7138637826944503e-10,-4.001122768587072e-10,-3.365592059207249e-10,-3.832447060862241e-10,-1.55992834114199e-10,-2.5548244408530406e-10,-1.4137389139324978e-10,1.533538970102898e-09,1.606004862368266e-09,-1.1784711312923511e-05,-5.38751346222294e-07,-3.83244706035483e-10,-5.387513462222823e-07,-1.5248059531728626e-10,-1.5599283384501695e-10
-3.0697734469371584e-06,-8.80085429893062e-11,-1.7509403730762623e-10,-5.5064979356132454e-11,-1.0053577552874414e-10,-4.895086803464502e-07,-1.437691634531323e-11,2.4323598822907967e-10,-2.8342310341349335e-10,2.7139367966959205e-10,-6.07589863186776e-11,-1.9862620656981405e-10,-9.21194552654901e-11,-9.211945471432818e-11,-1.2853820410708486e-10,-1.4445285062350937e-10,-1.310885935992313e-10,-8.255171983730443e-07,-6.07589863186776e-11,2.713936793148153e-10,-1.0570414465268752e-10,-1.5584219530007205e-10,-1.3108859337798035e-10,-1.4927232033635122e-10,-6.07589863186776e-11,-9.950963095672667e-11,-5.506497914055662e-11,2.4316833328574017e-10,2.7139367978407343e-10,-5.38751346222294e-07,-1.0611373152560357e-05,-1.4927232023263342e-10,-1.0580572152392097e-10,-5.939099538483746e-11,-6.075898580464421e-11
-2.9611022838133975e-06,-1.2416361830882868e-10,-2.470255674375536e-10,-7.768629489088224e-11,-1.418373349714389e-10,-3.4821554143836167e-10,-2.028281119206509e-11,5.689436648573329e-10,-3.9985815222252086e-10,6.08668900162663e-10,-8.571950316888326e-11,-2.802252021607637e-10,-1.2996344358841282e-10,-1.2996344337036403e-10,-1.8134370843996492e-10,-2.0379640028168757e-10,-1.849418623477275e-10,-7.168514442420942e-07,-8.57195031169843e-11,6.086689000184626e-10,-1.491289895017104e-10,-4.360522702454222e-07,-1.849418621500426e-10,-4.176695446954252e-07,-8.57195031169843e-11,-1.4038966373757721e-10,-7.768629481797001e-11,5.688482291425341e-10,6.08668900162663e-10,-3.83244706035483e-10,-1.4927232023263342e-10,-1.081919668340605e-05,-1.4927232013890527e-10,-8.378951002795163e-11,-8.57195031169843e-11
-3.069773444025298e-06,-8.800854257681959e-11,-1.7509403730762623e-10,-5.506497914055662e-11,-1.0053577552874414e-10,-4.895086803464404e-07,-1.4376916407616582e-11,2.4323598739090893e-10,-2.8342310341349335e-10,2.7139367869898586e-10,-6.075898642794711e-11,-1.9862620656981405e-10,-9.211945471432818e-11,-9.21194552976543e-11,-1.285382040377693e-10,-1.4445285062350937e-10,-1.3108859337798035e-10,-8.255171997314009e-07,-6.075898630953273e-11,2.7139367869898586e-10,-1.0570414472874967e-10,-1.5584219530007205e-10,-1.310885934869953e-10,-1.4927232033635122e-10,-6.07589863186776e-11,-9.950963137575167e-11,-5.506497914055662e-11,2.4316833196978784e-10,2.713936786326313e-10,-5.387513462222823e-07,-1.0580572152392097e-10,-1.4927232013890527e-10,-1.0611373152549357e-05,-5.939099441000862e-11,-6.075898642794711e-11
-3.4473757313369505e-06,-9.797630635016133e-08,-9.828369916766252e-11,-3.0909384260392934e-11,-5.6432916491652435e-11,-1.3854368597293702e-10,-8.070489389636683e-12,-2.3644917692979866e-10,-1.5909067283628357e-10,-2.2064358704119296e-10,-3.4105530166418015e-11,-1.114926872902405e-10,-5.170868836044232e-11,-5.170868786687344e-11,-7.215114205465687e-11,-8.108428293552874e-11,-7.358269824765993e-11,-1.2031266458914682e-06,-3.410553012704252e-11,-2.2064358704119296e-10,-5.933399798116628e-11,-8.747732586772836e-11,-7.358269840892828e-11,-8.378951002795163e-11,-3.4105530209755345e-11,-5.585689938611183e-11,-3.090938420695141e-11,-2.3648718096259533e-10,-2.206435872267036e-10,-1.5248059531728626e-10,-5.939099538483746e-11,-8.378951002795163e-11,-5.939099441000862e-11,-1.0467651864446922e-05,-3.410553012704252e-11
-3.437769350766373e-06,-5.053913439682648e-11,-1.0054755148594215e-10,-3.1621321671607833e-11,-5.773276649903292e-11,-1.4173489873972778e-10,-8.256351298376572e-12,-2.2307914124767401e-10,-1.6275515699730802e-10,-2.0690949657894317e-10,-6.91986400218516e-08,-1.1406079898897143e-10,-5.2899720991076705e-11,-5.289972106496901e-11,-7.381305077746696e-11,-8.295196031851555e-11,-7.527758320924711e-11,-1.1935200957138597e-06,-3.489108769043795e-11,-2.06909496516222e-10,-6.070067380352731e-11,-8.949226157985251e-11,-7.527758320924711e-11,-8.57195031169843e-11,-3.489108769043795e-11,-5.7143484824758315e-11,-3.16213216593465e-11,-2.2311801906317354e-10,-2.0690949677723442e-10,-1.5599283384501695e-10,-6.075898580464421e-11,-8.57195031169843e-11,-6.075898642794711e-11,-3.410553012704252e-11,-1.0470732683594615e-05
