1.0000000000028568,-7.092312649796808e-10,-6.932376482967704e-10,-7.09219901443692e-10,1.0000000023369169,-3.8177300909525956e-10,1.000000002336944,-7.110808007708339e-10,-5.583202403428726e-10,1.0000000020176605,-7.264435843866818e-10,-5.583211788061461e-10,-9.115753539285591e-10,-6.932416280425892e-10,-6.373781296472086e-10,1.0000000023182438,-3.32559103626575e-10,-7.50228871157828e-10,1.0000000023369198,-7.742672142144184e-10,-7.36598292971238e-10,-4.010528811424266e-10,-5.583211788196541e-10,1.0000000023369175,1.000000002318434,-7.092199010286005e-10,-5.583332224408696e-10,-6.932308012618232e-10,-7.816034865926536e-10,-7.502275841471004e-10,-5.583332224364437e-10,-5.556999781478742e-10,1.0000000023369198,-6.080449303786156e-10,-8.676729396313629e-10,1.0000000023369198,-7.110805410390655e-10
-7.092312649796808e-10,-1.3430883341982285e-10,5.682604466648585e-15,1.2252308301111863e-11,-6.712261523798257e-14,4.358274394367067e-15,-6.712395972557554e-14,6.277088043487693e-15,4.044414384425474e-15,-8.302287784624634e-11,5.350287949447566e-15,4.044414384425474e-15,8.283675935759377e-15,5.683232341078585e-15,4.7175522116098836e-15,-5.717381510226713e-14,5.164115309901498e-12,6.799277344543485e-15,-6.712395972557554e-14,8.65485696103842e-15,7.550320230922122e-15,4.7240782920186126e-15,4.043115619413279e-15,-6.712395977083115e-14,-6.168177855705634e-14,1.2252308301123307e-11,4.043188055618244e-15,5.6832323410785845e-15,7.54364366565088e-15,6.79927733755096e-15,4.044414384425474e-15,4.528616948144118e-15,-6.712261523798257e-14,3.9738493868128795e-15,8.353706787313923e-15,-6.712395972474414e-14,6.277088043487693e-15
-6.932376482967704e-10,5.682604466648585e-15,-1.3622673758600204e-10,5.682254765193277e-15,-5.852746818142694e-14,3.128017957582444e-15,-5.852746818142717e-14,5.8042636745668636e-15,3.393489417829502e-15,-7.005944197913246e-11,4.894518671737542e-15,3.394333871889508e-15,8.004873190098862e-15,1.0314584944123731e-11,4.0344038674279264e-15,-4.960660422254819e-14,1.4734813512138193e-15,6.355991453031722e-15,-5.852746818115833e-14,8.02127844189134e-15,6.969662277082764e-15,3.501508374650838e-15,3.394930446529592e-15,-5.852799751980652e-14,-5.3567415646117746e-14,5.683232340464394e-15,3.3952129863288607e-15,1.031458494413161e-11,7.053321704244688e-15,6.359315510989238e-15,3.394333871889509e-15,3.72294422952078e-15,-5.852746818142717e-14,3.2770051085798134e-15,7.958000058609127e-15,-5.852746818115809e-14,5.8042636745668636e-15
-7.09219901443692e-10,1.2252308301111863e-11,5.682254765193277e-15,-1.3430883342252928e-10,-6.71227160595162e-14,4.358299324099524e-15,-6.712250204169047e-14,6.277244749257793e-15,4.044414384425474e-15,-8.302157351052964e-11,5.34948274305306e-15,4.0431880560615525e-15,8.289453896633557e-15,5.68376702234015e-15,4.7175522116098836e-15,-5.717303068311084e-14,5.16411530991987e-12,6.798611393952195e-15,-6.712269006703166e-14,8.655300031926796e-15,7.550063295542552e-15,4.724256622128663e-15,4.043115619413279e-15,-6.712262470416851e-14,-6.168072801984211e-14,1.225230830112793e-11,4.0431880562306866e-15,5.68376702234015e-15,7.543643665672696e-15,6.7987815129728824e-15,4.043188055618244e-15,4.529710286769887e-15,-6.712250204169047e-14,3.975210467996424e-15,8.352597670017956e-15,-6.712269006703166e-14,6.277244749257799e-15
1.0000000023369169,-6.712261523798257e-14,-5.852746818142694e-14,-6.71227160595162e-14,1.0000000009892573,6.329352359449947e-14,1.0000000011359127,-6.758990909483487e-14,8.311579849569052e-15,1.0000000003259668,-7.174338219095899e-14,8.310717231179386e-15,-1.663845727811543e-13,-5.853024547806567e-14,-3.764407085759005e-14,1.0000000009019998,1.0250410956917006e-13,-8.802608238839894e-14,1.0000000011359094,-1.2025988686239985e-13,-9.283223675202409e-14,5.204884845051176e-14,8.311432822478551e-15,1.0000000011359138,1.000000001010036,-6.712201828080784e-14,8.31147086970164e-15,-5.852790232647613e-14,-1.1063912888284341e-13,-8.802653456684635e-14,8.310780705771347e-15,-2.051893065737472e-15,1.0000000011359123,-2.048174590000843e-14,-1.5188727043169957e-13,1.00000000113591,-6.759033115561073e-14
-3.8177300909525956e-10,4.358274394367067e-15,3.128017957582444e-15,4.358299324099524e-15,6.329352359449947e-14,-1.6678754060651646e-10,6.32946068332509e-14,4.750756563850383e-15,-2.121006678602469e-15,1.5835351617631382e-10,6.440727233064077e-12,-2.121325764901854e-15,2.2786822151659598e-11,3.1289400373989417e-15,-2.712686946245143e-12,1.3174252472345386e-10,-2.3480026519908552e-11,6.171408246434199e-15,6.329348340367807e-14,1.338949931045315e-11,5.48820712676726e-15,-1.8880020554796837e-11,-2.1209620935927207e-15,6.32931785054741e-14,1.3119039029482828e-10,4.358299328072829e-15,-2.1212555623128846e-15,3.1285304871456593e-15,1.3512187624849843e-11,6.171563262368369e-15,-2.121963684018057e-15,-7.138757662837493e-12,6.329348340367807e-14,-5.834188854705845e-12,1.940383074644559e-11,6.329348340367807e-14,4.751684507437124e-15
1.000000002336944,-6.712395972557554e-14,-5.852746818142717e-14,-6.712250204169047e-14,1.0000000011359127,6.32946068332509e-14,1.0000000009892278,-6.759036121086112e-14,8.310623602036494e-15,1.0000000003259684,-7.174411767570633e-14,8.310717231179386e-15,-1.6638278760902233e-13,-5.853019533970625e-14,-3.764407085759005e-14,1.0000000009020016,1.0250459844353184e-13,-8.802695884025737e-14,1.0000000011359105,-1.202608290586013e-13,-9.283337414406394e-14,5.204956793391599e-14,8.311432822478551e-15,1.0000000011359145,1.0000000010100363,-6.712031842080912e-14,8.311315778131352e-15,-5.852790220875686e-14,-1.1063986225743689e-13,-8.802537797174285e-14,8.31134829581001e-15,-2.051893065737472e-15,1.0000000011359127,-2.0480253891402385e-14,-1.5188707738242117e-13,1.0000000011359118,-6.759040832354381e-14
-7.110808007708339e-10,6.277088043487693e-15,5.8042636745668636e-15,6.277244749257793e-15,-6.758990909483487e-14,4.750756563850383e-15,-6.759036121086112e-14,-1.3388258351902885e-10,4.2296068967769465e-15,-8.298885795832777e-11,5.4583256697159214e-15,4.2306285705680715e-15,8.301979748607863e-15,5.803217770984783e-15,4.913423058731448e-15,-5.736852217844031e-14,5.893691184029683e-12,6.890539095547837e-15,-6.758990909483487e-14,8.795659114350969e-15,1.526189562232249e-11,5.1132742289329224e-15,4.2288295535247944e-15,-6.758995538418206e-14,-6.203217940708629e-14,6.277244746598985e-15,4.2309331075308935e-15,5.803217770984783e-15,7.642082921401975e-15,6.886390116920734e-15,4.230628570973929e-15,4.771408845152106e-15,-6.759034176622365e-14,4.1891525753324924e-15,8.410561098363269e-15,-6.758999845908405e-14,1.2676229581160501e-11
-5.583202403428726e-10,4.044414384425474e-15,3.393489417829502e-15,4.044414384425474e-15,8.311579849569052e-15,-2.121006678602469e-15,8.310623602036494e-15,4.2296068967769465e-15,-1.4498329762299341e-10,4.821927645005242e-11,3.299669674566832e-15,1.5649527931252344e-12,7.532087363050352e-15,3.3930755138235042e-15,1.3276328903591117e-15,1.3434283813992466e-14,-6.7698227751287606e-12,4.968785893886067e-15,8.311973048617073e-15,5.903482182365009e-15,5.004078957024339e-15,-1.7120999927888725e-15,1.5649527931282216e-12,8.31062360175409e-15,1.1561642322555787e-14,4.0431880556042884e-15,1.5649527931290847e-12,3.393395246006622e-15,5.493882698832053e-15,4.968403857323339e-15,1.5649527931240657e-12,4.215012654774601e-16,8.311165285977286e-15,4.462318170252802e-16,6.91746141707367e-15,8.310623602368603e-15,4.2306285709739325e-15
1.0000000020176605,-8.302287784624634e-11,-7.005944197913246e-11,-8.302157351052964e-11,1.0000000003259668,1.5835351617631382e-10,1.0000000003259684,-8.298885795832777e-11,4.821927645005242e-11,0.9999999995752857,-9.894549250769397e-11,4.8220638178634315e-11,-2.61479331172516e-10,-7.006537294382704e-11,-3.724880328513397e-11,1.0000000001723182,2.2153721853344643e-10,-1.1900933049337237e-10,1.000000000325964,-1.6804604996229593e-10,-1.2271752802560164e-10,1.3913267649151897e-10,4.821931235921193e-11,1.000000000325968,1.0000000002442078,-8.302075582707259e-11,4.822035645883257e-11,-7.006150159785277e-11,-1.5781910029737262e-10,-1.190089493630822e-10,4.822021981137252e-11,3.1381001507377894e-11,1.000000000325967,-9.459923234388273e-12,-2.325725500516234e-10,1.000000000325965,-8.29881056280638e-11
-7.264435843866818e-10,5.350287949447566e-15,4.894518671737542e-15,5.34948274305306e-15,-7.174338219095899e-14,6.440727233064077e-12,-7.174411767570633e-14,5.4583256697159214e-15,3.299669674566832e-15,-9.894549250769397e-11,-1.373982949011669e-10,3.298499063595719e-15,7.420829091989845e-15,4.894463415683567e-15,7.756237789854606e-12,-6.324737181523154e-14,1.6864031853923299e-15,5.962056383565983e-15,-7.174328800488201e-14,7.542628918553398e-15,6.563993788136457e-15,7.1192769982416586e-12,3.2996696741438618e-15,-7.174364725669857e-14,-6.704561339703153e-14,5.350287947974298e-15,3.299658206271978e-15,4.894463415683567e-15,6.611880489397271e-15,5.9620563840541064e-15,3.2984705272762333e-15,7.2616314955152134e-12,-7.17436366720299e-14,6.385429588472861e-12,7.414985278450166e-15,-7.174338219087676e-14,5.458978632183337e-15
-5.583211788061461e-10,4.044414384425474e-15,3.394333871889508e-15,4.0431880560615525e-15,8.310717231179386e-15,-2.121325764901854e-15,8.310717231179386e-15,4.2306285705680715e-15,1.5649527931252344e-12,4.8220638178634315e-11,3.298499063595719e-15,-1.4498329762299341e-10,7.530277704614687e-15,3.3946427430816825e-15,1.3271293082220636e-15,1.3435647639104091e-14,-6.76982277512398e-12,4.968785893886067e-15,8.31071723116809e-15,5.903482182345737e-15,5.003370343339984e-15,-1.7122828686927784e-15,1.5649527931300141e-12,8.312094155538335e-15,1.1563447681621148e-14,4.0431880562306866e-15,1.5649527931308576e-12,3.3943338718893473e-15,5.493298744268763e-15,4.96861273110755e-15,1.5649527931258352e-12,4.2188884746565314e-16,8.311787571069588e-15,4.458985435594e-16,6.916942031820443e-15,8.31071723116809e-15,4.2306285705680715e-15
-9.115753539285591e-10,8.283675935759377e-15,8.004873190098862e-15,8.289453896633557e-15,-1.663845727811543e-13,2.2786822151659598e-11,-1.6638278760902233e-13,8.301979748607863e-15,7.532087363050352e-15,-2.61479331172516e-10,7.420829091989845e-15,7.530277704614687e-15,-1.2920558268870381e-10,8.008235933159384e-15,8.33429045853108e-15,-1.5142948916473504e-13,1.8383412496269484e-11,8.55923988244129e-15,-1.6638329708314276e-13,1.137507985500763e-14,1.0088914952987269e-14,1.1786499696839102e-14,7.529670257598507e-15,-1.663830204543658e-13,-1.5870934345832168e-13,8.285715879486243e-15,7.529670257598507e-15,8.003923736954088e-15,9.524282373588846e-15,8.555058543284374e-15,7.529670257598496e-15,8.965428127147654e-15,-1.663828351753237e-13,7.780758985118529e-15,9.593859125534935e-15,-1.6638457278111816e-13,8.29829737794016e-15
-6.932416280425892e-10,5.683232341078585e-15,1.0314584944123731e-11,5.68376702234015e-15,-5.853024547806567e-14,3.1289400373989417e-15,-5.853019533970625e-14,5.803217770984783e-15,3.3930755138235042e-15,-7.006537294382704e-11,4.894463415683567e-15,3.3946427430816825e-15,8.008235933159384e-15,-1.3622673758600204e-10,4.033756178873338e-15,-4.9609270733949366e-14,1.4742007127511304e-15,6.359315510989238e-15,-5.85301953397067e-14,8.022024149698469e-15,6.97078825175401e-15,3.5000924842612037e-15,3.394333871890217e-15,-5.853024389069909e-14,-5.356942556177377e-14,5.683767022340151e-15,3.393075513823507e-15,1.0314584944122875e-11,7.053310574646166e-15,6.355991453031722e-15,3.394930446528897e-15,3.722944229530698e-15,-5.853024547798885e-14,3.277364330838584e-15,7.956119100729215e-15,-5.853024547804894e-14,5.804263674564244e-15
-6.373781296472086e-10,4.7175522116098836e-15,4.0344038674279264e-15,4.7175522116098836e-15,-3.764407085759005e-14,-2.712686946245143e-12,-3.764407085759005e-14,4.913423058731448e-15,1.3276328903591117e-15,-3.724880328513397e-11,7.756237789854606e-12,1.3271293082220636e-15,8.33429045853108e-15,4.033756178873338e-15,-1.4270066868378175e-10,-6.240448537983196e-11,-2.8654832450427365e-15,5.689416074196042e-15,-3.764278443250215e-14,6.8450098186683874e-15,5.8411799343534764e-15,-1.828493794399027e-12,1.3274354585135811e-15,-3.7642784432501696e-14,-3.3773819231375836e-14,4.7176270467121964e-15,1.3271293086513422e-15,4.034403871795173e-15,6.293086365994494e-15,5.689713336465913e-15,1.3274296769725512e-15,2.1175043415686093e-12,-3.7642866504912555e-14,2.002743768071223e-12,7.765881490870926e-15,-3.7642734622067763e-14,4.91412498097876e-15
1.0000000023182438,-5.717381510226713e-14,-4.960660422254819e-14,-5.717303068311084e-14,1.0000000009019998,1.3174252472345386e-10,1.0000000009020016,-5.736852217844031e-14,1.3434283813992466e-14,1.0000000001723182,-6.324737181523154e-14,1.3435647639104091e-14,-1.5142948916473504e-13,-4.9609270733949366e-14,-6.240448537983196e-11,1.0000000005510543,2.0354158781442517e-10,-7.667337619697035e-14,1.000000000901998,-2.106407814704547e-10,-1.6002551331788342e-10,1.108669669916118e-10,1.3434190081558305e-14,1.0000000009020023,1.0000000007930163,-5.717324788213351e-14,1.3434069699748336e-14,-4.960728784391468e-14,-9.804924653955698e-14,-7.667308953631467e-14,1.3433915094826405e-14,6.369865102001973e-12,1.0000000009020014,-3.132368088243522e-11,-2.7244302650248913e-10,1.000000000902,-5.736710381604362e-14
-3.32559103626575e-10,5.164115309901498e-12,1.4734813512138193e-15,5.16411530991987e-12,1.0250410956917006e-13,-2.3480026519908552e-11,1.0250459844353184e-13,5.893691184029683e-12,-6.7698227751287606e-12,2.2153721853344643e-10,1.6864031853923299e-15,-6.76982277512398e-12,1.8383412496269484e-11,1.4742007127511304e-15,-2.8654832450427365e-15,2.0354158781442517e-10,-1.7222646655042356e-10,4.256535422028821e-15,1.0250215789849394e-13,4.271399861913487e-15,6.617643450947238e-12,-1.1254865039251656e-14,-6.769822775118464e-12,1.0250410957129827e-13,1.039073765036973e-13,5.164115309944786e-12,-6.769822775119928e-12,1.473739940294734e-15,4.6752777907815435e-15,4.256471998165289e-15,-6.769822775127434e-12,-5.0988055327184815e-15,1.025037485596792e-13,-8.403078455991637e-12,7.482680439457494e-15,1.0250374881624261e-13,5.893691184040139e-12
-7.50228871157828e-10,6.799277344543485e-15,6.355991453031722e-15,6.798611393952195e-15,-8.802608238839894e-14,6.171408246434199e-15,-8.802695884025737e-14,6.890539095547837e-15,4.968785893886067e-15,-1.1900933049337237e-10,5.962056383565983e-15,4.968785893886067e-15,8.55923988244129e-15,6.359315510989238e-15,5.689416074196042e-15,-7.667337619697035e-14,4.256535422028821e-15,-1.3193770869689538e-10,-8.80265275185721e-14,9.483708966657048e-15,8.314473573390173e-15,6.534881181959444e-15,4.968999590986607e-15,-8.80259166649019e-14,-8.193754616004246e-14,6.7987815039593135e-15,4.9671431104301216e-15,6.355991453071777e-15,8.171150394093437e-15,1.462009040735118e-11,4.9684038573235876e-15,5.6968942399539765e-15,-8.802691761226726e-14,4.9751613596838434e-15,8.81703532007864e-15,-8.802690835561046e-14,6.890539095547837e-15
1.0000000023369198,-6.712395972557554e-14,-5.852746818115833e-14,-6.712269006703166e-14,1.0000000011359094,6.329348340367807e-14,1.0000000011359105,-6.758990909483487e-14,8.311973048617073e-15,1.000000000325964,-7.174328800488201e-14,8.31071723116809e-15,-1.6638329708314276e-13,-5.85301953397067e-14,-3.764278443250215e-14,1.000000000901998,1.0250215789849394e-13,-8.80265275185721e-14,1.0000000009892314,-1.2025999400005488e-13,-9.283368668961944e-14,5.2049410320962816e-14,8.311432822478551e-15,1.000000001135911,1.0000000010100332,-6.71208156274537e-14,8.311315778140162e-15,-5.852790226860649e-14,-1.1063986225743689e-13,-8.802653457602159e-14,8.312606572134994e-15,-2.051893065737472e-15,1.0000000011359103,-2.0480209906618545e-14,-1.5188624798080992e-13,1.0000000011359083,-6.759113672575335e-14
-7.742672142144184e-10,8.65485696103842e-15,8.02127844189134e-15,8.655300031926796e-15,-1.2025988686239985e-13,1.338949931045315e-11,-1.202608290586013e-13,8.795659114350969e-15,5.903482182365009e-15,-1.6804604996229593e-10,7.542628918553398e-15,5.903482182345737e-15,1.137507985500763e-14,8.022024149698469e-15,6.8450098186683874e-15,-2.106407814704547e-10,4.271399861913487e-15,9.483708966657048e-15,-1.2025999400005488e-13,-1.2252363425072046e-10,1.0594451166238251e-14,1.4378033011263873e-11,5.905061792131667e-15,-1.202598868624229e-13,-2.2342814176057298e-10,8.653424799904775e-15,5.903482182345859e-15,8.01985570364519e-15,2.0896710922155398e-11,9.485282427972525e-15,5.905853989449971e-15,6.676287691106239e-15,-1.2025973361521732e-13,5.847009879559559e-15,1.1558149970398378e-14,-1.2026082905910104e-13,8.795165646613302e-15
-7.36598292971238e-10,7.550320230922122e-15,6.969662277082764e-15,7.550063295542552e-15,-9.283223675202409e-14,5.48820712676726e-15,-9.283337414406394e-14,1.526189562232249e-11,5.004078957024339e-15,-1.2271752802560164e-10,6.563993788136457e-15,5.003370343339984e-15,1.0088914952987269e-14,6.97078825175401e-15,5.8411799343534764e-15,-1.6002551331788342e-10,6.617643450947238e-12,8.314473573390173e-15,-9.283368668961944e-14,1.0594451166238251e-14,-1.282018026936084e-10,5.932266655233996e-15,5.004149190077182e-15,-9.283394071667807e-14,-8.616572713990267e-14,7.549438576803088e-15,5.00407895703091e-15,6.9691330483745765e-15,9.222343948685474e-15,8.312625641825368e-15,5.004149190037697e-15,5.632239025055918e-15,-9.283366836088611e-14,9.820217965380354e-12,1.0195144455284478e-14,-9.283502186161923e-14,1.5261895622335912e-11
-4.010528811424266e-10,4.7240782920186126e-15,3.501508374650838e-15,4.724256622128663e-15,5.204884845051176e-14,-1.8880020554796837e-11,5.204956793391599e-14,5.1132742289329224e-15,-1.7120999927888725e-15,1.3913267649151897e-10,7.1192769982416586e-12,-1.7122828686927784e-15,1.1786499696839102e-14,3.5000924842612037e-15,-1.828493794399027e-12,1.108669669916118e-10,-1.1254865039251656e-14,6.534881181959444e-15,5.2049410320962816e-14,1.4378033011263873e-11,5.932266655233996e-15,-1.6396399503314575e-10,-1.7120877012128945e-15,5.204956793461726e-14,1.0958915059840345e-10,4.724256620386814e-15,-1.7109431822440761e-15,3.5015083735977917e-15,1.431251534358978e-11,6.535116724758821e-15,-1.7135244816680394e-15,-6.1374541053184674e-12,5.204884845051176e-14,-4.973301609175409e-12,2.0138928975717186e-11,5.2048848450508147e-14,5.113102159952799e-15
-5.583211788196541e-10,4.043115619413279e-15,3.394930446529592e-15,4.043115619413279e-15,8.311432822478551e-15,-2.1209620935927207e-15,8.311432822478551e-15,4.2288295535247944e-15,1.5649527931282216e-12,4.821931235921193e-11,3.2996696741438618e-15,1.5649527931300141e-12,7.529670257598507e-15,3.394333871890217e-15,1.3274354585135811e-15,1.3434190081558305e-14,-6.769822775118464e-12,4.968999590986607e-15,8.311432822478551e-15,5.905061792131667e-15,5.004149190077182e-15,-1.7120877012128945e-15,-1.4498329762299341e-10,8.310453565104462e-15,1.156131357022266e-14,4.0431880562306866e-15,1.5649527931338596e-12,3.3946427430817062e-15,5.492931735518367e-15,4.967143117153751e-15,1.5649527931288371e-12,4.215012654774603e-16,8.31069739288629e-15,4.474620247610719e-16,6.916943079698854e-15,8.310875927146772e-15,4.2288295537838895e-15
1.0000000023369175,-6.712395977083115e-14,-5.852799751980652e-14,-6.712262470416851e-14,1.0000000011359138,6.32931785054741e-14,1.0000000011359145,-6.758995538418206e-14,8.31062360175409e-15,1.000000000325968,-7.174364725669857e-14,8.312094155538335e-15,-1.663830204543658e-13,-5.853024389069909e-14,-3.7642784432501696e-14,1.0000000009020023,1.0250410957129827e-13,-8.80259166649019e-14,1.000000001135911,-1.202598868624229e-13,-9.283394071667807e-14,5.204956793461726e-14,8.310453565104462e-15,1.0000000009892285,1.0000000010100387,-6.712201827121825e-14,8.311315778141745e-15,-5.852715390376605e-14,-1.1063821738627254e-13,-8.802619201104308e-14,8.311725199820237e-15,-2.0522125635539913e-15,1.000000001135915,-2.0480209906618545e-14,-1.5188727043169957e-13,1.0000000011359123,-6.759033115561073e-14
1.000000002318434,-6.168177855705634e-14,-5.3567415646117746e-14,-6.168072801984211e-14,1.000000001010036,1.3119039029482828e-10,1.0000000010100363,-6.203217940708629e-14,1.1561642322555787e-14,1.0000000002442078,-6.704561339703153e-14,1.1563447681621148e-14,-1.5870934345832168e-13,-5.356942556177377e-14,-3.3773819231375836e-14,1.0000000007930163,1.039073765036973e-13,-8.193754616004246e-14,1.0000000010100332,-2.2342814176057298e-10,-8.616572713990267e-14,1.0958915059840345e-10,1.156131357022266e-14,1.0000000010100387,1.0000000007469048,-6.168006566227602e-14,1.1561784460060003e-14,-5.356757116433041e-14,-2.0615972276526818e-10,-8.193769792855163e-14,1.1563936577835305e-14,1.5122332172687613e-15,1.0000000010100376,-1.733593159892511e-14,-1.4426474805993552e-13,1.000000001010036,-6.203223759603723e-14
-7.092199010286005e-10,1.2252308301123307e-11,5.683232340464394e-15,1.225230830112793e-11,-6.712201828080784e-14,4.358299328072829e-15,-6.712031842080912e-14,6.277244746598985e-15,4.0431880556042884e-15,-8.302075582707259e-11,5.350287947974298e-15,4.0431880562306866e-15,8.285715879486243e-15,5.683767022340151e-15,4.7176270467121964e-15,-5.717324788213351e-14,5.164115309944786e-12,6.7987815039593135e-15,-6.71208156274537e-14,8.653424799904775e-15,7.549438576803088e-15,4.724256620386814e-15,4.0431880562306866e-15,-6.712201827121825e-14,-6.168006566227602e-14,-1.3430883342252928e-10,4.044414384425474e-15,5.682254765193277e-15,7.543643665672696e-15,6.798611387749869e-15,4.043188055618244e-15,4.529156942798496e-15,-6.712201828080784e-14,3.9732936195535304e-15,8.353706787313923e-15,-6.712201828080784e-14,6.277244749257799e-15
-5.583332224408696e-10,4.043188055618244e-15,3.3952129863288607e-15,4.0431880562306866e-15,8.31147086970164e-15,-2.1212555623128846e-15,8.311315778131352e-15,4.2309331075308935e-15,1.5649527931290847e-12,4.822035645883257e-11,3.299658206271978e-15,1.5649527931308576e-12,7.529670257598507e-15,3.393075513823507e-15,1.3271293086513422e-15,1.3434069699748336e-14,-6.769822775119928e-12,4.9671431104301216e-15,8.311315778140162e-15,5.903482182345859e-15,5.00407895703091e-15,-1.7109431822440761e-15,1.5649527931338596e-12,8.311315778141745e-15,1.1561784460060003e-14,4.044414384425474e-15,-1.4498329762299341e-10,3.3946427430817062e-15,5.493083793479466e-15,4.9671431171537456e-15,1.5649527931296966e-12,4.213602950012507e-16,8.311315778141292e-15,4.476119014839712e-16,6.917665530675246e-15,8.312580444740009e-15,4.22902638861459e-15
-6.932308012618232e-10,5.6832323410785845e-15,1.031458494413161e-11,5.68376702234015e-15,-5.852790232647613e-14,3.1285304871456593e-15,-5.852790220875686e-14,5.803217770984783e-15,3.393395246006622e-15,-7.006150159785277e-11,4.894463415683567e-15,3.3943338718893473e-15,8.003923736954088e-15,1.0314584944122875e-11,4.034403871795173e-15,-4.960728784391468e-14,1.473739940294734e-15,6.355991453071777e-15,-5.852790226860649e-14,8.01985570364519e-15,6.9691330483745765e-15,3.5015083735977917e-15,3.3946427430817062e-15,-5.852715390376605e-14,-5.356757116433041e-14,5.682254765193277e-15,3.3946427430817062e-15,-1.3622673758600204e-10,7.053321704244182e-15,6.357852391715883e-15,3.393075513823507e-15,3.722944229530698e-15,-5.852715392723327e-14,3.27707659577772e-15,7.956119100729215e-15,-5.852790232648878e-14,5.804263674564244e-15
-7.816034865926536e-10,7.54364366565088e-15,7.053321704244688e-15,7.543643665672696e-15,-1.1063912888284341e-13,1.3512187624849843e-11,-1.1063986225743689e-13,7.642082921401975e-15,5.493882698832053e-15,-1.5781910029737262e-10,6.611880489397271e-15,5.493298744268763e-15,9.524282373588846e-15,7.053310574646166e-15,6.293086365994494e-15,-9.804924653955698e-14,4.6752777907815435e-15,8.171150394093437e-15,-1.1063986225743689e-13,2.0896710922155398e-11,9.222343948685474e-15,1.431251534358978e-11,5.492931735518367e-15,-1.1063821738627254e-13,-2.0615972276526818e-10,7.543643665672696e-15,5.493083793479466e-15,7.053321704244182e-15,-1.2855223705576927e-10,8.17115039409344e-15,5.493882698832053e-15,6.294075757648063e-15,-1.1063762391547539e-13,5.4953855563751624e-15,9.806770924148347e-15,-1.1063762391509676e-13,7.642442148780752e-15
-7.502275841471004e-10,6.79927733755096e-15,6.359315510989238e-15,6.7987815129728824e-15,-8.802653456684635e-14,6.171563262368369e-15,-8.802537797174285e-14,6.886390116920734e-15,4.968403857323339e-15,-1.190089493630822e-10,5.9620563840541064e-15,4.96861273110755e-15,8.555058543284374e-15,6.355991453031722e-15,5.689713336465913e-15,-7.667308953631467e-14,4.256471998165289e-15,1.462009040735118e-11,-8.802653457602159e-14,9.485282427972525e-15,8.312625641825368e-15,6.535116724758821e-15,4.967143117153751e-15,-8.802619201104308e-14,-8.193769792855163e-14,6.798611387749869e-15,4.9671431171537456e-15,6.357852391715883e-15,8.17115039409344e-15,-1.3193770869689538e-10,4.96714311043636e-15,5.696756733043399e-15,-8.802653457602114e-14,4.974721635875075e-15,8.81703532007864e-15,-8.802663214285562e-14,6.890539095547837e-15
-5.583332224364437e-10,4.044414384425474e-15,3.394333871889509e-15,4.043188055618244e-15,8.310780705771347e-15,-2.121963684018057e-15,8.31134829581001e-15,4.230628570973929e-15,1.5649527931240657e-12,4.822021981137252e-11,3.2984705272762333e-15,1.5649527931258352e-12,7.529670257598496e-15,3.394930446528897e-15,1.3274296769725512e-15,1.3433915094826405e-14,-6.769822775127434e-12,4.9684038573235876e-15,8.312606572134994e-15,5.905853989449971e-15,5.004149190037697e-15,-1.7135244816680394e-15,1.5649527931288371e-12,8.311725199820237e-15,1.1563936577835305e-14,4.043188055618244e-15,1.5649527931296966e-12,3.393075513823507e-15,5.493882698832053e-15,4.96714311043636e-15,-1.4498329762299341e-10,4.2099813096892494e-16,8.311111817365394e-15,4.455574716112396e-16,6.916942031820443e-15,8.311111817358843e-15,4.23093310683039e-15
-5.556999781478742e-10,4.528616948144118e-15,3.72294422952078e-15,4.529710286769887e-15,-2.051893065737472e-15,-7.138757662837493e-12,-2.051893065737472e-15,4.771408845152106e-15,4.215012654774601e-16,3.1381001507377894e-11,7.2616314955152134e-12,4.2188884746565314e-16,8.965428127147654e-15,3.722944229530698e-15,2.1175043415686093e-12,6.369865102001973e-12,-5.0988055327184815e-15,5.6968942399539765e-15,-2.051893065737472e-15,6.676287691106239e-15,5.632239025055918e-15,-6.1374541053184674e-12,4.215012654774603e-16,-2.0522125635539913e-15,1.5122332172687613e-15,4.529156942798496e-15,4.213602950012507e-16,3.722944229530698e-15,6.294075757648063e-15,5.696756733043399e-15,4.2099813096892494e-16,-1.4682458558153707e-10,-2.051373320287154e-15,-3.4251322017707644e-14,1.6117279652862607e-11,-2.051373320287154e-15,4.771395037045586e-15
1.0000000023369198,-6.712261523798257e-14,-5.852746818142717e-14,-6.712250204169047e-14,1.0000000011359123,6.329348340367807e-14,1.0000000011359127,-6.759034176622365e-14,8.311165285977286e-15,1.000000000325967,-7.17436366720299e-14,8.311787571069588e-15,-1.663828351753237e-13,-5.853024547798885e-14,-3.7642866504912555e-14,1.0000000009020014,1.025037485596792e-13,-8.802691761226726e-14,1.0000000011359103,-1.2025973361521732e-13,-9.283366836088611e-14,5.204884845051176e-14,8.31069739288629e-15,1.000000001135915,1.0000000010100376,-6.712201828080784e-14,8.311315778141292e-15,-5.852715392723327e-14,-1.1063762391547539e-13,-8.802653457602114e-14,8.311111817365394e-15,-2.051373320287154e-15,1.0000000009892427,-2.0481745903768943e-14,-1.5188678584803508e-13,1.0000000011359105,-6.758903507043118e-14
-6.080449303786156e-10,3.9738493868128795e-15,3.2770051085798134e-15,3.975210467996424e-15,-2.048174590000843e-14,-5.834188854705845e-12,-2.0480253891402385e-14,4.1891525753324924e-15,4.462318170252802e-16,-9.459923234388273e-12,6.385429588472861e-12,4.458985435594e-16,7.780758985118529e-15,3.277364330838584e-15,2.002743768071223e-12,-3.132368088243522e-11,-8.403078455991637e-12,4.9751613596838434e-15,-2.0480209906618545e-14,5.847009879559559e-15,9.820217965380354e-12,-4.973301609175409e-12,4.474620247610719e-16,-2.0480209906618545e-14,-1.733593159892511e-14,3.9732936195535304e-15,4.476119014839712e-16,3.27707659577772e-15,5.4953855563751624e-15,4.974721635875075e-15,4.455574716112396e-16,-3.4251322017707644e-14,-2.0481745903768943e-14,-1.4639730662249122e-10,7.0620731892053e-15,-2.0482361490771816e-14,4.18875678876093e-15
-8.676729396313629e-10,8.353706787313923e-15,7.958000058609127e-15,8.352597670017956e-15,-1.5188727043169957e-13,1.940383074644559e-11,-1.5188707738242117e-13,8.410561098363269e-15,6.91746141707367e-15,-2.325725500516234e-10,7.414985278450166e-15,6.916942031820443e-15,9.593859125534935e-15,7.956119100729215e-15,7.765881490870926e-15,-2.7244302650248913e-10,7.482680439457494e-15,8.81703532007864e-15,-1.5188624798080992e-13,1.1558149970398378e-14,1.0195144455284478e-14,2.0138928975717186e-11,6.916943079698854e-15,-1.5188727043169957e-13,-1.4426474805993552e-13,8.353706787313923e-15,6.917665530675246e-15,7.956119100729215e-15,9.806770924148347e-15,8.81703532007864e-15,6.916942031820443e-15,1.6117279652862607e-11,-1.5188678584803508e-13,7.0620731892053e-15,-1.2632531727150016e-10,-1.5188590565494395e-13,8.40978669030922e-15
1.0000000023369198,-6.712395972474414e-14,-5.852746818115809e-14,-6.712269006703166e-14,1.00000000113591,6.329348340367807e-14,1.0000000011359118,-6.758999845908405e-14,8.310623602368603e-15,1.000000000325965,-7.174338219087676e-14,8.31071723116809e-15,-1.6638457278111816e-13,-5.853024547804894e-14,-3.7642734622067763e-14,1.000000000902,1.0250374881624261e-13,-8.802690835561046e-14,1.0000000011359083,-1.2026082905910104e-13,-9.283502186161923e-14,5.2048848450508147e-14,8.310875927146772e-15,1.0000000011359123,1.000000001010036,-6.712201828080784e-14,8.312580444740009e-15,-5.852790232648878e-14,-1.1063762391509676e-13,-8.802663214285562e-14,8.311111817358843e-15,-2.051373320287154e-15,1.0000000011359105,-2.0482361490771816e-14,-1.5188590565494395e-13,1.0000000009892425,-6.75898791005478e-14
-7.110805410390655e-10,6.277088043487693e-15,5.8042636745668636e-15,6.277244749257799e-15,-6.759033115561073e-14,4.751684507437124e-15,-6.759040832354381e-14,1.2676229581160501e-11,4.2306285709739325e-15,-8.29881056280638e-11,5.458978632183337e-15,4.2306285705680715e-15,8.29829737794016e-15,5.804263674564244e-15,4.91412498097876e-15,-5.736710381604362e-14,5.893691184040139e-12,6.890539095547837e-15,-6.759113672575335e-14,8.795165646613302e-15,1.5261895622335912e-11,5.113102159952799e-15,4.2288295537838895e-15,-6.759033115561073e-14,-6.203223759603723e-14,6.277244749257799e-15,4.22902638861459e-15,5.804263674564244e-15,7.642442148780752e-15,6.890539095547837e-15,4.23093310683039e-15,4.771395037045586e-15,-6.758903507043118e-14,4.18875678876093e-15,8.40978669030922e-15,-6.75898791005478e-14,-1.338825840260261e-10
