1.0000000078090556,1.0000023904510373,3.6915282439255193e-07,3.7396641820934666e-07,3.6995533230393566e-07,3.6965710867397203e-07,1.0000012744699696,3.6897903920103016e-07,3.6915908507813627e-07,3.693437027423776e-07,1.0000023904510376,1.0000022465647158,1.0000023904510398,1.000002246564717,3.6994041012917596e-07,1.0000022465647196,1.0000024741740519,1.0000023904510384,1.0000022465647176,3.68979039515266e-07,1.0000022465647143,0.9999976287434381,3.689790385297091e-07,1.0000026230786738,3.699553324382742e-07,1.000002390451038,1.000002586842536,1.0000022465647158,3.689790385229979e-07,1.0000023904510362,3.693160394801951e-07,1.0000026310436176,3.737475943592678e-07,3.6897903933832616e-07,3.691572183570358e-07,1.0000022465647191,1.0000022465647151,3.6963095609791164e-07,3.689790395551905e-07,3.6915244577128334e-07,3.7006332048204946e-07,1.0000023904510382,3.693786839456488e-07,1.000002480184021,1.0000023904510353,3.689790391875776e-07,3.693160426013285e-07,1.0000023904510393,3.691602144323346e-07,3.737475938660204e-07,1.000002561575308,3.694291581374231e-07,1.0000022465647176,0.9999976287434397,1.000002390451039,1.0000022465647151,3.6980360183553175e-07,1.0000022465647147,1.000002246564716,3.693160387706862e-07,3.70139346428465e-07,3.6916384779226045e-07,1.0000022465647143,3.689790391876379e-07,0.9999976287434388,3.693409947202259e-07,0.9999976287434326,1.0000023545494383,3.689790389220862e-07,1.000002246564715,3.689790389239081e-07,3.6897903920085716e-07,3.695220811525644e-07,1.0000022465647187,3.6897903955539116e-07,1.0000023904510391,3.6952207798622217e-07,1.0000021071925114,1.0000023904510382,1.000002246564715,1.000002246564714,3.7375500020003837e-07,3.6907981266015294e-07,1.0000023904510353,1.0000022465647158,1.0000026853652846,3.7006547163831663e-07,1.0000022465647147,1.0000022465647154,1.0000022465647165,1.0000022465647143,3.689790391875776e-07,1.0000022465647136,1.0000022465647145,1.0000023904510382,1.0000022465647167,1.0000022465647187,3.74197320055294e-07,3.6963852017917674e-07,3.6934099467572975e-07,3.689790395078536e-07,1.0000024902782774,1.0000022465647143,1.0000022465647158,3.68979038520545e-07,1.0000022465647163,1.0000022465647185,3.69155080350706e-07,1.0000023904510351,1.0000023904510398,1.0000022465647143,0.9999976287434392,1.0000022465647147,0.9999976287434341,0.9999976287434383,1.0000022465647151,3.692464657273039e-07,1.0000023904510345,1.0000024962122565,1.0000023904510376,1.0000022465647147,1.000002390451038,1.000002641330511,1.0000023810242007,1.0000023904510398,1.0000022465647147,1.0000023904510393,3.696385203120061e-07,3.6897903814532636e-07,1.0000024523294275,1.000002390451039,1.0000022465647147,1.0000024335141555,1.000002246564714,1.0000022465647145,1.0000023810241994,1.0000023307731405,1.0000022465647167,1.000002246564716,1.000002246564716,1.000002390451038,1.0000022465647151,1.0000022465647143,1.000002246564717,1.0000021983506244,3.689790385314021e-07,1.000002530561882,1.000002246564714,1.0000023904510378,1.000002246564714,1.000002670084382,1.0000023904510364
1.0000023904510373,1.0000010625443594,3.886579898669707e-12,1.2574449904320796e-08,4.288465539711619e-12,4.139119940271537e-12,0.9999962915012617,3.799549387308846e-12,3.88971486428335e-12,3.982169818678237e-12,0.999997407477163,0.9999972635915083,0.9999974074771644,0.9999972635915076,4.2809930294806646e-12,0.9999972635915102,0.9999974911997909,0.9999974074771641,0.9999972635915104,3.7995495835087094e-12,0.9999972635915051,0.9999926457916053,3.79954943319534e-12,0.9999976401037212,4.28846611793131e-12,0.999997407477163,0.9999976038677536,0.9999972635915074,3.79954989283617e-12,0.9999974074771618,3.968315786758837e-12,0.9999976480686306,1.2355626571467988e-08,3.799549113610248e-12,3.888780179738749e-12,0.9999972635915109,0.9999972635915051,4.126022336128275e-12,3.799549602033896e-12,3.886390225179149e-12,4.342545974748401e-12,0.9999974074771635,3.999688449450028e-12,0.9999974972097324,0.9999974074771623,3.799549582993972e-12,3.968316946245396e-12,0.9999974074771646,3.890280836139003e-12,1.235562688456276e-08,0.9999975786006412,4.0249641594055095e-12,0.9999972635915085,0.9999926457916082,0.9999974074771651,0.9999972635915069,4.212481388222238e-12,0.9999972635915072,0.9999972635915079,3.9683152792202475e-12,4.3806186281832434e-12,3.892100013485587e-12,0.9999972635915062,3.79954959565795e-12,0.9999926457916063,3.980813803820211e-12,0.999992645791601,0.9999973715757297,3.799549030895196e-12,0.9999972635915069,3.799549356526584e-12,3.799549436390233e-12,4.071498698755993e-12,0.9999972635915092,3.799549535815252e-12,0.9999974074771641,4.071497886456992e-12,0.9999971242199496,0.999997407477163,0.9999972635915058,0.9999972635915053,1.2363031661278377e-08,3.850015372864218e-12,0.9999974074771614,0.9999972635915072,0.9999977023900463,4.34362236779482e-12,0.9999972635915051,0.9999972635915064,0.9999972635915062,0.9999972635915064,3.799549138549574e-12,0.9999972635915053,0.9999972635915051,0.9999974074771635,0.9999972635915074,0.9999972635915104,1.2805349729805961e-08,4.129810697493446e-12,3.9808137378717196e-12,3.799549594975213e-12,0.999997507303943,0.9999972635915064,0.9999972635915083,3.799549542468847e-12,0.9999972635915079,0.9999972635915111,3.88770966468336e-12,0.999997407477162,0.9999974074771651,0.9999972635915064,0.999992645791607,0.9999972635915069,0.9999926457916026,0.9999926457916054,0.9999972635915066,3.933473625761579e-12,0.9999974074771618,0.9999975132378928,0.9999974074771607,0.9999972635915051,0.9999974074771628,0.999997658355476,0.999997398050371,0.9999974074771641,0.9999972635915062,0.9999974074771649,4.129811119367986e-12,3.799549499225118e-12,0.9999974693552665,0.9999974074771641,0.9999972635915066,0.9999974505400813,0.9999972635915062,0.9999972635915051,0.9999973980503704,0.9999973477995427,0.9999972635915092,0.999997263591509,0.9999972635915072,0.9999974074771628,0.999997263591509,0.9999972635915064,0.9999972635915072,0.9999972153776384,3.799549547103646e-12,0.9999975475873593,0.9999972635915062,0.9999974074771614,0.9999972635915066,0.9999976871092132,0.9999974074771618
3.6915282439255193e-07,3.886579898669707e-12,3.655067229305364e-06,8.217310344703878e-17,6.7150760825380744e-21,8.864994130317625e-21,7.760871202569995e-09,4.964215764102984e-17,5.083108683454105e-17,5.2044815393352585e-17,3.886579892430256e-12,3.886579348438754e-12,3.88657990021438e-12,3.886579345545442e-12,5.376218213984159e-20,3.886579339267993e-12,3.886580215658038e-12,3.886579894623781e-12,3.8865793441462805e-12,4.964216132689601e-17,3.8865793492726645e-12,7.760843091283942e-09,4.964215783540254e-17,3.886580770303565e-12,1.28553097457868e-20,3.886579898710542e-12,3.8865806515494734e-12,3.8865793435306804e-12,4.964216551350576e-17,3.886579898146099e-12,3.234080948569312e-20,3.886580820668555e-12,8.075605274987739e-17,4.964214791840601e-17,5.081562453275016e-17,3.886579335821441e-12,3.886579347890238e-12,5.3922727635696647e-17,4.964216162254922e-17,5.077890232158403e-17,-3.1954451839708397e-21,3.886579897893908e-12,5.503434539567896e-21,3.886580244271836e-12,3.886579898861083e-12,4.964216192569905e-17,2.9372001286642725e-20,3.886579890122977e-12,5.083843365128021e-17,8.075605839836435e-17,3.886580560891808e-12,5.259294621513108e-17,3.886579342243765e-12,7.760843091283944e-09,3.886579898656566e-12,3.88657934193574e-12,2.5388257012317694e-20,3.886579348033542e-12,3.886579335941234e-12,2.7945659709175596e-20,-1.7061269402881775e-21,5.086697107827258e-17,3.88657933782182e-12,4.9642162195228874e-17,7.760843091283935e-09,5.202211476026086e-17,7.7608430912839e-09,3.886579748395927e-12,4.9642145926394853e-17,3.886579338003389e-12,4.964215943019508e-17,4.964215907955276e-17,3.624574436131591e-20,3.886579343394846e-12,4.9642160402329986e-17,3.8865798822740685e-12,4.799471056589713e-20,3.886578802457135e-12,3.886579897726818e-12,3.88657934193574e-12,3.886579329600426e-12,8.081390627167208e-17,5.0321431406707686e-17,3.886579890122977e-12,3.8865793438812475e-12,3.886581022434072e-12,3.16188500810975e-20,3.88657934522028e-12,3.886579342953088e-12,3.8865793354437055e-12,3.886579343633549e-12,4.964215045994851e-17,3.8865793453447546e-12,3.8865793462097246e-12,3.886579899859153e-12,3.8865793354437055e-12,3.886579345737525e-12,8.367395261797437e-17,2.8141067258573113e-20,5.202211122891861e-17,4.9642162208970855e-17,3.886580283343633e-12,3.886579345737525e-12,3.886579343803577e-12,4.964216194983431e-17,3.886579345737525e-12,3.8865793462778805e-12,5.079911917719348e-17,3.886579899325369e-12,3.886579894623781e-12,3.88657934660626e-12,7.760843091283944e-09,3.886579344215903e-12,7.760843091283922e-09,7.760843091283944e-09,3.886579342243765e-12,5.139964611888729e-17,3.886579888175693e-12,3.886580315873974e-12,3.886579900512751e-12,3.886579343803577e-12,3.886579888175693e-12,3.8865808680672065e-12,3.8865798653973585e-12,3.886579902542873e-12,3.88657933782182e-12,3.886579899505287e-12,3.403750000477341e-20,4.9642159404368796e-17,7.760880284830903e-09,3.886579895284079e-12,3.886579338003389e-12,3.886580062512063e-12,3.8865793492726645e-12,3.886579353477211e-12,3.886579859253941e-12,3.8865796635488545e-12,3.886579335941234e-12,3.8865793441462805e-12,3.88657934081143e-12,3.886579891778755e-12,3.886579338148719e-12,3.8865793351468664e-12,3.886579343906491e-12,3.886579154722935e-12,4.964216156779609e-17,7.760880888077352e-09,3.88657934660626e-12,3.886579886475785e-12,3.886579342128024e-12,3.8865809809932195e-12,3.886579902562086e-12
3.7396641820934666e-07,1.2574449904320796e-08,8.217310344703878e-17,3.6550672304022313e-06,5.870099303764935e-20,4.864992814142909e-20,1.2574435962599405e-08,8.032889564803182e-17,8.225291764670271e-17,8.421700194605011e-17,1.257444990432071e-08,6.297172294921635e-12,1.2574449904320743e-08,6.2971723009048456e-12,4.495394980771913e-20,6.2971722931718e-12,1.2574450950236765e-08,1.2574449904320722e-08,6.297172296309539e-12,8.032890162743174e-17,6.2971722945200105e-12,1.2574390417718984e-08,8.032889595622632e-17,1.2574452810467811e-08,5.64153606015697e-20,1.2574449904320722e-08,6.2971744332889984e-12,6.297172308866952e-12,8.032890839410683e-17,1.2574449904320705e-08,4.1839812602436393e-20,1.2574452909969461e-08,1.306750159801905e-16,8.032887982303106e-17,8.222785593859849e-17,6.297172289767056e-12,6.297172307168767e-12,8.725574851615595e-17,8.032890211136956e-17,8.216836069496166e-17,5.463503974935988e-20,1.257444990432074e-08,6.838876830370635e-20,6.2971737536316586e-12,1.2574449904320685e-08,8.0328902605262e-17,4.457462113892901e-20,1.257444990432074e-08,8.226480747953026e-17,1.306750251774643e-16,6.2971742621956835e-12,8.51038235941179e-17,6.2971722850526545e-12,1.257439041771901e-08,1.2574449904320733e-08,6.297172297386695e-12,5.386206592864065e-20,6.297172292811051e-12,6.297172300715035e-12,4.043618995047475e-20,5.73497373740784e-20,8.231104784170486e-17,6.297172305011751e-12,8.03289030420481e-17,1.257439041771898e-08,8.418020573641815e-17,1.2574390417718908e-08,6.297172986386801e-12,8.032887658438498e-17,6.297172300715035e-12,8.032889858249461e-17,8.032889798853934e-17,4.609798618435986e-20,6.297172300880101e-12,8.032890013074256e-17,1.2574449904320722e-08,4.1615295681045855e-20,1.2574446365689252e-08,1.2574449904320733e-08,6.297172300715035e-12,6.297172309812153e-12,1.3076875511361996e-16,8.142833171221883e-17,1.2574449904320674e-08,6.297172299991679e-12,6.297174998112244e-12,2.7173468648048937e-20,6.297172300880101e-12,6.297172306669799e-12,6.297172300880101e-12,6.297172301663312e-12,8.03288839705142e-17,6.297172305621675e-12,6.2971723078165995e-12,1.257444990432074e-08,6.29717230561891e-12,6.297172306669799e-12,1.353963171060657e-16,3.942579291764004e-20,8.418019997669012e-17,8.032890306527001e-17,1.2574451151433361e-08,6.297172294613924e-12,6.297172306669799e-12,8.032890265125367e-17,6.2971722931672705e-12,6.297172284109032e-12,8.220111430491034e-17,1.2574449904320674e-08,1.2574449904320785e-08,6.2971722931718e-12,1.257439041771898e-08,6.297172293795308e-12,1.257439041771894e-08,1.2574390417718954e-08,6.2971722931672705e-12,8.317289871897109e-17,1.2574449904320674e-08,6.29717386179697e-12,1.2574449904320685e-08,6.297172297386695e-12,1.257444990432071e-08,6.297174757184051e-12,1.2574449786560406e-08,1.2574449904320748e-08,6.29717230643597e-12,1.2574449904320727e-08,3.3141682159954767e-20,8.032889849822934e-17,1.257445067734815e-08,1.257444990432071e-08,6.297172299991679e-12,1.257445044229493e-08,6.297172306669799e-12,6.297172301498882e-12,1.2574449786560416e-08,6.2971728286061625e-12,6.297172303158852e-12,6.297172289767056e-12,6.297172306669799e-12,1.2574449904320727e-08,6.297172302681699e-12,6.297172304709874e-12,6.297172293995825e-12,6.297171971815404e-12,8.032890203049749e-17,1.257445165470622e-08,6.2971723000083886e-12,1.2574449904320674e-08,6.297172301360456e-12,1.2574453397688159e-08,1.2574449904320685e-08
3.6995533230393566e-07,4.288465539711619e-12,6.7150760825380744e-21,5.870099303764935e-20,3.655067229305362e-06,6.248391094004969e-17,8.563371805462116e-09,-9.505495738288542e-21,3.666789052235837e-20,7.656205376239278e-20,4.288465532319106e-12,4.288464962463658e-12,4.288465539711619e-12,4.288464936571427e-12,-2.1684683446056106e-19,4.28846492773324e-12,4.288465896293382e-12,4.288465545879137e-12,4.288464933996826e-12,5.746458617668503e-20,4.288464925499982e-12,4.288445192539977e-12,4.656475263131735e-20,4.2884665315150835e-12,-5.534847603677107e-19,4.288465537960933e-12,4.288466362940676e-12,4.2884649180986986e-12,4.81764433396648e-20,4.288465557428622e-12,-2.1927536362126003e-20,4.2884665726095884e-12,5.28154114350806e-20,5.746458621108599e-20,1.28020251948287e-20,4.288464953915665e-12,4.288464925537908e-12,5.759719780545386e-20,4.4420332787143515e-20,2.98118919829657e-20,2.436823250279557e-20,4.288465542058081e-12,1.8004631296461514e-19,4.288465912237564e-12,4.2884655401446415e-12,2.991142908783211e-20,-3.8216525169653825e-19,4.2884655750346245e-12,9.083920756942265e-20,6.079738311251151e-20,4.288466303232464e-12,5.361056405459604e-20,4.2884649279262165e-12,4.288445295474353e-12,4.288465542583797e-12,4.288464929636232e-12,-1.669035106586817e-19,4.288464933716042e-12,4.2884649460357455e-12,-2.1927536362126003e-20,1.3307266380601455e-20,3.166121289802903e-20,4.288464929705931e-12,2.435447319887914e-20,4.288445470927009e-12,1.701229022140655e-20,4.288445470927009e-12,4.288465400376937e-12,4.4420332787143515e-20,4.288464933716042e-12,3.591529117928551e-20,2.4788195564535957e-20,-1.3967349610878966e-19,4.288464934166331e-12,9.329919996216961e-20,4.288465558779586e-12,-1.3967349610878966e-19,4.288464366026288e-12,4.288465561609945e-12,4.288464947566573e-12,4.2884649466485595e-12,4.179926678207778e-20,8.756030351728642e-20,4.2884655401446415e-12,4.288464936729882e-12,4.288466827528545e-12,1.2655656252518544e-19,4.2884649182112904e-12,4.288464929705931e-12,4.288464933996826e-12,4.28846492973056e-12,9.332769727083212e-20,4.288464924352643e-12,4.288464947566573e-12,4.288465543058763e-12,4.2884649182112904e-12,4.288464925499982e-12,4.177590198023628e-20,-1.2549699643724872e-19,-1.159949970783966e-20,2.991142908783211e-20,4.288465981905135e-12,4.288464924352643e-12,4.288464922777049e-12,-1.369619622524681e-20,4.2884649279262165e-12,4.288464925290345e-12,3.2117775819968486e-20,4.288465558779586e-12,4.288465558779586e-12,4.2884649182112904e-12,4.288445192539977e-12,4.2884649456052715e-12,4.288445396737048e-12,4.288445396737048e-12,4.2884649360182724e-12,5.47018205087839e-20,4.288465542583797e-12,4.28846598466854e-12,4.288465538854215e-12,4.2884649182112904e-12,4.288465539131604e-12,4.288466612013803e-12,4.288465479443294e-12,4.2884655750346245e-12,4.288464946779655e-12,4.288465529293368e-12,-1.2549699643724872e-19,-9.505495752553382e-21,4.288465854268623e-12,4.2884655401446415e-12,4.288464933996826e-12,4.288465770136814e-12,4.2884649182112904e-12,4.288464913507826e-12,4.288465499133541e-12,4.288465279617742e-12,4.2884649244579145e-12,4.288464899193559e-12,4.288464962463658e-12,4.2884655401446415e-12,4.2884649347992215e-12,4.288464925208544e-12,4.288464933996826e-12,8.563379674330037e-09,4.119859686530627e-20,4.288466121921734e-12,4.2884649315767544e-12,4.2884655421526806e-12,4.288464924562264e-12,4.288466696323306e-12,4.288465529224425e-12
3.6965710867397203e-07,4.139119940271537e-12,8.864994130317625e-21,4.864992814142909e-20,6.248391094004969e-17,3.655067229305362e-06,8.265152802907143e-09,2.1016055503198607e-20,3.3023249699151995e-20,5.331021174091101e-20,4.139119932090629e-12,4.139119345557037e-12,4.139119917258049e-12,4.139119346006523e-12,6.236102946149057e-17,4.1391193489690715e-12,4.139120311159536e-12,4.139119938597988e-12,4.139119352675764e-12,-8.486768092741944e-22,4.139119352675764e-12,4.139100381344806e-12,3.200002925614778e-20,4.139120947314204e-12,6.248392014878017e-17,4.1391199274886914e-12,4.139120730219769e-12,4.139119349624092e-12,2.873285139862173e-20,4.1391199274886914e-12,-1.6369227338180803e-19,4.139120949965408e-12,4.0734590560794174e-20,2.1016055503198607e-20,1.0216736558610777e-20,4.139119340594049e-12,4.139119347890311e-12,2.2542113926346624e-20,4.659923234990902e-20,2.837291605133968e-20,3.1759215943083087e-19,4.139119926293636e-12,2.1184029398854755e-19,4.139120282979933e-12,4.1391199384007385e-12,2.853554196303755e-20,-7.843463184183674e-20,4.139119943021082e-12,3.246271487637681e-20,2.3945831661962043e-20,8.265163379756477e-09,3.636879568579495e-20,4.139119344493439e-12,4.139100410967304e-12,4.1391199384007385e-12,4.139119345100025e-12,6.106587178821182e-17,4.139119345100025e-12,4.139119344493439e-12,-7.843463184183674e-20,5.295758663081878e-19,8.083466930863587e-20,4.139119354558757e-12,2.890761538737928e-20,4.139100381344806e-12,2.976931341614373e-22,4.139100381344806e-12,4.1391198017838494e-12,1.9432736596735055e-20,4.139119350332682e-12,2.274000033064452e-20,4.223750834704361e-20,5.891773658376182e-17,4.139119352243727e-12,2.1016055503198607e-20,4.139119917258049e-12,5.89177162474624e-17,8.265159645886444e-09,4.139119926293636e-12,4.139119352243727e-12,4.139119338879506e-12,3.4361244225553093e-20,5.4656498117884794e-17,4.139119940702797e-12,4.139119354558757e-12,4.139121167374494e-12,1.3772641913590758e-19,4.139119348150914e-12,4.139119346006523e-12,4.139119346637425e-12,4.1391193497283086e-12,1.2173465747925614e-20,4.1391193493558584e-12,4.139119347847375e-12,4.139119939784065e-12,4.139119348500545e-12,4.139119348150914e-12,9.596732874468078e-20,-4.1208659828655255e-20,4.68703397466511e-20,2.4622959734470693e-20,4.1391203414762625e-12,4.139119346489584e-12,4.139119352675764e-12,2.873285139862173e-20,4.1391193528785856e-12,4.139119347233031e-12,2.2556690704349966e-20,4.1391199384007385e-12,4.139119942852642e-12,4.1391193489690715e-12,4.13910038398055e-12,4.139119346489584e-12,4.139100334702414e-12,4.139100410967304e-12,4.139119346489584e-12,2.9499491518321485e-20,4.139119942852642e-12,4.139120321655729e-12,4.139119936571401e-12,4.1391193475170036e-12,4.139119936571401e-12,8.265164035136615e-09,4.139119887385289e-12,4.13911994009612e-12,4.139119349991077e-12,4.139119917258049e-12,-4.1208659828655255e-20,2.853554196303755e-20,4.139120199694465e-12,4.139119927731622e-12,4.139119346135601e-12,4.139120114454948e-12,4.139119349624092e-12,4.1391193454782845e-12,4.139119916782042e-12,4.139119691610437e-12,4.1391193475170036e-12,4.139119350332682e-12,4.139119347515276e-12,4.139119926293636e-12,4.139119347515276e-12,4.139119348700481e-12,4.139119352243727e-12,8.265160394962465e-09,2.4990479801511604e-20,4.139120527711202e-12,4.139119349206008e-12,4.139119932090629e-12,4.139119342403379e-12,4.139121076904604e-12,4.139119901069395e-12
1.0000012744699696,0.9999962915012617,7.760871202569995e-09,1.2574435962599405e-08,8.563371805462116e-09,8.265152802907143e-09,0.9999988305938006,7.587085363091101e-09,7.767131218362387e-09,7.951748771365964e-09,0.9999962915012637,0.9999961476157683,0.9999962915012649,0.9999961476157683,8.548450401027877e-09,0.999996147615771,0.9999963752237968,0.9999962915012639,0.9999961476157708,7.587085746627433e-09,0.9999961476157653,0.9999915298210177,7.587085452742885e-09,0.9999965241275625,8.563372933036535e-09,0.9999962915012632,0.9999964878916326,0.999996147615768,7.587086367020238e-09,0.9999962915012616,7.92408455556543e-09,0.9999965320924589,1.2355612872287066e-08,7.587084818577894e-09,7.765264822405215e-09,0.9999961476157717,0.9999961476157653,8.238999033093225e-09,7.587085781451242e-09,7.7604924729193e-09,8.67136165025827e-09,0.9999962915012639,7.986730659967606e-09,0.9999963812337306,0.9999962915012617,7.587085750712851e-09,7.92408685685449e-09,0.9999962915012641,7.768261410202104e-09,1.23556131853815e-08,0.99999646262455,8.037202197732163e-09,0.9999961476157677,0.99999152982102,0.9999962915012647,0.9999961476157662,8.411643800090054e-09,0.9999961476157664,0.999996147615768,7.924083519562159e-09,8.747386530341074e-09,7.771893989344523e-09,0.9999961476157653,7.587085772912806e-09,0.9999915298210179,7.949040998380095e-09,0.9999915298210128,0.9999962555998704,7.58708465382962e-09,0.9999961476157659,7.587085286071914e-09,7.587085456367245e-09,8.130124103114734e-09,0.9999961476157687,7.587085663728631e-09,0.9999962915012639,8.13012250559013e-09,0.999996008244366,0.9999962915012632,0.9999961476157655,0.9999961476157649,1.236301795383131e-08,7.68785775805796e-09,0.9999962915012609,0.999996147615767,0.9999965864138154,8.673511099004018e-09,0.9999961476157655,0.9999961476157666,0.9999961476157675,0.9999961476157666,7.587084862261738e-09,0.9999961476157647,0.9999961476157655,0.9999962915012641,0.999996147615767,0.9999961476157707,1.280533553212564e-08,8.246563629141162e-09,7.949040871637589e-09,7.587085782512596e-09,0.999996391327931,0.9999961476157666,0.999996147615768,7.587085688344648e-09,0.999996147615768,0.9999961476157715,7.763127152759858e-09,0.9999962915012611,0.9999962915012658,0.9999961476157666,0.9999915298210179,0.999996147615767,0.9999915298210149,0.9999915298210169,0.9999961476157675,7.854510355086579e-09,0.9999962915012605,0.9999963972618748,0.9999962915012616,0.9999961476157655,0.9999962915012637,0.9999965423792954,0.9999962820744803,0.9999962915012645,0.9999961476157659,0.9999962915012643,8.246564542094867e-09,7.587085591999722e-09,0.9999963533792965,0.9999962915012649,0.9999961476157662,0.9999963345641334,0.9999961476157655,0.9999961476157655,0.9999962820744791,0.9999962318237099,0.999996147615768,0.9999961476157687,0.9999961476157675,0.9999962915012639,0.999996147615768,0.9999961476157666,0.9999961476157675,0.9999960994019529,7.587085698212272e-09,0.9999964316113032,0.9999961476157655,0.9999962915012621,0.9999961476157666,0.999996571132999,0.9999962915012616
3.6897903920103016e-07,3.799549387308846e-12,4.964215764102984e-17,8.032889564803182e-17,-9.505495738288542e-21,2.1016055503198607e-20,7.587085363091101e-09,3.655067229305363e-06,4.969031216051366e-17,5.0876803218728813e-17,3.799549380697045e-12,3.799548847647697e-12,3.799549385671967e-12,3.799548847548919e-12,2.41520848808424e-20,3.799548848892428e-12,3.799549709748621e-12,3.7995493802216155e-12,3.799548844772265e-12,4.852806584906784e-17,3.799548849073112e-12,7.587057881339473e-09,4.8528062435594185e-17,3.7995502649802825e-12,-8.704631843482815e-21,3.7995493844408764e-12,3.799550128161414e-12,3.799548838352265e-12,4.8528069942131616e-17,3.7995493900254805e-12,6.245267888188645e-20,3.7995503024267844e-12,7.8943651959077e-17,4.8528052740201036e-17,4.967519567075328e-17,3.7995488483149455e-12,3.799548846591955e-12,5.271256924624743e-17,4.8528066138012967e-17,4.963929586115386e-17,1.69852825080612e-20,3.7995493938019526e-12,2.0174394063802033e-20,3.799549729305085e-12,3.799549387316671e-12,4.8528066434502036e-17,2.816169686860715e-20,3.799549387813081e-12,4.9697493878010604e-17,7.894365748128356e-17,3.7995500478125196e-12,5.141262870021701e-17,3.799548842766533e-12,7.587057881339501e-09,3.799549387216435e-12,3.799548842001643e-12,5.2536904483276753e-20,3.799548843608503e-12,3.799548848409455e-12,4.3860322971878e-20,1.6815087642072286e-20,4.9725392450650736e-17,3.799548848892428e-12,4.8528066698033483e-17,7.587057881339476e-09,5.085461017755003e-17,7.587057881339441e-09,3.7995492430357934e-12,4.8528050792758066e-17,3.7995488477981515e-12,4.8528063994783736e-17,4.852806365196445e-17,2.1367176787753743e-20,3.799548855219753e-12,4.852806494507055e-17,3.799549387076022e-12,4.85399991589735e-20,3.799548320186144e-12,3.799549385264804e-12,3.799548838797035e-12,3.799548832114392e-12,7.900021023333035e-17,4.919209775617913e-17,3.799549383417286e-12,3.799548838031844e-12,3.799550509985158e-12,5.573117246808492e-20,3.799548855219753e-12,3.79954884667784e-12,3.799548841653519e-12,3.799548835070675e-12,4.852805522498884e-17,3.799548848036521e-12,3.799548853110694e-12,3.799549385264804e-12,3.799548847834483e-12,3.799548838031844e-12,8.179605884157185e-17,-3.67901383173386e-21,5.085460672517183e-17,4.852806671142329e-17,3.799549763777121e-12,3.799548844375371e-12,3.799548844375371e-12,4.8528066458129924e-17,3.799548848036521e-12,3.799548842766533e-12,4.9659059936298994e-17,3.799549390729165e-12,3.799549385640318e-12,3.79954884667784e-12,7.587057881339493e-09,3.799548847338078e-12,7.587057881339453e-09,7.587057881339478e-09,3.799548844748327e-12,5.0246110185359794e-17,3.7995493859441286e-12,3.7995497882003415e-12,3.799549387813081e-12,3.799548842291373e-12,3.799549392062235e-12,3.7995503318699495e-12,3.799549360503983e-12,3.799549391587956e-12,3.7995488429599785e-12,3.799549388391397e-12,3.2119560330478017e-20,4.852806396961984e-17,3.799549638449811e-12,3.799549382336884e-12,3.799548839386946e-12,3.7995495521254495e-12,3.7995488429599785e-12,3.799548854792223e-12,3.799549354790852e-12,3.799549165290795e-12,3.799548844407615e-12,3.799548853427628e-12,3.7995488483149455e-12,3.79954938678279e-12,3.799548844298813e-12,3.79954885298069e-12,3.799548837212464e-12,3.7995486474698366e-12,4.8528066084519896e-17,3.799549922752573e-12,3.799548856499252e-12,3.799549388496485e-12,3.799548850093869e-12,3.799550451336047e-12,3.799549394997716e-12
3.6915908507813627e-07,3.88971486428335e-12,5.083108683454105e-17,8.225291764670271e-17,3.666789052235837e-20,3.3023249699151995e-20,7.767131218362387e-09,4.969031216051366e-17,3.655067229305364e-06,5.209528290177314e-17,3.88971486371805e-12,3.8897142976099776e-12,3.889714863654147e-12,3.889714292691441e-12,4.0411916282902264e-20,3.889714307336297e-12,3.8897151882655595e-12,3.8897148608684125e-12,3.889714308075875e-12,4.969031584884843e-17,3.889714301490758e-12,7.76710308424105e-09,4.969031235557867e-17,3.889715767549328e-12,7.82423045299174e-20,3.889714863643024e-12,7.767141346046808e-09,3.8897142916277565e-12,4.9690320040398674e-17,3.889714862698544e-12,1.5211529629308785e-20,3.889715816129572e-12,8.083447710000134e-17,4.969030243549422e-17,5.086490924456198e-17,3.889714303576734e-12,3.8897142896491445e-12,5.397501821511793e-17,4.969031614423374e-17,5.082815713791029e-17,-2.3519481432447734e-20,3.889714866395041e-12,5.0736666441842625e-20,3.889715208286306e-12,3.889714865375374e-12,4.9690316447551446e-17,-2.53482963370196e-20,3.889714863859937e-12,5.088773715694944e-17,8.083448274950209e-17,3.8897154894189434e-12,5.264395681132273e-17,3.889714292149402e-12,7.767103084241082e-09,3.8897148600558376e-12,3.8897142898614545e-12,5.023096054464438e-20,3.889714306755914e-12,3.889714304447674e-12,5.265883831294656e-21,-1.2591172682381756e-20,5.091629729556537e-17,3.889714292220922e-12,4.9690316717324354e-17,7.767103084241062e-09,5.2072565447852786e-17,7.76710308424101e-09,3.889714717281543e-12,4.969030044275438e-17,3.889714295001553e-12,4.9690313948301203e-17,4.969031359944863e-17,-1.6556608284349235e-20,3.889714292220922e-12,4.969031492329277e-17,3.889714864134291e-12,2.450957156530204e-20,3.8897137601208716e-12,3.889714859656384e-12,3.8897142995274865e-12,3.889714294371877e-12,8.089237695213259e-17,5.037022401687614e-17,3.889714863653536e-12,3.8897143063648184e-12,3.8897159964092144e-12,3.1943035525316817e-20,3.889714292149402e-12,3.889714289158533e-12,3.889714302039965e-12,3.889714289913265e-12,4.9690304976810676e-17,3.889714304044034e-12,3.889714304044034e-12,3.889714863363569e-12,3.889714292006292e-12,3.8897143014719595e-12,8.375523297569905e-17,6.127484453560527e-21,5.207256191669071e-17,4.969031673095466e-17,3.889715246517676e-12,3.8897142931033764e-12,3.889714302039965e-12,4.9690316471204645e-17,3.889714306441065e-12,3.889714298829198e-12,5.084839050418898e-17,3.889714863134528e-12,3.8897148635852436e-12,3.889714307804733e-12,7.767103084241062e-09,3.889714292006292e-12,7.767103084241034e-09,7.767103084241054e-09,3.889714304044034e-12,5.144949718591137e-17,3.889714864282856e-12,3.889715271664738e-12,3.889714863134528e-12,3.889714292757407e-12,3.889714860924168e-12,3.889715796874111e-12,3.889714826948445e-12,3.889714864134291e-12,3.889714294371877e-12,3.8897148628811085e-12,7.998681435449308e-20,4.969031392603827e-17,3.8897151062800894e-12,3.889714864806207e-12,3.889714303576734e-12,3.8897150321281175e-12,3.889714304447674e-12,3.889714288755978e-12,3.889714822706066e-12,3.889714628841836e-12,3.889714288755978e-12,3.889714302731857e-12,3.889714307709159e-12,3.889714863584626e-12,3.889714292757407e-12,3.889714306229468e-12,3.88971430291179e-12,7.767138348042758e-09,4.969031608885758e-17,3.889715402106717e-12,3.889714289895977e-12,3.8897148638864666e-12,3.88971429616263e-12,3.889715943155611e-12,3.889714863621683e-12
3.693437027423776e-07,3.982169818678237e-12,5.2044815393352585e-17,8.421700194605011e-17,7.656205376239278e-20,5.331021174091101e-20,7.951748771365964e-09,5.0876803218728813e-17,5.209528290177314e-17,3.6550672282856607e-06,3.9821698168955236e-12,3.982169228004737e-12,3.982169796244856e-12,3.982169226726411e-12,7.774677924703785e-20,3.982169234796584e-12,3.9821701317878226e-12,3.982169801038229e-12,3.9821692311959775e-12,5.087680699439387e-17,3.98216923074528e-12,7.951719968413863e-09,5.087680341866615e-17,7.951759426094026e-09,-4.340371805213646e-20,3.982169796967964e-12,7.951759139815118e-09,3.982169225258565e-12,5.087681128595706e-17,3.982169802502519e-12,-5.278805359569903e-20,7.951759489019685e-09,8.276468198739112e-17,5.0876793265179417e-17,5.2079441927199514e-17,3.98216923356197e-12,3.982169231552667e-12,5.5263808464376234e-17,5.0876807296723027e-17,5.20418160610402e-17,1.7630543677188417e-21,3.98216980793322e-12,5.4604507961172786e-17,3.982170154551727e-12,3.98216980793322e-12,5.0876807607057936e-17,-5.278805359569903e-20,3.9821698251104e-12,5.210281273762464e-17,8.276468776960296e-17,3.982170472181562e-12,5.390097074171506e-17,3.98216923112546e-12,7.95171996841386e-09,3.982169794775847e-12,3.982169229684997e-12,5.757775506049366e-20,3.98216923112546e-12,3.982169230065989e-12,-7.325388009654539e-20,2.500010142435555e-20,5.2132051442401674e-17,3.982169228852495e-12,5.087680788320843e-17,7.951719968413863e-09,5.3315931620977774e-17,7.951719968413831e-09,3.9821696570190645e-12,5.087679122544079e-17,3.982169224793588e-12,5.0876805047828054e-17,5.0876804691518133e-17,3.938557595522234e-20,3.982169230411968e-12,5.087680604691061e-17,3.982169817261799e-12,3.938557595522234e-20,3.982168768875428e-12,3.982169796967964e-12,3.982169230081125e-12,3.982169228350964e-12,8.282395770688991e-17,5.157293593350282e-17,3.982169822789412e-12,3.98216923093145e-12,3.982170967681661e-12,-4.512679621097182e-21,3.982169230935771e-12,3.982169230935771e-12,3.982169232085066e-12,3.9821692327178146e-12,5.0876795865847386e-17,3.982169229280028e-12,3.982169230287466e-12,3.982169792556195e-12,3.982169224327552e-12,3.982169231091022e-12,8.575519595750141e-17,5.2071375841750596e-20,5.331592800715775e-17,5.087680789717147e-17,3.982170242219764e-12,3.9821692318318015e-12,3.982169232183302e-12,5.0876807631034686e-17,3.982169230233892e-12,3.982169229667068e-12,5.20625305024491e-17,3.982169817261799e-12,3.98216979909382e-12,3.982169231204548e-12,7.951719968413863e-09,3.98216922935705e-12,7.951719968413828e-09,7.951719968413848e-09,3.982169231207502e-12,5.267798856159924e-17,3.982169811777322e-12,3.982170213326666e-12,3.982169811777322e-12,3.982169230394432e-12,3.982169811777322e-12,3.982170826430089e-12,3.982169755659119e-12,3.982169811422676e-12,3.9821692320757794e-12,3.982169815943475e-12,5.2071375841750596e-20,5.087680502630449e-17,3.98217005469658e-12,3.982169794775847e-12,3.982169230562101e-12,3.982169951010692e-12,3.98216923075612e-12,3.982169230941685e-12,3.9821697612261205e-12,3.98216955827642e-12,3.982169231929894e-12,3.982169231645317e-12,3.982169233066191e-12,3.982169807636565e-12,3.98216923211949e-12,3.9821692291724135e-12,3.982169225035028e-12,7.95175607053973e-09,5.08768072397637e-17,3.982170350540118e-12,3.982169231417898e-12,3.982169811777322e-12,3.982169230590845e-12,3.982170893569107e-12,3.982169800681694e-12
1.0000023904510376,0.999997407477163,3.886579892430256e-12,1.257444990432071e-08,4.288465532319106e-12,4.139119932090629e-12,0.9999962915012637,3.799549380697045e-12,3.88971486371805e-12,3.9821698168955236e-12,1.0000010625443598,0.9999972635915094,0.9999974074771651,0.999997263591509,4.280993036112872e-12,0.999997263591513,0.999997491199792,0.9999974074771649,0.9999972635915109,3.799549585503268e-12,0.9999972635915062,0.9999926457916065,3.799549435243698e-12,0.9999976401037222,4.288466109110423e-12,0.9999974074771646,0.999997603867755,0.9999972635915088,3.799549899725545e-12,0.9999974074771639,3.968315791494882e-12,0.999997648068631,1.2355626571467933e-08,3.799549116701458e-12,3.888780168393601e-12,0.9999972635915118,0.9999972635915062,4.126022315558012e-12,3.799549605481687e-12,3.88639022694431e-12,4.342545990935473e-12,0.9999974074771658,3.999688459307921e-12,0.9999974972097339,0.999997407477163,3.7995495805895874e-12,3.96831695789308e-12,0.9999974074771646,3.890280838459226e-12,1.2355626884562717e-08,0.9999975786006434,4.024964163480427e-12,0.9999972635915088,0.9999926457916088,0.9999974074771651,0.9999972635915079,4.212481412585993e-12,0.9999972635915083,0.9999972635915094,3.968315283462549e-12,4.380618656325549e-12,3.892100013400514e-12,0.9999972635915072,3.7995495964087914e-12,0.9999926457916078,3.980813786247658e-12,0.9999926457916029,0.9999973715757322,3.799549037213148e-12,0.9999972635915074,3.7995493511658835e-12,3.799549429167205e-12,4.0714986987771575e-12,0.99999726359151,3.79954953818994e-12,0.9999974074771646,4.0714979123825325e-12,0.9999971242199515,0.9999974074771641,0.9999972635915079,0.9999972635915062,1.2363031661278334e-08,3.8500153644049084e-12,0.9999974074771624,0.9999972635915094,0.9999977023900467,4.34362240084733e-12,0.9999972635915064,0.9999972635915079,0.9999972635915079,0.9999972635915079,3.799549137699198e-12,0.9999972635915062,0.9999972635915062,0.9999974074771658,0.9999972635915088,0.9999972635915122,1.2805349729805903e-08,4.129810646398332e-12,3.9808137378717196e-12,3.799549597829021e-12,0.9999975073039437,0.9999972635915079,0.999997263591509,3.799549551295394e-12,0.999997263591509,0.9999972635915128,3.887709647273895e-12,0.999997407477163,0.999997407477166,0.9999972635915079,0.9999926457916074,0.9999972635915088,0.9999926457916037,0.9999926457916074,0.9999972635915088,3.933473603967371e-12,0.999997407477162,0.9999975132378938,0.9999974074771639,0.9999972635915064,0.9999974074771644,0.9999976583554774,0.9999973980503715,0.9999974074771654,0.9999972635915088,0.9999974074771649,4.129811119367986e-12,3.799549500506002e-12,0.999997469355268,0.9999974074771651,0.999997263591509,0.9999974505400826,0.9999972635915064,0.9999972635915064,0.9999973980503715,0.9999973477995442,0.9999972635915096,0.9999972635915094,0.9999972635915094,0.9999974074771656,0.9999972635915094,0.9999972635915079,0.999997263591509,0.9999972153776402,3.799549555904668e-12,0.9999975475873607,0.9999972635915064,0.9999974074771639,0.9999972635915079,0.9999976871092149,0.9999974074771639
1.0000022465647158,0.9999972635915083,3.886579348438754e-12,6.297172294921635e-12,4.288464962463658e-12,4.139119345557037e-12,0.9999961476157683,3.799548847647697e-12,3.8897142976099776e-12,3.982169228004737e-12,0.9999972635915094,1.0000007747730761,0.9999972635915111,0.9999971197058756,4.280992418448418e-12,0.9999971197058786,0.9999973473141246,0.9999972635915094,0.9999971197058781,3.799549034614107e-12,0.9999971197058724,0.999992501906635,3.799548883552344e-12,0.9999974962180344,4.288465495017713e-12,0.999997263591509,0.9999974599820707,0.9999971197058749,3.799549353671429e-12,0.9999972635915072,3.968315215734143e-12,0.9999975041829398,6.187587521433512e-12,3.799548575816889e-12,3.8887796275700555e-12,0.9999971197058781,0.9999971197058726,4.1260217565909376e-12,3.799549062598915e-12,3.886389676820733e-12,4.342545337669083e-12,0.99999726359151,3.9996878630023905e-12,0.9999973533240655,0.9999972635915081,3.799549032908579e-12,3.968316387125807e-12,0.9999972635915106,3.890280299967359e-12,6.187587682998036e-12,0.9999974347149633,4.0249635929277426e-12,0.9999971197058762,0.9999925019066382,0.9999972635915096,0.9999971197058737,4.2124808055322525e-12,0.9999971197058737,0.9999971197058758,3.968314691204471e-12,4.38061793641736e-12,3.89209946401554e-12,0.9999971197058732,3.7995490589997555e-12,0.9999925019066367,3.980813201041064e-12,0.9999925019066304,0.9999972276900814,3.799548493281068e-12,0.9999971197058735,3.799548803334385e-12,3.799548894503774e-12,4.0714981034242384e-12,0.9999971197058767,3.7995489875390844e-12,0.9999972635915094,4.071497307248051e-12,0.9999969803343368,0.9999972635915092,0.9999971197058747,0.9999971197058735,6.191295933188276e-12,3.850014820363172e-12,0.9999972635915074,0.9999971197058756,0.9999975585043495,4.343621763567061e-12,0.9999971197058726,0.9999971197058742,0.9999971197058741,0.9999971197058735,3.799548610613493e-12,0.9999971197058735,0.9999971197058724,0.9999972635915099,0.9999971197058756,0.9999971197058781,6.412804850021285e-12,4.129810069496304e-12,3.980813137769039e-12,3.79954905940376e-12,0.9999973634182746,0.9999971197058742,0.9999971197058762,3.799549010245456e-12,0.999997119705876,0.9999971197058783,3.887709104235427e-12,0.9999972635915083,0.9999972635915115,0.9999971197058735,0.9999925019066369,0.9999971197058747,0.9999925019066334,0.9999925019066359,0.9999971197058737,3.933473051607395e-12,0.9999972635915079,0.9999973693522243,0.9999972635915069,0.9999971197058726,0.9999972635915088,0.9999975144697868,0.9999972541647186,0.9999972635915111,0.9999971197058745,0.9999972635915099,4.129810500546566e-12,3.7995489718866026e-12,0.9999973254696052,0.9999972635915094,0.9999971197058737,0.9999973066544221,0.9999971197058737,0.9999971197058726,0.9999972541647177,0.999997203913898,0.999997119705876,0.999997119705876,0.9999971197058749,0.9999972635915099,0.999997119705876,0.9999971197058735,0.9999971197058751,0.9999970714920128,3.799549010689183e-12,0.9999974037016849,0.9999971197058737,0.9999972635915085,0.9999971197058742,0.999997543223518,0.9999972635915072
