1.0000000086299337,4.711892138933542e-06,3.5523878149573604e-06,1.0000056133568782,3.948095217363436e-06,1.0000037207167198,1.000003758317254,1.0000037207167198,1.0000037207167198,3.873867841492901e-06,3.956608523285022e-06,3.828322326834657e-06,1.0000037810525104,3.952158665375898e-06,1.000003756960489,4.752026607926369e-06,1.0000038271180813,3.8475890845875605e-06,1.0000037207167158,1.0000057775748166,1.0000037207167172,1.0000058699926193,1.0000056032207638,1.0000037207167198,3.5523878157557787e-06,1.0000051397822372,1.0000040332503448,1.0000037569604896,1.000004591399245,3.7672344298000416e-06,1.0000042809661935,3.5165219808343273e-06,1.0000043008633166,4.075437658098159e-06,1.0000037207167198,4.011081530870031e-06,1.000003720716715,1.0000056713964638,3.516521979509953e-06,1.0000041984445551,1.0000037207167198,1.0000040332503466,1.0000037207167172,4.774231591012246e-06,4.347785689308686e-06,3.510581320819424e-06,1.0000037207167198,3.847589085316622e-06,3.6025112491962197e-06,1.0000038953646633,1.000003816900606,3.5550934123931506e-06,1.0000037207167187,1.0000037207167187,1.0000037207167172,5.56706404209227e-06,1.0000047645180452
4.711892138933542e-06,3.983557158017934e-06,9.86805785387954e-13,1.7384495190132966e-06,8.434909217848597e-16,1.738446325419399e-06,1.7384463893945244e-06,1.738446325419399e-06,1.738446325419399e-06,7.737064180187406e-16,1.6869409768543518e-12,7.38843105585442e-16,1.7384464247610148e-06,8.439209824830596e-16,1.7384463870932414e-06,3.0417554142990645e-12,1.7384465065604411e-06,1.4900030003641358e-12,1.7384463254194007e-06,1.738449795581277e-06,1.7384463254194007e-06,8.735809065032261e-10,8.73580678320456e-10,1.7384463254193982e-06,9.868057864948387e-13,8.735802838887584e-10,1.7384468498336074e-06,1.738446387093244e-06,8.735798182543487e-10,1.3621825777838931e-12,1.7384472707497293e-06,4.683928893540714e-16,1.738447308392738e-06,9.325744572769721e-16,1.7384463254193975e-06,8.906939729873904e-16,1.7384463254193982e-06,8.735807348451347e-10,4.686993709604791e-16,1.7384471360489598e-06,1.7384463254193982e-06,1.7384468498336057e-06,1.738446325419399e-06,3.096706975806963e-12,2.382995618410523e-12,9.18036919526817e-13,1.7384463254193975e-06,1.4900029994133466e-12,1.0736213344422378e-12,1.7384466132523893e-06,1.7384464901457412e-06,9.923755757128672e-13,1.7384463254193975e-06,1.7384463254193986e-06,1.7384463254194007e-06,2.3204730912344193e-15,1.73844808844666e-06
3.5523878149573604e-06,9.86805785387954e-13,3.983554511557553e-06,5.789450563705622e-07,2.8011790012578544e-16,5.789439989104883e-07,5.789440201292591e-07,5.789439989104883e-07,5.789439989104883e-07,2.5680740360987055e-16,2.812695232390389e-16,2.4531715360250957e-16,5.789440316517489e-07,2.800086057534081e-16,5.789440193663687e-07,1.009414817172069e-12,5.789440590017291e-07,4.937945523652203e-13,5.789439989104878e-07,2.9092320653835765e-10,5.789439989104878e-07,2.9092323519686175e-10,2.9092315954804715e-10,5.789439989104877e-07,3.2708006092576053e-13,2.9092302892072696e-10,2.909227165223077e-10,5.789440193663705e-07,2.9092287442963167e-10,4.5213123385622343e-13,2.9092278682683615e-10,1.5549256992963848e-16,5.789443246092162e-07,3.0878993724389226e-16,5.789439989104877e-07,2.954830569999971e-16,5.789439989104873e-07,2.909231782954361e-10,1.554646418371742e-16,5.789442675964539e-07,5.789439989104871e-07,2.909227165866747e-10,5.789439989104877e-07,1.0286922926707903e-12,7.92555430497495e-13,3.044871452704245e-13,5.789439989104871e-07,4.937945520489185e-13,3.559858018346577e-13,2.909226768583542e-10,5.78944053611742e-07,3.2900710040835673e-13,5.789439989104869e-07,5.789439989104873e-07,5.789439989104873e-07,7.753985404662118e-16,2.90922923059572e-10
1.0000056133568782,1.7384495190132966e-06,5.789450563705622e-07,1.0000070475754055,4.897684465511176e-10,1.0000011713815944,1.0000012089821295,1.0000011713815944,1.0000011713815944,4.5246874083345696e-10,4.940464086906213e-10,4.2958188771669264e-10,1.0000012317173577,4.918103363327568e-10,1.0000012076253655,8.937485510029155e-10,1.0000012777829652,8.741463341417813e-07,1.0000011713815948,1.0000032282395337,1.0000011713815948,1.0000033206574697,1.0000030538855902,1.0000011713815942,5.789450571130442e-07,1.0000025904470724,1.0000014839151756,1.0000012076253688,1.0000020420640992,3.988848488533833e-10,1.0000017316310357,2.7290040576964927e-10,1.000001751528183,5.537586518722272e-10,1.0000011713815942,5.214193853452337e-10,1.0000011713815933,1.0000031220612704,2.729004058217088e-10,1.0000016491094414,1.0000011713815933,1.0000014839151743,1.0000011713815944,1.8007891962267966e-06,6.90615295157997e-10,2.699151740386363e-10,1.0000011713815933,8.741463336388679e-07,6.290685075910402e-07,1.0000013460294617,1.0000012675654986,5.816506649242306e-07,1.0000011713815933,1.0000011713815933,1.0000011713815948,1.3033103022352724e-09,1.0000022151828658
3.948095217363436e-06,8.434909217848597e-16,2.8011790012578544e-16,4.897684465511176e-10,3.983555127908568e-06,9.746508259159632e-07,9.74650862057727e-07,9.746508259159632e-07,9.746508259159632e-07,4.3700457831972515e-16,4.777115039460878e-16,4.168368884189228e-16,4.897675657598759e-10,4.746640111077423e-16,9.74650860756268e-07,1.7155695526719164e-12,9.746509282244324e-07,4.228351812693615e-16,9.746508259159626e-07,4.897685254635349e-10,9.746508259159626e-07,4.897685718713372e-10,4.897684431979894e-10,9.746508259159628e-07,2.8011785254053275e-16,4.897682201696636e-10,9.746511236336393e-07,9.74650860756271e-07,9.746516596450014e-07,3.8614009821065085e-16,9.746513615338705e-07,2.642555615049122e-16,4.897678167148807e-10,5.282480427741211e-16,9.746508259159626e-07,9.999872302625958e-13,9.746508259159615e-07,4.897684759747078e-10,2.642555615049122e-16,9.746512843387336e-07,9.74650825915962e-07,9.74651123633638e-07,9.74650825915962e-07,1.7431905646418734e-12,6.729196339513798e-16,2.603905489222065e-16,9.74650825915962e-07,4.229273082788515e-16,3.0453991266470975e-16,9.746509903781704e-07,9.746509187605735e-07,2.81646651700412e-16,9.74650825915962e-07,9.746508259159604e-07,9.746508259159626e-07,1.290047740801478e-15,9.74651824486878e-07
1.0000037207167198,1.738446325419399e-06,5.789439989104883e-07,1.0000011713815944,9.746508259159632e-07,1.0000032622988353,0.9999993163454519,0.9999992787449858,0.9999992787449858,9.004235079560214e-07,9.831640722971378e-07,8.548781287530163e-07,0.9999993390806444,9.787142260492372e-07,0.9999993149886907,1.7785807782337603e-06,0.9999993851461606,8.741447382601014e-07,0.9999992787449865,1.0000013355992192,0.9999992787449865,1.000001428016963,1.000001161245574,0.9999992787449851,5.789439996529689e-07,1.0000006978078957,0.999999591278008,0.9999993149886934,1.0000001494259143,7.937903052457568e-07,0.9999998389934163,5.430782783126004e-07,0.9999998588905222,1.1019928008158095e-06,0.9999992787449851,1.0376369356816443e-06,0.9999992787449847,1.0000012294211338,5.430782783470538e-07,0.9999997564719638,0.9999992787449847,0.9999995912780069,0.9999992787449856,1.8007858532490321e-06,1.3743407801234631e-06,5.371375996604879e-07,0.9999992787449847,8.741447377571902e-07,6.290673556602213e-07,0.9999994533925497,0.9999993749287115,5.816496006206906e-07,0.9999992787449858,0.9999992787449848,0.999999278744987,2.5936181992894694e-06,1.0000003225443725
1.000003758317254,1.7384463893945244e-06,5.789440201292591e-07,1.0000012089821295,9.74650862057727e-07,0.9999993163454519,1.000003337499767,0.9999993163454519,0.9999993163454519,9.004235411156409e-07,4.940455146441846e-10,8.548781604278786e-07,0.999999376681113,9.787142622010254e-07,0.9999993525891587,1.7785808437690285e-06,0.9999994227466323,8.741447702867494e-07,0.999999316345452,1.0000013731997592,0.9999993163454515,1.000001465617509,1.00000119884611,0.9999993163454517,5.789440208717414e-07,1.000000735408414,0.9999996288784858,0.9999993525891611,1.0000001870264115,7.937903345776967e-07,0.9999998765939024,5.430782983789066e-07,0.9999998964910093,1.1019928407755034e-06,0.9999993163454517,1.0376369738226295e-06,0.9999993163454508,1.0000012670216714,5.430782984133605e-07,0.9999997940724475,0.9999993163454511,0.9999996288784861,0.9999993163454515,1.8007859200224463e-06,1.3743408315299569e-06,5.37137619416657e-07,0.9999993163454511,8.741447697838386e-07,6.290673787580855e-07,0.9999994909930214,0.999999412529182,5.816496219659628e-07,0.9999993163454508,0.9999993163454508,0.9999993163454517,2.5936182993437285e-06,1.000000360144877
1.0000037207167198,1.738446325419399e-06,5.789439989104883e-07,1.0000011713815944,9.746508259159632e-07,0.9999992787449858,0.9999993163454519,1.0000032622988353,0.9999992787449858,9.004235079560214e-07,9.831640722971371e-07,8.548781287530163e-07,0.9999993390806444,9.787142260492372e-07,0.9999993149886907,1.7785807782337603e-06,0.9999993851461606,8.741447382601014e-07,0.9999992787449865,1.0000013355992192,0.9999992787449865,1.000001428016963,1.000001161245574,0.9999992787449851,5.789439996529689e-07,1.0000006978078957,0.999999591278008,0.9999993149886934,1.0000001494259143,7.937903052457568e-07,0.9999998389934163,5.430782783126004e-07,0.9999998588905222,1.1019928008158091e-06,0.9999992787449851,1.0376369356816443e-06,0.9999992787449847,1.0000012294211338,5.430782783470538e-07,0.9999997564719638,0.9999992787449847,0.9999995912780069,0.9999992787449856,1.8007858532490321e-06,1.3743407801234631e-06,5.371375996604879e-07,0.9999992787449847,8.741447377571902e-07,6.290673556602213e-07,0.9999994533925497,0.9999993749287115,5.816496006206906e-07,0.9999992787449858,0.9999992787449848,0.999999278744987,2.5936181992894694e-06,1.0000003225443725
1.0000037207167198,1.738446325419399e-06,5.789439989104883e-07,1.0000011713815944,9.746508259159632e-07,0.9999992787449858,0.9999993163454519,0.9999992787449858,1.0000032622988353,9.004235079560214e-07,9.831640722971371e-07,8.548781287530163e-07,0.9999993390806444,9.787142260492372e-07,0.9999993149886907,1.7785807782337603e-06,0.9999993851461606,8.741447382601014e-07,0.9999992787449865,1.0000013355992192,0.9999992787449865,1.000001428016963,1.000001161245574,0.9999992787449851,5.789439996529689e-07,1.0000006978078957,0.999999591278008,0.9999993149886934,1.0000001494259143,7.937903052457568e-07,0.9999998389934163,5.430782783126004e-07,0.9999998588905222,1.1019928008158091e-06,0.9999992787449851,1.0376369356816443e-06,0.9999992787449847,1.0000012294211338,5.430782783470538e-07,0.9999997564719638,0.9999992787449847,0.9999995912780069,0.9999992787449856,1.8007858532490321e-06,1.3743407801234631e-06,5.371375996604879e-07,0.9999992787449847,8.741447377571902e-07,6.290673556602213e-07,0.9999994533925497,0.9999993749287115,5.816496006206906e-07,0.9999992787449858,0.9999992787449848,0.999999278744987,2.5936181992894694e-06,1.0000003225443725
3.873867841492901e-06,7.737064180187406e-16,2.5680740360987055e-16,4.5246874083345696e-10,4.3700457831972515e-16,9.004235079560214e-07,9.004235411156409e-07,9.004235079560214e-07,9.004235079560214e-07,3.983554981789796e-06,4.383967393691844e-16,3.8369678415075247e-16,9.004235595093858e-07,4.370714042249402e-16,9.004235399226023e-07,1.5755201419231634e-12,9.004236018547116e-07,3.8755506424497086e-16,9.004235079560214e-07,4.5246881288041305e-10,9.004235079560214e-07,4.5246885681551773e-10,4.5246873853791206e-10,9.004235079560205e-07,2.566474020759814e-16,4.5246853415070164e-10,9.004237799559895e-07,9.004235399226046e-07,9.00424271522606e-07,3.5470187950020897e-16,9.004239981414401e-07,2.424776903279458e-16,4.5246816484877565e-10,4.8269832951838e-16,9.004235079560205e-07,9.174404712357838e-13,9.004235079560194e-07,4.524687681263488e-10,2.424776903279458e-16,9.004239280892665e-07,9.004235079560196e-07,9.004237799559898e-07,9.004235079560196e-07,1.6036630945799635e-12,6.202974539266173e-16,2.389034396779991e-16,9.004235079560196e-07,3.875094915004216e-16,2.792488710705987e-16,9.004236573684437e-07,9.004235933145103e-07,2.5821750853860183e-16,9.0042350795602e-07,9.004235079560199e-07,9.004235079560216e-07,1.2001859800623015e-15,4.524683687145582e-10
3.956608523285022e-06,1.6869409768543518e-12,2.812695232390389e-16,4.940464086906213e-10,4.777115039460878e-16,9.831640722971378e-07,4.940455146441846e-10,9.831640722971371e-07,9.831640722971371e-07,4.383967393691844e-16,3.983555140219629e-06,4.1843731559895106e-16,9.831641289978112e-07,4.794242160829644e-16,9.831641073010453e-07,1.7248459716276246e-12,9.83164175100883e-07,4.2517544427854255e-16,9.831640722971365e-07,9.831660446591786e-07,9.83164072297137e-07,4.940465350972634e-10,4.940464054560632e-10,9.831640722971373e-07,2.812786335186374e-16,4.940461815787456e-10,9.831643706503158e-07,9.831641073010494e-07,4.940459166985112e-10,3.8819626062945387e-16,9.831646096063104e-07,2.657334892916097e-16,9.831646305851915e-07,5.296595727578372e-16,9.831640722971373e-07,5.049924266841795e-16,9.831640722971358e-07,4.940464379209143e-10,2.648904051684331e-16,9.831645325923116e-07,9.831640722971365e-07,9.83164370650315e-07,9.831640722971367e-07,1.7544105799621958e-12,6.772633841590032e-16,2.617809252033473e-16,9.831640722971365e-07,4.252871205143227e-16,3.0609506993944436e-16,9.83164236561827e-07,9.831641656888842e-07,2.8297684618968743e-16,9.831640722971365e-07,9.831640722971363e-07,9.831640722971382e-07,1.30683700323224e-15,4.940459998765076e-10
3.828322326834657e-06,7.38843105585442e-16,2.4531715360250957e-16,4.2958188771669264e-10,4.168368884189228e-16,8.548781287530163e-07,8.548781604278786e-07,8.548781287530163e-07,8.548781287530163e-07,3.8369678415075247e-16,4.1843731559895106e-16,3.983554909126801e-06,8.548781784626092e-07,4.177882602548371e-16,8.548781592873438e-07,7.553129611625781e-16,4.2958113625095927e-10,3.703116770693099e-16,8.548781287530157e-07,4.295819568630865e-10,8.548781287530157e-07,4.2958199783535017e-10,4.295818851468253e-10,8.548781287530157e-07,2.452977608057637e-16,4.295816895219555e-10,8.548783895687238e-07,8.548781592873454e-07,8.548788593086189e-07,3.378233156900304e-16,8.548785980589087e-07,2.315630486562302e-16,4.295813361089927e-10,4.632077875018072e-16,8.548781287530158e-07,4.4005473089811775e-16,8.548781287530152e-07,4.295819134466719e-10,2.3095446632179045e-16,4.2958129305345884e-10,8.548781287530152e-07,8.548783895687237e-07,8.548781287530168e-07,1.527890728002349e-12,5.893083499910097e-16,2.2808364219849197e-16,8.548781287530152e-07,3.703232483687916e-16,2.672137046956252e-16,8.548782727475151e-07,8.548782101405637e-07,2.4664897065015886e-16,8.548781287530163e-07,8.548781287530153e-07,8.548781287530157e-07,1.1322945021980945e-15,8.548790037120603e-07
1.0000037810525104,1.7384464247610148e-06,5.789440316517489e-07,1.0000012317173577,4.897675657598759e-10,0.9999993390806444,0.999999376681113,0.9999993390806444,0.9999993390806444,9.004235595093858e-07,9.831641289978112e-07,8.548781784626092e-07,1.0000033829701482,9.787142825158109e-07,0.9999993753243512,1.7785808802155554e-06,0.999999445481826,8.741447876490408e-07,0.9999993390806439,1.0000013959349907,0.9999993390806439,1.0000014883527417,1.0000012215813374,0.9999993390806436,5.789440323942307e-07,1.0000007581436323,0.9999996516136828,0.9999993753243532,1.0000002097616196,7.937903510868451e-07,0.9999998993291052,5.430783096693819e-07,0.9999999192262136,1.1019928614456827e-06,0.9999993390806436,1.0376369948053803e-06,0.9999993390806433,1.0000012897568988,5.430783097038355e-07,0.9999998168076487,0.9999993390806429,0.9999996516136831,0.9999993390806445,1.8007859581727156e-06,1.374340861965751e-06,5.371376303148391e-07,0.9999993390806429,8.741447871461296e-07,6.290673914037021e-07,0.9999995137282175,0.9999994352643751,5.816496336239709e-07,0.9999993390806439,0.9999993390806428,0.9999993390806433,2.5936183658285478e-06,1.0000003828800874
3.952158665375898e-06,8.439209824830596e-16,2.800086057534081e-16,4.918103363327568e-10,4.746640111077423e-16,9.787142260492372e-07,9.787142622010254e-07,9.787142260492372e-07,9.787142260492372e-07,4.370714042249402e-16,4.794242160829644e-16,4.177882602548371e-16,9.787142825158109e-07,3.9835551326231e-06,9.787142608998576e-07,8.628464003745841e-16,4.918094796884317e-10,4.227700638551621e-16,9.787142260492372e-07,9.787161898394603e-07,9.787142260492367e-07,4.918104626537987e-10,4.918103332753438e-10,9.78714226049235e-07,2.800055203000843e-16,4.918101105060709e-10,9.787145231385967e-07,9.787142608998612e-07,9.787150591644779e-07,3.8622257331348335e-16,9.787147610521898e-07,2.6426144734761935e-16,4.918097075295225e-10,5.269278607259585e-16,9.78714226049235e-07,5.038037287836642e-16,9.787142260492348e-07,4.918103659152303e-10,2.6415985865778725e-16,4.918096585140644e-10,9.787142260492346e-07,9.78714523138597e-07,9.787142260492357e-07,8.779155611296959e-16,6.73930222397481e-16,2.6036228584783106e-16,9.787142260492346e-07,4.228470046682614e-16,3.0458284467064174e-16,9.787143896455283e-07,9.787143190270426e-07,2.81567920067581e-16,9.787142260492348e-07,9.787142260492348e-07,9.787142260492355e-07,1.3006839201812214e-15,9.787152236334012e-07
1.000003756960489,1.7384463870932414e-06,5.789440193663687e-07,1.0000012076253655,9.74650860756268e-07,0.9999993149886907,0.9999993525891587,0.9999993149886907,0.9999993149886907,9.004235399226023e-07,9.831641073010453e-07,8.548781592873438e-07,0.9999993753243512,9.787142608998576e-07,1.0000033347862411,1.7785808414108104e-06,0.9999994213898707,8.741447691353701e-07,0.9999993149886904,1.0000013718429954,0.9999993149886904,1.000001464260744,1.0000011974893448,0.9999993149886899,5.789440201088517e-07,1.0000007340516492,0.9999996275217234,0.9999993512323984,1.0000001856696488,7.937903335219233e-07,0.9999998752371408,2.728999112528271e-10,0.9999998951342473,1.1019928393405752e-06,0.9999993149886899,1.037636972450738e-06,0.9999993149886891,1.000001265664906,2.728999113237517e-10,0.9999997927156851,0.9999993149886891,0.9999996275217223,0.9999993149886908,1.8007859176176105e-06,1.3743408296765276e-06,5.371376187059922e-07,0.9999993149886895,8.741447686324584e-07,6.290673779274137e-07,0.9999994896362597,0.9999994111724188,5.816496211983808e-07,0.9999993149886901,0.9999993149886891,0.9999993149886913,2.593618295721541e-06,1.0000003587881134
4.752026607926369e-06,3.0417554142990645e-12,1.009414817172069e-12,8.937485510029155e-10,1.7155695526719164e-12,1.7785807782337603e-06,1.7785808437690285e-06,1.7785807782337603e-06,1.7785807782337603e-06,1.5755201419231634e-12,1.7248459716276246e-12,7.553129611625781e-16,1.7785808802155554e-06,8.628464003745841e-16,1.7785808414108104e-06,3.983557297675912e-06,1.7785809638037691e-06,1.5238382077065603e-12,1.7785807782337592e-06,1.7785843343441824e-06,1.7785807782337597e-06,8.937487806738522e-10,8.937485465229296e-10,1.778580778233759e-06,1.0094148183214796e-12,8.937481419646986e-10,1.778581316016343e-06,1.7785808414108138e-06,1.7785822875778582e-06,1.3930439071515357e-12,1.7785817472451681e-06,9.530469653481159e-13,1.7785817851583275e-06,9.561786635590887e-16,1.778580778233759e-06,1.813028114635259e-12,1.7785807782337565e-06,1.7785841578726174e-06,9.53046965411445e-13,1.7785816086046032e-06,1.778580778233758e-06,1.7785813160163418e-06,1.7785807782337582e-06,3.1680984121869853e-12,2.435562092792939e-12,9.390926969887893e-13,1.778580778233758e-06,1.5238382067575442e-12,5.515639025720774e-16,1.778581073791858e-06,1.7785809469016443e-06,1.0151332250480104e-12,1.7785807782337582e-06,1.7785807782337544e-06,1.7785807782337597e-06,2.367899419132252e-15,1.7785825852367275e-06
1.0000038271180813,1.7384465065604411e-06,5.789440590017291e-07,1.0000012777829652,9.746509282244324e-07,0.9999993851461606,0.9999994227466323,0.9999993851461606,0.9999993851461606,9.004236018547116e-07,9.83164175100883e-07,4.2958113625095927e-10,0.999999445481826,4.918094796884317e-10,0.9999994213898707,1.7785809638037691e-06,1.0000034751011893,8.741448289587345e-07,0.9999993851461606,1.0000014420006063,0.9999993851461607,1.0000015344183613,1.0000012676469436,0.9999993851461609,5.789440597442121e-07,1.0000008042092166,0.9999996976792156,0.9999994213898726,1.0000002558271794,7.937903882906338e-07,0.9999999453946492,5.43078335124281e-07,0.9999999652917572,5.537577122757253e-10,0.9999993851461609,1.0376370436906957e-06,0.9999993851461606,1.0000013358225104,5.430783351587342e-07,0.999999862873188,0.9999993851461607,0.9999996976792147,0.9999993851461617,1.8007860422802292e-06,1.3743409256009248e-06,5.371376556035224e-07,0.9999993851461606,8.741448284558223e-07,6.290674210699575e-07,0.9999995597937423,0.999999481329897,5.816496610677711e-07,0.9999993851461612,0.99999938514616,0.9999993851461613,2.5936184821284144e-06,1.000000428945655
3.8475890845875605e-06,1.4900030003641358e-12,4.937945523652203e-13,8.741463341417813e-07,4.228351812693615e-16,8.741447382601014e-07,8.741447702867494e-07,8.741447382601014e-07,8.741447382601014e-07,3.8755506424497086e-16,4.2517544427854255e-16,3.703116770693099e-16,8.741447876490408e-07,4.227700638551621e-16,8.741447691353701e-07,1.5238382077065603e-12,8.741448289587345e-07,3.983554929567194e-06,8.741447382601017e-07,8.741464722476523e-07,8.741447382601017e-07,4.392635796017656e-10,4.3926346529811e-10,8.741447382601011e-07,4.937945528989375e-13,4.392632680511695e-10,4.392627963397376e-10,8.741447691353725e-07,4.392630350396945e-10,3.4333886260322894e-16,4.392629027241515e-10,2.346608312640156e-16,8.741452298404692e-07,4.657593041836448e-16,8.741447382601011e-07,4.459290654654179e-16,8.741447382601017e-07,8.741463870203835e-07,2.345917054177975e-16,8.741451437960814e-07,8.741447382601005e-07,4.3926279652502785e-10,8.741447382601017e-07,1.5530997184110651e-12,6.013530109570031e-16,4.596939653435215e-13,8.741447382601005e-07,7.455069504380351e-13,5.374313399167999e-13,8.741448814182463e-07,8.741448208335469e-07,4.96706062912074e-13,8.741447382601011e-07,8.741447382601011e-07,8.741447382601016e-07,1.1717407540481962e-15,4.3926310802110913e-10
1.0000037207167158,1.7384463254194007e-06,5.789439989104878e-07,1.0000011713815948,9.746508259159626e-07,0.9999992787449865,0.999999316345452,0.9999992787449865,0.9999992787449865,9.004235079560214e-07,9.831640722971365e-07,8.548781287530157e-07,0.9999993390806439,9.787142260492372e-07,0.9999993149886904,1.7785807782337592e-06,0.9999993851461606,8.741447382601017e-07,1.0000032622988322,1.000001335599219,0.999999278744986,1.0000014280169631,1.0000011612455744,0.9999992787449847,5.789439996529687e-07,1.0000006978078952,0.999999591278008,0.999999314988693,1.000000149425914,7.937903052457565e-07,0.9999998389934162,5.430782783125999e-07,0.9999998588905223,1.1019928008158074e-06,0.9999992787449847,1.037636935681644e-06,0.9999992787449848,1.000001229421134,5.430782783470538e-07,0.9999997564719645,0.9999992787449847,0.9999995912780072,0.9999992787449856,1.8007858532490328e-06,1.3743407801234627e-06,5.371375996604884e-07,0.9999992787449853,8.741447377571912e-07,6.290673556602216e-07,0.9999994533925497,0.9999993749287119,5.816496006206904e-07,0.9999992787449854,0.9999992787449851,0.999999278744986,2.5936181992894685e-06,1.0000003225443725
1.0000057775748166,1.738449795581277e-06,2.9092320653835765e-10,1.0000032282395337,4.897685254635349e-10,1.0000013355992192,1.0000013731997592,1.0000013355992192,1.0000013355992192,4.5246881288041305e-10,9.831660446591786e-07,4.295819568630865e-10,1.0000013959349907,9.787161898394603e-07,1.0000013718429954,1.7785843343441824e-06,1.0000014420006063,8.741464722476523e-07,1.000001335599219,1.000007376011267,1.000001335599219,1.0000034848754316,1.0000032181035101,1.0000013355992186,2.909232070600701e-10,1.0000027546649188,1.000001648132848,1.0000013718429988,1.0000022062818585,3.988849128625354e-10,1.0000018958487475,2.7290044965087456e-10,1.0000019157458981,1.1019949544661037e-06,1.0000013355992186,5.214194680249784e-10,1.0000013355992177,1.0000032862791994,2.729004493664725e-10,1.0000018133271404,1.0000013355992177,1.0000016481328475,1.000001335599219,1.8007894858856651e-06,6.906154083738337e-10,2.69915217168687e-10,1.000001335599218,8.741464717447384e-07,3.161105297255324e-10,1.0000015102471118,1.0000014317831372,2.922827910348361e-10,1.0000013355992186,1.0000013355992172,1.0000013355992186,1.3033105247032468e-09,1.000002379400653
1.0000037207167172,1.7384463254194007e-06,5.789439989104878e-07,1.0000011713815948,9.746508259159626e-07,0.9999992787449865,0.9999993163454515,0.9999992787449865,0.9999992787449865,9.004235079560214e-07,9.83164072297137e-07,8.548781287530157e-07,0.9999993390806439,9.787142260492367e-07,0.9999993149886904,1.7785807782337597e-06,0.9999993851461607,8.741447382601017e-07,0.999999278744986,1.000001335599219,1.0000032622988322,1.0000014280169631,1.0000011612455744,0.9999992787449847,5.789439996529687e-07,1.000000697807895,0.999999591278008,0.999999314988693,1.000000149425914,7.937903052457566e-07,0.9999998389934165,5.430782783125999e-07,0.9999998588905223,1.1019928008158074e-06,0.9999992787449847,1.037636935681644e-06,0.9999992787449848,1.000001229421134,5.430782783470538e-07,0.9999997564719645,0.9999992787449847,0.9999995912780072,0.9999992787449856,1.8007858532490328e-06,1.3743407801234627e-06,5.371375996604884e-07,0.9999992787449847,8.741447377571911e-07,6.290673556602216e-07,0.9999994533925497,0.9999993749287119,5.816496006206904e-07,0.9999992787449853,0.9999992787449851,0.999999278744986,2.593618199289469e-06,1.0000003225443719
1.0000058699926193,8.735809065032261e-10,2.9092323519686175e-10,1.0000033206574697,4.897685718713372e-10,1.000001428016963,1.000001465617509,1.000001428016963,1.000001428016963,4.5246885681551773e-10,4.940465350972634e-10,4.2958199783535017e-10,1.0000014883527417,4.918104626537987e-10,1.000001464260744,8.937487806738522e-10,1.0000015344183613,4.392635796017656e-10,1.0000014280169631,1.0000034848754316,1.0000014280169631,1.000007560847155,1.0000033105214439,1.0000014280169627,2.909232354190012e-10,1.0000028470828062,1.000001740550624,1.0000014642607469,1.0000022986996908,3.9888495118008734e-10,1.0000019882665474,2.729004755211503e-10,1.0000020081637007,5.537587936230793e-10,1.0000014280169627,5.214195189088223e-10,1.0000014280169618,1.0000033786971398,2.729004757599402e-10,1.0000019057449323,1.0000014280169622,1.000001740550623,1.0000014280169627,9.049069872219004e-10,6.906154720509472e-10,2.6991524330647e-10,1.0000014280169622,4.392635793773275e-10,3.1611056087662535e-10,1.000001602664875,1.0000015242008922,2.922828197615594e-10,1.000001428016962,1.0000014280169618,1.000001428016964,2.593623949651395e-06,1.0000024718185032
1.0000056032207638,8.73580678320456e-10,2.9092315954804715e-10,1.0000030538855902,4.897684431979894e-10,1.000001161245574,1.00000119884611,1.000001161245574,1.000001161245574,4.5246873853791206e-10,4.940464054560632e-10,4.295818851468253e-10,1.0000012215813374,4.918103332753438e-10,1.0000011974893448,8.937485465229296e-10,1.0000012676469436,4.3926346529811e-10,1.0000011612455744,1.0000032181035101,1.0000011612455744,1.0000033105214439,1.0000070273033488,1.0000011612455733,2.9092315993126163e-10,1.0000025803110484,1.0000014737791543,1.0000011974893463,1.0000020319280762,3.9888484654123274e-10,1.0000017214950132,2.7290040409047873e-10,1.0000017413921605,1.1019947822371458e-06,1.0000011612455733,5.214193828946835e-10,1.0000011612455733,1.0000031119252462,2.729004041072941e-10,1.00000163897342,1.0000011612455733,1.000001473779154,1.0000011612455741,9.04906749295457e-10,6.906152884912588e-10,2.6991517310196553e-10,1.0000011612455733,4.3926346490069456e-10,3.1611047825419874e-10,1.0000013358934419,1.0000012574294774,2.922827435864227e-10,1.0000011612455733,1.0000011612455735,1.0000011612455744,2.5936232414770883e-06,1.0000022050468431
1.0000037207167198,1.7384463254193982e-06,5.789439989104877e-07,1.0000011713815942,9.746508259159628e-07,0.9999992787449851,0.9999993163454517,0.9999992787449851,0.9999992787449851,9.004235079560205e-07,9.831640722971373e-07,8.548781287530157e-07,0.9999993390806436,9.78714226049235e-07,0.9999993149886899,1.778580778233759e-06,0.9999993851461609,8.741447382601011e-07,0.9999992787449847,1.0000013355992186,0.9999992787449847,1.0000014280169627,1.0000011612455733,1.0000032622988302,5.789439996529689e-07,1.000000697807896,0.9999995912780076,0.9999993149886923,1.000000149425914,7.937903052457568e-07,0.9999998389934156,5.430782783126e-07,0.9999998588905215,1.1019928008158078e-06,0.9999992787449856,1.037636935681644e-06,0.9999992787449847,1.000001229421133,5.430782783470538e-07,0.9999997564719634,0.9999992787449851,0.9999995912780071,0.9999992787449851,1.8007858532490326e-06,1.3743407801234627e-06,5.371375996604888e-07,0.9999992787449851,8.741447377571893e-07,6.290673556602215e-07,0.9999994533925503,0.9999993749287119,5.816496006206897e-07,0.9999992787449848,0.9999992787449845,0.9999992787449856,2.5936181992894664e-06,1.000000322544371
3.5523878157557787e-06,9.868057864948387e-13,3.2708006092576053e-13,5.789450571130442e-07,2.8011785254053275e-16,5.789439996529689e-07,5.789440208717414e-07,5.789439996529689e-07,5.789439996529689e-07,2.566474020759814e-16,2.812786335186374e-16,2.452977608057637e-16,5.789440323942307e-07,2.800055203000843e-16,5.789440201088517e-07,1.0094148183214796e-12,5.789440597442121e-07,4.937945528989375e-13,5.789439996529687e-07,2.909232070600701e-10,5.789439996529687e-07,2.909232354190012e-10,2.9092315993126163e-10,5.789439996529689e-07,3.983554511557553e-06,2.909230292873491e-10,2.909227169779342e-10,5.789440201088521e-07,2.9092287494536596e-10,4.521312343646479e-13,2.9092278690224736e-10,1.5542734539519548e-16,5.78944325351698e-07,3.0872400914538417e-16,5.789439996529689e-07,2.9545659040338565e-16,5.789439996529685e-07,2.9092317867021087e-10,1.55220563062889e-16,5.789442683389352e-07,5.789439996529684e-07,2.9092271710630553e-10,5.789439996529689e-07,1.0286922939020482e-12,7.925554314733902e-13,3.044871456070031e-13,5.789439996529684e-07,4.937945525826348e-13,3.5598580222130173e-13,2.9092267726402605e-10,5.78944054354224e-07,3.2900710076811906e-13,5.789439996529687e-07,5.789439996529689e-07,5.789439996529687e-07,7.756945697473609e-16,2.9092292350716545e-10
1.0000051397822372,8.735802838887584e-10,2.9092302892072696e-10,1.0000025904470724,4.897682201696636e-10,1.0000006978078957,1.000000735408414,1.0000006978078957,1.0000006978078957,4.5246853415070164e-10,4.940461815787456e-10,4.295816895219555e-10,1.0000007581436323,4.918101105060709e-10,1.0000007340516492,8.937481419646986e-10,1.0000008042092166,4.392632680511695e-10,1.0000006978078952,1.0000027546649188,1.000000697807895,1.0000028470828062,1.0000025803110484,1.000000697807896,2.909230292873491e-10,1.0000061004265273,1.000001010341339,1.0000007340516517,1.0000015684900094,3.9888466548337883e-10,1.0000012580570865,2.729002801375078e-10,1.0000012779542233,1.1019942939634989e-06,1.000000697807896,5.214191479049601e-10,1.000000697807895,1.0000026484866988,2.729002802893558e-10,1.0000011755355265,1.000000697807895,1.0000010103413373,1.0000006978078961,9.049063365798138e-10,1.3743427173904728e-06,2.6991505102083927e-10,1.000000697807895,4.3926326783417483e-10,3.161103361565093e-10,1.0000008724556888,1.000000793991754,2.9228261211666305e-10,1.000000697807896,1.0000006978078948,1.000000697807895,2.5936220009361897e-06,1.0000017416087013
1.0000040332503448,1.7384468498336074e-06,2.909227165223077e-10,1.0000014839151756,9.746511236336393e-07,0.999999591278008,0.9999996288784858,0.999999591278008,0.999999591278008,9.004237799559895e-07,9.831643706503158e-07,8.548783895687238e-07,0.9999996516136828,9.787145231385967e-07,0.9999996275217234,1.778581316016343e-06,0.9999996976792156,4.392627963397376e-10,0.999999591278008,1.000001648132848,0.999999591278008,1.000001740550624,1.0000014737791543,0.9999995912780076,2.909227169779342e-10,1.000001010341339,1.0000038873649462,0.9999996275217253,1.0000004619591947,7.937905463465832e-07,1.000000151526604,5.43078443242544e-07,1.0000001714237159,1.1019931254337871e-06,0.9999995912780076,1.037637248155122e-06,0.9999995912780074,1.0000015419547328,5.430784432769983e-07,1.000000069005128,0.9999995912780071,0.9999999038111204,0.9999995912780077,1.8007864033849857e-06,1.37434120592719e-06,2.699147602063128e-10,0.9999995912780071,4.392627963793187e-10,3.1610999601662233e-10,0.99999976592562,0.9999996874617625,2.922822978488354e-10,0.9999995912780065,0.9999995912780063,0.9999995912780074,2.5936190437447996e-06,1.0000006350777033
1.0000037569604896,1.738446387093244e-06,5.789440193663705e-07,1.0000012076253688,9.74650860756271e-07,0.9999993149886934,0.9999993525891611,0.9999993149886934,0.9999993149886934,9.004235399226046e-07,9.831641073010494e-07,8.548781592873454e-07,0.9999993753243532,9.787142608998612e-07,0.9999993512323984,1.7785808414108138e-06,0.9999994213898726,8.741447691353725e-07,0.999999314988693,1.0000013718429988,0.999999314988693,1.0000014642607469,1.0000011974893463,0.9999993149886923,5.789440201088521e-07,1.0000007340516517,0.9999996275217253,1.0000033347862523,1.000000185669651,7.937903335219252e-07,0.9999998752371431,2.728999112455358e-10,0.9999998951342494,1.1019928393405781e-06,0.9999993149886923,1.0376369724507415e-06,0.9999993149886919,1.0000012656649093,2.72899911323905e-10,0.9999997927156874,0.9999993149886921,0.999999627521725,0.999999314988693,1.8007859176176175e-06,1.3743408296765323e-06,5.371376187059936e-07,0.9999993149886921,8.741447686324606e-07,6.29067377927416e-07,0.9999994896362621,0.9999994111724219,5.816496211983821e-07,0.9999993149886923,0.9999993149886921,0.9999993149886927,2.593618295721549e-06,1.0000003587881163
1.000004591399245,8.735798182543487e-10,2.9092287442963167e-10,1.0000020420640992,9.746516596450014e-07,1.0000001494259143,1.0000001870264115,1.0000001494259143,1.0000001494259143,9.00424271522606e-07,4.940459166985112e-10,8.548788593086189e-07,1.0000002097616196,9.787150591644779e-07,1.0000001856696488,1.7785822875778582e-06,1.0000002558271794,4.392630350396945e-10,1.000000149425914,1.0000022062818585,1.000000149425914,1.0000022986996908,1.0000020319280762,1.000000149425914,2.9092287494536596e-10,1.0000015684900094,1.0000004619591947,1.000000185669651,1.000005003661375,7.937909812657433e-07,1.0000007096748103,5.430787407739534e-07,1.000000729571935,1.1019937172240605e-06,1.000000149425914,1.0376378134987382e-06,1.0000001494259134,1.0000021001036914,5.430787408084067e-07,1.0000006271532929,1.0000001494259139,1.0000004619591938,1.0000001494259143,1.8007873937043844e-06,1.3743419687552564e-06,2.6991490731385385e-10,1.0000001494259139,4.3926303480217755e-10,3.161101679834327e-10,1.0000003240736175,1.0000002456097214,2.9228245678314464e-10,1.0000001494259134,1.0000001494259134,1.0000001494259136,2.5936205313363687e-06,1.000001193226171
3.7672344298000416e-06,1.3621825777838931e-12,4.5213123385622343e-13,3.988848488533833e-10,3.8614009821065085e-16,7.937903052457568e-07,7.937903345776967e-07,7.937903052457568e-07,7.937903052457568e-07,3.5470187950020897e-16,3.8819626062945387e-16,3.378233156900304e-16,7.937903510868451e-07,3.8622257331348335e-16,7.937903335219233e-07,1.3930439071515357e-12,7.937903882906338e-07,3.4333886260322894e-16,7.937903052457565e-07,3.988849128625354e-10,7.937903052457566e-07,3.9888495118008734e-10,3.9888484654123274e-10,7.937903052457568e-07,4.521312343646479e-13,3.9888466548337883e-10,7.937905463465832e-07,7.937903335219252e-07,7.937909812657433e-07,3.983554811083517e-06,3.988843299078605e-10,4.264715344828821e-13,7.937907562622186e-07,4.2834255011737714e-16,7.937903052457568e-07,4.0795205679342816e-16,7.937903052457565e-07,3.9888487258543087e-10,4.2647153453331555e-13,7.937906770882411e-07,7.937903052457559e-07,7.937905463465824e-07,7.937903052457568e-07,1.4167150340760765e-12,5.466412795551138e-16,4.2042402492459125e-13,7.937903052457559e-07,3.43093920351284e-16,2.4733165145800153e-16,7.937904380518287e-07,3.9888414973249294e-10,4.5460879025110434e-13,7.937903052457566e-07,7.937903052457565e-07,7.937903052457565e-07,1.0541014496966682e-15,3.9888451865944643e-10
1.0000042809661935,1.7384472707497293e-06,2.9092278682683615e-10,1.0000017316310357,9.746513615338705e-07,0.9999998389934163,0.9999998765939024,0.9999998389934163,0.9999998389934163,9.004239981414401e-07,9.831646096063104e-07,8.548785980589087e-07,0.9999998993291052,9.787147610521898e-07,0.9999998752371408,1.7785817472451681e-06,0.9999999453946492,4.392629027241515e-10,0.9999998389934162,1.0000018958487475,0.9999998389934165,1.0000019882665474,1.0000017214950132,0.9999998389934156,2.9092278690224736e-10,1.0000012580570865,1.000000151526604,0.9999998752371431,1.0000007096748103,3.988843299078605e-10,1.0000043827959684,2.7290005075506424e-10,1.0000004191392635,1.1019933881285552e-06,0.9999998389934156,1.0376374990877264e-06,0.9999998389934148,1.000001789670609,2.729000508256187e-10,1.000000316720652,0.9999998389934154,1.000000151526603,0.9999998389934159,1.8007868429253482e-06,1.3743415444831265e-06,2.6991482541151206e-10,0.9999998389934154,4.3926290255122145e-10,3.16110072233488e-10,1.0000000136410692,0.9999999351771938,2.922823682820447e-10,0.9999998389934159,0.9999998389934146,0.9999998389934165,2.5936197038667875e-06,1.0000008827933609
3.5165219808343273e-06,4.683928893540714e-16,1.5549256992963848e-16,2.7290040576964927e-10,2.642555615049122e-16,5.430782783126004e-07,5.430782983789066e-07,5.430782783126004e-07,5.430782783126004e-07,2.424776903279458e-16,2.657334892916097e-16,2.315630486562302e-16,5.430783096693819e-07,2.6426144734761935e-16,2.728999112528271e-10,9.530469653481159e-13,5.43078335124281e-07,2.346608312640156e-16,5.430782783125999e-07,2.7290044965087456e-10,5.430782783125999e-07,2.729004755211503e-10,2.7290040409047873e-10,5.430782783126e-07,1.5542734539519548e-16,2.729002801375078e-10,5.43078443242544e-07,2.728999112455358e-10,5.430787407739534e-07,4.264715344828821e-13,2.7290005075506424e-10,3.983554474980685e-06,2.7290005655276044e-10,2.9249496925535207e-16,5.430782783125999e-07,2.7854184018937503e-16,5.430782783125994e-07,2.7290042177060297e-10,2.9178406939109923e-13,2.7290002938518947e-10,5.430782783125994e-07,5.430784432425437e-07,5.430782783126001e-07,9.692618589248819e-13,3.7387275860668916e-16,1.4453029782877876e-16,5.430782783125994e-07,2.345917054177975e-16,1.6906669045746885e-16,5.430783691547928e-07,2.7289992751570154e-10,1.563253055544118e-16,5.430782783125996e-07,5.430782783125994e-07,5.430782783126002e-07,7.218091060922551e-16,2.7290017979281094e-10
1.0000043008633166,1.738447308392738e-06,5.789443246092162e-07,1.000001751528183,4.897678167148807e-10,0.9999998588905222,0.9999998964910093,0.9999998588905222,0.9999998588905222,4.5246816484877565e-10,9.831646305851915e-07,4.295813361089927e-10,0.9999999192262136,4.918097075295225e-10,0.9999998951342473,1.7785817851583275e-06,0.9999999652917572,8.741452298404692e-07,0.9999998588905223,1.0000019157458981,0.9999998588905223,1.0000020081637007,1.0000017413921605,0.9999998588905215,5.78944325351698e-07,1.0000012779542233,1.0000001714237159,0.9999998951342494,1.000000729571935,7.937907562622186e-07,1.0000004191392635,2.7290005655276044e-10,1.0000044225902176,5.537579627170792e-10,0.9999998588905215,5.214187233870928e-10,0.9999998588905212,1.0000018095677567,2.7290005644176696e-10,1.000000336617767,0.9999998588905211,1.000000171423717,0.9999998588905226,1.800786880611624e-06,6.906143955394445e-10,5.371379031284458e-07,0.9999998588905211,8.74145229337558e-07,6.290677103286492e-07,1.0000000335381807,0.999999955074303,5.816499283464176e-07,0.9999998588905222,0.9999998588905215,0.9999998588905212,1.303308526752355e-09,1.0000009026904892
