0.9999999987668025,2.4574358072380573e-06,0.9999887654028079,0.9999887654028052,2.4644969029526396e-06,2.457435798737461e-06,2.464496904442801e-06,0.9999887654028082,0.9999887654028051,2.4849150251152586e-06,2.459931919820289e-06,0.9999887398520851,0.9999887398520811,2.4574357972612585e-06,0.9999887654028083,0.9999887654028058,2.4644969044447517e-06,0.9999887349650198,2.461468289803089e-06,0.9999887654028051,0.9999887654028075,0.9999887654028068,0.9999887379813088,2.4614682898067295e-06,0.9999887654028048,2.461468289495275e-06,2.4832804852569735e-06,2.4574357972763764e-06,2.4574357972848882e-06,0.9999887654028055,2.5116075612978935e-06,0.9999888511136692,2.4574357972700355e-06,0.9999887654028076
2.4574358072380573e-06,4.0219400896719254e-06,1.5766888639793279e-10,1.57668886376346e-10,4.301749511057773e-17,8.293918150724276e-14,4.3013815498537115e-17,1.5766888633125562e-10,1.576688862899659e-10,4.559469343340354e-17,8.378278514397564e-14,1.57668881534004e-10,1.5766888153773047e-10,8.293918095545554e-14,1.5766888632615615e-10,1.5766888627688977e-10,4.299916352338876e-17,1.576688806536835e-10,4.251371951912123e-17,1.5766888633125562e-10,1.5766888633125562e-10,1.5766888638747247e-10,1.5766888139935882e-10,4.252476815584712e-17,1.576688862899659e-10,4.24992768714606e-17,4.53951038889744e-17,8.293918146654559e-14,8.293918135055921e-14,1.5766888632615615e-10,4.9158020773462044e-17,3.1262854660575935e-07,8.29391808975497e-14,1.57668886266051e-10
0.9999887654028079,1.5766888639793279e-10,0.999987304075083,0.9999832821356546,1.6123002038744437e-10,1.5766888361551499e-10,1.6123002046204017e-10,0.9999832821356529,0.9999832821356527,1.7152751125532167e-10,1.5892775651137845e-10,0.9999832565849921,0.9999832565849928,1.576688830061466e-10,0.9999832821356524,0.9999832821356539,1.6123002047516641e-10,0.9999832516979421,1.597025962096131e-10,0.999983282135654,0.9999832821356524,0.9999832821356529,0.999983254714223,1.597025964828082e-10,0.9999832821356536,1.5970259632935995e-10,1.707031598270052e-10,1.5766888359880454e-10,1.5766888336853364e-10,0.999983282135654,1.849893814660468e-10,0.9999833678463003,1.576688829926661e-10,0.9999832821356527
0.9999887654028052,1.57668886376346e-10,0.9999832821356546,0.9999873040750826,1.6123002049804222e-10,1.576688836210217e-10,1.6123002044923334e-10,0.9999832821356532,0.9999832821356537,1.7152751134120098e-10,1.5892775650206465e-10,0.9999832565849941,0.9999832565849948,1.576688830150982e-10,0.9999832821356536,0.9999832821356539,1.6123002044217695e-10,0.9999832516979431,1.5970259626981127e-10,0.9999832821356537,0.9999832821356536,0.9999832821356536,0.9999832547142239,1.5970259640307558e-10,0.9999832821356537,1.5970259630740922e-10,1.7070315989817081e-10,1.5766888353894849e-10,1.576688833963356e-10,0.9999832821356546,1.8498938149028657e-10,0.9999833678463007,1.576688829992126e-10,0.9999832821356537
2.4644969029526396e-06,4.301749511057773e-17,1.6123002038744437e-10,1.6123002049804222e-10,4.021940091814426e-06,4.30395646709174e-17,8.774655556735617e-14,1.6123002041512877e-10,1.6123002045608173e-10,4.7042060496316216e-17,4.352388611429382e-17,1.6123001612206917e-10,1.6123001600792874e-10,4.301749511057773e-17,1.612300204481853e-10,1.6123002045608173e-10,8.774655565207616e-14,1.612300147135284e-10,4.357078450296207e-17,1.6123002041148987e-10,1.6123002045608173e-10,1.6123002047109102e-10,1.6123001530813303e-10,4.36092418631277e-17,1.612300204481853e-10,4.370851959348498e-17,4.683658398283727e-17,4.3097614628730385e-17,4.301389746129786e-17,1.6123002047109102e-10,1.0053565335692236e-13,3.196896241668123e-07,4.290718384364451e-17,1.6123002047109102e-10
2.457435798737461e-06,8.293918150724276e-14,1.5766888361551499e-10,1.576688836210217e-10,4.30395646709174e-17,4.0219400896719254e-06,4.30177224412362e-17,1.5766888349866024e-10,1.5766888351033013e-10,4.556104072585055e-17,8.378278337304004e-14,1.5766887889314322e-10,1.576688788204403e-10,8.293917916819598e-14,1.5766888371466272e-10,1.5766888371466272e-10,4.3094186162340475e-17,1.5766887797555815e-10,4.246167373051721e-17,1.5766888368392417e-10,1.5766888371466272e-10,1.576688836137962e-10,1.5766887859018643e-10,4.2521244407173263e-17,1.576688837138009e-10,4.251371951912123e-17,4.545139582536405e-17,8.293917967928621e-14,8.293917956330008e-14,1.5766888368392417e-10,4.9306812837437275e-17,3.126285412852229e-07,8.293917911029025e-14,1.5766888356313814e-10
2.464496904442801e-06,4.3013815498537115e-17,1.6123002046204017e-10,1.6123002044923334e-10,8.774655556735617e-14,4.30177224412362e-17,4.021940091814426e-06,1.612300203942744e-10,1.6123002034288945e-10,4.70770021553719e-17,4.3446637414265115e-17,1.6123001588482935e-10,1.6123001588830415e-10,4.299856118121092e-17,1.6123002047221676e-10,1.6123002044923334e-10,8.774655556366163e-14,1.612300147113812e-10,4.370780499133526e-17,1.612300204003039e-10,1.6123002047221676e-10,1.6123002036375278e-10,1.6123001520108439e-10,4.370851959348498e-17,1.612300203834386e-10,4.370780499133526e-17,4.661665112049792e-17,4.3095058632480275e-17,4.302556638866364e-17,1.6123002036375278e-10,1.0053565325625428e-13,3.196896241280148e-07,4.301389746129786e-17,1.6123002045219463e-10
0.9999887654028082,1.5766888633125562e-10,0.9999832821356529,0.9999832821356532,1.6123002041512877e-10,1.5766888349866024e-10,1.612300203942744e-10,0.9999873040750795,0.9999832821356524,1.7152751125929945e-10,1.5892775650119727e-10,0.9999832565849924,0.9999832565849927,1.576688830149401e-10,0.9999832821356516,0.9999832821356529,1.6123002041421825e-10,0.9999832516979414,1.5970259621309077e-10,0.9999832821356546,0.999983282135651,0.999983282135651,0.9999832547142224,1.597025963706578e-10,0.9999832821356524,1.5970259629818445e-10,1.7070315989870525e-10,1.5766888359880454e-10,1.5766888341151958e-10,0.9999832821356543,1.849893814660468e-10,0.9999833678462996,1.5766888310133308e-10,0.9999832821356516
0.9999887654028051,1.576688862899659e-10,0.9999832821356527,0.9999832821356537,1.6123002045608173e-10,1.5766888351033013e-10,1.6123002034288945e-10,0.9999832821356524,0.9999873040750832,1.7152751127031985e-10,1.5892775650119727e-10,0.9999832565849931,0.9999832565849934,1.5766888300222552e-10,0.9999832821356527,0.9999832821356529,1.6123002044270206e-10,0.9999832516979419,1.5970259626981127e-10,0.9999832821356529,0.999983282135652,0.9999832821356522,0.9999832547142223,1.5970259640265728e-10,0.9999832821356532,1.5970259632935995e-10,1.707031598270052e-10,1.576688835094475e-10,1.5766888339106087e-10,0.9999832821356527,1.8498938150983778e-10,0.9999833678462997,1.5766888298754495e-10,0.9999832821356536
2.4849150251152586e-06,4.559469343340354e-17,1.7152751125532167e-10,1.7152751134120098e-10,4.7042060496316216e-17,4.556104072585055e-17,4.70770021553719e-17,1.7152751125929945e-10,1.7152751127031985e-10,4.021940104117672e-06,9.151838735587424e-14,1.7152750606560142e-10,1.7152750606560142e-10,4.559469343340354e-17,1.7152751134120098e-10,1.7152751129462523e-10,4.70770021553719e-17,3.4010761741166424e-07,9.207912935519003e-14,1.7152751135418022e-10,1.7152751134120098e-10,1.7152751125532167e-10,1.7152750589056992e-10,9.207912943780191e-14,1.7152751134120098e-10,9.207912928895492e-14,9.835962933742602e-14,4.580927122068384e-17,4.580927122068384e-17,1.715275112459861e-10,5.3886949949122736e-17,3.4010766381687814e-07,4.556104072585055e-17,1.7152751136039186e-10
2.459931919820289e-06,8.378278514397564e-14,1.5892775651137845e-10,1.5892775650206465e-10,4.352388611429382e-17,8.378278337304004e-14,4.3446637414265115e-17,1.5892775650119727e-10,1.5892775650119727e-10,9.151838735587424e-14,4.021940089301474e-06,1.5892775160809466e-10,1.589277517654372e-10,8.378278281996798e-14,1.589277564098323e-10,1.589277565037849e-10,4.3446981805797205e-17,1.589277509065852e-10,4.2908429288865895e-17,1.589277565037849e-10,1.589277565037849e-10,1.589277565459623e-10,1.589277513540132e-10,4.2903639349830317e-17,1.5892775651792274e-10,4.2921273622907484e-17,4.5828738004332615e-17,8.378278333194082e-14,8.378278321552275e-14,1.5892775648891408e-10,4.991177526166722e-17,3.151246559839896e-07,8.378278276244031e-14,1.5892775651137845e-10
0.9999887398520851,1.57668881534004e-10,0.9999832565849921,0.9999832565849941,1.6123001612206917e-10,1.5766887889314322e-10,1.6123001588482935e-10,0.9999832565849924,0.9999832565849931,1.7152750606560142e-10,1.5892775160809466e-10,0.9999872529737526,0.9999832310343348,1.5766887829558733e-10,0.9999832565849928,0.9999832565849942,1.6123001588424616e-10,0.9999832261472836,1.5970259145197782e-10,0.9999832565849938,0.9999832565849933,0.999983256584993,0.9999832291635631,1.5970259161899053e-10,0.9999832565849934,1.5970259153185876e-10,1.707031547847177e-10,1.57668878779623e-10,1.5766887873367508e-10,0.9999832565849931,3.668000408477513e-07,0.9999833422956393,1.5766887821183586e-10,0.999983256584993
0.9999887398520811,1.5766888153773047e-10,0.9999832565849928,0.9999832565849948,1.6123001600792874e-10,1.576688788204403e-10,1.6123001588830415e-10,0.9999832565849927,0.9999832565849934,1.7152750606560142e-10,1.589277517654372e-10,0.9999832310343348,0.9999872529737538,1.576688782833795e-10,0.999983256584994,0.9999832565849927,1.612300158793281e-10,0.9999832261472825,1.5970259141912903e-10,0.9999832565849944,0.9999832565849941,0.9999832565849941,0.9999832291635635,1.5970259156595057e-10,0.9999832565849938,1.5970259153185876e-10,1.707031547847177e-10,1.5766887879251479e-10,1.5766887865099835e-10,0.9999832565849941,3.668000408477513e-07,0.9999833422956397,1.5766887824057736e-10,0.9999832565849934
2.4574357972612585e-06,8.293918095545554e-14,1.576688830061466e-10,1.576688830150982e-10,4.301749511057773e-17,8.293917916819598e-14,4.299856118121092e-17,1.576688830149401e-10,1.5766888300222552e-10,4.559469343340354e-17,8.378278281996798e-14,1.5766887829558733e-10,1.576688782833795e-10,4.0219400896719254e-06,1.576688830150982e-10,1.5766888300222552e-10,4.301764046449506e-17,1.5766887739459248e-10,4.2535395403932597e-17,1.5766888294481355e-10,1.5766888306630956e-10,1.576688831085647e-10,1.5766887795130814e-10,4.2544332901098096e-17,1.5766888305196653e-10,4.256620115655135e-17,4.547696986757179e-17,8.293917912749862e-14,8.293917901151202e-14,1.5766888311655121e-10,4.9409964843247925e-17,3.126285401022347e-07,8.293917855850235e-14,1.5766888291711998e-10
0.9999887654028083,1.5766888632615615e-10,0.9999832821356524,0.9999832821356536,1.612300204481853e-10,1.5766888371466272e-10,1.6123002047221676e-10,0.9999832821356516,0.9999832821356527,1.7152751134120098e-10,1.589277564098323e-10,0.9999832565849928,0.999983256584994,1.576688830150982e-10,0.9999873040750769,0.9999832821356524,1.6123002045065124e-10,0.9999832516979418,1.5970259619611827e-10,0.9999832821356537,0.9999832821356516,0.9999832821356519,0.9999832547142217,1.5970259640116013e-10,0.9999832821356517,1.5970259630498152e-10,1.7070315987929473e-10,1.5766888359880454e-10,1.576688833803571e-10,0.9999832821356527,1.849893814024034e-10,0.999983367846299,1.5766888300327958e-10,0.9999832821356519
0.9999887654028058,1.5766888627688977e-10,0.9999832821356539,0.9999832821356539,1.6123002045608173e-10,1.5766888371466272e-10,1.6123002044923334e-10,0.9999832821356529,0.9999832821356529,1.7152751129462523e-10,1.589277565037849e-10,0.9999832565849942,0.9999832565849927,1.5766888300222552e-10,0.9999832821356524,0.9999873040750811,1.6123002046347721e-10,0.9999832516979422,1.597025962550947e-10,0.9999832821356543,0.9999832821356529,0.9999832821356529,0.9999832547142228,1.5970259632025505e-10,0.9999832821356534,1.5970259624489957e-10,1.7070315980211152e-10,1.5766888351377384e-10,1.576688833942591e-10,0.9999832821356532,1.849893814024034e-10,0.9999833678462997,1.5766888304521805e-10,0.9999832821356516
2.4644969044447517e-06,4.299916352338876e-17,1.6123002047516641e-10,1.6123002044217695e-10,8.774655565207616e-14,4.3094186162340475e-17,8.774655556366163e-14,1.6123002041421825e-10,1.6123002044270206e-10,4.70770021553719e-17,4.3446981805797205e-17,1.6123001588424616e-10,1.612300158793281e-10,4.301764046449506e-17,1.6123002045065124e-10,1.6123002046347721e-10,4.021940091814426e-06,1.6123001472860084e-10,4.357078450296207e-17,1.6123002044270206e-10,1.6123002044270206e-10,1.6123002044270206e-10,1.6123001523187055e-10,4.361816467751901e-17,1.612300204503464e-10,4.3465908257026803e-17,4.6531731951579656e-17,4.3095058632480275e-17,4.301604009244689e-17,1.6123002047676031e-10,1.0053565335297435e-13,3.1968962423149017e-07,4.301749511057773e-17,1.612300204972452e-10
0.9999887349650198,1.576688806536835e-10,0.9999832516979421,0.9999832516979431,1.612300147135284e-10,1.5766887797555815e-10,1.612300147113812e-10,0.9999832516979414,0.9999832516979419,3.4010761741166424e-07,1.589277509065852e-10,0.9999832261472836,0.9999832261472825,1.5766887739459248e-10,0.9999832516979418,0.9999832516979422,1.6123001472860084e-10,0.9999872431996513,1.5970259060707582e-10,0.9999832516979438,0.9999832516979422,0.9999832516979414,0.9999832242765129,1.5970259069629914e-10,0.9999832516979428,1.597025905809923e-10,1.7070315385166735e-10,1.5766887786125893e-10,1.57668877732604e-10,0.9999832516979419,1.8498937489570951e-10,0.999983337408587,1.576688773827053e-10,0.9999832516979421
2.461468289803089e-06,4.251371951912123e-17,1.597025962096131e-10,1.5970259626981127e-10,4.357078450296207e-17,4.246167373051721e-17,4.370780499133526e-17,1.5970259621309077e-10,1.5970259626981127e-10,9.207912935519003e-14,4.2908429288865895e-17,1.5970259145197782e-10,1.5970259141912903e-10,4.2535395403932597e-17,1.5970259619611827e-10,1.597025962550947e-10,4.357078450296207e-17,1.5970259060707582e-10,4.0219400919062095e-06,1.5970259626981127e-10,1.597025962858308e-10,1.5970259621990992e-10,1.5970259090801194e-10,8.56745384013495e-14,1.5970259626981127e-10,8.567453826165746e-14,9.151793970179456e-14,4.2544332901098096e-17,4.251719730942268e-17,1.597025962550947e-10,5.0159053470761256e-17,3.1666102137220325e-07,4.24992768714606e-17,1.597025962858308e-10
0.9999887654028051,1.5766888633125562e-10,0.999983282135654,0.9999832821356537,1.6123002041148987e-10,1.5766888368392417e-10,1.612300204003039e-10,0.9999832821356546,0.9999832821356529,1.7152751135418022e-10,1.589277565037849e-10,0.9999832565849938,0.9999832565849944,1.5766888294481355e-10,0.9999832821356537,0.9999832821356543,1.6123002044270206e-10,0.9999832516979438,1.5970259626981127e-10,0.9999873040750807,0.9999832821356548,0.9999832821356537,0.9999832547142239,1.5970259644242226e-10,0.9999832821356543,1.5970259630498152e-10,1.707031600140215e-10,1.5766888351377384e-10,1.576688833966864e-10,0.9999832821356537,1.849893814631543e-10,0.9999833678463007,1.5766888296913563e-10,0.9999832821356546
0.9999887654028075,1.5766888633125562e-10,0.9999832821356524,0.9999832821356536,1.6123002045608173e-10,1.5766888371466272e-10,1.6123002047221676e-10,0.999983282135651,0.999983282135652,1.7152751134120098e-10,1.589277565037849e-10,0.9999832565849933,0.9999832565849941,1.5766888306630956e-10,0.9999832821356516,0.9999832821356529,1.6123002044270206e-10,0.9999832516979422,1.597025962858308e-10,0.9999832821356548,0.9999873040750784,0.9999832821356516,0.9999832547142228,1.597025964519921e-10,0.9999832821356529,1.597025963466373e-10,1.7070315981819015e-10,1.5766888351377384e-10,1.5766888339106087e-10,0.9999832821356536,1.8498938144697873e-10,0.9999833678463003,1.5766888289673882e-10,0.9999832821356536
0.9999887654028068,1.5766888638747247e-10,0.9999832821356529,0.9999832821356536,1.6123002047109102e-10,1.576688836137962e-10,1.6123002036375278e-10,0.999983282135651,0.9999832821356522,1.7152751125532167e-10,1.589277565459623e-10,0.999983256584993,0.9999832565849941,1.576688831085647e-10,0.9999832821356519,0.9999832821356529,1.6123002044270206e-10,0.9999832516979414,1.5970259621990992e-10,0.9999832821356537,0.9999832821356516,0.9999873040750784,0.9999832547142227,1.5970259641381476e-10,0.9999832821356527,1.597025963363024e-10,1.707031598728673e-10,1.5766888359880454e-10,1.576688833942591e-10,0.999983282135654,1.849893815210318e-10,0.9999833678462999,1.5766888310133308e-10,0.9999832821356527
0.9999887379813088,1.5766888139935882e-10,0.999983254714223,0.9999832547142239,1.6123001530813303e-10,1.5766887859018643e-10,1.6123001520108439e-10,0.9999832547142224,0.9999832547142223,1.7152750589056992e-10,1.589277513540132e-10,0.9999832291635631,0.9999832291635635,1.5766887795130814e-10,0.9999832547142217,0.9999832547142228,1.6123001523187055e-10,0.9999832242765129,1.5970259090801194e-10,0.9999832547142239,0.9999832547142228,0.9999832547142227,0.9999872492322138,1.5970259102872147e-10,0.9999832547142234,1.5970259113144668e-10,3.3847308084277183e-07,1.5766887841487804e-10,1.5766887838141272e-10,0.9999832547142231,1.8498937560815255e-10,0.9999833404248684,1.576688779097534e-10,0.9999832547142221
2.4614682898067295e-06,4.252476815584712e-17,1.597025964828082e-10,1.5970259640307558e-10,4.36092418631277e-17,4.2521244407173263e-17,4.370851959348498e-17,1.597025963706578e-10,1.5970259640265728e-10,9.207912943780191e-14,4.2903639349830317e-17,1.5970259161899053e-10,1.5970259156595057e-10,4.2544332901098096e-17,1.5970259640116013e-10,1.5970259632025505e-10,4.361816467751901e-17,1.5970259069629914e-10,8.56745384013495e-14,1.5970259644242226e-10,1.597025964519921e-10,1.5970259641381476e-10,1.5970259102872147e-10,4.0219400919062095e-06,1.5970259644242226e-10,8.567453833909063e-14,9.15179397850624e-14,4.2545842297936156e-17,4.2468591070960644e-17,1.5970259632025505e-10,5.003645060857345e-17,3.1666102164521917e-07,4.24992768714606e-17,1.5970259645706141e-10
0.9999887654028048,1.576688862899659e-10,0.9999832821356536,0.9999832821356537,1.612300204481853e-10,1.576688837138009e-10,1.612300203834386e-10,0.9999832821356524,0.9999832821356532,1.7152751134120098e-10,1.5892775651792274e-10,0.9999832565849934,0.9999832565849938,1.5766888305196653e-10,0.9999832821356517,0.9999832821356534,1.612300204503464e-10,0.9999832516979428,1.5970259626981127e-10,0.9999832821356543,0.9999832821356529,0.9999832821356527,0.9999832547142234,1.5970259644242226e-10,0.9999873040750823,1.5970259628555081e-10,1.707031598270052e-10,1.5766888351377384e-10,1.5766888341151958e-10,0.9999832821356532,1.8498938144697873e-10,0.9999833678463006,1.5766888296913563e-10,0.9999832821356537
2.461468289495275e-06,4.24992768714606e-17,1.5970259632935995e-10,1.5970259630740922e-10,4.370851959348498e-17,4.251371951912123e-17,4.370780499133526e-17,1.5970259629818445e-10,1.5970259632935995e-10,9.207912928895492e-14,4.2921273622907484e-17,1.5970259153185876e-10,1.5970259153185876e-10,4.256620115655135e-17,1.5970259630498152e-10,1.5970259624489957e-10,4.3465908257026803e-17,1.597025905809923e-10,8.567453826165746e-14,1.5970259630498152e-10,1.597025963466373e-10,1.597025963363024e-10,1.5970259113144668e-10,8.567453833909063e-14,1.5970259628555081e-10,4.0219400919062095e-06,9.151793963464942e-14,4.2544332901098096e-17,4.250275123848663e-17,1.5970259634699973e-10,4.999326479223574e-17,3.1666102147848963e-07,4.252385260402453e-17,1.5970259634699973e-10
2.4832804852569735e-06,4.53951038889744e-17,1.707031598270052e-10,1.7070315989817081e-10,4.683658398283727e-17,4.545139582536405e-17,4.661665112049792e-17,1.7070315989870525e-10,1.707031598270052e-10,9.835962933742602e-14,4.5828738004332615e-17,1.707031547847177e-10,1.707031547847177e-10,4.547696986757179e-17,1.7070315987929473e-10,1.7070315980211152e-10,4.6531731951579656e-17,1.7070315385166735e-10,9.151793970179456e-14,1.707031600140215e-10,1.7070315981819015e-10,1.707031598728673e-10,3.3847308084277183e-07,9.15179397850624e-14,1.707031598270052e-10,9.151793963464942e-14,4.0219401041115375e-06,4.549355272203327e-17,4.547049671169181e-17,1.707031599060389e-10,5.3490240980848006e-17,3.384731258851297e-07,4.545105917819339e-17,1.7070315980211152e-10
2.4574357972763764e-06,8.293918146654559e-14,1.5766888359880454e-10,1.5766888353894849e-10,4.3097614628730385e-17,8.293917967928621e-14,4.3095058632480275e-17,1.5766888359880454e-10,1.576688835094475e-10,4.580927122068384e-17,8.378278333194082e-14,1.57668878779623e-10,1.5766887879251479e-10,8.293917912749862e-14,1.5766888359880454e-10,1.5766888351377384e-10,4.3095058632480275e-17,1.5766887786125893e-10,4.2544332901098096e-17,1.5766888351377384e-10,1.5766888351377384e-10,1.5766888359880454e-10,1.5766887841487804e-10,4.2545842297936156e-17,1.5766888351377384e-10,4.2544332901098096e-17,4.549355272203327e-17,4.0219400896719254e-06,8.293917952260303e-14,1.5766888357686332e-10,4.9208493639613396e-17,3.1262854106677845e-07,8.293917906959315e-14,1.5766888359936633e-10
2.4574357972848882e-06,8.293918135055921e-14,1.5766888336853364e-10,1.576688833963356e-10,4.301389746129786e-17,8.293917956330008e-14,4.302556638866364e-17,1.5766888341151958e-10,1.5766888339106087e-10,4.580927122068384e-17,8.378278321552275e-14,1.5766887873367508e-10,1.5766887865099835e-10,8.293917901151202e-14,1.576688833803571e-10,1.576688833942591e-10,4.301604009244689e-17,1.57668877732604e-10,4.251719730942268e-17,1.576688833966864e-10,1.5766888339106087e-10,1.576688833942591e-10,1.5766887838141272e-10,4.2468591070960644e-17,1.5766888341151958e-10,4.250275123848663e-17,4.547049671169181e-17,8.293917952260303e-14,4.0219400896719254e-06,1.5766888348509458e-10,4.9352957557751053e-17,3.126285409306806e-07,8.293917895360685e-14,1.576688833966864e-10
0.9999887654028055,1.5766888632615615e-10,0.999983282135654,0.9999832821356546,1.6123002047109102e-10,1.5766888368392417e-10,1.6123002036375278e-10,0.9999832821356543,0.9999832821356527,1.715275112459861e-10,1.5892775648891408e-10,0.9999832565849931,0.9999832565849941,1.5766888311655121e-10,0.9999832821356527,0.9999832821356532,1.6123002047676031e-10,0.9999832516979419,1.597025962550947e-10,0.9999832821356537,0.9999832821356536,0.999983282135654,0.9999832547142231,1.5970259632025505e-10,0.9999832821356532,1.5970259634699973e-10,1.707031599060389e-10,1.5766888357686332e-10,1.5766888348509458e-10,0.9999873040750823,1.8498938145542277e-10,0.9999833678463007,1.5766888299943384e-10,0.9999832821356536
2.5116075612978935e-06,4.9158020773462044e-17,1.849893814660468e-10,1.8498938149028657e-10,1.0053565335692236e-13,4.9306812837437275e-17,1.0053565325625428e-13,1.849893814660468e-10,1.8498938150983778e-10,5.3886949949122736e-17,4.991177526166722e-17,3.668000408477513e-07,3.668000408477513e-07,4.9409964843247925e-17,1.849893814024034e-10,1.849893814024034e-10,1.0053565335297435e-13,1.8498937489570951e-10,5.0159053470761256e-17,1.849893814631543e-10,1.8498938144697873e-10,1.849893815210318e-10,1.8498937560815255e-10,5.003645060857345e-17,1.8498938144697873e-10,4.999326479223574e-17,5.3490240980848006e-17,4.9208493639613396e-17,4.9352957557751053e-17,1.8498938145542277e-10,4.0219401157157525e-06,3.6680008881473074e-07,4.938185469583403e-17,1.8498938140397588e-10
0.9999888511136692,3.1262854660575935e-07,0.9999833678463003,0.9999833678463007,3.196896241668123e-07,3.126285412852229e-07,3.196896241280148e-07,0.9999833678462996,0.9999833678462997,3.4010766381687814e-07,3.151246559839896e-07,0.9999833422956393,0.9999833422956397,3.126285401022347e-07,0.999983367846299,0.9999833678462997,3.1968962423149017e-07,0.999983337408587,3.1666102137220325e-07,0.9999833678463007,0.9999833678463003,0.9999833678462999,0.9999833404248684,3.1666102164521917e-07,0.9999833678463006,3.1666102147848963e-07,3.384731258851297e-07,3.1262854106677845e-07,3.126285409306806e-07,0.9999833678463007,3.6680008881473074e-07,0.999987475496408,3.1262854001927377e-07,0.9999833678463003
2.4574357972700355e-06,8.29391808975497e-14,1.576688829926661e-10,1.576688829992126e-10,4.290718384364451e-17,8.293917911029025e-14,4.301389746129786e-17,1.5766888310133308e-10,1.5766888298754495e-10,4.556104072585055e-17,8.378278276244031e-14,1.5766887821183586e-10,1.5766887824057736e-10,8.293917855850235e-14,1.5766888300327958e-10,1.5766888304521805e-10,4.301749511057773e-17,1.576688773827053e-10,4.24992768714606e-17,1.5766888296913563e-10,1.5766888289673882e-10,1.5766888310133308e-10,1.576688779097534e-10,4.24992768714606e-17,1.5766888296913563e-10,4.252385260402453e-17,4.545105917819339e-17,8.293917906959315e-14,8.293917895360685e-14,1.5766888299943384e-10,4.938185469583403e-17,3.1262854001927377e-07,4.021940089745883e-06,1.5766888304521805e-10
0.9999887654028076,1.57668886266051e-10,0.9999832821356527,0.9999832821356537,1.6123002047109102e-10,1.5766888356313814e-10,1.6123002045219463e-10,0.9999832821356516,0.9999832821356536,1.7152751136039186e-10,1.5892775651137845e-10,0.999983256584993,0.9999832565849934,1.5766888291711998e-10,0.9999832821356519,0.9999832821356516,1.612300204972452e-10,0.9999832516979421,1.597025962858308e-10,0.9999832821356546,0.9999832821356536,0.9999832821356527,0.9999832547142221,1.5970259645706141e-10,0.9999832821356537,1.5970259634699973e-10,1.7070315980211152e-10,1.5766888359936633e-10,1.576688833966864e-10,0.9999832821356536,1.8498938140397588e-10,0.9999833678463003,1.5766888304521805e-10,0.9999873040750787
