1.000000008779532,4.6547690326805675e-06,1.0000071664213523,4.630681703165721e-06,1.0000071499448964,1.0000071499448915,1.000007165372476,4.631168267341509e-06,1.0000071541444862,1.000007149944894,1.0000071499448964,1.0000071499448946,1.0000071499448966,4.631719695892048e-06,4.631168267192051e-06,4.631509389159077e-06,4.630721487777871e-06,4.64250034433761e-06,4.631715984147626e-06,4.665090428801289e-06,1.0000069758219328,4.631168266297054e-06,4.631418492555155e-06,1.0000071499448964,1.0000071499448964,4.631168266297442e-06,4.631418490934913e-06,1.0000071499448908,1.0000071499448941,4.6650924937196055e-06,4.631715984128878e-06,1.0000071653724725,1.0000071499448937,1.000007149944894,1.000007149944894,1.0000071499448933,4.6316657705153376e-06,4.631418490669213e-06,4.6311682662972e-06,4.631168262070678e-06,4.631715985861092e-06,4.6314184904644e-06,1.000007149944894,4.631418491831078e-06,4.630721486186582e-06,4.6317159841476264e-06,1.0000071499448948,1.0000071499448928,1.0000071499448961,1.0000071499448957,4.631168261772743e-06,1.0000071499448946,4.642233907346526e-06,1.0000071499448964,4.6311682662972e-06,4.63171598412898e-06,4.630721486186728e-06,4.642233909194881e-06,4.631418490646489e-06,1.0000071499448933,1.0000071499448924,1.0000071641563377,4.631418490722529e-06,1.000007149944897,4.631168264706093e-06,4.631168266467333e-06,4.631418491850889e-06,4.629452559774941e-06,4.631168266297444e-06
4.6547690326805675e-06,3.396351278925548e-06,1.617588714515989e-10,9.598607546488557e-14,1.6175886880555533e-10,1.6175886882950523e-10,3.222088614509743e-07,4.828038709539539e-17,1.617588694395191e-10,1.6175886880582445e-10,1.6175886881941694e-10,1.6175886883790184e-10,1.617588687799918e-10,9.633572944311932e-14,4.8287217486563936e-17,9.626469821792064e-14,9.599935133958983e-14,4.986269438478845e-17,9.63346125327745e-14,1.0704295446302334e-13,3.222088013515983e-07,4.828038709539539e-17,4.8357149214719075e-17,1.6175886881941694e-10,1.6175886881951222e-10,4.837229581786809e-17,4.8357149214719075e-17,1.6175886882075496e-10,1.617588687799918e-10,1.0704361812062925e-13,9.633461253742739e-14,3.222088614509737e-07,1.6175886881951222e-10,1.6175886883687567e-10,1.6175886883790184e-10,1.617588688082144e-10,9.631767391803748e-14,4.838458984089175e-17,4.819633693606156e-17,4.845116921468785e-17,9.633461254393591e-14,4.833367787346192e-17,1.6175886883687567e-10,4.838458984089175e-17,9.599935130895724e-14,9.633461263301906e-14,1.6175886879502276e-10,1.6175886880555533e-10,1.6175886881951222e-10,1.6175886882075496e-10,4.8287217486563936e-17,1.6175886882950523e-10,5.009234634459912e-17,1.6175886883790184e-10,4.828038709539539e-17,9.633461256259278e-14,9.599935126234612e-14,5.009345332988475e-17,4.8357149214719075e-17,1.6175886881941694e-10,1.6175886880555533e-10,1.6175887102525625e-10,4.836108875180504e-17,1.6175886883790184e-10,4.828038709539539e-17,4.82503363239115e-17,4.838458984089175e-17,9.557137083109258e-14,4.82503363239115e-17
1.0000071664213523,1.617588714515989e-10,1.000008757072574,1.4966625057280953e-10,1.0000053442454435,1.0000053442454415,1.000005359673049,1.4991052061625025e-10,1.0000053484450424,1.0000053442454424,1.0000053442454435,1.0000053442454426,1.0000053442454435,1.5018735771065909e-10,1.4991052030768042e-10,1.5008177685726717e-10,1.496862234220197e-10,1.5559959070610326e-10,1.50185497188901e-10,3.325302703932116e-07,1.0000051701221946,1.499105202894389e-10,1.5003614248437713e-10,1.0000053442454433,1.0000053442454433,1.4991051982482366e-10,1.5003614256090705e-10,1.0000053442454404,1.0000053442454422,1.6694157917176965e-10,1.5018549722416388e-10,1.0000053596730474,1.0000053442454417,1.0000053442454422,1.0000053442454422,1.0000053442454422,1.501602851192645e-10,1.500361424998135e-10,1.4991051979246004e-10,1.499105207020515e-10,1.5018549705686203e-10,1.5003614233100732e-10,1.0000053442454422,1.5003614289666757e-10,1.4968622330649058e-10,1.50185497214497e-10,1.0000053442454417,1.0000053442454422,1.0000053442454429,1.0000053442454426,1.4991052015965105e-10,1.0000053442454429,1.554658316636848e-10,1.000005344245442,1.4991052008111032e-10,1.501854970747087e-10,1.496862233435926e-10,1.554658315424062e-10,1.5003614242893967e-10,1.0000053442454422,1.0000053442454415,1.0000053584569093,1.5003614263929506e-10,1.0000053442454422,1.4991051995048566e-10,1.4991051955092602e-10,1.5003614285339173e-10,1.4904918128883935e-10,1.4991052045966948e-10
4.630681703165721e-06,9.598607546488557e-14,1.4966625057280953e-10,3.3963512661415564e-06,1.496662481186125e-10,1.4966624810606034e-10,1.496662503912778e-10,8.894710995528492e-14,1.4966624881423432e-10,1.4966624816076117e-10,1.496662481768102e-10,1.4966624816076117e-10,1.496662482190805e-10,8.911943929983492e-14,8.894710975267e-14,4.4444548476587955e-17,8.880717210430214e-14,4.627257448282905e-17,8.911841152535956e-14,9.902177988298069e-14,2.9812141222471235e-07,8.894710979671198e-14,4.474099340631034e-17,1.4966624809840098e-10,1.4966624815368426e-10,8.894710958887284e-14,4.4760021762991946e-17,1.496662481186125e-10,1.496662481186125e-10,9.902239362515564e-14,8.91184115292335e-14,1.496662504440732e-10,1.496662482190805e-10,1.4966624810606034e-10,1.4966624816453485e-10,1.4966624809296537e-10,8.910268597504516e-14,4.477204763424233e-17,8.894710956090724e-14,8.894710999762021e-14,8.911841153418861e-14,4.4685707924127455e-17,1.4966624816076117e-10,4.477204763424233e-17,8.880717207535022e-14,8.911841161714558e-14,1.4966624811672575e-10,1.4966624816453485e-10,1.4966624813945939e-10,1.4966624816076117e-10,8.894710969830738e-14,1.4966624816354588e-10,9.224312691039225e-14,1.4966624810606034e-10,8.894710972837669e-14,8.911841155135824e-14,8.880717203369357e-14,9.224312685288335e-14,4.481593391242152e-17,1.496662481186125e-10,1.4966624821386345e-10,1.4966625024538732e-10,4.481593391242152e-17,1.4966624810606034e-10,8.894710965923702e-14,8.894710938489331e-14,4.4760021762991946e-17,8.84098438175438e-14,8.894710993182237e-14
1.0000071499448964,1.6175886880555533e-10,1.0000053442454435,1.496662481186125e-10,1.0000087241196052,1.0000053277689567,1.0000053431965639,1.499105181733446e-10,1.0000053319685596,1.000005327768957,1.0000053277689582,1.000005327768957,1.0000053277689587,1.501873552141396e-10,1.4991051782932051e-10,1.5008177436303465e-10,1.4968622099686283e-10,1.5559958820468598e-10,1.501854946865497e-10,1.6694053702174638e-10,1.0000051536457133,1.4991051777675861e-10,1.5003614003619375e-10,1.000005327768959,1.0000053277689578,1.499105173969441e-10,1.5003614014236564e-10,1.0000053277689565,1.000005327768957,1.6694157641415527e-10,1.5018549472310288e-10,1.0000053431965632,1.0000053277689576,1.000005327768957,1.0000053277689578,1.0000053277689573,1.501602826389964e-10,1.500361399615953e-10,1.4991051736318056e-10,1.4991051819522254e-10,1.501854946506956e-10,1.5003613995538134e-10,1.0000053277689576,1.5003614037926702e-10,1.4968622089216353e-10,1.50185494789517e-10,1.0000053277689582,1.0000053277689578,1.000005327768959,1.0000053277689573,1.4991051772095598e-10,1.0000053277689573,1.5546582920426499e-10,1.0000053277689571,1.4991051769198085e-10,1.5018549468790888e-10,1.4968622092757957e-10,1.5546582912402237e-10,1.5003614006274966e-10,1.0000053277689587,1.0000053277689571,1.0000053419804251,1.5003614017022333e-10,1.0000053277689567,1.4991051750234093e-10,1.4991051706826381e-10,1.500361404744468e-10,1.49049178864641e-10,1.499105180053944e-10
1.0000071499448915,1.6175886882950523e-10,1.0000053442454415,1.4966624810606034e-10,1.0000053277689567,1.0000087241195974,1.0000053431965623,1.499105181455107e-10,1.000005331968557,1.000005327768956,1.0000053277689567,1.0000053277689547,1.0000053277689558,1.501873552049215e-10,1.4991051781240852e-10,1.5008177431258387e-10,1.496862209797587e-10,1.5559958812205216e-10,1.5018549468756023e-10,1.6694053712051436e-10,1.0000051536457109,1.4991051786655256e-10,1.5003613999707488e-10,1.0000053277689567,1.0000053277689562,1.499105173624725e-10,1.5003614019068734e-10,1.0000053277689538,1.0000053277689565,1.6694157645768467e-10,1.5018549468194168e-10,1.000005343196561,1.0000053277689558,1.000005327768956,1.0000053277689565,1.0000053277689553,1.5016028266026453e-10,1.5003613987725692e-10,1.4991051737478575e-10,1.49910518240266e-10,1.5018549465578527e-10,1.5003613992205798e-10,1.0000053277689565,1.5003614040288682e-10,1.4968622087578866e-10,1.5018549475870766e-10,1.0000053277689567,1.0000053277689553,1.000005327768956,1.0000053277689565,1.4991051769320774e-10,1.0000053277689558,1.5546582919174008e-10,1.0000053277689558,1.4991051766260653e-10,1.5018549466053727e-10,1.496862209241517e-10,1.5546582912732812e-10,1.5003614005479992e-10,1.000005327768957,1.0000053277689547,1.0000053419804231,1.5003614016984593e-10,1.000005327768955,1.499105175872086e-10,1.499105171364682e-10,1.5003614040398894e-10,1.4904917892474566e-10,1.4991051801648013e-10
1.000007165372476,3.222088614509743e-07,1.000005359673049,1.496662503912778e-10,1.0000053431965639,1.0000053431965623,1.0000087549748127,1.4991052040412797e-10,1.0000053473961623,1.0000053431965632,1.0000053431965639,1.0000053431965616,1.0000053431965632,1.5018735751275486e-10,1.499105201062506e-10,1.500817766550019e-10,1.4968622327731246e-10,1.5559959052504927e-10,1.5018549698270531e-10,3.325302700497426e-07,1.0000051690733152,1.4991052011793297e-10,1.5003614230984644e-10,1.0000053431965625,1.000005343196564,1.4991051969135512e-10,1.500361424117859e-10,1.0000053431965605,1.000005343196563,3.32532340493469e-07,1.501854969449655e-10,1.000005358624167,1.0000053431965628,1.000005343196563,1.0000053431965623,1.0000053431965628,1.5016028493127737e-10,1.5003614223336734e-10,1.499105195969112e-10,1.4991052045853102e-10,1.5018549695104205e-10,1.5003614215870046e-10,1.0000053431965625,1.5003614267269917e-10,1.4968622318025907e-10,1.5018549708982587e-10,1.0000053431965632,1.0000053431965628,1.0000053431965632,1.0000053431965639,1.4991052002299305e-10,1.0000053431965628,1.5546583151424434e-10,1.0000053431965623,1.4991052000184592e-10,1.5018549686457257e-10,1.4968622316744167e-10,1.5546583146378596e-10,1.5003614239781966e-10,1.000005343196563,1.000005343196562,1.0000053574080283,1.5003614245326924e-10,1.0000053431965623,1.499105197786601e-10,1.4991051942307034e-10,1.5003614267090638e-10,1.490491811075038e-10,1.4991052036379258e-10
4.631168267341509e-06,4.828038709539539e-17,1.4991052061625025e-10,8.894710995528492e-14,1.499105181733446e-10,1.499105181455107e-10,1.4991052040412797e-10,3.3963512690922816e-06,1.49910518793859e-10,1.4991051817939175e-10,1.4991051817279628e-10,1.4991051819603284e-10,1.499105181257009e-10,4.501665361456793e-17,8.909937099585924e-14,4.4796605242861636e-17,4.456673948145815e-17,4.6446602823906716e-17,4.47485387667834e-17,9.919231290064851e-14,2.9860797563654617e-07,8.909937104049294e-14,4.4618055844322835e-17,1.4991051816480545e-10,1.4991051815088488e-10,8.909937083366023e-14,4.478921086892584e-17,1.4991051810994702e-10,1.4991051810007102e-10,9.919292778666096e-14,4.4748538766783396e-17,1.499105204363517e-10,1.4991051817035664e-10,1.4991051817541412e-10,1.4991051817038825e-10,1.4991051818347115e-10,4.478257522594695e-17,4.466208799090103e-17,8.909937080572619e-14,8.909937124061535e-14,4.4771801083294623e-17,4.4645170983770965e-17,1.4991051817035664e-10,4.4645170983770965e-17,4.478855746226414e-17,4.4752676124282484e-17,1.4991051815022135e-10,1.4991051810007102e-10,1.4991051806844201e-10,1.499105181257009e-10,8.909937094145959e-14,1.4991051817035664e-10,9.240103562297092e-14,1.4991051812856336e-10,8.909937097246985e-14,4.4717980488547816e-17,4.4752277978665917e-17,9.240103556520805e-14,4.466208799090103e-17,1.4991051817038825e-10,1.4991051813029995e-10,1.4991052022412324e-10,4.4645170983770965e-17,1.4991051815557239e-10,8.909937090346089e-14,8.909937063051317e-14,4.4612207965838015e-17,8.856208518139527e-14,8.909937117535034e-14
1.0000071541444862,1.617588694395191e-10,1.0000053484450424,1.4966624881423432e-10,1.0000053319685596,1.000005331968557,1.0000053473961623,1.49910518793859e-10,1.0000087325188034,1.0000053319685593,1.0000053319685585,1.0000053319685567,1.0000053319685585,1.5018735588279502e-10,1.4991051847007056e-10,1.5008177495733073e-10,1.4968622160776704e-10,1.5559958880954159e-10,1.5018549527152226e-10,1.6694053779850442e-10,1.00000515784531,1.4991051849145445e-10,1.5003614060622465e-10,1.000005331968558,1.0000053319685596,1.499105180759183e-10,1.5003614077937278e-10,1.000005331968556,1.0000053319685591,1.6694157729218368e-10,1.5018549536536864e-10,1.000005347396161,1.000005331968558,1.000005331968558,1.000005331968558,1.000005331968557,1.501602832861691e-10,1.500361405549376e-10,1.4991051797775321e-10,1.4991051887158985e-10,1.501854952172625e-10,1.500361405109837e-10,1.000005331968558,1.5003614105433925e-10,1.4968622140202227e-10,1.5018549540089786e-10,1.0000053319685585,1.000005331968558,1.0000053319685582,1.0000053319685591,1.4991051837278906e-10,1.0000053319685587,3.096736988904328e-07,1.000005331968558,1.4991051827714072e-10,1.501854952498398e-10,1.496862215063271e-10,3.096736987292666e-07,1.5003614067793373e-10,1.0000053319685587,1.0000053319685576,1.0000053461800231,1.5003614079259976e-10,1.000005331968557,1.4991051815679511e-10,1.4991051770555498e-10,1.500361409457321e-10,1.4904917955545066e-10,1.499105187543241e-10
1.000007149944894,1.6175886880582445e-10,1.0000053442454424,1.4966624816076117e-10,1.000005327768957,1.000005327768956,1.0000053431965632,1.4991051817939175e-10,1.0000053319685593,1.000008724119601,1.0000053277689576,1.0000053277689558,1.0000053277689571,1.5018735520182254e-10,1.4991051782932051e-10,1.5008177432771145e-10,1.496862209806345e-10,1.5559958812654802e-10,1.501854946954279e-10,1.669405370445941e-10,1.0000051536457115,1.4991051784213158e-10,1.500361400193751e-10,1.0000053277689578,1.0000053277689578,1.4991051742923724e-10,1.5003614016342693e-10,1.0000053277689536,1.000005327768957,1.6694157648227282e-10,1.5018549468194168e-10,1.0000053431965608,1.0000053277689562,1.000005327768957,1.000005327768957,1.0000053277689562,1.5016028261927442e-10,1.500361399615953e-10,1.4991051734174854e-10,1.4991051826585363e-10,1.501854946506956e-10,1.5003613989581596e-10,1.000005327768957,1.500361403610455e-10,1.4968622087578866e-10,1.5018549474584805e-10,1.0000053277689567,1.0000053277689571,1.0000053277689578,1.0000053277689567,1.499105177501898e-10,1.000005327768957,1.5546582913008144e-10,1.000005327768956,1.4991051766260653e-10,1.5018549467541866e-10,1.4968622093417337e-10,1.554658290430977e-10,1.500361400355587e-10,1.0000053277689571,1.0000053277689567,1.0000053419804245,1.5003614017022338e-10,1.000005327768956,1.499105174684803e-10,1.49910517037506e-10,1.5003614035972286e-10,1.4904917885437854e-10,1.499105180599128e-10
1.0000071499448964,1.6175886881941694e-10,1.0000053442454435,1.496662481768102e-10,1.0000053277689582,1.0000053277689567,1.0000053431965639,1.4991051817279628e-10,1.0000053319685585,1.0000053277689576,1.0000087241196052,1.0000053277689565,1.0000053277689596,1.501873552715135e-10,1.499105178137485e-10,1.500817743577112e-10,1.4968622100591353e-10,1.5559958815002746e-10,1.5018549473444275e-10,1.6694053712175198e-10,1.0000051536457122,1.499105177806172e-10,1.500361399586502e-10,1.0000053277689585,1.0000053277689585,1.499105173969441e-10,1.5003614012358505e-10,1.0000053277689562,1.0000053277689576,1.669415764499506e-10,1.5018549465890123e-10,1.0000053431965623,1.0000053277689576,1.0000053277689576,1.000005327768958,1.0000053277689576,1.5016028267950077e-10,1.5003614002165985e-10,1.4991051743891965e-10,1.4991051826579725e-10,1.5018549465068583e-10,1.5003613992753138e-10,1.0000053277689578,1.500361403925671e-10,1.4968622087578866e-10,1.5018549481132914e-10,1.0000053277689578,1.0000053277689576,1.000005327768959,1.0000053277689573,1.4991051774877264e-10,1.000005327768958,1.5546582919174008e-10,1.0000053277689578,1.499105176371533e-10,1.5018549466824576e-10,1.4968622095155546e-10,1.554658290430977e-10,1.5003614006274966e-10,1.0000053277689587,1.0000053277689576,1.0000053419804251,1.500361401893753e-10,1.0000053277689571,1.4991051758435035e-10,1.4991051707077912e-10,1.5003614041287312e-10,1.490491789322135e-10,1.4991051803104215e-10
1.0000071499448946,1.6175886883790184e-10,1.0000053442454426,1.4966624816076117e-10,1.000005327768957,1.0000053277689547,1.0000053431965616,1.4991051819603284e-10,1.0000053319685567,1.0000053277689558,1.0000053277689565,1.0000087241196023,1.0000053277689565,1.5018735524073624e-10,1.4991051781373387e-10,1.500817743577112e-10,1.4968622096540267e-10,1.555995881670392e-10,1.5018549468080335e-10,1.66940537087986e-10,1.000005153645711,1.4991051786494545e-10,1.500361400193751e-10,1.000005327768956,1.0000053277689567,1.4991051739924003e-10,1.5003614012169908e-10,1.000005327768954,1.0000053277689562,1.6694157648087452e-10,1.5018549468007652e-10,1.0000053431965608,1.0000053277689562,1.0000053277689558,1.0000053277689558,1.000005327768956,1.5016028260785307e-10,1.5003613995992168e-10,1.4991051743891965e-10,1.4991051826579725e-10,1.5018549460114513e-10,1.5003613998621152e-10,1.0000053277689558,1.5003614037142483e-10,1.4968622088196522e-10,1.50185494789517e-10,1.0000053277689558,1.0000053277689565,1.0000053277689558,1.0000053277689558,1.499105177501898e-10,1.000005327768956,1.554658290741659e-10,1.0000053277689547,1.4991051767583669e-10,1.5018549466053727e-10,1.4968622088433809e-10,1.5546582905715515e-10,1.50036140004995e-10,1.0000053277689565,1.0000053277689562,1.0000053419804225,1.5003614016138258e-10,1.0000053277689551,1.4991051760245328e-10,1.4991051712326745e-10,1.500361403438619e-10,1.4904917894907862e-10,1.499105180052961e-10
1.0000071499448966,1.617588687799918e-10,1.0000053442454435,1.496662482190805e-10,1.0000053277689587,1.0000053277689558,1.0000053431965632,1.499105181257009e-10,1.0000053319685585,1.0000053277689571,1.0000053277689596,1.0000053277689565,1.0000087241196054,1.5018735520540423e-10,1.4991051781396057e-10,1.500817743721037e-10,1.496862209797587e-10,1.5559958815002746e-10,1.5018549471188438e-10,1.66940537087986e-10,1.0000051536457122,1.4991051784213158e-10,1.500361400309002e-10,1.000005327768958,1.000005327768958,1.4991051742823141e-10,1.500361401218929e-10,1.000005327768955,1.000005327768957,1.669415764499506e-10,1.501854947495647e-10,1.000005343196562,1.000005327768957,1.0000053277689571,1.0000053277689571,1.0000053277689565,1.5016028263626143e-10,1.5003613995635007e-10,1.4991051743891965e-10,1.4991051822405035e-10,1.5018549465068583e-10,1.5003613998118438e-10,1.0000053277689571,1.500361403610455e-10,1.4968622081919518e-10,1.5018549481674423e-10,1.000005327768958,1.0000053277689573,1.000005327768958,1.0000053277689578,1.4991051768329612e-10,1.0000053277689571,1.554658290741659e-10,1.0000053277689571,1.4991051768965407e-10,1.501854946800916e-10,1.4968622084861332e-10,1.5546582912732812e-10,1.5003614009104048e-10,1.0000053277689573,1.0000053277689573,1.0000053419804245,1.5003614017022338e-10,1.0000053277689567,1.4991051758435035e-10,1.4991051709055093e-10,1.5003614040431376e-10,1.4904917893000567e-10,1.4991051801921683e-10
4.631719695892048e-06,9.633572944311932e-14,1.5018735771065909e-10,8.911943929983492e-14,1.501873552141396e-10,1.501873552049215e-10,1.5018735751275486e-10,4.501665361456793e-17,1.5018735588279502e-10,1.5018735520182254e-10,1.501873552715135e-10,1.5018735524073624e-10,1.5018735520540423e-10,3.396351269328606e-06,4.478611299645807e-17,8.937814110206091e-14,8.913176589195498e-14,4.623694448635945e-17,8.944305699674359e-14,9.938531320135336e-14,2.9915940968063906e-07,4.483258548191536e-17,4.483218362249129e-17,1.501873552141396e-10,1.501873551980948e-10,4.475702848689303e-17,4.483218362249129e-17,1.5018735519938913e-10,1.501873552384687e-10,9.93859293799559e-14,8.944305700105783e-14,1.5018735751456227e-10,1.501873552049215e-10,1.5018735520620054e-10,1.5018735520620054e-10,1.501873552049215e-10,8.942732942972716e-14,4.4769724274473894e-17,4.501665361456793e-17,4.493818201562587e-17,8.944305700708627e-14,4.482442401973428e-17,1.501873552384687e-10,4.467875744761918e-17,8.913176586350523e-14,8.944305708980397e-14,1.5018735520182254e-10,1.501873552141396e-10,1.501873552141396e-10,1.5018735519938913e-10,4.490222905928906e-17,1.501873552141396e-10,4.641318027983334e-17,1.5018735520620054e-10,4.475702848689303e-17,8.94430570244073e-14,8.913176582024842e-14,4.6497524972042375e-17,4.45884595193096e-17,1.501873552141396e-10,1.5018735519938913e-10,1.5018735731211703e-10,4.4587918253428127e-17,1.5018735527086498e-10,4.501665361456793e-17,4.501665361456793e-17,4.4769724274473894e-17,8.873438440347672e-14,4.4871220933625175e-17
4.631168267192051e-06,4.8287217486563936e-17,1.4991052030768042e-10,8.894710975267e-14,1.4991051782932051e-10,1.4991051781240852e-10,1.499105201062506e-10,8.909937099585924e-14,1.4991051847007056e-10,1.4991051782932051e-10,1.499105178137485e-10,1.4991051781373387e-10,1.4991051781396057e-10,4.478611299645807e-17,3.3963512690922816e-06,4.475056567294191e-17,4.4752277978665917e-17,4.643995812705399e-17,4.4717980488547816e-17,9.919231267289436e-14,2.9860797497991967e-07,8.909937083814008e-14,4.4662087990901154e-17,1.4991051782932051e-10,1.4991051783664047e-10,8.909937063130742e-14,4.4612207965838015e-17,1.4991051782921546e-10,1.4991051783664047e-10,9.919292755890516e-14,4.487352226243683e-17,1.4991052004292335e-10,1.499105177812554e-10,1.4991051782932051e-10,1.499105178113737e-10,1.4991051782932051e-10,4.46657481339712e-17,4.4685378706567326e-17,8.90993706033734e-14,8.909937103826256e-14,4.4963733133910875e-17,4.466208799090103e-17,1.4991051775889813e-10,4.466208799090103e-17,4.4606067565541693e-17,4.4841315699449675e-17,1.4991051782005653e-10,1.4991051781240852e-10,1.499105177936221e-10,1.4991051779361728e-10,8.909937073910675e-14,1.4991051782932051e-10,9.24010354131073e-14,1.4991051783634718e-10,8.909937077011701e-14,4.464977291448839e-17,4.456673948145815e-17,9.240103535534426e-14,4.4685378706567326e-17,1.499105178113737e-10,1.4991051779971448e-10,1.499105199355748e-10,4.4685378706567326e-17,1.499105178113737e-10,8.909937070110811e-14,8.909937042816026e-14,4.478921086892584e-17,8.856208497808649e-14,8.909937097299757e-14
4.631509389159077e-06,9.626469821792064e-14,1.5008177685726717e-10,4.4444548476587955e-17,1.5008177436303465e-10,1.5008177431258387e-10,1.500817766550019e-10,4.4796605242861636e-17,1.5008177495733073e-10,1.5008177432771145e-10,1.500817743577112e-10,1.500817743577112e-10,1.500817743721037e-10,8.937814110206091e-14,4.475056567294191e-17,3.3963512696473766e-06,8.906581329471303e-14,9.259478565116799e-14,4.473219873705698e-17,9.93114299394227e-14,2.989491022997958e-07,4.4649125295869086e-17,8.928410305181907e-14,1.5008177430685678e-10,1.500817743778479e-10,4.4649125295869086e-17,8.928410301269431e-14,1.5008177438029674e-10,1.5008177429882012e-10,9.931204562100733e-14,4.484813071801169e-17,1.5008177669876962e-10,1.500817743434304e-10,1.5008177431258387e-10,1.500817743577112e-10,1.5008177435166376e-10,4.472352748394527e-17,8.928410298127928e-14,4.4703490693061906e-17,4.479208578519818e-17,4.4615605279841677e-17,8.928410296022976e-14,1.5008177429882012e-10,8.928410315436641e-14,8.906581326615306e-14,4.476005237453708e-17,1.5008177430685678e-10,1.500817743341192e-10,1.5008177436303465e-10,1.500817743721037e-10,4.4736370811556804e-17,1.5008177437550535e-10,4.643677355284755e-17,1.500817742822441e-10,4.4649125295869086e-17,4.480278211057225e-17,8.906581322324029e-14,4.649248350299043e-17,8.92841030218139e-14,1.5008177436494112e-10,1.500817743517893e-10,1.500817765703446e-10,8.928410298578793e-14,1.5008177436303465e-10,4.4703490693061906e-17,4.485385158914369e-17,8.928410319515298e-14,8.866842627329982e-14,4.4713433653104783e-17
4.630721487777871e-06,9.599935133958983e-14,1.496862234220197e-10,8.880717210430214e-14,1.4968622099686283e-10,1.496862209797587e-10,1.4968622327731246e-10,4.456673948145815e-17,1.4968622160776704e-10,1.496862209806345e-10,1.4968622100591353e-10,1.4968622096540267e-10,1.496862209797587e-10,8.913176589195498e-14,4.4752277978665917e-17,8.906581329471303e-14,3.396351265230075e-06,9.233929952465338e-14,8.913073782985586e-14,9.903556020207839e-14,2.9816119623933314e-07,4.4752277978665917e-17,8.903775439435075e-14,1.496862209969577e-10,1.4968622097705014e-10,4.4606067565541693e-17,8.903775435739469e-14,1.4968622098130873e-10,1.496862209797587e-10,9.903617403590892e-14,8.913073783374325e-14,1.496862232630892e-10,1.4968622100003442e-10,1.4968622100620932e-10,1.4968622102293217e-10,1.4968622100620932e-10,8.911501176359384e-14,8.903775432447022e-14,4.46489784219482e-17,4.46489784219482e-17,8.91307378387313e-14,8.903775430407317e-14,1.4968622098273929e-10,8.903775449949686e-14,8.881948861173182e-14,8.91307379216833e-14,1.496862209797587e-10,1.4968622097705014e-10,1.4968622100620932e-10,1.496862209513041e-10,4.478855746226414e-17,1.4968622104454084e-10,4.617974715695185e-17,1.4968622097609173e-10,4.470431319740197e-17,8.913073785590624e-14,8.881948857002487e-14,4.611731424874139e-17,8.903775436608348e-14,1.4968622100047988e-10,1.4968622098305692e-10,1.4968622310685405e-10,8.903775433158789e-14,1.4968622098535855e-10,4.456673948145815e-17,4.470431319740197e-17,8.903775453946299e-14,8.842214631108866e-14,4.478855746226414e-17
4.64250034433761e-06,4.986269438478845e-17,1.5559959070610326e-10,4.627257448282905e-17,1.5559958820468598e-10,1.5559958812205216e-10,1.5559959052504927e-10,4.6446602823906716e-17,1.5559958880954159e-10,1.5559958812654802e-10,1.5559958815002746e-10,1.555995881670392e-10,1.5559958815002746e-10,4.623694448635945e-17,4.643995812705399e-17,9.259478565116799e-14,9.233929952465338e-14,3.396351272931616e-06,4.656627948405724e-17,1.0296136774971621e-13,3.0994008023922255e-07,4.652777156685018e-17,9.256566560279689e-14,1.5559958812861984e-10,1.5559958812933282e-10,4.6334767776776813e-17,9.256566556241956e-14,1.5559958817580145e-10,1.5559958812654802e-10,1.02962006046394e-13,4.665753616248766e-17,1.5559959048917628e-10,1.555995881264113e-10,1.5559958812933282e-10,1.5559958815002746e-10,1.5559958812692787e-10,9.264579903086817e-14,9.25656655297062e-14,4.652777156685018e-17,4.649177751829699e-17,4.656082510954675e-17,9.256566550793727e-14,1.5559958820468598e-10,9.25656657093735e-14,9.233929949500326e-14,4.665753616248766e-17,1.5559958812692787e-10,1.5559958816072908e-10,1.5559958812933282e-10,1.5559958816072908e-10,4.649177751829699e-17,1.5559958812933282e-10,4.814722045269523e-17,1.5559958815002746e-10,4.6334767776776813e-17,4.656627948405724e-17,9.233929945061065e-14,4.8155660802636285e-17,9.256566557183899e-14,1.5559958816864174e-10,1.5559958820468598e-10,3.0994013765881016e-07,9.256566553461714e-14,1.5559958812630953e-10,4.643995812705399e-17,4.643782821082756e-17,9.256566575159583e-14,9.192721001883025e-14,4.646950843357321e-17
4.631715984147626e-06,9.63346125327745e-14,1.50185497188901e-10,8.911841152535956e-14,1.501854946865497e-10,1.5018549468756023e-10,1.5018549698270531e-10,4.47485387667834e-17,1.5018549527152226e-10,1.501854946954279e-10,1.5018549473444275e-10,1.5018549468080335e-10,1.5018549471188438e-10,8.944305699674359e-14,4.4717980488547816e-17,4.473219873705698e-17,8.913073782985586e-14,4.656627948405724e-17,3.396351269328046e-06,9.938417469125503e-14,2.9915570365095235e-07,4.4841315699449675e-17,4.483524263250528e-17,1.501854946909071e-10,1.5018549470791647e-10,4.472256072385024e-17,4.482733761187334e-17,1.50185494738085e-10,1.5018549473685533e-10,9.938479086369624e-14,8.944202004657654e-14,1.5018549692964033e-10,1.501854946865497e-10,1.5018549466058773e-10,1.501854947667382e-10,1.5018549471188438e-10,8.942629292712235e-14,4.482742868461893e-17,4.4724998051470487e-17,4.487352226243683e-17,8.944202005261056e-14,4.484641023765267e-17,1.5018549477002026e-10,4.4722100343247925e-17,8.913073780141002e-14,8.944202013532458e-14,1.501854947667382e-10,1.50185494691745e-10,1.5018549473444275e-10,1.501854946909071e-10,4.483392913890701e-17,1.5018549468858241e-10,4.6499227278856066e-17,1.501854947667382e-10,4.4841315699449675e-17,8.944202006993206e-14,8.913073775814569e-14,4.65288847135974e-17,4.481907370434647e-17,1.501854946909071e-10,1.501854947667382e-10,1.5018549685273557e-10,4.4722100343247925e-17,1.501854947654137e-10,4.4717980488547816e-17,4.4841315699449675e-17,4.4752040943272005e-17,8.87333677404997e-14,4.475253885308859e-17
4.665090428801289e-06,1.0704295446302334e-13,3.325302703932116e-07,9.902177988298069e-14,1.6694053702174638e-10,1.6694053712051436e-10,3.325302700497426e-07,9.919231290064851e-14,1.6694053779850442e-10,1.669405370445941e-10,1.6694053712175198e-10,1.66940537087986e-10,1.66940537087986e-10,9.938531320135336e-14,9.919231267289436e-14,9.93114299394227e-14,9.903556020207839e-14,1.0296136774971621e-13,9.938417469125503e-14,3.3963512872869703e-06,3.3253020820107444e-07,9.919231272048015e-14,9.928004101096113e-14,1.6694053712051436e-10,1.6694053705670679e-10,9.919231248466725e-14,9.928004097371068e-14,1.6694053709728273e-10,1.6694053712175198e-10,1.104250612904269e-13,9.938417469497492e-14,3.3253027004974206e-07,1.6694053702174638e-10,1.6694053709460784e-10,1.66940537069203e-10,1.6694053709728273e-10,9.936655985589969e-14,9.92800409339346e-14,9.919231245324536e-14,9.919231294787381e-14,9.938417469901474e-14,9.928004091232818e-14,1.6694053712175198e-10,9.92800411337316e-14,9.903556016893434e-14,9.938417479228931e-14,1.6694053712175198e-10,1.669405370478335e-10,1.669405370478335e-10,1.6694053712175198e-10,9.919231261210379e-14,1.669405370657083e-10,1.0286795961693979e-13,1.6694053703116986e-10,9.919231264300184e-14,9.938417471803625e-14,9.903556012452025e-14,1.0286795955326723e-13,9.928004098261448e-14,1.669405370835233e-10,1.6694053709728273e-10,1.6694053927160127e-10,9.92800409469008e-14,1.669405370478335e-10,9.91923125651613e-14,9.919231225369665e-14,9.928004117693464e-14,9.85904984294593e-14,9.919231287258404e-14
1.0000069758219328,3.222088013515983e-07,1.0000051701221946,2.9812141222471235e-07,1.0000051536457133,1.0000051536457109,1.0000051690733152,2.9860797563654617e-07,1.00000515784531,1.0000051536457115,1.0000051536457122,1.000005153645711,1.0000051536457122,2.9915940968063906e-07,2.9860797497991967e-07,2.989491022997958e-07,2.9816119623933314e-07,3.0994008023922255e-07,2.9915570365095235e-07,3.3253020820107444e-07,1.000008375873148,2.986079750301594e-07,2.9885820282847113e-07,1.0000051536457129,1.000005153645712,2.98607974143564e-07,2.988582030562415e-07,1.0000051536457089,1.0000051536457109,3.325322786444276e-07,2.991557036166121e-07,1.0000051690733134,1.0000051536457117,1.0000051536457117,1.0000051536457117,1.0000051536457117,2.9910548355730867e-07,2.9885820270096985e-07,2.9860797405163365e-07,2.986079757898797e-07,2.9915570350665976e-07,2.988582026397139e-07,1.0000051536457117,2.9885820355526187e-07,2.981611960018868e-07,2.9915570379518655e-07,1.0000051536457117,1.000005153645712,1.0000051536457117,1.0000051536457117,2.9860797481516567e-07,1.0000051536457124,3.0967364458594566e-07,1.0000051536457113,2.986079746672742e-07,2.991557035179842e-07,2.981611961109517e-07,3.096736444247805e-07,2.988582028919138e-07,1.0000051536457126,1.0000051536457113,1.0000051678571757,2.9885820308303645e-07,1.0000051536457104,2.986079744406818e-07,2.986079734891326e-07,2.988582035308563e-07,2.9689226685044693e-07,2.9860797535833624e-07
4.631168266297054e-06,4.828038709539539e-17,1.499105202894389e-10,8.894710979671198e-14,1.4991051777675861e-10,1.4991051786655256e-10,1.4991052011793297e-10,8.909937104049294e-14,1.4991051849145445e-10,1.4991051784213158e-10,1.499105177806172e-10,1.4991051786494545e-10,1.4991051784213158e-10,4.483258548191536e-17,8.909937083814008e-14,4.4649125295869086e-17,4.4752277978665917e-17,4.652777156685018e-17,4.4841315699449675e-17,9.919231272048015e-14,2.986079750301594e-07,3.3963512690922816e-06,4.478921086892584e-17,1.4991051786413024e-10,1.4991051785540333e-10,8.909937067594114e-14,4.4685378706567326e-17,1.4991051786413024e-10,1.4991051785418993e-10,9.919292760649103e-14,4.486631991636436e-17,1.4991052009591606e-10,1.4991051785418993e-10,1.4991051785418993e-10,1.499105177705553e-10,1.4991051785540333e-10,4.478257522594695e-17,4.466208799090103e-17,8.909937064800705e-14,8.909937108289615e-14,4.487352226243683e-17,4.466677068358127e-17,1.4991051785418993e-10,4.4645170983770965e-17,4.462917124312301e-17,4.4752676124282484e-17,1.499105178381718e-10,1.4991051785803288e-10,1.4991051785418993e-10,1.4991051785540333e-10,8.909937078374048e-14,1.4991051785418993e-10,9.240103545938425e-14,1.4991051785418993e-10,8.909937081475062e-14,4.487352226243683e-17,4.477257236806637e-17,9.240103540162149e-14,4.466208799090103e-17,1.4991051785418993e-10,1.4991051785540333e-10,1.4991051994967246e-10,4.4645170983770965e-17,1.499105178372174e-10,8.909937074574167e-14,8.909937047279394e-14,4.4645170983770965e-17,8.856208502060425e-14,8.90993710176313e-14
4.631418492555155e-06,4.8357149214719075e-17,1.5003614248437713e-10,4.474099340631034e-17,1.5003614003619375e-10,1.5003613999707488e-10,1.5003614230984644e-10,4.4618055844322835e-17,1.5003614060622465e-10,1.500361400193751e-10,1.500361399586502e-10,1.500361400193751e-10,1.500361400309002e-10,4.483218362249129e-17,4.4662087990901154e-17,8.928410305181907e-14,8.903775439435075e-14,9.256566560279689e-14,4.483524263250528e-17,9.928004101096113e-14,2.9885820282847113e-07,4.478921086892584e-17,3.3963512696339435e-06,1.500361400772986e-10,1.5003614008848067e-10,4.4662087990901154e-17,8.925602436541153e-14,1.500361399432863e-10,1.5003614003090277e-10,9.928065648632978e-14,4.4823287219191316e-17,1.5003614234820278e-10,1.5003614003470814e-10,1.5003614003470814e-10,1.5003614003191222e-10,1.500361400309002e-10,4.460585044551408e-17,8.925602433387414e-14,4.4685378706567326e-17,4.4645170983770965e-17,4.484641023765267e-17,8.925602431288143e-14,1.500361400309002e-10,8.925602450710796e-14,8.903775436576275e-14,4.481907370434647e-17,1.5003614003191222e-10,1.5003613998808498e-10,1.500361400309002e-10,1.500361400309002e-10,4.464278294362169e-17,1.5003614003191222e-10,4.654742255086677e-17,1.5003613994223302e-10,4.466208799090103e-17,4.480366532745908e-17,8.90377543229528e-14,4.651691823028825e-17,8.925602437449604e-14,1.5003613994223302e-10,1.5003614001585103e-10,1.5003614212862882e-10,8.925602433859913e-14,1.500361399586502e-10,4.4662087990901154e-17,4.4685378706567326e-17,8.925602454782356e-14,8.864040337756064e-14,4.466208799090103e-17
1.0000071499448964,1.6175886881941694e-10,1.0000053442454433,1.4966624809840098e-10,1.000005327768959,1.0000053277689567,1.0000053431965625,1.4991051816480545e-10,1.000005331968558,1.0000053277689578,1.0000053277689585,1.000005327768956,1.000005327768958,1.501873552141396e-10,1.4991051782932051e-10,1.5008177430685678e-10,1.496862209969577e-10,1.5559958812861984e-10,1.501854946909071e-10,1.6694053712051436e-10,1.0000051536457129,1.4991051786413024e-10,1.500361400772986e-10,1.000008724119603,1.0000053277689587,1.499105173731704e-10,1.5003614014112076e-10,1.0000053277689558,1.0000053277689578,1.6694157648227282e-10,1.5018549469977792e-10,1.000005343196562,1.0000053277689571,1.0000053277689571,1.0000053277689571,1.0000053277689571,1.5016028262677928e-10,1.500361399615953e-10,1.4991051734174854e-10,1.4991051826579725e-10,1.501854946074892e-10,1.500361399777467e-10,1.0000053277689571,1.500361403610455e-10,1.4968622086367972e-10,1.5018549476066813e-10,1.0000053277689578,1.0000053277689585,1.0000053277689578,1.0000053277689573,1.499105177501898e-10,1.0000053277689578,1.554658290741659e-10,1.0000053277689565,1.4991051761329844e-10,1.5018549468134624e-10,1.4968622093755783e-10,1.554658290430977e-10,1.500361400355587e-10,1.000005327768958,1.0000053277689576,1.000005341980425,1.500361401905755e-10,1.0000053277689565,1.4991051752248833e-10,1.499105171364682e-10,1.5003614049869362e-10,1.4904917892474566e-10,1.4991051801648013e-10
1.0000071499448964,1.6175886881951222e-10,1.0000053442454433,1.4966624815368426e-10,1.0000053277689578,1.0000053277689562,1.000005343196564,1.4991051815088488e-10,1.0000053319685596,1.0000053277689578,1.0000053277689585,1.0000053277689567,1.000005327768958,1.501873551980948e-10,1.4991051783664047e-10,1.500817743778479e-10,1.4968622097705014e-10,1.5559958812933282e-10,1.5018549470791647e-10,1.6694053705670679e-10,1.000005153645712,1.4991051785540333e-10,1.5003614008848067e-10,1.0000053277689587,1.0000087241196038,1.4991051740175633e-10,1.500361401687024e-10,1.0000053277689547,1.0000053277689576,1.6694157648227282e-10,1.5018549467879526e-10,1.0000053431965619,1.0000053277689573,1.0000053277689578,1.0000053277689578,1.000005327768957,1.5016028267950077e-10,1.500361399346406e-10,1.4991051737295672e-10,1.499105181931107e-10,1.501854946074892e-10,1.5003613998621152e-10,1.0000053277689578,1.500361403610455e-10,1.496862208633457e-10,1.501854947789991e-10,1.0000053277689571,1.0000053277689578,1.0000053277689585,1.0000053277689576,1.499105176966882e-10,1.0000053277689578,1.554658292068612e-10,1.0000053277689571,1.4991051766657748e-10,1.5018549465441456e-10,1.4968622092955385e-10,1.554658290430977e-10,1.5003614006274966e-10,1.0000053277689582,1.0000053277689571,1.000005341980425,1.5003614012131948e-10,1.000005327768957,1.4991051759260425e-10,1.4991051706833242e-10,1.5003614032705928e-10,1.4904917894907862e-10,1.4991051804796735e-10
4.631168266297442e-06,4.837229581786809e-17,1.4991051982482366e-10,8.894710958887284e-14,1.499105173969441e-10,1.499105173624725e-10,1.4991051969135512e-10,8.909937083366023e-14,1.499105180759183e-10,1.4991051742923724e-10,1.499105173969441e-10,1.4991051739924003e-10,1.4991051742823141e-10,4.475702848689303e-17,8.909937063130742e-14,4.4649125295869086e-17,4.4606067565541693e-17,4.6334767776776813e-17,4.472256072385024e-17,9.919231248466725e-14,2.98607974143564e-07,8.909937067594114e-14,4.4662087990901154e-17,1.499105173731704e-10,1.4991051740175633e-10,3.3963512690922816e-06,4.464825749445897e-17,1.499105173969441e-10,1.4991051739910222e-10,9.919292737067578e-14,4.4748538766783396e-17,1.4991051969541777e-10,1.4991051742707943e-10,1.4991051739924003e-10,1.4991051739867242e-10,1.4991051739910222e-10,4.476822009597599e-17,4.466208799090103e-17,8.909937044117442e-14,8.909937087606357e-14,4.47485387667834e-17,4.464278294362169e-17,1.4991051740601244e-10,4.466208799090103e-17,4.477257236806637e-17,4.487352226243683e-17,1.499105174322941e-10,1.4991051739924003e-10,1.4991051740601244e-10,1.4991051739910222e-10,8.90993705769079e-14,1.4991051739297873e-10,9.240103524485933e-14,1.4991051742653918e-10,8.909937060791792e-14,4.4748538766783396e-17,4.4606067565541693e-17,9.240103518709632e-14,4.470399681328127e-17,1.4991051742436527e-10,1.499105173861588e-10,1.4991051953468171e-10,4.466208799090103e-17,1.4991051740601244e-10,8.909937053890902e-14,8.909937026596136e-14,4.4685378706567326e-17,8.856208481014699e-14,8.909937081079863e-14
