1.0000000064528367,2.581396070155924e-06,2.5702685468699137e-06,1.00000884820955,2.5709033851553375e-06,1.0000088482095502,1.0000088482095524,1.0000088482095524,1.0000088529710187,1.0000087759646146,1.0000088482095508,2.581793506715502e-06,1.00000884820955,1.0000088529710192,1.000008848209552,1.0000088482095513,1.0000089485179864,2.5683560439057617e-06,1.0000088482095508,1.0000088482095544,1.0000088482095517,1.0000088482095517,1.0000088482095508,2.580174505018432e-06,1.0000088482095513,2.5695649285640123e-06,2.623956529796188e-06,1.0000088529710194,2.5695649285654684e-06,1.0000088786969001,2.5708080371886574e-06,1.0000088482095497,1.0000088482095533,2.5692239409183937e-06,2.594530991520239e-06
2.581396070155924e-06,6.316988583982717e-07,4.897017713915527e-14,1.1461276548872729e-10,2.455914309098516e-17,1.1461276540534706e-10,1.1461276530362073e-10,1.1461276548872729e-10,1.1461276593408256e-10,2.273140000987921e-07,1.1461276540534706e-10,5.15909054804085e-14,1.1461276530446901e-10,1.1461276593477823e-10,1.1461276548872729e-10,1.1461276542656813e-10,2.273140405198831e-07,2.502755290911948e-17,1.1461276552076689e-10,1.1461276548872729e-10,1.1461276546170486e-10,1.1461276536662026e-10,1.1461276546170486e-10,5.116029764055263e-14,1.1461276530362073e-10,4.8797401431343904e-14,3.0830952459294187e-17,1.1461276593269919e-10,4.8797401285449986e-14,1.1461276898396896e-10,4.909708637384143e-14,1.1461276539100922e-10,1.1461276552076689e-10,4.867836203374907e-14,2.761934658079743e-17
2.5702685468699137e-06,4.897017713915527e-14,6.316988530490658e-07,1.0900220101910674e-10,2.3466964035831312e-17,1.0900220093602128e-10,1.0900220094796802e-10,1.0900220099151068e-10,1.0900220154519501e-10,2.1618644523484349e-07,1.09002200920357e-10,2.4434744451962983e-17,1.0900220104803091e-10,1.090022015444074e-10,1.0900220104803091e-10,1.0900220092490084e-10,1.090022121798346e-10,2.2889779522278806e-17,1.0900220100174886e-10,1.0900220096482426e-10,1.0900220097191454e-10,1.09002200920357e-10,1.0900220094809758e-10,4.8659257694526494e-14,1.0900220104803091e-10,4.641157425366915e-14,2.920317482469133e-17,1.0900220149437722e-10,4.641157411462164e-14,1.0900220441298298e-10,4.6696460640014615e-14,1.0900220095210274e-10,1.0900220095210274e-10,4.629868561044888e-14,2.5889532314754987e-17
1.00000884820955,1.1461276548872729e-10,1.0900220101910674e-10,1.0000099083417535,1.0932229172404091e-10,1.0000092766432265,1.0000092766432291,1.0000092766432278,1.0000092814047057,1.000009204398122,1.0000092766432276,1.1481315366149625e-10,1.000009276643228,1.0000092814047048,1.0000092766432276,1.0000092766432291,1.0000093769518956,1.080379079806163e-10,1.0000092766432285,1.0000092766432291,1.0000092766432276,1.0000092766432276,1.0000092766432294,1.1399684669463157e-10,1.0000092766432285,1.0864743424327489e-10,1.3607200659248686e-10,1.0000092814047061,1.0864743388322771e-10,1.0000093071306453,1.0927421660122132e-10,1.0000092766432274,1.0000092766432291,1.0847550646381698e-10,1.2123547169196953e-10
2.5709033851553375e-06,2.455914309098516e-17,2.3466964035831312e-17,1.0932229172404091e-10,6.316988558071914e-07,1.0932229172077953e-10,1.0932229171837502e-10,1.0932229171963137e-10,1.0932229218333079e-10,2.168212881567808e-07,1.0932229172059208e-10,4.9213856973501044e-14,1.0932229172410382e-10,1.0932229218333079e-10,1.0932229172624992e-10,1.0932229171338932e-10,1.0932230366518872e-10,2.3808078859216606e-17,1.0932229172137298e-10,1.0932229172059208e-10,1.0932229171616874e-10,1.0932229171571958e-10,1.0932229172342449e-10,4.8803874703459815e-14,1.0932229172253253e-10,2.344930224829076e-17,5.82702251414242e-14,1.0932229222456572e-10,2.344930224829076e-17,1.0932229527758549e-10,4.683499855754405e-14,1.0932229172352777e-10,1.093222917343517e-10,4.643630385937747e-14,5.196736716072704e-14
1.0000088482095502,1.1461276540534706e-10,1.0900220093602128e-10,1.0000092766432265,1.0932229172077953e-10,1.0000099083417522,1.000009276643228,1.000009276643226,1.0000092814047044,1.000009204398122,1.0000092766432265,1.1481315370654332e-10,1.0000092766432267,1.0000092814047032,1.0000092766432263,1.0000092766432267,1.0000093769518945,1.0803790801774507e-10,1.0000092766432274,1.0000092766432274,1.000009276643226,1.0000092766432267,1.0000092766432274,1.1399684659465605e-10,1.000009276643228,1.0864743426549725e-10,1.360720066096945e-10,1.000009281404705,1.0864743384249318e-10,1.000009307130645,1.0927421660727121e-10,1.0000092766432263,1.0000092766432267,1.0847550645521308e-10,1.2123547170031594e-10
1.0000088482095524,1.1461276530362073e-10,1.0900220094796802e-10,1.0000092766432291,1.0932229171837502e-10,1.000009276643228,1.0000099083417555,1.0000092766432287,1.0000092814047061,1.0000092043981241,1.0000092766432291,1.1481315370908707e-10,1.0000092766432291,1.0000092814047061,1.0000092766432287,1.0000092766432291,1.0000093769518965,1.0803790801774507e-10,1.0000092766432291,1.0000092766432291,1.0000092766432287,1.0000092766432276,1.00000927664323,1.1399684670422011e-10,1.0000092766432296,1.086474341521785e-10,1.3607200660336514e-10,1.0000092814047068,1.0864743387469412e-10,1.0000093071306464,1.0927421659390267e-10,1.0000092766432291,1.0000092766432287,1.084755064623299e-10,1.2123547174498413e-10
1.0000088482095524,1.1461276548872729e-10,1.0900220099151068e-10,1.0000092766432278,1.0932229171963137e-10,1.000009276643226,1.0000092766432287,1.0000099083417535,1.000009281404705,1.0000092043981224,1.000009276643228,1.1481315368533798e-10,1.0000092766432285,1.0000092814047057,1.0000092766432274,1.0000092766432287,1.0000093769518952,1.0803790799774692e-10,1.000009276643228,1.0000092766432285,1.0000092766432274,1.0000092766432271,1.0000092766432291,1.1399684669511172e-10,1.0000092766432296,1.0864743421679062e-10,1.360720065874796e-10,1.0000092814047055,1.086474338345784e-10,1.0000093071306464,1.0927421660849176e-10,1.0000092766432278,1.0000092766432276,1.0847550645241745e-10,1.2123547171052606e-10
1.0000088529710187,1.1461276593408256e-10,1.0900220154519501e-10,1.0000092814047057,1.0932229218333079e-10,1.0000092814047044,1.0000092814047061,1.000009281404705,1.0000099178647108,1.0000092091595991,1.0000092814047052,1.1481315422100985e-10,1.0000092814047052,1.0000092861661831,1.0000092814047048,1.0000092814047064,1.0000093817133733,1.0803790854642827e-10,1.0000092814047061,1.0000092814047061,1.0000092814047046,1.0000092814047057,1.0000092814047068,1.1399684719333184e-10,1.0000092814047075,1.0864743475168226e-10,2.6987460347147727e-07,1.0000092861661831,1.0864743434273025e-10,1.0000093118921236,1.0927421710014164e-10,1.000009281404705,1.000009281404706,1.0847550699077643e-10,1.2123547239741674e-10
1.0000087759646146,2.273140000987921e-07,2.1618644523484349e-07,1.000009204398122,2.168212881567808e-07,1.000009204398122,1.0000092043981241,1.0000092043981224,1.0000092091595991,1.0000097638515553,1.0000092043981235,2.2771143454323704e-07,1.0000092043981235,1.000009209159599,1.000009204398122,1.0000092043981241,1.0000093047067844,2.1427394231953111e-07,1.0000092043981241,1.000009204398124,1.0000092043981226,1.000009204398122,1.0000092043981246,2.2609243528931652e-07,1.000009204398124,2.1548282872942627e-07,2.6987458200526507e-07,1.0000092091596002,2.1548282798772457e-07,1.0000092348855387,2.1672593971848905e-07,1.000009204398123,1.0000092043981235,2.1514184070487147e-07,2.40448958035102e-07
1.0000088482095508,1.1461276540534706e-10,1.09002200920357e-10,1.0000092766432276,1.0932229172059208e-10,1.0000092766432265,1.0000092766432291,1.000009276643228,1.0000092814047052,1.0000092043981235,1.0000099083417568,1.1481315372682769e-10,1.0000092766432276,1.0000092814047048,1.0000092766432271,1.000009276643228,1.0000093769518958,1.0803790799125832e-10,1.0000092766432287,1.0000092766432287,1.0000092766432271,1.0000092766432274,1.0000092766432291,1.1399684658536811e-10,1.0000092766432291,1.0864743421679062e-10,1.3607200659438863e-10,1.0000092814047061,1.0864743384249318e-10,1.0000093071306444,1.0927421658703312e-10,1.0000092766432274,1.0000092766432278,1.0847550646786433e-10,1.2123547165663186e-10
2.581793506715502e-06,5.15909054804085e-14,2.4434744451962983e-17,1.1481315366149625e-10,4.9213856973501044e-14,1.1481315370654332e-10,1.1481315370908707e-10,1.1481315368533798e-10,1.1481315422100985e-10,2.2771143454323704e-07,1.1481315372682769e-10,6.316988600248749e-07,1.1481315366513573e-10,1.1481315427066633e-10,1.1481315364932571e-10,1.1481315368849634e-10,2.2771147499552766e-07,2.4665896811985462e-17,1.148131537314047e-10,1.1481315371027366e-10,1.1481315371180858e-10,1.1481315373699821e-10,1.1481315370546169e-10,5.126464643056796e-14,1.1481315371264228e-10,2.4867576803807254e-17,6.120795307972735e-14,1.1481315412382302e-10,2.471221250628869e-17,1.1481315745504053e-10,4.919530193185634e-14,1.1481315371811607e-10,1.14813153715843e-10,4.877778031997193e-14,5.4586199512329666e-14
1.00000884820955,1.1461276530446901e-10,1.0900220104803091e-10,1.000009276643228,1.0932229172410382e-10,1.0000092766432267,1.0000092766432291,1.0000092766432285,1.0000092814047052,1.0000092043981235,1.0000092766432276,1.1481315366513573e-10,1.0000099083417562,1.0000092814047048,1.0000092766432271,1.000009276643228,1.0000093769518967,1.0803790795078208e-10,1.0000092766432287,1.0000092766432291,1.0000092766432271,1.0000092766432276,1.0000092766432291,1.1399684669353097e-10,1.0000092766432291,1.0864743421393036e-10,1.3607200661682735e-10,1.0000092814047061,1.0864743394412781e-10,1.0000093071306448,1.0927421663016448e-10,1.0000092766432274,1.0000092766432287,1.0847550636262507e-10,1.2123547177789356e-10
1.0000088529710192,1.1461276593477823e-10,1.090022015444074e-10,1.0000092814047048,1.0932229218333079e-10,1.0000092814047032,1.0000092814047061,1.0000092814047057,1.0000092861661831,1.000009209159599,1.0000092814047048,1.1481315427066633e-10,1.0000092814047048,1.0000099178647104,1.0000092814047044,1.000009281404706,1.0000093817133726,1.0803790856298086e-10,1.0000092814047048,1.000009281404706,1.0000092814047044,1.0000092814047048,1.0000092814047066,1.139968471752944e-10,1.0000092814047068,1.086474347841896e-10,2.6987460347147727e-07,1.0000092861661836,1.0864743450036135e-10,1.0000093118921218,1.0927421707692378e-10,1.0000092814047048,1.0000092814047057,1.0847550700526791e-10,1.2123547229533735e-10
1.000008848209552,1.1461276548872729e-10,1.0900220104803091e-10,1.0000092766432276,1.0932229172624992e-10,1.0000092766432263,1.0000092766432287,1.0000092766432274,1.0000092814047048,1.000009204398122,1.0000092766432271,1.1481315364932571e-10,1.0000092766432271,1.0000092814047044,1.0000099083417517,1.0000092766432283,1.0000093769518956,1.0803790799952011e-10,1.000009276643228,1.0000092766432287,1.000009276643227,1.0000092766432274,1.0000092766432287,1.1399684669353097e-10,1.0000092766432287,1.086474341516484e-10,1.3607200660336514e-10,1.0000092814047057,1.0864743387469412e-10,1.0000093071306448,1.0927421658703312e-10,1.0000092766432265,1.0000092766432276,1.0847550646814482e-10,1.2123547166382176e-10
1.0000088482095513,1.1461276542656813e-10,1.0900220092490084e-10,1.0000092766432291,1.0932229171338932e-10,1.0000092766432267,1.0000092766432291,1.0000092766432287,1.0000092814047064,1.0000092043981241,1.000009276643228,1.1481315368849634e-10,1.000009276643228,1.000009281404706,1.0000092766432283,1.0000099083417555,1.0000093769518956,1.0803790799525319e-10,1.0000092766432291,1.00000927664323,1.0000092766432283,1.0000092766432287,1.0000092766432302,1.1399684659258638e-10,1.0000092766432294,1.0864743416426826e-10,1.3607200659438863e-10,1.0000092814047066,1.086474338146337e-10,1.000009307130646,1.0927421660121443e-10,1.000009276643228,1.0000092766432294,1.0847550641194347e-10,1.2123547168109397e-10
1.0000089485179864,2.273140405198831e-07,1.090022121798346e-10,1.0000093769518956,1.0932230366518872e-10,1.0000093769518945,1.0000093769518965,1.0000093769518952,1.0000093817133733,1.0000093047067844,1.0000093769518958,2.2771147499552766e-07,1.0000093769518967,1.0000093817133726,1.0000093769518956,1.0000093769518956,1.0000101089590991,1.0803791922862997e-10,1.0000093769518958,1.0000093769518956,1.0000093769518947,1.0000093769518952,1.0000093769518958,2.2609247564334377e-07,1.0000093769518972,1.0864744556720317e-10,1.3607202062869274e-10,1.000009381713374,1.0864744512368509e-10,1.000009407439316,1.0927422768078564e-10,1.0000093769518956,1.0000093769518956,1.0847551787685901e-10,2.404490007483222e-07
2.5683560439057617e-06,2.502755290911948e-17,2.2889779522278806e-17,1.080379079806163e-10,2.3808078859216606e-17,1.0803790801774507e-10,1.0803790801774507e-10,1.0803790799774692e-10,1.0803790854642827e-10,2.1427394231953111e-07,1.0803790799125832e-10,2.4665896811985462e-17,1.0803790795078208e-10,1.0803790856298086e-10,1.0803790799952011e-10,1.0803790799525319e-10,1.0803791922862997e-10,6.316988539971593e-07,1.0803790798340498e-10,1.0803790809066586e-10,1.0803790801774507e-10,1.080379080314241e-10,1.0803790799728755e-10,2.426229455014088e-17,1.0803790798340498e-10,2.319500779053123e-17,2.9673478925872206e-17,1.0803790856511007e-10,2.3404423580955046e-17,1.0803791143293019e-10,2.323315368467335e-17,1.0803790799963157e-10,1.0803790809066586e-10,4.580959635766981e-14,2.5899833550619857e-17
1.0000088482095508,1.1461276552076689e-10,1.0900220100174886e-10,1.0000092766432285,1.0932229172137298e-10,1.0000092766432274,1.0000092766432291,1.000009276643228,1.0000092814047061,1.0000092043981241,1.0000092766432287,1.148131537314047e-10,1.0000092766432287,1.0000092814047048,1.000009276643228,1.0000092766432291,1.0000093769518958,1.0803790798340498e-10,1.0000099083417582,1.0000092766432287,1.000009276643228,1.0000092766432274,1.0000092766432285,1.1399684670422011e-10,1.0000092766432296,1.0864743415816732e-10,1.3607200656400344e-10,1.0000092814047068,1.0864743390182416e-10,1.0000093071306462,1.0927421660279168e-10,1.0000092766432287,1.0000092766432285,1.0847550645915608e-10,1.2123547166714685e-10
1.0000088482095544,1.1461276548872729e-10,1.0900220096482426e-10,1.0000092766432291,1.0932229172059208e-10,1.0000092766432274,1.0000092766432291,1.0000092766432285,1.0000092814047061,1.000009204398124,1.0000092766432287,1.1481315371027366e-10,1.0000092766432291,1.000009281404706,1.0000092766432287,1.00000927664323,1.0000093769518956,1.0803790809066586e-10,1.0000092766432287,1.000009908341759,1.0000092766432291,1.0000092766432291,1.0000092766432296,1.1399684673082923e-10,1.0000092766432302,1.0864743424268817e-10,1.3607200662711748e-10,1.000009281404707,1.0864743386521029e-10,1.0000093071306466,1.0927421659857965e-10,1.0000092766432287,1.0000092766432287,1.0847550645241745e-10,1.2123547166064355e-10
1.0000088482095517,1.1461276546170486e-10,1.0900220097191454e-10,1.0000092766432276,1.0932229171616874e-10,1.000009276643226,1.0000092766432287,1.0000092766432274,1.0000092814047046,1.0000092043981226,1.0000092766432271,1.1481315371180858e-10,1.0000092766432271,1.0000092814047044,1.000009276643227,1.0000092766432283,1.0000093769518947,1.0803790801774507e-10,1.000009276643228,1.0000092766432291,1.0000099083417526,1.0000092766432274,1.0000092766432287,1.1399684669353097e-10,1.0000092766432276,1.0864743411992402e-10,1.3607200656400344e-10,1.0000092814047057,1.086474338146337e-10,1.0000093071306448,1.0927421659390267e-10,1.0000092766432267,1.0000092766432276,1.084755064843815e-10,1.2123547172800772e-10
1.0000088482095517,1.1461276536662026e-10,1.09002200920357e-10,1.0000092766432276,1.0932229171571958e-10,1.0000092766432267,1.0000092766432276,1.0000092766432271,1.0000092814047057,1.000009204398122,1.0000092766432274,1.1481315373699821e-10,1.0000092766432276,1.0000092814047048,1.0000092766432274,1.0000092766432287,1.0000093769518952,1.080379080314241e-10,1.0000092766432274,1.0000092766432291,1.0000092766432274,1.0000099083417535,1.0000092766432294,1.1399684673082923e-10,1.0000092766432285,1.0864743415276443e-10,1.3607200659083656e-10,1.0000092814047061,1.0864743388190886e-10,1.0000093071306453,1.0927421658798121e-10,1.0000092766432276,1.0000092766432285,1.0847550646565464e-10,1.212354717193654e-10
1.0000088482095508,1.1461276546170486e-10,1.0900220094809758e-10,1.0000092766432294,1.0932229172342449e-10,1.0000092766432274,1.00000927664323,1.0000092766432291,1.0000092814047068,1.0000092043981246,1.0000092766432291,1.1481315370546169e-10,1.0000092766432291,1.0000092814047066,1.0000092766432287,1.0000092766432302,1.0000093769518958,1.0803790799728755e-10,1.0000092766432285,1.0000092766432296,1.0000092766432287,1.0000092766432294,1.0000099083417562,1.1399684659465605e-10,1.0000092766432296,1.0864743418255536e-10,1.3607200662761198e-10,1.0000092814047068,1.0864743394391363e-10,1.000009307130646,1.0927421660121443e-10,1.0000092766432291,1.00000927664323,1.0847550646733011e-10,1.2123547166476356e-10
2.580174505018432e-06,5.116029764055263e-14,4.8659257694526494e-14,1.1399684669463157e-10,4.8803874703459815e-14,1.1399684659465605e-10,1.1399684670422011e-10,1.1399684669511172e-10,1.1399684719333184e-10,2.2609243528931652e-07,1.1399684658536811e-10,5.126464643056796e-14,1.1399684669353097e-10,1.139968471752944e-10,1.1399684669353097e-10,1.1399684659258638e-10,2.2609247564334377e-07,2.426229455014088e-17,1.1399684670422011e-10,1.1399684673082923e-10,1.1399684669353097e-10,1.1399684673082923e-10,1.1399684659465605e-10,6.316988593277029e-07,1.1399684663034881e-10,2.420015450628451e-17,3.104305140485093e-17,1.1399684718117006e-10,2.4226621102237693e-17,1.139968502040058e-10,4.878599137363568e-14,1.1399684670422011e-10,1.1399684667536434e-10,2.507690973888558e-17,5.413298715942684e-14
1.0000088482095513,1.1461276530362073e-10,1.0900220104803091e-10,1.0000092766432285,1.0932229172253253e-10,1.000009276643228,1.0000092766432296,1.0000092766432296,1.0000092814047075,1.000009204398124,1.0000092766432291,1.1481315371264228e-10,1.0000092766432291,1.0000092814047068,1.0000092766432287,1.0000092766432294,1.0000093769518972,1.0803790798340498e-10,1.0000092766432296,1.0000092766432302,1.0000092766432276,1.0000092766432285,1.0000092766432296,1.1399684663034881e-10,1.0000099083417542,1.0864743425171185e-10,1.3607200661416246e-10,1.0000092814047081,1.0864743382321082e-10,1.000009307130647,1.0927421662263021e-10,1.0000092766432291,1.00000927664323,1.0847550641418363e-10,1.2123547174820215e-10
2.5695649285640123e-06,4.8797401431343904e-14,4.641157425366915e-14,1.0864743424327489e-10,2.344930224829076e-17,1.0864743426549725e-10,1.086474341521785e-10,1.0864743421679062e-10,1.0864743475168226e-10,2.1548282872942627e-07,1.0864743421679062e-10,2.4867576803807254e-17,1.0864743421393036e-10,1.086474347841896e-10,1.086474341516484e-10,1.0864743416426826e-10,1.0864744556720317e-10,2.319500779053123e-17,1.0864743415816732e-10,1.0864743424268817e-10,1.0864743411992402e-10,1.0864743415276443e-10,1.0864743418255536e-10,2.420015450628451e-17,1.0864743425171185e-10,6.316988552986349e-07,2.9048801028319577e-17,1.0864743475230899e-10,4.624746786311228e-14,1.0864743770695352e-10,4.653198200995956e-14,1.086474341046214e-10,1.0864743426549725e-10,2.3447639832806657e-17,2.6040913026672367e-17
2.623956529796188e-06,3.0830952459294187e-17,2.920317482469133e-17,1.3607200659248686e-10,5.82702251414242e-14,1.360720066096945e-10,1.3607200660336514e-10,1.360720065874796e-10,2.6987460347147727e-07,2.6987458200526507e-07,1.3607200659438863e-10,6.120795307972735e-14,1.3607200661682735e-10,2.6987460347147727e-07,1.3607200660336514e-10,1.3607200659438863e-10,1.3607202062869274e-10,2.9673478925872206e-17,1.3607200656400344e-10,1.3607200662711748e-10,1.3607200656400344e-10,1.3607200659083656e-10,1.3607200662761198e-10,3.104305140485093e-17,1.3607200661416246e-10,2.9048801028319577e-17,6.31698880732957e-07,2.6987460347147727e-07,2.9048801199651173e-17,2.69874610648531e-07,2.949256149777616e-17,1.3607200659173527e-10,1.3607200660336517e-10,2.9100369100731875e-17,6.463261157199311e-14
1.0000088529710194,1.1461276593269919e-10,1.0900220149437722e-10,1.0000092814047061,1.0932229222456572e-10,1.000009281404705,1.0000092814047068,1.0000092814047055,1.0000092861661831,1.0000092091596002,1.0000092814047061,1.1481315412382302e-10,1.0000092814047061,1.0000092861661836,1.0000092814047057,1.0000092814047066,1.000009381713374,1.0803790856511007e-10,1.0000092814047068,1.000009281404707,1.0000092814047057,1.0000092814047061,1.0000092814047068,1.1399684718117006e-10,1.0000092814047081,1.0864743475230899e-10,2.6987460347147727e-07,1.0000099178647108,1.0864743441210311e-10,1.0000093118921243,1.0927421717751923e-10,1.0000092814047061,1.0000092814047066,1.0847550696312512e-10,1.2123547225520092e-10
2.5695649285654684e-06,4.8797401285449986e-14,4.641157411462164e-14,1.0864743388322771e-10,2.344930224829076e-17,1.0864743384249318e-10,1.0864743387469412e-10,1.086474338345784e-10,1.0864743434273025e-10,2.1548282798772457e-07,1.0864743384249318e-10,2.471221250628869e-17,1.0864743394412781e-10,1.0864743450036135e-10,1.0864743387469412e-10,1.086474338146337e-10,1.0864744512368509e-10,2.3404423580955046e-17,1.0864743390182416e-10,1.0864743386521029e-10,1.086474338146337e-10,1.0864743388190886e-10,1.0864743394391363e-10,2.4226621102237693e-17,1.0864743382321082e-10,4.624746786311228e-14,2.9048801199651173e-17,1.0864743441210311e-10,6.316988552986349e-07,1.0864743729790045e-10,4.653198187010212e-14,1.0864743388190886e-10,1.086474338345784e-10,2.344785271108647e-17,2.6065829885079094e-17
1.0000088786969001,1.1461276898396896e-10,1.0900220441298298e-10,1.0000093071306453,1.0932229527758549e-10,1.000009307130645,1.0000093071306464,1.0000093071306464,1.0000093118921236,1.0000092348855387,1.0000093071306444,1.1481315745504053e-10,1.0000093071306448,1.0000093118921218,1.0000093071306448,1.000009307130646,1.000009407439316,1.0803791143293019e-10,1.0000093071306462,1.0000093071306466,1.0000093071306448,1.0000093071306453,1.000009307130646,1.139968502040058e-10,1.000009307130647,1.0864743770695352e-10,2.69874610648531e-07,1.0000093118921243,1.0864743729790045e-10,1.0000099693165954,1.0927422019918104e-10,1.0000093071306444,1.000009307130646,1.0847550990521837e-10,2.4044898346103186e-07
2.5708080371886574e-06,4.909708637384143e-14,4.6696460640014615e-14,1.0927421660122132e-10,4.683499855754405e-14,1.0927421660727121e-10,1.0927421659390267e-10,1.0927421660849176e-10,1.0927421710014164e-10,2.1672593971848905e-07,1.0927421658703312e-10,4.919530193185634e-14,1.0927421663016448e-10,1.0927421707692378e-10,1.0927421658703312e-10,1.0927421660121443e-10,1.0927422768078564e-10,2.323315368467335e-17,1.0927421660279168e-10,1.0927421659857965e-10,1.0927421659390267e-10,1.0927421658798121e-10,1.0927421660121443e-10,4.878599137363568e-14,1.0927421662263021e-10,4.653198200995956e-14,2.949256149777616e-17,1.0927421717751923e-10,4.653198187010212e-14,1.0927422019918104e-10,6.316988559549808e-07,1.0927421658703312e-10,1.0927421658798121e-10,2.3472558325483142e-17,5.1947768834776794e-14
1.0000088482095497,1.1461276539100922e-10,1.0900220095210274e-10,1.0000092766432274,1.0932229172352777e-10,1.0000092766432263,1.0000092766432291,1.0000092766432278,1.000009281404705,1.000009204398123,1.0000092766432274,1.1481315371811607e-10,1.0000092766432274,1.0000092814047048,1.0000092766432265,1.000009276643228,1.0000093769518956,1.0803790799963157e-10,1.0000092766432287,1.0000092766432287,1.0000092766432267,1.0000092766432276,1.0000092766432291,1.1399684670422011e-10,1.0000092766432291,1.086474341046214e-10,1.3607200659173527e-10,1.0000092814047061,1.0864743388190886e-10,1.0000093071306444,1.0927421658703312e-10,1.0000099083417566,1.0000092766432278,1.0847550645490706e-10,1.2123547173544263e-10
1.0000088482095533,1.1461276552076689e-10,1.0900220095210274e-10,1.0000092766432291,1.093222917343517e-10,1.0000092766432267,1.0000092766432287,1.0000092766432276,1.000009281404706,1.0000092043981235,1.0000092766432278,1.14813153715843e-10,1.0000092766432287,1.0000092814047057,1.0000092766432276,1.0000092766432294,1.0000093769518956,1.0803790809066586e-10,1.0000092766432285,1.0000092766432287,1.0000092766432276,1.0000092766432285,1.00000927664323,1.1399684667536434e-10,1.00000927664323,1.0864743426549725e-10,1.3607200660336517e-10,1.0000092814047066,1.086474338345784e-10,1.000009307130646,1.0927421658798121e-10,1.0000092766432278,1.000009908341753,1.0847550646786433e-10,1.212354717962995e-10
2.5692239409183937e-06,4.867836203374907e-14,4.629868561044888e-14,1.0847550646381698e-10,4.643630385937747e-14,1.0847550645521308e-10,1.084755064623299e-10,1.0847550645241745e-10,1.0847550699077643e-10,2.1514184070487147e-07,1.0847550646786433e-10,4.877778031997193e-14,1.0847550636262507e-10,1.0847550700526791e-10,1.0847550646814482e-10,1.0847550641194347e-10,1.0847551787685901e-10,4.580959635766981e-14,1.0847550645915608e-10,1.0847550645241745e-10,1.084755064843815e-10,1.0847550646565464e-10,1.0847550646733011e-10,2.507690973888558e-17,1.0847550641418363e-10,2.3447639832806657e-17,2.9100369100731875e-17,1.0847550696312512e-10,2.344785271108647e-17,1.0847550990521837e-10,2.3472558325483142e-17,1.0847550645490706e-10,1.0847550646786433e-10,6.316988535273338e-07,5.150698295441781e-14
2.594530991520239e-06,2.761934658079743e-17,2.5889532314754987e-17,1.2123547169196953e-10,5.196736716072704e-14,1.2123547170031594e-10,1.2123547174498413e-10,1.2123547171052606e-10,1.2123547239741674e-10,2.40448958035102e-07,1.2123547165663186e-10,5.4586199512329666e-14,1.2123547177789356e-10,1.2123547229533735e-10,1.2123547166382176e-10,1.2123547168109397e-10,2.404490007483222e-07,2.5899833550619857e-17,1.2123547166714685e-10,1.2123547166064355e-10,1.2123547172800772e-10,1.212354717193654e-10,1.2123547166476356e-10,5.413298715942684e-14,1.2123547174820215e-10,2.6040913026672367e-17,6.463261157199311e-14,1.2123547225520092e-10,2.6065829885079094e-17,2.4044898346103186e-07,5.1947768834776794e-14,1.2123547173544263e-10,1.212354717962995e-10,5.150698295441781e-14,6.316988645580574e-07
