1.0000000094275383,0.9999735988287018,6.934818800769768e-06,6.883629788604978e-06,0.9999735988286861,6.883629787127052e-06,0.9999735988286876,0.9999740293565984,0.9999740293565887,0.9999740293565962,0.9999735988286913,0.9999735988286876,0.9999735988286876,6.88362978861847e-06,0.9999735988286913,0.9999740293565959,0.9999735988286913,0.9999735988286855,0.999973598828689,6.8836297871417656e-06,0.999973598828689,0.9999735988286903,0.999973598828689,0.999973598828689,0.999973598828689,0.9999740293565952,0.9999740293565925,0.999973598828689,0.999973598828689,6.883629795652151e-06,0.9999740293565952,0.9999740293565939,0.999973598828689,0.9999740515297796,6.883629788850278e-06,6.883629788111333e-06,6.883629787140582e-06,6.883629788865965e-06,0.999973598828689,0.9999740293565952,0.999973598828689,0.99997359882869,0.9999740293565922,6.934818811084032e-06,0.9999740293565952,0.9999740293565922,6.883629788603962e-06,0.9999740293565949,6.883629787127052e-06,0.9999740293565949,0.9999740293565973,0.9999735988286896,0.9999735988286896,0.999973598828688,0.999974051529776,0.9999735988286896,0.9999735988286896,0.9999735988286896,0.9999740293565962,0.9999735988286922,0.9999735988286896
0.9999735988287018,0.9999703091032232,8.240466764281824e-07,7.728585138519799e-07,0.9999521167223979,7.728585153357659e-07,0.9999521167223999,0.9999525472433896,0.9999525472433882,0.9999525472433893,0.9999521167223999,0.9999521167224005,0.9999521167224005,7.728585146331237e-07,0.9999521167224004,0.999952547243389,0.9999521167224004,0.9999521167223975,0.9999521167223994,7.728585148959956e-07,0.9999521167223994,0.9999521167224001,0.9999521167224001,0.9999521167224001,0.9999521167224001,0.9999525472433891,0.999952547243389,0.9999521167224001,0.9999521167224001,7.728585149096782e-07,0.9999525472433891,0.9999525472433896,0.9999521167223974,0.9999525694162108,7.728585150915027e-07,7.728585151384532e-07,7.72858514907231e-07,7.728585141716208e-07,0.9999521167224001,0.9999525472433886,0.9999521167224001,0.9999521167224005,0.9999525472433886,8.240466757588699e-07,0.9999525472433886,0.9999525472433886,7.728585142272851e-07,0.9999525472433891,7.728585149719024e-07,0.9999525472433891,0.9999525472433893,0.9999521167224005,0.9999521167224005,0.9999521167223998,0.999952569416211,0.9999521167223998,0.9999521167223998,0.9999521167223998,0.9999525472433886,0.9999521167224001,0.9999521167223998
6.934818800769768e-06,8.240466764281824e-07,1.819238286999399e-05,4.614069298778172e-13,8.24046676428162e-07,4.614069320335064e-13,8.240466764281606e-07,4.139410094612607e-10,4.139410098117502e-10,4.139410095508066e-10,8.240466764281614e-07,8.24046676428161e-07,8.24046676428161e-07,4.61406931159631e-13,8.240466764281625e-07,4.139410098117502e-10,8.240466764281625e-07,8.240466764281607e-07,8.240466764281607e-07,4.614069314252933e-13,8.240466764281607e-07,8.240466764281628e-07,8.240466764281619e-07,8.240466764281619e-07,8.240466764281619e-07,4.1394100956616116e-10,4.1394100956616116e-10,8.240466764281619e-07,8.240466764281619e-07,4.614069315202093e-13,4.139410096097711e-10,4.1394100956617424e-10,8.240466764281597e-07,8.240469867832239e-07,4.614069316061021e-13,4.614069319298582e-13,4.614069314612002e-13,4.614069300645057e-13,8.240466764281619e-07,4.139410096657433e-10,8.240466764281619e-07,8.240466764281636e-07,4.139410096657433e-10,4.919949810680554e-13,4.139410099035349e-10,4.139410096657433e-10,4.614069303492746e-13,4.139410098117502e-10,4.614069314027514e-13,4.1394100964357937e-10,4.1394100956617424e-10,8.240466764281646e-07,8.240466764281646e-07,8.240466764281635e-07,4.139410172346675e-10,8.240466764281635e-07,8.240466764281635e-07,8.240466764281635e-07,4.139410096657433e-10,8.240466764281619e-07,8.240466764281635e-07
6.883629788604978e-06,7.728585138519799e-07,4.614069298778172e-13,1.8192382813948477e-05,7.728585138519592e-07,4.327205796094807e-13,7.728585138519608e-07,3.882278062918104e-10,3.8822780628118935e-10,3.882278064144481e-10,7.728585138519596e-07,7.728585138519622e-07,7.728585138519622e-07,4.327205787899631e-13,7.728585138519614e-07,3.882278063924457e-10,7.728585138519614e-07,7.728585138519592e-07,7.728585138519604e-07,4.3272057903910105e-13,7.728585138519604e-07,7.728585138519622e-07,7.728585138519608e-07,7.728585138519608e-07,7.728585138519608e-07,3.882278061686087e-10,3.882278061686087e-10,7.728585138519608e-07,7.728585138519608e-07,4.327205791280595e-13,3.882278061686087e-10,3.882278063924457e-10,7.728585138519578e-07,3.8822781355916764e-10,4.327205792086725e-13,4.3272057951229733e-13,4.327205790727041e-13,4.327205777628006e-13,7.728585138519608e-07,3.882278062674473e-10,7.728585138519608e-07,7.728585138519609e-07,3.8822780643042286e-10,4.61406929253635e-13,3.882278063924457e-10,3.8822780643042286e-10,4.327205780298425e-13,3.882278062674473e-10,4.327205790178334e-13,3.882278062918104e-10,3.882278065830517e-10,7.728585138519611e-07,7.728585138519611e-07,7.728585138519604e-07,3.8822781348594065e-10,7.728585138519604e-07,7.728585138519604e-07,7.728585138519604e-07,3.882278064144481e-10,7.728585138519622e-07,7.728585138519604e-07
0.9999735988286861,0.9999521167223979,8.24046676428162e-07,7.728585138519592e-07,0.9999703091031885,7.728585153357435e-07,0.9999521167223798,0.9999525472433707,0.999952547243369,0.999952547243369,0.9999521167223792,0.9999521167223806,0.9999521167223806,7.728585146331026e-07,0.9999521167223806,0.9999525472433695,0.9999521167223806,0.9999521167223792,0.9999521167223792,7.728585148959765e-07,0.9999521167223792,0.9999521167223812,0.9999521167223798,0.9999521167223798,0.9999521167223798,0.9999525472433696,0.9999525472433695,0.9999521167223798,0.9999521167223798,7.728585149096575e-07,0.9999525472433696,0.9999525472433696,0.999952116722378,0.9999525694161905,7.728585150914827e-07,7.728585151384319e-07,7.728585149072109e-07,7.728585141716016e-07,0.9999521167223798,0.9999525472433687,0.9999521167223798,0.9999521167223806,0.9999525472433687,8.240466757588464e-07,0.9999525472433687,0.9999525472433687,7.728585142272667e-07,0.9999525472433696,7.728585149718815e-07,0.9999525472433696,0.9999525472433699,0.9999521167223814,0.9999521167223814,0.9999521167223808,0.9999525694161905,0.9999521167223809,0.9999521167223809,0.9999521167223809,0.9999525472433687,0.9999521167223806,0.9999521167223809
6.883629787127052e-06,7.728585153357659e-07,4.614069320335064e-13,4.327205796094807e-13,7.728585153357435e-07,1.8192382813948477e-05,7.728585153357458e-07,3.8822780697868076e-10,3.882278069865195e-10,3.882278071325851e-10,7.728585153357442e-07,7.728585153357467e-07,7.728585153357467e-07,4.3272058081178055e-13,7.728585153357462e-07,3.882278071589106e-10,7.728585153357462e-07,7.728585153357433e-07,7.728585153357447e-07,4.327205810609192e-13,7.728585153357447e-07,7.728585153357473e-07,7.728585153357458e-07,7.728585153357458e-07,7.728585153357458e-07,3.8822780687148503e-10,3.8822780717639693e-10,7.728585153357458e-07,7.728585153357458e-07,4.327205811498745e-13,3.882278071589106e-10,3.882278070169233e-10,7.728585153357424e-07,3.8822781439564763e-10,4.3272058123048545e-13,4.3272058153412324e-13,4.3272058109451976e-13,4.3272057978461595e-13,7.728585153357458e-07,3.882278070169233e-10,7.728585153357458e-07,7.728585153357457e-07,3.882278071589106e-10,4.614069314093273e-13,3.8822780683211294e-10,3.8822780717639693e-10,4.327205800516585e-13,3.8822780714635384e-10,4.3272058103964806e-13,3.882278071325851e-10,3.882278071325851e-10,7.728585153357469e-07,7.728585153357469e-07,7.728585153357462e-07,3.882278145537223e-10,7.728585153357462e-07,7.728585153357462e-07,7.728585153357462e-07,3.882278071090904e-10,7.728585153357469e-07,7.728585153357462e-07
0.9999735988286876,0.9999521167223999,8.240466764281606e-07,7.728585138519608e-07,0.9999521167223798,7.728585153357458e-07,0.9999703091031945,0.9999525472433718,0.999952547243369,0.9999525472433709,0.9999521167223804,0.9999521167223812,0.9999521167223812,7.728585146331038e-07,0.9999521167223809,0.999952547243371,0.9999521167223809,0.9999521167223798,0.9999521167223797,7.728585148959765e-07,0.9999521167223797,0.9999521167223803,0.9999521167223803,0.9999521167223803,0.9999521167223803,0.999952547243371,0.9999525472433707,0.9999521167223803,0.9999521167223803,7.728585149096572e-07,0.999952547243371,0.9999525472433705,0.9999521167223789,0.9999525694161909,7.728585150914824e-07,7.728585151384326e-07,7.728585149072107e-07,7.728585141716005e-07,0.9999521167223803,0.9999525472433695,0.9999521167223803,0.9999521167223808,0.9999525472433712,8.24046675758849e-07,0.999952547243369,0.9999525472433712,7.728585142272651e-07,0.999952547243371,7.728585149718836e-07,0.999952547243371,0.9999525472433699,0.9999521167223812,0.9999521167223812,0.99995211672238,0.999952569416191,0.9999521167223804,0.9999521167223804,0.9999521167223804,0.9999525472433701,0.9999521167223803,0.9999521167223804
0.9999740293565984,0.9999525472433896,4.139410094612607e-10,3.882278062918104e-10,0.9999525472433707,3.8822780697868076e-10,0.9999525472433718,0.9999711701452202,0.999952977764526,0.999952977764527,0.9999525472433707,0.999952547243372,0.999952547243372,3.8822780658985727e-10,0.9999525472433716,0.9999529777645275,0.9999525472433716,0.999952547243369,0.9999525472433712,3.882278066918736e-10,0.9999525472433712,0.9999525472433709,0.9999525472433718,0.9999525472433718,0.9999525472433718,0.9999529777645273,0.9999529777645267,0.9999525472433718,0.9999525472433718,3.88227806852657e-10,0.9999529777645273,0.9999529777645275,0.9999525472433695,0.9999529999373573,3.8822780693520895e-10,3.882278071101288e-10,3.8822780683841264e-10,3.8822780646918026e-10,0.9999525472433718,0.9999529777645267,0.9999525472433718,0.9999525472433709,0.9999529777645267,4.139410094091336e-10,0.9999529777645267,0.9999529777645267,3.8822780660484186e-10,0.9999529777645273,3.882278069623808e-10,0.9999529777645273,0.9999529777645276,0.9999525472433718,0.9999525472433718,0.9999525472433707,0.9999529999373568,0.999952547243371,0.999952547243371,0.999952547243371,0.9999529777645262,0.999952547243371,0.999952547243371
0.9999740293565887,0.9999525472433882,4.139410098117502e-10,3.8822780628118935e-10,0.999952547243369,3.882278069865195e-10,0.999952547243369,0.999952977764526,0.9999711701452123,0.9999529777645256,0.9999525472433681,0.999952547243369,0.999952547243369,3.882278066232254e-10,0.999952547243369,0.9999529777645254,0.999952547243369,0.9999525472433684,0.9999525472433687,3.8822780683287213e-10,0.9999525472433687,0.999952547243369,0.999952547243369,0.999952547243369,0.999952547243369,0.999952977764526,0.9999529777645251,0.999952547243369,0.999952547243369,3.8822780689733184e-10,0.999952977764526,0.9999529777645256,0.9999525472433676,0.999952999937355,3.882278068712279e-10,3.8822780705261607e-10,3.8822780692786576e-10,3.882278063562453e-10,0.999952547243369,0.9999529777645241,0.999952547243369,0.999952547243369,0.9999529777645243,4.1394100925972207e-10,0.9999529777645241,0.9999529777645243,3.8822780652098e-10,0.999952977764526,3.882278070225389e-10,0.999952977764526,0.9999529777645254,0.9999525472433701,0.9999525472433701,0.9999525472433692,0.9999529999373559,0.9999525472433692,0.9999525472433692,0.9999525472433692,0.9999529777645245,0.999952547243369,0.9999525472433692
0.9999740293565962,0.9999525472433893,4.139410095508066e-10,3.882278064144481e-10,0.999952547243369,3.882278071325851e-10,0.9999525472433709,0.999952977764527,0.9999529777645256,0.9999711701452177,0.9999525472433699,0.9999525472433715,0.9999525472433715,3.8822780709460195e-10,0.9999525472433721,0.9999529777645264,0.9999525472433721,0.9999525472433687,0.9999525472433695,3.8822780684427714e-10,0.9999525472433695,0.9999525472433707,0.999952547243371,0.999952547243371,0.999952547243371,0.9999529777645275,0.9999529777645271,0.999952547243371,0.999952547243371,3.8822780686265286e-10,0.9999529777645275,0.9999529777645264,0.9999525472433687,0.9999529999373573,3.88227807011006e-10,3.8822780709348753e-10,3.882278069517009e-10,3.882278064940448e-10,0.999952547243371,0.999952977764526,0.999952547243371,0.9999525472433707,0.9999529777645267,4.1394100935303534e-10,0.999952977764526,0.9999529777645267,3.8822780642815473e-10,0.9999529777645273,3.8822780685848345e-10,0.9999529777645273,0.9999529777645265,0.999952547243371,0.999952547243371,0.9999525472433699,0.9999529999373575,0.9999525472433699,0.9999525472433699,0.9999525472433699,0.999952977764526,0.9999525472433709,0.9999525472433699
0.9999735988286913,0.9999521167223999,8.240466764281614e-07,7.728585138519596e-07,0.9999521167223792,7.728585153357442e-07,0.9999521167223804,0.9999525472433707,0.9999525472433681,0.9999525472433699,0.9999703091031924,0.9999521167223814,0.9999521167223814,7.728585146331024e-07,0.9999521167223809,0.9999525472433703,0.9999521167223809,0.9999521167223793,0.9999521167223795,7.728585148959754e-07,0.9999521167223795,0.9999521167223806,0.9999521167223804,0.9999521167223804,0.9999521167223804,0.999952547243371,0.9999525472433701,0.9999521167223804,0.9999521167223804,7.728585149096563e-07,0.999952547243371,0.9999525472433707,0.9999521167223786,0.9999525694161907,7.728585150914827e-07,7.728585151384306e-07,7.728585149072109e-07,7.728585141716008e-07,0.9999521167223804,0.9999525472433699,0.9999521167223804,0.9999521167223809,0.9999525472433707,8.240466757588476e-07,0.9999525472433699,0.9999525472433707,7.728585142272659e-07,0.999952547243371,7.728585149718806e-07,0.999952547243371,0.9999525472433703,0.9999521167223819,0.9999521167223819,0.9999521167223814,0.9999525694161913,0.9999521167223815,0.9999521167223815,0.9999521167223815,0.999952547243369,0.9999521167223806,0.9999521167223815
0.9999735988286876,0.9999521167224005,8.24046676428161e-07,7.728585138519622e-07,0.9999521167223806,7.728585153357467e-07,0.9999521167223812,0.999952547243372,0.999952547243369,0.9999525472433715,0.9999521167223814,0.9999703091031891,0.9999521167223825,7.72858514633104e-07,0.9999521167223822,0.9999525472433718,0.9999521167223822,0.9999521167223806,0.9999521167223822,7.72858514895977e-07,0.9999521167223822,0.9999521167223809,0.9999521167223814,0.9999521167223814,0.9999521167223814,0.9999525472433715,0.9999525472433715,0.9999521167223814,0.9999521167223814,7.728585149096582e-07,0.9999525472433715,0.9999525472433715,0.9999521167223795,0.9999525694161916,7.728585150914832e-07,7.72858515138434e-07,7.728585149072109e-07,7.728585141716012e-07,0.9999521167223814,0.999952547243371,0.9999521167223814,0.9999521167223814,0.9999525472433718,8.240466757588482e-07,0.9999525472433709,0.9999525472433718,7.728585142272661e-07,0.9999525472433715,7.728585149718835e-07,0.9999525472433715,0.9999525472433707,0.9999521167223815,0.9999521167223815,0.9999521167223806,0.999952569416192,0.9999521167223806,0.9999521167223806,0.9999521167223806,0.9999525472433703,0.9999521167223809,0.9999521167223806
0.9999735988286876,0.9999521167224005,8.24046676428161e-07,7.728585138519622e-07,0.9999521167223806,7.728585153357467e-07,0.9999521167223812,0.999952547243372,0.999952547243369,0.9999525472433715,0.9999521167223814,0.9999521167223825,0.9999703091031891,7.72858514633104e-07,0.9999521167223822,0.9999525472433718,0.9999521167223822,0.9999521167223806,0.9999521167223822,7.72858514895977e-07,0.9999521167223822,0.9999521167223809,0.9999521167223814,0.9999521167223814,0.9999521167223814,0.9999525472433715,0.9999525472433715,0.9999521167223814,0.9999521167223814,7.728585149096582e-07,0.9999525472433715,0.9999525472433715,0.9999521167223795,0.9999525694161916,7.728585150914832e-07,7.72858515138434e-07,7.728585149072109e-07,7.728585141716012e-07,0.9999521167223814,0.999952547243371,0.9999521167223814,0.9999521167223814,0.9999525472433718,8.240466757588482e-07,0.9999525472433709,0.9999525472433718,7.728585142272661e-07,0.9999525472433715,7.728585149718835e-07,0.9999525472433715,0.9999525472433707,0.9999521167223815,0.9999521167223815,0.9999521167223806,0.999952569416192,0.9999521167223806,0.9999521167223806,0.9999521167223806,0.9999525472433703,0.9999521167223809,0.9999521167223806
6.88362978861847e-06,7.728585146331237e-07,4.61406931159631e-13,4.327205787899631e-13,7.728585146331026e-07,4.3272058081178055e-13,7.728585146331038e-07,3.8822780658985727e-10,3.882278066232254e-10,3.8822780709460195e-10,7.728585146331024e-07,7.72858514633104e-07,7.72858514633104e-07,1.8192382813948477e-05,7.728585146331037e-07,3.8822780675809345e-10,7.728585146331037e-07,7.728585146331011e-07,7.728585146331029e-07,4.3272058024140024e-13,7.728585146331029e-07,7.728585146331047e-07,7.72858514633104e-07,7.72858514633104e-07,7.72858514633104e-07,3.8822780658189514e-10,3.882278067541677e-10,7.72858514633104e-07,7.72858514633104e-07,4.327205803303604e-13,3.882278066232254e-10,3.882278067043201e-10,7.728585146331016e-07,3.882278140622298e-10,4.3272058041096863e-13,4.327205807146027e-13,4.327205802750029e-13,4.327205789650987e-13,7.72858514633104e-07,3.882278067541677e-10,7.72858514633104e-07,7.72858514633105e-07,3.8822780658985727e-10,4.614069305354488e-13,3.882278066232254e-10,3.882278067541677e-10,4.3272057923213756e-13,3.882278067043201e-10,4.327205802201306e-13,3.8822780670339696e-10,3.882278069239194e-10,7.728585146331058e-07,7.728585146331058e-07,7.728585146331044e-07,3.8822781406286206e-10,7.728585146331044e-07,7.728585146331044e-07,7.728585146331044e-07,3.882278067541677e-10,7.728585146331045e-07,7.728585146331044e-07
0.9999735988286913,0.9999521167224004,8.240466764281625e-07,7.728585138519614e-07,0.9999521167223806,7.728585153357462e-07,0.9999521167223809,0.9999525472433716,0.999952547243369,0.9999525472433721,0.9999521167223809,0.9999521167223822,0.9999521167223822,7.728585146331037e-07,0.9999703091031955,0.9999525472433718,0.9999521167223823,0.9999521167223803,0.9999521167223798,7.728585148959754e-07,0.9999521167223798,0.9999521167223814,0.9999521167223809,0.9999521167223809,0.9999521167223809,0.9999525472433718,0.9999525472433707,0.9999521167223809,0.9999521167223809,7.728585149096579e-07,0.9999525472433718,0.999952547243371,0.9999521167223792,0.9999525694161909,7.728585150914837e-07,7.728585151384306e-07,7.72858514907212e-07,7.728585141716016e-07,0.9999521167223809,0.9999525472433707,0.9999521167223809,0.9999521167223819,0.9999525472433707,8.240466757588497e-07,0.9999525472433707,0.9999525472433707,7.728585142272665e-07,0.9999525472433718,7.728585149718817e-07,0.9999525472433718,0.999952547243371,0.9999521167223822,0.9999521167223822,0.9999521167223814,0.999952569416192,0.9999521167223814,0.9999521167223814,0.9999521167223814,0.9999525472433703,0.9999521167223815,0.9999521167223814
0.9999740293565959,0.999952547243389,4.139410098117502e-10,3.882278063924457e-10,0.9999525472433695,3.882278071589106e-10,0.999952547243371,0.9999529777645275,0.9999529777645254,0.9999529777645264,0.9999525472433703,0.9999525472433718,0.9999525472433718,3.8822780675809345e-10,0.9999525472433718,0.9999711701452162,0.9999525472433718,0.9999525472433692,0.9999525472433695,3.882278066677449e-10,0.9999525472433695,0.9999525472433715,0.999952547243371,0.999952547243371,0.999952547243371,0.999952977764527,0.9999529777645267,0.999952547243371,0.999952547243371,3.88227806862023e-10,0.999952977764527,0.999952977764527,0.9999525472433679,0.9999529999373564,3.8822780712104076e-10,3.882278070406166e-10,3.8822780681789784e-10,3.8822780646918026e-10,0.999952547243371,0.999952977764526,0.999952547243371,0.9999525472433699,0.9999529777645271,4.1394100935303534e-10,0.9999529777645256,0.9999529777645271,3.8822780653153954e-10,0.999952977764527,3.882278070204704e-10,0.999952977764527,0.9999529777645265,0.9999525472433716,0.9999525472433716,0.9999525472433712,0.9999529999373575,0.9999525472433712,0.9999525472433712,0.9999525472433712,0.9999529777645262,0.999952547243371,0.9999525472433712
0.9999735988286913,0.9999521167224004,8.240466764281625e-07,7.728585138519614e-07,0.9999521167223806,7.728585153357462e-07,0.9999521167223809,0.9999525472433716,0.999952547243369,0.9999525472433721,0.9999521167223809,0.9999521167223822,0.9999521167223822,7.728585146331037e-07,0.9999521167223823,0.9999525472433718,0.9999703091031955,0.9999521167223803,0.9999521167223798,7.728585148959754e-07,0.9999521167223798,0.9999521167223814,0.9999521167223809,0.9999521167223809,0.9999521167223809,0.9999525472433718,0.9999525472433707,0.9999521167223809,0.9999521167223809,7.728585149096579e-07,0.9999525472433718,0.999952547243371,0.9999521167223792,0.9999525694161909,7.728585150914837e-07,7.728585151384306e-07,7.72858514907212e-07,7.728585141716016e-07,0.9999521167223809,0.9999525472433707,0.9999521167223809,0.9999521167223819,0.9999525472433707,8.240466757588497e-07,0.9999525472433707,0.9999525472433707,7.728585142272665e-07,0.9999525472433718,7.728585149718817e-07,0.9999525472433718,0.999952547243371,0.9999521167223822,0.9999521167223822,0.9999521167223814,0.999952569416192,0.9999521167223814,0.9999521167223814,0.9999521167223814,0.9999525472433703,0.9999521167223815,0.9999521167223814
0.9999735988286855,0.9999521167223975,8.240466764281607e-07,7.728585138519592e-07,0.9999521167223792,7.728585153357433e-07,0.9999521167223798,0.999952547243369,0.9999525472433684,0.9999525472433687,0.9999521167223793,0.9999521167223806,0.9999521167223806,7.728585146331011e-07,0.9999521167223803,0.9999525472433692,0.9999521167223803,0.9999703091031881,0.9999521167223789,7.728585148959765e-07,0.9999521167223789,0.9999521167223798,0.9999521167223798,0.9999521167223798,0.9999521167223798,0.999952547243369,0.9999525472433689,0.9999521167223798,0.9999521167223798,7.728585149096564e-07,0.999952547243369,0.9999525472433696,0.9999521167223773,0.9999525694161907,7.728585150914817e-07,7.728585151384316e-07,7.728585149072109e-07,7.728585141716005e-07,0.9999521167223798,0.9999525472433689,0.9999521167223798,0.9999521167223793,0.9999525472433687,8.240466757588468e-07,0.9999525472433687,0.9999525472433687,7.728585142272656e-07,0.999952547243369,7.728585149718813e-07,0.999952547243369,0.9999525472433701,0.9999521167223804,0.9999521167223804,0.9999521167223795,0.9999525694161905,0.9999521167223797,0.9999521167223797,0.9999521167223797,0.9999525472433679,0.9999521167223797,0.9999521167223797
0.999973598828689,0.9999521167223994,8.240466764281607e-07,7.728585138519604e-07,0.9999521167223792,7.728585153357447e-07,0.9999521167223797,0.9999525472433712,0.9999525472433687,0.9999525472433695,0.9999521167223795,0.9999521167223822,0.9999521167223822,7.728585146331029e-07,0.9999521167223798,0.9999525472433695,0.9999521167223798,0.9999521167223789,0.9999703091031894,7.728585148959759e-07,0.9999521167223798,0.9999521167223795,0.9999521167223797,0.9999521167223797,0.9999521167223797,0.9999525472433703,0.9999525472433695,0.9999521167223797,0.9999521167223797,7.728585149096564e-07,0.9999525472433703,0.9999525472433696,0.9999521167223787,0.9999525694161905,7.728585150914814e-07,7.728585151384308e-07,7.728585149072091e-07,7.728585141716005e-07,0.9999521167223797,0.9999525472433692,0.9999521167223797,0.9999521167223797,0.9999525472433695,8.240466757588497e-07,0.9999525472433692,0.9999525472433695,7.728585142272651e-07,0.9999525472433703,7.728585149718829e-07,0.9999525472433703,0.999952547243369,0.9999521167223809,0.9999521167223809,0.9999521167223806,0.9999525694161909,0.9999521167223803,0.9999521167223803,0.9999521167223803,0.9999525472433687,0.9999521167223795,0.9999521167223803
6.8836297871417656e-06,7.728585148959956e-07,4.614069314252933e-13,4.3272057903910105e-13,7.728585148959765e-07,4.327205810609192e-13,7.728585148959765e-07,3.882278066918736e-10,3.8822780683287213e-10,3.8822780684427714e-10,7.728585148959754e-07,7.72858514895977e-07,7.72858514895977e-07,4.3272058024140024e-13,7.728585148959754e-07,3.882278066677449e-10,7.728585148959754e-07,7.728585148959765e-07,7.728585148959759e-07,1.8192382813948477e-05,7.728585148959759e-07,7.728585148959762e-07,7.728585148959765e-07,7.728585148959765e-07,7.728585148959765e-07,3.8822780687404644e-10,3.882278068816853e-10,7.728585148959764e-07,7.728585148959764e-07,4.327205805794963e-13,3.882278068055641e-10,3.8822780686150975e-10,7.728585148959757e-07,3.8822781425425103e-10,4.327205806601049e-13,4.3272058096373925e-13,4.3272058052413985e-13,4.327205792142374e-13,7.728585148959764e-07,3.882278067758141e-10,7.728585148959764e-07,7.728585148959755e-07,3.882278067095557e-10,4.614069308011151e-13,3.882278068816853e-10,3.8822780682498016e-10,4.327205794812752e-13,3.88227806817569e-10,4.3272058046927154e-13,3.8822780682498016e-10,3.8822780682498016e-10,7.728585148959764e-07,7.728585148959764e-07,7.728585148959764e-07,3.8822781399137174e-10,7.728585148959764e-07,7.728585148959764e-07,7.728585148959764e-07,3.882278068816853e-10,7.728585148959762e-07,7.728585148959764e-07
0.999973598828689,0.9999521167223994,8.240466764281607e-07,7.728585138519604e-07,0.9999521167223792,7.728585153357447e-07,0.9999521167223797,0.9999525472433712,0.9999525472433687,0.9999525472433695,0.9999521167223795,0.9999521167223822,0.9999521167223822,7.728585146331029e-07,0.9999521167223798,0.9999525472433695,0.9999521167223798,0.9999521167223789,0.9999521167223798,7.728585148959759e-07,0.9999703091031894,0.9999521167223795,0.9999521167223797,0.9999521167223797,0.9999521167223797,0.9999525472433703,0.9999525472433695,0.9999521167223797,0.9999521167223797,7.728585149096564e-07,0.9999525472433703,0.9999525472433696,0.9999521167223787,0.9999525694161905,7.728585150914814e-07,7.728585151384308e-07,7.728585149072091e-07,7.728585141716005e-07,0.9999521167223797,0.9999525472433692,0.9999521167223797,0.9999521167223797,0.9999525472433695,8.240466757588497e-07,0.9999525472433692,0.9999525472433695,7.728585142272651e-07,0.9999525472433703,7.728585149718829e-07,0.9999525472433703,0.999952547243369,0.9999521167223809,0.9999521167223809,0.9999521167223806,0.9999525694161909,0.9999521167223803,0.9999521167223803,0.9999521167223803,0.9999525472433687,0.9999521167223795,0.9999521167223803
0.9999735988286903,0.9999521167224001,8.240466764281628e-07,7.728585138519622e-07,0.9999521167223812,7.728585153357473e-07,0.9999521167223803,0.9999525472433709,0.999952547243369,0.9999525472433707,0.9999521167223806,0.9999521167223809,0.9999521167223809,7.728585146331047e-07,0.9999521167223814,0.9999525472433715,0.9999521167223814,0.9999521167223798,0.9999521167223795,7.728585148959762e-07,0.9999521167223795,0.9999703091031943,0.9999521167223808,0.9999521167223808,0.9999521167223808,0.999952547243371,0.9999525472433715,0.9999521167223808,0.9999521167223808,7.728585149096584e-07,0.999952547243371,0.9999525472433712,0.99995211672238,0.999952569416192,7.728585150914833e-07,7.728585151384329e-07,7.728585149072121e-07,7.728585141716024e-07,0.9999521167223808,0.9999525472433707,0.9999521167223808,0.9999521167223806,0.9999525472433715,8.240466757588488e-07,0.9999525472433707,0.9999525472433715,7.728585142272651e-07,0.9999525472433709,7.728585149718829e-07,0.9999525472433712,0.9999525472433699,0.9999521167223809,0.9999521167223809,0.9999521167223803,0.9999525694161916,0.9999521167223803,0.9999521167223803,0.9999521167223803,0.9999525472433703,0.9999521167223808,0.9999521167223803
0.999973598828689,0.9999521167224001,8.240466764281619e-07,7.728585138519608e-07,0.9999521167223798,7.728585153357458e-07,0.9999521167223803,0.9999525472433718,0.999952547243369,0.999952547243371,0.9999521167223804,0.9999521167223814,0.9999521167223814,7.72858514633104e-07,0.9999521167223809,0.999952547243371,0.9999521167223809,0.9999521167223798,0.9999521167223797,7.728585148959765e-07,0.9999521167223797,0.9999521167223808,0.9999703091031945,0.9999521167223803,0.9999521167223803,0.999952547243371,0.9999525472433712,0.9999521167223803,0.9999521167223803,7.728585149096572e-07,0.999952547243371,0.9999525472433705,0.9999521167223789,0.9999525694161913,7.728585150914822e-07,7.728585151384329e-07,7.728585149072107e-07,7.728585141716005e-07,0.9999521167223803,0.9999525472433695,0.9999521167223803,0.9999521167223806,0.9999525472433712,8.240466757588509e-07,0.9999525472433692,0.9999525472433712,7.728585142272651e-07,0.999952547243371,7.728585149718838e-07,0.999952547243371,0.9999525472433699,0.9999521167223809,0.9999521167223809,0.9999521167223804,0.9999525694161915,0.9999521167223803,0.9999521167223803,0.9999521167223803,0.9999525472433701,0.9999521167223808,0.9999521167223803
0.999973598828689,0.9999521167224001,8.240466764281619e-07,7.728585138519608e-07,0.9999521167223798,7.728585153357458e-07,0.9999521167223803,0.9999525472433718,0.999952547243369,0.999952547243371,0.9999521167223804,0.9999521167223814,0.9999521167223814,7.72858514633104e-07,0.9999521167223809,0.999952547243371,0.9999521167223809,0.9999521167223798,0.9999521167223797,7.728585148959765e-07,0.9999521167223797,0.9999521167223808,0.9999521167223803,0.9999703091031945,0.9999521167223803,0.999952547243371,0.9999525472433712,0.9999521167223803,0.9999521167223803,7.728585149096572e-07,0.999952547243371,0.9999525472433705,0.9999521167223789,0.9999525694161913,7.728585150914822e-07,7.728585151384329e-07,7.728585149072107e-07,7.728585141716005e-07,0.9999521167223803,0.9999525472433695,0.9999521167223803,0.9999521167223806,0.9999525472433712,8.240466757588509e-07,0.9999525472433692,0.9999525472433712,7.728585142272651e-07,0.999952547243371,7.728585149718838e-07,0.999952547243371,0.9999525472433699,0.9999521167223809,0.9999521167223809,0.9999521167223804,0.9999525694161915,0.9999521167223803,0.9999521167223803,0.9999521167223803,0.9999525472433701,0.9999521167223808,0.9999521167223803
0.999973598828689,0.9999521167224001,8.240466764281619e-07,7.728585138519608e-07,0.9999521167223798,7.728585153357458e-07,0.9999521167223803,0.9999525472433718,0.999952547243369,0.999952547243371,0.9999521167223804,0.9999521167223814,0.9999521167223814,7.72858514633104e-07,0.9999521167223809,0.999952547243371,0.9999521167223809,0.9999521167223798,0.9999521167223797,7.728585148959765e-07,0.9999521167223797,0.9999521167223808,0.9999521167223803,0.9999521167223803,0.9999703091031945,0.999952547243371,0.9999525472433712,0.9999521167223803,0.9999521167223803,7.728585149096572e-07,0.999952547243371,0.9999525472433705,0.9999521167223789,0.9999525694161913,7.728585150914822e-07,7.728585151384329e-07,7.728585149072107e-07,7.728585141716005e-07,0.9999521167223803,0.9999525472433695,0.9999521167223803,0.9999521167223806,0.9999525472433712,8.240466757588509e-07,0.9999525472433692,0.9999525472433712,7.728585142272651e-07,0.999952547243371,7.728585149718838e-07,0.999952547243371,0.9999525472433699,0.9999521167223809,0.9999521167223809,0.9999521167223804,0.9999525694161915,0.9999521167223803,0.9999521167223803,0.9999521167223803,0.9999525472433701,0.9999521167223808,0.9999521167223803
0.9999740293565952,0.9999525472433891,4.1394100956616116e-10,3.882278061686087e-10,0.9999525472433696,3.8822780687148503e-10,0.999952547243371,0.9999529777645273,0.999952977764526,0.9999529777645275,0.999952547243371,0.9999525472433715,0.9999525472433715,3.8822780658189514e-10,0.9999525472433718,0.999952977764527,0.9999525472433718,0.999952547243369,0.9999525472433703,3.8822780687404644e-10,0.9999525472433703,0.999952547243371,0.999952547243371,0.999952547243371,0.999952547243371,0.9999711701452237,0.999952977764527,0.999952547243371,0.999952547243371,3.882278068890537e-10,0.9999529777645273,0.9999529777645275,0.9999525472433679,0.9999529999373566,3.882278069544069e-10,3.882278071101288e-10,3.882278069008537e-10,3.882278062794977e-10,0.999952547243371,0.9999529777645271,0.999952547243371,0.999952547243372,0.999952977764527,4.1394100925972207e-10,0.9999529777645271,0.999952977764527,3.8822780653153887e-10,0.9999529777645267,3.882278070600541e-10,0.9999529777645273,0.999952977764527,0.9999525472433723,0.9999525472433723,0.9999525472433716,0.9999529999373573,0.9999525472433716,0.9999525472433716,0.9999525472433716,0.9999529777645264,0.9999525472433707,0.9999525472433716
0.9999740293565925,0.999952547243389,4.1394100956616116e-10,3.882278061686087e-10,0.9999525472433695,3.8822780717639693e-10,0.9999525472433707,0.9999529777645267,0.9999529777645251,0.9999529777645271,0.9999525472433701,0.9999525472433715,0.9999525472433715,3.882278067541677e-10,0.9999525472433707,0.9999529777645267,0.9999525472433707,0.9999525472433689,0.9999525472433695,3.882278068816853e-10,0.9999525472433695,0.9999525472433715,0.9999525472433712,0.9999525472433712,0.9999525472433712,0.999952977764527,0.9999711701452237,0.9999525472433712,0.9999525472433712,3.882278067239473e-10,0.999952977764527,0.9999529777645271,0.9999525472433679,0.9999529999373561,3.882278070170512e-10,3.8822780716020037e-10,3.882278069427268e-10,3.882278064930097e-10,0.9999525472433712,0.999952977764526,0.9999525472433712,0.9999525472433715,0.9999529777645267,4.139410094091336e-10,0.9999529777645259,0.9999529777645267,3.8822780653153954e-10,0.9999529777645279,3.8822780691531526e-10,0.9999529777645279,0.9999529777645264,0.9999525472433721,0.9999525472433721,0.999952547243371,0.9999529999373573,0.999952547243371,0.999952547243371,0.999952547243371,0.9999529777645264,0.9999525472433707,0.999952547243371
0.999973598828689,0.9999521167224001,8.240466764281619e-07,7.728585138519608e-07,0.9999521167223798,7.728585153357458e-07,0.9999521167223803,0.9999525472433718,0.999952547243369,0.999952547243371,0.9999521167223804,0.9999521167223814,0.9999521167223814,7.72858514633104e-07,0.9999521167223809,0.999952547243371,0.9999521167223809,0.9999521167223798,0.9999521167223797,7.728585148959764e-07,0.9999521167223797,0.9999521167223808,0.9999521167223803,0.9999521167223803,0.9999521167223803,0.999952547243371,0.9999525472433712,0.9999703091031945,0.9999521167223803,7.728585149096572e-07,0.999952547243371,0.9999525472433705,0.9999521167223789,0.9999525694161913,7.728585150914822e-07,7.728585151384326e-07,7.728585149072107e-07,7.728585141716005e-07,0.9999521167223803,0.9999525472433695,0.9999521167223803,0.9999521167223806,0.9999525472433712,8.240466757588509e-07,0.9999525472433692,0.9999525472433712,7.728585142272651e-07,0.999952547243371,7.728585149718838e-07,0.999952547243371,0.9999525472433699,0.9999521167223809,0.9999521167223809,0.9999521167223804,0.9999525694161915,0.9999521167223803,0.9999521167223803,0.9999521167223803,0.9999525472433701,0.9999521167223808,0.9999521167223803
0.999973598828689,0.9999521167224001,8.240466764281619e-07,7.728585138519608e-07,0.9999521167223798,7.728585153357458e-07,0.9999521167223803,0.9999525472433718,0.999952547243369,0.999952547243371,0.9999521167223804,0.9999521167223814,0.9999521167223814,7.72858514633104e-07,0.9999521167223809,0.999952547243371,0.9999521167223809,0.9999521167223798,0.9999521167223797,7.728585148959764e-07,0.9999521167223797,0.9999521167223808,0.9999521167223803,0.9999521167223803,0.9999521167223803,0.999952547243371,0.9999525472433712,0.9999521167223803,0.9999703091031945,7.728585149096572e-07,0.999952547243371,0.9999525472433705,0.9999521167223789,0.9999525694161913,7.728585150914822e-07,7.728585151384326e-07,7.728585149072107e-07,7.728585141716005e-07,0.9999521167223803,0.9999525472433695,0.9999521167223803,0.9999521167223806,0.9999525472433712,8.240466757588509e-07,0.9999525472433692,0.9999525472433712,7.728585142272651e-07,0.999952547243371,7.728585149718838e-07,0.999952547243371,0.9999525472433699,0.9999521167223809,0.9999521167223809,0.9999521167223804,0.9999525694161915,0.9999521167223803,0.9999521167223803,0.9999521167223803,0.9999525472433701,0.9999521167223808,0.9999521167223803
6.883629795652151e-06,7.728585149096782e-07,4.614069315202093e-13,4.327205791280595e-13,7.728585149096575e-07,4.327205811498745e-13,7.728585149096572e-07,3.88227806852657e-10,3.8822780689733184e-10,3.8822780686265286e-10,7.728585149096563e-07,7.728585149096582e-07,7.728585149096582e-07,4.327205803303604e-13,7.728585149096579e-07,3.88227806862023e-10,7.728585149096579e-07,7.728585149096564e-07,7.728585149096564e-07,4.327205805794963e-13,7.728585149096564e-07,7.728585149096584e-07,7.728585149096572e-07,7.728585149096572e-07,7.728585149096572e-07,3.882278068890537e-10,3.882278067239473e-10,7.728585149096572e-07,7.728585149096572e-07,1.8192382813948477e-05,3.8822780679563417e-10,3.8822780689863987e-10,7.728585149096554e-07,3.882278140892269e-10,4.327205807490694e-13,4.3272058105269595e-13,4.32720580613101e-13,4.327205793031951e-13,7.728585149096572e-07,3.882278068526585e-10,7.728585149096572e-07,7.728585149096575e-07,3.882278068620242e-10,4.614069308960314e-13,3.8822780680692787e-10,3.8822780680692787e-10,4.327205795702363e-13,3.882278068620242e-10,4.3272058055822864e-13,3.8822780681442295e-10,3.8822780689095593e-10,7.728585149096582e-07,7.728585149096582e-07,7.728585149096579e-07,3.882278141014914e-10,7.728585149096579e-07,7.728585149096579e-07,7.728585149096579e-07,3.8822780682061745e-10,7.728585149096575e-07,7.728585149096579e-07
0.9999740293565952,0.9999525472433891,4.139410096097711e-10,3.882278061686087e-10,0.9999525472433696,3.882278071589106e-10,0.999952547243371,0.9999529777645273,0.999952977764526,0.9999529777645275,0.999952547243371,0.9999525472433715,0.9999525472433715,3.882278066232254e-10,0.9999525472433718,0.999952977764527,0.9999525472433718,0.999952547243369,0.9999525472433703,3.882278068055641e-10,0.9999525472433703,0.999952547243371,0.999952547243371,0.999952547243371,0.999952547243371,0.9999529777645273,0.999952977764527,0.999952547243371,0.999952547243371,3.8822780679563417e-10,0.9999711701452237,0.9999529777645275,0.9999525472433679,0.9999529999373566,3.8822780704807475e-10,3.882278070315493e-10,3.8822780681305795e-10,3.882278064930097e-10,0.999952547243371,0.9999529777645271,0.999952547243371,0.999952547243372,0.999952977764527,4.1394100939742614e-10,0.9999529777645271,0.999952977764527,3.882278065930788e-10,0.9999529777645267,3.8822780691531526e-10,0.9999529777645273,0.999952977764527,0.9999525472433723,0.9999525472433723,0.9999525472433716,0.9999529999373573,0.9999525472433716,0.9999525472433716,0.9999525472433716,0.9999529777645264,0.9999525472433707,0.9999525472433716
0.9999740293565939,0.9999525472433896,4.1394100956617424e-10,3.882278063924457e-10,0.9999525472433696,3.882278070169233e-10,0.9999525472433705,0.9999529777645275,0.9999529777645256,0.9999529777645264,0.9999525472433707,0.9999525472433715,0.9999525472433715,3.882278067043201e-10,0.999952547243371,0.999952977764527,0.999952547243371,0.9999525472433696,0.9999525472433696,3.8822780686150975e-10,0.9999525472433696,0.9999525472433712,0.9999525472433705,0.9999525472433705,0.9999525472433705,0.9999529777645275,0.9999529777645271,0.9999525472433705,0.9999525472433705,3.8822780689863987e-10,0.9999529777645275,0.9999711701452162,0.9999525472433687,0.999952999937357,3.882278071117473e-10,3.8822780716020037e-10,3.882278069603397e-10,3.8822780659938955e-10,0.9999525472433705,0.9999529777645265,0.9999525472433705,0.9999525472433715,0.9999529777645262,4.13941009340547e-10,0.999952977764526,0.9999529777645262,3.882278064303789e-10,0.9999529777645275,3.8822780681528493e-10,0.9999529777645275,0.9999529777645264,0.9999525472433726,0.9999525472433726,0.9999525472433718,0.9999529999373578,0.9999525472433721,0.9999525472433721,0.9999525472433721,0.9999529777645264,0.9999525472433705,0.9999525472433721
