1.0000000011173937,0.5105443870740527,1.0000022004884486,0.4894586858377325,2.4720031635623545e-07,0.5105444001943825,0.4894586960613424,0.5105443870740509,0.4894586771896715,0.510544388687283,0.4894586743808752,1.0000022004884472,0.48945867438087554,0.48945867438087554,0.5105443920159678,1.0000022004884448,0.5105444001943796,0.5105443886872815,0.5105443886872815,1.0000022717334878,0.4894586743808791,1.0000022004884495,0.5105444001943833,0.4894586858377325,1.0000022004884521,1.0000022071536225,1.0000022004884515,0.5105443920159676,2.8358653234244905e-07,0.5105443870740534,0.5105443920159654,0.4894586743808792,0.4894586743808785,0.48945867438087554,0.48945867438087814,0.5105443920159696,0.48945869606134285,0.5105443870740539,0.510544392015967,0.4894586743808792,2.4720032019240966e-07,0.5105443886872815,0.4894586743808791,0.4894586771896716,0.4894586771896716,0.4894586858377308,0.5105443920159649,0.5105443920159651
0.5105443870740527,0.5105444129257132,0.5105444447066992,7.282512459089123e-08,1.983887467298179e-08,0.51054474845833,1.0376120324425663e-07,0.5105447192889973,1.8910618589501e-11,0.5105447211948376,1.8846177880957535e-11,0.5105444447066991,1.8846177800063045e-11,1.8846177995686905e-11,0.5105447498248098,0.5105444447066992,0.5105447484583305,0.510544721194838,0.5105447211948372,0.5105444810491253,1.8846177619843774e-11,0.5105444447066986,0.5105447484583296,7.282512438920507e-08,0.5105444447066995,0.5105444485094844,0.510544444706699,0.5105447498248096,3.7053427881641676e-08,0.510544719288997,0.5105447498248101,1.884617784218024e-11,1.8846178011623182e-11,1.8846177844752153e-11,1.8846178174220136e-11,0.5105447498248104,1.0376120323130505e-07,0.5105447192889966,0.5105447498248098,1.8846177659866695e-11,1.983887472482924e-08,0.5105447211948374,1.8846177571626983e-11,1.8910617840367374e-11,1.8910618006059586e-11,7.282512411036169e-08,0.5105447498248104,0.5105447498248107
1.0000022004884486,0.5105444447066992,1.0000022171615057,0.48945874037661313,1.8277135792824025e-11,0.5105444578270355,0.4894587506002246,0.5105444447066984,0.48945873172855014,0.5105444463199276,0.48945872891975395,1.0000025235247605,0.4894587289197545,0.48945872891975406,0.5105444496486179,1.00000252352476,0.510544457827036,0.5105444463199279,0.5105444463199277,1.0000025947698399,0.4894587289197532,1.0000025235247594,0.5105444578270353,0.4894587403766126,1.0000025235247612,1.0000025301899422,1.000002523524762,0.5105444496486181,7.272139614852646e-08,0.5105444447066991,0.5105444496486189,0.48945872891975417,0.48945872891975367,0.4894587289197535,0.48945872891975434,0.5105444496486181,0.4894587506002246,0.5105444447066992,0.5105444496486181,0.48945872891975334,1.8277136430155107e-11,0.5105444463199279,0.48945872891975334,0.48945873172854926,0.4894587317285498,0.48945874037661274,0.5105444496486189,0.5105444496486189
0.4894586858377325,7.282512459089123e-08,0.48945874037661313,0.4894586753397383,8.297898976215684e-12,2.8559247710337672e-11,0.48945896099056696,7.282512400921903e-08,0.48945900828553285,7.25325142184612e-08,0.48945900560484523,0.48945874037661324,0.4894590056048446,0.48945900560484484,2.375801809263759e-11,0.48945874037661274,2.8559247845551885e-11,7.25325138210724e-08,7.253251392303296e-08,0.4894587752793102,0.4894590056048455,0.48945874037661274,2.8559247514446384e-11,0.48945898170302293,0.48945874037661324,0.4894587432390118,0.48945874037661347,2.3758017939608122e-11,3.5668032015167616e-08,7.282512449695026e-08,2.3758018336348947e-11,0.4894590056048451,0.4894590056048446,0.48945900560484523,0.4894590056048446,2.3758018209810065e-11,0.4894589609905675,7.282512465891261e-08,2.375801820489435e-11,0.4894590056048452,8.297899494261096e-12,7.253251409865275e-08,0.48945900560484534,0.4894590082855342,0.48945900828553435,0.4894589817030237,2.3758018190408218e-11,2.3758018181729998e-11
2.4720031635623545e-07,1.983887467298179e-08,1.8277135792824025e-11,8.297898976215684e-12,-3.0636327459717947e-07,9.979251867996681e-12,8.29789928048828e-12,1.9838874672982003e-08,8.297899373626539e-12,9.979251466186223e-12,8.297899372660028e-12,1.8277135792824025e-11,8.29789934262284e-12,8.297899295383528e-12,9.979251951395246e-12,1.8277135880484384e-11,9.979251865347025e-12,9.979251340453533e-12,9.979251390268774e-12,1.8277137325227092e-11,8.29789934262284e-12,1.8277135880484384e-11,9.97925178660925e-12,8.297899466211244e-12,1.8277135880484384e-11,3.63351713218324e-08,1.827713589224592e-11,9.979251807059064e-12,3.6075253212196007e-19,1.983887467298197e-08,9.979251951395646e-12,8.297899382461946e-12,8.29789934262284e-12,8.297899432348385e-12,8.29789934262284e-12,9.979251807059064e-12,8.297899191018709e-12,1.9838874672981986e-08,9.979251780207332e-12,8.297899448252404e-12,4.280537592704259e-16,9.979251340453533e-12,8.29789934262284e-12,8.297899400796183e-12,8.297899330746751e-12,8.297899091855601e-12,9.979251951395246e-12,9.979251951395246e-12
0.5105444001943825,0.51054474845833,0.5105444578270355,2.8559247710337672e-11,9.979251867996681e-12,0.5105444712643853,8.771221597416023e-08,0.51054474845833,1.0837734189785693e-11,0.5105447503641705,1.077329359113884e-11,0.5105444578270361,1.0773293607244721e-11,1.0773293650496344e-11,0.5105447789941455,0.510544457827036,0.510544777627666,0.5105447503641708,0.5105447503641707,0.5105444941694617,1.0773293279605933e-11,0.510544457827035,0.510544777627666,2.8559247651718267e-11,0.5105444578270357,0.5105444616298209,0.5105444578270357,0.5105447789941452,1.863843008846825e-11,0.5105447484583303,0.5105447789941446,1.0773293538909663e-11,1.0773293746569236e-11,1.0773293462059153e-11,1.0773293775072533e-11,0.5105447789941451,8.771221588807889e-08,0.5105447484583303,0.5105447789941445,1.0773293270459044e-11,9.97925196692577e-12,0.5105447503641705,1.0773293291289525e-11,1.0837733304687941e-11,1.0837733628810074e-11,2.8559247681196015e-11,0.5105447789941457,0.5105447789941461
0.4894586960613424,1.0376120324425663e-07,0.4894587506002246,0.48945896099056696,8.29789928048828e-12,8.771221597416023e-08,0.4894586339148246,1.0376120271456234e-07,0.4894589875730753,1.0346859306643608e-07,0.4894589848923864,0.4894587506002246,0.4894589848923868,0.4894589848923861,3.93193310777486e-11,0.48945875060022465,8.771221615206931e-08,1.0346859272641068e-07,1.034685928245969e-07,0.48945878550292266,0.4894589848923868,0.4894587506002237,8.771221559932639e-08,0.4894589609905675,0.48945875060022465,0.48945875346262385,0.48945875060022487,3.931933108237112e-11,3.5668031122786934e-08,1.0376120323590432e-07,3.931933141588593e-11,0.48945898489238604,0.48945898489238604,0.4894589848923862,0.4894589848923861,3.931933101170509e-11,0.4894589402781133,1.037612033934711e-07,3.931933135447307e-11,0.4894589848923862,8.297899660956003e-12,1.034685929676315e-07,0.4894589848923862,0.48945898757307593,0.48945898757307554,0.48945896099056824,3.931933119698738e-11,3.931933128129777e-11
0.5105443870740509,0.5105447192889973,0.5105444447066984,7.282512400921903e-08,1.9838874672982003e-08,0.51054474845833,1.0376120271456234e-07,0.5105444129257123,1.8910618430113388e-11,0.5105447211948371,1.8846177426956483e-11,0.5105444447066987,1.884617760947436e-11,1.8846177642870818e-11,0.5105447498248096,0.5105444447066987,0.5105447484583299,0.5105447211948376,0.5105447211948368,0.5105444810491243,1.8846177236157226e-11,0.5105444447066981,0.5105447484583294,7.282512386870868e-08,0.5105444447066987,0.5105444485094839,0.5105444447066991,0.5105447498248098,3.705342788164231e-08,0.5105447192889968,0.5105447498248096,1.884617761665997e-11,1.884617790584374e-11,1.884617744716055e-11,1.8846177820451752e-11,0.5105447498248098,1.0376120268931125e-07,0.5105447192889973,0.5105447498248097,1.884617739671104e-11,1.9838874724829465e-08,0.5105447211948371,1.8846177396479876e-11,1.8910617401950838e-11,1.8910617757108566e-11,7.282512355571472e-08,0.5105447498248101,0.5105447498248101
0.4894586771896715,1.8910618589501e-11,0.48945873172855014,0.48945900828553285,8.297899373626539e-12,1.0837734189785693e-11,0.4894589875730753,1.8910618430113388e-11,0.4894587285047673,1.876343120093856e-11,0.48945903218735703,0.4894587317285507,0.4894590321873569,0.48945903218735703,6.0365045142363714e-12,0.4894587317285499,1.0837734266827796e-11,1.8763430878708793e-11,1.876343089394084e-11,0.48945876663124716,0.4894590321873567,0.4894587317285494,1.0837734033688396e-11,0.4894590082855332,0.48945873172855053,0.4894587345909489,0.48945873172855053,6.036504426626951e-12,3.5668033374447755e-08,1.8910618626491177e-11,6.036504801528346e-12,0.4894590321873569,0.48945903218735654,0.4894590321873569,0.4894590321873566,6.036504431205275e-12,0.48945898757307477,1.8910618682800144e-11,6.0365046769647545e-12,0.4894590321873569,8.297899831818677e-12,1.8763430975470038e-11,0.48945903218735715,0.489459034868047,0.48945903486804676,0.48945900828553396,6.03650452993371e-12,6.036504518278592e-12
0.510544388687283,0.5105447211948376,0.5105444463199276,7.25325142184612e-08,9.979251466186223e-12,0.5105447503641705,1.0346859306643608e-07,0.5105447211948371,1.876343120093856e-11,0.510544416737396,1.8698990104360362e-11,0.5105444463199281,1.8698990076166606e-11,1.8698990307925992e-11,0.5105447517306497,0.5105444463199277,0.5105447503641707,0.5105447231006779,0.5105447231006774,0.5105444826623542,1.869898995543049e-11,0.5105444463199272,0.5105447503641705,7.25325139831381e-08,0.5105444463199281,0.5105444501227134,0.5105444463199278,0.5105447517306502,3.705342807134033e-08,0.5105447211948372,0.5105447517306504,1.8698990186578325e-11,1.8698990447745175e-11,1.8698990028472428e-11,1.8698990427284788e-11,0.5105447517306502,1.0346859298335814e-07,0.5105447211948373,0.5105447517306495,1.869899006716716e-11,9.979251392893964e-12,0.5105447231006774,1.8698989939290212e-11,1.8763430118447777e-11,1.8763430366870946e-11,7.253251372450365e-08,0.5105447517306505,0.5105447517306503
0.4894586743808752,1.8846177880957535e-11,0.48945872891975395,0.48945900560484523,8.297899372660028e-12,1.077329359113884e-11,0.4894589848923864,1.8846177426956483e-11,0.48945903218735703,1.8698990104360362e-11,0.4894587231433871,0.48945872891975406,0.4894590295066698,0.4894590295066694,5.972063755159494e-12,0.48945872891975417,1.0773293614104854e-11,1.8698989972866695e-11,1.869899003099071e-11,0.4894587638224506,0.48945902950666975,0.4894587289197535,1.0773293429462782e-11,0.48945900560484534,0.48945872891975434,0.4894587317821531,0.4894587289197547,5.972063717196077e-12,1.7941554141669757e-11,1.8846177776172202e-11,5.9720640324338195e-12,0.4894590295066692,0.4894590295066689,0.4894590295066696,0.4894590295066691,5.9720637462133316e-12,0.4894589848923868,1.8846177818247477e-11,5.972063993777583e-12,0.4894590295066693,8.297899902352588e-12,1.8698990098318978e-11,0.4894590295066694,0.48945903218735803,0.48945903218735787,0.48945900560484606,5.9720638158367295e-12,5.972063771113566e-12
1.0000022004884472,0.5105444447066991,1.0000025235247605,0.48945874037661324,1.8277135792824025e-11,0.5105444578270361,0.4894587506002246,0.5105444447066987,0.4894587317285507,0.5105444463199281,0.48945872891975406,1.000002217161506,0.48945872891975434,0.48945872891975406,0.5105444496486177,1.00000252352476,0.5105444578270357,0.5105444463199278,0.5105444463199278,1.0000025947698412,0.48945872891975417,1.000002523524759,0.510544457827035,0.4894587403766127,1.0000025235247607,1.0000025301899405,1.000002523524762,0.5105444496486174,7.272139614852621e-08,0.5105444447066987,0.5105444496486188,0.48945872891975406,0.48945872891975395,0.4894587289197538,0.48945872891975406,0.5105444496486178,0.4894587506002246,0.510544444706699,0.5105444496486177,0.48945872891975345,1.8277136184573962e-11,0.5105444463199277,0.4894587289197535,0.48945873172854937,0.4894587317285497,0.48945874037661324,0.5105444496486187,0.5105444496486184
0.48945867438087554,1.8846177800063045e-11,0.4894587289197545,0.4894590056048446,8.29789934262284e-12,1.0773293607244721e-11,0.4894589848923868,1.884617760947436e-11,0.4894590321873569,1.8698990076166606e-11,0.4894590295066698,0.48945872891975434,0.4894587231433887,0.4894590295066694,5.972063720956117e-12,0.4894587289197535,1.0773293550451583e-11,1.8698990125457778e-11,1.869899015397403e-11,0.4894587638224507,0.48945902950666975,0.4894587289197535,1.0773293376841148e-11,0.4894590056048455,0.4894587289197542,0.4894587317821531,0.4894587289197545,5.972063697600167e-12,1.7941554079591183e-11,1.8846177780743958e-11,5.972064084042982e-12,0.4894590295066696,0.4894590295066691,0.4894590295066693,0.48945902950666864,5.9720638483916035e-12,0.48945898489238693,1.884617786156808e-11,5.972063859397066e-12,0.4894590295066694,8.297899837750963e-12,1.8698990156975192e-11,0.4894590295066692,0.4894590321873583,0.48945903218735837,0.4894590056048455,5.972063790667551e-12,5.972063761410154e-12
0.48945867438087554,1.8846177995686905e-11,0.48945872891975406,0.48945900560484484,8.297899295383528e-12,1.0773293650496344e-11,0.4894589848923861,1.8846177642870818e-11,0.48945903218735703,1.8698990307925992e-11,0.4894590295066694,0.48945872891975406,0.4894590295066694,0.48945872314338845,5.972063863466837e-12,0.48945872891975367,1.0773293699439624e-11,1.8698990124758316e-11,1.8698990086565e-11,0.48945876382245057,0.4894590295066693,0.48945872891975367,1.0773293510331883e-11,0.4894590056048454,0.48945872891975406,0.4894587317821532,0.48945872891975417,5.972063799907318e-12,1.794155416203912e-11,1.884617783054207e-11,5.9720640918358734e-12,0.4894590295066692,0.48945902950666903,0.48945902950666925,0.48945902950666875,5.9720639275449784e-12,0.48945898489238643,1.8846177953361233e-11,5.972064077922003e-12,0.4894590295066698,8.297899886132966e-12,1.869899010449305e-11,0.4894590295066698,0.4894590321873577,0.489459032187358,0.4894590056048454,5.972063965350605e-12,5.972063905842181e-12
0.5105443920159678,0.5105447498248098,0.5105444496486179,2.375801809263759e-11,9.979251951395246e-12,0.5105447789941455,3.93193310777486e-11,0.5105447498248096,6.0365045142363714e-12,0.5105447517306497,5.972063755159494e-12,0.5105444496486177,5.972063720956117e-12,5.972063863466837e-12,0.5105444739973418,0.5105444496486178,0.5105447789941446,0.5105447517306501,0.5105447517306492,0.5105444859910437,5.97206348879695e-12,0.5105444496486177,0.5105447789941444,2.3758018005019012e-11,0.5105444496486178,0.5105444534514026,0.5105444496486184,0.5105447803606246,1.8638429846834628e-11,0.5105447498248097,0.5105447803606248,5.972063832349236e-12,5.972063939116148e-12,5.972063676048895e-12,5.972064070207361e-12,0.5105447803606249,3.9319330750075476e-11,0.5105447498248099,0.5105447803606242,5.972063557557302e-12,9.979251896596233e-12,0.5105447517306501,5.972063605656814e-12,6.036503595371361e-12,6.036503865134373e-12,2.3758017873242685e-11,0.5105447803606251,0.5105447803606253
1.0000022004884448,0.5105444447066992,1.00000252352476,0.48945874037661274,1.8277135880484384e-11,0.510544457827036,0.48945875060022465,0.5105444447066987,0.4894587317285499,0.5105444463199277,0.48945872891975417,1.00000252352476,0.4894587289197535,0.48945872891975367,0.5105444496486178,1.0000022171615013,0.5105444578270361,0.5105444463199281,0.5105444463199276,1.0000025947698403,0.4894587289197538,1.0000025235247596,0.5105444578270352,0.4894587403766125,1.0000025235247605,1.0000025301899407,1.0000025235247614,0.5105444496486174,7.27213961485263e-08,0.5105444447066991,0.5105444496486187,0.4894587289197533,0.4894587289197538,0.4894587289197533,0.48945872891975334,0.5105444496486183,0.489458750600225,0.510544444706699,0.5105444496486182,0.4894587289197533,1.827713629440092e-11,0.510544446319928,0.4894587289197533,0.4894587317285494,0.4894587317285497,0.4894587403766129,0.5105444496486187,0.5105444496486189
0.5105444001943796,0.5105447484583305,0.510544457827036,2.8559247845551885e-11,9.979251865347025e-12,0.510544777627666,8.771221615206931e-08,0.5105447484583299,1.0837734266827796e-11,0.5105447503641707,1.0773293614104854e-11,0.5105444578270357,1.0773293550451583e-11,1.0773293699439624e-11,0.5105447789941446,0.5105444578270361,0.5105444712643837,0.5105447503641709,0.5105447503641705,0.5105444941694617,1.0773293336203602e-11,0.5105444578270356,0.5105447776276655,2.8559247544797215e-11,0.5105444578270362,0.5105444616298203,0.5105444578270366,0.510544778994145,1.863842991269088e-11,0.5105447484583301,0.510544778994145,1.0773293634282202e-11,1.077329378861251e-11,1.0773293565759797e-11,1.0773293843258782e-11,0.5105447789941451,8.771221608443598e-08,0.51054474845833,0.5105447789941446,1.0773293402501089e-11,9.979251907634368e-12,0.5105447503641708,1.0773293444951098e-11,1.083773345409967e-11,1.083773366138304e-11,2.855924739480701e-11,0.5105447789941452,0.5105447789941453
0.5105443886872815,0.510544721194838,0.5105444463199279,7.25325138210724e-08,9.979251340453533e-12,0.5105447503641708,1.0346859272641068e-07,0.5105447211948376,1.8763430878708793e-11,0.5105447231006779,1.8698989972866695e-11,0.5105444463199278,1.8698990125457778e-11,1.8698990124758316e-11,0.5105447517306501,0.5105444463199281,0.5105447503641709,0.5105444167373966,0.5105447231006779,0.5105444826623534,1.8698989849022784e-11,0.5105444463199272,0.5105447503641705,7.253251347563866e-08,0.5105444463199277,0.510544450122713,0.5105444463199285,0.5105447517306508,3.7053428071340376e-08,0.5105447211948372,0.5105447517306503,1.8698990056533855e-11,1.8698990340774805e-11,1.8698989926966462e-11,1.8698990309668965e-11,0.5105447517306501,1.0346859270263826e-07,0.5105447211948376,0.51054475173065,1.8698989908614287e-11,9.979251445258525e-12,0.510544723100678,1.8698989889733948e-11,1.876342984904728e-11,1.8763430045896883e-11,7.253251334331084e-08,0.510544751730651,0.5105447517306506
0.5105443886872815,0.5105447211948372,0.5105444463199277,7.253251392303296e-08,9.979251390268774e-12,0.5105447503641707,1.034685928245969e-07,0.5105447211948368,1.876343089394084e-11,0.5105447231006774,1.869899003099071e-11,0.5105444463199278,1.869899015397403e-11,1.8698990086565e-11,0.5105447517306492,0.5105444463199276,0.5105447503641705,0.5105447231006779,0.5105444167373979,0.5105444826623537,1.869898980460049e-11,0.5105444463199276,0.5105447503641705,7.253251373059964e-08,0.5105444463199275,0.5105444501227121,0.510544446319928,0.5105447517306495,3.705342807134033e-08,0.5105447211948374,0.5105447517306502,1.8698990082897433e-11,1.8698990265223372e-11,1.8698989933955967e-11,1.8698990391528856e-11,0.5105447517306501,1.034685928168439e-07,0.510544721194838,0.5105447517306492,1.8698989842884373e-11,9.979251507322597e-12,0.5105447231006779,1.869898988553926e-11,1.8763429990139252e-11,1.87634302728617e-11,7.253251345758353e-08,0.5105447517306501,0.5105447517306508
1.0000022717334878,0.5105444810491253,1.0000025947698399,0.4894587752793102,1.8277137325227092e-11,0.5105444941694617,0.48945878550292266,0.5105444810491243,0.48945876663124716,0.5105444826623542,0.4894587638224506,1.0000025947698412,0.4894587638224507,0.48945876382245057,0.5105444859910437,1.0000025947698403,0.5105444941694617,0.5105444826623534,0.5105444826623537,1.0000023596516734,0.48945876382245057,1.0000025947698392,0.5105444941694609,0.48945877527931025,1.00000259476984,1.000002601435019,1.0000025947698414,0.5105444859910435,3.657995398735939e-11,0.5105444810491252,0.5105444859910443,0.4894587638224503,0.4894587638224506,0.4894587638224503,0.4894587638224506,0.5105444859910435,0.48945878550292293,0.5105444810491251,0.5105444859910445,0.48945876382245007,1.8277137874960254e-11,0.5105444826623532,0.48945876382245024,0.48945876663124593,0.4894587666312464,0.4894587752793104,0.5105444859910441,0.5105444859910441
0.4894586743808791,1.8846177619843774e-11,0.4894587289197532,0.4894590056048455,8.29789934262284e-12,1.0773293279605933e-11,0.4894589848923868,1.8846177236157226e-11,0.4894590321873567,1.869898995543049e-11,0.48945902950666975,0.48945872891975417,0.48945902950666975,0.4894590295066693,5.97206348879695e-12,0.4894587289197538,1.0773293336203602e-11,1.8698989849022784e-11,1.869898980460049e-11,0.48945876382245057,0.48945872314338845,0.4894587289197531,1.0773293095478718e-11,0.4894590056048455,0.48945872891975345,0.48945873178215243,0.48945872891975395,5.972063382779965e-12,1.7941554154746523e-11,1.884617744926289e-11,5.972063805559395e-12,0.4894590295066693,0.4894590295066692,0.48945902950666975,0.48945902950666853,5.972063471404467e-12,0.4894589848923871,1.8846177475879942e-11,5.972063683163042e-12,0.4894590295066692,8.297899837372365e-12,1.869898985852635e-11,0.4894590295066692,0.48945903218735815,0.489459032187358,0.48945900560484606,5.972063568587094e-12,5.972063502299851e-12
1.0000022004884495,0.5105444447066986,1.0000025235247594,0.48945874037661274,1.8277135880484384e-11,0.510544457827035,0.4894587506002237,0.5105444447066981,0.4894587317285494,0.5105444463199272,0.4894587289197535,1.000002523524759,0.4894587289197535,0.48945872891975367,0.5105444496486177,1.0000025235247596,0.5105444578270356,0.5105444463199272,0.5105444463199276,1.0000025947698392,0.4894587289197531,1.0000022171614993,0.5105444578270347,0.489458740376612,1.00000252352476,1.00000253018994,1.0000025235247605,0.5105444496486169,7.272139614852627e-08,0.5105444447066984,0.5105444496486183,0.48945872891975334,0.4894587289197532,0.4894587289197529,0.48945872891975334,0.5105444496486173,0.4894587506002241,0.5105444447066982,0.5105444496486177,0.48945872891975273,1.8277136184573962e-11,0.5105444463199276,0.48945872891975273,0.4894587317285488,0.489458731728549,0.48945874037661213,0.5105444496486176,0.5105444496486174
0.5105444001943833,0.5105447484583296,0.5105444578270353,2.8559247514446384e-11,9.97925178660925e-12,0.510544777627666,8.771221559932639e-08,0.5105447484583294,1.0837734033688396e-11,0.5105447503641705,1.0773293429462782e-11,0.510544457827035,1.0773293376841148e-11,1.0773293510331883e-11,0.5105447789941444,0.5105444578270352,0.5105447776276655,0.5105447503641705,0.5105447503641705,0.5105444941694609,1.0773293095478718e-11,0.5105444578270347,0.5105444712643838,2.85592473938353e-11,0.5105444578270352,0.5105444616298198,0.5105444578270355,0.5105447789941441,1.863843003415452e-11,0.5105447484583298,0.510544778994145,1.0773293350943587e-11,1.0773293542217227e-11,1.0773293242836147e-11,1.0773293546062355e-11,0.510544778994145,8.771221551450311e-08,0.5105447484583296,0.5105447789941442,1.07732931180531e-11,9.97925194955557e-12,0.5105447503641704,1.0773293161165812e-11,1.0837733202759444e-11,1.0837733388888898e-11,2.8559247337382148e-11,0.510544778994145,0.510544778994145
0.4894586858377325,7.282512438920507e-08,0.4894587403766126,0.48945898170302293,8.297899466211244e-12,2.8559247651718267e-11,0.4894589609905675,7.282512386870868e-08,0.4894590082855332,7.25325139831381e-08,0.48945900560484534,0.4894587403766127,0.4894590056048455,0.4894590056048454,2.3758018005019012e-11,0.4894587403766125,2.8559247544797215e-11,7.253251347563866e-08,7.253251373059964e-08,0.48945877527931025,0.4894590056048455,0.489458740376612,2.85592473938353e-11,0.4894586753397395,0.48945874037661286,0.48945874323901156,0.48945874037661324,2.375801797023333e-11,3.566803201516778e-08,7.282512427199717e-08,2.3758018287021398e-11,0.4894590056048457,0.489459005604845,0.4894590056048451,0.4894590056048451,2.3758018065213572e-11,0.4894589609905675,7.282512426450154e-08,2.3758018206510035e-11,0.4894590056048452,8.297899600496588e-12,7.25325138998127e-08,0.48945900560484523,0.4894590082855348,0.48945900828553407,0.4894589817030233,2.375801806186051e-11,2.375801809633386e-11
1.0000022004884521,0.5105444447066995,1.0000025235247612,0.48945874037661324,1.8277135880484384e-11,0.5105444578270357,0.48945875060022465,0.5105444447066987,0.48945873172855053,0.5105444463199281,0.48945872891975434,1.0000025235247607,0.4894587289197542,0.48945872891975406,0.5105444496486178,1.0000025235247605,0.5105444578270362,0.5105444463199277,0.5105444463199275,1.00000259476984,0.48945872891975345,1.00000252352476,0.5105444578270352,0.48945874037661286,1.0000022171615028,1.0000025301899411,1.0000025235247616,0.5105444496486182,7.272139614852633e-08,0.5105444447066996,0.5105444496486194,0.48945872891975406,0.48945872891975334,0.48945872891975384,0.4894587289197542,0.5105444496486183,0.489458750600225,0.5105444447066995,0.5105444496486178,0.48945872891975367,1.8277136184573962e-11,0.5105444463199282,0.48945872891975367,0.4894587317285494,0.4894587317285498,0.4894587403766129,0.510544449648619,0.5105444496486192
1.0000022071536225,0.5105444485094844,1.0000025301899422,0.4894587432390118,3.63351713218324e-08,0.5105444616298209,0.48945875346262385,0.5105444485094839,0.4894587345909489,0.5105444501227134,0.4894587317821531,1.0000025301899405,0.4894587317821531,0.4894587317821532,0.5105444534514026,1.0000025301899407,0.5105444616298203,0.510544450122713,0.5105444501227121,1.000002601435019,0.48945873178215243,1.00000253018994,0.5105444616298198,0.48945874323901156,1.0000025301899411,1.0000022304918668,1.0000025301899422,0.5105444534514026,7.272139677622462e-08,0.5105444485094841,0.5105444534514034,0.4894587317821528,0.48945873178215266,0.4894587317821528,0.4894587317821528,0.5105444534514035,0.48945875346262363,0.5105444485094848,0.5105444534514028,0.48945873178215255,3.633517228572473e-08,0.510544450122713,0.48945873178215255,0.4894587345909486,0.4894587345909489,0.48945874323901156,0.5105444534514034,0.5105444534514038
1.0000022004884515,0.510544444706699,1.000002523524762,0.48945874037661347,1.827713589224592e-11,0.5105444578270357,0.48945875060022487,0.5105444447066991,0.48945873172855053,0.5105444463199278,0.4894587289197547,1.000002523524762,0.4894587289197545,0.48945872891975417,0.5105444496486184,1.0000025235247614,0.5105444578270366,0.5105444463199285,0.510544446319928,1.0000025947698414,0.48945872891975395,1.0000025235247605,0.5105444578270355,0.48945874037661324,1.0000025235247616,1.0000025301899422,1.0000022171615037,0.5105444496486184,7.272139614852633e-08,0.5105444447066995,0.5105444496486194,0.489458728919754,0.48945872891975417,0.48945872891975434,0.48945872891975434,0.5105444496486184,0.48945875060022487,0.5105444447066996,0.5105444496486184,0.4894587289197538,1.827713630223199e-11,0.5105444463199283,0.48945872891975384,0.48945873172855026,0.48945873172855037,0.48945874037661286,0.5105444496486189,0.5105444496486191
0.5105443920159676,0.5105447498248096,0.5105444496486181,2.3758017939608122e-11,9.979251807059064e-12,0.5105447789941452,3.931933108237112e-11,0.5105447498248098,6.036504426626951e-12,0.5105447517306502,5.972063717196077e-12,0.5105444496486174,5.972063697600167e-12,5.972063799907318e-12,0.5105447803606246,0.5105444496486174,0.510544778994145,0.5105447517306508,0.5105447517306495,0.5105444859910435,5.972063382779965e-12,0.5105444496486169,0.5105447789941441,2.375801797023333e-11,0.5105444496486182,0.5105444534514026,0.5105444496486184,0.510544473997343,1.8638429842691248e-11,0.5105447498248101,0.510544780360625,5.972063703919675e-12,5.972063997293441e-12,5.97206345949715e-12,5.9720639075004195e-12,0.510544780360625,3.931933103019366e-11,0.5105447498248104,0.5105447803606247,5.972063576774631e-12,9.979251889276234e-12,0.5105447517306498,5.9720634728009956e-12,6.0365035474962346e-12,6.036503782919158e-12,2.3758017788619905e-11,0.5105447803606256,0.5105447803606256
2.8358653234244905e-07,3.7053427881641676e-08,7.272139614852646e-08,3.5668032015167616e-08,3.6075253212196007e-19,1.863843008846825e-11,3.5668031122786934e-08,3.705342788164231e-08,3.5668033374447755e-08,3.705342807134033e-08,1.7941554141669757e-11,7.272139614852621e-08,1.7941554079591183e-11,1.794155416203912e-11,1.8638429846834628e-11,7.27213961485263e-08,1.863842991269088e-11,3.7053428071340376e-08,3.705342807134033e-08,3.657995398735939e-11,1.7941554154746523e-11,7.272139614852627e-08,1.863843003415452e-11,3.566803201516778e-08,7.272139614852633e-08,7.272139677622462e-08,7.272139614852633e-08,1.8638429842691248e-11,-3.063632735089289e-07,3.705342788164227e-08,1.8638429854238347e-11,1.7941554098330905e-11,1.7941554222492492e-11,1.7941554143491477e-11,1.7941554141669757e-11,1.8638429854238347e-11,3.5668031122787026e-08,3.705342788164219e-08,1.863842985971318e-11,1.7941554174885337e-11,3.6075253212196007e-19,3.7053428071340376e-08,1.794155416642147e-11,3.566803337444808e-08,3.5668033374447993e-08,3.5668032015167835e-08,1.863842986370329e-11,1.8638429862898653e-11
0.5105443870740534,0.510544719288997,0.5105444447066991,7.282512449695026e-08,1.983887467298197e-08,0.5105447484583303,1.0376120323590432e-07,0.5105447192889968,1.8910618626491177e-11,0.5105447211948372,1.8846177776172202e-11,0.5105444447066987,1.8846177780743958e-11,1.884617783054207e-11,0.5105447498248097,0.5105444447066991,0.5105447484583301,0.5105447211948372,0.5105447211948374,0.5105444810491252,1.884617744926289e-11,0.5105444447066984,0.5105447484583298,7.282512427199717e-08,0.5105444447066996,0.5105444485094841,0.5105444447066995,0.5105447498248101,3.705342788164227e-08,0.5105444129257137,0.5105447498248101,1.8846177696147505e-11,1.8846178040939235e-11,1.8846177612529643e-11,1.884617818122882e-11,0.5105447498248097,1.0376120319424653e-07,0.5105447192889974,0.5105447498248094,1.8846177531801742e-11,1.9838874724829412e-08,0.5105447211948371,1.8846177548331367e-11,1.8910617684124152e-11,1.8910617760348283e-11,7.28251239774756e-08,0.5105447498248106,0.5105447498248105
0.5105443920159654,0.5105447498248101,0.5105444496486189,2.3758018336348947e-11,9.979251951395646e-12,0.5105447789941446,3.931933141588593e-11,0.5105447498248096,6.036504801528346e-12,0.5105447517306504,5.9720640324338195e-12,0.5105444496486188,5.972064084042982e-12,5.9720640918358734e-12,0.5105447803606248,0.5105444496486187,0.510544778994145,0.5105447517306503,0.5105447517306502,0.5105444859910443,5.972063805559395e-12,0.5105444496486183,0.510544778994145,2.3758018287021398e-11,0.5105444496486194,0.5105444534514034,0.5105444496486194,0.510544780360625,1.8638429854238347e-11,0.5105447498248101,0.5105444739973443,5.972064021872334e-12,5.972064280077284e-12,5.972063885515388e-12,5.972064228130429e-12,0.510544780360625,3.9319331346000074e-11,0.5105447498248097,0.5105447803606248,5.972063849102091e-12,9.979252045083489e-12,0.5105447517306503,5.972063855608653e-12,6.036503882802638e-12,6.036504118270114e-12,2.3758018065283592e-11,0.5105447803606258,0.5105447803606261
0.4894586743808792,1.884617784218024e-11,0.48945872891975417,0.4894590056048451,8.297899382461946e-12,1.0773293538909663e-11,0.48945898489238604,1.884617761665997e-11,0.4894590321873569,1.8698990186578325e-11,0.4894590295066692,0.48945872891975406,0.4894590295066696,0.4894590295066692,5.972063832349236e-12,0.4894587289197533,1.0773293634282202e-11,1.8698990056533855e-11,1.8698990082897433e-11,0.4894587638224503,0.4894590295066693,0.48945872891975334,1.0773293350943587e-11,0.4894590056048457,0.48945872891975406,0.4894587317821528,0.489458728919754,5.972063703919675e-12,1.7941554098330905e-11,1.8846177696147505e-11,5.972064021872334e-12,0.48945872314338845,0.48945902950666853,0.4894590295066696,0.4894590295066689,5.972063756219067e-12,0.48945898489238715,1.884617792091722e-11,5.972063949193756e-12,0.48945902950666903,8.297899885173102e-12,1.8698990152452562e-11,0.48945902950666903,0.48945903218735787,0.4894590321873578,0.4894590056048455,5.9720638166829175e-12,5.972063756792515e-12
0.4894586743808785,1.8846178011623182e-11,0.48945872891975367,0.4894590056048446,8.29789934262284e-12,1.0773293746569236e-11,0.48945898489238604,1.884617790584374e-11,0.48945903218735654,1.8698990447745175e-11,0.4894590295066689,0.48945872891975395,0.4894590295066691,0.48945902950666903,5.972063939116148e-12,0.4894587289197538,1.077329378861251e-11,1.8698990340774805e-11,1.8698990265223372e-11,0.4894587638224506,0.4894590295066692,0.4894587289197532,1.0773293542217227e-11,0.489459005604845,0.48945872891975334,0.48945873178215266,0.48945872891975417,5.972063997293441e-12,1.7941554222492492e-11,1.8846178040939235e-11,5.972064280077284e-12,0.48945902950666853,0.48945872314338934,0.48945902950666903,0.4894590295066682,5.9720639885013815e-12,0.48945898489238565,1.884617808573795e-11,5.972064148038475e-12,0.48945902950666853,8.297899885173102e-12,1.8698990439923694e-11,0.48945902950666875,0.4894590321873576,0.48945903218735726,0.489459005604845,5.972064098963219e-12,5.9720639193707424e-12
0.48945867438087554,1.8846177844752153e-11,0.4894587289197535,0.48945900560484523,8.297899432348385e-12,1.0773293462059153e-11,0.4894589848923862,1.884617744716055e-11,0.4894590321873569,1.8698990028472428e-11,0.4894590295066696,0.4894587289197538,0.4894590295066693,0.48945902950666925,5.972063676048895e-12,0.4894587289197533,1.0773293565759797e-11,1.8698989926966462e-11,1.8698989933955967e-11,0.4894587638224503,0.48945902950666975,0.4894587289197529,1.0773293242836147e-11,0.4894590056048451,0.48945872891975384,0.4894587317821528,0.48945872891975434,5.97206345949715e-12,1.7941554143491477e-11,1.8846177612529643e-11,5.972063885515388e-12,0.4894590295066696,0.48945902950666903,0.48945872314339106,0.48945902950666864,5.972063587307903e-12,0.4894589848923864,1.8846177792721947e-11,5.972063793632179e-12,0.4894590295066692,8.297899872361302e-12,1.8698989991771898e-11,0.4894590295066696,0.48945903218735765,0.4894590321873577,0.4894590056048458,5.972063642265496e-12,5.972063677471262e-12
0.48945867438087814,1.8846178174220136e-11,0.48945872891975434,0.4894590056048446,8.29789934262284e-12,1.0773293775072533e-11,0.4894589848923861,1.8846177820451752e-11,0.4894590321873566,1.8698990427284788e-11,0.4894590295066691,0.48945872891975406,0.48945902950666864,0.48945902950666875,5.972064070207361e-12,0.48945872891975334,1.0773293843258782e-11,1.8698990309668965e-11,1.8698990391528856e-11,0.4894587638224506,0.48945902950666853,0.48945872891975334,1.0773293546062355e-11,0.4894590056048451,0.4894587289197542,0.4894587317821528,0.48945872891975434,5.9720639075004195e-12,1.7941554141669757e-11,1.884617818122882e-11,5.972064228130429e-12,0.4894590295066689,0.4894590295066682,0.48945902950666864,0.48945872314338823,5.972064019438682e-12,0.4894589848923864,1.8846178015311674e-11,5.972064213434453e-12,0.48945902950666864,8.297899924844235e-12,1.8698990471759068e-11,0.4894590295066689,0.4894590321873577,0.48945903218735715,0.4894590056048454,5.972064070404539e-12,5.972064118154092e-12
0.5105443920159696,0.5105447498248104,0.5105444496486181,2.3758018209810065e-11,9.979251807059064e-12,0.5105447789941451,3.931933101170509e-11,0.5105447498248098,6.036504431205275e-12,0.5105447517306502,5.9720637462133316e-12,0.5105444496486178,5.9720638483916035e-12,5.9720639275449784e-12,0.5105447803606249,0.5105444496486183,0.5105447789941451,0.5105447517306501,0.5105447517306501,0.5105444859910435,5.972063471404467e-12,0.5105444496486173,0.510544778994145,2.3758018065213572e-11,0.5105444496486183,0.5105444534514035,0.5105444496486184,0.510544780360625,1.8638429854238347e-11,0.5105447498248097,0.510544780360625,5.972063756219067e-12,5.9720639885013815e-12,5.972063587307903e-12,5.972064019438682e-12,0.5105444739973453,3.9319331111926495e-11,0.5105447498248098,0.5105447803606248,5.9720635655186066e-12,9.979252045083489e-12,0.5105447517306501,5.972063594594353e-12,6.036503585445374e-12,6.0365038091763586e-12,2.3758017818327608e-11,0.5105447803606256,0.5105447803606258
0.48945869606134285,1.0376120323130505e-07,0.4894587506002246,0.4894589609905675,8.297899191018709e-12,8.771221588807889e-08,0.4894589402781133,1.0376120268931125e-07,0.48945898757307477,1.0346859298335814e-07,0.4894589848923868,0.4894587506002246,0.48945898489238693,0.48945898489238643,3.9319330750075476e-11,0.489458750600225,8.771221608443598e-08,1.0346859270263826e-07,1.034685928168439e-07,0.48945878550292293,0.4894589848923871,0.4894587506002241,8.771221551450311e-08,0.4894589609905675,0.489458750600225,0.48945875346262363,0.48945875060022487,3.931933103019366e-11,3.5668031122787026e-08,1.0376120319424653e-07,3.9319331346000074e-11,0.48945898489238715,0.48945898489238565,0.4894589848923864,0.4894589848923864,3.9319331111926495e-11,0.4894586339148231,1.037612033103144e-07,3.931933124645831e-11,0.4894589848923868,8.297899582802559e-12,1.0346859297549677e-07,0.4894589848923868,0.48945898757307593,0.48945898757307593,0.4894589609905676,3.9319331269590454e-11,3.931933098587667e-11
0.5105443870740539,0.5105447192889966,0.5105444447066992,7.282512465891261e-08,1.9838874672981986e-08,0.5105447484583303,1.037612033934711e-07,0.5105447192889973,1.8910618682800144e-11,0.5105447211948373,1.8846177818247477e-11,0.510544444706699,1.884617786156808e-11,1.8846177953361233e-11,0.5105447498248099,0.510544444706699,0.51054474845833,0.5105447211948376,0.510544721194838,0.5105444810491251,1.8846177475879942e-11,0.5105444447066982,0.5105447484583296,7.282512426450154e-08,0.5105444447066995,0.5105444485094848,0.5105444447066996,0.5105447498248104,3.705342788164219e-08,0.5105447192889974,0.5105447498248097,1.884617792091722e-11,1.884617808573795e-11,1.8846177792721947e-11,1.8846178015311674e-11,0.5105447498248098,1.037612033103144e-07,0.5105444129257104,0.5105447498248096,1.884617768845479e-11,1.983887472482944e-08,0.5105447211948376,1.884617760938043e-11,1.891061773770678e-11,1.8910618022410533e-11,7.28251241393563e-08,0.5105447498248108,0.5105447498248105
0.510544392015967,0.5105447498248098,0.5105444496486181,2.375801820489435e-11,9.979251780207332e-12,0.5105447789941445,3.931933135447307e-11,0.5105447498248097,6.0365046769647545e-12,0.5105447517306495,5.972063993777583e-12,0.5105444496486177,5.972063859397066e-12,5.972064077922003e-12,0.5105447803606242,0.5105444496486182,0.5105447789941446,0.51054475173065,0.5105447517306492,0.5105444859910445,5.972063683163042e-12,0.5105444496486177,0.5105447789941442,2.3758018206510035e-11,0.5105444496486178,0.5105444534514028,0.5105444496486184,0.5105447803606247,1.863842985971318e-11,0.5105447498248094,0.5105447803606248,5.972063949193756e-12,5.972064148038475e-12,5.972063793632179e-12,5.972064213434453e-12,0.5105447803606248,3.931933124645831e-11,0.5105447498248096,0.5105444739973427,5.9720637338054075e-12,9.979251896596233e-12,0.5105447517306495,5.9720638167703135e-12,6.036503792563317e-12,6.036504030372249e-12,2.3758018180602227e-11,0.5105447803606252,0.5105447803606256
0.4894586743808792,1.8846177659866695e-11,0.48945872891975334,0.4894590056048452,8.297899448252404e-12,1.0773293270459044e-11,0.4894589848923862,1.884617739671104e-11,0.4894590321873569,1.869899006716716e-11,0.4894590295066693,0.48945872891975345,0.4894590295066694,0.4894590295066698,5.972063557557302e-12,0.4894587289197533,1.0773293402501089e-11,1.8698989908614287e-11,1.8698989842884373e-11,0.48945876382245007,0.4894590295066692,0.48945872891975273,1.07732931180531e-11,0.4894590056048452,0.48945872891975367,0.48945873178215255,0.4894587289197538,5.972063576774631e-12,1.7941554174885337e-11,1.8846177531801742e-11,5.972063849102091e-12,0.48945902950666903,0.48945902950666853,0.4894590295066692,0.48945902950666864,5.9720635655186066e-12,0.4894589848923868,1.884617768845479e-11,5.9720637338054075e-12,0.4894587231433874,8.297899886132966e-12,1.869899002989624e-11,0.4894590295066691,0.48945903218735803,0.4894590321873575,0.4894590056048455,5.972063697076251e-12,5.972063581821328e-12
