1.0000000092312151,0.9999674746809383,0.9999674746809626,2.9132254890015665e-06,0.9999674746809547,0.9999673944741664,0.999967474680954,0.9999674746809543,0.9999674746809559,0.999967474680954,0.999967474680956,0.9999674746809543,0.9999674746809574,0.999967474680954,0.9999676806895171,0.9999674746809547,0.9999674746809545,0.9999674746809519,0.9999674746809545,2.9137761498917696e-06,0.9999674746809543,0.9999674746809567,0.999967474680954,0.9999674746809543,0.9999674746809543,0.9999674746809589,0.9999674746809585,0.9999674746809547,0.9999674746809574,0.9999674746809585,0.9999674746809505,2.9137761544465516e-06,0.9999674746809547,0.9999674746809563,0.999967680689519,2.9137761502532544e-06,0.9999674746809547,0.9999674746809577,0.999967474680951,0.9999674746809585,0.9999674746809543,0.9999674746809505,0.9999674746809543,0.9999674746809574,0.9999674746809588,0.9999674746809556,2.9151863752105947e-06,0.999967474680956,0.999967474680954,0.999967474680954,0.999967474680964,0.9999674746809505,0.999967474680956,0.9999674746809574,0.9999674746809532,0.9999673944741674,0.999967474680956,0.9999674746809524,0.9999674746809584,0.9999674746809524,0.9999674746809551,0.9999674746809545,0.9999674746809543,0.9999674746809577,0.999967474680956,0.9999674746809564,0.9999674746809588,2.9161289638772047e-06,0.9999674746809545,0.9999674746809545,0.9999674746809543,0.9999674746809585,2.9137761502532544e-06,0.9999674746809585,0.9999674746809518,0.9999674746809585,0.9999674746809574,0.9999674746809577,0.9999674746809545,0.9999674746809547,0.9999674746809553,0.9999674746809588,0.999967474680954,0.9999674746809547,0.9999674746809588,0.999967474680958,0.9999674746809547,0.9999674746809548,0.9999674746809577,0.9999674746809543,0.9999674746809518,0.9999673944741674,0.9999674746809539,0.9999674746809571,0.9999674746809545,0.9999674746809543,0.999967474680958,0.9999674746809543,0.9999674746809532,0.9999674746809547,0.9999674746809577
0.9999674746809383,0.9999660328359832,0.9999439796063979,3.298371749890231e-11,0.9999439796063978,0.9999438994012722,0.9999439796063975,0.9999439796063975,0.9999439796063981,0.9999439796063972,0.9999439796063986,0.9999439796063962,0.9999439796063975,0.9999439796063975,0.9999441856106891,0.9999439796063968,0.9999439796063968,0.9999439796063953,0.9999439796063981,3.325976591595453e-11,0.9999439796063958,0.9999439796063978,0.9999439796063972,0.9999439796063958,0.9999439796063978,0.9999439796063978,0.9999439796063971,0.9999439796063968,0.9999439796063975,0.9999439796063978,0.9999439796063951,3.325976775434007e-11,0.9999439796063968,0.9999439796063978,0.9999441856106894,3.325976649866291e-11,0.9999439796063968,0.9999439796063959,0.9999439796063959,0.9999439796063975,0.9999439796063981,0.9999439796063951,0.9999439796063965,0.9999439796063975,0.9999439796063972,0.9999439796063968,3.396671331617617e-11,0.9999439796063978,0.9999439796063975,0.9999439796063975,0.9999439796063991,0.9999439796063965,0.9999439796063966,0.9999439796063978,0.9999439796063959,0.9999438994012751,0.9999439796063965,0.9999439796063965,0.9999439796063978,0.9999439796063965,0.9999439796063968,0.9999439796063958,0.9999439796063958,0.9999439796063959,0.9999439796063978,0.9999439796063978,0.9999439796063972,3.4439233413596784e-11,0.9999439796063968,0.9999439796063978,0.9999439796063958,0.9999439796063972,3.325976635106427e-11,0.9999439796063978,0.9999439796063968,0.9999439796063972,0.9999439796063986,0.9999439796063959,0.9999439796063968,0.9999439796063968,0.9999439796063965,0.9999439796063978,0.9999439796063981,0.9999439796063968,0.9999439796063972,0.9999439796063971,0.9999439796063972,0.9999439796063965,0.9999439796063958,0.9999439796063958,0.9999439796063968,0.9999438994012744,0.9999439796063958,0.9999439796063988,0.9999439796063972,0.9999439796063958,0.9999439796063958,0.9999439796063966,0.9999439796063959,0.9999439796063968,0.9999439796063958
0.9999674746809626,0.9999439796063979,0.9999660328360204,3.2983717534275427e-11,0.9999439796064142,0.999943899401287,0.999943979606414,0.9999439796064137,0.9999439796064139,0.9999439796064137,0.9999439796064147,0.9999439796064131,0.999943979606413,0.9999439796064137,0.9999441856107062,0.999943979606413,0.999943979606413,0.9999439796064118,0.9999439796064146,3.3259765909334643e-11,0.9999439796064123,0.999943979606414,0.9999439796064137,0.9999439796064127,0.9999439796064137,0.999943979606414,0.9999439796064131,0.9999439796064133,0.9999439796064131,0.9999439796064131,0.9999439796064125,3.3259767716624374e-11,0.999943979606413,0.999943979606414,0.9999441856107049,3.325976650429229e-11,0.999943979606413,0.9999439796064125,0.9999439796064123,0.999943979606414,0.9999439796064133,0.9999439796064125,0.9999439796064131,0.9999439796064131,0.999943979606413,0.9999439796064142,3.396671330155713e-11,0.999943979606413,0.9999439796064131,0.9999439796064137,0.9999439796064142,0.9999439796064133,0.9999439796064131,0.9999439796064142,0.9999439796064123,0.9999438994012906,0.9999439796064127,0.9999439796064123,0.9999439796064146,0.999943979606412,0.9999439796064133,0.9999439796064127,0.9999439796064127,0.9999439796064125,0.999943979606414,0.999943979606414,0.9999439796064137,3.4439233421781794e-11,0.9999439796064133,0.9999439796064131,0.9999439796064131,0.9999439796064137,3.325976636663676e-11,0.9999439796064133,0.999943979606414,0.999943979606413,0.999943979606414,0.999943979606413,0.9999439796064133,0.9999439796064137,0.9999439796064133,0.999943979606414,0.9999439796064146,0.9999439796064137,0.999943979606413,0.9999439796064131,0.9999439796064137,0.9999439796064137,0.9999439796064118,0.9999439796064123,0.9999439796064131,0.9999438994012906,0.9999439796064118,0.9999439796064133,0.9999439796064146,0.9999439796064123,0.9999439796064123,0.9999439796064131,0.9999439796064123,0.9999439796064137,0.9999439796064123
2.9132254890015665e-06,3.298371749890231e-11,3.2983717534275427e-11,2.2053230360759873e-05,3.298371752794863e-11,6.579460655311592e-08,3.2983717518336135e-11,3.298371751923342e-11,3.2983717526042214e-11,3.298371752221567e-11,3.29837175151683e-11,3.2983717544304216e-11,3.2983717519681e-11,3.2983717540523296e-11,3.2983723839196157e-11,3.2983717507668665e-11,3.298371751560349e-11,3.298371752807947e-11,3.2983717510725995e-11,6.11597304736698e-16,3.298371752194636e-11,3.298371752182228e-11,3.2983717522101706e-11,3.2983717511302275e-11,3.2983717529273995e-11,3.298371750411726e-11,3.298371751575523e-11,3.2983717526672894e-11,3.2983717516389346e-11,3.2983717518482e-11,3.298371751370553e-11,6.115984367443769e-16,3.2983717516165826e-11,3.2983717498485e-11,3.2983723882817436e-11,6.115977335581151e-16,3.298371750671952e-11,3.298371752860704e-11,3.298371751810214e-11,3.298371752860704e-11,3.2983717507668665e-11,3.2983717526672894e-11,3.2983717529273995e-11,3.29837175200274e-11,3.298371751923342e-11,3.2983717519681e-11,6.169082480267477e-16,3.298371750457318e-11,3.298371751080296e-11,3.298371751829028e-11,3.298371752076473e-11,3.298371753930382e-11,3.2983717509936406e-11,3.2983717521090614e-11,3.29837175200274e-11,6.579460655311621e-08,3.298371752860704e-11,3.2983717529195194e-11,3.298371750457318e-11,3.2983717529195194e-11,3.2983717524381326e-11,3.2983717516389346e-11,3.298371753930382e-11,3.2983717525001614e-11,3.298371751793824e-11,3.298371753930382e-11,3.298371753568504e-11,7.536531946215681e-16,3.298371752076473e-11,3.29837175200274e-11,3.2983717521092785e-11,3.298371755268458e-11,6.115976780878243e-16,3.298371751080296e-11,3.298371751810214e-11,3.298371751065706e-11,3.298371751923342e-11,3.298371750457318e-11,3.2983717514466616e-11,3.298371751923342e-11,3.298371753930382e-11,3.2983717529273995e-11,3.298371752001483e-11,3.298371753328237e-11,3.298371749890231e-11,3.2983717540523296e-11,3.298371751560349e-11,3.2983717509444615e-11,3.2983717519030436e-11,3.2983717526672894e-11,3.298371751379593e-11,6.579460655311581e-08,3.298371753614514e-11,3.2983717509936406e-11,3.298371751737938e-11,3.298371751793824e-11,3.2983717542403795e-11,3.2983717517871815e-11,3.2983717505817506e-11,3.2983717525564814e-11,3.298371753187631e-11
0.9999674746809547,0.9999439796063978,0.9999439796064142,3.298371752794863e-11,0.9999660328360187,0.9999438994012879,0.9999439796064127,0.9999439796064133,0.9999439796064146,0.9999439796064137,0.999943979606414,0.9999439796064125,0.9999439796064127,0.9999439796064137,0.9999441856107049,0.9999439796064127,0.9999439796064133,0.9999439796064125,0.9999439796064131,3.3259765903256404e-11,0.9999439796064118,0.9999439796064133,0.9999439796064137,0.999943979606412,0.9999439796064131,0.9999439796064139,0.9999439796064133,0.9999439796064131,0.9999439796064127,0.9999439796064137,0.9999439796064117,3.325976771602824e-11,0.9999439796064127,0.9999439796064137,0.9999441856107044,3.3259766510317787e-11,0.9999439796064127,0.9999439796064118,0.9999439796064113,0.9999439796064133,0.9999439796064137,0.9999439796064117,0.9999439796064125,0.9999439796064127,0.9999439796064127,0.999943979606413,3.3966713320814746e-11,0.9999439796064133,0.9999439796064127,0.9999439796064137,0.9999439796064149,0.9999439796064125,0.9999439796064131,0.9999439796064137,0.9999439796064123,0.9999438994012901,0.9999439796064127,0.999943979606411,0.999943979606414,0.9999439796064127,0.9999439796064131,0.999943979606412,0.999943979606412,0.9999439796064118,0.9999439796064137,0.999943979606413,0.9999439796064127,3.443923341043552e-11,0.9999439796064131,0.9999439796064137,0.9999439796064118,0.9999439796064127,3.3259766381795426e-11,0.9999439796064137,0.9999439796064131,0.9999439796064127,0.9999439796064139,0.9999439796064118,0.9999439796064131,0.9999439796064131,0.9999439796064125,0.9999439796064139,0.9999439796064146,0.9999439796064131,0.9999439796064127,0.9999439796064125,0.9999439796064131,0.9999439796064125,0.999943979606412,0.9999439796064118,0.9999439796064127,0.9999438994012901,0.999943979606412,0.9999439796064139,0.999943979606414,0.9999439796064118,0.999943979606412,0.9999439796064118,0.9999439796064123,0.9999439796064131,0.999943979606412
0.9999673944741664,0.9999438994012722,0.999943899401287,6.579460655311592e-08,0.9999438994012879,0.9999658724257755,0.999943899401287,0.9999438994012864,0.999943899401287,0.9999438994012881,0.9999438994012875,0.9999438994012864,0.9999438994012861,0.9999438994012881,0.9999441054055629,0.9999438994012867,0.9999438994012867,0.999943899401286,0.9999438994012875,6.634525707313642e-08,0.9999438994012857,0.999943899401287,0.999943899401287,0.9999438994012857,0.999943899401287,0.999943899401287,0.9999438994012875,0.999943899401287,0.9999438994012861,0.9999438994012875,0.9999438994012861,6.63452607007771e-08,0.999943899401287,0.9999438994012868,0.9999441054055638,6.634525828118429e-08,0.9999438994012867,0.9999438994012867,0.9999438994012854,0.9999438994012881,0.999943899401287,0.9999438994012861,0.9999438994012854,0.9999438994012861,0.999943899401287,0.9999438994012861,6.77554477658087e-08,0.999943899401287,0.9999438994012868,0.9999438994012881,0.9999438994012884,0.9999438994012867,0.9999438994012868,0.9999438994012868,0.9999438994012855,0.9999438191961708,0.9999438994012857,0.9999438994012848,0.9999438994012884,0.999943899401286,0.999943899401287,0.9999438994012857,0.9999438994012857,0.9999438994012867,0.999943899401287,0.999943899401287,0.999943899401287,6.869801246954671e-08,0.999943899401287,0.9999438994012875,0.9999438994012864,0.999943899401287,6.634525797214945e-08,0.9999438994012875,0.9999438994012874,0.999943899401287,0.9999438994012875,0.9999438994012867,0.999943899401287,0.999943899401287,0.9999438994012867,0.999943899401287,0.9999438994012884,0.999943899401287,0.999943899401287,0.9999438994012875,0.999943899401287,0.9999438994012867,0.9999438994012867,0.999943899401285,0.999943899401287,0.9999438191961704,0.9999438994012867,0.9999438994012875,0.9999438994012879,0.9999438994012857,0.9999438994012875,0.9999438994012864,0.999943899401286,0.999943899401287,0.9999438994012875
0.999967474680954,0.9999439796063975,0.999943979606414,3.2983717518336135e-11,0.9999439796064127,0.999943899401287,0.9999660328360169,0.9999439796064118,0.999943979606413,0.9999439796064123,0.9999439796064131,0.9999439796064118,0.9999439796064118,0.9999439796064125,0.9999441856107051,0.9999439796064118,0.9999439796064118,0.999943979606411,0.9999439796064133,3.325976590418452e-11,0.9999439796064123,0.999943979606413,0.9999439796064123,0.9999439796064123,0.999943979606413,0.9999439796064131,0.9999439796064131,0.9999439796064127,0.9999439796064118,0.9999439796064133,0.999943979606411,3.325976771617461e-11,0.999943979606413,0.9999439796064131,0.9999441856107049,3.325976650489525e-11,0.9999439796064118,0.9999439796064123,0.9999439796064113,0.9999439796064131,0.9999439796064125,0.999943979606411,0.9999439796064125,0.9999439796064118,0.999943979606413,0.9999439796064123,3.396671334067865e-11,0.999943979606413,0.9999439796064118,0.9999439796064123,0.9999439796064137,0.9999439796064118,0.9999439796064127,0.9999439796064137,0.9999439796064118,0.9999438994012906,0.9999439796064125,0.9999439796064113,0.999943979606414,0.9999439796064111,0.9999439796064127,0.9999439796064123,0.9999439796064123,0.9999439796064123,0.999943979606413,0.9999439796064127,0.999943979606413,3.443923340454477e-11,0.9999439796064127,0.9999439796064133,0.9999439796064118,0.999943979606413,3.325976638611768e-11,0.9999439796064137,0.9999439796064131,0.9999439796064131,0.9999439796064137,0.9999439796064123,0.9999439796064127,0.9999439796064127,0.9999439796064123,0.9999439796064133,0.9999439796064142,0.9999439796064127,0.999943979606413,0.9999439796064127,0.9999439796064125,0.9999439796064123,0.9999439796064118,0.9999439796064123,0.9999439796064118,0.9999438994012897,0.9999439796064118,0.9999439796064127,0.9999439796064137,0.9999439796064123,0.9999439796064118,0.9999439796064131,0.999943979606412,0.9999439796064127,0.999943979606412
0.9999674746809543,0.9999439796063975,0.9999439796064137,3.298371751923342e-11,0.9999439796064133,0.9999438994012864,0.9999439796064118,0.9999660328360197,0.9999439796064127,0.9999439796064127,0.999943979606414,0.999943979606412,0.9999439796064118,0.9999439796064127,0.9999441856107053,0.9999439796064127,0.9999439796064127,0.9999439796064111,0.9999439796064131,3.325976590341323e-11,0.9999439796064113,0.9999439796064127,0.9999439796064127,0.9999439796064113,0.999943979606413,0.9999439796064123,0.9999439796064137,0.9999439796064123,0.9999439796064118,0.9999439796064131,0.999943979606411,3.3259767743267235e-11,0.999943979606413,0.9999439796064127,0.9999441856107036,3.325976649834048e-11,0.9999439796064127,0.9999439796064118,0.9999439796064108,0.9999439796064139,0.9999439796064123,0.999943979606411,0.9999439796064118,0.9999439796064118,0.9999439796064123,0.9999439796064127,3.39667133545174e-11,0.9999439796064127,0.9999439796064118,0.9999439796064127,0.9999439796064142,0.9999439796064118,0.9999439796064123,0.999943979606413,0.999943979606411,0.9999438994012896,0.9999439796064125,0.999943979606411,0.999943979606414,0.9999439796064113,0.9999439796064123,0.9999439796064113,0.9999439796064113,0.9999439796064118,0.9999439796064127,0.9999439796064125,0.9999439796064123,3.443923339055996e-11,0.9999439796064123,0.9999439796064131,0.9999439796064118,0.9999439796064123,3.3259766361249e-11,0.9999439796064131,0.9999439796064127,0.9999439796064123,0.9999439796064131,0.9999439796064125,0.9999439796064123,0.9999439796064123,0.9999439796064123,0.9999439796064131,0.9999439796064137,0.9999439796064123,0.9999439796064123,0.999943979606413,0.9999439796064123,0.9999439796064123,0.9999439796064123,0.9999439796064111,0.9999439796064123,0.9999438994012892,0.9999439796064123,0.999943979606413,0.9999439796064131,0.9999439796064113,0.9999439796064125,0.9999439796064117,0.9999439796064108,0.9999439796064131,0.9999439796064125
0.9999674746809559,0.9999439796063981,0.9999439796064139,3.2983717526042214e-11,0.9999439796064146,0.999943899401287,0.999943979606413,0.9999439796064127,0.9999660328360197,0.9999439796064133,0.9999439796064146,0.9999439796064131,0.9999439796064125,0.9999439796064133,0.9999441856107057,0.9999439796064127,0.9999439796064127,0.9999439796064118,0.9999439796064142,3.3259765907726785e-11,0.9999439796064118,0.9999439796064131,0.9999439796064133,0.9999439796064118,0.9999439796064127,0.9999439796064131,0.999943979606414,0.9999439796064131,0.9999439796064125,0.9999439796064131,0.9999439796064118,3.3259767712671924e-11,0.9999439796064127,0.9999439796064139,0.9999441856107049,3.325976651892701e-11,0.9999439796064127,0.9999439796064127,0.9999439796064118,0.999943979606414,0.9999439796064127,0.9999439796064118,0.999943979606413,0.9999439796064125,0.9999439796064131,0.9999439796064127,3.396671335365348e-11,0.9999439796064127,0.9999439796064125,0.9999439796064133,0.9999439796064137,0.9999439796064127,0.9999439796064127,0.9999439796064131,0.9999439796064118,0.9999438994012901,0.9999439796064127,0.999943979606411,0.9999439796064142,0.9999439796064118,0.9999439796064133,0.9999439796064118,0.9999439796064118,0.9999439796064127,0.9999439796064127,0.9999439796064137,0.9999439796064131,3.443923342935996e-11,0.9999439796064131,0.9999439796064131,0.9999439796064125,0.9999439796064131,3.3259766379736276e-11,0.9999439796064142,0.9999439796064127,0.9999439796064133,0.9999439796064133,0.9999439796064131,0.9999439796064133,0.9999439796064131,0.9999439796064133,0.9999439796064131,0.9999439796064137,0.9999439796064131,0.9999439796064131,0.9999439796064131,0.9999439796064123,0.9999439796064127,0.9999439796064123,0.9999439796064118,0.9999439796064127,0.9999438994012901,0.9999439796064123,0.9999439796064131,0.999943979606414,0.9999439796064118,0.9999439796064123,0.9999439796064127,0.9999439796064123,0.9999439796064133,0.9999439796064123
0.999967474680954,0.9999439796063972,0.9999439796064137,3.298371752221567e-11,0.9999439796064137,0.9999438994012881,0.9999439796064123,0.9999439796064127,0.9999439796064133,0.9999660328360206,0.9999439796064131,0.9999439796064127,0.9999439796064113,0.9999439796064123,0.9999441856107051,0.9999439796064123,0.9999439796064123,0.9999439796064118,0.9999439796064131,3.325976590785473e-11,0.999943979606412,0.9999439796064133,0.9999439796064123,0.999943979606412,0.9999439796064127,0.9999439796064133,0.9999439796064131,0.9999439796064127,0.9999439796064113,0.999943979606414,0.9999439796064113,3.325976771617461e-11,0.9999439796064133,0.9999439796064137,0.9999441856107049,3.325976651471021e-11,0.9999439796064123,0.9999439796064123,0.9999439796064111,0.9999439796064142,0.9999439796064125,0.9999439796064113,0.9999439796064127,0.9999439796064113,0.9999439796064133,0.9999439796064123,3.396671333089231e-11,0.9999439796064131,0.9999439796064113,0.9999439796064123,0.999943979606414,0.9999439796064118,0.9999439796064137,0.9999439796064125,0.9999439796064118,0.9999438994012897,0.9999439796064127,0.9999439796064111,0.9999439796064146,0.999943979606412,0.9999439796064127,0.999943979606412,0.999943979606412,0.9999439796064123,0.9999439796064131,0.9999439796064137,0.9999439796064133,3.4439233413394765e-11,0.9999439796064127,0.999943979606414,0.9999439796064118,0.9999439796064133,3.3259766364834223e-11,0.9999439796064146,0.9999439796064127,0.9999439796064137,0.9999439796064137,0.9999439796064123,0.9999439796064127,0.9999439796064127,0.9999439796064127,0.9999439796064133,0.9999439796064133,0.9999439796064127,0.9999439796064137,0.9999439796064131,0.9999439796064123,0.9999439796064123,0.9999439796064123,0.9999439796064117,0.9999439796064127,0.9999438994012892,0.9999439796064123,0.9999439796064127,0.9999439796064137,0.999943979606412,0.999943979606413,0.9999439796064125,0.9999439796064118,0.9999439796064127,0.999943979606413
0.999967474680956,0.9999439796063986,0.9999439796064147,3.29837175151683e-11,0.999943979606414,0.9999438994012875,0.9999439796064131,0.999943979606414,0.9999439796064146,0.9999439796064131,0.9999660328360206,0.9999439796064137,0.999943979606413,0.9999439796064131,0.9999441856107062,0.9999439796064137,0.9999439796064137,0.9999439796064123,0.9999439796064146,3.325976591406735e-11,0.9999439796064131,0.9999439796064139,0.9999439796064131,0.9999439796064131,0.999943979606414,0.999943979606414,0.9999439796064146,0.9999439796064142,0.999943979606413,0.999943979606414,0.9999439796064131,3.325976771557712e-11,0.9999439796064137,0.9999439796064139,0.9999441856107049,3.32597665178803e-11,0.9999439796064137,0.9999439796064137,0.9999439796064123,0.9999439796064146,0.9999439796064137,0.9999439796064131,0.9999439796064131,0.999943979606413,0.9999439796064131,0.9999439796064146,3.3966713312710664e-11,0.9999439796064139,0.9999439796064127,0.9999439796064131,0.9999439796064153,0.999943979606414,0.9999439796064133,0.9999439796064139,0.9999439796064127,0.999943899401291,0.9999439796064142,0.9999439796064125,0.9999439796064149,0.9999439796064123,0.9999439796064131,0.9999439796064131,0.9999439796064131,0.9999439796064137,0.9999439796064139,0.9999439796064131,0.9999439796064131,3.443923341229701e-11,0.9999439796064142,0.999943979606414,0.9999439796064127,0.9999439796064131,3.325976636025688e-11,0.999943979606414,0.9999439796064137,0.9999439796064131,0.9999439796064146,0.9999439796064137,0.9999439796064131,0.9999439796064142,0.999943979606414,0.9999439796064146,0.9999439796064137,0.9999439796064142,0.9999439796064131,0.9999439796064137,0.9999439796064133,0.999943979606414,0.999943979606413,0.9999439796064125,0.9999439796064137,0.9999438994012901,0.999943979606413,0.9999439796064142,0.9999439796064147,0.9999439796064131,0.9999439796064127,0.999943979606413,0.9999439796064127,0.9999439796064142,0.9999439796064127
0.9999674746809543,0.9999439796063962,0.9999439796064131,3.2983717544304216e-11,0.9999439796064125,0.9999438994012864,0.9999439796064118,0.999943979606412,0.9999439796064131,0.9999439796064127,0.9999439796064137,0.9999660328360175,0.9999439796064113,0.9999439796064127,0.9999441856107044,0.9999439796064123,0.9999439796064123,0.9999439796064105,0.9999439796064137,3.325976591171534e-11,0.9999439796064105,0.9999439796064131,0.9999439796064118,0.9999439796064105,0.999943979606412,0.9999439796064125,0.9999439796064118,0.999943979606413,0.9999439796064113,0.9999439796064118,0.9999439796064105,3.32597677339634e-11,0.999943979606412,0.9999439796064131,0.9999441856107026,3.325976653102543e-11,0.9999439796064123,0.9999439796064105,0.9999439796064097,0.9999439796064123,0.9999439796064118,0.9999439796064105,0.9999439796064118,0.9999439796064113,0.9999439796064125,0.9999439796064118,3.396671333401808e-11,0.9999439796064131,0.9999439796064118,0.9999439796064127,0.999943979606413,0.999943979606411,0.9999439796064105,0.999943979606412,0.9999439796064108,0.9999438994012892,0.9999439796064111,0.9999439796064105,0.9999439796064131,0.9999439796064108,0.9999439796064127,0.9999439796064105,0.9999439796064105,0.9999439796064105,0.9999439796064131,0.999943979606411,0.9999439796064111,3.4439233412200445e-11,0.9999439796064125,0.9999439796064118,0.9999439796064113,0.9999439796064125,3.325976636115451e-11,0.9999439796064117,0.9999439796064111,0.9999439796064125,0.9999439796064131,0.9999439796064117,0.9999439796064127,0.999943979606413,0.999943979606411,0.9999439796064125,0.9999439796064127,0.999943979606413,0.9999439796064125,0.9999439796064113,0.9999439796064118,0.999943979606411,0.9999439796064101,0.9999439796064105,0.9999439796064111,0.9999438994012884,0.999943979606411,0.999943979606413,0.999943979606413,0.9999439796064105,0.9999439796064113,0.9999439796064105,0.9999439796064108,0.999943979606413,0.9999439796064113
0.9999674746809574,0.9999439796063975,0.999943979606413,3.2983717519681e-11,0.9999439796064127,0.9999438994012861,0.9999439796064118,0.9999439796064118,0.9999439796064125,0.9999439796064113,0.999943979606413,0.9999439796064113,0.9999660328360173,0.9999439796064113,0.9999441856107044,0.9999439796064111,0.9999439796064111,0.9999439796064105,0.9999439796064123,3.32597659219205e-11,0.999943979606411,0.9999439796064127,0.9999439796064113,0.9999439796064117,0.9999439796064118,0.9999439796064125,0.9999439796064127,0.9999439796064123,0.9999439796064113,0.9999439796064131,0.9999439796064105,3.325976770537513e-11,0.9999439796064118,0.9999439796064125,0.9999441856107044,3.32597665178803e-11,0.9999439796064111,0.9999439796064118,0.9999439796064108,0.9999439796064127,0.9999439796064125,0.9999439796064105,0.9999439796064113,0.9999439796064113,0.9999439796064123,0.9999439796064118,3.396671331596472e-11,0.9999439796064125,0.9999439796064113,0.9999439796064113,0.9999439796064131,0.9999439796064118,0.9999439796064127,0.9999439796064118,0.999943979606411,0.9999438994012899,0.9999439796064118,0.9999439796064103,0.9999439796064137,0.9999439796064105,0.9999439796064125,0.9999439796064118,0.9999439796064118,0.9999439796064118,0.9999439796064125,0.9999439796064127,0.9999439796064123,3.443923340924907e-11,0.9999439796064123,0.9999439796064133,0.9999439796064117,0.9999439796064123,3.325976639092571e-11,0.9999439796064131,0.9999439796064118,0.9999439796064123,0.9999439796064123,0.9999439796064118,0.9999439796064125,0.9999439796064123,0.9999439796064118,0.999943979606413,0.9999439796064125,0.9999439796064123,0.9999439796064123,0.9999439796064123,0.9999439796064125,0.9999439796064125,0.999943979606411,0.9999439796064105,0.9999439796064118,0.999943899401289,0.9999439796064111,0.9999439796064125,0.9999439796064127,0.999943979606411,0.999943979606411,0.9999439796064113,0.9999439796064123,0.9999439796064125,0.999943979606411
0.999967474680954,0.9999439796063975,0.9999439796064137,3.2983717540523296e-11,0.9999439796064137,0.9999438994012881,0.9999439796064125,0.9999439796064127,0.9999439796064133,0.9999439796064123,0.9999439796064131,0.9999439796064127,0.9999439796064113,0.9999660328360206,0.9999441856107051,0.9999439796064123,0.9999439796064125,0.9999439796064118,0.9999439796064131,3.325976591988232e-11,0.999943979606412,0.9999439796064133,0.9999439796064123,0.999943979606412,0.9999439796064127,0.9999439796064133,0.9999439796064131,0.9999439796064127,0.9999439796064113,0.9999439796064142,0.9999439796064113,3.325976774280231e-11,0.9999439796064127,0.9999439796064137,0.9999441856107049,3.3259766533937444e-11,0.9999439796064123,0.9999439796064123,0.9999439796064111,0.9999439796064142,0.9999439796064125,0.9999439796064113,0.9999439796064127,0.9999439796064113,0.9999439796064133,0.9999439796064123,3.396671333859896e-11,0.9999439796064131,0.9999439796064113,0.9999439796064123,0.999943979606414,0.9999439796064118,0.9999439796064137,0.9999439796064125,0.9999439796064118,0.9999438994012897,0.9999439796064127,0.9999439796064113,0.9999439796064146,0.999943979606412,0.9999439796064127,0.9999439796064123,0.999943979606412,0.9999439796064123,0.9999439796064131,0.9999439796064137,0.9999439796064137,3.443923340924907e-11,0.9999439796064127,0.9999439796064142,0.9999439796064118,0.9999439796064133,3.3259766379736276e-11,0.9999439796064146,0.9999439796064127,0.9999439796064137,0.9999439796064137,0.9999439796064123,0.9999439796064127,0.9999439796064127,0.9999439796064127,0.9999439796064133,0.9999439796064133,0.9999439796064127,0.9999439796064137,0.9999439796064131,0.9999439796064125,0.9999439796064123,0.9999439796064125,0.9999439796064118,0.9999439796064127,0.9999438994012896,0.9999439796064125,0.9999439796064127,0.9999439796064137,0.999943979606412,0.999943979606413,0.9999439796064127,0.9999439796064118,0.9999439796064127,0.999943979606413
0.9999676806895171,0.9999441856106891,0.9999441856107062,3.2983723839196157e-11,0.9999441856107049,0.9999441054055629,0.9999441856107051,0.9999441856107053,0.9999441856107057,0.9999441856107051,0.9999441856107062,0.9999441856107044,0.9999441856107044,0.9999441856107051,0.9999664448446388,0.9999441856107049,0.9999441856107049,0.9999441856107036,0.9999441856107057,3.3259772318111686e-11,0.9999441856107038,0.9999441856107057,0.9999441856107053,0.9999441856107038,0.9999441856107053,0.9999441856107049,0.9999441856107053,0.9999441856107053,0.9999441856107044,0.9999441856107055,0.999944185610704,3.325977412113776e-11,0.9999441856107053,0.9999441856107057,0.999944391615038,3.32597728549757e-11,0.9999441856107049,0.9999441856107044,0.9999441856107031,0.9999441856107053,0.9999441856107044,0.999944185610704,0.999944185610704,0.9999441856107044,0.9999441856107051,0.9999441856107046,6.775546591177843e-08,0.9999441856107057,0.9999441856107046,0.9999441856107051,0.9999441856107057,0.9999441856107044,0.9999441856107038,0.9999441856107049,0.9999441856107038,0.9999441054055671,0.9999441856107044,0.999944185610703,0.9999441856107053,0.9999441856107036,0.9999441856107053,0.9999441856107038,0.9999441856107038,0.9999441856107044,0.9999441856107057,0.9999441856107043,0.9999441856107051,3.443923972244595e-11,0.9999441856107049,0.9999441856107055,0.999944185610704,0.9999441856107053,3.325977276043638e-11,0.9999441856107055,0.9999441856107043,0.9999441856107051,0.9999441856107049,0.9999441856107044,0.9999441856107053,0.9999441856107053,0.9999441856107044,0.9999441856107057,0.9999441856107055,0.9999441856107053,0.9999441856107051,0.9999441856107049,0.9999441856107044,0.9999441856107036,0.999944185610704,0.9999441856107036,0.9999441856107044,0.999944105405566,0.999944185610704,0.9999441856107046,0.9999441856107053,0.9999441856107038,0.999944185610704,0.999944185610704,0.9999441856107038,0.9999441856107053,0.999944185610704
0.9999674746809547,0.9999439796063968,0.999943979606413,3.2983717507668665e-11,0.9999439796064127,0.9999438994012867,0.9999439796064118,0.9999439796064127,0.9999439796064127,0.9999439796064123,0.9999439796064137,0.9999439796064123,0.9999439796064111,0.9999439796064123,0.9999441856107049,0.9999660328360169,0.9999439796064127,0.9999439796064113,0.9999439796064131,3.325976591219086e-11,0.9999439796064113,0.9999439796064125,0.9999439796064123,0.9999439796064113,0.9999439796064127,0.9999439796064123,0.9999439796064127,0.9999439796064125,0.9999439796064111,0.9999439796064127,0.9999439796064113,3.325976770503352e-11,0.9999439796064127,0.9999439796064125,0.9999441856107036,3.325976652139289e-11,0.9999439796064127,0.9999439796064118,0.999943979606411,0.9999439796064127,0.9999439796064123,0.9999439796064113,0.9999439796064118,0.9999439796064111,0.9999439796064118,0.9999439796064131,3.39667133135754e-11,0.9999439796064125,0.999943979606411,0.9999439796064123,0.9999439796064146,0.9999439796064123,0.999943979606412,0.9999439796064125,0.999943979606411,0.9999438994012892,0.9999439796064125,0.9999439796064108,0.9999439796064131,0.9999439796064113,0.9999439796064118,0.9999439796064113,0.9999439796064113,0.9999439796064118,0.9999439796064125,0.9999439796064118,0.9999439796064118,3.443923339270997e-11,0.9999439796064125,0.9999439796064127,0.999943979606411,0.9999439796064118,3.3259766351112783e-11,0.9999439796064127,0.9999439796064123,0.9999439796064118,0.9999439796064131,0.9999439796064118,0.9999439796064118,0.9999439796064125,0.9999439796064123,0.9999439796064131,0.9999439796064127,0.9999439796064125,0.9999439796064118,0.9999439796064123,0.999943979606412,0.9999439796064123,0.999943979606412,0.9999439796064111,0.9999439796064123,0.9999438994012889,0.999943979606412,0.999943979606413,0.9999439796064133,0.9999439796064113,0.9999439796064118,0.9999439796064117,0.999943979606411,0.9999439796064125,0.9999439796064118
0.9999674746809545,0.9999439796063968,0.999943979606413,3.298371751560349e-11,0.9999439796064133,0.9999438994012867,0.9999439796064118,0.9999439796064127,0.9999439796064127,0.9999439796064123,0.9999439796064137,0.9999439796064123,0.9999439796064111,0.9999439796064125,0.9999441856107049,0.9999439796064127,0.999966032836017,0.9999439796064113,0.9999439796064131,3.3259765914163394e-11,0.9999439796064113,0.9999439796064125,0.9999439796064123,0.9999439796064113,0.9999439796064127,0.9999439796064123,0.9999439796064127,0.9999439796064125,0.9999439796064111,0.9999439796064127,0.9999439796064113,3.32597677002713e-11,0.9999439796064127,0.9999439796064125,0.9999441856107036,3.325976652932084e-11,0.9999439796064127,0.9999439796064118,0.999943979606411,0.9999439796064127,0.9999439796064123,0.9999439796064113,0.9999439796064118,0.9999439796064111,0.9999439796064118,0.9999439796064131,3.39667133275231e-11,0.9999439796064125,0.9999439796064111,0.9999439796064125,0.9999439796064146,0.9999439796064123,0.999943979606412,0.9999439796064125,0.999943979606411,0.9999438994012892,0.9999439796064125,0.9999439796064108,0.9999439796064131,0.9999439796064113,0.9999439796064118,0.9999439796064113,0.9999439796064113,0.9999439796064118,0.9999439796064125,0.9999439796064118,0.9999439796064118,3.443923342791361e-11,0.9999439796064125,0.9999439796064127,0.999943979606411,0.9999439796064118,3.3259766379736276e-11,0.9999439796064127,0.9999439796064123,0.9999439796064118,0.9999439796064131,0.9999439796064118,0.9999439796064118,0.9999439796064125,0.9999439796064123,0.9999439796064131,0.9999439796064133,0.9999439796064125,0.9999439796064118,0.9999439796064123,0.999943979606412,0.9999439796064123,0.999943979606412,0.9999439796064111,0.9999439796064123,0.9999438994012889,0.999943979606412,0.999943979606413,0.9999439796064133,0.9999439796064113,0.9999439796064118,0.9999439796064117,0.999943979606411,0.9999439796064125,0.9999439796064118
0.9999674746809519,0.9999439796063953,0.9999439796064118,3.298371752807947e-11,0.9999439796064125,0.999943899401286,0.999943979606411,0.9999439796064111,0.9999439796064118,0.9999439796064118,0.9999439796064123,0.9999439796064105,0.9999439796064105,0.9999439796064118,0.9999441856107036,0.9999439796064113,0.9999439796064113,0.9999660328360175,0.9999439796064127,3.3259765926872204e-11,0.9999439796064091,0.9999439796064118,0.9999439796064113,0.9999439796064091,0.9999439796064111,0.9999439796064111,0.9999439796064105,0.9999439796064117,0.9999439796064105,0.9999439796064113,0.9999439796064101,3.325976773236147e-11,0.9999439796064111,0.9999439796064118,0.9999441856107023,3.3259766540688014e-11,0.9999439796064113,0.9999439796064097,0.9999439796064091,0.999943979606411,0.9999439796064113,0.9999439796064101,0.999943979606411,0.9999439796064105,0.9999439796064111,0.999943979606411,3.396671334689357e-11,0.9999439796064118,0.999943979606411,0.9999439796064118,0.9999439796064125,0.9999439796064105,0.9999439796064101,0.9999439796064111,0.9999439796064095,0.9999438994012884,0.9999439796064098,0.9999439796064097,0.9999439796064118,0.9999439796064103,0.9999439796064113,0.9999439796064091,0.9999439796064091,0.9999439796064097,0.9999439796064118,0.9999439796064105,0.9999439796064103,3.4439233422139414e-11,0.9999439796064111,0.9999439796064113,0.9999439796064105,0.9999439796064111,3.3259766382090684e-11,0.9999439796064111,0.9999439796064108,0.9999439796064111,0.9999439796064123,0.9999439796064103,0.9999439796064113,0.9999439796064117,0.9999439796064105,0.9999439796064111,0.9999439796064118,0.9999439796064117,0.9999439796064103,0.9999439796064113,0.9999439796064113,0.9999439796064105,0.9999439796064097,0.9999439796064091,0.9999439796064108,0.9999438994012875,0.9999439796064101,0.999943979606412,0.999943979606413,0.9999439796064091,0.9999439796064105,0.9999439796064105,0.9999439796064095,0.9999439796064117,0.9999439796064105
0.9999674746809545,0.9999439796063981,0.9999439796064146,3.2983717510725995e-11,0.9999439796064131,0.9999438994012875,0.9999439796064133,0.9999439796064131,0.9999439796064142,0.9999439796064131,0.9999439796064146,0.9999439796064137,0.9999439796064123,0.9999439796064131,0.9999441856107057,0.9999439796064131,0.9999439796064131,0.9999439796064127,0.9999660328360213,3.3259765909773753e-11,0.999943979606413,0.9999439796064137,0.9999439796064131,0.999943979606413,0.9999439796064139,0.9999439796064142,0.999943979606414,0.9999439796064133,0.9999439796064123,0.9999439796064137,0.9999439796064127,3.325976772685469e-11,0.999943979606413,0.9999439796064142,0.9999441856107046,3.325976652582137e-11,0.9999439796064131,0.9999439796064127,0.9999439796064118,0.999943979606414,0.9999439796064133,0.9999439796064127,0.9999439796064137,0.9999439796064123,0.9999439796064127,0.9999439796064131,3.396671332663511e-11,0.9999439796064137,0.9999439796064125,0.9999439796064133,0.9999439796064149,0.9999439796064137,0.9999439796064137,0.9999439796064131,0.9999439796064127,0.9999438994012915,0.9999439796064137,0.9999439796064118,0.9999439796064142,0.9999439796064131,0.9999439796064133,0.9999439796064131,0.9999439796064131,0.9999439796064127,0.9999439796064137,0.999943979606414,0.9999439796064127,3.443923339055996e-11,0.9999439796064133,0.9999439796064137,0.999943979606414,0.9999439796064127,3.325976636663258e-11,0.9999439796064142,0.9999439796064137,0.9999439796064133,0.9999439796064139,0.9999439796064127,0.9999439796064133,0.9999439796064133,0.9999439796064137,0.9999439796064146,0.9999439796064139,0.9999439796064133,0.9999439796064133,0.9999439796064131,0.9999439796064127,0.9999439796064139,0.9999439796064127,0.9999439796064127,0.9999439796064131,0.999943899401291,0.9999439796064127,0.9999439796064139,0.9999439796064139,0.999943979606413,0.9999439796064127,0.9999439796064131,0.9999439796064137,0.9999439796064133,0.9999439796064127
2.9137761498917696e-06,3.325976591595453e-11,3.3259765909334643e-11,6.11597304736698e-16,3.3259765903256404e-11,6.634525707313642e-08,3.325976590418452e-11,3.325976590341323e-11,3.3259765907726785e-11,3.325976590785473e-11,3.325976591406735e-11,3.325976591171534e-11,3.32597659219205e-11,3.325976591988232e-11,3.3259772318111686e-11,3.325976591219086e-11,3.3259765914163394e-11,3.3259765926872204e-11,3.3259765909773753e-11,2.205323036610468e-05,3.325976590770503e-11,3.325976590853294e-11,3.325976590371279e-11,3.325976591903741e-11,3.325976591660343e-11,3.3259765907851056e-11,3.325976591460103e-11,3.325976591035977e-11,3.3259765910356554e-11,3.325976590327275e-11,3.325976590344962e-11,6.453241157605583e-16,3.325976589761054e-11,3.325976590725237e-11,3.3259772373840666e-11,6.453234111430246e-16,3.325976590852753e-11,3.325976592110168e-11,3.32597659303087e-11,3.325976591041718e-11,3.325976590531163e-11,3.3259765895273006e-11,3.3259765909109004e-11,3.325976591406599e-11,3.325976590418452e-11,3.3259765905542796e-11,6.513455966919303e-16,3.325976590418452e-11,3.325976591103384e-11,3.325976591035977e-11,3.3259765914163394e-11,3.325976591582521e-11,3.3259765915135254e-11,3.3259765933952204e-11,3.3259765908351184e-11,6.634525707313696e-08,3.325976590101493e-11,3.325976591441898e-11,3.325976591903741e-11,3.3259765928290185e-11,3.3259765907184504e-11,3.3259765912495624e-11,3.3259765907348886e-11,3.325976591406735e-11,3.325976592357691e-11,3.3259765896549856e-11,3.325976590106158e-11,9.919728453869795e-19,3.3259765912495624e-11,3.325976591396041e-11,3.32597659041846e-11,3.3259765903794323e-11,6.4532335553434015e-16,3.3259765918651624e-11,3.325976590679958e-11,3.3259765923319166e-11,3.325976591627235e-11,3.3259765938067305e-11,3.3259765907686286e-11,3.325976591406599e-11,3.325976589837975e-11,3.325976590344962e-11,3.325976591406735e-11,3.3259765908351184e-11,3.3259765902183085e-11,3.3259765918662947e-11,3.3259765908351184e-11,3.3259765896549856e-11,3.325976590327275e-11,3.3259765914141274e-11,3.3259765914022496e-11,6.634525707313674e-08,3.3259765907348415e-11,3.325976592110168e-11,3.3259765907348886e-11,3.325976591808008e-11,3.3259765923319166e-11,3.3259765915135254e-11,3.325976590341323e-11,3.325976591103384e-11,3.3259765907184504e-11
