0.9999999965095875,-1.9205866379039475e-07,0.9999981519004801,-1.6004326665385277e-07,-2.35450408595849e-07,-2.135242994441048e-07,-2.7515522266510193e-07,-1.2039374850229535e-07,-1.1111627028119122e-07,-2.9683625905988156e-07,0.9999974064026592,-7.216511345798955e-08,0.9999974064026597,0.9999974064026604,-3.0398600763441725e-08,0.9999971593130524,-1.262497516922244e-07,-3.5378841940562314e-07,0.999992552992202,-2.0194644873102642e-07,-7.21651116870105e-08,-3.9009574827616637e-07,-1.6004326722317266e-07,-2.1145823867054765e-07,-5.838478367778149e-07,9.156674772388502e-08,-1.600432672219172e-07,-5.443476099626171e-07,-7.216511115106239e-08,-4.366580712391852e-07,-2.968362577762638e-07,0.9999993568172405,-2.1484340940361217e-07,0.9999904521609579,0.9999942541278528,-1.8028122964602465e-07,-3.7056414379291114e-07,0.9999903725957326,-3.809025779451835e-07,0.9999988057403442,-2.3143345012289884e-07,-2.8276257350688256e-07,0.9999962734903287,-2.82762571461834e-07,-1.0312966860083278e-06,-3.718558452436561e-07,-2.912310283126834e-07,-2.135242996191077e-07,-1.802812272689222e-07,-1.9141727562784678e-07,0.9999948678103346,-2.1268784764002072e-07,-1.6004326722399097e-07,0.9999913548384886,0.9999969362955534,0.9999958588726315,-7.388095642868663e-08,-1.244820599660293e-06,6.1292526773918e-08,0.9999900019037035,-7.046822671050296e-07,1.4498446297784058e-06,0.9999928742397686,-3.995165962414361e-08,0.9999906900857419,0.9999904521609596,-1.8028122727271158e-07,-1.9134753321254362e-07,0.9999835162246544,-2.7519711155570065e-07,0.9999999515619917,-1.8248253195674989e-06,-3.586321504421526e-07,0.9999958151543674,0.999997133086862,0.9999943456497304,0.9999952240366387,-1.5723139990172044e-07,0.9999971330868652,-2.880237206767233e-07,-3.4848818972395473e-07,-6.276779993834356e-08,-7.216511147494883e-08,-3.7433621074790745e-07,-1.5901428013982262e-07,0.4334058502414134,0.5665967612083754,-1.7562561560657688e-07,-1.8028122941872082e-07,0.9999953915831417,0.9999974064026617,-2.9185341265548497e-07,-1.6004327205677003e-07,-3.5404550188408805e-07,-3.1824424768336805e-07,0.9999953007583594,0.9999938753041783,5.966481170040805e-08,-7.821214936445258e-07,-2.6450851767228407e-07,0.9999971252836015,0.9999986452338729,-7.169827548279842e-07,-2.1417501814157908e-07,-2.804840564980632e-07,1.0000011358619094,0.9999926432675795,0.9999953202124274,0.9999976202083376,-1.600432668804027e-07,-1.600432719338558e-07,-1.600432719393575e-07,-2.0224086261461613e-07,0.9999971330868616,0.9999836152024973,5.966481198051498e-08,-1.2876288307576455e-07,0.999998022308085,-9.814885349512559e-07,-3.466163575508562e-07,0.9999837577640969,-3.5902384247184665e-07,-3.2569921837741033e-07,-2.2831515406356915e-07,-2.286902104224769e-07,-6.191397721628308e-08,-1.765842487503749e-07,-3.2013317781198117e-07,-1.6004326710904577e-07,0.9999971252835999
-1.9205866379039475e-07,-5.499080176264834e-07,1.2503215883716122e-07,-1.7616134367802816e-11,-6.9119269054633375e-12,5.941166971169802e-11,4.335297685491831e-11,2.1982788642518074e-11,-6.927430513367663e-11,7.063170038384155e-11,1.3933389755509668e-07,2.040950096414636e-11,1.393338975551031e-07,1.3933389755510756e-07,2.0283898748671474e-10,7.728732446920006e-08,6.9254600430262255e-12,3.1332788500841146e-11,-2.4508079154521323e-11,2.2306349021407356e-10,2.0409500852761095e-11,-7.939527979015536e-11,-1.7616134328653108e-11,5.0206729749116406e-08,-1.3325694573231533e-10,-5.690263191935289e-11,-1.761613443573436e-11,8.294051357679305e-12,2.0409501167778362e-11,2.82827828132849e-07,7.063170054679601e-11,2.0115749765752087e-07,-7.61256173258928e-11,1.3809584197158274e-10,1.494351542494608e-10,3.419935652140722e-11,2.275377999959111e-11,1.258043193334054e-10,5.0821981268218236e-11,1.8598187879763656e-11,1.8440587794967504e-11,-5.93948096136348e-11,9.860206709142221e-08,-5.93948097093478e-11,-3.74769432985113e-08,3.3989973405400006e-10,1.2184688585023752e-11,5.941166972512214e-11,3.419935658298766e-11,2.3473495554569072e-11,2.0365290412560922e-07,-7.727317861942537e-11,-1.7616134350199738e-11,-1.5791643460575305e-11,-2.371015983731945e-09,1.2315467254612925e-07,-6.82701443564884e-11,-4.845872870804527e-07,-4.7659599508486227e-07,4.718781770604302e-07,-1.2577638571181374e-10,4.764598731625631e-10,-8.200324130437993e-11,-1.884910447619628e-11,9.365785215636223e-11,1.3809584206161985e-10,3.4199356583388254e-11,-1.4384265879262017e-11,-8.031975861757364e-11,9.81193707082433e-11,2.862459017055827e-07,5.416014532502779e-08,-5.824644046562469e-07,1.3009832581613143e-07,1.6340123668112516e-07,1.4626938354791773e-07,2.576104362156344e-08,5.4669678335576924e-11,1.634012366811214e-07,2.661145739024466e-12,-2.3766160051886428e-11,3.120451875419617e-11,2.0409500852761153e-11,3.258609921302655e-10,-2.255046706997233e-11,9.074507184455453e-07,-4.4073984208892406e-10,4.969448269812728e-07,3.4199356829372317e-11,1.0209628086400488e-07,1.3933389755510256e-07,6.441693823138626e-11,-1.7616134304518763e-11,1.646061571661063e-11,-4.318175843873096e-12,3.904134828473669e-08,5.082437264276646e-11,-5.171494344525928e-11,-3.483719348160746e-10,5.163699881912242e-11,1.882130920560015e-07,1.817453829149997e-07,3.794687177244375e-08,5.4691687207919516e-11,-1.8563705828014515e-10,3.578294708846701e-07,-4.452287998918369e-11,1.204034158749282e-07,8.414343897314942e-08,-1.7616134328653114e-11,-1.761613435050683e-11,-1.7616134365715853e-11,5.398490131502332e-11,1.634012366811251e-07,-9.155230610780268e-11,-5.1714943607236375e-11,-5.3206957800243706e-11,1.4947324047794274e-07,-4.3228363350424284e-10,-8.860734521501977e-12,-8.006436127801606e-11,-7.54892393145932e-12,-1.5538657014288456e-10,1.0565977967390325e-07,4.925872028703311e-12,2.3177111351678003e-11,-3.625430004302142e-11,-7.473893179256083e-13,-1.7616134365697697e-11,1.8821309205599683e-07
0.9999981519004801,1.2503215883716122e-07,1.0000025972297175,1.29612218358218e-07,5.463249812806626e-08,7.688219167625414e-08,1.6171811777836417e-08,1.7018831112044965e-07,1.7863540196058985e-07,-7.414681408747789e-09,1.0000024953130981,2.1938617911002849e-07,1.0000024953130968,1.0000024953130975,2.5839819796678425e-07,1.0000022442582126,1.6417814375289883e-07,-5.985538525765586e-08,0.9999975567682831,9.027596227925476e-08,2.1938617987827175e-07,-1.0031100143638517e-07,1.2961221808325932e-07,1.0818797208525886e-07,-2.8742624670565374e-07,3.797446133790569e-07,1.2961221756922777e-07,-2.0477878967551136e-07,2.19386180890575e-07,-9.695005292075001e-08,-7.4146822207238036e-09,1.0000044824476397,7.768977117357253e-08,0.999995417717055,0.9999992970437236,1.1861863228398744e-07,-7.718204004777349e-08,0.9999953368858004,-8.801765658750488e-08,1.0000039216878618,6.103285157259357e-08,6.7690733434511105e-09,1.0000013413625048,6.769073500764529e-09,-6.758153369752337e-07,-8.167197543685031e-08,3.051640450761912e-10,7.68821921160577e-08,1.1861863243772128e-07,1.0101238885856473e-07,0.9999999176755855,7.739924393265581e-08,1.296122176284517e-07,0.9999963338527956,1.0000020175227256,1.0000009207478717,2.1569345484919728e-07,-8.641194261492177e-07,4.5720981125276364e-07,0.9999949786919633,-3.9503856556328697e-07,1.9321577871924664e-06,0.999997889279809,2.496155879434769e-07,0.9999956874501535,0.9999954177170544,1.1861863224731463e-07,1.0186735089482631e-07,0.9999885348087174,1.8712815467843856e-08,1.0000050887752547,-1.1990827295354288e-06,-4.991142042513171e-08,1.0000008749464273,1.0000022169266602,0.9999993836113125,1.0000002755785946,1.3212587402955128e-07,1.0000022169266602,2.500115904329861e-09,-5.6470873823001967e-08,2.265459997441321e-07,2.1938617878119584e-07,-8.435870457750993e-08,1.3051592520608234e-07,0.433407400783868,0.5665989693426284,1.4421633361543854e-07,1.1861863196552732e-07,1.0000004466306804,1.0000024953130975,2.907259942560945e-09,1.2961221812941235e-07,-6.397275873481304e-08,-2.68686196807943e-08,1.000000354637007,0.9999989193811255,3.4920714992685206e-07,-4.713494864044235e-07,2.655665633054662e-08,1.0000022093591965,1.0000037610649435,-3.711002843457314e-07,7.603574473152623e-08,2.164644793907194e-08,1.000006295774619,0.9999976654932058,1.0000003744116102,1.0000027138226268,1.2961221832281435e-07,1.296122180835434e-07,1.296122173614297e-07,8.840210441339685e-08,1.0000022169266585,0.9999886365153575,3.4920714954242637e-07,1.5997927417532737e-07,1.0000031261430038,-6.329726719334255e-07,-5.9037496574446575e-08,0.9999887792382924,-6.879648618988166e-08,-1.943459074975154e-08,8.480689701219216e-08,6.157906191767718e-08,2.275378833372693e-07,1.127610424084037e-07,-3.038752082021401e-08,1.2961221782579246e-07,1.0000022093591965
-1.6004326665385277e-07,-1.7616134367802816e-11,1.29612218358218e-07,-6.838927200042689e-07,-1.0805952314800719e-11,4.876247617235133e-12,1.8831405552331066e-08,2.060043023393202e-11,-1.7710440805023469e-12,4.619744749855275e-11,6.962060742937982e-11,7.473482256718666e-12,6.96206074367921e-11,6.962060742764706e-11,4.116307187945745e-11,6.166995397280691e-11,-1.7966907442234071e-13,-4.80060645517197e-12,6.036868038004513e-11,4.692674080667767e-11,7.473482256718666e-12,-2.8775156156672756e-11,-1.9240012238807714e-08,-2.493932497992896e-11,2.0778449724805937e-11,-1.5430365990073287e-11,-1.924001223880629e-08,1.0579046239627891e-11,7.473482249580673e-12,2.452266274319613e-11,4.61974472307964e-11,7.430676612392784e-11,-1.2713302482447094e-11,5.539183377253837e-11,4.778459423889671e-11,1.7132183833329075e-11,-7.126493059641556e-12,5.3573381164556334e-11,-1.061147450055919e-11,6.817960481680115e-11,2.042391655481236e-11,-3.283366383903833e-12,6.472057337261036e-11,-3.2833664596732863e-12,-8.805995758487608e-09,5.702777486918367e-11,2.776262196735267e-12,4.876247655057552e-12,1.713218363740758e-11,2.4377608484227756e-11,6.156449458314105e-11,-4.9453561414363286e-08,-1.9240012238808207e-08,5.960642689003664e-11,5.2254329056330346e-11,6.772216406779885e-11,1.0202696945710697e-11,-3.913359998206341e-12,4.4486263401700305e-13,6.368108572445491e-11,2.2319902362040748e-11,1.4493707666868432e-11,4.112905469289031e-11,9.523553205527113e-12,8.141688306740022e-11,5.539183379262443e-11,1.713218371004258e-11,3.1061496157847e-12,5.5042547508638446e-11,2.2627803521083744e-11,1.585499180315146e-07,-8.595475323772696e-12,-6.185650541344694e-11,7.170337832522576e-11,7.210861160928019e-11,6.404953093112469e-11,5.66919731655615e-11,1.5751435720259785e-08,7.210861160016322e-11,-9.163909672554347e-12,-1.6731705617123416e-11,2.2943325365846686e-11,7.473482256718666e-12,5.675543354053217e-11,1.262309537233407e-12,2.827702017721023e-07,-9.216349147693699e-11,4.550168032960144e-08,1.7132183663993277e-11,5.859366079416252e-11,6.96206074191333e-11,1.1330157668758369e-11,-1.9240012238807396e-08,-3.7973275568374303e-13,-9.98419687056046e-12,4.991465421223326e-11,7.781920350017012e-11,-3.8864166296785705e-11,-4.0867189769734395e-11,5.012669944465727e-12,7.861636844235715e-11,7.044166664544476e-11,8.947656162102401e-13,4.646763015454396e-12,-7.095550088101273e-11,1.9538512973588324e-07,7.059846161356022e-11,6.127965777979681e-11,5.677928489918108e-11,-1.924001223880711e-08,-1.924001223880819e-08,-1.924001223880788e-08,1.230799284054312e-11,7.210861161710437e-11,5.405507293694455e-11,-3.886416646614276e-11,-3.067785354361846e-11,7.440677780170142e-11,6.058577205386293e-12,-2.7953413466909432e-11,5.4674151968272586e-11,-5.7550098130927016e-12,-6.835733910898146e-11,-1.738955143817715e-11,-8.458515098751598e-12,3.120804612979531e-11,-2.6245181726723255e-08,-1.8894264391642266e-11,-1.9240012238807638e-08,7.86163684760538e-11
-2.35450408595849e-07,-6.9119269054633375e-12,5.463249812806626e-08,-1.0805952314800719e-11,-6.978495215721688e-07,-2.915154681054447e-08,6.757305338706974e-12,-1.3858722689428303e-11,-1.166995996557247e-11,4.00214619351055e-11,2.7973007066956444e-11,5.0018711932063694e-11,2.7973007067395347e-11,2.7973007066904994e-11,5.914191959185412e-11,2.5573448014380055e-11,5.425393891879904e-11,-1.5381517576286577e-11,2.8877045311945146e-11,5.7383178466321855e-11,5.001871208077537e-11,-6.298762979643612e-12,-1.0805952362526979e-11,-1.113112505917331e-11,-1.3457230643063259e-11,1.0823606255967296e-07,-1.0805952362526979e-11,2.608852581709824e-11,5.0018712080774586e-11,-8.492796978269533e-12,4.002146196729631e-11,7.603113027202954e-08,5.0929709367455095e-11,9.49409314097552e-12,2.9736377734657406e-11,1.642048376364955e-11,-9.449443910943566e-12,6.4256724553665526e-12,-8.442640257029336e-14,1.1320661351242183e-07,-7.680654383934123e-12,-2.1947074807343587e-11,2.110689615629603e-11,-2.194707469817486e-11,9.167209449557978e-12,-8.392763725735311e-14,-2.519347496738745e-08,-2.9151546810544028e-08,1.6420483916807752e-11,-8.638838125065028e-12,2.3097373466228964e-11,-1.0811920112462291e-11,-1.080595240320772e-11,1.2212528118626262e-11,2.1622987557977352e-11,1.7650795224561883e-11,8.7801863849988e-12,2.294851786007043e-12,-3.507606646036126e-12,1.4224318208354663e-11,-1.1871734621577806e-11,-2.2580730424962533e-11,1.0884075601545833e-11,-3.916778017012777e-12,2.0677952350638847e-11,9.49409310339037e-12,1.6420483916688493e-11,-3.632588982422814e-11,2.92689374837872e-11,-1.203702127797553e-10,2.95158018744735e-11,-1.3717152837392278e-11,-2.55866878022867e-11,2.304591972008209e-11,2.7695005094750063e-11,1.2508169638337988e-11,1.479627252696157e-11,5.34420641889421e-08,2.769500509779945e-11,-2.4304976089870947e-08,-1.3000451526601249e-11,-9.697910299739073e-12,5.00187118561406e-11,3.968344158455882e-09,3.247112411893757e-08,3.647266158233009e-10,-3.4797677059652167e-10,2.0145574944773397e-11,1.6420483916807752e-11,2.0285402317475254e-11,2.797300707362669e-11,-6.658832462952892e-09,-1.0805952343139838e-11,1.370040465004084e-08,-1.5522394847744572e-11,1.9527013730232292e-11,2.926532179989917e-11,7.660936615197105e-12,-2.7134358855891857e-11,-2.750532789495311e-08,3.2286813398981535e-11,5.7759095746866626e-11,-1.5485759093510452e-11,-2.983128324555754e-08,-3.9471276363346516e-11,7.0396797740716e-11,1.1807214807789396e-11,2.013104457844614e-11,3.188812508973565e-11,-1.080595238699797e-11,-1.0805952362673338e-11,-1.0805952230226831e-11,-3.647658440004218e-08,2.7695005114830044e-11,2.721318560802434e-11,7.660936668491308e-12,-3.7212408821187993e-11,5.618674227002175e-08,1.162148356844697e-12,1.8653075011248085e-11,2.7467058834408954e-11,7.665527058496883e-09,-3.498305429225009e-11,-6.5109001481387335e-12,-2.121292142748335e-08,1.419097120488538e-11,-8.269635405166839e-12,-5.778765795504294e-12,-1.0805952230226831e-11,3.22868134082626e-11
-2.135242994441048e-07,5.941166971169802e-11,7.688219167625414e-08,4.876247617235133e-12,-2.915154681054447e-08,-7.001658142799827e-07,-3.43282958263762e-11,-8.92983911225578e-12,2.4558162038966258e-11,7.66409194852795e-11,3.476215212523025e-11,4.026672250627482e-13,3.4762152116333136e-11,3.4762152114934406e-11,8.705434547340472e-12,4.672521543723452e-11,1.161294481808093e-10,-5.31463348324701e-11,7.236804277158752e-11,-1.8199905274374093e-11,4.026672821392124e-13,4.060598323224247e-11,4.876247572163688e-12,6.49508911591063e-11,-2.2727117315900287e-11,1.3024546724222913e-10,4.8762475765744985e-12,4.6424832293926815e-11,4.0266722951895837e-13,-4.206694293277689e-11,7.66409194852795e-11,1.3051041731892364e-08,1.4946403946469914e-10,9.894761059838589e-12,4.1803238965395606e-11,2.331186416819871e-11,-3.634531031756534e-11,9.434180886105671e-12,-7.141143459825225e-12,1.1238543071845803e-07,-1.4627674886401404e-11,-2.5032719573487e-11,4.2966906099531017e-11,-2.5032719378853405e-11,4.791589810798291e-13,-2.0865862074868558e-10,1.5990199396438715e-09,-3.551399399126321e-08,2.3311864086955302e-11,-9.066812015591584e-12,3.728869513283217e-11,1.9236747556130107e-11,4.876247601000281e-12,3.0690735201051945e-11,5.495947458928975e-11,2.5822926639731285e-11,2.7432908969049717e-11,7.204878548119484e-11,5.7391929242678426e-11,-1.8548390387681275e-11,-3.671727575250095e-11,-9.146208378538613e-11,4.4513751043750976e-11,1.2884341467507263e-12,-1.5356663088206755e-11,9.894761093427696e-12,2.331186416819813e-11,-6.773455461559421e-11,4.69856797364202e-11,-8.865280688044616e-11,1.3313496301115053e-11,4.288575257593664e-11,1.1999432863397537e-10,3.9997207011751303e-11,2.9137337400593906e-11,2.0500966835795374e-11,3.907190948936362e-11,1.818453752118411e-11,2.91373374215254e-11,-3.80931310926016e-08,4.956796763917305e-12,-1.945546566278089e-11,4.0266714072090474e-13,-1.9506946588463146e-10,7.017934340949115e-08,2.8704088526070064e-10,-2.574867743197948e-10,-2.108551159582094e-11,2.331186416819871e-11,5.405430890072379e-11,3.4762152142795394e-11,-7.540396169054759e-08,4.876247648928385e-12,1.3610443504502521e-08,-3.7186300980567124e-11,6.366468405015717e-11,1.4457152280403195e-11,-7.866719843212693e-11,3.3197336402148175e-11,-3.3987550715995754e-08,2.8858654400820424e-11,5.828088269251369e-11,8.613110047374716e-12,-4.62551747633781e-08,4.049476721613985e-11,2.388213251160734e-11,-4.193406458052678e-12,5.130097876230317e-11,5.303014801054505e-11,4.876247604856107e-12,4.876247671189111e-12,4.876247769025661e-12,-8.453306990595585e-08,2.913733741505545e-11,4.742083968347379e-11,-7.866719847259352e-11,7.247220730295885e-12,9.02257636488819e-08,3.0486700913463355e-11,7.278902898264334e-11,4.1844887918796376e-11,4.350547093818967e-09,2.0050460547189832e-11,6.287542919911364e-11,-2.266838357918471e-09,-1.3565669642217055e-11,1.9990717548276617e-11,1.0950435104326112e-11,4.8762475864301786e-12,2.8858654447788793e-11
-2.7515522266510193e-07,4.335297685491831e-11,1.6171811777836417e-08,1.8831405552331066e-08,6.757305338706974e-12,-3.43282958263762e-11,-7.647838126707984e-07,-2.982615281453986e-08,-2.0764517885183196e-07,-1.567308250471964e-11,4.828613603961498e-12,5.318753472879833e-11,4.828613603709583e-12,4.828613604100654e-12,-9.150483348439633e-11,2.6450046305042872e-11,-1.5557025623231782e-11,1.3575733585897757e-11,-2.1549333576018602e-11,-1.0551939946047917e-10,5.3187534683439096e-11,1.0697332121074034e-07,1.8831405552331658e-08,7.185647257866688e-11,1.849057943541335e-12,2.304573368354386e-11,1.883140555233031e-08,3.290141312485191e-11,5.318753472567092e-11,-6.573986741193955e-12,-1.5673082458577717e-11,-4.329820359688222e-12,1.854753617026097e-11,-6.2609197515860645e-12,-5.363590816113019e-12,3.201096385634032e-11,1.726563600590486e-08,8.463832506775403e-13,-2.2658436255836147e-11,-2.8159483516772107e-11,-1.8161148942766733e-11,5.169253276949853e-11,1.581822773017964e-11,5.169253270716464e-11,4.1784312777843146e-08,-2.3282382662782926e-07,-2.5389409952291978e-11,-3.432829580116516e-11,3.201096381513194e-11,-3.595077651030054e-08,8.956561810082847e-12,8.923817325670972e-08,1.8831405552327416e-08,2.835492809267275e-11,5.421100713842596e-11,4.371841131947532e-12,-3.001770542027217e-07,7.804659167110328e-11,5.6529197368256065e-11,-3.6045123506315046e-11,-3.4749161431294702e-12,-1.1196479386272975e-10,1.7837876804099092e-11,-2.4317538972511895e-07,-4.025567753532402e-11,-6.260919732668193e-12,3.201096379640297e-11,2.886681868785979e-11,3.4930511164502145e-11,-2.477058763022137e-07,-9.949678545742197e-08,2.8855687774213394e-11,8.107846817410716e-11,8.436219762388722e-12,1.657559545223135e-12,3.261158684142064e-11,7.334616465274836e-08,-4.902152874210109e-08,1.657559547342497e-12,8.509665728237507e-12,2.216803293525432e-11,-2.1560396908763194e-11,5.318753468917988e-11,-2.444631981200694e-07,2.5573472629924664e-11,3.04872441546121e-08,-1.4121622204404349e-11,-4.449253940976231e-08,3.201096386455394e-11,1.9408187384747657e-11,4.828613605465375e-12,-1.5539838249357036e-11,1.8831405552329762e-08,-8.195572504139824e-12,5.062958514500023e-11,4.125040413874522e-11,-1.4899016509296343e-11,8.552606521277679e-11,6.392009688942814e-11,-3.243550525379645e-11,-4.10905516372173e-12,1.8139148342705416e-08,2.8838531494904073e-11,-2.7951454204672514e-11,6.506963995840968e-11,-1.5088449086910453e-07,-7.249994368389809e-13,1.528939096026748e-11,1.9731372304694492e-11,1.883140555233201e-08,1.8831405552329497e-08,1.883140555233061e-08,-5.82666537921142e-12,1.6575595457086354e-12,4.086796756479771e-11,8.552606518637294e-11,1.7968289530706935e-07,-3.672457591378529e-08,5.847606886694e-11,-5.554479093831201e-12,3.92779491499079e-11,1.001137681581949e-11,4.856478148692542e-11,4.461675988537147e-11,-1.5845562984719754e-12,-3.8129450614365306e-07,2.7523850163783582e-08,5.809091070357037e-12,1.8831405552329957e-08,-4.109055163158911e-12
-1.2039374850229535e-07,2.1982788642518074e-11,1.7018831112044965e-07,2.060043023393202e-11,-1.3858722689428303e-11,-8.92983911225578e-12,-2.982615281453986e-08,-1.1717340767433653e-06,-8.65095146250826e-12,1.3299343821404793e-10,9.800113999490118e-11,-4.9796126462969336e-11,9.800113999891059e-11,9.800113999530135e-11,6.996129539994399e-12,8.232868419152237e-11,3.6704804430666695e-11,4.171233109926587e-11,1.0196544187241178e-10,7.208769621198664e-11,-4.9796126320292875e-11,-2.727498956011285e-11,2.060043036194033e-11,-2.6425932939029015e-11,1.7385885896467293e-11,1.871926818058428e-11,2.060043014485759e-11,4.3704227600198044e-11,-4.9796126171017516e-11,4.0017732521930956e-11,1.3299343826393594e-10,2.600241006719327e-11,1.8125863112129763e-11,1.4451934915770114e-10,6.852640324967435e-11,4.607257711808257e-11,4.3386127534562225e-11,1.386673702319383e-10,5.509429464400278e-11,-2.6090012682348665e-11,-4.918832562326334e-07,7.625906119668987e-12,1.1280657780376474e-10,7.625905725240058e-12,-3.802389073948395e-11,9.137322669194968e-11,-7.940941612976635e-12,-8.929838692358186e-12,4.607257773504527e-11,-4.983160646982233e-07,1.181797479599641e-10,2.782885146727467e-12,2.0600430281569878e-11,9.250566856653535e-11,9.163201007327525e-11,1.1006378112076623e-10,5.671091296817332e-11,-8.102930540241845e-13,-2.4672818123576456e-11,1.475680375725154e-10,3.1386989734827656e-11,9.288977733544855e-12,1.1259724733510738e-10,-6.214114676364759e-12,9.52757196547879e-11,1.4451934906017805e-10,4.6072577551892323e-11,3.2763964840336364e-11,1.30586308395518e-10,6.117240533835188e-11,9.989559979355093e-08,2.3434193032366573e-12,-5.169654518659747e-11,1.0331939837010377e-10,1.0662622597183052e-10,1.4971191887963715e-10,1.1983219060483048e-10,-3.769233745185641e-11,1.0662622598386612e-10,1.82721255964569e-12,5.770334015796729e-12,-4.989048539692192e-07,-4.979612646296404e-11,8.027151263163513e-11,-6.906085596266026e-11,-2.7218037183330296e-11,1.3688098740126157e-10,1.335784128193463e-11,4.6072577500336146e-11,1.2081070592153473e-10,9.800113999355035e-11,-3.6271177797930814e-07,2.0600430356882753e-11,-6.799360439305141e-11,-9.142323466434268e-12,1.0818685094667003e-10,1.0528829213909907e-10,-1.487363581937352e-10,6.64347628086737e-11,-1.0765355263208767e-11,8.813233679782026e-11,1.9253543586852875e-12,1.1496408659925887e-11,-1.943322897825919e-11,7.893767941357552e-11,-1.2343711439292368e-11,7.060453220091895e-11,1.0911922451246371e-10,2.120791124082593e-07,2.0600430361936565e-11,2.0600430357015264e-11,2.0600430356834457e-11,-2.291801660872634e-11,1.0662622597819259e-10,1.3131462255229575e-10,-1.4873635779213052e-10,-6.262161275697207e-11,1.3065328173876393e-10,4.638084102866496e-11,2.260365274477331e-11,1.2772379074265237e-10,-6.683531134143625e-11,5.6934417417993015e-11,1.495054049304987e-11,-1.8913580657105216e-11,8.550604585409678e-11,2.4151623942488978e-11,3.0713532041099936e-11,2.0600430194513823e-11,8.813233678957414e-11
-1.1111627028119122e-07,-6.927430513367663e-11,1.7863540196058985e-07,-1.7710440805023469e-12,-1.166995996557247e-11,2.4558162038966258e-11,-2.0764517885183196e-07,-8.65095146250826e-12,-1.3220723682719966e-06,1.3706577508488946e-10,9.281669977905948e-11,-6.5714308315297945e-12,9.281669979842925e-11,9.281669978178566e-11,1.4361151520208372e-10,1.0111988068251001e-10,7.334724552054005e-11,8.196548947498486e-11,-8.631057746811539e-11,1.3469080714855464e-10,-6.571431013797674e-12,1.490447460040617e-08,-1.7710440469897977e-12,-2.945348419831766e-11,6.431031890018408e-11,2.722223635587245e-11,-1.7710440804986987e-12,-4.0694195561321405e-11,-6.57143101380987e-12,1.829149770365457e-10,1.3706577489557167e-10,6.21115168312661e-11,7.929725487145678e-11,1.1621379182607029e-10,2.331248444675302e-11,2.697825459021182e-11,3.570486293725422e-11,1.1715539243447953e-10,3.6792500243134954e-11,-4.29353937637666e-11,-3.1609308147724534e-11,9.194084579038891e-11,1.0340970761602335e-10,9.194084577168952e-11,5.477705438024627e-11,1.3266359891012254e-10,-3.8004713806867155e-12,2.4558162183857915e-11,2.6978254974878077e-11,6.221228730223322e-12,1.0498827267767457e-10,-3.976009404728555e-11,-1.7710440921953084e-12,8.262253874496908e-11,1.0945706885347054e-10,1.0275919369922007e-10,-8.922978196200568e-07,-2.030689676564831e-12,-3.080127887559498e-12,1.2632661054431303e-10,7.635264229630508e-11,8.185677400515919e-11,3.2261518904617866e-11,-6.297313392699453e-07,1.7443265730903423e-10,1.1621379180703148e-10,2.6978254561422242e-11,5.60260498033656e-11,6.387050133204058e-11,-4.529264167328641e-07,1.1155043331971407e-10,1.5155537333616615e-11,-1.8405421471801261e-10,1.106981132843353e-10,1.0530021223621791e-10,1.388483362397956e-10,9.818224688486707e-11,2.2116180021379427e-12,1.0530021224125964e-10,-1.9825063883695648e-11,3.469592650327027e-11,-2.1202794588006242e-11,-6.571431013857637e-12,1.2654566129267515e-10,7.829892512423637e-11,4.700930751344954e-07,-2.2627035927767152e-10,8.056187481128998e-12,2.6978254617532633e-11,9.565170176699343e-11,9.281669977954e-11,-8.166986090651499e-13,-1.7710441411173386e-12,-6.228160005487481e-12,1.6274401749098875e-10,9.999160983689522e-11,1.3389480763458084e-10,-1.0327046708059996e-10,-4.507359596058895e-11,2.4435086497144656e-11,1.0104041917058766e-10,1.5619652334423548e-07,1.1128388079349295e-10,2.930917860326547e-11,-4.177831124250964e-11,-3.3283609248106095e-12,1.983600561545086e-10,9.27737533580185e-11,5.961596531978618e-11,-1.7710442388998593e-12,-1.7710442912944155e-12,-1.771044032175598e-12,1.1606988701431705e-10,1.0530021222640589e-10,7.922443171805639e-11,-1.0327046703899106e-10,3.4382743499576726e-07,1.4804833655917042e-07,7.369920573197814e-11,-8.874643923736605e-12,7.980467832359722e-11,-6.907122173122292e-12,-4.077995759073242e-11,-7.762804442914392e-11,-1.1564966328141944e-11,-8.398815284098924e-07,-5.594266949855658e-12,3.198785131838978e-11,-1.7710442284502034e-12,1.0104041915371302e-10
-2.9683625905988156e-07,7.063170038384155e-11,-7.414681408747789e-09,4.619744749855275e-11,4.00214619351055e-11,7.66409194852795e-11,-1.567308250471964e-11,1.3299343821404793e-10,1.3706577508488946e-10,-1.994719983478153e-06,4.0405787918476486e-13,-1.4020010529173747e-06,4.040578875082394e-13,4.040578715250121e-13,1.4460878308020098e-10,-4.874256768050578e-12,1.1274870563667343e-10,1.0157444963923948e-10,-3.269444284503937e-11,1.4790877220089518e-10,-1.4020010529173723e-06,-6.432207248772368e-12,4.6197447133187826e-11,6.583390058877534e-11,3.8214086733221945e-11,8.735084653256115e-11,4.619744745375756e-11,2.68555449321609e-11,-1.4020010529173937e-06,-3.4375972782994547e-11,-1.330115923879993e-06,-1.3182974077407844e-10,8.701685025747695e-11,6.260177106256882e-11,-3.404250466244124e-11,4.498778404862866e-11,6.044506844950896e-11,5.8011022678021366e-11,1.1382477655114692e-10,-1.0706379220514164e-10,1.2457561715003918e-10,4.359581018312972e-11,2.965428175521276e-11,4.3595810271585226e-11,-7.268274302260983e-11,1.363913669851108e-10,2.984975641586075e-11,7.664091951604574e-11,4.4987783825095566e-11,7.823899605874636e-11,1.4746154974320308e-11,2.4064083806951685e-11,4.619744736925952e-11,6.166937133053435e-11,-2.2939815065461872e-11,1.768067067262866e-11,7.526410498286065e-11,9.591518330089002e-12,-1.4185570215511086e-11,3.944266208168402e-11,2.283793965468689e-11,6.394258325673862e-11,7.098226711895898e-11,1.2859476738675149e-10,-2.1472861541734925e-11,6.260177115610373e-11,4.498778382981806e-11,8.239987682317745e-11,2.6466207554464943e-11,1.2420363043654535e-10,3.27523182982139e-07,-1.0756748741265835e-12,1.329248800160654e-10,2.5896821343724237e-11,-4.3821407533537285e-13,-3.177351161835003e-11,-1.528782514872028e-11,-3.0377393354332533e-12,-4.382140809184228e-13,3.463070045337347e-11,9.460484780305039e-11,1.2702873285573103e-10,-1.4020010529173825e-06,1.3340726523118661e-10,-3.101566064998025e-11,3.641027183800273e-10,-3.874064579249864e-10,-5.014349916576348e-11,4.498778380394404e-11,2.525052217174634e-11,4.040578717196595e-13,1.7829876219264851e-12,4.6197447133189603e-11,-2.235154796469979e-11,8.079358038359535e-11,1.545644770348135e-11,-1.3740721757161889e-11,-1.7702011973773736e-10,9.268034036097556e-11,7.288859396198236e-11,-6.671488997345997e-12,-1.7250145715821389e-10,6.875646704864442e-12,6.510266107949266e-11,9.206830868932231e-11,-1.7521520854763145e-10,-6.0648205765073245e-12,2.6491515605964017e-11,-3.8592111930817344e-11,4.619744728644045e-11,4.6197447495983795e-11,4.619744749620175e-11,6.422108337867507e-11,-4.382140674223581e-13,3.1368141839933596e-11,-1.7702011856012582e-10,1.1252731662054428e-10,1.4068276684661522e-07,-1.5563689614169167e-11,3.470211808865341e-11,3.522689107842933e-11,-3.0702305568252286e-11,6.940963002227692e-11,7.02094407259925e-11,5.868275636691022e-11,4.3752168902271114e-11,3.0311257015140234e-11,9.011756625459352e-11,4.6197447496201505e-11,-6.671489013906023e-12
0.9999974064026592,1.3933389755509668e-07,1.0000024953130981,6.962060742937982e-11,2.7973007066956444e-11,3.476215212523025e-11,4.828613603961498e-12,9.800113999490118e-11,9.281669977905948e-11,4.0405787918476486e-13,1.0000010703442699,8.911549547287805e-11,1.0000017350005344,1.0000017350005355,1.1129707302253403e-10,1.000001481565649,6.845669029124655e-11,-2.5721139556052516e-11,0.9999967882816951,3.432828031165448e-11,8.911549587965594e-11,-5.622440199984858e-11,6.962060731818688e-11,1.1756872970867416e-07,-2.9207734338489553e-07,1.8042381962830607e-10,6.962060704110437e-11,-2.0623632022487776e-07,8.911549638682787e-11,-1.0564075108006077e-07,4.040574561507125e-13,1.0000037101436077,2.54791272542013e-11,0.999994652854411,0.999998518800783,1.1387791865616585e-07,-3.617355846291866e-11,0.9999945736663949,-4.294986270651653e-11,1.000003141156534,4.2928636069073415e-11,3.731930689711256e-12,1.000000584024472,3.73193076996287e-12,-6.695748418685856e-07,-3.827212764007098e-11,-4.032486943654658e-12,3.476215231687806e-11,1.1387791880989752e-07,6.03097462532984e-11,0.9999991585598491,4.612884489198441e-11,6.962060703743148e-11,0.9999955718641836,1.0000012537252785,1.000000163946798,1.1469146930643318e-10,-8.438222614469621e-07,4.7180386212904585e-07,0.9999942053648775,-4.0148878432259304e-07,1.927529809428065e-06,0.999997139518292,1.287375766382926e-10,0.9999949155115111,0.9999946528544112,1.1387791861949182e-07,5.597477729731735e-11,0.999987758609899,1.459438776825206e-11,1.0000043141517805,-1.174153729468172e-06,-7.238903950757215e-09,1.000000113998448,1.0000014546512364,0.9999986270020593,0.9999995192061172,5.738472926697945e-11,1.000001454651237,3.886934117525239e-12,-2.7866264316273488e-11,1.2620143060431735e-10,8.911549532676691e-11,-4.184910202702146e-11,5.2618631620636457e-11,0.43340689406071237,0.5665987179452266,1.2632069229036327e-07,1.1387791833770596e-07,0.9999996880888438,1.000001735000535,-3.272411956414807e-12,6.962060728642112e-11,-4.1884153950138867e-11,-1.3150325132771177e-11,0.9999995934753647,0.9999981521463952,1.4889053765648735e-10,-4.4693128099740287e-07,9.922556350775356e-12,1.0000014442512732,1.0000029766539684,-3.62863837568852e-07,3.438963823302337e-11,5.690858456679673e-08,1.0000055106208172,0.9999968944303038,0.9999996175462689,1.000001950840693,6.962060742693475e-11,6.962060727192378e-11,6.962060690157303e-11,4.105154356393634e-11,1.000001454651235,0.9999878618643989,1.4889053743250034e-10,8.164729291249294e-11,1.0000023764984112,-6.200553909791445e-07,-3.096254373585328e-11,0.9999880052100761,-4.170236081487224e-11,1.0999197675416058e-08,9.961246855116759e-08,3.027192619729998e-11,1.1764909117398049e-10,6.097829397099475e-11,-1.2779803175998509e-11,6.962060716105042e-11,1.000001444251272
-7.216511345798955e-08,2.040950096414636e-11,2.1938617911002849e-07,7.473482256718666e-12,5.0018711932063694e-11,4.026672250627482e-13,5.318753472879833e-11,-4.9796126462969336e-11,-6.5714308315297945e-12,-1.4020010529173747e-06,8.911549547287805e-11,-8.21233848819839e-07,8.911549549501067e-11,8.911549548759388e-11,-5.6995874539427876e-12,1.100908819939631e-10,-4.713769815682184e-11,7.67195427925057e-11,1.3405782420207814e-10,-3.4176376228781595e-11,-1.565850360547539e-07,8.304483452444567e-11,7.473482159562203e-12,5.1405515906216714e-11,-1.9818366285256655e-11,8.585585483544344e-12,7.47348218116848e-12,8.225626702240676e-12,-1.5658503605477963e-07,-1.3106757192924867e-10,-1.4020010529174155e-06,1.2447698956872863e-10,-6.115956179792494e-11,1.3669102652721112e-10,1.8224815863372465e-10,4.200873106492756e-12,8.380350797370997e-11,1.3578730884654458e-10,5.996698016662275e-11,1.5409053259661524e-10,-2.794308692646358e-11,2.3770403985620315e-11,8.640152719801669e-11,2.377040391507373e-11,-5.456808781045612e-11,1.2482396040891914e-10,-2.4963545670958844e-11,4.0266722954060204e-13,4.20087306970699e-12,-8.136133104381312e-11,8.531090203466215e-11,6.098170852998819e-11,7.473482328607028e-12,1.8789621688744191e-10,1.3374458675191112e-10,8.882739312357496e-11,-4.8091335496224816e-11,-5.882946443135866e-11,-6.589569715102398e-11,1.4304031692515336e-10,-2.8133787948408063e-11,-2.600745442474129e-11,1.6936747917514764e-10,-9.84806757316508e-12,4.942455715733203e-11,1.3669102673775384e-10,4.2008730746967905e-12,3.81178882565639e-11,1.78405932753234e-10,7.995187349755037e-11,2.930284117730334e-07,-8.865775818078503e-11,8.067898066394335e-11,8.141249695218106e-11,8.34319057276397e-11,6.738090937605125e-11,1.0646407923321693e-10,3.117462296211558e-11,8.343190570072446e-11,6.213406029890208e-11,5.730391111665536e-11,-3.8765559999139637e-11,-1.565850360547482e-07,1.0824747833054687e-10,-1.3960045335554127e-11,2.423037243334939e-10,-9.028187378484985e-11,2.885614214008495e-12,4.200873043690294e-12,8.760978427486589e-11,8.911549548997458e-11,6.389215885238374e-11,7.473482305895618e-12,3.4367354094129183e-11,6.104671996889215e-11,1.1552044329537693e-10,6.335525113743573e-11,1.114623454390037e-06,5.154333670660474e-11,-2.5661064178540778e-12,8.56552408318425e-11,1.087496920452024e-10,-1.0595498679093923e-10,5.982792387018808e-12,3.2238388332001214e-11,5.1705518497740695e-11,9.107002010989835e-11,7.934014753205349e-11,1.0469383261522184e-10,7.473482256706698e-12,7.473482104671674e-12,7.473482328678609e-12,-1.8158271850845173e-11,8.343190572763945e-11,1.6904218683434423e-10,1.1146234543900462e-06,5.871618160715786e-11,-4.369741639166027e-09,-1.0041538124143849e-10,1.319830862980387e-11,1.7968545196331556e-10,5.37083479011222e-11,4.914117257786157e-11,2.34326685513956e-11,4.5004232775666563e-11,-8.900412285641645e-11,-7.48866032584899e-12,3.874574814894138e-11,7.473482249707913e-12,8.565524081779909e-11
0.9999974064026597,1.393338975551031e-07,1.0000024953130968,6.96206074367921e-11,2.7973007067395347e-11,3.4762152116333136e-11,4.828613603709583e-12,9.800113999891059e-11,9.281669979842925e-11,4.040578875082394e-13,1.0000017350005344,8.911549549501067e-11,1.0000010703442617,1.000001735000535,1.1129707300501258e-10,1.0000014815656486,6.845669031123967e-11,-2.5721139557918616e-11,0.9999967882816949,3.432828032068983e-11,8.911549589139759e-11,-5.6224401999859304e-11,6.962060727398434e-11,1.1756872970867928e-07,-2.920773433848998e-07,1.8042381960298964e-10,6.962060702800971e-11,-2.06236320224885e-07,8.911549640624113e-11,-1.0564075108005886e-07,4.0405746302575103e-13,1.0000037101436068,2.5479127254457994e-11,0.999994652854411,0.9999985188007818,1.138779186561529e-07,-3.6173558462005486e-11,0.9999945736663941,-4.294986270919855e-11,1.0000031411565329,4.2928636053393056e-11,3.73193068738326e-12,1.0000005840244706,3.731930772205786e-12,-6.695748418685763e-07,-3.827212764418741e-11,-4.032486937331349e-12,3.476215231089768e-11,1.1387791880988467e-07,6.03097462533299e-11,0.9999991585598493,4.612884490267211e-11,6.962060702771597e-11,0.9999955718641824,1.0000012537252774,1.000000163946797,1.146914693106798e-10,-8.438222614469591e-07,4.7180386212905046e-07,0.9999942053648787,-4.014887843225979e-07,1.9275298094280703e-06,0.9999971395182925,1.2873757667716175e-10,0.9999949155115111,0.9999946528544108,1.1387791861947863e-07,5.597477729412935e-11,0.9999877586098975,1.4594387763489932e-11,1.0000043141517805,-1.1741537294681643e-06,-7.23890395076196e-09,1.000000113998446,1.000001454651236,0.9999986270020599,0.9999995192061184,5.7384729280793266e-11,1.0000014546512357,3.886934113759267e-12,-2.7866264319776436e-11,1.2620143060805062e-10,8.911549532486716e-11,-4.184910201530033e-11,5.261863162063621e-11,0.4334068940607121,0.5665987179452261,1.2632069229037248e-07,1.1387791833769281e-07,0.9999996880888433,1.0000017350005346,-3.272411956414271e-12,6.962060729586784e-11,-4.1884153973341645e-11,-1.3150325106263103e-11,0.9999995934753628,0.9999981521463954,1.4889053763926574e-10,-4.4693128099740266e-07,9.922556367070562e-12,1.0000014442512728,1.0000029766539673,-3.628638375688485e-07,3.438963824134701e-11,5.6908584566793066e-08,1.0000055106208172,0.9999968944303032,0.9999996175462686,1.0000019508406934,6.962060741621208e-11,6.962060724593095e-11,6.962060689743362e-11,4.1051543563611655e-11,1.0000014546512344,0.9999878618643977,1.488905374693297e-10,8.164729292110989e-11,1.0000023764984114,-6.200553909791517e-07,-3.0962543742516295e-11,0.9999880052100764,-4.170236081114923e-11,1.0999197675413335e-08,9.961246855117446e-08,3.027192618601001e-11,1.1764909119199206e-10,6.097829398521268e-11,-1.277980318431581e-11,6.96206072139691e-11,1.0000014442512712
