1.0000000269997977,1.0000197670975843,1.0000197670975959,8.263943900640326e-06,8.36713998896536e-06,1.0000197670975985,1.0000197670976,1.0000197670975994,1.000019732093203,8.313414450105008e-06,1.0000201607579633,8.377509351877141e-06,1.0000203191148724,1.0000197670975954,8.261436358113582e-06,1.0000184816586137,8.319708598123157e-06,8.386090485849684e-06,8.342597716856101e-06,8.283006179985187e-06,8.353779033764108e-06,1.0000198067845347,8.343995571980437e-06,1.000019767097596,1.000019767097599,1.0000197670975985,1.0000197670975974,1.0000206906064018,1.0000197670975985,8.382801543424551e-06,8.2614363550685e-06,8.34324454621457e-06,1.0000197670975979,8.26394389335217e-06,1.0000197670975979,1.0000201607579653,1.0000197320932023,8.282802945174013e-06,1.0000197081094844,1.000019767097597,8.319708598308203e-06,8.337007496642845e-06,1.0000197670975939,1.0000197670975968,8.264183392759731e-06,1.0000197670975979,8.261436355149065e-06,1.0000197670975974,1.0000197670975943,8.261436358138038e-06,8.27645745547284e-06,8.264183392785984e-06,1.0000197670975979,8.269440418542496e-06,1.0000197670975963,8.26143635809542e-06,1.000019767097598,1.0000211689654568,8.269440417560689e-06,8.299212641138563e-06,8.263943892718152e-06,1.000019767097599,1.0000197670976037,8.261436355182335e-06,8.261436358111627e-06,1.0000197670975999,1.0000197670975979,8.264183392638883e-06,1.000019732093206,1.0000206872688275,8.264183392730956e-06,8.264183392814397e-06,1.0000197670976003,1.0000197320932007,8.295027553971436e-06,1.0000208389020635,1.0000211439796605,8.267693951777419e-06,8.26143635899769e-06,8.287427492948901e-06,1.0000211391405287,1.000019767097599,8.261436358684962e-06,1.0000201434677014,8.261436359099295e-06,1.0000197670975974,1.0000197670975968,1.0000194230396542,1.0000197670976008,1.0000212371050583,8.261436358920905e-06,1.000020646880724,1.0000197320932007,1.000022014937041,1.0000197081094846,1.000019767097599,8.2614363550685e-06,8.278074101985976e-06
1.0000197670975843,1.000019137625586,1.0000102920267495,1.4914803682311592e-10,2.008863998012102e-10,1.0000102920267495,1.000010292026749,1.0000102920267497,1.0000102570224252,1.7395058574931766e-10,1.000010685686386,2.060851831904368e-10,1.0000108440429951,1.0000102920267475,1.4789085914245656e-10,1.000009006590137,1.7710621076439038e-10,2.103874159330827e-10,1.8858189675895855e-10,1.5870509427782188e-10,1.9418775425281254e-10,1.0000103317136144,1.8928272364164081e-10,1.0000102920267473,1.0000102920267482,1.0000102920267495,1.0000102920267475,1.000011215533836,1.0000102920267495,2.0873847075426116e-10,1.478908578749862e-10,1.8890619200747313e-10,1.0000102920267488,1.4914803647322972e-10,1.000010292026749,1.0000106856863868,1.0000102570224252,1.5860321058135565e-10,1.0000102330387426,1.0000102920267482,1.771062108514438e-10,1.8577918259495124e-10,1.0000102920267477,1.0000102920267475,1.4926811104321863e-10,1.0000102920267497,1.478908586247175e-10,1.000010292026748,1.0000102920267466,1.4789085866157322e-10,1.554218338457197e-10,1.492681119922628e-10,1.0000102920267468,1.5190377373482935e-10,1.0000102920267473,1.478908591648118e-10,1.000010292026749,1.000011693892016,1.519037733967196e-10,1.6683036367605703e-10,1.4914803681535043e-10,1.0000102920267495,1.0000102920267502,1.4789085822616329e-10,1.4789085900850603e-10,1.0000102920267486,1.000010292026748,1.492681116955375e-10,1.000010257022427,1.000011212196274,1.4926811168745732e-10,1.492681115073682e-10,1.0000102920267488,1.0000102570224252,1.6473212877037848e-10,1.0000113638292263,1.0000116689062541,1.5102816959711386e-10,1.4789085978859978e-10,1.6092176697751102e-10,1.0000116640671473,1.0000102920267497,1.4789085910393034e-10,1.0000106683961545,1.4789085926682668e-10,1.0000102920267482,1.0000102920267475,1.0000099479694462,1.0000102920267482,1.0000117620314821,1.4789086021000205e-10,1.000011171808246,1.0000102570224247,1.0000125398620314,1.0000102330387435,1.000010292026748,1.478908580390589e-10,1.5623235439823227e-10
1.0000197670975959,1.0000102920267495,1.000019137625609,1.4914803682468067e-10,2.0088639981949953e-10,1.0000102920267613,1.0000102920267604,1.0000102920267617,1.0000102570224372,1.7395058577122378e-10,1.0000106856863975,2.0608518317299686e-10,1.0000108440430069,1.0000102920267597,1.4789085916223962e-10,1.0000090065901488,1.771062107656545e-10,2.1038741591399267e-10,1.8858189675304966e-10,1.587050942773778e-10,1.941877542855142e-10,1.0000103317136269,1.8928272364464958e-10,1.0000102920267602,1.0000102920267606,1.0000102920267615,1.0000102920267588,1.0000112155338488,1.0000102920267622,2.0873847075701929e-10,1.4789085784128706e-10,1.8890619203097876e-10,1.000010292026761,1.4914803646667085e-10,1.0000102920267615,1.0000106856863988,1.0000102570224363,1.5860321057535892e-10,1.000010233038754,1.000010292026759,1.771062108436555e-10,1.8577918261414072e-10,1.0000102920267604,1.0000102920267597,1.4926811105848942e-10,1.0000102920267617,1.4789085863418426e-10,1.0000102920267597,1.0000102920267584,1.4789085866699115e-10,1.5542183383578167e-10,1.492681120214505e-10,1.000010292026759,1.5190377373962265e-10,1.0000102920267602,1.478908591481267e-10,1.0000102920267602,1.0000116938920287,1.5190377344362946e-10,1.6683036368552287e-10,1.4914803682209265e-10,1.0000102920267622,1.0000102920267615,1.4789085822695898e-10,1.47890859043179e-10,1.000010292026761,1.0000102920267597,1.4926811166799228e-10,1.0000102570224385,1.0000112121962872,1.492681116876349e-10,1.492681114602735e-10,1.0000102920267604,1.0000102570224363,1.6473212877315928e-10,1.0000113638292392,1.000011668906266,1.5102816960032216e-10,1.4789085976641425e-10,1.6092176697166598e-10,1.0000116640671586,1.0000102920267617,1.478908591146724e-10,1.0000106683961667,1.478908592815326e-10,1.0000102920267597,1.0000102920267602,1.0000099479694566,1.0000102920267597,1.0000117620314957,1.478908602149715e-10,1.0000111718082574,1.0000102570224358,1.0000125398620434,1.0000102330387557,1.0000102920267606,1.47890858119861e-10,1.5623235440583447e-10
8.263943900640326e-06,1.4914803682311592e-10,1.4914803682468067e-10,8.845599602437555e-06,1.170353376061552e-13,1.4914803680729193e-10,1.4914803682051013e-10,1.4914803678589019e-10,1.4914803166886192e-10,5.0874258664012934e-17,1.4914809488832606e-10,1.2006849040279154e-13,1.4914811827917918e-10,1.4914803679727077e-10,4.3411660381102434e-17,2.974860584569984e-07,1.031722173829151e-13,1.2255006339379955e-13,5.5070755641145813e-17,9.242507233945358e-14,1.1307466228737217e-13,1.491480426816582e-10,5.546198603338063e-17,1.4914803679919422e-10,1.4914803682885297e-10,1.4914803681853117e-10,1.4914803680665612e-10,1.4914817310355052e-10,1.4914803680398593e-10,1.215400418590858e-13,4.3340239025586214e-17,5.573241073229647e-17,1.4914803680665612e-10,8.692364530850472e-14,1.4914803683355262e-10,1.4914809490767697e-10,1.4914803166528012e-10,4.7142439493258544e-17,1.4914802807263674e-10,1.4914803680424884e-10,1.0317221741702515e-13,5.424980829811362e-17,1.4914803681574849e-10,1.491480368088179e-10,4.33993956709161e-17,1.4914803680424858e-10,4.3223676194632004e-17,1.4914803680277126e-10,1.4914803680929232e-10,4.3223676194632004e-17,4.559871863822673e-17,4.33993956709161e-17,1.4914803681175674e-10,8.852716629377792e-14,1.4914803680534974e-10,4.3411660381102434e-17,1.4914803683355262e-10,1.4914824389511695e-10,8.852716608114864e-14,9.720104333537756e-14,8.692364561968109e-14,1.4914803682719173e-10,1.4914803683355262e-10,4.3223676194632004e-17,4.3141873012002915e-17,1.491480368108182e-10,1.4914803682469713e-10,4.348454989862952e-17,1.4914803167203664e-10,1.4914817263643196e-10,4.33993956709161e-17,4.4067106988602556e-17,1.4914803681573424e-10,1.4914803166716054e-10,9.592502764913181e-14,1.4914819498504472e-10,1.4914824002622557e-10,4.4200436783609414e-17,4.3223676194632004e-17,9.377329280417936e-14,1.4914823936699566e-10,1.491480368108182e-10,4.3154669880230083e-17,1.491480924005109e-10,4.3223676194632004e-17,1.4914803681806397e-10,1.4914803681947643e-10,1.491479860039094e-10,1.4914803681778746e-10,1.4914825378097194e-10,4.3411660381102434e-17,1.4914816662153962e-10,1.491480316700988e-10,1.491483687081272e-10,1.4914802808114096e-10,1.4914803681573424e-10,4.3223676194632004e-17,4.581441712815202e-17
8.36713998896536e-06,2.008863998012102e-10,2.0088639981949953e-10,1.170353376061552e-13,8.845599671463256e-06,2.0088639983569635e-10,2.008863997641818e-10,2.0088639980655607e-10,4.0068229211004616e-07,6.832571545814471e-17,4.0068246195344103e-07,1.6166106115159104e-13,4.0068252468591813e-07,2.0088639984962023e-10,5.815024387846919e-17,4.006817961931415e-07,1.3891146681415622e-13,1.6500161162330977e-13,1.4799244512281321e-13,1.2444074957645043e-13,1.522428965471126e-13,4.0068232168348805e-07,1.4855554144379213e-13,2.008863998017382e-10,2.0088639985549215e-10,2.008863998106625e-10,2.008863998451204e-10,2.0088658341100533e-10,2.0088639981232723e-10,1.6364042016727123e-13,5.785711669248276e-17,1.482561193138095e-13,2.0088639981066715e-10,1.1703533725551578e-13,2.0088639984085162e-10,4.0068246195344156e-07,4.006822921100462e-07,6.224165332361285e-17,2.0088638812394516e-10,2.0088639979417152e-10,1.3891146686012734e-13,1.4570437351431844e-13,2.008863998108562e-10,2.0088639985549215e-10,5.88188149079512e-17,2.0088639980977974e-10,5.785711669248276e-17,2.008863998017382e-10,2.0088639982615363e-10,5.818410921579637e-17,6.104500274725778e-17,5.858270863335994e-17,2.0088639983482243e-10,1.1919427623742283e-13,2.0088639983169558e-10,5.818407033256392e-17,2.008863998017382e-10,4.0068286171628977e-07,1.191942759496931e-13,1.308722508489442e-13,1.1703533767872731e-13,2.0088639981456788e-10,2.0088639983482243e-10,5.785711669248276e-17,5.818407033256392e-17,2.0088639984329483e-10,2.0088639980187042e-10,5.888445292551912e-17,4.0068229211004664e-07,2.0088658267279236e-10,5.881881490795167e-17,5.881881490795167e-17,2.008863998017382e-10,4.006822921100462e-07,1.291528104663088e-13,4.0068273079287336e-07,4.006828516851125e-07,5.951538375062498e-17,5.818407033256392e-17,1.2625749079666987e-13,2.00886672668654e-10,2.0088639983482235e-10,5.818581793088856e-17,4.006824551811978e-07,5.821953403460721e-17,2.0088639983482235e-10,2.0088639984329483e-10,2.0088633149310056e-10,2.0088639982514152e-10,2.0088669197284306e-10,5.818581793088856e-17,4.006826546808788e-07,4.0068229211004606e-07,2.0088684685317134e-10,2.0088638805795762e-10,2.0088639982514152e-10,5.818581793088856e-17,6.147409894665059e-17
1.0000197670975985,1.0000102920267495,1.0000102920267613,1.4914803680729193e-10,2.0088639983569635e-10,1.000019137625609,1.000010292026761,1.0000102920267613,1.0000102570224363,1.739505858177752e-10,1.000010685686397,2.0608518322714201e-10,1.000010844043007,1.0000102920267602,1.4789085917614863e-10,1.000009006590149,1.7710621076320754e-10,2.1038741592711132e-10,1.8858189677294953e-10,1.5870509427804535e-10,1.941877542866576e-10,1.000010331713627,1.892827236408853e-10,1.000010292026759,1.0000102920267613,1.000010292026761,1.000010292026759,1.0000112155338485,1.0000102920267622,2.0873847076177883e-10,1.478908578662139e-10,1.8890619201526153e-10,1.0000102920267613,1.4914803646882372e-10,1.000010292026761,1.000010685686399,1.000010257022437,1.5860321060678318e-10,1.0000102330387535,1.0000102920267606,1.7710621084514172e-10,1.857791825908656e-10,1.0000102920267597,1.0000102920267597,1.49268111050513e-10,1.000010292026762,1.478908586098928e-10,1.0000102920267602,1.000010292026758,1.4789085867935616e-10,1.5542183386705843e-10,1.4926811200378444e-10,1.0000102920267588,1.5190377376021405e-10,1.000010292026759,1.478908591385918e-10,1.0000102920267608,1.0000116938920278,1.5190377341408283e-10,1.6683036369732428e-10,1.4914803682831998e-10,1.0000102920267622,1.0000102920267622,1.4789085822695898e-10,1.478908590356325e-10,1.0000102920267606,1.0000102920267602,1.4926811168996003e-10,1.0000102570224385,1.0000112121962865,1.4926811165982178e-10,1.4926811141255682e-10,1.0000102920267606,1.0000102570224363,1.6473212881166244e-10,1.000011363829238,1.0000116689062664,1.510281696006348e-10,1.47890859777447e-10,1.6092176699750948e-10,1.000011664067159,1.0000102920267617,1.478908591146724e-10,1.0000106683961663,1.4789085928343587e-10,1.0000102920267608,1.0000102920267606,1.000009947969457,1.000010292026761,1.0000117620314952,1.4789086018338165e-10,1.0000111718082578,1.0000102570224363,1.000012539862043,1.0000102330387555,1.0000102920267604,1.478908580449743e-10,1.5623235440622803e-10
1.0000197670976,1.000010292026749,1.0000102920267604,1.4914803682051013e-10,2.008863997641818e-10,1.000010292026761,1.0000191376256067,1.0000102920267608,1.000010257022437,1.7395058581131252e-10,1.0000106856863975,2.060851831493321e-10,1.0000108440430069,1.0000102920267597,1.4789085915910788e-10,1.0000090065901486,1.7710621077019603e-10,2.1038741592386308e-10,1.88581896749987e-10,1.5870509427774012e-10,1.9418775427274054e-10,1.0000103317136264,1.8928272364158221e-10,1.0000102920267588,1.0000102920267606,1.0000102920267606,1.000010292026759,1.0000112155338485,1.000010292026761,2.0873847076194277e-10,1.4789085784032913e-10,1.889061920169117e-10,1.0000102920267606,1.4914803646739308e-10,1.0000102920267602,1.000010685686398,1.0000102570224358,1.586032106019591e-10,1.0000102330387544,1.0000102920267597,1.7710621083100146e-10,1.8577918261279027e-10,1.0000102920267597,1.000010292026759,1.4926811105507476e-10,1.0000102920267606,1.478908586291077e-10,1.00001029202676,1.000010292026759,1.4789085868362857e-10,1.5542183382598317e-10,1.4926811201161086e-10,1.0000102920267595,1.5190377373460332e-10,1.0000102920267588,1.478908591414005e-10,1.0000102920267606,1.0000116938920278,1.5190377341654434e-10,1.6683036368552287e-10,1.4914803681813927e-10,1.000010292026761,1.0000102920267613,1.478908582779118e-10,1.478908590267323e-10,1.0000102920267608,1.00001029202676,1.4926811169989832e-10,1.0000102570224383,1.0000112121962865,1.4926811168504027e-10,1.4926811147995063e-10,1.000010292026761,1.0000102570224356,1.6473212878510348e-10,1.0000113638292378,1.0000116689062657,1.510281696157491e-10,1.4789085978093972e-10,1.609217669828711e-10,1.0000116640671586,1.0000102920267606,1.4789085910909156e-10,1.0000106683961658,1.478908592698242e-10,1.0000102920267606,1.0000102920267597,1.000009947969457,1.0000102920267606,1.0000117620314943,1.4789086017115085e-10,1.0000111718082572,1.000010257022436,1.0000125398620432,1.000010233038755,1.0000102920267606,1.4789085809457196e-10,1.5623235440467437e-10
1.0000197670975994,1.0000102920267497,1.0000102920267617,1.4914803678589019e-10,2.0088639980655607e-10,1.0000102920267613,1.0000102920267608,1.000019137625615,1.000010257022437,1.7395058577072724e-10,1.0000106856863982,2.0608518316392362e-10,1.0000108440430084,1.0000102920267602,1.478908591214076e-10,1.000009006590149,1.7710621076629202e-10,2.1038741593579912e-10,1.8858189675721004e-10,1.587050942777003e-10,1.9418775430201627e-10,1.000010331713627,1.8928272362719628e-10,1.000010292026759,1.0000102920267604,1.0000102920267617,1.0000102920267597,1.000011215533849,1.0000102920267622,2.0873847074119814e-10,1.4789085786746983e-10,1.8890619202598973e-10,1.0000102920267613,1.491480364660708e-10,1.0000102920267615,1.0000106856864,1.000010257022438,1.58603210565037e-10,1.0000102330387546,1.0000102920267604,1.771062108483429e-10,1.857791826094989e-10,1.0000102920267606,1.000010292026761,1.4926811107846097e-10,1.0000102920267624,1.4789085865106844e-10,1.0000102920267606,1.0000102920267584,1.4789085868362857e-10,1.5542183387680239e-10,1.492681120694021e-10,1.0000102920267597,1.519037737228662e-10,1.0000102920267597,1.4789085912796598e-10,1.0000102920267613,1.000011693892028,1.5190377343176883e-10,1.668303636833395e-10,1.491480368179102e-10,1.0000102920267624,1.0000102920267617,1.4789085822695898e-10,1.4789085902308592e-10,1.0000102920267617,1.0000102920267602,1.4926811171242649e-10,1.000010257022439,1.0000112121962872,1.4926811168728327e-10,1.4926811148154487e-10,1.000010292026761,1.000010257022438,1.6473212882401212e-10,1.0000113638292392,1.000011668906267,1.510281695985705e-10,1.4789085979968014e-10,1.609217669843858e-10,1.0000116640671595,1.0000102920267622,1.4789085912611206e-10,1.0000106683961667,1.4789085925322835e-10,1.000010292026761,1.000010292026761,1.0000099479694575,1.0000102920267602,1.0000117620314957,1.4789086020238478e-10,1.0000111718082583,1.000010257022437,1.000012539862044,1.000010233038756,1.000010292026761,1.478908580449743e-10,1.5623235441015235e-10
1.000019732093203,1.0000102570224252,1.0000102570224372,1.4914803166886192e-10,4.0068229211004616e-07,1.0000102570224363,1.000010257022437,1.000010257022437,1.000019067616968,1.739505797686524e-10,1.0000106506820599,4.1105163735732876e-07,1.0000108090386648,1.0000102570224356,1.4789085399721042e-10,1.000008971585869,1.7710620463823253e-10,4.1963274824692865e-07,3.7614008085344557e-07,1.587050888229579e-10,3.873213642645398e-07,1.0000102967093025,3.7753793013187375e-07,1.0000102570224352,1.000010257022436,1.0000102570224372,1.0000102570224347,1.0000111805294933,1.0000102570224376,4.163438090099624e-07,1.478908527215517e-10,3.767869109329951e-07,1.0000102570224367,1.4914803132460897e-10,1.000010257022437,1.0000106506820614,1.0000102220181153,1.5860320506944777e-10,1.0000101980344327,1.0000102570224354,1.7710620473139936e-10,3.7054986684564877e-07,1.0000102570224356,1.000010257022435,1.4926810591984247e-10,1.0000102570224376,1.478908535092206e-10,1.0000102570224352,1.0000102570224343,1.4789085358243342e-10,1.554218284790852e-10,1.4926810687731197e-10,1.000010257022435,1.519037684970293e-10,1.0000102570224352,1.478908539992382e-10,1.0000102570224367,1.0000116588876573,1.5190376818744832e-10,1.6683035791925747e-10,1.4914803167403803e-10,1.0000102570224376,1.0000102570224376,1.4789085314680151e-10,1.478908539215384e-10,1.0000102570224367,1.0000102570224352,1.492681065313916e-10,1.0000102220181168,1.0000111771919322,1.492681065509048e-10,1.492681063182252e-10,1.0000102570224365,1.0000102220181153,1.6473212281294655e-10,1.000011328824878,1.0000116339018956,1.510281644413068e-10,1.4789085469156015e-10,1.6092176141580681e-10,1.0000116290627885,1.000010257022437,1.478908539685672e-10,1.000010633391831,1.4789085413550256e-10,1.0000102570224367,1.000010257022435,1.000009912965146,1.0000102570224365,1.0000117270271216,1.4789085514809141e-10,1.0000111368039037,1.0000102220181153,1.000012504857642,1.0000101980344327,1.0000102570224367,1.478908529585753e-10,1.5623234901693902e-10
8.313414450105008e-06,1.7395058574931766e-10,1.7395058577122378e-10,5.0874258664012934e-17,6.832571545814471e-17,1.739505858177752e-10,1.7395058581131252e-10,1.7395058577072724e-10,1.739505797686524e-10,8.845599635189171e-06,1.7395065356931278e-10,6.996529790188611e-17,1.7395068081222706e-10,1.739505858175508e-10,5.0346493744477706e-17,3.4695645516594094e-07,1.2039248052223961e-13,1.4300496860432494e-13,1.2825958151787807e-13,1.0785244839299603e-13,6.617944499021033e-17,1.739505926711862e-10,6.479729354117339e-17,1.7395058581131252e-10,1.739505858155131e-10,1.7395058581988788e-10,1.73950585808861e-10,3.4695721391047485e-07,1.7395058581275293e-10,1.4182798085162205e-13,5.0587394104221553e-17,6.404091106416346e-17,1.7395058576996233e-10,5.0874258664012934e-17,1.7395058578948467e-10,1.7395065358269452e-10,1.7395057976620924e-10,5.5182011861549144e-17,1.7395057564389924e-10,1.739505858036201e-10,1.2039248056196604e-13,6.331537787289691e-17,1.7395058581943037e-10,1.73950585786955e-10,5.091007617546224e-17,1.7395058579001492e-10,5.034885429716938e-17,1.7395058579100193e-10,1.739505857609041e-10,5.0535147507512466e-17,1.0572978043519189e-13,5.047323146185485e-17,1.739505858175508e-10,5.150906929401305e-17,1.739505858161064e-10,5.0323268184144157e-17,1.7395058581097992e-10,3.46957378264708e-07,5.1471985887552046e-17,1.1342417579451416e-13,5.0874258664012934e-17,1.7395058578707856e-10,1.7395058576243757e-10,5.0346493744477706e-17,5.053514779560075e-17,1.739505857959643e-10,1.7395058581925493e-10,5.092009257699182e-17,1.7395057976466195e-10,3.469572127931315e-07,5.073727877776799e-17,5.076052661423044e-17,1.7395058578668193e-10,1.7395057973245262e-10,1.1193693926955839e-13,1.7395077035509462e-10,1.739508233235197e-10,5.15392322397678e-17,5.051687914421765e-17,1.0942383642036603e-13,3.4695736803770214e-07,1.7395058578279857e-10,5.043772378049845e-17,3.4695702606652066e-07,5.043772378049845e-17,1.7395058578668193e-10,1.739505857959643e-10,1.7395052658767947e-10,1.7395058581328842e-10,1.7395083965334034e-10,5.051433724464326e-17,3.46957198904022e-07,1.739505798561566e-10,3.4695766881620475e-07,1.739505756586479e-10,1.739505857629299e-10,5.0346493744477706e-17,5.3363471152440755e-17
1.0000201607579633,1.000010685686386,1.0000106856863975,1.4914809488832606e-10,4.0068246195344103e-07,1.000010685686397,1.0000106856863975,1.0000106856863982,1.0000106506820599,1.7395065356931278e-10,1.0000199249450339,2.0608526344073108e-10,1.0000112377028592,1.0000106856863962,1.4789091673188078e-10,1.0000094002492812,1.7710627975139624e-10,2.1038749787028324e-10,1.8858197031725558e-10,1.5870515606349618e-10,1.9418782989979591e-10,1.0000107253732786,1.8928279737175738e-10,1.0000106856863957,1.0000106856863968,1.0000106856863975,1.0000106856863953,1.0000116091938462,1.0000106856863984,4.1634398543164697e-07,1.4789091544975013e-10,1.8890626555242107e-10,1.0000106856863975,1.4914809460438396e-10,1.0000106856863975,1.0000110793461894,1.0000106506820599,1.5860327238044161e-10,1.000010626698367,1.0000106856863962,1.77106279819323e-10,1.8577925486739224e-10,1.0000106856863957,1.0000106856863962,1.492681692490901e-10,1.0000106856863982,1.4789091620974483e-10,1.0000106856863962,1.0000106856863942,1.478909163036934e-10,1.5542189437973332e-10,1.4926817020429467e-10,1.0000106856863955,1.5190383289306397e-10,1.0000106856863957,1.4789091670569808e-10,1.0000106856863975,1.000012087552213,1.5190383264167616e-10,1.6683042869827157e-10,1.4914809491310945e-10,1.0000106856863982,1.0000106856863982,1.4789091582523222e-10,1.4789091657683952e-10,1.0000106856863962,1.0000106856863962,1.492681698024211e-10,1.0000106506820623,1.0000116058562838,1.4926816986613758e-10,1.492681696264368e-10,1.0000106856863968,1.0000106506820599,1.6473219290813898e-10,1.0000117574892933,1.0000120625664406,1.510282284590812e-10,1.4789091738123953e-10,1.6092182963684146e-10,1.0000120577273324,1.0000106856863982,1.4789091670137715e-10,1.000011062055951,1.4789091686484399e-10,1.0000106856863962,1.0000106856863962,1.0000103416289587,1.0000106856863962,1.0000121556917057,1.4789091782480474e-10,1.0000115654682389,1.0000106506820594,1.0000129335225592,1.0000106266983684,1.0000106856863968,1.478909156485706e-10,1.5623241525653615e-10
8.377509351877141e-06,2.060851831904368e-10,2.0608518317299686e-10,1.2006849040279154e-13,1.6166106115159104e-13,2.0608518322714201e-10,2.060851831493321e-10,2.0608518316392362e-10,4.1105163735732876e-07,6.996529790188611e-17,2.0608526344073108e-10,8.845599685485205e-06,4.1105187595718264e-07,2.060851831535528e-10,5.957768457062365e-17,4.110511285965722e-07,1.4251169757728958e-13,1.6927805928142868e-13,1.5182787318064397e-13,1.276660098688655e-13,1.561887729649165e-13,4.110516676967932e-07,1.5240553671935027e-13,2.0608518320675498e-10,2.060851831972405e-10,2.060851831726387e-10,2.0608518322395354e-10,2.0608537150366012e-10,2.060851831451085e-10,1.6788172234736531e-13,5.947486106409595e-17,1.5209836271384476e-13,2.0608518317968165e-10,1.2006849004301154e-13,2.0608518319551453e-10,2.060852634578932e-10,4.110516373573289e-07,6.389793093760272e-17,4.1105162750784585e-07,2.060851831535528e-10,1.4251169762443345e-13,1.494806775235001e-13,2.060851831877481e-10,2.060851832239476e-10,6.020599471980478e-17,2.060851831885166e-10,5.960245349552649e-17,2.0608518319829564e-10,2.060851832239476e-10,5.962675439516454e-17,6.27459150634743e-17,6.031911791057258e-17,2.060851831365134e-10,1.222833881424581e-13,2.0608518317297585e-10,5.958711581246593e-17,2.06085183151689e-10,4.110522217164053e-07,1.222833878474782e-13,1.3426408459661373e-13,1.2006849047662915e-13,2.0608518314885557e-10,2.0608518319488458e-10,5.957192957262559e-17,5.957192957262559e-17,2.060851831972405e-10,2.0608518318999923e-10,6.012772042463263e-17,4.110516373573297e-07,2.0608537071379448e-10,6.014309264781271e-17,6.008433341231134e-17,2.060851831730965e-10,4.110516373573287e-07,1.3250022567830468e-13,2.0608540167252106e-10,4.1105221142566433e-07,6.103989638703291e-17,5.971746542100366e-17,1.2952968276924858e-13,4.110522096067275e-07,2.0608518318905596e-10,5.958711581246593e-17,4.1105180465204374e-07,5.972054685639364e-17,2.0608518316610252e-10,2.060851831896219e-10,2.0608511303860723e-10,2.0608518313651533e-10,2.0608548288554268e-10,5.947486106409595e-17,4.1105200931890123e-07,4.110516373573287e-07,4.1105256578084156e-07,4.110516275078463e-07,2.0608518313422986e-10,5.962924363726883e-17,6.260214159158234e-17
1.0000203191148724,1.0000108440429951,1.0000108440430069,1.4914811827917918e-10,4.0068252468591813e-07,1.000010844043007,1.0000108440430069,1.0000108440430084,1.0000108090386648,1.7395068081222706e-10,1.0000112377028592,4.1105187595718264e-07,1.0000202416584019,1.0000108440430058,1.4789093986355955e-10,1.000009558605689,3.532512092443928e-07,4.196329917980431e-07,3.7614029924189806e-07,1.5870518092698347e-10,3.873215890163095e-07,1.000010883729895,3.775381493433614e-07,1.0000108440430056,1.0000108440430064,1.0000108440430076,1.0000108440430047,1.0000117675506013,1.0000108440430076,4.1634405059351234e-07,1.478909386122364e-10,3.767871297049593e-07,1.0000108440430067,1.4914811791511603e-10,1.0000108440430062,1.0000112377028605,1.0000108090386635,1.5860329723681394e-10,1.0000107850549682,1.000010844043005,3.532512093743657e-07,3.7055008191171145e-07,1.0000108440430056,1.0000108440430056,1.4926819259587153e-10,1.0000108440430078,1.478909393872863e-10,1.0000108440430058,1.0000108440430047,1.4789093947102058e-10,1.5542191872649415e-10,1.4926819354080771e-10,1.000010844043005,1.5190385670378462e-10,1.0000108440430056,1.4789093990220013e-10,1.0000108440430067,1.0000122459090441,1.5190385635587997e-10,1.668304547710381e-10,1.4914811826780904e-10,1.0000108440430076,1.0000108440430078,1.478909390084368e-10,1.4789093977637862e-10,1.0000108440430064,1.000010844043006,1.492681932024807e-10,1.0000108090386652,1.000011764213038,1.4926819322102587e-10,1.492681929873492e-10,1.0000108440430067,1.0000108090386635,1.6473221881343373e-10,1.000011915846072,1.0000122209232671,1.51028252124571e-10,1.4789094051962195e-10,1.6092185478071795e-10,1.000012216084159,1.0000108440430084,1.4789093980264137e-10,1.0000112204126193,1.47890940002166e-10,1.0000108440430064,1.0000108440430056,1.0000104999855157,1.0000108440430058,1.0000123140485466,1.4789094095175085e-10,1.0000117238249853,1.0000108090386635,1.0000130918795234,1.000010785054968,1.0000108440430064,1.4789093879785781e-10,1.5623243972083766e-10
1.0000197670975954,1.0000102920267475,1.0000102920267597,1.4914803679727077e-10,2.0088639984962023e-10,1.0000102920267602,1.0000102920267597,1.0000102920267602,1.0000102570224356,1.739505858175508e-10,1.0000106856863962,2.060851831535528e-10,1.0000108440430058,1.0000191376256062,1.478908591542115e-10,1.0000090065901475,1.7710621076832327e-10,2.1038741595865492e-10,1.885818967444861e-10,1.5870509427815324e-10,1.9418775427931706e-10,1.0000103317136257,1.892827236528246e-10,1.0000102920267582,1.0000102920267604,1.0000102920267602,1.0000102920267582,1.000011215533847,1.000010292026761,2.087384707267243e-10,1.4789085785276383e-10,1.8890619201357923e-10,1.0000102920267606,1.4914803647970318e-10,1.0000102920267597,1.000010685686398,1.0000102570224354,1.5860321060678318e-10,1.0000102330387528,1.000010292026759,1.7710621083332896e-10,1.85779182635455e-10,1.0000102920267588,1.0000102920267582,1.4926811104321863e-10,1.0000102920267602,1.4789085861910784e-10,1.000010292026759,1.0000102920267573,1.478908586863857e-10,1.55421833839354e-10,1.492681119910208e-10,1.000010292026758,1.519037737296235e-10,1.0000102920267582,1.478908591488593e-10,1.0000102920267604,1.0000116938920272,1.5190377342740953e-10,1.668303636804229e-10,1.4914803681809558e-10,1.000010292026761,1.0000102920267606,1.4789085824241607e-10,1.4789085903756801e-10,1.0000102920267597,1.000010292026759,1.4926811166870606e-10,1.000010257022437,1.000011212196286,1.4926811167604e-10,1.4926811150143417e-10,1.00001029202676,1.0000102570224347,1.6473212879371898e-10,1.0000113638292363,1.000011668906265,1.5102816960345857e-10,1.4789085976563272e-10,1.6092176698411008e-10,1.0000116640671577,1.0000102920267602,1.478908591087477e-10,1.0000106683961654,1.4789085926518317e-10,1.0000102920267602,1.0000102920267582,1.0000099479694564,1.0000102920267597,1.0000117620314941,1.4789086021977853e-10,1.0000111718082558,1.000010257022435,1.0000125398620425,1.0000102330387535,1.0000102920267604,1.4789085808880335e-10,1.5623235440760363e-10
8.261436358113582e-06,1.4789085914245656e-10,1.4789085916223962e-10,4.3411660381102434e-17,5.815024387846919e-17,1.4789085917614863e-10,1.4789085915910788e-10,1.478908591214076e-10,1.4789085399721042e-10,5.0346493744477706e-17,1.4789091673188078e-10,5.957768457062365e-17,1.4789093986355955e-10,1.478908591542115e-10,8.845599604959214e-06,2.949785307915131e-07,5.126978384647216e-17,6.084430766480784e-17,5.4621928545193644e-17,9.162351566928494e-14,1.1209383611124135e-13,1.47890864910046e-10,5.4838259752710065e-17,1.478908591798525e-10,1.4789085914479676e-10,1.4789085914235357e-10,1.4789085915910788e-10,1.4789099425630391e-10,1.4789085912198012e-10,1.2048568710304543e-13,8.542387057647127e-14,5.466622848440362e-17,1.478908591173753e-10,4.3154669880230083e-17,1.4789085915572578e-10,1.478909167293632e-10,1.4789085399584686e-10,4.600563253356259e-17,1.4789085048561755e-10,1.478908591295095e-10,5.1234111115277375e-17,1.0727938251084499e-13,1.4789085915214827e-10,1.4789085914479676e-10,4.3270471084905156e-17,1.478908591295095e-10,8.542387110552751e-14,1.4789085916223962e-10,1.4789085914235357e-10,8.542387118024961e-14,4.4869525501202753e-17,4.308104941933097e-17,1.478908591295095e-10,4.403276280365277e-17,1.4789085916054428e-10,8.5423871495199e-14,1.4789085915572578e-10,1.4789106432573244e-10,4.39486327741209e-17,4.842413696905948e-17,4.3411660381102434e-17,1.4789085914235357e-10,1.478908591773677e-10,8.542387083954209e-14,8.542387138493733e-14,1.4789085914235357e-10,1.478908591540188e-10,4.305013864439407e-17,1.4789085400424288e-10,1.4789099378707336e-10,4.3270471084905156e-17,4.3270471084905156e-17,1.4789085915910788e-10,1.4789085399396909e-10,9.509298760984312e-14,1.4789101594551476e-10,1.478910605544194e-10,4.3545591944016003e-17,8.542387196445724e-14,4.679461916285099e-17,1.4789105993909064e-10,1.4789085914235357e-10,8.542387144301962e-14,1.4789091420978315e-10,8.542387155996275e-14,1.478908591578363e-10,1.4789085912849204e-10,1.4789080883647463e-10,1.4789085915231572e-10,1.478910742152868e-10,8.542387231824798e-14,1.4789098782439563e-10,1.4789085402357238e-10,1.4789118806035483e-10,1.4789085050123671e-10,1.4789085915192173e-10,8.542387072505199e-14,4.53013262266309e-17
1.0000184816586137,1.000009006590137,1.0000090065901488,2.974860584569984e-07,4.006817961931415e-07,1.000009006590149,1.0000090065901486,1.000009006590149,1.000008971585869,3.4695645516594094e-07,1.0000094002492812,4.110511285965722e-07,1.000009558605689,1.0000090065901475,2.949785307915131e-07,1.0000165667540435,3.53250567019403e-07,4.196322289230488e-07,3.7613961519915345e-07,3.165482694895538e-07,3.873208850177382e-07,1.0000090462769637,3.775374627248657e-07,1.0000090065901461,1.0000090065901475,1.0000090065901488,1.0000090065901466,1.000009930096055,1.0000090065901495,4.163432938703539e-07,2.9497852826383696e-07,3.7678644446248395e-07,1.0000090065901475,2.9748605776805336e-07,1.0000090065901492,1.0000094002492825,1.000008971585869,3.163450554520897e-07,1.0000089476022167,1.0000090065901475,3.532505671493758e-07,3.7054940826085895e-07,1.0000090065901468,1.0000090065901466,2.977255548947999e-07,1.0000090065901492,2.9497852975682915e-07,1.0000090065901475,1.0000090065901457,2.9497852991795626e-07,3.0999957991787794e-07,2.977255567980291e-07,1.0000090065901468,3.029825660540938e-07,1.0000090065901461,2.9497853082905433e-07,1.0000090065901486,1.0000104084536248,3.029825654333315e-07,3.3275468045413893e-07,2.9748605846755053e-07,1.0000090065901495,1.0000090065901495,2.949785290132853e-07,2.949785305424858e-07,1.0000090065901475,1.000009006590148,2.977255561105795e-07,1.0000089715858709,1.0000099267584992,2.9772555615194636e-07,2.9772555568655893e-07,1.000009006590149,1.000008971585869,3.2856960601074253e-07,1.0000100783912562,1.0000103834678946,3.012361131352971e-07,2.949785320746e-07,3.209695762861146e-07,1.000010378628794,1.0000090065901488,2.9497853071016685e-07,1.0000093829590737,2.949785310657003e-07,1.0000090065901481,1.0000090065901466,1.0000086625332845,1.0000090065901475,1.000010476593004,2.9497853297013307e-07,1.0000098863705191,1.000008971585869,1.000011254422558,1.000008947602217,1.0000090065901475,2.949785286388084e-07,3.116162190757463e-07
8.319708598123157e-06,1.7710621076439038e-10,1.771062107656545e-10,1.031722173829151e-13,1.3891146681415622e-13,1.7710621076320754e-10,1.7710621077019603e-10,1.7710621076629202e-10,1.7710620463823253e-10,1.2039248052223961e-13,1.7710627975139624e-10,1.4251169757728958e-13,3.532512092443928e-07,1.7710621076832327e-10,5.126978384647216e-17,3.53250567019403e-07,8.84559963788885e-06,1.4545640486118772e-13,6.520735000640108e-17,1.0970005101813994e-13,1.3420879696861828e-13,1.771062178035436e-10,1.3095888754534182e-13,1.7710621076572757e-10,1.771062107658349e-10,1.7710621077171667e-10,1.7710621077127162e-10,3.5325133911543106e-07,1.771062107658349e-10,1.4425617128123164e-13,5.1234137562200533e-17,1.3069491608484392e-13,1.771062107669888e-10,1.0317221707354203e-13,1.7710621076456825e-10,1.7710627972346093e-10,1.7710620463127354e-10,1.098034396741238e-13,1.771062003956932e-10,1.77106210775385e-10,1.2245680645499187e-13,6.41355732147723e-17,1.7710621076244349e-10,1.7710621077050162e-10,5.191413923473015e-17,1.77106210769542e-10,5.129193333385068e-17,1.77106210769542e-10,1.771062107656545e-10,5.1234137562200533e-17,5.390823736155819e-17,5.183855504205438e-17,1.771062107651796e-10,1.0507541008774737e-13,1.7710621077552256e-10,5.1234111115277375e-17,1.7710621077078012e-10,3.532515063641552e-07,1.0507540983386681e-13,1.1536995567397394e-13,1.0317221744737466e-13,1.7710621076186293e-10,1.7710621075717073e-10,5.1301370831670565e-17,5.120234117441011e-17,1.7710621077019603e-10,1.7710621077018683e-10,5.181897610825968e-17,1.7710620459895148e-10,3.532513379799916e-07,5.1872209415688326e-17,5.1809621444368454e-17,1.7710621077086835e-10,1.7710620456139926e-10,1.1385388482790588e-13,1.7710639855044315e-10,3.532514975203529e-07,1.0451670173574828e-13,5.1234111115277375e-17,1.1130191525271726e-13,3.532514959581371e-07,1.77106210764314e-10,5.120234117441011e-17,1.771062764219072e-10,5.122752754194734e-17,1.7710621077019603e-10,1.771062107651455e-10,1.7710615048321506e-10,1.7710621075543957e-10,3.532515300875906e-07,5.129193333385068e-17,3.53251323845598e-07,1.7710620468047512e-10,3.5325180202688963e-07,1.7710620035862317e-10,1.7710621076744372e-10,5.125599411608172e-17,1.0809363956242845e-13
8.386090485849684e-06,2.103874159330827e-10,2.1038741591399267e-10,1.2255006339379955e-13,1.6500161162330977e-13,2.1038741592711132e-10,2.1038741592386308e-10,2.1038741593579912e-10,4.1963274824692865e-07,1.4300496860432494e-13,2.1038749787028324e-10,1.6927805928142868e-13,4.196329917980431e-07,2.1038741595865492e-10,6.084430766480784e-17,4.196322289230488e-07,1.4545640486118772e-13,8.845599690963057e-06,1.549660037593046e-13,1.3030352856681734e-13,1.5941533040320033e-13,4.196327792157609e-07,1.555557589558795e-13,2.1038741596804337e-10,2.1038741593016558e-10,2.1038741595567958e-10,2.1038741595053818e-10,4.1963314606712237e-07,2.103874159347038e-10,1.7134971216828841e-13,6.089659392957816e-17,1.5524218979015596e-13,2.1038741596435065e-10,1.2255006302623632e-13,2.103874159500557e-10,2.1038749783313123e-10,4.196327482469282e-07,1.3042723237909313e-13,2.1038740365174193e-10,2.103874159623301e-10,1.4545640490932838e-13,1.5256927493062938e-13,2.1038741596930477e-10,2.1038741595222038e-10,6.151561677060904e-17,2.1038741591399267e-10,6.078056075200398e-17,2.1038741595020563e-10,2.1038741595053818e-10,6.089659392957816e-17,6.396533938206272e-17,6.148177050428925e-17,2.1038741592754543e-10,1.2481069861758415e-13,2.1038741592270107e-10,6.089215045474346e-17,2.1038741594300404e-10,4.1963334473588403e-07,1.248106983156546e-13,1.3703861023608527e-13,1.2255006347133943e-13,2.1038741595833426e-10,2.1038741595833426e-10,6.089215045474346e-17,6.084430766480784e-17,2.103874159623301e-10,2.1038741596804337e-10,6.151390616283622e-17,4.1963274824692897e-07,4.1963314471853575e-07,6.151561677060904e-17,6.147926270372494e-17,2.103874159347038e-10,4.196327482469282e-07,1.3523745743851915e-13,2.1038763904435438e-10,4.1963333423010045e-07,1.2414729621783334e-13,6.087337764995251e-17,1.3220660838223744e-13,4.196333323750598e-07,2.1038741593789563e-10,6.093441944931371e-17,4.196329190142059e-07,6.089215045474346e-17,2.1038741595569237e-10,2.1038741592379655e-10,2.1038734433458502e-10,2.1038741596804337e-10,4.196333729155929e-07,6.080840103385401e-17,4.1963312792872723e-07,4.196327482469282e-07,4.196336959424634e-07,2.1038740366407953e-10,2.1038741596804337e-10,6.089659392957816e-17,1.2839593733624072e-13
8.342597716856101e-06,1.8858189675895855e-10,1.8858189675304966e-10,5.5070755641145813e-17,1.4799244512281321e-13,1.8858189677294953e-10,1.88581896749987e-10,1.8858189675721004e-10,3.7614008085344557e-07,1.2825958151787807e-13,1.8858197031725558e-10,1.5182787318064397e-13,3.7614029924189806e-07,1.885818967444861e-10,5.4621928545193644e-17,3.7613961519915345e-07,6.520735000640108e-17,1.549660037593046e-13,8.845599656302367e-06,5.84784158771332e-17,1.4298448635599538e-13,3.761401086232907e-07,1.395178199709114e-13,1.8858189677122313e-10,1.8858189675682197e-10,1.885818967530897e-10,1.8858189675901412e-10,1.8858206907763822e-10,1.8858189675942833e-10,1.536891253307398e-13,5.4594515869098867e-17,1.3923670366664546e-13,1.8858189675905546e-10,5.5131061124016086e-17,1.8858189675819695e-10,1.8858197028244301e-10,3.761400808534456e-07,5.863015642010075e-17,1.885818856837127e-10,1.8858189675362807e-10,6.477890867493908e-17,1.368423905213636e-13,1.8858189676161858e-10,1.8858189674897267e-10,5.5367334730589745e-17,1.8858189675901412e-10,5.459870763148653e-17,1.8858189673789486e-10,1.8858189673909598e-10,5.457410738619976e-17,1.145753163467206e-13,5.5117532092574534e-17,1.885818967528104e-10,5.620331240480393e-17,1.8858189677294953e-10,5.46589456004625e-17,1.8858189676284493e-10,3.761406157058557e-07,5.608865383240913e-17,6.173076702533235e-17,5.493392852823627e-17,1.8858189677239837e-10,1.8858189676284493e-10,5.4598707630748815e-17,5.463345035495846e-17,1.885818967515668e-10,1.885818967537152e-10,5.518193674043367e-17,3.761400808534461e-07,1.8858206861495433e-10,5.490705117470744e-17,5.5450668340533516e-17,1.8858189675901412e-10,3.761400808534456e-07,6.073575678390332e-17,1.8858209677099e-10,3.761406062895121e-07,5.593556892624222e-17,5.465562851463684e-17,5.943713490613541e-17,1.885821528658766e-10,1.8858189675294034e-10,5.463345035495846e-17,3.761402339751463e-07,5.4639747439545935e-17,1.8858189675371058e-10,1.8858189677122313e-10,1.8858183256440796e-10,1.885818967608936e-10,1.8858217106985153e-10,5.463345035495846e-17,3.7614042130401005e-07,3.761400808534453e-07,1.885823163400438e-10,1.8858188574079228e-10,1.8858189674980156e-10,5.466201090492641e-17,5.779776765025586e-17
