1.000000001093471,-8.978088732500398e-07,0.5020803647861168,0.5020803510347754,-1.005366196018533e-06,-1.0503178694642889e-06,0.5020802113995315,0.49792284053487645,0.4979228405348774,0.49792284053487507,-1.0053661980274842e-06,-8.9780887304725e-07,0.502080300700535,0.5020803510347763,-9.743900112311515e-07,0.5020803253139977,0.4979228405348772,0.5020802113995322,0.4979228405348755,-8.978088730198061e-07,1.000003271268724,1.0000032320910668,0.5020803510347763,-9.743900094976886e-07,0.49792284053487645,0.49792279353220964,0.5020803510347768,0.5020803007005343,-9.743900117482634e-07,0.49792284053487657,0.5020803510347762,0.4979228405348772,0.49792279353221097,-9.743900120185351e-07,0.497922798895774
-8.978088732500398e-07,-9.956304350773631e-07,-6.622479787321939e-11,-6.622479596086812e-11,4.955575469549036e-17,5.686584824307536e-17,-6.622477654095495e-11,-7.210526412485674e-11,-7.210526406014818e-11,-7.210526406014818e-11,4.953579301213551e-17,7.172314830863207e-14,-6.622478891685125e-11,-6.622479594585275e-11,4.5649312224193847e-17,-6.622479232193905e-11,-7.210526432593125e-11,-6.622477654144245e-11,-7.210526412485674e-11,7.172314864605354e-14,-2.743529066878802e-07,-1.383299800761072e-10,-6.622479596261196e-11,4.5624602734756216e-17,-7.210526432593125e-11,-7.210525761249337e-11,-6.622479588919711e-11,-6.6224788925749e-11,4.562454597662504e-17,-7.210526412485674e-11,-6.622479588919711e-11,-7.210526393802629e-11,-7.210525773298239e-11,4.5697324538483783e-17,-1.4300794477148122e-07
0.5020803647861168,-6.622479787321939e-11,0.5020804611392645,0.5020814420192414,-2.2715570186343947e-07,-1.2859946094260464e-10,0.5020812953888052,-4.6965803208188113e-11,-4.696580264714351e-11,-4.6965802676060635e-11,-2.271557007578531e-07,-6.622479767822254e-11,0.502081427014331,0.5020814420192428,-9.911708919460924e-11,0.5020814156437889,-4.6965802988634074e-11,0.5020812953888054,-4.696580266970893e-11,-6.622479816666491e-11,0.5020810502688328,0.5020810320209518,0.5020814420192425,-9.911708934812163e-11,-4.69658021554394e-11,-6.46590866877698e-11,0.5020814420192425,0.5020814270143305,-9.911708979903509e-11,-4.6965802941707885e-11,0.5020814420192422,-4.696580291366864e-11,-6.465908640494385e-11,-9.911708944306178e-11,-4.565134838028131e-11
0.5020803510347754,-6.622479596086812e-11,0.5020814420192414,0.5020804316386205,-1.1453293687064194e-10,-1.285994572880515e-10,0.50208128063849,-4.6462115872695877e-11,-4.646211534065206e-11,-4.6462115502974273e-11,-1.1453293639249023e-10,-6.622479570539259e-11,0.5020814122640112,0.5020814272689228,-9.911708674697944e-11,0.5020814008934701,-4.646211564322402e-11,0.50208128063849,-4.646211533759483e-11,-6.622479637558526e-11,0.5020810365174954,0.502081018269615,0.5020814272689221,-9.911708658060231e-11,-4.6462114933325074e-11,-6.415539887692119e-11,0.5020814272689218,0.5020814122640116,-9.911708672045756e-11,-4.6462115623853976e-11,0.5020814272689225,-4.646211547512934e-11,-6.415539868097156e-11,-9.91170864233858e-11,-4.514766129895522e-11
-1.005366196018533e-06,4.955575469549036e-17,-2.2715570186343947e-07,-1.1453293687064194e-10,-9.956303638232133e-07,8.211986006381276e-17,-2.2715562615332042e-07,-7.802806516670268e-11,-7.802806520424794e-11,-7.802806508381021e-11,1.4163977896159697e-13,4.9573945010819574e-17,-1.145329277531601e-10,-1.1453293680265285e-10,1.284599121351959e-13,-1.1453293042674968e-10,-7.802806521132458e-11,-2.2715562615332037e-07,-7.802806521132458e-11,4.9573945010819574e-17,-3.8191026547286235e-07,-3.81910249305319e-07,-1.1453293680265285e-10,1.284599121314032e-13,-7.802806521132458e-11,-7.802805545457449e-11,-1.1453293688872017e-10,-1.145329277531601e-10,1.284599121980824e-13,-7.802806520784207e-11,-1.1453293694247472e-10,-7.802806530619417e-11,-7.802805550239623e-11,1.2845991222755747e-13,-7.802805847625106e-11
-1.0503178694642889e-06,5.686584824307536e-17,-1.2859946094260464e-10,-1.285994572880515e-10,8.211986006381276e-17,-9.956303171049053e-07,-2.550540605694948e-07,-8.662638589876785e-11,-8.662638577308647e-11,-8.662638577202276e-11,8.2395187660041e-17,5.697987147217984e-17,-1.2859944680846964e-10,-1.285994571630146e-10,7.468216150652446e-17,-2.550541223319702e-07,-8.662638573346117e-11,-2.550540605694951e-07,-8.662638577202276e-11,5.682099256716994e-17,-4.268619195542683e-07,-4.268619019867992e-07,-1.2859945706657118e-10,7.46108682224777e-17,-8.662638571770604e-11,-8.66263747331384e-11,-1.285994571630146e-10,-1.2859944689700668e-10,7.461086822233787e-17,-8.662638570211984e-11,-1.285994571630146e-10,-8.662638577202276e-11,-8.662637474401312e-11,7.468662686825569e-17,-8.662637836387766e-11
0.5020802113995315,-6.622477654095495e-11,0.5020812953888052,0.50208128063849,-2.2715562615332042e-07,-2.550540605694948e-07,0.5020801383777627,-4.293515037682866e-11,-4.2935149917027e-11,-4.293514996283186e-11,-2.271556250477338e-07,-6.622477632650341e-11,0.5020812656335822,0.5020812806384906,-1.9658104040575117e-07,0.5020812542630464,-4.293515025079807e-11,0.5020811340080987,-4.293515003190178e-11,-6.622477690275964e-11,0.5020808968822579,0.5020808786343828,0.5020812806384908,-1.96581040233102e-07,-4.293514935384649e-11,-6.062842762697004e-11,0.5020812806384901,0.5020812656335831,-1.9658104068395726e-07,-4.29351500484302e-11,0.5020812806384906,-4.2935150138327806e-11,-6.062842777587433e-11,-1.9658103981608587e-07,-4.1620696066839595e-11
0.49792284053487645,-7.210526412485674e-11,-4.6965803208188113e-11,-4.6462115872695877e-11,-7.802806516670268e-11,-8.662638589876785e-11,-4.293515037682866e-11,0.49792286199307756,0.49792385762338687,0.49792385762338653,-7.802806574157467e-11,-7.2105264106119e-11,-6.427534194583779e-11,-4.646211650405797e-11,-7.782556926630446e-11,-4.6132033153672726e-11,0.4979238576233869,-4.2935149955024634e-11,0.4979238576233869,-7.21052641147778e-11,0.49792352031878007,0.4979234993889901,-4.6462116808977754e-11,-7.782556943034437e-11,0.49792385762338626,0.4979238457121649,-4.646211643147191e-11,-6.42753419484487e-11,-7.782556909815564e-11,0.49792385762338653,-4.646211681328703e-11,0.49792385762338653,0.49792384571216514,-7.782556965499118e-11,0.4979238133772772
0.4979228405348774,-7.210526406014818e-11,-4.696580264714351e-11,-4.646211534065206e-11,-7.802806520424794e-11,-8.662638577308647e-11,-4.2935149917027e-11,0.49792385762338687,0.4979228619930773,0.4979238576233864,-7.802806575614194e-11,-7.2105264106119e-11,-6.427534159971218e-11,-4.6462116025945865e-11,-7.782556928156171e-11,-4.61320327043947e-11,0.49792385762338703,-4.293514966873331e-11,0.49792385762338676,-7.21052640920366e-11,0.4979235203187811,0.4979234993889907,-4.646211626580043e-11,-7.782556943034437e-11,0.49792385762338603,0.497923845712165,-4.646211596087859e-11,-6.427534151196912e-11,-7.782556905272735e-11,0.49792385762338676,-4.646211633403969e-11,0.4979238576233869,0.49792384571216525,-7.782556965059579e-11,0.4979238133772775
0.49792284053487507,-7.210526406014818e-11,-4.6965802676060635e-11,-4.6462115502974273e-11,-7.802806508381021e-11,-8.662638577202276e-11,-4.293514996283186e-11,0.49792385762338653,0.4979238576233864,0.4979228619930803,-7.80280658617478e-11,-7.210526401245336e-11,-6.427534172261633e-11,-4.6462116222720106e-11,-7.782556917361766e-11,-4.6132032875792114e-11,0.4979238576233863,-4.2935149494500914e-11,0.49792385762338714,-7.210526405406605e-11,0.49792352031878134,0.49792349938899083,-4.646211650095378e-11,-7.782556935414054e-11,0.4979238576233859,0.49792384571216525,-4.6462115956254864e-11,-6.427534177760517e-11,-7.782556906063504e-11,0.49792385762338615,-4.646211630115619e-11,0.49792385762338653,0.4979238457121653,-7.782556973621751e-11,0.4979238133772767
-1.0053661980274842e-06,4.953579301213551e-17,-2.271557007578531e-07,-1.1453293639249023e-10,1.4163977896159697e-13,8.2395187660041e-17,-2.271556250477338e-07,-7.802806574157467e-11,-7.802806575614194e-11,-7.80280658617478e-11,-9.956303638232133e-07,4.9573945010819574e-17,-1.1453292711758722e-10,-1.1453293639249023e-10,1.284599122185817e-13,-1.1453292987904964e-10,-7.802806575614194e-11,-2.2715562504773366e-07,-7.802806569560541e-11,4.949427798603448e-17,-3.819102656880554e-07,-3.819102495205113e-07,-1.1453293633561608e-10,1.284599122147889e-13,-7.80280658722449e-11,-7.802805609680823e-11,-1.1453293627887657e-10,-1.1453292714298351e-10,1.2845991228146795e-13,-7.80280658722449e-11,-1.1453293627887657e-10,-7.802806575614194e-11,-7.802805604138152e-11,1.2845991231094335e-13,-7.80280591860274e-11
-8.9780887304725e-07,7.172314830863207e-14,-6.622479767822254e-11,-6.622479570539259e-11,4.9573945010819574e-17,5.697987147217984e-17,-6.622477632650341e-11,-7.2105264106119e-11,-7.2105264106119e-11,-7.210526401245336e-11,4.9573945010819574e-17,-9.956304350773631e-07,-6.622478861540514e-11,-6.622479580085233e-11,4.5649312224193847e-17,-6.6224792213345e-11,-7.210526401245336e-11,-6.622477631821855e-11,-7.210526413950765e-11,7.172314854735027e-14,-2.743529062059936e-07,-1.3832997976193325e-10,-6.622479570539259e-11,4.5731666796011913e-17,-7.210526408346525e-11,-7.210525756606312e-11,-6.622479566882641e-11,-6.622478876566772e-11,4.562454597662504e-17,-7.210526407703369e-11,-6.622479587925413e-11,-7.21052640655116e-11,-7.210525760955291e-11,4.5795419641146606e-17,-1.430079447348668e-07
0.502080300700535,-6.622478891685125e-11,0.502081427014331,0.5020814122640112,-1.145329277531601e-10,-1.2859944680846964e-10,0.5020812656335822,-6.427534194583779e-11,-6.427534159971218e-11,-6.427534172261633e-11,-1.1453292711758722e-10,-6.622478861540514e-11,0.5020804016288017,0.5020814122640113,-9.911707822560613e-11,0.5020813858885599,-6.427534181907692e-11,0.5020812656335818,-6.427534171926453e-11,-6.622478929368223e-11,0.5020809861832473,0.5020809679353689,0.5020814122640114,-9.911707787792329e-11,-6.427534094954536e-11,-1.6257017527761656e-07,0.502081412264011,0.5020813972591033,-9.911707818738207e-11,-6.42753418197655e-11,0.5020814122640109,-6.427534163512247e-11,-1.6257017529260455e-07,-9.911707784771636e-11,-6.296088545784825e-11
0.5020803510347763,-6.622479594585275e-11,0.5020814420192428,0.5020814272689228,-1.1453293680265285e-10,-1.285994571630146e-10,0.5020812806384906,-4.646211650405797e-11,-4.6462116025945865e-11,-4.6462116222720106e-11,-1.1453293639249023e-10,-6.622479580085233e-11,0.5020814122640113,0.5020804316386186,-9.911708671762165e-11,0.5020814008934708,-4.646211639546811e-11,0.5020812806384903,-4.64621161261033e-11,-6.622479640507397e-11,0.5020810365174948,0.5020810182696143,0.502081427268923,-9.911708665562262e-11,-4.646211551871573e-11,-6.415539942925442e-11,0.5020814272689221,0.5020814122640117,-9.911708689234305e-11,-4.6462116367481515e-11,0.5020814272689228,-4.646211616792882e-11,-6.415539939363392e-11,-9.911708654880062e-11,-4.514766174345303e-11
-9.743900112311515e-07,4.5649312224193847e-17,-9.911708919460924e-11,-9.911708674697944e-11,1.284599121351959e-13,7.468216150652446e-17,-1.9658104040575117e-07,-7.782556926630446e-11,-7.782556928156171e-11,-7.782556917361766e-11,1.284599122185817e-13,4.5649312224193847e-17,-9.911707822560613e-11,-9.911708671762165e-11,-9.956303880452436e-07,-9.911708120287678e-11,-7.782556921039808e-11,-1.965810404057511e-07,-7.782556919237521e-11,4.5582661574020815e-17,-3.509340735500753e-07,-3.509340586172551e-07,-9.911708674697944e-11,1.1705870378138078e-13,-7.782556920139154e-11,-7.78255604306314e-11,-9.911708679365633e-11,-9.91170781141484e-11,1.1705870379921424e-13,-7.782556921039808e-11,-9.911708679365633e-11,-7.782556920139154e-11,-7.782556035987459e-11,1.1705870388498783e-13,-7.78255622482358e-11
0.5020803253139977,-6.622479232193905e-11,0.5020814156437889,0.5020814008934701,-1.1453293042674968e-10,-2.550541223319702e-07,0.5020812542630464,-4.6132033153672726e-11,-4.61320327043947e-11,-4.6132032875792114e-11,-1.1453292987904964e-10,-6.6224792213345e-11,0.5020813858885599,0.5020814008934708,-9.911708120287678e-11,0.5020803788877138,-4.6132033040415725e-11,0.5020812542630457,-4.613203278111734e-11,-6.622479289535317e-11,0.5020810107967204,0.5020809925488408,0.5020814008934705,-9.911708109654528e-11,-4.6132032139863785e-11,-6.382531504223481e-11,0.5020814008934702,0.5020813858885607,-9.911708123372024e-11,-4.6132032959161296e-11,0.5020814008934709,-4.6132032861577985e-11,-6.382531487010516e-11,-9.911708086401933e-11,-4.481757862176164e-11
0.4979228405348772,-7.210526432593125e-11,-4.6965802988634074e-11,-4.646211564322402e-11,-7.802806521132458e-11,-8.662638573346117e-11,-4.293515025079807e-11,0.4979238576233869,0.49792385762338703,0.4979238576233863,-7.802806575614194e-11,-7.210526401245336e-11,-6.427534181907692e-11,-4.646211639546811e-11,-7.782556921039808e-11,-4.6132033040415725e-11,0.49792286199307595,-4.293514990162296e-11,0.49792385762338665,-7.210526389621023e-11,0.49792352031878073,0.4979234993889907,-4.646211674418981e-11,-7.782556935414054e-11,0.49792385762338676,0.49792384571216564,-4.6462116314813025e-11,-6.427534176326676e-11,-7.782556909815564e-11,0.49792385762338676,-4.6462116697831686e-11,0.4979238576233869,0.49792384571216564,-7.782556965059579e-11,0.4979238133772779
0.5020802113995322,-6.622477654144245e-11,0.5020812953888054,0.50208128063849,-2.2715562615332037e-07,-2.550540605694951e-07,0.5020811340080987,-4.2935149955024634e-11,-4.293514966873331e-11,-4.2935149494500914e-11,-2.2715562504773366e-07,-6.622477631821855e-11,0.5020812656335818,0.5020812806384903,-1.965810404057511e-07,0.5020812542630457,-4.293514990162296e-11,0.5020801383777608,-4.2935149537314115e-11,-6.622477689887975e-11,0.502080896882259,0.5020808786343831,0.50208128063849,-1.965810402331019e-07,-4.293514895952611e-11,-6.0628427082868e-11,0.5020812806384898,0.5020812656335824,-1.965810406839576e-07,-4.2935149760698336e-11,0.5020812806384901,-4.293514969474123e-11,-6.0628427138571e-11,-1.965810398160856e-07,-4.162069572303648e-11
0.4979228405348755,-7.210526412485674e-11,-4.696580266970893e-11,-4.646211533759483e-11,-7.802806521132458e-11,-8.662638577202276e-11,-4.293515003190178e-11,0.4979238576233869,0.49792385762338676,0.49792385762338714,-7.802806569560541e-11,-7.210526413950765e-11,-6.427534171926453e-11,-4.64621161261033e-11,-7.782556919237521e-11,-4.613203278111734e-11,0.49792385762338665,-4.2935149537314115e-11,0.497922861993077,-7.21052640920366e-11,0.4979235203187811,0.4979234993889907,-4.646211651766275e-11,-7.782556943034437e-11,0.49792385762338653,0.497923845712166,-4.646211599655562e-11,-6.427534164564294e-11,-7.782556910346153e-11,0.49792385762338653,-4.646211618025959e-11,0.49792385762338665,0.49792384571216525,-7.782556965499118e-11,0.4979238133772773
-8.978088730198061e-07,7.172314864605354e-14,-6.622479816666491e-11,-6.622479637558526e-11,4.9573945010819574e-17,5.682099256716994e-17,-6.622477690275964e-11,-7.21052641147778e-11,-7.21052640920366e-11,-7.210526405406605e-11,4.949427798603448e-17,7.172314854735027e-14,-6.622478929368223e-11,-6.622479640507397e-11,4.5582661574020815e-17,-6.622479289535317e-11,-7.210526389621023e-11,-6.622477689887975e-11,-7.21052640920366e-11,-9.956304350773631e-07,-2.74352907241133e-07,-1.3832998032012804e-10,-6.622479637558526e-11,4.5649312224193847e-17,-7.21052640920366e-11,-7.210525762039795e-11,-6.622479642354276e-11,-6.622478932096395e-11,4.580246788180247e-17,-7.210526389621023e-11,-6.622479644424057e-11,-7.210526400977264e-11,-7.21052575351645e-11,4.5649312224193847e-17,-1.430079446261028e-07
1.000003271268724,-2.743529066878802e-07,0.5020810502688328,0.5020810365174954,-3.8191026547286235e-07,-4.268619195542683e-07,0.5020808968822579,0.49792352031878007,0.4979235203187811,0.49792352031878134,-3.819102656880554e-07,-2.743529062059936e-07,0.5020809861832473,0.5020810365174948,-3.509340735500753e-07,0.5020810107967204,0.49792352031878073,0.502080896882259,0.4979235203187811,-2.74352907241133e-07,1.0000030174489978,1.000003973901566,0.5020810365174934,-3.5093407373715296e-07,0.49792352031878234,0.4979234733161084,0.5020810365174944,0.5020809861832477,-3.50934073717441e-07,0.49792352031878123,0.5020810365174938,0.49792352031878173,0.4979234733161086,-3.5093407396756593e-07,0.4979234786796795
1.0000032320910668,-1.383299800761072e-10,0.5020810320209518,0.502081018269615,-3.81910249305319e-07,-4.268619019867992e-07,0.5020808786343828,0.4979234993889901,0.4979234993889907,0.49792349938899083,-3.819102495205113e-07,-1.3832997976193325e-10,0.5020809679353689,0.5020810182696143,-3.509340586172551e-07,0.5020809925488408,0.4979234993889907,0.5020808786343831,0.4979234993889907,-1.3832998032012804e-10,1.000003973901566,1.000002939093697,0.5020810182696138,-3.5093405880433273e-07,0.49792349938899144,0.4979234523863196,0.5020810182696144,0.5020809679353692,-3.509340587846207e-07,0.4979234993889903,0.5020810182696129,0.49792349938899116,0.49792345238632035,-3.5093405903474544e-07,0.4979234577498902
0.5020803510347763,-6.622479596261196e-11,0.5020814420192425,0.5020814272689221,-1.1453293680265285e-10,-1.2859945706657118e-10,0.5020812806384908,-4.6462116808977754e-11,-4.646211626580043e-11,-4.646211650095378e-11,-1.1453293633561608e-10,-6.622479570539259e-11,0.5020814122640114,0.502081427268923,-9.911708674697944e-11,0.5020814008934705,-4.646211674418981e-11,0.50208128063849,-4.646211651766275e-11,-6.622479637558526e-11,0.5020810365174934,0.5020810182696138,0.5020804316386236,-9.91170867517785e-11,-4.646211565152864e-11,-6.415539971310193e-11,0.502081427268922,0.5020814122640116,-9.9117086861075e-11,-4.646211648185951e-11,0.5020814272689228,-4.646211641095879e-11,-6.41553995219775e-11,-9.911708647550353e-11,-4.514766213195518e-11
-9.743900094976886e-07,4.5624602734756216e-17,-9.911708934812163e-11,-9.911708658060231e-11,1.284599121314032e-13,7.46108682224777e-17,-1.96581040233102e-07,-7.782556943034437e-11,-7.782556943034437e-11,-7.782556935414054e-11,1.284599122147889e-13,4.5731666796011913e-17,-9.911707787792329e-11,-9.911708665562262e-11,1.1705870378138078e-13,-9.911708109654528e-11,-7.782556935414054e-11,-1.965810402331019e-07,-7.782556943034437e-11,4.5649312224193847e-17,-3.5093407373715296e-07,-3.5093405880433273e-07,-9.91170867517785e-11,-9.956303880452436e-07,-7.782556935414054e-11,-7.782556069936531e-11,-9.91170867517785e-11,-9.911707789134552e-11,1.1705870381434035e-13,-7.78255693714232e-11,-9.911708658095065e-11,-7.782556932012905e-11,-7.782556064582026e-11,1.170587039001139e-13,-7.782556255868817e-11
0.49792284053487645,-7.210526432593125e-11,-4.69658021554394e-11,-4.6462114933325074e-11,-7.802806521132458e-11,-8.662638571770604e-11,-4.293514935384649e-11,0.49792385762338626,0.49792385762338603,0.4979238576233859,-7.80280658722449e-11,-7.210526408346525e-11,-6.427534094954536e-11,-4.646211551871573e-11,-7.782556920139154e-11,-4.6132032139863785e-11,0.49792385762338676,-4.293514895952611e-11,0.49792385762338653,-7.21052640920366e-11,0.49792352031878234,0.49792349938899144,-4.646211565152864e-11,-7.782556935414054e-11,0.4979228619930783,0.4979238457121647,-4.646211525880141e-11,-6.427534109900409e-11,-7.782556906063504e-11,0.49792385762338615,-4.646211565068342e-11,0.4979238576233859,0.49792384571216525,-7.782556962348465e-11,0.49792381337727704
0.49792279353220964,-7.210525761249337e-11,-6.46590866877698e-11,-6.415539887692119e-11,-7.802805545457449e-11,-8.66263747331384e-11,-6.062842762697004e-11,0.4979238457121649,0.497923845712165,0.49792384571216525,-7.802805609680823e-11,-7.210525756606312e-11,-1.6257017527761656e-07,-6.415539942925442e-11,-7.78255604306314e-11,-6.382531504223481e-11,0.49792384571216564,-6.0628427082868e-11,0.497923845712166,-7.210525762039795e-11,0.4979234733161084,0.4979234523863196,-6.415539971310193e-11,-7.782556069936531e-11,0.4979238457121647,0.4979228381706392,-6.415539926949419e-11,-1.6257017546028562e-07,-7.782556026197659e-11,0.497923845712165,-6.415539972078495e-11,0.4979238457121648,0.4979238338009465,-7.78255609735533e-11,0.49792380146605636
0.5020803510347768,-6.622479588919711e-11,0.5020814420192425,0.5020814272689218,-1.1453293688872017e-10,-1.285994571630146e-10,0.5020812806384901,-4.646211643147191e-11,-4.646211596087859e-11,-4.6462115956254864e-11,-1.1453293627887657e-10,-6.622479566882641e-11,0.502081412264011,0.5020814272689221,-9.911708679365633e-11,0.5020814008934702,-4.6462116314813025e-11,0.5020812806384898,-4.646211599655562e-11,-6.622479642354276e-11,0.5020810365174944,0.5020810182696144,0.502081427268922,-9.91170867517785e-11,-4.646211525880141e-11,-6.415539926949419e-11,0.502080431638625,0.5020814122640115,-9.911708689234305e-11,-4.646211627510225e-11,0.5020814272689226,-4.646211603292613e-11,-6.415539918822849e-11,-9.911708636580381e-11,-4.514766184409422e-11
0.5020803007005343,-6.6224788925749e-11,0.5020814270143305,0.5020814122640116,-1.145329277531601e-10,-1.2859944689700668e-10,0.5020812656335831,-6.42753419484487e-11,-6.427534151196912e-11,-6.427534177760517e-11,-1.1453292714298351e-10,-6.622478876566772e-11,0.5020813972591033,0.5020814122640117,-9.91170781141484e-11,0.5020813858885607,-6.427534176326676e-11,0.5020812656335824,-6.427534164564294e-11,-6.622478932096395e-11,0.5020809861832477,0.5020809679353692,0.5020814122640116,-9.911707789134552e-11,-6.427534109900409e-11,-1.6257017546028562e-07,0.5020814122640115,0.5020804016288005,-9.911707818872092e-11,-6.42753418712551e-11,0.5020814122640119,-6.427534172200879e-11,-1.6257017541266106e-07,-9.911707784249571e-11,-6.29608855753204e-11
-9.743900117482634e-07,4.562454597662504e-17,-9.911708979903509e-11,-9.911708672045756e-11,1.284599121980824e-13,7.461086822233787e-17,-1.9658104068395726e-07,-7.782556909815564e-11,-7.782556905272735e-11,-7.782556906063504e-11,1.2845991228146795e-13,4.562454597662504e-17,-9.911707818738207e-11,-9.911708689234305e-11,1.1705870379921424e-13,-9.911708123372024e-11,-7.782556909815564e-11,-1.965810406839576e-07,-7.782556910346153e-11,4.580246788180247e-17,-3.50934073717441e-07,-3.509340587846207e-07,-9.9117086861075e-11,1.1705870381434035e-13,-7.782556906063504e-11,-7.782556026197659e-11,-9.911708689234305e-11,-9.911707818872092e-11,-9.956303880452436e-07,-7.782556910346153e-11,-9.9117086861075e-11,-7.782556906063504e-11,-7.782556029609658e-11,1.1705870391794763e-13,-7.782556232538912e-11
0.49792284053487657,-7.210526412485674e-11,-4.6965802941707885e-11,-4.6462115623853976e-11,-7.802806520784207e-11,-8.662638570211984e-11,-4.29351500484302e-11,0.49792385762338653,0.49792385762338676,0.49792385762338615,-7.80280658722449e-11,-7.210526407703369e-11,-6.42753418197655e-11,-4.6462116367481515e-11,-7.782556921039808e-11,-4.6132032959161296e-11,0.49792385762338676,-4.2935149760698336e-11,0.49792385762338653,-7.210526389621023e-11,0.49792352031878123,0.4979234993889903,-4.646211648185951e-11,-7.78255693714232e-11,0.49792385762338615,0.497923845712165,-4.646211627510225e-11,-6.42753418712551e-11,-7.782556910346153e-11,0.49792286199308344,-4.6462116602979764e-11,0.4979238576233869,0.4979238457121654,-7.782556966680397e-11,0.4979238133772773
0.5020803510347762,-6.622479588919711e-11,0.5020814420192422,0.5020814272689225,-1.1453293694247472e-10,-1.285994571630146e-10,0.5020812806384906,-4.646211681328703e-11,-4.646211633403969e-11,-4.646211630115619e-11,-1.1453293627887657e-10,-6.622479587925413e-11,0.5020814122640109,0.5020814272689228,-9.911708679365633e-11,0.5020814008934709,-4.6462116697831686e-11,0.5020812806384901,-4.646211618025959e-11,-6.622479644424057e-11,0.5020810365174938,0.5020810182696129,0.5020814272689228,-9.911708658095065e-11,-4.646211565068342e-11,-6.415539972078495e-11,0.5020814272689226,0.5020814122640119,-9.9117086861075e-11,-4.6462116602979764e-11,0.502080431638623,-4.646211630325141e-11,-6.415539973347409e-11,-9.911708647370804e-11,-4.5147662087715565e-11
0.4979228405348772,-7.210526393802629e-11,-4.696580291366864e-11,-4.646211547512934e-11,-7.802806530619417e-11,-8.662638577202276e-11,-4.2935150138327806e-11,0.49792385762338653,0.4979238576233869,0.49792385762338653,-7.802806575614194e-11,-7.21052640655116e-11,-6.427534163512247e-11,-4.646211616792882e-11,-7.782556920139154e-11,-4.6132032861577985e-11,0.4979238576233869,-4.293514969474123e-11,0.49792385762338665,-7.210526400977264e-11,0.49792352031878173,0.49792349938899116,-4.646211641095879e-11,-7.782556932012905e-11,0.4979238576233859,0.4979238457121648,-4.646211603292613e-11,-6.427534172200879e-11,-7.782556906063504e-11,0.4979238576233869,-4.646211630325141e-11,0.497922861993077,0.49792384571216564,-7.782556963499678e-11,0.4979238133772773
0.49792279353221097,-7.210525773298239e-11,-6.465908640494385e-11,-6.415539868097156e-11,-7.802805550239623e-11,-8.662637474401312e-11,-6.062842777587433e-11,0.49792384571216514,0.49792384571216525,0.4979238457121653,-7.802805604138152e-11,-7.210525760955291e-11,-1.6257017529260455e-07,-6.415539939363392e-11,-7.782556035987459e-11,-6.382531487010516e-11,0.49792384571216564,-6.0628427138571e-11,0.49792384571216525,-7.21052575351645e-11,0.4979234733161086,0.49792345238632035,-6.41553995219775e-11,-7.782556064582026e-11,0.49792384571216525,0.4979238338009465,-6.415539918822849e-11,-1.6257017541266106e-07,-7.782556029609658e-11,0.4979238457121654,-6.415539973347409e-11,0.49792384571216564,0.49792283817064137,-7.782556085526076e-11,0.4979238014660562
-9.743900120185351e-07,4.5697324538483783e-17,-9.911708944306178e-11,-9.91170864233858e-11,1.2845991222755747e-13,7.468662686825569e-17,-1.9658103981608587e-07,-7.782556965499118e-11,-7.782556965059579e-11,-7.782556973621751e-11,1.2845991231094335e-13,4.5795419641146606e-17,-9.911707784771636e-11,-9.911708654880062e-11,1.1705870388498783e-13,-9.911708086401933e-11,-7.782556965059579e-11,-1.965810398160856e-07,-7.782556965499118e-11,4.5649312224193847e-17,-3.5093407396756593e-07,-3.5093405903474544e-07,-9.911708647550353e-11,1.170587039001139e-13,-7.782556962348465e-11,-7.78255609735533e-11,-9.911708636580381e-11,-9.911707784249571e-11,1.1705870391794763e-13,-7.782556966680397e-11,-9.911708647370804e-11,-7.782556963499678e-11,-7.782556085526076e-11,-9.956303880448974e-07,-7.782556286289838e-11
0.497922798895774,-1.4300794477148122e-07,-4.565134838028131e-11,-4.514766129895522e-11,-7.802805847625106e-11,-8.662637836387766e-11,-4.1620696066839595e-11,0.4979238133772772,0.4979238133772775,0.4979238133772767,-7.80280591860274e-11,-1.430079447348668e-07,-6.296088545784825e-11,-4.514766174345303e-11,-7.78255622482358e-11,-4.481757862176164e-11,0.4979238133772779,-4.162069572303648e-11,0.4979238133772773,-1.430079446261028e-07,0.4979234786796795,0.4979234577498902,-4.514766213195518e-11,-7.782556255868817e-11,0.49792381337727704,0.49792380146605636,-4.514766184409422e-11,-6.29608855753204e-11,-7.782556232538912e-11,0.4979238133772773,-4.5147662087715565e-11,0.4979238133772773,0.4979238014660562,-7.782556286289838e-11,0.4979227735008499
