0.9999999963719535,0.9999912425289875,-6.148570523679402e-07,0.9999912425289956,0.999991242528995,0.9999912425289931,-6.129900460774727e-07,-6.133199416633904e-07,-6.117572668259465e-07,-6.124687997611134e-07,0.9999912425289944,-6.119962970088894e-07,-6.127012975784542e-07,-6.131052555987462e-07,0.9999912425289955,0.9999912425289937,-6.126755372604029e-07,0.9999912425289934,-6.131052555145655e-07,-6.133199424565016e-07,-6.140157434305775e-07,0.999991242528995,0.9999908892105644,0.9999913599171159,0.9999913516825785,0.9999912425289958,-6.179539092448541e-07,0.9999912425289956,0.9999912425289953,0.9999912425289929,-6.127012976608509e-07,0.9999912425289956,-6.133199417203868e-07,0.9999912425289968,0.9999912425289962,-6.127012975661231e-07,-6.10124939637255e-07,0.999991242528996,-6.125868834557592e-07,-6.133199424565016e-07,-6.127012976563719e-07,0.999991242528995,0.9999912425289941,-6.133199424864714e-07,0.9999913516825802,-6.14789639519833e-07,0.9999912425289956,0.9999912425289958,0.9999913470774048,0.9999912425289941,0.9999912425289953,-6.130170667759086e-07
0.9999912425289875,0.9999898193335153,-1.8079505069914445e-11,0.9999887040285447,0.9999887040285453,0.9999887040285469,-1.7140838079801142e-11,-1.730669978402091e-11,-1.6521040183830617e-11,-1.6878774552628165e-11,0.9999887040285457,-1.6641217310800628e-11,-1.699566660179373e-11,-1.719876139138296e-11,0.9999887040285482,0.9999887040285466,-1.6982714631713577e-11,0.9999887040285457,-1.7198761663576677e-11,-1.7306700198689918e-11,-1.7656524453594302e-11,0.9999887040285457,0.9999883507112086,0.9999888214163044,0.9999888131817936,0.9999887040285466,-1.9636498182902536e-11,0.9999887040285447,0.9999887040285459,0.9999887040285445,-1.6995666242093065e-11,0.9999887040285447,-1.7306699967644075e-11,0.9999887040285453,0.9999887040285453,-1.6995666839296788e-11,-1.570036254912719e-11,0.9999887040285466,-1.6938142907787898e-11,-1.730670013445537e-11,-1.6995666763130595e-11,0.9999887040285457,0.9999887040285447,-1.730670019963538e-11,0.999988813181793,-1.8045612418951602e-11,0.9999887040285448,0.9999887040285442,0.9999888085766314,0.9999887040285467,0.9999887040285453,-1.715442475923767e-11
-6.148570523679402e-07,-1.8079505069914445e-11,1.1153049829348942e-06,-1.8079505074941797e-11,-1.8079505065580817e-11,-1.8079505067071435e-11,8.866270546799218e-16,4.351735785292791e-19,8.757417686478087e-16,9.049046742095327e-16,-1.8079505078920086e-11,8.856065014105072e-16,9.1456094243557e-16,9.311603733416354e-16,-1.8079505078920086e-11,-1.8079505077100506e-11,9.134799851740898e-16,-1.8079505071053153e-11,9.311604428918452e-16,4.942745997419612e-19,9.686034269318223e-16,-1.8079505076069147e-11,-3.595998365085133e-08,-1.8079507324336614e-11,-1.8079507178934786e-11,-1.8079505088022298e-11,5.40502764178976e-19,-1.8079505072483254e-11,-1.8079505083058277e-11,-1.8079505065637353e-11,9.145609301708705e-16,-1.8079505072483254e-11,5.482489710728376e-19,-1.8079505066467677e-11,-1.8079505066467677e-11,9.145609658408646e-16,8.086559496977274e-16,-1.8079505076069147e-11,9.098302246478379e-16,4.942745997419612e-19,9.145609358619667e-16,-1.8079505052416602e-11,-1.8079505088012443e-11,4.500514700103712e-19,-1.8079507112024922e-11,5.379172030335378e-19,-1.8079505052416602e-11,-1.8079505066467677e-11,-1.8079507094678256e-11,-1.8079505066467677e-11,-1.8079505065581172e-11,9.275058200754028e-16
0.9999912425289956,0.9999887040285447,-1.8079505074941797e-11,0.9999898193335255,0.9999887040285509,0.9999887040285516,-1.714083803775162e-11,-1.7306699767026174e-11,-1.6521040233219267e-11,-1.687877456764457e-11,0.99998870402855,-1.6641217296510065e-11,-1.6995666576247217e-11,-1.7198761365838664e-11,0.9999887040285518,0.9999887040285514,-1.6982714617857113e-11,0.9999887040285506,-1.7198761677472785e-11,-1.730670021671492e-11,-1.7656524457846424e-11,0.9999887040285506,0.9999883507112128,0.9999888214163085,0.9999888131817976,0.999988704028551,-1.9636498223553575e-11,0.9999887040285493,0.999988704028551,0.9999887040285493,-1.6995666248632826e-11,0.9999887040285502,-1.730669997420879e-11,0.9999887040285506,0.9999887040285509,-1.6995666848314866e-11,-1.5700362555327818e-11,0.999988704028551,-1.6938142908304902e-11,-1.7306700139087458e-11,-1.6995666785263725e-11,0.9999887040285506,0.9999887040285488,-1.7306700180622248e-11,0.9999888131817988,-1.8045612385556252e-11,0.9999887040285502,0.9999887040285482,0.9999888085766363,0.9999887040285514,0.9999887040285497,-1.7154424792430336e-11
0.999991242528995,0.9999887040285453,-1.8079505065580817e-11,0.9999887040285509,0.9999898193335283,0.999988704028553,-1.7140838055136035e-11,-1.7306699763458015e-11,-1.6521040233219267e-11,-1.687877458055351e-11,0.9999887040285502,-1.6641217289133094e-11,-1.6995666588455705e-11,-1.7198761343693472e-11,0.9999887040285522,0.9999887040285521,-1.6982714650163834e-11,0.9999887040285509,-1.719876167894475e-11,-1.730670026933458e-11,-1.7656524460183833e-11,0.9999887040285502,0.9999883507112141,0.9999888214163088,0.9999888131817984,0.9999887040285514,-1.9636498187286044e-11,0.9999887040285509,0.9999887040285509,0.9999887040285502,-1.6995666232799464e-11,0.9999887040285514,-1.7306699984872257e-11,0.9999887040285509,0.9999887040285509,-1.6995666839296788e-11,-1.5700362587914213e-11,0.9999887040285514,-1.6938142937514533e-11,-1.7306700176193927e-11,-1.6995666802216006e-11,0.999988704028551,0.99998870402855,-1.7306700215446016e-11,0.9999888131817982,-1.8045612392172793e-11,0.9999887040285514,0.9999887040285502,0.9999888085766372,0.9999887040285509,0.999988704028551,-1.7154424824859742e-11
0.9999912425289931,0.9999887040285469,-1.8079505067071435e-11,0.9999887040285516,0.999988704028553,0.9999898193335295,-1.714083805874012e-11,-1.7306699804418625e-11,-1.6521040255158136e-11,-1.687877453723295e-11,0.9999887040285537,-1.6641217318185086e-11,-1.6995666588455705e-11,-1.7198761364766864e-11,0.9999887040285558,0.9999887040285543,-1.698271463665205e-11,0.9999887040285526,-1.71987616552186e-11,-1.7306700196539724e-11,-1.7656524438249223e-11,0.9999887040285533,0.9999883507112156,0.9999888214163107,0.999988813181801,0.999988704028554,-1.9636498190167554e-11,0.9999887040285526,0.9999887040285534,0.9999887040285522,-1.6995666238079856e-11,0.9999887040285521,-1.7306699984872257e-11,0.9999887040285526,0.9999887040285533,-1.6995666823721603e-11,-1.5700362612771605e-11,0.999988704028554,-1.693814288353155e-11,-1.730670016004138e-11,-1.6995666855127596e-11,0.9999887040285531,0.9999887040285521,-1.7306700190628798e-11,0.9999888131818009,-1.804561239216136e-11,0.9999887040285521,0.9999887040285528,0.9999888085766389,0.9999887040285533,0.999988704028553,-1.7154424784390134e-11
-6.129900460774727e-07,-1.7140838079801142e-11,8.866270546799218e-16,-1.714083803775162e-11,-1.7140838055136035e-11,-1.714083805874012e-11,1.1153049828970846e-06,1.3176852225526972e-19,4.525168788572062e-19,6.147208785319782e-19,-1.7140838054809676e-11,3.1377694397048974e-19,-8.930936129397063e-21,6.891088810375372e-19,-1.714083803775162e-11,-1.714083804506617e-11,7.990651583575366e-16,-1.7140838075607466e-11,6.891088810375372e-19,5.867627831915572e-20,8.528388184558737e-16,-1.7140838040589385e-11,-3.409298303359861e-08,-1.7140840261741532e-11,-3.409299947763969e-08,-1.714083803775162e-11,2.3821162213689094e-19,-1.7140838057691554e-11,-1.7140838075285027e-11,-1.7140838055252984e-11,-8.930936129397063e-21,-1.7140838075607466e-11,3.601853025527637e-19,-1.7140838061279634e-11,-1.7140838058683877e-11,-8.930936129397063e-21,5.219759644757682e-19,-1.7140838057691554e-11,3.274989849800422e-19,5.867627831915572e-20,6.885869564040924e-19,-1.7140838028789725e-11,-1.7140838055136193e-11,1.9409696066089606e-19,-3.4092999477639625e-08,4.9345151181403725e-19,-1.7140838079801142e-11,-1.7140838054809676e-11,-1.7140839953014398e-11,-1.7140838031685248e-11,-1.714083804835538e-11,7.299422149521804e-19
-6.133199416633904e-07,-1.730669978402091e-11,4.351735785292791e-19,-1.7306699767026174e-11,-1.7306699763458015e-11,-1.7306699804418625e-11,1.3176852225526972e-19,1.115304981108092e-06,3.185841791818468e-19,4.615846986598675e-19,-1.7306699795839848e-11,4.921643622981821e-19,3.99857238892203e-19,4.4724076912588e-19,-1.7306699743512044e-11,-1.7306699763458015e-11,5.143125298260005e-19,-1.730669977285165e-11,3.1921251897433824e-19,8.790776901085577e-16,4.483338388235886e-19,-1.7306699763458015e-11,-3.44228803604385e-08,-1.7306701837332915e-11,-1.7306701683751577e-11,-1.730669973818779e-11,9.991054852282754e-16,-1.730669977364459e-11,-1.7306699795136447e-11,-1.7306699790191287e-11,3.99857238892203e-19,-1.7306699767026174e-11,8.790777035798194e-16,-1.7306699795136447e-11,-1.7306699795136447e-11,4.405860013274489e-19,3.5577818435513544e-19,-1.7306699752194125e-11,4.1636331471900357e-19,8.790776747366558e-16,3.99857238892203e-19,-1.730669973818779e-11,-1.7306699795136447e-11,8.790776808537124e-16,-1.7306701664685468e-11,9.178198320029843e-16,-1.730669977364459e-11,-1.7306699767026174e-11,-1.7306701638578064e-11,-1.7306699815233046e-11,-1.7306699783378556e-11,4.529936454470926e-19
-6.117572668259465e-07,-1.6521040183830617e-11,8.757417686478087e-16,-1.6521040233219267e-11,-1.6521040233219267e-11,-1.6521040255158136e-11,4.525168788572062e-19,3.185841791818468e-19,1.1153049812049817e-06,7.841619703016443e-16,-1.6521040249614882e-11,9.352043325420541e-19,4.516923714999168e-19,8.086218205557804e-16,-1.652104023159267e-11,-1.652104025883261e-11,7.891823201319336e-20,-1.65210402211497e-11,8.086218872439123e-16,4.081820932966999e-19,8.434889392838206e-16,-1.6521040233219267e-11,-3.286021030032033e-08,-1.652104226440755e-11,-1.6521042143093126e-11,-1.6521040239835824e-11,6.791648156631425e-19,-1.6521040249770912e-11,-1.65210402211497e-11,-1.6521040239835824e-11,3.8395406053007486e-19,-1.65210402211497e-11,2.837385536563683e-19,-1.65210402211497e-11,-1.6521040282377144e-11,4.701167263331428e-19,2.0048519376708784e-19,-1.652104023159267e-11,3.5503391756298457e-19,3.4101645615082665e-19,4.516923714999187e-19,-1.652104027699331e-11,-1.6521040183830617e-11,2.837385536563683e-19,-1.652104211682124e-11,5.619774045155474e-19,-1.65210402410619e-11,-1.6521040239835824e-11,-1.6521042055186462e-11,-1.6521040254811428e-11,-1.6521040240827646e-11,8.052152611417217e-16
-6.124687997611134e-07,-1.6878774552628165e-11,9.049046742095327e-16,-1.687877456764457e-11,-1.687877458055351e-11,-1.687877453723295e-11,6.147208785319782e-19,4.615846986598675e-19,7.841619703016443e-16,1.115304984507846e-06,-1.6878774603593393e-11,7.935078070009073e-16,3.9726748966739723e-19,8.366445675340409e-16,-1.687877461591756e-11,-1.6878774591329197e-11,9.949547187756474e-19,-1.6878774565392176e-11,8.366446348708656e-16,5.505843377351012e-19,8.721045491930033e-16,-1.6878774565220443e-11,-3.357174073070676e-08,-1.6878776563876107e-11,-1.687877647405212e-11,-1.687877461591756e-11,3.8490555790224256e-19,-1.6878774543869492e-11,-1.6878774565220443e-11,-1.6878774592397222e-11,3.783093888180018e-19,-1.687877461591756e-11,2.8520151766606e-19,-1.6878774552628165e-11,-1.6878774519990116e-11,4.227763346836994e-19,6.384739424430144e-19,-1.687877458055351e-11,6.199184335324721e-19,4.307828329734358e-19,4.227763346836994e-19,-1.6878774593592815e-11,-1.687877461591756e-11,5.230591855510275e-19,-1.687877647405212e-11,3.4703980857127907e-19,-1.6878774543869492e-11,-1.6878774592397222e-11,-1.687877634624079e-11,-1.6878774593592815e-11,-1.6878774543869492e-11,8.331809207383234e-16
0.9999912425289944,0.9999887040285457,-1.8079505078920086e-11,0.99998870402855,0.9999887040285502,0.9999887040285537,-1.7140838054809676e-11,-1.7306699795839848e-11,-1.6521040249614882e-11,-1.6878774603593393e-11,0.9999898193335238,-1.6641217281014032e-11,-1.6995666600766918e-11,-1.7198761384162343e-11,0.9999887040285526,0.9999887040285518,-1.698271459796182e-11,0.9999887040285509,-1.71987616552186e-11,-1.730670021671492e-11,-1.7656524445400015e-11,0.9999887040285509,0.999988350711213,0.9999888214163088,0.9999888131817988,0.9999887040285514,-1.9636498138554295e-11,0.99998870402855,0.9999887040285518,0.9999887040285506,-1.699566624598653e-11,0.9999887040285509,-1.7306699969319003e-11,0.9999887040285503,0.9999887040285503,-1.699566686577859e-11,-1.5700362567137075e-11,0.9999887040285514,-1.6938142870684815e-11,-1.730670016629718e-11,-1.699566685150166e-11,0.999988704028551,0.9999887040285509,-1.730670019963538e-11,0.9999888131817979,-1.8045612397760168e-11,0.9999887040285509,0.99998870402855,0.9999888085766369,0.9999887040285521,0.9999887040285516,-1.7154424792430336e-11
-6.119962970088894e-07,-1.6641217310800628e-11,8.856065014105072e-16,-1.6641217296510065e-11,-1.6641217289133094e-11,-1.6641217318185086e-11,3.1377694397048974e-19,4.921643622981821e-19,9.352043325420541e-19,7.935078070009073e-16,-1.6641217281014032e-11,1.1153049848652687e-06,4.0433277516373625e-19,8.181057108674042e-16,-1.6641217270873602e-11,-1.6641217282008924e-11,8.015465764880017e-16,-1.6641217275239507e-11,8.18105777753687e-16,5.474670704088473e-19,8.531708649921966e-16,-1.6641217271036867e-11,-3.309924142493756e-08,-1.6641219300319272e-11,-1.6641219176257703e-11,-1.6641217270873602e-11,4.656953200101315e-19,-1.6641217269026285e-11,-1.6641217310800628e-11,-1.6641217242415197e-11,3.7660669272912065e-19,-1.6641217270873602e-11,5.474670704088473e-19,-1.6641217269026285e-11,-1.6641217270873602e-11,4.742207653673818e-19,3.0485063444309976e-19,-1.6641217310562226e-11,4.427634382588413e-19,5.474670704088473e-19,3.6981383643838177e-19,-1.6641217270645352e-11,-1.6641217260469027e-11,5.006987687338175e-19,-1.6641219185780167e-11,3.0770094916845686e-19,-1.6641217271536378e-11,-1.6641217318185086e-11,-1.6641219039969276e-11,-1.664121727382398e-11,-1.6641217253944e-11,8.146800897291614e-16
-6.127012975784542e-07,-1.699566660179373e-11,9.1456094243557e-16,-1.6995666576247217e-11,-1.6995666588455705e-11,-1.6995666588455705e-11,-8.930936129397063e-21,3.99857238892203e-19,4.516923714999168e-19,3.9726748966739723e-19,-1.6995666600766918e-11,4.0433277516373625e-19,1.1153049850896298e-06,3.1606298122518764e-19,-1.699566660701853e-11,-1.699566661055032e-11,3.563068108181382e-19,-1.6995666570030925e-11,4.40530846647909e-19,4.401400226331546e-19,4.1862487531851137e-19,-1.6995666579396965e-11,-3.380423806727723e-08,-1.699566861220449e-11,-1.6995668512098586e-11,-1.6995666571806853e-11,5.509221551650293e-19,-1.6995666579650545e-11,-1.6995666600404658e-11,-1.6995666600766918e-11,8.301277172921235e-16,-1.699566660786697e-11,4.014076157857587e-19,-1.6995666584894993e-11,-1.6995666579396965e-11,8.3012774908923085e-16,7.776129221210016e-21,-1.6995666578413826e-11,8.256211720937112e-16,4.3179103785124967e-19,8.301277196774692e-16,-1.69956665771707e-11,-1.6995666588314305e-11,4.616517822858237e-19,-1.699566848708832e-11,4.7657686211678395e-19,-1.6995666529863465e-11,-1.6995666617486865e-11,-1.6995668438363066e-11,-1.699566656913832e-11,-1.6995666618214345e-11,6.755266015242943e-19
-6.131052555987462e-07,-1.719876139138296e-11,9.311603733416354e-16,-1.7198761365838664e-11,-1.7198761343693472e-11,-1.7198761364766864e-11,6.891088810375372e-19,4.4724076912588e-19,8.086218205557804e-16,8.366445675340409e-16,-1.7198761384162343e-11,8.181057108674042e-16,3.1606298122518764e-19,1.1153049811082215e-06,-1.7198761388162976e-11,-1.7198761349417875e-11,8.44891487632705e-16,-1.719876134092827e-11,8.618856591137837e-16,4.738499809132015e-19,8.978731994924113e-16,-1.71987613545318e-11,-3.42081918728629e-08,-1.7198763488505886e-11,-1.7198763316949964e-11,-1.7198761391083922e-11,4.936736545254219e-19,-1.719876137949741e-11,-1.719876139138296e-11,-1.719876136758409e-11,3.4906917997813404e-19,-1.719876139138296e-11,5.491297561823251e-19,-1.7198761391083922e-11,-1.719876135357625e-11,3.182135038540665e-19,4.284991767139472e-20,-1.7198761343693472e-11,1.5184908517239918e-19,4.023836269420613e-19,4.411773323532505e-19,-1.7198761372337337e-11,-1.7198761349417904e-11,4.3657401204230495e-19,-1.7198763311155067e-11,5.097867314957719e-19,-1.719876137949741e-11,-1.719876139091878e-11,-1.7198763216656008e-11,-1.7198761334512575e-11,-1.7198761388162976e-11,8.5837115634591e-16
0.9999912425289955,0.9999887040285482,-1.8079505078920086e-11,0.9999887040285518,0.9999887040285522,0.9999887040285558,-1.714083803775162e-11,-1.7306699743512044e-11,-1.652104023159267e-11,-1.687877461591756e-11,0.9999887040285526,-1.6641217270873602e-11,-1.699566660701853e-11,-1.7198761388162976e-11,0.9999898193335325,0.9999887040285552,-1.6982714633358086e-11,0.9999887040285533,-1.7198761683889173e-11,-1.7306700198689918e-11,-1.7656524419725143e-11,0.9999887040285538,0.9999883507112163,0.9999888214163128,0.9999888131818013,0.9999887040285542,-1.9636498190167554e-11,0.9999887040285524,0.9999887040285547,0.9999887040285521,-1.699566624598653e-11,0.9999887040285521,-1.7306699955349783e-11,0.9999887040285521,0.9999887040285522,-1.6995666860369776e-11,-1.5700362579707696e-11,0.999988704028554,-1.6938142907787898e-11,-1.7306700188266315e-11,-1.6995666807808836e-11,0.9999887040285534,0.999988704028553,-1.7306700190628798e-11,0.9999888131818006,-1.804561236983312e-11,0.9999887040285522,0.9999887040285521,0.9999888085766404,0.9999887040285543,0.9999887040285538,-1.7154424783445368e-11
0.9999912425289937,0.9999887040285466,-1.8079505077100506e-11,0.9999887040285514,0.9999887040285521,0.9999887040285543,-1.714083804506617e-11,-1.7306699763458015e-11,-1.652104025883261e-11,-1.6878774591329197e-11,0.9999887040285518,-1.6641217282008924e-11,-1.699566661055032e-11,-1.7198761349417875e-11,0.9999887040285552,0.9999898193335307,-1.698271462633312e-11,0.9999887040285528,-1.7198761649638177e-11,-1.7306700203294907e-11,-1.765652447033271e-11,0.999988704028553,0.9999883507112147,0.9999888214163112,0.9999888131818006,0.9999887040285533,-1.9636498156964097e-11,0.9999887040285514,0.9999887040285526,0.9999887040285514,-1.699566623279946e-11,0.9999887040285509,-1.730669998950208e-11,0.9999887040285514,0.9999887040285521,-1.699566683372304e-11,-1.5700362567137075e-11,0.9999887040285533,-1.6938142901583307e-11,-1.730670016833914e-11,-1.6995666774485813e-11,0.9999887040285521,0.9999887040285502,-1.7306700190628798e-11,0.9999888131817994,-1.8045612377790015e-11,0.9999887040285518,0.9999887040285516,0.9999888085766385,0.999988704028553,0.9999887040285521,-1.715442475923767e-11
-6.126755372604029e-07,-1.6982714631713577e-11,9.134799851740898e-16,-1.6982714617857113e-11,-1.6982714650163834e-11,-1.698271463665205e-11,7.990651583575366e-16,5.143125298260005e-19,7.891823201319336e-20,9.949547187756474e-19,-1.698271459796182e-11,8.015465764880017e-16,3.563068108181382e-19,8.44891487632705e-16,-1.6982714633358086e-11,-1.698271462633312e-11,1.1153049850896334e-06,-1.6982714626532276e-11,8.448915551920144e-16,4.441084348863812e-19,8.805222369040978e-16,-1.6982714572396058e-11,-3.3778476687359586e-08,-1.698271665626963e-11,-1.698271662789177e-11,-1.698271463406749e-11,6.077794525716842e-19,-1.6982714645288163e-11,-1.698271461163129e-11,-1.6982714633358086e-11,4.741503080044457e-19,-1.698271464255522e-11,4.441084348863812e-19,-1.6982714637532996e-11,-1.698271463406749e-11,3.5246262757315146e-19,7.28320216882026e-16,-1.6982714626532276e-11,4.671299196374883e-19,4.871698938165898e-19,4.741503080044457e-19,-1.6982714637136754e-11,-1.6982714626532276e-11,4.868475080797894e-19,-1.698271650172523e-11,5.088406061051427e-19,-1.698271459229799e-11,-1.6982714631713577e-11,-1.69827164166481e-11,-1.6982714637136754e-11,-1.6982714642783118e-11,8.414114075337498e-16
0.9999912425289934,0.9999887040285457,-1.8079505071053153e-11,0.9999887040285506,0.9999887040285509,0.9999887040285526,-1.7140838075607466e-11,-1.730669977285165e-11,-1.65210402211497e-11,-1.6878774565392176e-11,0.9999887040285509,-1.6641217275239507e-11,-1.6995666570030925e-11,-1.719876134092827e-11,0.9999887040285533,0.9999887040285528,-1.6982714626532276e-11,0.9999898193335292,-1.719876165693623e-11,-1.7306700196055807e-11,-1.7656524460183833e-11,0.9999887040285509,0.9999883507112141,0.99998882141631,0.9999888131817988,0.9999887040285522,-1.9636498182902536e-11,0.9999887040285512,0.9999887040285518,0.9999887040285502,-1.6995666221891786e-11,0.9999887040285512,-1.7306699969169574e-11,0.9999887040285507,0.999988704028551,-1.6995666886426644e-11,-1.5700362555392108e-11,0.9999887040285522,-1.6938142913963377e-11,-1.7306700173235852e-11,-1.6995666809932583e-11,0.9999887040285507,0.9999887040285502,-1.730670015487988e-11,0.9999888131817991,-1.8045612380572586e-11,0.9999887040285514,0.9999887040285503,0.9999888085766376,0.9999887040285518,0.9999887040285516,-1.715442478705597e-11
-6.131052555145655e-07,-1.7198761663576677e-11,9.311604428918452e-16,-1.7198761677472785e-11,-1.719876167894475e-11,-1.71987616552186e-11,6.891088810375372e-19,3.1921251897433824e-19,8.086218872439123e-16,8.366446348708656e-16,-1.71987616552186e-11,8.18105777753687e-16,4.40530846647909e-19,8.618856591137837e-16,-1.7198761683889173e-11,-1.7198761649638177e-11,8.448915551920144e-16,-1.719876165693623e-11,1.1153049811082215e-06,4.88217864312188e-19,8.978732682847331e-16,-1.7198761647675833e-11,-3.420819246682813e-08,-1.7198763716923734e-11,-1.719876354760342e-11,-1.7198761644340857e-11,5.72152316558846e-19,-1.7198761656746382e-11,-1.7198761644340857e-11,-1.7198761637823966e-11,4.411773323532505e-19,-1.7198761677472785e-11,5.010087080051781e-19,-1.7198761663576677e-11,-1.7198761677929337e-11,3.4191340499222613e-19,4.284991767139472e-20,-1.719876166982246e-11,2.6084733666518704e-19,4.1916092256289946e-19,3.9979055547409693e-19,-1.7198761678996432e-11,-1.7198761657733935e-11,4.023836269420613e-19,-1.719876357090189e-11,4.821757068573978e-19,-1.7198761661406808e-11,-1.719876164936872e-11,-1.719876352371622e-11,-1.7198761677184655e-11,-1.7198761644340857e-11,8.583712241749706e-16
-6.133199424565016e-07,-1.7306700198689918e-11,4.942745997419612e-19,-1.730670021671492e-11,-1.730670026933458e-11,-1.7306700196539724e-11,5.867627831915572e-20,8.790776901085577e-16,4.081820932966999e-19,5.505843377351012e-19,-1.730670021671492e-11,5.474670704088473e-19,4.401400226331546e-19,4.738499809132015e-19,-1.7306700198689918e-11,-1.7306700203294907e-11,4.441084348863812e-19,-1.7306700196055807e-11,4.88217864312188e-19,1.115304981108092e-06,4.694979372959531e-19,-1.730670021671492e-11,-3.442288124355155e-08,-1.730670232645416e-11,-1.7306702048410938e-11,-1.7306700198689918e-11,9.991054625193565e-16,-1.730670026933458e-11,-1.7306700203241712e-11,-1.730670022163041e-11,4.401400226331546e-19,-1.7306700196055807e-11,8.79077683355627e-16,-1.730670017255661e-11,-1.730670026933458e-11,4.8834262756445885e-19,1.6597346781321958e-19,-1.7306700196539724e-11,4.859774388907233e-19,8.790776545124661e-16,4.8834262756445885e-19,-1.7306700198173415e-11,-1.7306700198689918e-11,8.790776606295209e-16,-1.7306702150222625e-11,9.178198110730798e-16,-1.7306700203241712e-11,-1.7306700229029992e-11,-1.7306702029724505e-11,-1.73067001966822e-11,-1.730670021671492e-11,5.204234460376948e-19
-6.140157434305775e-07,-1.7656524453594302e-11,9.686034269318223e-16,-1.7656524457846424e-11,-1.7656524460183833e-11,-1.7656524438249223e-11,8.528388184558737e-16,4.483338388235886e-19,8.434889392838206e-16,8.721045491930033e-16,-1.7656524445400015e-11,8.531708649921966e-16,4.1862487531851137e-19,8.978731994924113e-16,-1.7656524419725143e-11,-1.765652447033271e-11,8.805222369040978e-16,-1.7656524460183833e-11,8.978732682847331e-16,4.694979372959531e-19,1.1153049829363486e-06,-1.7656524483546176e-11,-3.5118678770599455e-08,-1.76565266428141e-11,-1.7656526537846155e-11,-1.765652442821993e-11,5.096107844447836e-19,-1.7656524452600076e-11,-1.7656524461651617e-11,-1.7656524453594302e-11,4.828258234064051e-19,-1.7656524452600076e-11,4.463250594152181e-19,-1.7656524463589985e-11,-1.7656524463589985e-11,3.9772510737023024e-19,7.776559565841962e-16,-1.7656524453594302e-11,4.449923463223035e-19,4.694788027056818e-19,4.902650616845196e-19,-1.7656524453594302e-11,-1.7656524445400015e-11,4.928468651978965e-19,-1.765652645704253e-11,4.720139073193546e-19,-1.7656524445400015e-11,-1.7656524457846424e-11,-1.7656526397804655e-11,-1.765652445737227e-11,-1.7656524451614494e-11,8.942859020924616e-16
0.999991242528995,0.9999887040285457,-1.8079505076069147e-11,0.9999887040285506,0.9999887040285502,0.9999887040285533,-1.7140838040589385e-11,-1.7306699763458015e-11,-1.6521040233219267e-11,-1.6878774565220443e-11,0.9999887040285509,-1.6641217271036867e-11,-1.6995666579396965e-11,-1.71987613545318e-11,0.9999887040285538,0.999988704028553,-1.6982714572396058e-11,0.9999887040285509,-1.7198761647675833e-11,-1.730670021671492e-11,-1.7656524483546176e-11,0.9999898193335287,0.9999883507112142,0.9999888214163101,0.9999888131817988,0.9999887040285521,-1.9636498160052027e-11,0.9999887040285503,0.9999887040285524,0.9999887040285502,-1.6995666249531493e-11,0.999988704028551,-1.7306699972581377e-11,0.9999887040285509,0.999988704028551,-1.6995666865724862e-11,-1.5700362553539767e-11,0.9999887040285514,-1.6938142908304902e-11,-1.7306700167798626e-11,-1.6995666830417508e-11,0.9999887040285507,0.9999887040285509,-1.730670020548762e-11,0.9999888131817984,-1.804561236983312e-11,0.9999887040285509,0.9999887040285503,0.9999888085766376,0.9999887040285522,0.9999887040285518,-1.715442480964086e-11
0.9999908892105644,0.9999883507112086,-3.595998365085133e-08,0.9999883507112128,0.9999883507112141,0.9999883507112156,-3.409298303359861e-08,-3.44228803604385e-08,-3.286021030032033e-08,-3.357174073070676e-08,0.999988350711213,-3.309924142493756e-08,-3.380423806727723e-08,-3.42081918728629e-08,0.9999883507112163,0.9999883507112147,-3.3778476687359586e-08,0.9999883507112141,-3.420819246682813e-08,-3.442288124355155e-08,-3.5118678770599455e-08,0.9999883507112142,0.9999891126989813,0.9999884680989313,0.9999884598644238,0.9999883507112148,-3.905682994935395e-08,0.999988350711213,0.9999883507112151,0.9999883507112135,-3.3804237352041354e-08,0.9999883507112135,-3.4422880737721127e-08,0.9999883507112141,0.9999883507112141,-3.380423858141763e-08,-3.1227889428095045e-08,0.9999883507112148,-3.368982397827e-08,-3.442288115664112e-08,-3.380423840714435e-08,0.9999883507112142,0.9999883507112121,-3.4422881185642704e-08,0.9999884598644231,-3.589257129528089e-08,0.9999883507112135,0.9999883507112141,0.9999884552592637,0.9999883507112142,0.9999883507112144,-3.412000678234168e-08
0.9999913599171159,0.9999888214163044,-1.8079507324336614e-11,0.9999888214163085,0.9999888214163088,0.9999888214163107,-1.7140840261741532e-11,-1.7306701837332915e-11,-1.652104226440755e-11,-1.6878776563876107e-11,0.9999888214163088,-1.6641219300319272e-11,-1.699566861220449e-11,-1.7198763488505886e-11,0.9999888214163128,0.9999888214163112,-1.698271665626963e-11,0.99998882141631,-1.7198763716923734e-11,-1.730670232645416e-11,-1.76565266428141e-11,0.9999888214163101,0.9999884680989313,0.9999900541090578,0.9999889305695698,0.9999888214163107,-3.9056849018037704e-08,0.9999888214163088,0.9999888214163103,0.9999888214163094,-1.6995668223895438e-11,0.9999888214163088,-1.7306702189512027e-11,0.9999888214163088,0.9999888214163088,-1.6995668862196418e-11,-1.5700364487724687e-11,0.9999888214163107,-1.693814496878169e-11,-1.7306702316908854e-11,-1.699566877113627e-11,0.99998882141631,0.9999888214163082,-1.7306702274941302e-11,0.9999889305695698,-1.804561450658523e-11,0.9999888214163088,0.999988821416308,0.9999889259644077,0.99998882141631,0.9999888214163103,-1.7154426880683723e-11
0.9999913516825785,0.9999888131817936,-1.8079507178934786e-11,0.9999888131817976,0.9999888131817984,0.999988813181801,-3.409299947763969e-08,-1.7306701683751577e-11,-1.6521042143093126e-11,-1.687877647405212e-11,0.9999888131817988,-1.6641219176257703e-11,-1.6995668512098586e-11,-1.7198763316949964e-11,0.9999888131818013,0.9999888131818006,-1.698271662789177e-11,0.9999888131817988,-1.719876354760342e-11,-1.7306702048410938e-11,-1.7656526537846155e-11,0.9999888131817988,0.9999884598644238,0.9999889305695698,0.9999900376400345,0.9999888131817989,-3.905684868352657e-08,0.9999888131817972,0.9999888131817991,0.9999888131817982,-1.6995668141967612e-11,0.9999888131817988,-1.7306701803264864e-11,0.9999888131817986,0.9999888131817986,-1.6995668694990837e-11,-1.5700364433689262e-11,0.9999888131817989,-1.6938144847269333e-11,-1.730670212719894e-11,-1.699566862995348e-11,0.9999888131817989,0.9999888131817979,-1.730670204177319e-11,0.9999889223350571,-1.8045614384930737e-11,0.9999888131817988,0.9999888131817982,0.9999889177298956,0.9999888131817993,0.9999888131817986,-1.71544267330887e-11
0.9999912425289958,0.9999887040285466,-1.8079505088022298e-11,0.999988704028551,0.9999887040285514,0.999988704028554,-1.714083803775162e-11,-1.730669973818779e-11,-1.6521040239835824e-11,-1.687877461591756e-11,0.9999887040285514,-1.6641217270873602e-11,-1.6995666571806853e-11,-1.7198761391083922e-11,0.9999887040285542,0.9999887040285533,-1.698271463406749e-11,0.9999887040285522,-1.7198761644340857e-11,-1.7306700198689918e-11,-1.765652442821993e-11,0.9999887040285521,0.9999883507112148,0.9999888214163107,0.9999888131817989,0.999989819333527,-1.9636498160052027e-11,0.999988704028551,0.9999887040285521,0.9999887040285509,-1.6995666236823982e-11,0.9999887040285522,-1.7306699972581377e-11,0.999988704028551,0.9999887040285514,-1.699566683372304e-11,-1.5700362579707696e-11,0.9999887040285526,-1.693814288353155e-11,-1.7306700166297483e-11,-1.699566677428733e-11,0.9999887040285519,0.99998870402855,-1.730670016180828e-11,0.9999888131817988,-1.8045612385556252e-11,0.9999887040285521,0.9999887040285516,0.9999888085766381,0.9999887040285522,0.9999887040285521,-1.7154424775503898e-11
-6.179539092448541e-07,-1.9636498182902536e-11,5.40502764178976e-19,-1.9636498223553575e-11,-1.9636498187286044e-11,-1.9636498190167554e-11,2.3821162213689094e-19,9.991054852282754e-16,6.791648156631425e-19,3.8490555790224256e-19,-1.9636498138554295e-11,4.656953200101315e-19,5.509221551650293e-19,4.936736545254219e-19,-1.9636498190167554e-11,-1.9636498156964097e-11,6.077794525716842e-19,-1.9636498182902536e-11,5.72152316558846e-19,9.991054625193565e-16,5.096107844447836e-19,-1.9636498160052027e-11,-3.905682994935395e-08,-3.9056849018037704e-08,-3.905684868352657e-08,-1.9636498160052027e-11,1.115304984825801e-06,-1.9636498190990023e-11,-1.9636498229669528e-11,-1.9636498225369007e-11,4.629835097789485e-19,-1.963649820520153e-11,9.991054776663414e-16,-1.9636498190990023e-11,-1.9636498225369007e-11,4.993810437243801e-19,2.725021482149178e-19,-1.9636498151873573e-11,4.418201473908009e-19,9.991054451357097e-16,4.925558832072446e-19,-1.96364981573835e-11,-1.9636498190990023e-11,9.991054520632576e-16,-3.9056848683526546e-08,1.0431284391771888e-15,-1.9636498226375795e-11,-1.9636498165438682e-11,-1.963650026031268e-11,-1.9636498225369007e-11,-1.9636498156964097e-11,5.21227705198943e-19
0.9999912425289956,0.9999887040285447,-1.8079505072483254e-11,0.9999887040285493,0.9999887040285509,0.9999887040285526,-1.7140838057691554e-11,-1.730669977364459e-11,-1.6521040249770912e-11,-1.6878774543869492e-11,0.99998870402855,-1.6641217269026285e-11,-1.6995666579650545e-11,-1.719876137949741e-11,0.9999887040285524,0.9999887040285514,-1.6982714645288163e-11,0.9999887040285512,-1.7198761656746382e-11,-1.730670026933458e-11,-1.7656524452600076e-11,0.9999887040285503,0.999988350711213,0.9999888214163088,0.9999888131817972,0.999988704028551,-1.9636498190990023e-11,0.9999898193335255,0.999988704028551,0.9999887040285493,-1.6995666247273296e-11,0.9999887040285506,-1.730669998825853e-11,0.9999887040285509,0.9999887040285509,-1.6995666848314866e-11,-1.570036254314651e-11,0.999988704028551,-1.6938142913963377e-11,-1.7306700136929925e-11,-1.6995666817905448e-11,0.9999887040285514,0.9999887040285491,-1.7306700190628798e-11,0.9999888131817979,-1.8045612377790015e-11,0.9999887040285506,0.9999887040285491,0.9999888085766363,0.9999887040285518,0.99998870402855,-1.7154424749468314e-11
0.9999912425289953,0.9999887040285459,-1.8079505083058277e-11,0.999988704028551,0.9999887040285509,0.9999887040285534,-1.7140838075285027e-11,-1.7306699795136447e-11,-1.65210402211497e-11,-1.6878774565220443e-11,0.9999887040285518,-1.6641217310800628e-11,-1.6995666600404658e-11,-1.719876139138296e-11,0.9999887040285547,0.9999887040285526,-1.698271461163129e-11,0.9999887040285518,-1.7198761644340857e-11,-1.7306700203241712e-11,-1.7656524461651617e-11,0.9999887040285524,0.9999883507112151,0.9999888214163103,0.9999888131817991,0.9999887040285521,-1.9636498229669528e-11,0.999988704028551,0.9999898193335283,0.9999887040285509,-1.6995666221891786e-11,0.999988704028551,-1.7306699975175238e-11,0.9999887040285512,0.9999887040285514,-1.6995666848120966e-11,-1.570036257042679e-11,0.9999887040285521,-1.6938142904952598e-11,-1.7306700166297483e-11,-1.6995666783540995e-11,0.9999887040285509,0.9999887040285497,-1.730670016180828e-11,0.9999888131817982,-1.8045612392172793e-11,0.999988704028551,0.9999887040285518,0.9999888085766385,0.9999887040285522,0.9999887040285512,-1.7154424775503927e-11
0.9999912425289929,0.9999887040285445,-1.8079505065637353e-11,0.9999887040285493,0.9999887040285502,0.9999887040285522,-1.7140838055252984e-11,-1.7306699790191287e-11,-1.6521040239835824e-11,-1.6878774592397222e-11,0.9999887040285506,-1.6641217242415197e-11,-1.6995666600766918e-11,-1.719876136758409e-11,0.9999887040285521,0.9999887040285514,-1.6982714633358086e-11,0.9999887040285502,-1.7198761637823966e-11,-1.730670022163041e-11,-1.7656524453594302e-11,0.9999887040285502,0.9999883507112135,0.9999888214163094,0.9999888131817982,0.9999887040285509,-1.9636498225369007e-11,0.9999887040285493,0.9999887040285509,0.9999898193335252,-1.6995666245399138e-11,0.9999887040285503,-1.730669995136621e-11,0.9999887040285503,0.9999887040285509,-1.699566682746926e-11,-1.5700362603003015e-11,0.9999887040285509,-1.6938142909242793e-11,-1.7306700155894427e-11,-1.699566681606914e-11,0.9999887040285502,0.9999887040285491,-1.7306700190628798e-11,0.9999888131817977,-1.8045612382678717e-11,0.9999887040285502,0.9999887040285482,0.9999888085766372,0.9999887040285512,0.9999887040285509,-1.7154424816532796e-11
-6.127012976608509e-07,-1.6995666242093065e-11,9.145609301708705e-16,-1.6995666248632826e-11,-1.6995666232799464e-11,-1.6995666238079856e-11,-8.930936129397063e-21,3.99857238892203e-19,3.8395406053007486e-19,3.783093888180018e-19,-1.699566624598653e-11,3.7660669272912065e-19,8.301277172921235e-16,3.4906917997813404e-19,-1.699566624598653e-11,-1.699566623279946e-11,4.741503080044457e-19,-1.6995666221891786e-11,4.411773323532505e-19,4.401400226331546e-19,4.828258234064051e-19,-1.6995666249531493e-11,-3.3804237352041354e-08,-1.6995668223895438e-11,-1.6995668141967612e-11,-1.6995666236823982e-11,4.629835097789485e-19,-1.6995666247273296e-11,-1.6995666221891786e-11,-1.6995666245399138e-11,1.1153049850896298e-06,-1.6995666242109596e-11,4.936121133926563e-19,-1.699566623279946e-11,-1.6995666211820216e-11,8.301277386803071e-16,-2.5499889251084944e-19,-1.699566624598653e-11,8.256211617834275e-16,4.014076157857587e-19,8.301277092685495e-16,-1.699566623448089e-11,-1.6995666217249364e-11,3.6321566024530983e-19,-1.6995668100130604e-11,3.110316174581435e-19,-1.6995666242292978e-11,-1.699566625061051e-11,-1.6995668058810163e-11,-1.6995666230612745e-11,-1.6995666249531493e-11,3.604330087724746e-19
0.9999912425289956,0.9999887040285447,-1.8079505072483254e-11,0.9999887040285502,0.9999887040285514,0.9999887040285521,-1.7140838075607466e-11,-1.7306699767026174e-11,-1.65210402211497e-11,-1.687877461591756e-11,0.9999887040285509,-1.6641217270873602e-11,-1.699566660786697e-11,-1.719876139138296e-11,0.9999887040285521,0.9999887040285509,-1.698271464255522e-11,0.9999887040285512,-1.7198761677472785e-11,-1.7306700196055807e-11,-1.7656524452600076e-11,0.999988704028551,0.9999883507112135,0.9999888214163088,0.9999888131817988,0.9999887040285522,-1.963649820520153e-11,0.9999887040285506,0.999988704028551,0.9999887040285503,-1.6995666242109596e-11,0.9999898193335283,-1.730669996916949e-11,0.9999887040285509,0.9999887040285514,-1.6995666839970206e-11,-1.5700362603003015e-11,0.9999887040285522,-1.6938142937514533e-11,-1.7306700166297483e-11,-1.6995666777204876e-11,0.9999887040285514,0.9999887040285493,-1.730670018200196e-11,0.9999888131817988,-1.8045612392172793e-11,0.9999887040285514,0.9999887040285491,0.9999888085766366,0.9999887040285516,0.9999887040285502,-1.7154424816532796e-11
-6.133199417203868e-07,-1.7306699967644075e-11,5.482489710728376e-19,-1.730669997420879e-11,-1.7306699984872257e-11,-1.7306699984872257e-11,3.601853025527637e-19,8.790777035798194e-16,2.837385536563683e-19,2.8520151766606e-19,-1.7306699969319003e-11,5.474670704088473e-19,4.014076157857587e-19,5.491297561823251e-19,-1.7306699955349783e-11,-1.730669998950208e-11,4.441084348863812e-19,-1.7306699969169574e-11,5.010087080051781e-19,8.79077683355627e-16,4.463250594152181e-19,-1.7306699972581377e-11,-3.4422880737721127e-08,-1.7306702189512027e-11,-1.7306701803264864e-11,-1.7306699972581377e-11,9.991054776663414e-16,-1.730669998825853e-11,-1.7306699975175238e-11,-1.730669995136621e-11,4.936121133926563e-19,-1.730669996916949e-11,1.115304981108092e-06,-1.7306699986136092e-11,-1.7306699969319003e-11,4.616517822858237e-19,1.2770315352063766e-19,-1.7306699975000225e-11,3.8349569680556454e-19,8.790776679837217e-16,4.616517822858237e-19,-1.7306699986136092e-11,-1.7306700003964526e-11,8.790776741007797e-16,-1.730670184912535e-11,9.178198250317481e-16,-1.7306699986136092e-11,-1.7306699972581377e-11,-1.730670179372501e-11,-1.730669997891435e-11,-1.730669995136621e-11,4.802297018366302e-19
0.9999912425289968,0.9999887040285453,-1.8079505066467677e-11,0.9999887040285506,0.9999887040285509,0.9999887040285526,-1.7140838061279634e-11,-1.7306699795136447e-11,-1.65210402211497e-11,-1.6878774552628165e-11,0.9999887040285503,-1.6641217269026285e-11,-1.6995666584894993e-11,-1.7198761391083922e-11,0.9999887040285521,0.9999887040285514,-1.6982714637532996e-11,0.9999887040285507,-1.7198761663576677e-11,-1.730670017255661e-11,-1.7656524463589985e-11,0.9999887040285509,0.9999883507112141,0.9999888214163088,0.9999888131817986,0.999988704028551,-1.9636498190990023e-11,0.9999887040285509,0.9999887040285512,0.9999887040285503,-1.699566623279946e-11,0.9999887040285509,-1.7306699986136092e-11,0.9999898193335287,0.9999887040285509,-1.699566683048158e-11,-1.5700362603003015e-11,0.999988704028551,-1.6938142901583307e-11,-1.7306700155894427e-11,-1.6995666736374297e-11,0.9999887040285507,0.9999887040285502,-1.730670022929674e-11,0.9999888131817988,-1.8045612360665076e-11,0.9999887040285509,0.9999887040285497,0.9999888085766372,0.9999887040285514,0.999988704028551,-1.7154424806206768e-11
0.9999912425289962,0.9999887040285453,-1.8079505066467677e-11,0.9999887040285509,0.9999887040285509,0.9999887040285533,-1.7140838058683877e-11,-1.7306699795136447e-11,-1.6521040282377144e-11,-1.6878774519990116e-11,0.9999887040285503,-1.6641217270873602e-11,-1.6995666579396965e-11,-1.719876135357625e-11,0.9999887040285522,0.9999887040285521,-1.698271463406749e-11,0.999988704028551,-1.7198761677929337e-11,-1.730670026933458e-11,-1.7656524463589985e-11,0.999988704028551,0.9999883507112141,0.9999888214163088,0.9999888131817986,0.9999887040285514,-1.9636498225369007e-11,0.9999887040285509,0.9999887040285514,0.9999887040285509,-1.6995666211820216e-11,0.9999887040285514,-1.7306699969319003e-11,0.9999887040285509,0.9999898193335287,-1.699566683048158e-11,-1.5700362579707696e-11,0.9999887040285514,-1.6938142915430094e-11,-1.730670017882657e-11,-1.699566678474607e-11,0.999988704028551,0.9999887040285503,-1.7306700182002706e-11,0.9999888131817988,-1.8045612345215543e-11,0.9999887040285514,0.9999887040285512,0.9999888085766372,0.9999887040285519,0.9999887040285516,-1.7154424816532796e-11
