0.9999999998977309,-5.5191059852526634e-08,-1.48856582633894e-08,-3.949842263655548e-08,0.9999997616475165,-4.8303536951393115e-08,-5.786527504492325e-08,-1.4885662761469573e-08,-1.488566276656249e-08,0.9999997612021307,0.9999997447238875,-1.4885667047081178e-08,-5.829144299307775e-08,-1.463100317725296e-08,-3.3884579108364204e-08,0.9999997658697127,-1.4885662766343608e-08,-3.983834771871547e-08,0.9999997788157616,-4.877235029870823e-08,-4.836021552631546e-08,0.9999998866473206,0.999999740728265,-3.8564501489023915e-08,0.9999997658697138,-5.519106065941468e-08,0.9999999121163041,0.9999997658697121,-3.884533275434519e-08,-1.4885662762740773e-08,-4.012049916809941e-08,-1.4885664962588021e-08,-2.963305593068521e-08,-3.809490563922863e-08,0.9999997658697136,-5.266861578112773e-08,-5.4884574688722186e-08,-5.6143024297602455e-08,-4.691692883347573e-08,0.9999997619026578,-5.7790843163799527e-08,0.9999997563865457,0.999999765869715,-5.632329611214161e-08,-4.773677200128228e-08,-3.983834876576492e-08,0.9999997670754338,0.9999997675151107,-2.36718650434761e-08,0.9999997670754309,-5.5303321394390354e-08,0.9999997658723302,0.999999951207609,-1.4885666641887356e-08,-4.938411883303877e-08,-5.7219235971701344e-08,0.9999999007270183,-3.83147453547631e-08,-4.988270625008015e-08,0.9999997658697142,-1.488566276145755e-08,0.9999997658697152,0.9999997585599765,0.9999997616508245,-3.9079896217460916e-08,-5.5827199450633355e-08,-5.5191061863548234e-08,-1.4885664962735842e-08,-1.4885664984647653e-08,0.9999997675151098,0.9999997658697127,0.9999997675151077,-1.4885664987439854e-08,-1.4885666700224382e-08,-1.4885662781535006e-08,-2.3671863774146064e-08,-2.367186434399957e-08,-3.831474536460238e-08,0.9999997669211667,-1.4885662761087965e-08,-1.488566276615161e-08,0.9999997522820375,-1.4885666696092463e-08,-3.288719534031244e-08,-1.4885664962337745e-08,-4.936164841959827e-08,-2.36718637403171e-08,0.9999999684923289,-5.269656359539596e-08,0.9999997760073859,-1.4885665063690549e-08,0.9999997658697142,-5.973589527389038e-08,-5.978612046931676e-08,-5.405737021338232e-08,-1.4885664941331635e-08,-1.488566495770745e-08,-5.504675034173481e-08,-2.367186514250141e-08,-3.809490593815739e-08,-1.4885666642135073e-08,-5.7566374570543686e-08,-5.524696567305858e-08,-1.4885667153220135e-08,-2.367186434103713e-08,-3.2745774681254546e-08,0.9999997658697136,-5.829144030368973e-08,-5.749798267780716e-08
-5.5191059852526634e-08,-4.4792816931544307e-08,2.272619948749938e-12,-2.719786231484819e-12,-1.0512104160078001e-12,1.3869441756222665e-12,-2.119571402335105e-09,2.2726198467157755e-12,2.2726200432816686e-12,-1.796947711911315e-12,-3.020415432623258e-13,2.2726198467169876e-12,-2.3552651321222035e-12,2.253189122315615e-12,2.269452402077138e-12,-1.2702615439649235e-12,2.2726199815060817e-12,-2.7827155126598853e-12,-5.001726057925324e-13,-1.1368571494139884e-12,-4.2666993037308e-12,3.6225886624679002e-09,-9.398913509445988e-13,5.342615624206131e-12,-1.2702615022862458e-12,-1.8600787335649532e-09,-5.689567683394781e-13,-1.2702615404570293e-12,-2.596853382443673e-12,2.272619863102086e-12,1.5932172300830285e-12,2.2726198631022723e-12,1.9542403988653507e-12,-1.859842017133938e-12,-1.270261567795375e-12,-6.193211596973226e-13,-1.8429907825992778e-09,-3.259375562642964e-09,-1.816088639395325e-12,-1.2339169192222193e-12,-2.1805357755617598e-09,-1.3642805342317054e-12,-1.2702615587199213e-12,-1.6507833650863247e-09,-4.622835618983577e-12,-2.7827155171030048e-12,-1.3953225673349915e-12,-1.3810575995942728e-12,5.679295622247843e-12,-1.3953225666230678e-12,-2.231763416525372e-09,-1.3984650801856918e-12,-1.2544273112107867e-12,2.2726199208601715e-12,-2.9154450171556215e-13,1.9231098363763377e-09,-2.3816747948235493e-10,-1.740485947996775e-12,-2.797879199354772e-12,-1.2702615587200663e-12,2.272619863102086e-12,-1.2702615488582462e-12,-1.4143529317256499e-12,-1.4039706930502825e-12,-2.478599240804929e-12,-1.869175627012232e-12,-1.8600787335650494e-09,2.272619863102004e-12,2.2726198467169876e-12,-1.3810575996205602e-12,-1.2702615488582678e-12,-1.3810575996205602e-12,2.272619979173288e-12,2.272619958255681e-12,2.272619863102086e-12,5.679295452680187e-12,5.679295622247843e-12,-1.7404859235536249e-12,-1.3988357296067767e-12,2.2726198430061923e-12,2.2726198162514062e-12,-1.4398015769527053e-12,2.272619863102004e-12,-1.3259302874693555e-12,2.2726199332390606e-12,-2.5320841795977144e-12,5.679295622247843e-12,4.3388566836590716e-10,-4.9688271536343705e-14,-4.614078418540646e-13,2.272619979173288e-12,-1.2702615677960448e-12,-3.5743173864855993e-12,-1.0843257116876143e-09,-8.599768130271345e-14,2.2726200432816686e-12,2.272619946919696e-12,-1.8638531168828263e-09,5.679295423095585e-12,-1.859842033520881e-12,2.272619863102004e-12,-1.8191438471071912e-09,-2.2436099201032074e-12,2.272619955123583e-12,5.679295364138029e-12,1.7655075560390813e-12,-1.2702615484201557e-12,-2.355265142142237e-12,-1.8173303367569228e-09
-1.48856582633894e-08,2.272619948749938e-12,-4.653180370418823e-08,-1.7184955588089344e-12,2.1328464751406355e-11,3.0235520692571023e-12,1.3709880921616695e-12,-3.5993023576756075e-09,-3.5993023576755794e-09,2.1228216651737997e-11,2.0518038313283657e-11,-3.5993023576756203e-09,-2.951230967445269e-13,-3.5224085868979e-09,-3.4930722586317e-09,2.12610046514305e-11,-3.599302357675597e-09,-1.866151319614273e-12,2.1183080618003275e-11,-1.3167207266750763e-13,-1.0900036869637486e-14,2.2293057039894154e-11,2.1350514364732956e-11,4.5161164738743245e-13,2.126100467049914e-11,2.272620043281673e-12,2.241747995193114e-11,2.1261004608411665e-11,-3.3172915433701873e-13,-3.5993023576756075e-09,-6.008955091948513e-13,-3.5993023576756216e-09,-4.203991172770526e-09,-3.4481941482101014e-13,2.12610046622564e-11,-1.866120081919218e-12,1.8949062976810427e-12,1.1786407195332475e-12,-1.6806925715565734e-12,2.1257075211187916e-11,1.3666499700865896e-12,2.128640194818182e-11,2.12610046082412e-11,1.3192061069349518e-12,-1.7180823228156636e-13,-1.866151319614273e-12,2.1275745073458326e-11,2.1246666217000047e-11,5.349660336387951e-13,2.1275745042395878e-11,2.21574915082715e-12,2.1250553279084335e-11,2.1167075609567835e-11,-3.5993023576755777e-09,1.1077955588211642e-12,1.6547782670046434e-12,2.25959080159297e-11,-6.090972483466407e-13,-3.7173255439619665e-13,2.1261004616899233e-11,-3.5993023576756046e-09,2.1261004651430253e-11,2.1133390594271973e-11,2.1208790586280166e-11,-5.749656350521079e-13,-6.374491688988487e-13,2.2726199208602054e-12,-3.5993023576756187e-09,-3.5993023576756046e-09,2.1246666151300096e-11,2.126100467322121e-11,2.1246666151300096e-11,-3.599302357675585e-09,-3.599302357675602e-09,-3.5993023576756075e-09,5.349659945880786e-13,5.349659945881833e-13,-6.090972997321599e-13,2.128512420704849e-11,-3.599302357675608e-09,-3.599302357675585e-09,2.120946649981839e-11,-3.599302357675608e-09,-2.472080003515168e-13,-3.599302357675606e-09,-5.705656067085499e-13,5.349659945881833e-13,4.020305431499195e-08,-1.355771734228183e-13,2.1231930335180673e-11,-3.599302357675585e-09,2.1261004670499134e-11,-1.7596778541299214e-12,1.0888940743311218e-12,-1.741448287375061e-13,-3.5993023576756373e-09,-3.5993023576755844e-09,1.8792275034469683e-12,5.349660609805768e-13,-3.4481941482101014e-13,-3.5993023576756237e-09,1.8812165620712647e-12,-2.887925983165612e-13,-3.5993023576755914e-09,5.349659757769474e-13,-3.740221935478985e-09,2.1261004651658868e-11,-2.951231565374028e-13,1.3306658953168742e-12
-3.949842263655548e-08,-2.719786231484819e-12,-1.7184955588089344e-12,-4.243499334107805e-08,8.9107014707052e-12,2.0480007465694467e-12,-3.1848863116959647e-09,-1.7184955811968903e-12,-1.7184955993313568e-12,8.45288368790264e-12,8.303739070281572e-12,-1.7184955132613649e-12,3.3248149990999114e-09,-1.7611596121155623e-12,-1.904931965661651e-12,8.745395877464558e-12,-1.718495602610317e-12,3.391598534927502e-10,8.44245416534273e-12,-7.955560520211683e-13,-1.5216067236297123e-12,9.50083607030632e-12,8.113071831412125e-12,4.017400237858836e-12,8.745395877463956e-12,-2.719786233191842e-12,8.330201795723509e-12,8.745395868876073e-12,3.6186202443566225e-09,-1.7184955993159706e-12,-2.0636065733852824e-12,-1.718495513442655e-12,1.4611884506969763e-09,3.115845004339456e-09,8.745395868876818e-12,-1.4804209017273688e-12,-9.202431916795741e-13,-1.8449532279979841e-09,4.649837411459461e-12,8.73805159163289e-12,-1.1078643592968442e-12,8.439295507607505e-12,8.745395886226939e-12,-1.0983703288921282e-12,5.414431699566016e-13,3.391598534930364e-10,8.820605931194943e-12,8.663415957174375e-12,4.132574922791947e-12,8.820605897891269e-12,-2.7725167016471756e-12,8.661580225132006e-12,2.3156716239012123e-08,-1.7184955318515556e-12,-6.438629306778718e-13,1.5558476381177986e-13,7.536100043714413e-12,2.4523000387021653e-09,2.0880179056187965e-09,8.745395835220653e-12,-1.7184955993313572e-12,8.745395827396754e-12,8.97247537475713e-12,8.944649429141654e-12,2.9148929367674682e-09,2.542043986210324e-09,-2.719786244887597e-12,-1.7184955318515556e-12,-1.71849554261684e-12,8.663415976075294e-12,8.745395834248913e-12,8.663415957729189e-12,-1.7184955318515017e-12,-1.718495542616841e-12,-1.7184955426145341e-12,4.132574913129272e-12,4.132574913118769e-12,2.4523000387021707e-09,8.71114367731093e-12,-1.718495581199167e-12,-1.7184955993313473e-12,8.938292406270278e-12,-1.718495562034903e-12,-1.0656108697572724e-12,-1.7184955318515556e-12,2.8350257705483197e-09,4.132574973364123e-12,1.5857126387155763e-08,-3.2717928901661305e-12,8.468004391971253e-12,-1.718495513261361e-12,8.745395862112306e-12,2.168487749912999e-10,3.654856238503783e-09,-3.354808965143407e-12,-1.7184955134330238e-12,-1.7184955318515556e-12,-9.702598223091442e-13,4.132574913129264e-12,3.115845004339485e-09,-1.718495581199167e-12,-3.3384815691622878e-12,3.5199223100485846e-09,-1.7184955490713052e-12,4.132574869560748e-12,-1.822770403722906e-12,8.745395839527317e-12,3.324814999099809e-09,-1.2872418886660532e-12
0.9999997616475165,-1.0512104160078001e-12,2.1328464751406355e-11,8.9107014707052e-12,0.9999997657244432,1.3786936797194995e-12,-1.840043905903852e-12,2.1328462210057004e-11,2.1328462029177465e-11,0.9999998081527465,0.9999997926271139,2.1328461564652016e-11,-1.4677738342705582e-12,2.143027451676098e-11,1.1857084446253538e-11,0.9999998130400823,2.132846189986334e-11,8.834009225725258e-12,0.9999998267800025,6.511091768431508e-09,2.9182195661322565e-12,0.9999999368672153,0.9999997872747661,8.615735253073094e-12,0.9999998130400818,-1.0512112081947406e-12,0.999999962623671,0.9999998130400815,8.081489512573787e-12,2.132846217520213e-11,8.41877263835645e-12,2.1328461951864618e-11,1.4085714691035364e-11,8.621039185363805e-12,0.999999813040081,2.6418320442721113e-12,-8.579767367654888e-13,-8.607159413454129e-13,4.431702685750429e-12,0.999999808967964,-1.8581259721971813e-12,0.9999998032532942,0.9999998130400823,-1.8293082239015892e-09,3.0569544946378243e-12,8.834009623292173e-12,0.9999998142014507,0.9999998147272026,1.6016772425411775e-11,0.9999998142014495,-1.0958632502269779e-12,0.9999998130281238,1.0000000035966095,2.1328461831060648e-11,5.23990857124458e-09,-1.5317123467866526e-12,0.999999950807217,8.748047487781887e-12,2.6797497161977324e-12,0.9999998130400818,2.1328461976658976e-11,0.9999998130400829,0.9999998056026549,0.9999998086847405,8.188936113624042e-12,6.437216852076884e-14,-1.0512114968723808e-12,2.132846215617079e-11,2.132846223937611e-11,0.9999998147272031,0.9999998130400822,0.9999998147272031,2.132846194311257e-11,2.13284616027984e-11,2.13284621929688e-11,1.6016773216135494e-11,1.6016772751726894e-11,8.74804733155416e-12,0.999999814052865,2.1328462070982223e-11,2.132846198016492e-11,0.9999997990301785,2.132846135997764e-11,1.1197722149719039e-11,2.132846188592605e-11,3.0774133860086364e-12,1.601677301723648e-11,1.0000000228624835,1.846633271852582e-12,0.9999998238377897,2.1328461915618194e-11,0.9999998130400815,-1.188397915922954e-12,-2.5112476735342995e-12,1.2472830527928387e-12,2.1328461778690748e-11,2.1328462002966715e-11,-9.26227281041956e-13,1.6016772078789723e-11,8.621038980528154e-12,2.1328461400062894e-11,-1.7941572341338785e-12,5.723561959203021e-15,2.1328462041181248e-11,1.6016772987779364e-11,1.2406100500786332e-11,0.9999998130400815,-1.4677737826109608e-12,-3.153196834346718e-09
-4.8303536951393115e-08,1.3869441756222665e-12,3.0235520692571023e-12,2.0480007465694467e-12,1.3786936797194995e-12,-5.768115353668526e-08,9.225436599846695e-13,3.023552070268936e-12,3.0235521133688434e-12,1.8425367026378435e-12,4.2291707288166225e-12,3.0235520466712903e-12,-4.40977117615101e-09,3.010447107136874e-12,3.313365731579713e-12,1.7171504211786157e-12,3.0235520465822658e-12,2.3471083357669612e-12,2.949403397121167e-12,2.867582994444419e-13,-1.036895104664343e-12,1.8859086771360615e-12,2.8473673251479477e-12,-2.7533134977343657e-12,1.7171504236644982e-12,1.3869440645777932e-12,2.4884764372196563e-12,1.7171504373561613e-12,-4.804002483981806e-09,3.0235521270385305e-12,4.308767680310046e-12,3.0235520815207794e-12,1.3499004464969492e-09,-3.1177032541107633e-09,1.7171504183424133e-12,4.569220217684548e-12,-1.0962037904399066e-12,-2.872928500504368e-13,-7.282896467187016e-12,1.7413769409590383e-12,4.213260285078766e-14,2.047229223701275e-12,1.7171504461383623e-12,1.838425041608901e-13,-4.470265016227568e-12,2.3471083357669612e-12,1.4836095949055494e-12,3.591408512243072e-09,-2.826726700653968e-12,1.483609592251285e-12,1.4113147591376813e-12,1.7878941935904983e-12,-2.251109617523298e-09,3.0235520814669222e-12,-8.767040089892768e-10,-6.473036362393968e-13,3.4432929847280007e-12,-1.1425932362504722e-09,-2.7862565547603483e-09,1.7171504236644982e-12,3.02355212703833e-12,1.7171504183438725e-12,1.4086741891253579e-12,1.2899792425953628e-12,-2.81532227635778e-09,-1.4563214707175915e-09,1.3869442094191403e-12,3.02355208152322e-12,3.023552081520783e-12,3.5914085122430647e-09,1.717150437140466e-12,3.591408512242959e-09,3.0235520814668095e-12,3.0235520814669222e-12,3.023552127038329e-12,-2.8267266654075315e-12,-2.826726700653968e-12,-1.1425932362504867e-09,1.6696390156506802e-12,3.0235521270387284e-12,3.023552001108094e-12,1.254022664601155e-12,3.0235520815230538e-12,1.0007880883085084e-12,3.023552081520278e-12,-2.7588469601068225e-09,-2.826726700653968e-12,7.434577451095682e-09,6.008234659270315e-12,2.8578160425063783e-12,3.0235520815232666e-12,1.7171504160241635e-12,1.6742622011288726e-12,-4.068058589340868e-09,6.1438331898294076e-12,3.0235521270387284e-12,3.0235521270387284e-12,-1.0012658230841815e-12,-2.826726597337213e-12,-3.117703254110789e-09,3.023552154709607e-12,3.2077314240078357e-12,-4.614284390573872e-09,3.0235520639167455e-12,-2.826726700653968e-12,3.0106970838931387e-12,1.7171504183422774e-12,-4.409771176150811e-09,4.527546464417999e-13
-5.786527504492325e-08,-2.119571402335105e-09,1.3709880921616695e-12,-3.1848863116959647e-09,-1.840043905903852e-12,9.225436599846695e-13,-4.474520702279472e-08,1.3709880884452127e-12,1.3709881579239782e-12,-2.3340739653955415e-12,-2.3531078647094187e-09,1.3709881233352147e-12,-1.3557881132753913e-12,1.3493097085461351e-12,1.3610824776430696e-12,-1.9596446692479514e-12,1.3709881579239782e-12,-1.6246015092752524e-12,-1.4293620251600227e-12,-8.794164029216254e-13,-3.130377301804337e-12,2.2592752961097858e-10,-3.552577142802762e-09,3.945371776805742e-12,-1.9596446978677528e-12,-2.119571402335253e-09,-2.376955341551879e-09,-1.9596446031889296e-12,-1.451110599116e-12,1.3709880778112312e-12,8.294219217837811e-13,1.3709880668514647e-12,1.457418727736207e-12,-9.950826865563543e-13,-1.9596446031889296e-12,-3.84468846604476e-10,-1.8091581729114248e-09,-2.5127678832544154e-09,-1.6732322134734153e-09,-1.9358883071366316e-12,-1.82172372290119e-09,-2.058408755711278e-12,-1.959644623510096e-12,-1.4853915719152496e-09,-3.2435244843498867e-12,-1.6246014834409486e-12,-2.042784423686328e-12,-2.034945150716583e-12,4.17691321956952e-12,-2.042784450153037e-12,-2.370759699699076e-09,-2.04936320904558e-12,-1.6335514221588578e-12,1.3709880915568064e-12,-2.353938161235551e-13,1.1589491361615419e-09,-2.689271437438226e-09,-9.174997917040198e-13,-1.6817033129541687e-12,-1.9596446031889333e-12,1.3709880371679024e-12,-1.959644697876613e-12,-2.055062278260566e-12,-2.049273308758897e-12,-1.376311888487505e-12,-1.0097021244124203e-12,-2.1195714023352942e-09,1.3709880778112312e-12,1.3709880371679024e-12,-2.034945133426016e-12,-1.959644697876613e-12,-2.0349450782019316e-12,1.3709880668516244e-12,1.3709880668516244e-12,1.3709880778112312e-12,4.176913216141799e-12,4.1769131673454415e-12,-9.174997962478398e-13,-2.0479371522389346e-12,1.3709881579239782e-12,1.3709880915567576e-12,-2.0891951653430477e-12,1.3709880371679024e-12,-9.466874678586794e-13,1.3709880915568064e-12,-1.415033560248118e-12,4.176913216141799e-12,-2.0117267795907377e-09,-1.2170678338759624e-13,-1.4119308861478058e-12,1.3709880371679024e-12,-1.959644697876613e-12,-2.190467689549843e-12,-3.354332271891653e-10,-1.5504351758635676e-13,1.3709880371679024e-12,1.3709881285792411e-12,-1.82413562506529e-09,4.176913257611856e-12,-9.950827177363364e-13,1.3709880350702578e-12,-1.9509559832035224e-09,-1.2747713343108011e-12,1.3709880903538714e-12,4.176913216141799e-12,1.0326807799165576e-12,-1.959644697876613e-12,-1.3557880866225748e-12,-1.6047551418733006e-09
-1.4885662761469573e-08,2.2726198467157755e-12,-3.5993023576756075e-09,-1.7184955811968903e-12,2.1328462210057004e-11,3.023552070268936e-12,1.3709880884452127e-12,-4.653180370418823e-08,-3.599302357675353e-09,2.1228214175910465e-11,2.0518035734523902e-11,-3.5993023576754045e-09,-2.951231212391862e-13,-3.522408586897661e-09,-3.4930722586315008e-09,2.1261002135053242e-11,-3.5993023576753755e-09,-1.8661514173223972e-12,2.1183078081616694e-11,-1.316721643194932e-13,-1.090002486199337e-14,2.2293054538883157e-11,2.1350511811129965e-11,4.5161164738780596e-13,2.1261002165284987e-11,2.272619948765499e-12,2.241747732967682e-11,2.1261002173834526e-11,-3.31729094580513e-13,-3.5993023576753656e-09,-6.008954749395294e-13,-3.5993023576754045e-09,-4.203991172770333e-09,-3.448194465637664e-13,2.1261002223989872e-11,-1.8661201790775745e-12,1.894906248129667e-12,1.1786407857445563e-12,-1.6806924612206422e-12,2.1257072670606883e-11,1.3666499750683046e-12,2.128639941837286e-11,2.126100214137779e-11,1.3192061549557081e-12,-1.7180812590692418e-13,-1.8661514104060966e-12,2.1275742590145734e-11,2.1246663648763487e-11,5.349660932085133e-13,2.1275742583057087e-11,2.215749013286661e-12,2.125055079279947e-11,2.1167072981520543e-11,-3.599302357675362e-09,1.1077955588222272e-12,1.6547781176127978e-12,2.2595905485735012e-11,-6.090971840129089e-13,-3.717324506330756e-13,2.126100214137733e-11,-3.5993023576753792e-09,2.1261002173834526e-11,2.1133388086547833e-11,2.120878806823654e-11,-5.749656098019639e-13,-6.374491688996323e-13,2.2726199791727405e-12,-3.5993023576754065e-09,-3.5993023576753937e-09,2.1246663686649435e-11,2.1261002173833466e-11,2.124666371241587e-11,-3.5993023576753606e-09,-3.5993023576753763e-09,-3.5993023576753792e-09,5.349660013911921e-13,5.349660932202242e-13,-6.09097299732438e-13,2.1285121665331713e-11,-3.59930235767539e-09,-3.5993023576753755e-09,2.1209463982190812e-11,-3.599302357675392e-09,-2.4720800035144965e-13,-3.5993023576753813e-09,-5.705656805786404e-13,5.349660932202242e-13,4.020304928861919e-08,-1.355771814873156e-13,2.1231927844160735e-11,-3.5993023576753763e-09,2.1261002196265118e-11,-1.7596779291323054e-12,1.0888941105219803e-12,-1.7414485124441874e-13,-3.5993023576754136e-09,-3.5993023576753763e-09,1.8792274250046097e-12,5.349660027721529e-13,-3.4481948355085977e-13,-3.5993023576754045e-09,1.8812166072264005e-12,-2.8879261292061056e-13,-3.599302357675357e-09,5.349660336307616e-13,-3.740221935478747e-09,2.1261002169369224e-11,-2.951232754668839e-13,1.330665947424607e-12
-1.488566276656249e-08,2.2726200432816686e-12,-3.5993023576755794e-09,-1.7184955993313568e-12,2.1328462029177465e-11,3.0235521133688434e-12,1.3709881579239782e-12,-3.599302357675353e-09,-4.653180370418823e-08,2.1228213926487167e-11,2.0518035491190983e-11,-3.5993023576753834e-09,-2.951230675481348e-13,-3.5224085868976494e-09,-3.4930722586314863e-09,2.126100189355533e-11,-3.5993023576753478e-09,-1.8661514026231857e-12,2.1183077801106132e-11,-1.3167206480362459e-13,-1.0899968274791575e-14,2.2293054297793325e-11,2.135051159250952e-11,4.5161156831656324e-13,2.1261001848410877e-11,2.272619978941244e-12,2.241747713633354e-11,2.1261001893547606e-11,-3.3172907585030276e-13,-3.599302357675356e-09,-6.00895462802289e-13,-3.5993023576753863e-09,-4.20399117277035e-09,-3.448194906963463e-13,2.1261001885208737e-11,-1.866120205180178e-12,1.8949062704115725e-12,1.1786407293707138e-12,-1.680692496207203e-12,2.12570724199469e-11,1.3666499104006194e-12,2.128639919419731e-11,2.126100193295764e-11,1.319206180369641e-12,-1.7180815832058183e-13,-1.8661514388350567e-12,2.127574232632589e-11,2.1246663386532043e-11,5.349659757763896e-13,2.1275742315262895e-11,2.215749063044517e-12,2.125055053736346e-11,2.1167072748756762e-11,-3.599302357675357e-09,1.1077955823207835e-12,1.6547782670074842e-12,2.2595905198384716e-11,-6.090971665186502e-13,-3.717325543952665e-13,2.1261001848412283e-11,-3.5993023576753693e-09,2.1261001913411046e-11,2.1133387785077028e-11,2.1208787737811345e-11,-5.749655563422281e-13,-6.374490680599651e-13,2.272620043281681e-12,-3.5993023576753987e-09,-3.5993023576753685e-09,2.124666338453879e-11,2.126100187723431e-11,2.124666338453882e-11,-3.599302357675353e-09,-3.599302357675353e-09,-3.5993023576753656e-09,5.349660932202242e-13,5.349660027717595e-13,-6.09097248346315e-13,2.1285121385247508e-11,-3.599302357675367e-09,-3.599302357675356e-09,2.120946368277133e-11,-3.599302357675355e-09,-2.47208004951273e-13,-3.599302357675364e-09,-5.705656595661541e-13,5.34966002771759e-13,4.0203048769786125e-08,-1.3557716142287823e-13,2.1231927574005938e-11,-3.599302357675353e-09,2.1261001850333138e-11,-1.7596778887090515e-12,1.0888940685396594e-12,-1.7414482763389225e-13,-3.599302357675392e-09,-3.5993023576753528e-09,1.8792273601707664e-12,5.349660706789535e-13,-3.4481943260416177e-13,-3.5993023576753834e-09,1.8812165589986454e-12,-2.88792610227024e-13,-3.599302357675344e-09,5.349660027721462e-13,-3.740221935478745e-09,2.1261001872180516e-11,-2.951232228138147e-13,1.3306658953042058e-12
0.9999997612021307,-1.796947711911315e-12,2.1228216651737997e-11,8.45288368790264e-12,0.9999998081527465,1.8425367026378435e-12,-2.3340739653955415e-12,2.1228214175910465e-11,2.1228213926487167e-11,0.9999997641989894,0.9999997928905636,2.122821359628689e-11,-1.7424161040291329e-12,2.1311534132826267e-11,1.1746963460834815e-11,0.9999998124513267,2.122821389077011e-11,8.362141372317731e-12,0.9999998267162867,2.6394733105925104e-12,1.0423260263346848e-12,0.9999999386049576,0.9999997867780236,2.2042542907987182e-08,0.9999998124513283,-1.7969485436610982e-12,0.9999999628788908,0.9999998124513264,7.81987952401047e-12,2.122821411005422e-11,8.437894470097628e-12,2.1228213823363962e-11,1.4496877808093596e-11,8.544453119071572e-12,0.9999998124513264,2.4889992418523105e-12,-1.3812529510071143e-12,-1.4832718936305993e-12,4.25676302389389e-12,0.9999998083987383,-2.3308575528179424e-12,0.9999998024899894,0.9999998124513261,-1.3252670657109988e-12,1.28239334344954e-12,8.362141748854303e-12,0.9999998135373963,0.9999998140535158,1.8575650029648368e-11,0.9999998135373954,-1.910577871672213e-12,0.9999998123394831,1.0000000042891188,2.122821377451603e-11,2.470822341625411e-12,-1.0831970791477615e-12,0.9999999507646969,8.686524857563677e-12,2.1967350770699134e-12,0.9999998124513282,2.1228213885426758e-11,0.9999998124513277,0.999999804942215,0.9999998080057871,7.939919723418982e-12,-5.0549666250428394e-14,-1.7969487877811768e-12,2.122821401825247e-11,2.122821421056627e-11,0.9999998140535169,0.9999998124513262,0.9999998140535169,2.1228213862316586e-11,2.122821347443496e-11,2.1228214106813833e-11,1.8575650750133645e-11,1.8575650358169068e-11,8.686524630174725e-12,0.9999998133761135,2.1228213983674858e-11,2.122821384237219e-11,0.9999997982983101,2.1228213259325823e-11,1.0585082388707497e-11,2.122821384880484e-11,2.8056074004889852e-12,1.8575650729426277e-11,1.0000000223879488,1.6089368410622056e-12,0.9999998237883349,2.122821388896629e-11,0.9999998124513267,-1.97395310760375e-12,-2.0111623798068247e-12,9.787852995670691e-13,2.1228213712740814e-11,2.1228213858670913e-11,-1.4567023398816406e-12,1.857564984412762e-11,8.544452894588124e-12,2.122821318053393e-11,-2.4751318245411656e-12,-2.2087706235513506e-13,2.1228213923296628e-11,1.8575650739426975e-11,1.2139725527657597e-11,0.9999998124513272,-1.742416092378943e-12,-2.0242590108293976e-12
0.9999997447238875,-3.020415432623258e-13,2.0518038313283657e-11,8.303739070281572e-12,0.9999997926271139,4.2291707288166225e-12,-2.3531078647094187e-09,2.0518035734523902e-11,2.0518035491190983e-11,0.9999997928905636,0.9999997317397691,2.0518035101578174e-11,-6.732632688279395e-13,2.0654775434316446e-11,1.102366297254241e-11,0.9999997971868633,2.051803541746847e-11,8.16526135965324e-12,0.999999809596286,3.866893962548866e-12,5.490166269353481e-12,0.999999917567631,0.9999997708015114,5.978110611008978e-12,0.9999997971868642,-3.020423253695009e-13,0.9999999453699098,0.9999997971868627,9.133335987310652e-12,2.0518035678997384e-11,6.587445004112696e-12,2.0518035477132783e-11,1.3095064765438305e-11,9.057913317718052e-12,0.999999797186863,4.07205110859783e-09,1.31967991187788e-13,2.4204932483450075e-10,6.132177883068965e-12,0.9999997930794541,-2.118206249711086e-09,0.999999787426101,0.9999997971868649,-6.372982559238356e-10,6.239621228784017e-12,8.165261820798724e-12,0.9999997985708033,0.9999997989918543,1.324359245594903e-11,0.9999997985708039,-2.6371863629283514e-13,0.999999797295751,0.9999999871272848,2.051803535202139e-11,3.654830085935539e-12,-3.5757261970920383e-09,0.9999999335228128,8.81429143352486e-12,3.604880531183261e-12,0.9999997971868642,2.051803549556709e-11,0.9999997971868642,0.9999997897110022,0.9999997930519708,8.881839356389742e-12,2.017819262483866e-13,-3.020424704604736e-13,2.051803566371017e-11,2.051803580450326e-11,0.999999798991856,0.999999797186864,0.9999997989918564,2.0518035502134876e-11,2.0518035078356138e-11,2.051803573460955e-11,1.3243593135929646e-11,1.324359288114489e-11,8.81429126825155e-12,0.9999997983877299,2.0518035571492943e-11,2.051803541483765e-11,0.9999997833513282,2.0518034850471327e-11,1.184214993435756e-11,2.05180353861774e-11,3.798199920579294e-12,1.324359317820204e-11,1.0000000054436473,9.867968544788488e-13,0.9999998066465352,2.0518035454660632e-11,0.9999997971868633,-1.2356523170332052e-12,-5.2670875135128315e-09,3.633202244970261e-13,2.0518035267602987e-11,2.0518035505279743e-11,5.434158530252498e-14,1.3243592156090279e-11,9.057913113346205e-12,2.051803491111541e-11,-2.8054282437683506e-09,7.58081424504988e-13,2.0518035576351676e-11,1.3243593052668487e-11,1.1840214573398976e-11,0.999999797186864,-6.732631744378336e-13,-1.9053816559306815e-09
-1.4885667047081178e-08,2.2726198467169876e-12,-3.5993023576756203e-09,-1.7184955132613649e-12,2.1328461564652016e-11,3.0235520466712903e-12,1.3709881233352147e-12,-3.5993023576754045e-09,-3.5993023576753834e-09,2.122821359628689e-11,2.0518035101578174e-11,-4.653180370418823e-08,-2.9512318175895743e-13,-3.5224085868976903e-09,-3.4930722586315157e-09,2.1261001513261013e-11,-3.599302357675395e-09,-1.866151426828837e-12,2.1183077430195835e-11,-1.3167213223264392e-13,-1.089999813665587e-14,2.2293053893976985e-11,2.135051118842914e-11,4.5161156831656324e-13,2.126100152482648e-11,2.2726199208601715e-12,2.2417476739920253e-11,2.1261001543535898e-11,-3.3172920827687304e-13,-3.59930235767539e-09,-6.008954685793257e-13,-3.5993023576754214e-09,-4.203991172770406e-09,-3.448194585909514e-13,2.126100144832065e-11,-1.866120199570019e-12,1.8949063227522594e-12,1.1786407098037187e-12,-1.6806925767245856e-12,2.1257072037671316e-11,1.366649972590015e-12,2.1286398777026678e-11,2.1261001524825887e-11,1.3192061980549407e-12,-1.718081672928978e-13,-1.8661514104062036e-12,2.1275741893350926e-11,2.1246663013414976e-11,5.349660744642855e-13,2.1275741943078346e-11,2.215749162165835e-12,2.1250550159385114e-11,2.1167072440675168e-11,-3.599302357675395e-09,1.107795564731924e-12,1.6547781643397942e-12,2.259590481362821e-11,-6.090972181898795e-13,-3.717324468897998e-13,2.126100156489452e-11,-3.5993023576754065e-09,2.1261001493517272e-11,2.113338737791712e-11,2.1208787364431015e-11,-5.749654538599181e-13,-6.374491688996341e-13,2.2726198467169953e-12,-3.5993023576754417e-09,-3.5993023576754065e-09,2.124666299325853e-11,2.1261001503159374e-11,2.1246663016293836e-11,-3.5993023576753763e-09,-3.599302357675395e-09,-3.5993023576754007e-09,5.349660744638877e-13,5.349659945878865e-13,-6.090972181898795e-13,2.1285120996616197e-11,-3.599302357675403e-09,-3.5993023576753813e-09,2.1209463305832063e-11,-3.599302357675387e-09,-2.4720791138554106e-13,-3.599302357675399e-09,-5.705656067123343e-13,5.349659945878865e-13,4.020304801252741e-08,-1.3557716182299325e-13,2.1231927194729297e-11,-3.5993023576753883e-09,2.126100149114134e-11,-1.7596778555662482e-12,1.0888939745985762e-12,-1.7414484388176203e-13,-3.5993023576754214e-09,-3.5993023576753883e-09,1.8792274132587564e-12,5.349660489680996e-13,-3.448195084651652e-13,-3.5993023576754164e-09,1.881216579376113e-12,-2.8879257640729695e-13,-3.59930235767539e-09,5.349660744548133e-13,-3.7402219354787595e-09,2.126100149352287e-11,-2.951232045654216e-13,1.330665921854496e-12
-5.829144299307775e-08,-2.3552651321222035e-12,-2.951230967445269e-13,3.3248149990999114e-09,-1.4677738342705582e-12,-4.40977117615101e-09,-1.3557881132753913e-12,-2.951231212391862e-13,-2.951230675481348e-13,-1.7424161040291329e-12,-6.732632688279395e-13,-2.9512318175895743e-13,-4.139407822961349e-08,-3.5196096864055887e-13,-3.575871480807345e-13,-1.490327639684255e-12,-2.9512308937841673e-13,3.483067136985624e-09,-1.1853996170032589e-12,-6.73902966694663e-13,-2.101011284283457e-12,-6.493089002231787e-13,-1.6052121104791763e-12,2.84797961113091e-12,-1.49032764282319e-12,-2.3552651283064493e-12,-1.6294558137102145e-12,-1.490327642823534e-12,1.5675556440450732e-09,-2.9512310320513997e-13,2.792638316083836e-10,-2.9512317364082843e-13,2.436487730899058e-09,1.9448639493091692e-09,-1.4903276532427268e-12,7.759747929968286e-13,-1.6529317574062855e-12,-2.3937361770949996e-09,1.4382390689388424e-12,-1.4864343014761567e-12,-1.270007109255352e-12,-3.2857733730761187e-09,-1.4903276314346402e-12,-1.1724711219340656e-12,-1.6034518235732068e-12,3.483067136985722e-09,-1.529430487996934e-12,-1.5393347027223824e-12,2.922105586926558e-12,-1.529430493372413e-12,-2.393538134397059e-12,-1.5445459902897274e-12,4.0448052882357506e-10,-2.9512306754765604e-13,-2.312802373078211e-09,-2.955876938000937e-13,-2.0081033225074538e-12,2.3218882918098577e-09,1.0358800299478058e-09,-1.4903276377429066e-12,-2.9512304278117814e-13,-1.4903276377429066e-12,-2.7138081120494986e-09,-1.4787451365344395e-12,1.9012351787882983e-09,2.2791005609284417e-09,-2.3552651421421044e-12,-2.9512310320513997e-13,-2.951230427910424e-13,-1.5393346819018984e-12,-1.4903276314346402e-12,-1.53933470272249e-12,-2.951232228138147e-13,-2.951230427810389e-13,-2.9512310320513997e-13,2.922105586926592e-12,2.922105586926592e-12,2.3218882918098718e-09,-1.5566124299295568e-12,-2.951232228729109e-13,-2.9512317363957766e-13,-2.967398262544958e-09,-2.951232228138147e-13,-6.368731937961589e-13,-2.9512317363913827e-13,1.8423997658769823e-09,2.922105577831755e-12,-2.583735992318042e-09,-5.049862887705723e-13,-1.2040724013264046e-12,-2.9512304278117814e-13,-1.4903276611640518e-12,2.645255560775717e-09,1.8488293291883855e-09,-5.157934558105904e-13,-2.951232045654444e-13,-2.9512317363913827e-13,-1.6581543062355306e-12,2.922105507753303e-12,1.9448639493092006e-09,-2.951231487075616e-13,-2.1005937384782988e-12,1.642581671286149e-09,-2.9512316426093976e-13,2.9221055965887373e-12,-8.1177547103829e-10,-1.4903276938678793e-12,1.5389163377754e-09,-1.2472533825833522e-12
-1.463100317725296e-08,2.253189122315615e-12,-3.5224085868979e-09,-1.7611596121155623e-12,2.143027451676098e-11,3.010447107136874e-12,1.3493097085461351e-12,-3.522408586897661e-09,-3.5224085868976494e-09,2.1311534132826267e-11,2.0654775434316446e-11,-3.5224085868976903e-09,-3.5196096864055887e-13,-4.6379752937020526e-08,-3.41350397420283e-09,2.1358887214334105e-11,-3.522408586897661e-09,-1.9089962255476863e-12,2.130816344265834e-11,-1.6690421035898075e-13,-1.4025692726063283e-13,2.2481500670612735e-11,2.146202646810806e-11,5.951621916536956e-13,2.1358887175048108e-11,2.253189219019522e-12,2.2557448744670255e-11,2.135888721346904e-11,-3.9515315624131934e-13,-3.52240858689766e-09,-5.472371218112476e-13,-3.522408586897699e-09,-4.1314489603524564e-09,-3.8474267384419656e-13,2.135888720528943e-11,-1.8650322647378946e-12,1.8663413329660355e-12,2.269184353934371e-09,-1.764211072697594e-12,2.135593305339674e-11,1.3402334783583069e-12,2.138246263037718e-11,2.1358887227208037e-11,1.300085456137196e-12,-3.2414216256116174e-13,-1.908996259787977e-12,2.136915998302145e-11,2.1341728543806497e-11,6.874096976932766e-13,2.136915999983255e-11,2.1912280492618413e-12,2.1345209448553262e-11,2.1269901549921102e-11,-3.522408586897638e-09,1.0934266311074327e-12,1.6859944926166795e-12,2.2735892226843947e-11,-6.409009992377767e-13,-4.3771305970361356e-13,2.13588872202052e-11,-3.5224085868976676e-09,2.1358887235071187e-11,2.1226984209344955e-11,2.130086874880392e-11,-6.303196639380393e-13,-6.736684241423529e-13,2.2531891687626074e-12,-3.5224085868976903e-09,-3.5224085868976783e-09,2.1341728543806484e-11,2.1358887209768245e-11,2.1341728545681347e-11,-3.5224085868976307e-09,-3.522408586897653e-09,-3.5224085868976676e-09,6.874097603052009e-13,6.874097303762197e-13,-6.409009912808864e-13,2.137928614928964e-11,-3.5224085868976696e-09,-3.522408586897648e-09,2.1300690494136528e-11,-3.5224085868976572e-09,-2.830957750379757e-13,-3.522408586897664e-09,-6.273109916647862e-13,6.874098088021591e-13,4.0458801785067145e-08,-1.1099169026858532e-13,2.1357669676380556e-11,-3.522408586897655e-09,2.1358887219248252e-11,-1.8284954519447605e-12,1.0909115516186448e-12,-1.5016995272962479e-13,-3.5224085868976924e-09,-3.522408586897661e-09,1.850737738930678e-12,6.874097303965289e-13,-3.8474267384419656e-13,-3.5224085868976783e-09,1.87190327611028e-12,-3.4297742611531674e-13,-3.522408586897648e-09,6.87409782287502e-13,-3.690177757422874e-09,2.1358887188416714e-11,-3.5196096864055887e-13,1.3104718470510898e-12
-3.3884579108364204e-08,2.269452402077138e-12,-3.4930722586317e-09,-1.904931965661651e-12,1.1857084446253538e-11,3.313365731579713e-12,1.3610824776430696e-12,-3.4930722586315008e-09,-3.4930722586314863e-09,1.1746963460834815e-11,1.102366297254241e-11,-3.4930722586315157e-09,-3.575871480807345e-13,-3.41350397420283e-09,-4.6322466325145355e-08,1.178628961605836e-11,-3.4930722586314966e-09,-2.060020711698715e-12,1.1701482194954696e-11,-1.5282505041146415e-13,-5.955346824035172e-14,1.2855350818226047e-11,1.1870758787401988e-11,5.503859346927621e-13,1.1786289699710951e-11,2.2694523308139612e-12,2.5851558578272103e-08,1.1786289625740897e-11,-3.8477972181299835e-13,-3.49307225863149e-09,-6.607996498076441e-13,-3.49307225863152e-09,-4.143915358967374e-09,-4.054185144604946e-13,1.1786289710780941e-11,-1.933412245409282e-12,1.9113346666684575e-12,1.160765712418696e-12,-1.6519391696026565e-12,1.178302691960125e-11,1.364454314767338e-12,1.1806830433953758e-11,1.178628967191535e-11,1.3156667289756278e-12,-1.9448074173611785e-13,-2.0600206990445013e-12,1.1802458874660256e-11,1.1770526127424414e-11,6.420014607645428e-13,1.180245888333359e-11,2.2086709861596292e-12,1.1773497569743063e-11,1.1675767498799549e-11,-3.4930722586314755e-09,1.1717435626175627e-12,1.6876681898801027e-12,1.3127467987446962e-11,-6.908213384568862e-13,-4.4805948327208503e-13,1.1786289689198588e-11,-3.4930722586314966e-09,1.1786289631392201e-11,1.1648458904629376e-11,1.1734333341074135e-11,-6.483058857966058e-13,-7.214143379483579e-13,2.269452370492057e-12,-3.493072258631536e-09,-3.493072258631497e-09,1.1770526187550229e-11,1.1786289631392201e-11,1.1770526214192705e-11,-3.4930722586314863e-09,-3.493072258631488e-09,-3.49307225863149e-09,6.420014085262802e-13,6.420014254003648e-13,-6.908213929720813e-13,1.181059191421426e-11,-3.4930722586315e-09,-3.4930722586314863e-09,1.1730592477849705e-11,-3.493072258631488e-09,-2.715139281950182e-13,-3.4930722586315e-09,-6.447367355836089e-13,6.42001425400371e-13,2.1331353145916153e-08,-1.9743962538294386e-13,1.1751759587316149e-11,-3.493072258631489e-09,1.1786289641059668e-11,-1.951291166919955e-12,1.0574026954259506e-12,-2.401392893552289e-13,-3.4930722586315272e-09,-3.4930722586314863e-09,3.779507443565373e-09,6.420014253993158e-13,-4.0541840903556387e-13,-3.49307225863152e-09,1.856980774269838e-12,-3.483262521631285e-13,-3.4930722586314842e-09,6.420014607645428e-13,-3.6517282446955633e-09,1.1786289631392201e-11,-3.575871716659954e-13,1.3252140354390489e-12
0.9999997658697127,-1.2702615439649235e-12,2.12610046514305e-11,8.745395877464558e-12,0.9999998130400823,1.7171504211786157e-12,-1.9596446692479514e-12,2.1261002135053242e-11,2.126100189355533e-11,0.9999998124513267,0.9999997971868633,2.1261001513261013e-11,-1.490327639684255e-12,2.1358887214334105e-11,1.178628961605836e-11,0.9999997744925064,2.1261001802924122e-11,8.663578724902449e-12,0.9999998312428083,3.1071773871150337e-12,2.503376233998997e-12,0.9999999416760676,0.9999997916488143,9.172177591693015e-12,0.9999998174256647,-1.2702623324866881e-12,0.999999967130023,0.9999998174256645,8.093072881086539e-12,2.1261002106376538e-11,8.278169345494056e-12,2.1261001794856083e-11,1.4170898724798845e-11,8.640589064096091e-12,0.9999998174256637,2.6195972803815715e-12,-9.90463393661485e-13,-1.0024749499517617e-12,4.504826413423897e-12,0.9999998133575103,-1.9658902703979726e-12,0.9999998075839144,0.999999817425666,-1.0213295420702682e-12,2.7094074802810854e-12,8.663579150800842e-12,0.9999998185779765,0.9999998190978416,1.660162517048941e-11,0.9999998185779763,-1.3293886293549495e-12,0.9999998173930403,1.0000000083258944,2.12610018046189e-11,2.661385845370145e-12,-1.433677630828719e-12,0.9999999552161831,8.748919181170844e-12,2.607281535737982e-12,0.9999998174256647,2.126100188357062e-11,0.999999817425666,0.9999998099541322,0.9999998130526428,8.181929796298078e-12,5.20512076019842e-14,-1.270262619140635e-12,2.126100203096286e-11,2.1261002179854426e-11,0.9999998190978421,0.9999998174256642,0.9999998190978424,2.1261001873655208e-11,2.1261001497333757e-11,2.1261002134269963e-11,1.660162584592143e-11,1.66016255268867e-11,8.74891899964629e-12,0.9999998184254489,2.1261001981345997e-11,2.1261001837984766e-11,0.9999998033717433,2.1261001290689687e-11,1.1063792628427393e-11,2.12610017746666e-11,3.0655171662141496e-12,1.660162574936747e-11,1.0000000271888323,1.7449267340181794e-12,0.9999998283002897,2.1261001847735378e-11,0.9999998174256639,-1.414747819032064e-12,-2.376463456680889e-12,1.1338044410264204e-12,2.1261001786849495e-11,2.1261001897193476e-11,-1.0608818373316607e-12,1.6601624796660663e-11,8.64058885659808e-12,2.1261001205404904e-11,-1.99667159053944e-12,-5.4563416508613205e-15,2.126100199562524e-11,1.6601625740793272e-11,1.23071002558429e-11,0.9999998174256649,-1.4903276547689513e-12,-1.6913099103648578e-12
