1.0000000057867617,3.030814770642601e-06,1.0000061119459274,3.4515556816879705e-06,3.030814773324199e-06,1.0000061140706484,1.0000061947632273,3.4515556775322634e-06,1.0000061591260003,2.632604507439585e-06,2.632604507860245e-06,1.0000061140706453,1.0000061591260019,1.0000061119459311,1.000006114070651,1.000006114070646,1.000006159125998,1.0000061591259988,1.0000061591260017,1.0000061947632273,1.0000061119459318,1.000006159125998,1.000006114070648,2.6326045072001847e-06,1.000006159126003,1.0000061947632266,1.000006114070645,2.6326045074785685e-06,1.0000061947632284,1.0000061947632273,1.0000061140706455,1.0000061140706455,1.000006159125997,1.0000061591260008,2.632604507435657e-06,1.0000061947632277
3.030814770642601e-06,1.2688938915914314e-06,6.104164281153832e-07,3.1842503709407657e-16,3.7373017383748243e-13,6.104164294440936e-07,6.104164803285125e-07,3.1842503709407657e-16,3.0770063039272147e-10,6.531104490908107e-17,6.519379331389734e-17,6.104164294440934e-07,3.0770063039272147e-10,6.104164281153842e-07,6.104164294440934e-07,6.104164294440934e-07,3.0770063049642706e-10,3.077006304701272e-10,3.077006304701272e-10,6.104164803285124e-07,6.104164281153844e-07,3.077006304701272e-10,6.104164294440936e-07,6.534945769578806e-17,3.0770063049556933e-10,6.104164803285127e-07,6.104164294440934e-07,6.531264040122464e-17,6.104164803285121e-07,6.104164803285124e-07,6.104164294440933e-07,6.104164294440933e-07,3.0770063049556933e-10,3.0770063039272147e-10,6.515987945226045e-17,6.104164803285124e-07
1.0000061119459274,6.104164281153832e-07,1.000006642556816,1.031158063841886e-06,6.104164273038228e-07,1.0000053757883942,1.0000054564810352,1.0311580634352491e-06,1.0000054208437883,2.122055029622532e-07,2.1220550129807394e-07,1.0000053757883929,1.0000054208437896,1.000005373663669,1.0000053757883942,1.0000053757883929,1.0000054208437874,1.0000054208437887,1.0000054208437883,1.0000054564810352,1.0000053736636703,1.0000054208437883,1.0000053757883942,2.122055015561049e-07,1.0000054208437865,1.0000054564810363,1.0000053757883935,2.122055030610952e-07,1.0000054564810363,1.0000054564810352,1.0000053757883929,1.0000053757883929,1.000005420843788,1.0000054208437876,2.1220550298190458e-07,1.0000054564810352
3.4515556816879705e-06,3.1842503709407657e-16,1.031158063841886e-06,1.2688945847845637e-06,3.181401605691064e-16,1.0311580661044793e-06,5.197894144816827e-10,1.0653370374994417e-12,1.0311581144131635e-06,1.1036204802197788e-16,1.1030701845559307e-16,1.031158066104478e-06,1.0311581144131647e-06,1.0311580638418866e-06,1.0311580661044787e-06,1.031158066104478e-06,1.0311581144131637e-06,1.0311581144131645e-06,1.0311581144131645e-06,5.197894142614581e-10,1.0311580638418876e-06,1.0311581144131637e-06,1.0311580661044789e-06,1.1031642675735953e-16,1.0311581144131633e-06,5.197894143436655e-10,1.0311580661044789e-06,1.1030701845559307e-16,5.197894143671011e-10,5.197894142614581e-10,1.0311580661044782e-06,1.0311580661044778e-06,1.031158114413165e-06,1.0311581144131635e-06,1.1036204802197788e-16,5.197894142614581e-10
3.030814773324199e-06,3.7373017383748243e-13,6.104164273038228e-07,3.181401605691064e-16,1.2688938915914314e-06,6.104164286325325e-07,6.104164795169511e-07,3.1791435021797664e-16,3.0770063050586075e-10,6.509240311090139e-17,6.52346089146168e-17,6.104164286325316e-07,3.0770063012742986e-10,6.104164273038231e-07,6.104164286325322e-07,6.104164286325319e-07,3.0770063012742986e-10,3.077006303440189e-10,3.077006301517346e-10,6.104164795169513e-07,6.104164273038236e-07,3.0770063012742986e-10,6.10416428632532e-07,6.510235180488482e-17,3.077006301517346e-10,6.104164795169514e-07,6.104164286325319e-07,6.502707334688698e-17,6.104164795169508e-07,6.104164795169513e-07,6.104164286325319e-07,6.104164286325319e-07,3.077006302945984e-10,3.0770063012742986e-10,6.509240311090139e-17,6.104164795169508e-07
1.0000061140706484,6.104164294440936e-07,1.0000053757883942,1.0311580661044793e-06,6.104164286325325e-07,1.0000066468062554,1.000005458605759,1.0311580656978444e-06,1.0000054229685118,1.0696921076690417e-10,1.0696920991933217e-10,1.0000053779131175,1.0000054229685136,1.000005375788395,1.0000053779131184,1.0000053779131184,1.0000054229685125,1.0000054229685127,1.000005422968513,1.000005458605759,1.0000053757883958,1.0000054229685127,1.0000053779131182,1.0696921006166689e-10,1.0000054229685118,1.00000545860576,1.0000053779131188,1.0696921080229198e-10,1.0000054586057594,1.000005458605759,1.0000053779131184,1.0000053779131184,1.0000054229685118,1.000005422968511,1.0696921077477647e-10,1.000005458605759
1.0000061947632273,6.104164803285125e-07,1.0000054564810352,5.197894144816827e-10,6.104164795169511e-07,1.000005458605759,1.0000068081915334,5.197894145054266e-10,1.0000055036611561,1.0696922003231553e-10,1.0696921921382217e-10,1.0000054586057578,1.0000055036611561,1.000005456481038,1.0000054586057587,1.0000054586057572,1.000005503661156,1.0000055036611568,1.0000055036611566,1.0000055392984022,1.0000054564810383,1.0000055036611557,1.0000054586057587,1.0696921923573839e-10,1.0000055036611555,1.0000055392984026,1.0000054586057583,1.0696921997785105e-10,1.0000055392984026,1.0000055392984022,1.0000054586057572,1.0000054586057572,1.000005503661157,1.0000055036611561,1.069692199486584e-10,1.0000055392984022
3.4515556775322634e-06,3.1842503709407657e-16,1.0311580634352491e-06,1.0653370374994417e-12,3.1791435021797664e-16,1.0311580656978444e-06,5.197894145054266e-10,1.2688945847845637e-06,1.0311581140065282e-06,1.1030701845559307e-16,1.103413197634892e-16,1.0311580656978423e-06,1.0311581140065298e-06,1.0311580634352508e-06,1.0311580656978436e-06,1.031158065697843e-06,1.0311581140065284e-06,1.0311581140065288e-06,1.0311581140065288e-06,5.197894144718249e-10,1.0311580634352513e-06,1.031158114006528e-06,1.0311580656978436e-06,1.1036204802197788e-16,1.0311581140065273e-06,5.197894145396323e-10,1.0311580656978431e-06,1.1036204802197788e-16,5.197894140362845e-10,5.197894140362845e-10,1.0311580656978425e-06,1.0311580656978425e-06,1.0311581140065286e-06,1.0311581140065282e-06,1.1032308852959106e-16,5.197894145396323e-10
1.0000061591260003,3.0770063039272147e-10,1.0000054208437883,1.0311581144131635e-06,3.0770063050586075e-10,1.0000054229685118,1.0000055036611561,1.0311581140065282e-06,1.000006736917042,1.0696921578735908e-10,1.0696921513099237e-10,1.0000054229685116,1.0000054680239057,1.0000054208437883,1.0000054229685118,1.0000054229685114,1.000005468023906,1.0000054680239072,1.0000054680239063,1.0000055036611561,1.0000054208437898,1.0000054680239057,1.0000054229685114,1.0696921524727939e-10,1.0000054680239052,1.0000055036611561,1.0000054229685122,1.0696921595569868e-10,1.0000055036611561,1.0000055036611561,1.0000054229685118,1.0000054229685118,1.0000054680239068,1.0000054680239057,1.0696921592047521e-10,1.0000055036611561
2.632604507439585e-06,6.531104490908107e-17,2.122055029622532e-07,1.1036204802197788e-16,6.509240311090139e-17,1.0696921076690417e-10,1.0696922003231553e-10,1.1030701845559307e-16,1.0696921578735908e-10,1.2688935667401338e-06,4.493926044715691e-14,1.0696921075887406e-10,1.0696921577206108e-10,2.1220550296225358e-07,1.0696921075890201e-10,1.0696921077100775e-10,1.0696921580998858e-10,1.0696921594918204e-10,1.0696921578241467e-10,1.0696921998613149e-10,2.1220550296225366e-07,1.0696921602449005e-10,1.0696921076676351e-10,4.493926046137613e-14,1.0696921578241467e-10,1.0696922003231553e-10,1.0696921075601329e-10,4.493926057336091e-14,1.0696922003231553e-10,1.0696922003880039e-10,1.0696921076565778e-10,1.0696921075584605e-10,1.0696921587521759e-10,1.0696921602449005e-10,4.493926059368582e-14,1.0696921992006975e-10
2.632604507860245e-06,6.519379331389734e-17,2.1220550129807394e-07,1.1030701845559307e-16,6.52346089146168e-17,1.0696920991933217e-10,1.0696921921382217e-10,1.103413197634892e-16,1.0696921513099237e-10,4.493926044715691e-14,1.2688935667401338e-06,1.0696920989693765e-10,1.0696921513099237e-10,2.122055012980742e-07,1.069692099148364e-10,1.0696920990760058e-10,1.0696921507589659e-10,1.0696921507589659e-10,1.0696921507589659e-10,1.0696921916816405e-10,2.122055012980742e-07,1.0696921512938347e-10,1.0696920990764402e-10,4.4939260345326426e-14,1.0696921510926597e-10,1.0696921913374923e-10,1.0696920990620741e-10,4.493926045731121e-14,1.069692192375816e-10,1.0696921906925858e-10,1.069692099268294e-10,1.0696920993168706e-10,1.0696921501462498e-10,1.0696921502795591e-10,4.493926047763615e-14,1.0696921910620619e-10
1.0000061140706453,6.104164294440934e-07,1.0000053757883929,1.031158066104478e-06,6.104164286325316e-07,1.0000053779131175,1.0000054586057578,1.0311580656978423e-06,1.0000054229685116,1.0696921075887406e-10,1.0696920989693765e-10,1.0000066468062565,1.000005422968512,1.0000053757883942,1.0000053779131173,1.0000053779131168,1.0000054229685116,1.000005422968512,1.0000054229685116,1.0000054586057578,1.000005375788395,1.0000054229685114,1.0000053779131168,1.069692100384671e-10,1.0000054229685111,1.0000054586057587,1.0000053779131175,1.0696921080492779e-10,1.0000054586057576,1.0000054586057578,1.0000053779131175,1.0000053779131175,1.000005422968511,1.0000054229685107,1.0696921078407554e-10,1.0000054586057578
1.0000061591260019,3.0770063039272147e-10,1.0000054208437896,1.0311581144131647e-06,3.0770063012742986e-10,1.0000054229685136,1.0000055036611561,1.0311581140065298e-06,1.0000054680239057,1.0696921577206108e-10,1.0696921513099237e-10,1.000005422968512,1.0000067369170413,1.000005420843789,1.000005422968513,1.000005422968512,1.0000054680239072,1.0000054680239079,1.0000054680239068,1.0000055036611561,1.0000054208437905,1.0000054680239063,1.0000054229685131,1.0696921519768271e-10,1.0000054680239057,1.0000055036611573,1.000005422968513,1.0696921589255449e-10,1.0000055036611566,1.0000055036611561,1.0000054229685118,1.0000054229685118,1.000005468023907,1.0000054680239057,1.0696921597513686e-10,1.0000055036611561
1.0000061119459311,6.104164281153842e-07,1.000005373663669,1.0311580638418866e-06,6.104164273038231e-07,1.000005375788395,1.000005456481038,1.0311580634352508e-06,1.0000054208437883,2.1220550296225358e-07,2.122055012980742e-07,1.0000053757883942,1.000005420843789,1.000006642556815,1.000005375788395,1.0000053757883942,1.0000054208437894,1.0000054208437892,1.0000054208437894,1.0000054564810372,1.0000053736636714,1.0000054208437887,1.000005375788395,2.1220550155610517e-07,1.000005420843788,1.0000054564810372,1.0000053757883942,2.1220550306109565e-07,1.000005456481037,1.0000054564810372,1.0000053757883942,1.0000053757883942,1.000005420843789,1.0000054208437883,2.122055029819047e-07,1.0000054564810372
1.000006114070651,6.104164294440934e-07,1.0000053757883942,1.0311580661044787e-06,6.104164286325322e-07,1.0000053779131184,1.0000054586057587,1.0311580656978436e-06,1.0000054229685118,1.0696921075890201e-10,1.069692099148364e-10,1.0000053779131173,1.000005422968513,1.000005375788395,1.0000066468062532,1.000005377913118,1.0000054229685125,1.000005422968513,1.000005422968513,1.0000054586057583,1.000005375788396,1.000005422968513,1.0000053779131184,1.069692100384671e-10,1.0000054229685116,1.0000054586057592,1.0000053779131184,1.0696921081748058e-10,1.000005458605759,1.0000054586057583,1.000005377913118,1.000005377913118,1.0000054229685125,1.000005422968511,1.0696921077380958e-10,1.0000054586057583
1.000006114070646,6.104164294440934e-07,1.0000053757883929,1.031158066104478e-06,6.104164286325319e-07,1.0000053779131184,1.0000054586057572,1.031158065697843e-06,1.0000054229685114,1.0696921077100775e-10,1.0696920990760058e-10,1.0000053779131168,1.000005422968512,1.0000053757883942,1.000005377913118,1.0000066468062587,1.000005422968512,1.0000054229685122,1.000005422968512,1.0000054586057572,1.0000053757883953,1.0000054229685114,1.000005377913118,1.0696921004895905e-10,1.0000054229685107,1.0000054586057587,1.0000053779131184,1.0696921081655755e-10,1.0000054586057576,1.0000054586057572,1.0000053779131175,1.0000053779131175,1.0000054229685118,1.0000054229685111,1.0696921077464017e-10,1.0000054586057572
1.000006159125998,3.0770063049642706e-10,1.0000054208437874,1.0311581144131637e-06,3.0770063012742986e-10,1.0000054229685125,1.000005503661156,1.0311581140065284e-06,1.000005468023906,1.0696921580998858e-10,1.0696921507589659e-10,1.0000054229685116,1.0000054680239072,1.0000054208437894,1.0000054229685125,1.000005422968512,1.0000067369170431,1.0000054680239072,1.0000054680239059,1.0000055036611557,1.0000054208437898,1.0000054680239063,1.0000054229685125,1.0696921510927767e-10,1.0000054680239048,1.0000055036611566,1.000005422968512,1.0696921594606655e-10,1.0000055036611561,1.0000055036611557,1.000005422968512,1.000005422968512,1.0000054680239068,1.0000054680239057,1.069692159389229e-10,1.0000055036611557
1.0000061591259988,3.077006304701272e-10,1.0000054208437887,1.0311581144131645e-06,3.077006303440189e-10,1.0000054229685127,1.0000055036611568,1.0311581140065288e-06,1.0000054680239072,1.0696921594918204e-10,1.0696921507589659e-10,1.000005422968512,1.0000054680239079,1.0000054208437892,1.000005422968513,1.0000054229685122,1.0000054680239072,1.0000067369170438,1.0000054680239068,1.0000055036611568,1.0000054208437907,1.0000054680239068,1.000005422968513,1.0696921510225751e-10,1.0000054680239057,1.000005503661157,1.0000054229685125,1.0696921598100516e-10,1.0000055036611568,1.0000055036611568,1.0000054229685125,1.0000054229685125,1.0000054680239074,1.0000054680239063,1.0696921592047521e-10,1.0000055036611568
1.0000061591260017,3.077006304701272e-10,1.0000054208437883,1.0311581144131645e-06,3.077006301517346e-10,1.000005422968513,1.0000055036611566,1.0311581140065288e-06,1.0000054680239063,1.0696921578241467e-10,1.0696921507589659e-10,1.0000054229685116,1.0000054680239068,1.0000054208437894,1.000005422968513,1.000005422968512,1.0000054680239059,1.0000054680239068,1.0000067369170427,1.0000055036611566,1.0000054208437898,1.0000054680239068,1.0000054229685125,1.0696921506904324e-10,1.0000054680239057,1.000005503661157,1.000005422968512,1.0696921595569868e-10,1.0000055036611566,1.0000055036611566,1.000005422968512,1.000005422968512,1.0000054680239072,1.0000054680239059,1.0696921593803441e-10,1.0000055036611566
1.0000061947632273,6.104164803285124e-07,1.0000054564810352,5.197894142614581e-10,6.104164795169513e-07,1.000005458605759,1.0000055392984022,5.197894144718249e-10,1.0000055036611561,1.0696921998613149e-10,1.0696921916816405e-10,1.0000054586057578,1.0000055036611561,1.0000054564810372,1.0000054586057583,1.0000054586057572,1.0000055036611557,1.0000055036611568,1.0000055036611566,1.0000068081915332,1.0000054564810377,1.0000055036611557,1.0000054586057583,1.0696921944015517e-10,1.0000055036611555,1.0000055392984026,1.0000054586057583,1.0696922003007845e-10,1.0000055392984026,1.0000055392984022,1.0000054586057572,1.0000054586057572,1.000005503661157,1.0000055036611561,1.0696922012601062e-10,1.0000055392984022
1.0000061119459318,6.104164281153844e-07,1.0000053736636703,1.0311580638418876e-06,6.104164273038236e-07,1.0000053757883958,1.0000054564810383,1.0311580634352513e-06,1.0000054208437898,2.1220550296225366e-07,2.122055012980742e-07,1.000005375788395,1.0000054208437905,1.0000053736636714,1.000005375788396,1.0000053757883953,1.0000054208437898,1.0000054208437907,1.0000054208437898,1.0000054564810377,1.000006642556818,1.0000054208437898,1.0000053757883962,2.1220550155610535e-07,1.0000054208437887,1.0000054564810381,1.0000053757883955,2.1220550306109568e-07,1.000005456481038,1.0000054564810377,1.0000053757883953,1.0000053757883953,1.0000054208437903,1.0000054208437892,2.1220550298190482e-07,1.0000054564810377
1.000006159125998,3.077006304701272e-10,1.0000054208437883,1.0311581144131637e-06,3.0770063012742986e-10,1.0000054229685127,1.0000055036611557,1.031158114006528e-06,1.0000054680239057,1.0696921602449005e-10,1.0696921512938347e-10,1.0000054229685114,1.0000054680239063,1.0000054208437887,1.000005422968513,1.0000054229685114,1.0000054680239063,1.0000054680239068,1.0000054680239068,1.0000055036611557,1.0000054208437898,1.0000067369170444,1.000005422968512,1.0696921524727939e-10,1.0000054680239057,1.000005503661157,1.000005422968512,1.0696921589833855e-10,1.0000055036611561,1.0000055036611557,1.0000054229685118,1.0000054229685118,1.0000054680239072,1.0000054680239057,1.0696921582260588e-10,1.0000055036611557
1.000006114070648,6.104164294440936e-07,1.0000053757883942,1.0311580661044789e-06,6.10416428632532e-07,1.0000053779131182,1.0000054586057587,1.0311580656978436e-06,1.0000054229685114,1.0696921076676351e-10,1.0696920990764402e-10,1.0000053779131168,1.0000054229685131,1.000005375788395,1.0000053779131184,1.000005377913118,1.0000054229685125,1.000005422968513,1.0000054229685125,1.0000054586057583,1.0000053757883962,1.000005422968512,1.0000066468062532,1.069692100549362e-10,1.0000054229685111,1.0000054586057587,1.0000053779131188,1.06969210799938e-10,1.0000054586057583,1.0000054586057583,1.0000053779131182,1.0000053779131182,1.0000054229685118,1.0000054229685114,1.0696921077932418e-10,1.0000054586057583
2.6326045072001847e-06,6.534945769578806e-17,2.122055015561049e-07,1.1031642675735953e-16,6.510235180488482e-17,1.0696921006166689e-10,1.0696921923573839e-10,1.1036204802197788e-16,1.0696921524727939e-10,4.493926046137613e-14,4.4939260345326426e-14,1.069692100384671e-10,1.0696921519768271e-10,2.1220550155610517e-07,1.069692100384671e-10,1.0696921004895905e-10,1.0696921510927767e-10,1.0696921510225751e-10,1.0696921506904324e-10,1.0696921944015517e-10,2.1220550155610535e-07,1.0696921524727939e-10,1.069692100549362e-10,1.2688935667401338e-06,1.069692151585451e-10,1.0696921935726154e-10,1.069692100598097e-10,4.4939260471530413e-14,1.0696921928158879e-10,1.0696921930523518e-10,1.0696921004883862e-10,1.069692100539879e-10,1.0696921512779663e-10,1.0696921530693967e-10,4.493926049185537e-14,1.0696921944015517e-10
1.000006159126003,3.0770063049556933e-10,1.0000054208437865,1.0311581144131633e-06,3.077006301517346e-10,1.0000054229685118,1.0000055036611555,1.0311581140065273e-06,1.0000054680239052,1.0696921578241467e-10,1.0696921510926597e-10,1.0000054229685111,1.0000054680239057,1.000005420843788,1.0000054229685116,1.0000054229685107,1.0000054680239048,1.0000054680239057,1.0000054680239057,1.0000055036611555,1.0000054208437887,1.0000054680239057,1.0000054229685111,1.069692151585451e-10,1.0000067369170391,1.000005503661156,1.000005422968511,1.0696921595569868e-10,1.000005503661155,1.0000055036611555,1.000005422968511,1.000005422968511,1.0000054680239057,1.0000054680239048,1.0696921604980795e-10,1.0000055036611555
1.0000061947632266,6.104164803285127e-07,1.0000054564810363,5.197894143436655e-10,6.104164795169514e-07,1.00000545860576,1.0000055392984026,5.197894145396323e-10,1.0000055036611561,1.0696922003231553e-10,1.0696921913374923e-10,1.0000054586057587,1.0000055036611573,1.0000054564810372,1.0000054586057592,1.0000054586057587,1.0000055036611566,1.000005503661157,1.000005503661157,1.0000055392984026,1.0000054564810381,1.000005503661157,1.0000054586057587,1.0696921935726154e-10,1.000005503661156,1.0000068081915277,1.0000054586057585,1.069692201423104e-10,1.0000055392984029,1.0000055392984026,1.0000054586057576,1.0000054586057576,1.0000055036611573,1.0000055036611561,1.069692199486584e-10,1.0000055392984026
1.000006114070645,6.104164294440934e-07,1.0000053757883935,1.0311580661044789e-06,6.104164286325319e-07,1.0000053779131188,1.0000054586057583,1.0311580656978431e-06,1.0000054229685122,1.0696921075601329e-10,1.0696920990620741e-10,1.0000053779131175,1.000005422968513,1.0000053757883942,1.0000053779131184,1.0000053779131184,1.000005422968512,1.0000054229685125,1.000005422968512,1.0000054586057583,1.0000053757883955,1.000005422968512,1.0000053779131188,1.069692100598097e-10,1.000005422968511,1.0000054586057585,1.0000066468062536,1.0696921080839717e-10,1.0000054586057594,1.0000054586057583,1.0000053779131175,1.0000053779131175,1.0000054229685122,1.0000054229685122,1.0696921075325586e-10,1.0000054586057583
2.6326045074785685e-06,6.531264040122464e-17,2.122055030610952e-07,1.1030701845559307e-16,6.502707334688698e-17,1.0696921080229198e-10,1.0696921997785105e-10,1.1036204802197788e-16,1.0696921595569868e-10,4.493926057336091e-14,4.493926045731121e-14,1.0696921080492779e-10,1.0696921589255449e-10,2.1220550306109565e-07,1.0696921081748058e-10,1.0696921081655755e-10,1.0696921594606655e-10,1.0696921598100516e-10,1.0696921595569868e-10,1.0696922003007845e-10,2.1220550306109568e-07,1.0696921589833855e-10,1.06969210799938e-10,4.4939260471530413e-14,1.0696921595569868e-10,1.069692201423104e-10,1.0696921080839717e-10,1.2688935667401338e-06,1.0696922010094247e-10,1.0696922017714852e-10,1.0696921079926112e-10,1.0696921080613603e-10,1.0696921595972312e-10,1.0696921596938556e-10,4.493926060384015e-14,1.0696922012006297e-10
1.0000061947632284,6.104164803285121e-07,1.0000054564810363,5.197894143671011e-10,6.104164795169508e-07,1.0000054586057594,1.0000055392984026,5.197894140362845e-10,1.0000055036611561,1.0696922003231553e-10,1.069692192375816e-10,1.0000054586057576,1.0000055036611566,1.000005456481037,1.000005458605759,1.0000054586057576,1.0000055036611561,1.0000055036611568,1.0000055036611566,1.0000055392984026,1.000005456481038,1.0000055036611561,1.0000054586057583,1.0696921928158879e-10,1.000005503661155,1.0000055392984029,1.0000054586057594,1.0696922010094247e-10,1.0000068081915288,1.0000055392984026,1.0000054586057583,1.0000054586057583,1.0000055036611561,1.0000055036611561,1.0696921998044956e-10,1.0000055392984026
1.0000061947632273,6.104164803285124e-07,1.0000054564810352,5.197894142614581e-10,6.104164795169513e-07,1.000005458605759,1.0000055392984022,5.197894140362845e-10,1.0000055036611561,1.0696922003880039e-10,1.0696921906925858e-10,1.0000054586057578,1.0000055036611561,1.0000054564810372,1.0000054586057583,1.0000054586057572,1.0000055036611557,1.0000055036611568,1.0000055036611566,1.0000055392984022,1.0000054564810377,1.0000055036611557,1.0000054586057583,1.0696921930523518e-10,1.0000055036611555,1.0000055392984026,1.0000054586057583,1.0696922017714852e-10,1.0000055392984026,1.0000068081915332,1.0000054586057572,1.0000054586057572,1.000005503661157,1.0000055036611561,1.0696921998044956e-10,1.0000055392984022
1.0000061140706455,6.104164294440933e-07,1.0000053757883929,1.0311580661044782e-06,6.104164286325319e-07,1.0000053779131184,1.0000054586057572,1.0311580656978425e-06,1.0000054229685118,1.0696921076565778e-10,1.069692099268294e-10,1.0000053779131175,1.0000054229685118,1.0000053757883942,1.000005377913118,1.0000053779131175,1.000005422968512,1.0000054229685125,1.000005422968512,1.0000054586057572,1.0000053757883953,1.0000054229685118,1.0000053779131182,1.0696921004883862e-10,1.000005422968511,1.0000054586057576,1.0000053779131175,1.0696921079926112e-10,1.0000054586057583,1.0000054586057572,1.0000066468062583,1.0000053779131168,1.0000054229685118,1.0000054229685114,1.0696921078305597e-10,1.0000054586057572
1.0000061140706455,6.104164294440933e-07,1.0000053757883929,1.0311580661044778e-06,6.104164286325319e-07,1.0000053779131184,1.0000054586057572,1.0311580656978425e-06,1.0000054229685118,1.0696921075584605e-10,1.0696920993168706e-10,1.0000053779131175,1.0000054229685118,1.0000053757883942,1.000005377913118,1.0000053779131175,1.000005422968512,1.0000054229685125,1.000005422968512,1.0000054586057572,1.0000053757883953,1.0000054229685118,1.0000053779131182,1.069692100539879e-10,1.000005422968511,1.0000054586057576,1.0000053779131175,1.0696921080613603e-10,1.0000054586057583,1.0000054586057572,1.0000053779131168,1.0000066468062547,1.0000054229685118,1.0000054229685114,1.069692107809572e-10,1.0000054586057572
1.000006159125997,3.0770063049556933e-10,1.000005420843788,1.031158114413165e-06,3.077006302945984e-10,1.0000054229685118,1.000005503661157,1.0311581140065286e-06,1.0000054680239068,1.0696921587521759e-10,1.0696921501462498e-10,1.000005422968511,1.000005468023907,1.000005420843789,1.0000054229685125,1.0000054229685118,1.0000054680239068,1.0000054680239074,1.0000054680239072,1.000005503661157,1.0000054208437903,1.0000054680239072,1.0000054229685118,1.0696921512779663e-10,1.0000054680239057,1.0000055036611573,1.0000054229685122,1.0696921595972312e-10,1.0000055036611561,1.000005503661157,1.0000054229685118,1.0000054229685118,1.0000067369170464,1.0000054680239068,1.0696921587545421e-10,1.000005503661157
1.0000061591260008,3.0770063039272147e-10,1.0000054208437876,1.0311581144131635e-06,3.0770063012742986e-10,1.000005422968511,1.0000055036611561,1.0311581140065282e-06,1.0000054680239057,1.0696921602449005e-10,1.0696921502795591e-10,1.0000054229685107,1.0000054680239057,1.0000054208437883,1.000005422968511,1.0000054229685111,1.0000054680239057,1.0000054680239063,1.0000054680239059,1.0000055036611561,1.0000054208437892,1.0000054680239057,1.0000054229685114,1.0696921530693967e-10,1.0000054680239048,1.0000055036611561,1.0000054229685122,1.0696921596938556e-10,1.0000055036611561,1.0000055036611561,1.0000054229685114,1.0000054229685114,1.0000054680239068,1.0000067369170456,1.0696921585209366e-10,1.0000055036611561
2.632604507435657e-06,6.515987945226045e-17,2.1220550298190458e-07,1.1036204802197788e-16,6.509240311090139e-17,1.0696921077477647e-10,1.069692199486584e-10,1.1032308852959106e-16,1.0696921592047521e-10,4.493926059368582e-14,4.493926047763615e-14,1.0696921078407554e-10,1.0696921597513686e-10,2.122055029819047e-07,1.0696921077380958e-10,1.0696921077464017e-10,1.069692159389229e-10,1.0696921592047521e-10,1.0696921593803441e-10,1.0696922012601062e-10,2.1220550298190482e-07,1.0696921582260588e-10,1.0696921077932418e-10,4.493926049185537e-14,1.0696921604980795e-10,1.069692199486584e-10,1.0696921075325586e-10,4.493926060384015e-14,1.0696921998044956e-10,1.0696921998044956e-10,1.0696921078305597e-10,1.069692107809572e-10,1.0696921587545421e-10,1.0696921585209366e-10,1.26889356438082e-06,1.0696922005273821e-10
1.0000061947632277,6.104164803285124e-07,1.0000054564810352,5.197894142614581e-10,6.104164795169508e-07,1.000005458605759,1.0000055392984022,5.197894145396323e-10,1.0000055036611561,1.0696921992006975e-10,1.0696921910620619e-10,1.0000054586057578,1.0000055036611561,1.0000054564810372,1.0000054586057583,1.0000054586057572,1.0000055036611557,1.0000055036611568,1.0000055036611566,1.0000055392984022,1.0000054564810377,1.0000055036611557,1.0000054586057583,1.0696921944015517e-10,1.0000055036611555,1.0000055392984026,1.0000054586057583,1.0696922012006297e-10,1.0000055392984026,1.0000055392984022,1.0000054586057572,1.0000054586057572,1.000005503661157,1.0000055036611561,1.0696922005273821e-10,1.0000068081915332
