1.0000000017595612,1.7628653857837132e-06,1.7644830859572243e-06,1.8281577127183524e-06,0.9999997068041926,1.6919720605023053e-06,2.2574079993429743e-06,1.8281577127200666e-06,1.691972059127962e-06,0.9999996144197446,0.9999996134515396,2.007202828094308e-06,0.9999997054420664,0.999999686814371,0.9999997220991387,0.999999678753244,0.9999997229382691,0.9999996134515418,1.6919720608976175e-06,0.9999997163061017,0.9999996662335996,0.9999997229382711,1.6949666738054449e-06,2.263259558173207e-06,2.257407999156767e-06,0.9999996868143721,0.999999717430556,1.828157712726236e-06,1.6919720604233555e-06,0.9999996134515398,2.2574079993669458e-06,0.9999996868143747,0.9999997049617227,1.6949666738054443e-06,1.691972060917035e-06,1.7417157422224176e-06,1.6949666738267884e-06,1.8281577127201968e-06,0.9999997099701695,1.741715742213775e-06,1.7417157426083006e-06,1.8753808979001103e-06
1.7628653857837132e-06,1.5719998674668187e-06,7.409644745750914e-14,4.611177706769042e-17,1.3652521654652903e-10,2.7348343164795776e-17,1.0468684625278928e-16,4.611177706769042e-17,2.7316191313783257e-17,2.7116632720632704e-07,1.365252028256588e-10,7.06911206830583e-17,1.3652521635669667e-10,1.3652521362821947e-10,2.7116635892747623e-07,1.3652521232090996e-10,2.71166359189792e-07,1.365252028256588e-10,2.7373288209830082e-17,1.3652521799264454e-10,2.7116634236722767e-07,2.711663591897923e-07,2.8097742630011916e-17,1.0599221469437573e-16,1.0460058488587042e-16,1.3652521365536955e-10,2.7116635759023726e-07,4.611177706769042e-17,2.7373288209830082e-17,1.365252027239886e-10,1.0460058488587042e-16,1.3652521364287964e-10,1.3652521639664282e-10,2.75813490767332e-17,2.7316191313783257e-17,6.790044954980529e-14,2.75813490767332e-17,4.6118828141930643e-17,1.3652521706041752e-10,6.790044960198952e-14,6.790044961960586e-14,5.2548604817558915e-17
1.7644830859572243e-06,7.409644745750914e-14,1.571999868190622e-06,4.651450424643828e-17,1.37339689753229e-10,2.7488639933399416e-17,1.0541756507628497e-16,4.631354848186881e-17,2.7486264843696264e-17,1.373396763133241e-10,1.3733967594990455e-10,7.042979128298705e-17,1.3733968956877312e-10,1.3733968683963436e-10,2.7278406562186905e-07,1.373396856906489e-10,2.7278406587878383e-07,1.3733967594990455e-10,2.7509016760833838e-17,1.3733969114187065e-10,2.727840492404705e-07,2.727840658787837e-07,2.7834289649543574e-17,1.0674972368596236e-16,1.0543425562468778e-16,1.3733968684763038e-10,2.727840642903814e-07,4.6663686121943746e-17,2.7486264843696264e-17,1.3733967583163337e-10,1.0543425562468778e-16,1.3733968678748703e-10,2.7278406071290533e-07,2.8061677392703306e-17,2.758399616382446e-17,6.833140496115697e-14,2.783428964953604e-17,4.631354848186881e-17,1.3733969029501374e-10,6.833140501210866e-14,6.833140502707255e-14,5.31781419096646e-17
1.8281577127183524e-06,4.611177706769042e-17,4.651450424643828e-17,1.5719999066709405e-06,3.364587049043157e-07,3.398495557671361e-17,1.3037695787292947e-16,1.1352842830618938e-13,3.409724165234976e-17,1.6939820257799174e-10,1.6939820241077708e-10,8.776928240939208e-17,3.364587044085008e-07,1.693982153531283e-10,3.364587102479146e-07,1.6939821378321317e-10,3.3645871055170407e-07,1.6939820219931585e-10,3.419787766988807e-17,1.6939822050437305e-10,1.6939821151476304e-10,3.364587105517043e-07,3.473236045761941e-17,1.313495626335615e-16,1.3008980413782236e-16,1.6939821526981198e-10,3.3645870863145354e-07,1.1352842830541222e-13,3.419787766988807e-17,1.6939820219931585e-10,1.3024326210853069e-16,1.693982153531283e-10,3.36458704298059e-07,3.451630820209556e-17,3.4172364882977066e-17,4.269891738435181e-17,3.451630820209556e-17,1.1352842824046068e-13,3.364587060342443e-07,4.2570303217811163e-17,4.269891738435181e-17,6.529393768163992e-17
0.9999997068041926,1.3652521654652903e-10,1.37339689753229e-10,3.364587049043157e-07,1.0000000858663218,1.0083225994152283e-10,7.657090799490585e-07,3.3645870529235374e-07,1.0083226067949968e-10,0.9999984214821633,0.9999984205139499,5.155038902363149e-07,0.9999985125046749,0.9999984938769546,0.9999985291617801,0.9999984858158016,0.9999985300009139,0.9999984205139493,1.0083226025523598e-10,0.9999985233687367,0.9999984732961145,0.999998530000914,1.0233997161195475e-10,7.715607366880548e-07,7.657090801456398e-07,0.9999984938769545,0.9999985244931923,3.364587051728418e-07,1.0083225984370174e-10,0.9999984205139489,7.657090800415442e-07,0.9999984938769546,0.9999985120243386,1.0233997126592065e-10,1.0083226021103058e-10,1.2587691688365822e-10,1.0233997126151427e-10,3.3645870508341024e-07,0.999998517032792,1.2587691701807085e-10,1.2587691711916933e-10,1.9317387978370014e-10
1.6919720605023053e-06,2.7348343164795776e-17,2.7488639933399416e-17,3.398495557671361e-17,1.0083225994152283e-10,1.5719998329697428e-06,7.741248172471264e-17,3.4113361480508565e-17,4.018756028449409e-14,1.0083225001473384e-10,1.0083224972909523e-10,5.2288984675731883e-17,1.0083225972032264e-10,1.0083225785747131e-10,1.008322615741366e-10,1.0083225686479246e-10,1.0083226163544009e-10,1.008322497302985e-10,4.018755993318631e-14,2.0027301421500532e-07,1.0083225548155205e-10,1.0083226160893779e-10,2.0333614132165457e-17,7.827724634166579e-17,7.750804752744742e-17,1.0083225785747131e-10,2.0027301445571702e-07,3.4172364882977066e-17,4.018755983695049e-14,1.008322498717436e-10,7.734064502294987e-17,1.0083225784135079e-10,1.0083225972305646e-10,2.0142218474317362e-17,4.018755990733407e-14,2.5422123166528025e-17,2.0398542749250713e-17,3.4051620257699106e-17,1.0083226030621438e-10,2.52179634719484e-17,2.519904482928017e-17,3.870515053148357e-17
2.2574079993429743e-06,1.0468684625278928e-16,1.0541756507628497e-16,1.3037695787292947e-16,7.657090799490585e-07,7.741248172471264e-17,1.5720003799297543e-06,1.302865368804872e-16,7.750804752744742e-17,3.8551459353597323e-10,3.855145935491922e-10,2.0022109957869086e-16,7.657090787164183e-07,7.657090635758542e-07,7.657090926336465e-07,7.657090564887315e-07,7.657090933844035e-07,3.855145936479904e-10,7.73327909916155e-17,7.657090878978185e-07,3.855146154825971e-10,7.657090933844045e-07,7.857279317176714e-17,3.0047244671775875e-16,5.871674190741991e-13,7.65709063575854e-07,7.657090888370766e-07,1.3008980413782238e-16,7.722527531823422e-17,3.8551459356872886e-10,5.871674189653857e-13,7.657090635758535e-07,7.657090786144371e-07,7.857336116640425e-17,7.750804752744742e-17,9.63250882521702e-17,7.857336116640425e-17,1.3024326210853066e-16,7.657090826977831e-07,9.619584540801978e-17,9.658605277804464e-17,1.4835752371753996e-16
1.8281577127200666e-06,4.611177706769042e-17,4.631354848186881e-17,1.1352842830618938e-13,3.3645870529235374e-07,3.4113361480508565e-17,1.302865368804872e-16,1.5719999066709405e-06,3.413460230733558e-17,1.6939820274426303e-10,1.6939820244015233e-10,8.776928240939208e-17,3.3645870479653914e-07,1.6939821558111882e-10,3.364587106359527e-07,1.6939821414758933e-10,3.364587109397422e-07,1.693982025304579e-10,3.3944326839788725e-17,1.6939822070238055e-10,1.6939821176582386e-10,3.3645871093974257e-07,3.466784308456139e-17,1.3124461971828083e-16,1.3028538600166255e-16,1.6939821551943948e-10,3.364587090194914e-07,1.1352842836768284e-13,3.416279421005749e-17,1.693982025304579e-10,1.3028538600166255e-16,1.6939821557812828e-10,3.3645870468609705e-07,3.451630820209556e-17,3.419787766988807e-17,4.2506823889139765e-17,3.451630820209556e-17,1.1352842830273124e-13,3.364587064222826e-07,4.2506823889139765e-17,4.2448132249904335e-17,6.533145323935604e-17
1.691972059127962e-06,2.7316191313783257e-17,2.7486264843696264e-17,3.409724165234976e-17,1.0083226067949968e-10,4.018756028449409e-14,7.750804752744742e-17,3.413460230733558e-17,1.5719998329697428e-06,1.008322507587756e-10,1.0083225063470205e-10,5.252779711251859e-17,1.0083226055920166e-10,1.0083225839027952e-10,1.008322623162842e-10,1.0083225757063294e-10,1.0083226233939796e-10,1.0083225047478613e-10,4.01875603105037e-14,2.0027301569042835e-07,1.0083225622801184e-10,1.008322623815832e-10,2.0611158707700195e-17,7.839403981463675e-17,7.743674025403828e-17,1.0083225839027952e-10,2.0027301593114023e-07,3.4172364882977066e-17,4.018756021426781e-14,1.0083225054866236e-10,7.747062065639483e-17,1.0083225839027952e-10,1.0083226051794461e-10,2.0460883299001646e-17,4.0187560284651434e-14,2.5226971181680922e-17,2.0611158707700195e-17,3.4172364882977066e-17,1.0083226105918359e-10,2.539441130491592e-17,2.53228687814497e-17,3.870515053148357e-17
0.9999996144197446,2.7116632720632704e-07,1.373396763133241e-10,1.6939820257799174e-10,0.9999984214821633,1.0083225001473384e-10,3.8551459353597323e-10,1.6939820274426303e-10,1.008322507587756e-10,0.9999999010969748,0.9999983281292882,2.595427950799932e-10,0.9999984201200343,0.9999984014923116,0.9999984367771431,0.999998393431155,0.9999984376162759,0.9999983281292876,1.0083225030264907e-10,0.9999984309840981,0.9999983809114626,0.999998437616277,1.0233996157076238e-10,3.884607598642029e-10,3.855145938363603e-10,0.9999984014923116,0.9999984321085548,1.6939820259220364e-10,1.0083224974227056e-10,0.9999983281292877,3.855145938818805e-10,0.9999984014923106,0.9999984196396985,1.0233996113833623e-10,1.0083225015161723e-10,1.2587690436107794e-10,1.0233996116546177e-10,1.6939820270009298e-10,0.999998424648153,1.2587690464644832e-10,1.2587690420861777e-10,1.931738626140257e-10
0.9999996134515396,1.365252028256588e-10,1.3733967594990455e-10,1.6939820241077708e-10,0.9999984205139499,1.0083224972909523e-10,3.855145935491922e-10,1.6939820244015233e-10,1.0083225063470205e-10,0.9999983281292882,0.999999899160546,2.595427950685945e-10,0.9999984191518214,0.9999984005240978,0.9999984358089303,0.9999983924629411,0.9999984366480621,0.9999983271610734,1.008322501561699e-10,0.9999984300158852,0.9999983799432492,0.999998436648063,1.0233996156607392e-10,3.884607601020111e-10,3.85514593486495e-10,0.9999984005240974,0.9999984311403429,1.693982024623304e-10,1.0083224951503446e-10,0.9999983271610737,3.855145935341661e-10,0.9999984005240976,0.9999984186714852,1.0233996106009851e-10,1.008322499336185e-10,1.258769040969317e-10,1.0233996108957624e-10,1.6939820225148962e-10,0.9999984236799395,1.2587690433128824e-10,1.258769043373638e-10,1.9317386227854432e-10
2.007202828094308e-06,7.06911206830583e-17,7.042979128298705e-17,8.776928240939208e-17,5.155038902363149e-07,5.2288984675731883e-17,2.0022109957869086e-16,8.776928240939208e-17,5.252779711251859e-17,2.595427950799932e-10,2.595427950685945e-10,1.5720000624067344e-06,2.5954281775418956e-10,5.155038802814721e-07,5.155038977935564e-07,2.5954281116699207e-10,5.155038981873098e-07,2.5954279498718827e-10,5.252779711251859e-17,5.155038949051158e-07,2.595428082389257e-10,5.155038981873101e-07,5.32081622663389e-17,1.9957575529849553e-16,1.9939665125393556e-16,5.155038802814728e-07,5.155038954583252e-07,8.776928240939208e-17,5.2480806495373047e-17,2.5954279498718827e-10,2.0022109957869086e-16,5.155038802814725e-07,5.155038892523187e-07,5.319283961946219e-17,5.252779711251859e-17,6.534911363683613e-17,5.319283961946219e-17,8.776928240939208e-17,5.155038917537584e-07,6.534911363683613e-17,6.534911363683613e-17,9.935412019836198e-17
0.9999997054420664,1.3652521635669667e-10,1.3733968956877312e-10,3.364587044085008e-07,0.9999985125046749,1.0083225972032264e-10,7.657090787164183e-07,3.3645870479653914e-07,1.0083226055920166e-10,0.9999984201200343,0.9999984191518214,2.5954281775418956e-10,1.0000000831420577,0.9999984925148265,0.9999985277996535,0.9999984844536727,0.9999985286387856,0.9999984191518206,1.0083226008028417e-10,0.9999985220066078,0.9999984719339847,0.9999985286387852,1.0233997150623339e-10,7.715607359203904e-07,7.657090789129995e-07,0.9999984925148258,0.9999985231310643,3.364587046770277e-07,1.0083225971153896e-10,0.9999984191518212,7.657090788089035e-07,0.9999984925148248,0.9999985106622102,1.0233997113999843e-10,1.0083226005644467e-10,1.2587691666909917e-10,1.0233997104599355e-10,3.3645870458759575e-07,0.9999985156706644,1.258769168195089e-10,1.2587691690540942e-10,1.931738797358497e-10
0.999999686814371,1.3652521362821947e-10,1.3733968683963436e-10,1.693982153531283e-10,0.9999984938769546,1.0083225785747131e-10,7.657090635758542e-07,1.6939821558111882e-10,1.0083225839027952e-10,0.9999984014923116,0.9999984005240978,5.155038802814721e-07,0.9999984925148265,1.000000045886615,0.9999985091719313,0.9999984658259519,0.9999985100110647,0.9999984005240976,1.0083225796400032e-10,0.9999985033788872,0.999998453306263,0.9999985100110659,1.0233996953247197e-10,7.715607227781833e-07,7.657090637724353e-07,0.9999984738871044,0.9999985045033447,1.6939821544820266e-10,1.0083225767874104e-10,0.9999984005240978,7.657090636683387e-07,0.9999984738871044,0.9999984920344887,1.0233996909950956e-10,1.0083225802307989e-10,1.2587691418000804e-10,1.0233996901811309e-10,1.6939821526491096e-10,0.9999984970429434,1.258769143011766e-10,1.2587691450490089e-10,3.836819114321073e-07
0.9999997220991387,2.7116635892747623e-07,2.7278406562186905e-07,3.364587102479146e-07,0.9999985291617801,1.008322615741366e-10,7.657090926336465e-07,3.364587106359527e-07,1.008322623162842e-10,0.9999984367771431,0.9999984358089303,5.155038977935564e-07,0.9999985277996535,0.9999985091719313,1.0000001164562782,0.9999985011107796,0.9999985452958905,0.9999984358089297,1.0083226183907064e-10,0.999998538663713,0.9999984885910931,0.9999985452958913,1.0233997338446699e-10,7.71560747089844e-07,7.657090928302276e-07,0.9999985091719321,0.9999985397881702,3.3645871051644066e-07,1.0083226147040979e-10,0.9999984358089297,7.657090927261308e-07,0.9999985091719314,0.9999985273193153,1.0233997285564946e-10,1.0083226185147541e-10,2.5001670826630836e-07,1.0233997282561549e-10,3.364587104270089e-07,0.9999985323277694,2.5001670857116303e-07,2.500167087341367e-07,1.931738828337381e-10
0.999999678753244,1.3652521232090996e-10,1.373396856906489e-10,1.6939821378321317e-10,0.9999984858158016,1.0083225686479246e-10,7.657090564887315e-07,1.6939821414758933e-10,1.0083225757063294e-10,0.999998393431155,0.9999983924629411,2.5954281116699207e-10,0.9999984844536727,0.9999984658259519,0.9999985011107796,1.0000000297643037,0.9999985019499118,0.9999983924629413,1.0083225704086123e-10,0.9999984953177347,0.9999984452451093,0.9999985019499126,1.0233996853237304e-10,7.715607179150108e-07,7.65709056685312e-07,0.9999984658259529,0.999998496442191,1.6939821411811784e-10,1.0083225682620824e-10,0.9999983924629412,7.657090565812161e-07,0.9999984658259515,0.9999984839733358,1.0233996805278165e-10,1.0083225714982409e-10,1.2587691303268194e-10,1.0233996807049386e-10,1.6939821394500236e-10,0.9999984889817892,1.2587691325050832e-10,1.2587691333296277e-10,1.9317387467765442e-10
0.9999997229382691,2.71166359189792e-07,2.7278406587878383e-07,3.3645871055170407e-07,0.9999985300009139,1.0083226163544009e-10,7.657090933844035e-07,3.364587109397422e-07,1.0083226233939796e-10,0.9999984376162759,0.9999984366480621,5.155038981873098e-07,0.9999985286387856,0.9999985100110647,0.9999985452958905,0.9999985019499118,1.0000001181345413,0.9999984366480621,1.0083226192442316e-10,0.9999985395028463,0.9999984894302263,0.9999985461350241,1.0233997339926613e-10,7.71560747576126e-07,7.657090935809842e-07,0.9999985100110647,0.9999985406273029,3.3645871082023025e-07,1.0083226153030834e-10,0.9999984366480634,7.657090934768887e-07,0.9999985100110647,0.9999985281584484,1.02339972901037e-10,1.008322619515555e-10,2.500167085045186e-07,1.0233997303877142e-10,3.3645871073079876e-07,0.9999985331669018,2.500167088093732e-07,2.500167089723469e-07,3.836819250234233e-07
0.9999996134515418,1.365252028256588e-10,1.3733967594990455e-10,1.6939820219931585e-10,0.9999984205139493,1.008322497302985e-10,3.855145936479904e-10,1.693982025304579e-10,1.0083225047478613e-10,0.9999983281292876,0.9999983271610734,2.5954279498718827e-10,0.9999984191518206,0.9999984005240976,0.9999984358089297,0.9999983924629413,0.9999984366480621,0.9999998991605434,1.0083225001431566e-10,0.9999984300158845,0.9999983799432495,0.9999984366480631,1.0233996156607392e-10,3.8846076013427183e-10,3.855145934783488e-10,0.9999984005240972,0.999998431140342,1.6939820236024774e-10,1.0083224944857569e-10,0.9999983271610726,3.8551459357469077e-10,0.9999984005240967,0.999998418671485,1.0233996106009851e-10,1.008322500988595e-10,1.2587690392608656e-10,1.023399610700354e-10,1.6939820219759927e-10,0.9999984236799392,1.2587690449459947e-10,1.2587690441419526e-10,1.9317386227854432e-10
1.6919720608976175e-06,2.7373288209830082e-17,2.7509016760833838e-17,3.419787766988807e-17,1.0083226025523598e-10,4.018755993318631e-14,7.73327909916155e-17,3.3944326839788725e-17,4.01875603105037e-14,1.0083225030264907e-10,1.008322501561699e-10,5.252779711251859e-17,1.0083226008028417e-10,1.0083225796400032e-10,1.0083226183907064e-10,1.0083225704086123e-10,1.0083226192442316e-10,1.0083225001431566e-10,1.5719998329697428e-06,2.0027301481316596e-07,1.0083225586978365e-10,1.008322619196897e-10,2.0611158707700195e-17,7.839403981463675e-17,7.747062065639483e-17,1.0083225796400032e-10,2.0027301505387763e-07,3.3944326839788725e-17,4.0187559862960094e-14,1.0083225030087309e-10,7.707145405396972e-17,1.0083225796400032e-10,1.0083226008226972e-10,2.043141490208556e-17,4.018755993334367e-14,2.539441130491592e-17,2.0425182706545277e-17,3.398495557671361e-17,1.0083226061078365e-10,2.5226971181680922e-17,2.539441130491592e-17,3.8908719960388326e-17
0.9999997163061017,1.3652521799264454e-10,1.3733969114187065e-10,1.6939822050437305e-10,0.9999985233687367,2.0027301421500532e-07,7.657090878978185e-07,1.6939822070238055e-10,2.0027301569042835e-07,0.9999984309840981,0.9999984300158852,5.155038949051158e-07,0.9999985220066078,0.9999985033788872,0.999998538663713,0.9999984953177347,0.9999985395028463,0.9999984300158845,2.0027301481316596e-07,1.00000010487019,0.9999984827980485,0.9999985395028468,2.0326763111623082e-07,7.715607430445926e-07,7.657090880944e-07,0.9999985033788871,0.999998533995125,1.6939822064099095e-10,2.0027301402408057e-07,0.9999984300158853,7.657090879903036e-07,0.9999985033788875,0.999998521526272,2.032676303188039e-07,2.0027301479398394e-07,1.2587691814640383e-10,2.032676302647189e-07,1.6939822060210636e-10,0.9999985265347244,1.258769183000077e-10,1.2587691838199612e-10,3.836819225302304e-07
0.9999996662335996,2.7116634236722767e-07,2.727840492404705e-07,1.6939821151476304e-10,0.9999984732961145,1.0083225548155205e-10,3.855146154825971e-10,1.6939821176582386e-10,1.0083225622801184e-10,0.9999983809114626,0.9999983799432492,2.595428082389257e-10,0.9999984719339847,0.999998453306263,0.9999984885910931,0.9999984452451093,0.9999984894302263,0.9999983799432495,1.0083225586978365e-10,0.9999984827980485,1.0000000047249118,0.9999984894302268,1.0233996723312984e-10,3.884607779672909e-10,3.8551461554933693e-10,0.999998453306264,0.9999984839225052,1.6939821150381967e-10,1.0083225542464152e-10,0.9999983799432489,3.855146157226755e-10,0.9999984533062632,0.9999984714536484,1.0233996683570743e-10,1.0083225576532359e-10,2.500166931429321e-07,1.0233996676359277e-10,1.6939821157534008e-10,0.9999984764621034,2.5001669344778675e-07,2.5001669361076087e-07,1.931738725348882e-10
0.9999997229382711,2.711663591897923e-07,2.727840658787837e-07,3.364587105517043e-07,0.999998530000914,1.0083226160893779e-10,7.657090933844045e-07,3.3645871093974257e-07,1.008322623815832e-10,0.999998437616277,0.999998436648063,5.155038981873101e-07,0.9999985286387852,0.9999985100110659,0.9999985452958913,0.9999985019499126,0.9999985461350241,0.9999984366480631,1.008322619196897e-10,0.9999985395028468,0.9999984894302268,1.0000001181345477,1.0233997340221498e-10,7.715607475761268e-07,7.657090935809849e-07,0.9999985100110661,0.9999985406273035,3.364587108202306e-07,1.0083226153144459e-10,0.9999984366480634,7.657090934768898e-07,0.9999985100110659,0.9999985281584498,1.0233997285043892e-10,1.0083226192165787e-10,2.500167085045188e-07,1.0233997299792887e-10,3.3645871073079897e-07,0.9999985331669027,2.5001670880937347e-07,2.5001670897234716e-07,3.8368192502342396e-07
1.6949666738054449e-06,2.8097742630011916e-17,2.7834289649543574e-17,3.473236045761941e-17,1.0233997161195475e-10,2.0333614132165457e-17,7.857279317176714e-17,3.466784308456139e-17,2.0611158707700195e-17,1.0233996157076238e-10,1.0233996156607392e-10,5.32081622663389e-17,1.0233997150623339e-10,1.0233996953247197e-10,1.0233997338446699e-10,1.0233996853237304e-10,1.0233997339926613e-10,1.0233996156607392e-10,2.0611158707700195e-17,2.0326763111623082e-07,1.0233996723312984e-10,1.0233997340221498e-10,1.5719998348513778e-06,7.919846278441547e-17,7.8576098356031e-17,1.0233996956345819e-10,2.0326763135571167e-07,3.4838315269171135e-17,2.0611158707700195e-17,1.0233996146547176e-10,7.837007662493706e-17,1.0233996937280259e-10,1.0233997146357676e-10,4.142997165454281e-14,2.052506201495647e-17,2.5682252691395615e-17,4.14299715994209e-14,3.473236045761941e-17,1.0233997202955995e-10,2.5586882175466196e-17,2.5682252691395615e-17,3.916780028809439e-17
2.263259558173207e-06,1.0599221469437573e-16,1.0674972368596236e-16,1.313495626335615e-16,7.715607366880548e-07,7.827724634166579e-17,3.0047244671775875e-16,1.3124461971828083e-16,7.839403981463675e-17,3.884607598642029e-10,3.884607601020111e-10,1.9957575529849553e-16,7.715607359203904e-07,7.715607227781833e-07,7.71560747089844e-07,7.715607179150108e-07,7.71560747576126e-07,3.8846076013427183e-10,7.839403981463675e-17,7.715607430445926e-07,3.884607779672909e-10,7.715607475761268e-07,7.919846278441547e-17,1.5720003865748468e-06,2.9996942651656806e-16,7.71560722778183e-07,7.71560743799372e-07,1.31408567248261e-16,7.839403981463675e-17,3.88460760137937e-10,3.0047244671775875e-16,7.715607227781833e-07,7.715607351372625e-07,7.936320985644506e-17,7.807354069880538e-17,9.758979712549119e-17,7.914518325214249e-17,1.313495626335615e-16,7.715607386516562e-07,9.770212212483675e-17,9.772996170828094e-17,1.4934596437925567e-16
2.257407999156767e-06,1.0460058488587042e-16,1.0543425562468778e-16,1.3008980413782236e-16,7.657090801456398e-07,7.750804752744742e-17,5.871674190741991e-13,1.3028538600166255e-16,7.743674025403828e-17,3.855145938363603e-10,3.85514593486495e-10,1.9939665125393556e-16,7.657090789129995e-07,7.657090637724353e-07,7.657090928302276e-07,7.65709056685312e-07,7.657090935809842e-07,3.855145934783488e-10,7.747062065639483e-17,7.657090880944e-07,3.8551461554933693e-10,7.657090935809849e-07,7.8576098356031e-17,2.9996942651656806e-16,1.5720003799297543e-06,7.657090637724361e-07,7.657090890336583e-07,1.3008980413782236e-16,7.728015051476127e-17,3.855145934780375e-10,5.871674191309831e-13,7.65709063772436e-07,7.657090788110188e-07,7.842918301748196e-17,7.750804752744742e-17,9.619584540801978e-17,7.837007662493706e-17,1.3008980413782238e-16,7.657090828943642e-07,9.619584540801978e-17,9.665148458266407e-17,1.4822118578809488e-16
0.9999996868143721,1.3652521365536955e-10,1.3733968684763038e-10,1.6939821526981198e-10,0.9999984938769545,1.0083225785747131e-10,7.65709063575854e-07,1.6939821551943948e-10,1.0083225839027952e-10,0.9999984014923116,0.9999984005240974,5.155038802814728e-07,0.9999984925148258,0.9999984738871044,0.9999985091719321,0.9999984658259529,0.9999985100110647,0.9999984005240972,1.0083225796400032e-10,0.9999985033788871,0.999998453306264,0.9999985100110661,1.0233996956345819e-10,7.71560722778183e-07,7.657090637724361e-07,1.0000000458866176,0.9999985045033443,1.6939821540701473e-10,1.0083225765112507e-10,0.9999984005240977,7.657090636683396e-07,0.9999984738871055,0.9999984920344883,1.02339969037862e-10,1.0083225802976924e-10,1.2587691421165623e-10,1.0233996902876108e-10,1.6939821529997045e-10,0.9999984970429443,1.25876914285128e-10,1.2587691442186997e-10,3.8368191143210745e-07
0.999999717430556,2.7116635759023726e-07,2.727840642903814e-07,3.3645870863145354e-07,0.9999985244931923,2.0027301445571702e-07,7.657090888370766e-07,3.364587090194914e-07,2.0027301593114023e-07,0.9999984321085548,0.9999984311403429,5.155038954583252e-07,0.9999985231310643,0.9999985045033447,0.9999985397881702,0.999998496442191,0.9999985406273029,0.999998431140342,2.0027301505387763e-07,0.999998533995125,0.9999984839225052,0.9999985406273035,2.0326763135571167e-07,7.71560743799372e-07,7.657090890336583e-07,0.9999985045033443,1.0000001071190998,3.3645870889998e-07,2.0027301426479233e-07,0.9999984311403416,7.657090889295619e-07,0.999998504503344,0.9999985226507271,2.032676305582847e-07,2.0027301503469557e-07,2.5001670704054543e-07,2.0326763050419948e-07,3.3645870881054823e-07,0.999998527659181,2.500167073454004e-07,2.5001670750837375e-07,3.836819229516504e-07
1.828157712726236e-06,4.611177706769042e-17,4.6663686121943746e-17,1.1352842830541222e-13,3.364587051728418e-07,3.4172364882977066e-17,1.3008980413782238e-16,1.1352842836768284e-13,3.4172364882977066e-17,1.6939820259220364e-10,1.693982024623304e-10,8.776928240939208e-17,3.364587046770277e-07,1.6939821544820266e-10,3.3645871051644066e-07,1.6939821411811784e-10,3.3645871082023025e-07,1.6939820236024774e-10,3.3944326839788725e-17,1.6939822064099095e-10,1.6939821150381967e-10,3.364587108202306e-07,3.4838315269171135e-17,1.31408567248261e-16,1.3008980413782236e-16,1.6939821540701473e-10,3.3645870889998e-07,1.5719999066709405e-06,3.4172364882977066e-17,1.693982024623304e-10,1.3046682888663735e-16,1.6939821550441302e-10,3.3645870456658526e-07,3.466784308456139e-17,3.419787766988807e-17,4.2448132249904335e-17,3.466784362328616e-17,1.1352842830195412e-13,3.364587063027704e-07,4.2448132249904335e-17,4.2448132249904335e-17,6.529393768163992e-17
1.6919720604233555e-06,2.7373288209830082e-17,2.7486264843696264e-17,3.419787766988807e-17,1.0083225984370174e-10,4.018755983695049e-14,7.722527531823422e-17,3.416279421005749e-17,4.018756021426781e-14,1.0083224974227056e-10,1.0083224951503446e-10,5.2480806495373047e-17,1.0083225971153896e-10,1.0083225767874104e-10,1.0083226147040979e-10,1.0083225682620824e-10,1.0083226153030834e-10,1.0083224944857569e-10,4.0187559862960094e-14,2.0027301402408057e-07,1.0083225542464152e-10,1.0083226153144459e-10,2.0611158707700195e-17,7.839403981463675e-17,7.728015051476127e-17,1.0083225765112507e-10,2.0027301426479233e-07,3.4172364882977066e-17,1.5719998329697428e-06,1.0083224951503446e-10,7.73327909916155e-17,1.0083225771016023e-10,1.0083225959954998e-10,2.0460883299001646e-17,4.01875598371078e-14,2.5226971181680922e-17,2.049028975212183e-17,3.3944326839788725e-17,1.008322602133232e-10,2.5226971181680922e-17,2.5422123166528025e-17,3.892861125962872e-17
0.9999996134515398,1.365252027239886e-10,1.3733967583163337e-10,1.6939820219931585e-10,0.9999984205139489,1.008322498717436e-10,3.8551459356872886e-10,1.693982025304579e-10,1.0083225054866236e-10,0.9999983281292877,0.9999983271610737,2.5954279498718827e-10,0.9999984191518212,0.9999984005240978,0.9999984358089297,0.9999983924629412,0.9999984366480634,0.9999983271610726,1.0083225030087309e-10,0.9999984300158853,0.9999983799432489,0.9999984366480634,1.0233996146547176e-10,3.88460760137937e-10,3.855145934780375e-10,0.9999984005240977,0.9999984311403416,1.693982024623304e-10,1.0083224951503446e-10,0.9999998991605471,3.8551459348337514e-10,0.9999984005240978,0.9999984186714855,1.0233996115135085e-10,1.0083224995101755e-10,1.258769040969317e-10,1.0233996129958567e-10,1.6939820219759927e-10,0.9999984236799391,1.2587690432075994e-10,1.2587690441419526e-10,1.9317386267203248e-10
2.2574079993669458e-06,1.0460058488587042e-16,1.0543425562468778e-16,1.3024326210853069e-16,7.657090800415442e-07,7.734064502294987e-17,5.871674189653857e-13,1.3028538600166255e-16,7.747062065639483e-17,3.855145938818805e-10,3.855145935341661e-10,2.0022109957869086e-16,7.657090788089035e-07,7.657090636683387e-07,7.657090927261308e-07,7.657090565812161e-07,7.657090934768887e-07,3.8551459357469077e-10,7.707145405396972e-17,7.657090879903036e-07,3.855146157226755e-10,7.657090934768898e-07,7.837007662493706e-17,3.0047244671775875e-16,5.871674191309831e-13,7.657090636683396e-07,7.657090889295619e-07,1.3046682888663735e-16,7.73327909916155e-17,3.8551459348337514e-10,1.5720003799297543e-06,7.657090636683394e-07,7.657090787069218e-07,7.837007662493706e-17,7.750804752744742e-17,9.63250882521702e-17,7.837007662493706e-17,1.3028538600166255e-16,7.657090827902684e-07,9.658605277804464e-17,9.63250882521702e-17,1.4835752371753996e-16
0.9999996868143747,1.3652521364287964e-10,1.3733968678748703e-10,1.693982153531283e-10,0.9999984938769546,1.0083225784135079e-10,7.657090635758535e-07,1.6939821557812828e-10,1.0083225839027952e-10,0.9999984014923106,0.9999984005240976,5.155038802814725e-07,0.9999984925148248,0.9999984738871044,0.9999985091719314,0.9999984658259515,0.9999985100110647,0.9999984005240967,1.0083225796400032e-10,0.9999985033788875,0.9999984533062632,0.9999985100110659,1.0233996937280259e-10,7.715607227781833e-07,7.65709063772436e-07,0.9999984738871055,0.999998504503344,1.6939821550441302e-10,1.0083225771016023e-10,0.9999984005240978,7.657090636683394e-07,1.0000000458866125,0.9999984920344883,1.0233996913006785e-10,1.0083225802976924e-10,1.2587691413176586e-10,1.0233996910593846e-10,1.6939821529997045e-10,0.9999984970429433,1.25876914285128e-10,1.2587691441113477e-10,3.836819114321068e-07
0.9999997049617227,1.3652521639664282e-10,2.7278406071290533e-07,3.36458704298059e-07,0.9999985120243386,1.0083225972305646e-10,7.657090786144371e-07,3.3645870468609705e-07,1.0083226051794461e-10,0.9999984196396985,0.9999984186714852,5.155038892523187e-07,0.9999985106622102,0.9999984920344887,0.9999985273193153,0.9999984839733358,0.9999985281584484,0.999998418671485,1.0083226008226972e-10,0.999998521526272,0.9999984714536484,0.9999985281584498,1.0233997146357676e-10,7.715607351372625e-07,7.657090788110188e-07,0.9999984920344883,0.9999985226507271,3.3645870456658526e-07,1.0083225959954998e-10,0.9999984186714855,7.657090787069218e-07,0.9999984920344883,1.0000000821813815,1.0233997104866953e-10,1.0083225998654321e-10,1.258769164723388e-10,1.0233997103571812e-10,3.3645870447715366e-07,0.9999985151903278,1.2587691665675298e-10,1.2587691698716245e-10,3.836819182499953e-07
1.6949666738054443e-06,2.75813490767332e-17,2.8061677392703306e-17,3.451630820209556e-17,1.0233997126592065e-10,2.0142218474317362e-17,7.857336116640425e-17,3.451630820209556e-17,2.0460883299001646e-17,1.0233996113833623e-10,1.0233996106009851e-10,5.319283961946219e-17,1.0233997113999843e-10,1.0233996909950956e-10,1.0233997285564946e-10,1.0233996805278165e-10,1.02339972901037e-10,1.0233996106009851e-10,2.043141490208556e-17,2.032676303188039e-07,1.0233996683570743e-10,1.0233997285043892e-10,4.142997165454281e-14,7.936320985644506e-17,7.842918301748196e-17,1.02339969037862e-10,2.032676305582847e-07,3.466784308456139e-17,2.0460883299001646e-17,1.0233996115135085e-10,7.837007662493706e-17,1.0233996913006785e-10,1.0233997104866953e-10,1.5719998348513778e-06,2.0333614132165457e-17,2.541104276005837e-17,4.1429971466480135e-14,3.473236045761941e-17,1.0233997156885303e-10,2.5682252691395615e-17,2.552575077613183e-17,3.916260133877941e-17
1.691972060917035e-06,2.7316191313783257e-17,2.758399616382446e-17,3.4172364882977066e-17,1.0083226021103058e-10,4.018755990733407e-14,7.750804752744742e-17,3.419787766988807e-17,4.0187560284651434e-14,1.0083225015161723e-10,1.008322499336185e-10,5.252779711251859e-17,1.0083226005644467e-10,1.0083225802307989e-10,1.0083226185147541e-10,1.0083225714982409e-10,1.008322619515555e-10,1.008322500988595e-10,4.018755993334367e-14,2.0027301479398394e-07,1.0083225576532359e-10,1.0083226192165787e-10,2.052506201495647e-17,7.807354069880538e-17,7.750804752744742e-17,1.0083225802976924e-10,2.0027301503469557e-07,3.419787766988807e-17,4.01875598371078e-14,1.0083224995101755e-10,7.750804752744742e-17,1.0083225802976924e-10,1.0083225998654321e-10,2.0333614132165457e-17,1.5719998329697428e-06,2.5322868781459057e-17,2.049028975212183e-17,3.4113361480508565e-17,1.0083226059763289e-10,2.5205037304648424e-17,2.519904482928017e-17,3.877127492555491e-17
1.7417157422224176e-06,6.790044954980529e-14,6.833140496115697e-14,4.269891738435181e-17,1.2587691688365822e-10,2.5422123166528025e-17,9.63250882521702e-17,4.2506823889139765e-17,2.5226971181680922e-17,1.2587690436107794e-10,1.258769040969317e-10,6.534911363683613e-17,1.2587691666909917e-10,1.2587691418000804e-10,2.5001670826630836e-07,1.2587691303268194e-10,2.500167085045186e-07,1.2587690392608656e-10,2.539441130491592e-17,1.2587691814640383e-10,2.500166931429321e-07,2.500167085045188e-07,2.5682252691395615e-17,9.758979712549119e-17,9.619584540801978e-17,1.2587691421165623e-10,2.5001670704054543e-07,4.2448132249904335e-17,2.5226971181680922e-17,1.258769040969317e-10,9.63250882521702e-17,1.2587691413176586e-10,1.258769164723388e-10,2.541104276005837e-17,2.5322868781459057e-17,1.571999857818033e-06,2.5586882175466196e-17,4.2506823889139765e-17,1.2587691731090447e-10,6.26187933469459e-14,6.261879336171239e-14,4.828758522885984e-17
1.6949666738267884e-06,2.75813490767332e-17,2.783428964953604e-17,3.451630820209556e-17,1.0233997126151427e-10,2.0398542749250713e-17,7.857336116640425e-17,3.451630820209556e-17,2.0611158707700195e-17,1.0233996116546177e-10,1.0233996108957624e-10,5.319283961946219e-17,1.0233997104599355e-10,1.0233996901811309e-10,1.0233997282561549e-10,1.0233996807049386e-10,1.0233997303877142e-10,1.023399610700354e-10,2.0425182706545277e-17,2.032676302647189e-07,1.0233996676359277e-10,1.0233997299792887e-10,4.14299715994209e-14,7.914518325214249e-17,7.837007662493706e-17,1.0233996902876108e-10,2.0326763050419948e-07,3.466784362328616e-17,2.049028975212183e-17,1.0233996129958567e-10,7.837007662493706e-17,1.0233996910593846e-10,1.0233997103571812e-10,4.1429971466480135e-14,2.049028975212183e-17,2.5586882175466196e-17,1.5719998348513778e-06,3.4838315269171135e-17,1.0233997154002123e-10,2.552575077613183e-17,2.5586882175466196e-17,3.916780028809439e-17
1.8281577127201968e-06,4.6118828141930643e-17,4.631354848186881e-17,1.1352842824046068e-13,3.3645870508341024e-07,3.4051620257699106e-17,1.3024326210853066e-16,1.1352842830273124e-13,3.4172364882977066e-17,1.6939820270009298e-10,1.6939820225148962e-10,8.776928240939208e-17,3.3645870458759575e-07,1.6939821526491096e-10,3.364587104270089e-07,1.6939821394500236e-10,3.3645871073079876e-07,1.6939820219759927e-10,3.398495557671361e-17,1.6939822060210636e-10,1.6939821157534008e-10,3.3645871073079897e-07,3.473236045761941e-17,1.313495626335615e-16,1.3008980413782238e-16,1.6939821529997045e-10,3.3645870881054823e-07,1.1352842830195412e-13,3.3944326839788725e-17,1.6939820219759927e-10,1.3028538600166255e-16,1.6939821529997045e-10,3.3645870447715366e-07,3.473236045761941e-17,3.4113361480508565e-17,4.2506823889139765e-17,3.4838315269171135e-17,1.5719999066709405e-06,3.364587062133386e-07,4.2484046267881283e-17,4.2448132249904335e-17,6.529393768163992e-17
0.9999997099701695,1.3652521706041752e-10,1.3733969029501374e-10,3.364587060342443e-07,0.999998517032792,1.0083226030621438e-10,7.657090826977831e-07,3.364587064222826e-07,1.0083226105918359e-10,0.999998424648153,0.9999984236799395,5.155038917537584e-07,0.9999985156706644,0.9999984970429434,0.9999985323277694,0.9999984889817892,0.9999985331669018,0.9999984236799392,1.0083226061078365e-10,0.9999985265347244,0.9999984764621034,0.9999985331669027,1.0233997202955995e-10,7.715607386516562e-07,7.657090828943642e-07,0.9999984970429443,0.999998527659181,3.364587063027704e-07,1.008322602133232e-10,0.9999984236799391,7.657090827902684e-07,0.9999984970429433,0.9999985151903278,1.0233997156885303e-10,1.0083226059763289e-10,1.2587691731090447e-10,1.0233997154002123e-10,3.364587062133386e-07,1.000000092198301,1.2587691744705266e-10,1.2587691752047621e-10,3.836819201420212e-07
1.741715742213775e-06,6.790044960198952e-14,6.833140501210866e-14,4.2570303217811163e-17,1.2587691701807085e-10,2.52179634719484e-17,9.619584540801978e-17,4.2506823889139765e-17,2.539441130491592e-17,1.2587690464644832e-10,1.2587690433128824e-10,6.534911363683613e-17,1.258769168195089e-10,1.258769143011766e-10,2.5001670857116303e-07,1.2587691325050832e-10,2.500167088093732e-07,1.2587690449459947e-10,2.5226971181680922e-17,1.258769183000077e-10,2.5001669344778675e-07,2.5001670880937347e-07,2.5586882175466196e-17,9.770212212483675e-17,9.619584540801978e-17,1.25876914285128e-10,2.500167073454004e-07,4.2448132249904335e-17,2.5226971181680922e-17,1.2587690432075994e-10,9.658605277804464e-17,1.25876914285128e-10,1.2587691665675298e-10,2.5682252691395615e-17,2.5205037304648424e-17,6.26187933469459e-14,2.552575077613183e-17,4.2484046267881283e-17,1.2587691744705266e-10,1.571999857818033e-06,6.261879340902124e-14,4.8405414913351155e-17
1.7417157426083006e-06,6.790044961960586e-14,6.833140502707255e-14,4.269891738435181e-17,1.2587691711916933e-10,2.519904482928017e-17,9.658605277804464e-17,4.2448132249904335e-17,2.53228687814497e-17,1.2587690420861777e-10,1.258769043373638e-10,6.534911363683613e-17,1.2587691690540942e-10,1.2587691450490089e-10,2.500167087341367e-07,1.2587691333296277e-10,2.500167089723469e-07,1.2587690441419526e-10,2.539441130491592e-17,1.2587691838199612e-10,2.5001669361076087e-07,2.5001670897234716e-07,2.5682252691395615e-17,9.772996170828094e-17,9.665148458266407e-17,1.2587691442186997e-10,2.5001670750837375e-07,4.2448132249904335e-17,2.5422123166528025e-17,1.2587690441419526e-10,9.63250882521702e-17,1.2587691441113477e-10,1.2587691698716245e-10,2.552575077613183e-17,2.519904482928017e-17,6.261879336171239e-14,2.5586882175466196e-17,4.2448132249904335e-17,1.2587691752047621e-10,6.261879340902124e-14,1.5719998578227948e-06,4.833751459026477e-17
1.8753808979001103e-06,5.2548604817558915e-17,5.31781419096646e-17,6.529393768163992e-17,1.9317387978370014e-10,3.870515053148357e-17,1.4835752371753996e-16,6.533145323935604e-17,3.870515053148357e-17,1.931738626140257e-10,1.9317386227854432e-10,9.935412019836198e-17,1.931738797358497e-10,3.836819114321073e-07,1.931738828337381e-10,1.9317387467765442e-10,3.836819250234233e-07,1.9317386227854432e-10,3.8908719960388326e-17,3.836819225302304e-07,1.931738725348882e-10,3.8368192502342396e-07,3.916780028809439e-17,1.4934596437925567e-16,1.4822118578809488e-16,3.8368191143210745e-07,3.836819229516504e-07,6.529393768163992e-17,3.892861125962872e-17,1.9317386267203248e-10,1.4835752371753996e-16,3.836819114321068e-07,3.836819182499953e-07,3.916260133877941e-17,3.877127492555491e-17,4.828758522885984e-17,3.916780028809439e-17,6.529393768163992e-17,3.836819201420212e-07,4.8405414913351155e-17,4.833751459026477e-17,1.5719999420685054e-06
