1.0000000142859196,1.0000204796613261,1.00002035235182,3.048971034731717e-06,1.0000208495839948,3.0929755473078014e-06,3.019388680290047e-06,3.024320551464049e-06,3.0115366376275126e-06,1.0000204796613206,1.00001978341249,3.0489710377141646e-06,3.1793255699164906e-06,1.0000207540113737,3.066887799507767e-06,3.049384173032081e-06,1.0000208495839953,1.000020849583994,3.0929755476696107e-06,3.1250059683251435e-06,1.0000208495839946,3.082635012083302e-06,3.0803063049949253e-06,3.1356938297602932e-06,1.000020849583996,3.3161661470160282e-06,3.0929755476724148e-06,3.0493841750408196e-06,1.0000205359189946,3.048971032431514e-06,1.0000208495839946,1.0000208495839946,3.0803063049988267e-06,1.0000205359189964,1.0000208356448343,1.000020535918994,3.137687690443722e-06,3.170776266993347e-06,3.021711836498261e-06,3.1867229570676166e-06,3.0193886817132748e-06,3.0929755480131143e-06,3.076465729657871e-06,3.0217118360180265e-06,1.000020754011378,3.1256195369170854e-06,3.1018579478691934e-06,3.024511690842889e-06,3.066887799686665e-06,3.080306304995166e-06,3.1959963686646692e-06,3.092975547181754e-06
1.0000204796613261,1.00002367687087,1.000022141399218,1.0940060988483747e-10,1.0000226388186797,1.30118228387679e-10,9.516120004551739e-11,9.722749191353636e-11,9.016526746564473e-11,1.000022270794266,1.000021572837439,1.0940060965608486e-10,1.736979509484198e-10,1.0000225429400977,1.208860723807351e-10,1.0583080452448798e-10,1.0000226388186793,1.0000226388186793,1.3011822861236113e-10,1.44442967100884e-10,1.0000226388186773,1.2628851597764907e-10,1.2679452714798705e-10,1.5379638964064084e-10,1.0000226388186793,4.84065107031466e-07,1.3011822875346967e-10,1.0583080480995844e-10,1.0000223245970712,1.0940060950852959e-10,1.0000226388186788,1.0000226388186797,1.2679452648693413e-10,1.0000223245970736,1.0000226265972445,1.0000223245970736,1.5357636249818362e-10,3.39022242380643e-07,9.477177429055911e-11,1.785118070347325e-10,9.516120013175999e-11,1.3011822870819344e-10,1.2528255919431942e-10,9.477177352984037e-11,1.0000225429400968,2.874064852142657e-07,2.645370701629265e-07,9.735778171415356e-11,1.2088607247394157e-10,1.267945264728782e-10,3.6436244871546136e-07,1.301182286007658e-10
1.00002035235182,1.000022141399218,1.0000234196931514,1.0848261464537697e-10,1.0000225117893673,2.622113210616919e-07,9.24875441193975e-11,1.9219790140367141e-07,8.944285974609771e-11,1.0000221413992183,1.0000214455274703,1.0848261449184898e-10,3.483914588901673e-07,1.0000224162720894,1.1723665842925486e-10,1.1046896768235593e-10,1.0000225117893666,1.000022511789367,2.6221132152050904e-07,2.943041637634132e-07,1.0000225117893669,2.5191210781437e-07,1.2364771587278242e-10,3.01382944583993e-07,1.0000225117893675,2.4319590689985365e-10,2.6221132178246573e-07,1.1046896795351452e-10,1.0000221981763944,1.0848261405513819e-10,1.0000225117893677,1.000022511789368,1.2364771552628734e-10,1.0000221981763948,1.0000224974819951,1.0000221981763944,3.0623068871789644e-07,1.700430928136981e-10,9.749828842211885e-11,3.539710192066405e-07,9.248754426769866e-11,2.6221132185191455e-07,1.2142139169606844e-10,9.749828752480347e-11,1.0000224162720894,1.4807878568275228e-10,1.3679469310884132e-10,1.892381059460754e-07,1.1723665860788148e-10,1.236477156328048e-10,1.826856605860049e-10,2.6221132155554915e-07
3.048971034731717e-06,1.0940060988483747e-10,1.0848261464537697e-10,1.4058489512666644e-06,1.0894099121210153e-10,-5.672320130589889e-14,-6.173569747075782e-13,4.887577359419799e-13,-5.820181017120261e-13,1.0940060988483747e-10,2.1674452877772835e-07,-2.2846492711998706e-10,-1.4716036199717992e-14,1.0885899488741486e-10,1.3723817245974737e-12,-1.220429658979116e-12,1.0894099118954354e-10,1.0894099101654355e-10,-5.6723026202435777e-14,-1.251093619120265e-12,1.0894099120616357e-10,8.999351368000538e-13,5.174846866743118e-13,-3.7096871264130355e-14,1.0894099101546055e-10,-5.230367296928035e-14,-5.672320130589889e-14,-1.2204294623511983e-12,1.087718307641985e-10,-2.284649271191254e-10,1.0894099101546055e-10,1.0894099120616357e-10,5.174847642686867e-13,1.0877183083094856e-10,1.0937890081059007e-10,1.0877183068595629e-10,3.232071034784382e-13,2.1638012818173738e-14,1.524019403713547e-12,-2.7411342037069222e-14,-6.173569217170083e-13,-5.6722918672960024e-14,5.58148907065139e-13,1.524019403713547e-12,1.0885899488932303e-10,-1.5892407958577817e-12,-7.281152900690007e-13,-8.115549211163996e-13,1.372381585946425e-12,5.174848989469901e-13,3.176439934282743e-14,-5.672320130589889e-14
1.0000208495839948,1.0000226388186797,1.0000225117893673,1.0894099121210153e-10,1.0000244150352482,1.3118462425254603e-10,9.403980464267579e-11,9.64955353227087e-11,9.01815644979477e-11,1.0000226388186804,1.0000219427614865,1.0894099107120033e-10,1.745821466004372e-10,1.000022913420782,1.1765228096016308e-10,1.0953816580825504e-10,1.0000230089583637,1.000023008958365,1.3118462446451768e-10,1.4750851703902155e-10,1.0000230089583637,1.2581440401116687e-10,1.2451811112102772e-10,1.5246916539857612e-10,1.000023008958364,2.433072463572935e-10,1.3118462453957587e-10,1.0953816613067557e-10,1.0000226953585443,1.0894099057227823e-10,1.0000230089583646,1.0000230089583648,1.245181107469896e-10,1.0000226953585463,1.0000229948221069,1.0000226953585465,1.5355864587990407e-10,1.7019024795761252e-10,9.522771090275645e-11,1.782065092102106e-10,9.403980474427926e-11,1.3118462476726023e-10,1.225484155525328e-10,9.522771010639564e-11,1.0000229134207823,1.4785783037502554e-10,1.3582541854372674e-10,9.665927487053416e-11,1.1765228110689735e-10,1.245181106780118e-10,1.8286440324224942e-10,1.311846245266924e-10
3.0929755473078014e-06,1.30118228387679e-10,2.622113210616919e-07,-5.672320130589889e-14,1.3118462425254603e-10,1.4071674469458645e-06,2.959450094268568e-13,-9.560550330939126e-13,7.573320377635135e-13,1.3011822841217539e-10,2.6074918266737615e-07,-5.672279062839419e-14,4.129625008577182e-13,1.313666802428007e-10,-3.2095900195055694e-12,3.2247665868814764e-12,1.3118462422956962e-10,1.3118462425207462e-10,1.0902790364097588e-09,2.978323290706448e-12,1.3118462428805767e-10,-1.3710600106370903e-12,-1.6812387957793149e-12,-1.0809323866187936e-09,1.3118462428805767e-10,3.8537488444024424e-14,1.0902790364096732e-09,3.2247667119695716e-12,1.3154187133176787e-10,-5.672279062839419e-14,1.3118462425254603e-10,1.3118462422956962e-10,-1.681238803740801e-12,1.3154187137360933e-10,1.3019121086775913e-10,1.315418713447502e-10,-8.439738716379224e-10,-1.4328489219535326e-13,-1.7609582660011732e-12,-1.0068824136556597e-13,2.9594448998794114e-13,1.0902790364095582e-09,-1.937599766865618e-12,-1.7609583244109406e-12,1.3136668005443374e-10,3.5451033439590727e-12,2.1971759684588458e-12,7.346473048122977e-13,-3.2095899063447784e-12,-1.6812386507180116e-12,-1.858030898816907e-13,1.0902790364096024e-09
3.019388680290047e-06,9.516120004551739e-11,9.24875441193975e-11,-6.173569747075782e-13,9.403980464267579e-11,2.959450094268568e-13,1.4007284771954616e-06,1.37771500949761e-12,-2.0379639993972158e-12,9.516120004384293e-11,1.8716206811352812e-07,-6.173572097882112e-13,7.136616825248761e-10,9.383132313292982e-11,3.3210623110291752e-12,-2.567134222287164e-12,9.403980458918933e-11,9.403980464267579e-11,2.959442930775969e-13,-2.973065246175516e-12,9.403980468562005e-11,2.942547275796064e-12,7.612261944430971e-13,-7.4696345435322e-13,9.403980458918933e-11,-2.140076142216968e-13,2.9594448998794114e-13,-2.567134420638014e-12,9.359066619045883e-11,-6.173567772752717e-13,9.403980460838222e-11,9.403980458918933e-11,7.612261862173327e-13,9.359066609312872e-11,9.513157245452682e-11,9.359066619879764e-11,2.2421915782481647e-09,-4.4345952509395795e-14,5.5679419421425234e-12,-4.737288214009207e-10,-5.350154738889048e-09,2.9594439775927724e-13,6.915211008240916e-13,5.5679419421425234e-12,9.383132295940512e-11,-4.024901962630885e-12,-1.2467090124780638e-12,-3.1767108087995495e-12,3.321062251493811e-12,7.612261465143877e-13,-3.9447947799259287e-14,2.959442930775969e-13
3.024320551464049e-06,9.722749191353636e-11,1.9219790140367141e-07,4.887577359419799e-13,9.64955353227087e-11,-9.560550330939126e-13,1.37771500949761e-12,1.4068906167058549e-06,3.049651538120601e-13,9.722749194929326e-11,1.920939509171548e-07,4.887575742733217e-13,-1.6115799079109563e-09,9.638182585588102e-11,2.2394272660708078e-12,-2.7613175498307135e-12,9.649553533154424e-11,9.649553534667352e-11,-9.560549747678908e-13,-2.1502193848414308e-12,9.649553533154424e-11,-1.1081442486130188e-10,1.823114906798838e-12,1.2492667692271693e-12,9.649553519650972e-11,8.884724140759895e-14,-9.560548857662809e-13,-2.7613175498307135e-12,9.629894999425703e-11,4.887573706925166e-13,9.649553535233105e-11,9.649553534667352e-11,1.8231148210135644e-12,9.629895002818517e-11,9.714623165148027e-11,9.629894999005029e-11,-1.612317524125759e-13,2.2798885731644096e-13,-1.2600474747669803e-12,5.922236533446432e-10,1.37771500949761e-12,-9.560549376537907e-13,2.2245357968143927e-12,-1.2600475250057762e-12,9.638182595628612e-11,-2.2365049006248784e-12,-2.215192835996753e-12,1.0929662380204297e-12,2.2394273112534913e-12,1.823114846829466e-12,2.836101032223029e-13,-9.56054932497836e-13
3.0115366376275126e-06,9.016526746564473e-11,8.944285974609771e-11,-5.820181017120261e-13,9.01815644979477e-11,7.573320377635135e-13,-2.0379639993972158e-12,3.049651538120601e-13,1.4039818163140503e-06,9.016526747389464e-11,1.7930997968885175e-07,-5.820181017120261e-13,1.3664271542365605e-09,9.016974382292831e-11,-9.561550783016216e-14,7.566948648483762e-13,9.018156448109104e-11,9.01815643272655e-11,7.573320377516692e-13,3.621596118607355e-10,9.018156444767973e-11,2.519708424203282e-09,-8.899504650111814e-13,-1.140199547500788e-12,9.018156448906567e-11,-1.4835041313288372e-13,7.573320377635135e-13,7.566953395224016e-13,9.012401876895304e-11,-5.820181146587001e-13,9.01815643272655e-11,9.018156439940165e-11,-8.899504650111814e-13,9.012401874908937e-11,9.020678608285409e-11,9.012401874911864e-11,5.7830063258239e-13,-1.6962255584101677e-13,3.1629400099777113e-12,-5.905073593475663e-10,-2.037963994999513e-12,7.573320377635135e-13,-2.356727316518701e-09,3.1629400099777113e-12,9.01697437084535e-11,-2.005827880166272e-13,9.468175530913151e-13,-2.0524778814325116e-12,-9.56151954204733e-14,-8.899501558137938e-13,-2.044448015399909e-13,7.573321621433419e-13
1.0000204796613206,1.000022270794266,1.0000221413992183,1.0940060988483747e-10,1.0000226388186804,1.3011822841217539e-10,9.516120004384293e-11,9.722749194929326e-11,9.016526747389464e-11,1.0000236768708686,1.0000215728374398,1.0940060972090668e-10,1.7369795110328218e-10,1.0000225429400973,1.2088607244969614e-10,1.058308046148976e-10,1.0000226388186788,1.0000226388186788,1.301182285792885e-10,1.4444296739606512e-10,1.0000226388186804,1.2628851593436514e-10,1.267945272025031e-10,1.5379638970058202e-10,1.0000226388186793,4.840651070314667e-07,1.3011822866596481e-10,1.0583080480995844e-10,1.000022324597072,1.0940060946358468e-10,1.00002263881868,1.0000226388186804,1.2679452648693413e-10,1.000022324597074,1.0000226265972456,1.000022324597073,1.5357636251619537e-10,3.390222423806429e-07,9.477177427695779e-11,1.7851180695755556e-10,9.516120014275416e-11,1.3011822870819344e-10,1.2528255920888222e-10,9.477177354606418e-11,1.0000225429400984,2.8740648521426584e-07,2.645370701629272e-07,9.735778153178743e-11,1.208860724790849e-10,1.2679452637604202e-10,3.6436244871546115e-07,1.3011822856538288e-10
1.00001978341249,1.000021572837439,1.0000214455274703,2.1674452877772835e-07,1.0000219427614865,2.6074918266737615e-07,1.8716206811352812e-07,1.920939509171548e-07,1.7930997968885175e-07,1.0000215728374398,1.0000222826628644,2.167445283452497e-07,3.470995640858649e-07,1.0000218471885094,2.3466137352785626e-07,2.1715763597037388e-07,1.0000219427614858,1.0000219427614867,2.6074918312619383e-07,2.927797324791083e-07,1.0000219427614867,2.5040860547952377e-07,2.4807992257155683e-07,3.034676841251994e-07,1.0000219427614874,4.839408347065332e-07,2.6074918338814994e-07,2.1715763653430345e-07,1.000021629095316,2.1674452795023825e-07,1.0000219427614867,1.000021942761487,2.4807992156129937e-07,1.0000216290953172,1.0000219288222822,1.000021629095317,3.054615249532023e-07,3.3855024745170644e-07,1.8948519953848122e-07,3.544969879678288e-07,1.8716206831304027e-07,2.6074918345759844e-07,2.4423933421870967e-07,1.894851980718424e-07,1.0000218471885103,2.933934193055711e-07,2.6963173462383146e-07,1.9228514831363765e-07,2.3466137378882737e-07,2.4807992167623014e-07,3.637705212081576e-07,2.607491831612338e-07
3.0489710377141646e-06,1.0940060965608486e-10,1.0848261449184898e-10,-2.2846492711998706e-10,1.0894099107120033e-10,-5.672279062839419e-14,-6.173572097882112e-13,4.887575742733217e-13,-5.820181017120261e-13,1.0940060972090668e-10,2.167445283452497e-07,1.4058489512666644e-06,-1.4716076026427467e-14,1.088589946237633e-10,1.3723812315546516e-12,-1.220429658979116e-12,1.089409910960207e-10,1.0894099083430811e-10,-5.672320130589889e-14,-1.251093619120265e-12,1.0894099083430811e-10,8.999348697677514e-13,5.174846866708341e-13,-3.709685799690084e-14,1.089409910960207e-10,-5.230367296928035e-14,-5.6723026202435777e-14,-1.220429284410559e-12,1.0877183043295625e-10,-2.2846492711989023e-10,1.089409910960207e-10,1.0894099112261629e-10,5.174847857519107e-13,1.0877183049995318e-10,1.0937890059929189e-10,1.0877183060219369e-10,3.2320709790656216e-13,2.1638012672690353e-14,1.524019403713547e-12,-2.7411304373361706e-14,-6.173569747075782e-13,-5.6723026202435777e-14,5.58148907065139e-13,1.524019403713547e-12,1.08858994891553e-10,-1.589240996849671e-12,-7.281152900690007e-13,-8.115551951116379e-13,1.3723817245974737e-12,5.174846866708341e-13,3.1764415108806e-14,-5.6722834760316016e-14
3.1793255699164906e-06,1.736979509484198e-10,3.483914588901673e-07,-1.4716036199717992e-14,1.745821466004372e-10,4.129625008577182e-13,7.136616825248761e-10,-1.6115799079109563e-09,1.3664271542365605e-09,1.7369795110328218e-10,3.470995640858649e-07,-1.4716076026427467e-14,1.406682920754227e-06,1.7473389618794756e-10,-5.286594246453318e-09,5.238632937754071e-09,1.7458214651179437e-10,1.7458214664827943e-10,4.1296249785862964e-13,4.895415464033352e-09,1.7458214659361316e-10,-2.4028428370739596e-09,-2.676384308859171e-09,-3.877457474485799e-13,1.745821465708104e-10,4.025520618658491e-14,4.1296249559369836e-13,5.238632937753443e-09,1.7488182393817485e-10,-1.4716054075289213e-14,1.7458214659361316e-10,1.7458214651703794e-10,-2.6763843088592437e-09,1.7488182389009128e-10,3.456002039928565e-07,1.74881823997331e-10,-7.64353377999279e-10,-2.1769936161878427e-10,-3.255839154673168e-09,-1.3332137673862587e-10,7.136616825243682e-10,4.1296249704394984e-13,-3.0668708009261983e-09,-3.2558391546731303e-09,1.747338962247076e-10,5.8731175380605935e-09,3.5216661326423865e-09,1.4393096947394766e-09,-5.286594246453605e-09,-2.6763843088591527e-09,-1.4282826630861274e-13,4.1296249704394984e-13
1.0000207540113737,1.0000225429400977,1.0000224162720894,1.0885899488741486e-10,1.000022913420782,1.313666802428007e-10,9.383132313292982e-11,9.638182585588102e-11,9.016974382292831e-11,1.0000225429400973,1.0000218471885094,1.088589946237633e-10,1.7473389618794756e-10,1.000024224014666,1.171302294223219e-10,1.1014547730559408e-10,1.000022913420781,1.0000229134207825,1.313666803859049e-10,1.4800460995298617e-10,1.00002291342078,1.257553788411106e-10,1.2413934891876712e-10,1.5223981765118095e-10,1.0000229134207812,4.839114303982495e-07,1.3136668053367253e-10,1.101454775582828e-10,1.000022599919566,1.0885899451924276e-10,1.0000229134207805,1.0000229134207803,1.2413934852355126e-10,1.0000225999195675,1.0000228989768774,1.0000225999195669,1.5356367893173353e-10,1.7014618844477936e-10,9.534439512998315e-11,1.7815325225748487e-10,9.383132315068943e-11,1.3136668060512514e-10,1.220919085171834e-10,9.534439436690151e-11,1.000022817937803,1.4839602929317434e-10,1.3629326463148938e-10,9.651868926692734e-11,1.1713022967214219e-10,1.2413934853833941e-10,1.8280922087134555e-10,1.313666805871916e-10
3.066887799507767e-06,1.208860723807351e-10,1.1723665842925486e-10,1.3723817245974737e-12,1.1765228096016308e-10,-3.2095900195055694e-12,3.3210623110291752e-12,2.2394272660708078e-12,-9.561550783016216e-14,1.2088607244969614e-10,2.3466137352785626e-07,1.3723812315546516e-12,-5.286594246453318e-09,1.171302294223219e-10,1.4256223489079282e-06,-1.124096312670827e-11,1.1765228108566577e-10,1.176522810522336e-10,-3.2095899849251575e-12,-9.314310922637014e-12,1.176522809450484e-10,1.4975112973125793e-12,1.368912981992549e-08,7.927133572919083e-09,1.176522809450484e-10,1.908493100506533e-13,-3.209590007979284e-12,-1.1240963067844911e-11,1.1669869996920336e-10,1.3723817245974737e-12,1.176522810522336e-10,1.176522810522336e-10,1.3689129819925556e-08,1.1669869989106194e-10,1.2058158971170754e-10,1.1669869989106194e-10,7.94391025011098e-14,1.5520100773900767e-09,-1.2477907135433392e-12,1.8208329872175788e-09,3.321062297263495e-12,-3.209590007979284e-12,1.6431422457471353e-08,-1.2477904364632779e-12,1.1713022952494441e-10,-1.0225168619355636e-11,-8.549657451767657e-12,2.0344036311604268e-12,1.954821740875107e-08,1.3689129819925662e-08,9.799611604433891e-13,-3.2095900582258575e-12
3.049384173032081e-06,1.0583080452448798e-10,1.1046896768235593e-10,-1.220429658979116e-12,1.0953816580825504e-10,3.2247665868814764e-12,-2.567134222287164e-12,-2.7613175498307135e-12,7.566948648483762e-13,1.058308046148976e-10,2.1715763597037388e-07,-1.220429658979116e-12,5.238632937754071e-09,1.1014547730559408e-10,-1.124096312670827e-11,1.430845119134128e-06,1.0953816591640104e-10,1.0953816590663756e-10,3.2247667119695716e-12,2.1069331651235995e-08,1.0953816588062132e-10,-2.4988704405627526e-12,-7.366923361462128e-12,-3.8827438617363805e-12,1.0953816588926937e-10,-1.283182709990388e-13,3.224766650379334e-12,2.4772090334484338e-08,1.1066949052105832e-10,-1.2204294623511983e-12,1.0953816592079479e-10,1.0953816588062132e-10,-7.366923588628518e-12,1.1066949052335657e-10,1.061554627044586e-10,1.1066949052181887e-10,-4.460959309290361e-13,-1.57698705023257e-09,-5.063008112193783e-13,-1.7306183963700795e-09,-2.567134222287164e-12,3.2247666333423922e-12,-8.771014595169816e-12,-5.063008511853187e-13,1.1014547727154059e-10,2.361826007711884e-08,1.8388100039808683e-08,-1.0792278688548948e-12,-1.1240963065820714e-11,-7.366923130681341e-12,-1.0009942136617562e-12,3.2247665868814764e-12
1.0000208495839953,1.0000226388186793,1.0000225117893666,1.0894099118954354e-10,1.0000230089583637,1.3118462422956962e-10,9.403980458918933e-11,9.649553533154424e-11,9.018156448109104e-11,1.0000226388186788,1.0000219427614858,1.089409910960207e-10,1.7458214651179437e-10,1.000022913420781,1.1765228108566577e-10,1.0953816591640104e-10,1.0000244150352484,1.0000230089583637,1.3118462433961613e-10,1.4750851698292653e-10,1.0000230089583615,1.2581440400614307e-10,1.245181111809841e-10,1.524691655780415e-10,1.0000230089583617,2.4330724635701124e-10,1.3118462472753767e-10,1.0953816608679136e-10,1.0000226953585443,1.0894099069671596e-10,1.0000230089583617,1.0000230089583624,1.2451811067044274e-10,1.0000226953585443,1.0000229948221055,1.0000226953585438,1.535586457290575e-10,1.7019024791352405e-10,9.522771080200023e-11,1.7820650906197407e-10,9.403980476069087e-11,1.3118462477793856e-10,1.2254841539607646e-10,9.522771010639564e-11,1.0000229134207808,1.4785783029221677e-10,1.358254185439811e-10,9.66592746301461e-11,1.17652281160047e-10,1.2451811068454708e-10,1.8286440310159605e-10,1.3118462481828197e-10
1.000020849583994,1.0000226388186793,1.000022511789367,1.0894099101654355e-10,1.000023008958365,1.3118462425207462e-10,9.403980464267579e-11,9.649553534667352e-11,9.01815643272655e-11,1.0000226388186788,1.0000219427614867,1.0894099083430811e-10,1.7458214664827943e-10,1.0000229134207825,1.176522810522336e-10,1.0953816590663756e-10,1.0000230089583637,1.0000244150352493,1.3118462457155038e-10,1.4750851705434944e-10,1.0000230089583628,1.2581440400614307e-10,1.245181111809841e-10,1.5246916559308878e-10,1.000023008958364,2.433072463572935e-10,1.3118462465368164e-10,1.0953816616266189e-10,1.0000226953585443,1.0894099069671596e-10,1.0000230089583642,1.0000230089583648,1.2451811067044274e-10,1.000022695358546,1.0000229948221064,1.0000226953585454,1.5355864587690425e-10,1.7019024799103385e-10,9.522771087425255e-11,1.782065091269591e-10,9.403980470383096e-11,1.3118462463087986e-10,1.225484154403678e-10,9.52277101043194e-11,1.0000229134207828,1.4785783027373947e-10,1.3582541856549243e-10,9.665927465854272e-11,1.1765228108362335e-10,1.245181106820982e-10,1.8286440322632198e-10,1.3118462481828197e-10
3.0929755476696107e-06,1.3011822861236113e-10,2.6221132152050904e-07,-5.6723026202435777e-14,1.3118462446451768e-10,1.0902790364097588e-09,2.959442930775969e-13,-9.560549747678908e-13,7.573320377516692e-13,1.301182285792885e-10,2.6074918312619383e-07,-5.672320130589889e-14,4.1296249785862964e-13,1.313666803859049e-10,-3.2095899849251575e-12,3.2247667119695716e-12,1.3118462433961613e-10,1.3118462457155038e-10,1.4071674469458645e-06,2.9783230872728734e-12,1.3118462454101007e-10,-1.3710596371206967e-12,-1.681238803740801e-12,-1.0809323866188635e-09,1.3118462433961613e-10,3.8537496625432915e-14,1.0902790364095588e-09,3.2247668400322066e-12,1.315418715348203e-10,-5.6723026202435777e-14,1.3118462446451768e-10,1.311846245687766e-10,-1.6812384993152257e-12,1.3154187153993058e-10,1.3019121092617092e-10,1.31541871551029e-10,-8.43973871638028e-10,-1.4328489219535326e-13,-1.7609582961848367e-12,-1.0068826324987467e-13,2.959443712768084e-13,1.0902790364094438e-09,-1.9375997875334835e-12,-1.760958251699381e-12,1.3136668039891576e-10,3.545103326616624e-12,2.1971759684588458e-12,7.346473048122977e-13,-3.2095900027289293e-12,-1.6812386546168747e-12,-1.8580309786987022e-13,1.0902790364094901e-09
3.1250059683251435e-06,1.44442967100884e-10,2.943041637634132e-07,-1.251093619120265e-12,1.4750851703902155e-10,2.978323290706448e-12,-2.973065246175516e-12,-2.1502193848414308e-12,3.621596118607355e-10,1.4444296739606512e-10,2.927797324791083e-07,-1.251093619120265e-12,4.895415464033352e-09,1.4800460995298617e-10,-9.314310922637014e-12,2.1069331651235995e-08,1.4750851698292653e-10,1.4750851705434944e-10,2.9783230872728734e-12,1.4236093681676493e-06,1.4750851705323942e-10,-3.0427216518463003e-09,-1.2829049688592393e-08,-7.3214032634894416e-09,1.4750851703902155e-10,-1.6809260528421863e-13,2.978323290706448e-12,2.1069331651235357e-08,1.4841775169868833e-10,-1.2510936148783278e-12,1.475085171086468e-10,1.475085170178995e-10,-1.2829049688592431e-08,1.4841775170134754e-10,1.4472824745414165e-10,1.484177517334803e-10,-2.494732252605548e-10,-1.4425714987028675e-09,1.8077678460422203e-09,-1.6755653694898364e-09,-2.9730650822991075e-12,2.9783229473246494e-12,-1.5378927058030328e-08,1.8077678460423566e-09,1.4800460990518023e-10,1.931872202750899e-08,1.596089961383227e-08,-3.4827513233805075e-09,-9.314310922637014e-12,-1.2829049688592398e-08,-9.116225583188645e-13,2.9783232100201356e-12
1.0000208495839946,1.0000226388186773,1.0000225117893669,1.0894099120616357e-10,1.0000230089583637,1.3118462428805767e-10,9.403980468562005e-11,9.649553533154424e-11,9.018156444767973e-11,1.0000226388186804,1.0000219427614867,1.0894099083430811e-10,1.7458214659361316e-10,1.00002291342078,1.176522809450484e-10,1.0953816588062132e-10,1.0000230089583615,1.0000230089583628,1.3118462454101007e-10,1.4750851705323942e-10,1.000024415035247,1.258144040205415e-10,1.245181112168957e-10,1.5246916555962831e-10,1.0000230089583637,2.4330724629411966e-10,1.3118462484352639e-10,1.0953816611396216e-10,1.0000226953585434,1.0894099073338945e-10,1.0000230089583628,1.0000230089583637,1.245181106826994e-10,1.0000226953585434,1.0000229948221058,1.0000226953585438,1.5355864588555252e-10,1.7019024799103385e-10,9.52277108020004e-11,1.7820650917276124e-10,9.403980483409555e-11,1.3118462464646655e-10,1.2254841539607646e-10,9.522771011278419e-11,1.000022913420782,1.478578303165599e-10,1.3582541866200636e-10,9.665927478507819e-11,1.1765228116866768e-10,1.245181106277635e-10,1.828644032390103e-10,1.3118462466380168e-10
3.082635012083302e-06,1.2628851597764907e-10,2.5191210781437e-07,8.999351368000538e-13,1.2581440401116687e-10,-1.3710600106370903e-12,2.942547275796064e-12,-1.1081442486130188e-10,2.519708424203282e-09,1.2628851593436514e-10,2.5040860547952377e-07,8.999348697677514e-13,-2.4028428370739596e-09,1.257553788411106e-10,1.4975112973125793e-12,-2.4988704405627526e-12,1.2581440400614307e-10,1.2581440400614307e-10,-1.3710596371206967e-12,-3.0427216518463003e-09,1.258144040205415e-10,1.4034355616079752e-06,2.0485243875810802e-12,1.9453994213070843e-12,1.2581440415055402e-10,2.070687174610496e-13,-1.3710600106370903e-12,-2.4988707504481617e-12,1.2575022926781857e-10,8.999350893287544e-13,1.2581440401116687e-10,1.2581440409822114e-10,2.0485243875810802e-12,1.2575022913193828e-10,1.2619538727043245e-10,1.2575022924888942e-10,-1.3746984762307363e-09,6.279224290837429e-10,-7.98915303685971e-09,9.733312163606415e-10,2.942547512915012e-12,-1.3710600106370903e-12,5.172115761806826e-09,-7.989153036859532e-09,1.2575537885767821e-10,-1.193156312359211e-12,-2.3516626327064363e-12,5.526548396735114e-09,1.4975113708356603e-12,2.048524240084596e-12,3.860948705970889e-13,-1.3710599945496448e-12
3.0803063049949253e-06,1.2679452714798705e-10,1.2364771587278242e-10,5.174846866743118e-13,1.2451811112102772e-10,-1.6812387957793149e-12,7.612261944430971e-13,1.823114906798838e-12,-8.899504650111814e-13,1.267945272025031e-10,2.4807992257155683e-07,5.174846866708341e-13,-2.676384308859171e-09,1.2413934891876712e-10,1.368912981992549e-08,-7.366923361462128e-12,1.245181111809841e-10,1.245181111809841e-10,-1.681238803740801e-12,-1.2829049688592393e-08,1.245181112168957e-10,2.0485243875810802e-12,1.4143855568638934e-06,3.842862853071083e-09,1.245181112847514e-10,1.938616290880751e-14,-1.6812384993329658e-12,-7.366923015784823e-12,1.2379822388635956e-10,5.174848394149019e-13,1.2451811112102772e-10,1.245181111809841e-10,8.30969489820661e-09,1.2379822386602723e-10,1.2661136313339994e-10,1.237982239133316e-10,5.073247277413349e-13,8.355259159031567e-10,1.5839067998794437e-12,8.283053258839615e-10,7.612261862173327e-13,-1.6812386507180116e-12,9.793044776410954e-09,1.5839067395968885e-12,1.2413934894233768e-10,-1.470467634042485e-08,-5.313519402546458e-12,-1.608839683014208e-13,1.3689129819925192e-08,8.309694898206684e-09,5.342206547856988e-13,-1.6812387350765344e-12
3.1356938297602932e-06,1.5379638964064084e-10,3.01382944583993e-07,-3.7096871264130355e-14,1.5246916539857612e-10,-1.0809323866187936e-09,-7.4696345435322e-13,1.2492667692271693e-12,-1.140199547500788e-12,1.5379638970058202e-10,3.034676841251994e-07,-3.709685799690084e-14,-3.877457474485799e-13,1.5223981765118095e-10,7.927133572919083e-09,-3.8827438617363805e-12,1.524691655780415e-10,1.5246916559308878e-10,-1.0809323866188635e-09,-7.3214032634894416e-09,1.5246916555962831e-10,1.9453994213070843e-12,3.842862853071083e-09,1.4070055477421503e-06,1.52469165522496e-10,-7.551136302127466e-14,-1.0809323866188682e-09,-3.882743892015006e-12,1.520127051221889e-10,-3.709685061145391e-14,1.5246916555908806e-10,1.5246916559308878e-10,3.8428628530710794e-09,1.5201270506953694e-10,1.5371316219950393e-10,1.5201270506953694e-10,1.2661490316574136e-09,2.9305631399758556e-10,2.783203421642967e-12,1.4046824059633686e-10,-7.469634618474779e-13,-1.0809323866190397e-09,4.370047521798066e-09,2.783203400629041e-12,1.52239817618412e-10,-8.868500050670056e-09,-2.5655330408771906e-12,-2.5789513317228993e-09,7.92713357291881e-09,3.842862853071171e-09,1.9394612607805525e-13,-1.0809323866190963e-09
1.000020849583996,1.0000226388186793,1.0000225117893675,1.0894099101546055e-10,1.000023008958364,1.3118462428805767e-10,9.403980458918933e-11,9.649553519650972e-11,9.018156448906567e-11,1.0000226388186793,1.0000219427614874,1.089409910960207e-10,1.745821465708104e-10,1.0000229134207812,1.176522809450484e-10,1.0953816588926937e-10,1.0000230089583617,1.000023008958364,1.3118462433961613e-10,1.4750851703902155e-10,1.0000230089583637,1.2581440415055402e-10,1.245181112847514e-10,1.52469165522496e-10,1.0000244150352466,2.4330724641173224e-10,1.3118462468064995e-10,1.0953816611312906e-10,1.0000226953585445,1.0894099069671556e-10,1.000023008958364,1.0000230089583637,1.2451811059268373e-10,1.0000226953585456,1.000022994822106,1.0000226953585445,1.5355864587690732e-10,1.7019024794851914e-10,9.522771073466177e-11,1.7820650908559923e-10,9.40398047932017e-11,1.3118462472590195e-10,1.2254841553796462e-10,9.522771005781521e-11,1.0000229134207825,1.4785783027373947e-10,1.3582541845344445e-10,9.665927465854272e-11,1.1765228107117072e-10,1.2451811067616846e-10,1.8286440314373338e-10,1.3118462446773387e-10
3.3161661470160282e-06,4.84065107031466e-07,2.4319590689985365e-10,-5.230367296928035e-14,2.433072463572935e-10,3.8537488444024424e-14,-2.140076142216968e-13,8.884724140759895e-14,-1.4835041313288372e-13,4.840651070314667e-07,4.839408347065332e-07,-5.230367296928035e-14,4.025520618658491e-14,4.839114303982495e-07,1.908493100506533e-13,-1.283182709990388e-13,2.4330724635701124e-10,2.433072463572935e-10,3.8537496625432915e-14,-1.6809260528421863e-13,2.4330724629411966e-10,2.070687174610496e-13,1.938616290880751e-14,-7.551136302127466e-14,2.4330724641173224e-10,1.4060443566745516e-06,3.8537496625432915e-14,-1.2831841349605922e-13,4.83880867854562e-07,-5.230367296928035e-14,2.433072463202604e-10,2.433072463202604e-10,1.9386174126355194e-14,4.838808678545635e-07,4.840641949970806e-07,4.83880867854564e-07,8.197824895965658e-14,-7.310090702586787e-15,4.1327181998980975e-13,-2.2176163766647885e-14,-2.1400761944423564e-13,3.8537707857946575e-14,7.034164851995767e-15,4.1327184850649115e-13,4.839114303982487e-07,-2.4013983570335395e-13,-4.603932605584623e-14,-2.4274134399911445e-13,1.908493100506533e-13,1.938617606199892e-14,-1.593648244974243e-11,3.8537496625432915e-14
3.0929755476724148e-06,1.3011822875346967e-10,2.6221132178246573e-07,-5.672320130589889e-14,1.3118462453957587e-10,1.0902790364096732e-09,2.9594448998794114e-13,-9.560548857662809e-13,7.573320377635135e-13,1.3011822866596481e-10,2.6074918338814994e-07,-5.6723026202435777e-14,4.1296249559369836e-13,1.3136668053367253e-10,-3.209590007979284e-12,3.224766650379334e-12,1.3118462472753767e-10,1.3118462465368164e-10,1.0902790364095588e-09,2.978323290706448e-12,1.3118462484352639e-10,-1.3710600106370903e-12,-1.6812384993329658e-12,-1.0809323866188682e-09,1.3118462468064995e-10,3.8537496625432915e-14,1.4071674469458645e-06,3.224766817848979e-12,1.315418715639264e-10,-5.6722757124371784e-14,1.3118462468064995e-10,1.3118462457274987e-10,-1.6812388088186142e-12,1.3154187169724733e-10,1.301912111865975e-10,1.315418715639264e-10,-8.439738716380721e-10,-1.4328482404420053e-13,-1.760958251699381e-12,-1.0068833650781865e-13,2.959443712768084e-13,1.0902790364093613e-09,-1.937599867124175e-12,-1.7609582813526264e-12,1.3136668050672544e-10,3.545103356735285e-12,2.197176081882441e-12,7.346473048122977e-13,-3.20959018076003e-12,-1.6812387098620535e-12,-1.858031390484622e-13,1.090279036409408e-09
3.0493841750408196e-06,1.0583080480995844e-10,1.1046896795351452e-10,-1.2204294623511983e-12,1.0953816613067557e-10,3.2247667119695716e-12,-2.567134420638014e-12,-2.7613175498307135e-12,7.566953395224016e-13,1.0583080480995844e-10,2.1715763653430345e-07,-1.220429284410559e-12,5.238632937753443e-09,1.101454775582828e-10,-1.1240963067844911e-11,2.4772090334484338e-08,1.0953816608679136e-10,1.0953816616266189e-10,3.2247668400322066e-12,2.1069331651235357e-08,1.0953816611396216e-10,-2.4988707504481617e-12,-7.366923015784823e-12,-3.882743892015006e-12,1.0953816611312906e-10,-1.2831841349605922e-13,3.224766817848979e-12,1.430845119134128e-06,1.106694908064643e-10,-1.2204294623511983e-12,1.095381660457143e-10,1.0953816616266189e-10,-7.366923130681341e-12,1.1066949080331356e-10,1.061554628487261e-10,1.1066949080426812e-10,-4.4609575654225387e-13,-1.57698705023323e-09,-5.063015811751156e-13,-1.7306183963706647e-09,-2.567134420638014e-12,3.2247666333423922e-12,-8.771014595169816e-12,-5.063009903648905e-13,1.1014547756456763e-10,2.3618260077118095e-08,1.8388100039807946e-08,-1.0792278688548948e-12,-1.1240962986009235e-11,-7.366922817203581e-12,-1.0009941420216646e-12,3.224766650379334e-12
1.0000205359189946,1.0000223245970712,1.0000221981763944,1.087718307641985e-10,1.0000226953585443,1.3154187133176787e-10,9.359066619045883e-11,9.629894999425703e-11,9.012401876895304e-11,1.000022324597072,1.000021629095316,1.0877183043295625e-10,1.7488182393817485e-10,1.000022599919566,1.1669869996920336e-10,1.1066949052105832e-10,1.0000226953585443,1.0000226953585443,1.315418715348203e-10,1.4841775169868833e-10,1.0000226953585434,1.2575022926781857e-10,1.2379822388635956e-10,1.520127051221889e-10,1.0000226953585445,4.83880867854562e-07,1.315418715639264e-10,1.106694908064643e-10,1.0000237880111709,1.0877183043273257e-10,1.000022695358545,1.000022695358545,1.237982233792622e-10,1.0000223819343492,1.0000226806639885,1.0000223819343486,1.5358753744292436e-10,1.7010422266509672e-10,9.554814688042819e-11,1.7809939119721767e-10,9.359066625926802e-11,1.3154187171833405e-10,1.2167692554273483e-10,9.554814605404512e-11,1.0000225999195658,1.488306409049179e-10,1.367093637583171e-10,9.633323193018441e-11,1.1669869998077725e-10,1.2379822353049147e-10,3.6350226492576344e-07,1.3154187156121658e-10
3.048971032431514e-06,1.0940060950852959e-10,1.0848261405513819e-10,-2.284649271191254e-10,1.0894099057227823e-10,-5.672279062839419e-14,-6.173567772752717e-13,4.887573706925166e-13,-5.820181146587001e-13,1.0940060946358468e-10,2.1674452795023825e-07,-2.2846492711989023e-10,-1.4716054075289213e-14,1.0885899451924276e-10,1.3723817245974737e-12,-1.2204294623511983e-12,1.0894099069671596e-10,1.0894099069671596e-10,-5.6723026202435777e-14,-1.2510936148783278e-12,1.0894099073338945e-10,8.999350893287544e-13,5.174848394149019e-13,-3.709685061145391e-14,1.0894099069671556e-10,-5.230367296928035e-14,-5.6722757124371784e-14,-1.2204294623511983e-12,1.0877183043273257e-10,1.4058489512666644e-06,1.0894099069955842e-10,1.0894099073336621e-10,5.174847857519107e-13,1.0877183031535883e-10,1.0937890038415087e-10,1.0877183040293485e-10,3.2320709183258694e-13,2.163801558560169e-14,1.5240191598181649e-12,-2.7411341487725714e-14,-6.173569748110946e-13,-5.6723029151159e-14,5.581488443647058e-13,1.524019403713547e-12,1.088589944338983e-10,-1.589240898752009e-12,-7.281152786447706e-13,-8.115551951116379e-13,1.3723812837774085e-12,5.17484872515727e-13,3.1764353782825344e-14,-5.672320130589889e-14
1.0000208495839946,1.0000226388186788,1.0000225117893677,1.0894099101546055e-10,1.0000230089583646,1.3118462425254603e-10,9.403980460838222e-11,9.649553535233105e-11,9.01815643272655e-11,1.00002263881868,1.0000219427614867,1.089409910960207e-10,1.7458214659361316e-10,1.0000229134207805,1.176522810522336e-10,1.0953816592079479e-10,1.0000230089583617,1.0000230089583642,1.3118462446451768e-10,1.475085171086468e-10,1.0000230089583628,1.2581440401116687e-10,1.2451811112102772e-10,1.5246916555908806e-10,1.000023008958364,2.433072463202604e-10,1.3118462468064995e-10,1.095381660457143e-10,1.000022695358545,1.0894099069955842e-10,1.000024415035247,1.0000230089583637,1.2451811065600286e-10,1.0000226953585443,1.0000229948221058,1.0000226953585445,1.5355864588509328e-10,1.7019024795761252e-10,9.522771091151315e-11,1.782065091180307e-10,9.403980465870753e-11,1.31184624618519e-10,1.225484154403678e-10,9.52277099834095e-11,1.0000229134207812,1.4785783029222287e-10,1.358254184598578e-10,9.665927468443049e-11,1.17652281120434e-10,1.2451811067896586e-10,1.828644032058678e-10,1.3118462446773387e-10
1.0000208495839946,1.0000226388186797,1.000022511789368,1.0894099120616357e-10,1.0000230089583648,1.3118462422956962e-10,9.403980458918933e-11,9.649553534667352e-11,9.018156439940165e-11,1.0000226388186804,1.000021942761487,1.0894099112261629e-10,1.7458214651703794e-10,1.0000229134207803,1.176522810522336e-10,1.0953816588062132e-10,1.0000230089583624,1.0000230089583648,1.311846245687766e-10,1.475085170178995e-10,1.0000230089583637,1.2581440409822114e-10,1.245181111809841e-10,1.5246916559308878e-10,1.0000230089583637,2.433072463202604e-10,1.3118462457274987e-10,1.0953816616266189e-10,1.000022695358545,1.0894099073336621e-10,1.0000230089583637,1.000024415035247,1.2451811058876835e-10,1.0000226953585454,1.0000229948221053,1.000022695358545,1.5355864587690425e-10,1.701902479458567e-10,9.522771079904255e-11,1.7820650910250794e-10,9.403980483409555e-11,1.311846246766125e-10,1.2254841549959507e-10,9.522770998757312e-11,1.0000229134207816,1.478578303086408e-10,1.3582541851582623e-10,9.66592746301461e-11,1.1765228104985264e-10,1.2451811068794348e-10,1.828644032390103e-10,1.3118462452456689e-10
3.0803063049988267e-06,1.2679452648693413e-10,1.2364771552628734e-10,5.174847642686867e-13,1.245181107469896e-10,-1.681238803740801e-12,7.612261862173327e-13,1.8231148210135644e-12,-8.899504650111814e-13,1.2679452648693413e-10,2.4807992156129937e-07,5.174847857519107e-13,-2.6763843088592437e-09,1.2413934852355126e-10,1.3689129819925556e-08,-7.366923588628518e-12,1.2451811067044274e-10,1.2451811067044274e-10,-1.6812384993152257e-12,-1.2829049688592431e-08,1.245181106826994e-10,2.0485243875810802e-12,8.30969489820661e-09,3.8428628530710794e-09,1.2451811059268373e-10,1.9386174126355194e-14,-1.6812388088186142e-12,-7.366923130681341e-12,1.237982233792622e-10,5.174847857519107e-13,1.2451811065600286e-10,1.2451811058876835e-10,1.4143855568638934e-06,1.2379822339445552e-10,1.266113626595917e-10,1.2379822335829245e-10,5.073248693304903e-13,8.355259159031437e-10,1.5839067395968885e-12,8.283053258839001e-10,7.612263960589575e-13,-1.6812384993329658e-12,9.793044776411042e-09,1.5839068973198143e-12,1.2413934840694886e-10,-1.4704676340424855e-08,-5.313519229822038e-12,-1.6088497796654939e-13,1.3689129819925281e-08,8.309694898206755e-09,5.342206049404319e-13,-1.6812385013950397e-12
1.0000205359189964,1.0000223245970736,1.0000221981763948,1.0877183083094856e-10,1.0000226953585463,1.3154187137360933e-10,9.359066609312872e-11,9.629895002818517e-11,9.012401874908937e-11,1.000022324597074,1.0000216290953172,1.0877183049995318e-10,1.7488182389009128e-10,1.0000225999195675,1.1669869989106194e-10,1.1066949052335657e-10,1.0000226953585443,1.000022695358546,1.3154187153993058e-10,1.4841775170134754e-10,1.0000226953585434,1.2575022913193828e-10,1.2379822386602723e-10,1.5201270506953694e-10,1.0000226953585456,4.838808678545635e-07,1.3154187169724733e-10,1.1066949080331356e-10,1.0000223819343492,1.0877183031535883e-10,1.0000226953585443,1.0000226953585454,1.2379822339445552e-10,1.0000237880111735,1.0000226806639883,1.0000223819343503,1.5358753732805285e-10,1.701042226154026e-10,9.554814681661992e-11,1.7809939120205257e-10,9.359066624080766e-11,1.315418716979608e-10,1.2167692551251575e-10,9.554814605237728e-11,1.0000225999195689,1.488306409049179e-10,1.3670936377456902e-10,9.633323187124838e-11,1.1669869998077725e-10,1.2379822352325992e-10,3.6350226492576344e-07,1.3154187152855155e-10
