1.0000000092760895,5.4506956135636477e-08,6.820518994064722e-08,6.507384731172384e-08,6.304551649791953e-08,5.766683513287537e-08,0.9999983874836544,0.9999983874836507,6.507385087031627e-08,2.468641619166644e-08,7.539424833406208e-08,6.696625784595379e-08,4.76139255542882e-08,5.165796755017684e-08,3.838811112171225e-08,0.9999978385394157,4.9229486123301315e-08,6.08487817722495e-08,6.454317556944786e-08,6.820518679869396e-08,6.593966486482745e-08,0.9999983874836517,0.9999983573949062,0.9999983874836509,6.175126993850434e-08,6.447789121170692e-08,0.9999983874836509,0.9999976119219169,3.548960861535251e-08,6.593966486482194e-08,6.084878064414369e-08,9.49336305960953e-08,4.9229484966002165e-08,0.9999983874836473,0.9999983874836509,3.013544435216233e-08,4.011032724597474e-08,9.35735903254445e-08,6.175126977432154e-08
5.4506956135636477e-08,3.111634337731552e-06,3.590688358120403e-18,5.055021204704732e-18,3.61085799295872e-18,9.129060909430382e-15,-5.3143736448096425e-11,-5.3143736663092124e-11,5.055021204704732e-18,5.422622628562742e-18,7.588668310868571e-15,8.24799852380273e-15,5.829678145026539e-18,4.855111370934278e-18,5.148160824585032e-18,-5.31437109175125e-11,5.1394940383378975e-18,3.7835317137420864e-18,8.37664773551756e-15,4.242838797134605e-18,3.538423981961561e-18,-5.3143736834753246e-11,-5.314373506160413e-11,-5.3143736723916375e-11,4.6460080787716715e-18,4.028731064372501e-18,-5.3143736663092124e-11,-1.0549497707968541e-07,5.775517320873981e-18,4.324503954591223e-18,3.7835317137420864e-18,5.96678542705497e-15,5.1394940383378975e-18,-5.3143736663092124e-11,-5.3143736834753246e-11,5.362158452251736e-18,5.218461072261539e-18,6.12143262693011e-15,4.425714428413544e-18
6.820518994064722e-08,3.590688358120403e-18,3.1116343383099758e-06,7.332058168733909e-15,3.8648446994547765e-18,3.182199719455959e-18,-4.624325455836603e-11,-4.624325473603451e-11,2.7912792581373526e-18,5.314754644671033e-18,3.121976312445503e-18,3.639647295186059e-18,4.482798584041293e-18,4.258076311909274e-18,5.055864544859148e-18,-4.6243232367445595e-11,3.7782063940603565e-18,4.1410501025338856e-18,3.616279770000004e-18,7.1160053270194e-15,7.284492332115199e-15,-4.624325459757284e-11,-4.624325372245425e-11,-4.624325473603451e-11,4.0365610962783884e-18,3.757174840839747e-18,-4.624325455836603e-11,-9.179691028189814e-08,4.538416497454212e-18,7.2844924991957e-15,3.6014388489165214e-18,5.2063241278875045e-15,3.7782063940603565e-18,-4.624325455836603e-11,-4.624325455836603e-11,5.035579701895072e-18,4.2247405079579554e-18,5.340880712079412e-15,4.178339427274012e-18
6.507384731172384e-08,5.055021204704732e-18,7.332058168733909e-15,3.111634333337817e-06,7.707040874544873e-15,3.769937631078397e-18,-4.7820662589704604e-11,-4.782066258284029e-11,7.554557369263235e-15,5.163358988652194e-18,6.8117389148685315e-15,3.7173961872931984e-18,4.457506328794263e-18,4.816911744513539e-18,4.679066290201962e-18,-4.7820639558273995e-11,4.418670741406634e-18,3.6362531564880976e-18,3.7869004140902456e-18,2.7912792581373526e-18,3.877037285643833e-18,-4.7820662617392484e-11,-4.7820661619401725e-11,-4.7820662589704604e-11,3.3417268648169407e-18,3.724963702973752e-18,-4.7820662589704604e-11,-9.492820445804179e-08,4.378312012768862e-18,3.877037285643833e-18,3.3592584269220795e-18,5.364170661770968e-15,4.883181337632771e-18,-4.782066247897104e-11,-4.7820662617392484e-11,4.463114992226485e-18,3.810992806743917e-18,5.5035050298385126e-15,3.3417268648168036e-18
6.304551649791953e-08,3.61085799295872e-18,3.8648446994547765e-18,7.707040874544873e-15,3.1116343376321533e-06,3.489938193812308e-18,-4.88424380568015e-11,-4.884243820323916e-11,7.70704227953036e-15,4.954734069554484e-18,6.948946122396994e-15,3.732755339284712e-18,4.5429271879262834e-18,4.226246969721779e-18,4.331985059948864e-18,-4.88424146125183e-11,4.395450597925606e-18,4.446374350885361e-18,3.807995444980236e-18,3.8306119283137164e-18,3.424629920299885e-18,-4.88424381617326e-11,-4.884243658533336e-11,-4.884243780842722e-11,3.706775103578651e-18,4.201712309846251e-18,-4.88424381617326e-11,-9.695651941462447e-08,4.535557581148624e-18,3.424629920299885e-18,4.4463743509201384e-18,5.471433780237481e-15,4.395450597925606e-18,-4.884243820510876e-11,-4.884243780842722e-11,5.161927959165581e-18,4.970801346054448e-18,5.613804769996011e-15,3.476262776818505e-18
5.766683513287537e-08,9.129060909430382e-15,3.182199719455959e-18,3.769937631078397e-18,3.489938193812308e-18,3.111634333017272e-06,-5.155194808125283e-11,-5.1551948000787107e-11,3.769937631078397e-18,1.140801039479925e-14,7.378792758408772e-15,8.021136863805062e-15,4.391265818535207e-18,4.0336870905739906e-18,4.944909084131997e-18,-5.155192294145096e-11,4.653503239924912e-18,4.292645695378707e-18,8.1469161052529e-15,3.661415799212128e-18,4.358524903703741e-18,-5.155194802753479e-11,-5.155194580310299e-11,-5.1551948000727996e-11,4.263457170639708e-18,4.146341172218846e-18,-5.1551948000787107e-11,-1.0233513590025151e-07,5.6132306400133274e-18,3.998891181559434e-18,3.996888150431433e-18,5.802438658467372e-15,4.653503239924912e-18,-5.1551948000787107e-11,-5.1551948000727996e-11,5.5724939703098725e-18,4.966929588297791e-18,5.9523237304313994e-15,4.263457170639708e-18
0.9999983874836544,-5.3143736448096425e-11,-4.624325455836603e-11,-4.7820662589704604e-11,-4.88424380568015e-11,-5.155194808125283e-11,0.9999899750761329,0.9999868634423414,-4.782066535374986e-11,-6.81658392233556e-11,-4.262176433464245e-11,-4.6867369288937214e-11,-5.6616105369625115e-11,-5.457891787988862e-11,-6.126360522546454e-11,0.999986314504295,-5.580226439227004e-11,-4.994904472070505e-11,-4.808799659470381e-11,-4.6243256020995536e-11,-4.7384508862895984e-11,0.9999868634423427,0.9999868333539315,0.9999868634423424,-4.949441843357506e-11,-4.812088049061903e-11,0.9999868634423417,0.9999860878893544,-6.272372953030278e-11,-4.7384508719049605e-11,-4.994904469398739e-11,-3.27788040543466e-11,-5.580226430324231e-11,0.9999868634423424,0.9999868634423419,-6.542088767375491e-11,-6.039603933380756e-11,-3.346392435875472e-11,-4.9494418050043496e-11
0.9999983874836507,-5.3143736663092124e-11,-4.624325473603451e-11,-4.782066258284029e-11,-4.884243820323916e-11,-5.1551948000787107e-11,0.9999868634423414,0.9999899750761336,-4.782066540556444e-11,-6.81658392011135e-11,-4.262176433464245e-11,-4.6867369288937214e-11,-5.661610521035871e-11,-5.457891777755378e-11,-6.126360512343393e-11,0.9999863145042952,-5.580226470198912e-11,-4.9949044653664845e-11,-4.808799657943977e-11,-4.6243255595544985e-11,-4.7384508862895984e-11,0.9999868634423422,0.9999868333539315,0.9999868634423437,-4.949441805059723e-11,-4.8120880297370547e-11,0.999986863442342,0.9999860878893544,-6.272372944328969e-11,-4.7384508840745043e-11,-4.9949044776359725e-11,-3.277880396871804e-11,-5.580226462901397e-11,0.9999868634423434,0.999986863442343,-6.542088762640339e-11,-6.03960394696449e-11,-3.3463923999965365e-11,-4.949441809635411e-11
6.507385087031627e-08,5.055021204704732e-18,2.7912792581373526e-18,7.554557369263235e-15,7.70704227953036e-15,3.769937631078397e-18,-4.782066535374986e-11,-4.782066540556444e-11,3.111634333337817e-06,5.0526639277233366e-18,6.811740177215191e-15,3.517798191823587e-18,4.487969443576044e-18,4.264200762990373e-18,4.679066293896078e-18,-4.7820642339593015e-11,4.883181337632771e-18,3.8112635540452235e-18,3.795567520721744e-18,7.332059689899073e-15,4.431870647127017e-18,-4.782066556094888e-11,-4.7820664418557944e-11,-4.7820665453659167e-11,3.659003600531087e-18,3.727108176270198e-18,-4.7820665453659167e-11,-9.492821017057172e-08,4.898181204012894e-18,4.431870647127017e-18,3.8112635540452235e-18,5.364171708617012e-15,4.418670741406634e-18,-4.782066539543997e-11,-4.7820665453659167e-11,5.128912224790026e-18,3.820068930886893e-18,5.503506079059325e-15,4.05993596820164e-18
2.468641619166644e-08,5.422622628562742e-18,5.314754644671033e-18,5.163358988652194e-18,4.954734069554484e-18,1.140801039479925e-14,-6.81658392233556e-11,-6.81658392011135e-11,5.0526639277233366e-18,3.1116343420296943e-06,4.2429224485116925e-18,4.837086388419067e-18,6.6798153562458894e-18,5.379777057372578e-18,7.042431426158722e-18,-1.3531519497302013e-07,5.9795175085605964e-18,5.802974261122225e-18,5.388730770656577e-18,5.200739576922867e-18,5.267598907518682e-18,-6.81658392233556e-11,-1.35315255601057e-07,-6.81658392233556e-11,1.0790897735241705e-14,5.2885876018404064e-18,-6.816583954536515e-11,-1.3531516852696558e-07,7.254739118791668e-18,5.205909680580113e-18,5.797849684801497e-18,3.71641269932119e-18,5.9795175085605964e-18,-6.816583954536515e-11,-6.81658392233556e-11,7.488356303701587e-18,7.171875994468898e-18,4.2063931565279985e-18,1.0790897594116331e-14
7.539424833406208e-08,7.588668310868571e-15,3.121976312445503e-18,6.8117389148685315e-15,6.948946122396994e-15,7.378792758408772e-15,-4.262176433464245e-11,-4.262176433464245e-11,6.811740177215191e-15,4.2429224485116925e-18,3.11163433398723e-06,6.6787970322925396e-15,4.08193238875756e-18,4.2288737761926264e-18,4.5942538846179195e-18,-4.2621743487449355e-11,3.93306350482528e-18,3.557111454064234e-18,2.6438592411627257e-18,3.2429967440395365e-18,3.4268915725295754e-18,-4.262176433464245e-11,-4.262176345079392e-11,-4.26217642798377e-11,3.629094776167198e-18,3.421417681112211e-18,-4.26217642798377e-11,-8.460793198355309e-08,4.3547888377289314e-18,3.4268915725295754e-18,3.557111454064234e-18,4.83824423608286e-15,3.982841277769893e-18,-4.262176433464245e-11,-4.262176436293794e-11,4.505311828495969e-18,3.7040585921033244e-18,4.961897901729506e-15,3.629094877499424e-18
6.696625784595379e-08,8.24799852380273e-15,3.639647295186059e-18,3.7173961872931984e-18,3.732755339284712e-18,8.021136863805062e-15,-4.6867369288937214e-11,-4.6867369288937214e-11,3.517798191823587e-18,4.837086388419067e-18,6.6787970322925396e-15,3.1116343351241527e-06,8.652209545151929e-15,8.352711616447789e-15,5.3764068294681485e-18,-9.303584673663725e-08,4.095763214166353e-18,3.1923811079048317e-18,7.364571148379697e-15,3.639647295186059e-18,3.369639387071088e-18,-4.6867369288937214e-11,-4.686736793591522e-11,-4.68673692809035e-11,3.86202077054627e-18,7.43455732395471e-15,-4.686736957466732e-11,-9.30358283015183e-08,4.7202475519849126e-18,3.510454671310923e-18,3.853487267172713e-18,5.269254647339669e-15,4.4662543529551006e-18,-4.6867369459854326e-11,-4.6867369288937214e-11,3.845917480681658e-18,9.142784402188237e-15,5.405846171295099e-15,3.962502008232324e-18
4.76139255542882e-08,5.829678145026539e-18,4.482798584041293e-18,4.457506328794263e-18,4.5429271879262834e-18,4.391265818535207e-18,-5.6616105369625115e-11,-5.661610521035871e-11,4.487969443576044e-18,6.6798153562458894e-18,4.08193238875756e-18,8.652209545151929e-15,3.1116343366597133e-06,9.965954172823534e-15,5.3931707479242165e-18,-1.1238795378523688e-07,5.743966240796811e-18,4.386847003327306e-18,8.77827881751356e-15,4.056827667223465e-18,4.7593193014509296e-18,-5.661610521035752e-11,-5.66161036482166e-11,-5.6616105369625115e-11,4.117497871848045e-18,5.406492648895581e-18,-5.661610531886706e-11,-1.123879316521132e-07,5.382161046677162e-18,4.546503501539172e-18,4.5117345088692584e-18,3.559928840798639e-18,5.1805494667490614e-18,-5.6616105078832007e-11,-5.6616105369625115e-11,5.84386409447608e-18,1.0910883162983868e-14,3.1382472006590877e-18,4.948228647339983e-18
5.165796755017684e-08,4.855111370934278e-18,4.258076311909274e-18,4.816911744513539e-18,4.226246969721779e-18,4.0336870905739906e-18,-5.457891787988862e-11,-5.457891777755378e-11,4.264200762990373e-18,5.379777057372578e-18,4.2288737761926264e-18,8.352711616447789e-15,9.965954172823534e-15,3.1116343376362085e-06,1.0723734496355313e-14,-1.0834395539577849e-07,4.112580729310406e-18,4.5342410015718794e-18,8.474436952603972e-15,3.946840031460511e-18,4.682093524234458e-18,-5.457891750757509e-11,-5.457891643005771e-11,-5.457891777755378e-11,4.1268512894059544e-18,4.173802710842031e-18,-5.457891777755378e-11,-1.0834393404909222e-07,5.597005461207355e-18,4.738225090319835e-18,4.1211326234894146e-18,3.4040641439247915e-18,5.414939513666378e-18,-5.457891775442242e-11,-5.457891777755378e-11,6.264491668073973e-18,6.8665302367883516e-18,3.4855399166386324e-18,4.1268512894059544e-18
3.838811112171225e-08,5.148160824585032e-18,5.055864544859148e-18,4.679066290201962e-18,4.331985059948864e-18,4.944909084131997e-18,-6.126360522546454e-11,-6.126360512343393e-11,4.679066293896078e-18,7.042431426158722e-18,4.5942538846179195e-18,5.3764068294681485e-18,5.3931707479242165e-18,1.0723734496355313e-14,3.1116343381356344e-06,-1.2161365353706236e-07,4.974641679366546e-18,4.52539206011464e-18,9.442141195358178e-15,5.055864544859148e-18,4.300433780746412e-18,-6.126360525680855e-11,-6.126360350192913e-11,-6.126360525680855e-11,4.299989049247154e-18,4.559897934564028e-18,-6.126360498387761e-11,-1.2161362965730654e-07,6.117743030386334e-18,4.300433780746412e-18,4.877699617524713e-18,3.4343773540633304e-18,4.9746416770428984e-18,-6.126360512343393e-11,-6.126360525680855e-11,6.96567669699384e-18,5.298439399949565e-18,3.372943587983525e-18,4.721318287430551e-18
0.9999978385394157,-5.31437109175125e-11,-4.6243232367445595e-11,-4.7820639558273995e-11,-4.88424146125183e-11,-5.155192294145096e-11,0.999986314504295,0.9999863145042952,-4.7820642339593015e-11,-1.3531519497302013e-07,-4.2621743487449355e-11,-9.303584673663725e-08,-1.1238795378523688e-07,-1.0834395539577849e-07,-1.2161365353706236e-07,0.9999888772003863,-1.1077240725655055e-07,-4.9949020678628095e-11,-9.545890019526042e-08,-4.6243233555079445e-11,-4.7384485556261727e-11,0.9999863145042956,0.9999862844158992,0.9999863145042956,-9.82507730025126e-08,-4.8120857188665423e-11,0.9999863145042942,0.9999855389516948,-1.2451213038451669e-07,-4.73844856718474e-11,-4.9949020739659193e-11,-3.277878764978217e-11,-1.1077240758509176e-07,0.999986314504295,0.9999863145042956,-1.2986622852134982e-07,-1.1989145849663028e-07,-3.346390731388488e-11,-9.825077243370568e-08
4.9229486123301315e-08,5.1394940383378975e-18,3.7782063940603565e-18,4.418670741406634e-18,4.395450597925606e-18,4.653503239924912e-18,-5.580226439227004e-11,-5.580226470198912e-11,4.883181337632771e-18,5.9795175085605964e-18,3.93306350482528e-18,4.095763214166353e-18,5.743966240796811e-18,4.112580729310406e-18,4.974641679366546e-18,-1.1077240725655055e-07,3.1116343429960043e-06,4.5244718087102144e-18,4.026215546188908e-18,3.8399607339581374e-18,4.203249158822277e-18,-5.580226439227004e-11,-5.5802262988678584e-11,-5.580226455453877e-11,8.968947971832751e-15,4.075654734554164e-18,-5.580226455453877e-11,-1.1077238540590182e-07,5.945273527500284e-18,4.203249158822277e-18,4.421697241863455e-18,3.3203737074780982e-18,1.0084797407078631e-14,-5.580226418584475e-11,-5.580226470198912e-11,5.5141694950233706e-18,4.97448174159109e-18,3.525893469941332e-18,8.968947856775408e-15
6.08487817722495e-08,3.7835317137420864e-18,4.1410501025338856e-18,3.6362531564880976e-18,4.446374350885361e-18,4.292645695378707e-18,-4.994904472070505e-11,-4.9949044653664845e-11,3.8112635540452235e-18,5.802974261122225e-18,3.557111454064234e-18,3.1923811079048317e-18,4.386847003327306e-18,4.5342410015718794e-18,4.52539206011464e-18,-4.9949020678628095e-11,4.5244718087102144e-18,3.111634334476535e-06,4.153203081092107e-18,4.004765014725729e-18,4.5714067452901395e-18,-4.9949044653664845e-11,-4.9949043299511427e-11,-4.9949044653664845e-11,4.0709108224188426e-18,7.890173882870621e-15,-4.994904463841997e-11,-9.915323134291415e-08,4.465380319744334e-18,4.127639231670838e-18,8.167077051008332e-15,2.8166965881431155e-18,4.2883765506841484e-18,-4.9949044514699833e-11,-4.994904472070505e-11,5.181666419733023e-18,4.06926716724429e-18,2.9280755990303543e-18,4.0709108224188426e-18
6.454317556944786e-08,8.37664773551756e-15,3.616279770000004e-18,3.7869004140902456e-18,3.807995444980236e-18,8.1469161052529e-15,-4.808799659470381e-11,-4.808799657943977e-11,3.795567520721744e-18,5.388730770656577e-18,2.6438592411627257e-18,7.364571148379697e-15,8.77827881751356e-15,8.474436952603972e-15,9.442141195358178e-15,-9.545890019526042e-08,4.026215546188908e-18,4.153203081092107e-18,3.111634332690818e-06,3.642232427152147e-18,3.9384832855267695e-18,-4.808799691950371e-11,-4.808799500148984e-11,-4.8087996501895855e-11,3.8081575963118355e-18,3.957232406672772e-18,-4.808799651990691e-11,-9.54588814133661e-08,4.737601843620702e-18,4.121142377926971e-18,3.549834273813693e-18,2.4908944958028886e-18,4.576451167401012e-18,-4.808799657943977e-11,-4.808799657943977e-11,5.626068584165059e-18,5.415975816576468e-18,2.5255645021415496e-18,3.742450351236339e-18
6.820518679869396e-08,4.242838797134605e-18,7.1160053270194e-15,2.7912792581373526e-18,3.8306119283137164e-18,3.661415799212128e-18,-4.6243256020995536e-11,-4.6243255595544985e-11,7.332059689899073e-15,5.200739576922867e-18,3.2429967440395365e-18,3.639647295186059e-18,4.056827667223465e-18,3.946840031460511e-18,5.055864544859148e-18,-4.6243233555079445e-11,3.8399607339581374e-18,4.004765014725729e-18,3.642232427152147e-18,3.1116343383099758e-06,7.284492504439587e-15,-4.624325596013182e-11,-4.624325471927283e-11,-4.6243256020995536e-11,3.98309959577255e-18,3.985231104503365e-18,-4.6243255595544985e-11,-9.179691252354946e-08,4.538416497454212e-18,7.284492671520017e-15,3.785411153224338e-18,5.2063242078126676e-15,3.515643530938498e-18,-4.624325574490951e-11,-4.624325550671095e-11,5.035579701977243e-18,4.2257365368709185e-18,5.3408807951829416e-15,4.325106808866509e-18
6.593966486482745e-08,3.538423981961561e-18,7.284492332115199e-15,3.877037285643833e-18,3.424629920299885e-18,4.358524903703741e-18,-4.7384508862895984e-11,-4.7384508862895984e-11,4.431870647127017e-18,5.267598907518682e-18,3.4268915725295754e-18,3.369639387071088e-18,4.7593193014509296e-18,4.682093524234458e-18,4.300433780746412e-18,-4.7384485556261727e-11,4.203249158822277e-18,4.5714067452901395e-18,3.9384832855267695e-18,7.284492504439587e-15,3.111634336029019e-06,-4.738450860384304e-11,-4.738450714939512e-11,-4.738450890873952e-11,4.077141421086522e-18,3.849228277651871e-18,-4.7384508862895984e-11,-9.406240007939194e-08,3.967850529625795e-18,7.457108794922003e-15,3.914603914253731e-18,5.3281876459784e-15,4.203249159663086e-18,-4.7384508862895984e-11,-4.7384508483413985e-11,4.775437839702479e-18,3.959515791312489e-18,5.466112054358783e-15,4.059544517335302e-18
0.9999983874836517,-5.3143736834753246e-11,-4.624325459757284e-11,-4.7820662617392484e-11,-4.88424381617326e-11,-5.155194802753479e-11,0.9999868634423427,0.9999868634423422,-4.782066556094888e-11,-6.81658392233556e-11,-4.262176433464245e-11,-4.6867369288937214e-11,-5.661610521035752e-11,-5.457891750757509e-11,-6.126360525680855e-11,0.9999863145042956,-5.580226439227004e-11,-4.9949044653664845e-11,-4.808799691950371e-11,-4.624325596013182e-11,-4.738450860384304e-11,0.9999899750761295,0.9999868333539315,0.999986863442344,-4.949441820794369e-11,-4.8120880297370547e-11,0.9999868634423424,0.9999860878893551,-6.272372924101391e-11,-4.738450844365241e-11,-4.994904469398739e-11,-3.277880396871804e-11,-5.580226483199327e-11,0.9999868634423444,0.9999868634423434,-6.542088747661052e-11,-6.03960394931877e-11,-3.3463923907525735e-11,-4.9494418323476216e-11
0.9999983573949062,-5.314373506160413e-11,-4.624325372245425e-11,-4.7820661619401725e-11,-4.884243658533336e-11,-5.155194580310299e-11,0.9999868333539315,0.9999868333539315,-4.7820664418557944e-11,-1.35315255601057e-07,-4.262176345079392e-11,-4.686736793591522e-11,-5.66161036482166e-11,-5.457891643005771e-11,-6.126360350192913e-11,0.9999862844158992,-5.5802262988678584e-11,-4.9949043299511427e-11,-4.808799500148984e-11,-4.624325471927283e-11,-4.738450714939512e-11,0.9999868333539315,0.9999899148993019,0.9999868333539319,-4.9494416718947614e-11,-4.812087896789381e-11,0.9999868333539315,0.9999860578009642,-6.2723727766594e-11,-4.7384507273756464e-11,-4.994904319746244e-11,-3.277880315962155e-11,-5.5802262807442737e-11,0.9999868333539317,0.9999868333539321,-6.54208858721273e-11,-6.039603767915656e-11,-3.346392320551576e-11,-4.949441709882662e-11
0.9999983874836509,-5.3143736723916375e-11,-4.624325473603451e-11,-4.7820662589704604e-11,-4.884243780842722e-11,-5.1551948000727996e-11,0.9999868634423424,0.9999868634423437,-4.7820665453659167e-11,-6.81658392233556e-11,-4.26217642798377e-11,-4.68673692809035e-11,-5.6616105369625115e-11,-5.457891777755378e-11,-6.126360525680855e-11,0.9999863145042956,-5.580226455453877e-11,-4.9949044653664845e-11,-4.8087996501895855e-11,-4.6243256020995536e-11,-4.738450890873952e-11,0.999986863442344,0.9999868333539319,0.9999899750761315,-4.949441814276799e-11,-4.8120880072424543e-11,0.9999868634423422,0.9999860878893553,-6.272372924101391e-11,-4.7384508803021304e-11,-4.994904502334482e-11,-3.277880444178149e-11,-5.5802264484002284e-11,0.999986863442343,0.9999868634423437,-6.542088758437143e-11,-6.03960394777327e-11,-3.346392435875472e-11,-4.9494417959803675e-11
6.175126993850434e-08,4.6460080787716715e-18,4.0365610962783884e-18,3.3417268648169407e-18,3.706775103578651e-18,4.263457170639708e-18,-4.949441843357506e-11,-4.949441805059723e-11,3.659003600531087e-18,1.0790897735241705e-14,3.629094776167198e-18,3.86202077054627e-18,4.117497871848045e-18,4.1268512894059544e-18,4.299989049247154e-18,-9.82507730025126e-08,8.968947971832751e-15,4.0709108224188426e-18,3.8081575963118355e-18,3.98309959577255e-18,4.077141421086522e-18,-4.949441820794369e-11,-4.9494416718947614e-11,-4.949441814276799e-11,3.1116343383470047e-06,4.413354841389609e-18,-4.949441805059723e-11,-9.825075361006303e-08,5.356514488654994e-18,4.059544517335302e-18,3.683671118775399e-18,2.667742330062361e-18,8.968948026280616e-15,-4.949441820794369e-11,-4.9494418345656314e-11,5.019229452927432e-18,4.324173371802815e-18,2.948323765076635e-18,7.980581771598365e-15
6.447789121170692e-08,4.028731064372501e-18,3.757174840839747e-18,3.724963702973752e-18,4.201712309846251e-18,4.146341172218846e-18,-4.812088049061903e-11,-4.8120880297370547e-11,3.727108176270198e-18,5.2885876018404064e-18,3.421417681112211e-18,7.43455732395471e-15,5.406492648895581e-18,4.173802710842031e-18,4.559897934564028e-18,-4.8120857188665423e-11,4.075654734554164e-18,7.890173882870621e-15,3.957232406672772e-18,3.985231104503365e-18,3.849228277651871e-18,-4.8120880297370547e-11,-4.812087896789381e-11,-4.8120880072424543e-11,4.413354841389609e-18,3.111634337349219e-06,-4.812087988679192e-11,-9.552416284853774e-08,4.124949934494215e-18,3.849228277651871e-18,7.890173807565978e-15,2.8277335499709343e-18,4.075654734554164e-18,-4.8120880297370547e-11,-4.812088049061903e-11,1.0152658230147229e-14,5.095126074558942e-18,2.84279398329454e-18,4.0115196300338975e-18
0.9999983874836509,-5.3143736663092124e-11,-4.624325455836603e-11,-4.7820662589704604e-11,-4.88424381617326e-11,-5.1551948000787107e-11,0.9999868634423417,0.999986863442342,-4.7820665453659167e-11,-6.816583954536515e-11,-4.26217642798377e-11,-4.686736957466732e-11,-5.661610531886706e-11,-5.457891777755378e-11,-6.126360498387761e-11,0.9999863145042942,-5.580226455453877e-11,-4.994904463841997e-11,-4.808799651990691e-11,-4.6243255595544985e-11,-4.7384508862895984e-11,0.9999868634423424,0.9999868333539315,0.9999868634423422,-4.949441805059723e-11,-4.812087988679192e-11,0.9999899750761315,0.9999860878893548,-6.272372944328969e-11,-4.7384508840745043e-11,-4.9949044776359725e-11,-3.277880396871804e-11,-5.580226454795433e-11,0.9999868634423419,0.9999868634423424,-6.542088746495332e-11,-6.03960394777327e-11,-3.3463923877347665e-11,-4.949441809635411e-11
0.9999976119219169,-1.0549497707968541e-07,-9.179691028189814e-08,-9.492820445804179e-08,-9.695651941462447e-08,-1.0233513590025151e-07,0.9999860878893544,0.9999860878893544,-9.492821017057172e-08,-1.3531516852696558e-07,-8.460793198355309e-08,-9.30358283015183e-08,-1.123879316521132e-07,-1.0834393404909222e-07,-1.2161362965730654e-07,0.9999855389516948,-1.1077238540590182e-07,-9.915323134291415e-08,-9.54588814133661e-08,-9.179691252354946e-08,-9.406240007939194e-08,0.9999860878893551,0.9999860578009642,0.9999860878893553,-9.825075361006303e-08,-9.552416284853774e-08,0.9999860878893548,0.9999884239708134,-1.245121060097978e-07,-9.40624004774203e-08,-9.915323142914545e-08,-6.506878439005777e-08,-1.1077238573444259e-07,0.9999860878893543,0.9999860878893548,-1.2986620308478077e-07,-1.1989143501781531e-07,-6.642880814134568e-08,-9.825075304125628e-08
3.548960861535251e-08,5.775517320873981e-18,4.538416497454212e-18,4.378312012768862e-18,4.535557581148624e-18,5.6132306400133274e-18,-6.272372953030278e-11,-6.272372944328969e-11,4.898181204012894e-18,7.254739118791668e-18,4.3547888377289314e-18,4.7202475519849126e-18,5.382161046677162e-18,5.597005461207355e-18,6.117743030386334e-18,-1.2451213038451669e-07,5.945273527500284e-18,4.465380319744334e-18,4.737601843620702e-18,4.538416497454212e-18,3.967850529625795e-18,-6.272372924101391e-11,-6.2723727766594e-11,-6.272372924101391e-11,5.356514488654994e-18,4.124949934494215e-18,-6.272372944328969e-11,-1.245121060097978e-07,3.111634341359972e-06,4.2112036585334104e-18,4.792162903346663e-18,3.3566656329772207e-18,5.5686917313594934e-18,-6.272372930544308e-11,-6.272372947309492e-11,7.007270160625239e-18,1.19589847541756e-14,3.4071345360328873e-18,4.859829128343704e-18
6.593966486482194e-08,4.324503954591223e-18,7.2844924991957e-15,3.877037285643833e-18,3.424629920299885e-18,3.998891181559434e-18,-4.7384508719049605e-11,-4.7384508840745043e-11,4.431870647127017e-18,5.205909680580113e-18,3.4268915725295754e-18,3.510454671310923e-18,4.546503501539172e-18,4.738225090319835e-18,4.300433780746412e-18,-4.73844856718474e-11,4.203249158822277e-18,4.127639231670838e-18,4.121142377926971e-18,7.284492671520017e-15,7.457108794922003e-15,-4.738450844365241e-11,-4.7384507273756464e-11,-4.7384508803021304e-11,4.059544517335302e-18,3.849228277651871e-18,-4.7384508840745043e-11,-9.40624004774203e-08,4.2112036585334104e-18,3.111634336029019e-06,4.5714067452901395e-18,5.328187787731055e-15,4.220018552055854e-18,-4.738450900125352e-11,-4.7384508803021304e-11,4.775437839702479e-18,3.959515791312489e-18,5.466112195831601e-15,4.014232268954142e-18
6.084878064414369e-08,3.7835317137420864e-18,3.6014388489165214e-18,3.3592584269220795e-18,4.4463743509201384e-18,3.996888150431433e-18,-4.994904469398739e-11,-4.9949044776359725e-11,3.8112635540452235e-18,5.797849684801497e-18,3.557111454064234e-18,3.853487267172713e-18,4.5117345088692584e-18,4.1211326234894146e-18,4.877699617524713e-18,-4.9949020739659193e-11,4.421697241863455e-18,8.167077051008332e-15,3.549834273813693e-18,3.785411153224338e-18,3.914603914253731e-18,-4.994904469398739e-11,-4.994904319746244e-11,-4.994904502334482e-11,3.683671118775399e-18,7.890173807565978e-15,-4.9949044776359725e-11,-9.915323142914545e-08,4.792162903346663e-18,4.5714067452901395e-18,3.111634334476535e-06,2.801223562007421e-18,4.31928718160689e-18,-4.994904502334482e-11,-4.9949044355271136e-11,6.061244553929847e-18,4.988197012622683e-18,2.877341136394733e-18,4.0709108224188426e-18
9.49336305960953e-08,5.96678542705497e-15,5.2063241278875045e-15,5.364170661770968e-15,5.471433780237481e-15,5.802438658467372e-15,-3.27788040543466e-11,-3.277880396871804e-11,5.364171708617012e-15,3.71641269932119e-18,4.83824423608286e-15,5.269254647339669e-15,3.559928840798639e-18,3.4040641439247915e-18,3.4343773540633304e-18,-3.277878764978217e-11,3.3203737074780982e-18,2.8166965881431155e-18,2.4908944958028886e-18,5.2063242078126676e-15,5.3281876459784e-15,-3.277880396871804e-11,-3.277880315962155e-11,-3.277880444178149e-11,2.667742330062361e-18,2.8277335499709343e-18,-3.277880396871804e-11,-6.506878439005777e-08,3.3566656329772207e-18,5.328187787731055e-15,2.801223562007421e-18,3.111634327489313e-06,3.27022049824043e-18,-3.2778804441781517e-11,-3.277880396871804e-11,3.588336006974997e-18,2.7836547720506562e-18,3.91199537253266e-15,2.4422297804541406e-18
4.9229484966002165e-08,5.1394940383378975e-18,3.7782063940603565e-18,4.883181337632771e-18,4.395450597925606e-18,4.653503239924912e-18,-5.580226430324231e-11,-5.580226462901397e-11,4.418670741406634e-18,5.9795175085605964e-18,3.982841277769893e-18,4.4662543529551006e-18,5.1805494667490614e-18,5.414939513666378e-18,4.9746416770428984e-18,-1.1077240758509176e-07,1.0084797407078631e-14,4.2883765506841484e-18,4.576451167401012e-18,3.515643530938498e-18,4.203249159663086e-18,-5.580226483199327e-11,-5.5802262807442737e-11,-5.5802264484002284e-11,8.968948026280616e-15,4.075654734554164e-18,-5.580226454795433e-11,-1.1077238573444259e-07,5.5686917313594934e-18,4.220018552055854e-18,4.31928718160689e-18,3.27022049824043e-18,3.1116343429960043e-06,-5.580226456234992e-11,-5.58022643367344e-11,5.9008832908916535e-18,4.974481741589638e-18,3.1350985924167883e-18,8.968947911223317e-15
0.9999983874836473,-5.3143736663092124e-11,-4.624325455836603e-11,-4.782066247897104e-11,-4.884243820510876e-11,-5.1551948000787107e-11,0.9999868634423424,0.9999868634423434,-4.782066539543997e-11,-6.816583954536515e-11,-4.262176433464245e-11,-4.6867369459854326e-11,-5.6616105078832007e-11,-5.457891775442242e-11,-6.126360512343393e-11,0.999986314504295,-5.580226418584475e-11,-4.9949044514699833e-11,-4.808799657943977e-11,-4.624325574490951e-11,-4.7384508862895984e-11,0.9999868634423444,0.9999868333539317,0.999986863442343,-4.949441820794369e-11,-4.8120880297370547e-11,0.9999868634423419,0.9999860878893543,-6.272372930544308e-11,-4.738450900125352e-11,-4.994904502334482e-11,-3.2778804441781517e-11,-5.580226456234992e-11,0.9999899750761336,0.999986863442343,-6.542088746495332e-11,-6.03960394931877e-11,-3.346392390106674e-11,-4.949441786208204e-11
0.9999983874836509,-5.3143736834753246e-11,-4.624325455836603e-11,-4.7820662617392484e-11,-4.884243780842722e-11,-5.1551948000727996e-11,0.9999868634423419,0.999986863442343,-4.7820665453659167e-11,-6.81658392233556e-11,-4.262176436293794e-11,-4.6867369288937214e-11,-5.6616105369625115e-11,-5.457891777755378e-11,-6.126360525680855e-11,0.9999863145042956,-5.580226470198912e-11,-4.994904472070505e-11,-4.808799657943977e-11,-4.624325550671095e-11,-4.7384508483413985e-11,0.9999868634423434,0.9999868333539321,0.9999868634423437,-4.9494418345656314e-11,-4.812088049061903e-11,0.9999868634423424,0.9999860878893548,-6.272372947309492e-11,-4.7384508803021304e-11,-4.9949044355271136e-11,-3.277880396871804e-11,-5.58022643367344e-11,0.999986863442343,0.9999899750761371,-6.542088758437143e-11,-6.039603957411391e-11,-3.346392390106674e-11,-4.9494417959803675e-11
3.013544435216233e-08,5.362158452251736e-18,5.035579701895072e-18,4.463114992226485e-18,5.161927959165581e-18,5.5724939703098725e-18,-6.542088767375491e-11,-6.542088762640339e-11,5.128912224790026e-18,7.488356303701587e-18,4.505311828495969e-18,3.845917480681658e-18,5.84386409447608e-18,6.264491668073973e-18,6.96567669699384e-18,-1.2986622852134982e-07,5.5141694950233706e-18,5.181666419733023e-18,5.626068584165059e-18,5.035579701977243e-18,4.775437839702479e-18,-6.542088747661052e-11,-6.54208858721273e-11,-6.542088758437143e-11,5.019229452927432e-18,1.0152658230147229e-14,-6.542088746495332e-11,-1.2986620308478077e-07,7.007270160625239e-18,4.775437839702479e-18,6.061244553929847e-18,3.588336006974997e-18,5.9008832908916535e-18,-6.542088746495332e-11,-6.542088758437143e-11,3.111634339663179e-06,6.493757236505027e-18,3.733819321184255e-18,4.85606282321796e-18
4.011032724597474e-08,5.218461072261539e-18,4.2247405079579554e-18,3.810992806743917e-18,4.970801346054448e-18,4.966929588297791e-18,-6.039603933380756e-11,-6.03960394696449e-11,3.820068930886893e-18,7.171875994468898e-18,3.7040585921033244e-18,9.142784402188237e-15,1.0910883162983868e-14,6.8665302367883516e-18,5.298439399949565e-18,-1.1989145849663028e-07,4.97448174159109e-18,4.06926716724429e-18,5.415975816576468e-18,4.2257365368709185e-18,3.959515791312489e-18,-6.03960394931877e-11,-6.039603767915656e-11,-6.03960394777327e-11,4.324173371802815e-18,5.095126074558942e-18,-6.03960394777327e-11,-1.1989143501781531e-07,1.19589847541756e-14,3.959515791312489e-18,4.988197012622683e-18,2.7836547720506562e-18,4.974481741589638e-18,-6.03960394931877e-11,-6.039603957411391e-11,6.493757236505027e-18,3.1116343422477968e-06,6.818478962679699e-15,4.804513261017005e-18
9.35735903254445e-08,6.12143262693011e-15,5.340880712079412e-15,5.5035050298385126e-15,5.613804769996011e-15,5.9523237304313994e-15,-3.346392435875472e-11,-3.3463923999965365e-11,5.503506079059325e-15,4.2063931565279985e-18,4.961897901729506e-15,5.405846171295099e-15,3.1382472006590877e-18,3.4855399166386324e-18,3.372943587983525e-18,-3.346390731388488e-11,3.525893469941332e-18,2.9280755990303543e-18,2.5255645021415496e-18,5.3408807951829416e-15,5.466112054358783e-15,-3.3463923907525735e-11,-3.346392320551576e-11,-3.346392435875472e-11,2.948323765076635e-18,2.84279398329454e-18,-3.3463923877347665e-11,-6.642880814134568e-08,3.4071345360328873e-18,5.466112195831601e-15,2.877341136394733e-18,3.91199537253266e-15,3.1350985924167883e-18,-3.346392390106674e-11,-3.346392390106674e-11,3.733819321184255e-18,6.818478962679699e-15,3.1116343277700115e-06,2.836401763333035e-18
6.175126977432154e-08,4.425714428413544e-18,4.178339427274012e-18,3.3417268648168036e-18,3.476262776818505e-18,4.263457170639708e-18,-4.9494418050043496e-11,-4.949441809635411e-11,4.05993596820164e-18,1.0790897594116331e-14,3.629094877499424e-18,3.962502008232324e-18,4.948228647339983e-18,4.1268512894059544e-18,4.721318287430551e-18,-9.825077243370568e-08,8.968947856775408e-15,4.0709108224188426e-18,3.742450351236339e-18,4.325106808866509e-18,4.059544517335302e-18,-4.9494418323476216e-11,-4.949441709882662e-11,-4.9494417959803675e-11,7.980581771598365e-15,4.0115196300338975e-18,-4.949441809635411e-11,-9.825075304125628e-08,4.859829128343704e-18,4.014232268954142e-18,4.0709108224188426e-18,2.4422297804541406e-18,8.968947911223317e-15,-4.949441786208204e-11,-4.9494417959803675e-11,4.85606282321796e-18,4.804513261017005e-18,2.836401763333035e-18,3.1116343296085406e-06
