0.9999999984755255,-1.526003876382826e-06,-1.5404516960280317e-06,0.9999992816979419,0.9999992816979459,0.9999992769870772,0.9999992609760221,-1.5128001997152553e-06,-1.5130246916249308e-06,-1.5097394633184376e-06,-1.5133198987526709e-06,0.9999992816979442,-1.540451694151329e-06,-1.50922644981961e-06,-1.5272033447317425e-06,-1.5105748879386866e-06,0.999999281697945,-1.5272033420486756e-06,0.9999992816979437,-1.5230085127514803e-06,-1.510574888290005e-06,0.9999992816979442,0.9999992769870768,0.9999992839932171,-1.5122187097606607e-06,-1.5097394657837704e-06,-1.5403482795363993e-06,-1.5412858124301055e-06,-1.5133198981266384e-06,0.9999992816979442,-1.509932747369029e-06,-1.545393277297022e-06,-1.512218709926747e-06,0.9999992816979437,0.999999281697944,0.9999992769302549,0.9999992762242655,0.9999992853553172
-1.526003876382826e-06,-1.0315807777140238e-06,1.9862830453656135e-17,-9.620474680361946e-11,-9.620474679740299e-11,-9.620474657937661e-11,-1.909358133033671e-07,1.716999542602989e-17,3.390832836330579e-14,1.6661327181681446e-17,1.6965357607735975e-17,-9.62047467695568e-11,1.932139617157238e-17,1.6713124991010298e-17,1.8533642464375762e-17,1.683129114351796e-17,-9.620474677713723e-11,1.849209171082375e-17,-9.620474679740299e-11,1.6914186533894287e-17,1.7225012723383702e-17,-9.620474681422695e-11,-9.620474655732059e-11,-1.9093581687566314e-07,3.3732507465687124e-14,1.6740969179998385e-17,1.9290659402155704e-17,1.9964904018588495e-17,1.7032617087564493e-17,-9.620474680361946e-11,1.653648833729274e-17,4.0143160018739806e-14,3.373250737894565e-14,-9.620474681422695e-11,-9.620474680361946e-11,-9.62047466122746e-11,-9.620474653765984e-11,-9.620474732444639e-11
-1.5404516960280317e-06,1.9862830453656135e-17,-1.0315807699359968e-06,-1.0348440096590128e-10,-1.0348440084561661e-10,-1.0348440038160891e-10,-2.0538361075470701e-07,1.8856771434411365e-17,1.7649108063727763e-17,1.7676084845146633e-17,1.8930208278442656e-17,-1.0348440090734212e-10,4.192571626113285e-14,1.7347784366532795e-17,1.9331674368675426e-17,1.7965205518033237e-17,-1.0348440082053382e-10,1.9331674368675426e-17,-1.0348440072616704e-10,1.881952484542065e-17,1.79652054259774e-17,-1.0348440090734212e-10,-1.0348440041406176e-10,-1.0348440117118336e-10,1.7845366376472213e-17,1.7676084845146633e-17,2.1247639457440935e-17,2.1458986942646214e-17,1.8635831816357286e-17,-1.0348440084800916e-10,1.8017245143651273e-17,2.1925684395764594e-17,1.8161807956816815e-17,-1.0348440090734212e-10,-1.0348440073329552e-10,-2.053836132628438e-07,-2.0538361308727518e-07,-1.0348440113790334e-10
0.9999992816979419,-9.620474680361946e-11,-1.0348440096590128e-10,0.9999986401016631,0.9999996716821686,0.9999996669713173,0.9999996509603073,-8.955196248856811e-11,-8.966507368478203e-11,-8.80097798999687e-11,-8.981381920074019e-11,0.999999671682168,-1.0348440083371778e-10,-8.775129219745837e-11,-9.680911003233978e-11,-8.843071853125058e-11,0.999999671682169,-9.680910984283928e-11,0.9999996716821666,-9.46955060638803e-11,-8.843071871144124e-11,0.999999671682167,0.9999996669713191,0.9999996739774376,-8.925897273950726e-11,-8.800978162071517e-11,-1.0343229485302288e-10,-1.0390468089439494e-10,-8.981381900232027e-11,0.999999671682168,-8.810717029912981e-11,-1.0597426604143572e-10,-8.925897276678894e-11,0.9999996716821691,0.9999996716821676,0.9999996669144962,0.9999996662085037,0.9999996753395357
0.9999992816979459,-9.620474679740299e-11,-1.0348440084561661e-10,0.9999996716821686,0.9999986401016651,0.9999996669713183,0.9999996509603076,-8.955196262546587e-11,-8.966507380464243e-11,-8.80097798999687e-11,-8.981381920074019e-11,0.9999996716821696,-1.0348440063411801e-10,-8.775129213541627e-11,-9.680911003233978e-11,-8.843071846927145e-11,0.9999996716821696,-9.680910984283928e-11,0.9999996716821674,-9.46955060638803e-11,-8.843071867876811e-11,0.9999996716821684,0.9999996669713201,0.9999996739774386,-8.925897275806314e-11,-8.800978173216015e-11,-1.0343229481564136e-10,-1.0390468093587936e-10,-8.981381902723496e-11,0.9999996716821694,-8.81071703324739e-11,-1.0597426622650692e-10,-8.925897259903823e-11,0.9999996716821706,0.9999996716821684,0.9999996669144965,0.9999996662085041,0.9999996753395365
0.9999992769870772,-9.620474657937661e-11,-1.0348440038160891e-10,0.9999996669713173,0.9999996669713183,0.9999986306799576,0.9999996462494557,-8.955196198233376e-11,-8.96650733557165e-11,-8.800977968857963e-11,-8.981381890083345e-11,0.9999996669713177,-1.0348440024080649e-10,-8.775129159744884e-11,-9.680910947426383e-11,-8.843071809330644e-11,0.9999996669713184,-9.680910965037702e-11,0.9999996669713165,-9.469550566302299e-11,-8.843071843526849e-11,0.9999996669713166,0.9999996622604673,0.9999996692665856,-8.925897248553957e-11,-8.80097815907156e-11,-2.0528019943308895e-07,-2.0621773520952055e-07,-8.981381861511736e-11,0.9999996669713173,-8.810717002626495e-11,-2.103252026947695e-07,-8.925897253085262e-11,0.9999996669713177,0.9999996669713177,0.9999996622036441,0.9999996614976521,0.9999996706286837
0.9999992609760221,-1.909358133033671e-07,-2.0538361075470701e-07,0.9999996509603073,0.9999996509603076,0.9999996462494557,0.9999985986579276,-1.7773215288228086e-07,-1.7795664286336727e-07,-1.7467141230542968e-07,-1.782518550831767e-07,0.9999996509603082,-2.0538361047060848e-07,-1.7415839624058766e-07,-1.921352814525574e-07,-1.7550684090294386e-07,0.9999996509603086,-1.9213528157500448e-07,0.9999996509603061,-1.8794045148221432e-07,-1.7550684150141806e-07,0.9999996509603065,0.9999996462494576,0.9999996532555756,-1.7715066170690472e-07,-1.746714160489873e-07,-2.0528019697858883e-07,-2.0621773267875784e-07,-1.782518545920414e-07,0.9999996509603071,-1.7486470083019263e-07,-2.1032519979918989e-07,-1.7715066147336464e-07,0.9999996509603084,0.9999996509603081,0.9999996461926345,0.9999996454866424,0.9999996546176745
-1.5128001997152553e-06,1.716999542602989e-17,1.8856771434411365e-17,-8.955196248856811e-11,-8.955196262546587e-11,-8.955196198233376e-11,-1.7773215288228086e-07,-1.0315807867981852e-06,1.5798860686229797e-17,1.5379453009485424e-17,3.1626694608995345e-14,-8.955196249170066e-11,1.8856771434411365e-17,1.594956091267616e-17,3.4097658047564356e-14,1.5542514566679188e-17,-8.955196252140771e-11,3.409765804144641e-14,-8.955196248077934e-11,1.6493878432996075e-17,1.5678971347009393e-17,-8.955196252140771e-11,-8.955196204099918e-11,-8.955196268161046e-11,1.5871110819248437e-17,1.5379453009485424e-17,1.8083718406255104e-17,1.8136908641353792e-17,3.162669457396378e-14,-8.955196248856811e-11,1.5590884238319758e-17,3.737395709439993e-14,1.5495090002412077e-17,-8.955196246658897e-11,-8.95519624973875e-11,-8.955196211508276e-11,-8.955196205706935e-11,-8.955196286967954e-11
-1.5130246916249308e-06,3.390832836330579e-14,1.7649108063727763e-17,-8.966507368478203e-11,-8.966507380464243e-11,-8.96650733557165e-11,-1.7795664286336727e-07,1.5798860686229797e-17,-1.0315807804743693e-06,1.5068293718821856e-17,1.5945983658306584e-17,-8.966507368478203e-11,1.8530106394594166e-17,1.516998343222121e-17,1.7193661120445755e-17,1.5448870203573633e-17,-8.966507385119039e-11,1.6987046280825527e-17,-8.966507378443778e-11,3.32886017306792e-14,1.57789710596076e-17,-8.966507385668537e-11,-8.966507347445955e-11,-8.966507406961043e-11,3.14552197746258e-14,1.5597567879936536e-17,1.819470481977335e-17,1.830808356367765e-17,1.5891821350418385e-17,-8.966507368521574e-11,1.5914625889050032e-17,3.742675812832593e-14,3.145521969397325e-14,-8.966507385119039e-11,-8.966507378443778e-11,-8.966507332057235e-11,-8.966507344651633e-11,-8.966507416766415e-11
-1.5097394633184376e-06,1.6661327181681446e-17,1.7676084845146633e-17,-8.80097798999687e-11,-8.80097798999687e-11,-8.800977968857963e-11,-1.7467141230542968e-07,1.5379453009485424e-17,1.5068293718821856e-17,-1.0315807833540903e-06,1.5406269860880284e-17,-8.80097799685673e-11,1.7676084845146633e-17,1.5245843310297295e-17,1.6763821278238123e-17,1.5258627311840383e-17,-8.800977990724014e-11,1.6763821278238123e-17,-8.80097799685673e-11,1.5619516410850898e-17,1.5258627311840383e-17,-8.80097797682224e-11,-8.800977976347955e-11,-8.800978012839029e-11,1.541095740308457e-17,1.5261649412317496e-17,1.7108827821068635e-17,1.805455227287212e-17,1.540626986085257e-17,-8.800977996189e-11,1.563614870735009e-17,1.876391411864628e-17,1.506708956859744e-17,-8.80097798999687e-11,-8.80097798627531e-11,-8.800977972088569e-11,-8.800977968140194e-11,-8.80097802441668e-11
-1.5133198987526709e-06,1.6965357607735975e-17,1.8930208278442656e-17,-8.981381920074019e-11,-8.981381920074019e-11,-8.981381890083345e-11,-1.782518550831767e-07,3.1626694608995345e-14,1.5945983658306584e-17,1.5406269860880284e-17,-1.0315807824212144e-06,-8.981381921997846e-11,1.8675083381172506e-17,1.565968612700998e-17,3.4206938318385545e-14,1.5495756559078478e-17,-8.981381922571077e-11,3.420693831253144e-14,-8.981381921998672e-11,1.679651879916208e-17,1.5495756559078478e-17,-8.98138192094642e-11,-8.981381888459933e-11,-8.981381942466819e-11,1.6101904467454416e-17,1.5883593523560678e-17,1.8422090057321415e-17,1.8087337619657507e-17,3.172840650354658e-14,-8.981381916920331e-11,1.5932109341242143e-17,1.887464609314688e-17,1.580267013301331e-17,-8.981381921998672e-11,-8.981381922571077e-11,-8.98138188871678e-11,-8.981381872512996e-11,-8.981381942355582e-11
0.9999992816979442,-9.62047467695568e-11,-1.0348440090734212e-10,0.999999671682168,0.9999996716821696,0.9999996669713177,0.9999996509603082,-8.955196249170066e-11,-8.966507368478203e-11,-8.80097799685673e-11,-8.981381921997846e-11,0.9999986401016626,-1.0348440063411801e-10,-8.775129227324056e-11,-9.680910991075282e-11,-8.843071857372005e-11,0.9999996716821691,-9.680910984283928e-11,0.9999996716821684,-9.469550614797794e-11,-8.843071871144124e-11,0.9999996716821674,0.9999996669713198,0.999999673977439,-8.925897279697708e-11,-8.800978172545013e-11,-1.0343229480511857e-10,-1.0390468089439494e-10,-8.981381906256551e-11,0.9999996716821686,-8.81071703324739e-11,-1.0597426611169926e-10,-8.925897276390102e-11,0.9999996716821684,0.99999967168217,0.9999996669144967,0.9999996662085049,0.9999996753395357
-1.540451694151329e-06,1.932139617157238e-17,4.192571626113285e-14,-1.0348440083371778e-10,-1.0348440063411801e-10,-1.0348440024080649e-10,-2.0538361047060848e-07,1.8856771434411365e-17,1.8530106394594166e-17,1.7676084845146633e-17,1.8675083381172506e-17,-1.0348440063411801e-10,-1.0315807699359968e-06,1.7244829905750853e-17,1.9331674368675426e-17,1.8615261025462765e-17,-1.0348440083371778e-10,1.9355943368600795e-17,-1.0348440066259643e-10,1.952705702325298e-17,1.7965205518033237e-17,-1.0348440064996663e-10,-1.034844003010079e-10,-1.0348440086070591e-10,1.8158458411421194e-17,1.7676084845146633e-17,2.1247639457440935e-17,2.1486878836613618e-17,1.854371569640296e-17,-1.0348440066259643e-10,1.8017245143651273e-17,2.1955265283989198e-17,1.8002078062275e-17,-1.0348440068303394e-10,-1.0348440069876396e-10,-2.0538361297874525e-07,-2.053836128031766e-07,-1.0348440100714444e-10
-1.50922644981961e-06,1.6713124991010298e-17,1.7347784366532795e-17,-8.775129219745837e-11,-8.775129213541627e-11,-8.775129159744884e-11,-1.7415839624058766e-07,1.594956091267616e-17,1.516998343222121e-17,1.5245843310297295e-17,1.565968612700998e-17,-8.775129227324056e-11,1.7244829905750853e-17,-1.0315807846318563e-06,1.6655221662522595e-17,1.4799794147997887e-17,-8.775129226291349e-11,1.6998652214238694e-17,-8.775129222476746e-11,1.591240614917141e-17,1.5337664291020557e-17,-8.775129221714865e-11,-8.77512915833611e-11,-8.775129237737131e-11,1.5402780668169806e-17,1.5245843310297295e-17,1.7704936512453205e-17,1.841824408807016e-17,1.569710274474544e-17,-8.775129219745837e-11,1.5560168703794304e-17,3.6536172240250816e-14,1.5460715011390994e-17,-8.775129221714865e-11,-8.775129216674535e-11,-8.775129187008576e-11,-8.775129180758439e-11,-8.775129240501546e-11
-1.5272033447317425e-06,1.8533642464375762e-17,1.9331674368675426e-17,-9.680911003233978e-11,-9.680911003233978e-11,-9.680910947426383e-11,-1.921352814525574e-07,3.4097658047564356e-14,1.7193661120445755e-17,1.6763821278238123e-17,3.4206938318385545e-14,-9.680910991075282e-11,1.9331674368675426e-17,1.6655221662522595e-17,-1.031580775922714e-06,1.6789808357657898e-17,-9.680910996343884e-11,3.687878644306556e-14,-9.680911003233978e-11,1.8043194517847238e-17,1.68674111080914e-17,-9.680910985927546e-11,-9.680910957984613e-11,-9.680911006865824e-11,1.73990978837522e-17,1.6763821278238123e-17,2.013727526280988e-17,1.9795178211273112e-17,3.420693827848768e-14,-9.680910996343884e-11,1.6678774118093104e-17,2.0301398040117614e-17,1.7104857152977312e-17,-9.680911003233978e-11,-9.680910996506598e-11,-9.680910961188457e-11,-9.680910953908516e-11,-1.9213528540184947e-07
-1.5105748879386866e-06,1.683129114351796e-17,1.7965205518033237e-17,-8.843071853125058e-11,-8.843071846927145e-11,-8.843071809330644e-11,-1.7550684090294386e-07,1.5542514566679188e-17,1.5448870203573633e-17,1.5258627311840383e-17,1.5495756559078478e-17,-8.843071857372005e-11,1.8615261025462765e-17,1.4799794147997887e-17,1.6789808357657898e-17,-1.0315807855909468e-06,-8.843071834580071e-11,1.6846807337713107e-17,-8.843071843564397e-11,1.649621793904956e-17,3.0574366312991557e-14,-8.843071830931491e-11,-8.843071809860642e-11,-8.843071865070028e-11,1.5785794924028743e-17,1.5258627311840383e-17,1.7555770152938294e-17,1.8221861458656268e-17,1.5495756559078478e-17,-8.843071829832862e-11,1.4893409487166224e-17,1.8451254007959065e-17,1.5785794924028743e-17,-8.843071830931491e-11,-8.843071853125058e-11,-8.843071811037531e-11,-8.84307179578254e-11,-8.843071870523725e-11
0.999999281697945,-9.620474677713723e-11,-1.0348440082053382e-10,0.999999671682169,0.9999996716821696,0.9999996669713184,0.9999996509603086,-8.955196252140771e-11,-8.966507385119039e-11,-8.800977990724014e-11,-8.981381922571077e-11,0.9999996716821691,-1.0348440083371778e-10,-8.775129226291349e-11,-9.680910996343884e-11,-8.843071834580071e-11,0.9999986401016642,-9.680910984283928e-11,0.999999671682169,-9.469550614203227e-11,-8.84307186765516e-11,0.9999996716821681,0.9999996669713204,0.9999996739774383,-8.925897277273411e-11,-8.800978176119641e-11,-1.0343229480511857e-10,-1.0390468092919592e-10,-8.981381900232027e-11,0.9999996716821691,-8.810717031598664e-11,-1.0597426618783277e-10,-8.925897270111129e-11,0.9999996716821691,0.9999996716821703,0.9999996669144975,0.9999996662085051,0.9999996753395372
-1.5272033420486756e-06,1.849209171082375e-17,1.9331674368675426e-17,-9.680910984283928e-11,-9.680910984283928e-11,-9.680910965037702e-11,-1.9213528157500448e-07,3.409765804144641e-14,1.6987046280825527e-17,1.6763821278238123e-17,3.420693831253144e-14,-9.680910984283928e-11,1.9355943368600795e-17,1.6998652214238694e-17,3.687878644306556e-14,1.6846807337713107e-17,-9.680910984283928e-11,-1.031580775922714e-06,-9.680911004871962e-11,1.804167962768949e-17,1.6958060295020688e-17,-9.680910984283928e-11,-9.680910968660849e-11,-9.6809110121168e-11,1.73990978837522e-17,1.6763821278238123e-17,1.9937866378478672e-17,2.0001181270841414e-17,3.4206938272633556e-14,-9.680911004871962e-11,1.6678774118093104e-17,2.0355008429596728e-17,1.733317103766927e-17,-9.680910988963441e-11,-9.680911008338562e-11,-9.68091097858917e-11,-9.680910952369501e-11,-1.9213528552429685e-07
0.9999992816979437,-9.620474679740299e-11,-1.0348440072616704e-10,0.9999996716821666,0.9999996716821674,0.9999996669713165,0.9999996509603061,-8.955196248077934e-11,-8.966507378443778e-11,-8.80097799685673e-11,-8.981381921998672e-11,0.9999996716821684,-1.0348440066259643e-10,-8.775129222476746e-11,-9.680911003233978e-11,-8.843071843564397e-11,0.999999671682169,-9.680911004871962e-11,0.9999986401016621,-9.469550601271535e-11,-8.84307186765516e-11,0.9999996716821666,0.9999996669713198,0.999999673977437,-8.925897281666517e-11,-8.800978164655768e-11,-1.0343229480511857e-10,-1.0390468078059284e-10,-8.981381906571793e-11,0.9999996716821665,-8.810717031598664e-11,-1.0597426601779744e-10,-8.925897259903823e-11,0.999999671682168,0.9999996716821682,0.9999996669144949,0.9999996662085031,0.9999996753395344
-1.5230085127514803e-06,1.6914186533894287e-17,1.881952484542065e-17,-9.46955060638803e-11,-9.46955060638803e-11,-9.469550566302299e-11,-1.8794045148221432e-07,1.6493878432996075e-17,3.32886017306792e-14,1.5619516410850898e-17,1.679651879916208e-17,-9.469550614797794e-11,1.952705702325298e-17,1.591240614917141e-17,1.8043194517847238e-17,1.649621793904956e-17,-9.469550614203227e-11,1.804167962768949e-17,-9.469550601271535e-11,-1.0315807794412962e-06,1.657793999429152e-17,-9.469550593802995e-11,-9.469550575891189e-11,-9.469550633263158e-11,1.662825648994697e-17,1.5942799819744418e-17,1.9149776191742093e-17,1.9416896623744743e-17,1.647776125052336e-17,-9.46955060638803e-11,1.65197348890516e-17,3.943732190129648e-14,1.683656067216092e-17,-9.469550615437255e-11,-9.469550614058856e-11,-1.8794045367175592e-07,-9.469550573463454e-11,-9.469550645796023e-11
-1.510574888290005e-06,1.7225012723383702e-17,1.79652054259774e-17,-8.843071871144124e-11,-8.843071867876811e-11,-8.843071843526849e-11,-1.7550684150141806e-07,1.5678971347009393e-17,1.57789710596076e-17,1.5258627311840383e-17,1.5495756559078478e-17,-8.843071871144124e-11,1.7965205518033237e-17,1.5337664291020557e-17,1.68674111080914e-17,3.0574366312991557e-14,-8.84307186765516e-11,1.6958060295020688e-17,-8.84307186765516e-11,1.657793999429152e-17,-1.0315807855909468e-06,-8.843071875630139e-11,-8.843071842770583e-11,-8.843071898168907e-11,1.571191144911719e-17,1.5258627311840383e-17,1.7929154107269336e-17,1.8311325384769644e-17,1.5495756559078478e-17,-8.843071872796153e-11,1.4893409487166224e-17,1.877471650979097e-17,1.5785794924028743e-17,-8.84307186765516e-11,-8.843071883777444e-11,-8.843071844994616e-11,-8.843071835164274e-11,-8.843071896004045e-11
0.9999992816979442,-9.620474681422695e-11,-1.0348440090734212e-10,0.999999671682167,0.9999996716821684,0.9999996669713166,0.9999996509603065,-8.955196252140771e-11,-8.966507385668537e-11,-8.80097797682224e-11,-8.98138192094642e-11,0.9999996716821674,-1.0348440064996663e-10,-8.775129221714865e-11,-9.680910985927546e-11,-8.843071830931491e-11,0.9999996716821681,-9.680910984283928e-11,0.9999996716821666,-9.469550593802995e-11,-8.843071875630139e-11,0.9999986401016618,0.9999996669713186,0.9999996739774367,-8.925897279728126e-11,-8.800978163590097e-11,-1.034322948481605e-10,-1.0390468085039334e-10,-8.981381906325144e-11,0.9999996716821676,-8.810717031626924e-11,-1.0597426617141973e-10,-8.925897276678894e-11,0.9999996716821684,0.9999996716821672,0.9999996669144969,0.9999996662085033,0.9999996753395359
0.9999992769870768,-9.620474655732059e-11,-1.0348440041406176e-10,0.9999996669713191,0.9999996669713201,0.9999996622604673,0.9999996462494576,-8.955196204099918e-11,-8.966507347445955e-11,-8.800977976347955e-11,-8.981381888459933e-11,0.9999996669713198,-1.034844003010079e-10,-8.77512915833611e-11,-9.680910957984613e-11,-8.843071809860642e-11,0.9999996669713204,-9.680910968660849e-11,0.9999996669713198,-9.469550575891189e-11,-8.843071842770583e-11,0.9999996669713186,0.9999986306799596,0.9999996692665879,-8.925897254074417e-11,-8.800978161863093e-11,-2.052801994330893e-07,-2.0621773520952087e-07,-8.981381858703803e-11,0.9999996669713196,-8.81071700141125e-11,-2.1032520269476977e-07,-8.925897232494705e-11,0.9999996669713208,0.9999996669713196,0.9999996622036471,0.9999996614976535,0.9999996706286858
0.9999992839932171,-1.9093581687566314e-07,-1.0348440117118336e-10,0.9999996739774376,0.9999996739774386,0.9999996692665856,0.9999996532555756,-8.955196268161046e-11,-8.966507406961043e-11,-8.800978012839029e-11,-8.981381942466819e-11,0.999999673977439,-1.0348440086070591e-10,-8.775129237737131e-11,-9.680911006865824e-11,-8.843071865070028e-11,0.9999996739774383,-9.6809110121168e-11,0.999999673977437,-9.469550633263158e-11,-8.843071898168907e-11,0.9999996739774367,0.9999996692665879,0.9999986446922058,-8.92589729095137e-11,-8.800978199983892e-11,-1.0343229510333567e-10,-1.0390468111840215e-10,-8.981381919970954e-11,0.999999673977438,-8.810717041907015e-11,-1.0597426627331962e-10,-8.925897312991622e-11,0.9999996739774387,0.9999996739774377,0.9999996692097656,0.9999996685037746,0.9999996776348046
-1.5122187097606607e-06,3.3732507465687124e-14,1.7845366376472213e-17,-8.925897273950726e-11,-8.925897275806314e-11,-8.925897248553957e-11,-1.7715066170690472e-07,1.5871110819248437e-17,3.14552197746258e-14,1.541095740308457e-17,1.6101904467454416e-17,-8.925897279697708e-11,1.8158458411421194e-17,1.5402780668169806e-17,1.73990978837522e-17,1.5785794924028743e-17,-8.925897277273411e-11,1.73990978837522e-17,-8.925897281666517e-11,1.662825648994697e-17,1.571191144911719e-17,-8.925897279728126e-11,-8.925897254074417e-11,-8.92589729095137e-11,-1.0315807834264515e-06,1.541095740308457e-17,1.8061255483778336e-17,1.843780813693474e-17,1.580267013301331e-17,-8.925897282375232e-11,1.5372265637446668e-17,3.724057288924136e-14,3.1291594696954825e-14,-8.925897277273411e-11,-8.925897273950726e-11,-8.925897252863672e-11,-8.925897233769246e-11,-8.92589730772912e-11
-1.5097394657837704e-06,1.6740969179998385e-17,1.7676084845146633e-17,-8.800978162071517e-11,-8.800978173216015e-11,-8.80097815907156e-11,-1.746714160489873e-07,1.5379453009485424e-17,1.5597567879936536e-17,1.5261649412317496e-17,1.5883593523560678e-17,-8.800978172545013e-11,1.7676084845146633e-17,1.5245843310297295e-17,1.6763821278238123e-17,1.5258627311840383e-17,-8.800978176119641e-11,1.6763821278238123e-17,-8.800978164655768e-11,1.5942799819744418e-17,1.5258627311840383e-17,-8.800978163590097e-11,-8.800978161863093e-11,-8.800978199983892e-11,1.541095740308457e-17,-1.0315807833540903e-06,1.8184691841824146e-17,1.805455227287212e-17,1.5406269860880284e-17,-8.800978162071517e-11,1.563614870735009e-17,1.8344778975965997e-17,1.5838556257894732e-17,-8.800978172765009e-11,-8.800978162071517e-11,-8.800978151620485e-11,-8.800978145512569e-11,-8.800978200990191e-11
-1.5403482795363993e-06,1.9290659402155704e-17,2.1247639457440935e-17,-1.0343229485302288e-10,-1.0343229481564136e-10,-2.0528019943308895e-07,-2.0528019697858883e-07,1.8083718406255104e-17,1.819470481977335e-17,1.7108827821068635e-17,1.8422090057321415e-17,-1.0343229480511857e-10,2.1247639457440935e-17,1.7704936512453205e-17,2.013727526280988e-17,1.7555770152938294e-17,-1.0343229480511857e-10,1.9937866378478672e-17,-1.0343229480511857e-10,1.9149776191742093e-17,1.7929154107269336e-17,-1.034322948481605e-10,-2.052801994330893e-07,-1.0343229510333567e-10,1.8061255483778336e-17,1.8184691841824146e-17,-1.031580774428509e-06,4.211561055721744e-14,1.8507091939242515e-17,-1.0343229481696547e-10,1.886029011110554e-17,4.311461950122387e-14,1.8061255483778336e-17,-1.0343229487839525e-10,-1.0343229468525735e-10,-1.0343229446669669e-10,-1.0343229432541848e-10,-1.0343229526178004e-10
-1.5412858124301055e-06,1.9964904018588495e-17,2.1458986942646214e-17,-1.0390468089439494e-10,-1.0390468093587936e-10,-2.0621773520952055e-07,-2.0621773267875784e-07,1.8136908641353792e-17,1.830808356367765e-17,1.805455227287212e-17,1.8087337619657507e-17,-1.0390468089439494e-10,2.1486878836613618e-17,1.841824408807016e-17,1.9795178211273112e-17,1.8221861458656268e-17,-1.0390468092919592e-10,2.0001181270841414e-17,-1.0390468078059284e-10,1.9416896623744743e-17,1.8311325384769644e-17,-1.0390468085039334e-10,-2.0621773520952087e-07,-1.0390468111840215e-10,1.843780813693474e-17,1.805455227287212e-17,4.211561055721744e-14,-1.0315807760537713e-06,1.8160671292598657e-17,-1.0390468093587936e-10,3.5833174134965335e-14,4.3330413053934545e-14,1.8325910223541006e-17,-1.0390468078059284e-10,-1.0390468093587936e-10,-1.0390468049014674e-10,-1.0390468034425551e-10,-1.0390468130824907e-10
-1.5133198981266384e-06,1.7032617087564493e-17,1.8635831816357286e-17,-8.981381900232027e-11,-8.981381902723496e-11,-8.981381861511736e-11,-1.782518545920414e-07,3.162669457396378e-14,1.5891821350418385e-17,1.540626986085257e-17,3.172840650354658e-14,-8.981381906256551e-11,1.854371569640296e-17,1.569710274474544e-17,3.420693827848768e-14,1.5495756559078478e-17,-8.981381900232027e-11,3.4206938272633556e-14,-8.981381906571793e-11,1.647776125052336e-17,1.5495756559078478e-17,-8.981381906325144e-11,-8.981381858703803e-11,-8.981381919970954e-11,1.580267013301331e-17,1.5406269860880284e-17,1.8507091939242515e-17,1.8160671292598657e-17,-1.0315807824212144e-06,-8.981381897245332e-11,1.5932109341242143e-17,1.8903003163578467e-17,1.6010741852304995e-17,-8.981381908146897e-11,-8.981381897245332e-11,-8.981381866515665e-11,-8.981381854539384e-11,-8.981381910260278e-11
0.9999992816979442,-9.620474680361946e-11,-1.0348440084800916e-10,0.999999671682168,0.9999996716821694,0.9999996669713173,0.9999996509603071,-8.955196248856811e-11,-8.966507368521574e-11,-8.800977996189e-11,-8.981381916920331e-11,0.9999996716821686,-1.0348440066259643e-10,-8.775129219745837e-11,-9.680910996343884e-11,-8.843071829832862e-11,0.9999996716821691,-9.680911004871962e-11,0.9999996716821665,-9.46955060638803e-11,-8.843071872796153e-11,0.9999996716821676,0.9999996669713196,0.999999673977438,-8.925897282375232e-11,-8.800978162071517e-11,-1.0343229481696547e-10,-1.0390468093587936e-10,-8.981381897245332e-11,0.9999986401016651,-8.810717029850237e-11,-1.0597426614163336e-10,-8.925897263570403e-11,0.999999671682169,0.9999996716821684,0.9999996669144967,0.9999996662085044,0.9999996753395357
-1.509932747369029e-06,1.653648833729274e-17,1.8017245143651273e-17,-8.810717029912981e-11,-8.81071703324739e-11,-8.810717002626495e-11,-1.7486470083019263e-07,1.5590884238319758e-17,1.5914625889050032e-17,1.563614870735009e-17,1.5932109341242143e-17,-8.81071703324739e-11,1.8017245143651273e-17,1.5560168703794304e-17,1.6678774118093104e-17,1.4893409487166224e-17,-8.810717031598664e-11,1.6678774118093104e-17,-8.810717031598664e-11,1.65197348890516e-17,1.4893409487166224e-17,-8.810717031626924e-11,-8.81071700141125e-11,-8.810717041907015e-11,1.5372265637446668e-17,1.563614870735009e-17,1.886029011110554e-17,3.5833174134965335e-14,1.5932109341242143e-17,-8.810717029850237e-11,-1.031580785009289e-06,1.8429695157187075e-17,1.496897999197266e-17,-8.810717031090122e-11,-8.810717028697574e-11,-8.810716993314978e-11,-8.810716976655627e-11,-8.810717053817727e-11
-1.545393277297022e-06,4.0143160018739806e-14,2.1925684395764594e-17,-1.0597426604143572e-10,-1.0597426622650692e-10,-2.103252026947695e-07,-2.1032519979918989e-07,3.737395709439993e-14,3.742675812832593e-14,1.876391411864628e-17,1.887464609314688e-17,-1.0597426611169926e-10,2.1955265283989198e-17,3.6536172240250816e-14,2.0301398040117614e-17,1.8451254007959065e-17,-1.0597426618783277e-10,2.0355008429596728e-17,-1.0597426601779744e-10,3.943732190129648e-14,1.877471650979097e-17,-1.0597426617141973e-10,-2.1032520269476977e-07,-1.0597426627331962e-10,3.724057288924136e-14,1.8344778975965997e-17,4.311461950122387e-14,4.3330413053934545e-14,1.8903003163578467e-17,-1.0597426614163336e-10,1.8429695157187075e-17,-1.0315807695632524e-06,3.7240572794666586e-14,-1.0597426617141973e-10,-1.0597426618783277e-10,-1.059742656498001e-10,-1.059742655991195e-10,-1.0597426648716022e-10
-1.512218709926747e-06,3.373250737894565e-14,1.8161807956816815e-17,-8.925897276678894e-11,-8.925897259903823e-11,-8.925897253085262e-11,-1.7715066147336464e-07,1.5495090002412077e-17,3.145521969397325e-14,1.506708956859744e-17,1.580267013301331e-17,-8.925897276390102e-11,1.8002078062275e-17,1.5460715011390994e-17,1.7104857152977312e-17,1.5785794924028743e-17,-8.925897270111129e-11,1.733317103766927e-17,-8.925897259903823e-11,1.683656067216092e-17,1.5785794924028743e-17,-8.925897276678894e-11,-8.925897232494705e-11,-8.925897312991622e-11,3.1291594696954825e-14,1.5838556257894732e-17,1.8061255483778336e-17,1.8325910223541006e-17,1.6010741852304995e-17,-8.925897263570403e-11,1.496897999197266e-17,3.7240572794666586e-14,-1.0315807834264515e-06,-8.92589727796989e-11,-8.925897267189667e-11,-8.925897233986299e-11,-8.925897228158638e-11,-8.925897297482264e-11
0.9999992816979437,-9.620474681422695e-11,-1.0348440090734212e-10,0.9999996716821691,0.9999996716821706,0.9999996669713177,0.9999996509603084,-8.955196246658897e-11,-8.966507385119039e-11,-8.80097798999687e-11,-8.981381921998672e-11,0.9999996716821684,-1.0348440068303394e-10,-8.775129221714865e-11,-9.680911003233978e-11,-8.843071830931491e-11,0.9999996716821691,-9.680910988963441e-11,0.999999671682168,-9.469550615437255e-11,-8.84307186765516e-11,0.9999996716821684,0.9999996669713208,0.9999996739774387,-8.925897277273411e-11,-8.800978172765009e-11,-1.0343229487839525e-10,-1.0390468078059284e-10,-8.981381908146897e-11,0.999999671682169,-8.810717031090122e-11,-1.0597426617141973e-10,-8.92589727796989e-11,0.9999986401016666,0.999999671682169,0.9999996669144979,0.9999996662085046,0.9999996753395366
0.999999281697944,-9.620474680361946e-11,-1.0348440073329552e-10,0.9999996716821676,0.9999996716821684,0.9999996669713177,0.9999996509603081,-8.95519624973875e-11,-8.966507378443778e-11,-8.80097798627531e-11,-8.981381922571077e-11,0.99999967168217,-1.0348440069876396e-10,-8.775129216674535e-11,-9.680910996506598e-11,-8.843071853125058e-11,0.9999996716821703,-9.680911008338562e-11,0.9999996716821682,-9.469550614058856e-11,-8.843071883777444e-11,0.9999996716821672,0.9999996669713196,0.9999996739774377,-8.925897273950726e-11,-8.800978162071517e-11,-1.0343229468525735e-10,-1.0390468093587936e-10,-8.981381897245332e-11,0.9999996716821684,-8.810717028697574e-11,-1.0597426618783277e-10,-8.925897267189667e-11,0.999999671682169,0.9999986401016646,0.999999666914496,0.9999996662085047,0.9999996753395357
0.9999992769302549,-9.62047466122746e-11,-2.053836132628438e-07,0.9999996669144962,0.9999996669144965,0.9999996622036441,0.9999996461926345,-8.955196211508276e-11,-8.966507332057235e-11,-8.800977972088569e-11,-8.98138188871678e-11,0.9999996669144967,-2.0538361297874525e-07,-8.775129187008576e-11,-9.680910961188457e-11,-8.843071811037531e-11,0.9999996669144975,-9.68091097858917e-11,0.9999996669144949,-1.8794045367175592e-07,-8.843071844994616e-11,0.9999996669144969,0.9999996622036471,0.9999996692097656,-8.925897252863672e-11,-8.800978151620485e-11,-1.0343229446669669e-10,-1.0390468049014674e-10,-8.981381866515665e-11,0.9999996669144967,-8.810716993314978e-11,-1.059742656498001e-10,-8.925897233986299e-11,0.9999996669144979,0.999999666914496,0.9999986305663197,0.9999996614408313,0.9999996705718651
0.9999992762242655,-9.620474653765984e-11,-2.0538361308727518e-07,0.9999996662085037,0.9999996662085041,0.9999996614976521,0.9999996454866424,-8.955196205706935e-11,-8.966507344651633e-11,-8.800977968140194e-11,-8.981381872512996e-11,0.9999996662085049,-2.053836128031766e-07,-8.775129180758439e-11,-9.680910953908516e-11,-8.84307179578254e-11,0.9999996662085051,-9.680910952369501e-11,0.9999996662085031,-9.469550573463454e-11,-8.843071835164274e-11,0.9999996662085033,0.9999996614976535,0.9999996685037746,-8.925897233769246e-11,-8.800978145512569e-11,-1.0343229432541848e-10,-1.0390468034425551e-10,-8.981381854539384e-11,0.9999996662085044,-8.810716976655627e-11,-1.059742655991195e-10,-8.925897228158638e-11,0.9999996662085046,0.9999996662085047,0.9999996614408313,0.9999986291543306,0.9999996698658716
0.9999992853553172,-9.620474732444639e-11,-1.0348440113790334e-10,0.9999996753395357,0.9999996753395365,0.9999996706286837,0.9999996546176745,-8.955196286967954e-11,-8.966507416766415e-11,-8.80097802441668e-11,-8.981381942355582e-11,0.9999996753395357,-1.0348440100714444e-10,-8.775129240501546e-11,-1.9213528540184947e-07,-8.843071870523725e-11,0.9999996753395372,-1.9213528552429685e-07,0.9999996753395344,-9.469550645796023e-11,-8.843071896004045e-11,0.9999996753395359,0.9999996706286858,0.9999996776348046,-8.92589730772912e-11,-8.800978200990191e-11,-1.0343229526178004e-10,-1.0390468130824907e-10,-8.981381910260278e-11,0.9999996753395357,-8.810717053817727e-11,-1.0597426648716022e-10,-8.925897297482264e-11,0.9999996753395366,0.9999996753395357,0.9999996705718651,0.9999996698658716,0.9999986474164019
