1.0000000006339111,-3.5466400024120312e-06,1.0000047989996488,-3.7910472594341656e-06,1.0000043963819523,-3.5466400094871043e-06,-3.31002866434643e-06,1.0000047989996477,-3.3097557405444664e-06,-3.5466400094509144e-06,1.0000043620855734,-3.302783827379993e-06,1.0000043452750877,-3.3100286641235443e-06,-3.300427720511739e-06,-3.649877853470468e-06,-3.5466400094865817e-06,1.0000046112558696,1.0000041835307956,1.0000047989996481,1.0000047989996508,-3.782098528444274e-06,-3.5324210433714566e-06,1.00000479899965,-3.3004277244106746e-06,-3.649877854987556e-06,-3.785974790346153e-06,-3.3100286641180157e-06,-3.3100286675415264e-06,1.0000043445097906,1.0000047162779797,-3.3112382545994234e-06,-3.309755740538568e-06,1.000004798999651,-3.3100481379980823e-06,1.0000046841310315,-3.3120457282606702e-06
-3.5466400024120312e-06,-2.5617740258815282e-06,-3.6255351630128125e-10,4.549057573237365e-16,-7.193972842306389e-07,4.758284000096628e-13,2.5687749830479614e-16,-3.625535162352097e-10,9.780823008401046e-16,4.758283995391005e-13,-7.193972984065419e-07,1.9100832085104686e-16,-7.193971672824097e-07,2.5682823737944336e-16,2.341477014040426e-16,-1.0393377687632581e-16,4.75828399759035e-13,-3.625534043459689e-10,-7.193970399556479e-07,-3.625535162352097e-10,-3.6255351633730015e-10,7.015031553745234e-13,2.187524179003716e-16,-3.6255351605457256e-10,2.340750508495743e-16,-1.0393377687632581e-16,5.506997184566801e-16,2.5693710980438746e-16,2.569368334661372e-16,-7.193972735426166e-07,-3.625533880610579e-10,-3.545595136193726e-16,9.780779954282569e-16,-3.625535162352097e-10,6.878831311127246e-16,-3.625534649139576e-10,-2.7665539618656576e-16
1.0000047989996488,-3.6255351630128125e-10,1.000003584836608,-4.857261418114501e-10,1.0000057439938803,-3.6255351663066457e-10,-2.4330861307846196e-10,1.0000061466101082,-2.4316757231147907e-10,-3.62553516336588e-10,1.0000057096973702,-2.396577702107212e-10,1.0000056928875178,-2.433086134891064e-10,-2.384701646809614e-10,-4.1458383999321564e-10,-3.625535163073258e-10,1.000005958867188,1.000005531143605,1.0000061466101062,1.0000061466101053,-4.812167861467684e-10,-3.5538770597321936e-10,1.000006146610107,-2.384701646371163e-10,-4.145838402478789e-10,-4.831693147675871e-10,-2.4330861410967774e-10,-2.433086128109502e-10,1.0000056921217015,1.0000060638895687,-2.43921154102557e-10,-2.4316757268038683e-10,1.0000061466101067,-2.4331634207458394e-10,1.0000060317418478,-2.4432771852865233e-10
-3.7910472594341656e-06,4.549057573237365e-16,-4.857261418114501e-10,-2.5617745362182865e-06,-9.638034711313598e-07,4.547164457644258e-16,-1.473882319892728e-16,-4.857261415896047e-10,-3.5485427695258036e-15,4.549057573237365e-16,-9.638032543346917e-07,1.4756518321919192e-16,-9.638037991268556e-07,-1.473882319892728e-16,-6.141339887002268e-17,2.3035424506978413e-15,4.547164457644258e-16,-9.638035142127398e-07,-9.638036923076752e-07,-4.857261411146598e-10,-4.857261415896047e-10,4.3644005352718657e-16,5.2223008050389525e-16,-4.857261415896085e-10,-6.152609225502583e-17,2.3035424506978413e-15,-4.842983257845113e-16,-1.473882319892728e-16,-1.473882319892728e-16,-9.638032946830256e-07,-9.638041233791713e-07,2.7383932948646257e-15,-3.548542769525806e-15,-4.857261411146598e-10,-2.180679594836147e-15,-4.857261309287101e-10,2.373970561264424e-15
1.0000043963819523,-7.193972842306389e-07,1.0000057439938803,-9.638034711313598e-07,1.0000027796038793,-7.193972849642198e-07,-2.4330873982485674e-10,1.000005743993882,-2.431696982471338e-10,-7.193972843098344e-07,1.000005307081066,-2.396577218142917e-10,1.0000052902708867,-2.4330874007122313e-10,-2.3847023821720393e-10,-8.22636447064362e-07,-7.193972845535921e-07,1.000005556250782,1.0000051285270064,1.0000057439938803,1.0000057439938792,-9.548552289558743e-07,-3.553874564528679e-10,1.000005743993881,-2.384702384054532e-10,-8.226364472302861e-07,-4.831696811736348e-10,-2.4330874064933304e-10,-2.433087397240294e-10,1.000005289505368,1.0000056612728296,-2.4391958557011866e-10,-2.4316969880989493e-10,1.0000057439938808,-2.433176635381158e-10,1.000005629125607,-2.4432636455505496e-10
-3.5466400094871043e-06,4.758284000096628e-13,-3.6255351663066457e-10,4.547164457644258e-16,-7.193972849642198e-07,-2.5617740258815282e-06,2.569368334661372e-16,-3.6255351663066457e-10,9.782936317277082e-16,4.758283999542165e-13,-7.193972991401216e-07,1.910276207148164e-16,-7.1939716801599e-07,2.5682823737944336e-16,2.3410100876907605e-16,-1.0394683035610725e-16,4.758284001741504e-13,-3.6255340444345476e-10,-7.193970406892273e-07,-3.625535164881983e-10,-3.625535166424315e-10,7.015031559126185e-13,2.1869957241732916e-16,-3.625535164881983e-10,2.341129009257998e-16,-1.0393377687632581e-16,5.507207900582762e-16,2.5687749830479614e-16,2.5693710980438746e-16,-7.193972742761963e-07,-3.625533886462566e-10,-3.545595136193726e-16,9.780584550229007e-16,-3.625535164881983e-10,6.878831311127246e-16,-3.6255346531958953e-10,-2.7665539618656576e-16
-3.31002866434643e-06,2.5687749830479614e-16,-2.4330861307846196e-10,-1.473882319892728e-16,-2.4330873982485674e-10,2.569368334661372e-16,-2.5617748653242717e-06,-2.433086130144581e-10,-2.8551122728741586e-15,2.5682823737944336e-16,-2.433086584341906e-10,4.9313526977198446e-17,-2.433088764671524e-10,-3.6247123125688535e-13,-2.2679484577119445e-13,1.6966117699081114e-15,2.5693710980438746e-16,-2.433087284090071e-10,-4.827861896786082e-07,-2.4330861308487075e-10,-2.433086129637169e-10,2.1056518227480012e-16,3.1176934636741707e-16,-2.4330861308487075e-10,-2.2679484601235327e-13,1.696355946735681e-15,-5.127483770197334e-16,-3.6247123083053014e-13,-3.624712312721419e-13,-2.433086766430635e-10,-2.4330895630678764e-10,2.084236595670542e-15,-2.8551122728741586e-15,-2.43308613028598e-10,-1.7806782784707922e-15,-2.4330861909481575e-10,1.798595976060014e-15
1.0000047989996477,-3.625535162352097e-10,1.0000061466101082,-4.857261415896047e-10,1.000005743993882,-3.6255351663066457e-10,-2.433086130144581e-10,1.0000035848366122,-2.4316757221699907e-10,-3.62553516336588e-10,1.0000057096973722,-2.396577701933729e-10,1.0000056928875194,-2.433086134891064e-10,-2.3847016462154064e-10,-4.1458383999321575e-10,-3.625535163073258e-10,1.0000059588671897,1.0000055311436062,1.0000061466101082,1.0000061466101065,-4.81216786356012e-10,-3.5538770596288364e-10,1.0000061466101076,-2.3847016465112217e-10,-4.1458384019231595e-10,-4.831693147675871e-10,-2.4330861399452954e-10,-2.433086128109502e-10,1.0000056921217015,1.0000060638895703,-2.4392115395562497e-10,-2.4316757278252637e-10,1.000006146610108,-2.4331634207458394e-10,1.0000060317418484,-2.4432771831396334e-10
-3.3097557405444664e-06,9.780823008401046e-16,-2.4316757231147907e-10,-3.5485427695258036e-15,-2.431696982471338e-10,9.782936317277082e-16,-2.8551122728741586e-15,-2.4316757221699907e-10,-2.561832432876225e-06,9.7795582166794e-16,-2.431689700032715e-10,-1.0712135805304765e-12,-2.431711601085658e-10,-2.855222217064564e-15,-4.2758983764284345e-12,1.4980606527974252e-14,9.780823008402644e-16,-2.431691184758769e-10,-4.825132561928114e-07,-2.431675722661369e-10,-2.4316757216884485e-10,9.821503045426384e-18,3.0780734029820285e-12,-2.431675722661369e-10,-4.275898376675911e-12,1.498007227105826e-14,-7.142285257698953e-15,-2.855241600991721e-15,-2.855241600991721e-15,-2.4316918708334675e-10,-2.4317114203425257e-10,1.954660457178793e-14,-5.798708596146857e-11,-2.431675722661369e-10,-3.69435895396837e-11,-2.4316787939774274e-10,1.6715858104274747e-14
-3.5466400094509144e-06,4.758283995391005e-13,-3.62553516336588e-10,4.549057573237365e-16,-7.193972843098344e-07,4.758283999542165e-13,2.5682823737944336e-16,-3.62553516336588e-10,9.7795582166794e-16,-2.5617740258815282e-06,-7.193972984857365e-07,1.909590950313775e-16,-7.193971673616035e-07,2.5682823737944336e-16,2.340896559675975e-16,-1.0398904249146565e-16,4.758283997035893e-13,-3.625534042445744e-10,-7.193970400348426e-07,-3.62553516336588e-10,-3.62553516336588e-10,7.015031553072877e-13,2.1872288672449126e-16,-3.62553516336588e-10,2.3412984867938723e-16,-1.0393377687632581e-16,5.506997184566801e-16,2.5696687485408857e-16,2.569368334661372e-16,-7.193972736218115e-07,-3.6255338803262997e-10,-3.545595136193726e-16,9.780823008402644e-16,-3.62553516336588e-10,6.88162022683951e-16,-3.625534649982764e-10,-2.7710670058607123e-16
1.0000043620855734,-7.193972984065419e-07,1.0000057096973702,-9.638032543346917e-07,1.000005307081066,-7.193972991401216e-07,-2.433086584341906e-10,1.0000057096973722,-2.431689700032715e-10,-7.193972984857365e-07,1.0000027110110612,-2.396576972561225e-10,1.000005255974575,-2.4330865892882813e-10,-2.384701744299193e-10,-4.1458290371440385e-10,-7.193972987294937e-07,1.0000055219543569,1.0000050942307055,1.000005709697371,1.0000057096973696,-9.548551852457674e-07,-3.553874779300172e-10,1.0000057096973707,-2.38470174354512e-10,-4.1458290352422924e-10,-9.58730229821027e-07,-2.433086593571179e-10,-2.433086585331415e-10,1.0000052552089562,1.0000056269764976,-2.439200534083795e-10,-2.4316897043188786e-10,1.000005709697371,-2.433171954403232e-10,1.0000055948291189,-2.443267630232065e-10
-3.302783827379993e-06,1.9100832085104686e-16,-2.396577702107212e-10,1.4756518321919192e-16,-2.396577218142917e-10,1.910276207148164e-16,4.9313526977198446e-17,-2.396577701933729e-10,-1.0712135805304765e-12,1.909590950313775e-16,-2.396576972561225e-10,-2.561774301713318e-06,-2.3965774211687414e-10,4.943902034799389e-17,1.2461184889224922e-13,1.0478929187048922e-12,1.910276207148164e-16,-2.39657759608427e-10,-4.755413875693341e-07,-2.3965777016526916e-10,-2.39657770193924e-10,2.247551017444912e-16,3.973633184082848e-13,-2.396577702563582e-10,1.2461184866935247e-13,1.0478929189090777e-12,6.613728440499188e-17,4.943902034799389e-17,4.9313526977198446e-17,-2.3965769793567635e-10,-2.3965783020408617e-10,1.0921211473903898e-12,-1.0712135800066533e-12,-2.39657770239571e-10,-6.007644052673481e-13,-2.396577493727073e-10,9.67125280847598e-13
1.0000043452750877,-7.193971672824097e-07,1.0000056928875178,-9.638037991268556e-07,1.0000052902708867,-7.1939716801599e-07,-2.433088764671524e-10,1.0000056928875194,-2.431711601085658e-10,-7.193971673616035e-07,1.000005255974575,-2.3965774211687414e-10,1.0000026773905921,-2.433088768122188e-10,-2.384703399264562e-10,-8.226349352005137e-07,-7.193971676053616e-07,1.0000055051442696,1.0000050774202824,1.0000056928875192,1.0000056928875158,-9.548552021825867e-07,-3.553873688291524e-10,1.0000056928875176,-2.384703398754144e-10,-8.226349353664398e-07,-9.587313064152421e-07,-2.4330887731155014e-10,-2.4330887649900323e-10,1.0000052383988527,1.0000056101661128,-2.4391859809394973e-10,-2.431711606596957e-10,1.0000056928875192,-2.433185924263343e-10,1.000005578019215,-2.4432551922410373e-10
-3.3100286641235443e-06,2.5682823737944336e-16,-2.433086134891064e-10,-1.473882319892728e-16,-2.4330874007122313e-10,2.5682823737944336e-16,-3.6247123125688535e-13,-2.433086134891064e-10,-2.855222217064564e-15,2.5682823737944336e-16,-2.4330865892882813e-10,4.943902034799389e-17,-2.433088768122188e-10,-2.5617748653242717e-06,-2.2679484578885522e-13,1.69635465997649e-15,2.569368334661372e-16,-2.433087285855008e-10,-4.827861902573155e-07,-2.4330861349705397e-10,-2.433086133131683e-10,2.107226410167259e-16,3.120803904289353e-16,-2.433086135113074e-10,-2.2679484603001444e-13,1.6966117699081114e-15,-5.121387471119922e-16,-3.6247123090158543e-13,-3.6247123134319764e-13,-2.4330867692841004e-10,-2.433089564910034e-10,2.0847998273667716e-15,-2.855222217064564e-15,-2.433086134884557e-10,-1.7806782784707922e-15,-2.433086194293277e-10,1.7983124503264916e-15
-3.300427720511739e-06,2.341477014040426e-16,-2.384701646809614e-10,-6.141339887002268e-17,-2.3847023821720393e-10,2.3410100876907605e-16,-2.2679484577119445e-13,-2.3847016462154064e-10,-4.2758983764284345e-12,2.340896559675975e-16,-2.384701744299193e-10,1.2461184889224922e-13,-2.384703399264562e-10,-2.2679484578885522e-13,-2.561774623408523e-06,2.657930183115041e-12,2.341198668935196e-16,-2.384702415209688e-10,-4.7318530171835807e-07,-2.3847016468249263e-10,-2.384701646812915e-10,2.1125263046061677e-16,5.461477226790507e-13,-2.3847016472002983e-10,-1.2456898094023536e-13,2.6579301833131384e-12,-3.4083804179904506e-16,-2.2679484531086566e-13,-2.2679484583958907e-13,-2.384701871541728e-10,-2.3847042220808085e-10,3.2099774148860143e-12,-4.275898375892417e-12,-2.384701646898491e-10,-2.647594619307715e-12,-2.3847016266073893e-10,2.776218900994754e-12
-3.649877853470468e-06,-1.0393377687632581e-16,-4.1458383999321564e-10,2.3035424506978413e-15,-8.22636447064362e-07,-1.0394683035610725e-16,1.6966117699081114e-15,-4.1458383999321575e-10,1.4980606527974252e-14,-1.0398904249146565e-16,-4.1458290371440385e-10,1.0478929187048922e-12,-8.226349352005137e-07,1.69635465997649e-15,2.657930183115041e-12,-2.5617885455352978e-06,-1.0393377687632581e-16,-8.226372530622978e-07,-8.226346185370003e-07,-4.1458383999321564e-10,-4.1458383963454186e-10,5.101850633654054e-16,-7.942518590672224e-13,-4.1458383999321575e-10,2.6579301826766673e-12,-1.4059902050936203e-11,4.110279376730303e-15,1.696355946735681e-15,1.696355946735681e-15,-8.226369019134237e-07,-4.145819994634017e-10,-9.572421029907462e-15,1.4980606527974252e-14,-4.1458383999321564e-10,9.638794974867401e-15,-8.22638565717893e-07,-8.149482856207856e-15
-3.5466400094865817e-06,4.75828399759035e-13,-3.625535163073258e-10,4.547164457644258e-16,-7.193972845535921e-07,4.758284001741504e-13,2.5693710980438746e-16,-3.625535163073258e-10,9.780823008402644e-16,4.758283997035893e-13,-7.193972987294937e-07,1.910276207148164e-16,-7.193971676053616e-07,2.569368334661372e-16,2.341198668935196e-16,-1.0393377687632581e-16,-2.5617740258815282e-06,-3.625534041467575e-10,-7.193970402785998e-07,-3.6255351655350764e-10,-3.6255351667800587e-10,7.015031555915618e-13,2.187524179003716e-16,-3.6255351667800587e-10,2.340750508495743e-16,-1.0394683035610725e-16,5.506919547635088e-16,2.5682823737944336e-16,2.5700992641868205e-16,-7.19397273865569e-07,-3.6255338824747266e-10,-3.546334204984648e-16,9.780823008401693e-16,-3.6255351667800587e-10,6.878831311127258e-16,-3.625534651302496e-10,-2.7710670058607123e-16
1.0000046112558696,-3.625534043459689e-10,1.000005958867188,-9.638035142127398e-07,1.000005556250782,-3.6255340444345476e-10,-2.433087284090071e-10,1.0000059588671897,-2.431691184758769e-10,-3.625534042445744e-10,1.0000055219543569,-2.39657759608427e-10,1.0000055051442696,-2.433087285855008e-10,-2.384702415209688e-10,-8.226372530622978e-07,-3.625534041467575e-10,1.000003209350594,1.0000053434003635,1.0000059588671895,1.0000059588671872,-9.548554253552161e-07,-7.051786367490809e-07,1.0000059588671888,-2.3847024154232875e-10,-8.226372532282236e-07,-9.587305103301526e-07,-2.433087292451088e-10,-2.4330872834179336e-10,1.0000055043786635,1.0000058761462756,-2.439200555653569e-10,-2.431691190180852e-10,1.0000059588671888,-2.433173126891896e-10,1.0000058439989068,-2.4432677390990135e-10
1.0000041835307956,-7.193970399556479e-07,1.000005531143605,-9.638036923076752e-07,1.0000051285270064,-7.193970406892273e-07,-4.827861896786082e-07,1.0000055311436062,-4.825132561928114e-07,-7.193970400348426e-07,1.0000050942307055,-4.755413875693341e-07,1.0000050774202824,-4.827861902573155e-07,-4.7318530171835807e-07,-8.226346185370003e-07,-7.193970402785998e-07,1.0000053434003635,1.0000023539028036,1.000005531143605,1.000005531143603,-9.548550499673358e-07,-7.051781181391204e-07,1.0000055311436047,-4.7318530160633103e-07,-8.22634618702926e-07,-9.587312448372083e-07,-4.827861913436785e-07,-4.827861895671124e-07,1.0000050766549828,1.0000054484221674,-4.839957533796027e-07,-4.825132573024977e-07,1.000005531143605,-4.82805665667989e-07,1.0000054162753156,-4.848032233304073e-07
1.0000047989996481,-3.625535162352097e-10,1.0000061466101062,-4.857261411146598e-10,1.0000057439938803,-3.625535164881983e-10,-2.4330861308487075e-10,1.0000061466101082,-2.431675722661369e-10,-3.62553516336588e-10,1.000005709697371,-2.3965777016526916e-10,1.0000056928875192,-2.4330861349705397e-10,-2.3847016468249263e-10,-4.1458383999321564e-10,-3.6255351655350764e-10,1.0000059588671895,1.000005531143605,1.000003584836608,1.0000061466101058,-4.812167861464673e-10,-3.5538770598455044e-10,1.0000061466101076,-2.3847016466697276e-10,-4.145838402478789e-10,-4.83169314731288e-10,-2.43308614181993e-10,-2.433086131602202e-10,1.0000056921217018,1.000006063889569,-2.439211539612243e-10,-2.4316757271649534e-10,1.0000061466101073,-2.4331634207458394e-10,1.000006031741847,-2.4432771853747256e-10
1.0000047989996508,-3.6255351633730015e-10,1.0000061466101053,-4.857261415896047e-10,1.0000057439938792,-3.625535166424315e-10,-2.433086129637169e-10,1.0000061466101065,-2.4316757216884485e-10,-3.62553516336588e-10,1.0000057096973696,-2.39657770193924e-10,1.0000056928875158,-2.433086133131683e-10,-2.384701646812915e-10,-4.1458383963454186e-10,-3.6255351667800587e-10,1.0000059588671872,1.000005531143603,1.0000061466101058,1.00000358483661,-4.81216786078975e-10,-3.5538770598550243e-10,1.0000061466101056,-2.384701645897805e-10,-4.145838402478789e-10,-4.831693147675871e-10,-2.4330861410967774e-10,-2.433086128109502e-10,1.0000056921216989,1.0000060638895667,-2.43921154102557e-10,-2.4316757278252637e-10,1.000006146610106,-2.43316342113095e-10,1.0000060317418464,-2.4432771831396334e-10
-3.782098528444274e-06,7.015031553745234e-13,-4.812167861467684e-10,4.3644005352718657e-16,-9.548552289558743e-07,7.015031559126185e-13,2.1056518227480012e-16,-4.81216786356012e-10,9.821503045426384e-18,7.015031553072877e-13,-9.548551852457674e-07,2.247551017444912e-16,-9.548552021825867e-07,2.107226410167259e-16,2.1125263046061677e-16,5.101850633654054e-16,7.015031555915618e-13,-9.548554253552161e-07,-9.548550499673358e-07,-4.812167861464673e-10,-4.81216786078975e-10,-2.5617735865968498e-06,3.510560715530581e-16,-4.812167863469042e-10,2.1128052758345412e-16,5.102658392897577e-16,4.073338364505413e-16,2.107226410167259e-16,2.1052877096820477e-16,-9.54855171733829e-07,-9.54855556098583e-07,3.814128253089792e-16,9.821503045426384e-18,-4.812167863520202e-10,9.072137723010751e-17,-4.812167335922207e-10,3.6044824403176405e-16
-3.5324210433714566e-06,2.187524179003716e-16,-3.5538770597321936e-10,5.2223008050389525e-16,-3.553874564528679e-10,2.1869957241732916e-16,3.1176934636741707e-16,-3.5538770596288364e-10,3.0780734029820285e-12,2.1872288672449126e-16,-3.553874779300172e-10,3.973633184082848e-13,-3.553873688291524e-10,3.120803904289353e-16,5.461477226790507e-13,-7.942518590672224e-13,2.187524179003716e-16,-7.051786367490809e-07,-7.051781181391204e-07,-3.5538770598455044e-10,-3.5538770598550243e-10,3.510560715530581e-16,-2.561774128614788e-06,-3.5538770589823435e-10,5.461477223386468e-13,-7.942518587562539e-13,6.886744969124109e-16,3.120803904289353e-16,3.118552410453398e-16,-7.051784339494824e-07,-7.051785258547979e-07,-1.4672318308088981e-12,3.0780734037368126e-12,-3.5538770597321874e-10,2.089066491295197e-12,-7.051788060523224e-07,-1.2028204857318051e-12
1.00000479899965,-3.6255351605457256e-10,1.000006146610107,-4.857261415896085e-10,1.000005743993881,-3.625535164881983e-10,-2.4330861308487075e-10,1.0000061466101076,-2.431675722661369e-10,-3.62553516336588e-10,1.0000057096973707,-2.396577702563582e-10,1.0000056928875176,-2.433086135113074e-10,-2.3847016472002983e-10,-4.1458383999321575e-10,-3.6255351667800587e-10,1.0000059588671888,1.0000055311436047,1.0000061466101076,1.0000061466101056,-4.812167863469042e-10,-3.5538770589823435e-10,1.0000035848366131,-2.384701646371163e-10,-4.1458384053021003e-10,-4.8316931467825e-10,-2.4330861399452954e-10,-2.4330861285248217e-10,1.0000056921217009,1.0000060638895687,-2.4392115394485384e-10,-2.431675728675316e-10,1.0000061466101076,-2.4331634208374073e-10,1.000006031741846,-2.443277183857946e-10
-3.3004277244106746e-06,2.340750508495743e-16,-2.384701646371163e-10,-6.152609225502583e-17,-2.384702384054532e-10,2.341129009257998e-16,-2.2679484601235327e-13,-2.3847016465112217e-10,-4.275898376675911e-12,2.3412984867938723e-16,-2.38470174354512e-10,1.2461184866935247e-13,-2.384703398754144e-10,-2.2679484603001444e-13,-1.2456898094023536e-13,2.6579301826766673e-12,2.340750508495743e-16,-2.3847024154232875e-10,-4.7318530160633103e-07,-2.3847016466697276e-10,-2.384701645897805e-10,2.1128052758345412e-16,5.461477223386468e-13,-2.384701646371163e-10,-2.561774623408523e-06,2.657930182874757e-12,-3.4085937246172146e-16,-2.2679484555202367e-13,-2.2679484608074758e-13,-2.3847018705327683e-10,-2.3847042209299485e-10,3.2099774146293234e-12,-4.275898376139897e-12,-2.3847016465695483e-10,-2.6475946195495388e-12,-2.384701626066376e-10,2.776218900734235e-12
-3.649877854987556e-06,-1.0393377687632581e-16,-4.145838402478789e-10,2.3035424506978413e-15,-8.226364472302861e-07,-1.0393377687632581e-16,1.696355946735681e-15,-4.1458384019231595e-10,1.498007227105826e-14,-1.0393377687632581e-16,-4.1458290352422924e-10,1.0478929189090777e-12,-8.226349353664398e-07,1.6966117699081114e-15,2.6579301833131384e-12,-1.4059902050936203e-11,-1.0394683035610725e-16,-8.226372532282236e-07,-8.22634618702926e-07,-4.145838402478789e-10,-4.145838402478789e-10,5.102658392897577e-16,-7.942518587562539e-13,-4.1458384053021003e-10,2.657930182874757e-12,-2.5617885455352978e-06,4.110279376730303e-15,1.696355946735681e-15,1.6966117699081114e-15,-8.226369020793488e-07,-4.145819998846326e-10,-9.572421029907462e-15,1.4980348174462474e-14,-4.145838402478789e-10,9.638863998085682e-15,-8.226385658838185e-07,-8.149482856207856e-15
-3.785974790346153e-06,5.506997184566801e-16,-4.831693147675871e-10,-4.842983257845113e-16,-4.831696811736348e-10,5.507207900582762e-16,-5.127483770197334e-16,-4.831693147675871e-10,-7.142285257698953e-15,5.506997184566801e-16,-9.58730229821027e-07,6.613728440499188e-17,-9.587313064152421e-07,-5.121387471119922e-16,-3.4083804179904506e-16,4.110279376730303e-15,5.506919547635088e-16,-9.587305103301526e-07,-9.587312448372083e-07,-4.83169314731288e-10,-4.831693147675871e-10,4.073338364505413e-16,6.886744969124109e-16,-4.8316931467825e-10,-3.4085937246172146e-16,4.110279376730303e-15,-2.5617772512548205e-06,-5.124795841026664e-16,-5.131111610472782e-16,-9.58730323811291e-07,-9.587316036477092e-07,5.113155948916667e-15,-7.142221841165753e-15,-4.831693147675069e-10,-4.4757503172547445e-15,-9.587299534419354e-07,4.4023502508859785e-15
-3.3100286641180157e-06,2.5693710980438746e-16,-2.4330861410967774e-10,-1.473882319892728e-16,-2.4330874064933304e-10,2.5687749830479614e-16,-3.6247123083053014e-13,-2.4330861399452954e-10,-2.855241600991721e-15,2.5696687485408857e-16,-2.433086593571179e-10,4.943902034799389e-17,-2.4330887731155014e-10,-3.6247123090158543e-13,-2.2679484531086566e-13,1.696355946735681e-15,2.5682823737944336e-16,-2.433087292451088e-10,-4.827861913436785e-07,-2.43308614181993e-10,-2.4330861410967774e-10,2.107226410167259e-16,3.120803904289353e-16,-2.4330861399452954e-10,-2.2679484555202367e-13,1.696355946735681e-15,-5.124795841026664e-16,-2.5617748653242717e-06,-3.6247123091684223e-13,-2.4330867750203317e-10,-2.433089571702789e-10,2.0847998273667716e-15,-2.8551122728741586e-15,-2.433086141421707e-10,-1.780571532954123e-15,-2.4330861980372893e-10,1.7983124503264916e-15
-3.3100286675415264e-06,2.569368334661372e-16,-2.433086128109502e-10,-1.473882319892728e-16,-2.433087397240294e-10,2.5693710980438746e-16,-3.624712312721419e-13,-2.433086128109502e-10,-2.855241600991721e-15,2.569368334661372e-16,-2.433086585331415e-10,4.9313526977198446e-17,-2.4330887649900323e-10,-3.6247123134319764e-13,-2.2679484583958907e-13,1.696355946735681e-15,2.5700992641868205e-16,-2.4330872834179336e-10,-4.827861895671124e-07,-2.433086131602202e-10,-2.433086128109502e-10,2.1052877096820477e-16,3.118552410453398e-16,-2.4330861285248217e-10,-2.2679484608074758e-13,1.6966117699081114e-15,-5.131111610472782e-16,-3.6247123091684223e-13,-2.5617748653242717e-06,-2.4330867661624376e-10,-2.433089560722868e-10,2.084775452320679e-15,-2.8551912317007466e-15,-2.433086129505142e-10,-1.780571532954123e-15,-2.4330861899131824e-10,1.7983124503264916e-15
1.0000043445097906,-7.193972735426166e-07,1.0000056921217015,-9.638032946830256e-07,1.000005289505368,-7.193972742761963e-07,-2.433086766430635e-10,1.0000056921217015,-2.4316918708334675e-10,-7.193972736218115e-07,1.0000052552089562,-2.3965769793567635e-10,1.0000052383988527,-2.4330867692841004e-10,-2.384701871541728e-10,-8.226369019134237e-07,-7.19397273865569e-07,1.0000055043786635,1.0000050766549828,1.0000056921217018,1.0000056921216989,-9.54855171733829e-07,-7.051784339494824e-07,1.0000056921217009,-2.3847018705327683e-10,-8.226369020793488e-07,-9.58730323811291e-07,-2.4330867750203317e-10,-2.4330867661624376e-10,1.0000026758596903,1.0000056094007732,-2.439199026638221e-10,-2.4316918767833094e-10,1.0000056921217018,-2.433173325027413e-10,1.0000055772534437,-2.443266338746827e-10
1.0000047162779797,-3.625533880610579e-10,1.0000060638895687,-9.638041233791713e-07,1.0000056612728296,-3.625533886462566e-10,-2.4330895630678764e-10,1.0000060638895703,-2.4317114203425257e-10,-3.6255338803262997e-10,1.0000056269764976,-2.3965783020408617e-10,1.0000056101661128,-2.433089564910034e-10,-2.3847042220808085e-10,-4.145819994634017e-10,-3.6255338824747266e-10,1.0000058761462756,1.0000054484221674,1.000006063889569,1.0000060638895667,-9.54855556098583e-07,-7.051785258547979e-07,1.0000060638895687,-2.3847042209299485e-10,-4.145819998846326e-10,-9.587316036477092e-07,-2.433089571702789e-10,-2.433089560722868e-10,1.0000056094007732,1.0000034193946532,-2.439187594376009e-10,-2.43171142710931e-10,1.0000060638895687,-2.433186140905455e-10,1.000005949021234,-2.44325670106421e-10
-3.3112382545994234e-06,-3.545595136193726e-16,-2.43921154102557e-10,2.7383932948646257e-15,-2.4391958557011866e-10,-3.545595136193726e-16,2.084236595670542e-15,-2.4392115395562497e-10,1.954660457178793e-14,-3.545595136193726e-16,-2.439200534083795e-10,1.0921211473903898e-12,-2.4391859809394973e-10,2.0847998273667716e-15,3.2099774148860143e-12,-9.572421029907462e-15,-3.546334204984648e-16,-2.439200555653569e-10,-4.839957533796027e-07,-2.439211539612243e-10,-2.43921154102557e-10,3.814128253089792e-16,-1.4672318308088981e-12,-2.4392115394485384e-10,3.2099774146293234e-12,-9.572421029907462e-15,5.113155948916667e-15,2.0847998273667716e-15,2.084775452320679e-15,-2.439199026638221e-10,-2.439187594376009e-10,-2.561799709689145e-06,1.9546501618523834e-14,-2.4392115391151324e-10,2.482465248134522e-11,-2.4392090422810816e-10,-1.0859949561275044e-14
-3.309755740538568e-06,9.780779954282569e-16,-2.4316757268038683e-10,-3.548542769525806e-15,-2.4316969880989493e-10,9.780584550229007e-16,-2.8551122728741586e-15,-2.4316757278252637e-10,-5.798708596146857e-11,9.780823008402644e-16,-2.4316897043188786e-10,-1.0712135800066533e-12,-2.431711606596957e-10,-2.855222217064564e-15,-4.275898375892417e-12,1.4980606527974252e-14,9.780823008401693e-16,-2.431691190180852e-10,-4.825132573024977e-07,-2.4316757271649534e-10,-2.4316757278252637e-10,9.821503045426384e-18,3.0780734037368126e-12,-2.431675728675316e-10,-4.275898376139897e-12,1.4980348174462474e-14,-7.142221841165753e-15,-2.8551122728741586e-15,-2.8551912317007466e-15,-2.4316918767833094e-10,-2.43171142710931e-10,1.9546501618523834e-14,-2.561832432876225e-06,-2.431675727302163e-10,-3.694358953918886e-11,-2.4316788000555877e-10,1.6715858104274747e-14
1.000004798999651,-3.625535162352097e-10,1.0000061466101067,-4.857261411146598e-10,1.0000057439938808,-3.625535164881983e-10,-2.43308613028598e-10,1.000006146610108,-2.431675722661369e-10,-3.62553516336588e-10,1.000005709697371,-2.39657770239571e-10,1.0000056928875192,-2.433086134884557e-10,-2.384701646898491e-10,-4.1458383999321564e-10,-3.6255351667800587e-10,1.0000059588671888,1.000005531143605,1.0000061466101073,1.000006146610106,-4.812167863520202e-10,-3.5538770597321874e-10,1.0000061466101076,-2.3847016465695483e-10,-4.145838402478789e-10,-4.831693147675069e-10,-2.433086141421707e-10,-2.433086129505142e-10,1.0000056921217018,1.0000060638895687,-2.4392115391151324e-10,-2.431675727302163e-10,1.0000035848366067,-2.433163421755221e-10,1.000006031741846,-2.4432771853747256e-10
-3.3100481379980823e-06,6.878831311127246e-16,-2.4331634207458394e-10,-2.180679594836147e-15,-2.433176635381158e-10,6.878831311127246e-16,-1.7806782784707922e-15,-2.4331634207458394e-10,-3.69435895396837e-11,6.88162022683951e-16,-2.433171954403232e-10,-6.007644052673481e-13,-2.433185924263343e-10,-1.7806782784707922e-15,-2.647594619307715e-12,9.638794974867401e-15,6.878831311127258e-16,-2.433173126891896e-10,-4.82805665667989e-07,-2.4331634207458394e-10,-2.43316342113095e-10,9.072137723010751e-17,2.089066491295197e-12,-2.4331634208374073e-10,-2.6475946195495388e-12,9.638863998085682e-15,-4.4757503172547445e-15,-1.780571532954123e-15,-1.780571532954123e-15,-2.433173325027413e-10,-2.433186140905455e-10,2.482465248134522e-11,-3.694358953918886e-11,-2.433163421755221e-10,-2.5617979833668264e-06,-2.4331652786574756e-10,1.0716998688932791e-14
1.0000046841310315,-3.625534649139576e-10,1.0000060317418478,-4.857261309287101e-10,1.000005629125607,-3.6255346531958953e-10,-2.4330861909481575e-10,1.0000060317418484,-2.4316787939774274e-10,-3.625534649982764e-10,1.0000055948291189,-2.396577493727073e-10,1.000005578019215,-2.433086194293277e-10,-2.3847016266073893e-10,-8.22638565717893e-07,-3.625534651302496e-10,1.0000058439989068,1.0000054162753156,1.000006031741847,1.0000060317418464,-4.812167335922207e-10,-7.051788060523224e-07,1.000006031741846,-2.384701626066376e-10,-8.226385658838185e-07,-9.587299534419354e-07,-2.4330861980372893e-10,-2.4330861899131824e-10,1.0000055772534437,1.000005949021234,-2.4392090422810816e-10,-2.4316788000555877e-10,1.000006031741846,-2.4331652786574756e-10,1.000003355100059,-2.443275015326694e-10
-3.3120457282606702e-06,-2.7665539618656576e-16,-2.4432771852865233e-10,2.373970561264424e-15,-2.4432636455505496e-10,-2.7665539618656576e-16,1.798595976060014e-15,-2.4432771831396334e-10,1.6715858104274747e-14,-2.7710670058607123e-16,-2.443267630232065e-10,9.67125280847598e-13,-2.4432551922410373e-10,1.7983124503264916e-15,2.776218900994754e-12,-8.149482856207856e-15,-2.7710670058607123e-16,-2.4432677390990135e-10,-4.848032233304073e-07,-2.4432771853747256e-10,-2.4432771831396334e-10,3.6044824403176405e-16,-1.2028204857318051e-12,-2.443277183857946e-10,2.776218900734235e-12,-8.149482856207856e-15,4.4023502508859785e-15,1.7983124503264916e-15,1.7983124503264916e-15,-2.443266338746827e-10,-2.44325670106421e-10,-1.0859949561275044e-14,1.6715858104274747e-14,-2.4432771853747256e-10,1.0716998688932791e-14,-2.443275015326694e-10,-2.5617928368734676e-06
