1.0000000025080065,0.2281655882718142,-4.333034809639735e-07,-3.754057843241371e-07,0.999999508818061,-3.6362824546257927e-07,0.22816562707825352,-3.968911741522584e-07,0.2281653783338719,0.22816520143257887,-9.607007397289913e-07,0.2281655223492027,-5.67953577922695e-07,0.999999420044345,-3.6769922612314476e-07,-3.968911741521268e-07,-3.6769922690769744e-07,-3.6759676831532645e-07,0.9999990853921318,0.9999996050472187,-4.124836198957409e-07,-3.920688626127721e-07,-4.343054327245319e-07,0.9999993245725078,0.4032768201016321,0.40327754169401087,0.7718348618862105,-3.717870189456271e-07,0.22816508765802587,0.3685573964479403,0.771835086413489,-6.605413347649579e-07,-4.321092920175184e-07,-3.6759677530721227e-07,0.999999085392134,0.9999989848769121,-4.781568625081332e-07,0.9999989884495208,0.9999991927771151,-5.13611433429106e-07,-4.1484205667146834e-07,-3.516481042455535e-07,0.7718350904825974,-4.3747799185428767e-07,-3.522832844586151e-07,-4.038890425248215e-07,0.9999993732754768,0.36855681182678146,0.7718349722013342
0.2281655882718142,0.22816632002957601,-3.427579617972878e-11,-7.007174483804885e-12,0.22816511557371838,-2.1888678862500017e-11,0.2281657014395881,-4.865435301914075e-11,0.2281655558682037,0.22816541673818094,-1.0988594701115947e-10,0.22816569680581636,-2.7504933478957853e-11,0.22816502127762114,-1.0544964549872124e-11,-4.865435306469626e-11,-1.0544964675456036e-11,-1.773543279702267e-11,0.228164919962674,0.2281650327924114,-2.6499583311859357e-11,-5.090367832478901e-11,-4.3439150943276304e-11,0.22816503099185584,-6.304555696724426e-07,-1.2546689753093125e-10,6.949858548732102e-12,-2.5022353112747405e-11,0.22816536888906444,-4.177128520778477e-12,-5.091473775432308e-11,-4.324371048686217e-11,-3.530040719945109e-11,-1.773543239723156e-11,0.22816491996267335,0.22816491676747475,3.028351772155907e-11,0.22816491793268903,0.22816498393548196,-4.477307216205557e-11,-2.288683223832134e-11,-3.243167833456551e-11,-1.3437613673087135e-10,-2.9561329222815545e-11,-1.1803740775710137e-11,-3.332715795062384e-11,0.2281649787050908,-8.740962368575055e-11,-2.0768570428982155e-11
-4.333034809639735e-07,-3.427579617972878e-11,6.468140761786491e-07,1.1599774372730726e-08,-8.180466725855964e-11,-7.717862146562241e-13,-4.093651692602539e-08,-7.373532831925685e-12,-3.44529692655992e-11,-2.5774093554205142e-11,-1.6072679718836113e-11,-3.634797578908471e-11,2.7362367327035648e-11,-9.556107191684422e-11,1.5990190154459235e-08,-7.37353282619866e-12,1.5990190154459294e-08,3.983146879622257e-12,-1.489276769017499e-07,-1.6699303967840036e-07,-8.718369129728206e-12,-5.56043617304403e-13,2.460430427828315e-08,-8.182707275822572e-11,-6.250362727275157e-11,-8.174205517284453e-08,-9.409430938578667e-08,-2.2343965903731546e-08,-6.877527547652738e-08,1.9583478558000898e-08,-4.324176060254276e-11,1.6386417368215906e-11,-6.987642614736368e-12,3.983146856688614e-12,-1.4892767690174954e-07,-1.581458529001571e-07,-4.0422342156880705e-08,-1.5786136673051384e-07,-1.6117886798042792e-07,2.1933148306211344e-09,2.0576615880107635e-12,3.9481516393746865e-12,-1.0813049906393176e-07,-1.087608442658537e-08,4.160186885790066e-12,-1.1219117597661437e-08,-1.652538299197525e-07,-1.53403144987775e-12,-4.734848083515421e-11
-3.754057843241371e-07,-7.007174483804885e-12,1.1599774372730726e-08,7.069319561153509e-07,-5.073915395055064e-11,-1.158697693462752e-11,-2.4833645216091355e-11,-8.535441084846247e-13,-1.3765777273312877e-11,-1.7241801761978423e-11,-3.015657394492117e-11,-1.8719352553086697e-08,-1.1377310219738892e-11,-5.5681205285189257e-11,8.422187773241445e-08,-8.535439464040781e-13,8.422187773241491e-08,1.7669305301425483e-11,-1.1164352040120497e-07,-7.63979610847664e-11,-5.3995467652395795e-12,-6.757333890849716e-12,1.3991790032917507e-08,-3.852898164763802e-11,-5.298852698348656e-08,8.092395340427578e-09,-4.8630792132778086e-08,-1.73935299902571e-11,-1.2211851561104903e-11,-2.6252956437072536e-11,-2.430711730546011e-11,4.35483099587096e-12,-1.1018586617416677e-11,1.7669304889036016e-11,-1.1164352040120405e-07,-1.0024838978840558e-07,1.3519212085851436e-11,-1.0007219902664864e-07,-5.3685893960157236e-11,-3.548408518234006e-11,1.0411816021691502e-11,-3.471646457781051e-11,-4.400174899975847e-08,-2.8455202970385872e-11,2.5818763820639373e-11,-2.664907161649229e-11,-6.803238440649579e-11,-1.9456452304572936e-11,-3.3864736705545655e-11
0.999999508818061,0.22816511557371838,-8.180466725855964e-11,-5.073915395055064e-11,0.9999968149367704,-4.194616815859163e-11,0.22816511905041287,-1.2024682504474633e-10,0.22816491011940243,0.2281646915993678,-6.460895547740087e-07,0.22816505695033815,-2.7364788663333244e-07,0.9999960209381051,-4.915863910462969e-11,-1.202468256594611e-10,-4.915863931813944e-11,-4.6505014708285924e-11,0.9999956871297676,0.9999961963047383,-1.2386992687378657e-07,-1.1448125411595662e-10,-8.706933244664122e-11,0.9999959152623793,0.40327557913769146,0.40327628837322044,0.7718323124287814,-1.111259251442001e-07,0.22816459999660943,0.3685564031210765,0.771832409737692,-3.630947251241165e-07,-7.189295084604375e-11,-4.6505014180734996e-11,0.9999956871297676,0.9999955931357849,-1.6471378321750534e-07,0.999995596487542,0.9999958051170017,-1.648904266184094e-07,-1.5130872363177053e-07,-4.075189624550315e-11,0.771832520630981,-8.030663806499444e-11,-3.696918777684153e-11,-7.037834386315881e-11,0.9999959685034026,0.3685557070562201,0.7718323009502425
-3.6362824546257927e-07,-2.1888678862500017e-11,-7.717862146562241e-13,-1.158697693462752e-11,-4.194616815859163e-11,6.333579874560381e-07,-1.6336410019012453e-11,-4.997236625429018e-12,-1.9705807419529265e-11,-1.9265930613622348e-11,8.772899241528537e-12,-2.1119313935338747e-11,7.192830196142198e-12,-4.497577027552034e-11,-1.204417082658385e-11,-4.997236639073194e-12,-1.2044170820806827e-11,-4.8730167665344106e-12,-4.2502344749947086e-11,-3.781886925566324e-11,1.161951241380986e-12,-2.211164932475129e-12,-1.2668544057563857e-12,-9.740944230404572e-08,7.393917783103475e-12,6.717544459050402e-14,-2.497198746813719e-11,3.433710112334203e-12,-2.0923224416753552e-11,-2.2890727465165267e-11,-2.936877731681226e-11,2.6970465197735652e-09,3.0659671053975494e-12,-4.8730167592886146e-12,-4.2502344767800804e-11,-8.847091699569091e-08,-9.711767596779756e-09,-8.850883237961244e-08,-8.654852648905675e-08,1.3576743878695337e-11,-3.3422542449404503e-12,2.129901741071989e-08,-2.7228798611127854e-11,8.051392014419003e-12,-7.1672214287665e-12,6.965675261381204e-12,-4.0088192639958696e-11,-6.046895905990355e-08,-2.674588246515939e-11
0.22816562707825352,0.2281657014395881,-4.093651692602539e-08,-2.4833645216091355e-11,0.22816511905041287,-1.6336410019012453e-11,0.22816641715042493,-3.651095952495243e-11,0.22816557020416942,0.22816548013359914,-1.2338556978671726e-10,0.2281656981090341,2.0498911864840832e-11,0.22816501865036254,-2.5083984109419563e-11,-3.651095943947386e-11,-2.5083983995930444e-11,-2.3214382592601108e-11,0.2281649839224301,0.228165098902529,-3.962159107154362e-11,-2.510480580645375e-11,-5.053654416894424e-08,0.22816505350257388,-2.4644160043859957e-10,-7.662146809008841e-08,-1.2359788195703726e-11,-5.6733835812106815e-08,0.22816538843398504,-9.155820396504098e-11,-3.829473456083699e-11,-2.4189801832106193e-11,-4.195123290439118e-11,-2.321438252169514e-11,0.2281649839224299,0.2281649555737561,-1.9300593856343867e-11,0.22816495716715077,0.22816502060159866,-3.3780894062173083e-11,-2.4260792070448776e-11,-1.7465284667626662e-12,-3.232349998932592e-07,-3.9238891016656195e-08,-2.322057570611873e-11,-4.419450752140754e-08,0.22816503482960965,-1.754576632872092e-10,-9.417919225185127e-12
-3.968911741522584e-07,-4.865435301914075e-11,-7.373532831925685e-12,-8.535441084846247e-13,-1.2024682504474633e-10,-4.997236625429018e-12,-3.651095952495243e-11,8.436344768083216e-07,-5.319744156374571e-11,-2.793754710606629e-11,-1.9265951325472346e-11,-5.284520269070846e-11,-4.971402211191193e-11,-7.357083679236629e-08,7.425509069068272e-13,2.1741719237025796e-07,7.425509300422441e-13,-2.2625253201282045e-12,-1.2278643704283832e-07,-8.923763282758605e-08,-2.170502451542267e-12,1.887843912682353e-07,-1.4133217438004807e-12,-8.32941748544576e-08,-1.839830823815921e-11,-2.852931355221593e-11,-8.887796149653339e-11,2.3202403683901753e-11,-3.610916035952734e-11,-1.0246160270428958e-10,3.141281732520858e-08,-3.7600158298426414e-11,-5.3969044664565025e-12,-2.262525297180677e-12,-1.2278643704283908e-07,-1.217337192611112e-07,-7.54725388908193e-12,-1.2166289422669647e-07,-1.2605248557682211e-07,-6.922946109456096e-11,8.985408316650013e-12,-5.272289695818255e-12,-6.284398624547011e-11,3.0486973283993327e-13,-4.5256056506738994e-12,1.2652318920423006e-11,-9.584221857860436e-08,1.4863483892058286e-08,2.909867487991297e-08
0.2281653783338719,0.2281655558682037,-3.44529692655992e-11,-1.3765777273312877e-11,0.22816491011940243,-1.9705807419529265e-11,0.22816557020416942,-5.319744156374571e-11,0.22816604682931663,0.22816528164015545,-1.0471063797916382e-10,0.22816555980665226,-2.2096688269129928e-11,0.22816480957460403,-1.7556917653890506e-11,-5.319744189260605e-11,-1.7556917920673386e-11,-2.0525596971834303e-11,0.22816471255401238,0.2281648301437459,-2.5935526561786895e-11,-5.3483014918058436e-11,-8.739121030611513e-08,0.2281648151631724,-6.935669801164719e-07,-1.6104287343425803e-10,-2.9686986090252114e-11,-2.349142668887425e-11,0.22816523174220202,-3.1220191686250006e-12,-9.14743287155483e-11,-4.1651595945937275e-11,-3.353365780233343e-11,-2.052559669887092e-11,0.22816471255401216,0.22816470683039888,2.7127214142000198e-11,0.22816470797720714,0.22816477514232683,-3.5783217100007e-11,-2.495202436687268e-11,-2.593798766522757e-11,-3.4361541443705396e-07,-4.9480490576133144e-08,-1.5921628034103475e-11,-2.9462643289527685e-11,0.22816477349834183,-9.247382684489867e-11,-5.982943401328112e-11
0.22816520143257887,0.22816541673818094,-2.5774093554205142e-11,-1.7241801761978423e-11,0.2281646915993678,-1.9265930613622348e-11,0.22816548013359914,-2.793754710606629e-11,0.22816528164015545,0.22816580690076868,-2.4333355151167875e-07,0.228165414353582,-3.590806514349929e-09,0.2281646120043755,-1.8331960986552458e-11,-2.7937547433265384e-11,-1.833196109334609e-11,-2.0891934671644307e-11,0.22816454925680574,0.22816466569269242,-3.571288893889011e-11,-2.3019803623477995e-11,-3.131080409271246e-11,0.2281646387706509,-8.789689689946719e-07,-4.761661830744051e-07,-7.957768153218166e-11,-2.5410405491413982e-11,0.22816510219615205,3.108223967879264e-11,-2.0689440325514698e-07,-6.906515712196273e-08,-4.082037420965887e-11,-2.0891934418670397e-11,0.22816454925680554,0.22816452992984382,-3.01208793350917e-12,0.22816453139569406,0.228164594896885,-4.6990730570612514e-11,-4.437203515354362e-08,-1.4099983661182085e-11,-2.2370021909277605e-10,-2.4197663574085433e-11,-1.8827212679088914e-11,-2.560832515539422e-11,0.22816460490284304,-3.956470849146431e-11,-1.497113863540982e-07
-9.607007397289913e-07,-1.0988594701115947e-10,-1.6072679718836113e-11,-3.015657394492117e-11,-6.460895547740087e-07,8.772899241528537e-12,-1.2338556978671726e-10,-1.9265951325472346e-11,-1.0471063797916382e-10,-2.4333355151167875e-07,7.154686228765237e-07,-1.0442577344998198e-10,-1.9559413528236326e-11,-6.472436234256371e-07,-3.474433736880285e-11,-1.9265951303478153e-11,-3.474433743027609e-11,-1.468610905764752e-11,-6.923989128171139e-07,-6.538405905282231e-07,3.2048991628030916e-08,-2.191895753523482e-11,-2.1291162584989287e-11,-7.024422846822634e-07,-5.42497455144652e-07,-6.313938015529618e-07,-4.393810616993122e-07,1.919946753830505e-11,-2.189092425075294e-07,1.6669331582919046e-07,-2.560479053749746e-10,-1.558154150941881e-11,3.490541534022533e-08,-1.4686108876032402e-11,-6.923989128171136e-07,-6.855409366863997e-07,2.4150103380891272e-11,-6.860669122745127e-07,-6.764460929331368e-07,7.324752591697759e-08,-1.1102466631503916e-11,1.4546276771528075e-11,-2.1928115152463542e-10,2.3214266344059682e-11,-1.8722772575526342e-11,1.9055891897741888e-11,-6.635177460732321e-07,6.606249852910548e-11,-4.863714528963237e-07
0.2281655223492027,0.22816569680581636,-3.634797578908471e-11,-1.8719352553086697e-08,0.22816505695033815,-2.1119313935338747e-11,0.2281656981090341,-5.284520269070846e-11,0.22816555980665226,0.228165414353582,-1.0442577344998198e-10,0.22816632751459456,-3.059553602282576e-11,0.22816496014952276,-1.3578738398168351e-11,-5.28452028509242e-11,-1.3578738611761943e-11,-1.9002797181738183e-11,0.22816485237457343,0.2281649685684488,-2.429333788284158e-11,-5.566930003465932e-11,-4.631221638670765e-11,0.22816496334771744,-1.6379164168232205e-10,2.2744527101690243e-11,-2.3710300622175682e-11,-2.327255700936846e-11,0.22816537098195236,-1.844266197442374e-10,-8.808840481200133e-11,-4.499426547083224e-11,-3.3145535137295365e-11,-1.9002797147831278e-11,0.2281648523745732,0.22816485084513674,3.481671715833005e-11,0.22816485193835973,0.22816491910294504,-4.030041707347013e-11,-2.4121637986371313e-11,-3.2036017182699164e-11,-3.27922296378382e-07,-2.755126587773064e-11,-1.3221734593571072e-11,-3.19911974753502e-11,0.22816491397386326,-5.392370351138938e-07,-5.669559507404196e-11
-5.67953577922695e-07,-2.7504933478957853e-11,2.7362367327035648e-11,-1.1377310219738892e-11,-2.7364788663333244e-07,7.192830196142198e-12,2.0498911864840832e-11,-4.971402211191193e-11,-2.2096688269129928e-11,-3.590806514349929e-09,-1.9559413528236326e-11,-3.059553602282576e-11,8.23034763838791e-07,-1.9563399691706685e-10,-6.756376597307143e-12,-4.971402211191193e-11,-6.756376879839399e-12,-3.4201854136861013e-13,-2.5841065754118666e-07,-2.907985850292159e-07,-2.0439973887971873e-11,-4.449549387569325e-08,3.0653872727165776e-11,-3.324522840457146e-07,1.4999916019567278e-07,1.176138503963093e-10,-2.351835228414651e-07,-5.1861459334537695e-08,-2.8153580504497804e-11,-3.589568624797978e-07,-2.6820188701647675e-07,1.066295776925864e-07,-1.0755399739699119e-11,-3.420183558422423e-13,-2.58410657541187e-07,-2.927953810678405e-07,-6.512320467069814e-11,-2.9212841116764647e-07,-2.9574546099869725e-07,4.6354436261923777e-11,-3.794118763037415e-12,3.673458644840729e-11,-1.4694868074030101e-10,4.130711496514221e-12,-4.8890782829428886e-12,-9.282614507878295e-13,-1.4868763156319795e-10,-4.913277973428912e-07,-2.775883592563801e-07
0.999999420044345,0.22816502127762114,-9.556107191684422e-11,-5.5681205285189257e-11,0.9999960209381051,-4.497577027552034e-11,0.22816501865036254,-7.357083679236629e-08,0.22816480957460403,0.2281646120043755,-6.472436234256371e-07,0.22816496014952276,-1.9563399691706685e-10,0.9999966187546864,-5.479245218546687e-11,-7.357083711101306e-08,-5.479245241067191e-11,-5.1192629915863944e-11,0.9999955897868862,0.9999961371558833,-1.1260719974486889e-07,-9.37438599857097e-08,-9.828672730711008e-11,0.9999958576894219,0.40327544679243454,0.4032761071675936,0.7718322148609855,-3.038820996140804e-11,0.22816452367853537,0.36855640116085875,0.7718324521763642,-4.4284992410339346e-07,-1.3921440680007083e-07,-5.119262939358681e-11,0.999995589786886,0.9999955043624246,-7.10513864393769e-11,0.9999955075293444,0.9999957157420112,-2.646898141692212e-07,-7.134516371703462e-11,-4.820516919233455e-11,0.7718324713200414,-7.589897720911613e-11,-4.3295603893238704e-11,-5.7096532437405453e-11,0.9999959034615488,0.3685558782705091,0.7718323483169776
-3.6769922612314476e-07,-1.0544964549872124e-11,1.5990190154459235e-08,8.422187773241445e-08,-4.915863910462969e-11,-1.204417082658385e-11,-2.5083984109419563e-11,7.425509069068272e-13,-1.7556917653890506e-11,-1.8331960986552458e-11,-3.474433736880285e-11,-1.3578738398168351e-11,-6.756376597307143e-12,-5.479245218546687e-11,7.150833132408777e-07,7.425509224494711e-13,8.886603728223082e-08,1.870969605929547e-11,-1.019936048106973e-07,-7.333914535552391e-11,-7.515380724023804e-12,-4.105133035331051e-12,1.9680137401924484e-08,-3.4459455427616134e-11,-9.790536743624695e-12,5.140467054446618e-08,-3.896251481683505e-08,-1.9456693233501904e-11,-1.5502931401157682e-11,-4.0749438307970315e-11,-1.5363066850604253e-11,7.01278128293467e-12,-1.2899902518841702e-11,1.8709696325361595e-11,-1.0199360481069664e-07,-9.254186486944503e-08,8.805273388135215e-12,-9.229663297537023e-08,-5.026021089906735e-11,-3.771475044172398e-11,1.1269127988025705e-11,-3.436586473863105e-11,-3.592772890575949e-08,-3.001554857855398e-11,2.6923486690272937e-11,-2.7857086954662618e-11,-6.477943217488904e-11,-3.3167935721577634e-11,-2.600079318046633e-11
-3.968911741521268e-07,-4.865435306469626e-11,-7.37353282619866e-12,-8.535439464040781e-13,-1.202468256594611e-10,-4.997236639073194e-12,-3.651095943947386e-11,2.1741719237025796e-07,-5.319744189260605e-11,-2.7937547433265384e-11,-1.9265951303478153e-11,-5.28452028509242e-11,-4.971402211191193e-11,-7.357083711101306e-08,7.425509224494711e-13,8.436344768083216e-07,7.425509300422441e-13,-2.262525297180677e-12,-1.2278643736148467e-07,-8.923763314623267e-08,-2.1705028229685003e-12,1.8878439126823574e-07,-1.4133219365953098e-12,-8.329417517310399e-08,-1.8398308488227842e-11,-2.852931352094646e-11,-8.887796044742354e-11,2.3202403635422646e-11,-3.6109160341538834e-11,-1.0246160225899438e-10,3.1412817296095384e-08,-3.760015805607104e-11,-5.396904440794826e-12,-2.2625254611717873e-12,-1.227864373614848e-07,-1.2173371957975727e-07,-7.54725388908193e-12,-1.2166289454534314e-07,-1.2605248589546852e-07,-6.922946101736327e-11,8.985408156816017e-12,-5.272289695818255e-12,-6.284398640863447e-11,3.0486966170396134e-13,-4.525605566739395e-12,1.2652318972294549e-11,-9.584221889725044e-08,1.4863484128906876e-08,2.9098674850800192e-08
-3.6769922690769744e-07,-1.0544964675456036e-11,1.5990190154459294e-08,8.422187773241491e-08,-4.915863931813944e-11,-1.2044170820806827e-11,-2.5083983995930444e-11,7.425509300422441e-13,-1.7556917920673386e-11,-1.833196109334609e-11,-3.474433743027609e-11,-1.3578738611761943e-11,-6.756376879839399e-12,-5.479245241067191e-11,8.886603728223082e-08,7.425509300422441e-13,7.150833132408777e-07,1.870969632536152e-11,-1.0199360522242121e-07,-7.333914570489755e-11,-7.515380657061768e-12,-4.105132751954172e-12,1.9680137401924693e-08,-3.4459455662499814e-11,-9.79053617888348e-12,5.140467087920982e-08,-3.896251501892181e-08,-1.9456693233501904e-11,-1.550293155184793e-11,-4.074943860201521e-11,-1.5363067132334153e-11,7.012781263733278e-12,-1.2899902518841702e-11,1.870969632536152e-11,-1.0199360522242048e-07,-9.254186528116874e-08,8.805273423907817e-12,-9.229663338709381e-08,-5.026021112944382e-11,-3.771475044172398e-11,1.1269128096327353e-11,-3.436586473863105e-11,-3.592772910784557e-08,-3.001554857855398e-11,2.692348673741207e-11,-2.7857086954662618e-11,-6.477943207266049e-11,-3.316793602597443e-11,-2.600079320943041e-11
-3.6759676831532645e-07,-1.773543279702267e-11,3.983146879622257e-12,1.7669305301425483e-11,-4.6505014708285924e-11,-4.8730167665344106e-12,-2.3214382592601108e-11,-2.2625253201282045e-12,-2.0525596971834303e-11,-2.0891934671644307e-11,-1.468610905764752e-11,-1.9002797181738183e-11,-3.4201854136861013e-13,-5.1192629915863944e-11,1.870969605929547e-11,-2.262525297180677e-12,1.870969632536152e-11,6.419556926672506e-07,-9.580607538040304e-08,-5.80243310966763e-11,-3.4911171965433538e-12,-3.603394274254663e-12,4.729900779612315e-12,-4.204898825186676e-11,-1.1569015893523017e-11,4.350505006289496e-12,-4.101087007229525e-08,-9.019127000685379e-12,-2.0032377583678066e-11,-2.1370717948947457e-11,-2.07661129152221e-11,4.4800290714622165e-12,-5.541133513506834e-12,1.5738420939423195e-08,-9.580607538040251e-08,-9.243941782165956e-08,2.691212119933274e-12,-9.232550040139061e-08,-4.805084658169399e-11,-1.400646033554021e-11,9.033680803627601e-09,-1.3761234226885216e-11,-2.0890269247801732e-11,-1.2584365833339414e-11,2.2534408685471603e-08,-2.3771149137701295e-08,-5.440696639271017e-11,-2.1054403279449612e-11,-2.531433370530754e-11
0.9999990853921318,0.228164919962674,-1.489276769017499e-07,-1.1164352040120497e-07,0.9999956871297676,-4.2502344749947086e-11,0.2281649839224301,-1.2278643704283832e-07,0.22816471255401238,0.22816454925680574,-6.923989128171139e-07,0.22816485237457343,-2.5841065754118666e-07,0.9999955897868862,-1.019936048106973e-07,-1.2278643736148467e-07,-1.0199360522242121e-07,-9.580607538040304e-08,0.9999959045137928,0.999995797379613,-1.454265544304782e-07,-1.0814968852847921e-07,-1.476697549085955e-07,0.9999955026224076,0.40327538587240436,0.4032761184273113,0.7718319740583095,-5.060857021118851e-11,0.22816442216363625,0.36855622232369956,0.7718322104144111,-3.703483276713469e-07,-1.6067551852210627e-07,-9.580607415500988e-08,0.9999952782964973,0.9999951697116136,-1.17598885196429e-10,0.9999951734171478,0.999995377118975,-2.258052391121485e-07,-1.4131985939228408e-07,-2.8417248632147378e-11,0.7718321949434718,-1.5599775507925635e-07,-4.230064679780877e-11,-1.225984911080084e-07,0.9999955626590068,0.36855562846765894,0.7718320955375441
0.9999996050472187,0.2281650327924114,-1.6699303967840036e-07,-7.63979610847664e-11,0.9999961963047383,-3.781886925566324e-11,0.228165098902529,-8.923763282758605e-08,0.2281648301437459,0.22816466569269242,-6.538405905282231e-07,0.2281649685684488,-2.907985850292159e-07,0.9999961371558833,-7.333914535552391e-11,-8.923763314623267e-08,-7.333914570489755e-11,-5.80243310966763e-11,0.999995797379613,0.9999969733658082,-6.623959108818503e-11,-8.058795913143965e-08,-1.676428528299632e-07,0.9999960193590296,0.40327557433292893,0.40327625530211,0.771832350364573,-3.443438176330561e-11,0.22816454246690535,0.36855643243695363,0.7718326055739103,-2.0154800468416675e-10,-1.4497052694685542e-07,-5.802433046771867e-11,0.999995797379613,0.9999956893645296,-1.1263341717382146e-10,0.9999956928448285,0.9999959006879471,-2.132952072996065e-07,-7.554414710773514e-11,-1.680925340335177e-11,0.7718325830783015,-1.2630194507531497e-07,-5.5881278080779505e-11,-9.142451336260839e-08,0.9999961037908575,0.3685558704265163,0.7718325029249411
-4.124836198957409e-07,-2.6499583311859357e-11,-8.718369129728206e-12,-5.3995467652395795e-12,-1.2386992687378657e-07,1.161951241380986e-12,-3.962159107154362e-11,-2.170502451542267e-12,-2.5935526561786895e-11,-3.571288893889011e-11,3.2048991628030916e-08,-2.429333788284158e-11,-2.0439973887971873e-11,-1.1260719974486889e-07,-7.515380724023804e-12,-2.1705028229685003e-12,-7.515380657061768e-12,-3.4911171965433538e-12,-1.454265544304782e-07,-6.623959108818503e-11,6.421489536613872e-07,-7.083073310743709e-12,-1.1008702869855e-11,-6.864329847746553e-11,1.9291322304884004e-08,-1.754136710660433e-08,-3.4712312506288016e-11,8.30421168549606e-12,-2.7193397569881832e-11,-3.690443320456438e-11,-4.677143252448961e-11,-1.1679678977816186e-11,6.756039044373074e-12,-3.4911176198596654e-12,-1.4542655443047807e-07,-1.3732608995062727e-07,1.87274008827418e-11,-6.919957465004444e-11,-1.3422474215927262e-07,4.783145734655753e-12,-2.6262903419081403e-12,-2.902716461215967e-12,-3.0495316531496045e-11,5.044627024212184e-12,-3.517052002469897e-12,4.197081198220982e-12,-1.3282945568024778e-07,-3.557771131068403e-11,-4.2943455951607195e-11
-3.920688626127721e-07,-5.090367832478901e-11,-5.56043617304403e-13,-6.757333890849716e-12,-1.1448125411595662e-10,-2.211164932475129e-12,-2.510480580645375e-11,1.887843912682353e-07,-5.3483014918058436e-11,-2.3019803623477995e-11,-2.191895753523482e-11,-5.566930003465932e-11,-4.449549387569325e-08,-9.37438599857097e-08,-4.105133035331051e-12,1.8878439126823574e-07,-4.105132751954172e-12,-3.603394274254663e-12,-1.0814968852847921e-07,-8.058795913143965e-08,-7.083073310743709e-12,8.017938772913345e-07,6.094615352449348e-12,-9.106020270290565e-08,-2.4752056032778353e-11,-2.596959403403982e-11,-8.415566930353538e-11,1.7341977874047327e-11,-3.8320925303820674e-11,-8.544324713666524e-11,2.9328849166498466e-08,-2.3409012500574763e-11,-7.330418167656976e-12,-3.6033945270995038e-12,-1.081496885284797e-07,-1.169114319183017e-07,-2.5420291693866635e-11,-1.1668030634523707e-07,-1.214698826980297e-07,-5.3614516462425633e-11,7.117219808848909e-12,6.905469894720167e-12,-6.612526324233912e-11,3.4439063692518706e-12,-7.61373330817439e-12,1.4171910192024863e-11,-8.957094701150011e-08,1.0198872516220233e-08,2.597607547356375e-08
-4.343054327245319e-07,-4.3439150943276304e-11,2.460430427828315e-08,1.3991790032917507e-08,-8.706933244664122e-11,-1.2668544057563857e-12,-5.053654416894424e-08,-1.4133217438004807e-12,-8.739121030611513e-08,-3.131080409271246e-11,-2.1291162584989287e-11,-4.631221638670765e-11,3.0653872727165776e-11,-9.828672730711008e-11,1.9680137401924484e-08,-1.4133219365953098e-12,1.9680137401924693e-08,4.729900779612315e-12,-1.476697549085955e-07,-1.676428528299632e-07,-1.1008702869855e-11,6.094615352449348e-12,6.566547434466633e-07,-8.157490170230392e-11,-5.363893603351191e-11,-5.528611510660141e-08,-8.885967438761354e-08,-2.4441450661714498e-08,-8.532784318254528e-08,1.480122178680576e-13,-3.2147516812280344e-11,1.7750435439742835e-11,-9.053694144278122e-12,4.7299006382893935e-12,-1.4766975490859525e-07,-1.5914779806509835e-07,-5.162537641923266e-08,-1.5878857672445791e-07,-1.6321059567850852e-07,-6.744966441392508e-09,3.1604297539715946e-12,4.706347918682707e-12,-1.0270971458301468e-07,-1.3274428985452566e-08,4.753268812265345e-12,-1.197111487483281e-08,-1.6601727378553048e-07,-6.261204650319517e-12,-3.7311798707665657e-11
0.9999993245725078,0.22816503099185584,-8.182707275822572e-11,-3.852898164763802e-11,0.9999959152623793,-9.740944230404572e-08,0.22816505350257388,-8.32941748544576e-08,0.2281648151631724,0.2281646387706509,-7.024422846822634e-07,0.22816496334771744,-3.324522840457146e-07,0.9999958576894219,-3.4459455427616134e-11,-8.329417517310399e-08,-3.4459455662499814e-11,-4.204898825186676e-11,0.9999955026224076,0.9999960193590296,-6.864329847746553e-11,-9.106020270290565e-08,-8.157490170230392e-11,0.9999963903028319,0.4032754187532724,0.4032761451560903,0.7718321081624332,-4.744837327444131e-11,0.22816453103098452,0.36855629308106275,0.7718323635280433,-4.040806341535448e-07,-8.145025012621554e-11,-4.204898767976935e-11,0.9999955026224071,0.9999954088909934,-1.842101571014797e-07,0.9999954124497302,0.9999956148051435,-1.4332383063549627e-10,-6.590556199968425e-11,-5.2263480152188704e-11,0.7718323507636964,-8.960854582300775e-11,-3.199660047588998e-11,-7.008376410561063e-11,0.9999957916580359,0.3685557546257156,0.7718322449396737
0.4032768201016321,-6.304555696724426e-07,-6.250362727275157e-11,-5.298852698348656e-08,0.40327557913769146,7.393917783103475e-12,-2.4644160043859957e-10,-1.839830823815921e-11,-6.935669801164719e-07,-8.789689689946719e-07,-5.42497455144652e-07,-1.6379164168232205e-10,1.4999916019567278e-07,0.40327544679243454,-9.790536743624695e-12,-1.8398308488227842e-11,-9.79053617888348e-12,-1.1569015893523017e-11,0.40327538587240436,0.40327557433292893,1.9291322304884004e-08,-2.4752056032778353e-11,-5.363893603351191e-11,0.4032754187532724,0.4032773161750808,0.40327696665456103,0.40327652654360024,-1.1751540920956515e-12,-5.844279533610189e-07,-1.4891374700638858e-10,0.4032766437392534,-1.4870260916373524e-07,1.1488560571069437e-11,-1.1569015604718415e-11,0.4032753858724043,0.40327540058214223,8.388775077789227e-11,0.4032754007684585,0.4032754413743448,2.3983735433634e-07,-5.818043186826806e-08,9.095898192628045e-12,0.4032769596743537,1.3760739233502149e-11,-9.593790976818718e-12,-2.7382563587003523e-12,0.40327538799891294,-1.6521111616393452e-10,0.40327630772333567
0.40327754169401087,-1.2546689753093125e-10,-8.174205517284453e-08,8.092395340427578e-09,0.40327628837322044,6.717544459050402e-14,-7.662146809008841e-08,-2.852931355221593e-11,-1.6104287343425803e-10,-4.761661830744051e-07,-6.313938015529618e-07,2.2744527101690243e-11,1.176138503963093e-10,0.4032761071675936,5.140467054446618e-08,-2.852931352094646e-11,5.140467087920982e-08,4.350505006289496e-12,0.4032761184273113,0.40327625530211,-1.754136710660433e-08,-2.596959403403982e-11,-5.528611510660141e-08,0.4032761451560903,0.40327696665456103,0.4032779762080264,0.4032768734480609,-2.938229472505872e-11,-1.0506014800667756e-10,-1.384554593345746e-10,0.40327701237966124,-8.795635685937797e-08,-6.809433550779523e-12,4.3505053668549795e-12,0.4032761184273112,0.4032761221715508,5.35985643614036e-11,0.4032761229623511,0.40327615410473405,2.041331017285886e-07,-2.0062207169335456e-11,-1.212711337310374e-12,0.40327728521632555,-1.027950153993548e-11,1.0625649777831887e-11,-2.5782192381648923e-11,0.4032760801696959,-1.6830977480704228e-10,0.403276652065387
0.7718348618862105,6.949858548732102e-12,-9.409430938578667e-08,-4.8630792132778086e-08,0.7718323124287814,-2.497198746813719e-11,-1.2359788195703726e-11,-8.887796149653339e-11,-2.9686986090252114e-11,-7.957768153218166e-11,-4.393810616993122e-07,-2.3710300622175682e-11,-2.351835228414651e-07,0.7718322148609855,-3.896251481683505e-08,-8.887796044742354e-11,-3.896251501892181e-08,-4.101087007229525e-08,0.7718319740583095,0.771832350364573,-3.4712312506288016e-11,-8.415566930353538e-11,-8.885967438761354e-08,0.7718321081624332,0.40327652654360024,0.4032768734480609,0.7718335984176748,-7.894916219872231e-08,-9.384368073864537e-11,0.36855675397278537,0.7718331436504323,-2.7224765559516557e-07,-7.674683657864816e-08,-4.101086938580211e-08,0.7718319740583091,0.7718318928602114,-1.9149177170265506e-07,0.7718318950112408,0.7718320362549776,-8.915038088598614e-08,-9.975057593140767e-08,-2.735665885837147e-11,0.7718334601785175,-1.2653130630632577e-07,-2.4591790043294883e-08,-1.0171629214145356e-07,0.7718321859473153,0.3685562001205681,0.7718329686098369
-3.717870189456271e-07,-2.5022353112747405e-11,-2.2343965903731546e-08,-1.73935299902571e-11,-1.111259251442001e-07,3.433710112334203e-12,-5.6733835812106815e-08,2.3202403683901753e-11,-2.349142668887425e-11,-2.5410405491413982e-11,1.919946753830505e-11,-2.327255700936846e-11,-5.1861459334537695e-08,-3.038820996140804e-11,-1.9456693233501904e-11,2.3202403635422646e-11,-1.9456693233501904e-11,-9.019127000685379e-12,-5.060857021118851e-11,-3.443438176330561e-11,8.30421168549606e-12,1.7341977874047327e-11,-2.4441450661714498e-08,-4.744837327444131e-11,-1.1751540920956515e-12,-2.938229472505872e-11,-7.894916219872231e-08,6.619960043547472e-07,-2.1200057983523728e-11,-3.043110247616376e-11,-2.6700236724415337e-11,-2.0306854384170085e-11,8.16209537220544e-12,-9.019126748086524e-12,-5.0608570317572895e-11,-9.662965754524047e-08,2.1620270201078608e-08,-9.690062976754916e-08,-4.670586360077298e-11,-6.606881519198019e-13,-3.474847713832933e-12,6.7972108966068865e-12,-6.110078790625529e-08,2.634371288944046e-08,-1.2042491782707287e-11,2.933020807918066e-08,-3.824733022334269e-11,-6.306872346345998e-12,-2.0633830410102236e-11
0.22816508765802587,0.22816536888906444,-6.877527547652738e-08,-1.2211851561104903e-11,0.22816459999660943,-2.0923224416753552e-11,0.22816538843398504,-3.610916035952734e-11,0.22816523174220202,0.22816510219615205,-2.189092425075294e-07,0.22816537098195236,-2.8153580504497804e-11,0.22816452367853537,-1.5502931401157682e-11,-3.6109160341538834e-11,-1.550293155184793e-11,-2.0032377583678066e-11,0.22816442216363625,0.22816454246690535,-2.7193397569881832e-11,-3.8320925303820674e-11,-8.532784318254528e-08,0.22816453103098452,-5.844279533610189e-07,-1.0506014800667756e-10,-9.384368073864537e-11,-2.1200057983523728e-11,0.22816567467087825,-1.2865227807526346e-10,-2.749577579899866e-07,-4.622116917889071e-11,-3.533185114247393e-11,-2.0032377324877557e-11,0.22816442216363617,0.22816441615575275,2.4557591148017304e-11,0.22816441734360593,0.22816448331608485,-4.796534360802664e-11,-2.3011691120422547e-11,-2.747502196038856e-11,-4.638428711623874e-07,-5.1975933655316235e-08,-1.554109856159376e-11,-2.8675747065098483e-11,0.22816448538732725,-3.9952181165959464e-07,-1.0746660303202096e-10
0.3685573964479403,-4.177128520778477e-12,1.9583478558000898e-08,-2.6252956437072536e-11,0.3685564031210765,-2.2890727465165267e-11,-9.155820396504098e-11,-1.0246160270428958e-10,-3.1220191686250006e-12,3.108223967879264e-11,1.6669331582919046e-07,-1.844266197442374e-10,-3.589568624797978e-07,0.36855640116085875,-4.0749438307970315e-11,-1.0246160225899438e-10,-4.074943860201521e-11,-2.1370717948947457e-11,0.36855622232369956,0.36855643243695363,-3.690443320456438e-11,-8.544324713666524e-11,1.480122178680576e-13,0.36855629308106275,-1.4891374700638858e-10,-1.384554593345746e-10,0.36855675397278537,-3.043110247616376e-11,-1.2865227807526346e-10,0.36855817873378965,0.3685567377596823,-1.1732118105795741e-07,-3.8515901251880586e-11,-2.137071779531104e-11,0.3685562223236999,0.3685561220999065,-3.557865430349792e-07,0.3685561238195485,0.3685562314816235,-1.2033668488548477e-10,-3.138690516502224e-11,-1.3552510791337803e-11,0.36855679436230143,-1.1302711119080221e-07,-1.9748505945579384e-11,-3.296999811685809e-11,0.36855644496456463,0.3685569601643556,0.3685569149722245
0.771835086413489,-5.091473775432308e-11,-4.324176060254276e-11,-2.430711730546011e-11,0.771832409737692,-2.936877731681226e-11,-3.829473456083699e-11,3.141281732520858e-08,-9.14743287155483e-11,-2.0689440325514698e-07,-2.560479053749746e-10,-8.808840481200133e-11,-2.6820188701647675e-07,0.7718324521763642,-1.5363066850604253e-11,3.1412817296095384e-08,-1.5363067132334153e-11,-2.07661129152221e-11,0.7718322104144111,0.7718326055739103,-4.677143252448961e-11,2.9328849166498466e-08,-3.2147516812280344e-11,0.7718323635280433,0.4032766437392534,0.40327701237966124,0.7718331436504323,-2.6700236724415337e-11,-2.749577579899866e-07,0.3685567377596823,0.7718341672268195,-3.114967581045289e-07,-5.106250458783565e-11,-2.0766112438748334e-11,0.7718322104144111,0.771832117386538,-2.602888102119045e-07,0.771832119931066,0.7718322535758156,-1.1006792786589805e-10,-3.98915800818333e-11,-2.2839019198854947e-11,0.7718336675910846,-1.306901112137105e-07,-1.5859377787256682e-11,-4.091071602387894e-11,0.7718324339323671,0.36855638126920204,0.7718333564657083
-6.605413347649579e-07,-4.324371048686217e-11,1.6386417368215906e-11,4.35483099587096e-12,-3.630947251241165e-07,2.6970465197735652e-09,-2.4189801832106193e-11,-3.7600158298426414e-11,-4.1651595945937275e-11,-6.906515712196273e-08,-1.558154150941881e-11,-4.499426547083224e-11,1.066295776925864e-07,-4.4284992410339346e-07,7.01278128293467e-12,-3.760015805607104e-11,7.012781263733278e-12,4.4800290714622165e-12,-3.703483276713469e-07,-2.0154800468416675e-10,-1.1679678977816186e-11,-2.3409012500574763e-11,1.7750435439742835e-11,-4.040806341535448e-07,-1.4870260916373524e-07,-8.795635685937797e-08,-2.7224765559516557e-07,-2.0306854384170085e-11,-4.622116917889071e-11,-1.1732118105795741e-07,-3.114967581045289e-07,6.914799512653934e-07,-7.73383810331595e-12,4.480028907755284e-12,-3.703483276713461e-07,-3.853827627860067e-07,-5.859156264669827e-08,-3.8500164740933165e-07,-3.8806784625967254e-07,2.2493481077777254e-11,-3.2031726936393657e-13,2.161874418265766e-08,-1.5394207983503674e-10,-5.007666700971853e-12,4.408494346322077e-12,-8.491406140267498e-12,-3.9836722861267644e-07,-2.057302358533181e-07,-3.2084770204031405e-07
-4.321092920175184e-07,-3.530040719945109e-11,-6.987642614736368e-12,-1.1018586617416677e-11,-7.189295084604375e-11,3.0659671053975494e-12,-4.195123290439118e-11,-5.3969044664565025e-12,-3.353365780233343e-11,-4.082037420965887e-11,3.490541534022533e-08,-3.3145535137295365e-11,-1.0755399739699119e-11,-1.3921440680007083e-07,-1.2899902518841702e-11,-5.396904440794826e-12,-1.2899902518841702e-11,-5.541133513506834e-12,-1.6067551852210627e-07,-1.4497052694685542e-07,6.756039044373074e-12,-7.330418167656976e-12,-9.053694144278122e-12,-8.145025012621554e-11,1.1488560571069437e-11,-6.809433550779523e-12,-7.674683657864816e-08,8.16209537220544e-12,-3.533185114247393e-11,-3.8515901251880586e-11,-5.106250458783565e-11,-7.73383810331595e-12,6.400813175576758e-07,-5.5411336549815485e-12,-1.6067551852210608e-07,-1.569516773424018e-07,1.1247380172312738e-11,-1.5717213173455676e-07,-1.5342898716613733e-07,1.2235558885440883e-11,-4.048749637978762e-12,4.2743927243575136e-12,-3.6954381476088986e-11,8.633456881009586e-12,-6.921389912464341e-12,7.2567910097181896e-12,-7.4678821417674e-11,-4.279391225113104e-11,-4.6593433687401896e-11
-3.6759677530721227e-07,-1.773543239723156e-11,3.983146856688614e-12,1.7669304889036016e-11,-4.6505014180734996e-11,-4.8730167592886146e-12,-2.321438252169514e-11,-2.262525297180677e-12,-2.052559669887092e-11,-2.0891934418670397e-11,-1.4686108876032402e-11,-1.9002797147831278e-11,-3.420183558422423e-13,-5.119262939358681e-11,1.8709696325361595e-11,-2.2625254611717873e-12,1.870969632536152e-11,1.5738420939423195e-08,-9.580607415500988e-08,-5.802433046771867e-11,-3.4911176198596654e-12,-3.6033945270995038e-12,4.7299006382893935e-12,-4.204898767976935e-11,-1.1569015604718415e-11,4.3505053668549795e-12,-4.101086938580211e-08,-9.019126748086524e-12,-2.0032377324877557e-11,-2.137071779531104e-11,-2.0766112438748334e-11,4.480028907755284e-12,-5.5411336549815485e-12,6.419556926672506e-07,-9.580607415500957e-08,-9.243941659626658e-08,2.6912119845534584e-12,-9.232549917599756e-08,-4.805084602039989e-11,-1.4006460023847826e-11,9.033680803627333e-09,-1.3761233948925839e-11,-2.089026911876457e-11,-1.2584366000365286e-11,2.2534408685471457e-08,-2.377114913770148e-08,-5.4406965757360154e-11,-2.1054403264486784e-11,-2.53143333050902e-11
0.999999085392134,0.22816491996267335,-1.4892767690174954e-07,-1.1164352040120405e-07,0.9999956871297676,-4.2502344767800804e-11,0.2281649839224299,-1.2278643704283908e-07,0.22816471255401216,0.22816454925680554,-6.923989128171136e-07,0.2281648523745732,-2.58410657541187e-07,0.999995589786886,-1.0199360481069664e-07,-1.227864373614848e-07,-1.0199360522242048e-07,-9.580607538040251e-08,0.9999952782964973,0.999995797379613,-1.4542655443047807e-07,-1.081496885284797e-07,-1.4766975490859525e-07,0.9999955026224071,0.4032753858724043,0.4032761184273112,0.7718319740583091,-5.0608570317572895e-11,0.22816442216363617,0.3685562223236999,0.7718322104144111,-3.703483276713461e-07,-1.6067551852210608e-07,-9.580607415500957e-08,0.9999959045137928,0.9999951697116128,-1.1759888540759644e-10,0.9999951734171478,0.999995377118975,-2.258052391121485e-07,-1.41319859392284e-07,-2.8417248630374623e-11,0.7718321949434713,-1.559977550792569e-07,-4.230064679780877e-11,-1.225984911080089e-07,0.9999955626590068,0.3685556284676589,0.7718320955375445
0.9999989848769121,0.22816491676747475,-1.581458529001571e-07,-1.0024838978840558e-07,0.9999955931357849,-8.847091699569091e-08,0.2281649555737561,-1.217337192611112e-07,0.22816470683039888,0.22816452992984382,-6.855409366863997e-07,0.22816485084513674,-2.927953810678405e-07,0.9999955043624246,-9.254186486944503e-08,-1.2173371957975727e-07,-9.254186528116874e-08,-9.243941782165956e-08,0.9999951697116136,0.9999956893645296,-1.3732608995062727e-07,-1.169114319183017e-07,-1.5914779806509835e-07,0.9999954088909934,0.40327540058214223,0.4032761221715508,0.7718318928602114,-9.662965754524047e-08,0.22816441615575275,0.3685561220999065,0.771832117386538,-3.853827627860067e-07,-1.569516773424018e-07,-9.243941659626658e-08,0.9999951697116128,0.9999956954141007,-2.0299905377623477e-07,0.9999950727693994,0.999995277096146,-2.384534927055491e-07,-1.3968450837316895e-07,-7.64908254436994e-08,0.7718321214556224,-1.6232035732290731e-07,-7.712598867316942e-08,-1.2873155111236247e-07,0.9999954575937493,0.3685555374811656,0.7718320031748633
