1.000000002602253,1.0484148414273118e-06,0.9999880616797526,0.9999880616797516,1.048262417433525e-06,0.9999880616797509,0.9999880616797528,0.9999880616797505,1.046401725365712e-06,0.9999880616797511,0.9999880616797505,1.0484148447787473e-06,0.9999880616797505,0.9999880616797503,1.0482624178705742e-06,0.9999880616797499,0.9999880616797514,0.9999880616797516,0.9999852499529337,0.9999880616797497,1.0464017254258389e-06,1.050069711446867e-06,1.0531759044092075e-06,0.9999895200314417,0.9999880616797499,0.9999880616797499,1.0482828035596029e-06,1.045343379663679e-06,1.0558812269489892e-06,0.9999880616797505,1.0457251390803678e-06,0.9999880616797511,1.047782159736603e-06,0.9999880616797509,0.9999880616797505,0.9999880616797511,0.9999880616797509,0.9999880616797503,0.9999880616797493,1.0508046801389157e-06,0.9999891873709986,1.0489587754804524e-06,0.9999880616797511,1.0464017258505094e-06,1.0512450318716144e-06,1.047126340227121e-06,1.0464017256926943e-06,1.0482828037216888e-06,0.9999880616797503,0.9999825059267796,0.9999880616797499,1.0486245801696357e-06,0.9999880616797522,0.9999884134520004,1.0482624180833887e-06
1.0484148414273118e-06,6.136231938011305e-06,3.913888411154329e-11,3.913888411807576e-11,1.6825355715412479e-18,3.913888410920201e-11,3.913888408104437e-11,3.913888416321854e-11,1.531562206212841e-18,3.91388841013702e-11,3.913888408104437e-11,3.4686353731301704e-15,3.9138884102935385e-11,3.913888408104437e-11,1.6703106551757582e-18,3.91388841013702e-11,3.913888409916555e-11,3.913888413798082e-11,7.787189888113597e-08,3.913888411200719e-11,1.531562206212841e-18,1.728497468170139e-18,1.8943718147647916e-18,3.9138939164017574e-11,3.913888411200719e-11,3.9138884118038e-11,1.652860051325871e-18,1.4985754334234931e-18,1.808658349161509e-18,3.913888411495808e-11,1.785314185702278e-18,3.913888408104437e-11,1.5877172544601214e-18,3.9138884123654166e-11,3.913888413798082e-11,3.913888411807576e-11,3.9138884123654166e-11,3.9138884111469724e-11,3.913888413798082e-11,1.833342421748401e-18,3.913892658300061e-11,3.423117338050472e-15,3.913888408104437e-11,1.81975644566174e-18,1.467260242841265e-18,3.367766185775175e-15,1.6714807932119972e-18,1.6532209569527099e-18,3.913888413798082e-11,3.9138674391400763e-11,3.9138884123654166e-11,1.684913499486444e-18,3.913888413798082e-11,3.9138897396342644e-11,1.795195537542461e-18
0.9999880616797526,3.913888411154329e-11,0.9999847340612182,0.9999785978294795,3.90622744371285e-11,0.9999785978294798,0.9999785978294793,0.9999785978294795,3.8127091007943405e-11,0.9999785978294795,0.9999785978294795,3.913888477369511e-11,0.9999785978294788,0.9999785978294796,3.906227466950078e-11,0.9999785978294795,0.9999785978294791,0.9999785978294785,0.9999757861267943,0.9999785978294793,3.812709102486736e-11,3.99706188825184e-11,4.153179513071811e-11,0.9999800561686525,0.9999785978294785,0.9999785978294801,3.907252164167864e-11,3.759516480664489e-11,4.289148513246271e-11,0.9999785978294793,3.778703787077526e-11,0.9999785978294793,3.882089724526274e-11,0.9999785978294785,0.9999785978294798,0.9999785978294795,0.9999785978294791,0.9999785978294793,0.9999785978294783,4.034001609786423e-11,0.9999797235110646,3.941226355323415e-11,0.9999785978294788,3.812709133235758e-11,4.0561338710314406e-11,3.849128176897584e-11,3.8127091472482344e-11,3.907252175587042e-11,0.9999785978294801,0.9999730421241944,0.9999785978294795,3.924429649905123e-11,0.9999785978294798,0.9999789495987104,3.906227458850723e-11
0.9999880616797516,3.913888411807576e-11,0.9999785978294795,0.9999847340612151,3.90622744738984e-11,0.9999785978294787,0.9999785978294793,0.9999785978294785,3.812709102125657e-11,0.9999785978294785,0.9999785978294785,3.9138884805248166e-11,0.9999785978294783,0.9999785978294785,3.906227464725003e-11,0.9999785978294785,0.9999785978294795,0.9999785978294785,0.9999757861267929,0.9999785978294783,3.812709101758187e-11,3.99706188692999e-11,4.153179515286139e-11,0.9999800561686517,0.999978597829478,0.9999785978294795,3.907252161355511e-11,3.759516479202527e-11,4.2891485117754276e-11,0.9999785978294783,3.7787037845759995e-11,0.9999785978294785,3.8820897230401565e-11,0.9999785978294785,0.9999785978294791,0.9999785978294795,0.9999785978294785,0.9999785978294785,0.9999785978294775,4.034001609319482e-11,0.9999797235110638,3.941226353704656e-11,0.9999785978294783,3.8127091329039564e-11,4.0561338708801125e-11,3.849128174357316e-11,3.8127091431797614e-11,3.907252173455593e-11,0.9999785978294793,0.999973042124195,0.9999785978294785,3.924429650990827e-11,0.9999785978294795,0.9999789495987096,3.90622745914992e-11
1.048262417433525e-06,1.6825355715412479e-18,3.90622744371285e-11,3.90622744738984e-11,6.136231939104585e-06,3.9062274456943326e-11,3.906227446426837e-11,3.906227446333681e-11,1.6883443554632796e-18,3.9062274462389645e-11,3.906227446149787e-11,1.6825355715412479e-18,3.9062274465843034e-11,3.9062274462153084e-11,3.266633977433021e-15,3.906227447032206e-11,3.9062274452774246e-11,3.9062274469807756e-11,7.771947419312693e-08,3.906227444394261e-11,1.6685354322864458e-18,3.3090757043078587e-15,1.862148682494056e-18,3.9062329278249973e-11,3.906227444432332e-11,3.906227445267407e-11,1.7949913126560745e-18,3.041085736730373e-15,3.5395659263875973e-15,3.9062274457042575e-11,1.5105659316676586e-18,3.9062274463531516e-11,3.2296090235256882e-15,3.906227445693589e-11,3.906227445473199e-11,3.9062274469807756e-11,3.9062274452774246e-11,3.9062274469425624e-11,3.9062274464257716e-11,1.8209179697646137e-18,3.906231687248348e-11,1.8414931710339907e-18,3.906227445268179e-11,1.6685354322864458e-18,1.8398745285685143e-18,1.6174174286430688e-18,1.6102204408923617e-18,1.8054138766609605e-18,3.9062274463775386e-11,7.771926872575005e-08,3.906227444981222e-11,1.7136157940509242e-18,3.906227445473199e-11,3.906228772634992e-11,3.266633866447023e-15
0.9999880616797509,3.913888410920201e-11,0.9999785978294798,0.9999785978294787,3.9062274456943326e-11,0.999984734061217,0.9999785978294783,0.9999785978294803,3.8127091025841106e-11,0.9999785978294787,0.9999785978294803,3.913888478441099e-11,0.9999785978294793,0.9999785978294803,3.9062274661524544e-11,0.9999785978294793,0.9999785978294785,0.9999785978294795,0.9999757861267939,0.9999785978294783,3.8127091044329116e-11,3.9970618909046465e-11,4.153179513575575e-11,0.9999800561686518,0.999978597829478,0.9999785978294804,3.907252162474739e-11,3.7595164802108585e-11,4.2891485132896386e-11,0.9999785978294793,3.7787037846031324e-11,0.9999785978294793,3.8820897235867685e-11,0.9999785978294793,0.9999785978294798,0.9999785978294793,0.9999785978294788,0.9999785978294803,0.9999785978294785,4.0340016096469515e-11,0.9999797235110646,3.941226354711604e-11,0.9999785978294783,3.81270913420586e-11,4.056133871200142e-11,3.849128174221442e-11,3.8127091431797614e-11,3.9072521729148855e-11,0.9999785978294804,0.999973042124194,0.9999785978294793,3.924429649226303e-11,0.9999785978294804,0.9999789495987104,3.906227458279638e-11
0.9999880616797528,3.913888408104437e-11,0.9999785978294793,0.9999785978294793,3.906227446426837e-11,0.9999785978294783,0.9999847340612152,0.9999785978294793,3.812709099380989e-11,0.9999785978294788,0.9999785978294788,3.9138884774684696e-11,0.9999785978294785,0.9999785978294793,3.906227468183358e-11,0.9999785978294781,0.9999785978294795,0.9999785978294793,0.999975786126793,0.9999785978294781,3.812709098094508e-11,3.997061889096354e-11,4.153179516472786e-11,0.9999800561686523,0.9999785978294783,0.9999785978294788,3.9072521611990534e-11,3.7595164799003925e-11,4.2891485117754276e-11,0.9999785978294781,3.7787037834174084e-11,0.9999785978294787,3.882089723924562e-11,0.9999785978294793,0.9999785978294788,0.9999785978294788,0.9999785978294788,0.9999785978294788,0.9999785978294783,4.034001610303127e-11,0.999979723511065,3.9412263536154346e-11,0.9999785978294785,3.8127091333103167e-11,4.056133872111866e-11,3.849128176910384e-11,3.8127091478152725e-11,3.907252174875489e-11,0.9999785978294788,0.999973042124195,0.9999785978294781,3.924429651103251e-11,0.9999785978294795,0.9999789495987104,3.906227459273577e-11
0.9999880616797505,3.913888416321854e-11,0.9999785978294795,0.9999785978294785,3.906227446333681e-11,0.9999785978294803,0.9999785978294793,0.9999847340612147,3.812709098942967e-11,0.9999785978294791,0.9999785978294795,3.9138884775796e-11,0.999978597829478,0.9999785978294795,3.906227468183358e-11,0.9999785978294795,0.9999785978294793,0.9999785978294793,0.999975786126794,0.9999785978294783,3.8127091011397744e-11,3.997061888845309e-11,4.153179516401796e-11,0.9999800561686515,0.9999785978294783,0.9999785978294803,3.907252165064357e-11,3.759516482702642e-11,4.289148513442507e-11,0.999978597829478,3.778703785414684e-11,0.9999785978294787,3.882089721339545e-11,0.9999785978294787,0.9999785978294803,0.9999785978294795,0.9999785978294793,0.9999785978294788,0.9999785978294783,4.0340016078442186e-11,0.9999797235110643,3.941226353704656e-11,0.9999785978294785,3.8127091354797936e-11,4.0561338702775237e-11,3.849128174856881e-11,3.812709144620102e-11,3.907252175026231e-11,0.9999785978294801,0.9999730421241946,0.9999785978294795,3.924429650820888e-11,0.9999785978294804,0.9999789495987097,3.90622746022412e-11
1.046401725365712e-06,1.531562206212841e-18,3.8127091007943405e-11,3.812709102125657e-11,1.6883443554632796e-18,3.8127091025841106e-11,3.812709099380989e-11,3.812709098942967e-11,6.1362319371543446e-06,3.812709102327618e-11,3.8127090984609545e-11,1.81975644566174e-18,3.812709102125657e-11,3.8127091025658014e-11,1.6102204408923617e-18,3.812709098759455e-11,3.812709098778615e-11,3.812709098713915e-11,7.585880507789496e-08,3.812709097576526e-11,3.160207899116022e-15,1.5684951770738145e-18,2.0391985821154554e-18,3.81271446070044e-11,3.812709102846411e-11,3.812709102846411e-11,1.846273159302816e-18,1.5008720612997596e-18,1.8017781628908266e-18,3.812709098304412e-11,3.1088494913348644e-15,3.812709098942967e-11,1.5909537557152251e-18,3.8127090978738346e-11,3.8127091015045416e-11,3.812709102087404e-11,3.81270910307817e-11,3.812709098778615e-11,3.8127091025841106e-11,1.6773616124629973e-18,3.8127132352062584e-11,1.7110305649929468e-18,3.8127091009849094e-11,3.1602080320493317e-15,1.6456258565710864e-18,1.759453097813419e-18,3.1602081178105304e-15,1.9418965746917524e-18,3.812709102584105e-11,3.8126886818660446e-11,3.8127090984609545e-11,3.2396861948350167e-15,3.812709102417736e-11,3.812710394080607e-11,1.6102121351886052e-18
0.9999880616797511,3.91388841013702e-11,0.9999785978294795,0.9999785978294785,3.9062274462389645e-11,0.9999785978294787,0.9999785978294788,0.9999785978294791,3.812709102327618e-11,0.9999847340612155,0.9999785978294785,3.913888474298856e-11,0.9999785978294783,0.9999785978294795,3.906227466105609e-11,0.9999785978294785,0.9999785978294783,0.9999785978294793,0.9999757861267933,0.9999785978294772,3.812709098094508e-11,3.997061888845309e-11,4.153179516401796e-11,0.9999800561686517,0.9999785978294773,0.9999785978294795,3.9072521648348845e-11,3.759516480765753e-11,4.2891485135528236e-11,0.9999785978294781,3.778703783473131e-11,0.9999785978294785,3.882089722398222e-11,0.9999785978294785,0.9999785978294793,0.9999785978294793,0.9999785978294785,0.9999785978294791,0.9999785978294775,4.0340016092692414e-11,0.9999797235110648,3.941226353721274e-11,0.9999785978294783,3.812709137154482e-11,4.056133871200142e-11,3.849128174225186e-11,3.8127091430686206e-11,3.907252173455593e-11,0.9999785978294793,0.999973042124195,0.9999785978294785,3.9244296518481225e-11,0.9999785978294801,0.9999789495987089,3.906227460224101e-11
0.9999880616797505,3.913888408104437e-11,0.9999785978294795,0.9999785978294785,3.906227446149787e-11,0.9999785978294803,0.9999785978294788,0.9999785978294795,3.8127090984609545e-11,0.9999785978294785,0.999984734061218,3.9138884771211474e-11,0.9999785978294785,0.9999785978294795,3.9062274671955815e-11,0.9999785978294788,0.9999785978294785,0.9999785978294791,0.9999757861267933,0.9999785978294783,3.8127091031418565e-11,3.997061886638895e-11,4.153179516401796e-11,0.9999800561686515,0.9999785978294783,0.9999785978294801,3.9072521645510284e-11,3.759516479574656e-11,4.289148513442507e-11,0.9999785978294783,3.7787037845759995e-11,0.9999785978294785,3.882089721339545e-11,0.9999785978294783,0.9999785978294803,0.9999785978294785,0.9999785978294783,0.9999785978294795,0.9999785978294775,4.034001610378849e-11,0.9999797235110643,3.941226352254117e-11,0.9999785978294785,3.812709133038912e-11,4.056133874399818e-11,3.8491281747356647e-11,3.8127091426281004e-11,3.907252174875489e-11,0.9999785978294796,0.9999730421241942,0.9999785978294788,3.924429651103251e-11,0.9999785978294795,0.9999789495987101,3.906227460357991e-11
1.0484148447787473e-06,3.4686353731301704e-15,3.913888477369511e-11,3.9138884805248166e-11,1.6825355715412479e-18,3.913888478441099e-11,3.9138884774684696e-11,3.9138884775796e-11,1.81975644566174e-18,3.913888474298856e-11,3.9138884771211474e-11,6.136231938011305e-06,3.913888478327792e-11,3.9138884775796e-11,1.4605827305034405e-18,3.913888477121086e-11,3.913888478152981e-11,3.9138884742988576e-11,7.787190021711743e-08,3.9138884752054074e-11,1.7102605868188025e-18,1.91926451719536e-18,2.2506819225942522e-18,3.9138939834008925e-11,3.913888480524812e-11,3.913888478815886e-11,1.5639279660828982e-18,1.5566763147811356e-18,1.779899213416712e-18,3.913888479694908e-11,1.6380959357898032e-18,3.913888474100107e-11,1.75409651530055e-18,3.9138884776050235e-11,3.913888478815886e-11,3.9138884805248166e-11,3.913888476865063e-11,3.913888476865063e-11,3.9138884779898305e-11,2.1461649422635792e-18,3.913892727637863e-11,3.423119014076625e-15,3.913888481337773e-11,1.6714473724287112e-18,1.7293887469231348e-18,3.3677678080236036e-15,1.7102605868188025e-18,1.5639279660828982e-18,3.9138884780720355e-11,3.9138675016557866e-11,3.9138884749986537e-11,1.674414295007085e-18,3.9138884735333614e-11,3.9138898094227424e-11,1.6825355715412479e-18
0.9999880616797505,3.9138884102935385e-11,0.9999785978294788,0.9999785978294783,3.9062274465843034e-11,0.9999785978294793,0.9999785978294785,0.999978597829478,3.812709102125657e-11,0.9999785978294783,0.9999785978294785,3.913888478327792e-11,0.9999847340612147,0.9999785978294785,3.906227465599327e-11,0.9999785978294783,0.9999785978294788,0.9999785978294783,0.9999757861267933,0.9999785978294773,3.812709101025105e-11,3.997061888382316e-11,4.153179513576172e-11,0.9999800561686515,0.9999785978294772,0.9999785978294793,3.907252164442029e-11,3.759516479202527e-11,4.289148512593323e-11,0.9999785978294775,3.778703780798992e-11,0.9999785978294783,3.88208972489181e-11,0.9999785978294777,0.9999785978294793,0.9999785978294785,0.9999785978294777,0.999978597829478,0.9999785978294775,4.034001610303127e-11,0.9999797235110638,3.9412263531452884e-11,0.9999785978294775,3.812709134846518e-11,4.056133869179511e-11,3.8491281752266196e-11,3.812709143971915e-11,3.907252173781789e-11,0.9999785978294793,0.9999730421241946,0.999978597829478,3.924429648816674e-11,0.9999785978294793,0.9999789495987088,3.906227461699173e-11
0.9999880616797503,3.913888408104437e-11,0.9999785978294796,0.9999785978294785,3.9062274462153084e-11,0.9999785978294803,0.9999785978294793,0.9999785978294795,3.8127091025658014e-11,0.9999785978294795,0.9999785978294795,3.9138884775796e-11,0.9999785978294785,0.9999847340612157,3.90622746677248e-11,0.9999785978294793,0.9999785978294783,0.9999785978294788,0.9999757861267935,0.9999785978294783,3.812709101758187e-11,3.9970618925241866e-11,4.153179515217493e-11,0.999980056168652,0.9999785978294785,0.9999785978294803,3.9072521612742106e-11,3.759516479574656e-11,4.289148512593323e-11,0.9999785978294787,3.7787037834174084e-11,0.9999785978294785,3.882089718576578e-11,0.9999785978294793,0.9999785978294803,0.9999785978294795,0.9999785978294785,0.9999785978294795,0.9999785978294783,4.034001610049212e-11,0.9999797235110643,3.9412263562054166e-11,0.9999785978294785,3.812709134727881e-11,4.0561338712001435e-11,3.849128176221546e-11,3.8127091487788074e-11,3.907252173781789e-11,0.9999785978294803,0.9999730421241942,0.9999785978294793,3.924429651103251e-11,0.9999785978294803,0.9999789495987099,3.906227460224101e-11
1.0482624178705742e-06,1.6703106551757582e-18,3.906227466950078e-11,3.906227464725003e-11,3.266633977433021e-15,3.9062274661524544e-11,3.906227468183358e-11,3.906227468183358e-11,1.6102204408923617e-18,3.906227466105609e-11,3.9062274671955815e-11,1.4605827305034405e-18,3.906227465599327e-11,3.90622746677248e-11,6.136231939104585e-06,3.9062274671453625e-11,3.906227468823837e-11,3.906227467224204e-11,7.771947461537622e-08,3.9062274666591374e-11,1.6358946297940158e-18,3.309075871089946e-15,1.874584143448597e-18,3.90623295561518e-11,3.90622746821119e-11,3.906227467172965e-11,1.8385318143499476e-18,3.0410858975821423e-15,3.5395661059437904e-15,3.9062274686080124e-11,1.5105659316676586e-18,3.9062274672541025e-11,3.2296091847188403e-15,3.9062274661730434e-11,3.9062274661524544e-11,3.906227467868247e-11,3.906227465444928e-11,3.906227464250161e-11,3.906227465444928e-11,2.1014210736152178e-18,3.9062317019762604e-11,1.7475550899552826e-18,3.906227464725003e-11,1.6685354322864458e-18,2.1154422167500965e-18,1.6174174286439382e-18,1.6102204408923617e-18,1.620118927165834e-18,3.9062274661524544e-11,7.77192691479979e-08,3.9062274664320026e-11,1.7015540377441264e-18,3.9062274662638116e-11,3.9062287974664764e-11,3.2666340277201522e-15
0.9999880616797499,3.91388841013702e-11,0.9999785978294795,0.9999785978294785,3.906227447032206e-11,0.9999785978294793,0.9999785978294781,0.9999785978294795,3.812709098759455e-11,0.9999785978294785,0.9999785978294788,3.913888477121086e-11,0.9999785978294783,0.9999785978294793,3.9062274671453625e-11,0.9999847340612151,0.9999785978294783,0.999978597829478,0.9999757861267933,0.9999785978294783,3.812709101039741e-11,3.997061890675036e-11,4.153179516472786e-11,0.9999800561686515,0.9999785978294783,0.9999785978294793,3.9072521645785716e-11,3.759516481867858e-11,4.2891485165004274e-11,0.9999785978294783,3.778703784971431e-11,0.9999785978294783,3.8820897216999805e-11,0.9999785978294783,0.9999785978294793,0.9999785978294785,0.9999785978294785,0.9999785978294793,0.9999785978294773,4.0340016092692414e-11,0.999979723511064,3.941226355001352e-11,0.999978597829478,3.8127091353811633e-11,4.056133869179511e-11,3.849128174221442e-11,3.812709142273333e-11,3.907252174408402e-11,0.9999785978294793,0.999973042124194,0.9999785978294788,3.924429652150086e-11,0.9999785978294793,0.9999789495987096,3.9062274620692065e-11
0.9999880616797514,3.913888409916555e-11,0.9999785978294791,0.9999785978294795,3.9062274452774246e-11,0.9999785978294785,0.9999785978294795,0.9999785978294793,3.812709098778615e-11,0.9999785978294783,0.9999785978294785,3.913888478152981e-11,0.9999785978294788,0.9999785978294783,3.906227468823837e-11,0.9999785978294783,0.9999847340612165,0.9999785978294788,0.9999757861267923,0.9999785978294783,3.812709103031836e-11,3.997061890801001e-11,4.153179513773501e-11,0.9999800561686515,0.9999785978294783,0.9999785978294796,3.9072521645785716e-11,3.759516480352986e-11,4.2891485128948576e-11,0.9999785978294783,3.778703782100743e-11,0.9999785978294793,3.882089721302851e-11,0.9999785978294783,0.9999785978294795,0.9999785978294793,0.9999785978294785,0.9999785978294793,0.9999785978294773,4.034001610091257e-11,0.999979723511064,3.941226355323415e-11,0.9999785978294783,3.8127091395002914e-11,4.056133874855538e-11,3.849128174856881e-11,3.812709146480618e-11,3.907252174875495e-11,0.9999785978294795,0.999973042124195,0.9999785978294783,3.92442965212385e-11,0.9999785978294787,0.9999789495987099,3.906227459328594e-11
0.9999880616797516,3.913888413798082e-11,0.9999785978294785,0.9999785978294785,3.9062274469807756e-11,0.9999785978294795,0.9999785978294793,0.9999785978294793,3.812709098713915e-11,0.9999785978294793,0.9999785978294791,3.9138884742988576e-11,0.9999785978294783,0.9999785978294788,3.906227467224204e-11,0.999978597829478,0.9999785978294788,0.9999847340612183,0.9999757861267927,0.9999785978294773,3.812709098094508e-11,3.997061889694219e-11,4.153179515854356e-11,0.9999800561686515,0.9999785978294783,0.9999785978294803,3.907252164442029e-11,3.7595164799003925e-11,4.2891485160883783e-11,0.9999785978294788,3.778703785591114e-11,0.9999785978294783,3.8820897215543237e-11,0.9999785978294788,0.9999785978294795,0.9999785978294795,0.9999785978294788,0.9999785978294788,0.9999785978294777,4.034001610326611e-11,0.9999797235110648,3.941226353588441e-11,0.9999785978294783,3.812709137216388e-11,4.0561338686914365e-11,3.849128177116968e-11,3.812709143971915e-11,3.9072521763239424e-11,0.9999785978294798,0.9999730421241944,0.999978597829478,3.924429649372352e-11,0.9999785978294798,0.9999789495987104,3.906227459396145e-11
0.9999852499529337,7.787189888113597e-08,0.9999757861267943,0.9999757861267929,7.771947419312693e-08,0.9999757861267939,0.999975786126793,0.999975786126794,7.585880507789496e-08,0.9999757861267933,0.9999757861267933,7.787190021711743e-08,0.9999757861267933,0.9999757861267935,7.771947461537622e-08,0.9999757861267933,0.9999757861267923,0.9999757861267927,0.9999791106637379,0.999975786126793,7.585880506946434e-08,7.95267435969813e-08,8.263290622938436e-08,0.9999772444618793,0.9999757861267933,0.9999757861267939,7.773986205927773e-08,7.480046896821918e-08,8.533818681196151e-08,0.9999757861267933,7.51822251430773e-08,0.9999757861267933,7.723922283937207e-08,0.9999757861267939,0.9999757861267939,0.9999757861267939,0.9999757861267939,0.9999757861267937,0.9999757861267927,8.026170716851219e-08,0.9999769118052244,7.841582294707673e-08,0.9999757861267933,7.585880575561109e-08,8.070205713340546e-08,7.658340992330549e-08,7.585880596467073e-08,7.773986230915115e-08,0.9999757861267939,0.9999702304370859,0.9999757861267933,7.808163072326427e-08,0.9999757861267939,0.9999761378950397,7.771947448399655e-08
0.9999880616797497,3.913888411200719e-11,0.9999785978294793,0.9999785978294783,3.906227444394261e-11,0.9999785978294783,0.9999785978294781,0.9999785978294783,3.812709097576526e-11,0.9999785978294772,0.9999785978294783,3.9138884752054074e-11,0.9999785978294773,0.9999785978294783,3.9062274666591374e-11,0.9999785978294783,0.9999785978294783,0.9999785978294773,0.999975786126793,0.9999847340612152,3.812709102576689e-11,3.9970618903515845e-11,4.153179515217493e-11,0.9999800561686515,0.9999785978294773,0.9999785978294791,3.9072521648348845e-11,3.7595164823124414e-11,4.2891485130671244e-11,0.9999785978294777,3.778703783639802e-11,0.9999785978294775,3.882089724788188e-11,0.9999785978294775,0.9999785978294783,0.9999785978294783,0.9999785978294777,0.999978597829478,0.999978597829477,4.034001609440963e-11,0.9999797235110633,3.9412263539028877e-11,0.9999785978294775,3.812709137154482e-11,4.0561338729580535e-11,3.8491281772194225e-11,3.812709145314789e-11,3.9072521763239424e-11,0.9999785978294785,0.9999730421241936,0.9999785978294783,3.92442965212385e-11,0.9999785978294785,0.9999789495987081,3.906227461699173e-11
1.0464017254258389e-06,1.531562206212841e-18,3.812709102486736e-11,3.812709101758187e-11,1.6685354322864458e-18,3.8127091044329116e-11,3.812709098094508e-11,3.8127091011397744e-11,3.160207899116022e-15,3.812709098094508e-11,3.8127091031418565e-11,1.7102605868188025e-18,3.812709101025105e-11,3.812709101758187e-11,1.6358946297940158e-18,3.812709101039741e-11,3.812709103031836e-11,3.812709098094508e-11,7.585880506946434e-08,3.812709102576689e-11,6.1362319371543446e-06,1.658157040546165e-18,2.0391985821154554e-18,3.8127144582390916e-11,3.8127091043098394e-11,3.812709103878304e-11,1.846273159302816e-18,1.517984278422204e-18,1.7611666371511036e-18,3.812709101039741e-11,3.1088494950547755e-15,3.812709102819571e-11,1.591548058501533e-18,3.8127091053925917e-11,3.812709097571532e-11,3.812709100221335e-11,3.8127091022869556e-11,3.812709103482713e-11,3.812709104853185e-11,1.6576620006121564e-18,3.812713229527861e-11,1.7416684248597247e-18,3.812709102562823e-11,3.1602080357487514e-15,1.64562366769163e-18,1.6547311910788998e-18,3.1602081215100408e-15,1.941896574691751e-18,3.812709098094508e-11,3.8126886859770663e-11,3.812709102681169e-11,3.239686198668831e-15,3.812709102471114e-11,3.812710392411419e-11,1.6883443554632796e-18
1.050069711446867e-06,1.728497468170139e-18,3.99706188825184e-11,3.99706188692999e-11,3.3090757043078587e-15,3.9970618909046465e-11,3.997061889096354e-11,3.997061888845309e-11,1.5684951770738145e-18,3.997061888845309e-11,3.997061886638895e-11,1.91926451719536e-18,3.997061888382316e-11,3.9970618925241866e-11,3.309075871089946e-15,3.997061890675036e-11,3.997061890801001e-11,3.997061889694219e-11,7.95267435969813e-08,3.9970618903515845e-11,1.658157040546165e-18,6.136231937753602e-06,1.5087056162880394e-18,7.952707065696718e-08,3.99706188692999e-11,3.9970618886363343e-11,1.5160445242735464e-18,3.0783013029236338e-15,3.584498012426637e-15,3.997061889167737e-11,1.5779816580607317e-18,3.997061888845309e-11,3.2711939848567558e-15,3.997061886370339e-11,3.997061888845309e-11,3.997061886370794e-11,3.99706188692999e-11,3.9970618914450416e-11,3.997061890055189e-11,3.5102471788455706e-15,3.9970662185197725e-11,3.3642288735847252e-15,3.997061888654134e-11,1.6619864421779807e-18,1.5684640719698698e-18,1.617998235436935e-18,1.5684951770738145e-18,1.8517045253673016e-18,3.9970618892463665e-11,7.952653344588354e-08,3.997061886370339e-11,1.7723725645673313e-18,3.997061890637139e-11,3.9970632406098585e-11,3.3090757561591393e-15
1.0531759044092075e-06,1.8943718147647916e-18,4.153179513071811e-11,4.153179515286139e-11,1.862148682494056e-18,4.153179513575575e-11,4.153179516472786e-11,4.153179516401796e-11,2.0391985821154554e-18,4.153179516401796e-11,4.153179516401796e-11,2.2506819225942522e-18,4.153179513576172e-11,4.153179515217493e-11,1.874584143448597e-18,4.153179516472786e-11,4.153179513773501e-11,4.153179515854356e-11,8.263290622938436e-08,4.153179515217493e-11,2.0391985821154554e-18,1.5087056162880394e-18,6.136231938110006e-06,4.1531853727035776e-11,4.153179516186114e-11,4.153179516472786e-11,1.7207887160865872e-18,3.497693854404424e-15,1.977114371407376e-18,4.153179512841551e-11,1.5783708904337385e-18,4.153179516401796e-11,1.8882489948514335e-18,4.153179515286139e-11,4.153179516401796e-11,4.153179513621973e-11,4.153179513071811e-11,4.153179515881623e-11,4.153179515854356e-11,1.5267145972089631e-18,4.153184038924898e-11,2.0358252241287962e-18,4.153179513773501e-11,1.9341628362148076e-18,2.100299729952758e-18,1.8685102901138703e-18,1.902197825258584e-18,1.7207887160865872e-18,4.153179516401642e-11,4.153157210349681e-11,4.153179513621973e-11,1.6244987711285833e-18,4.1531795143969803e-11,4.1531809272486924e-11,1.8908055898830203e-18
0.9999895200314417,3.9138939164017574e-11,0.9999800561686525,0.9999800561686517,3.9062329278249973e-11,0.9999800561686518,0.9999800561686523,0.9999800561686515,3.81271446070044e-11,0.9999800561686517,0.9999800561686515,3.9138939834008925e-11,0.9999800561686515,0.999980056168652,3.90623295561518e-11,0.9999800561686515,0.9999800561686515,0.9999800561686515,0.9999772444618793,0.9999800561686515,3.8127144582390916e-11,7.952707065696718e-08,4.1531853727035776e-11,0.9999876507416812,0.9999800561686507,0.999980056168652,3.907257657271264e-11,3.7595217591964596e-11,8.53385377226012e-08,0.9999800561686515,3.778709096818656e-11,0.9999800561686517,3.882095180642247e-11,0.9999800561686507,0.999980056168652,0.9999800561686517,0.999980056168651,0.9999800561686515,0.9999800561686505,4.034007292390902e-11,0.999981181851874,3.9412318981728973e-11,0.9999800561686515,3.8127144964289774e-11,4.056139591123195e-11,3.849133590760034e-11,3.812714505369448e-11,3.907257669637423e-11,0.999980056168652,0.9999745004552889,0.9999800561686515,3.9244351707405024e-11,0.999980056168652,0.999980407938395,3.906232939651094e-11
0.9999880616797499,3.913888411200719e-11,0.9999785978294785,0.999978597829478,3.906227444432332e-11,0.999978597829478,0.9999785978294783,0.9999785978294783,3.812709102846411e-11,0.9999785978294773,0.9999785978294783,3.913888480524812e-11,0.9999785978294772,0.9999785978294785,3.90622746821119e-11,0.9999785978294783,0.9999785978294783,0.9999785978294783,0.9999757861267933,0.9999785978294773,3.8127091043098394e-11,3.99706188692999e-11,4.153179516186114e-11,0.9999800561686507,0.9999847340612162,0.9999785978294788,3.907252162471097e-11,3.759516479155263e-11,4.2891485137868426e-11,0.9999785978294773,3.778703783222723e-11,0.9999785978294777,3.8820897218249636e-11,0.999978597829478,0.9999785978294785,0.999978597829478,0.9999785978294775,0.999978597829478,0.9999785978294773,4.034001609637679e-11,0.9999797235110632,3.941226352238426e-11,0.9999785978294775,3.812709137132787e-11,4.0561338713322966e-11,3.8491281771769344e-11,3.8127091407797615e-11,3.9072521771416666e-11,0.9999785978294788,0.9999730421241936,0.9999785978294783,3.924429650013252e-11,0.9999785978294788,0.9999789495987081,3.9062274611011286e-11
0.9999880616797499,3.9138884118038e-11,0.9999785978294801,0.9999785978294795,3.906227445267407e-11,0.9999785978294804,0.9999785978294788,0.9999785978294803,3.812709102846411e-11,0.9999785978294795,0.9999785978294801,3.913888478815886e-11,0.9999785978294793,0.9999785978294803,3.906227467172965e-11,0.9999785978294793,0.9999785978294796,0.9999785978294803,0.9999757861267939,0.9999785978294791,3.812709103878304e-11,3.9970618886363343e-11,4.153179516472786e-11,0.999980056168652,0.9999785978294788,0.9999847340612157,3.907252162471097e-11,3.759516479202527e-11,4.2891485117754276e-11,0.9999785978294788,3.778703783157661e-11,0.9999785978294793,3.8820897262141545e-11,0.9999785978294793,0.9999785978294804,0.9999785978294795,0.9999785978294795,0.9999785978294801,0.9999785978294783,4.0340016090726135e-11,0.9999797235110648,3.941226355001352e-11,0.9999785978294793,3.8127091340034914e-11,4.056133871594331e-11,3.849128174357316e-11,3.812709149776157e-11,3.907252173061785e-11,0.9999785978294804,0.999973042124195,0.9999785978294793,3.924429649336774e-11,0.9999785978294804,0.9999789495987105,3.906227459176945e-11
1.0482828035596029e-06,1.652860051325871e-18,3.907252164167864e-11,3.907252161355511e-11,1.7949913126560745e-18,3.907252162474739e-11,3.9072521611990534e-11,3.907252165064357e-11,1.846273159302816e-18,3.9072521648348845e-11,3.9072521645510284e-11,1.5639279660828982e-18,3.907252164442029e-11,3.9072521612742106e-11,1.8385318143499476e-18,3.9072521645785716e-11,3.9072521645785716e-11,3.907252164442029e-11,7.773986205927773e-08,3.9072521648348845e-11,1.846273159302816e-18,1.5160445242735464e-18,1.7207887160865872e-18,3.907257657271264e-11,3.907252162471097e-11,3.907252162471097e-11,6.13623193792459e-06,3.1340652249853526e-15,1.8234041731181344e-18,3.907252161355511e-11,3.250602413105471e-15,3.9072521616288216e-11,1.9785322679883917e-18,3.907252164167864e-11,3.9072521612742106e-11,3.907252164207042e-11,3.9072521635014687e-11,3.907252167367363e-11,3.907252161355511e-11,3.556432955382867e-15,3.9072564048869444e-11,1.7271786357792554e-18,3.907252161355511e-11,1.941896574691751e-18,1.9562980313183283e-18,1.5684387579612515e-18,1.8751238280297498e-18,3.4498094576637916e-15,3.907252163449853e-11,3.9072312172717235e-11,3.907252162471097e-11,1.7256475833266144e-18,3.907252161896512e-11,3.907253485809851e-11,1.7991140575818483e-18
1.045343379663679e-06,1.4985754334234931e-18,3.759516480664489e-11,3.759516479202527e-11,3.041085736730373e-15,3.7595164802108585e-11,3.7595164799003925e-11,3.759516482702642e-11,1.5008720612997596e-18,3.759516480765753e-11,3.759516479574656e-11,1.5566763147811356e-18,3.759516479202527e-11,3.759516479574656e-11,3.0410858975821423e-15,3.759516481867858e-11,3.759516480352986e-11,3.7595164799003925e-11,7.480046896821918e-08,3.7595164823124414e-11,1.517984278422204e-18,3.0783013029236338e-15,3.497693854404424e-15,3.7595217591964596e-11,3.759516479155263e-11,3.759516479202527e-11,3.1340652249853526e-15,6.136231937959053e-06,3.2919337726735497e-15,3.759516479141402e-11,1.5190535759968598e-18,3.759516479574656e-11,3.0054643614888986e-15,3.7595164795603766e-11,3.759516481678281e-11,3.7595164799003925e-11,3.759516479543454e-11,3.759516482702642e-11,3.7595164800816995e-11,3.230268897974124e-15,3.7595205521403175e-11,1.5911538501615263e-18,3.7595164801669805e-11,1.516368413368868e-18,1.737136868766141e-18,1.5420690613029423e-18,1.5059662271009355e-18,3.1340652895580653e-15,3.7595164791552417e-11,7.480027150667336e-08,3.759516481771495e-11,1.5419559140303866e-18,3.759516482226431e-11,3.759517752660708e-11,3.041085786432463e-15
1.0558812269489892e-06,1.808658349161509e-18,4.289148513246271e-11,4.2891485117754276e-11,3.5395659263875973e-15,4.2891485132896386e-11,4.2891485117754276e-11,4.289148513442507e-11,1.8017781628908266e-18,4.2891485135528236e-11,4.289148513442507e-11,1.779899213416712e-18,4.289148512593323e-11,4.289148512593323e-11,3.5395661059437904e-15,4.2891485165004274e-11,4.2891485128948576e-11,4.2891485160883783e-11,8.533818681196151e-08,4.2891485130671244e-11,1.7611666371511036e-18,3.584498012426637e-15,1.977114371407376e-18,8.53385377226012e-08,4.2891485137868426e-11,4.2891485117754276e-11,1.8234041731181344e-18,3.2919337726735497e-15,6.136231938781462e-06,4.289148512767369e-11,1.7028430563096738e-18,4.2891485117754276e-11,3.4989173375497173e-15,4.2891485129162325e-11,4.28914851347311e-11,4.289148514503392e-11,4.2891485131585066e-11,4.2891485123783873e-11,4.2891485140205477e-11,1.4753720170125659e-18,8.53385103850668e-08,1.670543737266861e-18,4.2891485130671244e-11,1.960886289153169e-18,1.95367597896003e-18,1.8805539804653973e-18,1.7223998365303157e-18,1.915827976281349e-18,4.289148516343241e-11,8.533796133581514e-08,4.2891485130671244e-11,1.725270847369601e-18,4.2891485135528236e-11,8.533844679066995e-08,3.5395659821582418e-15
0.9999880616797505,3.913888411495808e-11,0.9999785978294793,0.9999785978294783,3.9062274457042575e-11,0.9999785978294793,0.9999785978294781,0.999978597829478,3.812709098304412e-11,0.9999785978294781,0.9999785978294783,3.913888479694908e-11,0.9999785978294775,0.9999785978294787,3.9062274686080124e-11,0.9999785978294783,0.9999785978294783,0.9999785978294788,0.9999757861267933,0.9999785978294777,3.812709101039741e-11,3.997061889167737e-11,4.153179512841551e-11,0.9999800561686515,0.9999785978294773,0.9999785978294788,3.907252161355511e-11,3.759516479141402e-11,4.289148512767369e-11,0.9999847340612155,3.7787037835578346e-11,0.9999785978294785,3.882089724418812e-11,0.9999785978294773,0.9999785978294788,0.9999785978294781,0.9999785978294783,0.999978597829478,0.9999785978294773,4.034001610091274e-11,0.9999797235110643,3.9412263539028877e-11,0.9999785978294777,3.812709135519285e-11,4.056133873565754e-11,3.8491281772194225e-11,3.8127091437895085e-11,3.907252175725219e-11,0.9999785978294788,0.9999730421241942,0.9999785978294783,3.924429650013274e-11,0.9999785978294787,0.9999789495987086,3.906227461699173e-11
1.0457251390803678e-06,1.785314185702278e-18,3.778703787077526e-11,3.7787037845759995e-11,1.5105659316676586e-18,3.7787037846031324e-11,3.7787037834174084e-11,3.778703785414684e-11,3.1088494913348644e-15,3.778703783473131e-11,3.7787037845759995e-11,1.6380959357898032e-18,3.778703780798992e-11,3.7787037834174084e-11,1.5105659316676586e-18,3.778703784971431e-11,3.778703782100743e-11,3.778703785591114e-11,7.51822251430773e-08,3.778703783639802e-11,3.1088494950547755e-15,1.5779816580607317e-18,1.5783708904337385e-18,3.778709096818656e-11,3.778703783222723e-11,3.778703783157661e-11,3.250602413105471e-15,1.5190535759968598e-18,1.7028430563096738e-18,3.7787037835578346e-11,6.1362319364331545e-06,3.7787037830341084e-11,1.5898903365566774e-18,3.778703785692264e-11,3.778703785414684e-11,3.7787037845759995e-11,3.778703783639802e-11,3.7787037827675624e-11,3.778703785692264e-11,1.3433837253392728e-18,3.778707882368618e-11,1.575844643827251e-18,3.7787037834174084e-11,3.108849627661002e-15,1.7275938283005538e-18,1.5743937229233787e-18,3.108849713425912e-15,3.2506024759125554e-15,3.778703783954507e-11,3.778683554747817e-11,3.7787037845759995e-11,3.1868229680998587e-15,3.7787037831837105e-11,3.77870506794488e-11,1.5440547128532203e-18
0.9999880616797511,3.913888408104437e-11,0.9999785978294793,0.9999785978294785,3.9062274463531516e-11,0.9999785978294793,0.9999785978294787,0.9999785978294787,3.812709098942967e-11,0.9999785978294785,0.9999785978294785,3.913888474100107e-11,0.9999785978294783,0.9999785978294785,3.9062274672541025e-11,0.9999785978294783,0.9999785978294793,0.9999785978294783,0.9999757861267933,0.9999785978294775,3.812709102819571e-11,3.997061888845309e-11,4.153179516401796e-11,0.9999800561686517,0.9999785978294777,0.9999785978294793,3.9072521616288216e-11,3.759516479574656e-11,4.2891485117754276e-11,0.9999785978294785,3.7787037830341084e-11,0.9999847340612157,3.882089724077865e-11,0.9999785978294781,0.9999785978294793,0.9999785978294787,0.9999785978294785,0.9999785978294785,0.9999785978294775,4.0340016101397334e-11,0.999979723511064,3.941226356476996e-11,0.9999785978294783,3.8127091343389364e-11,4.056133869819675e-11,3.849128173497002e-11,3.8127091431130234e-11,3.9072521731042685e-11,0.9999785978294793,0.9999730421241946,0.9999785978294783,3.924429648843661e-11,0.9999785978294785,0.9999789495987091,3.906227458945036e-11
1.047782159736603e-06,1.5877172544601214e-18,3.882089724526274e-11,3.8820897230401565e-11,3.2296090235256882e-15,3.8820897235867685e-11,3.882089723924562e-11,3.882089721339545e-11,1.5909537557152251e-18,3.882089722398222e-11,3.882089721339545e-11,1.75409651530055e-18,3.88208972489181e-11,3.882089718576578e-11,3.2296091847188403e-15,3.8820897216999805e-11,3.882089721302851e-11,3.8820897215543237e-11,7.723922283937207e-08,3.882089724788188e-11,1.591548058501533e-18,3.2711939848567558e-15,1.8882489948514335e-18,3.882095180642247e-11,3.8820897218249636e-11,3.8820897262141545e-11,1.9785322679883917e-18,3.0054643614888986e-15,3.4989173375497173e-15,3.882089724418812e-11,1.5898903365566774e-18,3.882089724077865e-11,6.136231937903099e-06,3.8820897233126686e-11,3.8820897243547313e-11,3.882089719872372e-11,3.8820897246697346e-11,3.882089722398222e-11,3.8820897213190974e-11,3.4250002324698768e-15,3.8820939337682585e-11,1.6407991257294797e-18,3.8820897231298126e-11,1.591548058501533e-18,1.7945005623518915e-18,1.5914329072491669e-18,1.6148675737796044e-18,1.9785322679883917e-18,3.8820897230401565e-11,7.723901868892786e-08,3.8820897218249636e-11,1.6565996350307488e-18,3.882089720150749e-11,3.882091037683278e-11,3.2296090737132083e-15
0.9999880616797509,3.9138884123654166e-11,0.9999785978294785,0.9999785978294785,3.906227445693589e-11,0.9999785978294793,0.9999785978294793,0.9999785978294787,3.8127090978738346e-11,0.9999785978294785,0.9999785978294783,3.9138884776050235e-11,0.9999785978294777,0.9999785978294793,3.9062274661730434e-11,0.9999785978294783,0.9999785978294783,0.9999785978294788,0.9999757861267939,0.9999785978294775,3.8127091053925917e-11,3.997061886370339e-11,4.153179515286139e-11,0.9999800561686507,0.999978597829478,0.9999785978294793,3.907252164167864e-11,3.7595164795603766e-11,4.2891485129162325e-11,0.9999785978294773,3.778703785692264e-11,0.9999785978294781,3.8820897233126686e-11,0.9999847340612129,0.9999785978294788,0.9999785978294787,0.999978597829478,0.9999785978294783,0.9999785978294777,4.034001610712893e-11,0.9999797235110638,3.941226354543848e-11,0.9999785978294775,3.81270913420586e-11,4.056133870880111e-11,3.8491281772194225e-11,3.812709143971915e-11,3.907252175587042e-11,0.9999785978294793,0.999973042124195,0.9999785978294783,3.924429649905144e-11,0.9999785978294795,0.9999789495987086,3.90622746025602e-11
