1.0000000137807783,1.9598016469051006e-06,1.00003469633166,1.0000345974643792,1.937538966748666e-06,1.0000345873662142,1.000034652552889,1.9418769647175325e-06,1.000034652552889,1.933621858537887e-06,1.0000365794135861,1.000027104997452,1.0000342705304024,1.9652163399745723e-06,1.0000346525528896,1.9556691128039816e-06,1.9391312177424547e-06,1.934292219246439e-06,1.956959712405159e-06,1.0000346525528885,1.972665566904233e-06,1.9570339548215887e-06,1.00003465255289,1.000030006036075,1.965635402028059e-06,1.0000277672545446,1.000027767254548,1.0000345490015747,1.000034652552891,1.933621858811821e-06,1.000027767254545,1.9652163401574992e-06,1.0000346525528876,1.0000345490015727,1.0000346525528916,1.0000271049974507,1.965635402031323e-06,1.947121854960633e-06,1.9422069847570528e-06,1.0000346525528914,1.0000345974643772,1.9658982039356403e-06,1.0000277672545477,1.93362185915308e-06,1.0000343964269869,1.0000346525528903,1.9656354031911305e-06,1.0000352928552882,1.0000348425183971,1.957901095712179e-06,1.936187403338823e-06,1.988087906489355e-06,1.9471092738103454e-06,1.9542039296790282e-06,1.00003465255289,1.937538965817616e-06,1.0000288182680808,1.0000332720125404,1.9785932864112065e-06,1.00003465255289,1.9336218582561206e-06,1.954325596977698e-06,1.9717885094416773e-06,1.9740375505359242e-06,1.000034972699057
1.9598016469051006e-06,-4.021162105822263e-06,6.202403882244933e-11,6.202403251568824e-11,5.303368696948918e-18,6.202403186852902e-11,6.202403597234e-11,1.1008823521406776e-14,6.202403594524733e-11,4.949911043351901e-18,1.235122697313084e-07,6.202355603140167e-11,6.202401175797092e-11,6.653759112057289e-18,6.202403592604925e-11,1.2253353127492765e-14,5.4739131248804866e-18,5.063851660126059e-18,6.226174127225179e-18,6.202403594524416e-11,7.161710446178524e-18,6.3088881513744175e-18,6.202403594524416e-11,1.2351143771239407e-07,6.75863449065461e-18,1.23511154284492e-07,1.2351115428449206e-07,6.202402943015089e-11,6.202403594446346e-11,5.1441174922539215e-18,1.2351115428449193e-07,6.7476549460221875e-18,6.202403594170615e-11,6.202402946227339e-11,6.202403604786817e-11,6.202355629005981e-11,6.6427686052116876e-18,5.846363910878507e-18,5.5685265489055176e-18,6.202403604786817e-11,6.202403253096484e-11,1.3503563056276356e-14,1.2351115428449185e-07,5.142880914568599e-18,6.202401973790028e-11,6.202403594446346e-11,6.825862863558533e-18,1.235121069515518e-07,6.202404814464595e-11,6.286821117486078e-18,1.0379441249459533e-14,7.969078909154876e-18,6.093056524159176e-18,6.295624212111677e-18,6.202403594457235e-11,5.229486122496924e-18,1.2351128734640094e-07,6.202394825567202e-11,7.452352841121166e-18,6.202403604786817e-11,4.931987557222216e-18,6.149968971817203e-18,7.060164547767699e-18,7.223564390136843e-18,6.202405638369704e-11
1.00003469633166,6.202403882244933e-11,1.000041941726802,1.0000458640203231,5.0844235872836334e-11,1.0000458539220252,1.0000459191095534,5.302267861621179e-11,1.0000459191095532,4.887715423985824e-11,1.000047845995378,1.0000383714556877,1.000045537082082,6.474317115325966e-11,1.0000459191095539,5.994877656614847e-11,5.164382723412527e-11,4.9213794916196307e-11,6.059688523787813e-11,1.000045919109554,6.848399911224071e-11,6.063416839966753e-11,1.0000459191095548,1.0000412725321433,6.495361470137397e-11,1.0000390337214196,1.000039033721419,1.0000458155568863,1.000045919109554,4.8877154665804495e-11,1.0000390337214184,6.474317083378121e-11,1.000045919109553,1.0000458155568865,1.0000459191095543,1.0000383714556844,6.495361479776193e-11,5.5656540242357823e-11,5.3188407283494426e-11,1.000045919109554,1.000045864020323,6.508558797863476e-11,1.0000390337214184,4.887715478432789e-11,1.0000456629803103,1.0000459191095548,6.495361461217553e-11,1.0000465594203016,1.000046109077537,6.106962846359361e-11,5.016551258945835e-11,7.6228739515288e-11,5.565022376543569e-11,5.921299486764658e-11,1.0000459191095539,5.084423628889184e-11,1.0000400847486604,1.0000445385511976,7.14607629810153e-11,1.000045919109553,4.8877155246583325e-11,5.927409501783564e-11,1.3549905427380422e-07,6.917297726545143e-11,1.0000462392598943
1.0000345974643792,6.202403251568824e-11,1.0000458640203231,1.0000417439896672,5.0844230753483946e-11,1.0000457550534652,1.0000458202409859,5.3022673246453074e-11,1.0000458202409859,4.887714926965503e-11,1.0000477471266216,1.0000382725878663,1.0000454382135535,6.474316461996267e-11,1.0000458202409859,5.99487704760261e-11,5.164382200823778e-11,4.9213789953095784e-11,6.059687912447306e-11,1.0000458202409872,6.848399224231553e-11,6.063416225278632e-11,1.0000458202409874,1.0000411736640342,6.495360816060169e-11,1.000038934853531,1.0000389348535306,1.0000457166883314,1.000045820240987,4.887714981779744e-11,1.0000389348535308,6.474316428910754e-11,1.0000458202409854,1.0000457166883325,1.000045820240987,1.0000382725878627,6.495360825938776e-11,5.565653458835254e-11,5.3188401909489485e-11,1.0000458202409872,1.000045765151763,6.508558139513679e-11,1.0000389348535303,4.8877149834374647e-11,1.0000455641117714,1.0000458202409874,6.495360801021751e-11,1.0000464605516715,1.0000460102089521,6.106962222760432e-11,5.016550750805905e-11,7.622873178353364e-11,5.565021813831941e-11,5.92129888119215e-11,1.0000458202409868,5.084423112949007e-11,1.0000399858806703,1.0000444396827681,1.423039077275634e-07,1.0000458202409865,4.8877150275689986e-11,5.927408904610143e-11,6.804355541379388e-11,6.91729702727168e-11,1.0000461403912968
1.937538966748666e-06,5.303368696948918e-18,5.0844235872836334e-11,5.0844230753483946e-11,-4.021162110239118e-06,5.08442302513845e-11,5.0844233677157227e-11,4.7195577617969735e-18,5.084423357814416e-11,4.270190498567719e-18,5.084433390920444e-11,5.0843840547522476e-11,5.084421373073153e-11,5.549155678344545e-18,5.084423358572017e-11,4.966733945651709e-18,4.354437655143303e-18,4.214217622200767e-18,5.1565677014642e-18,5.084423356780367e-11,5.876999478091568e-18,5.218025880338801e-18,5.084423359971885e-11,1.0124856113933618e-07,5.517317671340876e-18,5.0843875036545334e-11,5.08438750718582e-11,5.084422821717841e-11,5.084423365842058e-11,4.193579404285817e-18,5.084387506176136e-11,5.562203334059579e-18,5.0844233643262273e-11,5.08442282242379e-11,5.084423365842058e-11,5.084384055489411e-11,5.53040554499389e-18,4.667179419554552e-18,9.034386723357645e-15,5.0844233669402706e-11,5.084423071803583e-11,5.6094786561473785e-18,5.084387505397934e-11,4.253816115797806e-18,5.084422027406006e-11,5.084423356534863e-11,5.5317076838766005e-18,5.084426682971635e-11,5.084424347620881e-11,5.146984551498531e-18,8.548982120381677e-15,1.3100369422490311e-14,4.806691499324385e-18,4.985547673646926e-18,5.0844233597424124e-11,8.670181459465551e-15,5.0843929703807505e-11,1.0124889982858374e-07,6.191084304845042e-18,5.084423360206348e-11,4.273445825090613e-18,4.934137482868775e-18,5.864342120935848e-18,1.1880114161054124e-14,5.084425022333074e-11
1.0000345873662142,6.202403186852902e-11,1.0000458539220252,1.0000457550534652,5.08442302513845e-11,1.0000417237930774,1.000045810142689,5.302267254976985e-11,1.000045810142689,4.8877148760894157e-11,1.0000477370283056,1.0000382624896447,1.0000454281152606,6.474316394353808e-11,1.0000458101426892,5.994876987843186e-11,5.1643821529201765e-11,4.9213789177024775e-11,6.059687849003137e-11,1.0000458101426903,6.848399131832604e-11,6.063416161252841e-11,1.0000458101426903,1.0000411635657842,6.495360749063046e-11,1.000038924755302,1.000038924755302,1.0000457065900337,1.0000458101426901,4.887714935844187e-11,1.0000389247553025,6.474316363870402e-11,1.0000458101426888,1.000045706590035,1.0000458101426906,1.0000382624896416,6.495360755041732e-11,1.1083205336821579e-07,5.318840141208035e-11,1.0000458101426901,1.000045755053465,6.508558073492084e-11,1.0000389247553019,4.8877149409991236e-11,1.0000455540134752,1.0000458101426903,6.49536073734629e-11,1.0000464504533684,1.000046000110654,6.106962161462363e-11,5.0165506978815514e-11,7.622873105494824e-11,1.1081947512944556e-07,1.1791422507376802e-07,1.0000458101426897,5.084423065139603e-11,1.0000399757824314,1.0000444295844841,7.14607548993601e-11,1.0000458101426888,4.887714980767495e-11,5.927408845515484e-11,6.804355464218917e-11,6.917296945246853e-11,1.0000461302929962
1.000034652552889,6.202403597234e-11,1.0000459191095534,1.0000458202409859,5.0844233677157227e-11,1.000045810142689,1.000041854168124,5.302267626199292e-11,1.0000458753302142,4.887715203668402e-11,1.0000478022159554,1.0000383276766789,1.0000454933027616,6.474316824888477e-11,1.0000458753302146,5.99487738525547e-11,5.1643824927412956e-11,4.921379270426575e-11,6.059688253087696e-11,1.0000458753302153,6.848399604261842e-11,6.063416567702096e-11,1.0000458753302155,1.0000412287530067,6.495361179891067e-11,1.000038989942381,1.0000389899423805,1.0000457717775524,1.0000458753302155,4.8877152519200236e-11,1.0000389899423798,6.474316793667057e-11,1.0000458753302137,1.0000457717775546,1.0000458753302155,1.0000383276766749,6.49536118459473e-11,5.5656537788719754e-11,5.318840492394376e-11,1.0000458753302148,1.000045820240987,6.508558507792098e-11,1.0000389899423805,4.887715260125292e-11,1.000045619200983,1.0000458753302155,6.495361168326411e-11,1.0000465156409346,1.0000460652981902,6.106962566927926e-11,5.016551030708225e-11,7.622873611534809e-11,5.5650221285095386e-11,5.921299218174727e-11,1.0000458753302155,5.0844234027893393e-11,1.0000400409695758,1.0000444947719198,7.146075963765756e-11,1.0000458753302146,4.8877153022396524e-11,5.92740924161598e-11,6.804355919379212e-11,6.91729741837837e-11,1.000046195480542
1.9418769647175325e-06,1.1008823521406776e-14,5.302267861621179e-11,5.3022673246453074e-11,4.7195577617969735e-18,5.302267254976985e-11,5.302267626199292e-11,-4.021162108954285e-06,5.3022676249266414e-11,4.273562818137791e-18,5.3022780840842267e-11,5.302226654866868e-11,1.0558705965522735e-07,5.8540418812935885e-18,5.302267625036933e-11,5.249461002441386e-18,9.238647847606418e-15,4.279540486987167e-18,5.476528097212021e-18,5.30226762408884e-11,6.06245183660934e-18,5.36021373911686e-18,5.3022676253223026e-11,1.0558659863214107e-07,5.856863829799747e-18,5.302230238777585e-11,5.302230246041888e-11,5.302267058406579e-11,5.3022676300660186e-11,4.273562818137791e-18,5.302230243851078e-11,5.913585493583678e-18,5.3022676243547416e-11,5.3022670589300547e-11,5.302267624055961e-11,5.302226652040351e-11,5.783891105877635e-18,9.902856934493065e-15,4.838603033098882e-18,5.302267619382507e-11,5.30226732555334e-11,5.8523414120795614e-18,5.302230238777585e-11,4.454503260028206e-18,5.3022662359773e-11,5.302267624454309e-11,5.812508052694216e-18,5.302271112039726e-11,1.055871215077154e-07,5.285886743859776e-18,4.564217990502314e-18,6.893424205310029e-18,9.910384802555986e-15,1.0489615916238646e-14,5.3022676204339676e-11,4.670591853641248e-18,5.302235945312227e-11,5.3022601306626835e-11,6.415713537419207e-18,5.3022676204953457e-11,4.465985030942712e-18,5.3591283764279046e-18,6.131040634674066e-18,1.2421528660769513e-14,5.3022693632115926e-11
1.000034652552889,6.202403594524733e-11,1.0000459191095532,1.0000458202409859,5.084423357814416e-11,1.000045810142689,1.0000458753302142,5.3022676249266414e-11,1.0000418541681244,4.887715204517854e-11,1.000047802215956,1.0000383276766782,1.0000454933027616,6.474316827174795e-11,1.0000458753302146,5.994877387577265e-11,5.16438249409471e-11,4.921379268422213e-11,6.059688251889558e-11,1.0000458753302153,6.848399609470843e-11,6.063416567702096e-11,1.0000458753302155,1.0000412287530067,6.495361180554827e-11,1.000038989942381,1.0000389899423798,1.0000457717775526,1.000045875330215,4.8877152463664745e-11,1.0000389899423798,6.474316796738201e-11,1.0000458753302137,1.0000457717775548,1.0000458753302155,1.000038327676675,6.495361182425863e-11,5.565653772938604e-11,5.318840489086725e-11,1.0000458753302146,1.0000458202409868,6.508558507865713e-11,1.0000389899423805,4.887715254377604e-11,1.0000456192009823,1.0000458753302155,6.495361171203532e-11,1.0000465156409346,1.0000460652981904,6.106962565144281e-11,5.016551029871127e-11,7.622873610147538e-11,5.565022126004871e-11,5.921299217910792e-11,1.0000458753302148,5.084423395123626e-11,1.000040040969576,1.0000444947719194,7.146075959759344e-11,1.0000458753302146,4.887715303969129e-11,5.927409241210759e-11,6.80435591704638e-11,6.917297416583076e-11,1.0000461954805424
1.933621858537887e-06,4.949911043351901e-18,4.887715423985824e-11,4.887714926965503e-11,4.270190498567719e-18,4.8877148760894157e-11,4.887715203668402e-11,4.273562818137791e-18,4.887715204517854e-11,-4.021162113284906e-06,4.887724847732438e-11,4.887677416217907e-11,4.887713285022378e-11,5.390413621631594e-18,4.8877152082390815e-11,4.919572397129385e-18,4.02217389724059e-18,3.571228946022726e-18,5.010060142160143e-18,4.887715199492032e-11,5.6960279543336254e-18,4.934624877829836e-18,4.8877152025840645e-11,9.733141724102627e-08,5.341679432998882e-18,4.887680721249595e-11,4.887680720963432e-11,4.887714685060979e-11,4.887715199644e-11,7.996502174140216e-15,4.887680723894936e-11,5.312165174159967e-18,4.887715205051507e-11,4.887714684832433e-11,4.88771520606806e-11,4.887677412651393e-11,5.369905961700085e-18,4.345607942884917e-18,4.301013568720624e-18,4.887715205055595e-11,4.887714928612268e-11,5.321676669912264e-18,4.887680721614646e-11,7.996502106080457e-15,4.887713921589948e-11,4.8877152042059e-11,5.435315092113184e-18,4.88771841055083e-11,4.887716157635341e-11,4.938223277045744e-18,4.132012654251115e-18,6.330050501076504e-18,4.6071425239064305e-18,4.548433608965197e-18,4.887715201696087e-11,4.557212077201049e-18,4.887685987628985e-11,4.8877082907234945e-11,5.940863782789337e-18,4.8877152039930006e-11,7.996502166497165e-15,4.740225168639381e-18,5.722360827134761e-18,1.1409792998794341e-14,4.887716810399439e-11
1.0000365794135861,1.235122697313084e-07,1.000047845995378,1.0000477471266216,5.084433390920444e-11,1.0000477370283056,1.0000478022159554,5.3022780840842267e-11,1.000047802215956,4.887724847732438e-11,1.0000457079433014,1.0000402545479328,1.0000474201877692,1.289270445256588e-07,1.0000478022159562,5.994889212900882e-11,5.164392683045714e-11,4.9213889904363375e-11,6.059700213958952e-11,1.0000478022159554,1.36376384305964e-07,6.063428572340389e-11,1.000047802215956,1.0000431556298286,1.293461136723195e-07,1.000040916814905,1.000040916814904,1.0000476986630953,1.0000478022159558,4.887724896138162e-11,1.0000409168149043,1.289270439323489e-07,1.0000478022159551,1.0000476986630973,1.0000478022159558,1.000040254547928,1.2934611378874015e-07,1.1083227946553805e-07,5.3188509879739105e-11,1.0000478022159556,1.0000477471266225,1.2960892006845017e-07,1.0000409168149043,4.8877249029828455e-11,1.0000475460862328,1.0000478022159562,1.2934611343670222e-07,1.0000484425279048,1.000047992184296,1.2161169466081857e-07,5.016560925462211e-11,1.5179896035569146e-07,1.1081970117615502e-07,5.92131091008513e-11,1.0000478022159554,5.084433433164205e-11,1.0000419678441186,1.0000464216550111,1.423041964145962e-07,1.0000478022159554,4.8877249490170234e-11,5.927420990026486e-11,1.3549931546526275e-07,1.3774838861166303e-07,1.0000481223668973
1.000027104997452,6.202355603140167e-11,1.0000383714556877,1.0000382725878663,5.0843840547522476e-11,1.0000382624896447,1.0000383276766789,5.302226654866868e-11,1.0000383276766782,4.887677416217907e-11,1.0000402545479328,1.0000267589178167,1.0000379456520978,1.2892579353034733e-07,1.0000383276766789,1.193785130187555e-07,5.16434258833828e-11,4.9213412254866964e-11,1.2066911946350986e-07,1.0000383276766798,1.3637506162656458e-07,1.2074336295676347e-07,1.0000383276766802,1.000033681134409,1.2934485874977857e-07,1.000031442340615,1.0000314423406145,1.000038224124797,1.0000383276766796,4.887677466965024e-11,1.0000314423406145,1.2892579293704413e-07,1.000038327676678,1.0000382241247983,1.0000383276766798,1.000030780079889,1.2934485886619766e-07,5.565610729297206e-11,5.31879934873975e-11,1.0000383276766796,1.0000382725878665,1.296076626789814e-07,1.0000314423406145,4.8876774639192395e-11,1.0000380715493746,1.00003832767668,1.29344858514164e-07,1.000038967982585,1.000038517643226,1.2161051177889083e-07,5.0165122482249846e-11,1.5179748878553713e-07,5.564979108519675e-11,5.921253403613333e-11,1.0000383276766798,5.084384095541154e-11,1.000032493359909,1.0000369471287645,1.423028160257653e-07,1.0000383276766784,4.88767750978969e-11,1.1803499109635238e-07,1.3549800095444542e-07,1.3774705313880263e-07,1.0000386478246004
1.0000342705304024,6.202401175797092e-11,1.000045537082082,1.0000454382135535,5.084421373073153e-11,1.0000454281152606,1.0000454933027616,1.0558705965522735e-07,1.0000454933027616,4.887713285022378e-11,1.0000474201877692,1.0000379456520978,1.00004109011336,6.474314289893302e-11,1.0000454933027616,5.994875036632611e-11,1.0284127488527856e-07,4.921377347000138e-11,6.059685877391111e-11,1.0000454933027623,6.848396923955173e-11,6.063414189826316e-11,1.0000454933027618,1.0000408467273219,6.495358640619979e-11,1.0000386079175467,1.000038607917546,1.000045389750138,1.0000454933027618,4.8877133422601266e-11,1.0000386079175463,6.474314260408242e-11,1.000045493302761,1.0000453897501402,1.0000454933027623,1.0000379456520951,6.495358645657633e-11,5.565651576594214e-11,5.3188384093090244e-11,1.0000454933027616,1.0000454382135537,6.508555959184889e-11,1.0000386079175463,4.8877133394531835e-11,1.0000452371736268,1.000045493302763,6.495358623145353e-11,1.0000461336132378,1.0000456832706646,6.106960172687559e-11,5.016549066076784e-11,7.62287063190928e-11,5.5650199441485604e-11,1.1791418671706288e-07,1.0000454933027618,5.084421411568619e-11,1.000039658944344,1.0000441127449917,7.146073167954204e-11,1.0000454933027616,4.887713391293838e-11,5.927406917317914e-11,6.804353251098877e-11,6.917294689992445e-11,1.0000458134529673
1.9652163399745723e-06,6.653759112057289e-18,6.474317115325966e-11,6.474316461996267e-11,5.549155678344545e-18,6.474316394353808e-11,6.474316824888477e-11,5.8540418812935885e-18,6.474316827174795e-11,5.390413621631594e-18,1.289270445256588e-07,1.2892579353034733e-07,6.474314289893302e-11,-4.021162108004541e-06,6.474316821652243e-11,1.2865216876204427e-14,5.5999810703905565e-18,5.405024178698946e-18,1.3058781711196655e-14,6.474316824888477e-11,1.494239445538699e-14,1.3066537200442333e-14,6.474316822841527e-11,1.2892617662107876e-07,1.4134833591107213e-14,1.2892588097024311e-07,1.2892588097024317e-07,6.474316141775628e-11,6.474316826144267e-11,5.335822690380031e-18,1.289258809702431e-07,1.4077000152411935e-14,6.474316824940127e-11,6.474316139598853e-11,6.474316828482193e-11,1.2892579353034693e-07,1.4134833577159464e-14,6.015845931168111e-18,5.724475798875406e-18,6.47431682734183e-11,6.474316457354985e-11,1.4170740003173908e-14,1.2892588097024311e-07,5.3730938235782645e-18,6.474315128595372e-11,6.47431682364249e-11,1.4134833606203927e-14,6.474321071904662e-11,6.474318085953032e-11,1.3028439684107943e-14,1.0893233870104983e-14,1.6692186163160474e-14,6.1144406770139e-18,6.297721002805562e-18,6.474316822825433e-11,5.509427643084262e-18,1.2892601977037354e-07,6.474307668683922e-11,1.5572978160042044e-14,6.474316826521495e-11,5.358439551119859e-18,1.2673410718953743e-14,1.4816868548846326e-14,1.513740231188345e-14,6.474318954918847e-11
1.0000346525528896,6.202403592604925e-11,1.0000459191095539,1.0000458202409859,5.084423358572017e-11,1.0000458101426892,1.0000458753302146,5.302267625036933e-11,1.0000458753302146,4.8877152082390815e-11,1.0000478022159562,1.0000383276766789,1.0000454933027616,6.474316821652243e-11,1.0000418541681237,5.994877387543775e-11,5.164382491282087e-11,4.921379268926819e-11,6.059688253087696e-11,1.000045875330215,6.848399608310872e-11,6.06341656687275e-11,1.0000458753302155,1.000041228753007,6.495361180846253e-11,1.0000389899423812,1.0000389899423798,1.0000457717775528,1.0000458753302155,4.88771525322054e-11,1.0000389899423798,6.474316794634825e-11,1.0000458753302142,1.000045771777555,1.000045875330216,1.000038327676675,6.495361189794421e-11,5.56565376932764e-11,5.318840494837858e-11,1.0000458753302148,1.0000458202409868,6.508558504001877e-11,1.0000389899423807,4.8877152518138524e-11,1.000045619200983,1.0000458753302162,6.495361173459704e-11,1.0000465156409346,1.0000460652981904,6.106962563969869e-11,5.0165510304042796e-11,7.622873616385163e-11,5.565022124659211e-11,5.921299228747422e-11,1.000045875330215,5.0844234040004965e-11,1.0000400409695764,1.0000444947719203,7.146075964814935e-11,1.0000458753302146,4.887715296592042e-11,5.927409240149892e-11,6.804355918253599e-11,6.917297416484464e-11,1.0000461954805429
1.9556691128039816e-06,1.2253353127492765e-14,5.994877656614847e-11,5.99487704760261e-11,4.966733945651709e-18,5.994876987843186e-11,5.99487738525547e-11,5.249461002441386e-18,5.994877387577265e-11,4.919572397129385e-18,5.994889212900882e-11,1.193785130187555e-07,5.994875036632611e-11,1.2865216876204427e-14,5.994877387543775e-11,-4.021162108671058e-06,5.199797329922864e-18,4.929564209688402e-18,6.201391617388999e-18,5.994877388111838e-11,1.3660176373597976e-14,6.22151504117118e-18,5.994877385214262e-11,1.1937886833701313e-07,1.2919015768570252e-14,1.193785941188044e-07,1.1937859411880459e-07,5.994876751462772e-11,5.994877386118543e-11,4.945937755776957e-18,1.193785941188044e-07,1.286521691910267e-14,5.994877387093809e-11,5.994876751180547e-11,5.994877385937887e-11,1.193785130187552e-07,1.2919015754417325e-14,5.349987628712579e-18,5.327253010021853e-18,5.994877386168064e-11,5.994877050992437e-11,1.2952395274099984e-14,1.1937859411880437e-07,4.825738319403766e-18,5.994875813882058e-11,5.994877388111838e-11,1.2919015785190721e-14,5.994881322373918e-11,5.994878554822847e-11,5.550721028611913e-18,9.95445389314503e-15,1.526448028809195e-14,5.628340545965106e-18,5.9474512904819886e-18,5.994877387089088e-11,5.164751443768534e-18,1.1937872285717688e-07,5.994868896789389e-11,1.4235179296358114e-14,5.994877387098841e-11,4.730236424360963e-18,5.8534453211216376e-18,1.354313443547761e-14,1.3841924757873483e-14,5.994879358667093e-11
1.9391312177424547e-06,5.4739131248804866e-18,5.164382723412527e-11,5.164382200823778e-11,4.354437655143303e-18,5.1643821529201765e-11,5.1643824927412956e-11,9.238647847606418e-15,5.16438249409471e-11,4.02217389724059e-18,5.164392683045714e-11,5.16434258833828e-11,1.0284127488527856e-07,5.5999810703905565e-18,5.164382491282087e-11,5.199797329922864e-18,-4.021162111124133e-06,4.401532153537995e-18,5.11648330358033e-18,5.164382492317194e-11,5.87855236550334e-18,5.192468136754027e-18,5.164382494362551e-11,1.0284082588357882e-07,5.678297361428668e-18,5.164346094417599e-11,5.164346095111878e-11,5.1643819742186896e-11,5.164382493819815e-11,4.02217389724059e-18,5.1643460842053684e-11,5.6964856653050915e-18,5.164382496827036e-11,5.164381963323011e-11,5.164382496790812e-11,5.164342585537796e-11,5.723845769064064e-18,9.650563306889251e-15,4.769239118002225e-18,5.164382496827036e-11,5.1643822032997965e-11,5.6833602692629586e-18,5.164346094432378e-11,4.0700436829626216e-18,5.1643811263818896e-11,5.1643824929508915e-11,5.6486499553743185e-18,5.164385880399795e-11,5.164383505414535e-11,5.168212660610288e-18,4.429169835145101e-18,6.707011829746559e-18,9.657867996966725e-15,1.0222534674625564e-14,5.1643824936535524e-11,4.197333008468043e-18,5.164351646133072e-11,5.164375193895746e-11,6.301943115226951e-18,5.1643824933012937e-11,4.207680844677626e-18,5.198487383998483e-18,6.001837597991588e-18,1.2104660706979553e-14,5.164384195831295e-11
1.934292219246439e-06,5.063851660126059e-18,4.9213794916196307e-11,4.9213789953095784e-11,4.214217622200767e-18,4.9213789177024775e-11,4.921379270426575e-11,4.279540486987167e-18,4.921379268422213e-11,3.571228946022726e-18,4.9213889904363375e-11,4.9213412254866964e-11,4.921377347000138e-11,5.405024178698946e-18,4.921379268926819e-11,4.929564209688402e-18,4.401532153537995e-18,-4.021162110749923e-06,5.007203876427923e-18,4.921379266504247e-11,1.1329804121421825e-14,5.16066113999156e-18,4.921379270426566e-11,9.800178590104569e-08,5.4020796953793736e-18,4.921344570467046e-11,4.9213445704667766e-11,4.921378747576055e-11,4.921379268103388e-11,3.96276042907424e-18,4.921344566067985e-11,5.326433664648762e-18,4.9213792701837814e-11,4.921378748790429e-11,4.921379270108369e-11,4.9213412279560076e-11,5.4020796953793736e-18,9.148285466693524e-15,4.203230812116468e-18,4.9213792660288266e-11,4.921378990868661e-11,5.3556470775733994e-18,4.921344570467046e-11,3.96276042907424e-18,4.921377957859193e-11,4.9213792685254206e-11,5.439058540350161e-18,4.921382504139751e-11,4.9213802335198155e-11,5.02221107446791e-18,4.000621350702692e-18,6.347815741827655e-18,9.155479213194573e-15,4.6400050272732925e-18,4.921379270345827e-11,4.058728118933571e-18,4.92134984940456e-11,4.921372315706315e-11,5.927943569502213e-18,4.921379268097207e-11,4.096312861967042e-18,4.8164002801766355e-18,5.695659692301786e-18,1.1478210838395789e-14,4.9213808920878474e-11
1.956959712405159e-06,6.226174127225179e-18,6.059688523787813e-11,6.059687912447306e-11,5.1565677014642e-18,6.059687849003137e-11,6.059688253087696e-11,5.476528097212021e-18,6.059688251889558e-11,5.010060142160143e-18,6.059700213958952e-11,1.2066911946350986e-07,6.059685877391111e-11,1.3058781711196655e-14,6.059688253087696e-11,6.201391617388999e-18,5.11648330358033e-18,5.007203876427923e-18,-4.021162108320797e-06,6.059688252634646e-11,1.3864378397802963e-14,1.2115128902088338e-14,6.059688253002953e-11,1.2066947843127772e-07,1.3113082400951432e-14,1.2066920139680918e-07,1.2066920139680928e-07,6.05968760923977e-11,6.059688253603758e-11,4.838001928746925e-18,1.2066920139680918e-07,1.3058781752395334e-14,6.059688255736722e-11,6.059687609396185e-11,6.059688255181941e-11,1.206691194635096e-07,1.3113082387044024e-14,5.620655015789078e-18,1.0676404763034236e-14,6.059688253729517e-11,6.059687911160408e-11,1.3146780291265895e-14,1.2066920139680925e-07,5.058406146890169e-18,6.059686664063455e-11,6.059688252440411e-11,1.311308241690167e-14,6.059692237783326e-11,6.059689434364998e-11,6.21051724111931e-18,5.247142151209061e-18,1.549114515123091e-14,5.689105647058224e-18,5.889149289063029e-18,6.059688252725231e-11,5.13126916054469e-18,1.2066933145725132e-07,6.05967968215303e-11,1.4448455830926567e-14,6.059688253828906e-11,4.953980395209998e-18,6.4681371122487145e-18,1.3746332192255196e-14,1.404771162357357e-14,6.059690232408282e-11
1.0000346525528885,6.202403594524416e-11,1.000045919109554,1.0000458202409872,5.084423356780367e-11,1.0000458101426903,1.0000458753302153,5.30226762408884e-11,1.0000458753302153,4.887715199492032e-11,1.0000478022159554,1.0000383276766798,1.0000454933027623,6.474316824888477e-11,1.000045875330215,5.994877388111838e-11,5.164382492317194e-11,4.921379266504247e-11,6.059688252634646e-11,1.000041854168122,6.848399603944951e-11,6.063416568583894e-11,1.0000458753302168,1.0000412287530078,6.495361184069987e-11,1.000038989942381,1.000038989942381,1.0000457717775533,1.0000458753302157,4.887715252825327e-11,1.000038989942381,6.474316795115933e-11,1.0000458753302146,1.000045771777555,1.0000458753302155,1.0000383276766756,6.495361182516392e-11,5.565653770783377e-11,5.3188404889890114e-11,1.0000458753302162,1.0000458202409872,6.508558505838666e-11,1.000038989942381,4.887715257111826e-11,1.000045619200983,1.0000458753302162,6.495361168604251e-11,1.0000465156409346,1.0000460652981915,6.106962563029868e-11,5.0165510282659544e-11,7.622873613294403e-11,5.565022132918804e-11,5.921299218842487e-11,1.0000458753302155,5.084423412983908e-11,1.0000400409695773,1.0000444947719203,7.146075963479541e-11,1.000045875330215,4.887715302958647e-11,5.927409240449477e-11,6.804355919957402e-11,6.917297417164074e-11,1.0000461954805426
1.972665566904233e-06,7.161710446178524e-18,6.848399911224071e-11,6.848399224231553e-11,5.876999478091568e-18,6.848399131832604e-11,6.848399604261842e-11,6.06245183660934e-18,6.848399609470843e-11,5.6960279543336254e-18,1.36376384305964e-07,1.3637506162656458e-07,6.848396923955173e-11,1.494239445538699e-14,6.848399608310872e-11,1.3660176373597976e-14,5.87855236550334e-18,1.1329804121421825e-14,1.3864378397802963e-14,6.848399603944951e-11,-4.021162105336616e-06,1.3872618516522545e-14,6.848399609466023e-11,1.3637546666825277e-07,1.5003492896809586e-14,1.3637515407698826e-07,1.363751540769883e-07,6.848398878147607e-11,6.848399608860087e-11,5.678292993529174e-18,1.3637515407698826e-07,1.4942394494576817e-14,6.848399602881667e-11,6.848398876925423e-11,6.848399606446597e-11,1.363750616265642e-07,1.500349288249389e-14,1.2809076165831697e-14,6.187570901767223e-18,6.848399608187247e-11,6.848399215896842e-11,1.5041433186924462e-14,1.363751540769882e-07,5.673027177772441e-18,1.3637607967115767e-07,6.848399604513966e-11,1.5003492911938758e-14,6.8484040910734e-11,6.848400934030322e-11,1.383537130567491e-14,5.815634192028298e-18,1.771551971853614e-14,1.2818721190772841e-14,6.8109005091545654e-18,6.848399606096992e-11,5.840742508324471e-18,1.3637530083010728e-07,6.848389920657664e-11,1.652948890569389e-14,6.848399609913537e-11,5.6518988714428516e-18,1.3457662124900011e-14,1.5727211767923745e-14,1.6065650347640388e-14,6.848401848019472e-11
1.9570339548215887e-06,6.3088881513744175e-18,6.063416839966753e-11,6.063416225278632e-11,5.218025880338801e-18,6.063416161252841e-11,6.063416567702096e-11,5.36021373911686e-18,6.063416567702096e-11,4.934624877829836e-18,6.063428572340389e-11,1.2074336295676347e-07,6.063414189826316e-11,1.3066537200442333e-14,6.06341656687275e-11,6.22151504117118e-18,5.192468136754027e-18,5.16066113999156e-18,1.2115128902088338e-14,6.063416568583894e-11,1.3872618516522545e-14,-4.021162108353477e-06,6.063416568407098e-11,1.2074372214621658e-07,1.3120871606064578e-14,1.2074344494066133e-07,1.2074344494066154e-07,6.063415924231922e-11,6.063416567160373e-11,4.796807066183493e-18,1.2074344494066133e-07,1.306653724165924e-14,6.063416567402539e-11,6.063415926944999e-11,6.063416569622998e-11,1.2074336295676326e-07,1.312087159216177e-14,5.498457140410283e-18,5.495977443730677e-18,6.0634165690647e-11,6.063416225395529e-11,1.3154590393601185e-14,1.2074344494066138e-07,4.9531689163666274e-18,6.063414977419304e-11,6.063416566816495e-11,1.3120871622021586e-14,6.063420548206219e-11,6.063417746987864e-11,6.228328253378625e-18,5.095136142317018e-18,1.5500359202895112e-14,5.613141681337085e-18,6.2063328413530916e-18,6.06341656692298e-11,5.206048951567247e-18,1.2074357508142446e-07,6.063407982989816e-11,1.4457040860478332e-14,6.063416565961663e-11,5.01585717230473e-18,6.4833039764339934e-18,1.3754498682320932e-14,1.4056065995508794e-14,6.063418558293355e-11
1.00003465255289,6.202403594524416e-11,1.0000459191095548,1.0000458202409874,5.084423359971885e-11,1.0000458101426903,1.0000458753302155,5.3022676253223026e-11,1.0000458753302155,4.8877152025840645e-11,1.000047802215956,1.0000383276766802,1.0000454933027618,6.474316822841527e-11,1.0000458753302155,5.994877385214262e-11,5.164382494362551e-11,4.921379270426566e-11,6.059688253002953e-11,1.0000458753302168,6.848399609466023e-11,6.063416568407098e-11,1.0000418541681226,1.0000412287530083,6.4953611765568e-11,1.0000389899423814,1.0000389899423814,1.0000457717775535,1.0000458753302162,4.887715252825327e-11,1.0000389899423812,6.474316792153889e-11,1.000045875330215,1.0000457717775553,1.0000458753302168,1.0000383276766758,6.495361188721056e-11,5.56565376932764e-11,5.3188404906473935e-11,1.0000458753302162,1.000045820240988,6.508558508674544e-11,1.0000389899423812,4.887715258731362e-11,1.000045619200984,1.0000458753302168,6.495361168298427e-11,1.0000465156409357,1.0000460652981924,6.106962567228374e-11,5.0165510304499025e-11,7.622873613259939e-11,5.5650221299639535e-11,5.921299228335982e-11,1.0000458753302162,5.084423407517173e-11,1.0000400409695769,1.0000444947719203,7.146075961690897e-11,1.000045875330216,4.8877153094501354e-11,5.927409239405754e-11,6.804355916956247e-11,6.917297415837383e-11,1.0000461954805435
1.000030006036075,1.2351143771239407e-07,1.0000412725321433,1.0000411736640342,1.0124856113933618e-07,1.0000411635657842,1.0000412287530067,1.0558659863214107e-07,1.0000412287530067,9.733141724102627e-08,1.0000431556298286,1.000033681134409,1.0000408467273219,1.2892617662107876e-07,1.000041228753007,1.1937886833701313e-07,1.0284082588357882e-07,9.800178590104569e-08,1.2066947843127772e-07,1.0000412287530078,1.3637546666825277e-07,1.2074372214621658e-07,1.0000412287530083,1.0000325610352232,1.2934524304296043e-07,1.000034343397044,1.000034343397044,1.0000411252008259,1.0000412287530078,9.73314182094543e-08,1.000034343397044,1.2892617602777352e-07,1.0000412287530067,1.0000411252008266,1.000041228753008,1.0000336811344055,1.2934524315938008e-07,1.1083153310180845e-07,1.0591662178374805e-07,1.0000412287530076,1.0000411736640356,1.2960804772749975e-07,1.0000343433970436,9.733141834309319e-08,1.0000409726249624,1.0000412287530083,1.2934524280734498e-07,1.000041869060764,1.0000414187201039,1.2161087401504583e-07,9.989698694729454e-08,1.5179793942087911e-07,1.108189549807626e-07,1.1791367124465288e-07,1.0000412287530078,1.0124856196329524e-07,1.0000353944193756,1.0000398482011026,1.4230323873998724e-07,1.0000412287530072,9.733141925327704e-08,1.1803534258180378e-07,1.3549840349511976e-07,1.377474620975462e-07,1.0000415489018533
1.965635402028059e-06,6.75863449065461e-18,6.495361470137397e-11,6.495360816060169e-11,5.517317671340876e-18,6.495360749063046e-11,6.495361179891067e-11,5.856863829799747e-18,6.495361180554827e-11,5.341679432998882e-18,1.293461136723195e-07,1.2934485874977857e-07,6.495358640619979e-11,1.4134833591107213e-14,6.495361180846253e-11,1.2919015768570252e-14,5.678297361428668e-18,5.4020796953793736e-18,1.3113082400951432e-14,6.495361184069987e-11,1.5003492896809586e-14,1.3120871606064578e-14,6.4953611765568e-11,1.2934524304296043e-07,-4.0211621076203996e-06,1.293449464641911e-07,1.293449464641912e-07,6.495360490535028e-11,6.495361182278232e-11,5.329337683304394e-18,1.293449464641911e-07,1.4134833629795437e-14,6.495361181497845e-11,6.495360492854461e-11,6.495361184809872e-11,1.293448587497782e-07,1.4192837193660625e-14,6.187654122078823e-18,5.8692522881926066e-18,6.49536118058411e-11,6.495360818717096e-11,1.4228850835242965e-14,1.29344946464191e-07,5.408445461415665e-18,6.495359483705101e-11,6.495361186637497e-11,1.4192837222489701e-14,6.495365441908657e-11,6.495362446135074e-11,1.3083359219369377e-14,5.42401843205637e-18,1.676010584977206e-14,6.137610798999086e-18,6.494494739827793e-18,6.495361181667987e-11,5.5067975778263124e-18,1.29345085699941e-07,6.495351996615535e-11,1.563676016006569e-14,6.495361184798859e-11,5.3064027515898424e-18,1.2726673342909009e-14,1.4877617347404364e-14,1.5199049644589667e-14,6.495363313487094e-11
1.0000277672545446,1.23511154284492e-07,1.0000390337214196,1.000038934853531,5.0843875036545334e-11,1.000038924755302,1.000038989942381,5.302230238777585e-11,1.000038989942381,4.887680721249595e-11,1.000040916814905,1.000031442340615,1.0000386079175467,1.2892588097024311e-07,1.0000389899423812,1.193785941188044e-07,5.164346094417599e-11,4.921344570467046e-11,1.2066920139680918e-07,1.000038989942381,1.3637515407698826e-07,1.2074344494066133e-07,1.0000389899423814,1.000034343397044,1.293449464641911e-07,1.0000280834397015,1.0000321046017735,1.0000388863904295,1.000038989942381,4.8876807788436004e-11,1.0000321046017733,1.2892588037693936e-07,1.0000389899423805,1.0000388863904308,1.0000389899423814,1.0000314423406114,1.2934494658061047e-07,5.565614510713856e-11,5.318802966816302e-11,1.0000389899423814,1.0000389348535308,1.2960775056583415e-07,1.0000321046017733,4.8876807809170333e-11,1.0000387338149062,1.0000389899423812,1.2934494622857646e-07,1.0000396302487093,1.000039179909054,1.2161059445754089e-07,5.0165156470806494e-11,1.5179759164296716e-07,5.564982874563681e-11,5.921257426307729e-11,1.0000389899423812,5.084387555073396e-11,1.0000331556217616,1.000037609393556,1.4230291250983765e-07,1.0000389899423805,4.887680827302506e-11,1.1803507132134844e-07,1.3549809283387098e-07,1.3774714648350967e-07,1.0000393100905136
1.000027767254548,1.2351115428449206e-07,1.000039033721419,1.0000389348535306,5.08438750718582e-11,1.000038924755302,1.0000389899423805,5.302230246041888e-11,1.0000389899423798,4.887680720963432e-11,1.000040916814904,1.0000314423406145,1.000038607917546,1.2892588097024317e-07,1.0000389899423798,1.1937859411880459e-07,5.164346095111878e-11,4.9213445704667766e-11,1.2066920139680928e-07,1.000038989942381,1.363751540769883e-07,1.2074344494066154e-07,1.0000389899423814,1.000034343397044,1.293449464641912e-07,1.0000321046017735,1.0000280834396973,1.0000388863904288,1.0000389899423812,4.887680769316824e-11,1.0000321046017724,1.2892588037693936e-07,1.0000389899423792,1.0000388863904306,1.0000389899423812,1.000031442340611,1.2934494658061055e-07,5.565614514909432e-11,5.318802959144435e-11,1.0000389899423812,1.0000389348535312,1.2960775056583426e-07,1.0000321046017735,4.887680780971236e-11,1.0000387338149055,1.0000389899423812,1.2934494622857646e-07,1.0000396302487098,1.0000391799090544,1.2161059445754105e-07,5.01651564774727e-11,1.5179759164296722e-07,5.5649828745123094e-11,5.921257414299444e-11,1.000038989942381,5.0843875533459346e-11,1.0000331556217616,1.0000376093935552,1.423029125098377e-07,1.0000389899423798,4.887680828972417e-11,1.180350713213486e-07,1.3549809283387112e-07,1.3774714648350967e-07,1.0000393100905125
1.0000345490015747,6.202402943015089e-11,1.0000458155568863,1.0000457166883314,5.084422821717841e-11,1.0000457065900337,1.0000457717775524,5.302267058406579e-11,1.0000457717775526,4.887714685060979e-11,1.0000476986630953,1.000038224124797,1.000045389750138,6.474316141775628e-11,1.0000457717775528,5.994876751462772e-11,5.1643819742186896e-11,4.921378747576055e-11,6.05968760923977e-11,1.0000457717775533,6.848398878147607e-11,6.063415924231922e-11,1.0000457717775535,1.0000411252008259,6.495360490535028e-11,1.0000388863904295,1.0000388863904288,1.0000416470628102,1.0000457717775533,4.887714729987093e-11,1.0000388863904288,6.474316106326388e-11,1.0000457717775524,1.0000456682249022,1.0000457717775533,1.000038224124793,6.495360498243399e-11,5.565653186424382e-11,5.318839931904079e-11,1.0000457717775535,1.000045716688332,6.508557808096904e-11,1.0000388863904288,4.8877147419019924e-11,1.0000455156483483,1.0000457717775535,6.495360480934567e-11,1.0000464120882069,1.000045961745509,6.106961918025215e-11,5.01655049982749e-11,7.622872807942767e-11,5.5650215406575095e-11,1.1791422040026602e-07,1.000045771777553,5.0844228601176704e-11,1.0000399374175164,1.0000443912193986,7.146075205889597e-11,1.0000457717775524,4.887714786135229e-11,5.927408611220529e-11,6.804355196709176e-11,6.917296683771212e-11,1.0000460919278473
1.000034652552891,6.202403594446346e-11,1.000045919109554,1.000045820240987,5.084423365842058e-11,1.0000458101426901,1.0000458753302155,5.3022676300660186e-11,1.000045875330215,4.887715199644e-11,1.0000478022159558,1.0000383276766796,1.0000454933027618,6.474316826144267e-11,1.0000458753302155,5.994877386118543e-11,5.164382493819815e-11,4.921379268103388e-11,6.059688253603758e-11,1.0000458753302157,6.848399608860087e-11,6.063416567160373e-11,1.0000458753302162,1.0000412287530078,6.495361182278232e-11,1.000038989942381,1.0000389899423812,1.0000457717775533,1.0000418541681222,4.887715252545453e-11,1.0000389899423805,6.474316794309877e-11,1.0000458753302155,1.000045771777555,1.0000458753302155,1.0000383276766758,6.495361184875175e-11,5.565653770669298e-11,5.318840490017062e-11,1.0000458753302162,1.0000458202409879,6.508558508506156e-11,1.00003898994238,4.8877152580245435e-11,1.0000456192009834,1.0000458753302164,6.495361173459704e-11,1.0000465156409353,1.0000460652981915,6.106962566339321e-11,5.01655102945005e-11,7.622873616171889e-11,5.565022122078129e-11,5.921299228335982e-11,1.0000458753302153,5.084423405994483e-11,1.0000400409695769,1.0000444947719191,7.14607596235122e-11,1.0000458753302155,4.887715310371991e-11,5.927409238539494e-11,6.804355915700265e-11,6.917297417188993e-11,1.0000461954805426
