0.9999999954177564,0.99999536019488,-2.5789537902832157e-06,-2.578953788978064e-06,-2.57895379629273e-06,0.9999953601948739,0.9999953601948685,0.9999953601948667,0.9999953601948691,0.9999953601948685,-2.5789537955208325e-06,0.9999953601948666,0.9999953601948667,0.9999953601948685,0.9999953601948669,0.9999953601948667,0.9999953141066914,0.9999953601948688,0.9999953601948686,0.9999953601948667,0.9999953601948662,0.9999953601948712,-2.5789537905245375e-06,0.9999953601948667,0.9999953601948663,0.9999953601948685,0.9999953601948685,0.9999953601948688,0.9999953601948709,0.9999953601948685,0.9999953601948681,0.9999953601948685,0.9999953601948685,0.9999953601948681,0.9999953601948746,0.9999953601948669,0.9999953141066846,-2.5789537955204988e-06,-2.578953791840416e-06,0.999995360194866,-2.583090897533958e-06,0.9999953601948685,0.9999953601948688,0.9999953601948663,0.9999953601948685,0.9999953524153465,-2.5789537954584905e-06,0.9999953141066827,0.9999953601948747,0.9999953141066824
0.99999536019488,0.9999950246089353,-6.938861419621388e-11,-6.938861425988382e-11,-6.938861374952565e-11,0.999996094711105,0.999996094711105,0.9999960947111045,0.999996094711105,0.9999960947111055,-6.938861384252989e-11,0.9999960947111056,0.9999960947111055,0.9999960947111055,0.9999960947111056,0.9999960947111055,0.9999960486229973,0.9999960947111062,0.9999960947111062,0.9999960947111045,0.9999960947111053,0.999996094711106,-6.938861435189386e-11,0.9999960947111056,0.9999960947111056,0.9999960947111062,0.9999960947111055,0.9999960947111056,0.999996094711106,0.9999960947111056,0.9999960947111062,0.9999960947111055,0.9999960947111062,0.9999960947111062,0.9999960947111063,0.9999960947111056,0.9999960486229957,-6.938861383345917e-11,-6.938861459295652e-11,0.9999960947111045,-7.146910354929345e-11,0.9999960947111051,0.9999960947111068,0.9999960947111055,0.9999960947111056,0.9999960869315967,-6.938861409748916e-11,0.999996048622999,0.9999960947111053,0.9999960486229983
-2.5789537902832157e-06,-6.938861419621388e-11,-1.0701025041581446e-06,1.9070088410050852e-14,1.907008828255137e-14,-6.938861411837428e-11,-6.938861411068397e-11,-6.938861418096171e-11,-6.938861428902972e-11,-6.938861418096171e-11,1.9070088353696052e-14,-6.938861425606142e-11,-6.938861419154522e-11,-6.938861415582843e-11,-6.938861419154522e-11,-6.938861419090921e-11,-1.3798074254930975e-07,-6.938861423442242e-11,-6.938861419090921e-11,-6.93886141797987e-11,-6.938861413142427e-11,-6.938861424745463e-11,1.9070088428689402e-14,-6.938861424770194e-11,-6.938861424636627e-11,-6.938861418621025e-11,-6.938861424636627e-11,-6.938861411837428e-11,-6.938861422522653e-11,-6.938861411837428e-11,-6.938861411837428e-11,-6.938861412775328e-11,-6.938861415582843e-11,-6.93886141797987e-11,-6.938861411837428e-11,-6.938861422794264e-11,-1.3798074254930946e-07,1.907008834092748e-14,1.9070088542881584e-14,-6.938861421880262e-11,1.964190336626611e-14,-6.938861411837428e-11,-6.93886142903573e-11,-6.938861418096171e-11,-6.938861419090921e-11,-6.938861371004214e-11,1.9070088383791105e-14,-1.3798074254930972e-07,-6.938861421880262e-11,-1.379807425493096e-07
-2.578953788978064e-06,-6.938861425988382e-11,1.9070088410050852e-14,-1.0701025041581446e-06,1.9070088318345864e-14,-6.938861420784457e-11,-6.938861424457245e-11,-6.938861423120587e-11,-6.938861431783172e-11,-6.938861431450956e-11,1.9070088389490534e-14,-6.938861421440565e-11,-6.93886142109878e-11,-6.938861423942585e-11,-6.938861424677064e-11,-6.938861425994197e-11,-1.3798074253064464e-07,-6.938861420784457e-11,-6.93886142109878e-11,-6.938861431077547e-11,-6.938861425988382e-11,-6.938861424457245e-11,1.9070088464483858e-14,-6.93886142198048e-11,-6.938861424677064e-11,-6.938861425994197e-11,-6.93886142109878e-11,-6.938861431783172e-11,-6.93886142109878e-11,-6.938861426167553e-11,-6.938861420784457e-11,-6.938861420784457e-11,-6.938861426287582e-11,-6.938861424677064e-11,-6.938861424677064e-11,-6.938861432868096e-11,-1.379807425306445e-07,1.907008837672196e-14,1.9070088578676078e-14,-6.938861426167553e-11,1.964190340314296e-14,-6.938861426287582e-11,-6.938861425829508e-11,-6.938861426167553e-11,-6.938861432868096e-11,-6.938861373585554e-11,1.907008841958558e-14,-1.379807425306447e-07,-6.938861431783172e-11,-1.3798074253064464e-07
-2.57895379629273e-06,-6.938861374952565e-11,1.907008828255137e-14,1.9070088318345864e-14,-1.0701025041581446e-06,-6.938861370472191e-11,-6.938861378997246e-11,-6.938861379045779e-11,-6.938861374137281e-11,-6.938861374137281e-11,1.9070088261991045e-14,-6.93886138129725e-11,-6.938861378793301e-11,-6.938861379045779e-11,-6.938861374704069e-11,-6.938861375326704e-11,-1.3798074160602998e-07,-6.938861378959574e-11,-6.938861368778713e-11,-6.93886137056249e-11,-6.938861382292192e-11,-6.938861377575262e-11,1.9070088336984375e-14,-6.93886137470407e-11,-6.938861373668302e-11,-6.938861374704069e-11,-6.938861368778713e-11,-6.938861368778713e-11,-6.938861368778713e-11,-6.938861374914689e-11,-6.938861368778713e-11,-6.93886137491515e-11,-6.938861368778713e-11,-6.938861382396294e-11,-6.9388613796428e-11,-6.938861374704069e-11,-1.3798074160602982e-07,1.9070088249222495e-14,1.907008845117658e-14,-6.938861377575262e-11,1.9641903271819563e-14,-6.938861377575262e-11,-6.938861376230979e-11,-6.938861386013268e-11,-6.938861371743524e-11,-6.938861326729755e-11,1.90700882920861e-14,-1.379807416060299e-07,-6.938861374952565e-11,-1.3798074160603011e-07
0.9999953601948739,0.999996094711105,-6.938861411837428e-11,-6.938861420784457e-11,-6.938861370472191e-11,0.9999950246089117,0.9999960947110963,0.9999960947110947,0.9999960947110947,0.9999960947110963,-6.938861380228011e-11,0.9999960947110963,0.9999960947110953,0.9999960947110963,0.9999960947110953,0.9999960947110951,0.9999960486229885,0.9999960947110955,0.9999960947110955,0.9999960947110951,0.999996094711097,0.9999960947110964,-6.93886142735677e-11,0.9999960947110963,0.9999960947110953,0.9999960947110953,0.9999960947110963,0.9999960947110953,0.9999960947110964,0.9999960947110955,0.9999960947110975,0.9999960947110963,0.9999960947110955,0.9999960947110975,0.9999960947110959,0.9999960947110953,0.9999960486229869,-6.938861383035401e-11,-6.93886144983663e-11,0.9999960947110963,-7.146910349365608e-11,0.9999960947110956,0.9999960947110959,0.9999960947110953,0.9999960947110955,0.9999960869315871,-6.938861393966207e-11,0.9999960486229895,0.9999960947110963,0.9999960486229889
0.9999953601948685,0.999996094711105,-6.938861411068397e-11,-6.938861424457245e-11,-6.938861378997246e-11,0.9999960947110963,0.9999950246089183,0.9999960947110947,0.9999960947110951,0.9999960947110956,-6.938861382188916e-11,0.9999960947110955,0.9999960947110955,0.9999960947110956,0.9999960947110955,0.9999960947110955,0.9999960486229897,0.9999960947110964,0.9999960947110964,0.9999960947110947,0.9999960947110978,0.9999960947110986,-6.938861427511913e-11,0.9999960947110955,0.9999960947110955,0.9999960947110967,0.9999960947110956,0.9999960947110963,0.9999960947110986,0.9999960947110967,0.9999960947110975,0.9999960947110956,0.9999960947110967,0.9999960947110975,0.9999960947110961,0.9999960947110955,0.9999960486229883,-6.938861390399882e-11,-6.938861449888111e-11,0.9999960947110976,-7.146910341650142e-11,0.9999960947110964,0.999996094711097,0.9999960947110955,0.9999960947110967,0.9999960869315884,-6.938861406741463e-11,0.9999960486229899,0.9999960947110978,0.9999960486229895
0.9999953601948667,0.9999960947111045,-6.938861418096171e-11,-6.938861423120587e-11,-6.938861379045779e-11,0.9999960947110947,0.9999960947110947,0.999995024608912,0.9999960947110944,0.9999960947110947,-6.938861393792757e-11,0.999996094711095,0.999996094711095,0.9999960947110947,0.999996094711095,0.9999960947110947,0.9999960486229875,0.9999960947110951,0.9999960947110951,0.9999960947110945,0.9999960947110951,0.9999960947110955,-6.938861428955459e-11,0.999996094711095,0.999996094711095,0.9999960947110951,0.9999960947110947,0.9999960947110951,0.9999960947110955,0.9999960947110951,0.9999960947110959,0.9999960947110947,0.9999960947110951,0.9999960947110959,0.9999960947110951,0.999996094711095,0.999996048622986,-6.938861383035401e-11,-6.938861447702868e-11,0.9999960947110947,-7.146910341746324e-11,0.9999960947110951,0.9999960947110961,0.999996094711095,0.9999960947110951,0.9999960869315863,-6.938861394890872e-11,0.9999960486229866,0.999996094711095,0.9999960486229877
0.9999953601948691,0.999996094711105,-6.938861428902972e-11,-6.938861431783172e-11,-6.938861374137281e-11,0.9999960947110947,0.9999960947110951,0.9999960947110944,0.9999950246089125,0.9999960947110959,-6.938861381098497e-11,0.9999960947110951,0.9999960947110951,0.9999960947110959,0.9999960947110951,0.9999960947110944,0.9999960486229866,0.9999960947110959,0.9999960947110959,0.9999960947110944,0.9999960947110956,0.9999960947110951,-6.938861432571428e-11,0.9999960947110951,0.9999960947110951,0.9999960947110959,0.9999960947110959,0.9999960947110955,0.9999960947110953,0.9999960947110955,0.9999960947110955,0.9999960947110959,0.9999960947110959,0.9999960947110955,0.9999960947110955,0.9999960947110951,0.9999960486229872,-6.938861383035401e-11,-6.93886145409815e-11,0.9999960947110951,-7.146910352467237e-11,0.9999960947110955,0.9999960947110959,0.9999960947110951,0.9999960947110955,0.9999960869315869,-6.938861407021394e-11,0.9999960486229866,0.9999960947110961,0.9999960486229875
0.9999953601948685,0.9999960947111055,-6.938861418096171e-11,-6.938861431450956e-11,-6.938861374137281e-11,0.9999960947110963,0.9999960947110956,0.9999960947110947,0.9999960947110959,0.9999950246089129,-6.938861382021573e-11,0.9999960947110959,0.9999960947110959,0.9999960947110959,0.9999960947110959,0.9999960947110956,0.9999960486229883,0.9999960947110964,0.9999960947110967,0.9999960947110959,0.9999960947110963,0.9999960947110964,-6.938861428955459e-11,0.9999960947110959,0.9999960947110959,0.9999960947110967,0.9999960947110959,0.9999960947110961,0.9999960947110963,0.9999960947110967,0.9999960947110971,0.9999960947110959,0.9999960947110967,0.9999960947110971,0.9999960947110963,0.9999960947110959,0.9999960486229872,-6.938861389343764e-11,-6.93886145657774e-11,0.9999960947110956,-7.14691034436675e-11,0.9999960947110967,0.9999960947110967,0.9999960947110959,0.9999960947110967,0.9999960869315883,-6.938861407326332e-11,0.9999960486229899,0.9999960947110959,0.9999960486229891
-2.5789537955208325e-06,-6.938861384252989e-11,1.9070088353696052e-14,1.9070088389490534e-14,1.9070088261991045e-14,-6.938861380228011e-11,-6.938861382188916e-11,-6.938861393792757e-11,-6.938861381098497e-11,-6.938861382021573e-11,-1.0701025041581446e-06,-6.938861383592129e-11,-6.938861393792757e-11,-6.938861393420425e-11,-6.938861393420425e-11,-6.938861381483817e-11,-1.3798074176025663e-07,-6.938861393792757e-11,-6.938861381098497e-11,-6.93886138108369e-11,-6.938861381631874e-11,-6.938861383155884e-11,1.9070088408129077e-14,-6.938861393420425e-11,-6.93886138108369e-11,-6.938861383777611e-11,-6.938861393792757e-11,-6.938861390849394e-11,-6.938861381997047e-11,-6.938861393792757e-11,-6.938861393792757e-11,-6.938861383012994e-11,-6.938861384437113e-11,-6.93886138108369e-11,-6.938861379017529e-11,-6.938861377376917e-11,-1.3798074176025655e-07,1.9070088320367153e-14,1.9070088522321234e-14,-6.938861383155884e-11,1.9641903345103728e-14,-6.938861377194114e-11,-6.938861383643623e-11,-6.938861380592484e-11,-6.9388613824709e-11,-6.93886133165875e-11,1.9070088363230765e-14,-1.3798074176025663e-07,-6.938861382188916e-11,-1.3798074176025663e-07
0.9999953601948666,0.9999960947111056,-6.938861425606142e-11,-6.938861421440565e-11,-6.93886138129725e-11,0.9999960947110963,0.9999960947110955,0.999996094711095,0.9999960947110951,0.9999960947110959,-6.938861383592129e-11,0.9999950246089159,0.9999960947110956,0.9999960947110959,0.9999960947110956,0.9999960947110956,0.9999960486229883,0.9999960947110961,0.9999960947110961,0.9999960947110955,0.9999960947110953,0.9999960947110964,-6.938861425795071e-11,0.9999960947110959,0.9999960947110956,0.9999960947110967,0.9999960947110959,0.9999960947110961,0.9999960947110964,0.9999960947110961,0.9999960947110971,0.9999960947110959,0.9999960947110967,0.9999960947110971,0.9999960947110963,0.9999960947110956,0.9999960486229872,-6.938861387114999e-11,-6.938861460169448e-11,0.9999960947110955,-7.146910341650142e-11,0.9999960947110961,0.9999960947110967,0.9999960947110956,0.9999960947110961,0.9999960869315873,-6.938861403853281e-11,0.9999960486229886,0.9999960947110956,0.9999960486229889
0.9999953601948667,0.9999960947111055,-6.938861419154522e-11,-6.93886142109878e-11,-6.938861378793301e-11,0.9999960947110953,0.9999960947110955,0.999996094711095,0.9999960947110951,0.9999960947110959,-6.938861393792757e-11,0.9999960947110956,0.9999950246089133,0.9999960947110959,0.999996094711095,0.9999960947110947,0.9999960486229886,0.9999960947110961,0.9999960947110961,0.999996094711095,0.9999960947110953,0.9999960947110963,-6.938861435189386e-11,0.9999960947110956,0.999996094711095,0.9999960947110961,0.9999960947110959,0.9999960947110959,0.9999960947110963,0.9999960947110961,0.999996094711097,0.9999960947110959,0.9999960947110963,0.999996094711097,0.9999960947110956,0.999996094711095,0.9999960486229872,-6.938861386166739e-11,-6.938861455033035e-11,0.9999960947110951,-7.146910352577968e-11,0.9999960947110959,0.9999960947110964,0.999996094711095,0.9999960947110961,0.9999960869315869,-6.938861401267345e-11,0.9999960486229875,0.9999960947110953,0.9999960486229889
0.9999953601948685,0.9999960947111055,-6.938861415582843e-11,-6.938861423942585e-11,-6.938861379045779e-11,0.9999960947110963,0.9999960947110956,0.9999960947110947,0.9999960947110959,0.9999960947110959,-6.938861393420425e-11,0.9999960947110959,0.9999960947110959,0.9999950246089129,0.9999960947110959,0.9999960947110956,0.9999960486229883,0.9999960947110964,0.9999960947110967,0.9999960947110959,0.9999960947110963,0.9999960947110964,-6.938861433001792e-11,0.9999960947110959,0.9999960947110959,0.9999960947110967,0.9999960947110959,0.9999960947110961,0.9999960947110963,0.9999960947110964,0.9999960947110971,0.9999960947110959,0.9999960947110967,0.9999960947110971,0.9999960947110963,0.9999960947110959,0.9999960486229872,-6.938861386166739e-11,-6.938861448596625e-11,0.9999960947110956,-7.14691034371553e-11,0.9999960947110967,0.9999960947110967,0.9999960947110959,0.9999960947110967,0.9999960869315883,-6.938861407522567e-11,0.9999960486229899,0.9999960947110959,0.9999960486229891
0.9999953601948669,0.9999960947111056,-6.938861419154522e-11,-6.938861424677064e-11,-6.938861374704069e-11,0.9999960947110953,0.9999960947110955,0.999996094711095,0.9999960947110951,0.9999960947110959,-6.938861393420425e-11,0.9999960947110956,0.999996094711095,0.9999960947110959,0.9999950246089134,0.999996094711095,0.9999960486229891,0.9999960947110961,0.9999960947110961,0.999996094711095,0.9999960947110955,0.9999960947110963,-6.938861427108218e-11,0.9999960947110956,0.999996094711095,0.9999960947110961,0.9999960947110959,0.9999960947110961,0.9999960947110963,0.9999960947110961,0.9999960947110971,0.9999960947110959,0.9999960947110963,0.9999960947110971,0.9999960947110959,0.999996094711095,0.9999960486229872,-6.938861394098482e-11,-6.93886145348022e-11,0.9999960947110953,-7.146910351236704e-11,0.9999960947110959,0.9999960947110964,0.999996094711095,0.9999960947110961,0.9999960869315869,-6.938861408530368e-11,0.9999960486229875,0.9999960947110953,0.9999960486229889
0.9999953601948667,0.9999960947111055,-6.938861419090921e-11,-6.938861425994197e-11,-6.938861375326704e-11,0.9999960947110951,0.9999960947110955,0.9999960947110947,0.9999960947110944,0.9999960947110956,-6.938861381483817e-11,0.9999960947110956,0.9999960947110947,0.9999960947110956,0.999996094711095,0.9999950246089131,0.9999960486229886,0.9999960947110961,0.9999960947110961,0.999996094711095,0.9999960947110953,0.9999960947110963,-6.938861428955459e-11,0.9999960947110956,0.999996094711095,0.9999960947110961,0.9999960947110956,0.9999960947110959,0.9999960947110963,0.9999960947110961,0.999996094711097,0.9999960947110956,0.9999960947110963,0.999996094711097,0.9999960947110956,0.999996094711095,0.9999960486229872,-6.938861391627913e-11,-6.938861448127969e-11,0.9999960947110951,-7.146910350550746e-11,0.9999960947110959,0.9999960947110964,0.999996094711095,0.9999960947110961,0.9999960869315869,-6.938861410112478e-11,0.9999960486229875,0.9999960947110953,0.9999960486229886
0.9999953141066914,0.9999960486229973,-1.3798074254930975e-07,-1.3798074253064464e-07,-1.3798074160602998e-07,0.9999960486229885,0.9999960486229897,0.9999960486229875,0.9999960486229866,0.9999960486229883,-1.3798074176025663e-07,0.9999960486229883,0.9999960486229886,0.9999960486229883,0.9999960486229891,0.9999960486229886,0.9999949324327089,0.9999960486229886,0.9999960486229895,0.9999960486229883,0.9999960486229895,0.9999960486229891,-1.3798074266545551e-07,0.9999960486229889,0.9999960486229891,0.9999960486229895,0.9999960486229883,0.9999960486229895,0.9999960486229895,0.9999960486229895,0.9999960486229886,0.9999960486229883,0.9999960486229899,0.9999960486229886,0.9999960486229886,0.9999960486229891,0.9999960025348825,-1.3798074178990114e-07,-1.3798074320219771e-07,0.9999960486229891,-1.4211784019416386e-07,0.9999960486229886,0.9999960486229895,0.9999960486229889,0.9999960486229895,0.9999960408434787,-1.3798074207705404e-07,0.9999960025348829,0.9999960486229895,0.9999960025348825
0.9999953601948688,0.9999960947111062,-6.938861423442242e-11,-6.938861420784457e-11,-6.938861378959574e-11,0.9999960947110955,0.9999960947110964,0.9999960947110951,0.9999960947110959,0.9999960947110964,-6.938861393792757e-11,0.9999960947110961,0.9999960947110961,0.9999960947110964,0.9999960947110961,0.9999960947110961,0.9999960486229886,0.9999950246089165,0.9999960947110963,0.9999960947110951,0.9999960947110963,0.9999960947110978,-6.938861435189386e-11,0.9999960947110961,0.9999960947110961,0.9999960947110963,0.9999960947110964,0.9999960947110959,0.9999960947110975,0.9999960947110959,0.9999960947110978,0.9999960947110964,0.9999960947110964,0.9999960947110978,0.9999960947110967,0.9999960947110961,0.9999960486229875,-6.938861390974997e-11,-6.938861451230561e-11,0.9999960947110959,-7.14691034371553e-11,0.9999960947110963,0.9999960947110963,0.9999960947110961,0.9999960947110959,0.9999960869315873,-6.938861396091572e-11,0.9999960486229893,0.9999960947110964,0.9999960486229895
0.9999953601948686,0.9999960947111062,-6.938861419090921e-11,-6.93886142109878e-11,-6.938861368778713e-11,0.9999960947110955,0.9999960947110964,0.9999960947110951,0.9999960947110959,0.9999960947110967,-6.938861381098497e-11,0.9999960947110961,0.9999960947110961,0.9999960947110967,0.9999960947110961,0.9999960947110961,0.9999960486229895,0.9999960947110963,0.9999950246089191,0.9999960947110951,0.9999960947110963,0.9999960947110978,-6.938861427723968e-11,0.9999960947110961,0.9999960947110961,0.9999960947110964,0.9999960947110967,0.9999960947110961,0.9999960947110978,0.9999960947110961,0.9999960947110978,0.9999960947110967,0.9999960947110963,0.9999960947110978,0.999996094711097,0.9999960947110961,0.9999960486229877,-6.93886138955295e-11,-6.938861454395462e-11,0.9999960947110959,-7.146910353532995e-11,0.9999960947110963,0.9999960947110963,0.9999960947110961,0.9999960947110961,0.9999960869315873,-6.938861406512926e-11,0.9999960486229895,0.9999960947110967,0.9999960486229906
0.9999953601948667,0.9999960947111045,-6.93886141797987e-11,-6.938861431077547e-11,-6.93886137056249e-11,0.9999960947110951,0.9999960947110947,0.9999960947110945,0.9999960947110944,0.9999960947110959,-6.93886138108369e-11,0.9999960947110955,0.999996094711095,0.9999960947110959,0.999996094711095,0.999996094711095,0.9999960486229883,0.9999960947110951,0.9999960947110951,0.9999950246089122,0.9999960947110955,0.9999960947110959,-6.938861431163487e-11,0.9999960947110955,0.999996094711095,0.9999960947110953,0.9999960947110959,0.9999960947110951,0.9999960947110959,0.9999960947110951,0.9999960947110959,0.9999960947110959,0.9999960947110953,0.9999960947110959,0.9999960947110951,0.999996094711095,0.999996048622986,-6.938861390399882e-11,-6.93886145365538e-11,0.9999960947110947,-7.146910350531581e-11,0.9999960947110961,0.9999960947110961,0.999996094711095,0.9999960947110951,0.9999960869315865,-6.938861396115301e-11,0.9999960486229879,0.9999960947110955,0.9999960486229877
0.9999953601948662,0.9999960947111053,-6.938861413142427e-11,-6.938861425988382e-11,-6.938861382292192e-11,0.999996094711097,0.9999960947110978,0.9999960947110951,0.9999960947110956,0.9999960947110963,-6.938861381631874e-11,0.9999960947110953,0.9999960947110953,0.9999960947110963,0.9999960947110955,0.9999960947110953,0.9999960486229895,0.9999960947110963,0.9999960947110963,0.9999960947110955,0.9999950246089214,0.9999960947110986,-6.93886143066744e-11,0.9999960947110955,0.9999960947110953,0.9999960947110963,0.9999960947110963,0.9999960947110963,0.9999960947110984,0.9999960947110967,0.9999960947110982,0.9999960947110963,0.9999960947110967,0.9999960947110982,0.9999960947110967,0.9999960947110953,0.9999960486229879,-6.938861385954847e-11,-6.93886145409815e-11,0.9999960947110978,-7.146910355584958e-11,0.9999960947110975,0.9999960947110975,0.9999960947110953,0.9999960947110967,0.9999960869315884,-6.938861407324388e-11,0.9999960486229897,0.9999960947110991,0.9999960486229903
0.9999953601948712,0.999996094711106,-6.938861424745463e-11,-6.938861424457245e-11,-6.938861377575262e-11,0.9999960947110964,0.9999960947110986,0.9999960947110955,0.9999960947110951,0.9999960947110964,-6.938861383155884e-11,0.9999960947110964,0.9999960947110963,0.9999960947110964,0.9999960947110963,0.9999960947110963,0.9999960486229891,0.9999960947110978,0.9999960947110978,0.9999960947110959,0.9999960947110986,0.9999950246089163,-6.938861430576658e-11,0.9999960947110964,0.9999960947110963,0.9999960947110978,0.9999960947110964,0.9999960947110967,0.9999960947110984,0.9999960947110975,0.9999960947110982,0.9999960947110964,0.9999960947110978,0.9999960947110982,0.9999960947110973,0.9999960947110963,0.9999960486229886,-6.938861387767133e-11,-6.93886144983663e-11,0.9999960947110984,-7.14691034904097e-11,0.9999960947110981,0.9999960947110981,0.9999960947110963,0.9999960947110975,0.999996086931588,-6.938861405776115e-11,0.9999960486229895,0.9999960947110978,0.9999960486229901
-2.5789537905245375e-06,-6.938861435189386e-11,1.9070088428689402e-14,1.9070088464483858e-14,1.9070088336984375e-14,-6.93886142735677e-11,-6.938861427511913e-11,-6.938861428955459e-11,-6.938861432571428e-11,-6.938861428955459e-11,1.9070088408129077e-14,-6.938861425795071e-11,-6.938861435189386e-11,-6.938861433001792e-11,-6.938861427108218e-11,-6.938861428955459e-11,-1.3798074266545551e-07,-6.938861435189386e-11,-6.938861427723968e-11,-6.938861431163487e-11,-6.93886143066744e-11,-6.938861430576658e-11,-1.0701025041581446e-06,-6.938861429830407e-11,-6.938861424945904e-11,-6.938861434441034e-11,-6.938861428604907e-11,-6.938861424354466e-11,-6.938861432571428e-11,-6.938861422667195e-11,-6.93886142883914e-11,-6.938861428955459e-11,-6.938861433001792e-11,-6.93886143076129e-11,-6.938861424354466e-11,-6.938861435189386e-11,-1.3798074266545533e-07,1.9070088395360486e-14,1.907008859731458e-14,-6.93886142714748e-11,1.9641903422341406e-14,-6.93886142735677e-11,-6.938861437666403e-11,-6.93886142735677e-11,-6.938861431163487e-11,-6.938861380078798e-11,1.9070088438224108e-14,-1.3798074266545551e-07,-6.938861431557978e-11,-1.3798074266545554e-07
0.9999953601948667,0.9999960947111056,-6.938861424770194e-11,-6.93886142198048e-11,-6.93886137470407e-11,0.9999960947110963,0.9999960947110955,0.999996094711095,0.9999960947110951,0.9999960947110959,-6.938861393420425e-11,0.9999960947110959,0.9999960947110956,0.9999960947110959,0.9999960947110956,0.9999960947110956,0.9999960486229889,0.9999960947110961,0.9999960947110961,0.9999960947110955,0.9999960947110955,0.9999960947110964,-6.938861429830407e-11,0.9999950246089125,0.9999960947110956,0.9999960947110967,0.9999960947110959,0.9999960947110961,0.9999960947110964,0.9999960947110961,0.9999960947110971,0.9999960947110959,0.9999960947110967,0.9999960947110971,0.9999960947110963,0.9999960947110959,0.9999960486229872,-6.938861387780816e-11,-6.938861450807949e-11,0.9999960947110955,-7.146910355584958e-11,0.9999960947110967,0.9999960947110967,0.9999960947110956,0.9999960947110961,0.9999960869315873,-6.93886140489042e-11,0.9999960486229891,0.9999960947110956,0.9999960486229889
0.9999953601948663,0.9999960947111056,-6.938861424636627e-11,-6.938861424677064e-11,-6.938861373668302e-11,0.9999960947110953,0.9999960947110955,0.999996094711095,0.9999960947110951,0.9999960947110959,-6.93886138108369e-11,0.9999960947110956,0.999996094711095,0.9999960947110959,0.999996094711095,0.999996094711095,0.9999960486229891,0.9999960947110961,0.9999960947110961,0.999996094711095,0.9999960947110953,0.9999960947110963,-6.938861424945904e-11,0.9999960947110956,0.9999950246089133,0.9999960947110961,0.9999960947110959,0.9999960947110961,0.9999960947110963,0.9999960947110963,0.9999960947110971,0.9999960947110959,0.9999960947110967,0.9999960947110971,0.9999960947110959,0.999996094711095,0.9999960486229865,-6.938861391627913e-11,-6.938861451230561e-11,0.9999960947110951,-7.146910348889552e-11,0.9999960947110959,0.9999960947110967,0.9999960947110955,0.9999960947110961,0.9999960869315869,-6.938861407582022e-11,0.9999960486229875,0.9999960947110955,0.9999960486229889
0.9999953601948685,0.9999960947111062,-6.938861418621025e-11,-6.938861425994197e-11,-6.938861374704069e-11,0.9999960947110953,0.9999960947110967,0.9999960947110951,0.9999960947110959,0.9999960947110967,-6.938861383777611e-11,0.9999960947110967,0.9999960947110961,0.9999960947110967,0.9999960947110961,0.9999960947110961,0.9999960486229895,0.9999960947110963,0.9999960947110964,0.9999960947110953,0.9999960947110963,0.9999960947110978,-6.938861434441034e-11,0.9999960947110967,0.9999960947110961,0.9999950246089153,0.9999960947110967,0.9999960947110959,0.9999960947110976,0.9999960947110963,0.9999960947110981,0.9999960947110967,0.9999960947110964,0.9999960947110978,0.9999960947110967,0.9999960947110961,0.9999960486229877,-6.938861389951044e-11,-6.93886146409802e-11,0.9999960947110959,-7.146910353737144e-11,0.9999960947110963,0.9999960947110967,0.9999960947110961,0.9999960947110963,0.9999960869315873,-6.938861394078275e-11,0.9999960486229895,0.9999960947110967,0.9999960486229901
0.9999953601948685,0.9999960947111055,-6.938861424636627e-11,-6.93886142109878e-11,-6.938861368778713e-11,0.9999960947110963,0.9999960947110956,0.9999960947110947,0.9999960947110959,0.9999960947110959,-6.938861393792757e-11,0.9999960947110959,0.9999960947110959,0.9999960947110959,0.9999960947110959,0.9999960947110956,0.9999960486229883,0.9999960947110964,0.9999960947110967,0.9999960947110959,0.9999960947110963,0.9999960947110964,-6.938861428604907e-11,0.9999960947110959,0.9999960947110959,0.9999960947110967,0.9999950246089129,0.9999960947110961,0.9999960947110963,0.9999960947110967,0.9999960947110971,0.9999960947110959,0.9999960947110967,0.9999960947110971,0.9999960947110963,0.9999960947110959,0.9999960486229872,-6.938861391627913e-11,-6.938861451230561e-11,0.9999960947110956,-7.146910354140276e-11,0.9999960947110967,0.9999960947110967,0.9999960947110959,0.9999960947110967,0.9999960869315883,-6.938861404155897e-11,0.9999960486229899,0.9999960947110959,0.9999960486229891
0.9999953601948688,0.9999960947111056,-6.938861411837428e-11,-6.938861431783172e-11,-6.938861368778713e-11,0.9999960947110953,0.9999960947110963,0.9999960947110951,0.9999960947110955,0.9999960947110961,-6.938861390849394e-11,0.9999960947110961,0.9999960947110959,0.9999960947110961,0.9999960947110961,0.9999960947110959,0.9999960486229895,0.9999960947110959,0.9999960947110961,0.9999960947110951,0.9999960947110963,0.9999960947110967,-6.938861424354466e-11,0.9999960947110961,0.9999960947110961,0.9999960947110959,0.9999960947110961,0.9999950246089165,0.9999960947110964,0.9999960947110961,0.9999960947110982,0.9999960947110961,0.9999960947110961,0.9999960947110982,0.999996094711097,0.9999960947110961,0.9999960486229866,-6.938861389008319e-11,-6.93886144983663e-11,0.9999960947110963,-7.146910352933639e-11,0.9999960947110963,0.9999960947110963,0.9999960947110961,0.9999960947110961,0.9999960869315873,-6.938861405036617e-11,0.9999960486229893,0.9999960947110964,0.9999960486229897
0.9999953601948709,0.999996094711106,-6.938861422522653e-11,-6.93886142109878e-11,-6.938861368778713e-11,0.9999960947110964,0.9999960947110986,0.9999960947110955,0.9999960947110953,0.9999960947110963,-6.938861381997047e-11,0.9999960947110964,0.9999960947110963,0.9999960947110963,0.9999960947110963,0.9999960947110963,0.9999960486229895,0.9999960947110975,0.9999960947110978,0.9999960947110959,0.9999960947110984,0.9999960947110984,-6.938861432571428e-11,0.9999960947110964,0.9999960947110963,0.9999960947110976,0.9999960947110963,0.9999960947110964,0.9999950246089163,0.9999960947110975,0.9999960947110982,0.9999960947110963,0.9999960947110978,0.9999960947110982,0.9999960947110973,0.9999960947110963,0.9999960486229881,-6.938861385178149e-11,-6.938861448596625e-11,0.9999960947110984,-7.146910353737144e-11,0.9999960947110981,0.9999960947110981,0.9999960947110963,0.9999960947110975,0.9999960869315878,-6.938861412467812e-11,0.9999960486229895,0.9999960947110978,0.9999960486229901
0.9999953601948685,0.9999960947111056,-6.938861411837428e-11,-6.938861426167553e-11,-6.938861374914689e-11,0.9999960947110955,0.9999960947110967,0.9999960947110951,0.9999960947110955,0.9999960947110967,-6.938861393792757e-11,0.9999960947110961,0.9999960947110961,0.9999960947110964,0.9999960947110961,0.9999960947110961,0.9999960486229895,0.9999960947110959,0.9999960947110961,0.9999960947110951,0.9999960947110967,0.9999960947110975,-6.938861422667195e-11,0.9999960947110961,0.9999960947110963,0.9999960947110963,0.9999960947110967,0.9999960947110961,0.9999960947110975,0.9999950246089151,0.9999960947110981,0.9999960947110967,0.9999960947110963,0.9999960947110981,0.999996094711097,0.9999960947110961,0.9999960486229886,-6.938861389559341e-11,-6.93886145657774e-11,0.9999960947110963,-7.1469103559575e-11,0.9999960947110963,0.9999960947110963,0.9999960947110961,0.9999960947110961,0.9999960869315875,-6.938861394078277e-11,0.9999960486229899,0.9999960947110967,0.9999960486229897
0.9999953601948681,0.9999960947111062,-6.938861411837428e-11,-6.938861420784457e-11,-6.938861368778713e-11,0.9999960947110975,0.9999960947110975,0.9999960947110959,0.9999960947110955,0.9999960947110971,-6.938861393792757e-11,0.9999960947110971,0.999996094711097,0.9999960947110971,0.9999960947110971,0.999996094711097,0.9999960486229886,0.9999960947110978,0.9999960947110978,0.9999960947110959,0.9999960947110982,0.9999960947110982,-6.93886142883914e-11,0.9999960947110971,0.9999960947110971,0.9999960947110981,0.9999960947110971,0.9999960947110982,0.9999960947110982,0.9999960947110981,0.9999950246089133,0.9999960947110971,0.9999960947110982,0.9999960947110971,0.9999960947110971,0.9999960947110971,0.9999960486229883,-6.93886138413952e-11,-6.938861449888111e-11,0.9999960947110975,-7.146910353737144e-11,0.9999960947110978,0.9999960947110991,0.9999960947110971,0.9999960947110981,0.9999960869315877,-6.938861405220891e-11,0.9999960486229883,0.9999960947110991,0.9999960486229897
0.9999953601948685,0.9999960947111055,-6.938861412775328e-11,-6.938861420784457e-11,-6.93886137491515e-11,0.9999960947110963,0.9999960947110956,0.9999960947110947,0.9999960947110959,0.9999960947110959,-6.938861383012994e-11,0.9999960947110959,0.9999960947110959,0.9999960947110959,0.9999960947110959,0.9999960947110956,0.9999960486229883,0.9999960947110964,0.9999960947110967,0.9999960947110959,0.9999960947110963,0.9999960947110964,-6.938861428955459e-11,0.9999960947110959,0.9999960947110959,0.9999960947110967,0.9999960947110959,0.9999960947110961,0.9999960947110963,0.9999960947110967,0.9999960947110971,0.9999950246089129,0.9999960947110967,0.9999960947110971,0.9999960947110963,0.9999960947110959,0.9999960486229872,-6.938861391115778e-11,-6.938861460767776e-11,0.9999960947110956,-7.146910358177817e-11,0.9999960947110967,0.9999960947110967,0.9999960947110959,0.9999960947110967,0.9999960869315883,-6.938861407021394e-11,0.9999960486229899,0.9999960947110959,0.9999960486229891
0.9999953601948685,0.9999960947111062,-6.938861415582843e-11,-6.938861426287582e-11,-6.938861368778713e-11,0.9999960947110955,0.9999960947110967,0.9999960947110951,0.9999960947110959,0.9999960947110967,-6.938861384437113e-11,0.9999960947110967,0.9999960947110963,0.9999960947110967,0.9999960947110963,0.9999960947110963,0.9999960486229899,0.9999960947110964,0.9999960947110963,0.9999960947110953,0.9999960947110967,0.9999960947110978,-6.938861433001792e-11,0.9999960947110967,0.9999960947110967,0.9999960947110964,0.9999960947110967,0.9999960947110961,0.9999960947110978,0.9999960947110963,0.9999960947110982,0.9999960947110967,0.9999950246089153,0.9999960947110982,0.9999960947110967,0.9999960947110961,0.9999960486229877,-6.938861385393741e-11,-6.938861458615528e-11,0.9999960947110959,-7.14691034776365e-11,0.9999960947110963,0.999996094711097,0.9999960947110967,0.9999960947110963,0.9999960869315873,-6.938861406741463e-11,0.9999960486229897,0.9999960947110967,0.9999960486229906
0.9999953601948681,0.9999960947111062,-6.93886141797987e-11,-6.938861424677064e-11,-6.938861382396294e-11,0.9999960947110975,0.9999960947110975,0.9999960947110959,0.9999960947110955,0.9999960947110971,-6.93886138108369e-11,0.9999960947110971,0.999996094711097,0.9999960947110971,0.9999960947110971,0.999996094711097,0.9999960486229886,0.9999960947110978,0.9999960947110978,0.9999960947110959,0.9999960947110982,0.9999960947110982,-6.93886143076129e-11,0.9999960947110971,0.9999960947110971,0.9999960947110978,0.9999960947110971,0.9999960947110982,0.9999960947110982,0.9999960947110981,0.9999960947110971,0.9999960947110971,0.9999960947110982,0.9999950246089133,0.9999960947110971,0.9999960947110971,0.9999960486229883,-6.938861385582572e-11,-6.93886145409815e-11,0.9999960947110975,-7.146910348889552e-11,0.9999960947110978,0.9999960947110991,0.9999960947110971,0.9999960947110981,0.9999960869315877,-6.938861394403846e-11,0.9999960486229883,0.9999960947110991,0.9999960486229897
0.9999953601948746,0.9999960947111063,-6.938861411837428e-11,-6.938861424677064e-11,-6.9388613796428e-11,0.9999960947110959,0.9999960947110961,0.9999960947110951,0.9999960947110955,0.9999960947110963,-6.938861379017529e-11,0.9999960947110963,0.9999960947110956,0.9999960947110963,0.9999960947110959,0.9999960947110956,0.9999960486229886,0.9999960947110967,0.999996094711097,0.9999960947110951,0.9999960947110967,0.9999960947110973,-6.938861424354466e-11,0.9999960947110963,0.9999960947110959,0.9999960947110967,0.9999960947110963,0.999996094711097,0.9999960947110973,0.999996094711097,0.9999960947110971,0.9999960947110963,0.9999960947110967,0.9999960947110971,0.9999950246089175,0.9999960947110959,0.9999960486229866,-6.938861389551978e-11,-6.938861457730982e-11,0.9999960947110961,-7.146910354724622e-11,0.9999960947110973,0.9999960947110971,0.9999960947110959,0.9999960947110967,0.9999960869315871,-6.938861408546583e-11,0.9999960486229889,0.9999960947110963,0.9999960486229891
0.9999953601948669,0.9999960947111056,-6.938861422794264e-11,-6.938861432868096e-11,-6.938861374704069e-11,0.9999960947110953,0.9999960947110955,0.999996094711095,0.9999960947110951,0.9999960947110959,-6.938861377376917e-11,0.9999960947110956,0.999996094711095,0.9999960947110959,0.999996094711095,0.999996094711095,0.9999960486229891,0.9999960947110961,0.9999960947110961,0.999996094711095,0.9999960947110953,0.9999960947110963,-6.938861435189386e-11,0.9999960947110959,0.999996094711095,0.9999960947110961,0.9999960947110959,0.9999960947110961,0.9999960947110963,0.9999960947110961,0.9999960947110971,0.9999960947110959,0.9999960947110961,0.9999960947110971,0.9999960947110959,0.9999950246089134,0.9999960486229872,-6.93886138810547e-11,-6.938861451107483e-11,0.9999960947110953,-7.146910343764988e-11,0.9999960947110959,0.9999960947110964,0.999996094711095,0.9999960947110961,0.9999960869315869,-6.93886141225736e-11,0.9999960486229875,0.9999960947110953,0.9999960486229889
0.9999953141066846,0.9999960486229957,-1.3798074254930946e-07,-1.379807425306445e-07,-1.3798074160602982e-07,0.9999960486229869,0.9999960486229883,0.999996048622986,0.9999960486229872,0.9999960486229872,-1.3798074176025655e-07,0.9999960486229872,0.9999960486229872,0.9999960486229872,0.9999960486229872,0.9999960486229872,0.9999960025348825,0.9999960486229875,0.9999960486229877,0.999996048622986,0.9999960486229879,0.9999960486229886,-1.3798074266545533e-07,0.9999960486229872,0.9999960486229865,0.9999960486229877,0.9999960486229872,0.9999960486229866,0.9999960486229881,0.9999960486229886,0.9999960486229883,0.9999960486229872,0.9999960486229877,0.9999960486229883,0.9999960486229866,0.9999960486229872,0.9999949324327064,-1.3798074178990106e-07,-1.379807432021975e-07,0.9999960486229875,-1.4211784019416357e-07,0.9999960486229866,0.9999960486229877,0.9999960486229865,0.9999960486229886,0.999996040843479,-1.3798074207705383e-07,0.9999960025348816,0.9999960486229883,0.9999960025348813
-2.5789537955204988e-06,-6.938861383345917e-11,1.907008834092748e-14,1.907008837672196e-14,1.9070088249222495e-14,-6.938861383035401e-11,-6.938861390399882e-11,-6.938861383035401e-11,-6.938861383035401e-11,-6.938861389343764e-11,1.9070088320367153e-14,-6.938861387114999e-11,-6.938861386166739e-11,-6.938861386166739e-11,-6.938861394098482e-11,-6.938861391627913e-11,-1.3798074178990114e-07,-6.938861390974997e-11,-6.93886138955295e-11,-6.938861390399882e-11,-6.938861385954847e-11,-6.938861387767133e-11,1.9070088395360486e-14,-6.938861387780816e-11,-6.938861391627913e-11,-6.938861389951044e-11,-6.938861391627913e-11,-6.938861389008319e-11,-6.938861385178149e-11,-6.938861389559341e-11,-6.93886138413952e-11,-6.938861391115778e-11,-6.938861385393741e-11,-6.938861385582572e-11,-6.938861389551978e-11,-6.93886138810547e-11,-1.3798074178990106e-07,-1.0701025041581446e-06,1.907008850955269e-14,-6.938861389140961e-11,1.9641903331951877e-14,-6.938861395095992e-11,-6.938861387761189e-11,-6.938861389822893e-11,-6.938861389551978e-11,-6.938861324871696e-11,1.9070088350462206e-14,-1.379807417899011e-07,-6.938861385395729e-11,-1.379807417899012e-07
-2.578953791840416e-06,-6.938861459295652e-11,1.9070088542881584e-14,1.9070088578676078e-14,1.907008845117658e-14,-6.93886144983663e-11,-6.938861449888111e-11,-6.938861447702868e-11,-6.93886145409815e-11,-6.93886145657774e-11,1.9070088522321234e-14,-6.938861460169448e-11,-6.938861455033035e-11,-6.938861448596625e-11,-6.93886145348022e-11,-6.938861448127969e-11,-1.3798074320219771e-07,-6.938861451230561e-11,-6.938861454395462e-11,-6.93886145365538e-11,-6.93886145409815e-11,-6.93886144983663e-11,1.907008859731458e-14,-6.938861450807949e-11,-6.938861451230561e-11,-6.93886146409802e-11,-6.938861451230561e-11,-6.93886144983663e-11,-6.938861448596625e-11,-6.93886145657774e-11,-6.938861449888111e-11,-6.938861460767776e-11,-6.938861458615528e-11,-6.93886145409815e-11,-6.938861457730982e-11,-6.938861451107483e-11,-1.379807432021975e-07,1.907008850955269e-14,-1.0701025041581446e-06,-6.938861449098147e-11,1.964190353996474e-14,-6.938861458615528e-11,-6.938861450964638e-11,-6.938861455613543e-11,-6.938861451544013e-11,-6.938861397972615e-11,1.907008855241629e-14,-1.3798074320219771e-07,-6.93886145348022e-11,-1.379807432021976e-07
