0.9999999774456869,0.9999727157878494,-5.600969450568986e-06,-5.591376167901588e-06,-5.559497092247539e-06,-5.58268388057297e-06,0.9999727157878494,0.9999733299216433,0.9999727157878481,0.9999727157878489,0.9999727157878527,0.9999728447784861,0.9999739623398298,0.9999727157878491,-5.5584694413412575e-06,-5.581922814383856e-06,-5.5596083919153976e-06,0.9999727157878462,0.9999727157878496,-5.583573434811318e-06,-5.559268582389875e-06,-5.581922811467857e-06,0.999972861596399,-5.58373700675448e-06,0.9999727157878509,-5.574840780880323e-06,0.9999727157878496,0.999972715787849,0.9999727157878494,-5.600106751786269e-06,0.9999727157878515,-5.567999425831779e-06,0.9999727157878505,-5.559608391953071e-06,-5.5826218587838155e-06,0.9999727157878504,-5.620595520749187e-06,-5.574423671998643e-06,0.9999727157878482,0.9999729368127357,0.9999727157878502,0.9999727157878517,0.9999728584885967,0.9999732976212407,-5.559608391995887e-06,0.9999727157878501,0.9999728957506382,-5.61004222389217e-06,0.999972715787852,-5.574147883124522e-06,0.9999732318377667,0.9999739129992404,0.9999727157878527,-5.566391056694026e-06,0.9999708257673718,-5.6100422238540515e-06,-5.565769659213659e-06,-5.582907877353565e-06,0.9999727157878502,-5.5602795614535106e-06,0.9999727157878513,0.9999727157878483,-5.559671527620213e-06,-5.567174686931729e-06,-5.559608391521382e-06,-5.559548213468007e-06,-5.574147883124522e-06,-5.620606698736955e-06,-5.566391056973447e-06,0.9999727157878491,0.9999727157878543,-5.565769660266642e-06,-5.559608391906913e-06,0.9999727157878505,-5.566737279323288e-06,-5.560279558172053e-06,0.9999733669742003,-5.573572129802807e-06
0.9999727157878494,0.9999704729618333,-1.5517118714763702e-10,-1.5035758183304884e-10,-1.34361671896961e-10,-1.4599606807903348e-10,0.9999738476161423,0.9999744617475074,0.9999738476161423,0.999973847616143,0.9999738476161437,0.9999739766062689,0.9999750941631993,0.9999738476161447,-1.338460301573975e-10,-1.456141893995525e-10,-1.344175194917795e-10,0.9999738476161424,0.999973847616145,-1.4644241614562074e-10,-1.3424701312170854e-10,-1.4561418952965474e-10,0.9999739934241146,-1.4652449264898516e-10,0.9999738476161446,-1.4206064869272668e-10,0.9999738476161435,0.9999738476161443,0.999973847616143,-1.5473831288326923e-10,0.9999738476161447,-1.3862787410524515e-10,0.9999738476161432,-1.344175199996341e-10,-1.459649487975216e-10,0.9999738476161438,-1.6501892632165404e-10,-1.4185135618912113e-10,0.9999738476161438,0.9999740686401537,0.9999738476161446,0.9999738476161447,0.9999739903163262,0.9999744294472316,-1.3441752030269372e-10,0.9999738476161432,0.9999740275782171,-1.5972361747003957e-10,0.9999738476161462,-1.417129742346076e-10,0.999974363664018,0.9999750448228027,0.9999738476161437,-1.3782084456513969e-10,0.99997195760313,-1.597236174131493e-10,-1.3750904773125648e-10,-1.46108462415672e-10,0.9999738476161438,-1.347542907453736e-10,0.9999738476161447,0.9999738476161423,-1.3444919813551165e-10,-1.382140440876248e-10,-1.3441751988396678e-10,-1.3438732355606074e-10,-1.417129743276831e-10,-1.6502453758488746e-10,-1.3782084473551524e-10,0.9999738476161445,0.9999738476161455,-1.3750904810862799e-10,-1.3441751989950984e-10,0.9999738476161443,-1.3799456892590292e-10,-1.3475428970691756e-10,0.999974498799915,-1.4142408165147797e-10
-5.600969450568986e-06,-1.5517118714763702e-10,-3.3746545854717465e-06,9.210561870717801e-14,4.1404374241246014e-17,8.943531659882409e-14,-1.5517118719229244e-10,-3.0924769863584583e-07,-1.5517118720703275e-10,-1.5517118719952032e-10,-1.5517118721325863e-10,-1.5517120711246753e-10,-1.5517137963673905e-10,-1.5517118721871825e-10,8.19914808794281e-14,8.919272424069595e-14,4.130247536427425e-17,-1.551711872222679e-10,-1.551711871660032e-10,8.97207373913041e-14,8.22427185104471e-14,8.919272430936874e-14,-1.5517120969360517e-10,8.977404499620464e-14,-1.5517118720348848e-10,4.3835963552072254e-17,-1.551711871976079e-10,-1.5517118720117768e-10,-1.5517118719853962e-10,9.4778918260598e-14,-1.5517118719293257e-10,8.494244721925429e-14,-1.5517118717222866e-10,4.132189881312704e-17,8.941906395403785e-14,-1.5517118716720253e-10,1.0107442095785767e-13,8.689746948569574e-14,-1.5517118721188827e-10,-3.0924757759109807e-07,-1.551711872045335e-10,-1.551711871976079e-10,-3.092475534704043e-07,-1.5517127708795598e-10,4.129963746025518e-17,-1.55171187174493e-10,-1.5517121500314388e-10,9.783143631579928e-14,-1.5517118717828708e-10,8.681093075030712e-14,-3.092476684515541e-07,-3.0924787816058244e-07,-1.551711872069487e-10,8.442690065867881e-14,-3.092469276242656e-07,9.78314362878088e-14,8.422827485939217e-14,8.951017730507398e-14,-1.5517118719952032e-10,4.1488236232770237e-17,-1.5517118721188827e-10,-1.5517118717507287e-10,4.1339725680180386e-17,8.468702478766855e-14,4.1326991620082375e-17,8.233594593423151e-14,8.681093084688245e-14,1.0107742333990176e-13,8.442690070570145e-14,-1.5517118719952032e-10,-1.5517118717828708e-10,8.422827510274561e-14,4.1330245869405444e-17,-1.5517118719229244e-10,8.453918170969897e-14,4.1488236232770237e-17,-1.551712877927075e-10,8.662593472724063e-14
-5.591376167901588e-06,-1.5035758183304884e-10,9.210561870717801e-14,-3.3746545951139588e-06,7.97562242214604e-14,8.66575100636773e-14,-1.5035758181408097e-10,-2.9965444612661204e-07,-1.5035758186825866e-10,-1.5035758183304884e-10,-1.5035758183800053e-10,-1.503576011669185e-10,-2.996546347938403e-07,-1.5035758183921537e-10,7.944486933394392e-14,8.642240418535656e-14,4.0057454484289905e-17,-1.503575818384797e-10,-1.5035758183796555e-10,8.693413251161115e-14,7.968833539724607e-14,8.642240425183224e-14,-1.5035760368968257e-10,8.698580114056205e-14,-1.5035758182928318e-10,8.432881598085627e-14,-1.5035758183831964e-10,-1.503575818541477e-10,-1.5035758183304618e-10,9.18350775331822e-14,-1.5035758183304618e-10,8.230430175564545e-14,-1.5035758183800053e-10,4.0050454200379423e-17,8.664177740383558e-14,-1.5035758183796555e-10,9.793503334295477e-14,8.419849320929886e-14,-1.503575818384797e-10,-2.996543288397716e-07,-1.503575818545482e-10,-1.5035758185868027e-10,-1.5035760319054938e-10,-1.5035766882756242e-10,4.007503341311515e-17,-1.5035758185253463e-10,-1.503576088064207e-10,9.479277854471454e-14,-1.5035758183800053e-10,8.411463226604412e-14,-1.5035765911442639e-10,-2.996546200778151e-07,-1.5035758183921537e-10,8.180465005879707e-14,-2.996536990518765e-07,9.479277851757912e-14,8.161215100154384e-14,8.673007869815912e-14,-1.503575818384797e-10,4.015695193317125e-17,-1.5035758184751316e-10,-1.5035758183254514e-10,4.0023362439336356e-17,8.205680089753993e-14,4.0057454484289905e-17,3.9989151133993513e-17,8.411463235961215e-14,9.793794012557433e-14,8.180465010468775e-14,-1.5035758185469536e-10,-1.5035758185469536e-10,8.161215123746261e-14,3.9946303562588966e-17,-1.5035758183304884e-10,8.191347616102329e-14,4.017076446826661e-17,-1.5035767939165443e-10,8.393533754414702e-14
-5.559497092247539e-06,-1.34361671896961e-10,4.1404374241246014e-17,7.97562242214604e-14,-3.3746546097634114e-06,7.744394665119359e-14,-1.343616718546812e-10,-1.3436175415891805e-10,-1.3436167188851502e-10,-1.343616718658329e-10,-1.3436167190339536e-10,-1.3436168909754344e-10,-1.3436183864114061e-10,-1.3436167189601665e-10,7.099817511195296e-14,7.723391594982028e-14,7.131080643167475e-14,-1.3436167189855172e-10,-1.3436167187009128e-10,3.9047500584336563e-17,7.121570396734096e-14,7.723391600933602e-14,-1.3436169137550923e-10,3.898558279861768e-17,-1.343616719068489e-10,7.536277664215846e-14,-1.3436167189843731e-10,-1.3436167189855172e-10,-1.3436167186623967e-10,8.207113267520528e-14,-1.343616718886938e-10,7.355339133392063e-14,-1.3436167189072985e-10,7.131080665629787e-14,3.888914016668761e-17,-1.343616718886938e-10,8.752255166344232e-14,7.524636618140452e-14,-1.3436167189587453e-10,-1.3436170144271826e-10,-1.3436167189034134e-10,-1.343616718960166e-10,-1.3436169095892166e-10,-1.3436174973061765e-10,7.131080679652027e-14,-1.3436167185864246e-10,-1.343616959523627e-10,8.471437870794466e-14,-1.343616718658329e-10,7.517143778743171e-14,-1.343617409287745e-10,-1.3436183205535083e-10,-1.343616718685551e-10,7.310705431417932e-14,-2.677748038786281e-07,8.471437868371546e-14,7.293509093211929e-14,7.750874608826972e-14,-1.343616718721377e-10,3.5872697151939764e-17,-1.3436167189034134e-10,-1.343616718852476e-10,7.132794547674692e-14,3.677129202708939e-17,7.131080672569841e-14,3.577278656254828e-17,7.517143787103772e-14,8.75251531928026e-14,7.310705435470847e-14,-1.3436167187703213e-10,-1.3436167185912227e-10,7.29350911427395e-14,7.131080659917505e-14,-1.343616718852476e-10,7.32042572602005e-14,3.5910154347457375e-17,-1.3436175900672932e-10,7.501127824347687e-14
-5.58268388057297e-06,-1.4599606807903348e-10,8.943531659882409e-14,8.66575100636773e-14,7.744394665119359e-14,-3.3746545982275977e-06,-1.459960680854279e-10,-2.9096218748469036e-07,-1.4599606808814335e-10,-1.459960680884214e-10,-1.4599606808191176e-10,-1.4599608683789507e-10,-2.9096237068108434e-07,-1.459960680842769e-10,7.714163101660497e-14,8.391689238241406e-14,3.883392037673257e-17,-1.459960680826239e-10,-1.4599606809632592e-10,8.44137385401349e-14,7.737802580034172e-14,8.391689244698911e-14,-1.4599608926188409e-10,8.44639024733562e-14,-1.4599606808110857e-10,8.188396489708285e-14,-1.4599606808065726e-10,-1.459960680826239e-10,-1.459960680826239e-10,8.917264999709766e-14,-1.4599606810750594e-10,7.991811479816426e-14,-1.459960680812143e-10,3.873062622653258e-17,8.412988003737214e-14,-1.4599606808065726e-10,9.50957627961353e-14,8.175743435558035e-14,-1.4599606810849512e-10,-1.459961001594296e-10,-1.4599606810849512e-10,-1.4599606809631597e-10,-1.4599608879154927e-10,-1.4599615267300148e-10,3.8748511154079726e-17,-1.459960680812143e-10,-1.459960942259649e-10,9.204460536412406e-14,-1.4599606809632592e-10,8.167600873407936e-14,-1.4599614309673377e-10,-2.909623563917759e-07,-1.459960680755601e-10,7.943299625550772e-14,-2.909614620731206e-07,9.204460533778078e-14,7.924609517223345e-14,8.421561412932097e-14,-1.4599606806573694e-10,3.896212351468364e-17,-1.45996068072569e-10,-1.4599606810750594e-10,3.882447085333135e-17,7.967779413644387e-14,3.883392037673257e-17,7.746576152520781e-14,8.167600882493184e-14,9.509858625037112e-14,7.943299629994684e-14,-1.4599606809632592e-10,-1.4599606806533232e-10,7.924609540125944e-14,3.8779571288787954e-17,-1.459960680883542e-10,7.953865424474082e-14,3.896212351468364e-17,-1.4599616263877305e-10,8.150193001730372e-14
0.9999727157878494,0.9999738476161423,-1.5517118719229244e-10,-1.5035758181408097e-10,-1.343616718546812e-10,-1.459960680854279e-10,0.9999704729618215,0.9999744617475039,0.9999738476161388,0.9999738476161385,0.9999738476161408,0.9999739766062652,0.9999750941631946,0.9999738476161399,-1.338460301576156e-10,-1.4561418939233157e-10,-1.3441751949984811e-10,0.9999738476161385,0.9999738476161408,-1.464424161522317e-10,-1.342470131507476e-10,-1.4561418956917048e-10,0.9999739934241108,-1.4652449263245383e-10,0.9999738476161404,-1.4206064867428014e-10,0.9999738476161388,0.9999738476161399,0.9999738476161396,-1.5473831287476954e-10,0.9999738476161414,-1.3862787408800368e-10,0.9999738476161384,-1.3441752002690253e-10,-1.4596494879973956e-10,0.9999738476161404,-1.6501892628778482e-10,-1.418513562177953e-10,0.9999738476161396,0.99997406864015,0.9999738476161399,0.9999738476161415,0.9999739903163227,0.9999744294472274,-1.3441752029688208e-10,0.9999738476161389,0.9999740275782125,-1.5972361742711965e-10,0.9999738476161412,-1.4171297425497911e-10,0.9999743636640127,0.9999750448227978,0.9999738476161412,-1.3782084456434722e-10,0.9999719576031262,-1.5972361737919808e-10,-1.3750904774360138e-10,-1.4610846240853748e-10,0.9999738476161404,-1.3475429075003688e-10,0.9999738476161404,0.9999738476161384,-1.3444919812779563e-10,-1.3821404410116035e-10,-1.3441751985847894e-10,-1.3438732353642133e-10,-1.4171297430268518e-10,-1.6502453757536098e-10,-1.3782084471701297e-10,0.9999738476161399,0.999973847616141,-1.3750904809173944e-10,-1.3441751988950506e-10,0.9999738476161399,-1.3799456892263375e-10,-1.347542897411684e-10,0.999974498799911,-1.4142408164274786e-10
0.9999733299216433,0.9999744617475074,-3.0924769863584583e-07,-2.9965444612661204e-07,-1.3436175415891805e-10,-2.9096218748469036e-07,0.9999744617475039,0.9999717012249285,0.9999744617475046,0.9999744617475039,0.9999744617475043,0.9999745907377086,0.9999757082953221,0.9999744617475063,-1.338461106963868e-10,-2.902011241479549e-07,-1.3441760167894927e-10,0.9999744617475024,0.9999744617475063,-2.918517348346386e-07,-1.3424709513134616e-10,-2.902011244045099e-07,0.9999746075555654,-2.920153088043547e-07,0.999974461747505,-2.8311911170493667e-07,0.9999744617475029,0.9999744617475047,0.9999744617475029,-3.0838500371571484e-07,0.9999744617475057,-2.7627777952330185e-07,0.9999744617475054,-1.3441760224530386e-10,-2.9090016854787543e-07,0.9999744617475047,-3.2887370459864704e-07,-2.827020031553169e-07,0.9999744617475045,0.9999746827716487,0.9999744617475049,0.9999744617475055,0.9999746044477749,0.9999750435789474,-1.3441760255267994e-10,0.9999744617475045,0.9999746417096882,-3.183204432556816e-07,0.9999744617475055,-2.824262154593491e-07,0.9999749777956958,0.9999756589548956,0.9999744617475039,-2.7466941368824947e-07,0.999972571733333,-3.1832044316169825e-07,-2.740480196626716e-07,-2.9118618327682956e-07,0.9999744617475053,-1.347543732786149e-10,0.9999744617475054,0.9999744617475045,-1.344492804851268e-10,-2.7545303896099186e-07,-1.344176021002392e-10,-1.3438740582193847e-10,-2.8242621563691817e-07,-3.2888488752694736e-07,-2.7466941396629995e-07,0.9999744617475043,0.9999744617475053,-2.740480203174486e-07,-1.344176021612795e-10,0.999974461747505,-2.7501563686371074e-07,-1.3475437222903956e-10,0.9999751129316744,-2.8185046828088523e-07
0.9999727157878481,0.9999738476161423,-1.5517118720703275e-10,-1.5035758186825866e-10,-1.3436167188851502e-10,-1.4599606808814335e-10,0.9999738476161388,0.9999744617475046,0.9999704729618223,0.9999738476161393,0.9999738476161412,0.9999739766062652,0.9999750941631954,0.9999738476161399,-1.3384603015820233e-10,-1.4561418939951144e-10,-1.3441751951080805e-10,0.9999738476161393,0.9999738476161416,-1.4644241613187214e-10,-1.342470131192644e-10,-1.4561418952965474e-10,0.9999739934241119,-1.4652449261675084e-10,0.9999738476161404,-1.420606487078613e-10,0.9999738476161389,0.9999738476161399,0.99997384761614,-1.5473831288796113e-10,0.9999738476161415,-1.386278741253992e-10,0.9999738476161395,-1.3441752003150269e-10,-1.459649488011585e-10,0.9999738476161415,-1.6501892629642672e-10,-1.4185135616882693e-10,0.9999738476161396,0.9999740686401506,0.9999738476161403,0.9999738476161412,0.9999739903163235,0.9999744294472277,-1.3441752029910021e-10,0.9999738476161395,0.9999740275782125,-1.5972361747585215e-10,0.9999738476161415,-1.4171297421048486e-10,0.9999743636640137,0.9999750448227978,0.9999738476161412,-1.3782084458402631e-10,0.999971957603127,-1.5972361740765785e-10,-1.375090477447429e-10,-1.4610846241022487e-10,0.9999738476161405,-1.347542907152473e-10,0.9999738476161405,0.9999738476161397,-1.3444919810986853e-10,-1.382140441134587e-10,-1.344175198759229e-10,-1.3438732357783472e-10,-1.4171297433459845e-10,-1.6502453756791245e-10,-1.378208446963732e-10,0.9999738476161397,0.9999738476161419,-1.3750904808793604e-10,-1.3441751991180844e-10,0.9999738476161396,-1.379945689406862e-10,-1.347542897231943e-10,0.9999744987999113,-1.4142408164586163e-10
0.9999727157878489,0.999973847616143,-1.5517118719952032e-10,-1.5035758183304884e-10,-1.343616718658329e-10,-1.459960680884214e-10,0.9999738476161385,0.9999744617475039,0.9999738476161393,0.9999704729618276,0.9999738476161399,0.9999739766062652,0.9999750941631943,0.9999738476161404,-1.3384603016885448e-10,-1.456141894282893e-10,-1.3441751951917483e-10,0.9999738476161387,0.9999738476161414,-1.4644241612909731e-10,-1.3424701312152964e-10,-1.4561418952419494e-10,0.9999739934241108,-1.4652449261916005e-10,0.9999738476161404,-1.4206064869316185e-10,0.9999738476161393,0.9999738476161405,0.9999738476161389,-1.5473831285501507e-10,0.9999738476161415,-1.386278740952949e-10,0.9999738476161397,-1.3441752000972274e-10,-1.459649488063641e-10,0.9999738476161405,-1.6501892630256243e-10,-1.418513562177953e-10,0.9999738476161396,0.99997406864015,0.9999738476161397,0.9999738476161412,0.9999739903163238,0.9999744294472266,-1.3441752027496182e-10,0.9999738476161397,0.999974027578213,-1.5972361742095762e-10,0.9999738476161419,-1.4171297423772022e-10,0.9999743636640137,0.9999750448227971,0.99997384761614,-1.3782084457589818e-10,0.999971957603126,-1.5972361735776423e-10,-1.3750904774627338e-10,-1.4610846240396718e-10,0.9999738476161405,-1.3475429071835676e-10,0.9999738476161407,0.9999738476161393,-1.3444919812779563e-10,-1.3821404409547664e-10,-1.3441751988499054e-10,-1.3438732353705254e-10,-1.417129743261975e-10,-1.6502453758842624e-10,-1.3782084470314606e-10,0.9999738476161397,0.9999738476161412,-1.3750904808233018e-10,-1.3441751988950506e-10,0.9999738476161396,-1.3799456894821519e-10,-1.3475428970691756e-10,0.999974498799911,-1.4142408164423097e-10
0.9999727157878527,0.9999738476161437,-1.5517118721325863e-10,-1.5035758183800053e-10,-1.3436167190339536e-10,-1.4599606808191176e-10,0.9999738476161408,0.9999744617475043,0.9999738476161412,0.9999738476161399,0.9999704729618241,0.9999739766062654,0.9999750941631959,0.9999738476161408,-1.33846030169294e-10,-1.456141894073831e-10,-1.344175194917795e-10,0.9999738476161385,0.9999738476161423,-1.4644241614568415e-10,-1.342470131214239e-10,-1.456141895386815e-10,0.999973993424112,-1.4652449263888234e-10,0.9999738476161408,-1.4206064867428014e-10,0.9999738476161392,0.9999738476161419,0.9999738476161397,-1.5473831286793e-10,0.999973847616143,-1.3862787410524515e-10,0.9999738476161412,-1.3441752003199194e-10,-1.459649488093925e-10,0.9999738476161408,-1.6501892637645577e-10,-1.4185135616882693e-10,0.99997384761614,0.9999740686401504,0.9999738476161405,0.9999738476161416,0.9999739903163235,0.9999744294472284,-1.3441752029948134e-10,0.9999738476161412,0.9999740275782139,-1.597236174363251e-10,0.9999738476161422,-1.4171297423503023e-10,0.9999743636640145,0.9999750448227983,0.9999738476161405,-1.378208445573992e-10,0.9999719576031266,-1.5972361737685274e-10,-1.3750904771311938e-10,-1.4610846240853748e-10,0.9999738476161416,-1.347542907257642e-10,0.9999738476161404,0.9999738476161415,-1.3444919813551165e-10,-1.3821404408877381e-10,-1.3441751988292432e-10,-1.343873235630541e-10,-1.4171297432884924e-10,-1.6502453757112108e-10,-1.3782084472165653e-10,0.9999738476161404,0.9999738476161416,-1.3750904810125427e-10,-1.344175199017984e-10,0.9999738476161415,-1.3799456894627315e-10,-1.3475428973561993e-10,0.9999744987999116,-1.4142408164274786e-10
0.9999728447784861,0.9999739766062689,-1.5517120711246753e-10,-1.503576011669185e-10,-1.3436168909754344e-10,-1.4599608683789507e-10,0.9999739766062652,0.9999745907377086,0.9999739766062652,0.9999739766062652,0.9999739766062654,0.9999707309420891,0.9999752231534805,0.9999739766062671,-1.3384604735229657e-10,-1.4561420809877428e-10,-1.3441753679606245e-10,0.9999739766062642,0.9999739766062663,-1.4644243497861286e-10,-1.3424703034678796e-10,-1.4561420824271152e-10,0.9999741224142557,-1.4652451152037105e-10,0.9999739766062664,-1.4206066695029407e-10,0.999973976606265,0.9999739766062661,0.9999739766062649,-1.547383327089209e-10,0.9999739766062676,-1.38627891857334e-10,0.9999739766062656,-1.3441753726679184e-10,-1.459649675776834e-10,0.9999739766062664,-3.2887354575693935e-07,-1.4185137437360198e-10,0.9999739766062661,0.9999741976303042,0.9999739766062667,0.9999739766062663,0.9999741193064666,0.9999745584374254,-1.344175375660127e-10,0.9999739766062657,0.9999741565683625,-1.5972363789313753e-10,0.9999739766062667,-1.41712992448346e-10,0.9999744926542069,0.9999751738130774,0.9999739766062654,-1.3782086224705097e-10,0.9999720865930075,-1.5972363783887223e-10,-1.375090654367534e-10,-2.911860426190978e-07,0.9999739766062665,-1.3475430801132514e-10,0.9999739766062673,0.999973976606265,-1.3444921538348812e-10,-1.3821406185506476e-10,-1.344175371786184e-10,-1.3438734084352325e-10,-1.4171299252876475e-10,-1.6502455860584398e-10,-1.378208624018802e-10,0.999973976606265,0.9999739766062667,-1.3750906577261802e-10,-1.344175371927877e-10,0.9999739766062663,-1.379945867094865e-10,-1.3475430707187335e-10,0.999974627790122,-1.4142409980127777e-10
0.9999739623398298,0.9999750941631993,-1.5517137963673905e-10,-2.996546347938403e-07,-1.3436183864114061e-10,-2.9096237068108434e-07,0.9999750941631946,0.9999757082953221,0.9999750941631954,0.9999750941631943,0.9999750941631959,0.9999752231534805,0.9999729660574799,0.9999750941631962,-1.3384619626685716e-10,-1.4561437013518776e-10,-1.3441768631624235e-10,0.9999750941631943,0.999975094163197,-2.9185191860721725e-07,-1.342471797363728e-10,-1.4561437027396856e-10,0.9999752399713484,-2.920154926839675e-07,0.9999750941631959,-1.4206082497937053e-10,0.999975094163195,0.9999750941631966,0.9999750941631946,-3.083851978661549e-07,0.9999750941631975,-1.386280461834087e-10,0.9999750941631959,-1.3441768682713781e-10,-1.459651298448252e-10,0.9999750941631964,-3.2887391164623813e-07,-1.4185153228965442e-10,0.9999750941631954,0.99997531518748,0.9999750941631962,0.999975094163197,0.9999752368635559,0.9999756759950054,-1.3441768711749193e-10,0.9999750941631964,0.999975274125492,-3.183206436598384e-07,0.9999750941631975,-2.824263932803969e-07,0.9999756102117124,0.9999762913713407,0.9999750941631962,-1.37821015593949e-10,0.9999732041478316,-3.183206435658551e-07,-1.3750921838752846e-10,-1.4610864373457614e-10,0.9999750941631973,-1.3475445801820053e-10,0.9999750941631972,0.9999750941631954,-1.3444936500314313e-10,-1.3821421574412386e-10,-1.3441768676202366e-10,-1.3438749045036309e-10,-2.8242639345796664e-07,-3.288850945810104e-07,-1.3782101571511542e-10,0.9999750941631962,0.9999750941631975,-1.375092187054742e-10,-1.3441768674458457e-10,0.9999750941631959,-1.3799474017766542e-10,-1.3475445698210558e-10,0.9999757453477761,-1.4142425708372423e-10
0.9999727157878491,0.9999738476161447,-1.5517118721871825e-10,-1.5035758183921537e-10,-1.3436167189601665e-10,-1.459960680842769e-10,0.9999738476161399,0.9999744617475063,0.9999738476161399,0.9999738476161404,0.9999738476161408,0.9999739766062671,0.9999750941631962,0.9999704729618261,-1.3384603016061534e-10,-1.4561418941136246e-10,-1.3441751951080805e-10,0.9999738476161404,0.9999738476161427,-1.4644241615857814e-10,-1.3424701315209412e-10,-1.4561418957421713e-10,0.9999739934241128,-1.4652449262230352e-10,0.9999738476161415,-1.420606486807027e-10,0.9999738476161407,0.9999738476161415,0.9999738476161404,-1.5473831284716148e-10,0.9999738476161427,-1.386278740991288e-10,0.9999738476161405,-1.3441752002196015e-10,-1.4596494882321753e-10,0.9999738476161408,-1.6501892629642672e-10,-1.418513561571556e-10,0.9999738476161412,0.9999740686401519,0.9999738476161426,0.9999738476161419,0.9999739903163243,0.9999744294472276,-1.344175202926664e-10,0.9999738476161405,0.9999740275782142,-1.5972361743247823e-10,0.9999738476161429,-1.417129742035261e-10,0.9999743636640156,0.9999750448227996,0.9999738476161408,-1.3782084456128727e-10,0.9999719576031266,-1.5972361737685274e-10,-1.3750904774911428e-10,-1.4610846237363317e-10,0.9999738476161418,-1.3475429074868477e-10,0.9999738476161427,0.9999738476161399,-1.34449198123428e-10,-1.3821404409017552e-10,-1.344175198960387e-10,-1.3438732355952035e-10,-1.41712974330034e-10,-1.6502453756912083e-10,-1.378208446990929e-10,0.9999738476161419,0.9999738476161419,-1.3750904806282035e-10,-1.3441751990516703e-10,0.9999738476161415,-1.3799456894654904e-10,-1.3475428971026746e-10,0.9999744987999117,-1.414240816394317e-10
-5.5584694413412575e-06,-1.338460301573975e-10,8.19914808794281e-14,7.944486933394392e-14,7.099817511195296e-14,7.714163101660497e-14,-1.338460301576156e-10,-1.338461106963868e-10,-1.3384603015820233e-10,-1.3384603016885448e-10,-1.33846030169294e-10,-1.3384604735229657e-10,-1.3384619626685716e-10,-1.3384603016061534e-10,-3.3746546092134456e-06,7.693234562353688e-14,3.552801376199031e-17,-1.338460301654539e-10,-1.3384603016500038e-10,7.738787284405738e-14,7.093774131347603e-14,7.693234568271128e-14,-1.338460495953286e-10,7.743386661683902e-14,-1.3384603016861312e-10,7.506864856617901e-14,-1.3384603016007395e-10,-1.3384603016089793e-10,-1.3384603016054214e-10,8.175065313438095e-14,-1.3384603016861312e-10,7.326644148217477e-14,-1.3384603015449537e-10,3.554856200841982e-17,7.712762512537946e-14,-1.3384603015277566e-10,8.718077231179207e-14,7.495263892638978e-14,-1.3384603016767013e-10,-1.338460596169434e-10,-1.3384603016727932e-10,-1.3384603016288562e-10,-1.3384604917994308e-10,-1.3384610770132342e-10,3.5636947288740146e-17,-1.3384603015853429e-10,-1.3384605412465857e-10,8.438356884079051e-14,-1.338460301671787e-10,7.48779875876274e-14,-1.3384609893526643e-10,-1.3384618967669366e-10,-1.3384603016711706e-10,7.282166488093417e-14,-2.6674716069807405e-07,8.438356881664542e-14,7.265030719403819e-14,7.72062287419611e-14,-1.3384603016769903e-10,3.5748571634160895e-17,-1.3384603016729692e-10,-1.3384603015917158e-10,3.570153308378099e-17,7.304612010001538e-14,3.5499537325840036e-17,3.557676309172854e-17,7.487798767102461e-14,8.718336002772988e-14,7.282166492153614e-14,-1.338460301637601e-10,-1.3384603016885448e-10,7.265030740408781e-14,3.560415208955778e-17,-1.3384603015853429e-10,7.291853857123208e-14,3.5687176315022326e-17,-1.338461169539117e-10,7.471838435086937e-14
-5.581922814383856e-06,-1.456141893995525e-10,8.919272424069595e-14,8.642240418535656e-14,7.723391594982028e-14,8.391689238241406e-14,-1.4561418939233157e-10,-2.902011241479549e-07,-1.4561418939951144e-10,-1.456141894282893e-10,-1.456141894073831e-10,-1.4561420809877428e-10,-1.4561437013518776e-10,-1.4561418941136246e-10,7.693234562353688e-14,-3.37465459855599e-06,7.727133942293317e-14,-1.456141894015652e-10,-1.4561418939749612e-10,8.418490010216188e-14,7.716817542606343e-14,8.368912514667507e-14,-1.4561421053772795e-10,8.4234968227347e-14,-1.4561418941018967e-10,8.166192733516296e-14,-1.456141894029314e-10,-1.4561418939226875e-10,-1.4561418940610242e-10,8.893058409557898e-14,-1.4561418942101413e-10,7.970158926929331e-14,-1.4561418938324036e-10,7.727133966855517e-14,8.390168779224939e-14,-1.4561418940832715e-10,9.483759869537462e-14,8.153565662747799e-14,-1.456141893995525e-10,-1.4561422154031192e-10,-1.4561418939941893e-10,-1.4561418939682538e-10,-1.456142100514189e-10,-1.4561427378586788e-10,7.727133982099818e-14,-1.4561418939951144e-10,-1.4561421550102067e-10,9.179472984473494e-14,-1.45614189387391e-10,8.145442772707155e-14,-2.902010958251841e-07,-2.902012926025295e-07,-1.456141893999457e-10,7.921750340384134e-14,-2.90200400679761e-07,9.179472981843226e-14,7.90310071467087e-14,8.398723231421554e-14,-1.456141893667824e-10,3.887756220982146e-17,-1.456141893667824e-10,-1.456141893667824e-10,7.728991932038041e-14,3.987512470245217e-17,7.727133974175954e-14,3.872635856369362e-17,8.145442781770044e-14,9.484040883267307e-14,7.921750344886293e-14,-1.456141894282893e-10,-1.45614189387391e-10,7.90310073754315e-14,7.727133960651386e-14,-1.4561418939226875e-10,7.932295285595728e-14,3.887756220982146e-17,-1.4561428378284952e-10,8.128071396485297e-14
-5.5596083919153976e-06,-1.344175194917795e-10,4.130247536427425e-17,4.0057454484289905e-17,7.131080643167475e-14,3.883392037673257e-17,-1.3441751949984811e-10,-1.3441760167894927e-10,-1.3441751951080805e-10,-1.3441751951917483e-10,-1.344175194917795e-10,-1.3441753679606245e-10,-1.3441768631624235e-10,-1.3441751951080805e-10,3.552801376199031e-17,7.727133942293317e-14,-3.374654606880636e-06,-1.344175195171045e-10,-1.3441751953171682e-10,3.8967407705217875e-17,3.5731748328455883e-17,7.727133948257227e-14,-1.3441753899833346e-10,3.89411660681296e-17,-1.3441751950598073e-10,7.539915946605016e-14,-1.344175195174972e-10,-1.3441751950629684e-10,-1.3441751953547938e-10,8.211092101364504e-14,-1.3441751951185317e-10,3.693753199579923e-17,-1.3441751952522808e-10,7.134520763720424e-14,3.8869813088717156e-17,-1.344175194961616e-10,8.75649951239918e-14,3.7794225234363596e-17,-1.3441751947619408e-10,-1.3441754905557213e-10,-1.3441751951783335e-10,-1.3441751953588876e-10,-1.3441753863723624e-10,-1.3441759743654665e-10,7.134520777725064e-14,-1.3441751951729335e-10,-1.344175436175952e-10,8.475545698033955e-14,-1.3441751952138573e-10,3.762439358277037e-17,-1.3441758856074743e-10,-1.3441767978217883e-10,-1.344175195281124e-10,3.6679129988983306e-17,-2.678861048869797e-07,8.475545695612424e-14,7.297043034934771e-14,3.8915077122817287e-17,-1.3441751949979928e-10,3.608182794681855e-17,-1.3441751952140612e-10,-1.3441751952447625e-10,7.136235136776885e-14,3.681919271066319e-17,7.134520770786014e-14,3.572415629301901e-17,3.7690439021625933e-17,8.756760147155473e-14,3.6686731475829456e-17,-1.3441751950334665e-10,-1.3441751951951286e-10,7.297043055990111e-14,7.134520758012385e-14,-1.3441751950018077e-10,3.667016252833225e-17,3.579623681906234e-17,-1.3441760670449428e-10,7.50476269590148e-14
0.9999727157878462,0.9999738476161424,-1.551711872222679e-10,-1.503575818384797e-10,-1.3436167189855172e-10,-1.459960680826239e-10,0.9999738476161385,0.9999744617475024,0.9999738476161393,0.9999738476161387,0.9999738476161385,0.9999739766062642,0.9999750941631943,0.9999738476161404,-1.338460301654539e-10,-1.456141894015652e-10,-1.344175195171045e-10,0.9999704729618254,0.9999738476161403,-1.4644241616277833e-10,-1.3424701312509763e-10,-1.4561418955892236e-10,0.9999739934241111,-1.4652449262165452e-10,0.9999738476161404,-1.420606486807027e-10,0.9999738476161382,0.9999738476161396,0.9999738476161377,-1.5473831283846727e-10,0.9999738476161405,-1.3862787410500685e-10,0.9999738476161396,-1.3441752002700246e-10,-1.4596494879833886e-10,0.9999738476161397,-1.6501892630933807e-10,-1.4185135616859046e-10,0.9999738476161389,0.999974068640149,0.9999738476161397,0.9999738476161397,0.9999739903163231,0.9999744294472266,-1.3441752028613718e-10,0.9999738476161396,0.9999740275782122,-1.5972361744411987e-10,0.9999738476161408,-1.4171297424043948e-10,0.9999743636640134,0.999975044822797,0.9999738476161385,-1.3782084453564085e-10,0.999971957603125,-1.5972361742244931e-10,-1.3750904774000518e-10,-1.4610846237727982e-10,0.9999738476161397,-1.347542907398902e-10,0.9999738476161412,0.9999738476161393,-1.3444919810587573e-10,-1.3821404409538803e-10,-1.344175198911308e-10,-1.3438732355182165e-10,-1.4171297434091496e-10,-1.6502453756676375e-10,-1.378208447054967e-10,0.9999738476161393,0.9999738476161404,-1.3750904808607044e-10,-1.3441751989742126e-10,0.9999738476161396,-1.3799456894713357e-10,-1.3475428976778205e-10,0.99997449879991,-1.4142408162123897e-10
0.9999727157878496,0.999973847616145,-1.551711871660032e-10,-1.5035758183796555e-10,-1.3436167187009128e-10,-1.4599606809632592e-10,0.9999738476161408,0.9999744617475063,0.9999738476161416,0.9999738476161414,0.9999738476161423,0.9999739766062663,0.999975094163197,0.9999738476161427,-1.3384603016500038e-10,-1.4561418939749612e-10,-1.3441751953171682e-10,0.9999738476161403,0.9999704729618341,-1.4644241612430373e-10,-1.3424701314196617e-10,-1.4561418954291732e-10,0.999973993424114,-1.4652449262441526e-10,0.999973847616143,-1.4206064870226337e-10,0.999973847616141,0.9999738476161427,0.9999738476161423,-1.5473831286793e-10,0.9999738476161438,-1.3862787409620257e-10,0.9999738476161422,-1.3441752003873705e-10,-1.4596494880116774e-10,0.999973847616143,-1.650189262841146e-10,-1.418513562483223e-10,0.9999738476161416,0.9999740686401514,0.999973847616143,0.999973847616143,0.9999739903163257,0.9999744294472299,-1.3441752029361533e-10,0.9999738476161423,0.9999740275782164,-1.5972361743688917e-10,0.9999738476161434,-1.4171297420659923e-10,0.9999743636640168,0.9999750448228004,0.9999738476161429,-1.3782084454307136e-10,0.9999719576031282,-1.5972361741275845e-10,-1.375090477537447e-10,-1.4610846241173298e-10,0.9999738476161432,-1.3475429076732033e-10,0.9999738476161435,0.9999738476161416,-1.3444919812417855e-10,-1.3821404409356164e-10,-1.3441751989847035e-10,-1.3438732354316143e-10,-1.4171297432844658e-10,-1.6502453758842624e-10,-1.3782084474002676e-10,0.9999738476161424,0.999973847616143,-1.3750904806282035e-10,-1.3441751992744432e-10,0.9999738476161423,-1.3799456894858995e-10,-1.3475428972545982e-10,0.9999744987999143,-1.4142408162983379e-10
-5.583573434811318e-06,-1.4644241614562074e-10,8.97207373913041e-14,8.693413251161115e-14,3.9047500584336563e-17,8.44137385401349e-14,-1.464424161522317e-10,-2.918517348346386e-07,-1.4644241613187214e-10,-1.4644241612909731e-10,-1.4644241614568415e-10,-1.4644243497861286e-10,-2.9185191860721725e-07,-1.4644241615857814e-10,7.738787284405738e-14,8.418490010216188e-14,3.8967407705217875e-17,-1.4644241616277833e-10,-1.4644241612430373e-10,-3.374654596846303e-06,7.762491676303523e-14,8.41849001671593e-14,-1.4644243739103867e-10,8.473321861861895e-14,-1.4644241615874644e-10,4.1303158837191525e-17,-1.4644241617433662e-10,-1.464424161461449e-10,-1.4644241614182333e-10,8.94574892509521e-14,-1.464424161461449e-10,3.956737498852922e-17,-1.46442416149394e-10,3.908313381685225e-17,8.439835663066894e-14,-1.4644241613187214e-10,9.539954876291746e-14,8.20183681697127e-14,-1.4644241616791995e-10,-1.4644244839801582e-10,-1.4644241615358072e-10,-1.4644241612671335e-10,-1.4644243688536116e-10,-1.4644250089069998e-10,3.899265533604097e-17,-1.4644241616267208e-10,-1.4644244238339078e-10,9.233863693098785e-14,-1.4644241612985356e-10,8.19367160383892e-14,-1.4644249136786194e-10,-2.9185190427289854e-07,-1.4644241615874644e-10,7.968653975242198e-14,-2.9185100714187146e-07,9.233863690460542e-14,7.949918318762889e-14,8.448430499547522e-14,-1.4644241615531718e-10,3.9119297062109775e-17,-1.464424161299817e-10,-1.464424161522317e-10,3.8963284580515864e-17,7.993176670549598e-14,3.901552172766018e-17,7.7712799459996e-14,8.193671612952875e-14,9.540238903041346e-14,7.968653979597123e-14,-1.4644241616946135e-10,-1.4644241613604705e-10,7.949918341696025e-14,3.896687970186459e-17,-1.4644241617433662e-10,7.979242720867099e-14,3.9266399417335795e-17,-1.4644251104283143e-10,8.176222977531595e-14
-5.559268582389875e-06,-1.3424701312170854e-10,8.22427185104471e-14,7.968833539724607e-14,7.121570396734096e-14,7.737802580034172e-14,-1.342470131507476e-10,-1.3424709513134616e-10,-1.342470131192644e-10,-1.3424701312152964e-10,-1.342470131214239e-10,-1.3424703034678796e-10,-1.342471797363728e-10,-1.3424701315209412e-10,7.093774131347603e-14,7.716817542606343e-14,3.5731748328455883e-17,-1.3424701312509763e-10,-1.3424701314196617e-10,7.762491676303523e-14,-3.3746546114843752e-06,7.716817548552716e-14,-1.3424703258587116e-10,3.9622269603681127e-17,-1.342470131352987e-10,7.529862604605244e-14,-1.342470131105348e-10,-1.3424701312028651e-10,-1.3424701312152964e-10,8.200127513312954e-14,-1.3424701312152964e-10,7.349077856258826e-14,-1.342470131361912e-10,3.575210470713624e-17,7.736395284430734e-14,-1.3424701312874725e-10,8.744805419175124e-14,7.518231574871645e-14,-1.3424701313597958e-10,-1.342470426394902e-10,-1.3424701314725084e-10,-1.3424701313597937e-10,-1.3424703221940412e-10,-1.3424709095187588e-10,3.57683185253211e-17,-1.3424701312152964e-10,-1.3424703717914537e-10,8.464227143039191e-14,-1.3424701313686133e-10,7.510745148467541e-14,-1.3424708204425583e-10,-1.342471731255262e-10,-1.342470131214239e-10,7.304482518295826e-14,-2.675462958142761e-07,8.464227140618752e-14,7.287300952852069e-14,7.744276908948675e-14,-1.3424701313729516e-10,3.584550796513357e-17,-1.3424701313102614e-10,-1.3424701313001863e-10,3.565290883074631e-17,7.32698002411314e-14,3.577948571820585e-17,3.574789327339698e-17,7.510745156825413e-14,8.745065357005029e-14,7.304482522334908e-14,-1.3424701313963057e-10,-1.3424701315814598e-10,7.287300973897796e-14,3.574072262603045e-17,-1.3424701312303738e-10,7.314194438723446e-14,3.583967160205624e-17,-1.3424710014617875e-10,7.494742966906422e-14
-5.581922811467857e-06,-1.4561418952965474e-10,8.919272430936874e-14,8.642240425183224e-14,7.723391600933602e-14,8.391689244698911e-14,-1.4561418956917048e-10,-2.902011244045099e-07,-1.4561418952965474e-10,-1.4561418952419494e-10,-1.456141895386815e-10,-1.4561420824271152e-10,-1.4561437027396856e-10,-1.4561418957421713e-10,7.693234568271128e-14,8.368912514667507e-14,7.727133948257227e-14,-1.4561418955892236e-10,-1.4561418954291732e-10,8.41849001671593e-14,7.716817548552716e-14,-3.37465459855599e-06,-1.456142106961819e-10,8.423496829243618e-14,-1.4561418952778717e-10,8.166192739813455e-14,-1.4561418953975855e-10,-1.4561418956946718e-10,-1.4561418954042288e-10,8.893058416380207e-14,-1.456141895235622e-10,7.970158933099781e-14,-1.4561418953452552e-10,7.72713397281942e-14,8.390168785685816e-14,-1.456141895235622e-10,9.483759876810327e-14,8.153565669024071e-14,-1.4561418956818792e-10,-1.4561422164806225e-10,-1.4561418953820942e-10,-1.4561418957421713e-10,-1.4561421026201304e-10,-1.4561427390414926e-10,7.727133988063727e-14,-1.4561418952920558e-10,-1.45614215636355e-10,9.179472991513797e-14,-1.456141895297237e-10,8.145442778973732e-14,-2.902010960817399e-07,-2.90201292859085e-07,-1.4561418952920558e-10,7.921750346479165e-14,-2.902004009363159e-07,9.17947298888352e-14,7.903100720737734e-14,8.39872323789488e-14,-1.4561418956364662e-10,3.887929662837621e-17,-1.4561418954042288e-10,-1.456141895386815e-10,7.728991938004157e-14,3.987598464892846e-17,7.727133980139867e-14,3.876240136632782e-17,8.145442788036628e-14,9.484040890539686e-14,7.921750350981322e-14,-1.4561418952778717e-10,-1.4561418956364662e-10,7.903100743609999e-14,7.727133966615294e-14,-1.45614189535164e-10,7.932295291709249e-14,3.886748284493129e-17,-1.4561428390320717e-10,8.128071402724093e-14
0.999972861596399,0.9999739934241146,-1.5517120969360517e-10,-1.5035760368968257e-10,-1.3436169137550923e-10,-1.4599608926188409e-10,0.9999739934241108,0.9999746075555654,0.9999739934241119,0.9999739934241108,0.999973993424112,0.9999741224142557,0.9999752399713484,0.9999739934241128,-1.338460495953286e-10,-1.4561421053772795e-10,-1.3441753899833346e-10,0.9999739934241111,0.999973993424114,-1.4644243739103867e-10,-1.3424703258587116e-10,-1.456142106961819e-10,0.9999707645777839,-1.4652451389121715e-10,0.9999739934241131,-1.4206066931991238e-10,0.9999739934241115,0.9999739934241123,0.9999739934241115,-1.5473833533214768e-10,0.9999739934241135,-1.3862789424467946e-10,0.9999739934241119,-1.3441753953058564e-10,-1.4596497002825734e-10,0.9999739934241126,-1.6501895023538664e-10,-2.8270187132334384e-07,0.9999739934241119,0.9999742144481538,0.9999739934241135,0.9999739934241134,0.999974136124316,0.9999745752552847,-1.344175398088856e-10,0.9999739934241126,0.9999741733862115,-1.5972364057296906e-10,0.9999739934241142,-1.4171299479205119e-10,0.9999745094720619,0.9999751906309449,0.9999739934241122,-1.3782086460792848e-10,0.9999721034108249,-1.597236405570205e-10,-1.3750906772579452e-10,-1.4610848363128138e-10,0.9999739934241126,-1.347543102811177e-10,0.9999739934241142,0.9999739934241119,-1.344492176534557e-10,-1.3821406416621677e-10,-1.3441753943768362e-10,-1.343873430893556e-10,-1.4171299493449143e-10,-1.6502456154402726e-10,-1.378208647072604e-10,0.999973993424112,0.9999739934241134,-1.3750906804413164e-10,-1.3441753944373067e-10,0.9999739934241126,-1.379945889721252e-10,-1.3475430933861375e-10,0.9999746446079782,-1.4142410220418045e-10
