1.0000000026175493,4.359645316585514e-06,0.9999970257131189,4.360672373821349e-06,4.287514158867859e-06,0.9999970321969387,4.2940357858844e-06,4.221905126403062e-06,4.282288866438892e-06,0.999997032196938,4.274102650983533e-06,0.9999970266513465,4.277233897199822e-06,4.287514158856676e-06,4.2881430430957436e-06,4.221905126366287e-06,4.275643843615953e-06,4.213826268996582e-06,4.287514159566088e-06,0.9999970369388809,4.2875141576332076e-06,0.9999970321969389,4.565312006516689e-06,4.2875141587231806e-06,4.277233896760082e-06,4.224740044275169e-06,4.22419928317023e-06,0.9999970321969394,0.999997064212156,4.277233896325781e-06,4.294035785396425e-06,0.9999970321969387,0.9999970321969383,4.440500573767421e-06,4.222532188232539e-06,4.224840629166603e-06,4.224740044286022e-06,0.9999970321969395,4.3532096842648054e-06,4.294035786360989e-06,0.9999970321969401,4.450051488221735e-06,0.999997042533827,4.224840629165832e-06,4.282288867748271e-06,0.9999970642121522,4.282288868059372e-06,4.287514158871109e-06
4.359645316585514e-06,3.847700804355078e-06,7.525064132389624e-07,5.583848388586098e-13,2.5668770743495537e-16,3.785220534795638e-10,2.6049772264702504e-16,2.348907638756121e-16,2.521273902359137e-16,3.785220534795638e-10,2.507163477239482e-16,3.7852205182984194e-10,2.518244855307011e-16,2.5668770743495537e-16,5.107456414964712e-13,2.347527487689517e-16,2.5099995131752614e-16,2.275765452456034e-16,2.5665851033914726e-16,7.525064133034944e-07,2.568173926173918e-16,3.785220534234654e-10,3.622110062336149e-16,2.5668770743495537e-16,2.5184069603575217e-16,4.708718024824293e-13,4.65252657127999e-13,3.785220534234654e-10,7.525064217093803e-07,2.5174890763350307e-16,2.6068724980483887e-16,3.785220534795638e-10,3.785220534795638e-10,3.1762169944336797e-16,2.3393202847898187e-16,4.654192453589133e-13,4.708718026988686e-13,3.785220534795638e-10,5.50942657168675e-13,2.6049656745581444e-16,3.785220534234654e-10,6.313981595129643e-13,3.785220496723132e-10,4.654192452952589e-13,2.520081150281617e-16,7.525064217093799e-07,2.5203153621337333e-16,2.5668770743495537e-16
0.9999970257131189,7.525064132389624e-07,0.999998066468872,7.535334569133684e-07,3.422389619433731e-10,0.9999942252534341,3.455194309946821e-10,3.0923660805845387e-10,3.396105644766774e-10,0.9999942252534335,3.354927948497919e-10,0.9999942197080194,3.3706785311274557e-10,3.4223896169595013e-10,3.425552890372438e-10,3.0923660778978116e-10,3.362680355130233e-10,3.051728361410536e-10,3.422389620435819e-10,0.9999942299958068,3.4223896194608887e-10,0.999994225253434,9.581733490237538e-07,3.422389617178729e-10,3.3706785331148864e-10,3.106626199539376e-10,3.1039059245364335e-10,0.9999942252534347,0.9999942572697271,3.3706785327506715e-10,3.45519430559392e-10,0.999994225253434,0.9999942252534345,4.1919354107311043e-10,3.095520229632007e-10,3.1071320379667515e-10,3.1066261992403093e-10,0.999994225253434,7.460707764554037e-07,3.4551943085657303e-10,0.999994225253435,4.2399777557589343e-10,0.9999942355910914,3.107132040171435e-10,3.396105643587437e-10,0.9999942572697271,3.396105642540624e-10,3.4223896205048873e-10
4.360672373821349e-06,5.583848388586098e-13,7.535334569133684e-07,3.847700778529978e-06,2.5699131268561766e-16,3.79038675254792e-10,2.638479063607907e-16,4.853000511583582e-13,2.4385336376446307e-16,3.7903867523072813e-10,2.490495034939206e-16,3.7903868101450236e-10,2.5032197933017676e-16,2.5699984746275237e-16,5.085829043443798e-13,4.853000510365223e-13,2.5019596105789377e-16,2.2512856329084216e-16,2.5715879294292947e-16,7.535334593531004e-07,2.570478979481865e-16,3.7903867531009797e-10,7.239871890296265e-13,2.5708872556447197e-16,2.5017434531984157e-16,2.4913496422432467e-16,4.718461810394577e-13,3.790386753010398e-10,7.535334747451267e-07,2.5029888613048525e-16,2.638479063607907e-16,3.790386753011893e-10,3.7903867523072813e-10,3.291577578729072e-16,4.771990040860737e-13,4.716835783848314e-13,2.490833239697942e-16,3.7903867530334963e-10,5.237549170740394e-13,2.638479063607907e-16,3.790386753010398e-10,6.300025507467294e-13,3.790386746061312e-10,4.716835783203342e-13,2.4385336253028446e-16,7.535334747451264e-07,2.4384328789681186e-16,2.5699984746275237e-16
4.287514158867859e-06,2.5668770743495537e-16,3.422389619433731e-10,2.5699131268561766e-16,3.8477007026653976e-06,3.422389644910155e-10,2.3474794467203867e-16,2.0993727965040615e-16,2.2981241765407276e-16,3.4223896451152254e-10,2.2640060115045057e-16,3.4223896093374915e-10,2.279014659998956e-16,4.615370798745528e-13,2.3257390537219916e-16,2.0993727965040615e-16,2.272116268733334e-16,2.0648814417155873e-16,4.615370805634229e-13,3.422389614272182e-10,4.615370801686405e-13,3.4223896443627237e-10,3.2657329830562084e-16,4.615370801434282e-13,2.2823433804671844e-16,2.1085906069334463e-16,2.1087073798468065e-16,3.422389645453014e-10,6.803752001078571e-07,2.2823433804671844e-16,2.3470887544610126e-16,3.4223896449445677e-10,3.4223896443627237e-10,2.840940682306755e-16,2.1008937805867257e-16,2.1112191075105568e-16,2.1080266707575083e-16,3.422389645453014e-10,2.5404452081795834e-16,2.347088754375309e-16,3.4223896449445677e-10,2.873725241967756e-16,6.803751918995725e-07,2.1108951536007323e-16,2.2981241765407276e-16,6.803752001078564e-07,2.2994781657086396e-16,4.615370802546231e-13
0.9999970321969387,3.785220534795638e-10,0.9999942252534341,3.79038675254792e-10,3.422389644910155e-10,0.9999980794364617,3.4551943245612765e-10,3.0923660699732187e-10,3.3961057007338367e-10,0.9999942317372298,3.354927981052451e-10,0.9999942261918121,3.370678565402566e-10,3.4223896421049347e-10,3.4255529199700685e-10,3.0923660686099387e-10,3.3626803868733553e-10,3.051728395709011e-10,3.422389646497798e-10,0.9999942364796075,3.422389645814372e-10,0.9999942317372309,4.819756154397583e-10,3.422389642927456e-10,3.3706785687048394e-10,3.1066261804309853e-10,3.1039059358668563e-10,0.9999942317372321,0.9999942637535283,3.370678567206826e-10,3.455194319637526e-10,0.9999942317372312,0.9999942317372312,4.1919354001525727e-10,3.0955202298972654e-10,3.107132052016922e-10,3.1066261787183244e-10,0.9999942317372302,3.7528483515344867e-10,3.455194324047828e-10,0.999994231737231,4.239977794535381e-10,0.9999942420748908,3.107132051558654e-10,3.396105698918513e-10,0.9999942637535281,3.3961056986377306e-10,3.4223896451111334e-10
4.2940357858844e-06,2.6049772264702504e-16,3.455194309946821e-10,2.638479063607907e-16,2.3474794467203867e-16,3.4551943245612765e-10,3.84770071115875e-06,4.153690593547148e-13,4.68295554552175e-13,3.455194322927984e-10,2.2988553683919626e-16,3.4551942634517035e-10,2.314731101647658e-16,2.347333865188955e-16,2.35579506807026e-16,4.15369059237104e-13,2.305955760811714e-16,2.0960749267842523e-16,2.3460219339249697e-16,3.455194309063474e-10,2.3474794467203867e-16,3.4551943239604813e-10,3.2952436313009583e-16,2.345327001480551e-16,2.314731101647658e-16,2.086813355722718e-16,4.2128209236350433e-13,3.4551943239604813e-10,6.868968126708194e-07,2.314731101647658e-16,4.693690029636257e-13,3.4551943237064484e-10,3.455194324125997e-10,2.830999671992727e-16,4.182214766577148e-13,2.120931638147606e-16,2.086894321041437e-16,3.455194322931307e-10,2.6218394468945567e-16,4.693690033111151e-13,3.455194324125997e-10,2.909012793906081e-16,6.868968016641859e-07,2.1201335497373123e-16,4.682955544490129e-13,6.868968126708191e-07,4.682955542409441e-13,2.346021933906869e-16
4.221905126403062e-06,2.348907638756121e-16,3.0923660805845387e-10,4.853000511583582e-13,2.0993727965040615e-16,3.0923660699732187e-10,4.153690593547148e-13,3.847700594748803e-06,2.1655956540542157e-16,3.0923660699732187e-10,2.0670670818149443e-16,3.0923659636102425e-10,2.0809769715002998e-16,2.1014303403816255e-16,2.1158949127616787e-16,3.58967415137304e-13,2.0663672523825556e-16,1.8889234353630243e-16,2.1005648156773508e-16,3.092366061146167e-10,2.099871917343667e-16,3.092366070159446e-10,2.932880679565953e-16,2.1007152413838475e-16,2.0832602916936166e-16,1.783181812397013e-16,3.7245889917862417e-13,3.092366071531875e-10,6.147661113258904e-07,2.0790855606291e-16,4.1536905899184977e-13,3.0923660699691324e-10,3.092366070159446e-10,2.450835939306524e-16,3.661317059777404e-13,1.8727541040515903e-16,1.7819508058263064e-16,3.092366071531875e-10,2.437720529886183e-16,4.1536905928332446e-13,3.092366071531875e-10,2.6080349028870853e-16,3.092365991494315e-10,1.8745628448106447e-16,2.1601524280500693e-16,6.147661113258903e-07,2.1601524280500693e-16,2.1007152413838475e-16
4.282288866438892e-06,2.521273902359137e-16,3.396105644766774e-10,2.4385336376446307e-16,2.2981241765407276e-16,3.3961057007338367e-10,4.68295554552175e-13,2.1655956540542157e-16,3.8477006762101835e-06,3.396105698412437e-10,2.2304679213378013e-16,3.396105727505403e-10,2.2374595009038273e-16,2.2987143246656286e-16,2.2922504166871917e-16,2.1601524280500693e-16,2.2398624602856374e-16,2.0195178119566068e-16,2.2981241765407276e-16,3.3961056426239675e-10,2.299321277035418e-16,3.39610569920053e-10,3.2530574846424863e-16,2.2981241765407276e-16,2.24489618649386e-16,2.2036691113588696e-16,2.1191455349120626e-16,3.39610570102974e-10,6.751499190057754e-07,2.2374595009038273e-16,4.682955541610125e-13,3.3961057006967604e-10,3.39610570102974e-10,2.9181971277813887e-16,2.1357598551911063e-16,2.1164372509696867e-16,2.2044786756882183e-16,3.3961057006967604e-10,2.390193155507388e-16,4.682955544720975e-13,3.3961057006967604e-10,2.8381963635520817e-16,6.751499156052586e-07,2.1161572829791962e-16,4.3752587031118243e-13,6.751499190057755e-07,4.375258701128414e-13,2.2981241765407276e-16
0.999997032196938,3.785220534795638e-10,0.9999942252534335,3.7903867523072813e-10,3.4223896451152254e-10,0.9999942317372298,3.455194322927984e-10,3.0923660699732187e-10,3.396105698412437e-10,0.9999980794364609,3.354927982689623e-10,0.9999942261918114,3.370678566447725e-10,3.4223896430209597e-10,3.4255529199700685e-10,3.0923660693173063e-10,3.3626803868733553e-10,3.051728397276267e-10,3.4223896465718543e-10,0.9999942364796056,3.42238964405125e-10,0.9999942317372302,4.819756153030216e-10,3.4223896426777527e-10,3.3706785687048394e-10,3.1066261778434025e-10,3.1039059361447316e-10,0.9999942317372312,0.9999942637535277,3.3706785660885286e-10,3.455194321624495e-10,0.9999942317372302,0.9999942317372302,4.1919354007217123e-10,3.095520229461242e-10,3.107132052016922e-10,3.1066261787183244e-10,0.9999942317372291,3.7528483517419555e-10,3.455194323151572e-10,0.9999942317372307,4.239977793935213e-10,0.99999424207489,3.1071320514607933e-10,3.3961056977990645e-10,0.9999942637535271,3.3961056988258723e-10,3.4223896451111334e-10
4.274102650983533e-06,2.507163477239482e-16,3.354927948497919e-10,2.490495034939206e-16,2.2640060115045057e-16,3.354927981052451e-10,2.2988553683919626e-16,2.0670670818149443e-16,2.2304679213378013e-16,3.354927982689623e-10,3.847700677722584e-06,3.3549279497732904e-10,2.222614954264367e-16,2.263815630777146e-16,2.2722901302722234e-16,2.0669552859693638e-16,4.408641459029082e-13,2.005436655530425e-16,2.2640060119081875e-16,3.3549279250221475e-10,2.2640060119081875e-16,3.354927982689623e-10,3.195643878125885e-16,2.2640060115045057e-16,2.224704722647446e-16,2.0775365920204025e-16,4.105806504784556e-13,3.354927981131458e-10,6.669637311623505e-07,2.224704722647446e-16,2.300162415072659e-16,3.354927980793734e-10,3.354927982689623e-10,2.788102477516652e-16,2.060214437128987e-16,2.0632824547047365e-16,2.0797310766959273e-16,3.354927982689623e-10,2.459687913005493e-16,2.300162415072659e-16,3.354927979550126e-10,2.806134348717923e-16,6.669637269397761e-07,2.0619974162545297e-16,2.2304679213378013e-16,6.669637311623499e-07,2.2304679213378013e-16,2.2640060119081875e-16
0.9999970266513465,3.7852205182984194e-10,0.9999942197080194,3.7903868101450236e-10,3.4223896093374915e-10,0.9999942261918121,3.4551942634517035e-10,3.0923659636102425e-10,3.396105727505403e-10,0.9999942261918114,3.3549279497732904e-10,0.999998068345625,3.370678536892914e-10,3.4223896069917826e-10,3.4255528955992664e-10,3.0923659624624064e-10,3.3626803512394516e-10,3.0517283746933767e-10,3.422389610708408e-10,0.9999942309341774,3.42238960965178e-10,0.9999942261918121,9.581733407408854e-07,3.422389606554553e-10,3.3706785375412503e-10,3.106626044981254e-10,3.1039058784817576e-10,0.9999942261918133,0.9999942582080771,3.3706785374868595e-10,3.455194257553787e-10,0.9999942261918119,0.9999942261918121,8.333618016736713e-07,3.095520151377221e-10,3.107131995748941e-10,3.1066260456715015e-10,0.9999942261918114,3.752848425719833e-10,3.455194262882336e-10,0.9999942261918121,8.42912707044706e-07,0.9999942365294433,3.107131995302286e-10,3.3961057283908775e-10,0.999994258208076,3.396105726429816e-10,3.4223896104656154e-10
4.277233897199822e-06,2.518244855307011e-16,3.3706785311274557e-10,2.5032197933017676e-16,2.279014659998956e-16,3.370678565402566e-10,2.314731101647658e-16,2.0809769715002998e-16,2.2374595009038273e-16,3.370678566447725e-10,2.222614954264367e-16,3.370678536892914e-10,3.847700685056824e-06,2.2827421476784523e-16,2.2820609041143827e-16,2.0795132676960724e-16,2.227198336185647e-16,2.015703414267639e-16,2.279014659998956e-16,3.370678512870943e-10,2.2823433804671844e-16,3.3706785655291953e-10,3.209257407028145e-16,2.2780885794997277e-16,4.444084368777504e-13,2.0968064074503167e-16,2.0776972921419652e-16,3.370678566390848e-10,6.700949683961898e-07,4.444084368055431e-13,2.3132433143880053e-16,3.370678564418211e-10,3.370678567081434e-10,2.811502962232374e-16,2.0738151780509018e-16,2.0763848331909283e-16,2.0944721100745332e-16,3.370678566447725e-10,2.4680760832277926e-16,2.3132433143880053e-16,3.370678566734525e-10,2.821905765615389e-16,6.70094963476112e-07,2.0784003388907695e-16,2.24017630029991e-16,6.700949683961894e-07,2.2395367297260184e-16,2.282221204752164e-16
4.287514158856676e-06,2.5668770743495537e-16,3.4223896169595013e-10,2.5699984746275237e-16,4.615370798745528e-13,3.4223896421049347e-10,2.347333865188955e-16,2.1014303403816255e-16,2.2987143246656286e-16,3.4223896430209597e-10,2.263815630777146e-16,3.4223896069917826e-10,2.2827421476784523e-16,3.8477007026653976e-06,2.3250136366599773e-16,2.1017830648994992e-16,2.2743346226204854e-16,2.06488144669035e-16,4.61537080006804e-13,3.4223896113882873e-10,4.615370796120206e-13,3.4223896429795226e-10,3.266758440170953e-16,4.615370795868085e-13,2.279014659998956e-16,2.1080288736103842e-16,2.1091847955753767e-16,3.4223896445038195e-10,6.803751996421217e-07,2.277609005100676e-16,2.3474794467203867e-16,3.422389643429518e-10,3.422389643429518e-10,2.840940682306755e-16,2.1008937805867257e-16,2.1108951536007323e-16,2.1092106209053545e-16,3.4223896430209597e-10,2.542321437254994e-16,2.3470887544610126e-16,3.4223896429795226e-10,2.8736912028958717e-16,6.80375191433838e-07,2.1101538463326884e-16,2.2994781657086396e-16,6.803751996421214e-07,2.299514467312996e-16,4.615370796980038e-13
4.2881430430957436e-06,5.107456414964712e-13,3.425552890372438e-10,5.085829043443798e-13,2.3257390537219916e-16,3.4255529199700685e-10,2.35579506807026e-16,2.1158949127616787e-16,2.2922504166871917e-16,3.4255529199700685e-10,2.2722901302722234e-16,3.4255528955992664e-10,2.2820609041143827e-16,2.3250136366599773e-16,3.847700705204104e-06,2.115894734194248e-16,2.279207961041539e-16,2.0631467308916036e-16,2.3257390537219916e-16,6.810040582709675e-07,2.3255554339630094e-16,3.42555292006513e-10,6.512870340410869e-13,2.3250136366599773e-16,2.2820609041143827e-16,4.2353312173536773e-13,2.1120098160607801e-16,3.42555291930243e-10,6.810040668027842e-07,2.282578034352311e-16,2.355892463053533e-16,3.425552920009408e-10,3.425552920009408e-10,2.8622112576696557e-16,2.112311308216733e-16,4.2083103780899783e-13,4.2353312193206627e-13,3.425552919454759e-10,5.024563219827391e-13,2.355857326316059e-16,3.42555292001787e-10,5.721985290979964e-13,3.4255528925157547e-10,4.2083103774865757e-13,2.291300197775231e-16,6.810040668027841e-07,2.2946671368417386e-16,2.32579410756849e-16
4.221905126366287e-06,2.347527487689517e-16,3.0923660778978116e-10,4.853000510365223e-13,2.0993727965040615e-16,3.0923660686099387e-10,4.15369059237104e-13,3.58967415137304e-13,2.1601524280500693e-16,3.0923660693173063e-10,2.0669552859693638e-16,3.0923659624624064e-10,2.0795132676960724e-16,2.1017830648994992e-16,2.115894734194248e-16,3.847700594748803e-06,2.0662674677801868e-16,1.8925513602782788e-16,2.0986764521322122e-16,3.092366059871158e-10,2.1005648156773508e-16,3.0923660693173063e-10,2.9314963664902207e-16,2.1014303403816255e-16,2.0794599573493658e-16,1.7815319653003028e-16,3.724588990792641e-13,3.092366068548159e-10,6.147661109243666e-07,2.0794599573493658e-16,4.1536905887423896e-13,3.0923660693173063e-10,3.092366068548159e-10,2.450835939306524e-16,3.661317058829274e-13,1.8727541040515903e-16,1.7835610110942155e-16,3.092366068548159e-10,2.437712886869221e-16,4.1536905916571375e-13,3.092366069267675e-10,2.608832704367063e-16,3.0923659920740165e-10,1.8745628448106447e-16,2.1665527916464742e-16,6.147661109243659e-07,2.1665527916469633e-16,2.1014303403816255e-16
4.275643843615953e-06,2.5099995131752614e-16,3.362680355130233e-10,2.5019596105789377e-16,2.272116268733334e-16,3.3626803868733553e-10,2.305955760811714e-16,2.0663672523825556e-16,2.2398624602856374e-16,3.3626803868733553e-10,4.408641459029082e-13,3.3626803512394516e-10,2.227198336185647e-16,2.2743346226204854e-16,2.279207961041539e-16,2.0662674677801868e-16,3.8477006811685094e-06,2.019996100197149e-16,2.2743346226204854e-16,3.362680332182751e-10,2.275136305043144e-16,3.36268038581081e-10,3.2030245327455807e-16,2.272116268733334e-16,2.226543536167453e-16,2.079300998296325e-16,4.113233008897299e-13,3.36268038581081e-10,6.685049190662669e-07,2.226543536167453e-16,2.3052076270750213e-16,3.36268038581081e-10,3.36268038581081e-10,2.7958162486396577e-16,4.1069560156564665e-13,2.0689204468680622e-16,2.079300998296325e-16,3.36268038445139e-10,2.474254150297751e-16,2.3052076270750213e-16,3.362680385867059e-10,2.813750276450776e-16,6.685049143899452e-07,2.0694316272901696e-16,2.2414285762080814e-16,6.685049190662669e-07,2.2414285762080814e-16,2.272116268733334e-16
4.213826268996582e-06,2.275765452456034e-16,3.051728361410536e-10,2.2512856329084216e-16,2.0648814417155873e-16,3.051728395709011e-10,2.0960749267842523e-16,1.8889234353630243e-16,2.0195178119566068e-16,3.051728397276267e-10,2.005436655530425e-16,3.0517283746933767e-10,2.015703414267639e-16,2.06488144669035e-16,2.0631467308916036e-16,1.8925513602782788e-16,2.019996100197149e-16,3.8477006046438565e-06,2.063815588613409e-16,3.0517283401994706e-10,2.0648814417155873e-16,3.0517283971459583e-10,2.907449045494806e-16,2.06488144669035e-16,2.021977741140848e-16,1.9085292850198896e-16,1.8817636496172513e-16,3.0517283971459583e-10,6.0668728752798e-07,2.021977741140848e-16,2.09607492678556e-16,3.051728397276267e-10,3.051728397276267e-10,2.5479205906040406e-16,1.8820284956734119e-16,1.8852409501915873e-16,1.90852928501989e-16,3.0517283971459583e-10,2.2160977017292426e-16,2.097826843350059e-16,3.0517283978523266e-10,2.5465777553775237e-16,3.0517283243658936e-10,1.8852409501915873e-16,2.0195178119566068e-16,6.0668728752798e-07,2.0195178119566068e-16,2.0646082565120158e-16
4.287514159566088e-06,2.5665851033914726e-16,3.422389620435819e-10,2.5715879294292947e-16,4.615370805634229e-13,3.422389646497798e-10,2.3460219339249697e-16,2.1005648156773508e-16,2.2981241765407276e-16,3.4223896465718543e-10,2.2640060119081875e-16,3.422389610708408e-10,2.279014659998956e-16,4.61537080006804e-13,2.3257390537219916e-16,2.0986764521322122e-16,2.2743346226204854e-16,2.063815588613409e-16,3.8477007026653976e-06,3.4223896156747704e-10,4.615370803008911e-13,3.4223896471190777e-10,3.266758440170953e-16,4.615370802756792e-13,2.279014659998956e-16,2.1097418226740563e-16,2.1076839335203583e-16,3.4223896470576585e-10,6.803752005980527e-07,2.281658625513858e-16,2.3470887544610126e-16,3.422389647143286e-10,3.4223896471190777e-10,2.843211939278475e-16,2.1008937805867257e-16,2.1101538463326884e-16,2.109210873342458e-16,3.422389646497798e-10,2.5403679333621047e-16,2.347088754375309e-16,3.4223896470576585e-10,2.8736912028958717e-16,6.803751923897684e-07,2.10942964586311e-16,2.2987143246656286e-16,6.803752005980518e-07,2.299514467312996e-16,4.615370803868744e-13
0.9999970369388809,7.525064133034944e-07,0.9999942299958068,7.535334593531004e-07,3.422389614272182e-10,0.9999942364796075,3.455194309063474e-10,3.092366061146167e-10,3.3961056426239675e-10,0.9999942364796056,3.3549279250221475e-10,0.9999942309341774,3.370678512870943e-10,3.4223896113882873e-10,6.810040582709675e-07,3.092366059871158e-10,3.362680332182751e-10,3.0517283401994706e-10,3.4223896156747704e-10,0.9999980889212128,3.422389613241708e-10,0.9999942364796075,9.581733448445914e-07,3.422389611896329e-10,3.3706785148053004e-10,3.1066261750703447e-10,3.103905920233199e-10,0.9999942364796066,0.9999942684958256,3.3706785126953643e-10,3.455194304778777e-10,0.9999942364796058,0.9999942364796066,8.333618238383744e-07,3.095520215236881e-10,3.107132031850681e-10,3.1066261772941215e-10,0.9999942364796052,7.460707783299564e-07,3.455194309304202e-10,0.9999942364796066,8.429127053712967e-07,0.9999942468172108,3.1071320337263155e-10,3.3961056399409953e-10,0.9999942684958254,3.39610563841018e-10,3.422389615217807e-10
4.2875141576332076e-06,2.568173926173918e-16,3.4223896194608887e-10,2.570478979481865e-16,4.615370801686405e-13,3.422389645814372e-10,2.3474794467203867e-16,2.099871917343667e-16,2.299321277035418e-16,3.42238964405125e-10,2.2640060119081875e-16,3.42238960965178e-10,2.2823433804671844e-16,4.615370796120206e-13,2.3255554339630094e-16,2.1005648156773508e-16,2.275136305043144e-16,2.0648814417155873e-16,4.615370803008911e-13,3.422389613241708e-10,3.8477007026653976e-06,3.422389645814372e-10,3.2659848193097254e-16,4.615370798808965e-13,2.2780885794997277e-16,2.109210873342458e-16,2.1091847955753767e-16,3.422389645753917e-10,6.803752002285129e-07,2.2823433804671844e-16,2.347333865188955e-16,3.4223896450640607e-10,3.42238964405125e-10,2.840940682306755e-16,2.101945125459699e-16,2.109656238923207e-16,2.1080591261404122e-16,3.4223896459420845e-10,2.542321437254994e-16,2.347333865188955e-16,3.422389645753917e-10,2.874007835766031e-16,6.80375192020229e-07,2.1108951536007323e-16,2.2987143246656286e-16,6.803752002285126e-07,2.299321277035418e-16,4.615370799920915e-13
0.9999970321969389,3.785220534234654e-10,0.999994225253434,3.7903867531009797e-10,3.4223896443627237e-10,0.9999942317372309,3.4551943239604813e-10,3.092366070159446e-10,3.39610569920053e-10,0.9999942317372302,3.354927982689623e-10,0.9999942261918121,3.3706785655291953e-10,3.4223896429795226e-10,3.42555292006513e-10,3.0923660693173063e-10,3.36268038581081e-10,3.0517283971459583e-10,3.4223896471190777e-10,0.9999942364796075,3.422389645814372e-10,0.9999980794364642,4.819756154397583e-10,3.4223896434065954e-10,3.3706785676854784e-10,3.1066261779999066e-10,3.1039059364779117e-10,0.9999942317372328,0.9999942637535294,3.3706785695575494e-10,3.455194320090873e-10,0.9999942317372312,0.9999942317372312,4.1919354007217123e-10,3.0955202298972654e-10,3.1071320524655655e-10,3.1066261803592294e-10,0.999994231737231,3.752848350764889e-10,3.455194323151572e-10,0.9999942317372319,4.2399777956102876e-10,0.9999942420748908,3.107132052802091e-10,3.396105697748711e-10,0.9999942637535281,3.396105698031398e-10,3.422389646207615e-10
4.565312006516689e-06,3.622110062336149e-16,9.581733490237538e-07,7.239871890296265e-13,3.2657329830562084e-16,4.819756154397583e-10,3.2952436313009583e-16,2.932880679565953e-16,3.2530574846424863e-16,4.819756153030216e-10,3.195643878125885e-16,9.581733407408854e-07,3.209257407028145e-16,3.266758440170953e-16,6.512870340410869e-13,2.9314963664902207e-16,3.2030245327455807e-16,2.907449045494806e-16,3.266758440170953e-16,9.581733448445914e-07,3.2659848193097254e-16,4.819756154397583e-10,3.8477011517991655e-06,3.266369833647196e-16,3.212863990343445e-16,2.9372374662034144e-16,2.958766782654721e-16,4.819756154953738e-10,9.581733469167404e-07,3.2114025637270325e-16,3.2964110502075613e-16,4.819756154953738e-10,4.819756154658946e-10,7.886876455893081e-13,2.944474931323881e-16,2.960445650515544e-16,2.9372374662034144e-16,4.819756155041272e-10,7.171395676289433e-13,3.2977120197757634e-16,4.819756154754648e-10,8.04015704841446e-13,9.581733361721622e-07,2.960445650515544e-16,3.2530574846424863e-16,9.581733469167404e-07,3.2530574846424863e-16,3.2657329830562084e-16
4.2875141587231806e-06,2.5668770743495537e-16,3.422389617178729e-10,2.5708872556447197e-16,4.615370801434282e-13,3.422389642927456e-10,2.345327001480551e-16,2.1007152413838475e-16,2.2981241765407276e-16,3.4223896426777527e-10,2.2640060115045057e-16,3.422389606554553e-10,2.2780885794997277e-16,4.615370795868085e-13,2.3250136366599773e-16,2.1014303403816255e-16,2.272116268733334e-16,2.06488144669035e-16,4.615370802756792e-13,3.422389611896329e-10,4.615370798808965e-13,3.4223896434065954e-10,3.266369833647196e-16,3.8477007026653976e-06,2.279014659998956e-16,2.1085906069334463e-16,2.1091847955753767e-16,3.4223896444320264e-10,6.80375199906669e-07,2.281658625513858e-16,2.347333865188955e-16,3.4223896426856026e-10,3.4223896444320264e-10,2.843211939278475e-16,2.1001914382193212e-16,2.1101538463326884e-16,2.1080266707575083e-16,3.4223896444320264e-10,2.540445208185995e-16,2.3461441149905594e-16,3.4223896434065954e-10,2.8728668836837846e-16,6.803751916983854e-07,2.1101538463326884e-16,2.2981241765407276e-16,6.803751999066686e-07,2.2994781657086396e-16,4.615370799668793e-13
4.277233896760082e-06,2.5184069603575217e-16,3.3706785331148864e-10,2.5017434531984157e-16,2.2823433804671844e-16,3.3706785687048394e-10,2.314731101647658e-16,2.0832602916936166e-16,2.24489618649386e-16,3.3706785687048394e-10,2.224704722647446e-16,3.3706785375412503e-10,4.444084368777504e-13,2.279014659998956e-16,2.2820609041143827e-16,2.0794599573493658e-16,2.226543536167453e-16,2.021977741140848e-16,2.279014659998956e-16,3.3706785148053004e-10,2.2780885794997277e-16,3.3706785676854784e-10,3.212863990343445e-16,2.279014659998956e-16,3.847700685056824e-06,2.0944721100745332e-16,2.0776027886012303e-16,3.3706785687887894e-10,6.700949688343796e-07,4.444084370321105e-13,2.314731101647658e-16,3.3706785676854784e-10,3.3706785676854784e-10,2.80946368475312e-16,2.0738151780509018e-16,2.07840033888936e-16,2.0924186721120306e-16,3.3706785676854784e-10,2.4691160603325767e-16,2.3138130389259946e-16,3.3706785687887894e-10,2.821905765615391e-16,6.700949639143015e-07,2.0784003388907695e-16,2.2395367297260184e-16,6.700949688343793e-07,2.2374595009038273e-16,2.281658625680273e-16
4.224740044275169e-06,4.708718024824293e-13,3.106626199539376e-10,2.4913496422432467e-16,2.1085906069334463e-16,3.1066261804309853e-10,2.086813355722718e-16,1.783181812397013e-16,2.2036691113588696e-16,3.1066261778434025e-10,2.0775365920204025e-16,3.106626044981254e-10,2.0968064074503167e-16,2.1080288736103842e-16,4.2353312173536773e-13,1.7815319653003028e-16,2.079300998296325e-16,1.9085292850198896e-16,2.1097418226740563e-16,3.1066261750703447e-10,2.109210873342458e-16,3.1066261779999066e-10,2.9372374662034144e-16,2.1085906069334463e-16,2.0944721100745332e-16,3.847700589648385e-06,1.8706483739433762e-16,3.1066261804309853e-10,6.176010362047495e-07,2.0924186721120306e-16,2.0862992463390594e-16,3.1066261778434025e-10,3.1066261779999066e-10,2.4197562552755146e-16,1.8303636707824723e-16,3.726419943624873e-13,3.474293461534105e-13,3.1066261792642605e-10,2.495600078105188e-16,2.086894321041437e-16,3.1066261792642605e-10,2.6239948244406954e-16,3.1066260848974107e-10,3.7264199431381154e-13,2.2036691113588696e-16,6.176010362047491e-07,2.2010150399539423e-16,2.1080266707575083e-16
4.22419928317023e-06,4.65252657127999e-13,3.1039059245364335e-10,4.718461810394577e-13,2.1087073798468065e-16,3.1039059358668563e-10,4.2128209236350433e-13,3.7245889917862417e-13,2.1191455349120626e-16,3.1039059361447316e-10,4.105806504784556e-13,3.1039058784817576e-10,2.0776972921419652e-16,2.1091847955753767e-16,2.1120098160607801e-16,3.724588990792641e-13,4.113233008897299e-13,1.8817636496172513e-16,2.1076839335203583e-16,3.103905920233199e-10,2.1091847955753767e-16,3.1039059364779117e-10,2.958766782654721e-16,2.1091847955753767e-16,2.0776027886012303e-16,1.8706483739433762e-16,3.847700613343319e-06,3.1039059364779117e-10,6.170602545556229e-07,2.0775146934746023e-16,4.2128209199018243e-13,3.1039059356037627e-10,3.1039059367520316e-10,2.535145231065708e-16,3.7519609453998457e-13,1.9052614167268609e-16,1.8709839909282472e-16,3.1039059363795677e-10,4.68475524748745e-13,4.2128209229398137e-13,3.1039059367520316e-10,2.6111705910223046e-16,3.1039058906877035e-10,1.9053121660285654e-16,2.1182597295533384e-16,6.170602545556224e-07,2.118640821748503e-16,2.1086382760316182e-16
0.9999970321969394,3.785220534234654e-10,0.9999942252534347,3.790386753010398e-10,3.422389645453014e-10,0.9999942317372321,3.4551943239604813e-10,3.092366071531875e-10,3.39610570102974e-10,0.9999942317372312,3.354927981131458e-10,0.9999942261918133,3.370678566390848e-10,3.4223896445038195e-10,3.42555291930243e-10,3.092366068548159e-10,3.36268038581081e-10,3.0517283971459583e-10,3.4223896470576585e-10,0.9999942364796066,3.422389645753917e-10,0.9999942317372328,4.819756154953738e-10,3.4223896444320264e-10,3.3706785687887894e-10,3.1066261804309853e-10,3.1039059364779117e-10,0.9999980794364657,0.9999942637535287,3.3706785673288307e-10,3.4551943205870237e-10,0.999994231737231,0.9999942317372328,4.1919354007217123e-10,3.095520231082814e-10,3.107132052016922e-10,3.1066261787183244e-10,0.9999942317372312,3.7528483518307673e-10,3.455194323151572e-10,0.9999942317372319,4.239977793935213e-10,0.9999942420748918,3.107132051410266e-10,3.396105697956798e-10,0.9999942637535283,3.396105698031398e-10,3.422389645708808e-10
0.999997064212156,7.525064217093803e-07,0.9999942572697271,7.535334747451267e-07,6.803752001078571e-07,0.9999942637535283,6.868968126708194e-07,6.147661113258904e-07,6.751499190057754e-07,0.9999942637535277,6.669637311623505e-07,0.9999942582080771,6.700949683961898e-07,6.803751996421217e-07,6.810040668027842e-07,6.147661109243666e-07,6.685049190662669e-07,6.0668728752798e-07,6.803752005980527e-07,0.9999942684958256,6.803752002285129e-07,0.9999942637535294,9.581733469167404e-07,6.80375199906669e-07,6.700949688343796e-07,6.176010362047495e-07,6.170602545556229e-07,0.9999942637535287,0.9999981434689497,6.700949686204954e-07,6.868968118751269e-07,0.9999942637535273,0.9999942637535292,8.33361814839829e-07,6.153931640089429e-07,6.17701609001744e-07,6.176010363373997e-07,0.9999942637535277,7.460707935997341e-07,6.868968127016418e-07,0.9999942637535281,8.429127099950913e-07,0.9999942740910481,6.177016089284827e-07,6.751499186639051e-07,0.9999942957696332,6.751499183908247e-07,6.803752003528067e-07
4.277233896325781e-06,2.5174890763350307e-16,3.3706785327506715e-10,2.5029888613048525e-16,2.2823433804671844e-16,3.370678567206826e-10,2.314731101647658e-16,2.0790855606291e-16,2.2374595009038273e-16,3.3706785660885286e-10,2.224704722647446e-16,3.3706785374868595e-10,4.444084368055431e-13,2.277609005100676e-16,2.282578034352311e-16,2.0794599573493658e-16,2.226543536167453e-16,2.021977741140848e-16,2.281658625513858e-16,3.3706785126953643e-10,2.2823433804671844e-16,3.3706785695575494e-10,3.2114025637270325e-16,2.281658625513858e-16,4.444084370321105e-13,2.0924186721120306e-16,2.0775146934746023e-16,3.3706785673288307e-10,6.700949686204954e-07,3.847700685056824e-06,2.3132433143880053e-16,3.370678567008636e-10,3.3706785681849197e-10,2.8091007312410913e-16,2.075742070338392e-16,2.0784003388907695e-16,2.0977597254047082e-16,3.370678566088561e-10,2.4691160603325767e-16,2.3138130389259946e-16,3.370678567008636e-10,2.8232231728276033e-16,6.700949637004176e-07,2.0784003388907695e-16,2.2430036709024765e-16,6.700949686204953e-07,2.2374595009038273e-16,2.2823433804671844e-16
4.294035785396425e-06,2.6068724980483887e-16,3.45519430559392e-10,2.638479063607907e-16,2.3470887544610126e-16,3.455194319637526e-10,4.693690029636257e-13,4.1536905899184977e-13,4.682955541610125e-13,3.455194321624495e-10,2.300162415072659e-16,3.455194257553787e-10,2.3132433143880053e-16,2.3474794467203867e-16,2.355892463053533e-16,4.1536905887423896e-13,2.3052076270750213e-16,2.09607492678556e-16,2.3470887544610126e-16,3.455194304778777e-10,2.347333865188955e-16,3.455194320090873e-10,3.2964110502075613e-16,2.347333865188955e-16,2.314731101647658e-16,2.0862992463390594e-16,4.2128209199018243e-13,3.4551943205870237e-10,6.868968118751269e-07,2.3132433143880053e-16,3.84770071115875e-06,3.4551943197463404e-10,3.4551943205870237e-10,2.830999671992727e-16,4.1822147628998645e-13,2.120931638147606e-16,2.085801101257142e-16,3.4551943191992157e-10,2.6220528129618957e-16,4.693690028881053e-13,3.4551943205870237e-10,2.9076716163767357e-16,6.868968008684933e-07,2.120931638147606e-16,4.682955540578503e-13,6.868968118751267e-07,4.68295553849782e-13,2.3478940052319373e-16
0.9999970321969387,3.785220534795638e-10,0.999994225253434,3.790386753011893e-10,3.4223896449445677e-10,0.9999942317372312,3.4551943237064484e-10,3.0923660699691324e-10,3.3961057006967604e-10,0.9999942317372302,3.354927980793734e-10,0.9999942261918119,3.370678564418211e-10,3.422389643429518e-10,3.425552920009408e-10,3.0923660693173063e-10,3.36268038581081e-10,3.051728397276267e-10,3.422389647143286e-10,0.9999942364796058,3.4223896450640607e-10,0.9999942317372312,4.819756154953738e-10,3.4223896426856026e-10,3.3706785676854784e-10,3.1066261778434025e-10,3.1039059356037627e-10,0.999994231737231,0.9999942637535273,3.370678567008636e-10,3.4551943197463404e-10,0.9999980794364628,0.9999942317372312,4.1919353996477087e-10,3.095520229461242e-10,3.1071320524655655e-10,3.1066261817156816e-10,0.9999942317372307,3.7528483514277396e-10,3.455194325443507e-10,0.9999942317372302,4.239977794672912e-10,0.9999942420748895,3.107132051410266e-10,3.396105697748711e-10,0.9999942637535266,3.396105696214393e-10,3.4223896451111334e-10
0.9999970321969383,3.785220534795638e-10,0.9999942252534345,3.7903867523072813e-10,3.4223896443627237e-10,0.9999942317372312,3.455194324125997e-10,3.092366070159446e-10,3.39610570102974e-10,0.9999942317372302,3.354927982689623e-10,0.9999942261918121,3.370678567081434e-10,3.422389643429518e-10,3.425552920009408e-10,3.092366068548159e-10,3.36268038581081e-10,3.051728397276267e-10,3.4223896471190777e-10,0.9999942364796066,3.42238964405125e-10,0.9999942317372312,4.819756154658946e-10,3.4223896444320264e-10,3.3706785676854784e-10,3.1066261779999066e-10,3.1039059367520316e-10,0.9999942317372328,0.9999942637535292,3.3706785681849197e-10,3.4551943205870237e-10,0.9999942317372312,0.9999980794364638,4.191935398968058e-10,3.095520231082814e-10,3.1071320524655655e-10,3.1066261792706277e-10,0.9999942317372321,3.75284835178765e-10,3.455194324047828e-10,0.9999942317372323,4.239977795610287e-10,0.9999942420748908,3.1071320514607933e-10,3.396105698918513e-10,0.9999942637535281,3.396105697995203e-10,3.422389644641408e-10
4.440500573767421e-06,3.1762169944336797e-16,4.1919354107311043e-10,3.291577578729072e-16,2.840940682306755e-16,4.1919354001525727e-10,2.830999671992727e-16,2.450835939306524e-16,2.9181971277813887e-16,4.1919354007217123e-10,2.788102477516652e-16,8.333618016736713e-07,2.811502962232374e-16,2.840940682306755e-16,2.8622112576696557e-16,2.450835939306524e-16,2.7958162486396577e-16,2.5479205906040406e-16,2.843211939278475e-16,8.333618238383744e-07,2.840940682306755e-16,4.1919354007217123e-10,7.886876455893081e-13,2.843211939278475e-16,2.80946368475312e-16,2.4197562552755146e-16,2.535145231065708e-16,4.1919354007217123e-10,8.33361814839829e-07,2.8091007312410913e-16,2.830999671992727e-16,4.1919353996477087e-10,4.191935398968058e-10,3.847700898477693e-06,2.4973995215060197e-16,2.5418734848874813e-16,2.419756123248808e-16,4.1919354003128255e-10,3.2797247451709947e-16,2.830999671992727e-16,4.191935399082329e-10,7.007770050678149e-13,8.333618030342307e-07,2.5418353950305646e-16,2.9181971277813887e-16,8.333618148398286e-07,2.916133647989483e-16,2.8410460221963645e-16
4.222532188232539e-06,2.3393202847898187e-16,3.095520229632007e-10,4.771990040860737e-13,2.1008937805867257e-16,3.0955202298972654e-10,4.182214766577148e-13,3.661317059777404e-13,2.1357598551911063e-16,3.095520229461242e-10,2.060214437128987e-16,3.095520151377221e-10,2.0738151780509018e-16,2.1008937805867257e-16,2.112311308216733e-16,3.661317058829274e-13,4.1069560156564665e-13,1.8820284956734119e-16,2.1008937805867257e-16,3.095520215236881e-10,2.101945125459699e-16,3.0955202298972654e-10,2.944474931323881e-16,2.1001914382193212e-16,2.0738151780509018e-16,1.8303636707824723e-16,3.7519609453998457e-13,3.095520231082814e-10,6.153931640089429e-07,2.075742070338392e-16,4.1822147628998645e-13,3.095520229461242e-10,3.095520231082814e-10,2.4973995215060197e-16,3.847700611859139e-06,1.8883750189516181e-16,1.8304773055658458e-16,3.095520231082814e-10,4.751525531178849e-13,4.182214765872993e-13,3.095520229612449e-10,2.611182197939998e-16,3.095520164582035e-10,1.8879924974849208e-16,2.13385341777908e-16,6.15393164008943e-07,2.1324746502891947e-16,2.1010160979812767e-16
4.224840629166603e-06,4.654192453589133e-13,3.1071320379667515e-10,4.716835783848314e-13,2.1112191075105568e-16,3.107132052016922e-10,2.120931638147606e-16,1.8727541040515903e-16,2.1164372509696867e-16,3.107132052016922e-10,2.0632824547047365e-16,3.107131995748941e-10,2.0763848331909283e-16,2.1108951536007323e-16,4.2083103780899783e-13,1.8727541040515903e-16,2.0689204468680622e-16,1.8852409501915873e-16,2.1101538463326884e-16,3.107132031850681e-10,2.109656238923207e-16,3.1071320524655655e-10,2.960445650515544e-16,2.1101538463326884e-16,2.07840033888936e-16,3.726419943624873e-13,1.9052614167268609e-16,3.107132052016922e-10,6.17701609001744e-07,2.0784003388907695e-16,2.120931638147606e-16,3.1071320524655655e-10,3.1071320524655655e-10,2.5418734848874813e-16,1.8883750189516181e-16,3.847700619526426e-06,3.7264199453996663e-13,3.1071320527383976e-10,4.681980727413046e-13,2.1202631852660116e-16,3.107132052016922e-10,2.61253999320384e-16,3.107132000085967e-10,3.787463183857872e-13,2.1158932692644058e-16,6.17701609001744e-07,2.1158932692644058e-16,2.109656238923207e-16
4.224740044286022e-06,4.708718026988686e-13,3.1066261992403093e-10,2.490833239697942e-16,2.1080266707575083e-16,3.1066261787183244e-10,2.086894321041437e-16,1.7819508058263064e-16,2.2044786756882183e-16,3.1066261787183244e-10,2.0797310766959273e-16,3.1066260456715015e-10,2.0944721100745332e-16,2.1092106209053545e-16,4.2353312193206627e-13,1.7835610110942155e-16,2.079300998296325e-16,1.90852928501989e-16,2.109210873342458e-16,3.1066261772941215e-10,2.1080591261404122e-16,3.1066261803592294e-10,2.9372374662034144e-16,2.1080266707575083e-16,2.0924186721120306e-16,3.474293461534105e-13,1.8709839909282472e-16,3.1066261787183244e-10,6.176010363373997e-07,2.0977597254047082e-16,2.085801101257142e-16,3.1066261817156816e-10,3.1066261792706277e-10,2.419756123248808e-16,1.8304773055658458e-16,3.7264199453996663e-13,3.847700589648385e-06,3.106626180345507e-10,2.49633060435114e-16,2.0874225409620685e-16,3.1066261817156816e-10,2.622527438409501e-16,3.10662608539219e-10,3.7264199449129096e-13,2.2020905374200266e-16,6.17601036337399e-07,2.2044786756882183e-16,2.1085906069334463e-16
