0.9999999859864398,0.42190059873958397,-4.60038514299237e-06,0.5781409384492912,-3.0705681494198394e-06,0.5781392126141207,-3.308103748652195e-06,1.0000372926174257,-3.424703596672416e-06,0.4219009828528805,0.578142921474349,-5.70239714297674e-06,0.5781417431512721,-3.8241677837953846e-06,-3.0706777769260636e-06,-3.7632514541654856e-06,0.4218945595306602,-3.2013870752506e-06,-3.6320611429593053e-06,1.0000388041281043,-3.070677773762787e-06,0.42190009595914924,-5.754046790747926e-06,0.5781369581037594,-8.712241269274315e-06,-6.050611662801611e-06,0.4218962113218761,-3.3222254765401506e-06,-7.575822860207614e-06,1.0000377454078533,0.42190098285288186,-5.908179543129517e-06,-4.600385142880498e-06,-8.712241270299562e-06,0.5781368945419828
0.42190059873958397,0.42190536699683406,-2.261794564115223e-10,2.771219998811351e-06,-2.8798904701520966e-10,5.079677415283911e-10,-3.7282341499591954e-10,0.42191948796553685,-3.8361872885841847e-10,0.4219216486217667,2.707745993109534e-06,-1.2179862052374577e-09,6.234513180461916e-10,-5.236052834893477e-10,-2.9537323725253556e-10,-3.8483007412358676e-10,0.42191889491785584,-3.2431988827479024e-10,-4.770624780264278e-10,0.4219203067920944,-2.953732371976384e-10,0.4219207915022428,-1.2338182006357067e-09,4.4705542062081696e-10,-1.2872910482058954e-09,-1.172477549318088e-09,0.42191678147843126,-3.778375621105242e-10,-1.5258485442675053e-06,0.4219199245595151,0.4219216486217663,-2.9301078756605307e-06,-2.2617945631962829e-10,-1.28729104766273e-09,4.5551486933429455e-10
-4.60038514299237e-06,-2.261794564115223e-10,-1.4839836972269052e-05,-1.0364413048050314e-09,9.752622924834171e-16,-2.0555943219561184e-06,1.2234088795953192e-15,-2.5041682456729893e-06,1.3551780721060555e-15,-2.2617821376016785e-10,-1.036445173798937e-09,3.438994018778639e-15,-1.0364444925289804e-09,1.7840671639888294e-15,9.376211096785942e-16,1.9768438883058e-15,-2.261693523224846e-10,1.1333584059136917e-15,1.5128476833579726e-15,-1.2626150114068883e-09,9.377231341280153e-16,-2.261776797527023e-10,3.5228829682219154e-15,-2.0555859937067996e-06,8.581540178700978e-15,4.132619485637049e-15,-2.2617558790957169e-10,1.1338365390660547e-15,1.5511978576417483e-11,-2.5041691105422435e-06,-2.2617821395416006e-10,2.8162939470245353e-15,7.595824013176704e-12,8.581238801183298e-15,-2.055585587718822e-06
0.5781409384492912,2.771219998811351e-06,-1.0364413048050314e-09,0.5781514972009982,-2.032561952213504e-10,0.5781663748814806,-2.3819397492884945e-10,0.5781662571691881,-2.861916285745367e-10,8.639907980218102e-10,0.5781683836306546,-6.003019987828079e-10,0.5781686764923709,-3.4762616267087896e-10,-1.9592733498386283e-10,-4.5568536085876233e-10,-9.863973191937699e-10,-2.3288792342702654e-10,-2.9730348226049714e-10,0.5781669499236801,-1.959273351471971e-10,8.489569415848458e-10,-6.10513166934202e-10,0.5781642410777487,-4.0631199191339405e-06,-8.21389894202454e-10,9.120824930400262e-10,-2.40300594942071e-10,-1.9935799187600936e-09,0.5781662733872864,8.639907982653849e-10,-4.4467715525464424e-10,-1.0364413042138266e-09,-4.063119918930213e-06,0.5781641607354816
-3.0705681494198394e-06,-2.8798904701520966e-10,9.752622924834171e-16,-2.032561952213504e-10,-1.4839843597925629e-05,-2.0325472095001782e-10,6.576835562533388e-16,-9.742900281841977e-07,1.3248460081122177e-12,-2.8798965695240657e-10,-2.032568659226923e-10,2.085584285713608e-15,-2.032557218780126e-10,9.553905826858708e-16,9.548381929914362e-13,7.982333404586629e-16,-2.879858791173676e-10,5.70317316570587e-16,8.17793455542932e-16,-4.912423881043811e-10,9.548381932315326e-13,-2.879890305418933e-10,2.135813131144105e-15,-2.0325387301803655e-10,3.144375620805972e-15,2.148707937295819e-15,-5.711690936719537e-07,1.1662007533147248e-12,2.369942113859007e-15,-4.912417507410721e-10,-2.8798965693637555e-10,4.10941151431221e-12,9.751404275252357e-16,3.1442139240922404e-15,-2.0325382793038694e-10
0.5781392126141207,5.079677415283911e-10,-2.0555943219561184e-06,0.5781663748814806,-2.0325472095001782e-10,0.5781515728845531,-2.3819221686277716e-10,0.5781645312643451,-2.861896754612825e-10,-2.5306641704830694e-11,0.5781684214707586,-6.002965700337909e-10,0.5781687143369433,-3.4762375579184543e-10,-1.9592578477411781e-10,-4.5568342220490954e-10,-3.7200985172582237e-06,-2.3288632490697643e-10,-2.9730117148201844e-10,0.5781652240169097,-1.9592578505780305e-10,-4.0338670552296037e-11,-6.105077417678603e-10,0.5781642789220082,-2.0486372490167362e-09,-8.213845246798927e-10,2.2795297011165188e-11,-2.4029854531157057e-10,-3.953903676599926e-06,0.5781645474811452,-2.5306641837677606e-11,-4.4466976584760434e-10,-2.0555943219127757e-06,-2.048637248699615e-09,0.5781641985794045
-3.308103748652195e-06,-3.7282341499591954e-10,1.2234088795953192e-15,-2.3819397492884945e-10,6.576835562533388e-16,-2.3819221686277716e-10,-1.483984287326186e-05,-1.2118351775149912e-06,8.906911144145172e-16,-3.7282425998783457e-10,-2.3819478931132537e-10,2.6735126990913674e-15,-2.3819343180246813e-10,2.424139798859616e-12,6.559381789052276e-16,1.0393277922427989e-15,-3.7281987421427326e-10,1.4935605256812164e-12,1.0756334703760252e-15,-6.110138964348023e-10,6.558481919239552e-16,-3.7282346178643696e-10,2.7238493493453046e-15,-2.3819118317483724e-10,3.956560333214892e-15,2.7560114116955115e-15,-7.39421686828798e-07,8.174488164336574e-16,2.973647238831567e-15,-6.110131635556082e-10,-3.728242596174469e-10,2.8457930664743513e-15,1.2235443728835863e-15,3.956560333214892e-15,-2.3819114321796553e-10
1.0000372926174257,0.42191948796553685,-2.5041682456729893e-06,0.5781662571691881,-9.742900281841977e-07,0.5781645312643451,-1.2118351775149912e-06,1.0000645641503427,-1.3284395414610602e-06,0.4219198720934257,0.5781682402739916,-3.6062239541904238e-06,0.578167061903298,-1.7279198031302565e-06,-9.743996069429791e-07,-1.6670009990533692e-06,0.421913448513023,-1.1051142084370738e-06,-1.5358053872247777e-06,1.0000809155640338,-9.743996084184362e-07,0.4219189851644013,-3.657875737178327e-06,0.5781622766632886,-6.6161884137815815e-06,-3.9544523437884916e-06,0.4219151003724117,-1.225957193324138e-06,-5.479724772381383e-06,1.0000798568010039,0.42191987209342585,-3.8120135503851102e-06,-2.504168245313774e-06,-6.616188413056047e-06,0.578162213098837
-3.424703596672416e-06,-3.8361872885841847e-10,1.3551780721060555e-15,-2.861916285745367e-10,1.3248460081122177e-12,-2.861896754612825e-10,8.906911144145172e-16,-1.3284395414610602e-06,-1.4839842766358932e-05,-3.8361950744769974e-10,-2.8619259332054925e-10,2.810402945646148e-15,-2.8619108835836765e-10,1.2896887867691128e-15,1.3034472796302724e-12,1.0913080671233151e-15,-3.836144266334554e-10,7.759160950768775e-16,1.1094994422662367e-15,-1.3284422890904862e-06,1.3034472800211147e-12,-3.8361867512151294e-10,2.8766341277579437e-15,-2.861884717421362e-10,4.296725532720415e-15,2.9081067945136614e-15,-7.608315968671739e-07,1.5959107095059136e-12,3.2661492470581197e-15,-6.698056465151398e-10,-3.8361950744769974e-10,5.567068427186022e-12,1.3551137817006143e-15,4.296691860854074e-15,-2.861884092413703e-10
0.4219009828528805,0.4219216486217667,-2.2617821376016785e-10,8.639907980218102e-10,-2.8798965695240657e-10,-2.5306641704830694e-11,-3.7282425998783457e-10,0.4219198720934257,-3.8361950744769974e-10,0.42190825057166054,8.31985112152743e-10,-1.2179893189912434e-09,9.017547005754693e-11,-5.236064414885554e-10,-2.9537388017863493e-10,-3.84830541279365e-10,0.42192033670521234,-3.2432057244534594e-10,-4.770635641043458e-10,0.421920690922125,-2.9537388031863173e-10,0.4219222332897869,-1.2338213610689668e-09,-8.621744366291061e-11,-1.287291588778026e-09,-1.1724800635703743e-09,0.42191822325195405,-3.7783839438832894e-10,-7.693385320565638e-10,0.42192030868910063,0.4219230904122432,-1.477377785397626e-09,-2.261782136936425e-10,-1.2872915889304506e-09,-7.775793030470411e-11
0.578142921474349,2.707745993109534e-06,-1.036445173798937e-09,0.5781683836306546,-2.032568659226923e-10,0.5781684214707586,-2.3819478931132537e-10,0.5781682402739916,-2.8619259332054925e-10,8.31985112152743e-10,0.5781555903854037,-6.0030402953247e-10,0.5781707230888019,-3.476273953354529e-10,-1.9592796891254175e-10,-4.556869562131842e-10,-1.0184100953931984e-09,-2.32888703829002e-10,-2.9730448530042023e-10,0.5781689330304501,-1.9592796957459863e-10,8.16951230151348e-10,-6.105152454720375e-10,0.5781662876604275,-2.048650796201186e-09,-8.213927538927432e-10,8.800765486974887e-10,-2.4030135526441715e-10,-1.9935871646763673e-09,0.5781682564919634,8.319851127998793e-10,-4.4467834119708845e-10,-1.036445174222482e-09,-2.048650795822897e-09,0.5781662073179443
-5.70239714297674e-06,-1.2179862052374577e-09,3.438994018778639e-15,-6.003019987828079e-10,2.085584285713608e-15,-6.002965700337909e-10,2.6735126990913674e-15,-3.6062239541904238e-06,2.810402945646148e-15,-1.2179893189912434e-09,-6.0030402953247e-10,-1.4839827948339725e-05,-6.002997813586254e-10,3.793778257235334e-15,2.10106643165132e-15,3.179660777037336e-15,-2.4156405516300888e-06,4.694386075633834e-12,3.3882986490901792e-15,-3.606230796683096e-06,2.1011231219132065e-15,-1.2179867454330255e-09,1.6884532992967207e-11,-6.002938752059472e-10,1.1743003555698074e-14,8.548695042791837e-15,-2.415636573388309e-06,2.646968339557278e-15,8.594750664131761e-15,-3.6062267729161877e-06,-1.2179893189383136e-09,9.3549088879672e-15,3.438994018778639e-15,1.1743167750951909e-14,-6.002938042010407e-10
0.5781417431512721,6.234513180461916e-10,-1.0364444925289804e-09,0.5781686764923709,-2.032557218780126e-10,0.5781687143369433,-2.3819343180246813e-10,0.578167061903298,-2.8619108835836765e-10,9.017547005754693e-11,0.5781707230888019,-6.002997813586254e-10,0.5781561761155847,-3.476255553730924e-10,-1.9592675556475274e-10,-4.556855461510669e-10,-3.491077823757929e-06,-2.328874715218303e-10,-2.9730269023712677e-10,0.5781677546584152,-1.9592675609849007e-10,7.514309916122413e-11,-6.105110080743852e-10,0.578166580525558,-2.048646688026437e-09,-8.213886600275466e-10,1.3827532734961986e-10,-2.4029973945711166e-10,-1.99358485995236e-09,0.5781670781201789,9.017547047838153e-11,-4.44672325535308e-10,-1.0364444930492325e-09,-2.0486466881931918e-09,0.5781665001827665
-3.8241677837953846e-06,-5.236052834893477e-10,1.7840671639888294e-15,-3.4762616267087896e-10,9.553905826858708e-16,-3.4762375579184543e-10,2.424139798859616e-12,-1.7279198031302565e-06,1.2896887867691128e-15,-5.236064414885554e-10,-3.476273953354529e-10,3.793778257235334e-15,-3.476255553730924e-10,-1.4839841122943341e-05,1.897655562197862e-12,1.5025857782596843e-15,-5.236003914619819e-10,2.155056868146297e-12,1.5438670616783295e-15,-1.7279231035622557e-06,1.897655561882185e-12,-5.236053265277039e-10,3.8577230380590465e-15,-3.4762221219431067e-10,5.6721236690087565e-15,3.9280494801887426e-15,-1.0384679772654234e-06,1.1998304076776106e-15,4.29981459921723e-15,-8.712255187408348e-10,-5.236064410248679e-10,4.125739805343127e-15,1.7840810363290095e-15,5.6723949650383155e-15,-3.476221588588237e-10
-3.0706777769260636e-06,-2.9537323725253556e-10,9.376211096785942e-16,-1.9592733498386283e-10,9.548381929914362e-13,-1.9592578477411781e-10,6.559381789052276e-16,-9.743996069429791e-07,1.3034472796302724e-12,-2.9537388017863493e-10,-1.9592796891254175e-10,2.10106643165132e-15,-1.9592675556475274e-10,1.897655562197862e-12,-1.4839843633120776e-05,7.840673360787377e-16,-2.953700088532053e-10,5.639046943837706e-16,8.122683165417921e-16,-4.912976751650941e-10,9.335014089184772e-13,-2.953732367920827e-10,2.1556262201047786e-15,-1.959249692109278e-10,3.110372599964683e-15,2.1510467961801094e-15,-5.858141184118909e-07,1.1318508837805202e-12,2.3167179396284985e-15,-4.912970221017878e-10,-2.9537388017863493e-10,4.063451296827746e-12,9.376211096785942e-16,3.1102808892368062e-15,-1.9592492071220479e-10
-3.7632514541654856e-06,-3.8483007412358676e-10,1.9768438883058e-15,-4.5568536085876233e-10,7.982333404586629e-16,-4.5568342220490954e-10,1.0393277922427989e-15,-1.6670009990533692e-06,1.0913080671233151e-15,-3.84830541279365e-10,-4.556869562131842e-10,3.179660777037336e-15,-4.556855461510669e-10,1.5025857782596843e-15,7.840673360787377e-16,-1.4839841849338373e-05,-3.8482440495192266e-10,9.225333523125454e-16,2.570503450438545e-12,-8.405109364584469e-10,7.839812025008477e-16,-3.848296995265347e-10,3.2494022459549957e-15,-4.5568155844070777e-10,5.525090712778479e-15,6.762403762286889e-12,-7.632335755071427e-07,1.9096696374488684e-12,4.4624611482902956e-15,-1.667002044894993e-06,-3.8483054116805986e-10,6.17154379260936e-12,1.9771128101902127e-15,5.525079280389927e-15,-9.037632618534677e-07
0.4218945595306602,0.42191889491785584,-2.261693523224846e-10,-9.863973191937699e-10,-2.879858791173676e-10,-3.7200985172582237e-06,-3.7281987421427326e-10,0.421913448513023,-3.836144266334554e-10,0.42192033670521234,-1.0184100953931984e-09,-2.4156405516300888e-06,-3.491077823757929e-06,-5.236003914619819e-10,-2.953700088532053e-10,-3.8482440495192266e-10,0.4219027431917531,-3.2431642478250834e-10,-4.77057877409516e-10,0.4219142673330336,-2.9537000890525213e-10,0.421919479588522,-2.447040536914968e-06,-3.84088839513601e-06,-2.553068943123494e-06,-2.3253783918979386e-06,0.42191546957324705,-3.7783337407702517e-10,-7.693194575829888e-10,0.4219138851061932,0.42192033670521223,-1.4773626479585488e-09,-2.261693524045764e-10,-2.553068942601688e-06,-3.8241102877167645e-06
-3.2013870752506e-06,-3.2431988827479024e-10,1.1333584059136917e-15,-2.3288792342702654e-10,5.70317316570587e-16,-2.3288632490697643e-10,1.4935605256812164e-12,-1.1051142084370738e-06,7.759160950768775e-16,-3.2432057244534594e-10,-2.32888703829002e-10,4.694386075633834e-12,-2.328874715218303e-10,2.155056868146297e-12,5.639046943837706e-16,9.225333523125454e-16,-3.2431642478250834e-10,-1.4839843261562863e-05,9.418447054795368e-16,-5.572046242151782e-10,5.637694441864001e-16,-3.2431987125244876e-10,2.4179976051286173e-15,-2.3288534790182414e-10,3.5948419150100086e-15,2.448902775176067e-15,-6.43224233713291e-07,6.954191803755917e-16,2.727627629109837e-15,-5.572039280720257e-10,-3.2432057278173543e-10,2.4172238010759325e-15,1.1331552422412587e-15,3.59520775735864e-15,-2.328853025878328e-10
-3.6320611429593053e-06,-4.770624780264278e-10,1.5128476833579726e-15,-2.9730348226049714e-10,8.17793455542932e-16,-2.9730117148201844e-10,1.0756334703760252e-15,-1.5358053872247777e-06,1.1094994422662367e-15,-4.770635641043458e-10,-2.9730448530042023e-10,3.3882986490901792e-15,-2.9730269023712677e-10,1.5438670616783295e-15,8.122683165417921e-16,2.570503450438545e-12,-4.77057877409516e-10,9.418447054795368e-16,-1.4839841899375101e-05,-7.743614871775871e-10,8.12362526781347e-16,-4.770625409492175e-10,3.4579277774488666e-15,-2.9729988653332025e-10,4.972412750503871e-15,6.900816874444876e-12,-9.461591847312627e-07,1.0060042200134947e-15,3.7122607674359054e-15,-1.5358066000621531e-06,-4.770635640416448e-10,7.026872032351326e-12,1.5128405466024394e-15,4.972125027564948e-15,-2.972998297482747e-10
1.0000388041281043,0.4219203067920944,-1.2626150114068883e-09,0.5781669499236801,-4.912423881043811e-10,0.5781652240169097,-6.110138964348023e-10,1.0000809155640338,-1.3284422890904862e-06,0.421920690922125,0.5781689330304501,-3.606230796683096e-06,0.5781677546584152,-1.7279231035622557e-06,-4.912976751650941e-10,-8.405109364584469e-10,0.4219142673330336,-5.572046242151782e-10,-7.743614871775871e-10,1.0000675872967835,-4.912976754902854e-10,0.421919803991317,-3.6578825777133334e-06,0.5781629694136237,-6.616199846255428e-06,-3.954459764436576e-06,0.42191591919119475,-6.181344575889661e-10,-5.479733938661508e-06,1.0000813683732626,0.42192069092212514,-3.8120221170681563e-06,-1.2626150105477336e-09,-6.616199845529905e-06,0.5781629058492948
-3.070677773762787e-06,-2.953732371976384e-10,9.377231341280153e-16,-1.959273351471971e-10,9.548381932315326e-13,-1.9592578505780305e-10,6.558481919239552e-16,-9.743996084184362e-07,1.3034472800211147e-12,-2.9537388031863173e-10,-1.9592796957459863e-10,2.1011231219132065e-15,-1.9592675609849007e-10,1.897655561882185e-12,9.335014089184772e-13,7.839812025008477e-16,-2.9537000890525213e-10,5.637694441864001e-16,8.12362526781347e-16,-4.912976754902854e-10,-1.4839843633120776e-05,-2.953732372195422e-10,2.1553756890067057e-15,-1.9592496985345608e-10,3.1103390914017484e-15,2.150597006904952e-15,-5.858141190109243e-07,1.1318508848633398e-12,2.3167179396284985e-15,-4.912970233869663e-10,-2.9537388031863173e-10,4.063451300965346e-12,9.377813672357969e-16,3.1102763627008183e-15,-1.9592492113606935e-10
0.42190009595914924,0.4219207915022428,-2.261776797527023e-10,8.489569415848458e-10,-2.879890305418933e-10,-4.0338670552296037e-11,-3.7282346178643696e-10,0.4219189851644013,-3.8361867512151294e-10,0.4219222332897869,8.16951230151348e-10,-1.2179867454330255e-09,7.514309916122413e-11,-5.236053265277039e-10,-2.953732367920827e-10,-3.848296995265347e-10,0.421919479588522,-3.2431987125244876e-10,-4.770625409492175e-10,0.421919803991317,-2.953732372195422e-10,0.4219065363281814,-1.233818757143274e-09,-1.0124924748656435e-10,-1.2872888002089035e-09,-1.1724775698445963e-09,0.42191736613950914,-3.778375693960818e-10,-7.693368120751895e-10,0.4219194217591517,0.4219222332897869,-2.9301100083809078e-06,-2.2617767949583256e-10,-1.2872887999518126e-09,-9.27897492727788e-11
-5.754046790747926e-06,-1.2338182006357067e-09,3.5228829682219154e-15,-6.10513166934202e-10,2.135813131144105e-15,-6.105077417678603e-10,2.7238493493453046e-15,-3.657875737178327e-06,2.8766341277579437e-15,-1.2338213610689668e-09,-6.105152454720375e-10,1.6884532992967207e-11,-6.105110080743852e-10,3.8577230380590465e-15,2.1556262201047786e-15,3.2494022459549957e-15,-2.447040536914968e-06,2.4179976051286173e-15,3.4579277774488666e-15,-3.6578825777133334e-06,2.1553756890067057e-15,-1.233818757143274e-09,-1.4839827431580295e-05,-6.105049950557496e-10,1.1956170731145461e-14,8.695618594204471e-15,-2.447036388126513e-06,2.722297600504903e-15,8.770303588292601e-15,-3.6578785548662336e-06,-1.2338213610689668e-09,9.581769049681152e-15,3.5228829682219154e-15,1.1955618580573845e-14,-6.105049303502276e-10
0.5781369581037594,4.4705542062081696e-10,-2.0555859937067996e-06,0.5781642410777487,-2.0325387301803655e-10,0.5781642789220082,-2.3819118317483724e-10,0.5781622766632886,-2.861884717421362e-10,-8.621744366291061e-11,0.5781662876604275,-6.002938752059472e-10,0.578166580525558,-3.4762221219431067e-10,-1.959249692109278e-10,-4.5568155844070777e-10,-3.84088839513601e-06,-2.3288534790182414e-10,-2.9729988653332025e-10,0.5781629694136237,-1.9592496985345608e-10,-1.0124924748656435e-10,-6.105049950557496e-10,0.5781473052821152,-4.063091085961927e-06,-8.213809710123619e-10,-3.811404769362559e-11,-2.4029755108434365e-10,-3.953887839980099e-06,0.5781622928800924,-8.621744350197595e-11,-4.4466779489529607e-10,-2.0555859936634553e-06,-4.063091085758199e-06,0.5781620647822865
-8.712241269274315e-06,-1.2872910482058954e-09,8.581540178700978e-15,-4.0631199191339405e-06,3.144375620805972e-15,-2.0486372490167362e-09,3.956560333214892e-15,-6.6161884137815815e-06,4.296725532720415e-15,-1.287291588778026e-09,-2.048650796201186e-09,1.1743003555698074e-14,-2.048646688026437e-09,5.6721236690087565e-15,3.110372599964683e-15,5.525090712778479e-15,-2.553068943123494e-06,3.5948419150100086e-15,4.972412750503871e-15,-6.616199846255428e-06,3.1103390914017484e-15,-1.2872888002089035e-09,1.1956170731145461e-14,-4.063091085961927e-06,-1.4839800415695757e-05,1.2962250058726393e-14,-2.55308427339193e-06,3.863587615507246e-15,1.8685235806378328e-14,-6.616191756333049e-06,-1.2872915892020125e-09,1.1756648778719203e-14,8.581238801183298e-15,4.415774579429115e-11,-4.063090414925912e-06
-6.050611662801611e-06,-1.172477549318088e-09,4.132619485637049e-15,-8.21389894202454e-10,2.148707937295819e-15,-8.213845246798927e-10,2.7560114116955115e-15,-3.9544523437884916e-06,2.9081067945136614e-15,-1.1724800635703743e-09,-8.213927538927432e-10,8.548695042791837e-15,-8.213886600275466e-10,3.9280494801887426e-15,2.1510467961801094e-15,6.762403762286889e-12,-2.3253783918979386e-06,2.448902775176067e-15,6.900816874444876e-12,-3.954459764436576e-06,2.150597006904952e-15,-1.1724775698445963e-09,8.695618594204471e-15,-8.213809710123619e-10,1.2962250058726393e-14,-1.4839826960442616e-05,-2.3253780860141003e-06,5.341746487357474e-12,9.882457223213367e-15,-3.954455162613484e-06,-1.1724800632061896e-09,1.830174968019294e-11,4.1326194856370476e-15,1.2961815677128946e-14,-1.629062966080251e-06
0.4218962113218761,0.42191678147843126,-2.2617558790957169e-10,9.120824930400262e-10,-5.711690936719537e-07,2.2795297011165188e-11,-7.39421686828798e-07,0.4219151003724117,-7.608315968671739e-07,0.42191822325195405,8.800765486974887e-10,-2.415636573388309e-06,1.3827532734961986e-10,-1.0384679772654234e-06,-5.858141184118909e-07,-7.632335755071427e-07,0.42191546957324705,-6.43224233713291e-07,-9.461591847312627e-07,0.42191591919119475,-5.858141190109243e-07,0.42191736613950914,-2.447036388126513e-06,-3.811404769362559e-11,-2.55308427339193e-06,-2.3253780860141003e-06,0.4218985163033569,-7.493655984761323e-07,-7.693294697652888e-10,0.4219155369628399,0.42191822325195366,-2.9300792650705106e-06,-2.2617558781670463e-10,-2.553084272870119e-06,-2.9654635277294687e-11
-3.3222254765401506e-06,-3.778375621105242e-10,1.1338365390660547e-15,-2.40300594942071e-10,1.1662007533147248e-12,-2.4029854531157057e-10,8.174488164336574e-16,-1.225957193324138e-06,1.5959107095059136e-12,-3.7783839438832894e-10,-2.4030135526441715e-10,2.646968339557278e-15,-2.4029973945711166e-10,1.1998304076776106e-15,1.1318508837805202e-12,1.9096696374488684e-12,-3.7783337407702517e-10,6.954191803755917e-16,1.0060042200134947e-15,-6.181344575889661e-10,1.1318508848633398e-12,-3.778375693960818e-10,2.722297600504903e-15,-2.4029755108434365e-10,3.863587615507246e-15,5.341746487357474e-12,-7.493655984761323e-07,-1.483984321437192e-05,2.8469641058216208e-15,-1.225958268443781e-06,-3.7783839423700503e-10,4.9763900766911154e-12,1.1338002857528338e-15,3.863679517020344e-15,-2.402974832114578e-10
-7.575822860207614e-06,-1.5258485442675053e-06,1.5511978576417483e-11,-1.9935799187600936e-09,2.369942113859007e-15,-3.953903676599926e-06,2.973647238831567e-15,-5.479724772381383e-06,3.2661492470581197e-15,-7.693385320565638e-10,-1.9935871646763673e-09,8.594750664131761e-15,-1.99358485995236e-09,4.29981459921723e-15,2.3167179396284985e-15,4.4624611482902956e-15,-7.693194575829888e-10,2.727627629109837e-15,3.7122607674359054e-15,-5.479733938661508e-06,2.3167179396284985e-15,-7.693368120751895e-10,8.770303588292601e-15,-3.953887839980099e-06,1.8685235806378328e-14,9.882457223213367e-15,-7.693294697652888e-10,2.8469641058216208e-15,-1.4839812072395428e-05,-5.479726994424238e-06,-7.693385320565638e-10,7.92669693116494e-15,1.5511978574903532e-11,1.8685529467422484e-14,-3.953887152882996e-06
1.0000377454078533,0.4219199245595151,-2.5041691105422435e-06,0.5781662733872864,-4.912417507410721e-10,0.5781645474811452,-6.110131635556082e-10,1.0000798568010039,-6.698056465151398e-10,0.42192030868910063,0.5781682564919634,-3.6062267729161877e-06,0.5781670781201789,-8.712255187408348e-10,-4.912970221017878e-10,-1.667002044894993e-06,0.4219138851061932,-5.572039280720257e-10,-1.5358066000621531e-06,1.0000813683732626,-4.912970233869663e-10,0.4219194217591517,-3.6578785548662336e-06,0.5781622928800924,-6.616191756333049e-06,-3.954455162613484e-06,0.4219155369628399,-1.225958268443781e-06,-5.479726994424238e-06,1.0000654697686195,0.42192030868910063,-3.8120173364636246e-06,-2.504169110183027e-06,-6.616191755607521e-06,0.5781622293157254
0.42190098285288186,0.4219216486217663,-2.2617821395416006e-10,8.639907982653849e-10,-2.8798965693637555e-10,-2.5306641837677606e-11,-3.728242596174469e-10,0.42191987209342585,-3.8361950744769974e-10,0.4219230904122432,8.319851127998793e-10,-1.2179893189383136e-09,9.017547047838153e-11,-5.236064410248679e-10,-2.9537388017863493e-10,-3.8483054116805986e-10,0.42192033670521223,-3.2432057278173543e-10,-4.770635640416448e-10,0.42192069092212514,-2.9537388031863173e-10,0.4219222332897869,-1.2338213610689668e-09,-8.621744350197595e-11,-1.2872915892020125e-09,-1.1724800632061896e-09,0.42191822325195366,-3.7783839423700503e-10,-7.693385320565638e-10,0.42192030868910063,0.4219082505716596,-1.4773777851032043e-09,-2.261782136936425e-10,-1.2872915889304506e-09,-7.775793050175144e-11
-5.908179543129517e-06,-2.9301078756605307e-06,2.8162939470245353e-15,-4.4467715525464424e-10,4.10941151431221e-12,-4.4466976584760434e-10,2.8457930664743513e-15,-3.8120135503851102e-06,5.567068427186022e-12,-1.477377785397626e-09,-4.4467834119708845e-10,9.3549088879672e-15,-4.44672325535308e-10,4.125739805343127e-15,4.063451296827746e-12,6.17154379260936e-12,-1.4773626479585488e-09,2.4172238010759325e-15,7.026872032351326e-12,-3.8120221170681563e-06,4.063451300965346e-12,-2.9301100083809078e-06,9.581769049681152e-15,-4.4466779489529607e-10,1.1756648778719203e-14,1.830174968019294e-11,-2.9300792650705106e-06,4.9763900766911154e-12,7.92669693116494e-15,-3.8120173364636246e-06,-1.4773777851032043e-09,-1.4839825331532895e-05,2.816368760593186e-15,1.1756522940572943e-14,-4.446676722452047e-10
-4.600385142880498e-06,-2.2617945631962829e-10,7.595824013176704e-12,-1.0364413042138266e-09,9.751404275252357e-16,-2.0555943219127757e-06,1.2235443728835863e-15,-2.504168245313774e-06,1.3551137817006143e-15,-2.261782136936425e-10,-1.036445174222482e-09,3.438994018778639e-15,-1.0364444930492325e-09,1.7840810363290095e-15,9.376211096785942e-16,1.9771128101902127e-15,-2.261693524045764e-10,1.1331552422412587e-15,1.5128405466024394e-15,-1.2626150105477336e-09,9.377813672357969e-16,-2.2617767949583256e-10,3.5228829682219154e-15,-2.0555859936634553e-06,8.581238801183298e-15,4.1326194856370476e-15,-2.2617558781670463e-10,1.1338002857528338e-15,1.5511978574903532e-11,-2.504169110183027e-06,-2.261782136936425e-10,2.816368760593186e-15,-1.4839836975156955e-05,8.581411044332162e-15,-2.0555855876754776e-06
-8.712241270299562e-06,-1.28729104766273e-09,8.581238801183298e-15,-4.063119918930213e-06,3.1442139240922404e-15,-2.048637248699615e-09,3.956560333214892e-15,-6.616188413056047e-06,4.296691860854074e-15,-1.2872915889304506e-09,-2.048650795822897e-09,1.1743167750951909e-14,-2.0486466881931918e-09,5.6723949650383155e-15,3.1102808892368062e-15,5.525079280389927e-15,-2.553068942601688e-06,3.59520775735864e-15,4.972125027564948e-15,-6.616199845529905e-06,3.1102763627008183e-15,-1.2872887999518126e-09,1.1955618580573845e-14,-4.063091085758199e-06,4.415774579429115e-11,1.2961815677128946e-14,-2.553084272870119e-06,3.863679517020344e-15,1.8685529467422484e-14,-6.616191755607521e-06,-1.2872915889304506e-09,1.1756522940572943e-14,8.581411044332162e-15,-1.483980041307039e-05,-4.063090414722191e-06
0.5781368945419828,4.5551486933429455e-10,-2.055585587718822e-06,0.5781641607354816,-2.0325382793038694e-10,0.5781641985794045,-2.3819114321796553e-10,0.578162213098837,-2.861884092413703e-10,-7.775793030470411e-11,0.5781662073179443,-6.002938042010407e-10,0.5781665001827665,-3.476221588588237e-10,-1.9592492071220479e-10,-9.037632618534677e-07,-3.8241102877167645e-06,-2.328853025878328e-10,-2.972998297482747e-10,0.5781629058492948,-1.9592492113606935e-10,-9.27897492727788e-11,-6.105049303502276e-10,0.5781620647822865,-4.063090414925912e-06,-1.629062966080251e-06,-2.9654635277294687e-11,-2.402974832114578e-10,-3.953887152882996e-06,0.5781622293157254,-7.775793050175144e-11,-4.446676722452047e-10,-2.0555855876754776e-06,-4.063090414722191e-06,0.578147144597167
