0.9999999974777409,1.2008609705386502e-06,0.9999886641105593,0.9999886641105634,0.9999886641105641,1.2008609707069253e-06,1.2008609707069253e-06,0.9999886641105608,1.1988733709135083e-06,1.198873370935373e-06,0.9999887402637931,0.9999886641105628,1.1988733709338242e-06,1.1988733709353188e-06,1.200860970753572e-06,1.2008609718419753e-06,0.9999886641105609,0.9999886641105618,1.1988733709353188e-06,1.1988733709353188e-06,0.9999886641105625,1.19887337093377e-06,0.9999886641105609,0.9999886641105609,0.9999886641105641,0.9999886641105629,0.9999886641105608,1.1988733721792093e-06,1.1988733709338242e-06,1.19887337217921e-06,0.9999886641105628,0.9999886641105609,0.9999886641105618
1.2008609705386502e-06,3.0719003081279312e-06,8.45307576055611e-11,8.453075762692021e-11,8.453075762586067e-11,1.5600379115344962e-14,1.560037919000226e-14,8.453075762567838e-11,7.68513261122982e-18,7.684421507005527e-18,1.6756380853241227e-07,8.453075761768182e-11,7.720602076077041e-18,7.684421507005527e-18,1.5600379389666256e-14,1.5600378813787303e-14,8.45307576954015e-11,8.45307576794648e-11,7.726231649824132e-18,7.726231649823688e-18,8.45307576954015e-11,7.68513261122982e-18,8.453075765007072e-11,8.453075770020355e-11,8.453075762692021e-11,8.45307576794648e-11,8.453075762692021e-11,7.684421507005527e-18,7.684421507005527e-18,7.684421507005527e-18,8.45307576794648e-11,8.45307576954015e-11,8.45307576954015e-11
0.9999886641105593,8.45307576055611e-11,0.9999870081860924,0.9999839362861779,0.9999839362861781,8.453075751163776e-11,8.453075766946893e-11,0.9999839362861768,8.352807786909016e-11,8.352807793503507e-11,0.9999840124391454,0.9999839362861775,8.352807787698741e-11,8.352807803262227e-11,8.453075800857683e-11,8.453075727909371e-11,0.9999839362861771,0.9999839362861771,8.352807771446913e-11,8.352807760844123e-11,0.9999839362861784,8.352807774692782e-11,0.9999839362861782,0.9999839362861771,0.9999839362861788,0.9999839362861779,0.9999839362861771,8.352807811287052e-11,8.352807779640284e-11,8.352807793727291e-11,0.9999839362861779,0.9999839362861771,0.9999839362861784
0.9999886641105634,8.453075762692021e-11,0.9999839362861779,0.9999870081861001,0.9999839362861781,8.453075750445415e-11,8.453075762341906e-11,0.9999839362861775,8.352807777264438e-11,8.352807785319268e-11,0.9999840124391469,0.9999839362861779,8.352807774711742e-11,8.352807803262227e-11,8.453075797860804e-11,8.453075718034129e-11,0.9999839362861774,0.9999839362861778,8.35280776378792e-11,8.352807760844123e-11,0.9999839362861788,8.352807769879011e-11,0.9999839362861789,0.9999839362861774,0.9999839362861789,0.9999839362861781,0.9999839362861775,8.352807821780775e-11,8.352807781705201e-11,8.352807793727291e-11,0.9999839362861779,0.9999839362861771,0.9999839362861798
0.9999886641105641,8.453075762586067e-11,0.9999839362861781,0.9999839362861781,0.9999870081860985,8.453075757477044e-11,8.453075764457439e-11,0.9999839362861774,8.352807777668208e-11,8.352807778019363e-11,0.9999840124391471,0.9999839362861781,8.35280776845624e-11,8.352807805861014e-11,8.45307580288576e-11,8.453075726508875e-11,0.9999839362861784,0.9999839362861788,8.352807769930029e-11,8.352807760844123e-11,0.9999839362861785,8.352807769879011e-11,0.9999839362861788,0.9999839362861784,0.9999839362861789,0.9999839362861793,0.9999839362861774,8.35280780751072e-11,8.352807780348566e-11,8.352807793727291e-11,0.9999839362861775,0.9999839362861789,0.9999839362861791
1.2008609707069253e-06,1.5600379115344962e-14,8.453075751163776e-11,8.453075750445415e-11,8.453075757477044e-11,3.0719003081279312e-06,1.5600378678225056e-14,8.453075754223627e-11,7.673865472057904e-18,7.684421507005527e-18,1.6756380823990845e-07,8.453075761626859e-11,7.696777264684217e-18,7.711142114814055e-18,1.5600378877889074e-14,1.560037830201036e-14,8.453075752010162e-11,8.453075754223627e-11,7.72064659477084e-18,7.72064659477084e-18,8.453075759892057e-11,7.693387996379232e-18,8.453075754223627e-11,8.453075759126242e-11,8.453075753281277e-11,8.453075751648462e-11,8.453075759126242e-11,7.711142114814032e-18,7.639039910931969e-18,7.693387996379232e-18,8.453075754223627e-11,8.453075751648462e-11,8.453075748926722e-11
1.2008609707069253e-06,1.560037919000226e-14,8.453075766946893e-11,8.453075762341906e-11,8.453075764457439e-11,1.5600378678225056e-14,3.0719003081279312e-06,8.453075757324402e-11,7.687309214819661e-18,7.727761150760491e-18,1.6756380848034158e-07,8.453075770421331e-11,7.713154375991169e-18,7.654254971379555e-18,1.5600378952546336e-14,1.5600378376667478e-14,8.453075759484708e-11,8.453075767190084e-11,7.684421507005527e-18,7.670573537937271e-18,8.453075759484708e-11,7.670573537937271e-18,8.4530757659798e-11,8.453075767190084e-11,8.453075770421331e-11,8.453075770102857e-11,8.453075767190084e-11,7.720367457654149e-18,7.713154375991169e-18,7.674148788269003e-18,8.453075767821717e-11,8.453075762737977e-11,8.453075757917679e-11
0.9999886641105608,8.453075762567838e-11,0.9999839362861768,0.9999839362861775,0.9999839362861774,8.453075754223627e-11,8.453075757324402e-11,0.9999870081860984,8.352807779361719e-11,8.352807785319268e-11,0.9999840124391469,0.9999839362861779,8.352807774711742e-11,8.352807808433791e-11,8.453075803428776e-11,8.453075723283036e-11,0.9999839362861772,0.9999839362861779,8.35280778472389e-11,8.352807764334868e-11,0.9999839362861781,8.352807769879011e-11,0.9999839362861771,0.9999839362861768,0.9999839362861788,0.9999839362861772,0.9999839362861778,8.35280781278684e-11,8.35280778088501e-11,8.352807783729875e-11,0.9999839362861779,0.9999839362861775,0.9999839362861788
1.1988733709135083e-06,7.68513261122982e-18,8.352807786909016e-11,8.352807777264438e-11,8.352807777668208e-11,7.673865472057904e-18,7.687309214819661e-18,8.352807779361719e-11,3.0719003072429554e-06,1.4901513473191992e-14,1.6557621401594403e-07,8.352807773654185e-11,1.490151341050484e-14,1.4901513558459175e-14,7.72064659477084e-18,7.693387996379232e-18,8.352807774181156e-11,8.352807774181156e-11,1.4901513357657857e-14,1.490151326408934e-14,8.352807786909016e-11,1.4901513374737677e-14,8.352807786909016e-11,8.352807768649388e-11,8.352807779591738e-11,8.352807786909016e-11,8.352807776164952e-11,1.4901513676996498e-14,1.490151339532522e-14,1.490151344906905e-14,8.352807786909016e-11,8.352807776164952e-11,8.352807776164952e-11
1.198873370935373e-06,7.684421507005527e-18,8.352807793503507e-11,8.352807785319268e-11,8.352807778019363e-11,7.684421507005527e-18,7.727761150760491e-18,8.352807785319268e-11,1.4901513473191992e-14,3.0719003072429554e-06,1.6557621428071972e-07,8.352807787258129e-11,1.4901513450091898e-14,1.4901513598046244e-14,7.696777264684217e-18,7.713154375991169e-18,8.352807782259244e-11,8.352807790456159e-11,1.4901513397244992e-14,1.4901513303676117e-14,8.35280779423991e-11,1.4901513414324698e-14,8.35280779423991e-11,8.352807785319268e-11,8.352807782259244e-11,8.352807785319268e-11,8.35280778537517e-11,1.490151371658381e-14,1.4901513434912062e-14,1.4901513488656203e-14,8.352807794487576e-11,8.352807794487576e-11,8.352807794487576e-11
0.9999887402637931,1.6756380853241227e-07,0.9999840124391454,0.9999840124391469,0.9999840124391471,1.6756380823990845e-07,1.6756380848034158e-07,0.9999840124391469,1.6557621401594403e-07,1.6557621428071972e-07,0.999987160492057,0.9999840124391469,1.655762140218173e-07,1.6557621451959847e-07,1.6756380911343137e-07,1.6756380764292264e-07,0.9999840124391463,0.9999840124391469,1.6557621391618925e-07,1.65576213749815e-07,0.9999840124391478,1.655762139951309e-07,0.9999840124391471,0.9999840124391461,0.9999840124391479,0.9999840124391475,0.9999840124391469,1.6557621467161497e-07,1.6557621407581544e-07,1.6557621409232996e-07,0.9999840124391465,0.9999840124391471,0.9999840124391478
0.9999886641105628,8.453075761768182e-11,0.9999839362861775,0.9999839362861779,0.9999839362861781,8.453075761626859e-11,8.453075770421331e-11,0.9999839362861779,8.352807773654185e-11,8.352807787258129e-11,0.9999840124391469,0.9999870081860998,8.352807778469345e-11,8.352807804720553e-11,8.453075795361781e-11,8.453075718034129e-11,0.9999839362861775,0.9999839362861788,8.352807769862364e-11,8.352807761405794e-11,0.9999839362861789,8.352807779434383e-11,0.9999839362861775,0.9999839362861775,0.9999839362861797,0.9999839362861781,0.9999839362861779,8.352807808984497e-11,8.352807784021447e-11,8.352807791673341e-11,0.9999839362861788,0.9999839362861784,0.9999839362861793
1.1988733709338242e-06,7.720602076077041e-18,8.352807787698741e-11,8.352807774711742e-11,8.35280776845624e-11,7.696777264684217e-18,7.713154375991169e-18,8.352807774711742e-11,1.490151341050484e-14,1.4901513450091898e-14,1.655762140218173e-07,8.352807778469345e-11,3.0719003072429554e-06,1.490151353535921e-14,7.669393930192144e-18,7.714284395959401e-18,8.352807769985378e-11,8.352807776070251e-11,1.4901513334557763e-14,1.4901513240989197e-14,8.352807776592547e-11,1.4901513351637437e-14,8.352807776592547e-11,8.35280777658703e-11,8.352807769985378e-11,8.352807776349333e-11,8.352807776070251e-11,1.4901513653896726e-14,1.4901513372224773e-14,1.490151342596907e-14,8.35280776845624e-11,8.352807776592547e-11,8.352807787698741e-11
1.1988733709353188e-06,7.684421507005527e-18,8.352807803262227e-11,8.352807803262227e-11,8.352807805861014e-11,7.711142114814055e-18,7.654254971379555e-18,8.352807808433791e-11,1.4901513558459175e-14,1.4901513598046244e-14,1.6557621451959847e-07,8.352807804720553e-11,1.490151353535921e-14,3.0719003072429554e-06,7.726231649823688e-18,7.713154375991169e-18,8.352807803306328e-11,8.352807805861014e-11,1.4901513482512163e-14,1.4901513388943465e-14,8.352807815348425e-11,1.4901513499591916e-14,8.352807815217242e-11,8.352807803306328e-11,8.352807805861014e-11,8.352807803262227e-11,8.352807801449892e-11,1.4901513801851122e-14,1.4901513520179428e-14,1.4901513573923484e-14,8.352807814813676e-11,8.352807815348425e-11,8.352807805861014e-11
1.200860970753572e-06,1.5600379389666256e-14,8.453075800857683e-11,8.453075797860804e-11,8.45307580288576e-11,1.5600378877889074e-14,1.5600378952546336e-14,8.453075803428776e-11,7.72064659477084e-18,7.696777264684217e-18,1.6756380911343137e-07,8.453075795361781e-11,7.669393930192144e-18,7.726231649823688e-18,3.0719003081279312e-06,1.5600378576331203e-14,8.453075797572648e-11,8.453075790868756e-11,7.674148788269003e-18,7.71307388140057e-18,8.453075797458316e-11,7.713154375991169e-18,8.45307579974178e-11,8.453075797089507e-11,8.453075796845856e-11,8.453075796845856e-11,8.453075797458316e-11,7.676892521621632e-18,7.727092167033985e-18,7.684421507005527e-18,8.453075797458316e-11,8.453075797458316e-11,8.453075796762122e-11
1.2008609718419753e-06,1.5600378813787303e-14,8.453075727909371e-11,8.453075718034129e-11,8.453075726508875e-11,1.560037830201036e-14,1.5600378376667478e-14,8.453075723283036e-11,7.693387996379232e-18,7.713154375991169e-18,1.6756380764292264e-07,8.453075718034129e-11,7.714284395959401e-18,7.713154375991169e-18,1.5600378576331203e-14,3.0719003081279312e-06,8.453075720930598e-11,8.453075718034129e-11,7.669393930192144e-18,7.639293510688728e-18,8.453075722762172e-11,7.684421507005527e-18,8.453075722762172e-11,8.45307572091023e-11,8.453075722855364e-11,8.453075720128246e-11,8.453075726722538e-11,7.726231649824132e-18,7.654254971379555e-18,7.693387996379232e-18,8.453075719832434e-11,8.453075715866696e-11,8.453075715866696e-11
0.9999886641105609,8.45307576954015e-11,0.9999839362861771,0.9999839362861774,0.9999839362861784,8.453075752010162e-11,8.453075759484708e-11,0.9999839362861772,8.352807774181156e-11,8.352807782259244e-11,0.9999840124391463,0.9999839362861775,8.352807769985378e-11,8.352807803306328e-11,8.453075797572648e-11,8.453075720930598e-11,0.999987008186096,0.9999839362861769,8.352807772754551e-11,8.352807766072184e-11,0.9999839362861771,8.352807774692782e-11,0.9999839362861781,0.9999839362861774,0.9999839362861781,0.9999839362861782,0.9999839362861772,8.352807818358706e-11,8.352807773367867e-11,8.352807789546077e-11,0.9999839362861779,0.9999839362861788,0.9999839362861778
0.9999886641105618,8.45307576794648e-11,0.9999839362861771,0.9999839362861778,0.9999839362861788,8.453075754223627e-11,8.453075767190084e-11,0.9999839362861779,8.352807774181156e-11,8.352807790456159e-11,0.9999840124391469,0.9999839362861788,8.352807776070251e-11,8.352807805861014e-11,8.453075790868756e-11,8.453075718034129e-11,0.9999839362861769,0.9999870081860995,8.352807777719952e-11,8.352807757376209e-11,0.9999839362861785,8.352807779487714e-11,0.9999839362861775,0.9999839362861771,0.9999839362861789,0.9999839362861781,0.9999839362861779,8.35280781130295e-11,8.352807780459703e-11,8.352807790925746e-11,0.9999839362861775,0.9999839362861784,0.9999839362861793
1.1988733709353188e-06,7.726231649824132e-18,8.352807771446913e-11,8.35280776378792e-11,8.352807769930029e-11,7.72064659477084e-18,7.684421507005527e-18,8.35280778472389e-11,1.4901513357657857e-14,1.4901513397244992e-14,1.6557621391618925e-07,8.352807769862364e-11,1.4901513334557763e-14,1.4901513482512163e-14,7.674148788269003e-18,7.669393930192144e-18,8.352807772754551e-11,8.352807777719952e-11,3.0719003072429554e-06,1.4901513188142127e-14,8.352807770952752e-11,1.49015132987905e-14,8.352807772602249e-11,8.35280776981012e-11,8.352807781656471e-11,8.352807772247576e-11,8.352807769862364e-11,1.4901513601049706e-14,1.4901513319377864e-14,1.4901513373122036e-14,8.352807771446913e-11,8.352807771531363e-11,8.352807769930029e-11
1.1988733709353188e-06,7.726231649823688e-18,8.352807760844123e-11,8.352807760844123e-11,8.352807760844123e-11,7.72064659477084e-18,7.670573537937271e-18,8.352807764334868e-11,1.490151326408934e-14,1.4901513303676117e-14,1.65576213749815e-07,8.352807761405794e-11,1.4901513240989197e-14,1.4901513388943465e-14,7.71307388140057e-18,7.639293510688728e-18,8.352807766072184e-11,8.352807757376209e-11,1.4901513188142127e-14,3.0719003072429554e-06,8.352807756789798e-11,1.4901513205221868e-14,8.352807763608005e-11,8.352807777057356e-11,8.352807757309375e-11,8.352807760844123e-11,8.352807764334868e-11,1.490151350748096e-14,1.4901513225809507e-14,1.4901513279553565e-14,8.352807762322308e-11,8.352807763608005e-11,8.352807762322308e-11
0.9999886641105625,8.45307576954015e-11,0.9999839362861784,0.9999839362861788,0.9999839362861785,8.453075759892057e-11,8.453075759484708e-11,0.9999839362861781,8.352807786909016e-11,8.35280779423991e-11,0.9999840124391478,0.9999839362861789,8.352807776592547e-11,8.352807815348425e-11,8.453075797458316e-11,8.453075722762172e-11,0.9999839362861771,0.9999839362861785,8.352807770952752e-11,8.352807756789798e-11,0.9999870081860981,8.352807774364646e-11,0.9999839362861779,0.9999839362861774,0.9999839362861798,0.9999839362861784,0.9999839362861781,8.352807806093408e-11,8.352807787372797e-11,8.352807788855397e-11,0.9999839362861779,0.9999839362861772,0.9999839362861785
1.19887337093377e-06,7.68513261122982e-18,8.352807774692782e-11,8.352807769879011e-11,8.352807769879011e-11,7.693387996379232e-18,7.670573537937271e-18,8.352807769879011e-11,1.4901513374737677e-14,1.4901513414324698e-14,1.655762139951309e-07,8.352807779434383e-11,1.4901513351637437e-14,1.4901513499591916e-14,7.713154375991169e-18,7.684421507005527e-18,8.352807774692782e-11,8.352807779487714e-11,1.49015132987905e-14,1.4901513205221868e-14,8.352807774364646e-11,3.0719003072429554e-06,8.352807771584638e-11,8.352807774930866e-11,8.352807770687275e-11,8.352807774930866e-11,8.352807769879011e-11,1.4901513618129416e-14,1.4901513336457718e-14,1.4901513390201954e-14,8.352807766432523e-11,8.352807766604106e-11,8.352807770687275e-11
0.9999886641105609,8.453075765007072e-11,0.9999839362861782,0.9999839362861789,0.9999839362861788,8.453075754223627e-11,8.4530757659798e-11,0.9999839362861771,8.352807786909016e-11,8.35280779423991e-11,0.9999840124391471,0.9999839362861775,8.352807776592547e-11,8.352807815217242e-11,8.45307579974178e-11,8.453075722762172e-11,0.9999839362861781,0.9999839362861775,8.352807772602249e-11,8.352807763608005e-11,0.9999839362861779,8.352807771584638e-11,0.9999870081860984,0.9999839362861785,0.9999839362861793,0.9999839362861793,0.9999839362861784,8.352807807716711e-11,8.352807774518455e-11,8.352807786577411e-11,0.9999839362861788,0.9999839362861784,0.9999839362861793
0.9999886641105609,8.453075770020355e-11,0.9999839362861771,0.9999839362861774,0.9999839362861784,8.453075759126242e-11,8.453075767190084e-11,0.9999839362861768,8.352807768649388e-11,8.352807785319268e-11,0.9999840124391461,0.9999839362861775,8.35280777658703e-11,8.352807803306328e-11,8.453075797089507e-11,8.45307572091023e-11,0.9999839362861774,0.9999839362861771,8.35280776981012e-11,8.352807777057356e-11,0.9999839362861774,8.352807774930866e-11,0.9999839362861785,0.9999870081860982,0.9999839362861781,0.9999839362861775,0.9999839362861768,8.35280781278684e-11,8.35280778860749e-11,8.352807789546077e-11,0.9999839362861775,0.9999839362861774,0.9999839362861789
0.9999886641105641,8.453075762692021e-11,0.9999839362861788,0.9999839362861789,0.9999839362861789,8.453075753281277e-11,8.453075770421331e-11,0.9999839362861788,8.352807779591738e-11,8.352807782259244e-11,0.9999840124391479,0.9999839362861797,8.352807769985378e-11,8.352807805861014e-11,8.453075796845856e-11,8.453075722855364e-11,0.9999839362861781,0.9999839362861789,8.352807781656471e-11,8.352807757309375e-11,0.9999839362861798,8.352807770687275e-11,0.9999839362861793,0.9999839362861781,0.9999870081861001,0.9999839362861798,0.9999839362861788,8.352807821780775e-11,8.35280778382422e-11,8.352807789700628e-11,0.9999839362861797,0.9999839362861788,0.9999839362861801
0.9999886641105629,8.45307576794648e-11,0.9999839362861779,0.9999839362861781,0.9999839362861793,8.453075751648462e-11,8.453075770102857e-11,0.9999839362861772,8.352807786909016e-11,8.352807785319268e-11,0.9999840124391475,0.9999839362861781,8.352807776349333e-11,8.352807803262227e-11,8.453075796845856e-11,8.453075720128246e-11,0.9999839362861782,0.9999839362861781,8.352807772247576e-11,8.352807760844123e-11,0.9999839362861784,8.352807774930866e-11,0.9999839362861793,0.9999839362861775,0.9999839362861798,0.9999870081860975,0.9999839362861774,8.35280781130295e-11,8.352807780348566e-11,8.352807788855397e-11,0.9999839362861782,0.9999839362861785,0.9999839362861788
0.9999886641105608,8.453075762692021e-11,0.9999839362861771,0.9999839362861775,0.9999839362861774,8.453075759126242e-11,8.453075767190084e-11,0.9999839362861778,8.352807776164952e-11,8.35280778537517e-11,0.9999840124391469,0.9999839362861779,8.352807776070251e-11,8.352807801449892e-11,8.453075797458316e-11,8.453075726722538e-11,0.9999839362861772,0.9999839362861779,8.352807769862364e-11,8.352807764334868e-11,0.9999839362861781,8.352807769879011e-11,0.9999839362861784,0.9999839362861768,0.9999839362861788,0.9999839362861774,0.9999870081860985,8.35280781278684e-11,8.35280777589962e-11,8.352807791622817e-11,0.9999839362861779,0.9999839362861775,0.9999839362861788
1.1988733721792093e-06,7.684421507005527e-18,8.352807811287052e-11,8.352807821780775e-11,8.35280780751072e-11,7.711142114814032e-18,7.720367457654149e-18,8.35280781278684e-11,1.4901513676996498e-14,1.490151371658381e-14,1.6557621467161497e-07,8.352807808984497e-11,1.4901513653896726e-14,1.4901513801851122e-14,7.676892521621632e-18,7.726231649824132e-18,8.352807818358706e-11,8.35280781130295e-11,1.4901513601049706e-14,1.490151350748096e-14,8.352807806093408e-11,1.4901513618129416e-14,8.352807807716711e-11,8.35280781278684e-11,8.352807821780775e-11,8.35280781130295e-11,8.35280781278684e-11,3.0719003072429554e-06,1.4901513638716713e-14,1.490151369246087e-14,8.35280781130295e-11,8.35280781278684e-11,8.352807811287052e-11
1.1988733709338242e-06,7.684421507005527e-18,8.352807779640284e-11,8.352807781705201e-11,8.352807780348566e-11,7.639039910931969e-18,7.713154375991169e-18,8.35280778088501e-11,1.490151339532522e-14,1.4901513434912062e-14,1.6557621407581544e-07,8.352807784021447e-11,1.4901513372224773e-14,1.4901513520179428e-14,7.727092167033985e-18,7.654254971379555e-18,8.352807773367867e-11,8.352807780459703e-11,1.4901513319377864e-14,1.4901513225809507e-14,8.352807787372797e-11,1.4901513336457718e-14,8.352807774518455e-11,8.35280778860749e-11,8.35280778382422e-11,8.352807780348566e-11,8.35280777589962e-11,1.4901513638716713e-14,3.0719003072429554e-06,1.4901513410789415e-14,8.352807778636904e-11,8.352807780459703e-11,8.352807782028476e-11
1.19887337217921e-06,7.684421507005527e-18,8.352807793727291e-11,8.352807793727291e-11,8.352807793727291e-11,7.693387996379232e-18,7.674148788269003e-18,8.352807783729875e-11,1.490151344906905e-14,1.4901513488656203e-14,1.6557621409232996e-07,8.352807791673341e-11,1.490151342596907e-14,1.4901513573923484e-14,7.684421507005527e-18,7.693387996379232e-18,8.352807789546077e-11,8.352807790925746e-11,1.4901513373122036e-14,1.4901513279553565e-14,8.352807788855397e-11,1.4901513390201954e-14,8.352807786577411e-11,8.352807789546077e-11,8.352807789700628e-11,8.352807788855397e-11,8.352807791622817e-11,1.490151369246087e-14,1.4901513410789415e-14,3.0719003072429554e-06,8.352807789803676e-11,8.352807789290306e-11,8.352807786451088e-11
0.9999886641105628,8.45307576794648e-11,0.9999839362861779,0.9999839362861779,0.9999839362861775,8.453075754223627e-11,8.453075767821717e-11,0.9999839362861779,8.352807786909016e-11,8.352807794487576e-11,0.9999840124391465,0.9999839362861788,8.35280776845624e-11,8.352807814813676e-11,8.453075797458316e-11,8.453075719832434e-11,0.9999839362861779,0.9999839362861775,8.352807771446913e-11,8.352807762322308e-11,0.9999839362861779,8.352807766432523e-11,0.9999839362861788,0.9999839362861775,0.9999839362861797,0.9999839362861782,0.9999839362861779,8.35280781130295e-11,8.352807778636904e-11,8.352807789803676e-11,0.9999870081860998,0.9999839362861784,0.9999839362861788
0.9999886641105609,8.45307576954015e-11,0.9999839362861771,0.9999839362861771,0.9999839362861789,8.453075751648462e-11,8.453075762737977e-11,0.9999839362861775,8.352807776164952e-11,8.352807794487576e-11,0.9999840124391471,0.9999839362861784,8.352807776592547e-11,8.352807815348425e-11,8.453075797458316e-11,8.453075715866696e-11,0.9999839362861788,0.9999839362861784,8.352807771531363e-11,8.352807763608005e-11,0.9999839362861772,8.352807766604106e-11,0.9999839362861784,0.9999839362861774,0.9999839362861788,0.9999839362861785,0.9999839362861775,8.35280781278684e-11,8.352807780459703e-11,8.352807789290306e-11,0.9999839362861784,0.9999870081860982,0.9999839362861784
0.9999886641105618,8.45307576954015e-11,0.9999839362861784,0.9999839362861798,0.9999839362861791,8.453075748926722e-11,8.453075757917679e-11,0.9999839362861788,8.352807776164952e-11,8.352807794487576e-11,0.9999840124391478,0.9999839362861793,8.352807787698741e-11,8.352807805861014e-11,8.453075796762122e-11,8.453075715866696e-11,0.9999839362861778,0.9999839362861793,8.352807769930029e-11,8.352807762322308e-11,0.9999839362861785,8.352807770687275e-11,0.9999839362861793,0.9999839362861789,0.9999839362861801,0.9999839362861788,0.9999839362861788,8.352807811287052e-11,8.352807782028476e-11,8.352807786451088e-11,0.9999839362861788,0.9999839362861784,0.9999870081861008
