1.0000000074903794,1.0000108251020767,2.8193586543831894e-06,1.000010919649058,1.0000108604072244,1.0000108604072244,2.818985368290167e-06,2.817970529441631e-06,1.0000108632575646,1.0000108604072229,2.861182947693028e-06,1.0000108604072215,2.8179705301575117e-06,2.816813718026735e-06,2.818422462006277e-06,1.0000108604072249,1.0000109196490583,1.0000109196490587,1.0000109196490583,1.0000109196490583,1.0000108604072238,2.8436367626992332e-06,2.8184224610053647e-06,1.0000107498618243,1.000010825102085,2.8168137214101744e-06,2.81797052834937e-06,1.000010919649059,1.0000109196490583,3.094933838658579e-06,1.0000108604072244,1.0000109196490594,1.0000109196490594,2.8156128808087914e-06,1.0000109196490583
1.0000108251020767,1.0000122039834372,1.2248371859476213e-10,1.0000117682184002,1.0000117089763878,1.0000117089763882,1.2229550408766025e-10,1.2178381843462477e-10,1.0000117118267402,1.0000117089763876,2.847491024051585e-07,1.0000117089763878,1.217838185794147e-10,1.2120054825456836e-10,1.2201168542677304e-10,1.000011708976388,1.0000117682183995,1.0000117682184,1.0000117682183987,1.000011768218399,1.0000117089763885,2.6720285699426214e-07,1.220116840620913e-10,1.0000115984306568,1.0000116736711417,1.212005495894025e-10,1.2178381901437656e-10,1.0000117682184,1.0000117682183995,5.185008237629033e-07,1.0000117089763876,1.0000117682184,1.0000117682183995,1.205950807924423e-10,1.0000117682183987
2.8193586543831894e-06,1.2248371859476213e-10,5.303126329065585e-07,1.2248373054547114e-10,1.2248372304643049e-10,1.2248372307429187e-10,5.84716156336779e-14,2.9476612492521204e-17,1.224837234405178e-10,1.2248372299479133e-10,3.382922000952631e-17,1.224837230607634e-10,2.9488947399102365e-17,2.918790328111291e-17,5.830507817811884e-14,1.224837230607634e-10,1.2248373055812437e-10,1.2248373060321582e-10,1.2248373055269178e-10,1.2248373055748263e-10,1.2248372312187057e-10,3.240029332081232e-17,5.830507769498524e-14,2.429246312523234e-07,1.2248371859894446e-10,2.9273462249411065e-17,2.936034073764447e-17,1.22483730546441e-10,1.224837306003182e-10,6.274127746838842e-17,1.2248372308595077e-10,1.224837306003182e-10,1.2248373060825175e-10,5.750010846170991e-14,1.224837305610213e-10
1.000010919649058,1.0000117682184002,1.2248373054547114e-10,1.0000123930779667,1.000011803523653,1.0000118035236534,1.2229551616669484e-10,1.2178383033269506e-10,1.000011806374005,1.000011803523653,1.4357181235166207e-10,1.0000118035236532,1.2178383051173068e-10,1.2120056020071984e-10,1.2201169740256202e-10,1.0000118035236536,1.0000118627656691,1.0000118627656691,1.000011862765668,1.0000118627656687,1.0000118035236547,1.3472491433504186e-10,1.220116959313437e-10,1.0000116929779108,1.0000117682184047,1.2120056145380554e-10,1.2178383087392562e-10,1.000011862765668,1.00001186276567,2.61430510142407e-10,1.0000118035236518,1.0000118627656693,1.0000118627656704,1.2059509272671142e-10,1.000011862765668
1.0000108604072244,1.0000117089763878,1.2248372304643049e-10,1.000011803523653,1.000012274593936,1.0000117442816403,1.2229550867046473e-10,1.21783822834849e-10,1.0000117471319914,1.0000117442816399,1.4357180349526567e-10,1.0000117442816399,1.217838230121762e-10,1.2120055268457758e-10,1.2201168986094454e-10,1.00001174428164,1.0000118035236536,1.000011803523653,1.0000118035236518,1.000011803523653,1.000011744281641,1.347249059592175e-10,1.2201168846803228e-10,1.000011633735902,1.0000117089763931,1.2120055393977138e-10,1.217838234089218e-10,1.0000118035236534,1.000011803523653,5.185008426359461e-07,1.0000117442816403,1.0000118035236536,1.0000118035236527,1.2059508526872444e-10,1.0000118035236534
1.0000108604072244,1.0000117089763882,1.2248372307429187e-10,1.0000118035236534,1.0000117442816403,1.000012274593933,1.2229550865287993e-10,1.2178382288000777e-10,1.0000117471319916,1.00001174428164,1.4357180349526567e-10,1.0000117442816403,1.2178382297023337e-10,1.2120055267784775e-10,1.2201168991564878e-10,1.0000117442816412,1.0000118035236547,1.0000118035236538,1.0000118035236538,1.0000118035236547,1.0000117442816416,1.3472490591175255e-10,1.2201168848519134e-10,1.0000116337359035,1.0000117089763947,1.2120055407479372e-10,1.217838233605861e-10,1.0000118035236543,1.0000118035236547,5.185008426359454e-07,1.0000117442816396,1.0000118035236538,1.0000118035236545,1.2059508522185623e-10,1.0000118035236536
2.818985368290167e-06,1.2229550408766025e-10,5.84716156336779e-14,1.2229551616669484e-10,1.2229550867046473e-10,1.2229550865287993e-10,5.303126312819605e-07,2.930482803609894e-17,1.222955091153661e-10,1.222955086659367e-10,6.835165229096909e-14,1.2229550865840932e-10,2.915548925894881e-17,2.948763484564922e-17,5.821150978151831e-14,1.2229550865840932e-10,1.2229551613330424e-10,1.2229551611811938e-10,1.2229551606430164e-10,1.2229551614213533e-10,1.22295508658163e-10,3.1951272130596424e-17,5.821150929997607e-14,2.425513415458847e-07,1.222955040005957e-10,2.9123396138848e-17,2.945655074885541e-17,1.2229551617497846e-10,1.222955161565924e-10,6.259889646344212e-17,1.2229550864905117e-10,1.2229551606584782e-10,1.222955161565924e-10,2.9459989674181135e-17,1.2229551609154134e-10
2.817970529441631e-06,1.2178381843462477e-10,2.9476612492521204e-17,1.2178383033269506e-10,1.21783822834849e-10,1.2178382288000777e-10,2.930482803609894e-17,5.30312631011385e-07,1.2178382319320254e-10,1.217838228816484e-10,3.409526885861116e-17,1.2178382283568014e-10,5.77807359577708e-14,2.8469029562874034e-17,2.9303263526848254e-17,1.2178382284202094e-10,1.2178383035769543e-10,1.2178383038274445e-10,1.217838303506577e-10,1.2178383028305138e-10,1.217838228036274e-10,3.2106177587997487e-17,2.9026299074595895e-17,2.41536504143676e-07,1.2178381844387306e-10,2.9155640026635276e-17,5.778073604965641e-14,1.2178383033207517e-10,1.217838303506577e-10,6.267531151219097e-17,1.2178382288018783e-10,1.2178383034172857e-10,1.2178383028848988e-10,2.855509840715377e-17,1.2178383035893178e-10
1.0000108632575646,1.0000117118267402,1.224837234405178e-10,1.000011806374005,1.0000117471319914,1.0000117471319916,1.222955091153661e-10,1.2178382319320254e-10,1.0000122802946347,1.000011747131991,2.847491136714111e-07,1.000011747131991,1.2178382336722183e-10,1.2120055301884507e-10,1.220116901323032e-10,1.0000117471319927,1.0000118063740058,1.0000118063740062,1.0000118063740049,1.0000118063740053,1.0000117471319918,1.347249063220218e-10,1.2201168883572393e-10,1.0000116365862561,1.0000117118267455,1.2120055431587513e-10,1.2178382379856436e-10,1.0000118063740049,1.0000118063740058,5.185008441653008e-07,1.000011747131991,1.0000118063740062,1.0000118063740053,1.2059508562008522e-10,1.0000118063740056
1.0000108604072229,1.0000117089763876,1.2248372299479133e-10,1.000011803523653,1.0000117442816399,1.00001174428164,1.222955086659367e-10,1.217838228816484e-10,1.000011747131991,1.0000122745939377,1.4357180332955086e-10,1.0000117442816396,1.2178382299639022e-10,1.212005527479327e-10,1.2201168979918622e-10,1.0000117442816412,1.0000118035236536,1.0000118035236532,1.0000118035236532,1.0000118035236536,1.00001174428164,1.3472490597229136e-10,1.22011688521328e-10,1.0000116337359028,1.000011708976394,1.212005540301446e-10,1.217838234323554e-10,1.0000118035236534,1.0000118035236536,5.185008426359455e-07,1.000011744281638,1.0000118035236534,1.0000118035236536,1.2059508525171078e-10,1.0000118035236534
2.861182947693028e-06,2.847491024051585e-07,3.382922000952631e-17,1.4357181235166207e-10,1.4357180349526567e-10,1.4357180349526567e-10,6.835165229096909e-14,3.409526885861116e-17,2.847491136714111e-07,1.4357180332955086e-10,5.303126509817931e-07,1.4357180348126827e-10,3.454659647902871e-17,3.414615677615845e-17,3.4265318851908724e-17,1.435718033292553e-10,1.4357181235795113e-10,1.4357181235166207e-10,1.4357181235795113e-10,1.4357181239672468e-10,1.4357180335197617e-10,3.8642049564588444e-17,3.4865322858210974e-17,2.847490801832188e-07,2.847491024051605e-07,3.474812760104924e-17,3.4987818904934e-17,1.4357181233736053e-10,1.435718123667103e-10,7.354674808767119e-17,1.4357180332861799e-10,1.4357181233736053e-10,1.4357181233736053e-10,3.3482779485662735e-17,1.4357181235166207e-10
1.0000108604072215,1.0000117089763878,1.224837230607634e-10,1.0000118035236532,1.0000117442816399,1.0000117442816403,1.2229550865840932e-10,1.2178382283568014e-10,1.000011747131991,1.0000117442816396,1.4357180348126827e-10,1.0000122745939377,1.217838230009907e-10,1.2120055270089825e-10,1.2201168979275864e-10,1.0000117442816412,1.000011803523653,1.000011803523653,1.0000118035236534,1.0000118035236534,1.0000117442816403,1.3472490591175255e-10,1.2201168853193056e-10,1.000011633735903,1.0000117089763942,1.2120055395173104e-10,1.2178382343228325e-10,1.0000118035236534,1.0000118035236518,5.185008426359455e-07,1.000011744281639,1.0000118035236532,1.000011803523653,1.2059508525171078e-10,1.0000118035236534
2.8179705301575117e-06,1.217838185794147e-10,2.9488947399102365e-17,1.2178383051173068e-10,1.217838230121762e-10,1.2178382297023337e-10,2.915548925894881e-17,5.77807359577708e-14,1.2178382336722183e-10,1.2178382299639022e-10,3.454659647902871e-17,1.217838230009907e-10,5.30312631011385e-07,2.8538811703397684e-17,2.91710879818066e-17,1.217838230121762e-10,1.2178383051638737e-10,1.2178383047335472e-10,1.2178383051173068e-10,1.2178383051512064e-10,1.2178382299021816e-10,3.227848154961367e-17,2.8964006215537046e-17,2.415365044571262e-07,1.2178381861931624e-10,2.8469029562874034e-17,5.77807359309202e-14,1.2178383045541785e-10,1.2178383051458817e-10,6.304009709857727e-17,1.2178382299650424e-10,1.2178383056688799e-10,1.2178383051173068e-10,2.855509840715377e-17,1.2178383047455555e-10
2.816813718026735e-06,1.2120054825456836e-10,2.918790328111291e-17,1.2120056020071984e-10,1.2120055268457758e-10,1.2120055267784775e-10,2.948763484564922e-17,2.8469029562874034e-17,1.2120055301884507e-10,1.212005527479327e-10,3.414615677615845e-17,1.2120055270089825e-10,2.8538811703397684e-17,5.303126307741181e-07,2.894603355286184e-17,1.212005527291554e-10,1.2120056022392171e-10,1.2120056020071984e-10,1.2120056012922822e-10,1.2120056013360207e-10,1.2120055268936285e-10,3.202754890507346e-17,2.8542964074879175e-17,2.403796918699883e-07,1.2120054824992304e-10,5.71122280246353e-14,2.9155640026635276e-17,1.2120056012922822e-10,1.2120056012603885e-10,6.176489783445296e-17,1.2120055268199632e-10,1.2120056013360207e-10,1.212005601799163e-10,2.979918269436213e-17,1.2120056013439048e-10
2.818422462006277e-06,1.2201168542677304e-10,5.830507817811884e-14,1.2201169740256202e-10,1.2201168986094454e-10,1.2201168991564878e-10,5.821150978151831e-14,2.9303263526848254e-17,1.220116901323032e-10,1.2201168979918622e-10,3.4265318851908724e-17,1.2201168979275864e-10,2.91710879818066e-17,2.894603355286184e-17,5.303126322550614e-07,1.2201168982224205e-10,1.2201169728161921e-10,1.2201169731416174e-10,1.2201169735963736e-10,1.2201169728161921e-10,1.2201168982416372e-10,3.214075137005507e-17,5.804413178571868e-14,2.419884375914399e-07,1.2201168542195663e-10,2.879028449224658e-17,2.9208363547126813e-17,1.220116973040709e-10,1.220116973686678e-10,6.281872276108827e-17,1.220116898476036e-10,1.220116972689689e-10,1.2201169728161921e-10,2.872489379560025e-17,1.220116973341968e-10
1.0000108604072249,1.000011708976388,1.224837230607634e-10,1.0000118035236536,1.00001174428164,1.0000117442816412,1.2229550865840932e-10,1.2178382284202094e-10,1.0000117471319927,1.0000117442816412,1.435718033292553e-10,1.0000117442816412,1.217838230121762e-10,1.212005527291554e-10,1.2201168982224205e-10,1.0000122745939395,1.0000118035236538,1.0000118035236547,1.0000118035236534,1.0000118035236534,1.0000117442816419,1.347249060337658e-10,1.2201168841827183e-10,1.0000116337359046,1.0000117089763936,1.2120055406132937e-10,1.2178382335913474e-10,1.0000118035236538,1.0000118035236538,5.185008426359465e-07,1.0000117442816414,1.0000118035236547,1.0000118035236543,1.2059508526872444e-10,1.0000118035236534
1.0000109196490583,1.0000117682183995,1.2248373055812437e-10,1.0000118627656691,1.0000118035236536,1.0000118035236547,1.2229551613330424e-10,1.2178383035769543e-10,1.0000118063740058,1.0000118035236536,1.4357181235795113e-10,1.000011803523653,1.2178383051638737e-10,1.2120056022392171e-10,1.2201169728161921e-10,1.0000118035236538,1.000012393077964,1.0000118627656696,1.0000118627656698,1.0000118627656704,1.0000118035236527,1.347249142122055e-10,1.220116959107835e-10,1.0000116929779121,1.0000117682184062,1.2120056147868974e-10,1.2178383087873727e-10,1.0000118627656698,1.0000118627656704,2.6143050997137e-10,1.0000118035236523,1.0000118627656698,1.000011862765671,1.2059509270358177e-10,1.0000118627656698
1.0000109196490587,1.0000117682184,1.2248373060321582e-10,1.0000118627656691,1.000011803523653,1.0000118035236538,1.2229551611811938e-10,1.2178383038274445e-10,1.0000118063740062,1.0000118035236532,1.4357181235166207e-10,1.000011803523653,1.2178383047335472e-10,1.2120056020071984e-10,1.2201169731416174e-10,1.0000118035236547,1.0000118627656696,1.0000123930779645,1.0000118627656698,1.0000118627656691,1.0000118035236543,1.347249142399182e-10,1.2201169602711012e-10,1.0000116929779126,1.000011768218405,1.2120056145293302e-10,1.217838308965486e-10,1.0000118627656698,1.0000118627656696,2.614305099259686e-10,1.0000118035236516,1.0000118627656702,1.00001186276567,1.2059509269707744e-10,1.0000118627656698
1.0000109196490583,1.0000117682183987,1.2248373055269178e-10,1.000011862765668,1.0000118035236518,1.0000118035236538,1.2229551606430164e-10,1.217838303506577e-10,1.0000118063740049,1.0000118035236532,1.4357181235795113e-10,1.0000118035236534,1.2178383051173068e-10,1.2120056012922822e-10,1.2201169735963736e-10,1.0000118035236534,1.0000118627656698,1.0000118627656698,1.000012393077961,1.000011862765669,1.0000118035236523,1.3472491428230403e-10,1.220116959193491e-10,1.0000116929779113,1.0000117682184047,1.2120056146069383e-10,1.21783830870826e-10,1.0000118627656682,1.000011862765669,2.614305099980997e-10,1.0000118035236518,1.0000118627656704,1.000011862765669,1.2059509272671142e-10,1.0000118627656696
1.0000109196490583,1.000011768218399,1.2248373055748263e-10,1.0000118627656687,1.000011803523653,1.0000118035236547,1.2229551614213533e-10,1.2178383028305138e-10,1.0000118063740053,1.0000118035236536,1.4357181239672468e-10,1.0000118035236534,1.2178383051512064e-10,1.2120056013360207e-10,1.2201169728161921e-10,1.0000118035236534,1.0000118627656704,1.0000118627656691,1.000011862765669,1.000012393077964,1.0000118035236536,1.347249142535938e-10,1.2201169592970417e-10,1.0000116929779121,1.0000117682184055,1.212005615453306e-10,1.2178383087111483e-10,1.0000118627656691,1.0000118627656691,2.614305099980997e-10,1.0000118035236523,1.0000118627656696,1.00001186276567,1.2059509269707744e-10,1.0000118627656698
1.0000108604072238,1.0000117089763885,1.2248372312187057e-10,1.0000118035236547,1.000011744281641,1.0000117442816416,1.22295508658163e-10,1.217838228036274e-10,1.0000117471319918,1.00001174428164,1.4357180335197617e-10,1.0000117442816403,1.2178382299021816e-10,1.2120055268936285e-10,1.2201168982416372e-10,1.0000117442816419,1.0000118035236527,1.0000118035236543,1.0000118035236523,1.0000118035236536,1.000012274593937,1.3472490598522242e-10,1.2201168852636143e-10,1.0000116337359055,1.0000117089763942,1.2120055395173104e-10,1.2178382337753413e-10,1.0000118035236536,1.0000118035236523,5.185008426359461e-07,1.000011744281641,1.0000118035236552,1.0000118035236538,1.2059508524766948e-10,1.0000118035236534
2.8436367626992332e-06,2.6720285699426214e-07,3.240029332081232e-17,1.3472491433504186e-10,1.347249059592175e-10,1.3472490591175255e-10,3.1951272130596424e-17,3.2106177587997487e-17,1.347249063220218e-10,1.3472490597229136e-10,3.8642049564588444e-17,1.3472490591175255e-10,3.227848154961367e-17,3.202754890507346e-17,3.214075137005507e-17,1.347249060337658e-10,1.347249142122055e-10,1.347249142399182e-10,1.3472491428230403e-10,1.347249142535938e-10,1.3472490598522242e-10,5.303126432681991e-07,3.2036194771475223e-17,2.672028361229666e-07,2.6720285699426373e-07,3.234598181586362e-17,3.21061775879975e-17,1.3472491422472482e-10,1.3472491423153929e-10,6.891606734302881e-17,1.3472490605645898e-10,1.347249142535938e-10,1.3472491429437066e-10,3.0550722734313084e-17,1.3472491423153929e-10
2.8184224610053647e-06,1.220116840620913e-10,5.830507769498524e-14,1.220116959313437e-10,1.2201168846803228e-10,1.2201168848519134e-10,5.821150929997607e-14,2.9026299074595895e-17,1.2201168883572393e-10,1.22011688521328e-10,3.4865322858210974e-17,1.2201168853193056e-10,2.8964006215537046e-17,2.8542964074879175e-17,5.804413178571868e-14,1.2201168841827183e-10,1.220116959107835e-10,1.2201169602711012e-10,1.220116959193491e-10,1.2201169592970417e-10,1.2201168852636143e-10,3.2036194771475223e-17,5.303126322550614e-07,2.419884349272862e-07,1.2201168408062366e-10,2.853226765133855e-17,2.933801000135086e-17,1.220116959088258e-10,1.2201169597439098e-10,6.281872276108827e-17,1.2201168850903076e-10,1.220116959135528e-10,1.2201169597439098e-10,2.901700924368289e-17,1.22011695921084e-10
1.0000107498618243,1.0000115984306568,2.429246312523234e-07,1.0000116929779108,1.000011633735902,1.0000116337359035,2.425513415458847e-07,2.41536504143676e-07,1.0000116365862561,1.0000116337359028,2.847490801832188e-07,1.000011633735903,2.415365044571262e-07,2.403796918699883e-07,2.419884375914399e-07,1.0000116337359046,1.0000116929779121,1.0000116929779126,1.0000116929779113,1.0000116929779121,1.0000116337359055,2.672028361229666e-07,2.419884349272862e-07,1.000012053502478,1.0000115984306621,2.403796944913655e-07,2.4153650524594386e-07,1.0000116929779117,1.0000116929779126,5.18500783522425e-07,1.000011633735904,1.0000116929779128,1.0000116929779126,2.3917885531417196e-07,1.0000116929779113
1.000010825102085,1.0000116736711417,1.2248371859894446e-10,1.0000117682184047,1.0000117089763931,1.0000117089763947,1.222955040005957e-10,1.2178381844387306e-10,1.0000117118267455,1.000011708976394,2.847491024051605e-07,1.0000117089763942,1.2178381861931624e-10,1.2120054824992304e-10,1.2201168542195663e-10,1.0000117089763936,1.0000117682184062,1.000011768218405,1.0000117682184047,1.0000117682184055,1.0000117089763942,2.6720285699426373e-07,1.2201168408062366e-10,1.0000115984306621,1.000012203983442,1.2120054955148882e-10,1.2178381896823764e-10,1.0000117682184049,1.0000117682184062,5.185008237629067e-07,1.0000117089763927,1.0000117682184049,1.0000117682184058,1.205950808219099e-10,1.0000117682184047
2.8168137214101744e-06,1.212005495894025e-10,2.9273462249411065e-17,1.2120056145380554e-10,1.2120055393977138e-10,1.2120055407479372e-10,2.9123396138848e-17,2.9155640026635276e-17,1.2120055431587513e-10,1.212005540301446e-10,3.474812760104924e-17,1.2120055395173104e-10,2.8469029562874034e-17,5.71122280246353e-14,2.879028449224658e-17,1.2120055406132937e-10,1.2120056147868974e-10,1.2120056145293302e-10,1.2120056146069383e-10,1.212005615453306e-10,1.2120055395173104e-10,3.234598181586362e-17,2.853226765133855e-17,2.403796944913655e-07,1.2120054955148882e-10,5.303126307741181e-07,2.854981585332449e-17,1.2120056145458125e-10,1.2120056151780357e-10,6.224588711728649e-17,1.2120055395116158e-10,1.2120056149411046e-10,1.2120056151618602e-10,2.9325502433907134e-17,1.2120056153711558e-10
2.81797052834937e-06,1.2178381901437656e-10,2.936034073764447e-17,1.2178383087392562e-10,1.217838234089218e-10,1.217838233605861e-10,2.945655074885541e-17,5.778073604965641e-14,1.2178382379856436e-10,1.217838234323554e-10,3.4987818904934e-17,1.2178382343228325e-10,5.77807359309202e-14,2.9155640026635276e-17,2.9208363547126813e-17,1.2178382335913474e-10,1.2178383087873727e-10,1.217838308965486e-10,1.21783830870826e-10,1.2178383087111483e-10,1.2178382337753413e-10,3.21061775879975e-17,2.933801000135086e-17,2.4153650524594386e-07,1.2178381896823764e-10,2.854981585332449e-17,5.30312631011385e-07,1.2178383092136375e-10,1.2178383086825134e-10,6.268988612413018e-17,1.2178382333838765e-10,1.217838308739089e-10,1.2178383087111483e-10,2.855509840715377e-17,1.217838308739089e-10
1.000010919649059,1.0000117682184,1.22483730546441e-10,1.000011862765668,1.0000118035236534,1.0000118035236543,1.2229551617497846e-10,1.2178383033207517e-10,1.0000118063740049,1.0000118035236534,1.4357181233736053e-10,1.0000118035236534,1.2178383045541785e-10,1.2120056012922822e-10,1.220116973040709e-10,1.0000118035236538,1.0000118627656698,1.0000118627656698,1.0000118627656682,1.0000118627656691,1.0000118035236536,1.3472491422472482e-10,1.220116959088258e-10,1.0000116929779117,1.0000117682184049,1.2120056145458125e-10,1.2178383092136375e-10,1.0000123930779616,1.0000118627656698,2.614305099100811e-10,1.0000118035236518,1.00001186276567,1.0000118627656702,1.2059509277010573e-10,1.0000118627656696
1.0000109196490583,1.0000117682183995,1.224837306003182e-10,1.00001186276567,1.000011803523653,1.0000118035236547,1.222955161565924e-10,1.217838303506577e-10,1.0000118063740058,1.0000118035236536,1.435718123667103e-10,1.0000118035236518,1.2178383051458817e-10,1.2120056012603885e-10,1.220116973686678e-10,1.0000118035236538,1.0000118627656704,1.0000118627656696,1.000011862765669,1.0000118627656691,1.0000118035236523,1.3472491423153929e-10,1.2201169597439098e-10,1.0000116929779126,1.0000117682184062,1.2120056151780357e-10,1.2178383086825134e-10,1.0000118627656698,1.0000123930779636,2.614305098767268e-10,1.0000118035236523,1.0000118627656704,1.00001186276567,1.205950927262757e-10,1.0000118627656698
3.094933838658579e-06,5.185008237629033e-07,6.274127746838842e-17,2.61430510142407e-10,5.185008426359461e-07,5.185008426359454e-07,6.259889646344212e-17,6.267531151219097e-17,5.185008441653008e-07,5.185008426359455e-07,7.354674808767119e-17,5.185008426359455e-07,6.304009709857727e-17,6.176489783445296e-17,6.281872276108827e-17,5.185008426359465e-07,2.6143050997137e-10,2.614305099259686e-10,2.614305099980997e-10,2.614305099980997e-10,5.185008426359461e-07,6.891606734302881e-17,6.281872276108827e-17,5.18500783522425e-07,5.185008237629067e-07,6.224588711728649e-17,6.268988612413018e-17,2.614305099100811e-10,2.614305098767268e-10,5.303128367846088e-07,5.185008426359452e-07,2.614305098767268e-10,2.61430509947372e-10,6.203934652567806e-17,2.614305099100811e-10
1.0000108604072244,1.0000117089763876,1.2248372308595077e-10,1.0000118035236518,1.0000117442816403,1.0000117442816396,1.2229550864905117e-10,1.2178382288018783e-10,1.000011747131991,1.000011744281638,1.4357180332861799e-10,1.000011744281639,1.2178382299650424e-10,1.2120055268199632e-10,1.220116898476036e-10,1.0000117442816414,1.0000118035236523,1.0000118035236516,1.0000118035236518,1.0000118035236523,1.000011744281641,1.3472490605645898e-10,1.2201168850903076e-10,1.000011633735904,1.0000117089763927,1.2120055395116158e-10,1.2178382333838765e-10,1.0000118035236518,1.0000118035236523,5.185008426359452e-07,1.000012274593933,1.000011803523652,1.0000118035236534,1.2059508522059633e-10,1.000011803523652
1.0000109196490594,1.0000117682184,1.224837306003182e-10,1.0000118627656693,1.0000118035236536,1.0000118035236538,1.2229551606584782e-10,1.2178383034172857e-10,1.0000118063740062,1.0000118035236534,1.4357181233736053e-10,1.0000118035236532,1.2178383056688799e-10,1.2120056013360207e-10,1.220116972689689e-10,1.0000118035236547,1.0000118627656698,1.0000118627656702,1.0000118627656704,1.0000118627656696,1.0000118035236552,1.347249142535938e-10,1.220116959135528e-10,1.0000116929779128,1.0000117682184049,1.2120056149411046e-10,1.217838308739089e-10,1.00001186276567,1.0000118627656704,2.614305098767268e-10,1.000011803523652,1.000012393077966,1.0000118627656704,1.2059509273833153e-10,1.00001186276567
1.0000109196490594,1.0000117682183995,1.2248373060825175e-10,1.0000118627656704,1.0000118035236527,1.0000118035236545,1.222955161565924e-10,1.2178383028848988e-10,1.0000118063740053,1.0000118035236536,1.4357181233736053e-10,1.000011803523653,1.2178383051173068e-10,1.212005601799163e-10,1.2201169728161921e-10,1.0000118035236543,1.000011862765671,1.00001186276567,1.000011862765669,1.00001186276567,1.0000118035236538,1.3472491429437066e-10,1.2201169597439098e-10,1.0000116929779126,1.0000117682184058,1.2120056151618602e-10,1.2178383087111483e-10,1.0000118627656702,1.00001186276567,2.61430509947372e-10,1.0000118035236534,1.0000118627656704,1.0000123930779605,1.2059509273030503e-10,1.0000118627656687
2.8156128808087914e-06,1.205950807924423e-10,5.750010846170991e-14,1.2059509272671142e-10,1.2059508526872444e-10,1.2059508522185623e-10,2.9459989674181135e-17,2.855509840715377e-17,1.2059508562008522e-10,1.2059508525171078e-10,3.3482779485662735e-17,1.2059508525171078e-10,2.855509840715377e-17,2.979918269436213e-17,2.872489379560025e-17,1.2059508526872444e-10,1.2059509270358177e-10,1.2059509269707744e-10,1.2059509272671142e-10,1.2059509269707744e-10,1.2059508524766948e-10,3.0550722734313084e-17,2.901700924368289e-17,2.3917885531417196e-07,1.205950808219099e-10,2.9325502433907134e-17,2.855509840715377e-17,1.2059509277010573e-10,1.205950927262757e-10,6.203934652567806e-17,1.2059508522059633e-10,1.2059509273833153e-10,1.2059509273030503e-10,5.303126282628885e-07,1.2059509269707744e-10
1.0000109196490583,1.0000117682183987,1.224837305610213e-10,1.000011862765668,1.0000118035236534,1.0000118035236536,1.2229551609154134e-10,1.2178383035893178e-10,1.0000118063740056,1.0000118035236534,1.4357181235166207e-10,1.0000118035236534,1.2178383047455555e-10,1.2120056013439048e-10,1.220116973341968e-10,1.0000118035236534,1.0000118627656698,1.0000118627656698,1.0000118627656696,1.0000118627656698,1.0000118035236534,1.3472491423153929e-10,1.22011695921084e-10,1.0000116929779113,1.0000117682184047,1.2120056153711558e-10,1.217838308739089e-10,1.0000118627656696,1.0000118627656698,2.614305099100811e-10,1.000011803523652,1.00001186276567,1.0000118627656687,1.2059509269707744e-10,1.0000123930779614
