1.0000000109461666,1.0000147133102228,1.0000176871496578,2.279854302634685e-06,1.0000147133102115,1.0000147133102122,2.2826580455201e-06,1.000014713310214,2.2774244085518738e-06,3.6740107695091374e-06,2.2796335083883525e-06,2.280109157697094e-06,2.282007871386957e-06,1.0000147133102144,2.2800052222557466e-06,1.0000147133102109,1.000014713310214,1.0000147133102124,1.0000176871496576,2.2799995639078342e-06,2.281063483781026e-06,1.0000148458882148,1.0000147133102133,1.0000147133102144,1.0000147133102109,2.280245694411879e-06,2.2855631037486393e-06,1.0000147133102104,1.000014713310212,1.000014713310212,2.280405965114321e-06,1.0000147133102113,1.0000147133102097,1.0000147133102133,2.281668827821662e-06,1.0000176871496587,1.000014713310211,1.000017687149658,2.281883844455507e-06,1.000014713310213,2.2815115088973856e-06,1.0000147133102106,1.0000147133102122,2.2802456962080562e-06,2.2802456943216084e-06,2.2721285536394908e-06,1.0000147133102122,1.0000136729889246,1.0000147133102122,2.2806532640587696e-06,2.2816131772064466e-06,2.2799995653533692e-06,1.000014713310212,1.0000147133102137,2.2815115110123858e-06,2.280105952456576e-06,1.000014713310211,1.000014713310212
1.0000147133102228,1.0000155318596373,1.0000177492501179,6.339425418764522e-11,1.0000147754044368,1.0000147754044375,6.48030206677508e-11,1.0000147754044388,6.217333068996436e-11,1.5203290841485318e-06,6.32833135955284e-11,6.352230696793879e-11,6.447633433122129e-11,1.0000147754044388,6.347008581970433e-11,1.0000147754044357,1.00001477540444,1.000014775404438,1.0000177492501179,6.346724069499432e-11,6.400181643689514e-11,1.0000149079827187,1.0000147754044382,1.0000147754044395,1.0000147754044366,6.359091150297933e-11,6.626269725288363e-11,1.0000147754044346,1.000014775404438,1.0000147754044368,6.367144164379341e-11,1.000014775404438,1.0000147754044375,1.0000147754044377,6.430597971745816e-11,1.000017749250119,1.000014775404438,1.0000177492501165,6.441401542950344e-11,1.0000147754044377,6.422693374568787e-11,1.0000147754044368,1.0000147754044368,6.359091233678759e-11,6.359091173579544e-11,5.951237621317854e-11,1.0000147754044384,1.0000137350809655,1.000014775404438,6.379569920800377e-11,6.427801779617418e-11,6.346724037656945e-11,1.0000147754044366,1.0000147754044388,6.422693314966558e-11,6.35206963945771e-11,1.0000147754044364,1.0000147754044382
1.0000176871496578,1.0000177492501179,1.0000214795597873,6.339444228531903e-11,1.0000177492501103,1.0000177492501099,6.480321291696577e-11,1.0000177492501108,6.217351509642096e-11,7.639049002022842e-10,6.328350113872186e-11,6.352249526933217e-11,6.447652550327683e-11,1.0000177492501103,6.347027413097975e-11,1.0000177492501074,1.0000177492501106,1.0000177492501103,1.0000207231045908,6.346742883599457e-11,6.400200628739636e-11,1.0000178818287835,1.0000177492501106,1.0000177492501117,1.0000177492501081,6.359110007939367e-11,6.626289372602795e-11,1.0000177492501081,1.0000177492501106,1.0000177492501088,6.36716304180776e-11,1.0000177492501088,1.0000177492501092,1.0000177492501112,6.430617046861616e-11,1.0000207231045914,1.000017749250109,1.00002072310459,6.441420657100517e-11,1.00001774925011,6.42271242946537e-11,1.0000177492501103,1.0000177492501103,6.359110091328904e-11,6.359110036806571e-11,5.951255280423392e-11,1.0000177492501103,1.0000167089235577,1.0000177492501099,6.379588835877075e-11,6.427820849663551e-11,6.346742853047018e-11,1.0000177492501083,1.0000177492501108,6.422712372287897e-11,6.35208846919687e-11,1.000017749250109,1.0000177492501097
2.279854302634685e-06,6.339425418764522e-11,6.339444228531903e-11,7.564553378460652e-07,6.339425421176426e-11,6.339425420220006e-11,8.266093709283942e-18,6.339425420572278e-11,7.898201664941255e-18,9.853003498591631e-17,7.798288611173018e-18,7.932759210590927e-18,8.031128639760118e-18,6.33942541829544e-11,7.541540923455795e-18,6.339425420369421e-11,6.33942541866747e-11,6.33942541829544e-11,6.339444226174906e-11,7.809246367102686e-18,7.944992842416445e-18,6.339426261732656e-11,6.33942541829544e-11,6.339425420572278e-11,6.339425420572278e-11,8.12739751182854e-18,8.74640891943115e-18,6.339425418375838e-11,6.339425418375838e-11,6.33942541752926e-11,7.360920424034816e-18,6.33942541829544e-11,6.339425420651917e-11,6.339425419002968e-11,7.804430386237005e-18,6.339444226550977e-11,6.339425420220006e-11,6.339444231811168e-11,1.6167700039584008e-14,6.339425417801401e-11,8.36052519008626e-18,6.339425420369421e-11,6.339425420651917e-11,7.627907261679342e-18,7.627907261679342e-18,7.872674667168023e-18,6.339425418375838e-11,1.2616796000830218e-07,6.339425420425266e-11,8.406473545701877e-18,8.419143547044466e-18,7.809246367102686e-18,6.339425420671249e-11,6.339425418493358e-11,8.36052519008626e-18,1.593899403792652e-14,6.33942541752122e-11,6.339425420184829e-11
1.0000147133102115,1.0000147754044368,1.0000177492501103,6.339425421176426e-11,1.0000155318596244,1.0000147754044297,6.480302063760131e-11,1.0000147754044302,6.217333070173569e-11,1.520329084148522e-06,6.328331359387376e-11,6.352230695357403e-11,6.447633430006115e-11,1.0000147754044306,6.347008581557619e-11,1.0000147754044282,1.0000147754044304,1.0000147754044304,1.0000177492501092,6.34672407049624e-11,6.400181640697112e-11,1.0000149079827112,1.00001477540443,1.000014775404432,1.0000147754044282,6.359091147994529e-11,6.626269723622983e-11,1.000014775404427,1.00001477540443,1.0000147754044288,6.367144167053744e-11,1.0000147754044286,1.0000147754044288,1.0000147754044304,6.430597974438484e-11,1.0000177492501099,1.0000147754044293,1.0000177492501088,6.441401542755297e-11,1.00001477540443,6.422693372445259e-11,1.0000147754044293,1.00001477540443,6.359091230473818e-11,6.35909117477995e-11,5.951237621104208e-11,1.0000147754044293,1.0000137350809586,1.0000147754044293,6.379569922454072e-11,6.427801779345538e-11,6.346724038004173e-11,1.0000147754044282,1.0000147754044302,6.422693316662675e-11,6.352069636624282e-11,1.0000147754044284,1.00001477540443
1.0000147133102122,1.0000147754044375,1.0000177492501099,6.339425420220006e-11,1.0000147754044297,1.0000155318596236,6.480302067353799e-11,1.0000147754044293,6.217333068728616e-11,1.5203290841485223e-06,6.32833135720266e-11,6.352230695958231e-11,6.4476334295021e-11,1.0000147754044304,6.347008582684292e-11,1.0000147754044266,1.0000147754044315,1.0000147754044293,1.0000177492501092,6.346724069993839e-11,6.400181638559959e-11,1.00001490798271,1.0000147754044308,1.000014775404431,1.0000147754044273,6.359091148447113e-11,6.626269723295685e-11,1.0000147754044268,1.0000147754044288,1.0000147754044293,6.367144166969224e-11,1.0000147754044297,1.0000147754044295,1.0000147754044297,6.430597973377186e-11,1.0000177492501103,1.00001477540443,1.0000177492501086,6.441401543613674e-11,1.0000147754044293,6.422693374666422e-11,1.0000147754044297,1.0000147754044302,6.359091233879183e-11,6.359091172615106e-11,5.951237625589164e-11,1.0000147754044304,1.0000137350809593,1.0000147754044304,6.3795699241767e-11,6.427801775431684e-11,6.346724037656945e-11,1.0000147754044282,1.0000147754044293,6.422693315013815e-11,6.352069637016547e-11,1.000014775404429,1.0000147754044308
2.2826580455201e-06,6.48030206677508e-11,6.480321291696577e-11,8.266093709283942e-18,6.480302063760131e-11,6.480302067353799e-11,7.564553402975963e-07,6.480302063575477e-11,1.5951742735513795e-14,1.0072013157101595e-16,8.470084833091494e-18,8.127914628953027e-18,8.509693180258839e-18,6.480302066650863e-11,7.421635687230282e-18,6.480302066865185e-11,6.480302067260293e-11,6.480302064997406e-11,6.480321287677361e-11,8.215529743484167e-18,7.834460686408022e-18,6.480302921408633e-11,6.480302067447339e-11,6.480302064997406e-11,6.480302067447339e-11,8.310827426275314e-18,9.029789873664926e-18,6.480302063760131e-11,6.48030206688097e-11,6.48030206688097e-11,8.324892596517211e-18,6.480302067683359e-11,6.480302067447339e-11,6.48030206677529e-11,8.669291529012354e-18,6.480321288304492e-11,6.48030206688097e-11,6.480321288304492e-11,8.2532705191716e-18,6.48030206688097e-11,8.594288426379862e-18,6.480302067447339e-11,6.480302067447339e-11,8.18503849150719e-18,8.310827426275314e-18,7.915129823159385e-18,6.480302063760131e-11,1.2897170320703892e-07,6.480302065501073e-11,8.463936428019798e-18,8.482778142533129e-18,8.283173309183713e-18,6.480302066865185e-11,6.480302063760131e-11,8.594288426379862e-18,8.081258810497689e-18,6.480302067260293e-11,6.480302066865185e-11
1.000014713310214,1.0000147754044388,1.0000177492501108,6.339425420572278e-11,1.0000147754044302,1.0000147754044293,6.480302063575477e-11,1.0000155318596236,6.217333070013383e-11,1.520329084148522e-06,6.328331355065545e-11,6.352230696998001e-11,6.44763342868525e-11,1.0000147754044302,6.347008583535005e-11,1.000014775404427,1.0000147754044315,1.00001477540443,1.0000177492501099,6.34672407193162e-11,6.400181640373933e-11,1.0000149079827105,1.0000147754044302,1.0000147754044315,1.0000147754044282,6.359091147409426e-11,6.626269725075767e-11,1.0000147754044264,1.0000147754044302,1.0000147754044295,6.367144160053047e-11,1.00001477540443,1.0000147754044295,1.0000147754044302,6.430597973590222e-11,1.0000177492501108,1.0000147754044302,1.0000177492501092,6.441401542755297e-11,1.0000147754044297,6.42269337409205e-11,1.0000147754044304,1.0000147754044293,6.359091235235929e-11,6.359091174385863e-11,5.951237621636403e-11,1.00001477540443,1.0000137350809584,1.0000147754044304,6.379569923248954e-11,6.427801776434197e-11,6.346724041411651e-11,1.0000147754044277,1.0000147754044302,6.42269331357392e-11,6.352069640241393e-11,1.000014775404429,1.0000147754044304
2.2774244085518738e-06,6.217333068996436e-11,6.217351509642096e-11,7.898201664941255e-18,6.217333070173569e-11,6.217333068728616e-11,1.5951742735513795e-14,6.217333070013383e-11,7.564553372598088e-07,9.668458459798424e-17,1.5574884924054636e-14,1.5630992512125843e-14,8.40455409976723e-18,6.217333070077434e-11,8.028517820888667e-18,6.217333068728616e-11,6.217333066982451e-11,6.217333071347273e-11,6.217351515348317e-11,7.775822578689523e-18,7.6247836536623e-18,6.217333897911541e-11,6.217333068674084e-11,6.217333071614745e-11,6.217333068884123e-11,7.775087065508484e-18,7.882076189492232e-18,6.217333066982451e-11,6.217333069054837e-11,6.217333070077434e-11,7.927486679021063e-18,6.217333070173569e-11,6.217333069387615e-11,6.217333071968782e-11,7.78395801907916e-18,6.217351515348315e-11,6.217333070077434e-11,6.217351510816292e-11,7.784709940340304e-18,6.217333071614745e-11,8.299544176650833e-18,6.217333070177708e-11,6.217333071347273e-11,7.996139541633455e-18,7.775087065508484e-18,7.200702509930169e-18,6.217333070173569e-11,1.2373806397300004e-07,6.217333072462282e-11,7.79970891268716e-18,8.217582444531133e-18,7.775822578689523e-18,6.217333066982451e-11,6.217333071336598e-11,8.299544176650833e-18,7.981997154672803e-18,6.217333070077434e-11,6.217333073585437e-11
3.6740107695091374e-06,1.5203290841485318e-06,7.639049002022842e-10,9.853003498591631e-17,1.520329084148522e-06,1.5203290841485223e-06,1.0072013157101595e-16,1.520329084148522e-06,9.668458459798424e-17,7.564568829161484e-07,1.9630769247857814e-13,1.9752171905224324e-13,1.0021431944399828e-16,1.5203290841485227e-06,9.86413196404303e-17,1.5203290841485195e-06,1.520329084148525e-06,1.5203290841485218e-06,7.639049002770861e-10,1.9729718729789623e-13,1.979005275157486e-13,1.5203292937524896e-06,1.520329084148524e-06,1.520329084148526e-06,1.52032908414852e-06,9.906839224353437e-17,1.0284076370600934e-16,1.5203290841485182e-06,1.5203290841485218e-06,1.5203290841485212e-06,1.9771111339751044e-13,1.5203290841485212e-06,1.520329084148521e-06,1.5203290841485233e-06,9.993481576196032e-17,7.639049002807942e-10,1.520329084148521e-06,7.639048999410732e-10,1.0021612142942718e-16,1.5203290841485223e-06,9.9840493664592e-17,1.5203290841485223e-06,1.5203290841485227e-06,9.910693739943714e-17,9.907521265236713e-17,9.228368441710402e-17,1.5203290841485223e-06,1.520327440104999e-06,1.5203290841485218e-06,9.942089225852011e-17,9.986041812126109e-17,1.972971865674111e-13,1.520329084148519e-06,1.5203290841485227e-06,9.984089966516317e-17,1.9753098538035196e-13,1.5203290841485206e-06,1.5203290841485214e-06
2.2796335083883525e-06,6.32833135955284e-11,6.328350113872186e-11,7.798288611173018e-18,6.328331359387376e-11,6.32833135720266e-11,8.470084833091494e-18,6.328331355065545e-11,1.5574884924054636e-14,1.9630769247857814e-13,7.564553375650404e-07,1.590808613037694e-14,8.448088607096954e-18,6.328331359746318e-11,8.234198025082302e-18,6.328331360577819e-11,6.328331353793333e-11,6.328331355599528e-11,6.328350116432904e-11,1.589467245018521e-14,8.237363388385493e-18,6.328332193151728e-11,6.328331358317442e-11,6.328331361499505e-11,6.328331361499505e-11,8.143406941754938e-18,7.795086741253026e-18,6.328331361499505e-11,6.328331359105369e-11,6.32833135955284e-11,7.841694706156659e-18,6.328331360797732e-11,6.328331359341417e-11,6.328331358317442e-11,8.07490227683588e-18,6.328350119649163e-11,6.328331358735281e-11,6.328350118903666e-11,8.165496509858172e-18,6.32833136029346e-11,8.186257204285617e-18,6.328331359341417e-11,6.328331360357165e-11,8.528431473712376e-18,8.528431473712376e-18,6.880767887707612e-18,6.328331356627166e-11,1.259471650133272e-07,6.32833135955284e-11,8.171544525421205e-18,8.419576113871228e-18,1.5894672336140584e-14,6.328331359057111e-11,6.328331353793333e-11,8.369588531977795e-18,1.590758922863678e-14,6.328331355599528e-11,6.328331356627166e-11
2.280109157697094e-06,6.352230696793879e-11,6.352249526933217e-11,7.932759210590927e-18,6.352230695357403e-11,6.352230695958231e-11,8.127914628953027e-18,6.352230696998001e-11,1.5630992512125843e-14,1.9752171905224324e-13,1.590808613037694e-14,7.564553402044375e-07,8.195114842218752e-18,6.352230695925262e-11,7.709433025955147e-18,6.352230697944086e-11,6.352230696957065e-11,6.352230696998001e-11,6.352249527553406e-11,1.59511791379769e-14,8.273581455882767e-18,6.352231533226585e-11,6.352230695925262e-11,6.352230695958231e-11,6.352230697313291e-11,8.104536098543653e-18,8.34222981396737e-18,6.352230698697203e-11,6.352230695958231e-11,6.352230694630785e-11,1.600406328624989e-14,6.35223069847836e-11,6.352230696998001e-11,6.352230696998001e-11,8.288682647058553e-18,6.352249525807096e-11,6.352230697944086e-11,6.352249525721486e-11,8.120344504195888e-18,6.352230698420099e-11,8.181880432101491e-18,6.352230697720811e-11,6.352230695925262e-11,8.080084560354681e-18,8.104536098543653e-18,1.4958096685524515e-14,6.352230695925262e-11,1.2642281235836304e-07,6.35223069847836e-11,7.871980694534796e-18,8.024758375948227e-18,1.5951179025002703e-14,6.352230694630785e-11,6.352230695925262e-11,8.248299001739526e-18,1.5964098983739995e-14,6.352230697313291e-11,6.352230695958231e-11
2.282007871386957e-06,6.447633433122129e-11,6.447652550327683e-11,8.031128639760118e-18,6.447633430006115e-11,6.4476334295021e-11,8.509693180258839e-18,6.44763342868525e-11,8.40455409976723e-18,1.0021431944399828e-16,8.448088607096954e-18,8.195114842218752e-18,7.564553396571165e-07,6.447633430640141e-11,1.6203386063051988e-14,6.447633429134111e-11,6.447633428149107e-11,6.447633428635747e-11,6.4476525550912e-11,8.190807899463101e-18,8.681214787276796e-18,6.44763428170339e-11,6.447633429026734e-11,6.447633427587201e-11,6.44763343001912e-11,8.559802695489842e-18,8.832092408567221e-18,6.4476334295021e-11,6.447633427587201e-11,6.447633430920263e-11,7.946591530347686e-18,6.44763342935482e-11,6.447633428672552e-11,6.447633430569155e-11,8.717018139649063e-18,6.4476525550912e-11,6.447633429336854e-11,6.447652555952306e-11,8.39174469355149e-18,6.44763342935482e-11,8.244167546522524e-18,6.447633430569155e-11,6.447633428322902e-11,8.804591949074168e-18,8.804591949074168e-18,7.645341900074213e-18,6.4476334300549e-11,1.2832152829068375e-07,6.447633430006115e-11,8.22973819437575e-18,7.837094525853018e-18,7.972398119398748e-18,6.44763343001912e-11,6.447633430920263e-11,8.056624887295824e-18,8.325823922346991e-18,6.447633428322902e-11,6.447633427824577e-11
1.0000147133102144,1.0000147754044388,1.0000177492501103,6.33942541829544e-11,1.0000147754044306,1.0000147754044304,6.480302066650863e-11,1.0000147754044302,6.217333070077434e-11,1.5203290841485227e-06,6.328331359746318e-11,6.352230695925262e-11,6.447633430640141e-11,1.000015531859622,6.347008583014703e-11,1.000014775404427,1.000014775404432,1.0000147754044302,1.0000177492501097,6.346724072765738e-11,6.400181643693078e-11,1.0000149079827105,1.0000147754044304,1.0000147754044313,1.0000147754044275,6.359091149649019e-11,6.626269723257232e-11,1.0000147754044277,1.0000147754044304,1.0000147754044288,6.367144167452445e-11,1.000014775404429,1.0000147754044297,1.0000147754044302,6.430597970912314e-11,1.0000177492501106,1.00001477540443,1.0000177492501088,6.441401542316235e-11,1.0000147754044295,6.422693373726166e-11,1.0000147754044302,1.0000147754044304,6.359091232507998e-11,6.35909117631322e-11,5.951237626908831e-11,1.0000147754044304,1.000013735080958,1.0000147754044302,6.379569920147095e-11,6.427801778388996e-11,6.346724040727176e-11,1.0000147754044286,1.0000147754044308,6.422693315936318e-11,6.352069635813394e-11,1.0000147754044295,1.0000147754044302
2.2800052222557466e-06,6.347008581970433e-11,6.347027413097975e-11,7.541540923455795e-18,6.347008581557619e-11,6.347008582684292e-11,7.421635687230282e-18,6.347008583535005e-11,8.028517820888667e-18,9.86413196404303e-17,8.234198025082302e-18,7.709433025955147e-18,1.6203386063051988e-14,6.347008583014703e-11,7.564553371293803e-07,6.34700858157652e-11,6.347008582083608e-11,6.347008578598676e-11,6.347027407831266e-11,8.054664091436058e-18,7.743142698071835e-18,6.347009421250453e-11,6.347008581119372e-11,6.347008582104161e-11,6.347008582239628e-11,8.550743971984605e-18,8.343077195837325e-18,6.347008581557619e-11,6.347008582378605e-11,6.347008580432846e-11,7.695658743985974e-18,6.347008582239628e-11,6.347008581439414e-11,6.347008581048376e-11,8.322571834478222e-18,6.347027410866204e-11,6.347008583284129e-11,6.347027409946102e-11,8.251853198230358e-18,6.347008582898078e-11,8.434016791652992e-18,6.347008582239628e-11,6.34700858300656e-11,8.550743971984605e-18,7.992150379052693e-18,7.624923967365312e-18,6.347008580413487e-11,1.2631888095547555e-07,6.347008582684292e-11,8.069913338698063e-18,8.127273229553916e-18,7.72464163840257e-18,6.347008582686761e-11,6.347008578385658e-11,8.61135324385486e-18,1.5957748934097305e-14,6.34700858228169e-11,6.347008582083608e-11
1.0000147133102109,1.0000147754044357,1.0000177492501074,6.339425420369421e-11,1.0000147754044282,1.0000147754044266,6.480302066865185e-11,1.000014775404427,6.217333068728616e-11,1.5203290841485195e-06,6.328331360577819e-11,6.352230697944086e-11,6.447633429134111e-11,1.000014775404427,6.34700858157652e-11,1.0000155318596202,1.0000147754044282,1.000014775404428,1.000017749250107,6.346724071684135e-11,6.400181645078192e-11,1.0000149079827085,1.0000147754044286,1.0000147754044286,1.0000147754044262,6.359091149649019e-11,6.626269721710491e-11,1.0000147754044242,1.000014775404427,1.0000147754044264,6.367144163345447e-11,1.0000147754044268,1.0000147754044282,1.000014775404427,6.430597977133605e-11,1.0000177492501086,1.0000147754044277,1.000017749250106,6.441401542361744e-11,1.0000147754044282,6.422693374400813e-11,1.0000147754044275,1.0000147754044268,6.359091232017942e-11,6.359091171918271e-11,5.951237626908831e-11,1.0000147754044275,1.000013735080956,1.000014775404427,6.379569921269986e-11,6.427801778651946e-11,6.346724039778317e-11,1.0000147754044264,1.000014775404427,6.422693313979099e-11,6.352069635715182e-11,1.000014775404427,1.0000147754044282
1.000014713310214,1.00001477540444,1.0000177492501106,6.33942541866747e-11,1.0000147754044304,1.0000147754044315,6.480302067260293e-11,1.0000147754044315,6.217333066982451e-11,1.520329084148525e-06,6.328331353793333e-11,6.352230696957065e-11,6.447633428149107e-11,1.000014775404432,6.347008582083608e-11,1.0000147754044282,1.0000155318596244,1.0000147754044313,1.0000177492501114,6.346724070580947e-11,6.400181643040452e-11,1.0000149079827123,1.0000147754044322,1.0000147754044324,1.0000147754044286,6.359091149333238e-11,6.626269723433997e-11,1.0000147754044286,1.0000147754044313,1.00001477540443,6.367144167333556e-11,1.0000147754044313,1.0000147754044313,1.0000147754044317,6.430597971556119e-11,1.0000177492501114,1.0000147754044317,1.0000177492501106,6.441401542316235e-11,1.0000147754044313,6.422693373726072e-11,1.0000147754044313,1.0000147754044315,6.359091232507998e-11,6.359091175156668e-11,5.951237623012171e-11,1.0000147754044317,1.0000137350809595,1.0000147754044326,6.379569925155143e-11,6.427801776579344e-11,6.346724044865202e-11,1.0000147754044297,1.0000147754044315,6.422693315229788e-11,6.352069636498424e-11,1.0000147754044304,1.0000147754044322
1.0000147133102124,1.000014775404438,1.0000177492501103,6.33942541829544e-11,1.0000147754044304,1.0000147754044293,6.480302064997406e-11,1.00001477540443,6.217333071347273e-11,1.5203290841485218e-06,6.328331355599528e-11,6.352230696998001e-11,6.447633428635747e-11,1.0000147754044302,6.347008578598676e-11,1.000014775404428,1.0000147754044313,1.000015531859624,1.0000177492501103,6.346724070663577e-11,6.400181641938945e-11,1.0000149079827112,1.0000147754044304,1.0000147754044317,1.0000147754044286,6.359091154953307e-11,6.6262697235066e-11,1.0000147754044273,1.0000147754044302,1.0000147754044293,6.367144166113102e-11,1.0000147754044295,1.0000147754044302,1.0000147754044293,6.430597974513128e-11,1.0000177492501099,1.0000147754044295,1.000017749250109,6.441401542826101e-11,1.0000147754044304,6.422693373694016e-11,1.0000147754044302,1.0000147754044293,6.359091232507998e-11,6.359091174351071e-11,5.951237622941833e-11,1.0000147754044302,1.0000137350809584,1.0000147754044308,6.379569922498018e-11,6.427801779061196e-11,6.346724041411651e-11,1.0000147754044293,1.00001477540443,6.422693314966558e-11,6.35206963744305e-11,1.0000147754044293,1.0000147754044302
1.0000176871496576,1.0000177492501179,1.0000207231045908,6.339444226174906e-11,1.0000177492501092,1.0000177492501092,6.480321287677361e-11,1.0000177492501099,6.217351515348317e-11,7.639049002770861e-10,6.328350116432904e-11,6.352249527553406e-11,6.4476525550912e-11,1.0000177492501097,6.347027407831266e-11,1.000017749250107,1.0000177492501114,1.0000177492501103,1.0000214795597848,6.346742883505644e-11,6.400200628995687e-11,1.000017881828783,1.0000177492501108,1.0000177492501114,1.000017749250108,6.359110008493534e-11,6.626289382668376e-11,1.000017749250106,1.0000177492501103,1.0000177492501088,6.367163042178146e-11,1.0000177492501092,1.0000177492501097,1.0000177492501094,6.43061705201244e-11,1.000020723104591,1.0000177492501099,1.0000207231045901,6.441420649317122e-11,1.0000177492501106,6.422712433963669e-11,1.0000177492501097,1.0000177492501097,6.359110096136538e-11,6.359110036806571e-11,5.951255286145145e-11,1.0000177492501103,1.0000167089235596,1.0000177492501099,6.37958883725033e-11,6.42782084719421e-11,6.346742852846999e-11,1.0000177492501081,1.0000177492501099,6.422712368219777e-11,6.352088468670122e-11,1.0000177492501088,1.0000177492501106
2.2799995639078342e-06,6.346724069499432e-11,6.346742883599457e-11,7.809246367102686e-18,6.34672407049624e-11,6.346724069993839e-11,8.215529743484167e-18,6.34672407193162e-11,7.775822578689523e-18,1.9729718729789623e-13,1.589467245018521e-14,1.59511791379769e-14,8.190807899463101e-18,6.346724072765738e-11,8.054664091436058e-18,6.346724071684135e-11,6.346724070580947e-11,6.346724070663577e-11,6.346742883505644e-11,7.564553400682036e-07,8.185986987211817e-18,6.34672490914341e-11,6.346724071684135e-11,6.346724070709386e-11,6.346724070077666e-11,8.090829328498486e-18,8.085628035683664e-18,6.346724071933546e-11,6.346724070580947e-11,6.346724070663577e-11,1.5990582840524292e-14,6.34672407049624e-11,6.346724069768602e-11,6.346724069986615e-11,8.035582607174277e-18,6.346742883564674e-11,6.346724070663577e-11,6.346742883491048e-11,8.161426412052088e-18,6.346724071420384e-11,7.948352716467741e-18,6.346724071723166e-11,6.346724071931157e-11,8.261436650061401e-18,8.090829328498486e-18,1.4945426358075046e-14,6.346724070580947e-11,1.263132188621899e-07,6.346724069562065e-11,7.9996090720486e-18,8.190616801212456e-18,1.5937758946389605e-14,6.346724065378046e-11,6.346724071891318e-11,7.948352716467741e-18,1.5950672864033373e-14,6.346724069499432e-11,6.346724070663577e-11
2.281063483781026e-06,6.400181643689514e-11,6.400200628739636e-11,7.944992842416445e-18,6.400181640697112e-11,6.400181638559959e-11,7.834460686408022e-18,6.400181640373933e-11,7.6247836536623e-18,1.979005275157486e-13,8.237363388385493e-18,8.273581455882767e-18,8.681214787276796e-18,6.400181643693078e-11,7.743142698071835e-18,6.400181645078192e-11,6.400181643040452e-11,6.400181641938945e-11,6.400200628995687e-11,8.185986987211817e-18,7.564553396077666e-07,6.400182488067372e-11,6.400181638412942e-11,6.40018164059832e-11,6.400181643040452e-11,8.462430491229573e-18,8.540748530389304e-18,6.400181643693078e-11,6.400181638804494e-11,6.400181638915166e-11,8.052991752408841e-18,6.400181638804494e-11,6.400181639632078e-11,6.400181638804494e-11,8.002001853482575e-18,6.400200628799947e-11,6.400181637882586e-11,6.400200628616377e-11,8.180612185335894e-18,6.400181638804494e-11,8.319100822048996e-18,6.400181643040452e-11,6.400181638804494e-11,8.483359607504648e-18,8.462430491229573e-18,7.830637654323022e-18,6.400181638804494e-11,1.273771375676943e-07,6.400181643693078e-11,7.988647590010815e-18,8.300927570426036e-18,7.962337068832242e-18,6.400181640351101e-11,6.400181640351101e-11,8.319100822048996e-18,7.784545949053879e-18,6.40018164059832e-11,6.400181641938945e-11
1.0000148458882148,1.0000149079827187,1.0000178818287835,6.339426261732656e-11,1.0000149079827112,1.00001490798271,6.480302921408633e-11,1.0000149079827105,6.217333897911541e-11,1.5203292937524896e-06,6.328332193151728e-11,6.352231533226585e-11,6.44763428170339e-11,1.0000149079827105,6.347009421250453e-11,1.0000149079827085,1.0000149079827123,1.0000149079827112,1.000017881828783,6.34672490914341e-11,6.400182488067372e-11,1.0000157970162056,1.0000149079827123,1.0000149079827132,1.0000149079827092,6.359091994845258e-11,1.3187692216169702e-07,1.0000149079827083,1.0000149079827112,1.0000149079827105,6.367145002225326e-11,1.0000149079827112,1.0000149079827112,1.000014907982711,6.430598823844639e-11,1.0000178818287853,1.0000149079827116,1.0000178818287824,6.4414023976948e-11,1.0000149079827123,6.42269422156401e-11,1.0000149079827114,1.0000149079827099,6.359092079505688e-11,6.35909201568393e-11,5.951238408485735e-11,1.00001490798271,1.0000138676591033,1.0000149079827103,6.379570763583634e-11,6.42780262454327e-11,6.346724877503096e-11,1.0000149079827096,1.0000149079827105,6.422694164969277e-11,6.352070478496356e-11,1.00001490798271,1.0000149079827123
1.0000147133102133,1.0000147754044382,1.0000177492501106,6.33942541829544e-11,1.00001477540443,1.0000147754044308,6.480302067447339e-11,1.0000147754044302,6.217333068674084e-11,1.520329084148524e-06,6.328331358317442e-11,6.352230695925262e-11,6.447633429026734e-11,1.0000147754044304,6.347008581119372e-11,1.0000147754044286,1.0000147754044322,1.0000147754044304,1.0000177492501108,6.346724071684135e-11,6.400181638412942e-11,1.0000149079827123,1.0000155318596267,1.0000147754044313,1.0000147754044293,6.359091153848012e-11,6.626269725793557e-11,1.0000147754044264,1.0000147754044304,1.0000147754044304,6.367144161388862e-11,1.0000147754044304,1.0000147754044304,1.0000147754044304,6.430597973304209e-11,1.0000177492501123,1.0000147754044304,1.0000177492501088,6.441401542839805e-11,1.0000147754044308,6.42269337409205e-11,1.0000147754044308,1.0000147754044308,6.35909123376462e-11,6.359091174351071e-11,5.95123762336537e-11,1.0000147754044317,1.0000137350809593,1.000014775404431,6.37956992291767e-11,6.42780177835811e-11,6.346724038004173e-11,1.000014775404429,1.0000147754044304,6.422693313569075e-11,6.352069636272443e-11,1.0000147754044304,1.0000147754044306
1.0000147133102144,1.0000147754044395,1.0000177492501117,6.339425420572278e-11,1.000014775404432,1.000014775404431,6.480302064997406e-11,1.0000147754044315,6.217333071614745e-11,1.520329084148526e-06,6.328331361499505e-11,6.352230695958231e-11,6.447633427587201e-11,1.0000147754044313,6.347008582104161e-11,1.0000147754044286,1.0000147754044324,1.0000147754044317,1.0000177492501114,6.346724070709386e-11,6.40018164059832e-11,1.0000149079827132,1.0000147754044313,1.0000155318596242,1.0000147754044297,6.359091151437373e-11,6.626269724285825e-11,1.000014775404429,1.0000147754044308,1.0000147754044304,6.367144161388862e-11,1.0000147754044308,1.0000147754044308,1.0000147754044317,6.430597974438484e-11,1.000017749250111,1.0000147754044317,1.0000177492501099,6.441401542839805e-11,1.0000147754044324,6.422693372426256e-11,1.000014775404432,1.000014775404431,6.359091233567215e-11,6.359091174803571e-11,5.951237620862886e-11,1.0000147754044313,1.00001373508096,1.0000147754044304,6.379569921392936e-11,6.427801778863456e-11,6.346724041411651e-11,1.00001477540443,1.0000147754044313,6.42269331914723e-11,6.352069637016547e-11,1.0000147754044302,1.0000147754044322
1.0000147133102109,1.0000147754044366,1.0000177492501081,6.339425420572278e-11,1.0000147754044282,1.0000147754044273,6.480302067447339e-11,1.0000147754044282,6.217333068884123e-11,1.52032908414852e-06,6.328331361499505e-11,6.352230697313291e-11,6.44763343001912e-11,1.0000147754044275,6.347008582239628e-11,1.0000147754044262,1.0000147754044286,1.0000147754044286,1.000017749250108,6.346724070077666e-11,6.400181643040452e-11,1.0000149079827092,1.0000147754044293,1.0000147754044297,1.0000155318596216,6.35909115296864e-11,6.626269726311546e-11,1.0000147754044248,1.0000147754044284,1.0000147754044264,6.367144162156651e-11,1.000014775404427,1.0000147754044286,1.000014775404429,6.430597973304209e-11,1.0000177492501092,1.0000147754044282,1.000017749250106,6.44140154197956e-11,1.0000147754044288,6.42269337206502e-11,1.0000147754044282,1.0000147754044277,6.359091233567215e-11,6.359091172762096e-11,5.951237620933246e-11,1.0000147754044282,1.0000137350809564,1.0000147754044277,6.379569920800377e-11,6.427801777990129e-11,6.34672403798797e-11,1.0000147754044264,1.0000147754044282,6.422693316084e-11,6.35206963744305e-11,1.000014775404427,1.0000147754044293
2.280245694411879e-06,6.359091150297933e-11,6.359110007939367e-11,8.12739751182854e-18,6.359091147994529e-11,6.359091148447113e-11,8.310827426275314e-18,6.359091147409426e-11,7.775087065508484e-18,9.906839224353437e-17,8.143406941754938e-18,8.104536098543653e-18,8.559802695489842e-18,6.359091149649019e-11,8.550743971984605e-18,6.359091149649019e-11,6.359091149333238e-11,6.359091154953307e-11,6.359110008493534e-11,8.090829328498486e-18,8.462430491229573e-18,6.359091994845258e-11,6.359091153848012e-11,6.359091151437373e-11,6.35909115296864e-11,7.564553391655152e-07,8.42294262997829e-18,6.359091151265992e-11,6.359091149225508e-11,6.359091147784067e-11,8.037087670495294e-18,6.359091154936727e-11,6.359091151558124e-11,6.359091151265992e-11,8.036284852717255e-18,6.35911000348444e-11,6.359091150483116e-11,6.359110005836633e-11,8.222722040924434e-18,6.359091151265992e-11,8.205494891392188e-18,6.359091150483116e-11,6.359091150615958e-11,1.600479223295767e-14,1.6004792096300274e-14,7.794291624733089e-18,6.359091149247711e-11,1.265593497077169e-07,6.359091149333238e-11,1.6056424029622686e-14,7.917251294854275e-18,8.200810477272727e-18,6.359091145490612e-11,6.359091148116791e-11,8.205494891392188e-18,7.905233374231763e-18,6.359091150615958e-11,6.359091149247711e-11
2.2855631037486393e-06,6.626269725288363e-11,6.626289372602795e-11,8.74640891943115e-18,6.626269723622983e-11,6.626269723295685e-11,9.029789873664926e-18,6.626269725075767e-11,7.882076189492232e-18,1.0284076370600934e-16,7.795086741253026e-18,8.34222981396737e-18,8.832092408567221e-18,6.626269723257232e-11,8.343077195837325e-18,6.626269721710491e-11,6.626269723433997e-11,6.6262697235066e-11,6.626289382668376e-11,8.085628035683664e-18,8.540748530389304e-18,1.3187692216169702e-07,6.626269725793557e-11,6.626269724285825e-11,6.626269726311546e-11,8.42294262997829e-18,7.564553403672165e-07,6.626269722657856e-11,6.626269721710491e-11,6.626269726311546e-11,8.100555030738975e-18,6.62626972609302e-11,6.626269725387699e-11,6.62626972609302e-11,8.255322357869278e-18,6.626289383330707e-11,6.626269722982224e-11,6.626289372602795e-11,8.622041275249676e-18,6.626269722241222e-11,8.264184318507317e-18,6.62626972609302e-11,6.626269721710491e-11,8.246048925783299e-18,8.42294262997829e-18,8.079895155419083e-18,6.62626972352749e-11,1.3187676787101357e-07,6.62626972609302e-11,8.63461014884578e-18,8.33796887439e-18,8.085628035683664e-18,6.626269725688377e-11,6.626269725449336e-11,8.264184318507317e-18,8.654562277762103e-18,6.626269722922051e-11,6.626269723257232e-11
1.0000147133102104,1.0000147754044346,1.0000177492501081,6.339425418375838e-11,1.000014775404427,1.0000147754044268,6.480302063760131e-11,1.0000147754044264,6.217333066982451e-11,1.5203290841485182e-06,6.328331361499505e-11,6.352230698697203e-11,6.4476334295021e-11,1.0000147754044277,6.347008581557619e-11,1.0000147754044242,1.0000147754044286,1.0000147754044273,1.000017749250106,6.346724071933546e-11,6.400181643693078e-11,1.0000149079827083,1.0000147754044264,1.000014775404429,1.0000147754044248,6.359091151265992e-11,6.626269722657856e-11,1.0000155318596176,1.000014775404427,1.0000147754044262,6.367144165780116e-11,1.0000147754044262,1.0000147754044266,1.0000147754044266,6.430597974513128e-11,1.0000177492501081,1.000014775404427,1.0000177492501057,6.441401540770002e-11,1.0000147754044273,6.422693375643885e-11,1.0000147754044282,1.0000147754044264,6.35909123509098e-11,6.359091175435542e-11,5.951237621104208e-11,1.0000147754044266,1.0000137350809557,1.0000147754044268,6.379569920680829e-11,6.427801779432613e-11,6.346724037656945e-11,1.0000147754044253,1.0000147754044262,6.422693315936318e-11,6.35206963744305e-11,1.000014775404427,1.000014775404427
1.000014713310212,1.000014775404438,1.0000177492501106,6.339425418375838e-11,1.00001477540443,1.0000147754044288,6.48030206688097e-11,1.0000147754044302,6.217333069054837e-11,1.5203290841485218e-06,6.328331359105369e-11,6.352230695958231e-11,6.447633427587201e-11,1.0000147754044304,6.347008582378605e-11,1.000014775404427,1.0000147754044313,1.0000147754044302,1.0000177492501103,6.346724070580947e-11,6.400181638804494e-11,1.0000149079827112,1.0000147754044304,1.0000147754044308,1.0000147754044284,6.359091149225508e-11,6.626269721710491e-11,1.000014775404427,1.000015531859622,1.0000147754044293,6.367144164678887e-11,1.00001477540443,1.0000147754044293,1.0000147754044308,6.430597971369011e-11,1.0000177492501112,1.0000147754044295,1.000017749250109,6.441401542892142e-11,1.0000147754044302,6.42269337409205e-11,1.0000147754044302,1.0000147754044297,6.359091232507998e-11,6.359091175156668e-11,5.951237622746784e-11,1.00001477540443,1.0000137350809584,1.000014775404431,6.379569920776252e-11,6.427801774993097e-11,6.346724041609939e-11,1.0000147754044273,1.0000147754044304,6.422693317036196e-11,6.352069636555043e-11,1.000014775404429,1.0000147754044302
1.000014713310212,1.0000147754044368,1.0000177492501088,6.33942541752926e-11,1.0000147754044288,1.0000147754044293,6.48030206688097e-11,1.0000147754044295,6.217333070077434e-11,1.5203290841485212e-06,6.32833135955284e-11,6.352230694630785e-11,6.447633430920263e-11,1.0000147754044288,6.347008580432846e-11,1.0000147754044264,1.00001477540443,1.0000147754044293,1.0000177492501088,6.346724070663577e-11,6.400181638915166e-11,1.0000149079827105,1.0000147754044304,1.0000147754044304,1.0000147754044264,6.359091147784067e-11,6.626269726311546e-11,1.0000147754044262,1.0000147754044293,1.0000155318596233,6.367144162889709e-11,1.0000147754044293,1.0000147754044286,1.0000147754044295,6.43059797142475e-11,1.0000177492501092,1.0000147754044282,1.0000177492501068,6.441401542826101e-11,1.00001477540443,6.422693373958027e-11,1.0000147754044293,1.0000147754044293,6.359091234941345e-11,6.359091173015985e-11,5.951237623012171e-11,1.0000147754044293,1.0000137350809584,1.0000147754044293,6.379569922843599e-11,6.427801776434197e-11,6.346724038839654e-11,1.0000147754044277,1.000014775404429,6.422693315243512e-11,6.352069641344998e-11,1.000014775404429,1.000014775404429
2.280405965114321e-06,6.367144164379341e-11,6.36716304180776e-11,7.360920424034816e-18,6.367144167053744e-11,6.367144166969224e-11,8.324892596517211e-18,6.367144160053047e-11,7.927486679021063e-18,1.9771111339751044e-13,7.841694706156659e-18,1.600406328624989e-14,7.946591530347686e-18,6.367144167452445e-11,7.695658743985974e-18,6.367144163345447e-11,6.367144167333556e-11,6.367144166113102e-11,6.367163042178146e-11,1.5990582840524292e-14,8.052991752408841e-18,6.367145002225326e-11,6.367144161388862e-11,6.367144161388862e-11,6.367144162156651e-11,8.037087670495294e-18,8.100555030738975e-18,6.367144165780116e-11,6.367144164678887e-11,6.367144162889709e-11,7.564553400691524e-07,6.367144167166227e-11,6.367144163389686e-11,6.367144166874274e-11,8.176044262413716e-18,6.367163041749395e-11,6.367144167053744e-11,6.367163041667463e-11,8.153529394490448e-18,6.367144164668058e-11,8.11383726119659e-18,6.367144167053744e-11,6.367144168080207e-11,7.851835403707149e-18,8.036304291077584e-18,1.4994653552166917e-14,6.367144167193025e-11,1.2671962190112147e-07,6.367144169014489e-11,8.09540546238371e-18,8.188311356161235e-18,1.5990582726742535e-14,6.36714416311174e-11,6.367144166969219e-11,8.328821920046564e-18,1.600355956397574e-14,6.367144159962795e-11,6.367144160053047e-11
1.0000147133102113,1.000014775404438,1.0000177492501088,6.33942541829544e-11,1.0000147754044286,1.0000147754044297,6.480302067683359e-11,1.00001477540443,6.217333070173569e-11,1.5203290841485212e-06,6.328331360797732e-11,6.35223069847836e-11,6.44763342935482e-11,1.000014775404429,6.347008582239628e-11,1.0000147754044268,1.0000147754044313,1.0000147754044295,1.0000177492501092,6.34672407049624e-11,6.400181638804494e-11,1.0000149079827112,1.0000147754044304,1.0000147754044308,1.000014775404427,6.359091154936727e-11,6.62626972609302e-11,1.0000147754044262,1.00001477540443,1.0000147754044293,6.367144167166227e-11,1.0000155318596256,1.000014775404429,1.0000147754044302,6.430597971089346e-11,1.0000177492501103,1.000014775404429,1.0000177492501086,6.441401545411779e-11,1.000014775404431,6.422693373746707e-11,1.0000147754044297,1.00001477540443,6.359091234247333e-11,6.359091170875779e-11,5.951237626908831e-11,1.0000147754044295,1.0000137350809593,1.0000147754044302,6.379569922847715e-11,6.427801777893609e-11,6.346724044865202e-11,1.0000147754044282,1.00001477540443,6.422693314962126e-11,6.352069635813293e-11,1.000014775404429,1.00001477540443
1.0000147133102097,1.0000147754044375,1.0000177492501092,6.339425420651917e-11,1.0000147754044288,1.0000147754044295,6.480302067447339e-11,1.0000147754044295,6.217333069387615e-11,1.520329084148521e-06,6.328331359341417e-11,6.352230696998001e-11,6.447633428672552e-11,1.0000147754044297,6.347008581439414e-11,1.0000147754044282,1.0000147754044313,1.0000147754044302,1.0000177492501097,6.346724069768602e-11,6.400181639632078e-11,1.0000149079827112,1.0000147754044304,1.0000147754044308,1.0000147754044286,6.359091151558124e-11,6.626269725387699e-11,1.0000147754044266,1.0000147754044293,1.0000147754044286,6.367144163389686e-11,1.000014775404429,1.0000155318596242,1.0000147754044297,6.430597971389666e-11,1.0000177492501103,1.0000147754044293,1.0000177492501086,6.441401546512824e-11,1.0000147754044306,6.422693373460196e-11,1.0000147754044293,1.0000147754044295,6.359091234658478e-11,6.35909117303181e-11,5.951237626908831e-11,1.0000147754044293,1.0000137350809584,1.0000147754044293,6.379569923182932e-11,6.427801779045517e-11,6.346724037656945e-11,1.0000147754044282,1.00001477540443,6.422693316598167e-11,6.352069636555043e-11,1.0000147754044295,1.00001477540443
