1.0000000041146246,2.5624377922255463e-06,1.0000005852452885,1.0000005852452876,1.00000058524529,1.000000585245291,2.5624378088398448e-06,2.5624378088450972e-06,2.562437807561302e-06,2.567524560926871e-06,2.562437806373913e-06,1.00000058524529,2.5624378088398435e-06,1.0000005852452885,2.562437807561343e-06,1.0000005852452887,2.5624378088398448e-06,1.000000585245288,2.56341542850162e-06,1.00000058524529,2.5675571948361525e-06,1.0000005864323795,1.000000585245291,2.5624378097417993e-06,1.0000005852452882,2.562437806373913e-06,1.0000005852452891,1.000000585245288,2.5787631200356663e-06,2.562437806373913e-06,2.578763120035677e-06,2.5624378063791683e-06,2.5624378088398037e-06,2.5624378088398037e-06,2.5624378088398037e-06,2.572987822866294e-06,2.563415428509319e-06,1.0000005225771336,1.0000005852452893,1.000000585245288,2.578763120056693e-06,1.00000058524529,2.562437806379127e-06,2.562437808845099e-06,1.0000005852452876,1.0000005852452882,1.0000005852452887,1.00000058524529,1.0000005852452871,2.563415428501809e-06,1.0000005852452876,1.000000586609745,2.5675571947628973e-06,1.0000005852452896,2.5624378088398435e-06,1.0000005837053134,1.0000005852452951,1.00000058643238,1.0000005837053147,2.5624378063791683e-06,1.0000005806082122,2.5624378088398435e-06,2.5624378088398024e-06,1.00000058524529,2.5634154285017666e-06,1.000000585245288
2.5624377922255463e-06,2.5930190591229674e-06,7.656646797320981e-11,7.656646801811923e-11,7.656646800038795e-11,7.656646801066404e-11,2.2832054658115586e-14,2.2832054647141023e-14,2.2832054521955884e-14,2.359344312291174e-14,2.2832054634007625e-14,7.656646795668614e-11,2.2832054627631653e-14,7.656646794124679e-11,2.2832054540752458e-14,7.656646805874115e-11,2.2832054677186715e-14,7.65664680246937e-11,1.1500157547162311e-17,7.656646794124679e-11,2.3598681949312723e-14,7.656646812247264e-11,7.656646799361408e-11,2.2832054705027882e-14,7.656646801015976e-11,2.2832054617584424e-14,7.656646800038795e-11,7.656646794124679e-11,2.5275242024062008e-14,2.2832054657152018e-14,2.5275241973742587e-14,2.2832054545444006e-14,2.2832054694220753e-14,2.28320546383586e-14,2.2832054647929597e-14,2.4411461385361268e-14,1.151734372937733e-17,1.5248221495617863e-07,7.656646795668614e-11,7.656646800038795e-11,2.5275242064050576e-14,7.656646802079525e-11,2.2832054618442695e-14,2.2832054712509152e-14,7.656646800038795e-11,7.656646800594659e-11,7.656646794124679e-11,7.656646800594659e-11,7.656646795668614e-11,1.1563723244314896e-17,7.656646801015976e-11,7.656646809660811e-11,2.359868204251029e-14,7.656646800038795e-11,2.283205459857117e-14,7.656646793392854e-11,7.656646800038795e-11,7.656646811960194e-11,7.656646790204973e-11,2.2832054677193708e-14,7.656646773847336e-11,2.2832054596326945e-14,2.2832054666302612e-14,7.656646795668614e-11,1.1587194302639773e-17,7.656646805245398e-11
1.0000005852452885,7.656646797320981e-11,1.0000005610901208,0.999997968071412,0.9999979680714102,0.999997968071411,7.656647378844107e-11,7.656647379907684e-11,7.656647333459215e-11,7.912070294868424e-11,7.656647368415478e-11,0.9999979680714117,7.656647373537468e-11,0.999997968071411,7.656647335176055e-11,0.9999979680714125,7.656647393997973e-11,0.9999979680714117,7.705737181131258e-11,0.9999979680714117,7.913708985795395e-11,0.9999979692584992,0.9999979680714107,7.656647391445821e-11,0.999997968071412,7.656647375971945e-11,0.9999979680714113,0.9999979680714117,8.476396012041348e-11,7.65664738088066e-11,8.476396001805792e-11,7.65664734978053e-11,7.656647388722759e-11,7.656647378409131e-11,7.656647372197588e-11,8.186399167046976e-11,7.70573716270854e-11,0.9999979054032996,0.9999979680714118,0.9999979680714117,8.476396030142675e-11,0.9999979680714113,7.656647366107861e-11,7.656647392628656e-11,0.999997968071412,0.999997968071411,0.9999979680714123,0.9999979680714114,0.9999979680714115,7.705737111446809e-11,0.9999979680714118,0.999997969435864,7.913709017504892e-11,0.9999979680714122,7.65664736012615e-11,0.9999979665314374,0.9999979680714114,0.9999979692584999,0.9999979665314374,7.656647380646617e-11,0.9999979634343374,7.656647366544192e-11,7.65664737475568e-11,0.9999979680714113,7.705737146079662e-11,0.999997968071412
1.0000005852452876,7.656646801811923e-11,0.999997968071412,1.000000561090123,0.9999979680714114,0.9999979680714115,7.656647382553277e-11,7.656647379463054e-11,7.656647332537228e-11,7.912070294184635e-11,7.656647374236169e-11,0.9999979680714122,7.65664737215208e-11,0.9999979680714114,7.656647332535483e-11,0.9999979680714125,7.656647394373578e-11,0.999997968071412,7.705737183482052e-11,0.9999979680714125,7.913708986447886e-11,0.9999979692584996,0.9999979680714114,7.656647394631915e-11,0.999997968071412,7.656647369556317e-11,0.9999979680714115,0.9999979680714117,8.476396012535552e-11,7.656647382577775e-11,8.476395997205333e-11,7.656647355797289e-11,7.656647382350174e-11,7.656647372613192e-11,7.656647373719483e-11,8.186399163231923e-11,7.705737165461686e-11,0.9999979054033,0.9999979680714125,0.9999979680714114,8.476396027275871e-11,0.999997968071412,7.656647370918132e-11,7.656647386957955e-11,0.9999979680714125,0.9999979680714114,0.9999979680714125,0.999997968071412,0.9999979680714117,7.705737109392455e-11,0.9999979680714125,0.9999979694358636,7.913709008900212e-11,0.999997968071412,7.65664736012615e-11,0.9999979665314366,0.9999979680714125,0.9999979692584994,0.9999979665314381,7.656647384360552e-11,0.9999979634343374,7.656647366544192e-11,7.656647373654142e-11,0.9999979680714127,7.705737136389027e-11,0.9999979680714118
1.00000058524529,7.656646800038795e-11,0.9999979680714102,0.9999979680714114,1.0000005610901186,0.999997968071411,7.656647384814018e-11,7.656647369057627e-11,7.656647332329888e-11,7.912070294193279e-11,7.65664737485489e-11,0.9999979680714105,7.65664737101627e-11,0.9999979680714102,7.65664733416222e-11,0.9999979680714113,7.656647394374933e-11,0.9999979680714103,7.705737184983808e-11,0.9999979680714105,7.913708986318438e-11,0.9999979692584987,0.9999979680714101,7.656647398357768e-11,0.999997968071411,7.656647372088998e-11,0.9999979680714105,0.999997968071411,8.476396010673437e-11,7.656647382701238e-11,8.476396004485564e-11,7.656647349185251e-11,7.656647387600063e-11,7.656647372613192e-11,7.656647368072101e-11,8.186399163231923e-11,7.705737164123097e-11,0.9999979054032988,0.9999979680714117,0.999997968071411,8.476396024898693e-11,0.9999979680714098,7.656647368100257e-11,7.656647392628656e-11,0.9999979680714115,0.9999979680714102,0.9999979680714111,0.9999979680714106,0.999997968071411,7.705737111507457e-11,0.9999979680714114,0.9999979694358619,7.913709014447092e-11,0.9999979680714111,7.656647357475523e-11,0.9999979665314361,0.999997968071411,0.9999979692584987,0.9999979665314366,7.656647385104948e-11,0.9999979634343363,7.656647367489287e-11,7.656647377508094e-11,0.9999979680714103,7.705737133769675e-11,0.9999979680714106
1.000000585245291,7.656646801066404e-11,0.999997968071411,0.9999979680714115,0.999997968071411,1.0000005610901184,7.656647380631633e-11,7.656647379606112e-11,7.656647333101398e-11,7.91207029264797e-11,7.656647371804963e-11,0.999997968071411,7.656647373932855e-11,0.9999979680714113,7.656647335467145e-11,0.9999979680714113,7.656647394374933e-11,0.9999979680714102,7.70573718017377e-11,0.9999979680714107,7.913708988437592e-11,0.9999979692584994,0.9999979680714103,7.656647391610933e-11,0.9999979680714114,7.656647372704806e-11,0.9999979680714106,0.9999979680714106,8.476396012535552e-11,7.656647382701238e-11,8.476395998941988e-11,7.656647355797289e-11,7.656647382350174e-11,7.656647369692519e-11,7.656647372197588e-11,8.186399163064441e-11,7.705737165826307e-11,0.9999979054032997,0.9999979680714114,0.9999979680714113,8.476396027701508e-11,0.9999979680714113,7.656647366107861e-11,7.65664738773045e-11,0.9999979680714122,0.9999979680714113,0.9999979680714117,0.999997968071411,0.9999979680714113,7.705737104520864e-11,0.9999979680714115,0.9999979694358624,7.913709016991976e-11,0.9999979680714114,7.65664736012615e-11,0.9999979665314361,0.999997968071412,0.9999979692584993,0.9999979665314369,7.65664738772525e-11,0.9999979634343363,7.656647366544192e-11,7.656647377707817e-11,0.9999979680714115,7.705737140825815e-11,0.9999979680714114
2.5624378088398448e-06,2.2832054658115586e-14,7.656647378844107e-11,7.656647382553277e-11,7.656647384814018e-11,7.656647380631633e-11,2.5930190591229674e-06,2.283205644564416e-14,2.2832056320459036e-14,2.3593444982162572e-14,2.2832056432510852e-14,7.656647378844107e-11,2.2832056426134786e-14,7.656647380007112e-11,2.283205633925566e-14,7.65664738035765e-11,2.283205647568998e-14,7.656647375785263e-11,1.1518470145308681e-17,7.656647380377444e-11,2.3598683807999272e-14,7.656647392931321e-11,7.656647378484754e-11,2.283205650353108e-14,7.656647379438467e-11,2.283205641608759e-14,7.656647375785263e-11,7.656647382319903e-11,2.5275244018619167e-14,2.2832056455655192e-14,2.527524396829972e-14,2.283205634394718e-14,2.2832056492723955e-14,2.2832056436861786e-14,2.2832056446432726e-14,2.441146330911756e-14,1.1606362221408225e-17,1.524822264387167e-07,7.656647373516128e-11,7.656647381860872e-11,2.52752440586078e-14,7.656647373516128e-11,2.2832056416945898e-14,2.283205651101234e-14,7.656647375785263e-11,7.656647380631633e-11,7.65664738035765e-11,7.65664738035765e-11,7.656647375785263e-11,1.149608857129406e-17,7.656647382319903e-11,7.656647390945777e-11,2.3598683901196843e-14,7.656647378484754e-11,2.283205639707431e-14,7.656647368000612e-11,7.65664738035765e-11,7.656647386579612e-11,7.656647367405737e-11,2.283205647569687e-14,7.656647351041613e-11,2.2832056394830135e-14,2.283205646480577e-14,7.656647380377444e-11,1.1560106488310346e-17,7.656647373516128e-11
2.5624378088450972e-06,2.2832054647141023e-14,7.656647379907684e-11,7.656647379463054e-11,7.656647369057627e-11,7.656647379606112e-11,2.283205644564416e-14,2.5930190591229674e-06,2.2832056309484473e-14,2.3593444970805538e-14,2.283205642153625e-14,7.656647379015612e-11,2.283205641516024e-14,7.656647377880957e-11,2.2832056328281075e-14,7.656647377880894e-11,2.2832056464715345e-14,7.656647377808563e-11,1.1443799232042321e-17,7.656647377880894e-11,2.3598683796660552e-14,7.656647385242658e-11,7.656647373521052e-11,2.283205649255642e-14,7.656647377880894e-11,2.283205640511301e-14,7.656647377880894e-11,7.656647377880894e-11,2.5275244006393486e-14,2.2832056444680565e-14,2.5275243956074043e-14,2.2832056332972563e-14,2.2832056481749382e-14,2.2832056425887207e-14,2.2832056435458172e-14,2.4411463297365844e-14,1.1573768853133156e-17,1.5248222634034305e-07,7.656647377880894e-11,7.656647372992494e-11,2.52752440463821e-14,7.656647373521052e-11,2.2832056405971306e-14,2.2832056500037762e-14,7.656647373364198e-11,7.656647370957061e-11,7.656647377880894e-11,7.656647372992494e-11,7.656647373521052e-11,1.1497411885219401e-17,7.656647373364198e-11,7.656647384932677e-11,2.3598683889858125e-14,7.656647377880894e-11,2.2832056386099758e-14,7.656647367568224e-11,7.656647368742771e-11,7.656647380715268e-11,7.656647370322018e-11,2.2832056464722258e-14,7.65664734184275e-11,2.2832056383855508e-14,2.283205645383122e-14,7.656647379606112e-11,1.1532023921924349e-17,7.656647379015612e-11
2.562437807561302e-06,2.2832054521955884e-14,7.656647333459215e-11,7.656647332537228e-11,7.656647332329888e-11,7.656647333101398e-11,2.2832056320459036e-14,2.2832056309484473e-14,2.5930190591229674e-06,2.3593444841414773e-14,2.2832056296351087e-14,7.656647330261334e-11,2.2832056289975097e-14,7.65664733247305e-11,2.283205620309597e-14,7.656647334352917e-11,2.283205633953022e-14,7.656647334393963e-11,1.1573768853133156e-17,7.656647330261334e-11,2.359868366728014e-14,7.656647339706401e-11,7.65664733247305e-11,2.2832056367371348e-14,7.656647331230566e-11,2.2832056279927874e-14,7.656647334352917e-11,7.656647332329885e-11,2.5275243867667648e-14,2.2832056319495468e-14,2.5275243817348268e-14,2.2832056207787434e-14,2.2832056356564228e-14,2.2832056300702078e-14,2.283205631027304e-14,2.4411463163487098e-14,1.1528653538074245e-17,1.5248222547208754e-07,7.656647326655748e-11,7.65664733042497e-11,2.527524390765631e-14,7.656647326655748e-11,2.2832056280786186e-14,2.2832056374852655e-14,7.656647331270077e-11,7.65664733025634e-11,7.656647331270077e-11,7.65664733247305e-11,7.656647334352917e-11,1.1577903395820744e-17,7.656647326750719e-11,7.656647346652255e-11,2.359868376047776e-14,7.656647331440192e-11,2.2832056260914588e-14,7.65664732121225e-11,7.656647330041556e-11,7.656647349213306e-11,7.656647316774858e-11,2.2832056339537158e-14,7.656647291210816e-11,2.283205625867038e-14,2.2832056328646068e-14,7.656647331270077e-11,1.1577903395820744e-17,7.656647330261334e-11
2.567524560926871e-06,2.359344312291174e-14,7.912070294868424e-11,7.912070294184635e-11,7.912070294193279e-11,7.91207029264797e-11,2.3593444982162572e-14,2.3593444970805538e-14,2.3593444841414773e-14,2.5930190642747475e-06,2.3593444957254185e-14,7.912070294184635e-11,2.359344495064348e-14,7.912070294875043e-11,2.3593444860836494e-14,7.912070289951454e-11,2.3593445001873316e-14,7.912070295582897e-11,1.1830839990693844e-17,7.912070294875043e-11,2.438563737320802e-14,7.912070305432769e-11,7.912070294184635e-11,2.3593445030639678e-14,7.912070294875043e-11,2.3593444940264513e-14,7.91207029264797e-11,7.912070294875043e-11,2.6118105605362576e-14,2.3593444981157056e-14,2.6118105553365428e-14,2.3593444865701204e-14,2.35934450194738e-14,2.3593444961736184e-14,2.3593444971621015e-14,2.522552069079561e-14,1.1932391402258407e-17,1.5756897684734086e-07,7.912070294875043e-11,7.912070294562555e-11,2.6118105646718757e-14,7.912070293272029e-11,2.3593444941149927e-14,2.3593445038378063e-14,7.912070293208743e-11,7.912070296329591e-11,7.91207029264797e-11,7.912070293198953e-11,7.91207029264797e-11,1.1971590798008683e-17,7.912070294875043e-11,7.912070295708964e-11,2.438563746953277e-14,7.912070293208743e-11,2.3593444920608264e-14,7.912070287862754e-11,7.912070293272029e-11,7.912070302635341e-11,7.912070287862754e-11,2.359344500187932e-14,1.575689855005585e-07,2.359344491829975e-14,2.3593444990619568e-14,7.912070294136625e-11,1.1881687998286594e-17,7.91207029264797e-11
2.562437806373913e-06,2.2832054634007625e-14,7.656647368415478e-11,7.656647374236169e-11,7.65664737485489e-11,7.656647371804963e-11,2.2832056432510852e-14,2.283205642153625e-14,2.2832056296351087e-14,2.3593444957254185e-14,2.5930190591229674e-06,7.656647375202452e-11,2.2832056402026903e-14,7.656647373668302e-11,2.2832056315147727e-14,7.656647379176508e-11,2.2832056451582016e-14,7.656647371480903e-11,1.1534794079370218e-17,7.656647371480903e-11,2.3598683783081072e-14,7.656647382052067e-11,7.65664737485489e-11,2.28320564794231e-14,7.65664737485489e-11,2.2832056391979668e-14,7.656647373832344e-11,7.656647374954338e-11,2.52752439919478e-14,2.2832056431547256e-14,2.5275243941628406e-14,2.2832056319839225e-14,2.2832056468616025e-14,2.283205641275389e-14,2.283205642232484e-14,2.441146328334577e-14,1.1483472916745658e-17,1.5248222635216875e-07,7.656647372057134e-11,7.656647371480903e-11,2.52752440319364e-14,7.656647371480903e-11,2.283205639283796e-14,2.283205648690439e-14,7.656647374954338e-11,7.65664737485489e-11,7.656647374954338e-11,7.656647374236169e-11,7.656647374954338e-11,1.1540168944202294e-17,7.656647375613715e-11,7.656647387393466e-11,2.3598683876278683e-14,7.656647373668302e-11,2.2832056372966382e-14,7.65664736823013e-11,7.656647373668302e-11,7.656647382049392e-11,7.656647360013092e-11,2.2832056451588952e-14,7.65664734193848e-11,2.2832056370722167e-14,2.283205644069786e-14,7.656647379176508e-11,1.1573768853133156e-17,7.65664737485489e-11
1.00000058524529,7.656646795668614e-11,0.9999979680714117,0.9999979680714122,0.9999979680714105,0.999997968071411,7.656647378844107e-11,7.656647379015612e-11,7.656647330261334e-11,7.912070294184635e-11,7.656647375202452e-11,1.000000561090116,7.656647364441508e-11,0.9999979680714113,7.6566473305533e-11,0.9999979680714114,7.656647395217162e-11,0.999997968071411,7.70573718286311e-11,0.9999979680714106,7.913708992024531e-11,0.9999979692584987,0.9999979680714102,7.656647395102554e-11,0.9999979680714114,7.656647371972707e-11,0.999997968071411,0.999997968071411,8.476396013374008e-11,7.656647382701238e-11,8.476396004485564e-11,7.656647349722885e-11,7.65664738402336e-11,7.65664737360067e-11,7.656647375794614e-11,8.186399162447574e-11,7.705737164202808e-11,0.9999979054032991,0.999997968071412,0.9999979680714113,8.476396027142598e-11,0.999997968071411,7.656647370918132e-11,7.656647392628656e-11,0.9999979680714122,0.9999979680714113,0.9999979680714114,0.9999979680714115,0.9999979680714105,7.705737109392455e-11,0.9999979680714122,0.9999979694358624,7.913709015176957e-11,0.9999979680714122,7.656647357475523e-11,0.9999979665314365,0.9999979680714113,0.9999979692584992,0.9999979665314369,7.656647381536078e-11,0.9999979634343368,7.656647366544192e-11,7.656647374690164e-11,0.9999979680714113,7.705737139908792e-11,0.9999979680714114
2.5624378088398435e-06,2.2832054627631653e-14,7.656647373537468e-11,7.65664737215208e-11,7.65664737101627e-11,7.656647373932855e-11,2.2832056426134786e-14,2.283205641516024e-14,2.2832056289975097e-14,2.359344495064348e-14,2.2832056402026903e-14,7.656647364441508e-11,2.5930190591229674e-06,7.656647365786006e-11,2.2832056308771724e-14,7.656647370327118e-11,2.2832056445205988e-14,7.656647372301488e-11,1.153202392192439e-17,7.656647370807104e-11,2.35986837764966e-14,7.656647376708571e-11,7.656647368483491e-11,2.2832056473047107e-14,7.656647371704911e-11,2.283205638560364e-14,7.65664737215208e-11,7.656647373416261e-11,2.5275243984786245e-14,2.2832056425171193e-14,2.5275243934466846e-14,2.2832056313463213e-14,2.283205646224002e-14,2.283205640637787e-14,2.283205641594879e-14,2.4411463276504493e-14,1.1542702823590864e-17,1.5248222616938732e-07,7.656647371627034e-11,7.656647370327118e-11,2.5275244024774882e-14,7.656647365847741e-11,2.283205638646201e-14,2.2832056480528386e-14,7.65664737215208e-11,7.656647368587049e-11,7.656647373537468e-11,7.656647370327118e-11,7.65664737215208e-11,1.1533696242472351e-17,7.656647367656378e-11,7.656647380940639e-11,2.3598683869694178e-14,7.656647368587049e-11,2.2832056366590413e-14,7.65664735764799e-11,7.656647371627034e-11,7.656647379860438e-11,7.656647355874046e-11,2.283205644521296e-14,7.656647334156561e-11,2.2832056364346148e-14,2.2832056434321875e-14,7.656647365847741e-11,1.153202392192439e-17,7.65664737215208e-11
1.0000005852452885,7.656646794124679e-11,0.999997968071411,0.9999979680714114,0.9999979680714102,0.9999979680714113,7.656647380007112e-11,7.656647377880957e-11,7.65664733247305e-11,7.912070294875043e-11,7.656647373668302e-11,0.9999979680714113,7.656647365786006e-11,1.0000005610901168,7.6566473308429e-11,0.9999979680714114,7.656647395882084e-11,0.9999979680714106,7.705737181677696e-11,0.9999979680714113,7.913708990593929e-11,0.9999979692584988,0.9999979680714113,7.656647393764594e-11,0.9999979680714113,7.656647372810182e-11,0.9999979680714117,0.9999979680714113,8.476396012535552e-11,7.656647379349024e-11,8.476395994335601e-11,7.6566473466519e-11,7.65664738402336e-11,7.656647378409131e-11,7.656647372197588e-11,8.186399163762119e-11,7.705737164202808e-11,0.9999979054032991,0.9999979680714118,0.9999979680714115,8.476396027915988e-11,0.9999979680714106,7.656647362488546e-11,7.656647386957955e-11,0.9999979680714114,0.999997968071411,0.9999979680714118,0.9999979680714113,0.9999979680714114,7.705737104520864e-11,0.9999979680714114,0.9999979694358624,7.913709014447092e-11,0.9999979680714125,7.65664736012615e-11,0.9999979665314361,0.9999979680714117,0.9999979692584989,0.9999979665314361,7.656647383271938e-11,0.9999979634343367,7.656647369011716e-11,7.65664737533933e-11,0.9999979680714107,7.705737133844841e-11,0.9999979680714113
2.562437807561343e-06,2.2832054540752458e-14,7.656647335176055e-11,7.656647332535483e-11,7.65664733416222e-11,7.656647335467145e-11,2.283205633925566e-14,2.2832056328281075e-14,2.283205620309597e-14,2.3593444860836494e-14,2.2832056315147727e-14,7.6566473305533e-11,2.2832056308771724e-14,7.6566473308429e-11,2.5930190591229674e-06,7.65664733122349e-11,2.2832056358326808e-14,7.656647332566371e-11,1.1517619695636169e-17,7.656647332454374e-11,2.3598683686708163e-14,7.656647343234486e-11,7.656647334129909e-11,2.2832056386167953e-14,7.656647334129909e-11,2.2832056298724527e-14,7.656647335467145e-11,7.656647331109635e-11,2.527524388846736e-14,2.2832056338292067e-14,2.5275243838147933e-14,2.2832056226584052e-14,2.2832056375360843e-14,2.2832056319498724e-14,2.2832056329069598e-14,2.4411463183581976e-14,1.1485052991977333e-17,1.5248222550742488e-07,7.656647331411279e-11,7.656647330955702e-11,2.5275243928456007e-14,7.65664733247267e-11,2.2832056299582776e-14,2.2832056393649292e-14,7.656647327933995e-11,7.656647330728805e-11,7.656647331841622e-11,7.656647329695992e-11,7.656647331835822e-11,1.1485052991977333e-17,7.656647330728805e-11,7.656647340297585e-11,2.3598683779905787e-14,7.656647333026154e-11,2.283205627971124e-14,7.656647315601274e-11,7.656647330195791e-11,7.6566473441181e-11,7.656647319043287e-11,2.283205635833378e-14,7.656647302724158e-11,2.2832056277467026e-14,2.2832056347442673e-14,7.65664733416222e-11,1.1506302331150327e-17,7.656647330961585e-11
1.0000005852452887,7.656646805874115e-11,0.9999979680714125,0.9999979680714125,0.9999979680714113,0.9999979680714113,7.65664738035765e-11,7.656647377880894e-11,7.656647334352917e-11,7.912070289951454e-11,7.656647379176508e-11,0.9999979680714114,7.656647370327118e-11,0.9999979680714114,7.65664733122349e-11,1.00000056109012,7.656647385246826e-11,0.9999979680714113,7.70573717585715e-11,0.9999979680714117,7.913708990593929e-11,0.9999979692584999,0.9999979680714113,7.656647398351737e-11,0.9999979680714126,7.656647375971945e-11,0.9999979680714114,0.9999979680714122,8.476396012041348e-11,7.656647382342464e-11,8.476395994960398e-11,7.656647352331765e-11,7.656647387848864e-11,7.656647374975763e-11,7.656647368072101e-11,8.186399161031744e-11,7.705737165461686e-11,0.9999979054033005,0.999997968071412,0.9999979680714117,8.476396027142598e-11,0.9999979680714122,7.65664736632615e-11,7.656647392628656e-11,0.9999979680714125,0.9999979680714115,0.9999979680714125,0.9999979680714115,0.999997968071412,7.705737103851846e-11,0.9999979680714125,0.9999979694358637,7.913709022478398e-11,0.999997968071412,7.65664735627437e-11,0.9999979665314378,0.9999979680714125,0.9999979692584996,0.9999979665314374,7.65664738634878e-11,0.9999979634343373,7.656647369012115e-11,7.656647374690164e-11,0.9999979680714115,7.705737136389027e-11,0.9999979680714125
2.5624378088398448e-06,2.2832054677186715e-14,7.656647393997973e-11,7.656647394373578e-11,7.656647394374933e-11,7.656647394374933e-11,2.283205647568998e-14,2.2832056464715345e-14,2.283205633953022e-14,2.3593445001873316e-14,2.2832056451582016e-14,7.656647395217162e-11,2.2832056445205988e-14,7.656647395882084e-11,2.2832056358326808e-14,7.656647385246826e-11,2.5930190591229674e-06,7.656647393490326e-11,1.1500157547162311e-17,7.656647394373578e-11,2.3598683827709962e-14,7.656647392558565e-11,7.656647395217162e-11,2.283205652260227e-14,7.656647393997973e-11,2.283205643515882e-14,7.656647394410426e-11,7.65664739241703e-11,2.5275244039747645e-14,2.2832056474726315e-14,2.527524398942823e-14,2.2832056363018388e-14,2.283205651179513e-14,2.2832056455932985e-14,2.2832056465503896e-14,2.4411463329511872e-14,1.153202392192439e-17,1.5248222659291303e-07,7.656647391779003e-11,7.656647395217162e-11,2.527524407973627e-14,7.656647394410426e-11,2.2832056436017083e-14,2.2832056530083524e-14,7.656647390477331e-11,7.656647393684464e-11,7.656647388342932e-11,7.656647393997973e-11,7.656647388342932e-11,1.149608857129406e-17,7.656647388342932e-11,7.656647399421547e-11,2.3598683920907533e-14,7.656647394410426e-11,2.2832056416145557e-14,7.656647372195926e-11,7.656647392796567e-11,7.656647393693141e-11,7.656647371074128e-11,2.283205649476808e-14,7.656647357631894e-11,2.2832056413901333e-14,2.2832056483876987e-14,7.656647394405396e-11,1.1532023921924349e-17,7.656647393690041e-11
1.000000585245288,7.65664680246937e-11,0.9999979680714117,0.999997968071412,0.9999979680714103,0.9999979680714102,7.656647375785263e-11,7.656647377808563e-11,7.656647334393963e-11,7.912070295582897e-11,7.656647371480903e-11,0.999997968071411,7.656647372301488e-11,0.9999979680714106,7.656647332566371e-11,0.9999979680714113,7.656647393490326e-11,1.0000005610901193,7.705737183482052e-11,0.9999979680714117,7.913708988799762e-11,0.9999979692584987,0.9999979680714102,7.656647392652101e-11,0.9999979680714117,7.656647371630735e-11,0.9999979680714102,0.9999979680714114,8.476396012335385e-11,7.6566473832732e-11,8.476395999317235e-11,7.656647348947866e-11,7.656647389059493e-11,7.656647373578292e-11,7.65664738228094e-11,8.186399165398711e-11,7.705737164202808e-11,0.9999979054032989,0.9999979680714117,0.9999979680714114,8.47639602494492e-11,0.9999979680714113,7.656647366107861e-11,7.656647390035649e-11,0.999997968071412,0.9999979680714106,0.999997968071412,0.9999979680714113,0.9999979680714113,7.70573710898763e-11,0.9999979680714117,0.9999979694358636,7.913709023930427e-11,0.9999979680714117,7.65664736012615e-11,0.9999979665314362,0.9999979680714111,0.9999979692584994,0.9999979665314374,7.65664738776169e-11,0.9999979634343363,7.656647370138993e-11,7.656647372179019e-11,0.9999979680714113,7.705737141261324e-11,0.9999979680714117
2.56341542850162e-06,1.1500157547162311e-17,7.705737181131258e-11,7.705737183482052e-11,7.705737184983808e-11,7.70573718017377e-11,1.1518470145308681e-17,1.1443799232042321e-17,1.1573768853133156e-17,1.1830839990693844e-17,1.1534794079370218e-17,7.70573718286311e-11,1.153202392192439e-17,7.705737181677696e-11,1.1517619695636169e-17,7.70573717585715e-11,1.1500157547162311e-17,7.705737183482052e-11,2.5930190611331184e-06,7.70573717525612e-11,1.203871023828926e-17,7.705737194128e-11,7.705737178790642e-11,1.1532023921924349e-17,7.705737184494084e-11,1.1540168944202294e-17,7.705737184457478e-11,7.705737179478026e-11,1.279610274182967e-17,1.1443799232042321e-17,1.2784039591705834e-17,1.1443799232042321e-17,1.1534794079370218e-17,1.147401062374516e-17,1.1541601938290568e-17,1.2301507190296422e-17,2.3146215850022337e-14,1.5345985055330575e-07,7.705737181442581e-11,7.70573718286311e-11,1.2784039591705834e-17,7.70573718286311e-11,1.1532502075531849e-17,1.1568568958651011e-17,7.705737183628504e-11,7.705737182442772e-11,7.70573718131579e-11,7.705737183628504e-11,7.705737178790642e-11,2.3146215667368905e-14,7.70573718418543e-11,7.705737200911015e-11,1.2021007984213054e-17,7.70573718587602e-11,1.1492496579199118e-17,7.705737174182222e-11,7.705737184494084e-11,7.705737197203468e-11,7.705737173346741e-11,1.1443799232042321e-17,7.705737151743858e-11,1.1508101086265605e-17,1.150927727591012e-17,7.70573718131579e-11,2.3146215768495897e-14,7.705737181069652e-11
1.00000058524529,7.656646794124679e-11,0.9999979680714117,0.9999979680714125,0.9999979680714105,0.9999979680714107,7.656647380377444e-11,7.656647377880894e-11,7.656647330261334e-11,7.912070294875043e-11,7.656647371480903e-11,0.9999979680714106,7.656647370807104e-11,0.9999979680714113,7.656647332454374e-11,0.9999979680714117,7.656647394373578e-11,0.9999979680714117,7.70573717525612e-11,1.0000005610901164,7.913708983444453e-11,0.9999979692584987,0.999997968071411,7.656647394420055e-11,0.9999979680714114,7.656647370831416e-11,0.9999979680714113,0.999997968071411,8.476396012041348e-11,7.65664737761429e-11,8.476396004285187e-11,7.656647345583764e-11,7.656647387600063e-11,7.656647369381126e-11,7.656647373859776e-11,8.186399163231923e-11,7.705737160329351e-11,0.9999979054032991,0.9999979680714122,0.9999979680714113,8.476396030142657e-11,0.999997968071411,7.656647368100257e-11,7.65664738773045e-11,0.9999979680714125,0.9999979680714113,0.9999979680714114,0.9999979680714115,0.9999979680714114,7.705737113082574e-11,0.9999979680714125,0.9999979694358627,7.913709014447092e-11,0.9999979680714122,7.656647365279596e-11,0.9999979665314365,0.9999979680714114,0.9999979692584994,0.9999979665314372,7.65664738772525e-11,0.9999979634343368,7.656647366579885e-11,7.656647372373692e-11,0.9999979680714113,7.705737133844841e-11,0.9999979680714114
2.5675571948361525e-06,2.3598681949312723e-14,7.913708985795395e-11,7.913708986447886e-11,7.913708986318438e-11,7.913708988437592e-11,2.3598683807999272e-14,2.3598683796660552e-14,2.359868366728014e-14,2.438563737320802e-14,2.3598683783081072e-14,7.913708992024531e-11,2.35986837764966e-14,7.913708990593929e-11,2.3598683686708163e-14,7.913708990593929e-11,2.3598683827709962e-14,7.913708988799762e-11,1.203871023828926e-17,7.913708983444453e-11,2.593019064274727e-06,7.913708995473224e-11,7.913708987038765e-11,2.359868385648666e-14,7.913708984706997e-11,2.359868376611132e-14,7.913708977376565e-11,7.913708985348314e-11,2.612390602520076e-14,2.359868380700582e-14,2.6123905973191875e-14,2.359868369155337e-14,2.3598683845316054e-14,2.359868378758172e-14,2.3598683797475294e-14,2.523112214027905e-14,1.1937010630206838e-17,1.5760161142788404e-07,7.913708983397242e-11,7.913708986447886e-11,2.6123906066523306e-14,7.913708985795395e-11,2.3598683766998703e-14,2.359868386421701e-14,7.913708985348314e-11,7.91370898703337e-11,7.91370898703337e-11,7.913708986447886e-11,7.913708985795395e-11,1.1917186542655142e-17,7.913708988799762e-11,7.913708992350201e-11,2.4391052132057216e-14,7.913708992024531e-11,2.3598683746461884e-14,7.913708977357485e-11,7.913708986318438e-11,1.5760162095366032e-07,7.913708974350655e-11,2.3598683827717264e-14,7.913708953673432e-11,2.3598683744139837e-14,2.359868381646181e-14,7.913708988799762e-11,1.2023714517618614e-17,7.913708990593929e-11
1.0000005864323795,7.656646812247264e-11,0.9999979692584992,0.9999979692584996,0.9999979692584987,0.9999979692584994,7.656647392931321e-11,7.656647385242658e-11,7.656647339706401e-11,7.912070305432769e-11,7.656647382052067e-11,0.9999979692584987,7.656647376708571e-11,0.9999979692584988,7.656647343234486e-11,0.9999979692584999,7.656647392558565e-11,0.9999979692584987,7.705737194128e-11,0.9999979692584987,7.913708995473224e-11,1.0000005634642948,0.9999979692584984,7.65664740574633e-11,0.9999979692584994,7.656647378191898e-11,0.9999979692584988,0.9999979692584988,8.476396012451543e-11,7.656647388722386e-11,8.476396004719631e-11,7.656647358876218e-11,7.656647391089558e-11,7.656647383416124e-11,7.656647383569447e-11,8.186399169864356e-11,7.705737171990272e-11,0.9999979065903862,0.9999979692584997,0.9999979692584994,8.476396039981056e-11,0.9999979692584988,7.656647370945812e-11,7.656647405077159e-11,0.9999979692584996,0.9999979692584988,0.9999979692584996,0.9999979692584994,0.9999979692584988,7.705737124836041e-11,0.9999979692584996,0.9999979706229503,1.5760162151427768e-07,0.9999979692584992,7.656647364690404e-11,0.9999979677185236,0.9999979692584996,0.9999979704455861,0.9999979677185243,7.656647394126041e-11,0.9999979646214249,7.656647371522231e-11,7.656647386583673e-11,0.9999979692584993,7.705737150965758e-11,0.9999979692584994
1.000000585245291,7.656646799361408e-11,0.9999979680714107,0.9999979680714114,0.9999979680714101,0.9999979680714103,7.656647378484754e-11,7.656647373521052e-11,7.65664733247305e-11,7.912070294184635e-11,7.65664737485489e-11,0.9999979680714102,7.656647368483491e-11,0.9999979680714113,7.656647334129909e-11,0.9999979680714113,7.656647395217162e-11,0.9999979680714102,7.705737178790642e-11,0.999997968071411,7.913708987038765e-11,0.9999979692584984,1.000000561090121,7.65664739461579e-11,0.9999979680714114,7.656647365506822e-11,0.9999979680714105,0.9999979680714114,8.47639600713805e-11,7.65664738202298e-11,8.476395996819985e-11,7.656647355797289e-11,7.656647380220742e-11,7.656647369692519e-11,7.656647373284996e-11,8.186399167046976e-11,7.705737157997191e-11,0.9999979054032991,0.9999979680714113,0.9999979680714117,8.4763960224357e-11,0.9999979680714103,7.656647370454474e-11,7.656647391677795e-11,0.9999979680714114,0.9999979680714113,0.9999979680714117,0.999997968071411,0.9999979680714106,7.705737107673277e-11,0.9999979680714114,0.999997969435862,7.913709024050903e-11,0.9999979680714114,7.656647355650564e-11,0.9999979665314369,0.9999979680714114,0.9999979692584993,0.9999979665314362,7.656647387271282e-11,0.9999979634343363,7.656647365861908e-11,7.656647374418742e-11,0.9999979680714107,7.705737133769675e-11,0.9999979680714114
2.5624378097417993e-06,2.2832054705027882e-14,7.656647391445821e-11,7.656647394631915e-11,7.656647398357768e-11,7.656647391610933e-11,2.283205650353108e-14,2.283205649255642e-14,2.2832056367371348e-14,2.3593445030639678e-14,2.28320564794231e-14,7.656647395102554e-11,2.2832056473047107e-14,7.656647393764594e-11,2.2832056386167953e-14,7.656647398351737e-11,2.283205652260227e-14,7.656647392652101e-11,1.1532023921924349e-17,7.656647394420055e-11,2.359868385648666e-14,7.65664740574633e-11,7.65664739461579e-11,2.5930190591229674e-06,7.656647393503593e-11,2.28320564629999e-14,7.656647393765436e-11,7.656647392652101e-11,2.5275244070553083e-14,2.2832056502567466e-14,2.5275244020233628e-14,2.2832056390859476e-14,2.2832056539636267e-14,2.2832056483774104e-14,2.2832056493345035e-14,2.4411463359275357e-14,1.1500157547162311e-17,1.5248222673601348e-07,7.656647395102554e-11,7.656647391445821e-11,2.527524411054174e-14,7.656647395255092e-11,2.283205646385819e-14,2.283205655792463e-14,7.656647393765436e-11,7.656647394420055e-11,7.656647393503593e-11,7.656647391610933e-11,7.656647395102554e-11,1.153202392192439e-17,7.656647399419267e-11,7.656647409822858e-11,2.3598683949684185e-14,7.656647394248208e-11,2.2832056443986683e-14,7.656647380422806e-11,7.656647391607568e-11,7.656647401589643e-11,7.656647382623605e-11,2.2832056522609184e-14,7.656647362711108e-11,2.2832056441742406e-14,2.2832056511718057e-14,7.656647391445821e-11,1.1532023921924349e-17,7.656647395102554e-11
1.0000005852452882,7.656646801015976e-11,0.999997968071412,0.999997968071412,0.999997968071411,0.9999979680714114,7.656647379438467e-11,7.656647377880894e-11,7.656647331230566e-11,7.912070294875043e-11,7.65664737485489e-11,0.9999979680714114,7.656647371704911e-11,0.9999979680714113,7.656647334129909e-11,0.9999979680714126,7.656647393997973e-11,0.9999979680714117,7.705737184494084e-11,0.9999979680714114,7.913708984706997e-11,0.9999979692584994,0.9999979680714114,7.656647393503593e-11,1.0000005610901188,7.65664736574675e-11,0.9999979680714117,0.9999979680714122,8.476396012696209e-11,7.656647380869009e-11,8.476395986419564e-11,7.656647350232052e-11,7.65664738402336e-11,7.656647373594425e-11,7.65664737491676e-11,8.186399163738941e-11,7.705737165461686e-11,0.9999979054032998,0.9999979680714125,0.9999979680714115,8.476396023402285e-11,0.9999979680714114,7.65664736536978e-11,7.65664739402537e-11,0.999997968071412,0.9999979680714114,0.9999979680714122,0.9999979680714114,0.9999979680714125,7.705737103851846e-11,0.999997968071412,0.9999979694358635,7.91370901917712e-11,0.9999979680714131,7.656647354078959e-11,0.9999979665314372,0.9999979680714117,0.9999979692584993,0.9999979665314368,7.656647384329533e-11,0.9999979634343374,7.656647366073002e-11,7.656647381327715e-11,0.9999979680714113,7.705737144751464e-11,0.9999979680714122
2.562437806373913e-06,2.2832054617584424e-14,7.656647375971945e-11,7.656647369556317e-11,7.656647372088998e-11,7.656647372704806e-11,2.283205641608759e-14,2.283205640511301e-14,2.2832056279927874e-14,2.3593444940264513e-14,2.2832056391979668e-14,7.656647371972707e-11,2.283205638560364e-14,7.656647372810182e-11,2.2832056298724527e-14,7.656647375971945e-11,2.283205643515882e-14,7.656647371630735e-11,1.1540168944202294e-17,7.656647370831416e-11,2.359868376611132e-14,7.656647378191898e-11,7.656647365506822e-11,2.28320564629999e-14,7.65664736574675e-11,2.5930190591229674e-06,7.656647371630735e-11,7.656647370831416e-11,2.5275243973679632e-14,2.2832056415123982e-14,2.5275243923360183e-14,2.283205630341602e-14,2.283205645219279e-14,2.2832056396330634e-14,2.283205640590161e-14,2.4411463265765922e-14,1.1443799232042321e-17,1.5248222620926484e-07,7.656647368275187e-11,7.656647372810182e-11,2.5275244013668216e-14,7.656647365506822e-11,2.2832056376414742e-14,2.2832056470481173e-14,7.656647369556317e-11,7.656647369556317e-11,7.656647371204993e-11,7.656647372706239e-11,7.656647371204993e-11,1.1532023921924349e-17,7.656647367182838e-11,7.65664737031367e-11,2.3598683859308954e-14,7.656647371630735e-11,2.2832056356543184e-14,7.656647355677305e-11,7.656647366622159e-11,7.656647373005032e-11,7.656647361577765e-11,2.283205643516573e-14,7.656647338501913e-11,2.2832056354298948e-14,2.283205642427461e-14,7.656647370831425e-11,1.1497411885219401e-17,7.656647371204993e-11
1.0000005852452891,7.656646800038795e-11,0.9999979680714113,0.9999979680714115,0.9999979680714105,0.9999979680714106,7.656647375785263e-11,7.656647377880894e-11,7.656647334352917e-11,7.91207029264797e-11,7.656647373832344e-11,0.999997968071411,7.65664737215208e-11,0.9999979680714117,7.656647335467145e-11,0.9999979680714114,7.656647394410426e-11,0.9999979680714102,7.705737184457478e-11,0.9999979680714113,7.913708977376565e-11,0.9999979692584988,0.9999979680714105,7.656647393765436e-11,0.9999979680714117,7.656647371630735e-11,1.000000561090118,0.9999979680714117,8.47639601815258e-11,7.65664737430483e-11,8.476395996739194e-11,7.656647349467983e-11,7.656647387848864e-11,7.65664737639369e-11,7.656647368072101e-11,8.186399165398711e-11,7.705737164097081e-11,0.9999979054032996,0.9999979680714114,0.9999979680714122,8.476396027701508e-11,0.999997968071411,7.656647370918132e-11,7.656647390035649e-11,0.9999979680714117,0.9999979680714117,0.9999979680714122,0.9999979680714111,0.9999979680714106,7.705737114085004e-11,0.9999979680714115,0.9999979694358628,7.913709021388554e-11,0.9999979680714115,7.656647365279596e-11,0.999997966531437,0.999997968071412,0.9999979692584996,0.9999979665314365,7.656647388972882e-11,0.9999979634343371,7.65664736907134e-11,7.656647372336128e-11,0.9999979680714107,7.705737144751464e-11,0.9999979680714117
1.000000585245288,7.656646794124679e-11,0.9999979680714117,0.9999979680714117,0.999997968071411,0.9999979680714106,7.656647382319903e-11,7.656647377880894e-11,7.656647332329885e-11,7.912070294875043e-11,7.656647374954338e-11,0.999997968071411,7.656647373416261e-11,0.9999979680714113,7.656647331109635e-11,0.9999979680714122,7.65664739241703e-11,0.9999979680714114,7.705737179478026e-11,0.999997968071411,7.913708985348314e-11,0.9999979692584988,0.9999979680714114,7.656647392652101e-11,0.9999979680714122,7.656647370831416e-11,0.9999979680714117,1.0000005610901193,8.476396012041348e-11,7.656647379437455e-11,8.476395986419564e-11,7.656647349546718e-11,7.656647384643372e-11,7.656647373578292e-11,7.656647374051619e-11,8.186399166127223e-11,7.705737165826307e-11,0.9999979054032998,0.9999979680714115,0.9999979680714113,8.476396024944959e-11,0.9999979680714117,7.65664736622531e-11,7.65664738773045e-11,0.9999979680714117,0.9999979680714113,0.999997968071412,0.9999979680714114,0.9999979680714122,7.705737109840839e-11,0.9999979680714117,0.9999979694358635,7.913709017624893e-11,0.9999979680714122,7.656647361526208e-11,0.9999979665314369,0.9999979680714118,0.9999979692584994,0.9999979665314366,7.656647384325941e-11,0.9999979634343374,7.656647372427928e-11,7.656647377600194e-11,0.9999979680714113,7.705737141261324e-11,0.9999979680714122
