0.9999999930715381,-3.6968906920175893e-06,-3.7076381162591235e-06,1.0000040227394285,-3.6974948026535344e-06,1.0000040227394285,1.0000040227394285,1.000004022739429,1.0000039055046748,-3.6936700877779556e-06,1.0000039265496965,1.0000044093725935,-3.6974948018318743e-06,-3.72376518942773e-06,-3.697494801503129e-06,-3.7172854991766297e-06,-3.7076381175832453e-06,1.0000040227394293,-3.73049018092613e-06,1.0000040227394285,1.000004022739425,-3.710916673224805e-06,1.0000040227394285,1.0000040227394271,-3.729998879482857e-06,1.0000040227394291,1.0000041058613676,-3.697494801509352e-06,1.0000041148658982,-3.697494801506325e-06,1.0000039055046723,1.0000027341950335,-3.697494802627973e-06,1.0000040227394291,1.0000040227394296,1.0000040227394285,1.0000040227394256,-3.733111649902191e-06,1.000004022739426,-3.7447386483423084e-06,1.0000041148658951
-3.6968906920175893e-06,-6.007812795236953e-06,4.867404838267077e-17,-1.619344833143233e-10,9.332481283531981e-14,-1.6193448335069192e-10,-1.6193448332895447e-10,-1.6193448333567854e-10,-1.6193446476959733e-10,9.202541989903991e-14,-1.6193446808844802e-10,-1.6193454463327243e-10,9.332481266265451e-14,5.113042334441413e-17,9.33248122005401e-14,5.043372296865928e-17,4.868923172275963e-17,-1.61934483285394e-10,1.037237865057622e-13,-1.6193448332558774e-10,-1.6193448325730736e-10,4.923121429338924e-17,-1.619344832852608e-10,-1.6193448327976048e-10,1.0266211271088044e-13,-1.6193448325730736e-10,-1.6193449644558941e-10,9.332481226069876e-14,-1.6193449790682209e-10,9.332481226171623e-14,-1.6193446475266802e-10,-3.215767504306641e-07,9.332481281908098e-14,-1.6193448326833777e-10,-1.6193448328742736e-10,-1.619344833266963e-10,-1.6193448325730736e-10,5.262016209875958e-17,-1.6193448329006413e-10,5.428440542626526e-17,-1.61934497866351e-10
-3.7076381162591235e-06,4.867404838267077e-17,-6.007812787429564e-06,-1.6734651383905452e-10,4.884712469386108e-17,-1.6734651388062878e-10,-1.67346513855049e-10,-1.6734651388844538e-10,-1.6734649462454685e-10,9.564810578898531e-14,-1.6734649809910888e-10,-1.6734657739406432e-10,4.877529668762011e-17,1.0539215029109427e-13,4.8941939755634726e-17,5.2918459916236794e-17,1.0054369892212256e-13,-1.673465138417885e-10,5.456766832396506e-17,-1.673465137872978e-10,-1.6734651388043858e-10,5.1180607503675046e-17,-1.6734651386182595e-10,-1.6734651386182595e-10,5.3793330936099543e-17,-1.6734651386469865e-10,-1.6734652751834e-10,4.889707977770038e-17,-1.6734652900078314e-10,4.8846967937023843e-17,-1.673464946618404e-10,-3.323242030547287e-07,4.888972163417118e-17,-1.6734651388432635e-10,-1.6734651386989849e-10,-1.6734651384065259e-10,-1.67346513862824e-10,5.5306929757877126e-17,-1.673465138592667e-10,5.653841565842925e-17,-1.6734652899937776e-10
1.0000040227394285,-1.619344833143233e-10,-1.6734651383905452e-10,1.0000057608768724,-1.6223869414795566e-10,1.0000117686892664,1.0000117686892662,1.0000117686892658,1.0000116514539674,-1.603127005190431e-10,1.00001167249909,1.000012155324215,-1.6223869397274997e-10,-1.7546756177492117e-10,-1.622386935072259e-10,-1.7220459954496797e-10,-1.673465150971903e-10,1.0000117686892662,-1.788540344147911e-10,1.0000117686892667,1.000011768689265,-1.6899748171193274e-10,1.000011768689266,1.0000117686892678,-1.7860664819009796e-10,1.0000117686892669,1.0000118518115892,-1.6223869354760715e-10,1.00001186081616,-1.622386935395017e-10,1.000011651453969,1.0000104801389187,-1.6223869415558206e-10,1.0000117686892667,1.0000117686892653,1.0000117686892658,1.0000117686892678,-1.8017411584295026e-10,1.0000117686892662,-1.8602908511853618e-10,1.0000118608161601
-3.6974948026535344e-06,9.332481283531981e-14,4.884712469386108e-17,-1.6223869414795566e-10,-6.007812793354148e-06,-1.6223869414125095e-10,-1.6223869414161778e-10,-1.6223869414526854e-10,-1.622386755779988e-10,9.222983231040332e-14,-1.6223867885931438e-10,-1.6223875560810068e-10,9.353147001725226e-14,5.1138852239105784e-17,9.353146955491205e-14,5.0643007052403376e-17,4.8893888319188596e-17,-1.6223869414305149e-10,5.2285158930288463e-17,-1.6223869417859438e-10,-1.6223869416797439e-10,4.941114071202593e-17,-1.6223869416678968e-10,-1.6223869415370743e-10,1.0288970428417018e-13,-1.6223869414526854e-10,-1.622387074267273e-10,9.353146961501593e-14,-1.6223870883754762e-10,9.353146961595505e-14,-1.6223867557944813e-10,-3.2218086601869704e-07,9.353147017398622e-14,-1.6223869414305149e-10,-1.622386941554676e-10,-1.6223869414305149e-10,-1.6223869415664713e-10,5.2830683114451186e-17,-1.6223869417002998e-10,5.447280662354334e-17,-1.6223870879607917e-10
1.0000040227394285,-1.6193448335069192e-10,-1.6734651388062878e-10,1.0000117686892664,-1.6223869414125095e-10,1.000005760876876,1.0000117686892662,1.0000117686892662,1.0000116514539672,-1.6031270050589595e-10,1.00001167249909,1.0000121553242156,-1.622386940392052e-10,-1.7546756179826581e-10,-1.6223869350919387e-10,-1.7220459952724615e-10,-1.6734651511543368e-10,1.0000117686892664,-1.7885403448439032e-10,1.0000117686892667,1.0000117686892656,-1.6899748173511657e-10,1.0000117686892667,1.0000117686892673,-1.7860664813607594e-10,1.0000117686892664,1.0000118518115884,-1.6223869351409168e-10,1.0000118608161601,-1.622386935504584e-10,1.0000116514539688,1.0000104801389191,-1.622386941469031e-10,1.0000117686892658,1.0000117686892653,1.0000117686892658,1.0000117686892676,-1.8017411584557798e-10,1.0000117686892662,-1.8602908504695143e-10,1.0000118608161601
1.0000040227394285,-1.6193448332895447e-10,-1.67346513855049e-10,1.0000117686892662,-1.6223869414161778e-10,1.0000117686892662,1.0000057608768762,1.0000117686892662,1.0000116514539679,-1.6031270049992947e-10,1.00001167249909,1.0000121553242154,-1.622386940392052e-10,-1.7546756183781117e-10,-1.6223869347183273e-10,-1.7220459957548693e-10,-1.673465150625478e-10,1.0000117686892662,-1.7885403448977105e-10,1.0000117686892664,1.0000117686892656,-1.6899748172633465e-10,1.0000117686892669,1.000011768689268,-1.7860664813607594e-10,1.000011768689267,1.0000118518115884,-1.622386935191181e-10,1.0000118608161606,-1.6223869352329957e-10,1.0000116514539696,1.0000104801389191,-1.6223869411897107e-10,1.0000117686892669,1.0000117686892658,1.0000117686892658,1.0000117686892676,-1.8017411583644797e-10,1.0000117686892669,-1.8602908511629783e-10,1.00001186081616
1.000004022739429,-1.6193448333567854e-10,-1.6734651388844538e-10,1.0000117686892658,-1.6223869414526854e-10,1.0000117686892662,1.0000117686892662,1.0000057608768735,1.0000116514539674,-1.6031270046082216e-10,1.0000116724990895,1.0000121553242147,-1.6223869402841718e-10,-1.754675618160236e-10,-1.622386935001103e-10,-1.7220459954633727e-10,-1.6734651508044464e-10,1.0000117686892658,-1.7885403444411438e-10,1.0000117686892658,1.0000117686892644,-1.6899748173492857e-10,1.0000117686892658,1.0000117686892669,-1.786066481714399e-10,1.0000117686892662,1.0000118518115892,-1.622386935191181e-10,1.0000118608161597,-1.622386935504584e-10,1.0000116514539685,1.0000104801389191,-1.622386941469031e-10,1.0000117686892662,1.000011768689265,1.0000117686892658,1.0000117686892669,-1.801741158456059e-10,1.0000117686892658,-1.8602908502253313e-10,1.0000118608161592
1.0000039055046748,-1.6193446476959733e-10,-1.6734649462454685e-10,1.0000116514539674,-1.622386755779988e-10,1.0000116514539672,1.0000116514539679,1.0000116514539674,1.0000055264062917,-1.6031268214427896e-10,1.0000115552638027,1.0000120380888702,-1.6223867541272478e-10,-1.754675416349387e-10,-1.6223867483104745e-10,-1.7220457973626627e-10,-1.673464959032449e-10,1.0000116514539674,-1.7885401396530666e-10,1.0000116514539685,1.0000116514539668,-1.6899746232202499e-10,1.0000116514539674,1.0000116514539696,-3.54685488608056e-07,1.0000116514539676,1.0000117345762811,-1.6223867502616938e-10,1.0000117435808504,-1.6223867500422582e-10,1.0000115342186848,1.0000103629037713,-1.6223867556326162e-10,1.0000116514539676,1.0000116514539668,1.000011651453967,1.000011651453969,-1.8017409514377195e-10,1.0000116514539674,-1.8602906364173368e-10,1.00001174358085
-3.6936700877779556e-06,9.202541989903991e-14,9.564810578898531e-14,-1.603127005190431e-10,9.222983231040332e-14,-1.6031270050589595e-10,-1.6031270049992947e-10,-1.6031270046082216e-10,-1.6031268214427896e-10,-6.007812796200776e-06,-1.6031268541770114e-10,-1.603127613064294e-10,9.222983213847329e-14,1.0025826909569087e-13,9.22298316778391e-14,9.889138568188929e-14,9.564810700667299e-14,-1.6031270048689805e-10,5.15914174012389e-17,-1.603127005365987e-10,-1.6031270055638667e-10,4.8698403170537e-17,-1.6031270053347175e-10,-1.6031270049020915e-10,1.0145625629203782e-13,-1.603127005365987e-10,-1.603127134778233e-10,9.222983173819436e-14,-1.6031271497498943e-10,9.222983173957175e-14,-1.6031268210544764e-10,-3.183561415215942e-07,9.222983229338763e-14,-1.6031270057199534e-10,-1.6031270049203817e-10,-1.6031270052967016e-10,-1.6031270049585403e-10,1.0340308165781514e-13,-1.6031270055638667e-10,5.3600403529414264e-17,-1.6031271496021177e-10
1.0000039265496965,-1.6193446808844802e-10,-1.6734649809910888e-10,1.00001167249909,-1.6223867885931438e-10,1.00001167249909,1.00001167249909,1.0000116724990895,1.0000115552638027,-1.6031268541770114e-10,1.000005568496529,1.0000120591340007,-1.6223867877398385e-10,-1.754675452466609e-10,-1.6223867821698273e-10,-1.722045833110073e-10,-1.6734649936985194e-10,1.0000116724990895,-3.5517676806637383e-07,1.0000116724990902,1.0000116724990888,-1.6899746581184746e-10,1.0000116724990895,1.0000116724990902,-1.7860663132410629e-10,1.0000116724990893,1.0000117556214043,-1.6223867829129245e-10,1.0000117646259736,-1.6223867827007925e-10,1.000011555263804,1.0000103839488657,-1.622386789242068e-10,1.0000116724990893,1.0000116724990888,1.000011672499089,1.0000116724990908,-1.801740988590975e-10,1.0000116724990895,-1.8602906747976461e-10,1.0000117646259734
1.0000044093725935,-1.6193454463327243e-10,-1.6734657739406432e-10,1.000012155324215,-1.6223875560810068e-10,1.0000121553242156,1.0000121553242154,1.0000121553242147,1.0000120380888702,-1.603127613064294e-10,1.0000120591340007,1.0000065341469224,-1.6223875546344718e-10,-3.484519156979139e-07,-1.6223875488260905e-10,-1.7220466494274008e-10,-1.673465784583238e-10,1.0000121553242145,-1.7885410233409686e-10,1.0000121553242152,1.0000121553242134,-1.6899754580814174e-10,1.0000121553242145,1.0000121553242158,-1.7860671571018513e-10,1.0000121553242156,1.0000122384465695,-1.6223875496052163e-10,1.0000122474511415,-1.6223875499175044e-10,1.0000120380888708,1.000010866773371,-1.6223875557743355e-10,1.0000121553242156,1.0000121553242147,1.0000121553242152,1.0000121553242158,-1.801741841627375e-10,1.0000121553242147,-1.860291555366888e-10,1.000012247451142
-3.6974948018318743e-06,9.332481266265451e-14,4.877529668762011e-17,-1.6223869397274997e-10,9.353147001725226e-14,-1.622386940392052e-10,-1.622386940392052e-10,-1.6223869402841718e-10,-1.6223867541272478e-10,9.222983213847329e-14,-1.6223867877398385e-10,-1.6223875546344718e-10,-6.007812793354148e-06,5.1138852239105784e-17,9.353146938210853e-14,5.042765504205959e-17,4.8846164835684416e-17,-1.622386939599333e-10,5.234737695762779e-17,-1.6223869401391404e-10,-1.622386940392052e-10,4.9511439736198475e-17,-1.6223869404188104e-10,-1.6223869399214009e-10,1.0288970409345397e-13,-1.6223869399214009e-10,-1.6223870724269824e-10,9.353146944221276e-14,-1.6223870865224e-10,9.353146944315135e-14,-1.622386754450489e-10,-3.221808657366002e-07,9.353147000118273e-14,-1.622386940272741e-10,-1.6223869402717018e-10,-1.6223869404087855e-10,-1.6223869404131724e-10,5.2743521946323474e-17,-1.622386939599333e-10,5.4306764004000194e-17,-1.622387086856864e-10
-3.72376518942773e-06,5.113042334441413e-17,1.0539215029109427e-13,-1.7546756177492117e-10,5.1138852239105784e-17,-1.7546756179826581e-10,-1.7546756183781117e-10,-1.754675618160236e-10,-1.754675416349387e-10,1.0025826909569087e-13,-1.754675452466609e-10,-3.484519156979139e-07,5.1138852239105784e-17,-6.007812776833677e-06,5.1195103513538536e-17,5.5065275821393443e-17,1.0539215157822015e-13,-1.7546756178405265e-10,5.742022034895871e-17,-1.7546756174835355e-10,-1.7546756180115694e-10,5.3561311258185473e-17,-1.7546756178839664e-10,-1.754675618034848e-10,5.626451294459656e-17,-1.7546756179873806e-10,-1.754675761177119e-10,5.122193537437994e-17,-1.754675776334093e-10,5.126524651229328e-17,-1.7546754170263827e-10,-3.484513438798363e-07,5.1138852239105784e-17,-1.7546756179498671e-10,-1.754675618084829e-10,-1.754675617730757e-10,-1.7546756181187857e-10,5.703057972819414e-17,-1.7546756179291964e-10,5.923310021471156e-17,-1.754675776844679e-10
-3.697494801503129e-06,9.33248122005401e-14,4.8941939755634726e-17,-1.622386935072259e-10,9.353146955491205e-14,-1.6223869350919387e-10,-1.6223869347183273e-10,-1.622386935001103e-10,-1.6223867483104745e-10,9.22298316778391e-14,-1.6223867821698273e-10,-1.6223875488260905e-10,9.353146938210853e-14,5.1195103513538536e-17,-6.007812793354148e-06,5.050502376517087e-17,4.888972163417118e-17,-1.6223869349715728e-10,5.234737695762779e-17,-1.6223869348835719e-10,-1.6223869350919387e-10,4.944398274843054e-17,-1.6223869352169916e-10,-1.6223869350361508e-10,1.0288970358292331e-13,-1.6223869348829378e-10,-1.6223870668772633e-10,9.353146897987201e-14,-1.6223870813014677e-10,9.353146898081107e-14,-1.6223867485347635e-10,-3.2218086465020796e-07,9.353146953884217e-14,-1.6223869349770425e-10,-1.622386934968969e-10,-1.6223869352249483e-10,-1.6223869351143943e-10,5.2839070095544584e-17,-1.6223869351535336e-10,5.436014834070193e-17,-1.6223870813014677e-10
-3.7172854991766297e-06,5.043372296865928e-17,5.2918459916236794e-17,-1.7220459954496797e-10,5.0643007052403376e-17,-1.7220459952724615e-10,-1.7220459957548693e-10,-1.7220459954633727e-10,-1.7220457973626627e-10,9.889138568188929e-14,-1.722045833110073e-10,-1.7220466494274008e-10,5.042765504205959e-17,5.5065275821393443e-17,5.050502376517087e-17,-6.007812782618045e-06,5.2050552750093037e-17,-1.7220459950402925e-10,5.615744457704764e-17,-1.7220459962218161e-10,-1.722045995411864e-10,5.369925893996845e-17,-1.722045995588855e-10,-1.722045995425791e-10,5.566541561436708e-17,-1.7220459955159475e-10,-1.7220461370639268e-10,5.025405406986852e-17,-1.722046151593919e-10,5.0429722067866644e-17,-1.7220457971544087e-10,-3.4197160726170305e-07,5.0516711411354256e-17,-1.722045995588855e-10,-1.722045995901679e-10,-1.722045995739913e-10,-1.7220459957382236e-10,5.658983176824812e-17,-1.7220459958210792e-10,5.787812627408365e-17,-1.722046151584272e-10
-3.7076381175832453e-06,4.868923172275963e-17,1.0054369892212256e-13,-1.673465150971903e-10,4.8893888319188596e-17,-1.6734651511543368e-10,-1.673465150625478e-10,-1.6734651508044464e-10,-1.673464959032449e-10,9.564810700667299e-14,-1.6734649936985194e-10,-1.673465784583238e-10,4.8846164835684416e-17,1.0539215157822015e-13,4.888972163417118e-17,5.2050552750093037e-17,-6.007812787429564e-06,-1.6734651505566112e-10,5.456766832396506e-17,-1.6734651508044464e-10,-1.6734651507903156e-10,5.0812368613238715e-17,-1.6734651506497522e-10,-1.6734651508364353e-10,5.377275806736502e-17,-1.6734651508610904e-10,-1.6734652872900211e-10,4.8836807191049237e-17,-1.673465302008257e-10,4.888934965257576e-17,-1.6734649585306829e-10,-3.323242055602401e-07,4.888972163417118e-17,-1.6734651510276644e-10,-1.673465151151402e-10,-1.6734651508368724e-10,-1.673465150583591e-10,5.4897015427882664e-17,-1.673465151273273e-10,5.653841565842925e-17,-1.6734653023094006e-10
1.0000040227394293,-1.61934483285394e-10,-1.673465138417885e-10,1.0000117686892662,-1.6223869414305149e-10,1.0000117686892664,1.0000117686892662,1.0000117686892658,1.0000116514539674,-1.6031270048689805e-10,1.0000116724990895,1.0000121553242145,-1.622386939599333e-10,-1.7546756178405265e-10,-1.6223869349715728e-10,-1.7220459950402925e-10,-1.6734651505566112e-10,1.0000057608768753,-1.7885403447567796e-10,1.0000117686892662,1.0000117686892653,-1.6899748173620266e-10,1.0000117686892658,1.0000117686892667,-1.7860664812808646e-10,1.0000117686892669,1.0000118518115884,-1.622386935201513e-10,1.0000118608161588,-1.622386935637196e-10,1.0000116514539683,1.0000104801389187,-1.6223869413279639e-10,1.000011768689266,1.000011768689265,1.0000117686892658,1.0000117686892667,-1.8017411581947965e-10,1.0000117686892658,-1.8602908506709356e-10,1.0000118608161588
-3.73049018092613e-06,1.037237865057622e-13,5.456766832396506e-17,-1.788540344147911e-10,5.2285158930288463e-17,-1.7885403448439032e-10,-1.7885403448977105e-10,-1.7885403444411438e-10,-1.7885401396530666e-10,5.15914174012389e-17,-3.5517676806637383e-07,-1.7885410233409686e-10,5.234737695762779e-17,5.742022034895871e-17,5.234737695762779e-17,5.615744457704764e-17,5.456766832396506e-17,-1.7885403447567796e-10,-6.007812772204086e-06,-1.788540344292133e-10,-1.7885403450561826e-10,5.5261239325825673e-17,-1.7885403447860853e-10,-1.788540345225297e-10,5.77064537470851e-17,-1.7885403451013216e-10,-1.7885404906810815e-10,5.2328489504062185e-17,-1.7885405067708438e-10,5.236919693740104e-17,-1.78854013928465e-10,-3.5517635303356843e-07,5.226698939453407e-17,-1.788540344788233e-10,-1.7885403451113765e-10,-1.78854034502776e-10,-1.788540344928245e-10,5.865207781595786e-17,-1.7885403444730195e-10,6.013530264754573e-17,-1.7885405068804698e-10
1.0000040227394285,-1.6193448332558774e-10,-1.673465137872978e-10,1.0000117686892667,-1.6223869417859438e-10,1.0000117686892667,1.0000117686892664,1.0000117686892658,1.0000116514539685,-1.603127005365987e-10,1.0000116724990902,1.0000121553242152,-1.6223869401391404e-10,-1.7546756174835355e-10,-1.6223869348835719e-10,-1.7220459962218161e-10,-1.6734651508044464e-10,1.0000117686892662,-1.788540344292133e-10,1.0000057608768735,1.0000117686892658,-1.6899748172035988e-10,1.0000117686892662,1.0000117686892676,-1.7860664813387034e-10,1.0000117686892664,1.0000118518115892,-1.622386934805331e-10,1.0000118608161608,-1.622386935608379e-10,1.0000116514539685,1.0000104801389187,-1.6223869408705557e-10,1.0000117686892664,1.0000117686892658,1.000011768689266,1.0000117686892678,-1.8017411583969848e-10,1.0000117686892662,-1.860290850369008e-10,1.0000118608161601
1.000004022739425,-1.6193448325730736e-10,-1.6734651388043858e-10,1.000011768689265,-1.6223869416797439e-10,1.0000117686892656,1.0000117686892656,1.0000117686892644,1.0000116514539668,-1.6031270055638667e-10,1.0000116724990888,1.0000121553242134,-1.622386940392052e-10,-1.7546756180115694e-10,-1.6223869350919387e-10,-1.722045995411864e-10,-1.6734651507903156e-10,1.0000117686892653,-1.7885403450561826e-10,1.0000117686892658,1.000005760876874,-1.6899748174601245e-10,1.0000117686892653,1.0000117686892667,-1.786066481681546e-10,1.0000117686892658,1.0000118518115881,-1.6223869351361566e-10,1.0000118608161586,-1.6223869355497816e-10,1.0000116514539674,1.0000104801389176,-1.6223869413279639e-10,1.0000117686892656,1.000011768689264,1.0000117686892653,1.000011768689266,-1.8017411587267644e-10,1.0000117686892656,-1.8602908511853618e-10,1.0000118608161586
-3.710916673224805e-06,4.923121429338924e-17,5.1180607503675046e-17,-1.6899748171193274e-10,4.941114071202593e-17,-1.6899748173511657e-10,-1.6899748172633465e-10,-1.6899748173492857e-10,-1.6899746232202499e-10,4.8698403170537e-17,-1.6899746581184746e-10,-1.6899754580814174e-10,4.9511439736198475e-17,5.3561311258185473e-17,4.944398274843054e-17,5.369925893996845e-17,5.0812368613238715e-17,-1.6899748173620266e-10,5.5261239325825673e-17,-1.6899748172035988e-10,-1.6899748174601245e-10,-6.007812784200528e-06,-1.6899748174553186e-10,-1.6899748174641017e-10,5.431043060647741e-17,-1.6899748174628356e-10,-1.689974955224771e-10,4.941425424459699e-17,-1.689974968862712e-10,4.942494336183517e-17,-1.6899746229755626e-10,-3.356027690269367e-07,4.9402166797816706e-17,-1.6899748173459364e-10,-1.6899748173843354e-10,-1.6899748173057644e-10,-1.6899748171838803e-10,5.638933904412645e-17,-1.6899748174643703e-10,1.1312958148579858e-13,-1.6899749688700256e-10
1.0000040227394285,-1.619344832852608e-10,-1.6734651386182595e-10,1.000011768689266,-1.6223869416678968e-10,1.0000117686892667,1.0000117686892669,1.0000117686892658,1.0000116514539674,-1.6031270053347175e-10,1.0000116724990895,1.0000121553242145,-1.6223869404188104e-10,-1.7546756178839664e-10,-1.6223869352169916e-10,-1.722045995588855e-10,-1.6734651506497522e-10,1.0000117686892658,-1.7885403447860853e-10,1.0000117686892662,1.0000117686892653,-1.6899748174553186e-10,1.000005760876876,1.0000117686892669,-1.7860664818633016e-10,1.0000117686892669,1.0000118518115884,-1.6223869352876987e-10,1.0000118608161592,-1.6223869356481302e-10,1.0000116514539685,1.0000104801389187,-1.6223869409925362e-10,1.0000117686892669,1.0000117686892653,1.0000117686892658,1.0000117686892667,-1.8017411580981138e-10,1.0000117686892658,-1.8602908510993363e-10,1.0000118608161588
1.0000040227394271,-1.6193448327976048e-10,-1.6734651386182595e-10,1.0000117686892678,-1.6223869415370743e-10,1.0000117686892673,1.000011768689268,1.0000117686892669,1.0000116514539696,-1.6031270049020915e-10,1.0000116724990902,1.0000121553242158,-1.6223869399214009e-10,-1.754675618034848e-10,-1.6223869350361508e-10,-1.722045995425791e-10,-1.6734651508364353e-10,1.0000117686892667,-1.788540345225297e-10,1.0000117686892676,1.0000117686892667,-1.6899748174641017e-10,1.0000117686892669,1.0000057608768753,-1.7860664808537788e-10,1.0000117686892676,1.0000118518115901,-1.6223869351187453e-10,1.000011860816162,-1.6223869360668915e-10,1.0000116514539699,1.00001048013892,-1.6223869410878194e-10,1.0000117686892676,1.0000117686892662,1.0000117686892669,1.0000117686892676,-1.8017411581947965e-10,1.0000117686892669,-1.860290850403651e-10,1.0000118608161606
-3.729998879482857e-06,1.0266211271088044e-13,5.3793330936099543e-17,-1.7860664819009796e-10,1.0288970428417018e-13,-1.7860664813607594e-10,-1.7860664813607594e-10,-1.786066481714399e-10,-3.54685488608056e-07,1.0145625629203782e-13,-1.7860663132410629e-10,-1.7860671571018513e-10,1.0288970409345397e-13,5.626451294459656e-17,1.0288970358292331e-13,5.566541561436708e-17,5.377275806736502e-17,-1.7860664812808646e-10,5.77064537470851e-17,-1.7860664813387034e-10,-1.786066481681546e-10,5.431043060647741e-17,-1.7860664818633016e-10,-1.7860664808537788e-10,-6.007812775412458e-06,-1.786066481160889e-10,-1.7860666267637226e-10,1.0288970364948627e-13,-1.7860666425811567e-10,1.0288970365070468e-13,-3.546854886080564e-07,-3.5468508218055546e-07,1.0288970426601404e-13,-1.786066481160889e-10,-1.7860664813607594e-10,-1.7860664813607594e-10,-1.786066481647459e-10,5.811485261026562e-17,-1.7860664809473267e-10,5.978895708340873e-17,-1.786066642503828e-10
1.0000040227394291,-1.6193448325730736e-10,-1.6734651386469865e-10,1.0000117686892669,-1.6223869414526854e-10,1.0000117686892664,1.000011768689267,1.0000117686892662,1.0000116514539676,-1.603127005365987e-10,1.0000116724990893,1.0000121553242156,-1.6223869399214009e-10,-1.7546756179873806e-10,-1.6223869348829378e-10,-1.7220459955159475e-10,-1.6734651508610904e-10,1.0000117686892669,-1.7885403451013216e-10,1.0000117686892664,1.0000117686892658,-1.6899748174628356e-10,1.0000117686892669,1.0000117686892676,-1.786066481160889e-10,1.0000057608768735,1.0000118518115904,-1.622386934805331e-10,1.0000118608161608,-1.6223869354769067e-10,1.0000116514539705,1.0000104801389191,-1.6223869413337913e-10,1.0000117686892667,1.0000117686892658,1.0000117686892667,1.0000117686892676,-1.801741158082028e-10,1.000011768689267,-1.860290850738264e-10,1.0000118608161597
1.0000041058613676,-1.6193449644558941e-10,-1.6734652751834e-10,1.0000118518115892,-1.622387074267273e-10,1.0000118518115884,1.0000118518115884,1.0000118518115892,1.0000117345762811,-1.603127134778233e-10,1.0000117556214043,1.0000122384465695,-1.6223870724269824e-10,-1.754675761177119e-10,-1.6223870668772633e-10,-1.7220461370639268e-10,-1.6734652872900211e-10,1.0000118518115884,-1.7885404906810815e-10,1.0000118518115892,1.0000118518115881,-1.689974955224771e-10,1.0000118518115884,1.0000118518115901,-1.7860666267637226e-10,1.0000118518115904,1.0000059271215247,-1.6223870681034223e-10,1.0000119439384905,-1.6223870683536997e-10,1.0000117345762816,1.0000105632611345,-1.6223870741254566e-10,1.0000118518115901,1.0000118518115884,1.0000118518115888,1.0000118518115906,-3.5779831076584907e-07,1.0000118518115886,-1.8602910019134564e-10,1.0000119439384902
-3.697494801509352e-06,9.332481226069876e-14,4.889707977770038e-17,-1.6223869354760715e-10,9.353146961501593e-14,-1.6223869351409168e-10,-1.622386935191181e-10,-1.622386935191181e-10,-1.6223867502616938e-10,9.222983173819436e-14,-1.6223867829129245e-10,-1.6223875496052163e-10,9.353146944221276e-14,5.122193537437994e-17,9.353146897987201e-14,5.025405406986852e-17,4.8836807191049237e-17,-1.622386935201513e-10,5.2328489504062185e-17,-1.622386934805331e-10,-1.6223869351361566e-10,4.941425424459699e-17,-1.6223869352876987e-10,-1.6223869351187453e-10,1.0288970364948627e-13,-1.622386934805331e-10,-1.6223870681034223e-10,-6.007812793354148e-06,-1.62238708227136e-10,9.353146904091538e-14,-1.622386749676887e-10,-3.221808648049814e-07,9.35314695989465e-14,-1.6223869353786573e-10,-1.6223869353925606e-10,-1.6223869348490035e-10,-1.6223869352480765e-10,5.275564075164279e-17,-1.622386935256529e-10,5.432734382168174e-17,-1.6223870816830373e-10
1.0000041148658982,-1.6193449790682209e-10,-1.6734652900078314e-10,1.00001186081616,-1.6223870883754762e-10,1.0000118608161601,1.0000118608161606,1.0000118608161597,1.0000117435808504,-1.6031271497498943e-10,1.0000117646259736,1.0000122474511415,-1.6223870865224e-10,-1.754675776334093e-10,-1.6223870813014677e-10,-1.722046151593919e-10,-1.673465302008257e-10,1.0000118608161588,-1.7885405067708438e-10,1.0000118608161608,1.0000118608161586,-1.689974968862712e-10,1.0000118608161592,1.000011860816162,-1.7860666425811567e-10,1.0000118608161608,1.0000119439384905,-1.62238708227136e-10,1.0000059451306682,-1.6223870821404154e-10,1.0000117435808495,1.000010572265693,-1.6223870879560563e-10,1.0000118608161606,1.0000118608161583,1.0000118608161606,1.0000118608161623,-1.8017413210052128e-10,1.0000118608161592,-3.694253894789782e-07,1.0000119529430613
-3.697494801506325e-06,9.332481226171623e-14,4.8846967937023843e-17,-1.622386935395017e-10,9.353146961595505e-14,-1.622386935504584e-10,-1.6223869352329957e-10,-1.622386935504584e-10,-1.6223867500422582e-10,9.222983173957175e-14,-1.6223867827007925e-10,-1.6223875499175044e-10,9.353146944315135e-14,5.126524651229328e-17,9.353146898081107e-14,5.0429722067866644e-17,4.888934965257576e-17,-1.622386935637196e-10,5.236919693740104e-17,-1.622386935608379e-10,-1.6223869355497816e-10,4.942494336183517e-17,-1.6223869356481302e-10,-1.6223869360668915e-10,1.0288970365070468e-13,-1.6223869354769067e-10,-1.6223870683536997e-10,9.353146904091538e-14,-1.6223870821404154e-10,-6.007812793354148e-06,-1.6223867497516193e-10,-3.221808648159367e-07,9.353146959988534e-14,-1.6223869356686332e-10,-1.6223869358699522e-10,-1.622386935544967e-10,-1.6223869354733509e-10,5.2843119161604046e-17,-1.622386935521006e-10,5.4397215381788867e-17,-1.6223870815836598e-10
1.0000039055046723,-1.6193446475266802e-10,-1.673464946618404e-10,1.000011651453969,-1.6223867557944813e-10,1.0000116514539688,1.0000116514539696,1.0000116514539685,1.0000115342186848,-1.6031268210544764e-10,1.000011555263804,1.0000120380888708,-1.622386754450489e-10,-1.7546754170263827e-10,-1.6223867485347635e-10,-1.7220457971544087e-10,-1.6734649585306829e-10,1.0000116514539683,-1.78854013928465e-10,1.0000116514539685,1.0000116514539674,-1.6899746229755626e-10,1.0000116514539685,1.0000116514539699,-3.546854886080564e-07,1.0000116514539705,1.0000117345762816,-1.622386749676887e-10,1.0000117435808495,-1.6223867497516193e-10,1.00000552640629,1.000010362903772,-1.6223867558556528e-10,1.0000116514539699,1.0000116514539676,1.0000116514539683,1.0000116514539696,-1.8017409508862307e-10,1.0000116514539683,-1.860290636192865e-10,1.0000117435808495
1.0000027341950335,-3.215767504306641e-07,-3.323242030547287e-07,1.0000104801389187,-3.2218086601869704e-07,1.0000104801389191,1.0000104801389191,1.0000104801389191,1.0000103629037713,-3.183561415215942e-07,1.0000103839488657,1.000010866773371,-3.221808657366002e-07,-3.484513438798363e-07,-3.2218086465020796e-07,-3.4197160726170305e-07,-3.323242055602401e-07,1.0000104801389187,-3.5517635303356843e-07,1.0000104801389187,1.0000104801389176,-3.356027690269367e-07,1.0000104801389187,1.00001048013892,-3.5468508218055546e-07,1.0000104801389191,1.0000105632611345,-3.221808648049814e-07,1.000010572265693,-3.221808648159367e-07,1.000010362903772,1.0000031837778303,-3.221808659707048e-07,1.0000104801389185,1.0000104801389185,1.0000104801389185,1.0000104801389198,-3.577978296559153e-07,1.0000104801389196,-3.6942488977812405e-07,1.0000105722656931
-3.697494802627973e-06,9.332481281908098e-14,4.888972163417118e-17,-1.6223869415558206e-10,9.353147017398622e-14,-1.622386941469031e-10,-1.6223869411897107e-10,-1.622386941469031e-10,-1.6223867556326162e-10,9.222983229338763e-14,-1.622386789242068e-10,-1.6223875557743355e-10,9.353147000118273e-14,5.1138852239105784e-17,9.353146953884217e-14,5.0516711411354256e-17,4.888972163417118e-17,-1.6223869413279639e-10,5.226698939453407e-17,-1.6223869408705557e-10,-1.6223869413279639e-10,4.9402166797816706e-17,-1.6223869409925362e-10,-1.6223869410878194e-10,1.0288970426601404e-13,-1.6223869413337913e-10,-1.6223870741254566e-10,9.35314695989465e-14,-1.6223870879560563e-10,9.353146959988534e-14,-1.6223867558556528e-10,-3.221808659707048e-07,-6.007812793354148e-06,-1.622386941145568e-10,-1.622386941145568e-10,-1.6223869415558206e-10,-1.6223869410763265e-10,5.278162693141091e-17,-1.6223869409925362e-10,5.4306764004000194e-17,-1.6223870880156369e-10
1.0000040227394291,-1.6193448326833777e-10,-1.6734651388432635e-10,1.0000117686892667,-1.6223869414305149e-10,1.0000117686892658,1.0000117686892669,1.0000117686892662,1.0000116514539676,-1.6031270057199534e-10,1.0000116724990893,1.0000121553242156,-1.622386940272741e-10,-1.7546756179498671e-10,-1.6223869349770425e-10,-1.722045995588855e-10,-1.6734651510276644e-10,1.000011768689266,-1.788540344788233e-10,1.0000117686892664,1.0000117686892656,-1.6899748173459364e-10,1.0000117686892669,1.0000117686892676,-1.786066481160889e-10,1.0000117686892667,1.0000118518115901,-1.6223869353786573e-10,1.0000118608161606,-1.6223869356686332e-10,1.0000116514539699,1.0000104801389185,-1.622386941145568e-10,1.0000057608768735,1.0000117686892653,1.0000117686892667,1.0000117686892676,-1.8017411585824314e-10,1.0000117686892669,-1.8602908507615178e-10,1.0000118608161592
1.0000040227394296,-1.6193448328742736e-10,-1.6734651386989849e-10,1.0000117686892653,-1.622386941554676e-10,1.0000117686892653,1.0000117686892658,1.000011768689265,1.0000116514539668,-1.6031270049203817e-10,1.0000116724990888,1.0000121553242147,-1.6223869402717018e-10,-1.754675618084829e-10,-1.622386934968969e-10,-1.722045995901679e-10,-1.673465151151402e-10,1.000011768689265,-1.7885403451113765e-10,1.0000117686892658,1.000011768689264,-1.6899748173843354e-10,1.0000117686892653,1.0000117686892662,-1.7860664813607594e-10,1.0000117686892658,1.0000118518115884,-1.6223869353925606e-10,1.0000118608161583,-1.6223869358699522e-10,1.0000116514539676,1.0000104801389185,-1.622386941145568e-10,1.0000117686892653,1.0000057608768746,1.0000117686892647,1.000011768689266,-1.801741157994324e-10,1.0000117686892658,-1.8602908508106787e-10,1.0000118608161588
1.0000040227394285,-1.619344833266963e-10,-1.6734651384065259e-10,1.0000117686892658,-1.6223869414305149e-10,1.0000117686892658,1.0000117686892658,1.0000117686892658,1.000011651453967,-1.6031270052967016e-10,1.000011672499089,1.0000121553242152,-1.6223869404087855e-10,-1.754675617730757e-10,-1.6223869352249483e-10,-1.722045995739913e-10,-1.6734651508368724e-10,1.0000117686892658,-1.78854034502776e-10,1.000011768689266,1.0000117686892653,-1.6899748173057644e-10,1.0000117686892658,1.0000117686892669,-1.7860664813607594e-10,1.0000117686892667,1.0000118518115888,-1.6223869348490035e-10,1.0000118608161606,-1.622386935544967e-10,1.0000116514539683,1.0000104801389185,-1.6223869415558206e-10,1.0000117686892667,1.0000117686892647,1.0000057608768735,1.000011768689267,-1.8017411584013634e-10,1.0000117686892658,-1.8602908506709356e-10,1.0000118608161601
1.0000040227394256,-1.6193448325730736e-10,-1.67346513862824e-10,1.0000117686892678,-1.6223869415664713e-10,1.0000117686892676,1.0000117686892676,1.0000117686892669,1.000011651453969,-1.6031270049585403e-10,1.0000116724990908,1.0000121553242158,-1.6223869404131724e-10,-1.7546756181187857e-10,-1.6223869351143943e-10,-1.7220459957382236e-10,-1.673465150583591e-10,1.0000117686892667,-1.788540344928245e-10,1.0000117686892678,1.000011768689266,-1.6899748171838803e-10,1.0000117686892667,1.0000117686892676,-1.786066481647459e-10,1.0000117686892676,1.0000118518115906,-1.6223869352480765e-10,1.0000118608161623,-1.6223869354733509e-10,1.0000116514539696,1.0000104801389198,-1.6223869410763265e-10,1.0000117686892676,1.000011768689266,1.000011768689267,1.0000057608768746,-1.8017411585675008e-10,1.0000117686892667,-1.8602908504177413e-10,1.000011860816162
-3.733111649902191e-06,5.262016209875958e-17,5.5306929757877126e-17,-1.8017411584295026e-10,5.2830683114451186e-17,-1.8017411584557798e-10,-1.8017411583644797e-10,-1.801741158456059e-10,-1.8017409514377195e-10,1.0340308165781514e-13,-1.801740988590975e-10,-1.801741841627375e-10,5.2743521946323474e-17,5.703057972819414e-17,5.2839070095544584e-17,5.658983176824812e-17,5.4897015427882664e-17,-1.8017411581947965e-10,5.865207781595786e-17,-1.8017411583969848e-10,-1.8017411587267644e-10,5.638933904412645e-17,-1.8017411580981138e-10,-1.8017411581947965e-10,5.811485261026562e-17,-1.801741158082028e-10,-3.5779831076584907e-07,5.275564075164279e-17,-1.8017413210052128e-10,5.2843119161604046e-17,-1.8017409508862307e-10,-3.577978296559153e-07,5.278162693141091e-17,-1.8017411585824314e-10,-1.801741157994324e-10,-1.8017411584013634e-10,-1.8017411585675008e-10,-6.007812769763481e-06,-1.8017411587316473e-10,6.104610201358294e-17,-1.8017413212733928e-10
1.000004022739426,-1.6193448329006413e-10,-1.673465138592667e-10,1.0000117686892662,-1.6223869417002998e-10,1.0000117686892662,1.0000117686892669,1.0000117686892658,1.0000116514539674,-1.6031270055638667e-10,1.0000116724990895,1.0000121553242147,-1.622386939599333e-10,-1.7546756179291964e-10,-1.6223869351535336e-10,-1.7220459958210792e-10,-1.673465151273273e-10,1.0000117686892658,-1.7885403444730195e-10,1.0000117686892662,1.0000117686892656,-1.6899748174643703e-10,1.0000117686892658,1.0000117686892669,-1.7860664809473267e-10,1.000011768689267,1.0000118518115886,-1.622386935256529e-10,1.0000118608161592,-1.622386935521006e-10,1.0000116514539683,1.0000104801389196,-1.6223869409925362e-10,1.0000117686892669,1.0000117686892658,1.0000117686892658,1.0000117686892667,-1.8017411587316473e-10,1.000005760876876,-1.860290850542642e-10,1.0000118608161597
-3.7447386483423084e-06,5.428440542626526e-17,5.653841565842925e-17,-1.8602908511853618e-10,5.447280662354334e-17,-1.8602908504695143e-10,-1.8602908511629783e-10,-1.8602908502253313e-10,-1.8602906364173368e-10,5.3600403529414264e-17,-1.8602906747976461e-10,-1.860291555366888e-10,5.4306764004000194e-17,5.923310021471156e-17,5.436014834070193e-17,5.787812627408365e-17,5.653841565842925e-17,-1.8602908506709356e-10,6.013530264754573e-17,-1.860290850369008e-10,-1.8602908511853618e-10,1.1312958148579858e-13,-1.8602908510993363e-10,-1.860290850403651e-10,5.978895708340873e-17,-1.860290850738264e-10,-1.8602910019134564e-10,5.432734382168174e-17,-3.694253894789782e-07,5.4397215381788867e-17,-1.860290636192865e-10,-3.6942488977812405e-07,5.4306764004000194e-17,-1.8602908507615178e-10,-1.8602908508106787e-10,-1.8602908506709356e-10,-1.8602908504177413e-10,6.104610201358294e-17,-1.860290850542642e-10,-6.007812764666431e-06,-3.6942538947897823e-07
1.0000041148658951,-1.61934497866351e-10,-1.6734652899937776e-10,1.0000118608161601,-1.6223870879607917e-10,1.0000118608161601,1.00001186081616,1.0000118608161592,1.00001174358085,-1.6031271496021177e-10,1.0000117646259734,1.000012247451142,-1.622387086856864e-10,-1.754675776844679e-10,-1.6223870813014677e-10,-1.722046151584272e-10,-1.6734653023094006e-10,1.0000118608161588,-1.7885405068804698e-10,1.0000118608161601,1.0000118608161586,-1.6899749688700256e-10,1.0000118608161588,1.0000118608161606,-1.786066642503828e-10,1.0000118608161597,1.0000119439384902,-1.6223870816830373e-10,1.0000119529430613,-1.6223870815836598e-10,1.0000117435808495,1.0000105722656931,-1.6223870880156369e-10,1.0000118608161592,1.0000118608161588,1.0000118608161601,1.000011860816162,-1.8017413212733928e-10,1.0000118608161597,-3.6942538947897823e-07,1.00000594513067
