0.9999999966753859,1.0000103962253388,1.0000103100137663,-3.7076971388298196e-06,1.0000103962253422,1.000010396225342,-3.707697138758885e-06,-3.707697138829703e-06,1.000010396225341,-3.707697139554446e-06,-3.7912165908005076e-06,1.000010396225341,1.000010064026586,1.000010310013766,-3.7076971391937363e-06,1.0000103962253393,1.0000103962253404,-3.7076971392308038e-06,1.0000103962253417,1.0000100640265859,1.0000101244303925,1.0000103100137643,-3.7076971388281146e-06,1.0000103962253402,-3.7076971414174795e-06,-3.7076971387624127e-06,1.0000103962253406,1.0000103962253417,-3.791216591901184e-06,1.0000103962253417,1.0000101244303923,1.0000103100137687,1.0000103962253428,1.0000103962253413,-3.7076971387623077e-06,-3.791216588796296e-06,1.0000103100137685,1.0000103100137643,1.0000103962253433,1.0000103100137687,1.0000103962253417,-3.7076971389088863e-06,1.0000103962253402,-3.7076971387615683e-06,1.0000103962253388
1.0000103962253388,1.0000120104449886,1.000018651501616,-1.4764586682458583e-10,1.0000187377136212,1.0000187377136203,-1.47645867172948e-10,-1.4764586742701061e-10,1.0000187377136196,-1.4764586731344443e-10,-1.896755608125031e-10,1.0000187377136203,1.0000184055132142,1.0000186515016152,-1.4764586754572786e-10,1.0000187377136212,1.0000187377136212,-1.47645867506576e-10,1.0000187377136207,1.000018405513214,1.0000184659173224,1.0000186515016152,-1.476458676368215e-10,1.000018737713619,-1.476458674035277e-10,-1.4764586722973111e-10,1.0000187377136207,1.0000187377136198,-1.8967556090603091e-10,1.0000187377136205,1.0000184659173224,1.0000186515016172,1.0000187377136203,1.0000187377136203,-1.4764586732771588e-10,-1.8967556091544397e-10,1.0000186515016165,1.0000186515016163,1.0000187377136203,1.0000186515016172,1.0000187377136207,-1.4764586754661747e-10,1.0000187377136187,-1.4764586716027397e-10,1.0000187377136207
1.0000103100137663,1.000018651501616,1.0000118380209904,-1.4764585420475972e-10,1.0000186515016172,1.0000186515016172,-1.4764585453562108e-10,-1.4764585470679127e-10,1.000018651501616,-1.4764585471030847e-10,-3.7691659215497266e-07,1.000018651501616,1.0000183193012397,1.0000185652896192,-1.4764585480605196e-10,1.0000186515016185,1.000018651501617,-1.4764585477288794e-10,1.0000186515016172,1.0000183193012397,1.0000183797053428,1.0000185652896192,-1.4764585490343715e-10,1.0000186515016154,-1.4764585471597866e-10,-1.476458544435475e-10,1.0000186515016172,1.0000186515016172,-3.769165921862457e-07,1.0000186515016174,1.0000183797053435,1.0000185652896203,1.0000186515016178,1.0000186515016178,-1.476458546141755e-10,-3.769165923012286e-07,1.0000185652896205,1.0000185652896203,1.000018651501616,1.0000185652896203,1.0000186515016183,-1.4764585485173198e-10,1.0000186515016154,-1.4764585448094545e-10,1.0000186515016174
-3.7076971388298196e-06,-1.4764586682458583e-10,-1.4764585420475972e-10,-6.7272692872788695e-06,-1.4764586686288212e-10,-1.476458668815745e-10,7.254937551455862e-14,7.254937560770798e-14,-1.4764586684727475e-10,7.254937558348695e-14,4.70764113421655e-17,-1.4764586688076995e-10,-2.9339659287605197e-07,-1.4764585421140332e-10,7.25493757986696e-14,-1.476458668607057e-10,-1.4764586688076995e-10,7.254937567042526e-14,-1.476458668612142e-10,-2.933965928760518e-07,-2.9339661053456763e-07,-1.476458541507671e-10,7.254937579570676e-14,-1.4764586685902027e-10,7.254937572142198e-14,7.254937538833479e-14,-1.476458668600041e-10,-1.4764586684697425e-10,4.7092825859196275e-17,-1.47645866841566e-10,-2.9339661053456784e-07,-1.4764585421535932e-10,-1.4764586684697425e-10,-1.4764586684727475e-10,7.254937555586128e-14,4.7079198849284796e-17,-1.4764585425666104e-10,-1.4764585421402068e-10,-1.4764586684727475e-10,-1.4764585413804523e-10,-1.4764586684727475e-10,7.254937579445246e-14,-1.476458668434585e-10,7.25493753467628e-14,-1.476458668600041e-10
1.0000103962253422,1.0000187377136212,1.0000186515016172,-1.4764586686288212e-10,1.0000120104449979,1.0000187377136203,-1.4764586723564163e-10,-1.4764586744792696e-10,1.0000187377136205,-1.476458674074669e-10,-1.8967556083659187e-10,1.0000187377136207,1.0000184055132162,1.0000186515016172,-1.4764586751104327e-10,1.0000187377136212,1.0000187377136218,-1.4764586751968778e-10,1.0000187377136207,1.000018405513215,1.0000184659173244,1.000018651501617,-1.4764586763499856e-10,1.0000187377136203,-1.4764586746368436e-10,-1.4764586720225672e-10,1.0000187377136212,1.0000187377136216,-1.8967556092379234e-10,1.0000187377136212,1.0000184659173244,1.000018651501618,1.000018737713622,1.000018737713621,-1.4764586732838396e-10,-1.896755608698299e-10,1.0000186515016183,1.000018651501617,1.0000187377136214,1.000018651501618,1.0000187377136212,-1.4764586753771675e-10,1.0000187377136198,-1.476458670909429e-10,1.000018737713621
1.000010396225342,1.0000187377136203,1.0000186515016172,-1.476458668815745e-10,1.0000187377136203,1.0000120104449914,-1.476458672454134e-10,-1.4764586737268566e-10,1.0000187377136192,-1.4764586731344443e-10,-1.8967556096122785e-10,1.0000187377136192,1.0000184055132146,1.000018651501616,-1.4764586753945008e-10,1.0000187377136214,1.0000187377136212,-1.4764586747141377e-10,1.000018737713621,1.0000184055132142,1.000018465917324,1.0000186515016167,-1.4764586764631465e-10,1.000018737713619,-1.4764586738928513e-10,-1.4764586720225672e-10,1.0000187377136203,1.00001873771362,-1.8967556083013334e-10,1.0000187377136212,1.0000184659173241,1.000018651501617,1.0000187377136214,1.000018737713621,-1.476458673028309e-10,-1.8967556091544397e-10,1.0000186515016174,1.0000186515016172,1.0000187377136212,1.000018651501617,1.0000187377136207,-1.4764586757134993e-10,1.000018737713619,-1.476458670909429e-10,1.000018737713621
-3.707697138758885e-06,-1.47645867172948e-10,-1.4764585453562108e-10,7.254937551455862e-14,-1.4764586723564163e-10,-1.476458672454134e-10,-6.7272692872788695e-06,7.25493760598918e-14,-1.476458672777118e-10,7.254937603567087e-14,4.7051722445571253e-17,-1.4764586725744862e-10,-2.9339659369096617e-07,-1.4764585456595423e-10,7.254937625085393e-14,-1.4764586723564163e-10,-1.4764586724514922e-10,7.254937612260935e-14,-1.4764586725745325e-10,-2.933965936909664e-07,-2.933966113494825e-07,-1.4764585454757105e-10,7.25493762478905e-14,-1.4764586724514922e-10,7.254937617360601e-14,7.254937584051878e-14,-1.4764586721691338e-10,-1.47645867172948e-10,4.70764113421655e-17,-1.4764586725013828e-10,-2.933966113494825e-07,-1.476458546347708e-10,-1.4764586725818292e-10,-1.476458672777152e-10,7.254937600804546e-14,4.707594949952927e-17,-1.4764585456595423e-10,-1.476458545829343e-10,-1.476458671445976e-10,-1.476458545317761e-10,-1.476458673102111e-10,7.254937624663676e-14,-1.4764586725769602e-10,7.254937579894713e-14,-1.4764586725579263e-10
-3.707697138829703e-06,-1.4764586742701061e-10,-1.4764585470679127e-10,7.254937560770798e-14,-1.4764586744792696e-10,-1.4764586737268566e-10,7.25493760598918e-14,-6.7272692872788695e-06,-1.4764586744557836e-10,7.254937612882018e-14,4.707594949952927e-17,-1.476458673514379e-10,-2.9339659390992795e-07,-1.4764585470626728e-10,7.254937634400277e-14,-1.4764586740297724e-10,-1.476458674353367e-10,7.25493762157581e-14,-1.4764586744485727e-10,-2.933965939099281e-07,-2.933966115684436e-07,-1.4764585473856574e-10,7.25493763410396e-14,-1.4764586742043448e-10,7.2549376266755e-14,7.254937593366784e-14,-1.476458674681541e-10,-1.4764586738103904e-10,4.7051722445571253e-17,-1.4764586736929484e-10,-2.9339661156844345e-07,-1.47645854674709e-10,-1.4764586742324777e-10,-1.4764586744488575e-10,7.254937610119403e-14,4.70989333790126e-17,-1.4764585470626728e-10,-1.4764585473923087e-10,-1.4764586742043448e-10,-1.476458547345857e-10,-1.476458674681541e-10,7.254937633978552e-14,-1.4764586736109223e-10,7.254937589209573e-14,-1.4764586735125258e-10
1.000010396225341,1.0000187377136196,1.000018651501616,-1.4764586684727475e-10,1.0000187377136205,1.0000187377136192,-1.476458672777118e-10,-1.4764586744557836e-10,1.0000120104449908,-1.4764586733715417e-10,-1.896755609545118e-10,1.0000187377136198,1.000018405513215,1.000018651501616,-1.4764586748162356e-10,1.0000187377136203,1.0000187377136207,-1.476458674942794e-10,1.00001873771362,1.0000184055132146,1.0000184659173232,1.0000186515016158,-1.4764586764845503e-10,1.0000187377136187,-1.4764586738533894e-10,-1.4764586710418293e-10,1.0000187377136205,1.0000187377136207,-1.8967556091895013e-10,1.0000187377136198,1.0000184659173232,1.000018651501617,1.0000187377136214,1.0000187377136203,-1.4764586726932517e-10,-1.8967556094576063e-10,1.0000186515016174,1.0000186515016158,1.0000187377136207,1.000018651501617,1.0000187377136203,-1.4764586754661747e-10,1.0000187377136187,-1.4764586707475205e-10,1.00001873771362
-3.707697139554446e-06,-1.4764586731344443e-10,-1.4764585471030847e-10,7.254937558348695e-14,-1.476458674074669e-10,-1.4764586731344443e-10,7.254937603567087e-14,7.254937612882018e-14,-1.4764586733715417e-10,-6.7272692872788695e-06,4.707040200143101e-17,-1.4764586733926234e-10,-2.9339659381853537e-07,-1.4764585460216595e-10,7.25493763197821e-14,-1.4764586733715417e-10,-1.4764586733115985e-10,7.254937619153784e-14,-1.47645867278601e-10,-2.933965938185357e-07,-2.9339661147705135e-07,-1.4764585470800604e-10,7.254937631681924e-14,-1.476458673727499e-10,7.254937624253418e-14,7.25493759094471e-14,-1.4764586733715417e-10,-1.4764586731344443e-10,4.711801954985255e-17,-1.4764586725181172e-10,-2.9339661147705166e-07,-1.476458546806962e-10,-1.4764586736516193e-10,-1.4764586733115985e-10,7.254937607697348e-14,4.705995063225946e-17,-1.476458546821279e-10,-1.476458546821279e-10,-1.4764586731344443e-10,-1.4764585472369634e-10,-1.476458673028425e-10,7.254937631556455e-14,-1.476458673727499e-10,7.254937586787534e-14,-1.4764586733715417e-10
-3.7912165908005076e-06,-1.896755608125031e-10,-3.7691659215497266e-07,4.70764113421655e-17,-1.8967556083659187e-10,-1.8967556096122785e-10,4.7051722445571253e-17,4.707594949952927e-17,-1.896755609545118e-10,4.707040200143101e-17,-6.727269240559281e-06,-1.8967556092831495e-10,-1.8967549821957839e-10,-3.769165921549717e-07,4.7051722445571253e-17,-1.8967556084827186e-10,-1.8967556092107666e-10,4.707919671477775e-17,-1.8967556095472013e-10,-1.8967549815162527e-10,-3.7691652261747484e-07,-3.7691659215497155e-07,4.7093866790456e-17,-1.8967556090052114e-10,4.7079198849284796e-17,4.699488403902121e-17,-1.8967556080721757e-10,-1.896755609545118e-10,1.2041023954054262e-13,-1.8967556096122785e-10,-3.769165226174753e-07,-3.769165921549729e-07,-1.8967556096122785e-10,-1.8967556089772434e-10,4.711801954985255e-17,1.2041023965579494e-13,-3.769165921549728e-07,-3.76916592154972e-07,-1.8967556093066045e-10,-3.769165921549729e-07,-1.8967556103300838e-10,4.706361477683264e-17,-1.896755609409896e-10,4.70989333790126e-17,-1.8967556090052114e-10
1.000010396225341,1.0000187377136203,1.000018651501616,-1.4764586688076995e-10,1.0000187377136207,1.0000187377136192,-1.4764586725744862e-10,-1.476458673514379e-10,1.0000187377136198,-1.4764586733926234e-10,-1.8967556092831495e-10,1.0000120104449908,1.0000184055132146,1.0000186515016158,-1.4764586747320635e-10,1.0000187377136203,1.0000187377136207,-1.476458675168443e-10,1.00001873771362,1.0000184055132149,1.0000184659173232,1.0000186515016158,-1.4764586761428635e-10,1.000018737713619,-1.4764586740421887e-10,-1.4764586720225672e-10,1.0000187377136205,1.0000187377136207,-1.8967556094184166e-10,1.0000187377136205,1.0000184659173235,1.0000186515016172,1.0000187377136214,1.0000187377136203,-1.4764586739062343e-10,-1.8967556092843414e-10,1.0000186515016174,1.000018651501616,1.0000187377136207,1.0000186515016172,1.0000187377136203,-1.4764586755973888e-10,1.0000187377136187,-1.4764586713152203e-10,1.00001873771362
1.000010064026586,1.0000184055132142,1.0000183193012397,-2.9339659287605197e-07,1.0000184055132162,1.0000184055132146,-2.9339659369096617e-07,-2.9339659390992795e-07,1.000018405513215,-2.9339659381853537e-07,-1.8967549821957839e-10,1.0000184055132146,1.000011346044275,1.0000183193012397,-2.933965941922761e-07,1.000018405513215,1.0000184055132155,-2.933965940201489e-07,1.0000184055132146,1.000018073312918,1.000018133717007,1.0000183193012397,-2.933965943187919e-07,1.000018405513214,-2.9339659405659636e-07,-2.933965934434612e-07,1.000018405513216,1.000018405513216,-1.8967549821059073e-10,1.000018405513215,1.0000181337170067,1.0000183193012404,1.000018405513215,1.0000184055132155,-2.933965937754549e-07,-1.8967549819294927e-10,1.0000183193012402,1.0000183193012409,1.0000184055132153,1.0000183193012404,1.000018405513215,-2.933965941933897e-07,1.000018405513215,-2.933965933694197e-07,1.000018405513215
1.000010310013766,1.0000186515016152,1.0000185652896192,-1.4764585421140332e-10,1.0000186515016172,1.000018651501616,-1.4764585456595423e-10,-1.4764585470626728e-10,1.000018651501616,-1.4764585460216595e-10,-3.769165921549717e-07,1.0000186515016158,1.0000183193012397,1.000011838020993,-1.4764585484574958e-10,1.000018651501617,1.0000186515016172,-1.4764585477888678e-10,1.000018651501617,1.0000183193012395,1.0000183797053428,1.0000185652896194,-1.4764585484494375e-10,1.0000186515016156,-1.4764585480243778e-10,-1.476458544435475e-10,1.0000186515016172,1.000018651501616,-3.76916592186246e-07,1.0000186515016174,1.0000183797053428,1.00001856528962,1.0000186515016174,1.000018651501617,-1.4764585458461639e-10,-3.7691659230122926e-07,1.0000185652896194,1.0000185652896205,1.0000186515016172,1.00001856528962,1.0000186515016165,-1.4764585481865034e-10,1.0000186515016152,-1.4764585444536198e-10,1.0000186515016163
-3.7076971391937363e-06,-1.4764586754572786e-10,-1.4764585480605196e-10,7.25493757986696e-14,-1.4764586751104327e-10,-1.4764586753945008e-10,7.254937625085393e-14,7.254937634400277e-14,-1.4764586748162356e-10,7.25493763197821e-14,4.7051722445571253e-17,-1.4764586747320635e-10,-2.933965941922761e-07,-1.4764585484574958e-10,-6.7272692872788695e-06,-1.4764586745033956e-10,-1.4764586747320635e-10,7.254937640672009e-14,-1.4764586745820796e-10,-2.9339659419227537e-07,-2.9339661185079166e-07,-1.4764585486462646e-10,7.254937653200189e-14,-1.4764586733327913e-10,7.254937645771683e-14,7.254937612462936e-14,-1.4764586741705247e-10,-1.4764586744650537e-10,4.711801954985255e-17,-1.4764586753945008e-10,-2.933966118507921e-07,-1.476458548190803e-10,-1.4764586751617314e-10,-1.4764586744033388e-10,7.25493762921561e-14,4.7092825859196275e-17,-1.476458548190803e-10,-1.4764585482579873e-10,-1.476458675602514e-10,-1.4764585479359625e-10,-1.47645867436311e-10,7.254937653074777e-14,-1.4764586747514855e-10,7.254937608305773e-14,-1.4764586748155878e-10
1.0000103962253393,1.0000187377136212,1.0000186515016185,-1.476458668607057e-10,1.0000187377136212,1.0000187377136214,-1.4764586723564163e-10,-1.4764586740297724e-10,1.0000187377136203,-1.4764586733715417e-10,-1.8967556084827186e-10,1.0000187377136203,1.000018405513215,1.000018651501617,-1.4764586745033956e-10,1.0000120104449957,1.0000187377136212,-1.4764586746467644e-10,1.0000187377136205,1.0000184055132146,1.0000184659173232,1.0000186515016178,-1.4764586755206437e-10,1.00001873771362,-1.4764586746368436e-10,-1.4764586710932047e-10,1.0000187377136212,1.000018737713621,-1.8967556092684994e-10,1.0000187377136212,1.0000184659173241,1.000018651501617,1.0000187377136214,1.0000187377136218,-1.4764586728601825e-10,-1.8967556094602086e-10,1.0000186515016174,1.0000186515016172,1.0000187377136212,1.000018651501617,1.0000187377136214,-1.4764586746934078e-10,1.00001873771362,-1.4764586709120936e-10,1.0000187377136218
1.0000103962253404,1.0000187377136212,1.000018651501617,-1.4764586688076995e-10,1.0000187377136218,1.0000187377136212,-1.4764586724514922e-10,-1.476458674353367e-10,1.0000187377136207,-1.4764586733115985e-10,-1.8967556092107666e-10,1.0000187377136207,1.0000184055132155,1.0000186515016172,-1.4764586747320635e-10,1.0000187377136212,1.000012010444992,-1.4764586746054276e-10,1.000018737713621,1.0000184055132153,1.0000184659173252,1.000018651501617,-1.4764586763182751e-10,1.000018737713621,-1.4764586739621864e-10,-1.4764586716607951e-10,1.0000187377136214,1.0000187377136218,-1.8967556092379234e-10,1.0000187377136214,1.0000184659173248,1.0000186515016178,1.000018737713622,1.0000187377136218,-1.4764586734482893e-10,-1.8967556096651557e-10,1.0000186515016183,1.0000186515016183,1.000018737713622,1.0000186515016178,1.0000187377136218,-1.4764586757134993e-10,1.0000187377136207,-1.4764586709511404e-10,1.0000187377136212
-3.7076971392308038e-06,-1.47645867506576e-10,-1.4764585477288794e-10,7.254937567042526e-14,-1.4764586751968778e-10,-1.4764586747141377e-10,7.254937612260935e-14,7.25493762157581e-14,-1.476458674942794e-10,7.254937619153784e-14,4.707919671477775e-17,-1.476458675168443e-10,-2.933965940201489e-07,-1.4764585477888678e-10,7.254937640672009e-14,-1.4764586746467644e-10,-1.4764586746054276e-10,-6.7272692872788695e-06,-1.476458674496512e-10,-2.933965940201489e-07,-2.933966116786651e-07,-1.4764585476213232e-10,7.254937640375689e-14,-1.4764586750899913e-10,7.254937632947243e-14,7.25493759963855e-14,-1.4764586742792294e-10,-1.4764586738754068e-10,4.704540324757096e-17,-1.476458675168443e-10,-2.933966116786651e-07,-1.4764585479660065e-10,-1.476458674635922e-10,-1.4764586738754068e-10,7.254937616391158e-14,4.7025187254030607e-17,-1.476458547805289e-10,-1.4764585479660065e-10,-1.4764586747141377e-10,-1.4764585477888678e-10,-1.47645867506576e-10,7.254937640250286e-14,-1.4764586742263056e-10,7.254937595481328e-14,-1.4764586751968778e-10
1.0000103962253417,1.0000187377136207,1.0000186515016172,-1.476458668612142e-10,1.0000187377136207,1.000018737713621,-1.4764586725745325e-10,-1.4764586744485727e-10,1.00001873771362,-1.47645867278601e-10,-1.8967556095472013e-10,1.00001873771362,1.0000184055132146,1.000018651501617,-1.4764586745820796e-10,1.0000187377136205,1.000018737713621,-1.476458674496512e-10,1.0000120104449972,1.0000184055132146,1.0000184659173228,1.000018651501617,-1.476458675290553e-10,1.0000187377136194,-1.4764586738928513e-10,-1.4764586724041795e-10,1.0000187377136207,1.000018737713621,-1.8967556089581027e-10,1.0000187377136207,1.000018465917324,1.0000186515016174,1.0000187377136214,1.0000187377136207,-1.4764586738391828e-10,-1.8967556092843414e-10,1.0000186515016178,1.0000186515016185,1.000018737713621,1.0000186515016174,1.0000187377136214,-1.4764586753787086e-10,1.0000187377136194,-1.4764586710549846e-10,1.0000187377136207
1.0000100640265859,1.000018405513214,1.0000183193012397,-2.933965928760518e-07,1.000018405513215,1.0000184055132142,-2.933965936909664e-07,-2.933965939099281e-07,1.0000184055132146,-2.933965938185357e-07,-1.8967549815162527e-10,1.0000184055132149,1.000018073312918,1.0000183193012395,-2.9339659419227537e-07,1.0000184055132146,1.0000184055132153,-2.933965940201489e-07,1.0000184055132146,1.0000113460442746,1.0000181337170064,1.0000183193012395,-2.933965943187917e-07,1.0000184055132146,-2.9339659405659636e-07,-2.9339659344346076e-07,1.0000184055132146,1.0000184055132153,-1.8967549813736465e-10,1.0000184055132146,1.0000181337170073,1.0000183193012409,1.0000184055132155,1.000018405513215,-2.9339659377545474e-07,-1.8967549827530143e-10,1.0000183193012402,1.0000183193012409,1.000018405513215,1.0000183193012409,1.0000184055132146,-2.933965941933894e-07,1.000018405513214,-2.933965933694196e-07,1.0000184055132144
1.0000101244303925,1.0000184659173224,1.0000183797053428,-2.9339661053456763e-07,1.0000184659173244,1.000018465917324,-2.933966113494825e-07,-2.933966115684436e-07,1.0000184659173232,-2.9339661147705135e-07,-3.7691652261747484e-07,1.0000184659173232,1.000018133717007,1.0000183797053428,-2.9339661185079166e-07,1.0000184659173232,1.0000184659173252,-2.933966116786651e-07,1.0000184659173228,1.0000181337170064,1.0000114668524605,1.0000183797053417,-2.933966119773072e-07,1.000018465917323,-2.933966117151125e-07,-2.933966111019763e-07,1.0000184659173244,1.0000184659173235,-3.7691652264874873e-07,1.0000184659173244,1.0000181941210995,1.0000183797053435,1.0000184659173248,1.0000184659173244,-2.9339661143397083e-07,-3.7691652276373287e-07,1.000018379705343,1.0000183797053424,1.000018465917325,1.0000183797053435,1.0000184659173241,-2.9339661185190557e-07,1.0000184659173228,-2.933966110279358e-07,1.000018465917324
1.0000103100137643,1.0000186515016152,1.0000185652896192,-1.476458541507671e-10,1.000018651501617,1.0000186515016167,-1.4764585454757105e-10,-1.4764585473856574e-10,1.0000186515016158,-1.4764585470800604e-10,-3.7691659215497155e-07,1.0000186515016158,1.0000183193012397,1.0000185652896194,-1.4764585486462646e-10,1.0000186515016178,1.000018651501617,-1.4764585476213232e-10,1.000018651501617,1.0000183193012395,1.0000183797053417,1.0000118380209937,-1.4764585491866834e-10,1.0000186515016154,-1.47645854867594e-10,-1.4764585449834096e-10,1.000018651501616,1.0000186515016163,-3.769165921862459e-07,1.0000186515016172,1.0000183797053428,1.0000185652896205,1.0000186515016172,1.0000186515016165,-1.4764585470466413e-10,-3.7691659230122905e-07,1.000018565289621,1.0000185652896205,1.0000186515016167,1.0000185652896205,1.0000186515016172,-1.4764585479929364e-10,1.0000186515016154,-1.476458544345548e-10,1.0000186515016172
-3.7076971388281146e-06,-1.476458676368215e-10,-1.4764585490343715e-10,7.254937579570676e-14,-1.4764586763499856e-10,-1.4764586764631465e-10,7.25493762478905e-14,7.25493763410396e-14,-1.4764586764845503e-10,7.254937631681924e-14,4.7093866790456e-17,-1.4764586761428635e-10,-2.933965943187919e-07,-1.4764585484494375e-10,7.254937653200189e-14,-1.4764586755206437e-10,-1.4764586763182751e-10,7.254937640375689e-14,-1.476458675290553e-10,-2.933965943187917e-07,-2.933966119773072e-07,-1.4764585491866834e-10,-6.7272692872788695e-06,-1.4764586764907733e-10,7.25493764547537e-14,7.25493761216666e-14,-1.4764586765043124e-10,-1.4764586760254922e-10,4.707919671477775e-17,-1.476458676368215e-10,-2.9339661197730784e-07,-1.4764585490343715e-10,-1.476458676714115e-10,-1.4764586764558208e-10,7.254937628919317e-14,4.709386679045603e-17,-1.4764585495456012e-10,-1.4764585491233082e-10,-1.476458676313696e-10,-1.4764585489191179e-10,-1.4764586758852337e-10,7.25493765277846e-14,-1.4764586763499856e-10,7.254937608009472e-14,-1.4764586758852337e-10
1.0000103962253402,1.000018737713619,1.0000186515016154,-1.4764586685902027e-10,1.0000187377136203,1.000018737713619,-1.4764586724514922e-10,-1.4764586742043448e-10,1.0000187377136187,-1.476458673727499e-10,-1.8967556090052114e-10,1.000018737713619,1.000018405513214,1.0000186515016156,-1.4764586733327913e-10,1.00001873771362,1.000018737713621,-1.4764586750899913e-10,1.0000187377136194,1.0000184055132146,1.000018465917323,1.0000186515016154,-1.4764586764907733e-10,1.0000120104449914,-1.4764586736926669e-10,-1.476458671273156e-10,1.0000187377136198,1.0000187377136194,-1.8967556092379234e-10,1.0000187377136198,1.000018465917323,1.0000186515016165,1.0000187377136212,1.00001873771362,-1.4764586729052168e-10,-1.8967556091544397e-10,1.0000186515016172,1.0000186515016165,1.0000187377136207,1.0000186515016165,1.0000187377136198,-1.476458676076259e-10,1.0000187377136187,-1.4764586707099725e-10,1.00001873771362
-3.7076971414174795e-06,-1.476458674035277e-10,-1.4764585471597866e-10,7.254937572142198e-14,-1.4764586746368436e-10,-1.4764586738928513e-10,7.254937617360601e-14,7.2549376266755e-14,-1.4764586738533894e-10,7.254937624253418e-14,4.7079198849284796e-17,-1.4764586740421887e-10,-2.9339659405659636e-07,-1.4764585480243778e-10,7.254937645771683e-14,-1.4764586746368436e-10,-1.4764586739621864e-10,7.254937632947243e-14,-1.4764586738928513e-10,-2.9339659405659636e-07,-2.933966117151125e-07,-1.47645854867594e-10,7.25493764547537e-14,-1.4764586736926669e-10,-6.7272692872788695e-06,7.254937604738192e-14,-1.4764586737837234e-10,-1.4764586739257922e-10,4.7051722445571253e-17,-1.4764586740421887e-10,-2.9339661171511255e-07,-1.4764585472944858e-10,-1.4764586745381884e-10,-1.4764586738928513e-10,7.254937621490813e-14,4.707919671477775e-17,-1.4764585478953635e-10,-1.4764585478180223e-10,-1.4764586741998384e-10,-1.4764585478180223e-10,-1.4764586733269217e-10,7.254937645349962e-14,-1.4764586740127136e-10,7.25493760058098e-14,-1.4764586733269217e-10
-3.7076971387624127e-06,-1.4764586722973111e-10,-1.476458544435475e-10,7.254937538833479e-14,-1.4764586720225672e-10,-1.4764586720225672e-10,7.254937584051878e-14,7.254937593366784e-14,-1.4764586710418293e-10,7.25493759094471e-14,4.699488403902121e-17,-1.4764586720225672e-10,-2.933965934434612e-07,-1.476458544435475e-10,7.254937612462936e-14,-1.4764586710932047e-10,-1.4764586716607951e-10,7.25493759963855e-14,-1.4764586724041795e-10,-2.9339659344346076e-07,-2.933966111019763e-07,-1.4764585449834096e-10,7.25493761216666e-14,-1.476458671273156e-10,7.254937604738192e-14,-6.7272692872788695e-06,-1.4764586711298476e-10,-1.4764586720225672e-10,4.7093866790456e-17,-1.4764586716236196e-10,-2.933966111019764e-07,-1.4764585449495158e-10,-1.476458670721694e-10,-1.4764586716236017e-10,7.254937588182103e-14,4.704621833066373e-17,-1.4764585449075075e-10,-1.4764585449495158e-10,-1.476458671063616e-10,-1.4764585437483477e-10,-1.4764586716004945e-10,7.254937612041251e-14,-1.4764586714200435e-10,7.254937567272265e-14,-1.4764586716004945e-10
1.0000103962253406,1.0000187377136207,1.0000186515016172,-1.476458668600041e-10,1.0000187377136212,1.0000187377136203,-1.4764586721691338e-10,-1.476458674681541e-10,1.0000187377136205,-1.4764586733715417e-10,-1.8967556080721757e-10,1.0000187377136205,1.000018405513216,1.0000186515016172,-1.4764586741705247e-10,1.0000187377136212,1.0000187377136214,-1.4764586742792294e-10,1.0000187377136207,1.0000184055132146,1.0000184659173244,1.000018651501616,-1.4764586765043124e-10,1.0000187377136198,-1.4764586737837234e-10,-1.4764586711298476e-10,1.000012010444992,1.0000187377136216,-1.896755608171163e-10,1.000018737713621,1.0000184659173244,1.0000186515016172,1.000018737713622,1.000018737713621,-1.476458673051416e-10,-1.8967556091665535e-10,1.0000186515016185,1.000018651501617,1.0000187377136214,1.0000186515016172,1.0000187377136212,-1.4764586747607018e-10,1.0000187377136198,-1.4764586711113882e-10,1.0000187377136207
1.0000103962253417,1.0000187377136198,1.0000186515016172,-1.4764586684697425e-10,1.0000187377136216,1.00001873771362,-1.47645867172948e-10,-1.4764586738103904e-10,1.0000187377136207,-1.4764586731344443e-10,-1.896755609545118e-10,1.0000187377136207,1.000018405513216,1.000018651501616,-1.4764586744650537e-10,1.000018737713621,1.0000187377136218,-1.4764586738754068e-10,1.000018737713621,1.0000184055132153,1.0000184659173235,1.0000186515016163,-1.4764586760254922e-10,1.0000187377136194,-1.4764586739257922e-10,-1.4764586720225672e-10,1.0000187377136216,1.0000120104449894,-1.896755608212571e-10,1.0000187377136214,1.000018465917324,1.0000186515016174,1.0000187377136223,1.0000187377136214,-1.4764586733320394e-10,-1.896755609675904e-10,1.0000186515016178,1.0000186515016172,1.0000187377136218,1.0000186515016174,1.0000187377136207,-1.4764586755973888e-10,1.0000187377136194,-1.4764586707658103e-10,1.0000187377136207
-3.791216591901184e-06,-1.8967556090603091e-10,-3.769165921862457e-07,4.7092825859196275e-17,-1.8967556092379234e-10,-1.8967556083013334e-10,4.70764113421655e-17,4.7051722445571253e-17,-1.8967556091895013e-10,4.711801954985255e-17,1.2041023954054262e-13,-1.8967556094184166e-10,-1.8967549821059073e-10,-3.76916592186246e-07,4.711801954985255e-17,-1.8967556092684994e-10,-1.8967556092379234e-10,4.704540324757096e-17,-1.8967556089581027e-10,-1.8967549813736465e-10,-3.7691652264874873e-07,-3.769165921862459e-07,4.707919671477775e-17,-1.8967556092379234e-10,4.7051722445571253e-17,4.7093866790456e-17,-1.896755608171163e-10,-1.896755608212571e-10,-6.727269240559281e-06,-1.8967556079311197e-10,-3.7691652264874905e-07,-3.7691659218624697e-07,-1.8967556095095416e-10,-1.8967556086744697e-10,4.699488403902121e-17,1.2041023974558024e-13,-3.7691659218624676e-07,-3.769165921862462e-07,-1.8967556075789238e-10,-3.769165921862468e-07,-1.896755608212571e-10,4.708088587543817e-17,-1.896755609381245e-10,4.6994884039021314e-17,-1.8967556091895013e-10
1.0000103962253417,1.0000187377136205,1.0000186515016174,-1.47645866841566e-10,1.0000187377136212,1.0000187377136212,-1.4764586725013828e-10,-1.4764586736929484e-10,1.0000187377136198,-1.4764586725181172e-10,-1.8967556096122785e-10,1.0000187377136205,1.000018405513215,1.0000186515016174,-1.4764586753945008e-10,1.0000187377136212,1.0000187377136214,-1.476458675168443e-10,1.0000187377136207,1.0000184055132146,1.0000184659173244,1.0000186515016172,-1.476458676368215e-10,1.0000187377136198,-1.4764586740421887e-10,-1.4764586716236196e-10,1.000018737713621,1.0000187377136214,-1.8967556079311197e-10,1.0000120104449974,1.0000184659173252,1.0000186515016178,1.0000187377136223,1.0000187377136207,-1.4764586731922104e-10,-1.8967556098516837e-10,1.0000186515016183,1.0000186515016187,1.0000187377136214,1.0000186515016178,1.0000187377136218,-1.4764586749413167e-10,1.0000187377136198,-1.4764586706159239e-10,1.0000187377136212
1.0000101244303923,1.0000184659173224,1.0000183797053435,-2.9339661053456784e-07,1.0000184659173244,1.0000184659173241,-2.933966113494825e-07,-2.9339661156844345e-07,1.0000184659173232,-2.9339661147705166e-07,-3.769165226174753e-07,1.0000184659173235,1.0000181337170067,1.0000183797053428,-2.933966118507921e-07,1.0000184659173241,1.0000184659173248,-2.933966116786651e-07,1.000018465917324,1.0000181337170073,1.0000181941210995,1.0000183797053428,-2.9339661197730784e-07,1.000018465917323,-2.9339661171511255e-07,-2.933966111019764e-07,1.0000184659173244,1.000018465917324,-3.7691652264874905e-07,1.0000184659173252,1.0000114668524624,1.0000183797053432,1.0000184659173248,1.0000184659173244,-2.933966114339707e-07,-3.7691652276373176e-07,1.0000183797053428,1.0000183797053432,1.0000184659173248,1.0000183797053432,1.000018465917324,-2.9339661185190615e-07,1.0000184659173228,-2.93396611027936e-07,1.000018465917324
1.0000103100137687,1.0000186515016172,1.0000185652896203,-1.4764585421535932e-10,1.000018651501618,1.000018651501617,-1.476458546347708e-10,-1.47645854674709e-10,1.000018651501617,-1.476458546806962e-10,-3.769165921549729e-07,1.0000186515016172,1.0000183193012404,1.00001856528962,-1.476458548190803e-10,1.000018651501617,1.0000186515016178,-1.4764585479660065e-10,1.0000186515016174,1.0000183193012409,1.0000183797053435,1.0000185652896205,-1.4764585490343715e-10,1.0000186515016165,-1.4764585472944858e-10,-1.4764585449495158e-10,1.0000186515016172,1.0000186515016174,-3.7691659218624697e-07,1.0000186515016178,1.0000183797053432,1.0000118380209948,1.000018651501618,1.0000186515016185,-1.476458546070527e-10,-3.7691659230122984e-07,1.0000185652896203,1.0000185652896216,1.0000186515016178,1.0000185652896216,1.0000186515016174,-1.4764585481644973e-10,1.000018651501616,-1.4764585447179689e-10,1.0000186515016178
1.0000103962253428,1.0000187377136203,1.0000186515016178,-1.4764586684697425e-10,1.000018737713622,1.0000187377136214,-1.4764586725818292e-10,-1.4764586742324777e-10,1.0000187377136214,-1.4764586736516193e-10,-1.8967556096122785e-10,1.0000187377136214,1.000018405513215,1.0000186515016174,-1.4764586751617314e-10,1.0000187377136214,1.000018737713622,-1.476458674635922e-10,1.0000187377136214,1.0000184055132155,1.0000184659173248,1.0000186515016172,-1.476458676714115e-10,1.0000187377136212,-1.4764586745381884e-10,-1.476458670721694e-10,1.000018737713622,1.0000187377136223,-1.8967556095095416e-10,1.0000187377136223,1.0000184659173248,1.000018651501618,1.0000120104449934,1.0000187377136223,-1.4764586731922104e-10,-1.8967556094576063e-10,1.000018651501619,1.000018651501618,1.000018737713622,1.000018651501618,1.000018737713622,-1.4764586758625873e-10,1.0000187377136203,-1.4764586709511404e-10,1.0000187377136218
1.0000103962253413,1.0000187377136203,1.0000186515016178,-1.4764586684727475e-10,1.000018737713621,1.000018737713621,-1.476458672777152e-10,-1.4764586744488575e-10,1.0000187377136203,-1.4764586733115985e-10,-1.8967556089772434e-10,1.0000187377136203,1.0000184055132155,1.000018651501617,-1.4764586744033388e-10,1.0000187377136218,1.0000187377136218,-1.4764586738754068e-10,1.0000187377136207,1.000018405513215,1.0000184659173244,1.0000186515016165,-1.4764586764558208e-10,1.00001873771362,-1.4764586738928513e-10,-1.4764586716236017e-10,1.000018737713621,1.0000187377136214,-1.8967556086744697e-10,1.0000187377136207,1.0000184659173244,1.0000186515016185,1.0000187377136223,1.0000120104449923,-1.476458673192818e-10,-1.8967556094576063e-10,1.0000186515016187,1.0000186515016174,1.0000187377136214,1.0000186515016185,1.0000187377136212,-1.4764586757134993e-10,1.00001873771362,-1.4764586710704043e-10,1.0000187377136207
-3.7076971387623077e-06,-1.4764586732771588e-10,-1.476458546141755e-10,7.254937555586128e-14,-1.4764586732838396e-10,-1.476458673028309e-10,7.254937600804546e-14,7.254937610119403e-14,-1.4764586726932517e-10,7.254937607697348e-14,4.711801954985255e-17,-1.4764586739062343e-10,-2.933965937754549e-07,-1.4764585458461639e-10,7.25493762921561e-14,-1.4764586728601825e-10,-1.4764586734482893e-10,7.254937616391158e-14,-1.4764586738391828e-10,-2.9339659377545474e-07,-2.9339661143397083e-07,-1.4764585470466413e-10,7.254937628919317e-14,-1.4764586729052168e-10,7.254937621490813e-14,7.254937588182103e-14,-1.476458673051416e-10,-1.4764586733320394e-10,4.699488403902121e-17,-1.4764586731922104e-10,-2.933966114339707e-07,-1.476458546070527e-10,-1.4764586731922104e-10,-1.476458673192818e-10,-6.7272692872788695e-06,4.706578463740882e-17,-1.4764585466340736e-10,-1.4764585456363653e-10,-1.4764586731261203e-10,-1.4764585461911731e-10,-1.476458673245958e-10,7.254937628793873e-14,-1.4764586739035894e-10,7.254937584024937e-14,-1.4764586739062343e-10
-3.791216588796296e-06,-1.8967556091544397e-10,-3.769165923012286e-07,4.7079198849284796e-17,-1.896755608698299e-10,-1.8967556091544397e-10,4.707594949952927e-17,4.70989333790126e-17,-1.8967556094576063e-10,4.705995063225946e-17,1.2041023965579494e-13,-1.8967556092843414e-10,-1.8967549819294927e-10,-3.7691659230122926e-07,4.7092825859196275e-17,-1.8967556094602086e-10,-1.8967556096651557e-10,4.7025187254030607e-17,-1.8967556092843414e-10,-1.8967549827530143e-10,-3.7691652276373287e-07,-3.7691659230122905e-07,4.709386679045603e-17,-1.8967556091544397e-10,4.707919671477775e-17,4.704621833066373e-17,-1.8967556091665535e-10,-1.896755609675904e-10,1.2041023974558024e-13,-1.8967556098516837e-10,-3.7691652276373176e-07,-3.7691659230122984e-07,-1.8967556094576063e-10,-1.8967556094576063e-10,4.706578463740882e-17,-6.727269240559281e-06,-3.7691659230122926e-07,-3.7691659230122926e-07,-1.8967556100279484e-10,-3.7691659230122984e-07,-1.8967556084294536e-10,4.706361477683264e-17,-1.896755608497196e-10,4.7079198849284796e-17,-1.8967556084294536e-10
1.0000103100137685,1.0000186515016165,1.0000185652896205,-1.4764585425666104e-10,1.0000186515016183,1.0000186515016174,-1.4764585456595423e-10,-1.4764585470626728e-10,1.0000186515016174,-1.476458546821279e-10,-3.769165921549728e-07,1.0000186515016174,1.0000183193012402,1.0000185652896194,-1.476458548190803e-10,1.0000186515016174,1.0000186515016183,-1.476458547805289e-10,1.0000186515016178,1.0000183193012402,1.000018379705343,1.000018565289621,-1.4764585495456012e-10,1.0000186515016172,-1.4764585478953635e-10,-1.4764585449075075e-10,1.0000186515016185,1.0000186515016178,-3.7691659218624676e-07,1.0000186515016183,1.0000183797053428,1.0000185652896203,1.000018651501619,1.0000186515016187,-1.4764585466340736e-10,-3.7691659230122926e-07,1.0000118380209935,1.00001856528962,1.0000186515016183,1.0000185652896203,1.0000186515016178,-1.4764585481898741e-10,1.0000186515016172,-1.4764585444633366e-10,1.000018651501617
1.0000103100137643,1.0000186515016163,1.0000185652896203,-1.4764585421402068e-10,1.000018651501617,1.0000186515016172,-1.476458545829343e-10,-1.4764585473923087e-10,1.0000186515016158,-1.476458546821279e-10,-3.76916592154972e-07,1.000018651501616,1.0000183193012409,1.0000185652896205,-1.4764585482579873e-10,1.0000186515016172,1.0000186515016183,-1.4764585479660065e-10,1.0000186515016185,1.0000183193012409,1.0000183797053424,1.0000185652896205,-1.4764585491233082e-10,1.0000186515016165,-1.4764585478180223e-10,-1.4764585449495158e-10,1.000018651501617,1.0000186515016172,-3.769165921862462e-07,1.0000186515016187,1.0000183797053432,1.0000185652896216,1.000018651501618,1.0000186515016174,-1.4764585456363653e-10,-3.7691659230122926e-07,1.00001856528962,1.0000118380209866,1.0000186515016183,1.0000185652896216,1.0000186515016172,-1.4764585483250362e-10,1.0000186515016165,-1.4764585443782414e-10,1.0000186515016172
1.0000103962253433,1.0000187377136203,1.000018651501616,-1.4764586684727475e-10,1.0000187377136214,1.0000187377136212,-1.476458671445976e-10,-1.4764586742043448e-10,1.0000187377136207,-1.4764586731344443e-10,-1.8967556093066045e-10,1.0000187377136207,1.0000184055132153,1.0000186515016172,-1.476458675602514e-10,1.0000187377136212,1.000018737713622,-1.4764586747141377e-10,1.000018737713621,1.000018405513215,1.000018465917325,1.0000186515016167,-1.476458676313696e-10,1.0000187377136207,-1.4764586741998384e-10,-1.476458671063616e-10,1.0000187377136214,1.0000187377136218,-1.8967556075789238e-10,1.0000187377136214,1.0000184659173248,1.0000186515016178,1.000018737713622,1.0000187377136214,-1.4764586731261203e-10,-1.8967556100279484e-10,1.0000186515016183,1.0000186515016183,1.000012010444998,1.0000186515016178,1.0000187377136214,-1.47645867505452e-10,1.0000187377136207,-1.4764586716027397e-10,1.0000187377136212
1.0000103100137687,1.0000186515016172,1.0000185652896203,-1.4764585413804523e-10,1.000018651501618,1.000018651501617,-1.476458545317761e-10,-1.476458547345857e-10,1.000018651501617,-1.4764585472369634e-10,-3.769165921549729e-07,1.0000186515016172,1.0000183193012404,1.00001856528962,-1.4764585479359625e-10,1.000018651501617,1.0000186515016178,-1.4764585477888678e-10,1.0000186515016174,1.0000183193012409,1.0000183797053435,1.0000185652896205,-1.4764585489191179e-10,1.0000186515016165,-1.4764585478180223e-10,-1.4764585437483477e-10,1.0000186515016172,1.0000186515016174,-3.769165921862468e-07,1.0000186515016178,1.0000183797053432,1.0000185652896216,1.000018651501618,1.0000186515016185,-1.4764585461911731e-10,-3.7691659230122984e-07,1.0000185652896203,1.0000185652896216,1.0000186515016178,1.000011838020993,1.0000186515016174,-1.4764585486199315e-10,1.000018651501616,-1.4764585445600854e-10,1.0000186515016178
1.0000103962253417,1.0000187377136207,1.0000186515016183,-1.4764586684727475e-10,1.0000187377136212,1.0000187377136207,-1.476458673102111e-10,-1.476458674681541e-10,1.0000187377136203,-1.476458673028425e-10,-1.8967556103300838e-10,1.0000187377136203,1.000018405513215,1.0000186515016165,-1.47645867436311e-10,1.0000187377136214,1.0000187377136218,-1.47645867506576e-10,1.0000187377136214,1.0000184055132146,1.0000184659173241,1.0000186515016172,-1.4764586758852337e-10,1.0000187377136198,-1.4764586733269217e-10,-1.4764586716004945e-10,1.0000187377136212,1.0000187377136207,-1.896755608212571e-10,1.0000187377136218,1.000018465917324,1.0000186515016174,1.000018737713622,1.0000187377136212,-1.476458673245958e-10,-1.8967556084294536e-10,1.0000186515016178,1.0000186515016172,1.0000187377136214,1.0000186515016174,1.0000120104449868,-1.4764586753654476e-10,1.0000187377136198,-1.476458670464357e-10,1.0000187377136218
