0.9999999994392168,-1.1132453945227717e-06,1.00001187468997,1.0000111867595716,1.0000120546666134,1.0000121535815996,1.0000106947585825,-1.2294624553571378e-06,1.000012972973954,1.0000125872103756,1.0000127574110353,1.0000129729739522,-1.1204168265185309e-06,1.0000121535815971,-1.1329502381241787e-06,1.0000121314838932,1.0000110711610037,1.0000109900474956,-1.2366228416668103e-06,1.0000120392775196,1.0000120401902055,1.0000111867595671,1.0000112488064536,-1.1454435461961937e-06,1.000012719655793,1.0000121535815947,-1.171757835391049e-06,1.0000121535815982,1.0000121535815962,-1.1983620208079374e-06,1.0000111867595696,-1.2215363517582621e-06,-1.2287613141095212e-06,-1.1236705045329712e-06,1.0000110711610042,-1.1236705045398407e-06,-1.1337274392465105e-06,-1.2342660624508942e-06,1.0000112187192631,-1.2045293067246694e-06,-1.1138836039361704e-06,1.0000121187028765,1.0000111867595731,1.000012156286364,-1.1391443032690764e-06,-1.1236705072730737e-06,1.000013268811076,1.000010694758581,1.0000111409102734,1.0000120546666107,-1.2072336771995209e-06,1.0000123415589572,-1.1470845172112202e-06,1.0000119445057383,-1.1251065769303314e-06,-1.21044822938911e-06,-1.2089388679502577e-06,1.0000127813909152,1.0000125800971118,-1.1236705045506956e-06,1.0000127321040642,1.0000118796801767,1.0000129799930346,-1.139144300838253e-06,-1.111062799447652e-06,1.0000121535815938,-1.16061593675107e-06,1.0000120401902113
-1.1132453945227717e-06,-5.064226149785128e-06,-3.4461946761469335e-11,-3.446192403032289e-11,-3.446195274466227e-11,-3.446195590074981e-11,-3.446190746185738e-11,7.56027084184907e-15,-3.446198317503185e-11,-3.446197036094848e-11,-3.4461976161944e-11,-3.446198322192967e-11,1.6069750406446272e-18,-3.446195600432036e-11,1.0382581356797799e-18,-3.446195519053828e-11,-3.446192015074992e-11,-6.864043902320591e-08,4.1293792775113965e-18,-3.446195225869513e-11,-3.4461952281729735e-11,-3.446192396179563e-11,-3.446192604876438e-11,2.0253694334965527e-18,-3.4461974800548704e-11,-3.44619559085663e-11,2.5179361530411084e-18,-3.44619560808761e-11,-3.446195592776433e-11,3.313214723616224e-18,-3.4461924021452744e-11,3.900493637204787e-18,3.757363775898292e-18,1.6032432746233604e-18,-3.4461920187469144e-11,1.6032432746233604e-18,1.8845431777274693e-18,3.634792809369209e-18,-3.446192500394815e-11,3.3729801776139813e-18,1.9310615043497532e-18,-3.4461954899765963e-11,-3.4461924021452744e-11,-3.446195615244329e-11,2.119754396994396e-18,1.36279900620875e-18,-3.446199296988189e-11,-3.446190764127623e-11,-3.446192244707526e-11,-3.446195275955224e-11,3.5312763633128165e-18,-3.446196222488652e-11,2.2917306262141534e-18,-3.4461949003449915e-11,1.1074389878955513e-18,3.3429552971602355e-18,3.3285546975332582e-18,-3.446197687786776e-11,-3.446197011479238e-11,1.5399745884330967e-18,-3.446197514721647e-11,-3.446194703800721e-11,-3.446198357183733e-11,1.978182229245639e-18,1.096495566011055e-18,-3.44619559085663e-11,2.4149004064098275e-18,-3.4461952281729735e-11
1.00001187468997,-3.4461946761469335e-11,1.0000144109390607,1.0000187872300252,1.0000196551428138,1.0000197540584537,1.0000182952257821,-9.281081950217131e-11,1.0000205734562349,1.0000201876901034,1.000020357891889,1.0000205734562344,-3.8062499042038744e-11,1.0000197540584546,-4.435512232928909e-11,1.000019731960604,1.0000186716306947,1.000018590516648,-1.9201884447746536e-07,1.0000196397536194,1.0000196406663149,1.0000187872300224,1.0000188492773217,-5.062761378589296e-11,1.0000203201363977,1.0000197540584537,-6.383917980018595e-11,1.0000197540584541,1.0000197540584554,-1.5375775100209423e-07,1.0000187872300224,-8.883137376806933e-11,-9.245879929774855e-11,-3.969606605304915e-11,1.000018671630697,-3.969606610015839e-11,-4.474532970958472e-11,-1.896620613917004e-07,1.0000188191899326,-8.029268114545341e-11,-3.478237320502849e-11,1.0000197191795037,1.0000187872300235,1.0000197567632425,-9.453959998980893e-08,-3.969606599340386e-11,1.000020869295313,1.0000182952257821,1.0000187413804262,1.000019655142814,-1.6262946774158263e-07,1.0000199420370617,-5.145149097289703e-11,1.0000195449812117,-8.050176894405182e-08,-1.658440499024612e-07,-1.6433467270215606e-07,1.0000203818719269,1.0000201805767934,-3.9696065918082346e-11,1.0000203325847514,1.0000194801552196,1.0000205804753632,-9.45396005462802e-08,-3.336613885675563e-11,1.0000197540584537,-1.1601139296068269e-07,1.0000196406663158
1.0000111867595716,-3.446192403032289e-11,1.0000187872300252,1.0000130350696255,1.0000189672077329,1.0000190661233062,1.0000176072916325,-1.8485829081633713e-07,1.000019885520527,1.0000194997546596,1.0000196699563284,1.000019885520527,-7.581194263401174e-08,1.0000190661233064,-8.834543358329841e-08,1.000019044025471,1.0000179836962897,1.0000179025822986,-1.9201871828778728e-07,1.000018951818552,1.000018952731246,1.0000180992955368,1.0000181613427943,-5.0627580613115475e-11,1.0000196322008637,1.000019066123307,-1.271532963542994e-07,1.0000190661233066,1.0000190661233066,-1.5375764994521332e-07,1.0000180992955374,-1.7693212939491477e-07,-1.8415714544600985e-07,-7.906564094035284e-08,1.0000179836962904,-7.906564099980035e-08,-8.912263910637749e-08,-1.8966193733485688e-07,1.0000181312554253,-1.5992497284578471e-07,-3.478235017290334e-11,1.0000190312443813,1.0000180992955394,1.0000190688280932,-9.453953788634952e-08,-7.90656407996346e-08,1.0000201813594025,1.0000176072916327,1.000018053445973,1.0000189672077335,-1.6262936091656906e-07,1.0000192541017852,-5.145145707152507e-11,1.0000188570462059,-4.041704178716434e-11,-1.6584394124782192e-07,-1.6433456470740894e-07,1.000019693936351,1.0000194926413555,-7.906564064042462e-08,1.0000196446492085,1.000018792220259,1.0000198925396475,-9.453953844281996e-08,-3.3366116859039297e-11,1.0000190661233064,-1.1601131685825469e-07,1.0000189527312457
1.0000120546666134,-3.446195274466227e-11,1.0000196551428138,1.0000189672077329,1.0000147708947575,1.000019934036335,1.000018475203402,-1.8485844414466954e-07,1.0000207534342653,1.0000203676680632,1.000020537869879,1.0000207534342644,-3.8062505651524707e-11,1.0000199340363356,-4.435512999532561e-11,1.000019911938482,1.0000188516083843,1.000018770494321,-9.640583391566937e-11,1.0000198197314816,1.0000198206441773,1.0000189672077306,1.0000190292550408,-1.0083891046127103e-07,1.00002050011438,1.0000199340363354,-1.2715340170753374e-07,1.000019934036336,1.0000199340363356,-7.719629944677614e-11,1.0000189672077306,-1.7693227638912935e-07,-1.8415729816954105e-07,-3.9696072975975377e-11,1.0000188516083857,-3.969607298052677e-11,-4.4745337476913034e-11,-1.8966209420102066e-07,1.0000189991676456,-1.5992510555883582e-07,-3.478237941120596e-11,1.0000198991573803,1.000018967207732,1.0000199367411238,-4.746497142267935e-11,-3.969607295858484e-11,1.0000210492733952,1.0000184752034016,1.0000189213581274,1.0000198351206777,-8.165047227411963e-11,1.0000201220149771,-1.0247989020580573e-07,1.0000197249590561,-8.050178296166518e-08,-1.6584407862821898e-07,-8.250659580203034e-11,1.0000205618499227,1.000020360554751,-3.969607288308538e-11,1.000020512562737,1.0000196601330518,1.0000207604533922,-4.746497173311658e-11,-3.336614467817818e-11,1.000019934036335,-5.824519540521842e-11,1.000019820644177
1.0000121535815996,-3.446195590074981e-11,1.0000197540584537,1.0000190661233062,1.000019934036335,1.0000149687260833,1.0000185741189274,-9.281084435264468e-11,1.0000208523500147,1.0000204665837744,1.000020636785607,1.0000208523500127,-3.8062509214089707e-11,1.000020032952004,-4.435513414542185e-11,1.0000200108541468,1.0000189505239454,1.0000188694098766,-9.640584297461293e-11,1.000019918647139,1.0000199195598325,1.0000190661233046,1.0000191281706208,-5.0627627287215e-11,1.0000205990301037,1.0000200329520035,-6.383919674101432e-11,1.000020032952004,1.0000200329520035,-7.719630670700934e-11,1.0000190661233035,-8.88313974907559e-11,-9.245882404040378e-11,-3.9696076701759636e-11,1.0000189505239467,-3.969607670270783e-11,-4.474534154787257e-11,-9.522258635833157e-11,1.000019098083221,-8.029270263796461e-11,-3.478238257965416e-11,1.0000199980730442,1.0000190661233055,1.0000200356567936,-4.7464975973273937e-11,-3.969607661250973e-11,1.0000211481891739,1.0000185741189265,1.0000190202736963,1.0000199340363358,-8.165048070794531e-11,1.0000202209306632,-5.145150470720857e-11,1.0000198238747036,-4.041707927345801e-11,-8.326440840267225e-11,-8.250660337812055e-11,1.0000206607656534,1.0000204594704623,-3.969607650903523e-11,1.000020611478464,1.0000197590486932,1.0000208593691429,-4.746497626973163e-11,-3.336614778405014e-11,1.0000200329520028,-5.824520082220008e-11,1.0000199195598325
1.0000106947585825,-3.446190746185738e-11,1.0000182952257821,1.0000176072916325,1.000018475203402,1.0000185741189274,1.0000120510620507,-1.8485820378487012e-07,1.000019393515745,1.0000190077500675,1.0000191779516527,1.000019393515745,-7.581190684426096e-08,1.0000185741189271,-8.834539191657077e-08,1.0000185520211011,1.0000174916924398,1.0000174105784887,-1.920186277409091e-07,1.0000184598142294,1.00001846072692,1.00001760729163,1.0000176693388585,-1.0083877906538513e-07,1.000019140196206,1.0000185741189271,-1.2715323655236181e-07,1.0000185741189278,1.000018574118927,-1.5375757743283777e-07,1.000017607291631,-1.7693204596269976e-07,-1.8415705875746395e-07,-7.90656036013785e-08,1.0000174916924416,-7.906560366082609e-08,-8.912259705860996e-08,-1.8966184828795078e-07,1.0000176392515034,-1.599248975169211e-07,-3.478233374154863e-11,1.0000185392400176,1.0000176072916311,1.0000185768237144,-9.453949332292085e-08,-7.90656034606604e-08,1.000019689354476,1.000017115287968,1.0000175614420892,1.000018475203402,-1.626292842621061e-07,1.0000187620973138,-1.0247975658120799e-07,1.0000183650419292,-4.041702256809706e-11,-1.658438632657316e-07,-1.643344872161303e-07,1.0000192019316632,1.000019000636765,-7.90656033014505e-08,1.000019152644546,1.0000183002160128,1.0000194005348642,-9.453949387939155e-08,-3.3366100944812825e-11,1.0000185741189274,-1.1601126224411646e-07,1.000018460726921
-1.2294624553571378e-06,7.56027084184907e-15,-9.281081950217131e-11,-1.8485829081633713e-07,-1.8485844414466954e-07,-9.281084435264468e-11,-1.8485820378487012e-07,-5.064226128204055e-06,-1.8485860626774013e-07,-9.281088278073873e-11,-1.8485856823269715e-07,-1.8485860626773984e-07,3.842741175408481e-18,-9.281084441933267e-11,8.88046684953558e-15,-9.28108424668729e-11,-1.8485827022745823e-07,-1.8485825593228676e-07,9.134066518147777e-18,-1.848584412169506e-07,-1.8485844131457775e-07,-1.8485829081633596e-07,-1.8485830159010465e-07,1.0202568670697664e-14,-1.8485856140336852e-07,-9.281084434238344e-11,1.2086606885137301e-14,-9.281084434871914e-11,-9.281084434871914e-11,7.60494656127482e-18,-1.8485829081633618e-07,1.7722979515255963e-14,1.7823808209231824e-14,3.92521588607449e-18,-1.8485827022745902e-07,4.001912154845417e-18,4.561647232776674e-18,1.7392702837163867e-14,-1.8485829627821773e-07,1.567342421423088e-14,7.54260396925679e-15,-1.848584554422718e-07,-1.8485829081633618e-07,-1.8485846173451272e-07,4.771701083917422e-18,4.181923749112225e-18,-1.8485865850660504e-07,-1.8485820378486975e-07,-1.8485828255243165e-07,-1.848584441446699e-07,1.615264437161698e-14,-1.848584944073161e-07,1.0501650017847174e-14,-9.281082583158411e-11,8.601030204247177e-15,1.569576883324283e-14,8.180892680316668e-18,-9.281090005469288e-11,-1.8485853650620548e-07,3.851173870508134e-18,-9.281089566599164e-11,-1.848584132985065e-07,-9.281091781217551e-11,4.738087283549087e-18,7.162871181922573e-15,-9.281084437420259e-11,5.649363447329757e-18,-1.8485844131457804e-07
1.000012972973954,-3.446198317503185e-11,1.0000205734562349,1.000019885520527,1.0000207534342653,1.0000208523500147,1.000019393515745,-1.8485860626774013e-07,1.000016607522775,1.0000212859821367,1.0000214561841099,1.0000216717486907,-3.806253911595331e-11,1.0000208523500147,-8.834558461717097e-08,1.0000208302521394,1.0000197699210707,1.0000196888069348,-1.9201904650062241e-07,1.000020738045055,1.0000207389577522,1.0000198855205245,1.0000199475678933,-5.062766713290634e-11,1.000021418428577,1.0000208523500147,-6.383924691746262e-11,1.0000208523500158,1.0000208523500156,-1.5375791278786861e-07,1.0000198855205247,-1.7693243181858734e-07,-1.8415745965275064e-07,-3.969610789043053e-11,1.000019769921072,-3.9696107927100474e-11,-4.474537681798923e-11,-1.8966226005771194e-07,1.0000199174804691,-1.5992524588519296e-07,-3.4782409987103534e-11,1.0000208174710252,1.0000198855205256,1.000020855054805,-4.746501308692813e-11,-3.969610782500292e-11,1.0000219675880941,1.000019393515745,1.0000198396708784,1.0000207534342653,-1.6262963876785197e-07,1.0000210403288257,-5.1451545231055734e-11,1.0000206432725411,-4.041711101115731e-11,-8.326447372744576e-11,-1.6433484559634994e-07,1.0000214801641742,1.00002127886882,-3.96961077475974e-11,1.000021430876945,1.0000205784464804,1.0000216787678264,-4.746501366105974e-11,-3.3366174076980056e-11,1.000020852350013,-5.824524635166668e-11,1.0000207389577518
1.0000125872103756,-3.446197036094848e-11,1.0000201876901034,1.0000194997546596,1.0000203676680632,1.0000204665837744,1.0000190077500675,-9.281088278073873e-11,1.0000212859821367,1.000015835989816,1.0000210704176384,1.0000212859821367,-3.806252506217337e-11,1.0000204665837744,-4.435515250986275e-11,1.0000204444859082,1.0000193841552483,1.0000193030411435,-1.9201897538800595e-07,1.0000203522788607,1.0000203531915552,1.0000194997546574,1.000019561802001,-5.062764828035574e-11,1.0000210326621208,1.000020466583775,-6.38392231614116e-11,1.000020466583775,1.000020466583775,-7.719633868255529e-11,1.000019499754657,-8.88314343810219e-11,-9.245886228483798e-11,-3.969609320318805e-11,1.0000193841552487,-3.9696093137381196e-11,-4.4745360201143685e-11,-9.522262581827979e-11,1.0000195317145884,-8.029273586554413e-11,-3.4782396959216444e-11,1.0000204317048003,1.0000194997546579,1.0000204692885648,-4.746499555547554e-11,-3.969609314338895e-11,1.000021581821426,1.0000190077500675,1.000019453905028,1.0000203676680635,-8.165051452703662e-11,1.0000206545625152,-5.145152611002517e-11,1.000020257506381,-8.050182402184052e-08,-1.6584416263428767e-07,-8.250663778974288e-11,1.0000210943976944,1.0000208931024148,-3.969609308609587e-11,1.0000210451104825,1.0000201926803456,1.000021293001269,-4.7464995871535696e-11,-3.336616180791685e-11,1.0000204665837733,-1.1601147191523453e-07,1.0000203531915561
1.0000127574110353,-3.4461976161944e-11,1.000020357891889,1.0000196699563284,1.000020537869879,1.000020636785607,1.0000191779516527,-1.8485856823269715e-07,1.0000214561841099,1.0000210704176384,1.0000161763936513,1.000021456184111,-3.8062531300962786e-11,1.000020636785607,-8.834556640584824e-08,1.0000206146877375,1.0000195543568975,1.0000194732427783,-1.9201900692560358e-07,1.000020522480673,1.000020523393368,1.0000196699563246,1.0000197320036797,-5.0627656752789954e-11,1.0000212028640498,1.0000206367856073,-6.383923381387166e-11,1.0000206367856075,1.000020636785607,-1.5375788109494581e-07,1.0000196699563255,-1.7693239535315968e-07,-1.8415742176789383e-07,-3.9696099703165365e-11,1.0000195543568993,-3.969609973291968e-11,-4.4745367568451967e-11,-1.8966222114814016e-07,1.0000197019162635,-1.599252129635876e-07,-3.4782402758016253e-11,1.0000206019066256,1.0000196699563266,1.0000206394903997,-4.746500336632879e-11,-3.9696099632513503e-11,1.000021752023449,1.0000191779516527,1.0000196241066888,1.0000205378698794,-1.6262960526559175e-07,1.0000208247643798,-5.145153454527531e-11,1.0000204277081806,-8.050183728159101e-08,-8.326445602902934e-11,-1.6433481172753105e-07,1.0000212645996338,1.0000210633043212,-3.969609955251482e-11,1.0000212153124157,1.000020362882132,1.0000214632032425,-4.7465003663527985e-11,-3.3366167158618636e-11,1.0000206367856066,-5.824523434395789e-11,1.0000205233933683
1.0000129729739522,-3.446198322192967e-11,1.0000205734562344,1.000019885520527,1.0000207534342644,1.0000208523500127,1.000019393515745,-1.8485860626773984e-07,1.0000216717486907,1.0000212859821367,1.000021456184111,1.0000166075227745,-3.806253910778912e-11,1.000020852350014,-8.834558461717114e-08,1.0000208302521387,1.0000197699210702,1.000019688806934,-1.9201904650062212e-07,1.0000207380450545,1.000020738957751,1.0000198855205238,1.000019947567891,-5.062766719338946e-11,1.0000214184285754,1.000020852350013,-6.38392466322522e-11,1.0000208523500145,1.000020852350014,-1.5375791278786808e-07,1.0000198855205231,-1.7693243181858764e-07,-1.8415745965275093e-07,-3.969610789953724e-11,1.000019769921072,-3.9696107927521535e-11,-4.474537682934302e-11,-1.896622600577115e-07,1.0000199174804683,-1.599252458851924e-07,-3.4782409975984915e-11,1.0000208174710254,1.000019885520526,1.0000208550548055,-4.746501329106857e-11,-3.969610782688447e-11,1.0000219675880937,1.000019393515745,1.0000198396708784,1.0000207534342642,-1.626296387678517e-07,1.0000210403288246,-5.145154534703262e-11,1.0000206432725411,-4.041711094422756e-11,-8.326447342016317e-11,-1.6433484559635004e-07,1.0000214801641738,1.0000212788688188,-3.969610774711378e-11,1.0000214308769442,1.0000205784464788,1.000021678767826,-4.746501338704205e-11,-3.3366174124511625e-11,1.0000208523500136,-5.824524612323752e-11,1.000020738957751
-1.1204168265185309e-06,1.6069750406446272e-18,-3.8062499042038744e-11,-7.581194263401174e-08,-3.8062505651524707e-11,-3.8062509214089707e-11,-7.581190684426096e-08,3.842741175408481e-18,-3.806253911595331e-11,-3.806252506217337e-11,-3.8062531300962786e-11,-3.806253910778912e-11,-5.0642261477343e-06,-3.806250920490329e-11,1.543103691281172e-18,-3.806250843170065e-11,-3.806246976344468e-11,-7.581192829094565e-08,4.145971281815459e-18,-3.8062505069506185e-11,-3.8062505086687017e-11,-7.581194263401151e-08,-3.806247623564092e-11,2.2084743563813386e-18,-3.806252987628347e-11,-3.806250918851443e-11,5.240314318599625e-15,-3.806250919471261e-11,-3.80625091901745e-11,3.3561507466842405e-18,-7.581194263401143e-08,3.825724448965499e-18,7.712365404090322e-15,3.5029464058360467e-15,-3.806246976553079e-11,3.5029464075597938e-15,3.8836913974889496e-15,3.818110824977129e-18,-3.806247512158049e-11,3.3349614225584712e-18,1.5940149538597336e-18,-3.806250799553835e-11,-7.581194263401168e-08,-3.8062509311653055e-11,1.928550756005097e-18,3.5029463956218075e-15,-3.8062549928208e-11,-7.581190684426076e-08,-3.806247224463224e-11,-3.8062505634972086e-11,3.539181385801946e-18,-3.806251603323038e-11,2.2705197712085693e-18,-7.581199764032579e-08,1.8785926545799903e-18,6.8084236170055925e-15,3.517828799109533e-18,-3.806253216176382e-11,-3.806252462601579e-11,3.5029463692072773e-15,-3.806253030578241e-11,-3.806249929984894e-11,-3.8062539387265355e-11,1.928550756005097e-18,1.4031584877695685e-18,-3.80625091901745e-11,2.3912477360653062e-18,-3.8062505078277905e-11
1.0000121535815971,-3.446195600432036e-11,1.0000197540584546,1.0000190661233064,1.0000199340363356,1.000020032952004,1.0000185741189271,-9.281084441933267e-11,1.0000208523500147,1.0000204665837744,1.000020636785607,1.000020852350014,-3.806250920490329e-11,1.0000149687260833,-4.435513402600729e-11,1.0000200108541473,1.0000189505239458,1.0000188694098766,-9.640584295460478e-11,1.0000199186471395,1.0000199195598334,1.0000190661233046,1.0000191281706214,-5.0627627283065546e-11,1.0000205990301037,1.0000200329520037,-6.383919673987042e-11,1.000020032952004,1.0000200329520033,-7.719630668523687e-11,1.000019066123304,-8.883139755509496e-11,-9.245882402218092e-11,-3.9696076709135844e-11,1.0000189505239467,-3.969607672266564e-11,-4.474534159376178e-11,-9.522258636391568e-11,1.000019098083221,-8.029270260989549e-11,-3.478238245787198e-11,1.0000199980730444,1.0000190661233055,1.000020035656795,-4.7464975947387914e-11,-3.9696076616521924e-11,1.0000211481891743,1.0000185741189278,1.000019020273696,1.0000199340363363,-8.165048068395045e-11,1.000020220930663,-5.145150469444737e-11,1.000019823874704,-4.0417079149637175e-11,-8.326440840008196e-11,-8.250660344891013e-11,1.0000206607656537,1.0000204594704631,-3.969607654304519e-11,1.000020611478464,1.000019759048693,1.000020859369143,-4.746497622932047e-11,-3.336614767969364e-11,1.0000200329520028,-5.824520080509471e-11,1.0000199195598336
-1.1329502381241787e-06,1.0382581356797799e-18,-4.435512232928909e-11,-8.834543358329841e-08,-4.435512999532561e-11,-4.435513414542185e-11,-8.834539191657077e-08,8.88046684953558e-15,-8.834558461717097e-08,-4.435515250986275e-11,-8.834556640584824e-08,-8.834558461717114e-08,1.543103691281172e-18,-4.435513402600729e-11,-5.064226145954031e-06,-4.4355133196636546e-11,-4.435508817851679e-11,-8.834541688407467e-08,4.775202734542394e-18,-4.435512914172103e-11,-4.4355129144317686e-11,-8.834543358329799e-08,-4.4355095659680656e-11,5.034233376135409e-15,-4.435515813083906e-11,-4.4355134060314034e-11,3.0108151196932837e-18,-4.435513413228294e-11,-4.43551340005005e-11,3.962088997204804e-18,-8.834543358329805e-08,8.751137648896997e-15,8.822463236305539e-15,2.170772431070622e-18,-4.435508817996508e-11,2.3778963872952927e-18,1.990391263157164e-18,4.550739136922827e-18,-4.4355094333871415e-11,7.751088182952575e-15,2.0007872854863465e-18,-4.435513249227158e-11,-8.834543358329816e-08,-8.834551542248721e-08,2.2122597081866043e-18,2.170772431070622e-18,-8.834560962857152e-08,-8.834539191657069e-08,-4.435509113894762e-11,-4.43551298598653e-11,7.980507056092283e-15,-4.4355142078121744e-11,2.551655615193113e-18,-4.435512518199787e-11,4.2283867426782055e-15,4.091905637311794e-18,3.963564497401027e-18,-4.4355160719185456e-11,-4.4355152145092244e-11,2.4609184209843502e-18,-4.435515872527984e-11,-8.834549222398045e-08,-4.435516904121924e-11,2.338954964671471e-18,3.5193477962176225e-15,-4.4355134119947494e-11,2.949587010535691e-18,-4.435512923803749e-11
1.0000121314838932,-3.446195519053828e-11,1.000019731960604,1.000019044025471,1.000019911938482,1.0000200108541468,1.0000185520211011,-9.28108424668729e-11,1.0000208302521394,1.0000204444859082,1.0000206146877375,1.0000208302521387,-3.806250843170065e-11,1.0000200108541473,-4.4355133196636546e-11,1.0000149245303702,1.0000189284261107,1.0000188473120446,-9.64058408799175e-11,1.0000198965492857,1.0000198974619803,1.0000190440254688,1.0000191060727825,-5.062762620829319e-11,1.0000205769322348,1.0000200108541462,-1.2715341088231934e-07,1.000020010854147,1.0000200108541475,-7.719630498919606e-11,1.0000190440254673,-8.883139561656558e-11,-9.245882201983795e-11,-3.969607591249074e-11,1.0000189284261132,-3.969607598429432e-11,-4.474534072855562e-11,-9.522258440357405e-11,1.0000190759853849,-8.029270086707593e-11,-3.478238168711814e-11,1.000019975975187,1.0000190440254693,1.0000200135589363,-4.7464974965612906e-11,-3.9696075807634437e-11,1.0000211260912935,1.0000185520211013,1.0000189981758612,1.000019911938482,-8.1650478989426e-11,1.0000201988328021,-5.145150366585715e-11,1.0000198017768496,-4.041707839924857e-11,-8.32644066869831e-11,-1.6433471313558884e-07,1.0000206386677821,1.0000204373725965,-3.969607578526354e-11,1.0000205893805945,1.0000197369508428,1.000020837271268,-4.746497524494067e-11,-3.3366147101039455e-11,1.0000200108541462,-5.824519971284351e-11,1.0000198974619805
1.0000110711610037,-3.446192015074992e-11,1.0000186716306947,1.0000179836962897,1.0000188516083843,1.0000189505239454,1.0000174916924398,-1.8485827022745823e-07,1.0000197699210707,1.0000193841552483,1.0000195543568975,1.0000197699210702,-3.806246976344468e-11,1.0000189505239458,-4.435508817851679e-11,1.0000189284261107,1.0000128038711342,1.00001778698307,-1.920186968725754e-07,1.0000188362192037,1.0000188371318965,1.0000179836962875,1.0000180457435357,-1.008388153893673e-07,1.0000195166014347,1.0000189505239458,-1.2715328220474683e-07,1.000018950523945,1.0000189505239458,-1.5375763279560035e-07,1.0000179836962872,-1.7693210966237633e-07,-1.8415712493779176e-07,-3.96960355143135e-11,1.000017868097054,-3.969603550554531e-11,-4.474529524325919e-11,-1.8966191626007539e-07,1.000018015656172,-1.5992495502669074e-07,-3.4782346289604074e-11,1.0000189156450223,1.0000179836962888,1.0000189532287316,-9.453952734603051e-08,-3.9696035424127096e-11,1.0000200657599114,1.0000174916924403,1.000017937846727,1.0000188516083846,-1.6262934278581683e-07,1.0000191385024007,-1.024797935220356e-07,1.0000187414468678,-4.041703730063107e-11,-1.6584392279610847e-07,-1.6433454637992598e-07,1.000019578336917,1.0000193770419445,-3.969603537274945e-11,1.00001952904978,1.0000186766209305,1.000019776940192,-9.453952790250113e-08,-3.336611313246636e-11,1.000018950523944,-1.1601130393811319e-07,1.0000188371318972
1.0000109900474956,-6.864043902320591e-08,1.000018590516648,1.0000179025822986,1.000018770494321,1.0000188694098766,1.0000174105784887,-1.8485825593228676e-07,1.0000196888069348,1.0000193030411435,1.0000194732427783,1.000019688806934,-7.581192829094565e-08,1.0000188694098766,-8.834541688407467e-08,1.0000188473120446,1.00001778698307,1.0000126416431776,-1.9201868199797118e-07,1.000018755105143,1.0000187560178375,1.0000179025822964,1.0000179646295406,-1.0083880757362552e-07,1.0000194354873202,1.0000188694098762,-1.2715327238298273e-07,1.000018869409877,1.0000188694098777,-1.537576208835158e-07,1.0000179025822944,-1.7693209595654045e-07,-1.8415711069912196e-07,-7.906562597672651e-08,1.0000177869830713,-7.906562603617386e-08,-8.912262225476701e-08,-1.8966190163732366e-07,1.000017934542176,-1.5992494265320306e-07,-6.927865621913682e-08,1.0000188345309553,1.0000179025822955,1.0000188721146621,-9.453952002560686e-08,-7.906562583600817e-08,1.0000199846457516,1.0000174105784878,1.00001785673274,1.000018770494321,-1.6262933019386022e-07,1.0000190573883165,-1.024797855733731e-07,1.0000186603328163,-8.05017005824146e-08,-1.6584390998870043e-07,-1.6433453365004977e-07,1.0000194972227958,1.0000192959278398,-7.906562567679822e-08,1.0000194479356632,1.0000185955068837,1.0000196958260559,-9.453952058207762e-08,-6.645783638540401e-08,1.0000188694098766,-1.1601129496764605e-07,1.0000187560178375
-1.2366228416668103e-06,4.1293792775113965e-18,-1.9201884447746536e-07,-1.9201871828778728e-07,-9.640583391566937e-11,-9.640584297461293e-11,-1.920186277409091e-07,9.134066518147777e-18,-1.9201904650062241e-07,-1.9201897538800595e-07,-1.9201900692560358e-07,-1.9201904650062212e-07,4.145971281815459e-18,-9.640584295460478e-11,4.775202734542394e-18,-9.64058408799175e-11,-1.920186968725754e-07,-1.9201868199797118e-07,-5.0642261267901435e-06,-1.920188747787351e-07,-1.9201887488269927e-07,-1.9201871828778644e-07,-1.920187295043604e-07,5.475333306712333e-18,-1.9201899982610037e-07,-9.640584296948753e-11,6.524716467076472e-18,-9.640584289724145e-11,-9.64058430249856e-11,1.651026316487102e-14,-1.9201871828778707e-07,9.581599382445534e-18,9.49577184750084e-18,4.3518603771255185e-18,-1.9201869687257597e-07,4.432073877720062e-18,4.859414126414073e-18,1.8715917155697812e-14,-1.9201872397752393e-07,8.40017019311496e-18,4.1189795235308535e-18,-9.640583979884981e-11,-1.9201871828778686e-07,-1.920188961318564e-07,1.0062003261641477e-14,4.432073877720062e-18,-9.640594596730137e-11,-1.9201862774090934e-07,-1.9201870969588293e-07,-9.640583394724757e-11,1.7289788586890837e-14,-1.9201893012820445e-07,5.660287014881789e-18,-9.640582388170728e-11,4.575195181927467e-18,1.6853818093702242e-14,1.7607987131469012e-14,-9.6405901009407e-11,-1.9201897393123877e-07,4.348111612352468e-18,-1.9201900197579355e-07,-1.9201884572075597e-07,-1.9201904785277475e-07,1.0062003493166113e-14,3.7359596436133116e-18,-9.640584292963039e-11,1.2055049321184372e-14,-1.9201887488269956e-07
1.0000120392775196,-3.446195225869513e-11,1.0000196397536194,1.000018951818552,1.0000198197314816,1.000019918647139,1.0000184598142294,-1.848584412169506e-07,1.000020738045055,1.0000203522788607,1.000020522480673,1.0000207380450545,-3.8062505069506185e-11,1.0000199186471395,-4.435512914172103e-11,1.0000198965492857,1.0000188362192037,1.000018755105143,-1.920188747787351e-07,1.0000147401163748,1.0000198052549807,1.0000189518185496,1.0000190138658591,-5.0627621810473503e-11,1.000020484725176,1.0000199186471395,-6.383918986135376e-11,1.00001991864714,1.0000199186471412,-1.5375777526814466e-07,1.0000189518185492,-8.883138794981214e-11,-9.245881385619426e-11,-3.9696072342360146e-11,1.000018836219205,-3.9696072372764145e-11,-4.47453368033852e-11,-1.896620911921243e-07,1.0000189837784643,-8.029269370933035e-11,-3.4782378656633016e-11,1.000019883768185,1.0000189518185503,1.0000199213519292,-9.453961490289006e-08,-3.969607227300917e-11,1.0000210338841822,1.0000184598142294,1.0000189059689466,1.0000198197314816,-1.6262949339388875e-07,1.0000201066257783,-5.145149918084479e-11,1.0000197095698622,-4.041707486356038e-11,-1.6584407599959713e-07,-1.6433469863440702e-07,1.0000205464607164,1.0000203451655494,-3.969607219209823e-11,1.0000204971735318,1.0000196447438596,1.0000207450641838,-9.453961545936147e-08,-3.33661441489987e-11,1.0000199186471395,-1.1601141123742012e-07,1.0000198052549811
1.0000120401902055,-3.4461952281729735e-11,1.0000196406663149,1.000018952731246,1.0000198206441773,1.0000199195598325,1.00001846072692,-1.8485844131457775e-07,1.0000207389577522,1.0000203531915552,1.000020523393368,1.000020738957751,-3.8062505086687017e-11,1.0000199195598334,-4.4355129144317686e-11,1.0000198974619803,1.0000188371318965,1.0000187560178375,-1.9201887488269927e-07,1.0000198052549807,1.0000147419417635,1.0000189527312426,1.0000190147785515,-1.0083890892133755e-07,1.0000204856378703,1.000019919559834,-1.2715339975844727e-07,1.0000199195598343,1.000019919559834,-1.5375777535151915e-07,1.0000189527312426,-1.7693227368543944e-07,-1.8415729534970545e-07,-3.9696072451587116e-11,1.0000188371318992,-3.969607248192602e-11,-4.474533674946755e-11,-1.8966209128788377e-07,1.0000189846911574,-1.59925103111826e-07,-3.478237866979886e-11,1.000019884680876,1.0000189527312433,1.0000199222646229,-4.7464970658449645e-11,-3.9696072363620484e-11,1.000021034796877,1.0000184607269202,1.0000189068816407,1.000019820644177,-1.6262949348134816e-07,1.000020107538471,-1.0247988864205727e-07,1.0000197104825554,-4.041707485694011e-11,-1.6584407608542502e-07,-1.6433469872335855e-07,1.0000205473734114,1.0000203460782429,-3.969607212855904e-11,1.0000204980862268,1.0000196456565533,1.0000207459768786,-4.746497102193099e-11,-3.336614416765748e-11,1.0000199195598323,-1.1601141129860086e-07,1.0000198061676775
1.0000111867595671,-3.446192396179563e-11,1.0000187872300224,1.0000180992955368,1.0000189672077306,1.0000190661233046,1.00001760729163,-1.8485829081633596e-07,1.0000198855205245,1.0000194997546574,1.0000196699563246,1.0000198855205238,-7.581194263401151e-08,1.0000190661233046,-8.834543358329799e-08,1.0000190440254688,1.0000179836962875,1.0000179025822964,-1.9201871828778644e-07,1.0000189518185496,1.0000189527312426,1.0000130350696157,1.0000181613427914,-5.0627580322008516e-11,1.0000196322008612,1.0000190661233044,-1.2715329635429892e-07,1.0000190661233055,1.0000190661233057,-1.5375764994521226e-07,1.0000180992955348,-1.769321293949146e-07,-1.8415714544600885e-07,-7.906564094035284e-08,1.0000179836962886,-7.906564099979992e-08,-8.912263910637724e-08,-1.8966193733485608e-07,1.000018131255422,-1.5992497284578336e-07,-3.478235018377652e-11,1.0000190312443786,1.0000180992955368,1.0000190688280912,-9.453953788634888e-08,-7.906564079963411e-08,1.0000201813593992,1.00001760729163,1.000018053445971,1.0000189672077302,-1.6262936091656864e-07,1.0000192541017812,-5.145145707152507e-11,1.000018857046203,-4.041704178508792e-11,-1.6584394124782118e-07,-1.6433456470740772e-07,1.000019693936348,1.0000194926413515,-7.906564064042452e-08,1.0000196446492058,1.000018792220256,1.0000198925396453,-9.453953844281971e-08,-3.3366116879205185e-11,1.0000190661233028,-1.1601131685825469e-07,1.0000189527312435
1.0000112488064536,-3.446192604876438e-11,1.0000188492773217,1.0000181613427943,1.0000190292550408,1.0000191281706208,1.0000176693388585,-1.8485830159010465e-07,1.0000199475678933,1.000019561802001,1.0000197320036797,1.000019947567891,-3.806247623564092e-11,1.0000191281706214,-4.4355095659680656e-11,1.0000191060727825,1.0000180457435357,1.0000179646295406,-1.920187295043604e-07,1.0000190138658591,1.0000190147785515,1.0000181613427914,1.0000131591641395,-1.0083883253511723e-07,1.000019694248211,1.0000191281706199,-1.271533037539479e-07,1.000019128170622,1.0000191281706219,-1.537576589281287e-07,1.0000181613427905,-1.7693213973013558e-07,-1.8415715617665903e-07,-3.969604226021755e-11,1.0000180457435377,-3.969604230988015e-11,-4.4745302900108916e-11,-1.89661948345007e-07,1.000018193302681,-1.599249821727675e-07,-6.927867343981053e-08,1.0000190932916908,1.0000181613427932,1.0000191308754083,-9.453954340576615e-08,-3.96960421716719e-11,1.0000202434067853,1.000017669338858,1.0000181154932242,1.0000190292550413,-1.6262937041043674e-07,1.0000193161491107,-1.024798109589112e-07,1.0000189190935083,-8.050172057089107e-08,-1.6584395089613e-07,-1.6433457430664132e-07,1.0000197559837034,1.0000195546886963,-3.969604208624199e-11,1.000019706696557,1.0000188542675559,1.0000199545870125,-9.453954396223691e-08,-3.336611881522184e-11,1.0000191281706199,-1.1601132361877956e-07,1.000019014778552
-1.1454435461961937e-06,2.0253694334965527e-18,-5.062761378589296e-11,-5.0627580613115475e-11,-1.0083891046127103e-07,-5.0627627287215e-11,-1.0083877906538513e-07,1.0202568670697664e-14,-5.062766713290634e-11,-5.062764828035574e-11,-5.0627656752789954e-11,-5.062766719338946e-11,2.2084743563813386e-18,-5.0627627283065546e-11,5.034233376135409e-15,-5.062762620829319e-11,-1.008388153893673e-07,-1.0083880757362552e-07,5.475333306712333e-18,-5.0627621810473503e-11,-1.0083890892133755e-07,-5.0627580322008516e-11,-1.0083883253511723e-07,-5.064226144709975e-06,-5.0627654723575866e-11,-5.062762727017188e-11,6.884323490577932e-15,-5.0627627242924946e-11,-5.062762727941979e-11,4.351837962045287e-18,-5.062758093118691e-11,1.0049867181060873e-14,1.0136328455959295e-14,2.3751638276109557e-18,-1.0083881538936737e-07,2.3677424667347696e-18,2.6208353044988964e-18,9.938083807254173e-15,-1.0083882963114653e-07,8.903930262071222e-15,2.4652205224282768e-18,-1.008389166378003e-07,-5.062758044181887e-11,-1.008389200868026e-07,2.634710384364759e-18,2.3184988439595906e-18,-5.062768107767371e-11,-1.0083877906538529e-07,-1.0083882212705788e-07,-1.0083891046127134e-07,4.522228415464892e-18,-1.0083893794977278e-07,5.943865444500838e-15,-5.0627617167903297e-11,2.9540962178744118e-18,8.943438870527573e-15,4.651472373628183e-18,-5.0627657716975264e-11,-1.0083896096533427e-07,2.326257943173155e-18,-5.0627655340119556e-11,-5.0627614070762926e-11,-5.062766731522917e-11,2.634710384364759e-18,2.3197351904886913e-18,-5.062762728721393e-11,3.2835172178727356e-18,-1.0083890892133782e-07
1.000012719655793,-3.4461974800548704e-11,1.0000203201363977,1.0000196322008637,1.00002050011438,1.0000205990301037,1.000019140196206,-1.8485856140336852e-07,1.000021418428577,1.0000210326621208,1.0000212028640498,1.0000214184285754,-3.806252987628347e-11,1.0000205990301037,-4.435515813083906e-11,1.0000205769322348,1.0000195166014347,1.0000194354873202,-1.9201899982610037e-07,1.000020484725176,1.0000204856378703,1.0000196322008612,1.000019694248211,-5.0627654723575866e-11,1.0000161008826034,1.0000205990301039,-6.383923135851437e-11,1.0000205990301048,1.0000205990301043,-7.719634829993962e-11,1.000019632200861,-8.883144564820768e-11,-9.245887413650594e-11,-3.96960982362564e-11,1.000019516601437,-3.969609828617682e-11,-8.912276984919127e-08,-9.522263778016378e-11,1.0000196641607957,-8.02927460155688e-11,-3.4782401251365885e-11,1.0000205641511262,1.000019632200863,1.0000206017348974,-4.746500167659236e-11,-3.9696098172834754e-11,1.0000217142679046,1.0000191401962055,1.0000195863512256,1.0000205001143803,-8.165052494885934e-11,1.0000207870088715,-5.145153276783901e-11,1.0000203899526863,-4.041710118901442e-11,-8.326445353017108e-11,-8.250664827085887e-11,1.0000212268441069,1.000021025548803,-3.9696098036351666e-11,1.0000211775568904,1.0000203251266397,1.0000214254477082,-4.746500195725846e-11,-3.3366165985189635e-11,1.0000205990301028,-5.824523234919628e-11,1.000020485637871
1.0000121535815947,-3.44619559085663e-11,1.0000197540584537,1.000019066123307,1.0000199340363354,1.0000200329520035,1.0000185741189271,-9.281084434238344e-11,1.0000208523500147,1.000020466583775,1.0000206367856073,1.000020852350013,-3.806250918851443e-11,1.0000200329520037,-4.4355134060314034e-11,1.0000200108541462,1.0000189505239458,1.0000188694098762,-9.640584296948753e-11,1.0000199186471395,1.000019919559834,1.0000190661233044,1.0000191281706199,-5.062762727017188e-11,1.0000205990301039,1.0000149687260838,-6.38391967160547e-11,1.0000200329520044,1.0000200329520048,-7.719630670627593e-11,1.0000190661233037,-8.883139755537143e-11,-9.245882407579388e-11,-3.969607671915548e-11,1.0000189505239467,-3.9696076702294085e-11,-4.4745341654619524e-11,-9.522258635833157e-11,1.0000190980832215,-8.029270259428201e-11,-3.4782382584804925e-11,1.0000199980730442,1.0000190661233062,1.000020035656793,-4.7464975947387914e-11,-3.9696076643460877e-11,1.0000211481891739,1.0000185741189265,1.0000190202736954,1.0000199340363354,-8.165048066235308e-11,1.000020220930663,-5.145150469466851e-11,1.0000198238747031,-4.0417079303540525e-11,-8.326440840127879e-11,-8.25066034554989e-11,1.0000206607656537,1.0000204594704614,-3.969607653388878e-11,1.0000206114784624,1.0000197590486926,1.0000208593691429,-4.746497623806086e-11,-3.3366147819937854e-11,1.0000200329520015,-5.824520082220008e-11,1.0000199195598334
-1.171757835391049e-06,2.5179361530411084e-18,-6.383917980018595e-11,-1.271532963542994e-07,-1.2715340170753374e-07,-6.383919674101432e-11,-1.2715323655236181e-07,1.2086606885137301e-14,-6.383924691746262e-11,-6.38392231614116e-11,-6.383923381387166e-11,-6.38392466322522e-11,5.240314318599625e-15,-6.383919673987042e-11,3.0108151196932837e-18,-1.2715341088231934e-07,-1.2715328220474683e-07,-1.2715327238298273e-07,6.524716467076472e-18,-6.383918986135376e-11,-1.2715339975844727e-07,-1.2715329635429892e-07,-1.271533037539479e-07,6.884323490577932e-15,-6.383923135851437e-11,-6.38391967160547e-11,-5.0642261408217246e-06,-6.383919677345308e-11,-6.383919675474218e-11,5.258210647592711e-18,-1.2715329635429918e-07,1.1953667287547756e-14,1.200349848932462e-14,5.503676546995505e-15,-1.2715328220474646e-07,5.503676548858191e-15,6.085356507820609e-15,1.1684059830805479e-14,-1.271533001041606e-07,1.0561202644156384e-14,2.516818481729209e-18,-1.2715340946996128e-07,-1.2715329635429918e-07,-1.2715341378767303e-07,3.1808226240767843e-18,5.503676530308325e-15,-6.38392647836784e-11,-1.271532365523616e-07,-1.2715329067338867e-07,-1.2715340170753393e-07,5.9560008197589804e-18,-1.2715343623647778e-07,7.0899765449584475e-15,-1.2715338824798788e-07,2.9186257852569076e-18,1.0559624733097473e-14,1.1100821700662339e-14,-6.383923504354426e-11,-1.2715346516229256e-07,5.5036764831578474e-15,-6.383923197814248e-11,-6.383918009150206e-11,-6.38392472667195e-11,3.206283246627441e-18,2.4221151748006897e-18,-6.383919672130981e-11,3.882600377639147e-18,-1.2715339975844775e-07
