1.0000000002689184,0.9999999249263531,-8.042644032947238e-09,-4.536795904689853e-09,3.2360156288897167e-08,1.7098801232949912e-08,-4.5048402148910056e-08,-1.1394911524382734e-09,4.090608801222935e-09,-4.504840109296433e-08,1.830178739600703e-08,0.9999999933000485,0.9999998318360378,0.9999999759498204,3.04153850300504e-08,-4.459760469097524e-08,1.0000013808529449,9.181294087205293e-09,-1.2244999605694313e-08,0.9999996862028226,-7.429137246163428e-09,4.09060736388317e-09,-8.674861274068997e-09,3.041538311739869e-08,-7.5023550905085e-09,6.228661145258674e-08,0.9999999109568399,1.4809664731015074e-07,2.0603981428949423e-08,0.9999998864774013,0.999999651300969,3.031894204569994e-08,3.03189401886069e-08,1.0481656830804018e-07,1.000001917990659,2.1824672751059373e-08,0.9999998346712007,4.0906073049340635e-09,6.187220727964222e-08,-4.459760484408134e-08,0.999999857876122,0.9999998816448143,1.2333368884606451e-07,1.0345603129711502e-07,0.9999996109309307,-7.236194920987772e-09,6.394639979330516e-08,-4.504840191593745e-08,-5.2733498978455065e-09,1.0000000078761113,0.9999999151103582,1.4263027390214495e-08,5.903130154219457e-09,1.388944192042308e-07,1.000000179363577,1.000001768258441,1.06149511538066e-08,1.0765287369298417e-08,0.9999999933000504,0.9999999120561563,-4.504840129809004e-08,1.0033216770909415e-07,-3.827431396201875e-09,2.2888552809304665e-09,-5.272831250542368e-09,-7.036389802053816e-09,-5.122183292953459e-09,3.0415383586766984e-08,3.659999063509937e-08,-4.404900838859948e-08,9.833981682224215e-08,9.284848141387173e-09,-4.504840150630229e-08,6.312667025469755e-08,2.886528058171103e-08,-1.2540146859358993e-08,1.335441471458843e-07,2.076877926295728e-08,3.2033561638869826e-08,1.4083483246355625e-08,2.661484340765195e-10,6.228661145253967e-08,4.090607236848979e-09,0.9999997181186278,-2.6636724719369317e-09,-3.667971388722457e-10,0.9999999476996717,1.017479384046916e-08,4.175284220164075e-09,0.9999999382867524,0.999999835752743,-1.9539637895630157e-09,0.9999999804477734,-8.56000443119548e-09,1.4905229764155201e-07,0.9999998131306419,8.720611534963796e-09,0.9999997921790797,-3.959397831238235e-09,8.44192092207546e-09,-1.5648475326986507e-09,1.0000012138183305,3.03189407445021e-08,0.9999999933000492,1.4651074456093452e-07,-4.504840150405101e-08,0.9999998099891632,2.621893106323819e-09,0.999999994858016,0.9999996702835271,6.228661145202314e-08,1.0009750865660257e-08,1.2626008898024714e-07,0.9999988811671244,1.0644246332892055e-08,4.090607363628525e-09,3.0953473671982876e-08,0.9999999784052801,-1.5146789820916376e-09,1.4876953506480277e-07,3.047585583060803e-08,-5.1528884732519485e-09,-7.623216073697975e-09,-4.7359989076869835e-09,-2.315241995806983e-09,-4.5048401296183115e-08,2.0196764369849852e-08,0.9999998935884845,2.985763346414187e-08
0.9999999249263531,0.999999716077163,-4.353904256060129e-12,1.342799795292496e-12,1.5717128515188308e-11,9.64239230592537e-12,-1.0876135732860347e-10,8.384987362879888e-13,3.2902655716522734e-12,-1.0876135695411984e-10,1.1894709868286207e-11,0.9999997675386656,0.9999996114011266,0.9999997520938898,1.854139103007876e-11,-1.0825369392661609e-10,1.0000010444468341,9.383379874063835e-12,-6.1120119826134175e-12,0.9999994606767567,-4.645468072656582e-09,3.290265431846714e-12,-5.422512555992258e-12,1.85413906641232e-11,-3.001913761900203e-13,-5.2441995238957024e-11,0.9999996873472498,-9.622261517493107e-12,1.5000204665990775e-11,0.9999996595649736,0.9999994332896921,1.9883519653909522e-11,1.9883518871326016e-11,-3.113874228980249e-11,1.0000015673404035,1.150833341512689e-11,0.9999996176236959,3.290265457338589e-12,-5.2597524781045587e-11,-1.0825369402593476e-10,0.9999996397372009,0.999999657813471,-4.433897710564975e-08,-3.429222499203278e-11,0.9999993844421409,-6.289631161285509e-09,-5.352747266800867e-11,-1.0876135756576743e-10,-1.1387039970169832e-12,0.9999997867085441,0.9999996918328373,1.056128609297569e-11,3.635899386673332e-12,-6.1347766569173685e-12,0.9999999558363757,1.000001410406145,4.132298663071152e-12,-1.5922610741698875e-07,0.9999997675386667,0.9999996880077519,-1.0876135727901126e-10,-3.5360754785381945e-11,1.2178275411367546e-12,3.84636341133547e-12,-1.0027244045393385e-12,-1.658340464982116e-12,1.2879815160147367e-09,1.8541390687019768e-11,2.02046406668919e-11,-1.0840231945158607e-10,-3.417267399931297e-11,7.950919504410981e-12,-1.0876135735310276e-10,-5.44828368726541e-11,1.7412857329661985e-11,-5.1326662710857745e-12,-2.0731895291324276e-12,1.2085528579637053e-11,1.7891404341091785e-11,1.030830264449173e-11,3.0289634450160043e-13,-5.244199521860056e-11,3.2902653658411513e-12,0.9999994962172782,9.807690503057631e-13,2.6599030538075452e-12,0.9999997268343744,8.92007844136897e-12,4.077746633812337e-12,0.9999997159113144,0.9999996117125507,3.2291371212726785e-13,0.9999997600445133,-2.6173101669605137e-12,-1.003097264921457e-11,0.9999995935948104,8.138590025842031e-12,0.9999995715392701,-8.704134681769447e-13,6.180593566245265e-12,6.806510317096954e-14,1.0000008767150719,1.9883519193160783e-11,0.9999997675386666,-9.124317926922383e-09,-1.0876135733579388e-10,0.9999995879703785,-9.91162930634201e-13,0.9999997699277885,0.9999994529801883,-5.24419951851101e-11,2.599893116105695e-12,-2.2444693408912823e-11,0.9999986484499499,6.3978853027884404e-12,3.2902653227029695e-12,1.7879695438734467e-11,0.9999997525725531,4.621766990658969e-13,-1.012837159925691e-11,1.740430835572244e-11,1.606290436455137e-13,-1.7081509235624834e-12,-1.219680324026486e-12,9.333829919150736e-13,-1.0876135695142303e-10,1.3144743323099273e-11,0.9999996714310072,1.8362608263135247e-11
-8.042644032947238e-09,-4.353904256060129e-12,9.125956378028892e-10,5.872137635438224e-09,-1.7857033814537825e-08,4.801171201712694e-12,-4.983333471809797e-12,1.7333051374335326e-12,1.430373969218518e-12,-4.98333344271947e-12,2.091113241166949e-12,-4.242879847503771e-12,4.677650040773511e-09,-4.222496671626088e-12,4.852339416064095e-12,-4.8617729400081565e-12,-3.836797618033461e-12,-5.961981012333215e-13,-2.220018053485368e-08,-2.6802658148646366e-12,1.6611468643563454e-12,1.4303739830419981e-12,-1.9771963820353125e-08,4.852339456438791e-12,4.1474532482871984e-10,-4.456665892653711e-12,-1.5035276001461064e-12,-3.867106327216063e-12,1.6352202837263594e-12,-4.492970958294168e-12,1.2412171622523973e-08,-2.6425007415498967e-13,-2.642500981470449e-13,-4.521958583544702e-09,-3.736636381205833e-12,-1.665084794237039e-09,7.2576528171332544e-09,1.4303740049938782e-12,-4.605305967340675e-12,-4.861772939582944e-12,1.1231413565210638e-12,-1.7525897290217135e-12,-4.141716079862722e-12,-3.893974047793446e-12,-6.489733560755928e-09,-1.7339046658574805e-08,-3.791989326713832e-12,-4.983333453471652e-12,1.1508695416616483e-12,-1.7442177884993973e-12,-1.5737051040981918e-12,4.240337783497223e-12,-1.6820386097179016e-08,-1.8978961325467994e-08,-2.9369960975701415e-12,-1.1988455914441673e-08,-1.568104609877252e-08,-5.257325117762415e-12,-4.242879861682674e-12,-1.702960728833467e-12,-4.983333470674183e-12,-4.970376620100072e-12,8.689359065147949e-09,-6.827185603774708e-13,9.86620956220981e-13,8.923513920119526e-13,1.2425152329847862e-13,4.852339492387451e-12,-2.711844465310966e-09,-5.0812582392951135e-12,-2.761740462443955e-12,9.637439473069044e-13,-4.983333458213606e-12,-4.952451083897634e-12,4.13195429512547e-12,-1.793050174992204e-08,-2.414558925917303e-12,-9.759008247378522e-13,7.926660008322547e-12,3.770137741994747e-12,-1.659412308120579e-08,-4.456665890955882e-12,1.430374012523389e-12,-4.251836052383516e-13,2.069623081704858e-12,-4.4086451486707615e-09,5.218455480065449e-09,4.32439548002261e-12,1.4098760365190999e-12,-2.961006417108065e-13,-4.541768136836864e-12,1.5306313559374066e-12,-1.7507855383410913e-12,6.093986513375207e-13,-4.5735865472325406e-12,5.011452013511511e-09,4.053608316711386e-12,3.3420118376633108e-09,1.8589894054981693e-09,-7.567973088891307e-09,-4.405213449557425e-13,-2.258881713095785e-12,-2.642500105756643e-13,-4.24287984949024e-12,-1.5813595980590964e-12,-4.9833334710856435e-12,-1.5068190025018991e-12,-2.717367662648696e-08,-4.872082464957002e-12,1.2366078272597688e-08,-4.456665883264895e-12,-2.63769444910229e-08,-3.7904903027494435e-12,-1.2697793918950575e-12,-2.4353470842871078e-12,1.4303739731064713e-12,-1.2845525553324604e-09,-4.328829104733592e-12,1.2798620500679798e-12,-4.827764887839013e-12,6.134042523669717e-12,-5.135035368158294e-13,2.137114558031616e-12,8.702163795172885e-13,4.722941354230346e-12,-4.983333471809796e-12,1.0071643979126037e-13,2.55550647738384e-09,4.907272046434878e-12
-4.536795904689853e-09,1.342799795292496e-12,5.872137635438224e-09,9.676576274950546e-09,9.758571743597435e-12,8.20995781759463e-09,-6.001993029169192e-12,-2.263270286379813e-12,-2.2621561093977636e-12,-6.0019930451196284e-12,-1.2680707596507416e-09,9.528858415254601e-13,-2.5557557637394595e-12,1.7781008461350337e-12,-1.3755055848931962e-12,-5.9352567440872666e-12,-1.7642223992307298e-12,1.2025053378453926e-12,1.4596667419555923e-08,1.4254598513715123e-12,-2.0815935361968042e-12,-2.262156104095599e-12,8.658784047840737e-09,-1.3755056414570713e-12,-1.0643606709497322e-08,-5.186321196105686e-12,-8.507698321380976e-14,-4.460050023538962e-12,-2.8721889653619483e-12,7.626381192468837e-13,-1.1305896032774695e-08,1.421666120242773e-12,1.421666120259592e-12,-1.257291399526705e-08,-3.013933992179235e-12,-2.8222041693166458e-12,-1.6275668716601985e-09,-2.26215610939781e-12,-5.334328154035275e-12,-5.935256746171215e-12,3.294717811700322e-13,2.552544897290275e-13,-5.315318390147285e-12,-5.4452863602904395e-12,4.856504230363767e-12,1.0904008009766408e-08,-5.749637586558505e-12,-6.0019930246727875e-12,-2.2673240631552365e-12,1.923846688738587e-09,3.36918656741129e-13,-1.5491465975717669e-12,9.85933112798593e-12,-1.5252729494651491e-09,-2.0332764563031275e-13,-8.484553704355044e-09,1.0844495291169452e-08,-6.089080219857975e-12,9.52885855591745e-13,7.182940368727426e-14,-6.001993033752412e-12,-6.0229960125903034e-12,-3.4135336027190153e-12,-1.7952009876357893e-12,-3.1461084176838815e-09,-1.7066961260420099e-12,-1.6133356713522337e-12,-1.3755056059333158e-12,2.6918971859572947e-12,-5.661608887286301e-12,-4.369055782342416e-12,-2.643155501557367e-12,-6.001993043843163e-12,-5.735173508278279e-12,-1.4067077806938968e-12,7.640755098993103e-12,-2.395240179536559e-12,-1.8606320960870867e-12,4.186117728865848e-12,-1.3909516864770347e-12,8.7017447708557e-12,-5.186321195091006e-12,-2.2621561112334067e-12,-6.532403694526204e-10,-1.4091513422762383e-12,5.877896893821336e-09,-2.190486639685137e-12,-1.3694159982403798e-12,-2.168879358303337e-12,-1.1274126918429343e-09,1.7399901543003202e-12,-2.273242227789963e-12,3.588433101017777e-09,-2.4904004810152555e-09,-4.730550089211449e-12,-2.269088407033375e-12,-1.4557346228578604e-12,-3.021121092403679e-09,-4.3537357801863275e-12,3.3403831704425316e-09,-3.1033059158003256e-09,-1.503271009763022e-12,1.421665848371314e-12,9.528858568007123e-13,-3.874262002990353e-12,-6.001993043843159e-12,9.915590773311106e-13,8.234309639544458e-12,3.0855734353931062e-09,-9.720432603395847e-09,-5.186321195402566e-12,8.525096251457492e-12,-5.401313782367233e-12,2.3342534504862215e-12,-1.3564112713963486e-09,-2.2621561270421493e-12,1.2411206779860806e-09,9.892152230271282e-13,-2.1032940612426777e-12,-4.762564205379097e-12,4.673094513616633e-09,-1.900033251034272e-12,-2.1972999132798252e-12,-2.591592126662996e-12,2.6793721726412785e-12,-6.001993047889601e-12,-1.2827723033166068e-12,-2.5600592937575776e-12,-1.375185892272722e-12
3.2360156288897167e-08,1.5717128515188308e-11,-1.7857033814537825e-08,9.758571743597435e-12,-5.2221797946061456e-08,-1.5382559093250338e-12,-2.3686633742215367e-12,4.717145468522049e-12,4.2820340403366305e-12,-2.3686633720281005e-12,1.3383483070473475e-12,1.649175829288201e-11,2.753994364006445e-11,1.3631885572120067e-11,2.408351272206881e-12,-2.400494004553312e-12,1.647321863681832e-11,7.879905571821178e-12,-4.4104327884394205e-08,1.690837163485482e-11,4.6563549429291625e-12,4.2820341145754434e-12,-2.8469857728614853e-08,2.4083512847042304e-12,1.7691848366364707e-11,-3.1230021231972414e-12,1.9710154885244314e-11,-6.87049093688446e-12,1.418180654960833e-12,1.5404742548511804e-11,3.5334690266574735e-11,9.953001778883888e-12,9.953001761782541e-12,-2.175344695735799e-12,1.2951706869408418e-11,1.3812034386334922e-11,2.613419725259355e-11,4.2820340509105126e-12,-3.0711534372440767e-12,-2.4004939664170385e-12,1.90609697722406e-11,1.8582550123780303e-11,-4.645228450531796e-12,-2.609671004225879e-12,1.0108468828050382e-08,-3.693010460976336e-08,-2.586595336001082e-12,-2.3686633449697645e-12,4.6363188411332466e-12,1.506463164971228e-11,1.8236117542112945e-11,1.5270235482069573e-12,-5.173558510623632e-08,-2.7757430615964397e-08,1.9800509048690816e-11,2.8384155897293753e-08,-3.1261276021881825e-08,-2.220494054622866e-12,1.6491758310968738e-11,1.910554964312836e-11,-2.3686634051252907e-12,-3.7429967009083285e-12,1.1840071514172385e-11,-2.55902751991113e-13,1.8679099977935885e-12,4.609399475087133e-12,1.8761845177404513e-12,2.4083512662758806e-12,-1.6974789377475872e-08,-2.5957768268068596e-12,-5.875191811847927e-12,1.7248638272282636e-12,-2.368663416838183e-12,-3.6087497175436774e-12,3.1289203817067632e-12,-6.286497439200899e-08,-4.600879224139099e-12,-3.5749567336527555e-13,-8.958539943514267e-13,1.1334871058980389e-12,-6.582430724512593e-08,-3.123002089635711e-12,4.2820340967639225e-12,2.0227839114807865e-11,3.387288149466656e-12,-1.1865648011983995e-08,2.6800552415497677e-11,2.867878101270104e-12,4.1925991472119846e-12,1.9696782359290175e-11,1.3403241213524384e-11,4.333390010230093e-12,1.3539387842437572e-11,4.048417818130365e-12,-4.2055186099128586e-12,2.6513717221665577e-11,3.88636940882977e-12,2.559644587931492e-11,2.164981453415515e-11,-7.677347446213085e-09,3.584460489758469e-12,1.4697017386020094e-11,9.953001899094846e-12,1.6491758280912982e-11,-4.4634626009419006e-12,-2.368663406309497e-12,1.6391422900529785e-11,-4.860618864204339e-08,1.3925282029478789e-11,3.072301972341541e-11,-3.1230021227989204e-12,-4.743748443632841e-08,-2.7842567927773023e-12,1.799744154739788e-11,-1.0129298642930654e-12,4.282034039536292e-12,1.846474100609083e-09,1.604818035769767e-11,4.0186694648550704e-12,-4.340997678253016e-12,7.449151472670664e-13,2.1969731913516646e-12,4.805657583300412e-12,4.210169494558537e-12,-6.167553962404355e-13,-2.3686634051173376e-12,7.486108591181535e-13,3.218289453536041e-11,2.25838616702386e-12
1.7098801232949912e-08,9.64239230592537e-12,4.801171201712694e-12,8.20995781759463e-09,-1.5382559093250338e-12,-5.3953719778736675e-08,-2.433472873893977e-13,1.852254920733944e-12,2.3499695349072687e-12,-2.4334730302336177e-13,2.5589605984248746e-09,1.1445902759305803e-11,1.16388540171669e-11,1.127835134504133e-11,-1.3473288407286616e-12,-8.162353350561077e-13,-3.883087382428515e-12,1.2948506602191121e-11,8.603462386944935e-09,8.214136848632587e-12,1.5866117665999914e-12,2.3499695105203165e-12,3.937622747375791e-12,-1.3473288541808356e-12,2.641121897094951e-12,-3.3214994806088137e-12,9.630974985514753e-12,-5.252767062210629e-12,8.287282123795018e-12,1.1889176270332923e-11,1.7647686423309175e-11,1.197897051140155e-11,1.1978970563835178e-11,1.7929449444539592e-12,-3.321234234870037e-12,-3.998099580885833e-12,3.060902691607379e-12,2.34996950511321e-12,-2.170338970934262e-12,-8.162353452785055e-13,7.104326524474145e-12,9.020266553019938e-12,-2.5956237325857114e-12,-4.206919564880821e-12,6.031406877463519e-12,5.132973281540138e-12,-1.7750779120659674e-12,-2.433473154642007e-13,5.955846823687145e-09,1.2043693456181631e-11,9.483524462083822e-12,-4.577527986962372e-13,3.8736989338488144e-12,-8.779763207073767e-12,1.1139072548204114e-11,1.3214272911801908e-08,-2.1393901443377915e-12,3.122700148909499e-14,1.1445902786186825e-11,9.287523492238971e-12,-2.433473622162234e-13,-4.698914241924743e-13,1.2038526575932148e-12,6.938838764506014e-12,4.722092346695272e-12,1.7893463090780184e-12,1.9670394501786255e-12,-1.3473287782709092e-12,-2.484824933145162e-12,-1.504275325670262e-12,-5.448182011691375e-12,6.5546377335587816e-12,-2.4334736221616644e-13,-8.69175060642008e-13,-1.3607669996828705e-12,8.835616609491578e-12,-1.471866068918472e-11,6.564581649413717e-12,-8.508381036052085e-08,-4.749652516403477e-13,3.2740268731518985e-12,-3.3214994631397035e-12,2.3499695129755756e-12,2.7367640697374678e-08,-1.630744051207241e-12,-2.4879532980238934e-12,6.070422682745573e-12,-1.3501633051532175e-12,1.6505193127993042e-12,9.06371807129429e-12,1.0741517114171384e-11,2.1652920309060622e-12,9.659892867256375e-12,5.407418044888069e-09,-5.088267950569321e-12,1.200675643204769e-11,-1.1920352271395795e-12,9.464049569927463e-12,-6.232043444781524e-12,3.392276519603642e-12,8.75091632871683e-09,-5.114113999898472e-12,1.197897051140155e-11,1.1445902759305803e-11,-8.427441241254588e-12,-2.433473741093133e-13,8.4114266206231e-12,-7.948749289346784e-13,1.3042894679029916e-11,1.8789251361690437e-11,-3.32149946244453e-12,-3.3963442607679647e-12,-3.984680194365036e-12,2.355414803732e-12,8.449327285601535e-09,2.349969489330884e-12,1.3108204027655827e-12,1.1969556160437316e-11,2.2989775648249286e-12,-4.496405902752369e-12,-5.999233793449135e-08,4.006826732149596e-12,1.3374061181952496e-12,5.000256953770648e-12,-5.42994020972941e-08,-2.43347339965753e-13,1.7493069950295731e-12,6.0279242699350225e-12,-1.574083782263626e-12
-4.5048402148910056e-08,-1.0876135732860347e-10,-4.983333471809797e-12,-6.001993029169192e-12,-2.3686633742215367e-12,-2.433472873893977e-13,2.1780704049980947e-07,-3.872990221773244e-12,-3.918413145510441e-12,2.0061856026094994e-07,-3.723973837883489e-12,-1.0871093989374602e-10,-1.0948798763448994e-10,-1.0926785628522815e-10,-3.3748905753550736e-12,2.0016846299323216e-07,-6.216341565859849e-08,-2.9702434158613692e-12,-4.54099176602792e-12,-1.0843706174367829e-10,-3.730409017580402e-12,-3.918413157228831e-12,-4.801461951699565e-12,-3.374890581553086e-12,-8.741777150054473e-12,1.9665569183682062e-07,-1.0904130226811867e-10,1.9787213217778876e-07,-7.71680619625685e-12,-1.0893818081496782e-10,-1.0997935963142777e-10,-2.1653336042069074e-12,-2.1653336016555322e-12,1.991825610054382e-07,-4.736536190523522e-08,-5.008172627944122e-12,-1.0973701654629153e-10,-3.918413117456656e-12,1.9632706468763736e-07,2.001684629932305e-07,-1.1012286132103104e-10,-1.0906283356612427e-10,1.9726952263344555e-07,2.0212898978209817e-07,-1.0664017741921442e-10,-4.726473515828323e-12,2.011029269552231e-07,2.0061856026095327e-07,-4.25885115874708e-12,-1.0935060688489085e-10,-1.0901112437388916e-10,-4.167812297695292e-12,-8.669507876520815e-13,1.773491988157014e-07,-1.0920836709274898e-10,-4.3343141664412176e-08,-2.9678377715300673e-12,1.9788914978980088e-07,-1.0871093993064638e-10,-1.0891249874609169e-10,2.006185602609509e-07,1.9878371026869343e-07,-4.056274720445895e-12,-6.5939727018994425e-12,-3.858223596997776e-12,-4.342228958899172e-12,-6.732583772715645e-12,-3.3748906085331923e-12,-3.4032919198344465e-12,2.0113853946402808e-07,1.990392858554841e-07,-6.764838723564096e-12,2.0061856026095327e-07,2.0050925749050105e-07,-3.4592797023092867e-12,-4.610786871608504e-12,1.7076788116425113e-07,-5.863746635157334e-12,4.1919090317575177e-13,-4.22308307601221e-12,-2.864160503825197e-12,1.9665569183682123e-07,-3.9184131460064215e-12,-1.093148026123673e-10,-4.2948782360681505e-12,-4.405984873343691e-12,-1.0921691572179249e-10,-4.249821364014891e-12,-4.7485738258411995e-12,-1.093726472014978e-10,-1.0997395823570676e-10,-3.937149329178602e-12,-1.0944180335331134e-10,-3.7447870497602894e-12,1.9898830410053717e-07,-1.0966685269734288e-10,-4.310712861937834e-12,-1.0940211159376333e-10,-5.133613837623021e-12,-4.942530415670241e-12,-3.86085495670724e-12,-6.039011484664231e-08,-2.165333575862211e-12,-1.0871093992004457e-10,1.9052489194502957e-07,2.0061856026095e-07,-1.0963059122445684e-10,-3.959619767731156e-12,-1.0907407087162014e-10,-1.099306406486983e-10,1.9665569183682236e-07,-3.4913416526846103e-12,2.014703191265022e-07,-1.055261261860001e-10,-5.3384539295817845e-12,-3.918413145505777e-12,-3.7852129002352956e-12,-1.0873040009482795e-10,-3.8649952481567515e-12,1.9856645583435555e-07,-1.3028877115988728e-12,-6.69456574198725e-12,-4.3002512677783e-12,-4.2497543166860434e-12,-1.7048008686589022e-12,2.0061856026095137e-07,-6.378775912882035e-12,-1.092563382793935e-10,-3.504180464557062e-12
-1.1394911524382734e-09,8.384987362879888e-13,1.7333051374335326e-12,-2.263270286379813e-12,4.717145468522049e-12,1.852254920733944e-12,-3.872990221773244e-12,1.3904513099197537e-08,-3.4067020195826098e-09,-3.872990211176348e-12,-2.609810584329423e-13,6.77844733384711e-13,-1.0643862036546943e-12,1.1478342177382577e-12,-9.999578292433484e-13,-3.84188980825957e-12,2.762241324216095e-10,4.099727908761846e-12,4.4143884088996564e-12,2.3256414585799308e-09,-2.9241432631589625e-09,-3.4067020195826143e-09,2.2496570905633974e-12,-9.999578111403397e-13,-3.1095813207283057e-12,-3.2650077207831556e-12,4.0091365235141876e-14,-3.193250670290087e-12,-2.446836499664754e-12,2.583218182119538e-13,-2.5862895536303358e-12,4.702442584773425e-12,4.702442639616498e-12,-3.802124566250393e-12,-1.9503263083990083e-12,-1.385396800631011e-12,1.3264862743419946e-13,-3.4067020195825965e-09,-3.3441706264056935e-12,-3.841889800015358e-12,4.024183859515097e-13,1.734925562981563e-13,-3.611740190223289e-12,-3.506874491033295e-12,2.9710289789123724e-12,3.063164670081602e-12,-3.647403149507757e-12,-3.872990211176348e-12,-3.218746216834882e-09,6.786860034855139e-13,2.684860022914895e-13,-1.3511614871008594e-12,7.055261676013324e-12,-7.788869514277427e-13,-6.536925495286288e-14,-4.964632182850268e-09,2.962547641511375e-12,-3.958795002150921e-12,6.778447333847092e-13,7.42025637399429e-14,-3.872990210983896e-12,-4.184643671024071e-12,-3.1831004603963253e-09,-1.728163946968706e-12,-2.2347232316315278e-09,-2.108085883054829e-09,-1.501828698244051e-12,-9.999578308919393e-13,1.3912280938174615e-12,-3.619216349188569e-12,-2.8221664662825486e-12,-2.309625281942256e-12,-3.872990203625603e-12,-3.8307318970262676e-12,-9.654004576852411e-13,3.660836835368148e-12,-2.1505017413735022e-09,-1.8769849081720787e-12,1.6605834835742886e-12,-1.2686807866669637e-12,4.242542600798142e-12,-3.265007713760284e-12,-3.4067020195826437e-09,3.0638056065965185e-13,-2.2790987675192827e-09,2.0995216927981214e-12,-1.2474609919771718e-12,-9.590831164353675e-13,-3.354502812074297e-09,-5.157669912770607e-13,9.782177914321432e-13,-3.433584073127454e-09,1.2037593737016259e-12,-1.041856776878127e-09,-3.068829040051163e-12,-8.534133090623554e-13,-8.845403480858354e-13,-3.92336193077008e-13,-1.8883092212679303e-12,1.332578729961203e-12,-1.8321525597419657e-09,3.0156875995052863e-10,4.702442689794305e-12,6.778448164865487e-13,-2.156861556652866e-12,-3.872990215599315e-12,6.361640692048992e-13,4.457644305925917e-12,1.0285314510363522e-12,-2.357231264509835e-12,-3.265007738347367e-12,4.715413450122125e-12,-3.457994443656082e-12,4.152340750785406e-09,-8.65582777619895e-13,-3.406702019582631e-09,9.970500385138206e-13,6.82244534743791e-13,-3.14537255967723e-09,-3.1001071948695845e-12,7.053408447376821e-13,-1.6590739030200622e-12,-3.1309438986117547e-09,-3.8468648361365e-09,1.0202274983388801e-12,-3.872990210983896e-12,-1.3230612411654095e-12,-8.142627681443868e-13,-1.0456994935487522e-12
4.090608801222935e-09,3.2902655716522734e-12,1.430373969218518e-12,-2.2621561093977636e-12,4.2820340403366305e-12,2.3499695349072687e-12,-3.918413145510441e-12,-3.4067020195826098e-09,1.3612720794303592e-08,-3.918413143651061e-12,-1.9109343889006635e-13,3.1235496482205856e-12,1.6413967142960722e-12,3.599303770314201e-12,-8.841383391997971e-13,-3.877644121842633e-12,6.476009324015153e-09,4.7217040489258776e-12,4.0814309154656546e-12,3.756060345354007e-12,-2.999604395432607e-09,-3.5822894668326406e-09,1.840429135085457e-12,-8.841384140225614e-13,-3.1742158703028394e-12,-3.2188918427966173e-12,2.5831990806086566e-12,-3.181577642357472e-12,-2.6990361605513147e-12,2.6172996578040504e-12,2.1835427324887068e-13,5.45981927859258e-12,5.459819226562253e-12,-3.729430055650763e-12,8.262060315453271e-13,-1.3243643474269987e-12,3.041304625102569e-12,-3.5822894668326253e-09,-3.3164986116843045e-12,-3.877644191060599e-12,3.093732258998052e-12,2.70334853422372e-12,-3.6291266655782085e-12,-3.4539562209630987e-12,5.547554965686294e-12,2.722945979624672e-12,-3.6150012864675863e-12,-3.918413137516749e-12,-3.383259153774026e-09,3.1970092912002526e-12,2.8099749502245133e-12,-1.3259832676602251e-12,7.103914840720409e-12,-8.254231760636754e-13,2.4022367393518605e-12,2.5713732611728477e-10,2.719571521498118e-12,-4.025830072415119e-12,3.123549634380668e-12,2.6028391353819687e-12,-3.9184131225493484e-12,-4.296992389023962e-12,-2.790628596342491e-09,-2.0090266263548536e-12,-2.4015160785669366e-09,-2.14440832847053e-09,-1.6667019971866748e-12,-8.841384140225617e-13,1.3515285212246507e-12,-3.636729580540962e-12,-2.6966413628942942e-12,-2.5590656276217734e-12,-3.918413137516752e-12,-3.8921071632844476e-12,-8.605109003496536e-13,3.122527430576268e-12,-1.3521580659126908e-09,-2.1894482831387524e-12,2.293115636811002e-12,-1.259808487083334e-12,3.794183910407342e-12,-3.2188918668570936e-12,-3.5822894668326774e-09,2.9280160470085332e-12,-2.2703780337048695e-09,2.166619143859854e-12,1.4456808721505153e-12,-8.512929738210596e-13,-3.5262462153373864e-09,2.005905233947042e-12,3.391561679961867e-12,-3.6015948967666867e-09,3.766415422655643e-12,-9.899549823620022e-10,-3.0178482320976385e-12,1.865460420607921e-12,-7.587185351997682e-13,2.340680811356058e-12,-1.6614290430963356e-12,1.2603198115328454e-12,-1.995212308616479e-09,6.5739755679243036e-09,5.4598193162821275e-12,3.1235496188042194e-12,-1.8662833312387552e-12,-3.918413144126506e-12,3.194406536417706e-12,3.997848354799412e-12,3.439135926565666e-12,3.831516780384719e-13,-3.218891859585786e-12,4.3241474124460834e-12,-3.398826475826829e-12,9.759309182338535e-09,-1.113732687022484e-12,-3.5822894668326596e-09,1.1099622407049904e-12,3.114965154119951e-12,-3.30939352062846e-09,-3.067979022004437e-12,1.138640638019302e-12,-1.8694666744479977e-12,-3.1881854299124616e-09,-4.142514305209893e-09,1.4018566184707366e-12,-3.918413117456896e-12,-1.4867643723255604e-12,1.9854945610652682e-12,-9.361113085395952e-13
-4.504840109296433e-08,-1.0876135695411984e-10,-4.98333344271947e-12,-6.0019930451196284e-12,-2.3686633720281005e-12,-2.4334730302336177e-13,2.0061856026094994e-07,-3.872990211176348e-12,-3.918413143651061e-12,2.1780704049980862e-07,-3.723973837883489e-12,-1.0871093948332686e-10,-1.0948798723758922e-10,-1.0926785584468117e-10,-3.3748905896805227e-12,2.00168462993228e-07,-6.216341486368619e-08,-2.9702433828613e-12,-4.54099177057577e-12,-1.0843706135755587e-10,-3.730409021129676e-12,-3.918413157224346e-12,-4.801461957019032e-12,-3.3748905791686558e-12,-8.741777126664206e-12,1.96655691836817e-07,-1.090413018634657e-10,1.9787213217778625e-07,-7.716806189872104e-12,-1.0893818045559258e-10,-1.0997935924475088e-10,-2.165333604206946e-12,-2.165333601655327e-12,1.9918256100543548e-07,-4.736536111032332e-08,-5.008172639380696e-12,-1.0973701616146405e-10,-3.91841308194344e-12,1.9632706468763435e-07,2.0016846299322695e-07,-1.1012286094299333e-10,-1.090628331823376e-10,1.972695226334419e-07,2.0212898978209483e-07,-1.0664017700303584e-10,-4.726473513749747e-12,2.0110292695522067e-07,2.0061856026095007e-07,-4.258851195314146e-12,-1.0935060646432763e-10,-1.0901112397829854e-10,-4.167812321766636e-12,-8.669507876520724e-13,1.7734919881569814e-07,-1.092083666654437e-10,-4.334314086950047e-08,-2.967837771402048e-12,1.978891497897975e-07,-1.087109394740891e-10,-1.0891249831495586e-10,2.006185602609479e-07,1.987837102686911e-07,-4.0562747192097114e-12,-6.5939727176913706e-12,-3.8582235908995396e-12,-4.342228958899172e-12,-6.7325836768133415e-12,-3.3748905791683217e-12,-3.403291907951206e-12,2.0113853946402565e-07,1.9903928585548092e-07,-6.764838709013128e-12,2.006185602609494e-07,2.0050925749049808e-07,-3.4592796927495204e-12,-4.610786868653515e-12,1.707678811642478e-07,-5.863746635157175e-12,4.1919090317593893e-13,-4.223083138735106e-12,-2.8641605038251987e-12,1.966556918368178e-07,-3.918413157224213e-12,-1.0931480220806209e-10,-4.294878236923273e-12,-4.405984869777394e-12,-1.0921691534425543e-10,-4.2498213282285555e-12,-4.748573870806996e-12,-1.0937264680337462e-10,-1.0997395777870682e-10,-3.93714929305556e-12,-1.0944180293126071e-10,-3.7447870445476816e-12,1.9898830410053384e-07,-1.0966685231272766e-10,-4.3107128947517825e-12,-1.094021111880659e-10,-5.133613837904862e-12,-4.942530388773388e-12,-3.860854963175683e-12,-6.03901140517298e-08,-2.165333579408276e-12,-1.0871093952795688e-10,1.9052489194502587e-07,2.0061856026094734e-07,-1.0963059078815795e-10,-3.959619758642819e-12,-1.0907407043515691e-10,-1.0993064024586845e-10,1.9665569183681882e-07,-3.4913416885264828e-12,2.0147031912649906e-07,-1.0552612580723156e-10,-5.338453923247743e-12,-3.918413103682207e-12,-3.785212901028089e-12,-1.0873039971767795e-10,-3.8649952581723084e-12,1.9856645583435214e-07,-1.3028876760630014e-12,-6.69456571130657e-12,-4.3002512649472065e-12,-4.249754283817977e-12,-1.7048008686588256e-12,2.0061856026094856e-07,-6.378775949423847e-12,-1.0925633789068529e-10,-3.5041804402352354e-12
1.830178739600703e-08,1.1894709868286207e-11,2.091113241166949e-12,-1.2680707596507416e-09,1.3383483070473475e-12,2.5589605984248746e-09,-3.723973837883489e-12,-2.609810584329423e-13,-1.9109343889006635e-13,-3.723973837883489e-12,1.5495303347436247e-08,1.173071093899044e-11,9.892464759026381e-12,1.1520556177142803e-11,-2.944757219858795e-09,-3.719684813496213e-12,6.9470248390404975e-12,-1.8147173023865902e-12,4.3417048127787546e-09,1.1324519071504603e-11,-2.526780416103566e-13,-1.9109343891852704e-13,2.5629691042733078e-12,-2.94475721985884e-09,1.1793139966248951e-12,-3.772117409672929e-12,1.1093614497140083e-11,-3.974208797916722e-12,-7.771130597503502e-13,1.1852739846512958e-11,8.359203704224649e-12,-1.9336263607496443e-12,-1.9336264390385237e-12,-5.043168812098199e-12,7.1659640982417115e-12,3.309982805009712e-09,9.911682944129906e-12,-1.910934413838823e-13,-3.809056709036908e-12,-3.719684812275991e-12,1.018197856953771e-11,1.1183329324334435e-11,-3.952121742062378e-12,-3.8579720105258215e-12,1.0868391499175424e-11,1.5791560330398264e-12,-4.1133300146164185e-12,-3.723973840031031e-12,-1.509431172129859e-13,1.060357733011926e-11,1.1024703195890288e-11,-2.508656939094273e-09,2.8696652551578336e-13,-2.0834692538888404e-12,1.1550872676777985e-11,1.438114007356512e-08,4.201175638712734e-09,-3.601090691353617e-12,1.1730710930525299e-11,1.1178169766092079e-11,-3.7239738434622215e-12,-3.665691840511621e-12,-1.0025926110281005e-12,4.698007078849443e-14,-4.990486924822398e-13,-6.058874926528365e-14,2.5940183370234715e-13,-2.9447572198588256e-09,3.389878334261686e-10,-3.624473768705641e-12,-4.463067953150137e-12,-3.6596527609690233e-13,-3.723973840031031e-12,-3.726688626017413e-12,-2.3158650112407028e-09,6.710561981188819e-13,-3.881162698291675e-12,2.247674440453636e-13,8.180570383005009e-13,-2.1924709068800978e-09,7.667482003909737e-13,-3.772117418061633e-12,-1.910934572267951e-13,2.0313554387675402e-08,-2.033439168435704e-13,4.527010172560165e-13,1.0384106331390037e-11,-2.4745539875926878e-09,-1.1128972005458549e-13,1.0805964222110043e-11,1.1743848981435944e-11,-2.0671782728458557e-13,1.066646563392426e-11,-4.1179883803048417e-10,-3.641352346918958e-12,9.695262319962587e-12,-2.2451317199272386e-09,1.0149990225058043e-11,3.1884074716040474e-09,7.59094637312172e-13,2.545477034725381e-10,6.3522674952054654e-12,-1.933626383680103e-12,1.1730710942625195e-11,-4.6999434720845464e-12,-3.7239738258821575e-12,1.095339223982855e-11,3.6270925505500823e-12,1.1639485644078817e-11,8.01796410695025e-12,-3.7721173674941635e-12,3.696061938859069e-12,-3.939124202865558e-12,1.1137513930033557e-11,1.547796079040496e-09,-1.9109345716498916e-13,-1.3061534897621244e-10,1.1692821960232102e-11,-1.674202754367374e-13,-3.595688962577345e-12,5.383115965217016e-13,3.578756030676111e-13,-3.837190869951513e-13,-1.8628035586270435e-13,6.87368981098865e-13,-3.723973838792269e-12,2.0211505039716127e-13,1.1025257863524832e-11,-2.925919974384486e-09
0.9999999933000485,0.9999997675386656,-4.242879847503771e-12,9.528858415254601e-13,1.649175829288201e-11,1.1445902759305803e-11,-1.0871093989374602e-10,6.77844733384711e-13,3.1235496482205856e-12,-1.0871093948332686e-10,1.173071093899044e-11,0.9999998531681358,0.9999996790914624,0.9999998205889906,1.844092814165234e-11,-1.0817587820347523e-10,1.0000011139452594,8.294872469204369e-12,-5.7824043081170686e-12,0.9999995292670526,-2.4786780051056796e-12,3.1235495086633534e-12,-5.1299587027873585e-12,1.844092780671837e-11,-5.746475364066602e-13,-5.225344818994193e-11,0.9999997557280927,-9.286870859591587e-12,1.4572139536773712e-11,0.9999997280439702,0.9999994998620363,1.876861157834107e-11,1.8768610973684925e-11,-3.1324089597543006e-11,1.0000016371419163,1.1627260768925446e-11,0.9999996861195696,3.1235494969245155e-12,-5.2466254902197374e-11,-1.0817587826339175e-10,0.9999997081765657,0.9999997263061886,-2.2036289453215465e-11,-3.407258965496658e-11,0.9999994535182779,-2.952805460221248e-12,-5.344564012769969e-11,-1.0871094020016944e-10,-1.3417211444851942e-12,0.9999998549203407,0.9999997602604247,1.0469097039091054e-11,3.7933559972422655e-12,-5.371882774129229e-12,1.0000000241892908,1.000001479238192,4.676711631230668e-12,-7.97213127748476e-11,0.9999998359733085,0.9999997564609444,-1.0871093988581931e-10,-3.5256318040895684e-11,8.658302258513798e-13,3.5776323132639386e-12,-1.2821020242378683e-12,-1.8120966501383296e-12,5.854062823226184e-13,1.84409278433094e-11,2.0472634403247767e-11,-1.0828507666259761e-10,-3.390931143995019e-11,7.6370259306709e-12,-1.0871093991753628e-10,-5.437873699380424e-11,1.7328732972384315e-11,-4.954481069920106e-12,-1.3899030286947354e-12,1.1859784335477319e-11,1.9973351505987097e-11,1.0238328269942684e-11,7.682651363927794e-13,-5.22534481889728e-11,3.123549454702094e-12,0.9999995639740774,1.0032998879027149e-12,2.8809259532393e-12,0.9999997952040481,8.832237852692065e-12,3.9533406680560936e-12,0.9999997843252023,0.999999680313599,1.6279747410405268e-13,0.9999998285240996,-2.8340599555400948e-12,-9.728324565289067e-12,0.9999996612381677,8.031479080360211e-12,0.999999639523569,-7.960991179047161e-13,6.132442397665558e-12,-1.7336727140864816e-13,1.0000009462701993,1.8768611182600036e-11,0.9999998359733067,-4.236767077389738e-12,-1.087109399036351e-10,0.9999996565308422,-2.273886527645382e-13,0.9999998382757016,0.9999995195511955,-5.225344810218611e-11,3.474278753945447e-12,-2.2241788099672544e-11,0.9999987174005691,6.3215034893108386e-12,3.123549398133612e-12,1.776216141220405e-11,0.9999998209665154,3.0161365014894406e-13,-9.845615630739157e-12,1.885468734288507e-11,1.1319971699842986e-14,-1.8608677366619306e-12,-1.5040298075189735e-12,2.2808735004958117e-12,-1.0871093956326634e-10,1.3106776099952171e-11,0.9999997396829339,1.827835164601235e-11
0.9999998318360378,0.9999996114011266,4.677650040773511e-09,-2.5557557637394595e-12,2.753994364006445e-11,1.16388540171669e-11,-1.0948798763448994e-10,-1.0643862036546943e-12,1.6413967142960722e-12,-1.0948798723758922e-10,9.892464759026381e-12,0.9999996790914624,0.99999952694186,0.9999996643301972,1.4857156802375664e-11,-1.0898154535704559e-10,1.0000009483938923,4.73544461512626e-12,8.699012330213011e-09,0.9999993703540174,-4.183712796811132e-12,1.6413965470919525e-12,3.569326880995412e-12,1.4857156447858338e-11,-2.77547384119239e-12,-5.312717926605973e-11,0.99999959448909,-9.81947307097409e-12,2.5869357291113775e-08,0.9999995720604096,0.9999993217193234,1.454778036852483e-11,1.4547779728717265e-11,-3.4466556982054033e-11,1.0000014735061649,1.104635906317784e-11,0.9999995165041606,1.641396612272025e-12,-5.3344038017707945e-11,-1.0898154544479076e-10,0.9999995435076837,0.9999995658651575,-2.2888082543353572e-11,-3.5299657969196266e-11,0.999999298570634,1.0153796159638672e-08,-5.4991360390272394e-11,-1.0948798791259824e-10,-2.766277683412149e-12,0.9999996945323079,0.9999995994804294,7.502421537165657e-12,1.1671943222671092e-11,-7.292868573040353e-13,0.9999998647882474,1.0000013166531974,1.2509603422244788e-11,-8.030525958850083e-11,0.9999996790914636,0.9999995957723806,-1.0948798756891565e-10,-3.569557567640032e-11,-7.86630522156438e-09,3.9148509211877545e-12,-2.5083428283903668e-12,-3.0708854363650503e-12,4.924964070968039e-13,1.4857156506733678e-11,4.539454244371833e-08,-1.0888478287552407e-10,-7.094289978838798e-08,6.635005737482362e-12,-1.0948798768082536e-10,-5.4923178788411506e-11,1.4173292862726144e-11,9.446481182973683e-09,-2.822520584238489e-12,1.2523323898870167e-11,1.8547661979197064e-11,7.670070825532369e-12,1.0634397445925693e-11,-5.312717928196321e-11,1.6413965392130901e-12,0.9999993998285707,-5.378067638260075e-13,1.0327679338210287e-08,0.9999996270810928,5.572488996488897e-12,2.580695459989473e-12,0.9999996217255281,0.9999995248726333,-1.377895090416497e-12,0.9999996688570931,-4.063835176377212e-12,-1.0202474430979497e-11,0.9999994917460407,4.776452112268798e-12,0.9999994719094638,-7.062496672156151e-09,1.7691151235276988e-08,-5.989767193026545e-13,1.000000779154192,1.454778002635669e-11,0.9999996790914633,-1.3619224444997935e-08,-1.0948798762625265e-10,0.9999994962743262,1.2758822871885689e-11,0.999999682572198,0.9999993424749868,-5.312717927325353e-11,1.6282514837184633e-11,-2.3559335457122577e-11,0.9999985568556536,8.162830448576402e-12,1.6413964890700565e-12,3.52840327765805e-08,0.9999996642322699,-1.0594026122360064e-12,-1.0162078403679821e-11,1.7375503706425372e-11,1.6505080408959536e-13,-3.887379996728372e-12,-2.7860677547695933e-12,1.6656921797115456e-12,-1.0948798731764724e-10,1.317492103261538e-11,0.9999995716556312,1.47190552802967e-11
