0.9999999999264846,4.7568627282371955e-07,4.7531770024040374e-07,4.7536781394590245e-07,0.9999999485158467,4.754253594798162e-07,4.882956999901897e-07,4.7421493006467827e-07,0.9999999647494241,4.750689492110127e-07,4.75049436378713e-07,4.7492494739800825e-07,4.7551886630214346e-07,4.749478974984633e-07,4.756862742319948e-07,0.9999999647494267,4.7498712906804047e-07,4.750494372329073e-07,4.752831911643994e-07,0.9999999647494271,4.813578341365648e-07,4.759299190079744e-07,4.757722860112772e-07,4.750689490053702e-07,4.739869524007448e-07,4.754630812521743e-07,4.741455345819314e-07,4.7561650281157306e-07,0.999999808135418,4.811920890633555e-07,4.7536781478106625e-07,0.9999999647494254,4.750689497514217e-07,4.7551886594896677e-07,4.746368944959428e-07,4.822123786485997e-07,0.9999998966588305,0.9999998966588262,4.755188657258405e-07,4.826809026328624e-07,0.9999999647494261,0.9999988103663119,4.7583215620048294e-07,4.7583215532291816e-07,4.741455347272631e-07,0.9999999647494277,4.7525235511761914e-07,4.756295722284107e-07,0.9999999647494257,4.755188669422127e-07,4.7531770001947865e-07,4.7542535941889455e-07,4.754197453257786e-07,4.7504943555729434e-07,4.882957001760353e-07,4.757722863704462e-07,4.986687287641641e-07,4.73388766537097e-07,0.9999999647494239,0.9999999647494267
4.7568627282371955e-07,3.009509818445126e-07,7.319923192429883e-17,1.5053129836184025e-14,3.501176792488684e-11,9.048328538142675e-17,-4.764911768786239e-16,1.487431420296214e-17,3.501177752235993e-11,2.2062714149827888e-17,-1.3380199437299643e-14,6.280040714240013e-13,-7.653214563950962e-17,-9.326250331173083e-13,1.3166899127034986e-12,3.501177752235993e-11,4.950871559958603e-13,-1.3380225710643167e-14,5.553757220944301e-17,3.501177746611043e-11,5.960837185407483e-17,-1.0219425301879555e-16,-3.2396726254434904e-16,2.205075415118411e-17,3.991348946780855e-13,-2.1735081360977146e-15,-2.42670441711882e-16,-1.141645476480396e-15,3.501161282621079e-11,-7.903733822195321e-17,1.5053129836184025e-14,3.5011777463568063e-11,2.1987083539168362e-17,-7.655850476621943e-17,7.48807849073522e-15,-4.65393835220218e-16,3.501216160035445e-11,3.501216160035445e-11,-7.655850476621943e-17,-1.0671358499845478e-16,3.501177746611043e-11,6.969246809667583e-08,6.555313542604911e-16,6.555313542604911e-16,-2.4267804528636054e-16,3.501177746611043e-11,1.4360929178759877e-14,-3.269186256855011e-16,3.501177746611043e-11,-7.653214563950962e-17,7.329091442219639e-17,9.051863287423049e-17,-1.3002523595790652e-14,-1.3380225710643167e-14,-4.764911768786239e-16,-3.2396726254434904e-16,-2.2268504745406683e-16,-6.033672118133039e-16,3.501177746611043e-11,3.501177752235993e-11
4.7531770024040374e-07,7.319923192429883e-17,3.009496853396602e-07,1.6206532060588326e-15,3.4826282587022063e-11,1.1771011516099195e-17,-4.866824406284999e-17,3.723123149099161e-18,3.4826284034945064e-11,4.561089825132304e-18,-1.4365736137991264e-15,3.601410873353922e-17,-6.1856585116111146e-18,-4.8244413508905146e-17,7.329091442219639e-17,3.4826284050482004e-11,2.8877387348801023e-17,-1.4365283707385777e-15,1.6194357427950957e-14,3.4826284059824265e-11,1.739284593772013e-14,-8.83073669826091e-18,-3.2616944558720395e-17,4.463032398979681e-18,4.7117433695577927e-14,-2.3160140127155745e-16,-2.3918551828557593e-17,-1.2047083556202478e-16,3.4826261488588166e-11,-1.228048928212206e-14,1.6206922666637312e-15,3.4826284050482004e-11,4.561089825132304e-18,-6.122676583002602e-18,8.072364479052796e-16,-4.7624416620490667e-17,3.4826323261597763e-11,3.4826323271752685e-11,-6.171675992084249e-18,-9.046823134182966e-18,3.48262839908267e-11,6.93238949008099e-08,7.271445791097622e-17,7.271445791097622e-17,-2.3918551828557593e-17,3.482628402642162e-11,1.546236723186457e-15,-3.290991609707089e-17,3.48262839905574e-11,-6.0927862393459795e-18,1.9973418749356505e-14,1.194916261813953e-17,-1.3958920585687465e-15,-1.4364565039579646e-15,-4.866824406284999e-17,-3.257487243632897e-17,-2.0998327082340803e-17,-6.278944114062813e-17,3.482628402642162e-11,3.4826284059824265e-11
4.7536781394590245e-07,1.5053129836184025e-14,1.6206532060588326e-15,3.01633580630418e-07,3.485974050283182e-11,2.014193788608895e-15,-1.0943518516895469e-14,5.722578783417934e-13,3.485994680693421e-11,4.506460795877289e-16,-3.0558127647756846e-13,7.152414199198684e-15,-1.8029074531582236e-15,-1.0752757221915397e-14,1.5053129836184025e-14,3.485994674286511e-11,5.627381425219812e-15,-3.0558127647756846e-13,1.217621430851816e-15,3.485994680693421e-11,1.3016073642793378e-15,-2.3893847719749954e-15,-7.450279607916954e-15,4.506911925800446e-16,4.5272923473126055e-15,-4.9683423010197465e-14,-1.1129180633953951e-11,-2.6120149586842947e-14,3.4856305066118093e-11,-1.8635475565967587e-15,6.840042603090615e-10,3.4859946771251536e-11,4.506682070692143e-16,-1.802881464577965e-15,3.402044948016314e-10,-1.0684487365169962e-14,3.4868769185987294e-11,3.4868769185987294e-11,-1.8029074531582236e-15,-2.496276138702308e-15,3.485994672958052e-11,6.937400837477743e-08,1.4915934134979435e-14,1.4915899105230998e-14,-1.1129180633986032e-11,3.4859946761621144e-11,6.525525730918337e-10,-7.515308163721953e-15,3.4859946773336335e-11,-1.8029074531582236e-15,1.6206837885779797e-15,2.0141851049791447e-15,-2.9695914885738993e-13,-3.0558129044629974e-13,-1.0943550136256975e-14,-7.450279607916954e-15,-5.154284036399763e-15,-2.7522596969432803e-11,3.485994680693421e-11,3.4859946721483555e-11
0.9999999485158467,3.501176792488684e-11,3.4826282587022063e-11,3.485974050283182e-11,1.0000006024290735,3.4880376784885825e-11,4.134573265892084e-11,3.4272252121531246e-11,1.000000317713053,3.4701289590438996e-11,3.468407667194007e-11,3.462910979528738e-11,3.4927259551045503e-11,3.464020499418475e-11,3.501176838462803e-11,1.000000317713053,3.466031097348674e-11,3.4684077028230373e-11,3.480893674282337e-11,1.0000003177130525,7.536417461153691e-08,3.513374623295062e-11,3.505443359466323e-11,3.470128941030302e-11,3.415782532870607e-11,3.4898075640029135e-11,3.4237247566533924e-11,3.4975720632812106e-11,1.000000161098762,7.519827593479039e-08,3.485974047897141e-11,1.000000317713052,3.470128969269782e-11,3.492725956193851e-11,3.448836606815381e-11,3.828966354328247e-11,1.0000002496228364,1.0000002496228322,3.492725990538835e-11,3.852523419793291e-11,1.0000003177130525,0.9999991633287362,3.5085052097332196e-11,3.5085051898776905e-11,3.423724746407821e-11,1.0000003177130545,3.4801355170693856e-11,3.498273671046371e-11,1.000000317713052,3.492725960012961e-11,3.4826282823335926e-11,3.488037675237958e-11,3.4870318062294604e-11,3.4684076540214e-11,4.134573257391181e-11,3.505443404131567e-11,4.655697111264036e-11,3.3856870194382916e-11,1.000000317713052,1.0000003177130545
4.754253594798162e-07,9.048328538142675e-17,1.1771011516099195e-17,2.014193788608895e-15,3.4880376784885825e-11,3.009496936988662e-07,-6.117099391280336e-17,4.042834125676752e-18,3.488037851527679e-11,1.0021156918322924e-14,-1.7863477822439223e-15,4.4232402138010884e-17,-8.184061888769154e-18,-6.059403742645775e-17,9.040982877172191e-17,3.488037853908008e-11,3.536244052451079e-17,-1.7864111038868593e-15,9.56104840969781e-18,3.488037851527679e-11,1.02485850124729e-17,-1.1321892150759563e-17,-4.1203917206816134e-17,1.0021156862415009e-14,2.884107522815735e-17,-2.884070665254253e-16,-3.03773803066318e-17,-1.5056850150141108e-16,3.48803518531055e-11,-8.412441420306751e-18,2.0141851049791447e-15,3.488037854279155e-11,1.0021156937900807e-14,-8.127445280781946e-18,1.0030239239231904e-15,-5.981153243953254e-17,3.4880427878344675e-11,3.488042784746589e-11,-8.127445280781946e-18,-1.1892262199625398e-17,3.4880378512646876e-11,6.943155412852198e-08,8.965267174649552e-17,8.965267174649552e-17,-3.038150785726197e-17,3.4880378512646876e-11,1.9215553969670078e-15,-4.1610257107542645e-17,3.488037856140222e-11,-8.175323477149998e-18,1.184223456494248e-17,2.8261028930071067e-14,-1.7359401773360178e-15,-1.7863643667707996e-15,-6.118439027769087e-17,-4.1180552238510535e-17,-2.6909065089849406e-17,-7.860532690877339e-17,3.4880378544933035e-11,3.488037854279155e-11
4.882956999901897e-07,-4.764911768786239e-16,-4.866824406284999e-17,-1.0943518516895469e-14,4.134573265892084e-11,-6.117099391280336e-17,3.009503659202901e-07,-6.262601126158298e-18,4.1345726871267904e-11,-1.1375734152357742e-17,9.73607994263663e-15,-2.2493849543410117e-16,6.038577847575172e-17,6.874620724638527e-13,-4.764911768786239e-16,4.134572685376212e-11,-1.763824471437488e-16,9.73613161347022e-15,-3.585651198071217e-17,4.13457268087222e-11,-3.8221469948925166e-17,7.902880093768409e-17,2.402999079107575e-16,-1.1408968141363178e-17,-1.4132502075269588e-16,3.155440135483321e-12,1.80951820108128e-16,1.6616982990429546e-12,4.1345836170222123e-11,6.251806875096759e-17,-1.0943518516895469e-14,4.134572685376212e-11,-1.1408968141363178e-17,6.041999351929721e-17,-5.441614948099706e-15,3.4353828242910425e-16,8.230087574107337e-08,8.230087574107288e-08,6.030101351961371e-17,8.284567378308826e-17,4.1345726747718204e-11,8.230188732241678e-08,-9.396613218281016e-13,-9.396613218454682e-13,1.810395004025146e-16,4.134572681826249e-11,-1.0440280783409391e-14,2.422534694309072e-16,4.1345726810797234e-11,6.038577847575172e-17,-4.8618305901451545e-17,-6.117099391280336e-17,9.46151190811799e-15,9.7360998534147e-15,7.006626037131873e-13,2.4017295232112434e-16,1.6817567663808374e-16,8.823080380208061e-13,4.1345726810797234e-11,4.1345726803445776e-11
4.7421493006467827e-07,1.487431420296214e-17,3.723123149099161e-18,5.722578783417934e-13,3.4272252121531246e-11,4.042834125676752e-18,-6.262601126158298e-18,3.0094967057177506e-07,3.42722528510921e-11,2.761311343970476e-18,-4.999193501277681e-13,8.276483756659855e-18,8.804930360816205e-19,-6.563880018104966e-18,1.487431420296214e-17,3.4272252831146513e-11,7.035672365792215e-18,-4.999193500578742e-13,3.393054707117544e-18,3.4272252831146513e-11,3.634415364068279e-18,3.953035507524906e-19,-3.780867894430671e-18,2.7814265493570403e-18,6.102590870779741e-18,-3.8796407543049504e-17,-4.593445005955284e-15,-1.928733631023277e-17,3.4272244413517254e-11,1.0154528018918168e-18,5.722578783768162e-13,3.42722528510921e-11,2.710033911733326e-18,8.785765717904583e-19,2.869491498162012e-13,-6.231479015341614e-18,3.4272257795174325e-11,3.4272257795174325e-11,8.724974129207004e-19,5.866451036700273e-19,3.427225279040061e-11,6.822112601058407e-08,1.474047636136449e-17,1.471699188162584e-17,-4.593445039624895e-15,3.4272252833754846e-11,5.461536948940912e-13,-3.844727457762e-18,3.42722528510921e-11,8.664328441266983e-19,3.723123149099161e-18,4.054052010393547e-18,-4.856543107498081e-13,-4.999193501545183e-13,-6.293302393751512e-18,-3.8145245891278805e-18,-1.1355327009371067e-18,-1.8249473629003078e-14,3.42722528510921e-11,3.42722528510921e-11
0.9999999647494241,3.501177752235993e-11,3.4826284034945064e-11,3.485994680693421e-11,1.000000317713053,3.488037851527679e-11,4.1345726871267904e-11,3.42722528510921e-11,1.000000634896272,3.470129041458823e-11,3.468389436263587e-11,3.462911460337939e-11,3.4927259074545094e-11,3.464019913842348e-11,3.501177794514484e-11,1.0000003339466539,3.466031489999949e-11,3.468389476501182e-11,3.480893808166489e-11,1.0000003339466537,3.78606576654667e-11,3.5133745365352515e-11,3.505442971641074e-11,3.470129011332636e-11,3.41578284521255e-11,3.4898046449499587e-11,3.4237244812743366e-11,3.4975705568967105e-11,1.0000001773323548,3.7777313265502886e-11,3.48599466205375e-11,1.0000003339466528,3.4701290563461845e-11,3.492725909396822e-11,3.448846892372774e-11,3.828965770362366e-11,1.000000265856445,1.0000002658564409,3.4927259390265716e-11,3.852523330609159e-11,1.0000003339466523,0.9999991795623062,3.508506161720195e-11,3.508506138744684e-11,3.423724463827087e-11,1.000000333946654,3.480155198230581e-11,3.498273277942059e-11,1.0000003339466523,3.492725911224386e-11,3.482628417441983e-11,3.4880378584801686e-11,3.4870141017759925e-11,3.4683894222782954e-11,4.134572666624687e-11,3.5054430105947e-11,4.655696872436971e-11,3.385686244608838e-11,1.0000003339466523,1.0000003339466539
4.750689492110127e-07,2.2062714149827888e-17,4.561089825132304e-18,4.506460795877289e-16,3.4701289590438996e-11,1.0021156918322924e-14,-1.1375734152357742e-17,2.761311343970476e-18,3.470129041458823e-11,3.0094967179309895e-07,-3.962666924306243e-16,1.174850462506225e-17,1.1836895326336232e-20,-1.1660896251143443e-17,2.204527076505841e-17,3.4701290434759753e-11,9.745358518933836e-18,-3.961900218256461e-16,3.970600215130548e-18,3.4701290431389445e-11,4.366836374043388e-18,-1.375411501122935e-15,-7.38047533093602e-18,5.936342296960038e-15,8.268988044293944e-18,-6.238198489936567e-17,-4.9440940180699094e-18,-3.168105561763839e-17,3.470128031259152e-11,1.4796234080646784e-19,4.50656616498752e-16,3.4701290431389445e-11,5.936342372342459e-15,5.03990951175459e-20,2.2538214964506676e-16,-1.1319224931431354e-17,3.4701299606267264e-11,3.4701299606267264e-11,5.03990951175459e-20,-6.395555636955505e-19,3.470129039920262e-11,6.907514492324077e-08,2.1969247590284646e-17,2.200121917435671e-17,-4.8780849203755525e-18,3.4701290431389445e-11,4.3012473941847783e-16,-7.37720531193281e-18,3.470129039920262e-11,1.1836895326336232e-20,4.562219714489028e-18,1.0021156892660862e-14,-3.8502201182685313e-16,-3.962717359280088e-16,-1.1485842899636301e-17,-7.38047533093602e-18,-3.55247054209751e-18,-1.571156422482512e-17,3.470129040707679e-11,3.470129035899659e-11
4.75049436378713e-07,-1.3380199437299643e-14,-1.4365736137991264e-15,-3.0558127647756846e-13,3.468407667194007e-11,-1.7863477822439223e-15,9.73607994263663e-15,-4.999193501277681e-13,3.468389436263587e-11,-3.962666924306243e-16,3.014903913656558e-07,-6.355106166833996e-15,1.6076965760515738e-15,9.565660106353176e-15,-1.3380169253777934e-14,3.46838943441723e-11,-4.999188750838957e-15,5.407940310892548e-10,-1.0781745858864512e-15,3.468389440620758e-11,-1.1523969535989894e-15,2.129151497124292e-15,6.629178738288444e-15,-3.962935463733394e-16,-4.0210731951398815e-15,4.41818813302821e-14,9.904671807880722e-12,2.3229794571216045e-14,3.468712224523297e-11,1.6618766558643578e-15,-3.0558127647756846e-13,3.4683894436622274e-11,-3.962188391188893e-16,1.6076460768542764e-15,-3.024915990702386e-10,9.505412178984448e-15,3.4676045265698654e-11,3.467604526426891e-11,1.6076818560120689e-15,2.224622367385236e-15,3.468389434559292e-11,6.90556321794654e-08,-1.3258139609690773e-14,-1.3258139609690773e-14,9.904671807845839e-12,3.4683894436622274e-11,-2.9153013851933183e-13,6.686969989400031e-15,3.468389444724981e-11,1.607636616251369e-15,-1.4365283707385947e-15,-1.7863477822439223e-15,5.255351477842402e-10,5.407940310891558e-10,9.7360998534147e-15,6.6291460857003365e-15,4.589135851453973e-15,2.4481147976382587e-11,3.468389432866384e-11,3.46838943441723e-11
4.7492494739800825e-07,6.280040714240013e-13,3.601410873353922e-17,7.152414199198684e-15,3.462910979528738e-11,4.4232402138010884e-17,-2.2493849543410117e-16,8.276483756659855e-18,3.462911460337939e-11,1.174850462506225e-17,-6.355106166833996e-15,3.0094996633357496e-07,-3.5208200265304437e-17,-4.4058422756723257e-13,6.280040710819968e-13,3.46291145990094e-11,2.3766694078843334e-13,-6.355164915815723e-15,2.773730179051791e-17,3.462911460725374e-11,2.958694402305642e-17,-4.7179570720620715e-17,-3.0377818674474867e-13,1.175735944368456e-17,1.9204605054592867e-13,-1.0313034397134088e-15,-1.14061370949508e-16,-5.41088927492785e-16,3.462903365876513e-11,-3.622030963627722e-17,7.152365003607972e-15,3.462911460337939e-11,1.174850462506225e-17,-3.510105095302713e-17,3.55854142372295e-15,-2.1968978738251506e-16,3.462929590396205e-11,3.46292958872689e-11,-3.504123809762814e-17,-4.9361686303495783e-17,3.462911462319548e-11,6.893114335033919e-08,3.126350429121593e-16,3.126350429121593e-16,-1.14061370949508e-16,3.46291145956868e-11,6.8235691551569375e-15,-3.064830273136819e-13,3.46291145990094e-11,-3.504123809762814e-17,3.599459933393845e-17,4.4179141738215985e-17,-6.17579790713948e-15,-6.355164915815723e-15,-2.2493849543410117e-16,-3.0377818673631884e-13,-1.0401665121277301e-16,-2.8542183681238966e-16,3.46291145990094e-11,3.462911461090896e-11
4.7551886630214346e-07,-7.653214563950962e-17,-6.1856585116111146e-18,-1.8029074531582236e-15,3.4927259551045503e-11,-8.184061888769154e-18,6.038577847575172e-17,8.804930360816205e-19,3.4927259074545094e-11,1.1836895326336232e-20,1.6076965760515738e-15,-3.5208200265304437e-17,3.0094968884296363e-07,5.893754645355639e-17,-7.653214563950962e-17,3.4927259026776997e-11,-2.7152022640272002e-17,1.607636616251369e-15,-3.990875050859128e-18,3.4927259026776997e-11,-4.046377357427314e-18,1.5117571441355028e-17,4.1687498404054263e-17,5.03990951175459e-20,-2.1352059150088502e-17,2.6339251332741615e-16,3.180220753748927e-17,1.3969066247413817e-16,3.492727271809864e-11,1.2468785581437781e-17,-1.802968338218134e-15,3.4927259026776997e-11,3.199295048997168e-20,2.3712145159199867e-14,-8.95620222975002e-16,5.872956050324405e-17,3.492721031823416e-11,3.492721034257796e-11,2.3712145152553496e-14,1.5765446760046112e-17,3.4927259026776997e-11,6.9525061242539e-08,-7.595246985953706e-17,-7.603601433157436e-17,3.176925464905109e-17,3.4927259026776997e-11,-1.7199606708914137e-15,4.1873586022577427e-17,3.4927259074545094e-11,2.371214511696861e-14,-6.122676583002602e-18,-8.175323477149998e-18,1.5624142999539515e-15,1.607636616251369e-15,6.043904617721475e-17,4.1399295444598754e-17,3.037969604837962e-17,7.500113853658486e-17,3.4927259074545094e-11,3.492725904124982e-11
4.749478974984633e-07,-9.326250331173083e-13,-4.8244413508905146e-17,-1.0752757221915397e-14,3.464020499418475e-11,-6.059403742645775e-17,6.874620724638527e-13,-6.563880018104966e-18,3.464019913842348e-11,-1.1660896251143443e-17,9.565660106353176e-15,-4.4058422756723257e-13,5.893754645355639e-17,3.0095033971329075e-07,-9.326250334601662e-13,3.4640199125086796e-11,-3.4559355476937955e-13,9.565627658288434e-15,-3.552258978966579e-17,3.464019913842348e-11,-3.802142374451044e-17,7.726425361556953e-17,2.3569016053458314e-16,-1.1581227075269606e-17,-2.771504694342441e-13,3.099501483652206e-12,1.7742442286366027e-16,1.6318531881483008e-12,3.4640307589142226e-11,6.099876168992476e-17,-1.0752757221915397e-14,3.4640199053075024e-11,-1.1581227075269606e-17,5.889430657531894e-17,-5.346964726580632e-15,3.3704047236722895e-16,3.463992075518071e-11,3.463992070243023e-11,5.894092976650811e-17,8.089204327225164e-17,3.464019912438873e-11,6.895409214474008e-08,-4.643389121354975e-16,-4.643484718486509e-16,1.7738511637049905e-16,3.464019912438873e-11,-1.0258346580399853e-14,2.37542715824529e-16,3.464019915363562e-11,5.893754645355639e-17,-4.8244413508905146e-17,-6.054672514722547e-17,9.295827307949726e-15,9.565659824793683e-15,6.874620724359477e-13,2.3557935434628624e-16,1.645693154174838e-16,8.66106354310181e-13,3.4640199097797526e-11,3.464019914230768e-11
4.756862742319948e-07,1.3166899127034986e-12,7.329091442219639e-17,1.5053129836184025e-14,3.501176838462803e-11,9.040982877172191e-17,-4.764911768786239e-16,1.487431420296214e-17,3.501177794514484e-11,2.204527076505841e-17,-1.3380169253777934e-14,6.280040710819968e-13,-7.653214563950962e-17,-9.326250334601662e-13,3.009509818445126e-07,3.501177795095405e-11,4.950871556514766e-13,-1.3380169253777934e-14,5.553757220944301e-17,3.5011777975876165e-11,5.941485706185943e-17,-1.0226344717680575e-16,-3.2391926524737217e-16,2.2091776332374405e-17,3.9913489434774673e-13,-2.1732943678934726e-15,-2.42670441711882e-16,-1.1416529697556361e-15,3.501161330735818e-11,-7.905972044715737e-17,1.5053129836184025e-14,3.5011777973216915e-11,2.201386111981532e-17,-7.659914227373285e-17,7.488092575933499e-15,-4.653114180951863e-16,3.501216201957633e-11,3.501216202803338e-11,-7.662816199952973e-17,-1.0679943318246747e-16,3.501177794514484e-11,6.969246895705454e-08,6.555313542604911e-16,6.555313542604911e-16,-2.4267804528636054e-16,3.5011777973216915e-11,1.436094455026636e-14,-3.269186256855011e-16,3.501177797677429e-11,-7.657293968907028e-17,7.325664898021349e-17,9.044272872594108e-17,-1.3002523595790652e-14,-1.3380169253777934e-14,-4.764903771226572e-16,-3.2396726254434904e-16,-2.2264351555195416e-16,-6.033359892172945e-16,3.501177794514484e-11,3.5011777973216915e-11
0.9999999647494267,3.501177752235993e-11,3.4826284050482004e-11,3.485994674286511e-11,1.000000317713053,3.488037853908008e-11,4.134572685376212e-11,3.4272252831146513e-11,1.0000003339466539,3.4701290434759753e-11,3.46838943441723e-11,3.46291145990094e-11,3.4927259026776997e-11,3.4640199125086796e-11,3.501177795095405e-11,1.0000006348962727,3.466031492706179e-11,3.4683894785293856e-11,3.480893808166489e-11,1.0000003339466543,3.78606576654667e-11,3.5133745383828124e-11,3.505442974239333e-11,3.4701290148081384e-11,3.415782855272889e-11,3.4898046449499587e-11,3.423724476998978e-11,3.497570553370814e-11,1.0000001773323577,3.7777313267839516e-11,3.485994661996249e-11,1.0000003339466543,3.4701290563461845e-11,3.4927259011972196e-11,3.448846883854994e-11,3.828965773036397e-11,1.000000265856447,1.0000002658564415,3.4927259383014897e-11,3.8525233277432154e-11,1.000000333946654,0.9999991795623087,3.508506157850608e-11,3.508506136906356e-11,3.423724461842818e-11,1.0000003339466554,3.480155196334123e-11,3.498273276555912e-11,1.0000003339466532,3.4927259126654435e-11,3.48262842399218e-11,3.4880378584801686e-11,3.487014102188768e-11,3.4683894233822817e-11,4.134572664691693e-11,3.505443011275616e-11,4.6556968754451235e-11,3.385686243974712e-11,1.0000003339466532,1.0000003339466563
4.7498712906804047e-07,4.950871559958603e-13,2.8877387348801023e-17,5.627381425219812e-15,3.466031097348674e-11,3.536244052451079e-17,-1.763824471437488e-16,7.035672365792215e-18,3.466031489999949e-11,9.745358518933836e-18,-4.999188750838957e-15,2.3766694078843334e-13,-2.7152022640272002e-17,-3.4559355476937955e-13,4.950871556514766e-13,3.466031492706179e-11,3.0094985300655635e-07,-4.999174012786252e-15,4.4369078684585655e-14,3.466031490162426e-11,2.3966066450905383e-17,-3.6744412790738194e-17,-1.1951425702099211e-16,9.697248601622394e-18,1.52088356119511e-13,-8.108015358107617e-16,-8.921113245964612e-17,-4.251399790788057e-16,3.4660250002363367e-11,-2.79349078149464e-17,5.627335447546966e-15,3.4660314910301556e-11,9.725493798242098e-18,-2.7152022640272002e-17,2.800135017968518e-15,-3.428782238262149e-13,3.466045703856176e-11,3.46604570276941e-11,-2.716709269342867e-17,-3.8390946626687716e-17,3.466031490162426e-11,6.899332475824636e-08,2.4654143303412455e-16,2.465167829018212e-16,-8.9173718431944e-17,3.4660314910301556e-11,5.3687085118259904e-15,-2.4008430968823285e-13,3.466031490162426e-11,-2.7152022640272002e-17,2.887975889845187e-17,3.538039968657708e-17,-4.857980827489896e-15,-4.9991836206786786e-15,-1.763824471437488e-16,-1.196678768821207e-16,-1.6161997384316465e-13,-2.240312828813489e-16,3.466031490162426e-11,3.466031490162426e-11
4.750494372329073e-07,-1.3380225710643167e-14,-1.4365283707385777e-15,-3.0558127647756846e-13,3.4684077028230373e-11,-1.7864111038868593e-15,9.73613161347022e-15,-4.999193500578742e-13,3.468389476501182e-11,-3.961900218256461e-16,5.407940310892548e-10,-6.355164915815723e-15,1.607636616251369e-15,9.565627658288434e-15,-1.3380169253777934e-14,3.4683894785293856e-11,-4.999174012786252e-15,3.014903913656558e-07,-1.0781745858864512e-15,3.468389477843003e-11,-1.1523635315944504e-15,2.1290921788154473e-15,6.6291932082795174e-15,-3.9632352554371597e-16,-4.02109952108404e-15,4.418192972021234e-14,9.90467180795067e-12,2.3229866940834846e-14,3.468712263912411e-11,1.6617602746997394e-15,-3.0558127647756846e-13,3.468389480655861e-11,-3.961962918543686e-16,1.6076460768542764e-15,-3.024915990701704e-10,9.505388989834881e-15,3.4676045648027045e-11,3.467604567529582e-11,1.6076906994007227e-15,2.224706619742862e-15,3.468389477043535e-11,6.905563295534118e-08,-1.3258130093436306e-14,-1.3258139609690773e-14,9.904671807915821e-12,3.468389477043535e-11,-2.915300609627107e-13,6.686876002391529e-15,3.4683894785293856e-11,1.607636616251369e-15,-1.4365878318602562e-15,-1.7864111038868593e-15,5.25535147784316e-10,5.407940310892293e-10,9.736052323637911e-15,6.629183686148926e-15,4.5891495824532794e-15,2.448114797645248e-11,3.4683894785293856e-11,3.4683894843548354e-11
4.752831911643994e-07,5.553757220944301e-17,1.6194357427950957e-14,1.217621430851816e-15,3.480893674282337e-11,9.56104840969781e-18,-3.585651198071217e-17,3.393054707117544e-18,3.480893808166489e-11,3.970600215130548e-18,-1.0781745858864512e-15,2.773730179051791e-17,-3.990875050859128e-18,-3.552258978966579e-17,5.553757220944301e-17,3.480893808166489e-11,4.4369078684585655e-14,-1.0781745858864512e-15,3.0094967849251504e-07,3.4808938046961145e-11,1.4358664844162076e-14,-5.914206048705956e-18,-2.3952794775541024e-17,4.004743493571967e-18,3.6554781262796215e-14,-1.7324191169064671e-16,-1.741870731861712e-17,-9.004618451007208e-17,3.480891986111684e-11,-7.928060116893824e-15,1.2176246257871576e-15,3.480893808166489e-11,4.004743493571967e-18,-4.023266967322451e-18,6.068319780552655e-16,-3.51926191956718e-17,3.480896699875816e-11,3.480896698087513e-11,-3.996798779194655e-18,-6.052502501113989e-18,3.4808938007541103e-11,6.928938659071551e-08,5.5219945683938113e-17,5.524970399824949e-17,-1.7405103754094274e-17,3.480893810249362e-11,1.161853611106144e-15,-2.4155260719249888e-17,3.480893808166489e-11,-3.9456400303890766e-18,1.6194357444235397e-14,9.587532479421236e-18,-1.0476632575109073e-15,-1.0781450115689707e-15,-3.585651198071217e-17,-2.3919756565994986e-17,-1.5057685075672067e-17,-4.6613239991824335e-17,3.480893809023788e-11,3.4808938046961145e-11
0.9999999647494271,3.501177746611043e-11,3.4826284059824265e-11,3.485994680693421e-11,1.0000003177130525,3.488037851527679e-11,4.13457268087222e-11,3.4272252831146513e-11,1.0000003339466537,3.4701290431389445e-11,3.468389440620758e-11,3.462911460725374e-11,3.4927259026776997e-11,3.464019913842348e-11,3.5011777975876165e-11,1.0000003339466543,3.466031490162426e-11,3.468389477843003e-11,3.4808938046961145e-11,1.0000006348962742,3.7860657634219076e-11,3.513374535052374e-11,3.505442971641074e-11,3.4701290162091536e-11,3.41578285153751e-11,3.489804648207547e-11,3.423724474829595e-11,3.49757055541123e-11,1.0000001773323566,3.777731324432405e-11,3.485994663658797e-11,1.000000333946653,3.470129051508202e-11,3.492725905430324e-11,3.448846892372774e-11,3.828965773124194e-11,1.000000265856447,1.0000002658564424,3.4927259383014897e-11,3.852523330609159e-11,1.0000003339466548,0.9999991795623067,3.50850616233415e-11,3.508506136906356e-11,3.4237244640663225e-11,1.000000333946656,3.480155197547674e-11,3.4982732789896796e-11,1.0000003339466543,3.4927259126654435e-11,3.48262842399218e-11,3.4880378584801686e-11,3.487014096842931e-11,3.468389424524239e-11,4.134572664691693e-11,3.505443014020642e-11,4.655696880622935e-11,3.385686243037691e-11,1.0000003339466543,1.0000003339466557
4.813578341365648e-07,5.960837185407483e-17,1.739284593772013e-14,1.3016073642793378e-15,7.536417461153691e-08,1.02485850124729e-17,-3.8221469948925166e-17,3.634415364068279e-18,3.78606576654667e-11,4.366836374043388e-18,-1.1523969535989894e-15,2.958694402305642e-17,-4.046377357427314e-18,-3.802142374451044e-17,5.941485706185943e-17,3.78606576654667e-11,2.3966066450905383e-17,-1.1523635315944504e-15,1.4358664844162076e-14,3.7860657634219076e-11,3.009496808363663e-07,-6.428508945994356e-18,-2.5471920320551463e-17,4.3569038453340295e-18,3.9154590119452237e-14,-1.8510244852625005e-16,-1.852647657085282e-17,-9.608440528805424e-17,3.786063799155094e-11,-8.38513130462882e-15,1.3016927317018626e-15,3.78606576654667e-11,4.366836374043388e-18,-4.046377357412913e-18,6.487283886206954e-16,-3.7584349772879154e-17,3.786068846371079e-11,3.7860688440060844e-11,-4.072427978173601e-18,-6.406686494571964e-18,3.7860657584491014e-11,7.536402713211585e-08,5.895423491961895e-17,5.895423491961895e-17,-1.8504526454515993e-17,3.786065763587544e-11,1.2418367419885831e-15,-2.5812998386759037e-17,3.78606576654667e-11,-4.1864936323778365e-18,1.739284595551189e-14,1.0182241824014272e-17,-1.1198021359304533e-15,-1.1523969535989894e-15,-3.8333757158997845e-17,-2.5471920320551463e-17,-1.5940490861046462e-17,-4.974291616946904e-17,3.78606576654667e-11,3.7860657584491014e-11
4.759299190079744e-07,-1.0219425301879555e-16,-8.83073669826091e-18,-2.3893847719749954e-15,3.513374623295062e-11,-1.1321892150759563e-17,7.902880093768409e-17,3.953035507524906e-19,3.5133745365352515e-11,-1.375411501122935e-15,2.129151497124292e-15,-4.7179570720620715e-17,1.5117571441355028e-17,7.726425361556953e-17,-1.0226344717680575e-16,3.5133745383828124e-11,-3.6744412790738194e-17,2.1290921788154473e-15,-5.914206048705956e-18,3.513374535052374e-11,-6.428508945994356e-18,3.00949704279743e-07,5.4211860776846025e-17,-1.3754115577803502e-15,-2.907289897287458e-17,3.4837418298531212e-16,4.134572192547474e-17,1.8428133490913197e-16,3.5133765197053636e-11,1.5581448938558975e-17,-2.3893573031696545e-15,3.51337453473779e-11,-1.3754114821348593e-15,1.5117571441355028e-17,-1.1871847634881205e-15,7.702538431740937e-17,3.5133681625844416e-11,3.5133681625844416e-11,1.5117571441355028e-17,2.0063349529791474e-17,3.5133745365352515e-11,6.993611449104075e-08,-1.0150711705721989e-16,-1.0150711705721989e-16,4.1330801411615926e-17,3.5133745378577867e-11,-2.2794029118802348e-15,5.4748807077232925e-17,3.5133745365352515e-11,1.5125164355137925e-17,-8.769121438338287e-18,-1.1321892150759563e-17,2.0692219780030662e-15,2.1291163183382365e-15,7.902880093768409e-17,5.4335947975828524e-17,3.903918484135684e-17,9.861824439660852e-17,3.513374535052374e-11,3.51337453588306e-11
4.757722860112772e-07,-3.2396726254434904e-16,-3.2616944558720395e-17,-7.450279607916954e-15,3.505443359466323e-11,-4.1203917206816134e-17,2.402999079107575e-16,-3.780867894430671e-18,3.505442971641074e-11,-7.38047533093602e-18,6.629178738288444e-15,-3.0377818674474867e-13,4.1687498404054263e-17,2.3569016053458314e-16,-3.2391926524737217e-16,3.505442974239333e-11,-1.1951425702099211e-16,6.6291932082795174e-15,-2.3952794775541024e-17,3.505442971641074e-11,-2.5471920320551463e-17,5.4211860776846025e-17,3.0094999253920437e-07,-7.331342284547952e-18,-1.905501882453156e-13,1.079891619394119e-15,1.2374461630446074e-16,5.688586427615647e-16,3.505450317133438e-11,4.295468950472652e-17,-7.450218250025864e-15,3.505442971641074e-11,-7.363771871297997e-18,4.1644942532311966e-17,-3.704286266466494e-15,2.34350999977294e-16,3.50542359780435e-11,3.505423599790074e-11,4.161641742050487e-17,5.690292500259639e-17,3.505442980325059e-11,6.977848159488015e-08,-3.209122104240355e-16,-3.207938829418941e-16,1.2374461630446074e-16,3.505442971641074e-11,-7.107592327553224e-15,3.2932788990383044e-13,3.505442972209251e-11,4.161641742050487e-17,-3.270960584594918e-17,-4.121565633820029e-17,6.44218144798024e-15,6.629123214575853e-15,2.4017295232112434e-16,3.2652931796673305e-13,1.1526929402606577e-16,3.0229776216837156e-16,3.505442973816228e-11,3.5054429754746935e-11
4.750689490053702e-07,2.205075415118411e-17,4.463032398979681e-18,4.506911925800446e-16,3.470128941030302e-11,1.0021156862415009e-14,-1.1408968141363178e-17,2.7814265493570403e-18,3.470129011332636e-11,5.936342296960038e-15,-3.962935463733394e-16,1.175735944368456e-17,5.03990951175459e-20,-1.1581227075269606e-17,2.2091776332374405e-17,3.4701290148081384e-11,9.697248601622394e-18,-3.9632352554371597e-16,4.004743493571967e-18,3.4701290162091536e-11,4.3569038453340295e-18,-1.3754115577803502e-15,-7.331342284547952e-18,3.0094967179309895e-07,8.262286074116303e-18,-6.242829204270277e-17,-4.920482742364582e-18,-3.168105561763839e-17,3.4701280041285194e-11,1.7388492364794198e-19,4.506460795877289e-16,3.4701290145428545e-11,5.936342317044993e-15,5.03990951175459e-20,2.253862273579808e-16,-1.1290788954573915e-17,3.470129938785813e-11,3.470129938785813e-11,2.2456365977238664e-19,-6.395555636955505e-19,3.4701290162091536e-11,6.907514447276025e-08,2.200076493605853e-17,2.200121917435671e-17,-4.91762915132194e-18,3.4701290162091536e-11,4.301434646918122e-16,-7.321494907843192e-18,3.470129011332636e-11,5.03990951175459e-20,4.556838516476072e-18,1.002115683675297e-14,-3.849954322023773e-16,-3.9630231513940605e-16,-1.1381233650539165e-17,-7.397260543774912e-18,-3.541895325957855e-18,-1.5710224729678824e-17,3.4701290162091536e-11,3.470129019520103e-11
4.739869524007448e-07,3.991348946780855e-13,4.7117433695577927e-14,4.5272923473126055e-15,3.415782532870607e-11,2.884107522815735e-17,-1.4132502075269588e-16,6.102590870779741e-18,3.41578284521255e-11,8.268988044293944e-18,-4.0210731951398815e-15,1.9204605054592867e-13,-2.1352059150088502e-17,-2.771504694342441e-13,3.9913489434774673e-13,3.415782855272889e-11,1.52088356119511e-13,-4.02109952108404e-15,3.6554781262796215e-14,3.41578285153751e-11,3.9154590119452237e-14,-2.907289897287458e-17,-1.905501882453156e-13,8.262286074116303e-18,3.009497892064801e-07,-6.518478883725827e-16,-7.132750694641145e-17,-3.415041277482384e-16,3.415777532566992e-11,-4.379576166058589e-14,4.527264005365228e-15,3.41578285153751e-11,8.266161236296137e-18,-2.1413983627456797e-17,2.2528666719578093e-15,-2.7487561571663744e-13,3.415794244562601e-11,3.4157942407599324e-11,-2.1384827690722595e-17,-3.020334530309279e-17,3.4157828507601846e-11,6.79931477030355e-08,1.9876823882926287e-16,1.9876310450624617e-16,-7.132286661895343e-17,3.41578284712336e-11,4.319166702927619e-15,-1.9226559498472956e-13,3.41578284521255e-11,-2.1377331300794133e-17,4.711743371199244e-14,2.888608315640889e-17,-3.907534591092412e-15,-4.021039904915588e-15,-1.412909572163304e-16,-1.9055018823365494e-13,-6.479163892081102e-17,-1.7980081753450545e-16,3.41578284521255e-11,3.415782855974159e-11
4.754630812521743e-07,-2.1735081360977146e-15,-2.3160140127155745e-16,-4.9683423010197465e-14,3.4898075640029135e-11,-2.884070665254253e-16,3.155440135483321e-12,-3.8796407543049504e-17,3.4898046449499587e-11,-6.238198489936567e-17,4.41818813302821e-14,-1.0313034397134088e-15,2.6339251332741615e-16,3.099501483652206e-12,-2.1732943678934726e-15,3.4898046449499587e-11,-8.108015358107617e-16,4.418192972021234e-14,-1.7324191169064671e-16,3.489804648207547e-11,-1.8510244852625005e-16,3.4837418298531212e-16,1.079891619394119e-15,-6.242829204270277e-17,-6.518478883725827e-16,3.0096396372954566e-07,1.614407567193647e-12,7.521368455019862e-12,3.489856679660567e-11,2.723858963721904e-16,-4.9683423010197465e-14,3.489804648207547e-11,-6.239671038660995e-17,2.6339251332741615e-16,-2.470967896855857e-14,1.5477816328574356e-15,3.4896768144128136e-11,3.4896768330760155e-11,2.634394384341119e-16,3.638911100547654e-16,3.489804648207547e-11,6.946927659333538e-08,-2.153515294745026e-15,-2.153932536225461e-15,1.6144075671599246e-12,3.4898046449499587e-11,-9.433663695876723e-11,1.0892912129868366e-15,3.4898046449499587e-11,2.634419882560479e-16,-2.3160146181445955e-16,-2.8835622057246143e-16,4.293535418089602e-14,4.418192972021234e-14,3.1554401354551718e-12,1.079891619394119e-15,7.488492552716525e-16,3.984406935327968e-12,3.48980464526711e-11,3.489804647289749e-11
4.741455345819314e-07,-2.42670441711882e-16,-2.3918551828557593e-17,-1.1129180633953951e-11,3.4237247566533924e-11,-3.03773803066318e-17,1.80951820108128e-16,-4.593445005955284e-15,3.4237244812743366e-11,-4.9440940180699094e-18,9.904671807880722e-12,-1.14061370949508e-16,3.180220753748927e-17,1.7742442286366027e-16,-2.42670441711882e-16,3.423724476998978e-11,-8.921113245964612e-17,9.90467180795067e-12,-1.741870731861712e-17,3.423724474829595e-11,-1.852647657085282e-17,4.134572192547474e-17,1.2374461630446074e-16,-4.920482742364582e-18,-7.132750694641145e-17,1.614407567193647e-12,3.009498518077312e-07,4.275714241473062e-16,3.423729868861193e-11,3.293933652912809e-17,-1.1129180633918984e-11,3.423724480124848e-11,-4.927568695989937e-18,3.1817434633961173e-17,-5.532979446675255e-12,1.765583661136352e-16,3.423709882719049e-11,3.4237098866030114e-11,3.1817434633961173e-17,4.329609916006289e-17,3.423724480124848e-11,6.815173072835486e-08,-2.403128219109334e-16,-2.403128219109334e-16,1.8587356057313318e-13,3.4237244811230375e-11,-1.0617229211255335e-11,1.247755608215363e-16,3.4237244741752735e-11,3.1817434633961173e-17,-2.3946300413689586e-17,-3.041151307556969e-17,9.62536074264542e-12,9.904671807854022e-12,1.80951820108128e-16,1.2374461630446074e-16,8.707615943445188e-17,4.526649161761057e-13,3.423724480124848e-11,3.4237244741752735e-11
4.7561650281157306e-07,-1.141645476480396e-15,-1.2047083556202478e-16,-2.6120149586842947e-14,3.4975720632812106e-11,-1.5056850150141108e-16,1.6616982990429546e-12,-1.928733631023277e-17,3.4975705568967105e-11,-3.168105561763839e-17,2.3229794571216045e-14,-5.41088927492785e-16,1.3969066247413817e-16,1.6318531881483008e-12,-1.1416529697556361e-15,3.497570553370814e-11,-4.251399790788057e-16,2.3229866940834846e-14,-9.004618451007208e-17,3.49757055541123e-11,-9.608440528805424e-17,1.8428133490913197e-16,5.688586427615647e-16,-3.168105561763839e-17,-3.415041277482384e-16,7.521368455019862e-12,4.275714241473062e-16,3.009536225844801e-07,3.4975976535297676e-11,1.4443207893936427e-16,-2.6120140856714167e-14,3.4975705568967105e-11,-3.168105561763839e-17,1.3969066247413817e-16,-1.299012446537704e-14,8.148914405823375e-16,3.497503229900971e-11,3.497503229900971e-11,1.3978310891212224e-16,1.9271556622976822e-16,3.497570558039247e-11,6.962269816142106e-08,-1.1311105404407284e-15,-1.1310568014339224e-15,4.2755381237469987e-16,3.497570556869286e-11,-2.491903922753961e-14,5.738228864401617e-16,3.497570558039247e-11,1.3971186990431787e-16,-1.2043276612390703e-16,-1.5056850150141108e-16,2.2574482560326392e-14,2.322975372223937e-14,1.6616982990147929e-12,5.688586427615647e-16,3.9527106965749757e-16,2.0970404829643187e-12,3.497570556869286e-11,3.497570559425395e-11
0.999999808135418,3.501161282621079e-11,3.4826261488588166e-11,3.4856305066118093e-11,1.000000161098762,3.48803518531055e-11,4.1345836170222123e-11,3.4272244413517254e-11,1.0000001773323548,3.470128031259152e-11,3.468712224523297e-11,3.462903365876513e-11,3.492727271809864e-11,3.4640307589142226e-11,3.501161330735818e-11,1.0000001773323577,3.4660250002363367e-11,3.468712263912411e-11,3.480891986111684e-11,1.0000001773323566,3.786063799155094e-11,3.5133765197053636e-11,3.505450317133438e-11,3.4701280041285194e-11,3.415777532566992e-11,3.489856679660567e-11,3.423729868861193e-11,3.4975976535297676e-11,1.0000003216677806,3.777732712876967e-11,3.48563050547306e-11,1.0000001773323561,3.470128044082162e-11,3.4927272812489515e-11,3.448665501568689e-11,7.621834413587641e-08,1.0000001092419728,1.0000001092419686,3.492727306972583e-11,7.668710046584478e-08,1.0000001773323564,0.999999022948368,3.5084898389276024e-11,3.508489818309874e-11,3.423729851448674e-11,1.0000001773323575,3.479807758348626e-11,3.498280688159137e-11,1.0000001773323561,3.4927272775561645e-11,3.4826261750844377e-11,3.4880351868747326e-11,3.48732775730218e-11,3.46871221206919e-11,4.134583611557262e-11,3.5054503524318105e-11,9.267486117265755e-08,3.3857003591079686e-11,1.0000001773323561,1.0000001773323581
