0.9999999812902656,0.9999484522222538,0.9999484793352793,-1.045542038955824e-05,0.9999484123703368,-1.0465355383204661e-05,-1.0606805043855138e-05,-1.0876693692103678e-05,-1.0871847838480845e-05,-1.0491557405712565e-05,-1.0588078816500678e-05,0.9999490712301241,0.9999490712301229,-1.0876693693621165e-05,-1.0455420389606068e-05,-1.0421055452859737e-05,-1.0455420388113215e-05,0.9999484809439584,0.9999484416175269,0.9999490503726838,-1.0485856226296897e-05,-1.0439559305073477e-05,-1.0529534771899837e-05,-1.0686707657870622e-05,-1.0520468857280184e-05,-1.0876693690554174e-05,-1.042852179760255e-05,-1.042840504627903e-05,-1.0620443571717151e-05,0.9999490319392346,-1.042105545430106e-05,-1.0639182616646468e-05,-1.1139083899265973e-05,-1.062840278152448e-05,-1.0465355384205185e-05,0.9999490962523182,0.9999488403945503,0.9999484123703348,0.9999484376099048,-1.038256438946449e-05,0.9999484478674912,-1.0876693692102401e-05,-1.0435763128523614e-05,-1.0485856226191204e-05,0.999948515970984,0.9999484413578509,-1.057875472693145e-05,-1.0876693692118554e-05,-1.0455420389242659e-05,0.9999484809439574,-1.0611127656152343e-05,-1.0876693693622419e-05,-1.0876693691411031e-05,-1.052744745670386e-05,-1.0364559014649e-05,-1.0421055453698376e-05,-1.0556006843335398e-05,-1.0556006843354686e-05,-1.0875603318564837e-05,-1.03804377944371e-05,0.9999485159709837,-1.0588078817155472e-05,-1.0920947784795796e-05
0.9999484522222538,0.9999228373204798,0.9999230719499099,-4.702936492845328e-10,0.9999230049869812,-4.752832931018882e-10,-5.463233344330623e-10,-6.818688638542368e-10,-6.794351322110037e-10,-4.884425024285345e-10,-5.369182260405612e-10,0.9999236638274527,0.9999236638274527,-6.818688637833752e-10,-4.702936487651383e-10,-4.5303457111010174e-10,-4.702936488960537e-10,0.999923073558557,0.9999230342332691,0.999923642970573,-4.855793211971086e-10,-4.623276479079374e-10,-5.075159574278327e-10,-5.864523503571631e-10,-5.02962786470282e-10,-6.818688631912923e-10,-4.56784395080603e-10,-4.567257577839191e-10,-5.53172997947296e-10,0.9999236245377137,-4.530345715093565e-10,-5.625841813095049e-10,-8.136484705630013e-10,-5.571702376899813e-10,-4.752832931986467e-10,0.999923688848998,0.9999234329984688,0.9999230049869794,0.999923030225779,-4.337032428383075e-10,0.9999230404830701,-6.818688636564638e-10,-4.604211041854768e-10,-4.855793211422385e-10,0.9999231085845357,0.999923033973631,-5.32235527030306e-10,-6.818688637091241e-10,-4.702936493837228e-10,0.9999230735585567,-5.484940313242906e-10,-6.818688634843868e-10,-6.818688637432388e-10,-5.06467641975785e-10,-4.246604203987947e-10,-4.5303457128067093e-10,-5.208110006395346e-10,-5.208110009346875e-10,-6.813212452612763e-10,-4.3263520451933275e-10,0.9999231085845355,-5.369182255590798e-10,-1.4018910468566588e-06
0.9999484793352793,0.9999230719499099,0.999922891544887,-4.702936666368632e-10,0.9999230320991813,-4.75283310065066e-10,-5.463233535480443e-10,-6.81868887568061e-10,-6.794351559916982e-10,-4.884425207400558e-10,-5.369182459424562e-10,0.999923690939653,0.999923690939653,-6.818688876559653e-10,-4.702936659799041e-10,-4.530345877571815e-10,-4.702936657697771e-10,0.9999231006707573,0.9999230613454678,0.9999236700827736,-4.855793390353721e-10,-4.6232766528871864e-10,-5.075159755387575e-10,-5.864523722804987e-10,-1.0014271929455653e-06,-6.818688869479779e-10,-4.5678441162172254e-10,-4.567257745448605e-10,-5.531730175620288e-10,0.9999236516499128,-4.5303458813046755e-10,-5.625842012688812e-10,-1.6200198573306665e-06,-5.571702573549504e-10,-4.752833102589988e-10,0.9999237159611974,0.9999234601106699,0.9999230320991803,0.9999230573379796,-4.3370325896770807e-10,0.9999230675952705,-6.818688873725917e-10,-4.604211214499085e-10,-4.855793387999394e-10,0.9999231356967353,0.9999230610858301,-5.322355463166065e-10,-6.818688873296703e-10,-4.702936663154288e-10,0.9999231006707567,-5.484940517884434e-10,-6.818688873103114e-10,-6.818688872208829e-10,-5.064676600859449e-10,-4.2466043654049147e-10,-4.530345878746072e-10,-5.208110190485125e-10,-5.208110194249765e-10,-6.813212690360526e-10,-4.3263522078090536e-10,0.9999231356967347,-5.369182456299623e-10,-1.401891098531325e-06
-1.045542038955824e-05,-4.702936492845328e-10,-4.702936666368632e-10,-2.0751776325748942e-07,-4.702936232769742e-10,3.870597823335472e-16,4.538753991044858e-16,5.661910399981393e-16,5.634863679539072e-16,3.866838223048143e-16,4.271883902333651e-16,-4.702940614829706e-10,-4.702940614816856e-10,5.659980009510591e-16,7.605659107828641e-13,3.637799142027769e-16,7.605659106301001e-13,-4.70293667674412e-10,-4.702936413574727e-10,-4.702940458372718e-10,3.915596748145733e-16,3.6681890540394e-16,4.1423431146267753e-16,4.681710162506935e-16,8.147300843755397e-13,5.661910399981393e-16,3.682809979392394e-16,3.6822356934436616e-16,9.171495215089316e-13,-4.702940353118356e-10,3.6394030325092227e-16,4.630395431902381e-16,6.755463993049442e-16,4.5742202515447955e-16,3.872342431178068e-16,-9.363819295583249e-07,-4.702939018526626e-10,-4.702936232549949e-10,-4.702936391464701e-10,3.4428590334249957e-16,-4.702936460695126e-10,5.661910399981393e-16,3.6565030878981024e-16,3.919045678534331e-16,-4.70293690418131e-10,-4.702936421629548e-10,4.3113577471652354e-16,5.659538668435262e-16,7.605659102970015e-13,-4.702936678324516e-10,4.3995341458621096e-16,5.660791872915763e-16,5.660686958262796e-16,4.1272408484730984e-16,3.3488367204956137e-16,3.637799142027769e-16,4.275263668099379e-16,4.275263668099379e-16,5.654507190842893e-16,3.432461242037169e-16,-4.702936902138375e-10,4.272254272033404e-16,5.635446591440104e-16
0.9999484123703368,0.9999230049869812,0.9999230320991813,-4.702936232769742e-10,0.9999227576190175,-4.75283266939789e-10,-5.463233056131174e-10,-6.818688278062338e-10,-6.794350962738465e-10,-4.884424743360991e-10,-5.369181950957067e-10,0.9999236239767281,0.9999236239767281,-6.818688276990098e-10,-4.702936228302132e-10,-4.5303454582799954e-10,-4.702936228942807e-10,0.9999230337078283,0.9999229943825396,0.9999236031198478,-4.85579294050125e-10,-4.623276217132208e-10,-5.075159297674221e-10,-5.864523170836384e-10,-5.029627586429708e-10,-6.8186882720844e-10,-4.5678436961422806e-10,-4.5672573252744673e-10,-5.53172969024765e-10,0.9999235846869879,-4.530345460916674e-10,-5.625841511827387e-10,-8.136484276501146e-10,-5.571702075058934e-10,-4.752832671100681e-10,0.9999236489982738,0.9999233931477401,0.9999229651362516,0.9999229903750511,-4.33703217725705e-10,0.999923000632343,-6.818688276483265e-10,-4.6042107759413676e-10,-4.855792940165314e-10,0.9999230687338062,0.9999229941229024,-5.322354976645485e-10,-6.818688275689104e-10,-4.702936233551904e-10,0.9999230337078283,-5.484940006994702e-10,-6.81868827473038e-10,-6.818688275070014e-10,-5.064676141843236e-10,-4.2466039590436924e-10,-4.530345458112953e-10,-5.208109724324404e-10,-5.20810972939597e-10,-6.813212092986652e-10,-4.3263517966810097e-10,0.9999230687338078,-5.3691819478523e-10,-7.040941328824418e-10
-1.0465355383204661e-05,-4.752832931018882e-10,-4.75283310065066e-10,3.870597823335472e-16,-4.75283266939789e-10,-2.075177436402016e-07,9.152850130578917e-13,5.735386413014285e-16,5.708222915688595e-16,3.9253530194020293e-16,4.334260000165311e-16,-4.752837074376815e-10,-4.752837074204634e-10,5.734232698091934e-16,3.872944638405482e-16,3.692390378528008e-16,3.8710537433420503e-16,-4.752833117749691e-10,-4.752832850523464e-10,-4.752836917401835e-10,3.9709281616129757e-16,3.7233274063287074e-16,4.197112037871907e-16,4.745453282893015e-16,4.145540150705374e-16,5.732771423664861e-16,7.433171470431594e-13,7.430295526053599e-13,4.666551124296331e-16,-4.752836811379739e-10,3.6886843088971293e-16,4.690698193279801e-16,6.84172692900858e-16,9.230302170830312e-13,7.811440084086908e-13,-9.463165946965526e-07,-4.752835470784805e-10,-4.75283266953105e-10,-4.752832827883972e-10,3.489222873667602e-16,-4.752832900169747e-10,5.733345900589125e-16,3.706707257598598e-16,3.968807666938768e-16,-4.752833342914854e-10,-4.752832859166434e-10,4.3711296043686814e-16,5.733932051329827e-16,3.8725618318722367e-16,-4.752833116863189e-10,4.462566236226124e-16,5.735386413014285e-16,5.733932051329827e-16,8.327217148612973e-13,3.4003205890164303e-16,3.688466631740641e-16,4.329995066003966e-16,4.3333083135896593e-16,5.727003523039273e-16,3.479959183825019e-16,-4.752833342914854e-10,4.3318481924742067e-16,5.714685198826318e-16
-1.0606805043855138e-05,-5.463233344330623e-10,-5.463233535480443e-10,4.538753991044858e-16,-5.463233056131174e-10,9.152850130578917e-13,-2.0751745107991132e-07,6.70095494539795e-16,6.673146256980046e-16,4.61558106605582e-16,5.093452922807206e-16,-5.463237929805789e-10,-5.463237929819195e-10,6.700569169344125e-16,4.539333879937646e-16,4.330557574446013e-16,4.537853556485017e-16,-5.463233552159919e-10,-5.46323325747003e-10,-5.463237756845319e-10,9.274509329279769e-13,4.380776605721625e-16,9.78817621729532e-13,5.57811101620882e-16,4.859495470540809e-16,6.700387288541503e-16,8.722401683419383e-13,8.719361792023266e-13,1.085136683156638e-12,-5.46323763812012e-10,4.3311463246093093e-16,1.09268597008825e-12,7.995642232572311e-16,1.0802792750290583e-12,9.152850133532176e-13,-1.0877613959736515e-06,-1.087761001801531e-06,-5.463233055925116e-10,-5.463233232749589e-10,4.105363160073889e-16,-5.463233310073054e-10,6.700387288541503e-16,4.3509829424387896e-16,9.274509325032396e-13,-5.46323380225591e-10,-5.463233264611981e-10,5.124668473842338e-16,6.70095494539795e-16,4.538095496905792e-16,-5.463233552698729e-10,5.236851779352947e-16,6.700826029561021e-16,6.701756116691191e-16,9.75663867435479e-13,4.000937520238195e-16,4.3308935193525933e-16,1.0096967928244832e-12,1.0096967927058204e-12,6.692689345343069e-16,4.092002775616767e-16,-5.463233804004946e-10,5.094691314627785e-16,6.711823591757501e-16
-1.0876693692103678e-05,-6.818688638542368e-10,-6.81868887568061e-10,5.661910399981393e-16,-6.818688278062338e-10,5.735386413014285e-16,6.70095494539795e-16,-2.0751685667321165e-07,1.65729923021273e-12,5.756697630591406e-16,6.355138937857617e-16,-1.3576403431738063e-06,-1.3576403431738066e-06,1.6644808901319872e-12,5.659538668435262e-16,5.403051372305054e-16,5.659538668435262e-16,-6.818688896395835e-10,-6.818688528647765e-10,-1.357640300329602e-06,5.810470117437086e-16,5.46120754641171e-16,6.132353318837588e-16,6.959032445468896e-16,6.06061593791978e-16,1.6644808893726322e-12,5.463403942075904e-16,5.462110882764502e-16,6.798478509051263e-16,-1.3576402707489058e-06,5.40239848435575e-16,6.846887137068051e-16,1.9859582280057917e-12,6.766286647193775e-16,5.733345900589125e-16,-1.3576403958744807e-06,-6.818692157104743e-10,-6.818688278062338e-10,-6.818688496454291e-10,5.122979871608625e-16,-6.818688594291527e-10,1.6644808895693182e-12,5.434502982650329e-16,5.809842483393835e-16,-6.818689212472975e-10,-6.818688540336259e-10,6.393316328670092e-16,1.6644808898399975e-12,5.659368002580255e-16,-6.818688896504376e-10,6.534036602563762e-16,1.6644808902743625e-12,1.6644808901145225e-12,6.113375084922464e-16,4.989279054624201e-16,5.403051372305054e-16,6.32517149716371e-16,6.325618568970863e-16,1.6627788460686059e-12,5.107032108420137e-16,-6.818689210921933e-10,6.355449415190244e-16,8.372946937943439e-16
-1.0871847838480845e-05,-6.794351322110037e-10,-6.794351559916982e-10,5.634863679539072e-16,-6.794350962738465e-10,5.708222915688595e-16,6.673146256980046e-16,1.65729923021273e-12,-2.0751687389133677e-07,5.731347502052756e-16,6.325169207872521e-16,-1.352794645207999e-06,-1.3527946452079997e-06,1.6572992304148646e-12,5.634863679539072e-16,5.37708087083041e-16,5.635252681407092e-16,-6.794351578894403e-10,-6.794351214311746e-10,-1.3527946024188249e-06,5.78357543828818e-16,5.434152979039731e-16,6.10463411914516e-16,6.92625382237382e-16,6.034372646372842e-16,1.6572992296604743e-12,5.440677017840271e-16,5.437708384935541e-16,6.771018108782218e-16,-1.3527945729132597e-06,5.376567671566356e-16,6.81806670883063e-16,1.977387915311182e-12,1.3417266039951346e-12,5.709108547365848e-16,-1.352794697846819e-06,-6.794354837058479e-10,-6.794350962738465e-10,-6.794351183731766e-10,5.100709882094713e-16,-6.794351278671207e-10,1.6572992298532092e-12,5.412160393481042e-16,5.782915086870971e-16,-6.794351894080025e-10,-6.794351224143656e-10,6.365049082880202e-16,1.6572992301238812e-12,5.634887303899525e-16,-6.794351578894403e-10,6.502917795807252e-16,1.6572992305592416e-12,1.6572992304003665e-12,6.083569450538442e-16,4.970471070700911e-16,5.376567671566356e-16,6.29810664780044e-16,6.298397495627936e-16,1.6556017659747963e-12,5.079508956602789e-16,-6.794351895732452e-10,6.324473764277596e-16,8.334294987750472e-16
-1.0491557405712565e-05,-4.884425024285345e-10,-4.884425207400558e-10,3.866838223048143e-16,-4.884424743360991e-10,3.9253530194020293e-16,4.61558106605582e-16,5.756697630591406e-16,5.731347502052756e-16,-2.0751774868783502e-07,4.315171569346397e-16,-4.884429505083447e-10,-4.88442950497974e-10,5.75661382980866e-16,3.8697613243545405e-16,3.67061979942887e-16,3.866838223048143e-16,-4.884425224600374e-10,-9.72516441903881e-07,-4.88442933273557e-10,3.9613076727336707e-16,3.7038940407088406e-16,4.197265171583031e-16,4.724126442371595e-16,4.144805563240582e-16,5.757483202051674e-16,3.7221828501157897e-16,3.7172840288862524e-16,4.6866818436270315e-16,-4.884429220344305e-10,3.6767791782688953e-16,4.698436313468609e-16,6.87004029282372e-16,4.643052846397102e-16,3.9253530194020293e-16,-9.725173938262939e-07,-4.884427763062777e-10,-4.884424743450319e-10,-4.884424913811545e-10,3.4753236885332093e-16,-9.725164523170544e-07,5.756961747319767e-16,3.686109688437364e-16,3.9613076727336707e-16,-4.884425468804018e-10,-4.884424947449191e-10,4.3656855525680053e-16,5.75661382980866e-16,3.866838223048143e-16,-4.884425224600374e-10,4.444509225719733e-16,5.756961747319733e-16,5.757483202051616e-16,4.1837730583427568e-16,3.3750497415294512e-16,3.67061979942887e-16,4.340148789356205e-16,4.3405211670450067e-16,5.75079088506558e-16,3.460016273759694e-16,-4.884425468804018e-10,4.314931305927669e-16,5.69057224678186e-16
-1.0588078816500678e-05,-5.369182260405612e-10,-5.369182459424562e-10,4.271883902333651e-16,-5.369181950957067e-10,4.334260000165311e-16,5.093452922807206e-16,6.355138937857617e-16,6.325169207872521e-16,4.315171569346397e-16,-2.0751757378761756e-07,-1.0690353192199246e-06,-1.0690353192199246e-06,6.355449415190244e-16,4.2751610996918774e-16,4.068867234249555e-16,4.271883902333651e-16,-5.369182476615162e-10,-5.369182164652601e-10,-5.369186952835229e-10,4.377248934617448e-16,4.093556281353692e-16,4.635386890624233e-16,5.223787152686961e-16,4.576170836307945e-16,6.355449415190244e-16,4.117048163294351e-16,4.117919546977755e-16,5.172533471977567e-16,-1.0690352575069803e-06,4.068867234249555e-16,5.18966123587688e-16,7.581875168371281e-16,5.129928706962744e-16,4.333699802878272e-16,-1.069035365325371e-06,-5.369185245062072e-10,-5.36918195265318e-10,-5.369182138075283e-10,3.8388331746624817e-16,-5.369182221514904e-10,6.35547525994855e-16,4.072181293355118e-16,4.377248934617448e-16,-5.369182743888134e-10,-5.369182175531042e-10,4.823513553309008e-16,6.35484296080993e-16,4.272254272033404e-16,-5.369182476431038e-10,4.914816918894728e-16,6.35547525994855e-16,6.355139111365639e-16,4.6173081529615e-16,3.733849904281615e-16,4.068867234249555e-16,4.795463230289765e-16,4.795863014545044e-16,6.346510356771191e-16,3.82918044267989e-16,-5.369182743888134e-10,9.494170303598092e-13,6.291753982683111e-16
0.9999490712301241,0.9999236638274527,0.999923690939653,-4.702940614829706e-10,0.9999236239767281,-4.752837074376815e-10,-5.463237929805789e-10,-1.3576403431738063e-06,-1.352794645207999e-06,-4.884429505083447e-10,-1.0690353192199246e-06,0.9999240752999904,0.999924282817102,-1.3576403430728428e-06,-4.702940610059335e-10,-4.530349765072184e-10,-4.702940610564553e-10,0.999923692548297,0.9999236532230169,0.9999242619602322,-4.855797523995212e-10,-4.623280703780621e-10,-5.075163982814475e-10,-1.1676606268192204e-06,-5.029632258498685e-10,-1.3576403423019865e-06,-4.567848009286411e-10,-4.567261638807832e-10,-5.531734600527868e-10,0.9999242435273682,-4.53034976902343e-10,-5.62584662312246e-10,-1.6200211624460033e-06,-5.571707159267699e-10,-4.752837075755408e-10,0.9999243078386333,0.9999240519881768,0.9999236239767268,0.9999236492155263,-4.337036388674789e-10,0.9999236594728153,-1.3576403429143464e-06,-4.604215250091255e-10,-4.855797522356108e-10,0.9999237275742737,0.999923652963376,-5.322359956875797e-10,-1.3576403429451619e-06,-4.702940615092342e-10,0.999923692548297,-5.484945235982587e-10,-1.3576403428172582e-06,-1.357640342745178e-06,-5.064680831842945e-10,-4.2466081240698055e-10,-4.5303497678159817e-10,-5.208114477760963e-10,-5.208114481388607e-10,-1.3565500039043052e-06,-4.3263560045318316e-10,0.9999237275742734,-1.0690353185481568e-06,-1.4018923086879044e-06
0.9999490712301229,0.9999236638274527,0.999923690939653,-4.702940614816856e-10,0.9999236239767281,-4.752837074204634e-10,-5.463237929819195e-10,-1.3576403431738066e-06,-1.3527946452079997e-06,-4.88442950497974e-10,-1.0690353192199246e-06,0.999924282817102,0.9999240752999908,-1.3576403430728421e-06,-4.702940610062436e-10,-4.53034976535094e-10,-4.702940610566884e-10,0.9999236925482967,0.9999236532230169,0.9999242619602322,-4.855797524461527e-10,-4.623280703759854e-10,-5.075163982719351e-10,-1.1676606268192204e-06,-5.02963225850797e-10,-1.3576403423019862e-06,-4.5678480093017006e-10,-4.567261638809884e-10,-5.531734601120415e-10,0.9999242435273679,-4.5303497689050673e-10,-5.625846622736585e-10,-1.6200211624460033e-06,-5.571707159190618e-10,-4.752837075719794e-10,0.9999243078386333,0.9999240519881766,0.9999236239767268,0.9999236492155263,-4.337036388550221e-10,0.9999236594728149,-1.3576403429143464e-06,-4.604215250103328e-10,-4.855797522120733e-10,0.9999237275742737,0.999923652963376,-5.322359957074942e-10,-1.3576403429451619e-06,-4.702940615089239e-10,0.9999236925482975,-5.484945236049962e-10,-1.3576403428172586e-06,-1.3576403427451784e-06,-5.064680832072314e-10,-4.246608124083065e-10,-4.5303497675648445e-10,-5.208114477626265e-10,-5.208114481408401e-10,-1.3565500039043047e-06,-4.3263560045240277e-10,0.9999237275742737,-1.0690353185481568e-06,-1.4018923086879048e-06
-1.0876693693621165e-05,-6.818688637833752e-10,-6.818688876559653e-10,5.659980009510591e-16,-6.818688276990098e-10,5.734232698091934e-16,6.700569169344125e-16,1.6644808901319872e-12,1.6572992304148646e-12,5.75661382980866e-16,6.355449415190244e-16,-1.3576403430728428e-06,-1.3576403430728421e-06,-2.0751685667321165e-07,5.660853015869674e-16,5.404122466660428e-16,5.661910399981393e-16,-6.818688895318842e-10,-6.818688529875279e-10,-1.3576403002286377e-06,5.811301320931727e-16,5.461657915818058e-16,6.133226738461613e-16,6.959032445468896e-16,6.061994049310817e-16,1.6644808895742054e-12,5.463247782024141e-16,5.461472936175587e-16,6.798601468649959e-16,-1.3576402706479413e-06,5.404628312963268e-16,6.846887137068051e-16,1.9859582282468805e-12,6.767382451647313e-16,5.732771423664861e-16,-1.3576403957735173e-06,-6.818692155956473e-10,-6.818688276135101e-10,-6.818688498070933e-10,5.122979871608625e-16,-6.818688594775684e-10,1.6644808897708922e-12,5.434502982650329e-16,5.809842483393835e-16,-6.818689209936025e-10,-6.818688538499554e-10,6.393316328670092e-16,1.6644808900415721e-12,5.659538668435262e-16,-6.818688895051759e-10,6.534036602563762e-16,1.6644808904759372e-12,1.6644808903160975e-12,6.112212907445186e-16,4.990289011483529e-16,5.401897928368991e-16,6.325321542831791e-16,6.325660227880594e-16,1.6627788462704048e-12,5.104762664277694e-16,-6.818689209236932e-10,6.355138937857617e-16,8.371881889944635e-16
-1.0455420389606068e-05,-4.702936487651383e-10,-4.702936659799041e-10,7.605659107828641e-13,-4.702936228302132e-10,3.872944638405482e-16,4.539333879937646e-16,5.659538668435262e-16,5.634863679539072e-16,3.8697613243545405e-16,4.2751610996918774e-16,-4.702940610059335e-10,-4.702940610062436e-10,5.660853015869674e-16,-2.0751776325748942e-07,3.639940615996608e-16,7.605659113248994e-13,-4.702936673975248e-10,-4.702936407101712e-10,-4.702940453360156e-10,3.915363457778905e-16,3.6681890540394e-16,4.14247194515607e-16,4.682895653912885e-16,8.147300851051804e-13,5.661205796784011e-16,3.6820338881453994e-16,3.681924011974463e-16,9.171495221020772e-13,-4.702940348396009e-10,3.640818068989241e-16,4.6309623550357e-16,6.755463993049442e-16,4.576015044127166e-16,3.8711483764336256e-16,-9.363819286109401e-07,-4.702939014040897e-10,-4.702936227704002e-10,-4.7029363846259e-10,3.4425524702419274e-16,-4.70293645556967e-10,5.661910399981393e-16,3.654907683716183e-16,3.9150849386860987e-16,-4.702936898012022e-10,-4.70293641669994e-10,4.3089813903375455e-16,5.661205796824308e-16,7.605659109918007e-13,-4.702936674008652e-10,4.4021864806888106e-16,5.660860694666044e-16,5.660491072053847e-16,4.126870672542093e-16,3.3521393219816235e-16,3.640150261959141e-16,4.2755398741934276e-16,4.276176676716198e-16,5.65659656615032e-16,3.4299833553198083e-16,-4.702936898997985e-10,4.271883902333651e-16,5.638505417088229e-16
-1.0421055452859737e-05,-4.5303457111010174e-10,-4.530345877571815e-10,3.637799142027769e-16,-4.5303454582799954e-10,3.692390378528008e-16,4.330557574446013e-16,5.403051372305054e-16,5.37708087083041e-16,3.67061979942887e-16,4.068867234249555e-16,-4.530349765072184e-10,-4.53034976535094e-10,5.404122466660428e-16,3.639940615996608e-16,-2.0751782922472817e-07,3.638632414303134e-16,-4.530345893598773e-10,-4.5303456327218007e-10,-4.530349610184136e-10,3.7287508332689426e-16,3.4877596663949293e-16,3.943873671794943e-16,4.455279844356013e-16,3.8965084243343e-16,5.403051372305054e-16,3.5090084991372523e-16,3.50331953280732e-16,4.3965665106505594e-16,-4.5303495077574467e-10,6.894387297120156e-13,4.4142004346275876e-16,6.445927716780433e-16,4.360760418626182e-16,3.6887544935602185e-16,-9.020181229633843e-07,-4.5303481930045145e-10,-4.5303454579445395e-10,-4.530345610058336e-10,3.266633339281159e-16,-4.5303456807673267e-10,5.403051372305054e-16,3.476243986680643e-16,3.7287508332874143e-16,-4.5303461148048636e-10,-4.530345642083494e-10,8.177198089277274e-13,5.40239848435575e-16,3.637799142027769e-16,-4.530345894630204e-10,4.1829834675554823e-16,5.401670000887327e-16,5.40224577577643e-16,3.9322869722065826e-16,3.1794888290966954e-16,6.894387301653955e-13,4.0771591409880096e-16,4.077431763154578e-16,5.394912028735735e-16,3.2598299084858707e-16,-4.5303461148048636e-10,4.068867234249555e-16,5.360043848693915e-16
-1.0455420388113215e-05,-4.702936488960537e-10,-4.702936657697771e-10,7.605659106301001e-13,-4.702936228942807e-10,3.8710537433420503e-16,4.537853556485017e-16,5.659538668435262e-16,5.635252681407092e-16,3.866838223048143e-16,4.271883902333651e-16,-4.702940610564553e-10,-4.702940610566884e-10,5.661910399981393e-16,7.605659113248994e-13,3.638632414303134e-16,-2.0751776325748942e-07,-4.702936674912701e-10,-4.702936408608257e-10,-4.702940454123177e-10,3.9139736465958743e-16,3.6681890540394e-16,4.1433365061092096e-16,4.681710162506935e-16,8.14730084944128e-13,5.661753202440991e-16,3.683660231507362e-16,3.6814256924688873e-16,9.17149521961415e-13,-4.702940349004911e-10,3.6394030325092227e-16,4.631927005038268e-16,6.753663771219141e-16,4.57567517571599e-16,3.8710449934403824e-16,-9.363819287109292e-07,-4.702939014349664e-10,-4.702936228113607e-10,-4.702936387870541e-10,3.4415595895536253e-16,-4.702936456174742e-10,5.659538668435262e-16,3.654907683716183e-16,3.9190441938826786e-16,-4.70293689889366e-10,-4.70293641769243e-10,4.3113577471652354e-16,5.659538668435262e-16,7.605659108390373e-13,-4.702936673378544e-10,4.399101024301906e-16,5.659368002580255e-16,5.662008604070224e-16,4.1265954790338685e-16,3.352537019419219e-16,3.6377991420276275e-16,4.276768566167838e-16,4.2755398741934276e-16,5.653680825937042e-16,3.426821430688982e-16,-4.702936897226778e-10,4.272254272033404e-16,5.635694719668214e-16
0.9999484809439584,0.999923073558557,0.9999231006707573,-4.70293667674412e-10,0.9999230337078283,-4.752833117749691e-10,-5.463233552159919e-10,-6.818688896395835e-10,-6.794351578894403e-10,-4.884425224600374e-10,-5.369182476615162e-10,0.999923692548297,0.9999236925482967,-6.818688895318842e-10,-4.702936673975248e-10,-4.530345893598773e-10,-4.702936674912701e-10,0.9999228947621812,0.9999230629541151,0.9999236716914176,-4.855793405206719e-10,-4.6232766693094626e-10,-5.075159771819775e-10,-5.864523742309457e-10,-5.029628060914921e-10,-6.818688891937883e-10,-4.56784413092189e-10,-4.5672577607041434e-10,-5.531730188529758e-10,0.9999236532585578,-4.5303458971022406e-10,-5.625842028879309e-10,-8.136485016157514e-10,-1.109357278563242e-06,-4.752833118205062e-10,0.9999237175698422,0.9999234617193146,0.9999230337078275,0.9999230589466256,-4.337032604450586e-10,0.9999230692039172,-6.818688893800901e-10,-4.604211230489681e-10,-4.855793403728451e-10,0.9999231373053803,0.9999230626944776,-1.059710870321089e-06,-6.818688895524125e-10,-4.702936678763939e-10,0.9999231022794034,-1.092082469351793e-06,-6.818688895011845e-10,-6.818688893803248e-10,-5.064676619463517e-10,-4.246604380767603e-10,-4.5303458963785884e-10,-5.208110207642617e-10,-5.208110210551005e-10,-6.813212711179834e-10,-4.326352220198007e-10,0.9999231373053813,-5.369182474239745e-10,-7.040942011784367e-10
0.9999484416175269,0.9999230342332691,0.9999230613454678,-4.702936413574727e-10,0.9999229943825396,-4.752832850523464e-10,-5.46323325747003e-10,-6.818688528647765e-10,-6.794351214311746e-10,-9.72516441903881e-07,-5.369182164652601e-10,0.9999236532230169,0.9999236532230169,-6.818688529875279e-10,-4.702936407101712e-10,-4.5303456327218007e-10,-4.702936408608257e-10,0.9999230629541151,0.9999228161115967,0.999923632366136,-4.855793126191244e-10,-4.62327639931598e-10,-5.075159488326083e-10,-5.864523401702226e-10,-5.029627778404445e-10,-6.818688524195091e-10,-4.567843871875171e-10,-4.567257501674553e-10,-5.531729892734814e-10,0.9999236139332752,-4.5303456372675527e-10,-1.120136683195461e-06,-8.136484578031024e-10,-5.571702285609907e-10,-4.752832852609005e-10,0.9999236782445624,0.9999234223940302,0.9999229943825388,0.999923019621338,-4.337032350963767e-10,0.99992302987863,-6.818688526522114e-10,-4.604210958375775e-10,-4.855793126427003e-10,0.999923097980094,0.9999230233691889,-5.32235518026831e-10,-6.818688529019632e-10,-4.702936414041795e-10,0.9999230629541151,-5.484940222267457e-10,-6.818688528042732e-10,-6.818688526872851e-10,-1.008405504343721e-06,-4.246604129039257e-10,-4.5303456361119147e-10,-5.208109922128146e-10,-5.208109926968223e-10,-6.8132123465874e-10,-4.3263519667816667e-10,0.9999230979800932,-5.369182161843736e-10,-7.040941605023085e-10
0.9999490503726838,0.999923642970573,0.9999236700827736,-4.702940458372718e-10,0.9999236031198478,-4.752836917401835e-10,-5.463237756845319e-10,-1.357640300329602e-06,-1.3527946024188249e-06,-4.88442933273557e-10,-5.369186952835229e-10,0.9999242619602322,0.9999242619602322,-1.3576403002286377e-06,-4.702940453360156e-10,-4.530349610184136e-10,-4.702940454123177e-10,0.9999236716914176,0.999923632366136,0.9999240335862422,-4.85579735906414e-10,-4.623280541453101e-10,-5.075163816071909e-10,-5.864528603005942e-10,-5.029632091143641e-10,-1.3576402994577822e-06,-4.5678478543789413e-10,-4.5672614838893356e-10,-5.531734426874629e-10,0.9999242226704971,-4.530349613801916e-10,-5.625846441655785e-10,-1.6200211113046428e-06,-5.571706978614222e-10,-4.752836918404922e-10,0.9999242869817645,0.9999240311313029,0.999923603119847,0.9999236283586457,-4.3370362366433247e-10,0.999923638615935,-1.357640300070142e-06,-4.604215088318081e-10,-4.855797357928233e-10,0.9999237067173943,0.9999236321064954,-5.32235977815213e-10,-1.3576403001009579e-06,-4.702940458330382e-10,0.9999236716914184,-5.48494504771795e-10,-1.357640299973055e-06,-1.3576402999009738e-06,-5.064680663674092e-10,-4.246607972819848e-10,-4.530349612781194e-10,-5.208114308887845e-10,-5.208114311795638e-10,-1.356549961065664e-06,-4.3263558528723236e-10,0.9999237067173945,-5.369186950176175e-10,-7.040947821316547e-10
-1.0485856226296897e-05,-4.855793211971086e-10,-4.855793390353721e-10,3.915596748145733e-16,-4.85579294050125e-10,3.9709281616129757e-16,9.274509329279769e-13,5.810470117437086e-16,5.78357543828818e-16,3.9613076727336707e-16,4.377248934617448e-16,-4.855797523995212e-10,-4.855797524461527e-10,5.811301320931727e-16,3.915363457778905e-16,3.7287508332689426e-16,3.9139736465958743e-16,-4.855793405206719e-10,-4.855793126191244e-10,-4.85579735906414e-10,-2.075177241251614e-07,3.7582045150083576e-16,8.455935469175925e-13,4.800531530949176e-16,4.194940700745198e-16,5.810253910714375e-16,3.7759948641472407e-16,3.771365742493178e-16,9.415377524280012e-13,-4.855797249417065e-10,3.726207797442474e-16,9.456815313489167e-13,6.93281836062194e-16,4.693890428546735e-16,3.969174913217045e-16,-9.668166014024086e-07,-9.6681622824311e-07,-4.855792940507527e-10,-4.85579310623955e-10,3.527363937065177e-16,-4.855793180397106e-10,5.811148666650069e-16,3.74018780282733e-16,4.026585548031862e-16,-4.855793640673497e-10,-4.855793139898787e-10,4.4199771880828183e-16,5.810253910714375e-16,3.919045678534331e-16,-4.855793405228932e-10,4.50736734639673e-16,5.810466179062945e-16,5.80961633036163e-16,4.2319413449048364e-16,3.431841065713752e-16,3.727049437122914e-16,8.734445153169771e-13,8.734445150711218e-13,5.803905657001635e-16,3.5125719788268227e-16,-4.855793640582795e-10,4.3781161756574955e-16,5.776287048714578e-16
-1.0439559305073477e-05,-4.623276479079374e-10,-4.6232766528871864e-10,3.6681890540394e-16,-4.623276217132208e-10,3.7233274063287074e-16,4.380776605721625e-16,5.46120754641171e-16,5.434152979039731e-16,3.7038940407088406e-16,4.093556281353692e-16,-4.623280703780621e-10,-4.623280703759854e-10,5.461657915818058e-16,3.6681890540394e-16,3.4877596663949293e-16,3.6681890540394e-16,-4.6232766693094626e-10,-4.62327639931598e-10,-4.623280541453101e-10,3.7582045150083576e-16,-2.0751782461768532e-07,3.9846760213863927e-16,4.487202199372659e-16,3.933926262814955e-16,5.461657915818058e-16,3.534200010108741e-16,3.5345260158106656e-16,4.44480435221376e-16,-4.6232804356431004e-10,3.4877596663949293e-16,4.458273865770206e-16,6.513337469362182e-16,4.4031936622978597e-16,3.7233647735143683e-16,-9.20521197882144e-07,-9.205208312486328e-07,-4.6232762187862487e-10,-4.6232763779638617e-10,6.563064539660223e-13,-4.6232764485392347e-10,5.461657915818058e-16,3.4984450767155295e-16,3.7609250573730205e-16,-4.6232769015887776e-10,-4.623276406797092e-10,4.1403125304364923e-16,5.46120754641171e-16,3.6681890540394e-16,-4.623276669652458e-10,4.2150444957625147e-16,5.461657915818058e-16,5.461209053345605e-16,3.968652092564059e-16,3.205931854437167e-16,3.485331875840094e-16,4.116878880712364e-16,4.116878880712364e-16,5.451865547698449e-16,3.288254741371456e-16,-4.6232769015887776e-10,4.0915360070790247e-16,5.400695607406327e-16
-1.0529534771899837e-05,-5.075159574278327e-10,-5.075159755387575e-10,4.1423431146267753e-16,-5.075159297674221e-10,4.197112037871907e-16,9.78817621729532e-13,6.132353318837588e-16,6.10463411914516e-16,4.197265171583031e-16,4.635386890624233e-16,-5.075163982814475e-10,-5.075163982719351e-10,6.133226738461613e-16,4.14247194515607e-16,3.943873671794943e-16,4.1433365061092096e-16,-5.075159771819775e-10,-5.075159488326083e-10,-5.075163816071909e-10,8.455935469175925e-13,3.9846760213863927e-16,-2.0751763123651148e-07,5.078316732481431e-16,4.437065650657276e-16,6.132959024259178e-16,3.9974153829431966e-16,3.9943705951101537e-16,9.934750267912874e-13,-5.075163702650092e-10,3.9472498280045323e-16,9.988575113031587e-13,7.316307319896158e-16,4.961879773530434e-16,4.196831402806869e-16,-1.0104936948056663e-06,-1.0104933141370186e-06,-5.075159296165238e-10,-5.075159463657179e-10,3.7360760577380664e-16,-5.075159539935112e-10,6.133085569183707e-16,3.961742113981154e-16,8.455935465299533e-13,-5.075160013321685e-10,-5.075159498288818e-10,4.674710204552724e-16,6.133226738461613e-16,4.14247194515607e-16,-5.075159770999561e-10,4.7724875919322e-16,6.132367050061735e-16,6.132824022619985e-16,4.474284608922442e-16,3.6370023499135885e-16,3.9454549369844453e-16,9.227322911448596e-13,9.227322909454661e-13,6.126476664976728e-16,3.723781864616485e-16,-5.075160013538038e-10,4.635386890624233e-16,6.116058521931601e-16
-1.0686707657870622e-05,-5.864523503571631e-10,-5.864523722804987e-10,4.681710162506935e-16,-5.864523170836384e-10,4.745453282893015e-16,5.57811101620882e-16,6.959032445468896e-16,6.92625382237382e-16,4.724126442371595e-16,5.223787152686961e-16,-1.1676606268192204e-06,-1.1676606268192204e-06,6.959032445468896e-16,4.682895653912885e-16,4.455279844356013e-16,4.681710162506935e-16,-5.864523742309457e-10,-5.864523401702226e-10,-5.864528603005942e-10,4.800531530949176e-16,4.487202199372659e-16,5.078316732481431e-16,-2.0751738239121747e-07,5.022039414913376e-16,6.959032445468896e-16,4.511939333776642e-16,4.514765267752527e-16,5.664420376320884e-16,-5.864528469667769e-10,4.456858595120185e-16,5.686132512973283e-16,8.30434539737111e-16,5.616628351085058e-16,4.745077148804936e-16,-1.1676606768066205e-06,-5.864526747622712e-10,-5.864523170836384e-10,-5.864523374289104e-10,4.2072189953773433e-16,-5.864523463898816e-10,6.960231244446621e-16,4.471919575371706e-16,4.802086854601983e-16,-1.1676596760786234e-06,-5.864523414278465e-10,5.283053662155667e-16,6.960231244446621e-16,4.681710162506935e-16,-5.864523741899538e-10,5.385506766664214e-16,6.958625631138549e-16,6.959032445468896e-16,5.059780791121799e-16,4.0926698419434084e-16,4.455279844356013e-16,5.250094501722384e-16,5.249006451924667e-16,6.951957301676699e-16,4.1913810778265e-16,-1.1676596760786234e-06,5.223787152686961e-16,1.3735409949001458e-12
-1.0520468857280184e-05,-5.02962786470282e-10,-1.0014271929455653e-06,8.147300843755397e-13,-5.029627586429708e-10,4.145540150705374e-16,4.859495470540809e-16,6.06061593791978e-16,6.034372646372842e-16,4.144805563240582e-16,4.576170836307945e-16,-5.029632258498685e-10,-5.02963225850797e-10,6.061994049310817e-16,8.147300851051804e-13,3.8965084243343e-16,8.14730084944128e-13,-5.029628060914921e-10,-5.029627778404445e-10,-5.029632091143641e-10,4.194940700745198e-16,3.933926262814955e-16,4.437065650657276e-16,5.022039414913376e-16,-2.0751765315031357e-07,6.061859942700674e-16,3.947256966762051e-16,3.9434236115718044e-16,9.821705376678118e-13,-5.029631979391899e-10,3.8975396582582293e-16,4.958181173202126e-16,7.230503817768457e-16,4.899796135688771e-16,4.146609592743743e-16,-1.0014280729765295e-06,-5.02963055703e-10,-5.029627586736987e-10,-5.029627756154711e-10,3.685401976227059e-16,-5.029627830703717e-10,6.06061593791978e-16,3.9161495710798377e-16,4.194930669723768e-16,-5.029628299778847e-10,-5.029627788071124e-10,4.622409268862403e-16,6.06061593791978e-16,8.147300845983251e-13,-5.029628060914921e-10,4.71470301617145e-16,6.059321206041895e-16,6.06233829523503e-16,4.421387932993774e-16,3.5912275487513747e-16,3.8945026797227293e-16,4.580934448112337e-16,4.579886679031982e-16,1.2057791575759187e-12,3.677391108239586e-16,-5.029628301917817e-10,4.578893373699444e-16,6.038813384039594e-16
-1.0876693690554174e-05,-6.818688631912923e-10,-6.818688869479779e-10,5.661910399981393e-16,-6.8186882720844e-10,5.732771423664861e-16,6.700387288541503e-16,1.6644808893726322e-12,1.6572992296604743e-12,5.757483202051674e-16,6.355449415190244e-16,-1.3576403423019865e-06,-1.3576403423019862e-06,1.6644808895742054e-12,5.661205796784011e-16,5.403051372305054e-16,5.661753202440991e-16,-6.818688891937883e-10,-6.818688524195091e-10,-1.3576402994577822e-06,5.810253910714375e-16,5.461657915818058e-16,6.132959024259178e-16,6.959032445468896e-16,6.061859942700674e-16,-2.0751685667321165e-07,5.464361709724914e-16,5.461472936175587e-16,6.798601468649959e-16,-1.3576402698770848e-06,5.404122466660428e-16,6.845951697855577e-16,1.985958227341052e-12,6.766178285638527e-16,5.735386413014285e-16,-1.3576403950026606e-06,-6.818692152505537e-10,-6.818688272213605e-10,-6.818688493318214e-10,5.12314115627856e-16,-6.818688587662749e-10,1.6644808890115394e-12,5.434502982650329e-16,5.810253910714375e-16,-6.818689206819027e-10,-6.818688534466426e-10,6.392711073497345e-16,1.6644808892822179e-12,5.661910399981393e-16,-6.818688891649453e-10,6.531632566309156e-16,1.6644808897165814e-12,1.6644808895567429e-12,6.1131636117782e-16,4.991731060212809e-16,5.404122466660428e-16,6.32596608530874e-16,6.3256064174255e-16,1.6627788455123203e-12,5.104081722811814e-16,-6.818689206708438e-10,6.354841134390895e-16,8.372374585012681e-16
-1.042852179760255e-05,-4.56784395080603e-10,-4.5678441162172254e-10,3.682809979392394e-16,-4.5678436961422806e-10,7.433171470431594e-13,8.722401683419383e-13,5.463403942075904e-16,5.440677017840271e-16,3.7221828501157897e-16,4.117048163294351e-16,-4.567848009286411e-10,-4.5678480093017006e-10,5.463247782024141e-16,3.6820338881453994e-16,3.5090084991372523e-16,3.683660231507362e-16,-4.56784413092189e-10,-4.567843871875171e-10,-4.5678478543789413e-10,3.7759948641472407e-16,3.534200010108741e-16,3.9974153829431966e-16,4.511939333776642e-16,3.947256966762051e-16,5.464361709724914e-16,-2.0751781659332142e-07,3.546331771483134e-16,4.445973120514644e-16,-4.567847751567943e-10,3.506424216815448e-16,8.893674513866754e-13,6.518595704021878e-16,8.788692663729895e-13,7.433171473086404e-13,-9.094842333648746e-07,-4.567846435410347e-10,-4.5678436961422806e-10,-4.567843852408135e-10,3.3202594784256687e-16,-4.5678439200664335e-10,5.463247782024141e-16,3.5207045040787934e-16,3.7740222919254626e-16,-4.5678443540392497e-10,-4.5678438813200114e-10,4.1560722910723524e-16,5.463247782024141e-16,3.6820338881453994e-16,-4.5678441342559645e-10,4.238574813419565e-16,5.463403942075904e-16,5.4633856898811e-16,7.92421102157265e-13,3.22561251604152e-16,3.5056810185349993e-16,4.128765453807199e-16,4.1277964423850013e-16,5.457721571479099e-16,3.2969785749513456e-16,-4.5678443545451693e-10,4.1137556823426685e-16,5.427375717175346e-16
-1.042840504627903e-05,-4.567257577839191e-10,-4.567257745448605e-10,3.6822356934436616e-16,-4.5672573252744673e-10,7.430295526053599e-13,8.719361792023266e-13,5.462110882764502e-16,5.437708384935541e-16,3.7172840288862524e-16,4.117919546977755e-16,-4.567261638807832e-10,-4.567261638809884e-10,5.461472936175587e-16,3.681924011974463e-16,3.50331953280732e-16,3.6814256924688873e-16,-4.5672577607041434e-10,-4.567257501674553e-10,-4.5672614838893356e-10,3.771365742493178e-16,3.5345260158106656e-16,3.9943705951101537e-16,4.514765267752527e-16,3.9434236115718044e-16,5.461472936175587e-16,3.546331771483134e-16,-2.075178175764513e-07,4.444440828075485e-16,-4.5672613810052143e-10,3.503768877884334e-16,4.46266547995422e-16,6.5161792972396505e-16,8.785432920744057e-13,7.430295528709383e-13,-9.093674837839893e-07,-4.5672600653403506e-10,-4.5672573250865324e-10,-4.567257478551847e-10,3.314835193340813e-16,-4.5672575482711454e-10,5.461472936175587e-16,3.5151533255247684e-16,3.7697214571099437e-16,-4.5672579834017736e-10,-4.567257509603892e-10,4.153433401362495e-16,5.462443070032558e-16,3.6814256924688873e-16,-4.5672577609893274e-10,4.2385064164459425e-16,5.463627730255918e-16,5.462481816508343e-16,7.92115135337646e-13,3.221035152843996e-16,3.50331953280732e-16,4.1240782649027256e-16,4.124174519673559e-16,5.459183927733079e-16,3.303009620058328e-16,-4.5672579844319805e-10,4.1162310505479744e-16,5.426428230779728e-16
