0.9999999939733455,0.999988668239093,0.9999885397950006,0.9999885397950038,0.9999885397950016,0.9999885397950052,0.9999885397950024,0.999988895611385,0.9999885397950027,0.9999885397950019,0.9999885397950027,0.9999885397950052,0.9999885397950006,-2.0412469739856e-06,0.9999886682391098,0.9999885397950006,0.999988895611385,0.9999885397950037,0.999988539795004,0.9999885397950049,0.9999885397950006,0.9999888956113835,0.9999885397950006,-1.9283986228769793e-06,-2.397286980619425e-06,0.9999885397950045,0.9999885506837397,0.999988539795003,0.999988539795004,0.9999887765705759,0.9999885397950019,0.9999885397950041,-2.0378530277524824e-06,0.9999886682391091,0.9999889132414694,0.9999885397950024,0.9999885397950006,0.9999885292059438,0.9999885397950038,-2.0352774308545274e-06,0.9999885397950102,0.9999885506837367,0.9999887765705765,0.9999885397950027,-2.729487572839116e-06,-2.03785302809067e-06,0.9999885397950006
0.999988668239093,0.9999881378645971,0.9999868449863982,0.9999868449863987,0.9999868449863982,0.9999868449863961,0.999986844986397,0.9999872008015014,0.999986844986399,0.9999868449863978,0.999986844986397,0.9999868449863982,0.9999868449863987,-5.019909853427272e-11,0.9999869734300411,0.9999868449863972,0.9999872008015026,0.9999868449863982,0.9999868449863974,0.999986844986397,0.9999868449863981,0.9999872008015022,0.9999868449863982,1.3064877606983488e-08,-2.2931622265583872e-10,0.9999868449863974,0.9999868558750918,0.999986844986397,0.9999868449863982,0.999987081761109,0.9999868449863984,0.9999868449863978,-4.8491669381962086e-11,0.9999869734300406,0.9999872184315256,0.9999868449863987,0.9999868449863974,0.9999868343973768,0.9999868449863982,-4.7195930504402975e-11,0.9999868449863981,0.9999868558750915,0.999987081761108,0.9999868449863987,-7.88020830423593e-07,-4.849166861773127e-11,0.9999868449863982
0.9999885397950006,0.9999868449863982,0.9999878809773558,0.9999867165427827,0.999986716542783,0.9999867165427816,0.9999867165427828,0.9999870723578397,0.9999867165427839,0.9999867165427814,0.9999867165427827,0.999986716542783,0.9999867165427833,-5.019909204145566e-11,0.9999868449864089,0.9999867165427813,0.9999870723578402,0.9999867165427827,0.9999867165427813,0.999986716542781,0.999986716542783,0.9999870723578411,0.999986716542781,1.3064876104645589e-08,-4.558213378679376e-07,0.9999867165427823,0.9999867274314749,0.9999867165427818,0.9999867165427823,0.9999869533174632,0.999986716542783,0.9999867165427814,-4.849166304134644e-11,0.9999868449864093,0.9999870899878623,0.999986716542783,0.9999867165427816,0.999986705953763,0.9999867165427823,-4.719592437574328e-11,0.9999867165427839,0.9999867274314742,0.999986953317463,0.9999867165427834,-7.880207288314173e-07,-4.849166230986905e-11,0.9999867165427825
0.9999885397950038,0.9999868449863987,0.9999867165427827,0.9999878809773584,0.999986716542783,0.9999867165427813,0.9999867165427827,0.9999870723578397,0.9999867165427834,0.9999867165427814,0.9999867165427823,0.999986716542783,0.999986716542783,-5.0199092041858374e-11,0.9999868449864089,0.9999867165427813,0.9999870723578402,0.9999867165427819,0.999986716542781,0.999986716542781,0.9999867165427828,0.9999870723578406,0.999986716542781,1.3064876104645393e-08,-4.558213378679379e-07,0.9999867165427816,0.999986727431475,0.9999867165427816,0.9999867165427818,0.9999869533174627,0.9999867165427828,0.9999867165427818,-4.8491663040406005e-11,0.9999868449864087,0.9999870899878619,0.999986716542783,0.999986716542781,0.9999867059537632,0.9999867165427818,-4.7195924432707253e-11,0.9999867165427837,0.9999867274314744,0.9999869533174629,0.999986716542783,-7.880207288314179e-07,-4.84916623336712e-11,0.9999867165427818
0.9999885397950016,0.9999868449863982,0.999986716542783,0.999986716542783,0.9999878809773605,0.9999867165427798,0.9999867165427823,0.9999870723578397,0.9999867165427833,0.9999867165427814,0.9999867165427818,0.999986716542783,0.999986716542783,-5.019909205887082e-11,0.9999868449864087,0.9999867165427814,0.9999870723578403,0.9999867165427819,0.999986716542781,0.9999867165427804,0.9999867165427823,0.9999870723578391,0.9999867165427807,1.3064876104645931e-08,-4.558213378679376e-07,0.9999867165427806,0.9999867274314734,0.9999867165427798,0.9999867165427814,0.9999869533174616,0.9999867165427823,0.999986716542781,-4.849166304618726e-11,0.9999868449864087,0.9999870899878612,0.9999867165427827,0.9999867165427814,0.9999867059537619,0.9999867165427827,-4.7195924395507125e-11,0.999986716542783,0.9999867274314734,0.9999869533174612,0.9999867165427827,-7.880207288314175e-07,-4.849166229686637e-11,0.999986716542783
0.9999885397950052,0.9999868449863961,0.9999867165427816,0.9999867165427813,0.9999867165427798,0.9999878809773541,0.9999867165427806,0.999987072357837,0.9999867165427813,0.9999867165427789,0.99998671654278,0.9999867165427814,0.9999867165427818,-5.019909208291584e-11,0.9999868449864071,0.99998671654278,0.9999870723578377,0.9999867165427802,0.9999867165427806,0.9999867165427802,0.9999867165427807,0.9999870723578369,0.999986716542781,1.3064876104645345e-08,-4.5582133786793787e-07,0.9999867165427814,0.9999867274314729,0.9999867165427806,0.999986716542781,0.9999869533174612,0.9999867165427798,0.9999867165427816,-4.8491663015314185e-11,0.9999868449864071,0.9999870899878605,0.9999867165427806,0.9999867165427806,0.999986705953761,0.999986716542781,-4.719592441467122e-11,0.9999867165427806,0.9999867274314723,0.9999869533174612,0.9999867165427807,-7.880207288314172e-07,-4.849166228956349e-11,0.9999867165427816
0.9999885397950024,0.999986844986397,0.9999867165427828,0.9999867165427827,0.9999867165427823,0.9999867165427806,0.9999878809773647,0.9999870723578388,0.9999867165427846,0.9999867165427818,0.9999867165427818,0.9999867165427827,0.999986716542783,-5.0199092052429755e-11,0.9999868449864087,0.9999867165427818,0.9999870723578397,0.9999867165427823,0.9999867165427827,0.9999867165427823,0.9999867165427823,0.9999870723578399,0.9999867165427814,1.3064876104645931e-08,-4.5582133786793814e-07,0.999986716542783,0.9999867274314747,0.9999867165427827,0.9999867165427818,0.999986953317462,0.9999867165427823,0.9999867165427827,-4.849166303148231e-11,0.9999868449864084,0.9999870899878629,0.9999867165427828,0.9999867165427818,0.9999867059537618,0.9999867165427834,-4.7195924418995164e-11,0.9999867165427833,0.9999867274314735,0.9999869533174623,0.999986716542783,-7.880207288314178e-07,-4.8491662296862606e-11,0.9999867165427827
0.999988895611385,0.9999872008015014,0.9999870723578397,0.9999870723578397,0.9999870723578397,0.999987072357837,0.9999870723578388,0.999988592607609,0.9999870723578408,0.9999870723578397,0.9999870723578385,0.9999870723578397,0.9999870723578409,-5.0199110296614536e-11,0.9999872008015129,0.999987072357839,0.9999874281730221,0.9999870723578397,0.9999870723578397,0.9999870723578393,0.9999870723578397,0.9999874281730214,0.9999870723578393,6.5726028936371334e-12,-2.2931627952446957e-10,0.9999870723578396,0.9999870832465354,0.9999870723578388,0.9999870723578397,0.999987309132603,0.9999870723578397,0.9999870723578393,-4.849168076736307e-11,0.9999872008015124,0.999987445803051,0.9999870723578402,0.9999870723578397,0.9999870617688167,0.9999870723578402,-4.719594182862514e-11,0.9999870723578393,0.9999870832465354,0.9999873091326028,0.9999870723578402,-3.9644032142430984e-10,-4.849168011021858e-11,0.9999870723578397
0.9999885397950027,0.999986844986399,0.9999867165427839,0.9999867165427834,0.9999867165427833,0.9999867165427813,0.9999867165427846,0.9999870723578408,0.9999878809773618,0.999986716542783,0.9999867165427839,0.9999867165427839,0.9999867165427839,-5.019909207516126e-11,0.9999868449864104,0.999986716542783,0.9999870723578421,0.999986716542783,0.999986716542783,0.999986716542783,0.9999867165427834,0.9999870723578402,0.9999867165427814,1.306487610464471e-08,-4.558213378679376e-07,0.999986716542783,0.9999867274314753,0.9999867165427818,0.999986716542783,0.9999869533174629,0.9999867165427833,0.9999867165427828,-4.849166303757095e-11,0.9999868449864097,0.9999870899878629,0.9999867165427843,0.9999867165427833,0.9999867059537637,0.999986716542783,-4.7195924391210613e-11,0.999986716542784,0.999986727431475,0.9999869533174636,0.999986716542784,-7.880207288314185e-07,-4.849166229467688e-11,0.9999867165427834
0.9999885397950019,0.9999868449863978,0.9999867165427814,0.9999867165427814,0.9999867165427814,0.9999867165427789,0.9999867165427818,0.9999870723578397,0.999986716542783,0.9999878809773584,0.9999867165427818,0.9999867165427819,0.999986716542783,-5.01990920431993e-11,0.9999868449864087,0.9999867165427807,0.9999870723578397,0.999986716542781,0.9999867165427806,0.9999867165427802,0.9999867165427825,0.999987072357839,0.9999867165427802,1.3064876104645248e-08,-4.558213378679379e-07,0.9999867165427813,0.9999867274314742,0.9999867165427807,0.9999867165427804,0.9999869533174612,0.9999867165427827,0.999986716542781,-4.849166306923621e-11,0.9999868449864078,0.9999870899878617,0.9999867165427823,0.9999867165427806,0.9999867059537619,0.999986716542781,-4.7195924429142014e-11,0.999986716542783,0.9999867274314734,0.9999869533174616,0.999986716542783,-7.880207288314173e-07,-4.8491662302640094e-11,0.9999867165427814
0.9999885397950027,0.999986844986397,0.9999867165427827,0.9999867165427823,0.9999867165427818,0.99998671654278,0.9999867165427818,0.9999870723578385,0.9999867165427839,0.9999867165427818,0.9999878809773664,0.9999867165427827,0.999986716542783,-5.0199092076539446e-11,0.9999868449864084,0.9999867165427818,0.9999870723578393,0.9999867165427819,0.9999867165427814,0.9999867165427823,0.9999867165427823,0.9999870723578397,0.9999867165427814,1.3064876104645881e-08,-4.558213378679382e-07,0.999986716542783,0.9999867274314744,0.9999867165427827,0.9999867165427818,0.9999869533174615,0.9999867165427823,0.9999867165427827,-4.8491663053562855e-11,0.9999868449864084,0.9999870899878626,0.9999867165427827,0.9999867165427816,0.9999867059537616,0.9999867165427828,-4.7195924432707253e-11,0.9999867165427828,0.9999867274314735,0.9999869533174616,0.999986716542783,-7.880207288314179e-07,-4.849166232384138e-11,0.9999867165427827
0.9999885397950052,0.9999868449863982,0.999986716542783,0.999986716542783,0.999986716542783,0.9999867165427814,0.9999867165427827,0.9999870723578397,0.9999867165427839,0.9999867165427819,0.9999867165427827,0.9999878809773579,0.999986716542783,-5.019909207360317e-11,0.9999868449864083,0.9999867165427813,0.9999870723578403,0.999986716542783,0.9999867165427814,0.999986716542781,0.9999867165427819,0.9999870723578397,0.9999867165427813,1.3064876104645393e-08,-4.558213378679382e-07,0.9999867165427818,0.9999867274314742,0.999986716542781,0.999986716542783,0.999986953317462,0.999986716542783,0.999986716542781,-4.849166304833434e-11,0.999986844986409,0.9999870899878617,0.9999867165427834,0.999986716542781,0.9999867059537625,0.999986716542783,-4.719592443168749e-11,0.9999867165427833,0.9999867274314742,0.999986953317462,0.9999867165427828,-7.880207288314186e-07,-4.8491662302640094e-11,0.9999867165427823
0.9999885397950006,0.9999868449863987,0.9999867165427833,0.999986716542783,0.999986716542783,0.9999867165427818,0.999986716542783,0.9999870723578409,0.9999867165427839,0.999986716542783,0.999986716542783,0.999986716542783,0.9999878809773579,-5.0199092083889586e-11,0.9999868449864097,0.9999867165427819,0.9999870723578406,0.9999867165427833,0.9999867165427814,0.9999867165427818,0.9999867165427825,0.9999870723578403,0.9999867165427818,1.30648761046451e-08,-4.558213378679379e-07,0.9999867165427825,0.999986727431475,0.9999867165427816,0.9999867165427833,0.9999869533174629,0.999986716542783,0.9999867165427814,-4.8491663055154344e-11,0.9999868449864093,0.9999870899878626,0.9999867165427839,0.9999867165427823,0.9999867059537632,0.9999867165427834,-4.719592443168749e-11,0.9999867165427834,0.9999867274314747,0.9999869533174629,0.9999867165427839,-7.880207288314179e-07,-4.849166226290299e-11,0.999986716542783
-2.0412469739856e-06,-5.019909853427272e-11,-5.019909204145566e-11,-5.0199092041858374e-11,-5.019909205887082e-11,-5.019909208291584e-11,-5.0199092052429755e-11,-5.0199110296614536e-11,-5.019909207516126e-11,-5.01990920431993e-11,-5.0199092076539446e-11,-5.019909207360317e-11,-5.0199092083889586e-11,1.1644344637404779e-06,-5.0199098511799355e-11,-5.0199092035239844e-11,-5.0199110261888137e-11,-5.0199092052429755e-11,-5.0199092087000787e-11,-5.01990920462112e-11,-5.019909200432126e-11,-5.0199110483537147e-11,-5.019909204580411e-11,1.3694044543042987e-18,1.8969271320159208e-17,-5.019909208514187e-11,-5.0199092656621855e-11,-5.0199092042452813e-11,-5.0199092035954424e-11,-5.019910370813931e-11,-5.019909205887082e-11,-5.0199092028024005e-11,9.332322281378086e-15,-5.0199098626294936e-11,-9.978286569167432e-08,-5.01990920254431e-11,-5.019909204244939e-11,-9.978282610136927e-08,-5.019909202641333e-11,3.2924355758065924e-18,-5.0199092060844896e-11,-5.0199092656621855e-11,-5.019910378659695e-11,-5.0199092028024005e-11,3.86132528645723e-17,9.332322217616244e-15,-5.019909204580411e-11
0.9999886682391098,0.9999869734300411,0.9999868449864089,0.9999868449864089,0.9999868449864087,0.9999868449864071,0.9999868449864087,0.9999872008015129,0.9999868449864104,0.9999868449864087,0.9999868449864084,0.9999868449864083,0.9999868449864097,-5.0199098511799355e-11,0.9999881378646235,0.9999868449864089,0.9999872008015133,0.9999868449864089,0.9999868449864089,0.9999868449864081,0.9999868449864089,0.9999872008015124,0.9999868449864081,1.3064877606983926e-08,-2.2931622265583872e-10,0.9999868449864084,0.9999868558751032,0.9999868449864077,0.9999868449864089,0.9999870817611194,0.9999868449864087,0.9999868449864084,-4.849166934054262e-11,0.9999869734300508,0.9999872184315372,0.9999868449864096,0.9999868449864084,0.9999868343973887,0.999986844986409,-4.7195930543328524e-11,0.9999868449864093,0.9999868558751027,0.9999870817611188,0.9999868449864096,-7.880208304235982e-07,-4.849166863236132e-11,0.9999868449864089
0.9999885397950006,0.9999868449863972,0.9999867165427813,0.9999867165427813,0.9999867165427814,0.99998671654278,0.9999867165427818,0.999987072357839,0.999986716542783,0.9999867165427807,0.9999867165427818,0.9999867165427813,0.9999867165427819,-5.0199092035239844e-11,0.9999868449864089,0.9999878809773579,0.9999870723578397,0.999986716542781,0.99998671654278,0.999986716542781,0.9999867165427814,0.999987072357839,0.9999867165427802,1.3064876104645589e-08,-4.5582133786793777e-07,0.999986716542781,0.9999867274314732,0.9999867165427806,0.999986716542781,0.9999869533174612,0.9999867165427827,0.999986716542781,-4.8491663042012577e-11,0.9999868449864077,0.9999870899878617,0.9999867165427823,0.9999867165427804,0.9999867059537613,0.999986716542781,-4.719592439788679e-11,0.999986716542783,0.9999867274314725,0.9999869533174612,0.999986716542783,-7.880207288314173e-07,-4.849166230144526e-11,0.9999867165427814
0.999988895611385,0.9999872008015026,0.9999870723578402,0.9999870723578402,0.9999870723578403,0.9999870723578377,0.9999870723578397,0.9999874281730221,0.9999870723578421,0.9999870723578397,0.9999870723578393,0.9999870723578403,0.9999870723578406,-5.0199110261888137e-11,0.9999872008015133,0.9999870723578397,0.9999885926076075,0.9999870723578399,0.999987072357839,0.9999870723578397,0.9999870723578406,0.9999874281730218,0.9999870723578397,6.5726028936371334e-12,-2.2931627952446957e-10,0.9999870723578406,0.9999870832465357,0.9999870723578402,0.9999870723578397,0.9999873091326055,0.9999870723578406,0.9999870723578406,-4.8491680856309964e-11,0.9999872008015129,0.9999874458030508,0.9999870723578411,0.9999870723578396,0.999987061768817,0.9999870723578403,-4.71959416850725e-11,0.9999870723578411,0.9999870832465354,0.9999873091326045,0.9999870723578415,-3.9644032148600614e-10,-4.849168003450347e-11,0.9999870723578402
0.9999885397950037,0.9999868449863982,0.9999867165427827,0.9999867165427819,0.9999867165427819,0.9999867165427802,0.9999867165427823,0.9999870723578397,0.999986716542783,0.999986716542781,0.9999867165427819,0.999986716542783,0.9999867165427833,-5.0199092052429755e-11,0.9999868449864089,0.999986716542781,0.9999870723578399,0.9999878809773605,0.9999867165427813,0.999986716542781,0.9999867165427827,0.9999870723578393,0.9999867165427807,1.3064876104645637e-08,-4.558213378679376e-07,0.999986716542781,0.9999867274314735,0.999986716542781,0.9999867165427819,0.9999869533174616,0.9999867165427827,0.999986716542781,-4.8491663059391344e-11,0.9999868449864084,0.9999870899878612,0.9999867165427825,0.9999867165427814,0.9999867059537622,0.9999867165427819,-4.719592439455593e-11,0.999986716542783,0.9999867274314738,0.9999869533174625,0.999986716542783,-7.880207288314179e-07,-4.849166232088369e-11,0.9999867165427818
0.999988539795004,0.9999868449863974,0.9999867165427813,0.999986716542781,0.999986716542781,0.9999867165427806,0.9999867165427827,0.9999870723578397,0.999986716542783,0.9999867165427806,0.9999867165427814,0.9999867165427814,0.9999867165427814,-5.0199092087000787e-11,0.9999868449864089,0.99998671654278,0.999987072357839,0.9999867165427813,0.9999878809773567,0.999986716542781,0.9999867165427804,0.9999870723578393,0.9999867165427806,1.3064876104645539e-08,-4.5582133786793724e-07,0.9999867165427816,0.9999867274314734,0.9999867165427807,0.9999867165427813,0.999986953317462,0.999986716542781,0.9999867165427814,-4.849166298694276e-11,0.9999868449864077,0.9999870899878615,0.9999867165427827,0.999986716542781,0.9999867059537618,0.9999867165427814,-4.7195924440959e-11,0.9999867165427823,0.999986727431473,0.999986953317462,0.9999867165427827,-7.880207288314173e-07,-4.84916623336712e-11,0.999986716542781
0.9999885397950049,0.999986844986397,0.999986716542781,0.999986716542781,0.9999867165427804,0.9999867165427802,0.9999867165427823,0.9999870723578393,0.999986716542783,0.9999867165427802,0.9999867165427823,0.999986716542781,0.9999867165427818,-5.01990920462112e-11,0.9999868449864081,0.999986716542781,0.9999870723578397,0.999986716542781,0.999986716542781,0.9999878809773651,0.9999867165427818,0.999987072357839,0.999986716542781,1.3064876104645734e-08,-4.5582133786793846e-07,0.9999867165427814,0.9999867274314742,0.999986716542781,0.999986716542781,0.9999869533174623,0.9999867165427806,0.9999867165427813,-4.849166302722002e-11,0.9999868449864078,0.9999870899878617,0.9999867165427819,0.999986716542781,0.9999867059537622,0.999986716542781,-4.7195924411398e-11,0.9999867165427823,0.9999867274314734,0.9999869533174612,0.9999867165427819,-7.880207288314179e-07,-4.84916623009692e-11,0.999986716542781
0.9999885397950006,0.9999868449863981,0.999986716542783,0.9999867165427828,0.9999867165427823,0.9999867165427807,0.9999867165427823,0.9999870723578397,0.9999867165427834,0.9999867165427825,0.9999867165427823,0.9999867165427819,0.9999867165427825,-5.019909200432126e-11,0.9999868449864089,0.9999867165427814,0.9999870723578406,0.9999867165427827,0.9999867165427804,0.9999867165427818,0.9999878809773579,0.9999870723578393,0.999986716542781,1.3064876104645539e-08,-4.558213378679379e-07,0.9999867165427818,0.9999867274314735,0.999986716542781,0.9999867165427827,0.9999869533174616,0.999986716542783,0.999986716542781,-4.849166303392257e-11,0.9999868449864084,0.9999870899878621,0.9999867165427827,0.9999867165427813,0.9999867059537622,0.9999867165427827,-4.7195924382531595e-11,0.9999867165427834,0.9999867274314734,0.9999869533174612,0.9999867165427834,-7.880207288314177e-07,-4.8491662295620394e-11,0.999986716542783
0.9999888956113835,0.9999872008015022,0.9999870723578411,0.9999870723578406,0.9999870723578391,0.9999870723578369,0.9999870723578399,0.9999874281730214,0.9999870723578402,0.999987072357839,0.9999870723578397,0.9999870723578397,0.9999870723578403,-5.0199110483537147e-11,0.9999872008015124,0.999987072357839,0.9999874281730218,0.9999870723578393,0.9999870723578393,0.999987072357839,0.9999870723578393,0.9999885926076115,0.9999870723578391,6.572602485175637e-12,-2.293162795645047e-10,0.9999870723578396,0.9999870832465352,0.9999870723578388,0.9999870723578393,0.9999873091326049,0.9999870723578396,0.9999870723578397,-4.849168076353051e-11,0.9999872008015124,0.9999874458030507,0.9999870723578399,0.999987072357839,0.9999870617688167,0.9999870723578402,-4.71959416850725e-11,0.9999870723578402,0.9999870832465354,0.9999873091326051,0.9999870723578403,-3.964403206408036e-10,-4.849168007367387e-11,0.9999870723578409
0.9999885397950006,0.9999868449863982,0.999986716542781,0.999986716542781,0.9999867165427807,0.999986716542781,0.9999867165427814,0.9999870723578393,0.9999867165427814,0.9999867165427802,0.9999867165427814,0.9999867165427813,0.9999867165427818,-5.019909204580411e-11,0.9999868449864081,0.9999867165427802,0.9999870723578397,0.9999867165427807,0.9999867165427806,0.999986716542781,0.999986716542781,0.9999870723578391,0.9999878809773596,1.3064876104645784e-08,-4.5582133786793787e-07,0.9999867165427816,0.9999867274314738,0.9999867165427807,0.9999867165427813,0.9999869533174615,0.999986716542781,0.9999867165427818,-4.8491663049856776e-11,0.9999868449864077,0.9999870899878612,0.999986716542781,0.999986716542781,0.9999867059537622,0.9999867165427813,-4.7195924382865376e-11,0.999986716542783,0.9999867274314734,0.9999869533174616,0.9999867165427814,-7.880207288314179e-07,-4.84916623009692e-11,0.9999867165427813
-1.9283986228769793e-06,1.3064877606983488e-08,1.3064876104645589e-08,1.3064876104645393e-08,1.3064876104645931e-08,1.3064876104645345e-08,1.3064876104645931e-08,6.5726028936371334e-12,1.306487610464471e-08,1.3064876104645248e-08,1.3064876104645881e-08,1.3064876104645393e-08,1.30648761046451e-08,1.3694044543042987e-18,1.3064877606983926e-08,1.3064876104645589e-08,6.5726028936371334e-12,1.3064876104645637e-08,1.3064876104645539e-08,1.3064876104645734e-08,1.3064876104645539e-08,6.572602485175637e-12,1.3064876104645784e-08,1.1644344517670933e-06,2.8333225872622602e-14,1.3064876104645051e-08,1.3064876284015989e-08,1.30648761046451e-08,1.3064876104645881e-08,1.306487786971482e-08,1.3064876104645686e-08,1.3064876104645248e-08,1.3539694263416028e-18,1.3064877606984219e-08,6.572603123736821e-12,1.3064876104645834e-08,1.3064876104646027e-08,1.3064875901562746e-08,1.3064876104645931e-08,1.5060953483828362e-18,1.3064876104645637e-08,1.306487628401589e-08,1.306487786971492e-08,1.3064876104645589e-08,-4.3511816631282124e-18,1.286429795090972e-18,1.3064876104645393e-08
-2.397286980619425e-06,-2.2931622265583872e-10,-4.558213378679376e-07,-4.558213378679379e-07,-4.558213378679376e-07,-4.5582133786793787e-07,-4.5582133786793814e-07,-2.2931627952446957e-10,-4.558213378679376e-07,-4.558213378679379e-07,-4.558213378679382e-07,-4.558213378679382e-07,-4.558213378679379e-07,1.8969271320159208e-17,-2.2931622265583872e-10,-4.5582133786793777e-07,-2.2931627952446957e-10,-4.558213378679376e-07,-4.5582133786793724e-07,-4.5582133786793846e-07,-4.558213378679379e-07,-2.293162795645047e-10,-4.5582133786793787e-07,2.8333225872622602e-14,1.1644346002637321e-06,-4.5582133786793814e-07,-4.558213429404482e-07,-4.5582133786793803e-07,-4.558213378679379e-07,-2.293162474106744e-10,-4.5582133786793814e-07,-4.5582133786793777e-07,1.8202871861757894e-17,-2.2931622265583872e-10,-2.2931628421483423e-10,-4.5582133786793803e-07,-4.558213378679375e-07,-4.5582133289582763e-07,-4.558213378679376e-07,1.7997360827721038e-17,-4.5582133786793835e-07,-4.5582134294044804e-07,-2.2931624633257244e-10,-4.558213378679382e-07,1.7149701638411833e-16,1.865492398774003e-17,-4.558213378679379e-07
0.9999885397950045,0.9999868449863974,0.9999867165427823,0.9999867165427816,0.9999867165427806,0.9999867165427814,0.999986716542783,0.9999870723578396,0.999986716542783,0.9999867165427813,0.999986716542783,0.9999867165427818,0.9999867165427825,-5.019909208514187e-11,0.9999868449864084,0.999986716542781,0.9999870723578406,0.999986716542781,0.9999867165427816,0.9999867165427814,0.9999867165427818,0.9999870723578396,0.9999867165427816,1.3064876104645051e-08,-4.5582133786793814e-07,0.9999878809773567,0.9999867274314747,0.9999867165427814,0.999986716542781,0.9999869533174625,0.9999867165427818,0.9999867165427814,-4.849166298698688e-11,0.9999868449864081,0.9999870899878617,0.999986716542783,0.999986716542781,0.9999867059537628,0.9999867165427816,-4.719592439604866e-11,0.9999867165427827,0.9999867274314738,0.999986953317462,0.999986716542783,-7.880207288314171e-07,-4.8491662295663614e-11,0.999986716542781
0.9999885506837397,0.9999868558750918,0.9999867274314749,0.999986727431475,0.9999867274314734,0.9999867274314729,0.9999867274314747,0.9999870832465354,0.9999867274314753,0.9999867274314742,0.9999867274314744,0.9999867274314742,0.999986727431475,-5.0199092656621855e-11,0.9999868558751032,0.9999867274314732,0.9999870832465357,0.9999867274314735,0.9999867274314734,0.9999867274314742,0.9999867274314735,0.9999870832465352,0.9999867274314738,1.3064876284015989e-08,-4.558213429404482e-07,0.9999867274314747,0.9999879027547439,0.9999867274314738,0.9999867274314735,0.9999869642061573,0.9999867274314735,0.9999867274314742,-4.849166363743485e-11,0.9999868558751033,0.9999871008765594,0.9999867274314747,0.9999867274314738,0.9999867168424538,0.9999867274314749,-4.7195924936755744e-11,0.9999867274314747,0.999986738320166,0.999986964206157,0.9999867274314749,-3.964401833309424e-10,-4.849166289968987e-11,0.9999867274314742
0.999988539795003,0.999986844986397,0.9999867165427818,0.9999867165427816,0.9999867165427798,0.9999867165427806,0.9999867165427827,0.9999870723578388,0.9999867165427818,0.9999867165427807,0.9999867165427827,0.999986716542781,0.9999867165427816,-5.0199092042452813e-11,0.9999868449864077,0.9999867165427806,0.9999870723578402,0.999986716542781,0.9999867165427807,0.999986716542781,0.999986716542781,0.9999870723578388,0.9999867165427807,1.30648761046451e-08,-4.5582133786793803e-07,0.9999867165427814,0.9999867274314738,0.9999878809773549,0.999986716542781,0.9999869533174616,0.999986716542781,0.999986716542781,-4.849166303367702e-11,0.9999868449864077,0.9999870899878609,0.9999867165427818,0.9999867165427802,0.9999867059537619,0.9999867165427816,-4.719592439550703e-11,0.9999867165427823,0.9999867274314734,0.9999869533174612,0.9999867165427818,-7.880207288314166e-07,-4.849166232039374e-11,0.999986716542781
0.999988539795004,0.9999868449863982,0.9999867165427823,0.9999867165427818,0.9999867165427814,0.999986716542781,0.9999867165427818,0.9999870723578397,0.999986716542783,0.9999867165427804,0.9999867165427818,0.999986716542783,0.9999867165427833,-5.0199092035954424e-11,0.9999868449864089,0.999986716542781,0.9999870723578397,0.9999867165427819,0.9999867165427813,0.999986716542781,0.9999867165427827,0.9999870723578393,0.9999867165427813,1.3064876104645881e-08,-4.558213378679379e-07,0.999986716542781,0.9999867274314735,0.999986716542781,0.9999878809773605,0.9999869533174627,0.9999867165427827,0.999986716542781,-4.849166305013905e-11,0.9999868449864084,0.9999870899878612,0.999986716542783,0.9999867165427807,0.9999867059537625,0.9999867165427818,-4.7195924412860993e-11,0.999986716542783,0.9999867274314738,0.9999869533174629,0.9999867165427818,-7.880207288314179e-07,-4.84916623157067e-11,0.9999867165427818
0.9999887765705759,0.999987081761109,0.9999869533174632,0.9999869533174627,0.9999869533174616,0.9999869533174612,0.999986953317462,0.999987309132603,0.9999869533174629,0.9999869533174612,0.9999869533174615,0.999986953317462,0.9999869533174629,-5.019910370813931e-11,0.9999870817611194,0.9999869533174612,0.9999873091326055,0.9999869533174616,0.999986953317462,0.9999869533174623,0.9999869533174616,0.9999873091326049,0.9999869533174615,1.306487786971482e-08,-2.293162474106744e-10,0.9999869533174625,0.9999869642061573,0.9999869533174616,0.9999869533174627,0.9999883545267634,0.9999869533174616,0.999986953317462,-4.849167454585581e-11,0.9999870817611198,0.999987326762632,0.9999869533174625,0.9999869533174625,0.9999869427284398,0.9999869533174627,-4.7195935488295845e-11,0.9999869533174625,0.9999869642061565,0.9999871900921992,0.9999869533174625,-3.964402733930984e-10,-4.8491673788467986e-11,0.9999869533174627
0.9999885397950019,0.9999868449863984,0.999986716542783,0.9999867165427828,0.9999867165427823,0.9999867165427798,0.9999867165427823,0.9999870723578397,0.9999867165427833,0.9999867165427827,0.9999867165427823,0.999986716542783,0.999986716542783,-5.019909205887082e-11,0.9999868449864087,0.9999867165427827,0.9999870723578406,0.9999867165427827,0.999986716542781,0.9999867165427806,0.999986716542783,0.9999870723578396,0.999986716542781,1.3064876104645686e-08,-4.5582133786793814e-07,0.9999867165427818,0.9999867274314735,0.999986716542781,0.9999867165427827,0.9999869533174616,0.9999878809773605,0.999986716542781,-4.8491663037500914e-11,0.9999868449864087,0.9999870899878619,0.9999867165427827,0.9999867165427814,0.9999867059537625,0.9999867165427827,-4.719592438896831e-11,0.999986716542783,0.9999867274314742,0.999986953317462,0.9999867165427827,-7.880207288314175e-07,-4.8491662342938666e-11,0.999986716542783
0.9999885397950041,0.9999868449863978,0.9999867165427814,0.9999867165427818,0.999986716542781,0.9999867165427816,0.9999867165427827,0.9999870723578393,0.9999867165427828,0.999986716542781,0.9999867165427827,0.999986716542781,0.9999867165427814,-5.0199092028024005e-11,0.9999868449864084,0.999986716542781,0.9999870723578406,0.999986716542781,0.9999867165427814,0.9999867165427813,0.999986716542781,0.9999870723578397,0.9999867165427818,1.3064876104645248e-08,-4.5582133786793777e-07,0.9999867165427814,0.9999867274314742,0.999986716542781,0.999986716542781,0.999986953317462,0.999986716542781,0.9999878809773609,-4.849166303965627e-11,0.9999868449864078,0.9999870899878619,0.9999867165427818,0.999986716542781,0.9999867059537625,0.999986716542781,-4.719592438936364e-11,0.9999867165427834,0.9999867274314742,0.9999869533174623,0.9999867165427818,-7.880207288314175e-07,-4.849166232039374e-11,0.9999867165427813
-2.0378530277524824e-06,-4.8491669381962086e-11,-4.849166304134644e-11,-4.8491663040406005e-11,-4.849166304618726e-11,-4.8491663015314185e-11,-4.849166303148231e-11,-4.849168076736307e-11,-4.849166303757095e-11,-4.849166306923621e-11,-4.8491663053562855e-11,-4.849166304833434e-11,-4.8491663055154344e-11,9.332322281378086e-15,-4.849166934054262e-11,-4.8491663042012577e-11,-4.8491680856309964e-11,-4.8491663059391344e-11,-4.849166298694276e-11,-4.849166302722002e-11,-4.849166303392257e-11,-4.849168076353051e-11,-4.8491663049856776e-11,1.3539694263416028e-18,1.8202871861757894e-17,-4.849166298698688e-11,-4.849166363743485e-11,-4.849166303367702e-11,-4.849166305013905e-11,-4.849167454585581e-11,-4.8491663037500914e-11,-4.849166303965627e-11,1.164434463954357e-06,-4.84916693881097e-11,-4.8491681258450824e-11,-4.8491663010686833e-11,-4.849166299965396e-11,-9.638889846134375e-08,-4.8491663050838045e-11,2.9582880709183434e-18,-4.8491663039460505e-11,-4.849166361071044e-11,-4.849167445220809e-11,-4.849166301325417e-11,3.7457807626376814e-17,9.055535968372482e-15,-4.849166304992277e-11
0.9999886682391091,0.9999869734300406,0.9999868449864093,0.9999868449864087,0.9999868449864087,0.9999868449864071,0.9999868449864084,0.9999872008015124,0.9999868449864097,0.9999868449864078,0.9999868449864084,0.999986844986409,0.9999868449864093,-5.0199098626294936e-11,0.9999869734300508,0.9999868449864077,0.9999872008015129,0.9999868449864084,0.9999868449864077,0.9999868449864078,0.9999868449864084,0.9999872008015124,0.9999868449864077,1.3064877606984219e-08,-2.2931622265583872e-10,0.9999868449864081,0.9999868558751033,0.9999868449864077,0.9999868449864084,0.9999870817611198,0.9999868449864087,0.9999868449864078,-4.84916693881097e-11,0.999988137864624,0.9999872184315377,0.9999868449864096,0.9999868449864078,0.9999868343973887,0.9999868449864084,-4.719593057197982e-11,0.9999868449864097,0.9999868558751029,0.9999870817611196,0.9999868449864096,-7.880208304235974e-07,-4.849166866209241e-11,0.9999868449864089
0.9999889132414694,0.9999872184315256,0.9999870899878623,0.9999870899878619,0.9999870899878612,0.9999870899878605,0.9999870899878629,0.999987445803051,0.9999870899878629,0.9999870899878617,0.9999870899878626,0.9999870899878617,0.9999870899878626,-9.978286569167432e-08,0.9999872184315372,0.9999870899878617,0.9999874458030508,0.9999870899878612,0.9999870899878615,0.9999870899878617,0.9999870899878621,0.9999874458030507,0.9999870899878612,6.572603123736821e-12,-2.2931628421483423e-10,0.9999870899878617,0.9999871008765594,0.9999870899878609,0.9999870899878612,0.999987326762632,0.9999870899878619,0.9999870899878619,-4.8491681258450824e-11,0.9999872184315377,0.9999886278676665,0.9999870899878623,0.9999870899878612,0.9999870793988374,0.9999870899878615,-4.719594256032553e-11,0.9999870899878626,0.9999871008765593,0.9999873267626318,0.9999870899878627,-3.964403282316693e-10,-4.849168114671279e-11,0.9999870899878621
0.9999885397950024,0.9999868449863987,0.999986716542783,0.999986716542783,0.9999867165427827,0.9999867165427806,0.9999867165427828,0.9999870723578402,0.9999867165427843,0.9999867165427823,0.9999867165427827,0.9999867165427834,0.9999867165427839,-5.01990920254431e-11,0.9999868449864096,0.9999867165427823,0.9999870723578411,0.9999867165427825,0.9999867165427827,0.9999867165427819,0.9999867165427827,0.9999870723578399,0.999986716542781,1.3064876104645834e-08,-4.5582133786793803e-07,0.999986716542783,0.9999867274314747,0.9999867165427818,0.999986716542783,0.9999869533174625,0.9999867165427827,0.9999867165427818,-4.8491663010686833e-11,0.9999868449864096,0.9999870899878623,0.9999878809773638,0.999986716542783,0.9999867059537625,0.999986716542783,-4.7195924428955324e-11,0.9999867165427834,0.9999867274314738,0.999986953317462,0.9999867165427834,-7.88020728831419e-07,-4.849166226290299e-11,0.999986716542783
0.9999885397950006,0.9999868449863974,0.9999867165427816,0.999986716542781,0.9999867165427814,0.9999867165427806,0.9999867165427818,0.9999870723578397,0.9999867165427833,0.9999867165427806,0.9999867165427816,0.999986716542781,0.9999867165427823,-5.019909204244939e-11,0.9999868449864084,0.9999867165427804,0.9999870723578396,0.9999867165427814,0.999986716542781,0.999986716542781,0.9999867165427813,0.999987072357839,0.999986716542781,1.3064876104646027e-08,-4.558213378679375e-07,0.999986716542781,0.9999867274314738,0.9999867165427802,0.9999867165427807,0.9999869533174625,0.9999867165427814,0.999986716542781,-4.849166299965396e-11,0.9999868449864078,0.9999870899878612,0.999986716542783,0.9999878809773584,0.9999867059537625,0.9999867165427814,-4.7195924418995164e-11,0.9999867165427828,0.999986727431473,0.9999869533174618,0.999986716542783,-7.880207288314175e-07,-4.849166231824812e-11,0.999986716542781
0.9999885292059438,0.9999868343973768,0.999986705953763,0.9999867059537632,0.9999867059537619,0.999986705953761,0.9999867059537618,0.9999870617688167,0.9999867059537637,0.9999867059537619,0.9999867059537616,0.9999867059537625,0.9999867059537632,-9.978282610136927e-08,0.9999868343973887,0.9999867059537613,0.999987061768817,0.9999867059537622,0.9999867059537618,0.9999867059537622,0.9999867059537622,0.9999870617688167,0.9999867059537622,1.3064875901562746e-08,-4.5582133289582763e-07,0.9999867059537628,0.9999867168424538,0.9999867059537619,0.9999867059537625,0.9999869427284398,0.9999867059537625,0.9999867059537625,-9.638889846134375e-08,0.9999868343973887,0.9999870793988374,0.9999867059537625,0.9999867059537625,0.9999878597993257,0.9999867059537625,-9.381330510095487e-08,0.9999867059537628,0.9999867168424535,0.9999869427284398,0.9999867059537632,-7.880207204594279e-07,-9.638889700760104e-08,0.9999867059537628
0.9999885397950038,0.9999868449863982,0.9999867165427823,0.9999867165427818,0.9999867165427827,0.999986716542781,0.9999867165427834,0.9999870723578402,0.999986716542783,0.999986716542781,0.9999867165427828,0.999986716542783,0.9999867165427834,-5.019909202641333e-11,0.999986844986409,0.999986716542781,0.9999870723578403,0.9999867165427819,0.9999867165427814,0.999986716542781,0.9999867165427827,0.9999870723578402,0.9999867165427813,1.3064876104645931e-08,-4.558213378679376e-07,0.9999867165427816,0.9999867274314749,0.9999867165427816,0.9999867165427818,0.9999869533174627,0.9999867165427827,0.999986716542781,-4.8491663050838045e-11,0.9999868449864084,0.9999870899878615,0.999986716542783,0.9999867165427814,0.9999867059537625,0.9999878809773579,-4.719592439635005e-11,0.999986716542783,0.9999867274314742,0.999986953317463,0.999986716542783,-7.88020728831417e-07,-4.849166228458221e-11,0.9999867165427823
-2.0352774308545274e-06,-4.7195930504402975e-11,-4.719592437574328e-11,-4.7195924432707253e-11,-4.7195924395507125e-11,-4.719592441467122e-11,-4.7195924418995164e-11,-4.719594182862514e-11,-4.7195924391210613e-11,-4.7195924429142014e-11,-4.7195924432707253e-11,-4.719592443168749e-11,-4.719592443168749e-11,3.2924355758065924e-18,-4.7195930543328524e-11,-4.719592439788679e-11,-4.71959416850725e-11,-4.719592439455593e-11,-4.7195924440959e-11,-4.7195924411398e-11,-4.7195924382531595e-11,-4.71959416850725e-11,-4.7195924382865376e-11,1.5060953483828362e-18,1.7997360827721038e-17,-4.719592439604866e-11,-4.7195924936755744e-11,-4.719592439550703e-11,-4.7195924412860993e-11,-4.7195935488295845e-11,-4.719592438896831e-11,-4.719592438936364e-11,2.9582880709183434e-18,-4.719593057197982e-11,-4.719594256032553e-11,-4.7195924428955324e-11,-4.7195924418995164e-11,-9.381330510095487e-08,-4.719592439635005e-11,1.164434466437812e-06,-4.719592443638885e-11,-4.7195924837352945e-11,-4.7195935475972554e-11,-4.719592438420976e-11,3.611329221859142e-17,2.9582880709183434e-18,-4.7195924384554466e-11
0.9999885397950102,0.9999868449863981,0.9999867165427839,0.9999867165427837,0.999986716542783,0.9999867165427806,0.9999867165427833,0.9999870723578393,0.999986716542784,0.999986716542783,0.9999867165427828,0.9999867165427833,0.9999867165427834,-5.0199092060844896e-11,0.9999868449864093,0.999986716542783,0.9999870723578411,0.999986716542783,0.9999867165427823,0.9999867165427823,0.9999867165427834,0.9999870723578402,0.999986716542783,1.3064876104645637e-08,-4.5582133786793835e-07,0.9999867165427827,0.9999867274314747,0.9999867165427823,0.999986716542783,0.9999869533174625,0.999986716542783,0.9999867165427834,-4.8491663039460505e-11,0.9999868449864097,0.9999870899878626,0.9999867165427834,0.9999867165427828,0.9999867059537628,0.999986716542783,-4.719592443638885e-11,0.9999878809773635,0.9999867274314747,0.9999869533174629,0.9999867165427834,-7.880207288314187e-07,-4.849166229640795e-11,0.9999867165427834
0.9999885506837367,0.9999868558750915,0.9999867274314742,0.9999867274314744,0.9999867274314734,0.9999867274314723,0.9999867274314735,0.9999870832465354,0.999986727431475,0.9999867274314734,0.9999867274314735,0.9999867274314742,0.9999867274314747,-5.0199092656621855e-11,0.9999868558751027,0.9999867274314725,0.9999870832465354,0.9999867274314738,0.999986727431473,0.9999867274314734,0.9999867274314734,0.9999870832465354,0.9999867274314734,1.306487628401589e-08,-4.5582134294044804e-07,0.9999867274314738,0.999986738320166,0.9999867274314734,0.9999867274314738,0.9999869642061565,0.9999867274314742,0.9999867274314742,-4.849166361071044e-11,0.9999868558751029,0.9999871008765593,0.9999867274314738,0.999986727431473,0.9999867168424535,0.9999867274314742,-4.7195924837352945e-11,0.9999867274314747,0.999987902754749,0.9999869642061565,0.9999867274314747,-3.9644018334763717e-10,-4.849166286909611e-11,0.9999867274314732
