0.999999992405153,0.9999872668914402,0.9999870956419553,0.9999870956419564,0.9999870956419598,0.9999870956419559,0.999987265680326,0.9999870956419556,0.9999870956419556,0.9999870956419553,0.999987095641956,0.9999872122558426,0.9999874781985797,0.9999872668914396,0.999987478198582,0.9999870956419543,0.9999870956419543,0.9999870956419564,0.9999871421522308,0.999987095641956,0.9999870956419528,-3.4352036061627492e-06,-2.979434229996331e-06,0.9999870956419528,0.9999873682333639,0.9999870956419564,0.9999870763846466,-2.804678193229523e-06,0.9999870956419564,0.9999870956419586,0.9999872122558426,0.9999872668914396,-3.765025116642911e-06,0.9999870956419586,0.9999870956419586,0.9999874781985811,0.9999872122558425,0.9999870956419564,0.9999870956419524,-2.8046781900917395e-06,0.9999873682333645,0.9999872656803315,0.9999870956419598,-3.244721509500278e-06,0.9999874781985839,0.9999870956419539
0.9999872668914402,0.9999867463092232,0.9999858066106129,0.9999858066106128,0.9999858066106143,0.9999858066106122,0.9999859766483429,0.9999858066106142,0.9999858066106142,0.9999858066106124,0.9999858066106124,0.9999859232240536,0.9999861891658144,0.9999859778594545,0.999986189165814,0.9999858066106138,0.9999858066106138,0.9999858066106129,0.9999858531207065,0.9999858066106129,0.9999858066106133,-9.801962630047837e-07,-2.6386886820821515e-10,0.9999858066106133,0.9999860792009847,0.9999858066106121,0.9999857873533718,-1.7593981615001e-10,0.9999858066106121,0.9999858066106129,0.9999859232240536,0.9999859778594545,-1.3100162469712821e-06,0.9999858066106129,0.9999858066106129,0.9999861891658143,0.9999859232240536,0.9999858066106124,0.9999858066106121,-1.7593981627620218e-10,0.9999860792009864,0.9999859766483453,0.9999858066106131,-7.897147899399513e-07,0.9999861891658143,0.9999858066106124
0.9999870956419553,0.9999858066106129,0.9999864038115743,0.9999856353618012,0.9999856353618016,0.9999856353618006,0.9999858053995022,0.9999856353618016,0.9999856353618016,0.9999856353618,0.9999856353618009,0.9999857519752224,0.9999860179169378,0.9999858066106121,0.9999860179169373,0.9999856353618009,0.9999856353618009,0.9999856353618012,0.9999856818718859,0.9999856353618012,0.9999856353618009,-9.801960950054086e-07,-5.244285458856281e-07,0.999985635361801,0.9999859079521247,0.9999856353618,0.9999856161045625,-3.4967320630237765e-07,0.9999856353618,0.9999856353618016,0.9999857519752224,0.9999858066106121,-1.3100160231690391e-06,0.9999856353618016,0.9999856353618016,0.9999860179169382,0.9999857519752224,0.9999856353618003,0.9999856353618009,-3.496732065874105e-07,0.9999859079521257,0.9999858053995045,0.9999856353618009,-7.897146558936866e-07,0.9999860179169391,0.9999856353618009
0.9999870956419564,0.9999858066106128,0.9999856353618012,0.9999864038115756,0.9999856353618021,0.999985635361801,0.9999858053995025,0.9999856353618021,0.9999856353618021,0.9999856353617995,0.9999856353618003,0.9999857519752225,0.9999860179169378,0.9999858066106129,0.9999860179169382,0.999985635361801,0.999985635361801,0.9999856353618016,0.999985681871885,0.9999856353618016,0.9999856353618,-9.801960950054088e-07,-5.244285458856282e-07,0.9999856353618001,0.9999859079521249,0.9999856353618003,0.9999856161045624,-3.4967320630237744e-07,0.9999856353618003,0.9999856353618016,0.9999857519752225,0.9999858066106122,-1.3100160231690391e-06,0.9999856353618016,0.9999856353618016,0.9999860179169373,0.9999857519752225,0.9999856353618009,0.9999856353618009,-3.496732065874104e-07,0.9999859079521257,0.9999858053995039,0.9999856353617991,-7.897146558936856e-07,0.9999860179169382,0.9999856353618009
0.9999870956419598,0.9999858066106143,0.9999856353618016,0.9999856353618021,0.9999864038115804,0.9999856353618016,0.9999858053995031,0.9999856353618028,0.9999856353618028,0.9999856353618003,0.9999856353618009,0.9999857519752231,0.9999860179169384,0.9999858066106134,0.9999860179169384,0.9999856353618014,0.9999856353618014,0.9999856353618016,0.9999856818718867,0.9999856353618016,0.9999856353618009,-9.801960950054099e-07,-5.244285458856292e-07,0.9999856353618009,0.9999859079521269,0.9999856353618012,0.9999856161045643,-3.4967320630237807e-07,0.9999856353618012,0.9999856353618021,0.9999857519752231,0.9999858066106131,-1.31001602316904e-06,0.9999856353618019,0.9999856353618021,0.9999860179169385,0.9999857519752231,0.9999856353618021,0.999985635361801,-3.4967320658741117e-07,0.9999859079521278,0.9999858053995064,0.9999856353618003,-7.897146558936862e-07,0.9999860179169394,0.9999856353618009
0.9999870956419559,0.9999858066106122,0.9999856353618006,0.999985635361801,0.9999856353618016,0.9999864038115795,0.9999858053995022,0.9999856353618012,0.9999856353618012,0.9999856353618009,0.9999856353618009,0.9999857519752225,0.9999860179169373,0.9999858066106122,0.9999860179169373,0.9999856353617997,0.9999856353617997,0.999985635361801,0.999985681871885,0.999985635361801,0.9999856353618,-9.80196095005408e-07,-5.244285458856289e-07,0.9999856353617995,0.999985907952125,0.9999856353618,0.9999856161045624,-3.4967320630237776e-07,0.9999856353618,0.9999856353618001,0.9999857519752225,0.9999858066106121,-1.3100160231690398e-06,0.9999856353617995,0.9999856353618001,0.9999860179169372,0.9999857519752224,0.9999856353618003,0.9999856353618,-3.4967320658741064e-07,0.9999859079521262,0.9999858053995052,0.9999856353617991,-7.897146558936862e-07,0.9999860179169378,0.9999856353618001
0.999987265680326,0.9999859766483429,0.9999858053995022,0.9999858053995025,0.9999858053995031,0.9999858053995022,0.999986743886993,0.9999858053995022,0.9999858053995022,0.9999858053995019,0.9999858053995013,0.9999859220129431,0.9999861879547033,0.9999859766483425,0.999986187954703,0.9999858053995025,0.9999858053995025,0.9999858053995024,0.9999858519095942,0.9999858053995024,0.9999858053995025,-9.801962609935001e-07,-2.638688677344951e-10,0.9999858053995025,0.9999860779898726,0.9999858053995022,0.999985786142261,-3.496732647974885e-07,0.9999858053995022,0.9999858053995019,0.9999859220129433,0.999985976648341,-1.3100162437375682e-06,0.9999858053995019,0.9999858053995019,0.9999861879547033,0.9999859220129431,0.999985805399502,0.999985805399501,-3.496732650825214e-07,0.9999860779898726,0.9999859754372336,0.9999858053995019,-3.9734882596727757e-10,0.9999861879547042,0.9999858053995022
0.9999870956419556,0.9999858066106142,0.9999856353618016,0.9999856353618021,0.9999856353618028,0.9999856353618012,0.9999858053995022,0.9999864038115822,0.9999856353618027,0.9999856353618009,0.999985635361801,0.9999857519752231,0.9999860179169378,0.9999858066106133,0.9999860179169375,0.9999856353618009,0.9999856353618009,0.9999856353618021,0.9999856818718867,0.9999856353618021,0.9999856353618009,-9.801960950054092e-07,-5.244285458856292e-07,0.9999856353618006,0.9999859079521262,0.9999856353618009,0.9999856161045639,-3.4967320630237786e-07,0.9999856353618009,0.9999856353618012,0.9999857519752231,0.9999858066106129,-1.3100160231690406e-06,0.9999856353618009,0.9999856353618012,0.9999860179169384,0.9999857519752231,0.9999856353618016,0.9999856353618012,-3.496732065874108e-07,0.9999859079521278,0.9999858053995064,0.9999856353618001,-7.89714655893686e-07,0.9999860179169394,0.9999856353618009
0.9999870956419556,0.9999858066106142,0.9999856353618016,0.9999856353618021,0.9999856353618028,0.9999856353618012,0.9999858053995022,0.9999856353618027,0.9999864038115822,0.9999856353618009,0.999985635361801,0.9999857519752231,0.9999860179169378,0.9999858066106133,0.9999860179169375,0.9999856353618009,0.9999856353618009,0.9999856353618021,0.9999856818718867,0.9999856353618021,0.9999856353618009,-9.801960950054092e-07,-5.244285458856292e-07,0.9999856353618006,0.9999859079521262,0.9999856353618009,0.9999856161045639,-3.4967320630237786e-07,0.9999856353618009,0.9999856353618012,0.9999857519752231,0.9999858066106129,-1.3100160231690406e-06,0.9999856353618009,0.9999856353618012,0.9999860179169384,0.9999857519752231,0.9999856353618016,0.9999856353618012,-3.496732065874108e-07,0.9999859079521278,0.9999858053995064,0.9999856353618001,-7.89714655893686e-07,0.9999860179169394,0.9999856353618009
0.9999870956419553,0.9999858066106124,0.9999856353618,0.9999856353617995,0.9999856353618003,0.9999856353618009,0.9999858053995019,0.9999856353618009,0.9999856353618009,0.9999864038115717,0.9999856353617991,0.9999857519752203,0.9999860179169363,0.999985806610611,0.9999860179169352,0.9999856353618003,0.9999856353618003,0.9999856353617995,0.9999856818718843,0.9999856353618,0.9999856353617995,-9.801960950054084e-07,-5.244285458856282e-07,0.9999856353617995,0.9999859079521238,0.9999856353617993,0.9999856161045615,-3.4967320630237754e-07,0.9999856353617993,0.9999856353618006,0.9999857519752203,0.9999858066106103,-1.3100160231690391e-06,0.9999856353618006,0.9999856353618006,0.9999860179169356,0.9999857519752203,0.9999856353617995,0.9999856353617993,-3.496732065874105e-07,0.999985907952124,0.9999858053995025,0.9999856353617987,-7.897146558936856e-07,0.9999860179169361,0.9999856353618001
0.999987095641956,0.9999858066106124,0.9999856353618009,0.9999856353618003,0.9999856353618009,0.9999856353618009,0.9999858053995013,0.999985635361801,0.999985635361801,0.9999856353617991,0.9999864038115743,0.9999857519752218,0.9999860179169361,0.9999858066106124,0.9999860179169373,0.9999856353618009,0.9999856353618009,0.9999856353618003,0.999985681871885,0.9999856353618003,0.9999856353618,-9.80196095005408e-07,-5.244285458856282e-07,0.9999856353618,0.999985907952124,0.9999856353617991,0.9999856161045624,-3.4967320630237786e-07,0.9999856353617991,0.9999856353618006,0.9999857519752218,0.9999858066106121,-1.3100160231690396e-06,0.9999856353618006,0.9999856353618006,0.9999860179169369,0.9999857519752218,0.9999856353617997,0.9999856353618003,-3.496732065874107e-07,0.9999859079521247,0.9999858053995034,0.9999856353617991,-7.897146558936859e-07,0.9999860179169373,0.9999856353618006
0.9999872122558426,0.9999859232240536,0.9999857519752224,0.9999857519752225,0.9999857519752231,0.9999857519752225,0.9999859220129431,0.9999857519752231,0.9999857519752231,0.9999857519752203,0.9999857519752218,0.999986637038423,0.9999861345304039,0.9999859232240533,0.9999861345304035,0.9999857519752225,0.9999857519752225,0.9999857519752222,0.9999857984853127,0.9999857519752222,0.9999857519752222,-9.801962077477508e-07,-5.244286060303695e-07,0.9999857519752222,0.9999860245655776,0.9999857519752205,0.9999857327179824,-1.7593980628764758e-10,0.9999857519752205,0.9999857519752225,0.9999858685886568,0.9999859232240537,-6.591410223381366e-10,0.9999857519752225,0.9999857519752225,0.9999861345304026,0.9999858685886568,0.9999857519752215,0.9999857519752225,-1.7593980646036268e-10,0.9999860245655792,0.999985922012944,0.9999857519752215,-7.897147457454898e-07,0.9999861345304039,0.9999857519752218
0.9999874781985797,0.9999861891658144,0.9999860179169378,0.9999860179169378,0.9999860179169384,0.9999860179169373,0.9999861879547033,0.9999860179169378,0.9999860179169378,0.9999860179169363,0.9999860179169361,0.9999861345304039,0.999987168921982,0.9999861891658136,0.9999864004722193,0.9999860179169369,0.9999860179169369,0.9999860179169378,0.99998606442704,0.9999860179169378,0.9999860179169372,-4.931907361318703e-10,-2.63868923759026e-10,0.9999860179169369,0.999986290507366,0.9999860179169361,0.9999859986596917,-1.7593985400703206e-10,0.9999860179169361,0.9999860179169373,0.9999861345304039,0.999986189165814,-1.3100165263212141e-06,0.9999860179169373,0.9999860179169373,0.9999864004722193,0.9999861345304039,0.9999860179169361,0.9999860179169369,-1.759398538301372e-10,0.9999862905073669,0.9999861879547051,0.9999860179169365,-3.9734891224264337e-10,0.9999864004722208,0.9999860179169373
0.9999872668914396,0.9999859778594545,0.9999858066106121,0.9999858066106129,0.9999858066106134,0.9999858066106122,0.9999859766483425,0.9999858066106133,0.9999858066106133,0.999985806610611,0.9999858066106124,0.9999859232240533,0.9999861891658136,0.9999867463092186,0.9999861891658136,0.9999858066106116,0.9999858066106116,0.9999858066106129,0.999985853120706,0.9999858066106129,0.9999858066106121,-9.80196263004782e-07,-2.638688677033191e-10,0.9999858066106121,0.999986079200985,0.9999858066106109,0.9999857873533711,-1.7593981624123413e-10,0.9999858066106109,0.9999858066106121,0.9999859232240533,0.9999859778594541,-1.3100162469712802e-06,0.9999858066106119,0.9999858066106121,0.9999861891658136,0.9999859232240533,0.9999858066106112,0.9999858066106121,-1.7593981629721265e-10,0.9999860792009849,0.9999859766483438,0.9999858066106112,-7.897147899399506e-07,0.999986189165814,0.9999858066106119
0.999987478198582,0.999986189165814,0.9999860179169373,0.9999860179169382,0.9999860179169384,0.9999860179169373,0.999986187954703,0.9999860179169375,0.9999860179169375,0.9999860179169352,0.9999860179169373,0.9999861345304035,0.9999864004722193,0.9999861891658136,0.9999871689219789,0.9999860179169366,0.9999860179169366,0.9999860179169375,0.99998606442704,0.9999860179169378,0.9999860179169375,-4.93190736249961e-10,-2.6386892346596063e-10,0.9999860179169375,0.9999862905073664,0.9999860179169356,0.9999859986596917,-1.7593985415639397e-10,0.9999860179169356,0.9999860179169373,0.9999861345304035,0.9999861891658147,-1.3100165263212124e-06,0.9999860179169373,0.9999860179169373,0.9999864004722198,0.9999861345304039,0.9999860179169361,0.9999860179169373,-1.7593985407590775e-10,0.9999862905073676,0.9999861879547051,0.9999860179169366,-3.973489119195947e-10,0.9999864004722202,0.9999860179169365
0.9999870956419543,0.9999858066106138,0.9999856353618009,0.999985635361801,0.9999856353618014,0.9999856353617997,0.9999858053995025,0.9999856353618009,0.9999856353618009,0.9999856353618003,0.9999856353618009,0.9999857519752225,0.9999860179169369,0.9999858066106116,0.9999860179169366,0.9999864038115747,0.9999856353618012,0.999985635361801,0.9999856818718863,0.9999856353618009,0.9999856353618009,-9.801960950054086e-07,-5.244285458856285e-07,0.9999856353618009,0.9999859079521247,0.9999856353618003,0.9999856161045636,-3.4967320630237786e-07,0.9999856353618003,0.9999856353618,0.9999857519752225,0.9999858066106121,-1.3100160231690402e-06,0.9999856353618,0.9999856353618,0.9999860179169379,0.9999857519752231,0.9999856353618009,0.9999856353618,-3.496732065874107e-07,0.9999859079521259,0.9999858053995052,0.9999856353618012,-7.897146558936866e-07,0.9999860179169391,0.9999856353618009
0.9999870956419543,0.9999858066106138,0.9999856353618009,0.999985635361801,0.9999856353618014,0.9999856353617997,0.9999858053995025,0.9999856353618009,0.9999856353618009,0.9999856353618003,0.9999856353618009,0.9999857519752225,0.9999860179169369,0.9999858066106116,0.9999860179169366,0.9999856353618012,0.9999864038115747,0.999985635361801,0.9999856818718863,0.9999856353618009,0.9999856353618009,-9.801960950054086e-07,-5.244285458856285e-07,0.9999856353618009,0.9999859079521247,0.9999856353618003,0.9999856161045636,-3.4967320630237786e-07,0.9999856353618003,0.9999856353618,0.9999857519752225,0.9999858066106121,-1.3100160231690402e-06,0.9999856353618,0.9999856353618,0.9999860179169379,0.9999857519752231,0.9999856353618009,0.9999856353618,-3.496732065874107e-07,0.9999859079521259,0.9999858053995052,0.9999856353618012,-7.897146558936866e-07,0.9999860179169391,0.9999856353618009
0.9999870956419564,0.9999858066106129,0.9999856353618012,0.9999856353618016,0.9999856353618016,0.999985635361801,0.9999858053995024,0.9999856353618021,0.9999856353618021,0.9999856353617995,0.9999856353618003,0.9999857519752222,0.9999860179169378,0.9999858066106129,0.9999860179169375,0.999985635361801,0.999985635361801,0.9999864038115743,0.999985681871885,0.9999856353618016,0.9999856353618001,-9.801960950054086e-07,-5.244285458856282e-07,0.9999856353618,0.9999859079521249,0.9999856353617995,0.9999856161045624,-3.4967320630237744e-07,0.9999856353617995,0.9999856353618021,0.9999857519752222,0.9999858066106122,-1.3100160231690393e-06,0.9999856353618021,0.9999856353618021,0.9999860179169373,0.9999857519752222,0.9999856353618,0.999985635361801,-3.496732065874105e-07,0.9999859079521257,0.9999858053995039,0.9999856353617993,-7.897146558936856e-07,0.9999860179169382,0.999985635361801
0.9999871421522308,0.9999858531207065,0.9999856818718859,0.999985681871885,0.9999856818718867,0.999985681871885,0.9999858519095942,0.9999856818718867,0.9999856818718867,0.9999856818718843,0.999985681871885,0.9999857984853127,0.99998606442704,0.999985853120706,0.99998606442704,0.9999856818718863,0.9999856818718863,0.999985681871885,0.9999864968317396,0.999985681871885,0.9999856818718855,-9.801961396593186e-07,-5.244285697129071e-07,0.9999856818718855,0.9999859544622235,0.9999856818718846,0.9999856626146457,-3.4967322188603936e-07,0.9999856818718846,0.9999856818718855,0.9999857984853127,0.9999858531207062,-6.591409769956924e-10,0.9999856818718855,0.9999856818718855,0.9999860644270397,0.9999857984853127,0.9999856818718844,0.9999856818718849,-3.49673222171072e-07,0.9999859544622235,0.9999858519095967,0.9999856818718846,-7.897146912704775e-07,0.9999860644270406,0.999985681871885
0.999987095641956,0.9999858066106129,0.9999856353618012,0.9999856353618016,0.9999856353618016,0.999985635361801,0.9999858053995024,0.9999856353618021,0.9999856353618021,0.9999856353618,0.9999856353618003,0.9999857519752222,0.9999860179169378,0.9999858066106129,0.9999860179169378,0.9999856353618009,0.9999856353618009,0.9999856353618016,0.999985681871885,0.9999864038115743,0.9999856353618,-9.80196095005408e-07,-5.244285458856277e-07,0.9999856353618,0.9999859079521249,0.9999856353617995,0.9999856161045624,-3.4967320630237754e-07,0.9999856353617995,0.9999856353618021,0.9999857519752222,0.9999858066106122,-1.3100160231690396e-06,0.9999856353618021,0.9999856353618021,0.9999860179169373,0.9999857519752222,0.9999856353618,0.999985635361801,-3.496732065874102e-07,0.9999859079521257,0.9999858053995041,0.9999856353617993,-7.897146558936855e-07,0.9999860179169382,0.999985635361801
0.9999870956419528,0.9999858066106133,0.9999856353618009,0.9999856353618,0.9999856353618009,0.9999856353618,0.9999858053995025,0.9999856353618009,0.9999856353618009,0.9999856353617995,0.9999856353618,0.9999857519752222,0.9999860179169372,0.9999858066106121,0.9999860179169375,0.9999856353618009,0.9999856353618009,0.9999856353618001,0.9999856818718855,0.9999856353618,0.9999864038115817,-9.801960950054086e-07,-5.24428545885628e-07,0.9999856353618012,0.999985907952125,0.9999856353618,0.9999856161045627,-3.4967320630237744e-07,0.9999856353618,0.9999856353617995,0.9999857519752222,0.9999858066106116,-1.3100160231690391e-06,0.9999856353617995,0.9999856353617995,0.9999860179169378,0.9999857519752222,0.9999856353618,0.9999856353617997,-3.496732065874103e-07,0.9999859079521257,0.9999858053995045,0.9999856353617997,-7.897146558936858e-07,0.9999860179169385,0.9999856353618006
-3.4352036061627492e-06,-9.801962630047837e-07,-9.801960950054086e-07,-9.801960950054088e-07,-9.801960950054099e-07,-9.80196095005408e-07,-9.801962609935001e-07,-9.801960950054092e-07,-9.801960950054092e-07,-9.801960950054084e-07,-9.80196095005408e-07,-9.801962077477508e-07,-4.931907361318703e-10,-9.80196263004782e-07,-4.93190736249961e-10,-9.801960950054086e-07,-9.801960950054086e-07,-9.801960950054086e-07,-9.801961396593186e-07,-9.80196095005408e-07,-9.801960950054086e-07,7.684504922083382e-07,4.84348349188776e-13,-9.801960950054086e-07,-9.801963580515943e-07,-9.801960950054088e-07,-9.801960761506208e-07,1.5930366419482935e-16,-9.801960950054088e-07,-9.80196095005408e-07,-9.801962077477508e-07,-9.80196263004782e-07,6.013760044282683e-16,-9.801960950054086e-07,-9.80196095005408e-07,-4.93190736249961e-10,-9.801962077477502e-07,-9.80196095005408e-07,-9.80196095005408e-07,1.59941638514899e-16,-9.801963580515954e-07,-9.801962609935016e-07,-9.801960950054071e-07,3.6417788036643617e-16,-4.93190736249961e-10,-9.801960950054092e-07
-2.979434229996331e-06,-2.6386886820821515e-10,-5.244285458856281e-07,-5.244285458856282e-07,-5.244285458856292e-07,-5.244285458856289e-07,-2.638688677344951e-10,-5.244285458856292e-07,-5.244285458856292e-07,-5.244285458856282e-07,-5.244285458856282e-07,-5.244286060303695e-07,-2.63868923759026e-10,-2.638688677033191e-10,-2.6386892346596063e-10,-5.244285458856285e-07,-5.244285458856285e-07,-5.244285458856282e-07,-5.244285697129071e-07,-5.244285458856277e-07,-5.24428545885628e-07,4.84348349188776e-13,7.684498352036697e-07,-5.24428545885628e-07,-5.244286859790801e-07,-5.24428545885628e-07,-5.244285358387046e-07,8.324967412372242e-17,-5.24428545885628e-07,-5.244285458856285e-07,-5.244286060303695e-07,-2.6386886820821515e-10,3.1557077533863267e-16,-5.244285458856284e-07,-5.244285458856285e-07,-2.63868923759026e-10,-5.244286060303692e-07,-5.24428545885628e-07,-5.244285458856286e-07,8.324967412372242e-17,-5.2442868597908e-07,-2.638688681711059e-10,-5.244285458856276e-07,1.918105120660852e-16,-2.6386892346596063e-10,-5.244285458856282e-07
0.9999870956419528,0.9999858066106133,0.999985635361801,0.9999856353618001,0.9999856353618009,0.9999856353617995,0.9999858053995025,0.9999856353618006,0.9999856353618006,0.9999856353617995,0.9999856353618,0.9999857519752222,0.9999860179169369,0.9999858066106121,0.9999860179169375,0.9999856353618009,0.9999856353618009,0.9999856353618,0.9999856818718855,0.9999856353618,0.9999856353618012,-9.801960950054086e-07,-5.24428545885628e-07,0.9999864038115817,0.9999859079521254,0.9999856353618,0.9999856161045627,-3.4967320630237733e-07,0.9999856353618,0.9999856353617995,0.9999857519752222,0.9999858066106116,-1.3100160231690391e-06,0.9999856353617995,0.9999856353617995,0.9999860179169378,0.9999857519752222,0.9999856353618,0.9999856353618,-3.496732065874103e-07,0.9999859079521254,0.9999858053995045,0.9999856353617997,-7.89714655893686e-07,0.9999860179169385,0.9999856353618006
0.9999873682333639,0.9999860792009847,0.9999859079521247,0.9999859079521249,0.9999859079521269,0.999985907952125,0.9999860779898726,0.9999859079521262,0.9999859079521262,0.9999859079521238,0.999985907952124,0.9999860245655776,0.999986290507366,0.999986079200985,0.9999862905073664,0.9999859079521247,0.9999859079521247,0.9999859079521249,0.9999859544622235,0.9999859079521249,0.999985907952125,-9.801963580515943e-07,-5.244286859790801e-07,0.9999859079521254,0.999986948992272,0.9999859079521237,0.9999858886948823,-1.7593983275918396e-10,0.9999859079521237,0.9999859079521249,0.9999860245655776,0.9999860792009838,-6.591411226112674e-10,0.9999859079521249,0.9999859079521249,0.9999862905073671,0.9999860245655776,0.999985907952124,0.9999859079521247,-1.7593983282710857e-10,0.9999861805425234,0.9999860779898747,0.9999859079521245,-3.973488649145708e-10,0.9999862905073681,0.999985907952124
0.9999870956419564,0.9999858066106121,0.9999856353618,0.9999856353618003,0.9999856353618012,0.9999856353618,0.9999858053995022,0.9999856353618009,0.9999856353618009,0.9999856353617993,0.9999856353617991,0.9999857519752205,0.9999860179169361,0.9999858066106109,0.9999860179169356,0.9999856353618003,0.9999856353618003,0.9999856353617995,0.9999856818718846,0.9999856353617995,0.9999856353618,-9.801960950054088e-07,-5.24428545885628e-07,0.9999856353618,0.9999859079521237,0.9999864038115712,0.9999856161045615,-3.496732063023774e-07,0.9999856353617991,0.9999856353618006,0.9999857519752205,0.9999858066106116,-1.3100160231690383e-06,0.9999856353617991,0.9999856353618006,0.9999860179169363,0.9999857519752205,0.9999856353617993,0.9999856353618,-3.496732065874105e-07,0.9999859079521244,0.9999858053995034,0.9999856353618,-7.897146558936858e-07,0.9999860179169372,0.9999856353617995
0.9999870763846466,0.9999857873533718,0.9999856161045625,0.9999856161045624,0.9999856161045643,0.9999856161045624,0.999985786142261,0.9999856161045639,0.9999856161045639,0.9999856161045615,0.9999856161045624,0.9999857327179824,0.9999859986596917,0.9999857873533711,0.9999859986596917,0.9999856161045636,0.9999856161045636,0.9999856161045624,0.9999856626146457,0.9999856161045624,0.9999856161045627,-9.801960761506208e-07,-5.244285358387046e-07,0.9999856161045627,0.9999858886948823,0.9999856161045615,0.9999863652971065,-1.7593978302086095e-10,0.9999856161045615,0.9999856161045627,0.9999857327179824,0.9999857873533711,-1.3100159980244115e-06,0.9999856161045627,0.9999856161045627,0.9999859986596908,0.9999857327179824,0.9999856161045624,0.9999856161045624,-1.7593978313641371e-10,0.9999858886948826,0.9999857861422624,0.9999856161045618,-7.89714640693295e-07,0.9999859986596925,0.9999856161045624
-2.804678193229523e-06,-1.7593981615001e-10,-3.4967320630237765e-07,-3.4967320630237744e-07,-3.4967320630237807e-07,-3.4967320630237776e-07,-3.496732647974885e-07,-3.4967320630237786e-07,-3.4967320630237786e-07,-3.4967320630237754e-07,-3.4967320630237786e-07,-1.7593980628764758e-10,-1.7593985400703206e-10,-1.7593981624123413e-10,-1.7593985415639397e-10,-3.4967320630237786e-07,-3.4967320630237786e-07,-3.4967320630237744e-07,-3.4967322188603936e-07,-3.4967320630237754e-07,-3.4967320630237744e-07,1.5930366419482935e-16,8.324967412372242e-17,-3.4967320630237733e-07,-1.7593983275918396e-10,-3.496732063023774e-07,-1.7593978302086095e-10,7.68449687355456e-07,-3.496732063023774e-07,-3.496732063023774e-07,-1.7593980639315752e-10,-1.759398162323681e-10,2.0604654148963632e-16,-3.4967320630237765e-07,-3.496732063023774e-07,-1.7593985379068282e-10,-1.7593980618856716e-10,-3.4967320630237733e-07,-3.496732063023776e-07,1.0849418437034839e-13,-1.7593983274297246e-10,-3.4967326479748963e-07,-3.4967320630237733e-07,1.2739752078553385e-16,-1.759398540507806e-10,-3.4967320630237765e-07
0.9999870956419564,0.9999858066106121,0.9999856353618,0.9999856353618003,0.9999856353618012,0.9999856353618,0.9999858053995022,0.9999856353618009,0.9999856353618009,0.9999856353617993,0.9999856353617991,0.9999857519752205,0.9999860179169361,0.9999858066106109,0.9999860179169356,0.9999856353618003,0.9999856353618003,0.9999856353617995,0.9999856818718846,0.9999856353617995,0.9999856353618,-9.801960950054088e-07,-5.24428545885628e-07,0.9999856353618,0.9999859079521237,0.9999856353617991,0.9999856161045615,-3.496732063023774e-07,0.9999864038115712,0.9999856353618006,0.9999857519752205,0.9999858066106116,-1.3100160231690383e-06,0.9999856353617991,0.9999856353618006,0.9999860179169363,0.9999857519752205,0.9999856353617993,0.9999856353618,-3.496732065874105e-07,0.9999859079521244,0.9999858053995034,0.9999856353618,-7.897146558936858e-07,0.9999860179169372,0.9999856353617995
0.9999870956419586,0.9999858066106129,0.9999856353618016,0.9999856353618016,0.9999856353618021,0.9999856353618001,0.9999858053995019,0.9999856353618012,0.9999856353618012,0.9999856353618006,0.9999856353618006,0.9999857519752225,0.9999860179169373,0.9999858066106121,0.9999860179169373,0.9999856353618,0.9999856353618,0.9999856353618021,0.9999856818718855,0.9999856353618021,0.9999856353617995,-9.80196095005408e-07,-5.244285458856285e-07,0.9999856353617995,0.9999859079521249,0.9999856353618006,0.9999856161045627,-3.496732063023774e-07,0.9999856353618006,0.9999864038115782,0.9999857519752225,0.9999858066106124,-1.3100160231690396e-06,0.9999856353618001,0.9999856353618003,0.9999860179169373,0.9999857519752224,0.9999856353618009,0.9999856353617997,-3.496732065874103e-07,0.9999859079521262,0.9999858053995047,0.9999856353617995,-7.897146558936856e-07,0.9999860179169382,0.9999856353618009
0.9999872122558426,0.9999859232240536,0.9999857519752224,0.9999857519752225,0.9999857519752231,0.9999857519752225,0.9999859220129433,0.9999857519752231,0.9999857519752231,0.9999857519752203,0.9999857519752218,0.9999858685886568,0.9999861345304039,0.9999859232240533,0.9999861345304035,0.9999857519752225,0.9999857519752225,0.9999857519752222,0.9999857984853127,0.9999857519752222,0.9999857519752222,-9.801962077477508e-07,-5.244286060303695e-07,0.9999857519752222,0.9999860245655776,0.9999857519752205,0.9999857327179824,-1.7593980639315752e-10,0.9999857519752205,0.9999857519752225,0.999986637038423,0.9999859232240537,-6.591410222578122e-10,0.9999857519752225,0.9999857519752225,0.9999861345304026,0.9999858685886568,0.9999857519752215,0.9999857519752225,-1.7593980646036268e-10,0.9999860245655792,0.999985922012944,0.9999857519752215,-7.897147457454898e-07,0.9999861345304039,0.9999857519752218
0.9999872668914396,0.9999859778594545,0.9999858066106121,0.9999858066106122,0.9999858066106131,0.9999858066106121,0.999985976648341,0.9999858066106129,0.9999858066106129,0.9999858066106103,0.9999858066106121,0.9999859232240537,0.999986189165814,0.9999859778594541,0.9999861891658147,0.9999858066106121,0.9999858066106121,0.9999858066106122,0.9999858531207062,0.9999858066106122,0.9999858066106116,-9.80196263004782e-07,-2.6386886820821515e-10,0.9999858066106116,0.9999860792009838,0.9999858066106116,0.9999857873533711,-1.759398162323681e-10,0.9999858066106116,0.9999858066106124,0.9999859232240537,0.9999867463092172,-1.3100162469712808e-06,0.9999858066106124,0.9999858066106124,0.9999861891658147,0.9999859232240537,0.9999858066106122,0.9999858066106121,-1.7593981634446906e-10,0.9999860792009849,0.9999859766483442,0.999985806610611,-7.897147899399508e-07,0.999986189165815,0.9999858066106119
-3.765025116642911e-06,-1.3100162469712821e-06,-1.3100160231690391e-06,-1.3100160231690391e-06,-1.31001602316904e-06,-1.3100160231690398e-06,-1.3100162437375682e-06,-1.3100160231690406e-06,-1.3100160231690406e-06,-1.3100160231690391e-06,-1.3100160231690396e-06,-6.591410223381366e-10,-1.3100165263212141e-06,-1.3100162469712802e-06,-1.3100165263212124e-06,-1.3100160231690402e-06,-1.3100160231690402e-06,-1.3100160231690393e-06,-6.591409769956924e-10,-1.3100160231690396e-06,-1.3100160231690391e-06,6.013760044282683e-16,3.1557077533863267e-16,-1.3100160231690391e-06,-6.591411226112674e-10,-1.3100160231690383e-06,-1.3100159980244115e-06,2.0604654148963632e-16,-1.3100160231690383e-06,-1.3100160231690396e-06,-6.591410222578122e-10,-1.3100162469712808e-06,7.684511282713582e-07,-1.3100160231690396e-06,-1.3100160231690396e-06,-1.3100165263212124e-06,-6.591410227015558e-10,-1.3100160231690383e-06,-1.31001602316904e-06,2.0582644264228249e-16,-6.591411220544988e-10,-1.310016243737571e-06,-1.3100160231690385e-06,4.77272982505704e-16,-1.3100165263212124e-06,-1.3100160231690385e-06
0.9999870956419586,0.9999858066106129,0.9999856353618016,0.9999856353618016,0.9999856353618019,0.9999856353617995,0.9999858053995019,0.9999856353618009,0.9999856353618009,0.9999856353618006,0.9999856353618006,0.9999857519752225,0.9999860179169373,0.9999858066106119,0.9999860179169373,0.9999856353618,0.9999856353618,0.9999856353618021,0.9999856818718855,0.9999856353618021,0.9999856353617995,-9.801960950054086e-07,-5.244285458856284e-07,0.9999856353617995,0.9999859079521249,0.9999856353617991,0.9999856161045627,-3.4967320630237765e-07,0.9999856353617991,0.9999856353618001,0.9999857519752225,0.9999858066106124,-1.3100160231690396e-06,0.9999864038115782,0.9999856353618001,0.9999860179169373,0.9999857519752225,0.9999856353618001,0.9999856353617997,-3.4967320658741043e-07,0.9999859079521257,0.9999858053995045,0.9999856353617993,-7.897146558936858e-07,0.9999860179169382,0.9999856353618
0.9999870956419586,0.9999858066106129,0.9999856353618016,0.9999856353618016,0.9999856353618021,0.9999856353618001,0.9999858053995019,0.9999856353618012,0.9999856353618012,0.9999856353618006,0.9999856353618006,0.9999857519752225,0.9999860179169373,0.9999858066106121,0.9999860179169373,0.9999856353618,0.9999856353618,0.9999856353618021,0.9999856818718855,0.9999856353618021,0.9999856353617995,-9.80196095005408e-07,-5.244285458856285e-07,0.9999856353617995,0.9999859079521249,0.9999856353618006,0.9999856161045627,-3.496732063023774e-07,0.9999856353618006,0.9999856353618003,0.9999857519752225,0.9999858066106124,-1.3100160231690396e-06,0.9999856353618001,0.9999864038115782,0.9999860179169373,0.9999857519752224,0.9999856353618009,0.9999856353617997,-3.496732065874104e-07,0.9999859079521262,0.9999858053995047,0.9999856353617995,-7.897146558936856e-07,0.9999860179169382,0.9999856353618009
0.9999874781985811,0.9999861891658143,0.9999860179169382,0.9999860179169373,0.9999860179169385,0.9999860179169372,0.9999861879547033,0.9999860179169384,0.9999860179169384,0.9999860179169356,0.9999860179169369,0.9999861345304026,0.9999864004722193,0.9999861891658136,0.9999864004722198,0.9999860179169379,0.9999860179169379,0.9999860179169373,0.9999860644270397,0.9999860179169373,0.9999860179169378,-4.93190736249961e-10,-2.63868923759026e-10,0.9999860179169378,0.9999862905073671,0.9999860179169363,0.9999859986596908,-1.7593985379068282e-10,0.9999860179169363,0.9999860179169373,0.9999861345304026,0.9999861891658147,-1.3100165263212124e-06,0.9999860179169373,0.9999860179169373,0.9999871689219768,0.9999861345304026,0.9999860179169365,0.9999860179169369,-1.75939854189883e-10,0.9999862905073669,0.9999861879547054,0.9999860179169373,-3.9734891229727183e-10,0.9999864004722206,0.9999860179169365
0.9999872122558425,0.9999859232240536,0.9999857519752224,0.9999857519752225,0.9999857519752231,0.9999857519752224,0.9999859220129431,0.9999857519752231,0.9999857519752231,0.9999857519752203,0.9999857519752218,0.9999858685886568,0.9999861345304039,0.9999859232240533,0.9999861345304039,0.9999857519752231,0.9999857519752231,0.9999857519752222,0.9999857984853127,0.9999857519752222,0.9999857519752222,-9.801962077477502e-07,-5.244286060303692e-07,0.9999857519752222,0.9999860245655776,0.9999857519752205,0.9999857327179824,-1.7593980618856716e-10,0.9999857519752205,0.9999857519752224,0.9999858685886568,0.9999859232240537,-6.591410227015558e-10,0.9999857519752225,0.9999857519752224,0.9999861345304026,0.9999866370384233,0.9999857519752215,0.9999857519752225,-1.7593980641989608e-10,0.9999860245655792,0.999985922012944,0.9999857519752218,-7.897147457454894e-07,0.9999861345304039,0.9999857519752218
0.9999870956419564,0.9999858066106124,0.9999856353618003,0.9999856353618009,0.9999856353618021,0.9999856353618003,0.999985805399502,0.9999856353618016,0.9999856353618016,0.9999856353617995,0.9999856353617997,0.9999857519752215,0.9999860179169361,0.9999858066106112,0.9999860179169361,0.9999856353618009,0.9999856353618009,0.9999856353618,0.9999856818718844,0.9999856353618,0.9999856353618,-9.80196095005408e-07,-5.24428545885628e-07,0.9999856353618,0.999985907952124,0.9999856353617993,0.9999856161045624,-3.4967320630237733e-07,0.9999856353617993,0.9999856353618009,0.9999857519752215,0.9999858066106122,-1.3100160231690383e-06,0.9999856353618001,0.9999856353618009,0.9999860179169365,0.9999857519752215,0.9999864038115726,0.9999856353617997,-3.496732065874103e-07,0.9999859079521245,0.9999858053995031,0.9999856353618003,-7.897146558936856e-07,0.9999860179169369,0.9999856353617997
0.9999870956419524,0.9999858066106121,0.9999856353618009,0.9999856353618009,0.999985635361801,0.9999856353618,0.999985805399501,0.9999856353618012,0.9999856353618012,0.9999856353617993,0.9999856353618003,0.9999857519752225,0.9999860179169369,0.9999858066106121,0.9999860179169373,0.9999856353618,0.9999856353618,0.999985635361801,0.9999856818718849,0.999985635361801,0.9999856353617997,-9.80196095005408e-07,-5.244285458856286e-07,0.9999856353618,0.9999859079521247,0.9999856353618,0.9999856161045624,-3.496732063023776e-07,0.9999856353618,0.9999856353617997,0.9999857519752225,0.9999858066106121,-1.31001602316904e-06,0.9999856353617997,0.9999856353617997,0.9999860179169369,0.9999857519752225,0.9999856353617997,0.9999864038115795,-3.496732065874107e-07,0.9999859079521256,0.999985805399505,0.9999856353617989,-7.897146558936863e-07,0.9999860179169375,0.9999856353618003
-2.8046781900917395e-06,-1.7593981627620218e-10,-3.496732065874105e-07,-3.496732065874104e-07,-3.4967320658741117e-07,-3.4967320658741064e-07,-3.496732650825214e-07,-3.496732065874108e-07,-3.496732065874108e-07,-3.496732065874105e-07,-3.496732065874107e-07,-1.7593980646036268e-10,-1.759398538301372e-10,-1.7593981629721265e-10,-1.7593985407590775e-10,-3.496732065874107e-07,-3.496732065874107e-07,-3.496732065874105e-07,-3.49673222171072e-07,-3.496732065874102e-07,-3.496732065874103e-07,1.59941638514899e-16,8.324967412372242e-17,-3.496732065874103e-07,-1.7593983282710857e-10,-3.496732065874105e-07,-1.7593978313641371e-10,1.0849418437034839e-13,-3.496732065874105e-07,-3.496732065874103e-07,-1.7593980646036268e-10,-1.7593981634446906e-10,2.0582644264228249e-16,-3.4967320658741043e-07,-3.496732065874104e-07,-1.75939854189883e-10,-1.7593980641989608e-10,-3.496732065874103e-07,-3.496732065874107e-07,7.68449687355456e-07,-1.7593983303508917e-10,-3.496732650825221e-07,-3.496732065874104e-07,1.2667119621797545e-16,-1.7593985391346173e-10,-3.496732065874105e-07
0.9999873682333645,0.9999860792009864,0.9999859079521257,0.9999859079521257,0.9999859079521278,0.9999859079521262,0.9999860779898726,0.9999859079521278,0.9999859079521278,0.999985907952124,0.9999859079521247,0.9999860245655792,0.9999862905073669,0.9999860792009849,0.9999862905073676,0.9999859079521259,0.9999859079521259,0.9999859079521257,0.9999859544622235,0.9999859079521257,0.9999859079521257,-9.801963580515954e-07,-5.2442868597908e-07,0.9999859079521254,0.9999861805425234,0.9999859079521244,0.9999858886948826,-1.7593983274297246e-10,0.9999859079521244,0.9999859079521262,0.9999860245655792,0.9999860792009849,-6.591411220544988e-10,0.9999859079521257,0.9999859079521262,0.9999862905073669,0.9999860245655792,0.9999859079521245,0.9999859079521256,-1.7593983303508917e-10,0.9999869489922729,0.9999860779898755,0.9999859079521256,-3.9734886477776613e-10,0.9999862905073676,0.9999859079521256
0.9999872656803315,0.9999859766483453,0.9999858053995045,0.9999858053995039,0.9999858053995064,0.9999858053995052,0.9999859754372336,0.9999858053995064,0.9999858053995064,0.9999858053995025,0.9999858053995034,0.999985922012944,0.9999861879547051,0.9999859766483438,0.9999861879547051,0.9999858053995052,0.9999858053995052,0.9999858053995039,0.9999858519095967,0.9999858053995041,0.9999858053995045,-9.801962609935016e-07,-2.638688681711059e-10,0.9999858053995045,0.9999860779898747,0.9999858053995034,0.9999857861422624,-3.4967326479748963e-07,0.9999858053995034,0.9999858053995047,0.999985922012944,0.9999859766483442,-1.310016243737571e-06,0.9999858053995045,0.9999858053995047,0.9999861879547054,0.999985922012944,0.9999858053995031,0.999985805399505,-3.496732650825221e-07,0.9999860779898755,0.9999867438870006,0.9999858053995034,-3.973488262050476e-10,0.9999861879547061,0.9999858053995039
0.9999870956419598,0.9999858066106131,0.9999856353618009,0.9999856353617991,0.9999856353618003,0.9999856353617991,0.9999858053995019,0.9999856353618001,0.9999856353618001,0.9999856353617987,0.9999856353617991,0.9999857519752215,0.9999860179169365,0.9999858066106112,0.9999860179169366,0.9999856353618012,0.9999856353618012,0.9999856353617993,0.9999856818718846,0.9999856353617993,0.9999856353617997,-9.801960950054071e-07,-5.244285458856276e-07,0.9999856353617997,0.9999859079521245,0.9999856353618,0.9999856161045618,-3.4967320630237733e-07,0.9999856353618,0.9999856353617995,0.9999857519752215,0.999985806610611,-1.3100160231690385e-06,0.9999856353617993,0.9999856353617995,0.9999860179169373,0.9999857519752218,0.9999856353618003,0.9999856353617989,-3.496732065874104e-07,0.9999859079521256,0.9999858053995034,0.9999864038115747,-7.897146558936855e-07,0.9999860179169378,0.9999856353618
