0.9999999999888791,-2.093932442434026e-09,-4.538975734863788e-09,-3.571779421172891e-09,0.9999999976883088,0.9999999990316465,-2.1777311768146155e-09,-4.954692293760394e-09,-4.287882850866433e-09,-4.287882850984295e-09,-3.778971675359666e-09,-3.9061713868932814e-09,-4.611728181804091e-09,-6.03212516976485e-09,-4.152045834184612e-09,-4.7745609987591096e-09,-2.34965118720673e-09,-4.489422286430967e-09,0.9999999984626585,-2.2917645950877083e-09,-3.960776901066936e-09,-2.112950795714224e-09,-3.859186393067325e-09,-3.6437783043561257e-09,-2.1241318385902817e-09,0.9999999986352113,-3.3162470070959683e-09,-3.694212878841231e-09,-4.345587202088038e-09,-4.611728386643135e-09,0.9999999986345991,-4.55746016715986e-09,-2.291764607014713e-09,-4.572660447588901e-09,-2.1015328014954995e-09,-2.0123588006930672e-09,0.9999999991148082,-4.249802496959995e-09,-4.229453646994271e-09,-5.290534687606639e-09,-3.307463446707848e-09,-3.0573105309490485e-09,-5.117121790044848e-09,-2.080573864056431e-09,-4.5479123761618176e-09,-4.588236640985109e-09,0.9999999970589951,-5.693100923862093e-09,0.9999999970589979,0.9999999984382368,-4.803750903040482e-09,-2.1676910701519403e-09,-4.859891687730454e-09,-2.2941164950170988e-09,-5.513631126609685e-09,1.000000000035498,1.0000000007288985,-5.194275735994763e-09,-2.146336923943449e-09,0.9999999984945461,0.9999999984382372,0.9999999970589973,-6.038536511757617e-09,-4.229453645601004e-09,-4.229453646983019e-09,0.9999999970589973,0.9999999996267921,0.9999999970589939,-2.291764595669519e-09,-4.336751469555151e-09
-2.093932442434026e-09,-8.893821816045333e-09,9.162939362521573e-15,-1.4680185097698444e-13,1.5245633330437208e-12,1.5143504111562293e-12,2.083113674799774e-12,-1.9877395544415726e-13,-1.5135666356204566e-14,-1.5135595965650327e-14,-2.6375838660241746e-13,9.335237441368434e-14,1.340805380036031e-14,1.95600578910425e-14,3.703676057232908e-14,-8.223278559568551e-14,-5.79939574831467e-14,3.9678649966316484e-13,1.4685028113126195e-12,-7.697522834207638e-14,-1.604166341221654e-13,-9.450682514552261e-15,-1.2325586961122294e-13,-1.6813304797511528e-13,3.4767859774070984e-15,1.4700227237461256e-12,-1.752554068328421e-14,-6.641449944890153e-14,2.8012771816742355e-15,1.3408133883509744e-14,1.489311728646232e-12,3.8926747365109917e-13,-7.697521274694958e-14,-2.0013677002610835e-13,8.225934681861104e-16,-8.73003903554821e-14,1.526312253133648e-12,5.455507126189816e-14,-2.1115250397394433e-13,2.7483331929627043e-10,-2.7471068784384573e-14,9.43353946078186e-14,3.0630016392709016e-10,2.7132900691187043e-14,-1.906526214291062e-13,1.3195559406497023e-14,1.5096537589659065e-12,9.313819957546775e-14,1.5096537589659065e-12,1.5194080314695389e-12,8.19701899854458e-14,2.5681368181986807e-14,4.1062376671449473e-13,-7.566304645517588e-14,1.1542782191714393e-13,1.3833252813636477e-12,2.9535777672321985e-09,1.3404490368562048e-13,1.1717021399832147e-14,1.4553869191370242e-12,1.5194079957039585e-12,1.5096534342511095e-12,1.4069506853107849e-14,-2.111524820642622e-13,-2.1115250397394433e-13,1.5096537451973442e-12,1.4882719932886624e-12,1.5096537589659065e-12,-7.697522834207638e-14,1.2955976692590812e-13
-4.538975734863788e-09,9.162939362521573e-15,-8.923465654406583e-09,-1.783922566056239e-15,5.40109517185649e-10,2.754488745807404e-13,7.807515333378926e-15,-2.1249358622056166e-15,-2.861669822534308e-15,-2.861669822534308e-15,-2.0431484180761054e-14,1.2849964386279996e-14,-2.1877732726979587e-12,5.888971977091204e-15,4.082644233291282e-15,-2.3039353321649396e-14,-1.5548667667537794e-14,-1.6830253348462058e-15,2.6624642156450173e-13,-1.7027270846390594e-14,7.696050144644292e-15,8.891785723813723e-16,-9.029796359926174e-15,-1.403342206550434e-14,5.379796384984897e-15,2.6566514979795103e-13,7.23712517346979e-15,-5.6290958578248816e-15,-5.6022506165695805e-15,-2.1877732726834443e-12,2.666237562364274e-13,-1.290547742532596e-15,-1.7027406143788913e-14,-1.3262094138550187e-15,-1.0137262941660144e-15,-1.4535437411669043e-14,5.521893907869931e-10,2.0514382108034913e-14,-1.0600773735879017e-14,-1.5177992193669874e-14,-2.3265129133827972e-12,1.928297415031759e-14,-1.2339110873512334e-14,7.579039650645121e-15,-8.938642988966165e-15,-4.004608652066407e-12,2.687168185560695e-13,-9.704985575594558e-15,2.6871681737872263e-13,2.724023254001816e-13,1.1368306542108524e-14,3.4782095613232766e-15,3.9424034476783065e-16,-3.442203261772219e-11,-1.2013618012546867e-14,5.478966256326096e-10,5.322351458456982e-10,-1.1408124088535035e-14,5.090613615589003e-15,2.7004895153413483e-13,2.724023254001816e-13,2.6871693342858374e-13,-1.1273402598865369e-14,-1.060069500605827e-14,-1.0600775341518923e-14,2.6871691081790553e-13,2.677380680194056e-13,2.6871683999859505e-13,-1.702730108754858e-14,1.875346891481525e-14
-3.571779421172891e-09,-1.4680185097698444e-13,-1.783922566056239e-15,-7.86594572242538e-09,1.1046299832432013e-09,4.585164191320429e-13,-9.210253322670249e-14,1.411520319655969e-09,8.445362967438347e-14,8.445362967438347e-14,2.283388904068054e-09,-4.697347902034406e-13,-3.373604572696883e-14,-1.3042283734273694e-13,-1.7183698421682027e-13,5.494967659000961e-13,3.779052002201767e-13,-1.352921296090538e-12,7.133109802591972e-13,4.604416808259655e-13,9.241211924165965e-10,4.71356144482564e-11,5.304874853483325e-13,7.432029671228121e-13,-7.281825602566482e-14,7.17703616960925e-13,-2.1526755595987135e-14,2.9563799591734406e-13,9.707993977270122e-11,-3.373605841992731e-14,6.248697501267351e-13,-1.331594648356819e-12,4.604415010437821e-13,7.036041895037569e-13,1.9796449262998215e-11,4.656725274080673e-13,8.084972160158865e-10,-4.2399305148720893e-13,8.504612069516056e-13,-6.058734396988049e-10,1.0681861659690934e-13,-5.449256767103157e-13,-7.820019379072574e-10,-1.7995235803822777e-13,7.606412793528004e-13,-2.2596461252880224e-14,4.747485772511387e-13,-2.13888140228437e-13,4.747487025595797e-13,4.1877139282888853e-13,-8.207130450977301e-10,-1.2753349283075027e-13,-1.4206149539506927e-12,4.589535465484367e-13,-2.6412587805047236e-13,1.9188692534036044e-09,1.4849907043011019e-09,-6.686450318890222e-10,-9.802720564845493e-14,7.235519138470173e-13,4.1877139282889616e-13,4.747486035474632e-13,1.5320814899770273e-10,8.504610714414341e-13,8.504608262553855e-13,4.747485877701918e-13,6.35269914949235e-13,4.747486092261427e-13,4.604415010437821e-13,-1.3171997249278608e-09
0.9999999976883088,1.5245633330437208e-12,5.40109517185649e-10,1.1046299832432013e-09,1.0000000125709545,1.000000021457828,1.4653995257799337e-12,-4.78146948037911e-10,3.4511238850137937e-13,3.451126046632809e-13,2.2948847317871504e-13,7.360071594323081e-13,4.726690194345718e-10,-4.95988936734768e-10,1.0968538072882255e-09,1.3566597640983947e-10,1.2197552214344062e-12,1.5977519579692572e-09,1.0000000205723891,1.2191238174108961e-12,7.069919278630786e-10,1.4646493032598732e-12,4.17819246606326e-13,4.475037634518211e-13,1.4879893659689094e-12,1.0000000207923865,8.715730535778952e-13,5.904198312410102e-13,6.295737517199987e-10,4.726689531420552e-10,1.0000000206030943,1.5091242221390486e-09,1.2191240523109436e-12,-8.699677687563609e-11,1.4794860699802742e-12,2.8775492648603365e-09,1.0000000217391924,1.2482153929914867e-09,1.731821227751263e-10,2.4181929080374115e-11,1.7788379187626845e-09,1.1937645455100856e-12,2.500982475795571e-10,1.5470477302870007e-12,-8.093215727688961e-11,5.031516263765728e-10,1.0000000182029098,-4.81113987121823e-10,1.0000000182029114,1.0000000199442032,6.282745591127758e-10,1.4919083286242415e-12,1.3369765974080804e-09,1.219462577011168e-12,-2.7277456695908836e-10,1.0000000228906005,1.0000000243964258,1.172386277403651e-10,1.4871291385850712e-12,1.0000000207286812,1.000000019944203,1.0000000182029105,-1.0649862558249762e-09,1.7318177294591513e-10,1.7318150527816854e-10,1.000000018202912,1.0000000219132568,1.0000000182029098,1.219123586411442e-12,6.031840929976085e-13
0.9999999990316465,1.5143504111562293e-12,2.754488745807404e-13,4.585164191320429e-13,1.000000021457828,1.0000000125651738,1.4499366498952607e-12,-3.6678552803304324e-13,6.679508740351544e-10,6.679511659245798e-10,8.730599631077849e-14,7.716586131292889e-13,2.425344949673455e-13,-5.210746645293745e-10,5.612086135285562e-13,7.729039195294417e-11,1.2017636745091776e-12,1.0518344930884332e-12,1.0000000205755872,1.1912679307065361e-12,4.722194686564143e-10,1.4526107485117862e-12,3.475489086711152e-13,3.5635631093703875e-13,1.4776592392800591e-12,1.000000020796377,8.449217787881554e-13,5.509816452328955e-13,3.226030134632758e-13,2.4253431348630407e-13,1.0000000206434028,1.0020779644334807e-12,1.1912682590730693e-12,-1.7269649155430827e-13,1.4767170739377568e-12,2.790959866582192e-09,1.0000000217653264,1.2368734726752605e-09,-3.5470546429772136e-14,1.1757861099186064e-13,1.7310761805784852e-09,1.21993131772326e-12,2.369560607300079e-13,1.5485455408812895e-12,-1.524811844606469e-13,5.150938255291243e-10,1.0000000183163216,-1.7217636893118181e-13,1.0000000183163233,1.0000000200402779,6.83424269150185e-10,1.4983498372362747e-12,9.247214669989963e-13,1.192781042574561e-12,-4.945735201362052e-14,1.0000000227048214,1.0000000243233946,1.566229645825021e-13,1.4824479556583466e-12,1.0000000206959452,1.0000000200402777,1.0000000183163227,-5.125366275055526e-13,-3.5470710388201213e-14,-3.5470942823984634e-14,1.0000000183163238,1.0000000219300431,1.0000000183163225,1.1912676282325129e-12,6.520454484063271e-13
-2.1777311768146155e-09,2.083113674799774e-12,7.807515333378926e-15,-9.210253322670249e-14,1.4653995257799337e-12,1.4499366498952607e-12,-8.928404330881561e-09,-1.2518127019099273e-13,-7.528624557476652e-15,-7.528600767337555e-15,-1.5266662649976364e-13,4.989425275589724e-14,9.383337590134659e-15,8.448132353574379e-15,2.0771935848641187e-14,-3.503639794660341e-14,-2.5356872131119926e-14,2.539500391123523e-13,1.426970550526815e-12,-3.63424754274685e-14,-1.0805296604978919e-13,-6.5817027525235526e-15,-7.167013455062293e-14,-9.649885108689672e-14,-1.724995964390962e-15,1.4285812979830357e-12,-1.6489788613894325e-14,-3.7965342802135996e-14,5.591928128407629e-15,9.383337590134659e-15,1.4390897066055246e-12,2.488555637792356e-13,-3.63424754274685e-14,-1.2669092953021224e-13,1.3811473623971486e-15,-4.488542062312305e-14,1.4568644915097854e-12,1.9446933480905273e-14,-1.2661044444294603e-13,1.9750563401076268e-10,-1.6691590819992326e-14,4.5849752867799826e-14,2.131491875104241e-10,1.1687310009264783e-14,-1.147892999377249e-13,9.927380937483328e-15,1.4465798027345411e-12,6.637300237467394e-14,1.4465797560281415e-12,1.4514355469436894e-12,4.385496802347033e-14,1.3853248157481061e-14,2.61487201973374e-13,-3.530817106870049e-14,8.231517512961314e-14,1.3701016321205936e-12,2.871993634623142e-09,1.8664003371219835e-10,3.7349983075854684e-15,1.4163699302042944e-12,1.451435718708444e-12,1.4465797560281415e-12,1.7149134749017945e-14,-1.2661054869482803e-13,-1.2661054869482803e-13,1.4465798613850001e-12,1.4389641936237592e-12,1.4465797560281415e-12,-3.63424754274685e-14,6.863238653125778e-14
-4.954692293760394e-09,-1.9877395544415726e-13,-2.1249358622056166e-15,1.411520319655969e-09,-4.78146948037911e-10,-3.6678552803304324e-13,-1.2518127019099273e-13,-7.025431678968032e-09,1.1360976610047142e-13,1.1360971884671509e-13,1.540940298477294e-12,-6.324853785338173e-13,-4.5235785542362136e-14,-1.7670671662967728e-13,-2.3150078912206384e-13,7.407150809898378e-13,5.095085880057263e-13,-1.8139530927919448e-12,-2.309927628530589e-14,6.204605191637264e-13,1.2358604950710039e-09,6.245295920548756e-11,7.128003872618833e-13,9.9897798720474e-13,-9.885824266095727e-14,-1.719368458987203e-14,-3.0450215569144726e-14,3.9723680780345257e-13,1.3210312640476483e-10,-4.5235865977749715e-14,-1.4135402271510665e-13,-1.7854264206899534e-12,6.20460556267959e-13,1.8792107483690372e-09,1.3311315292961028e-14,6.268046217686695e-13,-4.380310225466067e-13,-5.72827383055745e-13,2.274861719356411e-09,-4.0524235078196916e-13,1.431221722334042e-13,-1.4630797911890717e-09,-1.04422059157517e-09,-2.42923675673353e-13,2.034354210575324e-09,-3.01408192492232e-14,-3.4121869297362176e-13,-5.677737001385247e-10,-3.412189471915431e-13,-4.1762025618146173e-13,-5.550115288666496e-13,-1.7187404318019006e-13,-1.905251924608375e-12,6.1851142187258e-13,-7.010101724520429e-10,6.14517989790023e-10,3.329397470450601e-11,-8.925431095508678e-10,-1.3260493798707158e-13,-1.0363625451413696e-14,-4.176201461249336e-13,-3.4121894448509263e-13,2.094530903325754e-10,2.274861719356426e-09,2.27486171935643e-09,-3.41218725560294e-13,-1.2825725121842468e-13,-3.4121890368525685e-13,6.204605635251478e-13,-8.905894371166938e-13
-4.287882850866433e-09,-1.5135666356204566e-14,-2.861669822534308e-15,8.445362967438347e-14,3.4511238850137937e-13,6.679508740351544e-10,-7.528624557476652e-15,1.1360976610047142e-13,-8.896423493913357e-09,2.1870101727773453e-11,1.6724907835969899e-13,-6.425734114638402e-14,-6.6166837711594585e-15,-1.580621472083899e-14,-2.4203999921183146e-14,6.723746253140203e-14,9.278548012778376e-11,-2.224455045613601e-13,3.6829897172600017e-13,1.1676037665221736e-10,1.6565356021633968e-10,4.658422175788364e-15,7.775871596860056e-14,1.0762283423618877e-13,-6.72995579336321e-15,3.6838623812935834e-13,3.4363705400683356e-15,4.2714510272080995e-14,5.162537546813202e-12,-6.616704847087147e-15,3.5450628417416005e-13,-2.1858132237643899e-13,1.1676037665217469e-10,1.1355846575005626e-13,5.747402053220168e-16,6.187585470701849e-14,3.283792197833893e-13,-9.841133842605489e-11,1.2849405984307536e-13,-6.437313235410023e-14,1.6249159609675202e-14,-7.033706900977878e-14,-7.603149922307912e-14,-2.2079697889628678e-14,1.1544415669115405e-13,-5.684786294270941e-15,3.3328601902869445e-13,-8.821460267553357e-11,3.3328614944965124e-13,3.2727489742084644e-13,-5.6331073229308676e-14,-1.7506149785279125e-14,-2.315718776487559e-13,1.1577807697922099e-10,-5.472628547906335e-14,4.1640183637395084e-13,7.416344466437815e-10,-6.582797725065776e-14,-1.1123238084038985e-14,3.734635266926782e-13,3.2727483213182597e-13,3.3328614944965124e-13,1.6587196303384972e-15,1.2849411260427834e-13,1.284942131016456e-13,3.332859637704639e-13,3.568433911431471e-13,3.332860398989505e-13,1.1676037665219505e-10,-8.984042038692642e-14
-4.287882850984295e-09,-1.5135595965650327e-14,-2.861669822534308e-15,8.445362967438347e-14,3.451126046632809e-13,6.679511659245798e-10,-7.528600767337555e-15,1.1360971884671509e-13,2.1870101727773453e-11,-8.896423493913357e-09,1.6724919821746762e-13,-6.425734114638402e-14,-6.616591773903729e-15,-1.5806095118375016e-14,-2.4204203769738776e-14,6.723746253140203e-14,9.278548012780245e-11,-2.2244547691047805e-13,3.6829925726187355e-13,1.1676037665223716e-10,1.6565356021636796e-10,4.658121008746525e-15,7.775950735129614e-14,1.076229063353276e-13,-6.730019040510859e-15,3.6838626073586707e-13,3.436488665391721e-15,4.2714510272080995e-14,5.1625375468302925e-12,-6.616808795357266e-15,3.545061586678566e-13,-2.185814191342013e-13,1.1676037665219456e-10,1.1355838726339358e-13,5.748129408130168e-16,6.187561335233388e-14,3.283792103744818e-13,-9.84113384260178e-11,1.2849420406310982e-13,-6.43730106600084e-14,1.6249130535420624e-14,-7.033707300864298e-14,-7.603165698973286e-14,-2.2079899020482355e-14,1.1544428176786488e-13,-5.684786294270941e-15,3.3328615889792403e-13,-8.821460267552214e-11,3.3328602800094125e-13,3.2727501452852837e-13,-5.633114733422905e-14,-1.7506525927269842e-14,-2.3157171063704994e-13,1.1577807697924072e-10,-5.4726322182616835e-14,4.164020325217041e-13,7.416347385332285e-10,-6.582803936417768e-14,-1.112321707755398e-14,3.734635566864486e-13,3.2727498294710277e-13,3.3328602800094125e-13,1.6587196303384972e-15,1.284942131016456e-13,1.284942131016456e-13,3.3328601052590384e-13,3.56843473514009e-13,3.3328602800094125e-13,1.167603766522145e-10,-8.984011101263792e-14
-3.778971675359666e-09,-2.6375838660241746e-13,-2.0431484180761054e-14,2.283388904068054e-09,2.2948847317871504e-13,8.730599631077849e-14,-1.5266662649976364e-13,1.540940298477294e-12,1.6724907835969899e-13,1.6724919821746762e-13,-4.174409993008708e-09,-9.47741341766832e-13,-8.087559000116408e-14,-2.505934758327747e-13,-3.520417731298498e-13,1.0571850878295976e-12,7.297104747428316e-13,-2.974994444734233e-12,5.917264059164662e-13,9.011861950226164e-13,1.066907797156681e-12,5.695768884317075e-14,1.1046463036305426e-12,3.0649179960342703e-09,-1.257690865289148e-13,5.961688822626138e-13,-1.5579179427097706e-15,6.113266226342424e-13,1.476775832640546e-10,-8.087534139421825e-14,4.0640744065485375e-13,-2.925681128718538e-12,9.011865803219318e-13,1.5351290858283841e-12,1.479034463335307e-14,9.294843997553433e-13,-2.1263531822216716e-14,-7.984902664377889e-13,1.7967473615643633e-12,-1.518526981478268e-09,2.2748565474949496e-13,-1.0725950665344683e-12,-1.867259411873329e-09,-3.464772660474755e-13,1.610442234503415e-12,-6.223427931120301e-14,1.186176853611577e-13,-5.287419501865797e-13,1.1861768714750015e-13,9.400285604408925e-15,-8.314414379826221e-13,-2.578739373121252e-13,-3.1120976353535163e-12,8.962420584976618e-13,-6.536808917054596e-13,2.325333149826425e-09,1.2394266052050945e-09,-1.6064408498463106e-09,-1.8282668947855587e-13,6.340993548568333e-13,9.400318182039388e-15,1.1861773034384518e-13,1.967418445825602e-10,1.7967474118740554e-12,1.796747430895647e-12,1.1861769374343755e-13,4.265071923695098e-13,1.1861769870066575e-13,9.011862506424664e-13,-1.3306980957697316e-12
-3.9061713868932814e-09,9.335237441368434e-14,1.2849964386279996e-14,-4.697347902034406e-13,7.360071594323081e-13,7.716586131292889e-13,4.989425275589724e-14,-6.324853785338173e-13,-6.425734114638402e-14,-6.425734114638402e-14,-9.47741341766832e-13,-8.183203753822904e-09,3.521882371160275e-14,9.422512630083957e-14,1.3882691857185094e-13,-3.967142243538085e-13,-2.7472410855321193e-13,1.2297714492846345e-12,5.774844617556581e-13,-3.4294412882730856e-13,-4.53562225468701e-13,-2.478198121604979e-14,-4.401117978728571e-13,-6.106563936254459e-13,4.289673570755095e-14,5.772091493624303e-13,-1.1493176395580671e-14,-2.422990487145682e-13,-2.217962735888601e-14,3.5218757506859714e-14,6.509522665167472e-13,1.208733893789954e-12,-3.4294401129404705e-13,-6.315765366238893e-13,-4.16500826226629e-15,-3.5922192033650546e-13,1.6236562481907885e-09,2.9443278216341553e-13,-7.232580658124458e-13,3.400131164412707e-13,-9.215166825471688e-14,4.100610841106432e-13,4.0716363749334094e-13,1.3016347908047182e-13,-6.492199842454648e-13,2.906871615507981e-14,7.554378636836415e-13,2.339463918066305e-13,7.554378509390433e-13,7.980433176675869e-13,6.451543502411625e-10,1.0065818866962459e-13,1.2835477230894862e-12,-3.40448648418047e-13,2.894656788918618e-13,3.358906936568178e-13,1.1571764721654343e-09,3.5144908514522764e-13,6.691276477826009e-14,5.551717850986903e-13,7.980430762678892e-13,7.554377939186334e-13,-2.2298721087724652e-14,-7.232580658124458e-13,-7.232578164178033e-13,7.554377916679762e-13,6.445089182298926e-13,7.554380746868769e-13,-3.4294401129404705e-13,1.0302758620669077e-09
-4.611728181804091e-09,1.340805380036031e-14,-2.1877732726979587e-12,-3.373604572696883e-14,4.726690194345718e-10,2.425344949673455e-13,9.383337590134659e-15,-4.5235785542362136e-14,-6.6166837711594585e-15,-6.616591773903729e-15,-8.087559000116408e-14,3.521882371160275e-14,-8.915137250573432e-09,1.0994273680327053e-14,1.2689529409662131e-14,-4.48817832401554e-14,-3.077974407404168e-14,8.347366035315553e-14,2.2208929672239294e-13,-3.6607934450044485e-14,-2.542609351191715e-14,-1.027957495646408e-15,-3.720672391134556e-14,-5.276834650574712e-14,7.053026928845722e-15,2.2164662827606494e-13,4.71654356123206e-15,-2.0979931494749246e-14,-5.837759261050018e-15,3.15886106852477e-12,2.27364294528673e-13,8.23210715922484e-14,-3.660760010350148e-14,-4.4569905848788823e-14,-1.0557650949035457e-15,-3.5850857930720465e-14,2.469723649315238e-13,3.5895540697946616e-14,-5.793164107038015e-14,1.1869912553513191e-14,-1.4460399111768265e-11,4.2949970182412127e-14,1.8649829064247007e-14,1.474083873785635e-14,-5.15628140298726e-14,9.302636341451953e-13,2.358094977907788e-13,8.710954549562987e-15,2.3580944135921494e-13,2.4167688826356607e-13,3.098244320815385e-14,9.587995912607709e-15,8.878523037108587e-14,-3.6630092334963606e-14,1.0783630859857963e-14,4.232387607374533e-10,4.4540528155014043e-10,1.5514255780164555e-14,8.487508901849845e-15,2.2349926610457918e-13,2.4167687136995287e-13,2.3580943101764505e-13,-1.0147785467489348e-14,-5.793164130756267e-14,-5.793154071220121e-14,2.3580935540791066e-13,2.2789135076119566e-13,2.3580943101764505e-13,-3.660760010350148e-14,4.993112626710559e-14
-6.03212516976485e-09,1.95600578910425e-14,5.888971977091204e-15,-1.3042283734273694e-13,-4.95988936734768e-10,-5.210746645293745e-10,8.448132353574379e-15,-1.7670671662967728e-13,-1.580621472083899e-14,-1.5806095118375016e-14,-2.505934758327747e-13,9.422512630083957e-14,1.0994273680327053e-14,-8.871202665300828e-09,3.684890572473165e-14,-9.316429059231567e-14,-6.529034210342572e-14,3.47385822304322e-13,-6.200292025533009e-10,-8.33523906917811e-14,-1.3378958111478128e-13,-7.190909841587268e-15,-1.1644280547023877e-13,-1.6053572913474822e-13,8.319038996981061e-15,-6.179069808676094e-10,-8.406808037230716e-15,-6.326771792342138e-14,-2.9461127770339614e-15,1.0994265031271072e-14,-5.851071111419384e-10,3.4112764869932285e-13,-8.335216996663683e-14,-1.772082129069371e-13,6.86500562874279e-17,-9.002485937002332e-14,-4.950532241188571e-10,6.743666069993505e-14,-1.953238973995686e-13,1.0732351568622935e-13,-2.4972711050580197e-14,1.0122961917912078e-13,1.237623533205113e-13,3.1142600931539475e-14,-1.757492179566816e-13,9.972395582117257e-15,-2.789308364118944e-13,7.285066235844001e-14,-2.789309466924054e-13,-5.282052331389188e-10,8.305271711049767e-14,2.6091346114561993e-14,3.618590365272519e-13,-8.242810346154375e-14,9.029229176408014e-14,-7.423994704080168e-10,-5.762572481485568e-10,1.0722763884415244e-13,1.528829620881395e-14,-6.344184056731914e-10,-5.282052331389188e-10,-2.7893082656344817e-13,1.8282696161188537e-15,-1.9532394244474297e-13,-1.9532407071620425e-13,-2.7893096884238044e-13,-5.813204244735057e-10,-2.7893096884238044e-13,-8.335216996663683e-14,1.3167452670891728e-13
-4.152045834184612e-09,3.703676057232908e-14,4.082644233291282e-15,-1.7183698421682027e-13,1.0968538072882255e-09,5.612086135285562e-13,2.0771935848641187e-14,-2.3150078912206384e-13,-2.4203999921183146e-14,-2.4204203769738776e-14,-3.520417731298498e-13,1.3882691857185094e-13,1.2689529409662131e-14,3.684890572473165e-14,-8.814263952434554e-09,-1.5145334664697193e-13,-1.0491216258455417e-13,4.4858448699260326e-13,4.871126071118762e-13,-1.3026857163458212e-13,-1.6314824983626758e-13,-8.587526087586374e-15,-1.6322151508630209e-13,-2.2700641167294337e-13,1.7473139039006846e-14,4.869684265997731e-13,-1.807964269100793e-15,-8.994477211129732e-14,-1.9604392569825244e-11,1.2689693027046072e-14,5.134976713439022e-13,4.4101677131392287e-13,-1.30268731330019e-13,-2.309408617996368e-13,-1.640140295853084e-15,-1.3533419058191425e-13,1.1514513274420824e-09,1.140567794450597e-13,-2.671569446421055e-13,1.196329965608906e-13,-3.376844589765812e-14,1.558096613646072e-13,1.4497195144927173e-13,4.999520931212253e-14,-2.3961710224151394e-13,1.017786023153479e-14,5.497734781337019e-13,8.251009119192238e-14,5.497734368897321e-13,5.673405707483243e-13,1.2200567979501577e-13,3.79934864517986e-14,4.690310455639311e-13,-1.2943153312312844e-13,1.0206742274880558e-13,8.05113617083961e-10,9.818118235731206e-10,1.248895022339406e-13,2.615181860985472e-14,4.80505324784863e-13,5.673405722125383e-13,5.497735433486495e-13,-1.1550299739135301e-14,-2.6715682534190583e-13,-2.6715704280481413e-13,5.497734517212355e-13,1.0205734569212383e-09,5.497736149143304e-13,-1.3026877510933227e-13,1.9478252933627762e-13
-4.7745609987591096e-09,-8.223278559568551e-14,-2.3039353321649396e-14,5.494967659000961e-13,1.3566597640983947e-10,7.729039195294417e-11,-3.503639794660341e-14,7.407150809898378e-13,6.723746253140203e-14,6.723746253140203e-14,1.0571850878295976e-12,-3.967142243538085e-13,-4.48817832401554e-14,-9.316429059231567e-14,-1.5145334664697193e-13,-8.124883064438188e-09,2.771034061951711e-13,-1.4577418689840352e-12,4.781292492548145e-10,3.5317125224755263e-13,5.593651148209796e-13,3.204728039347192e-14,4.923715342194907e-13,6.785425605528157e-13,-3.4184292943606104e-14,4.752512962803453e-10,3.5739895969256185e-14,2.690878595891493e-13,9.197577396046424e-15,-4.4881769191062374e-14,3.0752510507429176e-10,-1.4316916918917223e-12,3.5317124489734723e-13,7.420818391301708e-13,1.8798489126809854e-15,7.570327216873304e-10,-1.4023737107503476e-11,-2.8501832845705645e-13,8.220519783877541e-13,-4.479088188453961e-13,1.0541043492983735e-13,-4.254342024197929e-13,-5.185519063891996e-13,-1.3055402487486347e-13,7.396732865942163e-13,-4.039766191707774e-14,3.726397870212673e-14,-3.0589039693995483e-13,3.7264149219724755e-14,-1.7761928944418687e-15,-3.4782098012130073e-13,-1.0822110676117509e-13,-1.5149033202648902e-12,3.4944125723120563e-13,-3.785360241860523e-13,1.100630027686218e-09,4.764035717055656e-10,-4.4989441168739954e-13,-6.343753856019879e-14,5.537836506214622e-10,-1.776420299039561e-15,3.7264149219724755e-14,-7.995332401910353e-15,8.22051982005158e-13,8.220519783877541e-13,3.726382101797766e-14,3.2953651899453817e-10,3.726378285605155e-14,3.5317124489734723e-13,-5.536878365838707e-13
-2.34965118720673e-09,-5.79939574831467e-14,-1.5548667667537794e-14,3.779052002201767e-13,1.2197552214344062e-12,1.2017636745091776e-12,-2.5356872131119926e-14,5.095085880057263e-13,9.278548012778376e-11,9.278548012780245e-11,7.297104747428316e-13,-2.7472410855321193e-13,-3.077974407404168e-14,-6.529034210342572e-14,-1.0491216258455417e-13,2.771034061951711e-13,-8.534401916147272e-09,-1.0019257166995904e-12,1.3417888779765273e-12,4.885253605790027e-10,3.8334649321271294e-13,2.1786342674039844e-14,3.397126945899331e-13,4.684401898501069e-13,-2.4404172986222253e-14,1.3407828328234008e-12,2.3383180348094576e-14,1.856918347285647e-13,7.222585526891927e-15,-3.077983699133912e-14,1.2832578404684201e-12,-9.840715088894018e-13,4.885253605789595e-10,5.103452981521893e-13,1.3339388365124703e-15,2.6336326896980075e-13,1.1696573016251986e-12,-1.991586167855004e-13,5.666377217909501e-13,-3.0570240473536816e-13,7.253157811776714e-14,-2.9548796263465406e-13,-3.5465907688640457e-13,-9.09757597221243e-14,5.097550500909413e-13,-2.7565784278283607e-14,1.2042843412503828e-12,-2.0884136667848128e-13,1.2042845118483695e-12,1.1762329607733292e-12,-2.4096931531292046e-13,-7.502369267857873e-14,-1.0416710206195977e-12,4.834878454953913e-10,-2.5843271176700594e-13,1.553403019563221e-12,2.6648764519647373e-09,-3.075811951321347e-13,-4.446896891621906e-14,1.3670496136955645e-12,1.1762331677467912e-12,1.2042844249674592e-12,-3.798983986484564e-15,5.666378734300186e-13,5.666378025806318e-13,1.2042845823760226e-12,1.2900329305057024e-12,1.2042843236046354e-12,4.885253605789803e-10,-7.63972457229845e-10
-4.489422286430967e-09,3.9678649966316484e-13,-1.6830253348462058e-15,-1.352921296090538e-12,1.5977519579692572e-09,1.0518344930884332e-12,2.539500391123523e-13,-1.8139530927919448e-12,-2.224455045613601e-13,-2.2244547691047805e-13,-2.974994444734233e-12,1.2297714492846345e-12,8.347366035315553e-14,3.47385822304322e-13,4.4858448699260326e-13,-1.4577418689840352e-12,-1.0019257166995904e-12,-2.0514520758462862e-09,3.78782022274043e-13,-1.2161258070081096e-12,-1.1657468546289426e-12,-5.816400177209369e-14,-1.375493212930939e-12,-1.9303873940558187e-12,1.988726340398791e-13,3.6637368006522926e-13,7.245743485230954e-14,-7.679196245981894e-13,-2.7534728011583684e-10,8.347349214857729e-14,6.04549482258174e-13,6.761610196458906e-09,-1.2161255958174837e-12,-1.7989985579532314e-12,-2.7716577563357564e-14,-1.2235737401250586e-12,1.191200817496654e-12,1.1315058930218045e-12,-2.195964380696615e-12,1.4731813748126058e-09,-2.754806358472799e-13,1.4373029020086108e-12,1.9361234665104047e-09,4.77568831770305e-13,-1.962726666400781e-12,5.2844230176169024e-14,9.888493086908088e-13,1.0400674452403925e-09,9.88849225214358e-13,1.1419629511263373e-12,1.0791285520716343e-12,3.339425976767134e-13,7.2227470936977994e-09,-1.2129384592392215e-12,1.2843323464928894e-09,-2.3412703569260894e-13,6.082817718182363e-10,1.6512282939737464e-09,2.625052384042697e-13,3.6239520360022133e-13,1.1419630024440273e-12,9.88849261113772e-13,-4.455338383194735e-10,-2.1959642882378628e-12,-2.1959644371022606e-12,9.888492668127506e-13,5.820393905149268e-13,9.888492500775673e-13,-1.2161258070081096e-12,1.7330778357912853e-12
0.9999999984626585,1.4685028113126195e-12,2.6624642156450173e-13,7.133109802591972e-13,1.0000000205723891,1.0000000205755872,1.426970550526815e-12,-2.309927628530589e-14,3.6829897172600017e-13,3.6829925726187355e-13,5.917264059164662e-13,5.774844617556581e-13,2.2208929672239294e-13,-6.200292025533009e-10,4.871126071118762e-13,4.781292492548145e-10,1.3417888779765273e-12,3.78782022274043e-13,1.0000000109503406,1.367636241462402e-12,4.889975677935122e-13,1.46615741241601e-12,5.817279342010112e-13,6.80610253352389e-13,1.4570258713273863e-12,1.0000000200887063,8.551015886781059e-13,6.792008331071543e-13,3.309608965434595e-13,2.220892703033006e-13,1.0000000198586876,3.407653958659399e-13,1.3676364166409869e-12,1.7096928872548885e-13,1.477830867670234e-12,3.161869979516205e-09,1.0000000208110151,9.395582029536151e-10,3.5251699823063465e-13,-7.789550047101791e-14,1.8281125822628991e-09,1.0072589851912582e-12,6.58926567191346e-15,1.4816186448162715e-12,1.960971697096321e-13,2.409513458375795e-13,1.000000017427754,-3.062968084569597e-13,1.000000017427756,1.0000000191073282,1.7239292268916913e-13,1.4449919078837122e-12,2.2332038253969084e-13,1.3676239586043738e-12,-2.1525809352731698e-13,1.0000000222640781,1.0000000236016866,-4.271264930814258e-14,1.4485225420866244e-12,1.0000000200168802,1.000000019107328,1.0000000174277552,-5.07625442393001e-13,3.525168884608863e-13,3.5251672829627367e-13,1.000000017427756,1.000000021151146,1.0000000174277541,1.3676359672830535e-12,3.8046421030300616e-13
-2.2917645950877083e-09,-7.697522834207638e-14,-1.7027270846390594e-14,4.604416808259655e-13,1.2191238174108961e-12,1.1912679307065361e-12,-3.63424754274685e-14,6.204605191637264e-13,1.1676037665221736e-10,1.1676037665223716e-10,9.011861950226164e-13,-3.4294412882730856e-13,-3.6607934450044485e-14,-8.33523906917811e-14,-1.3026857163458212e-13,3.5317125224755263e-13,4.885253605790027e-10,-1.2161258070081096e-12,1.367636241462402e-12,-8.300655062450002e-09,4.601815555611895e-13,2.5880576497689016e-14,4.192245954418017e-13,5.792050322256838e-13,-3.345648977533884e-14,1.3669357978420025e-12,2.327598900841095e-14,2.2968765113386066e-13,1.2572624879710921e-14,-3.660760010350148e-14,1.2958165766906262e-12,-1.1947200402245346e-12,6.177053928183336e-10,6.208830208341152e-13,2.389708486972399e-15,3.302674106903461e-13,1.1513056935679512e-12,-2.566210307393594e-13,6.959863346825849e-13,-3.6062230011064207e-13,8.890991819340201e-14,-3.726947481955237e-13,-4.2217558168178025e-13,-1.159147936116967e-13,6.256920237320681e-13,-3.205316063571416e-14,1.1963722665211055e-12,-2.4691563900561763e-13,1.1963721891227994e-12,1.1603754011175213e-12,-3.0082513349018055e-13,-9.359249777896287e-14,-1.2657571182229095e-12,6.119571751160239e-10,-3.055073207454955e-13,1.6204661985747507e-12,2.7199306310824116e-09,-3.6566462706935924e-13,-5.7630233147393e-14,1.3959163466151758e-12,1.1603751793658671e-12,1.1963722361443564e-12,3.3061430886367008e-15,6.95986329593091e-13,6.959863346825849e-13,1.1963722361443564e-12,1.3039542554569456e-12,1.1963721856097361e-12,6.177053928183561e-10,-4.793547366977246e-13
-3.960776901066936e-09,-1.604166341221654e-13,7.696050144644292e-15,9.241211924165965e-10,7.069919278630786e-10,4.722194686564143e-10,-1.0805296604978919e-13,1.2358604950710039e-09,1.6565356021633968e-10,1.6565356021636796e-10,1.066907797156681e-12,-4.53562225468701e-13,-2.542609351191715e-14,-1.3378958111478128e-13,-1.6314824983626758e-13,5.593651148209796e-13,3.8334649321271294e-13,-1.1657468546289426e-12,4.889975677935122e-13,4.601815555611895e-13,-8.175567293874952e-09,1.7372695861890628e-14,4.921780980408185e-13,6.946159399475548e-13,-8.25672386737005e-14,4.956139715747999e-13,-4.4920830744357704e-14,2.7661231629544003e-13,1.2133527607929804e-10,-2.5426203671952654e-14,4.0819906230208e-13,-1.148745775509349e-12,4.601818003275399e-13,1.2208856415543591e-09,1.2390392027292585e-14,4.549549000082247e-13,3.7272814674936465e-10,-8.806731593855994e-10,1.542526500392997e-09,-2.088156800958424e-13,9.599975075565393e-14,-5.415764238179665e-13,-5.894883271600701e-10,-1.833619204470789e-13,1.375639465188862e-09,-1.2495149159773212e-14,2.575414946636737e-13,-3.0057366695162483e-10,2.575413935491337e-13,2.0036705783794419e-13,-3.9801967935697604e-13,-1.2298352324042186e-13,-1.2309932119406533e-12,4.59851065561932e-13,-3.7026784659657275e-10,1.3677260544201107e-09,1.0655319213391525e-09,-4.983740498759798e-10,-1.0335611037226265e-13,4.860394582976493e-13,2.00367166629947e-13,2.575414143978228e-13,2.1205260557781004e-10,1.5425265003930195e-09,1.5425265003930137e-09,2.575413935491337e-13,4.177404443715751e-13,2.5754126140383625e-13,4.601818178688477e-13,-6.406622889897724e-13
-2.112950795714224e-09,-9.450682514552261e-15,8.891785723813723e-16,4.71356144482564e-11,1.4646493032598732e-12,1.4526107485117862e-12,-6.5817027525235526e-15,6.245295920548756e-11,4.658422175788364e-15,4.658121008746525e-15,5.695768884317075e-14,-2.478198121604979e-14,-1.027957495646408e-15,-7.190909841587268e-15,-8.587526087586374e-15,3.204728039347192e-14,2.1786342674039844e-14,-5.816400177209369e-14,1.46615741241601e-12,2.5880576497689016e-14,1.7372695861890628e-14,-8.916579711467112e-09,2.6289848037089015e-14,3.7274787448853144e-14,-4.913282653363302e-15,1.4667794174735426e-12,-3.3279556007777827e-15,1.4958932635775047e-14,7.332941223063022e-12,-1.0287063382554585e-15,1.4612436869310991e-12,-5.738634642961863e-14,2.588083691801393e-14,3.0813302874406656e-14,9.179376638429317e-16,2.5167491344114805e-14,1.4504299093253392e-12,-2.542802691498714e-14,4.0582814920712815e-14,-7.99170228646127e-15,5.0241140330615435e-15,-3.01285914609477e-14,-2.570395153373209e-11,-1.0339756423514681e-14,3.611433078286016e-14,-2.277893355363568e-16,1.4496895314366274e-12,-6.107010516069134e-15,1.4496897664864476e-12,1.447522855756738e-12,-2.1637343911116052e-14,-1.3168950147801819e-11,-6.151760618065981e-14,2.5913290885224097e-14,-7.469941576367611e-15,1.4783643977124277e-12,2.9368838149774813e-09,-2.1519410395796885e-11,-5.911270538761484e-15,1.4659399990513512e-12,1.4475228579570264e-12,1.4496897664864476e-12,7.0222968682774665e-15,4.0582770180913386e-14,4.058287347259281e-14,1.4496895534671229e-12,1.4628210031238322e-12,1.4496895673901153e-12,2.588061424035562e-14,-3.5048714414912416e-14
-3.859186393067325e-09,-1.2325586961122294e-13,-9.029796359926174e-15,5.304874853483325e-13,4.17819246606326e-13,3.475489086711152e-13,-7.167013455062293e-14,7.128003872618833e-13,7.775871596860056e-14,7.775950735129614e-14,1.1046463036305426e-12,-4.401117978728571e-13,-3.720672391134556e-14,-1.1644280547023877e-13,-1.6322151508630209e-13,4.923715342194907e-13,3.397126945899331e-13,-1.375493212930939e-12,5.817279342010112e-13,4.192245954418017e-13,4.921780980408185e-13,2.6289848037089015e-14,-7.898249418132369e-09,7.137543671585393e-13,-5.888223617996151e-14,5.840075045343502e-13,-3.42727329523644e-12,5.648949293974952e-10,6.946717046674576e-11,-3.720702209565625e-14,4.954002984295788e-13,-1.3527553397932867e-12,4.192245954418017e-13,7.099666862705414e-13,7.068680663954819e-15,4.318946307896448e-13,2.975236101199024e-13,-3.722048425021887e-13,8.32417319934498e-13,-6.978386816792017e-10,1.0535208621165651e-13,-4.987019431620798e-13,-8.600465173086646e-10,-1.6127426984197998e-13,7.460240357532572e-13,-2.8452404646310146e-14,3.5938269421520823e-13,-4.843476598120286e-10,3.5938247459985905e-13,3.092760253117938e-13,-3.860369959834221e-13,-1.1968157315237492e-13,-1.4390121721955263e-12,4.169807877762956e-13,-3.0062492163786715e-13,1.6917609900526128e-09,1.195265192465782e-09,-7.397646702126511e-10,-8.52263854243975e-14,6.011648700779067e-13,3.0927601588355876e-13,3.5938269421520823e-13,4.71835936049994e-14,8.32417319934498e-13,8.32417261755719e-13,3.593825586001827e-13,1.0068033048661643e-09,3.5938269421520823e-13,4.192245954418017e-13,-6.180087465078945e-13
-3.6437783043561257e-09,-1.6813304797511528e-13,-1.403342206550434e-14,7.432029671228121e-13,4.475037634518211e-13,3.5635631093703875e-13,-9.649885108689672e-14,9.9897798720474e-13,1.0762283423618877e-13,1.076229063353276e-13,3.0649179960342703e-09,-6.106563936254459e-13,-5.276834650574712e-14,-1.6053572913474822e-13,-2.2700641167294337e-13,6.785425605528157e-13,4.684401898501069e-13,-1.9303873940558187e-12,6.80610253352389e-13,5.792050322256838e-13,6.946159399475548e-13,3.7274787448853144e-14,7.137543671585393e-13,-6.939174708185517e-09,-7.982618519347427e-14,6.833154201332301e-13,1.345378110300897e-15,3.9482323162217147e-13,9.232140012118633e-11,-5.2768368808701e-14,5.604749009742725e-13,-1.898272719740731e-12,5.792053283835558e-13,9.954658512251139e-13,9.31496669425307e-15,5.984105045169166e-13,2.8653623873504246e-13,-5.113366428059901e-13,1.1622142490540073e-12,-9.946453665366344e-10,1.4727806148341282e-13,-6.895912996620445e-13,-1.219061829982885e-09,-2.2229855760154892e-13,1.0418879076687516e-12,-4.0963109932998224e-14,3.742812894755697e-13,-3.460527974194387e-13,3.742812894755697e-13,3.0466877172389676e-13,-5.356597059174065e-13,-1.6613021414561094e-13,-2.0186508470138378e-12,5.759165450407804e-13,-4.2784457756012414e-13,2.1055538733916966e-09,1.3963532706767404e-09,-1.0492774701756218e-09,-1.1693183681428786e-13,7.093391914854256e-13,3.0466873090500447e-13,3.742812894628952e-13,1.2053366792817497e-10,1.1622142490540073e-12,1.162214114502415e-12,3.742812249658828e-13,5.739314585754277e-13,3.742812682110009e-13,5.792050322256838e-13,-8.571878543872919e-13
-2.1241318385902817e-09,3.4767859774070984e-15,5.379796384984897e-15,-7.281825602566482e-14,1.4879893659689094e-12,1.4776592392800591e-12,-1.724995964390962e-15,-9.885824266095727e-14,-6.72995579336321e-15,-6.730019040510859e-15,-1.257690865289148e-13,4.289673570755095e-14,7.053026928845722e-15,8.319038996981061e-15,1.7473139039006846e-14,-3.4184292943606104e-14,-2.4404172986222253e-14,1.988726340398791e-13,1.4570258713273863e-12,-3.345648977533884e-14,-8.25672386737005e-14,-4.913282653363302e-15,-5.888223617996151e-14,-7.982618519347427e-14,-8.917881216814533e-09,1.458100512160011e-12,-1.0846650846820573e-14,-3.144230555248607e-14,2.814175591425859e-15,7.053026928845722e-15,1.4667336951676449e-12,1.9498918490213722e-13,-3.345648977533884e-14,-9.980730309261654e-14,7.855705326091455e-16,-3.942042121058446e-14,1.483556803713167e-12,2.1228016616230298e-14,-1.0245163473706021e-13,1.463023391638259e-10,-1.3420971656531421e-14,4.1573566818629955e-14,8.044892891814895e-14,2.2650666196760684e-11,-9.269019512e-14,7.215822014576451e-15,1.473609704089259e-12,4.931866562395446e-14,1.473609704089259e-12,1.47835049576285e-12,3.771818023047726e-14,1.1880349827710617e-14,2.0536530349776907e-13,-3.2719700333030526e-14,6.116073454058194e-14,1.4145530082249492e-12,2.9247974209490414e-09,1.3997924090994806e-10,4.406656194310108e-15,1.449747416075051e-12,1.4783502418777665e-12,1.4736097049631385e-12,1.0226124162441023e-14,-1.0245173023738754e-13,-1.0245173023738754e-13,1.4736098516291354e-12,1.4668208906590247e-12,1.4736097049631385e-12,-3.345648977533884e-14,5.930982507692801e-14
