0.9999999868597327,-8.88438453111872e-07,-8.97974267031613e-07,0.999980615444987,0.99997727544315,-8.989124888164313e-07,-8.991355915398109e-07,-8.980593421840309e-07,0.9999812972417116,0.9999801113955629,-8.980175240901935e-07,-8.980175236918243e-07,-9.030901328263557e-07,-8.951930959553756e-07,-8.870917924652875e-07,-8.831183824070267e-07,-9.550483127195715e-07,-8.923676476795956e-07,-8.981164331373734e-07,-9.04312868878428e-07,0.9999782371527002,-8.979799654508224e-07,-9.029470211440278e-07,-8.97560184133616e-07,0.9999813188639258,-8.991712539650741e-07,-8.999977832622553e-07,-8.878389180439601e-07,-8.878321431784392e-07,0.99999097098454,-8.9794253015441e-07,-9.027332711629328e-07,-8.980175240500971e-07,1.000002697879392,0.9999782371526987,0.9999782371526985,-8.96370325859897e-07,0.9999803739835539,-8.989124888000812e-07,-8.922076222273381e-07,-9.029470211384695e-07,-9.42957095684416e-07,-9.029470213832449e-07,-9.029470222632139e-07,0.9999782371526987,-9.029470211218307e-07,-8.929223089729801e-07,0.9999782306621351,0.9999782371526984,-8.986849166199317e-07,-8.979570722749608e-07,-8.989124878620701e-07,-9.041778015939806e-07,-8.980175246601216e-07,-9.004292358888813e-07,-8.977726201433475e-07,0.9999799458397872,-8.955794170662671e-07,-8.980175237610388e-07,-8.965379832038489e-07,-8.870917922546552e-07,-8.870917924480898e-07,1.000006364799295,0.999993356139736,-8.967494828335487e-07,0.9999812972417116,0.9999816437592375,1.0000026978793934,-8.979494531187638e-07,-8.957131920251621e-07,-8.923974759076583e-07,0.9999782371526947,-8.993028567915638e-07,1.00000269787939,-8.980175241134864e-07,-8.831540447724788e-07,-8.944120728496605e-07,-9.672114561350813e-07,-9.029470213610463e-07,-9.029470224115982e-07,-8.980175248865888e-07,0.9999805154489404,-9.041732175679496e-07,-8.916721463093914e-07,-8.986849174628622e-07,0.9999812972417099,0.9999794742605742,-9.029470211464597e-07,-8.980175237585761e-07,1.0000026978793894,-9.029470223167882e-07,1.0000033560810815,-8.942193842652153e-07,-8.979363869996398e-07,-8.965379843584962e-07,0.999994531723888,-8.991982973216978e-07,-9.429570946983211e-07,-8.9801752385342e-07,1.0000026978793957,0.9999782371526985,-8.980175242677566e-07,1.0000055188847263,1.0000018981612062,-9.029470222499026e-07,0.9999782371526997,1.0000034709513979,-9.56360474749649e-07,-8.981692681111851e-07,0.9999821804279877,0.9999812972417098,0.9999815913118473,0.9999784151425478,-8.946083587722336e-07,0.9999813331003896,0.9999782371527003,1.0000026978793917,0.999978043063815,0.9999750574220871,-8.870917925074362e-07,-8.979738512923272e-07,-8.980175236932151e-07,0.9999877110343449,0.9999782371526992,1.0000038037720294,1.0000026978793928,-8.980175241136034e-07,0.9999782371526942,-8.930876514005428e-07,1.0000026978793932,-8.990290799810216e-07,-8.980175236960368e-07,-9.008994361275231e-07,-8.995376673532723e-07,-8.83185247327662e-07,0.9999819710262993,-8.956236025134471e-07,0.9999782371526942,0.999979357513913,-9.067415259218053e-07,0.9999782371526936,0.9999818814004688,-8.978735452902267e-07,-8.990857935705407e-07,-9.029470211774881e-07,0.9999782371526945,-8.917250082343583e-07,1.0000026978793892,-9.028567763925771e-07,0.9999782371526984
-8.88438453111872e-07,-1.8152889550669013e-06,5.581961785837574e-19,-1.496006651348912e-11,-2.987194184782852e-08,5.59834094059305e-19,6.050548296077109e-19,5.352380352143425e-19,-1.4960076687432152e-11,-2.987202629871685e-08,5.5683929591037165e-19,5.665049222623702e-19,6.824095710654011e-19,3.553638813646444e-19,8.157174978382941e-16,3.6913862552488827e-19,1.405535701186769e-18,4.772879096395262e-19,5.665659664706885e-19,6.570037838916616e-19,-1.4960031053807954e-11,5.527481800056822e-19,6.323569524987395e-19,5.503888996448063e-19,-1.496007699645229e-11,5.591568748108914e-19,1.1832074331882965e-15,8.372703617880915e-16,8.370210572547085e-16,-1.496022094972995e-11,5.674316907242824e-19,6.224197444034749e-19,5.397983970486637e-19,-1.4960395862743457e-11,-1.496003105275029e-11,-1.4960031050364896e-11,6.167832882012303e-19,-1.4960062922043843e-11,5.922312564099821e-19,5.533133257440518e-19,6.253368785427996e-19,1.210495117529275e-18,6.32554523413314e-19,6.32554523413314e-19,-1.4960031049433662e-11,6.253368785427996e-19,5.206885328855218e-19,-1.4960030961020937e-11,-1.4960031053677363e-11,5.275049874435273e-19,5.350464115509722e-19,6.166333143105128e-19,6.386187642828632e-19,5.685773652252817e-19,5.4574441451643505e-19,5.793796817979956e-19,-1.4960056529828788e-11,4.739284435206533e-19,5.5683929591037165e-19,1.0843790026322453e-15,8.157174770499442e-16,8.157174919630957e-16,-1.4960450562263656e-11,-2.9872420710928185e-08,5.19736772123991e-19,-1.496007668741393e-11,-1.496008185734907e-11,-1.4960395839848365e-11,5.345177718411356e-19,6.382060466079859e-19,3.9197017490580833e-19,-1.4960031053223907e-11,1.1641968061218671e-15,-1.4960395840019242e-11,5.665049222623702e-19,3.452487191849605e-19,5.456145926245848e-19,3.080592328447035e-15,6.253393943871964e-19,6.323569524987395e-19,5.56839295910371e-19,-1.4960065009881627e-11,6.604529220685687e-19,4.829081899074628e-19,5.275049874435273e-19,-1.4960076689558232e-11,-1.4960049501997194e-11,6.328055074170983e-19,5.679799362357367e-19,-1.4960395854249702e-11,6.3957338039357215e-19,-1.4960405673231774e-11,5.194263697173924e-19,6.354934095931436e-19,1.084379043137861e-15,-2.9872455718277534e-08,6.022540478261705e-19,1.1781732117577784e-18,5.667944500541468e-19,-1.4960395839797386e-11,-1.496003105171989e-11,5.734883041895899e-19,-1.4960437921383265e-11,-1.4960383912855684e-11,6.278814499862224e-19,-1.4960031053112166e-11,-2.987272191679629e-08,2.7854605769694406e-15,5.841279814604522e-19,-1.49600898657078e-11,-1.496007668882399e-11,-1.4960081074715374e-11,-2.987197578660193e-08,4.781417306786831e-19,-1.4960077225552532e-11,-1.4960031053851537e-11,-1.4960395868301032e-11,-1.4960028170964926e-11,-2.9871875797856895e-08,8.157174899423634e-16,6.373793004619463e-19,5.679799362357367e-19,-1.4960172339886153e-11,-1.4960031052886036e-11,-1.4960412340031763e-11,-1.4960395854249702e-11,5.701659302342485e-19,-1.4960031053622957e-11,4.346304145245084e-19,-1.4960395840019242e-11,7.043728236325333e-19,5.6791699062245495e-19,6.43382000245941e-19,5.81656148475477e-19,3.2211045257028256e-19,-1.4960086736451346e-11,4.869029982923521e-19,-1.4960031053231855e-11,-1.4960047762241374e-11,1.3793528661774444e-15,-1.4960031053622957e-11,-1.496008539956519e-11,6.037373122040892e-19,5.138381888127402e-19,6.239298416544807e-19,-1.4960031050657314e-11,4.862314089516647e-19,-1.496039585855804e-11,6.012989100681574e-19,-1.4960031050804917e-11
-8.97974267031613e-07,5.581961785837574e-19,-1.8152889546696197e-06,-3.940782533840834e-08,-3.940769413400025e-08,7.425517840319082e-19,7.932337238953152e-19,7.4476481473911265e-19,-3.940785212128137e-08,-1.973562456543593e-11,1.4863099476480417e-15,1.4863099299359838e-15,1.6815175635494643e-15,7.1562258761132e-19,5.355610525158168e-19,4.519213920174865e-19,1.8360061021413224e-18,6.0108128538156285e-19,1.4902208603681614e-15,8.647224044479215e-19,-1.973558768280543e-11,1.4848159261262852e-15,8.388165404501079e-19,7.494947435392539e-19,-3.940785297060562e-08,1.5298811072992242e-15,7.504478688673801e-19,5.662315976086208e-19,5.449167371181457e-19,-1.97358382163377e-11,1.483324813097999e-15,1.6674476309012278e-15,1.48630991340131e-15,-1.9736068908045663e-11,-1.973558769436117e-11,-1.973558769283464e-11,6.821624362470192e-19,-3.940781585315332e-08,7.671547076802083e-19,6.289759797621989e-19,8.386836932314532e-19,1.577134682079118e-18,8.397527721873881e-19,8.373784369101346e-19,-1.973558768280543e-11,8.378542281637167e-19,6.074613561588221e-19,-3.940773165776187e-08,-1.9735587692695924e-11,7.416329816282816e-19,7.53312522160682e-19,7.387355753693151e-19,8.607760666371273e-19,1.4863099312085739e-15,7.521201820082009e-19,7.636817597681459e-19,-3.9407799034502785e-08,7.2256205548127e-19,1.4863099344558709e-15,7.339479884038307e-19,5.323650422502961e-19,5.16224209658383e-19,-1.973614104643692e-11,-1.9735885144353118e-11,7.258653284847744e-19,-3.9407852121281404e-08,-3.940786573340663e-08,-1.9736068910992064e-11,7.518736669930632e-19,6.8371743242722805e-19,6.127806970625821e-19,-1.9735587692528795e-11,8.102252254694332e-19,-1.9736068908045663e-11,1.4863099320708937e-15,9.235326519284203e-16,6.760144024088066e-19,2.0443945358241486e-18,8.373784369101346e-19,8.391796582430425e-19,1.486309950786801e-15,-1.9735632515922843e-11,1.7219956393847932e-15,5.918856718692957e-19,7.801969856044478e-19,-3.9407852121281344e-08,-1.9735612028118513e-11,8.384922006983355e-19,1.4863099349944059e-15,-1.9736068907598284e-11,8.38588388698826e-19,-1.9736081869829247e-11,6.86799329070634e-19,7.378842987581137e-19,6.842161726079114e-19,-1.9735908269739065e-11,7.803300458333287e-19,1.60560591471341e-18,1.4863099148253374e-15,-1.9736068900369772e-11,-1.973558769454266e-11,1.4863099298395338e-15,-1.9736124424319158e-11,-1.9736053193767993e-11,8.37772655488603e-19,-1.9735587692166687e-11,-1.973608414579883e-11,1.8417356176198893e-18,7.630343888153397e-19,-3.940788681506553e-08,-3.940785212128132e-08,-3.9407863673181755e-08,-3.9407738904360786e-08,7.060458378458445e-19,-3.940785352990688e-08,-1.9735587691498432e-11,-1.9736068908045663e-11,-3.9407724288283954e-08,-3.9407607004122756e-08,5.323650422502961e-19,7.438075157693374e-19,1.486309934438751e-15,-1.9735774079489276e-11,-1.9735587680293873e-11,-1.9736090670343778e-11,-1.9736068908045663e-11,1.4863099339180576e-15,-1.973558768280543e-11,6.37534200671263e-19,-1.9736068908045663e-11,7.596655086763926e-19,1.486309939507242e-15,8.030053302912822e-19,8.117131945558154e-19,4.573509999831139e-19,-3.9407878589344884e-08,6.774854888248522e-19,-1.9735587689580045e-11,-1.9735609735892197e-11,9.100824597790213e-19,-1.9735587691288234e-11,-3.9407875068645047e-08,7.352543222130124e-19,7.574289080536576e-19,8.413481321342592e-19,-1.9735587693338143e-11,6.44370923175416e-19,-1.9736068913682957e-11,1.6723298855492339e-15,-1.9735587689580045e-11
0.999980615444987,-1.496006651348912e-11,-3.940782533840834e-08,0.9999761574453886,0.9999746327440949,-4.034604330380393e-08,-4.056914646745895e-08,-3.949289965264883e-08,0.9999786545286767,0.9999774686866499,-3.945108311049583e-08,-3.9451082827154626e-08,-4.4523673732866e-08,-3.662666293127844e-08,-1.4285654454215408e-11,-1.2295757549633069e-11,-9.648169114716318e-08,-1.692782132996567e-11,-3.954999103046507e-08,-2.2910027931074996e-11,0.9999755944503013,-3.94135238534696e-08,-2.2226006428310595e-11,-3.899374278693251e-08,0.9999786761508149,-4.060480855110332e-08,-4.143133558845068e-08,-1.4659817402786677e-11,-1.465642440499323e-11,0.9999883282378758,-3.9376087525251655e-08,-4.4166813902345156e-08,-3.945108244842232e-08,1.0000000550919659,0.9999755944503006,0.9999755944503025,-3.7803888555694797e-08,0.9999777312737289,-4.034604307824821e-08,-1.6847678916160915e-11,-2.2226006423989464e-11,-8.439051339238041e-08,-2.2226006523839958e-11,-2.2226006577816275e-11,0.9999755944503013,-2.2226006479494072e-11,-1.72055964406838e-11,0.9999755879597596,0.9999755944503003,-4.0118473080837996e-08,-3.939063057457862e-08,-4.034604296940754e-08,-2.284238487029349e-11,-3.945108276711112e-08,-4.1862786927865884e-08,-3.920617971890071e-08,0.9999773031314511,-3.701298330002154e-08,-3.945108290726243e-08,-3.7971547606111196e-08,-1.4285654205994366e-11,-1.4285654403584646e-11,1.0000037219991182,0.9999907133847818,-3.81830443205464e-08,0.9999786545286776,0.999979001044997,1.000000055091967,-3.938301130201045e-08,-3.7146757743249104e-08,-3.383105161094991e-08,0.9999755944502974,-4.0736409917792514e-08,1.000000055091963,-3.9451082823228324e-08,-1.2313617496491534e-11,-3.584564217876828e-08,-1.0864480342055058e-07,-2.2226006549299957e-11,-2.2226006548729157e-11,-3.945108315474757e-08,0.9999778727386235,-4.560675728930075e-08,-1.657951110304192e-11,-4.0118473033373076e-08,0.9999786545286753,0.9999768315538755,-2.222600649357395e-11,-3.945108291190199e-08,1.0000000550919639,-2.222600640966664e-11,1.0000007132913642,-1.7855176721582158e-11,-3.936994545428006e-08,-3.7971548637399234e-08,0.9999918889648484,-4.0631851788998854e-08,-8.439051324682484e-08,-3.9451082506949166e-08,1.0000000550919683,0.9999755944503014,-3.9451082758987856e-08,1.0000028760874937,0.9999992553765574,-2.2226006442144996e-11,0.9999755944503017,1.0000008281612827,-9.779385069353348e-08,-3.9602825431481364e-08,0.9999795377118829,0.9999786545286755,0.9999789485977912,0.9999757724395305,-3.604192768658888e-08,0.999978690387231,0.9999755944503017,1.0000000550919652,0.9999754003620922,0.9999724147307418,-1.4285654337947929e-11,-3.940741019315224e-08,-3.945108292568679e-08,0.9999850682990156,0.9999755944503014,1.0000011609807564,1.0000000550919648,-3.945108285820848e-08,0.9999755944502964,-1.7288400974037993e-11,1.0000000550919663,-4.046263435706044e-08,-3.9451082991988634e-08,-4.233298412478063e-08,-4.0971220224684655e-08,-1.2329243096664932e-11,0.9999793283109211,-3.705716849111777e-08,0.9999755944502957,0.9999767148076203,-2.4126306532827967e-11,0.9999755944502953,0.9999792386854043,-3.9307103984860036e-08,-4.0519349577872594e-08,-2.222600654974093e-11,0.9999755944502983,-1.6605984226965387e-11,1.0000000550919625,-4.429031862062236e-08,0.9999755944503007
0.99997727544315,-2.987194184782852e-08,-3.940769413400025e-08,0.9999746327440949,0.9999694774760884,-4.034590898044837e-08,-4.0569011397671895e-08,-3.949276816652619e-08,0.999975314536174,0.9999741286981079,-3.945095176153133e-08,-3.945095147819113e-08,-4.4523525469894545e-08,-3.662654099382344e-08,-2.8525290218813236e-08,-1.2295716624814618e-11,-9.648136993356323e-08,-3.3801112705261485e-08,-3.954985935106487e-08,-4.574625525959888e-08,0.9999722544680173,-3.9413392630038395e-08,-4.4380415739317323e-08,-3.8993612965573653e-08,0.9999753361582392,-4.060467336026867e-08,-4.14311976541858e-08,-2.9272410812735856e-08,-2.926563573225474e-08,0.9999849882130688,-3.937595642695508e-08,-4.416666683134423e-08,-3.945095109946015e-08,0.9999967150279993,0.9999722544680165,0.9999722544680175,-3.780376269738837e-08,0.9999743912843089,-4.034590875489344e-08,-3.3641086028121094e-08,-4.438041573575909e-08,-8.43902324432772e-08,-4.4380415956385166e-08,-4.438041604532933e-08,0.9999722544680155,-4.4380415791816717e-08,-3.435576817818472e-08,0.9999722479774972,0.9999722544680151,-4.011833950448997e-08,-3.9390499431844536e-08,-4.034590864605317e-08,-4.561118701539165e-08,-3.945095141814781e-08,-4.186264755297588e-08,-3.920604919110624e-08,0.9999739631434604,-3.701286007085448e-08,-3.94509515582986e-08,-3.7971421190464307e-08,-2.852528971909781e-08,-2.852529011016745e-08,1.0000003819229084,0.9999873733520109,-3.818291719416635e-08,0.999975314536174,0.9999756610513368,0.9999967150280011,-3.9382880182642655e-08,-3.714663406993943e-08,-3.383093898136374e-08,0.9999722544680123,-4.073627429024708e-08,0.9999967150279965,-3.9450951474264806e-08,-1.2313576494598965e-11,-3.5845522838528547e-08,-1.0864444189994801e-07,-4.438041596617364e-08,-4.4380415954963355e-08,-3.9450951805782914e-08,0.9999745327487312,-4.56066054222936e-08,-3.3105614343768264e-08,-4.011833945702514e-08,0.9999753145361729,0.9999734915674602,-4.4380415878030304e-08,-3.9450951562938204e-08,0.9999967150279969,-4.438041567743745e-08,0.9999973732252017,-3.565283618133879e-08,-3.936981438034992e-08,-3.797142222174885e-08,0.999988548928151,-4.0631716512707215e-08,-8.439023229772211e-08,-3.945095115798668e-08,0.9999967150280021,0.9999722544680172,-3.9450951410024464e-08,0.9999995360141066,0.9999959153152621,-4.4380415746663594e-08,0.9999722544680173,0.9999974880947343,-9.779352517252787e-08,-3.960269357607477e-08,0.9999761977164296,0.9999753145361717,0.9999756086043059,0.999972432456652,-3.604180769309665e-08,0.9999753503946077,0.9999722544680169,0.9999967150279983,0.9999720603804557,0.9999690747590764,-2.852528998000245e-08,-3.9407278988965903e-08,-3.9450951576723017e-08,0.9999817282850944,0.9999722544680171,0.9999978209130983,0.9999967150279986,-3.945095150924484e-08,0.9999722544680115,-3.4521110459321414e-08,0.999996715028,-4.04624996413468e-08,-3.94509516430245e-08,-4.2332843180830125e-08,-4.097108380921753e-08,-1.2329202061253478e-11,0.9999759883161687,-3.705704511464794e-08,0.9999722544680114,0.9999733748215953,-4.8174894301505056e-08,0.9999722544680103,0.9999758986909504,-3.9306973120867655e-08,-4.0519214673150426e-08,-4.438041599313406e-08,0.9999722544680132,-3.315847529738456e-08,0.9999967150279964,-4.4290171137018365e-08,0.9999722544680165
-8.989124888164313e-07,5.59834094059305e-19,7.425517840319082e-19,-4.034604330380393e-08,-4.034590898044837e-08,-1.8152889552966911e-06,7.771205134424072e-19,7.753134947710515e-19,-4.0346070723350915e-08,-2.0205488536748068e-11,7.471674545173974e-19,7.839528223685479e-19,1.7207575061248214e-15,7.30262367787235e-19,6.081156314116899e-19,3.8709702460563053e-19,1.7763198908340343e-18,5.26054942356662e-19,7.823229413726879e-19,9.004681680393661e-19,-2.0205450786561515e-11,7.65731932738649e-19,8.712500038679159e-19,8.063438187095118e-19,-4.03460715928643e-08,7.78255834116686e-19,1.5960201345806027e-15,6.600576198992308e-19,6.331966896103021e-19,-4.034645976705101e-08,7.760437802353665e-19,1.7063524775484985e-15,7.856239215565036e-19,-2.0205943439003467e-11,-2.020545078776451e-11,-2.02054507862171e-11,8.603341952070065e-19,-4.034603359306873e-08,1.5545997915970656e-15,6.647589320420077e-19,8.566002994933838e-19,1.633514607797441e-18,8.686673824591577e-19,8.685830007271302e-19,-2.0205450777656244e-11,8.561352490982631e-19,6.593263797629791e-19,-4.0345947396214056e-08,-2.0205450782319326e-11,7.1893446784305875e-19,7.233563979996203e-19,1.5545997848267223e-15,8.965744469874098e-19,7.248214444045733e-19,5.944429599840286e-19,8.035319600545146e-19,-4.034601637461095e-08,6.900699147749601e-19,7.470164756591587e-19,8.086455368411352e-19,5.583384041210846e-19,5.583417584542242e-19,-2.020601726355279e-11,-2.020575528036533e-11,7.295393183069717e-19,-4.034607072335095e-08,-4.0346084659058704e-08,-2.0205943439003467e-11,8.051733070469627e-19,6.937554792092507e-19,6.085846745665955e-19,-2.0205450786650205e-11,5.987054523984568e-19,-2.0205943438948928e-11,7.489086226984724e-19,4.543251166459421e-19,6.663945858879513e-19,2.0853252438039995e-18,8.576864813838055e-19,8.543908832253525e-19,7.422858098256428e-19,-2.0205496674653388e-11,1.762175258646525e-15,6.470207921914423e-19,6.916982044594432e-19,-4.034607072335087e-08,-2.0205475707566392e-11,8.686673824591577e-19,7.471674545173974e-19,-2.0205943462908276e-11,8.714790754950943e-19,-2.0205956730016897e-11,6.942608714241128e-19,7.13071293903114e-19,8.086455368411352e-19,-2.020577894757875e-11,7.524293904704793e-19,1.6392485695418512e-18,7.694988130697241e-19,-2.0205943462908276e-11,-2.0205450785918263e-11,7.697244461434236e-19,-2.0206000208127565e-11,-2.0205927311111554e-11,8.576864813838055e-19,-2.0205450783572065e-11,-2.0205958963646844e-11,1.897013867429014e-18,7.697206917508033e-19,-4.034610624186185e-08,-4.034607072335087e-08,-4.034608254985947e-08,-4.034595481507327e-08,7.236289355301631e-19,-4.0346072165461744e-08,-2.020545078572711e-11,-2.0205943416082425e-11,-4.0345939851550194e-08,-4.034581977934919e-08,5.583417584542242e-19,8.070274744794842e-19,7.714511474572428e-19,-4.0346328663220585e-08,-2.0205450782319326e-11,-2.0205965712129868e-11,-2.0205943462908276e-11,7.677323132486821e-19,-2.0205450783474432e-11,6.748583816039002e-19,-2.0205943462908276e-11,6.982147601724607e-19,7.471674545173974e-19,8.369636203130677e-19,6.738936100053143e-19,4.2117201028264644e-19,-4.034609782060405e-08,6.948057641237841e-19,-2.0205450783474432e-11,-2.02054733562074e-11,9.28634871837512e-19,-2.0205450785024003e-11,-4.034609421621181e-08,8.379288506968315e-19,7.285244797412412e-19,8.712500038679159e-19,-2.0205450785024003e-11,6.54958954588109e-19,-2.0205943462908276e-11,1.7113511635441332e-15,-2.0205450789447565e-11
-8.991355915398109e-07,6.050548296077109e-19,7.932337238953152e-19,-4.056914646745895e-08,-4.0569011397671895e-08,7.771205134424072e-19,-1.8152889553725165e-06,7.161618687944532e-19,-4.056917403937533e-08,-2.0317219653810866e-11,7.564701864669741e-19,7.597992754257429e-19,8.641726799093473e-19,5.840491729984722e-19,5.390291955819911e-19,3.816532588079372e-19,1.807289146812174e-18,6.483366560962586e-19,7.799820955426379e-19,8.915565475395677e-19,-2.031718170018693e-11,7.529389932818931e-19,8.629854329122187e-19,6.978654863383451e-19,-4.0569174913721016e-08,8.016318402736211e-19,1.6054878275890182e-15,6.160156173510129e-19,5.130316789872112e-19,-4.056956524498872e-08,7.718895913690901e-19,8.658111704234959e-19,7.89461265955422e-19,-2.0317677048282572e-11,-2.031718169802106e-11,-2.0317181695577888e-11,7.386947847729576e-19,-4.0569136702761334e-08,8.099060437511059e-19,6.777298744551696e-19,8.685478100795077e-19,1.6785385252078357e-18,8.840839354674402e-19,8.602505382963139e-19,-2.031718169995854e-11,8.840839354674402e-19,6.687891784666121e-19,-4.056905002691167e-08,-2.0317181693238948e-11,6.627500738866006e-19,7.549155339304051e-19,6.417750809467404e-19,8.902811579212367e-19,7.77064871194615e-19,6.709135123659502e-19,1.5195288452143202e-15,-4.056911938862088e-08,7.657065201253043e-19,7.564701864669741e-19,9.184733292546951e-19,5.019809161000424e-19,4.931533546935979e-19,-2.0317751353200158e-11,-2.0317487892292875e-11,8.36265350970187e-19,-4.056917403937541e-08,-4.056918805252368e-08,-2.031767708932063e-11,8.692293410608793e-19,6.239208403948644e-19,1.3107146074253467e-15,-2.031718169515585e-11,8.334993054940658e-19,-2.031767708932063e-11,7.564701864669741e-19,3.7107308191756563e-19,9.414759417331082e-19,2.080328908286471e-18,8.839030536855368e-19,8.902815115686007e-19,7.47602639108447e-19,-2.0317227831196516e-11,9.079044403998543e-19,6.815500082598358e-19,6.627500738866006e-19,-4.056917403937538e-08,-2.031720674483164e-11,8.902815115686007e-19,7.752126443116848e-19,-2.0317677072327155e-11,8.645616961572593e-19,-2.0317690405542154e-11,5.889798043067524e-19,7.55673354435237e-19,6.935058739747722e-19,-2.0317511691118267e-11,7.1401736254386715e-19,1.6940494731777265e-18,7.498036077131087e-19,-2.031767707881634e-11,-2.0317181699441975e-11,7.564701864669741e-19,-2.0317734169840263e-11,-2.0317660885267184e-11,8.795955369656775e-19,-2.0317181688269218e-11,-2.0317692741076254e-11,1.9195912411591228e-18,1.5361015567357306e-15,-4.056920975526342e-08,-4.05691740393753e-08,-4.056918593160334e-08,-4.0569057486999885e-08,4.867185811500942e-19,-4.0569175489499973e-08,-2.0317181686944947e-11,-2.0317677085976924e-11,-4.0569042440323246e-08,-4.0568921700883886e-08,5.019809161000424e-19,7.18117428758141e-19,7.498036077120491e-19,-4.0569433412616615e-08,-2.0317181700072946e-11,-2.0317699480957738e-11,-2.031767708764488e-11,7.597992754247578e-19,-2.031718168694495e-11,5.217344383542736e-19,-2.031767708764488e-11,8.576247399116798e-19,7.498036077120491e-19,1.641745087148522e-15,8.291755139258755e-19,5.211058516603786e-19,-4.056920128720747e-08,6.508120814503954e-19,-2.0317181695129566e-11,-2.0317204386433746e-11,9.370588591860067e-19,-2.0317181695129566e-11,-4.056919766278537e-08,7.996031249552772e-19,8.209795580213643e-19,8.513398879458249e-19,-2.031718169545636e-11,6.342820045992145e-19,-2.031767712282559e-11,8.469172892682923e-19,-2.0317181701492915e-11
-8.980593421840309e-07,5.352380352143425e-19,7.4476481473911265e-19,-3.949289965264883e-08,-3.949276816652619e-08,7.753134947710515e-19,7.161618687944532e-19,-1.815288954721161e-06,-3.949292649302864e-08,-1.9778230167367894e-11,7.407736517742994e-19,7.714039535819507e-19,1.6849150097576693e-15,7.352492277465133e-19,5.163993159549711e-19,4.0549272750602534e-19,1.856399533304952e-18,5.668730032398871e-19,7.406388266993244e-19,8.70143341135792e-19,-1.9778193219339472e-11,7.560376370893339e-19,8.497955005139499e-19,7.584728487188886e-19,-3.9492927344176176e-08,7.481840745866669e-19,6.92754972606807e-19,5.740854700930465e-19,5.396071839603563e-19,-1.977844433404404e-11,7.242781483830579e-19,1.6708146310042607e-15,7.901678009075994e-19,-1.9778675477541135e-11,-1.9778193225682768e-11,-1.9778193234066447e-11,7.117266619937948e-19,-3.94928901470277e-08,7.903962140725419e-19,5.547722885979082e-19,8.556189445424411e-19,1.5497553493172768e-18,8.460379102306425e-19,8.465444669967358e-19,-1.9778193226327714e-11,8.4980236594638205e-19,1.2962245726733713e-15,-3.949280577085727e-08,-1.9778193227023696e-11,8.441897933263408e-19,7.502019318631502e-19,7.753141069150273e-19,8.590150177278026e-19,7.72105648446041e-19,8.074875261552521e-19,5.844983794018379e-19,-3.94928732922651e-08,9.049859275344252e-19,7.407736517742994e-19,1.432279104508907e-15,5.021021523945156e-19,4.766100753744364e-19,-1.977874775752906e-11,-1.9778491299153636e-11,7.23111156842268e-19,-3.949292649302869e-08,-3.949294013438094e-08,-1.977867552172824e-11,1.4862833360876275e-15,5.775968240038225e-19,6.629232701490099e-19,-1.9778193221536994e-11,8.362925063922849e-19,-1.9778675528403928e-11,7.714039535819503e-19,4.979681400356358e-19,6.452032201066157e-19,2.0235726701648913e-18,8.443821112061272e-19,8.508562540110433e-19,7.5887426910295e-19,-1.9778238148380905e-11,1.7254733624204225e-15,6.523368380408643e-19,8.441897933263628e-19,-3.9492926493028574e-08,-1.977821761327771e-11,8.440917736090857e-19,7.240632640879626e-19,-1.9778675528403928e-11,8.574842381998843e-19,-1.9778688469962152e-11,7.022535064779352e-19,7.671575002565941e-19,1.4322791582460532e-15,-1.9778514477548803e-11,7.274442444409839e-19,1.6039681035772224e-18,7.613735548899527e-19,-1.9778675500396116e-11,-1.9778193223067514e-11,7.407736517742994e-19,-1.9778731131274164e-11,-1.9778659727465715e-11,8.382103602746537e-19,-1.9778193227551644e-11,-1.9778690715665872e-11,1.8560966059823273e-18,7.604266900827791e-19,-3.949296126130445e-08,-3.949292649302858e-08,-3.949293806973266e-08,-3.9492813033014504e-08,6.636538769967879e-19,-3.949292790467863e-08,-1.9778193222991975e-11,-1.9778675477541135e-11,-3.949279838555567e-08,-3.949268084956879e-08,4.842212140799691e-19,7.869120657320982e-19,7.714039535819507e-19,-3.949317898459206e-08,-1.9778193224425754e-11,-1.9778697292486757e-11,-1.9778675471894596e-11,7.714039535819507e-19,-1.9778193222675592e-11,6.467619181760945e-19,-1.9778675528403928e-11,9.208548249896881e-19,7.407736517742994e-19,8.335398433255521e-19,7.325931506078245e-19,4.332728317539865e-19,-3.949295301792275e-08,6.608387471072323e-19,-1.9778193230169263e-11,-1.9778215314355505e-11,9.14397956989501e-19,-1.9778193227406393e-11,-3.949294948966363e-08,7.327149431836136e-19,7.995603208499186e-19,8.382103602746537e-19,-1.9778193224333656e-11,4.874680883236789e-19,-1.9778675486250164e-11,1.675707505977172e-15,-1.9778193229786686e-11
0.9999812972417116,-1.4960076687432152e-11,-3.940785212128137e-08,0.9999786545286767,0.999975314536174,-4.0346070723350915e-08,-4.056917403937533e-08,-3.949292649302864e-08,0.9999775210345637,0.9999781504806611,-3.945110992287723e-08,-3.945110963953584e-08,-4.4523703997916776e-08,-3.662668782248072e-08,-1.4285664160325551e-11,-1.2295765901683544e-11,-9.648175671678358e-08,-3.380124820578805e-08,-3.9550017910298595e-08,-2.2910043517806605e-11,0.9999762762430348,-3.9413550640225823e-08,-2.2226021540499798e-11,-3.899376928748282e-08,0.9999793579456496,-4.060483614772911e-08,-4.143136374509614e-08,-1.4659827364326846e-11,-1.465643436004399e-11,0.9999890100392901,-3.937611428646406e-08,-4.4166843924078264e-08,-3.94511092608033e-08,1.0000007369013724,0.9999762762430352,0.9999762762430354,-3.7803914247263884e-08,0.9999784130679192,-4.0346070497795074e-08,-3.364122088567763e-08,-2.22260215474364e-11,-8.439057074277352e-08,-2.2226021674439364e-11,-2.2226021697581377e-11,0.9999762762430344,-2.2226021559766763e-11,-3.435590590701624e-08,0.9999762697524897,0.9999762762430336,-4.011850034789687e-08,-3.93906573448624e-08,-4.0346070388954305e-08,-2.2842400402617324e-11,-3.945110957949231e-08,-4.1862815378586875e-08,-3.920620636365644e-08,0.9999779849253497,-3.701300845490174e-08,-3.945110971964361e-08,-3.797157341145071e-08,-1.4285663914288065e-11,-1.4285664108068778e-11,1.0000044038110252,0.9999913951878214,-3.818307027096809e-08,0.9999793363234971,0.9999796828400539,1.000000736901374,-3.938303806752444e-08,-3.7146782988792545e-08,-3.383107460212852e-08,0.9999762762430315,-4.073643760356461e-08,1.0000007369013701,-3.945110963560962e-08,-1.2313625874731642e-11,-3.584566653979843e-08,-1.086448772180903e-07,-2.2226021649674737e-11,-2.2226021635793515e-11,-3.945110996712905e-08,0.9999785545329087,-4.560678829004667e-08,-3.310574704894924e-08,-4.011850030043186e-08,0.9999793363234957,0.9999775133474523,-2.2226021620879452e-11,-3.9451109724283333e-08,1.0000007369013706,-2.22260215175231e-11,1.0000013951012208,-3.565297911505704e-08,-3.936997221051894e-08,-3.797157444273954e-08,0.9999925707686892,-4.063187940306938e-08,-8.439057059721776e-08,-3.9451109319330156e-08,1.0000007369013746,0.9999762762430351,-3.945110957136904e-08,1.0000035578988238,0.9999999371854196,-2.222602157392015e-11,0.9999762762430355,1.0000015099712172,-9.779391714243231e-08,-3.9602852347243294e-08,0.9999802195073029,0.9999793363234948,0.9999796303928109,0.9999764542323858,-3.604195218096809e-08,0.999979372182075,0.9999762762430361,1.0000007369013717,0.9999760821546934,0.9999730965213087,-1.428566404323489e-11,-3.940743697597999e-08,-3.9451109738068e-08,0.9999857500982072,0.9999762762430351,1.000001842790918,1.000000736901372,-3.945110967058975e-08,0.9999762762430301,-3.452124885329296e-08,1.000000736901374,-4.0462661856699497e-08,-3.945110980436999e-08,-4.233301289579509e-08,-4.097124807129541e-08,-1.2329251475362372e-11,0.9999800101061992,-3.705719367606694e-08,0.9999762762430298,0.9999773966011184,-2.412632287959112e-11,0.9999762762430287,0.9999799204806222,-3.930713069824412e-08,-4.051937711609415e-08,-2.2226021689707945e-11,0.9999762762430322,-3.315860822204773e-08,1.0000007369013693,-4.429034872658029e-08,0.9999762762430344
0.9999801113955629,-2.987202629871685e-08,-1.973562456543593e-11,0.9999774686866499,0.9999741286981079,-2.0205488536748068e-11,-2.0317219653810866e-11,-1.9778230167367894e-11,0.9999781504806611,0.9999751493502993,-1.9757288267052766e-11,-1.9757288127306734e-11,-2.2297665551591962e-11,-1.8342805324430936e-11,-1.4285647281462922e-11,-1.2295751375700901e-11,-9.648164267060927e-08,-1.6927812813360923e-11,-1.980682181833442e-11,-4.574638459288338e-08,0.9999750904038297,-1.9738478417150874e-11,-4.438054121123473e-08,-1.9528250062602364e-11,0.9999781721027902,-2.0335079401549207e-11,-4.1431314771840446e-08,-1.465981005003133e-11,-1.4656417037392112e-11,0.9999878241849852,-1.971973012293471e-11,-2.2118948449607062e-11,-1.9757287934237144e-11,0.999999551033167,0.999975090403829,0.9999750904038294,-1.8932365458591476e-11,0.9999772272261788,-2.020548842311113e-11,-1.6847670431404078e-11,-4.438054120767635e-08,-8.439047099240962e-08,-4.438054142830306e-08,-4.438054151724766e-08,0.9999750904038283,-4.4380541263734304e-08,-1.7205587817595483e-11,0.9999750839132907,0.9999750904038284,-2.0091520297949407e-11,-1.9727013341655414e-11,-2.020548836846605e-11,-4.5611315965964925e-08,-1.9757288089393047e-11,-2.0965080889680043e-11,-1.9634639483576585e-11,0.9999767990841164,-1.8536276380972142e-11,-1.9757288159820758e-11,-1.9016329907229666e-11,-1.4285647038707307e-11,-1.4285647221662572e-11,1.0000032179384708,0.9999902093306895,-1.912224844901972e-11,0.9999781504806627,0.9999784969968075,0.9999995510331676,-1.9723197573486882e-11,-1.8603271255153373e-11,-1.6942750004919947e-11,0.9999750904038243,-2.0400985975244387e-11,0.9999995510331628,-1.9757288122845807e-11,-1.2313611318591268e-11,-1.7951666464157362e-11,-1.0864474886076134e-07,-4.438054143809175e-08,-4.438054142688132e-08,-1.9757288287702147e-11,0.9999773686910032,-2.2840078909729695e-11,-1.6579502791747102e-11,-2.0091520274069905e-11,0.9999781504806607,0.9999763275067785,-4.4380541349947984e-08,-1.9757288163513603e-11,0.9999995510331637,-4.4380541149354734e-08,1.000000209232234,-1.785516774854671e-11,-1.971665413675904e-11,-1.90163304225485e-11,0.9999913849101637,-2.0348622773621045e-11,-8.4390470846854e-08,-1.975728796022361e-11,0.9999995510331691,0.9999750904038304,-1.9757288089899556e-11,1.0000023720272717,0.9999987513181615,-4.4380541218580976e-08,0.9999750904038311,1.0000003241020934,-9.77938015668523e-08,-1.9833281524616726e-11,0.9999790336634217,0.9999781504806599,0.999978444549626,0.9999752683929681,-1.8049967155999267e-11,0.9999781863391972,0.9999750904038297,0.9999995510331653,0.9999748963157171,0.9999719106858723,-1.4285647149003793e-11,-1.9735416650792765e-11,-1.9757288176201122e-11,0.9999845642477688,0.9999750904038304,1.0000006569213997,0.9999995510331655,-1.97572881421423e-11,0.9999750904038246,-1.7288392282563296e-11,0.9999995510331671,-2.0263877877924704e-11,-1.9757288205088947e-11,-2.120055786299686e-11,-2.0518580079608546e-11,-1.2329236909424476e-11,0.999978824262567,-1.855840454855931e-11,0.999975090403824,0.9999762107605839,-4.8175030507445086e-08,0.9999750904038237,0.9999787346370955,-1.9685182830842676e-11,-2.029228113319375e-11,-4.438054146505226e-08,0.9999750904038258,-1.660597590475148e-11,0.9999995510331637,-2.218080019626101e-11,0.9999750904038293
-8.980175240901935e-07,5.5683929591037165e-19,1.4863099476480417e-15,-3.945108311049583e-08,-3.945095176153133e-08,7.471674545173974e-19,7.564701864669741e-19,7.407736517742994e-19,-3.945110992287723e-08,-1.9757288267052766e-11,-1.8152889546696193e-06,1.488028626414684e-15,1.6834565163958075e-15,6.581225993122992e-19,5.312341156088559e-19,4.526351345000787e-19,1.8341954360176033e-18,6.215250916538571e-19,1.4919438334456808e-15,8.663841363122327e-19,-1.9757251351376864e-11,1.4865330000804713e-15,8.409182080664518e-19,7.333203663466818e-19,-3.9451110773137266e-08,1.5316500478403528e-15,7.840416972537095e-19,5.702152240141223e-19,5.387306850697264e-19,-1.9757502143241798e-11,1.4850402701885272e-15,1.6693711471983397e-15,1.4880286098631672e-15,-1.9757733102705283e-11,-1.9757251350923825e-11,-1.975725135860965e-11,7.107725215139839e-19,-3.945107361479025e-08,7.471674545173974e-19,6.6264987154548e-19,8.3751433369399595e-19,1.5970280149960822e-18,8.397939681378494e-19,8.3904876255836065e-19,-1.9757251352001576e-11,8.397053872205223e-19,6.162690237847869e-19,-3.9450989326635075e-08,-1.9757251359691383e-11,7.556970974264213e-19,7.486858508940876e-19,7.611226950598255e-19,8.560019233145679e-19,1.4880286276836374e-15,7.436374364189148e-19,7.653316838056155e-19,-3.945105677760955e-08,7.180005273812993e-19,1.4880286309369428e-15,7.22534200847187e-19,5.282159589985473e-19,5.5355967972357e-19,-1.975780531984517e-11,-1.975754912338504e-11,7.342637367875479e-19,-3.945110992287728e-08,-3.945112354999984e-08,-1.9757733102705283e-11,7.765796183353956e-19,7.043800194206082e-19,6.362218744256401e-19,-1.9757251352125088e-11,7.57098668321035e-19,-1.9757733102723255e-11,1.4880286285468262e-15,4.667309598458019e-19,7.040797669488173e-19,2.0359613160407015e-18,8.39275884061387e-19,8.3986149762514e-19,1.488028647276248e-15,-1.975729622331517e-11,1.723981833840879e-15,6.222043638295317e-19,7.855200964816425e-19,-3.945110992287714e-08,-1.9757275714905794e-11,8.38548499893027e-19,1.488028631475061e-15,-1.9757733109409023e-11,8.397039537136785e-19,-1.9757746083011865e-11,6.609043526981291e-19,7.538701121801361e-19,6.915419982863804e-19,-1.975757226888068e-11,7.697329209501591e-19,1.5671328778647095e-18,1.4880286112909927e-15,-1.975773309768901e-11,-1.9757251359098896e-11,1.4880286263133003e-15,-1.975778866552846e-11,-1.9757717341350182e-11,8.426609590633313e-19,-1.975725136116318e-11,-1.9757748323324277e-11,1.851742250365805e-18,7.441355096924142e-19,-3.945114465488601e-08,-3.9451109922877116e-08,-3.9451121487505064e-08,-3.945099658121843e-08,6.791670725264383e-19,-3.9451111333054724e-08,-1.975725135082398e-11,-1.975773310300815e-11,-3.945098194903792e-08,-3.945086453565716e-08,5.411077623884058e-19,7.372242040197221e-19,1.488028630921796e-15,-1.9757437938035234e-11,-1.975725135094455e-11,-1.9757754865124105e-11,-1.975773310300815e-11,1.4880286303957316e-15,-1.9757251348761778e-11,6.426612331054465e-19,-1.9757733093860205e-11,7.609877102879662e-19,1.4880286359903627e-15,8.270262375785719e-19,8.119148265107511e-19,4.697670519596317e-19,-3.945113642010236e-08,6.752444007811545e-19,-1.9757251354488055e-11,-1.9757273409741568e-11,9.11534541106846e-19,-1.975725135039621e-11,-3.94511328955235e-08,7.401450293919572e-19,7.6668281424477355e-19,8.430791973076208e-19,-1.9757251350196264e-11,6.007047288456936e-19,-1.975773309768901e-11,1.6742587421101622e-15,-1.9757251355817147e-11
