0.9999999992694266,0.9999959313810136,-1.898905262868233e-07,-1.8730202104677683e-07,-1.8737711680493085e-07,-1.8989052885126186e-07,-1.833817375123185e-07,-1.87250431653787e-07,-1.873069352858479e-07,-1.897907894028535e-07,0.9999954890771539,0.9999959313810166,0.9999959313810174,-1.8775848475103567e-07,0.999995931381022,0.9999959313810178,-1.8722811929318944e-07,-1.8535481455307453e-07,-1.872504350325715e-07,-1.8732789666013416e-07,-1.8467978201416442e-07,0.9999959313810168,0.9999959313810227,0.999995931381022,-1.873089440439812e-07,0.9999959313810178,0.9999959313810178,-1.8742128754599122e-07,-1.898905289488465e-07,0.9999959313810199,-1.88488414635896e-07,-1.898905288581104e-07,0.9999959313810156,-1.8989052704348172e-07,-1.8720340826498103e-07,-1.8989052885659547e-07,0.9999959313810172,0.9999959313810205,0.9999959313810153,-1.873398644121589e-07,-1.8730202404408923e-07,0.9999959313810194,-1.8730214266841565e-07,-1.8978546560973542e-07,-1.8338173648522514e-07,-1.8730202416423267e-07,-1.8732789823053423e-07,-1.872772749833887e-07,-1.872656596159259e-07,-1.8989052885457712e-07,0.9999959313810197,-1.8736136570523797e-07,0.9999959313810217,-1.8730495964716836e-07,-1.8989052885808998e-07,-1.8989052883058076e-07,0.9999959313810204,-1.8983692516739142e-07,0.9999959313810154,-1.874163491370995e-07,0.9999959313810178,-1.873278951551432e-07,-1.8978546795795729e-07,0.9999959313810131,-1.8989052885809533e-07,-1.872504348197771e-07,0.9999959313810178,-1.8732789835867303e-07,-1.8988188964594793e-07,-1.8989052885806851e-07,-1.8725043151798753e-07,-1.898905289101442e-07,-1.874533272510088e-07,-1.8989052885804035e-07,-1.8989052891047487e-07,0.999995931381024,-1.8730214299457516e-07,0.999995931381022,-1.8725042918978002e-07,-1.8748424996181787e-07,0.9999959313810233,-1.8732789831607476e-07,0.9999959488894549,-1.8477150152609936e-07,-1.8730202286807986e-07,-1.872474361721213e-07,-1.8718342701731524e-07,-1.8727911122645653e-07,-1.898905288310486e-07,0.9999959313810219,-1.873020227833544e-07,-1.8772704506870888e-07,-1.8743205295191967e-07,0.9999959313810161,0.9999959313810166,-1.872615801097803e-07,-1.8738600593587765e-07,-1.8720341031166447e-07,-1.873770186273572e-07,0.9999959313810168,0.9999959313810192,-1.8726181256386357e-07,0.9999959313810245,-1.8777054048649151e-07,-1.8338173080014482e-07,0.9999959313810158,-1.8989052889439982e-07,0.9999959313810215,-1.8989052884693297e-07,-1.873278968102632e-07,-1.8721310534032342e-07,-1.873726959267241e-07,-1.8989052883127691e-07,-1.878220148291184e-07,-1.8979344934106832e-07,-1.8863890630608973e-07,0.9999959313810215,-1.898905288947252e-07,-1.8723304276368457e-07,0.9999959313810174,-1.8968139234172788e-07,-1.8989052891222738e-07,0.9999959313810162,-1.8467978289980497e-07,-1.8989052674419679e-07,-1.8725043225944703e-07
0.9999959313810136,0.9999942544197216,-3.698198818847292e-12,3.6143240510623356e-12,-3.489929228454628e-12,-3.69819977740791e-12,5.9375165969986095e-12,-3.2878332547421138e-12,-3.038190398447805e-12,-3.402530124670523e-12,0.9999931287612766,0.9999935705805506,0.9999935705805504,-3.5774589829365466e-12,0.9999935705805514,0.9999935705805502,-3.2178902209166046e-12,-2.538297134242391e-12,-3.287833106821298e-12,-3.206501459460819e-12,3.569375661873448e-12,0.9999935705805522,0.9999935705805525,0.9999935705805508,-3.4215406840072585e-12,0.9999935705805508,0.9999935705805504,-3.6368573199865496e-12,-3.698199749170889e-12,0.9999935705805537,-5.601678651438524e-12,-3.6981993131848326e-12,0.9999935705805506,-3.698199674321335e-12,-3.265985640178039e-12,-3.698199669021053e-12,0.9999935705805512,0.9999935705805525,0.9999935705805498,-3.0801257743210537e-12,3.614322497444941e-12,0.9999935705805527,-3.145343470964182e-12,-3.4289142921146615e-12,5.937517322027127e-12,3.6143213871850904e-12,-3.2065020555208495e-12,-3.2219299868619693e-12,-3.2472037324866504e-12,-3.6981997909746045e-12,0.9999935705805517,-3.1336009364667727e-12,0.9999935705805506,-3.134538426687464e-12,-3.698199600512459e-12,-3.69819991509367e-12,0.9999935705805517,-3.5761808242756603e-12,0.9999935705805508,-3.4292977355417463e-12,0.9999935705805525,-3.206501025818111e-12,-3.428913602924196e-12,0.9999935705805498,-3.698199219225415e-12,-3.2878336442089907e-12,0.9999935705805508,-3.2065022506384508e-12,-3.6682762182022326e-12,-3.6981999598304144e-12,-3.287831048219214e-12,-3.698199748721861e-12,-2.9598002694699637e-12,-3.698199699286593e-12,-3.698199595362617e-12,0.9999935705805527,-3.1453426007064137e-12,0.9999935705805529,-3.287831636988264e-12,-3.126050302337131e-12,0.9999935705805535,-3.2065028848938707e-12,0.9999935880758892,3.730926512188387e-12,3.6143225659733723e-12,-3.263653346076092e-12,-3.1314331213755986e-12,-3.196408325481897e-12,-3.698200089049523e-12,0.9999935705805525,3.6143223461022426e-12,-3.445850689798642e-12,-3.1762155020510123e-12,0.9999935705805517,0.9999935705805555,-3.1899962645796094e-12,-2.942459759061663e-12,-3.2659855696154223e-12,-3.1221482944478565e-12,0.9999935705805506,0.9999935705805524,3.335869857519081e-12,0.9999935705805525,-3.053254443391153e-12,5.93751830738934e-12,0.9999935705805498,-3.6981995876468495e-12,0.9999935705805506,-3.6982000307764435e-12,-3.2065018723926023e-12,-3.1929854095396925e-12,-3.2451921047144467e-12,-3.698199341573984e-12,-3.850908468983609e-12,-3.35010489187361e-12,-5.669075622352251e-12,0.9999935705805527,-3.6981999225419444e-12,-3.2164466631858254e-12,0.9999935705805512,-3.1293762517366192e-12,-3.698199896084103e-12,0.9999935705805524,3.569374743426691e-12,-3.6981992218831125e-12,-3.2878322964761987e-12
-1.898905262868233e-07,-3.698198818847292e-12,6.835736298963245e-07,2.4747722862882075e-12,-7.185072504819767e-13,-2.651906875905064e-10,5.504607523629684e-12,-6.895079627024626e-13,-5.189152295656748e-13,1.0795424276452747e-11,-6.978384115420134e-09,-3.698198819538878e-12,-3.698198824408533e-12,-8.226398202355382e-13,-3.698198809282952e-12,-3.698198800106214e-12,-6.56179566952492e-13,-7.403838713617618e-13,-6.895079171870143e-13,-6.181277377664731e-13,3.970986857066477e-12,-3.698198803562096e-12,-3.698198789745127e-12,-3.698198798861372e-12,-7.882083672838827e-13,-3.698198812751534e-12,-3.698198822925024e-12,-9.282866459949685e-13,-2.6519068759050747e-10,-3.698198798861367e-12,-2.2305394761023712e-12,-2.65190687590516e-10,-3.698198800106214e-12,-2.6519068759050013e-10,-6.94321296811535e-13,-2.651906875905015e-10,-3.69819881326458e-12,-3.698198803562092e-12,-3.6981988127515334e-12,-5.370051019438363e-13,2.4747723401290374e-12,-3.698198802430353e-12,-5.91516751496427e-13,4.302154894392508e-12,5.504607557144409e-12,2.4747722975109223e-12,-6.181277268760732e-13,-6.455154609871752e-13,-6.663402387908831e-13,-2.651906875904982e-10,-3.6981987897449135e-12,-5.409222393633696e-13,-3.698198844991521e-12,-5.706579021163411e-13,-2.651906875904944e-10,-2.651906875905112e-10,-3.698198844991528e-12,-1.2665121287453246e-10,-3.6981988106408294e-12,-7.651066665093634e-13,-3.698198837774644e-12,-6.181277371877927e-13,4.302154894392971e-12,-3.698198819538878e-12,-2.651906875905166e-10,-6.895079903637335e-13,-3.698198789745127e-12,-6.181276784629144e-13,-2.6405317534310967e-10,-2.651906875905106e-10,-6.895079314014225e-13,-2.651906875905024e-10,-4.147480075274677e-13,-2.651906875905068e-10,-2.651906875905235e-10,-3.698198819538832e-12,-5.915167586369428e-13,-3.6981987433398525e-12,-6.89507983205998e-13,-4.920051001239943e-13,-3.6981988032156e-12,-6.18127737766498e-13,-3.677031244394906e-12,4.0927133493800925e-12,2.474772342060116e-12,-6.818771708158879e-13,-6.134259928437743e-13,-6.287121010455428e-13,-2.6519068759049594e-10,-3.698198819538869e-12,2.4747723619670014e-12,-7.505973673662842e-13,-5.432559268575167e-13,-3.698198803215598e-12,-3.698198813264578e-12,-6.305699871180645e-13,-4.1307305752394167e-13,-6.943211642555673e-13,-5.366761765151836e-13,-3.698198819538878e-12,-3.698198819538796e-12,2.391203786945425e-12,-3.698198819538878e-12,-3.6704129421929207e-13,5.5046075236296906e-12,-3.6981988032156e-12,-2.651906875905013e-10,-3.69819881326458e-12,-2.6519068759050297e-10,-6.181277377664741e-13,-6.479975717380786e-13,-6.469682270200514e-13,-2.651906875905097e-10,-1.0376177858811602e-12,1.1439879658973431e-10,-2.2795134751870545e-12,-3.698198844991461e-12,-2.6519068759051166e-10,-6.52914007675407e-13,-3.6981988284506524e-12,3.3529681261718796e-10,-2.6519068759050804e-10,-3.698198805361698e-12,3.970986752011976e-12,-2.6519068759046823e-10,-6.895079903637377e-13
-1.8730202104677683e-07,3.6143240510623356e-12,2.4747722862882075e-12,4.893634870760876e-09,3.498324810943603e-11,2.474772358742555e-12,1.8366087633519106e-10,2.2155188983561655e-11,1.6588716845016206e-11,-5.0058758669030785e-12,-4.4137109738938155e-09,3.6143240955890738e-12,3.6143240572872914e-12,4.763084926251619e-12,3.61432405106354e-12,3.614324102893994e-12,2.04314316434483e-11,3.963488596931826e-11,2.2155188706801088e-11,1.9170866557751595e-11,1.4049129894998e-10,3.6143240729786196e-12,3.6143240661375443e-12,3.6143240344343978e-12,1.9980943094629898e-11,3.614324029469343e-12,3.6143240197044925e-12,1.2505065630901914e-11,2.4747722933481375e-12,3.6143240510623138e-12,-2.2947992377486612e-11,2.4747723420601232e-12,3.61432409557214e-12,2.4747723600628166e-12,2.1847465517579296e-11,2.474772360297607e-12,3.614324029469343e-12,3.614324039254775e-12,3.6143240505105706e-12,1.6503654496386682e-11,-6.790861558506689e-07,3.6143240955892196e-12,1.787367750461039e-11,-1.6333761227080088e-12,1.8366087666568503e-10,-6.790861558506715e-07,1.917086691179182e-11,2.0365020291990602e-11,2.0427636862578146e-11,2.4747723600628166e-12,3.6143240180081902e-12,2.1033492314604375e-11,3.6143240312708774e-12,1.9733046694577983e-11,2.474772340129019e-12,2.4747723619670143e-12,3.614324035787806e-12,2.196425838784943e-12,3.6143240955890774e-12,1.6013006705120783e-11,3.6143240197044925e-12,1.9170866557752018e-11,-1.6333761576719417e-12,3.6143240632192224e-12,2.4747723049136007e-12,2.215518898356085e-11,3.61432406496029e-12,1.9170866911791246e-11,-1.0032001273747017e-12,2.474772360297603e-12,2.215518898356122e-11,2.4747723734458865e-12,1.5355246146558676e-11,2.474772361967018e-12,2.474772360297609e-12,3.6143240955721363e-12,1.787367793929757e-11,3.6143240312708843e-12,2.2155188852985205e-11,2.1082083548869217e-11,3.6143240205004297e-12,1.9170866911791837e-11,8.589985940207121e-12,1.3229883698458933e-10,-6.790861558506698e-07,2.1054923957248307e-11,2.0187385681927926e-11,1.9675622767858072e-11,2.474772373445883e-12,3.614324073709753e-12,-6.790861558506676e-07,2.081690688236117e-12,2.130546682292974e-11,3.61432404467475e-12,3.6143240312708843e-12,1.9921643658796815e-11,1.8313602530919738e-11,2.1847465597171115e-11,1.9729480002117737e-11,3.614323992236551e-12,3.614324034434391e-12,-6.303698355111051e-07,3.614324081071014e-12,1.533596938019726e-11,1.836608765122643e-10,3.6143240272554176e-12,2.4747723523694945e-12,3.614324027255425e-12,2.4747723420601305e-12,1.9170866911791828e-11,2.0347659994902538e-11,1.863852707001899e-11,2.474772351269717e-12,-1.157738303363195e-13,-3.129009709696625e-12,-3.185043328387699e-11,3.6143240205004333e-12,2.474772360297609e-12,2.0637506935588597e-11,3.6143240312708843e-12,-4.427411085042659e-12,2.474772373129535e-12,3.6143240197044965e-12,1.404912988285396e-10,2.4747723512697135e-12,2.215518878113172e-11
-1.8737711680493085e-07,-3.489929228454628e-12,-7.185072504819767e-13,3.498324810943603e-11,6.728551204664349e-07,-7.185071639770775e-13,8.788517719098807e-12,-4.4113304266156055e-12,-3.3248580274905662e-12,4.1100035579636915e-13,-4.470635568374437e-09,-3.4899292396466676e-12,-3.489929266739615e-12,-7.395860646737246e-09,-3.489929263016793e-12,-3.4899292396466676e-12,-4.1483017680848196e-12,-5.897026834921205e-12,-4.411330474949144e-12,-3.922578405631494e-12,5.890471613997504e-12,-3.4899293055838583e-12,-3.489929268637408e-12,-3.4899292366091235e-12,-4.628365604246233e-12,-3.4899292111303753e-12,-3.489929286685621e-12,-4.6735254210934525e-12,-7.185071532604506e-13,-3.4899292396466676e-12,-7.150567126317424e-12,-7.185072326036081e-13,-3.4899292366091235e-12,-7.185071015297855e-13,-4.407137651066491e-12,-7.185071841329373e-13,-3.489929286685621e-12,-3.4899292703263316e-12,-3.4899293198899975e-12,-3.3750654407330535e-12,3.498324817771673e-11,-3.4899292897271307e-12,-3.695583137026532e-12,1.4715679586149877e-13,8.788517497123912e-12,3.498324816431694e-11,-3.922578405631317e-12,-4.09038826205936e-12,-4.188808231807075e-12,-7.185071802565857e-13,-3.4899292428938786e-12,-3.840499358765861e-12,-3.4899292997067332e-12,-3.7613730545801446e-12,-7.185072105002767e-13,-7.185071802565857e-13,-3.4899292111303753e-12,-4.162371686515505e-13,-3.489929228454695e-12,-4.261278108072228e-12,-3.4899292686397116e-12,-3.922577826438943e-12,1.471567958615047e-13,-3.489929239999872e-12,-7.185072105002767e-13,-4.411329363846374e-12,-3.4899292111303753e-12,-3.922577826439615e-12,-4.516663080810062e-13,-7.185072203018112e-13,-4.411329363846374e-12,-7.185072312389323e-13,-2.8505960118765576e-12,-7.185071802565857e-13,-7.18507101529785e-13,-3.4899292866856236e-12,-3.695583137026532e-12,-3.4899293198899975e-12,-4.411329363846374e-12,-3.66558047431693e-12,-3.4899292686397104e-12,-3.922577826438943e-12,-3.769665885335272e-12,6.9054964075327606e-12,3.498324816431694e-11,-4.286827270892626e-12,-3.964614081346059e-12,-3.972815958362024e-12,-7.185071802553704e-13,-3.4899292997067332e-12,3.498324816431694e-11,-3.206078790495405e-12,-3.866016562095314e-12,-3.4899293049725375e-12,-3.4899292881406763e-12,-4.009986328635846e-12,-3.0727550388309254e-12,-4.407137576159001e-12,-7.281582842804483e-09,-3.4899292997067332e-12,-3.489929228454695e-12,6.554443098793637e-08,-3.4899292667396155e-12,-2.7490667945967693e-12,8.788517138958e-12,-3.489929263016796e-12,-7.185072340209692e-13,-3.4899292686397104e-12,-7.18507101529785e-13,-3.922578405631494e-12,-4.105726329592102e-12,-3.984092828748284e-12,-7.185071015297855e-13,-4.173010941737164e-12,4.716139038177787e-13,-6.698653495040683e-12,-3.4899292667396127e-12,-7.185071545805509e-13,-4.158521912371148e-12,-3.489929228454695e-12,1.023291808943536e-12,-7.185071802553704e-13,-3.4899292686397116e-12,5.890471417376031e-12,-7.185071534806297e-13,-4.411329833015688e-12
-1.8989052885126186e-07,-3.69819977740791e-12,-2.651906875905064e-10,2.474772358742555e-12,-7.185071639770775e-13,6.835736298963245e-07,5.504607484554937e-12,-6.895079678384518e-13,-5.189152524842918e-13,1.0795424276408537e-11,-6.978386020834692e-09,-3.6981997772054166e-12,-3.698199813377517e-12,-8.226398035299553e-13,-3.698199740826321e-12,-3.6981998204355605e-12,-6.561796448174549e-13,-7.403838713628166e-13,-6.895079948473515e-13,-6.181277872623045e-13,3.970986753358729e-12,-3.698199772540403e-12,-3.698199821989636e-12,-3.698199793036554e-12,-7.882082789915169e-13,-3.698199805441314e-12,-3.698199829485103e-12,-9.282866411585806e-13,-2.651906875905177e-10,-3.6981998402145095e-12,-2.2305395401604298e-12,-2.6519068759052587e-10,-3.6981997700056705e-12,-2.651906875905104e-10,-6.943212502857294e-13,-2.6519068759051217e-10,-3.698199810251832e-12,-3.6981998402145095e-12,-3.698199797561953e-12,-5.370051100102693e-13,2.474772386002027e-12,-3.698199805969331e-12,-5.91516751496406e-13,4.3021548943998845e-12,5.504607530229132e-12,2.4747723420600485e-12,-6.181277872623305e-13,-6.455154523682256e-13,-6.663403469943042e-13,-2.6519068759050856e-10,-3.698199740826321e-12,-5.409222284662093e-13,-3.698199834980956e-12,-5.706578776874152e-13,-2.651906875905048e-10,-2.651906875905217e-10,-3.698199788248759e-12,-1.2665121287450586e-10,-3.698199797561953e-12,-7.651067001970115e-13,-3.698199813377517e-12,-6.181276866801938e-13,4.302154894400378e-12,-3.6981997847323304e-12,-2.6519068759052624e-10,-6.895079516360301e-13,-3.6981997726157315e-12,-6.18127735782006e-13,-2.640531753431737e-10,-2.651906875905209e-10,-6.895079169130249e-13,-2.6519068759051197e-10,-4.1474803088320043e-13,-2.6519068759051796e-10,-2.651906875905333e-10,-3.698199797561953e-12,-5.915166843586286e-13,-3.698199806670663e-12,-6.89507977849691e-13,-4.920050832143906e-13,-3.698199797561953e-12,-6.181277268762523e-13,-3.67703215688413e-12,4.092713342425009e-12,2.4747724485708813e-12,-6.8187715502869e-13,-6.134259904296067e-13,-6.287120764030838e-13,-2.6519068759050535e-10,-3.6981997847323304e-12,2.4747724485708813e-12,-7.505974233938888e-13,-5.432559520565184e-13,-3.698199788248759e-12,-3.698199799540075e-12,-6.305698896385458e-13,-4.130730221849652e-13,-6.943211898642594e-13,-5.366761421177519e-13,-3.69819982043562e-12,-3.698199793036554e-12,2.391203848916861e-12,-3.6981998204355605e-12,-3.670412821855552e-13,5.504607505571518e-12,-3.698199797561953e-12,-2.651906875905113e-10,-3.698199821989636e-12,-2.6519068759051326e-10,-6.18127787262304e-13,-6.479975600768125e-13,-6.469682150690708e-13,-2.6519068759052045e-10,-1.0376177610690116e-12,1.14398796589749e-10,-2.279513451846383e-12,-3.698199806670663e-12,-2.6519068759052226e-10,-6.529139781346422e-13,-3.698199810251832e-12,3.3529681261724953e-10,-2.651906875905184e-10,-3.698199797561953e-12,3.9709867470818695e-12,-2.6519068759047816e-10,-6.895079169130249e-13
-1.833817375123185e-07,5.9375165969986095e-12,5.504607523629684e-12,1.8366087633519106e-10,8.788517719098807e-12,5.504607484554937e-12,-3.154992557557401e-07,1.9431207999343584e-11,1.4586389588269844e-11,4.602872587227148e-12,-4.5946601656871246e-10,5.937516678640816e-12,5.93751662762852e-12,4.331301687836729e-11,5.9375166863673515e-12,5.937516610202528e-12,1.9117532799116715e-11,5.717025307222503e-12,1.9431208089723283e-11,1.8002995809929046e-11,-7.388804392474007e-07,5.937516611460377e-12,5.9375166034141456e-12,5.937516651328147e-12,2.7001401935952525e-11,5.93751669104514e-12,5.937516672951585e-12,4.299348759541419e-11,5.5046074845549475e-12,5.93751664845363e-12,1.5191994762952033e-10,5.504607534175592e-12,5.93751664773829e-12,5.504607523629542e-12,1.9935397339188557e-11,5.504607530229135e-12,5.937516611442209e-12,5.937516698424508e-12,5.9375166342638215e-12,1.584486767671108e-11,1.8366087658984621e-10,5.937516643167912e-12,1.772707091548543e-11,1.5313337100686902e-12,-9.995054400195861e-07,1.8366087666568363e-10,1.8002995410705032e-11,1.8441464593122593e-11,1.9621956270159027e-11,5.50460760543514e-12,5.937516672951567e-12,1.129853781241483e-11,5.937516611460296e-12,1.4724327608016543e-11,5.504607535866349e-12,5.504607506241142e-12,5.937516611442209e-12,1.7418210081963547e-12,5.937516687799988e-12,2.982001290857639e-11,5.937516611470633e-12,1.8002995698903517e-11,1.5313336771411439e-12,5.937516622202693e-12,5.50460760543514e-12,1.9431207893278082e-11,5.93751670979942e-12,1.800299597000035e-11,8.879481314610711e-12,5.504607622140972e-12,1.943120801447479e-11,5.504607505571456e-12,9.468673298895383e-12,5.504607556242109e-12,5.504607534175592e-12,5.9375166109742145e-12,1.7727071058065942e-11,5.937516687799988e-12,1.9431207893277804e-11,8.216401561747145e-12,5.9375166114706545e-12,1.8002995809008882e-11,-8.089245433504581e-14,-7.369672889133954e-07,1.8366087658984482e-10,1.997597740344348e-11,1.6688235672433542e-11,1.8158778582768695e-11,5.504607605435253e-12,5.93751670979942e-12,1.8366087690475155e-10,4.176821073153151e-11,1.12553307196558e-11,5.9375166855267615e-12,5.937516709737199e-12,1.7917088523994914e-11,6.377303597444247e-12,1.9935397339188515e-11,1.255705705452108e-11,5.937516625610165e-12,5.937516709485939e-12,1.6520648416713425e-10,5.937516610974127e-12,6.264507828728667e-12,-9.995054400195861e-07,5.937516675509851e-12,5.504607606471803e-12,5.937516611330406e-12,5.50460754048321e-12,1.8002995698902903e-11,1.8568934691575313e-11,1.9719510694137535e-11,5.5046075562421134e-12,6.037076650216896e-11,-2.0861317077887923e-13,1.6307303781777043e-10,5.937516696839236e-12,5.504607556242098e-12,1.8663359028473735e-11,5.9375166910452864e-12,-5.548829552057049e-12,5.5046075003468166e-12,5.937516611460268e-12,-7.38880439247404e-07,5.5046075302291475e-12,1.9431208014475286e-11
-1.87250431653787e-07,-3.2878332547421138e-12,-6.895079627024626e-13,2.2155188983561655e-11,-4.4113304266156055e-12,-6.895079678384518e-13,1.9431207999343584e-11,6.761209566105516e-07,-2.910007454067452e-12,1.847299359721611e-13,-4.346847930012123e-09,-3.28783326842011e-12,-3.2878332491085392e-12,-3.932170692862105e-12,-3.287833261098478e-12,-3.287833261098478e-12,-3.659821159030742e-12,-4.655159126593553e-12,-3.8677144375661345e-12,-3.4476309835542092e-12,1.377651727716373e-11,-3.287833197998687e-12,-3.287833221321812e-12,-3.28783325712095e-12,-4.250078816954701e-12,-3.2878332689323075e-12,-3.2878332681429866e-12,-4.657071236657132e-12,-6.895079297018165e-13,-3.2878332560136366e-12,-9.490188831956419e-12,-6.895079171870181e-13,-3.287833261098478e-12,-6.895080006227721e-13,-3.8800730604629015e-12,-6.895080104450253e-13,-3.287833214399992e-12,-3.287833250749646e-12,-3.28783325712095e-12,-2.988047396414252e-12,2.2155188983561655e-11,-3.2878332560136366e-12,-3.2820410041526448e-12,6.233830727825434e-14,1.9431207796034018e-11,2.2155188983561655e-11,-3.4476315065387472e-12,-3.6083821446659202e-12,-3.7064943388268926e-12,-6.895079297018165e-13,-3.287833257120924e-12,-3.162007182841911e-12,-3.287833207613423e-12,-3.246550446109315e-12,-6.895079591959831e-13,-6.895080184544764e-13,-3.287833265573587e-12,-3.618621613609392e-13,-3.287833221321811e-12,-4.018916092073203e-12,-3.287833220974726e-12,-3.4476318658525386e-12,6.233833512114805e-14,-3.2878332491084544e-12,-6.895079591959838e-13,-3.867714076906759e-12,-3.287833197998687e-12,-3.4476318658525386e-12,-5.753891047740376e-13,-6.895079516358558e-13,-7.718789244124436e-09,-6.895079627024663e-13,-2.396754551111198e-12,-6.895079778496203e-13,-6.895079591959831e-13,-3.287833261098478e-12,-3.2820410041526448e-12,-3.2878332491084544e-12,-3.8677144375661345e-12,-2.941539580040355e-12,-3.2878332491085384e-12,-3.4476315065387472e-12,-3.3485062192143786e-12,1.4586247960194654e-11,2.2155188983561655e-11,-3.796715918919203e-12,-3.4569659187662284e-12,-3.5093288536487463e-12,-6.895079591959831e-13,-3.2878332347077097e-12,2.2155188983561655e-11,-3.514362892091136e-12,-3.180778279562471e-12,-3.2878332541259026e-12,-3.2878332491084544e-12,-3.5269735452591758e-12,-2.484722613213718e-12,-3.8800730604629015e-12,-3.093494480534083e-12,-3.287833220648559e-12,-3.287833207613567e-12,2.0996678748256328e-11,-3.287833196796622e-12,-2.1870896475784872e-12,1.9431207796034018e-11,-3.287833261098478e-12,-6.895079903637382e-13,-3.287833220397099e-12,-6.895079627024663e-13,-3.4476318658525386e-12,-3.6198957445311e-12,-3.562887998902573e-12,-6.895079778496203e-13,-4.759873816111501e-12,3.6240035145649845e-13,-9.433356648432547e-12,-3.2878331977154176e-12,-6.895079627024663e-13,-3.652482039706809e-12,-3.287833250749649e-12,9.120690590625125e-13,-6.895079591959831e-13,-3.287833203099326e-12,1.377651727716373e-11,-6.895079297015966e-13,-3.867714076906759e-12
-1.873069352858479e-07,-3.038190398447805e-12,-5.189152295656748e-13,1.6588716845016206e-11,-3.3248580274905662e-12,-5.189152524842918e-13,1.4586389588269844e-11,-2.910007454067452e-12,6.794819771894294e-07,1.4051653006156596e-13,-4.402641751952273e-09,-3.0381904099549788e-12,-3.038190419936656e-12,-2.9316855215238896e-12,-3.0381904224987418e-12,-3.038190387392356e-12,-2.75348101632156e-12,-3.5084437738492574e-12,-2.910007574850131e-12,-2.5927395169040403e-12,1.0400071239344091e-11,-3.03819041993665e-12,-3.0381904199366746e-12,-3.038190391963067e-12,-3.1802095522049456e-12,-3.0381904099549743e-12,-3.038190409328149e-12,-3.5127640312077958e-12,-5.189152506109682e-13,-3.0381904021411447e-12,-7.0534722338212805e-12,-5.189151826868143e-13,-3.0381904224987418e-12,-5.189152339540274e-13,-2.9160335475125096e-12,-5.189152975389691e-13,-3.0381904021411447e-12,-3.038190387835691e-12,-3.0381904162701485e-12,-2.2457026191556635e-12,1.6588716845016206e-11,-3.038190396369977e-12,-4.916749174731155e-09,4.898201020217508e-14,1.4586390147914348e-11,1.6588716845016206e-11,-2.5927395169040403e-12,-2.70648976771615e-12,-2.7843600887996915e-12,-5.189152975389705e-13,-3.038190391963067e-12,-2.3862790466756e-12,-3.038190387835691e-12,-2.441687981575737e-12,-5.189151826868097e-13,-5.18915236022262e-13,-3.0381903848441523e-12,-2.750818769643732e-13,-3.0381904673220828e-12,-3.024374321674552e-12,-3.038190405418557e-12,-2.592739458395162e-12,4.8982034095901356e-14,-3.0381904159055456e-12,-5.189152431499221e-13,-2.910007574850131e-12,-3.038190405266605e-12,-2.592739458395162e-12,-4.341949548814242e-13,-5.189152648871495e-13,-2.910007759600358e-12,-5.189153030089579e-13,-1.7990577821611582e-12,-5.189151826868143e-13,-5.189152431499221e-13,-3.0381904328812378e-12,-4.916749174731158e-09,-3.0381904100511413e-12,-2.910007759600358e-12,-2.2170781249497853e-12,-3.038190410051144e-12,-2.5927395169040403e-12,-3.085153809917848e-12,1.0995591973439973e-11,1.6588716708581715e-11,-2.8510682024661668e-12,-2.5961688394177104e-12,-2.6339895688260773e-12,-5.189152172463878e-13,-3.038190410051144e-12,1.6588716708581715e-11,-2.6228738969643085e-12,-2.403014984915087e-12,-3.038190402881492e-12,-3.038190405418557e-12,-2.6457460769849227e-12,-1.861451837908319e-12,-2.9160337530793513e-12,-2.324285788327849e-12,-3.038190410051144e-12,-3.038190415905546e-12,1.570965164764658e-11,-3.038190410051144e-12,-3.284383460485915e-09,1.458638958877922e-11,-3.038190387835691e-12,-5.189152975389691e-13,-3.0381904054185648e-12,-5.189152911735659e-13,-2.5927395169040403e-12,-2.7151444334220846e-12,-2.656161459008375e-12,-5.189152431499221e-13,-3.5345705774604434e-12,2.6952549396518943e-13,-6.9993522620278775e-12,-3.038190385861143e-12,-5.189152319686851e-13,-2.7460554627209416e-12,-3.038190405266605e-12,6.880443191491293e-13,-5.189152646501394e-13,-3.038190419936656e-12,1.0400071239344085e-11,-5.189152431499235e-13,-2.9100077029743084e-12
-1.897907894028535e-07,-3.402530124670523e-12,1.0795424276452747e-11,-5.0058758669030785e-12,4.1100035579636915e-13,1.0795424276408537e-11,4.602872587227148e-12,1.847299359721611e-13,1.4051653006156596e-13,6.836538666880384e-07,-6.880059106277303e-09,-3.402530078001579e-12,-3.402530171746556e-12,-1.4473685103002184e-13,-3.4025300886752363e-12,-3.402530108502281e-12,1.6373834324633859e-13,4.662044004751133e-13,1.8472995400937445e-13,1.6184272195712327e-13,3.3511854885103726e-12,-3.402530104052426e-12,-3.402530125674741e-12,-3.4025301667872534e-12,1.0070749311110818e-13,-3.4025300915440752e-12,-3.4025301780753264e-12,-3.554192683718578e-14,1.0795424276365612e-11,-3.4025301085092454e-12,-1.1363189888975646e-12,1.0795424276363738e-11,-3.402530192314331e-12,1.079542427637203e-11,1.7581222404445706e-13,1.0795424276369847e-11,-3.4025301085092483e-12,-3.402530124670522e-12,-3.402530135323989e-12,1.2804452332604694e-13,-5.0058759002694595e-12,-3.4025301052224602e-12,1.355694342831507e-13,-7.099095375015287e-11,4.602872617495862e-12,-5.005875900301909e-12,1.6184267524400813e-13,1.5744534268222967e-13,1.5834570903144138e-13,1.0795424276371155e-11,-3.402530110605336e-12,2.5492174392820697e-13,-3.4025301177335028e-12,1.80183529333537e-13,1.0795424276362622e-11,1.0795424276362698e-11,-3.4025300805608995e-12,4.117357052886804e-11,-3.4025301801482442e-12,5.861162479331586e-14,-3.4025300732771e-12,1.6184275728296163e-13,-7.099095375012417e-11,-3.402530135323989e-12,1.0795424276382064e-11,1.8472995020464083e-13,-3.402530135323989e-12,1.618427082986498e-13,-1.1253052267851931e-10,1.0795424276356975e-11,1.8472992793624217e-13,1.0795424276349624e-11,1.6416061528381062e-13,1.0795424276358814e-11,1.0795424276355605e-11,-3.402530135323989e-12,1.3556935327408409e-13,-3.402530135323989e-12,1.8472992793623967e-13,2.75574764525808e-13,-3.40253014802924e-12,1.6184266764781432e-13,-3.3124223725377247e-12,3.2943311316881733e-12,-5.005875920484832e-12,1.5985054307540125e-13,1.715442510891616e-13,1.5210571726298558e-13,1.0795424276369417e-11,-3.4025301831385312e-12,-5.005875860378268e-12,-3.453577417146719e-10,2.587971438575319e-13,-3.4025300732771e-12,-3.4025300732771e-12,1.5905369947629209e-13,2.168885365029634e-13,1.7581220206664575e-13,1.9848972665455703e-13,-3.402530110605336e-12,-3.40253013532399e-12,-4.610256898016946e-12,-3.4025301490031643e-12,4.3074597296995805e-10,4.6028725900110344e-12,-3.4025301490031643e-12,1.0795424276374702e-11,-3.402530091544075e-12,1.0795424276354928e-11,1.6184275728293813e-13,1.5911429332056474e-13,1.239734574149966e-13,1.0795424276362034e-11,-3.1678098180131987e-13,-7.85510689579884e-11,-1.3052482358202091e-12,-3.4025300915440683e-12,1.0795424276369591e-11,1.7092637245725875e-13,-3.402530174800923e-12,-7.433830313736943e-11,1.0795424276361294e-11,-3.4025301247840757e-12,3.3511854578867566e-12,1.0795424276406264e-11,1.84729933619333e-13
0.9999954890771539,0.9999931287612766,-6.978384115420134e-09,-4.4137109738938155e-09,-4.470635568374437e-09,-6.978386020834692e-09,-4.5946601656871246e-10,-4.346847930012123e-09,-4.402641751952273e-09,-6.880059106277303e-09,0.9999933701470269,0.9999931287612791,0.9999931287612785,-4.854456226285174e-09,0.9999931287612785,0.9999931287612783,-4.324742193587038e-09,-2.44808342405244e-09,-4.346847658820458e-09,-4.423249282787709e-09,-1.7700109558228956e-09,0.9999931287612771,0.9999931287612788,0.9999931287612766,-4.4072672598017745e-09,0.9999931287612783,0.9999931287612773,-4.517728899783846e-09,-6.978385993644298e-09,0.9999931287612795,-5.6008899137087465e-09,-6.978385172839696e-09,0.9999931287612768,-6.978385804891173e-09,-4.300196453756971e-09,-6.978385834696584e-09,0.9999931287612791,0.9999931287612795,0.9999931287612771,-4.4361744114265325e-09,-4.413714145212433e-09,0.9999931287612779,-4.398666540791264e-09,-6.874373991443887e-09,-4.5946461119579643e-10,-4.413716362407046e-09,-4.423250520635095e-09,-4.37429709723344e-09,-4.3624187874606905e-09,-6.978386074982027e-09,0.9999931287612778,-4.452364990929918e-09,0.9999931287612771,-4.400593973355956e-09,-6.978385696610089e-09,-6.978386349813375e-09,0.9999931287612785,-6.924708827674495e-09,0.9999931287612791,-4.513227798997543e-09,0.9999931287612799,-4.423248498429821e-09,-6.874372644441602e-09,0.9999931287612775,-6.97838488584705e-09,-4.346848727931937e-09,0.9999931287612783,-4.423250884700211e-09,-6.97038705703029e-09,-6.978386401409148e-09,-4.346843438706329e-09,-6.9783859681640445e-09,-4.54676643140249e-09,-6.978385872576341e-09,-6.978385678106794e-09,0.9999931287612795,-4.398664904972233e-09,0.9999931287612795,-4.346844831291784e-09,-4.5739200382132366e-09,0.9999931287612799,-4.4232522067917876e-09,0.9999931462733858,-1.8573455379719188e-09,-4.4137140020856065e-09,-4.34463395441536e-09,-4.279971224581346e-09,-4.376013069876168e-09,-6.978386666618777e-09,0.9999931287612788,-4.413714447553354e-09,-4.8234341491533995e-09,-4.52283635237033e-09,0.9999931287612778,0.9999931287612822,-4.3581610907799026e-09,-4.479049270109073e-09,-4.300196398822565e-09,-4.471459028978353e-09,0.9999931287612783,0.9999931287612799,-4.371057417746623e-09,0.9999931287612785,-4.858864161363357e-09,-4.5946279803663723e-10,0.9999931287612781,-6.978385629878306e-09,0.9999931287612783,-6.978386447664388e-09,-4.423250162836181e-09,-4.310109275908404e-09,-4.4691781428097514e-09,-6.978385165357887e-09,-4.921383523895601e-09,-6.881747367427691e-09,-5.752018195524775e-09,0.9999931287612788,-6.978386309506397e-09,-4.329299337950354e-09,0.9999931287612778,-6.770332385000262e-09,-6.978386153609733e-09,0.9999931287612788,-1.7700127417940666e-09,-6.978384839817759e-09,-4.3468460264918725e-09
0.9999959313810166,0.9999935705805506,-3.698198819538878e-12,3.6143240955890738e-12,-3.4899292396466676e-12,-3.6981997772054166e-12,5.937516678640816e-12,-3.28783326842011e-12,-3.0381904099549788e-12,-3.402530078001579e-12,0.9999931287612791,0.9999942544197264,0.9999935705805522,-3.5774589665102453e-12,0.9999935705805537,0.9999935705805534,-3.217890303910432e-12,-2.5382971467862068e-12,-3.2878330852722793e-12,-3.206501401826284e-12,3.5693757009327518e-12,0.9999935705805532,0.9999935705805547,0.9999935705805529,-3.421540699431615e-12,0.9999935705805534,0.9999935705805537,-3.6368573233689198e-12,-3.698199836089002e-12,0.9999935705805542,-5.601678637825499e-12,-3.698199345577649e-12,0.9999935705805522,-3.698199660737064e-12,-3.2659856401778116e-12,-3.698199681962558e-12,0.9999935705805535,0.9999935705805537,0.9999935705805525,-3.0801257979264364e-12,3.6143224569907716e-12,0.9999935705805542,-3.145343399115245e-12,-3.4289142546205035e-12,5.93751735459747e-12,3.6143213808084985e-12,-3.2065020309744078e-12,-3.221930003585155e-12,-3.2472037240146444e-12,-3.6981998465708004e-12,0.9999935705805537,-3.1336009166708624e-12,0.9999935705805525,-3.1345384114933046e-12,-3.698199648630449e-12,-3.6981999456424025e-12,0.9999935705805532,-3.576180845561819e-12,0.9999935705805527,-3.4292976594755363e-12,0.9999935705805537,-3.206501018647316e-12,-3.428913526036763e-12,0.9999935705805516,-3.698199209082046e-12,-3.2878336393110863e-12,0.9999935705805537,-3.2065022340412874e-12,-3.66827615280248e-12,-3.698200008352135e-12,-3.287830972751507e-12,-3.6981996970596625e-12,-2.95980027260803e-12,-3.6981997108102655e-12,-3.698199606872243e-12,0.9999935705805537,-3.145342617994956e-12,0.9999935705805555,-3.2878316464735993e-12,-3.1260503294584746e-12,0.9999935705805559,-3.2065028810156316e-12,0.9999935880758892,3.730926543963325e-12,3.614322589806497e-12,-3.2636533964888866e-12,-3.131433087226719e-12,-3.1964083268516833e-12,-3.69820008946591e-12,0.9999935705805537,3.6143223711602216e-12,-3.445850711085411e-12,-3.176215468678605e-12,0.9999935705805537,0.9999935705805567,-3.189996225035765e-12,-2.942459750073423e-12,-3.2659856154757768e-12,-3.12214834719449e-12,0.9999935705805522,0.9999935705805535,3.3358698747836926e-12,0.9999935705805535,-3.05325442858656e-12,5.937518240845615e-12,0.9999935705805517,-3.698199633397972e-12,0.9999935705805535,-3.698199989157505e-12,-3.2065018723926015e-12,-3.1929853158378723e-12,-3.245192108691048e-12,-3.698199341573984e-12,-3.8509084571755625e-12,-3.3501049039446568e-12,-5.669075569997156e-12,0.9999935705805547,-3.6981999590072825e-12,-3.2164466582262823e-12,0.9999935705805527,-3.1293762900339333e-12,-3.69819986350166e-12,0.9999935705805543,3.569374778403635e-12,-3.698199251134453e-12,-3.287832291514229e-12
0.9999959313810174,0.9999935705805504,-3.698198824408533e-12,3.6143240572872914e-12,-3.489929266739615e-12,-3.698199813377517e-12,5.93751662762852e-12,-3.2878332491085392e-12,-3.038190419936656e-12,-3.402530171746556e-12,0.9999931287612785,0.9999935705805522,0.9999942544197218,-3.5774590073591967e-12,0.9999935705805522,0.9999935705805519,-3.217890318453685e-12,-2.5382971026954813e-12,-3.287833120657012e-12,-3.2065014104360767e-12,3.5693757009326932e-12,0.9999935705805525,0.9999935705805537,0.9999935705805517,-3.4215406994316263e-12,0.9999935705805522,0.9999935705805516,-3.636857329734744e-12,-3.6981998130686625e-12,0.9999935705805545,-5.601678694484475e-12,-3.698199321075291e-12,0.9999935705805517,-3.6981996822282874e-12,-3.265985632126063e-12,-3.6981996978524585e-12,0.9999935705805522,0.9999935705805537,0.9999935705805512,-3.0801257421972583e-12,3.614322507668849e-12,0.9999935705805524,-3.145343414082998e-12,-3.428914266464029e-12,5.937517335280453e-12,3.614321434025084e-12,-3.206502080132537e-12,-3.221929986861964e-12,-3.2472037242646896e-12,-3.6981998178789544e-12,0.9999935705805532,-3.1336009364666232e-12,0.9999935705805519,-3.134538401113638e-12,-3.698199652635894e-12,-3.698199924543347e-12,0.9999935705805537,-3.576180758031927e-12,0.9999935705805532,-3.429297694481425e-12,0.9999935705805534,-3.2065010590451363e-12,-3.4289135503186744e-12,0.9999935705805508,-3.698199241233021e-12,-3.2878336393110863e-12,0.9999935705805522,-3.20650220418373e-12,-3.668276152364563e-12,-3.698199974301888e-12,-3.2878310743423934e-12,-3.6981997214457555e-12,-2.9598002875965028e-12,-3.698199654330395e-12,-3.6981995684108734e-12,0.9999935705805535,-3.1453425903721543e-12,0.9999935705805542,-3.287831644449447e-12,-3.126050327006038e-12,0.9999935705805542,-3.2065028773755724e-12,0.999993588075889,3.7309265667318174e-12,3.6143225207553624e-12,-3.2636533994488946e-12,-3.131433087226712e-12,-3.1964083419144666e-12,-3.698200110020459e-12,0.9999935705805535,3.614322322048739e-12,-3.4458506404274894e-12,-3.176215468678605e-12,0.9999935705805532,0.9999935705805559,-3.1899962692008954e-12,-2.9424597408050904e-12,-3.2659856154757796e-12,-3.1221483002359236e-12,0.9999935705805517,0.9999935705805535,3.3358698724818965e-12,0.9999935705805542,-3.0532544401236027e-12,5.9375182815584006e-12,0.9999935705805516,-3.698199587646715e-12,0.9999935705805527,-3.698199951291747e-12,-3.2065018678423613e-12,-3.192985304140491e-12,-3.2451920800470116e-12,-3.698199350412734e-12,-3.850908464137838e-12,-3.350104900622264e-12,-5.6690755745285775e-12,0.9999935705805542,-3.698199959007281e-12,-3.2164466166491805e-12,0.9999935705805514,-3.1293762453602216e-12,-3.6981998443153536e-12,0.9999935705805537,3.569374724155463e-12,-3.698199196131778e-12,-3.2878323094729845e-12
-1.8775848475103567e-07,-3.5774589829365466e-12,-8.226398202355382e-13,4.763084926251619e-12,-7.395860646737246e-09,-8.226398035299553e-13,4.331301687836729e-11,-3.932170692862105e-12,-2.9316855215238896e-12,-1.4473685103002184e-13,-4.854456226285174e-09,-3.5774589665102453e-12,-3.5774590073591967e-12,6.733536933929541e-07,-3.5774589912048077e-12,-3.5774589811105756e-12,-3.7634020367859394e-12,-3.714692622132059e-12,-3.932170612985326e-12,-3.5333118246331307e-12,3.1837115655804705e-11,-3.5774589974994643e-12,-3.5774589923802564e-12,-3.5774590091689544e-12,-4.583515530399727e-12,-3.577459005915694e-12,-3.5774590091689544e-12,-5.92293376385245e-12,-8.226398423605804e-13,-3.5774590032524582e-12,-1.5419603163208842e-11,-8.226398069900164e-13,-3.577458975511145e-12,-8.226398681789411e-13,-3.956489977827101e-12,-8.226399339076081e-13,-3.5774589755075244e-12,-3.577459038405077e-12,-3.5774589673029578e-12,-3.0812421183231693e-12,4.763084926252903e-12,-3.577458987810735e-12,-3.395739313565406e-12,-4.897350653010557e-14,4.331301673834402e-11,4.7630850948496436e-12,-3.5333118123781834e-12,-3.6594140392270545e-12,-3.808173838806518e-12,-8.226398069900164e-13,-3.5774590114450687e-12,-2.905966467715175e-12,-3.577458975503728e-12,-3.203410737776076e-12,-8.226398796665337e-13,-8.226398585458187e-13,-3.577459025908675e-12,-3.775991779912353e-13,-3.577459005432798e-12,-4.655591349544246e-12,-3.5774589958206746e-12,-3.5333118123781834e-12,-4.8973423849646185e-14,-3.5774589940676446e-12,-8.226398625362992e-13,-3.932170612985326e-12,-3.5774589929945882e-12,-3.5333118246331307e-12,-9.482708978305767e-13,-8.22639806987633e-13,-3.932170767079225e-12,-8.226398691959049e-13,-2.2458661607697686e-12,-8.226398069900164e-13,-8.226398691959049e-13,-3.5774590054326648e-12,-3.3957393422019634e-12,-3.5774590366808616e-12,-3.932170612986432e-12,-2.5426074002892805e-12,-3.577458975507525e-12,-3.5333118246331307e-12,-3.27161312596789e-12,6.448744267943532e-08,4.763085111809524e-12,-3.896472356781455e-12,-3.4500974996596998e-12,-3.580282597270447e-12,-8.226398081354601e-13,-3.577458982332242e-12,4.763085111809524e-12,-4.888216990130788e-12,-2.930726578261305e-12,-3.5774589939678482e-12,-3.577459004257235e-12,-3.562943895743486e-12,-2.103410297385957e-12,-3.956489181628899e-12,-5.871976834589915e-09,-3.5774589939678482e-12,-3.577459035484571e-12,4.989379420092965e-12,-3.577459035484571e-12,-1.8660618945876358e-12,4.331301673834402e-11,-3.5774589628317138e-12,-8.226398392314038e-13,-3.5774590265937882e-12,-8.226398691959049e-13,-3.5333118123781834e-12,-3.671090281098341e-12,-7.2244094480938455e-09,-8.226398681789384e-13,-1.353830322294874e-08,2.5166340876424683e-13,-1.598051742468785e-11,-3.5774590020656394e-12,-8.226398116474758e-13,-3.720591066189801e-12,-3.577458981110577e-12,9.767078124908795e-13,-8.226398069900164e-13,-3.5774590366808947e-12,3.183711555221103e-11,-8.226398334207482e-13,-3.932170415650953e-12
