0.99999999997085,0.99999942640955,0.9999994264095384,0.9999994264095394,1.1091809787056152e-07,1.109180995863444e-07,1.1091940626701682e-07,1.1091809786827968e-07,1.1091809959328673e-07,1.1141514715103305e-07,1.1146436176434423e-07,1.1091809560423743e-07,1.1091809959333969e-07,0.999999426409543,1.1076773903014988e-07,1.1091940639280224e-07,1.1138967107342229e-07,0.9999994264095365,0.9999994264095372,1.1092664815590743e-07,1.1146436282186629e-07,0.9999994264095414,1.1137795674408937e-07,1.1141514714268913e-07,0.9999994264095405,0.9999994264095441,0.999999498167561,1.1187219523775879e-07,1.1137641647493441e-07,1.107677401815912e-07,0.9999994264095372,1.109180978705703e-07,0.9999994264095394,0.9999994264095384,0.9999994264095369,1.1137795721834217e-07,0.9999994998474487,1.1100049421884154e-07,1.1086223504574782e-07,1.1054491908965486e-07,0.9999994264095372,1.1086000122293198e-07,1.1054492044365975e-07,0.999999426409541,1.1091809557209742e-07,1.1091809786592896e-07,0.9999994264095409,1.1091809959713654e-07,1.1089220261218752e-07,1.1091809962702772e-07,1.1092664816059917e-07,1.1076774018159071e-07,1.1138967092968105e-07,0.9999994264095456,0.9999995020137333,0.9999994264095405,1.108600016452713e-07,0.9999994264095433,0.9999994264095402,0.9999994264095414,0.9999994264095372,1.1091809962677408e-07,1.1137795951499009e-07,1.1183013575073767e-07,1.1137641388297393e-07,0.9999994264095385,1.109180979063772e-07,0.9999994264095392,0.999999426409538,0.999999426409538,0.9999994264095372,0.9999994264095416,0.9999994264095414,1.1092664683077386e-07,0.9999994264095365,1.1141514731277294e-07,1.1076774391842934e-07,1.1076774018160985e-07,0.9999994264095372,1.106295128467556e-07,0.999999426409537,1.1070428731179876e-07,1.1092664681266415e-07,1.1076773974920981e-07,0.9999994264095373,0.9999994264095388,1.109180956019372e-07
0.99999942640955,0.9999992996285463,0.999999095209637,0.9999990952096345,4.977389361849617e-12,4.977389458378227e-12,4.975674602918632e-12,4.977389536530132e-12,4.97738952827243e-12,3.684863636960669e-12,3.708398041672709e-12,4.977388650066857e-12,4.977389410822438e-12,0.9999990952096345,4.785122235268241e-12,4.9756745022847634e-12,3.73668106084331e-12,0.9999990952096354,0.9999990952096345,4.737594693059558e-12,3.708397440972059e-12,0.9999990952096358,3.981734778328176e-12,3.684863817367886e-12,0.9999990952096333,0.9999990952096346,0.9999991703243138,3.802307329565705e-12,3.984205360913822e-12,4.785121700215942e-12,0.9999990952096348,4.977389473264161e-12,0.9999990952096343,0.9999990952096355,0.9999990952096354,3.9817352772249305e-12,0.9999991719416683,3.5417828117397207e-12,4.6525083315375494e-12,4.793809817708873e-12,0.9999990952096354,4.839247898410973e-12,4.793810044883134e-12,0.9999990952096345,4.977388847128194e-12,4.977389358158444e-12,0.9999990952096339,4.977389469476781e-12,4.404110005612629e-12,4.977389465615727e-12,4.737594591929499e-12,4.785121656115357e-12,3.736680497155276e-12,0.9999990952096354,0.9999991738230125,0.9999990952096336,4.839247995180235e-12,0.9999990952096358,0.9999990952096339,0.9999990952096329,0.9999990952096355,4.977389454839975e-12,3.981735317317202e-12,2.808318372827751e-12,3.984205453976389e-12,0.9999990952096348,4.977389313633137e-12,0.9999990952096354,0.9999990952096339,0.9999990952096339,0.9999990952096354,0.9999990952096361,0.9999990952096361,4.73759482896823e-12,0.9999990952096354,3.6848644754216956e-12,4.785122137554028e-12,4.785121728851357e-12,0.9999990952096348,3.2920172343211025e-12,0.9999990952096348,4.758312379285354e-12,4.737594650507545e-12,4.785122224811024e-12,0.9999990952096354,0.9999990952096367,4.977388852884182e-12
0.9999994264095384,0.999999095209637,0.9999992996285437,0.9999990952096306,4.977389294716786e-12,4.977389468466013e-12,4.975674620787374e-12,4.977389592615299e-12,4.977389514070728e-12,3.684863646975626e-12,3.708398083686706e-12,4.9773885879193414e-12,4.977389481550186e-12,0.9999990952096306,4.7851222585616075e-12,4.975674564062501e-12,3.736681090043401e-12,0.9999990952096309,0.9999990952096297,4.737594695053826e-12,3.708397428065275e-12,0.9999990952096306,3.981734804147236e-12,3.684863817367887e-12,0.9999990952096292,0.9999990952096303,0.9999991703243091,3.802307363975133e-12,3.984205320571294e-12,4.7851215981422786e-12,0.9999990952096313,4.977389473086286e-12,0.9999990952096306,0.9999990952096297,0.9999990952096313,3.981735303431163e-12,0.999999171941664,3.5417827967381472e-12,4.652508369364598e-12,4.793809822192306e-12,0.9999990952096297,4.8392478970052184e-12,4.793810126110238e-12,0.9999990952096309,4.977388787240792e-12,4.977389358158445e-12,0.99999909520963,4.977389489279421e-12,4.404109954048824e-12,4.977389467887224e-12,4.737594609040456e-12,4.785121736640199e-12,3.736680555156257e-12,0.9999990952096306,0.999999173823008,0.9999990952096292,4.839248045011781e-12,0.9999990952096303,0.9999990952096292,0.9999990952096292,0.9999990952096309,4.977389468324045e-12,3.9817353320069166e-12,2.808318436363224e-12,3.98420545397639e-12,0.9999990952096314,4.977389307307833e-12,0.99999909520963,0.9999990952096297,0.9999990952096292,0.9999990952096294,0.9999990952096313,0.9999990952096309,4.737594785403023e-12,0.9999990952096309,3.684864439455874e-12,4.785122076480116e-12,4.78512172561835e-12,0.9999990952096313,3.292017208033861e-12,0.9999990952096313,4.758312367209687e-12,4.73759463488703e-12,4.7851222516909735e-12,0.9999990952096309,0.9999990952096314,4.977388769467627e-12
0.9999994264095394,0.9999990952096345,0.9999990952096306,0.9999992996285356,4.9773893393834984e-12,4.977389437216287e-12,4.975674539949732e-12,4.977389578914301e-12,4.977389461943776e-12,3.684863716292934e-12,3.708398108728664e-12,4.977388572391419e-12,4.977389418485107e-12,0.9999990952096292,4.785122338844103e-12,4.97567451800197e-12,3.736681170523204e-12,0.9999990952096284,0.9999990952096278,4.737594677997916e-12,3.708397500687335e-12,0.9999990952096284,3.981734826984361e-12,3.684863858070619e-12,0.999999095209628,0.9999990952096275,0.9999991703243075,3.8023073634195836e-12,3.984205322149358e-12,4.785121620433855e-12,0.9999990952096284,4.9773894743140336e-12,0.9999990952096277,0.9999990952096275,0.9999990952096287,3.981735272677702e-12,0.9999991719416628,3.5417828553339937e-12,4.652508405045468e-12,4.793809836674831e-12,0.9999990952096275,4.8392478970052184e-12,4.7938100586492575e-12,0.9999990952096287,4.977388828414237e-12,4.977389382734701e-12,0.9999990952096284,4.977389502846455e-12,4.404109917500017e-12,4.977389475709319e-12,4.737594513823962e-12,4.785121761285899e-12,3.736680489113851e-12,0.9999990952096278,0.9999991738230057,0.999999095209628,4.8392479727513774e-12,0.9999990952096278,0.9999990952096284,0.9999990952096278,0.9999990952096297,4.977389419364056e-12,3.981735298112568e-12,2.808318438285477e-12,3.9842055170135816e-12,0.9999990952096297,4.97738929730457e-12,0.9999990952096277,0.9999990952096287,0.999999095209629,0.9999990952096275,0.999999095209629,0.9999990952096287,4.737594860991545e-12,0.9999990952096284,3.684864467359043e-12,4.785122091312025e-12,4.7851216873471314e-12,0.9999990952096284,3.292017183794031e-12,0.9999990952096284,4.758312414405481e-12,4.737594618434083e-12,4.785122294910648e-12,0.9999990952096287,0.99999909520963,4.977388817166088e-12
1.1091809787056152e-07,4.977389361849617e-12,4.977389294716786e-12,4.9773893393834984e-12,2.0096753192528375e-07,-3.4527669591711286e-09,-3.4481360186224185e-09,-3.4527669591711443e-09,-3.45276695917113e-09,-2.797058336475505e-10,-3.220294775588313e-10,-3.452766959171178e-09,-3.4527669591711476e-09,4.977389293238876e-12,-3.21995753064069e-09,-3.448136018622453e-09,-4.1004519407054863e-10,4.9773892932389105e-12,4.977389281980282e-12,-2.965533088199961e-09,-3.2202947755886643e-10,4.977389318505106e-12,-9.120435017787116e-10,-2.797058336475441e-10,4.977389279338669e-12,4.97738927869073e-12,6.47340914408143e-09,-3.414959006027013e-11,-9.182254239907452e-10,-3.21995753064067e-09,4.977389321862433e-12,-3.4527669591711646e-09,4.977389380892394e-12,4.977389280580617e-12,4.977389295643739e-12,-9.120435017786924e-10,6.538570308614767e-09,-4.198491732476882e-10,-2.8582700763692283e-09,-3.484743479841752e-09,4.977389278690733e-12,-3.247623880921434e-09,-3.4847434798417664e-09,4.977389352098868e-12,-3.4527669591711662e-09,-3.4527669591711224e-09,4.977389363501382e-12,-3.4527669591711526e-09,-2.288720985238686e-09,-3.452766959171145e-09,-2.965533088199939e-09,-3.2199575306407e-09,-4.100451940705619e-10,4.9773893260322775e-12,6.822159435511275e-09,4.977389295643741e-12,-3.2476238809214853e-09,4.977389363501382e-12,4.9773892947167785e-12,4.977389326032276e-12,4.977389293238876e-12,-3.4527669591711323e-09,-9.120435017787005e-10,1.9713359919959885e-09,-9.182254239907442e-10,4.9773893308866555e-12,-3.4527669591711575e-09,4.9773893155281354e-12,4.977389293238913e-12,4.9773892932389105e-12,4.977389318505109e-12,4.97738929323891e-12,4.9773893260322734e-12,-2.965533088199948e-09,4.977389352098868e-12,-2.7970583364752254e-10,-3.2199575306406734e-09,-3.2199575306406804e-09,4.977389294716783e-12,-2.7719945246338126e-10,4.977389294623733e-12,-3.2300636961389627e-09,-2.9655330881999273e-09,-3.2199575306406436e-09,4.977389335003661e-12,4.9773893260322775e-12,-3.4527669591711443e-09
1.109180995863444e-07,4.977389458378227e-12,4.977389468466013e-12,4.977389437216287e-12,-3.4527669591711286e-09,2.0096753192528375e-07,-3.448136018622416e-09,-3.4527669591711352e-09,-3.45276695917112e-09,-2.797058336475456e-10,-3.2202947755883143e-10,-3.452766959171172e-09,-3.4527669591711393e-09,4.977389475180843e-12,-3.219957530640683e-09,-3.4481360186224495e-09,-4.1004519407054543e-10,4.977389486523703e-12,4.9773894065579425e-12,-2.965533088199947e-09,-3.2202947755886235e-10,4.977389458378249e-12,-9.120435017787107e-10,-2.7970583364754064e-10,4.977389517274475e-12,4.977389435394534e-12,6.473409418102772e-09,-3.4149590060268647e-11,-9.182254239907444e-10,-3.219957530640663e-09,4.9773894001816434e-12,-3.45276695917116e-09,4.977389427391281e-12,4.9773894925576555e-12,4.9773894372162885e-12,-9.120435017786891e-10,6.538570582636128e-09,-4.198491732476865e-10,-2.8582700763692154e-09,-3.4847434798417338e-09,4.977389460933255e-12,-3.247623880921419e-09,-3.4847434798417482e-09,4.9773894744209685e-12,-3.4527669591711637e-09,-3.452766959171123e-09,4.97738951103769e-12,-3.4527669591711468e-09,-2.288720985238682e-09,-3.452766959171138e-09,-2.9655330881999244e-09,-3.2199575306406883e-09,-4.100451940705574e-10,4.9773894942204945e-12,6.822159709532609e-09,4.977389479113877e-12,-3.2476238809214795e-09,4.97738951103769e-12,4.977389489274467e-12,4.977389479113877e-12,4.977389488914792e-12,-3.4527669591711278e-09,-9.120435017786981e-10,1.971335991995983e-09,-9.182254239907422e-10,4.97738941998963e-12,-3.4527669591711563e-09,4.977389419989633e-12,4.977389437891154e-12,4.9773894797963815e-12,4.977389468658577e-12,4.977389436046659e-12,4.977389461356932e-12,-2.9655330881999414e-09,4.9773894892743995e-12,-2.797058336475183e-10,-3.219957530640664e-09,-3.2199575306406663e-09,4.977389517274476e-12,-2.7719945246337945e-10,4.97738941624e-12,-3.230063696138958e-09,-2.9655330881999236e-09,-3.2199575306406386e-09,4.977389489274397e-12,4.977389457100316e-12,-3.452766959171142e-09
1.1091940626701682e-07,4.975674602918632e-12,4.975674620787374e-12,4.975674539949732e-12,-3.4481360186224185e-09,-3.448136018622416e-09,2.009767827769869e-07,-3.448136018622416e-09,-3.4481360186224003e-09,-2.83292299755275e-10,-3.17546530342574e-10,-3.4481360186224495e-09,-3.4481360186224226e-09,4.9756746141947895e-12,-3.2132547836313316e-09,-3.44351199736985e-09,-4.128751522066436e-10,4.975674571585958e-12,4.9756746151754315e-12,-2.9618246032893563e-09,-3.1754653034260953e-10,4.975674609908988e-12,-9.109570061910544e-10,-2.83292299755269e-10,4.975674602918632e-12,4.975674632690213e-12,6.474610651099363e-09,-3.1912429261613074e-11,-9.169471966797151e-10,-3.213254783631306e-09,4.975674605184453e-12,-3.448136018622435e-09,4.975674595368433e-12,4.975674609908991e-12,4.975674588686971e-12,-9.109570061910339e-10,6.53863926925909e-09,-4.1417963295932546e-10,-2.8541961691775484e-09,-3.4823278396878603e-09,4.975674578463781e-12,-3.242856337332008e-09,-3.482327839687889e-09,4.975674612546171e-12,-3.4481360186224437e-09,-3.4481360186224077e-09,4.975674562579819e-12,-3.448136018622428e-09,-2.289881763625314e-09,-3.4481360186224148e-09,-2.961824603289334e-09,-3.21325478363134e-09,-4.128751522066571e-10,4.975674609908991e-12,6.822804016030377e-09,4.9756745944448345e-12,-3.242856337332063e-09,4.975674578463783e-12,4.975674678569871e-12,4.975674578463783e-12,4.975674642536261e-12,-3.4481360186224028e-09,-9.109570061910423e-10,1.9657659038317114e-09,-9.169471966797151e-10,4.97567460990899e-12,-3.44813601862243e-09,4.975674643941091e-12,4.975674607859028e-12,4.975674553009317e-12,4.9756745886869724e-12,4.975674678569869e-12,4.975674609908986e-12,-2.961824603289343e-09,4.975674562579821e-12,-2.832922997552475e-10,-3.213254783631317e-09,-3.2132547836313147e-09,4.9756745574375445e-12,-1.386478753729473e-13,4.975674607859029e-12,-3.2224800269998285e-09,-2.961824603289324e-09,-3.2132547836312903e-09,4.975674605184497e-12,4.975674600172093e-12,-3.4481360186224148e-09
1.1091809786827968e-07,4.977389536530132e-12,4.977389592615299e-12,4.977389578914301e-12,-3.4527669591711443e-09,-3.4527669591711352e-09,-3.448136018622416e-09,2.0096753192528375e-07,-3.4527669591711274e-09,-2.797058336475433e-10,-3.220294775588284e-10,-3.452766959171177e-09,-3.4527669591711393e-09,4.977389593334986e-12,-3.2199575306406874e-09,-3.448136018622452e-09,-4.1004519407054243e-10,4.977389592615333e-12,4.977389560098292e-12,-2.965533088199947e-09,-3.220294775588684e-10,4.977389537240736e-12,-9.120435017787098e-10,-2.7970583364753753e-10,4.977389627331666e-12,4.977389606638291e-12,6.4734096138114746e-09,-3.414959006026472e-11,-9.182254239907407e-10,-3.219957530640658e-09,4.977389606024156e-12,-3.452766959171156e-09,4.977389537240736e-12,4.9773896273317396e-12,4.977389501845971e-12,-9.120435017786876e-10,6.538570778344819e-09,-4.1984917324768565e-10,-2.858270076369227e-09,-3.4847434798417354e-09,4.977389579778388e-12,-3.247623880921428e-09,-3.4847434798417553e-09,4.977389537240738e-12,-3.4527669591711637e-09,-3.4527669591711216e-09,4.977389579778391e-12,-3.4527669591711468e-09,-2.28872098523868e-09,-3.452766959171141e-09,-2.9655330881999306e-09,-3.2199575306406974e-09,-4.100451940705557e-10,4.977389572874711e-12,6.822159905241312e-09,4.977389559249726e-12,-3.247623880921478e-09,4.977389536530133e-12,4.977389558621422e-12,4.977389546361241e-12,4.977389518827133e-12,-3.4527669591711286e-09,-9.120435017786957e-10,1.9713359919959923e-09,-9.182254239907397e-10,4.9773895883794725e-12,-3.4527669591711563e-09,4.977389518827133e-12,4.977389561870386e-12,4.977389501846e-12,4.977389546361241e-12,4.97738959261533e-12,4.977389546361241e-12,-2.9655330881999455e-09,4.977389541818527e-12,-2.797058336475155e-10,-3.2199575306406676e-09,-3.2199575306406734e-09,4.977389501846e-12,-2.771994524633769e-10,4.977389572874713e-12,-3.23006369613896e-09,-2.9655330881999306e-09,-3.219957530640645e-09,4.977389610245321e-12,4.9773895789143e-12,-3.4527669591711406e-09
1.1091809959328673e-07,4.97738952827243e-12,4.977389514070728e-12,4.977389461943776e-12,-3.45276695917113e-09,-3.45276695917112e-09,-3.4481360186224003e-09,-3.4527669591711274e-09,2.0096753192528375e-07,-2.797058336475447e-10,-3.220294775588177e-10,-3.4527669591711613e-09,-3.4527669591711323e-09,4.97738952848545e-12,-3.219957530640683e-09,-3.448136018622443e-09,-4.100451940705448e-10,4.977389523064149e-12,4.977389503155423e-12,-2.965533088199943e-09,-3.2202947755885594e-10,4.977389505914993e-12,-9.120435017787113e-10,-2.797058336475395e-10,4.977389505914991e-12,4.977389538826453e-12,6.473409520980329e-09,-3.414959006025636e-11,-9.182254239907428e-10,-3.21995753064065e-09,4.977389523726371e-12,-3.4527669591711518e-09,4.977389535064259e-12,4.977389537297597e-12,4.977389520958577e-12,-9.120435017786891e-10,6.538570685513687e-09,-4.1984917324768575e-10,-2.8582700763692154e-09,-3.4847434798417338e-09,4.9773895228188966e-12,-3.2476238809214134e-09,-3.4847434798417565e-09,4.977389529150647e-12,-3.4527669591711588e-09,-3.452766959171119e-09,4.977389535064341e-12,-3.452766959171137e-09,-2.28872098523868e-09,-3.452766959171137e-09,-2.9655330881999244e-09,-3.2199575306406804e-09,-4.100451940705573e-10,4.977389533703013e-12,6.8221598124101745e-09,4.977389520958574e-12,-3.2476238809214688e-09,4.977389536203501e-12,4.977389505914991e-12,4.977389514070758e-12,4.97738952011805e-12,-3.4527669591711203e-09,-9.120435017786969e-10,1.971335991995989e-09,-9.182254239907418e-10,4.977389520958575e-12,-3.452766959171148e-09,4.977389535731395e-12,4.977389503155423e-12,4.977389535731392e-12,4.97738946589304e-12,4.977389523726374e-12,4.9773895228188966e-12,-2.9655330881999414e-09,4.977389465893037e-12,-2.797058336475178e-10,-3.2199575306406548e-09,-3.219957530640658e-09,4.977389528272376e-12,-2.7719945246337805e-10,4.977389537297597e-12,-3.230063696138953e-09,-2.9655330881999203e-09,-3.219957530640628e-09,4.977389522082681e-12,4.97738953247559e-12,-3.45276695917113e-09
1.1141514715103305e-07,3.684863636960669e-12,3.684863646975626e-12,3.684863716292934e-12,-2.797058336475505e-10,-2.797058336475456e-10,-2.83292299755275e-10,-2.797058336475433e-10,-2.797058336475447e-10,2.0374320044659117e-07,-1.1214946020480432e-13,-2.797058336475655e-10,-2.79705833647546e-10,3.6848636466957335e-12,4.312054470880577e-14,-2.832922997552725e-10,-4.78593843004963e-10,3.6848637658769825e-12,3.684863722363106e-12,-3.2158735964330786e-13,-1.1214941045949686e-13,3.684863750386859e-12,5.139977639962962e-10,-6.759646869899351e-10,3.684863717858218e-12,3.684863690075665e-12,7.067819861588107e-09,-1.2785308349722099e-10,5.734951040228393e-10,4.3120815324174123e-14,3.684863715396963e-12,-2.797058336475448e-10,3.6848637658769825e-12,3.68486366063887e-12,3.6848637658769825e-12,5.139977639963069e-10,6.8034154383407866e-09,6.811769527314915e-13,-2.9691464178202e-13,-7.692328544168071e-14,3.684863673022208e-12,-2.2060202753920782e-13,-7.692329826626249e-14,3.6848636785937744e-12,-2.797058336475591e-10,-2.7970583364754844e-10,3.684863705096773e-12,-2.797058336475453e-10,-3.183944023216901e-13,-2.7970583364754513e-10,-3.2158734786759995e-13,4.312077669380633e-14,-4.785938430049757e-10,3.684863670819523e-12,3.428895926239315e-12,3.684863673022207e-12,-2.2060202767371663e-13,3.684863661768233e-12,3.684863750386859e-12,3.684863660842598e-12,3.684863710340134e-12,-2.797058336475447e-10,5.13997763996308e-10,-4.589602301113556e-13,5.734951040228426e-10,3.6848636804854525e-12,-2.797058336475479e-10,3.6848637203494034e-12,3.684863724125532e-12,3.6848636606388685e-12,3.684863710340135e-12,3.6848636606388685e-12,3.684863680485454e-12,-3.2158735547787237e-13,3.684863660842598e-12,-6.759646869899173e-10,4.312064335366936e-14,4.3120815324174426e-14,3.684863631466249e-12,1.6256829726213995e-13,3.6848636606388685e-12,1.3885902266140298e-13,-3.2158734588206124e-13,4.312081532419303e-14,3.684863734331288e-12,3.684863660842603e-12,-2.7970583364755744e-10
1.1146436176434423e-07,3.708398041672709e-12,3.708398083686706e-12,3.708398108728664e-12,-3.220294775588313e-10,-3.2202947755883143e-10,-3.17546530342574e-10,-3.220294775588284e-10,-3.220294775588177e-10,-1.1214946020480432e-13,2.0370024739513468e-07,-3.220294775588721e-10,-3.22029477558838e-10,3.708398040851747e-12,-1.411635957358935e-10,-3.1754653034260286e-10,-1.4932732315449276e-13,3.7083981289531805e-12,3.7083980798664695e-12,1.2878254795648982e-11,-7.189533793867053e-10,3.708398068145253e-12,-3.0806705751329184e-13,-1.1214940585235162e-13,3.708398041672675e-12,3.708398082956955e-12,7.0704263635332034e-09,-1.21128982296992e-09,-3.1233870095412847e-13,-1.411635957358772e-10,3.708398069064932e-12,-3.220294775588492e-10,3.708398075912457e-12,3.708398082956958e-12,3.708398052040685e-12,-3.080670008201549e-13,7.076600958526552e-09,-6.529899516582526e-14,6.628949800090414e-11,4.68920252518404e-13,3.708398069094637e-12,-3.961167408421308e-11,4.689206040866187e-13,3.708398039644337e-12,-3.2202947755886183e-10,-3.220294775588262e-10,3.70839808121215e-12,-3.2202947755884084e-10,4.582352167708028e-13,-3.2202947755883934e-10,1.2878254795663075e-11,-1.4116359573590503e-10,-1.4932732280449307e-13,3.708398069094639e-12,7.311399208068603e-09,3.708398083086772e-12,-3.961167408425965e-11,3.708398052040685e-12,3.708398066670603e-12,3.708398068145257e-12,3.708398069065856e-12,-3.2202947755882735e-10,-3.0806705323866007e-13,1.6992181194888035e-13,-3.123390111391195e-13,3.708398052040687e-12,-3.220294775588525e-10,3.7083980403211325e-12,3.7083980681452556e-12,3.708398083686707e-12,3.708398048836399e-12,3.708398083086769e-12,3.7083980520406105e-12,1.2878254795655511e-11,3.708398108728664e-12,-1.1214942862573442e-13,-1.411635957358793e-10,-1.4116359573588543e-10,3.708398048836402e-12,-1.3996561313038776e-13,3.708398052040684e-12,-1.431529324914207e-10,1.287825479567284e-11,-1.4116359573585723e-10,3.70839805204061e-12,3.708398075912457e-12,-3.220294775588353e-10
1.1091809560423743e-07,4.977388650066857e-12,4.9773885879193414e-12,4.977388572391419e-12,-3.452766959171178e-09,-3.452766959171172e-09,-3.4481360186224495e-09,-3.452766959171177e-09,-3.4527669591711613e-09,-2.797058336475655e-10,-3.220294775588721e-10,2.0096753192528375e-07,-3.4527669591711786e-09,4.977388518402623e-12,-3.2199575306407218e-09,-3.4481360186224867e-09,-4.1004519407056445e-10,4.977388609358293e-12,4.9773885669315705e-12,-2.9655330881999964e-09,-3.220294775589051e-10,4.977388572391416e-12,-9.120435017787287e-10,-2.7970583364756023e-10,4.977388616085248e-12,4.977388616085174e-12,6.4734076634830865e-09,-3.414959006029789e-11,-9.182254239907599e-10,-3.219957530640694e-09,4.977388616528986e-12,-3.4527669591711923e-09,4.9773885178416695e-12,4.977388617078919e-12,4.97738857401037e-12,-9.120435017787071e-10,6.53856882801643e-09,-4.1984917324770297e-10,-2.8582700763692647e-09,-3.484743479841758e-09,4.977388578131835e-12,-3.2476238809214593e-09,-3.4847434798417805e-09,4.9773886165289904e-12,-3.4527669591712006e-09,-3.452766959171166e-09,4.97738858739162e-12,-3.452766959171179e-09,-2.2887209852387025e-09,-3.4527669591711803e-09,-2.9655330881999666e-09,-3.2199575306407284e-09,-4.100451940705769e-10,4.9773886255205834e-12,6.822157954912932e-09,4.977388559683665e-12,-3.24762388092152e-09,4.9773885930136164e-12,4.977388503827447e-12,4.9773885723914125e-12,4.9773886099511525e-12,-3.4527669591711662e-09,-9.120435017787147e-10,1.971335991995971e-09,-9.182254239907589e-10,4.977388559670335e-12,-3.452766959171197e-09,4.9773885596703335e-12,4.977388616529019e-12,4.977388616528988e-12,4.9773885873916156e-12,4.977388566846097e-12,4.9773886099511525e-12,-2.9655330881999835e-09,4.977388503827445e-12,-2.7970583364753826e-10,-3.2199575306407036e-09,-3.219957530640707e-09,4.977388609358294e-12,-2.771994524633966e-10,4.977388517841726e-12,-3.2300636961389983e-09,-2.965533088199964e-09,-3.2199575306406804e-09,4.977388578131835e-12,4.977388650066857e-12,-3.452766959171176e-09
1.1091809959333969e-07,4.977389410822438e-12,4.977389481550186e-12,4.977389418485107e-12,-3.4527669591711476e-09,-3.4527669591711393e-09,-3.4481360186224226e-09,-3.4527669591711393e-09,-3.4527669591711323e-09,-2.79705833647546e-10,-3.22029477558838e-10,-3.4527669591711786e-09,2.0096753192528375e-07,4.9773894988610084e-12,-3.2199575306406874e-09,-3.448136018622466e-09,-4.1004519407054527e-10,4.9773894604120985e-12,4.9773894722294334e-12,-2.9655330881999633e-09,-3.220294775588693e-10,4.977389390730022e-12,-9.120435017787094e-10,-2.797058336475404e-10,4.977389468324222e-12,4.977389468324224e-12,6.473409431853486e-09,-3.414959006026912e-11,-9.182254239907422e-10,-3.219957530640667e-09,4.977389485499218e-12,-3.452766959171162e-09,4.977389468612117e-12,4.977389460412103e-12,4.977389468766169e-12,-9.120435017786891e-10,6.538570596386841e-09,-4.198491732476852e-10,-2.858270076369227e-09,-3.484743479841747e-09,4.977389468612117e-12,-3.247623880921436e-09,-3.4847434798417607e-09,4.9773894520469454e-12,-3.452766959171177e-09,-3.4527669591711327e-09,4.9773894604120985e-12,-3.452766959171156e-09,-2.288720985238687e-09,-3.4527669591711468e-09,-2.96553308819994e-09,-3.2199575306407007e-09,-4.100451940705575e-10,4.977389453330344e-12,6.822159723283325e-09,4.977389443929948e-12,-3.2476238809214845e-09,4.9773894654300306e-12,4.977389480691849e-12,4.977389465430028e-12,4.977389480691954e-12,-3.452766959171138e-09,-9.120435017786957e-10,1.971335991995985e-09,-9.182254239907397e-10,4.977389485499221e-12,-3.4527669591711662e-09,4.977389468324202e-12,4.977389453330326e-12,4.977389448961241e-12,4.977389468324222e-12,4.97738945145307e-12,4.977389480691954e-12,-2.9655330881999513e-09,4.977389452046957e-12,-2.797058336475186e-10,-3.2199575306406796e-09,-3.219957530640683e-09,4.977389453330345e-12,-2.771994524633781e-10,4.977389468612119e-12,-3.2300636961389697e-09,-2.9655330881999343e-09,-3.2199575306406506e-09,4.977389564057835e-12,4.977389476942848e-12,-3.4527669591711435e-09
0.999999426409543,0.9999990952096345,0.9999990952096306,0.9999990952096292,4.977389293238876e-12,4.977389475180843e-12,4.9756746141947895e-12,4.977389593334986e-12,4.97738952848545e-12,3.6848636466957335e-12,3.708398040851747e-12,4.977388518402623e-12,4.9773894988610084e-12,0.9999992996285405,4.785122199995234e-12,4.97567450140126e-12,3.736681112574459e-12,0.9999990952096284,0.9999990952096287,4.737594658932117e-12,3.708397521106425e-12,0.9999990952096284,3.9817348347827705e-12,3.684863819861986e-12,0.9999990952096272,0.9999990952096278,0.9999991703243067,3.80230729869246e-12,3.984205360913822e-12,4.785121660892151e-12,0.9999990952096287,4.977389416692447e-12,0.9999990952096277,0.999999095209629,0.9999990952096284,3.98173528027374e-12,0.9999991719416618,3.541782859212899e-12,4.6525083315375535e-12,4.7938098605643906e-12,0.9999990952096287,4.839247932592583e-12,4.793810043938373e-12,0.999999095209628,4.9773887502171924e-12,4.977389382734689e-12,0.9999990952096287,4.977389398539734e-12,4.404109935627808e-12,4.977389413544529e-12,4.737594591929445e-12,4.78512166370963e-12,3.736680490240727e-12,0.999999095209627,0.9999991738230051,0.9999990952096272,4.83924797746187e-12,0.9999990952096268,0.9999990952096275,0.9999990952096275,0.9999990952096284,4.977389477479391e-12,3.981735362966861e-12,2.8083183492613303e-12,3.984205477936692e-12,0.9999990952096292,4.977389375237448e-12,0.9999990952096277,0.9999990952096275,0.999999095209627,0.9999990952096284,0.9999990952096277,0.9999990952096277,4.737594795138776e-12,0.9999990952096284,3.684864469658995e-12,4.7851220644388396e-12,4.785121694592857e-12,0.9999990952096287,3.2920172059285544e-12,0.9999990952096287,4.758312425670638e-12,4.737594643367316e-12,4.7851222148202725e-12,0.9999990952096284,0.9999990952096292,4.97738886365866e-12
1.1076773903014988e-07,4.785122235268241e-12,4.7851222585616075e-12,4.785122338844103e-12,-3.21995753064069e-09,-3.219957530640683e-09,-3.2132547836313316e-09,-3.2199575306406874e-09,-3.219957530640683e-09,4.312054470880577e-14,-1.411635957358935e-10,-3.2199575306407218e-09,-3.2199575306406874e-09,4.785122199995234e-12,2.012376038281206e-07,-3.213254783631366e-09,-7.876948849534714e-14,4.785122286531877e-12,4.78512222346714e-12,-2.5198990740918525e-09,-1.4116359573592573e-10,4.785122240018823e-12,-1.2196834758722195e-09,4.3120584088983497e-14,4.7851222585616245e-12,4.7851223016695985e-12,6.322384513011719e-09,8.642784154069799e-11,-1.2603215247127852e-09,-3.182588972039662e-09,4.785122338844103e-12,-3.2199575306407085e-09,4.785122219627405e-12,4.7851222591222235e-12,4.785122204292343e-12,-1.2196834758722005e-09,6.537263499732463e-09,-1.189190142873521e-09,-2.4358609387646702e-09,-3.3715120359354124e-09,4.785122301669596e-12,-2.9182592607763068e-09,-3.371512035935429e-09,4.78512230166958e-12,-3.2199575306407135e-09,-3.2199575306406854e-09,4.785122240018823e-12,-3.219957530640695e-09,-1.8923740307655376e-09,-3.219957530640689e-09,-2.519899074091829e-09,-3.182588972039695e-09,-7.876966289463509e-14,4.7851222396751225e-12,6.807647633422052e-09,4.785122301669598e-12,-2.9182592607763535e-09,4.785122261109667e-12,4.78512230166958e-12,4.785122219276922e-12,4.785122301669597e-12,-3.2199575306406796e-09,-1.2196834758722087e-09,2.5022702809729587e-09,-1.2603215247127823e-09,4.785122327862334e-12,-3.2199575306407127e-09,4.785122219276922e-12,4.785122301669597e-12,4.785122219627407e-12,4.78512221927692e-12,4.785122246781398e-12,4.785122250578755e-12,-2.5198990740918434e-09,4.785122215070728e-12,4.3120584088981685e-14,-3.1825889720396744e-09,-3.182588972039679e-09,4.785122292584875e-12,-2.3218630096010004e-13,4.785122219276922e-12,-3.29818480506425e-09,-2.519899074091825e-09,-3.1825889720396454e-09,4.78512231536943e-12,4.785122224325601e-12,-3.2199575306406858e-09
1.1091940639280224e-07,4.9756745022847634e-12,4.975674564062501e-12,4.97567451800197e-12,-3.448136018622453e-09,-3.4481360186224495e-09,-3.44351199736985e-09,-3.448136018622452e-09,-3.448136018622443e-09,-2.832922997552725e-10,-3.1754653034260286e-10,-3.4481360186224867e-09,-3.448136018622466e-09,4.97567450140126e-12,-3.213254783631366e-09,2.009767827769869e-07,-4.1287515220664183e-10,4.975674551434459e-12,4.975674566423635e-12,-2.9618246032893907e-09,-3.175465303426346e-10,4.9756745193958975e-12,-9.109570061910507e-10,-2.8329229975526726e-10,4.975674549810373e-12,4.975674549810375e-12,6.4746105264708615e-09,-3.1912429261632836e-11,-9.16947196679712e-10,-3.2132547836313415e-09,4.9756745703791915e-12,-3.4481360186224664e-09,4.97567455143445e-12,4.975674548565571e-12,4.9756745401732916e-12,-9.109570061910311e-10,6.538639144630587e-09,-4.1417963295932355e-10,-2.8541961691775877e-09,-3.482327839687878e-09,4.975674502284705e-12,-3.2428563373320447e-09,-3.482327839687902e-09,4.975674491206168e-12,-3.448136018622477e-09,-3.4481360186224387e-09,4.975674494638562e-12,-3.4481360186224623e-09,-2.289881763625325e-09,-3.4481360186224507e-09,-2.961824603289371e-09,-3.213254783631375e-09,-4.128751522066542e-10,4.975674545840678e-12,6.822803891401861e-09,4.975674498927667e-12,-3.242856337332094e-09,4.975674498927667e-12,4.9756744946385635e-12,4.975674491206173e-12,4.975674518001973e-12,-3.448136018622435e-09,-9.109570061910383e-10,1.96576590383172e-09,-9.169471966797111e-10,4.975674564062502e-12,-3.4481360186224714e-09,4.975674524971384e-12,4.975674490944719e-12,4.975674522310911e-12,4.975674519395899e-12,4.975674494638562e-12,4.975674566423706e-12,-2.9618246032893782e-09,4.975674566423705e-12,-2.8329229975524524e-10,-3.213254783631352e-09,-3.2132547836313577e-09,4.975674502284768e-12,-1.3864786492411862e-13,4.975674549810375e-12,-3.2224800269998616e-09,-2.961824603289362e-09,-3.2132547836313184e-09,4.975674546544413e-12,4.975674549810373e-12,-3.4481360186224503e-09
1.1138967107342229e-07,3.73668106084331e-12,3.736681090043401e-12,3.736681170523204e-12,-4.1004519407054863e-10,-4.1004519407054543e-10,-4.128751522066436e-10,-4.1004519407054243e-10,-4.100451940705448e-10,-4.78593843004963e-10,-1.4932732315449276e-13,-4.1004519407056445e-10,-4.1004519407054527e-10,3.736681112574459e-12,-7.876948849534714e-14,-4.1287515220664183e-10,2.0409544507491715e-07,3.736681093736971e-12,3.736681149487115e-12,-3.5651691337458473e-13,-1.4932731304393234e-13,3.736681101709536e-12,4.4011817094557693e-10,-4.785938430049636e-10,3.736681161778676e-12,3.736681120171013e-12,7.0409462902889156e-09,-2.3247841174036734e-10,4.882526416183708e-10,-7.87692017849569e-14,3.736681034901888e-12,-4.100451940705447e-10,3.736681086090195e-12,3.736681101709536e-12,3.736681090687607e-12,4.4011817094558805e-10,6.835046008310709e-09,5.304810627725175e-13,-6.853630331662103e-10,-8.979085607693122e-14,3.736681154161727e-12,-2.731832528567397e-13,-8.979085974921019e-14,3.736681156199679e-12,-4.10045194070558e-10,-4.1004519407054765e-10,3.73668106084331e-12,-4.100451940705444e-10,-3.0269314542014086e-13,-4.100451940705444e-10,-3.5651690793053986e-13,-7.876966289463048e-14,-3.2357610301545283e-10,3.736681151413681e-12,3.4347803846872917e-12,3.736681090687607e-12,-2.731832558012926e-13,3.73668115193762e-12,3.736681145320996e-12,3.73668115193762e-12,3.736681084785108e-12,-4.1004519407054455e-10,4.401181709455905e-10,-3.8575929919002566e-13,4.88252641618375e-10,3.736681090642171e-12,-4.100451940705469e-10,3.7366811396152386e-12,3.736681086090195e-12,3.736681116584914e-12,3.736681090687607e-12,3.736681090687607e-12,3.73668115193762e-12,-3.565169029198444e-13,3.73668115193762e-12,-4.785938430049456e-10,-7.876938506720979e-14,-7.876949383050404e-14,3.736681145394962e-12,2.5275077019625077e-10,3.736681112574458e-12,-1.6185829608815982e-11,-3.5651689885359745e-13,-7.876956180973077e-14,3.736681151413681e-12,3.736681116584914e-12,-4.1004519407055664e-10
0.9999994264095365,0.9999990952096354,0.9999990952096309,0.9999990952096284,4.9773892932389105e-12,4.977389486523703e-12,4.975674571585958e-12,4.977389592615333e-12,4.977389523064149e-12,3.6848637658769825e-12,3.7083981289531805e-12,4.977388609358293e-12,4.9773894604120985e-12,0.9999990952096284,4.785122286531877e-12,4.975674551434459e-12,3.736681093736971e-12,0.9999992996285386,0.9999990952096275,4.737594726532599e-12,3.708397498268181e-12,0.9999990952096284,3.981734808222789e-12,3.684863838083117e-12,0.9999990952096275,0.999999095209627,0.9999991703243062,3.802307357230696e-12,3.9842053497563474e-12,4.7851217039751605e-12,0.9999990952096287,4.977389483711804e-12,0.999999095209628,0.9999990952096298,0.9999990952096287,3.981735303431184e-12,0.9999991719416615,3.5417828175289874e-12,4.652508407393246e-12,4.7938098113833656e-12,0.9999990952096284,4.839247959415034e-12,4.793810116494924e-12,0.999999095209627,4.977388809049472e-12,4.977389400986611e-12,0.9999990952096287,4.977389502846455e-12,4.404110005612631e-12,4.977389436522234e-12,4.737594579489479e-12,4.785121656115354e-12,3.7366804935610254e-12,0.999999095209628,0.9999991738230057,0.9999990952096275,4.839247936785879e-12,0.9999990952096284,0.9999990952096287,0.9999990952096275,0.9999990952096287,4.977389429314176e-12,3.981735369517901e-12,2.8083183629396224e-12,3.984205509788209e-12,0.999999095209628,4.977389387697472e-12,0.9999990952096287,0.9999990952096278,0.9999990952096278,0.9999990952096284,0.9999990952096284,0.9999990952096285,4.737594843182095e-12,0.9999990952096287,3.684864475421657e-12,4.7851221357439094e-12,4.785121651673621e-12,0.9999990952096287,3.292017208033857e-12,0.9999990952096287,4.758312295157635e-12,4.737594605643215e-12,4.785122205424908e-12,0.9999990952096287,0.9999990952096285,4.97738883903048e-12
0.9999994264095372,0.9999990952096345,0.9999990952096297,0.9999990952096278,4.977389281980282e-12,4.9773894065579425e-12,4.9756746151754315e-12,4.977389560098292e-12,4.977389503155423e-12,3.684863722363106e-12,3.7083980798664695e-12,4.9773885669315705e-12,4.9773894722294334e-12,0.9999990952096287,4.78512222346714e-12,4.975674566423635e-12,3.736681149487115e-12,0.9999990952096275,0.9999992996285331,4.737594715904255e-12,3.708397524854241e-12,0.999999095209629,3.98173481306863e-12,3.684863817626097e-12,0.9999990952096287,0.9999990952096275,0.9999991703243075,3.802307337555024e-12,3.984205349312557e-12,4.7851216134785755e-12,0.9999990952096292,4.977389480134438e-12,0.9999990952096275,0.9999990952096297,0.9999990952096275,3.9817352641388314e-12,0.9999991719416628,3.541782813717838e-12,4.652508416706083e-12,4.793809792159351e-12,0.9999990952096272,4.839247916866285e-12,4.793810043938373e-12,0.9999990952096284,4.977388773687577e-12,4.977389324736094e-12,0.9999990952096284,4.977389549084742e-12,4.40411001781293e-12,4.977389388924378e-12,4.737594517777864e-12,4.785121739089738e-12,3.736680424424815e-12,0.9999990952096277,0.9999991738230057,0.9999990952096285,4.83924797746187e-12,0.999999095209628,0.9999990952096272,0.9999990952096278,0.9999990952096292,4.97738942995495e-12,3.981735284659499e-12,2.8083183826817183e-12,3.984205520751908e-12,0.9999990952096284,4.977389333934373e-12,0.9999990952096272,0.9999990952096287,0.9999990952096287,0.999999095209627,0.9999990952096298,0.9999990952096298,4.737594791330526e-12,0.9999990952096275,3.684864511446774e-12,4.785122083934459e-12,4.7851217160977275e-12,0.9999990952096292,3.292017214721168e-12,0.9999990952096292,4.7583123792853415e-12,4.7375946314988855e-12,4.785122168979768e-12,0.9999990952096275,0.9999990952096292,4.977388837547313e-12
1.1092664815590743e-07,4.737594693059558e-12,4.737594695053826e-12,4.737594677997916e-12,-2.965533088199961e-09,-2.965533088199947e-09,-2.9618246032893563e-09,-2.965533088199947e-09,-2.965533088199943e-09,-3.2158735964330786e-13,1.2878254795648982e-11,-2.9655330881999964e-09,-2.9655330881999633e-09,4.737594658932117e-12,-2.5198990740918525e-09,-2.9618246032893907e-09,-3.5651691337458473e-13,4.737594726532599e-12,4.737594715904255e-12,2.018829522882695e-07,1.2878254795615512e-11,4.737594721179509e-12,-4.340809849323407e-13,-3.215873657299542e-13,4.737594704737461e-12,4.737594677377092e-12,6.481745382377734e-09,3.026479902559953e-10,-4.301012868827859e-13,-2.519899074091829e-09,4.73759470534765e-12,-2.9655330881999807e-09,4.737594677377091e-12,4.737594749474465e-12,4.737594682678439e-12,-4.340810271086638e-13,6.458614186011425e-09,1.5261909937982926e-14,-2.376739089035502e-09,-3.333627931993911e-09,4.737594689388618e-12,-2.771906282693817e-09,-3.3336279319939386e-09,4.7375946773770954e-12,-2.9655330881999914e-09,-2.9655330881999538e-09,4.7375946879557e-12,-2.9655330881999633e-09,-2.2026869396720833e-09,-2.9655330881999554e-09,-2.5369774727799693e-09,-2.5198990740918575e-09,-3.5651691621157886e-13,4.737594693059568e-12,6.7945409808557426e-09,4.737594678177039e-12,-2.771906282693872e-09,4.7375947125179905e-12,4.737594722178977e-12,4.7375947603246274e-12,4.737594658932118e-12,-2.965533088199948e-09,-4.340809399559862e-13,1.778060116051191e-09,-4.3010128688279497e-13,4.737594677997919e-12,-2.965533088199978e-09,4.73759470534765e-12,4.737594716102856e-12,4.737594745768312e-12,4.737594677377092e-12,4.737594704737463e-12,4.737594682678434e-12,-2.536977472779981e-09,4.737594726532596e-12,-3.2158735931253745e-13,-2.51989907409183e-09,-2.519899074091841e-09,4.737594716102859e-12,-9.045385266026808e-14,4.737594730063492e-12,-2.4452452393400715e-09,-2.5369774727799664e-09,-2.519899074091807e-09,4.737594747575989e-12,4.737594677997919e-12,-2.9655330881999525e-09
