1.0000000038379475,1.0000041899104128,1.0000041899103949,1.000004189910392,1.0000041899103989,1.0000041899104006,-2.4801874838162785e-06,1.0000041899103993,-2.472696842508727e-06,1.0000041899103989,1.0000041899103955,1.0000041899103977,1.000004189910397,1.0000041899103977,-2.478267374680443e-06,1.0000044096942002,1.0000041899103955,1.0000041899103989,1.000004189910392,1.0000041899103984,1.0000041899104004,-2.4727897067367048e-06,-2.473465048551902e-06,1.0000041899103955,1.0000043224347632,1.0000041899103933,1.0000041899104064,-2.4698947429599183e-06,1.0000041899103997,1.0000041899103957,1.0000041899104022,-2.473885255331565e-06,-2.472789706688748e-06,1.000004189910398,-2.4782673749547494e-06,1.0000041899104022,1.0000041899103995,1.0000041899103993,1.0000041899103982,1.000004189910392,1.0000041899104064,1.000004015565261,1.0000041899104046,1.0000041899104017,1.0000041899104013,-2.47765848245139e-06,1.0000041899103995,1.0000041899103989,1.0000041899103997,1.0000041899104,1.0000041899103997,1.0000041899104,-2.472696842249892e-06,1.0000041899103953,1.000004455292988,1.0000042243450236,1.000004189910398,1.0000041899104026,1.0000041899104,1.0000041899103982,1.0000041899103955,-2.4842728414402985e-06,1.0000041899103997
1.0000041899104128,1.0000035867673882,1.0000032810322723,1.0000032810322752,1.0000032810322752,1.000003281032277,-6.05762360856065e-11,1.0000032810322759,-5.688140562606851e-11,1.0000032810322752,1.0000032810322754,1.0000032810322759,1.0000032810322748,1.0000032810322745,-5.96493518899647e-11,1.0000035008904544,1.0000032810322756,1.0000032810322774,1.0000032810322759,1.0000032810322759,1.0000032810322752,-5.643968567573763e-11,-5.7195613082002435e-11,1.0000032810322754,1.0000034135363607,1.0000032810322774,1.0000032810322765,-5.5806232784059676e-11,1.0000032810322763,1.0000032810322759,1.0000032810322754,-5.774327373694943e-11,-5.643968708378163e-11,1.0000032810322756,-5.964935267460226e-11,1.0000032810322754,1.0000032810322759,1.0000032810322759,1.0000032810322763,1.0000032810322763,1.000003281032277,1.0000031066914303,1.0000032810322759,1.0000032810322763,1.0000032810322756,-5.934117703573237e-11,1.0000032810322756,1.0000032810322763,1.0000032810322752,1.0000032810322754,1.0000032810322763,1.0000032810322763,-5.6881404940086654e-11,1.0000032810322754,1.0000035464882564,1.000003315526544,1.0000032810322756,1.0000032810322754,1.0000032810322752,1.0000032810322754,1.0000032810322752,-6.277699770137488e-11,1.0000032810322752
1.0000041899103949,1.0000032810322723,1.0000035867673533,1.0000032810322634,1.000003281032263,1.0000032810322628,-6.05762361132329e-11,1.0000032810322623,-5.6881405654790833e-11,1.000003281032263,1.0000032810322623,1.0000032810322639,1.0000032810322612,1.0000032810322625,-5.964935190199124e-11,1.0000035008904422,1.000003281032263,1.0000032810322648,1.0000032810322639,1.000003281032264,1.0000032810322623,-5.643968572615233e-11,-5.719561310317236e-11,1.0000032810322625,1.000003413536349,1.0000032810322645,1.0000032810322623,-5.5806232717050466e-11,1.0000032810322639,1.0000032810322623,1.0000032810322634,-5.7743273753277985e-11,-5.643968709356103e-11,1.0000032810322634,-5.964935265002018e-11,1.0000032810322623,1.0000032810322623,1.000003281032262,1.0000032810322634,1.0000032810322634,1.000003281032264,1.0000031066914172,1.0000032810322634,1.0000032810322637,1.0000032810322645,-5.934117707991537e-11,1.000003281032263,1.0000032810322645,1.0000032810322634,1.0000032810322625,1.0000032810322623,1.0000032810322625,-5.68814048946075e-11,1.0000032810322623,1.0000035464882453,1.0000033155265313,1.0000032810322623,1.0000032810322623,1.000003281032262,1.000003281032263,1.0000032810322623,-6.277699771721157e-11,1.0000032810322625
1.000004189910392,1.0000032810322752,1.0000032810322634,1.0000035867673638,1.0000032810322672,1.0000032810322674,-6.05762361410664e-11,1.0000032810322668,-5.6881405677103526e-11,1.0000032810322677,1.0000032810322665,1.0000032810322685,1.0000032810322672,1.000003281032268,-5.964935188749384e-11,1.0000035008904473,1.0000032810322665,1.000003281032268,1.0000032810322683,1.000003281032268,1.0000032810322672,-5.643968566774502e-11,-5.719561309370683e-11,1.0000032810322672,1.0000034135363531,1.0000032810322683,1.000003281032267,-5.58062327241665e-11,1.000003281032267,1.0000032810322665,1.0000032810322677,-5.77432736911676e-11,-5.6439687073647794e-11,1.0000032810322677,-5.964935264463728e-11,1.0000032810322672,1.000003281032267,1.0000032810322665,1.0000032810322683,1.0000032810322683,1.0000032810322685,1.0000031066914212,1.0000032810322683,1.000003281032267,1.000003281032267,-5.934117703383873e-11,1.0000032810322677,1.0000032810322677,1.0000032810322677,1.0000032810322677,1.0000032810322679,1.0000032810322679,-5.688140492282777e-11,1.0000032810322665,1.0000035464882506,1.0000033155265353,1.0000032810322672,1.0000032810322679,1.0000032810322677,1.0000032810322683,1.0000032810322668,-6.277699769211172e-11,1.000003281032268
1.0000041899103989,1.0000032810322752,1.000003281032263,1.0000032810322672,1.0000035867673622,1.0000032810322654,-6.057623612502163e-11,1.000003281032264,-5.6881405662571856e-11,1.000003281032267,1.0000032810322645,1.000003281032267,1.000003281032265,1.0000032810322668,-5.964935189968828e-11,1.0000035008904458,1.0000032810322648,1.000003281032268,1.0000032810322677,1.000003281032267,1.0000032810322657,-5.643968567945399e-11,-5.7195613098455115e-11,1.000003281032265,1.0000034135363514,1.0000032810322679,1.0000032810322654,-5.5806232759835647e-11,1.0000032810322677,1.000003281032265,1.000003281032267,-5.774327374049963e-11,-5.643968706002201e-11,1.0000032810322665,-5.964935266049484e-11,1.0000032810322654,1.0000032810322645,1.000003281032264,1.000003281032267,1.000003281032267,1.0000032810322674,1.0000031066914201,1.0000032810322665,1.0000032810322674,1.0000032810322654,-5.934117705358444e-11,1.000003281032267,1.0000032810322677,1.000003281032267,1.0000032810322668,1.0000032810322665,1.0000032810322665,-5.68814049017077e-11,1.0000032810322645,1.0000035464882497,1.0000033155265342,1.0000032810322654,1.000003281032266,1.0000032810322654,1.0000032810322672,1.000003281032265,-6.277699769497388e-11,1.0000032810322665
1.0000041899104006,1.000003281032277,1.0000032810322628,1.0000032810322674,1.0000032810322654,1.0000035867673684,-6.057623613129144e-11,1.000003281032266,-5.688140564517863e-11,1.0000032810322679,1.000003281032265,1.000003281032268,1.000003281032266,1.0000032810322679,-5.964935188882931e-11,1.0000035008904469,1.0000032810322657,1.0000032810322688,1.0000032810322683,1.000003281032268,1.0000032810322672,-5.643968569423336e-11,-5.719561309120321e-11,1.0000032810322657,1.0000034135363516,1.0000032810322688,1.000003281032267,-5.580623279975481e-11,1.0000032810322683,1.0000032810322665,1.000003281032268,-5.774327371525377e-11,-5.643968709356103e-11,1.0000032810322663,-5.964935258450979e-11,1.0000032810322672,1.0000032810322657,1.0000032810322657,1.0000032810322677,1.0000032810322677,1.0000032810322688,1.0000031066914206,1.0000032810322677,1.000003281032268,1.0000032810322668,-5.934117703573237e-11,1.0000032810322679,1.000003281032268,1.0000032810322679,1.0000032810322674,1.0000032810322677,1.0000032810322677,-5.688140492282777e-11,1.000003281032265,1.0000035464882504,1.0000033155265349,1.000003281032267,1.0000032810322672,1.0000032810322677,1.000003281032268,1.000003281032266,-6.277699773754222e-11,1.0000032810322677
-2.4801874838162785e-06,-6.05762360856065e-11,-6.05762361132329e-11,-6.05762361410664e-11,-6.057623612502163e-11,-6.057623613129144e-11,-1.2051395483479794e-07,-6.057623607624589e-11,6.698342582349158e-11,-6.057623612320741e-11,-6.057623607245619e-11,-6.05762361791991e-11,-6.057623612215206e-11,-6.057623607245619e-11,6.204832331493111e-11,-5.927665429482803e-11,-6.057623612609285e-11,-6.057623611860139e-11,-6.057623612906534e-11,-6.05762361410664e-11,-6.057623613148054e-11,6.253350438198443e-11,-4.405752919733693e-07,-6.05762361074508e-11,-7.466789885121724e-08,-6.057623613562467e-11,-6.057623612741029e-11,1.699930561989674e-11,-6.057623612906534e-11,-6.057623610947699e-11,-6.057623609365805e-11,2.9197492727785007e-11,6.253350438198443e-11,-6.057623611860139e-11,6.204832383565493e-11,-6.057623611954061e-11,-6.057623612609285e-11,-6.057623610236415e-11,-6.057623612215206e-11,-6.057623614625414e-11,-6.05762360866057e-11,-1.206564454427064e-07,-6.057623611166221e-11,-6.057623610014293e-11,-6.057623612809913e-11,-3.4314229065278618e-12,-6.05762361132329e-11,-6.057623613777417e-11,-6.057623613562467e-11,-6.057623610407125e-11,-6.057623611860139e-11,-6.057623612225821e-11,6.698342646663654e-11,-6.057623612225821e-11,-7.512470265232321e-11,-1.4016990877940451e-07,-6.057623613562467e-11,-6.057623607624589e-11,-6.057623610669894e-11,-6.057623610330545e-11,-6.057623612906534e-11,8.344317200662384e-12,-6.057623616656048e-11
1.0000041899103993,1.0000032810322759,1.0000032810322623,1.0000032810322668,1.000003281032264,1.000003281032266,-6.057623607624589e-11,1.0000035867673671,-5.688140566593325e-11,1.0000032810322665,1.000003281032264,1.0000032810322672,1.0000032810322654,1.000003281032267,-5.964935197150866e-11,1.0000035008904458,1.0000032810322645,1.0000032810322677,1.0000032810322677,1.0000032810322665,1.000003281032266,-5.643968568458632e-11,-5.7195613115608864e-11,1.000003281032264,1.0000034135363507,1.000003281032268,1.0000032810322654,-5.5806232785382926e-11,1.0000032810322679,1.0000032810322652,1.000003281032267,-5.7743273753277985e-11,-5.643968709337326e-11,1.0000032810322654,-5.964935264463728e-11,1.0000032810322654,1.0000032810322645,1.000003281032264,1.0000032810322672,1.0000032810322672,1.0000032810322677,1.0000031066914192,1.0000032810322668,1.0000032810322672,1.0000032810322657,-5.934117704589225e-11,1.000003281032267,1.0000032810322672,1.000003281032267,1.0000032810322665,1.0000032810322672,1.000003281032267,-5.688140492674923e-11,1.000003281032264,1.000003546488249,1.0000033155265338,1.0000032810322657,1.0000032810322665,1.0000032810322657,1.0000032810322674,1.000003281032264,-6.277699770552497e-11,1.0000032810322668
-2.472696842508727e-06,-5.688140562606851e-11,-5.6881405654790833e-11,-5.6881405677103526e-11,-5.6881405662571856e-11,-5.688140564517863e-11,6.698342582349158e-11,-5.688140566593325e-11,-1.1453875228673197e-07,-5.688140565587865e-11,-5.688140565654879e-11,-5.6881405677103526e-11,-5.688140571233211e-11,-5.688140566728606e-11,6.22000577679669e-11,-5.760056988313225e-11,-5.6881405662146543e-11,-5.688140562183084e-11,-5.688140571233213e-11,-5.688140565862463e-11,-5.688140566034903e-11,6.73779979260081e-11,6.90665293994763e-11,-5.688140561635813e-11,-6.416490577836096e-11,-5.6881405665566644e-11,-5.688140569558995e-11,2.100562814997836e-11,-5.688140564454376e-11,-5.6881405690572024e-11,-5.6881405676006446e-11,1.773972632366858e-11,6.73779979260081e-11,-5.6881405667953506e-11,-4.2599435751850867e-07,-5.688140568821001e-11,-5.688140569015098e-11,-5.688140567049346e-11,-5.688140568438643e-11,-5.688140563035284e-11,-5.68814056085313e-11,-1.1316583579401834e-07,-5.688140567049346e-11,-5.688140566461346e-11,-5.688140566034906e-11,2.4817005454236466e-13,-5.6881405690572024e-11,-5.688140564496446e-11,-5.6881405668169226e-11,-5.688140566256086e-11,-5.688140566223638e-11,-5.688140567872378e-11,5.3325447586576527e-11,-5.6881405665705843e-11,-4.9475819993660065e-11,-5.481318275548788e-11,-5.6881405660564334e-11,-5.688140566134279e-11,-5.688140567803483e-11,-5.688140563200421e-11,-5.688140561635813e-11,4.1924262940479395e-13,-5.6881405649533784e-11
1.0000041899103989,1.0000032810322752,1.000003281032263,1.0000032810322677,1.000003281032267,1.0000032810322679,-6.057623612320741e-11,1.0000032810322665,-5.688140565587865e-11,1.0000035867673718,1.0000032810322672,1.0000032810322677,1.0000032810322672,1.0000032810322674,-5.964935190993207e-11,1.0000035008904473,1.0000032810322672,1.000003281032268,1.0000032810322677,1.0000032810322683,1.0000032810322672,-5.643968572615233e-11,-5.7195613106100384e-11,1.000003281032267,1.0000034135363534,1.0000032810322692,1.0000032810322672,-5.5806232788308845e-11,1.0000032810322677,1.0000032810322672,1.0000032810322683,-5.774327376184635e-11,-5.643968709356103e-11,1.000003281032267,-5.964935257801222e-11,1.0000032810322677,1.0000032810322668,1.0000032810322665,1.0000032810322677,1.0000032810322677,1.0000032810322683,1.0000031066914212,1.0000032810322683,1.0000032810322672,1.0000032810322672,-5.934117702394604e-11,1.0000032810322672,1.000003281032267,1.0000032810322672,1.0000032810322677,1.0000032810322683,1.0000032810322677,-5.688140493330635e-11,1.0000032810322668,1.0000035464882508,1.0000033155265342,1.0000032810322672,1.000003281032267,1.0000032810322672,1.0000032810322677,1.0000032810322672,-6.277699778426618e-11,1.0000032810322677
1.0000041899103955,1.0000032810322754,1.0000032810322623,1.0000032810322665,1.0000032810322645,1.000003281032265,-6.057623607245619e-11,1.000003281032264,-5.688140565654879e-11,1.0000032810322672,1.000003586767363,1.0000032810322668,1.000003281032264,1.0000032810322668,-5.964935190199124e-11,1.0000035008904449,1.000003281032264,1.0000032810322672,1.0000032810322672,1.0000032810322663,1.000003281032265,-5.643968566962351e-11,-5.719561310875311e-11,1.0000032810322645,1.0000034135363514,1.0000032810322677,1.0000032810322645,-5.5806232794466894e-11,1.0000032810322672,1.000003281032264,1.0000032810322665,-5.77432736724347e-11,-5.6439687091208865e-11,1.0000032810322654,-5.964935265793304e-11,1.0000032810322654,1.000003281032264,1.000003281032264,1.000003281032267,1.000003281032267,1.000003281032267,1.000003106691419,1.0000032810322665,1.0000032810322672,1.0000032810322654,-5.934117704589225e-11,1.0000032810322672,1.000003281032267,1.000003281032267,1.000003281032266,1.0000032810322665,1.0000032810322665,-5.688140493059516e-11,1.000003281032264,1.0000035464882477,1.0000033155265335,1.000003281032265,1.000003281032266,1.0000032810322654,1.0000032810322672,1.000003281032264,-6.277699773754215e-11,1.000003281032266
1.0000041899103977,1.0000032810322759,1.0000032810322639,1.0000032810322685,1.000003281032267,1.000003281032268,-6.05762361791991e-11,1.0000032810322672,-5.6881405677103526e-11,1.0000032810322677,1.0000032810322668,1.0000035867673642,1.0000032810322672,1.0000032810322683,-5.964935192210791e-11,1.0000035008904478,1.0000032810322672,1.0000032810322683,1.000003281032269,1.0000032810322672,1.0000032810322672,-5.643968569030199e-11,-5.7195613122926174e-11,1.000003281032267,1.0000034135363536,1.0000032810322683,1.0000032810322672,-5.5806232782176696e-11,1.0000032810322683,1.0000032810322674,1.0000032810322683,-5.774327370946706e-11,-5.643968708777962e-11,1.0000032810322683,-5.964935265284861e-11,1.0000032810322677,1.000003281032267,1.0000032810322665,1.0000032810322672,1.0000032810322672,1.000003281032268,1.000003106691422,1.0000032810322683,1.0000032810322674,1.0000032810322677,-5.934117708458742e-11,1.0000032810322677,1.0000032810322672,1.0000032810322677,1.0000032810322677,1.0000032810322674,1.0000032810322674,-5.688140488555016e-11,1.000003281032267,1.0000035464882508,1.0000033155265369,1.0000032810322677,1.0000032810322674,1.0000032810322672,1.0000032810322677,1.0000032810322672,-6.277699770552497e-11,1.0000032810322674
1.000004189910397,1.0000032810322748,1.0000032810322612,1.0000032810322672,1.000003281032265,1.000003281032266,-6.057623612215206e-11,1.0000032810322654,-5.688140571233211e-11,1.0000032810322672,1.000003281032264,1.0000032810322672,1.0000035867673676,1.000003281032267,-5.964935187832341e-11,1.0000035008904458,1.000003281032265,1.0000032810322677,1.0000032810322679,1.0000032810322672,1.0000032810322654,-5.643968567508473e-11,-5.719561313843463e-11,1.000003281032264,1.0000034135363511,1.0000032810322677,1.000003281032266,-5.580623278634669e-11,1.0000032810322674,1.0000032810322654,1.0000032810322672,-5.7743273748633275e-11,-5.643968706231292e-11,1.000003281032265,-5.96493526979742e-11,1.0000032810322663,1.0000032810322645,1.0000032810322643,1.0000032810322672,1.0000032810322672,1.000003281032268,1.00000310669142,1.0000032810322672,1.0000032810322672,1.0000032810322652,-5.934117704589225e-11,1.0000032810322672,1.0000032810322677,1.0000032810322672,1.0000032810322665,1.0000032810322668,1.0000032810322668,-5.688140491740731e-11,1.0000032810322645,1.0000035464882484,1.0000033155265338,1.000003281032266,1.0000032810322665,1.0000032810322654,1.0000032810322672,1.0000032810322654,-6.277699770137488e-11,1.0000032810322668
1.0000041899103977,1.0000032810322745,1.0000032810322625,1.000003281032268,1.0000032810322668,1.0000032810322679,-6.057623607245619e-11,1.000003281032267,-5.688140566728606e-11,1.0000032810322674,1.0000032810322668,1.0000032810322683,1.000003281032267,1.0000035867673578,-5.964935192119917e-11,1.0000035008904473,1.0000032810322663,1.0000032810322674,1.0000032810322685,1.000003281032268,1.0000032810322672,-5.6439685723767436e-11,-5.7195613122089404e-11,1.0000032810322665,1.0000034135363531,1.0000032810322688,1.0000032810322672,-5.5806232788308845e-11,1.0000032810322677,1.0000032810322672,1.000003281032268,-5.77432737296624e-11,-5.643968703914654e-11,1.000003281032267,-5.964935263242749e-11,1.000003281032267,1.0000032810322663,1.000003281032266,1.000003281032268,1.000003281032268,1.0000032810322688,1.0000031066914215,1.0000032810322683,1.0000032810322677,1.0000032810322672,-5.934117706943195e-11,1.0000032810322677,1.0000032810322679,1.0000032810322674,1.000003281032268,1.0000032810322674,1.0000032810322672,-5.688140492742633e-11,1.0000032810322665,1.0000035464882508,1.0000033155265358,1.000003281032267,1.0000032810322672,1.000003281032267,1.0000032810322674,1.000003281032267,-6.27769977624277e-11,1.0000032810322672
-2.478267374680443e-06,-5.96493518899647e-11,-5.964935190199124e-11,-5.964935188749384e-11,-5.964935189968828e-11,-5.964935188882931e-11,6.204832331493111e-11,-5.964935197150866e-11,6.22000577679669e-11,-5.964935190993207e-11,-5.964935190199124e-11,-5.964935192210791e-11,-5.964935187832341e-11,-5.964935192119917e-11,-1.2726698660577676e-07,-6.089407926447428e-11,-5.96493518899647e-11,-5.964935194268659e-11,-5.96493519225429e-11,-5.964935193903922e-11,-5.964935195020847e-11,6.218161561618146e-11,6.388322309781789e-11,-5.964935196316276e-11,-6.620439561549785e-11,-5.96493519094632e-11,-5.96493519227344e-11,2.5309077177599207e-11,-5.964935195020847e-11,-5.96493519079964e-11,-5.96493519417627e-11,2.359179700288928e-11,6.218161561618146e-11,-5.964935187832332e-11,7.094408529835015e-11,-5.964935194132209e-11,-5.964935189815832e-11,-5.964935193325177e-11,-5.964935188947746e-11,-5.964935194535305e-11,-5.96493518792944e-11,-1.1873634616533266e-07,-5.964935189566273e-11,-5.964935187832341e-11,-5.964935189566273e-11,9.652194614311825e-15,-5.964935194535305e-11,-5.964935197150866e-11,-5.964935194132209e-11,-5.964935189796277e-11,-5.964935196933427e-11,-5.964935192210791e-11,-4.2599435378624825e-07,-5.964935197291125e-11,-1.0638048268951632e-07,-5.819244466990424e-11,-5.964935191011688e-11,-5.964935187832332e-11,-5.964935190376835e-11,-5.964935193676081e-11,-5.964935187424175e-11,-8.046775842167208e-14,-5.964935190199123e-11
1.0000044096942002,1.0000035008904544,1.0000035008904422,1.0000035008904473,1.0000035008904458,1.0000035008904469,-5.927665429482803e-11,1.0000035008904458,-5.760056988313225e-11,1.0000035008904473,1.0000035008904449,1.0000035008904478,1.0000035008904458,1.0000035008904473,-6.089407926447428e-11,1.000004024913699,1.0000035008904464,1.000003500890448,1.000003500890448,1.0000035008904478,1.0000035008904464,-6.430297286112311e-11,-5.59313205208738e-11,1.0000035008904458,1.0000036334350866,1.0000035008904484,1.0000035008904455,-4.7870007277759103e-11,1.0000035008904464,1.0000035008904462,1.0000035008904473,-5.105101638686849e-11,-6.430297414934894e-11,1.0000035008904469,-6.089408012219962e-11,1.000003500890446,1.0000035008904458,1.0000035008904458,1.0000035008904478,1.0000035008904478,1.0000035008904484,1.0000033264744843,1.0000035008904464,1.0000035008904469,1.0000035008904464,-5.911469220615232e-11,1.0000035008904478,1.0000035008904478,1.0000035008904478,1.0000035008904464,1.0000035008904473,1.0000035008904473,-5.7600568987434815e-11,1.0000035008904447,1.0000037651178526,1.0000035342913984,1.0000035008904469,1.0000035008904464,1.0000035008904462,1.0000035008904478,1.0000035008904458,-1.2036934729683838e-07,1.0000035008904464
1.0000041899103955,1.0000032810322756,1.000003281032263,1.0000032810322665,1.0000032810322648,1.0000032810322657,-6.057623612609285e-11,1.0000032810322645,-5.6881405662146543e-11,1.0000032810322672,1.000003281032264,1.0000032810322672,1.000003281032265,1.0000032810322663,-5.96493518899647e-11,1.0000035008904464,1.0000035867673653,1.0000032810322672,1.000003281032268,1.0000032810322665,1.000003281032265,-5.6439685669333814e-11,-5.719561307867869e-11,1.0000032810322645,1.0000034135363514,1.0000032810322683,1.000003281032264,-5.5806232719497745e-11,1.0000032810322674,1.000003281032265,1.000003281032267,-5.7743273693313025e-11,-5.643968708777962e-11,1.000003281032266,-5.964935258702194e-11,1.000003281032265,1.0000032810322654,1.000003281032264,1.0000032810322672,1.0000032810322672,1.0000032810322677,1.000003106691419,1.000003281032266,1.0000032810322672,1.0000032810322665,-5.934117704589225e-11,1.0000032810322668,1.000003281032267,1.0000032810322672,1.000003281032266,1.0000032810322672,1.0000032810322672,-5.6881404929499e-11,1.0000032810322645,1.0000035464882484,1.0000033155265338,1.0000032810322657,1.000003281032266,1.000003281032265,1.0000032810322672,1.000003281032265,-6.277699768466249e-11,1.0000032810322672
1.0000041899103989,1.0000032810322774,1.0000032810322648,1.000003281032268,1.000003281032268,1.0000032810322688,-6.057623611860139e-11,1.0000032810322677,-5.688140562183084e-11,1.000003281032268,1.0000032810322672,1.0000032810322683,1.0000032810322677,1.0000032810322674,-5.964935194268659e-11,1.000003500890448,1.0000032810322672,1.000003586767369,1.0000032810322683,1.0000032810322683,1.0000032810322683,-5.643968574104872e-11,-5.719561311769714e-11,1.0000032810322679,1.000003413536354,1.0000032810322694,1.0000032810322679,-5.580623273022793e-11,1.0000032810322692,1.0000032810322674,1.0000032810322685,-5.774327371525375e-11,-5.643968715070911e-11,1.0000032810322683,-5.96493526294114e-11,1.0000032810322672,1.000003281032268,1.0000032810322683,1.0000032810322683,1.0000032810322683,1.0000032810322688,1.0000031066914228,1.0000032810322688,1.0000032810322688,1.0000032810322688,-5.934117708458742e-11,1.000003281032268,1.0000032810322683,1.000003281032268,1.0000032810322683,1.0000032810322672,1.0000032810322672,-5.6881404915280535e-11,1.0000032810322672,1.0000035464882508,1.0000033155265367,1.0000032810322683,1.0000032810322674,1.0000032810322685,1.000003281032268,1.0000032810322674,-6.277699771721715e-11,1.0000032810322672
1.000004189910392,1.0000032810322759,1.0000032810322639,1.0000032810322683,1.0000032810322677,1.0000032810322683,-6.057623612906534e-11,1.0000032810322677,-5.688140571233213e-11,1.0000032810322677,1.0000032810322672,1.000003281032269,1.0000032810322679,1.0000032810322685,-5.96493519225429e-11,1.000003500890448,1.000003281032268,1.0000032810322683,1.0000035867673653,1.0000032810322688,1.0000032810322683,-5.6439685724282556e-11,-5.719561313843463e-11,1.0000032810322677,1.0000034135363542,1.00000328103227,1.000003281032268,-5.58062327771507e-11,1.000003281032268,1.0000032810322674,1.0000032810322683,-5.774327372490478e-11,-5.643968708777962e-11,1.0000032810322683,-5.964935265088344e-11,1.0000032810322677,1.000003281032267,1.000003281032267,1.000003281032269,1.0000032810322688,1.0000032810322694,1.000003106691422,1.0000032810322694,1.0000032810322674,1.0000032810322677,-5.934117704585419e-11,1.0000032810322677,1.000003281032268,1.0000032810322685,1.0000032810322692,1.0000032810322683,1.0000032810322685,-5.6881404884322144e-11,1.0000032810322674,1.0000035464882513,1.0000033155265369,1.0000032810322677,1.0000032810322677,1.000003281032268,1.0000032810322685,1.0000032810322677,-6.277699773875766e-11,1.0000032810322683
1.0000041899103984,1.0000032810322759,1.000003281032264,1.000003281032268,1.000003281032267,1.000003281032268,-6.05762361410664e-11,1.0000032810322665,-5.688140565862463e-11,1.0000032810322683,1.0000032810322663,1.0000032810322672,1.0000032810322672,1.000003281032268,-5.964935193903922e-11,1.0000035008904478,1.0000032810322665,1.0000032810322683,1.0000032810322688,1.0000035867673698,1.0000032810322672,-5.6439685727347487e-11,-5.719561310923096e-11,1.0000032810322672,1.0000034135363527,1.0000032810322688,1.0000032810322672,-5.5806232717050466e-11,1.0000032810322672,1.0000032810322672,1.000003281032268,-5.774327373180519e-11,-5.64396871637083e-11,1.0000032810322679,-5.964935262867131e-11,1.0000032810322672,1.0000032810322672,1.0000032810322665,1.0000032810322672,1.0000032810322672,1.0000032810322683,1.0000031066914215,1.0000032810322679,1.0000032810322672,1.0000032810322672,-5.934117708221725e-11,1.0000032810322685,1.0000032810322677,1.0000032810322685,1.0000032810322679,1.000003281032268,1.000003281032268,-5.6881404907610845e-11,1.0000032810322663,1.000003546488251,1.0000033155265355,1.000003281032268,1.000003281032268,1.0000032810322677,1.0000032810322683,1.000003281032267,-6.277699775176175e-11,1.0000032810322672
1.0000041899104004,1.0000032810322752,1.0000032810322623,1.0000032810322672,1.0000032810322657,1.0000032810322672,-6.057623613148054e-11,1.000003281032266,-5.688140566034903e-11,1.0000032810322672,1.000003281032265,1.0000032810322672,1.0000032810322654,1.0000032810322672,-5.964935195020847e-11,1.0000035008904464,1.000003281032265,1.0000032810322683,1.0000032810322683,1.0000032810322672,1.0000035867673678,-5.643968576179865e-11,-5.7195613107152053e-11,1.0000032810322654,1.0000034135363527,1.0000032810322683,1.000003281032266,-5.58062327316929e-11,1.0000032810322677,1.0000032810322657,1.0000032810322674,-5.774327370431138e-11,-5.64396871828859e-11,1.0000032810322654,-5.964935263908647e-11,1.0000032810322668,1.0000032810322657,1.0000032810322648,1.0000032810322672,1.0000032810322672,1.000003281032268,1.0000031066914206,1.0000032810322674,1.0000032810322683,1.000003281032266,-5.93411771126514e-11,1.0000032810322672,1.0000032810322683,1.0000032810322672,1.0000032810322672,1.000003281032267,1.000003281032267,-5.6881404901707806e-11,1.000003281032265,1.0000035464882502,1.0000033155265347,1.000003281032266,1.0000032810322668,1.0000032810322665,1.0000032810322677,1.0000032810322657,-6.277699777668472e-11,1.000003281032267
-2.4727897067367048e-06,-5.643968567573763e-11,-5.643968572615233e-11,-5.643968566774502e-11,-5.643968567945399e-11,-5.643968569423336e-11,6.253350438198443e-11,-5.643968568458632e-11,6.73779979260081e-11,-5.643968572615233e-11,-5.643968566962351e-11,-5.643968569030199e-11,-5.643968567508473e-11,-5.6439685723767436e-11,6.218161561618146e-11,-6.430297286112311e-11,-5.6439685669333814e-11,-5.643968574104872e-11,-5.6439685724282556e-11,-5.6439685727347487e-11,-5.643968576179865e-11,-1.318289488881498e-07,6.385253732384433e-11,-5.643968566774502e-11,-6.08272090716111e-11,-5.643968569030199e-11,-5.6439685723767436e-11,2.7250261656160528e-11,-5.643968571888766e-11,-5.643968574104872e-11,-5.643968573244398e-11,2.7545961987042558e-11,-4.3757013067615465e-07,-5.6439685727347487e-11,6.218161338621825e-11,-5.6439685675081795e-11,-5.6439685724282556e-11,-5.643968574104872e-11,-5.643968574407585e-11,-5.6439685665525966e-11,-5.6439685727347487e-11,-1.1325869538175721e-07,-5.643968574104872e-11,-5.6439685717355675e-11,-5.6439685723767436e-11,1.7879922567816597e-12,-5.643968567573763e-11,-5.643968568163156e-11,-5.6439685725541163e-11,-5.6439685724282556e-11,-5.6439685726967203e-11,-5.643968572615233e-11,6.73779962875964e-11,-5.643968566774502e-11,-6.584013046902591e-11,-5.801587806021096e-11,-5.6439685675081795e-11,-5.643968573525584e-11,-5.6439685689810366e-11,-5.6439685750209906e-11,-5.643968573525584e-11,-1.077664537202208e-12,-5.643968574407585e-11
-2.473465048551902e-06,-5.7195613082002435e-11,-5.719561310317236e-11,-5.719561309370683e-11,-5.7195613098455115e-11,-5.719561309120321e-11,-4.405752919733693e-07,-5.7195613115608864e-11,6.90665293994763e-11,-5.7195613106100384e-11,-5.719561310875311e-11,-5.7195613122926174e-11,-5.719561313843463e-11,-5.7195613122089404e-11,6.388322309781789e-11,-5.59313205208738e-11,-5.719561307867869e-11,-5.719561311769714e-11,-5.719561313843463e-11,-5.719561310923096e-11,-5.7195613107152053e-11,6.385253732384433e-11,-1.4964076967216571e-07,-5.719561310839597e-11,-3.334379607585196e-11,-5.7195613097646184e-11,-5.719561310875311e-11,1.8643776013015643e-11,-5.7195613123716125e-11,-5.719561310267574e-11,-5.719561309859674e-11,3.0749998632198764e-11,6.385253732384433e-11,-5.719561304100157e-11,6.38832237192351e-11,-5.7195613105235424e-11,-5.719561310875311e-11,-5.719561307234706e-11,-5.719561307234706e-11,-5.7195613097646184e-11,-5.719561306750737e-11,-1.1393404274397647e-07,-5.719561315264196e-11,-5.71956131496179e-11,-5.7195613087898766e-11,-3.4678567167546405e-12,-5.719561314522133e-11,-5.71956131227786e-11,-5.719561307133558e-11,-5.719561311065333e-11,-5.7195613115608864e-11,-5.719561309254134e-11,6.906652859283209e-11,-5.719561312704511e-11,-7.225031014977703e-11,-1.3423157937376736e-07,-5.7195613112016496e-11,-5.7195613118141264e-11,-5.71956131496179e-11,-5.719561313523572e-11,-5.719561309241298e-11,9.289838020646129e-12,-5.719561312380774e-11
1.0000041899103955,1.0000032810322754,1.0000032810322625,1.0000032810322672,1.000003281032265,1.0000032810322657,-6.05762361074508e-11,1.000003281032264,-5.688140561635813e-11,1.000003281032267,1.0000032810322645,1.000003281032267,1.000003281032264,1.0000032810322665,-5.964935196316276e-11,1.0000035008904458,1.0000032810322645,1.0000032810322679,1.0000032810322677,1.0000032810322672,1.0000032810322654,-5.643968566774502e-11,-5.719561310839597e-11,1.0000035867673651,1.0000034135363514,1.0000032810322679,1.000003281032265,-5.5806232766635356e-11,1.0000032810322677,1.0000032810322648,1.0000032810322668,-5.774327374949792e-11,-5.643968698959485e-11,1.000003281032266,-5.964935271922449e-11,1.0000032810322657,1.0000032810322645,1.0000032810322639,1.000003281032267,1.0000032810322668,1.0000032810322674,1.00000310669142,1.0000032810322668,1.0000032810322672,1.0000032810322654,-5.934117703178193e-11,1.0000032810322665,1.0000032810322677,1.000003281032267,1.000003281032266,1.0000032810322665,1.0000032810322665,-5.688140490289798e-11,1.0000032810322645,1.0000035464882484,1.0000033155265342,1.0000032810322652,1.000003281032266,1.0000032810322654,1.0000032810322672,1.000003281032265,-6.277699768869355e-11,1.0000032810322665
1.0000043224347632,1.0000034135363607,1.000003413536349,1.0000034135363531,1.0000034135363514,1.0000034135363516,-7.466789885121724e-08,1.0000034135363507,-6.416490577836096e-11,1.0000034135363534,1.0000034135363514,1.0000034135363536,1.0000034135363511,1.0000034135363531,-6.620439561549785e-11,1.0000036334350866,1.0000034135363514,1.000003413536354,1.0000034135363542,1.0000034135363527,1.0000034135363527,-6.08272090716111e-11,-3.334379607585196e-11,1.0000034135363514,1.0000038468315933,1.0000034135363534,1.0000034135363525,-5.977665816105033e-11,1.0000034135363536,1.0000034135363507,1.0000034135363531,-6.177961618422173e-11,-6.08272105359402e-11,1.0000034135363525,-6.620439632660732e-11,1.0000034135363514,1.0000034135363516,1.0000034135363511,1.0000034135363536,1.0000034135363536,1.000003413536354,1.0000032392153357,1.0000034135363534,1.0000034135363536,1.0000034135363527,-5.917254993918885e-11,1.0000034135363536,1.0000034135363531,1.0000034135363534,1.0000034135363534,1.0000034135363527,1.0000034135363527,-6.416490497218039e-11,1.0000034135363514,1.0000036821754206,1.000003450409089,1.0000034135363516,1.0000034135363527,1.0000034135363522,1.0000034135363536,1.0000034135363507,-6.525547414478082e-11,1.0000034135363527
1.0000041899103933,1.0000032810322774,1.0000032810322645,1.0000032810322683,1.0000032810322679,1.0000032810322688,-6.057623613562467e-11,1.000003281032268,-5.6881405665566644e-11,1.0000032810322692,1.0000032810322677,1.0000032810322683,1.0000032810322677,1.0000032810322688,-5.96493519094632e-11,1.0000035008904484,1.0000032810322683,1.0000032810322694,1.00000328103227,1.0000032810322688,1.0000032810322683,-5.643968569030199e-11,-5.7195613097646184e-11,1.0000032810322679,1.0000034135363534,1.0000035867673776,1.000003281032268,-5.580623277289531e-11,1.0000032810322688,1.0000032810322683,1.0000032810322692,-5.77432737901526e-11,-5.643968708600279e-11,1.0000032810322683,-5.964935258488222e-11,1.0000032810322683,1.0000032810322677,1.0000032810322672,1.0000032810322683,1.0000032810322683,1.0000032810322688,1.0000031066914232,1.0000032810322683,1.000003281032268,1.0000032810322683,-5.934117703949481e-11,1.0000032810322685,1.0000032810322692,1.0000032810322692,1.0000032810322683,1.0000032810322688,1.0000032810322685,-5.688140492514586e-11,1.0000032810322677,1.0000035464882504,1.0000033155265369,1.0000032810322688,1.000003281032268,1.0000032810322683,1.0000032810322692,1.000003281032268,-6.27769977390735e-11,1.0000032810322688
1.0000041899104064,1.0000032810322765,1.0000032810322623,1.000003281032267,1.0000032810322654,1.000003281032267,-6.057623612741029e-11,1.0000032810322654,-5.688140569558995e-11,1.0000032810322672,1.0000032810322645,1.0000032810322672,1.000003281032266,1.0000032810322672,-5.96493519227344e-11,1.0000035008904455,1.000003281032264,1.0000032810322679,1.000003281032268,1.0000032810322672,1.000003281032266,-5.6439685723767436e-11,-5.719561310875311e-11,1.000003281032265,1.0000034135363525,1.000003281032268,1.0000035867673687,-5.580623279218879e-11,1.0000032810322683,1.0000032810322657,1.000003281032267,-5.774327373194898e-11,-5.643968707110477e-11,1.000003281032266,-5.964935255663506e-11,1.0000032810322657,1.0000032810322654,1.000003281032265,1.0000032810322672,1.0000032810322672,1.0000032810322672,1.0000031066914195,1.000003281032267,1.0000032810322672,1.0000032810322665,-5.93411770248372e-11,1.0000032810322672,1.0000032810322677,1.0000032810322672,1.0000032810322668,1.000003281032267,1.000003281032267,-5.6881404921962196e-11,1.000003281032265,1.0000035464882497,1.0000033155265347,1.000003281032266,1.000003281032267,1.000003281032266,1.0000032810322672,1.0000032810322654,-6.277699768519238e-11,1.000003281032267
-2.4698947429599183e-06,-5.5806232784059676e-11,-5.5806232717050466e-11,-5.58062327241665e-11,-5.5806232759835647e-11,-5.580623279975481e-11,1.699930561989674e-11,-5.5806232785382926e-11,2.100562814997836e-11,-5.5806232788308845e-11,-5.5806232794466894e-11,-5.5806232782176696e-11,-5.580623278634669e-11,-5.5806232788308845e-11,2.5309077177599207e-11,-4.7870007277759103e-11,-5.5806232719497745e-11,-5.580623273022793e-11,-5.58062327771507e-11,-5.5806232717050466e-11,-5.58062327316929e-11,2.7250261656160528e-11,1.8643776013015643e-11,-5.5806232766635356e-11,-5.977665816105033e-11,-5.580623277289531e-11,-5.580623279218879e-11,1.3528564104191408e-07,-5.580623278716831e-11,-5.5806232759835647e-11,-5.58062327997331e-11,-1.7817272383997048e-07,2.7250261741050107e-11,-5.580623277762389e-11,2.5309078071741703e-11,-5.580623272496278e-11,-5.580623273000918e-11,-5.580623278484674e-11,-5.5806232734106e-11,-5.5806232764655815e-11,-5.580623274454051e-11,-1.1036374041832029e-07,-5.5806232734233676e-11,-5.580623279222304e-11,-5.5806232782912254e-11,7.867275262420562e-13,-5.580623278634669e-11,-5.580623278484674e-11,-5.58062327448008e-11,-5.58062327452843e-11,-5.580623276904108e-11,-5.58062327884745e-11,2.100562825259078e-11,-5.580623277764672e-11,-9.335430671859313e-08,-4.8631577150598057e-11,-5.580623278780793e-11,-5.580623272823386e-11,-5.580623272368664e-11,-5.5806232748948586e-11,-5.580623280276227e-11,-2.0063185029461707e-08,-5.58062327452843e-11
1.0000041899103997,1.0000032810322763,1.0000032810322639,1.000003281032267,1.0000032810322677,1.0000032810322683,-6.057623612906534e-11,1.0000032810322679,-5.688140564454376e-11,1.0000032810322677,1.0000032810322672,1.0000032810322683,1.0000032810322674,1.0000032810322677,-5.964935195020847e-11,1.0000035008904464,1.0000032810322674,1.0000032810322692,1.000003281032268,1.0000032810322672,1.0000032810322677,-5.643968571888766e-11,-5.7195613123716125e-11,1.0000032810322677,1.0000034135363536,1.0000032810322688,1.0000032810322683,-5.580623278716831e-11,1.000003586767367,1.0000032810322677,1.0000032810322683,-5.774327373281117e-11,-5.643968708600279e-11,1.0000032810322677,-5.964935258600292e-11,1.0000032810322677,1.0000032810322672,1.0000032810322672,1.0000032810322677,1.0000032810322677,1.000003281032268,1.0000031066914223,1.0000032810322683,1.0000032810322677,1.0000032810322679,-5.934117707991537e-11,1.0000032810322677,1.000003281032268,1.0000032810322677,1.0000032810322679,1.0000032810322677,1.0000032810322677,-5.6881404940086654e-11,1.0000032810322672,1.0000035464882497,1.0000033155265362,1.0000032810322683,1.0000032810322677,1.0000032810322683,1.0000032810322677,1.0000032810322677,-6.277699777568644e-11,1.0000032810322677
1.0000041899103957,1.0000032810322759,1.0000032810322623,1.0000032810322665,1.000003281032265,1.0000032810322665,-6.057623610947699e-11,1.0000032810322652,-5.6881405690572024e-11,1.0000032810322672,1.000003281032264,1.0000032810322674,1.0000032810322654,1.0000032810322672,-5.96493519079964e-11,1.0000035008904462,1.000003281032265,1.0000032810322674,1.0000032810322674,1.0000032810322672,1.0000032810322657,-5.643968574104872e-11,-5.719561310267574e-11,1.0000032810322648,1.0000034135363507,1.0000032810322683,1.0000032810322657,-5.5806232759835647e-11,1.0000032810322677,1.0000035867673676,1.0000032810322672,-5.7743273733613756e-11,-5.6439687073647794e-11,1.0000032810322657,-5.964935267460226e-11,1.000003281032266,1.000003281032265,1.000003281032264,1.0000032810322672,1.0000032810322672,1.0000032810322677,1.0000031066914192,1.000003281032267,1.0000032810322672,1.0000032810322657,-5.93411770482574e-11,1.0000032810322674,1.0000032810322672,1.0000032810322674,1.000003281032267,1.0000032810322672,1.0000032810322672,-5.688140492110644e-11,1.000003281032264,1.000003546488249,1.000003315526534,1.000003281032266,1.000003281032267,1.000003281032266,1.0000032810322674,1.000003281032265,-6.277699778426618e-11,1.0000032810322672
1.0000041899104022,1.0000032810322754,1.0000032810322634,1.0000032810322677,1.000003281032267,1.000003281032268,-6.057623609365805e-11,1.000003281032267,-5.6881405676006446e-11,1.0000032810322683,1.0000032810322665,1.0000032810322683,1.0000032810322672,1.000003281032268,-5.96493519417627e-11,1.0000035008904473,1.000003281032267,1.0000032810322685,1.0000032810322683,1.000003281032268,1.0000032810322674,-5.643968573244398e-11,-5.719561309859674e-11,1.0000032810322668,1.0000034135363531,1.0000032810322692,1.000003281032267,-5.58062327997331e-11,1.0000032810322683,1.0000032810322672,1.0000035867673716,-5.774327371265615e-11,-5.64396870518537e-11,1.0000032810322665,-5.964935267460226e-11,1.0000032810322672,1.000003281032267,1.000003281032267,1.0000032810322683,1.0000032810322683,1.0000032810322685,1.0000031066914208,1.0000032810322683,1.0000032810322683,1.000003281032267,-5.93411770783362e-11,1.0000032810322683,1.0000032810322685,1.0000032810322683,1.0000032810322677,1.000003281032268,1.000003281032268,-5.688140489704948e-11,1.0000032810322665,1.0000035464882508,1.0000033155265347,1.000003281032268,1.000003281032268,1.0000032810322677,1.0000032810322683,1.0000032810322674,-6.277699771149565e-11,1.000003281032268
