1.0000000006768142,0.9999797498549382,0.9999797498549484,0.9999797498549474,0.9999797498549488,0.9999797498549471,0.9999797498549482,0.9999797498549501,0.9999797498549489,0.999979749854953,0.9999798687688889,0.9999797498549501,0.9999797498549479,0.9999797498549474,0.9999798687688931,0.9999797498549478,0.9999797498549484,0.9999797498549445,0.9999797498549484,0.9999797498549488,0.9999797498549478,0.9999797498549501,0.9999797498549501,0.999979749854951,0.9999797498549482,0.9999797498549525,0.9999797498549471,0.9999797498549525,0.9999797498549482,0.9999797498549436,0.999979749854947,-1.44621394565991e-07,0.999979749854951,0.9999797498549501,0.999979749854951,0.9999797498549501,-1.4462139933904026e-07,0.9999797498549501,0.9999797498549508,0.9999798554825005,0.9999797498549505,0.9999797498549489,0.999979749854951,0.999979749854951,0.999979749854951,-1.449866072830504e-07,0.9999797498549482,0.999979749854951,0.9999797498549483,0.9999797498549436,0.999979749854951,0.9999797498549453,0.9999798687688917,0.9999797498549526,0.999979749854951,0.999979749854947,0.999979749854947,0.9999797498549465,0.9999797498549465,0.9999797498549482,0.9999797438413367,0.9999797498549474,0.9999797498549489,0.9999798687688917,0.9999797498549501,0.9999797498549474,0.999979749854951,0.9999797498549493,0.999979749854953,0.9999797498549501,0.9999797498549482,0.9999797498549501,0.9999797498549526,0.999979749854951,0.999979749854947,0.9999797498549482,0.9999797498549436,0.999979749854947,0.9999797498549445,0.9999797498549474,0.9999797498549508,0.999979749854947,0.9999797498549436,0.9999797498549475,0.9999797498549436,0.9999797498549501,0.9999797498549466,0.999979749854951,0.9999797498549474,0.999979749854951,0.9999797498549482,0.9999797498549508,0.9999797498549479,0.9999797498549482,0.999979749854951,0.9999798554825032,0.9999797498549445
0.9999797498549382,0.9999794014439645,0.9999689732736218,0.9999689732736218,0.9999689732736233,0.9999689732736226,0.9999689732736227,0.9999689732736216,0.9999689732736236,0.9999689732736223,0.9999690921862654,0.9999689732736216,0.9999689732736228,0.9999689732736217,0.999969092186266,0.9999689732736228,0.9999689732736232,0.999968973273621,0.9999689732736227,0.9999689732736227,0.9999689732736222,0.9999689732736223,0.9999689732736213,0.9999689732736226,0.9999689732736228,0.9999689732736226,0.9999689732736228,0.9999689732736221,0.9999689732736226,0.9999689732736218,0.9999689732736223,-9.330226741127395e-13,0.9999689732736221,0.9999689732736217,0.9999689732736217,0.9999689732736217,-9.330237022477778e-13,0.9999689732736208,0.9999689732736234,0.999969078900022,0.999968973273622,0.9999689732736232,0.9999689732736217,0.9999689732736217,0.9999689732736217,-1.1161296868562635e-12,0.9999689732736223,0.9999689732736226,0.9999689732736214,0.9999689732736213,0.9999689732736221,0.9999689732736223,0.9999690921862663,0.999968973273622,0.9999689732736226,0.9999689732736226,0.9999689732736221,0.999968973273622,0.9999689732736218,0.9999689732736213,0.9999689672600788,0.9999689732736221,0.9999689732736218,0.999969092186266,0.9999689732736216,0.9999689732736231,0.9999689732736234,0.9999689732736214,0.9999689732736226,0.9999689732736221,0.9999689732736211,0.9999689732736213,0.9999689732736211,0.9999689732736226,0.9999689732736231,0.9999689732736221,0.9999689732736218,0.9999689732736231,0.9999689732736203,0.9999689732736221,0.9999689732736234,0.9999689732736228,0.9999689732736223,0.9999689732736231,0.9999689732736221,0.9999689732736214,0.9999689732736231,0.9999689732736217,0.9999689732736227,0.9999689732736234,0.9999689732736217,0.9999689732736234,0.9999689732736217,0.9999689732736211,0.9999689732736217,0.999969078900023,0.9999689732736203
0.9999797498549484,0.9999689732736218,0.9999794014439777,0.9999689732736285,0.9999689732736309,0.9999689732736285,0.9999689732736291,0.9999689732736275,0.9999689732736314,0.9999689732736301,0.9999690921862728,0.9999689732736275,0.9999689732736288,0.9999689732736277,0.9999690921862728,0.9999689732736289,0.9999689732736298,0.999968973273627,0.9999689732736288,0.9999689732736291,0.9999689732736291,0.9999689732736287,0.9999689732736288,0.9999689732736288,0.9999689732736292,0.9999689732736292,0.9999689732736289,0.9999689732736288,0.9999689732736291,0.9999689732736277,0.9999689732736287,-9.330226731158218e-13,0.9999689732736281,0.9999689732736285,0.9999689732736279,0.9999689732736282,-9.330237032502325e-13,0.9999689732736275,0.9999689732736287,0.9999690789000276,0.9999689732736288,0.9999689732736301,0.9999689732736277,0.9999689732736277,0.9999689732736281,-1.1161297214878604e-12,0.9999689732736304,0.9999689732736279,0.9999689732736288,0.9999689732736282,0.999968973273628,0.9999689732736275,0.9999690921862724,0.9999689732736287,0.999968973273628,0.9999689732736282,0.9999689732736288,0.9999689732736285,0.9999689732736288,0.9999689732736285,0.9999689672600858,0.9999689732736289,0.9999689732736288,0.999969092186272,0.9999689732736275,0.9999689732736288,0.9999689732736287,0.9999689732736282,0.9999689732736303,0.9999689732736281,0.9999689732736285,0.9999689732736288,0.9999689732736288,0.999968973273628,0.9999689732736285,0.9999689732736289,0.9999689732736277,0.9999689732736285,0.9999689732736274,0.9999689732736301,0.9999689732736287,0.9999689732736301,0.999968973273628,0.9999689732736289,0.999968973273628,0.9999689732736285,0.9999689732736285,0.9999689732736277,0.9999689732736291,0.9999689732736287,0.9999689732736282,0.9999689732736287,0.9999689732736282,0.9999689732736285,0.9999689732736277,0.9999690789000298,0.9999689732736273
0.9999797498549474,0.9999689732736218,0.9999689732736285,0.9999794014439836,0.99996897327363,0.9999689732736282,0.9999689732736291,0.9999689732736289,0.9999689732736309,0.9999689732736298,0.9999690921862732,0.9999689732736289,0.9999689732736292,0.9999689732736291,0.9999690921862735,0.9999689732736294,0.9999689732736298,0.9999689732736285,0.9999689732736292,0.9999689732736292,0.9999689732736294,0.9999689732736292,0.999968973273628,0.9999689732736287,0.9999689732736292,0.9999689732736287,0.9999689732736291,0.9999689732736282,0.9999689732736282,0.9999689732736279,0.9999689732736285,-9.330226741298996e-13,0.9999689732736282,0.9999689732736294,0.9999689732736284,0.9999689732736291,-9.330237018389143e-13,0.9999689732736284,0.9999689732736292,0.9999690789000283,0.9999689732736287,0.9999689732736305,0.9999689732736289,0.9999689732736284,0.9999689732736287,-1.116129694304103e-12,0.9999689732736304,0.9999689732736282,0.9999689732736291,0.9999689732736285,0.9999689732736282,0.9999689732736281,0.9999690921862726,0.9999689732736284,0.9999689732736287,0.9999689732736282,0.9999689732736291,0.999968973273628,0.9999689732736284,0.9999689732736289,0.9999689672600851,0.9999689732736292,0.9999689732736293,0.9999690921862717,0.9999689732736289,0.9999689732736284,0.9999689732736292,0.9999689732736285,0.9999689732736305,0.9999689732736288,0.9999689732736291,0.999968973273628,0.9999689732736285,0.9999689732736282,0.9999689732736282,0.9999689732736291,0.9999689732736281,0.999968973273628,0.9999689732736279,0.9999689732736305,0.9999689732736291,0.9999689732736304,0.9999689732736288,0.9999689732736291,0.9999689732736288,0.9999689732736279,0.9999689732736279,0.9999689732736284,0.9999689732736291,0.9999689732736292,0.9999689732736275,0.9999689732736291,0.9999689732736275,0.9999689732736291,0.9999689732736291,0.9999690789000297,0.999968973273628
0.9999797498549488,0.9999689732736233,0.9999689732736309,0.99996897327363,0.9999794014439805,0.9999689732736304,0.9999689732736317,0.9999689732736305,0.9999689732736318,0.9999689732736314,0.9999690921862752,0.9999689732736305,0.9999689732736318,0.9999689732736305,0.9999690921862749,0.9999689732736304,0.9999689732736315,0.9999689732736305,0.9999689732736311,0.9999689732736315,0.9999689732736309,0.9999689732736309,0.9999689732736305,0.9999689732736315,0.9999689732736318,0.9999689732736315,0.9999689732736309,0.9999689732736312,0.9999689732736305,0.9999689732736309,0.9999689732736305,-9.33022673827215e-13,0.9999689732736314,0.9999689732736305,0.9999689732736311,0.9999689732736305,-9.330237055428635e-13,0.9999689732736301,0.9999689732736312,0.9999690789000298,0.9999689732736311,0.9999689732736323,0.9999689732736305,0.9999689732736311,0.9999689732736309,-1.1161297160657555e-12,0.9999689732736317,0.9999689732736315,0.9999689732736309,0.9999689732736304,0.9999689732736314,0.9999689732736299,0.9999690921862747,0.999968973273631,0.9999689732736315,0.9999689732736303,0.9999689732736309,0.9999689732736301,0.9999689732736307,0.9999689732736307,0.9999689672600872,0.9999689732736304,0.999968973273631,0.9999690921862741,0.9999689732736305,0.9999689732736311,0.9999689732736312,0.9999689732736305,0.9999689732736312,0.9999689732736311,0.9999689732736305,0.9999689732736305,0.9999689732736318,0.9999689732736315,0.9999689732736303,0.9999689732736309,0.9999689732736309,0.9999689732736303,0.9999689732736288,0.9999689732736312,0.9999689732736312,0.9999689732736319,0.9999689732736311,0.9999689732736309,0.9999689732736311,0.9999689732736305,0.9999689732736304,0.9999689732736311,0.9999689732736309,0.9999689732736312,0.9999689732736301,0.9999689732736312,0.9999689732736299,0.9999689732736305,0.9999689732736305,0.9999690789000322,0.9999689732736297
0.9999797498549471,0.9999689732736226,0.9999689732736285,0.9999689732736282,0.9999689732736304,0.9999794014439837,0.9999689732736291,0.9999689732736293,0.9999689732736309,0.9999689732736304,0.9999690921862742,0.9999689732736288,0.9999689732736297,0.9999689732736291,0.9999690921862735,0.9999689732736293,0.9999689732736305,0.9999689732736285,0.9999689732736298,0.9999689732736297,0.9999689732736293,0.9999689732736292,0.9999689732736285,0.9999689732736293,0.9999689732736292,0.9999689732736291,0.9999689732736292,0.9999689732736289,0.9999689732736282,0.9999689732736288,0.9999689732736288,-9.330226742401043e-13,0.9999689732736293,0.9999689732736294,0.9999689732736291,0.9999689732736292,-9.330237043437735e-13,0.9999689732736287,0.9999689732736293,0.9999690789000285,0.9999689732736288,0.9999689732736311,0.9999689732736289,0.9999689732736289,0.9999689732736294,-1.1161296665480955e-12,0.9999689732736309,0.9999689732736282,0.9999689732736291,0.9999689732736285,0.9999689732736294,0.9999689732736282,0.9999690921862728,0.9999689732736288,0.9999689732736293,0.9999689732736291,0.9999689732736294,0.9999689732736282,0.9999689732736291,0.9999689732736291,0.9999689672600854,0.9999689732736294,0.9999689732736299,0.999969092186272,0.9999689732736289,0.9999689732736289,0.9999689732736294,0.9999689732736288,0.999968973273631,0.9999689732736288,0.9999689732736291,0.9999689732736285,0.9999689732736285,0.9999689732736294,0.9999689732736282,0.9999689732736293,0.9999689732736288,0.9999689732736282,0.9999689732736279,0.9999689732736305,0.9999689732736293,0.9999689732736304,0.9999689732736291,0.9999689732736293,0.9999689732736291,0.9999689732736285,0.9999689732736282,0.9999689732736289,0.9999689732736293,0.9999689732736294,0.9999689732736285,0.9999689732736294,0.9999689732736285,0.9999689732736291,0.9999689732736289,0.9999690789000297,0.9999689732736285
0.9999797498549482,0.9999689732736227,0.9999689732736291,0.9999689732736291,0.9999689732736317,0.9999689732736291,0.9999794014439882,0.9999689732736291,0.9999689732736311,0.999968973273631,0.9999690921862749,0.9999689732736291,0.9999689732736309,0.9999689732736292,0.9999690921862741,0.9999689732736299,0.9999689732736309,0.9999689732736287,0.9999689732736305,0.9999689732736305,0.9999689732736292,0.9999689732736305,0.9999689732736294,0.9999689732736298,0.9999689732736311,0.9999689732736299,0.9999689732736304,0.9999689732736299,0.9999689732736301,0.9999689732736282,0.9999689732736301,-9.330226749000248e-13,0.9999689732736298,0.9999689732736299,0.9999689732736291,0.9999689732736298,-9.330237021138751e-13,0.9999689732736292,0.9999689732736299,0.9999690789000297,0.9999689732736292,0.9999689732736312,0.9999689732736291,0.9999689732736291,0.9999689732736298,-1.1161296980068712e-12,0.9999689732736318,0.9999689732736298,0.9999689732736298,0.9999689732736298,0.9999689732736298,0.9999689732736284,0.9999690921862741,0.99996897327363,0.9999689732736298,0.9999689732736301,0.9999689732736299,0.9999689732736291,0.9999689732736294,0.9999689732736304,0.9999689672600867,0.9999689732736299,0.9999689732736305,0.9999690921862731,0.9999689732736291,0.9999689732736294,0.9999689732736299,0.9999689732736303,0.9999689732736312,0.9999689732736293,0.9999689732736304,0.9999689732736294,0.9999689732736294,0.9999689732736298,0.9999689732736291,0.9999689732736299,0.9999689732736282,0.9999689732736291,0.9999689732736279,0.9999689732736312,0.9999689732736299,0.9999689732736312,0.9999689732736291,0.9999689732736299,0.9999689732736291,0.9999689732736294,0.9999689732736291,0.9999689732736291,0.9999689732736298,0.9999689732736299,0.9999689732736294,0.9999689732736299,0.9999689732736294,0.9999689732736304,0.9999689732736291,0.9999690789000311,0.9999689732736279
0.9999797498549501,0.9999689732736216,0.9999689732736275,0.9999689732736289,0.9999689732736305,0.9999689732736293,0.9999689732736291,0.999979401443982,0.9999689732736309,0.9999689732736298,0.999969092186273,0.9999689732736288,0.9999689732736298,0.9999689732736292,0.9999690921862731,0.9999689732736294,0.9999689732736299,0.9999689732736285,0.9999689732736294,0.9999689732736298,0.9999689732736298,0.9999689732736294,0.9999689732736291,0.9999689732736294,0.9999689732736298,0.9999689732736293,0.9999689732736291,0.9999689732736291,0.9999689732736291,0.9999689732736285,0.9999689732736291,-9.330226744424317e-13,0.9999689732736285,0.9999689732736291,0.9999689732736285,0.9999689732736287,-9.330237021571817e-13,0.9999689732736282,0.9999689732736305,0.9999690789000285,0.9999689732736281,0.9999689732736304,0.9999689732736285,0.9999689732736285,0.9999689732736285,-1.1161297038788095e-12,0.9999689732736303,0.9999689732736285,0.9999689732736282,0.9999689732736287,0.9999689732736285,0.9999689732736285,0.9999690921862741,0.9999689732736291,0.9999689732736285,0.9999689732736291,0.9999689732736294,0.9999689732736289,0.9999689732736293,0.9999689732736282,0.9999689672600857,0.9999689732736294,0.9999689732736297,0.9999690921862731,0.9999689732736287,0.9999689732736298,0.9999689732736292,0.9999689732736288,0.9999689732736299,0.9999689732736288,0.9999689732736282,0.9999689732736291,0.9999689732736282,0.9999689732736294,0.9999689732736289,0.9999689732736298,0.9999689732736285,0.9999689732736289,0.9999689732736274,0.9999689732736294,0.9999689732736292,0.999968973273631,0.9999689732736284,0.9999689732736298,0.9999689732736285,0.9999689732736291,0.9999689732736293,0.9999689732736285,0.9999689732736294,0.9999689732736292,0.9999689732736293,0.9999689732736292,0.9999689732736287,0.9999689732736282,0.9999689732736292,0.9999690789000305,0.9999689732736273
0.9999797498549489,0.9999689732736236,0.9999689732736314,0.9999689732736309,0.9999689732736318,0.9999689732736309,0.9999689732736311,0.9999689732736309,0.9999794014439808,0.9999689732736319,0.9999690921862758,0.9999689732736309,0.9999689732736318,0.9999689732736305,0.9999690921862752,0.9999689732736309,0.9999689732736314,0.9999689732736305,0.9999689732736318,0.9999689732736318,0.9999689732736304,0.9999689732736312,0.9999689732736305,0.9999689732736315,0.9999689732736318,0.9999689732736315,0.9999689732736311,0.9999689732736311,0.9999689732736311,0.9999689732736301,0.9999689732736305,-9.330226730908566e-13,0.9999689732736311,0.9999689732736304,0.9999689732736309,0.9999689732736305,-9.330237024486803e-13,0.9999689732736304,0.9999689732736319,0.9999690789000301,0.9999689732736311,0.9999689732736319,0.9999689732736307,0.9999689732736309,0.999968973273631,-1.1161297160657555e-12,0.9999689732736322,0.9999689732736315,0.9999689732736309,0.9999689732736305,0.999968973273631,0.9999689732736301,0.9999690921862743,0.9999689732736311,0.9999689732736315,0.9999689732736303,0.9999689732736301,0.9999689732736309,0.9999689732736315,0.9999689732736309,0.9999689672600878,0.9999689732736301,0.9999689732736311,0.999969092186274,0.9999689732736309,0.9999689732736315,0.9999689732736318,0.9999689732736305,0.9999689732736315,0.9999689732736312,0.9999689732736309,0.999968973273631,0.9999689732736311,0.9999689732736315,0.9999689732736301,0.9999689732736312,0.9999689732736301,0.9999689732736309,0.9999689732736298,0.9999689732736314,0.9999689732736318,0.9999689732736321,0.9999689732736309,0.9999689732736312,0.9999689732736309,0.9999689732736305,0.9999689732736309,0.9999689732736309,0.9999689732736301,0.9999689732736319,0.9999689732736301,0.9999689732736318,0.9999689732736301,0.9999689732736309,0.9999689732736307,0.9999690789000322,0.9999689732736298
0.999979749854953,0.9999689732736223,0.9999689732736301,0.9999689732736298,0.9999689732736314,0.9999689732736304,0.999968973273631,0.9999689732736298,0.9999689732736319,0.9999794014439859,0.9999690921862748,0.9999689732736298,0.99996897327363,0.9999689732736299,0.9999690921862741,0.9999689732736303,0.9999689732736318,0.9999689732736297,0.99996897327363,0.99996897327363,0.9999689732736307,0.9999689732736304,0.99996897327363,0.9999689732736299,0.9999689732736304,0.9999689732736307,0.9999689732736304,0.999968973273631,0.9999689732736304,0.9999689732736304,0.9999689732736304,-9.330226747463584e-13,0.9999689732736299,0.9999689732736303,0.9999689732736299,0.9999689732736297,-9.330237056068914e-13,0.9999689732736284,0.9999689732736315,0.9999690789000292,0.9999689732736305,0.9999689732736315,0.9999689732736299,0.9999689732736299,0.9999689732736299,-1.1161296828236962e-12,0.9999689732736319,0.9999689732736299,0.9999689732736301,0.9999689732736304,0.9999689732736299,0.9999689732736292,0.999969092186274,0.9999689732736305,0.9999689732736299,0.9999689732736298,0.9999689732736301,0.9999689732736298,0.9999689732736299,0.9999689732736301,0.9999689672600863,0.9999689732736301,0.9999689732736305,0.9999690921862736,0.9999689732736298,0.9999689732736303,0.9999689732736315,0.9999689732736301,0.9999689732736311,0.9999689732736293,0.9999689732736301,0.99996897327363,0.9999689732736301,0.9999689732736299,0.9999689732736299,0.9999689732736311,0.9999689732736305,0.9999689732736299,0.9999689732736294,0.9999689732736311,0.9999689732736315,0.9999689732736312,0.9999689732736305,0.9999689732736301,0.9999689732736304,0.99996897327363,0.9999689732736298,0.9999689732736299,0.9999689732736303,0.9999689732736315,0.9999689732736298,0.9999689732736315,0.9999689732736298,0.9999689732736301,0.9999689732736301,0.9999690789000311,0.9999689732736294
0.9999798687688889,0.9999690921862654,0.9999690921862728,0.9999690921862732,0.9999690921862752,0.9999690921862742,0.9999690921862749,0.999969092186273,0.9999690921862758,0.9999690921862748,0.9999796392692825,0.999969092186273,0.9999690921862744,0.9999690921862737,0.9999692110989311,0.9999690921862744,0.9999690921862748,0.999969092186273,0.9999690921862744,0.9999690921862744,0.9999690921862744,0.9999690921862735,0.9999690921862737,0.999969092186274,0.9999690921862748,0.9999690921862741,0.999969092186274,0.9999690921862746,0.9999690921862736,0.9999690921862736,0.9999690921862737,-9.330231269934457e-13,0.9999690921862736,0.9999690921862732,0.999969092186273,0.9999690921862736,-9.330240111421734e-13,0.9999690921862726,0.9999690921862744,0.9999691978126858,0.9999690921862742,0.9999690921862748,0.9999690921862731,0.9999690921862731,0.9999690921862735,-2.226132949767908e-09,0.9999690921862752,0.999969092186274,0.9999690921862734,0.9999690921862731,0.9999690921862736,0.9999690921862735,0.9999692110989316,0.999969092186274,0.999969092186274,0.9999690921862736,0.9999690921862744,0.9999690921862732,0.999969092186274,0.9999690921862734,0.9999690861727298,0.9999690921862744,0.9999690921862741,0.9999692110989309,0.999969092186273,0.9999690921862747,0.9999690921862744,0.9999690921862741,0.9999690921862746,0.9999690921862737,0.9999690921862734,0.9999690921862737,0.9999690921862742,0.999969092186274,0.9999690921862742,0.9999690921862744,0.9999690921862736,0.9999690921862742,0.9999690921862714,0.9999690921862748,0.9999690921862744,0.9999690921862744,0.9999690921862742,0.9999690921862744,0.9999690921862742,0.9999690921862737,0.9999690921862742,0.9999690921862731,0.9999690921862741,0.9999690921862744,0.9999690921862744,0.9999690921862744,0.9999690921862735,0.9999690921862734,0.9999690921862731,0.9999691978126879,0.9999690921862716
0.9999797498549501,0.9999689732736216,0.9999689732736275,0.9999689732736289,0.9999689732736305,0.9999689732736288,0.9999689732736291,0.9999689732736288,0.9999689732736309,0.9999689732736298,0.999969092186273,0.9999794014439822,0.9999689732736298,0.9999689732736292,0.9999690921862731,0.9999689732736294,0.9999689732736299,0.9999689732736285,0.9999689732736294,0.9999689732736298,0.9999689732736298,0.9999689732736298,0.9999689732736291,0.9999689732736294,0.9999689732736298,0.9999689732736293,0.9999689732736291,0.9999689732736292,0.9999689732736291,0.9999689732736285,0.9999689732736287,-9.33022673848533e-13,0.9999689732736285,0.9999689732736291,0.9999689732736285,0.9999689732736288,-9.330237048636775e-13,0.9999689732736282,0.9999689732736305,0.9999690789000282,0.9999689732736281,0.9999689732736304,0.9999689732736285,0.9999689732736285,0.9999689732736285,-1.1161296632268605e-12,0.9999689732736303,0.9999689732736285,0.9999689732736282,0.9999689732736287,0.9999689732736285,0.9999689732736284,0.9999690921862741,0.9999689732736291,0.9999689732736285,0.9999689732736288,0.9999689732736294,0.9999689732736289,0.9999689732736293,0.9999689732736282,0.9999689672600857,0.9999689732736294,0.9999689732736297,0.9999690921862731,0.9999689732736287,0.9999689732736297,0.9999689732736305,0.9999689732736291,0.9999689732736298,0.9999689732736285,0.9999689732736282,0.9999689732736291,0.9999689732736282,0.9999689732736294,0.9999689732736289,0.9999689732736298,0.9999689732736285,0.9999689732736291,0.9999689732736273,0.9999689732736294,0.9999689732736292,0.9999689732736304,0.9999689732736285,0.9999689732736298,0.9999689732736284,0.9999689732736291,0.9999689732736293,0.9999689732736285,0.9999689732736294,0.9999689732736292,0.9999689732736285,0.9999689732736292,0.9999689732736287,0.9999689732736282,0.9999689732736285,0.9999690789000305,0.9999689732736273
0.9999797498549479,0.9999689732736228,0.9999689732736288,0.9999689732736292,0.9999689732736318,0.9999689732736297,0.9999689732736309,0.9999689732736298,0.9999689732736318,0.99996897327363,0.9999690921862744,0.9999689732736298,0.9999794014439836,0.9999689732736292,0.9999690921862742,0.9999689732736292,0.9999689732736309,0.9999689732736291,0.9999689732736299,0.9999689732736298,0.99996897327363,0.9999689732736299,0.9999689732736292,0.9999689732736301,0.9999689732736298,0.9999689732736301,0.9999689732736311,0.9999689732736291,0.9999689732736305,0.9999689732736299,0.9999689732736299,-9.330226743234464e-13,0.9999689732736298,0.9999689732736305,0.9999689732736291,0.9999689732736299,-9.330237031581329e-13,0.9999689732736288,0.9999689732736303,0.9999690789000293,0.9999689732736298,0.9999689732736311,0.9999689732736292,0.9999689732736291,0.9999689732736298,-1.1161297043512435e-12,0.9999689732736311,0.9999689732736298,0.9999689732736294,0.9999689732736293,0.9999689732736298,0.9999689732736293,0.9999690921862741,0.9999689732736299,0.9999689732736301,0.9999689732736305,0.9999689732736292,0.9999689732736293,0.9999689732736293,0.9999689732736301,0.9999689672600857,0.9999689732736292,0.9999689732736304,0.9999690921862737,0.9999689732736298,0.9999689732736293,0.9999689732736307,0.9999689732736294,0.9999689732736305,0.9999689732736291,0.9999689732736301,0.9999689732736292,0.9999689732736293,0.9999689732736299,0.9999689732736292,0.9999689732736298,0.9999689732736299,0.9999689732736292,0.9999689732736287,0.9999689732736309,0.9999689732736303,0.9999689732736311,0.9999689732736301,0.9999689732736298,0.9999689732736301,0.9999689732736292,0.9999689732736293,0.9999689732736291,0.9999689732736298,0.9999689732736307,0.9999689732736298,0.9999689732736303,0.9999689732736298,0.9999689732736301,0.9999689732736292,0.9999690789000305,0.9999689732736288
0.9999797498549474,0.9999689732736217,0.9999689732736277,0.9999689732736291,0.9999689732736305,0.9999689732736291,0.9999689732736292,0.9999689732736292,0.9999689732736305,0.9999689732736299,0.9999690921862737,0.9999689732736292,0.9999689732736292,0.9999794014439758,0.9999690921862734,0.9999689732736291,0.9999689732736299,0.9999689732736284,0.9999689732736292,0.9999689732736292,0.9999689732736293,0.9999689732736289,0.9999689732736285,0.9999689732736298,0.9999689732736292,0.9999689732736294,0.9999689732736294,0.9999689732736284,0.9999689732736292,0.9999689732736294,0.9999689732736291,-9.330226739297235e-13,0.9999689732736294,0.9999689732736288,0.9999689732736288,0.9999689732736289,-9.330236998821731e-13,0.9999689732736282,0.9999689732736299,0.9999690789000278,0.9999689732736292,0.9999689732736309,0.9999689732736287,0.9999689732736288,0.9999689732736293,-1.116129700052969e-12,0.9999689732736298,0.9999689732736297,0.9999689732736282,0.9999689732736288,0.9999689732736293,0.9999689732736287,0.9999690921862736,0.9999689732736293,0.9999689732736298,0.9999689732736292,0.9999689732736288,0.9999689732736291,0.9999689732736289,0.9999689732736292,0.9999689672600857,0.9999689732736288,0.9999689732736293,0.9999690921862732,0.9999689732736292,0.9999689732736291,0.9999689732736299,0.9999689732736285,0.9999689732736301,0.9999689732736284,0.9999689732736292,0.9999689732736285,0.9999689732736287,0.9999689732736297,0.9999689732736289,0.9999689732736289,0.9999689732736294,0.9999689732736291,0.9999689732736279,0.9999689732736298,0.9999689732736299,0.9999689732736305,0.9999689732736298,0.9999689732736289,0.9999689732736297,0.9999689732736298,0.9999689732736291,0.9999689732736288,0.9999689732736287,0.9999689732736299,0.9999689732736292,0.9999689732736299,0.9999689732736284,0.9999689732736292,0.9999689732736288,0.9999690789000297,0.9999689732736279
0.9999798687688931,0.999969092186266,0.9999690921862728,0.9999690921862735,0.9999690921862749,0.9999690921862735,0.9999690921862741,0.9999690921862731,0.9999690921862752,0.9999690921862741,0.9999692110989311,0.9999690921862731,0.9999690921862742,0.9999690921862734,0.9999796392692776,0.9999690921862737,0.9999690921862742,0.9999690921862726,0.9999690921862742,0.9999690921862742,0.9999690921862742,0.9999690921862737,0.9999690921862737,0.9999690921862735,0.9999690921862742,0.9999690921862741,0.9999690921862747,0.9999690921862741,0.9999690921862734,0.9999690921862734,0.9999690921862737,-9.330228387405603e-13,0.9999690921862735,0.9999690921862741,0.9999690921862734,0.9999690921862737,-9.330240111421734e-13,0.9999690921862724,0.9999690921862744,0.9999691978126852,0.9999690921862735,0.9999690921862749,0.9999690921862734,0.9999690921862734,0.9999690921862735,-2.226132949767956e-09,0.9999690921862747,0.9999690921862732,0.9999690921862736,0.9999690921862737,0.9999690921862735,0.9999690921862726,0.9999692110989314,0.9999690921862742,0.9999690921862735,0.9999690921862734,0.9999690921862737,0.9999690921862735,0.999969092186274,0.9999690921862734,0.9999690861727304,0.9999690921862736,0.9999690921862736,0.9999692110989308,0.9999690921862731,0.999969092186274,0.9999690921862743,0.999969092186274,0.9999690921862742,0.9999690921862732,0.9999690921862734,0.9999690921862737,0.9999690921862741,0.9999690921862735,0.999969092186273,0.9999690921862737,0.9999690921862734,0.9999690921862735,0.999969092186272,0.9999690921862742,0.9999690921862744,0.9999690921862747,0.9999690921862735,0.9999690921862737,0.9999690921862735,0.9999690921862737,0.9999690921862735,0.9999690921862734,0.9999690921862736,0.9999690921862743,0.999969092186273,0.9999690921862743,0.999969092186273,0.9999690921862734,0.9999690921862726,0.9999691978126879,0.9999690921862728
0.9999797498549478,0.9999689732736228,0.9999689732736289,0.9999689732736294,0.9999689732736304,0.9999689732736293,0.9999689732736299,0.9999689732736294,0.9999689732736309,0.9999689732736303,0.9999690921862744,0.9999689732736294,0.9999689732736292,0.9999689732736291,0.9999690921862737,0.9999794014439825,0.9999689732736303,0.9999689732736288,0.9999689732736298,0.9999689732736294,0.9999689732736299,0.9999689732736298,0.9999689732736291,0.9999689732736298,0.9999689732736294,0.9999689732736299,0.9999689732736301,0.9999689732736289,0.9999689732736292,0.9999689732736285,0.9999689732736294,-9.330226751367283e-13,0.9999689732736298,0.9999689732736293,0.9999689732736291,0.9999689732736289,-9.330237041415733e-13,0.9999689732736285,0.9999689732736303,0.9999690789000291,0.9999689732736291,0.9999689732736315,0.9999689732736289,0.9999689732736291,0.9999689732736294,-1.1161297160608635e-12,0.9999689732736311,0.9999689732736293,0.9999689732736288,0.9999689732736288,0.9999689732736298,0.9999689732736292,0.9999690921862735,0.9999689732736291,0.9999689732736298,0.9999689732736299,0.9999689732736293,0.9999689732736293,0.9999689732736293,0.9999689732736299,0.9999689672600863,0.9999689732736293,0.9999689732736299,0.9999690921862728,0.9999689732736294,0.9999689732736293,0.9999689732736303,0.9999689732736291,0.9999689732736305,0.9999689732736291,0.9999689732736298,0.9999689732736291,0.9999689732736292,0.9999689732736298,0.9999689732736294,0.9999689732736294,0.9999689732736285,0.9999689732736294,0.9999689732736274,0.9999689732736301,0.9999689732736303,0.9999689732736305,0.9999689732736291,0.9999689732736294,0.9999689732736291,0.9999689732736291,0.9999689732736293,0.9999689732736291,0.9999689732736292,0.9999689732736303,0.9999689732736291,0.9999689732736303,0.9999689732736291,0.9999689732736298,0.9999689732736289,0.9999690789000303,0.9999689732736285
0.9999797498549484,0.9999689732736232,0.9999689732736298,0.9999689732736298,0.9999689732736315,0.9999689732736305,0.9999689732736309,0.9999689732736299,0.9999689732736314,0.9999689732736318,0.9999690921862748,0.9999689732736299,0.9999689732736309,0.9999689732736299,0.9999690921862742,0.9999689732736303,0.9999794014439858,0.9999689732736298,0.9999689732736304,0.9999689732736304,0.9999689732736305,0.9999689732736304,0.9999689732736309,0.9999689732736305,0.9999689732736311,0.9999689732736311,0.9999689732736305,0.9999689732736314,0.9999689732736304,0.9999689732736305,0.9999689732736304,-9.330226737626944e-13,0.9999689732736299,0.9999689732736303,0.9999689732736299,0.9999689732736303,-9.330237055428635e-13,0.9999689732736298,0.9999689732736311,0.9999690789000292,0.9999689732736305,0.9999689732736321,0.9999689732736299,0.9999689732736299,0.9999689732736299,-1.1161297160608635e-12,0.9999689732736319,0.9999689732736304,0.9999689732736309,0.9999689732736297,0.9999689732736299,0.9999689732736299,0.9999690921862752,0.9999689732736311,0.9999689732736304,0.9999689732736304,0.9999689732736303,0.9999689732736298,0.9999689732736299,0.9999689732736307,0.9999689672600868,0.9999689732736303,0.9999689732736305,0.9999690921862744,0.9999689732736299,0.9999689732736299,0.9999689732736311,0.9999689732736311,0.9999689732736312,0.9999689732736301,0.9999689732736307,0.9999689732736309,0.9999689732736305,0.9999689732736304,0.9999689732736305,0.9999689732736305,0.9999689732736305,0.9999689732736305,0.9999689732736292,0.9999689732736314,0.9999689732736309,0.9999689732736318,0.9999689732736305,0.9999689732736307,0.9999689732736305,0.9999689732736309,0.9999689732736298,0.9999689732736299,0.9999689732736303,0.9999689732736311,0.9999689732736299,0.9999689732736311,0.9999689732736298,0.9999689732736307,0.9999689732736299,0.9999690789000318,0.9999689732736293
0.9999797498549445,0.999968973273621,0.999968973273627,0.9999689732736285,0.9999689732736305,0.9999689732736285,0.9999689732736287,0.9999689732736285,0.9999689732736305,0.9999689732736297,0.999969092186273,0.9999689732736285,0.9999689732736291,0.9999689732736284,0.9999690921862726,0.9999689732736288,0.9999689732736298,0.9999794014439806,0.9999689732736291,0.9999689732736292,0.9999689732736289,0.9999689732736287,0.9999689732736289,0.9999689732736297,0.9999689732736291,0.9999689732736297,0.9999689732736291,0.9999689732736284,0.9999689732736288,0.9999689732736288,0.9999689732736289,-9.33022672831669e-13,0.9999689732736287,0.9999689732736285,0.9999689732736284,0.9999689732736289,-9.330237025909548e-13,0.9999689732736282,0.9999689732736294,0.9999690789000276,0.9999689732736285,0.9999689732736301,0.9999689732736284,0.9999689732736284,0.9999689732736287,-1.116129673409753e-12,0.9999689732736294,0.9999689732736293,0.9999689732736281,0.9999689732736288,0.9999689732736287,0.999968973273628,0.9999690921862734,0.9999689732736293,0.9999689732736294,0.9999689732736288,0.9999689732736281,0.9999689732736285,0.9999689732736289,0.9999689732736285,0.999968967260085,0.9999689732736281,0.9999689732736287,0.9999690921862726,0.9999689732736285,0.9999689732736291,0.9999689732736294,0.9999689732736285,0.9999689732736299,0.999968973273628,0.9999689732736285,0.9999689732736289,0.9999689732736287,0.9999689732736294,0.9999689732736284,0.9999689732736287,0.9999689732736288,0.9999689732736285,0.9999689732736275,0.9999689732736291,0.9999689732736294,0.9999689732736301,0.9999689732736294,0.9999689732736287,0.9999689732736293,0.9999689732736298,0.9999689732736285,0.9999689732736284,0.9999689732736279,0.9999689732736294,0.9999689732736285,0.9999689732736294,0.9999689732736285,0.9999689732736285,0.9999689732736285,0.9999690789000292,0.9999689732736275
0.9999797498549484,0.9999689732736227,0.9999689732736288,0.9999689732736292,0.9999689732736311,0.9999689732736298,0.9999689732736305,0.9999689732736294,0.9999689732736318,0.99996897327363,0.9999690921862744,0.9999689732736294,0.9999689732736299,0.9999689732736292,0.9999690921862742,0.9999689732736298,0.9999689732736304,0.9999689732736291,0.999979401443984,0.9999689732736298,0.99996897327363,0.9999689732736299,0.9999689732736293,0.9999689732736299,0.9999689732736297,0.9999689732736303,0.9999689732736305,0.9999689732736291,0.9999689732736305,0.9999689732736299,0.9999689732736299,-9.33022675454503e-13,0.9999689732736298,0.9999689732736298,0.9999689732736291,0.9999689732736299,-9.330237045174144e-13,0.9999689732736288,0.9999689732736303,0.9999690789000292,0.9999689732736298,0.9999689732736311,0.9999689732736291,0.9999689732736291,0.9999689732736297,-1.1161297156811158e-12,0.9999689732736311,0.9999689732736298,0.9999689732736301,0.9999689732736292,0.9999689732736298,0.9999689732736293,0.9999690921862741,0.9999689732736298,0.9999689732736298,0.9999689732736305,0.9999689732736297,0.9999689732736292,0.9999689732736292,0.9999689732736294,0.9999689672600857,0.9999689732736297,0.9999689732736303,0.9999690921862737,0.9999689732736294,0.9999689732736292,0.9999689732736303,0.9999689732736292,0.9999689732736305,0.9999689732736291,0.9999689732736294,0.9999689732736293,0.9999689732736293,0.99996897327363,0.9999689732736292,0.9999689732736297,0.9999689732736298,0.9999689732736292,0.9999689732736285,0.9999689732736309,0.9999689732736303,0.9999689732736311,0.9999689732736301,0.9999689732736294,0.9999689732736301,0.9999689732736292,0.9999689732736292,0.9999689732736291,0.9999689732736297,0.9999689732736303,0.9999689732736298,0.9999689732736303,0.9999689732736298,0.9999689732736294,0.9999689732736291,0.9999690789000305,0.9999689732736285
0.9999797498549488,0.9999689732736227,0.9999689732736291,0.9999689732736292,0.9999689732736315,0.9999689732736297,0.9999689732736305,0.9999689732736298,0.9999689732736318,0.99996897327363,0.9999690921862744,0.9999689732736298,0.9999689732736298,0.9999689732736292,0.9999690921862742,0.9999689732736294,0.9999689732736304,0.9999689732736292,0.9999689732736298,0.999979401443983,0.99996897327363,0.9999689732736299,0.9999689732736291,0.9999689732736299,0.9999689732736298,0.9999689732736301,0.9999689732736305,0.9999689732736291,0.9999689732736305,0.9999689732736299,0.9999689732736299,-9.330226731569797e-13,0.9999689732736298,0.9999689732736301,0.9999689732736291,0.9999689732736294,-9.330237011785087e-13,0.9999689732736288,0.9999689732736303,0.9999690789000293,0.9999689732736298,0.9999689732736311,0.9999689732736291,0.9999689732736291,0.9999689732736297,-1.1161297160608635e-12,0.9999689732736311,0.9999689732736298,0.9999689732736301,0.9999689732736292,0.9999689732736298,0.9999689732736293,0.9999690921862741,0.9999689732736298,0.9999689732736298,0.9999689732736305,0.9999689732736292,0.9999689732736292,0.9999689732736292,0.9999689732736294,0.9999689672600857,0.9999689732736292,0.9999689732736301,0.9999690921862737,0.9999689732736294,0.9999689732736292,0.9999689732736303,0.9999689732736292,0.9999689732736309,0.9999689732736291,0.9999689732736294,0.9999689732736292,0.9999689732736293,0.9999689732736297,0.9999689732736298,0.9999689732736294,0.9999689732736299,0.9999689732736292,0.9999689732736285,0.9999689732736309,0.9999689732736301,0.9999689732736311,0.9999689732736301,0.9999689732736294,0.9999689732736301,0.9999689732736291,0.9999689732736292,0.9999689732736291,0.9999689732736292,0.9999689732736303,0.9999689732736298,0.9999689732736303,0.9999689732736298,0.9999689732736294,0.9999689732736291,0.999969078900031,0.9999689732736288
0.9999797498549478,0.9999689732736222,0.9999689732736291,0.9999689732736294,0.9999689732736309,0.9999689732736293,0.9999689732736292,0.9999689732736298,0.9999689732736304,0.9999689732736307,0.9999690921862744,0.9999689732736298,0.99996897327363,0.9999689732736293,0.9999690921862742,0.9999689732736299,0.9999689732736305,0.9999689732736289,0.99996897327363,0.99996897327363,0.9999794014439728,0.9999689732736301,0.9999689732736291,0.9999689732736304,0.9999689732736301,0.9999689732736299,0.9999689732736298,0.9999689732736298,0.9999689732736292,0.9999689732736288,0.9999689732736292,-9.330226728352147e-13,0.9999689732736298,0.9999689732736289,0.9999689732736294,0.9999689732736291,-9.330237056071301e-13,0.9999689732736293,0.9999689732736301,0.9999690789000293,0.9999689732736293,0.9999689732736309,0.9999689732736291,0.9999689732736294,0.9999689732736292,-1.1161296628513648e-12,0.9999689732736309,0.9999689732736305,0.9999689732736292,0.9999689732736289,0.9999689732736298,0.9999689732736292,0.9999690921862728,0.9999689732736294,0.9999689732736305,0.9999689732736292,0.9999689732736299,0.9999689732736294,0.9999689732736294,0.9999689732736299,0.9999689672600863,0.9999689732736299,0.9999689732736299,0.9999690921862724,0.9999689732736294,0.9999689732736293,0.9999689732736301,0.9999689732736291,0.9999689732736301,0.9999689732736298,0.9999689732736299,0.9999689732736291,0.9999689732736292,0.9999689732736305,0.9999689732736294,0.9999689732736303,0.9999689732736291,0.9999689732736294,0.9999689732736279,0.9999689732736301,0.9999689732736301,0.9999689732736311,0.9999689732736298,0.9999689732736303,0.9999689732736297,0.9999689732736291,0.9999689732736293,0.9999689732736294,0.9999689732736299,0.9999689732736301,0.9999689732736291,0.9999689732736301,0.9999689732736291,0.9999689732736299,0.9999689732736293,0.9999690789000301,0.9999689732736279
