0.9999999856197164,0.9999564183035303,-2.5195615552582633e-06,-2.6249662273969568e-06,-2.623179447418517e-06,-2.576331477309371e-06,0.9999564183035279,0.999956418303525,-2.6231794497530297e-06,-2.623179451624843e-06,-2.6354945938305207e-06,-2.576331477443355e-06,0.9999564183035275,-2.624966228170765e-06,0.9999572787997064,0.9999564183035289,-2.5763314781611995e-06,0.999956345574146,-2.769698861786581e-06,0.999956418303523,-2.5763314764504484e-06,0.9999564183035258,0.9999564183035283,0.9999564183035279,-2.4846844683956814e-06,-2.624966227171556e-06,-2.5795945109993176e-06,-2.5195615573831102e-06,0.9999564183035234,0.9999564183035288,-2.741059394992141e-06,-2.6249662273927406e-06,-2.57959451208141e-06,-2.769698861736645e-06
0.9999564183035303,0.9999439291425309,-1.7653250793000725e-11,-7.079160420969736e-11,-6.989039255778501e-11,-4.627760319006884e-11,0.9999384662268995,0.9999384662268982,-6.98903932526035e-11,-6.989039317200001e-11,-7.610131759045548e-11,-4.627760352198467e-11,0.9999384662268982,-7.079160408494602e-11,0.9999393267041827,0.9999384662268989,-4.6277603001067005e-11,0.9999383934990825,-1.437844413119663e-10,0.999938466226897,-4.627760252295593e-11,0.9999384662269004,0.9999384662268975,0.9999384662268989,-1.0037570682013075e-14,-7.07916039043847e-11,-4.7883740975142125e-11,-1.7653250034200297e-11,0.9999384662269,0.9999384662268982,-1.293415287207509e-10,-7.079160406334331e-11,-4.7883740739107734e-11,-1.437844413083093e-10
-2.5195615552582633e-06,-1.7653250793000725e-11,5.464114464169285e-06,-4.914800227234042e-15,-8.03757885533793e-15,8.289201332892522e-10,-1.765325098766566e-11,-1.765325077033731e-11,-8.037566919795263e-15,-8.037678342643498e-15,-3.8949170999675584e-15,4.182681464511971e-13,-1.7653250854384173e-11,-4.9148659929155984e-15,-3.4964731186661014e-08,-1.765325077033731e-11,4.182681464511971e-13,-1.7654398195088513e-11,4.5305754131892166e-11,-1.765325077033731e-11,8.289201332906276e-10,-1.7653250787832862e-11,-1.7653250781918663e-11,-1.765325077033731e-11,-1.071741361268498e-12,-4.9148659929155984e-15,-8.098704529727099e-13,6.05000672250277e-13,-1.7653250855667563e-11,-1.7653250787832862e-11,4.2032362548954315e-14,-4.9149736112779164e-15,-8.098716705828063e-13,4.5305754131997186e-11
-2.6249662273969568e-06,-7.079160420969736e-11,-4.914800227234042e-15,5.462915803315415e-06,-7.650500031416638e-17,-3.438991362664066e-15,-7.079160420231579e-11,-7.079160427121165e-11,-7.61951212666794e-17,-7.632264121404475e-17,-1.2284937980298024e-16,-3.438809047137177e-15,-7.079160423778332e-11,-1.9962138338281743e-13,-1.4036733407828236e-07,-7.079160420769765e-11,-3.439056776283659e-15,-7.079158475300365e-11,-3.082150435721482e-16,-7.079160423778332e-11,-3.4387521101378607e-15,-7.079160420769765e-11,-7.079160420769765e-11,-7.079160420969736e-11,8.294014001963516e-15,-1.9962138289430177e-13,6.238419366356679e-15,-4.914695662379859e-15,-7.079160423778332e-11,-7.079160420769765e-11,-9.14375895605575e-13,-1.9962138339082623e-13,6.23861028057812e-15,-3.082573106494112e-16
-2.623179447418517e-06,-6.989039255778501e-11,-8.03757885533793e-15,-7.650500031416638e-17,5.462915933735118e-06,-5.598238033927784e-15,-6.989039248915405e-11,-6.989039253589436e-11,-7.096772363169753e-14,-7.096772324433283e-14,-2.0573153766234662e-13,-5.597967524279867e-15,-6.989039256640698e-11,-7.649399033514521e-17,-1.385805941912474e-07,-6.989039255778501e-11,-5.598326016909134e-15,-6.989036747932094e-11,-4.273199964236642e-16,-6.989039256640698e-11,-5.598218111184216e-15,-6.989039259594202e-11,-6.989039256640698e-11,-6.989039253589436e-11,1.3823393843836662e-14,-7.61951212666794e-17,1.0416799617465256e-14,-8.037625514434067e-15,-6.989039255778501e-11,-6.989039248915405e-11,-1.3462756353607151e-12,-7.653311395990825e-17,1.0416347529534463e-14,-4.273136654622807e-16
-2.576331477309371e-06,-4.627760319006884e-11,8.289201332892522e-10,-3.438991362664066e-15,-5.598238033927784e-15,5.463488802499167e-06,-4.627760302360139e-11,-4.627760318198636e-11,-5.598218111184216e-15,-5.5982448431779135e-15,-2.7375442689518617e-15,2.8915876071141736e-13,-4.627760318198636e-11,-3.438931901567249e-15,-9.173353503293289e-08,-4.6277603100216595e-11,2.891586094845437e-13,-4.6278392482776536e-11,3.125529910062588e-11,-4.627760318198636e-11,5.730520853747879e-10,-4.627760319006884e-11,-4.627760318198636e-11,-4.6277603100216595e-11,-7.410745573020359e-13,-3.438809047137177e-15,-5.600075743533763e-13,4.182687254137338e-13,-4.627760319006884e-11,-4.6277603051205724e-11,2.902589356090485e-14,-3.438809047137177e-15,-1.1098175696269495e-09,3.125529910073349e-11
0.9999564183035279,0.9999384662268995,-1.765325098766566e-11,-7.079160420231579e-11,-6.989039248915405e-11,-4.627760302360139e-11,0.9999439291425296,0.9999384662268979,-6.989039333058235e-11,-6.989039315651893e-11,-7.610131759045548e-11,-4.627760340053288e-11,0.9999384662268996,-7.079160418186538e-11,0.9999393267041824,0.9999384662268982,-4.627760318027099e-11,0.9999383934990835,-1.4378444125111559e-10,0.9999384662268977,-4.627760257123066e-11,0.999938466226899,0.9999384662268985,0.9999384662268982,-1.0037450830368209e-14,-7.079160394719226e-11,-4.7883740976096724e-11,-1.7653250093179315e-11,0.9999384662268986,0.9999384662268989,-1.293415287207509e-10,-7.079160406334331e-11,-4.7883740727305695e-11,-1.4378444127238736e-10
0.999956418303525,0.9999384662268982,-1.765325077033731e-11,-7.079160427121165e-11,-6.989039253589436e-11,-4.627760318198636e-11,0.9999384662268979,0.9999439291425261,-6.989039312346612e-11,-6.989039328594453e-11,-7.610131770263972e-11,-4.627760352198467e-11,0.9999384662268976,-7.079160418663781e-11,0.9999393267041834,0.9999384662268983,-4.627760306046463e-11,0.9999383934990828,-1.437844412656545e-10,0.9999384662268967,-4.6277602626687586e-11,0.9999384662268989,0.9999384662268982,0.9999384662268983,-1.0037570682013075e-14,-7.079160399358493e-11,-4.788374091724064e-11,-1.7653250132255912e-11,0.9999384662268983,0.9999384662268975,-1.293415287207509e-10,-7.079160409350923e-11,-4.788374064073855e-11,-1.4378444141336908e-10
-2.6231794497530297e-06,-6.98903932526035e-11,-8.037566919795263e-15,-7.61951212666794e-17,-7.096772363169753e-14,-5.598218111184216e-15,-6.989039333058235e-11,-6.989039312346612e-11,5.462915933735118e-06,-7.096772449255896e-14,-2.0573153903500632e-13,-5.598475250566163e-15,-6.989039312346612e-11,-7.644039235636483e-17,-1.3858059541400763e-07,-6.989039312346612e-11,-5.598407002425391e-15,-6.989036822749171e-11,-4.273001055731414e-16,-6.989039334237594e-11,-5.598280032495107e-15,-6.989039312346612e-11,-6.98903932497912e-11,-6.989039333058235e-11,1.3823569766041176e-14,-7.670843507775135e-17,1.0416078219965483e-14,-8.037423053588145e-15,-6.989039333058235e-11,-6.989039312346612e-11,-1.3462756365038386e-12,-7.644039235636483e-17,1.0416685092053528e-14,-4.2729696323713536e-16
-2.623179451624843e-06,-6.989039317200001e-11,-8.037678342643498e-15,-7.632264121404475e-17,-7.096772324433283e-14,-5.5982448431779135e-15,-6.989039315651893e-11,-6.989039328594453e-11,-7.096772449255896e-14,5.462915933735118e-06,-2.0573153860950242e-13,-5.598218111184216e-15,-6.98903933349499e-11,-7.644039235636483e-17,-1.3858059539156253e-07,-6.989039319204343e-11,-5.598241305420759e-15,-6.989036781309876e-11,-4.2732367232786674e-16,-6.98903932996632e-11,-5.598241305420759e-15,-6.989039328477602e-11,-6.98903933349499e-11,-6.989039315556039e-11,1.3823115536124433e-14,-7.670843507775135e-17,1.0416659136527834e-14,-8.037423053588145e-15,-6.989039317200001e-11,-6.989039317200001e-11,-1.3462756360721236e-12,-7.670843507775135e-17,1.0416769561542232e-14,-4.2733787759066605e-16
-2.6354945938305207e-06,-7.610131759045548e-11,-3.8949170999675584e-15,-1.2284937980298024e-16,-2.0573153766234662e-13,-2.7375442689518617e-15,-7.610131759045548e-11,-7.610131770263972e-11,-2.0573153903500632e-13,-2.0573153860950242e-13,5.462915718200336e-06,-2.737708880428208e-15,-7.610131754313807e-11,-1.2268781043917233e-16,-1.5089548586153864e-07,-7.610131734559736e-11,-2.7375442689518617e-15,-1.5089496508472583e-07,-2.8201970116081903e-16,-7.610131734559736e-11,-2.737563830887379e-15,-7.610131734559736e-11,-7.610131734559736e-11,-7.61013175971067e-11,6.4473724447693e-15,-1.2268781043917233e-16,4.8399023933312326e-15,-3.894800421470331e-15,-7.610131770263972e-11,-7.61013175887634e-11,-7.977409906948498e-13,-1.2261118884907126e-16,4.8395585245806624e-15,-2.8199257010930003e-16
-2.576331477443355e-06,-4.627760352198467e-11,4.182681464511971e-13,-3.438809047137177e-15,-5.597967524279867e-15,2.8915876071141736e-13,-4.627760340053288e-11,-4.627760352198467e-11,-5.598475250566163e-15,-5.598218111184216e-15,-2.737708880428208e-15,5.463488802499167e-06,-4.627760340053288e-11,-3.4387885882564347e-15,-9.173353577731348e-08,-4.6277603409213454e-11,5.73052085374156e-10,-4.627839275822269e-11,3.1255299101276043e-11,-4.6277603541179264e-11,2.891586094845437e-13,-4.6277603409213454e-11,-4.627760352198467e-11,-4.6277603541179264e-11,-7.410745573020359e-13,-3.4387923402933135e-15,-1.109817569625506e-09,8.289201332923569e-10,-4.627760346840235e-11,-4.627760352198467e-11,2.902596951174118e-14,-3.4387923402933135e-15,-5.600074812965195e-13,3.1255299101383616e-11
0.9999564183035275,0.9999384662268982,-1.7653250854384173e-11,-7.079160423778332e-11,-6.989039256640698e-11,-4.627760318198636e-11,0.9999384662268996,0.9999384662268976,-6.989039312346612e-11,-6.98903933349499e-11,-7.610131754313807e-11,-4.627760340053288e-11,0.9999439291425295,-7.079160418186538e-11,0.9999393267041826,0.9999384662268983,-4.62776033177296e-11,0.9999383934990826,-1.4378444130814646e-10,0.9999384662268969,-4.627760264555009e-11,0.9999384662268999,0.9999384662268969,0.9999384662268983,-1.0037450830368209e-14,-7.079160398162373e-11,-4.788374097581498e-11,-1.7653250056367613e-11,0.9999384662268977,0.9999384662268969,-1.293415288888569e-10,-7.07916040320608e-11,-4.788374064073855e-11,-1.4378444116747785e-10
-2.624966228170765e-06,-7.079160408494602e-11,-4.9148659929155984e-15,-1.9962138338281743e-13,-7.649399033514521e-17,-3.438931901567249e-15,-7.079160418186538e-11,-7.079160418663781e-11,-7.644039235636483e-17,-7.644039235636483e-17,-1.2268781043917233e-16,-3.4387885882564347e-15,-7.079160418186538e-11,5.462915803315415e-06,-1.4036733390724017e-07,-7.079160417989667e-11,-3.4389211296197983e-15,-7.079158472483134e-11,-3.0826640911082836e-16,-7.079160418663781e-11,-3.4387521101378607e-15,-7.079160410461394e-11,-7.079160405578293e-11,-7.079160418186538e-11,8.294004228746748e-15,-1.9962138254664542e-13,6.238623501279662e-15,-4.914695662379859e-15,-7.079160406031795e-11,-7.079160418186538e-11,-9.14375895234962e-13,-1.9962138304317326e-13,6.238623501279662e-15,-3.0818106981655465e-16
0.9999572787997064,0.9999393267041827,-3.4964731186661014e-08,-1.4036733407828236e-07,-1.385805941912474e-07,-9.173353503293289e-08,0.9999393267041824,0.9999393267041834,-1.3858059541400763e-07,-1.3858059539156253e-07,-1.5089548586153864e-07,-9.173353577731348e-08,0.9999393267041826,-1.4036733390724017e-07,0.9999456500992755,0.9999393267041834,-9.17335353967333e-08,0.9999392539762354,-2.850971182915256e-07,0.9999393267041821,-9.173353401966307e-08,0.9999393267041843,0.9999393267041834,0.9999393267041834,-8.834609333763263e-11,-1.403673335488676e-07,-9.499651905842401e-08,-3.4964729762089134e-08,0.9999393267041837,0.9999393267041837,-2.564582203464847e-07,-1.4036733377846282e-07,-9.499651864497557e-08,-2.850971182785764e-07
0.9999564183035289,0.9999384662268989,-1.765325077033731e-11,-7.079160420769765e-11,-6.989039255778501e-11,-4.6277603100216595e-11,0.9999384662268982,0.9999384662268983,-6.989039312346612e-11,-6.989039319204343e-11,-7.610131734559736e-11,-4.6277603409213454e-11,0.9999384662268983,-7.079160417989667e-11,0.9999393267041834,0.9999439291425305,-4.627760333406237e-11,0.999938393499082,-1.4378444127813694e-10,0.9999384662268969,-4.627760258533882e-11,0.9999384662268983,0.9999384662268983,0.9999384662268977,-1.0037597852555827e-14,-7.079160394003349e-11,-4.788374097581498e-11,-1.765325008167452e-11,0.9999384662268979,0.9999384662268983,-1.293415287207509e-10,-7.07916041755688e-11,-4.788374076519017e-11,-1.4378444116747785e-10
-2.5763314781611995e-06,-4.6277603001067005e-11,4.182681464511971e-13,-3.439056776283659e-15,-5.598326016909134e-15,2.891586094845437e-13,-4.627760318027099e-11,-4.627760306046463e-11,-5.598407002425391e-15,-5.598241305420759e-15,-2.7375442689518617e-15,5.73052085374156e-10,-4.62776033177296e-11,-3.4389211296197983e-15,-9.17335353967333e-08,-4.627760333406237e-11,5.463488802499167e-06,-4.6278392421675974e-11,3.1255299101085676e-11,-4.627760319428695e-11,2.8915867156613795e-13,-4.627760319428695e-11,-4.627760316550406e-11,-4.627760316550406e-11,-7.410745573020359e-13,-3.439056776283659e-15,-1.1098175696257115e-09,8.289201332921448e-10,-4.627760331480149e-11,-4.6277603001067005e-11,2.902590783670748e-14,-3.4387923402933135e-15,-5.600079678815711e-13,3.125529910119326e-11
0.999956345574146,0.9999383934990825,-1.7654398195088513e-11,-7.079158475300365e-11,-6.989036747932094e-11,-4.6278392482776536e-11,0.9999383934990835,0.9999383934990828,-6.989036822749171e-11,-6.989036781309876e-11,-1.5089496508472583e-07,-4.627839275822269e-11,0.9999383934990826,-7.079158472483134e-11,0.9999392539762354,0.999938393499082,-4.6278392421675974e-11,0.9999437836868891,-1.4378446940632744e-10,0.9999383934990816,-4.627839186444527e-11,0.9999383934990835,0.999938393499083,0.9999383934990833,-7.98907574440862e-15,-7.079158457312413e-11,-4.7882188184299514e-11,-1.7654397423818266e-11,0.9999383934990833,0.9999383934990823,-1.2934159470316953e-10,-7.079158457169849e-11,-4.78821880197051e-11,-1.4378446939318674e-10
-2.769698861786581e-06,-1.437844413119663e-10,4.5305754131892166e-11,-3.082150435721482e-16,-4.273199964236642e-16,3.125529910062588e-11,-1.4378444125111559e-10,-1.437844412656545e-10,-4.273001055731414e-16,-4.2732367232786674e-16,-2.8201970116081903e-16,3.1255299101276043e-11,-1.4378444130814646e-10,-3.0826640911082836e-16,-2.850971182915256e-07,-1.4378444127813694e-10,3.1255299101085676e-11,-1.4378446940632744e-10,5.462917527210712e-06,-1.437844412461991e-10,3.1255299101879116e-11,-1.4378444128545604e-10,-1.437844413460335e-10,-1.437844413460335e-10,-8.102316592392943e-11,-3.0826995940344784e-16,-6.126629807580899e-11,4.530575413449901e-11,-1.437844413460335e-10,-1.4378444125111559e-10,1.4940116180836041e-15,-3.0821356692473865e-16,-6.126629807709911e-11,1.5245721219803326e-12
0.999956418303523,0.999938466226897,-1.765325077033731e-11,-7.079160423778332e-11,-6.989039256640698e-11,-4.627760318198636e-11,0.9999384662268977,0.9999384662268967,-6.989039334237594e-11,-6.98903932996632e-11,-7.610131734559736e-11,-4.6277603541179264e-11,0.9999384662268969,-7.079160418663781e-11,0.9999393267041821,0.9999384662268969,-4.627760319428695e-11,0.9999383934990816,-1.437844412461991e-10,0.9999439291425285,-4.6277602626687586e-11,0.9999384662268976,0.999938466226897,0.9999384662268973,-1.0037570682013075e-14,-7.07916039043847e-11,-4.788374091724064e-11,-1.7653250056367613e-11,0.9999384662268973,0.9999384662268969,-1.2934152880064235e-10,-7.079160405455285e-11,-4.788374075936877e-11,-1.4378444127238736e-10
-2.5763314764504484e-06,-4.627760252295593e-11,8.289201332906276e-10,-3.4387521101378607e-15,-5.598218111184216e-15,5.730520853747879e-10,-4.627760257123066e-11,-4.6277602626687586e-11,-5.598280032495107e-15,-5.598241305420759e-15,-2.737563830887379e-15,2.891586094845437e-13,-4.627760264555009e-11,-3.4387521101378607e-15,-9.173353401966307e-08,-4.627760258533882e-11,2.8915867156613795e-13,-4.627839186444527e-11,3.1255299101879116e-11,-4.6277602626687586e-11,5.463488802499167e-06,-4.627760257123066e-11,-4.62776025860407e-11,-4.6277602626687586e-11,-7.410745573020359e-13,-3.439002377933706e-15,-5.600075743533763e-13,4.1826843092556667e-13,-4.6277602750165883e-11,-4.627760252295593e-11,2.902585637632775e-14,-3.439056776283659e-15,-1.1098175696256215e-09,3.125529910198677e-11
0.9999564183035258,0.9999384662269004,-1.7653250787832862e-11,-7.079160420769765e-11,-6.989039259594202e-11,-4.627760319006884e-11,0.999938466226899,0.9999384662268989,-6.989039312346612e-11,-6.989039328477602e-11,-7.610131734559736e-11,-4.6277603409213454e-11,0.9999384662268999,-7.079160410461394e-11,0.9999393267041843,0.9999384662268983,-4.627760319428695e-11,0.9999383934990835,-1.4378444128545604e-10,0.9999384662268976,-4.627760257123066e-11,0.9999439291425307,0.9999384662268983,0.9999384662268983,-1.0037570682013075e-14,-7.079160397574902e-11,-4.788374097581498e-11,-1.7653250056367613e-11,0.9999384662268983,0.9999384662269004,-1.293415287207509e-10,-7.079160406614687e-11,-4.7883740727305695e-11,-1.4378444116747785e-10
0.9999564183035283,0.9999384662268975,-1.7653250781918663e-11,-7.079160420769765e-11,-6.989039256640698e-11,-4.627760318198636e-11,0.9999384662268985,0.9999384662268982,-6.98903932497912e-11,-6.98903933349499e-11,-7.610131734559736e-11,-4.627760352198467e-11,0.9999384662268969,-7.079160405578293e-11,0.9999393267041834,0.9999384662268983,-4.627760316550406e-11,0.999938393499083,-1.437844413460335e-10,0.999938466226897,-4.62776025860407e-11,0.9999384662268983,0.9999439291425282,0.9999384662268985,-1.0037698396073754e-14,-7.079160394003349e-11,-4.788374097581498e-11,-1.7653250056367613e-11,0.9999384662268983,0.999938466226897,-1.293415287207509e-10,-7.07916041755688e-11,-4.788374064073855e-11,-1.4378444116747785e-10
0.9999564183035279,0.9999384662268989,-1.765325077033731e-11,-7.079160420969736e-11,-6.989039253589436e-11,-4.6277603100216595e-11,0.9999384662268982,0.9999384662268983,-6.989039333058235e-11,-6.989039315556039e-11,-7.61013175971067e-11,-4.6277603541179264e-11,0.9999384662268983,-7.079160418186538e-11,0.9999393267041834,0.9999384662268977,-4.627760316550406e-11,0.9999383934990833,-1.437844413460335e-10,0.9999384662268973,-4.6277602626687586e-11,0.9999384662268983,0.9999384662268985,0.9999439291425303,-1.0037570682013075e-14,-7.079160382692347e-11,-4.7883740976096724e-11,-1.7653250085465442e-11,0.9999384662268982,0.9999384662268991,-1.2934152880064235e-10,-7.079160408528989e-11,-4.788374075936877e-11,-1.43784441177073e-10
-2.4846844683956814e-06,-1.0037570682013075e-14,-1.071741361268498e-12,8.294014001963516e-15,1.3823393843836662e-14,-7.410745573020359e-13,-1.0037450830368209e-14,-1.0037570682013075e-14,1.3823569766041176e-14,1.3823115536124433e-14,6.4473724447693e-15,-7.410745573020359e-13,-1.0037450830368209e-14,8.294004228746748e-15,-8.834609333763263e-11,-1.0037597852555827e-14,-7.410745573020359e-13,-7.98907574440862e-15,-8.102316592392943e-11,-1.0037570682013075e-14,-7.410745573020359e-13,-1.0037570682013075e-14,-1.0037698396073754e-14,-1.0037570682013075e-14,5.466674626180287e-06,8.294341559659122e-15,2.841288685044965e-09,-1.071741361268498e-12,-1.0037518933199078e-14,-1.0037522565274526e-14,-7.48326999510995e-14,8.29406585045444e-15,2.841288685044089e-09,-8.1023165923846e-11
-2.624966227171556e-06,-7.07916039043847e-11,-4.9148659929155984e-15,-1.9962138289430177e-13,-7.61951212666794e-17,-3.438809047137177e-15,-7.079160394719226e-11,-7.079160399358493e-11,-7.670843507775135e-17,-7.670843507775135e-17,-1.2268781043917233e-16,-3.4387923402933135e-15,-7.079160398162373e-11,-1.9962138254664542e-13,-1.403673335488676e-07,-7.079160394003349e-11,-3.439056776283659e-15,-7.079158457312413e-11,-3.0826995940344784e-16,-7.07916039043847e-11,-3.439002377933706e-15,-7.079160397574902e-11,-7.079160394003349e-11,-7.079160382692347e-11,8.294341559659122e-15,5.462915803315415e-06,6.23861028057812e-15,-4.914695662379859e-15,-7.079160394719226e-11,-7.079160394003349e-11,-9.143758947586636e-13,-1.9962138255465707e-13,6.238452503255929e-15,-3.081982814668103e-16
-2.5795945109993176e-06,-4.7883740975142125e-11,-8.098704529727099e-13,6.238419366356679e-15,1.0416799617465256e-14,-5.600075743533763e-13,-4.7883740976096724e-11,-4.788374091724064e-11,1.0416078219965483e-14,1.0416659136527834e-14,4.8399023933312326e-15,-1.109817569625506e-09,-4.788374097581498e-11,6.238623501279662e-15,-9.499651905842401e-08,-4.788374097581498e-11,-1.1098175696257115e-09,-4.7882188184299514e-11,-6.126629807580899e-11,-4.788374091724064e-11,-5.600075743533763e-13,-4.788374097581498e-11,-4.788374097581498e-11,-4.7883740976096724e-11,2.841288685044965e-09,6.23861028057812e-15,5.465061952843054e-06,-8.098709192089132e-13,-4.788374092608783e-11,-4.788374091724064e-11,-5.656869413357758e-14,6.238212332102937e-15,2.1468915967786108e-09,-6.12662980757148e-11
-2.5195615573831102e-06,-1.7653250034200297e-11,6.05000672250277e-13,-4.914695662379859e-15,-8.037625514434067e-15,4.182687254137338e-13,-1.7653250093179315e-11,-1.7653250132255912e-11,-8.037423053588145e-15,-8.037423053588145e-15,-3.894800421470331e-15,8.289201332923569e-10,-1.7653250056367613e-11,-4.914695662379859e-15,-3.4964729762089134e-08,-1.765325008167452e-11,8.289201332921448e-10,-1.7654397423818266e-11,4.530575413449901e-11,-1.7653250056367613e-11,4.1826843092556667e-13,-1.7653250056367613e-11,-1.7653250056367613e-11,-1.7653250085465442e-11,-1.071741361268498e-12,-4.914695662379859e-15,-8.098709192089132e-13,5.464114464169285e-06,-1.7653250060697952e-11,-1.7653250082014877e-11,4.2032312411038586e-14,-4.914695662379859e-15,-8.098706675379019e-13,4.5305754134604e-11
0.9999564183035234,0.9999384662269,-1.7653250855667563e-11,-7.079160423778332e-11,-6.989039255778501e-11,-4.627760319006884e-11,0.9999384662268986,0.9999384662268983,-6.989039333058235e-11,-6.989039317200001e-11,-7.610131770263972e-11,-4.627760346840235e-11,0.9999384662268977,-7.079160406031795e-11,0.9999393267041837,0.9999384662268979,-4.627760331480149e-11,0.9999383934990833,-1.437844413460335e-10,0.9999384662268973,-4.6277602750165883e-11,0.9999384662268983,0.9999384662268983,0.9999384662268982,-1.0037518933199078e-14,-7.079160394719226e-11,-4.788374092608783e-11,-1.7653250060697952e-11,0.9999439291425305,0.9999384662268983,-1.293415288888569e-10,-7.079160406334331e-11,-4.788374076519017e-11,-1.437844413083093e-10
0.9999564183035288,0.9999384662268982,-1.7653250787832862e-11,-7.079160420769765e-11,-6.989039248915405e-11,-4.6277603051205724e-11,0.9999384662268989,0.9999384662268975,-6.989039312346612e-11,-6.989039317200001e-11,-7.61013175887634e-11,-4.627760352198467e-11,0.9999384662268969,-7.079160418186538e-11,0.9999393267041837,0.9999384662268983,-4.6277603001067005e-11,0.9999383934990823,-1.4378444125111559e-10,0.9999384662268969,-4.627760252295593e-11,0.9999384662269004,0.999938466226897,0.9999384662268991,-1.0037522565274526e-14,-7.079160394003349e-11,-4.788374091724064e-11,-1.7653250082014877e-11,0.9999384662268983,0.9999439291425334,-1.293415288888569e-10,-7.079160405455285e-11,-4.7883740655962486e-11,-1.437844412739048e-10
-2.741059394992141e-06,-1.293415287207509e-10,4.2032362548954315e-14,-9.14375895605575e-13,-1.3462756353607151e-12,2.902589356090485e-14,-1.293415287207509e-10,-1.293415287207509e-10,-1.3462756365038386e-12,-1.3462756360721236e-12,-7.977409906948498e-13,2.902596951174118e-14,-1.293415288888569e-10,-9.14375895234962e-13,-2.564582203464847e-07,-1.293415287207509e-10,2.902590783670748e-14,-1.2934159470316953e-10,1.4940116180836041e-15,-1.2934152880064235e-10,2.902585637632775e-14,-1.293415287207509e-10,-1.293415287207509e-10,-1.2934152880064235e-10,-7.48326999510995e-14,-9.143758947586636e-13,-5.656869413357758e-14,4.2032312411038586e-14,-1.293415288888569e-10,-1.293415288888569e-10,5.462921602345744e-06,-9.143758952895009e-13,-5.65687741057275e-14,1.4940105289708387e-15
-2.6249662273927406e-06,-7.079160406334331e-11,-4.9149736112779164e-15,-1.9962138339082623e-13,-7.653311395990825e-17,-3.438809047137177e-15,-7.079160406334331e-11,-7.079160409350923e-11,-7.644039235636483e-17,-7.670843507775135e-17,-1.2261118884907126e-16,-3.4387923402933135e-15,-7.07916040320608e-11,-1.9962138304317326e-13,-1.4036733377846282e-07,-7.07916041755688e-11,-3.4387923402933135e-15,-7.079158457169849e-11,-3.0821356692473865e-16,-7.079160405455285e-11,-3.439056776283659e-15,-7.079160406614687e-11,-7.07916041755688e-11,-7.079160408528989e-11,8.29406585045444e-15,-1.9962138255465707e-13,6.238212332102937e-15,-4.914695662379859e-15,-7.079160406334331e-11,-7.079160405455285e-11,-9.143758952895009e-13,5.4629158047605475e-06,6.238367907411119e-15,-3.0826640911082836e-16
-2.57959451208141e-06,-4.7883740739107734e-11,-8.098716705828063e-13,6.23861028057812e-15,1.0416347529534463e-14,-1.1098175696269495e-09,-4.7883740727305695e-11,-4.788374064073855e-11,1.0416685092053528e-14,1.0416769561542232e-14,4.8395585245806624e-15,-5.600074812965195e-13,-4.788374064073855e-11,6.238623501279662e-15,-9.499651864497557e-08,-4.788374076519017e-11,-5.600079678815711e-13,-4.78821880197051e-11,-6.126629807709911e-11,-4.788374075936877e-11,-1.1098175696256215e-09,-4.7883740727305695e-11,-4.788374064073855e-11,-4.788374075936877e-11,2.841288685044089e-09,6.238452503255929e-15,2.1468915967786108e-09,-8.098706675379019e-13,-4.788374076519017e-11,-4.7883740655962486e-11,-5.65687741057275e-14,6.238367907411119e-15,5.465061956197807e-06,-6.12662980770047e-11
-2.769698861736645e-06,-1.437844413083093e-10,4.5305754131997186e-11,-3.082573106494112e-16,-4.273136654622807e-16,3.125529910073349e-11,-1.4378444127238736e-10,-1.4378444141336908e-10,-4.2729696323713536e-16,-4.2733787759066605e-16,-2.8199257010930003e-16,3.1255299101383616e-11,-1.4378444116747785e-10,-3.0818106981655465e-16,-2.850971182785764e-07,-1.4378444116747785e-10,3.125529910119326e-11,-1.4378446939318674e-10,1.5245721219803326e-12,-1.4378444127238736e-10,3.125529910198677e-11,-1.4378444116747785e-10,-1.4378444116747785e-10,-1.43784441177073e-10,-8.1023165923846e-11,-3.081982814668103e-16,-6.12662980757148e-11,4.5305754134604e-11,-1.437844413083093e-10,-1.437844412739048e-10,1.4940105289708387e-15,-3.0826640911082836e-16,-6.12662980770047e-11,5.462917527395424e-06
