1.0000000000076257,4.067488456886699e-07,0.9999998280419237,4.0715081476657316e-07,4.065620275052216e-07,4.247961608219226e-07,4.066198445201207e-07,4.066198445878223e-07,4.0661984424672687e-07,4.0470510711215004e-07,4.13186905305451e-07,0.999998827440293,0.9999988331704243,4.0476378093896824e-07,0.9999998820334765,4.3180264233866213e-07,4.0368011204490287e-07,4.247881521430491e-07,4.0661984442837605e-07,1.0000000651287768,4.0747577866559e-07,4.176769366586751e-07,4.247961614039052e-07,4.152439372152294e-07,4.0296348045361576e-07,4.0656202866191496e-07,1.0000000514544745,4.0661984458534465e-07,4.1301144601430387e-07,4.1397542671097456e-07,4.176926265402535e-07,4.1318690340003783e-07,1.000000065128778,0.9999992427080019,4.067222433572051e-07,4.066198445892479e-07,4.1769262877859706e-07,4.1767693845645745e-07,4.021101141320287e-07,1.000000028810776,4.029634812536007e-07,4.036801127298854e-07,4.176926278655446e-07,1.0000000651287786,4.0560436366642104e-07,4.134842162713041e-07,4.134842162066338e-07,1.0000000656877543,4.088254068787915e-07,4.0368011210407934e-07,4.134842173385906e-07,0.9999998280419244,0.9999993635723279,4.1301144678273443e-07,4.09909418415972e-07,1.0000000443213615,4.086472691907189e-07,4.071969121689297e-07,4.036801121220283e-07,1.0000000651287793,0.9999999899186373,4.107975575857823e-07,4.0368011097698956e-07
4.067488456886699e-07,2.9250943739839325e-07,2.7916800231965102e-11,3.0593470374055963e-15,1.4416918595646843e-18,1.9557091623102002e-18,1.4931458469899901e-18,1.4931458469899901e-18,1.4979663641426095e-18,1.3015919048363547e-18,1.6693288047555065e-18,2.7916772689629773e-11,5.5583859799960476e-08,1.3850716373398141e-18,2.7916801713772807e-11,2.1822355037071546e-18,1.3821173175903712e-18,2.0305658959095372e-18,1.4931458469899901e-18,2.79168066937736e-11,1.6021603680762862e-18,1.7971836870567142e-18,1.949706101217488e-18,3.4867810093884806e-15,2.834624744909425e-15,1.5798782747463156e-18,2.7916806302365524e-11,1.4931458469899901e-18,1.6630633068766485e-18,1.7115262812295834e-18,1.8011475927610606e-18,1.6693288047555065e-18,2.7916806720750954e-11,2.791678406141558e-11,3.036104799411749e-15,1.4979663641426095e-18,1.8249249393597922e-18,1.7971836870567142e-18,2.7854970466914986e-15,2.7916805877050827e-11,2.834624745120514e-15,1.4729291561287184e-18,1.8249249393597922e-18,2.7916806645885473e-11,2.969436582877968e-15,1.7176347120317471e-18,1.7176347120317471e-18,2.7916806781751133e-11,1.5846314981958906e-18,1.3821173175903712e-18,1.7176347120317471e-18,2.7916800245538778e-11,2.7916787428528767e-11,1.6630633068766485e-18,3.201852152301992e-15,5.558392618453861e-08,1.582633669523649e-18,3.0623405878859994e-15,1.3821173175903712e-18,2.79168066937736e-11,2.7916804684481125e-11,1.6107883110117018e-18,1.4729291561287184e-18
0.9999998280419237,2.7916800231965102e-11,1.0000002303647073,2.8118688461931382e-11,2.7822972155199088e-11,7.363123788390513e-08,2.7852010140136596e-11,2.7852009995583776e-11,2.785200993885128e-11,2.689033999773917e-11,3.1150291525749416e-11,0.9999989372532729,0.9999989429834067,2.6919809685786025e-11,0.9999999918468847,4.049997529667792e-11,2.6375540932410566e-11,7.36232293106786e-08,2.785201012179631e-11,1.0000001749422602,2.8281900763226713e-11,3.3405393524838616e-11,7.363123801654745e-08,3.2183427969124715e-11,2.601561585107908e-11,2.782297255304983e-11,1.0000001612679532,2.785200991439778e-11,3.1062169086271305e-11,3.154632385292463e-11,3.3413274061475295e-11,3.115029181505646e-11,1.000000174942261,0.9999993525211514,2.790343940662896e-11,2.78520101163626e-11,3.3413273946243613e-11,3.3405393830119864e-11,2.5587014663507617e-11,1.0000001386242439,2.601561580577743e-11,2.637554128361639e-11,3.34132739606096e-11,1.000000174942262,2.734198886227977e-11,3.12996158242093e-11,3.1299615483411234e-11,1.0000001755012384,2.8959746063348378e-11,2.6375540489154455e-11,3.129961543818128e-11,0.9999999378553123,0.999999473385527,3.106216925471398e-11,2.9504186791181985e-11,1.0000001541348364,2.8870276917529907e-11,2.814184035369316e-11,2.637554067821362e-11,1.0000001749422618,1.0000000997320877,2.9950251309084657e-11,2.6375540487583494e-11
4.0715081476657316e-07,3.0593470374055963e-15,2.8118688461931382e-11,2.9250943951265414e-07,1.4910193357616183e-18,2.041330682344796e-18,1.4972421808210147e-18,1.4972421808210147e-18,1.4476658430979773e-18,2.953977032694029e-15,1.7344675733188231e-18,5.598582988892794e-08,5.5985830203758224e-08,2.957448252330692e-15,2.8118689946837007e-11,2.1929571962029452e-18,1.5010016740351718e-18,2.008940590114386e-18,1.4972421808210147e-18,2.8118694986373135e-11,1.5910940540054438e-18,1.8075717752168693e-18,2.0527156332191985e-18,3.511744546400349e-15,2.8548408604365713e-15,1.478222673313055e-18,2.81186946445374e-11,1.5997190101382844e-18,1.6563007794202518e-18,1.7954431559490075e-18,1.779467751514179e-18,1.7012853147240852e-18,2.8118694986373135e-11,2.8118672201946296e-11,3.057796376311089e-15,1.4972421808210147e-18,1.779467751514179e-18,1.848021507171641e-18,2.80534563295865e-15,2.811869400357171e-11,2.8548408608082707e-15,1.5314183199069336e-18,1.779467751514179e-18,2.8118694986373135e-11,2.9906307956795123e-15,1.7044960828156105e-18,1.7199082649212272e-18,2.811869504044895e-11,1.6590209128916166e-18,1.5314183199069336e-18,1.6955931736752966e-18,2.8118688476315823e-11,2.81186755521253e-11,1.774227504223039e-18,3.2247414521781966e-15,2.8118694460785692e-11,1.5482158720849233e-18,3.08421993581843e-15,1.5010016740351718e-18,2.8118694998391468e-11,2.811869293788426e-11,1.6814818211720577e-18,1.4051946885883538e-18
4.065620275052216e-07,1.4416918595646843e-18,2.7822972155199088e-11,1.4910193357616183e-18,2.925094377515884e-07,1.9919633545469886e-18,3.0165525205976584e-15,3.0165524863548158e-15,3.0165524705893777e-15,1.4929358527196019e-18,1.7270428399000537e-18,5.539704279159002e-08,5.539704310294891e-08,1.5435277896826722e-18,2.7822973698548613e-11,2.194829278878772e-18,1.4637106116377882e-18,2.0095718733535696e-18,3.0165525193970366e-15,2.7822978602464696e-11,1.5214545201606994e-18,1.805788698414123e-18,2.0049337828547036e-18,3.4721480474837015e-15,1.3734158823752394e-18,3.0129956570674694e-15,2.7822978296136964e-11,3.016552473973547e-15,1.7142584564362875e-18,1.7952391924815757e-18,1.8279257548735644e-18,1.7270428399000537e-18,2.7822978582128392e-11,2.7822956075483873e-11,1.4534139524710806e-18,3.0165525194633186e-15,1.8419620067843336e-18,1.8467680734560457e-18,1.3594869058499474e-18,2.7822977659980763e-11,1.4120200908019795e-18,1.4637106116377882e-18,1.8563371718112504e-18,2.7822978602464696e-11,2.9572381708062607e-15,1.681768810099342e-18,1.7159397942380784e-18,2.7822978648699736e-11,1.589821435440747e-18,1.4568607078312506e-18,1.7159397942380784e-18,2.782297211585989e-11,2.7822959411977e-11,1.7191423482361336e-18,3.188657185803016e-15,2.7822978095266185e-11,3.134010364678837e-15,1.5888357706476144e-18,1.466054494851631e-18,2.7822978602464696e-11,2.782297657223154e-11,3.2405770892585887e-15,1.4568607078312506e-18
4.247961608219226e-07,1.9557091623102002e-18,7.363123788390513e-08,2.041330682344796e-18,1.9919633545469886e-18,2.9250943983949376e-07,1.9568762017616017e-18,1.9757818377326116e-18,1.9789523785120434e-18,2.073796967311222e-18,2.283884498173048e-18,7.363116518549125e-08,7.363116559988368e-08,2.0991742560371477e-18,3.698099895332821e-11,2.9290375450725467e-18,1.956414841212524e-18,5.3308217232145315e-15,1.9757818377326116e-18,3.6981005722714373e-11,2.0061817076231315e-18,2.4254750971060817e-18,5.3312634947979916e-15,2.325234588721121e-18,1.9547226417381158e-18,2.0049337828547036e-18,3.6981005262828694e-11,2.0358131059067515e-18,2.2536510117557514e-18,2.3357095377664926e-18,2.4514169638635192e-18,2.038027421888123e-18,3.6981005722714373e-11,7.363119535797718e-08,1.963906726675409e-18,1.9568762017616017e-18,2.4514169638635192e-18,2.4254750971060817e-18,1.8611877938623107e-18,3.6981004323834666e-11,1.8992316919655633e-18,1.8626618331536176e-18,2.4514169638635192e-18,3.6981005660868715e-11,1.9878975282429396e-18,2.1390420681295737e-18,2.1390420681304873e-18,3.698100579754504e-11,1.966100610520922e-18,1.971440232245314e-18,2.2539664081400233e-18,7.363123788390528e-08,3.6980980043486864e-11,2.3100410890208593e-18,2.1437112599563174e-18,3.698100491125079e-11,2.073299545505576e-18,2.0369448043553768e-18,1.8626618331536176e-18,3.6981005716349903e-11,3.698100295970122e-11,2.1602706771012698e-18,1.971440232245314e-18
4.066198445201207e-07,1.4931458469899901e-18,2.7852010140136596e-11,1.4972421808210147e-18,3.0165525205976584e-15,1.9568762017616017e-18,2.925094377451788e-07,3.020111520611601e-15,3.0201115047950466e-15,1.4662604958576984e-18,1.7137346862378078e-18,5.545485903724553e-08,5.5454859348968185e-08,1.4684349163343207e-18,2.7852011644330733e-11,2.2314557342844094e-18,1.4053696640465718e-18,2.0536262262915038e-18,3.0201115537226253e-15,2.7852016695166593e-11,1.478702050133782e-18,1.730356870250763e-18,1.9568762017616017e-18,3.4763202157534174e-15,1.4551160057929538e-18,3.0165525732331658e-15,2.7852016306198326e-11,3.0201115082373e-15,1.6781016088910649e-18,1.7215862772859595e-18,1.761366662512007e-18,1.73566945337215e-18,2.7852016722541583e-11,2.7851994080736576e-11,1.6218951081017034e-18,3.0201115537724076e-15,1.8574198507755915e-18,1.7303568640436325e-18,1.472871183273727e-18,2.78520156229711e-11,1.3603302306859562e-18,1.4053696640466069e-18,1.8574198507755915e-18,2.7852016722541596e-11,2.960748769672607e-15,1.7153114357425794e-18,1.670945192930506e-18,2.7852016712064533e-11,1.5101414485684182e-18,1.4053696640465718e-18,1.670945192930506e-18,2.785201020268451e-11,2.7851997404893606e-11,1.6796027876533116e-18,3.192448475391264e-15,2.7852016112518106e-11,1.631575044341661e-18,1.6095599266183854e-18,1.4010968270399704e-18,2.7852016722541596e-11,2.7852014631780333e-11,3.2444089736947204e-15,1.4053696640466069e-18
4.066198445878223e-07,1.4931458469899901e-18,2.7852009995583776e-11,1.4972421808210147e-18,3.0165524863548158e-15,1.9757818377326116e-18,3.020111520611601e-15,2.925094377451788e-07,3.020111470514375e-15,1.5475494926018586e-18,1.6896245522567142e-18,5.545485868573976e-08,5.545485899746239e-08,1.4684349163343207e-18,2.7852011477872183e-11,2.242629662693761e-18,1.4162362720009343e-18,2.1096906168380293e-18,3.020111519441954e-15,2.7852016556412784e-11,1.5589794515072853e-18,1.8320768415342663e-18,1.978952378512043e-18,3.47632017631217e-15,1.3603302306859562e-18,3.016552538990323e-15,2.7852016122827125e-11,3.020111473956624e-15,1.6781016088910649e-18,1.7215862772859595e-18,1.8574198507755915e-18,1.7137346862378078e-18,2.7852016481146544e-11,2.785199390334233e-11,1.5154997915095017e-18,3.0201115194917426e-15,1.8574198507755915e-18,1.7303568640436325e-18,1.4375581304975079e-18,2.7852015482215032e-11,1.3603302306859562e-18,1.3839974430601358e-18,1.813053166144464e-18,2.7852016481146544e-11,2.960748735939503e-15,1.7153114357425794e-18,1.754745152046156e-18,2.785201653066359e-11,1.5101414485684182e-18,1.4010968270399704e-18,1.670945192930506e-18,2.785200995831959e-11,2.7851997289575975e-11,1.7315307968518464e-18,3.1924484389254148e-15,2.7852015910898654e-11,1.631575044345945e-18,1.4919197542770728e-18,1.4053696640466069e-18,2.785201653926632e-11,2.7852014439385797e-11,3.244408936765995e-15,1.4010968270399704e-18
4.0661984424672687e-07,1.4979663641426095e-18,2.785200993885128e-11,1.4476658430979773e-18,3.0165524705893777e-15,1.9789523785120434e-18,3.0201115047950466e-15,3.020111470514375e-15,2.925094377451788e-07,1.4587661967211274e-18,1.7137346862378078e-18,5.545485857643728e-08,5.5454858888160033e-08,1.4684349163343207e-18,2.7852011421234464e-11,2.2030528884121064e-18,1.4043319106213602e-18,2.0091228938269218e-18,3.020111503625388e-15,2.78520164557267e-11,1.5589794515072853e-18,1.7303568640436325e-18,2.0358131059067515e-18,3.4763201586712123e-15,1.410324431134126e-18,3.0165525232248835e-15,2.7852016079454747e-11,3.0201114581400725e-15,1.6781016088910649e-18,1.7215862772859595e-18,1.8574198507755915e-18,1.7419035675476284e-18,2.78520164557267e-11,2.7851993892261073e-11,1.6218951081017034e-18,3.0201115036751793e-15,1.8574198507755915e-18,1.8321618037150227e-18,1.4890483257740045e-18,2.785201541005868e-11,1.3603302306859562e-18,1.4053696640465718e-18,1.761366662512007e-18,2.78520164557267e-11,2.9607487206638076e-15,1.670945192930506e-18,1.670945192930506e-18,2.7852016463329594e-11,1.5643488639936201e-18,1.4162362720009343e-18,1.6493230667504262e-18,2.785200993885128e-11,2.785199720958468e-11,1.6781016088910649e-18,3.192448422445584e-15,2.7852015872351572e-11,1.5751860318495576e-18,1.4919197542770728e-18,1.4219056146187856e-18,2.7852016505653567e-11,2.7852014360899873e-11,3.2444089198367105e-15,1.4053696640465718e-18
4.0470510711215004e-07,1.3015919048363547e-18,2.689033999773917e-11,2.953977032694029e-15,1.4929358527196019e-18,2.073796967311222e-18,1.4662604958576984e-18,1.5475494926018586e-18,1.4587661967211274e-18,2.925094383890632e-07,1.6469216761974397e-18,2.689031348293898e-11,5.354012227642618e-08,2.8350585201800203e-15,2.6890341450439215e-11,2.1282176687469233e-18,1.385852523246025e-18,2.0409072625674363e-18,1.5050966642319734e-18,2.689034632656939e-11,1.4885736619939724e-18,1.7087451178583888e-18,2.073796967311222e-18,1.6932383096110343e-18,1.2951200771684287e-18,1.4529951749579092e-18,2.6890345982275057e-11,1.4662604958576984e-18,1.5395026224111188e-18,1.5658130483623402e-18,1.7025524361530378e-18,1.687498528642546e-18,2.6890346415709404e-11,2.6890324521954424e-11,1.5098410585119506e-18,1.5050966642319734e-18,1.690563914585245e-18,1.76763037231345e-18,1.3713549310253278e-18,2.689034540061756e-11,1.2406459555854688e-18,1.385852523246025e-18,1.7025524361530378e-18,2.6890346415709404e-11,1.4830820135568795e-18,1.6330231066393855e-18,1.6330231066393855e-18,2.6890346428480164e-11,1.5817343560117975e-18,1.385852523246025e-18,1.6330231066393855e-18,2.689033999773917e-11,2.689032772738743e-11,1.6071835817483109e-18,1.5611129404294857e-18,2.6890345864137965e-11,1.7733047674446783e-18,2.9568487146875103e-15,1.385852523246025e-18,2.689034639603475e-11,2.6890344327983015e-11,1.5684474688320367e-18,1.385852523246025e-18
4.13186905305451e-07,1.6693288047555065e-18,3.1150291525749416e-11,1.7344675733188231e-18,1.7270428399000537e-18,2.283884498173048e-18,1.7137346862378078e-18,1.6896245522567142e-18,1.7137346862378078e-18,1.6469216761974397e-18,2.9250943841541136e-07,3.115026079955274e-11,6.20219158218396e-08,1.7080808493246399e-18,3.115029324199009e-11,2.439304899962405e-18,1.5963243131450295e-18,2.2895624788740676e-18,1.7137346862378078e-18,3.115029894771964e-11,1.7726397893437716e-18,1.9057572401245534e-18,2.038027421888123e-18,1.9634955016415624e-18,1.5956536511488961e-18,1.750730685468355e-18,3.115029854013418e-11,1.7137346113763552e-18,3.775030329717797e-15,1.9901064515822874e-18,1.950058404776796e-18,3.78591404346603e-15,3.115029891658515e-11,6.20219408911846e-08,1.6198500287958614e-18,1.7419035675476284e-18,1.950058404776796e-18,1.9057572401245534e-18,1.5276683802365662e-18,3.115029764322463e-11,1.5337428794697599e-18,1.5963243131450295e-18,2.105998507397396e-18,3.115029884497958e-11,1.66370991459581e-18,1.7792585527711307e-18,1.8690297374801218e-18,3.115029890858006e-11,1.6657844099956699e-18,1.6867982418841338e-18,1.7792585527711307e-18,3.1150291528874045e-11,6.20219482888274e-08,3.775030350611019e-15,1.8174690925525917e-18,3.115029828713814e-11,1.7724469922394592e-18,1.7163242276671159e-18,1.7122321077101578e-18,3.115029894684127e-11,3.115029656633087e-11,1.787980090264238e-18,1.6867982418841338e-18
0.999998827440293,2.7916772689629773e-11,0.9999989372532729,5.598582988892794e-08,5.539704279159002e-08,7.363116518549125e-08,5.545485903724553e-08,5.545485868573976e-08,5.545485857643728e-08,2.689031348293898e-11,3.115026079955274e-11,0.9999982291616328,0.9999979423823576,2.6919783187440752e-11,0.9999989912447952,8.063764144547437e-08,2.637551488819983e-11,7.362315661856773e-08,5.5454859015515e-08,0.9999991743399891,2.828187283741551e-11,6.651194562757803e-08,7.363116531813355e-08,6.407894611976784e-08,2.6015590201554694e-11,5.5397043540546027e-08,0.9999991606656952,5.5454858527762225e-08,3.106213843599139e-11,3.1546292655905224e-11,6.652763612430422e-08,3.115026098960205e-11,0.9999991743399888,0.9999983519196953,2.790341185705581e-11,5.545485900400448e-08,6.652763589024667e-08,6.651194611269897e-08,2.5586989510806982e-11,0.9999991380220069,2.60155901565336e-11,2.6375515266653528e-11,6.652763586272618e-08,0.9999991743399907,5.4439379090697066e-08,3.129958484439178e-11,3.129958454017958e-11,0.9999991748989645,2.895971746038264e-11,2.637551445331309e-11,3.1299584437924186e-11,0.9999989372532756,0.9999984727839517,3.106213867366344e-11,5.8744432003855434e-08,0.9999991535325844,5.748228307271685e-08,5.60319264726227e-08,2.637551466030703e-11,0.9999991743399897,0.9999990991298909,5.963257052806391e-08,2.6375514448633343e-11
0.9999988331704243,5.5583859799960476e-08,0.9999989429834067,5.5985830203758224e-08,5.539704310294891e-08,7.363116559988368e-08,5.5454859348968185e-08,5.545485899746239e-08,5.5454858888160033e-08,5.354012227642618e-08,6.20219158218396e-08,0.9999979423823576,0.9999982406218895,5.359879809901488e-08,0.9999989969749298,8.063764189867719e-08,5.251512943839132e-08,7.362315703292723e-08,5.545485932723769e-08,0.9999991800701246,5.6310794729888206e-08,6.651194600156955e-08,7.36311657325261e-08,6.40789464791016e-08,5.179849918470964e-08,5.539704385190489e-08,0.9999991663958295,5.545485883948503e-08,6.184645925858185e-08,6.281043747226648e-08,6.652763649839259e-08,6.202191620576446e-08,0.9999991800701247,0.9999983576498256,5.5557257691172425e-08,5.545485931572716e-08,6.652763626433514e-08,6.65119464866904e-08,5.094513124179334e-08,0.9999991437521437,5.17984990984644e-08,5.2515130194198184e-08,6.652763623681472e-08,0.9999991800701266,5.443937939632319e-08,6.23192283755779e-08,6.231922777888504e-08,0.9999991806291015,5.766042134236298e-08,5.251512858394654e-08,6.23192275773747e-08,0.9999989429834092,0.9999984785140841,6.184645969682015e-08,5.874443233362271e-08,0.9999991592627211,5.7482283396504804e-08,5.6031926787761166e-08,5.251512899363527e-08,0.9999991800701253,0.9999991048600275,5.963257086313908e-08,5.251512856965056e-08
4.0476378093896824e-07,1.3850716373398141e-18,2.6919809685786025e-11,2.957448252330692e-15,1.5435277896826722e-18,2.0991742560371477e-18,1.4684349163343207e-18,1.4684349163343207e-18,1.4684349163343207e-18,2.8350585201800203e-15,1.7080808493246399e-18,2.6919783187440752e-11,5.359879809901488e-08,2.925094373784874e-07,2.691981120471951e-11,2.0505119427360237e-18,1.3340244799149893e-18,2.042504990974886e-18,1.489150613707e-18,2.691981616712447e-11,1.4639035069411921e-18,1.7513219492210106e-18,2.0146697411751612e-18,1.6880571759349102e-18,1.2939095741251527e-18,1.4718563765855222e-18,2.691981585935648e-11,1.4684349163343207e-18,1.6611153017223786e-18,1.725771710911766e-18,1.6317059892378916e-18,1.6886254477462345e-18,2.691981616712447e-11,2.6919794232775965e-11,1.4150980554019896e-18,1.468434558124194e-18,1.6317059892378916e-18,1.7513219492210106e-18,1.3457263324860788e-18,2.691981516257944e-11,1.2939095741251527e-18,1.3340244799149893e-18,1.6317059892378916e-18,2.691981616712447e-11,1.4372351069113007e-18,1.6775053027964792e-18,1.6775053027964792e-18,2.691981612432415e-11,1.4284463229159076e-18,1.3340244799149893e-18,1.5926812213749804e-18,2.6919809685786025e-11,2.6919797455396336e-11,1.6443232344379006e-18,1.559524589972403e-18,2.691981550040224e-11,1.6202503182535752e-18,1.4647736335681575e-18,1.3340244799149893e-18,2.691981616707338e-11,2.6919814112659196e-11,1.5843557874745735e-18,1.2697963709648259e-18
0.9999998820334765,2.7916801713772807e-11,0.9999999918468847,2.8118689946837007e-11,2.7822973698548613e-11,3.698099895332821e-11,2.7852011644330733e-11,2.7852011477872183e-11,2.7852011421234464e-11,2.6890341450439215e-11,3.115029324199009e-11,0.9999989912447952,0.9999989969749298,2.691981120471951e-11,1.0000003383478646,4.0499977450200566e-11,2.6375542293033952e-11,3.6976976736299665e-11,2.7852011608280502e-11,1.0000002289338488,2.8281902220199768e-11,3.3405395381979246e-11,3.6980999018829015e-11,3.218342977051795e-11,2.6015617304732424e-11,2.782297409205594e-11,1.0000002152595409,2.785201139524726e-11,3.106217078266216e-11,3.1546325576841446e-11,3.341327585946488e-11,3.1150293434938725e-11,1.0000002289338497,0.9999994065126957,2.7903440887906504e-11,2.7852011591351475e-11,3.341327574760975e-11,3.340539565817766e-11,2.5587016058938514e-11,1.0000001926158302,2.601561720647803e-11,2.6375542683787847e-11,3.3413275717502416e-11,1.0000002289338512,2.7341990332230406e-11,6.231929289331768e-08,6.231929229662415e-08,1.0000002294928256,2.8959747619384486e-11,2.63755418559109e-11,6.231929209511348e-08,0.9999999918468888,0.9999995273770792,3.106217097522855e-11,2.950418833825588e-11,1.0000002081264243,2.8870278459704512e-11,2.814184180951557e-11,2.6375542102961732e-11,1.000000228933851,1.0000001537236731,2.995025285870079e-11,2.637554188415336e-11
4.3180264233866213e-07,2.1822355037071546e-18,4.049997529667792e-11,2.1929571962029452e-18,2.194829278878772e-18,2.9290375450725467e-18,2.2314557342844094e-18,2.242629662693761e-18,2.2030528884121064e-18,2.1282176687469233e-18,2.439304899962405e-18,8.063764144547437e-08,8.063764189867719e-08,2.0505119427360237e-18,4.0499977450200566e-11,2.9250944058304877e-07,2.035082461372743e-18,2.877803261031838e-18,2.241562662236534e-18,4.0499984838203963e-11,2.1265583812665304e-18,5.26412639341308e-15,2.8667579111700144e-18,5.0585062682619826e-15,1.9766381053430542e-18,2.1884022000783076e-18,8.063773873993552e-08,2.191302496476511e-18,2.5214028400596028e-18,2.504647961906348e-18,5.265459701475798e-15,2.439304899962405e-18,4.049998481350763e-11,8.063767445608458e-08,2.1797184203935726e-18,2.2030528884121064e-18,5.265459684293776e-15,5.2641264596717625e-15,2.0383878660011954e-18,4.049998331796045e-11,2.0652163144011188e-18,2.1881962421214912e-18,5.265459675259772e-15,4.049998481350763e-11,2.147885901636061e-18,2.45581409641521e-18,2.484552665477512e-18,4.049998489523719e-11,2.301653944317796e-18,2.1260407076418208e-18,2.45581409641521e-18,4.049997529667792e-11,8.063768406325097e-08,2.5915101367045576e-18,2.3304096238782514e-18,4.04999840245284e-11,2.3605835154633265e-18,2.25955743884391e-18,2.082958332172294e-18,4.049998481390861e-11,8.06377338486669e-08,2.3759331728960165e-18,2.1881962421214912e-18
4.0368011204490287e-07,1.3821173175903712e-18,2.6375540932410566e-11,1.5010016740351718e-18,1.4637106116377882e-18,1.956414841212524e-18,1.4053696640465718e-18,1.4162362720009343e-18,1.4043319106213602e-18,1.385852523246025e-18,1.5963243131450295e-18,2.637551488819983e-11,5.251512943839132e-08,1.3340244799149893e-18,2.6375542293033952e-11,2.035082461372743e-18,2.925094371996492e-07,1.9597747348808974e-18,1.4198938850277721e-18,2.637554708483447e-11,2.912909675716567e-15,1.7694761802355106e-18,1.956414841212524e-18,1.6696134321945829e-18,1.333595526875191e-18,1.5107702042119714e-18,2.63755467150274e-11,1.3839974430601358e-18,1.6432428939519531e-18,1.5465375866954512e-18,1.7073266589119432e-18,1.5963243131450295e-18,2.637554705911773e-11,2.6375525692963917e-11,1.466267234943315e-18,1.3839974430601358e-18,1.7073266589119432e-18,1.7624982779007704e-18,2.635790962790266e-15,2.637554606632182e-11,1.333595526875191e-18,2.7199913748471164e-15,1.6951223056737818e-18,2.6375547070109698e-11,1.4319703130842157e-18,1.6430864490649444e-18,1.717407584422779e-18,2.6375547147659056e-11,1.51666935960741e-18,2.719991282453978e-15,1.6163623839541288e-18,2.637554093341582e-11,2.6375528832126307e-11,1.5788301286532593e-18,1.531336032386979e-18,2.6375546529747988e-11,1.3540773480394189e-18,1.480471646294178e-18,2.7199913127534086e-15,2.6375547097690985e-11,2.6375545117321098e-11,1.5222477292579252e-18,2.7199912957366087e-15
4.247881521430491e-07,2.0305658959095372e-18,7.36232293106786e-08,2.008940590114386e-18,2.0095718733535696e-18,5.3308217232145315e-15,2.0536262262915038e-18,2.1096906168380293e-18,2.0091228938269218e-18,2.0409072625674363e-18,2.2895624788740676e-18,7.362315661856773e-08,7.362315703292723e-08,2.042504990974886e-18,3.6976976736299665e-11,2.877803261031838e-18,1.9597747348808974e-18,2.925094398383691e-07,2.05577080298785e-18,3.697698333132109e-11,1.984167099379185e-18,2.451176081292912e-18,5.330821742144017e-15,4.620813141250583e-15,1.807820755897664e-18,1.99186794518076e-18,3.6976982777984725e-11,1.9481615161775894e-18,2.3516452961200484e-18,2.3230120660583765e-18,2.559585161430337e-18,2.2214296638782378e-18,3.697698333382503e-11,7.36231867884361e-08,2.0275428535516488e-18,1.9481615161775894e-18,2.559585161430337e-18,2.451176081292912e-18,1.836388104591684e-18,3.6976982054809654e-11,1.8097729261928616e-18,1.910462298035997e-18,2.559585161430337e-18,3.697698342064134e-11,1.958640659919009e-18,2.3325987387520754e-18,2.3325987387520754e-18,3.697698343573536e-11,2.034237352775515e-18,1.955094967800834e-18,2.189223170505617e-18,7.362322931067883e-08,3.6976957796352605e-11,2.429007810145344e-18,2.1251819935847824e-18,3.6976982631332704e-11,2.097165861823159e-18,2.0741547995876723e-18,1.910462298035997e-18,3.6976983346322416e-11,3.697698062750208e-11,4.3094465995100776e-15,1.910462298035997e-18
4.0661984442837605e-07,1.4931458469899901e-18,2.785201012179631e-11,1.4972421808210147e-18,3.0165525193970366e-15,1.9757818377326116e-18,3.0201115537226253e-15,3.020111519441954e-15,3.020111503625388e-15,1.5050966642319734e-18,1.7137346862378078e-18,5.5454859015515e-08,5.545485932723769e-08,1.489150613707e-18,2.7852011608280502e-11,2.241562662236534e-18,1.4198938850277721e-18,2.05577080298785e-18,2.925094377451788e-07,2.785201667985389e-11,1.5008253418788274e-18,1.70430060424045e-18,2.0358131059067515e-18,3.4763202138296093e-15,1.3787052990301958e-18,3.0165525720325396e-15,2.785201628120502e-11,3.0201115070676535e-15,1.7315307968518464e-18,1.7215862772859595e-18,1.8574198507755915e-18,1.7137346113763552e-18,2.7852016703351255e-11,2.7851994122134788e-11,1.532250897979435e-18,3.0201115526027663e-15,1.8077448906148994e-18,1.730356870250763e-18,1.4375581304978081e-18,2.7852015645471824e-11,1.373472057761506e-18,1.4053696640466069e-18,1.8574198507755915e-18,2.7852016722172855e-11,2.9607487682326957e-15,1.7153114357425794e-18,1.670945192930506e-18,2.785201671220047e-11,1.5822208132509572e-18,1.4010968270399704e-18,1.670945192930506e-18,2.7852010155646133e-11,2.7851997423544445e-11,1.6775447053323373e-18,3.192448473771071e-15,2.7852016076678376e-11,1.631575044345945e-18,1.5024524266499893e-18,1.4010968270399704e-18,2.7852016673907535e-11,2.7852014573316658e-11,3.244408972301845e-15,1.4053696640465718e-18
1.0000000651287768,2.79168066937736e-11,1.0000001749422602,2.8118694986373135e-11,2.7822978602464696e-11,3.6981005722714373e-11,2.7852016695166593e-11,2.7852016556412784e-11,2.78520164557267e-11,2.689034632656939e-11,3.115029894771964e-11,0.9999991743399891,0.9999991800701246,2.691981616712447e-11,1.0000002289338488,4.0499984838203963e-11,2.637554708483447e-11,3.697698333132109e-11,2.785201667985389e-11,1.0000007045386659,2.828190741755184e-11,3.3405401450215704e-11,3.698100565913902e-11,3.2183435555522484e-11,2.6015621926980157e-11,2.7822978994687308e-11,1.0000003983549555,2.7852016447982395e-11,3.106217634185699e-11,3.1546331258670647e-11,3.341328189551811e-11,3.1150299109866505e-11,1.0000004120292678,0.9999995896079639,2.7903445948302427e-11,2.7852016702042943e-11,3.34132817338892e-11,3.3405401714348484e-11,2.558702067210139e-11,1.0000003757112423,2.6015621865940632e-11,2.637554744059596e-11,3.3413281757971126e-11,1.0000004120292678,2.7341995211659916e-11,3.1299623143368475e-11,3.12996228971138e-11,1.0000004125882445,2.89597528084661e-11,2.6375546622912307e-11,3.12996227095122e-11,1.0000001749422633,0.9999997104723684,3.106217667214045e-11,2.95041936303644e-11,1.0000003912218374,2.887028365624145e-11,2.8141846852344492e-11,2.637554682988973e-11,1.0000004120292676,1.0000003368190766,2.995025834046125e-11,2.637554656065814e-11
4.0747577866559e-07,1.6021603680762862e-18,2.8281900763226713e-11,1.5910940540054438e-18,1.5214545201606994e-18,2.0061817076231315e-18,1.478702050133782e-18,1.5589794515072853e-18,1.5589794515072853e-18,1.4885736619939724e-18,1.7726397893437716e-18,2.828187283741551e-11,5.6310794729888206e-08,1.4639035069411921e-18,2.8281902220199768e-11,2.1265583812665304e-18,2.912909675716567e-15,1.984167099379185e-18,1.5008253418788274e-18,2.828190741755184e-11,2.9250943774027846e-07,1.8380651656685192e-18,1.9977245911696626e-18,1.790116545187278e-18,1.4089240999006506e-18,1.5727101434700865e-18,2.8281907023991783e-11,1.4779628201372343e-18,1.6984698304239202e-18,1.826802551176914e-18,1.8475343572613782e-18,1.677954282118731e-18,2.828190741992909e-11,2.8281884421550643e-11,1.5522739551419498e-18,1.4779628201372343e-18,1.8283821208465856e-18,1.817633859392389e-18,2.8227367158712554e-15,2.8281906341554546e-11,1.4096939513147582e-18,2.912909718157581e-15,1.8535082990691694e-18,2.8281907378146425e-11,1.4770029958890721e-18,1.625264096550747e-18,1.625264096550747e-18,5.6310863182467394e-08,1.6954304279714763e-18,2.9129096188660202e-15,1.625264096550747e-18,2.8281900773042478e-11,2.8281887795914897e-11,1.6984698304239202e-18,1.6274981239797875e-18,2.8281906811747868e-11,1.6530223928717124e-18,1.5248216932188767e-18,2.9129096514204907e-15,2.8281907378146425e-11,2.8281905291895184e-11,1.6500017173408404e-18,2.9129096330791275e-15
4.176769366586751e-07,1.7971836870567142e-18,3.3405393524838616e-11,1.8075717752168693e-18,1.805788698414123e-18,2.4254750971060817e-18,1.730356870250763e-18,1.8320768415342663e-18,1.7303568640436325e-18,1.7087451178583888e-18,1.9057572401245534e-18,6.651194562757803e-08,6.651194600156955e-08,1.7513219492210106e-18,3.3405395381979246e-11,5.26412639341308e-15,1.7694761802355106e-18,2.451176081292912e-18,1.70430060424045e-18,3.3405401450215704e-11,1.8380651656685192e-18,2.9250943843563814e-07,2.3498694374577023e-18,4.167296549340048e-15,1.568107407965827e-18,1.8467680734560457e-18,3.340540103169651e-11,1.730356870250763e-18,1.9298673730715313e-18,2.0258617543147983e-18,4.341686582748839e-15,1.9303264270232717e-18,3.340540142450006e-11,6.651197286410217e-08,1.854929837562648e-18,1.730356870250763e-18,4.3416865685948805e-15,4.340548280000114e-15,1.63607085993085e-18,3.340540026140409e-11,1.627870837866191e-18,1.743611886460263e-18,4.3416865610598145e-15,3.340540147516149e-11,1.7851792293833464e-18,2.0059300792020064e-18,2.0131421022903668e-18,3.3405401377438215e-11,1.8903784938692585e-18,1.7024892350485806e-18,2.0059300792020064e-18,3.3405393555727227e-11,6.651198079081685e-08,4.042388804886988e-15,1.9053069445036833e-18,3.3405400742026916e-11,1.810841245616919e-18,1.7940974973790493e-18,1.6804418608255168e-18,3.340540142178211e-11,3.340539899637234e-11,1.974403954294183e-18,1.7024892350485806e-18
4.247961614039052e-07,1.949706101217488e-18,7.363123801654745e-08,2.0527156332191985e-18,2.0049337828547036e-18,5.3312634947979916e-15,1.9568762017616017e-18,1.978952378512043e-18,2.0358131059067515e-18,2.073796967311222e-18,2.038027421888123e-18,7.363116531813355e-08,7.36311657325261e-08,2.0146697411751612e-18,3.6980999018829015e-11,2.8667579111700144e-18,1.956414841212524e-18,5.330821742144017e-15,2.0358131059067515e-18,3.698100565913902e-11,1.9977245911696626e-18,2.3498694374577023e-18,2.9250943983949376e-07,2.3364973816621628e-18,1.9505200008516485e-18,1.993704301414941e-18,3.698100523674827e-11,1.9757818377326116e-18,2.2536510117557514e-18,2.280079397371281e-18,2.504335607319363e-18,2.038027421888123e-18,3.698100569347403e-11,7.363119549061963e-08,2.0177489940928243e-18,2.0358131059067515e-18,2.443408839401861e-18,2.3498694374577023e-18,1.8612617369234353e-18,3.698100433802673e-11,1.8992316919655633e-18,1.8626618331536176e-18,2.443408839401861e-18,3.698100569347403e-11,1.975307352081837e-18,2.2539664081400233e-18,2.1390420681304873e-18,3.698100578139823e-11,2.1524467711985916e-18,1.957447737273662e-18,2.1390420681304873e-18,7.363123801654768e-08,3.698098013173849e-11,2.2536510117557514e-18,2.1340856991418937e-18,3.698100489844039e-11,1.90442635872629e-18,1.950647775235794e-18,1.957447737273662e-18,3.698100569347403e-11,3.698100299440056e-11,2.160281121960491e-18,1.9317968187487765e-18
4.152439372152294e-07,3.4867810093884806e-15,3.2183427969124715e-11,3.511744546400349e-15,3.4721480474837015e-15,2.325234588721121e-18,3.4763202157534174e-15,3.47632017631217e-15,3.4763201586712123e-15,1.6932383096110343e-18,1.9634955016415624e-18,6.407894611976784e-08,6.40789464791016e-08,1.6880571759349102e-18,3.218342977051795e-11,5.0585062682619826e-15,1.6696134321945829e-18,4.620813141250583e-15,3.4763202138296093e-15,3.2183435555522484e-11,1.790116545187278e-18,4.167296549340048e-15,2.3364973816621628e-18,2.9250943933580303e-07,3.2540233293666356e-15,3.4721481104682416e-15,3.218343507266483e-11,3.47632016161701e-15,1.9526683014915033e-18,1.982881409453981e-18,4.1684106230434626e-15,1.9583660350599904e-18,3.218343550730897e-11,6.407897230645844e-08,3.4849905360935905e-15,3.4763202142279766e-15,4.168410610171073e-15,4.167296599986111e-15,3.196898172895172e-15,3.218343431816215e-11,3.254023332242494e-15,1.6696134321945829e-18,4.1684106029945634e-15,3.218343553519437e-11,3.4070551567792733e-15,1.9591175011408375e-18,1.952027947778677e-18,3.218343552439843e-11,1.8255937888499757e-18,1.6696134321945829e-18,1.9622896559425003e-18,3.218342798145155e-11,6.407897992756714e-08,1.9305430193541346e-18,3.672772714370716e-15,3.2183434844749215e-11,3.613427900818998e-15,3.5152835564731926e-15,1.6696134321945829e-18,3.2183435555522484e-11,3.218343317935214e-11,3.733534322366635e-15,1.653629151518573e-18
4.0296348045361576e-07,2.834624744909425e-15,2.601561585107908e-11,2.8548408604365713e-15,1.3734158823752394e-18,1.9547226417381158e-18,1.4551160057929538e-18,1.3603302306859562e-18,1.410324431134126e-18,1.2951200771684287e-18,1.5956536511488961e-18,2.6015590201554694e-11,5.179849918470964e-08,1.2939095741251527e-18,2.6015617304732424e-11,1.9766381053430542e-18,1.333595526875191e-18,1.807820755897664e-18,1.3787052990301958e-18,2.6015621926980157e-11,1.4089240999006506e-18,1.568107407965827e-18,1.9505200008516485e-18,3.2540233293666356e-15,2.92509437604578e-07,1.3734158823457045e-18,2.6015621549452625e-11,1.4062908035520732e-18,1.648968720332644e-18,1.572996478602126e-18,1.7552920002529592e-18,1.5337428794697599e-18,2.6015621894920145e-11,2.6015600831248807e-11,2.8331884252398296e-15,1.3603302306859562e-18,1.6511602139845664e-18,1.669051851084143e-18,2.5992219572906222e-15,2.601562100343776e-11,2.64508905721542e-15,1.3498204056892245e-18,1.6896612476265101e-18,2.601562189858418e-11,2.7709432997930883e-15,1.6021527440853875e-18,1.606993023784978e-18,2.6015621969260815e-11,1.4836543198548282e-18,1.333595526875191e-18,1.606993023784978e-18,2.6015615832417586e-11,2.6015603927978056e-11,1.6238715344095466e-18,2.987970547906393e-15,2.6015621359288742e-11,1.4508190539040641e-18,2.857642052186545e-15,1.3498204056892245e-18,2.601562192759731e-11,2.6015620002992028e-11,1.5556040526127734e-18,1.4051550143985487e-18
4.0656202866191496e-07,1.5798782747463156e-18,2.782297255304983e-11,1.478222673313055e-18,3.0129956570674694e-15,2.0049337828547036e-18,3.0165525732331658e-15,3.016552538990323e-15,3.0165525232248835e-15,1.4529951749579092e-18,1.750730685468355e-18,5.5397043540546027e-08,5.539704385190489e-08,1.4718563765855222e-18,2.782297409205594e-11,2.1884022000783076e-18,1.5107702042119714e-18,1.99186794518076e-18,3.0165525720325396e-15,2.7822978994687308e-11,1.5727101434700865e-18,1.8467680734560457e-18,1.993704301414941e-18,3.4721481104682416e-15,1.3734158823457045e-18,2.925094377515884e-07,2.7822978652355406e-11,3.016552526609051e-15,1.7343554352564348e-18,1.735820435407443e-18,1.8419620067843336e-18,1.750730685468355e-18,2.7822979000260108e-11,2.7822956558574018e-11,1.419402591267377e-18,3.0165525720988216e-15,1.813580327876332e-18,1.8198560149332673e-18,1.3099657710021315e-18,2.7822978063420963e-11,1.4337254856941346e-18,1.5107702042119714e-18,1.8279257548735644e-18,2.7822978992847645e-11,2.95723822360314e-15,1.6621178515877292e-18,1.6517069668032835e-18,2.782297905611219e-11,1.6581858183484713e-18,1.4864998395754644e-18,1.6652470714423765e-18,2.78229725496692e-11,2.7822959765848226e-11,1.7160768344467189e-18,3.1886572428734528e-15,2.782297847101003e-11,3.134010417359924e-15,1.5038358680567657e-18,1.4637106116377882e-18,2.7822978994687308e-11,2.7822976924963025e-11,3.2405771462418556e-15,1.4567732345358805e-18
1.0000000514544745,2.7916806302365524e-11,1.0000001612679532,2.81186946445374e-11,2.7822978296136964e-11,3.6981005262828694e-11,2.7852016306198326e-11,2.7852016122827125e-11,2.7852016079454747e-11,2.6890345982275057e-11,3.115029854013418e-11,0.9999991606656952,0.9999991663958295,2.691981585935648e-11,1.0000002152595409,8.063773873993552e-08,2.63755467150274e-11,3.6976982777984725e-11,2.785201628120502e-11,1.0000003983549555,2.8281907023991783e-11,3.340540103169651e-11,3.698100523674827e-11,3.218343507266483e-11,2.6015621549452625e-11,2.7822978652355406e-11,1.0000006771900425,2.7852016052017618e-11,3.106217596254472e-11,3.1546330710299467e-11,3.341328150304543e-11,3.115029867377085e-11,1.0000003983549568,0.9999995759336652,2.7903445530953186e-11,2.785201629652013e-11,3.3413281311111454e-11,3.3405401241010916e-11,2.558702034672482e-11,1.0000003620369309,2.6015621490886118e-11,2.6375547066402145e-11,3.341328136461499e-11,1.0000003983549586,2.734199485651722e-11,3.129962255709022e-11,3.129962239805502e-11,1.000000398913933,2.8959752549734336e-11,2.6375546295230717e-11,3.1299622206051007e-11,1.0000001612679559,0.9999996967980666,3.1062176252612865e-11,2.950419324484097e-11,1.0000003775475268,2.8870283284750575e-11,2.8141846522964242e-11,2.6375546458669848e-11,1.0000003983549575,1.0000003231447674,2.995025786800112e-11,2.6375546259360912e-11
4.0661984458534465e-07,1.4931458469899901e-18,2.785200991439778e-11,1.5997190101382844e-18,3.016552473973547e-15,2.0358131059067515e-18,3.0201115082373e-15,3.020111473956624e-15,3.0201114581400725e-15,1.4662604958576984e-18,1.7137346113763552e-18,5.5454858527762225e-08,5.545485883948503e-08,1.4684349163343207e-18,2.785201139524726e-11,2.191302496476511e-18,1.3839974430601358e-18,1.9481615161775894e-18,3.0201115070676535e-15,2.7852016447982395e-11,1.4779628201372343e-18,1.730356870250763e-18,1.9757818377326116e-18,3.47632016161701e-15,1.4062908035520732e-18,3.016552526609051e-15,2.7852016052017618e-11,2.925094377451788e-07,1.6781016088910649e-18,1.7215862772859595e-18,1.8574198507755915e-18,1.7419035675476284e-18,2.7852016467756936e-11,2.785199381366884e-11,1.4766663426527812e-18,3.0201115071174366e-15,1.8574198507755915e-18,1.730356870250763e-18,1.4890483257740045e-18,2.7852015431887182e-11,1.3603302306859562e-18,1.3915328540709012e-18,1.8574198507755915e-18,2.7852016447982395e-11,2.960748723586938e-15,1.7153114357425794e-18,1.7153114357425794e-18,2.785201645081909e-11,1.5643488639936201e-18,1.418737678655808e-18,1.6493230667504262e-18,2.785200990970702e-11,2.785199721946272e-11,1.7315307968518464e-18,3.1924484255570166e-15,2.7852015883849738e-11,1.631575044341661e-18,1.5053796818872303e-18,1.3915328540709012e-18,2.7852016445451678e-11,2.7852014351604702e-11,3.244408923374474e-15,1.418737678655808e-18
