0.9999999999988197,0.9999999988924884,6.171821851751104e-13,2.1762936519341715e-10,2.2523415878814455e-10,1.0288791856606797e-10,1.1685029497870046e-12,0.9999999978152873,9.137847617011544e-11,1.3039882478330908e-10,1.1016069233192655e-10,8.110727155976709e-12,0.9999999981350454,1.363550277089995e-10,7.177422454338646e-11,4.260319726703564e-11,7.177591096971262e-11,1.3582276908369105e-10,1.6539486639082264e-11,1.2917509346822085e-10,0.9999999978849137,7.951450546432144e-11,1.2917523364792987e-10,9.961472541623882e-11,1.7116438873364146e-10,7.434304539704891e-11,-2.0460382710208806e-10,7.601311814553287e-11,4.550782602429486e-11,2.0579121275429358e-11,6.868576451801757e-10,1.0227781500799627e-10,8.203117442365206e-11,1.269501964861323e-11,9.030989612885317e-11,0.9999999978849161,7.991022992110389e-11,0.9999999982719118,6.423637648514496e-11,0.9999999978849108,7.475080387968304e-11,0.9999999979815255,1.4952486405861333e-10,2.4594576444793017e-10,7.005079762931466e-11,5.171720035251393e-11,2.50468201658592e-10,2.444235001987051e-10,5.950436629231411e-12,1.0956360069431478e-10,5.02828143807473e-10,6.423685080538136e-11,0.9999999981147333,0.9999999980531901,0.9999999980423031,0.999999997682,1.1619780938096562e-10,8.296324879235795e-11,8.132295082910893e-11,0.9999999978849131,0.999999998243276,1.6018169343042348e-10,2.2523401665383527e-10,1.1560551761866645e-10,8.405060212970007e-11,6.335157400776712e-10,1.9524421775373963e-10,1.9674438390756524e-10,1.3195974639042837e-10,1.337177418578044e-10,0.9999999995088656,2.427262893550505e-10,2.023554139273603e-10,-1.7450000679450684e-11
0.9999999988924884,1.0000000002716016,-7.66087487181387e-14,8.168174183308675e-11,3.925783961150862e-14,-4.6485067704700724e-11,-7.282233391629419e-14,0.999999998845448,-3.722554124770074e-14,-2.942062522777208e-11,-4.789066315140713e-11,-1.3649116636968878e-10,0.9999999992024872,-2.1162351561151787e-11,-7.7267803753695e-11,-1.1016407037592525e-10,-7.726739627437668e-11,-1.3681125608158495e-14,-7.154200262905557e-14,-1.4596447230590865e-11,0.9999999987142221,-7.492767075684474e-11,-1.4596748313411086e-11,-3.204079294607005e-14,3.297033648413135e-11,-4.606378260396878e-14,-3.6155445093947786e-10,-6.724451537184628e-11,-9.855657429406026e-11,-1.3350275019600138e-10,5.535992157526306e-10,-3.7464344793254316e-11,-7.307088571818982e-11,-6.318979777557368e-14,-6.709210996698989e-11,0.9999999987142197,-6.737978739046717e-11,0.9999999991747098,-8.433750696553334e-11,0.9999999987142203,-7.890882658926051e-11,0.9999999989106626,-5.982502874495475e-13,8.40441365485651e-11,-4.488893914164229e-14,-9.853196762974742e-11,5.79346135742961e-14,8.533054458588592e-11,-1.4464809079072543e-10,-4.7226123419625945e-11,1.8194109862542932e-13,-8.433915550757486e-11,0.9999999989401047,0.9999999988888642,0.9999999989223558,0.999999998772275,-1.932777313390561e-14,-7.06545817180852e-11,-8.239926078201914e-11,0.9999999987142183,0.9999999990692094,2.0572199484003506e-11,3.925734531997825e-14,-3.876630917121348e-11,-2.942334984890785e-14,2.460680890358088e-13,2.8088714982725055e-11,4.527452817620067e-11,-7.831111041115239e-12,-1.0771464877057439e-14,1.0000000008365406,9.126773269755527e-11,4.7674537553762605e-11,-1.6475720926968835e-10
6.171821851751104e-13,-7.66087487181387e-14,1.1423742176711013e-10,8.357448961835935e-16,7.389659825283663e-16,6.951135058918808e-16,7.809672793611729e-16,-7.882866612960914e-14,1.1553296239778106e-12,6.389822987191071e-16,6.484437879532527e-16,7.907313781083631e-16,-7.847635089860743e-14,6.509662884998081e-16,6.959877899286412e-16,6.768440445196934e-16,6.959877899286412e-16,5.936780523094571e-16,7.140267737176478e-16,7.565019292820686e-16,-8.072812881078279e-14,6.678140745865371e-16,7.565019292820686e-16,5.916094624110044e-16,8.239592527536406e-16,5.770613965914908e-16,7.705929719647654e-16,7.589110040992011e-16,7.229738948055589e-16,1.3342231941100424e-12,9.533984863230741e-16,7.778709505391821e-16,6.639672034477917e-16,8.221488182338952e-16,6.523962084434136e-16,-8.072784284246225e-14,7.059344706272498e-16,-8.003943099893889e-14,6.988237582547874e-16,-8.072812881078279e-14,6.717143656974354e-16,-7.978328155457017e-14,7.613388104023449e-16,6.606364946188016e-16,6.129433026731405e-16,1.3743326794157452e-12,8.865537086151568e-16,6.752089638662937e-16,6.8836951546693315e-16,6.548120024312731e-16,9.151253572609509e-16,6.988237582547874e-16,-8.076990577576037e-14,-8.066924523448199e-14,-8.025262091019337e-14,-7.825674755539156e-14,6.653819857028618e-16,6.713256947268944e-16,6.181983083231853e-16,-8.072784284302056e-14,-8.075935855703409e-14,7.783932649300885e-16,7.390811823496897e-16,6.678149569728292e-16,8.004640067238167e-16,9.70586897567099e-16,6.332970857153495e-16,7.159076228239638e-16,8.155794076771804e-16,6.6305355935326e-16,-1.5156715769470713e-10,7.161837313262086e-16,6.985815494395307e-16,7.054693989344909e-16
2.1762936519341715e-10,8.168174183308675e-11,8.357448961835935e-16,1.1510720070037495e-10,9.558542987662886e-16,8.990868514654053e-16,1.0100566015194326e-15,3.812857137908756e-14,7.507472811228413e-16,8.261273978938306e-16,8.381687957812608e-16,1.0226155323028803e-15,7.683698991293911e-11,8.424232567830807e-16,9.008582354301183e-16,8.754213777703134e-16,9.003144801827146e-16,7.671326206963237e-16,9.224227639719153e-16,9.785828637606067e-16,3.5655146205861596e-14,8.634357023467797e-16,9.785828153732514e-16,7.647884120060781e-16,2.1230699257014085e-12,7.461450755468448e-16,9.957863149142818e-16,9.825104718356126e-16,9.352325816999153e-16,8.656639209796846e-16,2.4545976571045468e-12,1.0066740945945597e-15,8.594744323641394e-16,1.063151265502371e-15,8.433340113942723e-16,3.565510384598263e-14,9.13038799593088e-16,7.278353839105113e-11,9.04587580216084e-16,3.5655107263220197e-14,8.689626889093971e-16,3.6884966228443155e-14,9.836633287658751e-16,1.7006142530348083e-12,7.927357563579478e-16,8.925602052890426e-16,1.1467501210278305e-15,8.731676683388721e-16,8.904479193390618e-16,8.478537284305994e-16,1.1829595036160373e-15,9.04587580216084e-16,3.56007474002946e-14,3.5731667878396365e-14,3.627408520167045e-14,3.8872940731382446e-14,1.7144043328542927e-12,8.688478889632107e-16,7.997127108105343e-16,3.5655107263220197e-14,3.561420238573899e-14,1.0070187648437264e-15,9.561921730350572e-16,8.641247987917117e-16,1.0348116749481928e-15,2.496770229418229e-12,1.6294636902139539e-12,9.257588296466147e-16,1.0551292247700725e-15,8.575178589334047e-16,8.323446715932788e-11,9.256896483058805e-16,9.036750956180753e-16,9.127806994854072e-16
2.2523415878814455e-10,3.925783961150862e-14,7.389659825283663e-16,9.558542987662886e-16,1.1464412218270303e-10,7.952604333406597e-16,8.956353564322177e-16,7.318127951202332e-11,6.659022019819091e-16,7.329670892821059e-16,7.438021182404086e-16,9.066466649942575e-16,3.715301147624112e-14,7.467541360080999e-16,7.961382023122026e-16,7.745151567527136e-16,7.961382021436973e-16,6.80332775443945e-16,1.634535972741121e-12,8.656217552343251e-16,3.461343390328151e-14,7.646593905061614e-16,8.656217552343251e-16,6.784293957286637e-16,9.431865773537746e-16,6.618879849987019e-16,8.862387785371766e-16,8.685354486751644e-16,8.264492843507956e-16,7.676786443312781e-16,1.0932900386836075e-15,8.893951779039771e-16,7.6128927899856615e-16,9.413917720654059e-16,7.480501612281127e-16,3.461375487316272e-14,8.074124519516353e-16,3.538943882459234e-14,8.003995484913919e-16,3.461343390328151e-14,7.696279283678506e-16,3.567898897966972e-14,8.732691405159608e-16,7.593109804659695e-16,7.024464550015138e-16,7.905542482221271e-16,1.0159601861926488e-15,7.752304626009879e-16,7.877245234087679e-16,7.50662693104805e-16,1.0510634877613168e-15,8.003995484913919e-16,3.456536873723277e-14,3.4679889106061646e-14,3.514923992738332e-14,7.446542462468669e-11,7.627619639778942e-16,7.687553246061799e-16,7.101399771526421e-16,3.461343390379741e-14,3.457780043572303e-14,8.899156526876618e-16,1.686272937015894e-12,7.653204163126361e-16,1.825589852067509e-12,2.2232535907088124e-12,7.291994645994595e-16,8.206792120285045e-16,9.336226159778236e-16,7.594461606389439e-16,7.951215382737788e-11,8.203719842757864e-16,8.0129084999950745e-16,8.069876620287443e-16
1.0288791856606797e-10,-4.6485067704700724e-11,6.951135058918808e-16,8.990868514654053e-16,7.952604333406597e-16,1.1444618256264928e-10,8.403230346503889e-16,-2.567403134191948e-14,6.238978177254978e-16,6.874666565854847e-16,6.975185716512835e-16,8.508857271889554e-16,-2.5295956168015003e-14,7.003261289111034e-16,7.48195027268219e-16,7.272249600565282e-16,7.48195027268219e-16,6.380290019956922e-16,7.685486959501084e-16,8.135191773298833e-16,-2.7713040448484273e-14,7.180964075761966e-16,8.135191773298833e-16,6.361416085175591e-16,8.858942079215304e-16,6.208403474327579e-16,8.2940490975648715e-16,8.162525647063001e-16,7.767843079064765e-16,7.203230492318591e-16,1.0254469701725299e-15,8.364605220322455e-16,7.150937785709415e-16,8.841983814200014e-16,7.01640698604324e-16,-2.7713024279297315e-14,1.5116695690753844e-12,-2.697406112415188e-14,7.517551357316029e-16,-2.7713040448484273e-14,7.228383490818587e-16,-2.669905056110761e-14,8.190592835922644e-16,7.109915110906603e-16,1.3127638951129757e-12,1.4782451847134579e-12,9.537028036626502e-16,7.269803199991107e-16,7.400166009486125e-16,7.049370987004631e-16,9.844857075660637e-16,7.517551357316029e-16,-2.775831805948133e-14,-2.7649897198371697e-14,-2.720283634560862e-14,-2.5059974862317422e-14,7.161340704251082e-16,7.220045110592383e-16,6.653676201621349e-16,-2.7713110369265068e-14,-2.7747028933134963e-14,8.373554199749194e-16,7.950857656825272e-16,7.18639624356508e-16,8.605128601094058e-16,1.0447297889541165e-15,6.819597371759837e-16,7.705028414199204e-16,8.76784369573849e-16,1.4202794259440756e-12,-4.520371491782483e-11,7.702409245782451e-16,7.514606925234091e-16,7.584966337841364e-16
1.1685029497870046e-12,-7.282233391629419e-14,7.809672793611729e-16,1.0100566015194326e-15,8.956353564322177e-16,8.403230346503889e-16,1.1484289142321283e-10,-1.5032852110624207e-10,7.044451275230116e-16,1.5447286129765956e-12,7.866120300363895e-16,9.589274954787737e-16,-7.501089551725266e-14,7.902905092777859e-16,8.40913975404484e-16,8.194623892636645e-16,8.409139703032304e-16,1.4327308467213236e-12,1.7329576946215996e-12,9.14444777637197e-16,-7.765263771844233e-14,8.09061704561125e-16,9.146586999603793e-16,7.172543916347271e-16,9.966075022842238e-16,1.394422395407585e-12,1.8715863415466298e-12,9.175180581661602e-16,8.724956248641124e-16,8.11887128296387e-16,1.1568559268267307e-15,9.394336649664905e-16,8.051281537885831e-16,1.981177089788572e-12,7.910036218051456e-16,-7.765279068946589e-14,8.530184045875446e-16,-7.684552068590593e-14,8.4575479313902655e-16,-7.765260930306805e-14,8.134899065815974e-16,-1.5255899932760918e-10,9.243763192224284e-16,8.047760863737368e-16,7.428581280041722e-16,8.349418052043515e-16,1.0745059297120042e-15,8.210022388951539e-16,8.327343670855369e-16,7.939955256518177e-16,2.216807168207957e-12,8.459446249106598e-16,-7.770200962638618e-14,-7.758338260127503e-14,-7.70952651352454e-14,-1.4899303854461861e-10,1.6047120070564414e-12,8.124146165049502e-16,7.52206027371299e-16,-7.765271517420868e-14,-7.768948302056868e-14,9.400154709662375e-16,8.956353564322177e-16,8.092047394850781e-16,9.695653412212259e-16,2.3581488938712684e-12,7.736377584631209e-16,8.676402271366694e-16,9.861338256396236e-16,1.598694990707434e-12,-1.4374366665014325e-10,8.676587243289762e-16,8.475497782894843e-16,8.5207782898847485e-16
0.9999999978152873,0.999999998845448,-7.882866612960914e-14,3.812857137908756e-14,7.318127951202332e-11,-2.567403134191948e-14,-1.5032852110624207e-10,0.9999999976637478,-3.911594514294324e-14,-1.682912865650377e-14,-2.6145519784832555e-14,-7.112260953786496e-14,0.999999997904917,-1.2742364759375395e-14,-4.1141532558958966e-14,-5.753962323821226e-14,-4.114126396037949e-14,-1.5642596767572755e-14,-1.4705972890867453e-10,-9.895844643388611e-15,0.9999999974354059,-3.9812869891921516e-14,-9.896207054805411e-15,-3.3988665805151693e-14,1.3743545001284246e-14,-4.7946686937857965e-14,-1.8383753196314403e-13,-3.633300638497053e-14,-5.1952445170956777e-14,-6.92164940778715e-14,2.7470374369034644e-13,-2.1479316268563818e-14,-3.885956387362044e-14,-1.3154750378297868e-10,-3.579853541783882e-14,0.9999999974354049,-3.6216226849341344e-14,0.9999999978901268,-4.4690343237950405e-14,0.9999999974354045,-4.183271206383425e-14,0.9999999976240033,-2.773588017725962e-15,4.010861600319873e-14,-4.6936607125420887e-14,-5.1769664192841044e-14,1.0942789008562025e-10,4.067513532581014e-14,-7.490774333215683e-14,-2.584886795498558e-14,3.5660537688677256e-10,-4.469103158265579e-14,0.9999999976616135,0.9999999976095537,0.9999999976395628,0.9999999974728727,-2.157219902736879e-14,-3.770240031145894e-14,-4.33092303080108e-14,0.9999999974354038,0.9999999977906641,7.641384089437834e-15,7.318022853272259e-11,-2.1663848177950442e-14,-6.405371253159323e-11,4.842535304976062e-10,1.2174857514187657e-14,2.036285574455616e-14,-6.6926673715155616e-15,-1.3003780917647266e-14,0.999999999518395,4.344566264540624e-14,2.165281316728758e-14,-8.509000989328757e-14
9.137847617011544e-11,-3.722554124770074e-14,1.1553296239778106e-12,7.507472811228413e-16,6.659022019819091e-16,6.238978177254978e-16,7.044451275230116e-16,-3.911594514294324e-14,1.1399949579539924e-10,5.769025163600733e-16,1.164755881151572e-12,7.132752947022918e-16,-3.881574966115337e-14,1.170417546119164e-12,6.240473042995814e-16,6.088867565459165e-16,6.240360418654666e-16,5.344598696663707e-16,6.484785968559636e-16,6.794272357119324e-16,-4.073775330221878e-14,6.010496797226706e-16,6.793756716580486e-16,1.0619200683311724e-12,7.401583031891712e-16,5.205949662373021e-16,1.3947520148470673e-12,6.816818973318858e-16,6.481254277108164e-16,1.2018111300257375e-12,8.613677157984211e-16,6.978502694528368e-16,5.98785612726011e-16,7.395597503460075e-16,5.885155677081885e-16,-4.073775330221878e-14,6.332422421361956e-16,-4.0150979387004727e-14,6.280021280143492e-16,-4.0737716150942475e-14,1.2036335960771598e-12,-3.9930533982139815e-14,6.876450909370208e-16,5.993706721272207e-16,5.5200448206361e-16,6.205247240406483e-16,7.989013029636279e-16,6.11189613746641e-16,6.184919843275684e-16,5.902898544417387e-16,8.292137377551901e-16,6.280021280143492e-16,-4.0774175292373945e-14,-4.0687327193440523e-14,-4.03323281472483e-14,-3.8628484459029543e-14,5.986509439305636e-16,6.031794518497305e-16,1.114678251916933e-12,-4.073795983418762e-14,-4.0764275016771083e-14,6.980625892123383e-16,6.659021857167441e-16,1.1983274836434384e-12,7.207002613835131e-16,8.828837291843221e-16,5.769479023159902e-16,6.453727973473159e-16,7.328665525793983e-16,5.964899210090237e-16,-7.32580486122984e-11,6.451955536298573e-16,6.307890125929489e-16,6.331400413669707e-16
1.3039882478330908e-10,-2.942062522777208e-11,6.389822987191071e-16,8.261273978938306e-16,7.329670892821059e-16,6.874666565854847e-16,1.5447286129765956e-12,-1.682912865650377e-14,5.769025163600733e-16,1.1422099385903861e-10,6.440722081714095e-16,7.854090220488734e-16,-1.6495394440410922e-14,6.470116892939276e-16,6.875054820113241e-16,6.705027704927144e-16,6.875054821258765e-16,1.1728425777781137e-12,7.136750077890738e-16,7.486398414159763e-16,-1.8629522133242456e-14,6.61755870405962e-16,7.484375664285482e-16,5.869001421283383e-16,8.157252346899887e-16,1.141547797568097e-12,1.5348788946009124e-12,7.513305453020398e-16,7.137622577904194e-16,6.64574020095792e-16,9.478773040279907e-16,7.687474312344464e-16,6.593015998632095e-16,8.144451101609852e-16,1.290047885288479e-12,-1.862943133191777e-14,6.979352197382176e-16,-1.797787760368946e-14,6.915288560276001e-16,-1.8629568622722852e-14,6.65461979613475e-16,-1.7733701660858075e-14,7.573837686267733e-16,6.597026444853199e-16,6.082402878523064e-16,6.834382849574976e-16,8.795598094574198e-16,1.3402154899350775e-12,1.3568202921683081e-12,6.499274757764859e-16,9.126487333505372e-16,6.915288560276001e-16,-1.8669736547283323e-14,-1.85735803335989e-14,-1.8179126805845955e-14,-1.628746961868775e-14,6.593137520200079e-16,6.643789264622901e-16,1.2271623185149572e-12,-1.862943133191777e-14,-1.8659010405474254e-14,7.692453100115436e-16,7.329104049811929e-16,6.627075796064031e-16,7.939871854598367e-16,9.71300960737395e-16,6.345660884303154e-16,1.4151307420167772e-12,8.074043832924371e-16,1.308343636520705e-12,-2.8284716079653e-11,1.4150481477255294e-12,1.3828361954416718e-12,6.973283301403201e-16
1.1016069233192655e-10,-4.789066315140713e-11,6.484437879532527e-16,8.381687957812608e-16,7.438021182404086e-16,6.975185716512835e-16,7.866120300363895e-16,-2.6145519784832555e-14,1.164755881151572e-12,6.440722081714095e-16,1.1425914415551845e-10,7.963617106700397e-16,-2.5804555372399014e-14,1.306752662044388e-12,6.979939585476876e-16,6.801202214420756e-16,6.97942426935608e-16,5.974418584299112e-16,7.226522013098076e-16,7.594206022772216e-16,-2.798570346942549e-14,6.715534506280544e-16,7.590492734901086e-16,1.1859662019179575e-12,8.271125908176592e-16,5.80957895335638e-16,1.5546731217242178e-12,7.621988442687482e-16,7.244195653161967e-16,6.74409355657617e-16,9.608859504429366e-16,7.80179751464885e-16,6.683630888157087e-16,8.260243165720101e-16,6.566593442556709e-16,-2.798570346942549e-14,7.087070448062671e-16,-2.7319450900159796e-14,7.023190299794448e-16,-2.7985560414861682e-14,1.3446568373053e-12,-2.7069712168904116e-14,7.676678984327316e-16,6.683591950625841e-16,6.168394954096837e-16,1.3805770931767167e-12,8.921438850841524e-16,6.822529462541411e-16,6.907793177965498e-16,6.590211879718922e-16,9.246553661886217e-16,7.023190299794448e-16,-2.8026406243111228e-14,-2.792858925412785e-14,-2.752538334999094e-14,-2.5592068134731515e-14,6.6900260961389395e-16,6.737620443925539e-16,1.2437577688263792e-12,-2.7985560414321533e-14,-2.8015829494123927e-14,7.80391985252184e-16,7.438019519647265e-16,1.3384173368427924e-12,8.048218830873288e-16,9.83893499603558e-16,6.429046360955649e-16,7.207846449507228e-16,8.191547889441185e-16,6.665384630703352e-16,-4.673071869464036e-11,7.204842532287264e-16,7.040329019609193e-16,7.072338271556949e-16
8.110727155976709e-12,-1.3649116636968878e-10,7.907313781083631e-16,1.0226155323028803e-15,9.066466649942575e-16,8.508857271889554e-16,9.589274954787737e-16,-7.112260953786496e-14,7.132752947022918e-16,7.854090220488734e-16,7.963617106700397e-16,1.1489125348241765e-10,-1.4092128671125285e-10,8.003028263323254e-16,8.516522980139168e-16,8.298446886189552e-16,8.522764045236104e-16,7.284789117821079e-16,8.808898267776238e-16,9.269159415087482e-16,-7.338850780768667e-14,8.194763132479324e-16,9.26915936835454e-16,7.265414783210792e-16,2.009644207420135e-12,7.089005821576845e-16,9.513331450148582e-16,9.295309877018452e-16,8.839841673597067e-16,1.6367777057667521e-12,2.3330095682431777e-12,1.894653129546324e-12,8.158553663490375e-16,1.0072950379485025e-15,8.011395041167548e-16,-7.338820805104835e-14,8.636977847637019e-16,-7.256805080598127e-14,8.562069261921023e-16,-7.33882115553975e-14,8.236102744520468e-16,-7.22610945920337e-14,1.8639368585522236e-12,1.6222201933240523e-12,7.518986852264623e-16,8.450148073882118e-16,1.0876210650037474e-15,8.314324367886766e-16,8.434339732731074e-16,1.601163742160965e-12,1.1266257357700145e-15,8.562069260052208e-16,-7.343849231943957e-14,-1.461291747099902e-10,-7.282180852723457e-14,-7.044100914318343e-14,8.159835410166419e-16,8.2213552068650295e-16,7.615774446782988e-16,-7.33882115553975e-14,-7.342547504042542e-14,1.8958083477954567e-12,9.066466649942575e-16,8.193083533836369e-16,9.814689693428431e-16,1.1987636415462201e-15,1.5593605274750803e-12,8.787799066283019e-16,1.9892746144452957e-12,8.130215822064068e-16,-1.3506415846898807e-10,8.785570667248238e-16,8.583150438862421e-16,8.632783513724585e-16
0.9999999981350454,0.9999999992024872,-7.847635089860743e-14,7.683698991293911e-11,3.715301147624112e-14,-2.5295956168015003e-14,-7.501089551725266e-14,0.999999997904917,-3.881574966115337e-14,-1.6495394440410922e-14,-2.5804555372399014e-14,-1.4092128671125285e-10,0.9999999983724147,-1.2399832512279469e-14,-4.0760422647679833e-14,-5.717649782637353e-14,-4.075951737750514e-14,-1.5331065449373813e-14,-7.342869441932736e-14,-1.8953193030635627e-11,0.9999999977870092,-3.945616205097293e-14,-1.8953494113468456e-11,-3.3679279782495756e-14,2.8230821150457812e-11,-4.7647472447443545e-14,-3.6557427236016994e-10,-3.591806224888031e-14,-5.15514387737223e-14,-6.885896582019696e-14,5.483163997428623e-10,-4.2000965345281316e-11,-3.8506631987826543e-14,-6.555182294149141e-14,-3.5454995324961714e-14,0.9999999977870081,-3.582932426104806e-14,0.9999999982426415,-4.4309247295008804e-14,0.9999999977870089,-4.1472803980448044e-14,0.9999999979768452,-4.779868895632571e-12,8.053243228854465e-11,-4.661147921569296e-14,-5.139549400333292e-14,5.5414756894420203e-14,4.102108678179675e-14,-7.453485300726059e-14,-2.55023248130242e-14,3.575400515364694e-10,-4.431011795852721e-14,0.9999999980131659,0.9999999979612352,0.999999997991793,0.9999999978277261,-2.1215101308997822e-14,-3.734044932635371e-14,-4.29931164427368e-14,0.9999999977870078,0.9999999981422264,1.6024457083437813e-11,3.7152466951420364e-14,-2.1307315948897767e-14,-3.1694752672441846e-14,4.852100833147298e-10,2.48298682799999e-11,4.127492507823156e-11,-1.2501926075337564e-11,-1.264981664057334e-14,0.9999999998762056,4.382474904339639e-14,2.2018515081950846e-14,-8.470270534994678e-14
1.363550277089995e-10,-2.1162351561151787e-11,6.509662884998081e-16,8.424232567830807e-16,7.467541360080999e-16,7.003261289111034e-16,7.902905092777859e-16,-1.2742364759375395e-14,1.170417546119164e-12,6.470116892939276e-16,1.306752662044388e-12,8.003028263323254e-16,-1.2399832512279469e-14,1.1426592127917395e-10,7.01075138284026e-16,6.832388412809294e-16,7.008284797802943e-16,6.002047842865061e-16,7.266912002672915e-16,7.628710357835214e-16,-1.4592471715020054e-14,6.744996657679837e-16,7.628710357835214e-16,1.1916944752382027e-12,8.311538681304191e-16,5.841538415578449e-16,7.846323645652279e-16,7.651146902682628e-16,7.274312313748957e-16,1.3485761016315942e-12,9.654973181411835e-16,7.836774175743875e-16,6.7139889926884745e-16,8.295840449829069e-16,6.602629941200394e-16,-1.4592647781657782e-14,7.117413311847143e-16,-1.392286363614303e-14,7.053573594068797e-16,-1.4592671980360777e-14,1.3509995427218704e-12,-1.3672018063775597e-14,7.711445840847004e-16,6.715293347013088e-16,6.196222293599063e-16,6.966576256027074e-16,8.95983207041844e-16,6.853329803514275e-16,6.944207246783769e-16,6.623743876954982e-16,9.291252669249705e-16,7.055885720076207e-16,-1.4634149972669072e-14,-1.453547051680275e-14,-1.4129982207041556e-14,-1.218613500158312e-14,6.72044961763228e-16,1.3488618035434249e-12,1.2497623226277616e-12,-1.4592576418507214e-14,-1.4623162926142728e-14,7.842437526931019e-16,7.469312009486646e-16,1.3447406437573482e-12,8.087751547319011e-16,9.88570007476104e-16,6.459216555833505e-16,7.241011433619861e-16,8.226592935776547e-16,6.695358419351813e-16,-1.9996161951716928e-11,7.239857322610177e-16,7.074031335812412e-16,7.110062339593346e-16
7.177422454338646e-11,-7.7267803753695e-11,6.959877899286412e-16,9.008582354301183e-16,7.961382023122026e-16,7.48195027268219e-16,8.40913975404484e-16,-4.1141532558958966e-14,6.240473042995814e-16,6.875054820113241e-16,6.979939585476876e-16,8.516522980139168e-16,-4.0760422647679833e-14,7.01075138284026e-16,1.1445111704776926e-10,7.286986214267092e-16,1.4930901481986027e-12,6.38105072202003e-16,7.67746152473059e-16,8.14910195488988e-16,-4.319717446066725e-14,7.188499338714165e-16,8.149004072623355e-16,6.364330006289728e-16,8.874556292044682e-16,6.207785569237498e-16,8.284096342162878e-16,8.177424423520657e-16,7.791939123674551e-16,7.215455582963693e-16,1.0261553408497382e-15,8.386067931973479e-16,7.154919300426568e-16,8.854869170821485e-16,7.01935388974154e-16,-4.319720933741258e-14,7.597044274228857e-16,-4.245202704961007e-14,7.530670719542975e-16,-4.319717446066725e-14,7.232159274356665e-16,-4.2174866711858084e-14,1.6313783132480402e-12,1.4149942072353611e-12,6.595469051897227e-16,7.434251696385862e-16,9.550036741714334e-16,7.265686774404578e-16,7.412870357102667e-16,7.048698582400428e-16,9.843397754782909e-16,7.530670719542975e-16,-4.3242428021789574e-14,-4.313344209292489e-14,-4.268270171420012e-14,-4.052262722166278e-14,7.170623981117068e-16,7.232650408074197e-16,6.65176530984261e-16,-4.319715285604295e-14,-4.323112530162582e-14,8.38064261880483e-16,7.963918820374251e-16,7.193549176633438e-16,8.6167536992419715e-16,1.0432761971698782e-15,1.3555315474420204e-12,1.5344638307120748e-12,8.78727608605086e-16,7.141033196947896e-16,-7.597710322089816e-11,7.704675099339833e-16,7.518244384197868e-16,7.604663149147868e-16
4.260319726703564e-11,-1.1016407037592525e-10,6.768440445196934e-16,8.754213777703134e-16,7.745151567527136e-16,7.272249600565282e-16,8.194623892636645e-16,-5.753962323821226e-14,6.088867565459165e-16,6.705027704927144e-16,6.801202214420756e-16,8.298446886189552e-16,-5.717649782637353e-14,6.832388412809294e-16,7.286986214267092e-16,1.1436658855228746e-10,7.286496476781727e-16,1.239526478090791e-12,7.50923616814569e-16,7.92667384158255e-16,-5.949945665612065e-14,7.000480456953054e-16,7.923579058135901e-16,6.203123711872976e-16,8.632613421495491e-16,1.2058619605556742e-12,8.106648011556225e-16,7.950750144541745e-16,7.565869872791654e-16,1.3991916873546935e-12,1.992767636985401e-12,8.146367271877151e-16,1.3877161321264258e-12,8.617342274243723e-16,6.841060177301817e-16,-5.949945665612065e-14,7.395289977662253e-16,-5.878923644680738e-14,7.3236006240981e-16,-5.949956051073434e-14,7.039562416766888e-16,-5.85245483619428e-14,7.994228089629237e-16,6.946976740240727e-16,1.279964513652683e-12,7.237344654725024e-16,9.298565442143568e-16,7.096395194154643e-16,7.211033363389445e-16,6.868997017689162e-16,9.616404460895491e-16,7.323600629414306e-16,-5.954303439214151e-14,-5.943827181373973e-14,-5.900918055419477e-14,-5.694982530537957e-14,6.975581291063808e-16,7.031311453137844e-16,6.4978281316049565e-16,-5.949950550184851e-14,-5.953206599112743e-14,8.151053259035655e-16,7.752809531996744e-16,7.005334911901062e-16,8.393616873519718e-16,1.0216521105095513e-15,6.669878708708039e-16,7.509886490532362e-16,1.7016114791622746e-12,6.945509222826413e-16,-1.0893098941749128e-10,7.506486187283135e-16,7.329921407934144e-16,7.389944912442945e-16
7.177591096971262e-11,-7.726739627437668e-11,6.959877899286412e-16,9.003144801827146e-16,7.961382021436973e-16,7.48195027268219e-16,8.409139703032304e-16,-4.114126396037949e-14,6.240360418654666e-16,6.875054821258765e-16,6.97942426935608e-16,8.522764045236104e-16,-4.075951737750514e-14,7.008284797802943e-16,1.4930901481986027e-12,7.286496476781727e-16,1.1445111704776926e-10,6.384657581234483e-16,7.676681170092458e-16,8.14910195488988e-16,-4.319722126238116e-14,7.190643900322298e-16,8.149101954862054e-16,6.362493051730136e-16,8.873302596416517e-16,6.207064221856846e-16,8.284096342890498e-16,8.177424423520657e-16,7.791939123674551e-16,7.213559964107919e-16,1.0260956989911392e-15,8.386067930202617e-16,7.154919300426568e-16,8.84824756715841e-16,7.017826808616418e-16,-4.3197189512916246e-14,7.608525008434732e-16,-4.245185978862955e-14,7.530670719542975e-16,-4.319711967576683e-14,7.232575093781514e-16,-4.21747448007756e-14,1.631378313244542e-12,1.414994207232594e-12,6.595469051897227e-16,7.434251691163073e-16,9.5485050480621e-16,7.264988891650904e-16,7.412886483762644e-16,7.048698582400428e-16,9.841846774214647e-16,7.53262043006303e-16,-4.3242193622398844e-14,-4.3133121812109e-14,-4.268275725539712e-14,-4.052238429962451e-14,7.170623981117068e-16,7.232650408074197e-16,6.651765309400462e-16,-4.319710790621389e-14,-4.323103570379949e-14,8.38064261880483e-16,7.961382023122026e-16,7.191296609621294e-16,8.617737360105277e-16,1.0432504415599478e-15,1.3555315474394223e-12,1.5344638307089256e-12,8.787276086097304e-16,7.140549993590426e-16,-7.597669574157776e-11,7.706821596635586e-16,7.517649227954377e-16,7.604663149147868e-16
1.3582276908369105e-10,-1.3681125608158495e-14,5.936780523094571e-16,7.671326206963237e-16,6.80332775443945e-16,6.380290019956922e-16,1.4327308467213236e-12,-1.5642596767572755e-14,5.344598696663707e-16,1.1728425777781137e-12,5.974418584299112e-16,7.284789117821079e-16,-1.5331065449373813e-14,6.002047842865061e-16,6.38105072202003e-16,1.239526478090791e-12,6.384657581234483e-16,1.140462861774495e-10,6.604275792616281e-16,6.947218766970393e-16,-1.7323972668454244e-14,6.142210997443514e-16,6.947851517865789e-16,5.446373769899217e-16,7.57023883223136e-16,1.058041140177653e-12,1.4209846799549754e-12,6.970945260937836e-16,6.629496728096052e-16,6.163234631920047e-16,8.791578809892583e-16,7.136782425478581e-16,1.217952505152887e-12,7.55910302355423e-16,6.009164317887651e-16,-1.7323972668454244e-14,6.480229263536482e-16,-1.6715182375202362e-14,6.416984330565088e-16,-1.7323872007607263e-14,6.175772592412191e-16,-1.6487112090371363e-14,7.020223093292418e-16,6.110190699361113e-16,1.123268235623431e-12,6.344631658256165e-16,8.161343315258015e-16,1.2418736516329213e-12,6.320137902968521e-16,6.027807769194151e-16,8.460274182911261e-16,6.416984330565088e-16,-1.7361197716275318e-14,-1.7271740547161747e-14,-1.6903470062350423e-14,-1.513709331382075e-14,6.114728525933393e-16,6.166414566984253e-16,5.708349021792709e-16,-1.7323972668454244e-14,-1.735139144742264e-14,7.139588341172066e-16,6.802427457346187e-16,1.2243216573195873e-12,1.4664256943237406e-12,8.993521602941476e-16,5.874317424791661e-16,6.58956527682561e-16,7.491787810064465e-16,1.2137920998141667e-12,-2.631277293004287e-11,1.312498662399276e-12,1.2821372556480095e-12,6.471637735124951e-16
1.6539486639082264e-11,-7.154200262905557e-14,7.140267737176478e-16,9.224227639719153e-16,1.634535972741121e-12,7.685486959501084e-16,1.7329576946215996e-12,-1.4705972890867453e-10,6.484785968559636e-16,7.136750077890738e-16,7.226522013098076e-16,8.808898267776238e-16,-7.342869441932736e-14,7.266912002672915e-16,7.67746152473059e-16,7.50923616814569e-16,7.676681170092458e-16,6.604275792616281e-16,1.1456253709230113e-10,8.359281598578324e-16,-7.571386402094091e-14,7.416137718235693e-16,8.358853349749772e-16,6.594272421007589e-16,9.11098786964105e-16,6.445331265064367e-16,8.714237315704531e-16,8.386747607217447e-16,7.954120092440847e-16,7.443241243225416e-16,1.0647381743728433e-15,8.575781509956564e-16,7.391829988052928e-16,1.8139677380047844e-12,7.268793918606873e-16,-7.571386402067882e-14,7.794314620958592e-16,-7.501619990284313e-14,7.731328567502637e-16,-7.571378625893943e-14,7.452452306209149e-16,-1.489869735775562e-10,8.510757385919743e-16,7.443813608509423e-16,6.818620235752497e-16,7.641061803872777e-16,1.9619593085444476e-12,7.579850398459836e-16,7.616510924641568e-16,7.285942063603553e-16,2.047412380079491e-12,7.729749941821296e-16,-7.57575857789472e-14,-7.565395779072077e-14,-7.523229367910343e-14,-1.4590612803975461e-10,1.4703118322738734e-12,1.4793351622439513e-12,6.940881664444641e-16,-7.571378625893943e-14,-7.574521277625781e-14,8.573917699558111e-16,1.6345359727470408e-12,7.424641430476617e-16,1.7701571785116386e-12,2.18881769582877e-12,7.191700148350395e-16,7.969584892882173e-16,1.7972265849277305e-12,1.4648221218906952e-12,-1.4136925569358406e-10,7.96969529102053e-16,7.798895144367315e-16,7.783724123714118e-16
1.2917509346822085e-10,-1.4596447230590865e-11,7.565019292820686e-16,9.785828637606067e-16,8.656217552343251e-16,8.135191773298833e-16,9.14444777637197e-16,-9.895844643388611e-15,6.794272357119324e-16,7.486398414159763e-16,7.594206022772216e-16,9.269159415087482e-16,-1.8953193030635627e-11,7.628710357835214e-16,8.14910195488988e-16,7.92667384158255e-16,8.14910195488988e-16,6.947218766970393e-16,8.359281598578324e-16,1.1472306216841664e-10,-1.2120841986713504e-14,7.820803576438652e-16,1.7635215310135267e-12,6.925905688429603e-16,9.649500545440047e-16,6.75335017292287e-16,9.026316950314794e-16,8.884370449007239e-16,8.462051115943645e-16,7.842319532977796e-16,1.1162851484373247e-15,9.104599325133552e-16,7.782384070679197e-16,9.624645722373531e-16,7.635297241640783e-16,-1.2120841986713504e-14,8.260124447169214e-16,-1.1314461916376641e-14,8.185000386952087e-16,-1.2120888034633995e-14,7.868338103166304e-16,-1.1014448201180219e-14,1.7751771707892707e-12,7.738628493606226e-16,7.177407801880231e-16,8.079707966823395e-16,1.0384811877100118e-15,7.90764629972566e-16,8.0612777450032875e-16,7.668099101169572e-16,1.071686873348996e-15,8.185000386952173e-16,-1.2169996350498558e-14,-1.2051821017742201e-14,-1.15642607980886e-14,-9.226065151221436e-15,7.790717122635229e-16,7.863471360202083e-16,7.241695171546041e-16,-1.2120841986713504e-14,-1.2157708142902159e-14,9.113028199118962e-16,8.656217552343251e-16,7.823943475710628e-16,9.370800093588612e-16,1.1366246260305873e-15,1.4772994757292087e-12,1.6690209259884564e-12,9.548386384193486e-16,7.765758294019275e-16,-1.3198841307039445e-11,8.381899313425397e-16,8.17825311334792e-16,8.258446928257209e-16
0.9999999978849137,0.9999999987142221,-8.072812881078279e-14,3.5655146205861596e-14,3.461343390328151e-14,-2.7713040448484273e-14,-7.765263771844233e-14,0.9999999974354059,-4.073775330221878e-14,-1.8629522133242456e-14,-2.798570346942549e-14,-7.338850780768667e-14,0.9999999977870092,-1.4592471715020054e-14,-4.319717446066725e-14,-5.949945665612065e-14,-4.319722126238116e-14,-1.7323972668454244e-14,-7.571386402094091e-14,-1.2120841986713504e-14,0.9999999974463777,-4.173700504215284e-14,-1.2121079987089925e-14,-3.565880196038852e-14,1.1323108168518107e-14,-4.9561893732545386e-14,-1.8590108002899742e-13,-3.8570268494306664e-14,-5.4115507484979134e-14,-7.114590245270107e-14,2.7200087119123667e-13,-2.3794558433595193e-14,-4.076506480320099e-14,-6.83997437336614e-14,-3.765223577759414e-14,0.9999999973334252,-3.830289092625435e-14,0.9999999977832509,-4.674532683055389e-14,0.9999999973334259,-4.3775246989918214e-14,0.9999999975153631,-4.914429371329419e-15,3.83079579238031e-14,-4.8691086380329525e-14,-5.378718063227609e-14,5.237463726948856e-14,3.8806690933611924e-14,-7.692038366126493e-14,-2.7721121463006536e-14,1.7645379851223897e-13,-4.674600782252958e-14,0.999999997559914,0.9999999975071546,0.9999999975342037,0.9999999973534103,-2.349307742895959e-14,-3.9657202258881673e-14,-4.5017394896314094e-14,0.9999999973334242,0.9999999976889145,5.320556235136102e-15,3.461274864398994e-14,-2.358744300037486e-14,-3.443622744129662e-14,2.404544211561058e-13,1.0500304098525635e-14,1.831722383936778e-14,-9.078614404276646e-15,-1.4916679281771936e-14,0.9999999993830141,4.1399313885463584e-14,1.967869594925752e-14,-8.717913553505845e-14
7.951450546432144e-11,-7.492767075684474e-11,6.678140745865371e-16,8.634357023467797e-16,7.646593905061614e-16,7.180964075761966e-16,8.09061704561125e-16,-3.9812869891921516e-14,6.010496797226706e-16,6.61755870405962e-16,6.715534506280544e-16,8.194763132479324e-16,-3.945616205097293e-14,6.744996657679837e-16,7.188499338714165e-16,7.000480456953054e-16,7.190643900322298e-16,6.142210997443514e-16,7.416137718235693e-16,7.820803576438652e-16,-4.173700504215284e-14,1.1433370492171826e-10,7.821750672435323e-16,6.122550943396279e-16,8.521907332853211e-16,5.974651070953592e-16,8.006485868112288e-16,7.84671662789237e-16,7.467028349904519e-16,6.937550048613482e-16,9.87580856580673e-16,8.038694406525985e-16,6.876039000256045e-16,8.501107317006681e-16,6.753063234315781e-16,-4.173708029961785e-14,7.300819278284356e-16,-4.104014573782974e-14,1.4391701429048649e-12,-4.173721345711137e-14,6.947895087777646e-16,-4.0779816828603515e-14,7.891105765550758e-16,1.3658451267432842e-12,6.339948000543637e-16,1.4210517849567711e-12,9.176943506944772e-16,7.004563017729869e-16,7.113405865324614e-16,1.3501789003455617e-12,9.493988474918732e-16,1.4391701429080114e-12,-4.1779935307428856e-14,-4.167725979106728e-14,-4.125576162637075e-14,-3.9234006993257825e-14,6.883969838860868e-16,1.382086147020535e-12,6.414081789229246e-16,-4.173721345711137e-14,-4.176863309836239e-14,8.037412545106134e-16,7.647449289080133e-16,6.915019524849313e-16,8.281424246271931e-16,2.008666948083079e-12,1.3116668991701943e-12,7.410052936466762e-16,8.42861825110115e-16,6.856347048447749e-16,-7.371651011020125e-11,7.407630699748032e-16,7.231044058126048e-16,1.4513728276047967e-12
1.2917523364792987e-10,-1.4596748313411086e-11,7.565019292820686e-16,9.785828153732514e-16,8.656217552343251e-16,8.135191773298833e-16,9.146586999603793e-16,-9.896207054805411e-15,6.793756716580486e-16,7.484375664285482e-16,7.590492734901086e-16,9.26915936835454e-16,-1.8953494113468456e-11,7.628710357835214e-16,8.149004072623355e-16,7.923579058135901e-16,8.149101954862054e-16,6.947851517865789e-16,8.358853349749772e-16,1.7635215310135267e-12,-1.2121079987089925e-14,7.821750672435323e-16,1.1472306216841664e-10,6.923065514390476e-16,9.649500545440047e-16,6.756326170883873e-16,9.024002092877625e-16,8.884370450306956e-16,8.460341532457356e-16,7.84231953298078e-16,1.1164215590931821e-15,9.104599325133552e-16,7.781144225135579e-16,9.625038872218982e-16,7.635297241640783e-16,-1.2121079987089925e-14,8.260124447169214e-16,-1.1314686249407837e-14,8.185000386952173e-16,-1.2121053087635648e-14,7.864290213621964e-16,-1.101465981095034e-14,1.7751771707903073e-12,7.738628493606226e-16,7.172550314836088e-16,8.079707966760645e-16,1.0385191256233728e-15,7.907704007093808e-16,8.0612777450032875e-16,7.668099101169572e-16,1.0714729574575357e-15,8.181380167925973e-16,-1.2170255929510043e-14,-1.2051815754116687e-14,-1.1564365204068638e-14,-9.226184670676628e-15,7.794646676509475e-16,7.865067043410807e-16,7.241101018495705e-16,-1.2121053087635648e-14,-1.2157760636534273e-14,9.110979910541613e-16,8.65621755247159e-16,7.824008894406305e-16,9.37081685474356e-16,1.1364627063232884e-15,1.4772994757300235e-12,1.6690209259897238e-12,9.54591341518702e-16,7.76718589056273e-16,-1.319914238986582e-11,8.377350556887915e-16,8.180107737152027e-16,8.257448218758002e-16
9.961472541623882e-11,-3.204079294607005e-14,5.916094624110044e-16,7.647884120060781e-16,6.784293957286637e-16,6.361416085175591e-16,7.172543916347271e-16,-3.3988665805151693e-14,1.0619200683311724e-12,5.869001421283383e-16,1.1859662019179575e-12,7.265414783210792e-16,-3.3679279782495756e-14,1.1916944752382027e-12,6.364330006289728e-16,6.203123711872976e-16,6.362493051730136e-16,5.446373769899217e-16,6.594272421007589e-16,6.925905688429603e-16,-3.565880196038852e-14,6.122550943396279e-16,6.923065514390476e-16,1.1404223267793793e-10,7.545848017199309e-16,5.297892172720025e-16,1.4178516004794553e-12,6.946493424018319e-16,6.604189718778547e-16,6.153568469822759e-16,8.765627665935004e-16,7.11638081516638e-16,6.096059097323725e-16,7.535289308114667e-16,5.988337397997822e-16,-3.5658865775115874e-14,6.455899065845789e-16,-3.50541636003268e-14,6.399264640213444e-16,-3.5658865775115874e-14,1.2261907813688491e-12,-3.4827553561397275e-14,7.001389239609483e-16,6.096366528226329e-16,5.623890944043943e-16,6.321720273699367e-16,8.135793530509771e-16,6.220073629519591e-16,6.299485689074062e-16,6.010064721343541e-16,8.433056687331539e-16,6.399048198479427e-16,-3.569624909723373e-14,-3.5607127946755453e-14,-3.524120671543898e-14,-3.348642201333719e-14,6.100305787763373e-16,6.145387155945878e-16,1.1341543624463297e-12,-3.565876243317062e-14,-3.568625057329732e-14,7.119764772568625e-16,6.784293957286637e-16,1.2205745754753341e-12,7.342332944676816e-16,8.973492966678184e-16,5.862056481089881e-16,6.571789619971145e-16,7.469881927257027e-16,6.076017853368905e-16,-6.289815126699038e-11,6.570517180478579e-16,6.416087452144415e-16,6.45389921545963e-16
