0.9999999992445623,0.5850198170823185,-2.5631953008197495e-07,0.9999991284695359,0.9999991284695346,0.4149794267955238,0.9999991284695358,-2.557764398175371e-07,0.9999991284695358,0.9999992901986651,-4.0279026755193793e-07,0.9999991284695353,0.9999991332689534,0.9999992946689685,0.9999991284695334,0.9999991284695363,-2.5577643979768807e-07,0.585019817082327,0.9999991284695359,0.5850197864957887,-2.500660425925477e-07,-2.5159131530237186e-07,0.9999992946689682,0.9999991284695363,0.4149794725047677,0.999999128469537,0.9999992901986614,0.999999128469538,0.9999993533896939,0.9999992946689682,0.9999991332689534,-2.557764398158923e-07,-2.5631953201948986e-07,0.9999991959303624,-2.0874296192296894e-07,0.9999993878783526,0.999999294668969,0.9999991284695321,-2.3311932707418403e-07,-2.515913198389876e-07,0.9999992946689698,-2.563195321671441e-07,0.999999290198665,0.9999992951095779,0.9999991284695336,0.9999992901986623,0.9999993533896921,0.41497947250476797,0.9999992946689683,-2.5006604041938983e-07,0.999999128469537,0.9999991284695334,0.9999992901986623
0.5850198170823185,0.5850198870815492,-1.2733407566512548e-11,0.5850199264588056,0.5850199264588053,3.394573666991843e-11,0.5850199264588053,-8.561683511384493e-12,0.5850199264588045,0.5850200256104846,-7.046163714411635e-11,0.5850199264588053,0.5850199294337743,0.585020026066099,0.585019926458805,0.5850199264588046,-8.561683285880395e-12,0.5850200518781609,0.5850199264588051,0.5850201235669729,-1.1937020796373083e-11,-9.821271351791294e-12,0.5850200260660992,0.5850199264588053,4.6610909829575846e-11,0.5850199264588056,0.5850200256104847,0.5850199264588051,0.5850200676026766,0.5850200260660994,0.5850199294337747,-8.56168367695319e-12,-1.2733407812937252e-11,0.5850199717386226,-3.308902570066727e-12,0.5850200856203938,0.5850200260660998,0.5850199264588046,-6.483652023436805e-12,-9.82127135835692e-12,0.5850200260660998,-1.2733408006114019e-11,0.5850200256104847,0.5850200245986096,0.5850199264588047,0.5850200256104849,0.5850200676026761,4.661091026111938e-11,0.5850200260660998,-1.193702097152815e-11,0.5850199264588061,0.5850199264588051,0.5850200256104844
-2.5631953008197495e-07,-1.2733407566512548e-11,-1.64796611130603e-07,-2.8943222730237726e-08,-2.894322273023769e-08,-1.8166749028634222e-12,-2.8943222730237726e-08,7.752750458640594e-16,-2.8943222730237673e-08,-1.4550079752403934e-11,7.137929179705122e-18,-2.894322273023776e-08,-2.894322287024655e-08,-2.894322748180537e-08,-2.894322273023766e-08,-2.894322273023766e-08,7.752750512487731e-16,-1.2733407544971416e-11,-2.8943222730237723e-08,-2.532948015932165e-08,8.99123143528401e-16,8.126738835686628e-16,-2.8943227481805393e-08,-2.8943222730237723e-08,-1.8166758977755029e-12,-2.8943222730237723e-08,-1.4550079726353685e-11,-2.8943222730237666e-08,-1.4550080566189841e-11,-2.8943227481805406e-08,-2.8943222870246575e-08,7.752750900225773e-16,1.0184595086805101e-15,-2.894322480512149e-08,-3.2767100214146017e-17,-1.4550081323683324e-11,-2.894322748180545e-08,-2.8943222730237643e-08,1.9774740555082795e-19,8.126738858073227e-16,-2.894322748180546e-08,1.018459512153884e-15,-1.4550079748268488e-11,-2.894322744227244e-08,-2.8943222730237653e-08,-1.4550079856646634e-11,-1.4550080596264635e-11,-1.8166758437617307e-12,-2.894322748180543e-08,8.991231285010396e-16,-2.894322273023771e-08,-2.8943222730237733e-08,-1.4550079736825128e-11
0.9999991284695359,0.5850199264588056,-2.8943222730237726e-08,0.9999989901560583,0.999999154952644,0.41497957127837,0.9999991549526447,-2.8400132474226942e-08,0.9999991549526435,0.9999993166817429,-1.7541379029938387e-07,0.999999154952643,0.9999991597520642,0.9999993211520466,0.9999991549526422,0.999999154952643,-2.8400132868162107e-08,0.5850199264588137,0.999999154952643,0.5850198958722821,-2.2689736975927468e-08,-2.4215011293331754e-08,0.9999993211520466,0.999999154952644,0.4149796169876106,0.999999154952643,0.9999993166817429,0.999999154952644,0.9999993798727644,0.9999993211520457,0.9999991597520659,-2.8400133210352896e-08,-2.8943222812406096e-08,0.999999222413463,1.86333316104484e-08,0.999999414361411,0.9999993211520466,0.9999991549526432,-5.743024357749004e-09,-2.421501129659518e-08,0.9999993211520466,-2.8943223022757087e-08,0.9999993166817425,0.9999993215926578,0.9999991549526426,0.9999993166817449,0.9999993798727644,0.4149796169876108,0.9999993211520469,-2.268973644661936e-08,0.9999991549526447,0.9999991549526442,0.9999993166817429
0.9999991284695346,0.5850199264588053,-2.894322273023769e-08,0.999999154952644,0.9999989901560571,0.4149795712783694,0.9999991549526428,-2.840013247422699e-08,0.9999991549526424,0.9999993166817421,-1.7541379029938418e-07,0.9999991549526436,0.9999991597520634,0.9999993211520447,0.9999991549526424,0.9999991549526418,-2.8400132868162074e-08,0.5850199264588137,0.9999991549526422,0.5850198958722805,-2.2689736975927435e-08,-2.421501129333173e-08,0.9999993211520455,0.999999154952643,0.41497961698760977,0.9999991549526422,0.9999993166817421,0.9999991549526418,0.9999993798727624,0.9999993211520443,0.9999991597520642,-2.8400133210352836e-08,-2.894322281240609e-08,0.9999992224134605,1.8633331610448448e-08,0.9999994143614107,0.9999993211520462,0.9999991549526416,-5.743024357748966e-09,-2.4215011296595104e-08,0.9999993211520466,-2.894322302275708e-08,0.9999993166817409,0.9999993215926566,0.9999991549526414,0.9999993166817427,0.9999993798727622,0.41497961698761016,0.9999993211520457,-2.2689736446619226e-08,0.999999154952644,0.9999991549526426,0.9999993166817422
0.4149794267955238,3.394573666991843e-11,-1.8166749028634222e-12,0.41497957127837,0.4149795712783694,0.41497948879632457,0.41497957127837004,-5.715379811691966e-12,0.4149795712783695,0.4149796338558456,-3.525046947359137e-08,0.41497957127836976,0.41497957310282263,0.4149796378705366,0.4149795712783695,0.41497957127836926,-5.71538021167139e-12,3.394573864509622e-11,0.4149795712783699,-3.474997950652776e-08,5.306344867506608e-13,-2.3518854080863102e-12,0.41497963787053693,0.41497957127836976,0.4149796741084473,0.41497957127836976,0.4149796338558461,0.41497957127836926,0.41497965505469514,0.41497963787053577,0.4149795731028229,-5.715379994563073e-12,-1.8166749075265598e-12,0.41497959345939345,1.267608147747427e-11,0.4149796715256388,0.41497963787053577,0.4149795712783691,3.5965681799145442e-12,-2.3518853555206544e-12,0.41497963787053627,-1.8166745625950613e-12,0.4149796338558455,0.41497963977863644,0.41497957127836926,0.41497963385584674,0.41497965505469514,0.4149796741084461,0.41497963787053577,5.306353494885531e-13,0.4149795712783701,0.4149795712783697,0.4149796338558456
0.9999991284695358,0.5850199264588053,-2.8943222730237726e-08,0.9999991549526447,0.9999991549526428,0.41497957127837004,0.9999989901560622,-2.8400132474226955e-08,0.999999154952643,0.9999993166817437,-1.7541379029938437e-07,0.9999991549526426,0.9999991597520648,0.9999993211520455,0.9999991549526428,0.999999154952643,-2.8400132868162136e-08,0.5850199264588135,0.999999154952643,0.5850198958722811,-2.268973697592751e-08,-2.4215011293331793e-08,0.9999993211520464,0.9999991549526442,0.4149796169876104,0.999999154952643,0.9999993166817427,0.999999154952645,0.9999993798727626,0.9999993211520455,0.9999991597520652,-2.840013321035286e-08,-2.8943222812406152e-08,0.9999992224134622,1.863333161044837e-08,0.9999994143614103,0.9999993211520462,0.9999991549526424,-5.7430243577490065e-09,-2.421501129659515e-08,0.9999993211520466,-2.8943223022757054e-08,0.9999993166817431,0.9999993215926578,0.9999991549526422,0.9999993166817439,0.9999993798727628,0.4149796169876103,0.9999993211520466,-2.2689736446619302e-08,0.9999991549526447,0.9999991549526436,0.9999993166817421
-2.557764398175371e-07,-8.561683511384493e-12,7.752750458640594e-16,-2.8400132474226942e-08,-2.840013247422699e-08,-5.715379811691966e-12,-2.8400132474226955e-08,-1.6479660917829956e-07,-2.8400132474226968e-08,-1.4277060588248913e-11,4.619632552480306e-18,-2.840013247422695e-08,-2.8400132608278555e-08,-1.4277060673602312e-11,-2.8400132474226942e-08,-2.8400132474226895e-08,7.757516361798551e-16,-8.561683512784805e-12,-2.840013247422699e-08,-1.7031024917608662e-08,5.936551268989742e-16,6.564091399779069e-16,-1.4277060540929833e-11,-2.840013247422695e-08,-5.715380470825969e-12,-2.840013247422695e-08,-1.4277060584533932e-11,-2.8400132474226962e-08,-1.4277061449792867e-11,-1.42770606771178e-11,-2.8400132608278588e-08,7.75751649119715e-16,7.752750583282713e-16,-2.840013435672284e-08,-3.80974448695404e-19,-1.4277061954889198e-11,-1.4277060674578175e-11,-2.8400132474226905e-08,-1.9911541474102766e-19,6.564091401437523e-16,-1.427706064746369e-11,7.752750622868963e-16,-1.4277060586591754e-11,-1.4277060790974e-11,-2.840013247422695e-08,-1.4277060560537977e-11,-1.4277061462396082e-11,-5.715380462852027e-12,-1.4277060801328818e-11,5.93655109779492e-16,-2.840013247422699e-08,-2.8400132474226998e-08,-1.427706057903878e-11
0.9999991284695358,0.5850199264588045,-2.8943222730237673e-08,0.9999991549526435,0.9999991549526424,0.4149795712783695,0.999999154952643,-2.8400132474226968e-08,0.9999989901560573,0.9999993166817421,-1.7541379029938437e-07,0.9999991549526432,0.9999991597520632,0.9999993211520452,0.9999991549526416,0.9999991549526432,-2.8400132868162087e-08,0.5850199264588133,0.9999991549526435,0.5850198958722811,-2.268973697592749e-08,-2.4215011293331764e-08,0.9999993211520462,0.9999991549526432,0.41497961698761016,0.9999991549526435,0.9999993166817425,0.9999991549526424,0.9999993798727613,0.9999993211520452,0.9999991597520638,-2.8400133210352872e-08,-2.8943222812406116e-08,0.9999992224134601,1.863333161044837e-08,0.9999994143614115,0.9999993211520462,0.9999991549526411,-5.743024357748994e-09,-2.4215011296595114e-08,0.9999993211520464,-2.894322302275708e-08,0.9999993166817421,0.9999993215926564,0.9999991549526422,0.9999993166817429,0.9999993798727613,0.41497961698761016,0.9999993211520455,-2.268973644661933e-08,0.9999991549526436,0.9999991549526442,0.9999993166817419
0.9999992901986651,0.5850200256104846,-1.4550079752403934e-11,0.9999993166817429,0.9999993166817421,0.4149796338558456,0.9999993166817437,-1.4277060588248913e-11,0.9999993166817421,0.9999993136142764,-1.754138293816286e-07,0.9999993166817431,0.9999993214811631,0.9999994828811725,0.9999993166817415,0.9999993166817421,-1.427706077589928e-11,0.5850200256104932,0.9999993166817431,0.5850199950239571,-1.1406384280523345e-11,-1.2173154454277236e-11,0.9999994828811725,0.9999993166817425,0.41497967956509346,0.9999993166817431,0.9999994784108674,0.9999993166817415,0.9999995416018975,0.9999994828811725,0.9999993214811637,-1.427706093639627e-11,-1.455007969031518e-11,0.999999384142571,9.367177442324037e-12,0.9999995760905522,0.9999994828811725,0.999999316681741,-2.8870833388497844e-12,-1.2173154445757914e-11,0.9999994828811727,-1.4550079889933081e-11,0.999999478410868,0.9999994833217813,0.9999993166817415,0.999999478410869,0.9999995416018977,0.41497967956509385,0.9999994828811725,-1.1406383679813598e-11,0.9999993166817431,0.9999993166817435,0.999999478410867
-4.0279026755193793e-07,-7.046163714411635e-11,7.137929179705122e-18,-1.7541379029938387e-07,-1.7541379029938418e-07,-3.525046947359137e-08,-1.7541379029938437e-07,4.619632552480306e-18,-1.7541379029938437e-07,-1.754138293816286e-07,-1.6479711153089134e-07,-1.7541379029938387e-07,-1.7541379149035764e-07,-1.754138295840405e-07,-1.7541379029938437e-07,-1.7541379029938469e-07,4.587402609409908e-18,-7.046163692434763e-11,-1.7541379029938437e-07,-1.4016336646494127e-07,7.243279587678984e-18,4.926951033764181e-18,-1.7541382958403967e-07,-1.7541379029938405e-07,-1.772079165682965e-11,-1.7541379029938405e-07,-1.754138293816276e-07,-1.754137902993834e-07,-8.818243992103961e-11,-1.7541382958403954e-07,-1.7541379149035631e-07,4.589388961412161e-18,6.987613224181154e-18,-1.7541380843527803e-07,3.348132198232905e-18,-1.754138528764221e-07,-1.7541382958403954e-07,-1.7541379029938437e-07,3.3280166664562334e-18,4.926951033764181e-18,-1.7541382958403954e-07,6.987613224181154e-18,-1.7541382938162778e-07,-1.7541382888833371e-07,-1.75413790299385e-07,-1.7541382938162908e-07,-8.818244012457253e-11,-1.7720790759383308e-11,-1.7541382958404002e-07,7.243279591005816e-18,-1.7541379029938598e-07,-1.7541379029938405e-07,-1.7541382938162826e-07
0.9999991284695353,0.5850199264588053,-2.894322273023776e-08,0.999999154952643,0.9999991549526436,0.41497957127836976,0.9999991549526426,-2.840013247422695e-08,0.9999991549526432,0.9999993166817431,-1.7541379029938387e-07,0.9999989901560566,0.9999991597520642,0.9999993211520455,0.9999991549526422,0.999999154952643,-2.84001328681621e-08,0.5850199264588135,0.9999991549526436,0.5850198958722819,-2.2689736975927508e-08,-2.4215011293331793e-08,0.9999993211520457,0.999999154952643,0.4149796169876101,0.9999991549526435,0.9999993166817431,0.999999154952643,0.9999993798727626,0.9999993211520452,0.9999991597520647,-2.8400133210352853e-08,-2.894322281240612e-08,0.9999992224134617,1.8633331610448415e-08,0.9999994143614115,0.9999993211520457,0.9999991549526424,-5.743024357748994e-09,-2.4215011296595097e-08,0.9999993211520459,-2.894322302275709e-08,0.9999993166817415,0.999999321592657,0.999999154952643,0.9999993166817425,0.9999993798727622,0.41497961698760977,0.9999993211520457,-2.2689736446619316e-08,0.999999154952644,0.999999154952644,0.9999993166817431
0.9999991332689534,0.5850199294337743,-2.894322287024655e-08,0.9999991597520642,0.9999991597520634,0.41497957310282263,0.9999991597520648,-2.8400132608278555e-08,0.9999991597520632,0.9999993214811631,-1.7541379149035764e-07,0.9999991597520642,0.9999989997549005,0.9999993259514669,0.9999991597520632,0.9999991597520634,-2.8400133002213763e-08,0.5850199294337828,0.9999991597520634,0.5850198988472506,-2.2689737086759456e-08,-2.421501140977246e-08,0.9999993259514676,0.999999159752064,0.41497961881206274,0.9999991597520634,0.9999993214811641,0.9999991597520632,0.9999993846721839,0.9999993259514663,0.9999991645514846,-2.8400133344404565e-08,-2.8943222952415034e-08,0.9999992272128819,1.8633331693721802e-08,0.9999994191608332,0.9999993259514671,0.9999991597520632,-2.8870827839051282e-12,-2.4215011413035813e-08,0.9999993259514671,-2.894322316276592e-08,0.9999993214811629,0.9999993263920774,0.999999159752063,0.9999993214811641,0.9999993846721832,0.41497961881206313,0.9999993259514678,-2.268973655745123e-08,0.9999991597520654,0.9999991597520648,0.9999993214811624
0.9999992946689685,0.585020026066099,-2.894322748180537e-08,0.9999993211520466,0.9999993211520447,0.4149796378705366,0.9999993211520455,-1.4277060673602312e-11,0.9999993211520452,0.9999994828811725,-1.754138295840405e-07,0.9999993211520455,0.9999993259514669,0.9999993225548969,0.9999993211520447,0.9999993211520452,-1.4277060954523899e-11,0.5850200260661077,0.9999993211520445,0.5850199954795711,-2.268974069315465e-08,-1.2173154327016974e-11,0.9999994873514774,0.9999993211520462,0.4149796835797839,0.9999993211520445,0.9999994828811725,0.9999993211520449,0.9999995460722028,0.9999994873514771,0.9999993259514671,-1.427706092164799e-11,-2.894322756397384e-08,0.9999993886128759,1.8633334675992037e-08,0.9999995805608571,0.9999994873514776,0.9999993211520442,-2.8870832907835566e-12,-1.2173154848728084e-11,0.9999994873514776,-2.8943227774324714e-08,0.9999994828811712,0.999999487792087,0.9999993211520447,0.9999994828811727,0.9999995460722024,0.414979683579784,0.9999994873514774,-2.268974016384636e-08,0.9999993211520476,0.9999993211520457,0.9999994828811721
0.9999991284695334,0.585019926458805,-2.894322273023766e-08,0.9999991549526422,0.9999991549526424,0.4149795712783695,0.9999991549526428,-2.8400132474226942e-08,0.9999991549526416,0.9999993166817415,-1.7541379029938437e-07,0.9999991549526422,0.9999991597520632,0.9999993211520447,0.9999989901560588,0.9999991549526414,-2.8400132868162064e-08,0.5850199264588133,0.9999991549526411,0.5850198958722805,-2.268973697592746e-08,-2.421501129333177e-08,0.9999993211520442,0.9999991549526422,0.41497961698760977,0.9999991549526411,0.9999993166817409,0.9999991549526422,0.9999993798727622,0.9999993211520442,0.9999991597520623,-2.8400133210352836e-08,-2.8943222812406116e-08,0.9999992224134607,1.8633331610448435e-08,0.9999994143614095,0.9999993211520442,0.9999991549526418,-5.743024357748981e-09,-2.4215011296595104e-08,0.9999993211520442,-2.894322302275703e-08,0.999999316681741,0.9999993215926556,0.9999991549526408,0.9999993166817422,0.9999993798727616,0.41497961698761,0.9999993211520439,-2.2689736446619226e-08,0.9999991549526432,0.9999991549526435,0.9999993166817419
0.9999991284695363,0.5850199264588046,-2.894322273023766e-08,0.999999154952643,0.9999991549526418,0.41497957127836926,0.999999154952643,-2.8400132474226895e-08,0.9999991549526432,0.9999993166817421,-1.7541379029938469e-07,0.999999154952643,0.9999991597520634,0.9999993211520452,0.9999991549526414,0.9999989901560581,-2.8400132868162087e-08,0.5850199264588132,0.9999991549526426,0.5850198958722806,-2.26897369759275e-08,-2.4215011293331727e-08,0.9999993211520455,0.9999991549526426,0.4149796169876103,0.9999991549526426,0.9999993166817429,0.9999991549526428,0.9999993798727618,0.9999993211520447,0.9999991597520647,-2.8400133210352912e-08,-2.8943222812406103e-08,0.9999992224134611,1.8633331610448388e-08,0.9999994143614103,0.9999993211520462,0.9999991549526416,-5.743024357748973e-09,-2.421501129659512e-08,0.9999993211520466,-2.894322302275708e-08,0.9999993166817421,0.999999321592656,0.9999991549526422,0.9999993166817431,0.9999993798727616,0.41497961698761066,0.9999993211520459,-2.2689736446619243e-08,0.9999991549526436,0.999999154952643,0.9999993166817421
-2.5577643979768807e-07,-8.561683285880395e-12,7.752750512487731e-16,-2.8400132868162107e-08,-2.8400132868162074e-08,-5.71538021167139e-12,-2.8400132868162136e-08,7.757516361798551e-16,-2.8400132868162087e-08,-1.427706077589928e-11,4.587402609409908e-18,-2.84001328681621e-08,-2.8400133002213763e-08,-1.4277060954523899e-11,-2.8400132868162064e-08,-2.8400132868162087e-08,-1.6479660917829956e-07,-8.561683285163706e-12,-2.8400132868162123e-08,-1.703102449097628e-08,5.936551276572033e-16,6.564091532167494e-16,-1.4277060863197526e-11,-2.8400132868162093e-08,-5.715380878455182e-12,-2.8400132868162123e-08,-1.427706078351215e-11,-2.8400132868162117e-08,-1.4277061648894719e-11,-1.4277060858372482e-11,-2.840013300221378e-08,7.757516673164765e-16,7.752750637129815e-16,-2.8400134750658087e-08,-3.631495772671759e-19,-1.4277062158429683e-11,-1.4277060591687503e-11,-2.8400132868162064e-08,-1.6912740801204458e-19,6.564091533825965e-16,-1.4277060842551632e-11,7.752750676716081e-16,-1.4277060753403951e-11,-1.4277060943471614e-11,-2.8400132868162064e-08,-1.4277060781443328e-11,-1.427706164334417e-11,-5.715380873117774e-12,-1.4277060842551632e-11,5.93655110537718e-16,-2.8400132868162136e-08,-2.840013286816213e-08,-1.4277060792196515e-11
0.585019817082327,0.5850200518781609,-1.2733407544971416e-11,0.5850199264588137,0.5850199264588137,3.394573864509622e-11,0.5850199264588135,-8.561683512784805e-12,0.5850199264588133,0.5850200256104932,-7.046163692434763e-11,0.5850199264588135,0.5850199294337828,0.5850200260661077,0.5850199264588133,0.5850199264588132,-8.561683285163706e-12,0.5850198870815609,0.5850199264588132,0.5850201235669789,-1.193702089060985e-11,-9.821271345330787e-12,0.5850200260661078,0.5850199264588137,4.661091081675363e-11,0.5850199264588135,0.5850200256104933,0.5850199264588137,0.5850200676026854,0.5850200260661077,0.5850199294337832,-8.561683693249116e-12,-1.2733407858858324e-11,0.5850199717386313,-3.3089028994826662e-12,0.585020085620403,0.5850200260661084,0.5850199264588133,-6.483651614801373e-12,-9.821271354865641e-12,0.5850200260661084,-1.2733407911006047e-11,0.585020025610492,0.5850200245986182,0.5850199264588131,0.5850200256104935,0.5850200676026849,4.661091154143127e-11,0.5850200260661083,-1.1937020907061441e-11,0.5850199264588147,0.5850199264588133,0.5850200256104926
0.9999991284695359,0.5850199264588051,-2.8943222730237723e-08,0.999999154952643,0.9999991549526422,0.4149795712783699,0.999999154952643,-2.840013247422699e-08,0.9999991549526435,0.9999993166817431,-1.7541379029938437e-07,0.9999991549526436,0.9999991597520634,0.9999993211520445,0.9999991549526411,0.9999991549526426,-2.8400132868162123e-08,0.5850199264588132,0.9999989901560591,0.5850198958722811,-2.2689736975927455e-08,-2.4215011293331783e-08,0.9999993211520462,0.999999154952643,0.4149796169876104,0.9999991549526426,0.9999993166817435,0.9999991549526432,0.9999993798727628,0.9999993211520455,0.9999991597520642,-2.8400133210352846e-08,-2.894322281240609e-08,0.9999992224134607,1.8633331610448418e-08,0.9999994143614107,0.9999993211520462,0.9999991549526422,-5.743024357748994e-09,-2.4215011296595087e-08,0.9999993211520464,-2.8943223022757097e-08,0.9999993166817419,0.9999993215926568,0.9999991549526424,0.9999993166817425,0.9999993798727624,0.4149796169876103,0.9999993211520462,-2.2689736446619263e-08,0.999999154952644,0.9999991549526426,0.9999993166817431
0.5850197864957887,0.5850201235669729,-2.532948015932165e-08,0.5850198958722821,0.5850198958722805,-3.474997950652776e-08,0.5850198958722811,-1.7031024917608662e-08,0.5850198958722811,0.5850199950239571,-1.4016336646494127e-07,0.5850198958722819,0.5850198988472506,0.5850199954795711,0.5850198958722805,0.5850198958722806,-1.703102449097628e-08,0.5850201235669789,0.5850198958722811,0.5850200304592396,-2.3745296847602087e-08,-1.9536617335507572e-08,0.5850199954795714,0.5850198958722815,-4.804037460378228e-12,0.5850198958722809,0.585019995023957,0.5850198958722811,0.585020037016149,0.5850199954795715,0.5850198988472507,-1.7031025280080216e-08,-2.5329480841646164e-08,0.585019941152099,-6.5821209924757694e-09,0.585020055033865,0.5850199954795723,0.585019895872281,-1.289737725330145e-08,-1.953661735674385e-08,0.585019995479572,-2.5329481161930305e-08,0.5850199950239572,0.5850199940120808,0.5850198958722806,0.5850199950239579,0.5850200370161491,-4.804037452822884e-12,0.5850199954795715,-2.3745297029420575e-08,0.5850198958722823,0.5850198958722811,0.5850199950239569
-2.500660425925477e-07,-1.1937020796373083e-11,8.99123143528401e-16,-2.2689736975927468e-08,-2.2689736975927435e-08,5.306344867506608e-13,-2.268973697592751e-08,5.936551268989742e-16,-2.268973697592749e-08,-1.1406384280523345e-11,7.243279587678984e-18,-2.2689736975927508e-08,-2.2689737086759456e-08,-2.268974069315465e-08,-2.268973697592746e-08,-2.26897369759275e-08,5.936551276572033e-16,-1.193702089060985e-11,-2.2689736975927455e-08,-2.3745296847602087e-08,-1.647966124350788e-07,6.965452736441043e-16,-2.2689740693154662e-08,-2.2689736975927557e-08,5.306343482503994e-13,-2.268973697592755e-08,-1.1406384025124172e-11,-2.2689736975927548e-08,-1.1406384958200518e-11,-2.2689740693154622e-08,-2.2689737086759483e-08,5.936551713936771e-16,8.991231740080399e-16,-2.2689738665830857e-08,2.1883625761229985e-16,-2.2689742926845448e-08,-2.2689740693154612e-08,-2.2689736975927485e-08,4.698818985716358e-16,6.965452760110542e-16,-2.2689740693154662e-08,8.991231749215629e-16,-1.140638402512417e-11,-2.2689740638053253e-08,-2.268973697592746e-08,-1.1406384057800146e-11,-1.1406384844255335e-11,5.306342395046574e-13,-2.2689740693154642e-08,8.362091080264748e-16,-2.268973697592755e-08,-2.2689736975927498e-08,-1.140638398104875e-11
-2.5159131530237186e-07,-9.821271351791294e-12,8.126738835686628e-16,-2.4215011293331754e-08,-2.421501129333173e-08,-2.3518854080863102e-12,-2.4215011293331793e-08,6.564091399779069e-16,-2.4215011293331764e-08,-1.2173154454277236e-11,4.926951033764181e-18,-2.4215011293331793e-08,-2.421501140977246e-08,-1.2173154327016974e-11,-2.421501129333177e-08,-2.4215011293331727e-08,6.564091532167494e-16,-9.821271345330787e-12,-2.4215011293331783e-08,-1.9536617335507572e-08,6.965452736441043e-16,-1.6479661266174016e-07,-1.2173154401183043e-11,-2.4215011293331754e-08,-2.3518859849057844e-12,-2.4215011293331787e-08,-1.2173154441815662e-11,-2.4215011293331764e-08,-1.2173155284010121e-11,-1.2173154481019627e-11,-2.4215011409772493e-08,6.564091743288815e-16,8.126739098834047e-16,-2.421501298679037e-08,1.3569286071777588e-19,-2.4215017585578163e-08,-1.2173154481019627e-11,-2.4215011293331707e-08,2.8402813935747205e-16,6.458080212752082e-16,-1.2173154313688408e-11,8.126739109874644e-16,-1.2173154429071305e-11,-2.4215015257500607e-08,-2.421501129333173e-08,-1.2173154469523712e-11,-1.2173155277952261e-11,-2.351885982547434e-12,-1.2173154521771652e-11,6.965452557342327e-16,-2.4215011293331783e-08,-2.4215011293331764e-08,-1.2173154454710804e-11
0.9999992946689682,0.5850200260660992,-2.8943227481805393e-08,0.9999993211520466,0.9999993211520455,0.41497963787053693,0.9999993211520464,-1.4277060540929833e-11,0.9999993211520462,0.9999994828811725,-1.7541382958403967e-07,0.9999993211520457,0.9999993259514676,0.9999994873514774,0.9999993211520442,0.9999993211520455,-1.4277060863197526e-11,0.5850200260661078,0.9999993211520462,0.5850199954795714,-2.2689740693154662e-08,-1.2173154401183043e-11,0.9999993225548937,0.9999993211520471,0.414979683579784,0.9999993211520462,0.9999994828811721,0.9999993211520447,0.999999546072204,0.9999994873514768,0.9999993259514679,-1.427706114862533e-11,-2.894322756397383e-08,0.9999993886128763,1.8633334675992047e-08,0.9999995805608576,0.9999994873514781,0.9999993211520454,-2.8870832038786294e-12,-1.217315469531699e-11,0.9999994873514781,-2.894322777432472e-08,0.9999994828811727,0.9999994877920863,0.9999993211520455,0.9999994828811735,0.9999995460722038,0.4149796835797843,0.9999994873514788,-2.2689740163846417e-08,0.9999993211520467,0.9999993211520466,0.9999994828811725
0.9999991284695363,0.5850199264588053,-2.8943222730237723e-08,0.999999154952644,0.999999154952643,0.41497957127836976,0.9999991549526442,-2.840013247422695e-08,0.9999991549526432,0.9999993166817425,-1.7541379029938405e-07,0.999999154952643,0.999999159752064,0.9999993211520462,0.9999991549526422,0.9999991549526426,-2.8400132868162093e-08,0.5850199264588137,0.999999154952643,0.5850198958722815,-2.2689736975927557e-08,-2.4215011293331754e-08,0.9999993211520471,0.999998990156063,0.4149796169876103,0.999999154952643,0.9999993166817429,0.999999154952644,0.9999993798727632,0.9999993211520457,0.999999159752065,-2.840013321035289e-08,-2.8943222812406083e-08,0.999999222413463,1.8633331610448388e-08,0.9999994143614113,0.9999993211520457,0.9999991549526436,-5.743024357749004e-09,-2.4215011296595153e-08,0.9999993211520457,-2.894322302275709e-08,0.9999993166817425,0.9999993215926578,0.9999991549526426,0.9999993166817446,0.9999993798727637,0.4149796169876108,0.9999993211520466,-2.268973644661937e-08,0.9999991549526447,0.9999991549526438,0.9999993166817419
0.4149794725047677,4.6610909829575846e-11,-1.8166758977755029e-12,0.4149796169876106,0.41497961698760977,0.4149796741084473,0.4149796169876104,-5.715380470825969e-12,0.41497961698761016,0.41497967956509346,-1.772079165682965e-11,0.4149796169876101,0.41497961881206274,0.4149796835797839,0.41497961698760977,0.4149796169876103,-5.715380878455182e-12,4.661091081675363e-11,0.4149796169876104,-4.804037460378228e-12,5.306343482503994e-13,-2.3518859849057844e-12,0.414979683579784,0.4149796169876103,0.4149795298273653,0.41497961698761016,0.4149796795650929,0.4149796169876097,0.414979700763945,0.41497968357978304,0.41497961881206274,-5.715380651374044e-12,-1.816675547863624e-12,0.41497963916863695,1.267608189959278e-11,0.41497971723489074,0.41497968357978304,0.4149796169876095,3.596567954598808e-12,-2.3518859732946364e-12,0.4149796835797831,-1.8166755370220297e-12,0.4149796795650929,0.41497968548788416,0.41497961698760977,0.41497967956509374,0.41497970076394536,0.41497969462397427,0.4149796835797836,5.306346027652972e-13,0.4149796169876105,0.4149796169876103,0.41497967956509346
0.999999128469537,0.5850199264588056,-2.8943222730237723e-08,0.999999154952643,0.9999991549526422,0.41497957127836976,0.999999154952643,-2.840013247422695e-08,0.9999991549526435,0.9999993166817431,-1.7541379029938405e-07,0.9999991549526435,0.9999991597520634,0.9999993211520445,0.9999991549526411,0.9999991549526426,-2.8400132868162123e-08,0.5850199264588135,0.9999991549526426,0.5850198958722809,-2.268973697592755e-08,-2.4215011293331787e-08,0.9999993211520462,0.999999154952643,0.41497961698761016,0.9999989901560569,0.9999993166817425,0.9999991549526432,0.9999993798727628,0.9999993211520455,0.9999991597520642,-2.8400133210352853e-08,-2.8943222812406103e-08,0.9999992224134607,1.8633331610448405e-08,0.9999994143614113,0.9999993211520462,0.9999991549526422,-5.7430243577490015e-09,-2.4215011296595127e-08,0.9999993211520467,-2.894322302275705e-08,0.9999993166817419,0.9999993215926568,0.9999991549526424,0.9999993166817425,0.9999993798727624,0.41497961698761,0.9999993211520462,-2.2689736446619286e-08,0.999999154952644,0.9999991549526428,0.9999993166817431
0.9999992901986614,0.5850200256104847,-1.4550079726353685e-11,0.9999993166817429,0.9999993166817421,0.4149796338558461,0.9999993166817427,-1.4277060584533932e-11,0.9999993166817425,0.9999994784108674,-1.754138293816276e-07,0.9999993166817431,0.9999993214811641,0.9999994828811725,0.9999993166817409,0.9999993166817429,-1.427706078351215e-11,0.5850200256104933,0.9999993166817435,0.585019995023957,-1.1406384025124172e-11,-1.2173154441815662e-11,0.9999994828811721,0.9999993166817429,0.4149796795650929,0.9999993166817425,0.9999993136142796,0.9999993166817419,0.9999995416018971,0.9999994828811717,0.9999993214811647,-1.4277060929298968e-11,-1.455007969031518e-11,0.9999993841425702,9.367177442014225e-12,0.9999995760905519,0.9999994828811727,0.9999993166817421,-2.8870832782061352e-12,-1.217315444075648e-11,0.9999994828811727,-1.4550079866061072e-11,0.9999994784108677,0.9999994833217809,0.9999993166817419,0.999999478410869,0.9999995416018967,0.4149796795650935,0.9999994828811727,-1.1406383719217427e-11,0.9999993166817429,0.9999993166817427,0.9999994784108677
0.999999128469538,0.5850199264588051,-2.8943222730237666e-08,0.999999154952644,0.9999991549526418,0.41497957127836926,0.999999154952645,-2.8400132474226962e-08,0.9999991549526424,0.9999993166817415,-1.754137902993834e-07,0.999999154952643,0.9999991597520632,0.9999993211520449,0.9999991549526422,0.9999991549526428,-2.8400132868162117e-08,0.5850199264588137,0.9999991549526432,0.5850198958722811,-2.2689736975927548e-08,-2.4215011293331764e-08,0.9999993211520447,0.999999154952644,0.4149796169876097,0.9999991549526432,0.9999993166817419,0.9999989901560576,0.9999993798727626,0.9999993211520454,0.9999991597520638,-2.8400133210352872e-08,-2.8943222812406126e-08,0.9999992224134607,1.863333161044837e-08,0.9999994143614107,0.9999993211520447,0.9999991549526422,-5.743024357749004e-09,-2.4215011296595157e-08,0.9999993211520452,-2.894322302275708e-08,0.999999316681741,0.9999993215926558,0.9999991549526416,0.9999993166817439,0.9999993798727618,0.41497961698761,0.9999993211520447,-2.2689736446619286e-08,0.999999154952644,0.999999154952643,0.9999993166817419
0.9999993533896939,0.5850200676026766,-1.4550080566189841e-11,0.9999993798727644,0.9999993798727624,0.41497965505469514,0.9999993798727626,-1.4277061449792867e-11,0.9999993798727613,0.9999995416018975,-8.818243992103961e-11,0.9999993798727626,0.9999993846721839,0.9999995460722028,0.9999993798727622,0.9999993798727618,-1.4277061648894719e-11,0.5850200676026854,0.9999993798727628,0.585020037016149,-1.1406384958200518e-11,-1.2173155284010121e-11,0.999999546072204,0.9999993798727632,0.414979700763945,0.9999993798727628,0.9999995416018971,0.9999993798727626,0.9999994399963427,0.9999995460722028,0.9999993846721849,-1.427706182186172e-11,-1.4550080598660293e-11,0.9999994473335951,9.367177803288214e-12,0.9999996392815881,0.9999995460722034,0.9999993798727616,-2.8870836974854674e-12,-1.2173155281329738e-11,0.9999995460722034,-1.4550080891863558e-11,0.9999995416018971,0.9999995465128129,0.999999379872761,0.9999995416018987,0.9999996047929323,0.4149797007639455,0.999999546072204,-1.1406384686708828e-11,0.9999993798727642,0.9999993798727637,0.9999995416018967
0.9999992946689682,0.5850200260660994,-2.8943227481805406e-08,0.9999993211520457,0.9999993211520443,0.41497963787053577,0.9999993211520455,-1.42770606771178e-11,0.9999993211520452,0.9999994828811725,-1.7541382958403954e-07,0.9999993211520452,0.9999993259514663,0.9999994873514771,0.9999993211520442,0.9999993211520447,-1.4277060858372482e-11,0.5850200260661077,0.9999993211520455,0.5850199954795715,-2.2689740693154622e-08,-1.2173154481019627e-11,0.9999994873514768,0.9999993211520457,0.41497968357978304,0.9999993211520455,0.9999994828811717,0.9999993211520454,0.9999995460722028,0.9999993225548947,0.9999993259514666,-1.4277061053832154e-11,-2.8943227563973816e-08,0.9999993886128751,1.8633334675991987e-08,0.9999995805608576,0.999999487351478,0.9999993211520437,-2.887083244424201e-12,-1.2173154297551844e-11,0.9999994873514771,-2.894322777432472e-08,0.9999994828811712,0.9999994877920863,0.9999993211520445,0.9999994828811727,0.9999995460722028,0.4149796835797837,0.9999994873514769,-2.2689740163846394e-08,0.9999993211520471,0.9999993211520452,0.9999994828811722
0.9999991332689534,0.5850199294337747,-2.8943222870246575e-08,0.9999991597520659,0.9999991597520642,0.4149795731028229,0.9999991597520652,-2.8400132608278588e-08,0.9999991597520638,0.9999993214811637,-1.7541379149035631e-07,0.9999991597520647,0.9999991645514846,0.9999993259514671,0.9999991597520623,0.9999991597520647,-2.840013300221378e-08,0.5850199294337832,0.9999991597520642,0.5850198988472507,-2.2689737086759483e-08,-2.4215011409772493e-08,0.9999993259514679,0.999999159752065,0.41497961881206274,0.9999991597520642,0.9999993214811647,0.9999991597520638,0.9999993846721849,0.9999993259514666,0.9999989997549005,-2.8400133344404588e-08,-2.894322295241507e-08,0.9999992272128831,1.8633331693721858e-08,0.9999994191608339,0.9999993259514681,0.999999159752063,-2.887082804926461e-12,-2.4215011413035833e-08,0.9999993259514681,-2.8943223162765975e-08,0.9999993214811631,0.9999993263920782,0.9999991597520632,0.9999993214811641,0.9999993846721842,0.41497961881206274,0.9999993259514678,-2.2689736557451287e-08,0.9999991597520657,0.9999991597520657,0.9999993214811637
-2.557764398158923e-07,-8.56168367695319e-12,7.752750900225773e-16,-2.8400133210352896e-08,-2.8400133210352836e-08,-5.715379994563073e-12,-2.840013321035286e-08,7.75751649119715e-16,-2.8400133210352872e-08,-1.427706093639627e-11,4.589388961412161e-18,-2.8400133210352853e-08,-2.8400133344404565e-08,-1.427706092164799e-11,-2.8400133210352836e-08,-2.8400133210352912e-08,7.757516673164765e-16,-8.561683693249116e-12,-2.8400133210352846e-08,-1.7031025280080216e-08,5.936551713936771e-16,6.564091743288815e-16,-1.427706114862533e-11,-2.840013321035289e-08,-5.715380651374044e-12,-2.8400133210352853e-08,-1.4277060929298968e-11,-2.8400133210352872e-08,-1.427706182186172e-11,-1.4277061053832154e-11,-2.8400133344404588e-08,-1.6479660917829956e-07,7.752751024867908e-16,-2.8400135092848883e-08,-2.145901541679573e-19,-1.4277062356405362e-11,-1.427706092164799e-11,-2.840013321035281e-08,1.7008658136358105e-19,6.564091744947294e-16,-1.427706092164799e-11,7.752751064454139e-16,-1.4277060951796413e-11,-1.4277060899854579e-11,-2.8400133210352853e-08,-1.4277060942562045e-11,-1.4277061831165839e-11,-5.715380651854859e-12,-1.4277061049229056e-11,5.936551542741926e-16,-2.8400133210352882e-08,-2.840013321035289e-08,-1.4277060926922725e-11
-2.5631953201948986e-07,-1.2733407812937252e-11,1.0184595086805101e-15,-2.8943222812406096e-08,-2.894322281240609e-08,-1.8166749075265598e-12,-2.8943222812406152e-08,7.752750583282713e-16,-2.8943222812406116e-08,-1.455007969031518e-11,6.987613224181154e-18,-2.894322281240612e-08,-2.8943222952415034e-08,-2.894322756397384e-08,-2.8943222812406116e-08,-2.8943222812406103e-08,7.752750637129815e-16,-1.2733407858858324e-11,-2.894322281240609e-08,-2.5329480841646164e-08,8.991231740080399e-16,8.126739098834047e-16,-2.894322756397383e-08,-2.8943222812406083e-08,-1.816675547863624e-12,-2.8943222812406103e-08,-1.455007969031518e-11,-2.8943222812406126e-08,-1.4550080598660293e-11,-2.8943227563973816e-08,-2.894322295241507e-08,7.752751024867908e-16,-1.64796611130603e-07,-2.894322488728985e-08,-3.2767058458154745e-17,-1.4550081086639011e-11,-2.8943227563973822e-08,-2.894322281240617e-08,2.1291659121648083e-19,8.126739121220664e-16,-2.8943227563973816e-08,1.0184595419583733e-15,-1.4550079785113289e-11,-2.894322752444083e-08,-2.8943222812406053e-08,-1.4550079680916856e-11,-1.4550080590625551e-11,-1.8166755312945849e-12,-2.8943227563973835e-08,8.991231589806812e-16,-2.894322281240614e-08,-2.8943222812406152e-08,-1.4550079671038336e-11
0.9999991959303624,0.5850199717386226,-2.894322480512149e-08,0.999999222413463,0.9999992224134605,0.41497959345939345,0.9999992224134622,-2.840013435672284e-08,0.9999992224134601,0.999999384142571,-1.7541380843527803e-07,0.9999992224134617,0.9999992272128819,0.9999993886128759,0.9999992224134607,0.9999992224134611,-2.8400134750658087e-08,0.5850199717386313,0.9999992224134607,0.585019941152099,-2.2689738665830857e-08,-2.421501298679037e-08,0.9999993886128763,0.999999222413463,0.41497963916863695,0.9999992224134607,0.9999993841425702,0.9999992224134607,0.9999994473335951,0.9999993886128751,0.9999992272128831,-2.8400135092848883e-08,-2.894322488728985e-08,0.9999991250777012,9.367176759372596e-12,0.9999994818222449,0.9999993886128768,0.9999992224134597,-2.8870830520662685e-12,-2.4215012990053795e-08,0.9999993886128766,-2.8943225097640855e-08,0.9999993841425714,0.9999993890534855,0.9999992224134605,0.9999993841425724,0.9999994473335954,0.41497963916863717,0.9999993886128768,-2.2689738136522682e-08,0.9999992224134635,0.9999992224134615,0.999999384142571
-2.0874296192296894e-07,-3.308902570066727e-12,-3.2767100214146017e-17,1.86333316104484e-08,1.8633331610448448e-08,1.267608147747427e-11,1.863333161044837e-08,-3.80974448695404e-19,1.863333161044837e-08,9.367177442324037e-12,3.348132198232905e-18,1.8633331610448415e-08,1.8633331693721802e-08,1.8633334675992037e-08,1.8633331610448435e-08,1.8633331610448388e-08,-3.631495772671759e-19,-3.3089028994826662e-12,1.8633331610448418e-08,-6.5821209924757694e-09,2.1883625761229985e-16,1.3569286071777588e-19,1.8633334675992047e-08,1.8633331610448388e-08,1.267608189959278e-11,1.8633331610448405e-08,9.367177442014225e-12,1.863333161044837e-08,9.367177803288214e-12,1.8633334675991987e-08,1.8633331693721858e-08,-2.145901541679573e-19,-3.2767058458154745e-17,9.367176759372596e-12,-1.6479661083467194e-07,9.367178141847993e-12,1.8633334675992027e-08,1.863333161044842e-08,2.5059783401578242e-19,1.3569286071777588e-19,1.8633334675992017e-08,-3.2767073939859774e-17,9.367177441905619e-12,1.8633334784458057e-08,1.863333161044837e-08,9.367177442284246e-12,9.367177836501526e-12,1.267608235641074e-11,1.8633334675992063e-08,2.1883624372427555e-16,1.8633331610448445e-08,1.8633331610448418e-08,9.367177442467719e-12
0.9999993878783526,0.5850200856203938,-1.4550081323683324e-11,0.999999414361411,0.9999994143614107,0.4149796715256388,0.9999994143614103,-1.4277061954889198e-11,0.9999994143614115,0.9999995760905522,-1.754138528764221e-07,0.9999994143614115,0.9999994191608332,0.9999995805608571,0.9999994143614095,0.9999994143614103,-1.4277062158429683e-11,0.585020085620403,0.9999994143614107,0.585020055033865,-2.2689742926845448e-08,-2.4215017585578163e-08,0.9999995805608576,0.9999994143614113,0.41497971723489074,0.9999994143614113,0.9999995760905519,0.9999994143614107,0.9999996392815881,0.9999995805608576,0.9999994191608339,-1.4277062356405362e-11,-1.4550081086639011e-11,0.9999994818222449,9.367178141847993e-12,0.9999995089736605,0.9999995805608576,0.9999994143614096,-5.74302600687007e-09,-2.4215017588841583e-08,0.9999995805608576,-1.4550081625222638e-11,0.9999995760905521,0.9999995810014668,0.9999994143614107,0.9999995760905537,0.9999996392815879,0.4149797172348911,0.9999995805608576,-2.268974239753707e-08,0.999999414361412,0.9999994143614107,0.9999995760905521
