0.9999999854819672,-7.655143196532786e-06,0.9999914276404265,-8.554423169615593e-06,-7.655143203162275e-06,0.9999924419574561,0.9999929586856592,-8.554423171577144e-06,0.9999924419574603,-6.723360397050056e-06,-6.7233603960398146e-06,0.9999913187710475,0.9999917128377164,0.999991272081994,0.9999917128377174,0.9999917128377163,0.9999924419574607,0.9999924419574597,0.9999929586856607,-6.7479295829577895e-06,-6.74792958326764e-06,0.9999929586856566,0.9999910481450662,-6.747929582990618e-06,0.9999924419574608,-6.752315917053339e-06,0.9999913187710476,-6.723360399732232e-06,-6.691179792477727e-06,-6.691426039553046e-06,0.9999924419574597,0.9999929586856557,0.9999917128377142,0.99999171283771,-6.72336039590931e-06,0.9999929586856564,-6.723360396025699e-06,0.9999917128377164,0.9999924419574607,0.9999924419574586,-6.752315913973191e-06,-6.691426039554997e-06,0.9999924419574594,0.9999929586856608
-7.655143196532786e-06,-6.474630147900381e-06,-1.4857745481814995e-06,1.74358188819581e-15,2.1590797039571504e-12,-7.478020088538249e-10,-1.485776818489005e-06,1.743260143299916e-15,-7.478020088313018e-10,4.064435288271065e-16,4.0661439739792373e-16,-1.4857743866732293e-06,-1.485774970126977e-06,-1.4857743177954494e-06,-1.4857749701269748e-06,-1.4857749701269735e-06,-7.4780200875192e-10,-7.478020089940943e-10,-1.4857768184890017e-06,4.2449646943410963e-16,4.2454690384092054e-16,-1.4857768184890038e-06,-1.4857739860534705e-06,4.2449646943410963e-16,-7.478020088395582e-10,4.2819739600176733e-16,-1.48577438667323e-06,4.0669648919629645e-16,3.838605330475816e-16,3.838493851276148e-16,-7.478020090239646e-10,-1.4857768184890025e-06,-1.4857749701269729e-06,-1.4857749701269735e-06,4.0669648919629645e-16,-1.4857768184890004e-06,4.0661439739792373e-16,-1.4857749701269743e-06,-7.478020087746292e-10,-7.4780200875192e-10,4.2792252420544056e-16,3.8384938492292975e-16,-7.478020089940943e-10,-1.485776818489e-06
0.9999914276404265,-1.4857745481814995e-06,0.9999903069306854,-2.3850544308603245e-06,-1.4857745501023521e-06,0.9999977958784801,0.9999983126062532,-2.385054430363403e-06,0.9999977958784813,-5.53991818350148e-07,-5.539918177328741e-07,0.9999966726928766,0.9999970667592636,0.999996626003852,0.9999970667592609,0.99999706675926,0.9999977958784813,0.9999977958784807,0.9999983126062509,-5.785610038143538e-07,-5.785610031706356e-07,0.9999983126062532,0.9999964020670855,-5.7856100412299e-07,0.9999977958784813,-5.829473244742351e-07,0.999996672692877,-5.539918173707096e-07,-5.218111841832016e-07,-5.220574261829911e-07,0.9999977958784809,0.9999983126062509,0.999997066759259,0.9999970667592617,-5.539918184902971e-07,0.9999983126062505,-5.53991818129582e-07,0.9999970667592626,0.999997795878481,0.999997795878482,-5.829473245911109e-07,-5.220574264920886e-07,0.9999977958784807,0.9999983126062515
-8.554423169615593e-06,1.74358188819581e-15,-2.3850544308603245e-06,-6.474626751494067e-06,1.7434083647311715e-15,-2.385056841684185e-06,-1.2004172665917199e-09,5.5571831537551736e-12,-2.3850568416841873e-06,6.524740223280677e-16,6.523516873660257e-16,-2.3850541716111484e-06,-2.3850551081258094e-06,-2.3850540610599864e-06,-2.385055108125807e-06,-2.385055108125804e-06,-2.3850568416841852e-06,-2.385056841684184e-06,-1.200417266463686e-09,6.810803405688544e-16,6.810093892915943e-16,-1.2004172665917199e-09,-2.3850535285684076e-06,6.810803405689536e-16,-2.385056841684184e-06,6.866758242430552e-16,-2.3850541716111484e-06,6.52399218071626e-16,6.161922627281353e-16,6.160544046024479e-16,-2.385056841684185e-06,-1.200417266463686e-09,-2.385055108125803e-06,-2.3850551081258086e-06,6.524363157218919e-16,-1.2004172667940108e-09,6.523558107705555e-16,-2.3850551081258094e-06,-2.385056841684184e-06,-2.3850568416841873e-06,6.86768415587085e-16,6.160544044799855e-16,-2.385056841684184e-06,-1.2004172667940108e-09
-7.655143203162275e-06,2.1590797039571504e-12,-1.4857745501023521e-06,1.7434083647311715e-15,-6.474630147900381e-06,-7.478020098804601e-10,-1.485776820409861e-06,1.7433841357715432e-15,-7.478020098808758e-10,4.064834086912782e-16,4.064763497765547e-16,-1.4857743885940791e-06,-1.485774972047829e-06,-1.4857743197163003e-06,-1.485774972047828e-06,-1.4857749720478257e-06,-7.478020098594632e-10,-7.478020099077345e-10,-1.485776820409858e-06,4.2439734247308095e-16,4.2455208129128956e-16,-1.485776820409858e-06,-1.485773987974322e-06,4.2449646943410963e-16,-7.478020098475431e-10,4.2802223611981916e-16,-1.4857743885940796e-06,4.0669648919629645e-16,3.8409389227935174e-16,3.838493851276148e-16,-7.478020098594632e-10,-1.485776820409858e-06,-1.4857749720478238e-06,-1.4857749720478276e-06,4.0661439739792373e-16,-1.4857768204098577e-06,4.065330965932363e-16,-1.4857749720478276e-06,-7.478020098360855e-10,-7.478020099077345e-10,4.2792252420544056e-16,3.8367099693981597e-16,-7.478020098573319e-10,-1.4857768204098562e-06
0.9999924419574561,-7.478020088538249e-10,0.9999977958784801,-2.385056841684185e-06,-7.478020098804601e-10,0.99999233556434,0.9999993269241159,-2.385056841187258e-06,0.99999881019582,-2.788284365551818e-10,-2.7882843616078976e-10,0.9999976870090753,0.9999980810758623,0.9999976403200034,0.9999980810758612,0.9999980810758611,0.99999881019582,0.99999881019582,0.9999993269241131,-2.911943006950363e-10,-2.911943003952459e-10,0.9999993269241163,0.9999974163830103,-2.911943008683397e-10,0.9999988101958203,-2.9340197023077887e-10,0.9999976870090757,-2.788284360430558e-10,-2.626316700766286e-10,-2.6275560560274733e-10,0.9999988101958203,0.9999993269241133,0.9999980810758601,0.9999980810758611,-2.7882843654135167e-10,0.9999993269241125,-2.7882843639204174e-10,0.9999980810758606,0.99999881019582,0.9999988101958208,-2.9340197038880754e-10,-2.6275560567485943e-10,0.99999881019582,0.9999993269241128
0.9999929586856592,-1.485776818489005e-06,0.9999983126062532,-1.2004172665917199e-09,-1.485776820409861e-06,0.9999993269241159,0.9999933690212158,-1.2004172663355338e-09,0.999999326924117,-2.78828580821751e-10,-2.7882858029844644e-10,0.9999982037367918,0.9999985978037812,0.999998157047695,0.9999985978037812,0.9999985978037796,0.9999993269241166,0.9999993269241164,0.9999998436526795,-2.9119445123702025e-10,-2.911944510231464e-10,0.9999998436526801,0.9999979331105863,-2.911944513987431e-10,0.9999993269241174,-2.934021217911223e-10,0.9999982037367916,-2.788285802645273e-10,-2.6263180592383013e-10,-2.6275574131993094e-10,0.9999993269241166,0.9999998436526796,0.9999985978037808,0.9999985978037813,-2.788285807492321e-10,0.9999998436526787,-2.7882858061915316e-10,0.9999985978037804,0.999999326924118,0.999999326924117,-2.934021219098853e-10,-2.6275574161655646e-10,0.9999993269241174,0.9999998436526779
-8.554423171577144e-06,1.743260143299916e-15,-2.385054430363403e-06,5.5571831537551736e-12,1.7433841357715432e-15,-2.385056841187258e-06,-1.2004172663355338e-09,-6.474626751494067e-06,-2.3850568411872657e-06,6.524363157218919e-16,6.525221896979548e-16,-2.38505417111423e-06,-2.3850551076288874e-06,-2.385054060563069e-06,-2.3850551076288857e-06,-2.385055107628884e-06,-2.3850568411872653e-06,-2.3850568411872623e-06,-1.2004172665113917e-09,6.810538145397239e-16,6.80924243814206e-16,-1.2004172663544898e-09,-2.3850535280714945e-06,6.810983050726106e-16,-2.3850568411872645e-06,6.866758242430552e-16,-2.385054171114231e-06,6.523483541733024e-16,6.16126118553298e-16,6.162862785082839e-16,-2.3850568411872623e-06,-1.2004172663544898e-09,-2.3850551076288844e-06,-2.385055107628886e-06,6.523483541733024e-16,-1.2004172665163507e-09,6.5239921787469e-16,-2.3850551076288844e-06,-2.3850568411872636e-06,-2.3850568411872628e-06,6.868468048721589e-16,6.16286278508284e-16,-2.3850568411872645e-06,-1.2004172665687038e-09
0.9999924419574603,-7.478020088313018e-10,0.9999977958784813,-2.3850568416841873e-06,-7.478020098808758e-10,0.99999881019582,0.999999326924117,-2.3850568411872657e-06,0.9999923355643412,-2.788284364713301e-10,-2.788284361822676e-10,0.9999976870090771,0.9999980810758633,0.9999976403200034,0.9999980810758631,0.9999980810758606,0.9999988101958209,0.9999988101958209,0.9999993269241155,-2.911943007106097e-10,-2.9119430042627055e-10,0.999999326924117,0.9999974163830103,-2.911943008555442e-10,0.9999988101958214,-2.93401970245904e-10,0.9999976870090781,-2.7882843609849184e-10,-2.6263167005839895e-10,-2.627556056845238e-10,0.9999988101958212,0.9999993269241141,0.9999980810758603,0.999998081075862,-2.7882843654135167e-10,0.9999993269241136,-2.7882843637227016e-10,0.9999980810758622,0.9999988101958217,0.9999988101958219,-2.934019702833377e-10,-2.627556057835031e-10,0.9999988101958208,0.9999993269241146
-6.723360397050056e-06,4.064435288271065e-16,-5.53991818350148e-07,6.524740223280677e-16,4.064834086912782e-16,-2.788284365551818e-10,-2.78828580821751e-10,6.524363157218919e-16,-2.788284364713301e-10,-6.474632009560091e-06,3.0210118016245073e-13,-2.788281241589045e-10,-2.7882823372617293e-10,-5.539917324059936e-07,-2.7882823370354613e-10,-2.788282336942581e-10,-2.7882843652315814e-10,-2.7882843644467835e-10,-2.7882858082963014e-10,1.5869970706557245e-16,1.5872199615911063e-16,-2.788285807074282e-10,-5.539916086554906e-07,1.5875296599569272e-16,-2.7882843646405144e-10,1.5996693323340662e-16,-2.788281242757797e-10,3.0210118005001763e-13,1.4346040386851382e-16,1.4366586504617487e-16,-2.7882843654865283e-10,-2.7882858083140837e-10,-2.788282337288241e-10,-2.78828233728437e-10,3.021011805689128e-13,-2.7882858071635934e-10,3.0210118028770074e-13,-2.788282337089891e-10,-2.7882843652895327e-10,-2.788284365781434e-10,1.5996693323340662e-16,1.4362473880248927e-16,-2.7882843646405144e-10,-2.788285808175933e-10
-6.7233603960398146e-06,4.0661439739792373e-16,-5.539918177328741e-07,6.523516873660257e-16,4.064763497765547e-16,-2.7882843616078976e-10,-2.7882858029844644e-10,6.525221896979548e-16,-2.788284361822676e-10,3.0210118016245073e-13,-6.474632009560091e-06,-2.788281239006264e-10,-2.788282334150772e-10,-5.53991731788719e-07,-2.788282334070319e-10,-2.788282334070381e-10,-2.7882843618709503e-10,-2.788284361539049e-10,-2.7882858033708876e-10,1.5880823256216918e-16,1.5869970706557245e-16,-2.788285804885894e-10,-5.539916080382163e-07,1.5875389983916233e-16,-2.788284361441188e-10,1.598257382820665e-16,-2.7882812388302734e-10,3.0210117976412914e-13,1.436796581030553e-16,1.4379151191775793e-16,-2.788284361759411e-10,-2.788285804885894e-10,-2.78828233408812e-10,-2.78828233405078e-10,3.021011802830238e-13,-2.78828580380371e-10,3.0210118000181184e-13,-2.7882823341451847e-10,-2.788284362211633e-10,-2.7882843615321247e-10,1.5998461012104821e-16,1.4379151191775793e-16,-2.7882843612232e-10,-2.788285803385664e-10
0.9999913187710475,-1.4857743866732293e-06,0.9999966726928766,-2.3850541716111484e-06,-1.4857743885940791e-06,0.9999976870090753,0.9999982037367918,-2.38505417111423e-06,0.9999976870090771,-2.788281241589045e-10,-2.788281239006264e-10,0.999990089192107,0.9999969578899375,0.9999965171345735,0.9999969578899365,0.9999969578899353,0.9999976870090768,0.9999976870090778,0.9999982037367892,-5.785609409083877e-07,-5.785609402646696e-07,0.9999982037367913,0.9999962931978317,-5.785609412170244e-07,0.9999976870090765,-5.829472610874716e-07,0.9999965638235925,-2.7882812371053294e-10,-2.626313758767979e-10,-2.6275531104271516e-10,0.9999976870090778,0.9999982037367899,0.9999969578899348,0.9999969578899365,-2.7882812421540397e-10,0.999998203736789,-2.7882812404044664e-10,0.9999969578899365,0.9999976870090778,0.9999976870090775,-5.829472612043464e-07,-2.6275531131410133e-10,0.9999976870090768,0.9999982037367892
0.9999917128377164,-1.485774970126977e-06,0.9999970667592636,-2.3850551081258094e-06,-1.485774972047829e-06,0.9999980810758623,0.9999985978037812,-2.3850551076288874e-06,0.9999980810758633,-2.7882823372617293e-10,-2.788282334150772e-10,0.9999969578899375,0.9999908773249475,0.9999969112008994,0.9999973519564355,0.9999973519564342,0.9999980810758639,0.9999980810758633,0.99999859780378,-2.911940888978539e-10,-2.9119408861102616e-10,0.9999985978037812,0.9999966872640693,-2.9119408907544537e-10,0.9999980810758644,-2.934017568647725e-10,0.9999969578899375,-2.788282332342757e-10,-2.626314790205884e-10,-2.627554144280523e-10,0.9999980810758633,0.99999859780378,0.9999973519564348,0.9999973519564355,-2.7882823381158295e-10,0.9999985978037802,-2.788282335678064e-10,0.9999973519564355,0.9999980810758644,0.9999980810758634,-2.934017569311444e-10,-2.627554145038567e-10,0.9999980810758627,0.9999985978037805
0.999991272081994,-1.4857743177954494e-06,0.999996626003852,-2.3850540610599864e-06,-1.4857743197163003e-06,0.9999976403200034,0.999998157047695,-2.385054060563069e-06,0.9999976403200034,-5.539917324059936e-07,-5.53991731788719e-07,0.9999965171345735,0.9999969112008994,0.9999899958140687,0.9999969112008988,0.9999969112008978,0.9999976403200054,0.9999976403200039,0.9999981570476926,-5.785609140633589e-07,-5.785609134196395e-07,0.999998157047695,0.9999962465088252,-5.785609143719947e-07,0.9999976403200036,-5.82947234032597e-07,0.9999965171345738,-5.539917314265541e-07,-2.626313636619241e-10,-2.6275529889977625e-10,0.9999976403200039,0.9999981570476925,0.999996911200897,0.9999969112008978,-5.539917325461423e-07,0.9999981570476922,-5.539917321854272e-07,0.9999969112008978,0.9999976403200053,0.9999976403200042,-5.829472341494722e-07,-2.627552992188886e-10,0.9999976403200043,0.9999981570476926
0.9999917128377174,-1.4857749701269748e-06,0.9999970667592609,-2.385055108125807e-06,-1.485774972047828e-06,0.9999980810758612,0.9999985978037812,-2.3850551076288857e-06,0.9999980810758631,-2.7882823370354613e-10,-2.788282334070319e-10,0.9999969578899365,0.9999973519564355,0.9999969112008988,0.9999908773249508,0.9999973519564337,0.9999980810758633,0.9999980810758617,0.9999985978037802,-2.911940888728606e-10,-2.9119408860722573e-10,0.9999985978037813,0.9999966872640681,-2.911940890520693e-10,0.9999980810758633,-2.934017568626733e-10,0.9999969578899365,-2.7882823323393895e-10,-2.6263147903286154e-10,-2.627554143947239e-10,0.9999980810758616,0.9999985978037802,0.9999973519564337,0.9999973519564355,-2.7882823381454477e-10,0.9999985978037789,-2.7882823363076933e-10,0.9999973519564348,0.9999980810758633,0.9999980810758625,-2.9340175696137557e-10,-2.6275541459628517e-10,0.9999980810758629,0.9999985978037793
0.9999917128377163,-1.4857749701269735e-06,0.99999706675926,-2.385055108125804e-06,-1.4857749720478257e-06,0.9999980810758611,0.9999985978037796,-2.385055107628884e-06,0.9999980810758606,-2.788282336942581e-10,-2.788282334070381e-10,0.9999969578899353,0.9999973519564342,0.9999969112008978,0.9999973519564337,0.9999908773249444,0.9999980810758616,0.999998081075862,0.9999985978037783,-2.9119408890702653e-10,-2.9119408857678243e-10,0.9999985978037802,0.9999966872640682,-2.9119408909639795e-10,0.9999980810758614,-2.934017568952498e-10,0.9999969578899356,-2.788282332371977e-10,-2.626314790205747e-10,-2.6275541439049747e-10,0.999998081075862,0.9999985978037796,0.9999973519564318,0.9999973519564327,-2.788282337773771e-10,0.9999985978037774,-2.788282336119549e-10,0.9999973519564337,0.9999980810758623,0.9999980810758625,-2.934017569130743e-10,-2.6275541456910655e-10,0.999998081075862,0.9999985978037778
0.9999924419574607,-7.4780200875192e-10,0.9999977958784813,-2.3850568416841852e-06,-7.478020098594632e-10,0.99999881019582,0.9999993269241166,-2.3850568411872653e-06,0.9999988101958209,-2.7882843652315814e-10,-2.7882843618709503e-10,0.9999976870090768,0.9999980810758639,0.9999976403200054,0.9999980810758633,0.9999980810758616,0.9999923355643451,0.9999988101958214,0.9999993269241159,-2.911943006983371e-10,-2.9119430044443223e-10,0.9999993269241174,0.9999974163830105,-2.911943008555442e-10,0.9999988101958214,-2.93401970245904e-10,0.9999976870090765,-2.7882843597646863e-10,-2.6263167005040926e-10,-2.6275560560319406e-10,0.9999988101958214,0.9999993269241166,0.999998081075862,0.9999980810758634,-2.788284365741486e-10,0.9999993269241155,-2.7882843636501124e-10,0.9999980810758639,0.9999988101958214,0.9999988101958208,-2.934019703906275e-10,-2.6275560569671324e-10,0.9999988101958208,0.9999993269241155
0.9999924419574597,-7.478020089940943e-10,0.9999977958784807,-2.385056841684184e-06,-7.478020099077345e-10,0.99999881019582,0.9999993269241164,-2.3850568411872623e-06,0.9999988101958209,-2.7882843644467835e-10,-2.788284361539049e-10,0.9999976870090778,0.9999980810758633,0.9999976403200039,0.9999980810758617,0.999998081075862,0.9999988101958214,0.99999233556434,0.9999993269241146,-2.911943007411839e-10,-2.911943003952459e-10,0.9999993269241158,0.9999974163830112,-2.9119430082277296e-10,0.99999881019582,-2.934019703111315e-10,0.9999976870090778,-2.78828436069018e-10,-2.6263167005839895e-10,-2.6275560556042484e-10,0.9999988101958198,0.999999326924115,0.9999980810758614,0.999998081075862,-2.788284365499979e-10,0.999999326924115,-2.788284364199948e-10,0.999998081075862,0.9999988101958212,0.9999988101958217,-2.9340197030696086e-10,-2.6275560569671324e-10,0.9999988101958209,0.999999326924115
0.9999929586856607,-1.4857768184890017e-06,0.9999983126062509,-1.200417266463686e-09,-1.485776820409858e-06,0.9999993269241131,0.9999998436526795,-1.2004172665113917e-09,0.9999993269241155,-2.7882858082963014e-10,-2.7882858033708876e-10,0.9999982037367892,0.99999859780378,0.9999981570476926,0.9999985978037802,0.9999985978037783,0.9999993269241159,0.9999993269241146,0.999993369021212,-2.9119445122813395e-10,-2.9119445097317486e-10,0.9999998436526779,0.9999979331105845,-2.9119445139874425e-10,0.9999993269241158,-2.934021217911223e-10,0.9999982037367902,-2.7882858025768996e-10,-2.626318059244796e-10,-2.627557413740385e-10,0.9999993269241148,0.9999998436526768,0.9999985978037796,0.9999985978037799,-2.7882858083748753e-10,0.9999998436526759,-2.7882858064133426e-10,0.99999859780378,0.9999993269241164,0.9999993269241161,-2.934021219539336e-10,-2.627557415599012e-10,0.9999993269241144,0.9999998436526766
-6.7479295829577895e-06,4.2449646943410963e-16,-5.785610038143538e-07,6.810803405688544e-16,4.2439734247308095e-16,-2.911943006950363e-10,-2.9119445123702025e-10,6.810538145397239e-16,-2.911943007106097e-10,1.5869970706557245e-16,1.5880823256216918e-16,-5.785609409083877e-07,-2.911940888978539e-10,-5.785609140633589e-07,-2.911940888728606e-10,-2.9119408890702653e-10,-2.911943006983371e-10,-2.911943007411839e-10,-2.9119445122813395e-10,-6.47463198046107e-06,3.292763370865128e-13,-2.9119445129527393e-10,-2.9119389590914437e-10,3.2927633776310447e-13,-2.9119430071222906e-10,3.320066028283942e-13,-5.785609409083883e-07,1.5878529848799947e-16,2.977612540112633e-13,1.49805666342632e-16,-2.911943007106097e-10,-2.91194451182032e-10,-2.911940889350226e-10,-2.9119408892387367e-10,1.5879625796042438e-16,-2.9119445118258024e-10,1.5879072406772527e-16,-2.911940889204674e-10,-2.9119430064904523e-10,-2.91194300697727e-10,3.320066029099986e-13,1.4977090007568978e-16,-2.911943007411839e-10,-2.9119445120501255e-10
-6.74792958326764e-06,4.2454690384092054e-16,-5.785610031706356e-07,6.810093892915943e-16,4.2455208129128956e-16,-2.911943003952459e-10,-2.911944510231464e-10,6.80924243814206e-16,-2.9119430042627055e-10,1.5872199615911063e-16,1.5869970706557245e-16,-5.785609402646696e-07,-2.9119408861102616e-10,-5.785609134196395e-07,-2.9119408860722573e-10,-2.9119408857678243e-10,-2.9119430044443223e-10,-2.911943003952459e-10,-2.9119445097317486e-10,3.292763370865128e-13,-6.47463198046107e-06,-2.911944509797614e-10,-2.9119389565708285e-10,3.2927633717093503e-13,-2.911943004072654e-10,3.320066022320344e-13,-5.785609402646692e-07,1.5875389983916233e-16,2.9776125347852596e-13,1.4977090007568978e-16,-2.9119430044443223e-10,-2.911944510231464e-10,-2.911940886172609e-10,-2.9119408858830066e-10,1.5860831109247255e-16,-2.9119445093810727e-10,1.587735433149065e-16,-2.911940885855883e-10,-2.911943004359674e-10,-2.91194300387949e-10,3.320066023136389e-13,1.496446323108912e-16,-2.9119430042627055e-10,-2.911944510231464e-10
0.9999929586856566,-1.4857768184890038e-06,0.9999983126062532,-1.2004172665917199e-09,-1.485776820409858e-06,0.9999993269241163,0.9999998436526801,-1.2004172663544898e-09,0.999999326924117,-2.788285807074282e-10,-2.788285804885894e-10,0.9999982037367913,0.9999985978037812,0.999998157047695,0.9999985978037813,0.9999985978037802,0.9999993269241174,0.9999993269241158,0.9999998436526779,-2.9119445129527393e-10,-2.911944509797614e-10,0.9999933690212145,0.9999979331105863,-2.9119445151353727e-10,0.9999993269241172,-2.9340212194359095e-10,0.9999982037367904,-2.7882858023867525e-10,-2.6263180590879747e-10,-2.6275574131993094e-10,0.9999993269241158,0.9999998436526782,0.9999985978037802,0.9999985978037799,-2.7882858081104453e-10,0.9999998436526779,-2.7882858064133426e-10,0.9999985978037802,0.9999993269241174,0.9999993269241175,-2.9340212196873915e-10,-2.6275574156392115e-10,0.9999993269241164,0.9999998436526777
0.9999910481450662,-1.4857739860534705e-06,0.9999964020670855,-2.3850535285684076e-06,-1.485773987974322e-06,0.9999974163830103,0.9999979331105863,-2.3850535280714945e-06,0.9999974163830103,-5.539916086554906e-07,-5.539916080382163e-07,0.9999962931978317,0.9999966872640693,0.9999962465088252,0.9999966872640681,0.9999966872640682,0.9999974163830105,0.9999974163830112,0.9999979331105845,-2.9119389590914437e-10,-2.9119389565708285e-10,0.9999979331105863,0.9999895479406523,-2.9119389619119544e-10,0.9999974163830107,-2.9340156247353164e-10,0.9999962931978317,-5.539916076760513e-07,-2.626313049705721e-10,-2.627552402702477e-10,0.9999974163830112,0.9999979331105844,0.9999966872640675,0.999996687264069,-5.53991608795638e-07,0.9999979331105842,-5.539916084349243e-07,0.9999966872640688,0.9999974163830114,0.9999974163830118,-2.934015625160143e-10,-2.627552404604934e-10,0.9999974163830098,0.9999979331105845
-6.747929582990618e-06,4.2449646943410963e-16,-5.7856100412299e-07,6.810803405689536e-16,4.2449646943410963e-16,-2.911943008683397e-10,-2.911944513987431e-10,6.810983050726106e-16,-2.911943008555442e-10,1.5875296599569272e-16,1.5875389983916233e-16,-5.785609412170244e-07,-2.9119408907544537e-10,-5.785609143719947e-07,-2.911940890520693e-10,-2.9119408909639795e-10,-2.911943008555442e-10,-2.9119430082277296e-10,-2.9119445139874425e-10,3.2927633776310447e-13,3.2927633717093503e-13,-2.9119445151353727e-10,-2.9119389619119544e-10,-6.47463198046107e-06,-2.9119430085260787e-10,3.3200660290936806e-13,-5.785609412170245e-07,1.5870380390414774e-16,2.9776125407403355e-13,1.4958999196044903e-16,-2.91194300860903e-10,-2.9119445146819686e-10,-2.9119408903085356e-10,-2.911940890645449e-10,1.5872353128774174e-16,-2.9119445137904515e-10,1.5875389983916233e-16,-2.9119408904941394e-10,-2.911943008601995e-10,-2.9119430087684286e-10,3.320066029909723e-13,1.4948509753841039e-16,-2.9119430092484183e-10,-2.9119445138660594e-10
0.9999924419574608,-7.478020088395582e-10,0.9999977958784813,-2.385056841684184e-06,-7.478020098475431e-10,0.9999988101958203,0.9999993269241174,-2.3850568411872645e-06,0.9999988101958214,-2.7882843646405144e-10,-2.788284361441188e-10,0.9999976870090765,0.9999980810758644,0.9999976403200036,0.9999980810758633,0.9999980810758614,0.9999988101958214,0.99999881019582,0.9999993269241158,-2.9119430071222906e-10,-2.911943004072654e-10,0.9999993269241172,0.9999974163830107,-2.9119430085260787e-10,0.9999923355643486,-2.9340197027069054e-10,0.9999976870090778,-2.788284360294476e-10,-2.6263167005040926e-10,-2.6275560566709154e-10,0.9999988101958203,0.9999993269241155,0.9999980810758614,0.9999980810758633,-2.7882843655876455e-10,0.9999993269241148,-2.788284363566569e-10,0.9999980810758633,0.9999988101958214,0.9999988101958227,-2.93401970292604e-10,-2.62755605700711e-10,0.9999988101958217,0.9999993269241155
-6.752315917053339e-06,4.2819739600176733e-16,-5.829473244742351e-07,6.866758242430552e-16,4.2802223611981916e-16,-2.9340197023077887e-10,-2.934021217911223e-10,6.866758242430552e-16,-2.93401970245904e-10,1.5996693323340662e-16,1.598257382820665e-16,-5.829472610874716e-07,-2.934017568647725e-10,-5.82947234032597e-07,-2.934017568626733e-10,-2.934017568952498e-10,-2.93401970245904e-10,-2.934019703111315e-10,-2.934021217911223e-10,3.320066028283942e-13,3.320066022320344e-13,-2.9340212194359095e-10,-2.9340156247353164e-10,3.3200660290936806e-13,-2.9340197027069054e-10,-6.474631973290141e-06,-5.829472610874719e-07,1.598210570387047e-16,1.523078644492456e-16,1.5134070000742228e-16,-2.934019701750859e-10,-2.934021217911223e-10,-2.9340175689443603e-10,-2.9340175689629817e-10,1.598257382820665e-16,-2.934021218617352e-10,1.5993001576448645e-16,-2.9340175687076165e-10,-2.93401970270344e-10,-2.934019702689149e-10,3.347506748053258e-13,1.5134070000742218e-16,-2.934019702502286e-10,-2.934021220197958e-10
0.9999913187710476,-1.48577438667323e-06,0.999996672692877,-2.3850541716111484e-06,-1.4857743885940796e-06,0.9999976870090757,0.9999982037367916,-2.385054171114231e-06,0.9999976870090781,-2.788281242757797e-10,-2.7882812388302734e-10,0.9999965638235925,0.9999969578899375,0.9999965171345738,0.9999969578899365,0.9999969578899356,0.9999976870090765,0.9999976870090778,0.9999982037367902,-5.785609409083883e-07,-5.785609402646692e-07,0.9999982037367904,0.9999962931978317,-5.785609412170245e-07,0.9999976870090778,-5.829472610874719e-07,0.9999900891921023,-2.788281237303242e-10,-2.6263137562674733e-10,-2.627553111948953e-10,0.9999976870090778,0.9999982037367899,0.9999969578899358,0.9999969578899364,-2.788281242743413e-10,0.999998203736789,-2.788281240484388e-10,0.9999969578899365,0.9999976870090773,0.9999976870090771,-5.829472612043469e-07,-2.6275531128389394e-10,0.9999976870090765,0.9999982037367885
-6.723360399732232e-06,4.0669648919629645e-16,-5.539918173707096e-07,6.52399218071626e-16,4.0669648919629645e-16,-2.788284360430558e-10,-2.788285802645273e-10,6.523483541733024e-16,-2.7882843609849184e-10,3.0210118005001763e-13,3.0210117976412914e-13,-2.7882812371053294e-10,-2.788282332342757e-10,-5.539917314265541e-07,-2.7882823323393895e-10,-2.788282332371977e-10,-2.7882843597646863e-10,-2.78828436069018e-10,-2.7882858025768996e-10,1.5878529848799947e-16,1.5875389983916233e-16,-2.7882858023867525e-10,-5.539916076760513e-07,1.5870380390414774e-16,-2.788284360294476e-10,1.598210570387047e-16,-2.788281237303242e-10,-6.474632009560091e-06,1.4346040383845482e-16,1.4379151191775793e-16,-2.7882843609849184e-10,-2.788285802645273e-10,-2.7882823323822653e-10,-2.7882823323393895e-10,3.0210118017059066e-13,-2.788285802303885e-10,3.0210117988937894e-13,-2.7882823320452993e-10,-2.788284359891993e-10,-2.7882843605973874e-10,1.6003000141631553e-16,1.4362473880248927e-16,-2.788284360387964e-10,-2.78828580343128e-10
-6.691179792477727e-06,3.838605330475816e-16,-5.218111841832016e-07,6.161922627281353e-16,3.8409389227935174e-16,-2.626316700766286e-10,-2.6263180592383013e-10,6.16126118553298e-16,-2.6263167005839895e-10,1.4346040386851382e-16,1.436796581030553e-16,-2.626313758767979e-10,-2.626314790205884e-10,-2.626313636619241e-10,-2.6263147903286154e-10,-2.626314790205747e-10,-2.6263167005040926e-10,-2.6263167005839895e-10,-2.626318059244796e-10,2.977612540112633e-13,2.9776125347852596e-13,-2.6263180590879747e-10,-2.626313049705721e-10,2.9776125407403355e-13,-2.6263167005040926e-10,1.523078644492456e-16,-2.6263137562674733e-10,1.4346040383845482e-16,-6.474632038384355e-06,1.3509985327962627e-16,-2.62631670043311e-10,-2.62631805913617e-10,-2.6263147902887717e-10,-2.626314790346672e-10,1.4367965810304865e-16,-2.62631805911726e-10,1.43523098878092e-16,-2.6263147903116034e-10,-2.626316701680777e-10,-2.6263167005040926e-10,1.5180781822845563e-16,1.3609421423452186e-16,-2.6263167005040926e-10,-2.626318059242245e-10
-6.691426039553046e-06,3.838493851276148e-16,-5.220574261829911e-07,6.160544046024479e-16,3.838493851276148e-16,-2.6275560560274733e-10,-2.6275574131993094e-10,6.162862785082839e-16,-2.627556056845238e-10,1.4366586504617487e-16,1.4379151191775793e-16,-2.6275531104271516e-10,-2.627554144280523e-10,-2.6275529889977625e-10,-2.627554143947239e-10,-2.6275541439049747e-10,-2.6275560560319406e-10,-2.6275560556042484e-10,-2.627557413740385e-10,1.49805666342632e-16,1.4977090007568978e-16,-2.6275574131993094e-10,-2.627552402702477e-10,1.4958999196044903e-16,-2.6275560566709154e-10,1.5134070000742228e-16,-2.627553111948953e-10,1.4379151191775793e-16,1.3509985327962627e-16,-6.47463203742186e-06,-2.627556056465936e-10,-2.627557414051427e-10,-2.6275541441270665e-10,-2.627554144284778e-10,1.4379151191775793e-16,-2.627557414040051e-10,1.4362473880248927e-16,-2.6275541440384367e-10,-2.6275560566709154e-10,-2.6275560560319406e-10,1.5134070000742218e-16,2.694069161660206e-13,-2.6275560566709154e-10,-2.627557413897902e-10
0.9999924419574597,-7.478020090239646e-10,0.9999977958784809,-2.385056841684185e-06,-7.478020098594632e-10,0.9999988101958203,0.9999993269241166,-2.3850568411872623e-06,0.9999988101958212,-2.7882843654865283e-10,-2.788284361759411e-10,0.9999976870090778,0.9999980810758633,0.9999976403200039,0.9999980810758616,0.999998081075862,0.9999988101958214,0.9999988101958198,0.9999993269241148,-2.911943007106097e-10,-2.9119430044443223e-10,0.9999993269241158,0.9999974163830112,-2.91194300860903e-10,0.9999988101958203,-2.934019701750859e-10,0.9999976870090778,-2.7882843609849184e-10,-2.62631670043311e-10,-2.627556056465936e-10,0.99999233556434,0.9999993269241152,0.9999980810758614,0.999998081075862,-2.7882843655876455e-10,0.9999993269241152,-2.788284363824752e-10,0.9999980810758625,0.9999988101958214,0.9999988101958219,-2.9340197040062526e-10,-2.627556056860629e-10,0.9999988101958209,0.9999993269241152
0.9999929586856557,-1.4857768184890025e-06,0.9999983126062509,-1.200417266463686e-09,-1.485776820409858e-06,0.9999993269241133,0.9999998436526796,-1.2004172663544898e-09,0.9999993269241141,-2.7882858083140837e-10,-2.788285804885894e-10,0.9999982037367899,0.99999859780378,0.9999981570476925,0.9999985978037802,0.9999985978037796,0.9999993269241166,0.999999326924115,0.9999998436526768,-2.91194451182032e-10,-2.911944510231464e-10,0.9999998436526782,0.9999979331105844,-2.9119445146819686e-10,0.9999993269241155,-2.934021217911223e-10,0.9999982037367899,-2.788285802645273e-10,-2.62631805913617e-10,-2.627557414051427e-10,0.9999993269241152,0.999993369021212,0.9999985978037796,0.9999985978037802,-2.7882858091168537e-10,0.9999998436526759,-2.788285804872176e-10,0.99999859780378,0.9999993269241163,0.9999993269241158,-2.934021220649811e-10,-2.627557415909701e-10,0.9999993269241148,0.9999998436526768
0.9999917128377142,-1.4857749701269729e-06,0.999997066759259,-2.385055108125803e-06,-1.4857749720478238e-06,0.9999980810758601,0.9999985978037808,-2.3850551076288844e-06,0.9999980810758603,-2.788282337288241e-10,-2.78828233408812e-10,0.9999969578899348,0.9999973519564348,0.999996911200897,0.9999973519564337,0.9999973519564318,0.999998081075862,0.9999980810758614,0.9999985978037796,-2.911940889350226e-10,-2.911940886172609e-10,0.9999985978037802,0.9999966872640675,-2.9119408903085356e-10,0.9999980810758614,-2.9340175689443603e-10,0.9999969578899358,-2.7882823323822653e-10,-2.6263147902887717e-10,-2.6275541441270665e-10,0.9999980810758614,0.9999985978037796,0.999990877324948,0.9999973519564337,-2.788282338177152e-10,0.9999985978037788,-2.7882823364411325e-10,0.9999973519564337,0.9999980810758625,0.9999980810758629,-2.934017569311444e-10,-2.627554145355877e-10,0.9999980810758614,0.999998597803778
0.99999171283771,-1.4857749701269735e-06,0.9999970667592617,-2.3850551081258086e-06,-1.4857749720478276e-06,0.9999980810758611,0.9999985978037813,-2.385055107628886e-06,0.999998081075862,-2.78828233728437e-10,-2.78828233405078e-10,0.9999969578899365,0.9999973519564355,0.9999969112008978,0.9999973519564355,0.9999973519564327,0.9999980810758634,0.999998081075862,0.9999985978037799,-2.9119408892387367e-10,-2.9119408858830066e-10,0.9999985978037799,0.999996687264069,-2.911940890645449e-10,0.9999980810758633,-2.9340175689629817e-10,0.9999969578899364,-2.7882823323393895e-10,-2.626314790346672e-10,-2.627554144284778e-10,0.999998081075862,0.9999985978037802,0.9999973519564337,0.9999908773249516,-2.788282338026281e-10,0.9999985978037789,-2.788282335900577e-10,0.9999973519564346,0.9999980810758634,0.9999980810758625,-2.934017569498987e-10,-2.6275541461901816e-10,0.9999980810758623,0.9999985978037799
-6.72336039590931e-06,4.0669648919629645e-16,-5.539918184902971e-07,6.524363157218919e-16,4.0661439739792373e-16,-2.7882843654135167e-10,-2.788285807492321e-10,6.523483541733024e-16,-2.7882843654135167e-10,3.021011805689128e-13,3.021011802830238e-13,-2.7882812421540397e-10,-2.7882823381158295e-10,-5.539917325461423e-07,-2.7882823381454477e-10,-2.788282337773771e-10,-2.788284365741486e-10,-2.788284365499979e-10,-2.7882858083748753e-10,1.5879625796042438e-16,1.5860831109247255e-16,-2.7882858081104453e-10,-5.53991608795638e-07,1.5872353128774174e-16,-2.7882843655876455e-10,1.598257382820665e-16,-2.788281242743413e-10,3.0210118017059066e-13,1.4367965810304865e-16,1.4379151191775793e-16,-2.7882843655876455e-10,-2.7882858091168537e-10,-2.788282338177152e-10,-2.788282338026281e-10,-6.474632009560091e-06,-2.788285807811925e-10,3.0210118040827317e-13,-2.788282337687172e-10,-2.7882843655876455e-10,-2.788284365706744e-10,1.5998461012104821e-16,1.4379151191775793e-16,-2.788284365537481e-10,-2.788285808069377e-10
0.9999929586856564,-1.4857768184890004e-06,0.9999983126062505,-1.2004172667940108e-09,-1.4857768204098577e-06,0.9999993269241125,0.9999998436526787,-1.2004172665163507e-09,0.9999993269241136,-2.7882858071635934e-10,-2.78828580380371e-10,0.999998203736789,0.9999985978037802,0.9999981570476922,0.9999985978037789,0.9999985978037774,0.9999993269241155,0.999999326924115,0.9999998436526759,-2.9119445118258024e-10,-2.9119445093810727e-10,0.9999998436526779,0.9999979331105842,-2.9119445137904515e-10,0.9999993269241148,-2.934021218617352e-10,0.999998203736789,-2.788285802303885e-10,-2.62631805911726e-10,-2.627557414040051e-10,0.9999993269241152,0.9999998436526759,0.9999985978037788,0.9999985978037789,-2.788285807811925e-10,0.9999933690212126,-2.78828580653833e-10,0.9999985978037789,0.9999993269241159,0.9999993269241155,-2.9340212202085463e-10,-2.6275574159927935e-10,0.9999993269241142,0.9999998436526759
-6.723360396025699e-06,4.0661439739792373e-16,-5.53991818129582e-07,6.523558107705555e-16,4.065330965932363e-16,-2.7882843639204174e-10,-2.7882858061915316e-10,6.5239921787469e-16,-2.7882843637227016e-10,3.0210118028770074e-13,3.0210118000181184e-13,-2.7882812404044664e-10,-2.788282335678064e-10,-5.539917321854272e-07,-2.7882823363076933e-10,-2.788282336119549e-10,-2.7882843636501124e-10,-2.788284364199948e-10,-2.7882858064133426e-10,1.5879072406772527e-16,1.587735433149065e-16,-2.7882858064133426e-10,-5.539916084349243e-07,1.5875389983916233e-16,-2.788284363566569e-10,1.5993001576448645e-16,-2.788281240484388e-10,3.0210117988937894e-13,1.43523098878092e-16,1.4362473880248927e-16,-2.788284363824752e-10,-2.788285804872176e-10,-2.7882823364411325e-10,-2.788282335900577e-10,3.0210118040827317e-13,-2.78828580653833e-10,-6.474632009560091e-06,-2.7882823364416164e-10,-2.788284363765646e-10,-2.7882843631348745e-10,1.598111186314648e-16,1.4346263087666663e-16,-2.7882843637227016e-10,-2.7882858063906065e-10
0.9999917128377164,-1.4857749701269743e-06,0.9999970667592626,-2.3850551081258094e-06,-1.4857749720478276e-06,0.9999980810758606,0.9999985978037804,-2.3850551076288844e-06,0.9999980810758622,-2.788282337089891e-10,-2.7882823341451847e-10,0.9999969578899365,0.9999973519564355,0.9999969112008978,0.9999973519564348,0.9999973519564337,0.9999980810758639,0.999998081075862,0.99999859780378,-2.911940889204674e-10,-2.911940885855883e-10,0.9999985978037802,0.9999966872640688,-2.9119408904941394e-10,0.9999980810758633,-2.9340175687076165e-10,0.9999969578899365,-2.7882823320452993e-10,-2.6263147903116034e-10,-2.6275541440384367e-10,0.9999980810758625,0.99999859780378,0.9999973519564337,0.9999973519564346,-2.788282337687172e-10,0.9999985978037789,-2.7882823364416164e-10,0.9999908773249483,0.9999980810758633,0.9999980810758625,-2.934017569257349e-10,-2.6275541455120636e-10,0.9999980810758622,0.9999985978037799
0.9999924419574607,-7.478020087746292e-10,0.999997795878481,-2.385056841684184e-06,-7.478020098360855e-10,0.99999881019582,0.999999326924118,-2.3850568411872636e-06,0.9999988101958217,-2.7882843652895327e-10,-2.788284362211633e-10,0.9999976870090778,0.9999980810758644,0.9999976403200053,0.9999980810758633,0.9999980810758623,0.9999988101958214,0.9999988101958212,0.9999993269241164,-2.9119430064904523e-10,-2.911943004359674e-10,0.9999993269241174,0.9999974163830114,-2.911943008601995e-10,0.9999988101958214,-2.93401970270344e-10,0.9999976870090773,-2.788284359891993e-10,-2.626316701680777e-10,-2.6275560566709154e-10,0.9999988101958214,0.9999993269241163,0.9999980810758625,0.9999980810758634,-2.7882843655876455e-10,0.9999993269241159,-2.788284363765646e-10,0.9999980810758633,0.9999923355643398,0.9999988101958228,-2.9340197035761115e-10,-2.6275560569832515e-10,0.9999988101958219,0.9999993269241158
0.9999924419574586,-7.4780200875192e-10,0.999997795878482,-2.3850568416841873e-06,-7.478020099077345e-10,0.9999988101958208,0.999999326924117,-2.3850568411872628e-06,0.9999988101958219,-2.788284365781434e-10,-2.7882843615321247e-10,0.9999976870090775,0.9999980810758634,0.9999976403200042,0.9999980810758625,0.9999980810758625,0.9999988101958208,0.9999988101958217,0.9999993269241161,-2.91194300697727e-10,-2.91194300387949e-10,0.9999993269241175,0.9999974163830118,-2.9119430087684286e-10,0.9999988101958227,-2.934019702689149e-10,0.9999976870090771,-2.7882843605973874e-10,-2.6263167005040926e-10,-2.6275560560319406e-10,0.9999988101958219,0.9999993269241158,0.9999980810758629,0.9999980810758625,-2.788284365706744e-10,0.9999993269241155,-2.7882843631348745e-10,0.9999980810758625,0.9999988101958228,0.9999923355643442,-2.9340197032606563e-10,-2.627556058222357e-10,0.9999988101958204,0.9999993269241155
-6.752315913973191e-06,4.2792252420544056e-16,-5.829473245911109e-07,6.86768415587085e-16,4.2792252420544056e-16,-2.9340197038880754e-10,-2.934021219098853e-10,6.868468048721589e-16,-2.934019702833377e-10,1.5996693323340662e-16,1.5998461012104821e-16,-5.829472612043464e-07,-2.934017569311444e-10,-5.829472341494722e-07,-2.9340175696137557e-10,-2.934017569130743e-10,-2.934019703906275e-10,-2.9340197030696086e-10,-2.934021219539336e-10,3.320066029099986e-13,3.320066023136389e-13,-2.9340212196873915e-10,-2.934015625160143e-10,3.320066029909723e-13,-2.93401970292604e-10,3.347506748053258e-13,-5.829472612043469e-07,1.6003000141631553e-16,1.5180781822845563e-16,1.5134070000742218e-16,-2.9340197040062526e-10,-2.934021220649811e-10,-2.934017569311444e-10,-2.934017569498987e-10,1.5998461012104821e-16,-2.9340212202085463e-10,1.598111186314648e-16,-2.934017569257349e-10,-2.9340197035761115e-10,-2.9340197032606563e-10,-6.474631971203172e-06,1.512697285805514e-16,-2.9340197030678353e-10,-2.934021219098853e-10
-6.691426039554997e-06,3.8384938492292975e-16,-5.220574264920886e-07,6.160544044799855e-16,3.8367099693981597e-16,-2.6275560567485943e-10,-2.6275574161655646e-10,6.16286278508284e-16,-2.627556057835031e-10,1.4362473880248927e-16,1.4379151191775793e-16,-2.6275531131410133e-10,-2.627554145038567e-10,-2.627552992188886e-10,-2.6275541459628517e-10,-2.6275541456910655e-10,-2.6275560569671324e-10,-2.6275560569671324e-10,-2.627557415599012e-10,1.4977090007568978e-16,1.496446323108912e-16,-2.6275574156392115e-10,-2.627552404604934e-10,1.4948509753841039e-16,-2.62755605700711e-10,1.5134070000742218e-16,-2.6275531128389394e-10,1.4362473880248927e-16,1.3609421423452186e-16,2.694069161660206e-13,-2.627556056860629e-10,-2.627557415909701e-10,-2.627554145355877e-10,-2.6275541461901816e-10,1.4379151191775793e-16,-2.6275574159927935e-10,1.4346263087666663e-16,-2.6275541455120636e-10,-2.6275560569832515e-10,-2.627556058222357e-10,1.512697285805514e-16,-6.474632037604828e-06,-2.627556057835031e-10,-2.627557417125383e-10
