0.9999999968466756,3.454827163555211e-07,3.517770055560523e-07,3.519935336077282e-07,3.535359952942938e-07,3.4827897111551287e-07,3.5435949523190695e-07,3.4677495112685445e-07,3.788773565617855e-07,3.5374513668084565e-07,0.9999899324076252,3.5156720808551264e-07,3.4569037627550446e-07,3.4803603523445295e-07,3.5217822176697947e-07,0.9999899324076228,0.9999898900752651,3.4516860463823475e-07,0.9999899003567851,3.4549704663714924e-07,0.9999899324076243,3.485100254642508e-07,3.517810370154255e-07,3.474640965015184e-07,3.4927171340284153e-07,3.4569037589805133e-07,3.519935345508541e-07,0.9999899324076241,3.564047275560755e-07,3.522030080986861e-07,0.9999899324076249,3.537664403663414e-07,3.45690376044722e-07,3.5150215846203136e-07,0.9999899324076259,3.4569037507527974e-07,3.515485161866657e-07,3.474561300552876e-07,3.528167568657351e-07,3.518705962792047e-07,3.455090573093179e-07,0.9999899324076259,3.5343005293339377e-07,0.9999900320217382,3.5087662328099324e-07,3.5157584936263075e-07,0.9999898900752663,3.5324120254925145e-07,3.4796976918105765e-07,3.510904388808225e-07,3.5258074202772814e-07,0.9999899324076231,3.5332759608314255e-07,3.5491028352520745e-07,3.5110198087681616e-07,3.4713802975649e-07,0.9999900320217393,3.480360879211895e-07,0.9999899324076249,0.9999901694198134,0.9999899324076252,3.4569037677438056e-07,3.5545589224146766e-07,0.9999886733970907,3.524103772139543e-07
3.454827163555211e-07,1.3960714847356087e-06,-2.379958031729014e-15,-2.2783196268124564e-15,7.0162046980642985e-15,-2.5160842134442843e-15,-4.038676079448307e-15,4.049144703258407e-11,1.1166840266218805e-11,1.9896173836778595e-15,3.477883085497344e-11,-6.395305516965899e-15,4.750108852569375e-12,-4.6763184090036256e-11,1.1755200302792569e-14,3.477883083629746e-11,3.4778784576977506e-11,7.572985130478343e-12,3.477790900730771e-11,6.017498139419204e-12,3.477883083629746e-11,-5.794340205970153e-12,4.901897048415012e-15,1.8041341322993483e-16,3.5577472405512873e-16,4.750108852391978e-12,-2.278249386755705e-15,3.47788308471349e-11,1.905174808461046e-15,-4.654752511508353e-16,3.47788308471349e-11,-4.286553988306118e-15,4.750108852536494e-12,-1.8088684321375823e-15,3.47788308471349e-11,4.7501088524600654e-12,-5.16405056154201e-16,-1.0118297712670403e-15,1.2615993185681212e-15,6.133546080587864e-15,6.003882663832186e-12,3.477883085497344e-11,4.015630211485011e-15,3.477876701500729e-11,7.489101284418721e-13,-8.970931165129087e-15,3.4778784595129074e-11,-5.970064061247046e-15,-2.5765522590186393e-15,7.91575259702727e-12,-2.3790573614309425e-15,3.47788308471349e-11,2.76270660390255e-15,-2.7106681754450563e-15,-7.561473460229826e-16,3.658779751265017e-11,3.477876701500729e-11,-4.527393487537948e-15,3.47788308471349e-11,3.477899142239546e-11,3.477883083629746e-11,4.750108852509781e-12,3.377464384899285e-12,6.92611592269485e-08,-1.5425320846595466e-15
3.517770055560523e-07,-2.379958031729014e-15,1.396066700664825e-06,1.3867492623870951e-15,-4.370776201362897e-15,3.187871148582927e-12,5.305874797828745e-12,-1.2545625864726234e-14,-3.3708829894251483e-15,-1.2359118331406295e-15,3.794298730349123e-11,4.0034840877403476e-15,-1.476917310338289e-15,1.4471474106427582e-14,-7.312213711722847e-15,3.794298732709147e-11,3.794301904544129e-11,-4.6860672525828465e-12,3.7943550314204247e-11,-3.741624758282125e-12,3.79429872973863e-11,1.7232677845550131e-15,-3.019507972572681e-15,-1.4467530066909557e-13,-2.347139673726228e-16,-1.476885984733179e-15,1.3867008640103064e-15,3.7942987285486395e-11,-2.7441496272227817e-12,5.351951617515266e-13,3.7942987322454e-11,2.6966076906840026e-15,-1.4768486947764713e-15,1.119180005293151e-15,3.794298729503667e-11,-1.476917310338289e-15,2.552272478555091e-16,1.258736932539251e-12,-7.735095149797339e-16,-3.77948631446819e-15,-1.8586764346309396e-15,3.794298729955992e-11,-2.4921145319261528e-15,3.794303450082345e-11,-4.776380622928154e-13,5.565938177325198e-15,3.79430190064006e-11,7.690976212155126e-12,3.204507245845809e-12,-2.4061614739741453e-15,1.5457381179197956e-15,3.794298728275108e-11,-1.707457718065872e-15,3.265304388585324e-12,5.554013892857251e-16,-2.2542149933243052e-11,3.794303449314852e-11,5.562812231863605e-12,3.7942987295036615e-11,7.555791715042582e-08,3.794298729503667e-11,-1.476834289519732e-15,-2.075059187666134e-12,7.555540863557614e-08,1.7206121771171368e-12
3.519935336077282e-07,-2.2783196268124564e-15,1.3867492623870951e-15,1.3960699759597803e-06,1.3799864304041512e-15,-3.606129799541239e-15,-1.5411535517465114e-14,-1.7674432560763258e-11,-1.1156320197031986e-14,1.9656114457152142e-16,3.8052410435193584e-11,-2.795666719274702e-15,-3.680489895545545e-16,1.2379568610625182e-14,1.0694430851044303e-15,3.805241041168124e-11,3.805187239511487e-11,-7.885079063708106e-16,3.8053204126241573e-11,3.2269436387024565e-16,3.805241040543193e-11,8.713131155925247e-15,-2.407539470438321e-15,-3.770162410637468e-15,1.5716236438389851e-15,-3.680449215782469e-16,6.1945477833359555e-12,3.8052410425045235e-11,1.976471763107329e-14,2.264720810345089e-15,3.805241044191361e-11,-3.1305867496293017e-15,-3.680726994100947e-16,6.844818020534225e-16,3.805241041027679e-11,-3.680449215782469e-16,6.7883581380913235e-15,-1.6816839089045929e-16,-8.107567114674809e-16,-2.937999868499898e-15,-1.3161128123249952e-15,3.805241041027679e-11,-6.741251822136721e-17,3.8052220373087546e-11,1.653886204758378e-12,1.0166165190539568e-15,3.805187242621857e-11,-1.520887853685871e-14,-6.732231878198652e-16,-6.201030928358089e-15,-6.562518415244334e-15,3.805241042112867e-11,-6.837111140698275e-16,4.654166035656445e-15,-8.376844761546139e-15,-9.429916501521949e-15,3.8052220425020995e-11,2.099272295859517e-15,3.805241041027679e-11,3.805019128465683e-11,3.805241042145116e-11,-3.680489895545545e-16,-9.978513288897682e-16,7.57719409807568e-08,9.659522413275216e-15
3.535359952942938e-07,7.0162046980642985e-15,-4.370776201362897e-15,1.3799864304041512e-15,1.3961233337690717e-06,-2.0443881598684313e-14,-6.283355120549379e-14,4.65560842919376e-14,-1.4335830448223706e-14,7.86929442312265e-15,3.882352139245187e-11,-3.2079852803559797e-14,7.556502618778501e-15,-4.714363988211206e-14,9.20843417860161e-11,3.882352140701456e-11,3.882168230046747e-11,1.1421714722484976e-14,3.882263794251678e-11,1.2035800822496199e-14,3.882352140701456e-11,1.654989244097824e-14,1.0380301005036686e-14,-1.1109588654528312e-14,1.2334630683195127e-11,7.556544666742066e-15,1.3799480418846043e-15,3.882352140538413e-11,6.860877278780269e-14,5.3576512306620385e-15,3.882352140701456e-11,-2.5425397593299893e-14,7.556571473664043e-15,-4.477263254504253e-15,3.8823521411601924e-11,7.556463592956282e-15,1.928490504905003e-14,-4.225573692696004e-15,2.0692888498837727e-15,1.3222036993455858e-14,6.898231496725754e-15,3.882352140701456e-11,1.4444456373574067e-14,3.882267612095547e-11,3.957445315648592e-15,-2.959157343711132e-14,3.8821682299896434e-11,-6.925335638856652e-14,-1.1514854987512305e-14,-4.8361350916929545e-15,-2.9167123236370695e-14,3.882352137236796e-11,7.94671609004157e-15,4.6146805599758e-15,-2.890182420074863e-14,3.767240006021582e-14,3.882267615629755e-11,-9.988206777792827e-15,3.8823521395507464e-11,3.881713825377029e-11,3.8823521395507464e-11,7.556554635856787e-15,6.1209582476535766e-12,7.731439480998979e-08,2.4495953440507505e-14
3.4827897111551287e-07,-2.5160842134442843e-15,3.187871148582927e-12,-3.606129799541239e-15,-2.0443881598684313e-14,1.3960962440542537e-06,1.0731330864562898e-10,-2.2172614242120324e-14,1.8985905747487525e-14,-5.229203517327879e-15,3.618435375429102e-11,2.3081888820422913e-14,-4.534997596480991e-15,1.9492200716501098e-14,-3.067826858212841e-14,3.618435375429102e-11,3.6186003518997e-11,-6.652936424620974e-15,3.6184224710839346e-11,-8.020219384389222e-15,3.618435376393879e-11,-1.826432963443551e-14,-4.566079015945107e-15,2.079993538589356e-11,-5.3562884485935884e-15,-4.5350179048800526e-15,-3.606131271774854e-15,3.618435376523923e-11,-1.2227731656844678e-10,-5.423504320754086e-15,3.61843538032025e-11,1.9094996966287424e-14,-4.5350179048800526e-15,2.2842010954079804e-15,3.61843538032025e-11,-4.5350179048800526e-15,-1.8339093647645037e-14,5.710170329973384e-12,-6.178383264377769e-16,-5.9298171576526035e-15,-3.2821138797139165e-15,3.61843538032025e-11,-9.227368390094443e-15,3.6185072613589517e-11,-3.26866789612801e-15,1.8146133444012733e-14,3.618600352261118e-11,1.1518078081603397e-10,1.5924211269939093e-11,8.539452435501465e-15,2.4504409778428562e-14,3.618435377745486e-11,-4.509150428716583e-15,-7.036579822996999e-15,2.592117693991225e-14,-3.1806700470409006e-11,3.6185072596739246e-11,9.13931959779977e-12,3.618435375429102e-11,3.6190422007406205e-11,3.618435376523923e-11,-4.534974623371588e-15,-2.1921377002753573e-12,7.205739853078648e-08,-2.420288218017961e-14
3.5435949523190695e-07,-4.038676079448307e-15,5.305874797828745e-12,-1.5411535517465114e-14,-6.283355120549379e-14,1.0731330864562898e-10,1.396428920146933e-06,-5.2491546704091873e-14,7.325421876824119e-14,-1.583544264203912e-14,3.923333736791167e-11,7.280837471375939e-14,-1.2920863706947085e-14,3.924005032689521e-14,-9.277732612242095e-14,3.923333732460664e-11,3.923905209000258e-11,-1.858019046088889e-14,3.9231756241092765e-11,-2.4319879606648397e-14,3.92333373594728e-11,-6.742354657906528e-14,-9.9356481353693e-15,7.313629458388685e-11,-1.828876050049574e-14,-1.2920863706947085e-14,-1.5411533373971663e-14,3.9233337360541634e-11,-2.1232885715104928e-13,-1.953438364223298e-14,3.923333736197973e-11,6.146651180391833e-14,-1.292086011474474e-14,5.75458159768686e-15,3.923333735012679e-11,-1.2920869893616734e-14,-6.474085801896824e-14,1.747300122564323e-11,-6.125251233912298e-16,-1.3187289498602349e-14,-7.767042030547382e-15,3.9233337379403026e-11,-2.7318420633381534e-14,3.9235759126720916e-11,-1.0966974098912803e-14,5.2388229225742855e-14,3.923905205232575e-11,3.8796657805759026e-10,4.934251571677883e-11,3.473365864649592e-14,8.271997780740523e-14,3.9233337353920706e-11,-1.236783978261763e-14,-2.7933858478216332e-14,8.966856664956597e-14,-6.618194359282649e-11,3.923575915691678e-11,2.0849802579815155e-11,3.9233337362699684e-11,7.817016182884657e-08,3.9233337379403026e-11,-1.2920849402556798e-14,-3.51615513014379e-12,7.813788606129005e-08,-8.649847927738807e-14
3.4677495112685445e-07,4.049144703258407e-11,-1.2545625864726234e-14,-1.7674432560763258e-11,4.65560842919376e-14,-2.2172614242120324e-14,-5.2491546704091873e-14,1.396287428125628e-06,3.121070782141987e-11,1.2852738708336904e-14,3.542014530044954e-11,-4.5154861336679994e-14,2.8581981682189942e-11,-1.2602512896029768e-13,7.582545126244655e-14,3.5420145284333686e-11,3.541891914419554e-11,4.4871108128288284e-11,3.541574767329431e-11,3.8971572723138254e-11,3.5420145294733123e-11,-5.99481909792624e-12,2.6601122000387515e-14,-5.49592227503106e-15,4.991025023132251e-15,2.8581981682012308e-11,-1.7674432560656616e-11,3.542014532919702e-11,4.6697824280160965e-14,1.0407908688738742e-15,3.542014530044954e-11,-3.2476558353494736e-14,2.8581981682157485e-11,-1.0187097962399555e-14,3.542014530044474e-11,2.858198168208025e-11,8.66767768038253e-15,-6.668842188299581e-15,6.503535669395594e-15,3.341784986098402e-14,3.315400683398688e-11,3.542014531599157e-11,2.5136062585637717e-14,3.5419386408851944e-11,7.599576629535785e-12,-5.4662450095989956e-14,3.541891914419554e-11,-6.428644326563265e-14,-1.7400765682089104e-14,2.8094010629831805e-11,-2.6504977243733837e-14,3.542014531698079e-11,1.6170452793830495e-14,-1.769429518482466e-11,-1.9481929432248273e-14,1.9718766899515353e-10,3.5419386408851944e-11,-2.4803331340910354e-14,3.542014532919702e-11,3.541720105484492e-11,3.542014531173704e-11,2.8581981682129755e-11,1.7743119877519218e-11,7.055338889159543e-08,1.4446505791218594e-11
3.788773565617855e-07,1.1166840266218805e-11,-3.3708829894251483e-15,-1.1156320197031986e-14,-1.4335830448223706e-14,1.8985905747487525e-14,7.325421876824119e-14,3.121070782141987e-11,1.3961494781093604e-06,-3.1910668046484092e-15,5.154432852737865e-11,1.9922732398914842e-14,-2.2843283337180015e-12,-5.48418937809456e-11,-1.8501579773930434e-14,5.154432852465209e-11,1.0264802502810312e-07,-1.865933087727471e-12,1.026382821173873e-07,-9.881826953579673e-12,5.154432852465209e-11,-3.5322642794191e-14,4.9765403607192385e-15,1.6559106127099348e-14,-7.394752888285356e-15,-2.284328333981568e-12,-1.1156405628374634e-14,5.154432852465209e-11,-9.009159645744498e-14,-9.51343404251501e-15,5.154432853455443e-11,3.771735266588258e-11,-2.2843283337669146e-12,-9.162822681965403e-16,5.1544328514183425e-11,-2.2843283338806063e-12,-2.9566459520086927e-14,1.940316319168443e-15,2.138233043623118e-15,5.8936543848268054e-15,4.640315948570492e-12,5.154432852465209e-11,-4.3898517825112486e-15,1.0264505549092875e-07,-8.210545881884993e-12,5.988573662201158e-15,1.0264802502810345e-07,7.461345100579721e-14,6.0173179842032285e-15,4.564561593995912e-11,3.1969825078817196e-14,5.1544328597489004e-11,-1.8362487289274863e-16,-1.751012875163766e-14,3.813731083067239e-14,4.067296435738696e-11,1.0264505549092865e-07,-4.026503019631796e-15,5.154432852465209e-11,5.155406535160274e-11,5.154432852465209e-11,-2.284328333806085e-12,4.897440376160623e-12,1.0265558555544299e-07,-4.1131061847986625e-14
3.5374513668084565e-07,1.9896173836778595e-15,-1.2359118331406295e-15,1.9656114457152142e-16,7.86929442312265e-15,-5.229203517327879e-15,-1.583544264203912e-14,1.2852738708336904e-14,-3.1910668046484092e-15,1.3960679220332956e-06,3.892953781391837e-11,-8.363598392337028e-15,2.0279490370647775e-15,-1.3199473756996663e-14,1.2224015827126855e-14,3.8929537784078615e-11,3.8929077796521336e-11,3.0774691141108138e-15,3.892925852054389e-11,3.17932446287504e-15,3.892953782113592e-11,3.916150105491736e-15,2.8901910845447116e-15,-2.7413711160710408e-15,1.5598169424609586e-15,2.027910352637148e-15,1.9659133566027873e-16,3.892953777190566e-11,1.713193203521278e-14,1.2993200620839837e-15,3.892953778268064e-11,-6.578103299347258e-15,2.027921808356027e-15,-1.2253768822508105e-15,3.892953778268064e-11,2.0279490370647775e-15,9.454068731877327e-12,-1.1118493637394494e-15,5.953735593309814e-16,3.674019656461435e-15,1.905290557506967e-15,3.892953779498513e-11,3.84081582515318e-15,3.892932666512765e-11,1.0063330730148897e-15,-7.912627838932382e-15,3.892907779771766e-11,-1.7551523755093596e-14,-3.019613490680323e-15,-9.417517146410904e-16,-7.382855383876789e-15,3.8929537792637284e-11,2.1490054567241796e-15,9.703050146434458e-16,-7.212495133641551e-15,1.0524079430527429e-14,3.8929326701261545e-11,-2.7668671290446e-15,3.892953778304551e-11,3.892797185919491e-11,3.8929537792637284e-11,2.027939625244248e-15,1.7369168707818075e-12,7.752353529215509e-08,5.974115576042408e-15
0.9999899324076252,3.477883085497344e-11,3.794298730349123e-11,3.8052410435193584e-11,3.882352139245187e-11,3.618435375429102e-11,3.923333736791167e-11,3.542014530044954e-11,5.154432852737865e-11,3.892953781391837e-11,0.9999870980854225,3.783708377901755e-11,3.488434318478177e-11,3.607519516816999e-11,3.8140163422982536e-11,0.9999857020217149,0.9999856596891128,3.462173326294986e-11,0.9999856699722086,3.4787358567609375e-11,0.9999857020217168,3.630561919499743e-11,3.794128775017099e-11,3.5774286531529216e-11,3.6684181045924136e-11,3.488434283586704e-11,3.8052410620053995e-11,0.9999857020217156,4.0273254585803834e-11,3.815671400443287e-11,0.9999857020217171,3.894070235399236e-11,3.488434316504895e-11,3.7804509814732236e-11,0.9999857020217171,3.4884342899279264e-11,3.782994509240014e-11,3.577213416678356e-11,3.8463131047758165e-11,3.7985677664042904e-11,3.479271117992648e-11,0.9999857020217171,3.877060451532327e-11,0.9999858016353035,3.7489801946072296e-11,3.78437673102931e-11,0.9999856596891135,3.867242011960069e-11,3.6030319014069645e-11,3.7593187919461076e-11,3.834329575388525e-11,0.9999857020217154,3.871926795463131e-11,3.9517875430863573e-11,3.7599476826571154e-11,3.5602819094157404e-11,0.9999858016353038,3.6065351204408016e-11,0.999985702021716,0.9999859390310073,0.9999857020217171,3.488434294686631e-11,3.978820492417458e-11,0.9999844430134603,3.82642385513477e-11
3.5156720808551264e-07,-6.395305516965899e-15,4.0034840877403476e-15,-2.795666719274702e-15,-3.2079852803559797e-14,2.3081888820422913e-14,7.280837471375939e-14,-4.5154861336679994e-14,1.9922732398914842e-14,-8.363598392337028e-15,3.783708377901755e-11,1.396133411108262e-06,-7.79098567906881e-15,4.4263478421777525e-14,-4.913839971964691e-14,3.78370837943464e-11,3.7839248480045707e-11,-1.1677074436523194e-14,3.7837667191366806e-11,-1.2804427890538782e-14,3.783708377890908e-11,-2.1187355761094404e-14,-9.87956655556652e-15,1.3328325728788094e-14,-1.4330113249272181e-11,-7.790918665554554e-15,-2.7955362229384165e-15,3.7837083791316153e-11,-8.076380505812752e-14,-6.61571546188584e-15,3.783708379395479e-11,2.8119273540259443e-14,-7.790947047852548e-15,4.419506325851168e-15,3.783708379561056e-11,-7.790946686772343e-15,-2.3232415891816757e-14,4.523519424756573e-15,-3.6300329667608135e-12,-1.2640925699441522e-14,-6.687646805556955e-15,3.783708374389119e-11,-1.516995840689711e-14,3.7838064700477425e-11,-4.521549538097978e-15,6.114172670949195e-11,3.783924853068295e-11,1.5823838147785513e-10,1.2414390702649504e-14,7.778186449390516e-15,3.3543266049053385e-14,3.783708377412512e-11,-8.064233734819365e-15,-1.3674206070467223e-11,3.404939259478479e-14,-3.5565425305300944e-14,3.783806474020952e-11,9.607242839826084e-15,3.783708380190475e-11,3.784478416441462e-11,3.783708374389119e-11,-7.790913876308262e-15,-5.575902028029201e-12,7.534561840051402e-08,-5.9650490879538e-11
3.4569037627550446e-07,4.750108852569375e-12,-1.476917310338289e-15,-3.680489895545545e-16,7.556502618778501e-15,-4.534997596480991e-15,-1.2920863706947085e-14,2.8581981682189942e-11,-2.2843283337180015e-12,2.0279490370647775e-15,3.488434318478177e-11,-7.79098567906881e-15,1.396067918329437e-06,-3.0528461451313924e-11,1.1932647430622685e-14,3.488434318365073e-11,3.4883984090368176e-11,6.3620566144543625e-12,3.4883922543928014e-11,6.163068859794737e-12,3.488434319666643e-11,4.596240087062245e-12,3.302546693300645e-15,-2.0375207806565164e-15,1.2629241397304402e-15,4.1377650334290605e-12,-3.680489895545545e-16,3.4884343198411483e-11,1.3419336118885555e-14,8.791834166315028e-16,3.488434318478177e-11,-5.959127456380513e-15,4.137765033573774e-12,-1.3393684605272364e-15,3.488434319022998e-11,4.137765033497188e-12,3.4824921288190286e-15,-1.0724312558990842e-15,7.372868704609228e-16,4.176133882387309e-15,4.237026490900968e-12,3.488434322726432e-11,3.822076693201699e-15,3.488416844337694e-11,8.480504884074909e-16,-8.033283126342523e-15,3.48839840968519e-11,-1.465974191382525e-14,-2.8736659581253355e-15,1.8752470875078714e-16,-6.13651148503958e-15,3.488434317093385e-11,2.2555493796939025e-15,1.2069123712346737e-16,-5.639305270774997e-15,2.418191512591532e-11,3.4884168431603846e-11,-3.124419117598428e-15,3.488434319940945e-11,3.488319191345756e-11,3.488434322726432e-11,4.137765033546811e-12,2.0822927811049225e-12,6.94688177414548e-08,4.178879753234017e-15
3.4803603523445295e-07,-4.6763184090036256e-11,1.4471474106427582e-14,1.2379568610625182e-14,-4.714363988211206e-14,1.9492200716501098e-14,3.924005032689521e-14,-1.2602512896029768e-13,-5.48418937809456e-11,-1.3199473756996663e-14,3.607519516816999e-11,4.4263478421777525e-14,-3.0528461451313924e-11,1.396350059902828e-06,-7.79664497960741e-14,3.60751951488541e-11,3.607593162730841e-11,-4.834945043028267e-11,3.608057543072556e-11,-3.9977470605021175e-11,3.60751951488541e-11,2.36754227991681e-11,-3.0146301748365986e-14,1.9433870320680055e-15,-3.623063396703529e-15,-3.052846145149314e-11,1.2379568610625182e-14,3.607519515061808e-11,-2.8825748460578046e-14,2.3711525829417036e-12,3.607519512381937e-11,3.0711019577182023e-14,-3.052846145134555e-11,1.1307724446469157e-14,3.607519514441227e-11,-3.052846145142492e-11,-2.215890631404142e-15,6.78386551587828e-15,-7.59250268969027e-15,-3.778505333776256e-14,-3.719030029563552e-11,3.6075195122231534e-11,-2.6268703108802165e-14,3.607579863288301e-11,-3.1434341824536693e-15,5.800307701133796e-14,3.6075931635865734e-11,5.1738687450464876e-14,1.7463704455628232e-14,-2.0935612753827076e-14,2.1039241969180345e-14,3.607519513408435e-11,-1.7541652967831842e-14,1.3939597489904696e-14,1.1895728449570463e-14,-1.1271010323345788e-13,3.607579865301031e-11,2.7965040132651514e-14,3.6075195163548385e-11,3.607604319677415e-11,3.607519515061808e-11,-3.05284614513756e-11,-2.0489333592889964e-11,7.181446083752418e-08,2.138728751455091e-15
3.5217822176697947e-07,1.1755200302792569e-14,-7.312213711722847e-15,1.0694430851044303e-15,9.20843417860161e-11,-3.067826858212841e-14,-9.277732612242095e-14,7.582545126244655e-14,-1.8501579773930434e-14,1.2224015827126855e-14,3.8140163422982536e-11,-4.913839971964691e-14,1.1932647430622685e-14,-7.79664497960741e-14,1.396206863761864e-06,3.8140163435798665e-11,3.81374786102164e-11,1.8117362310282863e-14,3.813850654878499e-11,1.8688826139463935e-14,3.8140163432222667e-11,2.2812115600000373e-14,3.3956995488328325e-11,-1.6039460774710744e-14,1.817573635927571e-11,1.1932670894147674e-14,1.0694430851044303e-15,3.8140163418005383e-11,1.0027907062102076e-13,7.578824321711817e-15,3.814016340129256e-11,-3.862601129123746e-14,1.1932656456037078e-14,-7.233301280442087e-15,3.8140163402240924e-11,1.1932647430622685e-14,2.77564422226866e-14,-6.542689919659876e-15,3.5151593345600706e-15,4.316511842585039e-11,1.1235073793512504e-14,3.814016340129256e-11,2.2587450143893773e-14,3.8138908360511354e-11,5.892166609600445e-15,-4.658192401054735e-14,3.813747859721186e-11,-1.0287675254169795e-13,-1.7753417550915162e-14,-5.391239318941223e-15,-4.327362202253619e-14,3.814016339352767e-11,1.2652155021653353e-14,5.584298251375765e-15,-4.222586675221922e-14,6.214083201002157e-14,3.813890833051357e-11,-1.633615317022997e-14,3.8140163417632583e-11,3.8130964352732886e-11,3.8140163418005383e-11,1.193266278547093e-14,1.0254574147348079e-11,7.595663003681427e-08,3.489483177505435e-14
0.9999899324076228,3.477883083629746e-11,3.794298732709147e-11,3.805241041168124e-11,3.882352140701456e-11,3.618435375429102e-11,3.923333732460664e-11,3.5420145284333686e-11,5.154432852465209e-11,3.8929537784078615e-11,0.9999857020217149,3.78370837943464e-11,3.488434318365073e-11,3.60751951488541e-11,3.8140163435798665e-11,0.9999870980854213,0.9999856596891106,3.4621733261874517e-11,0.9999856699722064,3.478735860730111e-11,0.9999857020217152,3.6305619160757084e-11,3.7941287739324125e-11,3.57742865497983e-11,3.668418106422698e-11,3.488434283933368e-11,3.805241055907347e-11,0.9999857020217143,4.027325458247349e-11,3.81567140387737e-11,0.9999857020217156,3.8940702365609444e-11,3.4884343153860415e-11,3.7804509837929954e-11,0.9999857020217163,3.488434292974975e-11,3.782994509240014e-11,3.57721341271135e-11,3.8463131060839916e-11,3.7985677672443524e-11,3.4792711167241746e-11,0.9999857020217163,3.877060452662724e-11,0.9999858016353027,3.7489801969687656e-11,3.784376729656365e-11,0.9999856596891125,3.8672420110523255e-11,3.6030318989072305e-11,3.759318789334782e-11,3.8343295779858556e-11,0.9999857020217138,3.8719267963872235e-11,3.951787544072468e-11,3.7599476827911083e-11,3.5602819080597193e-11,0.9999858016353023,3.6065351212973846e-11,0.9999857020217149,0.9999859390310062,0.9999857020217156,3.488434288022735e-11,3.9788204920087235e-11,0.9999844430134596,3.82642385513477e-11
0.9999898900752651,3.4778784576977506e-11,3.794301904544129e-11,3.805187239511487e-11,3.882168230046747e-11,3.6186003518997e-11,3.923905209000258e-11,3.541891914419554e-11,1.0264802502810312e-07,3.8929077796521336e-11,0.9999856596891128,3.7839248480045707e-11,3.4883984090368176e-11,3.607593162730841e-11,3.81374786102164e-11,0.9999856596891106,0.9999870134205737,3.462122549351074e-11,0.999985627639466,3.478665249198483e-11,0.9999856596891129,3.630342224104186e-11,3.794107689419811e-11,3.577545103096724e-11,3.668360854589304e-11,3.488398371353861e-11,3.805187259425917e-11,0.9999856596891116,4.026657629222592e-11,3.8156084469870714e-11,0.9999856596891117,3.8942553494841276e-11,3.488398404042983e-11,3.7804651506199675e-11,0.9999856596891137,3.488398387790756e-11,3.7827884268344066e-11,3.5772388622257406e-11,3.846313711126799e-11,3.7985390363768634e-11,3.479252861792878e-11,0.9999856596891137,3.8769824733539387e-11,0.9999857593028441,3.748946153127487e-11,3.784523080596191e-11,0.9999856173568696,3.867845528774756e-11,3.6031046298364545e-11,3.7594370397272927e-11,3.834586012681761e-11,0.9999856596891117,3.871893427450885e-11,3.9516931920948064e-11,3.7602295870322073e-11,3.560215981589298e-11,0.9999857593028451,3.606558394933111e-11,0.9999856596891131,0.9999858966997439,0.9999856596891137,3.4883983816291884e-11,3.978818372027362e-11,0.9999844006813278,3.826146734360967e-11
3.4516860463823475e-07,7.572985130478343e-12,-4.6860672525828465e-12,-7.885079063708106e-16,1.1421714722484976e-14,-6.652936424620974e-15,-1.858019046088889e-14,4.4871108128288284e-11,-1.865933087727471e-12,3.0774691141108138e-15,3.462173326294986e-11,-1.1677074436523194e-14,6.3620566144543625e-12,-4.834945043028267e-11,1.8117362310282863e-14,3.4621733261874517e-11,3.462122549351074e-11,1.3960735949570911e-06,3.4621034424707143e-11,9.350180895777084e-12,3.462173326294986e-11,5.743440977041749e-12,5.210836433450332e-15,-5.639900428632918e-12,1.810728987002019e-15,6.362056614277059e-12,-7.885319975109609e-16,3.4621733242162887e-11,1.9021919159528203e-14,2.3394523600672758e-12,3.462173324613816e-11,-8.859357239024026e-15,6.362056614421257e-12,-2.092842582445228e-15,3.462173325868036e-11,6.362056614345245e-12,4.8150646740462985e-15,-1.6235596297100149e-15,1.182709752000744e-15,6.5815845412524886e-15,6.650981905761069e-12,3.462173324716743e-11,5.832455763854531e-15,3.462147917208397e-11,1.2320322422528639e-15,-1.2324439367601836e-14,3.462122548083092e-11,-2.124647951175423e-14,-4.3334166428571555e-15,1.4683396948473508e-12,-8.879759198155899e-15,3.4621733242162887e-11,3.4887036406443927e-15,-1.5570268964503138e-16,-7.989356649125082e-15,3.8241858552487155e-11,3.462147911496116e-11,-4.917874383149277e-15,3.462173325868036e-11,3.4620135821373655e-11,3.462173325868036e-11,6.362056614394934e-12,3.3190873055163344e-12,6.894704990933742e-08,5.667850335157785e-15
0.9999899003567851,3.477790900730771e-11,3.7943550314204247e-11,3.8053204126241573e-11,3.882263794251678e-11,3.6184224710839346e-11,3.9231756241092765e-11,3.541574767329431e-11,1.026382821173873e-07,3.892925852054389e-11,0.9999856699722086,3.7837667191366806e-11,3.4883922543928014e-11,3.608057543072556e-11,3.813850654878499e-11,0.9999856699722064,0.999985627639466,3.4621034424707143e-11,0.9999870339869172,3.478693861919196e-11,0.9999856699722067,3.6307310274007455e-11,3.794018859747662e-11,3.5773719211472663e-11,3.6684349664302823e-11,3.488392217715382e-11,3.805320430464495e-11,0.9999856699722075,8.020347322271225e-08,3.8157107911121626e-11,0.9999856699722075,7.754527293200691e-08,3.488392250029075e-11,3.780488470186039e-11,0.9999856699722094,3.488392223866855e-11,3.783099297496694e-11,3.5772264715538286e-11,3.846281999830546e-11,3.798431333141265e-11,3.4792058187541344e-11,0.9999856699722094,3.876997596089522e-11,0.9999857695857577,3.74898616501628e-11,3.784529141205955e-11,0.9999856276394675,3.867116510525206e-11,3.603061806196432e-11,3.7591689431124935e-11,3.8342723264197606e-11,0.9999856699722078,3.871874414774329e-11,3.9518956008796544e-11,3.759839560475602e-11,3.559864407569275e-11,0.9999857695857572,3.6066346411882536e-11,0.9999856699722084,0.9999859069808087,0.9999856699722086,3.4883922272236587e-11,3.9787800229322204e-11,0.9999844109627944,3.826585426389484e-11
3.4549704663714924e-07,6.017498139419204e-12,-3.741624758282125e-12,3.2269436387024565e-16,1.2035800822496199e-14,-8.020219384389222e-15,-2.4319879606648397e-14,3.8971572723138254e-11,-9.881826953579673e-12,3.17932446287504e-15,3.4787358567609375e-11,-1.2804427890538782e-14,6.163068859794737e-12,-3.9977470605021175e-11,1.8688826139463935e-14,3.478735860730111e-11,3.478665249198483e-11,9.350180895777084e-12,3.478693861919196e-11,1.3960734552239473e-06,3.4787358565853574e-11,1.2046110153052797e-11,4.397546342759082e-15,-8.400941364263457e-12,2.3946566175157776e-15,6.163068859617259e-12,3.22695949046461e-16,3.4787358584564174e-11,2.6331973362443166e-14,3.985455940245678e-12,3.4787358577243296e-11,-1.007814493427123e-14,6.163068859761764e-12,-1.868607582056951e-15,3.478735857286666e-11,6.1630688596854615e-12,7.30769156470729e-15,-1.7013993579438563e-15,9.025786098270363e-16,5.591571457140451e-15,5.77555624011629e-12,3.4787358584564174e-11,5.8679116916456996e-15,3.4787032139213524e-11,1.5432447760049894e-15,-1.208632754721114e-14,3.4786652469950486e-11,-2.6940694585846612e-14,-4.621016435443625e-15,-1.4875125250630382e-15,-1.1334031777410003e-14,3.478735859938606e-11,3.2781182640826652e-15,1.517400767625254e-15,-1.108759448114126e-14,3.1877623327312294e-11,3.4787032146854075e-11,-4.213490022460822e-15,3.4787358577243296e-11,3.478494280852409e-11,3.4787358567609375e-11,6.163068859735063e-12,2.6372950039043026e-12,6.927548939730159e-08,9.202775063578043e-15
0.9999899324076243,3.477883083629746e-11,3.79429872973863e-11,3.805241040543193e-11,3.882352140701456e-11,3.618435376393879e-11,3.92333373594728e-11,3.5420145294733123e-11,5.154432852465209e-11,3.892953782113592e-11,0.9999857020217168,3.783708377890908e-11,3.488434319666643e-11,3.60751951488541e-11,3.8140163432222667e-11,0.9999857020217152,0.9999856596891129,3.462173326294986e-11,0.9999856699722067,3.4787358565853574e-11,0.9999870980854225,3.630561914421935e-11,3.794128771862544e-11,3.5774286564413923e-11,3.668418102968892e-11,3.488434283933368e-11,3.8052410604668074e-11,0.9999857020217156,4.027325456598408e-11,3.815671400443287e-11,0.9999857020217165,3.894070239092198e-11,3.488434316357638e-11,3.780450981328057e-11,0.9999857020217174,3.4884342899279264e-11,3.782994509240014e-11,3.5772134144378974e-11,3.846313108432724e-11,3.7985677664042904e-11,3.479271117992648e-11,0.9999857020217174,3.877060452419903e-11,0.999985801635303,3.748980197750288e-11,3.784376729656365e-11,0.9999856596891117,3.8672420110523255e-11,3.603031899156862e-11,3.759318790473526e-11,3.8343295779858556e-11,0.9999857020217152,3.871926797011141e-11,3.951787544072468e-11,3.7599476854330664e-11,3.5602819084291233e-11,0.9999858016353027,3.606535117019577e-11,0.9999857020217168,0.9999859390310049,0.9999857020217154,3.4884342899287464e-11,3.9788204920087235e-11,0.9999844430134596,3.826423849230026e-11
3.485100254642508e-07,-5.794340205970153e-12,1.7232677845550131e-15,8.713131155925247e-15,1.654989244097824e-14,-1.826432963443551e-14,-6.742354657906528e-14,-5.99481909792624e-12,-3.5322642794191e-14,3.916150105491736e-15,3.630561919499743e-11,-2.1187355761094404e-14,4.596240087062245e-12,2.36754227991681e-11,2.2812115600000373e-14,3.6305619160757084e-11,3.630342224104186e-11,5.743440977041749e-12,3.6307310274007455e-11,1.2046110153052797e-11,3.630561914421935e-11,1.396123301010046e-06,-1.7911191000025803e-15,-1.465087622724381e-14,6.78061990278555e-15,4.5962400868832765e-12,8.713150706365102e-15,3.630561919084598e-11,8.127726454618431e-14,8.225789327585831e-15,3.6305619197230786e-11,-1.918030233494031e-14,4.59624008703051e-12,-1.5551687887620478e-16,3.630561917901212e-11,4.596240086951547e-12,2.6060585956461798e-14,-2.271091155406863e-15,-1.2230452308011657e-15,-1.945031195110809e-15,-8.968343570615831e-13,3.630561915489836e-11,6.0748125514916336e-15,3.6304749823588246e-11,3.878078435109661e-15,-1.0162356464863198e-14,3.630342225488855e-11,-6.967430618624586e-14,-6.745112678252692e-15,-1.8278307278584825e-14,-2.975577162908336e-14,3.630561915118414e-11,1.6534955747754714e-15,1.4140011276525825e-14,-3.4375726712661025e-14,-1.6525509277719172e-11,3.630474981758846e-11,1.1508991492238965e-15,3.63056191519783e-11,3.629704679498305e-11,3.630561915118414e-11,4.5962400870004e-12,-2.5399637590209197e-12,7.228845096713729e-08,3.5809203044996007e-14
3.517810370154255e-07,4.901897048415012e-15,-3.019507972572681e-15,-2.407539470438321e-15,1.0380301005036686e-14,-4.566079015945107e-15,-9.9356481353693e-15,2.6601122000387515e-14,4.9765403607192385e-15,2.8901910845447116e-15,3.794128775017099e-11,-9.87956655556652e-15,3.302546693300645e-15,-3.0146301748365986e-14,3.3956995488328325e-11,3.7941287739324125e-11,3.794107689419811e-11,5.210836433450332e-15,3.794018859747662e-11,4.397546342759082e-15,3.794128771862544e-11,-1.7911191000025803e-15,1.3960763995991514e-06,-7.644976465675573e-16,1.856653289301976e-12,3.302553622024536e-15,-2.407213116418688e-15,3.794128775984007e-11,8.07038765021948e-15,-5.1148270314878625e-17,3.794128775017099e-11,-1.3862329875239186e-11,3.302473657016491e-15,-2.395394791145167e-15,3.7941287729690405e-11,3.302473657016491e-15,1.1016595837165808e-15,-1.4892169017431887e-15,1.578992167812412e-15,1.5831828467616436e-11,3.943860010069887e-15,3.794128774647309e-11,5.7085396578478694e-15,3.7941143169995795e-11,7.607977912335463e-16,-1.2520313106470373e-14,3.794107688544033e-11,-1.263548234713615e-14,-3.85788582061845e-15,3.990090381495524e-15,-5.1715685303319e-15,3.7941287729690405e-11,3.7544061198534006e-15,-2.606141059573908e-15,-6.666137183792447e-12,2.3654939866152256e-14,3.7941143163910744e-11,-1.1725619564135824e-11,3.794128775436419e-11,3.7940910758973175e-11,3.794128774647309e-11,3.302553622024536e-15,4.277917118110258e-12,7.555944667366433e-08,4.158954857767504e-16
3.474640965015184e-07,1.8041341322993483e-16,-1.4467530066909557e-13,-3.770162410637468e-15,-1.1109588654528312e-14,2.079993538589356e-11,7.313629458388685e-11,-5.49592227503106e-15,1.6559106127099348e-14,-2.7413711160710408e-15,3.5774286531529216e-11,1.3328325728788094e-14,-2.0375207806565164e-15,1.9433870320680055e-15,-1.6039460774710744e-14,3.57742865497983e-11,3.577545103096724e-11,-5.639900428632918e-12,3.5773719211472663e-11,-8.400941364263457e-12,3.5774286564413923e-11,-1.465087622724381e-14,-7.644976465675573e-16,1.3960789411507187e-06,-3.67416066062581e-15,-2.0375315064270525e-15,-3.770128626687224e-15,3.577428655542879e-11,-8.610026788412927e-11,-8.253627008759506e-12,3.5774286531529216e-11,1.15430061545862e-14,-2.0375208970725146e-15,7.131969838145414e-16,3.577428655542879e-11,-2.0374938869010345e-15,-1.3472213326877546e-14,3.074221812323914e-12,2.044007634318146e-16,-1.1123156066651228e-15,-8.110508116706549e-16,3.577428657190306e-11,-4.5773893736607454e-15,3.577477054801123e-11,-2.1603678957472154e-15,8.447916352962358e-15,3.577545103096724e-11,7.682181364309695e-11,8.825335008957027e-12,8.195952661218466e-15,1.6420476478909365e-14,3.577428659143981e-11,-1.8249493290626892e-15,-6.4630267656323424e-15,1.8276366820824186e-14,-4.066678595578225e-12,3.577477052487441e-11,1.9396636419248976e-12,3.5774286531529216e-11,3.577873704193536e-11,3.577428657190306e-11,-2.0375129876588676e-15,1.598962954355938e-13,7.124253036449171e-08,-1.822294245481132e-14
3.4927171340284153e-07,3.5577472405512873e-16,-2.347139673726228e-16,1.5716236438389851e-15,1.2334630683195127e-11,-5.3562884485935884e-15,-1.828876050049574e-14,4.991025023132251e-15,-7.394752888285356e-15,1.5598169424609586e-15,3.6684181045924136e-11,-1.4330113249272181e-11,1.2629241397304402e-15,-3.623063396703529e-15,1.817573635927571e-11,3.668418106422698e-11,3.668360854589304e-11,1.810728987002019e-15,3.6684349664302823e-11,2.3946566175157776e-15,3.668418102968892e-11,6.78061990278555e-15,1.856653289301976e-12,-3.67416066062581e-15,1.3960674150190425e-06,1.2629244850771025e-15,1.5716919978482384e-15,3.6684181087359985e-11,2.120939756069201e-14,1.9608225423454974e-15,3.6684181087359985e-11,-6.09021265632568e-15,1.2629084186499527e-15,-5.509303101256386e-16,3.6684181040324e-11,1.2629084186499527e-15,1.2905487214546523e-11,-8.633468887638879e-16,4.6813049381951186e-17,2.4727737156962957e-12,7.395310478593393e-16,3.668418102968892e-11,2.682151987788383e-15,3.668394354401422e-11,1.093366827127925e-15,-1.0199248818473444e-11,3.6683608542784336e-11,-3.864067640804246e-11,-2.444090488812573e-15,-3.5224299736167173e-15,-8.239712949854675e-15,3.668418102968892e-11,1.2030323744031373e-15,5.633300708911924e-12,-8.955303034759762e-15,3.090941031403982e-15,3.668394354401422e-11,-9.881053927528035e-16,3.668418102968892e-11,3.668205040890558e-11,3.6684181042597403e-11,1.2628943174655894e-15,3.11159718691938e-13,7.305013417603708e-08,1.726318866379185e-11
3.4569037589805133e-07,4.750108852391978e-12,-1.476885984733179e-15,-3.680449215782469e-16,7.556544666742066e-15,-4.5350179048800526e-15,-1.2920863706947085e-14,2.8581981682012308e-11,-2.284328333981568e-12,2.027910352637148e-15,3.488434283586704e-11,-7.790918665554554e-15,4.1377650334290605e-12,-3.052846145149314e-11,1.1932670894147674e-14,3.488434283933368e-11,3.488398371353861e-11,6.362056614277059e-12,3.488392217715382e-11,6.163068859617259e-12,3.488434283933368e-11,4.5962400868832765e-12,3.302553622024536e-15,-2.0375315064270525e-15,1.2629244850771025e-15,1.396067918329437e-06,-3.6807607221903804e-16,3.488434279153989e-11,1.3419367846569605e-14,8.79184879342251e-16,3.488434283101193e-11,-5.959122140551922e-15,4.137765033396246e-12,-1.3394069264247411e-15,3.488434283101193e-11,4.137765033319668e-12,3.4824564975918096e-15,-1.07249301176775e-15,7.372807547473271e-16,4.1761199417544445e-15,4.237026490723555e-12,3.4884342824839354e-11,3.822094834565012e-15,3.4884168065777075e-11,8.480556656696688e-16,-8.033283126342523e-15,3.4883983715369994e-11,-1.465974191382525e-14,-2.87360731846652e-15,1.8752470875078714e-16,-6.1365040262368285e-15,3.488434279153989e-11,2.2555474042822354e-15,1.2069123712346737e-16,-5.639305270774997e-15,2.4181915125727196e-11,3.488416805318893e-11,-3.124453876111273e-15,3.488434284256691e-11,3.4883191553919947e-11,3.488434283933368e-11,4.137765033369289e-12,2.0822927808869402e-12,6.946881699495903e-08,4.1788904297834146e-15
3.519935345508541e-07,-2.278249386755705e-15,1.3867008640103064e-15,6.1945477833359555e-12,1.3799480418846043e-15,-3.606131271774854e-15,-1.5411533373971663e-14,-1.7674432560656616e-11,-1.1156405628374634e-14,1.9659133566027873e-16,3.8052410620053995e-11,-2.7955362229384165e-15,-3.680489895545545e-16,1.2379568610625182e-14,1.0694430851044303e-15,3.805241055907347e-11,3.805187259425917e-11,-7.885319975109609e-16,3.805320430464495e-11,3.22695949046461e-16,3.8052410604668074e-11,8.713150706365102e-15,-2.407213116418688e-15,-3.770128626687224e-15,1.5716919978482384e-15,-3.6807607221903804e-16,1.3960699759597803e-06,3.8052410641814125e-11,1.9764748128561494e-14,2.264720810345089e-15,3.805241057011875e-11,-3.1307083382585093e-15,-3.68095640830665e-16,6.844818020534225e-16,3.8052410580692605e-11,-3.68095640830665e-16,6.78836323196279e-15,-1.6812833261566378e-16,-8.107567114674809e-16,-2.938072837992793e-15,-1.3161128123249952e-15,3.8052410580692605e-11,-6.734534406710128e-17,3.8052220602953483e-11,1.6538862048664245e-12,1.0164612747752408e-15,3.8051872579100366e-11,-1.5208895648200527e-14,-6.732231878198652e-16,-6.201030928358089e-15,-6.562437062595635e-15,3.8052410589515204e-11,-6.837111140698275e-16,4.6541791548843344e-15,-8.376844761546139e-15,-9.429945510906423e-15,3.805222057877823e-11,2.099313136755125e-15,3.8052410620053995e-11,3.8050191474092785e-11,3.805241057011875e-11,-3.6804243527670644e-16,-9.978825503909507e-16,7.577194134535346e-08,9.6595151965172e-15
