0.9999999955610736,0.9999888930626475,0.9999888930626413,0.9999888930626433,0.9999888930626424,0.9999888930626443,0.9999888930626443,0.9999888930626424,0.999988893062642,0.999988893062646,0.9999888930626433,0.9999888930626393,0.999988893062646,0.9999888930626393,0.9999888930626463,0.9999888930626433,-1.325329971892464e-06,0.9999888930626404,0.9999888930626453,-1.325329971892461e-06,0.9999888930626418,0.9999888930626464,0.999988893062647,0.9999888930626439,0.9999888930626418,0.9999888930626463,0.9999888930626433,0.999988893062647,0.999988893062647,0.9999888930626433,0.9999888930626448,0.9999888930626393,-1.325329971892464e-06,-1.325329971892461e-06,0.9999888930626435,-1.3253299719085238e-06,0.9999888930626386,-1.3253299718924892e-06,0.9999888930626467,0.999988893062647,0.9999888930626418,0.9999888722108171,0.9999888930626444,0.9999888930626424,0.9999888930626443,0.999988893062646
0.9999888930626475,0.9999883561802712,0.9999861909250866,0.9999861909250868,0.9999861909250871,0.9999861909250873,0.9999861909250873,0.999986190925087,0.9999861909250861,0.9999861909250864,0.999986190925087,0.9999861909250873,0.9999861909250866,0.9999861909250866,0.9999861909250864,0.999986190925087,-3.162641053961855e-11,0.9999861909250851,0.9999861909250852,-3.162640986925557e-11,0.9999861909250864,0.9999861909250852,0.9999861909250849,0.9999861909250871,0.9999861909250864,0.9999861909250864,0.999986190925087,0.9999861909250864,0.9999861909250849,0.999986190925087,0.9999861909250852,0.9999861909250866,-3.162640976127869e-11,-3.1626410902541226e-11,0.999986190925087,-3.162641091760525e-11,0.9999861909250861,-3.16264097458634e-11,0.9999861909250866,0.9999861909250849,0.9999861909250861,0.9999861700733429,0.9999861909250852,0.9999861909250882,0.9999861909250873,0.9999861909250866
0.9999888930626413,0.9999861909250866,0.9999883561802613,0.9999861909250791,0.9999861909250795,0.9999861909250799,0.9999861909250799,0.9999861909250795,0.9999861909250778,0.9999861909250797,0.9999861909250795,0.9999861909250795,0.9999861909250797,0.9999861909250787,0.9999861909250799,0.9999861909250795,-3.162641057106555e-11,0.9999861909250797,0.9999861909250791,-3.16264098750652e-11,0.9999861909250788,0.9999861909250795,0.9999861909250797,0.9999861909250799,0.9999861909250782,0.9999861909250797,0.9999861909250795,0.9999861909250799,0.9999861909250795,0.9999861909250795,0.9999861909250791,0.9999861909250795,-3.1626409842167716e-11,-3.162641087811818e-11,0.9999861909250795,-3.1626410887673546e-11,0.9999861909250795,-3.1626409676979935e-11,0.9999861909250797,0.9999861909250797,0.9999861909250795,0.9999861700733361,0.9999861909250791,0.9999861909250799,0.9999861909250795,0.9999861909250797
0.9999888930626433,0.9999861909250868,0.9999861909250791,0.9999883561802543,0.9999861909250797,0.9999861909250806,0.9999861909250806,0.9999861909250797,0.9999861909250793,0.99998619092508,0.9999861909250806,0.9999861909250799,0.99998619092508,0.9999861909250787,0.9999861909250803,0.9999861909250806,-3.1626410515022076e-11,0.9999861909250787,0.9999861909250799,-3.162640988167238e-11,0.9999861909250807,0.99998619092508,0.99998619092508,0.9999861909250803,0.9999861909250795,0.9999861909250803,0.9999861909250803,0.99998619092508,0.99998619092508,0.9999861909250806,0.9999861909250799,0.99998619092508,-3.162640977089043e-11,-3.162641085024162e-11,0.9999861909250803,-3.162641086573467e-11,0.9999861909250797,-3.1626409720820437e-11,0.99998619092508,0.99998619092508,0.9999861909250807,0.9999861700733363,0.9999861909250793,0.9999861909250806,0.9999861909250807,0.99998619092508
0.9999888930626424,0.9999861909250871,0.9999861909250795,0.9999861909250797,0.9999883561802647,0.99998619092508,0.99998619092508,0.9999861909250803,0.9999861909250791,0.99998619092508,0.9999861909250803,0.9999861909250797,0.99998619092508,0.9999861909250788,0.9999861909250812,0.9999861909250803,-3.1626410475778643e-11,0.9999861909250803,0.9999861909250799,-3.162640988398914e-11,0.99998619092508,0.9999861909250799,0.9999861909250799,0.9999861909250807,0.9999861909250797,0.9999861909250799,0.9999861909250803,0.99998619092508,0.9999861909250799,0.9999861909250803,0.9999861909250791,0.9999861909250799,-3.162640979360655e-11,-3.1626410875251116e-11,0.9999861909250803,-3.1626410860272316e-11,0.9999861909250795,-3.162640973198777e-11,0.9999861909250799,0.9999861909250799,0.9999861909250795,0.9999861700733363,0.9999861909250791,0.9999861909250812,0.9999861909250803,0.99998619092508
0.9999888930626443,0.9999861909250873,0.9999861909250799,0.9999861909250806,0.99998619092508,0.9999883561802573,0.9999861909250799,0.9999861909250803,0.9999861909250791,0.9999861909250803,0.9999861909250803,0.9999861909250795,0.9999861909250803,0.9999861909250795,0.9999861909250803,0.9999861909250803,-3.162641049676792e-11,0.9999861909250803,0.9999861909250795,-3.1626409846362504e-11,0.9999861909250799,0.9999861909250795,0.9999861909250793,0.9999861909250806,0.9999861909250795,0.9999861909250803,0.9999861909250803,0.9999861909250803,0.9999861909250803,0.9999861909250803,0.9999861909250795,0.9999861909250799,-3.162640979635257e-11,-3.162641087049293e-11,0.9999861909250803,-3.1626410826413274e-11,0.9999861909250791,-3.162640973198777e-11,0.9999861909250803,0.9999861909250793,0.9999861909250799,0.9999861700733367,0.9999861909250793,0.9999861909250807,0.9999861909250803,0.9999861909250803
0.9999888930626443,0.9999861909250873,0.9999861909250799,0.9999861909250806,0.99998619092508,0.9999861909250799,0.9999883561802577,0.9999861909250803,0.9999861909250791,0.9999861909250803,0.9999861909250803,0.9999861909250795,0.9999861909250803,0.9999861909250795,0.9999861909250803,0.9999861909250803,-3.162641053640925e-11,0.9999861909250803,0.9999861909250795,-3.162640987499499e-11,0.9999861909250799,0.9999861909250795,0.9999861909250793,0.9999861909250806,0.9999861909250795,0.9999861909250803,0.9999861909250803,0.9999861909250803,0.9999861909250803,0.9999861909250803,0.9999861909250795,0.9999861909250799,-3.162640978931486e-11,-3.1626410902541226e-11,0.9999861909250803,-3.1626410866404154e-11,0.9999861909250791,-3.162640973198777e-11,0.9999861909250803,0.9999861909250793,0.9999861909250799,0.9999861700733365,0.9999861909250793,0.9999861909250807,0.9999861909250803,0.9999861909250803
0.9999888930626424,0.999986190925087,0.9999861909250795,0.9999861909250797,0.9999861909250803,0.9999861909250803,0.9999861909250803,0.9999883561802636,0.9999861909250791,0.99998619092508,0.9999861909250803,0.9999861909250799,0.99998619092508,0.9999861909250788,0.9999861909250812,0.9999861909250803,-3.1626410578299576e-11,0.9999861909250803,0.9999861909250799,-3.162640988167238e-11,0.99998619092508,0.9999861909250799,0.9999861909250799,0.9999861909250807,0.9999861909250797,0.99998619092508,0.9999861909250803,0.99998619092508,0.99998619092508,0.9999861909250803,0.9999861909250793,0.9999861909250799,-3.162640977231372e-11,-3.162641088552744e-11,0.9999861909250803,-3.162641088811448e-11,0.9999861909250797,-3.162640975375108e-11,0.99998619092508,0.99998619092508,0.99998619092508,0.9999861700733365,0.9999861909250791,0.9999861909250812,0.9999861909250806,0.99998619092508
0.999988893062642,0.9999861909250861,0.9999861909250778,0.9999861909250793,0.9999861909250791,0.9999861909250791,0.9999861909250791,0.9999861909250791,0.9999883561802582,0.9999861909250785,0.9999861909250799,0.9999861909250787,0.9999861909250785,0.9999861909250778,0.9999861909250791,0.9999861909250799,-3.162641055693857e-11,0.9999861909250785,0.9999861909250793,-3.1626409876711864e-11,0.9999861909250795,0.9999861909250797,0.9999861909250778,0.9999861909250795,0.9999861909250782,0.9999861909250797,0.9999861909250799,0.9999861909250785,0.9999861909250778,0.9999861909250799,0.9999861909250785,0.9999861909250795,-3.1626409802305734e-11,-3.162641086791836e-11,0.9999861909250797,-3.162641089405136e-11,0.9999861909250791,-3.162640974315647e-11,0.9999861909250785,0.9999861909250778,0.9999861909250787,0.9999861700733358,0.9999861909250782,0.9999861909250799,0.9999861909250791,0.9999861909250785
0.999988893062646,0.9999861909250864,0.9999861909250797,0.99998619092508,0.99998619092508,0.9999861909250803,0.9999861909250803,0.99998619092508,0.9999861909250785,0.9999883561802552,0.9999861909250793,0.9999861909250807,0.9999861909250793,0.9999861909250797,0.9999861909250793,0.9999861909250793,-3.1626410530895775e-11,0.9999861909250791,0.9999861909250799,-3.162640991671353e-11,0.9999861909250791,0.9999861909250791,0.9999861909250787,0.9999861909250803,0.9999861909250797,0.9999861909250793,0.9999861909250793,0.9999861909250793,0.9999861909250791,0.9999861909250793,0.9999861909250799,0.9999861909250799,-3.162640979360655e-11,-3.162641085105093e-11,0.9999861909250793,-3.162641093681851e-11,0.9999861909250795,-3.16264097343879e-11,0.9999861909250793,0.9999861909250791,0.9999861909250791,0.9999861700733367,0.9999861909250795,0.9999861909250809,0.99998619092508,0.9999861909250793
0.9999888930626433,0.999986190925087,0.9999861909250795,0.9999861909250806,0.9999861909250803,0.9999861909250803,0.9999861909250803,0.9999861909250803,0.9999861909250799,0.9999861909250793,0.9999883561802634,0.9999861909250799,0.9999861909250793,0.9999861909250795,0.9999861909250799,0.9999861909250812,-3.162641053961855e-11,0.9999861909250793,0.9999861909250807,-3.162640988167238e-11,0.9999861909250812,0.9999861909250812,0.9999861909250791,0.9999861909250803,0.9999861909250799,0.9999861909250812,0.9999861909250812,0.9999861909250793,0.9999861909250793,0.9999861909250812,0.9999861909250793,0.9999861909250812,-3.162640986832935e-11,-3.162641091187355e-11,0.9999861909250812,-3.162641092916676e-11,0.9999861909250803,-3.1626409764132984e-11,0.9999861909250793,0.9999861909250791,0.9999861909250799,0.9999861700733373,0.9999861909250791,0.9999861909250812,0.9999861909250803,0.9999861909250793
0.9999888930626393,0.9999861909250873,0.9999861909250795,0.9999861909250799,0.9999861909250797,0.9999861909250795,0.9999861909250795,0.9999861909250799,0.9999861909250787,0.9999861909250807,0.9999861909250799,0.9999883561802604,0.9999861909250807,0.9999861909250787,0.9999861909250807,0.9999861909250799,-3.1626410530674336e-11,0.9999861909250788,0.9999861909250795,-3.1626409881629996e-11,0.9999861909250803,0.9999861909250806,0.9999861909250795,0.9999861909250795,0.9999861909250791,0.9999861909250807,0.9999861909250799,0.9999861909250807,0.9999861909250797,0.9999861909250799,0.9999861909250795,0.9999861909250803,-3.162640978709351e-11,-3.1626410844344145e-11,0.9999861909250799,-3.162641086573467e-11,0.9999861909250795,-3.162640969119326e-11,0.9999861909250807,0.9999861909250799,0.9999861909250803,0.9999861700733365,0.9999861909250787,0.9999861909250803,0.9999861909250799,0.9999861909250807
0.999988893062646,0.9999861909250866,0.9999861909250797,0.99998619092508,0.99998619092508,0.9999861909250803,0.9999861909250803,0.99998619092508,0.9999861909250785,0.9999861909250793,0.9999861909250793,0.9999861909250807,0.9999883561802552,0.9999861909250799,0.9999861909250793,0.9999861909250793,-3.162641053002975e-11,0.9999861909250791,0.9999861909250799,-3.1626409850972026e-11,0.9999861909250791,0.9999861909250791,0.9999861909250791,0.9999861909250803,0.9999861909250797,0.9999861909250793,0.9999861909250793,0.9999861909250793,0.9999861909250791,0.9999861909250793,0.9999861909250799,0.9999861909250799,-3.162640978184507e-11,-3.1626410838658746e-11,0.9999861909250793,-3.162641093681851e-11,0.9999861909250795,-3.1626409702615994e-11,0.9999861909250793,0.9999861909250791,0.9999861909250791,0.9999861700733365,0.9999861909250795,0.9999861909250809,0.99998619092508,0.9999861909250793
0.9999888930626393,0.9999861909250866,0.9999861909250787,0.9999861909250787,0.9999861909250788,0.9999861909250795,0.9999861909250795,0.9999861909250788,0.9999861909250778,0.9999861909250797,0.9999861909250795,0.9999861909250787,0.9999861909250799,0.999988356180265,0.9999861909250799,0.9999861909250795,-3.162641051170109e-11,0.9999861909250782,0.9999861909250791,-3.162640985579856e-11,0.9999861909250795,0.9999861909250795,0.9999861909250793,0.9999861909250795,0.9999861909250778,0.9999861909250799,0.9999861909250795,0.9999861909250797,0.9999861909250791,0.9999861909250795,0.9999861909250791,0.9999861909250787,-3.1626409802305734e-11,-3.162641087827175e-11,0.99998619092508,-3.162641089405136e-11,0.9999861909250782,-3.162640969239174e-11,0.9999861909250797,0.9999861909250793,0.9999861909250795,0.9999861700733358,0.9999861909250778,0.9999861909250797,0.9999861909250788,0.9999861909250799
0.9999888930626463,0.9999861909250864,0.9999861909250799,0.9999861909250803,0.9999861909250812,0.9999861909250803,0.9999861909250803,0.9999861909250812,0.9999861909250791,0.9999861909250793,0.9999861909250799,0.9999861909250807,0.9999861909250793,0.9999861909250799,0.9999883561802552,0.9999861909250799,-3.1626410565761166e-11,0.9999861909250793,0.9999861909250799,-3.162640985232736e-11,0.9999861909250797,0.9999861909250791,0.9999861909250791,0.9999861909250806,0.9999861909250799,0.9999861909250791,0.9999861909250793,0.9999861909250793,0.9999861909250793,0.9999861909250799,0.9999861909250799,0.9999861909250807,-3.162640978529405e-11,-3.1626410867790586e-11,0.9999861909250799,-3.162641093681851e-11,0.9999861909250799,-3.1626409740483625e-11,0.9999861909250793,0.9999861909250793,0.9999861909250793,0.9999861700733367,0.9999861909250799,0.9999861909250816,0.9999861909250812,0.9999861909250793
0.9999888930626433,0.999986190925087,0.9999861909250795,0.9999861909250806,0.9999861909250803,0.9999861909250803,0.9999861909250803,0.9999861909250803,0.9999861909250799,0.9999861909250793,0.9999861909250812,0.9999861909250799,0.9999861909250793,0.9999861909250795,0.9999861909250799,0.9999883561802634,-3.1626410497577244e-11,0.9999861909250793,0.9999861909250807,-3.162640987349988e-11,0.9999861909250812,0.9999861909250812,0.9999861909250791,0.9999861909250803,0.99998619092508,0.9999861909250812,0.9999861909250812,0.9999861909250793,0.9999861909250793,0.9999861909250812,0.9999861909250793,0.9999861909250812,-3.1626409771648856e-11,-3.162641085105093e-11,0.9999861909250812,-3.162641088321444e-11,0.9999861909250803,-3.1626409734631994e-11,0.9999861909250793,0.9999861909250791,0.9999861909250799,0.9999861700733373,0.9999861909250791,0.9999861909250812,0.9999861909250803,0.9999861909250793
-1.325329971892464e-06,-3.162641053961855e-11,-3.162641057106555e-11,-3.1626410515022076e-11,-3.1626410475778643e-11,-3.162641049676792e-11,-3.162641053640925e-11,-3.1626410578299576e-11,-3.162641055693857e-11,-3.1626410530895775e-11,-3.162641053961855e-11,-3.1626410530674336e-11,-3.162641053002975e-11,-3.162641051170109e-11,-3.1626410565761166e-11,-3.1626410497577244e-11,2.1652551706250418e-06,-3.162641057589371e-11,-3.162641057106555e-11,2.5666682825299695e-15,-3.162641049697397e-11,-3.162641052233046e-11,-3.162641056166754e-11,-3.162641051202621e-11,-3.1626410562592115e-11,-3.1626410575822545e-11,-3.162641052287262e-11,-3.162641055495834e-11,-3.162641057106555e-11,-3.1626410578299576e-11,-3.162641050754677e-11,-3.162641053002975e-11,2.5666682731335285e-15,2.5666682012552326e-15,-3.1626410475778643e-11,2.566668179756223e-15,-3.162641057106555e-11,2.566668295035718e-15,-3.162641051170109e-11,-3.162641057106555e-11,-3.1626410504879e-11,-6.285621380034658e-08,-3.162641051175784e-11,-3.1626410475778643e-11,-3.162641059214659e-11,-3.162641053205624e-11
0.9999888930626404,0.9999861909250851,0.9999861909250797,0.9999861909250787,0.9999861909250803,0.9999861909250803,0.9999861909250803,0.9999861909250803,0.9999861909250785,0.9999861909250791,0.9999861909250793,0.9999861909250788,0.9999861909250791,0.9999861909250782,0.9999861909250793,0.9999861909250793,-3.162641057589371e-11,0.9999883561802555,0.9999861909250799,-3.162640988729251e-11,0.9999861909250791,0.9999861909250791,0.9999861909250778,0.9999861909250803,0.9999861909250782,0.9999861909250793,0.9999861909250793,0.9999861909250791,0.9999861909250778,0.9999861909250793,0.9999861909250793,0.9999861909250791,-3.162640979360655e-11,-3.162641083770852e-11,0.9999861909250793,-3.162641091628107e-11,0.9999861909250782,-3.162640969119326e-11,0.9999861909250791,0.9999861909250778,0.9999861909250791,0.9999861700733367,0.9999861909250791,0.9999861909250812,0.9999861909250803,0.9999861909250791
0.9999888930626453,0.9999861909250852,0.9999861909250791,0.9999861909250799,0.9999861909250799,0.9999861909250795,0.9999861909250795,0.9999861909250799,0.9999861909250793,0.9999861909250799,0.9999861909250807,0.9999861909250795,0.9999861909250799,0.9999861909250791,0.9999861909250799,0.9999861909250807,-3.162641057106555e-11,0.9999861909250799,0.9999883561802552,-3.1626409844971594e-11,0.9999861909250803,0.9999861909250799,0.9999861909250795,0.9999861909250797,0.9999861909250795,0.9999861909250799,0.9999861909250806,0.9999861909250799,0.9999861909250799,0.9999861909250807,0.9999861909250797,0.9999861909250803,-3.162640978888377e-11,-3.162641086143701e-11,0.9999861909250803,-3.162641085345751e-11,0.9999861909250795,-3.16264097537969e-11,0.9999861909250799,0.9999861909250799,0.9999861909250795,0.9999861700733373,0.9999861909250799,0.9999861909250807,0.9999861909250799,0.9999861909250799
-1.325329971892461e-06,-3.162640986925557e-11,-3.16264098750652e-11,-3.162640988167238e-11,-3.162640988398914e-11,-3.1626409846362504e-11,-3.162640987499499e-11,-3.162640988167238e-11,-3.1626409876711864e-11,-3.162640991671353e-11,-3.162640988167238e-11,-3.1626409881629996e-11,-3.1626409850972026e-11,-3.162640985579856e-11,-3.162640985232736e-11,-3.162640987349988e-11,2.5666682825299695e-15,-3.162640988729251e-11,-3.1626409844971594e-11,2.1652551706250418e-06,-3.162640987417773e-11,-3.1626409876711864e-11,-3.1626409881502054e-11,-3.162640987833482e-11,-3.16264098645977e-11,-3.162640985112024e-11,-3.162640988167238e-11,-3.1626409848000684e-11,-3.1626409849955434e-11,-3.162640987068251e-11,-3.162640987833482e-11,-3.162640993450085e-11,2.5666683548010874e-15,2.566668282922818e-15,-3.162640990863068e-11,2.566668261423799e-15,-3.162640989591862e-11,2.566668376703292e-15,-3.162640984647471e-11,-3.1626409850750646e-11,-3.1626409883764716e-11,-6.285621253027998e-08,-3.16264098645977e-11,-3.162640987998517e-11,-3.162640984647471e-11,-3.16264098645977e-11
0.9999888930626418,0.9999861909250864,0.9999861909250788,0.9999861909250807,0.99998619092508,0.9999861909250799,0.9999861909250799,0.99998619092508,0.9999861909250795,0.9999861909250791,0.9999861909250812,0.9999861909250803,0.9999861909250791,0.9999861909250795,0.9999861909250797,0.9999861909250812,-3.162641049697397e-11,0.9999861909250791,0.9999861909250803,-3.162640987417773e-11,0.9999883561802582,0.9999861909250807,0.9999861909250791,0.9999861909250799,0.9999861909250803,0.9999861909250807,0.9999861909250812,0.9999861909250791,0.9999861909250791,0.9999861909250812,0.9999861909250795,0.99998619092508,-3.1626409802305734e-11,-3.16264108117462e-11,0.9999861909250812,-3.162641089405136e-11,0.9999861909250797,-3.16264097537969e-11,0.9999861909250791,0.9999861909250791,0.99998619092508,0.9999861700733367,0.9999861909250793,0.9999861909250809,0.99998619092508,0.9999861909250791
0.9999888930626464,0.9999861909250852,0.9999861909250795,0.99998619092508,0.9999861909250799,0.9999861909250795,0.9999861909250795,0.9999861909250799,0.9999861909250797,0.9999861909250791,0.9999861909250812,0.9999861909250806,0.9999861909250791,0.9999861909250795,0.9999861909250791,0.9999861909250812,-3.162641052233046e-11,0.9999861909250791,0.9999861909250799,-3.1626409876711864e-11,0.9999861909250807,0.9999883561802546,0.9999861909250787,0.9999861909250803,0.9999861909250797,0.9999861909250799,0.9999861909250809,0.9999861909250787,0.9999861909250787,0.9999861909250812,0.9999861909250793,0.9999861909250803,-3.162640991477163e-11,-3.1626410858882206e-11,0.9999861909250812,-3.162641087089214e-11,0.9999861909250795,-3.1626409723619855e-11,0.9999861909250787,0.9999861909250787,0.9999861909250799,0.999986170073337,0.9999861909250793,0.9999861909250807,0.9999861909250799,0.9999861909250791
0.999988893062647,0.9999861909250849,0.9999861909250797,0.99998619092508,0.9999861909250799,0.9999861909250793,0.9999861909250793,0.9999861909250799,0.9999861909250778,0.9999861909250787,0.9999861909250791,0.9999861909250795,0.9999861909250791,0.9999861909250793,0.9999861909250791,0.9999861909250791,-3.162641056166754e-11,0.9999861909250778,0.9999861909250795,-3.1626409881502054e-11,0.9999861909250791,0.9999861909250787,0.9999883561802538,0.9999861909250797,0.9999861909250795,0.9999861909250787,0.9999861909250791,0.9999861909250791,0.9999861909250778,0.9999861909250791,0.9999861909250787,0.9999861909250795,-3.162640978726721e-11,-3.162641087049293e-11,0.9999861909250793,-3.162641084261108e-11,0.9999861909250791,-3.162640973198777e-11,0.9999861909250787,0.9999861909250778,0.9999861909250778,0.9999861700733358,0.9999861909250782,0.9999861909250807,0.9999861909250799,0.9999861909250791
0.9999888930626439,0.9999861909250871,0.9999861909250799,0.9999861909250803,0.9999861909250807,0.9999861909250806,0.9999861909250806,0.9999861909250807,0.9999861909250795,0.9999861909250803,0.9999861909250803,0.9999861909250795,0.9999861909250803,0.9999861909250795,0.9999861909250806,0.9999861909250803,-3.162641051202621e-11,0.9999861909250803,0.9999861909250797,-3.162640987833482e-11,0.9999861909250799,0.9999861909250803,0.9999861909250797,0.99998835618025,0.9999861909250795,0.9999861909250803,0.9999861909250803,0.9999861909250803,0.9999861909250803,0.9999861909250803,0.9999861909250795,0.9999861909250799,-3.162640981158765e-11,-3.1626410812579066e-11,0.9999861909250807,-3.162641083175134e-11,0.9999861909250795,-3.1626409686079646e-11,0.9999861909250803,0.9999861909250803,0.9999861909250799,0.9999861700733367,0.9999861909250795,0.9999861909250816,0.9999861909250807,0.9999861909250803
0.9999888930626418,0.9999861909250864,0.9999861909250782,0.9999861909250795,0.9999861909250797,0.9999861909250795,0.9999861909250795,0.9999861909250797,0.9999861909250782,0.9999861909250797,0.9999861909250799,0.9999861909250791,0.9999861909250797,0.9999861909250778,0.9999861909250799,0.99998619092508,-3.1626410562592115e-11,0.9999861909250782,0.9999861909250795,-3.16264098645977e-11,0.9999861909250803,0.9999861909250797,0.9999861909250795,0.9999861909250795,0.9999883561802525,0.9999861909250799,0.9999861909250799,0.9999861909250797,0.9999861909250795,0.99998619092508,0.9999861909250788,0.9999861909250797,-3.1626409804257176e-11,-3.1626410858882206e-11,0.9999861909250799,-3.162641089411171e-11,0.9999861909250778,-3.1626409698298234e-11,0.9999861909250797,0.9999861909250795,0.9999861909250788,0.9999861700733355,0.9999861909250788,0.9999861909250797,0.9999861909250797,0.9999861909250797
0.9999888930626463,0.9999861909250864,0.9999861909250797,0.9999861909250803,0.9999861909250799,0.9999861909250803,0.9999861909250803,0.99998619092508,0.9999861909250797,0.9999861909250793,0.9999861909250812,0.9999861909250807,0.9999861909250793,0.9999861909250799,0.9999861909250791,0.9999861909250812,-3.1626410575822545e-11,0.9999861909250793,0.9999861909250799,-3.162640985112024e-11,0.9999861909250807,0.9999861909250799,0.9999861909250787,0.9999861909250803,0.9999861909250799,0.9999883561802546,0.9999861909250812,0.9999861909250791,0.9999861909250787,0.9999861909250812,0.9999861909250799,0.9999861909250807,-3.162640979528383e-11,-3.162641084145679e-11,0.9999861909250812,-3.162641082304848e-11,0.9999861909250799,-3.162640975132287e-11,0.9999861909250791,0.9999861909250787,0.9999861909250799,0.999986170073337,0.9999861909250799,0.9999861909250809,0.99998619092508,0.9999861909250793
0.9999888930626433,0.999986190925087,0.9999861909250795,0.9999861909250803,0.9999861909250803,0.9999861909250803,0.9999861909250803,0.9999861909250803,0.9999861909250799,0.9999861909250793,0.9999861909250812,0.9999861909250799,0.9999861909250793,0.9999861909250795,0.9999861909250793,0.9999861909250812,-3.162641052287262e-11,0.9999861909250793,0.9999861909250806,-3.162640988167238e-11,0.9999861909250812,0.9999861909250809,0.9999861909250791,0.9999861909250803,0.9999861909250799,0.9999861909250812,0.9999883561802656,0.9999861909250793,0.9999861909250793,0.9999861909250812,0.9999861909250793,0.9999861909250812,-3.16264098097259e-11,-3.1626410875059055e-11,0.9999861909250812,-3.162641093681851e-11,0.9999861909250803,-3.162640973198777e-11,0.9999861909250793,0.9999861909250791,0.9999861909250799,0.9999861700733373,0.9999861909250791,0.9999861909250812,0.9999861909250803,0.9999861909250793
0.999988893062647,0.9999861909250864,0.9999861909250799,0.99998619092508,0.99998619092508,0.9999861909250803,0.9999861909250803,0.99998619092508,0.9999861909250785,0.9999861909250793,0.9999861909250793,0.9999861909250807,0.9999861909250793,0.9999861909250797,0.9999861909250793,0.9999861909250793,-3.162641055495834e-11,0.9999861909250791,0.9999861909250799,-3.1626409848000684e-11,0.9999861909250791,0.9999861909250787,0.9999861909250791,0.9999861909250803,0.9999861909250797,0.9999861909250791,0.9999861909250793,0.9999883561802538,0.9999861909250791,0.9999861909250793,0.9999861909250799,0.9999861909250799,-3.162640987311688e-11,-3.16264108735334e-11,0.9999861909250793,-3.162641086514907e-11,0.9999861909250795,-3.1626409760141514e-11,0.9999861909250793,0.9999861909250791,0.9999861909250791,0.9999861700733367,0.9999861909250795,0.9999861909250809,0.99998619092508,0.9999861909250795
0.999988893062647,0.9999861909250849,0.9999861909250795,0.99998619092508,0.9999861909250799,0.9999861909250803,0.9999861909250803,0.99998619092508,0.9999861909250778,0.9999861909250791,0.9999861909250793,0.9999861909250797,0.9999861909250791,0.9999861909250791,0.9999861909250793,0.9999861909250793,-3.162641057106555e-11,0.9999861909250778,0.9999861909250799,-3.1626409849955434e-11,0.9999861909250791,0.9999861909250787,0.9999861909250778,0.9999861909250803,0.9999861909250795,0.9999861909250787,0.9999861909250793,0.9999861909250791,0.9999883561802538,0.9999861909250793,0.9999861909250787,0.9999861909250795,-3.162640980110011e-11,-3.162641087961457e-11,0.9999861909250791,-3.162641084348119e-11,0.9999861909250791,-3.162640975375108e-11,0.9999861909250787,0.9999861909250778,0.9999861909250782,0.9999861700733363,0.9999861909250787,0.9999861909250809,0.99998619092508,0.9999861909250791
0.9999888930626433,0.999986190925087,0.9999861909250795,0.9999861909250806,0.9999861909250803,0.9999861909250803,0.9999861909250803,0.9999861909250803,0.9999861909250799,0.9999861909250793,0.9999861909250812,0.9999861909250799,0.9999861909250793,0.9999861909250795,0.9999861909250799,0.9999861909250812,-3.1626410578299576e-11,0.9999861909250793,0.9999861909250807,-3.162640987068251e-11,0.9999861909250812,0.9999861909250812,0.9999861909250791,0.9999861909250803,0.99998619092508,0.9999861909250812,0.9999861909250812,0.9999861909250793,0.9999861909250793,0.9999883561802634,0.9999861909250793,0.9999861909250812,-3.1626409802269894e-11,-3.162641091615258e-11,0.9999861909250812,-3.16264109077344e-11,0.9999861909250803,-3.162640972960127e-11,0.9999861909250793,0.9999861909250791,0.9999861909250799,0.9999861700733373,0.9999861909250791,0.9999861909250812,0.9999861909250803,0.9999861909250793
0.9999888930626448,0.9999861909250852,0.9999861909250791,0.9999861909250799,0.9999861909250791,0.9999861909250795,0.9999861909250795,0.9999861909250793,0.9999861909250785,0.9999861909250799,0.9999861909250793,0.9999861909250795,0.9999861909250799,0.9999861909250791,0.9999861909250799,0.9999861909250793,-3.162641050754677e-11,0.9999861909250793,0.9999861909250797,-3.162640987833482e-11,0.9999861909250795,0.9999861909250793,0.9999861909250787,0.9999861909250795,0.9999861909250788,0.9999861909250799,0.9999861909250793,0.9999861909250799,0.9999861909250787,0.9999861909250793,0.9999883561802538,0.9999861909250803,-3.162640981574076e-11,-3.162641088637852e-11,0.9999861909250807,-3.162641093302919e-11,0.9999861909250795,-3.162640980350713e-11,0.9999861909250799,0.9999861909250787,0.9999861909250795,0.9999861700733373,0.9999861909250799,0.99998619092508,0.9999861909250793,0.9999861909250799
0.9999888930626393,0.9999861909250866,0.9999861909250795,0.99998619092508,0.9999861909250799,0.9999861909250799,0.9999861909250799,0.9999861909250799,0.9999861909250795,0.9999861909250799,0.9999861909250812,0.9999861909250803,0.9999861909250799,0.9999861909250787,0.9999861909250807,0.9999861909250812,-3.162641053002975e-11,0.9999861909250791,0.9999861909250803,-3.162640993450085e-11,0.99998619092508,0.9999861909250803,0.9999861909250795,0.9999861909250799,0.9999861909250797,0.9999861909250807,0.9999861909250812,0.9999861909250799,0.9999861909250795,0.9999861909250812,0.9999861909250803,0.9999883561802586,-3.1626409802305734e-11,-3.162641084406849e-11,0.9999861909250812,-3.162641088095475e-11,0.9999861909250797,-3.162640971735292e-11,0.9999861909250799,0.9999861909250797,0.99998619092508,0.9999861700733367,0.9999861909250793,0.9999861909250809,0.99998619092508,0.9999861909250799
-1.325329971892464e-06,-3.162640976127869e-11,-3.1626409842167716e-11,-3.162640977089043e-11,-3.162640979360655e-11,-3.162640979635257e-11,-3.162640978931486e-11,-3.162640977231372e-11,-3.1626409802305734e-11,-3.162640979360655e-11,-3.162640986832935e-11,-3.162640978709351e-11,-3.162640978184507e-11,-3.1626409802305734e-11,-3.162640978529405e-11,-3.1626409771648856e-11,2.5666682731335285e-15,-3.162640979360655e-11,-3.162640978888377e-11,2.5666683548010874e-15,-3.1626409802305734e-11,-3.162640991477163e-11,-3.162640978726721e-11,-3.162640981158765e-11,-3.1626409804257176e-11,-3.162640979528383e-11,-3.16264098097259e-11,-3.162640987311688e-11,-3.162640980110011e-11,-3.1626409802269894e-11,-3.162640981574076e-11,-3.1626409802305734e-11,2.1652551706250418e-06,2.566668273526358e-15,-3.162640981638157e-11,2.5666682520273318e-15,-3.1626409802305734e-11,2.5666683673068283e-15,-3.162640979923898e-11,-3.162640981158765e-11,-3.162640981638157e-11,-6.285621229076464e-08,-3.1626409771648856e-11,-3.162640977926131e-11,-3.1626409796861225e-11,-3.162640981263566e-11
-1.325329971892461e-06,-3.1626410902541226e-11,-3.162641087811818e-11,-3.162641085024162e-11,-3.1626410875251116e-11,-3.162641087049293e-11,-3.1626410902541226e-11,-3.162641088552744e-11,-3.162641086791836e-11,-3.162641085105093e-11,-3.162641091187355e-11,-3.1626410844344145e-11,-3.1626410838658746e-11,-3.162641087827175e-11,-3.1626410867790586e-11,-3.162641085105093e-11,2.5666682012552326e-15,-3.162641083770852e-11,-3.162641086143701e-11,2.566668282922818e-15,-3.16264108117462e-11,-3.1626410858882206e-11,-3.162641087049293e-11,-3.1626410812579066e-11,-3.1626410858882206e-11,-3.162641084145679e-11,-3.1626410875059055e-11,-3.16264108735334e-11,-3.162641087961457e-11,-3.162641091615258e-11,-3.162641088637852e-11,-3.162641084406849e-11,2.566668273526358e-15,2.1652551706250418e-06,-3.162641087811818e-11,2.566668180149024e-15,-3.162641087021479e-11,2.5666682954285478e-15,-3.162641084732725e-11,-3.1626410812579066e-11,-3.1626410879350164e-11,-6.285621439833289e-08,-3.162641086804064e-11,-3.1626410824270986e-11,-3.1626410838658746e-11,-3.1626410858882206e-11
0.9999888930626435,0.999986190925087,0.9999861909250795,0.9999861909250803,0.9999861909250803,0.9999861909250803,0.9999861909250803,0.9999861909250803,0.9999861909250797,0.9999861909250793,0.9999861909250812,0.9999861909250799,0.9999861909250793,0.99998619092508,0.9999861909250799,0.9999861909250812,-3.1626410475778643e-11,0.9999861909250793,0.9999861909250803,-3.162640990863068e-11,0.9999861909250812,0.9999861909250812,0.9999861909250793,0.9999861909250807,0.9999861909250799,0.9999861909250812,0.9999861909250812,0.9999861909250793,0.9999861909250791,0.9999861909250812,0.9999861909250807,0.9999861909250812,-3.162640981638157e-11,-3.162641087811818e-11,0.9999883561802656,-3.162641086576175e-11,0.9999861909250803,-3.162640968976123e-11,0.9999861909250793,0.9999861909250793,0.9999861909250812,0.9999861700733373,0.9999861909250791,0.9999861909250812,0.9999861909250803,0.9999861909250793
-1.3253299719085238e-06,-3.162641091760525e-11,-3.1626410887673546e-11,-3.162641086573467e-11,-3.1626410860272316e-11,-3.1626410826413274e-11,-3.1626410866404154e-11,-3.162641088811448e-11,-3.162641089405136e-11,-3.162641093681851e-11,-3.162641092916676e-11,-3.162641086573467e-11,-3.162641093681851e-11,-3.162641089405136e-11,-3.162641093681851e-11,-3.162641088321444e-11,2.566668179756223e-15,-3.162641091628107e-11,-3.162641085345751e-11,2.566668261423799e-15,-3.162641089405136e-11,-3.162641087089214e-11,-3.162641084261108e-11,-3.162641083175134e-11,-3.162641089411171e-11,-3.162641082304848e-11,-3.162641093681851e-11,-3.162641086514907e-11,-3.162641084348119e-11,-3.16264109077344e-11,-3.162641093302919e-11,-3.162641088095475e-11,2.5666682520273318e-15,2.566668180149024e-15,-3.162641086576175e-11,2.1652551706250418e-06,-3.162641088970506e-11,2.5666682739295207e-15,-3.162641086573467e-11,-3.162641084261108e-11,-3.16264109070511e-11,-6.285621446218095e-08,-3.1626410936061085e-11,-3.1626410826413274e-11,-3.162641083175134e-11,-3.162641088580029e-11
0.9999888930626386,0.9999861909250861,0.9999861909250795,0.9999861909250797,0.9999861909250795,0.9999861909250791,0.9999861909250791,0.9999861909250797,0.9999861909250791,0.9999861909250795,0.9999861909250803,0.9999861909250795,0.9999861909250795,0.9999861909250782,0.9999861909250799,0.9999861909250803,-3.162641057106555e-11,0.9999861909250782,0.9999861909250795,-3.162640989591862e-11,0.9999861909250797,0.9999861909250795,0.9999861909250791,0.9999861909250795,0.9999861909250778,0.9999861909250799,0.9999861909250803,0.9999861909250795,0.9999861909250791,0.9999861909250803,0.9999861909250795,0.9999861909250797,-3.1626409802305734e-11,-3.162641087021479e-11,0.9999861909250803,-3.162641088970506e-11,0.9999883561802586,-3.162640973479537e-11,0.9999861909250795,0.9999861909250793,0.9999861909250797,0.9999861700733363,0.9999861909250788,0.99998619092508,0.9999861909250797,0.9999861909250795
-1.3253299718924892e-06,-3.16264097458634e-11,-3.1626409676979935e-11,-3.1626409720820437e-11,-3.162640973198777e-11,-3.162640973198777e-11,-3.162640973198777e-11,-3.162640975375108e-11,-3.162640974315647e-11,-3.16264097343879e-11,-3.1626409764132984e-11,-3.162640969119326e-11,-3.1626409702615994e-11,-3.162640969239174e-11,-3.1626409740483625e-11,-3.1626409734631994e-11,2.566668295035718e-15,-3.162640969119326e-11,-3.16264097537969e-11,2.566668376703292e-15,-3.16264097537969e-11,-3.1626409723619855e-11,-3.162640973198777e-11,-3.1626409686079646e-11,-3.1626409698298234e-11,-3.162640975132287e-11,-3.162640973198777e-11,-3.1626409760141514e-11,-3.162640975375108e-11,-3.162640972960127e-11,-3.162640980350713e-11,-3.162640971735292e-11,2.5666683673068283e-15,2.5666682954285478e-15,-3.162640968976123e-11,2.5666682739295207e-15,-3.162640973479537e-11,2.1652551706250418e-06,-3.1626409740828327e-11,-3.162640980736619e-11,-3.1626409716365235e-11,-6.285621224875771e-08,-3.162640969239174e-11,-3.162640975340347e-11,-3.162640972520635e-11,-3.1626409716365235e-11
0.9999888930626467,0.9999861909250866,0.9999861909250797,0.99998619092508,0.9999861909250799,0.9999861909250803,0.9999861909250803,0.99998619092508,0.9999861909250785,0.9999861909250793,0.9999861909250793,0.9999861909250807,0.9999861909250793,0.9999861909250797,0.9999861909250793,0.9999861909250793,-3.162641051170109e-11,0.9999861909250791,0.9999861909250799,-3.162640984647471e-11,0.9999861909250791,0.9999861909250787,0.9999861909250787,0.9999861909250803,0.9999861909250797,0.9999861909250791,0.9999861909250793,0.9999861909250793,0.9999861909250787,0.9999861909250793,0.9999861909250799,0.9999861909250799,-3.162640979923898e-11,-3.162641084732725e-11,0.9999861909250793,-3.162641086573467e-11,0.9999861909250795,-3.1626409740828327e-11,0.9999883561802538,0.9999861909250787,0.9999861909250791,0.9999861700733365,0.9999861909250795,0.9999861909250809,0.99998619092508,0.9999861909250795
0.999988893062647,0.9999861909250849,0.9999861909250797,0.99998619092508,0.9999861909250799,0.9999861909250793,0.9999861909250793,0.99998619092508,0.9999861909250778,0.9999861909250791,0.9999861909250791,0.9999861909250799,0.9999861909250791,0.9999861909250793,0.9999861909250793,0.9999861909250791,-3.162641057106555e-11,0.9999861909250778,0.9999861909250799,-3.1626409850750646e-11,0.9999861909250791,0.9999861909250787,0.9999861909250778,0.9999861909250803,0.9999861909250795,0.9999861909250787,0.9999861909250791,0.9999861909250791,0.9999861909250778,0.9999861909250791,0.9999861909250787,0.9999861909250797,-3.162640981158765e-11,-3.1626410812579066e-11,0.9999861909250793,-3.162641084261108e-11,0.9999861909250793,-3.162640980736619e-11,0.9999861909250787,0.9999883561802546,0.9999861909250782,0.9999861700733367,0.9999861909250782,0.9999861909250809,0.9999861909250799,0.9999861909250791
0.9999888930626418,0.9999861909250861,0.9999861909250795,0.9999861909250807,0.9999861909250795,0.9999861909250799,0.9999861909250799,0.99998619092508,0.9999861909250787,0.9999861909250791,0.9999861909250799,0.9999861909250803,0.9999861909250791,0.9999861909250795,0.9999861909250793,0.9999861909250799,-3.1626410504879e-11,0.9999861909250791,0.9999861909250795,-3.1626409883764716e-11,0.99998619092508,0.9999861909250799,0.9999861909250778,0.9999861909250799,0.9999861909250788,0.9999861909250799,0.9999861909250799,0.9999861909250791,0.9999861909250782,0.9999861909250799,0.9999861909250795,0.99998619092508,-3.162640981638157e-11,-3.1626410879350164e-11,0.9999861909250812,-3.16264109070511e-11,0.9999861909250797,-3.1626409716365235e-11,0.9999861909250791,0.9999861909250782,0.9999883561802538,0.9999861700733367,0.9999861909250793,0.9999861909250809,0.99998619092508,0.9999861909250791
0.9999888722108171,0.9999861700733429,0.9999861700733361,0.9999861700733363,0.9999861700733363,0.9999861700733367,0.9999861700733365,0.9999861700733365,0.9999861700733358,0.9999861700733367,0.9999861700733373,0.9999861700733365,0.9999861700733365,0.9999861700733358,0.9999861700733367,0.9999861700733373,-6.285621380034658e-08,0.9999861700733367,0.9999861700733373,-6.285621253027998e-08,0.9999861700733367,0.999986170073337,0.9999861700733358,0.9999861700733367,0.9999861700733355,0.999986170073337,0.9999861700733373,0.9999861700733367,0.9999861700733363,0.9999861700733373,0.9999861700733373,0.9999861700733367,-6.285621229076464e-08,-6.285621439833289e-08,0.9999861700733373,-6.285621446218095e-08,0.9999861700733363,-6.285621224875771e-08,0.9999861700733365,0.9999861700733367,0.9999861700733367,0.999988314476778,0.9999861700733371,0.999986170073337,0.9999861700733363,0.9999861700733367
0.9999888930626444,0.9999861909250852,0.9999861909250791,0.9999861909250793,0.9999861909250791,0.9999861909250793,0.9999861909250793,0.9999861909250791,0.9999861909250782,0.9999861909250795,0.9999861909250791,0.9999861909250787,0.9999861909250795,0.9999861909250778,0.9999861909250799,0.9999861909250791,-3.162641051175784e-11,0.9999861909250791,0.9999861909250799,-3.16264098645977e-11,0.9999861909250793,0.9999861909250793,0.9999861909250782,0.9999861909250795,0.9999861909250788,0.9999861909250799,0.9999861909250791,0.9999861909250795,0.9999861909250787,0.9999861909250791,0.9999861909250799,0.9999861909250793,-3.1626409771648856e-11,-3.162641086804064e-11,0.9999861909250791,-3.1626410936061085e-11,0.9999861909250788,-3.162640969239174e-11,0.9999861909250795,0.9999861909250782,0.9999861909250793,0.9999861700733371,0.9999883561802543,0.9999861909250799,0.9999861909250791,0.9999861909250795
