1.0000000160234612,-4.1094883602304745e-08,-4.1094893493567284e-08,-4.109490112991706e-08,1.000002915608325,-1.162953419186947e-06,-6.810987122677129e-07,2.9580760950873964e-07,-2.3851641048516824e-07,-4.1094901103599994e-08,2.1298883710787817e-08,2.1298870190112154e-08,1.000002571444891,2.129887105819928e-08,2.1298883710787817e-08,1.0000031249045493,1.0000031249045365,-1.7963476047552116e-07,-2.5554325916727507e-07,-2.3851641721980766e-07,-2.385164106066164e-07,1.0000025714448835,-2.5554325986769186e-07,-2.5554325986756983e-07,-2.2532956449407996e-07,2.129888365487093e-08,1.0000025714448846,1.0000024187736705,1.0000004694990705,-1.7963476048905883e-07,-5.913199114373051e-07,-5.724484732413447e-07,-4.109490112991706e-08,-4.287156535460965e-07,-1.7963476048867354e-07
-4.1094883602304745e-08,3.6799387197317624e-06,2.998044965891356e-14,2.9980450195480164e-14,-1.6245516980747078e-10,1.5602586202918087e-16,1.1870953431479953e-16,-4.819478052203154e-17,5.0246258098104396e-17,2.998045154098281e-14,5.427030093990992e-18,5.427030093990992e-18,-1.6245511808476214e-10,5.427030093990992e-18,5.427030093990992e-18,-1.6245518531770286e-10,-1.6245518510036211e-10,4.239998438513072e-17,5.600496881820259e-17,5.063965996245646e-17,5.03518657917771e-17,-1.6245511752885634e-10,5.493194558458329e-17,5.493194558458329e-17,2.156658176551572e-17,5.427030093990992e-18,-1.6245511831283222e-10,-1.6245510634291703e-10,-3.22200225454821e-07,4.239998438513072e-17,1.184621725665415e-16,1.1638422495197564e-16,2.998045120600491e-14,8.925220216805134e-17,3.938641516304989e-17
-4.1094893493567284e-08,2.998044965891356e-14,3.6799387197317624e-06,2.9980455839912943e-14,-1.6245517019717917e-10,1.5602586202918087e-16,1.1879372813432424e-16,-4.819478052203154e-17,5.03518657917771e-17,2.998045718541661e-14,4.43463570469238e-18,4.321622411447459e-18,-1.6245511877603297e-10,4.321622411447459e-18,5.427030093990992e-18,-1.624551894722088e-10,-1.624551880031199e-10,4.239998438513072e-17,5.600496881820259e-17,5.0246258098104396e-17,5.03518657917771e-17,-1.6245511879485647e-10,5.600496881820259e-17,5.600496881820259e-17,2.154283638773599e-17,4.321622411447459e-18,-1.6245511855301267e-10,-1.6245510528531898e-10,-3.2220022979038216e-07,3.938641516304989e-17,1.184621725665415e-16,1.159727705168244e-16,2.9980456850438714e-14,8.841021725830487e-17,3.838640606060903e-17
-4.109490112991706e-08,2.9980450195480164e-14,2.9980455839912943e-14,3.6799387197317624e-06,-1.6245517096818284e-10,1.5612716272744413e-16,1.1841336529481413e-16,-4.860687954820589e-17,5.03518657917771e-17,2.9980457721981614e-14,4.43463570469238e-18,4.321622411447459e-18,-1.6245511736121865e-10,5.427030093990992e-18,4.321622411447459e-18,-1.624551893751257e-10,-1.624551893751257e-10,3.838640606060903e-17,5.760577181176578e-17,5.03518657917771e-17,5.03518657917771e-17,-1.6245511736121865e-10,5.600496881820259e-17,5.600496881820259e-17,2.154283638773599e-17,5.427030093990992e-18,-1.6245511736121865e-10,-1.6245510826769415e-10,-3.2220022995070184e-07,3.938641516304989e-17,1.1976638371869453e-16,1.1715107583186213e-16,2.998045738700401e-14,8.930915942252958e-17,4.094504247265716e-17
1.000002915608325,-1.6245516980747078e-10,-1.6245517019717917e-10,-1.6245517096818284e-10,0.9999907150137608,-7.280922901057395e-10,-9.621944940125785e-07,7.409858804268284e-12,-2.6199438929772056e-10,-1.6245517202965477e-10,-1.3099645091304684e-10,-1.3099645266556137e-10,0.9999866909186419,-1.3099645222887675e-10,-1.309964505008185e-10,0.9999872443695094,0.9999872443695084,-2.3230646038339547e-10,-2.7057925753060626e-10,-2.61994386562744e-10,-2.6199439072867866e-10,0.999986690918641,-2.7057925773715967e-10,-2.705792583492351e-10,-5.064324080061377e-07,-1.3099645342767903e-10,0.9999866909186463,0.9999865382498754,0.999984589006339,-2.3230646099139387e-10,-4.3987662970278756e-10,-4.303617216400075e-10,-1.6245517085819047e-10,-3.5789214794117253e-10,-2.3230646033274255e-10
-1.162953419186947e-06,1.5602586202918087e-16,1.5602586202918087e-16,1.5612716272744413e-16,-7.280922901057395e-10,3.6799404123303257e-06,6.189744828393168e-16,-1.082603368752495e-16,3.0899317031135826e-16,1.5514164136895896e-16,1.0995456159283192e-16,1.087261518009112e-16,-1.4440409843016291e-06,1.0995456159283192e-16,1.087261518009112e-16,-7.280924165768818e-10,-7.280924148258213e-10,5.212102709682176e-13,3.2636916828955275e-16,3.0910195007156164e-16,3.0910195007156164e-16,-1.444040984301628e-06,3.259902399167815e-16,3.2625604081954905e-16,2.370745258836481e-16,1.0995456159283192e-16,-1.4440409843016378e-06,-1.4440408171181914e-06,-1.444038491551922e-06,5.212102739408989e-13,5.842968118143346e-16,5.769719915616835e-16,1.5512337995148974e-16,4.57476640448433e-16,5.212102700671791e-13
-6.810987122677129e-07,1.1870953431479953e-16,1.1879372813432424e-16,1.1841336529481413e-16,-9.621944940125785e-07,6.189744828393168e-16,3.6799395538479858e-06,-5.304085494117347e-17,2.192974937980403e-16,1.1879372813432424e-16,8.813411224485598e-17,8.859884937291044e-17,-4.851426635990419e-10,8.809020256421617e-17,8.902973676321777e-17,-4.85142911712898e-10,-4.85142910116691e-10,1.8888959588998412e-16,2.260023958536771e-16,2.194922680171566e-16,2.186180773403309e-16,-4.851426635990419e-10,2.260023958536771e-16,2.2696029530417277e-16,3.643832151673545e-13,8.83210207764005e-17,-4.851426644898818e-10,-9.621940521245125e-07,-9.621924078612902e-07,1.8804996559319106e-16,4.00336701828346e-16,3.8861284005788287e-16,1.1879372813432424e-16,6.280422807040276e-13,1.8905025659782092e-16
2.9580760950873964e-07,-4.819478052203154e-17,-4.819478052203154e-17,-4.860687954820589e-17,7.409858804268284e-12,-1.082603368752495e-16,-5.304085494117347e-17,3.6799385514766503e-06,-8.728775675998278e-14,-4.819478052203154e-17,-9.47676210563352e-14,-9.476762022934434e-14,7.409849232943292e-12,-9.476762029539303e-14,-9.47676206705823e-14,7.409882248859116e-12,7.409882248859116e-12,-4.4263599762449085e-17,-4.113479902235056e-17,-8.728775901514887e-14,-8.728775690338562e-14,7.409850123223888e-12,-4.144985228607932e-17,-4.130120480102748e-17,-8.014419986696956e-17,-9.476762002845307e-14,7.409849105082305e-12,7.409833192111884e-12,1.4696122651505487e-08,-4.4979036211464577e-17,-3.6865188603936357e-17,-3.388317879083324e-17,-4.860687954820589e-17,-3.911643830741312e-17,-4.4043262008151205e-17
-2.3851641048516824e-07,5.0246258098104396e-17,5.03518657917771e-17,5.03518657917771e-17,-2.6199438929772056e-10,3.0899317031135826e-16,2.192974937980403e-16,-8.728775675998278e-14,3.679938895476797e-06,5.03518657917771e-17,3.392192503150096e-17,3.392192503150096e-17,-2.6199430595897637e-10,3.2576729506900336e-17,3.392192503150096e-17,-2.619944317908468e-10,-2.619944295406555e-10,9.2559089448802e-17,1.122482932743703e-16,2.1348114317218715e-13,2.134811466718518e-13,-2.619943047053205e-10,1.1313194482592497e-16,1.118863447394735e-16,7.849513401240338e-17,3.329282116299025e-17,-2.6199430504610673e-10,-2.619942737417091e-10,-5.196181446473458e-07,9.205611477200857e-17,2.0781086732449956e-16,2.028605118622755e-16,5.2037859343773355e-17,1.6258160351115417e-16,9.108374152176243e-17
-4.1094901103599994e-08,2.998045154098281e-14,2.998045718541661e-14,2.9980457721981614e-14,-1.6245517202965477e-10,1.5514164136895896e-16,1.1879372813432424e-16,-4.819478052203154e-17,5.03518657917771e-17,3.6799387197317624e-06,4.9802749653916185e-18,5.427030093990992e-18,-1.624551210388153e-10,4.321622411447459e-18,5.427030093990992e-18,-1.6245519073073353e-10,-1.6245518828216438e-10,3.8745836333325823e-17,5.638173683556493e-17,5.0246258098104396e-17,5.03518657917771e-17,-1.6245511980863813e-10,5.493194558458329e-17,5.600496881820259e-17,2.156658176551572e-17,4.43463570469238e-18,-1.624551210388153e-10,-1.6245510782273245e-10,-3.222002314560503e-07,3.938641516304989e-17,1.166868265796032e-16,1.1638422495197564e-16,2.998045873250782e-14,8.840429627080636e-17,3.970585163129666e-17
2.1298883710787817e-08,5.427030093990992e-18,4.43463570469238e-18,4.43463570469238e-18,-1.3099645091304684e-10,1.0995456159283192e-16,8.813411224485598e-17,-9.47676210563352e-14,3.392192503150096e-17,4.9802749653916185e-18,3.679938657529303e-06,-7.042184814577719e-15,-1.3099641192923287e-10,-7.042184782386663e-15,-7.04218542827867e-15,-1.3099646258008201e-10,-1.3099646243568769e-10,2.5138176250342904e-17,3.907974731227996e-17,3.2576729506900336e-17,3.329282116299025e-17,-1.3099641280908576e-10,4.022024165333398e-17,3.91661248167331e-17,5.199365899617562e-18,-7.04218471834474e-15,-1.3099641214854063e-10,-1.3099640532526918e-10,-2.5980758101939685e-07,2.5016598911600264e-17,8.888165600747551e-17,8.940086059152657e-17,5.427030093990992e-18,6.389282895327859e-17,2.5016598911600264e-17
2.1298870190112154e-08,5.427030093990992e-18,4.321622411447459e-18,4.321622411447459e-18,-1.3099645266556137e-10,1.087261518009112e-16,8.859884937291044e-17,-9.476762022934434e-14,3.392192503150096e-17,5.427030093990992e-18,-7.042184814577719e-15,3.679938657529303e-06,-1.309964121591055e-10,-7.042183633703958e-15,-7.042184279593704e-15,-1.309964634132169e-10,-1.3099646319192738e-10,2.528609302243795e-17,4.049275602305165e-17,3.401342826692829e-17,3.392192503150096e-17,-1.309964135480733e-10,3.91661248167331e-17,4.04033559036815e-17,4.580030714949131e-18,-7.042183569661524e-15,-1.3099641367793945e-10,-1.3099640623530535e-10,-2.598075826281001e-07,2.5016598911600264e-17,8.975999897052256e-17,9.000855020172133e-17,4.321622411447459e-18,6.541688750128649e-17,2.389247525020336e-17
1.000002571444891,-1.6245511808476214e-10,-1.6245511877603297e-10,-1.6245511736121865e-10,0.9999866909186419,-1.4440409843016291e-06,-4.851426635990419e-10,7.409849232943292e-12,-2.6199430595897637e-10,-1.624551210388153e-10,-1.3099641192923287e-10,-1.309964121591055e-10,0.9999900266976034,-1.3099641399521502e-10,-1.309964120291266e-10,0.9999869002114145,0.999986900211414,-2.323063843725968e-10,-2.705791663101953e-10,-2.619943028784652e-10,-2.61994305666776e-10,0.9999863467607318,-2.7057916754661274e-10,-2.7057916717189956e-10,-2.5534555516379805e-10,-1.309964135401057e-10,0.9999863467607364,0.9999861940920144,0.9999842448491156,-2.3230638659674e-10,-4.3987648241109926e-10,-4.303615767583659e-10,-1.6245512202923754e-10,-3.5789202904049927e-10,-2.3230638455249203e-10
2.129887105819928e-08,5.427030093990992e-18,4.321622411447459e-18,5.427030093990992e-18,-1.3099645222887675e-10,1.0995456159283192e-16,8.809020256421617e-17,-9.476762029539303e-14,3.2576729506900336e-17,4.321622411447459e-18,-7.042184782386663e-15,-7.042183633703958e-15,-1.3099641399521502e-10,3.679938657529303e-06,-7.042184247403012e-15,-1.3099646354606126e-10,-1.309964634812065e-10,2.5090766207343578e-17,3.91661248167331e-17,3.401342826692829e-17,3.392192503150096e-17,-1.3099641234755623e-10,3.91661248167331e-17,3.991329284373989e-17,4.252740309821194e-18,-7.042183537470323e-15,-1.3099641251753388e-10,-1.309964053923816e-10,-2.598075824485651e-07,2.389247525020336e-17,8.975999897052256e-17,8.940086059152657e-17,5.427030093990992e-18,6.514257411232669e-17,2.4439443955285154e-17
2.1298883710787817e-08,5.427030093990992e-18,5.427030093990992e-18,4.321622411447459e-18,-1.309964505008185e-10,1.087261518009112e-16,8.902973676321777e-17,-9.47676206705823e-14,3.392192503150096e-17,5.427030093990992e-18,-7.04218542827867e-15,-7.042184279593704e-15,-1.309964120291266e-10,-7.042184247403012e-15,3.679938657529303e-06,-1.3099646234282226e-10,-1.3099646390326545e-10,2.5723276030160906e-17,3.919292093209347e-17,3.2576729506900336e-17,3.392192503150096e-17,-1.3099641216891864e-10,3.991329284373989e-17,3.907974731227996e-17,4.580030714949131e-18,-7.042184183361016e-15,-1.3099641238347306e-10,-1.3099640465887364e-10,-2.5980758176557904e-07,2.528609302243795e-17,8.888165600747551e-17,8.993492533330337e-17,4.321622411447459e-18,6.623241456255351e-17,2.5723276030160906e-17
1.0000031249045493,-1.6245518531770286e-10,-1.624551894722088e-10,-1.624551893751257e-10,0.9999872443695094,-7.280924165768818e-10,-4.85142911712898e-10,7.409882248859116e-12,-2.619944317908468e-10,-1.6245519073073353e-10,-1.3099646258008201e-10,-1.309964634132169e-10,0.9999869002114145,-1.3099646354606126e-10,-1.3099646234282226e-10,0.9999911335994666,0.9999874536623802,-2.3230649544224606e-10,-2.705793006960027e-10,-2.619944287050821e-10,-2.619944304851495e-10,0.9999869002114146,-2.7057930259374955e-10,-2.705793000215417e-10,-2.553456605826832e-10,-1.3099646359127593e-10,0.9999869002114186,0.9999867475426264,0.9999847982987761,-2.3230649563391045e-10,-4.3987671370592994e-10,-4.303618014808475e-10,-1.6245519012987361e-10,-3.578922115959312e-10,-2.3230649530314261e-10
1.0000031249045365,-1.6245518510036211e-10,-1.624551880031199e-10,-1.624551893751257e-10,0.9999872443695084,-7.280924148258213e-10,-4.85142910116691e-10,7.409882248859116e-12,-2.619944295406555e-10,-1.6245518828216438e-10,-1.3099646243568769e-10,-1.3099646319192738e-10,0.999986900211414,-1.309964634812065e-10,-1.3099646390326545e-10,0.9999874536623802,0.9999911335994626,-2.323064950891087e-10,-2.7057930019680115e-10,-2.6199442833137345e-10,-2.6199443011984573e-10,0.9999869002114145,-2.7057930259374955e-10,-2.7057930042191256e-10,-2.5534566111703406e-10,-1.3099646380148946e-10,0.9999869002114178,0.9999867475426272,0.9999847982987745,-2.323064954516e-10,-4.3987671370592994e-10,-4.3036180082562485e-10,-1.624551896613665e-10,-3.578922115959312e-10,-2.3230649591228682e-10
-1.7963476047552116e-07,4.239998438513072e-17,4.239998438513072e-17,3.838640606060903e-17,-2.3230646038339547e-10,5.212102709682176e-13,1.8888959588998412e-16,-4.4263599762449085e-17,9.2559089448802e-17,3.8745836333325823e-17,2.5138176250342904e-17,2.528609302243795e-17,-2.323063843725968e-10,2.5090766207343578e-17,2.5723276030160906e-17,-2.3230649544224606e-10,-2.323064950891087e-10,3.6799387941395453e-06,9.454077455021502e-17,9.108374152176243e-17,9.205611477200857e-17,-2.3230638446056202e-10,9.622322002951068e-17,9.622322002951068e-17,6.000623760080227e-17,2.4720027353672218e-17,-2.3230638480251184e-10,-2.3230636076469543e-10,-4.607375445874688e-07,1.5033635342347347e-13,1.8234342577735667e-16,1.7738182558122022e-16,4.094504247265716e-17,1.3872169430426724e-16,1.503363518600701e-13
-2.5554325916727507e-07,5.600496881820259e-17,5.600496881820259e-17,5.760577181176578e-17,-2.7057925753060626e-10,3.2636916828955275e-16,2.260023958536771e-16,-4.113479902235056e-17,1.122482932743703e-16,5.638173683556493e-17,3.907974731227996e-17,4.049275602305165e-17,-2.705791663101953e-10,3.91661248167331e-17,3.919292093209347e-17,-2.705793006960027e-10,-2.7057930019680115e-10,9.454077455021502e-17,3.6799389431102833e-06,1.1313194482592497e-16,1.131186977001871e-16,-2.705791674897416e-10,2.380721627971467e-13,2.38072161865617e-13,1.7165385178329864e-13,3.91661248167331e-17,-2.7057916735116294e-10,-2.705791348724914e-10,-5.366446543482747e-07,9.401803496771793e-17,2.1508585229097998e-16,2.1158565530191343e-16,5.638173683556493e-17,1.6945170083967162e-16,9.420462166677023e-17
-2.3851641721980766e-07,5.063965996245646e-17,5.0246258098104396e-17,5.03518657917771e-17,-2.61994386562744e-10,3.0910195007156164e-16,2.194922680171566e-16,-8.728775901514887e-14,2.1348114317218715e-13,5.0246258098104396e-17,3.2576729506900336e-17,3.401342826692829e-17,-2.619943028784652e-10,3.401342826692829e-17,3.2576729506900336e-17,-2.619944287050821e-10,-2.6199442833137345e-10,9.108374152176243e-17,1.1313194482592497e-16,3.679938895476797e-06,2.13481143670548e-13,-2.619943023024528e-10,1.1313194482592497e-16,1.1313194482592497e-16,7.849513401240338e-17,3.392192503150096e-17,-2.619943023024528e-10,-2.6199427293035617e-10,-5.196181412906016e-07,9.108374152176243e-17,2.0781086732449956e-16,2.020334725713603e-16,5.03518657917771e-17,1.6110472353636928e-16,9.108374152176243e-17
-2.385164106066164e-07,5.03518657917771e-17,5.03518657917771e-17,5.03518657917771e-17,-2.6199439072867866e-10,3.0910195007156164e-16,2.186180773403309e-16,-8.728775690338562e-14,2.134811466718518e-13,5.03518657917771e-17,3.329282116299025e-17,3.392192503150096e-17,-2.61994305666776e-10,3.392192503150096e-17,3.392192503150096e-17,-2.619944304851495e-10,-2.6199443011984573e-10,9.205611477200857e-17,1.131186977001871e-16,2.13481143670548e-13,3.679938895476797e-06,-2.61994305666776e-10,1.1313194482592497e-16,1.122482932743703e-16,7.928025935827757e-17,3.3818002268934354e-17,-2.6199430434016184e-10,-2.6199427425250367e-10,-5.196181452007246e-07,9.182889223057296e-17,2.0864612257739276e-16,2.0534941828734716e-16,4.987524033505264e-17,1.620202359866281e-16,9.205611477200857e-17
1.0000025714448835,-1.6245511752885634e-10,-1.6245511879485647e-10,-1.6245511736121865e-10,0.999986690918641,-1.444040984301628e-06,-4.851426635990419e-10,7.409850123223888e-12,-2.619943047053205e-10,-1.6245511980863813e-10,-1.3099641280908576e-10,-1.309964135480733e-10,0.9999863467607318,-1.3099641234755623e-10,-1.3099641216891864e-10,0.9999869002114146,0.9999869002114145,-2.3230638446056202e-10,-2.705791674897416e-10,-2.619943023024528e-10,-2.61994305666776e-10,0.9999900266975988,-2.7057916852178894e-10,-2.705791670088928e-10,-2.55345555490306e-10,-1.309964135401057e-10,0.9999863467607346,0.9999861940920157,0.9999842448491167,-2.3230638643084924e-10,-4.3987648206526595e-10,-4.3036157594743767e-10,-1.6245512207689105e-10,-3.578920283486503e-10,-2.323063853488806e-10
-2.5554325986769186e-07,5.493194558458329e-17,5.600496881820259e-17,5.600496881820259e-17,-2.7057925773715967e-10,3.259902399167815e-16,2.260023958536771e-16,-4.144985228607932e-17,1.1313194482592497e-16,5.493194558458329e-17,4.022024165333398e-17,3.91661248167331e-17,-2.7057916754661274e-10,3.91661248167331e-17,3.991329284373989e-17,-2.7057930259374955e-10,-2.7057930259374955e-10,9.622322002951068e-17,2.380721627971467e-13,1.1313194482592497e-16,1.1313194482592497e-16,-2.7057916852178894e-10,3.6799389431102833e-06,2.3807216324574694e-13,1.7165385364132176e-13,3.950259048721351e-17,-2.705791673413047e-10,-2.705791371917373e-10,-5.366446559398876e-07,9.622322002951068e-17,2.163716037576761e-16,2.1409682956902694e-16,5.6712132494198e-17,1.7047466701322974e-16,9.420462166677023e-17
-2.5554325986756983e-07,5.493194558458329e-17,5.600496881820259e-17,5.600496881820259e-17,-2.705792583492351e-10,3.2625604081954905e-16,2.2696029530417277e-16,-4.130120480102748e-17,1.118863447394735e-16,5.600496881820259e-17,3.91661248167331e-17,4.04033559036815e-17,-2.7057916717189956e-10,3.991329284373989e-17,3.907974731227996e-17,-2.705793000215417e-10,-2.7057930042191256e-10,9.622322002951068e-17,2.38072161865617e-13,1.1313194482592497e-16,1.122482932743703e-16,-2.705791670088928e-10,2.3807216324574694e-13,3.6799389431102833e-06,1.7165385209869641e-13,3.991329284373989e-17,-2.7057916736481286e-10,-2.7057913628788184e-10,-5.366446551087287e-07,9.622322002951068e-17,2.1449198950013498e-16,2.1158565501322074e-16,5.638173683556493e-17,1.6945170083967162e-16,9.535226360993085e-17
-2.2532956449407996e-07,2.156658176551572e-17,2.154283638773599e-17,2.154283638773599e-17,-5.064324080061377e-07,2.370745258836481e-16,3.643832151673545e-13,-8.014419986696956e-17,7.849513401240338e-17,2.156658176551572e-17,5.199365899617562e-18,4.580030714949131e-18,-2.5534555516379805e-10,4.252740309821194e-18,4.580030714949131e-18,-2.553456605826832e-10,-2.5534566111703406e-10,6.000623760080227e-17,1.7165385178329864e-13,7.849513401240338e-17,7.928025935827757e-17,-2.55345555490306e-10,1.7165385364132176e-13,1.7165385209869641e-13,3.6799387524381275e-06,4.996838698073003e-18,-2.5534555516379805e-10,-5.064322161685796e-07,-5.064316080195062e-07,6.004222395574367e-17,1.848975630049841e-16,3.5900855584562e-13,2.0444457515239154e-17,2.689039302351938e-13,6.000623760080227e-17
2.129888365487093e-08,5.427030093990992e-18,4.321622411447459e-18,5.427030093990992e-18,-1.3099645342767903e-10,1.0995456159283192e-16,8.83210207764005e-17,-9.476762002845307e-14,3.329282116299025e-17,4.43463570469238e-18,-7.04218471834474e-15,-7.042183569661524e-15,-1.309964135401057e-10,-7.042183537470323e-15,-7.042184183361016e-15,-1.3099646359127593e-10,-1.3099646380148946e-10,2.4720027353672218e-17,3.91661248167331e-17,3.392192503150096e-17,3.3818002268934354e-17,-1.309964135401057e-10,3.950259048721351e-17,3.991329284373989e-17,4.996838698073003e-18,3.679938657529303e-06,-1.309964135058575e-10,-1.309964057270415e-10,-2.5980758246272315e-07,2.528609302243795e-17,8.948645020106812e-17,8.940086059152657e-17,5.427030093990992e-18,6.390281610409889e-17,2.389247525020336e-17
1.0000025714448846,-1.6245511831283222e-10,-1.6245511855301267e-10,-1.6245511736121865e-10,0.9999866909186463,-1.4440409843016378e-06,-4.851426644898818e-10,7.409849105082305e-12,-2.6199430504610673e-10,-1.624551210388153e-10,-1.3099641214854063e-10,-1.3099641367793945e-10,0.9999863467607364,-1.3099641251753388e-10,-1.3099641238347306e-10,0.9999869002114186,0.9999869002114178,-2.3230638480251184e-10,-2.7057916735116294e-10,-2.619943023024528e-10,-2.6199430434016184e-10,0.9999863467607346,-2.705791673413047e-10,-2.7057916736481286e-10,-2.5534555516379805e-10,-1.309964135058575e-10,0.9999900266976196,0.9999861940920184,0.999984244849121,-2.3230638643084924e-10,-4.3987648206526595e-10,-4.3036157708258486e-10,-1.6245512133011602e-10,-3.5789202878476134e-10,-2.323063855171374e-10
1.0000024187736705,-1.6245510634291703e-10,-1.6245510528531898e-10,-1.6245510826769415e-10,0.9999865382498754,-1.4440408171181914e-06,-9.621940521245125e-07,7.409833192111884e-12,-2.619942737417091e-10,-1.6245510782273245e-10,-1.3099640532526918e-10,-1.3099640623530535e-10,0.9999861940920144,-1.309964053923816e-10,-1.3099640465887364e-10,0.9999867475426264,0.9999867475426272,-2.3230636076469543e-10,-2.705791348724914e-10,-2.6199427293035617e-10,-2.6199427425250367e-10,0.9999861940920157,-2.705791371917373e-10,-2.7057913628788184e-10,-5.064322161685796e-07,-1.309964057270415e-10,0.9999861940920184,0.9999897213602003,0.999984092180633,-2.32306361133864e-10,-4.3987642326132667e-10,-4.303615206015331e-10,-1.624551088956841e-10,-3.578919852508323e-10,-2.3230636409917523e-10
1.0000004694990705,-3.22200225454821e-07,-3.2220022979038216e-07,-3.2220022995070184e-07,0.999984589006339,-1.444038491551922e-06,-9.621924078612902e-07,1.4696122651505487e-08,-5.196181446473458e-07,-3.222002314560503e-07,-2.5980758101939685e-07,-2.598075826281001e-07,0.9999842448491156,-2.598075824485651e-07,-2.5980758176557904e-07,0.9999847982987761,0.9999847982987745,-4.607375445874688e-07,-5.366446543482747e-07,-5.196181412906016e-07,-5.196181452007246e-07,0.9999842448491167,-5.366446559398876e-07,-5.366446551087287e-07,-5.064316080195062e-07,-2.5980758246272315e-07,0.999984244849121,0.999984092180633,0.9999858228778076,-4.607375455274309e-07,-8.724151780134742e-07,-8.535440746659259e-07,-3.22200231140045e-07,-7.098138842771263e-07,-4.6073754434830336e-07
-1.7963476048905883e-07,4.239998438513072e-17,3.938641516304989e-17,3.938641516304989e-17,-2.3230646099139387e-10,5.212102739408989e-13,1.8804996559319106e-16,-4.4979036211464577e-17,9.205611477200857e-17,3.938641516304989e-17,2.5016598911600264e-17,2.5016598911600264e-17,-2.3230638659674e-10,2.389247525020336e-17,2.528609302243795e-17,-2.3230649563391045e-10,-2.323064954516e-10,1.5033635342347347e-13,9.401803496771793e-17,9.108374152176243e-17,9.182889223057296e-17,-2.3230638643084924e-10,9.622322002951068e-17,9.622322002951068e-17,6.004222395574367e-17,2.528609302243795e-17,-2.3230638643084924e-10,-2.32306361133864e-10,-4.607375455274309e-07,3.6799387941395453e-06,1.8338181136493055e-16,1.7975034829570094e-16,4.239998438513072e-17,1.402831092441713e-16,1.5033635314614857e-13
-5.913199114373051e-07,1.184621725665415e-16,1.184621725665415e-16,1.1976638371869453e-16,-4.3987662970278756e-10,5.842968118143346e-16,4.00336701828346e-16,-3.6865188603936357e-17,2.0781086732449956e-16,1.166868265796032e-16,8.888165600747551e-17,8.975999897052256e-17,-4.3987648241109926e-10,8.975999897052256e-17,8.888165600747551e-17,-4.3987671370592994e-10,-4.3987671370592994e-10,1.8234342577735667e-16,2.1508585229097998e-16,2.0781086732449956e-16,2.0864612257739276e-16,-4.3987648206526595e-10,2.163716037576761e-16,2.1449198950013498e-16,1.848975630049841e-16,8.948645020106812e-17,-4.3987648206526595e-10,-4.3987642326132667e-10,-8.724151780134742e-07,1.8338181136493055e-16,3.679939410486173e-06,3.5937111798086866e-16,1.1838085650594511e-16,2.9431435406982585e-16,1.8197230228018172e-16
-5.724484732413447e-07,1.1638422495197564e-16,1.159727705168244e-16,1.1715107583186213e-16,-4.303617216400075e-10,5.769719915616835e-16,3.8861284005788287e-16,-3.388317879083324e-17,2.028605118622755e-16,1.1638422495197564e-16,8.940086059152657e-17,9.000855020172133e-17,-4.303615767583659e-10,8.940086059152657e-17,8.993492533330337e-17,-4.303618014808475e-10,-4.3036180082562485e-10,1.7738182558122022e-16,2.1158565530191343e-16,2.020334725713603e-16,2.0534941828734716e-16,-4.3036157594743767e-10,2.1409682956902694e-16,2.1158565501322074e-16,3.5900855584562e-13,8.940086059152657e-17,-4.3036157708258486e-10,-4.303615206015331e-10,-8.535440746659259e-07,1.7975034829570094e-16,3.5937111798086866e-16,3.679939380312142e-06,1.1715107583186213e-16,2.8695261920538877e-16,1.7975034829570094e-16
-4.109490112991706e-08,2.998045120600491e-14,2.9980456850438714e-14,2.998045738700401e-14,-1.6245517085819047e-10,1.5512337995148974e-16,1.1879372813432424e-16,-4.860687954820589e-17,5.2037859343773355e-17,2.998045873250782e-14,5.427030093990992e-18,4.321622411447459e-18,-1.6245512202923754e-10,5.427030093990992e-18,4.321622411447459e-18,-1.6245519012987361e-10,-1.624551896613665e-10,4.094504247265716e-17,5.638173683556493e-17,5.03518657917771e-17,4.987524033505264e-17,-1.6245512207689105e-10,5.6712132494198e-17,5.638173683556493e-17,2.0444457515239154e-17,5.427030093990992e-18,-1.6245512133011602e-10,-1.624551088956841e-10,-3.22200231140045e-07,4.239998438513072e-17,1.1838085650594511e-16,1.1715107583186213e-16,3.6799386896907848e-06,8.840429627080636e-17,4.239998438513072e-17
-4.287156535460965e-07,8.925220216805134e-17,8.841021725830487e-17,8.930915942252958e-17,-3.5789214794117253e-10,4.57476640448433e-16,6.280422807040276e-13,-3.911643830741312e-17,1.6258160351115417e-16,8.840429627080636e-17,6.389282895327859e-17,6.541688750128649e-17,-3.5789202904049927e-10,6.514257411232669e-17,6.623241456255351e-17,-3.578922115959312e-10,-3.578922115959312e-10,1.3872169430426724e-16,1.6945170083967162e-16,1.6110472353636928e-16,1.620202359866281e-16,-3.578920283486503e-10,1.7047466701322974e-16,1.6945170083967162e-16,2.689039302351938e-13,6.390281610409889e-17,-3.5789202878476134e-10,-3.578919852508323e-10,-7.098138842771263e-07,1.402831092441713e-16,2.9431435406982585e-16,2.8695261920538877e-16,8.840429627080636e-17,3.6799391284975986e-06,1.4205730602502708e-16
-1.7963476048867354e-07,3.938641516304989e-17,3.838640606060903e-17,4.094504247265716e-17,-2.3230646033274255e-10,5.212102700671791e-13,1.8905025659782092e-16,-4.4043262008151205e-17,9.108374152176243e-17,3.970585163129666e-17,2.5016598911600264e-17,2.389247525020336e-17,-2.3230638455249203e-10,2.4439443955285154e-17,2.5723276030160906e-17,-2.3230649530314261e-10,-2.3230649591228682e-10,1.503363518600701e-13,9.420462166677023e-17,9.108374152176243e-17,9.205611477200857e-17,-2.323063853488806e-10,9.420462166677023e-17,9.535226360993085e-17,6.000623760080227e-17,2.389247525020336e-17,-2.323063855171374e-10,-2.3230636409917523e-10,-4.6073754434830336e-07,1.5033635314614857e-13,1.8197230228018172e-16,1.7975034829570094e-16,4.239998438513072e-17,1.4205730602502708e-16,3.679938791949328e-06
