1.0000000001557876,3.20998987425928e-07,3.3545130410355144e-07,3.2253007190320363e-07,3.201017705590191e-07,3.2112022197449167e-07,3.209936559536686e-07,3.3631872579273e-07,3.1701681409274434e-07,3.248519320812032e-07,3.219684145362794e-07,3.2072908578456803e-07,3.1623256294130003e-07,1.0000062816136353,3.2057521200499905e-07,1.0000062816136366,3.2696030001382775e-07,1.0000062816136361,3.1976224648481074e-07,1.0000062816136361,3.1696087224926733e-07,3.274403495252553e-07,3.211202205712023e-07,1.0000062816136353,3.170168132421991e-07,3.186889611952039e-07,3.1865064606083065e-07,3.2870809892029364e-07,1.0000062816136361,3.172310461162874e-07,3.1994365937701593e-07,1.000006281613636,1.0000073226814026,3.227185727694284e-07,3.169988017570133e-07,3.3268299231463524e-07,3.283571340994482e-07
3.20998987425928e-07,-9.206826551253106e-07,1.6635773673415644e-15,1.1139160654939092e-15,2.3896209719060953e-19,6.842638059917222e-19,6.981438905820266e-19,1.7057523455511323e-15,8.772295945959032e-16,3.939591949181283e-19,1.3710219724230196e-19,6.45519020577617e-19,4.889860198315186e-19,2.4985537864192904e-11,3.9278459495042617e-19,2.4985537864192904e-11,8.78496465889568e-19,2.4985537864192904e-11,6.438044597251051e-19,2.4985538054497717e-11,4.944118405850401e-19,6.861330287837148e-19,6.842638059917222e-19,2.4985537864192904e-11,8.772295841610027e-16,4.2515271480877343e-19,2.743055359986806e-19,1.3741660216324383e-15,2.4985537864192904e-11,5.115047258724109e-19,1.0033336157295315e-15,2.4985538054497717e-11,4.9577666073125766e-08,6.036463015721059e-19,4.536896043859983e-19,1.551010113950369e-15,8.417812875654509e-19
3.3545130410355144e-07,1.6635773673415644e-15,-9.206826527333212e-07,1.7558177489693177e-15,1.6131216188960069e-15,1.6713133097700024e-15,7.432949044775208e-19,2.577247808158074e-15,1.4273358289570397e-15,1.896420519682048e-15,1.726110530276453e-15,1.648543838936767e-15,6.158539865645153e-19,3.2269084085643e-11,1.6389099676325616e-15,3.2269084085643e-11,2.021089954587052e-15,3.2269084208591024e-11,8.97484644899672e-19,3.2269084398574054e-11,6.870501537483138e-19,9.280614597048034e-19,1.6713133100218147e-15,3.226908408567179e-11,1.4273358185893203e-15,7.647004246924461e-19,1.5258050975913283e-15,7.462220164006251e-19,3.2269084085643e-11,6.950396435841734e-19,6.805523186109159e-19,3.2269084208591024e-11,6.403007436002948e-08,9.54170884070212e-19,6.381594600442704e-19,2.3616685634916343e-15,2.103518925195431e-15
3.2253007190320363e-07,1.1139160654939092e-15,1.7558177489693177e-15,-9.206826551598712e-07,4.908152252225289e-19,4.762567097130982e-19,6.836723169459191e-19,1.7991601120998623e-15,3.974160720773178e-19,1.2898770647548158e-15,4.95414486255927e-19,1.1032544283464214e-15,3.6262623031760075e-19,2.57571596430567e-11,6.070913167031429e-19,2.57571596430567e-11,1.3829974604327599e-15,2.5757159761946938e-11,5.88886308131419e-19,2.57571596430567e-11,5.790094084441303e-19,6.459849280744876e-19,5.825723891324161e-19,2.5757159761946938e-11,4.3066557483931587e-19,7.208560801858941e-19,5.733785174007377e-19,6.18588621782186e-19,2.57571596430567e-11,4.167099922130853e-19,4.791493517376789e-19,2.57571596430567e-11,5.110875979687358e-08,6.597669707159441e-19,4.1495916656182905e-19,6.710434987807088e-19,1.4443637036213719e-15
3.201017705590191e-07,2.3896209719060953e-19,1.6131216188960069e-15,4.908152252225289e-19,-9.206826551592711e-07,1.0179460021558557e-15,4.4321578873401665e-19,1.65397160806704e-15,3.2420440812296503e-19,8.560527121980028e-19,2.7882940828489358e-19,5.552868039358432e-19,7.611917180016543e-19,2.453336620277346e-11,7.167044496617783e-19,2.4533366202822637e-11,7.611439064594122e-19,2.4533366167285178e-11,6.386490393154248e-19,2.453336620277346e-11,3.4546205555732434e-19,7.104955814107512e-19,1.0179459915600342e-15,2.4533366202822637e-11,2.6888983974348974e-19,4.53834401708002e-19,4.487663873397293e-19,1.3312574498275001e-15,2.4533366202822637e-11,4.050109758083918e-19,4.504319500735953e-19,2.4533366202822637e-11,4.868044185606391e-08,5.542624529128577e-19,2.9156396292933335e-19,1.5032010788122577e-15,6.373922281562673e-19
3.2112022197449167e-07,6.842638059917222e-19,1.6713133097700024e-15,4.762567097130982e-19,1.0179460021558557e-15,-9.206826551410762e-07,4.978921571995637e-19,6.38364276067044e-19,2.928985799970669e-19,5.923219546047399e-19,5.830084611733994e-19,4.849235032612217e-19,5.347389517368971e-19,2.5046634572032015e-11,3.694263184048367e-19,2.5046634572032015e-11,6.421142452411379e-19,2.5046634522223017e-11,5.37387085828041e-19,2.5046634724696216e-11,4.568880177516102e-19,7.063467606425757e-19,1.0587408348184547e-15,2.5046634557529125e-11,2.928985799970669e-19,4.470908213847108e-19,6.379524874189019e-19,7.508440439445502e-19,2.5046634584818676e-11,6.187740715623837e-19,4.739352909779854e-19,2.5046634572032015e-11,4.969889697903785e-08,6.103134267259322e-19,3.9340878284953423e-19,8.570491114763507e-19,7.590507211491888e-19
3.209936559536686e-07,6.981438905820266e-19,7.432949044775208e-19,6.836723169459191e-19,4.4321578873401665e-19,4.978921571995637e-19,-9.206826550679963e-07,8.82732316618971e-19,3.860054983104948e-19,6.224909481731349e-19,4.659039970631928e-19,2.7003328789805723e-19,4.379310667091575e-19,2.4982850509828865e-11,1.0278644894045221e-15,2.4982850613799956e-11,1.3042641260855385e-15,2.4982850509828865e-11,5.595709215767429e-19,2.4982850509828865e-11,3.448966871902118e-19,6.972476361462553e-19,6.697322445848238e-19,2.4982850613799956e-11,3.860054983104948e-19,5.27900924333821e-19,4.0749364548078804e-19,7.278163052413055e-19,2.4982850613799956e-11,3.6328806824517005e-19,5.922403704005124e-19,2.4982850509828865e-11,4.95723334575553e-08,7.247452774152079e-19,8.457129561016088e-19,7.014277246090494e-19,1.3631273087745081e-15
3.3631872579273e-07,1.7057523455511323e-15,2.577247808158074e-15,1.7991601120998623e-15,1.65397160806704e-15,6.38364276067044e-19,8.82732316618971e-19,-9.206826528897514e-07,6.094981422467201e-19,1.9415790856132085e-15,1.7683759270302873e-15,5.903343763779777e-19,1.4188030549585362e-15,3.27062396355711e-11,9.125791193464073e-19,3.27062396355711e-11,2.068227773652029e-15,3.27062396355711e-11,1.6302729604579675e-15,3.27062396355711e-11,1.4629754411315383e-15,2.0962940496909192e-15,6.383644142834009e-19,3.27062396355711e-11,7.309667531518345e-19,1.5664912107970173e-15,8.522683803032033e-19,2.1695513042841388e-15,3.27062396355711e-11,8.460084496332328e-19,8.494702895736388e-19,3.27062396355711e-11,6.489750199214488e-08,9.155341506190065e-19,7.452707913523084e-19,2.4140189973875963e-15,2.1520727246506263e-15
3.1701681409274434e-07,8.772295945959032e-16,1.4273358289570397e-15,3.974160720773178e-19,3.2420440812296503e-19,2.928985799970669e-19,3.860054983104948e-19,6.094981422467201e-19,-9.206826573339996e-07,3.994970543892568e-19,4.680926187835364e-19,2.1000823025146972e-19,3.0432727207792524e-19,2.297863654247258e-11,3.846076183107389e-19,2.297863664606591e-11,5.471567854585217e-19,2.297863654247258e-11,4.289927119076001e-19,2.297863654247258e-11,3.345457504510371e-19,4.8144413371895615e-19,2.928985802461493e-19,2.297863654247258e-11,6.750977032210194e-19,4.0763471007146943e-19,2.7342747719925544e-19,7.092943079449882e-19,2.297863654247258e-11,4.627371247667439e-19,4.065668663968994e-19,2.2978636527386818e-11,4.5595462831917056e-08,4.1895247968751658e-19,3.5520527998000127e-19,5.555731862267944e-19,6.429108107928326e-19
3.248519320812032e-07,3.939591949181283e-19,1.896420519682048e-15,1.2898770647548158e-15,8.560527121980028e-19,5.923219546047399e-19,6.224909481731349e-19,1.9415790856132085e-15,3.994970543892568e-19,-9.206826559938377e-07,1.2673212642389855e-15,4.526207028780384e-19,3.5749333664217715e-19,2.6927309252601367e-11,6.87495566750186e-19,2.6927309252601367e-11,6.801102649027119e-19,2.6927309252601367e-11,1.1571594054178683e-15,2.6927309252601367e-11,6.577899125545855e-19,1.5221409137110284e-15,5.633890181894932e-19,2.6927309252601367e-11,3.819529710312678e-19,1.1213392496820132e-18,6.160031869418628e-19,1.577769992876507e-15,2.6927309265941632e-11,5.59994094068525e-19,4.504773858810668e-19,2.6927309252601367e-11,5.3430633755064766e-08,5.99867948073012e-19,5.632340969057924e-19,1.7708330281370356e-15,8.377916824542115e-19
3.219684145362794e-07,1.3710219724230196e-19,1.726110530276453e-15,4.95414486255927e-19,2.7882940828489358e-19,5.830084611733994e-19,4.659039970631928e-19,1.7683759270302873e-15,4.680926187835364e-19,1.2673212642389855e-15,-9.206826552051677e-07,5.6924180016533345e-19,2.753171171228128e-19,2.547409970891195e-11,5.442281836093945e-19,2.547409970891195e-11,6.561366156708219e-19,2.547409970891195e-11,3.222841371483266e-19,2.547409970891195e-11,4.968437851717889e-19,1.378815986119274e-15,5.830084611733994e-19,2.5474099748668976e-11,4.583988905694453e-19,7.400854293883202e-19,5.228786169648387e-19,1.4301337373399383e-15,2.547409970891195e-11,5.440088334692853e-19,5.436976076406931e-19,2.5474099748668976e-11,5.054709637514864e-08,6.559784167140522e-19,5.044331442395028e-19,1.6098748174386584e-15,7.063621136661139e-19
3.2072908578456803e-07,6.45519020577617e-19,1.648543838936767e-15,1.1032544283464214e-15,5.552868039358432e-19,4.849235032612217e-19,2.7003328789805723e-19,5.903343763779777e-19,2.1000823025146972e-19,4.526207028780384e-19,5.6924180016533345e-19,-9.20682655173788e-07,4.859039296331352e-19,2.4849515139281565e-11,2.2390631267587787e-19,2.4849515139281565e-11,1.2934955136807335e-15,2.484951529658644e-11,4.583142409892679e-19,2.484951529658644e-11,4.522283228664974e-19,6.329076418724871e-19,4.849235032612217e-19,2.4849515139281565e-11,2.1000823025146972e-19,5.295812654538104e-19,3.518916905580623e-19,6.890194019767034e-19,2.4849515139281565e-11,3.7031695455161556e-19,5.379422170773059e-19,2.4849515139281565e-11,4.930776221302687e-08,5.431558075327906e-19,4.649525193291193e-19,9.625384326581764e-19,1.3519271155142963e-15
3.1623256294130003e-07,4.889860198315186e-19,6.158539865645153e-19,3.6262623031760075e-19,7.611917180016543e-19,5.347389517368971e-19,4.379310667091575e-19,1.4188030549585362e-15,3.0432727207792524e-19,3.5749333664217715e-19,2.753171171228128e-19,4.859039296331352e-19,-9.206826571638531e-07,2.2583397601004706e-11,3.652609635004221e-19,2.2583397462521094e-11,6.419282051963438e-19,2.2583397462521094e-11,6.314300156160489e-19,2.2583397416457364e-11,6.444624983145434e-19,5.272899222318711e-19,4.070968919510198e-19,2.2583397462521094e-11,3.0432727207792524e-19,3.360862718705141e-19,4.556095200282717e-19,1.1290950970047484e-15,2.2583397462521094e-11,2.821611703517154e-19,6.261555778517347e-19,2.2583397462521094e-11,4.481120795508134e-08,4.90120217720867e-19,3.903039745999375e-19,1.2842376081067184e-15,6.05561774354454e-19
1.0000062816136353,2.4985537864192904e-11,3.2269084085643e-11,2.57571596430567e-11,2.453336620277346e-11,2.5046634572032015e-11,2.4982850509828865e-11,3.27062396355711e-11,2.297863654247258e-11,2.6927309252601367e-11,2.547409970891195e-11,2.4849515139281565e-11,2.2583397601004706e-11,1.0000105032634412,2.4771967965152594e-11,1.0000114239460394,2.7989865558004643e-11,1.0000114239460383,2.4362255971097257e-11,1.000011423946039,2.2950444137333863e-11,2.8231796033650288e-11,2.504663512409744e-11,1.000011423946038,2.2978637215712583e-11,2.3821350376862513e-11,2.3802040760215724e-11,2.8870705088910693e-11,1.000011423946039,2.3086604323522292e-11,2.4453681814777458e-11,1.0000114239460394,1.000012465019399,2.585215783983316e-11,2.2969559677586954e-11,3.087393577737029e-11,2.869382815681394e-11
3.2057521200499905e-07,3.9278459495042617e-19,1.6389099676325616e-15,6.070913167031429e-19,7.167044496617783e-19,3.694263184048367e-19,1.0278644894045221e-15,9.125791193464073e-19,3.846076183107389e-19,6.87495566750186e-19,5.442281836093945e-19,2.2390631267587787e-19,3.652609635004221e-19,2.4771967965152594e-11,-9.20682655256341e-07,2.4771967989732224e-11,1.2853579635340058e-15,2.4771967989732224e-11,4.813577856987461e-19,2.4771967989732224e-11,4.532983380247437e-19,7.630047748688993e-19,4.777371757215602e-19,2.4771967989732224e-11,3.9757911312469703e-19,3.749187401199312e-19,4.4941259553593165e-19,7.499887257995759e-19,2.4771967989732224e-11,3.985871296917027e-19,6.582111663772068e-19,2.4771967989732224e-11,4.915388857064116e-08,7.640949361966833e-19,4.741038733409963e-19,6.9316024200410755e-19,1.3435437167681835e-15
1.0000062816136366,2.4985537864192904e-11,3.2269084085643e-11,2.57571596430567e-11,2.4533366202822637e-11,2.5046634572032015e-11,2.4982850613799956e-11,3.27062396355711e-11,2.297863664606591e-11,2.6927309252601367e-11,2.547409970891195e-11,2.4849515139281565e-11,2.2583397462521094e-11,1.0000114239460394,2.4771967989732224e-11,1.0000105032634399,2.798986546847527e-11,1.0000114239460394,2.4362255971097257e-11,1.0000114239460405,2.2950444077075772e-11,2.8231796033650288e-11,2.504663512409744e-11,1.0000114239460398,2.2978637133825715e-11,2.3821350391523986e-11,2.3802040760215724e-11,2.8870705088910693e-11,1.0000114239460405,2.3086604323522292e-11,2.4453681814777458e-11,1.0000114239460405,1.0000124650194009,2.5852157844802763e-11,2.2969559677586954e-11,3.087393577737029e-11,2.8693828181512203e-11
3.2696030001382775e-07,8.78496465889568e-19,2.021089954587052e-15,1.3829974604327599e-15,7.611439064594122e-19,6.421142452411379e-19,1.3042641260855385e-15,2.068227773652029e-15,5.471567854585217e-19,6.801102649027119e-19,6.561366156708219e-19,1.2934955136807335e-15,6.419282051963438e-19,2.7989865558004643e-11,1.2853579635340058e-15,2.798986546847527e-11,-9.206826538390757e-07,2.7989865553223455e-11,5.467039728867156e-19,2.798986546847406e-11,4.98956266690547e-19,8.653586661332946e-19,6.421142452411379e-19,2.7989865553223455e-11,4.501846888037404e-19,3.200533225519984e-19,6.030576774613736e-19,8.104500540982631e-19,2.798986546847527e-11,5.469030583799141e-19,6.452319502587294e-19,2.7989865558004643e-11,5.553901584360837e-08,7.163461685965119e-19,4.82320590064407e-19,1.8885994999401795e-15,1.6731082228466249e-15
1.0000062816136361,2.4985537864192904e-11,3.2269084208591024e-11,2.5757159761946938e-11,2.4533366167285178e-11,2.5046634522223017e-11,2.4982850509828865e-11,3.27062396355711e-11,2.297863654247258e-11,2.6927309252601367e-11,2.547409970891195e-11,2.484951529658644e-11,2.2583397462521094e-11,1.0000114239460383,2.4771967989732224e-11,1.0000114239460394,2.7989865553223455e-11,1.0000105032634408,2.4362255971097257e-11,1.00001142394604,2.295044417905585e-11,2.8231796033650288e-11,2.5046635124097745e-11,1.0000114239460387,2.2978637133825702e-11,2.3821350391523986e-11,2.380204080210259e-11,2.8870705088910693e-11,1.0000114239460391,2.3086604323522292e-11,2.4453681936437797e-11,1.0000114239460398,1.0000124650194007,2.5852157844802763e-11,2.2969559794557178e-11,3.0873935837867776e-11,2.8693828176860675e-11
3.1976224648481074e-07,6.438044597251051e-19,8.97484644899672e-19,5.88886308131419e-19,6.386490393154248e-19,5.37387085828041e-19,5.595709215767429e-19,1.6302729604579675e-15,4.289927119076001e-19,1.1571594054178683e-15,3.222841371483266e-19,4.583142409892679e-19,6.314300156160489e-19,2.4362255971097257e-11,4.813577856987461e-19,2.4362255971097257e-11,5.467039728867156e-19,2.4362255971097257e-11,-9.206826551296904e-07,2.4362256090317503e-11,2.420822575765265e-19,1.6216854745168596e-19,5.326980904337236e-19,2.4362255971097257e-11,4.537645147028652e-19,8.979853101047989e-16,3.8362692798161743e-19,6.022570282373436e-19,2.4362255971097257e-11,3.9198036485557565e-19,3.869858662818764e-19,2.4362255981684748e-11,4.8340916303292524e-08,3.32890890809403e-19,6.254570087241845e-19,1.480755900646403e-15,5.950514687788515e-19
1.0000062816136361,2.4985538054497717e-11,3.2269084398574054e-11,2.57571596430567e-11,2.453336620277346e-11,2.5046634724696216e-11,2.4982850509828865e-11,3.27062396355711e-11,2.297863654247258e-11,2.6927309252601367e-11,2.547409970891195e-11,2.484951529658644e-11,2.2583397416457364e-11,1.000011423946039,2.4771967989732224e-11,1.0000114239460405,2.798986546847406e-11,1.00001142394604,2.4362256090317503e-11,1.0000105032634432,2.2950444052440184e-11,2.8231796145305744e-11,2.5046635139055103e-11,1.0000114239460398,2.2978637241424975e-11,2.3821350391523986e-11,2.3802040760215724e-11,2.8870705088910693e-11,1.0000114239460407,2.308660436665317e-11,2.4453681814777458e-11,1.0000114239460405,1.0000124650194,2.585215783983316e-11,2.2969559677586954e-11,3.087393579139861e-11,2.869382815681397e-11
3.1696087224926733e-07,4.944118405850401e-19,6.870501537483138e-19,5.790094084441303e-19,3.4546205555732434e-19,4.568880177516102e-19,3.448966871902118e-19,1.4629754411315383e-15,3.345457504510371e-19,6.577899125545855e-19,4.968437851717889e-19,4.522283228664974e-19,6.444624983145434e-19,2.2950444137333863e-11,4.532983380247437e-19,2.2950444077075772e-11,4.98956266690547e-19,2.295044417905585e-11,2.420822575765265e-19,2.2950444052440184e-11,-9.206826573321984e-07,6.53875620136139e-19,4.615264737768499e-19,2.2950444094338017e-11,3.3454574641066154e-19,3.0753163230649506e-19,3.220065641299996e-19,1.1670378500051561e-15,2.2950444035500553e-11,3.725380803735931e-19,3.543652055018899e-19,2.295044417905585e-11,4.553952166894196e-08,6.205476617081884e-19,3.9430336635040257e-19,5.254090494731246e-19,4.424894561020102e-19
3.274403495252553e-07,6.861330287837148e-19,9.280614597048034e-19,6.459849280744876e-19,7.104955814107512e-19,7.063467606425757e-19,6.972476361462553e-19,2.0962940496909192e-15,4.8144413371895615e-19,1.5221409137110284e-15,1.378815986119274e-15,6.329076418724871e-19,5.272899222318711e-19,2.8231796033650288e-11,7.630047748688993e-19,2.8231796033650288e-11,8.653586661332946e-19,2.8231796033650288e-11,1.6216854745168596e-19,2.8231796145305744e-11,6.53875620136139e-19,-9.20682654001202e-07,7.268803115356392e-19,2.823179609787687e-11,5.770163010830096e-19,7.885606805963199e-19,1.2091676305038122e-15,1.7095256840346391e-15,2.823179609787731e-11,5.335819787347533e-19,1.2733449320282775e-15,2.8231796023130457e-11,5.601906771181696e-08,1.4124877558712204e-15,6.946439122081871e-19,1.914596316249364e-15,7.897331819136291e-19
3.211202205712023e-07,6.842638059917222e-19,1.6713133100218147e-15,5.825723891324161e-19,1.0179459915600342e-15,1.0587408348184547e-15,6.697322445848238e-19,6.383644142834009e-19,2.928985802461493e-19,5.633890181894932e-19,5.830084611733994e-19,4.849235032612217e-19,4.070968919510198e-19,2.504663512409744e-11,4.777371757215602e-19,2.504663512409744e-11,6.421142452411379e-19,2.5046635124097745e-11,5.326980904337236e-19,2.5046635139055103e-11,4.615264737768499e-19,7.268803115356392e-19,-9.206826551410762e-07,2.5046634999692973e-11,2.928985799970669e-19,5.947054813074158e-19,6.899820187915927e-19,7.508440439445502e-19,2.5046634999692973e-11,6.187740715623837e-19,4.1462800690218365e-19,2.504663512409744e-11,4.9698898450932867e-08,6.414960737655143e-19,4.664720577777224e-19,8.570491114763507e-19,8.561497511087208e-19
1.0000062816136353,2.4985537864192904e-11,3.226908408567179e-11,2.5757159761946938e-11,2.4533366202822637e-11,2.5046634557529125e-11,2.4982850613799956e-11,3.27062396355711e-11,2.297863654247258e-11,2.6927309252601367e-11,2.5474099748668976e-11,2.4849515139281565e-11,2.2583397462521094e-11,1.000011423946038,2.4771967989732224e-11,1.0000114239460398,2.7989865553223455e-11,1.0000114239460387,2.4362255971097257e-11,1.0000114239460398,2.2950444094338017e-11,2.823179609787687e-11,2.5046634999692973e-11,1.0000105032634408,2.2978637215712583e-11,2.3821350376862513e-11,2.380204080210259e-11,2.887070520459284e-11,1.0000114239460398,2.3086604323522292e-11,2.4453681951825905e-11,1.0000114239460391,1.000012465019399,2.585215783983316e-11,2.296955952025543e-11,3.087393577737029e-11,2.869382815681394e-11
3.170168132421991e-07,8.772295841610027e-16,1.4273358185893203e-15,4.3066557483931587e-19,2.6888983974348974e-19,2.928985799970669e-19,3.860054983104948e-19,7.309667531518345e-19,6.750977032210194e-19,3.819529710312678e-19,4.583988905694453e-19,2.1000823025146972e-19,3.0432727207792524e-19,2.2978637215712583e-11,3.9757911312469703e-19,2.2978637133825715e-11,4.501846888037404e-19,2.2978637133825702e-11,4.537645147028652e-19,2.2978637241424975e-11,3.3454574641066154e-19,5.770163010830096e-19,2.928985799970669e-19,2.2978637215712583e-11,-9.206826573339996e-07,2.822775033580367e-19,2.7342747719925544e-19,6.523837252307241e-19,2.2978637241424988e-11,6.0943860240145035e-19,4.065668663968994e-19,2.2978637241424988e-11,4.5595464530788665e-08,4.1895247968751658e-19,3.5520527998000127e-19,6.746383524226524e-19,6.429108107928326e-19
3.186889611952039e-07,4.2515271480877343e-19,7.647004246924461e-19,7.208560801858941e-19,4.53834401708002e-19,4.470908213847108e-19,5.27900924333821e-19,1.5664912107970173e-15,4.0763471007146943e-19,1.1213392496820132e-18,7.400854293883202e-19,5.295812654538104e-19,3.360862718705141e-19,2.3821350376862513e-11,3.749187401199312e-19,2.3821350391523986e-11,3.200533225519984e-19,2.3821350391523986e-11,8.979853101047989e-16,2.3821350391523986e-11,3.0753163230649506e-19,7.885606805963199e-19,5.947054813074158e-19,2.3821350376862513e-11,2.822775033580367e-19,-9.206826571758884e-07,3.48690644198804e-19,5.485753652460848e-19,2.3821350376862513e-11,4.484753747891551e-19,4.852997319964188e-19,2.3821350376862513e-11,4.72676213511923e-08,4.45155034020435e-19,3.6758886372262613e-19,1.4215493291754527e-15,6.563755972629647e-19
3.1865064606083065e-07,2.743055359986806e-19,1.5258050975913283e-15,5.733785174007377e-19,4.487663873397293e-19,6.379524874189019e-19,4.0749364548078804e-19,8.522683803032033e-19,2.7342747719925544e-19,6.160031869418628e-19,5.228786169648387e-19,3.518916905580623e-19,4.556095200282717e-19,2.3802040760215724e-11,4.4941259553593165e-19,2.3802040760215724e-11,6.030576774613736e-19,2.380204080210259e-11,3.8362692798161743e-19,2.3802040760215724e-11,3.220065641299996e-19,1.2091676305038122e-15,6.899820187915927e-19,2.380204080210259e-11,2.7342747719925544e-19,3.48690644198804e-19,-9.206826574171322e-07,5.916861825091659e-19,2.3802040760215724e-11,5.461766199117576e-19,8.515740056979329e-20,2.3802040760215724e-11,4.7229306368340394e-08,1.01935818038657e-15,3.2323433074389597e-19,7.108883578249972e-19,5.436818341642875e-19
3.2870809892029364e-07,1.3741660216324383e-15,7.462220164006251e-19,6.18588621782186e-19,1.3312574498275001e-15,7.508440439445502e-19,7.278163052413055e-19,2.1695513042841388e-15,7.092943079449882e-19,1.577769992876507e-15,1.4301337373399383e-15,6.890194019767034e-19,1.1290950970047484e-15,2.8870705088910693e-11,7.499887257995759e-19,2.8870705088910693e-11,8.104500540982631e-19,2.8870705088910693e-11,6.022570282373436e-19,2.8870705088910693e-11,1.1670378500051561e-15,1.7095256840346391e-15,7.508440439445502e-19,2.887070520459284e-11,6.523837252307241e-19,5.485753652460848e-19,5.916861825091659e-19,-9.206826538937056e-07,2.8870705157681475e-11,5.859351037021087e-19,4.1747603276779895e-19,2.8870705088910693e-11,5.728682612523719e-08,5.390649244677647e-19,6.932659045526961e-19,1.9823116766978568e-15,1.016577980147863e-18
1.0000062816136361,2.4985537864192904e-11,3.2269084085643e-11,2.57571596430567e-11,2.4533366202822637e-11,2.5046634584818676e-11,2.4982850613799956e-11,3.27062396355711e-11,2.297863654247258e-11,2.6927309265941632e-11,2.547409970891195e-11,2.4849515139281565e-11,2.2583397462521094e-11,1.000011423946039,2.4771967989732224e-11,1.0000114239460405,2.798986546847527e-11,1.0000114239460391,2.4362255971097257e-11,1.0000114239460407,2.2950444035500553e-11,2.823179609787731e-11,2.5046634999692973e-11,1.0000114239460398,2.2978637241424988e-11,2.3821350376862513e-11,2.3802040760215724e-11,2.8870705157681475e-11,1.0000105032634394,2.3086604323522292e-11,2.4453681814777458e-11,1.0000114239460405,1.0000124650194009,2.585215775369976e-11,2.2969559677586954e-11,3.0873935837867776e-11,2.869382815681394e-11
3.172310461162874e-07,5.115047258724109e-19,6.950396435841734e-19,4.167099922130853e-19,4.050109758083918e-19,6.187740715623837e-19,3.6328806824517005e-19,8.460084496332328e-19,4.627371247667439e-19,5.59994094068525e-19,5.440088334692853e-19,3.7031695455161556e-19,2.821611703517154e-19,2.3086604323522292e-11,3.985871296917027e-19,2.3086604323522292e-11,5.469030583799141e-19,2.3086604323522292e-11,3.9198036485557565e-19,2.308660436665317e-11,3.725380803735931e-19,5.335819787347533e-19,6.187740715623837e-19,2.3086604323522292e-11,6.0943860240145035e-19,4.484753747891551e-19,5.461766199117576e-19,5.859351037021087e-19,2.3086604323522292e-11,-9.206826571303447e-07,4.435489393201151e-19,2.3086604323522292e-11,4.580969841210717e-08,4.426916399238934e-19,6.078032990666002e-19,6.388204974590441e-19,6.702334014781234e-19
3.1994365937701593e-07,1.0033336157295315e-15,6.805523186109159e-19,4.791493517376789e-19,4.504319500735953e-19,4.739352909779854e-19,5.922403704005124e-19,8.494702895736388e-19,4.065668663968994e-19,4.504773858810668e-19,5.436976076406931e-19,5.379422170773059e-19,6.261555778517347e-19,2.4453681814777458e-11,6.582111663772068e-19,2.4453681814777458e-11,6.452319502587294e-19,2.4453681936437797e-11,3.869858662818764e-19,2.4453681814777458e-11,3.543652055018899e-19,1.2733449320282775e-15,4.1462800690218365e-19,2.4453681951825905e-11,4.065668663968994e-19,4.852997319964188e-19,8.515740056979329e-20,4.1747603276779895e-19,2.4453681814777458e-11,4.435489393201151e-19,-9.206826551659327e-07,2.4453681839874154e-11,4.852232810988444e-08,1.076462191876408e-15,3.8726127644309705e-19,8.298761000386868e-19,6.906134999651374e-19
1.000006281613636,2.4985538054497717e-11,3.2269084208591024e-11,2.57571596430567e-11,2.4533366202822637e-11,2.5046634572032015e-11,2.4982850509828865e-11,3.27062396355711e-11,2.2978636527386818e-11,2.6927309252601367e-11,2.5474099748668976e-11,2.4849515139281565e-11,2.2583397462521094e-11,1.0000114239460394,2.4771967989732224e-11,1.0000114239460405,2.7989865558004643e-11,1.0000114239460398,2.4362255981684748e-11,1.0000114239460405,2.295044417905585e-11,2.8231796023130457e-11,2.504663512409744e-11,1.0000114239460391,2.2978637241424988e-11,2.3821350376862513e-11,2.3802040760215724e-11,2.8870705088910693e-11,1.0000114239460405,2.3086604323522292e-11,2.4453681839874154e-11,1.0000105032634425,1.0000124650194016,2.585215783983316e-11,2.2969559677586954e-11,3.0873935709451385e-11,2.869382815681397e-11
1.0000073226814026,4.9577666073125766e-08,6.403007436002948e-08,5.110875979687358e-08,4.868044185606391e-08,4.969889697903785e-08,4.95723334575553e-08,6.489750199214488e-08,4.5595462831917056e-08,5.3430633755064766e-08,5.054709637514864e-08,4.930776221302687e-08,4.481120795508134e-08,1.000012465019399,4.915388857064116e-08,1.0000124650194009,5.553901584360837e-08,1.0000124650194007,4.8340916303292524e-08,1.0000124650194,4.553952166894196e-08,5.601906771181696e-08,4.9698898450932867e-08,1.000012465019399,4.5595464530788665e-08,4.72676213511923e-08,4.7229306368340394e-08,5.728682612523719e-08,1.0000124650194009,4.580969841210717e-08,4.852232810988444e-08,1.0000124650194016,1.000012585411151,5.1297259966145036e-08,4.557745182487209e-08,6.126174508322016e-08,5.69358571891942e-08
3.227185727694284e-07,6.036463015721059e-19,9.54170884070212e-19,6.597669707159441e-19,5.542624529128577e-19,6.103134267259322e-19,7.247452774152079e-19,9.155341506190065e-19,4.1895247968751658e-19,5.99867948073012e-19,6.559784167140522e-19,5.431558075327906e-19,4.90120217720867e-19,2.585215783983316e-11,7.640949361966833e-19,2.5852157844802763e-11,7.163461685965119e-19,2.5852157844802763e-11,3.32890890809403e-19,2.585215783983316e-11,6.205476617081884e-19,1.4124877558712204e-15,6.414960737655143e-19,2.585215783983316e-11,4.1895247968751658e-19,4.45155034020435e-19,1.01935818038657e-15,5.390649244677647e-19,2.585215775369976e-11,4.426916399238934e-19,1.076462191876408e-15,2.585215783983316e-11,5.1297259966145036e-08,-9.206826551817888e-07,6.54868310785169e-19,7.671241608545867e-19,7.708058411450232e-19
3.169988017570133e-07,4.536896043859983e-19,6.381594600442704e-19,4.1495916656182905e-19,2.9156396292933335e-19,3.9340878284953423e-19,8.457129561016088e-19,7.452707913523084e-19,3.5520527998000127e-19,5.632340969057924e-19,5.044331442395028e-19,4.649525193291193e-19,3.903039745999375e-19,2.2969559677586954e-11,4.741038733409963e-19,2.2969559677586954e-11,4.82320590064407e-19,2.2969559794557178e-11,6.254570087241845e-19,2.2969559677586954e-11,3.9430336635040257e-19,6.946439122081871e-19,4.664720577777224e-19,2.296955952025543e-11,3.5520527998000127e-19,3.6758886372262613e-19,3.2323433074389597e-19,6.932659045526961e-19,2.2969559677586954e-11,6.078032990666002e-19,3.8726127644309705e-19,2.2969559677586954e-11,4.557745182487209e-08,6.54868310785169e-19,-9.206826550606681e-07,7.946852678103035e-19,1.1605550951477696e-15
3.3268299231463524e-07,1.551010113950369e-15,2.3616685634916343e-15,6.710434987807088e-19,1.5032010788122577e-15,8.570491114763507e-19,7.014277246090494e-19,2.4140189973875963e-15,5.555731862267944e-19,1.7708330281370356e-15,1.6098748174386584e-15,9.625384326581764e-19,1.2842376081067184e-15,3.087393577737029e-11,6.9316024200410755e-19,3.087393577737029e-11,1.8885994999401795e-15,3.0873935837867776e-11,1.480755900646403e-15,3.087393579139861e-11,5.254090494731246e-19,1.914596316249364e-15,8.570491114763507e-19,3.087393577737029e-11,6.746383524226524e-19,1.4215493291754527e-15,7.108883578249972e-19,1.9823116766978568e-15,3.0873935837867776e-11,6.388204974590441e-19,8.298761000386868e-19,3.0873935709451385e-11,6.126174508322016e-08,7.671241608545867e-19,7.946852678103035e-19,-9.206826532259666e-07,1.9665136620642895e-15
3.283571340994482e-07,8.417812875654509e-19,2.103518925195431e-15,1.4443637036213719e-15,6.373922281562673e-19,7.590507211491888e-19,1.3631273087745081e-15,2.1520727246506263e-15,6.429108107928326e-19,8.377916824542115e-19,7.063621136661139e-19,1.3519271155142963e-15,6.05561774354454e-19,2.869382815681394e-11,1.3435437167681835e-15,2.8693828181512203e-11,1.6731082228466249e-15,2.8693828176860675e-11,5.950514687788515e-19,2.869382815681397e-11,4.424894561020102e-19,7.897331819136291e-19,8.561497511087208e-19,2.869382815681394e-11,6.429108107928326e-19,6.563755972629647e-19,5.436818341642875e-19,1.016577980147863e-18,2.869382815681394e-11,6.702334014781234e-19,6.906134999651374e-19,2.869382815681397e-11,5.69358571891942e-08,7.708058411450232e-19,1.1605550951477696e-15,1.9665136620642895e-15,-9.206826540606853e-07
