1.0000000019698432,0.9999991937473333,0.9999991968395228,1.4062436434110047e-06,0.9999991990169212,0.9999992018646865,0.9999991994653511,0.999999199465359,0.9999991994653539,0.9999991994653539,1.4080108466764283e-06,1.4062436434304052e-06,1.4371210671446263e-06,0.9999991994653504,0.9999991994653564,0.9999991990169249,1.4160594617226499e-06,0.9999991994653533,0.9999991990169198,0.9999991994653549,0.9999991994653532,0.999999199465359,0.9999991994653549,0.9999991994653542,0.9999991968395245,0.9999991994653522,0.9999991994653485,0.9999991994653536,1.4167364767577223e-06,0.999999199465354,1.416736476728066e-06,0.9999991994653511,0.9999991994653535,0.9999991937473346
0.9999991937473333,0.9999991021418321,0.9999973666999,5.565437444040085e-11,0.9999973688772971,0.9999973717250664,0.9999973693257287,0.9999973693257284,0.9999973693257287,0.9999973693257287,5.654563327009031e-11,5.5654374437190694e-11,1.4122983341447316e-07,0.9999973693257295,0.9999973693257295,0.9999973688772974,6.060481066354225e-11,0.9999973693257304,0.9999973688772971,0.9999973693257295,0.9999973693257304,0.9999973693257291,0.9999973693257305,0.9999973693257289,0.9999973666998984,0.9999973693257299,0.9999973693257292,0.9999973693257291,1.2084525442129086e-07,0.9999973693257289,1.2084525476417805e-07,0.9999973693257287,0.9999973693257304,0.9999973636077062
0.9999991968395228,0.9999973666999,0.9999991083262143,5.5654374550916816e-11,0.9999973719694847,0.999997374817253,0.999997372417916,0.9999973724179161,0.9999973724179168,0.999997372417917,5.654563297413747e-11,5.565437468911077e-11,7.122686630316894e-11,0.999997372417917,0.9999973724179161,0.9999973719694855,1.2016824304395932e-07,0.9999973724179175,0.9999973719694847,0.999997372417918,0.9999973724179175,0.9999973724179168,0.9999973724179181,0.999997372417917,0.9999973697920858,0.9999973724179173,0.9999973724179172,0.9999973724179163,6.094625054481362e-11,0.9999973724179163,6.094625071092091e-11,0.999997372417916,0.9999973724179175,0.9999973666998945
1.4062436434110047e-06,5.565437444040085e-11,5.5654374550916816e-11,1.7385344488153024e-06,5.5654374819185286e-11,1.1035243510188591e-07,5.565437485536485e-11,5.5654374872385814e-11,5.565437478659726e-11,5.565437487762097e-11,6.071825896391222e-18,1.1548527174927663e-14,7.432945419897568e-18,5.565437483407564e-11,5.565437487762097e-11,5.5654374815652656e-11,1.2570389333116388e-14,5.5654374885494934e-11,5.565437480617534e-11,5.5654374834911075e-11,5.5654374845383343e-11,5.565437485536485e-11,5.565437481578384e-11,5.5654374829804334e-11,5.565437469264195e-11,5.5654374802893014e-11,5.5654374821426597e-11,5.56543748048809e-11,1.2656254684969941e-14,5.565437479099652e-11,1.2656254790044953e-14,5.5654374816902636e-11,5.565437483407564e-11,5.5654374344790025e-11
0.9999991990169212,0.9999973688772971,0.9999973719694847,5.5654374819185286e-11,0.9999991126810048,0.9999973769946526,0.999997374595316,0.9999973745953153,0.9999973745953159,0.9999973745953166,5.6545633645468484e-11,5.56543750079107e-11,1.4122983444300118e-07,0.9999973745953159,0.9999973745953166,0.9999973741468858,6.06048111762356e-11,0.9999973745953166,0.9999973741468839,0.999997374595317,0.999997374595317,0.9999973745953159,0.999997374595317,0.9999973745953166,0.9999973719694839,0.9999973745953162,0.9999973745953162,0.9999973745953162,6.094625050658645e-11,0.9999973745953162,6.094625069201564e-11,0.9999973745953159,0.999997374595317,0.9999973688772932
0.9999992018646865,0.9999973717250664,0.999997374817253,1.1035243510188591e-07,0.9999973769946526,0.9999991183765535,0.9999973774430845,0.9999973774430836,0.999997377443085,0.9999973774430846,1.1211963774608003e-07,1.1035243544843797e-07,1.4122983502586893e-07,0.999997377443085,0.9999973774430838,0.999997376994653,1.2016824390607355e-07,0.999997377443085,0.999997376994652,0.9999973774430839,0.999997377443085,0.999997377443085,0.9999973774430856,0.9999973774430846,0.9999973748172527,0.999997377443085,0.9999973774430846,0.9999973774430836,1.2084525580499893e-07,0.9999973774430838,1.2084525614788597e-07,0.9999973774430845,0.9999973774430839,0.9999973717250618
0.9999991994653511,0.9999973693257287,0.999997372417916,5.565437485536485e-11,0.999997374595316,0.9999973774430845,0.9999991135778724,0.999997375043746,0.9999973750437475,0.9999973750437475,5.654563337084799e-11,5.5654375089003744e-11,7.122686672019614e-11,0.9999973750437463,0.9999973750437463,0.9999973745953159,6.060481128840282e-11,0.9999973750437473,0.999997374595315,0.9999973750437486,0.9999973750437473,0.9999973750437466,0.9999973750437481,0.9999973750437475,0.9999973724179168,0.9999973750437473,0.9999973750437468,0.9999973750437479,6.09462505383502e-11,0.9999973750437463,6.094625077219946e-11,0.9999973750437466,0.9999973750437486,0.9999973693257234
0.999999199465359,0.9999973693257284,0.9999973724179161,5.5654374872385814e-11,0.9999973745953153,0.9999973774430836,0.999997375043746,0.9999991135778799,0.999997375043746,0.9999973750437472,5.654563336426552e-11,5.5654375089003744e-11,7.122686672019614e-11,0.9999973750437463,0.9999973750437455,0.9999973745953155,6.06048112004027e-11,0.9999973750437463,0.999997374595315,0.9999973750437468,0.9999973750437468,0.9999973750437463,0.9999973750437472,0.9999973750437472,0.9999973724179168,0.9999973750437468,0.9999973750437468,0.9999973750437463,6.094625056339714e-11,0.999997375043746,6.094625077219946e-11,0.999997375043746,0.9999973750437466,0.9999973693257233
0.9999991994653539,0.9999973693257287,0.9999973724179168,5.565437478659726e-11,0.9999973745953159,0.999997377443085,0.9999973750437475,0.999997375043746,0.9999991135778762,0.9999973750437479,5.6545633369069256e-11,5.565437507084257e-11,7.122686666049851e-11,0.9999973750437472,0.9999973750437463,0.9999973745953166,6.060481128840282e-11,0.9999973750437468,0.9999973745953159,0.9999973750437481,0.9999973750437475,0.9999973750437468,0.9999973750437481,0.9999973750437479,0.9999973724179172,0.9999973750437481,0.9999973750437475,0.9999973750437475,6.094625055588432e-11,0.9999973750437472,6.094625072081877e-11,0.9999973750437475,0.9999973750437479,0.9999973693257249
0.9999991994653539,0.9999973693257287,0.999997372417917,5.565437487762097e-11,0.9999973745953166,0.9999973774430846,0.9999973750437475,0.9999973750437472,0.9999973750437479,0.9999991135778793,5.6545633368590415e-11,5.565437508363235e-11,7.122686670518852e-11,0.9999973750437477,0.9999973750437472,0.9999973745953165,6.060481123399693e-11,0.9999973750437477,0.9999973745953162,0.9999973750437483,0.9999973750437479,0.9999973750437479,0.9999973750437477,0.9999973750437475,0.9999973724179175,0.9999973750437479,0.9999973750437479,0.9999973750437475,6.094625053851371e-11,0.9999973750437473,6.094625077219946e-11,0.9999973750437475,0.9999973750437479,0.9999973693257245
1.4080108466764283e-06,5.654563327009031e-11,5.654563297413747e-11,6.071825896391222e-18,5.6545633645468484e-11,1.1211963774608003e-07,5.654563337084799e-11,5.654563336426552e-11,5.6545633369069256e-11,5.6545633368590415e-11,1.7385344499132577e-06,5.632634186380921e-18,1.5075901811411327e-14,5.6545633369307064e-11,5.654563336982478e-11,5.654563370089558e-11,6.062070705723332e-18,5.654563337026994e-11,5.654563378238143e-11,5.654563336957697e-11,5.654563336614486e-11,5.6545633369307064e-11,5.654563336919028e-11,5.6545633368574265e-11,5.6545633032341056e-11,5.6545633368620155e-11,5.654563337078588e-11,5.654563336659884e-11,6.993411534628126e-18,5.654563336965938e-11,6.760866309031041e-18,5.6545633370357454e-11,5.6545633368851455e-11,5.654563288325689e-11
1.4062436434304052e-06,5.5654374437190694e-11,5.565437468911077e-11,1.1548527174927663e-14,5.56543750079107e-11,1.1035243544843797e-07,5.5654375089003744e-11,5.5654375089003744e-11,5.565437507084257e-11,5.565437508363235e-11,5.632634186380921e-18,1.7385344488153024e-06,7.46534367867057e-18,5.565437506460037e-11,5.5654375051739826e-11,5.5654374984619444e-11,1.2570389288815885e-14,5.5654375032040933e-11,5.5654374988789255e-11,5.565437503535625e-11,5.5654375029375324e-11,5.56543750867099e-11,5.5654375043674886e-11,5.5654375050363805e-11,5.565437482092756e-11,5.565437503245655e-11,5.5654375047469034e-11,5.565437501855322e-11,1.2656254638685488e-14,5.565437508411449e-11,1.2656254743760483e-14,5.565437508411449e-11,5.565437507715344e-11,5.5654374687279434e-11
1.4371210671446263e-06,1.4122983341447316e-07,7.122686630316894e-11,7.432945419897568e-18,1.4122983444300118e-07,1.4122983502586893e-07,7.122686672019614e-11,7.122686672019614e-11,7.122686666049851e-11,7.122686670518852e-11,1.5075901811411327e-14,7.46534367867057e-18,1.7385344546635914e-06,7.122686672019614e-11,7.122686668788887e-11,1.4122983444300118e-07,8.125522298304424e-18,7.12268666247233e-11,1.4122983444300115e-07,7.122686660066327e-11,7.122686661877517e-11,7.122686661877517e-11,7.122686661705413e-11,7.12268666247233e-11,7.122686627796847e-11,7.122686666276092e-11,7.122686668788887e-11,7.122686666049851e-11,8.467190191239211e-18,7.122686664377051e-11,7.873755666327718e-18,7.122686666276092e-11,7.122686672019614e-11,1.4122983341447236e-07
0.9999991994653504,0.9999973693257295,0.999997372417917,5.565437483407564e-11,0.9999973745953159,0.999997377443085,0.9999973750437463,0.9999973750437463,0.9999973750437472,0.9999973750437477,5.6545633369307064e-11,5.565437506460037e-11,7.122686672019614e-11,0.9999991135778764,0.9999973750437463,0.9999973745953159,6.060481117721168e-11,0.9999973750437472,0.9999973745953148,0.9999973750437473,0.9999973750437481,0.9999973750437479,0.9999973750437479,0.9999973750437477,0.9999973724179168,0.9999973750437472,0.9999973750437479,0.9999973750437466,6.094625056339714e-11,0.9999973750437472,6.094625067509835e-11,0.9999973750437463,0.9999973750437472,0.9999973693257241
0.9999991994653564,0.9999973693257295,0.9999973724179161,5.565437487762097e-11,0.9999973745953166,0.9999973774430838,0.9999973750437463,0.9999973750437455,0.9999973750437463,0.9999973750437472,5.654563336982478e-11,5.5654375051739826e-11,7.122686668788887e-11,0.9999973750437463,0.9999991135778799,0.9999973745953155,6.060481128840282e-11,0.9999973750437475,0.9999973745953155,0.9999973750437468,0.9999973750437475,0.9999973750437468,0.9999973750437481,0.9999973750437472,0.9999973724179163,0.9999973750437475,0.9999973750437473,0.9999973750437466,6.094625053029197e-11,0.999997375043747,6.094625067509835e-11,0.9999973750437463,0.9999973750437475,0.9999973693257236
0.9999991990169249,0.9999973688772974,0.9999973719694855,5.5654374815652656e-11,0.9999973741468858,0.999997376994653,0.9999973745953159,0.9999973745953155,0.9999973745953166,0.9999973745953165,5.654563370089558e-11,5.5654374984619444e-11,1.4122983444300118e-07,0.9999973745953159,0.9999973745953155,0.9999991126810128,6.060481113711135e-11,0.9999973745953166,0.9999973741468849,0.999997374595317,0.9999973745953166,0.9999973745953166,0.9999973745953168,0.9999973745953165,0.9999973719694836,0.9999973745953165,0.9999973745953166,0.9999973745953166,6.094625042908565e-11,0.999997374595316,6.094625073403139e-11,0.9999973745953159,0.9999973745953168,0.9999973688772917
1.4160594617226499e-06,6.060481066354225e-11,1.2016824304395932e-07,1.2570389333116388e-14,6.06048111762356e-11,1.2016824390607355e-07,6.060481128840282e-11,6.06048112004027e-11,6.060481128840282e-11,6.060481123399693e-11,6.062070705723332e-18,1.2570389288815885e-14,8.125522298304424e-18,6.060481117721168e-11,6.060481128840282e-11,6.060481113711135e-11,1.738534451500472e-06,6.060481124590616e-11,6.060481116589624e-11,6.060481130245869e-11,6.060481119947385e-11,6.06048111846315e-11,6.060481133967639e-11,6.060481125792958e-11,1.201682430439593e-07,6.060481126114872e-11,6.060481123649226e-11,6.060481133370505e-11,1.3776212474057321e-14,6.060481115574168e-11,1.377621258867088e-14,6.060481115574168e-11,6.060481121785343e-11,6.060481066354225e-11
0.9999991994653533,0.9999973693257304,0.9999973724179175,5.5654374885494934e-11,0.9999973745953166,0.999997377443085,0.9999973750437473,0.9999973750437463,0.9999973750437468,0.9999973750437477,5.654563337026994e-11,5.5654375032040933e-11,7.12268666247233e-11,0.9999973750437472,0.9999973750437475,0.9999973745953166,6.060481124590616e-11,0.9999991135778794,0.9999973745953168,0.9999973750437483,0.9999973750437479,0.9999973750437475,0.9999973750437486,0.9999973750437477,0.9999973724179172,0.9999973750437483,0.9999973750437483,0.9999973750437479,6.094625054838983e-11,0.9999973750437473,6.094625067509835e-11,0.9999973750437473,0.9999973750437479,0.9999973693257249
0.9999991990169198,0.9999973688772971,0.9999973719694847,5.565437480617534e-11,0.9999973741468839,0.999997376994652,0.999997374595315,0.999997374595315,0.9999973745953159,0.9999973745953162,5.654563378238143e-11,5.5654374988789255e-11,1.4122983444300115e-07,0.9999973745953148,0.9999973745953155,0.9999973741468849,6.060481116589624e-11,0.9999973745953168,0.9999991126810164,0.9999973745953162,0.999997374595317,0.9999973745953159,0.9999973745953165,0.9999973745953162,0.9999973719694837,0.999997374595316,0.9999973745953166,0.9999973745953162,6.094625064590337e-11,0.9999973745953155,6.094625073403139e-11,0.999997374595315,0.999997374595317,0.9999973688772921
0.9999991994653549,0.9999973693257295,0.999997372417918,5.5654374834911075e-11,0.999997374595317,0.9999973774430839,0.9999973750437486,0.9999973750437468,0.9999973750437481,0.9999973750437483,5.654563336957697e-11,5.565437503535625e-11,7.122686660066327e-11,0.9999973750437473,0.9999973750437468,0.999997374595317,6.060481130245869e-11,0.9999973750437483,0.9999973745953162,0.9999991135778818,0.9999973750437483,0.9999973750437483,0.9999973750437483,0.9999973750437483,0.9999973724179166,0.9999973750437472,0.9999973750437475,0.9999973750437473,6.094625054999689e-11,0.9999973750437468,6.094625077219946e-11,0.9999973750437486,0.9999973750437483,0.9999973693257247
0.9999991994653532,0.9999973693257304,0.9999973724179175,5.5654374845383343e-11,0.999997374595317,0.999997377443085,0.9999973750437473,0.9999973750437468,0.9999973750437475,0.9999973750437479,5.654563336614486e-11,5.5654375029375324e-11,7.122686661877517e-11,0.9999973750437481,0.9999973750437475,0.9999973745953166,6.060481119947385e-11,0.9999973750437479,0.999997374595317,0.9999973750437483,0.9999991135778793,0.9999973750437475,0.9999973750437486,0.9999973750437479,0.9999973724179172,0.9999973750437483,0.9999973750437483,0.9999973750437479,6.094625056118073e-11,0.9999973750437475,6.094625077219946e-11,0.9999973750437473,0.9999973750437484,0.9999973693257249
0.999999199465359,0.9999973693257291,0.9999973724179168,5.565437485536485e-11,0.9999973745953159,0.999997377443085,0.9999973750437466,0.9999973750437463,0.9999973750437468,0.9999973750437479,5.6545633369307064e-11,5.56543750867099e-11,7.122686661877517e-11,0.9999973750437479,0.9999973750437468,0.9999973745953166,6.06048111846315e-11,0.9999973750437475,0.9999973745953159,0.9999973750437483,0.9999973750437475,0.9999991135778761,0.9999973750437479,0.9999973750437477,0.999997372417917,0.9999973750437473,0.9999973750437481,0.9999973750437475,6.094625055177699e-11,0.9999973750437473,6.094625075166338e-11,0.9999973750437466,0.9999973750437475,0.9999973693257249
0.9999991994653549,0.9999973693257305,0.9999973724179181,5.565437481578384e-11,0.999997374595317,0.9999973774430856,0.9999973750437481,0.9999973750437472,0.9999973750437481,0.9999973750437477,5.654563336919028e-11,5.5654375043674886e-11,7.122686661705413e-11,0.9999973750437479,0.9999973750437481,0.9999973745953168,6.060481133967639e-11,0.9999973750437486,0.9999973745953165,0.9999973750437483,0.9999973750437486,0.9999973750437479,0.9999991135778817,0.9999973750437477,0.9999973724179168,0.9999973750437484,0.9999973750437481,0.9999973750437472,6.094625054999689e-11,0.9999973750437475,6.094625077219946e-11,0.9999973750437481,0.9999973750437479,0.9999973693257247
0.9999991994653542,0.9999973693257289,0.999997372417917,5.5654374829804334e-11,0.9999973745953166,0.9999973774430846,0.9999973750437475,0.9999973750437472,0.9999973750437479,0.9999973750437475,5.6545633368574265e-11,5.5654375050363805e-11,7.12268666247233e-11,0.9999973750437477,0.9999973750437472,0.9999973745953165,6.060481125792958e-11,0.9999973750437477,0.9999973745953162,0.9999973750437483,0.9999973750437479,0.9999973750437477,0.9999973750437477,0.9999991135778799,0.9999973724179175,0.9999973750437479,0.9999973750437479,0.9999973750437475,6.094625054370721e-11,0.9999973750437475,6.094625072933665e-11,0.9999973750437475,0.9999973750437479,0.9999973693257245
0.9999991968395245,0.9999973666998984,0.9999973697920858,5.565437469264195e-11,0.9999973719694839,0.9999973748172527,0.9999973724179168,0.9999973724179168,0.9999973724179172,0.9999973724179175,5.6545633032341056e-11,5.565437482092756e-11,7.122686627796847e-11,0.9999973724179168,0.9999973724179163,0.9999973719694836,1.201682430439593e-07,0.9999973724179172,0.9999973719694837,0.9999973724179166,0.9999973724179172,0.999997372417917,0.9999973724179168,0.9999973724179175,0.999999108326208,0.999997372417916,0.999997372417918,0.9999973724179161,6.094625034408618e-11,0.999997372417917,6.094625061478537e-11,0.9999973724179168,0.9999973724179172,0.9999973666998934
0.9999991994653522,0.9999973693257299,0.9999973724179173,5.5654374802893014e-11,0.9999973745953162,0.999997377443085,0.9999973750437473,0.9999973750437468,0.9999973750437481,0.9999973750437479,5.6545633368620155e-11,5.565437503245655e-11,7.122686666276092e-11,0.9999973750437472,0.9999973750437475,0.9999973745953165,6.060481126114872e-11,0.9999973750437483,0.999997374595316,0.9999973750437472,0.9999973750437483,0.9999973750437473,0.9999973750437484,0.9999973750437479,0.999997372417916,0.9999991135778801,0.9999973750437481,0.9999973750437468,6.094625053851371e-11,0.999997375043747,6.094625072556367e-11,0.9999973750437473,0.9999973750437472,0.9999973693257239
0.9999991994653485,0.9999973693257292,0.9999973724179172,5.5654374821426597e-11,0.9999973745953162,0.9999973774430846,0.9999973750437468,0.9999973750437468,0.9999973750437475,0.9999973750437479,5.654563337078588e-11,5.5654375047469034e-11,7.122686668788887e-11,0.9999973750437479,0.9999973750437473,0.9999973745953166,6.060481123649226e-11,0.9999973750437483,0.9999973745953166,0.9999973750437475,0.9999973750437483,0.9999973750437481,0.9999973750437481,0.9999973750437479,0.999997372417918,0.9999973750437481,0.9999991135778762,0.9999973750437468,6.094625056118073e-11,0.9999973750437479,6.094625075511475e-11,0.9999973750437468,0.9999973750437483,0.9999973693257241
0.9999991994653536,0.9999973693257291,0.9999973724179163,5.56543748048809e-11,0.9999973745953162,0.9999973774430836,0.9999973750437479,0.9999973750437463,0.9999973750437475,0.9999973750437475,5.654563336659884e-11,5.565437501855322e-11,7.122686666049851e-11,0.9999973750437466,0.9999973750437466,0.9999973745953166,6.060481133370505e-11,0.9999973750437479,0.9999973745953162,0.9999973750437473,0.9999973750437479,0.9999973750437475,0.9999973750437472,0.9999973750437475,0.9999973724179161,0.9999973750437468,0.9999973750437468,0.9999991135778769,6.094625054999689e-11,0.9999973750437463,6.094625072557916e-11,0.9999973750437479,0.9999973750437479,0.9999973693257239
1.4167364767577223e-06,1.2084525442129086e-07,6.094625054481362e-11,1.2656254684969941e-14,6.094625050658645e-11,1.2084525580499893e-07,6.09462505383502e-11,6.094625056339714e-11,6.094625055588432e-11,6.094625053851371e-11,6.993411534628126e-18,1.2656254638685488e-14,8.467190191239211e-18,6.094625056339714e-11,6.094625053029197e-11,6.094625042908565e-11,1.3776212474057321e-14,6.094625054838983e-11,6.094625064590337e-11,6.094625054999689e-11,6.094625056118073e-11,6.094625055177699e-11,6.094625054999689e-11,6.094625054370721e-11,6.094625034408618e-11,6.094625053851371e-11,6.094625056118073e-11,6.094625054999689e-11,1.7385344505734197e-06,6.09462505457074e-11,1.3870093117672938e-14,6.094625053851371e-11,6.09462505308448e-11,1.2084525442129022e-07
0.999999199465354,0.9999973693257289,0.9999973724179163,5.565437479099652e-11,0.9999973745953162,0.9999973774430838,0.9999973750437463,0.999997375043746,0.9999973750437472,0.9999973750437473,5.654563336965938e-11,5.565437508411449e-11,7.122686664377051e-11,0.9999973750437472,0.999997375043747,0.999997374595316,6.060481115574168e-11,0.9999973750437473,0.9999973745953155,0.9999973750437468,0.9999973750437475,0.9999973750437473,0.9999973750437475,0.9999973750437475,0.999997372417917,0.999997375043747,0.9999973750437479,0.9999973750437463,6.09462505457074e-11,0.9999991135778764,6.094625067509835e-11,0.9999973750437463,0.9999973750437472,0.9999973693257234
1.416736476728066e-06,1.2084525476417805e-07,6.094625071092091e-11,1.2656254790044953e-14,6.094625069201564e-11,1.2084525614788597e-07,6.094625077219946e-11,6.094625077219946e-11,6.094625072081877e-11,6.094625077219946e-11,6.760866309031041e-18,1.2656254743760483e-14,7.873755666327718e-18,6.094625067509835e-11,6.094625067509835e-11,6.094625073403139e-11,1.377621258867088e-14,6.094625067509835e-11,6.094625073403139e-11,6.094625077219946e-11,6.094625077219946e-11,6.094625075166338e-11,6.094625077219946e-11,6.094625072933665e-11,6.094625061478537e-11,6.094625072556367e-11,6.094625075511475e-11,6.094625072557916e-11,1.3870093117672938e-14,6.094625067509835e-11,1.7385344504347017e-06,6.094625077897674e-11,6.094625072933665e-11,1.2084525476417734e-07
0.9999991994653511,0.9999973693257287,0.999997372417916,5.5654374816902636e-11,0.9999973745953159,0.9999973774430845,0.9999973750437466,0.999997375043746,0.9999973750437475,0.9999973750437475,5.6545633370357454e-11,5.565437508411449e-11,7.122686666276092e-11,0.9999973750437463,0.9999973750437463,0.9999973745953159,6.060481115574168e-11,0.9999973750437473,0.999997374595315,0.9999973750437486,0.9999973750437473,0.9999973750437466,0.9999973750437481,0.9999973750437475,0.9999973724179168,0.9999973750437473,0.9999973750437468,0.9999973750437479,6.094625053851371e-11,0.9999973750437463,6.094625077897674e-11,0.9999991135778724,0.9999973750437486,0.9999973693257234
0.9999991994653535,0.9999973693257304,0.9999973724179175,5.565437483407564e-11,0.999997374595317,0.9999973774430839,0.9999973750437486,0.9999973750437466,0.9999973750437479,0.9999973750437479,5.6545633368851455e-11,5.565437507715344e-11,7.122686672019614e-11,0.9999973750437472,0.9999973750437475,0.9999973745953168,6.060481121785343e-11,0.9999973750437479,0.999997374595317,0.9999973750437483,0.9999973750437484,0.9999973750437475,0.9999973750437479,0.9999973750437479,0.9999973724179172,0.9999973750437472,0.9999973750437483,0.9999973750437479,6.09462505308448e-11,0.9999973750437472,6.094625072933665e-11,0.9999973750437486,0.9999991135778801,0.9999973693257249
0.9999991937473346,0.9999973636077062,0.9999973666998945,5.5654374344790025e-11,0.9999973688772932,0.9999973717250618,0.9999973693257234,0.9999973693257233,0.9999973693257249,0.9999973693257245,5.654563288325689e-11,5.5654374687279434e-11,1.4122983341447236e-07,0.9999973693257241,0.9999973693257236,0.9999973688772917,6.060481066354225e-11,0.9999973693257249,0.9999973688772921,0.9999973693257247,0.9999973693257249,0.9999973693257249,0.9999973693257247,0.9999973693257245,0.9999973666998934,0.9999973693257239,0.9999973693257241,0.9999973693257239,1.2084525442129022e-07,0.9999973693257234,1.2084525476417734e-07,0.9999973693257234,0.9999973693257249,0.9999991021418305
