0.9999999888810425,0.9999642156706627,0.9999642286994355,0.9999641867354038,0.9999642156706716,-4.6397188124754155e-07,0.999963779239349,-5.260823705759506e-07,0.9999637792393472,-5.237266342471285e-07,-4.528218874105294e-07,-4.6204120480381134e-07,0.9999641153842794,-4.36742436049442e-07,-5.36714384322845e-07,-5.24137083915169e-07,-4.514249341829182e-07,0.9999642240129978,-4.5840312653911825e-07,-5.237266336260284e-07,0.999964133135604,0.9999642276783114,-5.227927158538087e-07,-4.4968946438231347e-07,-3.0838924333914286e-07,-4.5919880774364765e-07,0.9999641153842764,0.9999642366832386,-5.2372663460682e-07,-5.237266342466198e-07,0.99996382231529,-5.247064814351113e-07,0.999964215670671,-5.237266337175965e-07,0.9999642925335194,0.9999636750316844,0.9999637792393485,-4.098203569128876e-07,1.9154999096822603e-07,-5.237266341778351e-07,-4.7090134872054545e-07,-5.210529610309426e-07,0.9999642286994358,-4.5280620912679353e-07,0.9999642156706691,-4.584031269587522e-07,0.999964133135604,0.9999640309896861,-5.22759184094695e-07,-6.569084184275208e-07,0.9999642099389562,0.999964215670672,-4.292756877014577e-07,0.9999642296746319,-5.237266346024444e-07,0.9999637417302915,1.4692028383451387e-07,-5.237266342469775e-07,-4.591988088804964e-07,-4.801942251203879e-07,-4.801886479130229e-07,-5.237266346023898e-07,-4.642498564201493e-07
0.9999642156706627,0.9999553428525425,0.9999497289990094,0.9999496870357345,0.999949715970619,3.12102226687502e-11,0.9999492795459867,1.5182368436422488e-14,0.9999492795459876,1.1985777344313892e-12,3.680999532217712e-11,3.21797987575268e-11,0.9999496156833213,4.488717482850291e-11,-5.324323370826794e-12,9.923826942547324e-13,3.7516534655485976e-11,0.9999497243129407,3.399858413045415e-11,1.1985772978406088e-12,0.9999496334343009,0.9999497279778591,1.6677983216949335e-12,3.8385373833103924e-11,2.177301632144186e-07,3.360601876642334e-11,0.9999496156833213,0.9999497369803759,1.1985775250288749e-12,1.198578050973739e-12,0.9999493226185082,7.062709331677787e-13,0.9999497159706193,1.1985776699255884e-12,0.9999497928315246,0.9999491753382918,0.9999492795459862,1.1629464230796349e-07,7.176524805881743e-07,1.1985786499802997e-12,2.7732054474459042e-11,2.5416922192743854e-12,0.9999497289990068,3.681926750124874e-11,0.999949715970619,3.399858410565042e-11,0.9999496334343005,0.9999495312920482,1.6845027756957035e-12,-1.3080447821993875e-07,0.9999497102385776,0.9999497159706202,9.683642557894136e-08,0.9999497299743612,1.1985776067124842e-12,0.99994924203748,6.730313806600686e-07,1.1985782099258698e-12,3.360601808078317e-11,2.3059914560822043e-11,2.3057578226629852e-11,1.1985774832784933e-12,3.107533323174814e-11
0.9999642286994355,0.9999497289990094,0.9999553689094097,0.9999497000641328,0.9999497289990146,3.12100453474644e-11,0.9999492925741942,3.0563414758893314e-11,0.9999492925741945,1.1985621894651993e-12,3.680998387847463e-11,3.217962509284643e-11,0.9999496287127173,4.488721798602291e-11,-5.324315317671672e-12,9.92381838103338e-13,3.751591729909676e-11,0.9999497373413395,3.399957691773441e-11,1.198561734007732e-12,0.999949646463701,0.9999497410063249,1.6678581237268726e-12,3.8385183334645475e-11,2.177255849541194e-07,3.360626578292725e-11,0.9999496287127163,0.9999497500091746,1.1985619787421786e-12,1.1985625165492437e-12,0.9999493356481247,7.063708126994704e-13,0.9999497289990158,1.1985621071480937e-12,0.9999498058601035,0.9999491883668532,0.999949292574193,1.1629352964338133e-07,7.176518899970982e-07,1.19856290865719e-12,2.773164865850828e-11,2.5417116152813235e-12,0.9999497420274686,3.681892783155792e-11,0.9999497289990165,3.399957685912371e-11,0.9999496464637004,0.9999495443202198,1.6844592522463544e-12,-1.30798708610682e-07,0.9999497232670135,0.9999497289990158,9.683642558461574e-08,0.9999497430028058,1.19856200717605e-12,0.9999492550656428,6.730275616449778e-07,1.1985626043313857e-12,3.360626509969138e-11,2.3060330863301615e-11,2.305880025436952e-11,1.1985619840180555e-12,3.1074733370299286e-11
0.9999641867354038,0.9999496870357345,0.9999497000641328,0.9999552849828341,0.999949687035739,3.121175528898156e-11,0.9999492506112279,1.5120448980645747e-14,0.9999492506112287,1.1985805286042229e-12,3.680970362210775e-11,3.2181393186512195e-11,0.9999495867482768,8.937275136172456e-08,-5.3243257504406096e-12,9.92337716821722e-13,3.7514813624404395e-11,0.9999496953782417,3.399908200226659e-11,1.198580084847475e-12,0.9999496044992672,0.9999496990429976,1.6677652328290815e-12,3.838546344602768e-11,2.1773105106128273e-07,3.3605650661954856e-11,0.9999495867482759,0.9999497080459596,1.198580445765067e-12,1.1985809387234644e-12,0.9999492936833326,7.062231048007114e-13,0.9999496870357398,1.1985804466704944e-12,0.9999497638967012,0.9999491464034983,0.9999492506112269,1.1629485507808757e-07,7.176527318002458e-07,1.1985814444256474e-12,2.7732884220981318e-11,2.5416627473609427e-12,0.9999497000641319,3.681900571239265e-11,0.9999496870357419,3.3999082087070116e-11,0.9999496044992658,0.9999495023573701,1.6845178834201858e-12,-1.308058273489134e-07,0.9999496813037957,0.9999496870357398,9.683632668533244e-08,0.9999497010394717,1.1985804582721022e-12,0.999949213102733,6.730321692600479e-07,1.1985810571636254e-12,3.360564999172046e-11,4.591283577209324e-08,2.3057805158533577e-11,1.1985803214638194e-12,3.107370995674193e-11
0.9999642156706716,0.999949715970619,0.9999497289990146,0.999949687035739,0.9999553428525578,3.121022261538046e-11,0.999949279545992,1.518238766435539e-14,0.9999492795459922,1.1985777338361198e-12,3.680999535429424e-11,3.217979871630048e-11,0.9999496156833271,4.488717485429669e-11,-5.324323375925546e-12,9.923826768630759e-13,3.7516534671481446e-11,0.9999497243129458,3.399858411536949e-11,1.1985773378876898e-12,0.9999496334343052,0.999949727977866,1.6677982224102573e-12,3.83853738433732e-11,2.1773016321442082e-07,3.360601876518083e-11,0.9999496156833276,0.9999497369803813,1.1985775657657861e-12,1.1985780945728069e-12,0.9999493226185128,7.062708350494042e-13,0.9999497159706237,1.1985776813963641e-12,0.9999497928315284,0.9999491753382955,0.9999492795459934,1.162946423079648e-07,7.17652480588182e-07,1.1985786471604693e-12,2.7732054473760058e-11,2.5416922192743854e-12,0.999949728999014,3.681926754408188e-11,0.9999497159706247,3.3998584096102466e-11,0.9999496334343057,0.9999495312920542,1.6845028045396336e-12,-1.3080447821993978e-07,0.9999497102385839,0.9999497159706234,9.683642557894601e-08,0.9999497299743656,1.1985776090450128e-12,0.9999492420374864,6.730313806600724e-07,1.1985781933335342e-12,3.3606018095857776e-11,2.30599145701801e-11,2.305757817833585e-11,1.1985775057237927e-12,3.1075333250654704e-11
-4.6397188124754155e-07,3.12102226687502e-11,3.12100453474644e-11,3.121175528898156e-11,3.121022261538046e-11,5.627057504324533e-06,3.1211516150473696e-11,-1.8781742733821547e-15,3.121151613791335e-11,6.765587977741634e-18,-1.2808068390200155e-14,1.8067912340783528e-10,3.120391319252949e-11,1.8004615395028748e-14,7.882163293751501e-16,-2.9151952712164044e-15,-5.2951617578207935e-14,3.121598826128019e-11,-3.670070618465038e-14,6.656617605949407e-18,3.120389408642919e-11,3.1210256769136884e-11,1.7172774400147251e-15,2.849887590551129e-14,2.417172962679901e-14,-2.478152814837459e-14,3.120391317819291e-11,3.121422207532395e-11,6.6195793094099186e-18,6.702565556776045e-18,3.1201293765389804e-11,-2.1891060274760775e-15,3.121022268547897e-11,6.603961348650274e-18,6.214024893155834e-08,3.1205798865386876e-11,3.1211516077023056e-11,1.3567965856299787e-14,3.176510001245144e-15,6.6195793094099186e-18,1.3176051094290857e-10,2.3006848364341184e-15,3.121004534303105e-11,-3.4179840226473103e-15,3.121022268764716e-11,-3.670149991518136e-14,3.120389408534068e-11,3.1210880189724716e-11,4.051418528548991e-16,-3.086417255950288e-14,3.1211076140691676e-11,3.121022265007128e-11,9.707468692312505e-16,3.121050914004001e-11,6.738386131100788e-18,3.121118104882668e-11,2.3438786044311513e-14,6.647430184877298e-18,-2.478152814837459e-14,-7.290493208009669e-11,-4.0653507399252446e-14,6.647430184877298e-18,-4.733052145145827e-14
0.999963779239349,0.9999492795459867,0.9999492925741942,0.9999492506112279,0.999949279545992,3.1211516150473696e-11,0.9999544700046433,1.4229874576616977e-14,0.9999488431228244,1.1986620793581316e-12,3.6809370496235626e-11,3.218122592180706e-11,0.9999491792550709,4.488399346668366e-11,-1.060135752699341e-08,9.924139544837928e-13,3.7511928898805506e-11,0.9999492878882132,3.400389554364407e-11,1.1986616853531747e-12,0.9999491970061328,0.999949291553088,1.6670428884357658e-12,3.8382914483527816e-11,1.0936369355338337e-10,3.3605387171365366e-11,0.9999491792550711,0.9999493005569223,1.198661836448623e-12,1.1986624766128716e-12,0.999948886189026,7.057743398758026e-13,0.999949279545992,1.198661943654702e-12,0.9999493564067737,0.9999487389150178,0.9999488431228235,5.840976038887386e-11,3.604398182081529e-10,1.1986629867758532e-12,2.7731417281820165e-11,2.5410460169617037e-12,0.9999492925741926,3.681890039175698e-11,0.9999492795459931,3.400389545055207e-11,0.999949197006133,0.9999490948698524,1.6847468650580353e-12,-6.570887724110203e-11,0.9999492738143773,0.9999492795459931,4.863518299755106e-11,0.9999492935493793,1.198661940258123e-12,0.9999488056146881,3.3803498337627294e-10,1.1986624490518039e-12,3.360538673809208e-11,2.306020870306903e-11,2.306025071477067e-11,1.1986617865721482e-12,3.107069536746117e-11
-5.260823705759506e-07,1.5182368436422488e-14,3.0563414758893314e-11,1.5120448980645747e-14,1.518238766435539e-14,-1.8781742733821547e-15,1.4229874576616977e-14,5.626885153475892e-06,1.4229910636869677e-14,-2.9106848522362387e-13,6.865224963402129e-16,-2.031034613070938e-15,1.8376044940154372e-14,3.879259212496225e-15,3.9274438577710124e-13,-1.1050447985676193e-13,4.268313910551359e-15,1.5246062111127347e-14,-4.50842475180257e-15,-2.9106848534219494e-13,3.647254323445875e-11,3.051750131773897e-11,2.0115001892320215e-12,2.567541322367171e-15,-1.6070529688775396e-14,1.192872112621743e-15,1.837614591839136e-14,1.4863185193277643e-14,-2.9106848533040863e-13,-2.910684848156157e-13,1.9406994267275577e-14,1.544395102461269e-12,1.518238766435539e-14,-2.910684849746664e-13,3.0676990323592944e-11,1.467132800580561e-14,1.4229879247540733e-14,-2.633713373456766e-15,-2.957227416667917e-15,-2.910684841222947e-13,-1.3164511002001388e-17,1.5941602209718444e-12,3.0563414757930385e-11,-2.549564782050531e-16,1.5182360462690895e-14,-4.508432686074135e-15,3.647254323400263e-11,1.3550137570639844e-14,-7.822446671808551e-13,4.2188354255262837e-11,1.496420199917763e-14,1.518225395819445e-14,1.130535171737887e-12,3.073046887901059e-11,-2.910684853647641e-13,1.3972827348705653e-14,-1.3215152353581054e-14,-2.910684847605407e-13,1.1928762994101589e-15,4.0742926474212357e-16,-8.871440133029277e-16,-2.910684853675401e-13,4.348854320995337e-15
0.9999637792393472,0.9999492795459876,0.9999492925741945,0.9999492506112287,0.9999492795459922,3.121151613791335e-11,0.9999488431228244,1.4229910636869677e-14,0.9999544700046442,1.1986620246374435e-12,3.6809370544927057e-11,3.218122583452639e-11,0.9999491792550711,4.4883993559585496e-11,-1.0601357526993107e-08,9.924140331215768e-13,3.7511929111296056e-11,0.9999492878882126,3.4003895622712323e-11,1.198661684452373e-12,0.9999491970061335,0.9999492915530879,1.667042901531621e-12,3.8382914677044956e-11,1.0936369355153419e-10,3.3605387167119694e-11,0.9999491792550708,0.999949300556921,1.1986618648957507e-12,1.198662479042932e-12,0.999948886189026,7.057743487902737e-13,0.9999492795459918,1.198661900753381e-12,0.9999493564067756,0.9999487389150173,0.9999488431228226,5.840976036866726e-11,3.604398182401295e-10,1.1986629380996574e-12,2.773141722323863e-11,2.5410460169617037e-12,0.9999492925741923,3.6818900532191204e-11,0.9999492795459931,3.4003895693993533e-11,0.9999491970061335,0.9999490948698514,1.6847468655253683e-12,-6.57088772271771e-11,0.9999492738143779,0.9999492795459922,4.8635183038963e-11,0.9999492935493804,1.198661872958534e-12,0.9999488056146877,3.3803498337627294e-10,1.1986626307742647e-12,3.36053865994072e-11,2.306020863129407e-11,2.3060250768008106e-11,1.1986618553667744e-12,3.107069537370698e-11
-5.237266342471285e-07,1.1985777344313892e-12,1.1985621894651993e-12,1.1985805286042229e-12,1.1985777338361198e-12,6.765587977741634e-18,1.1986620793581316e-12,-2.9106848522362387e-13,1.1986620246374435e-12,5.626882247720323e-06,-5.260833391138367e-17,1.613925844288275e-17,1.1982950803523548e-12,-4.0401698343726907e-16,-6.490391685653431e-14,-2.188709504454965e-15,-3.161885101233463e-16,1.1985618015680266e-12,4.736160819127288e-16,4.199715678542642e-15,1.198299719982868e-12,1.1985639697767185e-12,-2.1408751709961386e-13,-3.007608513667341e-16,1.401395884898093e-15,-7.709286304401273e-17,1.1982950755049447e-12,1.1986011680218323e-12,4.19971569104741e-15,4.1997160779889595e-15,1.198201823983116e-12,-1.5694278696767326e-13,1.198577679290451e-12,4.1997159525939075e-15,2.3863896373966787e-09,1.1986319349081966e-12,1.1986620423018582e-12,1.9256311765096234e-16,2.0644871423069132e-16,4.199716594628943e-15,-1.2835740667036596e-16,-1.78932729502814e-13,1.1985621871116865e-12,1.673036094722067e-17,1.1985777344313892e-12,4.736128181638444e-16,1.1982997250447276e-12,1.19872760220988e-12,4.695299202958918e-14,-1.9498263991493427e-15,1.1985963272708322e-12,1.198577679290451e-12,-1.2004727739973666e-16,1.198553582488948e-12,4.199715668878312e-15,1.1986862443792422e-12,1.128262734193249e-15,4.199716122206579e-15,-7.709728830392702e-17,1.5819932559003083e-17,1.4665635414706628e-16,4.199715664875208e-15,-3.3288817315035897e-16
-4.528218874105294e-07,3.680999532217712e-11,3.680998387847463e-11,3.680970362210775e-11,3.680999535429424e-11,-1.2808068390200155e-14,3.6809370496235626e-11,6.865224963402129e-16,3.6809370544927057e-11,-5.260833391138367e-17,5.626887521263207e-06,-1.3378730542526458e-14,3.6810830478958184e-11,1.8993868039348414e-15,7.240653554518605e-17,6.741544519537706e-13,1.700839969446866e-14,3.6809288442695415e-11,-8.018940831098744e-15,-5.243786113707611e-17,3.6810755817462154e-11,3.680991560743931e-11,5.270220678796348e-16,6.917043702148638e-16,-4.902172330180368e-15,2.90301725569288e-15,3.6810830637453247e-11,3.6807533485052085e-11,-5.243786113707611e-17,-5.243786113707611e-17,3.681154268091209e-11,4.680427495527063e-16,3.680999536107898e-11,-5.260746354080809e-17,7.329007427197927e-08,3.680929417754629e-11,3.6809370496235626e-11,-6.927149144028275e-16,-1.6171854539396173e-15,-5.265956653779575e-17,-5.860532722605247e-15,5.056966363072755e-16,3.68099839062811e-11,2.7651430626618305e-15,3.6809995316711724e-11,-8.019348348798214e-15,3.681075582596174e-11,3.680879780436341e-11,-1.8826788276097933e-16,7.434534444979033e-15,3.680947202394913e-11,3.6809995361890675e-11,5.848666563724997e-16,3.681008045327451e-11,-5.265956653779575e-17,3.680927566890045e-11,-4.2544350562762845e-15,-5.265956653779575e-17,2.902999414805789e-15,2.2711784340398555e-15,-4.8982851251067245e-15,-5.261882632523299e-17,1.6209289528793552e-14
-4.6204120480381134e-07,3.21797987575268e-11,3.217962509284643e-11,3.2181393186512195e-11,3.217979871630048e-11,1.8067912340783528e-10,3.218122592180706e-11,-2.031034613070938e-15,3.218122583452639e-11,1.613925844288275e-17,-1.3378730542526458e-14,5.627068322748684e-06,3.2173322122133207e-11,1.7511883776322104e-14,7.664637813740057e-16,-2.9861992109247367e-15,-5.6694486897635026e-14,3.218570858076263e-11,-3.47409695952298e-14,1.6146661664089358e-17,3.2173320335607784e-11,3.21798515524212e-11,1.5895581731054165e-15,2.8248240818180064e-14,2.519025624316754e-14,-2.5369295209486075e-14,3.217332207187823e-11,3.21843524810762e-11,1.6091867658960868e-17,1.613195430637628e-17,3.2170545223164736e-11,-2.2908914919034904e-15,3.217979870349946e-11,1.6127951991863003e-17,6.407089310980832e-08,3.217554476527389e-11,3.218122591165961e-11,1.3674084613359394e-14,3.5283509456495647e-15,1.610827606744811e-17,1.340121714907751e-10,2.175440248930906e-15,3.21796251146122e-11,-4.045936914883556e-15,3.217979869523687e-11,-3.47409695952298e-14,3.217332040399865e-11,3.218072586102563e-11,4.440591474820798e-16,-3.245323688138863e-14,3.218076964669237e-11,3.217979872258037e-11,8.205934039780529e-16,3.218006528335617e-11,1.619717896566759e-17,3.21809128630797e-11,2.4316941992655732e-14,1.6091867658960868e-17,-2.5369655996641638e-14,-3.7053248000127675e-14,-3.9393128420021184e-14,1.610827606744811e-17,-5.090871385726802e-14
0.9999641153842794,0.9999496156833213,0.9999496287127173,0.9999495867482768,0.9999496156833271,3.120391319252949e-11,0.9999491792550709,1.8376044940154372e-14,0.9999491792550711,1.1982950803523548e-12,3.6810830478958184e-11,3.2173322122133207e-11,0.9999551422946339,4.4890210681755654e-11,-5.3240861122929984e-12,9.924313872237169e-13,3.7514757945755416e-11,0.999949624025397,3.4007231226009026e-11,1.1982945981263717e-12,0.999949533163699,0.9999496276915518,1.6692379083769698e-12,3.8384403425498666e-11,1.0931464719454263e-10,3.361053682786327e-11,0.9999495154127446,0.9999496366967999,1.1982948899691714e-12,1.198295414775506e-12,0.9999492223523238,7.080935209414081e-13,0.9999496156833273,1.1982950388353201e-12,0.999949692546653,0.9999490750524582,0.9999491792550709,5.839972903153391e-11,7.176408245592371e-07,1.1982959025024208e-12,2.7725391862134214e-11,2.542491890938754e-12,0.9999496287127154,3.6815369607132576e-11,0.9999496156833281,3.400723106662453e-11,0.999949533163699,0.9999494309996151,1.6836954746386685e-12,-1.3070379047871172e-07,0.9999496099513091,0.9999496156833276,9.683735939031423e-08,0.9999496296880012,1.1982949100964956e-12,0.9999491417456844,6.729658557777584e-07,1.1982955135740277e-12,3.361053624061297e-11,2.3066076215981725e-11,2.3071839956859397e-11,1.198294877599004e-12,3.107363915823937e-11
-4.36742436049442e-07,4.488717482850291e-11,4.488721798602291e-11,8.937275136172456e-08,4.488717485429669e-11,1.8004615395028748e-14,4.488399346668366e-11,3.879259212496225e-15,4.4883993559585496e-11,-4.0401698343726907e-16,1.8993868039348414e-15,1.7511883776322104e-14,4.4890210681755654e-11,5.626945819887292e-06,1.4663677691474108e-15,-1.1139608335342991e-15,3.890469883377435e-14,8.93770206315035e-08,-7.974261909720564e-14,-4.0404223972476455e-16,4.488975394026796e-11,4.4887051648398735e-11,5.758773635701926e-15,6.758371115773925e-11,-2.5475500459764583e-14,-7.318283907514609e-15,4.4890210576385795e-11,8.935577340504374e-08,-4.039823227487473e-16,-4.039806263479999e-16,4.489283445556726e-11,1.462190522196319e-15,4.488717487201809e-11,-4.039171867544826e-16,8.936927566143378e-08,4.487897410789554e-11,4.488399351853446e-11,5.448021468269855e-15,-9.110571704445356e-15,-4.0401698343726907e-16,3.3779181900800935e-14,5.881789726564592e-15,4.4887217963807465e-11,9.76495460102618e-15,4.488717477825204e-11,-7.974271207513739e-14,4.488975396292264e-11,4.4879548855108054e-11,-1.0606663565182636e-15,3.979701017670569e-14,8.936878699421558e-08,4.4887174845549505e-11,4.965227565289083e-15,4.488824455362231e-11,-4.040185649056904e-16,4.488283402262844e-11,-1.8671147935249955e-14,-4.039806263479999e-16,-7.318283907514609e-15,-4.5059879289816633e-11,-6.286604286000892e-14,-4.040185649056904e-16,4.044159317649938e-14
-5.36714384322845e-07,-5.324323370826794e-12,-5.324315317671672e-12,-5.3243257504406096e-12,-5.324323375925546e-12,7.882163293751501e-16,-1.060135752699341e-08,3.9274438577710124e-13,-1.0601357526993107e-08,-6.490391685653431e-14,7.240653554518605e-17,7.664637813740057e-16,-5.3240861122929984e-12,1.4663677691474108e-15,5.626882357958238e-06,-1.2455780738119193e-13,1.6525130565314562e-15,-5.324226973510959e-12,-3.4887120940628256e-15,-6.490391695309735e-14,-5.32410670510334e-12,-5.324322677663623e-12,5.282535033263419e-13,1.5143630672421802e-15,-1.6517789170098618e-15,-3.01995896841237e-16,-5.324086090331053e-12,-5.324679309321337e-12,-6.490391694555902e-14,-6.490391651136386e-14,-5.323943261740677e-12,1.5012051173960328e-13,-5.324323341828359e-12,-6.490391664483362e-14,-1.0601167897179015e-08,-5.3246801698932345e-12,-1.060135752699293e-08,1.1800158470394635e-16,-5.434998971268208e-16,-6.490391592657169e-14,1.4675270405374747e-15,5.227696321992303e-13,-5.324315257133746e-12,3.7074521749929533e-16,-5.324323341828359e-12,-3.488702638544456e-15,-5.32410670944502e-12,-5.324694073458698e-12,-1.3680875354811933e-13,2.342475155210099e-15,-5.324414016101385e-12,-5.324323436968449e-12,1.6339341587315311e-16,-5.3242695187223365e-12,-6.490391697591162e-14,-5.324542351087326e-12,-1.2820338220613886e-15,-6.490391646731276e-14,-3.01927394184328e-16,-9.75933225545015e-16,-2.667881102875188e-15,-6.490391697764409e-14,1.7277155734342212e-15
-5.24137083915169e-07,9.923826942547324e-13,9.92381838103338e-13,9.92337716821722e-13,9.923826768630759e-13,-2.9151952712164044e-15,9.924139544837928e-13,-1.1050447985676193e-13,9.924140331215768e-13,-2.188709504454965e-15,6.741544519537706e-13,-2.9861992109247367e-15,9.924313872237169e-13,-1.1139608335342991e-15,-1.2455780738119193e-13,5.626882436106391e-06,9.877262453905051e-16,9.921749719011167e-13,2.3045445268492013e-15,-2.188709597996667e-15,9.924397766364432e-13,9.923781913475497e-13,-3.42929528408033e-13,-1.4198413500994406e-15,8.678143357624888e-17,8.121245356688746e-16,9.924314328426737e-13,9.923800289671621e-13,-2.1887095858185076e-15,-2.188709199215517e-15,9.924408664649516e-13,2.3832372209872607e-14,9.923826768630759e-13,-2.1887093240819585e-15,1.9759472021311327e-09,9.926406719984343e-13,9.924139145046852e-13,-4.266114729642802e-16,6.100020807555873e-17,-2.1887086827233406e-15,-2.5004013236119597e-15,-3.690318506254918e-13,9.923817660251773e-13,-2.179086857149613e-17,9.923826942547324e-13,2.3046184804161035e-15,9.924396986619586e-13,9.925156496880243e-13,5.540330196486901e-15,-3.2128810150036067e-16,9.923898282769734e-13,9.923826940268949e-13,-1.7683196648953798e-16,9.92351528403408e-13,-2.188709608260581e-15,9.924477138377619e-13,-8.481451331131474e-17,-2.1887091552712137e-15,8.121245356688746e-16,1.4028073595226282e-15,2.0884212327997497e-15,-2.1887096120883906e-15,7.913331314816497e-16
-4.514249341829182e-07,3.7516534655485976e-11,3.751591729909676e-11,3.7514813624404395e-11,3.7516534671481446e-11,-5.2951617578207935e-14,3.7511928898805506e-11,4.268313910551359e-15,3.7511929111296056e-11,-3.161885101233463e-16,1.700839969446866e-14,-5.6694486897635026e-14,3.7514757945755416e-11,3.890469883377435e-14,1.6525130565314562e-15,9.877262453905051e-16,5.6271662444613035e-06,3.751440355656028e-11,-1.356556104928796e-13,-3.161876011437801e-16,3.75138740430971e-11,3.751535118539282e-11,7.137870100925343e-15,3.816502848626493e-14,-8.149886366333465e-15,5.332447487737606e-15,3.751475793723636e-11,7.464693110009078e-08,-3.161885101233463e-16,-3.161411207694914e-16,3.7519137332648314e-11,2.1875425424662525e-15,3.751653465356572e-11,-3.1623579092170967e-16,7.46870059944495e-08,3.750367114233611e-11,3.751192909730055e-11,1.143354044639746e-14,-1.1645844785728462e-14,-3.1623516008840816e-16,4.850763287037627e-15,7.875652190886327e-15,3.751591727044248e-11,3.078978446181595e-14,3.751653465356572e-11,-1.3565541878676307e-13,3.7513873964357326e-11,3.7504970979818964e-11,-1.1588468428917876e-15,2.4814192993619598e-14,3.7511366751880696e-11,3.7516534657825385e-11,8.130266459023297e-15,3.7517531844245665e-11,-3.1622158997519644e-16,3.7510760712294106e-11,-5.350423379540744e-15,-3.1623516008840816e-16,5.3330888513794474e-15,-3.024880270443805e-11,-1.0697481787444552e-13,-3.1630083008144923e-16,2.7733676383930813e-10
0.9999642240129978,0.9999497243129407,0.9999497373413395,0.9999496953782417,0.9999497243129458,3.121598826128019e-11,0.9999492878882132,1.5246062111127347e-14,0.9999492878882126,1.1985618015680266e-12,3.6809288442695415e-11,3.218570858076263e-11,0.999949624025397,8.93770206315035e-08,-5.324226973510959e-12,9.921749719011167e-13,3.751440355656028e-11,0.9999553595380158,3.399421180936777e-11,1.1985613756584597e-12,0.9999496417763464,0.9999497363202062,1.6680998012367978e-12,7.643279489943918e-08,2.1773004695329303e-07,3.360438947413215e-11,0.999949624025397,0.9999497453227695,1.1985615404209647e-12,1.1985620724288804e-12,0.9999493309605054,7.062178548558285e-13,0.9999497243129479,1.1985617212470612e-12,0.9999498011737328,0.9999491836796374,0.9999492878882117,1.162962522881006e-07,7.176521202054621e-07,1.198562616943963e-12,2.773693484852583e-11,2.542020121907012e-12,0.9999497373413379,3.68192653241902e-11,0.9999497243129474,3.399421173109544e-11,0.9999496417763455,0.9999495396339118,1.6844815962078654e-12,-1.3080388502097557e-07,0.9999497185808908,0.9999497243129462,9.683686098063363e-08,0.9999497383168052,1.1985617336258779e-12,0.9999492503795818,6.730318351096395e-07,1.1985621878667827e-12,3.360438879242278e-11,2.305715094266453e-11,2.305356753763413e-11,1.1985614931472008e-12,3.1073590627052703e-11
-4.5840312653911825e-07,3.399858413045415e-11,3.399957691773441e-11,3.399908200226659e-11,3.399858411536949e-11,-3.670070618465038e-14,3.400389554364407e-11,-4.50842475180257e-15,3.4003895622712323e-11,4.736160819127288e-16,-8.018940831098744e-15,-3.47409695952298e-14,3.4007231226009026e-11,-7.974261909720564e-14,-3.4887120940628256e-15,2.3045445268492013e-15,-1.356556104928796e-13,3.399421180936777e-11,5.627358250582368e-06,4.735355291797511e-16,3.4008526639374867e-11,3.40001155715442e-11,-1.2826366257189593e-14,-9.127710842232155e-14,-1.0094495867947593e-14,2.3280008109463404e-14,3.4007231207329375e-11,6.775430318810455e-08,4.73621031903725e-16,4.73621031903725e-16,3.400377513776148e-11,-7.823736129612511e-16,3.3998584207284226e-11,4.736160819116207e-16,6.770891036938282e-08,3.4022475202563727e-11,3.4003895496225105e-11,-3.184029161115828e-14,1.3844388060754621e-14,4.736160819250906e-16,-9.099715757434227e-14,-1.4483188018966077e-14,3.39995769082157e-11,-3.8738800575596306e-14,3.399858415129302e-11,4.763924900782323e-10,3.4008526605270527e-11,3.401489233174722e-11,1.2902235138311748e-15,-8.095556868483112e-15,3.40048743064222e-11,3.399858414888577e-11,-1.3227050365318545e-14,3.399667431603717e-11,4.735714559109003e-16,3.4006104428277416e-11,-1.4739946421136703e-14,4.736411735019828e-16,2.3280008109463404e-14,1.345088098182805e-10,4.021811546111593e-10,4.736618556512519e-16,-1.3798978738167147e-13
-5.237266336260284e-07,1.1985772978406088e-12,1.198561734007732e-12,1.198580084847475e-12,1.1985773378876898e-12,6.656617605949407e-18,1.1986616853531747e-12,-2.9106848534219494e-13,1.198661684452373e-12,4.199715678542642e-15,-5.243786113707611e-17,1.6146661664089358e-17,1.1982945981263717e-12,-4.0404223972476455e-16,-6.490391695309735e-14,-2.188709597996667e-15,-3.161876011437801e-16,1.1985613756584597e-12,4.735355291797511e-16,5.626882247720323e-06,1.1982994547577453e-12,1.1985635128655245e-12,-2.1408751719498686e-13,-3.0080278977240497e-16,1.4015020842158299e-15,-7.711506161396415e-17,1.1982945979433796e-12,1.19860076077821e-12,4.199715596997352e-15,4.199715983939628e-15,1.1982013993316666e-12,-1.5694278706179534e-13,1.1985773327393732e-12,4.199715858544315e-15,2.3863887829450777e-09,1.19863149476479e-12,1.1986616853531747e-12,1.9252091429465122e-16,2.0643616770813228e-16,4.199716500579563e-15,-1.2817317910678484e-16,-1.789327296051574e-13,1.198561734007732e-12,1.6757280091851753e-17,1.1985772992348234e-12,4.735031813510691e-16,1.1982994459703833e-12,1.198727134606924e-12,4.695299192996166e-14,-1.9498493301954537e-15,1.1985959604114502e-12,1.1985773006269322e-12,-1.2005714859419328e-16,1.1985532303551263e-12,4.199715574828808e-15,1.1986858869567385e-12,1.128187475016086e-15,4.19971602815724e-15,-7.711506161396415e-17,1.5777788693118804e-17,1.4655639665882738e-16,4.199715570825122e-15,-3.3276825968675694e-16
0.999964133135604,0.9999496334343009,0.999949646463701,0.9999496044992672,0.9999496334343052,3.120389408642919e-11,0.9999491970061328,3.647254323445875e-11,0.9999491970061335,1.198299719982868e-12,3.6810755817462154e-11,3.2173320335607784e-11,0.999949533163699,4.488975394026796e-11,-5.32410670510334e-12,9.924397766364432e-13,3.75138740430971e-11,0.9999496417763464,3.4008526639374867e-11,1.1982994547577453e-12,0.9999551777965665,0.9999496454425418,1.669156479154344e-12,3.838392229417549e-11,1.093148780644072e-10,3.361060264766735e-11,0.9999495331636985,0.9999496544481298,1.1982995262279631e-12,1.1983001620280423e-12,0.9999492401031949,7.080738814359721e-13,0.9999496334343054,1.1982996875165332e-12,0.9999497102977088,0.9999490928036818,0.9999491970061328,5.839962149119878e-11,7.176410839436923e-07,1.1983006501392178e-12,2.772501503238686e-11,2.5424057253475974e-12,0.9999496464636989,3.681515970484136e-11,0.9999496334343062,3.4008526533038466e-11,0.9999495509146635,0.9999494487508186,1.6837088613113397e-12,-1.3070462119746205e-07,0.999949627702365,0.9999496334343062,9.683720472805635e-08,0.9999496474389528,1.1982997183436296e-12,0.9999491594967767,6.729661848552809e-07,1.1983001994303874e-12,3.3610601988568997e-11,2.3066372127078873e-11,2.307287304472605e-11,1.1982996325072546e-12,3.10727507520112e-11
0.9999642276783114,0.9999497279778591,0.9999497410063249,0.9999496990429976,0.999949727977866,3.1210256769136884e-11,0.999949291553088,3.051750131773897e-11,0.9999492915530879,1.1985639697767185e-12,3.680991560743931e-11,3.21798515524212e-11,0.9999496276915518,4.4887051648398735e-11,-5.324322677663623e-12,9.923781913475497e-13,3.751535118539282e-11,0.9999497363202062,3.40001155715442e-11,1.1985635128655245e-12,0.9999496454425418,0.9999553668671214,1.667826080803431e-12,3.8385025858226523e-11,2.1772579106540003e-07,3.36062396572402e-11,0.9999496276915518,0.9999497489882219,1.198563670058509e-12,1.1985642627521812e-12,0.9999493346269201,7.063589410568988e-13,0.9999497279778663,1.1985638597340368e-12,0.9999498048389918,0.9999491873458074,0.9999492915530902,1.1629346605974631e-07,7.176520034681338e-07,1.198564907093809e-12,2.773163051352241e-11,2.541677903338983e-12,0.9999497410063239,3.681881113617524e-11,0.9999497279778672,3.4000115523841915e-11,0.9999496454425424,0.9999495432991746,3.353857031276148e-09,-1.3079908937551383e-07,0.9999497222459053,0.9999497279778663,9.683635735238882e-08,0.9999497419816471,1.1985638333515306e-12,0.9999492540445493,6.730277201342786e-07,1.1985644109281612e-12,3.3606238985877055e-11,2.3060386782956857e-11,2.3059212712670636e-11,1.1985637661725636e-12,3.107418022578307e-11
-5.227927158538087e-07,1.6677983216949335e-12,1.6678581237268726e-12,1.6677652328290815e-12,1.6677982224102573e-12,1.7172774400147251e-15,1.6670428884357658e-12,2.0115001892320215e-12,1.667042901531621e-12,-2.1408751709961386e-13,5.270220678796348e-16,1.5895581731054165e-15,1.6692379083769698e-12,5.758773635701926e-15,5.282535033263419e-13,-3.42929528408033e-13,7.137870100925343e-15,1.6680998012367978e-12,-1.2826366257189593e-14,-2.1408751719498686e-13,1.669156479154344e-12,1.667826080803431e-12,5.6268844970635125e-06,5.609022038181025e-15,-8.71036158621505e-15,-6.129944487207658e-16,1.6692378964029656e-12,1.6664385683192737e-12,-2.1408751718079408e-13,-2.1408751679627091e-13,1.6699447024161143e-12,9.014249469328487e-13,1.66779831573765e-12,-2.1408751692286325e-13,3.320295516703201e-09,1.6664700278204352e-12,1.6670428884357658e-12,-1.4259332489414835e-13,-2.2663415760961394e-15,-2.1408751628384431e-13,4.656405739634515e-15,2.1600935082244964e-12,1.667858088680654e-12,1.347085323414372e-15,1.667798202266894e-12,-1.2826279568478603e-14,1.6691564802164014e-12,1.666190617190003e-12,-5.570970735779297e-13,1.235367812040457e-14,1.6674305658662125e-12,1.6677981983495618e-12,8.655510532993756e-16,1.6680310399205933e-12,-2.1408751720198061e-13,1.6667972910790338e-12,-1.3637076111315538e-11,-2.1408751675209034e-13,-6.129966440597996e-16,-3.0365241076958e-15,-9.254947900572881e-15,-2.1408751720676825e-13,7.365668051752098e-15
-4.4968946438231347e-07,3.8385373833103924e-11,3.8385183334645475e-11,3.838546344602768e-11,3.83853738433732e-11,2.849887590551129e-14,3.8382914483527816e-11,2.567541322367171e-15,3.8382914677044956e-11,-3.007608513667341e-16,6.917043702148638e-16,2.8248240818180064e-14,3.8384403425498666e-11,6.758371115773925e-11,1.5143630672421802e-15,-1.4198413500994406e-15,3.816502848626493e-14,7.643279489943918e-08,-9.127710842232155e-14,-3.0080278977240497e-16,3.838392229417549e-11,3.8385025858226523e-11,5.609022038181025e-15,5.626959057988384e-06,-7.745620991603235e-15,-1.1624976886396028e-14,3.838440341940947e-11,7.640820289621937e-08,-3.0082376829155643e-16,-3.008278446938596e-16,3.83860274079861e-11,5.840070446010171e-16,3.8385373834971246e-11,-3.007608513667341e-16,7.64224446690172e-08,3.8376026842679574e-11,3.8382914317927046e-11,1.070613448667578e-14,-6.85527231278172e-15,-3.007608513667341e-16,4.3777609587863613e-14,6.066994403953736e-15,3.838518333121813e-11,1.1846467376093505e-14,3.838537381601184e-11,-9.127678487122715e-14,3.838392233707721e-11,3.8378474341885113e-11,-7.3573647053229035e-16,1.7538266873117602e-14,3.838325269717878e-11,3.8385373824702774e-11,5.14924768981722e-15,3.838632292239985e-11,-3.0092508373470757e-16,3.838185569082466e-11,-3.4882060803835452e-15,-3.009430311256451e-16,-1.1624976886396028e-14,-2.952731914073745e-14,-7.613378802974112e-14,-3.0083907833620626e-16,4.017928405606847e-14
-3.0838924333914286e-07,2.177301632144186e-07,2.177255849541194e-07,2.1773105106128273e-07,2.1773016321442082e-07,2.417172962679901e-14,1.0936369355338337e-10,-1.6070529688775396e-14,1.0936369355153419e-10,1.401395884898093e-15,-4.902172330180368e-15,2.519025624316754e-14,1.0931464719454263e-10,-2.5475500459764583e-14,-1.6517789170098618e-15,8.678143357624888e-17,-8.149886366333465e-15,2.1773004695329303e-07,-1.0094495867947593e-14,1.4015020842158299e-15,1.093148780644072e-10,2.1772579106540003e-07,-8.71036158621505e-15,-7.745620991603235e-15,5.627258825776037e-06,-1.845986400831531e-14,1.0931464719454263e-10,2.177199820079047e-07,1.4014822265411323e-15,1.4014625514383565e-15,1.0930359160675843e-10,-8.926914598988336e-15,2.177301632144224e-07,1.4013958885750977e-15,2.1772049452337153e-07,2.1772960542062317e-07,1.0936369354897372e-10,7.598939394798619e-11,2.984019809331297e-14,1.4014487849966222e-15,1.9207264545846325e-14,-5.8383528409560436e-15,2.177255849541174e-07,1.3863004324336154e-14,2.177301632144224e-07,-1.00944425887365e-14,1.0931487793060004e-10,1.0936878694957947e-10,4.041524676022138e-15,-2.4592200293176197e-13,2.1773165334627458e-07,2.177301632144215e-07,-8.379022344612355e-12,2.177251335073757e-07,1.4014729846005107e-15,1.0936613733481329e-10,3.124216832933006e-10,1.4015128881241494e-15,-1.845979467006351e-14,-2.0435923523584787e-14,-4.208856169875847e-14,1.401469000698458e-15,-8.951189027831244e-15
-4.5919880774364765e-07,3.360601876642334e-11,3.360626578292725e-11,3.3605650661954856e-11,3.360601876518083e-11,-2.478152814837459e-14,3.3605387171365366e-11,1.192872112621743e-15,3.3605387167119694e-11,-7.709286304401273e-17,2.90301725569288e-15,-2.5369295209486075e-14,3.361053682786327e-11,-7.318283907514609e-15,-3.01995896841237e-16,8.121245356688746e-16,5.332447487737606e-15,3.360438947413215e-11,2.3280008109463404e-14,-7.711506161396415e-17,3.361060264766735e-11,3.36062396572402e-11,-6.129944487207658e-16,-1.1624976886396028e-14,-1.845986400831531e-14,5.62689902312296e-06,3.3610536830111165e-11,3.3607168670499416e-11,-7.717961686732274e-17,-7.711506161396415e-17,3.361165170535348e-11,2.054571238367778e-12,3.360601876518083e-11,-7.71366918918158e-17,6.691325193326098e-08,3.360845314404217e-11,3.3605387171365366e-11,-7.546891557253254e-15,-1.902027253598525e-15,-7.708885552922342e-17,-2.23580322406398e-14,-1.0321611825711974e-15,3.360626578292725e-11,-2.3169148041021717e-15,3.360601877957555e-11,2.3280008109463404e-14,3.361060267407441e-11,3.360586445675428e-11,-2.939399470204076e-16,2.2498687909149952e-14,3.360613048168252e-11,3.36060187955408e-11,-8.068809948564314e-16,3.3606001211709827e-11,-7.714532473841928e-17,3.360543786728823e-11,-1.648637612388895e-14,-7.708765839184979e-17,1.6796769661866563e-11,1.397510454323688e-14,2.4101488565303158e-14,-7.708765839184979e-17,3.902834100021787e-15
0.9999641153842764,0.9999496156833213,0.9999496287127163,0.9999495867482759,0.9999496156833276,3.120391317819291e-11,0.9999491792550711,1.837614591839136e-14,0.9999491792550708,1.1982950755049447e-12,3.6810830637453247e-11,3.217332207187823e-11,0.9999495154127446,4.4890210576385795e-11,-5.324086090331053e-12,9.924314328426737e-13,3.751475793723636e-11,0.999949624025397,3.4007231207329375e-11,1.1982945979433796e-12,0.9999495331636985,0.9999496276915518,1.6692378964029656e-12,3.838440341940947e-11,1.0931464719454263e-10,3.3610536830111165e-11,0.9999551422946366,0.9999496366967999,1.1982948316636282e-12,1.1982953565160307e-12,0.9999492223523242,7.080935244066375e-13,0.9999496156833273,1.198295041549966e-12,0.9999496925466514,0.9999490750524582,0.9999491792550713,5.839972919072229e-11,7.176408245592375e-07,1.1982959733251151e-12,2.772539184336662e-11,2.5424919372839442e-12,0.999949628712715,3.6815369646661366e-11,0.9999496156833281,3.4007231065401764e-11,0.9999495331636985,0.9999494309996155,1.6836955047278358e-12,-1.307037904787111e-07,0.9999496099513091,0.9999496156833276,9.683735939031503e-08,0.9999496296880024,1.198294983430367e-12,0.9999491417456837,6.729658557777603e-07,1.1982955165056991e-12,3.361053620310603e-11,2.3066076232110748e-11,2.3071839950111723e-11,1.198294875765172e-12,3.107363915562276e-11
0.9999642366832386,0.9999497369803759,0.9999497500091746,0.9999497080459596,0.9999497369803813,3.121422207532395e-11,0.9999493005569223,1.4863185193277643e-14,0.999949300556921,1.1986011680218323e-12,3.6807533485052085e-11,3.21843524810762e-11,0.9999496366967999,8.935577340504374e-08,-5.324679309321337e-12,9.923800289671621e-13,7.464693110009078e-08,0.9999497453227695,6.775430318810455e-08,1.19860076077821e-12,0.9999496544481298,0.9999497489882219,1.6664385683192737e-12,7.640820289621937e-08,2.177199820079047e-07,3.3607168670499416e-11,0.9999496366967999,0.9999553848821892,1.1986010506199615e-12,1.19860157725099e-12,0.9999493436311362,7.062116987362993e-13,0.9999497369803817,1.1986011888199018e-12,0.9999498138437833,0.9999491963539285,0.9999493005569225,1.1628600825479814e-07,7.176552012329567e-07,1.1986020069994043e-12,2.7725852018787088e-11,2.540062314925211e-12,0.9999497500091734,3.681280413719198e-11,0.9999497369803817,6.775430305464837e-08,0.9999496544481298,0.99994955230566,1.6846004306744583e-12,-1.3079721502943886e-07,0.9999497312502965,0.9999497369803817,9.683315005098138e-08,0.9999497509838118,1.1986011629130588e-12,0.9999492630488099,6.730218987815667e-07,1.1986017362863992e-12,3.360716798310335e-11,4.592604411104019e-08,4.596067209948402e-08,1.1986009335602138e-12,3.1050248868106e-11
