0.9999999815088277,-6.392363659390537e-06,0.9999726991228899,0.9999726991228951,0.9999726991228913,-6.392363660512411e-06,0.999972699122893,0.9999726991228935,-6.391949154852031e-06,0.9999726991228908,-6.392363657789993e-06,0.9999726991228945,-6.392363660511911e-06,0.9999726991228952,0.9999726991228934,0.9999726991228911,-6.392363658262731e-06,0.9999726991228941,-6.391949155941218e-06,-6.392363658263081e-06,-6.392363660512061e-06,0.9999726991228911,0.9999726991228935,0.9999723922918206,-6.392363658262731e-06,0.9999726991228911,-6.392363660511917e-06,0.9999726991228934,0.999972699122893,-6.39194915484085e-06,0.9999726991228945,-6.392363657581464e-06,0.9999726991228952,0.9999726991228924,0.9999726991228934,-6.392363657172097e-06,-6.391949155941218e-06,0.9999726991228922,0.9999726991228952,0.999972699122893,-6.392363657172005e-06,0.9999726991228935,0.9999726991228911,0.9999726991228928,0.9999726991228922,-6.391949156441777e-06,0.9999726991228943,-6.392363657172097e-06
-6.392363659390537e-06,-1.0142258296127792e-06,-2.0736186044104713e-10,-2.0736186045644996e-10,-2.0736186046096365e-10,1.694804071450105e-13,-2.073618604829174e-10,-2.0736186045761799e-10,8.525943863760514e-17,-2.0736186044993048e-10,1.694804071294487e-13,-2.0736186045471375e-10,1.6948040709196915e-13,-2.073618604624347e-10,-2.073618604568763e-10,-2.073618604348486e-10,1.694804069453894e-13,-2.0736186045535598e-10,8.515729072864112e-17,1.6948040690731125e-13,1.6948040724772806e-13,-2.073618604568763e-10,-2.0736186045535598e-10,-4.122377568571861e-07,1.6948040701609047e-13,-2.073618604348486e-10,1.6948040720632947e-13,-2.0736186044993048e-10,-2.0736186044780674e-10,8.513209404952798e-17,-2.0736186044993048e-10,1.6948040699023247e-13,-2.0736186047624653e-10,-2.0736186045471375e-10,-2.0736186044780674e-10,1.6948040696312032e-13,8.512220122726835e-17,-2.0736186044993048e-10,-2.07361860423887e-10,-2.0736186045707026e-10,1.694804068783247e-13,-2.0736186044993048e-10,-2.073618604346793e-10,-2.07361860423887e-10,-2.0736186044780674e-10,8.513209404952798e-17,-2.0736186044993048e-10,1.6948040691725428e-13
0.9999726991228899,-2.0736186044104713e-10,0.9999693689907929,0.9999703832162324,0.9999703832162319,-2.0736186166567616e-10,0.9999703832162333,0.9999703832162328,-2.071533608668921e-10,0.9999703832162339,-2.0736186155103094e-10,0.9999703832162337,-2.073618612816707e-10,0.9999703832162324,0.9999703832162328,0.9999703832162324,-2.0736186077412492e-10,0.999970383216232,-2.0715336170124877e-10,-2.073618610695696e-10,-2.0736186162263289e-10,0.9999703832162324,0.9999703832162322,0.9999700763876888,-2.073618610287554e-10,0.999970383216232,-2.0736186166852003e-10,0.9999703832162324,0.9999703832162306,-2.0715336094611006e-10,0.999970383216232,-2.0736186092936876e-10,0.999970383216232,0.9999703832162335,0.9999703832162324,-2.0736186086242405e-10,-2.0715336144234388e-10,0.9999703832162335,0.9999703832162328,0.9999703832162328,-2.073618608570829e-10,0.9999703832162322,0.9999703832162342,0.999970383216232,0.9999703832162337,-2.071533614050325e-10,0.9999703832162317,-2.0736186103699878e-10
0.9999726991228951,-2.0736186045644996e-10,0.9999703832162324,0.9999693689907917,0.9999703832162306,-2.0736186168752117e-10,0.9999703832162319,0.9999703832162306,-2.0715336083098963e-10,0.9999703832162319,-2.0736186161892743e-10,0.999970383216232,-2.0736186123800595e-10,0.9999703832162308,0.9999703832162313,0.9999703832162306,-2.0736186077511826e-10,0.9999703832162308,-2.071533616994017e-10,-2.0736186104442712e-10,-2.0736186164106053e-10,0.9999703832162303,0.9999703832162308,0.9999700763876876,-2.0736186109431969e-10,0.9999703832162306,-2.0736186168205441e-10,0.9999703832162314,0.9999703832162297,-2.0715336096264837e-10,0.9999703832162297,-2.073618609147291e-10,0.9999703832162314,0.9999703832162324,0.9999703832162308,-2.0736186086242405e-10,-2.071533614505318e-10,0.9999703832162317,0.9999703832162308,0.9999703832162314,-2.0736186084958434e-10,0.9999703832162308,0.9999703832162319,0.9999703832162303,0.9999703832162314,-2.071533614105733e-10,0.9999703832162297,-2.0736186101781908e-10
0.9999726991228913,-2.0736186046096365e-10,0.9999703832162319,0.9999703832162306,0.9999693689907917,-2.0736186163905744e-10,0.9999703832162306,0.9999703832162306,-2.0715336084664332e-10,0.9999703832162322,-2.0736186150754673e-10,0.9999703832162308,-2.0736186127064432e-10,0.9999703832162306,0.9999703832162311,0.9999703832162306,-2.073618607698046e-10,0.9999703832162297,-2.0715336179493287e-10,-2.0736186104197453e-10,-2.0736186157708036e-10,0.9999703832162306,0.9999703832162308,0.9999700763876859,-2.07361861148957e-10,0.9999703832162308,-2.0736186163294294e-10,0.9999703832162309,0.9999703832162289,-2.0715336097606385e-10,0.9999703832162298,-2.0736186099184046e-10,0.9999703832162311,0.9999703832162314,0.9999703832162306,-2.0736186088380196e-10,-2.0715336146125343e-10,0.9999703832162313,0.9999703832162314,0.9999703832162311,-2.0736186085350353e-10,0.9999703832162308,0.9999703832162308,0.9999703832162306,0.9999703832162313,-2.0715336136124205e-10,0.9999703832162298,-2.0736186102482119e-10
-6.392363660512411e-06,1.694804071450105e-13,-2.0736186166567616e-10,-2.0736186168752117e-10,-2.0736186163905744e-10,-1.0142258296127792e-06,-2.0736186159986138e-10,-2.0736186164306032e-10,8.517115241981302e-17,-2.073618616526269e-10,1.6948040953823522e-13,-2.0736186163939718e-10,1.6948040950075585e-13,-2.0736186164711723e-10,-2.073618616960766e-10,-2.0736186160195684e-10,1.6948040935417582e-13,-2.0736186165202313e-10,8.51539473139193e-17,1.6948040931609785e-13,1.6948040965651443e-13,-2.0736186160195684e-10,-2.073618616470688e-10,-4.122377591415916e-07,1.69480409424877e-13,-2.0736186165202313e-10,1.6948040961511597e-13,-2.0736186167502705e-10,-2.0736186164711723e-10,8.518313136337068e-17,-2.0736186169726743e-10,1.694804093990191e-13,-2.0736186160195684e-10,-2.0736186167843116e-10,-2.0736186163939718e-10,1.6948040937190674e-13,8.520178686552453e-17,-2.073618616526269e-10,-2.073618616526269e-10,-2.0736186168686212e-10,1.6948040928711106e-13,-2.073618616526269e-10,-2.0736186166540696e-10,-2.0736186168943199e-10,-2.0736186165721687e-10,8.515729072864112e-17,-2.0736186162931035e-10,1.6948040932604058e-13
0.999972699122893,-2.073618604829174e-10,0.9999703832162333,0.9999703832162319,0.9999703832162306,-2.0736186159986138e-10,0.9999693689907939,0.9999703832162319,-2.071533609067337e-10,0.9999703832162337,-2.0736186156808467e-10,0.9999703832162324,-2.0736186128665102e-10,0.9999703832162306,0.9999703832162317,0.9999703832162319,-2.073618607698046e-10,0.9999703832162319,-2.0715336171763432e-10,-2.073618610695696e-10,-2.0736186165037676e-10,0.999970383216232,0.9999703832162314,0.9999700763876882,-2.0736186110113338e-10,0.9999703832162309,-2.0736186168052945e-10,0.9999703832162311,0.9999703832162306,-2.071533610224877e-10,0.9999703832162303,-2.07361860978265e-10,0.999970383216232,0.9999703832162319,0.9999703832162319,-2.0736186084977927e-10,-2.071533614602147e-10,0.9999703832162324,0.9999703832162322,0.9999703832162311,-2.0736186082238887e-10,0.9999703832162314,0.9999703832162324,0.9999703832162314,0.999970383216233,-2.0715336134622102e-10,0.9999703832162306,-2.0736186101935288e-10
0.9999726991228935,-2.0736186045761799e-10,0.9999703832162328,0.9999703832162306,0.9999703832162306,-2.0736186164306032e-10,0.9999703832162319,0.9999693689907907,-2.0715336083844353e-10,0.9999703832162328,-2.0736186159690672e-10,0.9999703832162317,-2.073618612312656e-10,0.9999703832162302,0.9999703832162311,0.9999703832162306,-2.0736186077511826e-10,0.9999703832162311,-2.0715336180074767e-10,-2.0736186105628398e-10,-2.0736186159729136e-10,0.9999703832162308,0.9999703832162308,0.9999700763876865,-2.0736186113102456e-10,0.9999703832162306,-2.0736186163294294e-10,0.9999703832162308,0.9999703832162292,-2.0715336097558054e-10,0.9999703832162306,-2.0736186096869742e-10,0.9999703832162324,0.999970383216232,0.9999703832162308,-2.073618608013852e-10,-2.0715336146622988e-10,0.9999703832162309,0.9999703832162322,0.9999703832162314,-2.0736186085417967e-10,0.9999703832162308,0.9999703832162317,0.9999703832162308,0.9999703832162328,-2.0715336141862447e-10,0.9999703832162298,-2.0736186102342573e-10
-6.391949154852031e-06,8.525943863760514e-17,-2.071533608668921e-10,-2.0715336083098963e-10,-2.0715336084664332e-10,8.517115241981302e-17,-2.071533609067337e-10,-2.0715336083844353e-10,-1.0142258324317686e-06,-2.0715336083391325e-10,8.515494278430893e-17,-2.0715336087316537e-10,8.517007940505577e-17,-2.0715336079672827e-10,-2.071533608900521e-10,-2.0715336089372854e-10,8.515500953178687e-17,-2.071533608544494e-10,1.69082499709051e-13,8.514369876061183e-17,8.514369876061183e-17,-2.0715336086741233e-10,-2.0715336089666107e-10,-4.1182325729838594e-07,8.51006967685496e-17,-2.071533608544494e-10,8.517836435613391e-17,-2.0715336083098963e-10,-2.0715336084664332e-10,1.6908249909455618e-13,-2.071533608544494e-10,8.520178686552453e-17,-2.0715336082240556e-10,-2.0715336089083522e-10,-2.071533608668921e-10,8.514369876061183e-17,1.6908249940161127e-13,-2.0715336089902746e-10,-2.0715336086741233e-10,-2.0715336089902746e-10,8.520178686552453e-17,-2.071533608189086e-10,-2.0715336083239152e-10,-2.0715336082240556e-10,-2.0715336088423747e-10,1.6908249938450609e-13,-2.0715336083003082e-10,8.511754530534543e-17
0.9999726991228908,-2.0736186044993048e-10,0.9999703832162339,0.9999703832162319,0.9999703832162322,-2.073618616526269e-10,0.9999703832162337,0.9999703832162328,-2.0715336083391325e-10,0.9999693689907929,-2.0736186154059068e-10,0.9999703832162333,-2.0736186128594106e-10,0.9999703832162324,0.9999703832162328,0.9999703832162324,-2.0736186080995257e-10,0.9999703832162314,-2.0715336170804143e-10,-2.0736186104442712e-10,-2.0736186164106053e-10,0.9999703832162324,0.9999703832162328,0.9999700763876884,-2.0736186114080918e-10,0.9999703832162326,-2.073618616645614e-10,0.9999703832162328,0.9999703832162314,-2.0715336096600567e-10,0.9999703832162324,-2.0736186096869742e-10,0.999970383216233,0.999970383216233,0.9999703832162324,-2.0736186083017235e-10,-2.071533614634964e-10,0.9999703832162335,0.9999703832162328,0.9999703832162324,-2.073618608214207e-10,0.9999703832162328,0.9999703832162342,0.9999703832162319,0.999970383216233,-2.0715336140344933e-10,0.9999703832162324,-2.0736186102723257e-10
-6.392363657789993e-06,1.694804071294487e-13,-2.0736186155103094e-10,-2.0736186161892743e-10,-2.0736186150754673e-10,1.6948040953823522e-13,-2.0736186156808467e-10,-2.0736186159690672e-10,8.515494278430893e-17,-2.0736186154059068e-10,-1.0142258296127792e-06,-2.0736186155103094e-10,1.6948040948519398e-13,-2.0736186160544157e-10,-2.073618615418886e-10,-2.0736186161892743e-10,1.69480409338614e-13,-2.073618615525091e-10,8.515494278430893e-17,1.6948040930053593e-13,1.6948040964095281e-13,-2.073618615935971e-10,-2.0736186153776638e-10,-4.1223775899219e-07,1.6948040940931503e-13,-2.073618615525091e-10,1.6948040959955413e-13,-2.0736186161892743e-10,-2.0736186157800952e-10,8.517954723997972e-17,-2.0736186158968284e-10,1.6948040938345728e-13,-2.0736186154059068e-10,-2.073618615935971e-10,-2.073618615935971e-10,1.694804093563449e-13,8.516374211883706e-17,-2.0736186156986817e-10,-2.0736186160949532e-10,-2.0736186150754673e-10,1.6948040927154935e-13,-2.073618615587424e-10,-2.0736186155943833e-10,-2.073618615587424e-10,-2.0736186156962594e-10,8.517007940505577e-17,-2.073618615418886e-10,1.694804093104788e-13
0.9999726991228945,-2.0736186045471375e-10,0.9999703832162337,0.999970383216232,0.9999703832162308,-2.0736186163939718e-10,0.9999703832162324,0.9999703832162317,-2.0715336087316537e-10,0.9999703832162333,-2.0736186155103094e-10,0.9999693689907934,-2.073618612468722e-10,0.9999703832162314,0.9999703832162319,0.9999703832162311,-2.0736186074666751e-10,0.9999703832162308,-2.071533617781636e-10,-2.0736186105628398e-10,-2.0736186164439857e-10,0.9999703832162308,0.9999703832162319,0.9999700763876882,-2.0736186114080918e-10,0.9999703832162311,-2.0736186169414596e-10,0.9999703832162314,0.9999703832162308,-2.071533609727753e-10,0.9999703832162308,-2.0736186093581676e-10,0.999970383216232,0.999970383216232,0.9999703832162311,-2.0736186084231423e-10,-2.071533614509445e-10,0.9999703832162328,0.9999703832162328,0.9999703832162319,-2.0736186084958434e-10,0.9999703832162319,0.9999703832162319,0.9999703832162308,0.9999703832162337,-2.0715336134966356e-10,0.9999703832162306,-2.0736186103699878e-10
-6.392363660511911e-06,1.6948040709196915e-13,-2.073618612816707e-10,-2.0736186123800595e-10,-2.0736186127064432e-10,1.6948040950075585e-13,-2.0736186128665102e-10,-2.073618612312656e-10,8.517007940505577e-17,-2.0736186128594106e-10,1.6948040948519398e-13,-2.073618612468722e-10,-1.0142258296127792e-06,-2.0736186124093585e-10,-2.0736186123441658e-10,-2.0736186123800595e-10,1.694804093011347e-13,-2.0736186124613005e-10,8.518091939669623e-17,1.6948040926305679e-13,1.6948040960347316e-13,-2.07361861260824e-10,-2.0736186124518009e-10,-4.122377584796721e-07,1.694804093718358e-13,-2.0736186124613005e-10,1.694804095620747e-13,-2.073618612816707e-10,-2.07361861260824e-10,8.520178686552453e-17,-2.0736186125589078e-10,1.6948040934597775e-13,-2.0736186125589078e-10,-2.0736186127356975e-10,-2.0736186125589078e-10,1.6948040931886555e-13,8.516928264764491e-17,-2.073618612891825e-10,-2.073618612891825e-10,-2.0736186118210922e-10,1.6948040923406987e-13,-2.073618612891825e-10,-2.07361861260824e-10,-2.073618612891825e-10,-2.07361861260824e-10,8.511754530534543e-17,-2.0736186128594106e-10,1.6948040927299939e-13
0.9999726991228952,-2.073618604624347e-10,0.9999703832162324,0.9999703832162308,0.9999703832162306,-2.0736186164711723e-10,0.9999703832162306,0.9999703832162302,-2.0715336079672827e-10,0.9999703832162324,-2.0736186160544157e-10,0.9999703832162314,-2.0736186124093585e-10,0.9999693689907948,0.9999703832162308,0.9999703832162309,-2.0736186077508044e-10,0.9999703832162302,-2.0715336168653132e-10,-2.0736186107366372e-10,-2.073618616452596e-10,0.9999703832162309,0.9999703832162306,0.9999700763876865,-2.0736186113102456e-10,0.9999703832162308,-2.073618616645071e-10,0.9999703832162308,0.9999703832162289,-2.0715336098468116e-10,0.9999703832162292,-2.073618609992468e-10,0.9999703832162314,0.9999703832162311,0.9999703832162309,-2.0736186088380196e-10,-2.0715336146252543e-10,0.999970383216232,0.9999703832162319,0.9999703832162308,-2.0736186084383614e-10,0.9999703832162306,0.9999703832162311,0.9999703832162308,0.999970383216232,-2.0715336134966356e-10,0.9999703832162292,-2.0736186097363923e-10
0.9999726991228934,-2.073618604568763e-10,0.9999703832162328,0.9999703832162313,0.9999703832162311,-2.073618616960766e-10,0.9999703832162317,0.9999703832162311,-2.071533608900521e-10,0.9999703832162328,-2.073618615418886e-10,0.9999703832162319,-2.0736186123441658e-10,0.9999703832162308,0.999969368990792,0.9999703832162311,-2.0736186077561878e-10,0.9999703832162306,-2.0715336173765333e-10,-2.0736186103023878e-10,-2.0736186163297324e-10,0.9999703832162311,0.9999703832162309,0.9999700763876875,-2.0736186113839916e-10,0.9999703832162314,-2.073618616824548e-10,0.9999703832162314,0.9999703832162306,-2.071533609835771e-10,0.9999703832162303,-2.0736186095535404e-10,0.9999703832162319,0.9999703832162317,0.9999703832162317,-2.0736186085637658e-10,-2.0715336146824215e-10,0.999970383216232,0.9999703832162324,0.9999703832162314,-2.0736186085022502e-10,0.9999703832162309,0.9999703832162319,0.9999703832162311,0.999970383216233,-2.0715336139086721e-10,0.9999703832162303,-2.0736186103699878e-10
0.9999726991228911,-2.073618604348486e-10,0.9999703832162324,0.9999703832162306,0.9999703832162306,-2.0736186160195684e-10,0.9999703832162319,0.9999703832162306,-2.0715336089372854e-10,0.9999703832162324,-2.0736186161892743e-10,0.9999703832162311,-2.0736186123800595e-10,0.9999703832162309,0.9999703832162311,0.999969368990792,-2.0736186078505653e-10,0.9999703832162303,-2.071533617992683e-10,-2.073618610398726e-10,-2.0736186165257954e-10,0.9999703832162314,0.9999703832162311,0.9999700763876862,-2.0736186108880766e-10,0.9999703832162308,-2.073618616390325e-10,0.9999703832162311,0.9999703832162298,-2.0715336095536177e-10,0.9999703832162306,-2.0736186098554174e-10,0.9999703832162314,0.9999703832162314,0.9999703832162314,-2.0736186086242405e-10,-2.0715336144737802e-10,0.9999703832162314,0.9999703832162313,0.9999703832162311,-2.0736186081228243e-10,0.9999703832162311,0.9999703832162311,0.9999703832162306,0.9999703832162317,-2.0715336140344933e-10,0.9999703832162298,-2.0736186102723257e-10
-6.392363658262731e-06,1.694804069453894e-13,-2.0736186077412492e-10,-2.0736186077511826e-10,-2.073618607698046e-10,1.6948040935417582e-13,-2.073618607698046e-10,-2.0736186077511826e-10,8.515500953178687e-17,-2.0736186080995257e-10,1.69480409338614e-13,-2.0736186074666751e-10,1.694804093011347e-13,-2.0736186077508044e-10,-2.0736186077561878e-10,-2.0736186078505653e-10,-1.0142258296127792e-06,-2.0736186077617897e-10,8.516374211883706e-17,1.6948040911647648e-13,1.6948040945689321e-13,-2.0736186075465976e-10,-2.0736186079991357e-10,-4.1223775743392773e-07,1.6948040922525578e-13,-2.0736186080000166e-10,1.6948040941549463e-13,-2.073618607609434e-10,-2.073618607605721e-10,8.517007940505577e-17,-2.0736186077873464e-10,1.6948040919939786e-13,-2.0736186077511826e-10,-2.0736186077751605e-10,-2.0736186074581552e-10,1.6948040917228558e-13,8.521962958212278e-17,-2.073618607847932e-10,-2.0736186076655958e-10,-2.0736186076655958e-10,1.6948040908749005e-13,-2.0736186077320393e-10,-2.0736186077511826e-10,-2.0736186076300157e-10,-2.0736186077511826e-10,8.518091939669623e-17,-2.073618607698046e-10,1.6948040912641944e-13
0.9999726991228941,-2.0736186045535598e-10,0.999970383216232,0.9999703832162308,0.9999703832162297,-2.0736186165202313e-10,0.9999703832162319,0.9999703832162311,-2.071533608544494e-10,0.9999703832162314,-2.073618615525091e-10,0.9999703832162308,-2.0736186124613005e-10,0.9999703832162302,0.9999703832162306,0.9999703832162303,-2.0736186077617897e-10,0.9999693689907907,-2.0715336173809378e-10,-2.0736186104442712e-10,-2.0736186157708036e-10,0.9999703832162303,0.9999703832162308,0.9999700763876873,-2.0736186112213883e-10,0.9999703832162298,-2.073618616784253e-10,0.9999703832162306,0.9999703832162292,-2.0715336093804376e-10,0.9999703832162298,-2.0736186096869742e-10,0.9999703832162309,0.9999703832162311,0.9999703832162306,-2.07361860837267e-10,-2.0715336142157299e-10,0.9999703832162313,0.9999703832162319,0.99997038321623,-2.0736186082704483e-10,0.9999703832162308,0.9999703832162311,0.9999703832162306,0.999970383216232,-2.0715336142962616e-10,0.9999703832162297,-2.0736186100005654e-10
-6.391949155941218e-06,8.515729072864112e-17,-2.0715336170124877e-10,-2.071533616994017e-10,-2.0715336179493287e-10,8.51539473139193e-17,-2.0715336171763432e-10,-2.0715336180074767e-10,1.69082499709051e-13,-2.0715336170804143e-10,8.515494278430893e-17,-2.071533617781636e-10,8.518091939669623e-17,-2.0715336168653132e-10,-2.0715336173765333e-10,-2.071533617992683e-10,8.516374211883706e-17,-2.0715336173809378e-10,-1.0142258324317686e-06,8.518091939669623e-17,8.518091939669623e-17,-2.0715336170804143e-10,-2.0715336170804143e-10,-4.118232591105578e-07,8.520333212148239e-17,-2.0715336178781757e-10,8.519766226344546e-17,-2.0715336171729383e-10,-2.0715336171995208e-10,1.6908249967596742e-13,-2.0715336174134509e-10,8.512220122726835e-17,-2.0715336176574575e-10,-2.0715336179726464e-10,-2.0715336178255564e-10,8.515494278430893e-17,1.6908249998302263e-13,-2.0715336176531492e-10,-2.0715336170763132e-10,-2.0715336178446994e-10,8.511754530534543e-17,-2.0715336171729383e-10,-2.0715336171910838e-10,-2.0715336179027073e-10,-2.0715336172634944e-10,1.690824999659173e-13,-2.0715336172870572e-10,8.518313136337068e-17
-6.392363658263081e-06,1.6948040690731125e-13,-2.073618610695696e-10,-2.0736186104442712e-10,-2.0736186104197453e-10,1.6948040931609785e-13,-2.073618610695696e-10,-2.0736186105628398e-10,8.514369876061183e-17,-2.0736186104442712e-10,1.6948040930053593e-13,-2.0736186105628398e-10,1.6948040926305679e-13,-2.0736186107366372e-10,-2.0736186103023878e-10,-2.073618610398726e-10,1.6948040911647648e-13,-2.0736186104442712e-10,8.518091939669623e-17,-1.0142258296127792e-06,1.6948040941881544e-13,-2.073618610695696e-10,-2.0736186100919546e-10,-4.122377579223671e-07,1.6948040918717786e-13,-2.0736186099829958e-10,1.694804093774167e-13,-2.0736186101067255e-10,-2.0736186103023878e-10,8.515951305083878e-17,-2.0736186100919546e-10,1.6948040916131983e-13,-2.0736186104442712e-10,-2.073618610477768e-10,-2.0736186107366372e-10,1.6948040913420765e-13,8.515311739185548e-17,-2.0736186099723663e-10,-2.0736186103728354e-10,-2.073618610302277e-10,1.6948040904941197e-13,-2.0736186105628398e-10,-2.0736186103728354e-10,-2.073618610023534e-10,-2.073618610302277e-10,8.511754530534543e-17,-2.0736186099723663e-10,1.6948040908834144e-13
-6.392363660512061e-06,1.6948040724772806e-13,-2.0736186162263289e-10,-2.0736186164106053e-10,-2.0736186157708036e-10,1.6948040965651443e-13,-2.0736186165037676e-10,-2.0736186159729136e-10,8.514369876061183e-17,-2.0736186164106053e-10,1.6948040964095281e-13,-2.0736186164439857e-10,1.6948040960347316e-13,-2.073618616452596e-10,-2.0736186163297324e-10,-2.0736186165257954e-10,1.6948040945689321e-13,-2.0736186157708036e-10,8.518091939669623e-17,1.6948040941881544e-13,-1.0142258296127792e-06,-2.0736186164691508e-10,-2.0736186165888537e-10,-4.122377590924389e-07,1.6948040952759436e-13,-2.073618616730188e-10,1.694804097178335e-13,-2.073618616540945e-10,-2.0736186164594958e-10,8.520178686552453e-17,-2.0736186160979763e-10,1.6948040950173664e-13,-2.073618616452596e-10,-2.0736186158691063e-10,-2.073618616600524e-10,1.6948040947462433e-13,8.514369876061183e-17,-2.0736186163648974e-10,-2.073618616540945e-10,-2.0736186166019642e-10,1.694804093898287e-13,-2.0736186164917515e-10,-2.0736186164210622e-10,-2.0736186161750677e-10,-2.0736186162073288e-10,8.51699214232266e-17,-2.0736186165257954e-10,1.694804094287581e-13
0.9999726991228911,-2.073618604568763e-10,0.9999703832162324,0.9999703832162303,0.9999703832162306,-2.0736186160195684e-10,0.999970383216232,0.9999703832162308,-2.0715336086741233e-10,0.9999703832162324,-2.073618615935971e-10,0.9999703832162308,-2.07361861260824e-10,0.9999703832162309,0.9999703832162311,0.9999703832162314,-2.0736186075465976e-10,0.9999703832162303,-2.0715336170804143e-10,-2.073618610695696e-10,-2.0736186164691508e-10,0.999969368990792,0.9999703832162309,0.9999700763876865,-2.0736186108797092e-10,0.9999703832162308,-2.0736186162723643e-10,0.9999703832162308,0.9999703832162298,-2.0715336096264837e-10,0.9999703832162308,-2.0736186095562194e-10,0.9999703832162314,0.9999703832162314,0.9999703832162314,-2.0736186088380196e-10,-2.071533614602147e-10,0.9999703832162314,0.9999703832162313,0.9999703832162311,-2.0736186085164004e-10,0.9999703832162311,0.9999703832162317,0.9999703832162306,0.9999703832162314,-2.071533614050325e-10,0.9999703832162308,-2.0736186097686386e-10
0.9999726991228935,-2.0736186045535598e-10,0.9999703832162322,0.9999703832162308,0.9999703832162308,-2.073618616470688e-10,0.9999703832162314,0.9999703832162308,-2.0715336089666107e-10,0.9999703832162328,-2.0736186153776638e-10,0.9999703832162319,-2.0736186124518009e-10,0.9999703832162306,0.9999703832162309,0.9999703832162311,-2.0736186079991357e-10,0.9999703832162308,-2.0715336170804143e-10,-2.0736186100919546e-10,-2.0736186165888537e-10,0.9999703832162309,0.999969368990789,0.9999700763876873,-2.073618610939967e-10,0.9999703832162309,-2.0736186166916996e-10,0.9999703832162313,0.9999703832162297,-2.0715336099254307e-10,0.9999703832162308,-2.0736186101846115e-10,0.9999703832162306,0.9999703832162319,0.9999703832162311,-2.0736186083077405e-10,-2.0715336146125343e-10,0.9999703832162313,0.9999703832162311,0.9999703832162308,-2.0736186086279367e-10,0.9999703832162298,0.9999703832162314,0.9999703832162308,0.9999703832162317,-2.0715336139086721e-10,0.9999703832162306,-2.0736186100745055e-10
0.9999723922918206,-4.122377568571861e-07,0.9999700763876888,0.9999700763876876,0.9999700763876859,-4.122377591415916e-07,0.9999700763876882,0.9999700763876865,-4.1182325729838594e-07,0.9999700763876884,-4.1223775899219e-07,0.9999700763876882,-4.122377584796721e-07,0.9999700763876865,0.9999700763876875,0.9999700763876862,-4.1223775743392773e-07,0.9999700763876873,-4.118232591105578e-07,-4.122377579223671e-07,-4.122377590924389e-07,0.9999700763876865,0.9999700763876873,0.9999687553338014,-4.122377580160189e-07,0.9999700763876862,-4.1223775908083655e-07,0.9999700763876865,0.999970076387686,-4.1182325758451e-07,0.9999700763876864,-4.1223775779586e-07,0.9999700763876879,0.9999700763876881,0.9999700763876865,-4.1223775755583594e-07,-4.1182325852001497e-07,0.9999700763876881,0.9999700763876884,0.9999700763876875,-4.1223775755889754e-07,0.9999700763876873,0.9999700763876879,0.9999700763876864,0.999970076387689,-4.1182325837354206e-07,0.9999700763876859,-4.1223775789203444e-07
-6.392363658262731e-06,1.6948040701609047e-13,-2.073618610287554e-10,-2.0736186109431969e-10,-2.07361861148957e-10,1.69480409424877e-13,-2.0736186110113338e-10,-2.0736186113102456e-10,8.51006967685496e-17,-2.0736186114080918e-10,1.6948040940931503e-13,-2.0736186114080918e-10,1.694804093718358e-13,-2.0736186113102456e-10,-2.0736186113839916e-10,-2.0736186108880766e-10,1.6948040922525578e-13,-2.0736186112213883e-10,8.520333212148239e-17,1.6948040918717786e-13,1.6948040952759436e-13,-2.0736186108797092e-10,-2.073618610939967e-10,-4.122377580160189e-07,-1.0142258296127792e-06,-2.0736186114080918e-10,1.694804094861959e-13,-2.0736186112213883e-10,-2.073618610913215e-10,8.521178629272231e-17,-2.0736186103765807e-10,1.6948040927009898e-13,-2.073618610479221e-10,-2.0736186098798603e-10,-2.0736186108621073e-10,1.6948040924298683e-13,8.51006967685496e-17,-2.0736186110114558e-10,-2.0736186108795608e-10,-2.0736186108956412e-10,1.6948040915819117e-13,-2.0736186109628538e-10,-2.073618610913215e-10,-2.0736186109431969e-10,-2.073618611319625e-10,8.517079914667093e-17,-2.0736186098798603e-10,1.6948040919712066e-13
0.9999726991228911,-2.073618604348486e-10,0.999970383216232,0.9999703832162306,0.9999703832162308,-2.0736186165202313e-10,0.9999703832162309,0.9999703832162306,-2.071533608544494e-10,0.9999703832162326,-2.073618615525091e-10,0.9999703832162311,-2.0736186124613005e-10,0.9999703832162308,0.9999703832162314,0.9999703832162308,-2.0736186080000166e-10,0.9999703832162298,-2.0715336178781757e-10,-2.0736186099829958e-10,-2.073618616730188e-10,0.9999703832162308,0.9999703832162309,0.9999700763876862,-2.0736186114080918e-10,0.9999693689907917,-2.0736186168952065e-10,0.9999703832162311,0.9999703832162298,-2.0715336096778504e-10,0.99997038321623,-2.073618609992468e-10,0.9999703832162311,0.9999703832162317,0.9999703832162308,-2.0736186083139133e-10,-2.071533614602147e-10,0.9999703832162317,0.9999703832162314,0.9999703832162311,-2.073618608603866e-10,0.9999703832162309,0.9999703832162308,0.9999703832162306,0.9999703832162319,-2.0715336138908523e-10,0.99997038321623,-2.0736186102312658e-10
-6.392363660511917e-06,1.6948040720632947e-13,-2.0736186166852003e-10,-2.0736186168205441e-10,-2.0736186163294294e-10,1.6948040961511597e-13,-2.0736186168052945e-10,-2.0736186163294294e-10,8.517836435613391e-17,-2.073618616645614e-10,1.6948040959955413e-13,-2.0736186169414596e-10,1.694804095620747e-13,-2.073618616645071e-10,-2.073618616824548e-10,-2.073618616390325e-10,1.6948040941549463e-13,-2.073618616784253e-10,8.519766226344546e-17,1.694804093774167e-13,1.694804097178335e-13,-2.0736186162723643e-10,-2.0736186166916996e-10,-4.1223775908083655e-07,1.694804094861959e-13,-2.0736186168952065e-10,-1.0142258296127792e-06,-2.073618616824548e-10,-2.0736186165989008e-10,8.51539473139193e-17,-2.0736186168052945e-10,1.6948040946033772e-13,-2.0736186163294294e-10,-2.0736186168205441e-10,-2.07361861636012e-10,1.694804094332257e-13,8.51006967685496e-17,-2.0736186164426948e-10,-2.073618616645614e-10,-2.0736186170186606e-10,1.6948040934843016e-13,-2.0736186170830817e-10,-2.0736186168700235e-10,-2.0736186168205441e-10,-2.0736186166916996e-10,8.51006967685496e-17,-2.0736186166221384e-10,1.694804093873596e-13
0.9999726991228934,-2.0736186044993048e-10,0.9999703832162324,0.9999703832162314,0.9999703832162309,-2.0736186167502705e-10,0.9999703832162311,0.9999703832162308,-2.0715336083098963e-10,0.9999703832162328,-2.0736186161892743e-10,0.9999703832162314,-2.073618612816707e-10,0.9999703832162308,0.9999703832162314,0.9999703832162311,-2.073618607609434e-10,0.9999703832162306,-2.0715336171729383e-10,-2.0736186101067255e-10,-2.073618616540945e-10,0.9999703832162308,0.9999703832162313,0.9999700763876865,-2.0736186112213883e-10,0.9999703832162311,-2.073618616824548e-10,0.9999693689907942,0.9999703832162298,-2.0715336096264837e-10,0.9999703832162306,-2.0736186094418946e-10,0.9999703832162311,0.9999703832162319,0.9999703832162309,-2.07361860843266e-10,-2.0715336144234388e-10,0.9999703832162326,0.9999703832162319,0.9999703832162311,-2.0736186086985464e-10,0.9999703832162313,0.9999703832162314,0.9999703832162308,0.999970383216232,-2.0715336142413683e-10,0.9999703832162306,-2.0736186098310334e-10
0.999972699122893,-2.0736186044780674e-10,0.9999703832162306,0.9999703832162297,0.9999703832162289,-2.0736186164711723e-10,0.9999703832162306,0.9999703832162292,-2.0715336084664332e-10,0.9999703832162314,-2.0736186157800952e-10,0.9999703832162308,-2.07361861260824e-10,0.9999703832162289,0.9999703832162306,0.9999703832162298,-2.073618607605721e-10,0.9999703832162292,-2.0715336171995208e-10,-2.0736186103023878e-10,-2.0736186164594958e-10,0.9999703832162298,0.9999703832162297,0.999970076387686,-2.073618610913215e-10,0.9999703832162298,-2.0736186165989008e-10,0.9999703832162298,0.9999693689907895,-2.0715336097558054e-10,0.9999703832162289,-2.0736186093532823e-10,0.9999703832162298,0.9999703832162298,0.99997038321623,-2.0736186081100611e-10,-2.07153361443467e-10,0.9999703832162308,0.9999703832162298,0.9999703832162298,-2.0736186084768917e-10,0.9999703832162294,0.9999703832162303,0.9999703832162289,0.9999703832162298,-2.071533614191687e-10,0.9999703832162289,-2.0736186101935288e-10
-6.39194915484085e-06,8.513209404952798e-17,-2.0715336094611006e-10,-2.0715336096264837e-10,-2.0715336097606385e-10,8.518313136337068e-17,-2.071533610224877e-10,-2.0715336097558054e-10,1.6908249909455618e-13,-2.0715336096600567e-10,8.517954723997972e-17,-2.071533609727753e-10,8.520178686552453e-17,-2.0715336098468116e-10,-2.071533609835771e-10,-2.0715336095536177e-10,8.517007940505577e-17,-2.0715336093804376e-10,1.6908249967596742e-13,8.515951305083878e-17,8.520178686552453e-17,-2.0715336096264837e-10,-2.0715336099254307e-10,-4.1182325758451e-07,8.521178629272231e-17,-2.0715336096778504e-10,8.51539473139193e-17,-2.0715336096264837e-10,-2.0715336097558054e-10,-1.0142258324317686e-06,-2.0715336098468116e-10,8.519063013841714e-17,-2.0715336095440557e-10,-2.0715336097057217e-10,-2.0715336098427545e-10,8.519073852667603e-17,1.6908249936852763e-13,-2.0715336095440557e-10,-2.0715336097537225e-10,-2.071533609727753e-10,8.522301475544368e-17,-2.071533610129761e-10,-2.071533609760456e-10,-2.0715336099309097e-10,-2.071533610224877e-10,1.6908249935142242e-13,-2.0715336095440557e-10,8.518091939669623e-17
0.9999726991228945,-2.0736186044993048e-10,0.999970383216232,0.9999703832162297,0.9999703832162298,-2.0736186169726743e-10,0.9999703832162303,0.9999703832162306,-2.071533608544494e-10,0.9999703832162324,-2.0736186158968284e-10,0.9999703832162308,-2.0736186125589078e-10,0.9999703832162292,0.9999703832162303,0.9999703832162306,-2.0736186077873464e-10,0.9999703832162298,-2.0715336174134509e-10,-2.0736186100919546e-10,-2.0736186160979763e-10,0.9999703832162308,0.9999703832162308,0.9999700763876864,-2.0736186103765807e-10,0.99997038321623,-2.0736186168052945e-10,0.9999703832162306,0.9999703832162289,-2.0715336098468116e-10,0.9999693689907923,-2.0736186091816723e-10,0.9999703832162314,0.9999703832162311,0.9999703832162308,-2.07361860856371e-10,-2.071533614427158e-10,0.9999703832162306,0.9999703832162314,0.9999703832162306,-2.0736186087748587e-10,0.9999703832162308,0.9999703832162308,0.9999703832162308,0.9999703832162319,-2.071533613742661e-10,0.9999703832162287,-2.0736186100568374e-10
-6.392363657581464e-06,1.6948040699023247e-13,-2.0736186092936876e-10,-2.073618609147291e-10,-2.0736186099184046e-10,1.694804093990191e-13,-2.07361860978265e-10,-2.0736186096869742e-10,8.520178686552453e-17,-2.0736186096869742e-10,1.6948040938345728e-13,-2.0736186093581676e-10,1.6948040934597775e-13,-2.073618609992468e-10,-2.0736186095535404e-10,-2.0736186098554174e-10,1.6948040919939786e-13,-2.0736186096869742e-10,8.512220122726835e-17,1.6948040916131983e-13,1.6948040950173664e-13,-2.0736186095562194e-10,-2.0736186101846115e-10,-4.1223775779586e-07,1.6948040927009898e-13,-2.073618609992468e-10,1.6948040946033772e-13,-2.0736186094418946e-10,-2.0736186093532823e-10,8.519063013841714e-17,-2.0736186091816723e-10,-1.0142258296127792e-06,-2.0736186087563045e-10,-2.0736186094389702e-10,-2.0736186093581676e-10,1.6948040921712877e-13,8.525943863760514e-17,-2.0736186098970605e-10,-2.0736186096869742e-10,-2.07361860974768e-10,1.694804091323332e-13,-2.0736186099502216e-10,-2.0736186102439322e-10,-2.0736186092624015e-10,-2.0736186098877671e-10,8.515951305083878e-17,-2.073618609992468e-10,1.6948040917126266e-13
0.9999726991228952,-2.0736186047624653e-10,0.999970383216232,0.9999703832162314,0.9999703832162311,-2.0736186160195684e-10,0.999970383216232,0.9999703832162324,-2.0715336082240556e-10,0.999970383216233,-2.0736186154059068e-10,0.999970383216232,-2.0736186125589078e-10,0.9999703832162314,0.9999703832162319,0.9999703832162314,-2.0736186077511826e-10,0.9999703832162309,-2.0715336176574575e-10,-2.0736186104442712e-10,-2.073618616452596e-10,0.9999703832162314,0.9999703832162306,0.9999700763876879,-2.073618610479221e-10,0.9999703832162311,-2.0736186163294294e-10,0.9999703832162311,0.9999703832162298,-2.0715336095440557e-10,0.9999703832162314,-2.0736186087563045e-10,0.999969368990792,0.9999703832162328,0.9999703832162319,-2.073618608013852e-10,-2.0715336145994116e-10,0.9999703832162322,0.9999703832162319,0.9999703832162317,-2.0736186087748587e-10,0.9999703832162306,0.999970383216232,0.9999703832162311,0.9999703832162324,-2.071533614688569e-10,0.9999703832162314,-2.073618609795824e-10
0.9999726991228924,-2.0736186045471375e-10,0.9999703832162335,0.9999703832162324,0.9999703832162314,-2.0736186167843116e-10,0.9999703832162319,0.999970383216232,-2.0715336089083522e-10,0.999970383216233,-2.073618615935971e-10,0.999970383216232,-2.0736186127356975e-10,0.9999703832162311,0.9999703832162317,0.9999703832162314,-2.0736186077751605e-10,0.9999703832162311,-2.0715336179726464e-10,-2.073618610477768e-10,-2.0736186158691063e-10,0.9999703832162314,0.9999703832162319,0.9999700763876881,-2.0736186098798603e-10,0.9999703832162317,-2.0736186168205441e-10,0.9999703832162319,0.9999703832162298,-2.0715336097057217e-10,0.9999703832162311,-2.0736186094389702e-10,0.9999703832162328,0.9999693689907929,0.9999703832162317,-2.073618608013852e-10,-2.0715336145064688e-10,0.9999703832162328,0.9999703832162324,0.9999703832162319,-2.0736186087748587e-10,0.9999703832162319,0.9999703832162319,0.9999703832162313,0.999970383216233,-2.0715336142043248e-10,0.9999703832162311,-2.0736186103403556e-10
0.9999726991228934,-2.0736186044780674e-10,0.9999703832162324,0.9999703832162308,0.9999703832162306,-2.0736186163939718e-10,0.9999703832162319,0.9999703832162308,-2.071533608668921e-10,0.9999703832162324,-2.073618615935971e-10,0.9999703832162311,-2.0736186125589078e-10,0.9999703832162309,0.9999703832162317,0.9999703832162314,-2.0736186074581552e-10,0.9999703832162306,-2.0715336178255564e-10,-2.0736186107366372e-10,-2.073618616600524e-10,0.9999703832162314,0.9999703832162311,0.9999700763876865,-2.0736186108621073e-10,0.9999703832162308,-2.07361861636012e-10,0.9999703832162309,0.99997038321623,-2.0715336098427545e-10,0.9999703832162308,-2.0736186093581676e-10,0.9999703832162319,0.9999703832162317,0.999969368990792,-2.0736186086623732e-10,-2.0715336147135357e-10,0.9999703832162314,0.9999703832162314,0.9999703832162311,-2.0736186080144e-10,0.9999703832162311,0.9999703832162317,0.9999703832162308,0.9999703832162317,-2.071533614043141e-10,0.9999703832162308,-2.0736186101542925e-10
-6.392363657172097e-06,1.6948040696312032e-13,-2.0736186086242405e-10,-2.0736186086242405e-10,-2.0736186088380196e-10,1.6948040937190674e-13,-2.0736186084977927e-10,-2.073618608013852e-10,8.514369876061183e-17,-2.0736186083017235e-10,1.694804093563449e-13,-2.0736186084231423e-10,1.6948040931886555e-13,-2.0736186088380196e-10,-2.0736186085637658e-10,-2.0736186086242405e-10,1.6948040917228558e-13,-2.07361860837267e-10,8.515494278430893e-17,1.6948040913420765e-13,1.6948040947462433e-13,-2.0736186088380196e-10,-2.0736186083077405e-10,-4.1223775755583594e-07,1.6948040924298683e-13,-2.0736186083139133e-10,1.694804094332257e-13,-2.07361860843266e-10,-2.0736186081100611e-10,8.519073852667603e-17,-2.07361860856371e-10,1.6948040921712877e-13,-2.073618608013852e-10,-2.073618608013852e-10,-2.0736186086623732e-10,-1.0142258296127792e-06,8.522301475544368e-17,-2.073618608255921e-10,-2.0736186084231423e-10,-2.073618607907837e-10,1.6948040910522107e-13,-2.0736186083077405e-10,-2.07361860856371e-10,-2.0736186078054255e-10,-2.073618608298727e-10,8.511754530534543e-17,-2.0736186078113406e-10,1.6948040914415046e-13
-6.391949155941218e-06,8.512220122726835e-17,-2.0715336144234388e-10,-2.071533614505318e-10,-2.0715336146125343e-10,8.520178686552453e-17,-2.071533614602147e-10,-2.0715336146622988e-10,1.6908249940161127e-13,-2.071533614634964e-10,8.516374211883706e-17,-2.071533614509445e-10,8.516928264764491e-17,-2.0715336146252543e-10,-2.0715336146824215e-10,-2.0715336144737802e-10,8.521962958212278e-17,-2.0715336142157299e-10,1.6908249998302263e-13,8.515311739185548e-17,8.514369876061183e-17,-2.071533614602147e-10,-2.0715336146125343e-10,-4.1182325852001497e-07,8.51006967685496e-17,-2.071533614602147e-10,8.51006967685496e-17,-2.0715336144234388e-10,-2.07153361443467e-10,1.6908249936852763e-13,-2.071533614427158e-10,8.525943863760514e-17,-2.0715336145994116e-10,-2.0715336145064688e-10,-2.0715336147135357e-10,8.522301475544368e-17,-1.0142258324317686e-06,-2.0715336146871724e-10,-2.071533614505318e-10,-2.0715336145239187e-10,8.511970122752541e-17,-2.0715336143195674e-10,-2.0715336143578087e-10,-2.071533614111232e-10,-2.0715336144912989e-10,1.690824996584776e-13,-2.0715336145896765e-10,8.515494278430893e-17
0.9999726991228922,-2.0736186044993048e-10,0.9999703832162335,0.9999703832162317,0.9999703832162313,-2.073618616526269e-10,0.9999703832162324,0.9999703832162309,-2.0715336089902746e-10,0.9999703832162335,-2.0736186156986817e-10,0.9999703832162328,-2.073618612891825e-10,0.999970383216232,0.999970383216232,0.9999703832162314,-2.073618607847932e-10,0.9999703832162313,-2.0715336176531492e-10,-2.0736186099723663e-10,-2.0736186163648974e-10,0.9999703832162314,0.9999703832162313,0.9999700763876881,-2.0736186110114558e-10,0.9999703832162317,-2.0736186164426948e-10,0.9999703832162326,0.9999703832162308,-2.0715336095440557e-10,0.9999703832162306,-2.0736186098970605e-10,0.9999703832162322,0.9999703832162328,0.9999703832162314,-2.073618608255921e-10,-2.0715336146871724e-10,0.9999693689907926,0.9999703832162319,0.9999703832162313,-2.0736186084383614e-10,0.9999703832162313,0.9999703832162326,0.9999703832162314,0.9999703832162328,-2.071533613459653e-10,0.9999703832162308,-2.0736186101896333e-10
