1.0000000024612319,4.984091615466524e-07,1.0000057514174365,4.9413686051851e-07,5.058758666185887e-07,4.934403714780394e-07,1.0000056983562324,1.0000056983562318,1.000005751417435,4.953396972332492e-07,1.0000056983562304,1.0000057514174354,1.000005751417436,1.000005698356231,4.934331770405648e-07,1.0000057906510773,1.000005698356231,4.968407753497991e-07,4.939195915320559e-07,1.0000057514174343,4.978878369405524e-07,1.0000056983562298,1.0000057514174372,4.937900954332007e-07,4.939195898073316e-07,1.0000057514174354,4.94460389494647e-07,1.0000057514174354,1.0000057514174343,1.0000057514174343,1.000005751417435,1.0000057514174343,1.000005698356231,4.936228876328228e-07,1.0000057514174336,1.0000058312498836,1.000005698356231,1.00000569835623,4.967912033361341e-07,1.000005751417436,4.960998728783561e-07,1.0000056983562307,1.0000056983562298,4.93514729644085e-07,1.0000056983562293,1.0000057514174343,4.96099869968817e-07,1.0000057514174365,4.950242940899273e-07,1.0000057514174359,4.937900972833205e-07,4.967912032538015e-07,4.94814907961951e-07,1.0000057938530862,1.0000055455347745,4.950242941592261e-07,4.948149084118603e-07,4.957586557240831e-07,4.950242913349619e-07,1.0000057514174354,1.0000057514174345,4.955672613853083e-07,4.959569569458902e-07,4.934331757365778e-07,1.0000057514174343
4.984091615466524e-07,-6.769948637419329e-07,1.2249025232655023e-11,-4.161895093499195e-20,2.350302754947881e-19,3.2958103690964234e-19,1.2249024627942116e-11,1.2249024638504264e-11,1.224902527110305e-11,3.603144149552993e-16,1.22490246356717e-11,1.2249025156737405e-11,1.2249025293138707e-11,1.2249024640579118e-11,7.758806360728469e-20,1.2249025798003312e-11,1.2249024631029791e-11,3.948644768195129e-16,4.0737148478056625e-19,1.2249025305275297e-11,2.383196983444236e-19,1.2249024633819075e-11,1.2249025197668117e-11,4.9892030066843046e-20,4.0737148478056625e-19,1.2249025326935965e-11,3.3599183157675834e-16,1.2249025293138707e-11,1.2249025214385812e-11,1.2249025293138698e-11,1.2249025161688338e-11,1.2249025156737405e-11,1.2249024634515663e-11,9.151347204157725e-20,1.224902523428285e-11,2.4392191371417326e-08,1.2249024626037084e-11,1.2249024660436569e-11,4.0053130531518295e-16,1.2249025326935965e-11,3.8140523127141367e-16,1.2249024628887204e-11,1.2249024636423398e-11,4.793458895028553e-19,1.2249024595338654e-11,1.2249025293138707e-11,3.814052773352456e-16,1.2249025198221456e-11,7.154397088786783e-21,1.2249025197668117e-11,4.773800261285907e-19,4.0053127159752926e-16,1.5827420448027282e-19,2.439219040998894e-08,2.4392184028761682e-08,6.536025450003246e-19,1.931905382126229e-19,1.3519220676755265e-19,7.154397088786783e-21,1.224902523428285e-11,1.2249025211558692e-11,3.665703935932728e-16,3.774290554439035e-16,1.8011901592472039e-19,1.2249025293138698e-11
1.0000057514174365,1.2249025232655023e-11,1.0000066824618083,1.0103599322539592e-11,1.599858797473638e-11,9.753842079753806e-12,1.0000073063953607,1.000007306395361,1.0000073594566765,1.0707629838896895e-11,1.000007306395359,1.0000073594566765,1.0000073594566765,1.000007306395359,9.750230239202436e-12,1.000007398690397,1.0000073063953598,1.1461425787726219e-11,9.994491269658903e-12,1.0000073594566756,1.1987230197507927e-11,1.000007306395359,1.0000073594566763,9.929465309450044e-12,9.994491794124542e-12,1.0000073594566763,1.026606708676639e-11,1.0000073594566765,1.0000073594566763,1.0000073594566756,1.0000073594566765,1.0000073594566756,1.0000073063953598,9.845494484810714e-12,1.0000073594566765,1.0000074392892864,1.0000073063953598,1.00000730639536,1.1436531281384928e-11,1.0000073594566765,1.1089366676446168e-11,1.0000073063953587,1.0000073063953583,9.791182984583482e-12,1.00000730639536,1.000007359456676,1.108936635644176e-11,1.0000073594566756,1.0549243067183328e-11,1.0000073594566765,9.929465207792746e-12,1.1436532236697363e-11,1.0444096251442793e-11,1.0000074018924092,1.0000071535735855,1.0549242657488244e-11,1.0444095032737465e-11,1.091801896403436e-11,1.054924250541952e-11,1.0000073594566765,1.0000073594566765,1.0821903994779466e-11,1.101759994782447e-11,9.750228316558823e-12,1.0000073594566758
4.9413686051851e-07,-4.161895093499195e-20,1.0103599322539592e-11,-6.769948636648453e-07,-3.1698761038910244e-19,2.1826179246374964e-16,1.0103598788791967e-11,1.0103598802146387e-11,1.010359936680493e-11,2.364811736262215e-19,1.010359879134095e-11,1.0103599403868562e-11,1.0103599403868562e-11,1.0103598818097087e-11,-2.95996328006188e-19,2.0119880348277064e-08,1.0103598828614406e-11,-1.5203490174890452e-19,-3.3000815128700246e-19,1.0103599373177382e-11,3.22620817474215e-16,1.0103598814062842e-11,1.0103599349062012e-11,-3.3226589405399252e-19,-1.00455478751927e-18,1.0103599373055417e-11,1.5356321764034211e-19,1.0103599338300281e-11,1.0103599373055417e-11,1.0103599373055417e-11,1.0103599354414764e-11,1.0103599373177382e-11,1.0103598796033448e-11,-1.4010526149258177e-19,1.0103599347011805e-11,1.0103600202600252e-11,1.0103598804993886e-11,1.0103598792548957e-11,4.822692732108808e-20,1.0103599347011805e-11,-1.908008282917407e-19,1.010359880777362e-11,1.0103598848156076e-11,-5.982550129988306e-19,1.0103598821849077e-11,1.0103599347011766e-11,8.906890077756385e-20,1.0103599373055417e-11,9.398403261108594e-19,1.0103599373177382e-11,3.942424204640797e-19,3.475043500580117e-19,9.681369817154288e-20,1.0103599813513024e-11,2.011987508434724e-08,9.398403261108594e-19,9.681369817156175e-20,-2.6646572771699975e-20,9.398403261108594e-19,1.0103599403868562e-11,1.0103599351773111e-11,-2.9822919140773496e-20,7.948489997584593e-20,-2.95996328006188e-19,1.0103599373055417e-11
5.058758666185887e-07,2.350302754947881e-19,1.599858797473638e-11,-3.1698761038910244e-19,-6.769948651441989e-07,1.3244038270693883e-18,3.1858908014272596e-08,3.1858908014272596e-08,1.599858803766594e-11,2.5758961170626224e-19,3.185890801427259e-08,1.5998588039485604e-11,1.5998588023699573e-11,3.185890801427255e-08,6.32371546758258e-19,1.5998588748265393e-11,3.185890801427261e-08,2.440198433951205e-19,-1.3683723969335507e-19,1.599858800226628e-11,1.8461741557527442e-19,3.1858908014272576e-08,1.5998587990876468e-11,6.281732747925592e-19,-8.815503133320806e-19,1.599858803222742e-11,-1.0824375654182122e-19,1.5998588021874658e-11,1.5998588012783048e-11,1.5998587988924357e-11,1.5998588014706262e-11,1.5998588014706262e-11,3.185890801427261e-08,7.358406526777367e-19,1.5998588037672017e-11,1.5998589377666527e-11,3.18589080142726e-08,3.185890801427259e-08,3.9393069177680393e-19,1.599858796157928e-11,-1.2186574531608637e-20,3.185890801427259e-08,3.1858908014272616e-08,-2.2438590785077525e-20,3.1858908014272655e-08,1.5998588059708325e-11,4.979778177686348e-19,1.5998588037672017e-11,6.598529733127193e-19,1.5998588039659303e-11,3.38702345659967e-19,5.75225343316074e-20,5.29727188331892e-19,1.599858877086871e-11,3.185890284011776e-08,6.598529733127193e-19,5.29727188331892e-19,1.0216417485126903e-19,8.107613614280513e-20,1.599858797473638e-11,1.5998588039659303e-11,6.939122316150586e-19,2.171790259410191e-19,6.32371546758258e-19,1.599858803222742e-11
4.934403714780394e-07,3.2958103690964234e-19,9.753842079753806e-12,2.1826179246374964e-16,1.3244038270693883e-18,-6.769948625657424e-07,9.753841524956918e-12,9.753841537117211e-12,9.753842088397616e-12,7.857062301461535e-20,9.753841541515212e-12,9.753842015936938e-12,9.753842072739487e-12,9.753841523729684e-12,3.1789766849184984e-19,9.753842583976602e-12,9.753841522407972e-12,7.237928196875452e-20,4.440478811545602e-19,9.753842037792782e-12,3.1032858811934797e-16,9.75384154215176e-12,9.753842045388914e-12,8.46425031629886e-20,4.440478811545602e-19,9.753842083251245e-12,7.4775952355555e-20,9.753842063401298e-12,9.753842073702069e-12,9.75384208940773e-12,9.753842053810241e-12,9.753842038670317e-12,9.753841513561374e-12,9.032755788083028e-19,9.753842035848394e-12,9.753842847280224e-12,9.753841513561374e-12,9.753841521845126e-12,1.4545116867696142e-20,9.753842053810241e-12,-2.2899438220378555e-20,9.753841514231414e-12,9.753841464581287e-12,-3.050775892275086e-20,9.75384154215176e-12,9.753842029032813e-12,1.0756694607518893e-19,9.753842035848394e-12,5.568426819592921e-19,9.753842053810235e-12,6.722426945588851e-19,-4.9380324862942724e-20,-1.5050001572812607e-19,9.753842501026543e-12,1.9423383307142555e-08,7.398726566529655e-19,-1.5050001572812607e-19,-4.054956972396719e-19,5.568426819592921e-19,9.753842068911806e-12,9.753842072739487e-12,-1.817639888416119e-19,1.0603845957681027e-19,-3.5338249813183005e-19,9.753842029032813e-12
1.0000056983562324,1.2249024627942116e-11,1.0000073063953607,1.0103598788791967e-11,3.1858908014272596e-08,9.753841524956918e-12,1.0000065763391845,1.0000072533340496,1.000007306395362,1.0707629194449829e-11,1.0000072533340483,1.0000073063953616,1.0000073063953618,1.0000072533340474,9.750229749473188e-12,1.0000073456290803,1.0000072533340478,1.1461425160118326e-11,9.994490690034343e-12,1.0000073063953618,1.1987229549289585e-11,1.0000072533340478,1.000007306395361,9.929464775729078e-12,9.994491221396822e-12,1.0000073063953616,1.0266066526699595e-11,1.0000073063953618,1.0000073063953618,1.0000073063953618,1.0000073063953618,1.0000073063953618,1.0000072533340483,9.845493853539393e-12,1.000007306395361,1.000007386227968,1.0000072533340485,1.000007253334049,1.1436530635477701e-11,1.0000073063953618,1.1089366036553512e-11,1.0000072533340483,1.000007253334049,9.791182427566515e-12,1.000007253334049,1.0000073063953616,1.1089365722593821e-11,1.0000073063953607,1.0549242474095237e-11,1.000007306395362,9.929464700109709e-12,1.1436531613826265e-11,1.0444095612230462e-11,1.0000073488310934,1.0000071005122833,1.0549242085540702e-11,1.0444094457609913e-11,1.0918018375455728e-11,1.0549241883566708e-11,1.0000073063953618,1.0000073063953618,1.082190337851675e-11,1.1017599278363813e-11,9.75022779619545e-12,1.0000073063953618
1.0000056983562318,1.2249024638504264e-11,1.000007306395361,1.0103598802146387e-11,3.1858908014272596e-08,9.753841537117211e-12,1.0000072533340496,1.0000065763391845,1.0000073063953618,1.0707629198610404e-11,1.0000072533340485,1.0000073063953618,1.0000073063953605,1.0000072533340478,9.750229767275063e-12,1.00000734562908,1.0000072533340476,1.1461425195555005e-11,9.994490725451152e-12,1.0000073063953612,1.198722953966452e-11,1.0000072533340474,1.0000073063953607,9.929464770852116e-12,9.994491221873895e-12,1.000007306395361,1.0266066474992958e-11,1.0000073063953616,1.0000073063953618,1.0000073063953607,1.0000073063953618,1.000007306395361,1.0000072533340476,9.845493816006588e-12,1.0000073063953605,1.000007386227967,1.0000072533340476,1.0000072533340483,1.14365306396919e-11,1.0000073063953607,1.1089366028807755e-11,1.000007253334047,1.0000072533340478,9.791182438687951e-12,1.0000072533340483,1.0000073063953616,1.1089365745210403e-11,1.0000073063953605,1.0549242445617893e-11,1.0000073063953612,9.929464693288686e-12,1.1436531635192479e-11,1.0444095593216658e-11,1.000007348831094,1.0000071005122824,1.0549242067146745e-11,1.044409446422857e-11,1.09180184259304e-11,1.0549241868323497e-11,1.0000073063953618,1.0000073063953618,1.0821903410306452e-11,1.1017599313870024e-11,9.75022782669585e-12,1.0000073063953618
1.000005751417435,1.224902527110305e-11,1.0000073594566765,1.010359936680493e-11,1.599858803766594e-11,9.753842088397616e-12,1.000007306395362,1.0000073063953618,1.0000066824618072,1.0707629804929369e-11,1.0000073063953607,1.0000073594566774,1.0000073594566772,1.0000073063953587,9.750230212369042e-12,1.0000073986903981,1.0000073063953605,1.1461425846546234e-11,9.99449124860392e-12,1.0000073594566774,1.19872301534399e-11,1.0000073063953605,1.0000073594566774,9.929465328971277e-12,9.994491792820225e-12,1.0000073594566778,1.0266067073402352e-11,1.0000073594566774,1.0000073594566778,1.0000073594566772,1.0000073594566785,1.0000073594566772,1.0000073063953612,9.845494397668871e-12,1.0000073594566763,1.000007439289287,1.00000730639536,1.0000073063953598,1.143653125786309e-11,1.0000073594566774,1.1089366685459724e-11,1.0000073063953605,1.0000073063953605,9.79118298741913e-12,1.0000073063953607,1.0000073594566772,1.1089366338010544e-11,1.0000073594566765,1.0549243105256307e-11,1.0000073594566774,9.929465214597632e-12,1.1436532226066012e-11,1.0444096199864662e-11,1.0000074018924108,1.000007153573587,1.0549242651489209e-11,1.0444095083558895e-11,1.0918018917777497e-11,1.0549242522223463e-11,1.000007359456678,1.0000073594566772,1.0821903906009055e-11,1.1017599927816713e-11,9.750228330763483e-12,1.0000073594566778
4.953396972332492e-07,3.603144149552993e-16,1.0707629838896895e-11,2.364811736262215e-19,2.5758961170626224e-19,7.857062301461535e-20,1.0707629194449829e-11,1.0707629198610404e-11,1.0707629804929369e-11,-6.769948631823705e-07,1.0707629179992082e-11,1.0707629756602282e-11,1.0707629821164651e-11,1.0707629217355879e-11,-2.92657695028167e-19,1.0707630208391072e-11,1.0707629152437684e-11,3.2914876233605366e-16,8.273259706558554e-21,1.070762984215555e-11,1.5333903131049825e-19,1.0707629187778575e-11,1.0707629813427823e-11,4.1896060402210545e-19,-1.5487702136078021e-19,1.0707629775205854e-11,1.3716608451954608e-19,1.0707629796994062e-11,1.0707629767539868e-11,1.0707629790080978e-11,1.0707629785840285e-11,1.070762978691438e-11,1.0707629208057674e-11,2.380134008223671e-19,1.0707629823127428e-11,1.0707630786419139e-11,1.0707629152437684e-11,1.0707629209990449e-11,3.347850663867473e-16,1.0707629804006483e-11,3.178395461304871e-16,1.0707629187778575e-11,1.0707629228836515e-11,3.54379698174834e-19,1.0707629186048467e-11,1.070762977882002e-11,3.1783959174611914e-16,1.0707629828355426e-11,1.6124907079520968e-19,1.0707629752230219e-11,4.834916354259451e-19,3.3478503040741394e-16,4.2300089568617317e-19,1.0707630227077775e-11,2.132271527403558e-08,1.5564356418050756e-19,4.2300089568617317e-19,3.9748573796479914e-19,1.5358614794007807e-19,1.0707629775205854e-11,1.0707629775205854e-11,3.57921424958741e-19,-5.007284440829354e-19,2.269637011582939e-19,1.0707629825316305e-11
1.0000056983562304,1.22490246356717e-11,1.000007306395359,1.010359879134095e-11,3.185890801427259e-08,9.753841541515212e-12,1.0000072533340483,1.0000072533340485,1.0000073063953607,1.0707629179992082e-11,1.0000065763391774,1.0000073063953605,1.0000073063953605,1.0000072533340454,9.750229767275063e-12,1.000007345629079,1.000007253334047,1.1461425168294386e-11,9.994490706743823e-12,1.0000073063953592,1.1987229531435546e-11,1.0000072533340467,1.0000073063953605,9.929464729367887e-12,9.994491181335379e-12,1.0000073063953605,1.0266066485479695e-11,1.000007306395361,1.00000730639536,1.0000073063953598,1.000007306395361,1.0000073063953598,1.000007253334047,9.845493864970741e-12,1.0000073063953598,1.0000073862279661,1.0000072533340474,1.000007253334047,1.1436530624404433e-11,1.0000073063953605,1.1089366040130144e-11,1.0000072533340474,1.000007253334047,9.79118242152168e-12,1.0000072533340476,1.000007306395359,1.1089365717861923e-11,1.0000073063953596,1.0549242498942626e-11,1.0000073063953605,9.92946470869236e-12,1.1436531597309769e-11,1.0444095629349275e-11,1.0000073488310919,1.0000071005122813,1.0549242088050078e-11,1.0444094455497311e-11,1.0918018393153081e-11,1.0549241893512222e-11,1.000007306395361,1.0000073063953605,1.082190336010474e-11,1.1017599334200293e-11,9.750227813231897e-12,1.0000073063953598
1.0000057514174354,1.2249025156737405e-11,1.0000073594566765,1.0103599403868562e-11,1.5998588039485604e-11,9.753842015936938e-12,1.0000073063953616,1.0000073063953618,1.0000073594566774,1.0707629756602282e-11,1.0000073063953605,1.000006682461809,1.0000073594566774,1.0000073063953592,9.750230285673026e-12,1.0000073986903986,1.00000730639536,1.1461425806162215e-11,9.99449127423849e-12,1.000007359456676,1.1987230217609847e-11,1.0000073063953607,1.0000073594566765,9.929465334785279e-12,9.994491764302724e-12,1.000007359456677,1.0266067059290941e-11,1.000007359456678,1.0000073594566765,1.000007359456677,1.000007359456677,1.0000073594566763,1.0000073063953598,9.845494396323166e-12,1.0000073594566765,1.0000074392892864,1.000007306395361,1.0000073063953607,1.1436531304771159e-11,1.0000073594566774,1.1089366688515853e-11,1.00000730639536,1.0000073063953607,9.791182945323908e-12,1.0000073063953618,1.0000073594566765,1.1089366361440153e-11,1.0000073594566763,1.0549243105256307e-11,1.0000073594566774,9.929465304207564e-12,1.1436532252508669e-11,1.0444096205754768e-11,1.0000074018924108,1.0000071535735866,1.0549242661166865e-11,1.0444095081463445e-11,1.0918019032579337e-11,1.0549242460454173e-11,1.0000073594566763,1.0000073594566763,1.082190398621159e-11,1.1017599952549738e-11,9.750228257033996e-12,1.0000073594566767
1.000005751417436,1.2249025293138707e-11,1.0000073594566765,1.0103599403868562e-11,1.5998588023699573e-11,9.753842072739487e-12,1.0000073063953618,1.0000073063953605,1.0000073594566772,1.0707629821164651e-11,1.0000073063953605,1.0000073594566774,1.0000066824618108,1.000007306395359,9.750230212369042e-12,1.0000073986903988,1.00000730639536,1.1461425861402505e-11,9.99449124237986e-12,1.000007359456677,1.1987230184580663e-11,1.0000073063953603,1.0000073594566772,9.929465346890583e-12,9.994491758750173e-12,1.0000073594566778,1.0266067075433159e-11,1.000007359456677,1.0000073594566772,1.0000073594566765,1.000007359456678,1.0000073594566772,1.00000730639536,9.845494405287943e-12,1.0000073594566765,1.0000074392892857,1.00000730639536,1.00000730639536,1.1436531286054275e-11,1.000007359456677,1.1089366672166576e-11,1.0000073063953607,1.00000730639536,9.791182956055846e-12,1.0000073063953605,1.0000073594566772,1.1089366363793177e-11,1.0000073594566763,1.0549243058018197e-11,1.0000073594566765,9.929465217424926e-12,1.1436532239323277e-11,1.0444096199237337e-11,1.000007401892411,1.0000071535735873,1.0549242659812526e-11,1.0444095036137636e-11,1.0918019026776844e-11,1.054924246585099e-11,1.0000073594566774,1.0000073594566774,1.0821903906009055e-11,1.101759994969919e-11,9.750228324171073e-12,1.0000073594566774
1.000005698356231,1.2249024640579118e-11,1.000007306395359,1.0103598818097087e-11,3.185890801427255e-08,9.753841523729684e-12,1.0000072533340474,1.0000072533340478,1.0000073063953587,1.0707629217355879e-11,1.0000072533340454,1.0000073063953592,1.000007306395359,1.0000065763391779,9.75022972943349e-12,1.000007345629078,1.000007253334046,1.1461425214992628e-11,9.994490666876706e-12,1.0000073063953583,1.1987229547387625e-11,1.000007253334046,1.0000073063953596,9.929464787216608e-12,9.994491243375495e-12,1.0000073063953598,1.0266066484532714e-11,1.0000073063953598,1.0000073063953596,1.0000073063953587,1.00000730639536,1.0000073063953583,1.000007253334046,9.84549380010329e-12,1.0000073063953587,1.0000073862279655,1.000007253334046,1.0000072533340467,1.1436530611613658e-11,1.000007306395359,1.1089366041861703e-11,1.0000072533340454,1.000007253334046,9.79118236643696e-12,1.0000072533340454,1.0000073063953598,1.1089365727485329e-11,1.000007306395359,1.0549242454916349e-11,1.0000073063953592,9.929464686323856e-12,1.1436531618195629e-11,1.0444095586163195e-11,1.0000073488310908,1.0000071005122797,1.054924206650298e-11,1.0444094456105932e-11,1.091801840469222e-11,1.0549241885276239e-11,1.0000073063953594,1.0000073063953594,1.0821903435733637e-11,1.1017599318116428e-11,9.750227769957421e-12,1.0000073063953583
4.934331770405648e-07,7.758806360728469e-20,9.750230239202436e-12,-2.95996328006188e-19,6.32371546758258e-19,3.1789766849184984e-19,9.750229749473188e-12,9.750229767275063e-12,9.750230212369042e-12,-2.92657695028167e-19,9.750229767275063e-12,9.750230285673026e-12,9.750230212369042e-12,9.75022972943349e-12,-6.769948625657629e-07,9.750230595909001e-12,9.750229700551962e-12,1.9818056723446877e-19,-4.963038521277501e-20,9.750230229487474e-12,3.101800393782422e-16,9.750229705069782e-12,9.750230197955147e-12,8.240058416707255e-20,6.841832103403349e-19,9.750230227597565e-12,2.545286115539874e-19,9.750230251336059e-12,9.750230278506617e-12,9.750230176155626e-12,9.750230207756512e-12,9.750230234733796e-12,9.750229742408714e-12,-4.4764901183831235e-20,9.75023023578292e-12,9.750231052055726e-12,9.750229728693078e-12,9.750229747580901e-12,-1.9320134962351715e-19,9.750230223604829e-12,3.123275646594253e-19,9.75022970629708e-12,9.750229747572471e-12,1.8692046492339668e-19,9.750229733824314e-12,9.75023028077417e-12,5.10206807580063e-19,9.750230231476265e-12,7.049694684798595e-19,9.750230239544641e-12,8.240058416707255e-20,-8.582250435645384e-20,-6.6619689666574395e-19,9.750230754180932e-12,1.9416190963814387e-08,9.739296357610266e-20,-1.6175969482136598e-19,5.130651631883255e-19,7.049694684798595e-19,9.750230227597565e-12,9.75023028077417e-12,-9.288022780258376e-19,1.619986716755599e-19,2.0924736243960955e-16,9.750230235290052e-12
1.0000057906510773,1.2249025798003312e-11,1.000007398690397,2.0119880348277064e-08,1.5998588748265393e-11,9.753842583976602e-12,1.0000073456290803,1.00000734562908,1.0000073986903981,1.0707630208391072e-11,1.000007345629079,1.0000073986903986,1.0000073986903988,1.000007345629078,9.750230595909001e-12,1.0000067609292551,1.0000073456290788,2.282379820143839e-08,9.994491659429055e-12,1.000007398690397,1.1987230832003133e-11,1.0000073456290786,1.000007398690398,9.9294656509119e-12,9.994492210160401e-12,1.000007398690399,1.026606749138692e-11,1.0000073986903988,1.000007398690398,1.0000073986903977,1.0000073986903988,1.000007398690398,1.0000073456290788,9.845494815336042e-12,1.0000073986903972,1.0000074785230106,1.0000073456290797,1.0000073456290792,1.1436531730950414e-11,1.0000073986903988,1.1089367135777051e-11,1.0000073456290783,1.0000073456290783,9.791183431723103e-12,1.00000734562908,1.0000073986903977,1.1089366830037243e-11,1.0000073986903975,1.0549243485738012e-11,1.0000073986903986,9.929465609679205e-12,1.1436532675117318e-11,1.0444096607465655e-11,1.0000074411261333,1.0000071928072989,1.0549243140153343e-11,1.0444095466231643e-11,1.0918019408133008e-11,1.054924289546901e-11,1.0000073986903986,1.0000073986903986,1.082190443454078e-11,1.1017600448208589e-11,9.750228675162388e-12,1.000007398690397
1.000005698356231,1.2249024631029791e-11,1.0000073063953598,1.0103598828614406e-11,3.185890801427261e-08,9.753841522407972e-12,1.0000072533340478,1.0000072533340476,1.0000073063953605,1.0707629152437684e-11,1.000007253334047,1.00000730639536,1.00000730639536,1.000007253334046,9.750229700551962e-12,1.0000073456290788,1.0000065763391783,1.1461425167786786e-11,9.99449071866361e-12,1.0000073063953592,1.1987229532904232e-11,1.000007253334047,1.0000073063953598,9.929464765390654e-12,9.99449121351999e-12,1.0000073063953607,1.0266066513233287e-11,1.0000073063953592,1.0000073063953603,1.00000730639536,1.0000073063953605,1.0000073063953605,1.0000072533340474,9.84549384588498e-12,1.0000073063953596,1.000007386227967,1.0000072533340474,1.000007253334047,1.1436530631326204e-11,1.00000730639536,1.1089366048302782e-11,1.0000072533340472,1.0000072533340465,9.791182404287526e-12,1.0000072533340474,1.0000073063953598,1.1089365716628338e-11,1.0000073063953594,1.0549242485287393e-11,1.0000073063953605,9.929464650555705e-12,1.1436531604324861e-11,1.0444095610281927e-11,1.0000073488310917,1.0000071005122813,1.0549242048981376e-11,1.0444094454470709e-11,1.0918018387128363e-11,1.0549241893512222e-11,1.0000073063953598,1.00000730639536,1.0821903386357152e-11,1.1017599305544136e-11,9.75022776773147e-12,1.00000730639536
4.968407753497991e-07,3.948644768195129e-16,1.1461425787726219e-11,-1.5203490174890452e-19,2.440198433951205e-19,7.237928196875452e-20,1.1461425160118326e-11,1.1461425195555005e-11,1.1461425846546234e-11,3.2914876233605366e-16,1.1461425168294386e-11,1.1461425806162215e-11,1.1461425861402505e-11,1.1461425214992628e-11,1.9818056723446877e-19,2.282379820143839e-08,1.1461425167786786e-11,-6.769948626619662e-07,7.814561256175047e-20,1.1461425844149215e-11,1.9237252097003185e-19,1.1461425220001312e-11,1.1461425818750654e-11,4.065571369645517e-19,2.093949484552598e-19,1.1461425790912645e-11,3.9765859247471607e-19,1.1461425839561421e-11,1.1461425831978346e-11,1.1461425838992818e-11,1.1461425836606609e-11,1.1461425853987e-11,1.146142520694683e-11,2.3454683702673884e-19,1.1461425849233558e-11,1.1461426759844178e-11,1.1461425161461076e-11,1.1461425170271338e-11,3.6702226738523975e-16,1.1461425853987e-11,3.490108921300607e-16,1.1461425201501773e-11,1.1461425153247563e-11,3.8838799355566423e-19,1.1461425175642874e-11,1.146142580927705e-11,3.4901093793616642e-16,1.1461425833220437e-11,-5.960925684614017e-20,1.1461425804589024e-11,-1.7918518034625596e-19,3.670222325461658e-16,3.040412246619334e-19,1.146142634855044e-11,2.2823792291510574e-08,5.869075840450543e-20,5.954835699323807e-19,3.3557107930890997e-19,-5.960925684614017e-20,1.1461425852261367e-11,1.1461425819242392e-11,-4.952815333602752e-19,3.452743732245124e-16,8.466955926313738e-21,1.1461425787726219e-11
4.939195915320559e-07,4.0737148478056625e-19,9.994491269658903e-12,-3.3000815128700246e-19,-1.3683723969335507e-19,4.440478811545602e-19,9.994490690034343e-12,9.994490725451152e-12,9.99449124860392e-12,8.273259706558554e-21,9.994490706743823e-12,9.99449127423849e-12,9.99449124237986e-12,9.994490666876706e-12,-4.963038521277501e-20,9.994491659429055e-12,9.99449071866361e-12,7.814561256175047e-20,-6.769948599629979e-07,9.994491336307271e-12,3.233034951738305e-16,9.99449068743321e-12,9.994491241390057e-12,3.142081022084338e-19,2.3164982688410277e-16,9.994491237001505e-12,-2.4711287130166046e-19,9.994491278860508e-12,9.994491342691752e-12,9.994491238768602e-12,9.994491310113182e-12,9.994491238366582e-12,9.994490707727983e-12,-4.938518394605726e-19,9.994491238366582e-12,9.994492130498002e-12,9.994490715870449e-12,9.994490693382177e-12,1.8357724411558066e-19,9.994491274384065e-12,2.184281479678852e-19,9.994490742272314e-12,9.994490707727983e-12,6.455912485455281e-19,9.994490742272314e-12,9.994491240501159e-12,6.967764231572677e-20,9.99449126860668e-12,2.2224354324635853e-19,9.994491274384065e-12,3.1420808470779057e-19,3.04507532463146e-19,5.68573178776476e-19,9.994491748472807e-12,1.990260178644864e-08,4.15597562386211e-19,3.022582379852641e-19,2.1620686663739652e-19,4.15597562386211e-19,9.994491245903044e-12,9.994491255382977e-12,2.696925350786491e-16,-2.2507016309111404e-19,6.841832103403349e-19,9.99449127423849e-12
1.0000057514174343,1.2249025305275297e-11,1.0000073594566756,1.0103599373177382e-11,1.599858800226628e-11,9.753842037792782e-12,1.0000073063953618,1.0000073063953612,1.0000073594566774,1.070762984215555e-11,1.0000073063953592,1.000007359456676,1.000007359456677,1.0000073063953583,9.750230229487474e-12,1.000007398690397,1.0000073063953592,1.1461425844149215e-11,9.994491336307271e-12,1.0000066824618075,1.1987230234918985e-11,1.0000073063953598,1.0000073594566763,9.929465326011198e-12,9.994491693109121e-12,1.0000073594566765,1.0266067069226524e-11,1.0000073594566772,1.0000073594566756,1.0000073594566756,1.0000073594566763,1.000007359456676,1.0000073063953598,9.845494371931022e-12,1.000007359456676,1.0000074392892861,1.00000730639536,1.0000073063953598,1.1436531278338309e-11,1.000007359456677,1.108936667271766e-11,1.0000073063953592,1.000007306395359,9.791182980319987e-12,1.00000730639536,1.0000073594566758,1.1089366353826169e-11,1.000007359456675,1.0549243071179613e-11,1.0000073594566763,9.929465238955536e-12,1.1436532188796047e-11,1.0444096206822231e-11,1.0000074018924103,1.0000071535735864,1.0549242659812526e-11,1.0444095080568356e-11,1.0918018947162347e-11,1.0549242522806966e-11,1.0000073594566763,1.0000073594566763,1.0821903927406174e-11,1.101759995255664e-11,9.750228321347126e-12,1.0000073594566763
4.978878369405524e-07,2.383196983444236e-19,1.1987230197507927e-11,3.22620817474215e-16,1.8461741557527442e-19,3.1032858811934797e-16,1.1987229549289585e-11,1.198722953966452e-11,1.19872301534399e-11,1.5333903131049825e-19,1.1987229531435546e-11,1.1987230217609847e-11,1.1987230184580663e-11,1.1987229547387625e-11,3.101800393782422e-16,1.1987230832003133e-11,1.1987229532904232e-11,1.9237252097003185e-19,3.233034951738305e-16,1.1987230234918985e-11,-6.769948630046697e-07,1.1987229510255465e-11,1.1987230201612334e-11,3.1985031071312725e-16,3.2330344771921224e-16,1.1987230188206299e-11,4.954079540604602e-19,1.198723021690963e-11,1.1987230194920223e-11,1.1987230153682596e-11,1.1987230206857357e-11,1.198723019288146e-11,1.1987229518784175e-11,1.458881209016975e-19,1.1987230210364372e-11,1.198723136747487e-11,1.198722953994829e-11,1.1987229526633093e-11,1.9583903499195953e-19,1.1987230163441379e-11,1.8966488900442157e-19,1.1987229537817982e-11,1.1987229520063809e-11,-3.520021851247826e-19,1.1987229549289585e-11,1.1987230223243949e-11,1.9173109537735779e-19,1.1987230153682596e-11,3.529720285522162e-16,1.1987230222620499e-11,3.1985037425531604e-16,1.9243631019581686e-19,3.473341167144382e-16,1.1987230755029429e-11,2.3870856476208044e-08,3.529720590934243e-16,3.473341480946964e-16,3.6626341722953173e-16,3.5297205671359617e-16,1.1987230170598947e-11,1.1987230234012485e-11,3.675022310253959e-16,2.5243287526147873e-19,3.1018008216938576e-16,1.198723017553341e-11
1.0000056983562298,1.2249024633819075e-11,1.000007306395359,1.0103598814062842e-11,3.1858908014272576e-08,9.75384154215176e-12,1.0000072533340478,1.0000072533340474,1.0000073063953605,1.0707629187778575e-11,1.0000072533340467,1.0000073063953607,1.0000073063953603,1.000007253334046,9.750229705069782e-12,1.0000073456290786,1.000007253334047,1.1461425220001312e-11,9.99449068743321e-12,1.0000073063953598,1.1987229510255465e-11,1.0000065763391794,1.0000073063953598,9.929464773930005e-12,9.994491211636377e-12,1.000007306395361,1.0266066475258207e-11,1.0000073063953605,1.0000073063953605,1.0000073063953598,1.000007306395361,1.00000730639536,1.000007253334047,9.845493813820387e-12,1.0000073063953592,1.000007386227967,1.0000072533340472,1.000007253334047,1.1436530664972708e-11,1.0000073063953603,1.1089366043608209e-11,1.0000072533340474,1.0000072533340458,9.791182437014578e-12,1.0000072533340478,1.00000730639536,1.108936576571059e-11,1.0000073063953592,1.0549242434409168e-11,1.00000730639536,9.929464677456531e-12,1.1436531619127139e-11,1.0444095581583563e-11,1.000007348831092,1.0000071005122806,1.0549242071290825e-11,1.0444094405873688e-11,1.0918018396247714e-11,1.0549241894932677e-11,1.0000073063953607,1.0000073063953603,1.0821903364961464e-11,1.1017599323561152e-11,9.750227766917938e-12,1.0000073063953603
1.0000057514174372,1.2249025197668117e-11,1.0000073594566763,1.0103599349062012e-11,1.5998587990876468e-11,9.753842045388914e-12,1.000007306395361,1.0000073063953607,1.0000073594566774,1.0707629813427823e-11,1.0000073063953605,1.0000073594566765,1.0000073594566772,1.0000073063953596,9.750230197955147e-12,1.000007398690398,1.0000073063953598,1.1461425818750654e-11,9.994491241390057e-12,1.0000073594566763,1.1987230201612334e-11,1.0000073063953598,1.0000066824618103,9.929465371054722e-12,9.994491780965765e-12,1.000007359456677,1.0266067038204532e-11,1.0000073594566772,1.0000073594566767,1.0000073594566765,1.0000073594566774,1.0000073594566765,1.0000073063953605,9.84549439939383e-12,1.0000073594566765,1.0000074392892866,1.0000073063953605,1.0000073063953607,1.1436531266503614e-11,1.0000073594566772,1.1089366679873901e-11,1.0000073063953596,1.00000730639536,9.791182945264296e-12,1.000007306395361,1.000007359456677,1.1089366356819374e-11,1.000007359456676,1.0549243069120258e-11,1.0000073594566772,9.92946520432825e-12,1.1436532243652852e-11,1.0444096175918196e-11,1.0000074018924103,1.000007153573587,1.0549242630583792e-11,1.0444095055963606e-11,1.0918018926621985e-11,1.0549242549452653e-11,1.0000073594566765,1.0000073594566763,1.0821903988485509e-11,1.101759994969919e-11,9.750228318288607e-12,1.0000073594566765
4.937900954332007e-07,4.9892030066843046e-20,9.929465309450044e-12,-3.3226589405399252e-19,6.281732747925592e-19,8.46425031629886e-20,9.929464775729078e-12,9.929464770852116e-12,9.929465328971277e-12,4.1896060402210545e-19,9.929464729367887e-12,9.929465334785279e-12,9.929465346890583e-12,9.929464787216608e-12,8.240058416707255e-20,9.9294656509119e-12,9.929464765390654e-12,4.065571369645517e-19,3.142081022084338e-19,9.929465326011198e-12,3.1985031071312725e-16,9.929464773930005e-12,9.929465371054722e-12,-6.769948600184317e-07,-2.4675573794687452e-19,9.929465339517731e-12,1.6012537613430403e-19,9.929465281965128e-12,9.929465323234143e-12,9.929465393253227e-12,9.929465321734443e-12,9.92946536681917e-12,9.929464722089803e-12,6.789996462337903e-20,9.929465309574654e-12,9.929466100130104e-12,9.929464771888006e-12,9.929464729367887e-12,1.7459182464993014e-19,9.929465261928891e-12,-1.9072901671046118e-20,9.929464765390654e-12,9.929464763549418e-12,3.6539680566794005e-19,9.929464781107262e-12,9.929465338250205e-12,9.139601944416224e-20,9.929465365773604e-12,-1.0581471443174941e-19,9.929465282998583e-12,7.231431597457766e-19,8.295874566130652e-20,2.4925919446487293e-16,9.929465735578817e-12,1.9773111873111487e-08,-1.0581470876785004e-19,2.4925923937993326e-16,4.732766080034545e-19,-1.0581470876785004e-19,9.929465328483013e-12,9.929465298893074e-12,-2.447776959916565e-19,1.0842356737004124e-19,8.240058416707255e-20,9.929465323154767e-12
4.939195898073316e-07,4.0737148478056625e-19,9.994491794124542e-12,-1.00455478751927e-18,-8.815503133320806e-19,4.440478811545602e-19,9.994491221396822e-12,9.994491221873895e-12,9.994491792820225e-12,-1.5487702136078021e-19,9.994491181335379e-12,9.994491764302724e-12,9.994491758750173e-12,9.994491243375495e-12,6.841832103403349e-19,9.994492210160401e-12,9.99449121351999e-12,2.093949484552598e-19,2.3164982688410277e-16,9.994491693109121e-12,3.2330344771921224e-16,9.994491211636377e-12,9.994491780965765e-12,-2.4675573794687452e-19,-6.769948599629979e-07,9.994491776235974e-12,1.1426713131129492e-19,9.994491743059319e-12,9.994491795728057e-12,9.994491781222948e-12,9.994491758750173e-12,9.994491765053242e-12,9.994491210351555e-12,-1.4770044430638277e-19,9.994491751178707e-12,9.994492637494696e-12,9.994491241400132e-12,9.99449120181927e-12,1.442521021608686e-19,9.994491758126034e-12,3.780028166475775e-19,9.994491248024208e-12,9.994491210065202e-12,8.258936504974835e-19,9.994491192600497e-12,9.994491775961922e-12,-1.7088825467501963e-19,9.994491794124542e-12,-3.400871425168767e-19,9.994491742952937e-12,3.1420808470779057e-19,1.8357724411558066e-19,1.3870546661458695e-19,9.994492269902435e-12,1.9902602780024537e-08,4.15597562386211e-19,5.68573178776476e-19,-2.1318369929148238e-20,4.155975037516963e-19,9.99449175856034e-12,9.994491775149725e-12,2.6969248426830217e-16,-1.5458901939418203e-19,6.841832103403349e-19,9.994491784366533e-12
1.0000057514174354,1.2249025326935965e-11,1.0000073594566763,1.0103599373055417e-11,1.599858803222742e-11,9.753842083251245e-12,1.0000073063953616,1.000007306395361,1.0000073594566778,1.0707629775205854e-11,1.0000073063953605,1.000007359456677,1.0000073594566778,1.0000073063953598,9.750230227597565e-12,1.000007398690399,1.0000073063953607,1.1461425790912645e-11,9.994491237001505e-12,1.0000073594566765,1.1987230188206299e-11,1.000007306395361,1.000007359456677,9.929465339517731e-12,9.994491776235974e-12,1.000006682461809,1.0266067032223952e-11,1.0000073594566774,1.0000073594566774,1.0000073594566774,1.0000073594566772,1.0000073594566774,1.0000073063953605,9.845494439979053e-12,1.0000073594566772,1.0000074392892864,1.0000073063953598,1.0000073063953605,1.143653128027138e-11,1.0000073594566778,1.10893666861868e-11,1.000007306395361,1.00000730639536,9.791182916561767e-12,1.0000073063953607,1.000007359456677,1.1089366296613787e-11,1.000007359456677,1.0549243067208736e-11,1.0000073594566774,9.929465230326914e-12,1.1436532226066012e-11,1.0444096159120444e-11,1.0000074018924108,1.0000071535735868,1.0549242658178633e-11,1.0444095079487388e-11,1.0918018985048016e-11,1.05492424958269e-11,1.000007359456677,1.000007359456677,1.0821904021983158e-11,1.1017599939156994e-11,9.750228323672728e-12,1.0000073594566765
4.94460389494647e-07,3.3599183157675834e-16,1.026606708676639e-11,1.5356321764034211e-19,-1.0824375654182122e-19,7.4775952355555e-20,1.0266066526699595e-11,1.0266066474992958e-11,1.0266067073402352e-11,1.3716608451954608e-19,1.0266066485479695e-11,1.0266067059290941e-11,1.0266067075433159e-11,1.0266066484532714e-11,2.545286115539874e-19,1.026606749138692e-11,1.0266066513233287e-11,3.9765859247471607e-19,-2.4711287130166046e-19,1.0266067069226524e-11,4.954079540604602e-19,1.0266066475258207e-11,1.0266067038204532e-11,1.6012537613430403e-19,1.1426713131129492e-19,1.0266067032223952e-11,-6.769948629293753e-07,1.026606707007874e-11,1.0266067060684112e-11,1.0266067056943734e-11,1.026606703896607e-11,1.0266067062658044e-11,1.0266066513233287e-11,3.067584808082144e-19,1.026606705700301e-11,1.026606807805331e-11,1.0266066485479695e-11,1.0266066526397514e-11,3.1204641834369016e-16,1.0266067038204532e-11,3.89603009842115e-20,1.0266066485479695e-11,1.0266066510058899e-11,2.7419871412458607e-19,1.0266066483858968e-11,1.0266067050012413e-11,3.89603009842115e-20,1.0266067052257253e-11,4.665360377285361e-19,1.0266067050918784e-11,6.850796017287559e-20,3.1204638006582184e-16,3.750330901176402e-19,1.0266067667581923e-11,2.0443406224061556e-08,4.1102643207419165e-19,3.750330901176402e-19,2.5998322327853554e-19,4.1102643207419165e-19,1.0266067059369614e-11,1.0266067094083169e-11,2.829623312955322e-16,2.9226411972244825e-16,2.5431581577333774e-19,1.0266067051578425e-11
1.0000057514174354,1.2249025293138707e-11,1.0000073594566765,1.0103599338300281e-11,1.5998588021874658e-11,9.753842063401298e-12,1.0000073063953618,1.0000073063953616,1.0000073594566774,1.0707629796994062e-11,1.000007306395361,1.000007359456678,1.000007359456677,1.0000073063953598,9.750230251336059e-12,1.0000073986903988,1.0000073063953592,1.1461425839561421e-11,9.994491278860508e-12,1.0000073594566772,1.198723021690963e-11,1.0000073063953605,1.0000073594566772,9.929465281965128e-12,9.994491743059319e-12,1.0000073594566774,1.026606707007874e-11,1.0000066824618132,1.0000073594566774,1.0000073594566772,1.0000073594566785,1.0000073594566774,1.0000073063953605,9.845494426402e-12,1.000007359456677,1.0000074392892857,1.0000073063953605,1.0000073063953605,1.1436531259692092e-11,1.000007359456677,1.1089366674500237e-11,1.0000073063953605,1.0000073063953607,9.791182990166618e-12,1.0000073063953607,1.0000073594566774,1.1089366363938016e-11,1.0000073594566772,1.0549243064642623e-11,1.0000073594566772,9.929465296009553e-12,1.1436532222598784e-11,1.0444096208445909e-11,1.0000074018924108,1.0000071535735877,1.054924267988605e-11,1.044409504521602e-11,1.0918018979996989e-11,1.0549242515332995e-11,1.000007359456678,1.0000073594566778,1.0821903995541702e-11,1.1017599948833466e-11,9.750228312180237e-12,1.0000073594566774
