0.9999999992820238,0.9999689902050692,0.9999687467452122,3.4460908582530752e-06,0.9999689902050645,3.4460908555496247e-06,0.9999687467452142,0.9999688489516223,0.999968746745215,0.9999684879720198,0.9999687467452153,0.9999687467452153,0.9999687467452153,0.9999687467452155,3.4460908580426418e-06,3.5243946132422242e-06,3.461778811474526e-06,3.4460908572149915e-06,0.9999687467452153,0.9999687467452151,3.4460908555301235e-06,0.9999687467452155,0.9999689662786578,3.446090858111758e-06,3.4681096093263016e-06,0.9999688903646634,0.9999687467452155,0.9999688903646601,0.9999688903646601,0.9999687467452082,0.9999689521959436,0.9999687467452151,3.4492612993582857e-06,0.9999687467452155,3.4525536669131837e-06,0.9999687467452155,3.4710644594056344e-06,3.4704580928332823e-06,0.9999687467452137,3.4553581894490052e-06,0.9999687467452153,0.9999687467452122,3.446090858075231e-06,0.9999687467452155,0.9999689896106632,0.9999689538891388,0.999968890364663,3.4460908583968227e-06,0.9999689432072688,3.4460908580951e-06,0.9999688903646592,0.9999692601391551,0.9999687467452155,3.449261305823881e-06,0.9999687467452136,3.4617788114686806e-06,3.4572295027226074e-06,0.9999687467452122
0.9999689902050692,0.9999642150190471,0.9999513596642046,1.0121164384881355e-10,0.9999516031205299,1.0121164390101322e-10,0.9999513596642045,0.9999514618691344,0.9999513596642056,0.9999511008947564,0.9999513596642045,0.9999513596642045,0.9999513596642045,0.9999513596642046,1.0121164396765318e-10,1.4055542803238896e-10,1.0909407697475441e-10,1.0121164500033941e-10,0.9999513596642045,0.9999513596642045,1.0121164332736686e-10,0.9999513596642045,0.99995157919447,1.0121164413608398e-10,1.1227498950301209e-10,0.9999515032815764,0.9999513596642045,0.9999515032815736,0.9999515032815754,0.999951359664204,0.9999515651119568,0.9999513596642045,1.0280463385248158e-10,0.9999513596642045,1.0445888894881275e-10,0.9999513596642053,1.1375965680969324e-10,1.1345498914927208e-10,0.9999513596642046,1.0586802853188656e-10,0.9999513596642037,0.9999513596642046,1.0121164416785477e-10,0.9999513596642045,0.9999516025261345,0.999951566805133,0.9999515032815754,1.012116450418746e-10,0.9999515561234158,1.0121164417853869e-10,0.9999515032815757,0.9999518730507075,0.9999513596642045,1.0280463361225294e-10,0.999951359664204,1.0909407715009124e-10,2.1257121819487372e-07,0.9999513596642046
0.9999687467452122,0.9999513596642046,0.999963728106463,1.0121162195971098e-10,0.9999513596642006,1.0121162202443966e-10,0.9999511162079352,0.99995121841284,0.9999511162079354,0.9999508574385471,0.9999511162079346,0.9999511162079344,0.9999511162079352,0.9999511162079351,1.0121162197790277e-10,1.405553975578726e-10,1.0909405318822452e-10,1.0121162314486155e-10,0.9999511162079346,0.9999511162079351,1.0121162147197202e-10,0.9999511162079351,0.9999513357381472,1.012116222707153e-10,1.1227496505686168e-10,0.9999512598252711,0.9999511162079341,0.9999512598252692,0.9999512598252704,0.9999511162079331,0.9999513216556373,0.9999511162079351,1.0280461155247361e-10,0.9999511162079351,1.0445886626438268e-10,0.9999511162079356,1.1375963197164777e-10,1.1345496439338928e-10,0.9999511162079341,1.0586800540856313e-10,0.9999511162079331,0.9999511162079346,1.012116222582396e-10,0.9999511162079351,0.9999513590698068,0.9999513233488112,0.9999512598252708,1.0121162310828413e-10,0.9999513126670985,1.0121162222375146e-10,0.9999512598252702,0.9999516295943136,0.9999511162079349,1.0280461139207564e-10,0.9999511162079341,1.0909405332465366e-10,1.0680824029008073e-10,0.9999511162079346
3.4460908582530752e-06,1.0121164384881355e-10,1.0121162195971098e-10,1.2611899393812701e-05,1.0121164383829975e-10,1.8352658637139578e-14,1.0121162190279815e-10,1.012116310839534e-10,1.0121162190453423e-10,2.014326619920106e-07,1.0121162191919108e-10,1.0121162195501158e-10,1.0121162195159067e-10,1.0121162196149296e-10,1.8352658557194293e-14,1.327032900957339e-17,1.0207414978282287e-17,1.8352660096182162e-14,1.0121162195414228e-10,1.0121162188541942e-10,1.8352658181135076e-14,1.0121162194718825e-10,1.0121164168741174e-10,1.8352659026731776e-14,1.0641221901347923e-17,1.0121163485323334e-10,1.0121162195961418e-10,1.0121163483619031e-10,1.0121163484350394e-10,1.0121162192759331e-10,1.012116404290408e-10,1.0121162194188146e-10,9.209318820036206e-18,1.0121162195570517e-10,1.898500521156373e-14,1.0121162195159136e-10,1.1029131784521412e-17,1.1077297018473964e-17,1.0121162195609772e-10,1.0009778040748675e-17,1.0121162195961418e-10,1.0121162195414228e-10,1.8352658861093834e-14,1.0121162195961418e-10,1.0121164381821831e-10,1.0121164068240504e-10,1.0121163485323334e-10,1.8352660050833016e-14,1.0121163965972622e-10,1.8352658970867348e-14,1.0121163485427783e-10,1.0121166820499607e-10,1.0121162195184187e-10,9.1790230435804e-18,1.0121162194417205e-10,1.0416248602053521e-17,9.621817812076207e-18,1.0121162192827955e-10
0.9999689902050645,0.9999516031205299,0.9999513596642006,1.0121164383829975e-10,0.9999642150190448,1.0121164386048951e-10,0.9999513596642006,0.9999514618691298,0.999951359664201,0.999951100894753,0.9999513596642006,0.9999513596641998,0.9999513596642006,0.9999513596642002,1.0121164395229787e-10,1.4055542805864475e-10,1.0909407700315051e-10,1.0121164497014688e-10,0.9999513596642008,0.9999513596641998,1.0121164339753546e-10,0.9999513596642006,0.9999515791944654,1.0121164419103037e-10,1.1227498948691535e-10,0.9999515032815718,0.9999513596641998,0.999951503281569,0.9999515032815717,0.9999513596641998,0.9999515651119534,0.9999513596641995,1.0280463385248158e-10,0.9999513596641995,1.0445888900784284e-10,0.9999513596642011,1.1375965685871897e-10,1.134549892011492e-10,0.9999513596642002,1.058680284912812e-10,0.9999513596641992,0.9999513596641998,1.012116441466934e-10,0.9999513596641998,0.9999516025261297,0.9999515668051288,0.9999515032815712,1.0121164493645201e-10,0.9999515561234118,1.0121164416839825e-10,0.9999515032815717,0.9999518730507023,0.9999513596642006,1.0280463369233424e-10,0.9999513596642006,1.0909407718148408e-10,2.1257121819487213e-07,0.9999513596642006
3.4460908555496247e-06,1.0121164390101322e-10,1.0121162202443966e-10,1.8352658637139578e-14,1.0121164386048951e-10,1.2611899393812701e-05,1.0121162205362965e-10,1.0121163127409896e-10,1.0121162202138748e-10,2.0143266214907994e-07,1.0121162206406536e-10,1.0121162206406536e-10,1.012116220876192e-10,1.0121162201007795e-10,1.8352658607694824e-14,1.3270363046827143e-17,1.0421334030612907e-17,1.8352660146683018e-14,1.0121162206297848e-10,1.0121162201431396e-10,1.8352658231636206e-14,1.0121162202443966e-10,1.0121164177908535e-10,1.8352659077232082e-14,1.072931253370538e-17,1.0121163492429675e-10,1.0121162197376537e-10,1.0121163500285009e-10,1.0121163495844074e-10,1.0121162194960412e-10,1.0121164051002646e-10,1.0121162198719922e-10,9.20545185017662e-18,1.0121162199644904e-10,1.898500526366403e-14,1.0121162201865569e-10,1.1084250792316719e-17,1.1098011104783352e-17,1.0121162199644904e-10,1.0055355731629786e-17,1.0121162202459365e-10,1.0121162207408912e-10,1.8352658911594526e-14,1.0121162199644904e-10,1.0121164390522047e-10,1.0121164063841981e-10,1.0121163486845932e-10,1.835266010133382e-14,1.0121163969450913e-10,1.8352659021368055e-14,1.0121163494729439e-10,1.0121166827317965e-10,1.0121162201865569e-10,9.200286428095717e-18,1.0121162203661742e-10,1.0207414978282287e-17,9.619618961619431e-18,1.0121162199829712e-10
0.9999687467452142,0.9999513596642045,0.9999511162079352,1.0121162190279815e-10,0.9999513596642006,1.0121162205362965e-10,0.9999637281064635,0.9999512184128388,0.9999511162079346,0.999950857438546,0.9999511162079341,0.9999511162079336,0.9999511162079336,0.9999511162079344,1.0121162203031707e-10,1.4055539749088742e-10,1.0909405315851296e-10,1.0121162311623726e-10,0.9999511162079343,0.9999511162079336,1.012116214663769e-10,0.9999511162079336,0.9999513357381459,1.0121162225300894e-10,1.122749650587466e-10,0.9999512598252704,0.9999511162079341,0.9999512598252677,0.9999512598252702,0.9999511162079335,0.9999513216556374,0.9999511162079336,1.0280461155420743e-10,0.9999511162079336,1.044588662559471e-10,0.9999511162079344,1.1375963196925738e-10,1.1345496439224407e-10,0.9999511162079341,1.0586800541275821e-10,0.9999511162079331,0.9999511162079341,1.0121162228257244e-10,0.9999511162079336,0.9999513590698055,0.9999513233488109,0.9999512598252692,1.0121162312218365e-10,0.9999513126670976,1.0121162233404944e-10,0.9999512598252702,0.9999516295943136,0.9999511162079341,1.0280461140991405e-10,0.9999511162079336,1.0909405330725818e-10,1.0680824029308595e-10,0.9999511162079341
0.9999688489516223,0.9999514618691344,0.99995121841284,1.012116310839534e-10,0.9999514618691298,1.0121163127409896e-10,0.9999512184128388,0.9999639325162778,0.9999512184128394,0.9999509596434261,0.9999512184128385,0.9999512184128386,0.9999512184128394,0.9999512184128394,1.0121163123767896e-10,1.4055541036686523e-10,1.0909406285231411e-10,1.0121163237084821e-10,0.9999512184128394,0.9999512184128386,1.0121163073604421e-10,0.9999512184128391,0.999951437943073,1.012116315631747e-10,2.2345114143611595e-07,0.9999513620301903,0.9999512184128383,0.9999513620301882,0.9999513620301899,0.9999512184128372,0.9999514238605627,0.9999512184128391,1.0280462096449468e-10,0.9999512184128388,1.0445887580464759e-10,0.9999512184128394,1.1375964245117183e-10,1.1345497491107647e-10,0.9999512184128393,1.0586801496867562e-10,0.9999512184128377,0.9999512184128393,1.0121163145657929e-10,0.9999512184128386,0.9999514612747362,0.9999514255537387,0.9999513620301895,1.0121163223170933e-10,0.9999514148720224,1.0121163146543276e-10,0.9999513620301895,0.9999517317992708,0.9999512184128388,1.0280462082881612e-10,0.9999512184128385,1.090940630801387e-10,1.0680824996810495e-10,0.9999512184128393
0.999968746745215,0.9999513596642056,0.9999511162079354,1.0121162190453423e-10,0.999951359664201,1.0121162202138748e-10,0.9999511162079346,0.9999512184128394,0.9999637281064654,0.999950857438547,0.9999511162079343,0.9999511162079346,0.9999511162079346,0.9999511162079354,1.0121162202368391e-10,1.4055539751940612e-10,1.0909405317554898e-10,1.012116231685503e-10,0.9999511162079352,0.9999511162079351,1.0121162147732777e-10,0.9999511162079346,0.9999513357381467,1.0121162229700634e-10,1.122749650986805e-10,0.9999512598252711,0.9999511162079346,0.9999512598252684,0.9999512598252704,0.9999511162079336,0.9999513216556378,0.9999511162079346,1.0280461154406325e-10,0.9999511162079346,1.0445886626162663e-10,0.9999511162079351,1.1375963197413213e-10,1.1345496439780286e-10,0.9999511162079344,1.0586800539721718e-10,0.9999511162079341,0.9999511162079346,1.0121162225074311e-10,0.9999511162079351,0.9999513590698065,0.999951323348812,0.9999512598252698,1.0121162305405817e-10,0.9999513126670985,1.0121162222374272e-10,0.9999512598252711,0.999951629594314,0.9999511162079344,1.0280461138041212e-10,0.9999511162079346,1.0909405332879533e-10,1.068082402822549e-10,0.9999511162079346
0.9999684879720198,0.9999511008947564,0.9999508574385471,2.014326619920106e-07,0.999951100894753,2.0143266214907994e-07,0.999950857438546,0.9999509596434261,0.999950857438547,0.9999632105677682,0.999950857438547,0.9999508574385471,0.999950857438546,0.9999508574385475,2.0143266217698726e-07,2.797351467288833e-07,2.1712037798857829e-07,2.0143266444830825e-07,0.9999508574385462,0.999950857438547,2.0143266109721642e-07,0.9999508574385462,0.9999510769687033,2.014326627293633e-07,2.2345106930601775e-07,0.9999510010558469,0.9999508574385467,0.9999510010558444,0.9999510010558473,0.9999508574385462,0.9999510628861977,0.9999508574385462,2.0460304997996512e-07,0.999950857438546,2.078953691388963e-07,0.9999508574385462,2.2640587239074944e-07,2.2579951915324501e-07,0.9999508574385465,2.1069985638953521e-07,0.9999508574385465,0.999950857438547,2.014326626078468e-07,0.9999508574385471,0.9999511003003582,0.9999510645793739,0.9999510010558463,2.0143266425620828e-07,0.9999510538976615,2.0143266264357e-07,0.9999510010558473,0.9999513708247969,0.9999508574385471,2.0460304969009345e-07,0.9999508574385462,2.1712037828142188e-07,2.12571123021429e-07,0.9999508574385471
0.9999687467452153,0.9999513596642045,0.9999511162079346,1.0121162191919108e-10,0.9999513596642006,1.0121162206406536e-10,0.9999511162079341,0.9999512184128385,0.9999511162079343,0.999950857438547,0.9999637281064656,0.9999511162079335,0.9999511162079341,0.9999511162079339,1.0121162196756649e-10,1.4055539755688387e-10,1.0909405319113935e-10,1.0121162314511085e-10,0.9999511162079339,0.9999511162079335,1.0121162150118164e-10,0.9999511162079336,0.9999513357381451,1.0121162232167377e-10,1.122749650688396e-10,0.9999512598252698,0.9999511162079336,0.9999512598252689,0.9999512598252702,0.9999511162079336,0.9999513216556374,0.9999511162079336,1.0280461155660735e-10,0.9999511162079331,1.0445886626625472e-10,0.9999511162079341,1.1375963197485319e-10,1.1345496439238467e-10,0.999951116207933,1.058680054028063e-10,0.9999511162079331,0.9999511162079335,1.0121162225511858e-10,0.9999511162079333,0.9999513590698049,0.9999513233488118,0.9999512598252689,1.0121162307886298e-10,0.9999513126670978,1.0121162222374739e-10,0.9999512598252694,0.9999516295943129,0.9999511162079336,1.0280461138702788e-10,0.9999511162079344,1.0909405331773976e-10,1.0680824029056184e-10,0.9999511162079335
0.9999687467452153,0.9999513596642045,0.9999511162079344,1.0121162195501158e-10,0.9999513596641998,1.0121162206406536e-10,0.9999511162079336,0.9999512184128386,0.9999511162079346,0.9999508574385471,0.9999511162079335,0.9999637281064625,0.9999511162079339,0.9999511162079336,1.0121162196125117e-10,1.4055539745021476e-10,1.0909405315632111e-10,1.0121162313584627e-10,0.9999511162079336,0.9999511162079336,1.0121162146612571e-10,0.9999511162079339,0.9999513357381451,1.0121162230267093e-10,1.1227496505650469e-10,0.9999512598252698,0.9999511162079331,0.9999512598252689,0.9999512598252704,0.9999511162079335,0.999951321655637,0.9999511162079339,1.0280461154882409e-10,0.9999511162079339,1.0445886626723904e-10,0.9999511162079343,1.1375963196855241e-10,1.1345496438038097e-10,0.9999511162079335,1.0586800540754098e-10,0.9999511162079333,0.9999511162079336,1.0121162226472242e-10,0.9999511162079336,0.999951359069806,0.9999513233488122,0.9999512598252691,1.0121162305059491e-10,0.9999513126670978,1.0121162227904558e-10,0.99995125982527,0.9999516295943133,0.9999511162079333,1.028046114009744e-10,0.9999511162079341,1.0909405336336673e-10,1.0680824028793686e-10,0.9999511162079336
0.9999687467452153,0.9999513596642045,0.9999511162079352,1.0121162195159067e-10,0.9999513596642006,1.012116220876192e-10,0.9999511162079336,0.9999512184128394,0.9999511162079346,0.999950857438546,0.9999511162079341,0.9999511162079339,0.9999637281064588,0.9999511162079346,1.0121162197114277e-10,1.4055539745021476e-10,1.0909405315052305e-10,1.0121162312378303e-10,0.9999511162079341,0.9999511162079339,1.0121162147762634e-10,0.9999511162079336,0.999951335738146,1.0121162232394233e-10,1.1227496507060269e-10,0.9999512598252704,0.9999511162079336,0.9999512598252679,0.9999512598252708,0.9999511162079331,0.999951321655637,0.9999511162079336,1.028046115459622e-10,0.9999511162079336,1.0445886622228305e-10,0.9999511162079344,1.1375963197039118e-10,1.1345496439760759e-10,0.9999511162079335,1.0586800540743387e-10,0.9999511162079336,0.9999511162079336,1.0121162225074311e-10,0.9999511162079341,0.9999513590698066,0.9999513233488112,0.9999512598252697,1.0121162306043094e-10,0.9999513126670985,1.012116222834154e-10,0.9999512598252706,0.999951629594314,0.9999511162079341,1.0280461138731686e-10,0.9999511162079335,1.0909405332462535e-10,1.0680824028986077e-10,0.9999511162079341
0.9999687467452155,0.9999513596642046,0.9999511162079351,1.0121162196149296e-10,0.9999513596642002,1.0121162201007795e-10,0.9999511162079344,0.9999512184128394,0.9999511162079354,0.9999508574385475,0.9999511162079339,0.9999511162079336,0.9999511162079346,0.999963728106462,1.0121162200536618e-10,1.4055539750564217e-10,1.0909405314671116e-10,1.0121162313715421e-10,0.9999511162079346,0.9999511162079336,1.0121162153782059e-10,0.9999511162079341,0.999951335738146,1.0121162231084398e-10,1.1227496505690366e-10,0.9999512598252711,0.9999511162079335,0.9999512598252692,0.9999512598252711,0.9999511162079336,0.9999513216556378,0.9999511162079341,1.0280461156538576e-10,0.9999511162079341,1.0445886622310334e-10,0.9999511162079349,1.1375963197279735e-10,1.1345496438466605e-10,0.9999511162079336,1.0586800540702968e-10,0.9999511162079333,0.9999511162079344,1.0121162224443436e-10,0.9999511162079336,0.9999513590698063,0.9999513233488122,0.9999512598252694,1.0121162308301783e-10,0.9999513126670984,1.0121162221715066e-10,0.9999512598252704,0.9999516295943138,0.9999511162079336,1.0280461138892677e-10,0.9999511162079351,1.0909405334741179e-10,1.0680824028921929e-10,0.9999511162079344
3.4460908580426418e-06,1.0121164396765318e-10,1.0121162197790277e-10,1.8352658557194293e-14,1.0121164395229787e-10,1.8352658607694824e-14,1.0121162203031707e-10,1.0121163123767896e-10,1.0121162202368391e-10,2.0143266217698726e-07,1.0121162196756649e-10,1.0121162196125117e-10,1.0121162197114277e-10,1.0121162200536618e-10,1.2611899393812701e-05,1.328721092636689e-17,1.0352693252564135e-17,1.835266006673724e-14,1.0121162202892799e-10,1.0121162196756649e-10,1.835265815169032e-14,1.0121162201511524e-10,1.012116417775383e-10,1.8352658997287107e-14,1.063350414648385e-17,1.0121163490301416e-10,1.0121162196878773e-10,1.0121163489189578e-10,1.0121163493081035e-10,1.0121162196878773e-10,1.0121164046792745e-10,1.0121162200817196e-10,9.19286924167803e-18,1.0121162203456395e-10,1.8985005181356244e-14,1.0121162200817196e-10,1.1031503088263516e-17,1.1023565638791633e-17,1.0121162197440517e-10,1.0007438559409842e-17,1.0121162196125117e-10,1.0121162197441765e-10,1.835265883164884e-14,1.0121162198451593e-10,1.0121164393987223e-10,1.0121164070057728e-10,1.0121163492624553e-10,1.835266002138806e-14,1.0121163973856435e-10,1.835265894142235e-14,1.0121163494266413e-10,1.0121166829673167e-10,1.0121162201436688e-10,9.212669802848292e-18,1.0121162201511524e-10,1.0379613821450065e-17,9.622265318708637e-18,1.0121162197441765e-10
3.5243946132422242e-06,1.4055542803238896e-10,1.405553975578726e-10,1.327032900957339e-17,1.4055542805864475e-10,1.3270363046827143e-17,1.4055539749088742e-10,1.4055541036686523e-10,1.4055539751940612e-10,2.797351467288833e-07,1.4055539755688387e-10,1.4055539745021476e-10,1.4055539745021476e-10,1.4055539750564217e-10,1.328721092636689e-17,1.261189941571888e-05,1.3929263214629448e-17,1.3287489762007271e-17,1.4055539755688387e-10,1.4055539744933353e-10,1.3286484553873368e-17,1.405553974404263e-10,2.7973526620910016e-07,1.3276972443162023e-17,1.4804769733583072e-17,2.7973524722250587e-07,1.4055539749088742e-10,2.797352472225051e-07,2.7973524722250524e-07,1.4055539746603444e-10,2.797352623067337e-07,1.40555397470814e-10,2.644372574206681e-14,1.405553975240804e-10,1.3584445681460933e-17,1.4055539751116694e-10,3.360276756194427e-14,3.377789660857833e-14,1.4055539747275096e-10,2.6739053434070715e-14,1.4055539755910516e-10,1.405553975203543e-10,1.3296294343140295e-17,1.4055539746924741e-10,2.7973527220962275e-07,1.405554233662489e-10,2.797352472225056e-07,1.3280152255062805e-17,1.4055542205975867e-10,1.3264836614167094e-17,2.797352472225059e-07,2.79735340014126e-07,1.4055539749929863e-10,2.6443725589323427e-14,1.40555397521018e-10,1.3944182328227523e-17,2.7534552298517265e-14,1.4055539755688387e-10
3.461778811474526e-06,1.0909407697475441e-10,1.0909405318822452e-10,1.0207414978282287e-17,1.0909407700315051e-10,1.0421334030612907e-17,1.0909405315851296e-10,1.0909406285231411e-10,1.0909405317554898e-10,2.1712037798857829e-07,1.0909405319113935e-10,1.0909405315632111e-10,1.0909405315052305e-10,1.0909405314671116e-10,1.0352693252564135e-17,1.3929263214629448e-17,1.261189940300571e-05,1.017393273355733e-17,1.0909405316111003e-10,1.0909405316273913e-10,1.0261714562650351e-17,1.090940531702673e-10,1.0909407471108209e-10,1.0423112048827515e-17,2.6106217031947953e-14,1.0909406728255851e-10,1.0909405319157941e-10,1.0909406728255851e-10,1.0909406732991134e-10,1.0909405317849961e-10,1.0909407348130206e-10,1.090940531556782e-10,2.060236408637375e-14,1.090940531934067e-10,1.0734095939766405e-17,1.090940531564527e-10,1.12024075130938e-17,1.0892736562535562e-17,1.0909405319156923e-10,2.486492426026291e-14,1.0909405317795859e-10,1.090940531419806e-10,1.0261714562648726e-17,1.0909405315851296e-10,1.0909407691983833e-10,1.0909407354588236e-10,1.0909406731867541e-10,1.0314060562480376e-17,1.0909407249765889e-10,1.0244377441321418e-17,1.0909406731873187e-10,2.171205280237666e-07,1.090940531556782e-10,2.060236396865819e-14,1.0909405315851296e-10,2.57104322407356e-14,2.168417876068888e-14,1.090940531419806e-10
3.4460908572149915e-06,1.0121164500033941e-10,1.0121162314486155e-10,1.8352660096182162e-14,1.0121164497014688e-10,1.8352660146683018e-14,1.0121162311623726e-10,1.0121163237084821e-10,1.012116231685503e-10,2.0143266444830825e-07,1.0121162314511085e-10,1.0121162313584627e-10,1.0121162312378303e-10,1.0121162313715421e-10,1.835266006673724e-14,1.3287489762007271e-17,1.017393273355733e-17,1.2611899393812701e-05,1.0121162313950376e-10,1.0121162314486155e-10,1.835265969067795e-14,1.0121162314450558e-10,1.0121164301898576e-10,1.835266053627441e-14,1.0653582694460897e-17,1.012116360329373e-10,1.012116231399634e-10,1.0121163601497263e-10,1.0121163608740013e-10,1.0121162314486155e-10,1.0121164164058819e-10,1.0121162313980517e-10,9.210162678547635e-18,1.0121162317408292e-10,1.8985006766980734e-14,1.0121162316846791e-10,1.1119098030091195e-17,1.1077297018474925e-17,1.0121162317408292e-10,9.946412196139305e-18,1.0121162315131948e-10,1.0121162319631475e-10,1.8352660370636946e-14,1.0121162316992924e-10,1.0121164501065761e-10,1.0121164182377545e-10,1.0121163602334556e-10,1.8352661560376182e-14,1.0121164072568874e-10,1.835266048041044e-14,1.012116360523e-10,1.0121166944003563e-10,1.0121162315726635e-10,9.197841527017945e-18,1.0121162314862974e-10,1.0207414978282287e-17,9.623438040447919e-18,1.0121162315749929e-10
0.9999687467452153,0.9999513596642045,0.9999511162079346,1.0121162195414228e-10,0.9999513596642008,1.0121162206297848e-10,0.9999511162079343,0.9999512184128394,0.9999511162079352,0.9999508574385462,0.9999511162079339,0.9999511162079336,0.9999511162079341,0.9999511162079346,1.0121162202892799e-10,1.4055539755688387e-10,1.0909405316111003e-10,1.0121162313950376e-10,0.999963728106463,0.9999511162079336,1.0121162148119307e-10,0.9999511162079341,0.999951335738146,1.0121162230957995e-10,1.1227496505085947e-10,0.999951259825271,0.9999511162079336,0.9999512598252692,0.9999512598252704,0.9999511162079336,0.9999513216556378,0.9999511162079341,1.0280461155020926e-10,0.9999511162079341,1.0445886630268842e-10,0.9999511162079336,1.1375963197092682e-10,1.1345496438295154e-10,0.9999511162079339,1.0586800540424533e-10,0.9999511162079335,0.9999511162079336,1.0121162225972204e-10,0.9999511162079336,0.9999513590698055,0.9999513233488122,0.9999512598252689,1.0121162309343435e-10,0.9999513126670981,1.0121162222432483e-10,0.9999512598252702,0.9999516295943138,0.9999511162079339,1.0280461138271926e-10,0.9999511162079351,1.0909405332394289e-10,1.068082402960065e-10,0.9999511162079336
0.9999687467452151,0.9999513596642045,0.9999511162079351,1.0121162188541942e-10,0.9999513596641998,1.0121162201431396e-10,0.9999511162079336,0.9999512184128386,0.9999511162079351,0.999950857438547,0.9999511162079335,0.9999511162079336,0.9999511162079339,0.9999511162079336,1.0121162196756649e-10,1.4055539744933353e-10,1.0909405316273913e-10,1.0121162314486155e-10,0.9999511162079336,0.999963728106462,1.0121162150005257e-10,0.9999511162079339,0.9999513357381453,1.0121162234196144e-10,1.1227496505651022e-10,0.9999512598252698,0.9999511162079331,0.9999512598252694,0.9999512598252704,0.9999511162079335,0.9999513216556373,0.9999511162079341,1.0280461154882409e-10,0.9999511162079339,1.0445886622228305e-10,0.9999511162079343,1.1375963197540694e-10,1.1345496439208993e-10,0.9999511162079335,1.0586800541320201e-10,0.9999511162079333,0.9999511162079336,1.0121162223860573e-10,0.9999511162079336,0.999951359069806,0.9999513233488122,0.9999512598252691,1.0121162306043094e-10,0.9999513126670978,1.0121162226769181e-10,0.9999512598252704,0.9999516295943133,0.9999511162079333,1.0280461138447334e-10,0.9999511162079341,1.0909405332584466e-10,1.0680824029134514e-10,0.9999511162079336
3.4460908555301235e-06,1.0121164332736686e-10,1.0121162147197202e-10,1.8352658181135076e-14,1.0121164339753546e-10,1.8352658231636206e-14,1.012116214663769e-10,1.0121163073604421e-10,1.0121162147732777e-10,2.0143266109721642e-07,1.0121162150118164e-10,1.0121162146612571e-10,1.0121162147762634e-10,1.0121162153782059e-10,1.835265815169032e-14,1.3286484553873368e-17,1.0261714562650351e-17,1.835265969067795e-14,1.0121162148119307e-10,1.0121162150005257e-10,1.2611899393812701e-05,1.012116214811277e-10,1.0121164120343662e-10,1.8352658621227508e-14,1.0641221901347909e-17,1.0121163443173811e-10,1.0121162154649067e-10,1.0121163446680281e-10,1.012116344052668e-10,1.0121162144874352e-10,1.0121163997356935e-10,1.0121162144558383e-10,9.206672908458537e-18,1.0121162146949557e-10,1.898500479346153e-14,1.0121162148001777e-10,1.1052115581543385e-17,1.1070871533886341e-17,1.0121162146949557e-10,1.0048650548067318e-17,1.0121162148635559e-10,1.0121162147732777e-10,1.83526584555896e-14,1.0121162147998328e-10,1.0121164332663865e-10,1.0121164016429333e-10,1.0121163443173811e-10,1.835265964532897e-14,1.0121163914325999e-10,1.835265856536306e-14,1.0121163438586527e-10,1.012116677508649e-10,1.0121162151244647e-10,9.194852538969604e-18,1.0121162145317115e-10,1.0261922011430118e-17,9.623105292700804e-18,1.0121162144558383e-10
0.9999687467452155,0.9999513596642045,0.9999511162079351,1.0121162194718825e-10,0.9999513596642006,1.0121162202443966e-10,0.9999511162079336,0.9999512184128391,0.9999511162079346,0.9999508574385462,0.9999511162079336,0.9999511162079339,0.9999511162079336,0.9999511162079341,1.0121162201511524e-10,1.405553974404263e-10,1.090940531702673e-10,1.0121162314450558e-10,0.9999511162079341,0.9999511162079339,1.012116214811277e-10,0.9999637281064625,0.999951335738146,1.0121162225579623e-10,1.1227496503345363e-10,0.9999512598252704,0.9999511162079335,0.9999512598252679,0.9999512598252706,0.9999511162079335,0.9999513216556365,0.9999511162079335,1.0280461154876447e-10,0.9999511162079336,1.0445886624831835e-10,0.9999511162079344,1.1375963197952988e-10,1.134549643928921e-10,0.9999511162079335,1.058680054092484e-10,0.9999511162079336,0.9999511162079336,1.0121162225716308e-10,0.9999511162079339,0.9999513590698059,0.9999513233488116,0.9999512598252694,1.0121162310828413e-10,0.9999513126670979,1.012116222883041e-10,0.9999512598252702,0.9999516295943143,0.9999511162079336,1.0280461140112312e-10,0.9999511162079341,1.0909405335456004e-10,1.0680824029324019e-10,0.9999511162079339
0.9999689662786578,0.99995157919447,0.9999513357381472,1.0121164168741174e-10,0.9999515791944654,1.0121164177908535e-10,0.9999513357381459,0.999951437943073,0.9999513357381467,0.9999510769687033,0.9999513357381451,0.9999513357381451,0.999951335738146,0.999951335738146,1.012116417775383e-10,2.7973526620910016e-07,1.0909407471108209e-10,1.0121164301898576e-10,0.999951335738146,0.9999513357381453,1.0121164120343662e-10,0.999951335738146,0.9999641671669163,1.0121164204195783e-10,1.12274987221774e-10,0.9999514793555137,0.9999513357381454,0.9999514793555123,0.9999514793555131,0.9999513357381443,0.9999515411858931,0.999951335738146,1.0280463152803526e-10,0.999951335738146,2.0789545781145676e-07,0.999951335738146,1.1375965437293169e-10,1.1345498650067419e-10,0.999951335738146,1.0586802627912685e-10,0.9999513357381451,0.9999513357381453,1.0121164197400557e-10,0.9999513357381453,0.9999515786000714,0.9999515428790683,0.9999514793555129,1.0121164284032203e-10,0.9999515321973513,1.0121164206389035e-10,0.9999514793555131,0.9999518491246363,0.9999513357381453,1.0280463150957415e-10,0.9999513357381457,1.090940748186196e-10,1.0680826095373498e-10,0.9999513357381453
3.446090858111758e-06,1.0121164413608398e-10,1.012116222707153e-10,1.8352659026731776e-14,1.0121164419103037e-10,1.8352659077232082e-14,1.0121162225300894e-10,1.012116315631747e-10,1.0121162229700634e-10,2.014326627293633e-07,1.0121162232167377e-10,1.0121162230267093e-10,1.0121162232394233e-10,1.0121162231084398e-10,1.8352658997287107e-14,1.3276972443162023e-17,1.0423112048827515e-17,1.835266053627441e-14,1.0121162230957995e-10,1.0121162234196144e-10,1.8352658621227508e-14,1.0121162225579623e-10,1.0121164204195783e-10,1.2611899393812701e-05,1.0605299565837459e-17,1.0121163522987447e-10,1.0121162229656937e-10,1.0121163526019372e-10,1.0121163520091081e-10,1.0121162229700634e-10,1.0121164072678097e-10,1.0121162229662304e-10,9.211024937809246e-18,1.0121162230711815e-10,1.898500566498704e-14,1.0121162230330158e-10,1.1070444672033176e-17,1.1051066263958283e-17,1.0121162230738771e-10,9.999474346720754e-18,1.012116222707153e-10,1.0121162230475075e-10,1.8352659301186412e-14,1.0121162227966735e-10,1.0121164417083451e-10,1.0121164096666555e-10,1.0121163518346748e-10,1.835266049092567e-14,1.0121164001183851e-10,1.8352659410959704e-14,1.0121163531237032e-10,1.0121166856959064e-10,1.0121162230426628e-10,9.216588538446649e-18,1.0121162230330158e-10,1.0263442647176924e-17,9.620670874631366e-18,1.0121162229662304e-10
3.4681096093263016e-06,1.1227498950301209e-10,1.1227496505686168e-10,1.0641221901347923e-17,1.1227498948691535e-10,1.072931253370538e-17,1.122749650587466e-10,2.2345114143611595e-07,1.122749650986805e-10,2.2345106930601775e-07,1.122749650688396e-10,1.1227496505650469e-10,1.1227496507060269e-10,1.1227496505690366e-10,1.063350414648385e-17,1.4804769733583072e-17,2.6106217031947953e-14,1.0653582694460897e-17,1.1227496505085947e-10,1.1227496505651022e-10,1.0641221901347909e-17,1.1227496503345363e-10,1.12274987221774e-10,1.0605299565837459e-17,1.2611899403350792e-05,1.1227497955577159e-10,1.1227496508327299e-10,1.1227497954518506e-10,1.1227497953298677e-10,1.1227496505688917e-10,1.1227498593979137e-10,1.1227496507190935e-10,2.1168449826152438e-14,1.1227496506945235e-10,1.104669951192278e-17,1.1227496506342303e-10,1.2035249779460415e-17,1.1976618754665998e-17,1.1227496508040903e-10,2.5248352484195724e-14,1.1227496509238756e-10,1.1227496507443547e-10,1.0641221901347923e-17,1.1227496501114771e-10,2.2345116977149887e-07,1.122749859978203e-10,1.1227497953716627e-10,1.0633280785735154e-17,1.1227498489003999e-10,1.0641221901347909e-17,1.1227497957390371e-10,1.1227501677743407e-10,1.1227496503239073e-10,2.116844970491597e-14,1.1227496503239073e-10,2.6106217179548404e-14,2.2262926861618633e-14,1.1227496503239073e-10
0.9999688903646634,0.9999515032815764,0.9999512598252711,1.0121163485323334e-10,0.9999515032815718,1.0121163492429675e-10,0.9999512598252704,0.9999513620301903,0.9999512598252711,0.9999510010558469,0.9999512598252698,0.9999512598252698,0.9999512598252704,0.9999512598252711,1.0121163490301416e-10,2.7973524722250587e-07,1.0909406728255851e-10,1.012116360329373e-10,0.999951259825271,0.9999512598252698,1.0121163443173811e-10,0.9999512598252704,0.9999514793555137,1.0121163522987447e-10,1.1227497955577159e-10,0.9999640153411443,0.9999512598252697,0.999951403442626,0.9999514034426273,0.9999512598252689,0.9999514652730019,0.9999512598252704,1.0280462452048938e-10,0.9999512598252704,1.0445887970620991e-10,0.9999512598252713,1.1375964652505528e-10,1.1345497894361015e-10,0.999951259825271,1.05868019190641e-10,0.9999512598252692,0.9999512598252698,1.0121163517363705e-10,0.9999512598252704,0.9999515026871771,0.9999514669661773,0.9999514034426273,1.0121163601655086e-10,0.9999514562844619,1.0121163516146755e-10,0.9999514034426268,0.9999517732117224,0.9999512598252702,1.0280462457115441e-10,0.9999512598252694,1.0909406745676021e-10,1.0680825390352651e-10,0.99995125982527
0.9999687467452155,0.9999513596642045,0.9999511162079341,1.0121162195961418e-10,0.9999513596641998,1.0121162197376537e-10,0.9999511162079341,0.9999512184128383,0.9999511162079346,0.9999508574385467,0.9999511162079336,0.9999511162079331,0.9999511162079336,0.9999511162079335,1.0121162196878773e-10,1.4055539749088742e-10,1.0909405319157941e-10,1.012116231399634e-10,0.9999511162079336,0.9999511162079331,1.0121162154649067e-10,0.9999511162079335,0.9999513357381454,1.0121162229656937e-10,1.1227496508327299e-10,0.9999512598252697,0.9999637281064616,0.9999512598252692,0.9999512598252702,0.9999511162079331,0.9999513216556376,0.9999511162079335,1.0280461152963524e-10,0.9999511162079333,1.0445886624689184e-10,0.9999511162079344,1.1375963196945818e-10,1.1345496438238093e-10,0.9999511162079336,1.0586800540479434e-10,0.9999511162079328,0.9999511162079336,1.0121162224443436e-10,0.9999511162079331,0.9999513590698055,0.9999513233488116,0.9999512598252683,1.0121162305405817e-10,0.9999513126670985,1.0121162221818994e-10,0.9999512598252704,0.9999516295943127,0.9999511162079331,1.0280461138988387e-10,0.9999511162079335,1.0909405333869756e-10,1.0680824028910734e-10,0.9999511162079336
0.9999688903646601,0.9999515032815736,0.9999512598252692,1.0121163483619031e-10,0.999951503281569,1.0121163500285009e-10,0.9999512598252677,0.9999513620301882,0.9999512598252684,0.9999510010558444,0.9999512598252689,0.9999512598252689,0.9999512598252679,0.9999512598252692,1.0121163489189578e-10,2.797352472225051e-07,1.0909406728255851e-10,1.0121163601497263e-10,0.9999512598252692,0.9999512598252694,1.0121163446680281e-10,0.9999512598252679,0.9999514793555123,1.0121163526019372e-10,1.1227497954518506e-10,0.999951403442626,0.9999512598252692,0.9999640153411449,0.999951403442626,0.9999512598252684,0.9999514652730027,0.9999512598252679,1.0280462452048938e-10,0.9999512598252679,1.044588796225296e-10,0.9999512598252691,1.1375964646075269e-10,1.134549787692667e-10,0.9999512598252679,1.0586801909057919e-10,0.9999512598252683,0.9999512598252694,1.0121163516337762e-10,0.9999512598252694,0.9999515026871739,0.9999514669661749,0.9999514034426258,1.0121163593262779e-10,0.9999514562844587,1.0121163522013162e-10,0.9999514034426262,0.9999517732117208,0.9999512598252689,1.0280462443350259e-10,0.9999512598252691,1.090940674555981e-10,1.0680825390352651e-10,0.9999512598252694
0.9999688903646601,0.9999515032815754,0.9999512598252704,1.0121163484350394e-10,0.9999515032815717,1.0121163495844074e-10,0.9999512598252702,0.9999513620301899,0.9999512598252704,0.9999510010558473,0.9999512598252702,0.9999512598252704,0.9999512598252708,0.9999512598252711,1.0121163493081035e-10,2.7973524722250524e-07,1.0909406732991134e-10,1.0121163608740013e-10,0.9999512598252704,0.9999512598252704,1.012116344052668e-10,0.9999512598252706,0.9999514793555131,1.0121163520091081e-10,1.1227497953298677e-10,0.9999514034426273,0.9999512598252702,0.999951403442626,0.999964015341146,0.9999512598252684,0.9999514652730032,0.9999512598252706,1.028046247036529e-10,0.9999512598252706,1.0445887958705684e-10,0.9999512598252708,1.1375964646075269e-10,1.134549787692667e-10,0.9999512598252704,1.0586801906648603e-10,0.9999512598252697,0.9999512598252694,1.0121163516592745e-10,0.9999512598252704,0.9999515026871758,0.9999514669661781,0.9999514034426263,1.0121163597839004e-10,0.9999514562844611,1.0121163513208451e-10,0.9999514034426281,0.9999517732117214,0.9999512598252702,1.0280462448777364e-10,0.99995125982527,1.0909406744602964e-10,1.0680825386941846e-10,0.9999512598252694
0.9999687467452082,0.999951359664204,0.9999511162079331,1.0121162192759331e-10,0.9999513596641998,1.0121162194960412e-10,0.9999511162079335,0.9999512184128372,0.9999511162079336,0.9999508574385462,0.9999511162079336,0.9999511162079335,0.9999511162079331,0.9999511162079336,1.0121162196878773e-10,1.4055539746603444e-10,1.0909405317849961e-10,1.0121162314486155e-10,0.9999511162079336,0.9999511162079335,1.0121162144874352e-10,0.9999511162079335,0.9999513357381443,1.0121162229700634e-10,1.1227496505688917e-10,0.9999512598252689,0.9999511162079331,0.9999512598252684,0.9999512598252684,0.9999637281064622,0.999951321655637,0.9999511162079335,1.0280461154973921e-10,0.9999511162079335,1.0445886625565069e-10,0.9999511162079333,1.1375963197602446e-10,1.1345496438354106e-10,0.9999511162079335,1.0586800539833325e-10,0.9999511162079318,0.9999511162079335,1.0121162226124729e-10,0.9999511162079335,0.9999513590698055,0.9999513233488109,0.9999512598252692,1.0121162308301783e-10,0.9999513126670964,1.0121162228810879e-10,0.9999512598252691,0.9999516295943123,0.9999511162079336,1.0280461140778602e-10,0.999951116207933,1.0909405332874228e-10,1.0680824029206898e-10,0.9999511162079335
0.9999689521959436,0.9999515651119568,0.9999513216556373,1.012116404290408e-10,0.9999515651119534,1.0121164051002646e-10,0.9999513216556374,0.9999514238605627,0.9999513216556378,0.9999510628861977,0.9999513216556374,0.999951321655637,0.999951321655637,0.9999513216556378,1.0121164046792745e-10,2.797352623067337e-07,1.0909407348130206e-10,1.0121164164058819e-10,0.9999513216556378,0.9999513216556373,1.0121163997356935e-10,0.9999513216556365,0.9999515411858931,1.0121164072678097e-10,1.1227498593979137e-10,0.9999514652730019,0.9999513216556376,0.9999514652730027,0.9999514652730032,0.999951321655637,0.9999641390019002,0.9999513216556374,1.0280463014723124e-10,0.9999513216556365,1.0445888532409898e-10,0.9999513216556384,2.2640596604189537e-07,1.1345498485515277e-10,0.9999513216556374,1.0586802496486693e-10,0.999951321655637,0.9999513216556378,1.0121164071801725e-10,0.9999513216556373,0.9999515645175596,0.9999515287965566,0.999951465273001,1.0121164153490526e-10,0.9999515181148406,1.0121164070276936e-10,0.9999514652730032,0.9999518350421207,0.9999513216556374,1.0280463009347899e-10,0.9999513216556374,1.090940736276619e-10,1.0680825975497863e-10,0.9999513216556378
0.9999687467452151,0.9999513596642045,0.9999511162079351,1.0121162194188146e-10,0.9999513596641995,1.0121162198719922e-10,0.9999511162079336,0.9999512184128391,0.9999511162079346,0.9999508574385462,0.9999511162079336,0.9999511162079339,0.9999511162079336,0.9999511162079341,1.0121162200817196e-10,1.40555397470814e-10,1.090940531556782e-10,1.0121162313980517e-10,0.9999511162079341,0.9999511162079341,1.0121162144558383e-10,0.9999511162079335,0.999951335738146,1.0121162229662304e-10,1.1227496507190935e-10,0.9999512598252704,0.9999511162079335,0.9999512598252679,0.9999512598252706,0.9999511162079335,0.9999513216556374,0.9999637281064622,1.0280461155095033e-10,0.9999511162079335,1.0445886629280932e-10,0.9999511162079344,1.1375963196956791e-10,1.1345496438526901e-10,0.9999511162079335,1.0586800540969497e-10,0.9999511162079336,0.9999511162079339,1.012116222536352e-10,0.9999511162079339,0.9999513590698068,0.9999513233488116,0.9999512598252694,1.0121162311825722e-10,0.9999513126670979,1.0121162222374269e-10,0.9999512598252704,0.9999516295943143,0.9999511162079336,1.0280461138578626e-10,0.9999511162079344,1.0909405331773976e-10,1.0680824028755282e-10,0.9999511162079339
