1.0000000050859101,1.9668657921465026e-06,1.9668658173196666e-06,1.000006189146926,1.0000061893951215,1.0000061816107564,1.9668658155379904e-06,2.0148157438722714e-06,1.0000061901904862,1.0000061816107537,1.0000061816107542,1.0000061714088218,1.0000061950592418,1.9668658137225968e-06,1.000006288000883,1.000006190326282,1.0000061872574566,1.0000061816107564,2.0190222509671584e-06,1.0000061955162465,1.0000061816107542,1.0000061816107555,1.0000061816107557,1.0000061872574553,1.0000061816107548,1.0000061816107542,1.0000061872574546,1.0000061816107553,1.0000061816107557,1.0000061816107564,1.000006200894212,2.019022246799551e-06,2.0190222510225688e-06,1.98875905026727e-06,1.00000618161076,1.9668658138310483e-06,1.9794354879217384e-06,1.0000061816107564,1.979435487760848e-06,1.000006181610753,1.0000061893951258,1.0000061816107542,1.000006181610761,1.966865812978897e-06,1.0000061816107564,2.0190222509671648e-06,1.000006182256555,1.0000061822565554,1.0000061872574586,1.0000061816107553,1.0000061816107542,1.0000061816107575,1.0000061306171169,1.9692526259282714e-06,1.000006181610758,1.0000061893951204,2.0190222510270195e-06,1.9691044895131707e-06,1.988759044746729e-06,1.000006181610755,1.0000061893951295,1.971690721173142e-06,1.9793469219800045e-06,1.9692526259283785e-06,1.0000061893951246,1.0000061816107564,2.0047231776333504e-06
1.9668657921465026e-06,7.889490398717298e-07,7.881643141427434e-15,4.4552874108906013e-11,4.455287406706802e-11,4.4552873768030525e-11,7.88164300607183e-15,6.073777236943919e-18,4.4552874110754665e-11,4.455287386234965e-11,4.455287365051935e-11,8.87333332239068e-08,4.4552874308953357e-11,7.881642968562097e-15,4.455287846913602e-11,4.455287417108966e-11,4.4552874006743495e-11,4.4552873673907556e-11,1.2514575140054944e-14,4.4552874317437845e-11,4.455287380583715e-11,4.455287369913073e-11,4.4552873673907556e-11,4.45528739993584e-11,4.455287380583715e-11,4.455287379722209e-11,4.4552874001452156e-11,4.455287386234965e-11,4.455287369913073e-11,4.455287369913073e-11,4.455287456945437e-11,1.2514575073092455e-14,1.2514575138377133e-14,9.826153063864166e-15,4.455287369090084e-11,7.881643069993564e-15,8.998156701834875e-15,4.4552873768030525e-11,8.998156678997143e-15,4.455287377220653e-11,4.4552874043967314e-11,4.4552873673907556e-11,4.4552873673907556e-11,7.881643023192808e-15,4.455287380583715e-11,1.2514575142779656e-14,4.455287371848064e-11,4.455287371848064e-11,4.45528740112004e-11,4.455287377220653e-11,4.455287380583715e-11,4.4552873768030525e-11,8.873332958948298e-08,8.093632506033892e-15,4.455287366954152e-11,4.455287407423645e-11,1.2514575152983057e-14,8.080487772517554e-15,9.826153053479059e-15,4.4552873768030525e-11,4.4552874058819206e-11,8.310215924899182e-15,8.990079778733455e-15,8.093632509294199e-15,4.4552874033414835e-11,4.455287386234965e-11,1.1244469906322024e-14
1.9668658173196666e-06,7.881643141427434e-15,7.889490398717298e-07,4.4552886105182674e-11,4.4552886128998864e-11,4.455288579443726e-11,7.881644392600795e-15,6.1622915685833054e-18,4.455288615438573e-11,4.455288568943629e-11,4.455288576752855e-11,8.873335723050296e-08,4.455288636204772e-11,7.881644355091058e-15,4.4552890495083576e-11,4.4552886150698364e-11,4.4552885994902896e-11,4.4552885701746636e-11,1.2514577347253577e-14,4.455288640088039e-11,4.455288568943629e-11,4.4552885785402345e-11,4.4552885767528465e-11,4.455288599081786e-11,4.455288579443726e-11,4.4552885780987676e-11,4.455288609932972e-11,4.4552885778793987e-11,4.4552885785402345e-11,4.455288580762436e-11,4.45528866110319e-11,1.251457728029109e-14,1.2514577345575773e-14,9.826154785804482e-15,4.4552885701746636e-11,7.88164445652252e-15,8.998158284929866e-15,4.4552885767528465e-11,8.998158262092144e-15,4.455288578540235e-11,4.4552886131046136e-11,4.455288576752855e-11,4.4552885801664516e-11,7.881644409721773e-15,4.455288578540235e-11,1.2514577349978289e-14,4.455288562730968e-11,4.4552885740906775e-11,4.4552885994902896e-11,4.455288576752855e-11,4.455288576752855e-11,4.4552885767528465e-11,8.87333535960774e-08,8.093633929700437e-15,4.4552885701746636e-11,4.45528861397214e-11,1.2514577360181701e-14,8.080489193611854e-15,9.826154775419391e-15,4.4552885699363154e-11,4.455288611571703e-11,8.310217387704934e-15,8.990081351476925e-15,8.09363393296074e-15,4.455288619983768e-11,4.4552885778793987e-11,1.1244471892908477e-14
1.000006189146926,4.4552874108906013e-11,4.4552886105182674e-11,1.000006792202788,1.0000060035021472,1.0000059957177676,4.455288413270619e-11,1.3668336633774836e-07,1.000006004297509,1.0000059957177674,1.000005995717767,1.0000059855158108,1.0000060091662726,4.4552883505758765e-11,1.0000061021080597,1.0000060044333061,1.0000060013644736,1.0000059957177678,1.4088987717618403e-07,1.0000060096232744,1.0000059957177667,1.0000059957177665,1.0000059957177652,1.0000060013644734,1.0000059957177676,1.000005995717767,1.000006001364473,1.000005995717767,1.0000059957177676,1.0000059957177656,1.0000060150012506,1.4088987638168815e-07,1.408898771979479e-07,5.554546394654319e-11,1.0000059957177658,4.4552884302624365e-11,1.0130305077564767e-07,1.0000059957177665,1.0130305036399908e-07,1.0000059957177663,1.0000060035021472,1.0000059957177665,1.0000059957177663,4.45528839039314e-11,1.000005995717767,1.4088987725103205e-07,1.0000059963635675,1.0000059963635675,1.0000060013644743,1.0000059957177676,1.0000059957177665,1.0000059957177665,1.000005944724047,9.112017432954514e-08,1.0000059957177674,1.0000060035021472,1.4088987738143732e-07,4.567692265307718e-11,5.554546408838135e-11,1.0000059957177665,1.0000060035021472,9.355826807908098e-08,1.01214488782201e-07,9.11201746823106e-08,1.0000060035021472,1.000005995717767,6.356104147139802e-11
1.0000061893951215,4.455287406706802e-11,4.4552886128998864e-11,1.0000060035021472,1.0000067926991878,1.0000059959659682,4.455288406642877e-11,1.3668336637145038e-07,1.0000060045457069,1.0000059959659682,1.0000059959659677,1.00000598576401,1.0000060094144736,4.455288345657878e-11,1.0000061023562585,1.000006004681508,1.0000060016126715,1.0000059959659682,1.4088987721092813e-07,1.0000060098714745,1.0000059959659668,1.0000059959659662,1.000005995965966,1.0000060016126728,1.0000059959659677,1.0000059959659682,1.0000060016126724,1.0000059959659668,1.0000059959659684,1.000005995965966,1.0000060152494525,1.4088987641643254e-07,1.4088987723269212e-07,1.106266287552376e-07,1.0000059959659662,4.4552884261518994e-11,5.08641095198327e-11,1.000005995965966,5.086410943615084e-11,1.0000059959659662,1.000006003750348,1.0000059959659673,1.0000059959659664,4.4552883938331586e-11,1.0000059959659673,1.4088987728577636e-07,1.0000059966117678,1.0000059966117667,1.0000060016126737,1.0000059959659677,1.0000059959659664,1.0000059959659666,1.000005944972247,4.575130249099283e-11,1.0000059959659662,1.000006003750348,1.408898774161816e-07,4.567692261597767e-11,1.1062662900875884e-07,1.0000059959659668,1.000006003750348,4.6975465791445875e-11,5.0819642690801315e-11,4.5751302699897316e-11,1.000006003750348,1.0000059959659682,1.2659078021489845e-07
1.0000061816107564,4.4552873768030525e-11,4.455288579443726e-11,1.0000059957177676,1.0000059959659682,1.0000067771304295,4.4552883784511917e-11,6.86285122953327e-11,1.00000599676133,1.0000059881815855,1.0000059881815875,1.0000059779796306,1.000006001630094,4.455288310915603e-11,1.000006094571879,1.0000059968971264,1.0000059938282921,1.0000059881815866,7.074059499874233e-11,1.0000060020870951,1.0000059881815864,1.000005988181586,1.0000059881815846,1.000005993828292,1.0000059881815864,1.0000059881815873,1.000005993828293,1.0000059881815864,1.0000059881815868,1.0000059881815848,1.0000060074650725,7.074059458308013e-11,7.074059501508428e-11,5.554546355563918e-11,1.0000059881815848,4.455288394127506e-11,5.086410916279312e-11,1.0000059881815855,5.086410894623589e-11,1.0000059881815864,1.000005995965969,1.0000059881815864,1.000005988181586,4.4552883613653477e-11,1.0000059881815873,7.074059508257997e-11,1.0000059888273878,1.000005988827387,1.0000059938282944,1.0000059881815864,1.0000059881815864,1.0000059881815855,1.0000059371878667,4.575130224666774e-11,1.0000059881815861,1.000005995965969,7.074059517091192e-11,4.5676922312866964e-11,5.554546368128191e-11,1.0000059881815857,1.0000059959659684,4.69754654337847e-11,5.08196422782197e-11,4.5751302417100963e-11,1.000005995965969,1.0000059881815873,6.356104000977737e-11
1.9668658155379904e-06,7.88164300607183e-15,7.881644392600795e-15,4.455288413270619e-11,4.455288406642877e-11,4.4552883784511917e-11,7.889490398717298e-07,6.008291259962183e-18,4.4552884101213963e-11,4.4552883721714555e-11,4.455288378889356e-11,8.873335316650773e-08,4.455288432832744e-11,7.881644219735461e-15,4.455288851536135e-11,4.455288408488523e-11,4.4552884061001515e-11,4.4552883721714555e-11,1.2514577131062613e-14,4.455288434601582e-11,4.4552883730162835e-11,4.4552883721669254e-11,4.4552883756733925e-11,4.4552884053465156e-11,4.4552883721519444e-11,4.4552883721714555e-11,4.4552884061001515e-11,4.455288374466831e-11,4.455288366928726e-11,4.4552883873508524e-11,4.4552884592762184e-11,1.2514577064100117e-14,1.251457712938479e-14,9.826154618505688e-15,4.4552883756733925e-11,7.88164432116692e-15,8.998158130335441e-15,4.455288381746946e-11,8.998158107497711e-15,4.4552883721714555e-11,4.455288405163545e-11,4.4552883721669254e-11,4.4552883752171766e-11,7.881644274366177e-15,4.4552883756733925e-11,1.2514577133787308e-14,4.45528837062742e-11,4.4552883845920235e-11,4.4552883975081754e-11,4.4552883721669254e-11,4.4552883799735924e-11,4.455288366928726e-11,8.873334953208258e-08,8.093633790686693e-15,4.455288381745542e-11,4.4552884059474255e-11,1.2514577143990724e-14,8.080489054935777e-15,9.826154608120598e-15,4.4552883752171766e-11,4.455288407421089e-11,8.310217244711559e-15,8.99008119903677e-15,8.093633793947005e-15,4.455288405163545e-11,4.4552883721669254e-11,1.1244471697717072e-14
2.0148157438722714e-06,6.073777236943919e-18,6.1622915685833054e-18,1.3668336633774836e-07,1.3668336637145038e-07,6.86285122953327e-11,6.008291259962183e-18,7.889490484366786e-07,1.3668336648064573e-07,6.862851230677505e-11,6.862851229519931e-11,6.862851142553672e-11,1.3668336714905944e-07,6.161574591942694e-18,6.862851967999174e-11,1.3668336649924554e-07,1.3668336607808478e-07,6.862851229690687e-11,1.9277285489659842e-14,1.3668336721177572e-07,6.86285122868369e-11,6.86285122965743e-11,6.862851229418057e-11,1.3668336607808464e-07,6.862851229497318e-11,6.862851229444711e-11,1.3668336607808483e-07,6.862851229777147e-11,6.862851230420498e-11,6.862851229495898e-11,1.3668336794941005e-07,1.927728538647573e-14,1.9277285487106022e-14,7.863572040659779e-18,6.862851228704034e-11,6.066799019795213e-18,1.3860642740705152e-14,6.862851229497318e-11,1.3860642705427251e-14,6.86285122805149e-11,1.3668336637145045e-07,6.862851229450952e-11,6.862851229691416e-11,6.132391750339676e-18,6.862851229703038e-11,1.92772854938861e-14,6.862851244193839e-11,6.862851245256961e-11,1.3668336607808493e-07,6.862851229346539e-11,6.862851228983187e-11,6.862851228783028e-11,1.3668335830573089e-07,1.2467325847383582e-14,6.862851229028537e-11,1.3668336637145043e-07,1.9277285509615316e-14,6.282436098064979e-18,7.512265662876122e-18,6.86285122996946e-11,1.3668336637145048e-07,1.280094779110899e-14,6.636650121501567e-18,1.2467325852609335e-14,1.3668336637145045e-07,6.862851228783028e-11,1.732083167030897e-14
1.0000061901904862,4.4552874110754665e-11,4.455288615438573e-11,1.000006004297509,1.0000060045457069,1.00000599676133,4.4552884101213963e-11,1.3668336648064573e-07,1.0000067942899111,1.0000059967613277,1.0000059967613288,1.0000059865593731,1.0000060102098356,4.455288350885114e-11,1.000006103151622,1.000006005476867,1.0000060024080337,1.0000059967613277,1.4088987732347348e-07,1.0000060106668367,1.000005996761328,1.000005996761328,1.0000059967613264,1.000006002408034,1.0000059967613277,1.0000059967613286,1.0000060024080337,1.0000059967613284,1.0000059967613277,1.0000059967613273,1.0000060160448145,1.4088987652897789e-07,1.408898773452376e-07,5.554546415240497e-11,1.000005996761327,4.4552884314695954e-11,1.0130305088155782e-07,1.0000059967613273,1.0130305046990925e-07,1.0000059967613286,1.0000060045457075,1.0000059967613286,1.0000059967613277,4.45528839893013e-11,1.0000059967613286,1.408898773983217e-07,1.000005997407129,1.000005997407128,1.0000060024080355,1.0000059967613273,1.0000059967613277,1.0000059967613273,1.0000059457676083,4.575130253133134e-11,1.0000059967613275,1.0000060045457075,1.40889877528727e-07,4.5676922697547204e-11,5.5545464274103276e-11,1.0000059967613288,1.0000060045457073,4.697546651322693e-11,1.0121448888803035e-07,4.57513027341409e-11,1.0000060045457075,1.0000059967613286,1.2659078031601692e-07
1.0000061816107537,4.455287386234965e-11,4.455288568943629e-11,1.0000059957177674,1.0000059959659682,1.0000059881815855,4.4552883721714555e-11,6.862851230677505e-11,1.0000059967613277,1.0000067771304237,1.000005988181586,1.0000059779796306,1.000006001630093,4.455288321814145e-11,1.000006094571879,1.000005996897125,1.0000059938282915,1.0000059881815864,7.074059501859704e-11,1.0000060020870951,1.0000059881815848,1.0000059881815853,1.0000059881815844,1.0000059938282915,1.000005988181586,1.0000059881815855,1.0000059938282926,1.0000059881815855,1.0000059881815864,1.0000059881815848,1.000006007465073,7.074059466820586e-11,7.074059500708128e-11,5.554546353763776e-11,1.0000059881815848,4.455288393000308e-11,5.0864109160818186e-11,1.0000059881815853,5.0864108933323116e-11,1.0000059881815846,1.0000059959659684,1.0000059881815853,1.0000059881815853,4.4552883596837224e-11,1.000005988181586,7.074059508218003e-11,1.0000059888273858,1.0000059888273884,1.0000059938282917,1.000005988181586,1.0000059881815848,1.0000059881815848,1.0000059371878667,4.5751302232619796e-11,1.0000059881815864,1.000005995965969,7.074059508782392e-11,4.5676922316185755e-11,5.5545463692453114e-11,1.0000059881815857,1.0000059959659684,4.697546543377438e-11,5.081964224498818e-11,4.575130240394006e-11,1.0000059959659684,1.000005988181586,6.356103997955278e-11
1.0000061816107542,4.455287365051935e-11,4.455288576752855e-11,1.000005995717767,1.0000059959659677,1.0000059881815875,4.455288378889356e-11,6.862851229519931e-11,1.0000059967613288,1.000005988181586,1.000006777130429,1.0000059779796298,1.0000060016300936,4.455288313747369e-11,1.0000060945718794,1.000005996897125,1.0000059938282917,1.0000059881815864,7.074059508433164e-11,1.0000060020870947,1.000005988181586,1.0000059881815848,1.0000059881815835,1.0000059938282917,1.0000059881815868,1.000005988181586,1.0000059938282926,1.0000059881815864,1.0000059881815864,1.0000059881815835,1.0000060074650718,7.074059458894682e-11,7.074059508308129e-11,5.554546358406712e-11,1.0000059881815848,4.455288393410195e-11,5.0864109159563056e-11,1.0000059881815853,5.0864108937665737e-11,1.000005988181586,1.0000059959659688,1.000005988181586,1.0000059881815853,4.455288358650981e-11,1.0000059881815873,7.07405950977318e-11,1.0000059888273871,1.0000059888273864,1.0000059938282941,1.0000059881815866,1.0000059881815853,1.0000059881815848,1.0000059371878662,4.5751302235949256e-11,1.0000059881815857,1.0000059959659688,7.074059511393964e-11,4.567692225132216e-11,5.5545463692453114e-11,1.0000059881815864,1.0000059959659682,4.697546543386844e-11,5.0819642340382585e-11,4.5751302405527375e-11,1.0000059959659684,1.0000059881815864,6.356103998826766e-11
1.0000061714088218,8.87333332239068e-08,8.873335723050296e-08,1.0000059855158108,1.00000598576401,1.0000059779796306,8.873335316650773e-08,6.862851142553672e-11,1.0000059865593731,1.0000059779796306,1.0000059779796298,1.0000067567265165,1.0000059914281374,8.873335196662875e-08,1.0000060843699217,1.0000059866951692,1.000005983626336,1.0000059779796304,1.4088987466765877e-07,1.0000059918851372,1.0000059779796293,1.0000059779796304,1.000005977979629,1.0000059836263353,1.0000059779796295,1.000005977979629,1.000005983626336,1.000005977979629,1.000005977979631,1.0000059779796298,1.0000059972631155,1.4088987387316307e-07,1.4088987468942267e-07,1.1062662675769812e-07,1.0000059779796289,8.87333535846956e-08,1.0130304897175158e-07,1.0000059779796302,1.0130304856010303e-07,1.000005977979629,1.0000059857640111,1.00000597797963,1.0000059779796289,8.873335290204379e-08,1.0000059779796304,1.4088987474250686e-07,1.0000059786254305,1.000005978625431,1.0000059836263375,1.0000059779796295,1.0000059779796289,1.0000059779796298,1.0000059269859107,9.112017270694378e-08,1.0000059779796302,1.0000059857640116,1.4088987487291217e-07,9.097203458657495e-08,1.1062662701121933e-07,1.0000059779796293,1.000005985764011,9.35582664131068e-08,1.0121448697943465e-07,9.112017305970931e-08,1.0000059857640111,1.000005977979629,1.2659077792983352e-07
1.0000061950592418,4.4552874308953357e-11,4.455288636204772e-11,1.0000060091662726,1.0000060094144736,1.000006001630094,4.455288432832744e-11,1.3668336714905944e-07,1.0000060102098356,1.000006001630093,1.0000060016300936,1.0000059914281374,1.0000068040274355,4.45528837187587e-11,1.0000061080203861,1.0000060103456327,1.0000060072767982,1.0000060016300931,1.4088987801239455e-07,1.0000060155356008,1.0000060016300925,1.000006001630093,1.0000060016300916,1.0000060072767976,1.0000060016300931,1.0000060016300936,1.0000060072767998,1.000006001630094,1.000006001630093,1.0000060016300916,1.0000060209135775,1.408898772178987e-07,1.408898780341583e-07,5.5545464328851356e-11,1.0000060016300922,4.4552884531249835e-11,1.0130305137697372e-07,1.0000060016300931,1.013030509653252e-07,1.0000060016300925,1.0000060094144747,1.0000060016300931,1.0000060016300925,4.455288419138817e-11,1.0000060016300933,1.4088987808724267e-07,1.0000060022758923,1.000006002275894,1.0000060072767998,1.000006001630093,1.0000060016300931,1.000006001630093,1.0000059506363728,4.575130318709213e-11,1.0000060016300918,1.0000060094144747,1.4088987821764778e-07,4.567692293905958e-11,5.554546445682607e-11,1.000006001630094,1.000006009414474,9.355826863443103e-08,1.0121448938315444e-07,4.575130301146867e-11,1.0000060094144747,1.0000060016300936,6.356104091008642e-11
1.9668658137225968e-06,7.881642968562097e-15,7.881644355091058e-15,4.4552883505758765e-11,4.455288345657878e-11,4.455288310915603e-11,7.881644219735461e-15,6.161574591942694e-18,4.455288350885114e-11,4.455288321814145e-11,4.455288313747369e-11,8.873335196662875e-08,4.45528837187587e-11,7.889490398717298e-07,4.455288787774471e-11,4.45528835147615e-11,4.455288344827857e-11,4.4552883124082237e-11,1.2514577071048467e-14,4.455288374731952e-11,4.4552883124082237e-11,4.455288321378695e-11,4.4552883141684227e-11,4.45528834485577e-11,4.4552883124082237e-11,4.4552883124082237e-11,4.4552883428536614e-11,4.455288315793794e-11,4.455288314960879e-11,4.4552883124082237e-11,4.455288397706019e-11,1.251457700408598e-14,1.2514577069370653e-14,9.82615457227081e-15,4.455288309790676e-11,7.881644283657185e-15,8.998158087495002e-15,4.455288321378695e-11,8.99815806465728e-15,4.4552883149279386e-11,4.45528834480675e-11,4.455288321814145e-11,4.4552883098833925e-11,7.881644236856436e-15,4.455288321378695e-11,1.2514577073773169e-14,4.4552883056295315e-11,4.455288307618055e-11,4.455288341622744e-11,4.455288309790676e-11,4.455288308664957e-11,4.455288321814145e-11,8.873334833220371e-08,8.093633752172868e-15,4.4552883098833925e-11,4.455288350192401e-11,1.2514577083976592e-14,8.080489016513306e-15,9.826154561885708e-15,4.4552883086361314e-11,4.455288348025741e-11,8.310217205079351e-15,8.990081156955178e-15,8.093633755433159e-15,4.4552883486324195e-11,4.4552883107162936e-11,1.1244471643493673e-14
1.000006288000883,4.455287846913602e-11,4.4552890495083576e-11,1.0000061021080597,1.0000061023562585,1.000006094571879,4.455288851536135e-11,6.862851967999174e-11,1.000006103151622,1.000006094571879,1.0000060945718794,1.0000060843699217,1.0000061080203861,4.455288787774471e-11,1.000006989911019,1.000006103287418,1.0000061002185854,1.0000060945718798,1.408898911588187e-07,1.0000061084773872,1.0000060945718776,1.0000060945718787,1.000006094571878,1.0000061002185863,1.0000060945718792,1.0000060945718783,1.0000061002185863,1.0000060945718787,1.0000060945718798,1.0000060945718787,1.000006113855366,1.4088989036432275e-07,1.408898911805826e-07,5.554546947924956e-11,1.000006094571878,4.4552888739785146e-11,1.0130306083070485e-07,1.0000060945718787,1.0130306041905615e-07,1.0000060945718783,1.0000061023562585,1.0000060945718783,1.0000060945718776,4.455288832810781e-11,1.0000060945718787,1.408898912336669e-07,1.0000060952176795,1.0000060952176784,1.0000061002185865,1.0000060945718783,1.0000060945718783,1.000006094571878,1.000006043578154,4.575130690899086e-11,1.0000060945718783,1.0000061023562596,1.408898913640722e-07,4.567692720119888e-11,5.5545469641534975e-11,1.0000060945718778,1.0000061023562585,4.697547063495686e-11,1.0121449883108537e-07,4.575130705055835e-11,1.0000061023562585,1.0000060945718783,6.356104677231083e-11
1.000006190326282,4.455287417108966e-11,4.4552886150698364e-11,1.0000060044333061,1.000006004681508,1.0000059968971264,4.455288408488523e-11,1.3668336649924554e-07,1.000006005476867,1.000005996897125,1.000005996897125,1.0000059866951692,1.0000060103456327,4.45528835147615e-11,1.000006103287418,1.0000067945615094,1.0000060025438315,1.000005996897125,1.4088987734264512e-07,1.0000060108026334,1.0000059968971249,1.000005996897125,1.0000059968971236,1.0000060025438318,1.000005996897125,1.0000059968971242,1.000006002543832,1.0000059968971244,1.0000059968971267,1.000005996897125,1.0000060161806128,1.4088987654814923e-07,1.4088987736440892e-07,1.1062662885869404e-07,1.000005996897124,4.4552884254237174e-11,5.086410952059848e-11,1.000005996897125,5.086410920489906e-11,1.0000059968971253,1.0000060046815085,1.0000059968971253,1.0000059968971244,4.455288401117699e-11,1.0000059968971253,1.4088987741749313e-07,1.0000059975429274,1.0000059975429265,1.000006002543833,1.0000059968971249,1.000005996897124,1.000005996897125,1.0000059459034054,4.5751302587900615e-11,1.0000059968971253,1.0000060046815085,1.408898775478984e-07,9.097203631401588e-08,1.1062662911221533e-07,1.0000059968971244,1.0000060046815076,4.6975465964868614e-11,5.081964284750741e-11,4.575130272320829e-11,1.0000060046815085,1.0000059968971249,1.2659078033324213e-07
1.0000061872574566,4.4552874006743495e-11,4.4552885994902896e-11,1.0000060013644736,1.0000060016126715,1.0000059938282921,4.4552884061001515e-11,1.3668336607808478e-07,1.0000060024080337,1.0000059938282915,1.0000059938282917,1.000005983626336,1.0000060072767982,4.455288344827857e-11,1.0000061002185854,1.0000060025438315,1.000006788423837,1.0000059938282921,1.4088987690855977e-07,1.0000060077337998,1.0000059938282913,1.0000059938282913,1.0000059938282893,1.0000059994749981,1.0000059938282924,1.0000059938282917,1.0000059994749988,1.0000059938282917,1.0000059938282917,1.0000059938282904,1.0000060131117776,1.4088987611406398e-07,1.408898769303237e-07,5.554546390526666e-11,1.0000059938282908,4.4552884171910984e-11,5.08641097202988e-11,1.0000059938282917,5.0864109053152765e-11,1.0000059938282908,1.0000060016126728,1.0000059938282913,1.0000059938282913,4.455288388150289e-11,1.0000059938282917,1.4088987698340786e-07,1.0000059944740913,1.0000059944740922,1.0000059994749997,1.0000059938282917,1.0000059938282913,1.0000059938282906,1.0000059428345724,4.5751302375954815e-11,1.0000059938282913,1.0000060016126744,1.4088987711381324e-07,4.567692254082323e-11,5.554546416447248e-11,1.0000059938282913,1.0000060016126724,4.697546579441352e-11,5.081964263349054e-11,4.575130266749351e-11,1.0000060016126728,1.0000059938282917,1.265907799432288e-07
1.0000061816107564,4.4552873673907556e-11,4.4552885701746636e-11,1.0000059957177678,1.0000059959659682,1.0000059881815866,4.4552883721714555e-11,6.862851229690687e-11,1.0000059967613277,1.0000059881815864,1.0000059881815864,1.0000059779796304,1.0000060016300931,4.4552883124082237e-11,1.0000060945718798,1.000005996897125,1.0000059938282921,1.0000067771304295,7.074059502557964e-11,1.0000060020870951,1.0000059881815846,1.0000059881815848,1.0000059881815848,1.000005993828291,1.0000059881815864,1.0000059881815855,1.0000059938282928,1.000005988181586,1.0000059881815868,1.0000059881815848,1.0000060074650734,7.074059457741229e-11,7.074059507954714e-11,5.554546357699985e-11,1.0000059881815855,4.455288394127506e-11,5.086410915683765e-11,1.0000059881815853,5.086410894372563e-11,1.0000059881815853,1.000005995965969,1.0000059881815853,1.0000059881815855,4.455288357845408e-11,1.000005988181586,7.074059507767952e-11,1.000005988827386,1.000005988827388,1.0000059938282926,1.0000059881815864,1.0000059881815853,1.0000059881815855,1.0000059371878662,4.5751302233797765e-11,1.0000059881815853,1.0000059959659688,7.074059517361489e-11,4.567692224755315e-11,5.554546367633987e-11,1.000005988181586,1.0000059959659688,4.697546543191431e-11,5.081964230804886e-11,4.575130240205802e-11,1.000005995965969,1.0000059881815873,6.356104000160153e-11
2.0190222509671584e-06,1.2514575140054944e-14,1.2514577347253577e-14,1.4088987717618403e-07,1.4088987721092813e-07,7.074059499874233e-11,1.2514577131062613e-14,1.9277285489659842e-14,1.4088987732347348e-07,7.074059501859704e-11,7.074059508433164e-11,1.4088987466765877e-07,1.4088987801239455e-07,1.2514577071048467e-14,1.408898911588187e-07,1.4088987734264512e-07,1.4088987690855977e-07,7.074059502557964e-11,7.88949051723971e-07,1.4088987807703547e-07,7.074059501859704e-11,7.074059508177755e-11,7.074059503955995e-11,1.4088987690855969e-07,7.074059500565675e-11,7.074059508433164e-11,1.4088987690855982e-07,7.074059502042549e-11,7.074059501859704e-11,7.074059508433164e-11,7.074059651019523e-11,1.9870800954203118e-14,1.9870801057932956e-14,1.5602104308496326e-14,7.074059505126914e-11,1.2514577232407723e-14,1.428739228508632e-14,7.074059499200917e-11,1.4287392248652757e-14,7.074059504858808e-11,1.4088987721092824e-07,7.074059508177755e-11,7.074059509269774e-11,1.2514577158005824e-14,7.074059508647413e-11,1.9870801064938417e-14,7.074059503343288e-11,7.074059500788038e-11,1.4088987690856003e-07,7.074059508692657e-11,7.074059503753329e-11,7.074059505074043e-11,1.408898688976667e-07,1.285117755103406e-14,7.074059503753329e-11,1.4088987721092832e-07,1.987080108114625e-14,1.283030589664218e-14,1.5602104292178297e-14,7.074059504316669e-11,1.4088987721092824e-07,1.3195070543874969e-14,1.4274578367539006e-14,1.285117755639799e-14,1.4088987721092827e-07,7.07405950853587e-11,1.7854109710232907e-14
1.0000061955162465,4.4552874317437845e-11,4.455288640088039e-11,1.0000060096232744,1.0000060098714745,1.0000060020870951,4.455288434601582e-11,1.3668336721177572e-07,1.0000060106668367,1.0000060020870951,1.0000060020870947,1.0000059918851372,1.0000060155356008,4.455288374731952e-11,1.0000061084773872,1.0000060108026334,1.0000060077337998,1.0000060020870951,1.4088987807703547e-07,1.0000068049414381,1.0000060020870947,1.0000060020870938,1.0000060020870931,1.0000060077337996,1.0000060020870944,1.0000060020870953,1.0000060077338,1.0000060020870947,1.0000060020870947,1.0000060020870931,1.0000060213705793,1.408898772825397e-07,1.4088987809879945e-07,5.554546438086844e-11,1.0000060020870933,4.455288455872522e-11,1.0130305142345775e-07,1.0000060020870933,1.0130305101180909e-07,1.0000060020870936,1.0000060098714751,1.000006002087095,1.0000060020870944,4.455288423391985e-11,1.0000060020870947,1.408898781518838e-07,1.0000060027328947,1.0000060027328947,1.0000060077338009,1.0000060020870944,1.0000060020870944,1.0000060020870942,1.0000059510933723,4.575130273174102e-11,1.0000060020870938,1.0000060098714751,1.408898782822889e-07,4.567692292594747e-11,5.554546450036647e-11,1.0000060020870947,1.0000060098714751,4.6975466146486425e-11,1.0121448942960989e-07,4.575130288538383e-11,1.0000060098714751,1.0000060020870953,6.356104205874057e-11
1.0000061816107542,4.455287380583715e-11,4.455288568943629e-11,1.0000059957177667,1.0000059959659668,1.0000059881815864,4.4552883730162835e-11,6.86285122868369e-11,1.000005996761328,1.0000059881815848,1.000005988181586,1.0000059779796293,1.0000060016300925,4.4552883124082237e-11,1.0000060945718776,1.0000059968971249,1.0000059938282913,1.0000059881815846,7.074059501859704e-11,1.0000060020870947,1.0000067771304264,1.0000059881815853,1.0000059881815835,1.0000059938282913,1.000005988181586,1.0000059881815853,1.0000059938282917,1.0000059881815848,1.0000059881815861,1.0000059881815837,1.0000060074650718,7.074059463959292e-11,7.074059501508428e-11,5.554546355203102e-11,1.0000059881815844,4.455288391928482e-11,5.08641091576658e-11,1.0000059881815853,5.08641089434264e-11,1.0000059881815853,1.0000059959659684,1.0000059881815853,1.000005988181585,4.4552883597755543e-11,1.0000059881815864,7.074059507394287e-11,1.0000059888273871,1.0000059888273853,1.0000059938282935,1.0000059881815846,1.0000059881815848,1.0000059881815841,1.0000059371878651,4.575130222913048e-11,1.000005988181584,1.0000059959659682,7.074059518334552e-11,4.567692229046539e-11,5.554546370208086e-11,1.0000059881815848,1.0000059959659677,4.697546543388285e-11,5.081964227456377e-11,4.575130240804754e-11,1.0000059959659684,1.0000059881815864,6.356103997943567e-11
1.0000061816107555,4.455287369913073e-11,4.4552885785402345e-11,1.0000059957177665,1.0000059959659662,1.000005988181586,4.4552883721669254e-11,6.86285122965743e-11,1.000005996761328,1.0000059881815853,1.0000059881815848,1.0000059779796304,1.000006001630093,4.455288321378695e-11,1.0000060945718787,1.000005996897125,1.0000059938282913,1.0000059881815848,7.074059508177755e-11,1.0000060020870938,1.0000059881815853,1.0000067771304237,1.0000059881815826,1.0000059938282904,1.0000059881815861,1.0000059881815855,1.0000059938282908,1.0000059881815848,1.0000059881815864,1.0000059881815835,1.0000060074650716,7.074059467095763e-11,7.074059509471331e-11,5.554546357372725e-11,1.0000059881815848,4.455288391928482e-11,5.086410916106359e-11,1.000005988181583,5.0864108940182724e-11,1.000005988181584,1.0000059959659668,1.000005988181586,1.000005988181585,4.455288352738532e-11,1.000005988181586,7.074059500035099e-11,1.0000059888273871,1.0000059888273851,1.0000059938282935,1.0000059881815853,1.0000059881815848,1.0000059881815846,1.0000059371878653,4.5751302245599416e-11,1.0000059881815853,1.0000059959659673,7.074059517091192e-11,4.5676922252018996e-11,5.5545463694264756e-11,1.0000059881815853,1.0000059959659664,4.6975465432862e-11,5.081964225055063e-11,4.5751302401928306e-11,1.0000059959659668,1.0000059881815855,6.356103999426454e-11
1.0000061816107557,4.4552873673907556e-11,4.4552885767528465e-11,1.0000059957177652,1.000005995965966,1.0000059881815846,4.4552883756733925e-11,6.862851229418057e-11,1.0000059967613264,1.0000059881815844,1.0000059881815835,1.000005977979629,1.0000060016300916,4.4552883141684227e-11,1.000006094571878,1.0000059968971236,1.0000059938282893,1.0000059881815848,7.074059503955995e-11,1.0000060020870931,1.0000059881815835,1.0000059881815826,1.0000067771304255,1.0000059938282897,1.0000059881815844,1.0000059881815846,1.0000059938282908,1.0000059881815835,1.0000059881815855,1.0000059881815835,1.0000060074650705,7.074059466377408e-11,7.074059500855913e-11,5.5545463547024494e-11,1.0000059881815826,4.4552883962063405e-11,5.0864109156558464e-11,1.0000059881815826,5.086410893726335e-11,1.000005988181583,1.000005995965966,1.0000059881815848,1.0000059881815835,4.455288355716206e-11,1.0000059881815848,7.07405950977318e-11,1.0000059888273867,1.000005988827385,1.0000059938282921,1.0000059881815844,1.0000059881815835,1.0000059881815828,1.0000059371878645,4.5751302231445076e-11,1.0000059881815835,1.000005995965966,7.074059516066416e-11,4.5676922243836305e-11,5.5545463685890897e-11,1.0000059881815837,1.0000059959659662,4.697546543277839e-11,5.081964234374563e-11,4.575130240127272e-11,1.000005995965966,1.0000059881815848,6.356103999426454e-11
1.0000061872574553,4.45528739993584e-11,4.455288599081786e-11,1.0000060013644734,1.0000060016126728,1.000005993828292,4.4552884053465156e-11,1.3668336607808464e-07,1.000006002408034,1.0000059938282915,1.0000059938282917,1.0000059836263353,1.0000060072767976,4.45528834485577e-11,1.0000061002185863,1.0000060025438318,1.0000059994749981,1.000005993828291,1.4088987690855969e-07,1.0000060077337996,1.0000059938282913,1.0000059938282904,1.0000059938282897,1.0000067884238342,1.0000059938282917,1.0000059938282908,1.0000059994749992,1.0000059938282917,1.0000059938282917,1.00000599382829,1.0000060131117783,1.4088987611406406e-07,1.408898769303236e-07,5.554546387656384e-11,1.0000059938282904,4.455288417191098e-11,5.0864109629703254e-11,1.00000599382829,5.086410945616676e-11,1.0000059938282908,1.0000060016126728,1.0000059938282913,1.0000059938282913,4.4552883770879786e-11,1.0000059938282917,1.4088987698340786e-07,1.0000059944740924,1.0000059944740924,1.0000059994749992,1.0000059938282913,1.0000059938282908,1.0000059938282906,1.000005942834572,4.575130237593109e-11,1.0000059938282913,1.000006001612674,1.408898771138132e-07,4.5676922579773474e-11,5.554546416447248e-11,1.0000059938282917,1.0000060016126728,4.6975465749511625e-11,5.081964252541126e-11,4.575130271697654e-11,1.0000060016126728,1.0000059938282913,1.2659077994322878e-07
1.0000061816107548,4.455287380583715e-11,4.455288579443726e-11,1.0000059957177676,1.0000059959659677,1.0000059881815864,4.4552883721519444e-11,6.862851229497318e-11,1.0000059967613277,1.000005988181586,1.0000059881815868,1.0000059779796295,1.0000060016300931,4.4552883124082237e-11,1.0000060945718792,1.000005996897125,1.0000059938282924,1.0000059881815864,7.074059500565675e-11,1.0000060020870944,1.000005988181586,1.0000059881815861,1.0000059881815844,1.0000059938282917,1.0000067771304277,1.0000059881815864,1.000005993828292,1.0000059881815857,1.000005988181586,1.0000059881815855,1.0000060074650734,7.074059463959292e-11,7.074059506146664e-11,5.554546358406712e-11,1.0000059881815844,4.4552883986762966e-11,5.086410915737318e-11,1.0000059881815864,5.086410894292489e-11,1.0000059881815855,1.0000059959659682,1.0000059881815855,1.0000059881815855,4.4552883498915306e-11,1.000005988181586,7.074059507394287e-11,1.0000059888273864,1.0000059888273878,1.0000059938282921,1.0000059881815855,1.0000059881815855,1.0000059881815857,1.0000059371878658,4.575130223124974e-11,1.0000059881815835,1.000005995965969,7.074059515552025e-11,4.567692233893347e-11,5.554546369769229e-11,1.000005988181586,1.0000059959659682,4.697546543336618e-11,5.0819642327257355e-11,4.575130241170718e-11,1.0000059959659682,1.0000059881815864,6.356103998249084e-11
1.0000061816107542,4.455287379722209e-11,4.4552885780987676e-11,1.000005995717767,1.0000059959659682,1.0000059881815873,4.4552883721714555e-11,6.862851229444711e-11,1.0000059967613286,1.0000059881815855,1.000005988181586,1.000005977979629,1.0000060016300936,4.4552883124082237e-11,1.0000060945718783,1.0000059968971242,1.0000059938282917,1.0000059881815855,7.074059508433164e-11,1.0000060020870953,1.0000059881815853,1.0000059881815855,1.0000059881815846,1.0000059938282908,1.0000059881815864,1.0000067771304295,1.000005993828292,1.000005988181586,1.0000059881815864,1.0000059881815848,1.0000060074650718,7.074059463142807e-11,7.074059506683042e-11,5.5545463574174455e-11,1.0000059881815844,4.4552883944201616e-11,5.086410915313723e-11,1.000005988181586,5.0864108943255616e-11,1.0000059881815853,1.0000059959659684,1.000005988181586,1.0000059881815855,4.4552883610952234e-11,1.0000059881815864,7.074059507942668e-11,1.0000059888273864,1.0000059888273864,1.000005993828293,1.000005988181586,1.0000059881815853,1.0000059881815844,1.0000059371878662,4.575130222864943e-11,1.0000059881815848,1.0000059959659688,7.074059515864243e-11,4.567692231199086e-11,5.554546371175867e-11,1.000005988181586,1.0000059959659688,4.697546543267641e-11,5.081964228426969e-11,4.5751302424892145e-11,1.0000059959659684,1.000005988181586,6.356103999426454e-11
1.0000061872574546,4.4552874001452156e-11,4.455288609932972e-11,1.000006001364473,1.0000060016126724,1.000005993828293,4.4552884061001515e-11,1.3668336607808483e-07,1.0000060024080337,1.0000059938282926,1.0000059938282926,1.000005983626336,1.0000060072767998,4.4552883428536614e-11,1.0000061002185863,1.000006002543832,1.0000059994749988,1.0000059938282928,1.4088987690855982e-07,1.0000060077338,1.0000059938282917,1.0000059938282908,1.0000059938282908,1.0000059994749992,1.000005993828292,1.000005993828292,1.000006788423838,1.0000059938282921,1.0000059938282921,1.0000059938282908,1.000006013111778,1.4088987611406404e-07,1.408898769303237e-07,5.5545464102258636e-11,1.0000059938282913,4.455288420661934e-11,5.0864109423941844e-11,1.0000059938282917,5.0864109077625776e-11,1.0000059938282913,1.0000060016126728,1.0000059938282917,1.000005993828291,4.455288377088102e-11,1.0000059938282917,1.408898769834078e-07,1.000005994474092,1.0000059944740927,1.000005999475,1.0000059938282921,1.0000059938282917,1.0000059938282917,1.000005942834572,4.5751302499944446e-11,1.0000059938282908,1.0000060016126733,1.4088987711381324e-07,4.567692262811348e-11,5.554546384024319e-11,1.0000059938282917,1.0000060016126737,4.697546576771826e-11,5.081964257999157e-11,4.575130265985996e-11,1.0000060016126728,1.0000059938282917,1.265907799432288e-07
1.0000061816107553,4.455287386234965e-11,4.4552885778793987e-11,1.000005995717767,1.0000059959659668,1.0000059881815864,4.455288374466831e-11,6.862851229777147e-11,1.0000059967613284,1.0000059881815855,1.0000059881815864,1.000005977979629,1.000006001630094,4.455288315793794e-11,1.0000060945718787,1.0000059968971244,1.0000059938282917,1.000005988181586,7.074059502042549e-11,1.0000060020870947,1.0000059881815848,1.0000059881815848,1.0000059881815835,1.0000059938282917,1.0000059881815857,1.000005988181586,1.0000059938282921,1.0000067771304295,1.0000059881815864,1.0000059881815835,1.0000060074650725,7.07405946131024e-11,7.074059509471331e-11,5.554546355584048e-11,1.000005988181585,4.455288397861139e-11,5.086410916279312e-11,1.0000059881815848,5.086410894015263e-11,1.0000059881815848,1.0000059959659688,1.0000059881815855,1.0000059881815855,4.455288358655108e-11,1.000005988181586,7.07405951490318e-11,1.0000059888273867,1.0000059888273862,1.000005993828293,1.0000059881815855,1.0000059881815853,1.0000059881815853,1.000005937187866,4.5751302239498933e-11,1.000005988181584,1.0000059959659688,7.074059516201556e-11,4.567692227053364e-11,5.554546368614225e-11,1.0000059881815864,1.0000059959659677,4.697546543305968e-11,5.081964232827705e-11,4.575130241024501e-11,1.0000059959659688,1.0000059881815868,6.356103997955278e-11
1.0000061816107557,4.455287369913073e-11,4.4552885785402345e-11,1.0000059957177676,1.0000059959659684,1.0000059881815868,4.455288366928726e-11,6.862851230420498e-11,1.0000059967613277,1.0000059881815864,1.0000059881815864,1.000005977979631,1.000006001630093,4.455288314960879e-11,1.0000060945718798,1.0000059968971267,1.0000059938282917,1.0000059881815868,7.074059501859704e-11,1.0000060020870947,1.0000059881815861,1.0000059881815864,1.0000059881815855,1.0000059938282917,1.000005988181586,1.0000059881815864,1.0000059938282921,1.0000059881815864,1.0000067771304229,1.000005988181586,1.0000060074650736,7.074059463468877e-11,7.074059509471331e-11,5.554546355788169e-11,1.0000059881815835,4.455288397729112e-11,5.086410915264612e-11,1.0000059881815864,5.0864108947190237e-11,1.000005988181586,1.000005995965969,1.0000059881815864,1.0000059881815857,4.455288355105346e-11,1.0000059881815864,7.074059507394287e-11,1.0000059888273864,1.000005988827388,1.0000059938282926,1.0000059881815846,1.000005988181586,1.0000059881815848,1.0000059371878667,4.575130224574286e-11,1.0000059881815853,1.0000059959659684,7.07405951709119e-11,4.5676922243836305e-11,5.554546369495835e-11,1.000005988181586,1.0000059959659682,4.697546543371474e-11,5.081964227456377e-11,4.575130241344585e-11,1.000005995965969,1.0000059881815864,6.356103997943567e-11
