1.0000000024775335,0.9999366601831102,-1.0946563828480539e-05,0.9999366601831139,-1.118256193708507e-05,-1.1054315823543187e-05,-1.0995915411971821e-05,-1.1106153153545252e-05,-1.0995915411959365e-05,-1.1058183027685084e-05,0.9999366723903553,-1.1163248913668294e-05,0.9999366601831142,-1.1145059220468946e-05,-1.1061050590828128e-05,-1.1101474898169306e-05,0.9999366788304103,-1.1120874941514195e-05,0.9999366535655355,-1.1058183027685084e-05,-1.0983652616920192e-05,-1.108157434316268e-05,-1.1106153153357242e-05,-1.1046734424291445e-05,-1.1222612435239543e-05,-1.1066859965408412e-05,-1.1106153153507739e-05,0.9999366788304099,0.9999366601831124,-1.1054315823442683e-05,-1.1130574813537426e-05,0.9999366601831124,-1.1002191179819004e-05,0.9999366452856263,-1.1106153153595761e-05,-1.092383827886549e-05,-1.1163781210871782e-05,-1.1186893761224477e-05,-1.1226210309314647e-05,-1.1066081779680957e-05,0.9999358977432201,0.9999366971906962,-1.1042721938023269e-05,0.9999366601831126,-1.105818302768651e-05,-1.0995915411956227e-05,-1.114721865593371e-05,-1.1066302523927948e-05,0.9999366585279729,-1.0911904468742926e-05,0.9999366919410883,0.9999366601831137,-1.113603314129365e-05,-1.1106153153545545e-05,-1.1201534777036939e-05,-1.1054315823476125e-05,-1.1106153153507592e-05,-1.105431582354311e-05,-1.099677914087704e-05,0.9999366601831134,-1.1003244143310575e-05,-1.1168145718351779e-05,-1.0975695299875361e-05,0.999936660183115,-1.0932104280563044e-05,-1.1180514251859164e-05,-1.110615315345767e-05,-1.1169068702666067e-05
0.9999366601831102,0.9998851547866495,-5.081053315850495e-10,0.9998774967788642,-6.230195893461788e-10,-5.381006014183958e-10,-5.182001213914623e-10,-5.847503993934957e-10,-5.182001213321487e-10,-5.403132506146369e-10,0.999877504149069,-5.910994759338727e-10,0.999877496778866,-5.795412946729819e-10,-5.456328352208713e-10,-5.814151331184811e-10,0.9998775192521631,-5.696111111557118e-10,0.9998774920850719,-5.403132508955517e-10,-5.259005222588621e-10,-5.400116532408549e-10,-5.847503992372379e-10,-5.149162689191416e-10,-6.641523180722408e-10,-5.314523767483482e-10,-5.847503997300324e-10,0.9998775192521621,0.9998774967788652,-5.381006007028484e-10,-5.960882239889716e-10,0.9998774967788652,-5.18400174246566e-10,0.9998774419153182,-5.847503997054703e-10,-4.967710299778699e-10,-6.001852758071966e-10,-6.203724095972869e-10,-6.328945537619853e-10,-5.463144796197645e-10,0.9998767306612607,0.9998775362513572,-5.089586765342914e-10,0.9998774967788652,-5.403132509854784e-10,-5.182001216691676e-10,-5.823809965533005e-10,-5.488478073241811e-10,0.9998774953793078,-4.86913900106599e-10,0.9998775270683222,0.9998774967788645,-5.815018525212327e-10,-5.847503990947368e-10,-6.232439663980133e-10,-5.38100601253009e-10,-5.847503993549777e-10,-5.381006010060038e-10,-5.391193108525251e-10,0.9998774967788652,-5.37686118749042e-10,-6.190715485228665e-10,-5.244892570709919e-10,0.9998774967788642,-4.971609011429547e-10,-6.219698219328596e-10,-5.847503994627376e-10,-6.047731378812734e-10
-1.0946563828480539e-05,-5.081053315850495e-10,7.868156227883994e-06,-5.081053315850495e-10,7.876760820174772e-11,-7.531974946500645e-11,-4.650669315515494e-12,7.944466263486858e-11,-4.650668901391311e-12,-7.328492083745395e-11,-4.898864973270101e-10,-8.799268219442289e-11,-5.081053315878923e-10,-1.0619940340445183e-10,-4.417171737463534e-11,7.204147442617485e-11,-5.225236511302588e-10,-8.960647326013799e-11,-5.153507769616938e-10,-7.328492089026942e-11,9.932160947732764e-11,-1.6366159627214862e-10,7.944466244548445e-11,-2.2072275887981884e-10,2.3654134987316706e-10,-1.7245696797578716e-10,7.944466261828233e-11,-5.225236511627646e-10,-5.081053315459882e-10,-7.531974941206609e-11,7.252443770487167e-11,-5.081053316731826e-10,-2.6789970765396018e-11,-3.575417403402945e-10,7.944466255252137e-11,1.0606777039230993e-10,-4.34635970329397e-08,4.25871636968524e-11,-2.3020064721853006e-08,-1.1554187672568757e-07,-9.84023639392537e-07,-5.17401155841173e-10,-2.5031016776683493e-10,-5.081053315910389e-10,-7.328492067522606e-11,-4.650669315515494e-12,-1.8528780735509302e-07,-3.9832313277811966e-11,-5.090677161457632e-10,7.705971762966915e-11,-5.025817888988629e-10,-5.081053316160896e-10,-1.1449879021924694e-07,7.944466261828233e-11,8.981285872024406e-12,-7.531974946500645e-11,7.944466263486858e-11,-7.531974946500645e-11,1.490607709457443e-10,-5.081053315878923e-10,1.1395415028979002e-10,1.0344906936331268e-10,1.1870699149636958e-10,-5.081053315459882e-10,1.5507173926486144e-07,1.565626959438188e-07,7.944466258143289e-11,-1.4569043395954242e-08
0.9999366601831139,0.9998774967788642,-5.081053315850495e-10,0.999885154786657,-6.230195892452701e-10,-5.381006015232133e-10,-5.182001214290095e-10,-5.84750399437886e-10,-5.182001213321487e-10,-5.403132507082256e-10,0.999877504149073,-5.910994759338727e-10,0.9998774967788683,-5.795412947086474e-10,-5.45632835292376e-10,-5.81415133068127e-10,0.9998775192521663,-5.69611111150725e-10,0.9998774920850764,-5.403132508734237e-10,-5.259005222588621e-10,-5.400116532547379e-10,-5.847503991424241e-10,-5.149162688729884e-10,-6.641523178463392e-10,-5.314523767401884e-10,-5.847503997300324e-10,0.9998775192521674,0.9998774967788688,-5.381006008064032e-10,-5.960882239146034e-10,0.9998774967788688,-5.184001741319269e-10,0.9998774419153221,-5.847503997145933e-10,-4.967710300360623e-10,-6.001852757652986e-10,-6.203724095706613e-10,-6.328945537932372e-10,-5.46314479527664e-10,0.9998767306612639,0.999877536251361,-5.089586764465761e-10,0.9998774967788693,-5.40313250994969e-10,-5.182001217719807e-10,-5.823809965080638e-10,-5.488478074223673e-10,0.9998774953793111,-4.869139000240712e-10,0.9998775270683252,0.9998774967788693,-5.815018525212327e-10,-5.847503990964652e-10,-6.232439663247041e-10,-5.381006011778053e-10,-5.847503993210602e-10,-5.381006009328051e-10,-5.391193108942892e-10,0.9998774967788693,-5.376861187434739e-10,-6.190715485228665e-10,-5.244892570334258e-10,0.9998774967788682,-4.9716090124381e-10,-6.219698219667691e-10,-5.847503994599222e-10,-6.047731378760978e-10
-1.118256193708507e-05,-6.230195893461788e-10,7.876760820174772e-11,-6.230195892452701e-10,7.775132884808713e-06,-5.622998852997044e-11,-3.4717396115878675e-12,1.1813253244865306e-07,-3.4717396542902697e-12,-5.4710878786479786e-11,-6.09418254427877e-10,-6.569098535697374e-11,-6.230195892194139e-10,-7.928328496189437e-11,-3.297630811711942e-11,1.0712419454778304e-07,-6.337836430329416e-10,-6.689577954461006e-11,-1.2516897307727514e-06,-5.47108786891263e-11,7.41491458863885e-11,-1.2218191332987484e-10,1.181325324486474e-07,-1.647811434870932e-10,3.517309856199694e-07,-1.2874813399517636e-10,1.181325324486489e-07,-6.337836430329416e-10,-6.230195892194139e-10,-5.6229988532879705e-11,5.414365188747112e-11,-6.230195892262687e-10,-1.9999915994109823e-11,-5.106157818747882e-10,1.1813253244865023e-07,7.918550345705438e-11,-1.6290618250521197e-11,6.332649121191081e-08,-1.7185131804063545e-08,-4.330680320872712e-11,-1.2200055429762395e-06,-6.299594294963352e-10,-1.8686973402742412e-10,-6.230195892262687e-10,-5.4710878786621666e-11,-3.471739672406972e-12,-6.944874063283992e-11,-2.973670888472876e-11,-6.237380606068075e-10,5.752943133080816e-11,-6.188959750139113e-10,-6.230195892383309e-10,-4.2915820745098204e-11,1.1813253244865046e-07,1.3355492855951649e-08,-5.622998865793357e-11,1.1813253244864952e-07,-5.622998865793357e-11,1.1128210405651567e-10,-6.230195892262687e-10,8.507312712137102e-11,7.723055992605962e-11,8.862137285530251e-11,-6.230195893910536e-10,5.812373746588144e-11,1.1688301646610096e-07,1.1813253244864937e-07,-5.460448009709363e-12
-1.1054315823543187e-05,-5.381006014183958e-10,-7.531974946500645e-11,-5.381006015232133e-10,-5.622998852997044e-11,7.765106098630892e-06,3.3208543499559167e-12,-5.6713389507715765e-11,3.3208544641505227e-12,5.2317837632108656e-11,-5.5110675548542e-10,6.281757673575414e-11,-5.381006015232133e-10,7.581505647238168e-11,3.153437695048011e-11,-5.142837286186447e-11,-5.27807600377408e-10,1.274134742204056e-07,-5.329281856969658e-10,5.2317837632108656e-11,-7.09033483178233e-11,1.1683636102815815e-10,-5.6713389507715765e-11,1.5757140387492508e-10,-1.688622187769521e-10,1.2311522453202656e-10,-5.6713389507715765e-11,-5.27807600377408e-10,-5.381006014473797e-10,1.0709904931994661e-07,-5.1773143337520823e-11,-5.38100601409489e-10,1.9125763073384423e-11,-6.455855998105622e-10,-5.671338929744733e-11,-7.571938435766104e-11,1.5578964196797692e-11,-3.040132880251109e-11,8.25176749790698e-12,8.248530074246471e-08,-1.0917701653847213e-06,-5.314644837111007e-10,1.786933897527798e-10,-5.38100601387931e-10,5.2317837632108656e-11,3.3208544641505227e-12,6.641087354780301e-11,2.843654995014775e-11,-5.374135687303495e-10,-5.501099916036596e-11,-5.420437956715981e-10,-5.381006015232133e-10,8.174076790467826e-08,-5.671338929744733e-11,-6.410590898070245e-12,1.0709904931994874e-07,-5.671338959541695e-11,1.0709904931994677e-07,-1.0641134836916132e-10,-5.38100601387931e-10,-8.134928258877694e-11,-7.384972142317173e-11,-8.474227803977488e-11,-5.381006014473797e-10,-5.557927426659427e-11,-5.611342992606971e-11,-5.6713389357172655e-11,5.222730357398978e-12
-1.0995915411971821e-05,-5.182001213914623e-10,-4.650669315515494e-12,-5.182001214290095e-10,-3.4717396115878675e-12,3.3208543499559167e-12,7.658416119220487e-06,-3.501623725640876e-12,4.093165715179359e-10,3.2311550025363216e-12,-5.190032728921237e-10,3.8795797522936315e-12,-5.182001213910891e-10,4.68218095878068e-12,1.947753440368774e-12,-3.175270120155607e-12,-5.175645234393603e-10,3.950689048740502e-12,-5.178807161888055e-10,3.2311550025363216e-12,-4.3779334916756426e-12,7.215261968645818e-12,-3.5016237212651264e-12,9.730680341071867e-12,-1.042691844664877e-11,7.602981080845682e-12,-3.5016236095235156e-12,-5.175645234399098e-10,-5.18200121354588e-10,3.320854040137885e-12,-3.1965578744076036e-12,-5.182001215168882e-10,2.3532453586147487e-09,-5.248374424707524e-10,-3.501623762818593e-12,-4.675359365534209e-12,9.625352723573081e-13,-1.8767883333029336e-12,1.0160293523054784e-09,2.5577613163267327e-12,-1.033373013861655e-06,-5.177903478159732e-10,1.1034985017302063e-11,-5.182001213831902e-10,3.2311550042511066e-12,4.0931657151825704e-10,4.101461794656177e-12,1.7564622460785102e-12,-5.181576956459942e-10,-3.396598198143942e-12,-5.18443630554246e-10,-5.18200121371378e-10,2.5347084296747475e-12,-3.5016236095235156e-12,-3.953196120979235e-13,3.320854040137885e-12,-3.501623820630752e-12,3.3208544484486402e-12,-6.570586796602393e-12,-5.18200121354588e-10,-5.022976975190022e-12,-4.559791790800644e-12,-5.232507633178655e-12,-5.182001213142631e-10,-3.4316792987428605e-12,-3.464543712998396e-12,-3.5016236095235156e-12,3.2302926305838687e-13
-1.1106153153545252e-05,-5.847503993934957e-10,7.944466263486858e-11,-5.84750399437886e-10,1.1813253244865306e-07,-5.6713389507715765e-11,-3.501623725640876e-12,7.777154997901924e-06,-3.501623600959005e-12,-5.518122129871554e-11,-5.71032145861977e-10,-6.625571883359524e-11,-5.847503994507713e-10,-7.996485800912864e-11,-3.32598189312509e-11,1.0804495261916632e-07,-5.956069812653429e-10,-6.747086712937206e-11,-5.902060094217342e-10,-5.5181221203492e-11,7.478649822100574e-11,-1.2323224393523463e-10,1.1914791869367507e-07,-1.6619765881020432e-10,3.547543982045934e-07,-1.2985490737294585e-10,1.1914791869367613e-07,-5.956069813167134e-10,-5.84750399437886e-10,-5.671338957877243e-11,5.4609029201527e-11,-5.847503993832231e-10,-2.0171877576328406e-11,-4.713803598016388e-10,1.1914791869367724e-07,7.986615136087056e-11,-1.6430701597343367e-11,6.387075369056097e-08,-1.7332958271865068e-08,-4.367911591134353e-11,-1.1436022051761174e-06,-5.91749893498846e-10,-1.8847612439073026e-10,-5.84750399497246e-10,-5.5181221203492e-11,-3.5016236532542205e-12,-7.004577522710247e-11,-2.9992371767208496e-11,-5.854750470104048e-10,5.802392240144952e-11,-5.805913370510931e-10,-5.847503994507713e-10,-4.328477539055621e-11,1.1914791869367849e-07,1.3470198364385247e-08,-5.671338957877243e-11,1.1914791869367673e-07,-5.6713389440474887e-11,1.1223865371297989e-10,-5.847503993889654e-10,8.58043823139561e-11,7.789439241147185e-11,8.938312995608082e-11,-5.847503993477618e-10,5.862333649406911e-11,1.1788765585979015e-07,1.1914791869367731e-07,-5.507434290222014e-12
-1.0995915411959365e-05,-5.182001213321487e-10,-4.650668901391311e-12,-5.182001213321487e-10,-3.4717396542902697e-12,3.3208544641505227e-12,4.093165715179359e-10,-3.501623600959005e-12,7.658416119220487e-06,3.2311550558234486e-12,-5.190032728732376e-10,3.879579719330477e-12,-5.182001213655805e-10,4.682180926529674e-12,1.9477532850928765e-12,-3.17527030957526e-12,-5.175645234111487e-10,3.9506890116734356e-12,-5.178807160916672e-10,3.231155233892166e-12,-4.377933418813281e-12,7.215262040036801e-12,-3.5016239000176875e-12,9.730680372658707e-12,-1.042691843292691e-11,7.602980976963821e-12,-3.501623762818593e-12,-5.17564523475269e-10,-5.182001213321487e-10,3.320854044977494e-12,-3.1965578744076036e-12,-5.182001215030603e-10,2.3532453586143587e-09,-5.248374424960203e-10,-3.5016237754073375e-12,-4.675359283408225e-12,9.625353411906218e-13,-1.876788270136868e-12,1.0160293523054579e-09,2.557761192292802e-12,-1.0333730138135323e-06,-5.177903478370863e-10,1.1034985402168697e-11,-5.182001213655805e-10,3.2311553018930855e-12,4.093165715184283e-10,4.10146207317951e-12,1.7564621155808111e-12,-5.181576956391829e-10,-3.396598198143942e-12,-5.184436304628208e-10,-5.182001213322842e-10,2.5347083922834745e-12,-3.501623725640876e-12,-3.953196072390917e-13,3.3208544641505227e-12,-3.5016239000176875e-12,3.320854040137885e-12,-6.570586887757358e-12,-5.182001213903497e-10,-5.022976975190022e-12,-4.559791790727263e-12,-5.23250788423666e-12,-5.182001213688479e-10,-3.4316792886992493e-12,-3.464543703565371e-12,-3.5016236532542205e-12,3.230289884206597e-13
-1.1058183027685084e-05,-5.403132506146369e-10,-7.328492083745395e-11,-5.403132507082256e-10,-5.4710878786479786e-11,5.2317837632108656e-11,3.2311550025363216e-12,-5.518122129871554e-11,3.2311550558234486e-12,7.75939761220185e-06,-5.529680350524984e-10,6.112053605633542e-11,-5.403132507219649e-10,7.376687972231269e-11,6.111279665481331e-08,-5.0038983002097346e-11,-5.30298322322682e-10,6.224142284527023e-11,-5.352805711704764e-10,1.0139057555216307e-07,-6.898783066288403e-11,1.1367996538340516e-10,-5.5181221316809726e-11,1.533145225368174e-10,-1.643002732623337e-10,1.1978920047575067e-10,-5.5181221160885935e-11,-5.302983224005081e-10,-5.403132507082259e-10,5.231783759924468e-11,-1.0033490215505634e-07,-5.403132505933326e-10,1.860908370089308e-11,-6.448944690599751e-10,-5.518122117206101e-11,-7.36737594053655e-11,3.0191644681044165e-08,-2.957999750113255e-11,1.5991739526918012e-08,4.0294036680082846e-11,-1.0956370895830438e-06,-5.338564124810581e-10,1.738658837674848e-10,-5.403132507082256e-10,1.0139057555216596e-07,3.231155014944178e-12,6.461675718015765e-11,5.5109291962611616e-08,-5.396447787765213e-10,-5.3524825992829275e-11,-5.441499172333103e-10,-5.403132507082259e-10,3.993033373538924e-11,-5.518122114007567e-11,-1.2423511494848176e-08,5.231783759924468e-11,-5.5181221203492e-11,5.2317837574061334e-11,-1.0353655795238892e-10,-5.403132506632219e-10,-7.915156110618562e-11,-7.185460263997989e-11,-8.245289291029041e-11,-5.403132507217043e-10,-5.407774843071837e-11,-5.4597468982174106e-11,-5.5181221203492e-11,1.0121545042403702e-08
0.9999366723903553,0.999877504149069,-4.898864973270101e-10,0.999877504149073,-6.09418254427877e-10,-5.5110675548542e-10,-5.190032728921237e-10,-5.71032145861977e-10,-5.190032728732376e-10,-5.529680350524984e-10,0.9998851757932038,-6.062939767469901e-10,0.9998775041490728,-5.978796945840098e-10,-5.532604096058e-10,-5.689752469990761e-10,0.9998775216633794,-5.850842735557717e-10,0.9998774969633021,-5.529680352015334e-10,-5.087499453271887e-10,-5.68272504977987e-10,-5.710321454801357e-10,-5.530303257267047e-10,-1.24148874339614e-06,-5.61231994061826e-10,-5.710321462052469e-10,0.9998775216633803,0.9998775041490741,-5.511067549425491e-10,-5.835649421815378e-10,0.9998775041490741,-5.230262970668308e-10,0.9998775010699117,-5.710321459927669e-10,-4.784555335524812e-10,-6.039534608423605e-10,-6.130186426497348e-10,-6.348903891913657e-10,-5.563314998428225e-10,0.9998767428678644,0.9998775404243939,-5.52181827909366e-10,0.9998775041490734,-5.529680353811315e-10,-5.190032730600383e-10,-5.984446643459992e-10,-5.557260624396394e-10,0.9998775024185159,-4.736074552155761e-10,0.9998775363382847,0.999877504149073,-5.914284479674549e-10,-5.710321454440235e-10,-6.216931984554606e-10,-5.511067553765712e-10,-5.710321457908984e-10,-5.511067551342551e-10,-5.133798752543119e-10,0.9998775041490741,-5.180088243725391e-10,-6.012082660633288e-10,-5.039912501002824e-10,0.9998775041490724,-4.837169962504251e-10,-6.083966813260353e-10,-5.710321459133034e-10,-6.060363030386604e-10
-1.1163248913668294e-05,-5.910994759338727e-10,-8.799268219442289e-11,-5.910994759338727e-10,-6.569098535697374e-11,6.281757673575414e-11,3.8795797522936315e-12,-6.625571883359524e-11,3.879579719330477e-12,6.112053605633542e-11,-6.062939767469901e-10,7.804177849317081e-06,-5.910994758964968e-10,1.7641466180420105e-07,3.684015898532576e-11,-1.1966919825015616e-07,-5.790746283821535e-10,7.473274602459652e-11,-5.850567765810374e-10,6.112053593970583e-11,-8.283319834137511e-11,2.718675020572286e-07,-6.625571883359524e-11,3.6665423372029413e-07,-3.9292705350347815e-07,2.8647784297853843e-07,-6.625571885108463e-11,-5.790746283821535e-10,-5.910994759338727e-10,6.281757654215783e-11,-1.2047143912122275e-07,-5.910994759338727e-10,2.234373942931465e-11,-1.4274456244367785e-06,-6.625571894178917e-11,-1.7619215107375734e-07,1.820016776934737e-11,-3.551653042497731e-11,9.64013098774773e-12,4.8380690240601355e-11,-1.200695897031817e-06,-5.833467990930597e-10,4.158031697845007e-07,-5.910994759338727e-10,6.112053597208878e-11,3.8795797522936315e-12,1.5453198508938495e-07,3.322110721853827e-11,-5.902968466992136e-10,-6.426688425741026e-11,-5.957061309283999e-10,-5.910994759338727e-10,4.794399202140422e-11,-6.625571885108409e-11,-7.489237605050832e-12,6.281757673861991e-11,-6.625571885108409e-11,6.281757649962467e-11,-1.2431558956726384e-10,-5.910994759371123e-10,-9.503671135427038e-11,-1.718416288960452e-07,-9.900059372764419e-11,-5.910994759371123e-10,-6.493077698544084e-11,-6.55548150002887e-11,-6.625571885108463e-11,6.101446988258884e-12
0.9999366601831142,0.999877496778866,-5.081053315878923e-10,0.9998774967788683,-6.230195892194139e-10,-5.381006015232133e-10,-5.182001213910891e-10,-5.847503994507713e-10,-5.182001213655805e-10,-5.403132507219649e-10,0.9998775041490728,-5.910994758964968e-10,0.9998851547866572,-5.795412946737453e-10,-5.456328352359369e-10,-5.814151330017647e-10,0.9998775192521668,-5.696111110978565e-10,0.9998774920850765,-5.403132508734237e-10,-5.259005223427589e-10,-5.400116531395327e-10,-5.84750399236666e-10,-5.149162689216296e-10,-6.641523180124739e-10,-5.314523766710407e-10,-5.847503996914864e-10,0.9998775192521676,0.99987749677887,-5.381006007672023e-10,-5.960882239893441e-10,0.99987749677887,-5.184001741319269e-10,0.9998774419153225,-5.847503997145933e-10,-4.967710300807656e-10,-6.001852757773973e-10,-6.203724096860799e-10,-6.328945537932372e-10,-5.46314479527664e-10,0.9998767306612653,0.9998775362513616,-5.089586765090323e-10,0.9998774967788696,-5.403132509974027e-10,-5.182001216914487e-10,-5.823809964141209e-10,-5.488478074223673e-10,0.9998774953793117,-4.869139000240712e-10,0.9998775270683262,0.9998774967788687,-5.815018523994862e-10,-5.847503990676083e-10,-6.232439663980133e-10,-5.381006011778053e-10,-5.847503993592807e-10,-5.381006009522844e-10,-5.391193108859632e-10,0.9998774967788696,-5.376861186944595e-10,-6.19071548694886e-10,-5.244892571214044e-10,0.9998774967788688,-4.971609011656885e-10,-6.219698219960013e-10,-5.847503995417217e-10,-6.047731378812734e-10
-1.1145059220468946e-05,-5.795412946729819e-10,-1.0619940340445183e-10,-5.795412947086474e-10,-7.928328496189437e-11,7.581505647238168e-11,4.68218095878068e-12,-7.996485800912864e-11,4.682180926529674e-12,7.376687972231269e-11,-5.978796945840098e-10,1.7641466180420105e-07,-5.795412946737453e-10,7.870923701730489e-06,4.4462639535176356e-11,-7.251309565690895e-11,-5.65028378595435e-10,9.019559080428088e-11,-5.722482986452449e-10,7.376687974570842e-11,-9.99723739560019e-11,3.2811945528556703e-07,-7.996485804312771e-11,4.4251856108718705e-07,-4.742280588919836e-07,3.4575283293063667e-07,-7.996485804312771e-11,-5.650283785309332e-10,-5.795412946733847e-10,7.581505622966705e-11,-1.4539851866871776e-07,-5.795412947204319e-10,2.6966767073264233e-11,-1.4561741552525404e-06,-7.996485812304712e-11,-1.067628732252246e-10,2.19658260282977e-11,-4.286542104190808e-11,1.1634618248088224e-11,5.839102590280368e-11,-1.1825077101394889e-06,-5.701845038592888e-10,5.018369264494606e-07,-5.795412946716708e-10,7.376687972413267e-11,4.682181043368609e-12,1.8650597710155405e-07,4.009476710572375e-11,-5.785725930989796e-10,-7.756448624177129e-11,-5.851011109612762e-10,-5.795412946716708e-10,5.786396192025757e-11,-7.996485812304712e-11,-9.03899212539522e-12,7.581505634422234e-11,-7.996485804308304e-11,7.581505622966705e-11,-1.500379075893264e-10,-5.795412946737453e-10,-1.147009232323903e-10,-1.0412672889646732e-10,-1.194849718498333e-10,-5.795412945410832e-10,-7.836574767459649e-11,-7.911893905679784e-11,-7.996485808511217e-11,7.363752813987381e-12
-1.1061050590828128e-05,-5.456328352208713e-10,-4.417171737463534e-11,-5.45632835292376e-10,-3.297630811711942e-11,3.153437695048011e-11,1.947753440368774e-12,-3.32598189312509e-11,1.9477532850928765e-12,6.111279665481331e-08,-5.532604096058e-10,3.684015898532576e-11,-5.456328352359369e-10,4.4462639535176356e-11,7.694842574415772e-06,-3.016037660485374e-11,-5.395964194763012e-10,3.751575240916321e-11,-5.4259942648954e-10,6.111279665481146e-08,-4.158167227611996e-11,6.851992209026026e-11,-3.325981886622104e-11,9.240933030016976e-11,-1.9724707740916184e-07,7.220221162880075e-11,-3.3259818786516305e-11,-5.395964195309734e-10,-5.456328352200386e-10,3.153437707876569e-11,-6.047561790827297e-08,-5.456328352910349e-10,1.1216680043494593e-11,-6.08668337741544e-10,-3.3259819019113516e-11,-4.440609226107919e-11,1.819824712846802e-08,-1.782886717849777e-11,9.639400292596646e-09,2.4287128834883093e-11,-1.0985041158803497e-06,-5.417410340459158e-10,1.047965001877878e-10,-5.456328351753886e-10,6.111279665481293e-08,1.947753440368774e-12,3.8947475154628505e-11,3.3217122191328376e-08,-5.452299187495097e-10,-3.226148486322219e-11,-5.479453615698105e-10,-5.456328352394597e-10,2.4067923516353058e-11,-3.325981875734709e-11,-7.487679280164183e-09,3.153437712841586e-11,-3.325981875734709e-11,3.1534377172497136e-11,-6.240564207504869e-11,-5.456328352429045e-10,-4.770777827742639e-11,-4.3309558504803855e-11,-4.9697633973276164e-11,-5.456328352910349e-10,-3.259474949696777e-11,-3.290795234515317e-11,-3.325981900978939e-11,6.10115576339259e-09
-1.1101474898169306e-05,-5.814151331184811e-10,7.204147442617485e-11,-5.81415133068127e-10,1.0712419454778304e-07,-5.142837286186447e-11,-3.175270120155607e-12,1.0804495261916632e-07,-3.17527030957526e-12,-5.0038983002097346e-11,-5.689752469990761e-10,-1.1966919825015616e-07,-5.814151330017647e-10,-7.251309565690895e-11,-3.016037660485374e-11,7.755983677187727e-06,-5.912600202791967e-10,-6.118338742005899e-11,-5.863623493510243e-10,-5.003898304847784e-11,6.781739330463075e-11,-1.1174851461471374e-10,1.080449526191607e-07,-1.5071010107490205e-10,3.2169591046957724e-07,-1.1775403081161348e-10,1.0804495261916205e-07,-5.912600201548581e-10,-5.814151331184811e-10,-5.142837296036701e-11,4.952021508547881e-11,-5.81415133068127e-10,-1.8292068221668514e-11,-4.786097392836115e-10,1.0804495261916316e-07,7.242368429911757e-11,-1.4899514075724122e-11,5.791892395905013e-08,-1.571762934743032e-08,-3.960872704269233e-11,-1.1389243576953695e-06,-5.877623648749903e-10,-1.7091249729758523e-10,-5.81415133068127e-10,-5.003898287321649e-11,-3.17527030957526e-12,-6.351834501716286e-11,-2.7197413700803348e-11,-5.820722525196623e-10,5.261687294888678e-11,-5.776436437174092e-10,-5.81415133068127e-10,-3.925113101415194e-11,1.0804495261916381e-07,1.221506220509955e-08,-5.1428372909487223e-11,1.0804495261916249e-07,-5.1428372837850765e-11,1.017794852201908e-10,-5.814151330038975e-10,7.78085515256943e-11,1.40690880027746e-07,8.105380462173458e-11,-5.814151329903128e-10,5.3160429992544094e-11,1.0690213708749361e-07,1.0804495261916242e-07,-4.994156227670864e-12
0.9999366788304103,0.9998775192521631,-5.225236511302588e-10,0.9998775192521663,-6.337836430329416e-10,-5.27807600377408e-10,-5.175645234393603e-10,-5.956069812653429e-10,-5.175645234111487e-10,-5.30298322322682e-10,0.9998775216633794,-5.790746283821535e-10,0.9998775192521668,-5.65028378595435e-10,-5.395964194763012e-10,-5.912600202791967e-10,0.9998852036577927,-5.573657311694541e-10,0.9998775165305146,-5.302983225080587e-10,-5.394734281759088e-10,-5.176461505442124e-10,-5.956069809668702e-10,-4.847529813062224e-10,-6.964772022566869e-10,-5.078849289873954e-10,-5.956069815914303e-10,0.9998775456499892,0.9998775192521672,-5.278075997456895e-10,-6.059991101036453e-10,0.9998775192521672,-5.147390932541531e-10,0.9998774234066791,-5.956069816442395e-10,-5.112658476778787e-10,-5.972031656714625e-10,-6.261921648142703e-10,-6.313150749668102e-10,-5.383870662551753e-10,0.9998767493070432,0.9998775612548885,-4.747520730577838e-10,0.9998775192521677,-5.302983226621696e-10,-5.175645236585974e-10,-5.696682936849895e-10,-5.43404399720047e-10,0.9998775181145614,-4.974445752064269e-10,0.9998775480381658,0.9998775192521671,-5.736460020894853e-10,-5.956069809814902e-10,-6.244712533054263e-10,-5.278076001974986e-10,-5.956069811401404e-10,-5.27807599999144e-10,-5.594894028910779e-10,0.9998775192521663,-5.532586581055562e-10,-1.261209999579022e-06,-5.407113047086006e-10,0.9998775192521661,-5.078003620202998e-10,-6.327115631468503e-10,-5.956069812763072e-10,-6.037734895397701e-10
-1.1120874941514195e-05,-5.696111111557118e-10,-8.960647326013799e-11,-5.69611111150725e-10,-6.689577954461006e-11,1.274134742204056e-07,3.950689048740502e-12,-6.747086712937206e-11,3.9506890116734356e-12,6.224142284527023e-11,-5.850842735557717e-10,7.473274602459652e-11,-5.696111110978565e-10,9.019559080428088e-11,3.751575240916321e-11,-6.118338742005899e-11,-5.573657311694541e-10,7.809588289341284e-06,-5.634575913889065e-10,6.224142297099254e-11,-8.435236993870646e-11,1.389978279159627e-10,-6.747086694949189e-11,1.8745950156594799e-10,-2.008921074131234e-10,1.4646766786796337e-10,-6.747086702529002e-11,-5.573657311938933e-10,-5.696111110978565e-10,1.2741347422040237e-07,-6.159355493918424e-11,-5.696111111016399e-10,2.2753474903282642e-11,-6.974838806500518e-10,-6.747086702529002e-11,-9.008190805248934e-11,3.691550430917063e-08,-3.61679361375929e-11,9.816881544283073e-12,9.813098441148338e-08,-1.1583246350186907e-06,-1.1188132844644253e-06,2.1258790962102075e-10,-5.69611111150725e-10,6.224142284749668e-11,3.950689015902916e-12,7.900762109184678e-11,3.3830328297634134e-11,-5.687937621953506e-10,-6.544555290150142e-11,-5.743022491798199e-10,-5.696111110978565e-10,9.724521962007127e-08,-6.747086712313344e-11,-7.626633301994582e-12,1.2741347422040398e-07,-6.747086709936236e-11,1.2741347422040187e-07,-1.2659553420468936e-10,-5.696111111347209e-10,-9.677969174838751e-11,-8.785762442588375e-11,-1.008162701786816e-10,-5.696111112868185e-10,-6.61216196332752e-11,-6.675711206117988e-11,-6.747086702529002e-11,1.2375540541210436e-08
0.9999366535655355,0.9998774920850719,-5.153507769616938e-10,0.9998774920850764,-1.2516897307727514e-06,-5.329281856969658e-10,-5.178807161888055e-10,-5.902060094217342e-10,-5.178807160916672e-10,-5.352805711704764e-10,0.9998774969633021,-5.850567765810374e-10,0.9998774920850765,-5.722482986452449e-10,-5.4259942648954e-10,-5.863623493510243e-10,0.9998775165305146,-5.634575913889065e-10,0.9998851463901123,-5.352805713677137e-10,-5.327211327477649e-10,-5.28772598972035e-10,-5.902060094962569e-10,-4.99758694799304e-10,-6.803961166441315e-10,-5.19609324814907e-10,-5.902060095849774e-10,0.9998775165305133,0.9998774920850773,-5.329281850466075e-10,-6.010686061589282e-10,0.9998774920850774,-5.165604120350567e-10,0.999877416627404,-5.902060098792888e-10,-5.040549173408952e-10,-5.986867068065945e-10,-1.2414683533282113e-06,-6.321008302397823e-10,-5.423308118969821e-10,0.9998767240440865,0.9998775328290518,-4.917692672595782e-10,0.9998774920850768,-5.352805715254804e-10,-5.17880716327737e-10,-5.759926383538572e-10,-5.461123949392977e-10,0.9998774908171535,-4.922057382429921e-10,0.9998775216190193,0.9998774920850764,-5.775541458742368e-10,-5.90206009302566e-10,-6.238606907298452e-10,-5.329281854717105e-10,-5.902060094078309e-10,-5.329281852750135e-10,-5.493556233807201e-10,0.9998774920850764,-5.455115791165231e-10,-6.26175595017672e-10,-5.326411065844619e-10,0.9998774920850768,-5.025074058238597e-10,-6.273677222524522e-10,-5.90206009561286e-10,-6.042707896638602e-10
-1.1058183027685084e-05,-5.403132508955517e-10,-7.328492089026942e-11,-5.403132508734237e-10,-5.47108786891263e-11,5.2317837632108656e-11,3.2311550025363216e-12,-5.5181221203492e-11,3.231155233892166e-12,1.0139057555216307e-07,-5.529680352015334e-10,6.112053593970583e-11,-5.403132508734237e-10,7.376687974570842e-11,6.111279665481146e-08,-5.003898304847784e-11,-5.302983225080587e-10,6.224142297099254e-11,-5.352805713677137e-10,7.75939761220185e-06,-6.898783066288403e-11,1.1367996540886478e-10,-5.5181221203492e-11,1.5331452249459427e-10,-1.6430027319663193e-10,1.1978920034396505e-10,-5.5181221190388915e-11,-5.302983226077824e-10,-5.403132508532743e-10,5.2317837632108656e-11,-1.003349021550543e-07,-5.403132508371868e-10,1.8609083845662375e-11,-6.448944692745013e-10,-5.5181221190388915e-11,-7.36737594053655e-11,3.019164468104294e-08,-2.9579997533630984e-11,1.5991739526917337e-08,4.0294036680082846e-11,-1.0956370899677416e-06,-5.338564127221254e-10,1.738658837674848e-10,-5.403132507670288e-10,1.0139057555216286e-07,3.231155014373516e-12,6.461675720114632e-11,5.510929196260954e-08,-5.396447788493109e-10,-5.3524825992829275e-11,-5.441499174452779e-10,-5.403132508955517e-10,3.993033382839536e-11,-5.5181221203492e-11,-1.2423511494848183e-08,5.23178377755846e-11,-5.518122114007567e-11,5.2317837866948676e-11,-1.0353655808899427e-10,-5.403132508290354e-10,-7.915156097745585e-11,-7.185460266631e-11,-8.245289276951713e-11,-5.403132508955517e-10,-5.407774814003446e-11,-5.459746880609689e-11,-5.5181221203492e-11,1.0121545042403004e-08
-1.0983652616920192e-05,-5.259005222588621e-10,9.932160947732764e-11,-5.259005222588621e-10,7.41491458863885e-11,-7.09033483178233e-11,-4.3779334916756426e-12,7.478649822100574e-11,-4.377933418813281e-12,-6.898783066288403e-11,-5.087499453271887e-10,-8.283319834137511e-11,-5.259005223427589e-10,-9.99723739560019e-11,-4.158167227611996e-11,6.781739330463075e-11,-5.394734281759088e-10,-8.435236993870646e-11,-5.327211327477649e-10,-6.898783066288403e-11,7.84423478872249e-06,-3.068644743384536e-07,7.478649826329195e-11,-2.0778068568466487e-10,2.2267186407592198e-10,-1.6234494585815877e-10,7.478649820298632e-11,-5.394734283780724e-10,-5.259005223559517e-10,-7.090334831782363e-11,6.827203484681682e-11,-5.259005222794762e-10,-2.521910250855498e-11,-3.841651898931914e-10,7.478649822100574e-11,9.984855736342635e-11,-2.054191246334473e-11,7.985080598188382e-08,-2.1670174521566894e-08,-5.460788807546302e-11,-1.021109925044576e-06,-5.346512902979468e-10,-2.3563324426643904e-10,-5.259005222288042e-10,-6.898783040673493e-11,-4.377933418813281e-12,-8.75715274273264e-11,-3.74967078049909e-11,-5.268064778382748e-10,7.254138463546872e-11,-5.207008525483089e-10,-5.259005222588621e-10,-5.4114896625920774e-11,7.478649826329195e-11,8.454726398430168e-12,-7.090334805326238e-11,7.478649829401533e-11,-7.090334836000532e-11,2.7948820084796517e-07,-5.259005222801171e-10,1.0727252469020603e-10,1.939665315278684e-07,2.2257503317867573e-07,-5.259005223559517e-10,7.329076961104851e-11,7.399544247800711e-11,7.478649829401533e-11,-6.885634116756403e-12
-1.108157434316268e-05,-5.400116532408549e-10,-1.6366159627214862e-10,-5.400116532547379e-10,-1.2218191332987484e-10,1.1683636102815815e-10,7.215261968645818e-12,-1.2323224393523463e-10,7.215262040036801e-12,1.1367996538340516e-10,-5.68272504977987e-10,2.718675020572286e-07,-5.400116531395327e-10,3.2811945528556703e-07,6.851992209026026e-11,-1.1174851461471374e-10,-5.176461505442124e-10,1.389978279159627e-10,-5.28772598972035e-10,1.1367996540886478e-10,-3.068644743384536e-07,8.16366405945204e-06,-1.2323224395860845e-10,6.819537490547443e-07,-3.6691863968403536e-10,5.328304575933918e-07,-1.2323224395507008e-10,-5.176461505321981e-10,-5.400116531395327e-10,1.1683636102815815e-10,-1.1249766185318354e-10,-5.400116532193335e-10,4.155748584654857e-11,-7.735640537349169e-10,-1.2323224395507008e-10,-1.64529938922474e-10,3.3850603265985746e-11,-6.605924251886299e-11,3.571147203940283e-08,8.998461321189886e-11,-1.1190278008636196e-06,-5.255921223221891e-10,7.733678231489545e-07,-5.400116531674613e-10,1.1367996535547584e-10,7.215261968645818e-12,2.874189906013774e-07,6.178869956964157e-11,-5.38518812049831e-10,-1.1953301853394105e-10,-5.485797393876018e-10,-5.400116532519896e-10,8.91723454095555e-11,-1.2323224395508676e-10,-1.3930174894948805e-11,1.1683636102815815e-10,-1.2323224381144134e-10,1.168363612334489e-10,-4.605399467566793e-07,-5.400116531322762e-10,-1.7676309760119517e-10,-3.196163331910436e-07,-3.667581182985003e-07,-5.400116532519896e-10,-1.2076783022963784e-10,-1.2192864332731153e-10,-1.2323224395507008e-10,1.134770619104541e-11
-1.1106153153357242e-05,-5.847503992372379e-10,7.944466244548445e-11,-5.847503991424241e-10,1.181325324486474e-07,-5.6713389507715765e-11,-3.5016237212651264e-12,1.1914791869367507e-07,-3.5016239000176875e-12,-5.5181221316809726e-11,-5.710321454801357e-10,-6.625571883359524e-11,-5.84750399236666e-10,-7.996485804312771e-11,-3.325981886622104e-11,1.080449526191607e-07,-5.956069809668702e-10,-6.747086694949189e-11,-5.902060094962569e-10,-5.5181221203492e-11,7.478649826329195e-11,-1.2323224395860845e-10,7.777154997901924e-06,-1.6619765888010628e-10,3.5475439820457496e-07,-1.2985490735031938e-10,1.1914791869366965e-07,-5.956069810937351e-10,-5.84750399236666e-10,-5.671338949443445e-11,5.4609029201527e-11,-5.84750399216061e-10,-2.0171877576328406e-11,-4.713803595490721e-10,1.1914791869367106e-07,7.986615136087056e-11,-1.6430701519541944e-11,6.387075369055708e-08,-1.7332958271864357e-08,-4.367911592835627e-11,-1.1436022046964312e-06,-5.91749893380709e-10,-1.884761242981012e-10,-5.847503992372379e-10,-5.518122114007567e-11,-3.5016239000176875e-12,-7.00457752363696e-11,-2.999237200213001e-11,-5.854750467271839e-10,5.802392239620579e-11,-5.805913367655938e-10,-5.847503991490507e-10,-4.3284775473768234e-11,1.191479186936718e-07,1.3470198364384276e-08,-5.671338929744733e-11,1.1914791869367073e-07,-5.671338929744733e-11,1.1223865361945028e-10,-5.847503991743019e-10,8.580438231395983e-11,7.789439248616502e-11,8.938312988314301e-11,-5.847503991782722e-10,5.862333645999735e-11,1.178876558597834e-07,1.1914791869367083e-07,-5.5074344426025854e-12
-1.1046734424291445e-05,-5.149162689191416e-10,-2.2072275887981884e-10,-5.149162688729884e-10,-1.647811434870932e-10,1.5757140387492508e-10,9.730680341071867e-12,-1.6619765881020432e-10,9.730680372658707e-12,1.533145225368174e-10,-5.530303257267047e-10,3.6665423372029413e-07,-5.149162689216296e-10,4.4251856108718705e-07,9.240933030016976e-11,-1.5071010107490205e-10,-4.847529813062224e-10,1.8745950156594799e-10,-4.99758694799304e-10,1.5331452249459427e-10,-2.0778068568466487e-10,6.819537490547443e-07,-1.6619765888010628e-10,8.577726934753303e-06,-4.948458649363377e-10,7.186025377760997e-07,-1.6619765883050005e-10,-4.847529812938214e-10,-5.149162688729884e-10,1.5757140365406517e-10,-3.021940485682739e-07,-5.149162689216296e-10,5.604639442584967e-11,-8.2989722756503e-10,-1.6619765876030333e-10,-2.218938453961172e-10,4.5652456684397013e-11,-8.909118089036131e-11,2.4180285404801464e-11,1.2135773211656434e-10,-1.0841909282787656e-06,-4.954693303618982e-10,1.0430037933199139e-06,-5.149162689143915e-10,1.5331452249473378e-10,9.730680460995625e-12,3.876277897720331e-07,8.3331251067294e-11,-5.129029454101303e-10,-1.6120864796014083e-10,-5.264716313663085e-10,-5.149162689143915e-10,1.2026225198717905e-10,-1.6619765876030333e-10,-1.8787205017275463e-11,1.5757140361540833e-10,-1.6619765876030333e-10,1.5757140361540833e-10,-3.118356298653853e-10,-5.149162689646258e-10,-2.3839213744015715e-10,-2.1641511212556703e-10,-2.483351688726266e-10,-5.149162689191416e-10,-1.6287398321134788e-10,-1.6443956954328264e-10,-1.6619765879100277e-10,1.5303873748844697e-11
-1.1222612435239543e-05,-6.641523180722408e-10,2.3654134987316706e-10,-6.641523178463392e-10,3.517309856199694e-07,-1.688622187769521e-10,-1.042691844664877e-11,3.547543982045934e-07,-1.042691843292691e-11,-1.643002732623337e-10,-1.24148874339614e-06,-3.9292705350347815e-07,-6.641523180124739e-10,-4.742280588919836e-07,-1.9724707740916184e-07,3.2169591046957724e-07,-6.964772022566869e-10,-2.008921074131234e-10,-6.803961166441315e-10,-1.6430027319663193e-10,2.2267186407592198e-10,-3.6691863968403536e-10,3.5475439820457496e-07,-4.948458649363377e-10,8.714269419224413e-06,-7.700971306923231e-07,3.547543982045785e-07,-6.964772022325517e-10,-6.641523180718648e-10,-1.6886221874584754e-10,3.2385252752549774e-07,-6.641523180124739e-10,-6.006172995183873e-11,-6.505112225637905e-07,3.5475439820458375e-07,2.377963322911736e-10,-4.8922744210062625e-11,1.9016938278275082e-07,-5.161050692373512e-08,-1.3005336655625875e-10,-1.260050600653377e-06,-6.849929097573554e-10,-5.611788192827253e-10,-6.641523177857803e-10,-1.6430027316321885e-10,-1.0426918441407622e-11,-4.1540366948609373e-07,-8.930180750042092e-11,-6.663099196278313e-10,1.727622584694119e-10,-6.517688985882133e-10,-6.641523177857803e-10,-1.2887930701818003e-10,3.547543982045842e-07,4.01043264130033e-08,-1.6886221885691271e-10,3.547543982045814e-07,-1.688622187147794e-10,3.3418367394917184e-10,-6.641523178463392e-10,2.5547702194952475e-10,2.3192526451946353e-10,2.661325769028871e-10,-6.641523178463392e-10,1.7454696146729266e-10,3.510018835769364e-07,3.547543982045814e-07,-1.6399295820733285e-11
-1.1066859965408412e-05,-5.314523767483482e-10,-1.7245696797578716e-10,-5.314523767401884e-10,-1.2874813399517636e-10,1.2311522453202656e-10,7.602981080845682e-12,-1.2985490737294585e-10,7.602980976963821e-12,1.1978920047575067e-10,-5.61231994061826e-10,2.8647784297853843e-07,-5.314523766710407e-10,3.4575283293063667e-07,7.220221162880075e-11,-1.1775403081161348e-10,-5.078849289873954e-10,1.4646766786796337e-10,-5.19609324814907e-10,1.1978920034396505e-10,-1.6234494585815877e-10,5.328304575933918e-07,-1.2985490735031938e-10,7.186025377760997e-07,-7.700971306923231e-07,8.219473318968482e-06,-1.2985490735031938e-10,-5.078849289873954e-10,-5.314523767334403e-10,1.2311522453202656e-10,-1.1854343732410547e-10,-5.314523767401884e-10,4.3790789943599125e-11,-7.775561143102539e-10,-1.2985490735530317e-10,-3.453191832522813e-07,3.566972549253979e-11,-6.960937516910135e-11,1.889290639381923e-11,9.482043648103203e-11,-1.104314501449549e-06,-5.162579245334872e-10,8.149292942740608e-07,-5.314523767613908e-10,1.1978920020098401e-10,7.602981080845682e-12,3.028650850298683e-07,1.2968342789136157e-07,-5.298793086296086e-10,-1.2595687481873193e-10,-5.404809192042493e-10,-5.314523766710407e-10,9.396451374852237e-11,-1.2985490735031938e-10,-1.4678840506989057e-11,1.2311522464558243e-10,-1.298549073630664e-10,1.231152243449691e-10,-2.4364608366370256e-10,-5.314523767668311e-10,-1.8626255808010973e-10,-1.6909125130276089e-10,-1.9403133762369694e-10,-5.314523767483482e-10,-1.2725804698315454e-10,-1.2848125245928366e-10,-1.2985490735530317e-10,1.1957500147218661e-11
