1.0000000009532402,4.484162349762952e-07,4.583703610642561e-07,0.9999885974335174,0.9999888117764065,4.3416103796629754e-07,0.9999883508061163,0.9999885974335174,0.9999885974335123,0.9999885974335213,4.4841624464091835e-07,0.9999885974335135,0.9999885974335232,0.9999885974335088,0.9999885974335155,0.9999885974335088,4.3441206831788196e-07,0.999988597433514,4.4519877387029516e-07,0.9999885974335184,0.999988597433514,0.9999885974335195,4.252070812939571e-07,4.7495456969970454e-07,4.50780509653871e-07,0.999988597433515,4.5787872802105153e-07,4.471870273698706e-07,4.492876459672784e-07,0.9999885974335135,0.9999885974335141,0.9999885974335208,0.999988597433514,4.649206992681515e-07,0.9999885974335155,0.9999885974335176,0.999988597433514,0.9999885974335232,0.9999885974335193,0.9999885974335193,0.9999885974335135,0.9999885974335184,4.48416248903833e-07,0.9999887720615339,0.9999885974335133,4.375693545377154e-07,4.7495457096424665e-07,0.999988597433514,0.9999885974335154,0.999988772061537,0.9999885974335141,0.9999885974335155,0.9999885974335135,0.9999885974335162,0.999988597433514
4.484162349762952e-07,5.282166843300515e-06,3.207726202212004e-11,1.8292324638357005e-11,1.6819082406286143e-11,-8.111004012939921e-11,3.993905323921877e-08,1.8292324669683524e-11,1.8292324630149202e-11,1.8292324669683524e-11,2.171567998345884e-08,1.8292324635937366e-11,1.82923246430095e-11,1.829232466072689e-11,1.8292324640550213e-11,1.8292324670913603e-11,-3.624117192487465e-11,1.8292324687034564e-11,-2.0185023351180456e-11,1.8292324638357005e-11,1.8292324641670548e-11,1.8292324602423914e-11,-1.1151823971493124e-10,8.191460409783873e-11,2.9407301306489472e-08,1.8292324643289024e-11,4.554788958059681e-11,9.49488135132316e-12,-5.2336908723686195e-12,1.829232463122176e-11,1.8292324602423914e-11,1.8292324696059237e-11,1.829232465610084e-11,3.970563755915379e-11,1.8292324670913603e-11,1.8292324675686396e-11,1.8292324642657497e-11,1.829232466072689e-11,1.829232463980231e-11,1.8292324638357005e-11,1.8292324642657497e-11,1.829232465610084e-11,2.171567998345891e-08,2.149898661377716e-11,1.8292324602238134e-11,-4.560985822296529e-08,8.191460439065046e-11,1.8292324631151686e-11,1.8292324638931753e-11,2.149898659331621e-11,1.8292324704440005e-11,1.8292324643289024e-11,1.82923246430095e-11,1.8292324643289024e-11,1.8292324630149202e-11
4.583703610642561e-07,3.207726202212004e-11,5.446783251865238e-06,1.988112337585354e-11,1.5622967388267474e-11,-2.3537501077830625e-10,4.989316414938672e-08,1.988112340917401e-11,1.9881123409619706e-11,1.9881123392178774e-11,3.207726248257417e-11,1.9881123413077553e-11,1.988112340917401e-11,1.9881123323722596e-11,1.9881123409619706e-11,1.988112334198569e-11,-1.0534411452748979e-10,1.9881123376058216e-11,-5.829764209130372e-11,1.9881123431641696e-11,1.9881123426415123e-11,1.9881123409619706e-11,-3.2338843236688064e-10,2.367280143412852e-10,4.324813440706212e-11,1.988112335167539e-11,2.624278842599668e-07,5.6297189737651985e-08,-2.884977391142379e-08,1.9881123429353214e-11,1.9881123410111274e-11,1.9881123429353214e-11,1.9881123408670713e-11,1.1424852464990426e-10,1.9881123406308595e-11,1.988112339633674e-11,1.988112339633674e-11,1.988112336746885e-11,1.9881123339617104e-11,1.9881123351196854e-11,1.9881123362647056e-11,1.9881123456805813e-11,3.2077261510852564e-11,2.9104282009601045e-11,1.988112336305326e-11,-6.608545289986174e-11,2.367280143412852e-10,1.9881123403505177e-11,1.988112344345997e-11,2.9104282002269536e-11,1.988112338873573e-11,1.9881123412948158e-11,1.9881123355538056e-11,1.988112339421479e-11,1.9881123399839232e-11
0.9999885974335174,1.8292324638357005e-11,1.988112337585354e-11,0.9999863750027727,0.9999813293390447,2.5901856118763488e-11,0.9999808673656129,0.9999811145522591,0.9999811145522597,0.9999811145522597,1.8292331607457842e-11,0.9999811145522587,0.9999811145522581,0.9999811145522585,0.9999811145522582,0.9999811145522599,1.898610137488056e-11,0.9999811145522582,2.1910972391484315e-11,0.9999811145522594,0.9999811145522581,0.9999811145522591,2.624630073648217e-11,2.0200167405763838e-11,1.886615722345801e-11,0.9999811145522582,1.7676306914920734e-11,1.806120064299867e-11,2.1292803769627777e-11,0.9999811145522591,0.9999811145522597,0.9999811145522599,0.9999811145522587,2.1965436463700955e-11,0.9999811145522601,0.9999811145522585,0.9999811145522594,0.9999811145522582,0.9999811145522594,0.9999811145522587,0.9999811145522591,0.9999811145522595,1.8292332264502815e-11,0.9999812881682089,0.9999811145522594,1.827288619649593e-11,2.02001671860864e-11,0.9999811145522599,0.9999811145522587,0.9999812881682076,0.9999811145522581,0.9999811145522589,0.9999811145522604,0.9999811145522591,0.9999811145522597
0.9999888117764065,1.6819082406286143e-11,1.5622967388267474e-11,0.9999813293390447,0.999986804932247,3.6313259674941364e-11,0.9999810817069268,0.9999813293390455,0.9999813293390467,0.999981329339048,1.6819089505969502e-11,0.9999813293390455,0.9999813293390469,0.9999813293390449,0.9999813293390459,0.9999813293390457,2.3859024286269704e-11,0.9999813293390452,4.959258770608162e-08,0.9999813293390453,0.9999813293390452,0.9999813293390474,4.0521146195281434e-11,9.635341147379556e-12,1.6906487712440924e-11,0.9999813293390449,1.2038209423995674e-11,1.705951957799495e-11,2.183202860890922e-11,0.9999813293390455,0.9999813293390462,0.9999813293390474,0.9999813293390455,1.670618332713418e-11,0.9999813293390464,0.9999813293390452,0.9999813293390457,0.9999813293390462,0.9999813293390464,0.9999813293390455,0.9999813293390449,0.9999813293390462,1.6819090046972102e-11,0.9999815021604069,0.9999813293390466,2.116286090616533e-11,9.635340931501793e-12,0.9999813293390457,0.9999813293390452,0.9999815021604075,0.9999813293390453,0.9999813293390466,0.9999813293390466,0.9999813293390462,0.9999813293390466
4.3416103796629754e-07,-8.111004012939921e-11,-2.3537501077830625e-10,2.5901856118763488e-11,3.6313259674941364e-11,6.441777940749643e-06,2.5683761610519888e-08,2.590185612087007e-11,2.5901856120427976e-11,2.590185611125069e-11,-8.111003981275993e-11,2.590185617019375e-11,2.5901856132281258e-11,2.5901856151080646e-11,2.5901856140594096e-11,2.5901856104047583e-11,2.6844532654776985e-10,2.5901856152892514e-11,1.5145970373719802e-10,2.5901856127394998e-11,2.5901856124337364e-11,2.5901856099063507e-11,8.154546419231413e-10,-6.015365787659711e-10,-1.0924685260779575e-10,2.5901856124337364e-11,-3.2997251025843445e-10,-6.719414458986445e-11,3.7567210415149404e-11,2.5901856118763488e-11,2.5901856123209926e-11,2.5901856143557765e-11,2.590185612061457e-11,-2.899461457753602e-10,2.5901856120427976e-11,2.5901856124337364e-11,2.5901856111250675e-11,2.5901856127976975e-11,2.5901856124417904e-11,2.5901856090596802e-11,2.590185608873478e-11,2.5901856105934793e-11,-8.111004012939921e-11,2.6503744242141335e-12,2.590185610354988e-11,3.3190512918202465e-07,-6.015365787659711e-10,2.5901856120427976e-11,2.5901856158606917e-11,2.6503746504630333e-12,2.5901856173037842e-11,2.5901856136474656e-11,2.5901856143557765e-11,2.5901856100319012e-11,2.5901856104901466e-11
0.9999883508061163,3.993905323921877e-08,4.989316414938672e-08,0.9999808673656129,0.9999810817069268,2.5683761610519888e-08,0.999985881190559,0.9999808673656149,0.9999808673656151,0.9999808673656171,3.9939067176965964e-08,0.9999808673656149,0.9999808673656163,0.9999808673656141,0.9999808673656158,0.9999808673656163,2.5934887178425324e-08,0.9999808673656149,3.67214882761266e-08,0.9999808673656144,0.9999808673656149,0.9999808673656159,1.6729802206110907e-08,6.647736043159304e-08,4.230330808752698e-08,0.9999808673656143,4.940154853089284e-08,3.870985244395305e-08,4.0810435085877364e-08,0.9999808673656151,0.9999808673656151,0.9999808673656161,0.9999808673656159,5.644347655464456e-08,0.9999808673656149,0.9999808673656136,0.9999808673656149,0.9999808673656163,0.9999808673656168,0.9999808673656151,0.9999808673656141,0.9999808673656151,3.993906831966211e-08,0.9999810419923606,0.9999808673656144,2.9092176736669974e-08,6.647736001452836e-08,0.9999808673656163,0.9999808673656149,0.9999810419923599,0.9999808673656144,0.9999808673656159,0.9999808673656165,0.9999808673656149,0.9999808673656151
0.9999885974335174,1.8292324669683524e-11,1.988112340917401e-11,0.9999811145522591,0.9999813293390455,2.590185612087007e-11,0.9999808673656149,0.9999863750027739,0.9999811145522599,0.9999811145522626,1.8292331704963524e-11,0.9999811145522594,0.9999811145522608,0.9999811145522594,0.9999811145522582,0.9999811145522601,1.898610139060725e-11,0.9999811145522589,2.1910972406564093e-11,0.9999811145522594,0.9999811145522589,0.9999811145522614,2.624630070546323e-11,2.020016743588409e-11,1.886615718703003e-11,0.9999811145522582,1.7676306872412736e-11,1.8061200595681906e-11,2.129280374570938e-11,0.9999811145522599,0.9999811145522599,0.9999811145522601,0.9999811145522601,2.1965436451866288e-11,0.9999811145522601,0.9999811145522591,0.9999811145522604,0.9999811145522608,0.9999811145522591,0.9999811145522587,0.9999811145522594,0.9999811145522601,1.8292332155019878e-11,0.9999812881682097,0.9999811145522597,1.8272886204788016e-11,2.020016717357617e-11,0.9999811145522599,0.9999811145522589,0.9999812881682095,0.9999811145522577,0.9999811145522594,0.9999811145522604,0.9999811145522597,0.9999811145522597
0.9999885974335123,1.8292324630149202e-11,1.9881123409619706e-11,0.9999811145522597,0.9999813293390467,2.5901856120427976e-11,0.9999808673656151,0.9999811145522599,0.9999863750027745,0.9999811145522611,1.829233159977458e-11,0.9999811145522604,0.9999811145522618,0.9999811145522608,0.9999811145522595,0.9999811145522611,1.898610134267676e-11,0.9999811145522601,2.191097236942651e-11,0.9999811145522604,0.9999811145522594,0.9999811145522611,2.6246300688142447e-11,2.0200167405323145e-11,1.886615715980271e-11,0.9999811145522597,1.7676306866522357e-11,1.8061200596823573e-11,2.1292803793558413e-11,0.9999811145522601,0.9999811145522614,0.9999811145522608,0.9999811145522614,2.1965436430450045e-11,0.9999811145522614,0.9999811145522611,0.9999811145522608,0.9999811145522622,0.9999811145522597,0.9999811145522597,0.9999811145522608,0.9999811145522597,1.8292332235413574e-11,0.999981288168211,0.9999811145522614,1.8272886156795847e-11,2.0200167207160122e-11,0.9999811145522614,0.9999811145522599,0.9999812881682105,0.9999811145522595,0.9999811145522604,0.9999811145522614,0.9999811145522608,0.999981114552262
0.9999885974335213,1.8292324669683524e-11,1.9881123392178774e-11,0.9999811145522597,0.999981329339048,2.590185611125069e-11,0.9999808673656171,0.9999811145522626,0.9999811145522611,0.9999863750027698,1.829233167703844e-11,0.9999811145522618,0.9999811145522611,0.9999811145522614,0.9999811145522614,0.9999811145522614,1.8986101326217873e-11,0.9999811145522595,2.1910972389165276e-11,0.9999811145522624,0.9999811145522595,0.9999811145522626,2.6246300749789397e-11,2.0200167396994683e-11,1.8866157203217135e-11,0.9999811145522604,1.7676306848099885e-11,1.8061200603008603e-11,2.129280377761058e-11,0.9999811145522614,0.9999811145522618,0.9999811145522632,0.9999811145522608,2.196543644730423e-11,0.9999811145522614,0.9999811145522608,0.9999811145522628,0.9999811145522609,0.9999811145522626,0.9999811145522618,0.9999811145522614,0.999981114552263,1.8292332232028018e-11,0.9999812881682112,0.9999811145522608,1.82728861875536e-11,2.0200167164676804e-11,0.9999811145522614,0.9999811145522597,0.999981288168211,0.9999811145522614,0.9999811145522624,0.9999811145522618,0.9999811145522614,0.9999811145522614
4.4841624464091835e-07,2.171567998345884e-08,3.207726248257417e-11,1.8292331607457842e-11,1.6819089505969502e-11,-8.111003981275993e-11,3.9939067176965964e-08,1.8292331704963524e-11,1.829233159977458e-11,1.829233167703844e-11,5.282166843300515e-06,1.829233157316701e-11,1.8292331640042118e-11,1.829233166165892e-11,1.8292331695791584e-11,1.8292331646500757e-11,-3.624117210867769e-11,1.829233167109348e-11,-2.0185023140679805e-11,1.829233166165892e-11,1.829233168368504e-11,1.8292331597718116e-11,-1.1151823970541667e-10,8.191460462235315e-11,2.9407301306490957e-08,1.8292331665623644e-11,4.5547889628219884e-11,9.49488100781513e-12,-5.233691142944409e-12,1.8292331664701558e-11,1.829233159977458e-11,1.829233168368504e-11,1.8292331710694923e-11,3.9705637508363355e-11,1.8292331704963524e-11,1.8292331695791584e-11,1.8292331596013565e-11,1.8292331597718116e-11,1.8292331641602097e-11,1.8292331597718116e-11,1.8292331710694923e-11,1.829233166165892e-11,2.1715679983460336e-08,2.149899328806046e-11,1.829233159977458e-11,-4.5609858222963646e-08,8.191460409783873e-11,1.829233166165892e-11,1.8292331578831686e-11,2.1498993175207142e-11,1.829233169585144e-11,1.829233162819713e-11,1.8292331615628683e-11,1.8292331593303337e-11,1.8292331630158182e-11
0.9999885974335135,1.8292324635937366e-11,1.9881123413077553e-11,0.9999811145522587,0.9999813293390455,2.590185617019375e-11,0.9999808673656149,0.9999811145522594,0.9999811145522604,0.9999811145522618,1.829233157316701e-11,0.9999863750027712,0.9999811145522601,0.9999811145522604,0.9999811145522594,0.9999811145522604,1.8986101335979318e-11,0.9999811145522594,2.1910972428629284e-11,0.9999811145522594,0.9999811145522587,0.9999811145522601,2.624630080714851e-11,2.0200167395473437e-11,1.8866157187350353e-11,0.9999811145522582,1.767630683700906e-11,1.8061200596790884e-11,2.1292803750680747e-11,0.9999811145522594,0.9999811145522604,0.9999811145522597,0.9999811145522597,2.1965436458901992e-11,0.9999811145522606,0.9999811145522601,0.9999811145522594,0.9999811145522601,0.9999811145522585,0.9999811145522582,0.9999811145522604,0.9999811145522587,1.829233223706293e-11,0.9999812881682095,0.9999811145522601,1.8272886210123425e-11,2.0200167188417893e-11,0.9999811145522604,0.9999811145522594,0.9999812881682093,0.9999811145522582,0.9999811145522591,0.9999811145522604,0.9999811145522601,0.9999811145522604
0.9999885974335232,1.82923246430095e-11,1.988112340917401e-11,0.9999811145522581,0.9999813293390469,2.5901856132281258e-11,0.9999808673656163,0.9999811145522608,0.9999811145522618,0.9999811145522611,1.8292331640042118e-11,0.9999811145522601,0.999986375002771,0.9999811145522604,0.9999811145522611,0.9999811145522618,1.8986101388525698e-11,0.9999811145522597,2.19109723975127e-11,0.9999811145522608,0.9999811145522591,0.9999811145522628,2.624630070546323e-11,2.020016742417157e-11,1.886615717919923e-11,0.9999811145522601,1.7676306871292146e-11,1.8061200585455246e-11,2.12928037670772e-11,0.9999811145522608,0.9999811145522614,0.9999811145522626,0.9999811145522599,2.196543645199724e-11,0.9999811145522616,0.9999811145522594,0.9999811145522611,0.9999811145522608,0.9999811145522611,0.9999811145522601,0.9999811145522604,0.9999811145522608,1.8292332221663703e-11,0.999981288168211,0.9999811145522597,1.827288619649593e-11,2.0200167196456702e-11,0.9999811145522618,0.9999811145522594,0.9999812881682097,0.9999811145522597,0.9999811145522626,0.9999811145522622,0.9999811145522604,0.9999811145522618
0.9999885974335088,1.829232466072689e-11,1.9881123323722596e-11,0.9999811145522585,0.9999813293390449,2.5901856151080646e-11,0.9999808673656141,0.9999811145522594,0.9999811145522608,0.9999811145522614,1.829233166165892e-11,0.9999811145522604,0.9999811145522604,0.9999863750027739,0.9999811145522594,0.9999811145522608,1.898610138800472e-11,0.9999811145522594,2.1910972388732066e-11,0.9999811145522597,0.9999811145522594,0.9999811145522601,2.6246300721861834e-11,2.0200167421495825e-11,1.886615721947346e-11,0.9999811145522595,1.76763068496007e-11,1.8061200582201957e-11,2.129280370010409e-11,0.9999811145522597,0.9999811145522606,0.9999811145522604,0.9999811145522601,2.196543642518701e-11,0.9999811145522611,0.9999811145522597,0.9999811145522594,0.9999811145522606,0.9999811145522594,0.9999811145522582,0.9999811145522597,0.9999811145522594,1.82923322557797e-11,0.99998128816821,0.9999811145522611,1.8272886198803875e-11,2.0200167189206564e-11,0.9999811145522609,0.9999811145522594,0.9999812881682091,0.9999811145522585,0.9999811145522601,0.9999811145522608,0.9999811145522597,0.9999811145522608
0.9999885974335155,1.8292324640550213e-11,1.9881123409619706e-11,0.9999811145522582,0.9999813293390459,2.5901856140594096e-11,0.9999808673656158,0.9999811145522582,0.9999811145522595,0.9999811145522614,1.8292331695791584e-11,0.9999811145522594,0.9999811145522611,0.9999811145522594,0.9999863750027734,0.9999811145522594,1.898610134181766e-11,0.9999811145522582,2.191097238700832e-11,0.9999811145522585,0.9999811145522581,0.9999811145522608,2.624630073640578e-11,2.0200167405742577e-11,1.8866157100484896e-11,0.9999811145522582,1.767630684898973e-11,1.8061200593452492e-11,2.1292803756804174e-11,0.9999811145522582,0.9999811145522604,0.9999811145522606,0.9999811145522599,2.196543645199724e-11,0.9999811145522604,0.9999811145522595,0.9999811145522591,0.9999811145522601,0.9999811145522595,0.9999811145522591,0.9999811145522595,0.9999811145522582,1.8292332249209965e-11,0.9999812881682093,0.9999811145522604,1.82728861863564e-11,2.0200167201558365e-11,0.9999811145522594,0.9999811145522587,0.9999812881682095,0.9999811145522594,0.9999811145522604,0.9999811145522594,0.9999811145522594,0.9999811145522595
0.9999885974335088,1.8292324670913603e-11,1.988112334198569e-11,0.9999811145522599,0.9999813293390457,2.5901856104047583e-11,0.9999808673656163,0.9999811145522601,0.9999811145522611,0.9999811145522614,1.8292331646500757e-11,0.9999811145522604,0.9999811145522618,0.9999811145522608,0.9999811145522594,0.9999863750027747,1.8986101372093933e-11,0.9999811145522597,2.191097239456581e-11,0.9999811145522604,0.9999811145522594,0.9999811145522611,2.6246300712894227e-11,2.020016737010565e-11,1.886615715980271e-11,0.9999811145522595,1.767630687290223e-11,1.806120059345835e-11,2.1292803822912594e-11,0.9999811145522601,0.9999811145522614,0.9999811145522616,0.9999811145522611,2.1965436443661858e-11,0.9999811145522614,0.9999811145522601,0.9999811145522601,0.9999811145522614,0.9999811145522594,0.9999811145522594,0.9999811145522608,0.9999811145522597,1.8292332235088783e-11,0.9999812881682102,0.9999811145522614,1.827288617898885e-11,2.020016722933066e-11,0.9999811145522614,0.9999811145522599,0.9999812881682097,0.9999811145522597,0.9999811145522608,0.9999811145522614,0.9999811145522608,0.9999811145522611
4.3441206831788196e-07,-3.624117192487465e-11,-1.0534411452748979e-10,1.898610137488056e-11,2.3859024286269704e-11,2.6844532654776985e-10,2.5934887178425324e-08,1.898610139060725e-11,1.898610134267676e-11,1.8986101326217873e-11,-3.624117210867769e-11,1.8986101335979318e-11,1.8986101388525698e-11,1.898610138800472e-11,1.898610134181766e-11,1.8986101372093933e-11,5.496810569731698e-06,1.8986101360167627e-11,1.2694114259015762e-07,1.89861014063558e-11,1.8986101345408857e-11,1.8986101409887512e-11,7.342033075658528e-07,-2.7019952749500576e-10,-4.903050179116406e-11,1.898610134316204e-11,-3.0160425840265325e-07,-6.607309687678177e-08,1.794646044599321e-11,1.898610139049098e-11,1.898610139060725e-11,1.8986101411877902e-11,1.8986101358979915e-11,-2.571087886336917e-07,1.898610134181766e-11,1.898610138790043e-11,1.8986101324593122e-11,1.8986101337195606e-11,1.898610138790043e-11,1.8986101397082943e-11,1.8986101337195606e-11,1.8986101367853738e-11,-3.624117180938025e-11,8.408604821359494e-12,1.8986101323628575e-11,7.561134677153364e-11,-2.701995273337202e-10,1.898610135381399e-11,1.898610138386059e-11,8.408604830128195e-12,1.898610138790043e-11,1.8986101326217873e-11,1.8986101367850396e-11,1.898610132462215e-11,1.898610138042444e-11
0.999988597433514,1.8292324687034564e-11,1.9881123376058216e-11,0.9999811145522582,0.9999813293390452,2.5901856152892514e-11,0.9999808673656149,0.9999811145522589,0.9999811145522601,0.9999811145522595,1.829233167109348e-11,0.9999811145522594,0.9999811145522597,0.9999811145522594,0.9999811145522582,0.9999811145522597,1.8986101360167627e-11,0.9999863750027695,2.1910972388680913e-11,0.9999811145522594,0.9999811145522585,0.9999811145522601,2.6246300735437784e-11,2.020016734398669e-11,1.8866157185656517e-11,0.9999811145522587,1.7676306845701417e-11,1.8061200596823573e-11,2.1292803801665245e-11,0.9999811145522591,0.9999811145522601,0.9999811145522608,0.9999811145522594,2.1965436436301447e-11,0.9999811145522601,0.9999811145522597,0.9999811145522594,0.9999811145522601,0.9999811145522587,0.9999811145522582,0.9999811145522599,0.9999811145522594,1.829233222242594e-11,0.9999812881682089,0.9999811145522597,1.827288619649593e-11,2.0200167165578984e-11,0.9999811145522599,0.9999811145522585,0.9999812881682091,0.9999811145522582,0.9999811145522597,0.9999811145522601,0.9999811145522599,0.9999811145522597
4.4519877387029516e-07,-2.0185023351180456e-11,-5.829764209130372e-11,2.1910972391484315e-11,4.959258770608162e-08,1.5145970373719802e-10,3.67214882761266e-08,2.1910972406564093e-11,2.191097236942651e-11,2.1910972389165276e-11,-2.0185023140679805e-11,2.1910972428629284e-11,2.19109723975127e-11,2.1910972388732066e-11,2.191097238700832e-11,2.191097239456581e-11,1.2694114259015762e-07,2.1910972388680913e-11,5.322133952472966e-06,2.1910972410727008e-11,2.1910972432312332e-11,2.1910972391206974e-11,2.085921085811628e-10,-1.4966542652670004e-10,-2.745573984127326e-11,2.1910972390786256e-11,-1.7620248199138092e-07,-4.334222399851359e-08,1.1206222828890952e-11,2.1910972404498422e-11,2.1910972393079595e-11,2.1910972356098873e-11,2.191097238700832e-11,-7.154623172297296e-11,2.191097239090352e-11,2.1910972393079595e-11,2.191097237344796e-11,2.191097238872268e-11,2.1910972389165276e-11,2.191097238872268e-11,2.1910972406564093e-11,2.191097240647855e-11,-2.0185023351180456e-11,1.590705115989519e-11,2.1910972405162878e-11,4.265231908098428e-11,-1.4966542710248537e-10,2.1910972387414057e-11,2.1910972368769648e-11,1.5907051228988474e-11,2.1910972418812922e-11,2.1910972402717228e-11,2.191097239753049e-11,2.191097242091917e-11,2.1910972412456656e-11
0.9999885974335184,1.8292324638357005e-11,1.9881123431641696e-11,0.9999811145522594,0.9999813293390453,2.5901856127394998e-11,0.9999808673656144,0.9999811145522594,0.9999811145522604,0.9999811145522624,1.829233166165892e-11,0.9999811145522594,0.9999811145522608,0.9999811145522597,0.9999811145522585,0.9999811145522604,1.89861014063558e-11,0.9999811145522594,2.1910972410727008e-11,0.9999863750027695,0.9999811145522582,0.9999811145522608,2.624630067927045e-11,2.020016741148134e-11,1.8866157177235095e-11,0.9999811145522582,1.7676306837009076e-11,1.8061200655412576e-11,2.1292803713651386e-11,0.9999811145522594,0.9999811145522604,0.9999811145522594,0.9999811145522601,2.1965436445453906e-11,0.9999811145522611,0.9999811145522594,0.9999811145522595,0.9999811145522608,0.9999811145522585,0.9999811145522581,0.9999811145522595,0.9999811145522594,1.8292332205308556e-11,0.9999812881682095,0.9999811145522606,1.8272886177783138e-11,2.0200167217698613e-11,0.9999811145522597,0.9999811145522595,0.9999812881682091,0.9999811145522582,0.9999811145522591,0.9999811145522597,0.9999811145522595,0.9999811145522604
0.999988597433514,1.8292324641670548e-11,1.9881123426415123e-11,0.9999811145522581,0.9999813293390452,2.5901856124337364e-11,0.9999808673656149,0.9999811145522589,0.9999811145522594,0.9999811145522595,1.829233168368504e-11,0.9999811145522587,0.9999811145522591,0.9999811145522594,0.9999811145522581,0.9999811145522594,1.8986101345408857e-11,0.9999811145522585,2.1910972432312332e-11,0.9999811145522582,0.9999863750027695,0.9999811145522601,2.624630072016753e-11,2.020016732301859e-11,1.886615720314213e-11,0.9999811145522582,1.7676306876764433e-11,1.806120059799642e-11,2.1292803722643405e-11,0.9999811145522591,0.9999811145522599,0.9999811145522601,0.9999811145522591,2.1965436443661858e-11,0.9999811145522599,0.9999811145522594,0.9999811145522594,0.9999811145522597,0.9999811145522582,0.9999811145522582,0.9999811145522594,0.9999811145522585,1.8292332197685618e-11,0.9999812881682087,0.9999811145522597,1.8272886173431877e-11,2.020016720080527e-11,0.9999811145522599,0.9999811145522585,0.9999812881682091,0.9999811145522575,0.9999811145522587,0.9999811145522601,0.9999811145522597,0.9999811145522594
0.9999885974335195,1.8292324602423914e-11,1.9881123409619706e-11,0.9999811145522591,0.9999813293390474,2.5901856099063507e-11,0.9999808673656159,0.9999811145522614,0.9999811145522611,0.9999811145522626,1.8292331597718116e-11,0.9999811145522601,0.9999811145522628,0.9999811145522601,0.9999811145522608,0.9999811145522611,1.8986101409887512e-11,0.9999811145522601,2.1910972391206974e-11,0.9999811145522608,0.9999811145522601,0.9999863750027724,2.6246300688142447e-11,2.0200167434156092e-11,1.886615715980271e-11,0.9999811145522601,1.7676306848099885e-11,1.806120059731751e-11,2.1292803737401435e-11,0.9999811145522608,0.9999811145522611,0.9999811145522626,0.9999811145522614,2.1965436422189467e-11,0.9999811145522608,0.9999811145522591,0.9999811145522608,0.9999811145522609,0.9999811145522611,0.9999811145522601,0.9999811145522604,0.9999811145522611,1.829233218213693e-11,0.9999812881682103,0.9999811145522604,1.8272886204788016e-11,2.0200167194040143e-11,0.9999811145522611,0.9999811145522601,0.9999812881682105,0.9999811145522597,0.9999811145522614,0.9999811145522618,0.9999811145522614,0.9999811145522611
4.252070812939571e-07,-1.1151823971493124e-10,-3.2338843236688064e-10,2.624630073648217e-11,4.0521146195281434e-11,8.154546419231413e-10,1.6729802206110907e-08,2.624630070546323e-11,2.6246300688142447e-11,2.6246300749789397e-11,-1.1151823970541667e-10,2.624630080714851e-11,2.624630070546323e-11,2.6246300721861834e-11,2.624630073640578e-11,2.6246300712894227e-11,7.342033075658528e-07,2.6246300735437784e-11,2.085921085811628e-10,2.624630067927045e-11,2.624630072016753e-11,2.6246300688142447e-11,7.4886031963057974e-06,-8.26307795346677e-10,-1.5014561431183446e-10,2.6246300691439905e-11,-4.528570600683874e-10,-9.193899348014212e-11,5.1479302044625525e-11,2.6246300758578088e-11,2.6246300779491404e-11,2.624630073640578e-11,2.6246300719350117e-11,-3.983901952195212e-10,2.624630070512814e-11,2.624630069741878e-11,2.624630073340645e-11,2.6246300738291095e-11,2.6246300746933094e-11,2.624630073385247e-11,2.6246300744475683e-11,2.624630074256544e-11,-1.1151823971493124e-10,-5.666887581271436e-12,2.6246300723588946e-11,2.290189084836221e-10,-8.26307795346677e-10,2.624630073640578e-11,2.624630069012995e-11,-5.666887707092526e-12,2.624630072016753e-11,2.6246300756555428e-11,2.624630066814962e-11,2.6246300738038376e-11,2.6246300720642066e-11
4.7495456969970454e-07,8.191460409783873e-11,2.367280143412852e-10,2.0200167405763838e-11,9.635341147379556e-12,-6.015365787659711e-10,6.647736043159304e-08,2.020016743588409e-11,2.0200167405323145e-11,2.0200167396994683e-11,8.191460462235315e-11,2.0200167395473437e-11,2.020016742417157e-11,2.0200167421495825e-11,2.0200167405742577e-11,2.020016737010565e-11,-2.7019952749500576e-10,2.020016734398669e-11,-1.4966542652670004e-10,2.020016741148134e-11,2.020016732301859e-11,2.0200167434156092e-11,-8.26307795346677e-10,6.472578609748338e-06,1.1046327464782795e-10,2.020016740119352e-11,3.3576031274301577e-10,6.969265872348217e-11,-3.966356366381348e-11,2.0200167363571866e-11,2.0200167405323145e-11,2.0200167379907158e-11,2.0200167421472822e-11,2.918524706323665e-10,2.0200167374072685e-11,2.0200167397010212e-11,2.020016737407271e-11,2.020016740923505e-11,2.0200167392169635e-11,2.0200167381822436e-11,2.020016740119352e-11,2.0200167374072685e-11,8.191460409783873e-11,4.379490245522448e-11,2.0200167405763838e-11,-1.691130762432309e-10,1.2121316466502086e-06,2.020016734692955e-11,2.020016742199342e-11,4.3794902408865054e-11,2.0200167414203843e-11,2.0200167386930403e-11,2.0200167379907158e-11,2.0200167421472822e-11,2.0200167422826784e-11
4.50780509653871e-07,2.9407301306489472e-08,4.324813440706212e-11,1.886615722345801e-11,1.6906487712440924e-11,-1.0924685260779575e-10,4.230330808752698e-08,1.886615718703003e-11,1.886615715980271e-11,1.8866157203217135e-11,2.9407301306490957e-08,1.8866157187350353e-11,1.886615717919923e-11,1.886615721947346e-11,1.8866157100484896e-11,1.886615715980271e-11,-4.903050179116406e-11,1.8866157185656517e-11,-2.745573984127326e-11,1.8866157177235095e-11,1.886615720314213e-11,1.886615715980271e-11,-1.5014561431183446e-10,1.1046327464782795e-10,5.300196878252207e-06,1.8866157219776515e-11,6.111367814682809e-11,1.2621445109627004e-11,-6.995383162222432e-12,1.8866157100460643e-11,1.8866157159877488e-11,1.8866157162981987e-11,1.886615720314213e-11,5.345013018246777e-11,1.8866157171617614e-11,1.8866157196396895e-11,1.8866157189818974e-11,1.886615717059668e-11,1.8866157187350353e-11,1.8866157149013424e-11,1.886615717919923e-11,1.8866157167556904e-11,2.9407301306491024e-08,4.610126871362223e-08,1.88661571648982e-11,-6.130501194768483e-08,1.1046327570239287e-10,1.886615722592326e-11,1.8866157185025653e-11,4.610126871362217e-08,1.8866157187350353e-11,1.8866157141178912e-11,1.8866157183980623e-11,1.8866157181704474e-11,1.8866157134073786e-11
0.999988597433515,1.8292324643289024e-11,1.988112335167539e-11,0.9999811145522582,0.9999813293390449,2.5901856124337364e-11,0.9999808673656143,0.9999811145522582,0.9999811145522597,0.9999811145522604,1.8292331665623644e-11,0.9999811145522582,0.9999811145522601,0.9999811145522595,0.9999811145522582,0.9999811145522595,1.898610134316204e-11,0.9999811145522587,2.1910972390786256e-11,0.9999811145522582,0.9999811145522582,0.9999811145522601,2.6246300691439905e-11,2.020016740119352e-11,1.8866157219776515e-11,0.9999863750027698,1.7676306873573775e-11,1.8061200588230643e-11,2.12928037592246e-11,0.9999811145522582,0.9999811145522604,0.9999811145522591,0.9999811145522597,2.1965436504981823e-11,0.9999811145522597,0.9999811145522594,0.9999811145522585,0.9999811145522601,0.9999811145522582,0.9999811145522572,0.9999811145522595,0.9999811145522582,1.8292332215911444e-11,0.9999812881682085,0.9999811145522599,1.8272886173431877e-11,2.020016719831769e-11,0.9999811145522594,0.9999811145522587,0.9999812881682087,0.9999811145522572,0.9999811145522579,0.9999811145522594,0.9999811145522594,0.9999811145522595
4.5787872802105153e-07,4.554788958059681e-11,2.624278842599668e-07,1.7676306914920734e-11,1.2038209423995674e-11,-3.2997251025843445e-10,4.940154853089284e-08,1.7676306872412736e-11,1.7676306866522357e-11,1.7676306848099885e-11,4.5547889628219884e-11,1.767630683700906e-11,1.7676306871292146e-11,1.76763068496007e-11,1.767630684898973e-11,1.767630687290223e-11,-3.0160425840265325e-07,1.7676306845701417e-11,-1.7620248199138092e-07,1.7676306837009076e-11,1.7676306876764433e-11,1.7676306848099885e-11,-4.528570600683874e-10,3.3576031274301577e-10,6.111367814682809e-11,1.7676306873573775e-11,5.6208497280231736e-06,6.916739894857227e-08,-1.9889254725786035e-11,1.7676306866522357e-11,1.767630685060162e-11,1.7676306846080256e-11,1.7676306852112005e-11,3.24034688553606e-07,1.767630685859055e-11,1.7676306831057363e-11,1.7676306871750333e-11,1.7676306881150426e-11,1.767630685859055e-11,1.7676306834907715e-11,1.7676306856913297e-11,1.7676306872911297e-11,4.55478892265457e-11,3.052453451378491e-11,1.7676306866522367e-11,-9.246039975110916e-11,3.357603129847685e-10,1.767630685775895e-11,1.7676306894813702e-11,3.052453454872448e-11,1.7676306871750333e-11,1.7676306837434587e-11,1.7676306881150426e-11,1.767630684157819e-11,1.7676306866522367e-11
4.471870273698706e-07,9.49488135132316e-12,5.6297189737651985e-08,1.806120064299867e-11,1.705951957799495e-11,-6.719414458986445e-11,3.870985244395305e-08,1.8061200595681906e-11,1.8061200596823573e-11,1.8061200603008603e-11,9.49488100781513e-12,1.8061200596790884e-11,1.8061200585455246e-11,1.8061200582201957e-11,1.8061200593452492e-11,1.806120059345835e-11,-6.607309687678177e-08,1.8061200596823573e-11,-4.334222399851359e-08,1.8061200655412576e-11,1.806120059799642e-11,1.806120059731751e-11,-9.193899348014212e-11,6.969265872348217e-11,1.2621445109627004e-11,1.8061200588230643e-11,6.916739894857227e-08,5.270914389219315e-06,-5.282577110006088e-09,1.806120056443251e-11,1.806120059731751e-11,1.8061200540590268e-11,1.806120065057035e-11,3.419806428099961e-11,1.8061200570673337e-11,1.806120064299867e-11,1.8061200613593445e-11,1.806120061619804e-11,1.806120058779048e-11,1.806120063048472e-11,1.8061200594241468e-11,1.8061200586512253e-11,9.49488135132316e-12,2.0643988343278213e-11,1.8061200646140686e-11,-1.8787222153875714e-11,6.969265872348217e-11,1.8061200593452492e-11,1.806120059476449e-11,2.064398824247991e-11,1.80612005877915e-11,1.8061200553996617e-11,1.8061200595681906e-11,1.806120067605984e-11,1.806120056895109e-11
4.492876459672784e-07,-5.2336908723686195e-12,-2.884977391142379e-08,2.1292803769627777e-11,2.183202860890922e-11,3.7567210415149404e-11,4.0810435085877364e-08,2.129280374570938e-11,2.1292803793558413e-11,2.129280377761058e-11,-5.233691142944409e-12,2.1292803750680747e-11,2.12928037670772e-11,2.129280370010409e-11,2.1292803756804174e-11,2.1292803822912594e-11,1.794646044599321e-11,2.1292803801665245e-11,1.1206222828890952e-11,2.1292803713651386e-11,2.1292803722643405e-11,2.1292803737401435e-11,5.1479302044625525e-11,-3.966356366381348e-11,-6.995383162222432e-12,2.12928037592246e-11,-1.9889254725786035e-11,-5.282577110006088e-09,5.266061660163038e-06,2.1292803782137563e-11,2.1292803739140294e-11,2.1292803778106715e-11,2.1292803747491894e-11,-1.904635253231673e-11,2.1292803756185133e-11,2.1292803781342917e-11,2.12928037999779e-11,2.1292803778106715e-11,2.1292803793558413e-11,2.1292803772023166e-11,2.1292803689000186e-11,2.1292803740685545e-11,-5.2336908297851346e-12,1.9831925445300802e-11,2.1292803750770554e-11,1.0568503930645083e-11,-3.966356366381348e-11,2.1292803822912594e-11,2.1292803799977916e-11,1.983192538022502e-11,2.1292803713651386e-11,2.129280373460541e-11,2.129280374535341e-11,2.1292803784990602e-11,2.1292803764592303e-11
0.9999885974335135,1.829232463122176e-11,1.9881123429353214e-11,0.9999811145522591,0.9999813293390455,2.5901856118763488e-11,0.9999808673656151,0.9999811145522599,0.9999811145522601,0.9999811145522614,1.8292331664701558e-11,0.9999811145522594,0.9999811145522608,0.9999811145522597,0.9999811145522582,0.9999811145522601,1.898610139049098e-11,0.9999811145522591,2.1910972404498422e-11,0.9999811145522594,0.9999811145522591,0.9999811145522608,2.6246300758578088e-11,2.0200167363571866e-11,1.8866157100460643e-11,0.9999811145522582,1.7676306866522357e-11,1.806120056443251e-11,2.1292803782137563e-11,0.9999863750027731,0.9999811145522601,0.9999811145522597,0.9999811145522604,2.1965436453730817e-11,0.9999811145522601,0.9999811145522591,0.9999811145522604,0.9999811145522609,0.9999811145522589,0.9999811145522585,0.9999811145522595,0.9999811145522599,1.8292332242167178e-11,0.99998128816821,0.9999811145522597,1.827288619649593e-11,2.020016712825086e-11,0.9999811145522597,0.9999811145522591,0.9999812881682097,0.9999811145522577,0.9999811145522594,0.9999811145522601,0.9999811145522601,0.9999811145522597
0.9999885974335141,1.8292324602423914e-11,1.9881123410111274e-11,0.9999811145522597,0.9999813293390462,2.5901856123209926e-11,0.9999808673656151,0.9999811145522599,0.9999811145522614,0.9999811145522618,1.829233159977458e-11,0.9999811145522604,0.9999811145522614,0.9999811145522606,0.9999811145522604,0.9999811145522614,1.898610139060725e-11,0.9999811145522601,2.1910972393079595e-11,0.9999811145522604,0.9999811145522599,0.9999811145522611,2.6246300779491404e-11,2.0200167405323145e-11,1.8866157159877488e-11,0.9999811145522604,1.767630685060162e-11,1.806120059731751e-11,2.1292803739140294e-11,0.9999811145522601,0.9999863750027731,0.9999811145522609,0.9999811145522614,2.1965436435009604e-11,0.9999811145522611,0.9999811145522601,0.9999811145522604,0.9999811145522614,0.9999811145522597,0.9999811145522587,0.9999811145522606,0.9999811145522597,1.8292332281943156e-11,0.9999812881682103,0.9999811145522611,1.8272886218797153e-11,2.020016721726161e-11,0.9999811145522608,0.9999811145522601,0.9999812881682102,0.9999811145522594,0.9999811145522604,0.9999811145522614,0.9999811145522606,0.9999811145522611
0.9999885974335208,1.8292324696059237e-11,1.9881123429353214e-11,0.9999811145522599,0.9999813293390474,2.5901856143557765e-11,0.9999808673656161,0.9999811145522601,0.9999811145522608,0.9999811145522632,1.829233168368504e-11,0.9999811145522597,0.9999811145522626,0.9999811145522604,0.9999811145522606,0.9999811145522616,1.8986101411877902e-11,0.9999811145522608,2.1910972356098873e-11,0.9999811145522594,0.9999811145522601,0.9999811145522626,2.624630073640578e-11,2.0200167379907158e-11,1.8866157162981987e-11,0.9999811145522591,1.7676306846080256e-11,1.8061200540590268e-11,2.1292803778106715e-11,0.9999811145522597,0.9999811145522609,0.999986375002771,0.9999811145522616,2.1965436436301447e-11,0.9999811145522608,0.9999811145522608,0.9999811145522604,0.9999811145522626,0.9999811145522611,0.9999811145522604,0.9999811145522604,0.9999811145522595,1.829233226654196e-11,0.999981288168211,0.9999811145522614,1.827288623219713e-11,2.0200167173349073e-11,0.9999811145522608,0.9999811145522608,0.9999812881682115,0.9999811145522601,0.9999811145522622,0.9999811145522618,0.9999811145522618,0.9999811145522608
0.999988597433514,1.829232465610084e-11,1.9881123408670713e-11,0.9999811145522587,0.9999813293390455,2.590185612061457e-11,0.9999808673656159,0.9999811145522601,0.9999811145522614,0.9999811145522608,1.8292331710694923e-11,0.9999811145522597,0.9999811145522599,0.9999811145522601,0.9999811145522599,0.9999811145522611,1.8986101358979915e-11,0.9999811145522594,2.191097238700832e-11,0.9999811145522601,0.9999811145522591,0.9999811145522614,2.6246300719350117e-11,2.0200167421472822e-11,1.886615720314213e-11,0.9999811145522597,1.7676306852112005e-11,1.806120065057035e-11,2.1292803747491894e-11,0.9999811145522604,0.9999811145522614,0.9999811145522616,0.999986375002771,2.196543648419103e-11,0.9999811145522614,0.9999811145522597,0.9999811145522601,0.9999811145522601,0.9999811145522608,0.9999811145522599,0.9999811145522601,0.9999811145522601,1.8292332282209337e-11,0.9999812881682105,0.9999811145522608,1.8272886198803875e-11,2.0200167194058696e-11,0.9999811145522614,0.9999811145522594,0.9999812881682093,0.9999811145522599,0.9999811145522618,0.9999811145522626,0.9999811145522601,0.9999811145522611
4.649206992681515e-07,3.970563755915379e-11,1.1424852464990426e-10,2.1965436463700955e-11,1.670618332713418e-11,-2.899461457753602e-10,5.644347655464456e-08,2.1965436451866288e-11,2.1965436430450045e-11,2.196543644730423e-11,3.9705637508363355e-11,2.1965436458901992e-11,2.196543645199724e-11,2.196543642518701e-11,2.196543645199724e-11,2.1965436443661858e-11,-2.571087886336917e-07,2.1965436436301447e-11,-7.154623172297296e-11,2.1965436445453906e-11,2.1965436443661858e-11,2.1965436422189467e-11,-3.983901952195212e-10,2.918524706323665e-10,5.345013018246777e-11,2.1965436504981823e-11,3.24034688553606e-07,3.419806428099961e-11,-1.904635253231673e-11,2.1965436453730817e-11,2.1965436435009604e-11,2.1965436436301447e-11,2.196543648419103e-11,5.541622163867904e-06,2.196543641246675e-11,2.19654364315926e-11,2.1965436463700955e-11,2.196543643803505e-11,2.196543644250959e-11,2.1965436444525266e-11,2.196543644143052e-11,2.1965436481401485e-11,3.9705637508363355e-11,3.3298585923907586e-11,2.1965436435009604e-11,-8.123213627180715e-11,2.918524710582778e-10,2.196543642518701e-11,2.1965436437923632e-11,3.329858595207667e-11,2.196543645199724e-11,2.1965436435747575e-11,2.1965436499253697e-11,2.1965436453763378e-11,2.19654364315926e-11
