0.9999999960042107,0.2743306435272142,0.7256597572471007,8.832140417153296e-07,9.977091516063816e-07,0.27433064352721437,0.999993553187305,1.0812126872968235e-06,0.4177416459683188,8.076120978470709e-07,0.30791833018865994,7.663294698143893e-07,9.580375427496887e-07,0.7256589345645219,1.2996762444343318e-06,7.671590757746066e-07,0.27433091020451283,8.076120969324774e-07,0.2743306435272148,8.482268477385618e-07,8.482268476934572e-07,0.2743315047884122,8.482268475617064e-07,0.7256594650867993,7.671590753408295e-07,0.7256590519052049,8.300332647652571e-07,8.482268487829945e-07,7.059376688825014e-07,6.08448439033861e-07,7.952689433943109e-07,9.65354333711568e-07,7.971141992981401e-07
0.2743306435272142,0.2743296637779298,1.0698000062185813e-10,1.7028996733858348e-10,2.534384304243544e-10,0.2743286090332365,0.27433067467669886,1.478923105309374e-10,1.17645669341567e-10,1.705861894961035e-10,1.0424049158886758e-10,1.633918047310928e-10,2.4091953034035764e-10,6.341357716867471e-11,2.4106194076129165e-10,1.6085520827107006e-10,0.27432869886768335,1.7058618971848845e-10,0.2743286090332368,1.8225745583788488e-10,1.8225745565261051e-10,0.2743295205848481,1.8225745519753658e-10,1.0891001579660546e-10,1.6085520836343703e-10,5.841589693044265e-11,1.5516524869227864e-10,1.8225745564082314e-10,1.5719185620333078e-10,1.3511654951342058e-10,1.7668117864535502e-10,2.379778846861098e-10,1.7049229427655578e-10
0.7256597572471007,1.0698000062185813e-10,0.7256592661776567,2.2135492222108273e-10,1.9596523187328786e-10,1.06980000852164e-10,0.7256598291779723,6.811849666105954e-07,0.41774066881924543,1.8291992733997114e-10,0.3079174268860628,1.6928857298797369e-10,1.884711313833784e-10,0.7256574751130387,7.149586769016624e-07,1.7224370081112347e-10,3.8890644530998915e-07,1.8291992741773716e-10,1.0698000105966208e-10,1.917374503147796e-10,1.9173745003554828e-10,8.160722009320495e-11,1.917374504247958e-10,0.7256579154472496,1.7224370076674786e-10,0.7256576023603848,4.155888250192879e-07,1.917374500078211e-10,1.4502287599646637e-10,1.1791809798701458e-10,1.7059822606144562e-10,1.9510387302188835e-10,1.7771797588137925e-10
8.832140417153296e-07,1.7028996733858348e-10,2.2135492222108273e-10,1.054745682510967e-06,3.9013674063724057e-16,1.7028996722251567e-10,7.763535992513925e-07,3.184146457539113e-16,1.1569670770280295e-10,2.853237759818715e-16,1.0565847813056013e-10,2.6739914827368877e-16,3.641266140205071e-16,2.2135465806334268e-10,4.521367093682806e-16,2.5830987062134227e-16,1.7029006271894794e-10,2.852405614135103e-16,1.7028996737239702e-10,3.1050828147285903e-16,3.1050828147285903e-16,1.7029047546193104e-10,3.1050828147285903e-16,2.2135484202818644e-10,2.5830987062134227e-16,4.387874298684838e-07,2.585494603999275e-16,3.104358664947942e-16,2.0175188097335795e-16,1.3502960928262532e-16,2.581007340186673e-16,3.708491273854349e-16,5.44726125271017e-13
9.977091516063816e-07,2.534384304243544e-10,1.9596523187328786e-10,3.9013674063724057e-16,1.0547461532522376e-06,2.5343843039708913e-10,8.908488160867669e-07,3.925259956695609e-16,1.0201559674259995e-10,3.796915493759819e-16,9.394992828718217e-11,3.5919247991433673e-16,5.011515206871933e-16,1.959649698876511e-10,5.81620241570479e-16,3.477816277917778e-16,2.534385510517313e-10,3.796915493759819e-16,2.534384304877569e-10,4.113949817951521e-16,4.1161186242813143e-16,5.023880246428483e-07,4.113949817951521e-16,1.9596516429828089e-10,3.477816277917778e-16,1.9596499291445688e-10,3.446457067564632e-16,4.1142422499728663e-16,5.772318575504691e-13,2.1307709154027398e-16,3.564278171379938e-16,5.052074641316402e-16,3.700024503746983e-16
0.27433064352721437,0.2743286090332365,1.06980000852164e-10,1.7028996722251567e-10,2.5343843039708913e-10,0.27432966377793155,0.2743306746767,1.47892310833777e-10,1.17645669124383e-10,1.705861894961035e-10,1.0424049190904226e-10,1.6339180484308546e-10,2.4091953057173815e-10,6.341357779923556e-11,2.410619406978516e-10,1.6085520833863585e-10,0.27432869886768363,1.7058618971848845e-10,0.27432860903323697,1.8225745583788488e-10,1.8225745565261051e-10,0.27432952058484855,1.8225745519753658e-10,1.0891001590819522e-10,1.6085520836343703e-10,5.841589736410536e-11,1.5516524837402346e-10,1.8225745564082314e-10,1.571918559160856e-10,1.3511654951342058e-10,1.766811786069733e-10,2.379778846861098e-10,1.704922941963134e-10
0.999993553187305,0.27433067467669886,0.7256598291779723,7.763535992513925e-07,8.908488160867669e-07,0.2743306746767,0.9999948178737371,9.74352240654577e-07,0.4177416432870711,7.007516946296788e-07,0.3079182979413101,6.594690569937882e-07,8.51177172783654e-07,0.7256590064952124,1.1928158381178302e-06,6.602986325824245e-07,0.2743309413539825,7.007516948851882e-07,0.27433067467669986,7.413664766232354e-07,7.413664762939498e-07,0.2743315359381629,7.413664760469796e-07,0.72565953701761,6.602986329252485e-07,0.7256591238359132,7.231727661252303e-07,7.413664763180961e-07,5.990771220359987e-07,5.015877901618642e-07,6.884084674701097e-07,8.584939866034225e-07,6.902537745635808e-07
1.0812126872968235e-06,1.478923105309374e-10,6.811849666105954e-07,3.184146457539113e-16,3.925259956695609e-16,1.47892310833777e-10,9.74352240654577e-07,1.0547462577864993e-06,6.375487716115322e-07,2.9587255494950595e-16,2.201337599931463e-11,6.010099952556152e-13,3.619182213223283e-16,3.4363632582322946e-10,4.863656958811799e-16,2.575664616740913e-16,1.4789240526600893e-10,2.9596013260552593e-16,1.4789231063759978e-10,3.267333658544937e-16,3.2661159492594894e-16,1.478927056114761e-10,3.267333658544937e-16,3.436365558799139e-10,2.5756320369257384e-16,3.436363761825555e-10,5.864170681487662e-13,3.267333658544937e-16,4.3590268153343484e-13,2.726060956754325e-13,2.530374916506307e-16,3.7698840404937846e-16,2.9254877494425614e-16
0.4177416459683188,1.17645669341567e-10,0.41774066881924543,1.1569670770280295e-10,1.0201559674259995e-10,1.17645669124383e-10,0.4177416432870711,6.375487716115322e-07,0.4177427716904622,9.389094498004323e-11,-5.573780652621041e-10,1.0370548696294786e-10,9.596095788373185e-11,0.4177401913670691,1.8259976126002847e-10,8.234065757042377e-11,1.5595116818855992e-10,9.389094509222022e-11,1.1764566964166019e-10,1.0111157690115728e-10,1.0111157647223028e-10,8.82823223922063e-11,1.0111157664780649e-10,0.41774041785362276,8.234065771143806e-11,0.4177402605337909,1.2098696504691767e-10,1.0111157664729112e-10,8.634025327736141e-11,6.636126192368853e-11,8.204995922183441e-11,1.0281224545431823e-10,9.673929203595695e-11
8.076120978470709e-07,1.705861894961035e-10,1.8291992733997114e-10,2.853237759818715e-16,3.796915493759819e-16,1.705861894961035e-10,7.007516946296788e-07,2.9587255494950595e-16,9.389094498004323e-11,1.0547456408540936e-06,8.902920931051279e-11,2.5876521976446264e-16,3.5593506391205513e-16,1.8291970015680303e-10,4.3108388688730804e-16,2.508101017245204e-16,1.7058627959841576e-10,5.453550610965986e-13,1.7058618933347488e-10,2.98358788316351e-16,2.98358788316351e-16,1.7058671145389215e-10,2.98358788316351e-16,1.829198623760687e-10,2.508101017245204e-16,1.8291972498465698e-10,2.5083941460429855e-16,2.98358788316351e-16,2.0415806944371782e-16,2.869063199120578e-13,2.543077214057416e-16,3.6091658191450204e-16,2.667522719651113e-16
0.30791833018865994,1.0424049158886758e-10,0.3079174268860628,1.0565847813056013e-10,9.394992828718217e-11,1.0424049190904226e-10,0.3079182979413101,2.201337599931463e-11,-5.573780652621041e-10,8.902920931051279e-11,0.3079195275367746,6.558331370925252e-11,9.251046602205346e-11,0.307917168018429,1.7807514926940523e-10,8.990327513396427e-11,1.551463819484753e-10,8.902920936535591e-11,1.0424049171627169e-10,9.062610003960941e-11,9.062610009491916e-11,1.0823149922425189e-10,9.062609995682815e-11,0.3079173818660568,8.990327479551776e-11,0.30791722609902106,8.866502487222734e-11,9.062609994023541e-11,5.868288497707275e-11,5.155711725673094e-11,8.854851981440641e-11,9.229190602278536e-11,8.097892256416444e-11
7.663294698143893e-07,1.633918047310928e-10,1.6928857298797369e-10,2.6739914827368877e-16,3.5919247991433673e-16,1.6339180484308546e-10,6.594690569937882e-07,6.010099952556152e-13,1.0370548696294786e-10,2.5876521976446264e-16,6.558331370925252e-11,1.0547455790106477e-06,3.3650222860312355e-16,1.692883547038273e-10,4.0195050527453292e-16,2.3527154632422554e-16,1.633918871766383e-10,2.5876521976446264e-16,1.6339180484308546e-10,2.808459576923029e-16,2.808459576923029e-16,1.6339230499373074e-10,2.8114871821433976e-16,1.6928850466469704e-10,2.3494408546986023e-16,1.6928837689854002e-10,2.3732401540691476e-16,2.8114871821433976e-16,3.8874343848041075e-13,2.767790510728344e-13,2.3981877296623607e-16,3.4127780252319764e-16,2.52047813824916e-16
9.580375427496887e-07,2.4091953034035764e-10,1.884711313833784e-10,3.641266140205071e-16,5.011515206871933e-16,2.4091953057173815e-10,8.51177172783654e-07,3.619182213223283e-16,9.596095788373185e-11,3.5593506391205513e-16,9.251046602205346e-11,3.3650222860312355e-16,1.0547460237627174e-06,1.8847088473872687e-10,5.444832478373216e-16,3.235137171348873e-16,2.40919644185362e-10,3.5593506391205513e-16,2.4091953057173815e-10,3.8710561469494714e-16,3.8705273394014437e-16,4.775719345343968e-07,3.8705577030066383e-16,1.8847106871438832e-10,3.2349083829947917e-16,1.884709067714306e-10,3.188010727303489e-16,3.8710561469494714e-16,5.203194761979436e-13,1.8326639333819168e-16,6.496297653108685e-13,4.735865673492671e-16,3.45049906508059e-16
0.7256589345645219,6.341357716867471e-11,0.7256574751130387,2.2135465806334268e-10,1.959649698876511e-10,6.341357779923556e-11,0.7256590064952124,3.4363632582322946e-10,0.4177401913670691,1.8291970015680303e-10,0.307917168018429,1.692883547038273e-10,1.8847088473872687e-10,0.7256577935384568,3.6067411850789336e-10,1.72243494700991e-10,1.5262475141504006e-10,1.8291970039433487e-10,6.341357760487467e-11,1.9173720745902258e-10,1.917372071353856e-10,3.804070990687565e-11,1.9173720724233295e-10,0.725657179127644,1.722434945511685e-10,0.7256568660411108,2.0965146367118882e-10,1.9173720706348306e-10,1.4502271127641476e-10,1.1791798133106178e-10,1.7059802891714373e-10,1.9510361585544517e-10,1.7771775525388976e-10
1.2996762444343318e-06,2.4106194076129165e-10,7.149586769016624e-07,4.521367093682806e-16,5.81620241570479e-16,2.410619406978516e-10,1.1928158381178302e-06,4.863656958811799e-16,1.8259976126002847e-10,4.3108388688730804e-16,1.7807514926940523e-10,4.0195050527453292e-16,5.444832478373216e-16,3.6067411850789336e-10,1.0547464683374597e-06,3.9267451085181053e-16,2.410620883384428e-10,4.3085945980064397e-16,2.4106194076129165e-10,4.66977308823999e-16,4.66977308823999e-16,4.778541970203034e-07,4.668783802944779e-16,7.149584190088389e-07,3.9267451085181053e-16,3.6067417122579587e-10,3.9683515206465877e-16,4.671006058403728e-16,3.1123583852095474e-16,2.1486610079953988e-16,3.9397492710349935e-16,5.543323258589143e-16,4.154665847371061e-16
7.671590757746066e-07,1.6085520827107006e-10,1.7224370081112347e-10,2.5830987062134227e-16,3.477816277917778e-16,1.6085520833863585e-10,6.602986325824245e-07,2.575664616740913e-16,8.234065757042377e-11,2.508101017245204e-16,8.990327513396427e-11,2.3527154632422554e-16,3.235137171348873e-16,1.72243494700991e-10,3.9267451085181053e-16,1.0547455419124734e-06,1.6085529163785092e-10,2.5094780553892814e-16,1.608552080880267e-10,2.743866159829176e-16,2.743866159829176e-16,1.6085568678862263e-10,2.745311118029341e-16,1.7224364462285268e-10,4.484578788181216e-13,1.7224351736622095e-10,4.4114275080940744e-13,2.743866159829176e-16,1.7147923632208975e-16,1.0907313145056087e-16,2.236205170248646e-16,3.297267570020291e-16,2.410947297989316e-16
0.27433091020451283,0.27432869886768335,3.8890644530998915e-07,1.7029006271894794e-10,2.534385510517313e-10,0.27432869886768363,0.2743309413539825,1.4789240526600893e-10,1.5595116818855992e-10,1.7058627959841576e-10,1.551463819484753e-10,1.633918871766383e-10,2.40919644185362e-10,1.5262475141504006e-10,2.410620883384428e-10,1.6085529163785092e-10,0.27432984344689587,1.7058627984128697e-10,0.27432869886768363,1.8225755308631754e-10,1.8225755331908766e-10,0.2743296104195713,1.8225755304930167e-10,3.927322192329174e-07,1.608552916096091e-10,1.4762708526573948e-10,1.5516533119410216e-10,1.8225755333106203e-10,1.571919235316013e-10,1.3511659896585492e-10,1.7668126470742785e-10,2.379779999343404e-10,1.7049238131710157e-10
8.076120969324774e-07,1.7058618971848845e-10,1.8291992741773716e-10,2.852405614135103e-16,3.796915493759819e-16,1.7058618971848845e-10,7.007516948851882e-07,2.9596013260552593e-16,9.389094509222022e-11,5.453550610965986e-13,8.902920936535591e-11,2.5876521976446264e-16,3.5593506391205513e-16,1.8291970039433487e-10,4.3085945980064397e-16,2.5094780553892814e-16,1.7058627984128697e-10,1.0547456408540936e-06,1.7058618999533973e-10,2.98358788316351e-16,2.98358788316351e-16,1.7058671154870018e-10,2.98358788316351e-16,1.829198623299391e-10,2.508101017245204e-16,1.8291972454352404e-10,2.5083941460429855e-16,2.98358788316351e-16,2.0415806944371782e-16,2.869063213166217e-13,2.5484347255704177e-16,3.612450576665229e-16,2.6660085136335027e-16
0.2743306435272148,0.2743286090332368,1.0698000105966208e-10,1.7028996737239702e-10,2.534384304877569e-10,0.27432860903323697,0.27433067467669986,1.4789231063759978e-10,1.1764566964166019e-10,1.7058618933347488e-10,1.0424049171627169e-10,1.6339180484308546e-10,2.4091953057173815e-10,6.341357760487467e-11,2.4106194076129165e-10,1.608552080880267e-10,0.27432869886768363,1.7058618999533973e-10,0.27432966377793067,1.8225745583788488e-10,1.8225745565261051e-10,0.27432952058484844,1.8225745549524387e-10,1.0891001581365779e-10,1.6085520835544548e-10,5.841589699934277e-11,1.5516524842220794e-10,1.8225745587111857e-10,1.5719185616122188e-10,1.3511654927865568e-10,1.766811786069733e-10,2.3797788487271896e-10,1.704922941963134e-10
8.482268477385618e-07,1.8225745583788488e-10,1.917374503147796e-10,3.1050828147285903e-16,4.113949817951521e-16,1.8225745583788488e-10,7.413664766232354e-07,3.267333658544937e-16,1.0111157690115728e-10,2.98358788316351e-16,9.062610003960941e-11,2.808459576923029e-16,3.8710561469494714e-16,1.9173720745902258e-10,4.66977308823999e-16,2.743866159829176e-16,1.8225755308631754e-10,2.98358788316351e-16,1.8225745583788488e-10,1.0547457365281258e-06,3.221801054679859e-16,1.822580232920943e-10,3.221801054679859e-16,1.9173738026897834e-10,2.745311118029341e-16,1.9173723334413004e-10,2.763539613358548e-16,3.221801054679859e-16,2.315470029550817e-16,3.42457496981545e-13,2.8206569928868506e-16,3.909637120954699e-16,2.9062921161067637e-16
8.482268476934572e-07,1.8225745565261051e-10,1.9173745003554828e-10,3.1050828147285903e-16,4.1161186242813143e-16,1.8225745565261051e-10,7.413664762939498e-07,3.2661159492594894e-16,1.0111157647223028e-10,2.98358788316351e-16,9.062610009491916e-11,2.808459576923029e-16,3.8705273394014437e-16,1.917372071353856e-10,4.66977308823999e-16,2.743866159829176e-16,1.8225755331908766e-10,2.98358788316351e-16,1.8225745565261051e-10,3.221801054679859e-16,1.0547457365281258e-06,1.822580231317162e-10,3.221524561162224e-16,1.9173738006181757e-10,2.745311118029341e-16,1.9173723311764563e-10,2.760876406522168e-16,3.2201152767352194e-16,2.318547396945739e-16,3.4245749618871273e-13,2.8214118344827103e-16,3.9094052945136336e-16,2.9062921161067637e-16
0.2743315047884122,0.2743295205848481,8.160722009320495e-11,1.7029047546193104e-10,5.023880246428483e-07,0.27432952058484855,0.2743315359381629,1.478927056114761e-10,8.82823223922063e-11,1.7058671145389215e-10,1.0823149922425189e-10,1.6339230499373074e-10,4.775719345343968e-07,3.804070990687565e-11,4.778541970203034e-07,1.6085568678862263e-10,0.2743296104195713,1.7058671154870018e-10,0.27432952058484844,1.822580232920943e-10,1.822580231317162e-10,0.27433148688422854,1.8225802288221801e-10,8.353726797544069e-11,1.6085568710706436e-10,3.30430044335899e-11,1.5516569383381184e-10,1.8225802351848738e-10,3.1159942307311274e-07,2.67839730965597e-07,3.502329263503879e-07,4.717407598746638e-07,1.7049280786772383e-10
8.482268475617064e-07,1.8225745519753658e-10,1.917374504247958e-10,3.1050828147285903e-16,4.113949817951521e-16,1.8225745519753658e-10,7.413664760469796e-07,3.267333658544937e-16,1.0111157664780649e-10,2.98358788316351e-16,9.062609995682815e-11,2.8114871821433976e-16,3.8705577030066383e-16,1.9173720724233295e-10,4.668783802944779e-16,2.745311118029341e-16,1.8225755304930167e-10,2.98358788316351e-16,1.8225745549524387e-10,3.221801054679859e-16,3.221524561162224e-16,1.8225802288221801e-10,1.0547457365281258e-06,1.9173738030454067e-10,2.745311118029341e-16,1.9173723328351838e-10,2.7623207282306677e-16,3.221801054679859e-16,2.3185494149797715e-16,3.424574952764152e-13,2.8206569928868506e-16,3.9094052945136336e-16,2.9062921161067637e-16
0.7256594650867993,1.0891001579660546e-10,0.7256579154472496,2.2135484202818644e-10,1.9596516429828089e-10,1.0891001590819522e-10,0.72565953701761,3.436365558799139e-10,0.41774041785362276,1.829198623760687e-10,0.3079173818660568,1.6928850466469704e-10,1.8847106871438832e-10,0.725657179127644,7.149584190088389e-07,1.7224364462285268e-10,3.927322192329174e-07,1.829198623299391e-10,1.0891001581365779e-10,1.9173738026897834e-10,1.9173738006181757e-10,8.353726797544069e-11,1.9173738030454067e-10,0.7256586742063403,1.7224364478493472e-10,0.7256573063749423,2.0965163097636206e-10,1.917373799775402e-10,1.4502282711167739e-10,1.1791806586866794e-10,1.705981748528844e-10,1.951038045535705e-10,1.777179111509094e-10
7.671590753408295e-07,1.6085520836343703e-10,1.7224370076674786e-10,2.5830987062134227e-16,3.477816277917778e-16,1.6085520836343703e-10,6.602986329252485e-07,2.5756320369257384e-16,8.234065771143806e-11,2.508101017245204e-16,8.990327479551776e-11,2.3494408546986023e-16,3.2349083829947917e-16,1.722434945511685e-10,3.9267451085181053e-16,4.484578788181216e-13,1.608552916096091e-10,2.508101017245204e-16,1.6085520835544548e-10,2.745311118029341e-16,2.745311118029341e-16,1.6085568710706436e-10,2.745311118029341e-16,1.7224364478493472e-10,1.0547455419124734e-06,1.7224351709377878e-10,4.411427509006109e-13,2.743601783943318e-16,1.7147923606454257e-16,1.0917532946234237e-16,2.235982626282609e-16,3.2972620225698053e-16,2.410947297989316e-16
0.7256590519052049,5.841589693044265e-11,0.7256576023603848,4.387874298684838e-07,1.9596499291445688e-10,5.841589736410536e-11,0.7256591238359132,3.436363761825555e-10,0.4177402605337909,1.8291972498465698e-10,0.30791722609902106,1.6928837689854002e-10,1.884709067714306e-10,0.7256568660411108,3.6067417122579587e-10,1.7224351736622095e-10,1.4762708526573948e-10,1.8291972454352404e-10,5.841589699934277e-11,1.9173723334413004e-10,1.9173723311764563e-10,3.30430044335899e-11,1.9173723328351838e-10,0.7256573063749423,1.7224351709377878e-10,0.7256580480329501,2.0965149240999536e-10,1.917372327538948e-10,1.4502272560607035e-10,1.1791799039636456e-10,1.7059804911627387e-10,1.9510363963766032e-10,1.7771777854984516e-10
8.300332647652571e-07,1.5516524869227864e-10,4.155888250192879e-07,2.585494603999275e-16,3.446457067564632e-16,1.5516524837402346e-10,7.231727661252303e-07,5.864170681487662e-13,1.2098696504691767e-10,2.5083941460429855e-16,8.866502487222734e-11,2.3732401540691476e-16,3.188010727303489e-16,2.0965146367118882e-10,3.9683515206465877e-16,4.4114275080940744e-13,1.5516533119410216e-10,2.5083941460429855e-16,1.5516524842220794e-10,2.763539613358548e-16,2.760876406522168e-16,1.5516569383381184e-10,2.7623207282306677e-16,2.0965163097636206e-10,4.411427509006109e-13,2.0965149240999536e-10,1.0547455359029337e-06,2.763539613358548e-16,1.6349464285786468e-16,9.375188072410928e-17,2.164570019195004e-16,3.2769772140109624e-16,2.4025891673315894e-16
8.482268487829945e-07,1.8225745564082314e-10,1.917374500078211e-10,3.104358664947942e-16,4.1142422499728663e-16,1.8225745564082314e-10,7.413664763180961e-07,3.267333658544937e-16,1.0111157664729112e-10,2.98358788316351e-16,9.062609994023541e-11,2.8114871821433976e-16,3.8710561469494714e-16,1.9173720706348306e-10,4.671006058403728e-16,2.743866159829176e-16,1.8225755333106203e-10,2.98358788316351e-16,1.8225745587111857e-10,3.221801054679859e-16,3.2201152767352194e-16,1.8225802351848738e-10,3.221801054679859e-16,1.917373799775402e-10,2.743601783943318e-16,1.917372327538948e-10,2.763539613358548e-16,1.0547457365281258e-06,2.3189681314255976e-16,3.424574969339094e-13,2.8213657559981084e-16,3.9096371209844477e-16,2.9062921161067637e-16
7.059376688825014e-07,1.5719185620333078e-10,1.4502287599646637e-10,2.0175188097335795e-16,5.772318575504691e-13,1.571918559160856e-10,5.990771220359987e-07,4.3590268153343484e-13,8.634025327736141e-11,2.0415806944371782e-16,5.868288497707275e-11,3.8874343848041075e-13,5.203194761979436e-13,1.4502271127641476e-10,3.1123583852095474e-16,1.7147923632208975e-16,1.571919235316013e-10,2.0415806944371782e-16,1.5719185616122188e-10,2.315470029550817e-16,2.318547396945739e-16,3.1159942307311274e-07,2.3185494149797715e-16,1.4502282711167739e-10,1.7147923606454257e-16,1.4502272560607035e-10,1.6349464285786468e-16,2.3189681314255976e-16,1.0547452802517077e-06,2.584327069508184e-14,2.9806409974125513e-13,2.7498723354726434e-16,1.9134846736835067e-16
6.08448439033861e-07,1.3511654951342058e-10,1.1791809798701458e-10,1.3502960928262532e-16,2.1307709154027398e-16,1.3511654951342058e-10,5.015877901618642e-07,2.726060956754325e-13,6.636126192368853e-11,2.869063199120578e-13,5.155711725673094e-11,2.767790510728344e-13,1.8326639333819168e-16,1.1791798133106178e-10,2.1486610079953988e-16,1.0907313145056087e-16,1.3511659896585492e-10,2.869063213166217e-13,1.3511654927865568e-10,3.42457496981545e-13,3.4245749618871273e-13,2.67839730965597e-07,3.424574952764152e-13,1.1791806586866794e-10,1.0917532946234237e-16,1.1791799039636456e-10,9.375188072410928e-17,3.424574969339094e-13,2.584327069508184e-14,1.0547449458348843e-06,1.4495902445424102e-13,3.950644738775675e-13,1.281385070868386e-16
7.952689433943109e-07,1.7668117864535502e-10,1.7059822606144562e-10,2.581007340186673e-16,3.564278171379938e-16,1.766811786069733e-10,6.884084674701097e-07,2.530374916506307e-16,8.204995922183441e-11,2.543077214057416e-16,8.854851981440641e-11,2.3981877296623607e-16,6.496297653108685e-13,1.7059802891714373e-10,3.9397492710349935e-16,2.236205170248646e-16,1.7668126470742785e-10,2.5484347255704177e-16,1.766811786069733e-10,2.8206569928868506e-16,2.8214118344827103e-16,3.502329263503879e-07,2.8206569928868506e-16,1.705981748528844e-10,2.235982626282609e-16,1.7059804911627387e-10,2.164570019195004e-16,2.8213657559981084e-16,2.9806409974125513e-13,1.4495902445424102e-13,1.05474551503803e-06,6.68226076250717e-13,2.4181937338251804e-16
9.65354333711568e-07,2.379778846861098e-10,1.9510387302188835e-10,3.708491273854349e-16,5.052074641316402e-16,2.379778846861098e-10,8.584939866034225e-07,3.7698840404937846e-16,1.0281224545431823e-10,3.6091658191450204e-16,9.229190602278536e-11,3.4127780252319764e-16,4.735865673492671e-16,1.9510361585544517e-10,5.543323258589143e-16,3.297267570020291e-16,2.379779999343404e-10,3.612450576665229e-16,2.3797788487271896e-10,3.909637120954699e-16,3.9094052945136336e-16,4.717407598746638e-07,3.9094052945136336e-16,1.951038045535705e-10,3.2972620225698053e-16,1.9510363963766032e-10,3.2769772140109624e-16,3.9096371209844477e-16,2.7498723354726434e-16,3.950644738775675e-13,6.68226076250717e-13,1.0547460403485392e-06,3.510056947755897e-16
7.971141992981401e-07,1.7049229427655578e-10,1.7771797588137925e-10,5.44726125271017e-13,3.700024503746983e-16,1.704922941963134e-10,6.902537745635808e-07,2.9254877494425614e-16,9.673929203595695e-11,2.667522719651113e-16,8.097892256416444e-11,2.52047813824916e-16,3.45049906508059e-16,1.7771775525388976e-10,4.154665847371061e-16,2.410947297989316e-16,1.7049238131710157e-10,2.6660085136335027e-16,1.704922941963134e-10,2.9062921161067637e-16,2.9062921161067637e-16,1.7049280786772383e-10,2.9062921161067637e-16,1.777179111509094e-10,2.410947297989316e-16,1.7771777854984516e-10,2.4025891673315894e-16,2.9062921161067637e-16,1.9134846736835067e-16,1.281385070868386e-16,2.4181937338251804e-16,3.510056947755897e-16,1.054745601633254e-06
