0.9999999999852234,1.6952795811338615e-09,-8.978558378495088e-10,1.0000000219609,-8.978625543325828e-10,-1.4136060525167866e-09,1.0000000219608978,-2.0308546069589755e-09,1.0000000190565714,1.0000000219609013,0.9999999822351101,-2.0308546075389527e-09,1.0000000219609002,-8.978594646400639e-10,-8.978569641096036e-10,-5.072369043359286e-10,0.9999999822351104,-8.978568662807571e-10,-2.038254170256102e-09,-8.358254884827855e-09,1.0000000219609024,1.0000000219608989,1.0000000321153995,-5.072335382511297e-10,-8.978569646521738e-10,0.9999999835517829,1.396242550246518e-09,5.0068658705142074e-09,1.0000000310348394,-2.042775838677333e-09,0.9999999822351117,-2.038253632554265e-09,-2.030857107814025e-09,1.000000021960901,1.0000000190565712,1.000000021960901,-8.978562717249462e-10,-1.4148414530794472e-11,-8.978562709654303e-10,-1.9336889976367994e-09,1.000000021960898,0.9999999822351076,0.9999999835517802,-5.072365051297099e-10,1.000000030567675,-8.97856986475944e-10,0.9999999822351102,0.9999999822351078,0.9999999822351077,0.9999999822351087,0.9999999822351077,-2.0308560347587755e-09,1.0000000406178615,6.112007951530484e-09,1.000000021960903,1.0000000305676715,-3.4319685264701804e-09,0.9999999913521838,-1.933688848221348e-09,1.0000000219608989,1.0000000051267517,1.000000005126753,1.0000000484540952,-2.0308571078373395e-09,0.9999999822351087,-5.072335409995182e-10,1.0000000172255596,1.000000031034842,-2.0308571073103105e-09,0.9999999736762849,-3.4319695743165784e-09,-3.431968779246916e-09,-5.719020258074859e-09,1.0000000219609007,0.9999999822351077,1.0000000051267481,-2.8543747514266804e-09,1.0000000501008854,-8.978562719781845e-10,-8.978548426918991e-10,0.9999999822351077,0.9999999835517833,1.0000000211159423,0.9999999822351087,1.0000000219608989,2.0917098808112238e-09,-2.0382531581958e-09
1.6952795811338615e-09,-1.4162880299354596e-08,3.1069766314337978e-15,1.777286432421752e-12,3.1069631109186223e-15,6.862828466785897e-15,1.777286430523766e-12,-1.650557060136705e-14,3.5587319370606597e-09,1.7772864293486863e-12,3.484671834007557e-09,-1.65057208296348e-14,1.7772864304904103e-12,3.1069550968374085e-15,3.106996303372027e-15,4.8565794213643135e-15,3.484671834007373e-09,3.1069580431033724e-15,2.0094250508807302e-11,1.0152909834649123e-13,1.7772864264909098e-12,1.7772864339110957e-12,1.777550961907536e-12,4.856557392801596e-15,3.107024918271063e-15,3.4854446931601525e-09,-8.882149273949882e-10,5.139252270237513e-10,1.8404099469580677e-12,-6.362619238595803e-14,3.4846718340074744e-09,2.009425050877739e-11,-1.6505836483214733e-14,1.7772864332596538e-12,3.558731937060585e-09,1.7772864375147888e-12,3.1070046373530216e-15,3.2626397794918316e-13,3.107024920073186e-15,-1.102325231032492e-11,1.7772864264030065e-12,3.484671834007407e-09,3.485444693160287e-09,4.856578312217312e-15,3.2059939602875696e-09,3.1070221982708226e-15,3.4846718340074616e-09,3.4846718340072833e-09,3.4846718340072953e-09,3.484671834007431e-09,3.4846718340073404e-09,-1.6505510760102903e-14,1.7780018062462193e-12,-1.779209311728684e-11,1.7772864300141638e-12,3.2059939602877657e-09,-2.2126871267983974e-14,3.2539104093794156e-09,-1.1023252310301072e-11,1.777286424399965e-12,1.7599393967245937e-12,1.7599394028758387e-12,1.7922443926147525e-12,-1.6505570601366947e-14,3.484671834007477e-09,4.856576695271769e-15,3.8705399969879e-09,1.8404097189822215e-12,-1.6505893943557174e-14,3.480169109518588e-09,-2.2126823900090568e-14,-2.212670949139529e-14,6.637820869392396e-11,1.7772864486715843e-12,3.484671834007434e-09,1.7599393781058866e-12,5.033835068576448e-13,1.7728103703385275e-12,3.10702492024405e-15,3.1069894826355252e-15,3.4846718340072705e-09,3.4854446931603303e-09,3.1097982157575934e-09,3.4846718340074756e-09,1.7772864343154263e-12,3.9881420420754396e-11,2.0094250508789062e-11
-8.978558378495088e-10,3.1069766314337978e-15,-1.3228697086963132e-08,3.6629740726911396e-13,2.859750987101135e-12,3.454116531973441e-12,3.6629741078890843e-13,-1.0649291466061158e-15,3.68077511604638e-13,3.6629737838783514e-13,3.5976974550654483e-13,-1.0648546865863244e-15,3.662974167310757e-13,2.859750987095667e-12,2.859750987065437e-12,2.879464616031477e-12,3.5976974145152044e-13,2.8597509871167787e-12,6.367725136098738e-15,1.0026119356904285e-14,3.662974109350995e-13,3.6629740726911396e-13,3.679376845803666e-13,2.8794646160254964e-12,2.859750987102222e-12,3.5995477329276336e-13,2.085787678547834e-15,3.146960078351579e-15,3.7355988430904e-13,-1.40666554265426e-15,3.597697306032326e-13,6.367830577086414e-15,-1.06491246902262e-15,3.6629738884777754e-13,3.680774674343516e-13,3.66297427261539e-13,2.85975098712269e-12,3.766899686734664e-15,2.8597509870924867e-12,-8.582689828027476e-16,3.6629741771193967e-13,3.597697681079341e-13,3.599547235636991e-13,2.8794646160241717e-12,3.696149956613974e-13,2.8597509870990125e-12,3.5976971559950864e-13,3.5976971559950864e-13,3.5976975338485603e-13,3.5976976236193486e-13,3.59769763719421e-13,-1.0649298382147048e-15,7.350729313967355e-10,3.742484605258105e-15,3.6629737838734703e-13,3.6961499324449675e-13,-1.6271880467771433e-16,3.600345745370404e-13,-8.582238117146391e-16,3.6629740381043054e-13,3.612820267584486e-13,3.6128201279442283e-13,3.7118280086047245e-13,-1.0649336418048235e-15,3.597697557812292e-13,2.8794646160164e-12,3.6844473541264507e-13,3.7355990913736367e-13,-1.064930153083266e-15,7.149173547255699e-10,-1.627527227059304e-16,-1.6270056624803266e-16,5.673790289780185e-15,3.6629737838734703e-13,3.5976972204604855e-13,3.6128202941250865e-13,-3.4209570774125694e-15,3.7322905171870554e-13,2.859750987100556e-12,2.859750987089045e-12,3.597697598590946e-13,3.5995475165715166e-13,3.6755612585296436e-13,3.597697619984589e-13,3.6629737838734703e-13,9.161244932153938e-15,6.367725136098738e-15
1.0000000219609,1.777286432421752e-12,3.6629740726911396e-13,1.000000046764547,3.6629701407670713e-13,1.1285368869509782e-13,1.0000000599961072,-1.3908648452436442e-13,1.000000057097897,1.000000059996108,1.0000000201245776,-1.3908633612126735e-13,1.000000059996108,3.6629681678678733e-13,3.6629707391673695e-13,5.605403683588447e-13,1.0000000201245778,3.662975573006556e-13,-7.214739547422133e-14,-3.2011914909114658e-12,1.0000000599961079,1.0000000599961079,1.0000000701970069,5.60542127272405e-13,3.6629726581569234e-13,1.0000000214457214,1.6205193617499595e-12,3.463076854368386e-12,1.0000000691978985,-1.376465025718137e-13,1.0000000201245796,-7.214732028115495e-14,-1.3908587165161855e-13,1.0000000599961074,1.0000000570978986,1.0000000599961083,3.6629716992004874e-13,8.989931698199597e-13,3.6629727975226097e-13,-8.87311763232274e-14,1.000000059996107,1.0000000201245793,1.0000000214457219,5.605410393477371e-13,1.0000000686760668,3.662972343579314e-13,1.0000000201245791,1.000000020124579,1.0000000201245784,1.000000020124578,1.0000000201245771,-1.3908620847958698e-13,1.000000078714635,4.057012981702331e-12,1.0000000599961085,1.0000000686760657,-8.126175374713034e-13,1.0000000292802422,-8.873135340102982e-14,1.0000000599961072,1.0000000430740343,1.0000000430740346,1.000000086613303,-1.3908588072698407e-13,1.0000000201245782,5.605422188837797e-13,1.0000000552702075,1.0000000691979007,-1.3908581639222736e-13,1.0000000115380367,-8.12617532630806e-13,-8.126174926498484e-13,-1.9392825819819194e-12,1.0000000599961076,1.000000020124579,1.0000000430740337,-6.19966383390333e-13,1.0000000883399494,3.6629733843879965e-13,3.6629717981299523e-13,1.0000000201245793,1.0000000214457214,1.000000059217185,1.0000000201245791,1.0000000599961083,2.0837777071541095e-12,-7.214710080667795e-14
-8.978625543325828e-10,3.1069631109186223e-15,2.859750987101135e-12,3.6629701407670713e-13,-1.3228697086963132e-08,3.454116532050584e-12,3.6629701608050894e-13,-1.0649465109272462e-15,3.6807710144123214e-13,3.6629701109140275e-13,3.597693411011444e-13,-1.0648908596189848e-15,3.6629700787239e-13,2.8597509871699274e-12,2.859750987139698e-12,2.8794646161035487e-12,3.597693547486819e-13,2.85975098719104e-12,6.36776018913664e-15,1.0026109906581818e-14,3.662970379896548e-13,3.6629701228520623e-13,3.679372787299352e-13,2.8794646160975694e-12,2.8597509871764835e-12,3.5995432110266657e-13,2.085841940479208e-15,3.147017006476631e-15,3.7355950274698416e-13,-1.4067144279513706e-15,3.5976935132764666e-13,6.367774292320572e-15,-1.064936765313056e-15,3.662970187663374e-13,3.680771014425784e-13,3.662970146040869e-13,2.8597509871969526e-12,3.766904709627534e-15,2.8597509871667443e-12,-8.582609176272963e-16,3.6629702952608943e-13,3.5976935330031475e-13,3.599543443999313e-13,2.879464616096247e-12,3.696146036979211e-13,2.859750987173276e-12,3.597693687660052e-13,3.597693548194746e-13,3.5976934630735575e-13,3.5976938205271526e-13,3.597693488948396e-13,-1.0649303281876957e-15,7.350721589688587e-10,3.7425049031383556e-15,3.6629701887015077e-13,3.6961460222055096e-13,-1.627049630133829e-16,3.6003421366160653e-13,-8.582742437855232e-16,3.6629701318160324e-13,3.612816140151412e-13,3.6128161273835067e-13,3.7118242546036007e-13,-1.0649145702773972e-15,3.597693647836984e-13,2.87946461608847e-12,3.6844433106605255e-13,3.7355951326201747e-13,-1.0648908596189848e-15,7.149165822988768e-10,-1.627049630133829e-16,-1.6273695864735755e-16,5.67374561503718e-15,3.6629701887015077e-13,3.597693511938097e-13,3.6128161046459066e-13,-3.4209506445732487e-15,3.732286689363834e-13,2.8597509871748154e-12,2.8597509871633104e-12,3.5976934060041305e-13,3.5995433566955646e-13,3.6755573070443663e-13,3.5976935438657617e-13,3.6629701608050894e-13,9.161277632391608e-15,6.367783975650318e-15
-1.4136060525167866e-09,6.862828466785897e-15,3.454116531973441e-12,1.1285368869509782e-13,3.454116532050584e-12,-1.3226526575015616e-08,1.1285364966105704e-13,-9.216177959379964e-15,1.1972574682158463e-13,1.1285368251666834e-13,1.0477217138690014e-13,-9.216199130354814e-15,1.1285369112960999e-13,3.454116532044754e-12,3.4541165320128815e-12,3.5638223282914787e-12,1.0477217644956436e-13,3.4541165320668554e-12,1.3995479515912188e-14,1.978837805010509e-14,1.1285361283394193e-13,1.1285363378326762e-13,1.141033507191557e-13,3.56382232828541e-12,3.4541165320517473e-12,2.092402612381773e-10,2.4573776162814838e-15,3.798801265758751e-15,1.2894444774909438e-13,-1.1217839860229864e-14,1.0477216556812118e-13,1.3995379731423439e-14,-9.216239561407709e-15,1.1285365096941753e-13,1.197257878871894e-13,1.1285368667720962e-13,3.4541165320732156e-12,4.4823113425845046e-15,3.454116532041393e-12,-8.904160198557087e-15,1.1285364368157657e-13,1.0477217981515783e-13,2.0924026123824263e-10,3.5638223282839104e-12,1.20607421787286e-13,3.4541165320483493e-12,1.0477216518524408e-13,1.0477218614896638e-13,1.0477218225661587e-13,1.0477218748164743e-13,1.047721631594648e-13,-9.21617594491725e-15,1.145356790155013e-13,2.8066354236307385e-15,1.1285367597323144e-13,1.206074009487715e-13,-7.279536807854935e-15,1.0327147701646224e-13,-8.904156335059476e-15,1.1285361220750692e-13,1.0248363197590716e-13,1.0248363276497284e-13,1.1832289391262207e-13,-9.216182427020425e-15,1.0477217827160611e-13,3.563822328275771e-12,1.1986730215018914e-13,1.2894443309681275e-13,-9.216166137777817e-15,2.0653905341393303e-10,-7.279567469233026e-15,-7.279561045322579e-15,1.4500542106978776e-14,1.1285373368149138e-13,1.0477217161354172e-13,1.0248363032810072e-13,-1.1864112260447424e-14,1.1745818370163156e-13,3.4541165320499374e-12,3.4541165320379057e-12,1.04772176872578e-13,2.0924026123826597e-10,1.1298072386201789e-13,1.0477218395437896e-13,1.1285363333920879e-13,2.118820508898156e-14,1.3995358094122735e-14
1.0000000219608978,1.777286430523766e-12,3.6629741078890843e-13,1.0000000599961072,3.6629701608050894e-13,1.1285364966105704e-13,1.0000000467645518,-1.3908641418839487e-13,1.0000000570978975,1.000000059996108,1.0000000201245787,-1.3908627398085534e-13,1.0000000599961085,3.662968492702183e-13,3.6629704332033447e-13,5.605403792424023e-13,1.0000000201245791,3.662975691452102e-13,-7.214740492493335e-14,-3.2011915030700244e-12,1.000000059996108,1.0000000599961076,1.0000000701970069,5.605420981366935e-13,3.6629728334001647e-13,1.0000000214457223,1.6205193251272306e-12,3.463076856079447e-12,1.0000000691978983,-1.376464690119611e-13,1.00000002012458,-7.214736745316866e-14,-1.3908586815991536e-13,1.000000059996108,1.0000000570978986,1.000000059996108,3.6629717382906834e-13,8.989931737484115e-13,3.662973034306951e-13,-8.873117632163344e-14,1.0000000599961074,1.000000020124579,1.0000000214457219,5.605410355234012e-13,1.000000068676067,3.662972502132726e-13,1.0000000201245791,1.0000000201245796,1.0000000201245773,1.0000000201245784,1.000000020124578,-1.3908619768910275e-13,1.0000000787146366,4.05701302737761e-12,1.0000000599961087,1.000000068676065,-8.12617541902045e-13,1.0000000292802427,-8.873135340293684e-14,1.0000000599961079,1.0000000430740343,1.000000043074035,1.0000000866133043,-1.3908584363234248e-13,1.0000000201245791,5.605422157787527e-13,1.0000000552702075,1.000000069197901,-1.3908580861818595e-13,1.0000000115380372,-8.126174965052785e-13,-8.12617485063082e-13,-1.9392825857692902e-12,1.0000000599961076,1.0000000201245778,1.000000043074035,-6.199663820503645e-13,1.0000000883399505,3.662973489725597e-13,3.6629718312709657e-13,1.000000020124579,1.0000000214457223,1.000000059217185,1.0000000201245791,1.0000000599961085,2.0837776949011542e-12,-7.214716743411175e-14
-2.0308546069589755e-09,-1.650557060136705e-14,-1.0649291466061158e-15,-1.3908648452436442e-13,-1.0649465109272462e-15,-9.216177959379964e-15,-1.3908641418839487e-13,-1.3006221168882395e-08,-2.067523760804336e-13,-1.3908636370395152e-13,-2.737411665085002e-10,2.2537637586519448e-10,-1.390864341852509e-13,-1.064923064794205e-15,-1.0649398180735598e-15,-2.61511674539359e-15,-2.7374116650863066e-10,-1.0649425652057115e-15,-9.908748598000108e-14,-2.7858215911999214e-13,-1.3908637307730482e-13,-1.3908648452435538e-13,-1.2891518421595922e-13,-2.6150955827923947e-15,-1.0648703466346334e-15,-2.728435589780309e-10,5.194216973124257e-15,1.1921258029318684e-10,-3.013839286981458e-13,2.283351931221823e-10,-2.7374116650847944e-10,-9.9087454357582e-14,2.2537637586519058e-10,-1.390864845259644e-13,-2.067523573028225e-13,-1.390864845259644e-13,-1.064930153083258e-15,-2.9843305841917885e-14,-1.0649169432013771e-15,2.0764101919260437e-10,-1.3908637619427065e-13,-2.737411665085873e-10,-2.728435589779237e-10,-2.615095587922533e-15,-1.7938710813617486e-13,-1.0649142281857519e-15,-2.7374116650861324e-10,-2.7374116650870376e-10,-2.737411665086743e-10,-2.7374116650859065e-10,-2.737411665086303e-10,2.2537637586517858e-10,-1.20828217308278e-13,3.7185649579972696e-11,-1.390863476291489e-13,-1.7938711360491575e-13,2.0760180603026737e-10,-1.5917135060046108e-10,2.0764101919262632e-10,-1.3908634762918278e-13,-1.3569617372919754e-10,-1.3569617372937427e-10,-1.3319471678797579e-13,2.2537637586520007e-10,-2.7374116650849697e-10,-2.6151359223601942e-15,-2.0398616639574705e-13,-3.0138394230366867e-13,2.2537637586519957e-10,-2.8057587977272523e-10,2.0760180603027828e-10,2.076018060302492e-10,-6.510196853998311e-14,-1.3908634762918278e-13,-2.737411665085659e-10,-1.3569617372920685e-10,2.748228670498203e-13,-1.6654391460933752e-13,-1.0649432608902198e-15,-1.0649571076546982e-15,-2.737411665086518e-10,-2.7284355897790875e-10,-1.7549123451843872e-13,-2.737411665085237e-10,-1.390863679304349e-13,-1.4962979773424348e-13,-9.908750935845597e-14
1.0000000190565714,3.5587319370606597e-09,3.68077511604638e-13,1.000000057097897,3.6807710144123214e-13,1.1972574682158463e-13,1.0000000570978975,-2.067523760804336e-13,1.000000041050306,1.000000057097899,1.0000000172116275,-2.067523177108956e-13,1.0000000570979,3.6807691706036033e-13,3.6807713495137237e-13,5.632691510936464e-13,1.0000000172116268,3.680776786558704e-13,-1.7187710920410246e-11,-6.032000422039669e-09,1.0000000570978984,1.0000000570978977,1.0000000672900684,5.632709114769396e-13,3.680773377923985e-13,1.0000000185326003,3.220390547905376e-09,6.841247274683011e-09,1.0000000665057223,-2.0642521231785393e-13,1.0000000172116292,-1.718764014651138e-11,-2.0675185340824715e-13,1.000000057097899,1.0000000542818765,1.000000057097899,3.6807726332251744e-13,1.8398044350407482e-09,3.680773938998313e-13,-1.5074182637773206e-13,1.0000000570978977,1.0000000172116283,1.0000000185326003,5.632698287966015e-13,1.0000000658276313,3.6807732943930346e-13,1.000000017211628,1.0000000172116266,1.0000000172116281,1.0000000172116283,1.0000000172116275,-2.0675213844571813e-13,1.0000000757996443,8.072714200990711e-09,1.0000000570978984,1.0000000658276298,-8.743962607836232e-13,1.0000000262977375,-1.507421291916413e-13,1.0000000570978966,1.0000000400830462,1.000000040083046,1.0000000837176917,-2.067518341619728e-13,1.0000000172116277,5.632710182071446e-13,1.0000000524542902,1.0000000665057243,-2.0675183490693542e-13,1.0000000086268317,-8.743962618837012e-13,-8.743961811732893e-13,-3.782556594709056e-09,1.0000000570978973,1.0000000172116283,1.000000040083046,-1.5619853290335532e-09,1.0000000854900208,3.6807745429282194e-13,3.680773095204134e-13,1.0000000172116283,1.0000000185326001,1.0000000563624736,1.0000000172116283,1.000000057097899,4.344869060634533e-09,-1.7187219600983704e-11
1.0000000219609013,1.7772864293486863e-12,3.6629737838783514e-13,1.000000059996108,3.6629701109140275e-13,1.1285368251666834e-13,1.000000059996108,-1.3908636370395152e-13,1.000000057097899,1.0000000467645453,1.0000000201245791,-1.3908629236959466e-13,1.0000000599961087,3.662968196964939e-13,3.662970094980696e-13,5.605403447168782e-13,1.0000000201245798,3.662975620842978e-13,-7.214739447772513e-14,-3.2011914758563436e-12,1.0000000599961076,1.0000000599961085,1.0000000701970078,5.605421162063313e-13,3.6629723496258367e-13,1.0000000214457243,1.6205193553662907e-12,3.463076854104626e-12,1.0000000691978999,-1.3764642472861855e-13,1.0000000201245811,-7.214732793893765e-14,-1.390858467715846e-13,1.0000000599961092,1.0000000570979006,1.0000000599961092,3.6629716085549945e-13,8.989931694783352e-13,3.662972830793708e-13,-8.873120002115441e-14,1.0000000599961076,1.0000000201245796,1.0000000214457225,5.605410398097305e-13,1.0000000686760684,3.662972369324317e-13,1.0000000201245796,1.0000000201245796,1.000000020124579,1.0000000201245802,1.000000020124579,-1.3908616151980528e-13,1.0000000787146373,4.0570129819767495e-12,1.0000000599961092,1.0000000686760655,-8.126175500510408e-13,1.0000000292802433,-8.87313534014402e-14,1.0000000599961085,1.0000000430740363,1.000000043074035,1.0000000866133043,-1.390858170864923e-13,1.0000000201245791,5.605422042008268e-13,1.0000000552702086,1.0000000691979003,-1.390858086180377e-13,1.0000000115380372,-8.126174501718193e-13,-8.12617476679978e-13,-1.9392825764313166e-12,1.0000000599961076,1.0000000201245796,1.000000043074035,-6.199663914728383e-13,1.0000000883399514,3.6629736287415363e-13,3.6629716113567513e-13,1.0000000201245796,1.0000000214457243,1.0000000592171863,1.00000002012458,1.0000000599961094,2.0837776406331425e-12,-7.214714019529444e-14
0.9999999822351101,3.484671834007557e-09,3.5976974550654483e-13,1.0000000201245776,3.597693411011444e-13,1.0477217138690014e-13,1.0000000201245787,-2.737411665085002e-10,1.0000000172116275,1.0000000201245791,0.9999999670619638,-2.737409847776857e-10,1.0000000201245787,3.597691532783015e-13,3.597693762440348e-13,5.538580599998407e-13,0.9999999802935218,3.597698710768516e-13,-2.0137474776365472e-10,-6.53114959185682e-09,1.000000020124579,1.000000020124578,1.0000000303155616,5.53859799849083e-13,3.597696136617166e-13,0.9999999816134735,3.1726390842778666e-09,6.92385074266893e-09,1.0000000292542837,-2.817067623745018e-10,0.9999999802935228,-2.013746769897873e-10,-2.737400948714112e-10,1.0000000201245796,1.0000000172116286,1.0000000201245796,3.597695124055556e-13,1.7743577014481432e-09,3.5976959734245576e-13,-1.7733056698583698e-10,1.0000000201245771,0.9999999802935224,0.9999999816134731,5.53858706415659e-13,1.0000000287721653,3.597695941072498e-13,0.9999999802935217,0.9999999802935219,0.9999999802935224,0.9999999802935228,0.9999999802935214,-2.7374076143939e-10,1.0000000388281844,8.052878780623986e-09,1.000000020124579,1.0000000287721635,-1.6227168870121218e-09,0.9999999894540496,-1.7733101110565725e-10,1.000000020124579,1.000000003241249,1.0000000032412502,1.0000000467122503,-2.73740055036606e-10,0.9999999802935224,5.538598909291918e-13,1.0000000153957753,1.0000000292542852,-2.737400136290034e-10,0.9999999717146509,-1.6227168200000884e-09,-1.6227168403652386e-09,-3.89540395905961e-09,1.0000000201245778,0.9999999802935221,1.0000000032412497,-1.095900922821182e-09,1.0000000483901954,3.597697010957238e-13,3.5976955649789204e-13,0.9999999802935221,0.9999999816134736,1.0000000192946021,0.9999999802935228,1.0000000201245784,4.074606639470195e-09,-2.013742564443879e-10
-2.0308546075389527e-09,-1.65057208296348e-14,-1.0648546865863244e-15,-1.3908633612126735e-13,-1.0648908596189848e-15,-9.216199130354814e-15,-1.3908627398085534e-13,2.2537637586519448e-10,-2.067523177108956e-13,-1.3908629236959466e-13,-2.737409847776857e-10,-1.300622116888243e-08,-1.3908629847223182e-13,-1.0649470693669867e-15,-1.0648816500515443e-15,-2.61505354599873e-15,-2.737409847778118e-10,-1.0648908596189848e-15,-9.908753633024644e-14,-2.7858210187880436e-13,-1.3908627398110325e-13,-1.3908628248181743e-13,-1.2891513626092137e-13,-2.615109104098561e-15,-1.0649367025292544e-15,-2.7284337724731174e-10,5.194326037972511e-15,1.192125802931825e-10,-3.01383856273774e-13,2.2833519312218165e-10,-2.7374098477765646e-10,-9.908750025511385e-14,2.253763758651907e-10,-1.3908628414433767e-13,-2.067522823049782e-13,-1.3908633772180618e-13,-1.064895783671078e-15,-2.984333591298862e-14,-1.0649262576256214e-15,2.0764101919260442e-10,-1.3908627398089674e-13,-2.7374098477776983e-10,-2.728433772471825e-10,-2.6151373486892124e-15,-1.7938708526038617e-13,-1.064910233320072e-15,-2.737409847777402e-10,-2.737409847778579e-10,-2.7374098477786124e-10,-2.7374098477776616e-10,-2.7374098477783513e-10,2.2537637586517827e-10,-1.2082818663286268e-13,3.718564957997056e-11,-1.3908627398110325e-13,-1.7938703817705699e-13,2.0760180603026849e-10,-1.5917116886968162e-10,2.076410191926258e-10,-1.3908627398110325e-13,-1.3569599199839526e-10,-1.3569599199858177e-10,-1.3319462281448364e-13,2.2537637586520014e-10,-2.7374098477767853e-10,-2.6151225609260222e-15,-2.0398609776501662e-13,-3.013840971461516e-13,2.2537637586520004e-10,-2.8057569804197845e-10,2.076018060302791e-10,2.0760180603025065e-10,-6.510192223268414e-14,-1.390863245986735e-13,-2.7374098477781895e-10,-1.3569599199835863e-10,2.7482289963449673e-13,-1.6654381721077839e-13,-1.0649262576256214e-15,-1.0648848266847688e-15,-2.737409847778578e-10,-2.7284337724708897e-10,-1.754911460389784e-13,-2.7374098477772573e-10,-1.3908628248181743e-13,-1.496299060315644e-13,-9.908745435761635e-14
1.0000000219609002,1.7772864304904103e-12,3.662974167310757e-13,1.000000059996108,3.6629700787239e-13,1.1285369112960999e-13,1.0000000599961085,-1.390864341852509e-13,1.0000000570979,1.0000000599961087,1.0000000201245787,-1.3908629847223182e-13,1.000000046764545,3.662968153168808e-13,3.6629704748048957e-13,5.605403941409476e-13,1.0000000201245798,3.662975620842951e-13,-7.214740036183439e-14,-3.2011914138610797e-12,1.0000000599961083,1.000000059996108,1.0000000701970073,5.605421125114477e-13,3.6629726672272815e-13,1.0000000214457232,1.620519378998751e-12,3.4630768546105008e-12,1.0000000691978992,-1.3764644809384346e-13,1.0000000201245813,-7.214733783708354e-14,-1.390858437133568e-13,1.0000000599961103,1.0000000570979002,1.0000000599961105,3.6629714465760487e-13,8.989931724926044e-13,3.662972712888551e-13,-8.873117609432524e-14,1.0000000599961079,1.0000000201245796,1.0000000214457239,5.60541027667174e-13,1.0000000686760682,3.6629722761744617e-13,1.0000000201245796,1.0000000201245802,1.0000000201245796,1.0000000201245802,1.000000020124579,-1.3908621831920478e-13,1.000000078714637,4.057012928979271e-12,1.0000000599961087,1.0000000686760668,-8.126175497423257e-13,1.0000000292802433,-8.873141182456056e-14,1.0000000599961087,1.0000000430740363,1.000000043074035,1.000000086613305,-1.3908584095498757e-13,1.0000000201245796,5.605422031370661e-13,1.0000000552702095,1.0000000691979016,-1.3908581688636443e-13,1.0000000115380379,-8.126175022769077e-13,-8.126174766799757e-13,-1.93928258636834e-12,1.0000000599961076,1.000000020124579,1.000000043074035,-6.199663837035177e-13,1.000000088339952,3.6629735190232174e-13,3.6629718498542996e-13,1.0000000201245796,1.000000021445724,1.0000000592171858,1.00000002012458,1.0000000599961096,2.083777662686674e-12,-7.214710065009482e-14
-8.978594646400639e-10,3.1069550968374085e-15,2.859750987095667e-12,3.6629681678678733e-13,2.8597509871699274e-12,3.454116532044754e-12,3.662968492702183e-13,-1.064923064794205e-15,3.6807691706036033e-13,3.662968196964939e-13,3.597691532783015e-13,-1.0649470693669867e-15,3.662968153168808e-13,-1.3228697086963132e-08,2.859750987134224e-12,2.8794646160981357e-12,3.59769166463476e-13,2.859750987185564e-12,6.367727042313028e-15,1.0026107599882704e-14,3.662968492702183e-13,3.6629681919175216e-13,3.679371136681707e-13,2.8794646160921536e-12,2.859750987171011e-12,3.599541155360519e-13,2.085865086740987e-15,3.1470151197719274e-15,3.7355932134968597e-13,-1.4066772642114262e-15,3.5976917921245975e-13,6.367776267984979e-15,-1.0649262576256214e-15,3.662968339367362e-13,3.6807692409868875e-13,3.662968339367362e-13,2.8597509871914814e-12,3.766859237484482e-15,2.859750987161274e-12,-8.5827560682483e-16,3.662968353023008e-13,3.597691792124583e-13,3.599541553643855e-13,2.8794646160908304e-12,3.6961439494645465e-13,2.8597509871678005e-12,3.597691286164011e-13,3.597691659115627e-13,3.597691555610107e-13,3.5976915412598266e-13,3.5976917894568027e-13,-1.0649173844545305e-15,7.350718035231941e-10,3.74251978962909e-15,3.6629683407943773e-13,3.696144266903666e-13,-1.627212578481327e-16,3.600340385485619e-13,-8.582555064966057e-16,3.6629681678678733e-13,3.612814605251655e-13,3.61281447970781e-13,3.7118225169411757e-13,-1.0649173844545305e-15,3.597691496645274e-13,2.879464616083053e-12,3.6844416288198167e-13,3.735593179307699e-13,-1.0649231737919968e-15,7.149162268531954e-10,-1.6275183099014803e-16,-1.6274396571074707e-16,5.6737620383908545e-15,3.6629683407943773e-13,3.5976916265984625e-13,3.6128142770366014e-13,-3.4208608280172648e-15,3.732284774844105e-13,2.859750987169341e-12,2.859750987157831e-12,3.5976916265984625e-13,3.5995413963719344e-13,3.675555946652545e-13,3.597691339610832e-13,3.6629685635001824e-13,9.16121108439917e-15,6.3677505583355635e-15
-8.978569641096036e-10,3.106996303372027e-15,2.859750987065437e-12,3.6629707391673695e-13,2.859750987139698e-12,3.4541165320128815e-12,3.6629704332033447e-13,-1.0649398180735598e-15,3.6807713495137237e-13,3.662970094980696e-13,3.597693762440348e-13,-1.0648816500515443e-15,3.6629704748048957e-13,2.859750987134224e-12,-1.3228697086963132e-08,2.8794646160684747e-12,3.597693869734492e-13,2.8597509871553363e-12,6.3677738158874265e-15,1.0026106148148715e-14,3.6629703517741984e-13,3.6629705159564274e-13,3.679373318145308e-13,2.8794646160624966e-12,2.8597509871407835e-12,3.599543342558065e-13,2.085860950151369e-15,3.1469778644233313e-15,3.73559547331981e-13,-1.4066751172205787e-15,3.5976938420380814e-13,6.367766706859668e-15,-1.064895469891144e-15,3.662970665456512e-13,3.680770866963689e-13,3.662970208709011e-13,2.8597509871612513e-12,3.766819911092984e-15,2.859750987131047e-12,-8.582630563073193e-16,3.6629703517741984e-13,3.59769371632899e-13,3.5995435827464863e-13,2.8794646160611747e-12,3.6961462568463213e-13,2.8597509871375745e-12,3.597693415983462e-13,3.59769380592054e-13,3.597693415983462e-13,3.597693976692267e-13,3.597693852769896e-13,-1.0649368582985876e-15,7.350722013249842e-10,3.7425575248350905e-15,3.6629704446273386e-13,3.6961463345034216e-13,-1.6271194984506873e-16,3.6003422779906827e-13,-8.582277518585606e-16,3.6629704417490994e-13,3.6128164543059663e-13,3.6128167752743603e-13,3.711824262065815e-13,-1.0648848266847688e-15,3.597693762440348e-13,2.8794646160533944e-12,3.6844439303401445e-13,3.73559544503128e-13,-1.0649045659721793e-15,7.149166246550188e-10,-1.6273741943728558e-16,-1.6273695865195015e-16,5.673743401235329e-15,3.662970665456512e-13,3.597693755185756e-13,3.6128164603596087e-13,-3.4209231679621457e-15,3.732286835202865e-13,2.859750987139113e-12,2.8597509871276043e-12,3.597693830730388e-13,3.5995435066464475e-13,3.6755574317361694e-13,3.5976937322068794e-13,3.662970797579769e-13,9.161277690662709e-15,6.367774338661722e-15
-5.072369043359286e-10,4.8565794213643135e-15,2.879464616031477e-12,5.605403683588447e-13,2.8794646161035487e-12,3.5638223282914787e-12,5.605403792424023e-13,-2.61511674539359e-15,5.632691510936464e-13,5.605403447168782e-13,5.538580599998407e-13,-2.61505354599873e-15,5.605403941409476e-13,2.8794646160981357e-12,2.8794646160684747e-12,-1.3228682856292928e-08,5.538580523323042e-13,2.8794646161187473e-12,7.550699996357127e-15,8.17332245139589e-15,5.60540379331492e-13,5.605403756220443e-13,5.620622707722096e-13,2.8740367776543817e-12,2.879464616104602e-12,5.540381474820109e-13,2.6854618721027262e-15,4.185412665501508e-15,5.681279208860103e-13,-3.659693113565151e-15,5.538580565788564e-13,7.550688525858926e-15,-2.6151359223601942e-15,5.605403666602888e-13,5.632691597734911e-13,5.605403800622167e-13,2.879464616124661e-12,2.8690151758221618e-15,2.879464616095059e-12,-2.5680424274933083e-15,5.6054037879773e-13,5.53858056565182e-13,5.540381417085574e-13,2.8740367776530335e-12,5.651050365228229e-13,2.8794646161014573e-12,5.53858053694722e-13,5.538580601148142e-13,5.538580417259397e-13,5.538580576826876e-13,5.538580537985369e-13,-2.615116745406166e-15,5.62767516537591e-13,3.3904747719675512e-15,5.605403985603693e-13,5.651050102486189e-13,-1.4555591082204036e-15,5.545372090585228e-13,-2.568005768614725e-15,5.6054037879773e-13,5.547934432743014e-13,5.54793447328128e-13,5.65413208556524e-13,-2.6151861359103476e-15,5.538580563982043e-13,2.8740367776453926e-12,5.633878086978264e-13,5.681279072085343e-13,-2.615095587922533e-15,1.1019509121256077e-09,-1.4555591082204036e-15,-1.4555806992354208e-15,8.173942230743186e-15,5.60540376119326e-13,5.538580505952121e-13,5.547934365195766e-13,-2.146751951240773e-15,5.652015849945288e-13,2.8794646161029533e-12,2.8794646160917367e-12,5.538580554151388e-13,5.540381295132359e-13,5.606224412850654e-13,5.538580493011066e-13,5.605403604605671e-13,1.1226452119222374e-14,7.55068752880138e-15
0.9999999822351104,3.484671834007373e-09,3.5976974145152044e-13,1.0000000201245778,3.597693547486819e-13,1.0477217644956436e-13,1.0000000201245791,-2.7374116650863066e-10,1.0000000172116268,1.0000000201245798,0.9999999802935218,-2.737409847778118e-10,1.0000000201245798,3.59769166463476e-13,3.597693869734492e-13,5.538580523323042e-13,0.999999967061965,3.59769901130635e-13,-2.013747477639415e-10,-6.531149591857064e-09,1.0000000201245778,1.0000000201245796,1.0000000303155632,5.538597968448216e-13,3.597696019000714e-13,0.9999999816134731,3.1726390842777058e-09,6.923850742668542e-09,1.0000000292542854,-2.817067623746727e-10,0.9999999802935232,-2.0137467699002816e-10,-2.7374009487153894e-10,1.0000000201245791,1.0000000172116297,1.0000000201245791,3.597695124055556e-13,1.7743577014479041e-09,3.5976960255691575e-13,-1.7733056698598874e-10,1.0000000201245791,0.9999999802935224,0.9999999816134736,5.53858719756065e-13,1.0000000287721664,3.5976955934146166e-13,0.9999999802935226,0.9999999802935232,0.9999999802935224,0.9999999802935221,0.9999999802935217,-2.7374076143954206e-10,1.0000000388281847,8.052878780623652e-09,1.0000000201245784,1.0000000287721649,-1.6227168870123969e-09,0.9999999894540499,-1.7733101110580973e-10,1.0000000201245778,1.0000000032412506,1.0000000032412508,1.000000046712251,-2.737400550368027e-10,0.9999999802935226,5.538599056272319e-13,1.0000000153957758,1.0000000292542859,-2.737400136291762e-10,0.9999999717146519,-1.6227168200002693e-09,-1.6227168403654752e-09,-3.895403959059863e-09,1.000000020124579,0.9999999802935217,1.0000000032412508,-1.0959009228213802e-09,1.0000000483901963,3.597697098976942e-13,3.5976951794994607e-13,0.9999999802935222,0.9999999816134744,1.0000000192946028,0.999999980293524,1.0000000201245796,4.074606639469797e-09,-2.0137425644462674e-10
-8.978568662807571e-10,3.1069580431033724e-15,2.8597509871167787e-12,3.662975573006556e-13,2.85975098719104e-12,3.4541165320668554e-12,3.662975691452102e-13,-1.0649425652057115e-15,3.680776786558704e-13,3.662975620842978e-13,3.597698710768516e-13,-1.0648908596189848e-15,3.662975620842951e-13,2.859750987185564e-12,2.8597509871553363e-12,2.8794646161187473e-12,3.59769901130635e-13,-1.3228697086963132e-08,6.367775448497081e-15,1.0025999405833186e-14,3.6629757101431037e-13,3.662975231172371e-13,3.6793784602371514e-13,2.879464616112772e-12,2.8597509871921204e-12,3.5995487133186195e-13,2.085865086725613e-15,3.1469963795956172e-15,3.7356005781511327e-13,-1.406694541846418e-15,3.597699102041199e-13,6.367789894578789e-15,-1.0648755919278422e-15,3.66297563978065e-13,3.6807769896190375e-13,3.662975573006323e-13,2.859750987212586e-12,3.7669157567870075e-15,2.8597509871823832e-12,-8.582895109367727e-16,3.6629760060696694e-13,3.5976988389740324e-13,3.5995486804369845e-13,2.8794646161114473e-12,3.6961515436799843e-13,2.8597509871889126e-12,3.597698654533481e-13,3.5976989176376394e-13,3.5976988657318313e-13,3.597698953461224e-13,3.5976989496342623e-13,-1.0648936536524455e-15,7.350732602305606e-10,3.742507919548937e-15,3.662975519158649e-13,3.6961511703080517e-13,-1.627218327437118e-16,3.6003476202292187e-13,-8.582749078108335e-16,3.662975573006323e-13,3.612821746708631e-13,3.6128219884699965e-13,3.7118299535845987e-13,-1.0649219094945315e-15,3.597698710768516e-13,2.8794646161036695e-12,3.6844488352494125e-13,3.7356005790633154e-13,-1.0649154220899152e-15,7.149176835602499e-10,-1.627146037073448e-16,-1.627218327437118e-16,5.67381732148024e-15,3.662975606906826e-13,3.597698899280989e-13,3.61282198847388e-13,-3.420957306085682e-15,3.73229238167348e-13,2.8597509871904527e-12,2.8597509871789416e-12,3.597698992372358e-13,3.599548796524115e-13,3.6755627925657815e-13,3.597699157905293e-13,3.6629760060651347e-13,9.161235954548309e-15,6.367777314669611e-15
-2.038254170256102e-09,2.0094250508807302e-11,6.367725136098738e-15,-7.214739547422133e-14,6.36776018913664e-15,1.3995479515912188e-14,-7.214740492493335e-14,-9.908748598000108e-14,-1.7187710920410246e-11,-7.214739447772513e-14,-2.0137474776365472e-10,-9.908753633024644e-14,-7.214740036183439e-14,6.367727042313028e-15,6.3677738158874265e-15,7.550699996357127e-15,-2.013747477639415e-10,6.367775448497081e-15,-1.3021349210458218e-08,4.659944470006715e-10,-7.214738151252335e-14,-7.214740197047555e-14,-7.418627127868851e-14,7.550682167204315e-15,6.367692358584272e-15,-2.0065921323487965e-10,-3.345129955636916e-11,-2.0184553910275532e-11,1.594778642492858e-10,-2.1776695540432402e-10,-2.0137474776367706e-10,2.1024624153476254e-10,-9.908748598000108e-14,-7.214739975199777e-14,-1.7187710920519276e-11,-7.214740247827767e-14,6.3677013162670505e-15,9.507001972109822e-11,6.36773757608009e-15,-9.233364773829057e-14,-7.214738396531194e-14,-2.0137474776382993e-10,-2.006592132347554e-10,7.550637433004757e-15,-6.088357588951139e-11,6.367743940264144e-15,-2.0137474776378506e-10,-2.0137474776394225e-10,-2.01374747763941e-10,-2.0137474776390448e-10,-2.0137474776394023e-10,-9.90875549974175e-14,-7.762900331554914e-14,-5.605596194698909e-12,-7.214740036182085e-14,-6.088357588928699e-11,-8.763275848343239e-14,-2.900981256970685e-10,-9.233350411696086e-14,-7.214740302620391e-14,-1.4939713538261417e-13,-1.4939717322732333e-13,-5.714011635139023e-14,-9.90875717966333e-14,-2.0137474776375006e-10,7.550681772242809e-15,-4.508927907717031e-12,1.5947786424935402e-10,-9.9087454357582e-14,-2.0503857512260193e-10,-8.76329004143652e-14,-8.76329004143652e-14,1.7703391787586494e-10,-7.214742608594688e-14,-2.0137474776382944e-10,-1.4939741993138554e-13,-3.52203213963974e-10,-8.457585483454115e-11,6.367774292320702e-15,6.367742344183848e-15,-2.013747477639638e-10,-2.0065921323463925e-10,-1.2259661115910195e-10,-2.0137474776374577e-10,-7.214736324305451e-14,3.187282271040704e-10,2.1024624153477404e-10
-8.358254884827855e-09,1.0152909834649123e-13,1.0026119356904285e-14,-3.2011914909114658e-12,1.0026109906581818e-14,1.978837805010509e-14,-3.2011915030700244e-12,-2.7858215911999214e-13,-6.032000422039669e-09,-3.2011914758563436e-12,-6.53114959185682e-09,-2.7858210187880436e-13,-3.2011914138610797e-12,1.0026107599882704e-14,1.0026106148148715e-14,8.17332245139589e-15,-6.531149591857064e-09,1.0025999405833186e-14,4.659944470006715e-10,-1.3917562784533043e-08,-3.2011915141118403e-12,-3.2011914126145035e-12,-3.2132492594835613e-12,8.173277708741434e-15,1.0026122567923522e-14,-6.530675414368258e-09,-1.0839502162779296e-13,7.382142829815131e-10,-6.2227489219199255e-09,-8.809480138390686e-10,-6.531149591856888e-09,4.659944470006469e-10,-2.78582141792077e-13,-3.2011914890374017e-12,-6.032000422039792e-09,-3.2011914640092185e-12,1.0026127437382798e-14,1.2104025576052874e-11,1.0026069873908388e-14,-3.0558971497413447e-13,-3.2011914859067815e-12,-6.53114959185696e-09,-6.530675414368096e-09,8.173326398712745e-15,-6.070928727327925e-09,1.002612256804123e-14,-6.531149591856993e-09,-6.531149591857109e-09,-6.531149591857109e-09,-6.531149591857001e-09,-6.53114959185706e-09,-2.785820931188428e-13,-3.2188782173778702e-12,-9.821950471900857e-11,-3.201191512081013e-12,-6.070928727327692e-09,-2.3058000174885955e-13,-3.2376764376199997e-12,-3.0558979371222025e-13,-3.2011914742460875e-12,-3.3531605571746602e-12,-3.3531605591230304e-12,-3.171384515326834e-12,-2.785821187651954e-13,-6.531149591856907e-09,8.17338124062241e-15,-5.957504088982865e-09,-6.222748921919828e-09,-2.785820931188471e-13,-6.532899703128104e-09,-2.3057997759840457e-13,-2.3057999927900927e-13,1.013601932192656e-09,-3.2011914654094007e-12,-6.5311495918569665e-09,-3.3531605612580062e-12,5.827418493170118e-13,-7.216566871259475e-09,1.0026110516726457e-14,1.0025999409621383e-14,-6.5311495918571245e-09,-6.530675414368102e-09,-7.076148308119501e-09,-6.531149591856907e-09,-3.201191521930345e-12,8.116409454139724e-10,4.659944470006569e-10
1.0000000219609024,1.7772864264909098e-12,3.662974109350995e-13,1.0000000599961079,3.662970379896548e-13,1.1285361283394193e-13,1.000000059996108,-1.3908637307730482e-13,1.0000000570978984,1.0000000599961076,1.000000020124579,-1.3908627398110325e-13,1.0000000599961083,3.662968492702183e-13,3.6629703517741984e-13,5.60540379331492e-13,1.0000000201245778,3.6629757101431037e-13,-7.214738151252335e-14,-3.2011915141118403e-12,1.0000000467645525,1.000000059996107,1.0000000701970075,5.605421022324753e-13,3.662972808768374e-13,1.0000000214457219,1.6205193280431985e-12,3.4630768551790073e-12,1.0000000691978999,-1.376464829065702e-13,1.0000000201245796,-7.214734269789668e-14,-1.3908584371807995e-13,1.000000059996108,1.0000000570978986,1.000000059996108,3.662971683397981e-13,8.989931676666595e-13,3.6629727434188493e-13,-8.873112628252318e-14,1.0000000599961076,1.0000000201245787,1.0000000214457214,5.605410340898248e-13,1.0000000686760668,3.662972313832689e-13,1.0000000201245782,1.0000000201245778,1.0000000201245778,1.000000020124579,1.0000000201245778,-1.3908620434779375e-13,1.0000000787146357,4.057012998020918e-12,1.0000000599961074,1.0000000686760655,-8.126175147742536e-13,1.0000000292802427,-8.873135798404316e-14,1.000000059996107,1.000000043074035,1.0000000430740354,1.0000000866133039,-1.3908591425023075e-13,1.0000000201245787,5.605422123120944e-13,1.0000000552702075,1.0000000691979,-1.3908580861818595e-13,1.0000000115380365,-8.126174794005386e-13,-8.126174612737197e-13,-1.9392825775145197e-12,1.0000000599961076,1.0000000201245787,1.0000000430740354,-6.199663935925223e-13,1.00000008833995,3.6629736721409934e-13,3.662971969997323e-13,1.000000020124578,1.000000021445723,1.000000059217186,1.0000000201245787,1.0000000599961076,2.083777613491937e-12,-7.214713081135941e-14
