0.9999999970892044,0.9999998636091472,0.9999998636091557,0.999999863609156,-5.444143011350609e-07,0.999999863609156,0.999999863609156,0.999999863609156,0.9999998684171993,0.9999998684172032,0.999999863609156,0.9999998636091549,0.9999998636091479,0.9999998636091565,0.9999998684172032,-6.127939436107815e-07,0.999999863609156,0.999999863609156,0.9999998636091564,0.9999998636091549,0.999999863609156,0.9999998636091553,0.999999863609156,0.999999863609156,0.9999998636091549,0.9999998636091476,0.999999863609156,0.9999998636091552,0.999999863609156,0.9999998636091565,0.999999863609156,0.999999863609156,0.9999998636091552,0.999999863609156,0.9999998684171773,0.9999998636091549,0.999999863609156,0.999999863609156,0.9999998636091476,0.999999863609156,0.999999863609156,-6.560030381686741e-07,0.9999998636091553,-7.938369829608351e-07,0.9999998684172065,0.999999863609156,0.9999998636091553,0.9999998684172032,0.9999998684171862,0.9999998636091564,0.999999863609156,0.9999998636091549,0.9999998636091552,0.9999998636091564,0.9999998638193588,0.9999998684172032,0.999999863609156,0.9999998636091549,0.9999998684171773,0.9999998636091565,0.999999863609156,0.9999998636091565,0.999999863609156,0.999999863609156
0.9999998636091472,0.999999898520816,1.0000022746522714,1.00000227465227,1.3665184698288062e-10,1.0000022746522694,1.0000022746522688,1.0000022746522683,1.000002277048804,1.0000022770488042,1.0000022746522697,1.0000022746522688,1.0000022746522699,1.0000022746522697,1.0000022770488042,1.0590747774516623e-10,1.0000022746522697,1.000002274652269,1.00000227465227,1.0000022746522683,1.0000022746522688,1.00000227465227,1.0000022746522697,1.0000022746522688,1.0000022746522692,1.0000022746522708,1.0000022746522697,1.0000022746522692,1.000002274652269,1.000002274652269,1.0000022746522692,1.0000022746522697,1.0000022746522683,1.0000022746522699,1.0000022770488042,1.0000022746522692,1.0000022746522692,1.0000022746522692,1.0000022746522692,1.0000022746522699,1.000002274652269,7.514670272203552e-11,1.0000022746522683,1.5570390184169408e-11,1.0000022770488037,1.000002274652269,1.0000022746522683,1.0000022770488033,1.0000022770488042,1.0000022746522688,1.0000022746522692,1.0000022746522697,1.0000022746522688,1.0000022746522697,1.0000022751605935,1.000002277048804,1.0000022746522688,1.0000022746522683,1.0000022770488037,1.0000022746522697,1.0000022746522692,1.0000022746522692,1.0000022746522688,1.0000022746522688
0.9999998636091557,1.0000022746522714,0.9999998985208142,1.0000022746522668,1.366518470070971e-10,1.0000022746522663,1.0000022746522652,1.0000022746522654,1.0000022770487993,1.0000022770487993,1.0000022746522657,1.000002274652266,1.000002274652266,1.000002274652266,1.0000022770488004,1.059074777374399e-10,1.000002274652266,1.0000022746522657,1.000002274652266,1.0000022746522648,1.0000022746522652,1.000002274652266,1.0000022746522657,1.0000022746522657,1.0000022746522657,1.000002274652267,1.0000022746522665,1.000002274652265,1.0000022746522657,1.0000022746522659,1.0000022746522659,1.0000022746522657,1.0000022746522652,1.0000022746522657,1.0000022770487993,1.000002274652266,1.0000022746522659,1.0000022746522659,1.0000022746522652,1.0000022746522657,1.0000022746522659,7.514670264556308e-11,1.000002274652265,1.5570390113677263e-11,1.0000022770488006,1.0000022746522657,1.0000022746522654,1.0000022770487997,1.0000022770488004,1.0000022746522652,1.0000022746522652,1.0000022746522663,1.000002274652266,1.0000022746522657,1.0000022751605897,1.0000022770487997,1.0000022746522652,1.0000022746522643,1.0000022770488004,1.000002274652266,1.0000022746522648,1.0000022746522659,1.0000022746522648,1.0000022746522657
0.999999863609156,1.00000227465227,1.0000022746522668,0.9999998985208097,1.3665184698558447e-10,1.000002274652264,1.0000022746522634,1.0000022746522625,1.0000022770487984,1.0000022770487977,1.0000022746522643,1.0000022746522632,1.000002274652264,1.0000022746522639,1.0000022770487982,1.0590747774982661e-10,1.0000022746522645,1.0000022746522634,1.0000022746522643,1.000002274652263,1.0000022746522639,1.0000022746522639,1.0000022746522639,1.0000022746522639,1.0000022746522639,1.0000022746522652,1.0000022746522639,1.0000022746522634,1.0000022746522634,1.0000022746522634,1.0000022746522634,1.0000022746522639,1.0000022746522634,1.0000022746522643,1.0000022770487984,1.0000022746522634,1.0000022746522634,1.0000022746522634,1.0000022746522639,1.0000022746522643,1.0000022746522634,7.514670282638089e-11,1.000002274652263,1.5570390318908754e-11,1.0000022770487984,1.0000022746522634,1.000002274652263,1.000002277048797,1.000002277048799,1.0000022746522639,1.0000022746522639,1.0000022746522643,1.0000022746522628,1.0000022746522643,1.000002275160589,1.0000022770487982,1.0000022746522639,1.000002274652263,1.0000022770487982,1.0000022746522648,1.0000022746522634,1.0000022746522634,1.0000022746522634,1.0000022746522639
-5.444143011350609e-07,1.3665184698288062e-10,1.366518470070971e-10,1.3665184698558447e-10,-2.3545597299917585e-06,1.3665184696689833e-10,1.3665184695219113e-10,1.3665184698592495e-10,1.2546521661700383e-10,1.25465217888869e-10,1.366518469933597e-10,1.3665184696965723e-10,1.3665184698210025e-10,1.3665184700735428e-10,1.2546521788886823e-10,1.8977862984024445e-07,1.3665184691390187e-10,1.3665184696902403e-10,1.366518469812557e-10,1.366518469778169e-10,1.366518469790367e-10,1.3665184698543025e-10,1.3665184702091077e-10,1.3665184696785703e-10,1.3665184696892812e-10,1.366518469649915e-10,1.3665184697343515e-10,1.3665184700092996e-10,1.3665184693815582e-10,1.3665184699654513e-10,1.366518469736588e-10,1.3665184697046872e-10,1.3665184697596454e-10,1.3665184696978736e-10,1.254652166170151e-10,1.3665184697191825e-10,1.3665184697027343e-10,1.366518469688644e-10,1.3665184696333323e-10,1.366518469633715e-10,1.366518469336096e-10,-2.1461832908460062e-07,1.366518469803407e-10,1.2464372685133365e-07,1.2546521689003438e-10,1.366518469636409e-10,1.366518469841138e-10,1.2546521689003454e-10,1.2546521689003438e-10,1.3665184696634918e-10,1.366518469883065e-10,1.366518469857386e-10,1.3665184697035943e-10,1.3665184698441103e-10,2.709784325894462e-07,1.2546521654520028e-10,1.3665184696983402e-10,1.3665184697843318e-10,1.2546521689003454e-10,1.36651846974252e-10,1.366518469670786e-10,1.3665184696794748e-10,1.366518469696542e-10,1.3665184697622484e-10
0.999999863609156,1.0000022746522694,1.0000022746522663,1.000002274652264,1.3665184696689833e-10,0.9999998985208082,1.000002274652264,1.0000022746522634,1.0000022770487984,1.0000022770487984,1.0000022746522643,1.0000022746522637,1.0000022746522637,1.0000022746522634,1.0000022770487977,1.0590747774195874e-10,1.0000022746522639,1.000002274652263,1.000002274652264,1.0000022746522625,1.000002274652263,1.0000022746522652,1.0000022746522634,1.0000022746522634,1.0000022746522634,1.0000022746522637,1.0000022746522634,1.0000022746522625,1.000002274652263,1.0000022746522643,1.0000022746522643,1.0000022746522634,1.0000022746522632,1.0000022746522643,1.0000022770487984,1.0000022746522634,1.0000022746522643,1.0000022746522643,1.0000022746522634,1.0000022746522643,1.0000022746522643,7.514670290771272e-11,1.0000022746522625,1.557039016447996e-11,1.0000022770487984,1.0000022746522643,1.0000022746522634,1.0000022770487986,1.000002277048799,1.000002274652263,1.0000022746522639,1.0000022746522643,1.0000022746522637,1.0000022746522643,1.0000022751605868,1.0000022770487975,1.000002274652263,1.0000022746522623,1.0000022770487984,1.0000022746522639,1.000002274652263,1.0000022746522643,1.000002274652263,1.0000022746522634
0.999999863609156,1.0000022746522688,1.0000022746522652,1.0000022746522634,1.3665184695219113e-10,1.000002274652264,0.9999998985208082,1.000002274652262,1.0000022770487982,1.000002277048797,1.0000022746522643,1.0000022746522639,1.0000022746522639,1.0000022746522634,1.0000022770487982,1.0590747771039758e-10,1.0000022746522634,1.0000022746522625,1.0000022746522645,1.000002274652262,1.0000022746522623,1.0000022746522643,1.0000022746522634,1.0000022746522623,1.000002274652263,1.0000022746522637,1.0000022746522634,1.0000022746522628,1.000002274652263,1.000002274652263,1.000002274652263,1.0000022746522634,1.000002274652262,1.0000022746522643,1.0000022770487982,1.000002274652263,1.000002274652263,1.000002274652263,1.000002274652263,1.0000022746522643,1.000002274652263,7.514670284843408e-11,1.000002274652262,1.5570390335200506e-11,1.0000022770487977,1.000002274652263,1.000002274652263,1.0000022770487964,1.0000022770487977,1.0000022746522625,1.000002274652263,1.0000022746522643,1.0000022746522625,1.0000022746522643,1.0000022751605875,1.0000022770487969,1.0000022746522625,1.0000022746522617,1.0000022770487984,1.0000022746522634,1.000002274652263,1.000002274652263,1.0000022746522623,1.0000022746522634
0.999999863609156,1.0000022746522683,1.0000022746522654,1.0000022746522625,1.3665184698592495e-10,1.0000022746522634,1.000002274652262,0.9999998985208082,1.0000022770487977,1.000002277048797,1.000002274652263,1.000002274652262,1.000002274652263,1.0000022746522625,1.000002277048797,1.0590747778214481e-10,1.000002274652263,1.0000022746522625,1.000002274652263,1.0000022746522617,1.0000022746522623,1.000002274652263,1.0000022746522625,1.0000022746522625,1.0000022746522628,1.0000022746522634,1.0000022746522625,1.0000022746522619,1.0000022746522625,1.0000022746522625,1.0000022746522625,1.0000022746522625,1.000002274652262,1.000002274652263,1.0000022770487982,1.0000022746522625,1.0000022746522625,1.0000022746522625,1.0000022746522628,1.000002274652263,1.0000022746522625,7.514670284812732e-11,1.0000022746522617,1.5570390311268598e-11,1.0000022770487977,1.0000022746522637,1.0000022746522617,1.000002277048796,1.0000022770487977,1.0000022746522625,1.000002274652263,1.000002274652263,1.0000022746522617,1.000002274652263,1.0000022751605877,1.0000022770487969,1.0000022746522625,1.0000022746522617,1.0000022770487969,1.000002274652263,1.0000022746522625,1.0000022746522625,1.000002274652262,1.0000022746522625
0.9999998684171993,1.000002277048804,1.0000022770487993,1.0000022770487984,1.2546521661700383e-10,1.0000022770487984,1.0000022770487982,1.0000022770487977,0.9999999259780692,1.0000023021105946,1.0000022770487986,1.0000022770487982,1.0000022770487982,1.0000022770487984,1.0000023021105955,7.582473068141635e-12,1.000002277048799,1.0000022770487977,1.0000022770487984,1.0000022770487977,1.0000022770487984,1.0000022770487984,1.0000022770487984,1.0000022770487977,1.0000022770487984,1.0000022770487984,1.0000022770487984,1.0000022770487969,1.0000022770487977,1.0000022770487982,1.0000022770487982,1.0000022770487986,1.0000022770487977,1.000002277048799,1.0000023021105962,1.0000022770487982,1.0000022770487982,1.0000022770487982,1.000002277048797,1.0000022770487986,1.0000022770487982,1.8685644805371722e-10,1.0000022770487984,-9.798983207007552e-08,1.0000023021105962,1.0000022770487982,1.000002277048797,1.0000023021105935,1.0000023021105957,1.0000022770487977,1.0000022770487984,1.0000022770487986,1.0000022770487982,1.0000022770487984,1.0000022786420653,1.0000023021105948,1.0000022770487984,1.0000022770487969,1.0000023021105955,1.0000022770487986,1.0000022770487977,1.0000022770487977,1.0000022770487969,1.0000022770487984
0.9999998684172032,1.0000022770488042,1.0000022770487993,1.0000022770487977,1.25465217888869e-10,1.0000022770487984,1.000002277048797,1.000002277048797,1.0000023021105946,0.9999999259780762,1.0000022770487982,1.0000022770487986,1.0000022770487982,1.0000022770487982,1.0000023021105957,7.58247408976278e-12,1.0000022770487984,1.0000022770487964,1.0000022770487977,1.000002277048797,1.0000022770487977,1.000002277048799,1.0000022770487982,1.0000022770487977,1.0000022770487984,1.0000022770487984,1.0000022770487982,1.0000022770487964,1.000002277048797,1.000002277048797,1.000002277048797,1.0000022770487982,1.000002277048797,1.0000022770487982,1.0000023021105964,1.0000022770487977,1.000002277048797,1.000002277048797,1.0000022770487975,1.0000022770487975,1.000002277048797,1.8685644839714875e-10,1.0000022770487977,-9.798983207007456e-08,1.0000023021105962,1.000002277048797,1.0000022770487977,1.0000023021105953,1.0000023021105964,1.000002277048797,1.0000022770487977,1.0000022770487993,1.0000022770487984,1.0000022770487977,1.0000022786420657,1.0000023021105955,1.0000022770487975,1.0000022770487969,1.000002302110596,1.0000022770487984,1.000002277048797,1.000002277048797,1.0000022770487969,1.0000022770487977
0.999999863609156,1.0000022746522697,1.0000022746522657,1.0000022746522643,1.366518469933597e-10,1.0000022746522643,1.0000022746522643,1.000002274652263,1.0000022770487986,1.0000022770487982,0.9999998985208038,1.000002274652264,1.0000022746522645,1.0000022746522643,1.0000022770487984,1.0590747778093357e-10,1.0000022746522639,1.000002274652263,1.0000022746522643,1.0000022746522623,1.0000022746522634,1.0000022746522639,1.0000022746522634,1.0000022746522634,1.000002274652263,1.0000022746522645,1.0000022746522639,1.000002274652263,1.000002274652263,1.0000022746522634,1.0000022746522634,1.0000022746522634,1.0000022746522625,1.0000022746522643,1.0000022770487977,1.0000022746522639,1.0000022746522634,1.0000022746522634,1.0000022746522639,1.0000022746522634,1.0000022746522634,7.514670286385598e-11,1.0000022746522625,1.5570390126138125e-11,1.0000022770487984,1.0000022746522634,1.0000022746522625,1.0000022770487975,1.0000022770487993,1.0000022746522632,1.0000022746522634,1.0000022746522645,1.0000022746522634,1.0000022746522634,1.0000022751605873,1.0000022770487977,1.0000022746522632,1.0000022746522617,1.0000022770487982,1.0000022746522639,1.0000022746522625,1.0000022746522634,1.0000022746522625,1.0000022746522634
0.9999998636091549,1.0000022746522688,1.000002274652266,1.0000022746522632,1.3665184696965723e-10,1.0000022746522637,1.0000022746522639,1.000002274652262,1.0000022770487982,1.0000022770487986,1.000002274652264,0.9999998985208082,1.0000022746522637,1.0000022746522634,1.0000022770487977,1.0590747776106109e-10,1.0000022746522639,1.0000022746522623,1.0000022746522643,1.0000022746522625,1.000002274652263,1.000002274652265,1.0000022746522634,1.0000022746522632,1.000002274652264,1.0000022746522639,1.000002274652263,1.0000022746522625,1.0000022746522625,1.000002274652263,1.000002274652263,1.0000022746522634,1.0000022746522632,1.0000022746522634,1.000002277048799,1.0000022746522632,1.000002274652263,1.000002274652263,1.0000022746522634,1.0000022746522634,1.000002274652263,7.514670276730294e-11,1.0000022746522625,1.557039011179322e-11,1.0000022770487982,1.000002274652263,1.000002274652263,1.0000022770487977,1.0000022770487986,1.000002274652263,1.000002274652263,1.0000022746522643,1.0000022746522637,1.0000022746522634,1.0000022751605868,1.0000022770487977,1.000002274652263,1.0000022746522623,1.0000022770487984,1.0000022746522639,1.000002274652263,1.000002274652263,1.0000022746522628,1.0000022746522634
0.9999998636091479,1.0000022746522699,1.000002274652266,1.000002274652264,1.3665184698210025e-10,1.0000022746522637,1.0000022746522639,1.000002274652263,1.0000022770487982,1.0000022770487982,1.0000022746522645,1.0000022746522637,0.9999998985208265,1.0000022746522639,1.0000022770487984,1.0590747771343186e-10,1.0000022746522634,1.000002274652263,1.000002274652264,1.0000022746522625,1.0000022746522634,1.0000022746522648,1.0000022746522643,1.0000022746522639,1.0000022746522643,1.0000022746522648,1.0000022746522643,1.000002274652263,1.0000022746522634,1.0000022746522639,1.0000022746522632,1.0000022746522643,1.0000022746522632,1.0000022746522645,1.0000022770487982,1.0000022746522634,1.0000022746522639,1.0000022746522632,1.0000022746522634,1.0000022746522639,1.0000022746522639,7.514670285564747e-11,1.000002274652263,1.5570390149188482e-11,1.0000022770487982,1.0000022746522639,1.000002274652263,1.0000022770487977,1.000002277048799,1.0000022746522634,1.0000022746522634,1.0000022746522648,1.0000022746522637,1.0000022746522639,1.0000022751605877,1.0000022770487984,1.0000022746522637,1.0000022746522628,1.0000022770487977,1.0000022746522637,1.0000022746522634,1.0000022746522632,1.000002274652263,1.0000022746522639
0.9999998636091565,1.0000022746522697,1.000002274652266,1.0000022746522639,1.3665184700735428e-10,1.0000022746522634,1.0000022746522634,1.0000022746522625,1.0000022770487984,1.0000022770487982,1.0000022746522643,1.0000022746522634,1.0000022746522639,0.9999998985208054,1.0000022770487982,1.0590747775216687e-10,1.0000022746522643,1.0000022746522632,1.0000022746522643,1.0000022746522625,1.0000022746522632,1.0000022746522643,1.0000022746522639,1.0000022746522634,1.0000022746522634,1.0000022746522645,1.0000022746522639,1.0000022746522634,1.0000022746522634,1.0000022746522634,1.0000022746522634,1.0000022746522639,1.0000022746522625,1.0000022746522643,1.0000022770487982,1.0000022746522643,1.0000022746522634,1.0000022746522634,1.000002274652263,1.0000022746522643,1.0000022746522634,7.514670283822615e-11,1.0000022746522623,1.5570390288423368e-11,1.0000022770487984,1.0000022746522634,1.000002274652263,1.0000022770487975,1.000002277048799,1.0000022746522634,1.000002274652263,1.0000022746522643,1.0000022746522634,1.0000022746522643,1.0000022751605893,1.000002277048797,1.0000022746522634,1.0000022746522625,1.0000022770487982,1.0000022746522643,1.000002274652263,1.0000022746522634,1.000002274652263,1.0000022746522639
0.9999998684172032,1.0000022770488042,1.0000022770488004,1.0000022770487982,1.2546521788886823e-10,1.0000022770487977,1.0000022770487982,1.000002277048797,1.0000023021105955,1.0000023021105957,1.0000022770487984,1.0000022770487977,1.0000022770487984,1.0000022770487982,0.9999999259780715,7.58247357900349e-12,1.000002277048799,1.0000022770487975,1.0000022770487984,1.000002277048797,1.0000022770487977,1.0000022770487993,1.0000022770487984,1.0000022770487982,1.0000022770487982,1.000002277048799,1.0000022770487984,1.0000022770487975,1.000002277048797,1.0000022770487982,1.0000022770487982,1.0000022770487982,1.0000022770487977,1.000002277048799,1.0000023021105966,1.0000022770487977,1.0000022770487982,1.0000022770487982,1.0000022770487977,1.0000022770487984,1.0000022770487982,1.8685644862451834e-10,1.0000022770487977,-9.798983207006711e-08,1.0000023021105962,1.0000022770487984,1.000002277048797,1.0000023021105946,1.0000023021105966,1.0000022770487982,1.0000022770487984,1.0000022770487984,1.0000022770487977,1.0000022770487984,1.0000022786420657,1.0000023021105953,1.0000022770487982,1.0000022770487969,1.0000023021105962,1.0000022770487984,1.0000022770487977,1.000002277048797,1.0000022770487977,1.0000022770487982
-6.127939436107815e-07,1.0590747774516623e-10,1.059074777374399e-10,1.0590747774982661e-10,1.8977862984024445e-07,1.0590747774195874e-10,1.0590747771039758e-10,1.0590747778214481e-10,7.582473068141635e-12,7.58247408976278e-12,1.0590747778093357e-10,1.0590747776106109e-10,1.0590747771343186e-10,1.0590747775216687e-10,7.58247357900349e-12,-6.898161156106128e-07,1.0590747774985001e-10,1.0590747774133764e-10,1.0590747775231448e-10,1.0590747774103037e-10,1.0590747778207832e-10,1.0590747777452246e-10,1.0590747778220882e-10,1.0590747777268797e-10,1.059074777499523e-10,1.0590747778098304e-10,1.0590747772654141e-10,1.0590747777951384e-10,1.0590747778224647e-10,1.0590747774153589e-10,1.0590747778089704e-10,1.0590747775023065e-10,1.0590747776146831e-10,1.0590747774144853e-10,7.582472910981783e-12,1.0590747773928538e-10,1.0590747771343279e-10,1.0590747776108004e-10,1.0590747775656702e-10,1.0590747771306384e-10,1.059074777496437e-10,-9.637949708858993e-10,1.059074777897691e-10,1.1087909899326975e-06,7.582473072706e-12,1.0590747778184244e-10,1.059074777523543e-10,7.582473069083288e-12,7.582473498450902e-12,1.0590747777452153e-10,1.0590747774543557e-10,1.0590747778129593e-10,1.05907477742532e-10,1.0590747774845681e-10,2.0144095710433938e-07,7.582473480084261e-12,1.0590747773692224e-10,1.0590747774170791e-10,7.582473068112432e-12,1.0590747774820597e-10,1.0590747778094572e-10,1.0590747775235563e-10,1.0590747771073125e-10,1.0590747774545407e-10
0.999999863609156,1.0000022746522697,1.000002274652266,1.0000022746522645,1.3665184691390187e-10,1.0000022746522639,1.0000022746522634,1.000002274652263,1.000002277048799,1.0000022770487984,1.0000022746522639,1.0000022746522639,1.0000022746522634,1.0000022746522643,1.000002277048799,1.0590747774985001e-10,0.9999998985208082,1.000002274652263,1.0000022746522637,1.0000022746522628,1.0000022746522632,1.0000022746522639,1.0000022746522639,1.0000022746522639,1.0000022746522639,1.0000022746522648,1.0000022746522645,1.000002274652263,1.0000022746522639,1.0000022746522639,1.0000022746522639,1.0000022746522639,1.000002274652263,1.0000022746522639,1.0000022770487984,1.000002274652263,1.0000022746522639,1.0000022746522639,1.0000022746522639,1.0000022746522637,1.0000022746522639,7.514670281733094e-11,1.000002274652263,1.5570390270923183e-11,1.000002277048799,1.0000022746522637,1.000002274652263,1.0000022770487982,1.0000022770487984,1.0000022746522632,1.000002274652263,1.0000022746522639,1.0000022746522639,1.0000022746522639,1.0000022751605877,1.0000022770487977,1.0000022746522634,1.0000022746522625,1.0000022770487982,1.0000022746522643,1.000002274652263,1.0000022746522639,1.000002274652263,1.0000022746522639
0.999999863609156,1.000002274652269,1.0000022746522657,1.0000022746522634,1.3665184696902403e-10,1.000002274652263,1.0000022746522625,1.0000022746522625,1.0000022770487977,1.0000022770487964,1.000002274652263,1.0000022746522623,1.000002274652263,1.0000022746522632,1.0000022770487975,1.0590747774133764e-10,1.000002274652263,0.9999998985208082,1.0000022746522623,1.0000022746522625,1.000002274652263,1.000002274652263,1.000002274652263,1.000002274652263,1.0000022746522625,1.000002274652263,1.0000022746522634,1.0000022746522625,1.0000022746522623,1.0000022746522625,1.0000022746522625,1.000002274652263,1.0000022746522625,1.0000022746522632,1.000002277048797,1.0000022746522632,1.0000022746522625,1.0000022746522625,1.0000022746522623,1.000002274652263,1.0000022746522625,7.514670287818223e-11,1.0000022746522625,1.5570390197431394e-11,1.0000022770487984,1.0000022746522625,1.0000022746522617,1.0000022770487964,1.0000022770487982,1.0000022746522625,1.0000022746522625,1.0000022746522628,1.0000022746522625,1.000002274652263,1.0000022751605866,1.0000022770487969,1.0000022746522625,1.0000022746522617,1.0000022770487969,1.000002274652263,1.0000022746522625,1.0000022746522625,1.0000022746522625,1.000002274652263
0.9999998636091564,1.00000227465227,1.000002274652266,1.0000022746522643,1.366518469812557e-10,1.000002274652264,1.0000022746522645,1.000002274652263,1.0000022770487984,1.0000022770487977,1.0000022746522643,1.0000022746522643,1.000002274652264,1.0000022746522643,1.0000022770487984,1.0590747775231448e-10,1.0000022746522637,1.0000022746522623,0.9999998985208082,1.000002274652263,1.0000022746522634,1.000002274652265,1.0000022746522634,1.0000022746522634,1.0000022746522643,1.0000022746522643,1.0000022746522634,1.0000022746522625,1.0000022746522625,1.0000022746522634,1.0000022746522634,1.0000022746522634,1.0000022746522639,1.0000022746522643,1.0000022770487977,1.0000022746522643,1.0000022746522634,1.0000022746522634,1.0000022746522634,1.0000022746522634,1.0000022746522634,7.514670297897893e-11,1.000002274652263,1.5570390270928705e-11,1.000002277048799,1.0000022746522634,1.0000022746522634,1.0000022770487969,1.0000022770487993,1.0000022746522634,1.0000022746522643,1.0000022746522643,1.000002274652263,1.0000022746522634,1.0000022751605877,1.0000022770487982,1.0000022746522634,1.000002274652262,1.0000022770487982,1.0000022746522637,1.0000022746522625,1.0000022746522634,1.0000022746522625,1.0000022746522634
0.9999998636091549,1.0000022746522683,1.0000022746522648,1.000002274652263,1.366518469778169e-10,1.0000022746522625,1.000002274652262,1.0000022746522617,1.0000022770487977,1.000002277048797,1.0000022746522623,1.0000022746522625,1.0000022746522625,1.0000022746522625,1.000002277048797,1.0590747774103037e-10,1.0000022746522628,1.0000022746522625,1.000002274652263,0.9999998985208082,1.0000022746522623,1.0000022746522634,1.0000022746522625,1.0000022746522625,1.0000022746522625,1.0000022746522639,1.0000022746522625,1.0000022746522625,1.0000022746522625,1.0000022746522625,1.0000022746522625,1.0000022746522625,1.0000022746522617,1.0000022746522625,1.000002277048797,1.000002274652263,1.0000022746522625,1.0000022746522625,1.0000022746522625,1.0000022746522623,1.0000022746522625,7.514670279681157e-11,1.0000022746522614,1.5570390197434506e-11,1.000002277048797,1.0000022746522628,1.0000022746522617,1.0000022770487964,1.000002277048797,1.000002274652262,1.0000022746522625,1.0000022746522634,1.0000022746522619,1.0000022746522623,1.0000022751605864,1.0000022770487964,1.0000022746522623,1.0000022746522612,1.0000022770487977,1.0000022746522628,1.0000022746522625,1.0000022746522625,1.000002274652262,1.0000022746522625
0.999999863609156,1.0000022746522688,1.0000022746522652,1.0000022746522639,1.366518469790367e-10,1.000002274652263,1.0000022746522623,1.0000022746522623,1.0000022770487984,1.0000022770487977,1.0000022746522634,1.000002274652263,1.0000022746522634,1.0000022746522632,1.0000022770487977,1.0590747778207832e-10,1.0000022746522632,1.000002274652263,1.0000022746522634,1.0000022746522623,0.9999998985208082,1.0000022746522639,1.0000022746522634,1.0000022746522632,1.0000022746522634,1.0000022746522639,1.0000022746522639,1.0000022746522628,1.000002274652263,1.0000022746522632,1.0000022746522632,1.0000022746522634,1.0000022746522625,1.0000022746522634,1.0000022770487977,1.0000022746522625,1.0000022746522632,1.0000022746522632,1.0000022746522632,1.0000022746522634,1.0000022746522632,7.514670281363415e-11,1.0000022746522623,1.557039028327213e-11,1.0000022770487982,1.0000022746522634,1.0000022746522625,1.000002277048797,1.0000022770487984,1.0000022746522628,1.000002274652263,1.0000022746522639,1.0000022746522628,1.0000022746522634,1.0000022751605886,1.0000022770487975,1.0000022746522623,1.000002274652262,1.000002277048797,1.0000022746522632,1.000002274652263,1.0000022746522632,1.0000022746522628,1.0000022746522634
0.9999998636091553,1.00000227465227,1.000002274652266,1.0000022746522639,1.3665184698543025e-10,1.0000022746522652,1.0000022746522643,1.000002274652263,1.0000022770487984,1.000002277048799,1.0000022746522639,1.000002274652265,1.0000022746522648,1.0000022746522643,1.0000022770487993,1.0590747777452246e-10,1.0000022746522639,1.000002274652263,1.000002274652265,1.0000022746522634,1.0000022746522639,0.9999998985208091,1.0000022746522643,1.0000022746522639,1.0000022746522639,1.0000022746522648,1.0000022746522643,1.0000022746522634,1.000002274652263,1.0000022746522634,1.0000022746522634,1.0000022746522652,1.0000022746522643,1.0000022746522639,1.0000022770487997,1.000002274652264,1.0000022746522634,1.0000022746522634,1.0000022746522637,1.0000022746522639,1.0000022746522634,7.514670284517972e-11,1.000002274652264,1.557039017191954e-11,1.0000022770487993,1.0000022746522634,1.0000022746522643,1.0000022770487982,1.0000022770488,1.000002274652264,1.0000022746522634,1.0000022746522654,1.0000022746522643,1.0000022746522639,1.0000022751605881,1.0000022770487984,1.000002274652264,1.0000022746522632,1.000002277048799,1.0000022746522639,1.0000022746522634,1.0000022746522634,1.000002274652263,1.0000022746522643
0.999999863609156,1.0000022746522697,1.0000022746522657,1.0000022746522639,1.3665184702091077e-10,1.0000022746522634,1.0000022746522634,1.0000022746522625,1.0000022770487984,1.0000022770487982,1.0000022746522634,1.0000022746522634,1.0000022746522643,1.0000022746522639,1.0000022770487984,1.0590747778220882e-10,1.0000022746522639,1.000002274652263,1.0000022746522634,1.0000022746522625,1.0000022746522634,1.0000022746522643,0.9999998985208082,1.0000022746522634,1.0000022746522634,1.000002274652264,1.0000022746522637,1.0000022746522632,1.0000022746522632,1.0000022746522634,1.0000022746522634,1.0000022746522634,1.0000022746522625,1.0000022746522643,1.0000022770487982,1.000002274652263,1.0000022746522634,1.0000022746522634,1.000002274652263,1.0000022746522632,1.0000022746522634,7.514670281362195e-11,1.0000022746522625,1.5570390190913505e-11,1.0000022770487984,1.0000022746522634,1.000002274652263,1.000002277048797,1.0000022770487984,1.000002274652263,1.000002274652263,1.0000022746522643,1.000002274652263,1.0000022746522632,1.0000022751605881,1.0000022770487982,1.000002274652263,1.0000022746522625,1.0000022770487977,1.0000022746522639,1.000002274652263,1.0000022746522634,1.000002274652263,1.0000022746522632
0.999999863609156,1.0000022746522688,1.0000022746522657,1.0000022746522639,1.3665184696785703e-10,1.0000022746522634,1.0000022746522623,1.0000022746522625,1.0000022770487977,1.0000022770487977,1.0000022746522634,1.0000022746522632,1.0000022746522639,1.0000022746522634,1.0000022770487982,1.0590747777268797e-10,1.0000022746522639,1.000002274652263,1.0000022746522634,1.0000022746522625,1.0000022746522632,1.0000022746522639,1.0000022746522634,0.9999998985208082,1.0000022746522634,1.0000022746522639,1.0000022746522637,1.000002274652263,1.000002274652263,1.0000022746522634,1.0000022746522634,1.0000022746522634,1.0000022746522623,1.0000022746522634,1.0000022770487977,1.0000022746522625,1.0000022746522634,1.0000022746522634,1.0000022746522632,1.0000022746522634,1.0000022746522634,7.514670286718456e-11,1.0000022746522625,1.5570390136399343e-11,1.0000022770487982,1.0000022746522634,1.000002274652263,1.000002277048797,1.0000022770487984,1.000002274652263,1.0000022746522632,1.000002274652264,1.000002274652263,1.0000022746522634,1.0000022751605886,1.0000022770487975,1.000002274652263,1.000002274652262,1.0000022770487977,1.0000022746522639,1.000002274652263,1.0000022746522632,1.0000022746522625,1.0000022746522634
0.9999998636091549,1.0000022746522692,1.0000022746522657,1.0000022746522639,1.3665184696892812e-10,1.0000022746522634,1.000002274652263,1.0000022746522628,1.0000022770487984,1.0000022770487984,1.000002274652263,1.000002274652264,1.0000022746522643,1.0000022746522634,1.0000022770487982,1.059074777499523e-10,1.0000022746522639,1.0000022746522625,1.0000022746522643,1.0000022746522625,1.0000022746522634,1.0000022746522639,1.0000022746522634,1.0000022746522634,0.9999998985208082,1.0000022746522648,1.000002274652264,1.0000022746522632,1.000002274652263,1.0000022746522632,1.0000022746522632,1.0000022746522637,1.0000022746522625,1.0000022746522632,1.0000022770487977,1.0000022746522639,1.0000022746522632,1.0000022746522632,1.000002274652263,1.000002274652263,1.0000022746522632,7.514670282594388e-11,1.0000022746522628,1.557039030401774e-11,1.0000022770487984,1.0000022746522632,1.0000022746522632,1.000002277048797,1.0000022770487984,1.000002274652263,1.0000022746522628,1.0000022746522645,1.0000022746522634,1.0000022746522628,1.0000022751605873,1.0000022770487977,1.0000022746522628,1.0000022746522617,1.0000022770487986,1.0000022746522639,1.0000022746522625,1.000002274652263,1.0000022746522625,1.0000022746522634
0.9999998636091476,1.0000022746522708,1.000002274652267,1.0000022746522652,1.366518469649915e-10,1.0000022746522637,1.0000022746522637,1.0000022746522634,1.0000022770487984,1.0000022770487984,1.0000022746522645,1.0000022746522639,1.0000022746522648,1.0000022746522645,1.000002277048799,1.0590747778098304e-10,1.0000022746522648,1.000002274652263,1.0000022746522643,1.0000022746522639,1.0000022746522639,1.0000022746522648,1.000002274652264,1.0000022746522639,1.0000022746522648,0.9999998985208265,1.0000022746522648,1.0000022746522639,1.0000022746522639,1.0000022746522643,1.0000022746522643,1.000002274652264,1.0000022746522639,1.0000022746522648,1.0000022770487986,1.0000022746522639,1.0000022746522643,1.0000022746522643,1.0000022746522637,1.0000022746522648,1.0000022746522643,7.51467028449292e-11,1.0000022746522637,1.5570390311747677e-11,1.0000022770487986,1.0000022746522643,1.0000022746522634,1.0000022770487977,1.0000022770487993,1.000002274652264,1.0000022746522639,1.0000022746522648,1.0000022746522639,1.0000022746522648,1.000002275160589,1.000002277048799,1.0000022746522643,1.000002274652263,1.000002277048799,1.0000022746522643,1.000002274652263,1.000002274652264,1.000002274652263,1.0000022746522639
0.999999863609156,1.0000022746522697,1.0000022746522665,1.0000022746522639,1.3665184697343515e-10,1.0000022746522634,1.0000022746522634,1.0000022746522625,1.0000022770487984,1.0000022770487982,1.0000022746522639,1.000002274652263,1.0000022746522643,1.0000022746522639,1.0000022770487984,1.0590747772654141e-10,1.0000022746522645,1.0000022746522634,1.0000022746522634,1.0000022746522625,1.0000022746522639,1.0000022746522643,1.0000022746522637,1.0000022746522637,1.000002274652264,1.0000022746522648,0.9999998985208082,1.000002274652263,1.0000022746522634,1.0000022746522634,1.0000022746522634,1.0000022746522637,1.000002274652263,1.0000022746522643,1.0000022770487982,1.000002274652264,1.0000022746522634,1.0000022746522634,1.0000022746522639,1.0000022746522639,1.0000022746522634,7.51467026730723e-11,1.000002274652263,1.557039021925162e-11,1.0000022770487984,1.0000022746522634,1.0000022746522625,1.000002277048797,1.0000022770487997,1.0000022746522639,1.0000022746522632,1.0000022746522639,1.0000022746522628,1.000002274652264,1.0000022751605877,1.0000022770487982,1.0000022746522639,1.0000022746522625,1.0000022770487984,1.0000022746522645,1.0000022746522634,1.0000022746522634,1.0000022746522632,1.0000022746522637
0.9999998636091552,1.0000022746522692,1.000002274652265,1.0000022746522634,1.3665184700092996e-10,1.0000022746522625,1.0000022746522628,1.0000022746522619,1.0000022770487969,1.0000022770487964,1.000002274652263,1.0000022746522625,1.000002274652263,1.0000022746522634,1.0000022770487975,1.0590747777951384e-10,1.000002274652263,1.0000022746522625,1.0000022746522625,1.0000022746522625,1.0000022746522628,1.0000022746522634,1.0000022746522632,1.000002274652263,1.0000022746522632,1.0000022746522639,1.000002274652263,0.9999998985208082,1.0000022746522625,1.0000022746522623,1.0000022746522623,1.0000022746522632,1.000002274652263,1.000002274652263,1.0000022770487982,1.0000022746522625,1.0000022746522623,1.0000022746522623,1.0000022746522625,1.000002274652263,1.0000022746522625,7.514670285307611e-11,1.0000022746522628,1.5570390335172663e-11,1.0000022770487977,1.0000022746522623,1.0000022746522617,1.0000022770487964,1.000002277048799,1.0000022746522625,1.0000022746522625,1.000002274652263,1.0000022746522625,1.0000022746522632,1.0000022751605866,1.000002277048797,1.0000022746522625,1.0000022746522619,1.0000022770487977,1.0000022746522632,1.0000022746522623,1.0000022746522625,1.0000022746522625,1.000002274652263
0.999999863609156,1.000002274652269,1.0000022746522657,1.0000022746522634,1.3665184693815582e-10,1.000002274652263,1.000002274652263,1.0000022746522625,1.0000022770487977,1.000002277048797,1.000002274652263,1.0000022746522625,1.0000022746522634,1.0000022746522634,1.000002277048797,1.0590747778224647e-10,1.0000022746522639,1.0000022746522623,1.0000022746522625,1.0000022746522625,1.000002274652263,1.000002274652263,1.0000022746522632,1.000002274652263,1.000002274652263,1.0000022746522639,1.0000022746522634,1.0000022746522625,0.9999998985208038,1.0000022746522625,1.0000022746522625,1.0000022746522632,1.0000022746522625,1.0000022746522634,1.000002277048797,1.0000022746522625,1.0000022746522625,1.0000022746522625,1.0000022746522623,1.000002274652263,1.0000022746522625,7.514670279584568e-11,1.0000022746522625,1.5570390114674875e-11,1.0000022770487984,1.0000022746522625,1.0000022746522617,1.0000022770487964,1.000002277048799,1.0000022746522625,1.0000022746522625,1.000002274652263,1.0000022746522623,1.000002274652263,1.0000022751605866,1.000002277048797,1.0000022746522628,1.0000022746522617,1.000002277048797,1.000002274652263,1.0000022746522623,1.0000022746522625,1.0000022746522625,1.0000022746522632
0.9999998636091565,1.000002274652269,1.0000022746522659,1.0000022746522634,1.3665184699654513e-10,1.0000022746522643,1.000002274652263,1.0000022746522625,1.0000022770487982,1.000002277048797,1.0000022746522634,1.000002274652263,1.0000022746522639,1.0000022746522634,1.0000022770487982,1.0590747774153589e-10,1.0000022746522639,1.0000022746522625,1.0000022746522634,1.0000022746522625,1.0000022746522632,1.0000022746522634,1.0000022746522634,1.0000022746522634,1.0000022746522632,1.0000022746522643,1.0000022746522634,1.0000022746522623,1.0000022746522625,0.9999998985208082,1.0000022746522625,1.0000022746522634,1.000002274652263,1.0000022746522634,1.0000022770487977,1.0000022746522632,1.0000022746522625,1.0000022746522625,1.000002274652263,1.0000022746522634,1.0000022746522625,7.514670282538009e-11,1.0000022746522625,1.557039020679007e-11,1.0000022770487984,1.0000022746522634,1.000002274652262,1.000002277048797,1.0000022770487984,1.0000022746522634,1.000002274652263,1.0000022746522634,1.0000022746522625,1.000002274652264,1.0000022751605881,1.0000022770487977,1.0000022746522632,1.000002274652262,1.0000022770487982,1.0000022746522637,1.0000022746522625,1.0000022746522625,1.0000022746522625,1.0000022746522634
0.999999863609156,1.0000022746522692,1.0000022746522659,1.0000022746522634,1.366518469736588e-10,1.0000022746522643,1.000002274652263,1.0000022746522625,1.0000022770487982,1.000002277048797,1.0000022746522634,1.000002274652263,1.0000022746522632,1.0000022746522634,1.0000022770487982,1.0590747778089704e-10,1.0000022746522639,1.0000022746522625,1.0000022746522634,1.0000022746522625,1.0000022746522632,1.0000022746522634,1.0000022746522634,1.0000022746522634,1.0000022746522632,1.0000022746522643,1.0000022746522634,1.0000022746522623,1.0000022746522625,1.0000022746522625,0.9999998985208082,1.0000022746522634,1.000002274652263,1.0000022746522634,1.0000022770487984,1.0000022746522632,1.0000022746522625,1.0000022746522625,1.000002274652263,1.0000022746522634,1.0000022746522625,7.514670286385176e-11,1.0000022746522625,1.5570390128233965e-11,1.0000022770487986,1.0000022746522634,1.000002274652262,1.0000022770487964,1.0000022770487982,1.0000022746522634,1.000002274652263,1.0000022746522634,1.0000022746522623,1.0000022746522634,1.0000022751605881,1.0000022770487977,1.0000022746522632,1.000002274652262,1.000002277048797,1.0000022746522639,1.0000022746522625,1.0000022746522625,1.0000022746522625,1.0000022746522634
0.999999863609156,1.0000022746522697,1.0000022746522657,1.0000022746522639,1.3665184697046872e-10,1.0000022746522634,1.0000022746522634,1.0000022746522625,1.0000022770487986,1.0000022770487982,1.0000022746522634,1.0000022746522634,1.0000022746522643,1.0000022746522639,1.0000022770487982,1.0590747775023065e-10,1.0000022746522639,1.000002274652263,1.0000022746522634,1.0000022746522625,1.0000022746522634,1.0000022746522652,1.0000022746522634,1.0000022746522634,1.0000022746522637,1.000002274652264,1.0000022746522637,1.0000022746522632,1.0000022746522632,1.0000022746522634,1.0000022746522634,0.9999998985208082,1.0000022746522625,1.0000022746522634,1.0000022770487982,1.000002274652263,1.0000022746522634,1.0000022746522634,1.000002274652263,1.0000022746522632,1.0000022746522634,7.514670276729951e-11,1.0000022746522625,1.5570390131674765e-11,1.0000022770487984,1.0000022746522634,1.0000022746522637,1.0000022770487977,1.0000022770487984,1.000002274652263,1.000002274652263,1.0000022746522643,1.000002274652263,1.0000022746522634,1.0000022751605881,1.0000022770487984,1.0000022746522632,1.0000022746522625,1.0000022770487977,1.000002274652264,1.000002274652263,1.0000022746522634,1.000002274652263,1.000002274652263
