1.0000000006698617,-2.413837785500426e-08,1.0000001601932533,-2.4140242819766253e-08,1.0000001601932627,1.0000008538357514,1.0000001601932587,1.0000001601932567,1.000000160193259,1.0000001601932595,1.000000160193261,-2.4138365993191296e-08,-2.4141306377133905e-08,1.0000001601932582,-2.414138597074097e-08,1.00000016019326,-2.4141850348267354e-08,1.0000005844389965,1.0000001601932627,-2.4143225700224574e-08,1.0000001601932587,-2.4140031874939705e-08,1.0000001601932595,1.0000001601932609,1.00000016019326,0.9999988574517573,1.000000160193265,1.00000016019326,-2.4139212271893202e-08,-2.413046546350353e-08,1.0000001601932582,1.0000001601932604,1.000000160193259,-2.4130465243440152e-08,1.0000001601932582,-2.4140145398129715e-08,1.0000001601932602,-2.41422789073245e-08,-2.4095966208519248e-08,-2.4141677219371238e-08,0.9999895754219432,1.000000160193259,1.00000016019326,1.0000001601932582,1.0000001601932609,1.000000879994059,1.0000001601932598,-2.414320528670539e-08,-2.4141677229377586e-08,1.0000001601932575,1.0000001601932607,-2.413121673395776e-08,1.0000001601932609,-2.4139883175945464e-08,-2.4141676505305162e-08,1.0000001601932604,1.0000001601932618,1.0000004032179433,1.0000001601932562,1.00000016019326,-2.4139988943748608e-08,1.0000001601932609,1.0000008666641276,1.00000040382548,-2.4148780403738647e-08,0.9999975389173551,-2.414384182039378e-08,1.0000001601932622,-2.4138366755487183e-08,-2.4140031874470713e-08,1.0000001601932587,1.00000016019326,1.0000001601932613,-2.412159143260195e-08,1.0000001601932562,1.00000075479963,1.0000015104761788,1.0000001601932598,-2.4130464395372997e-08,0.9999983764642365,1.0000001601932587,1.0000001601932642,1.0000001601932618,-2.4116191623777648e-08,-2.414162885343567e-08,-2.413998885266564e-08,1.0000001601932604,1.00000016019326,1.00000016019326,1.0000004032179393,1.0000008538357474,1.000000160193257,1.0000001601932642,-2.4121591422265854e-08,-2.4132448785084188e-08,-2.411619158684797e-08,1.0000001601932607,-2.4139874397319904e-08,1.000000160193264,1.0000001601932555,-2.4131324588791505e-08,1.000000160193264,1.0000003430268678,1.0000001601932598,1.0000005210620864,1.0000001601932598,1.0000003104309858,-2.4141306176879613e-08,1.0000001601932609,-2.413046523140576e-08,1.0000001601932587,-2.414003092129751e-08,1.0000001601932627,-2.4140243203068868e-08,1.000000889227509,-2.414003121105942e-08,-2.414001356530559e-08,-2.41270239548544e-08,1.0000001601932607,-2.414024293697602e-08,1.0000001601932609,-2.4117580673930084e-08,-2.4144967753083082e-08,1.0000001601932604,-2.4138365993188626e-08,1.0000007896435654,1.00000034302687,1.00000016019326,-2.4140242922478007e-08,-2.4141676728882348e-08,-2.4141871265554656e-08,1.000000493605402,-2.4142877417664624e-08,-2.414227887042046e-08,1.00000016019326,-2.4138163707113834e-08,-2.4125016324555968e-08,-2.4141161019377916e-08,-2.4121591342340606e-08,1.000000160193261,1.0000001601932609,1.0000006296750967,-2.4121591262063776e-08,1.0000003104309891,-2.4130613793622946e-08,1.0000001601932609,1.000000160193261,-2.4118911134378462e-08,1.0000001601932587,1.0000001601932618,-2.4140031896175717e-08
-2.413837785500426e-08,3.2065046364701976e-07,-4.1157790087047265e-14,3.1942146930944578e-22,-4.115779253867362e-14,-4.115782064381895e-14,-4.115779101021725e-14,-4.1157791918922294e-14,-4.1157792412450975e-14,-4.1157792863090884e-14,-4.11577925143209e-14,-4.654629986927011e-19,-4.785163901224279e-19,-4.115779242501981e-14,-4.785115210705774e-19,-4.115779101021776e-14,-4.784825571670372e-19,-4.115780858230394e-14,-4.1157792349439347e-14,-4.783101120926476e-19,-4.115779160406225e-14,-4.71864600474062e-19,-4.115779149448325e-14,-4.115779101021776e-14,-4.1157791920515774e-14,-4.115773461173159e-14,-4.1157793018079194e-14,-4.1157792422471686e-14,-1.8928136052045455e-22,-1.8023442036854317e-21,-4.1157791476986146e-14,-4.1157791920515774e-14,-4.1157791757744796e-14,-1.4421404349513584e-21,-4.115779248867896e-14,-4.718261561141216e-19,-4.1157791607038954e-14,-4.715475810635279e-19,5.867730738801804e-21,-4.785077630520898e-19,-8.218352354980673e-11,-4.115779175833138e-14,-4.1157792603010045e-14,-4.1157792422471686e-14,-4.1157791703271603e-14,-4.11578219371357e-14,-4.115779175838887e-14,-4.848672687695873e-19,-4.785077940246246e-19,-4.115779258261809e-14,-4.115779109457826e-14,1.0092265793969407e-23,-4.1157792422471686e-14,-4.718508248022646e-19,-4.785067589386973e-19,-4.115779101021776e-14,-4.1157791592171134e-14,-4.115780188137015e-14,-4.1157791703271603e-14,-4.1157791476986146e-14,-3.4339773741120564e-21,-4.1157790719070064e-14,-4.1157823948418694e-14,-4.1157800918111394e-14,-4.643699880415368e-19,-4.1157679811635105e-14,-4.911247286657339e-19,-4.115779161609129e-14,-4.654643826619573e-19,-4.718646001280052e-19,-4.115779105516458e-14,-4.115779149448325e-14,-4.1157791592171134e-14,-6.5928032861942996e-21,-4.11577917708605e-14,-4.115781741138602e-14,-4.11578485660444e-14,-4.115779052102642e-14,-5.912983716306994e-22,-8.218426597650752e-11,-4.1157792603010045e-14,-4.115779161609129e-14,-4.115779245313145e-14,-1.183849350155529e-20,-4.785141262759037e-19,-9.059658636096308e-22,-4.115779138810444e-14,-4.115779101021725e-14,-4.1157792940367585e-14,-4.115780150144976e-14,-4.1157820026368994e-14,-4.115779282676637e-14,-4.115779157568538e-14,-3.346259103134727e-21,1.493685472499575e-22,-1.183849350155529e-20,-4.1157792603010045e-14,-4.718843185457992e-19,-4.115779161609129e-14,-4.1157791592171134e-14,1.1363250346851467e-21,-4.1157790681527385e-14,-4.1157800683575045e-14,-4.1157790719070064e-14,-4.1157807583421055e-14,-4.115779161609129e-14,-4.115779598609007e-14,-4.785160534866503e-19,-4.11577907307404e-14,-1.0818886471106877e-21,-4.11577907307404e-14,-4.718642677373533e-19,-4.115779138810444e-14,4.470610301235406e-22,-4.115782048308176e-14,-4.7186430826374545e-19,-4.718597227624889e-19,-1.6661506893033057e-22,-4.1157792197129056e-14,-2.9081504673745244e-21,-4.1157792940367585e-14,5.169100758747913e-21,-4.910316472202834e-19,-4.115779109948927e-14,-4.654628246076402e-19,-4.115781776274509e-14,-4.1157798609692826e-14,-4.115779004920514e-14,9.310726569289071e-23,-4.785072150700537e-19,-4.784425672777281e-19,-4.115780375016116e-14,-4.849211059086966e-19,-4.715479458715913e-19,-4.1157791703271603e-14,-4.654954432277967e-19,1.4362003589900458e-20,-4.785348556725233e-19,-3.4224493435010705e-21,-4.115779245313145e-14,-4.1157791920515774e-14,-4.1157811919297284e-14,-5.089568075516227e-21,-4.115779508484068e-14,-3.6255344774786293e-22,-4.1157790110525e-14,-4.1157791345568735e-14,8.916612160968692e-22,-4.115779168834334e-14,-4.115779002408688e-14,-4.71864719801974e-19
1.0000001601932533,-4.1157790087047265e-14,1.0000000156735025,-4.209189409560896e-14,0.9999996950230454,1.0000003886651978,0.999999695023042,0.9999996950230411,0.999999695023043,0.9999996950230433,0.9999996950230448,-4.1151834714363366e-14,-4.262437543973435e-14,0.9999996950230415,-4.266423750737147e-14,0.9999996950230448,-4.2896724361369016e-14,1.0000001192685737,0.9999996950230461,-4.358554501860037e-14,0.9999996950230432,-4.198604623522251e-14,0.999999695023043,0.9999996950230452,0.9999996950230432,0.9999983922821783,0.9999996950230478,0.9999996950230424,-4.1575654060753685e-14,-3.719513729305895e-14,0.9999996950230433,0.9999996950230421,0.9999996950230434,-3.719502012381227e-14,0.9999996950230433,-4.204291288578226e-14,0.9999996950230442,-4.311134818181228e-14,-1.9918034161586114e-14,-4.281007739694598e-14,0.9999891102569102,0.999999695023044,0.999999695023043,0.9999996950230438,0.9999996950230449,1.0000004148234904,0.999999695023042,-4.35754168602936e-14,-4.2810111590835255e-14,0.9999996950230428,0.9999996950230449,-3.757141213983183e-14,0.9999996950230449,-4.191156964277828e-14,-4.280978604963335e-14,0.999999695023043,0.9999996950230452,0.9999999380476073,0.9999996950230404,0.9999996950230439,-4.196453543096882e-14,0.9999996950230433,1.0000004014935662,0.9999999386551442,-4.636720424876961e-14,0.9999970737484227,-4.38942236871231e-14,0.9999996950230452,-4.115219055318167e-14,-4.1986044548569316e-14,0.9999996950230433,0.9999996950230415,0.9999996950230448,-3.2751237726746336e-14,0.9999996950230406,1.0000002896291231,1.0000010453052999,0.9999996950230433,-3.719469222364032e-14,0.9999979112948956,0.999999695023043,0.9999996950230463,0.9999996950230454,-3.00468823415436e-14,-4.2785763369695314e-14,-4.1964497751366255e-14,0.999999695023042,0.9999996950230449,0.9999996950230449,0.9999999380476031,1.000000388665192,0.9999996950230419,0.9999996950230462,-3.2751154939923414e-14,-3.818859495118702e-14,-3.004684716101713e-14,0.9999996950230449,-4.19072727307402e-14,0.9999996950230468,0.9999996950230388,-3.762532969868431e-14,0.9999996950230492,0.9999998778565633,0.9999996950230448,1.0000000558916944,0.999999695023044,0.9999998452606997,-4.2624350876639426e-14,0.9999996950230449,-3.719496319870378e-14,0.9999996950230448,-4.1985797359279845e-14,0.9999996950230462,-4.209197654214335e-14,1.0000004240569365,-4.198588347582102e-14,-4.19768848103717e-14,-3.5471689518406474e-14,0.999999695023043,-4.2091730521584965e-14,0.9999996950230449,-3.074250674124501e-14,-4.445814073494146e-14,0.9999996950230433,-4.115179404205662e-14,1.0000003244730413,0.9999998778565652,0.9999996950230444,-4.209172549246183e-14,-4.280985098786893e-14,-4.290716512168664e-14,1.0000000284350246,-4.3411108477534744e-14,-4.311132294055965e-14,0.9999996950230449,-4.1050463196407715e-14,-3.44662347768584e-14,-4.2551539650025696e-14,-3.275108774998472e-14,0.9999996950230449,0.9999996950230449,1.0000001645046508,-3.2751064182115334e-14,0.9999998452606994,-3.7269360295597203e-14,0.9999996950230449,0.9999996950230452,-3.140877959362172e-14,0.9999996950230433,0.9999996950230454,-4.198605545880643e-14
-2.4140242819766253e-08,3.1942146930944578e-22,-4.209189409560896e-14,3.2065046364701976e-07,-4.2091894099990303e-14,-4.209192523213324e-14,-4.209189578240277e-14,-4.209189469628242e-14,-4.209189459879468e-14,-4.209189575293943e-14,-4.20918946819865e-14,-2.0448075864646487e-21,-2.789255286128799e-21,-4.2091895760596234e-14,-6.118361403654753e-21,-4.2091895383503587e-14,-1.996206671590885e-21,-4.209191451314639e-14,-4.2091895228314894e-14,-4.926370550169487e-21,-4.209189725471212e-14,-4.782729065645991e-19,-4.209189440787521e-14,-4.209189557015973e-14,-4.209189604152552e-14,-4.209183960732966e-14,-4.2091894110960083e-14,-4.209189529892061e-14,-4.918161614936359e-19,-4.672803527482569e-19,-4.20918945106201e-14,-4.209189663515015e-14,-4.2091895483463143e-14,-4.672799916149036e-19,-4.209189456998467e-14,-5.424334131630286e-21,-4.2091895250806814e-14,-4.779488798046659e-19,-4.74094374144885e-22,-4.850043358177855e-19,-8.404873596211056e-11,-4.2091893600700515e-14,-4.209189494681421e-14,-4.2091896713626717e-14,-4.209189582413011e-14,-4.2091925736530026e-14,-4.209189725471212e-14,-4.914488985923698e-19,-4.85004367144152e-19,-4.209189582413011e-14,-4.209189408751851e-14,-4.725218637963235e-19,-4.20918945106201e-14,-2.7994412634591134e-21,-4.850033197372062e-19,-4.2091895406651113e-14,-4.209189494442619e-14,-4.209190633457604e-14,-4.209189656301005e-14,-4.209189429772625e-14,-4.782797811348147e-19,-4.209189725471212e-14,-4.2091923036991235e-14,-4.209190512928995e-14,-4.706693786766105e-19,-8.404942280051815e-11,-2.847204798028955e-22,-4.209189553095378e-14,-7.95176583682605e-22,-4.78272906213703e-19,-4.209189656301005e-14,-4.2091895320047515e-14,-4.2091893600700515e-14,2.2692191215265993e-21,-4.2091896635150234e-14,-4.2091919931611145e-14,-4.209195374836209e-14,-4.209189582413011e-14,-4.672792947548429e-19,-8.404949503759762e-11,-4.209189494442619e-14,-4.209189494442619e-14,-4.20918945106201e-14,6.61778831024265e-22,-4.850108486102029e-19,-4.782797249312876e-19,-4.209189461082346e-14,-4.20918945106201e-14,-4.209189656301005e-14,-4.209190668998219e-14,-4.209192554442705e-14,-4.209189572106774e-14,-4.2091895941065205e-14,-4.722280589353813e-22,-4.670928966318565e-19,1.5044543172535746e-21,-4.209189494681421e-14,-4.782930321919906e-19,-4.209189363341371e-14,-4.2091894477889974e-14,-4.67213422409095e-19,-4.209189461082346e-14,-4.209190538069722e-14,-4.209189494442619e-14,-4.2091910573739846e-14,-4.20918957755164e-14,-4.209190360626044e-14,-9.8594729453043e-22,-4.209189628429083e-14,-4.672800568584521e-19,-4.2091895941065205e-14,-4.782725701385177e-19,-4.209189469628242e-14,-4.782261458124899e-19,-4.2091925325616804e-14,-4.782726109946985e-19,-4.782679226423605e-19,-3.041689410047202e-21,-4.209189536093866e-14,-4.782251313716859e-19,-4.209189591463875e-14,-3.8394639695734765e-22,-4.976958266388532e-19,-4.209189440524988e-14,-7.604138539660821e-21,-4.2091923884028e-14,-4.2091903955710495e-14,-4.2091895228314894e-14,-4.782252445820175e-19,-4.850037814073536e-19,-4.998368872238752e-22,-4.209191019375051e-14,-4.9150405411526695e-19,-4.779492492348441e-19,-4.209189494681421e-14,-4.640503786777795e-21,3.9418574367317915e-22,3.729528845677574e-21,2.88663539226482e-21,-4.20918945106201e-14,-4.20918957755164e-14,-4.209191585362222e-14,2.88663539226482e-21,-4.209190208335562e-14,-4.672672996457942e-19,-4.209189601111419e-14,-4.2091896426706513e-14,2.3388918599551668e-21,-4.2091895092844587e-14,-4.209189514841034e-14,-4.782730273547458e-19
1.0000001601932627,-4.115779253867362e-14,0.9999996950230454,-4.2091894099990303e-14,1.0000000156735176,1.000000388665206,0.9999996950230503,0.9999996950230495,0.9999996950230515,0.9999996950230517,0.9999996950230525,-4.115183571260253e-14,-4.262437479167968e-14,0.9999996950230491,-4.2664239834462245e-14,0.9999996950230529,-4.2896724961015423e-14,1.000000119268582,0.9999996950230541,-4.358554450686551e-14,0.9999996950230505,-4.198604787028471e-14,0.9999996950230519,0.9999996950230533,0.9999996950230519,0.9999983922821878,0.9999996950230563,0.9999996950230505,-4.1575657086701383e-14,-3.719513754897451e-14,0.9999996950230519,0.9999996950230509,0.9999996950230517,-3.7195018599004403e-14,0.9999996950230519,-4.204291360135694e-14,0.9999996950230534,-4.311134754373162e-14,-1.991803105492574e-14,-4.2810076311592006e-14,0.9999891102569188,0.9999996950230517,0.999999695023052,0.999999695023052,0.999999695023053,1.0000004148234987,0.9999996950230509,-4.3575414769501174e-14,-4.281010979270383e-14,0.999999695023051,0.9999996950230525,-3.75714115801936e-14,0.999999695023052,-4.191156947543512e-14,-4.2809787526517256e-14,0.9999996950230519,0.9999996950230544,0.999999938047615,0.9999996950230484,0.9999996950230515,-4.196453653243483e-14,0.9999996950230519,1.0000004014935737,0.999999938655153,-4.6367204824043484e-14,0.9999970737484298,-4.389422355434017e-14,0.9999996950230547,-4.1152189695331073e-14,-4.1986046041887376e-14,0.9999996950230519,0.9999996950230504,0.9999996950230533,-3.275123764592382e-14,0.9999996950230484,1.0000002896291318,1.0000010453053088,0.9999996950230519,-3.71946897924603e-14,0.9999979112949035,0.9999996950230509,0.9999996950230552,0.9999996950230527,-3.004688321180199e-14,-4.278576366560185e-14,-4.1964497448423965e-14,0.9999996950230506,0.9999996950230523,0.9999996950230537,0.9999999380476118,1.0000003886652005,0.9999996950230491,0.9999996950230552,-3.2751157485143606e-14,-3.8188596239974144e-14,-3.004684661050879e-14,0.9999996950230527,-4.1907274315066136e-14,0.9999996950230553,0.999999695023048,-3.762533020925908e-14,0.9999996950230574,0.9999998778565716,0.9999996950230525,1.0000000558917028,0.9999996950230523,0.9999998452607076,-4.262434918894425e-14,0.9999996950230525,-3.7194964666922465e-14,0.9999996950230525,-4.1985797076752776e-14,0.9999996950230542,-4.209197800931407e-14,1.0000004240569451,-4.1985883275921124e-14,-4.1976883534518254e-14,-3.547168885878601e-14,0.9999996950230519,-4.209173143189529e-14,0.9999996950230533,-3.07425082012811e-14,-4.445814066383811e-14,0.9999996950230525,-4.115179464164554e-14,1.000000324473049,0.9999998778565733,0.9999996950230525,-4.209172768009667e-14,-4.280985278593334e-14,-4.2907166385123506e-14,1.000000028435034,-4.341110909010253e-14,-4.311132225036237e-14,0.9999996950230523,-4.105046224675217e-14,-3.446623401518449e-14,-4.255154051818607e-14,-3.275108884949206e-14,0.9999996950230523,0.9999996950230527,1.0000001645046592,-3.275106401969598e-14,0.9999998452607078,-3.726935944925668e-14,0.9999996950230525,0.9999996950230534,-3.140877893810524e-14,0.9999996950230519,0.9999996950230527,-4.1986056167738204e-14
1.0000008538357514,-4.115782064381895e-14,1.0000003886651978,-4.209192523213324e-14,1.000000388665206,1.0000014029583029,1.000000388665202,1.000000388665201,1.0000003886652031,1.0000003886652042,1.0000003886652045,-4.115186193299824e-14,-4.262440374513938e-14,1.0000003886652016,-4.266426865455117e-14,1.0000003886652042,-4.289675483617421e-14,1.0000008129110278,1.0000003886652051,-4.358557535146272e-14,1.0000003886652034,-4.1986077097816404e-14,1.0000003886652025,1.0000003886652047,1.0000003886652034,0.9999990859234369,1.0000003886652082,1.0000003886652038,-4.157568788359787e-14,-3.719516402885066e-14,1.000000388665204,1.0000003886652022,1.0000003886652036,-3.719504413769559e-14,1.000000388665204,-4.204294410656688e-14,1.000000388665205,-4.311138066784457e-14,-1.9918045535362426e-14,-4.281010813309561e-14,0.9999898038917288,1.0000003886652034,1.0000003886652034,1.000000388665204,1.0000003886652047,1.0000011084661498,1.000000388665203,-4.357544639636549e-14,-4.281014161866093e-14,1.000000388665203,1.0000003886652047,-3.757143514051485e-14,1.0000003886652045,-4.191159956085551e-14,-4.280981849819858e-14,1.000000388665204,1.0000003886652058,1.000000631689937,1.0000003886652005,1.000000388665204,-4.1964562513663406e-14,1.000000388665204,1.000001095136215,1.0000006322974742,-4.6367237578868714e-14,0.9999977673887641,-4.3894253960780645e-14,1.0000003886652065,-4.115222048907468e-14,-4.198607614322785e-14,1.0000003886652025,1.000000388665202,1.000000388665205,-3.275125556582628e-14,1.000000388665201,1.000000983271695,1.0000017389483962,1.0000003886652034,-3.719471625909541e-14,0.999998604935818,1.0000003886652018,1.0000003886652065,1.0000003886652045,-3.004689505189475e-14,-4.278579600222233e-14,-4.19645258529725e-14,1.000000388665202,1.000000388665205,1.0000003886652062,1.0000006316899324,1.0000010823078318,1.0000003886652025,1.0000003886652065,-3.2751172801208815e-14,-3.818862130668869e-14,-3.00468712277956e-14,1.0000003886652045,-4.1907302971039485e-14,1.000000388665207,1.0000003886651994,-3.762535124537738e-14,1.0000003886652091,1.0000005714988505,1.0000003886652042,1.0000007495341035,1.0000003886652038,1.0000005389029625,-4.2624380873717574e-14,1.0000003886652045,-3.719498940391621e-14,1.0000003886652047,-4.198582727616352e-14,1.000000388665206,-4.209200653691829e-14,1.0000011176996024,-4.198591253840862e-14,-4.1976913213448244e-14,-3.547171616809526e-14,1.000000388665204,-4.209176075239615e-14,1.0000003886652045,-3.0742536211572786e-14,-4.445817240898619e-14,1.0000003886652047,-4.115182438803045e-14,1.0000010181156365,1.0000005714988518,1.0000003886652042,-4.20917568912791e-14,-4.280987999082026e-14,-8.567765343682687e-11,1.0000007220774156,-4.3411140166979574e-14,-4.311135443406829e-14,1.000000388665205,-4.105049222722411e-14,-3.446625856639259e-14,-4.255157285653356e-14,-3.275111013691224e-14,1.000000388665205,1.0000003886652047,1.000000858147136,-3.2751087079911155e-14,1.0000005389029634,-3.726938509592133e-14,1.000000388665205,1.000000388665205,-3.140879837206167e-14,1.0000003886652036,1.0000003886652045,-4.198608654005605e-14
1.0000001601932587,-4.115779101021725e-14,0.999999695023042,-4.209189578240277e-14,0.9999996950230503,1.000000388665202,1.0000000156735094,0.9999996950230461,0.9999996950230476,0.9999996950230473,0.9999996950230486,-4.1151836966048516e-14,-4.262437525157931e-14,0.9999996950230456,-4.2664241025311534e-14,0.9999996950230484,-4.28967252001152e-14,1.0000001192685772,0.9999996950230495,-4.358554522771598e-14,0.9999996950230476,-4.1986046696507815e-14,0.999999695023048,0.9999996950230495,0.9999996950230472,0.9999983922821843,0.9999996950230527,0.9999996950230473,-4.157565710665371e-14,-3.719513962705142e-14,0.9999996950230481,0.9999996950230472,0.9999996950230476,-3.71950199346865e-14,0.9999996950230481,-4.2042913659859595e-14,0.9999996950230484,-4.311134680266952e-14,-1.9918035071466922e-14,-4.2810077179764526e-14,0.9999891102569151,0.9999996950230476,0.9999996950230473,0.9999996950230486,0.9999996950230495,1.0000004148234949,0.9999996950230475,-4.35754167138235e-14,-4.2810112581886745e-14,0.9999996950230473,0.999999695023049,-3.7571408335443325e-14,0.9999996950230486,-4.191156931505309e-14,-4.2809786750005956e-14,0.9999996950230482,0.9999996950230503,0.9999999380476122,0.9999996950230452,0.9999996950230484,-4.196453653243483e-14,0.9999996950230476,1.00000040149357,0.9999999386551495,-4.636720434677091e-14,0.999997073748427,-4.389422393609708e-14,0.9999996950230501,-4.1152190809749567e-14,-4.1986046638479945e-14,0.9999996950230481,0.9999996950230472,0.9999996950230488,-3.2751236609788676e-14,0.9999996950230452,1.0000002896291278,1.000001045305305,0.9999996950230472,-3.7194692813188705e-14,0.9999979112949,0.9999996950230469,0.999999695023051,0.9999996950230488,-3.0046883587057116e-14,-4.2785764607308896e-14,-4.1964497742464054e-14,0.9999996950230472,0.9999996950230488,0.9999996950230495,0.9999999380476075,1.000000388665196,0.9999996950230453,0.999999695023051,-3.2751158449322006e-14,-3.81885957779695e-14,-3.004684832052828e-14,0.9999996950230491,-4.190727278629407e-14,0.999999695023052,0.9999996950230438,-3.762532962580969e-14,0.9999996950230542,0.9999998778565683,0.9999996950230488,1.0000000558916993,0.9999996950230484,0.9999998452607036,-4.262434927195989e-14,0.9999996950230495,-3.71949622219568e-14,0.9999996950230484,-4.19857967683806e-14,0.9999996950230505,-4.209197584997576e-14,1.0000004240569405,-4.198588399137332e-14,-4.1976885076071006e-14,-3.547168838594283e-14,0.9999996950230482,-4.209173022544904e-14,0.9999996950230495,-3.074250884806887e-14,-4.445813978322195e-14,0.9999996950230482,-4.1151795408931854e-14,1.0000003244730447,0.999999877856569,0.9999996950230481,-4.209172858288819e-14,-4.280984881269451e-14,-4.2907164537501627e-14,1.000000028435029,-4.341110995120304e-14,-4.311132243940823e-14,0.9999996950230488,-4.105046305984461e-14,-3.446623535460915e-14,-4.255154021525567e-14,-3.2751087138749424e-14,0.9999996950230488,0.9999996950230495,1.0000001645046548,-3.2751063824065303e-14,0.9999998452607032,-3.726935952260331e-14,0.9999996950230486,0.9999996950230491,-3.140877962720954e-14,0.9999996950230472,0.999999695023049,-4.198605827225068e-14
1.0000001601932567,-4.1157791918922294e-14,0.9999996950230411,-4.209189469628242e-14,0.9999996950230495,1.000000388665201,0.9999996950230461,1.000000015673509,0.9999996950230465,0.9999996950230472,0.9999996950230484,-4.1151835257125114e-14,-4.262437491779239e-14,0.9999996950230448,-4.266423973452115e-14,0.9999996950230478,-4.289672428243352e-14,1.0000001192685772,0.9999996950230494,-4.3585545353152417e-14,0.9999996950230463,-4.19860483240781e-14,0.9999996950230465,0.9999996950230494,0.9999996950230472,0.9999983922821836,0.9999996950230523,0.9999996950230472,-4.15756571782509e-14,-3.7195137471660977e-14,0.9999996950230473,0.9999996950230466,0.9999996950230476,-3.71950186088566e-14,0.9999996950230473,-4.2042913333341855e-14,0.9999996950230481,-4.3111348551075385e-14,-1.991803424021965e-14,-4.281007739694598e-14,0.999989110256915,0.9999996950230476,0.9999996950230472,0.9999996950230473,0.999999695023049,1.0000004148234942,0.9999996950230465,-4.357541411167187e-14,-4.281011020337308e-14,0.9999996950230466,0.9999996950230486,-3.757140963618623e-14,0.9999996950230484,-4.191156911720173e-14,-4.280978673006366e-14,0.999999695023048,0.9999996950230499,0.999999938047612,0.9999996950230444,0.9999996950230473,-4.196453733901308e-14,0.9999996950230466,1.0000004014935695,0.9999999386551485,-4.63672041951079e-14,0.9999970737484264,-4.3894223532642543e-14,0.9999996950230499,-4.1152189673711854e-14,-4.19860460506299e-14,0.9999996950230476,0.9999996950230458,0.9999996950230484,-3.2751235848904836e-14,0.9999996950230448,1.0000002896291273,1.0000010453053045,0.9999996950230472,-3.719468978843379e-14,0.9999979112948995,0.9999996950230462,0.9999996950230505,0.9999996950230484,-3.004688152818384e-14,-4.278576625246566e-14,-4.1964497276041303e-14,0.9999996950230468,0.9999996950230484,0.9999996950230494,0.9999999380476073,1.000000388665195,0.9999996950230451,0.9999996950230505,-3.2751157052291733e-14,-3.818859602976143e-14,-3.0046846682103875e-14,0.9999996950230486,-4.1907272963971814e-14,0.9999996950230519,0.999999695023043,-3.7625329532368614e-14,0.9999996950230533,0.9999998778565683,0.999999695023048,1.0000000558916986,0.9999996950230473,0.999999845260703,-4.262434912343046e-14,0.9999996950230486,-3.719496262509866e-14,0.9999996950230475,-4.1985797472514005e-14,0.9999996950230501,-4.2091977190386175e-14,1.0000004240569402,-4.198588264816779e-14,-4.197688295088652e-14,-3.547168962087469e-14,0.999999695023048,-4.209173022748982e-14,0.9999996950230491,-3.07425082012811e-14,-4.4458140815540914e-14,0.9999996950230472,-4.1151795386463366e-14,1.0000003244730444,0.9999998778565687,0.999999695023048,-4.2091726648375745e-14,-4.280985139969582e-14,-4.290716515267256e-14,1.0000000284350283,-4.341110968643544e-14,-4.3111321530425656e-14,0.9999996950230484,-4.105046247001288e-14,-3.4466234935417314e-14,-4.255153915077434e-14,-3.2751087717534474e-14,0.9999996950230484,0.9999996950230486,1.0000001645046546,-3.2751062726509646e-14,0.9999998452607031,-3.726936084388443e-14,0.9999996950230481,0.9999996950230495,-3.140877890843881e-14,0.9999996950230466,0.9999996950230484,-4.19860554930309e-14
1.000000160193259,-4.1157792412450975e-14,0.999999695023043,-4.209189459879468e-14,0.9999996950230515,1.0000003886652031,0.9999996950230476,0.9999996950230465,1.0000000156735112,0.9999996950230492,0.9999996950230495,-4.115183709268584e-14,-4.262437470695364e-14,0.9999996950230459,-4.266423970054672e-14,0.9999996950230495,-4.289672423554808e-14,1.0000001192685792,0.9999996950230513,-4.358554489970786e-14,0.999999695023048,-4.198604852235434e-14,0.9999996950230488,0.9999996950230509,0.9999996950230484,0.9999983922821848,0.9999996950230534,0.9999996950230481,-4.1575655063178347e-14,-3.7195135285612784e-14,0.9999996950230481,0.999999695023048,0.9999996950230486,-3.719502106229309e-14,0.9999996950230482,-4.204291288578226e-14,0.9999996950230501,-4.3111348201356666e-14,-1.9918034324713512e-14,-4.2810078582732694e-14,0.999989110256916,0.9999996950230492,0.9999996950230484,0.9999996950230488,0.9999996950230501,1.0000004148234958,0.9999996950230481,-4.3575415285425325e-14,-4.281011196009019e-14,0.999999695023048,0.9999996950230494,-3.757141194525105e-14,0.9999996950230495,-4.191156908446308e-14,-4.280978589169709e-14,0.9999996950230486,0.9999996950230511,0.9999999380476134,0.9999996950230456,0.9999996950230488,-4.196453597915076e-14,0.9999996950230484,1.0000004014935704,0.9999999386551504,-4.636720452327416e-14,0.999997073748428,-4.3894223265989445e-14,0.999999695023051,-4.1152190329885465e-14,-4.1986044677543814e-14,0.999999695023049,0.9999996950230476,0.9999996950230499,-3.27512386027538e-14,0.9999996950230458,1.0000002896291278,1.0000010453053059,0.9999996950230484,-3.7194691752059564e-14,0.9999979112949009,0.9999996950230476,0.9999996950230519,0.9999996950230501,-3.0046883325048124e-14,-4.278576492656672e-14,-4.196449763090564e-14,0.999999695023048,0.9999996950230504,0.9999996950230505,0.9999999380476084,1.0000003886651962,0.9999996950230466,0.9999996950230519,-3.275115625848867e-14,-3.818859412654093e-14,-3.004684800641245e-14,0.9999996950230496,-4.1907272782580064e-14,0.9999996950230527,0.9999996950230448,-3.762532889281453e-14,0.9999996950230547,0.9999998778565691,0.9999996950230499,1.0000000558917,0.9999996950230495,0.9999998452607044,-4.2624348721095714e-14,0.9999996950230494,-3.719496357264337e-14,0.9999996950230495,-4.198579580171327e-14,0.9999996950230509,-4.209197594613811e-14,1.0000004240569424,-4.1985883909109746e-14,-4.197688379625285e-14,-3.547168950059281e-14,0.9999996950230488,-4.2091731056862386e-14,0.9999996950230494,-3.0742505656266855e-14,-4.445814083457595e-14,0.9999996950230488,-4.115179526635422e-14,1.000000324473047,0.9999998778565699,0.9999996950230488,-4.2091727231455726e-14,-4.280984973065118e-14,-4.2907163339301795e-14,1.00000002843503,-4.341110898759452e-14,-4.311132160642451e-14,0.9999996950230504,-4.105046266746338e-14,-3.446623498072824e-14,-4.255154021525567e-14,-3.2751087138749424e-14,0.9999996950230503,0.9999996950230495,1.000000164504656,-3.2751063864642175e-14,0.9999998452607051,-3.726936037860398e-14,0.9999996950230495,0.99999969502305,-3.140877929279153e-14,0.9999996950230481,0.9999996950230501,-4.1986057109926116e-14
1.0000001601932595,-4.1157792863090884e-14,0.9999996950230433,-4.209189575293943e-14,0.9999996950230517,1.0000003886652042,0.9999996950230473,0.9999996950230472,0.9999996950230492,1.000000015673516,0.9999996950230509,-4.1151835063976794e-14,-4.262437464147762e-14,0.9999996950230473,-4.266424077559857e-14,0.9999996950230513,-4.2896725395829584e-14,1.000000119268579,0.9999996950230519,-4.3585544497284764e-14,0.9999996950230491,-4.198604818468472e-14,0.9999996950230495,0.9999996950230514,0.9999996950230491,0.9999983922821862,0.9999996950230541,0.9999996950230484,-4.15756585311299e-14,-3.719513880205126e-14,0.9999996950230494,0.9999996950230484,0.9999996950230499,-3.719502163345219e-14,0.9999996950230494,-4.204291357216251e-14,0.9999996950230509,-4.311134657598742e-14,-1.9918033128329206e-14,-4.281007749203255e-14,0.9999891102569164,0.9999996950230499,0.9999996950230492,0.9999996950230499,0.9999996950230513,1.0000004148234964,0.9999996950230486,-4.3575418372916714e-14,-4.281011101582878e-14,0.9999996950230486,0.9999996950230513,-3.757141180889499e-14,0.9999996950230509,-4.1911569935932443e-14,-4.280978571274285e-14,0.9999996950230503,0.9999996950230515,0.9999999380476134,0.9999996950230472,0.9999996950230503,-4.19645369465398e-14,0.9999996950230494,1.0000004014935717,0.9999999386551507,-4.6367204345348903e-14,0.9999970737484283,-4.389422382616157e-14,0.9999996950230519,-4.1152189450518075e-14,-4.198604514133415e-14,0.9999996950230491,0.9999996950230486,0.999999695023051,-3.275123835706026e-14,0.9999996950230465,1.000000289629129,1.0000010453053059,0.9999996950230491,-3.71946897924603e-14,0.9999979112949009,0.9999996950230486,0.999999695023053,0.9999996950230514,-3.004688245542755e-14,-4.278576456192842e-14,-4.196449773474967e-14,0.9999996950230484,0.9999996950230505,0.999999695023052,0.9999999380476104,1.000000388665198,0.999999695023048,0.999999695023053,-3.2751157266911244e-14,-3.8188596274823545e-14,-3.004684797640797e-14,0.9999996950230509,-4.190727139953724e-14,0.9999996950230527,0.9999996950230452,-3.76253297136114e-14,0.9999996950230555,0.9999998778565699,0.999999695023051,1.0000000558917013,0.999999695023051,0.9999998452607051,-4.2624350584983564e-14,0.9999996950230506,-3.719496287927971e-14,0.9999996950230504,-4.198579566403316e-14,0.9999996950230525,-4.209197704380109e-14,1.0000004240569427,-4.198588132913146e-14,-4.1976883420400114e-14,-3.547168873842522e-14,0.9999996950230503,-4.209173139463679e-14,0.9999996950230503,-3.074250711963489e-14,-4.445814087414322e-14,0.9999996950230494,-4.1151795408931854e-14,1.0000003244730475,0.9999998778565714,0.9999996950230501,-4.2091726804301146e-14,-4.280985035324423e-14,-4.290716454594556e-14,1.0000000284350303,-4.3411109090198965e-14,-4.311132176308089e-14,0.9999996950230505,-4.1050462234407504e-14,-3.4466233917381626e-14,-4.25515397023309e-14,-3.2751088692104104e-14,0.9999996950230513,0.9999996950230514,1.0000001645046575,-3.275106435635229e-14,0.9999998452607053,-3.72693616886389e-14,0.9999996950230514,0.9999996950230511,-3.1408779328316526e-14,0.9999996950230495,0.9999996950230514,-4.198605550843605e-14
1.000000160193261,-4.11577925143209e-14,0.9999996950230448,-4.20918946819865e-14,0.9999996950230525,1.0000003886652045,0.9999996950230486,0.9999996950230484,0.9999996950230495,0.9999996950230509,1.0000000156735145,-4.115183699543574e-14,-4.2624376527280246e-14,0.9999996950230481,-4.2664240914459834e-14,0.9999996950230513,-4.2896726364141225e-14,1.0000001192685806,0.999999695023053,-4.358554539236663e-14,0.9999996950230491,-4.198604727905434e-14,0.9999996950230496,0.9999996950230523,0.9999996950230503,0.9999983922821868,0.9999996950230547,0.9999996950230495,-4.1575656746698635e-14,-3.71951379204089e-14,0.9999996950230495,0.9999996950230494,0.9999996950230503,-3.719501998925858e-14,0.9999996950230495,-4.204291388580853e-14,0.9999996950230513,-4.311134786088873e-14,-1.991803247587086e-14,-4.28100778646491e-14,0.9999891102569165,0.9999996950230504,0.9999996950230491,0.9999996950230504,0.9999996950230509,1.000000414823497,0.9999996950230492,-4.357541777950612e-14,-4.281011158403934e-14,0.9999996950230495,0.9999996950230515,-3.757141193247729e-14,0.9999996950230509,-4.191157056150371e-14,-4.2809786285993144e-14,0.9999996950230501,0.999999695023052,0.9999999380476136,0.9999996950230465,0.9999996950230499,-4.1964538118151234e-14,0.9999996950230495,1.000000401493572,0.9999999386551517,-4.636720452372602e-14,0.9999970737484287,-4.3894223429810403e-14,0.9999996950230525,-4.1152189815854233e-14,-4.198604628648009e-14,0.9999996950230494,0.9999996950230494,0.999999695023051,-3.275123576072555e-14,0.9999996950230473,1.0000002896291307,1.0000010453053065,0.9999996950230504,-3.719469004845822e-14,0.9999979112949023,0.9999996950230488,0.9999996950230527,0.9999996950230523,-3.004688149593785e-14,-4.278576492656672e-14,-4.196449748428683e-14,0.9999996950230494,0.999999695023051,0.9999996950230515,0.9999999380476097,1.0000003886651987,0.9999996950230482,0.9999996950230527,-3.2751155466575234e-14,-3.8188594590111565e-14,-3.004684712941167e-14,0.999999695023051,-4.1907272432541415e-14,0.9999996950230541,0.9999996950230463,-3.762533068177475e-14,0.9999996950230555,0.9999998778565712,0.9999996950230511,1.0000000558917015,0.999999695023051,0.9999998452607053,-4.2624349075122926e-14,0.9999996950230519,-3.719496352565492e-14,0.9999996950230504,-4.198579794943823e-14,0.9999996950230534,-4.209197685826708e-14,1.0000004240569427,-4.198588416222008e-14,-4.1976883366266485e-14,-3.547168988790268e-14,0.99999969502305,-4.209173073412627e-14,0.9999996950230509,-3.0742506969451715e-14,-4.44581403380533e-14,0.9999996950230503,-4.11517949514285e-14,1.000000324473047,0.9999998778565722,0.9999996950230517,-4.209172757243605e-14,-4.280985077318442e-14,-4.290716520671093e-14,1.0000000284350317,-4.341110898759452e-14,-4.311132274959171e-14,0.999999695023051,-4.10504617439196e-14,-3.446623499899267e-14,-4.255154021525567e-14,-3.275108861682999e-14,0.9999996950230513,0.9999996950230514,1.0000001645046575,-3.2751064738909554e-14,0.9999998452607048,-3.726935938590717e-14,0.9999996950230515,0.999999695023051,-3.1408778650428427e-14,0.9999996950230495,0.9999996950230523,-4.198605759114266e-14
-2.4138365993191296e-08,-4.654629986927011e-19,-4.1151834714363366e-14,-2.0448075864646487e-21,-4.115183571260253e-14,-4.115186193299824e-14,-4.1151836966048516e-14,-4.1151835257125114e-14,-4.115183709268584e-14,-4.1151835063976794e-14,-4.115183699543574e-14,3.2065046364701976e-07,-4.7848368056547735e-19,-4.1151835096496335e-14,-4.784788119459558e-19,-4.115183585948967e-14,-4.784498501089664e-19,-4.11518559845465e-14,-4.1151835257125114e-14,-4.782774379750267e-19,-4.115183519140824e-14,-4.718322838388513e-19,-4.115183563687521e-14,-4.1151836474117695e-14,-4.115183505405699e-14,-4.115178316005525e-14,-4.1151834644311767e-14,-4.1151834997152444e-14,-4.227194812489752e-22,-2.3286385138587543e-21,-4.115183608108752e-14,-4.1151834792150176e-14,-4.115183531053493e-14,2.639318649599394e-22,-4.115183574492101e-14,-4.717938474285775e-19,-4.1151836991598484e-14,-4.715153227209385e-19,3.6883841986046756e-21,-4.784750516658762e-19,-8.217163144229487e-11,-4.115183752845632e-14,-4.1151834175642624e-14,-4.115183524090787e-14,-4.115183499950539e-14,-4.1151865731398875e-14,-4.1151834185543724e-14,-4.848341504077479e-19,-4.784750826383699e-19,-4.115183675310097e-14,-4.115183703418815e-14,-1.2051119404261321e-21,-4.115183620857882e-14,-4.718185128131184e-19,-4.784740475518303e-19,-4.115183495323511e-14,-4.1151835692943154e-14,-4.115184612434145e-14,-4.1151834679852525e-14,-4.115183495350023e-14,-2.8114233390088257e-22,-4.115183595371357e-14,-4.115186570474471e-14,-4.1151841378719994e-14,-4.643382233764786e-19,-4.115172785069944e-14,-4.910911822063443e-19,-4.115183582931456e-14,-4.654324569463724e-19,-4.71832283492829e-19,-4.1151834679852525e-14,-4.11518350369958e-14,-4.115183569742455e-14,-8.487050700016502e-22,-4.115183496633411e-14,-4.115186066739591e-14,-4.11518906159208e-14,-4.1151834185543724e-14,-6.875164901033457e-22,-8.217237376460142e-11,-4.115183525707184e-14,-4.1151837092667374e-14,-4.1151835379090255e-14,-9.343047534114088e-21,-4.784814135184747e-19,-8.107746957102993e-22,-4.1151835692943154e-14,-4.115183569742455e-14,-4.115183591309312e-14,-4.115184691676229e-14,-4.115186213060293e-14,-4.1151834989331834e-14,-4.115183499950539e-14,-6.446029819320722e-21,1.4966185921145045e-22,-1.3931830562743997e-20,-4.115183574474651e-14,-4.718519992676127e-19,-4.1151836178145496e-14,-4.115183509870243e-14,3.394596229349274e-21,-4.115183699993847e-14,-4.115184293784404e-14,-4.1151834185543724e-14,-4.1151851572913875e-14,-4.1151834175642624e-14,-4.1151841857732725e-14,-4.784833439291899e-19,-4.115183525707184e-14,-1.3070020788195663e-21,-4.1151835372052063e-14,-4.718319511023939e-19,-4.1151836347597224e-14,2.708872115551022e-22,-4.1151865138295987e-14,-4.718319916288358e-19,-4.718274075776474e-19,9.80976658708536e-23,-4.115183509118203e-14,-7.95178566513233e-22,-4.115183582931456e-14,5.169100758747913e-21,-4.909981121488264e-19,-4.115183509118203e-14,-4.654308988907803e-19,-4.115186104094096e-14,-4.1151843545761896e-14,-4.1151834997152444e-14,-2.4343382738333844e-22,-4.784745036835495e-19,-4.78409872197177e-19,-4.1151850001389274e-14,-4.848879734672888e-19,-4.715156875297538e-19,-4.115183620857882e-14,-4.6546351176213965e-19,-1.5051249801351615e-20,-4.78502142512627e-19,-2.2138712799519015e-21,-4.115183496633411e-14,-4.115183487154201e-14,-4.115185577949862e-14,-3.790552406760856e-21,-4.11518403270341e-14,-3.189656834542025e-22,-4.115183627644641e-14,-4.115183595371357e-14,-4.949543381559975e-21,-4.115183537335435e-14,-4.115183526508237e-14,-4.718324031667733e-19
