1.0000000029013534,-1.894384838798396e-06,-1.8852004809086116e-06,-1.9028658056078278e-06,0.4959183131516472,0.49591831727979546,-2.0163048731498565e-06,-2.1639845004284183e-06,-1.885200480908333e-06,0.49591831727979846,1.0000004206482216,-2.0160297178136615e-06,-2.016029717841431e-06,0.49591831727979757,0.5040823256131607,0.4959183172797975,0.49591831727979774,-2.0291573997318332e-06,-2.1227985686312e-06,-1.9028658056078408e-06,-2.0032676321083697e-06,0.49591831727979596,-1.9002793886497372e-06,-1.9002793886493677e-06,-1.9606605421904684e-06,1.000000375532735,0.49591831727979674,-2.003267629521684e-06,-2.0032676321202476e-06,0.5040823119372441,-2.0160297177791483e-06,-2.031121272940013e-06,0.4959183311803157,-1.902865805607835e-06,0.5040823119372441,0.5040823119372456,-2.0653959136679364e-06,-1.918715136244039e-06,-1.9187151365308303e-06,0.5040823256131592,0.5040823119372458,0.5040823119372456,0.504082311937247,0.495918317279798,-2.0354244285729887e-06,-2.065395914047851e-06,0.5040823119372456,-2.003267632114306e-06,-2.0160297177739547e-06,0.5040823119372444,-1.9028658054178178e-06,0.4959183172797969,0.5040823256131592
-1.894384838798396e-06,-7.109823408099812e-07,1.1269360954133313e-16,1.1780754152728686e-16,-1.2214922716431823e-10,-1.221492281877785e-10,1.4513558632764214e-16,3.6044004519777615e-13,1.1240100466776832e-16,-1.2214922813748003e-10,-4.864257250212499e-07,1.4566229626582358e-16,1.4564710191321968e-16,-1.2214922813748003e-10,-1.2238269133410727e-10,-1.2214922833687174e-10,-1.2214922802973547e-10,1.4901036929111126e-16,1.7007590382832045e-16,1.1780754152728686e-16,1.4176561848243614e-16,-1.2214922802973547e-10,2.3315346827874354e-13,2.331534682048314e-13,1.2994253642844444e-16,-2.4453152144600066e-10,-1.2214922813748003e-10,1.4183254073849247e-16,1.4176561848243614e-16,-1.223826882349969e-10,1.4566229626582358e-16,1.4967716548458936e-16,-1.221492313466283e-10,1.1806864485072793e-16,-1.223826882349969e-10,-1.223826882349969e-10,1.578223618674254e-16,2.431805653369464e-13,2.431805653840035e-13,-1.2238269133410727e-10,-1.223826882349969e-10,-1.2238268813800515e-10,-1.2238268813800515e-10,-1.2214922802973547e-10,1.50669466244888e-16,1.578223618674254e-16,-1.223826882349969e-10,1.4183254073849247e-16,1.4546633676968112e-16,-1.2238268813800515e-10,1.1780754152728686e-16,-1.2214922813748003e-10,-1.223826910809724e-10
-1.8852004809086116e-06,1.1269360954133313e-16,-7.10982351772943e-07,1.1547383011606045e-16,-1.1985047042700765e-10,-1.1985047139728415e-10,2.821659457906298e-13,1.7734879530106323e-16,2.194736050043832e-13,-1.1985047153347855e-10,-4.772414110095655e-07,1.4232721659154701e-16,1.4247661915687963e-16,-1.1985047139728415e-10,-1.200643839626682e-10,-1.1985047144603677e-10,-1.1985047139728415e-10,1.4571905947231265e-16,1.6600326306939664e-16,1.1517922708631034e-16,1.3848119946633798e-16,-1.1985047133523743e-10,1.1419621370788472e-16,1.1446269939182541e-16,1.2675914369764155e-16,-2.3991446665506483e-10,-1.1985047139728415e-10,1.3866519213536605e-16,1.384034247464761e-16,-1.2006438094568813e-10,1.4247661915687963e-16,1.464092171778366e-16,-1.1985047416900722e-10,1.1527867496485557e-16,-1.2006438083453677e-10,-1.2006438103601225e-10,1.544812405607427e-16,2.378303504422474e-13,2.3783035049078605e-13,-1.200643839626682e-10,-1.2006438083453677e-10,-1.2006438103601225e-10,-1.2006438083453677e-10,-1.1985047139728415e-10,2.935707833110236e-13,1.544812405607427e-16,-1.2006438083453677e-10,1.3848119946633798e-16,1.4247661915687963e-16,-1.200643809526495e-10,1.1527867496485557e-16,-1.1985047139728415e-10,-1.2006438390684144e-10
-1.9028658056078278e-06,1.1780754152728686e-16,1.1547383011606045e-16,-7.109823310107902e-07,-1.2413132046718784e-10,-1.2413132148404673e-10,2.943415713432053e-13,3.6747030751028517e-13,1.1547383011606045e-16,-1.2413132153016807e-10,-4.94906644558241e-07,1.4859391357049857e-16,1.4864028485330755e-16,-1.2413132145549806e-10,-1.2466405687004457e-10,-1.2413132148285138e-10,-1.2413132148285138e-10,1.5191273159401355e-16,1.731413684058861e-16,2.3922328415269944e-13,1.4492565975911968e-16,-1.2413132153016807e-10,1.1937563509477663e-16,1.1937563509477663e-16,1.3251660014951293e-16,-2.487949722076445e-10,-1.2413132148285138e-10,1.4492565975911968e-16,1.4492565975911968e-16,-1.2466405343014585e-10,1.4845368652027413e-16,1.5271546061742555e-16,-1.2413132456960348e-10,2.392232843813017e-13,-1.246640534267355e-10,-1.246640534343034e-10,1.6088388619688753e-16,1.246838653545238e-16,1.246838653545238e-16,-1.2466405643544054e-10,-1.246640534343034e-10,-1.2466405345832627e-10,-1.2466405345803616e-10,-1.2413132148285138e-10,1.5375632788213667e-16,1.6101034507507194e-16,-1.2466405337546557e-10,1.447100827944741e-16,1.4864028485330755e-16,-1.2466405345803616e-10,2.392232842724473e-13,-1.2413132145549806e-10,-1.2466405643544054e-10
0.4959183131516472,-1.2214922716431823e-10,-1.1985047042700765e-10,-1.2413132046718784e-10,0.49591716650782425,0.4959178822326614,-1.3564584256629256e-10,-1.5882452059304184e-10,-1.1985047077793297e-10,0.49591788223266076,0.49591685172315586,-1.5282170166278727e-10,-1.5282170150778967e-10,0.4959178822326606,-1.1345609544570827e-10,0.4959178822326606,0.4959178822326606,-1.5611250028676856e-10,-1.5077701332391617e-10,-1.2413132002945996e-10,-1.4920190652828504e-10,0.4959178822326605,-1.2370031007416388e-10,-1.2370030972225336e-10,-1.3891629673271543e-10,0.49591682705737883,0.4959178822326605,-1.4920190663809874e-10,-1.4920190632780693e-10,-1.153245104944969e-10,-1.5282170106506446e-10,-1.5666549969762353e-10,0.4959178945782131,-1.2413132007244696e-10,-1.1532451037171055e-10,-1.1532451041362845e-10,-3.4496331751125877e-07,-1.2843329841342626e-10,-1.2843329840629692e-10,-1.134560957895235e-10,-1.1532451057556719e-10,-1.1532451024299854e-10,-1.1532451069522319e-10,0.49591788223266076,-1.5780226122508328e-10,-3.449633174305566e-07,-1.1532451025017282e-10,-1.4920190649464376e-10,-1.5282170111600408e-10,-1.1532451101626818e-10,-1.2413132003624623e-10,0.4959178822326612,-1.1345609578689661e-10
0.49591831727979546,-1.221492281877785e-10,-1.1985047139728415e-10,-1.2413132148404673e-10,0.4959178822326614,0.4959171759931569,-1.3564584366100264e-10,-1.5882452174191726e-10,-1.1985047172861162e-10,0.49591788697532685,0.4959168558512862,-1.5282170281709907e-10,-1.5282170286644944e-10,0.4959178869753268,-1.1376502577794129e-10,0.49591788697532635,0.4959178869753271,-1.5611250168178357e-10,-1.5077701435507272e-10,-1.241313209748476e-10,-1.4920190755904408e-10,0.4959178869753263,-1.2370031098340472e-10,-1.2370031070345454e-10,-1.3891629777853166e-10,0.4959168311855095,0.4959178869753265,-1.4920190760500996e-10,-1.4920190764876526e-10,-1.1563344083852224e-10,-1.5282170242487784e-10,-1.5666550077248397e-10,0.4959178993208792,-1.2413132112641855e-10,-1.156334405223502e-10,-1.156334406770443e-10,-1.7341683361728625e-10,-1.2843329966832147e-10,-1.2843329950291885e-10,-1.1376502606310324e-10,-1.1563344071027487e-10,-1.1563344082239195e-10,-1.1563344130334282e-10,0.4959178869753265,-1.5780226249840921e-10,-1.7341683360703467e-10,-1.1563344053537245e-10,-1.4920190761721977e-10,-1.5282170262646985e-10,-1.1563344111665489e-10,-1.2413132101267235e-10,0.49591788697532724,-1.1376502586361901e-10
-2.0163048731498565e-06,1.4513558632764214e-16,2.821659457906298e-13,2.943415713432053e-13,-1.3564584256629256e-10,-1.3564584366100264e-10,-7.109822080966913e-07,4.599597036224266e-13,2.821659461370938e-13,-1.3564584360305088e-10,-6.083450383063564e-07,1.8260744789220647e-16,1.8253434440667778e-16,-1.3564584356257903e-10,-3.3851729690241215e-07,-1.3564584349734033e-10,-1.3564584356711058e-10,3.7183988273631294e-13,2.1704517208020814e-16,2.943415713828239e-13,1.7799110782182752e-16,-1.356458437136228e-10,1.4702554858022077e-16,1.4702554858022173e-16,3.247831374109945e-13,-3.058216908907941e-10,-1.3564584356257903e-10,1.7799110782182752e-16,1.7799110782182752e-16,-1.7017634284874627e-10,1.8266098598184652e-16,1.8752016104832252e-16,-2.6982871784526014e-07,2.9434157167407153e-13,-1.7017634284874627e-10,-1.7017634288442634e-10,1.9691307661415478e-16,1.5287638276477467e-16,1.5287638276477467e-16,-3.385172969024119e-07,-1.7017634288442634e-10,-1.701763428562084e-10,-1.7017634288442634e-10,-1.3564584356257903e-10,1.892228405057855e-16,1.9684844008125139e-16,-1.7017634288442634e-10,1.7799110782182752e-16,1.82645082530767e-16,-1.7017634283114717e-10,2.9434157154818165e-13,-1.3564584356711058e-10,-3.38517296902412e-07
-2.1639845004284183e-06,3.6044004519777615e-13,1.7734879530106323e-16,3.6747030751028517e-13,-1.5882452059304184e-10,-1.5882452174191726e-10,4.599597036224266e-13,-7.109819939796209e-07,1.7742956318741178e-16,-1.5882452187958369e-10,-7.560238010876396e-07,2.2783445528230397e-16,2.279101631015234e-16,-1.5882452178821887e-10,-4.4008893299567935e-07,-1.588245218152352e-10,-1.588245216985558e-10,2.3273509973208884e-16,5.431120919493513e-13,3.6747030760273355e-13,4.4213468611953233e-13,-1.5882452187102635e-10,1.8356165696218847e-16,1.8362912096560549e-16,2.0414051769651295e-16,-7.560237698562255e-07,-1.588245218152352e-10,4.4213468655922805e-13,4.421346863243297e-13,-2.212375140294419e-10,2.278337548001411e-16,2.33957948996363e-16,-1.588245262282997e-10,3.6747030798837405e-13,-2.2123751375991706e-10,-2.21237513957805e-10,2.448121270743051e-16,1.9110116187455831e-16,1.91140410754222e-16,-4.4008893299567935e-07,-2.2123751375991706e-10,-2.2123751384438538e-10,-2.21237513957805e-10,-1.5882452158476323e-10,2.3562545326830607e-16,2.446263008791382e-16,-2.212375140294419e-10,4.4213468604497944e-13,2.279266434471679e-16,-2.2123751375991706e-10,3.674703078590433e-13,-1.588245218152352e-10,-4.4008893299567983e-07
-1.885200480908333e-06,1.1240100466776832e-16,2.194736050043832e-13,1.1547383011606045e-16,-1.1985047077793297e-10,-1.1985047172861162e-10,2.821659461370938e-13,1.7742956318741178e-16,-7.10982351772943e-07,-1.1985047168870515e-10,-4.772414122692594e-07,1.4242303397814018e-16,1.4247661915687963e-16,-1.1985047181141778e-10,-1.2006438408555759e-10,-1.1985047179463594e-10,-1.1985047181141778e-10,1.4570092047808337e-16,1.6600326306939664e-16,1.1547383011606045e-16,1.3866519213536605e-16,-1.1985047173426455e-10,1.146169868808946e-16,1.1465535897064649e-16,1.2681926223755386e-16,-2.3991446724390736e-10,-1.1985047179463594e-10,1.3866519213536233e-16,1.3866519213536233e-16,-1.2006438117611137e-10,1.4247661915687963e-16,1.464092171778366e-16,-1.198504746440139e-10,1.1547383011606045e-16,-1.2006438121082025e-10,-1.200643809747169e-10,1.5462042002893947e-16,2.3783035071539507e-13,2.3783035076393407e-13,-1.2006438408555759e-10,-1.2006438121082025e-10,-1.200643809747169e-10,-1.200643809747169e-10,-1.1985047181141778e-10,2.9357078367422e-13,1.5448277550786832e-16,-1.2006438117611137e-10,1.3866519213536605e-16,1.4247661915687963e-16,-1.2006438102921321e-10,1.1564853772613534e-16,-1.1985047181141778e-10,-1.2006438412239354e-10
0.49591831727979846,-1.2214922813748003e-10,-1.1985047153347855e-10,-1.2413132153016807e-10,0.49591788223266076,0.49591788697532685,-1.3564584360305088e-10,-1.5882452187958369e-10,-1.1985047168870515e-10,0.4959171759931525,0.49591685585128786,-1.5282170277111155e-10,-1.5282170275236738e-10,0.49591788697532585,-1.1376502466951671e-10,0.49591788697532524,0.49591788697532585,-1.5611250174515284e-10,-1.5077701441232138e-10,-1.2413132115446277e-10,-1.492019077766968e-10,0.4959178869753255,-1.2370031089841266e-10,-1.237003107360243e-10,-1.3891629792027542e-10,0.49591683118551105,0.4959178869753257,-1.492019077411649e-10,-1.492019075456291e-10,-1.1563343957939566e-10,-1.5282170255437948e-10,-1.5666550083551495e-10,0.4959178993208778,-1.2413132119281065e-10,-1.156334393983887e-10,-1.1563343953702144e-10,-1.7341683361728625e-10,-1.284332996267384e-10,-1.2843329959748524e-10,-1.137650249634696e-10,-1.1563343953804248e-10,-1.1563343958271246e-10,-1.1563343996350398e-10,0.49591788697532524,-1.5780226243626683e-10,-1.7341683351904548e-10,-1.1563343955696166e-10,-1.4920190759896064e-10,-1.52821702601117e-10,-1.1563344030254017e-10,-1.2413132104610668e-10,0.4959178869753261,-1.1376502476350024e-10
1.0000004206482216,-4.864257250212499e-07,-4.772414110095655e-07,-4.94906644558241e-07,0.49591685172315586,0.4959168558512862,-6.083450383063564e-07,-7.560238010876396e-07,-4.772414122692594e-07,0.49591685585128786,0.9999953375080216,-6.080698965836423e-07,-6.080698965287883e-07,0.4959168558512883,0.5040808228299387,0.4959168558512879,0.49591685585128914,-6.21197510049876e-07,-7.148380849088025e-07,-4.949066449951947e-07,-5.953078686187023e-07,0.49591685585128725,-4.92320241734063e-07,-4.923202416627045e-07,-5.52700995444823e-07,0.9999960033748442,0.49591685585128814,-5.953078689293703e-07,-5.953078689623795e-07,0.5040808091541106,-6.080698965918665e-07,-6.231613708679519e-07,0.49591686975171445,-4.949066456467263e-07,0.5040808091541106,0.5040808091541109,-6.574358060044351e-07,-5.107558930791246e-07,-5.107558929671408e-07,0.5040808228299375,0.5040808091541108,0.5040808091541109,0.5040808091541096,0.495916855851287,-6.2746450468233e-07,-6.574358062042354e-07,0.5040808091541105,-5.953078682935659e-07,-6.080698971356086e-07,0.5040808091541102,-4.949066459590432e-07,0.49591685585128753,0.5040808228299379
-2.0160297178136615e-06,1.4566229626582358e-16,1.4232721659154701e-16,1.4859391357049857e-16,-1.5282170166278727e-10,-1.5282170281709907e-10,1.8260744789220647e-16,2.2783445528230397e-16,1.4242303397814018e-16,-1.5282170277111155e-10,-6.080698965836423e-07,-7.10982204705747e-07,3.6436989234336713e-13,-1.528217026433605e-10,-1.5286217231599366e-10,-1.5282170281709907e-10,-1.5282170281709907e-10,3.729220012881823e-13,2.137873947160049e-16,1.4859391357049857e-16,1.7855071410729784e-16,-1.5282170302373882e-10,1.4764783738481782e-16,1.474700402792446e-16,1.6416508475051646e-16,-6.080698711824975e-07,-1.5282170302373882e-10,1.7869258025919862e-16,1.7869258025919862e-16,-1.5286216838231648e-10,3.6436989220155826e-13,3.7423612333359943e-13,-1.5282170683682925e-10,1.4859391357049857e-16,-1.5286216849656525e-10,-1.5286216849656525e-10,3.949012360742674e-13,1.5381482519284281e-16,1.5365115694487356e-16,-1.5286217232164398e-10,-1.5286216835384107e-10,-1.5286216849656525e-10,-1.5286216845341457e-10,-1.5282170281709907e-10,3.7700623553218263e-13,3.9490123632289414e-13,-1.5286216835384107e-10,1.7855071410729784e-16,3.643698924116305e-13,-1.5286216849656525e-10,1.4855484981962405e-16,-1.5282170302373882e-10,-1.528621723437954e-10
-2.016029717841431e-06,1.4564710191321968e-16,1.4247661915687963e-16,1.4864028485330755e-16,-1.5282170150778967e-10,-1.5282170286644944e-10,1.8253434440667778e-16,2.279101631015234e-16,1.4247661915687963e-16,-1.5282170275236738e-10,-6.080698965287883e-07,3.6436989234336713e-13,-7.10982204705747e-07,-1.5282170296672488e-10,-1.5286217246036963e-10,-1.5282170286644944e-10,-1.5282170286644944e-10,3.7292200138608166e-13,2.1396417259167561e-16,1.4852892518402443e-16,1.7868354629542153e-16,-1.5282170296672488e-10,1.4758547291197898e-16,1.4758547291197898e-16,1.6416508475051646e-16,-6.080698711276429e-07,-1.5282170273387767e-10,1.7853088415285305e-16,1.7853088415285305e-16,-1.5286216842862226e-10,3.6436989229754353e-13,3.74236123431606e-13,-1.528217068688928e-10,1.4852892518402443e-16,-1.5286216829278597e-10,-1.5286216835446322e-10,3.9490123616724994e-13,1.5353424008442597e-16,1.5381482519284281e-16,-1.5286217247792468e-10,-1.5286216829278597e-10,-1.5286216842862226e-10,-1.5286216837587055e-10,-1.5282170286644944e-10,3.770062356307817e-13,3.949012364158769e-13,-1.5286216842862226e-10,1.7868354629542153e-16,3.643698925076155e-13,-1.5286216842862226e-10,1.4859391325976833e-16,-1.5282170273387767e-10,-1.5286217246036963e-10
0.49591831727979757,-1.2214922813748003e-10,-1.1985047139728415e-10,-1.2413132145549806e-10,0.4959178822326606,0.4959178869753268,-1.3564584356257903e-10,-1.5882452178821887e-10,-1.1985047181141778e-10,0.49591788697532585,0.4959168558512883,-1.528217026433605e-10,-1.5282170296672488e-10,0.4959171759931551,-1.1376502438485005e-10,0.4959178869753257,0.4959178869753257,-1.5611250167191285e-10,-1.5077701441232138e-10,-1.2413132115446277e-10,-1.4920190764500787e-10,0.4959178869753254,-1.2370031089841266e-10,-1.2370031070345454e-10,-1.3891629777853166e-10,0.49591683118551166,0.49591788697532574,-1.4920190760500996e-10,-1.492019075456291e-10,-1.1563343927687174e-10,-1.5282170255437948e-10,-1.5666550083514192e-10,0.49591789932087793,-1.241313211671955e-10,-1.1563343914934081e-10,-1.1563343932611088e-10,-1.7341683361728625e-10,-1.284332996161339e-10,-1.2843329971202124e-10,-1.1376502450378814e-10,-1.1563343924465564e-10,-1.156334392334492e-10,-1.1563343968269652e-10,0.4959178869753256,-1.5780226250481658e-10,-1.7341683351904548e-10,-1.1563343923086575e-10,-1.4920190759896064e-10,-1.52821702598499e-10,-1.1563344000370627e-10,-1.2413132125633184e-10,0.4959178869753263,-1.1376502429275993e-10
0.5040823256131607,-1.2238269133410727e-10,-1.200643839626682e-10,-1.2466405687004457e-10,-1.1345609544570827e-10,-1.1376502577794129e-10,-3.3851729690241215e-07,-4.4008893299567935e-07,-1.2006438408555759e-10,-1.1376502466951671e-10,0.5040808228299387,-1.5286217231599366e-10,-1.5286217246036963e-10,-1.1376502438485005e-10,0.504081163523619,-1.1376502433537215e-10,-1.1376502417967583e-10,-1.5617077973632587e-10,-4.149113616903034e-07,-1.2466405763458323e-10,-1.5006634377277011e-10,-1.137650247710803e-10,-1.2379485175353394e-10,-1.2379485210173872e-10,-1.3893297273597833e-10,0.5040808023804456,-1.1376502435427759e-10,-1.5006634400500996e-10,-1.5006634394757121e-10,0.5040818645466199,-1.5286217292085532e-10,-1.5660503664551724e-10,-1.1298336165642396e-10,-1.2466405771514657e-10,0.5040818645466197,0.5040818645466202,-1.5708386495628642e-10,-1.2832968349004037e-10,-1.283296834259674e-10,0.5040818745057908,0.5040818645466202,0.5040818645466201,0.5040818645466201,-1.1376502492537588e-10,-1.576315115784534e-10,-1.570838650021275e-10,0.5040818645466202,-1.5006634379567317e-10,-1.528621729115336e-10,0.5040818645466211,-1.2466405779340974e-10,-1.1376502485920485e-10,0.5040818745057908
0.4959183172797975,-1.2214922833687174e-10,-1.1985047144603677e-10,-1.2413132148285138e-10,0.4959178822326606,0.49591788697532635,-1.3564584349734033e-10,-1.588245218152352e-10,-1.1985047179463594e-10,0.49591788697532524,0.4959168558512879,-1.5282170281709907e-10,-1.5282170286644944e-10,0.4959178869753257,-1.1376502433537215e-10,0.4959171759931555,0.4959178869753259,-1.5611250188901844e-10,-1.5077701439810488e-10,-1.241313209748476e-10,-1.4920190779050703e-10,0.4959178869753255,-1.2370031089755968e-10,-1.237003107468604e-10,-1.3891629777382446e-10,0.49591683118551166,0.4959178869753254,-1.4920190787270438e-10,-1.4920190757294027e-10,-1.1563343935683359e-10,-1.528217025540128e-10,-1.5666550083551495e-10,0.49591789932087826,-1.2413132108348684e-10,-1.1563343913556536e-10,-1.1563343922773868e-10,-1.734168336631799e-10,-1.284332996161339e-10,-1.284332997120029e-10,-1.1376502467986482e-10,-1.1563343916879757e-10,-1.1563343927154156e-10,-1.1563343970452933e-10,0.4959178869753257,-1.5780226249840921e-10,-1.7341683351904548e-10,-1.1563343925729883e-10,-1.4920190768890782e-10,-1.5282170262646985e-10,-1.1563343998365843e-10,-1.241313211527598e-10,0.4959178869753261,-1.1376502452299326e-10
0.49591831727979774,-1.2214922802973547e-10,-1.1985047139728415e-10,-1.2413132148285138e-10,0.4959178822326606,0.4959178869753271,-1.3564584356711058e-10,-1.588245216985558e-10,-1.1985047181141778e-10,0.49591788697532585,0.49591685585128914,-1.5282170281709907e-10,-1.5282170286644944e-10,0.4959178869753257,-1.1376502417967583e-10,0.4959178869753259,0.4959171759931555,-1.5611250174515284e-10,-1.5077701444733697e-10,-1.2413132115446277e-10,-1.492019076145174e-10,0.49591788697532524,-1.2370031089841266e-10,-1.2370031070345454e-10,-1.3891629792027542e-10,0.495916831185512,0.4959178869753255,-1.4920190760500996e-10,-1.4920190757294027e-10,-1.1563343906120677e-10,-1.5282170259220138e-10,-1.566655010043695e-10,0.49591789932087765,-1.241313211671955e-10,-1.1563343887244974e-10,-1.1563343885009867e-10,-1.734168336631799e-10,-1.2843329966952098e-10,-1.2843329956828716e-10,-1.1376502422482302e-10,-1.156334388436381e-10,-1.1563343888166277e-10,-1.1563343941523112e-10,0.49591788697532585,-1.578022624802286e-10,-1.7341683360703467e-10,-1.1563343896855418e-10,-1.4920190759896064e-10,-1.528217027311375e-10,-1.1563343957730368e-10,-1.241313211527598e-10,0.49591788697532635,-1.1376502404222444e-10
-2.0291573997318332e-06,1.4901036929111126e-16,1.4571905947231265e-16,1.5191273159401355e-16,-1.5611250028676856e-10,-1.5611250168178357e-10,3.7183988273631294e-13,2.3273509973208884e-16,1.4570092047808337e-16,-1.5611250174515284e-10,-6.21197510049876e-07,3.729220012881823e-13,3.7292200138608166e-13,-1.5611250167191285e-10,-1.5617077973632587e-10,-1.5611250188901844e-10,-1.5611250174515284e-10,-7.109821886434036e-07,2.191205991603447e-16,1.5209170929953025e-16,1.8290551134701928e-16,-1.5611250168178357e-10,1.5120351972827886e-16,1.5118133824030132e-16,3.34569445230362e-13,-6.21197483903995e-07,-1.5611250171465149e-10,1.828328864150607e-16,1.8288974238811593e-16,-1.561707758696067e-10,3.729220012398633e-13,3.82942831596829e-13,-1.5611250606275215e-10,1.5204445056212573e-16,-1.561707758067869e-10,-1.561707758696067e-10,4.0409578866393633e-13,1.5741940476692709e-16,1.5744229254037696e-16,-1.561707798582164e-10,-1.5617077591908333e-10,-1.5617077572129485e-10,-1.5617077586536565e-10,-1.5611250166770738e-10,3.857601981217479e-13,4.0409578891839357e-13,-1.561707757102353e-10,1.8290436017335012e-16,3.729220014599618e-13,-1.561707758067869e-10,1.5204445056212573e-16,-1.5611250188901844e-10,-1.561707798582164e-10
-2.1227985686312e-06,1.7007590382832045e-16,1.6600326306939664e-16,1.731413684058861e-16,-1.5077701332391617e-10,-1.5077701435507272e-10,2.1704517208020814e-16,5.431120919493513e-13,1.6600326306939664e-16,-1.5077701441232138e-10,-7.148380849088025e-07,2.137873947160049e-16,2.1396417259167561e-16,-1.5077701441232138e-10,-4.149113616903034e-07,-1.5077701439810488e-10,-1.5077701444733697e-10,2.191205991603447e-16,-7.109820652892681e-07,1.7307944598823208e-16,4.147689162928192e-13,-1.5077701444733697e-10,1.7224766334542405e-16,1.72169321415487e-16,1.909676177037505e-16,-7.148380561647704e-07,-1.5077701435507272e-10,4.147689166762267e-13,4.147689164439911e-13,-2.0858047385387508e-10,2.139915994206791e-16,2.197249340015947e-16,-1.5077701867562046e-10,1.7314136840845462e-16,-2.0858047407920396e-10,-2.085804735652423e-10,2.30192940903583e-16,1.794573278995486e-16,1.795510591736643e-16,-4.149113616903033e-07,-2.085804735652423e-10,-2.085804735652423e-10,-2.0858047348680727e-10,-1.507770144204215e-10,2.2132066627418107e-16,2.30143330067767e-16,-2.0858047407920396e-10,4.147689162266256e-13,2.137873947160049e-16,-2.085804735652423e-10,1.7314136840845462e-16,-1.5077701441232138e-10,-4.149113616903034e-07
-1.9028658056078408e-06,1.1780754152728686e-16,1.1517922708631034e-16,2.3922328415269944e-13,-1.2413132002945996e-10,-1.241313209748476e-10,2.943415713828239e-13,3.6747030760273355e-13,1.1547383011606045e-16,-1.2413132115446277e-10,-4.949066449951947e-07,1.4859391357049857e-16,1.4852892518402443e-16,-1.2413132115446277e-10,-1.2466405763458323e-10,-1.241313209748476e-10,-1.2413132115446277e-10,1.5209170929953025e-16,1.7307944598823208e-16,-7.109823310107902e-07,1.4492565975911968e-16,-1.2413132075133125e-10,1.1937563509477663e-16,1.1953337752083515e-16,1.3251660014951293e-16,-2.4879497238377735e-10,-1.2413132115446277e-10,1.447100827944741e-16,1.447100827944741e-16,-1.2466405415362715e-10,1.4855484981962405e-16,1.5255989877663424e-16,-1.2413132426268064e-10,2.392232844052187e-13,-1.2466405415362715e-10,-1.246640540052297e-10,1.610097248153881e-16,1.2452157662762935e-16,1.2452157662762935e-16,-1.2466405721533333e-10,-1.2466405412181213e-10,-1.2466405403862658e-10,-1.246640541509434e-10,-1.2413132115446277e-10,1.5375632788213667e-16,1.6088388619688753e-16,-1.246640540052297e-10,1.446577778474511e-16,1.4852892518402443e-16,-1.2466405407750658e-10,2.3922328429636427e-13,-1.2413132115446277e-10,-1.2466405763458323e-10
-2.0032676321083697e-06,1.4176561848243614e-16,1.3848119946633798e-16,1.4492565975911968e-16,-1.4920190652828504e-10,-1.4920190755904408e-10,1.7799110782182752e-16,4.4213468611953233e-13,1.3866519213536605e-16,-1.492019077766968e-10,-5.953078686187023e-07,1.7855071410729784e-16,1.7868354629542153e-16,-1.4920190764500787e-10,-1.5006634377277011e-10,-1.4920190779050703e-10,-1.492019076145174e-10,1.8290551134701928e-16,4.147689162928192e-13,1.4492565975911968e-16,-7.109822280175441e-07,-1.4920190758947326e-10,1.4386024583167235e-16,1.4402756794936674e-16,1.596349588737212e-16,-5.953078441609962e-07,-1.4920190748371489e-10,3.4623973307449774e-13,3.462397329192155e-13,-1.5006633986099272e-10,1.7856721911846378e-16,1.8355036422089144e-16,-1.492019116115469e-10,1.4492565975911968e-16,-1.5006633993259332e-10,-1.5006633993259332e-10,1.9350912229256392e-16,1.4990513105120986e-16,1.4990513105120986e-16,-1.5006634390009978e-10,-1.5006633993259332e-10,-1.5006633982474345e-10,-1.5006633993259332e-10,-1.492019077766968e-10,1.847993969327693e-16,1.935175932745811e-16,-1.5006633986099278e-10,3.4623973269749023e-13,1.7855071410729784e-16,-1.5006633993259332e-10,1.4492565975911968e-16,-1.4920190777439965e-10,-1.5006634412781348e-10
0.49591831727979596,-1.2214922802973547e-10,-1.1985047133523743e-10,-1.2413132153016807e-10,0.4959178822326605,0.4959178869753263,-1.356458437136228e-10,-1.5882452187102635e-10,-1.1985047173426455e-10,0.4959178869753255,0.49591685585128725,-1.5282170302373882e-10,-1.5282170296672488e-10,0.4959178869753254,-1.137650247710803e-10,0.4959178869753255,0.49591788697532524,-1.5611250168178357e-10,-1.5077701444733697e-10,-1.2413132075133125e-10,-1.4920190758947326e-10,0.49591717599315654,-1.237003110354876e-10,-1.2370031055050494e-10,-1.3891629792067311e-10,0.49591683118551033,0.4959178869753255,-1.492019077411649e-10,-1.4920190752171104e-10,-1.1563343960241364e-10,-1.5282170255437948e-10,-1.5666550083571042e-10,0.4959178993208773,-1.2413132108348684e-10,-1.156334395866402e-10,-1.1563343967752737e-10,-1.7341683361728625e-10,-1.284332996258303e-10,-1.2843329950291885e-10,-1.1376502508088631e-10,-1.156334396899396e-10,-1.1563343980416467e-10,-1.1563344017155802e-10,0.4959178869753255,-1.5780226247713464e-10,-1.7341683360703467e-10,-1.1563343987208968e-10,-1.4920190748370894e-10,-1.52821702598499e-10,-1.1563344047177236e-10,-1.2413132125633184e-10,0.4959178869753257,-1.1376502501107463e-10
-1.9002793886497372e-06,2.3315346827874354e-13,1.1419621370788472e-16,1.1937563509477663e-16,-1.2370031007416388e-10,-1.2370031098340472e-10,1.4702554858022077e-16,1.8356165696218847e-16,1.146169868808946e-16,-1.2370031089841266e-10,-4.92320241734063e-07,1.4764783738481782e-16,1.4758547291197898e-16,-1.2370031089841266e-10,-1.2379485175353394e-10,-1.2370031089755968e-10,-1.2370031089841266e-10,1.5120351972827886e-16,1.7224766334542405e-16,1.1937563509477663e-16,1.4386024583167235e-16,-1.237003110354876e-10,-7.109823360645921e-07,2.3636481238684535e-13,1.3162628906297066e-16,-2.474947593611137e-10,-1.2370031097168225e-10,1.4386024583167235e-16,1.4357433060745652e-16,-1.2379484854923513e-10,1.474700402792446e-16,1.5163099275734142e-16,-1.2370031425767388e-10,1.1952676702368784e-16,-1.2379484854923513e-10,-1.237948485946417e-10,1.5998594382587154e-16,2.464629543326655e-13,2.4646295437956185e-13,-1.2379485176008474e-10,-1.2379484854923513e-10,-1.2379484854923513e-10,-1.2379484854923513e-10,-1.2370031089841266e-10,1.528112350638788e-16,1.5997351894165417e-16,-1.237948485946417e-10,1.439072860950042e-16,1.4758547291197898e-16,-1.2379484854923513e-10,1.1953337752083515e-16,-1.2370031089841266e-10,-1.2379485179476088e-10
-1.9002793886493677e-06,2.331534682048314e-13,1.1446269939182541e-16,1.1937563509477663e-16,-1.2370030972225336e-10,-1.2370031070345454e-10,1.4702554858022173e-16,1.8362912096560549e-16,1.1465535897064649e-16,-1.237003107360243e-10,-4.923202416627045e-07,1.474700402792446e-16,1.4758547291197898e-16,-1.2370031070345454e-10,-1.2379485210173872e-10,-1.237003107468604e-10,-1.2370031070345454e-10,1.5118133824030132e-16,1.72169321415487e-16,1.1953337752083515e-16,1.4402756794936674e-16,-1.2370031055050494e-10,2.3636481238684535e-13,-7.109823360645921e-07,1.3162628906297066e-16,-2.4749475934177377e-10,-1.2370031056992711e-10,1.439072860950042e-16,1.4357433060745652e-16,-1.237948487519703e-10,1.475997052354176e-16,1.5175536188986108e-16,-1.2370031385810279e-10,1.1937563509477663e-16,-1.2379484896497942e-10,-1.23794848845141e-10,1.5995074069382472e-16,2.464629542530356e-13,2.464629542999318e-13,-1.2379485206938076e-10,-1.2379484896497942e-10,-1.237948487519703e-10,-1.237948488435666e-10,-1.2370031055050494e-10,1.5274641804483097e-16,1.600775080890082e-16,-1.23794848845141e-10,1.4399402872948909e-16,1.4764783738481782e-16,-1.237948487519703e-10,1.1953337752083515e-16,-1.2370031056992711e-10,-1.237948520763911e-10
-1.9606605421904684e-06,1.2994253642844444e-16,1.2675914369764155e-16,1.3251660014951293e-16,-1.3891629673271543e-10,-1.3891629777853166e-10,3.247831374109945e-13,2.0414051769651295e-16,1.2681926223755386e-16,-1.3891629792027542e-10,-5.52700995444823e-07,1.6416508475051646e-16,1.6416508475051646e-16,-1.3891629777853166e-10,-1.3893297273597833e-10,-1.3891629777382446e-10,-1.3891629792027542e-10,3.34569445230362e-13,1.909676177037505e-16,1.3251660014951293e-16,1.596349588737212e-16,-1.3891629792067311e-10,1.3162628906297066e-16,1.3162628906297066e-16,-7.109822841127337e-07,-5.527009737187736e-07,-1.3891629790716923e-10,1.593945363928533e-16,1.593945363928533e-16,-1.3893296916034974e-10,1.640675402345722e-16,3.3583589052561177e-13,-1.3891630129227936e-10,1.3251660014951293e-16,-1.3893296924848816e-10,-1.3893296924569105e-10,3.5433122316660993e-13,1.3769777473695079e-16,1.3769777473695079e-16,-1.389329726733142e-10,-1.3893296938162568e-10,-1.3893296926149553e-10,-1.3893296924569105e-10,-1.3891629777853166e-10,3.384412058718452e-13,3.5433122339231623e-13,-1.3893296929072595e-10,1.5981252545811316e-16,1.6416508475051646e-16,-1.3893296929072595e-10,1.3251660014951293e-16,-1.3891629793196015e-10,-1.3893297284295036e-10
1.000000375532735,-2.4453152144600066e-10,-2.3991446665506483e-10,-2.487949722076445e-10,0.49591682705737883,0.4959168311855095,-3.058216908907941e-10,-7.560237698562255e-07,-2.3991446724390736e-10,0.49591683118551105,0.9999960033748442,-6.080698711824975e-07,-6.080698711276429e-07,0.49591683118551166,0.5040808023804456,0.49591683118551166,0.495916831185512,-6.21197483903995e-07,-7.148380561647704e-07,-2.4879497238377735e-10,-5.953078441609962e-07,0.49591683118551033,-2.474947593611137e-10,-2.4749475934177377e-10,-5.527009737187736e-07,0.9999952472776117,0.4959168311855111,-5.953078444716637e-07,-5.953078445046732e-07,0.5040807887046183,-6.080698711907211e-07,-6.231613445998329e-07,0.49591684508593714,-2.4879497275893343e-10,0.5040807887046184,0.5040807887046187,-6.57435778178139e-07,-2.567625623383724e-10,-2.567625622397734e-10,0.5040808023804448,0.5040807887046187,0.504080788704618,0.504080788704617,0.49591683118551055,-6.274644781789922e-07,-6.574357783779391e-07,0.504080788704618,-5.953078438358597e-07,-6.080698717344623e-07,0.5040807887046178,-2.4879497287952644e-10,0.49591683118551094,0.5040808023804451
0.49591831727979674,-1.2214922813748003e-10,-1.1985047139728415e-10,-1.2413132148285138e-10,0.4959178822326605,0.4959178869753265,-1.3564584356257903e-10,-1.588245218152352e-10,-1.1985047179463594e-10,0.4959178869753257,0.49591685585128814,-1.5282170302373882e-10,-1.5282170273387767e-10,0.49591788697532574,-1.1376502435427759e-10,0.4959178869753254,0.4959178869753255,-1.5611250171465149e-10,-1.5077701435507272e-10,-1.2413132115446277e-10,-1.4920190748371489e-10,0.4959178869753255,-1.2370031097168225e-10,-1.2370031056992711e-10,-1.3891629790716923e-10,0.4959168311855111,0.4959171759931569,-1.492019077411649e-10,-1.4920190757294027e-10,-1.1563343924182581e-10,-1.5282170259220138e-10,-1.5666550077248397e-10,0.4959178993208776,-1.2413132119281065e-10,-1.1563343911830853e-10,-1.1563343921069812e-10,-1.7341683367876376e-10,-1.2843329966952098e-10,-1.2843329950291885e-10,-1.1376502458785773e-10,-1.1563343928825105e-10,-1.1563343940169422e-10,-1.1563343978378873e-10,0.4959178869753254,-1.5780226243626683e-10,-1.7341683351904548e-10,-1.1563343923759849e-10,-1.4920190759896064e-10,-1.52821702601117e-10,-1.1563344007818529e-10,-1.2413132104610668e-10,0.4959178869753261,-1.1376502467370823e-10
-2.003267629521684e-06,1.4183254073849247e-16,1.3866519213536605e-16,1.4492565975911968e-16,-1.4920190663809874e-10,-1.4920190760500996e-10,1.7799110782182752e-16,4.4213468655922805e-13,1.3866519213536233e-16,-1.492019077411649e-10,-5.953078689293703e-07,1.7869258025919862e-16,1.7853088415285305e-16,-1.4920190760500996e-10,-1.5006634400500996e-10,-1.4920190787270438e-10,-1.4920190760500996e-10,1.828328864150607e-16,4.147689166762267e-13,1.447100827944741e-16,3.4623973307449774e-13,-1.492019077411649e-10,1.4386024583167235e-16,1.439072860950042e-16,1.593945363928533e-16,-5.953078444716637e-07,-1.492019077411649e-10,-7.109822280175441e-07,3.4623973320046573e-13,-1.5006633996687014e-10,1.7847049341408474e-16,1.836810648647161e-16,-1.4920191160511871e-10,1.4492565975911968e-16,-1.500663399582217e-10,-1.5006634003638386e-10,1.9351759327458112e-16,1.49974707049061e-16,1.4988291721900516e-16,-1.5006634366187743e-10,-1.500663399582217e-10,-1.5006633996687014e-10,-1.5006633995432468e-10,-1.49201907815013e-10,1.8476785393979447e-16,1.9350912229256392e-16,-1.5006633997715982e-10,3.4623973297874063e-13,1.7856721911846378e-16,-1.500663399466875e-10,1.4492565975911968e-16,-1.4920190787270438e-10,-1.5006634366187743e-10
-2.0032676321202476e-06,1.4176561848243614e-16,1.384034247464761e-16,1.4492565975911968e-16,-1.4920190632780693e-10,-1.4920190764876526e-10,1.7799110782182752e-16,4.421346863243297e-13,1.3866519213536233e-16,-1.492019075456291e-10,-5.953078689623795e-07,1.7869258025919862e-16,1.7853088415285305e-16,-1.492019075456291e-10,-1.5006634394757121e-10,-1.4920190757294027e-10,-1.4920190757294027e-10,1.8288974238811593e-16,4.147689164439911e-13,1.447100827944741e-16,3.462397329192155e-13,-1.4920190752171104e-10,1.4357433060745652e-16,1.4357433060745652e-16,1.593945363928533e-16,-5.953078445046732e-07,-1.4920190757294027e-10,3.4623973320046573e-13,-7.109822280175441e-07,-1.5006634019247437e-10,1.784611143820397e-16,1.8359369246813684e-16,-1.492019114728849e-10,1.4492565738439057e-16,-1.500663401589422e-10,-1.500663400981131e-10,1.9352344512239587e-16,1.49974707049061e-16,1.4990513105120986e-16,-1.5006634394757121e-10,-1.500663401696694e-10,-1.500663401589422e-10,-1.5006634019247437e-10,-1.4920190757294027e-10,1.8469021684075132e-16,1.9350912229256392e-16,-1.5006634012799042e-10,3.462397328234582e-13,1.7869258025919862e-16,-1.500663400981131e-10,1.4492565975911968e-16,-1.4920190777472806e-10,-1.500663438292304e-10
0.5040823119372441,-1.223826882349969e-10,-1.2006438094568813e-10,-1.2466405343014585e-10,-1.153245104944969e-10,-1.1563344083852224e-10,-1.7017634284874627e-10,-2.212375140294419e-10,-1.2006438117611137e-10,-1.1563343957939566e-10,0.5040808091541106,-1.5286216838231648e-10,-1.5286216842862226e-10,-1.1563343927687174e-10,0.5040818645466199,-1.1563343935683359e-10,-1.1563343906120677e-10,-1.561707758696067e-10,-2.0858047385387508e-10,-1.2466405415362715e-10,-1.5006633986099272e-10,-1.1563343960241364e-10,-1.2379484854923513e-10,-1.237948487519703e-10,-1.3893296916034974e-10,0.5040807887046183,-1.1563343924182581e-10,-1.5006633996687014e-10,-1.5006634019247437e-10,0.5040811436052819,-1.5286216876775109e-10,-1.5660503269782863e-10,-1.1485177662575956e-10,-1.2466405430351445e-10,0.5040818545874491,0.5040818545874494,-1.5708386065270906e-10,-1.28329680118146e-10,-1.2832967995302907e-10,0.5040818645466197,0.5040818545874498,0.5040818545874496,0.5040818545874497,-1.1563343964220323e-10,-1.5763150738657898e-10,-1.5708386079672276e-10,0.5040818545874497,-1.500663398600337e-10,-1.528621688718197e-10,0.5040818545874506,-1.2466405437356814e-10,-1.1563343982554416e-10,0.5040818645466201
-2.0160297177791483e-06,1.4566229626582358e-16,1.4247661915687963e-16,1.4845368652027413e-16,-1.5282170106506446e-10,-1.5282170242487784e-10,1.8266098598184652e-16,2.278337548001411e-16,1.4247661915687963e-16,-1.5282170255437948e-10,-6.080698965918665e-07,3.6436989220155826e-13,3.6436989229754353e-13,-1.5282170255437948e-10,-1.5286217292085532e-10,-1.528217025540128e-10,-1.5282170259220138e-10,3.729220012398633e-13,2.139915994206791e-16,1.4855484981962405e-16,1.7856721911846378e-16,-1.5282170255437948e-10,1.474700402792446e-16,1.475997052354176e-16,1.640675402345722e-16,-6.080698711907211e-07,-1.5282170259220138e-10,1.7847049341408474e-16,1.784611143820397e-16,-1.5286216876775109e-10,-7.10982204705747e-07,3.7423612328493164e-13,-1.5282170631700545e-10,1.4859391357049857e-16,-1.5286216890387836e-10,-1.5286216890409506e-10,3.9490123601889e-13,1.5365115694487168e-16,1.53758318838946e-16,-1.5286217292085532e-10,-1.5286216890409506e-10,-1.528621687754459e-10,-1.5286216867786235e-10,-1.5282170242487784e-10,3.7700623548255134e-13,3.9490123626751686e-13,-1.5286216887106537e-10,1.7868354629542153e-16,3.6436989236580663e-13,-1.5286216887106537e-10,1.4859391357049857e-16,-1.528217025294328e-10,-1.528621727698104e-10
-2.031121272940013e-06,1.4967716548458936e-16,1.464092171778366e-16,1.5271546061742555e-16,-1.5666549969762353e-10,-1.5666550077248397e-10,1.8752016104832252e-16,2.33957948996363e-16,1.464092171778366e-16,-1.5666550083551495e-10,-6.231613708679519e-07,3.7423612333359943e-13,3.74236123431606e-13,-1.5666550083514192e-10,-1.5660503664551724e-10,-1.5666550083551495e-10,-1.566655010043695e-10,3.82942831596829e-13,2.197249340015947e-16,1.5255989877663424e-16,1.8355036422089144e-16,-1.5666550083571042e-10,1.5163099275734142e-16,1.5175536188986108e-16,3.3583589052561177e-13,-6.231613445998329e-07,-1.5666550077248397e-10,1.836810648647161e-16,1.8359369246813684e-16,-1.5660503269782863e-10,3.7423612328493164e-13,-7.109821886355717e-07,-1.56665505155606e-10,1.5271546061742555e-16,-1.5660503277241096e-10,-1.5660503272693278e-10,4.0551298443754863e-13,1.5785576267612144e-16,1.5790801863724624e-16,-1.5660503688204357e-10,-1.5660503293535318e-10,-1.5660503264042747e-10,-1.5660503272693278e-10,-1.566655010043695e-10,3.8710108961115194e-13,4.055129846927511e-13,-1.5660503272693278e-10,1.835467864219969e-16,3.7423612350670793e-13,-1.5660503272693278e-10,1.5271546061742555e-16,-1.5666550070643662e-10,-1.5660503688204357e-10
0.4959183311803157,-1.221492313466283e-10,-1.1985047416900722e-10,-1.2413132456960348e-10,0.4959178945782131,0.4959178993208792,-2.6982871784526014e-07,-1.588245262282997e-10,-1.198504746440139e-10,0.4959178993208778,0.49591686975171445,-1.5282170683682925e-10,-1.528217068688928e-10,0.49591789932087793,-1.1298336165642396e-10,0.49591789932087826,0.49591789932087765,-1.5611250606275215e-10,-1.5077701867562046e-10,-1.2413132426268064e-10,-1.492019116115469e-10,0.4959178993208773,-1.2370031425767388e-10,-1.2370031385810279e-10,-1.3891630129227936e-10,0.49591684508593714,0.4959178993208776,-1.4920191160511871e-10,-1.492019114728849e-10,-1.1485177662575956e-10,-1.5282170631700545e-10,-1.56665505155606e-10,0.4959172006842613,-1.2413132444165616e-10,-1.1485177673523449e-10,-1.1485177668466086e-10,-1.7341683816405815e-10,-1.2843330280244687e-10,-1.2843330298815572e-10,-1.1298336212894255e-10,-1.1485177666831126e-10,-1.1485177681867614e-10,-1.1485177726606047e-10,0.4959178993208781,-1.5780226665658962e-10,-1.7341683792989621e-10,-1.148517765066009e-10,-1.4920191146454805e-10,-1.5282170650896176e-10,-1.1485177714686775e-10,-1.2413132431547594e-10,0.4959178993208786,-1.1298336177829381e-10
