1.0000000036170669,9.16415112596671e-06,0.9999734280304506,0.9999734937046779,8.19915905090288e-06,6.332033409700188e-06,0.99997168200752,0.9999770414305641,8.953773328425863e-06,9.164151115381844e-06,6.396705088190243e-06,1.2032030164271091e-05,6.792282264465705e-06,8.527992914103835e-06,9.222364792283136e-06,0.9999745093166339,8.52799291410748e-06,0.9999719896408925,8.61865450823746e-06,0.9999735603738241,6.359069528627973e-06,6.359069528630068e-06,9.22236479453076e-06,0.9999719896408931,9.222364795277345e-06,9.105520882240643e-06,8.953773328418372e-06,8.940247442029666e-06,8.95377332805852e-06,9.164151115381534e-06,9.164151114274925e-06,8.94024744202645e-06,1.2355449284936853e-05,8.527992914106707e-06,9.195920604361366e-06,8.480534882774628e-06,0.9999738380171744,9.164151114274925e-06,8.953773328058852e-06,9.23277228541757e-06,9.222364794529993e-06,1.2122682603001e-05,9.222364795278687e-06,1.2355449285139582e-05,8.940247442026486e-06,8.940247442025709e-06,0.9999719896408931,8.940247442026114e-06,9.222364795277438e-06,9.222364794529996e-06,0.9999745093166339,1.067799918366861e-05,0.9999719896408925
9.16415112596671e-06,1.1108075868297104e-05,1.2223626498309844e-09,1.2234385408830436e-09,1.760128882925665e-11,-2.1029118275313453e-11,1.208760315842523e-09,2.5373106879409165e-06,2.0713022955306122e-11,5.012350786067494e-08,-2.5875284250083227e-11,4.1129553572296977e-11,-3.2401928646363823e-11,1.3412617463588673e-11,2.7292238685636584e-11,1.2309143307657677e-09,1.3412617463588673e-11,1.2028751853077294e-09,2.6277029018780725e-11,1.225066556133963e-09,1.0530164553470079e-11,1.0530164445280905e-11,2.7292238519242793e-11,1.2028751845155942e-09,2.7292238685699537e-11,2.0724433963822617e-11,2.0713023644722766e-11,1.6993551937626846e-11,2.0713024080975056e-11,5.0123507860685945e-08,5.012350786067699e-08,1.699355193853086e-11,3.786686994828921e-11,1.341261795334825e-11,5.0267934235816496e-08,1.3448795010498375e-11,1.230500973679678e-09,5.0123507860681306e-08,2.071302364472723e-11,2.1588634219535043e-11,2.729223814577015e-11,4.263120791000414e-11,2.7292238375250782e-11,3.7866870909696024e-11,1.6993551818030062e-11,1.6993551818157593e-11,1.2028751848218007e-09,1.6993552293519977e-11,2.7292238519242803e-11,2.729223837525349e-11,1.2309143318540702e-09,7.736392033795638e-11,1.202875184296023e-09
0.9999734280304506,1.2223626498309844e-09,0.9999669919883671,0.9999558647937015,1.6458874919422325e-06,9.257762845401542e-07,0.9999541628573463,0.9999593617354553,1.1831921227997763e-09,1.222362652653448e-09,1.1257236247482374e-06,2.3595189727563113e-09,8.420691942249107e-10,2.1541398124283927e-06,1.2008667994014883e-09,0.9999569630961048,2.1541398131733044e-06,0.9999543523825704,1.5621487029521435e-06,0.9999559057648617,-9.682886976588317e-11,-9.682886821686994e-11,1.200866799603028e-09,0.999954352382573,1.2008667984951403e-09,1.253041367745021e-09,1.1831921232242242e-09,1.2639519363035132e-09,1.183192123929056e-09,1.2223626509994961e-09,1.2223626508086624e-09,1.2639519373995101e-09,2.472049947963591e-09,2.1541398118973454e-06,1.247933510667886e-09,2.0934229846479536e-06,0.9999560150847697,1.2223626513150825e-09,1.1831921237775236e-09,1.3065536662932798e-09,1.2008667991301503e-09,2.3782844149909057e-09,1.2008667994629962e-09,2.4720499478104665e-09,1.2639519381474086e-09,1.2639519385165464e-09,0.9999543523825729,1.2639519381610114e-09,1.2008667985804785e-09,1.2008667996336153e-09,0.9999569630961036,2.0447748705175545e-06,0.9999543523825711
0.9999734937046779,1.2234385408830436e-09,0.9999558647937015,0.9999668197414076,8.358062696894656e-10,5.131899992805663e-10,0.9999540440887711,0.9999593679193518,1.1890130901265315e-09,1.2234385452981776e-09,6.180275012597459e-10,4.690339569826123e-06,8.94597795175055e-10,1.0968129485128548e-09,1.1994138150730484e-09,0.9999568979782623,1.0968129478512908e-09,0.9999542241648272,7.835804039926129e-10,0.9999558021627664,-8.460840782874354e-11,-8.460840573749062e-11,1.1994138158693183e-09,0.9999542241648298,1.199413813988743e-09,1.258879006448592e-09,1.1890130893896531e-09,1.273714547066614e-09,1.1890130897239654e-09,1.2234385435783622e-09,1.2234385440460665e-09,1.2737145468510116e-09,4.909210692490671e-06,1.0968129475810048e-09,2.488658594001038e-06,1.0659380859307351e-09,0.9999559096609484,1.2234385441408791e-09,1.1890130885600406e-09,1.3117198128256015e-09,1.1994138151588725e-09,4.722357854755238e-06,1.1994138153240913e-09,4.909210692871462e-06,1.2737145471129144e-09,1.2737145476700158e-09,0.9999542241648288,1.2737145465751231e-09,1.199413814810909e-09,1.1994138161306978e-09,0.9999568979782614,9.78711160102788e-10,0.9999542241648287
8.19915905090288e-06,1.760128882925665e-11,1.6458874919422325e-06,8.358062696894656e-10,1.1077529926885277e-05,-6.611611625111006e-08,8.285536095809599e-10,1.6896552620420156e-06,1.2967200313613966e-11,1.7601288837067136e-11,-3.8183543596902656e-11,3.080340374725999e-11,-4.308595070608017e-11,1.0334855477642203e-08,2.047857100620501e-11,8.324612035434506e-10,1.0334855477618264e-08,8.268811967332311e-10,3.974822409780531e-08,8.368788274405423e-10,2.8035601737116746e-12,2.8035601749231594e-12,2.0478570952544e-11,8.268811968543082e-10,2.047857080810504e-11,1.2924801276590614e-11,1.2967199698295083e-11,8.72580128539761e-12,1.2967199929661432e-11,1.760128882908751e-11,1.7601288894806915e-11,8.725800646987377e-12,3.013049992604104e-11,1.0334855477610355e-08,1.6813004504232073e-11,1.0603533691106287e-08,8.407342503842328e-10,1.760128928275484e-11,1.2967199929654935e-11,1.3982577155010636e-11,2.0478571435926667e-11,3.263944971799334e-11,2.0478570719536115e-11,3.013049912859356e-11,8.725801285397126e-12,8.725801285397283e-12,8.268811967334633e-10,8.725800452482782e-12,2.0478571595687412e-11,2.047857097796502e-11,8.324612040155847e-10,1.490634131683409e-07,8.268811965693329e-10
6.332033409700188e-06,-2.1029118275313453e-11,9.257762845401542e-07,5.131899992805663e-10,-6.611611625111006e-08,1.082732438891434e-05,5.463020664600687e-10,6.310501437072639e-07,-2.992871878642358e-11,-2.1029117775900702e-11,-2.471634287928153e-07,-1.0458201952206426e-11,-1.2224977985803846e-10,-4.6258169397960994e-11,-1.3987913777163063e-11,4.536962018821649e-10,-4.625816939796098e-11,5.675074090291798e-10,-2.6499776411257264e-09,5.133380146354413e-10,-3.4843727878615704e-11,-3.4843727878635265e-11,-1.3987913777163037e-11,5.67507409311938e-10,-1.3987914665287491e-11,-2.924004993391316e-11,-2.99287172712364e-11,-4.0097428518879384e-11,-2.992871727123514e-11,-2.1029116907065982e-11,-2.102911690707133e-11,-4.009742901229792e-11,9.64086480144714e-13,-4.6258166725234827e-11,-2.788541298076429e-11,-4.501843383870141e-11,1.0233698997043464e-06,-2.1029116907065982e-11,-2.9928717136127934e-11,-2.8538264051239304e-11,-1.3987913777163063e-11,-4.403189742481667e-12,-1.3987913777163037e-11,9.640870585544617e-13,-4.0097426755609886e-11,-4.0097428519019203e-11,5.675074093119402e-10,-4.0097428519019216e-11,-1.3987914665287491e-11,-1.3987915606165914e-11,4.5369620249795504e-10,1.9981589949281507e-07,5.67507409582143e-10
0.99997168200752,1.208760315842523e-09,0.9999541628573463,0.9999540440887711,8.285536095809599e-10,5.463020664600687e-10,0.9999633920608345,0.9999576394713475,1.178243336488588e-09,1.2087603195644287e-09,6.557075758693195e-10,4.64032289327703e-06,9.36821462732725e-10,1.0941523938899975e-09,1.1815467039906465e-09,0.999955191412982,1.0941523943052148e-09,0.9999525133725183,7.647855266081548e-10,0.9999540822478313,-8.654198115240466e-11,-8.654198051528884e-11,1.181546702719183e-09,0.9999525133725198,1.1815467034314724e-09,1.247876377022239e-09,1.178243335948342e-09,1.2674945672435472e-09,1.1782433359861572e-09,1.2087603187772914e-09,1.2087603190192627e-09,1.2674945686500545e-09,2.4408833521222578e-09,1.0941523934546012e-09,1.2377326507791777e-09,1.0630964079077423e-09,0.9999541829113335,1.2087603192473087e-09,1.1782433364123287e-09,1.2998764145925899e-09,1.18154670402857e-09,4.669281679281441e-06,1.1815467026537465e-09,2.440883349266779e-09,1.2674945685515265e-09,1.2674945687092484e-09,0.9999525133725198,1.2674945682418886e-09,1.181546702465513e-09,1.1815467035344829e-09,0.9999551914129812,9.066626874196923e-10,0.9999525133725188
0.9999770414305641,2.5373106879409165e-06,0.9999593617354553,0.9999593679193518,1.6896552620420156e-06,6.310501437072639e-07,0.9999576394713475,0.9999739079142975,2.4238162133968737e-06,2.537310693283499e-06,7.933316686404521e-07,4.86798819703943e-06,1.3117500264998816e-06,2.161640834919471e-06,2.5168115807496736e-06,0.9999604023908215,2.1616408356642756e-06,0.9999578345412236,1.6897900783111376e-06,0.9999594165169152,-2.04736013739695e-07,-2.0473601109744587e-07,2.5168115805938314e-06,0.9999578345412268,2.5168115795364242e-06,2.564376462471294e-06,2.4238162135882553e-06,2.5512845048589614e-06,2.423816214694405e-06,2.5373106924483393e-06,2.537310691675047e-06,2.5512845053992863e-06,5.109268295224467e-06,2.1616408343883213e-06,2.5798467264942917e-06,2.1018387162479394e-06,0.9999595488550246,2.537310693048355e-06,2.4238162140614367e-06,2.677720575669236e-06,2.516811579756198e-06,4.920039640094835e-06,2.5168115798162733e-06,5.109268295605319e-06,2.5512845061668227e-06,2.551284505902785e-06,0.9999578345412264,2.551284506417936e-06,2.5168115791384462e-06,2.516811580570438e-06,0.9999604023908208,2.6044132652271176e-06,0.9999578345412252
8.953773328425863e-06,2.0713022955306122e-11,1.1831921227997763e-09,1.1890130901265315e-09,1.2967200313613966e-11,-2.992871878642358e-11,1.178243336488588e-09,2.4238162133968737e-06,1.1090774945195636e-05,2.0713023585248125e-11,-3.514237414219485e-11,3.6281814618912945e-11,-4.084994520110007e-11,7.927838854809514e-12,2.357613113067018e-11,1.1899181370013557e-09,7.927838854991329e-12,1.1747974837795055e-09,2.3631901459427514e-11,1.1902518242160938e-09,6.059598289043551e-12,6.059597934170285e-12,2.3576131130670193e-11,1.1747974840655599e-09,2.3576131990880638e-11,3.29312460726983e-08,3.2809486883098e-08,1.1746223725002601e-11,3.2809486883097415e-08,2.0713023531564436e-11,2.0713023531651183e-11,1.1746223725000049e-11,3.4652054630171886e-11,7.927839228613502e-12,2.0191719925261922e-11,7.886935290503578e-12,1.1951170531262816e-09,2.0713023970289452e-11,3.280948688309677e-08,3.4594981531007e-08,2.3576130404817845e-11,3.8470833445201246e-11,2.357613113079828e-11,3.465205452688932e-11,1.1746222374084054e-11,1.1746222374084152e-11,1.1747974834368247e-09,1.1746223928622332e-11,2.3576131130670193e-11,2.3576131644228563e-11,1.1899181365090637e-09,1.5787336464861823e-07,1.1747974839882981e-09
9.164151115381844e-06,5.012350786067494e-08,1.222362652653448e-09,1.2234385452981776e-09,1.7601288837067136e-11,-2.1029117775900702e-11,1.2087603195644287e-09,2.537310693283499e-06,2.0713023585248125e-11,1.11080758682971e-05,-2.5875283700961e-11,4.1129553217271006e-11,-3.240192783279074e-11,1.3412617463586282e-11,2.729223837521422e-11,1.2309143346274257e-09,1.3412617463586282e-11,1.2028751876697797e-09,2.627702917288921e-11,1.225066558066654e-09,1.0530162623409895e-11,1.0530163934525401e-11,2.729223814564681e-11,1.2028751874540563e-09,2.7292238145834876e-11,2.072443433224193e-11,2.071302353165219e-11,1.6993552048234995e-11,2.0713023650749278e-11,5.012350786054737e-08,5.0123507860538316e-08,1.699355230603441e-11,3.7866870678515115e-11,1.3412616579011436e-11,5.0267934235654144e-08,1.3448792751743558e-11,1.2305009752371692e-09,5.012350786054274e-08,2.0713023531565567e-11,2.158863352576973e-11,2.7292237999146094e-11,4.263120791006463e-11,2.7292237800040803e-11,3.7866871123751826e-11,1.6993551981397593e-11,1.6993551981397593e-11,1.2028751876697797e-09,1.699355198139767e-11,2.7292238424002652e-11,2.7292237800040793e-11,1.2309143346274257e-09,7.736392029120767e-11,1.2028751874378535e-09
6.396705088190243e-06,-2.5875284250083227e-11,1.1257236247482374e-06,6.180275012597459e-10,-3.8183543596902656e-11,-2.471634287928153e-07,6.557075758693195e-10,7.933316686404521e-07,-3.514237414219485e-11,-2.5875283700961e-11,1.0794010176050199e-05,-1.444205404358295e-11,-1.3020798075876784e-10,-5.2390957506559064e-11,-1.8236783176953266e-11,5.526122552326215e-10,-5.239095750652703e-11,6.796351851972656e-10,-6.118198527524615e-09,6.180288767478128e-10,-3.81173035056667e-11,-3.8117303063738144e-11,-1.823678272451963e-11,6.796351870617244e-10,-1.8236783969910266e-11,-3.434591573361262e-11,-3.514237333637362e-11,-4.633828101988279e-11,-3.514237421116526e-11,-2.587528405248305e-11,-2.5875283844827822e-11,-4.6338282583927366e-11,-1.7119333308357504e-12,-5.2390957283136495e-11,-3.3371515252305415e-11,-5.0982421983741045e-11,1.231798414376303e-06,-2.587528384504008e-11,-3.5142374211213785e-11,-3.3756191183918646e-11,-1.8236782724524106e-11,-7.921817247301702e-12,-1.8236783263009166e-11,-1.71193315802731e-12,-4.6338282583934966e-11,-4.6338282583934966e-11,6.796351851972611e-10,-4.633828173319299e-11,-1.8236783014233934e-11,-1.8236782724524106e-11,5.526122551650672e-10,2.0560348092509935e-07,6.796351852535256e-10
1.2032030164271091e-05,4.1129553572296977e-11,2.3595189727563113e-09,4.690339569826123e-06,3.080340374725999e-11,-1.0458201952206426e-11,4.64032289327703e-06,4.86798819703943e-06,3.6281814618912945e-11,4.1129553217271006e-11,-1.444205404358295e-11,1.1177775078576936e-05,-2.376407586134662e-11,3.0737597725103395e-11,4.292226386821058e-11,4.715944350245665e-06,3.0737596590716116e-11,2.322927783701977e-09,3.7956549360358935e-11,4.693372323059309e-06,3.381096488399641e-08,3.3810964883997306e-08,4.292226230679465e-11,2.3229277825516346e-09,4.292226166160973e-11,3.6327893395763224e-11,3.62818144675881e-11,3.4432992952699215e-11,3.6281813589395496e-11,4.112955327657374e-11,4.1129553163372997e-11,3.443299451149984e-11,1.1081028939544826e-07,3.07375970638058e-11,4.300041206974068e-11,3.0280504411827136e-11,4.703895060347178e-06,4.112955321727118e-11,3.628181358941248e-11,7.533694716869214e-08,4.292226166160973e-11,1.1917528482931105e-07,4.292226115141052e-11,1.1081028939549034e-07,3.4432992943437125e-11,3.443299353052381e-11,2.322927783584572e-09,3.4432992943607433e-11,4.292226249325175e-11,4.292226238626435e-11,4.715944350245691e-06,9.074458890207972e-11,2.3229277835845735e-09
6.792282264465705e-06,-3.2401928646363823e-11,8.420691942249107e-10,8.94597795175055e-10,-4.308595070608017e-11,-1.2224977985803846e-10,9.36821462732725e-10,1.3117500264998816e-06,-4.084994520110007e-11,-3.240192783279074e-11,-1.3020798075876784e-10,-2.376407586134662e-11,1.0806440054708542e-05,-5.7644356751142715e-11,-2.471173243000219e-11,8.262546121273494e-10,-5.7644355761197146e-11,9.630902384390296e-10,-1.614289393736888e-08,8.943030955592496e-10,-4.007256269457522e-11,-4.0072562694573055e-11,-2.471173242995469e-11,9.630902393860379e-10,-2.471173242995469e-11,-4.001275683860252e-11,-4.0849945201358263e-11,-5.2643197060056494e-11,-4.084994520110005e-11,-3.240192736252471e-11,-3.240192783279078e-11,-5.2643200678351554e-11,-9.47905626949516e-12,-5.764435675114153e-11,-4.0130977141627043e-11,-5.6156568577279785e-11,8.951814665208043e-10,-3.240192736252504e-11,-4.084994520110005e-11,-3.968360551223031e-11,-2.471173243000219e-11,-1.7341757508290067e-11,-2.471173234935394e-11,-9.479056769125997e-12,-5.2643200678354824e-11,-5.264319706005674e-11,9.630902384406043e-10,-5.2643200678354824e-11,-2.47117324300022e-11,-2.4711731687467906e-11,8.26254611865008e-10,1.809162622929828e-07,9.630902384390296e-10
8.527992914103835e-06,1.3412617463588673e-11,2.1541398124283927e-06,1.0968129485128548e-09,1.0334855477642203e-08,-4.6258169397960994e-11,1.0941523938899975e-09,2.161640834919471e-06,7.927838854809514e-12,1.3412617463586282e-11,-5.2390957506559064e-11,3.0737597725103395e-11,-5.7644356751142715e-11,1.1053137552363743e-05,1.7656302437576923e-11,1.086995448175555e-09,-4.861778221508111e-09,1.0957542358762763e-09,2.1858279140935467e-11,1.0978439400507566e-09,1.01423746529381e-12,1.0142374652938618e-12,1.7656302081809686e-11,1.0957542332631488e-09,1.7656301237042677e-11,8.010664878058877e-12,7.927839228448811e-12,1.3036072786789267e-12,7.927837364290905e-12,1.3412616697346184e-11,1.3412616697346399e-11,1.3036072786799724e-12,3.161789434330072e-11,-4.861778221512694e-09,1.1716156578939538e-11,-3.9745897132090345e-09,1.103047228786501e-09,1.3412616697346184e-11,7.927837968889123e-12,8.952380765540504e-12,1.7656301145284275e-11,3.350299880488594e-11,1.7656301737712626e-11,3.16178939349809e-11,1.303607250706814e-12,1.3036072786789251e-12,1.0957542338414165e-09,1.3036064282991597e-12,1.765630123713003e-11,1.7656301967078546e-11,1.0869954478683922e-09,1.7851717165972998e-07,1.0957542343969922e-09
9.222364792283136e-06,2.7292238685636584e-11,1.2008667994014883e-09,1.1994138150730484e-09,2.047857100620501e-11,-1.3987913777163063e-11,1.1815467039906465e-09,2.5168115807496736e-06,2.357613113067018e-11,2.729223837521422e-11,-1.8236783176953266e-11,4.292226386821058e-11,-2.471173243000219e-11,1.7656302437576923e-11,1.1116620048511655e-05,1.2103462662691822e-09,1.7656301966492298e-11,1.1737812068082924e-09,2.6333680558830975e-11,1.2007793417447742e-09,1.2099884408592339e-11,1.2099884190715074e-11,5.867886924925921e-08,1.1737812069248e-09,5.867886924925976e-08,2.351810264423304e-11,2.357613113067018e-11,2.0954860171569105e-11,2.3576131990879986e-11,2.729223842388831e-11,2.7292237633045965e-11,2.0954861450675984e-11,3.854791643110953e-11,1.7656301966472898e-11,2.7912755520975134e-11,1.754493080949194e-11,1.2059110124246196e-09,2.729223851924211e-11,2.3576131130670242e-11,2.4437774111654273e-11,5.867886924927552e-08,4.3985686265495675e-11,5.8678869249258066e-08,3.854791497586055e-11,2.0954860171569105e-11,2.095486017156911e-11,1.173781206886536e-09,2.0954860171596415e-11,5.867886924925744e-08,5.867886924925227e-08,1.2103462658513573e-09,7.125370136736144e-11,1.173781206625762e-09
0.9999745093166339,1.2309143307657677e-09,0.9999569630961048,0.9999568979782623,8.324612035434506e-10,4.536962018821649e-10,0.999955191412982,0.9999604023908215,1.1899181370013557e-09,1.2309143346274257e-09,5.526122552326215e-10,4.715944350245665e-06,8.262546121273494e-10,1.086995448175555e-09,1.2103462662691822e-09,0.9999690483318671,1.0869954486767663e-09,0.9999553826691244,7.95248092017029e-10,0.9999569397124956,-1.9083013507120057e-07,-1.908301324289579e-07,1.2103462671499155e-09,0.9999553826691268,1.210346266377212e-09,1.2600300186744171e-09,1.1899181364729186e-09,1.2691486049505942e-09,1.1899181366842922e-09,1.230914334619781e-09,1.2309143341669617e-09,1.269148604887659e-09,4.944629619889784e-06,1.086995448093673e-09,1.256505246541993e-09,1.0564264648164775e-09,0.999957051391301,1.2309143347153029e-09,1.1899181372945072e-09,1.3138899532804795e-09,1.210346267167658e-09,4.753558105411678e-06,1.210346267019464e-09,4.944629620270601e-06,1.2691486050751744e-09,1.2691486042083352e-09,0.999955382669126,1.2691486055707412e-09,1.210346266072122e-09,1.2103462672109064e-09,0.9999579909763041,1.0597408722801025e-09,0.9999553826691245
8.52799291410748e-06,1.3412617463588673e-11,2.1541398131733044e-06,1.0968129478512908e-09,1.0334855477618264e-08,-4.625816939796098e-11,1.0941523943052148e-09,2.1616408356642756e-06,7.927838854991329e-12,1.3412617463586282e-11,-5.239095750652703e-11,3.0737596590716116e-11,-5.7644355761197146e-11,-4.861778221508111e-09,1.7656301966492298e-11,1.0869954486767663e-09,1.1053137552363743e-05,1.0957542347053291e-09,2.1858278679911962e-11,1.0978439405933807e-09,1.0142375482375583e-12,1.0142374652938745e-12,1.7656301238283913e-11,1.0957542348585542e-09,1.7656301238363294e-11,8.010664878058061e-12,7.92783922861334e-12,1.3036064283033806e-12,7.927837364290911e-12,1.3412617463586282e-11,1.3412617463586282e-11,1.3036072786789205e-12,3.1617894482876805e-11,-4.86177822154002e-09,1.1716156531973862e-11,-3.974589713236334e-09,1.103047228975007e-09,1.341261795936768e-11,7.927838647600006e-12,8.952380765335819e-12,1.7656301145823535e-11,3.350299857497064e-11,1.7656302525829873e-11,3.161789403693514e-11,1.3036066121488986e-12,1.3036072786802824e-12,1.0957542348134476e-09,1.3036072507023856e-12,1.7656301145284417e-11,1.7656301966623826e-11,1.086995448836291e-09,1.785171716597183e-07,1.0957542349478614e-09
0.9999719896408925,1.2028751853077294e-09,0.9999543523825704,0.9999542241648272,8.268811967332311e-10,5.675074090291798e-10,0.9999525133725183,0.9999578345412236,1.1747974837795055e-09,1.2028751876697797e-09,6.796351851972656e-10,2.322927783701977e-09,9.630902384390296e-10,1.0957542358762763e-09,1.1737812068082924e-09,0.9999553826691244,1.0957542347053291e-09,0.9999637446395844,7.554540242486053e-10,0.9999542615044229,-8.658413152594956e-11,-8.658413017461206e-11,1.1737812069581532e-09,0.9999526870406849,1.1737812060473545e-09,1.2442085685796025e-09,1.174797484702433e-09,1.2671375665216228e-09,1.1747974846830546e-09,1.2028751861134687e-09,1.2028751859261952e-09,1.267137567136914e-09,2.4278149724944112e-09,1.0957542346265604e-09,1.2325380087432868e-09,1.0645028298947839e-09,0.999954358754743,1.2028751872121494e-09,1.1747974837919132e-09,1.295801666807786e-09,1.173781206894737e-09,2.336529272801857e-09,1.1737812063735586e-09,2.427814971452319e-09,1.2671375677235323e-09,1.2671375676465828e-09,0.9999526870406841,1.2671375680601285e-09,1.1737812061545164e-09,1.1737812065014926e-09,0.9999553826691229,8.663391830120884e-10,0.9999526870406845
8.61865450823746e-06,2.6277029018780725e-11,1.5621487029521435e-06,7.835804039926129e-10,3.974822409780531e-08,-2.6499776411257264e-09,7.647855266081548e-10,1.6897900783111376e-06,2.3631901459427514e-11,2.627702917288921e-11,-6.118198527524615e-09,3.7956549360358935e-11,-1.614289393736888e-08,2.1858279140935467e-11,2.6333680558830975e-11,7.95248092017029e-10,2.1858278679911962e-11,7.554540242486053e-10,1.1098382093404191e-05,7.845783427416063e-10,9.303307551529303e-12,9.303306382926742e-12,2.633368055883077e-11,7.554540242508546e-10,2.6333681959819534e-11,2.3511869269873256e-11,2.363190152120323e-11,4.88808080967954e-08,2.3631901644220668e-11,2.6277029857592017e-11,2.6277030164428148e-11,4.8880808096772725e-08,3.196417194579098e-11,2.1858279140935467e-11,2.7755718084430076e-11,2.1446044822330286e-11,1.5646960025232982e-06,2.627702901852331e-11,2.3631902527285748e-11,2.4556828643755562e-11,2.6333680558781703e-11,3.767682142409284e-11,2.6333680558569234e-11,3.196417180954113e-11,4.888080809677243e-08,4.888080809679146e-08,7.554540243451769e-10,4.888080809678765e-08,2.6333680558571198e-11,2.6333680558571373e-11,7.952480916940966e-10,8.84180859308568e-08,7.554540243451575e-10
0.9999735603738241,1.225066556133963e-09,0.9999559057648617,0.9999558021627664,8.368788274405423e-10,5.133380146354413e-10,0.9999540822478313,0.9999594165169152,1.1902518242160938e-09,1.225066558066654e-09,6.180288767478128e-10,4.693372323059309e-06,8.943030955592496e-10,1.0978439400507566e-09,1.2007793417447742e-09,0.9999569397124956,1.0978439405933807e-09,0.9999542615044229,7.845783427416063e-10,0.9999668997611831,-8.384879969032163e-11,-8.384879812847805e-11,1.2007793413272028e-09,0.9999542615044246,1.2007793413341423e-09,1.2601095182853773e-09,1.190251824442903e-09,1.2748930323952005e-09,1.1902518243592312e-09,1.2250665591744216e-09,1.2250665572852892e-09,1.2748930328243019e-09,4.912027506407984e-06,1.0978439404977545e-09,1.253301285956909e-09,1.0669511112454349e-09,0.999955949997203,1.2250665587310054e-09,1.1902518247772583e-09,1.31298923226041e-09,1.2007793408748178e-09,4.7253693971665635e-06,1.2007793418081116e-09,4.912027506788802e-06,1.2748930315939152e-09,1.274893033005146e-09,0.9999542615044239,1.2748930338914935e-09,1.2007793414193898e-09,1.200779341093786e-09,0.9999569397124947,9.809859157198711e-10,0.9999542615044237
6.359069528627973e-06,1.0530164553470079e-11,-9.682886976588317e-11,-8.460840782874354e-11,2.8035601737116746e-12,-3.4843727878615704e-11,-8.654198115240466e-11,-2.04736013739695e-07,6.059598289043551e-12,1.0530162623409895e-11,-3.81173035056667e-11,3.381096488399641e-08,-4.007256269457522e-11,1.01423746529381e-12,1.2099884408592339e-11,-1.9083013507120057e-07,1.0142375482375583e-12,-8.658413152594956e-11,9.303307551529303e-12,-8.384879969032163e-11,1.1043204206927419e-05,-1.4833791526146524e-08,1.2099884145882296e-11,-8.658413152366541e-11,1.209988415238026e-11,6.054489083087536e-12,6.059598288698885e-12,4.636652606714092e-12,6.059597933142882e-12,1.053016388085689e-11,1.0530164553472502e-11,4.636652472361493e-12,3.3089330409898585e-08,1.0142374649263529e-12,9.336499722963165e-12,9.10437328778833e-13,-8.263927366367752e-11,1.0530163880687812e-11,6.059597933142882e-12,6.887569599318208e-12,1.209988415237912e-11,3.6866539290688404e-08,1.2099884377745656e-11,3.3089330409892285e-08,4.63665224867559e-12,4.636653328849179e-12,-8.658413154624147e-11,4.636651239235641e-12,1.2099884020489802e-11,1.2099884174872106e-11,-1.908301350712e-07,5.1856154035003736e-11,-8.658413156294926e-11
6.359069528630068e-06,1.0530164445280905e-11,-9.682886821686994e-11,-8.460840573749062e-11,2.8035601749231594e-12,-3.4843727878635265e-11,-8.654198051528884e-11,-2.0473601109744587e-07,6.059597934170285e-12,1.0530163934525401e-11,-3.8117303063738144e-11,3.3810964883997306e-08,-4.0072562694573055e-11,1.0142374652938618e-12,1.2099884190715074e-11,-1.908301324289579e-07,1.0142374652938745e-12,-8.658413017461206e-11,9.303306382926742e-12,-8.384879812847805e-11,-1.4833791526146524e-08,1.1043204206927419e-05,1.2099883805083679e-11,-8.658413019544708e-11,1.209988416899478e-11,6.054488386612507e-12,6.05959758989784e-12,4.636651473235195e-12,6.05959669719042e-12,1.0530163934090518e-11,1.0530164553472698e-11,4.6366512299607665e-12,3.308933040990836e-08,1.014237548090555e-12,9.336499759733771e-12,9.104375997122592e-13,-8.263926944340462e-11,1.0530163880913756e-11,6.059596697159721e-12,6.887567777085137e-12,1.2099884181230737e-11,3.686653929069019e-08,1.2099884029725717e-11,3.30893304099019e-08,4.636652120674192e-12,4.636652120674667e-12,-8.658413018788771e-11,4.636652085768345e-12,1.2099884020498093e-11,1.2099884589883982e-11,-1.90830132428972e-07,5.18561538305287e-11,-8.65841301954189e-11
9.22236479453076e-06,2.7292238519242793e-11,1.200866799603028e-09,1.1994138158693183e-09,2.0478570952544e-11,-1.3987913777163037e-11,1.181546702719183e-09,2.5168115805938314e-06,2.3576131130670193e-11,2.729223814564681e-11,-1.823678272451963e-11,4.292226230679465e-11,-2.471173242995469e-11,1.7656302081809686e-11,5.867886924925921e-08,1.2103462671499155e-09,1.7656301238283913e-11,1.1737812069581532e-09,2.633368055883077e-11,1.2007793413272028e-09,1.2099884145882296e-11,1.2099883805083679e-11,1.1116620048511621e-05,1.1737812068862604e-09,5.867886924926327e-08,2.3518103135079202e-11,2.357613127387864e-11,2.095486106893667e-11,2.3576130404817755e-11,2.7292238452095925e-11,2.729223851924212e-11,2.0954861057872836e-11,3.854791699672794e-11,1.7656301145822262e-11,2.7912755874691157e-11,1.7544930574125598e-11,1.2059110123205981e-09,2.729223845212169e-11,2.3576131130670242e-11,2.443777387728382e-11,5.8678869249279136e-08,4.398568618037804e-11,5.8678869249261726e-08,3.854791643110958e-11,2.0954861450675984e-11,2.095486106893812e-11,1.1737812079322026e-09,2.0954860641217748e-11,5.8678869249261e-08,5.8678869249255876e-08,1.2103462671536825e-09,7.125370160408653e-11,1.1737812068034113e-09
0.9999719896408931,1.2028751845155942e-09,0.999954352382573,0.9999542241648298,8.268811968543082e-10,5.67507409311938e-10,0.9999525133725198,0.9999578345412268,1.1747974840655599e-09,1.2028751874540563e-09,6.796351870617244e-10,2.3229277825516346e-09,9.630902393860379e-10,1.0957542332631488e-09,1.1737812069248e-09,0.9999553826691268,1.0957542348585542e-09,0.9999526870406849,7.554540242508546e-10,0.9999542615044246,-8.658413152366541e-11,-8.658413019544708e-11,1.1737812068862604e-09,0.9999637446395693,1.1737812060244664e-09,1.2442085675178117e-09,1.1747974834549077e-09,1.2671375674744505e-09,1.1747974834779182e-09,1.2028751866583514e-09,1.2028751859258368e-09,1.2671375672627913e-09,2.427814972133013e-09,1.0957542336445637e-09,1.2325380077262525e-09,1.0645028298947839e-09,0.9999543587547447,1.2028751878762237e-09,1.174797483957644e-09,1.2958016676688801e-09,1.1737812065367938e-09,2.3365292727048614e-09,1.1737812063980169e-09,2.4278149711953183e-09,1.2671375675357385e-09,1.2671375674675332e-09,0.999952687040687,1.2671375683826245e-09,1.1737812063722212e-09,1.1737812065200454e-09,0.9999553826691248,8.663391824894912e-10,0.9999526870406857
9.222364795277345e-06,2.7292238685699537e-11,1.2008667984951403e-09,1.199413813988743e-09,2.047857080810504e-11,-1.3987914665287491e-11,1.1815467034314724e-09,2.5168115795364242e-06,2.3576131990880638e-11,2.7292238145834876e-11,-1.8236783969910266e-11,4.292226166160973e-11,-2.471173242995469e-11,1.7656301237042677e-11,5.867886924925976e-08,1.210346266377212e-09,1.7656301238363294e-11,1.1737812060473545e-09,2.6333681959819534e-11,1.2007793413341423e-09,1.209988415238026e-11,1.209988416899478e-11,5.867886924926327e-08,1.1737812060244664e-09,1.1116620048511621e-05,2.3518102653260945e-11,2.357613167483822e-11,2.09548602319718e-11,2.357613168666749e-11,2.729223816600778e-11,2.7292237910537195e-11,2.0954860605307595e-11,3.854791643279833e-11,1.765630228492675e-11,2.791275625281209e-11,1.7544931023644174e-11,1.2059110119108265e-09,2.729223763304029e-11,2.357613061552932e-11,2.443777468707348e-11,5.8678869249279547e-08,4.3985686065156945e-11,5.867886924926205e-08,3.854791643110958e-11,2.095486069813686e-11,2.095486106893812e-11,1.1737812061125597e-09,2.095486160253903e-11,5.867886924926152e-08,5.86788692492564e-08,1.210346266366934e-09,7.125370151784034e-11,1.173781205968231e-09
9.105520882240643e-06,2.0724433963822617e-11,1.253041367745021e-09,1.258879006448592e-09,1.2924801276590614e-11,-2.924004993391316e-11,1.247876377022239e-09,2.564376462471294e-06,3.29312460726983e-08,2.072443433224193e-11,-3.434591573361262e-11,3.6327893395763224e-11,-4.001275683860252e-11,8.010664878058877e-12,2.351810264423304e-11,1.2600300186744171e-09,8.010664878058061e-12,1.2442085685796025e-09,2.3511869269873256e-11,1.2601095182853773e-09,6.054489083087536e-12,6.054488386612507e-12,2.3518103135079202e-11,1.2442085675178117e-09,2.3518102653260945e-11,1.1090950099996062e-05,3.293124607269061e-08,1.1997021581150157e-11,3.293124607269061e-08,2.0724434687883292e-11,2.0724434117203975e-11,1.1997022048271867e-11,3.4482090714769764e-11,8.010664603716964e-12,2.02394271611398e-11,1.580880386291453e-08,1.2649759698409319e-09,2.0724434688180864e-11,3.293124607269029e-08,3.4686661375694455e-08,2.351810205566463e-11,3.8483737948521596e-11,2.3518102680503424e-11,3.4482091256785056e-11,1.1997022120906215e-11,1.1997023153680231e-11,1.2442085686136406e-09,1.1997021762141333e-11,2.3518101800700295e-11,2.3518102644263892e-11,1.2600300191307299e-09,1.5569069746578577e-07,1.2442085681524717e-09
8.953773328418372e-06,2.0713023644722766e-11,1.1831921232242242e-09,1.1890130893896531e-09,1.2967199698295083e-11,-2.99287172712364e-11,1.178243335948342e-09,2.4238162135882553e-06,3.2809486883098e-08,2.071302353165219e-11,-3.514237333637362e-11,3.62818144675881e-11,-4.0849945201358263e-11,7.927839228448811e-12,2.357613113067018e-11,1.1899181364729186e-09,7.92783922861334e-12,1.174797484702433e-09,2.363190152120323e-11,1.190251824442903e-09,6.059598288698885e-12,6.05959758989784e-12,2.357613127387864e-11,1.1747974834549077e-09,2.357613167483822e-11,3.293124607269061e-08,1.1090774945195636e-05,1.1746223725000021e-11,3.280948688308975e-08,2.0713023761897527e-11,2.0713024081737138e-11,1.1746224593759727e-11,3.465205438962843e-11,7.927838249546575e-12,2.0191720515485908e-11,7.886934921660226e-12,1.1951170534339663e-09,2.071302376189765e-11,3.280948688308912e-08,3.459498153099948e-08,2.357613168666749e-11,3.847083353693204e-11,2.3576131784214545e-11,3.4652054946287604e-11,1.1746222757943984e-11,1.1746223725000034e-11,1.174797483790012e-09,1.1746223725143876e-11,2.3576131752129934e-11,2.3576131990879986e-11,1.1899181363388229e-09,1.5787336464863602e-07,1.1747974834234765e-09
8.940247442029666e-06,1.6993551937626846e-11,1.2639519363035132e-09,1.273714547066614e-09,8.72580128539761e-12,-4.0097428518879384e-11,1.2674945672435472e-09,2.5512845048589614e-06,1.1746223725002601e-11,1.6993552048234995e-11,-4.633828101988279e-11,3.4432992952699215e-11,-5.2643197060056494e-11,1.3036072786789267e-12,2.0954860171569105e-11,1.2691486049505942e-09,1.3036064283033806e-12,1.2671375665216228e-09,4.88808080967954e-08,1.2748930323952005e-09,4.636652606714092e-12,4.636651473235195e-12,2.095486106893667e-11,1.2671375674744505e-09,2.09548602319718e-11,1.1997021581150157e-11,1.1746223725000021e-11,1.1069426521902781e-05,1.1746223466519673e-11,1.6993552048235166e-11,1.699355232659427e-11,1.1437984401150877e-08,3.450747060707001e-11,1.3036066121488859e-12,1.5718047702789663e-11,1.7465686143688277e-12,1.2803836437608794e-09,1.6993552048240814e-11,1.1746223460250783e-11,1.268643645295515e-11,2.095486106893667e-11,3.703412537248424e-11,2.095486092168509e-11,3.4507470121758956e-11,1.1437984401143324e-08,1.1437984401165494e-08,1.2671375674798995e-09,1.143798440115122e-08,2.0954860352362307e-11,2.0954860171569105e-11,1.2691486052749143e-09,1.788617469569268e-07,1.2671375668911256e-09
8.95377332805852e-06,2.0713024080975056e-11,1.183192123929056e-09,1.1890130897239654e-09,1.2967199929661432e-11,-2.992871727123514e-11,1.1782433359861572e-09,2.423816214694405e-06,3.2809486883097415e-08,2.0713023650749278e-11,-3.514237421116526e-11,3.6281813589395496e-11,-4.084994520110005e-11,7.927837364290905e-12,2.3576131990879986e-11,1.1899181366842922e-09,7.927837364290911e-12,1.1747974846830546e-09,2.3631901644220668e-11,1.1902518243592312e-09,6.059597933142882e-12,6.05959669719042e-12,2.3576130404817755e-11,1.1747974834779182e-09,2.357613168666749e-11,3.293124607269061e-08,3.280948688308975e-08,1.1746223466519673e-11,1.1090774945195636e-05,2.0713023177692515e-11,2.071302358437207e-11,1.174622372514385e-11,3.4652054389507525e-11,7.927837968889123e-12,2.0191720515190673e-11,7.886934921849187e-12,1.1951170531516615e-09,2.0713023644915244e-11,3.2809486883088436e-08,3.459498153100034e-08,2.357613061522238e-11,3.8470833128543887e-11,2.3576131044503968e-11,3.465205528249096e-11,1.174622348851979e-11,1.1746223928622339e-11,1.1747974840404314e-09,1.1746223917953564e-11,2.3576131130670242e-11,2.3576131990879986e-11,1.1899181372515565e-09,1.5787336464862874e-07,1.1747974835988584e-09
9.164151115381534e-06,5.0123507860685945e-08,1.2223626509994961e-09,1.2234385435783622e-09,1.760128882908751e-11,-2.1029116907065982e-11,1.2087603187772914e-09,2.5373106924483393e-06,2.0713023531564436e-11,5.012350786054737e-08,-2.587528405248305e-11,4.112955327657374e-11,-3.240192736252471e-11,1.3412616697346184e-11,2.729223842388831e-11,1.230914334619781e-09,1.3412617463586282e-11,1.2028751861134687e-09,2.6277029857592017e-11,1.2250665591744216e-09,1.053016388085689e-11,1.0530163934090518e-11,2.7292238452095925e-11,1.2028751866583514e-09,2.729223816600778e-11,2.0724434687883292e-11,2.0713023761897527e-11,1.6993552048235166e-11,2.0713023177692515e-11,1.1108075868297077e-05,5.012350786054948e-08,1.6993551963351756e-11,3.7866870679896106e-11,1.341261669734597e-11,5.026793423566635e-08,1.344879437859837e-11,1.2305009753606676e-09,5.0123507860553695e-08,2.0713023839596208e-11,2.1588634065968794e-11,2.7292238846044618e-11,4.2631207400450863e-11,2.729223791053718e-11,3.786687059686385e-11,1.699355197054487e-11,1.6993552326595288e-11,1.2028751873705882e-09,1.6993552021703978e-11,2.7292238424003534e-11,2.7292237800040286e-11,1.2309143350542662e-09,7.736392039708541e-11,1.2028751861664978e-09
9.164151114274925e-06,5.012350786067699e-08,1.2223626508086624e-09,1.2234385440460665e-09,1.7601288894806915e-11,-2.102911690707133e-11,1.2087603190192627e-09,2.537310691675047e-06,2.0713023531651183e-11,5.0123507860538316e-08,-2.5875283844827822e-11,4.1129553163372997e-11,-3.240192783279078e-11,1.3412616697346399e-11,2.7292237633045965e-11,1.2309143341669617e-09,1.3412617463586282e-11,1.2028751859261952e-09,2.6277030164428148e-11,1.2250665572852892e-09,1.0530164553472502e-11,1.0530164553472698e-11,2.729223851924212e-11,1.2028751859258368e-09,2.7292237910537195e-11,2.0724434117203975e-11,2.0713024081737138e-11,1.699355232659427e-11,2.071302358437207e-11,5.012350786054948e-08,1.11080758682971e-05,1.699355241551433e-11,3.7866871407879236e-11,1.3412616579011443e-11,5.0267934235656434e-08,1.344879320441481e-11,1.2305009750767427e-09,5.012350786054473e-08,2.071302353165219e-11,2.1588635193953575e-11,2.7292238005651963e-11,4.263120689486967e-11,2.729223904917155e-11,3.786687157553793e-11,1.699355254634076e-11,1.6993552018812368e-11,1.202875185762226e-09,1.6993552303684463e-11,2.7292237897518018e-11,2.7292237633045955e-11,1.2309143340741405e-09,7.736392056780847e-11,1.2028751867230516e-09
8.94024744202645e-06,1.699355193853086e-11,1.2639519373995101e-09,1.2737145468510116e-09,8.725800646987377e-12,-4.009742901229792e-11,1.2674945686500545e-09,2.5512845053992863e-06,1.1746223725000049e-11,1.699355230603441e-11,-4.6338282583927366e-11,3.443299451149984e-11,-5.2643200678351554e-11,1.3036072786799724e-12,2.0954861450675984e-11,1.269148604887659e-09,1.3036072786789205e-12,1.267137567136914e-09,4.8880808096772725e-08,1.2748930328243019e-09,4.636652472361493e-12,4.6366512299607665e-12,2.0954861057872836e-11,1.2671375672627913e-09,2.0954860605307595e-11,1.1997022048271867e-11,1.1746224593759727e-11,1.1437984401150877e-08,1.174622372514385e-11,1.6993551963351756e-11,1.699355241551433e-11,1.1069426521902781e-05,3.4507470897539586e-11,1.3036072786802713e-12,1.5718046883276116e-11,1.7465677682735226e-12,1.2803836437375994e-09,1.6993552048243897e-11,1.1746223498182502e-11,1.2686437579800156e-11,2.0954861450675984e-11,3.703412595141792e-11,2.095486160254683e-11,3.4507471274452426e-11,1.1437984401130062e-08,1.1437984401152176e-08,1.2671375672627913e-09,1.1437984401138046e-08,2.0954861600505034e-11,2.0954861450677254e-11,1.269148604682763e-09,1.788617469569011e-07,1.2671375685842404e-09
1.2355449284936853e-05,3.786686994828921e-11,2.472049947963591e-09,4.909210692490671e-06,3.013049992604104e-11,9.64086480144714e-13,2.4408833521222578e-09,5.109268295224467e-06,3.4652054630171886e-11,3.7866870678515115e-11,-1.7119333308357504e-12,1.1081028939544826e-07,-9.47905626949516e-12,3.161789434330072e-11,3.854791643110953e-11,4.944629619889784e-06,3.1617894482876805e-11,2.4278149724944112e-09,3.196417194579098e-11,4.912027506407984e-06,3.3089330409898585e-08,3.308933040990836e-08,3.854791699672794e-11,2.427814972133013e-09,3.854791643279833e-11,3.4482090714769764e-11,3.465205438962843e-11,3.450747060707001e-11,3.4652054389507525e-11,3.7866870679896106e-11,3.7866871407879236e-11,3.4507470897539586e-11,1.1152476941878978e-05,3.161789368547203e-11,3.996026321036562e-11,3.106579065883205e-11,4.9212669955577615e-06,3.7866871575537475e-11,3.465205452677984e-11,3.569366045373836e-11,3.8547914975858886e-11,1.0984067663745373e-07,3.854791685876931e-11,9.455822725280994e-08,3.450747127445429e-11,3.45074699120866e-11,2.4278149722974885e-09,3.450747008202326e-11,3.8547915263341456e-11,3.854791643099656e-11,4.9446296198897675e-06,6.801652303573299e-11,2.4278149722974885e-09
