0.9999999999934834,6.318821837256628e-09,0.9999999499005755,0.9999999327515979,6.603983098501487e-09,7.231790998503628e-09,-5.472358471810049e-09,0.9999999327515952,1.00000006607729,8.351686905026911e-09,5.0397089603726735e-09,6.706837894186962e-09,6.603983290304993e-09,1.0000001118834396,7.893877158294439e-09,4.29516374335649e-09,6.88441330030873e-09,1.0000000723745526,0.9999999302027445,7.189002344293058e-09,7.364150755325732e-09,5.4468426685704705e-09,5.918286027999447e-09,6.7503021641643385e-09,6.132612961823828e-09,6.603983092964718e-09,0.9999999458516783,-1.435233767860002e-08,5.069299877692619e-09,4.398545259737557e-09,6.533792540928374e-09,8.148299336782383e-09,7.111016275839943e-09,6.7068383864677535e-09,6.279296064035437e-09,0.99999994585168,6.603985673972575e-09,4.3277504945799295e-09,3.4659893314776697e-09,5.899528823342896e-09,3.5997293136732377e-09,6.4416399233284505e-09,9.617321891643424e-09,0.9999999499005733,4.716440289008246e-09,-1.0158647036887754e-09,5.690126284439967e-09,3.3786657280695256e-09,6.603983129718016e-09,4.295163316389147e-09,5.918289668555765e-09,5.558280919109874e-09,4.735936881652957e-09,7.226106591154969e-09,1.0000000754662468,0.999999934456235,6.654278878077922e-09,0.9999999259341553,0.9999999327515946,4.021226933676499e-09,6.603985373031837e-09,1.000000069797046,6.662994203068123e-09,5.433973108077296e-09,5.582359432378393e-09,0.9999999344562353,6.571516810234733e-09,1.000000069155567,6.062851244604254e-09,6.320667013666787e-09,2.6184501193020307e-09,1.0000001081382597,4.327752719213617e-09,5.7735366636631465e-09,0.9999999463470054,2.9701660377276948e-09,8.285424888232463e-09,1.1084639651851338e-08,0.999999932751594,8.148299338113322e-09,8.227087609254065e-09,0.9999999368197091,0.9999999458516785,0.9999999327515944,2.9206303430984787e-09,6.7384749650647834e-09,7.0204410310716866e-09,4.735937294743263e-09,7.48759382861093e-09,1.0000000467055745,0.9999999312469763,0.9999999327515944,6.603985373706502e-09
6.318821837256628e-09,8.403797553966584e-09,-2.1402238560446754e-12,-1.9216417826352186e-14,-1.0202117076605457e-13,-2.832798274608756e-13,-4.024415878428176e-13,-1.9216417829101026e-14,-1.2626152772786114e-12,1.983523700392989e-09,-8.695047735388542e-14,9.6193479500447e-13,-1.0202123474921913e-13,9.760074438131365e-13,-2.9790420461661907e-13,3.810479468702695e-12,6.728940089236942e-13,-1.2710624504254047e-12,-6.917759545606602e-14,2.8932903878894943e-13,-1.7797204098210544e-15,9.149402827871836e-13,-1.996213234008472e-09,8.335165126561254e-13,1.2386122420304617e-12,-1.0202117076606996e-13,7.26055097564712e-14,-3.048658330330507e-12,8.870211763960223e-14,-1.7872228688947855e-12,-2.8422544141153202e-12,-4.728967240806199e-13,-1.1586140196850319e-09,9.619346311716896e-13,6.608035101756389e-13,7.260550975634466e-14,-1.0202121337704632e-13,3.3421907266945925e-12,-3.5736484295764484e-12,2.405615067599728e-09,-2.4178672679044016e-12,-1.9586064504071768e-13,2.3817763579588636e-12,-2.1402238058185368e-12,-2.604821796249638e-12,-6.556992064849551e-13,-3.2266848247033512e-12,-2.9893090723257842e-12,-1.0202117076606996e-13,3.8104795471124295e-12,-1.996213234008436e-09,1.0244544648908869e-12,7.952019908473371e-14,-4.0321179284810466e-10,-1.0483632323922668e-12,-1.7706659232208482e-12,8.767246094905215e-13,-1.1409068306119491e-12,-1.9216417826352186e-14,-1.8746751532491564e-12,-1.0202131553691359e-13,-9.98859778975587e-10,-7.531024339940573e-14,1.4507267107958336e-12,-2.3604078934408687e-09,-1.770665951510396e-12,-3.596977629800347e-09,-1.028560915137422e-12,-1.8474528657017813e-12,3.881579071657902e-09,-6.136773572879827e-13,-1.1324718430657083e-12,3.34219105511996e-12,-2.945983447723606e-13,3.2833463451397243e-13,-8.261145001552181e-13,1.3916322420730147e-13,7.861878359652497e-14,-1.921644937196342e-14,-4.728966005569864e-13,1.7501729540924865e-09,2.522802868734209e-13,7.26055097564712e-14,-1.9216479348810947e-14,-1.0727377920980796e-12,-2.2337529411553334e-13,2.554872740015959e-12,7.951999034039089e-14,8.651552439215662e-13,-1.4577227958663027e-09,-1.0934954111789539e-13,-1.9216417829101026e-14,-1.020211533690211e-13
0.9999999499005755,-2.1402238560446754e-12,0.9999999143776555,0.9999998751502764,-4.3514026607281314e-13,1.652849023919392e-12,-1.3981229123087315e-08,0.9999998751502764,1.0000000065053232,2.3633325685939656e-12,-3.6973428096505694e-09,-7.260790009480844e-12,-4.3514037749242864e-13,1.000000054875492,1.9994353717662367e-12,1.2088315204155994e-13,1.0818888570984196e-12,1.0000000129785998,0.9999998725636569,9.927281514651365e-13,2.3744215812841687e-12,-8.593580502485881e-12,-1.65421652335537e-12,-4.965342328994018e-12,-5.137660726321837e-12,-4.3514057080200607e-13,0.9999998885311644,-4.103425454902164e-09,-1.147866740882222e-12,-1.3468512448023545e-12,-2.289071342997879e-12,6.942670027407255e-13,-8.693559121584755e-14,-7.2607894466207405e-12,5.769047602367864e-13,0.9999998885311638,-4.3514012337647157e-13,-2.005260847435164e-13,-3.5891410425811762e-12,3.947042246602911e-13,-2.9713999630770264e-12,-7.243530729039744e-13,3.094924803940429e-12,0.9999999038771188,-2.1977176952280636e-12,-1.6550550800790852e-09,-2.208201955697527e-12,-3.889301670085153e-12,-4.351405198703921e-13,1.2088321062221307e-13,-1.654216170234042e-12,-1.8683701945606753e-12,-5.192063328069114e-13,1.1327406071470242e-13,1.0000000161825588,0.9999998872825495,-7.152546008995797e-12,0.9999998801116627,0.9999998751502767,-1.0251518541169472e-12,-4.351407975917109e-13,1.000000011631269,5.172092290283346e-13,-4.845249508441798e-12,-2.777569188115202e-14,0.9999998872825503,-2.5444736390636222e-12,1.000000009667167,-7.73464716113318e-13,-6.83535029218431e-12,-2.7805053134262284e-09,1.0000000496636992,-2.0052588498996726e-13,3.2635240681326783e-13,0.9999998894584881,-2.8433479000394593e-09,1.4015261454701212e-13,-6.4407888303382064e-09,0.9999998751502761,6.942670893260645e-13,1.880834446673542e-12,0.9999998810150277,0.9999998885311641,0.9999998751502776,-4.34448803386366e-09,7.092498195096632e-13,-1.53005429330847e-12,-5.19206594760974e-13,4.020598864237924e-12,0.9999999876925686,0.9999998733759967,0.9999998751502761,-4.3514040178017773e-13
0.9999999327515979,-1.9216417826352186e-14,0.9999998751502764,0.9999998728202001,-5.277238799265612e-13,-1.2912842243209883e-12,-6.944042399890768e-12,0.9999998623191726,0.9999999914094089,-7.035855276910945e-13,-1.4852245729583339e-12,6.979145614669049e-13,-5.277239612457155e-13,1.000000034464983,-9.757293676435241e-13,-2.301570012490256e-12,-9.384388005866378e-13,0.9999999974453424,0.9999998597960096,-6.215688980857241e-13,-1.4946645130293134e-12,2.158350823884782e-14,-5.748269345947971e-13,1.968902311345896e-12,1.5876505452113534e-12,-5.277241656358205e-13,0.9999998749480846,-1.4289479011862073e-11,-1.3050701076010764e-12,-1.7339881670142228e-12,1.2598565972823888e-13,9.171439785628206e-14,-2.486454331155336e-13,6.979147939003221e-13,-1.152416667925152e-12,0.9999998749480852,-5.277236675607156e-13,-2.1802684010807808e-12,-1.4258554900499359e-12,-1.3263735924733669e-12,-1.5661233188037729e-12,-5.237717991438127e-13,1.30748312429294e-13,0.9999998751502761,-1.0877443934294167e-12,-5.025751342441175e-12,-3.546408553581522e-13,-1.2815294740117082e-12,-5.277241887002042e-13,-2.3015700677648837e-12,-5.748265435467437e-13,-6.892121602023906e-13,-1.8303734422949067e-12,-2.951150388267659e-13,1.0000000004807654,0.9999998602955859,6.52345146104858e-13,0.9999998512832293,0.9999998623191719,-2.1058216159482556e-12,-5.277243110703029e-13,0.9999999941769906,-7.608350857940229e-13,4.965807847804667e-13,-1.8016192760954124e-12,0.9999998602955859,2.155440926198332e-13,0.9999999944533047,-8.0121053908109e-13,6.29765933856096e-13,-3.788388430242638e-12,1.0000000317361513,-2.180268138628387e-12,-2.2985940245461542e-12,0.9999998752439649,-3.4355471210156247e-12,3.735856407377592e-13,2.3334701388394807e-12,0.9999998623191719,9.171442513335099e-14,-5.41982792975148e-13,0.999999865134823,0.9999998749480863,0.9999998623191728,-3.314513341204873e-12,-8.514331373585138e-13,8.536468278636876e-13,-1.830373496848079e-12,-1.8071699563680902e-12,0.9999999713913413,0.9999998609450129,0.9999998623191719,-5.277239755287471e-13
6.603983098501487e-09,-1.0202117076605457e-13,-4.3514026607281314e-13,-5.277238799265612e-13,1.0498648109865852e-08,5.485316724040139e-14,-5.63085142982924e-14,-5.277238643204351e-13,-6.204282344806488e-13,1.0332131078770524e-13,-3.3957906833952566e-14,-2.305905125247614e-13,-2.475196185741075e-12,-8.928796080524461e-10,5.49871838462455e-14,3.190759472663435e-13,8.90510525538457e-14,-6.227389325074764e-13,-5.306161386272806e-13,3.3753884467525833e-14,7.89800048522651e-14,-2.788194007226193e-13,-9.757091164532843e-14,7.5320339623489e-14,9.725237993726552e-14,-2.4751961857425643e-12,-5.085971327449226e-13,1.256095828222668e-13,6.7653539395190065e-15,-1.5074973842172597e-13,-1.8600551377727185e-13,-2.499772890887498e-11,-2.6512665334536402e-14,-2.305905139974809e-13,4.136062124730114e-14,-5.0859718269726e-13,-2.475196185735945e-12,2.7367781974309803e-13,-2.285789727201427e-13,7.059848643914433e-14,-1.5741369148797997e-13,-3.4940805829583886e-11,1.7889376699146308e-13,-4.3514025312024477e-13,-1.535350843362312e-13,1.5817868823922506e-13,-1.9398073653039505e-13,-2.3480488215925265e-13,-2.475196185741254e-12,3.190759338637045e-13,-9.75706887064685e-14,1.0397726262864851e-13,-2.5917233531832687e-14,2.5642263640982718e-17,-6.023280466210887e-13,-4.4373164196002125e-13,-2.2847490361763305e-13,-3.910119079948877e-13,-5.277238394372623e-13,-1.2670291768340598e-13,-2.475196185738667e-12,-5.586721590519503e-13,-1.1092919619685703e-14,5.4841866452859374e-14,-2.1038652075144357e-14,-4.4373164196002125e-13,-1.4858369883408297e-13,-5.997223599996997e-13,-1.285062285208705e-13,-1.9737306074923633e-13,-8.525926754540588e-14,-5.86950709244917e-13,2.7367791892474747e-13,-1.1868091655894278e-13,-4.882752628194238e-13,-9.185707375224706e-14,2.045321352062069e-11,-2.1357618506517678e-13,-5.277238643203443e-13,-2.49977289088807e-11,9.449763314465586e-14,-4.879877824675693e-13,-5.085971327449226e-13,-5.277238339363515e-13,-1.0637733580846444e-13,-1.705324310686433e-14,1.41033961327812e-13,-2.5917198744133815e-14,1.0301047315395985e-13,-1.1450408307579073e-09,-5.412165045911422e-13,-5.27723864320436e-13,-2.4751961857404225e-12
7.231790998503628e-09,-2.832798274608756e-13,1.652849023919392e-12,-1.2912842243209883e-12,5.485316724040139e-14,1.5449670649542974e-08,-8.939076662014508e-14,-1.29128430158114e-12,-5.941347564839694e-13,2.4994371411297665e-09,-2.2011530191921716e-13,-8.36526228806226e-13,5.4853148195521746e-14,-5.521407338153264e-10,4.900029353443224e-09,9.166210282308735e-13,2.2297529862346086e-13,-5.437614017861802e-13,-1.250093785952995e-12,-5.341122707250813e-13,5.338729911878681e-09,-3.75705912522059e-13,2.0680708592845462e-13,-8.912125696142587e-09,-4.367949464619798e-12,5.4853040589603516e-14,-1.2128421181569445e-12,4.535273907514764e-12,-5.44159272086342e-13,-8.905417283474403e-13,1.3183034713243728e-12,3.3579481245090683e-13,-4.4003096587033407e-13,-8.365261324078721e-13,-9.66716214270425e-13,-1.2128421181569245e-12,5.4853040589603516e-14,8.829264902932779e-13,1.4533828111650634e-12,-4.598878164028286e-13,6.028540841945142e-13,-1.946161070156638e-10,-5.642194331904765e-13,1.6528490468638465e-12,1.3422921548694214e-12,-5.58001034988475e-13,1.2241459865281323e-12,2.072557162571247e-13,5.4853040589544346e-14,9.166211521882387e-13,2.0680708592894343e-13,-1.6339613471304522e-09,-5.121519266281814e-13,4.0036116725229554e-13,-4.417217324074445e-13,1.2985097260678594e-12,-7.708663817345229e-13,1.5426677456147505e-12,-1.2912842788084637e-12,-9.849060186152407e-13,5.485309687535849e-14,-3.3277386716209445e-13,-6.900376932017922e-13,-3.1520989131149042e-12,4.960353291317415e-09,1.2985097056975335e-12,9.305952336173265e-14,-5.222853084968255e-13,-4.842698242026383e-13,-2.7215049267440676e-12,1.5215861302345568e-12,6.301959205163231e-11,8.829264902932779e-13,1.878815731670371e-12,-1.2059775417520174e-12,1.2648008129967178e-12,-3.869221288943267e-18,7.641863475960734e-14,-1.2912842620460394e-12,3.3579482985785613e-13,1.955103347937689e-09,-6.993961801215521e-13,-1.2128421565153678e-12,-1.2912842243181642e-12,1.7291513247824347e-12,-2.9701759127651545e-13,-4.876396806579127e-12,-5.121523994679685e-13,2.228969006624444e-09,-5.743260953951274e-10,-1.4253795969896142e-12,-1.2912842335517409e-12,5.4853063406737155e-14
-5.472358471810049e-09,-4.024415878428176e-13,-1.3981229123087315e-08,-6.944042399890768e-12,-5.63085142982924e-14,-8.939076662014508e-14,1.0098841677949194e-08,-6.944042210085977e-12,-1.4363014914326102e-08,4.1518508568748906e-13,-5.083650580739287e-11,-5.388466430946719e-10,-5.63084619681414e-14,-1.2414383557635723e-08,-9.963341810620765e-14,1.7254226858857922e-12,1.9054372925877994e-13,-1.4433197341762664e-08,-6.9710069599908636e-12,1.9373471590485106e-13,1.1521934593765012e-13,-5.626085167843281e-10,-1.9966294761181581e-13,-1.941716765166357e-09,-1.5989871486568181e-09,-5.630849363486276e-14,-6.838341111632896e-12,-1.5347208608467196e-10,-2.529398536907149e-13,-8.019290479028673e-13,-5.407095408418271e-13,-1.2048360567990973e-13,-2.081026433784837e-13,-5.388466430946278e-10,-1.3816935447492714e-13,-6.838341111632896e-12,-5.6308424503500856e-14,1.5734002330896047e-12,-6.313586388749795e-13,5.221150167453072e-13,-6.159823211788159e-13,-8.971857084611671e-14,5.649367556441608e-13,-1.3981229123087423e-08,-3.449893381947008e-13,-2.8003828267254475e-10,-6.453106254999684e-13,-4.779992593060765e-13,-5.630853010474552e-14,1.7254226360315162e-12,-1.996629476119819e-13,-1.4315635134835222e-10,6.655540238566056e-14,1.1618147367908928e-13,-1.4209860473852796e-08,-1.3816129936368863e-08,-5.380429690033115e-10,-1.3373099124542315e-08,-6.944042268600771e-12,-1.1611105218732563e-12,-5.630846196823586e-14,-1.384005893376314e-08,4.7837599192500344e-11,-7.484616930666704e-10,-1.0441257264964965e-13,-1.3816129936368972e-08,-7.490582892391957e-13,-1.4133897480634117e-08,-9.601429557039811e-13,5.963675517532143e-10,3.3892912390420786e-10,-1.391952858362853e-08,1.5734002330896215e-12,1.146654576122839e-09,-6.731608521448292e-12,7.331981443675367e-11,-1.4263478555619395e-14,-7.859586606185611e-10,-6.944042399890159e-12,-1.2048364077484517e-13,2.0759315427624735e-13,-1.3436989578298453e-08,-6.83834113905931e-12,-6.944042276833665e-12,-4.3120963966317376e-10,-5.795804130374866e-15,8.849275112597349e-10,6.655541387540033e-14,2.11859470090128e-09,-1.4001846154864988e-08,-6.96438367377281e-12,-6.944042399890768e-12,-5.630849363486276e-14
0.9999999327515952,-1.9216417829101026e-14,0.9999998751502764,0.9999998623191726,-5.277238643204351e-13,-1.29128430158114e-12,-6.944042210085977e-12,0.9999998728202008,0.9999999914094101,-7.035855404848079e-13,-1.4852245130559451e-12,6.979146032303723e-13,-5.277239567474255e-13,1.0000000344649826,-9.757294538298057e-13,-2.301570128528194e-12,-9.384386965535738e-13,0.9999999974453431,0.999999859796008,-6.215689895345579e-13,-1.4946644778841942e-12,2.1583479077234638e-14,-5.748270015121578e-13,1.9689023801409138e-12,1.5876505272017703e-12,-5.27724153461806e-13,0.9999998749480842,-1.428947893930617e-11,-1.305070107601077e-12,-1.7339882126555507e-12,1.2598559070996406e-13,9.171440096832786e-14,-2.486454624180762e-13,6.97914775013498e-13,-1.1524166556497528e-12,0.9999998749480833,-5.277236459304205e-13,-2.1802684088394284e-12,-1.4258555944724823e-12,-1.3263735704234728e-12,-1.5661233187537006e-12,-5.237717560938623e-13,1.3074830364798482e-13,0.9999998751502751,-1.087744373724328e-12,-5.025751341771829e-12,-3.5464105002382894e-13,-1.281529513340441e-12,-5.277241887002042e-13,-2.3015701217087408e-12,-5.74826541760311e-13,-6.892121718385482e-13,-1.8303733137126725e-12,-2.9511503883446177e-13,1.000000000480764,0.9999998602955844,6.523451274709886e-13,0.9999998512832288,0.9999998623191715,-2.1058216159482556e-12,-5.277243110703029e-13,0.9999999941769897,-7.608351023091911e-13,4.965807847804676e-13,-1.8016192760954124e-12,0.9999998602955845,2.155440585899496e-13,0.9999999944533028,-8.01210690376919e-13,6.297658915758547e-13,-3.788388440753857e-12,1.0000000317361502,-2.1802683443513183e-12,-2.2985942042418607e-12,0.9999998752439644,-3.4355470899259913e-12,3.7358558390266033e-13,2.333470143422815e-12,0.9999998623191707,9.171447197996828e-14,-5.419828732246693e-13,0.9999998651348214,0.9999998749480858,0.9999998623191728,-3.314513406989382e-12,-8.514330527366476e-13,8.536468322985444e-13,-1.8303737748005547e-12,-1.8071699168083985e-12,0.9999999713913414,0.9999998609450118,0.9999998623191715,-5.277239507303673e-13
1.00000006607729,-1.2626152772786114e-12,1.0000000065053232,0.9999999914094089,-6.204282344806488e-13,-5.941347564839694e-13,-1.4363014914326102e-08,0.9999999914094101,1.0000001302256876,1.4016252008865184e-09,-3.3560808564748478e-09,-1.4838566095850983e-09,-6.204283081492947e-13,1.0000001664589957,-2.8556201484056924e-13,2.329964953853901e-13,-2.564672759525448e-10,1.0000001258769802,0.9999999888149305,-7.402193649012342e-14,-3.3463174591262757e-13,-2.9288735500297516e-09,-1.3795720106412687e-12,-1.53609276296226e-09,-1.697409951134826e-09,-6.204285076310172e-13,1.0000000042862427,-2.467195875164081e-08,-1.371886461304515e-12,-2.4911642466509603e-12,-1.9142665540950163e-12,-5.144342458703159e-11,-6.147215668240217e-13,-1.4838561906193059e-09,-4.695147717470786e-13,1.0000000042862416,-6.20428098189604e-13,2.0454246328527425e-14,-3.707799491349314e-12,-2.376373113524946e-13,-3.170913672438558e-12,-7.359450965094112e-13,2.011407096606394e-12,1.0000000065053212,-2.613123494969235e-12,-9.569575006451457e-09,-2.4472533108879974e-12,-3.3609470788667237e-12,-6.204285345979907e-13,2.329965334620669e-13,-1.3795717234728173e-12,-1.97625238697468e-09,-1.3452110362475588e-12,-2.7707949528817267e-13,1.0000001291790461,0.9999999916196293,-1.5838526447188905e-09,0.9999999838128868,0.9999999914094093,-2.8524250473578023e-12,-6.204287122575022e-13,1.0000001239238623,-4.451870614210056e-13,-2.0233002985219403e-09,-1.841164757869217e-12,0.9999999916196289,-1.5978093645800475e-12,1.0000001230286593,-1.798267310562855e-12,-2.487315597763933e-10,-6.040828997222218e-09,1.0000001609981433,2.0454427892806212e-14,-1.994929331945738e-09,1.0000000050163635,-5.908403698054239e-09,2.870599749851984e-13,2.207630051057028e-09,0.9999999914094093,-5.1443232682167544e-11,5.401748983282991e-13,0.9999999954635884,1.0000000042862436,0.9999999914094093,-6.517589282144589e-09,-1.0161294032545873e-09,1.6322951707762908e-09,-1.3452112978339024e-12,1.1831430617790207e-09,1.0000001005423411,0.9999999898559407,0.9999999914094093,-6.204282987342496e-13
8.351686905026911e-09,1.983523700392989e-09,2.3633325685939656e-12,-7.035855276910945e-13,1.0332131078770524e-13,2.4994371411297665e-09,4.1518508568748906e-13,-7.035855404848079e-13,1.4016252008865184e-09,9.335216915451976e-09,-4.505920646639848e-11,-1.0577397872740145e-12,1.0332134512237897e-13,-3.387503908100412e-09,2.5137782355179297e-09,-4.048755040849701e-12,-6.746009119620361e-13,7.586487499680614e-13,-6.276106947255547e-13,-5.610678033669858e-13,2.0188670434932475e-09,-8.038776217581102e-13,1.1168728625316828e-12,-2.3853423055040607e-12,-2.780891721881046e-12,1.0332131078833248e-13,-8.399376473057334e-13,4.545142752759326e-12,-4.421967612876169e-10,1.7144303381897014e-12,3.2469829212535443e-12,5.839239732975783e-13,3.8975101028514223e-13,-1.0577398189767586e-12,-8.695879238477606e-13,-8.399376639900656e-13,1.0332134512202773e-13,-3.5406939739364127e-12,4.03278853981968e-12,-1.435156752615156e-12,5.308081087172304e-09,1.4793496556621815e-13,-5.243192534159139e-09,2.363332564827683e-12,2.9891521080613166e-12,3.0918325941321703e-13,3.6192211491521886e-12,5.964852239286216e-09,1.033213071434963e-13,-4.048755019870989e-12,1.1168730585389152e-12,-2.645866434425135e-09,-1.992311329013551e-13,2.3351432683834434e-13,5.289924867778113e-13,1.874664976271696e-12,-9.567910632874057e-13,1.2994186921728883e-12,-7.035855276910945e-13,1.893632652520727e-12,1.0332119555887906e-13,3.3282322769861203e-15,-1.6671121796412856e-13,-2.572292563708997e-12,4.110064317845201e-09,1.8746649762873762e-12,3.860939539480697e-09,8.947924367818375e-10,1.9306709463400425e-12,-5.726080996403012e-09,1.1802833900863109e-12,1.362614545001122e-09,-3.5406938729746117e-12,9.38746513671856e-13,-1.1153993514752323e-12,1.306416021270014e-12,-1.732058738096059e-13,1.4437383408186145e-13,-7.035854709613442e-13,5.839240410025775e-13,-1.0117232635031138e-09,-8.32189625332437e-13,-8.399376831452404e-13,-7.035855276910945e-13,1.7752008759204008e-12,1.616164931107837e-13,-8.917354818825053e-09,-1.9923126581344706e-13,-1.3121730400953792e-09,4.756812182188502e-10,-6.623168905486757e-13,-7.035855404848079e-13,1.033213631725725e-13
5.0397089603726735e-09,-8.695047735388542e-14,-3.6973428096505694e-09,-1.4852245729583339e-12,-3.3957906833952566e-14,-2.2011530191921716e-13,-5.083650580739287e-11,-1.4852245130559451e-12,-3.3560808564748478e-09,-4.505920646639848e-11,1.0488153664041794e-08,2.768506604227503e-10,-3.3957986194495806e-14,-3.183110896192733e-09,-2.20583908117887e-13,8.743908161151205e-14,-1.2102495995706107e-14,-3.357557655298342e-09,-1.4911041199121592e-12,6.102677612553693e-14,-1.9378246941307338e-13,2.408214201706488e-10,-7.206748787436989e-14,1.9474369244741142e-10,2.4577033656495103e-10,-3.3957964557805586e-14,-1.5032609952352401e-12,-1.0643283862949055e-09,6.560398353547338e-15,1.032520995270096e-14,-3.030733565285083e-13,-7.359549690005716e-14,-4.0761990007233384e-14,2.768506604227752e-10,1.1703886148960108e-13,-1.5032610713343536e-12,-3.39579040753776e-14,7.590176098407216e-14,-3.3464950716210815e-13,1.4694672554445152e-13,-2.1215534024401667e-13,-2.5263910691284457e-14,1.6919117105146592e-13,-3.6973428096506588e-09,-2.682584209055279e-13,-2.0794435252874278e-10,-3.1225145126087835e-13,-1.7173488420832978e-13,-3.3957906833952566e-14,8.743908161103912e-14,-7.206757864382198e-14,3.7113623644476635e-11,1.0394227777382111e-13,-6.297363321434683e-14,-3.3600307166022886e-09,-3.5673953700094023e-09,2.5613643568796916e-10,-3.523270678172804e-09,-1.4852245370545897e-12,-2.1416329694721564e-14,-3.395790683427416e-14,-3.2984925484221156e-09,7.676699749725485e-14,2.8880153349756005e-10,-2.8220544922173327e-13,-3.567395370009488e-09,-1.8719276039742415e-13,-3.3535987648522873e-09,-1.4839499598498663e-10,8.136505610904128e-10,-1.1820032564016556e-10,-3.46335229807277e-09,7.590177348637283e-14,2.0650186284120567e-11,-1.4867366446535e-12,-1.4508541800087797e-10,-2.68663746069305e-14,1.8545654765366897e-11,-1.4852243476942156e-12,-7.359548130584646e-14,-2.847328505505952e-14,-1.5171586449813545e-12,-1.5032610646922794e-12,-1.4852245370545897e-12,-3.2708224542036217e-10,5.002035478413289e-14,9.187064825094385e-10,1.0394224664568101e-13,2.368494667121559e-10,-3.3620263062659034e-09,-1.4773572577368318e-12,-1.4852244996325218e-12,-3.395798619901977e-14
6.706837894186962e-09,9.6193479500447e-13,-7.260790009480844e-12,6.979145614669049e-13,-2.305905125247614e-13,-8.36526228806226e-13,-5.388466430946719e-10,6.979146032303723e-13,-1.4838566095850983e-09,-1.0577397872740145e-12,2.768506604227503e-10,3.037415308786606e-08,-2.305905157726214e-13,-2.9314496553355087e-09,-9.287163028075905e-13,1.262912759734682e-12,-1.7308628013466326e-12,-1.8420463249945265e-09,7.317390943535202e-13,-2.1554027129354462e-12,-1.2434529689226833e-12,2.3050648322902885e-08,7.772367631615307e-13,7.867743437157518e-13,1.1026913552578784e-12,-2.3059051402200437e-13,3.721393397897269e-13,-1.1784959121443171e-11,-1.0664567696996262e-12,-2.6389693712802254e-12,1.986890798095434e-12,-7.833588812875579e-13,-1.4243818828413969e-12,1.9873780916124878e-08,-2.6678880042888494e-12,3.721393283706779e-13,-2.305905139975401e-13,1.4447025663872044e-12,1.411168360605709e-12,-1.1622949663093692e-12,2.7448316999740934e-13,-1.1370945013089617e-13,-2.262905596294871e-12,-7.260790009471493e-12,8.406239963600499e-13,-1.4750258869438675e-08,8.859580792798727e-13,1.2399675952471568e-12,-2.305905064202893e-13,1.262912425248371e-12,7.772367311761419e-13,3.1593614495113023e-13,-1.5400594835525725e-12,-1.5733616497669348e-13,-1.475741945032921e-09,-6.203320715417076e-12,1.9499521393526348e-08,-6.434446188666415e-12,6.979146256857837e-13,-4.059356351850935e-12,-2.305905242530204e-13,-2.238011647508612e-09,-2.097244646632022e-12,2.1695581467463412e-12,-1.511596430462659e-13,-6.203320715417072e-12,1.3246022520972836e-12,-1.116235144538751e-09,-2.2300938185105213e-12,1.7048544900548508e-08,-8.173209216170303e-10,-2.899956392649009e-09,1.4447025554713467e-12,8.239214630262961e-13,2.4723079872440324e-13,-1.275446389758808e-09,2.1728380215015622e-13,1.4650010717445453e-08,6.979145810842685e-13,-7.833589416004661e-13,-9.544652355121428e-13,-6.180381334910955e-14,3.7213937411776897e-13,6.979145697111349e-13,7.873861134963111e-10,-2.0274548922636546e-12,-1.5258042845135083e-12,-1.5400593209998364e-12,-3.3612271824884857e-12,-1.3676869037448808e-09,7.337544559575228e-13,6.979145673302984e-13,-2.3059050288036736e-13
6.603983290304993e-09,-1.0202123474921913e-13,-4.3514037749242864e-13,-5.277239612457155e-13,-2.475196185741075e-12,5.4853148195521746e-14,-5.63084619681414e-14,-5.277239567474255e-13,-6.204283081492947e-13,1.0332134512237897e-13,-3.3957986194495806e-14,-2.305905157726214e-13,1.0498648109865852e-08,-8.928797718454821e-10,5.4987229532331185e-14,3.1907593386391857e-13,8.905118212812487e-14,-6.227390281622299e-13,-5.306163056632466e-13,3.375392683272738e-14,7.898017145706526e-14,-2.788194433703981e-13,-9.757089600534883e-14,7.532062704186324e-14,9.725248156357703e-14,-2.475196185743258e-12,-5.085972100354124e-13,1.256095828273902e-13,6.765330211535242e-15,-1.5074964829836444e-13,-1.8600545099243739e-13,-2.4997728908877094e-11,-2.6512665334536402e-14,-2.3059051402200437e-13,4.1360502578035176e-14,-5.085972016804645e-13,-2.475196185736561e-12,2.736779898282726e-13,-2.285789685338553e-13,7.059840351045868e-14,-1.5741374562103276e-13,-3.494080582959056e-11,1.7889390390012373e-13,-4.3514036001839966e-13,-1.5353512803489495e-13,1.5817856444325526e-13,-1.9398085294780756e-13,-2.34804648122739e-13,-2.475196185742007e-12,3.1907582497246777e-13,-9.75706887064685e-14,1.0397724662277993e-13,-2.591711758594437e-14,2.579030688954279e-17,-6.023281442612067e-13,-4.437316583245739e-13,-2.2847470342287027e-13,-3.910119212858139e-13,-5.277239436672866e-13,-1.2670291768175581e-13,-2.4751961857392023e-12,-5.586722573024462e-13,-1.1092917850925776e-14,5.484186645836136e-14,-2.1038697537987908e-14,-4.4373164891621595e-13,-1.485836527844247e-13,-5.997224277465683e-13,-1.2850631450671855e-13,-1.9737305013213306e-13,-8.525907271589363e-14,-5.869507947483015e-13,2.736780879980496e-13,-1.1868086671628892e-13,-4.882753358115271e-13,-9.185707823003469e-14,2.0453213520625834e-11,-2.1357618506691518e-13,-5.277239436672866e-13,-2.4997728908882923e-11,9.449762955786448e-14,-4.879879140920793e-13,-5.085971815875554e-13,-5.277239436636494e-13,-1.063772397171304e-13,-1.7053100658731617e-14,1.4103385255080053e-13,-2.5917207173298743e-14,1.0301042535542942e-13,-1.1450409945508961e-09,-5.412165634766701e-13,-5.27723936744318e-13,-2.4751961857410477e-12
1.0000001118834396,9.760074438131365e-13,1.000000054875492,1.000000034464983,-8.928796080524461e-10,-5.521407338153264e-10,-1.2414383557635723e-08,1.0000000344649826,1.0000001664589957,-3.387503908100412e-09,-3.183110896192733e-09,-2.9314496553355087e-09,-8.928797718454821e-10,1.0000002127215062,1.5470157076415207e-10,-9.514034556522292e-12,-1.6163388507326368e-12,1.0000001728540622,1.000000032136416,-8.581562880314214e-13,-1.6630276743594672e-09,-4.301165636757307e-09,4.0059197465035947e-13,6.72805519978454e-10,-1.374782818164089e-09,-8.928801668345748e-10,1.0000000463956287,-1.7112444335756502e-08,-8.902809632499698e-13,4.2659215803457765e-09,2.6893556127148792e-12,1.5477120347000847e-09,5.606778863912603e-13,-2.9314492363697394e-09,-1.4597456553451753e-09,1.0000000463956273,-8.928792982460435e-10,-8.684409288345831e-12,4.242232333771359e-09,-2.875550318395821e-12,2.566394093632533e-09,-6.80021876640408e-10,-4.736295314470407e-09,1.00000005487549,2.5881581598766123e-09,-7.294975521923717e-09,2.983332493003155e-12,3.1390182877380604e-09,-8.928802688520035e-10,-9.514034632211821e-12,4.005922350243317e-13,-4.55023146504065e-09,-1.3230652968710846e-12,-9.843069939384984e-10,1.0000001749216152,1.0000000387662678,-2.8232203373133314e-09,1.0000000281951065,1.0000000344649833,5.54728460196269e-09,-8.928805803523704e-10,1.0000001673809182,-2.0846894748310866e-13,-4.223325989115272e-09,-8.53255078860911e-10,1.0000000387662673,2.323664342519777e-12,1.0000001684863,3.1047583372980137e-12,-6.2533984243742576e-09,-5.2716630005313114e-09,1.0000002059566673,-8.68440907843748e-12,-3.843763219828856e-09,1.000000045948442,-3.975484304687096e-09,2.3285161503657416e-14,3.50743142292182e-09,1.0000000344649818,1.5477122266049747e-09,-2.3818736745957507e-09,1.0000000365780881,1.0000000463956287,1.000000034464983,-3.0762094792751464e-09,1.0360478674993725e-14,-6.219522570362964e-09,-1.3230657882693383e-12,-5.614540614714029e-09,1.000000144845329,1.0000000332761503,1.0000000344649826,-8.92879776844775e-10
7.893877158294439e-09,-2.9790420461661907e-13,1.9994353717662367e-12,-9.757293676435241e-13,5.49871838462455e-14,4.900029353443224e-09,-9.963341810620765e-14,-9.757294538298057e-13,-2.8556201484056924e-13,2.5137782355179297e-09,-2.20583908117887e-13,-9.287163028075905e-13,5.4987229532331185e-14,1.5470157076415207e-10,1.535110486311428e-08,9.885619543968298e-13,2.404332349977888e-13,-2.376424061347263e-13,-9.363662187616203e-13,-5.077853034143258e-13,5.304186349574048e-09,-4.897483158670031e-13,1.9400632640377056e-13,-8.849675211101861e-09,-4.3334316090068245e-12,5.498722058724113e-14,-8.885807827450429e-13,4.574044242784703e-12,-5.449132307976188e-13,-9.12926190983264e-13,1.282534308981211e-12,3.340651456529344e-13,-4.32425203638242e-13,-9.28716422572322e-13,-9.561766772999611e-13,-8.885807827028818e-13,5.498722058724113e-14,9.462996132687605e-13,1.4165918863733582e-12,-4.2951101543680857e-13,5.75594591730735e-13,-9.867410801622444e-14,-5.262709153118773e-13,1.999435368529906e-12,1.32103999198738e-12,-4.859984478328117e-13,1.1921106499560797e-12,1.8478190261058096e-13,5.498722058724113e-14,9.885619543961621e-13,1.9400620817363e-13,-1.600817961052983e-09,-5.044371340515904e-13,4.062773035414832e-13,-1.3146329104811072e-13,1.6426965920016002e-12,-8.615141132491974e-13,1.893691579978937e-12,-9.757293382778139e-13,-1.0148163533762809e-12,5.498719894677406e-14,-1.487832348283888e-14,-6.737856596678906e-13,-3.1328896733002725e-12,4.914094501023019e-09,1.6426965880824023e-12,5.818258184264506e-14,-2.090857464322821e-13,-5.151924544240845e-13,-2.7640587956436415e-12,1.499217939809852e-12,6.981724085880188e-10,9.462996132361866e-13,1.8542132411629842e-12,-8.764235420306674e-13,1.2433196699281043e-12,4.458552238531926e-16,-9.831432972070932e-15,-9.757293382779631e-13,3.340651244110952e-13,1.957390604025395e-09,-3.772304436168268e-13,-8.885809257306533e-13,-9.757294538298057e-13,1.6873754925056696e-12,-2.870095973708809e-13,-4.784993300828322e-12,-5.044371512407519e-13,2.3220945921655458e-09,5.075704949152713e-11,-2.2133621368687437e-09,-9.75729408786612e-13,5.498719894677406e-14
4.29516374335649e-09,3.810479468702695e-12,1.2088315204155994e-13,-2.301570012490256e-12,3.190759472663435e-13,9.166210282308735e-13,1.7254226858857922e-12,-2.301570128528194e-12,2.329964953853901e-13,-4.048755040849701e-12,8.743908161151205e-14,1.262912759734682e-12,3.1907593386391857e-13,-9.514034556522292e-12,9.885619543968298e-13,-2.3327424127785558e-08,-5.078166367902945e-09,5.000132485833007e-13,-2.0424273653705117e-12,-1.9008306075466418e-12,-7.070896493667809e-13,1.5847328340692513e-12,2.697710355029707e-12,4.0628739743702424e-12,2.463158306816288e-12,3.1907580107317404e-13,-3.308005791873066e-12,3.398398950775134e-12,1.243980451651757e-12,7.745357997053208e-12,7.115134442303841e-12,1.2004393861379164e-12,1.6947989926070572e-12,1.262912759746495e-12,-5.97670597206889e-14,-3.308005743741903e-12,3.190759021169943e-13,-3.0370805500866273e-08,8.743706354436059e-12,-4.889682980815642e-12,7.055442407620155e-12,6.733947337727576e-13,-7.1104947236242054e-12,1.2088325807680978e-13,5.54786156145164e-12,7.008666893376305e-13,8.28196656626087e-12,7.10697577903165e-12,3.190758249724992e-13,-3.3829723256412504e-08,2.697710355029756e-12,-1.2322303815017692e-12,-3.271590147188049e-13,-1.5245448157646932e-09,-5.777478267739011e-13,-7.281018078615508e-13,1.3576205079473028e-12,-3.0379676243053045e-12,-2.301569947705528e-12,1.0026285742584187e-11,3.1907591633369416e-13,-2.5054217801783944e-12,-1.0456104246649747e-13,-1.2517210476298812e-13,2.060029195732092e-12,-7.281018276495617e-13,6.945320059989146e-12,-8.837178668303784e-13,8.648784616912068e-12,-3.607780215144067e-12,-2.436407756542858e-14,-1.6478911788347742e-12,-3.037080550086625e-08,-2.699924042760435e-12,-4.352914639306636e-12,1.0085896999316028e-12,-3.0972944223389746e-13,2.977352428927104e-12,-2.301569947705528e-12,1.2004394696754994e-12,-2.5697812405502526e-12,-4.185584027778087e-12,-3.3080057064063346e-12,-2.301570012490256e-12,2.874706013190423e-12,4.094822237890141e-13,-6.6107016426225836e-12,-3.271589556807324e-13,-7.61178418547841e-12,-3.4559470663231377e-09,-2.0468854201792933e-12,-2.301570128528194e-12,3.1907580107317404e-13
6.88441330030873e-09,6.728940089236942e-13,1.0818888570984196e-12,-9.384388005866378e-13,8.90510525538457e-14,2.2297529862346086e-13,1.9054372925877994e-13,-9.384386965535738e-13,-2.564672759525448e-10,-6.746009119620361e-13,-1.2102495995706107e-14,-1.7308628013466326e-12,8.905118212812487e-14,-1.6163388507326368e-12,2.404332349977888e-13,-5.078166367902945e-09,9.750864808836518e-09,-2.566240082503554e-10,-9.036844276681616e-13,-9.015506367206484e-14,4.08650202507705e-14,-1.938127695923233e-12,6.426815454794104e-13,2.5663576120871885e-14,-2.8600911476708244e-13,8.90510525538457e-14,-9.663716461709706e-13,2.8099804898511635e-12,-3.6573080791711347e-14,1.221351924900225e-12,1.891923137139551e-12,3.6638405190824096e-13,4.665169654785133e-13,-1.7308629116572538e-12,-3.7745439902023035e-13,-9.663715872825086e-13,8.90511213166523e-14,-2.2462516094104353e-12,2.434318126815665e-12,-7.521899678099517e-13,1.6579854293529714e-12,1.3130072312842252e-13,-1.5476516904468818e-12,1.0818889110606481e-12,1.8018259215483899e-12,1.3406854391122956e-12,4.466887099708085e-09,1.9916153243217657e-12,8.905105255471771e-14,-5.078166367902956e-09,6.426815454793827e-13,-3.9663507501223186e-13,-6.817812952472552e-14,2.705945524390143e-10,-2.786765493277562e-13,7.41513391627579e-13,-1.6450829622807612e-12,2.918150086182258e-13,-9.384387156851216e-13,2.7069965709429814e-09,8.905115408997148e-14,-1.2757237522994843e-09,1.220094527552374e-13,-7.788078612835897e-13,8.041171633660189e-13,7.415134144051429e-13,1.1295200175982152e-12,-2.858561687497689e-13,1.2906971757431062e-12,-2.290029014060137e-12,8.871326761386136e-14,-1.8089861742869052e-13,-2.246251569402757e-12,-3.56748052902612e-13,-1.1300449036913002e-12,2.829261452927216e-13,-9.49749893037162e-14,-9.501315156594339e-13,-9.384387019971073e-13,3.663840519004427e-13,-5.698358082696041e-13,-1.1414701595918277e-12,-9.663717272668196e-13,-9.384387759487892e-13,3.8153773794078853e-13,2.2983869898199105e-13,-1.2048483167931151e-12,-6.817812952533019e-14,-4.126881336858585e-13,-9.821646461356182e-10,-8.92873335738391e-13,-9.384387019971073e-13,8.90510525538457e-14
1.0000000723745526,-1.2710624504254047e-12,1.0000000129785998,0.9999999974453424,-6.227389325074764e-13,-5.437614017861802e-13,-1.4433197341762664e-08,0.9999999974453431,1.0000001258769802,7.586487499680614e-13,-3.357557655298342e-09,-1.8420463249945265e-09,-6.227390281622299e-13,1.0000001728540622,-2.376424061347263e-13,5.000132485833007e-13,-2.566240082503554e-10,1.000000142505554,0.99999999484514,-6.566173305565509e-14,-2.496594506813428e-13,-3.2739150991217127e-09,-1.3315926149648046e-12,-2.2824388638961312e-09,-2.4057149045042804e-09,-6.227392098239473e-13,1.0000000103873206,-2.4047377146475195e-08,-1.4750456879736506e-12,-2.6550867931885856e-12,-1.763651831550931e-12,-2.3355355386564898e-11,-6.344573670143732e-13,-1.842045906028728e-09,-6.253901697117527e-13,1.0000000103873197,-6.2273878390762e-13,2.781680800145742e-13,-3.5232781991547326e-12,-2.073103603754175e-13,-3.1187270198532336e-12,-7.44466815161921e-13,1.946901018329564e-12,1.0000000129785989,-2.4318410614062464e-12,-9.52817710544687e-09,-2.30447322836228e-12,-3.2263817024461605e-12,-6.227393066418329e-13,5.000132283161946e-13,-1.3315923320128709e-12,-2.1570649579142134e-09,-1.3767533455156379e-12,-2.050367502809853e-13,1.0000001353504107,0.9999999980593257,-1.922628383621835e-09,0.9999999902820916,0.9999999974453431,-3.1303472076295394e-12,-6.227394346321568e-13,1.000000130108397,-4.714664462796696e-13,-2.5141919136277875e-09,-1.6945955653904966e-12,0.9999999980593257,-1.6337063481201337e-12,1.000000129223741,-1.978755791827607e-12,-5.64284803354808e-10,-5.843300294247958e-09,1.0000001672972092,2.78168273177624e-13,-1.6228518735852575e-09,1.0000000111377616,-5.756106341396849e-09,2.8093534764231584e-13,1.9577561410683574e-09,0.9999999974453426,-2.335516348166588e-11,5.396248224975999e-13,1.0000000015958967,1.000000010387321,0.9999999974453436,-6.426545994881616e-09,-5.243838329932748e-13,1.2780192600636095e-09,-1.3767535957647384e-12,1.6219191783338144e-09,1.0000001067347668,0.9999999958869263,0.9999999974453431,-6.227390424039476e-13
0.9999999302027445,-6.917759545606602e-14,0.9999998725636569,0.9999998597960096,-5.306161386272806e-13,-1.250093785952995e-12,-6.9710069599908636e-12,0.999999859796008,0.9999999888149305,-6.276106947255547e-13,-1.4911041199121592e-12,7.317390943535202e-13,-5.306163056632466e-13,1.000000032136416,-9.363662187616203e-13,-2.0424273653705117e-12,-9.036844276681616e-13,0.99999999484514,0.9999998677697631,-6.247211997975767e-13,-1.4343037146530998e-12,6.753045308662189e-14,-6.096943268141536e-13,1.884774342948161e-12,1.5284085179949845e-12,-5.306165619345336e-13,0.9999998724493555,-1.4331704135170344e-11,-1.328693734469005e-12,-1.8795372355719174e-12,5.248848245575672e-14,7.71492663960862e-14,-2.8882157267497203e-13,7.317393046884183e-13,-1.1772335338167443e-12,0.999999872449355,-5.30616023434164e-13,-1.947001223416147e-12,-1.53046319939704e-12,-1.2824957856975676e-12,-1.6577849981596739e-12,-5.349277667208434e-13,2.1566336297326882e-13,0.9999998725636554,-1.150885321540749e-12,-5.0818337936025194e-12,-4.5451994159667204e-13,-1.3949447013095178e-12,-5.306165445629993e-13,-2.042427652033946e-12,-6.096940560271712e-13,-6.639356589085154e-13,-1.8545537244921226e-12,-2.823690640055804e-13,0.9999999979163285,0.999999857728875,6.843465823389626e-13,0.9999998487899363,0.9999998597960079,-2.2785326927563757e-12,-5.306167359537477e-13,0.9999999916667875,-1.581791705338975e-09,4.850521864379634e-13,-1.7831753417171996e-12,0.9999998577288751,1.3720177848285445e-13,0.9999999918944205,-9.378002228931137e-13,6.653483389236954e-13,-3.779907108313506e-12,1.0000000292009878,-1.9470008654211958e-12,-2.2559413410580545e-12,0.9999998727719996,-3.444933894811202e-12,3.832971055912527e-13,2.344330919578495e-12,0.999999859796008,7.71493184406225e-14,-4.845694813254322e-13,0.9999998626737294,0.9999998724493556,0.9999998597960092,-3.3236060771589264e-12,-8.828755585416844e-13,8.458145166002647e-13,-1.8545540434059633e-12,-1.7357145073101122e-12,0.9999999688689173,0.9999998584072521,0.9999998597960075,-5.306162264557577e-13
