0.9999999999993762,1.0924688195635785e-10,1.0000000081724385,1.0000000081724425,1.4919655147288634e-09,1.2678034815059084e-10,2.294981149829129e-09,1.000000012005357,5.93975170938796e-11,0.9999999976637054,1.571866215521269e-10,2.275138275228449e-09,1.8965853432235905e-10,0.9999999957390296,1.3234714316236446e-10,7.514632590521416e-10,0.9999999953876797,1.0000000081724396,-4.263291055373317e-10,5.286433126242875e-10,1.5567245585087333e-10,1.0000000099131348,1.0000000082623335,1.000000001843454,1.0000000002153742,-8.406464920907161e-11,2.0444065560660638e-09,1.306724528700455e-11,1.0000000081724412,8.065212557026282e-11,1.9659694683443722e-10,1.0000000102325937,1.0000000084229508,0.9999999972237916,0.9999999972208604,-4.132419733156865e-11,1.7370037054627835e-10,-4.666843637136608e-11,3.0683668450555724e-11,0.9999999986740647,-5.2182073214058686e-11,-4.132744380332214e-11,-4.132725756289433e-11,1.000000011521506,4.648053702648884e-10,2.1570771283604902e-10,2.0693919037607471e-10,1.0000000081724425,1.0000000081724425,1.520946730827894e-10,1.4526959560732858e-10,1.2686085871471644e-10,1.0000000111622138,2.1570771529371705e-10,2.3386221970950996e-10,-3.696893281273365e-10,0.9999999950075523,1.9552753538713213e-10,-9.507691453875342e-11,1.1039159352005473e-09,1.0000000131621656,8.06510808008509e-11,1.6315328198628593e-10,1.000000008172441,2.0694017467555954e-10,1.0000000106042601,7.138943886673468e-11,1.0000000081724434,4.915188425331359e-10,0.9999999957390314,2.704754372920723e-10,1.0000000032897594,-3.6787098538170165e-10,7.56012967941985e-10,1.0000000081724407,2.0180681840176518e-10,7.89437672805449e-10,2.0631788948179068e-10,1.0000000081724447,1.0000000021935143,1.0000000081724405,0.9999999961706422,0.9999999981003521,1.000000014931528,1.0350155757205436e-10,1.0000000081724414,2.6211523490287193e-10,0.999999996322279,5.557153699330415e-10,0.9999999988097504,1.0000000081724407,1.0000000081724392,1.0000000081724427
1.0924688195635785e-10,-1.259369728939473e-09,1.9689553765582004e-13,1.9689556807635842e-13,6.599473577525528e-10,-7.159556443458051e-13,1.009816275925465e-09,-3.073875081953476e-13,-5.62436305023279e-14,-7.730194727470117e-10,-2.300458772868501e-13,7.914547573535103e-10,1.0642082850750156e-13,-1.066602014353588e-09,1.333119709423834e-09,2.0870322602722324e-10,-8.111368855300228e-10,1.9689554161059537e-13,-3.036717807957738e-10,1.4213457162285494e-09,-7.850015160072997e-13,2.3227424150323544e-13,1.289549896863483e-13,-4.992628995310272e-10,-4.16923257706431e-10,1.6559339847883883e-09,9.072888831691431e-10,-3.4733613784662276e-13,1.9689554125158472e-13,-4.0423472386540044e-14,-4.970912363654131e-13,-3.1085864950535496e-13,1.9838077274948574e-13,-5.412811890853919e-10,-2.0398899273095702e-10,-2.039546550094302e-13,-4.290372795792606e-13,7.675977601639655e-13,8.889482292233723e-10,-2.8697665987844295e-10,7.714507612581996e-13,-2.0395474299808804e-13,-2.039547429979278e-13,-7.369614804419153e-10,1.5778541170224532e-13,-9.45153612304772e-13,1.3743758815113336e-09,1.9689554142829178e-13,1.9689551543536133e-13,8.143968369239464e-10,-1.0999119175891293e-14,-2.702455569894227e-10,-2.822820340104921e-13,-9.451536123025415e-13,-1.0661553995345527e-13,-3.301686074535905e-13,2.8507805007229962e-11,-1.9056524393538483e-13,-4.1479972297655325e-13,7.016676470696625e-10,-1.0127133943856596e-13,-4.042347234151269e-14,-5.493162054533676e-13,1.9689557282964033e-13,1.3743758815113305e-09,-7.000786869990577e-10,4.163700147168362e-10,1.9689557491423564e-13,-1.1099113411254278e-13,-1.0666020143536057e-09,7.710626177319332e-12,-3.708850358583826e-10,-3.3197993721853567e-13,1.4063845161269041e-10,1.9689557282964033e-13,-2.2803242303965514e-14,3.6483924299829003e-13,1.1968065001640246e-09,1.96895537944541e-13,-4.2376831499893295e-10,1.968955610574773e-13,-3.2978276704469683e-10,-3.436216097439267e-10,-6.306958477404503e-14,7.993493214189086e-10,1.9689555719819188e-13,1.179869513991899e-13,-8.908651023577094e-10,2.8460435039661574e-13,-2.1435408756413808e-10,1.9689554125158472e-13,1.9689557340913228e-13,1.9689557157570566e-13
1.0000000081724385,1.9689553765582004e-13,1.0000000134082918,1.000000015585702,8.32666200906813e-13,-2.544261048810707e-13,1.3070934898105812e-12,1.0000000190339995,-3.651021734314472e-14,1.0000000046969135,-6.396885238424863e-14,1.2473146117325286e-12,9.919985451145047e-14,1.0000000026660782,2.866545571677848e-13,3.727838154295483e-13,1.0000000024115319,1.0000000155857023,-3.1461971977943285e-13,4.871500337462404e-13,-2.7759623187659693e-13,1.0000000173479635,1.0000000156228315,1.0000000089608747,1.0000000073683755,2.2994251844209153e-13,1.1594703526463908e-12,-1.6999466009748143e-13,1.000000015585703,-1.9364114657388135e-14,-1.2761633708993137e-13,1.0000000172605923,1.0000000158347664,1.0000000043429726,1.0000000044624093,-1.463705686001422e-13,-1.12115499491101e-13,2.2184563322807858e-13,1.4726545441350633e-13,1.0000000058844005,2.2050756585868947e-13,-1.463707086083383e-13,-1.4637082424429292e-13,1.0000000185023739,2.39394051357272e-13,-3.0216816843102117e-13,3.3244146286582147e-13,1.000000015585703,1.0000000155857012,1.9084509267187532e-13,2.49745746099067e-14,-3.2033197754029795e-14,1.000000018208133,-3.021682844279079e-13,4.37494651938881e-14,-3.468580893837361e-13,1.00000000233901,-3.234703885624457e-14,-2.610909226225252e-13,6.478805626682847e-13,1.0000000203339539,-1.936457704359151e-14,-1.945428776590748e-13,1.0000000155857036,3.324413637326248e-13,1.000000017599309,7.41266945695059e-14,1.0000000155857014,1.5614171097224803e-13,1.000000002666079,9.29841757535034e-14,1.0000000104505566,-3.4660135542384446e-13,3.543711085109755e-13,1.000000015585703,4.5839372711956354e-14,4.921072808626564e-13,2.928201356455731e-13,1.000000015585704,1.0000000093373917,1.0000000155857025,1.0000000033660268,1.0000000052887215,1.0000000221229077,1.6649622913679115e-13,1.0000000155857023,1.308603412394764e-13,1.0000000033118508,3.3605743812270284e-13,1.000000006037713,1.0000000155857032,1.0000000155857023,1.000000015585703
1.0000000081724425,1.9689556807635842e-13,1.000000015585702,1.0000000134082931,8.326661960271727e-13,-2.5442603567632756e-13,1.3070934618008422e-12,1.000000019034,-3.651022610915992e-14,1.000000004696914,-6.396881163286606e-14,1.2473146059276287e-12,9.919984180636846e-14,1.0000000026660794,2.8665458681445985e-13,3.727836945985766e-13,1.0000000024115334,1.0000000155857034,-3.1461972540017853e-13,4.871499517023085e-13,-2.775961412499563e-13,1.0000000173479648,1.0000000156228321,1.0000000089608758,1.000000007368376,2.29942496107651e-13,1.1594703960135641e-12,-1.6999459297592118e-13,1.0000000155857036,-1.9364121026931536e-14,-1.2761638380104162e-13,1.0000000172605934,1.000000015834767,1.000000004342973,1.0000000044624102,-1.463704910800317e-13,-1.1211547167330516e-13,2.218455690844229e-13,1.472654556884499e-13,1.0000000058844005,2.2050756847618206e-13,-1.4637063062887043e-13,-1.463707877349274e-13,1.0000000185023754,2.393941105501415e-13,-3.0216827041554717e-13,3.324415201364464e-13,1.000000015585704,1.0000000155857025,1.9084507935740809e-13,2.4974528270932996e-14,-3.203309751577322e-14,1.000000018208133,-3.0216830193284345e-13,4.3749456785896587e-14,-3.468581537048538e-13,1.0000000023390105,-3.234685737754731e-14,-2.6109088455049265e-13,6.478805039923933e-13,1.0000000203339547,-1.9364591856285988e-14,-1.945429333537111e-13,1.000000015585704,3.3244136373672087e-13,1.0000000175993093,7.412670211600164e-14,1.0000000155857027,1.5614173576709943e-13,1.000000002666081,9.298418353192589e-14,1.0000000104505582,-3.466013032860522e-13,3.543710561195963e-13,1.0000000155857036,4.583936023517123e-14,4.921071831952125e-13,2.928200938742746e-13,1.0000000155857045,1.0000000093373935,1.000000015585702,1.0000000033660275,1.000000005288722,1.0000000221229088,1.6649625518357267e-13,1.0000000155857032,1.3086031932920085e-13,1.0000000033118528,3.3605736019550665e-13,1.0000000060377132,1.0000000155857034,1.000000015585703,1.0000000155857027
1.4919655147288634e-09,6.599473577525528e-10,8.32666200906813e-13,8.326661960271727e-13,-1.7259290593749902e-09,-4.674426412808002e-13,7.284304746056741e-10,9.607230114221112e-10,-4.513887580177153e-14,8.580489778960792e-10,-3.4140958906041004e-10,5.783264398360355e-10,8.424374670321951e-14,6.591135534650158e-10,9.470974538465325e-10,1.5009910445567847e-10,8.366047677162996e-10,8.326662009067892e-13,-1.9857638483348808e-10,1.0139747576532421e-09,-5.240031652760541e-13,8.555098865913868e-13,1.5544769995327483e-09,1.0414737646548079e-09,1.099793701881839e-09,1.1585381738542064e-09,6.41365319229657e-10,-2.0730198187654104e-13,8.326661628803995e-13,-3.4803147032930855e-14,-3.5043172309523084e-13,9.481331591579727e-10,8.330159520979488e-13,1.0159726146429242e-09,1.252180782013397e-09,-1.4437436520043735e-13,-3.033600488829086e-13,1.0678418875677406e-09,6.286782446851146e-10,1.19256394778582e-09,1.07263770570979e-09,-1.4437439114347695e-13,-1.4437439960551425e-13,8.607546266112601e-10,1.9640718910929294e-10,-6.757452922040686e-13,9.779463791608062e-10,8.32666180311704e-13,8.326661795837737e-13,5.785469542404562e-10,-1.0383172946906967e-14,-1.9086514624870443e-10,9.82301288327649e-10,-6.757452626528295e-13,-7.016619723291347e-14,-2.398101993020462e-13,1.4149831679346784e-09,-1.4602931632047592e-13,-5.64763509168581e-10,4.961941191173536e-10,6.229306564115226e-13,-3.4803078398058135e-14,-4.0377628329908677e-13,8.326662099471109e-13,9.779463791608039e-10,8.855511538877036e-10,3.019694164366556e-10,8.326661960271727e-13,-8.015119212000386e-14,6.591135534649901e-10,3.5530037374828776e-12,1.1428383532175771e-09,-2.425556834879924e-13,1.1967602950599803e-10,8.326662014823002e-13,-2.0795829035596803e-14,2.6014901308236806e-13,8.407798689709069e-10,8.32666180311704e-13,1.0993774288704296e-09,8.326661628803995e-13,1.1607500951061749e-09,1.1474845600271688e-09,1.2966786423676344e-09,5.775485784830287e-10,8.326661842392535e-13,7.693392113036399e-14,7.715247716065302e-10,3.8709892992961916e-10,1.2515914406470865e-09,8.326661823257638e-13,8.326662146649141e-13,8.326661628803995e-13
1.2678034815059084e-10,-7.159556443458051e-13,-2.544261048810707e-13,-2.5442603567632756e-13,-4.674426412808002e-13,-4.671639995258476e-10,-7.783846501159887e-13,4.879315113126623e-13,7.270467722097495e-14,6.02032789490443e-13,3.763178946698255e-13,-6.067099738959322e-13,-1.9593545921152896e-13,8.253938096808361e-13,-1.0138442419706223e-12,-1.5286084741550089e-13,6.376991653916981e-13,-2.5442594516930187e-13,1.9841079716854059e-13,-1.0193395256796293e-12,1.9728730299769904e-09,-2.966392825753707e-13,-1.1976912270094047e-13,4.052014881961265e-13,3.455136678090732e-13,-1.2152146593996296e-12,-6.877571409796357e-13,6.304099962293671e-10,-2.5442610488071537e-13,6.26485583355689e-14,8.45250261389082e-13,5.069413678025283e-13,-2.5471634441310073e-13,4.4761358084692176e-13,1.918295505433277e-13,3.0878871773602476e-13,7.466747480006911e-13,-1.1180349011566386e-12,-6.608944524934501e-13,2.721473883078143e-13,-1.1221664990581647e-12,3.0878885078823773e-13,3.0878890884666486e-13,5.987623534219277e-13,-1.973033046979724e-13,3.0734389625639907e-09,-1.0487461255277862e-12,-2.544260559966623e-13,-2.5442599817214857e-13,-6.156825645285993e-13,3.177113217918748e-16,2.1897899923278543e-13,4.717951349247167e-13,3.0734389625639845e-09,1.066140928455312e-13,4.491094864166755e-13,3.75918972086861e-11,3.3770324149910945e-13,1.0568477135474638e-09,-5.228017615743941e-13,1.8600488762895034e-13,6.264855833560214e-14,8.991733700219303e-13,-2.544260559966709e-13,-1.048745996699882e-12,5.767637405045831e-13,-3.1929851532142417e-13,-2.5442610488068245e-13,1.620888175710848e-13,8.253937589541251e-13,-8.68442896184787e-15,3.016778239033346e-13,4.559872301377276e-13,-9.335378437597801e-14,-2.544259862612943e-13,3.93853426482845e-14,-5.466168938218449e-13,-8.971266303498989e-13,-2.5442605601218285e-13,3.4395490940243067e-13,-2.5442610488118323e-13,2.8507648897700573e-13,3.0396481667190996e-13,3.0385307921101436e-10,-6.193732647449275e-13,-2.544258975610806e-13,-1.6157790373101492e-13,7.271630108320297e-13,-4.0468915399625805e-13,2.11790413277347e-13,-2.5442594538037565e-13,-2.544260559964963e-13,-2.5442594516931085e-13
2.294981149829129e-09,1.009816275925465e-09,1.3070934898105812e-12,1.3070934618008422e-12,7.284304746056741e-10,-7.783846501159887e-13,-1.1095937541531904e-09,1.5245839835571205e-09,-3.251797323749614e-14,1.3692176202849214e-09,-2.5075355887148985e-13,7.777710817752549e-10,2.49179333954227e-10,1.0226431780568787e-09,1.4437216541773892e-09,2.1270812674314904e-10,1.296479986674575e-09,1.3070934481345744e-12,-3.2922169845636466e-10,1.3925528321235233e-09,-8.693269584612043e-13,1.3488572786036321e-12,1.2362149433105297e-12,1.6649256453314206e-09,1.7527640390811004e-09,1.7541362716709845e-09,9.819538271153003e-10,-3.9349912652559044e-13,1.3070934632310296e-12,-1.8102947635030917e-14,-5.317256127319195e-13,1.5097723427809369e-09,1.3102180873769213e-12,1.6049937117115749e-09,1.958496608755867e-09,-2.1957345775768964e-13,-4.560013456569407e-13,1.6110053688176682e-09,9.607491824290482e-10,1.8738838469178205e-09,1.6192649884954384e-09,-2.195735090872884e-13,-2.195735176496213e-13,1.4017742348950084e-09,1.714976651366579e-13,-1.020456410725552e-12,1.4899731017650534e-09,1.3070934685955059e-12,1.3070934320580317e-12,8.676921047583478e-10,1.1035248503774359e-14,-2.890829734862188e-10,1.5782761415463557e-09,-1.0204564906428536e-12,-1.3824123490740303e-10,-5.553702123914511e-10,2.2170160964637134e-09,-2.1433407476138193e-13,-4.516085216841333e-13,7.55739907238293e-10,9.87170161939908e-13,-1.8102954457321178e-14,-6.109589877930618e-13,1.3070934618008454e-12,1.4899731017650476e-09,1.4303494407802477e-09,4.3830632955001514e-10,1.307093432058031e-12,-1.1226043078817416e-13,1.0226431780568566e-09,2.0672782507391827e-11,1.7765459114486735e-09,-2.773885599523959e-13,3.96156562117568e-11,1.307093451216036e-12,-1.2343720313683187e-14,3.8654849996154084e-13,1.2978571546171117e-09,1.3070934320590162e-12,1.732199302815967e-09,1.3070934685955063e-12,1.8370055985033628e-09,1.834462981143449e-09,1.0024374581593728e-12,8.49182300663121e-10,1.3070934596180805e-12,1.4005092381676935e-13,1.2139358346521627e-09,5.982504665798787e-10,1.905971721173527e-09,1.307093468595507e-12,1.30709345335839e-12,1.307093448133792e-12
1.000000012005357,-3.073875081953476e-13,1.0000000190339995,1.000000019034,9.607230114221112e-10,4.879315113126623e-13,1.5245839835571205e-09,1.0000000213627853,1.604564542148936e-14,1.00000000936857,1.9579943832797618e-13,1.6693317375204957e-09,-6.39824610815678e-11,1.0000000076613509,-4.314653204222039e-13,5.260733519360351e-10,1.0000000071385946,1.000000019034,-3.1635999665281156e-10,-2.3916420026103714e-13,5.622177703632946e-13,1.0000000207147377,1.000000019219697,1.0000000133485485,1.000000011668924,-1.2774762376462255e-09,1.343609366738489e-09,1.854841090963492e-13,1.0000000190340006,1.7103407093681786e-14,3.7374810051536357e-13,1.0000000217947562,1.0000000192775875,1.0000000087809178,1.0000000085510057,7.589008821341483e-14,3.158706231895773e-13,-1.1499419506840292e-09,-3.315419071103744e-13,1.0000000100494137,-1.1603020824328699e-09,7.588989517995985e-14,7.58896887399181e-14,1.0000000231530215,8.44063569772001e-14,6.97412328228132e-13,-4.0997391488934463e-13,1.0000000190340006,1.0000000190339993,-2.4287396343160693e-13,2.784704192011329e-14,2.1963036964061803e-10,1.0000000226833516,6.97412159033176e-13,2.46982819939451e-10,-3.025079288633287e-14,1.0000000061734913,1.9187621959726218e-13,1.8488368020002431e-13,2.7201249550051365e-13,1.000000024410691,1.710294580125989e-14,4.253441090004707e-13,1.0000000190340015,-4.0997401269715284e-13,1.000000022221317,-2.9862960823295005e-10,1.0000000190339997,2.7562061712477255e-13,1.000000007661352,1.7607897342425982e-10,1.0000000146999006,-2.851783727644688e-14,6.010130518574814e-10,1.000000019034,7.03153967558345e-14,1.0180638114654531e-13,-3.4787591237610945e-13,1.000000019034001,1.0000000136473606,1.0000000190340002,1.0000000075844966,1.0000000095129071,1.0000000261486026,-5.283647282230331e-10,1.0000000190340006,5.062003588002603e-15,1.0000000081240537,4.4024150533935937e-14,1.0000000101483582,1.0000000190340006,1.0000000190339995,1.0000000190340002
5.93975170938796e-11,-5.62436305023279e-14,-3.651021734314472e-14,-3.651022610915992e-14,-4.513887580177153e-14,7.270467722097495e-14,-3.251797323749614e-14,1.604564542148936e-14,-2.254463832595468e-09,1.6536907527323626e-14,2.1307427419272808e-14,3.026215665522583e-11,-3.8059753852099766e-11,1.098053033548908e-10,-6.97189026630632e-14,-7.886385051952277e-16,8.474521341090958e-11,-3.6510218215055586e-14,3.656661374022364e-11,6.190568155269395e-11,9.334965032106193e-14,-4.340467884118055e-14,-3.139573963060404e-14,-1.3730630342010613e-15,-4.347987906939798e-15,-6.31170802133152e-14,-4.856476298727976e-14,5.442473199943058e-14,-3.65102262953304e-14,-6.890908745483718e-11,7.745325450886142e-14,1.7764972171358975e-14,-3.849363842789332e-14,1.470972144780592e-14,2.0686496366086505e-15,1.63900550299069e-14,6.76382375165875e-14,-5.322620592895448e-14,-8.49712245838084e-11,8.248273229994175e-15,-5.355085886613291e-14,1.6390074307380197e-14,1.638990910401256e-14,1.1058846726247436e-14,-2.2102877517374738e-14,1.1904021861728037e-13,-7.20391829966979e-14,-3.6510232343312073e-14,-3.651022962939589e-14,-3.313754702690992e-14,-6.645466963699773e-11,3.14573778481805e-11,8.747495320764025e-15,1.1904021861728037e-13,-9.792233065992752e-11,-1.585680959419845e-10,-2.8536225732957233e-11,2.4945529003712276e-14,3.622269279745549e-14,-6.574639490934243e-11,-9.292897956616794e-15,-6.890908745483201e-11,7.052306321187141e-14,-3.651020640488311e-14,-7.203927596081905e-14,1.5984357773477297e-14,-1.114869812260849e-14,-3.6510206404877964e-14,-6.272156287446783e-12,1.098053033548817e-10,-1.051203704399879e-14,1.424398181939766e-14,-1.670316744736514e-10,1.5031810523736285e-10,-3.65102262953304e-14,-3.616402163012556e-11,-2.3117583926918458e-14,-6.49560435852009e-14,-3.65102177319714e-14,1.0475014116691126e-11,-3.6510249352522166e-14,-2.2952515055193684e-15,-8.40947024125287e-15,2.3234843051691194e-14,-2.783058078138752e-14,-3.6510211926491827e-14,-6.350261088124873e-11,9.327274454384548e-11,-2.148480227873147e-14,3.5130487336059496e-14,-3.651022621013597e-14,-3.651022629578069e-14,-3.6510234133911394e-14
0.9999999976637054,-7.730194727470117e-10,1.0000000046969135,1.000000004696914,8.580489778960792e-10,6.02032789490443e-13,1.3692176202849214e-09,1.00000000936857,1.6536907527323626e-14,0.9999999930421666,4.805700872580857e-10,1.5767742239192892e-09,-5.3590844002910456e-14,0.9999999935745046,-1.0826947714895e-09,5.045803729540259e-10,0.9999999930110873,1.0000000046969153,-2.620500255149156e-10,-6.442769718547474e-10,6.974916835762628e-13,1.0000000063629237,1.000000004905122,0.9999999991533414,0.9999999974611871,-1.528826576371253e-09,1.1988825381118683e-09,2.443251975125904e-13,1.0000000046969153,1.615079116239229e-14,4.594493389635704e-13,1.000000007630793,1.0000000049388684,0.9999999946026722,0.9999999943201061,2.1424748426968366e-10,3.8922777377537266e-13,-1.376054231021169e-09,-8.047433655100485e-10,0.9999999958306606,-1.387569615011101e-09,2.14247243291621e-10,2.1424688590360273e-10,1.0000000090014147,6.86357265622149e-14,8.623826469945149e-13,-1.0479657962356253e-09,1.0000000046969155,1.0000000046969137,-6.117093863085087e-10,2.2710939593596844e-14,2.734964839452182e-10,1.0000000085082004,8.623824277245638e-13,1.220457900688379e-13,-7.40607633565427e-15,0.9999999919003356,2.331582195851368e-13,2.602670831411323e-13,4.3270205459078493e-10,1.0000000101692417,1.615033537411834e-14,5.326979737784697e-13,1.0000000046969157,-1.0479659481397302e-09,1.000000008069679,-3.5929191278134103e-10,1.000000004696914,5.867603097407286e-10,0.9999999935745059,1.7765708520700032e-10,1.0000000004918685,-6.251772263614e-15,6.349737268305407e-10,1.0000000046969155,7.260281920141935e-14,9.302221458408352e-11,-8.867913526547632e-10,1.0000000046969164,0.9999999994444515,1.0000000046969144,0.9999999933689748,0.9999999952951522,1.0000000119173318,-6.541565021477242e-10,1.0000000046969146,-1.624651293655871e-14,0.9999999940117926,8.37962897601109e-15,0.999999995935525,1.0000000046969153,1.0000000046969135,1.0000000046969146
1.571866215521269e-10,-2.300458772868501e-13,-6.396885238424863e-14,-6.396881163286606e-14,-3.4140958906041004e-10,3.763178946698255e-13,-2.5075355887148985e-13,1.9579943832797618e-13,2.1307427419272808e-14,4.805700872580857e-10,-1.9580460442062825e-09,-1.9217170138768853e-13,-4.7524940259412525e-14,6.386852911410623e-10,-3.37721231276841e-13,-1.033202150240042e-10,5.077678874332096e-10,-6.396886838534167e-14,8.079825188065193e-14,-6.999376377724421e-10,4.0378862763557666e-13,-8.22996726629704e-14,-3.186419255675713e-14,1.667789675093572e-13,1.46408385607999e-13,-4.2162345511284517e-13,-2.306635791627589e-13,1.9177001554243866e-13,-6.39688615523415e-14,1.3739797847589117e-14,2.70471499465463e-13,1.9418749299500033e-13,-6.495050743830666e-14,3.627618149216172e-10,9.454234272561964e-14,1.9350040728964506e-10,2.354808562736592e-13,-3.911297527834024e-13,-2.2420889282342415e-13,2.3533469801564107e-10,-3.932128362232716e-13,1.935004072896456e-10,1.9350040728964328e-10,2.222653110668388e-13,-1.6706240884638383e-10,4.865347377722152e-13,-3.4688605102036196e-13,-6.396883954565384e-14,-6.396886563157362e-14,-4.1078538240819013e-10,1.847775762135383e-15,1.393725047274713e-10,1.775010667540389e-13,4.865346404901292e-13,5.4729086551162017e-14,1.5520552662447185e-13,7.042229388443692e-11,8.778412444545692e-14,4.239022522306227e-10,-1.7778379870338013e-13,8.641377979724543e-14,1.373968985870896e-14,2.658585318734892e-13,-6.396889083092768e-14,-3.468859654855363e-13,2.1260743672637138e-13,-2.0562177216333614e-10,-6.396880878006386e-14,5.230951064880039e-14,6.386852911410447e-10,-8.328365130885814e-12,2.776984828925521e-10,1.5522635792008036e-13,-4.895130467539765e-11,-6.396886286202013e-14,6.453405211411589e-15,-1.7994576118673214e-13,-6.05748083500204e-10,-6.396885402679905e-14,1.4941896574657515e-13,-6.396883954555144e-14,1.249306453946439e-13,2.5583247541342213e-10,6.887433198422647e-14,-3.952024023851165e-10,-6.396887539850168e-14,-6.480565655010766e-14,5.471360291560707e-10,-2.87684184291716e-10,2.030596193002929e-10,-6.396886155229956e-14,-6.396886108608551e-14,-6.396884165200758e-14
2.275138275228449e-09,7.914547573535103e-10,1.2473146117325286e-12,1.2473146059276287e-12,5.783264398360355e-10,-6.067099738959322e-13,7.777710817752549e-10,1.6693317375204957e-09,3.026215665522583e-11,1.5767742239192892e-09,-1.9217170138768853e-13,-1.6956588874724166e-09,2.1428013870449825e-10,1.2715693530482466e-09,1.1022501406391912e-09,1.4461938407655882e-10,1.4771917846778695e-09,1.2473146330865345e-12,-2.535808831272722e-10,8.615926427459819e-10,-6.965439600264654e-13,1.284133794777354e-12,1.1983566684611519e-12,1.8023090641373764e-09,1.8678582959191484e-09,1.2864196067657775e-09,7.48996206551023e-10,-3.3294981921871566e-13,1.2473145614001136e-12,2.2721546593405542e-14,-3.9615789476259867e-13,1.6497559081832815e-09,1.251769209336213e-12,1.7370790616312636e-09,1.9900992450549213e-09,-1.6475220876252876e-13,-3.3545016544134126e-13,1.1670297776073636e-09,7.31192900350033e-10,1.9336759803289786e-09,1.173307666136782e-09,-1.647522061855087e-13,-1.6475222832604245e-13,1.5937716513616335e-09,1.3285136043888108e-13,-7.713249116372191e-13,1.1389584130179597e-09,1.247314649924315e-12,1.2473146059276382e-12,6.423536842792411e-10,7.973551766465201e-11,-2.1398490348595989e-10,1.7122666446355415e-09,-7.713249116376591e-13,1.8935502629822304e-11,-1.0322160260011992e-13,2.1971261785644688e-09,-1.7148229183798648e-13,-3.517650990975387e-13,5.719282470308608e-10,2.008181700934688e-09,2.272146301051734e-14,-4.839153345919404e-13,1.24731458580117e-12,1.1389584130179572e-09,1.6004507246119818e-09,3.170571607606291e-10,1.2473146375518403e-12,-1.4667858246389661e-10,1.2715693530482234e-09,3.3647823389513785e-11,1.8479219629872668e-09,-9.790923956814486e-14,-1.2642913930314055e-10,1.247314570587531e-12,1.7354883628773137e-11,5.633306935000778e-10,9.932790846053088e-10,1.2473146343130889e-12,1.8328664855277932e-09,1.2473145667832235e-12,1.9181008777832912e-09,1.9340926515957996e-09,9.83071609640385e-13,6.233967480055815e-10,1.247314536327614e-12,2.493199809321832e-10,1.42163810310348e-09,2.1790830165552195e-13,1.892451210764154e-09,1.2473146117360885e-12,1.2473145803400879e-12,1.2473145643065993e-12
1.8965853432235905e-10,1.0642082850750156e-13,9.919985451145047e-14,9.919984180636846e-14,8.424374670321951e-14,-1.9593545921152896e-13,2.49179333954227e-10,-6.39824610815678e-11,-3.8059753852099766e-11,-5.3590844002910456e-14,-4.7524940259412525e-14,2.1428013870449825e-10,-2.1487643546780555e-09,-1.732632828793822e-10,1.6422527517291818e-13,5.627654992915619e-11,-1.0677130318745707e-10,9.919985227847601e-14,-8.415078843972349e-11,4.0112247166956465e-10,-1.970091863883702e-13,1.0604588211201732e-13,8.429599482415112e-14,-1.6408773782940305e-14,-5.913492479141689e-15,2.1752290416511396e-13,1.1345304785990685e-13,-9.973492212796274e-14,9.91998673892199e-14,-2.8350603088764813e-11,-1.4274926565628845e-13,-5.155266531631901e-11,1.969304193654203e-10,-4.010764262901093e-11,5.131510193284887e-11,-4.5368831749677486e-14,-1.2615027246902893e-13,2.0523845015164487e-13,2.186715247681064e-10,2.2793258186178755e-11,2.0640526527966055e-13,-4.536883175503161e-14,-4.536876035451479e-14,-4.331114843763623e-14,4.645003360087884e-14,-2.4053864049966636e-13,1.6764463349344204e-13,9.919983769384659e-14,9.919985804224505e-14,2.0685929728190835e-10,-1.7850671508112472e-11,-6.967318950166747e-11,-1.8052218535043957e-14,-2.405386404912793e-13,-9.849894785355891e-11,-2.1141764096822485e-10,1.0529140382066125e-10,-3.287393254953876e-14,-1.0453650259202625e-13,1.75599326526822e-10,4.5476516645553786e-11,-2.8350603088759675e-11,-1.136870566256755e-13,9.919985723760203e-14,1.6764463911247862e-13,-3.508540487895107e-14,1.0324494918180009e-10,9.919983203996435e-14,-5.37105895429012e-11,-1.732632828793916e-10,9.13687646727193e-16,-1.91727664631819e-12,-2.1290044545310842e-10,6.43065439211727e-11,9.919985492162189e-14,-1.0663061523491296e-11,8.992801910554036e-14,1.4910045188915016e-13,9.919983260273014e-14,-1.2119965739613777e-11,9.919985106812474e-14,8.55385724247035e-15,3.757285444795396e-15,4.2883473757096565e-14,1.9489761502587358e-10,9.91998580422392e-14,5.950688781427178e-11,-1.263828434190754e-10,1.5365966437581072e-10,5.636367521214533e-11,9.91998517707581e-14,9.919984508589209e-14,9.919985609467554e-14
0.9999999957390296,-1.066602014353588e-09,1.0000000026660782,1.0000000026660794,6.591135534650158e-10,8.253938096808361e-13,1.0226431780568787e-09,1.0000000076613509,1.098053033548908e-10,0.9999999935745046,6.386852911410623e-10,1.2715693530482466e-09,-1.732632828793822e-10,0.9999999898276135,-1.5158896084627183e-09,4.299227680348679e-10,0.9999999913590571,1.0000000026660802,-1.6834143496250338e-10,-1.1911784235078327e-09,9.403228293756111e-13,1.0000000043117767,1.0000000029224363,0.9999999974230469,0.9999999957035519,-2.0796755461748056e-09,9.073297266664955e-10,3.401581269382301e-13,1.00000000266608,9.43098182007629e-11,6.099547223064974e-13,1.0000000059285006,1.0000000029084908,0.9999999928762544,0.9999999924803133,1.7553178200964912e-13,5.189923073418489e-13,-1.888123502487327e-09,-1.095406971988542e-09,0.9999999940156699,-1.9020314407710424e-09,1.7553186171183024e-13,1.7553164732712373e-13,1.0000000073482276,5.0417451896437034e-11,1.1629599779122789e-12,-1.4949479560524037e-09,1.0000000026660802,1.0000000026660787,-8.832949645787929e-10,8.3192886617911e-11,3.6182084397289494e-10,1.000000006793751,1.162959804154322e-12,3.5887354673878906e-10,2.951027608362142e-10,0.999999989988411,2.967972735985335e-13,7.917958264815486e-10,2.0339668424456248e-10,1.0000000083324185,9.430889911238545e-11,7.10898881826998e-13,1.0000000026660802,-1.4949481079565154e-09,1.0000000064000334,-5.03882847850838e-10,1.0000000026660791,6.730899808699647e-10,0.9999999920050452,1.858732544218078e-10,0.9999999986977539,3.029974261816089e-10,5.196996867864164e-10,1.0000000026660794,1.802723346765541e-10,-1.5508241200170215e-10,-1.2699701601546784e-09,1.0000000026660814,0.9999999976795912,1.0000000026660794,0.9999999915797299,0.9999999935161856,1.000000010026366,-9.272451789249099e-10,1.00000000266608,-8.805115121648928e-11,0.9999999923875507,-1.668105123333802e-10,0.9999999940699784,1.0000000026660802,1.0000000026660794,1.0000000026660802
1.3234714316236446e-10,1.333119709423834e-09,2.866545571677848e-13,2.8665458681445985e-13,9.470974538465325e-10,-1.0138442419706223e-12,1.4437216541773892e-09,-4.314653204222039e-13,-6.97189026630632e-14,-1.0826947714895e-09,-3.37721231276841e-13,1.1022501406391912e-09,1.6422527517291818e-13,-1.5158896084627183e-09,-2.617741497561425e-10,2.92836024980758e-10,-1.15244448413595e-09,2.8665455406446796e-13,-4.289660349760917e-10,1.966173014163914e-09,-1.1290304354787597e-12,3.3969640998592236e-13,1.883333895037939e-13,-6.948318439955687e-10,-5.774464066813968e-10,1.1779352867348584e-12,1.3009921566320386e-09,-4.920816558512256e-13,2.866545384045795e-13,-4.8351661694819245e-14,-6.974074672489633e-13,-8.827635423780872e-10,2.897766520989453e-13,-7.611248118551889e-10,-2.857653907123317e-10,-2.959995441968821e-13,-5.990324717520817e-13,1.0844285008834658e-12,1.2766737074968612e-09,-3.978049515779342e-10,1.0897973339725522e-12,-2.9599951668936145e-13,-2.959995441966333e-13,-5.223756535017763e-13,2.2079392057161117e-13,-1.3512383674106896e-12,1.977782587558424e-09,2.8665456122313763e-13,2.866545701334568e-13,1.1616661435958496e-09,-5.305959494699975e-15,-3.849072853917223e-10,-4.013505531901438e-13,-1.3512383621574512e-12,-1.2408634248475772e-13,-4.3560677675403705e-13,5.221225824637479e-11,-2.8627546845029655e-13,-5.945220707301026e-13,1.0048768021737251e-09,-2.764724120289342e-10,-4.835170843524952e-14,-8.093341577091419e-13,2.866545685655433e-13,1.9777825875584204e-09,-4.999975888141307e-13,5.944993213327895e-10,2.8665453457877874e-13,-1.5779257856892535e-13,-1.5158896084627359e-09,1.4400078597551586e-11,-5.167763288543445e-10,-4.372224384096703e-13,1.5128548444663597e-10,2.866545699348285e-13,-2.9840355917227307e-14,5.217858218578187e-13,1.717471600865479e-09,2.8665458829677897e-13,-5.915398634961994e-10,2.8665455717273113e-13,-4.602614632562509e-10,-4.725644206228137e-10,-9.834167784087102e-14,1.1456761482010887e-09,2.8665453457267636e-13,1.7197009074150332e-13,-1.2662313663309938e-09,8.001718358993946e-10,-3.167940907427459e-10,2.8665454851345193e-13,2.8665456920130746e-13,2.866545867993733e-13
7.514632590521416e-10,2.0870322602722324e-10,3.727838154295483e-13,3.727836945985766e-13,1.5009910445567847e-10,-1.5286084741550089e-13,2.1270812674314904e-10,5.260733519360351e-10,-7.886385051952277e-16,5.045803729540259e-10,-1.033202150240042e-10,1.4461938407655882e-10,5.627654992915619e-11,4.299227680348679e-10,2.92836024980758e-10,-2.1369695141712018e-09,4.850847170198158e-10,3.7278371010904315e-13,-6.606260914652864e-11,2.5351280481361436e-10,-3.4868502409361057e-10,7.600845567053268e-10,3.577659407127463e-13,5.618597849528903e-10,5.799671967849288e-10,3.4867472641229116e-10,1.998366235486642e-10,-7.746511610272266e-14,3.72783815429539e-13,1.021339821041698e-15,-1.0908485395276826e-13,5.222363244994448e-10,3.7351471175950446e-13,5.494819684389935e-10,6.183289250251541e-10,-9.353576377202651e-11,-9.351022159881367e-14,3.180803527102501e-10,1.9391013104782842e-10,6.007968341953891e-10,3.196241415053066e-10,-9.353576377202404e-11,-9.35357637720181e-11,5.032751818752753e-10,7.315422979199749e-11,-2.0968288198624557e-13,3.0309891239032085e-10,3.727836945985766e-13,3.727838246404485e-13,1.7307541466829032e-10,7.23652954590627e-15,-5.897261028058863e-11,5.36860976025639e-10,-2.0968280785496962e-13,-8.43315934463481e-12,-4.1083094678341005e-14,6.717101433329182e-10,-4.614390296952444e-14,-1.7410474959941777e-10,1.5199196328478312e-10,3.0774942083687237e-13,1.021388069866277e-15,-2.563644893277078e-10,3.72783811886486e-13,3.0309891239031883e-10,5.072801049670746e-10,8.646174932828703e-11,3.727837290508519e-13,-2.0993119309560436e-14,4.299227680348513e-10,6.4482286704614485e-12,5.788680247417337e-10,-4.033635863174314e-14,-1.2624753116083063e-11,3.727837363714608e-13,-2.582466809987096e-16,1.54444688678316e-10,2.6538859926942144e-10,3.7278372873665577e-13,5.727773368758738e-10,3.727836945985766e-13,5.966224157949178e-10,5.977689072600109e-10,3.0522017594308247e-13,1.6974258699486298e-10,3.727837005154131e-13,3.0414165909005085e-14,4.677580295206777e-10,1.2202531844536453e-10,5.984122375373386e-10,3.7278369650943334e-13,3.727837344822474e-13,3.727836945985766e-13
0.9999999953876797,-8.111368855300228e-10,1.0000000024115319,1.0000000024115334,8.366047677162996e-10,6.376991653916981e-13,1.296479986674575e-09,1.0000000071385946,8.474521341090958e-11,0.9999999930110873,5.077678874332096e-10,1.4771917846778695e-09,-1.0677130318745707e-10,0.9999999913590571,-1.15244448413595e-09,4.850847170198158e-10,0.9999999886034449,1.0000000024115336,-2.465515041917381e-10,-8.27167124183544e-10,7.279955871345109e-13,1.0000000040777124,1.0000000026304972,0.9999999969316332,0.9999999952341336,-8.229046050117019e-13,1.152961178245837e-09,2.500046569471884e-13,1.0000000024115343,7.731527281518052e-11,4.815943777804289e-13,1.0000000053989575,1.0000000026552545,0.9999999923714977,0.9999999920640256,1.2047668769652935e-13,4.0926406405396656e-13,-7.451055016211654e-13,-8.533646470358416e-10,0.999999993579629,-7.51101598051421e-13,1.2047658353426383e-13,1.2047646400001927e-13,1.0000000067893882,1.2690121106399008e-10,9.089888342548314e-13,-1.1194953909865461e-09,1.0000000024115343,1.0000000024115332,-6.639659114374653e-10,8.265249120587568e-11,2.903131571838833e-10,1.0000000062792362,9.089886064250112e-13,3.201695976056188e-10,1.3897238840007588e-10,0.9999999896364751,2.4023349700671945e-13,5.65529803012059e-10,3.9363367690160303e-10,1.000000007918848,7.731435372679693e-11,5.540978451733244e-13,1.0000000024115347,-1.1194955428906574e-09,1.00000000584834,-3.905461436845279e-10,1.0000000024115332,6.136419176077607e-10,0.9999999913590577,1.8905447679778508e-10,0.999999998240525,1.4619635878095494e-10,5.441825108610379e-10,1.0000000024115332,1.6884352794933012e-10,2.0585912992999485e-14,-9.467067687640451e-10,1.0000000024115354,0.9999999972075362,1.0000000024115334,0.9999999911309078,0.999999993065839,1.0000000096249104,-7.093533053565437e-10,1.000000002411534,-2.3787950428469917e-11,0.9999999917874319,-2.1216535282916506e-11,0.9999999936470775,1.000000002411534,1.0000000024115336,1.0000000024115336
1.0000000081724396,1.9689554161059537e-13,1.0000000155857023,1.0000000155857034,8.326662009067892e-13,-2.5442594516930187e-13,1.3070934481345744e-12,1.000000019034,-3.6510218215055586e-14,1.0000000046969153,-6.396886838534167e-14,1.2473146330865345e-12,9.919985227847601e-14,1.0000000026660802,2.8665455406446796e-13,3.7278371010904315e-13,1.0000000024115336,1.000000013408292,-3.146197340192235e-13,4.871500485501192e-13,-2.775962390666934e-13,1.000000017347965,1.0000000156228326,1.000000008960876,1.0000000073683766,2.299425070152188e-13,1.1594703803283745e-12,-1.6999458142104843e-13,1.0000000155857034,-1.9364140479030614e-14,-1.2761640526136875e-13,1.000000017260594,1.0000000158347662,1.0000000043429746,1.000000004462411,-1.463706366917471e-13,-1.1211542999494057e-13,2.218455391144245e-13,1.472654602212887e-13,1.000000005884401,2.2050758726479657e-13,-1.463706617732768e-13,-1.4637073817964977e-13,1.0000000185023756,2.3939418054203583e-13,-3.0216805288552263e-13,3.324414628658724e-13,1.0000000155857052,1.0000000155857034,1.9084507232562683e-13,2.4974609143622396e-14,-3.203309751577322e-14,1.000000018208134,-3.021682844331768e-13,4.37494599734587e-14,-3.468581856325276e-13,1.0000000023390105,-3.234701201350125e-14,-2.610909430483969e-13,6.47880583039859e-13,1.0000000203339556,-1.9364543396910018e-14,-1.945429483987323e-13,1.000000015585704,3.324414033317669e-13,1.0000000175993093,7.412671704514271e-14,1.000000015585703,1.5614170833851445e-13,1.000000002666081,9.298414129135858e-14,1.0000000104505578,-3.4660128171577255e-13,3.543711121238683e-13,1.0000000155857038,4.583936026596239e-14,4.921072435785498e-13,2.9282013293067927e-13,1.0000000155857036,1.0000000093373935,1.0000000155857027,1.0000000033660275,1.000000005288721,1.000000022122908,1.6649625513707035e-13,1.0000000155857038,1.3086033350599865e-13,1.0000000033118517,3.3605745338861917e-13,1.0000000060377139,1.000000015585703,1.0000000155857027,1.000000015585703
-4.263291055373317e-10,-3.036717807957738e-10,-3.1461971977943285e-13,-3.1461972540017853e-13,-1.9857638483348808e-10,1.9841079716854059e-13,-3.2922169845636466e-10,-3.1635999665281156e-10,3.656661374022364e-11,-2.620500255149156e-10,8.079825188065193e-14,-2.535808831272722e-10,-8.415078843972349e-11,-1.6834143496250338e-10,-4.289660349760917e-10,-6.606260914652864e-11,-2.465515041917381e-10,-3.146197340192235e-13,-2.0935936327028807e-09,-4.3677546777156405e-10,2.2931277889028464e-13,-3.2576154407717225e-13,-2.895969436861518e-13,-3.456394897992503e-10,-3.706157290994681e-10,-5.102486933963204e-10,-2.8811292395656656e-10,8.367240828841639e-14,-3.146197340192235e-13,2.8074233088868663e-11,1.5675330913951258e-13,-3.0423423867804586e-10,-3.1513192331257073e-13,-3.277337894689107e-10,-4.3316079305100067e-10,6.232600720143218e-14,1.3547834378037341e-13,-4.674528569929051e-10,-2.8320520502133696e-10,-4.078119332283838e-10,-4.694307039334905e-10,6.232599176890345e-14,6.232599555854796e-14,-2.669741847323232e-10,-3.672555694879833e-14,3.068773637202508e-13,-4.4332735038572134e-10,-3.14619734167187e-13,-3.1461976945987646e-13,-2.598417636780713e-10,5.189781386123488e-12,8.584048853917436e-11,-3.1908040965856514e-10,3.0687736519672345e-13,4.5707433452313585e-11,1.9546267358516672e-10,-5.077366669678454e-10,7.135359426188485e-14,1.2764177033996068e-13,-2.2304993734716672e-10,-2.2246239477587805e-13,2.8074233088877905e-11,1.9047606042892265e-13,-3.146197068532382e-13,-4.433273503857234e-10,-2.7479981022756085e-10,-1.3687289288083222e-10,-3.1461975907907623e-13,7.182431091360743e-11,-1.683414349625282e-10,-2.464757879821179e-12,-3.9281506372881756e-10,1.981310980839694e-10,-4.218174495172799e-11,-3.1461971977943285e-13,1.877499479480326e-11,-2.312686506997802e-10,-3.7509730130121264e-10,-3.146197577358927e-13,-3.716613691395197e-10,-3.146197340192235e-13,-3.9297437004293033e-10,-3.885272165389754e-10,-4.6074290923973803e-10,-2.622952287607387e-10,-3.1461976527147106e-13,-6.789800687539032e-11,-2.1491256450690594e-10,-1.6149027342142704e-10,-4.307758826440561e-10,-3.1461975192412276e-13,-3.1461975001342445e-13,-3.146197614761374e-13
