0.9999999999315314,-3.74213511582789e-08,-3.527522387864473e-08,1.000000010278878,1.0000000102788793,0.9999999841650902,1.000000010278882,1.0000000102788793,1.0000000102788793,6.9088047525404245e-09,-3.527521986494587e-08,1.0000000102788822,0.9999999963859918,1.0000000102788793,0.9999999841650902,1.0000000102788793,1.1759710274708535e-08,0.9999999387805723,1.0000000102788817,1.0000000082479363,1.0000000082479379,8.400596025333823e-08,1.0000000102788822,1.0000000082479348,-2.1525157137541928e-07,1.0000000102788813,1.000000010278882,0.5138928008668179,0.9999999216942025,1.0000000102788804,0.9999999794641616,1.0000000102788822,-7.362944622912235e-08,0.4861071763196202,0.9999999387805669,0.9999999387805663
-3.74213511582789e-08,-3.469318694904086e-08,4.4845918156251605e-12,-1.2228638893092293e-08,-1.2228638893092033e-08,-9.036768365136042e-12,-1.222863889309236e-08,-1.2228638893092227e-08,-1.2228638893092444e-08,1.059447439916499e-08,4.48459233764275e-12,-1.2228638893092166e-08,-1.449546384855859e-08,-1.2228638893092265e-08,-9.03676871785964e-12,-1.2228638893092306e-08,-2.1009727275041316e-13,-5.399877918152526e-12,-1.22286388930922e-08,-6.516254023945085e-12,-6.51625412799028e-12,9.598856151292345e-12,-1.2228638893092404e-08,-6.516254129440292e-12,-1.6219938363936137e-11,-1.2228638893092286e-08,-1.222863889309225e-08,-4.6630553323857174e-12,-6.09823914823805e-12,-1.2228638893092278e-08,-1.2730627011725957e-08,-1.2228638893092257e-08,1.8311983635478435e-12,-1.1052532851003482e-11,-5.399877933060403e-12,-5.399877903576067e-12
-3.527522387864473e-08,4.4845918156251605e-12,-4.0201871089565674e-08,-1.0086646591687246e-08,-1.0086646591687051e-08,-7.1906019165635534e-12,-1.0086646591687521e-08,-1.008664659168722e-08,-1.0086646591687552e-08,3.97840366823564e-12,6.433061695410423e-09,-1.0086646591687172e-08,-5.910824711772994e-12,-1.0086646591687369e-08,-7.190602036859728e-12,-1.0086646591687296e-08,8.859847868593187e-13,-4.428992822694844e-12,-1.0086646591687215e-08,-1.0606582872642766e-08,-1.0606582872642836e-08,1.4496890697167701e-08,-1.008664659168739e-08,-1.0606582872642771e-08,-1.3080134621201552e-11,-1.008664659168734e-08,-1.0086646591687336e-08,-1.2621443860435143e-11,-4.914203044512812e-12,-1.0086646591687293e-08,-1.0493015503657695e-08,-1.0086646591687248e-08,1.4924459218548637e-12,-1.5229908847630321e-13,-4.428992788878697e-12,-4.428992836804161e-12
1.000000010278878,-1.2228638893092293e-08,-1.0086646591687246e-08,1.0000000234450361,1.0000000700796001,1.0000000439646448,1.0000000700796003,1.0000000700795997,1.0000000700796001,3.2098221793922554e-08,-1.0086645129645158e-08,1.0000000700795997,1.0000000561860618,1.0000000700796001,1.0000000439646448,1.0000000700796,3.695389299069408e-08,0.9999999985860508,1.0000000700795997,1.00000006804857,1.00000006804857,1.0919254205170125e-07,1.0000000700795995,1.0000000680485692,-1.9008300414371305e-07,1.0000000700796006,1.0000000700795995,0.5138928433880781,0.9999999814975639,1.0000000700795997,1.000000039286802,1.0000000700795995,-4.858243244806506e-08,0.4861072189885595,0.999999998586051,0.999999998586051
1.0000000102788793,-1.2228638893092033e-08,-1.0086646591687051e-08,1.0000000700796001,1.000000023445033,1.0000000439646455,1.0000000700796001,1.0000000700795995,1.000000070079601,3.209822179392303e-08,-1.0086645129644943e-08,1.0000000700796001,1.0000000561860625,1.000000070079601,1.0000000439646448,1.0000000700795995,3.6953892990694175e-08,0.9999999985860513,1.0000000700795997,1.0000000680485697,1.00000006804857,1.0919254205170158e-07,1.0000000700796001,1.000000068048569,-1.9008300414371291e-07,1.0000000700796006,1.0000000700795997,0.5138928433880776,0.9999999814975634,1.0000000700796001,1.0000000392868025,1.0000000700796001,-4.8582432448063426e-08,0.4861072189885599,0.9999999985860522,0.9999999985860517
0.9999999841650902,-9.036768365136042e-12,-7.1906019165635534e-12,1.0000000439646448,1.0000000439646455,0.9999999739079074,1.0000000439646453,1.0000000439646448,1.0000000439646453,2.7044978267379484e-08,-7.190601134498329e-12,1.0000000439646453,1.0000000311342658,1.0000000439646453,1.0000000205425763,1.0000000439646444,3.6443276285969195e-08,0.9999999716798615,1.0000000439646448,1.000000042266437,1.000000042266436,9.999743768639696e-08,1.0000000439646455,1.0000000422664352,-1.7405463165074052e-07,1.0000000439646464,1.0000000439646448,0.513892839188769,0.9999999552266365,1.0000000439646464,1.0000000134178058,1.0000000439646455,-5.0388297242566856e-08,0.48610720645621963,0.99999997167986,0.9999999716798611
1.000000010278882,-1.222863889309236e-08,-1.0086646591687521e-08,1.0000000700796003,1.0000000700796001,1.0000000439646453,1.0000000234450346,1.0000000700795997,1.0000000700796006,3.209822179392177e-08,-1.0086645129645393e-08,1.0000000700796003,1.000000056186062,1.0000000700796006,1.000000043964646,1.0000000700795997,3.6953892990692534e-08,0.9999999985860522,1.0000000700796006,1.00000006804857,1.0000000680485708,1.0919254205170138e-07,1.0000000700796003,1.0000000680485708,-1.9008300414371395e-07,1.0000000700796008,1.0000000700796003,0.5138928433880781,0.9999999814975641,1.0000000700796008,1.0000000392868036,1.0000000700796001,-4.858243244806305e-08,0.4861072189885594,0.9999999985860515,0.999999998586053
1.0000000102788793,-1.2228638893092227e-08,-1.008664659168722e-08,1.0000000700795997,1.0000000700795995,1.0000000439646448,1.0000000700795997,1.0000000234450337,1.0000000700796001,3.2098221793922607e-08,-1.008664512964511e-08,1.0000000700795997,1.0000000561860627,1.0000000700796001,1.0000000439646448,1.0000000700795995,3.695389299069393e-08,0.9999999985860513,1.0000000700795997,1.0000000680485692,1.0000000680485706,1.0919254205170123e-07,1.0000000700796,1.0000000680485692,-1.9008300414371254e-07,1.0000000700796006,1.0000000700795995,0.5138928433880781,0.9999999814975636,1.0000000700796006,1.0000000392868031,1.0000000700796,-4.8582432448064504e-08,0.4861072189885594,0.999999998586051,0.9999999985860524
1.0000000102788793,-1.2228638893092444e-08,-1.0086646591687552e-08,1.0000000700796001,1.000000070079601,1.0000000439646453,1.0000000700796006,1.0000000700796001,1.0000000234450377,3.209822179392175e-08,-1.0086645129645436e-08,1.0000000700796008,1.000000056186063,1.0000000700796012,1.0000000439646455,1.0000000700796003,3.6953892990692514e-08,0.9999999985860522,1.0000000700796001,1.00000006804857,1.0000000680485703,1.091925420517013e-07,1.0000000700796008,1.0000000680485697,-1.9008300414371363e-07,1.0000000700796008,1.0000000700796001,0.5138928433880785,0.9999999814975641,1.0000000700796008,1.000000039286803,1.0000000700796008,-4.858243244806303e-08,0.4861072189885599,0.999999998586051,0.9999999985860526
6.9088047525404245e-09,1.059447439916499e-08,3.97840366823564e-12,3.2098221793922554e-08,3.209822179392303e-08,2.7044978267379484e-08,3.209822179392177e-08,3.2098221793922607e-08,3.209822179392175e-08,-3.648256188066772e-08,3.97840407511704e-12,3.2098221793922845e-08,3.008811318115185e-08,3.209822179392223e-08,2.704497826737988e-08,3.209822179392233e-08,-3.2360129006062205e-12,1.6464251722229173e-11,3.2098221793922686e-08,3.147889370171532e-08,3.1478893701715104e-08,1.5560133166652096e-08,3.209822179392203e-08,3.1478893701715316e-08,-1.0939483498231823e-11,3.209822179392229e-08,3.209822179392224e-08,3.213674622764871e-08,1.5746596848321834e-11,3.209822179392224e-08,3.177635028263259e-08,3.2098221793922375e-08,1.1848997365612298e-12,-6.5260171552264434e-12,1.646425178549858e-11,1.646425220562239e-11
-3.527521986494587e-08,4.48459233764275e-12,6.433061695410423e-09,-1.0086645129645158e-08,-1.0086645129644943e-08,-7.190601134498329e-12,-1.0086645129645393e-08,-1.008664512964511e-08,-1.0086645129645436e-08,3.97840407511704e-12,-4.0201871089565674e-08,-1.0086645129645037e-08,-5.910824080140708e-12,-1.0086645129645277e-08,-7.190600932424137e-12,-1.0086645129645168e-08,8.859847097907652e-13,-4.428991971466746e-12,-1.0086645129645138e-08,-1.060658141060072e-08,-1.0606581410600789e-08,1.4496890697167977e-08,-1.0086645129645341e-08,-1.0606581410600749e-08,-1.3080134621201552e-11,-1.0086645129645269e-08,-1.0086645129645242e-08,-1.2621442726744478e-11,-4.9142023442312876e-12,-1.0086645129645216e-08,-1.0493014041615258e-08,-1.008664512964514e-08,1.4924452752000376e-12,-1.5229943433558035e-13,-4.428992080101438e-12,-4.428991971466745e-12
1.0000000102788822,-1.2228638893092166e-08,-1.0086646591687172e-08,1.0000000700795997,1.0000000700796001,1.0000000439646453,1.0000000700796003,1.0000000700795997,1.0000000700796008,3.2098221793922845e-08,-1.0086645129645037e-08,1.0000000234450372,1.0000000561860622,1.0000000700796008,1.0000000439646448,1.0000000700796,3.6953892990693705e-08,0.9999999985860513,1.0000000700795997,1.0000000680485708,1.0000000680485706,1.0919254205170134e-07,1.0000000700796001,1.0000000680485701,-1.900830041437124e-07,1.0000000700796006,1.0000000700795997,0.5138928433880778,0.9999999814975641,1.0000000700795997,1.0000000392868018,1.0000000700796001,-4.858243244806443e-08,0.4861072189885594,0.999999998586053,0.9999999985860513
0.9999999963859918,-1.449546384855859e-08,-5.910824711772994e-12,1.0000000561860618,1.0000000561860625,1.0000000311342658,1.000000056186062,1.0000000561860627,1.000000056186063,3.008811318115185e-08,-5.910824080140708e-12,1.0000000561860622,0.999999996074962,1.000000056186063,1.0000000311342663,1.000000056186062,3.650455852682641e-08,0.9999999843570818,1.0000000561860625,1.0000000542873833,1.0000000542873837,1.0549747095590832e-07,1.0000000561860622,1.0000000542873821,-1.8347286335104113e-07,1.0000000561860634,1.0000000561860625,0.5138928412741463,0.9999999675130442,1.0000000561860634,1.0000000254945496,1.0000000561860622,-4.932902814813893e-08,0.4861072110727003,0.999999984357082,0.9999999843570831
1.0000000102788793,-1.2228638893092265e-08,-1.0086646591687369e-08,1.0000000700796001,1.000000070079601,1.0000000439646453,1.0000000700796006,1.0000000700796001,1.0000000700796012,3.209822179392223e-08,-1.0086645129645277e-08,1.0000000700796008,1.000000056186063,1.0000000234450377,1.0000000439646455,1.0000000700796003,3.695389299069291e-08,0.9999999985860522,1.0000000700796001,1.00000006804857,1.0000000680485703,1.0919254205170138e-07,1.0000000700796008,1.0000000680485697,-1.9008300414371323e-07,1.0000000700796008,1.0000000700796001,0.5138928433880784,0.9999999814975641,1.0000000700796008,1.000000039286803,1.0000000700796008,-4.8582432448063194e-08,0.48610721898855996,0.999999998586051,0.9999999985860526
0.9999999841650902,-9.03676871785964e-12,-7.190602036859728e-12,1.0000000439646448,1.0000000439646448,1.0000000205425763,1.000000043964646,1.0000000439646448,1.0000000439646455,2.704497826737988e-08,-7.190600932424137e-12,1.0000000439646448,1.0000000311342663,1.0000000439646455,0.9999999739079083,1.0000000439646448,3.644327628596877e-08,0.99999997167986,1.0000000439646444,1.0000000422664368,1.0000000422664355,9.999743768639703e-08,1.0000000439646455,1.0000000422664348,-1.7405463165073972e-07,1.0000000439646453,1.0000000439646444,0.5138928391887688,0.9999999552266361,1.0000000439646453,1.0000000134178046,1.0000000439646455,-5.0388297242567386e-08,0.48610720645621974,0.9999999716798611,0.9999999716798602
1.0000000102788793,-1.2228638893092306e-08,-1.0086646591687296e-08,1.0000000700796,1.0000000700795995,1.0000000439646444,1.0000000700795997,1.0000000700795995,1.0000000700796003,3.209822179392233e-08,-1.0086645129645168e-08,1.0000000700796,1.000000056186062,1.0000000700796003,1.0000000439646448,1.0000000234450341,3.695389299069349e-08,0.999999998586051,1.0000000700795997,1.0000000680485692,1.0000000680485708,1.0919254205170078e-07,1.0000000700795997,1.00000006804857,-1.9008300414371236e-07,1.0000000700796006,1.0000000700795997,0.5138928433880771,0.9999999814975639,1.0000000700796006,1.0000000392868034,1.0000000700796001,-4.8582432448062684e-08,0.48610721898855913,0.999999998586051,0.9999999985860526
1.1759710274708535e-08,-2.1009727275041316e-13,8.859847868593187e-13,3.695389299069408e-08,3.6953892990694175e-08,3.6443276285969195e-08,3.6953892990692534e-08,3.695389299069393e-08,3.6953892990692514e-08,-3.2360129006062205e-12,8.859847097907652e-13,3.6953892990693705e-08,3.650455852682641e-08,3.695389299069291e-08,3.644327628596877e-08,3.695389299069349e-08,-4.425754235173571e-09,2.0951839425235544e-11,3.695389299069335e-08,3.697758669445961e-08,3.69775866944589e-08,4.665297697288848e-12,3.6953892990693586e-08,3.6977586694459585e-08,-2.220601732001144e-11,3.695389299069278e-08,3.6953892990693136e-08,-2.0335745134039006e-11,2.1398655817095928e-11,3.695389299069338e-08,3.6082808813445455e-08,3.69538929906939e-08,3.186461921353631e-12,2.506948771732066e-11,2.0951839400384902e-11,2.0951839212905214e-11
0.9999999387805723,-5.399877918152526e-12,-4.428992822694844e-12,0.9999999985860508,0.9999999985860513,0.9999999716798615,0.9999999985860522,0.9999999985860513,0.9999999985860522,1.6464251722229173e-11,-4.428991971466746e-12,0.9999999985860513,0.9999999843570818,0.9999999985860522,0.99999997167986,0.999999998586051,2.0951839425235544e-11,0.999999881303233,0.9999999985860504,0.9999999964652962,0.9999999964652967,5.6834663883733435e-11,0.9999999985860519,0.999999996465296,-1.0067859634428474e-10,0.9999999985860515,0.9999999985860504,0.5138927869205332,0.9999999108115704,0.9999999985860515,0.9999999676165401,0.9999999985860519,-4.736015858122315e-08,0.48610719827372667,0.9999999279378418,0.9999999279378424
1.0000000102788817,-1.22286388930922e-08,-1.0086646591687215e-08,1.0000000700795997,1.0000000700795997,1.0000000439646448,1.0000000700796006,1.0000000700795997,1.0000000700796001,3.2098221793922686e-08,-1.0086645129645138e-08,1.0000000700795997,1.0000000561860625,1.0000000700796001,1.0000000439646444,1.0000000700795997,3.695389299069335e-08,0.9999999985860504,1.0000000234450315,1.0000000680485692,1.00000006804857,1.0919254205170138e-07,1.0000000700796,1.0000000680485683,-1.900830041437122e-07,1.0000000700795997,1.0000000700795997,0.5138928433880775,0.9999999814975639,1.0000000700795997,1.0000000392868025,1.0000000700796,-4.858243244806277e-08,0.4861072189885597,0.9999999985860519,0.9999999985860508
1.0000000082479363,-6.516254023945085e-12,-1.0606582872642766e-08,1.00000006804857,1.0000000680485697,1.000000042266437,1.00000006804857,1.0000000680485692,1.00000006804857,3.147889370171532e-08,-1.060658141060072e-08,1.0000000680485708,1.0000000542873833,1.00000006804857,1.0000000422664368,1.0000000680485692,3.697758669445961e-08,0.9999999964652962,1.0000000680485692,1.0000000194237786,1.000000066058344,1.080787656564047e-07,1.0000000680485708,1.0000000660583424,-1.882008114758121e-07,1.0000000680485703,1.0000000680485692,0.5138928429978097,0.9999999794575463,1.0000000680485701,1.0000000372846938,1.0000000680485708,-4.879378335224023e-08,0.4861072184516168,0.9999999964652962,0.9999999964652962
1.0000000082479379,-6.51625412799028e-12,-1.0606582872642836e-08,1.00000006804857,1.00000006804857,1.000000042266436,1.0000000680485708,1.0000000680485706,1.0000000680485703,3.1478893701715104e-08,-1.0606581410600789e-08,1.0000000680485706,1.0000000542873837,1.0000000680485703,1.0000000422664355,1.0000000680485708,3.69775866944589e-08,0.9999999964652967,1.00000006804857,1.000000066058344,1.0000000194237844,1.0807876565640454e-07,1.0000000680485706,1.000000066058343,-1.8820081147581232e-07,1.0000000680485708,1.00000006804857,0.5138928429978097,0.9999999794575467,1.0000000680485708,1.000000037284694,1.0000000680485706,-4.879378335224106e-08,0.4861072184516177,0.9999999964652971,0.9999999964652969
8.400596025333823e-08,9.598856151292345e-12,1.4496890697167701e-08,1.0919254205170125e-07,1.0919254205170158e-07,9.999743768639696e-08,1.0919254205170138e-07,1.0919254205170123e-07,1.091925420517013e-07,1.5560133166652096e-08,1.4496890697167977e-08,1.0919254205170134e-07,1.0549747095590832e-07,1.0919254205170138e-07,9.999743768639703e-08,1.0919254205170078e-07,4.665297697288848e-12,5.6834663883733435e-11,1.0919254205170138e-07,1.080787656564047e-07,1.0807876565640454e-07,-1.399883976022938e-08,1.091925420517013e-07,1.0807876565640467e-07,-3.129248154508699e-11,1.091925420517014e-07,1.0919254205170138e-07,2.2603505433407973e-11,1.1077531896585534e-07,1.0919254205170134e-07,1.0818442641633882e-07,1.0919254205170134e-07,3.689673918298507e-12,1.3888397322743932e-11,5.6834663883733435e-11,5.6834663729133876e-11
1.0000000102788822,-1.2228638893092404e-08,-1.008664659168739e-08,1.0000000700795995,1.0000000700796001,1.0000000439646455,1.0000000700796003,1.0000000700796,1.0000000700796008,3.209822179392203e-08,-1.0086645129645341e-08,1.0000000700796001,1.0000000561860622,1.0000000700796008,1.0000000439646455,1.0000000700795997,3.6953892990693586e-08,0.9999999985860519,1.0000000700796,1.0000000680485708,1.0000000680485706,1.091925420517013e-07,1.0000000234450372,1.0000000680485701,-1.9008300414371323e-07,1.0000000700796006,1.0000000700795997,0.5138928433880781,0.9999999814975641,1.0000000700796006,1.0000000392868023,1.0000000700796001,-4.8582432448063564e-08,0.4861072189885598,0.999999998586053,0.9999999985860513
1.0000000082479348,-6.516254129440292e-12,-1.0606582872642771e-08,1.0000000680485692,1.000000068048569,1.0000000422664352,1.0000000680485708,1.0000000680485692,1.0000000680485697,3.1478893701715316e-08,-1.0606581410600749e-08,1.0000000680485701,1.0000000542873821,1.0000000680485697,1.0000000422664348,1.00000006804857,3.6977586694459585e-08,0.999999996465296,1.0000000680485683,1.0000000660583424,1.000000066058343,1.0807876565640467e-07,1.0000000680485701,1.0000000194237781,-1.882008114758121e-07,1.000000068048569,1.0000000680485683,0.5138928429978097,0.9999999794575456,1.0000000680485703,1.0000000372846929,1.0000000680485701,-4.879378335224084e-08,0.4861072184516168,0.9999999964652962,0.999999996465296
-2.1525157137541928e-07,-1.6219938363936137e-11,-1.3080134621201552e-11,-1.9008300414371305e-07,-1.9008300414371291e-07,-1.7405463165074052e-07,-1.9008300414371395e-07,-1.9008300414371254e-07,-1.9008300414371363e-07,-1.0939483498231823e-11,-1.3080134621201552e-11,-1.900830041437124e-07,-1.8347286335104113e-07,-1.9008300414371323e-07,-1.7405463165073972e-07,-1.9008300414371236e-07,-2.220601732001144e-11,-1.0067859634428474e-10,-1.900830041437122e-07,-1.882008114758121e-07,-1.8820081147581232e-07,-3.129248154508699e-11,-1.9008300414371323e-07,-1.882008114758121e-07,9.026152375464169e-08,-1.9008300414371318e-07,-1.9008300414371283e-07,1.0870378235656547e-11,-9.93400974329745e-11,-1.9008300414371355e-07,-1.877869721545208e-07,-1.9008300414371315e-07,-8.399104054421832e-12,-1.304200994217274e-07,-1.0067859634428474e-10,-1.0067859634428474e-10
1.0000000102788813,-1.2228638893092286e-08,-1.008664659168734e-08,1.0000000700796006,1.0000000700796006,1.0000000439646464,1.0000000700796008,1.0000000700796006,1.0000000700796008,3.209822179392229e-08,-1.0086645129645269e-08,1.0000000700796006,1.0000000561860634,1.0000000700796008,1.0000000439646453,1.0000000700796006,3.695389299069278e-08,0.9999999985860515,1.0000000700795997,1.0000000680485703,1.0000000680485708,1.091925420517014e-07,1.0000000700796006,1.000000068048569,-1.9008300414371318e-07,1.0000000234450346,1.0000000700795997,0.5138928433880784,0.999999981497565,1.0000000700796006,1.0000000392868031,1.0000000700796006,-4.858243244806234e-08,0.4861072189885598,0.999999998586051,0.9999999985860528
1.000000010278882,-1.222863889309225e-08,-1.0086646591687336e-08,1.0000000700795995,1.0000000700795997,1.0000000439646448,1.0000000700796003,1.0000000700795995,1.0000000700796001,3.209822179392224e-08,-1.0086645129645242e-08,1.0000000700795997,1.0000000561860625,1.0000000700796001,1.0000000439646444,1.0000000700795997,3.6953892990693136e-08,0.9999999985860504,1.0000000700795997,1.0000000680485692,1.00000006804857,1.0919254205170138e-07,1.0000000700795997,1.0000000680485683,-1.9008300414371283e-07,1.0000000700795997,1.0000000234450315,0.5138928433880774,0.9999999814975639,1.0000000700795995,1.0000000392868025,1.0000000700795997,-4.858243244806239e-08,0.48610721898855963,0.9999999985860519,0.9999999985860504
0.5138928008668179,-4.6630553323857174e-12,-1.2621443860435143e-11,0.5138928433880781,0.5138928433880776,0.513892839188769,0.5138928433880781,0.5138928433880781,0.5138928433880785,3.213674622764871e-08,-1.2621442726744478e-11,0.5138928433880778,0.5138928412741463,0.5138928433880784,0.5138928391887688,0.5138928433880771,-2.0335745134039006e-11,0.5138927869205332,0.5138928433880775,0.5138928429978097,0.5138928429978097,2.2603505433407973e-11,0.5138928433880781,0.5138928429978097,1.0870378235656547e-11,0.5138928433880784,0.5138928433880774,0.5138927679462708,0.513892782365566,0.5138928433880778,0.5138928297718054,0.5138928433880781,-1.406764998970351e-11,3.4106261623813586e-11,0.5138927869205334,0.5138927869205333
0.9999999216942025,-6.09823914823805e-12,-4.914203044512812e-12,0.9999999814975639,0.9999999814975634,0.9999999552266365,0.9999999814975641,0.9999999814975636,0.9999999814975641,1.5746596848321834e-11,-4.9142023442312876e-12,0.9999999814975641,0.9999999675130442,0.9999999814975641,0.9999999552266361,0.9999999814975639,2.1398655817095928e-11,0.9999999108115704,0.9999999814975639,0.9999999794575463,0.9999999794575467,1.1077531896585534e-07,0.9999999814975641,0.9999999794575456,-9.93400974329745e-11,0.999999981497565,0.9999999814975639,0.513892782365566,0.9999998472365396,0.9999999814975652,0.9999999505637874,0.9999999814975641,-4.7630222994442443e-08,0.4861071873025085,0.9999999108115697,0.9999999108115704
1.0000000102788804,-1.2228638893092278e-08,-1.0086646591687293e-08,1.0000000700795997,1.0000000700796001,1.0000000439646464,1.0000000700796008,1.0000000700796006,1.0000000700796008,3.209822179392224e-08,-1.0086645129645216e-08,1.0000000700795997,1.0000000561860634,1.0000000700796008,1.0000000439646453,1.0000000700796006,3.695389299069338e-08,0.9999999985860515,1.0000000700795997,1.0000000680485701,1.0000000680485708,1.0919254205170134e-07,1.0000000700796006,1.0000000680485703,-1.9008300414371355e-07,1.0000000700796006,1.0000000700795995,0.5138928433880778,0.9999999814975652,1.0000000234450326,1.0000000392868034,1.0000000700796006,-4.8582432448064e-08,0.4861072189885599,0.999999998586051,0.999999998586053
0.9999999794641616,-1.2730627011725957e-08,-1.0493015503657695e-08,1.000000039286802,1.0000000392868025,1.0000000134178058,1.0000000392868036,1.0000000392868031,1.000000039286803,3.177635028263259e-08,-1.0493014041615258e-08,1.0000000392868018,1.0000000254945496,1.000000039286803,1.0000000134178046,1.0000000392868034,3.6082808813445455e-08,0.9999999676165401,1.0000000392868025,1.0000000372846938,1.000000037284694,1.0818442641633882e-07,1.0000000392868023,1.0000000372846929,-1.877869721545208e-07,1.0000000392868031,1.0000000392868025,0.5138928297718054,0.9999999505637874,1.0000000392868034,0.9999999618945706,1.0000000392868023,-2.4640592050717378e-11,0.4861072031463797,0.9999999676165403,0.9999999676165403
1.0000000102788822,-1.2228638893092257e-08,-1.0086646591687248e-08,1.0000000700795995,1.0000000700796001,1.0000000439646455,1.0000000700796001,1.0000000700796,1.0000000700796008,3.2098221793922375e-08,-1.008664512964514e-08,1.0000000700796001,1.0000000561860622,1.0000000700796008,1.0000000439646455,1.0000000700796001,3.69538929906939e-08,0.9999999985860519,1.0000000700796,1.0000000680485708,1.0000000680485706,1.0919254205170134e-07,1.0000000700796001,1.0000000680485701,-1.9008300414371315e-07,1.0000000700796006,1.0000000700795997,0.5138928433880781,0.9999999814975641,1.0000000700796006,1.0000000392868023,1.0000000234450368,-4.8582432448064187e-08,0.4861072189885598,0.999999998586053,0.9999999985860522
-7.362944622912235e-08,1.8311983635478435e-12,1.4924459218548637e-12,-4.858243244806506e-08,-4.8582432448063426e-08,-5.0388297242566856e-08,-4.858243244806305e-08,-4.8582432448064504e-08,-4.858243244806303e-08,1.1848997365612298e-12,1.4924452752000376e-12,-4.858243244806443e-08,-4.932902814813893e-08,-4.8582432448063194e-08,-5.0388297242567386e-08,-4.8582432448062684e-08,3.186461921353631e-12,-4.736015858122315e-08,-4.858243244806277e-08,-4.879378335224023e-08,-4.879378335224106e-08,3.689673918298507e-12,-4.8582432448063564e-08,-4.879378335224084e-08,-8.399104054421832e-12,-4.858243244806234e-08,-4.858243244806239e-08,-1.406764998970351e-11,-4.7630222994442443e-08,-4.8582432448064e-08,-2.4640592050717378e-11,-4.8582432448064187e-08,-4.4486709547758826e-08,-1.5539890444143544e-11,-4.736015858122216e-08,-4.7360158581222096e-08
0.4861071763196202,-1.1052532851003482e-11,-1.5229908847630321e-13,0.4861072189885595,0.4861072189885599,0.48610720645621963,0.4861072189885594,0.4861072189885594,0.4861072189885599,-6.5260171552264434e-12,-1.5229943433558035e-13,0.4861072189885594,0.4861072110727003,0.48610721898855996,0.48610720645621974,0.48610721898855913,2.506948771732066e-11,0.48610719827372667,0.4861072189885597,0.4861072184516168,0.4861072184516177,1.3888397322743932e-11,0.4861072189885598,0.4861072184516168,-1.304200994217274e-07,0.4861072189885598,0.48610721898855963,3.4106261623813586e-11,0.4861071873025085,0.4861072189885599,0.4861072031463797,0.4861072189885598,-1.5539890444143544e-11,0.4861071064444018,0.48610719827372656,0.48610719827372706
0.9999999387805669,-5.399877933060403e-12,-4.428992788878697e-12,0.999999998586051,0.9999999985860522,0.99999997167986,0.9999999985860515,0.999999998586051,0.999999998586051,1.646425178549858e-11,-4.428992080101438e-12,0.999999998586053,0.999999984357082,0.999999998586051,0.9999999716798611,0.999999998586051,2.0951839400384902e-11,0.9999999279378418,0.9999999985860519,0.9999999964652962,0.9999999964652971,5.6834663883733435e-11,0.999999998586053,0.9999999964652962,-1.0067859634428474e-10,0.999999998586051,0.9999999985860519,0.5138927869205334,0.9999999108115697,0.999999998586051,0.9999999676165403,0.999999998586053,-4.736015858122216e-08,0.48610719827372656,0.9999998813032326,0.9999999279378418
0.9999999387805663,-5.399877903576067e-12,-4.428992836804161e-12,0.999999998586051,0.9999999985860517,0.9999999716798611,0.999999998586053,0.9999999985860524,0.9999999985860526,1.646425220562239e-11,-4.428991971466745e-12,0.9999999985860513,0.9999999843570831,0.9999999985860526,0.9999999716798602,0.9999999985860526,2.0951839212905214e-11,0.9999999279378424,0.9999999985860508,0.9999999964652962,0.9999999964652969,5.6834663729133876e-11,0.9999999985860513,0.999999996465296,-1.0067859634428474e-10,0.9999999985860528,0.9999999985860504,0.5138927869205333,0.9999999108115704,0.999999998586053,0.9999999676165403,0.9999999985860522,-4.7360158581222096e-08,0.48610719827372706,0.9999999279378418,0.9999998813032337
