0.9999999959869506,-3.298615539158725e-07,0.999988123617501,0.9999895255381559,0.9999882219263411,-3.2039421453227425e-07,0.9999888384862613,0.9999888384862627,-3.6499063761476055e-07,0.9999891312868971,0.9999889190471125,-3.2247857220370515e-07,-3.191813126499987e-07,-3.206095045355687e-07,-3.1968304414555625e-07,0.9999882866960101,-3.2147852110308563e-07,-3.4097443732347295e-07,0.9999889190471148,0.9999894564864114,0.9999892442587615,0.9999888724065417,-3.567864538325692e-07,-3.3108107466189156e-07,0.9999889363649616,0.9999888275456917,-3.205627635502712e-07,-3.2602850176387494e-07,-3.1959225037078314e-07,0.9999891446806465,-3.2793378624533083e-07,-3.197707333072888e-07,-3.291499103923696e-07,0.9999889509122387,-3.2099385177693934e-07,0.9999882403153862,-3.704074638252504e-07,0.9999893980760064,0.9999891446806441,0.9999891446806435,-3.2171965105757384e-07,-3.2793378323670024e-07,-3.2912927626473316e-07,-3.4043553408931597e-07,-3.2602453439859643e-07,0.9999889509122382,-3.217122366384422e-07,-3.2343810869083405e-07,-3.2365964400335897e-07,-3.396314633527124e-07,-3.272811263357873e-07,0.9999888520420283,0.9999890462303503,-3.191813119499691e-07,0.9999889363649627,-3.2793378336773926e-07,0.9999889345202844,0.9999889363649607
-3.298615539158725e-07,1.579488128198998e-06,-1.2643986260163372e-08,-6.353090267482345e-12,-1.2643987803466156e-08,-5.737589378965776e-19,-6.353084790647847e-12,-6.353084790647847e-12,-3.0895215142388935e-15,-6.353087226480982e-12,-6.353085577483406e-12,-5.91485991764334e-19,-3.93442743326982e-19,-6.507237171705596e-19,-6.589243862759205e-19,-1.2643988807626718e-08,-5.531527688468278e-19,-1.701369758716304e-15,-6.353085542751375e-12,-6.3530897567015695e-12,-6.353088071413792e-12,-6.353085106721605e-12,-1.6498611312271358e-18,-1.2894809809732185e-15,-6.353085683005809e-12,-6.353084732939844e-12,-5.668517707858746e-19,-1.0457336024226712e-15,-5.939686149614758e-19,-6.353087329564708e-12,-1.1273694180181033e-15,-6.792652184509952e-19,-1.3245433635467885e-15,-6.353085792993496e-12,-6.537844742539862e-19,-1.2643988081700068e-08,-3.6623233545849796e-15,-6.353089308537431e-12,-6.353087309896732e-12,-6.353087330100745e-12,-5.310353358292258e-19,-1.1273693277451264e-15,-7.166452883390231e-19,-1.2166664403040908e-18,-1.0458266322167016e-15,-6.3530857915737804e-12,-5.623993370286007e-19,-8.515440019775579e-19,-4.950815860675442e-19,-1.7265204284300473e-15,-5.102875130382941e-19,-6.353085070320205e-12,-6.3530864688464515e-12,-4.257123152052022e-19,-6.3530856841744285e-12,-1.1273693641406821e-15,-1.264399894825193e-08,-6.3530856886083225e-12
0.999988123617501,-1.2643986260163372e-08,0.9999850549499993,0.9999848773756049,0.9999835737702583,-1.5961562268937601e-12,0.9999841903271175,0.9999841903271173,-4.777289596352548e-08,0.9999844831263,0.9999842708875719,-5.261041189751086e-09,-9.867260850881814e-13,-3.391982775750272e-09,-2.4655286348108772e-09,0.9999836385396074,-4.260996675244311e-09,-2.3756814361277925e-08,0.9999842708875708,0.9999848083241997,0.9999845960976038,0.9999842242472295,-3.9568751198459e-08,-1.3863500289634458e-08,0.9999842882053325,0.9999841793866056,-1.6808451956958549e-12,-8.81095384540449e-09,-1.1932045163097877e-12,0.9999844965199816,-1.0716227380185073e-08,-1.2828849632840508e-12,-1.1932345976780496e-08,0.9999843027525379,-3.776325212064869e-09,0.999983592159213,-5.318968994913885e-08,0.9999847499140867,0.9999844965199819,0.9999844965199807,-4.502125382269865e-09,-1.0716226985066992e-08,-1.1911710247901799e-08,-2.3217908567253813e-08,-8.806986531349189e-09,0.9999843027525388,-4.494709017162564e-09,-6.220572969669142e-09,-3.2368905266312558e-12,-2.241384533811898e-08,-1.0063570852580236e-08,0.999984203882819,0.9999843980701757,-9.867260341512957e-13,0.9999842882053331,-1.0716226706772704e-08,0.9999842863606639,0.9999842882053326
0.9999895255381559,-6.353090267482345e-12,0.9999848773756049,0.9999878587793345,0.9999849756840936,-1.5961602732207998e-12,0.9999855922418119,0.9999855922418123,-4.777297468704869e-08,0.9999858850414015,0.9999856728023776,-2.6434601194003235e-12,-9.867292893066624e-13,-1.7043341913599516e-12,-1.2388285756802085e-12,0.999985040453534,-2.140978424789238e-12,-2.3756854034208152e-08,0.999985672802378,0.9999862102397558,0.9999859980128641,0.9999856261619724,-3.9568818575456625e-08,-1.3863524384631947e-08,0.999985690120163,0.9999855813012849,-1.6808494388112056e-12,-4.4271471249364094e-12,-1.1932080146921445e-12,0.9999858984351019,-5.384469654313475e-12,-1.2828886686843181e-12,-1.1932367398260678e-08,0.999985704667389,-1.897450625370008e-12,0.9999849940730736,-2.6725661193412712e-11,0.9999861518295606,0.9999858984351028,0.9999858984351019,-2.2621357850823618e-12,-5.384469362226381e-12,-1.1911731926827927e-08,-1.1666057136112142e-11,-4.4251536867918975e-12,0.9999857046673902,-2.2584094191132277e-12,-3.1255858649010426e-12,-3.2368968689327767e-12,-1.1262048404552372e-11,-5.0565362858742565e-12,0.9999856057975315,0.999985799985159,-9.867292538866969e-13,0.9999856901201631,-5.384469325628774e-12,0.9999856882754922,0.9999856901201635
0.9999882219263411,-1.2643987803466156e-08,0.9999835737702583,0.9999849756840936,0.9999852515667084,-3.1766946162975016e-09,0.9999842886355387,0.9999842886355399,-4.777290150196655e-08,0.9999845814347491,0.9999843691960013,-5.2610419751688975e-09,-1.963798437340707e-09,-3.391983379660355e-09,-2.4655291489366403e-09,0.9999837368479758,-4.260997376015277e-09,-2.3756817153081118e-08,0.999984369196001,0.9999849066326819,0.9999846944060659,0.9999843225556556,-3.956875594148459e-08,-1.3863501986431357e-08,0.9999843865137632,0.9999842776950257,-3.345243671757696e-09,-8.810954975366074e-09,-2.3747346167082116e-09,0.9999845948284338,-1.0716228721552447e-08,-2.5532179353927375e-09,-1.193234748615346e-08,0.9999844010609715,-3.776325853201728e-09,0.9999836904675762,-5.318969616626541e-08,0.9999848482225631,0.9999845948284337,0.9999845948284327,-4.502126093984496e-09,-1.0716228326434216e-08,-1.1911711775769908e-08,-2.321791145290675e-08,-8.806987660930686e-09,0.9999844010609718,-4.494709769378989e-09,-6.220573924639637e-09,-6.442106229089731e-09,-2.2413847999758095e-08,-1.006357210423273e-08,0.9999843021912422,0.9999844963786172,-1.9637984016181395e-09,0.9999843865137641,-1.0716228048139875e-08,0.9999843846690945,0.9999843865137639
-3.2039421453227425e-07,-5.737589378965776e-19,-1.5961562268937601e-12,-1.5961602732207998e-12,-3.1766946162975016e-09,1.5794881299339704e-06,-1.596158294546372e-12,-1.5961582622873558e-12,-1.557989014277139e-18,-1.5961591650835121e-12,-1.5961585525163064e-12,-4.196809054165435e-19,-2.7356530220347847e-19,-7.711642410369291e-19,-4.658110548264719e-19,-3.176694989041066e-09,-4.079921779150266e-19,-9.473663635686079e-19,-1.5961585662926941e-12,-1.5961601833322855e-12,-1.5961594073801577e-12,-1.596158401367027e-12,-3.249603711257041e-15,-5.5057900238240965e-19,-1.5961586027584819e-12,-1.5961582513563063e-12,-2.2809690200986833e-19,-3.9994742361780826e-19,-1.039644425022224e-18,-1.5961591682365905e-12,-6.382121833857119e-19,-8.46653902992415e-19,-5.673511865688156e-19,-1.5961586781887584e-12,-3.8994475634201716e-19,-1.5961565370110793e-12,-1.907296664711388e-18,-1.5961599611754117e-12,-1.5961591762385697e-12,-1.596159183883245e-12,-7.27343585439101e-19,-5.086722343615914e-19,-3.5608784964646317e-19,-9.364373313907666e-19,-5.872544269781187e-19,-1.5961586859916218e-12,-6.069556961541304e-19,-4.941662141668585e-19,-1.0338835489824782e-15,-8.704045246492984e-19,-1.0058809638413417e-15,-1.5961583540694669e-12,-1.5961588925337996e-12,-2.7356530220347847e-19,-1.5961586887588227e-12,-5.693900618939893e-19,-1.596158594182284e-12,-1.5961586283510892e-12
0.9999888384862613,-6.353084790647847e-12,0.9999841903271175,0.9999855922418119,0.9999842886355387,-1.596158294546372e-12,0.9999864846809206,0.999984905192839,-4.7772936145980305e-08,0.9999851979922276,0.9999849857533485,-2.643457418448999e-12,-9.86727740893151e-13,-1.7043320916858385e-12,-1.2388268287650223e-12,0.9999843534049362,-2.140975969205025e-12,-2.3756834612826384e-08,0.9999849857533486,0.9999855231903585,0.9999853109636115,0.9999849391129746,-3.956878559557376e-08,-6.965840840732884e-12,0.9999850030711216,0.9999848942523178,-1.6808473354727335e-12,-4.427143162400812e-12,-1.1932062711414456e-12,0.9999852113859184,-5.3844650341722786e-12,-1.2828868707768252e-12,-5.99551462896317e-12,0.999985017618337,-1.8974484092794673e-12,0.9999843070245085,-5.3189735050877563e-08,0.9999854647802032,0.9999852113859188,0.999985211385918,-2.2621332772782768e-12,-5.384464809117674e-12,-5.985146203437548e-12,-2.3217929485230497e-08,-4.4251497913899936e-12,0.9999850176183381,-2.2584068425471674e-12,-3.12558271195869e-12,-3.236893809937082e-12,-2.241386464294512e-08,-5.0565318026807295e-12,0.9999849187485481,0.9999851129360434,-9.867277084707694e-13,0.9999850030711229,-5.384464720485774e-12,0.999985001226451,0.9999850030711229
0.9999888384862627,-6.353084790647847e-12,0.9999841903271173,0.9999855922418123,0.9999842886355399,-1.5961582622873558e-12,0.999984905192839,0.9999864846809197,-4.777293614598035e-08,0.9999851979922281,0.999984985753349,-2.643457404829063e-12,-9.867277625912622e-13,-1.7043320742113633e-12,-1.238826841388509e-12,0.9999843534049364,-2.1409759943493282e-12,-2.3756834612826427e-08,0.9999849857533494,0.9999855231903593,0.9999853109636124,0.999984939112975,-3.956878559557385e-08,-6.965840703303922e-12,0.9999850030711223,0.9999848942523183,-1.6808473363355271e-12,-4.4271431763355985e-12,-1.1932063078937923e-12,0.9999852113859189,-5.3844650341722786e-12,-1.2828868963580795e-12,-5.995514830878634e-12,0.9999850176183374,-1.8974484133258874e-12,0.9999843070245089,-5.318973505087783e-08,0.999985464780204,0.9999852113859192,0.9999852113859181,-2.262133280620103e-12,-5.384464750337518e-12,-5.9851461567087365e-12,-2.3217929485230616e-08,-4.425149804936936e-12,0.9999850176183389,-2.2584068425471674e-12,-3.1255827333502696e-12,-3.23689372548825e-12,-2.2413864642945075e-08,-5.056531870608286e-12,0.9999849187485481,0.9999851129360434,-9.86727718059523e-13,0.9999850030711225,-5.384464747387123e-12,0.9999850012264515,0.9999850030711233
-3.6499063761476055e-07,-3.0895215142388935e-15,-4.777289596352548e-08,-4.777297468704869e-08,-4.777290150196655e-08,-1.557989014277139e-18,-4.7772936145980305e-08,-4.777293614598035e-08,1.5794881241789264e-06,-4.777295256131008e-08,-4.7772940668458564e-08,-1.5310754975696708e-18,-1.6012139251946928e-18,-1.4814611651699352e-18,-1.6293478191778966e-18,-4.777290511560818e-08,-1.6869303246524835e-18,-4.477439025934567e-15,-4.7772940668458915e-08,-4.777297080103433e-08,-2.400393428854056e-11,-4.777293804452469e-08,-8.602359613733946e-15,-3.444618862591417e-15,-2.4003925393380528e-11,-4.7772935533645636e-08,-1.486987154174444e-18,-1.0186493776083307e-18,-1.5388899789246617e-18,-2.4003931445072938e-11,-3.0288901884854764e-15,-1.5931566041036958e-18,-3.566767626148026e-15,-4.77729424583087e-08,-1.5573306755176167e-18,-4.777290250876108e-08,-9.612588488995134e-15,-2.4003938549305028e-11,-2.4003931445072938e-11,-2.4003931445072938e-11,-1.5260088095642742e-18,-3.0288899354317805e-15,-1.7030088292686849e-18,-6.30934223570259e-15,-1.3800012177962917e-18,-4.777294245830834e-08,-1.614298779911546e-18,-3.927338287829927e-15,-1.587650098351919e-18,-4.564521290044962e-15,-1.37213069494695e-18,-4.777293690945383e-08,-4.7772947806468116e-08,-1.6070950577060648e-18,-2.40039254631029e-11,-3.0288900454151493e-15,-4.7772941530349e-08,-2.4003925435605555e-11
0.9999891312868971,-6.353087226480982e-12,0.9999844831263,0.9999858850414015,0.9999845814347491,-1.5961591650835121e-12,0.9999851979922276,0.9999851979922281,-4.777295256131008e-08,0.9999870702797826,0.9999852785527615,-2.6434585855287443e-12,-9.867284260532262e-13,-1.704332905920563e-12,-1.238827599150826e-12,0.999984646204165,-2.140976918017459e-12,-1.1936829797309962e-11,0.9999852785527618,0.9999858159899275,0.9999856037631185,0.9999852319123733,-1.98816828817962e-11,-1.3863517613745511e-08,0.9999852958705391,0.9999851870517038,-1.6808481284697278e-12,-4.427144832188954e-12,-1.1932070713547144e-12,0.9999855041853969,-5.384467006867569e-12,-1.282887596778157e-12,-1.1932361379259133e-08,0.9999853104177598,-1.8974493760059524e-12,0.999984599823723,-2.6725648770419084e-11,0.9999857575797565,0.9999855041853968,0.9999855041853954,-2.2621343386473995e-12,-5.384466957237503e-12,-5.985148447780124e-12,-1.1666051743641696e-11,-4.425151437611533e-12,0.9999853104177606,-2.2584079101045135e-12,-6.220582687932943e-09,-3.236895116875201e-12,-1.1262042776124391e-11,-5.05653378374535e-12,0.9999852115479422,0.9999854057354928,-9.867284042120041e-13,0.99998529587054,-5.3844668644841645e-12,0.9999852940258687,0.9999852958705396
0.9999889190471125,-6.353085577483406e-12,0.9999842708875719,0.9999856728023776,0.9999843691960013,-1.5961585525163064e-12,0.9999849857533485,0.999984985753349,-4.7772940668458564e-08,0.9999852785527615,0.9999866458019468,-2.643457647839556e-12,-9.867279353728305e-13,-1.7043322300742316e-12,-1.2388270072318135e-12,0.9999844339654019,-2.140976213845084e-12,-1.1936827056082695e-11,0.9999850663138655,0.9999856037509186,0.9999853915241553,0.9999850196734869,-3.9568789466001447e-08,-6.965841427878164e-12,0.9999850836316403,0.9999849748128274,-1.6808475762240818e-12,-4.427143622297764e-12,-1.1932064939321018e-12,0.9999852919464542,-5.384465583565936e-12,-1.2828870715628716e-12,-5.9955153719780326e-12,0.9999850981788574,-1.8974486735852604e-12,0.99998438758497,-5.318974012671451e-08,0.9999855453407592,0.9999852919464555,0.9999852919464541,-2.2621335854169316e-12,-5.3844653890600196e-12,-5.985146665876384e-12,-2.32179318383748e-08,-4.425150211101382e-12,0.9999850981788583,-4.494715063636238e-09,-3.1255831816773916e-12,-3.2368940456435142e-12,-1.1262040132784536e-11,-5.0565323409438374e-12,0.9999849993090588,0.9999851934965709,-9.867278695352627e-13,0.9999850836316415,-5.384465243319581e-12,0.9999850817869688,0.9999850836316406
-3.2247857220370515e-07,-5.91485991764334e-19,-5.261041189751086e-09,-2.6434601194003235e-12,-5.2610419751688975e-09,-4.196809054165435e-19,-2.643457418448999e-12,-2.643457404829063e-12,-1.5310754975696708e-18,-2.6434585855287443e-12,-2.643457647839556e-12,1.5794881288465736e-06,-5.157524977271574e-19,-4.251743689249461e-19,-6.240722201548417e-19,-2.6434551976998153e-12,-2.8375743664565773e-19,-8.408500269626687e-19,-2.6434576550067094e-12,-2.6434599770641126e-12,-2.6434589797309346e-12,-2.6434576108223654e-12,-1.5968567312758638e-18,-6.078405163434746e-19,-2.6434577663253493e-12,-2.643457374423452e-12,-9.976437011470735e-16,-4.1633977400796124e-19,-5.096718121705882e-19,-2.643458613813061e-12,-5.624384552503761e-19,-8.148143737047742e-19,-6.169107443787706e-19,-2.6434578511632063e-12,-3.7948996778937404e-19,-2.6434549995238066e-12,-1.8613347875186655e-18,-2.6434596272249417e-12,-2.6434586171962268e-12,-2.643458577770945e-12,-1.0307615328929148e-15,-7.620349713778502e-19,-1.3355452999897007e-15,-2.241142627751759e-15,-7.674042295877076e-19,-2.6434578944938853e-12,-6.752323432203126e-19,-4.770892890227564e-19,-7.644294038993256e-19,-8.282029991760095e-19,-9.748979227055195e-16,-2.6434573584810402e-12,-2.643458316146234e-12,-4.11136893487682e-19,-2.643457795970171e-12,-6.318813110905355e-19,-2.643457769563352e-12,-2.6434577677002176e-12
-3.191813126499987e-07,-3.93442743326982e-19,-9.867260850881814e-13,-9.867292893066624e-13,-1.963798437340707e-09,-2.7356530220347847e-19,-9.86727740893151e-13,-9.867277625912622e-13,-1.6012139251946928e-18,-9.867284260532262e-13,-9.867279353728305e-13,-5.157524977271574e-19,1.5794881290597092e-06,-4.501098489230442e-19,-1.8677090450909026e-19,-9.867264806866096e-13,-4.910753943047778e-19,-8.770607751678409e-19,-9.867279342088784e-13,-9.86729159150421e-13,-9.867286133463798e-13,-9.867277729440138e-13,-1.7883096550906105e-18,-5.77133622826661e-19,-9.867279126721887e-13,-9.867276865090861e-13,-3.826553643551184e-19,-6.351078757138164e-19,-9.031750266729197e-19,-9.867285261664258e-13,-5.178447704689112e-19,-3.139679066784955e-19,-7.3829052073074475e-19,-9.867279432852921e-13,-8.387263734297728e-19,-9.867262942722346e-13,-1.880205828451544e-18,-9.867290549963985e-13,-9.867285261664258e-13,-9.867285261664258e-13,-7.21846175623722e-19,-6.712234246689558e-19,-6.369316376938932e-19,-9.8094977235941e-19,-3.105773470131546e-19,-9.867279875917593e-13,-5.279551209518195e-19,-9.000561636412234e-19,-7.541189319445785e-19,-8.79700779848627e-19,-3.400372005966593e-19,-9.867277552044925e-13,-9.867281804653e-13,-1.0183020351345418e-18,-9.867278503153098e-13,-5.178447704689112e-19,-9.867279269209072e-13,-9.867278465739887e-13
-3.206095045355687e-07,-6.507237171705596e-19,-3.391982775750272e-09,-1.7043341913599516e-12,-3.391983379660355e-09,-7.711642410369291e-19,-1.7043320916858385e-12,-1.7043320742113633e-12,-1.4814611651699352e-18,-1.704332905920563e-12,-1.7043322300742316e-12,-4.251743689249461e-19,-4.501098489230442e-19,1.579488129268724e-06,-5.493542145241871e-19,-1.7043303910900795e-12,-4.8069144587050235e-19,-6.981879165495877e-19,-1.7043322300742316e-12,-1.7043339256646549e-12,-1.7043333320860043e-12,-1.7043321641780676e-12,-1.5897590696739414e-18,-6.232927633480393e-19,-1.7043323831590664e-12,-1.7043320944278952e-12,-4.0983688525697126e-19,-7.646553078447847e-19,-8.921036168221045e-19,-1.7043329861802236e-12,-5.331315724004671e-19,-2.724775803213612e-19,-6.107489425973951e-19,-1.7043324336715008e-12,-2.4583051266624374e-19,-1.7043302820927426e-12,-3.723927704933305e-15,-1.704333890385751e-12,-1.7043331613478138e-12,-1.704333161733329e-12,-4.1265252755773836e-19,-5.309171191993609e-19,-6.484083160678266e-19,-1.1255362084013807e-18,-6.027401422523141e-19,-1.7043323948807735e-12,-1.2423036485773327e-18,-1.3357444086866319e-15,-5.351768604266364e-19,-8.605555123048566e-19,-5.928011328081181e-19,-1.7043321264495457e-12,-1.7043327106878757e-12,-7.670766213049352e-19,-1.704332394885577e-12,-4.90497763408821e-19,-1.7043324150836769e-12,-1.7043323675639367e-12
-3.1968304414555625e-07,-6.589243862759205e-19,-2.4655286348108772e-09,-1.2388285756802085e-12,-2.4655291489366403e-09,-4.658110548264719e-19,-1.2388268287650223e-12,-1.238826841388509e-12,-1.6293478191778966e-18,-1.238827599150826e-12,-1.2388270072318135e-12,-6.240722201548417e-19,-1.8677090450909026e-19,-5.493542145241871e-19,1.579488132328166e-06,-1.2388253230212331e-12,-1.1084515159027273e-15,-8.848623518792198e-19,-1.2388269783046592e-12,-1.2388284748846713e-12,-1.2388279212132658e-12,-1.2388269051836173e-12,-1.6573998516689983e-18,-6.463075544938753e-19,-1.2388270214005448e-12,-1.2388267745028235e-12,-6.931764235537293e-19,-3.86597627847014e-19,-3.913983166706948e-19,-1.2388276628631811e-12,-5.02931415547903e-19,-5.104465553100714e-19,-7.301132657889325e-19,-1.2388271088981283e-12,-8.843819833140207e-19,-1.2388252769813712e-12,-1.7872348713393997e-18,-1.2388282710224696e-12,-1.2388276852867385e-12,-1.2388276239851458e-12,-8.569931067984431e-19,-5.36997954254776e-19,-7.491963700336178e-19,-9.745597324533432e-19,-3.3639772278621833e-19,-1.238827112762278e-12,-6.536370135851556e-19,-5.030182037778755e-19,-2.1184976942692895e-19,-9.219920121878748e-19,-4.1997999010841747e-19,-1.2388268330547959e-12,-1.2388273541185813e-12,-2.7799300667227864e-19,-1.238827170672185e-12,-5.411303636853887e-19,-1.2388270594804248e-12,-1.2388270811863433e-12
0.9999882866960101,-1.2643988807626718e-08,0.9999836385396074,0.999985040453534,0.9999837368479758,-3.176694989041066e-09,0.9999843534049362,0.9999843534049364,-4.777290511560818e-08,0.999984646204165,0.9999844339654019,-2.6434551976998153e-12,-9.867264806866096e-13,-1.7043303910900795e-12,-1.2388253230212331e-12,0.9999853811054292,-2.1409740095638624e-12,-2.375681897327139e-08,0.999984433965402,0.9999849714021186,0.9999847591754879,0.9999843873250528,-3.956875903054836e-08,-1.3863503090304374e-08,0.9999844512831657,0.9999843424644219,-1.6808456669062855e-12,-4.427139912941028e-12,-1.1932049546235778e-12,0.9999846595978492,-1.0716229593185188e-08,-1.2828854346412674e-12,-1.1932348466430414e-08,0.9999844658303739,-1.8974467563371065e-12,0.9999837552369343,-5.3189700220901017e-08,0.9999849129919949,0.9999846595978492,0.9999846595978482,-2.2621312905099185e-12,-1.0716229198066963e-08,-1.1911712767359366e-08,-2.321791332872633e-08,-4.4251465247261556e-12,0.9999844658303754,-2.2584047117481805e-12,-6.220574539316249e-09,-3.236891282323098e-12,-2.241384973410803e-08,-5.056528285428609e-12,0.9999843669606392,0.9999845611480277,-9.867264691468607e-13,0.9999844512831667,-1.071622891977243e-08,0.9999844494384964,0.9999844512831656
-3.2147852110308563e-07,-5.531527688468278e-19,-4.260996675244311e-09,-2.140978424789238e-12,-4.260997376015277e-09,-4.079921779150266e-19,-2.140975969205025e-12,-2.1409759943493282e-12,-1.6869303246524835e-18,-2.140976918017459e-12,-2.140976213845084e-12,-2.8375743664565773e-19,-4.910753943047778e-19,-4.8069144587050235e-19,-1.1084515159027273e-15,-2.1409740095638624e-12,1.5794881289873113e-06,-9.524273877056325e-19,-2.14097624765039e-12,-4.261006091672443e-09,-2.1409773804884057e-12,-2.1409760950009746e-12,-1.7605383084936893e-18,-7.285510491248455e-19,-2.140976276613438e-12,-2.1409759280982107e-12,-6.406335456836961e-19,-2.7391695051344975e-19,-4.0425814553431935e-19,-2.1409770222652996e-12,-5.657460840715425e-19,-5.32649209694911e-19,-6.013830584203922e-19,-2.140976353735919e-12,-9.944380236211897e-19,-2.1409738351090196e-12,-1.846984586304277e-18,-2.140977952431145e-12,-2.140977031541462e-12,-2.140977019595523e-12,-8.797842436985156e-19,-6.30788893557332e-19,-1.4186949498467461e-15,-2.3847848273817478e-15,-6.305225744788489e-19,-2.140976376917512e-12,-5.778568380585821e-19,-7.233150569593332e-19,-6.643967790509065e-19,-9.002394333516532e-19,-8.032453288030394e-19,-2.1409759890614376e-12,-2.140976693190756e-12,-4.675002392393943e-19,-2.140976282863809e-12,-5.780805690564364e-19,-2.1409763151238592e-12,-2.140976277419774e-12
-3.4097443732347295e-07,-1.701369758716304e-15,-2.3756814361277925e-08,-2.3756854034208152e-08,-2.3756817153081118e-08,-9.473663635686079e-19,-2.3756834612826384e-08,-2.3756834612826427e-08,-4.477439025934567e-15,-1.1936829797309962e-11,-1.1936827056082695e-11,-8.408500269626687e-19,-8.770607751678409e-19,-6.981879165495877e-19,-8.848623518792198e-19,-2.375681897327139e-08,-9.524273877056325e-19,1.5794881283893836e-06,-1.1936826795035276e-11,-2.3756852075592934e-08,-1.1936831501030489e-11,-1.1936826224944127e-11,-4.74659620703922e-15,-1.8964167310700744e-15,-1.1936827102935431e-11,-2.3756834304317437e-08,-7.917464645528865e-19,-1.5490129446083171e-15,-8.733898417120493e-19,-1.193683012324394e-11,-1.6643886880083446e-15,-8.85789299927049e-19,-1.9584826995812065e-15,-1.193682743675548e-11,-9.024127285296903e-19,-2.37568176594517e-08,-5.323221430906349e-15,-2.3756850425029537e-08,-1.1936830105262648e-11,-1.1936830109811214e-11,-8.427883383323346e-19,-1.6643885512789018e-15,-9.614406002277372e-19,-1.551282368718864e-18,-1.549172555080173e-15,-1.193682743675548e-11,-9.147749601022941e-19,-2.141666174520523e-15,-8.704047368937975e-19,-2.5216308952188156e-15,-7.437291383302906e-19,-2.3756834997674517e-08,-2.375684048898207e-08,-8.957380487527862e-19,-1.1936827120394187e-11,-1.6643886090728252e-15,-1.1936827439265955e-11,-1.1936827169114139e-11
0.9999889190471148,-6.353085542751375e-12,0.9999842708875708,0.999985672802378,0.999984369196001,-1.5961585662926941e-12,0.9999849857533486,0.9999849857533494,-4.7772940668458915e-08,0.9999852785527618,0.9999850663138655,-2.6434576550067094e-12,-9.867279342088784e-13,-1.7043322300742316e-12,-1.2388269783046592e-12,0.999984433965402,-2.14097624765039e-12,-1.1936826795035276e-11,0.9999866458019485,0.9999856037509193,0.9999853915241549,0.9999850196734879,-3.9568789466001705e-08,-6.965841427782119e-12,0.9999850836316406,0.9999849748128269,-1.6808475766167488e-12,-4.4271436247181084e-12,-1.193206509652676e-12,0.9999852919464546,-5.384465592353904e-12,-1.2828870427057767e-12,-5.995515379471275e-12,0.9999850981788577,-1.8974487510725982e-12,0.9999843875849701,-5.318974012671466e-08,0.9999855453407592,0.9999852919464541,0.9999852919464541,-2.262133585048156e-12,-5.384465385993173e-12,-5.98514679436075e-12,-2.321793183837486e-08,-4.425150191839831e-12,0.9999850981788584,-4.494715063636432e-09,-3.125583156865796e-12,-3.2368941787231536e-12,-1.126204013065293e-11,-5.056532350347193e-12,0.9999849993090592,0.9999851934965703,-9.867279070275168e-13,0.9999850836316407,-5.384465244997327e-12,0.9999850817869697,0.9999850836316414
0.9999894564864114,-6.3530897567015695e-12,0.9999848083241997,0.9999862102397558,0.9999849066326819,-1.5961601833322855e-12,0.9999855231903585,0.9999855231903593,-4.777297080103433e-08,0.9999858159899275,0.9999856037509186,-2.6434599770641126e-12,-9.86729159150421e-13,-1.7043339256646549e-12,-1.2388284748846713e-12,0.9999849714021186,-4.261006091672443e-09,-2.3756852075592934e-08,0.9999856037509193,0.9999877206763416,0.999985928961382,0.9999855571105151,-1.9881690912463043e-11,-1.3863523194585513e-08,0.999985621068703,0.9999855122498311,-1.6808491478962892e-12,-4.42714669380399e-12,-1.1932078450185793e-12,0.9999858293836276,-5.3844691877624484e-12,-1.2828884446958925e-12,-5.995519400576154e-12,0.9999856356159275,-1.8974504065550404e-12,0.9999849250216605,-2.672565930266594e-11,0.9999860827780687,0.9999858293836275,0.9999858293836271,-2.262135576358762e-12,-5.384469010386574e-12,-1.1911730855617137e-08,-2.3217947509907054e-08,-4.42515326174002e-12,0.9999856356159282,-2.2584091840406998e-12,-6.220585814055448e-09,-6.4421174489198304e-09,-1.12620472085984e-11,-5.05653582342192e-12,0.9999855367460773,0.9999857309336904,-9.867291367294577e-13,0.9999856210687037,-5.384468884076562e-12,0.9999856192240314,0.9999856210687039
0.9999892442587615,-6.353088071413792e-12,0.9999845960976038,0.9999859980128641,0.9999846944060659,-1.5961594073801577e-12,0.9999853109636115,0.9999853109636124,-2.400393428854056e-11,0.9999856037631185,0.9999853915241553,-2.6434589797309346e-12,-9.867286133463798e-13,-1.7043333320860043e-12,-1.2388279212132658e-12,0.9999847591754879,-2.1409773804884057e-12,-1.1936831501030489e-11,0.9999853915241549,0.999985928961382,0.9999872962226265,0.9999853448837613,-3.9568805087024326e-08,-6.96584424359429e-12,0.9999854088419355,0.9999853000230872,-1.6808485059702518e-12,-4.427145487118448e-12,-1.193207273815037e-12,0.9999856171568158,-5.384467808231891e-12,-1.2828878750362756e-12,-5.995517860022963e-12,0.9999854233891576,-1.897449717612446e-12,0.9999847127950412,-2.672565229104799e-11,0.9999858705512039,0.9999856171568166,0.9999856171568163,-2.2621348733880247e-12,-5.3844676034396745e-12,-1.1911727589690028e-08,-1.1666053410069554e-11,-4.425152042548411e-12,0.9999854233891584,-2.258408354705171e-12,-3.12558474318648e-12,-3.2368958315404623e-12,-1.1262044288076755e-11,-5.056534434506036e-12,0.9999853245193269,0.999985518706901,-9.867286807042858e-13,0.9999854088419355,-5.38446745810443e-12,0.9999854069972643,0.999985408841936
0.9999888724065417,-6.353085106721605e-12,0.9999842242472295,0.9999856261619724,0.9999843225556556,-1.596158401367027e-12,0.9999849391129746,0.999984939112975,-4.777293804452469e-08,0.9999852319123733,0.9999850196734869,-2.6434576108223654e-12,-9.867277729440138e-13,-1.7043321641780676e-12,-1.2388269051836173e-12,0.9999843873250528,-2.1409760950009746e-12,-1.1936826224944127e-11,0.9999850196734879,0.9999855571105151,0.9999853448837613,0.9999865525211972,-3.956878721949397e-08,-6.9658410296756735e-12,0.9999850369912614,0.9999849281724529,-1.680847477102821e-12,-4.427143360969286e-12,-1.193206337797918e-12,0.9999852453060645,-5.384465262571678e-12,-1.2828869477944068e-12,-5.995515030795821e-12,0.9999850515384785,-1.8974485531940648e-12,0.9999843409446235,-5.318973718143245e-08,0.9999854987003586,0.9999852453060643,0.9999852453060633,-2.262133423950186e-12,-5.384465064671993e-12,-5.985146434402023e-12,-2.3217930471973446e-08,-4.4251499413891374e-12,0.9999850515384785,-2.258407015926597e-12,-3.125582890046244e-12,-3.236893993686562e-12,-2.241386555454237e-08,-5.056532093314549e-12,0.9999849526686839,0.9999851468561868,-9.867277360980178e-13,0.9999850369912614,-5.38446493717255e-12,0.999985035146591,0.9999850369912616
-3.567864538325692e-07,-1.6498611312271358e-18,-3.9568751198459e-08,-3.9568818575456625e-08,-3.956875594148459e-08,-3.249603711257041e-15,-3.956878559557376e-08,-3.956878559557385e-08,-8.602359613733946e-15,-1.98816828817962e-11,-3.9568789466001447e-08,-1.5968567312758638e-18,-1.7883096550906105e-18,-1.5897590696739414e-18,-1.6573998516689983e-18,-3.956875903054836e-08,-1.7605383084936893e-18,-4.74659620703922e-15,-3.9568789466001705e-08,-1.9881690912463043e-11,-3.9568805087024326e-08,-3.956878721949397e-08,1.5794881232148568e-06,-1.8750819932657503e-18,-1.9881678277293368e-11,-3.9568785071818523e-08,-1.6260429097014205e-18,-1.4915812911914718e-18,-1.6951036897260324e-18,-1.9881683424267126e-11,-1.829003110304786e-18,-1.4917148519750967e-18,-1.657270438328481e-18,-3.956879099794815e-08,-1.6420441417355416e-18,-3.9568756799051095e-08,-1.0209846276108777e-14,-3.956881244557798e-08,-1.9881683206356016e-11,-1.988168345640373e-11,-1.6207102871961371e-18,-1.5679036288904098e-18,-3.97592602275285e-15,-6.597890130701007e-15,-1.5715622990828734e-18,-3.9568790997947955e-08,-1.8861473729543062e-18,-2.318989664919446e-18,-3.066431727276809e-15,-4.8229535837359176e-15,-2.8709608942323597e-15,-3.95687862493793e-08,-3.956879557464493e-08,-1.6674771447668679e-18,-1.9881678245960403e-11,-1.5679036288904098e-18,-3.956879020256713e-08,-1.9881678277850623e-11
-3.3108107466189156e-07,-1.2894809809732185e-15,-1.3863500289634458e-08,-1.3863524384631947e-08,-1.3863501986431357e-08,-5.5057900238240965e-19,-6.965840840732884e-12,-6.965840703303922e-12,-3.444618862591417e-15,-1.3863517613745511e-08,-6.965841427878164e-12,-6.078405163434746e-19,-5.77133622826661e-19,-6.232927633480393e-19,-6.463075544938753e-19,-1.3863503090304374e-08,-7.285510491248455e-19,-1.8964167310700744e-15,-6.965841427782119e-12,-1.3863523194585513e-08,-6.96584424359429e-12,-6.9658410296756735e-12,-1.8750819932657503e-18,1.5794881309148617e-06,-6.965841544408678e-12,-6.9658406488251985e-12,-5.206910841296577e-19,-1.1644816579354946e-15,-6.563480448817313e-19,-6.965843382178061e-12,-1.2556272208212448e-15,-4.638967348898837e-19,-1.4751038599942294e-15,-6.965841704835827e-12,-6.124332814964142e-19,-1.3863502292205458e-08,-1.994032779243657e-18,-6.965845556551141e-12,-6.96584336237249e-12,-6.965843340785196e-12,-7.065455791249901e-19,-1.2556271204949623e-15,-7.315347432719235e-19,-1.3110326934362254e-18,-1.1645843017826382e-15,-6.965841713279165e-12,-7.459683246208079e-19,-8.673311905628563e-19,-6.251938198474611e-19,-1.9241190435310514e-15,-5.612255033645708e-19,-6.965840869490249e-12,-6.965842658895558e-12,-5.77133622826661e-19,-6.965841658836883e-12,-1.2556271607906743e-15,-6.965841485289613e-12,-6.965841639623305e-12
0.9999889363649616,-6.353085683005809e-12,0.9999842882053325,0.999985690120163,0.9999843865137632,-1.5961586027584819e-12,0.9999850030711216,0.9999850030711223,-2.4003925393380528e-11,0.9999852958705391,0.9999850836316403,-2.6434577663253493e-12,-9.867279126721887e-13,-1.7043323831590664e-12,-1.2388270214005448e-12,0.9999844512831657,-2.140976276613438e-12,-1.1936827102935431e-11,0.9999850836316406,0.999985621068703,0.9999854088419355,0.9999850369912614,-1.9881678277293368e-11,-6.965841544408678e-12,0.9999866804375007,0.999984992130601,-1.680847626953381e-12,-4.427143726336243e-12,-1.1932065989798205e-12,0.9999853092642322,-5.384465773784888e-12,-1.2828870146164934e-12,-5.995515517800557e-12,0.9999851154966329,-1.8974487298271496e-12,0.9999844049027344,-2.672564268499999e-11,0.9999855626585417,0.9999853092642318,0.999985309264231,-2.2621337219766103e-12,-5.384465486912553e-12,-5.985146909014377e-12,-1.1666048865261783e-11,-4.425150348580379e-12,0.9999851154966342,-2.2584072183103172e-12,-3.1255831945761593e-12,-3.236894228172896e-12,-1.1262040110360568e-11,-5.056532521753351e-12,0.9999850166268333,0.9999852108143469,-9.8672788617601e-13,0.9999851009494153,-5.384465366976374e-12,0.9999850991047443,0.999985100949414
0.9999888275456917,-6.353084732939844e-12,0.9999841793866056,0.9999855813012849,0.9999842776950257,-1.5961582513563063e-12,0.9999848942523178,0.9999848942523183,-4.7772935533645636e-08,0.9999851870517038,0.9999849748128274,-2.643457374423452e-12,-9.867276865090861e-13,-1.7043320944278952e-12,-1.2388267745028235e-12,0.9999843424644219,-2.1409759280982107e-12,-2.3756834304317437e-08,0.9999849748128269,0.9999855122498311,0.9999853000230872,0.9999849281724529,-3.9568785071818523e-08,-6.9658406488251985e-12,0.999984992130601,0.9999864627998788,-1.6808472890218054e-12,-4.427143124231479e-12,-1.1932062956397862e-12,0.9999852004453953,-5.384465111169786e-12,-1.2828868279366796e-12,-5.99551469585483e-12,0.9999850066778165,-1.8974483595954595e-12,0.9999842960839944,-5.318973436371488e-08,0.9999854538396774,0.9999852004453953,0.9999852004453944,-2.262133257918189e-12,-5.384464742270803e-12,-5.985145938268959e-12,-2.3217929166983933e-08,-4.42514972714339e-12,0.9999850066778173,-4.494714370964904e-09,-3.1255826243019472e-12,-3.236893770009107e-12,-2.2413864348931286e-08,-5.056531749367172e-12,0.9999849078080278,0.9999851019955197,-9.867277011718052e-13,0.9999849921306018,-5.3844647587602286e-12,0.99998499028593,0.9999849921306004
-3.205627635502712e-07,-5.668517707858746e-19,-1.6808451956958549e-12,-1.6808494388112056e-12,-3.345243671757696e-09,-2.2809690200986833e-19,-1.6808473354727335e-12,-1.6808473363355271e-12,-1.486987154174444e-18,-1.6808481284697278e-12,-1.6808475762240818e-12,-9.976437011470735e-16,-3.826553643551184e-19,-4.0983688525697126e-19,-6.931764235537293e-19,-1.6808456669062855e-12,-6.406335456836961e-19,-7.917464645528865e-19,-1.6808475766167488e-12,-1.6808491478962892e-12,-1.6808485059702518e-12,-1.680847477102821e-12,-1.6260429097014205e-18,-5.206910841296577e-19,-1.680847626953381e-12,-1.6808472890218054e-12,1.579488128379495e-06,-7.220819294021571e-19,-6.388333905119297e-21,-1.680848210088081e-12,-5.439650701813416e-19,-9.76017011917831e-16,-5.906743503269649e-19,-1.6808476454946832e-12,-4.5002708947498415e-19,-1.6808455082922202e-12,-1.775916635940908e-18,-1.680849018406929e-12,-1.6808482105005989e-12,-1.6808482194072617e-12,-1.0089034357267622e-18,-5.439650701813416e-19,-5.190627397046096e-19,-1.1068723602700655e-18,-7.5293766814746335e-19,-1.6808476526776498e-12,-1.2110611985114591e-19,-7.347052400438578e-19,-5.580893470226363e-19,-7.972006054943591e-19,-9.593081355124574e-16,-1.6808473646190838e-12,-1.6808479407977735e-12,-3.826553643551184e-19,-1.680847587276082e-12,-5.28796670555733e-19,-1.6808476329527546e-12,-1.6808475871462402e-12
-3.2602850176387494e-07,-1.0457336024226712e-15,-8.81095384540449e-09,-4.4271471249364094e-12,-8.810954975366074e-09,-3.9994742361780826e-19,-4.427143162400812e-12,-4.4271431763355985e-12,-1.0186493776083307e-18,-4.427144832188954e-12,-4.427143622297764e-12,-4.1633977400796124e-19,-6.351078757138164e-19,-7.646553078447847e-19,-3.86597627847014e-19,-4.427139912941028e-12,-2.7391695051344975e-19,-1.5490129446083171e-15,-4.4271436247181084e-12,-4.42714669380399e-12,-4.427145487118448e-12,-4.427143360969286e-12,-1.4915812911914718e-18,-1.1644816579354946e-15,-4.427143726336243e-12,-4.427143124231479e-12,-7.220819294021571e-19,1.5794881311468712e-06,-5.200608776400624e-19,-4.427144923729128e-12,-1.0148574412432633e-15,-5.691772699572332e-19,-4.605895270516731e-19,-4.427143817531464e-12,-5.10151044405259e-19,-4.427139565836403e-12,-1.6355841060595868e-18,-4.4271464255341035e-12,-4.427144974771001e-12,-4.427144910292314e-12,-5.584142012012328e-19,-1.014857362073655e-15,-6.037597450113638e-19,-1.0673858284460533e-18,-9.388376805710912e-16,-4.42714381704796e-12,-4.6897065322939795e-19,-7.480210715314961e-19,-6.070895995609937e-19,-1.5680188690961498e-15,-2.929610739894424e-19,-4.427143254007265e-12,-4.427144348995272e-12,-7.44926796139981e-19,-4.427143729961641e-12,-1.0148573924289808e-15,-4.4271437083953575e-12,-4.427143771767682e-12
-3.1959225037078314e-07,-5.939686149614758e-19,-1.1932045163097877e-12,-1.1932080146921445e-12,-2.3747346167082116e-09,-1.039644425022224e-18,-1.1932062711414456e-12,-1.1932063078937923e-12,-1.5388899789246617e-18,-1.1932070713547144e-12,-1.1932064939321018e-12,-5.096718121705882e-19,-9.031750266729197e-19,-8.921036168221045e-19,-3.913983166706948e-19,-1.1932049546235778e-12,-4.0425814553431935e-19,-8.733898417120493e-19,-1.193206509652676e-12,-1.1932078450185793e-12,-1.193207273815037e-12,-1.193206337797918e-12,-1.6951036897260324e-18,-6.563480448817313e-19,-1.1932065989798205e-12,-1.1932062956397862e-12,-6.388333905119297e-21,-5.200608776400624e-19,1.579488128247691e-06,-1.1932070399916867e-12,-5.089705029655615e-19,-1.7584182691938043e-19,-6.694564409329849e-19,-1.1932065533006338e-12,-3.0252113956480165e-19,-1.1932047925459754e-12,-1.763645914385323e-18,-1.1932077978176801e-12,-1.1932070752825016e-12,-1.1932070219400418e-12,-4.571486913288623e-19,-3.179325293451726e-19,-7.4408028079250295e-19,-1.2125492286838258e-18,-9.819379180246496e-16,-1.1932065990152304e-12,-7.513551462428953e-19,-5.278456359357337e-19,-3.845964292913617e-19,-8.303386502863065e-19,-9.734223348742007e-16,-1.1932063401362953e-12,-1.1932068212183796e-12,-9.10382632391242e-19,-1.1932065566037784e-12,-3.4903323613535756e-19,-1.1932065452008541e-12,-1.1932065348004829e-12
0.9999891446806465,-6.353087329564708e-12,0.9999844965199816,0.9999858984351019,0.9999845948284338,-1.5961591682365905e-12,0.9999852113859184,0.9999852113859189,-2.4003931445072938e-11,0.9999855041853969,0.9999852919464542,-2.643458613813061e-12,-9.867285261664258e-13,-1.7043329861802236e-12,-1.2388276628631811e-12,0.9999846595978492,-2.1409770222652996e-12,-1.193683012324394e-11,0.9999852919464546,0.9999858293836276,0.9999856171568158,0.9999852453060645,-1.9881683424267126e-11,-6.965843382178061e-12,0.9999853092642322,0.9999852004453953,-1.680848210088081e-12,-4.427144923729128e-12,-1.1932070399916867e-12,0.9999870970671768,-5.3844671225280026e-12,-1.2828876613709359e-12,-5.995517126330529e-12,0.9999853238114536,-1.897449442962192e-12,0.9999846132174067,-5.318975435314094e-08,0.9999857709734555,0.9999855175790934,0.9999855175790923,-2.262134367886979e-12,-5.384466921514399e-12,-5.985148510216229e-12,-1.1666051956271414e-11,-4.425151532372048e-12,0.9999853238114539,-2.2584077973771082e-12,-3.125584213664939e-12,-3.236895192616362e-12,-1.1262042950146227e-11,-5.056533840697728e-12,0.9999852249416337,0.999985419129187,-9.867284191907268e-13,0.9999853092642327,-5.384466777324164e-12,0.9999853074195619,0.9999853092642329
