1.000000000000941,0.9999999896164667,1.8821891952652155e-09,1.9932573558363335e-09,1.9188619530760034e-09,1.8017369669323256e-09,2.2674893150828847e-09,2.2211756249433073e-09,0.9999999831247305,0.9999999822087108,2.02982606791478e-09,1.822656587336228e-09,1.8206578947499235e-09,2.3449524682696526e-09,1.88390332209039e-09,1.7681252042691454e-09,2.0078465503291434e-09,1.9355965948426653e-09,2.0287199119894887e-09,1.7812519087894953e-09,0.999999982208711,0.9999999822087111,1.7903191509703478e-09,2.106915387692969e-09,1.8822974767881912e-09,0.99999998274966,1.822658583423962e-09,2.130769588296346e-09,2.300270156983161e-09,1.907872301867847e-09,1.9308686912491194e-09,1.8054914077975297e-09,1.9290830115924845e-09,1.8232280393378933e-09,2.3224261455929527e-09,1.8370066286716444e-09,1.7594992945057195e-09,2.3420447846056413e-09,1.7971316608648762e-09,1.803863098466834e-09,0.9999999822087103,1.9840407201700592e-09,2.3449524681341447e-09,1.957742386364763e-09,2.1599191132755774e-09,1.8989998668717185e-09,1.9308688394728967e-09,1.8822974333586928e-09,1.8083761030008474e-09,1.9584550540279774e-09,1.961315937686753e-09,0.9999999824379489,0.9999999824379492,1.9584542070946947e-09,1.8233986805675121e-09,1.8821892861551645e-09,0.9999999822087102,0.9999999823123777,1.8910736507180607e-09,1.7944745903665956e-09,1.8966337809770043e-09,2.0298305843449323e-09,1.8190831506547412e-09,1.8453322352456272e-09,0.9999999822087088,1.907872300076352e-09,1.95845421121074e-09,2.012542097484967e-09,0.9999999871032069,1.972306440250647e-09,2.029825258472753e-09,2.3002709770399294e-09,2.0078500201832444e-09,2.3002709227560015e-09,2.3449515849571464e-09,1.847335615692786e-09,1.9241572697609495e-09,1.8226581510602295e-09,1.918862085291464e-09,1.8822975907074464e-09,1.930867551730834e-09,1.8281525671588387e-09,0.9999999822087072,2.0525878577257693e-09,1.9308688152946266e-09
0.9999999896164667,0.9999999838976105,2.438901368845793e-10,3.2594177532969844e-10,2.749758783582082e-10,1.7486733396075564e-10,5.712002426986417e-10,5.429695457829083e-10,0.9999999721273082,0.9999999711323561,3.865427775293926e-10,1.9398618711117485e-10,1.9106267658611325e-10,6.603925351410118e-10,2.695641685856544e-10,1.4893126188021457e-10,3.6843902519272607e-10,2.7909027367803944e-10,2.69287529112969e-10,1.6327471378384516e-10,0.9999999711323552,0.9999999711323537,1.46131466797506e-10,4.2302875371755337e-10,2.553238769732766e-10,0.9999999717316379,1.9398903693516483e-10,4.5096123573032493e-10,6.19106742282709e-10,2.840930609197323e-10,2.974843290003587e-10,1.8572034623218017e-10,2.8147805822714555e-10,1.910331584751496e-10,6.038751002027628e-10,2.0110056329446221e-10,1.439282743364019e-10,6.178705996929891e-10,1.865249856352119e-10,1.5324477536327423e-10,0.9999999711323554,3.300667238152311e-10,6.603930273237593e-10,3.298952246674288e-10,4.946821166512783e-10,2.786350461042221e-10,2.9748429625447993e-10,2.5532152751698567e-10,1.803647921988811e-10,3.0895250297163273e-10,3.145073212044651e-10,0.999999971379539,0.9999999713795394,3.0895145406233713e-10,1.9422445833909766e-10,2.438885789970476e-10,0.9999999711323538,0.999999971246371,2.4886541242620554e-10,1.8813125813977658e-10,2.597069797901547e-10,3.8654272741734836e-10,2.125852057183144e-10,1.517168245524795e-10,0.9999999711323536,2.840930248676855e-10,3.0895127338555634e-10,3.606627821364394e-10,0.9999999765577496,3.4509717355472383e-10,3.865422947640579e-10,6.191070472981518e-10,3.684398755375891e-10,6.191071861222879e-10,6.60391210719273e-10,2.3260093845841366e-10,3.0256787734043694e-10,1.9398730171122037e-10,2.7497703691466984e-10,2.553223265869701e-10,2.974842375514048e-10,7.6122936019519e-11,0.9999999711323537,4.073867519968293e-10,2.9748373945740483e-10
1.8821891952652155e-09,2.438901368845793e-10,4.637239018214444e-09,2.884633746501558e-16,1.8577948365182185e-12,1.4134154421811835e-15,-5.614517705870873e-16,-4.453689848050063e-16,8.86264713062152e-14,8.434049117182924e-14,5.268656475910558e-16,1.362933254751533e-15,1.3348050817773367e-15,-6.607930832075618e-16,1.3196094953425773e-15,1.6229662945576856e-15,6.282230499070016e-16,5.717371766759342e-16,-1.7735644983539734e-15,1.65937306538888e-15,8.43404968914539e-14,8.434049117182924e-14,1.34977213243928e-15,-1.9236583316272727e-16,9.997242632677808e-16,8.725470090477326e-14,1.362933254751533e-15,-1.0192089801577686e-16,-5.48800586166207e-16,1.0674557980710611e-15,8.235032668748718e-16,1.6093211683176966e-15,8.31901594373161e-16,1.2543450048463262e-15,-1.1610599397185356e-15,1.1484250114370254e-15,1.7297070638237472e-15,-1.3199748297756006e-15,1.4466357866767786e-15,1.232146348522121e-15,8.434056844444683e-14,6.149767474752446e-16,-6.607930832075618e-16,9.242269355457921e-16,-1.0293614003930223e-16,1.1238408934671734e-15,8.231281167845479e-16,1.0001070292763834e-15,1.3707669087060285e-15,7.754916710724884e-16,8.481516675147436e-16,8.534617822759044e-14,8.534616114780735e-14,7.752811101899176e-16,1.3432804399226983e-15,2.1737382181928845e-12,8.434056844284362e-14,8.483230262939975e-14,9.66551742486367e-16,1.5500412125027048e-15,1.1268998208028595e-15,5.266463529174658e-16,1.5196323763158424e-15,6.374854374177487e-16,8.434056844444683e-14,1.0675456519332172e-15,7.754916711857347e-16,6.896250133811164e-16,2.230617992377449e-10,9.381881411707973e-16,5.266463529174658e-16,-5.486631984624099e-16,6.280488405210888e-16,-5.48800586166207e-16,-6.608236092230067e-16,1.3066297059714605e-15,1.1056153946909293e-15,1.362933254751533e-15,1.8577948364807845e-12,1.0001070292763834e-15,8.231281167845479e-16,6.443817074503796e-16,8.434056844284362e-14,4.666296913771525e-16,8.230528828639673e-16
1.9932573558363335e-09,3.2594177532969844e-10,2.884633746501558e-16,4.633756344128057e-09,2.0264953328922016e-13,1.322190582166086e-12,-1.641613901254833e-15,-1.4308135756416693e-15,1.2698498133692038e-13,1.2235907850967816e-13,-2.9151803404434275e-16,6.047816295480201e-16,1.1398068821173847e-12,-3.3432567500669703e-12,6.405799422840994e-16,9.109975693429963e-16,-1.7118611465714842e-16,-3.182892754223998e-16,-3.168809606337576e-15,9.537038195203057e-16,1.2235905990822378e-13,1.2235905990822378e-13,5.091125952707088e-16,-1.21375361268262e-15,2.5956818538324966e-16,1.255297431592058e-13,6.049454039686815e-16,-1.1032936288025921e-15,-1.5486261416794093e-15,3.4308535591467433e-16,5.1966898217242665e-17,8.941875574377856e-16,-1.6267856000146475e-17,4.801020656486123e-16,-4.685030936528111e-12,3.565276002493558e-16,1.034726428782633e-15,-5.0555652719060906e-12,7.84726147903128e-16,3.5892680940876185e-16,1.2235907851152184e-13,-2.6217137343872104e-16,-3.3432567500744783e-12,3.58572206552104e-13,-1.0257221099824649e-15,4.167398189250031e-16,5.1966898217242665e-17,2.5951611105406853e-16,6.163914353971694e-16,-8.167521951864241e-17,3.7507112399051125e-18,1.2344153135314083e-13,1.2344153135314083e-13,-8.167521951864241e-17,5.846458328712483e-16,2.8846337275314136e-16,1.2235907821596378e-13,1.2289700198700365e-13,1.4474087160225667e-16,9.08679235942745e-16,3.300444620239375e-16,-2.9140565932252406e-16,8.784844800946491e-16,-4.548598638746724e-16,1.2235907821596378e-13,3.4284691718271773e-16,-8.163286142671353e-17,-1.783894176947691e-16,3.0346776998536467e-10,1.9815623250714625e-16,-2.914056692951482e-16,-1.5486261416794093e-15,-1.7109405250961826e-16,-1.5477995198235605e-15,-3.3432567500765217e-12,6.257981640542921e-16,7.797056888815358e-13,6.049454039686815e-16,2.0264953325409134e-13,2.5956818538324966e-16,5.1813189825433947e-17,-7.639712926865971e-16,1.2235907486865455e-13,-3.6039250700289384e-16,5.1966898217242665e-17
1.9188619530760034e-09,2.749758783582082e-10,1.8577948365182185e-12,2.0264953328922016e-13,4.6365954871103974e-09,1.265265332006998e-15,-7.732940292387707e-16,-6.380431150193723e-16,1.0369659818219347e-13,9.93472778000179e-14,3.6589806926579206e-16,1.2129125431795346e-15,1.1841910802602318e-15,-8.588417190203909e-16,1.1853405661235203e-15,1.481581464021006e-15,4.709156468574556e-16,3.9682480555540016e-16,-2.0453702434150044e-15,1.5192637489711523e-15,9.934750268535921e-14,9.93474180997934e-14,1.1842671449497986e-15,-3.923764439201282e-16,8.53866314835429e-16,1.0230957269083308e-13,1.2129125431795346e-15,-2.981985961368006e-16,-7.444348105846524e-16,9.247807100578025e-16,6.711802259725827e-16,1.4675926302416782e-15,6.650277142061212e-16,1.1015322156227938e-15,-1.3931288713162296e-15,9.924487596227855e-16,1.5917918195418975e-15,-1.5570736235071938e-15,1.3158309552698521e-15,1.059860738921567e-15,9.934756171032805e-14,4.4270371885368664e-16,-8.591844306868077e-16,7.783887020633296e-16,-2.8381365466480876e-16,9.847386075045046e-16,6.711659270639596e-16,8.538663149191302e-16,1.2213964468109982e-15,6.064143180845833e-16,6.816582615903555e-16,1.003671179729375e-13,1.0036747466311402e-13,6.062663624976124e-16,1.193571278333976e-15,1.8577948365283623e-12,9.934750208112497e-14,9.984779228699678e-14,8.043174587042488e-16,1.4227173755435854e-15,9.697393603703572e-16,3.657960761243372e-16,1.3925149810384694e-15,4.227948529514374e-16,9.934756171032805e-14,9.242919383636754e-16,6.062663562218403e-16,5.188839430807067e-16,2.5384111031008417e-10,7.924981493096586e-16,3.6589806928608186e-16,-7.444926598307745e-16,4.712952977035188e-16,-7.445531290766485e-16,-8.591221004674125e-16,1.1717322958849132e-15,9.65141619317621e-16,1.2129125431795346e-15,1.5316582275574514e-12,8.538663149614998e-16,6.711659270639596e-16,3.67521124537363e-16,9.934731366403549e-14,3.044257181747193e-16,6.712875665932998e-16
1.8017369669323256e-09,1.7486733396075564e-10,1.4134154421811835e-15,1.322190582166086e-12,1.265265332006998e-15,4.638476570454192e-09,-1.3140453837507753e-16,-5.2478236312835096e-17,5.5087113461062887e-14,5.093221644628504e-14,8.533023357832248e-16,1.6660997890855858e-15,3.2671473202197385e-12,-2.566454395112835e-16,1.5920640763958294e-15,1.9085321079314958e-15,9.478640196085649e-16,9.277027733493746e-16,-1.218283258352389e-15,1.9428720704893868e-15,5.0932404690171945e-14,5.09321812922923e-14,1.6863919858868708e-15,2.153382418369108e-16,1.2967285559899515e-15,5.374728774280847e-14,1.666031438206985e-15,2.9751519893558463e-16,-1.5053839148973113e-16,1.35782683534712e-15,1.1315220239679245e-15,1.895660760321646e-15,1.1706978933515e-15,1.5643250649780184e-15,-6.882308324846145e-16,1.4654894324545616e-15,2.008279744591115e-15,-8.365433177241326e-16,1.7120794887066585e-15,1.5818780185849994e-15,5.0932404690199227e-14,9.655453519444034e-16,-2.5628592667064737e-16,1.222164589305904e-15,5.262158742518056e-13,1.4072822957068997e-15,1.1315220313082455e-15,1.296670838494589e-15,1.6728040230118754e-15,1.117975315471842e-15,1.1857054755911608e-15,5.1908627724984014e-14,5.1908627724984014e-14,1.117975315471842e-15,1.6476904198251524e-15,1.4137423087031893e-15,5.0932404690171945e-14,5.1406393181175076e-14,1.2952291064204173e-15,1.806944691352376e-15,1.4460200621220804e-15,8.537410627756198e-16,1.776703945243794e-15,1.0739425218439387e-15,5.093221644628504e-14,1.3579255537375062e-15,1.117940422511779e-15,1.0365879577323899e-15,1.546745184816335e-10,1.234592877945551e-15,8.533023357832248e-16,-1.5068909080700336e-16,9.481145735887352e-16,-1.504654698401733e-16,-2.565765968666888e-16,1.579915537584127e-15,1.3921834548974404e-15,1.6664248015925002e-15,1.2654997503891196e-15,1.296670838494589e-15,1.1315220239679245e-15,1.2061029863905455e-15,5.093241632360508e-14,7.975568667525358e-16,1.1315314595639059e-15
2.2674893150828847e-09,5.712002426986417e-10,-5.614517705870873e-16,-1.641613901254833e-15,-7.732940292387707e-16,-1.3140453837507753e-16,4.629546169024743e-09,-2.456259646270498e-15,4.933055467888987e-10,2.4247122542866623e-13,-1.1511638786284685e-15,-1.9963830331806746e-16,-2.3563198047852715e-16,-5.44520984968543e-12,-8.155649722678497e-17,1.5157329058593257e-16,-1.0125967962507371e-15,-1.2545910777520836e-15,-4.608924551401464e-15,1.9936175921844e-16,2.4247123012485446e-13,2.424711656175639e-13,-3.8173652803637897e-16,-2.279439839594376e-15,-5.238458145720156e-16,2.4588172379602877e-13,-1.9954311979610087e-16,-2.1485899152170066e-15,-5.159796442970465e-12,-4.243103077004239e-16,-7.616945831237243e-16,1.323837574805745e-16,-9.107676401877728e-16,-3.4054003866869137e-16,-7.136957394671795e-12,-4.818387856379271e-16,2.9255405396728035e-16,-7.560428015060795e-12,7.929094363595286e-17,-5.647143069980079e-16,2.4247123012485446e-13,-1.1851100955871886e-15,-5.445209849692164e-12,-6.047089907076451e-16,-1.989187062043117e-15,-3.328396200474634e-16,-7.616945831237243e-16,-5.2379363514218e-16,-1.8441148856597845e-16,-9.847671739824767e-16,-8.862538810513837e-16,2.4362372315597794e-13,2.4362372315597794e-13,-9.848885471720003e-16,-2.232463614587736e-16,-5.617495257999746e-16,2.4247116561554224e-13,2.4305259098914667e-13,-7.232846185174008e-16,2.238557100567803e-16,-5.129977553935423e-16,-1.1512248478483654e-15,1.9404604243737642e-16,-1.6014699793679585e-15,2.4247123012485446e-13,-4.242982511408842e-16,-9.848885471720003e-16,-1.0921622212343024e-15,2.7445291770774645e-13,-5.84149541443531e-16,-1.1512098679682557e-15,-5.159796442994495e-12,-1.0125967962507371e-15,-5.159796442941147e-12,-5.4452098496948886e-12,-9.815142211212661e-17,-3.640062240172525e-16,-1.9963830331806746e-16,-7.733658925936763e-16,-5.2379363514218e-16,-7.617667100829419e-16,-2.2408459372960878e-15,2.4247123012485446e-13,-1.2291288437242716e-15,-7.618265436343791e-16
2.2211756249433073e-09,5.429695457829083e-10,-4.453689848050063e-16,-1.4308135756416693e-15,-6.380431150193723e-16,-5.2478236312835096e-17,-2.456259646270498e-15,4.630714972746968e-09,2.3646109912184707e-13,2.319279102923545e-13,-1.9735616385382006e-12,-1.1436574672882607e-16,-2.9676726199088895e-13,-2.4293858233192543e-15,-1.3278707423617865e-17,2.0584199702635906e-16,-8.622304139568724e-16,-1.0772365629450157e-15,-4.130354919865284e-15,2.4899152749814213e-16,2.31927868454643e-13,2.31927868454643e-13,-2.7512450130090194e-16,-4.0144170907146994e-12,-8.316121917279491e-13,2.3505588886795666e-13,-1.144923410906642e-16,-1.8934099488000757e-15,-2.298643279827518e-15,-3.2541050905336164e-16,-6.329037560270512e-16,1.8781023096280833e-16,-7.632480919287607e-16,-2.4366992316839197e-16,-3.1978289715693957e-15,-3.7219954576917675e-16,3.341994315588401e-16,-3.391523748974803e-15,1.3407785277816307e-16,-4.4129497794896373e-16,2.3192786845114196e-13,-1.0143663757649847e-15,-2.429388704621444e-15,-4.902002999705092e-16,-3.4977596502394947e-12,-2.4297942060085224e-16,-6.331781097937673e-16,-8.316121917112739e-13,-1.010573877584169e-16,-8.309556306229152e-16,-1.4801435144772773e-12,2.329862701885567e-13,2.329861456858567e-13,-8.310164623208593e-16,-1.3601401375418159e-16,-4.453376286932982e-16,2.319279102923545e-13,2.3246114561987606e-13,-5.928805082230743e-16,2.6625060375142205e-16,-4.009935208520977e-16,-1.9735616385477483e-12,2.384322352475495e-16,-1.379454067500302e-15,2.31927868454643e-13,-3.2539130355367664e-16,-8.309556306229152e-16,-9.289682668758618e-16,2.6126796812344314e-13,-9.429094758873786e-13,-1.9735616385689614e-12,-2.2985419019744318e-15,-8.622706682773795e-16,-2.2984572537246553e-15,-2.429423941981197e-15,-2.860657364947813e-17,-2.706262268330264e-16,-1.143707428818875e-16,-6.380431150193723e-16,-8.316121917876378e-13,-6.330831408469715e-16,-1.940427979858742e-15,2.319281341243789e-13,-1.0598080564090741e-15,-6.329642448405277e-16
0.9999999831247305,0.9999999721273082,8.86264713062152e-14,1.2698498133692038e-13,1.0369659818219347e-13,5.5087113461062887e-14,4.933055467888987e-10,2.3646109912184707e-13,0.9999999696218446,0.9999999639923937,1.6134631139424095e-13,6.450676111024612e-14,6.296002169568018e-14,2.9490822481806074e-13,1.0549480282071634e-13,4.2829489987121905e-14,1.5266177226445744e-13,1.0458982068024683e-13,1.750729504205014e-10,5.013117039742189e-14,0.9999999639923935,0.9999999639923928,7.465467710227626e-11,1.741735847409854e-13,9.701085756714245e-14,0.9999999645932083,6.450828540144921e-14,1.8867585102660592e-13,2.7445354765617786e-13,1.1183482646309538e-13,1.1753824591601044e-13,6.121747081081594e-14,1.0659214483594897e-13,6.273056297941148e-14,2.6157898768478935e-13,6.743430646410425e-14,4.0643855757419993e-14,2.6806966171253127e-13,6.410655825492312e-14,8.003029225829932e-11,0.9999999639923934,1.30519339393749e-13,2.9490863775542364e-13,1.3453814132548752e-13,2.1355713207870915e-13,1.0957907438459046e-13,1.1753822813869229e-13,9.700987355316408e-14,5.778136643332386e-14,1.2020766296540901e-13,1.2326016859392095e-13,0.9999999642392106,0.9999999642392088,1.2020721240588433e-13,6.46002966312249e-14,8.862575434423828e-14,0.9999999639923922,0.9999999641068795,9.081493587154496e-14,6.538312138209588e-14,9.67057105161882e-14,1.6134633616236286e-13,7.773924823041009e-14,6.563601466388293e-11,0.9999999639923915,1.1183482381692149e-13,1.2020696469347226e-13,2.9113653464257496e-10,0.999999969424104,1.422404429357298e-13,1.6134621828560107e-13,2.744537017180135e-13,1.526620366665494e-13,2.7445404252999293e-13,2.9490754513510863e-13,8.6923428908386e-14,1.2140163608228125e-13,6.450749626349674e-14,1.0369716163350567e-13,9.701011389873653e-14,1.1753815841150838e-13,-3.372827028682694e-11,0.9999999639923922,1.716446345889407e-13,1.1753793331198223e-13
0.9999999822087108,0.9999999711323561,8.434049117182924e-14,1.2235907850967816e-13,9.93472778000179e-14,5.093221644628504e-14,2.4247122542866623e-13,2.319279102923545e-13,0.9999999639923937,0.9999999676332626,1.5721994510795832e-13,6.033164860853173e-14,5.877528773676087e-14,2.903221348408818e-13,1.0171221658247728e-13,3.876679705234299e-14,1.4858361740715038e-13,1.0009881809624975e-13,8.18387094581618e-14,4.6080904063851e-14,0.999999962998219,0.9999999629982173,3.285471128456987e-14,1.693653194709088e-13,9.306381614250086e-14,0.9999999635991215,6.033294692464851e-14,1.839273272873927e-13,2.698974603724265e-13,1.0793651117310922e-13,1.1351568421762262e-13,5.714612126221331e-14,1.0219841191797941e-13,5.851988494327987e-14,2.563687775052719e-13,6.318169861804438e-14,3.661967183080771e-14,2.627954172724725e-13,6.035500541977299e-14,3.544177294396293e-14,0.9999999629982189,1.2607320912304451e-13,2.9032233190433516e-13,1.3060840753849852e-13,2.091851440551837e-13,1.0574129891270223e-13,1.135157752457976e-13,9.30628853819599e-14,5.361989766929232e-14,1.1579407840951243e-13,1.1887937117022267e-13,0.9999999632449514,0.9999999632449512,1.157934867419917e-13,6.042188764252404e-14,8.433983826576923e-14,0.999999962998217,0.9999999631127467,8.649206059639543e-14,6.168954937671784e-14,9.24377507061453e-14,1.5722022620220634e-13,7.405766611392096e-14,2.7420934525384427e-14,0.9999999629982173,1.0793651726377558e-13,1.1579333360275658e-13,1.415710934701743e-13,0.9999999684297326,1.3832032766793437e-13,1.5721973028368432e-13,2.6989785155536957e-13,1.4858427590365128e-13,2.698977684425663e-13,2.9032133189516037e-13,8.313696658096419e-14,1.175408527136784e-13,6.033199938355628e-14,9.934795883925e-14,9.306336463546233e-14,1.1351556756362803e-13,-2.3925462163549437e-14,0.9999999629982173,1.6749937161992046e-13,1.1351557539735656e-13
2.02982606791478e-09,3.865427775293926e-10,5.268656475910558e-16,-2.9151803404434275e-16,3.6589806926579206e-16,8.533023357832248e-16,-1.1511638786284685e-15,-1.9735616385382006e-12,1.6134631139424095e-13,1.5721994510795832e-13,4.635060579160234e-09,8.020972645917616e-16,7.7480277640348845e-16,-1.2035863909682806e-15,8.089128381019066e-16,1.0676542852430626e-15,1.0435960007772676e-16,-8.68486591040998e-19,-2.4467248904404415e-15,1.1039443033256462e-15,1.572200301177125e-13,1.572200301148184e-13,7.411302472093246e-16,-1.5539495197533113e-12,4.798212878460324e-16,1.6004067854706099e-13,8.017375785775829e-16,-6.833566498030964e-16,-1.09181901917484e-15,5.507686731996373e-16,2.9935113216089065e-16,1.0529923668461244e-15,2.6213664304256963e-16,6.924012244452332e-16,-1.7635570835761354e-15,5.852172108323504e-16,1.1751080885228073e-15,-1.9252737907968615e-15,9.351812606089418e-16,6.147167632760984e-16,1.5722004169686803e-13,4.6273879882432487e-17,-1.2035863909682806e-15,4.084448618799504e-16,-1.2748683800833557e-12,6.129054081139511e-16,2.998604699919606e-16,4.798212878460324e-16,8.109917812310634e-16,2.04996912959658e-16,2.805070058156391e-16,1.5818628655379175e-13,1.5818628659432034e-13,2.04996912959658e-16,7.831819549455615e-16,5.267521793451541e-16,1.572200301177125e-13,1.57697775915088e-13,4.0120371450430427e-16,1.0420677149439049e-15,5.625313411922298e-16,-1.9280630805290506e-15,1.0139352425978928e-15,-5.877883712417338e-17,1.572200301177125e-13,5.508514747866151e-16,2.04996912959658e-16,1.2029405462726597e-16,1.8379007367501558e-13,4.2266044708687977e-16,-1.928063098948372e-15,-1.09183462053642e-15,1.0430356535724461e-16,-1.0917753423540627e-15,-1.2035408016124655e-15,7.955359389088335e-16,5.926383608857522e-16,8.019712683914018e-16,3.6589806926579206e-16,4.799684267959863e-16,2.998604699919606e-16,-2.3883874450221026e-16,1.5722002324152241e-13,-6.002625806379275e-17,2.9933132466017645e-16
1.822656587336228e-09,1.9398618711117485e-10,1.362933254751533e-15,6.047816295480201e-16,1.2129125431795346e-15,1.6660997890855858e-15,-1.9963830331806746e-16,-1.1436574672882607e-16,6.450676111024612e-14,6.033164860853173e-14,8.020972645917616e-16,4.6382861991602745e-09,1.5924082012704608e-15,-3.2047640770059583e-16,1.5486332095141357e-15,1.863135194867782e-15,8.973782128638449e-16,8.716045076772192e-16,-1.3064360002974488e-15,1.897650231651831e-15,6.033169221136399e-14,6.033169221136399e-14,1.6330527081729057e-15,1.5075301566998793e-16,1.2495257835729926e-15,6.3161869443279e-14,3.222685236190696e-12,2.3430517953082486e-16,-2.1380147080071458e-16,1.311964712499619e-15,1.0826937333031866e-15,1.8503240787360702e-15,1.1170997489523326e-15,1.5150150079804942e-15,-7.629309952675536e-16,1.414870236010049e-15,1.9643030512840516e-15,-9.129963945802235e-16,1.669924316425016e-15,1.5264600736183552e-15,6.033152394127428e-14,9.10785887360515e-16,-3.2019502236238358e-16,1.1750214606547252e-15,2.071852846883012e-16,1.3622405500497216e-15,1.0827436567374589e-15,1.2495257835729926e-15,1.6248615403884182e-15,1.0640296808742475e-15,1.1321990423432576e-15,6.131214358809599e-14,6.131214358809599e-14,1.0640296808742475e-15,1.6001814796760072e-15,1.3629332547515353e-15,6.033169221136399e-14,6.080835225826678e-14,1.2436961003921853e-15,1.7662005380844293e-15,1.3952846240723122e-15,8.019712683914018e-16,1.7358355733104676e-15,1.0046982359484949e-15,6.033169221136399e-14,1.311964712499624e-15,1.0634278147501267e-15,9.820099225596045e-16,1.736934274374665e-10,1.187949183852643e-15,8.019712683914018e-16,-2.1351290523254501e-16,8.974394949928308e-16,-2.1380147080071458e-16,-3.203919064191386e-16,1.5361037548256546e-15,1.3465249664402716e-15,3.222685236189864e-12,1.2129125431795346e-15,1.249668245292199e-15,1.0826937333344166e-15,1.1175729794575199e-15,6.033158819430905e-14,7.44932384636907e-16,1.0827603222445901e-15
1.8206578947499235e-09,1.9106267658611325e-10,1.3348050817773367e-15,1.1398068821173847e-12,1.1841910802602318e-15,3.2671473202197385e-12,-2.3563198047852715e-16,-2.9676726199088895e-13,6.296002169568018e-14,5.877528773676087e-14,7.7480277640348845e-16,1.5924082012704608e-15,4.638177396296643e-09,-3.5428305829242917e-16,1.5249530638510131e-15,1.8384059067793087e-15,8.698850835138257e-16,8.410876221882046e-16,-1.352489370035895e-15,1.8733447571435403e-15,5.877550898849175e-14,5.877528773676087e-14,1.6043714224800345e-15,1.1639897961045951e-16,1.2239541573920303e-15,6.161310100227492e-14,1.5917907348005896e-15,2.0032243919925382e-16,-2.468557210657783e-16,1.2867269633540698e-15,1.0565168217032752e-15,1.8257184917658287e-15,1.0884229176563113e-15,1.4884743919476304e-15,-8.027677850437989e-16,1.3875620337617024e-15,1.9403611236261447e-15,-9.533003179927096e-16,1.6467897270130347e-15,1.4966280696948504e-15,5.877550898849175e-14,8.808000750190352e-16,-3.542302399085949e-16,1.149719811266853e-15,3.480772454643868e-13,1.3382404182679768e-15,1.0565168217032752e-15,1.2244493040791938e-15,1.5989877855602342e-15,1.0342317463879275e-15,1.1035734868726774e-15,5.97581825141964e-14,5.97581825141964e-14,1.0342317463879275e-15,1.573582527155997e-15,1.3348050817773367e-15,5.877528773676087e-14,5.925338050362715e-14,1.2151213230844405e-15,1.7440300375047802e-15,1.3679529468534549e-15,7.744184360733918e-16,1.7134706565175805e-15,9.676904042096522e-16,5.877528773676087e-14,1.2868348742714867e-15,1.0342317463879275e-15,9.521767327311988e-16,1.7072312654807787e-10,1.1627206740598436e-15,7.744184543907842e-16,-2.470145953590211e-16,8.699437883702365e-16,-2.4694307614853317e-16,-3.542302399085949e-16,1.513013358997361e-15,1.3220396499877872e-15,1.5918459543006547e-15,1.1845250613149791e-15,1.2244493040791938e-15,1.0565168217032752e-15,1.0700370989035982e-15,5.87752899094624e-14,7.16653833413059e-16,1.056683735710801e-15
2.3449524682696526e-09,6.603925351410118e-10,-6.607930832075618e-16,-3.3432567500669703e-12,-8.588417190203909e-16,-2.566454395112835e-16,-5.44520984968543e-12,-2.4293858233192543e-15,2.9490822481806074e-13,2.903221348408818e-13,-1.2035863909682806e-15,-3.2047640770059583e-16,-3.5428305829242917e-16,4.629707877010016e-09,-1.9827944417824287e-16,9.495097259348287e-18,-1.0732600197459728e-15,-1.3111911198447004e-15,-4.475389224736787e-15,5.4387145326600874e-17,2.903221348408818e-13,2.903221348408818e-13,-5.022760237630472e-16,-2.2739887612369658e-15,-6.143666820488917e-16,2.9349238012677234e-13,-3.2047640770059583e-16,-2.1504912297307588e-15,-5.089050699235445e-12,-5.206083254816316e-16,-8.383611645726864e-16,-8.773042573102752e-18,-9.883594874713804e-16,-4.526583235544261e-16,-6.968518806659955e-12,-5.855762940326051e-16,1.4163181735871108e-16,-7.366177418673542e-12,-4.771780394650154e-17,-6.758466009130701e-16,2.903221348408818e-13,-1.2452151229492674e-15,-5.35627983721302e-12,-6.887267071104654e-16,-1.9903924278145973e-15,-4.336365885544224e-16,-8.383307007105423e-16,-6.145839304950806e-16,-3.0621851112710725e-16,-1.0579859915033042e-15,-9.652132587336922e-16,2.913914557979097e-13,2.913914557979097e-13,-1.0579503881024439e-15,-3.4234205488138163e-16,-6.60580226029096e-16,2.903221348408818e-13,2.908629205845034e-13,-8.122784214459808e-16,8.866663817573571e-17,-6.152113239542613e-16,-1.2035408016124655e-15,6.124318438029862e-17,-1.665302149864318e-15,2.9032197721535134e-13,-5.205263424782431e-16,-1.0580555445255663e-15,-1.1579347389246968e-15,3.2003723372667396e-13,-6.699677650182091e-16,-1.2035407978519198e-15,-5.089050699257991e-12,-1.073117534316558e-15,-5.08905069920982e-12,-5.356279837215613e-12,-2.1381663951906575e-16,-4.632788484393135e-16,-3.203906267865936e-16,-8.59141674425073e-16,-6.1458392689906e-16,-8.3833813700739785e-16,-2.307963875226952e-15,2.9032191163213664e-13,-1.2765369177512914e-15,-8.383611645726864e-16
1.88390332209039e-09,2.695641685856544e-10,1.3196094953425773e-15,6.405799422840994e-16,1.1853405661235203e-15,1.5920640763958294e-15,-8.155649722678497e-17,-1.3278707423617865e-17,1.0549480282071634e-13,1.0171221658247728e-13,8.089128381019066e-16,1.5486332095141357e-15,1.5249530638510131e-15,-1.9827944417824287e-16,4.638005252802694e-09,1.7684694170677715e-15,8.93925136162248e-16,1.749609738791217e-12,-1.063206575940669e-15,1.7997370153448767e-15,1.0171212558787681e-13,1.0171197684129795e-13,1.5700244906731238e-15,2.3270439390965575e-16,1.2104551274240436e-15,1.0427396218568661e-13,1.5488652505672031e-15,3.0739347397351084e-16,-1.0258270124934605e-16,1.2661271585457267e-15,1.0609367905195046e-15,1.7579833103496971e-15,1.0995982549624286e-15,1.4562729411160283e-15,-5.864878196022744e-16,1.366449983071828e-15,1.858900238144019e-15,-7.211499177384904e-16,1.5871463711554781e-15,2.9392678274526957e-12,1.0171218118118891e-13,9.13646006558751e-16,-1.98440282259983e-16,1.142716444808097e-15,2.7505193586761116e-16,1.3102554243744693e-15,1.0611721553848206e-15,1.2104551274240436e-15,1.5541681887151543e-15,1.0515646191963687e-15,1.1129872934694953e-15,1.0260096457918778e-13,1.0260096458193029e-13,1.0517023884380855e-15,1.5321141756701642e-15,1.3199150715265173e-15,1.0171214709672234e-13,1.0214331605085543e-13,1.212365031239006e-15,1.6731713444988198e-15,1.3487812030599437e-15,8.089128381019066e-16,1.6452963437546693e-15,1.0196416612686956e-15,1.0171214709672234e-13,1.2656252070999985e-15,1.0517023884380855e-15,9.777851202349612e-16,1.2594578672881122e-13,1.1538600590044733e-15,8.088049367546293e-16,-1.0226528324396897e-16,8.93999349053851e-16,-1.0226528324396897e-16,-1.98440282259983e-16,1.4672198291461873e-15,1.2964711884146816e-15,1.5488498125296002e-15,1.1853405661235203e-15,1.2104551274240448e-15,1.0611721553848206e-15,1.1517604967351227e-15,1.0171218118118891e-13,7.574709313465246e-16,1.0611317742045352e-15
1.7681252042691454e-09,1.4893126188021457e-10,1.6229662945576856e-15,9.109975693429963e-16,1.481581464021006e-15,1.9085321079314958e-15,1.5157329058593257e-16,2.0584199702635906e-16,4.2829489987121905e-14,3.876679705234299e-14,1.0676542852430626e-15,1.863135194867782e-15,1.8384059067793087e-15,9.495097259348287e-18,1.7684694170677715e-15,4.639237022477585e-09,1.1565401539672726e-15,1.1602087436255075e-15,-1.702665369066109e-12,2.126045901287392e-15,3.8766843913410413e-14,3.8766797053813836e-14,1.90542088851059e-15,4.831750647961744e-16,1.4896945022002776e-15,4.1512801448904534e-14,1.863135194867782e-15,5.596703512394017e-16,1.1108722513137586e-16,1.5467359226126293e-15,1.3333275735427555e-15,2.082411433848866e-15,1.3928419510928108e-15,1.7657659150320805e-15,-7.541002969168076e-13,1.6714119619890403e-15,2.1893480953656003e-15,-5.178717578924745e-16,1.8841956596748056e-15,1.8091804294263832e-15,3.876692807759517e-14,1.195180979585989e-15,9.495097259420045e-18,1.4159002911327537e-15,5.067686621620223e-16,1.5916846260248451e-15,1.3333275753514858e-15,1.4897199454506572e-15,1.869177202423052e-15,1.341766776066883e-15,1.4064144544848635e-15,3.972223304705185e-14,3.9722404048375074e-14,1.3415913493616468e-15,3.6766369145872956e-12,1.6230116273649391e-15,3.876683217371697e-14,3.9228303524268914e-14,1.5097033022785118e-15,1.973767465326263e-15,1.6538365112265713e-15,1.0670803657865982e-15,1.9435201818971356e-15,1.358969351244105e-15,3.876689594763286e-14,1.5467359226126293e-15,1.341766776066883e-15,1.2634255012598445e-15,1.2918156190981529e-10,1.4279856413773221e-15,1.0670803657865982e-15,1.1094534754286607e-16,1.1563282352480399e-15,1.110221720645583e-16,9.495108036639129e-18,1.7568269710170144e-15,1.5774133770857838e-15,1.8632471592656835e-15,1.481835098545846e-15,1.4897199454506572e-15,1.3333275735427567e-15,1.5742562738673738e-15,3.8766797053813836e-14,1.0134044262699334e-15,1.3332573134998319e-15
2.0078465503291434e-09,3.6843902519272607e-10,6.282230499070016e-16,-1.7118611465714842e-16,4.709156468574556e-16,9.478640196085649e-16,-1.0125967962507371e-15,-8.622304139568724e-16,1.5266177226445744e-13,1.4858361740715038e-13,1.0435960007772676e-16,8.973782128638449e-16,8.698850835138257e-16,-1.0732600197459728e-15,8.93925136162248e-16,1.1565401539672726e-15,4.635472724830263e-09,1.1243489430597999e-16,-4.520318995358794e-12,1.1923852405881095e-15,1.4858361740715023e-13,1.4858361740982282e-13,8.473043460699851e-16,-6.475537440684449e-16,5.728193487979806e-16,1.5136819368368589e-13,8.97384037043399e-16,-1.1095887736868732e-12,-9.634557586832983e-16,6.421943779606593e-16,3.9753014912381875e-16,1.1427400955285939e-15,3.699227699092903e-16,7.906263847472593e-16,-1.6101969606614346e-15,6.855651201499478e-16,1.262066036316315e-15,-1.7680519564185096e-15,1.0181910514117994e-15,7.248012359738011e-16,1.4858361740715023e-13,1.5833656478358343e-16,-1.073117534316558e-15,5.032863631574978e-16,-5.199330545983678e-16,7.024778056470027e-16,3.973142753189584e-16,5.731017633957078e-16,9.058818887088425e-16,3.138294852059242e-16,3.8615766441350383e-16,1.4953897022523116e-13,1.4953896132477794e-13,3.1393690900062786e-16,8.788368968431878e-16,6.282230499070016e-16,1.485836723786595e-13,1.4905509449466742e-13,5.054557689090531e-16,1.1217682543814163e-15,6.63573434163785e-16,1.0418608879755112e-16,1.0942909028507137e-15,7.987945717881194e-17,1.4858361740715023e-13,6.420973120695216e-16,3.137251018413457e-16,4.568984258075151e-13,1.7482633511666413e-13,5.169452194902728e-16,1.0432040011153015e-16,-9.63654467129621e-16,4.080150396901354e-13,-9.634557586832983e-16,-1.0730532232030677e-15,8.81650609026782e-16,6.82355530375842e-16,8.975079884395119e-16,4.710387279389331e-16,5.731017633957078e-16,3.9753014912381875e-16,-5.980672598788393e-17,1.4858361740982282e-13,8.793582048468747e-14,3.973599447169921e-16
1.9355965948426653e-09,2.7909027367803944e-10,5.717371766759342e-16,-3.182892754223998e-16,3.9682480555540016e-16,9.277027733493746e-16,-1.2545910777520836e-15,-1.0772365629450157e-15,1.0458982068024683e-13,1.0009881809624975e-13,-8.68486591040998e-19,8.716045076772192e-16,8.410876221882046e-16,-1.3111911198447004e-15,1.749609738791217e-12,1.1602087436255075e-15,1.1243489430597999e-16,4.635050825693034e-09,-2.66488948626434e-15,1.2003401495629774e-15,1.0009885303121274e-13,1.0009885303121243e-13,8.049728509491835e-16,-8.483914369548596e-16,5.209052808187413e-16,1.0316872016925234e-13,8.713314582001947e-16,-7.452149390909165e-16,-1.189273058064001e-15,5.982375712087984e-16,3.249105591876696e-16,1.1447319744430948e-15,2.8415827495448433e-16,7.527305367330216e-16,-1.920835213590678e-15,1.2643501530182296e-12,1.2772361812270005e-15,-2.0965750919254698e-15,1.0167461748687952e-15,1.3270101701329589e-12,1.0009885303121243e-13,4.9438912549101175e-17,-1.311173506435539e-15,4.439556274938608e-16,-6.960229797511518e-16,1.3247767997702343e-12,3.2491055561469184e-16,5.209052808187413e-16,8.818692273893348e-16,2.213477534137056e-16,3.027527115420191e-16,1.0115049024346722e-13,1.0115090351061753e-13,2.2179813732784357e-16,8.509787956357334e-16,5.717371766759342e-16,1.0009903953967618e-13,1.0061891642284112e-13,8.646007196827353e-13,1.1326780743156717e-15,6.114474917694783e-16,-8.68486591040998e-19,1.1024282756919546e-15,-6.661934391491982e-17,1.000989458789971e-13,5.986150117549194e-16,2.213477534137056e-16,1.2954481916101283e-16,2.572698025052062e-10,4.597216501193877e-16,-8.822438495301831e-19,-1.1892176758265762e-15,1.1193291671872662e-16,-1.1892176835603904e-15,-1.3111276657151494e-15,8.649337835824176e-16,6.440585484023888e-16,8.716045076783104e-16,3.9664652378106434e-16,5.209052808187413e-16,3.246023837898741e-16,-5.283360427370711e-13,1.000989458789971e-13,-6.645391818149982e-17,3.249702884067917e-16
2.0287199119894887e-09,2.69287529112969e-10,-1.7735644983539734e-15,-3.168809606337576e-15,-2.0453702434150044e-15,-1.218283258352389e-15,-4.608924551401464e-15,-4.130354919865284e-15,1.750729504205014e-10,8.18387094581618e-14,-2.4467248904404415e-15,-1.3064360002974488e-15,-1.352489370035895e-15,-4.475389224736787e-15,-1.063206575940669e-15,-1.702665369066109e-12,-4.520318995358794e-12,-2.66488948626434e-15,4.620904217130548e-09,-7.916159263348044e-16,8.183869336984698e-14,8.183868363407424e-14,-3.2472718066986823e-12,-7.950788385498427e-12,-1.6407051769385875e-15,8.598124296759646e-14,-1.3064652792246242e-15,-7.604147484232668e-12,-4.294616596823418e-15,-3.0089286055691807e-12,-1.948167370153698e-15,-8.77713613280182e-16,-2.2231174380788123e-15,-2.9661280504052467e-12,-1.1291050659223918e-11,-1.6680559438118864e-15,-6.725619565782814e-16,-1.1836621423353064e-11,-8.604416351056341e-16,-1.8762559865092082e-15,8.183874240102842e-14,-5.12428894642947e-12,-4.4753892236925385e-15,-1.7338678290996706e-15,-3.5236568913539834e-15,-1.381976353892656e-15,-1.948167370153698e-15,-1.6407680507090747e-15,-2.5643067214446337e-12,-2.318170797116627e-15,-4.369535973474269e-12,8.322436785728471e-14,8.32240925158347e-14,-2.3182502759642666e-15,-2.665438440979856e-12,-1.7735644983539734e-15,8.183869336901729e-14,8.254847098777776e-14,-3.947007642791205e-12,-1.3396120517858463e-12,-1.710094802910179e-15,-2.4466710938348676e-15,-1.4055931450983695e-12,-6.659029830496447e-12,8.183869336901543e-14,-3.0089286055875285e-12,-2.3181448007099935e-15,-4.891014124497908e-12,2.403751369261648e-10,-3.4058672039717876e-12,-2.4466710938348676e-15,-4.294507595615931e-15,-4.520318995296753e-12,-4.294692125206207e-15,-4.475436924908621e-15,-2.164724797570901e-12,-1.4248764577417544e-15,-1.3062477566669405e-15,-2.0453702434150044e-15,-1.6407353258387991e-15,-1.9483220523316532e-15,-4.49817994835571e-15,8.18387094581618e-14,-5.077499987460039e-12,-1.9482004835627726e-15
1.7812519087894953e-09,1.6327471378384516e-10,1.65937306538888e-15,9.537038195203057e-16,1.5192637489711523e-15,1.9428720704893868e-15,1.9936175921844e-16,2.4899152749814213e-16,5.013117039742189e-14,4.6080904063851e-14,1.1039443033256462e-15,1.897650231651831e-15,1.8733447571435403e-15,5.4387145326600874e-17,1.7997370153448767e-15,2.126045901287392e-15,1.1923852405881095e-15,1.2003401495629774e-15,-7.916159263348044e-16,4.639367671902079e-09,4.608090415473397e-14,4.608078523191773e-14,1.943084070199062e-15,5.278575354106688e-16,1.5230646711571995e-15,4.881702585797575e-14,1.8978675283358883e-15,6.040536289899365e-16,1.552478212242592e-16,1.579564521822272e-15,1.3676106218988425e-15,2.1149013572447063e-15,2.8487807808066107e-12,1.800777829553505e-15,-3.245962949608631e-16,1.7074214347930658e-15,2.22061689345672e-15,-9.296532418327412e-13,1.91447906395918e-15,1.8491059846871103e-15,4.60808911931852e-14,1.2341448043520175e-15,5.383282882266345e-17,1.449067128496966e-15,5.474905920742837e-16,1.6235425108824939e-15,1.3674442322053642e-15,1.5225675030461046e-15,1.9035436879601425e-15,1.3800476564061144e-15,1.4440986985918081e-15,4.703350094471617e-14,4.7033500944694e-14,1.3800476564061144e-15,1.880016419846385e-15,1.65937306538888e-15,4.608103596893957e-14,4.654068011818993e-14,1.5470322912160165e-15,2.0031405974702745e-15,1.690118635548247e-15,1.1034071733584438e-15,1.9728315848318577e-15,1.4081717699601793e-15,4.6080904063851e-14,1.579564521822272e-15,1.3800476564061144e-15,1.3021241950461322e-15,1.4358711563892463e-10,1.460981947846749e-15,1.1040815363310382e-15,1.5544762668438404e-16,1.1924152211122667e-15,1.5528540993921575e-16,5.4149227489215347e-17,1.7876599378856165e-15,1.6100939567233483e-15,1.8978675283358883e-15,1.5192637489711523e-15,1.5230091269200993e-15,1.3674442322053654e-15,1.63732829282084e-15,4.60808911931852e-14,1.0501842750221102e-15,1.3681838576310457e-15
