1.0000000171519656,1.0000203543575217,1.000020487049966,1.0000203543575221,6.2674338138803045e-06,1.0000204870499665,1.0000204870499612,1.0000203566994788,6.325305125917679e-06,1.0000203903794238,6.282303804039304e-06,1.0000203543575312,1.0000204325382303,1.0000203755925143,1.0000204981447343,1.0000203543575297,1.0000203566994799,1.0000203543575297,1.000020235919684,1.0000203566994803,6.262845227412087e-06,1.000020375592509,1.0000204220997848,1.0000204289077153,1.0000203566994825,1.0000203566994825,1.0000203543575275,6.43720400885485e-06,1.0000204768015573,1.0000202359196815,1.00002039426944,1.0000204230133776,6.325305125935e-06,6.262845227427684e-06,1.0000203543575246,6.262845229763218e-06,1.0000203566994856,1.0000204870499683,1.0000203566994827,1.0000204498401877,6.262845227412209e-06,1.000020432538235,1.000020356699482,1.000020487049958,1.0000204870499678,1.000020354357531,1.0000204870499645,1.0000202359196797,6.376297395470955e-06,6.282035474615908e-06,1.0000204366976357,6.588455211071693e-06,1.0000204220997824,1.000020432538235,1.0000202359196835,1.0000203849343043,1.0000203543575246,1.000020235919687,1.0000203566994856,1.0000204311332244,6.2628452227458755e-06,1.0000203849342977,1.000020354357521,1.0000203566994856,1.0000204870499683,1.0000203849342968,6.262845229742725e-06,1.0000203543575206,1.0000202359196857,1.0000203566994856,1.0000203566994825,1.0000203566994856,1.0000203566994856,1.0000203755925117,6.3326432238412315e-06
1.0000203543575217,1.000021325906631,1.0000190639445328,1.000018931251515,1.1683834385633988e-10,1.0000190639445306,1.0000190639445312,1.0000189335934804,1.458812119777085e-10,1.0000189672735713,1.2430088687835542e-10,1.0000189312515149,1.0000190094325614,1.0000189524865928,1.0000190750393514,1.0000189312515155,1.0000189335934806,1.000018931251515,1.000018812813161,1.0000189335934804,1.1453555008030279e-10,1.000018952486593,1.0000189989940675,1.0000190058020269,1.0000189335934806,1.0000189335934804,1.0000189312515155,4.025861485451643e-07,1.0000190536960771,1.0000188128131633,1.0000189711636072,1.0000189999076627,1.4588121221820985e-10,1.1453555054783593e-10,1.0000189312515142,1.1453555144900697e-10,1.0000189335934806,1.00001906394453,1.0000189335934813,1.0000190267345925,1.1453555060866169e-10,1.000019009432561,1.0000189335934806,1.00001906394453,1.0000190639445303,1.0000189312515155,1.0000190639445306,1.0000188128131628,1.7147181425900778e-10,1.2416622626701628e-10,1.0000190135919862,5.538380550216579e-07,1.0000189989940669,1.0000190094325625,1.0000188128131626,1.0000189618284274,1.0000189312515144,1.0000188128131628,1.0000189335934813,1.0000190080275435,1.1453555055299704e-10,1.0000189618284274,1.0000189312515138,1.0000189335934806,1.000019063944531,1.0000189618284285,1.1453555104767296e-10,1.0000189312515162,1.0000188128131617,1.00001893359348,1.0000189335934804,1.0000189335934813,1.0000189335934806,1.0000189524865934,1.4956385472653314e-10
1.000020487049966,1.0000190639445328,1.0000215912926793,1.0000190639445308,1.1683835958154785e-10,1.0000191966375662,1.0000191966375656,1.0000190662864985,2.906867796173557e-07,1.0000190999665932,1.2430090342662937e-10,1.0000190639445332,1.0000191421255895,1.0000190851796125,1.0000192077323864,1.000019063944533,1.0000190662864992,1.0000190639445312,1.0000189455061634,1.000019066286498,1.1453556547397942e-10,1.000019085179613,1.0000191316870939,1.0000191384950543,1.0000190662864983,1.000019066286499,1.0000190639445334,2.0203798410904513e-10,1.000019186389112,1.0000189455061643,1.0000191038566288,1.000019132600688,2.9068678013623205e-07,1.1453556595321864e-10,1.0000190639445325,1.1453556674414405e-10,1.000019066286498,1.0000191966375667,1.0000190662864992,1.000019159427623,1.1453556596027792e-10,1.000019142125587,1.000019066286499,1.0000191966375649,1.0000191966375676,1.0000190639445334,1.0000191966375664,1.0000189455061643,3.416792934856617e-07,1.2416624290595704e-10,1.0000191462850159,5.538381291067107e-07,1.0000191316870934,1.0000191421255886,1.0000189455061639,1.0000190945214475,1.0000190639445332,1.0000189455061654,1.0000190662864983,1.000019140720571,1.1453556580303444e-10,1.0000190945214493,1.0000190639445306,1.0000190662864983,1.0000191966375676,1.0000190945214487,1.1453556636768253e-10,1.0000190639445337,1.0000189455061639,1.000019066286498,1.0000190662864983,1.0000190662864983,1.000019066286498,1.000019085179613,2.98024911477711e-07
1.0000203543575221,1.000018931251515,1.0000190639445308,1.0000213259066313,1.168383438570843e-10,1.0000190639445308,1.0000190639445303,1.000018933593479,1.4588121194453727e-10,1.0000189672735709,1.2430088682733135e-10,1.0000189312515146,1.0000190094325614,1.0000189524865917,1.0000190750393514,1.0000189312515142,1.0000189335934804,1.000018931251514,1.0000188128131602,1.0000189335934795,1.1453555009626569e-10,1.0000189524865926,1.0000189989940655,1.0000190058020262,1.0000189335934804,1.00001893359348,1.0000189312515142,4.0258614854516354e-07,1.000019053696077,1.0000188128131617,1.0000189711636056,1.0000189999076616,1.4588121222334018e-10,1.1453555056351155e-10,1.000018931251515,1.1453555146914251e-10,1.00001893359348,1.0000190639445294,1.0000189335934802,1.000019026734592,1.1453555060656011e-10,1.0000190094325605,1.0000189335934806,1.0000190639445303,1.0000190639445294,1.0000189312515144,1.0000190639445294,1.0000188128131617,1.7147181400128875e-10,1.2416622626664754e-10,1.0000190135919862,5.538380550216564e-07,1.0000189989940664,1.000019009432561,1.000018812813161,1.0000189618284263,1.000018931251515,1.0000188128131628,1.00001893359348,1.0000190080275424,1.1453555056360163e-10,1.000018961828428,1.000018931251513,1.00001893359348,1.00001906394453,1.0000189618284272,1.145355510214544e-10,1.0000189312515149,1.0000188128131615,1.00001893359348,1.0000189335934806,1.00001893359348,1.00001893359348,1.0000189524865921,1.495638547233321e-10
6.2674338138803045e-06,1.1683834385633988e-10,1.1683835958154785e-10,1.168383438570843e-10,2.394655767873317e-06,1.168383596971159e-10,1.1683835958806293e-10,1.1683834417015189e-10,6.754649686645504e-14,1.16838348035544e-10,5.755309283556804e-14,1.168383438563004e-10,1.1683835306077028e-10,1.1683834642136916e-10,1.1683836081282793e-10,1.1683834385633254e-10,1.1683834417821736e-10,1.1683834385623547e-10,2.3281512976719978e-07,1.1683834416869501e-10,5.303062482005539e-14,1.1683834647779622e-10,1.1683835182303995e-10,1.168383527098765e-10,1.1683834421382767e-10,1.1683834416327853e-10,1.1683834385730592e-10,9.355690110420674e-14,2.3281518632597838e-07,2.3281512976720007e-07,1.1683834858463671e-10,1.16838351914686e-10,6.75464969083381e-14,5.303062502714091e-14,1.168383438579594e-10,5.303062518984591e-14,1.168383441393361e-10,1.168383594947728e-10,1.1683834417015189e-10,1.1683835532592311e-10,5.303062498871279e-14,1.1683835307131572e-10,1.168383441814428e-10,1.168383596486554e-10,1.1683835958664494e-10,1.168383438564699e-10,1.1683835958664494e-10,2.3281512976720007e-07,7.939744632481961e-14,5.749031006409304e-14,1.168383535683702e-10,1.287135252197681e-13,1.1683835186958687e-10,1.1683835305764067e-10,2.328151297672e-07,1.1683834761909298e-10,1.168383438575084e-10,2.3281512976720023e-07,1.1683834416327853e-10,1.1683835293502585e-10,5.3030624902490825e-14,1.1683834743390042e-10,1.1683834385711226e-10,1.1683834413285023e-10,1.1683835961392112e-10,1.1683834752572375e-10,5.3030625113595406e-14,1.1683834385795004e-10,2.328151297672e-07,1.1683834418399817e-10,1.1683834419985051e-10,1.1683834427010596e-10,1.1683834412111163e-10,1.168383463820243e-10,6.925177444656783e-14
1.0000204870499665,1.0000190639445306,1.0000191966375662,1.0000190639445308,1.168383596971159e-10,1.0000215912926715,1.0000191966375647,1.000019066286496,2.906867796173552e-07,1.0000190999665923,1.2430090346608596e-10,1.0000190639445294,1.0000191421255873,1.000019085179611,1.0000192077323857,1.00001906394453,1.0000190662864963,1.0000190639445299,1.0000189455061619,1.0000190662864965,1.1453556545811075e-10,1.0000190851796107,1.0000191316870917,1.000019138495053,1.0000190662864954,1.0000190662864956,1.00001906394453,2.0203798410904513e-10,1.0000191863891101,1.0000189455061625,1.0000191038566273,1.000019132600687,2.9068678013623115e-07,1.1453556591576529e-10,1.00001906394453,1.1453556675956669e-10,1.0000190662864958,1.000019196637564,1.0000190662864965,1.0000191594276207,1.145355659050036e-10,1.0000191421255862,1.000019066286496,1.0000191966375638,1.0000191966375644,1.00001906394453,1.0000191966375633,1.0000189455061625,3.4167929348566127e-07,1.2416624291266312e-10,1.0000191462850132,5.538381291067098e-07,1.0000191316870912,1.000019142125587,1.0000189455061619,1.000019094521446,1.00001906394453,1.0000189455061637,1.0000190662864974,1.0000191407205687,1.1453556580323622e-10,1.0000190945214473,1.00001906394453,1.0000190662864958,1.0000191966375649,1.0000190945214464,1.1453556637775775e-10,1.0000190639445306,1.0000189455061625,1.0000190662864958,1.0000190662864958,1.0000190662864974,1.0000190662864958,1.0000190851796105,2.9802491147771043e-07
1.0000204870499612,1.0000190639445312,1.0000191966375656,1.0000190639445303,1.1683835958806293e-10,1.0000191966375647,1.0000215912926762,1.000019066286496,2.906867796173553e-07,1.0000190999665926,1.243009035039126e-10,1.0000190639445308,1.0000191421255875,1.0000190851796102,1.0000192077323864,1.0000190639445299,1.0000190662864974,1.0000190639445308,1.0000189455061619,1.0000190662864965,1.1453556543337436e-10,1.0000190851796105,1.0000191316870917,1.0000191384950519,1.0000190662864954,1.000019066286496,1.00001906394453,2.0203798410904513e-10,1.0000191863891101,1.0000189455061619,1.0000191038566268,1.0000191326006869,2.906867801362312e-07,1.145355659030176e-10,1.0000190639445299,1.1453556683346353e-10,1.000019066286497,1.000019196637565,1.000019066286496,1.000019159427622,1.1453556593378296e-10,1.0000191421255862,1.0000190662864963,1.0000191966375638,1.000019196637565,1.00001906394453,1.000019196637564,1.0000189455061617,3.416792934856609e-07,1.2416624288208523e-10,1.0000191462850134,5.5383812910671e-07,1.000019131687092,1.000019142125587,1.0000189455061612,1.0000190945214453,1.0000190639445299,1.0000189455061632,1.0000190662864958,1.0000191407205692,1.145355658737192e-10,1.000019094521447,1.0000190639445299,1.0000190662864965,1.000019196637565,1.0000190945214467,1.1453556635957537e-10,1.0000190639445319,1.0000189455061623,1.0000190662864958,1.0000190662864976,1.0000190662864965,1.000019066286497,1.0000190851796102,2.9802491147771043e-07
1.0000203566994788,1.0000189335934804,1.0000190662864985,1.000018933593479,1.1683834417015189e-10,1.000019066286496,1.000019066286496,1.0000213305905632,1.4588121227940284e-10,1.0000189696155362,1.2430088711768573e-10,1.000018933593481,1.0000190117745271,1.0000189548285572,1.0000190773813158,1.00001893359348,1.0000189359354457,1.0000189335934795,1.0000188151551257,1.000018935935444,1.145355503700092e-10,1.0000189548285574,1.0000190013360317,1.0000190081439928,1.0000189359354443,1.0000189359354454,1.0000189335934806,2.0203795759940915e-10,1.0000190560380442,1.0000188151551272,1.0000189735055705,1.0000190022496276,1.4588121254505882e-10,1.145355508755715e-10,1.0000189335934808,1.1453555179593801e-10,1.000018935935445,1.0000190662864952,1.0000189359354459,1.0000190290765576,1.1453555088328078e-10,1.0000190117745262,1.0000189359354459,1.0000190662864954,1.0000190662864965,1.0000189335934806,1.000019066286497,1.0000188151551268,1.7147181452884454e-10,1.241662264606794e-10,1.0000190159339515,2.7794376419178467e-10,1.0000190013360317,1.0000190117745271,1.0000188151551257,1.000018964170392,1.0000189335934808,1.0000188151551281,1.000018935935445,1.000019010369509,1.1453555083797159e-10,1.0000189641703927,1.0000189335934786,1.000018935935445,1.0000190662864958,1.000018964170393,1.145355513878234e-10,1.0000189335934817,1.0000188151551272,1.0000189359354448,1.0000189359354452,1.000018935935445,1.000018935935445,1.0000189548285587,1.4956385501857561e-10
6.325305125917679e-06,1.458812119777085e-10,2.906867796173557e-07,1.4588121194453727e-10,6.754649686645504e-14,2.906867796173552e-07,2.906867796173553e-07,1.4588121227940284e-10,2.394655797872483e-06,1.4588121724409024e-10,7.186166967149493e-14,1.458812119481433e-10,1.4588122347496166e-10,1.4588121550932607e-10,1.4588123308197828e-10,1.4588121194141932e-10,1.4588121229975825e-10,1.4588121195476252e-10,2.906867060003109e-07,1.4588121225389522e-10,6.621485473523412e-14,1.4588121507757445e-10,2.9068676057494343e-07,1.4588122286769978e-10,1.4588121227454775e-10,1.45881212253484e-10,1.4588121192149078e-10,1.1681646582425733e-13,1.4588123005586518e-10,2.9068670600031105e-07,1.4588121764794543e-10,2.9068676084268636e-07,8.433957529274672e-14,6.621485499395582e-14,1.4588121196576084e-10,6.621485519794733e-14,1.4588121227047536e-10,2.90686779617355e-07,1.4588121228628e-10,1.4588122622454166e-10,6.62148549460725e-14,1.4588122351457733e-10,1.4588121224071984e-10,2.906867796173553e-07,2.9068677961735534e-07,1.4588121193878328e-10,2.906867796173553e-07,2.906867060003113e-07,9.913683148739441e-14,7.178328344134418e-14,1.4588122443751382e-10,1.607134501925492e-13,2.906867605749433e-07,1.4588122370774068e-10,2.9068670600031116e-07,1.4588121644715303e-10,1.4588121193752377e-10,2.906867060003115e-07,1.4588121226549496e-10,1.458812232404282e-10,6.621485483863923e-14,1.4588121644286906e-10,1.458812119481433e-10,1.4588121227300912e-10,2.906867796173555e-07,1.4588121644401731e-10,6.621485510230393e-14,1.4588121193752377e-10,2.9068670600031116e-07,1.4588121230009336e-10,1.4588121226338862e-10,1.4588121226292532e-10,1.4588121225140704e-10,1.4588121507757445e-10,8.646880975335088e-14
1.0000203903794238,1.0000189672735713,1.0000190999665932,1.0000189672735709,1.16838348035544e-10,1.0000190999665923,1.0000190999665926,1.0000189696155362,1.4588121724409024e-10,1.0000213979507446,2.4768522607018484e-07,1.0000189672735715,1.00001904545462,1.000018988508649,1.0000191110614118,1.0000189672735709,1.0000189696155368,1.0000189672735698,1.0000188488352135,1.0000189696155364,1.1453555429273744e-10,1.0000189885086486,1.0000190350161253,1.0000190418240849,1.0000189696155357,1.0000189696155362,1.0000189672735715,4.025861631656198e-07,1.000019089718138,1.0000188488352149,1.0000190071856645,1.0000190359297214,1.458812175041076e-10,1.1453555479840878e-10,1.0000189672735713,1.1453555558971427e-10,1.0000189696155357,1.0000190999665914,1.0000189696155364,1.0000190627566514,1.1453555486178551e-10,1.0000190454546196,1.0000189696155362,1.000019099966591,1.0000190999665912,1.0000189672735715,1.0000190999665919,1.0000188488352149,1.7147181992181506e-10,1.2416623070042625e-10,1.0000190496140453,5.538380751321584e-07,1.0000190350161269,1.0000190454546205,1.0000188488352137,1.0000189978504843,1.0000189672735715,1.0000188488352155,1.0000189696155357,1.000019044049602,1.1453555474029936e-10,1.000018997850485,1.0000189672735704,1.0000189696155357,1.0000190999665914,1.0000189978504848,1.1453555523218524e-10,1.0000189672735715,1.0000188488352137,1.0000189696155353,1.0000189696155362,1.0000189696155357,1.0000189696155357,1.0000189885086486,1.4956386015243592e-10
6.282303804039304e-06,1.2430088687835542e-10,1.2430090342662937e-10,1.2430088682733135e-10,5.755309283556804e-14,1.2430090346608596e-10,1.243009035039126e-10,1.2430088711768573e-10,7.186166967149493e-14,2.4768522607018484e-07,2.3946557763127477e-06,1.243008868911913e-10,1.2430089664196808e-10,1.2430088963537577e-10,1.2430090482601442e-10,1.2430088684747185e-10,1.2430088711883026e-10,1.2430088684747185e-10,2.4768518748937247e-07,1.2430088711846292e-10,5.641846402909857e-14,1.2430088952249457e-10,1.2430089545666985e-10,1.2430089625503496e-10,1.243008871187425e-10,1.243008871202544e-10,1.243008868944659e-10,9.953370519304757e-14,1.2430090213254705e-10,2.4768518748937284e-07,2.476852270422141e-07,2.4768523422084376e-07,7.186166971612248e-14,5.641846424945985e-14,1.243008868920278e-10,5.6418464422851823e-14,1.2430088712044437e-10,1.2430090348824929e-10,1.243008871206393e-10,1.243008988178701e-10,5.6418464208617964e-14,1.24300896608502e-10,1.2430088711979553e-10,1.243009034771647e-10,1.2430090354710712e-10,1.2430088688253162e-10,1.2430090348824929e-10,2.4768518748937284e-07,8.446970505029833e-14,6.116305340062195e-14,1.2430089711582973e-10,1.3693625761118598e-13,1.2430089545666985e-10,1.2430089662343794e-10,2.476851874893729e-07,1.2430089064141568e-10,1.2430088684822208e-10,2.47685187489373e-07,1.2430088712003539e-10,2.4768523625099973e-07,5.641846411696262e-14,1.2430089064306878e-10,1.2430088683860543e-10,1.2430088711881628e-10,1.243009034771647e-10,1.2430089066247586e-10,5.641846434158024e-14,1.2430088682733135e-10,2.476851874893728e-07,1.2430088711882248e-10,1.2430088711900829e-10,1.2430088711882646e-10,1.2430088711692102e-10,1.243008895176623e-10,7.367588776315406e-14
1.0000203543575312,1.0000189312515149,1.0000190639445332,1.0000189312515146,1.168383438563004e-10,1.0000190639445294,1.0000190639445308,1.000018933593481,1.458812119481433e-10,1.0000189672735715,1.243008868911913e-10,1.0000213259066266,1.0000190094325614,1.0000189524865923,1.0000190750393523,1.000018931251515,1.000018933593481,1.0000189312515146,1.0000188128131615,1.0000189335934806,1.1453555006264403e-10,1.0000189524865928,1.0000189989940673,1.000019005802027,1.000018933593481,1.0000189335934813,1.0000189312515153,4.0258614854516386e-07,1.0000190536960782,1.0000188128131622,1.0000189711636076,1.000018999907662,1.4588121217531979e-10,1.1453555057043749e-10,1.000018931251514,1.1453555144662535e-10,1.0000189335934804,1.0000190639445294,1.0000189335934813,1.000019026734592,1.1453555060561954e-10,1.0000190094325598,1.0000189335934813,1.00001906394453,1.000019063944531,1.0000189312515155,1.000019063944532,1.0000188128131622,1.7147181400128875e-10,1.241662262616654e-10,1.0000190135919866,5.538380550216566e-07,1.000018998994068,1.0000190094325605,1.0000188128131628,1.0000189618284265,1.0000189312515142,1.0000188128131637,1.0000189335934804,1.0000190080275446,1.1453555053570334e-10,1.0000189618284276,1.0000189312515135,1.0000189335934804,1.000019063944531,1.0000189618284276,1.145355510508134e-10,1.0000189312515166,1.0000188128131617,1.0000189335934802,1.000018933593481,1.0000189335934804,1.0000189335934804,1.0000189524865928,1.4956385472343587e-10
1.0000204325382303,1.0000190094325614,1.0000191421255895,1.0000190094325614,1.1683835306077028e-10,1.0000191421255873,1.0000191421255875,1.0000190117745271,1.4588122347496166e-10,1.00001904545462,1.2430089664196808e-10,1.0000190094325614,1.0000214822687217,1.00001903066764,1.0000191532204081,1.000019009432561,1.0000190117745271,1.0000190094325616,1.0000188909941983,1.0000190117745267,1.1453555912940534e-10,1.0000190306676398,1.0000190771751178,1.0000190839830783,1.000019011774526,1.0000190117745265,1.0000190094325623,2.0203797321898756e-10,1.0000191318771348,1.0000188909941985,1.0000190493446564,1.000019078088714,1.458812236163353e-10,1.1453555957599733e-10,1.0000190094325625,1.1453556047823489e-10,1.000019011774526,1.000019142125587,1.0000190117745265,1.000019104915646,1.1453555965241694e-10,1.0000190876136135,1.0000190117745267,1.000019142125587,1.0000191421255875,1.0000190094325623,1.0000191421255875,1.0000188909941985,1.714718276156798e-10,1.2416623599925657e-10,1.0000190917730376,5.538380986757336e-07,1.0000190771751196,1.0000190876136137,1.000018890994199,1.000019040009477,1.0000190094325625,1.0000188909941992,1.000019011774526,1.0000190862085954,1.1453555957846201e-10,1.0000190400094784,1.0000190094325598,1.000019011774526,1.0000191421255868,1.0000190400094768,1.1453556006775853e-10,1.0000190094325616,1.0000188909941983,1.000019011774526,1.0000190117745265,1.000019011774526,1.000019011774526,1.0000190306676409,1.4956386646125863e-10
1.0000203755925143,1.0000189524865928,1.0000190851796125,1.0000189524865917,1.1683834642136916e-10,1.000019085179611,1.0000190851796102,1.0000189548285572,1.4588121550932607e-10,1.000018988508649,1.2430088963537577e-10,1.0000189524865923,1.00001903066764,1.0000213683767853,1.0000190962744318,1.0000189524865917,1.0000189548285587,1.0000189524865923,1.0000188340482357,1.0000189548285574,1.145355525348877e-10,1.0000189737216691,1.0000190202291444,1.0000190270371057,1.000018954828558,1.0000189548285587,1.0000189524865923,4.025861571647565e-07,1.000019074931157,1.000018834048236,1.0000189923986833,1.0000190211427413,1.458812153066317e-10,1.1453555301323071e-10,1.000018952486592,1.1453555394821754e-10,1.0000189548285572,1.0000190851796098,1.0000189548285587,1.0000190479696713,1.1453555310709294e-10,1.0000190306676402,1.0000189548285587,1.0000190851796105,1.0000190851796098,1.0000189524865923,1.000019085179611,1.0000188340482363,3.4167925508225725e-07,1.2416622898741994e-10,1.0000190348270643,5.538380668779246e-07,1.0000190202291446,1.0000190306676406,1.0000188340482359,1.0000189830635042,1.000018952486592,1.0000188340482377,1.0000189548285574,1.0000190292626228,1.1453555298850741e-10,1.0000189830635047,1.0000189524865912,1.0000189548285574,1.0000190851796107,1.000018983063505,1.1453555347603646e-10,1.0000189524865928,1.0000188340482365,1.0000189548285572,1.000018954828558,1.0000189548285574,1.0000189548285574,1.0000189737216696,1.495638580638657e-10
1.0000204981447343,1.0000190750393514,1.0000192077323864,1.0000190750393514,1.1683836081282793e-10,1.0000192077323857,1.0000192077323864,1.0000190773813158,1.4588123308197828e-10,1.0000191110614118,1.2430090482601442e-10,1.0000190750393523,1.0000191532204081,1.0000190962744318,1.0000216134823177,1.0000190750393518,1.0000190773813167,1.0000190750393512,1.0000189566009807,1.0000190773813158,1.1453556667415147e-10,1.000019096274432,1.0000191427819134,1.000019149589874,1.000019077381316,1.0000190773813167,1.000019075039352,4.0258620692066447e-07,1.0000191974839319,1.000018956600981,1.0000191149514488,1.0000191436955097,1.4588123335889836e-10,1.1453556718214348e-10,1.0000190750393525,1.1453556806195603e-10,1.0000190773813165,1.000019207732385,1.0000190773813171,1.0000191705224424,1.145355672060362e-10,1.0000191532204075,1.000019077381317,1.000019207732385,1.000019207732385,1.000019075039352,1.000019207732385,1.000018956600981,3.4167929731865614e-07,1.2416624428642876e-10,1.0000191573798336,2.7794380448789374e-10,1.0000191427819123,1.000019153220408,1.0000189566009803,1.0000191056162675,1.0000190750393525,1.000018956600982,1.000019077381317,1.0000191518153898,1.1453556714127886e-10,1.0000191056162686,1.0000190750393518,1.000019077381317,1.000019207732385,1.0000191056162677,1.1453556763197352e-10,1.0000190750393525,1.0000189566009812,1.0000190773813162,1.0000190773813167,1.000019077381317,1.0000190773813162,1.0000190962744318,1.4956387640987543e-10
1.0000203543575297,1.0000189312515155,1.000019063944533,1.0000189312515142,1.1683834385633254e-10,1.00001906394453,1.0000190639445299,1.00001893359348,1.4588121194141932e-10,1.0000189672735709,1.2430088684747185e-10,1.000018931251515,1.000019009432561,1.0000189524865917,1.0000190750393518,1.000021325906628,1.000018933593481,1.0000189312515138,1.000018812813161,1.0000189335934795,1.14535550092003e-10,1.0000189524865921,1.000018998994066,1.0000190058020269,1.0000189335934795,1.0000189335934802,1.0000189312515155,4.0258614854516386e-07,1.0000190536960776,1.0000188128131624,1.0000189711636076,1.0000189999076625,1.4588121218964653e-10,1.1453555055749885e-10,1.0000189312515155,1.145355514555412e-10,1.0000189335934808,1.0000190639445292,1.00001893359348,1.0000190267345919,1.145355505894146e-10,1.0000190094325603,1.0000189335934802,1.0000190639445288,1.0000190639445299,1.0000189312515155,1.0000190639445312,1.0000188128131622,1.7147181400128875e-10,1.2416622626913358e-10,1.0000190135919858,5.538380550216568e-07,1.0000189989940673,1.0000190094325614,1.000018812813162,1.0000189618284263,1.0000189312515155,1.0000188128131617,1.000018933593481,1.0000190080275435,1.145355505466702e-10,1.0000189618284279,1.0000189312515142,1.0000189335934808,1.0000190639445306,1.0000189618284265,1.1453555101790737e-10,1.0000189312515155,1.0000188128131617,1.0000189335934808,1.0000189335934806,1.000018933593481,1.0000189335934808,1.0000189524865923,1.495638547134112e-10
1.0000203566994799,1.0000189335934806,1.0000190662864992,1.0000189335934804,1.1683834417821736e-10,1.0000190662864963,1.0000190662864974,1.0000189359354457,1.4588121229975825e-10,1.0000189696155368,1.2430088711883026e-10,1.000018933593481,1.0000190117745271,1.0000189548285587,1.0000190773813167,1.000018933593481,1.0000213305905623,1.0000189335934806,1.0000188151551264,1.000018935935445,1.1453555040461884e-10,1.0000189548285587,1.0000190013360317,1.0000190081439937,1.0000189359354457,1.0000189359354459,1.0000189335934813,2.0203795771563896e-10,1.0000190560380453,1.0000188151551275,1.000018973505572,1.0000190022496296,1.4588121251428904e-10,1.1453555083618031e-10,1.0000189335934813,1.1453555170827629e-10,1.000018935935445,1.000019066286496,1.000018935935446,1.000019029076558,1.1453555088008258e-10,1.0000190117745271,1.0000189359354459,1.000019066286496,1.0000190662864972,1.0000189335934813,1.000019066286497,1.0000188151551272,1.714718144784927e-10,1.24166226596883e-10,1.000019015933952,2.7794376419130687e-10,1.0000190013360326,1.0000190117745285,1.0000188151551268,1.000018964170393,1.000018933593481,1.0000188151551284,1.0000189359354459,1.0000190103695104,1.1453555079455427e-10,1.000018964170394,1.00001893359348,1.0000189359354457,1.0000190662864972,1.0000189641703932,1.145355513664455e-10,1.0000189335934817,1.0000188151551284,1.000018935935445,1.000018935935446,1.0000189359354459,1.000018935935445,1.0000189548285587,1.4956385501910708e-10
1.0000203543575297,1.000018931251515,1.0000190639445312,1.000018931251514,1.1683834385623547e-10,1.0000190639445299,1.0000190639445308,1.0000189335934795,1.4588121195476252e-10,1.0000189672735698,1.2430088684747185e-10,1.0000189312515146,1.0000190094325616,1.0000189524865923,1.0000190750393512,1.0000189312515138,1.0000189335934806,1.0000213259066324,1.0000188128131609,1.00001893359348,1.1453555007536579e-10,1.0000189524865923,1.0000189989940662,1.0000190058020269,1.00001893359348,1.0000189335934802,1.000018931251514,4.025861485451634e-07,1.0000190536960765,1.0000188128131622,1.000018971163606,1.000018999907662,1.4588121220263743e-10,1.145355505717051e-10,1.0000189312515155,1.145355514456571e-10,1.0000189335934804,1.0000190639445299,1.0000189335934806,1.0000190267345916,1.1453555060487705e-10,1.0000190094325592,1.0000189335934802,1.0000190639445297,1.0000190639445299,1.0000189312515142,1.0000190639445299,1.0000188128131622,1.714718140603283e-10,1.2416622626873074e-10,1.0000190135919866,5.538380550216565e-07,1.0000189989940669,1.0000190094325598,1.000018812813161,1.0000189618284272,1.0000189312515155,1.0000188128131633,1.0000189335934802,1.0000190080275437,1.1453555054003068e-10,1.0000189618284283,1.0000189312515138,1.0000189335934804,1.0000190639445308,1.0000189618284268,1.145355510462166e-10,1.000018931251516,1.0000188128131617,1.0000189335934802,1.0000189335934808,1.0000189335934802,1.0000189335934802,1.0000189524865923,1.495638547182406e-10
1.000020235919684,1.000018812813161,1.0000189455061634,1.0000188128131602,2.3281512976719978e-07,1.0000189455061619,1.0000189455061619,1.0000188151551257,2.906867060003109e-07,1.0000188488352135,2.4768518748937247e-07,1.0000188128131615,1.0000188909941983,1.0000188340482357,1.0000189566009807,1.000018812813161,1.0000188151551264,1.0000188128131609,1.0000210890299426,1.0000188151551255,2.2822652284835674e-07,1.000018834048236,1.0000188805557038,1.0000188873636642,1.0000188151551257,1.0000188151551264,1.0000188128131617,4.025861004743042e-07,1.0000189352577096,1.0000186943748213,1.000018852725248,1.0000188814693007,2.906867065191867e-07,2.282265237983268e-07,1.000018812813161,2.2822652558101425e-07,1.0000188151551253,1.0000189455061612,1.0000188151551272,1.0000189082962267,2.282265238770189e-07,1.0000188909941972,1.0000188151551264,1.0000189455061614,1.000018945506162,1.0000188128131617,1.0000189455061614,1.0000186943748208,3.4167920695963e-07,2.474168593645395e-07,1.0000188951536213,5.538379888999714e-07,1.0000188805557038,1.0000188909941976,1.00001869437482,1.0000188433900687,1.000018812813161,1.0000186943748222,1.0000188151551257,1.0000188895891804,2.2822652375398218e-07,1.0000188433900694,1.0000188128131595,1.0000188151551257,1.0000189455061619,1.0000188433900696,2.2822652473141712e-07,1.0000188128131624,1.0000186943748206,1.0000188151551253,1.0000188151551261,1.0000188151551257,1.0000188151551253,1.000018834048236,2.980248360025187e-07
1.0000203566994803,1.0000189335934804,1.000019066286498,1.0000189335934795,1.1683834416869501e-10,1.0000190662864965,1.0000190662864965,1.000018935935444,1.4588121225389522e-10,1.0000189696155364,1.2430088711846292e-10,1.0000189335934806,1.0000190117745267,1.0000189548285574,1.0000190773813158,1.0000189335934795,1.000018935935445,1.00001893359348,1.0000188151551255,1.0000213305905625,1.145355503700092e-10,1.0000189548285574,1.0000190013360313,1.0000190081439924,1.000018935935445,1.0000189359354457,1.0000189335934806,2.0203795773695766e-10,1.0000190560380438,1.0000188151551261,1.0000189735055705,1.0000190022496274,1.458812125166077e-10,1.1453555082638979e-10,1.000018933593481,1.1453555179554335e-10,1.0000189359354443,1.0000190662864958,1.0000189359354457,1.000019029076558,1.1453555091445623e-10,1.0000190117745256,1.0000189359354459,1.0000190662864954,1.0000190662864958,1.0000189335934806,1.0000190662864967,1.000018815155126,1.7147181452553726e-10,1.2416622643417772e-10,1.0000190159339521,2.779437642073727e-10,1.0000190013360317,1.0000190117745262,1.0000188151551264,1.000018964170392,1.000018933593481,1.0000188151551281,1.000018935935445,1.0000190103695095,1.1453555076753601e-10,1.000018964170394,1.000018933593479,1.000018935935445,1.0000190662864958,1.0000189641703927,1.1453555131208797e-10,1.000018933593481,1.000018815155126,1.0000189359354443,1.000018935935445,1.000018935935445,1.0000189359354443,1.0000189548285576,1.4956385501928515e-10
6.262845227412087e-06,1.1453555008030279e-10,1.1453556547397942e-10,1.1453555009626569e-10,5.303062482005539e-14,1.1453556545811075e-10,1.1453556543337436e-10,1.145355503700092e-10,6.621485473523412e-14,1.1453555429273744e-10,5.641846402909857e-14,1.1453555006264403e-10,1.1453555912940534e-10,1.145355525348877e-10,1.1453556667415147e-10,1.14535550092003e-10,1.1453555040461884e-10,1.1453555007536579e-10,2.2822652284835674e-07,1.145355503700092e-10,2.394655761818522e-06,1.1453555256380566e-10,1.1453555781017466e-10,1.1453555866812272e-10,1.1453555035837439e-10,1.1453555035837439e-10,1.1453555007762683e-10,9.171248924885893e-14,1.1453556422916391e-10,2.2822652284835666e-07,1.1453555470304213e-10,1.1453555783916448e-10,6.621485477626365e-14,5.198515334696754e-14,1.1453555009297355e-10,5.198515350635193e-14,1.1453555041930327e-10,1.1453556551299135e-10,1.145355503880709e-10,1.1453556115232927e-10,5.1985153309279806e-14,1.145355591105718e-10,1.145355503770378e-10,1.1453556551299323e-10,1.1453556545811075e-10,1.1453555007964957e-10,1.1453556543964187e-10,2.2822652284835666e-07,7.78321713927326e-14,5.635691834828455e-14,1.1453555962458977e-10,1.2617603256794848e-13,1.1453555780540174e-10,1.1453555912569002e-10,2.2822652284835674e-07,1.1453555367832469e-10,1.1453555006672666e-10,2.2822652284835713e-07,1.1453555041174395e-10,1.1453555897475345e-10,5.198515322472952e-14,1.1453555349544067e-10,1.145355500751783e-10,1.1453555040840086e-10,1.1453556543998694e-10,1.1453555367832469e-10,5.1985153431661894e-14,1.1453555007286637e-10,2.282265228483567e-07,1.1453555040840086e-10,1.1453555039595978e-10,1.1453555036444553e-10,1.1453555034203668e-10,1.14535552596922e-10,6.788651379973284e-14
1.000020375592509,1.000018952486593,1.000019085179613,1.0000189524865926,1.1683834647779622e-10,1.0000190851796107,1.0000190851796105,1.0000189548285574,1.4588121507757445e-10,1.0000189885086486,1.2430088952249457e-10,1.0000189524865928,1.0000190306676398,1.0000189737216691,1.000019096274432,1.0000189524865921,1.0000189548285587,1.0000189524865923,1.000018834048236,1.0000189548285574,1.1453555256380566e-10,1.0000213683767833,1.0000190202291444,1.0000190270371052,1.0000189548285563,1.0000189548285574,1.0000189524865928,4.0258615716475616e-07,1.0000190749311575,1.0000188340482365,1.0000189923986849,1.000019021142741,1.4588121519006954e-10,1.1453555308629638e-10,1.000018952486592,1.1453555390078852e-10,1.0000189548285583,1.0000190851796098,1.0000189548285574,1.0000190479696704,1.1453555307212221e-10,1.0000190306676389,1.0000189548285576,1.0000190851796094,1.000019085179611,1.0000189524865928,1.0000190851796102,1.0000188340482363,3.416792550822573e-07,1.2416622899457466e-10,1.0000190348270641,5.538380668779245e-07,1.0000190202291444,1.0000190306676393,1.000018834048237,1.0000189830635031,1.000018952486592,1.0000188340482368,1.0000189548285583,1.000019029262623,1.1453555296460456e-10,1.0000189830635058,1.0000189524865915,1.0000189548285583,1.0000190851796102,1.0000189830635047,1.1453555352110623e-10,1.000018952486594,1.000018834048236,1.0000189548285583,1.0000189548285583,1.0000189548285583,1.0000189548285583,1.0000189737216703,1.4956385784554606e-10
1.0000204220997848,1.0000189989940675,1.0000191316870939,1.0000189989940655,1.1683835182303995e-10,1.0000191316870917,1.0000191316870917,1.0000190013360317,2.9068676057494343e-07,1.0000190350161253,1.2430089545666985e-10,1.0000189989940673,1.0000190771751178,1.0000190202291444,1.0000191427819134,1.000018998994066,1.0000190013360317,1.0000189989940662,1.0000188805557038,1.0000190013360313,1.1453555781017466e-10,1.0000190202291444,1.0000214613917413,1.0000190735445837,1.0000190013360317,1.0000190013360322,1.000018998994066,4.025861760392218e-07,1.0000191214386376,1.000018880555705,1.0000190389061603,1.0000190676502192,2.906867610938195e-07,1.1453555832182918e-10,1.0000189989940682,1.145355592926988e-10,1.0000190013360308,1.0000191316870912,1.0000190013360306,1.0000190944771492,1.1453555841216515e-10,1.0000190771751183,1.0000190013360322,1.0000191316870906,1.0000191316870912,1.0000189989940675,1.0000191316870912,1.0000188805557046,3.4167927110412245e-07,1.2416623470806193e-10,1.000019081334543,5.538380928398774e-07,1.0000190667366224,1.0000190771751187,1.0000188805557046,1.000019029570979,1.0000189989940682,1.0000188805557046,1.0000190013360313,1.0000190757700989,1.1453555835088665e-10,1.0000190295709803,1.0000189989940655,1.0000190013360308,1.0000191316870912,1.000019029570979,1.1453555882211131e-10,1.0000189989940684,1.0000188805557053,1.0000190013360306,1.0000190013360315,1.0000190013360313,1.0000190013360308,1.0000190202291446,2.980248919546551e-07
1.0000204289077153,1.0000190058020269,1.0000191384950543,1.0000190058020262,1.168383527098765e-10,1.000019138495053,1.0000191384950519,1.0000190081439928,1.4588122286769978e-10,1.0000190418240849,1.2430089625503496e-10,1.000019005802027,1.0000190839830783,1.0000190270371057,1.000019149589874,1.0000190058020269,1.0000190081439937,1.0000190058020269,1.0000188873636642,1.0000190081439924,1.1453555866812272e-10,1.0000190270371052,1.0000190735445837,1.0000214750076524,1.0000190081439926,1.000019008143992,1.0000190058020275,4.025861788130981e-07,1.0000191282465998,1.0000188873636662,1.0000190457141216,1.0000190744581792,1.4588122305342042e-10,1.1453555918709692e-10,1.0000190058020275,1.1453556004099063e-10,1.0000190081439935,1.0000191384950523,1.0000190081439937,1.0000191012851112,1.145355592101699e-10,1.0000190839830783,1.0000190081439926,1.0000191384950512,1.000019138495053,1.0000190058020275,1.0000191384950523,1.0000188873636653,1.714718269217297e-10,1.241662357413936e-10,1.000019088142505,2.779437847435306e-10,1.0000190735445837,1.000019083983079,1.0000188873636655,1.0000190363789405,1.0000190058020275,1.0000188873636657,1.000019008143994,1.0000190825780622,1.145355591743909e-10,1.000019036378941,1.0000190058020264,1.0000190081439935,1.000019138495053,1.0000190363789412,1.1453555966655544e-10,1.0000190058020275,1.0000188873636662,1.0000190081439935,1.000019008143993,1.000019008143994,1.0000190081439935,1.000019027037107,1.4956386601274007e-10
1.0000203566994825,1.0000189335934806,1.0000190662864983,1.0000189335934804,1.1683834421382767e-10,1.0000190662864954,1.0000190662864954,1.0000189359354443,1.4588121227454775e-10,1.0000189696155357,1.243008871187425e-10,1.000018933593481,1.000019011774526,1.000018954828558,1.000019077381316,1.0000189335934795,1.0000189359354457,1.00001893359348,1.0000188151551257,1.000018935935445,1.1453555035837439e-10,1.0000189548285563,1.0000190013360317,1.0000190081439926,1.0000213305905647,1.0000189359354446,1.00001893359348,2.0203795763661375e-10,1.000019056038043,1.0000188151551272,1.0000189735055711,1.0000190022496276,1.4588121251428982e-10,1.1453555083618031e-10,1.00001893359348,1.1453555173621549e-10,1.0000189359354446,1.000019066286497,1.000018935935445,1.0000190290765572,1.1453555098898604e-10,1.0000190117745245,1.000018935935445,1.000019066286496,1.0000190662864972,1.00001893359348,1.0000190662864976,1.0000188151551272,1.7147181448099385e-10,1.24166226596883e-10,1.0000190159339515,2.779437641784443e-10,1.0000190013360324,1.000019011774526,1.000018815155127,1.0000189641703914,1.00001893359348,1.0000188151551272,1.0000189359354443,1.0000190103695095,1.1453555084392357e-10,1.0000189641703936,1.00001893359348,1.0000189359354448,1.0000190662864974,1.000018964170392,1.1453555129752404e-10,1.0000189335934813,1.0000188151551261,1.0000189359354443,1.0000189359354443,1.0000189359354443,1.0000189359354443,1.0000189548285583,1.4956385504861801e-10
1.0000203566994825,1.0000189335934804,1.000019066286499,1.00001893359348,1.1683834416327853e-10,1.0000190662864956,1.000019066286496,1.0000189359354454,1.45881212253484e-10,1.0000189696155362,1.243008871202544e-10,1.0000189335934813,1.0000190117745265,1.0000189548285587,1.0000190773813167,1.0000189335934802,1.0000189359354459,1.0000189335934802,1.0000188151551264,1.0000189359354457,1.1453555035837439e-10,1.0000189548285574,1.0000190013360322,1.000019008143992,1.0000189359354446,1.0000213305905652,1.0000189335934808,2.0203795763661375e-10,1.0000190560380442,1.0000188151551272,1.0000189735055711,1.000019002249628,1.4588121252859343e-10,1.1453555090132074e-10,1.0000189335934806,1.1453555178028187e-10,1.000018935935445,1.0000190662864976,1.0000189359354457,1.0000190290765574,1.1453555088008258e-10,1.0000190117745262,1.000018935935446,1.0000190662864965,1.0000190662864976,1.0000189335934808,1.000019066286497,1.0000188151551266,1.7147181456242076e-10,1.24166226552896e-10,1.0000190159339513,2.7794376420061167e-10,1.0000190013360326,1.0000190117745271,1.0000188151551275,1.0000189641703934,1.0000189335934806,1.0000188151551284,1.000018935935445,1.0000190103695106,1.1453555075894342e-10,1.000018964170394,1.0000189335934802,1.000018935935445,1.0000190662864985,1.0000189641703934,1.145355513664455e-10,1.0000189335934815,1.0000188151551266,1.000018935935445,1.000018935935445,1.0000189359354446,1.000018935935445,1.0000189548285587,1.4956385503090223e-10
