0.999999990004403,0.26819405404765867,3.426877849894734e-07,0.27096668285554426,1.0000244341541964,0.2267734185462128,0.2709666828555445,1.2783648026138845e-06,1.3173189679454157e-07,1.8513263213650797e-07,0.22677338246681217,0.23408181630260566,1.4013181802442933e-07,0.22677333844773678,1.3867174198264108e-06,8.78619812659095e-07,8.508506014470252e-07,7.84121021772709e-07,0.2709668778491421,1.9353257041584687e-07,1.3173189678389527e-07,8.786198121704988e-07,0.23408181630260574,0.2709668595035687,1.9353257178984993e-07,1.5249308798022916e-07,-5.061789644060937e-08,0.26819426039183714,0.2681942603918377,6.419948104520787e-08,1.3173189650426132e-07,0.226773382466812,1.9353257127113222e-07,1.9353257041584674e-07,7.357545046051312e-07,0.26819405404765656,0.23408177977408762,1.7457602842330017e-07,0.23408188716800812
0.26819405404765867,0.268197047685512,9.742154800233959e-11,2.2196029938248433e-10,0.2682037727252523,2.634709933190898e-10,2.219602987194019e-10,2.3891798404326435e-10,6.065553643545952e-11,8.158500239469173e-11,2.4256147867119805e-10,2.375901795035196e-10,6.77379864695532e-11,2.4424665581938293e-10,2.5224867684083056e-10,1.6829697801906553e-10,1.7463563169372714e-10,1.8089395827026281e-10,1.8793621621428867e-10,7.402268089663383e-11,6.065553625543316e-11,1.6829697774034338e-10,2.3759017936579424e-10,2.1833057395476932e-10,7.402268125056745e-11,7.54708207475065e-11,-1.1120004242015723e-07,0.2682000294719228,0.26820002947192256,9.821259224051672e-11,6.065553569585655e-11,2.425614788293008e-10,7.402268145089126e-11,7.402268149124063e-11,1.923532687324282e-10,0.2681999142685672,2.408597485990108e-10,6.896479646069478e-11,2.497168039461773e-10
3.426877849894734e-07,9.742154800233959e-11,-2.9177927570859706e-06,8.581985553940427e-11,5.239860452310156e-07,1.0920211574972392e-10,8.581985561395225e-11,-4.696513559732929e-11,-1.8036695110098837e-11,-2.0911740428371815e-11,1.1359644004294749e-10,1.0754528520566754e-10,-4.371242252093967e-08,1.0963235444237277e-10,-9.361046958099133e-08,-3.0800822200898443e-11,-3.1335840533202647e-11,-3.6032079743767075e-11,9.195582382177082e-11,-2.228372573972747e-11,-1.8036695601500023e-11,-3.0800822200898443e-11,1.075452858262904e-10,9.315778027212598e-11,-2.228372573972747e-11,-2.0869928019240804e-11,-2.5600522609250854e-11,1.048902338339387e-10,1.048902338339387e-10,-2.5332455431938723e-11,-1.803669511009893e-11,1.1359643977964725e-10,-2.2283725889399004e-11,-2.2283725755594484e-11,-3.8303281001037905e-11,9.742154808662703e-11,1.0356279820518934e-10,-2.001782032591824e-11,9.497778013517089e-11
0.27096668285554426,2.2196029938248433e-10,8.581985553940427e-11,0.27096978843750513,0.27097648044981837,2.58775686951191e-10,0.27097265502046763,2.1600028086548467e-10,5.1108274823672266e-11,6.727062599799247e-11,2.3620600651208217e-10,2.5036428217023825e-10,5.794826312932632e-11,2.3764191078483165e-10,2.2846331195332272e-10,1.514897745103578e-10,1.6173760691860912e-10,1.8611283225868248e-10,0.27097280177682737,6.360230318914331e-11,5.110827476732174e-11,1.514897742700172e-10,2.503642819721818e-10,0.27097275753504724,6.36023026183909e-11,6.578952112025385e-11,6.882991416652791e-11,2.2687421324754187e-10,2.2687421343644762e-10,-8.553374509789011e-08,5.110827489054785e-11,2.362060060365607e-10,6.360230267304453e-11,6.360230253158995e-11,1.9727972450770266e-10,2.2196029834163925e-10,2.5218008173384397e-10,5.993848285027518e-11,3.872279401418556e-10
1.0000244341541964,0.2682037727252523,5.239860452310156e-07,0.27097648044981837,1.0000571698380631,0.22678162068628133,0.27097648044981726,1.4596944461847507e-06,3.1302252759044156e-07,3.664248863345254e-07,0.22678158460545372,0.23409024371597037,3.214231828073911e-07,0.22678154058479663,1.5680506581010523e-06,1.0599356527656368e-06,1.0321671669292118e-06,9.654357907781674e-07,0.2709766754504952,3.748255704409327e-07,3.130225281378953e-07,1.059935652268862e-06,0.23409024371597065,0.2709766571043527,3.748255696852625e-07,3.3378424336937005e-07,1.306658741140857e-07,0.26820397907698046,0.2682039790769803,2.4548729746630625e-07,3.1302252715554017e-07,0.22678158460545383,3.748255701621287e-07,3.7482557054598537e-07,9.170676889731978e-07,0.26820377272525464,0.2340902071861079,3.558684271215661e-07,0.2340903145844175
0.2267734185462128,2.634709933190898e-10,1.0920211574972392e-10,2.58775686951191e-10,0.22678162068628133,0.22677484853123012,2.587756868072008e-10,2.6244519761289627e-10,7.230063577061278e-11,9.362726622108952e-11,0.22677776095947752,2.7554659807263577e-10,7.735452143968223e-11,0.22677774751911933,2.7752152127002456e-10,1.890041770145559e-10,1.7169143668788552e-10,1.7168103141867248e-10,2.2747201892954861e-10,8.527719966683986e-11,7.23006356857284e-11,1.8900417722031668e-10,2.7554659801546094e-10,2.545304590620277e-10,8.527719927003457e-11,5.216847268909413e-11,9.531766768360257e-11,2.651067465982643e-10,2.6510674699880575e-10,1.1190547657030942e-10,7.230063561226797e-11,0.22677776095947796,8.527719965341675e-11,8.527719975085611e-11,2.6741482507094474e-07,2.634709937250658e-10,2.778930740006887e-10,7.949285541783572e-11,2.7218053291135385e-10
0.2709666828555445,2.219602987194019e-10,8.581985561395225e-11,0.27097265502046763,0.27097648044981726,2.587756868072008e-10,0.27096978843750674,2.1600028088429638e-10,5.1108274823672266e-11,6.727062599799247e-11,2.3620600616738407e-10,2.503642820913876e-10,5.794826312932632e-11,2.3764191008094174e-10,2.2846331195332272e-10,1.5148977442446018e-10,1.6173760706277566e-10,1.861128323458298e-10,0.27097280177682737,6.360230318917189e-11,5.110827476732174e-11,1.5148977415398804e-10,2.503642816095135e-10,0.2709727575350472,6.360230264404802e-11,6.578952112025385e-11,6.882991416652791e-11,2.2687421323469162e-10,2.2687421317443562e-10,-8.5533745097892e-08,5.110827485737027e-11,2.362060060700731e-10,6.360230267304453e-11,6.360230253176521e-11,1.9727972450770124e-10,2.2196029836606214e-10,2.521800819146496e-10,5.993848240445826e-11,3.872279393548502e-10
1.2783648026138845e-06,2.3891798404326435e-10,-4.696513559732929e-11,2.1600028086548467e-10,1.4596944461847507e-06,2.6244519761289627e-10,2.1600028088429638e-10,-3.0362905709285475e-06,-3.283478530642746e-11,-3.8068615699794746e-11,2.704447643904383e-10,2.655952764992997e-10,-4.008837571953795e-11,2.6322835342205666e-10,-1.7041196558547445e-07,-1.1130156079555537e-07,-5.704474955715536e-11,-6.559388586404464e-11,2.271704896634208e-10,-4.056621376778467e-11,-3.283478529268032e-11,-1.1130156079555413e-07,2.6559527649776134e-10,2.293586843758369e-10,-4.056621393956125e-11,-3.799250598548774e-11,-4.660438083438627e-11,2.525144388912522e-10,2.525144388912522e-10,-4.6116336143722796e-11,-3.2834785352195715e-11,2.704447643904383e-10,-4.056621376778467e-11,-4.056621376778467e-11,-6.972839084637135e-11,2.3891798464497766e-10,2.583453689014352e-10,-7.233631253836958e-08,2.4271685589311483e-10
1.3173189679454157e-07,6.065553643545952e-11,-1.8036695110098837e-11,5.1108274823672266e-11,3.1302252759044156e-07,7.230063577061278e-11,5.1108274823672266e-11,-3.283478530642746e-11,-2.8916136501147524e-06,-1.462000028731435e-11,7.537284867166719e-11,6.872374866003335e-11,-1.5395684971397116e-11,7.26014393519986e-11,-3.297008953061666e-11,-2.1533795184721608e-11,-2.1907853703883455e-11,-2.5191150764720493e-11,5.539811500008777e-11,-1.5579193649274286e-11,-1.2609959881309747e-11,-2.15337951845788e-11,6.872374866003335e-11,5.623841790163693e-11,-1.5579193646359447e-11,-1.4590767375367384e-11,-1.7898051338315452e-11,6.587709744392658e-11,6.587709744392656e-11,-1.7710643814270106e-11,-1.2609959881309747e-11,7.537284839634933e-11,-1.557919366335456e-11,-1.5579193570789557e-11,-2.6779033282472907e-11,6.065553621041477e-11,6.593947438801966e-11,-1.3995029307503966e-11,5.99374306050013e-11
1.8513263213650797e-07,8.158500239469173e-11,-2.0911740428371815e-11,6.727062599799247e-11,3.664248863345254e-07,9.362726622108952e-11,6.727062599799247e-11,-3.8068615699794746e-11,-1.462000028731435e-11,-2.9002293210857152e-06,9.718917817752447e-11,5.236618076235701e-11,-1.784975954857162e-11,9.397601864851805e-11,-3.822548703289859e-11,-2.4966272845766468e-11,-2.5399944514109557e-11,-2.9206578770408044e-11,7.22442377680413e-11,-1.8062520590322786e-11,-1.4619999854206083e-11,-2.4966272845766468e-11,5.236618098354375e-11,7.321850902020255e-11,-1.8062520590322786e-11,-1.691653216602003e-11,-2.075099460048524e-11,8.763886716588816e-11,8.763886716588816e-11,-2.0533721963950243e-11,-1.4619999813162857e-11,9.718917822543914e-11,-1.8062520668121417e-11,-1.8062520668121417e-11,-3.1047555223729843e-11,8.158500239469173e-11,9.754216227404345e-08,-1.6225843197741244e-11,4.2179291045047676e-11
0.22677338246681217,2.4256147867119805e-10,1.1359644004294749e-10,2.3620600651208217e-10,0.22678158460545372,0.22677776095947752,2.3620600616738407e-10,2.704447643904383e-10,7.537284867166719e-11,9.718917817752447e-11,0.22677493873579502,2.545854010200145e-10,8.11054193549567e-11,0.22677779321878416,2.855540519906862e-10,1.942504926165859e-10,1.7702887755896484e-10,1.7781835461797116e-10,2.038572201067995e-10,8.907280492806656e-11,7.537284879816531e-11,1.9425049286266472e-10,2.545854002702493e-10,2.3071092899621636e-10,8.907280496932099e-11,5.572327840388951e-11,9.96782047701862e-11,2.429251143146119e-10,2.4292511413159044e-10,1.1622035884868801e-10,7.537284837724153e-11,0.22677780531882388,8.907280539734363e-11,8.907280510026186e-11,1.412369455367515e-10,2.4256147880422043e-10,2.576102067809048e-10,8.290251113614963e-11,2.533599184044514e-10
0.23408181630260566,2.375901795035196e-10,1.0754528520566754e-10,2.5036428217023825e-10,0.23409024371597037,2.7554659807263577e-10,2.503642820913876e-10,2.655952764992997e-10,6.872374866003335e-11,5.236618076235701e-11,2.545854010200145e-10,0.2340836381439303,7.498848667593256e-11,2.5696086396105674e-10,2.803304312703303e-10,1.8755856366781227e-10,1.7711681438005986e-10,1.3763916999826884e-10,3.0764186221029437e-10,8.341272326594437e-11,6.872374887934448e-11,1.875585632364775e-10,0.2340865047268647,2.568964305852593e-10,8.341272335588787e-11,8.475693654097208e-11,9.267678314466856e-11,2.3757625707017384e-10,2.375762567869294e-10,9.02049935711919e-11,6.872374899724289e-11,2.54585400842557e-10,8.341272350982887e-11,8.341272313590457e-11,1.3959081365355871e-10,2.375901803314905e-10,0.23408649512815033,7.642159904017537e-11,0.23408641805887204
1.4013181802442933e-07,6.77379864695532e-11,-4.371242252093967e-08,5.794826312932632e-11,3.214231828073911e-07,7.735452143968223e-11,5.794826312932632e-11,-4.008837571953795e-11,-1.5395684971397116e-11,-1.784975954857162e-11,8.11054193549567e-11,7.498848667593256e-11,-2.903894207701784e-06,7.772177580936145e-11,-4.0253567937138805e-11,-2.6290879223708315e-11,-2.674759229197126e-11,-3.0756204499586024e-11,6.318576905528725e-11,-1.9020856333601594e-11,-1.539568478589338e-11,-2.6290879101945827e-11,7.498848671126756e-11,6.421171099684762e-11,-1.9020856007225082e-11,-1.7814067374720175e-11,-2.1851967363295462e-11,7.411304683993641e-11,7.411304659805853e-11,-2.1623161423509547e-11,-1.5395684851763273e-11,8.110541935495927e-11,-1.9020856007225082e-11,-1.9020856007225082e-11,-3.269486156960877e-11,6.773798647164238e-11,7.158913650775205e-11,-1.708673417064106e-11,6.426116817294588e-11
0.22677333844773678,2.4424665581938293e-10,1.0963235444237277e-10,2.3764191078483165e-10,0.22678154058479663,0.22677774751911933,2.3764191008094174e-10,2.6322835342205666e-10,7.26014393519986e-11,9.397601864851805e-11,0.22677779321878416,2.5696086396105674e-10,7.772177580936145e-11,0.22677491332648328,2.7830789815360926e-10,1.895177935757714e-10,1.7221398439977144e-10,1.7228187917650303e-10,2.062358965205163e-10,8.564882678173614e-11,7.260143885832199e-11,1.8951779400850242e-10,2.569608636400989e-10,2.332742989574403e-10,8.564882655659999e-11,1.0424867646523768e-07,9.574462154833544e-11,2.4575784871984445e-10,2.457578489868367e-10,1.1232796144428286e-10,7.260143888364062e-11,0.22677779321878425,8.564882685732902e-11,8.564882663164501e-11,1.3535147521299628e-10,2.4424665636017547e-10,2.593737597162688e-10,7.982669680217307e-11,2.5380435056854117e-10
1.3867174198264108e-06,2.5224867684083056e-10,-9.361046958099133e-08,2.2846331195332272e-10,1.5680506581010523e-06,2.7752152127002456e-10,2.2846331195332272e-10,-1.7041196558547445e-07,-3.297008953061666e-11,-3.822548703289859e-11,2.855540519906862e-10,2.803304312703303e-10,-4.0253567937138805e-11,2.7830789815360926e-10,-3.0376919716023416e-06,-1.1176016518745112e-07,-5.7279777899381947e-11,-6.586414135950769e-11,2.396795642300819e-10,-4.0733374933084385e-11,-3.2970089797435905e-11,-1.1176016518744943e-07,2.803304312703303e-10,2.4187678331523476e-10,-4.0733374933084385e-11,-3.814906515196991e-11,-4.6796443524866013e-11,2.6590118096129204e-10,2.659011808621957e-10,-4.6306380636657786e-11,-3.2970089673624073e-11,2.855540519906862e-10,-4.073337488472496e-11,-4.073337517640872e-11,-7.001568112284069e-11,2.522486768339383e-10,2.730506421564448e-10,-3.659142195162656e-11,2.5735772577510125e-10
8.78619812659095e-07,1.6829697801906553e-10,-3.0800822200898443e-11,1.514897745103578e-10,1.0599356527656368e-06,1.890041770145559e-10,1.5148977442446018e-10,-1.1130156079555537e-07,-2.1533795184721608e-11,-2.4966272845766468e-11,1.942504926165859e-10,1.8755856366781227e-10,-2.6290879223708315e-11,1.895177935757714e-10,-1.1176016518745112e-07,-2.939575267797715e-06,-3.741127634780915e-11,-4.301802552874334e-11,1.5881548359798648e-10,-2.660425498368976e-11,-2.1533795076022883e-11,-3.677265423531077e-11,1.875585634667596e-10,1.6025053589787942e-10,-2.66042552444142e-11,-2.4916360637217343e-11,-3.056423565322301e-11,1.772138595568222e-10,1.772138591369134e-10,-3.024416109678368e-11,-2.15337949552298e-11,1.942504927964602e-10,-2.6604255235505065e-11,-2.660425503319705e-11,-4.5729553559432324e-11,1.682969780160575e-10,1.828038965738835e-10,-2.389901008734168e-11,1.7255434387709196e-10
8.508506014470252e-07,1.7463563169372714e-10,-3.1335840533202647e-11,1.6173760691860912e-10,1.0321671669292118e-06,1.7169143668788552e-10,1.6173760706277566e-10,-5.704474955715536e-11,-2.1907853703883455e-11,-2.5399944514109557e-11,1.7702887755896484e-10,1.7711681438005986e-10,-2.674759229197126e-11,1.7221398439977144e-10,-5.7279777899381947e-11,-3.741127634780915e-11,-2.942132838316838e-06,-8.687458206382295e-08,1.6919053526370726e-10,-2.706638866783453e-11,-2.1907853589639544e-11,-3.7411276393121887e-11,1.7711681410985436e-10,1.7065049238224528e-10,-2.706638870384906e-11,-2.534915500133479e-11,-3.1095098899949735e-11,1.8370733320779078e-10,1.8370733320779078e-10,-3.0769484179398834e-11,-2.1907853589639544e-11,1.7702887755856813e-10,-2.706638866783453e-11,-2.706638866783453e-11,-9.235052730235344e-08,1.746356315162371e-10,1.722795619429699e-10,-2.4314168716448645e-11,1.6185201429933728e-10
7.84121021772709e-07,1.8089395827026281e-10,-3.6032079743767075e-11,1.8611283225868248e-10,9.654357907781674e-07,1.7168103141867248e-10,1.861128323458298e-10,-6.559388586404464e-11,-2.5191150764720493e-11,-2.9206578770408044e-11,1.7781835461797116e-10,1.3763916999826884e-10,-3.0756204499586024e-11,1.7228187917650303e-10,-6.586414135950769e-11,-4.301802552874334e-11,-8.687458206382295e-08,-2.9664744726662956e-06,1.946825360364625e-10,-3.112277745974852e-11,-2.5191150681675265e-11,-4.301802552874334e-11,1.3763916999826884e-10,1.9636138677390358e-10,-3.11227777689711e-11,-2.91481878158557e-11,-3.575521864251443e-11,1.9132516166899376e-10,1.9132516165020818e-10,-3.538079049902369e-11,-2.5191150764720493e-11,1.7781835464953864e-10,-3.1122777780684963e-11,-3.1122777517922886e-11,-1.0619082078384004e-07,1.808939583609218e-10,1.3207696796759626e-10,-2.7958095750467425e-11,2.3838162486121973e-07
0.2709668778491421,1.8793621621428867e-10,9.195582382177082e-11,0.27097280177682737,0.2709766754504952,2.2747201892954861e-10,0.27097280177682737,2.271704896634208e-10,5.539811500008777e-11,7.22442377680413e-11,2.038572201067995e-10,3.0764186221029437e-10,6.318576905528725e-11,2.062358965205163e-10,2.396795642300819e-10,1.5881548359798648e-10,1.6919053526370726e-10,1.946825360364625e-10,0.2709700790533568,6.890224423689998e-11,5.5398114994236246e-11,1.5881548292648263e-10,3.076418616410184e-10,0.27097290082697506,6.890224436453581e-11,7.075319225891285e-11,7.491869159942752e-11,1.9107385526903827e-10,1.9107385476724963e-10,-3.706249031320068e-11,5.539811493093013e-11,2.0385722012995789e-10,6.890224404211336e-11,6.890224373627236e-11,2.0638959099887098e-10,1.879362160555767e-10,3.104048308703726e-10,6.46995073890513e-11,8.883181177672002e-07
1.9353257041584687e-07,7.402268089663383e-11,-2.228372573972747e-11,6.360230318914331e-11,3.748255704409327e-07,8.527719966683986e-11,6.360230318917189e-11,-4.056621376778467e-11,-1.5579193649274286e-11,-1.8062520590322786e-11,8.907280492806656e-11,8.341272326594437e-11,-1.9020856333601594e-11,8.564882678173614e-11,-4.0733374933084385e-11,-2.660425498368976e-11,-2.706638866783453e-11,-3.112277745974852e-11,6.890224423689998e-11,-2.9047889447027013e-06,-1.5579193646359447e-11,-2.6604255017349197e-11,8.341272326597362e-11,6.994042261739893e-11,-3.8206650969720277e-08,-1.8026404465426154e-11,-2.211244442598364e-11,8.047374405616706e-11,8.047374405616706e-11,-2.1880906979338657e-11,-1.5579193646359447e-11,8.907280526934117e-11,-1.9247574092248562e-11,-1.9247574092248562e-11,-3.3084538194980984e-11,7.402268118860198e-11,7.997285077041178e-11,-1.729039631920636e-11,7.255753438382055e-11
1.3173189678389527e-07,6.065553625543316e-11,-1.8036695601500023e-11,5.110827476732174e-11,3.130225281378953e-07,7.23006356857284e-11,5.110827476732174e-11,-3.283478529268032e-11,-1.2609959881309747e-11,-1.4619999854206083e-11,7.537284879816531e-11,6.872374887934448e-11,-1.539568478589338e-11,7.260143885832199e-11,-3.2970089797435905e-11,-2.1533795076022883e-11,-2.1907853589639544e-11,-2.5191150681675265e-11,5.5398114994236246e-11,-1.5579193646359447e-11,-2.8916136501147524e-06,-2.153379511837191e-11,6.872374887934448e-11,5.623841835211484e-11,-1.5579193649274286e-11,-1.4590767375367384e-11,-1.789805140879489e-11,6.58770974922997e-11,6.587709700515823e-11,-1.7710643814270106e-11,-1.2609959881309747e-11,7.537284879816531e-11,-1.5579193649274286e-11,-1.5579193463520187e-11,-2.6779033383166113e-11,6.065553652571355e-11,6.593947468490564e-11,-1.3995029153758964e-11,5.993743060027761e-11
8.786198121704988e-07,1.6829697774034338e-10,-3.0800822200898443e-11,1.514897742700172e-10,1.059935652268862e-06,1.8900417722031668e-10,1.5148977415398804e-10,-1.1130156079555413e-07,-2.15337951845788e-11,-2.4966272845766468e-11,1.9425049286266472e-10,1.875585632364775e-10,-2.6290879101945827e-11,1.8951779400850242e-10,-1.1176016518744943e-07,-3.677265423531077e-11,-3.7411276393121887e-11,-4.301802552874334e-11,1.5881548292648263e-10,-2.6604255017349197e-11,-2.153379511837191e-11,-2.939575267797715e-06,1.875585632364775e-10,1.6025053583616004e-10,-2.66042552444142e-11,-2.4916360579081102e-11,-3.05642355059441e-11,1.7721385922222834e-10,1.772138591348529e-10,-3.024416106897081e-11,-2.1533795362458976e-11,1.942504926900413e-10,-2.660425503319705e-11,-2.66042552444142e-11,-4.5729553559432324e-11,1.6829697768928375e-10,1.8280389644480097e-10,-2.3899010460764875e-11,1.725543440742846e-10
0.23408181630260574,2.3759017936579424e-10,1.075452858262904e-10,2.503642819721818e-10,0.23409024371597065,2.7554659801546094e-10,2.503642816095135e-10,2.6559527649776134e-10,6.872374866003335e-11,5.236618098354375e-11,2.545854002702493e-10,0.2340865047268647,7.498848671126756e-11,2.569608636400989e-10,2.803304312703303e-10,1.875585634667596e-10,1.7711681410985436e-10,1.3763916999826884e-10,3.076418616410184e-10,8.341272326597362e-11,6.872374887934448e-11,1.875585632364775e-10,0.23408363814392993,2.5689643026465523e-10,8.341272339527038e-11,8.475693627840328e-11,9.267678314473431e-11,2.37576257201198e-10,2.375762566936423e-10,9.02049935711919e-11,6.872374896658972e-11,2.545854009365448e-10,8.341272350982887e-11,8.341272337478459e-11,1.395908135288207e-10,2.375901801414093e-10,0.23408649512815136,7.642159939920426e-11,0.23408641805887292
0.2709668595035687,2.1833057395476932e-10,9.315778027212598e-11,0.27097275753504724,0.2709766571043527,2.545304590620277e-10,0.2709727575350472,2.293586843758369e-10,5.623841790163693e-11,7.321850902020255e-11,2.3071092899621636e-10,2.568964305852593e-10,6.421171099684762e-11,2.332742989574403e-10,2.4187678331523476e-10,1.6025053589787942e-10,1.7065049238224528e-10,1.9636138677390358e-10,0.27097290082697506,6.994042261739893e-11,5.623841835211484e-11,1.6025053583616004e-10,2.5689643026465523e-10,0.2709699893236876,6.994042206695149e-11,7.172549885615659e-11,7.611136097213094e-11,2.211202536592269e-10,2.2112025365885248e-10,-3.5882258396206965e-11,5.6238418514259514e-11,2.3071092868596058e-10,6.99404218730835e-11,6.99404218740529e-11,2.0817423379621438e-10,2.183305736422905e-10,2.59844935031778e-10,6.563211211211094e-11,3.973345561163571e-10
1.9353257178984993e-07,7.402268125056745e-11,-2.228372573972747e-11,6.36023026183909e-11,3.748255696852625e-07,8.527719927003457e-11,6.360230264404802e-11,-4.056621393956125e-11,-1.5579193646359447e-11,-1.8062520590322786e-11,8.907280496932099e-11,8.341272335588787e-11,-1.9020856007225082e-11,8.564882655659999e-11,-4.0733374933084385e-11,-2.66042552444142e-11,-2.706638870384906e-11,-3.11227777689711e-11,6.890224436453581e-11,-3.8206650969720277e-08,-1.5579193649274286e-11,-2.66042552444142e-11,8.341272339527038e-11,6.994042206695149e-11,-2.9047889447027013e-06,-1.8026404403561672e-11,-2.2112444229473422e-11,8.047374448920733e-11,8.047374410774014e-11,-2.1880906846187054e-11,-1.5579193649274286e-11,8.907280503908793e-11,-1.9247573946192515e-11,-1.9247574092248562e-11,-3.3084538335998186e-11,7.402268143700961e-11,7.99728507692736e-11,-1.7290396166462904e-11,7.255753433303374e-11
1.5249308798022916e-07,7.54708207475065e-11,-2.0869928019240804e-11,6.578952112025385e-11,3.3378424336937005e-07,5.216847268909413e-11,6.578952112025385e-11,-3.799250598548774e-11,-1.4590767375367384e-11,-1.691653216602003e-11,5.572327840388951e-11,8.475693654097208e-11,-1.7814067374720175e-11,1.0424867646523768e-07,-3.814906515196991e-11,-2.4916360637217343e-11,-2.534915500133479e-11,-2.91481878158557e-11,7.075319225891285e-11,-1.8026404465426154e-11,-1.4590767375367384e-11,-2.4916360579081102e-11,8.475693627840328e-11,7.172549885615659e-11,-1.8026404403561672e-11,-2.9000948990761104e-06,-2.070949722559979e-11,8.151257594181111e-11,8.151257586056326e-11,-2.04926485465898e-11,-1.4590767425346974e-11,5.5723278232518455e-11,-1.8026404494313085e-11,-1.8026404403561672e-11,-3.09854982243327e-11,7.54708207475065e-11,8.153531596372522e-11,-1.6193399408062283e-11,7.459047213012577e-11
-5.061789644060937e-08,-1.1120004242015723e-07,-2.5600522609250854e-11,6.882991416652791e-11,1.306658741140857e-07,9.531766768360257e-11,6.882991416652791e-11,-4.660438083438627e-11,-1.7898051338315452e-11,-2.075099460048524e-11,9.96782047701862e-11,9.267678314466856e-11,-2.1851967363295462e-11,9.574462154833544e-11,-4.6796443524866013e-11,-3.056423565322301e-11,-3.1095098899949735e-11,-3.575521864251443e-11,7.491869159942752e-11,-2.211244442598364e-11,-1.789805140879489e-11,-3.05642355059441e-11,9.267678314473431e-11,7.611136097213094e-11,-2.2112444229473422e-11,-2.070949722559979e-11,-2.917008678107002e-06,-4.8605799328400144e-11,-4.860579914526042e-11,-2.5137692707018494e-11,-1.789805140896495e-11,9.967820516043155e-11,-2.211244418982325e-11,-2.2112444543783795e-11,-3.80089450494628e-11,-1.1120004242015927e-07,8.87249392506747e-11,-1.986395136816925e-11,8.020595982958596e-11
0.26819426039183714,0.2682000294719228,1.048902338339387e-10,2.2687421324754187e-10,0.26820397907698046,2.651067465982643e-10,2.2687421323469162e-10,2.525144388912522e-10,6.587709744392658e-11,8.763886716588816e-11,2.429251143146119e-10,2.3757625707017384e-10,7.411304683993641e-11,2.4575784871984445e-10,2.6590118096129204e-10,1.772138595568222e-10,1.8370733320779078e-10,1.9132516166899376e-10,1.9107385526903827e-10,8.047374405616706e-11,6.58770974922997e-11,1.7721385922222834e-10,2.37576257201198e-10,2.211202536592269e-10,8.047374448920733e-11,8.151257594181111e-11,-4.8605799328400144e-11,0.26819727380029945,0.2682001403832481,1.0554619813179903e-10,6.587709668290038e-11,2.4292511378737867e-10,8.047374425368534e-11,8.047374485579708e-11,2.034419355866648e-10,0.26820002947192406,2.4199871185051804e-10,7.47598847549147e-11,2.5334106827674025e-10
0.2681942603918377,0.26820002947192256,1.048902338339387e-10,2.2687421343644762e-10,0.2682039790769803,2.6510674699880575e-10,2.2687421317443562e-10,2.525144388912522e-10,6.587709744392656e-11,8.763886716588816e-11,2.4292511413159044e-10,2.375762567869294e-10,7.411304659805853e-11,2.457578489868367e-10,2.659011808621957e-10,1.772138591369134e-10,1.8370733320779078e-10,1.9132516165020818e-10,1.9107385476724963e-10,8.047374405616706e-11,6.587709700515823e-11,1.772138591348529e-10,2.375762566936423e-10,2.2112025365885248e-10,8.047374410774014e-11,8.151257586056326e-11,-4.860579914526042e-11,0.2682001403832481,0.26819727380029756,1.055461983318061e-10,6.587709646753395e-11,2.429251143465655e-10,8.047374406187087e-11,8.047374462411931e-11,2.034419355866648e-10,0.2682000294719239,2.419987112260858e-10,7.47598846632582e-11,2.533410681524272e-10
6.419948104520787e-08,9.821259224051672e-11,-2.5332455431938723e-11,-8.553374509789011e-08,2.4548729746630625e-07,1.1190547657030942e-10,-8.5533745097892e-08,-4.6116336143722796e-11,-1.7710643814270106e-11,-2.0533721963950243e-11,1.1622035884868801e-10,9.02049935711919e-11,-2.1623161423509547e-11,1.1232796144428286e-10,-4.6306380636657786e-11,-3.024416109678368e-11,-3.0769484179398834e-11,-3.538079049902369e-11,-3.706249031320068e-11,-2.1880906979338657e-11,-1.7710643814270106e-11,-3.024416106897081e-11,9.02049935711919e-11,-3.5882258396206965e-11,-2.1880906846187054e-11,-2.04926485465898e-11,-2.5137692707018494e-11,1.0554619813179903e-10,1.055461983318061e-10,-2.9159582974551505e-06,-1.7710643793497487e-11,1.1622035884868801e-10,-2.1880906846187054e-11,-2.188090698791191e-11,-3.761092335397381e-11,9.821259219923735e-11,8.629451550089173e-11,-1.9655958413154617e-11,7.786463827935959e-11
1.3173189650426132e-07,6.065553569585655e-11,-1.803669511009893e-11,5.110827489054785e-11,3.1302252715554017e-07,7.230063561226797e-11,5.110827485737027e-11,-3.2834785352195715e-11,-1.2609959881309747e-11,-1.4619999813162857e-11,7.537284837724153e-11,6.872374899724289e-11,-1.5395684851763273e-11,7.260143888364062e-11,-3.2970089673624073e-11,-2.15337949552298e-11,-2.1907853589639544e-11,-2.5191150764720493e-11,5.539811493093013e-11,-1.5579193646359447e-11,-1.2609959881309747e-11,-2.1533795362458976e-11,6.872374896658972e-11,5.6238418514259514e-11,-1.5579193649274286e-11,-1.4590767425346974e-11,-1.789805140896495e-11,6.587709668290038e-11,6.587709646753395e-11,-1.7710643793497487e-11,-2.8916136501147524e-06,7.537284825770698e-11,-1.5579193649274286e-11,-1.5579193646359447e-11,-2.6779033282472907e-11,6.065553572860033e-11,6.593947453086825e-11,-1.3995029239265601e-11,5.99374307375026e-11
0.226773382466812,2.425614788293008e-10,1.1359643977964725e-10,2.362060060365607e-10,0.22678158460545383,0.22677776095947796,2.362060060700731e-10,2.704447643904383e-10,7.537284839634933e-11,9.718917822543914e-11,0.22677780531882388,2.54585400842557e-10,8.110541935495927e-11,0.22677779321878425,2.855540519906862e-10,1.942504927964602e-10,1.7702887755856813e-10,1.7781835464953864e-10,2.0385722012995789e-10,8.907280526934117e-11,7.537284879816531e-11,1.942504926900413e-10,2.545854009365448e-10,2.3071092868596058e-10,8.907280503908793e-11,5.5723278232518455e-11,9.967820516043155e-11,2.4292511378737867e-10,2.429251143465655e-10,1.1622035884868801e-10,7.537284825770698e-11,0.22677493873579357,8.907280539734363e-11,8.907280520705517e-11,1.412369455367515e-10,2.4256147882188074e-10,2.5761020730519643e-10,8.290251113614963e-11,2.533599188281906e-10
1.9353257127113222e-07,7.402268145089126e-11,-2.2283725889399004e-11,6.360230267304453e-11,3.748255701621287e-07,8.527719965341675e-11,6.360230267304453e-11,-4.056621376778467e-11,-1.557919366335456e-11,-1.8062520668121417e-11,8.907280539734363e-11,8.341272350982887e-11,-1.9020856007225082e-11,8.564882685732902e-11,-4.073337488472496e-11,-2.6604255235505065e-11,-2.706638866783453e-11,-3.1122777780684963e-11,6.890224404211336e-11,-1.9247574092248562e-11,-1.5579193649274286e-11,-2.660425503319705e-11,8.341272350982887e-11,6.99404218730835e-11,-1.9247573946192515e-11,-1.8026404494313085e-11,-2.211244418982325e-11,8.047374425368534e-11,8.047374406187087e-11,-2.1880906846187054e-11,-1.5579193649274286e-11,8.907280539734363e-11,-2.9047889447027013e-06,-3.8206650969720766e-08,-3.308453822285638e-11,7.402268120802134e-11,7.997285090161093e-11,-1.729039631920636e-11,7.255753470153996e-11
1.9353257041584674e-07,7.402268149124063e-11,-2.2283725755594484e-11,6.360230253158995e-11,3.7482557054598537e-07,8.527719975085611e-11,6.360230253176521e-11,-4.056621376778467e-11,-1.5579193570789557e-11,-1.8062520668121417e-11,8.907280510026186e-11,8.341272313590457e-11,-1.9020856007225082e-11,8.564882663164501e-11,-4.073337517640872e-11,-2.660425503319705e-11,-2.706638866783453e-11,-3.1122777517922886e-11,6.890224373627236e-11,-1.9247574092248562e-11,-1.5579193463520187e-11,-2.66042552444142e-11,8.341272337478459e-11,6.99404218740529e-11,-1.9247574092248562e-11,-1.8026404403561672e-11,-2.2112444543783795e-11,8.047374485579708e-11,8.047374462411931e-11,-2.188090698791191e-11,-1.5579193646359447e-11,8.907280520705517e-11,-3.8206650969720766e-08,-2.9047889447027013e-06,-3.308453833603036e-11,7.402268124145665e-11,7.997285065877096e-11,-1.729039631920636e-11,7.255753430875561e-11
7.357545046051312e-07,1.923532687324282e-10,-3.8303281001037905e-11,1.9727972450770266e-10,9.170676889731978e-07,2.6741482507094474e-07,1.9727972450770124e-10,-6.972839084637135e-11,-2.6779033282472907e-11,-3.1047555223729843e-11,1.412369455367515e-10,1.3959081365355871e-10,-3.269486156960877e-11,1.3535147521299628e-10,-7.001568112284069e-11,-4.5729553559432324e-11,-9.235052730235344e-08,-1.0619082078384004e-07,2.0638959099887098e-10,-3.3084538194980984e-11,-2.6779033383166113e-11,-4.5729553559432324e-11,1.395908135288207e-10,2.0817423379621438e-10,-3.3084538335998186e-11,-3.09854982243327e-11,-3.80089450494628e-11,2.034419355866648e-10,2.034419355866648e-10,-3.761092335397381e-11,-2.6779033282472907e-11,1.412369455367515e-10,-3.308453822285638e-11,-3.308453833603036e-11,-2.9794640618083993e-06,1.9235326851969593e-10,1.3367802841331097e-10,-2.972038516392389e-11,2.4005949419010136e-07
0.26819405404765656,0.2681999142685672,9.742154808662703e-11,2.2196029834163925e-10,0.26820377272525464,2.634709937250658e-10,2.2196029836606214e-10,2.3891798464497766e-10,6.065553621041477e-11,8.158500239469173e-11,2.4256147880422043e-10,2.375901803314905e-10,6.773798647164238e-11,2.4424665636017547e-10,2.522486768339383e-10,1.682969780160575e-10,1.746356315162371e-10,1.808939583609218e-10,1.879362160555767e-10,7.402268118860198e-11,6.065553652571355e-11,1.6829697768928375e-10,2.375901801414093e-10,2.183305736422905e-10,7.402268143700961e-11,7.54708207475065e-11,-1.1120004242015927e-07,0.26820002947192406,0.2682000294719239,9.821259219923735e-11,6.065553572860033e-11,2.4256147882188074e-10,7.402268120802134e-11,7.402268124145665e-11,1.9235326851969593e-10,0.26819704768551256,2.408597495579439e-10,6.896479646069478e-11,2.4971680457532953e-10
0.23408177977408762,2.408597485990108e-10,1.0356279820518934e-10,2.5218008173384397e-10,0.2340902071861079,2.778930740006887e-10,2.521800819146496e-10,2.583453689014352e-10,6.593947438801966e-11,9.754216227404345e-08,2.576102067809048e-10,0.23408649512815033,7.158913650775205e-11,2.593737597162688e-10,2.730506421564448e-10,1.828038965738835e-10,1.722795619429699e-10,1.3207696796759626e-10,3.104048308703726e-10,7.997285077041178e-11,6.593947468490564e-11,1.8280389644480097e-10,0.23408649512815136,2.59844935031778e-10,7.99728507692736e-11,8.153531596372522e-11,8.87249392506747e-11,2.4199871185051804e-10,2.419987112260858e-10,8.629451550089173e-11,6.593947453086825e-11,2.5761020730519643e-10,7.997285090161093e-11,7.997285065877096e-11,1.3367802841331097e-10,2.408597495579439e-10,0.2340836177259874,7.333150587719797e-11,0.23408640460913208
1.7457602842330017e-07,6.896479646069478e-11,-2.001782032591824e-11,5.993848285027518e-11,3.558684271215661e-07,7.949285541783572e-11,5.993848240445826e-11,-7.233631253836958e-08,-1.3995029307503966e-11,-1.6225843197741244e-11,8.290251113614963e-11,7.642159904017537e-11,-1.708673417064106e-11,7.982669680217307e-11,-3.659142195162656e-11,-2.389901008734168e-11,-2.4314168716448645e-11,-2.7958095750467425e-11,6.46995073890513e-11,-1.729039631920636e-11,-1.3995029153758964e-11,-2.3899010460764875e-11,7.642159939920426e-11,6.563211211211094e-11,-1.7290396166462904e-11,-1.6193399408062283e-11,-1.986395136816925e-11,7.47598847549147e-11,7.47598846632582e-11,-1.9655958413154617e-11,-1.3995029239265601e-11,8.290251113614963e-11,-1.729039631920636e-11,-1.729039631920636e-11,-2.972038516392389e-11,6.896479646069478e-11,7.333150587719797e-11,-2.897414199262459e-06,6.667021049093388e-11
0.23408188716800812,2.497168039461773e-10,9.497778013517089e-11,3.872279401418556e-10,0.2340903145844175,2.7218053291135385e-10,3.872279393548502e-10,2.4271685589311483e-10,5.99374306050013e-11,4.2179291045047676e-11,2.533599184044514e-10,0.23408641805887204,6.426116817294588e-11,2.5380435056854117e-10,2.5735772577510125e-10,1.7255434387709196e-10,1.6185201429933728e-10,2.3838162486121973e-07,8.883181177672002e-07,7.255753438382055e-11,5.993743060027761e-11,1.725543440742846e-10,0.23408641805887292,3.973345561163571e-10,7.255753433303374e-11,7.459047213012577e-11,8.020595982958596e-11,2.5334106827674025e-10,2.533410681524272e-10,7.786463827935959e-11,5.99374307375026e-11,2.533599188281906e-10,7.255753470153996e-11,7.255753430875561e-11,2.4005949419010136e-07,2.4971680457532953e-10,0.23408640460913208,6.667021049093388e-11,0.23408345265561584
