0.9999999817022593,-1.9550580196154352e-05,0.999974178475633,0.9999741766224094,0.9999741784756314,-4.624780589291335e-06,0.9999739630717402,2.5210326104573237e-06,-4.624780589089909e-06,0.5125252877149122,0.9999741766224077,0.9999739630717399,-4.640127347710444e-06,0.4874352998640909,-4.133391190521783e-06,-4.624780589333978e-06,0.5125382611739016,-4.624780589133722e-06,0.48743360401989266,0.487441331814361,0.999973963071741,-4.624780591365708e-06,0.5125405727922449,0.5125252877149141,0.9999741766224102,0.4874336040198925,0.9999741784756324,0.9999741784756327,0.9999741784756334,0.9999741784756314,-4.624780589216769e-06,0.9999739630717422,0.999973963071738
-1.9550580196154352e-05,-1.097361744368819e-06,-1.581405366073888e-05,-1.5814053623310834e-05,-1.5814053660738885e-05,6.0073953975784556e-15,-1.581404894855677e-05,-2.067398357692419e-10,6.0073927030660526e-15,-4.795932633512176e-09,-1.581405362331083e-05,-1.5814048948556777e-05,6.150162072398854e-15,-3.1816654315644636e-09,2.6471181538303952e-15,6.007478828863141e-15,-9.507147233660592e-06,6.0073953975784556e-15,-3.1816564361795557e-09,-3.181708910135984e-09,-1.5814048948556777e-05,6.007478828863141e-15,-4.796074881416703e-09,-4.795932633706816e-09,-1.581405362331083e-05,-3.1816564361795557e-09,-1.5814053660738885e-05,-1.581405366073887e-05,-1.581405366073888e-05,-1.581405366073887e-05,6.007478828863141e-15,-1.5814048948556777e-05,-1.5814048948556764e-05
0.999974178475633,-1.581405366073888e-05,0.9999718147893599,0.9999729105432045,0.9999729123964215,-8.883357488784814e-07,0.9999726969932669,6.25749415852699e-06,-8.883357489085821e-07,0.5125265227303721,0.9999729105432049,0.9999726969932669,-9.036824404156927e-07,0.48743653524604147,-2.0024856709200457e-10,-8.883357488501058e-07,0.5125394961317972,-8.883357488360017e-07,0.48743483940816024,0.4874425671656891,0.9999726969932672,-8.883357490356066e-07,0.5125418077356992,0.5125265227303724,0.9999729105432045,0.48743483940816024,0.9999729123964219,0.999972912396421,0.9999729123964204,0.9999729123964207,-8.883357487625788e-07,0.9999726969932664,0.9999726969932663
0.9999741766224094,-1.5814053623310834e-05,0.9999729105432045,0.9999718110829293,0.9999729105432037,-8.883357475355894e-07,0.9999726951400513,6.2574941638521345e-06,-8.883357475656917e-07,0.5125265209702,0.9999729086899893,0.999972695140052,-9.03682439033964e-07,0.4874365351530242,-3.969491563172768e-07,-8.883357475072141e-07,0.512539494371583,-8.883357474931091e-07,0.4874348393151369,0.4874425670726686,0.9999726951400504,-8.883357476927134e-07,0.5125418059754816,0.5125265209702005,0.9999729086899878,0.4874348393151368,0.9999729105432055,0.9999729105432037,0.9999729105432036,0.9999729105432045,-8.88335747419686e-07,0.9999726951400514,0.9999726951400507
0.9999741784756314,-1.5814053660738885e-05,0.9999729123964215,0.9999729105432037,0.9999718147893639,-8.883357488784823e-07,0.9999726969932663,6.2574941585269815e-06,-8.88335748908583e-07,0.5125265227303721,0.9999729105432034,0.999972696993266,-9.03682440415694e-07,0.48743653524604197,-2.0024856710484906e-10,-8.883357488501061e-07,0.5125394961317971,-8.883357488360024e-07,0.48743483940815946,0.4874425671656893,0.9999726969932673,-8.883357490356081e-07,0.5125418077356995,0.5125265227303721,0.9999729105432048,0.48743483940816007,0.9999729123964199,0.9999729123964198,0.9999729123964204,0.9999729123964215,-8.883357487625803e-07,0.9999726969932664,0.9999726969932657
-4.624780589291335e-06,6.0073953975784556e-15,-8.883357488784814e-07,-8.883357475355894e-07,-8.883357488784823e-07,-1.0976067683245437e-06,-4.481378324404368e-10,-6.046688735707138e-15,8.257571182626357e-13,-1.3248270512300266e-10,-8.883357475355901e-07,-4.4813783245527525e-10,8.374918482620402e-13,-6.257106058472854e-07,1.714831505460474e-16,8.257571180385741e-13,-1.3248640609760592e-10,8.257571183257111e-13,-3.156497032689302e-10,-3.156551633324848e-10,-4.4813783259950836e-10,8.257571181641507e-13,-1.3248761731210604e-10,-1.324827051230029e-10,-8.883357475355901e-07,-3.1564970292989994e-10,-8.883357488784817e-07,-8.883357488784804e-07,-8.883357488784823e-07,-8.883357488784807e-07,8.257571179387021e-13,-4.4813783259950836e-10,-4.4813783259950836e-10
0.9999739630717402,-1.581404894855677e-05,0.9999726969932669,0.9999726951400513,0.9999726969932663,-4.481378324404368e-10,0.9999713839831346,6.257494861260285e-06,-4.4813783238089677e-10,0.5125262652372244,0.9999726951400526,0.9999724815902129,-4.558797610944117e-10,0.4874365773401893,-2.002485284866173e-10,-4.481378324071287e-10,0.5125392386322221,-4.481378323997382e-10,0.48743488150100095,0.48744260925964816,0.999972481590213,-4.481378323563341e-10,0.5125415502360955,0.5125262652372244,0.9999726951400519,0.4874348815010013,0.9999726969932673,0.9999726969932664,0.9999726969932664,0.9999726969932664,-4.48137832254976e-10,0.999972481590213,0.9999724815902121
2.5210326104573237e-06,-2.067398357692419e-10,6.25749415852699e-06,6.2574941638521345e-06,6.2574941585269815e-06,-6.046688735707138e-15,6.257494861260285e-06,-1.0982203897362862e-06,-6.046660134318329e-15,2.7488986477849773e-09,6.2574941638522675e-06,6.257494861260285e-06,-6.063271508190016e-15,4.0784133025523634e-10,-3.5027227820678353e-15,-6.046806798966462e-15,5.449148090722159e-06,-6.046631273024374e-15,4.0786159994233245e-10,8.084591729270947e-07,6.257494861260214e-06,-6.046875606453262e-15,5.449199171464519e-06,2.7488986477849773e-09,6.257494163852206e-06,4.0786160063670007e-10,6.25749415852706e-06,6.257494158527026e-06,6.257494158527034e-06,6.257494158527026e-06,-6.046806798966462e-15,6.257494861260268e-06,6.257494861260295e-06
-4.624780589089909e-06,6.0073927030660526e-15,-8.883357489085821e-07,-8.883357475656917e-07,-8.88335748908583e-07,8.257571182626357e-13,-4.4813783238089677e-10,-6.046660134318329e-15,-1.0976067683245437e-06,-1.3248270452538643e-10,-8.883357475656912e-07,-4.48137832393674e-10,8.37491848571285e-13,-6.25710606873769e-07,1.7163867440316071e-16,8.257571183564565e-13,-1.3248640562426464e-10,8.257571186435939e-13,-3.156497038218335e-10,-3.1565516388062936e-10,-4.481378322382797e-10,8.257571184820328e-13,-1.3248761680439165e-10,-1.3248270455996674e-10,-8.883357475656905e-07,-3.1564970370343654e-10,-8.883357489085828e-07,-8.883357489085828e-07,-8.883357489085828e-07,-8.883357489085833e-07,8.257571182565849e-13,-4.48137832393674e-10,-4.48137832393674e-10
0.5125252877149122,-4.795932633512176e-09,0.5125265227303721,0.5125265209702,0.5125265227303721,-1.3248270512300266e-10,0.5125262652372244,2.7488986477849773e-09,-1.3248270452538643e-10,0.512517070151863,0.5125265209702008,0.5125262652372249,-1.3863815647611295e-10,-5.751184898255733e-10,-7.058931461938592e-11,-1.3248270433826305e-10,0.512531464193554,-1.3248270451468083e-10,1.6056335765039591e-10,-1.0382708672452437e-10,0.5125262652372247,-1.3248270471959171e-10,0.5125319087751179,0.5125181677600635,0.5125265209702005,1.6056335828113395e-10,0.5125265227303727,0.5125265227303724,0.5125265227303721,0.512526522730372,-1.3248270429529262e-10,0.5125262652372249,0.5125262652372243
0.9999741766224077,-1.581405362331083e-05,0.9999729105432049,0.9999729086899893,0.9999729105432034,-8.883357475355901e-07,0.9999726951400526,6.2574941638522675e-06,-8.883357475656912e-07,0.5125265209702008,0.999971811082932,0.9999726951400525,-9.036824390339636e-07,0.4874365351530244,-3.969491563172764e-07,-8.883357475072139e-07,0.5125394943715834,-8.883357474931088e-07,0.48743483931513704,0.48744256707266875,0.999972695140052,-8.883357476927141e-07,0.5125418059754817,0.5125265209702007,0.9999729086899883,0.4874348393151377,0.9999729105432043,0.9999729105432039,0.9999729105432039,0.9999729105432049,-8.883357474196863e-07,0.999972695140052,0.9999726951400513
0.9999739630717399,-1.5814048948556777e-05,0.9999726969932669,0.999972695140052,0.999972696993266,-4.4813783245527525e-10,0.9999724815902129,6.257494861260285e-06,-4.48137832393674e-10,0.5125262652372249,0.9999726951400525,0.9999713839831381,-4.558797609480028e-10,0.48743657734018886,-2.0024852865794914e-10,-4.481378323860351e-10,0.5125392386322225,-4.4813783245382784e-10,0.48743488150100095,0.48744260925964794,0.9999724815902133,-4.4813783269915725e-10,0.5125415502360959,0.5125262652372249,0.999972695140052,0.48743488150100095,0.999972696993267,0.9999726969932664,0.9999726969932673,0.9999726969932663,-4.481378323060872e-10,0.9999724815902139,0.9999724815902129
-4.640127347710444e-06,6.150162072398854e-15,-9.036824404156927e-07,-9.03682439033964e-07,-9.03682440415694e-07,8.374918482620402e-13,-4.558797610944117e-10,-6.063271508190016e-15,8.37491848571285e-13,-1.3863815647611295e-10,-9.036824390339636e-07,-4.558797609480028e-10,-1.0976067473844773e-06,-6.288552491093001e-07,3.455843118218816e-13,8.374918483442336e-13,-1.3864201057519204e-10,8.374918486292183e-13,-3.172360885148086e-10,-3.172415666342637e-10,-4.5587976118681113e-10,8.374918484775292e-13,-1.3864323567870532e-10,-1.3863815649780982e-10,-9.036824390339636e-07,-3.172360886802581e-10,-9.036824404156931e-07,-9.036824404156928e-07,-9.03682440415694e-07,-9.036824404156925e-07,8.374918482431689e-13,-4.5587976118681113e-10,-4.5587976108701567e-10
0.4874352998640909,-3.1816654315644636e-09,0.48743653524604147,0.4874365351530242,0.48743653524604197,-6.257106058472854e-07,0.4874365773401893,4.0784133025523634e-10,-6.25710606873769e-07,-5.751184898255733e-10,0.4874365351530244,0.48743657734018886,-6.288552491093001e-07,0.48743621842216495,-1.2965727282825558e-10,-6.257106071741608e-07,-7.381923703440337e-10,-6.257106068651086e-07,0.4874341618326483,0.4874424137018535,0.4874365773401892,-6.257106066140673e-07,2.0365122955408662e-10,-5.751184899180412e-10,0.4874365351530245,0.48743416183264754,0.48743653524604175,0.4874365352460414,0.4874365352460414,0.48743653524604097,-6.257106071552655e-07,0.4874365773401885,0.4874365773401888
-4.133391190521783e-06,2.6471181538303952e-15,-2.0024856709200457e-10,-3.969491563172768e-07,-2.0024856710484906e-10,1.714831505460474e-16,-2.002485284866173e-10,-3.5027227820678353e-15,1.7163867440316071e-16,-7.058931461938592e-11,-3.969491563172764e-07,-2.0024852865794914e-10,3.455843118218816e-13,-1.2965727282825558e-10,-1.0976074590781434e-06,1.7163867268729634e-16,-7.059137888910279e-11,1.714831545280463e-16,-1.2965650465218313e-10,-1.2965879980722902e-10,-2.002485285611376e-10,1.7163867268729634e-16,-7.059180176841601e-11,-7.058931461938593e-11,-3.969491563172764e-07,-1.2965650436059617e-10,-2.0024856709964015e-10,-2.0024856708801756e-10,-2.0024856711917324e-10,-2.0024856709261666e-10,1.7148408470256577e-16,-2.002485285542202e-10,-2.0024852855828923e-10
-4.624780589333978e-06,6.007478828863141e-15,-8.883357488501058e-07,-8.883357475072141e-07,-8.883357488501061e-07,8.257571180385741e-13,-4.481378324071287e-10,-6.046806798966462e-15,8.257571183564565e-13,-1.3248270433826305e-10,-8.883357475072139e-07,-4.481378323860351e-10,8.374918483442336e-13,-6.257106071741608e-07,1.7163867268729634e-16,-1.0976067683245437e-06,-1.3248640543453931e-10,8.257571184195315e-13,-3.156497036230674e-10,-3.156551639387384e-10,-4.4813783240710646e-10,8.257571182579718e-13,-1.3248761657581756e-10,-1.324827042951288e-10,-8.88335747507213e-07,-3.156497037271052e-10,-8.883357488501061e-07,-8.883357488501059e-07,-8.883357488501058e-07,-8.883357488501051e-07,8.257571180325232e-13,-4.4813783240710646e-10,-4.4813783242175184e-10
0.5125382611739016,-9.507147233660592e-06,0.5125394961317972,0.512539494371583,0.5125394961317971,-1.3248640609760592e-10,0.5125392386322221,5.449148090722159e-06,-1.3248640562426464e-10,0.512531464193554,0.5125394943715834,0.5125392386322225,-1.3864201057519204e-10,-7.381923703440337e-10,-7.059137888910279e-11,-1.3248640543453931e-10,0.5125436633559342,-1.3248640536865807e-10,-2.4889371647206836e-12,-2.668922855398418e-10,0.5125392386322226,-1.3248640571682938e-10,0.5125452055617707,0.5125314641935551,0.5125394943715834,-2.4889366835400956e-12,0.5125394961317978,0.5125394961317975,0.5125394961317974,0.5125394961317976,-1.3248640519320867e-10,0.5125392386322222,0.5125392386322221
-4.624780589133722e-06,6.0073953975784556e-15,-8.883357488360017e-07,-8.883357474931091e-07,-8.883357488360024e-07,8.257571183257111e-13,-4.481378323997382e-10,-6.046631273024374e-15,8.257571186435939e-13,-1.3248270451468083e-10,-8.883357474931088e-07,-4.4813783245382784e-10,8.374918486292183e-13,-6.257106068651086e-07,1.714831545280463e-16,8.257571184195315e-13,-1.3248640536865807e-10,-1.0976067683245437e-06,-3.156497035504181e-10,-3.156551637991408e-10,-4.481378325094551e-10,8.257571185451085e-13,-1.3248761667048272e-10,-1.3248270451411353e-10,-8.883357474931088e-07,-3.1564970357979155e-10,-8.88335748836002e-07,-8.883357488360019e-07,-8.883357488360024e-07,-8.883357488360019e-07,8.257571183196591e-13,-4.4813783249175185e-10,-4.4813783249175185e-10
0.48743360401989266,-3.1816564361795557e-09,0.48743483940816024,0.4874348393151369,0.48743483940815946,-3.156497032689302e-10,0.48743488150100095,4.0786159994233245e-10,-3.156497038218335e-10,1.6056335765039591e-10,0.48743483931513704,0.48743488150100095,-3.172360885148086e-10,0.4874341618326483,-1.2965650465218313e-10,-3.156497036230674e-10,-2.4889371647206836e-12,-3.156497035504181e-10,0.4874299100500588,0.4874392594728222,0.48743488150100045,-3.1564970351370923e-10,9.393495040765461e-10,1.6056335713073145e-10,0.4874348393151368,0.4874310076577044,0.48743483940815946,0.48743483940815946,0.48743483940815946,0.4874348394081597,-3.156497036733858e-10,0.48743488150100095,0.4874348815010003
0.487441331814361,-3.181708910135984e-09,0.4874425671656891,0.4874425670726686,0.4874425671656893,-3.156551633324848e-10,0.48744260925964816,8.084591729270947e-07,-3.1565516388062936e-10,-1.0382708672452437e-10,0.48744256707266875,0.48744260925964794,-3.172415666342637e-10,0.4874424137018535,-1.2965879980722902e-10,-3.156551639387384e-10,-2.668922855398418e-10,-3.156551637991408e-10,0.4874392594728222,0.48744641381890924,0.4874426092596477,-3.1565516356768294e-10,1.337969383521762e-06,-1.0382708687595129e-10,0.487442567072669,0.4874392594728214,0.48744256716568973,0.48744256716568896,0.48744256716568884,0.48744256716568896,-3.156551639335885e-10,0.4874426092596475,0.48744260925964716
0.999973963071741,-1.5814048948556777e-05,0.9999726969932672,0.9999726951400504,0.9999726969932673,-4.4813783259950836e-10,0.999972481590213,6.257494861260214e-06,-4.481378322382797e-10,0.5125262652372247,0.999972695140052,0.9999724815902133,-4.5587976118681113e-10,0.4874365773401892,-2.002485285611376e-10,-4.4813783240710646e-10,0.5125392386322226,-4.481378325094551e-10,0.48743488150100045,0.4874426092596477,0.9999713839831353,-4.481378325532217e-10,0.512541550236096,0.5125262652372246,0.9999726951400504,0.4874348815010008,0.999972696993267,0.9999726969932669,0.999972696993266,0.999972696993267,-4.481378324961401e-10,0.9999724815902142,0.9999724815902129
-4.624780591365708e-06,6.007478828863141e-15,-8.883357490356066e-07,-8.883357476927134e-07,-8.883357490356081e-07,8.257571181641507e-13,-4.481378323563341e-10,-6.046875606453262e-15,8.257571184820328e-13,-1.3248270471959171e-10,-8.883357476927141e-07,-4.4813783269915725e-10,8.374918484775292e-13,-6.257106066140673e-07,1.7163867268729634e-16,8.257571182579718e-13,-1.3248640571682938e-10,8.257571185451085e-13,-3.1564970351370923e-10,-3.1565516356768294e-10,-4.481378325532217e-10,-1.0976067683245437e-06,-1.3248761686708796e-10,-1.3248270477473186e-10,-8.883357476927141e-07,-3.156497034948635e-10,-8.883357490356066e-07,-8.883357490356072e-07,-8.883357490356072e-07,-8.883357490356063e-07,8.257571181580983e-13,-4.4813783259334405e-10,-4.481378323563341e-10
0.5125405727922449,-4.796074881416703e-09,0.5125418077356992,0.5125418059754816,0.5125418077356995,-1.3248761731210604e-10,0.5125415502360955,5.449199171464519e-06,-1.3248761680439165e-10,0.5125319087751179,0.5125418059754817,0.5125415502360959,-1.3864323567870532e-10,2.0365122955408662e-10,-7.059180176841601e-11,-1.3248761657581756e-10,0.5125452055617707,-1.3248761667048272e-10,9.393495040765461e-10,1.337969383521762e-06,0.512541550236096,-1.3248761686708796e-10,0.5125445525552735,0.5125319087751188,0.5125418059754814,9.393495038742544e-10,0.5125418077356997,0.5125418077356988,0.5125418077356989,0.5125418077356991,-1.324876163522208e-10,0.5125415502360954,0.5125415502360954
0.5125252877149141,-4.795932633706816e-09,0.5125265227303724,0.5125265209702005,0.5125265227303721,-1.324827051230029e-10,0.5125262652372244,2.7488986477849773e-09,-1.3248270455996674e-10,0.5125181677600635,0.5125265209702007,0.5125262652372249,-1.3863815649780982e-10,-5.751184899180412e-10,-7.058931461938593e-11,-1.324827042951288e-10,0.5125314641935551,-1.3248270451411353e-10,1.6056335713073145e-10,-1.0382708687595129e-10,0.5125262652372246,-1.3248270477473186e-10,0.5125319087751188,0.5125170701518624,0.5125265209702005,1.6056335779666804e-10,0.5125265227303726,0.5125265227303725,0.5125265227303718,0.5125265227303719,-1.324827043852429e-10,0.5125262652372249,0.5125262652372241
0.9999741766224102,-1.581405362331083e-05,0.9999729105432045,0.9999729086899878,0.9999729105432048,-8.883357475355901e-07,0.9999726951400519,6.257494163852206e-06,-8.883357475656905e-07,0.5125265209702005,0.9999729086899883,0.999972695140052,-9.036824390339636e-07,0.4874365351530245,-3.969491563172764e-07,-8.88335747507213e-07,0.5125394943715834,-8.883357474931088e-07,0.4874348393151368,0.487442567072669,0.9999726951400504,-8.883357476927141e-07,0.5125418059754814,0.5125265209702005,0.9999718110829295,0.48743483931513726,0.9999729105432055,0.9999729105432037,0.9999729105432036,0.9999729105432045,-8.88335747419686e-07,0.999972695140052,0.9999726951400507
0.4874336040198925,-3.1816564361795557e-09,0.48743483940816024,0.4874348393151368,0.48743483940816007,-3.1564970292989994e-10,0.4874348815010013,4.0786160063670007e-10,-3.1564970370343654e-10,1.6056335828113395e-10,0.4874348393151377,0.48743488150100095,-3.172360886802581e-10,0.48743416183264754,-1.2965650436059617e-10,-3.156497037271052e-10,-2.4889366835400956e-12,-3.1564970357979155e-10,0.4874310076577044,0.4874392594728214,0.4874348815010008,-3.156497034948635e-10,9.393495038742544e-10,1.6056335779666804e-10,0.48743483931513726,0.48742991005006003,0.48743483940815996,0.48743483940815907,0.48743483940815935,0.4874348394081604,-3.1564970378735526e-10,0.48743488150100106,0.48743488150100045
0.9999741784756324,-1.5814053660738885e-05,0.9999729123964219,0.9999729105432055,0.9999729123964199,-8.883357488784817e-07,0.9999726969932673,6.25749415852706e-06,-8.883357489085828e-07,0.5125265227303727,0.9999729105432043,0.999972696993267,-9.036824404156931e-07,0.48743653524604175,-2.0024856709964015e-10,-8.883357488501061e-07,0.5125394961317978,-8.88335748836002e-07,0.48743483940815946,0.48744256716568973,0.999972696993267,-8.883357490356066e-07,0.5125418077356997,0.5125265227303726,0.9999729105432055,0.48743483940815996,0.9999718147893629,0.9999729123964212,0.9999729123964204,0.9999729123964219,-8.883357487625796e-07,0.9999726969932669,0.9999726969932656
0.9999741784756327,-1.581405366073887e-05,0.999972912396421,0.9999729105432037,0.9999729123964198,-8.883357488784804e-07,0.9999726969932664,6.257494158527026e-06,-8.883357489085828e-07,0.5125265227303724,0.9999729105432039,0.9999726969932664,-9.036824404156928e-07,0.4874365352460414,-2.0024856708801756e-10,-8.883357488501059e-07,0.5125394961317975,-8.883357488360019e-07,0.48743483940815946,0.48744256716568896,0.9999726969932669,-8.883357490356072e-07,0.5125418077356988,0.5125265227303725,0.9999729105432037,0.48743483940815907,0.9999729123964212,0.9999718147893608,0.9999729123964198,0.9999729123964202,-8.883357487625793e-07,0.9999726969932664,0.9999726969932661
0.9999741784756334,-1.581405366073888e-05,0.9999729123964204,0.9999729105432036,0.9999729123964204,-8.883357488784823e-07,0.9999726969932664,6.257494158527034e-06,-8.883357489085828e-07,0.5125265227303721,0.9999729105432039,0.9999726969932673,-9.03682440415694e-07,0.4874365352460414,-2.0024856711917324e-10,-8.883357488501058e-07,0.5125394961317974,-8.883357488360024e-07,0.48743483940815946,0.48744256716568884,0.999972696993266,-8.883357490356072e-07,0.5125418077356989,0.5125265227303718,0.9999729105432036,0.48743483940815935,0.9999729123964204,0.9999729123964198,0.9999718147893595,0.9999729123964204,-8.883357487625788e-07,0.9999726969932661,0.9999726969932653
0.9999741784756314,-1.581405366073887e-05,0.9999729123964207,0.9999729105432045,0.9999729123964215,-8.883357488784807e-07,0.9999726969932664,6.257494158527026e-06,-8.883357489085833e-07,0.512526522730372,0.9999729105432049,0.9999726969932663,-9.036824404156925e-07,0.48743653524604097,-2.0024856709261666e-10,-8.883357488501051e-07,0.5125394961317976,-8.883357488360019e-07,0.4874348394081597,0.48744256716568896,0.999972696993267,-8.883357490356063e-07,0.5125418077356991,0.5125265227303719,0.9999729105432045,0.4874348394081604,0.9999729123964219,0.9999729123964202,0.9999729123964204,0.9999718147893598,-8.883357487625794e-07,0.9999726969932664,0.9999726969932663
-4.624780589216769e-06,6.007478828863141e-15,-8.883357487625788e-07,-8.88335747419686e-07,-8.883357487625803e-07,8.257571179387021e-13,-4.48137832254976e-10,-6.046806798966462e-15,8.257571182565849e-13,-1.3248270429529262e-10,-8.883357474196863e-07,-4.481378323060872e-10,8.374918482431689e-13,-6.257106071552655e-07,1.7148408470256577e-16,8.257571180325232e-13,-1.3248640519320867e-10,8.257571183196591e-13,-3.156497036733858e-10,-3.156551639335885e-10,-4.481378324961401e-10,8.257571181580983e-13,-1.324876163522208e-10,-1.324827043852429e-10,-8.88335747419686e-07,-3.1564970378735526e-10,-8.883357487625796e-07,-8.883357487625793e-07,-8.883357487625788e-07,-8.883357487625794e-07,-1.0976067683245437e-06,-4.4813783233698284e-10,-4.48137832254976e-10
0.9999739630717422,-1.5814048948556777e-05,0.9999726969932664,0.9999726951400514,0.9999726969932664,-4.4813783259950836e-10,0.999972481590213,6.257494861260268e-06,-4.48137832393674e-10,0.5125262652372249,0.999972695140052,0.9999724815902139,-4.5587976118681113e-10,0.4874365773401885,-2.002485285542202e-10,-4.4813783240710646e-10,0.5125392386322222,-4.4813783249175185e-10,0.48743488150100095,0.4874426092596475,0.9999724815902142,-4.4813783259334405e-10,0.5125415502360954,0.5125262652372249,0.999972695140052,0.48743488150100106,0.9999726969932669,0.9999726969932664,0.9999726969932661,0.9999726969932664,-4.4813783233698284e-10,0.9999713839831412,0.999972481590213
0.999973963071738,-1.5814048948556764e-05,0.9999726969932663,0.9999726951400507,0.9999726969932657,-4.4813783259950836e-10,0.9999724815902121,6.257494861260295e-06,-4.48137832393674e-10,0.5125262652372243,0.9999726951400513,0.9999724815902129,-4.5587976108701567e-10,0.4874365773401888,-2.0024852855828923e-10,-4.4813783242175184e-10,0.5125392386322221,-4.4813783249175185e-10,0.4874348815010003,0.48744260925964716,0.9999724815902129,-4.481378323563341e-10,0.5125415502360954,0.5125262652372241,0.9999726951400507,0.48743488150100045,0.9999726969932656,0.9999726969932661,0.9999726969932653,0.9999726969932663,-4.48137832254976e-10,0.999972481590213,0.999971383983139
