1.000000009184615,0.4953568758671386,7.051212537361795e-07,7.168186512831968e-07,7.050314664369624e-07,7.890546778882556e-07,7.146490464236541e-07,0.4953566188955447,6.70379792324477e-07,7.877217298944619e-07,8.098015170174065e-07,7.479365327721275e-07,7.085807197615425e-07,7.479764100510592e-07,7.085807194432228e-07,7.223201973963925e-07,0.4953571985973488,7.139657782702949e-07,1.2127660008559969e-06,6.540138509022443e-07,0.4953571985973504,7.207402111277517e-07,7.397640260805759e-07,7.949392705537178e-07,7.875709176781915e-07,6.779150522824988e-07,7.170978316744387e-07,6.728976323686405e-07,0.5046792961694633,7.290571625738683e-07,7.668577300946014e-07,7.497613978406807e-07,8.371295352014513e-07,6.36395014754088e-07,0.5046791193455391,0.49535709595620797,5.605750307495598e-07,6.961315615402114e-07,7.479764098256552e-07,9.319294548214684e-07,6.849092198856245e-07,7.128128342592099e-07,7.335409769900481e-07,6.845275357750752e-07,0.504679786382565,6.982946794569673e-07,1.0000353136591336,8.209949293018423e-07,7.085807201187564e-07,7.302506694622673e-07,7.783861430806639e-07,0.5046798378117704,8.721077277684497e-07,7.106415226998395e-07,0.5046799617678467,7.085807193604266e-07,0.4953571985973496,9.021937539141169e-07,7.091788963918238e-07,0.5046798597967809,0.4953568479915833,0.5046798052958653,6.452521863499052e-07,6.570931494315933e-07,7.796810104250633e-07,7.536292525275913e-07,7.111367776537524e-07,7.365403929191486e-07,7.317303887171176e-07,7.137921716031229e-07
0.4953568758671386,0.49536495268562797,-4.727079682879797e-11,-4.3315615555212475e-11,-7.00511245941095e-11,-2.0821683834690493e-11,-4.381910236911324e-11,0.49536645721129774,-4.780036946896363e-11,-4.9295630784892765e-08,-3.690207647316795e-08,-3.401195920725182e-11,-4.5220153864971326e-11,-4.2276253697915964e-11,-4.5220153540406857e-11,-3.2941810750038585e-11,0.49536707037429306,-4.3611742409741825e-11,6.700843897982537e-11,-5.2916776815323085e-11,0.495367070374293,-4.478273103089359e-11,-4.0558649848156726e-11,-2.2924839404202073e-11,-2.448895438904913e-11,-4.5919840125866903e-11,-3.715855156193123e-11,-4.77969879956195e-11,2.721314355411379e-12,-3.989870313240799e-11,-2.2818279470778175e-11,-3.5609566640617995e-11,-1.3834533354512156e-11,-4.8933217379299154e-11,-5.539360314614888e-12,0.49536696282581216,-4.973554886118343e-11,-4.8610965220476373e-11,-4.2276253609786216e-11,9.833664894404483e-12,-4.7959322424857835e-11,-4.625368629111778e-11,-3.7080562051673906e-11,-3.8600861018763494e-11,-1.953034072407762e-11,-4.7683960263703036e-11,0.4953666615612535,-1.9041051555341345e-11,-4.522015371395452e-11,-4.07681409097169e-11,-2.4663042541654978e-11,-1.942769799803591e-11,2.652980044819457e-12,-1.368952507314111e-07,-3.461344767666468e-11,-4.5220153771083464e-11,0.4953670703742934,-5.871748248487712e-13,-4.524613952167214e-11,-2.0732934437151657e-11,0.4953667052896493,-2.814148757788482e-11,-4.715075175552928e-11,-5.142911919882587e-11,-7.776963973119616e-08,-3.500363166618852e-11,-4.484764187425521e-11,-3.752758970973995e-11,-3.8917091604080916e-11,-4.345760704990338e-11
7.051212537361795e-07,-4.727079682879797e-11,-1.7741666437698239e-06,2.17060556285867e-17,4.834905912550544e-16,8.17326424267967e-16,1.0799435148974378e-16,-4.727083824364039e-11,-4.219904623150407e-18,8.699538641700046e-16,9.342665338438038e-16,-2.022097213753767e-17,1.0804626293742154e-17,-4.601950792018246e-17,1.0804626293742154e-17,3.819792640637887e-17,-4.7271050827407726e-11,-7.47650986753096e-18,1.2537226562389908e-15,3.5577499158381277e-17,-4.7271050774306925e-11,9.10221189456639e-17,2.0711212371683603e-16,-3.406299612069562e-17,-3.3789408781987316e-17,-2.0032991372797037e-18,-3.078839793362618e-17,1.2547980268583983e-17,-4.5259978412039085e-11,2.552405141861241e-17,-1.0390545647712144e-16,9.662753044235457e-17,-7.795976545630651e-17,3.6410209465296935e-17,-4.52600415659183e-11,-4.7271043830355884e-11,-2.822001041478648e-17,7.788560215605197e-17,-4.601950792018246e-17,-3.905500705178512e-17,-2.6114698542570814e-17,7.38085941821258e-17,5.978744287223267e-17,-1.0363016873567849e-17,-4.52600337092805e-11,1.3766517505337704e-17,-1.843216279627983e-07,1.8863893363833688e-13,1.0804626293742154e-17,1.5326042246900947e-17,-2.675357272336083e-17,-4.526003349090164e-11,6.744164655167351e-14,7.028687085131466e-16,-4.5260048081320865e-11,1.0648165110084574e-17,-4.7271050774306925e-11,5.109315978867345e-17,2.2115301335582806e-17,-4.526004387678685e-11,-4.727089323421255e-11,-4.5260016786418706e-11,3.6903339847861755e-17,5.884998101531412e-17,9.685717778752427e-16,1.934993888212757e-17,2.3317375522267427e-17,1.6145339909687545e-16,5.716268785410066e-18,1.0596984516239272e-17
7.168186512831968e-07,-4.3315615555212475e-11,2.17060556285867e-17,-1.7741666187433529e-06,5.054021302740589e-16,8.442199567673669e-16,1.171577398581246e-16,-4.3315657446009866e-11,1.5171174739934605e-18,8.98419468070047e-16,9.654702020659406e-16,-1.3062628113819445e-17,1.6962926706111098e-17,-3.061519710486229e-17,1.6917912711260487e-17,5.176001009161188e-17,-4.3315870518432223e-11,-8.473444785391536e-19,1.3381198589606653e-15,4.3356807661835325e-17,-4.3315870518432223e-11,1.0025413770623814e-16,2.210299892877656e-16,-2.5054749877257224e-17,-4.7902504817284435e-14,3.914228431003584e-18,-1.7042860493864374e-17,1.834866581055595e-17,-4.334306244916844e-11,3.172069349795953e-17,-8.220571766104069e-17,1.0889002624990356e-16,-5.350159453118351e-17,4.5148681354320465e-17,-4.334310891632665e-11,-4.331586360523697e-11,-1.8630975181164576e-17,8.611726682049335e-17,-3.070439461814334e-17,-2.52462071880154e-17,-1.54826985595707e-17,8.310794468896871e-17,6.640303964771882e-17,-3.498627626196555e-18,-4.3343119667487547e-11,1.955648858475108e-17,-1.7262397923566667e-07,1.1666002437797684e-16,1.696937761223389e-17,2.2023653774883754e-17,-1.8000107928862976e-17,-4.3343119592849567e-11,4.7174044022313986e-17,7.289235664050051e-16,-4.3343130898749545e-11,1.696937761223389e-17,-4.3315870518432223e-11,7.421365778158863e-17,2.783427246450677e-17,-4.334313009301155e-11,-4.331571262428751e-11,-4.334309851095068e-11,4.584662949456646e-17,6.698232808867967e-17,1.0018143172712613e-15,5.369089141891098e-14,2.9528845640078325e-17,1.7530933402626784e-16,1.2538820210605884e-17,1.6610937510457107e-17
7.050314664369624e-07,-7.00511245941095e-11,4.834905912550544e-16,5.054021302740589e-16,-1.774162018215266e-06,6.4737205167886115e-12,8.466522877191044e-16,-1.395444179513014e-07,4.3405692778514044e-16,6.865966725566497e-12,7.419535291602661e-12,4.512757525315589e-16,4.672582630117333e-16,8.356029810907933e-16,4.672611667882528e-16,9.513099142958747e-16,-7.005184510487418e-11,4.563895462307213e-16,1.4319077847423998e-11,6.262100639872188e-16,-7.005184509102713e-11,8.026105033440746e-16,2.569070512956128e-12,5.262196301633688e-16,1.1307405060538378e-12,4.464998763331354e-16,8.102338321950327e-16,4.714169761674756e-16,-2.253231494493674e-11,5.061378043837382e-16,1.0661273619239177e-15,9.66316202647469e-16,1.2389137546282185e-15,7.060627825402453e-16,-2.2531538207940977e-11,-1.3954571224152518e-07,6.463072065069227e-16,7.252097788245658e-16,8.35488217750921e-16,7.598420938785799e-16,6.460061719508675e-16,7.696119260333687e-16,5.992968543622615e-16,4.975265241163957e-16,-2.2532561507333632e-11,4.634841519712154e-16,-1.8441130144157784e-07,1.4606518916910082e-15,4.672504593683851e-16,5.154692986303618e-16,5.288919199829348e-16,-2.2532573406496923e-11,8.920469752753035e-16,3.018661477952067e-15,-2.2532431161374352e-11,4.672666743430896e-16,-7.005184509102713e-11,1.4274276120129356e-15,4.792725079038258e-16,-2.253260414698249e-11,-1.3954484283379597e-07,-2.2532293546292854e-11,7.150735690945542e-16,6.996234025004938e-16,7.850906729745491e-12,5.584103135014388e-16,4.982750652386647e-16,1.1979866536245743e-15,4.897316306286647e-16,4.710994815384317e-16
7.890546778882556e-07,-2.0821683834690493e-11,8.17326424267967e-16,8.442199567673669e-16,6.4737205167886115e-12,-1.7741583139669846e-06,1.2886270233211775e-15,-2.0821632242295597e-11,7.587476080431268e-16,8.873970793862453e-12,9.61787866294845e-12,8.324012850146447e-16,7.974616701279595e-16,1.5937219679260833e-15,7.974616701279607e-16,1.5964602127794306e-15,-2.082246457336701e-11,8.163174366183575e-16,2.0733000512292727e-11,1.0284340971191948e-15,-2.082246455582259e-11,1.2425235093527793e-15,3.7641176860921824e-12,9.799971404438582e-16,1.0605458383573733e-15,7.763521644713357e-16,1.4821884779016643e-15,7.915636751259154e-16,-2.9585682391458695e-11,8.362174824006785e-16,2.1033071071472525e-15,1.5304438366734402e-15,2.377163577303027e-15,1.155555169520392e-15,-2.958410733611268e-11,-2.082238401408306e-11,1.163261499665923e-15,1.1306693459538082e-15,1.593609063480003e-15,1.3887531064235521e-15,1.1921883695706982e-15,1.2191533072574565e-15,9.355065587995534e-16,8.695291374561994e-16,-2.9586092223689914e-11,7.857294112850212e-16,-1.0038639218003963e-07,2.4414218264785776e-15,7.973851518690938e-16,8.75368970669669e-16,9.717111339384734e-16,-2.958612006638338e-11,1.4819485150938571e-15,8.02840134035406e-12,-2.9585853433188524e-11,7.973851518690938e-16,-2.082246455582259e-11,2.446434674264534e-15,7.957768397543426e-16,-2.958615803088509e-11,-2.0821903205998047e-11,-2.958564248976931e-11,1.1721082257324287e-15,1.1151318979145534e-15,1.029544485465915e-11,9.437446542819987e-16,8.276373476316281e-16,1.8208085305911427e-15,8.486402249356234e-16,8.049502952227207e-16
7.146490464236541e-07,-4.381910236911324e-11,1.0799435148974378e-16,1.171577398581246e-16,8.466522877191044e-16,1.2886270233211775e-15,-1.7741661742672256e-06,-4.3819146841449835e-11,8.298438334198616e-17,1.3706735101164664e-15,1.4744045233186215e-15,7.095277291539617e-17,1.0137554461251347e-16,1.1244994129972552e-16,1.0137554461251347e-16,2.0746792636620158e-16,-4.3819445394112393e-11,8.3020534831322e-17,4.6469737618609106e-12,1.502211126071876e-16,-4.3819445394112393e-11,2.2875114386581515e-16,4.139948617380168e-16,7.206032864874801e-17,8.187215538906007e-17,8.716512676157881e-17,1.2183603821150404e-16,1.0439065545550713e-16,-4.393001214163157e-11,1.2129631465584483e-16,9.770931346328217e-17,2.607938350282238e-16,1.4859456256271736e-16,1.6547312799116702e-16,-4.392994347213058e-11,-4.3819432128456967e-11,9.887469311595751e-17,4.062199838282602e-13,1.1254610634011613e-16,1.0822583030601843e-16,9.769952099901906e-17,4.1330593195082494e-13,1.6774464318233946e-16,8.940449445893443e-17,-4.393010382323714e-11,1.0307144067541349e-16,-1.747936294626055e-07,3.4314324551275387e-16,1.0137554461251347e-16,1.1333637345901642e-16,7.909029859190599e-17,-4.393010571856935e-11,1.9593946464402408e-16,1.1559090658683706e-15,-4.393009628562683e-11,1.0137554461251347e-16,-4.381944537334079e-11,2.971320068408505e-16,1.1344831702486186e-16,-4.3930120227601636e-11,-4.381922803539091e-11,-4.39300453790957e-11,1.673468777087381e-16,1.8312142038668078e-16,1.5492757977801456e-15,1.244645171330392e-16,1.1769637760605309e-16,3.5715293592249237e-16,1.0043391312099292e-16,1.0172192623047786e-16
0.4953566188955447,0.49536645721129774,-4.727083824364039e-11,-4.3315657446009866e-11,-1.395444179513014e-07,-2.0821632242295597e-11,-4.3819146841449835e-11,0.4953644134039143,-4.780041172986131e-11,-2.4746291032696814e-11,-1.8524752274711952e-11,-3.401203778458134e-11,-4.522019640732254e-11,-8.421626551360298e-08,-4.522019607491888e-11,-3.2941953887879004e-11,0.4953668007331128,-4.3611804547873495e-11,6.700781679634657e-11,-5.2916829923789804e-11,0.49536680073311323,-4.47827814171981e-11,-4.055871323057707e-11,-2.2924948702266857e-11,-4.878311264139848e-08,-4.591988362619243e-11,-3.715873133956771e-11,-4.779702113453427e-11,9.079350535872223e-12,-3.989874094060485e-11,-2.281863191922487e-11,-3.560966474350586e-11,-1.38349207083408e-11,-4.8933282794522075e-11,8.183483533602299e-13,0.49536669318466503,-4.973565866590745e-11,-4.8611007094658213e-11,-8.421626532504013e-08,9.833484627840773e-12,-4.7959456107411236e-11,-4.625374698312879e-11,-3.708058926411558e-11,-3.860092030714353e-11,-1.3172239550229231e-11,-4.768399819744711e-11,0.49536640458412495,-3.793095927725247e-08,-4.522019621896815e-11,-4.076819420366541e-11,-2.4663144943852775e-11,-1.306958999630209e-11,2.6528463557318284e-12,-1.3689518483260616e-07,-2.8255380382460714e-11,-4.5220196268666276e-11,0.4953668007331135,-5.874677620096476e-13,-4.5246172101188855e-11,-1.4374826434196106e-11,0.49536643564870636,-2.1783443489203812e-11,-4.71508209412997e-11,-5.1429168520016496e-11,-7.776953586640668e-08,-3.50036943617543e-11,-4.4847678867924295e-11,-3.752768309311376e-11,-3.8917149073670866e-11,-4.345765181808979e-11
6.70379792324477e-07,-4.780036946896363e-11,-4.219904623150407e-18,1.5171174739934605e-18,4.3405692778514044e-16,7.587476080431268e-16,8.298438334198616e-17,-4.780041172986131e-11,-1.7741667219929396e-06,8.083831371749208e-16,8.680802334456334e-16,-4.060368029068507e-17,-8.759709116248652e-18,-7.585626908146516e-17,-8.759709116248652e-18,3.948483660406812e-18,-4.780061428718962e-11,-2.720567128592122e-17,1.1053821330398012e-15,1.2513048034797555e-17,-4.780061428718962e-11,6.628906249420286e-17,1.748049768389237e-16,-5.959302212180871e-17,-1.204060773843435e-13,-2.2735142880780275e-17,-6.378394318254145e-17,-8.311104013233108e-18,-6.217075819313202e-11,5.1981341162709635e-18,-1.4492164671444644e-16,6.820523812428902e-17,-1.2054283806537857e-16,8.960147198198092e-18,-1.2384656543703625e-07,-4.7800608212161624e-11,-5.87949754963192e-17,5.4817465160547064e-17,-7.584437353020615e-17,-7.536661905164168e-17,-5.19210847433643e-17,4.9487857435970904e-17,3.839590129317712e-17,-3.539436324737194e-17,-6.217082436766719e-11,-5.373113401801765e-18,-2.1906380433356942e-07,5.4337305974867543e-17,-8.759709116248652e-18,-5.5768383688532265e-18,-5.1697478045435075e-17,-6.217082500497697e-11,-2.1298784983141995e-18,6.449651283727857e-16,-6.217084765383316e-11,-8.744726246902623e-18,-4.7800614286121475e-11,6.909471884738228e-18,2.4033864112638574e-18,-6.217083568932448e-11,-4.7800463268440195e-11,-6.217081376461749e-11,9.189972258393058e-18,3.4763337872810185e-17,8.973153656035906e-16,-2.421979344982601e-18,3.486735530553617e-18,1.301551173578588e-16,-1.466513798296463e-17,-8.998519124618576e-18
7.877217298944619e-07,-4.9295630784892765e-08,8.699538641700046e-16,8.98419468070047e-16,6.865966725566497e-12,8.873970793862453e-12,1.3706735101164664e-15,-2.4746291032696814e-11,8.083831371749208e-16,-1.7741572715906346e-06,1.020029330511555e-11,8.881687933515439e-16,8.488497303893887e-16,1.7059699124856765e-15,8.488423318357476e-16,1.70599609404391e-15,-2.4747176449653746e-11,8.702641067670545e-16,2.2109670946464305e-11,1.0958574965158212e-15,-2.4747176445149163e-11,1.3220773021196743e-15,4.0044462311495816e-12,1.047599056282869e-15,1.1324262674522838e-15,8.27111640418564e-16,1.5874899918584392e-15,8.426042890137218e-16,-2.6331056927856655e-11,8.894566746413598e-16,2.259193663092808e-15,1.6310316248238711e-15,2.5514669829749493e-15,1.232441951196803e-15,-2.632936078628142e-11,-2.4747089507591937e-11,1.2450507445213317e-15,1.2026939884670185e-15,1.7059699124856765e-15,1.4871122525832698e-15,1.2754726789325104e-15,1.2981885666930473e-15,9.939259463913107e-16,9.27848182007558e-16,-2.633149053593716e-11,8.361925303158891e-16,-1.0171934977223785e-07,2.6076912931596125e-15,8.488423318357476e-16,9.321775475882908e-16,1.038364780262241e-15,-2.633152042466437e-11,1.5828023611461178e-15,8.509696210255375e-12,-2.6331231951173927e-11,8.488423318357476e-16,-2.4747176445149163e-11,2.6178308849503554e-15,8.463634199585788e-16,-2.6331560386209423e-11,-2.47465804263536e-11,-2.6331007948903178e-11,1.2502100690472184e-15,1.1874021574805429e-15,1.0911374097850401e-11,1.0054227982778533e-15,8.80722965498518e-16,1.939073997161625e-15,9.039914098617946e-16,8.568970237329923e-16
8.098015170174065e-07,-3.690207647316795e-08,9.342665338438038e-16,9.654702020659406e-16,7.419535291602661e-12,9.61787866294845e-12,1.4744045233186215e-15,-1.8524752274711952e-11,8.680802334456334e-16,1.020029330511555e-11,-1.7741556308541778e-06,9.478656614009727e-16,9.114126624200447e-16,1.8005382988969466e-15,9.114126624200447e-16,1.8188391962394314e-15,-1.8525701954613537e-11,9.306507076405611e-16,2.3651345782115216e-11,1.1751413672022345e-15,-1.8525701950849477e-11,1.4206766521262222e-15,4.305756452189779e-12,1.1162808406624074e-15,1.2078770527163287e-15,8.882516053129663e-16,1.6823122229290487e-15,9.070241581671751e-16,-2.146931346016642e-11,9.573649798259912e-16,2.371887211566766e-15,1.7452107924843861e-15,2.680574291883146e-15,1.3218170804631205e-15,-2.1467556458571974e-11,-1.8525612426230734e-11,1.3266562632105426e-15,1.292847335396533e-15,1.8005137554841486e-15,1.582379181440323e-15,1.3523629120699864e-15,1.3923199792212954e-15,1.0727793433730505e-15,9.95927200868425e-16,-2.1469766038650798e-11,8.982663666929321e-16,-7.96390867720924e-08,2.7702868015203764e-15,9.114126624200447e-16,9.999716749162013e-16,1.1074127407137561e-15,-2.1469796245961906e-11,1.6942474549028351e-15,9.21536318049296e-12,-2.1469494474271756e-11,9.11390193762636e-16,-1.8525702027144927e-11,2.775250770416385e-15,9.109261885877809e-16,-2.146983946073343e-11,-1.852505891323921e-11,-2.1469258415068158e-11,1.3402867359057077e-15,1.2749826971740969e-15,1.1825084560991216e-11,1.0778722095204849e-15,9.469230520010288e-16,4.137392540336554e-12,9.687707062664553e-16,9.198575230072344e-16
7.479365327721275e-07,-3.401195920725182e-11,-2.022097213753767e-17,-1.3062628113819445e-17,4.512757525315589e-16,8.324012850146447e-16,7.095277291539617e-17,-3.401203778458134e-11,-4.060368029068507e-17,8.881687933515439e-16,9.478656614009727e-16,-1.7741668149385707e-06,-2.469738140813178e-17,-1.7308600061076917e-16,-2.472843911890899e-17,-4.70122175439671e-17,-3.401223671795694e-11,-5.275421449009238e-17,9.378660438619543e-16,-8.866994656168104e-18,-3.401223671795694e-11,5.0889333193862204e-17,1.6045688460169808e-16,-1.9270442084364573e-13,-9.964278953325815e-17,-3.8313243559243623e-17,-1.361595204832288e-16,-1.897887161001265e-17,-3.702465244209017e-11,-5.745640434176281e-18,-2.955166462848766e-16,6.772369370111798e-14,-2.8483580354583153e-16,-1.3291502379818428e-17,-3.7024893854265284e-11,-3.401223959891054e-11,-1.0164807405593755e-16,4.088479224350764e-17,-1.7308600061076917e-16,-2.5394889312608793e-13,-1.109538837243292e-16,2.759833973173056e-17,3.4895211849020965e-17,-5.252824785431935e-17,-3.7024675934608144e-11,-2.0230207396471547e-17,-1.415054277574341e-07,-4.303509888294914e-17,-2.472843911890899e-17,-2.4405111372070534e-17,-1.7218554111129049e-13,-3.702467132616375e-11,-3.317774009398704e-17,6.957540148378446e-16,-3.7024711548908625e-11,-2.4711446209490985e-17,-3.401223671795694e-11,-2.0314815781686796e-13,-8.26488364142626e-18,-3.7024681828408536e-11,-3.401207998407697e-11,-3.702469195477788e-11,-1.4018596864477616e-17,1.676429118141449e-17,9.788325567596563e-16,-2.333547601969386e-17,-9.302864106450113e-18,9.995038642852163e-17,-3.535938861532226e-17,-2.5529557348561483e-17
7.085807197615425e-07,-4.5220153864971326e-11,1.0804626293742154e-17,1.6962926706111098e-17,4.672582630117333e-16,7.974616701279595e-16,1.0137554461251347e-16,-4.522019640732254e-11,-8.759709116248652e-18,8.488497303893887e-16,9.114126624200447e-16,-2.469738140813178e-17,-1.7741666619470925e-06,-5.31159006788322e-17,6.157330951345429e-18,3.042535813021662e-17,-4.522040253135492e-11,-1.2060523491118213e-17,1.2102008964726996e-15,2.9970755238654216e-17,-4.522040253135492e-11,8.477802737411527e-17,1.9797319632745333e-16,-3.902986763855035e-17,-3.9170320666404826e-17,-6.537820279928223e-18,-3.7794483535947105e-17,7.937327902728975e-18,-4.55738787204606e-11,2.0631376513724743e-17,-1.1268714023649324e-16,8.919671303244437e-17,-8.749166076335975e-17,3.021687162015765e-17,-4.5573946983841215e-11,-4.522039638112883e-11,-3.442431923443185e-17,7.181817892090052e-17,-5.3141582039008716e-17,-4.562199734550878e-17,-3.20471149371092e-17,6.748239345339148e-17,5.454871115644897e-17,-1.5286678894816128e-17,-4.557393300380388e-11,9.093958523993988e-18,-1.8086208671645918e-07,8.40817285687579e-17,6.035838353061866e-18,1.0522558633638344e-17,-3.179108154006986e-17,-4.5573932726199843e-11,2.685381078634409e-17,6.829942755815537e-16,-4.5573948342930084e-11,1.2263182213899498e-14,-4.5220402627317685e-11,4.0746026929255434e-17,1.731872785812288e-17,-4.557394290485833e-11,-4.522024923252126e-11,-4.557391790270434e-11,3.07748990004782e-17,5.2721916960762434e-17,9.435778005616367e-16,1.4321483292441048e-17,1.8819456768559592e-17,1.5258472709632732e-16,1.0576053382940137e-18,6.041004837063561e-18
7.479764100510592e-07,-4.2276253697915964e-11,-4.601950792018246e-17,-3.061519710486229e-17,8.356029810907933e-16,1.5937219679260833e-15,1.1244994129972552e-16,-8.421626551360298e-08,-7.585626908146516e-17,1.7059699124856765e-15,1.8005382988969466e-15,-1.7308600061076917e-16,-5.31159006788322e-17,-1.774167745399494e-06,-5.316769539009515e-17,-1.9863861971696217e-16,-4.2276823721973976e-11,-1.2745754221699108e-16,1.967658576368547e-12,-4.0112936969610715e-17,-4.2276823726767726e-11,6.872491108392107e-17,2.470036023562187e-16,-2.409579112238382e-16,-2.465232776082814e-16,-7.175370665994842e-17,-4.0696468262504516e-16,-2.5709327988677708e-17,-2.8740078919767396e-11,-8.941859129803588e-18,-1.8053580220293862e-12,-1.7637370668456058e-17,-1.8656169923187953e-12,-4.870206259667311e-17,-2.8740954347323663e-11,-4.227684867371119e-11,-2.4932111524221715e-16,5.874531619615087e-17,-1.0735048739831357e-12,-3.475893460649238e-16,-3.2219811589137617e-16,1.2331426633603992e-17,7.880256796376302e-17,-1.0019399281931204e-16,-2.8740031944071218e-11,-4.22530462488214e-17,-1.41465521160428e-07,-6.67923185235597e-13,-5.3141582039008716e-17,-6.352249319905958e-17,-2.1552890863420345e-16,-2.874001302895446e-11,-1.268861098317633e-16,1.3298885991966503e-15,-2.874014387889714e-11,-5.3141582039008716e-17,-4.2276823726767726e-11,-4.773186098073623e-16,-1.1057672903687872e-17,-2.874003215142142e-11,-4.227652849315536e-11,-2.874014180375969e-11,-5.4279337682438555e-17,1.0899557726320445e-17,1.8750268058637954e-15,-6.916919125159539e-17,-1.877487891414047e-17,1.0129345675784922e-16,-8.742307347054308e-17,-5.65134850543022e-17
7.085807194432228e-07,-4.5220153540406857e-11,1.0804626293742154e-17,1.6917912711260487e-17,4.672611667882528e-16,7.974616701279607e-16,1.0137554461251347e-16,-4.522019607491888e-11,-8.759709116248652e-18,8.488423318357476e-16,9.114126624200447e-16,-2.472843911890899e-17,6.157330951345429e-18,-5.316769539009515e-17,-1.7741666619470925e-06,3.042535813021662e-17,-4.522040214490094e-11,-1.1999759385202623e-17,1.2101015647767423e-15,3.0064398471085733e-17,-4.522040218624368e-11,8.468557585090495e-17,1.9797685070935222e-16,-3.900799333572265e-17,-3.9170320666404826e-17,-6.5090858049881425e-18,-3.7794483535947105e-17,7.9921776409241e-18,-4.557387835097672e-11,2.0712243402209726e-17,-1.1268714023649324e-16,8.919671303244437e-17,-8.749166076335975e-17,3.023791546218129e-17,-4.557394666877368e-11,-4.5220396143212664e-11,-3.437446247059892e-17,7.192265253094067e-17,-5.3141582039008716e-17,-4.562199734550878e-17,-3.20471149371092e-17,6.73872698352477e-17,5.455911396684552e-17,-1.5286678894816128e-17,-4.557393269100089e-11,9.171056906294832e-18,-1.808620852954096e-07,8.40817285687579e-17,1.2263180932623644e-14,1.0522558633638344e-17,-3.179163210603136e-17,-4.557393242447136e-11,2.679340983956699e-17,6.829935749368261e-16,-4.557394808041185e-11,6.035838353061866e-18,-4.522040214490094e-11,4.0780151959597946e-17,1.72362834585427e-17,-4.5573942420569344e-11,-4.522024887090366e-11,-4.55739174770256e-11,3.058836663461805e-17,5.275038194223048e-17,9.436122117423582e-16,1.4321483292441048e-17,1.884255851070566e-17,1.5258472709632732e-16,9.368444201227997e-19,6.041004837063561e-18
7.223201973963925e-07,-3.2941810750038585e-11,3.819792640637887e-17,5.176001009161188e-17,9.513099142958747e-16,1.5964602127794306e-15,2.0746792636620158e-16,-3.2941953887879004e-11,3.948483660406812e-18,1.70599609404391e-15,1.8188391962394314e-15,-4.70122175439671e-17,3.042535813021662e-17,-1.9863861971696217e-16,3.042535813021662e-17,-1.7741666355774807e-06,-3.294229989106567e-11,-1.757491045867837e-17,3.879835924010441e-12,1.277949442883021e-13,-3.2942299972143557e-11,1.714925996923509e-16,3.770929591959457e-16,-8.340063989159924e-17,-7.766207179714574e-17,8.805682831794321e-18,-2.766139054542207e-13,4.2293469218842454e-17,-5.095559204713751e-11,1.2935193843216809e-13,-3.994578335899181e-16,2.983894300703164e-13,-3.7693781104507895e-16,6.443486624948027e-17,-1.0150616009232272e-07,-3.294230656979643e-11,-8.364098003545201e-17,1.5087676539956321e-16,-1.9867442165606903e-16,-1.1741151541996015e-16,-1.0788201032744165e-16,1.3026088687538194e-16,1.3797454669021278e-16,-8.653865672128977e-18,-5.095563417649531e-11,3.702020962682158e-17,-1.6712223479075362e-07,4.9495557549918953e-17,3.044379022202384e-17,3.33037353671382e-17,-6.646973905198113e-17,-5.0955626089025675e-11,9.200073065858287e-14,1.3911050223272146e-15,-5.095568783283774e-11,3.044180681403988e-17,-3.2942299972143557e-11,-5.577540583511938e-17,1.1695918273553221e-13,-1.0150549488392581e-07,-3.2942026201465614e-11,-5.095565204691997e-11,6.369349592405333e-17,1.1067435431292837e-16,1.91133907909345e-15,3.77781292290092e-17,5.78865819527417e-17,2.6967531927888684e-16,1.359569032028652e-17,2.9365999969319766e-17
0.4953571985973488,0.49536707037429306,-4.7271050827407726e-11,-4.3315870518432223e-11,-7.005184510487418e-11,-2.082246457336701e-11,-4.3819445394112393e-11,0.4953668007331128,-4.780061428718962e-11,-2.4747176449653746e-11,-1.8525701954613537e-11,-3.401223671795694e-11,-4.522040253135492e-11,-4.2276823721973976e-11,-4.522040214490094e-11,-3.294229989106567e-11,0.4953656397303325,-4.3612011882796886e-11,6.700589846593612e-11,-5.291708976196873e-11,0.4953674138968329,-4.478307242425431e-11,-4.0559123645963523e-11,-2.2925164955657884e-11,-2.448930203999738e-11,-4.592008744172715e-11,-3.7159060105366826e-11,-4.779723015236288e-11,-7.709231136135693e-12,-3.989894863736964e-11,-2.2819059095201168e-11,-3.5609998917791365e-11,-1.3835387907119447e-11,-4.893356353897349e-11,-1.5970532085314492e-11,0.49536730634822107,-4.973594203163515e-11,-4.8611280930167626e-11,-4.2276823634511245e-11,9.83322591297704e-12,-4.795974044844464e-11,-4.625403515352412e-11,-3.7080812684750405e-11,-3.8601134808414964e-11,-2.996079337374169e-11,-4.7684204889499916e-11,0.49536698429840903,-1.9041788640389538e-11,-4.5220402304154433e-11,-4.0768410024610806e-11,-2.4663361148794338e-11,-2.985813997267579e-11,2.6525615871584405e-12,-6.872208010337826e-11,-4.5044005765629747e-11,-4.522040240975278e-11,0.49536741389683225,-5.87935721709476e-13,-4.524637821925172e-11,-3.116337181529558e-11,0.49536704881176113,-3.8572093551056604e-11,-4.715110271455581e-11,-5.142944298463279e-11,-3.904125538436178e-11,-3.500391677960939e-11,-4.484789064543006e-11,-3.752807513620325e-11,-3.8917357470355336e-11,-4.345785721150489e-11
7.139657782702949e-07,-4.3611742409741825e-11,-7.47650986753096e-18,-8.473444785391536e-19,4.563895462307213e-16,8.163174366183575e-16,8.3020534831322e-17,-4.3611804547873495e-11,-2.720567128592122e-17,8.702641067670545e-16,9.306507076405611e-16,-5.275421449009238e-17,-1.2060523491118213e-17,-1.2745754221699108e-16,-1.1999759385202623e-17,-1.757491045867837e-17,-4.3612011882796886e-11,-1.774166746851728e-06,1.0294178892039382e-15,7.10311401292527e-18,-4.361201194344775e-11,6.411467052767992e-17,1.7447136394242487e-16,-7.485550815734645e-17,-7.668951395146553e-17,-2.4977349136801034e-17,-9.865370761593556e-17,-7.722516652538088e-18,-4.447866527025188e-11,5.024413545866437e-18,-2.266562873310628e-16,5.4994935705654895e-17,-2.1151012608130504e-16,4.363956768919639e-18,-4.447884050652043e-11,-4.361201036694619e-11,-7.43320631981199e-17,5.345584324031906e-17,-1.2749294387762284e-16,-1.955449470355778e-13,-7.999776551978509e-17,4.338796873304117e-17,4.290893274076578e-17,-3.756499353581169e-17,-4.447870399261479e-11,-7.746632479464057e-18,-1.7547691246539447e-07,3.8626520509971464e-18,-1.211873509525927e-17,-1.0426088854507834e-17,-6.544903863013301e-17,-4.4478701428786555e-11,-1.161949553815785e-17,6.892094510789967e-16,-4.4478733351104595e-11,-1.2060523491118213e-17,-4.361201188279658e-11,-9.959051213664195e-14,2.441019553648855e-18,-4.447871218276166e-11,-4.361185301356389e-11,-4.447870861853044e-11,3.941576741865407e-18,3.173608849877896e-17,9.623061804647177e-16,-8.506474418956082e-18,2.1639193152802486e-18,2.384547626954982e-13,-2.0948802714605514e-17,-1.2684538530703227e-17
1.2127660008559969e-06,6.700843897982537e-11,1.2537226562389908e-15,1.3381198589606653e-15,1.4319077847423998e-11,2.0733000512292727e-11,4.6469737618609106e-12,6.700781679634657e-11,1.1053821330398012e-15,2.2109670946464305e-11,2.3651345782115216e-11,9.378660438619543e-16,1.2102008964726996e-15,1.967658576368547e-12,1.2101015647767423e-15,3.879835924010441e-12,6.700589846593612e-11,1.0294178892039382e-15,-1.774132089121978e-06,3.105101813184316e-12,6.700589846436376e-11,4.2828603677516946e-12,7.0274886076591795e-12,9.959221264061943e-16,1.1321784298822892e-15,1.1442088383258085e-15,2.417304205921959e-12,1.2905800137205313e-15,9.528388933346159e-11,1.3950799979969348e-15,1.3488227595005507e-12,4.597803286531462e-12,1.903128825264357e-12,3.468848831461654e-12,1.898082361145974e-07,6.700590534454729e-11,2.428115813708738e-12,3.9088110355557725e-12,1.967658575212218e-12,1.3457027208111552e-15,2.0072746957389577e-12,3.901733836758184e-12,1.7743411238603022e-15,1.2299616138787802e-15,9.528364341832864e-11,1.2181621066107738e-15,3.233341973751517e-07,5.4321984794521875e-12,1.2102066858448507e-15,1.293036245186831e-15,1.0483493829023087e-15,9.528367456399236e-11,2.0633954926803797e-15,1.9138498919888893e-11,1.8980864560724288e-07,1.2101015647767821e-15,6.700589850561942e-11,4.6872376518118095e-12,1.3255634420139632e-15,9.528357854715615e-11,6.700736743600546e-11,1.8980910835694992e-07,3.4828497009949465e-12,3.61929214005018e-12,2.5271126847580257e-11,1.379444031875789e-15,1.3475769904145914e-15,6.0173006258329674e-12,1.1923103349702696e-15,1.2123489398140488e-15
6.540138509022443e-07,-5.2916776815323085e-11,3.5577499158381277e-17,4.3356807661835325e-17,6.262100639872188e-16,1.0284340971191948e-15,1.502211126071876e-16,-5.2916829923789804e-11,1.2513048034797555e-17,1.0958574965158212e-15,1.1751413672022345e-15,-8.866994656168104e-18,2.9970755238654216e-17,-4.0112936969610715e-17,3.0064398471085733e-17,1.277949442883021e-13,-5.291708976196873e-11,7.10311401292527e-18,3.105101813184316e-12,-1.7741665513521391e-06,-5.291708976196873e-11,1.2882851857509658e-16,2.723606980098564e-16,-2.5832273531286378e-17,-2.2640021496773452e-17,1.526668480918631e-17,-2.1484580562905804e-17,3.3334421313255985e-17,-6.527076872819271e-11,4.84098593490495e-17,-1.1406571308089516e-16,1.3492852767208806e-16,-8.387445966869186e-17,6.381622260983457e-17,-1.3002190371733446e-07,-5.291708190280026e-11,-1.4277291907099186e-17,1.1299418394429338e-16,-4.010468453054142e-17,-3.278464589066041e-17,-1.5805549137363216e-17,1.0742107306036238e-16,9.077020815197832e-17,5.64405097394793e-18,-6.527084795139034e-11,3.368912955377939e-17,-2.354300969170803e-07,1.3379268847088172e-16,3.0064398471085733e-17,3.5264317821344275e-17,-1.6660348438121235e-17,-6.527084864649583e-11,5.884104280237248e-17,8.975290304343289e-16,-6.527087075068089e-11,3.0064398471085733e-17,-5.291708976196873e-11,7.658738580062988e-17,4.3981605650416786e-17,-6.527086190297372e-11,-5.291689659430499e-11,-6.527082884276407e-11,6.416728965982972e-17,9.035094194703288e-17,1.2268243899396124e-15,4.015261888270205e-17,4.5390843536428715e-17,2.1531538904293254e-16,2.3393366794692974e-17,2.964695883086563e-17
0.4953571985973504,0.495367070374293,-4.7271050774306925e-11,-4.3315870518432223e-11,-7.005184509102713e-11,-2.082246455582259e-11,-4.3819445394112393e-11,0.49536680073311323,-4.780061428718962e-11,-2.4747176445149163e-11,-1.8525701950849477e-11,-3.401223671795694e-11,-4.522040253135492e-11,-4.2276823726767726e-11,-4.522040218624368e-11,-3.2942299972143557e-11,0.4953674138968329,-4.361201194344775e-11,6.700589846436376e-11,-5.291708976196873e-11,0.49536563973033276,-4.478307240786045e-11,-4.055912364584558e-11,-2.2925164999251553e-11,-2.448930203999738e-11,-4.592008726537661e-11,-3.7159060082227463e-11,-4.779723027596314e-11,-7.709230628877654e-12,-3.989894863736964e-11,-2.281905908940223e-11,-3.5609999029872096e-11,-1.3835387923143603e-11,-4.8933563646139e-11,-1.597053163312818e-11,0.4953673063482217,-4.973594212737047e-11,-4.8611280858367515e-11,-4.2276823634511245e-11,9.833225968728002e-12,-4.795974044844464e-11,-4.625403515079798e-11,-3.708081272362393e-11,-3.860113482892424e-11,-2.996079281675894e-11,-4.7684204889499916e-11,0.4953669842984101,-1.904178867073269e-11,-4.522040228460647e-11,-4.0768409971946465e-11,-2.4663361148794338e-11,-2.985813955324783e-11,2.6525616432548024e-12,-6.872208006661538e-11,-4.504400540640984e-11,-4.522040252536399e-11,0.4953674138968332,-5.879357668902808e-13,-4.524637811989625e-11,-3.116337134794429e-11,0.4953670488117617,-3.8572093237079103e-11,-4.7151102583385266e-11,-5.1429442925909044e-11,-3.904125538436178e-11,-3.5003916751240425e-11,-4.484789064543006e-11,-3.752807513620325e-11,-3.8917357473312035e-11,-4.345785721150489e-11
7.207402111277517e-07,-4.478273103089359e-11,9.10221189456639e-17,1.0025413770623814e-16,8.026105033440746e-16,1.2425235093527793e-15,2.2875114386581515e-16,-4.47827814171981e-11,6.628906249420286e-17,1.3220773021196743e-15,1.4206766521262222e-15,5.0889333193862204e-17,8.477802737411527e-17,6.872491108392107e-17,8.468557585090495e-17,1.714925996923509e-16,-4.478307242425431e-11,6.411467052767992e-17,4.2828603677516946e-12,1.2882851857509658e-16,-4.478307240786045e-11,-1.7741662637521922e-06,3.825054743639632e-16,4.77338754011161e-17,5.574279712075307e-17,7.042838290265582e-17,8.31363876141312e-17,8.835945711229793e-17,-3.990831020066469e-11,1.0481412971290926e-16,6.933080848050867e-14,2.3033015622531483e-16,1.5891897896345076e-13,1.4150896467552048e-16,-3.990829503253128e-11,-4.478306116935878e-11,6.958366220282968e-17,1.8341326724975077e-16,6.859338430431105e-17,7.382913757804647e-17,6.662545910796583e-17,1.8409081902987604e-16,3.0122819059040663e-13,7.008461811734863e-17,-3.99083884635976e-11,8.686843561987093e-17,-1.6870233419656664e-07,2.8736426188618247e-16,8.458208901453418e-17,9.50064020501035e-17,5.5238755597528875e-17,-3.99083887438476e-11,3.272247732661281e-13,1.1079051524944722e-15,-3.990838670180047e-11,8.472156287849318e-17,-4.478307242425431e-11,2.3824136547015193e-16,9.779851276284367e-17,-3.99084026968945e-11,-4.478285874384916e-11,-3.990834105436175e-11,1.4286391358979305e-16,1.6143848048668462e-16,1.4909564125298262e-15,1.0447499383438173e-16,1.0116945071782799e-16,3.236426354760409e-16,8.202595458446248e-17,8.496438670091007e-17
7.397640260805759e-07,-4.0558649848156726e-11,2.0711212371683603e-16,2.210299892877656e-16,2.569070512956128e-12,3.7641176860921824e-12,4.139948617380168e-16,-4.055871323057707e-11,1.748049768389237e-16,4.0044462311495816e-12,4.305756452189779e-12,1.6045688460169808e-16,1.9797319632745333e-16,2.470036023562187e-16,1.9797685070935222e-16,3.770929591959457e-16,-4.0559123645963523e-11,1.7447136394242487e-16,7.0274886076591795e-12,2.723606980098564e-16,-4.055912364584558e-11,3.825054743639632e-16,-1.774165379167913e-06,1.737740044016899e-16,1.936147134603002e-16,1.8142975223582968e-16,2.5974975067454596e-16,2.0438427336037719e-16,-3.4583996777593304e-11,2.267112338872456e-16,2.5173514134009246e-16,4.361696952205783e-16,3.2637471090571586e-16,3.0268395687231195e-16,-3.458385593919149e-11,-4.055910563286751e-11,2.2050625942000616e-16,3.4494942875710657e-16,2.4697536714630767e-16,2.477896335554527e-16,2.1032511242656859e-16,3.5330484437001036e-16,2.9164260581877364e-16,1.9349937112485435e-16,-3.458411333606613e-11,1.9928846173277024e-16,-1.4967810774057678e-07,5.851698709469428e-16,1.9797319632745333e-16,2.1747178425320373e-16,1.817372489915939e-16,-3.458411518573917e-11,3.6472004842477003e-16,1.7261871477636463e-15,-3.458408764944152e-11,1.9797319632745333e-16,-4.0559123645963523e-11,5.276279581949541e-16,2.1409173352129604e-16,-3.4584134836101064e-11,-4.0558824820892004e-11,-3.458401897344845e-11,3.057096455265537e-16,3.189792668353358e-16,2.2889415568247404e-15,2.35402894816252e-16,2.2077930216622046e-16,5.726692264506984e-16,1.9964814218468814e-16,1.987974746332209e-16
7.949392705537178e-07,-2.2924839404202073e-11,-3.406299612069562e-17,-2.5054749877257224e-17,5.262196301633688e-16,9.799971404438582e-16,7.206032864874801e-17,-2.2924948702266857e-11,-5.959302212180871e-17,1.047599056282869e-15,1.1162808406624074e-15,-1.9270442084364573e-13,-3.902986763855035e-17,-2.409579112238382e-16,-3.900799333572265e-17,-8.340063989159924e-17,-2.2925164955657884e-11,-7.485550815734645e-17,9.959221264061943e-16,-2.5832273531286378e-17,-2.2925164999251553e-11,4.77338754011161e-17,1.737740044016899e-16,-1.7741669342015053e-06,-1.333284116501488e-16,-5.674298278450481e-17,-1.947377441215992e-16,-3.2799360349354246e-17,-4.883665288983753e-08,-1.4813853181797067e-17,-4.093972974289009e-16,2.1070888488447053e-17,-3.997280426218272e-16,-3.4198849285691076e-17,-2.4516296911611975e-11,-2.2925173896373725e-11,-1.492468000211213e-16,3.645413398649874e-17,-2.409579112238382e-16,-3.433941292136409e-13,-1.5811542248361423e-16,1.8330492508248663e-17,3.4694041763016285e-17,-1.5136579168752694e-13,-2.451594674088883e-11,-3.363530861868109e-17,-9.450164533248724e-08,-9.10076814025537e-17,-3.9065378436293233e-17,-3.937749335234667e-17,-2.3530343494926583e-13,-2.4515938064768424e-11,-1.13720467174211e-13,8.194950732580821e-16,-2.451598968979351e-11,-3.90353260048555e-17,-2.2925164999251553e-11,-3.2962302623415195e-13,-1.8172570009628436e-17,-2.4515949736759613e-11,-2.292498914046735e-11,-2.4515976441825806e-11,-3.536916361969482e-17,4.809136846463207e-18,1.1574632660403522e-15,-3.863317336042634e-17,-2.012979675873633e-17,9.785378028999769e-17,-5.3128296228779104e-17,-4.022203419445354e-17
7.875709176781915e-07,-2.448895438904913e-11,-3.3789408781987316e-17,-4.7902504817284435e-14,1.1307405060538378e-12,1.0605458383573733e-15,8.187215538906007e-17,-4.878311264139848e-08,-1.204060773843435e-13,1.1324262674522838e-15,1.2078770527163287e-15,-9.964278953325815e-17,-3.9170320666404826e-17,-2.465232776082814e-16,-3.9170320666404826e-17,-7.766207179714574e-17,-2.448930203999738e-11,-7.668951395146553e-17,1.1321784298822892e-15,-2.2640021496773452e-17,-2.448930203999738e-11,5.574279712075307e-17,1.936147134603002e-16,-1.333284116501488e-16,-1.7741669472222245e-06,-5.746085028896691e-17,-1.9550653144926849e-16,-3.1956575890702983e-17,-2.6650961595276743e-11,-1.3491668126891175e-17,-4.1581208618975426e-16,3.00928718563585e-17,-4.043840422715601e-16,-2.9457872711117134e-17,-5.309038473425526e-08,-2.4489311183446653e-11,-1.4879535338950762e-16,4.2958179919860626e-17,-2.4650969849024614e-16,-1.729441437931857e-16,-1.6039513071091676e-16,2.4588642542709013e-17,3.949984726797609e-17,-7.577782842868728e-17,-2.665096608280907e-11,-6.718798202839287e-14,-1.0187012961911065e-07,-8.190119408792926e-17,-3.9184980069757934e-17,-7.785939789691458e-14,-1.2015759443010302e-16,-2.66509575813949e-11,-1.012070997072621e-13,8.833567566913179e-16,-2.6651009800396162e-11,-3.9170320666404826e-17,-2.448930194044889e-11,-1.5780154932295208e-16,-1.7206802503938234e-17,-2.665097038219987e-11,-2.4489113897636053e-11,-2.6650993532156263e-11,-3.04878183166382e-17,1.0368936753578047e-17,1.2483279637472688e-15,-7.500740114008817e-14,-1.892331335305417e-17,1.132604694340396e-16,-5.3520325345602596e-17,-4.026162626162521e-17
