1.0000000019705926,1.0000021483840016,1.0000021483839996,8.741704529041743e-07,1.000002148384,8.741515879290494e-07,1.0000021483839996,8.741704529939123e-07,1.3007387040729957e-06,1.000002148384,8.741515879081566e-07,8.741515880466072e-07,8.741704535064129e-07,1.000002148384001,1.0000021483839991,8.741704529038373e-07,1.0000022416478067,8.741515872832019e-07,1.0000021637680596,8.741704529038373e-07,8.741515880473762e-07,1.3007387046091186e-06,8.741704524956628e-07,8.741515880530863e-07,8.749919374993356e-07,1.0000022416478085,1.0000021637680614,8.741704530450753e-07,8.741515880472864e-07,2.3469068030627704e-06,1.0000021483840014,8.741515879320619e-07,8.741515879338637e-07,1.0000021317325185,1.0000021483839996,1.000002148384,1.000002148384,1.0000021637680636,1.000002148384,1.0000021637680612,1.0000021483839996,8.741704529906749e-07
1.0000021483840016,1.0000026058995697,1.000002067240969,4.073022932073235e-11,1.000002067240969,4.072073022996244e-11,1.0000020672409682,4.073022922070248e-11,5.074669208466471e-07,1.000002067240969,4.072073074762537e-11,4.072072999309961e-11,4.073022905622367e-11,1.0000020672409695,1.0000020672409695,4.073022972261483e-11,1.0000021605047746,4.0720730178415547e-11,1.0000020826250275,4.073022934221925e-11,4.072073047120105e-11,5.07466920699918e-07,4.073022878710715e-11,4.0720730018990235e-11,4.114382742045124e-11,1.0000021605047758,1.0000020826250293,4.0730228707443285e-11,4.072073047232769e-11,1.5536358189998889e-06,1.0000020672409686,4.072073036383076e-11,4.072073057617479e-11,1.0000020505894809,1.0000020672409686,1.000002067240969,1.0000020672409675,1.0000020826250298,1.0000020672409686,1.0000020826250287,1.0000020672409682,4.073022948355725e-11
1.0000021483839996,1.000002067240969,1.000002605899563,4.073022930891116e-11,1.000002067240966,4.072073022195393e-11,1.0000020672409662,4.0730229095576947e-11,5.074669208466467e-07,1.0000020672409686,4.072073080306418e-11,4.0720729922394714e-11,4.0730229034377853e-11,1.0000020672409673,1.0000020672409673,4.073022967005047e-11,1.0000021605047735,4.072073021196277e-11,1.0000020826250258,4.073022936222403e-11,4.072073047120105e-11,5.074669206999175e-07,4.07302288657215e-11,4.072072995965057e-11,4.1143827307725934e-11,1.000002160504773,1.0000020826250275,4.073022872012428e-11,4.072073047232769e-11,1.5536358189998861e-06,1.0000020672409669,4.072073030630269e-11,4.072073060086865e-11,1.0000020505894798,1.0000020672409669,1.0000020672409686,1.000002067240967,1.0000020826250275,1.0000020672409669,1.0000020826250282,1.0000020672409664,4.073022949041222e-11
8.741704529041743e-07,4.073022932073235e-11,4.073022930891116e-11,5.386587021146814e-07,4.0730229268340965e-11,6.562384699303476e-15,4.0730229316445576e-11,6.563969222701151e-15,2.0703313385826582e-17,4.0730229268464344e-11,6.562384703968668e-15,6.5623846571797125e-15,6.563969223808001e-15,4.073022922605668e-11,4.073022929897623e-11,6.56396927885157e-15,4.0730233006006375e-11,6.5623846743648446e-15,4.0730229910519435e-11,6.563969233668708e-15,6.5623847399635995e-15,2.0766423321279668e-17,6.563969155981982e-15,6.5623846724139024e-15,3.2917322488043658e-18,4.0730233024093254e-11,4.073022988914447e-11,6.563969209450979e-15,6.56238472095809e-15,6.353375886216713e-17,4.0730229268464344e-11,6.5623846807519295e-15,6.56238474048925e-15,8.089837007361806e-08,4.073022922605668e-11,4.073022922605668e-11,4.073022923087237e-11,4.0730229817304555e-11,4.073022935126857e-11,4.0730229811935293e-11,4.0730229268464344e-11,6.563969251237178e-15
1.000002148384,1.000002067240969,1.000002067240966,4.0730229268340965e-11,1.0000026058995641,4.0720730136414566e-11,1.000002067240966,4.0730229202671083e-11,5.074669208466461e-07,1.0000020672409675,4.072073075631464e-11,4.072073000274715e-11,4.073022899630245e-11,1.000002067240967,1.000002067240967,4.073022971142589e-11,1.0000021605047729,4.072073021196277e-11,1.0000020826250267,4.073022938735479e-11,4.0720730498117474e-11,5.074669206999175e-07,4.07302287909863e-11,4.0720729981912026e-11,4.114382736827447e-11,1.000002160504774,1.0000020826250282,4.073022872012428e-11,4.072073047426967e-11,1.5536358189998874e-06,1.0000020672409673,4.0720730257090866e-11,4.072073060086865e-11,1.0000020505894793,1.0000020672409664,1.0000020672409677,1.0000020672409664,1.000002082625027,1.0000020672409669,1.0000020826250275,1.000002067240966,4.0730229526647066e-11
8.741515879290494e-07,4.072073022996244e-11,4.072073022195393e-11,6.562384699303476e-15,4.0720730136414566e-11,5.386587021177273e-07,4.072073018490767e-11,6.562384702144555e-15,2.073120693698489e-17,4.072073016833802e-11,6.560792344767962e-15,6.5607922974405765e-15,6.562384703040167e-15,4.072073021955052e-11,4.072073022996244e-11,6.56238475849188e-15,4.072073402314202e-11,6.56079231489432e-15,4.0720730886690355e-11,6.562384713221132e-15,6.560792380455614e-15,2.0747289032896438e-17,6.562384635347444e-15,6.560792312732989e-15,6.629371298896418e-15,4.072073396228128e-11,4.072073086836211e-11,6.562384688555224e-15,6.560792361536139e-15,6.347241629918478e-17,4.072073009770392e-11,6.560792321300462e-15,6.560792381067084e-15,8.087950312061176e-08,4.0720730166681505e-11,4.0720730167081175e-11,4.072073016073747e-11,4.072073088645705e-11,4.072073019282623e-11,4.072073088645705e-11,4.0720730239667825e-11,6.562384730860621e-15
1.0000021483839996,1.0000020672409682,1.0000020672409662,4.0730229316445576e-11,1.000002067240966,4.072073018490767e-11,1.0000026058995637,4.073022921783724e-11,5.074669208466458e-07,1.0000020672409675,4.072073074130366e-11,4.0720729972271036e-11,4.073022906114541e-11,1.0000020672409666,1.0000020672409669,4.073022966999896e-11,1.0000021605047729,4.072073021196277e-11,1.0000020826250255,4.073022933478784e-11,4.072073041167555e-11,5.074669206999167e-07,4.07302287909863e-11,4.0720729946736035e-11,4.1143827263981534e-11,1.0000021605047722,1.0000020826250273,4.073022872012428e-11,4.0720730447249485e-11,1.5536358189998849e-06,1.0000020672409664,4.072073020671074e-11,4.072073063835781e-11,1.000002050589479,1.0000020672409657,1.0000020672409673,1.000002067240966,1.000002082625026,1.0000020672409664,1.0000020826250275,1.000002067240966,4.073022949381359e-11
8.741704529939123e-07,4.073022922070248e-11,4.0730229095576947e-11,6.563969222701151e-15,4.0730229202671083e-11,6.562384702144555e-15,4.073022921783724e-11,5.386587021146814e-07,2.0703313385826582e-17,4.073022916798307e-11,6.562384706809758e-15,6.5623846600207974e-15,6.563969226751399e-15,4.0730229182773015e-11,4.073022922970938e-11,6.563969281794971e-15,4.073023290564345e-11,6.562384677205926e-15,4.073022987506313e-11,6.5639692366120974e-15,6.5623847428046844e-15,2.0749248878491884e-17,6.563969158925378e-15,6.562384675254989e-15,3.275296281331195e-18,4.0730232951627974e-11,4.073022985832788e-11,6.563969212394377e-15,6.5623847237991785e-15,6.348781341541322e-17,4.0730229202671083e-11,6.5623846835930026e-15,6.5623847433303355e-15,8.089836992462115e-08,4.073022922948566e-11,4.073022916798307e-11,4.0730229220739144e-11,4.0730229854834405e-11,4.0730229202671083e-11,4.073022985832788e-11,4.0730229182773015e-11,6.563969254180576e-15
1.3007387040729957e-06,5.074669208466471e-07,5.074669208466467e-07,2.0703313385826582e-17,5.074669208466461e-07,2.073120693698489e-17,5.074669208466458e-07,2.0703313385826582e-17,5.386589513951888e-07,5.074669208466467e-07,2.0770320488386416e-17,2.0736644516943298e-17,2.0771765213024442e-17,5.074669208466468e-07,5.074669208466461e-07,2.070700661232989e-17,2.554964403401781e-10,2.073798580748938e-17,5.074669286982492e-07,2.0755523706222838e-17,2.0737230574865333e-17,1.3012808469147665e-16,2.0757442147508406e-17,2.0715135152276568e-17,2.0948759398202678e-17,2.5549644046537523e-10,5.074669286982499e-07,2.0739605175920788e-17,2.0747289032896438e-17,7.903991896898625e-13,5.074669208466467e-07,2.0747289032896438e-17,2.0747289032896438e-17,5.074669123743581e-07,5.07466920846646e-07,5.074669208466467e-07,5.074669208466461e-07,2.5549642013809235e-10,5.074669208466461e-07,2.554964201858831e-10,5.074669208466458e-07,2.0759595064891602e-17
1.000002148384,1.000002067240969,1.0000020672409686,4.0730229268464344e-11,1.0000020672409675,4.072073016833802e-11,1.0000020672409675,4.073022916798307e-11,5.074669208466467e-07,1.0000026058995626,4.072073074863747e-11,4.072072995034007e-11,4.0730229034377853e-11,1.000002067240968,1.000002067240968,4.073022966005028e-11,1.0000021605047735,4.072073022152583e-11,1.0000020826250273,4.073022938735479e-11,4.0720730466073744e-11,5.074669206999178e-07,4.073022883848797e-11,4.0720730040279053e-11,4.114382734780701e-11,1.0000021605047746,1.000002082625029,4.073022884603554e-11,4.072073046694942e-11,1.5536358189998885e-06,1.0000020672409682,4.0720730244264035e-11,4.0720730631969036e-11,1.0000020505894807,1.0000020672409686,1.0000020672409686,1.0000020672409673,1.000002082625028,1.0000020672409675,1.0000020826250278,1.0000020672409673,4.0730229493555266e-11
8.741515879081566e-07,4.072073074762537e-11,4.072073080306418e-11,6.562384703968668e-15,4.072073075631464e-11,6.560792344767962e-15,4.072073074130366e-11,6.562384706809758e-15,2.0770320488386416e-17,4.072073074863747e-11,5.386587021177273e-07,6.560792302540153e-15,6.562384707705352e-15,4.072073080306418e-11,4.072073077779112e-11,6.562384763157087e-15,4.072073451641814e-11,6.560792319993893e-15,4.0720731389108556e-11,6.562384717886319e-15,6.5607923855551855e-15,2.0747289032896438e-17,6.56238464001264e-15,6.5607923178325655e-15,6.629371301414752e-15,4.0720734472096506e-11,4.0720731356937674e-11,6.562384693220425e-15,6.560792366635703e-15,6.348370369052838e-17,4.072073074762537e-11,6.560792326400039e-15,6.560792386166656e-15,8.087950412443599e-08,4.072073074863747e-11,4.072073074762537e-11,4.0720730789888536e-11,4.0720731343693665e-11,4.0720730768972686e-11,4.072073139281594e-11,4.0720730789888536e-11,6.562384735525816e-15
8.741515880466072e-07,4.072072999309961e-11,4.0720729922394714e-11,6.5623846571797125e-15,4.072073000274715e-11,6.5607922974405765e-15,4.0720729972271036e-11,6.5623846600207974e-15,2.0736644516943298e-17,4.072072995034007e-11,6.560792302540153e-15,5.386587021177273e-07,6.562384660916398e-15,4.0720730004360435e-11,4.0720729962544064e-11,6.5623847163681285e-15,4.072073368662185e-11,6.5607922726665095e-15,4.0720730612062346e-11,6.5623846710973685e-15,6.560792338227797e-15,2.07002826724002e-17,6.562384593223688e-15,6.5607922705051805e-15,6.629371256929288e-15,4.072073366111081e-11,4.0720730581189704e-11,6.562384646431468e-15,6.5607923193083286e-15,6.347241629918478e-17,4.072072999309961e-11,6.5607922790726524e-15,6.560792338839271e-15,8.087950254386637e-08,4.072072993030778e-11,4.072072999309961e-11,4.072072997035935e-11,4.0720730596350296e-11,4.0720729922394714e-11,4.072073059226474e-11,4.0720730031962625e-11,6.562384688736858e-15
8.741704535064129e-07,4.073022905622367e-11,4.0730229034377853e-11,6.563969223808001e-15,4.073022899630245e-11,6.562384703040167e-15,4.073022906114541e-11,6.563969226751399e-15,2.0771765213024442e-17,4.0730229034377853e-11,6.562384707705352e-15,6.562384660916398e-15,5.386587021146814e-07,4.0730229055328664e-11,4.07302290799207e-11,6.563969282901828e-15,4.0730232746155986e-11,6.562384678101533e-15,4.07302296382697e-11,6.5639692377189505e-15,6.562384743700283e-15,2.0720553331557043e-17,6.563969160032229e-15,6.562384676150586e-15,3.3329239344246685e-18,4.073023267648345e-11,4.073022967024071e-11,6.563969213501225e-15,6.5623847246947786e-15,6.359404435469281e-17,4.07302290799207e-11,6.5623846844886106e-15,6.562384744225933e-15,8.08983695971988e-08,4.0730229016735745e-11,4.073022900579697e-11,4.0730229034377853e-11,4.0730229649726875e-11,4.073022905212755e-11,4.0730229591842094e-11,4.0730229056656625e-11,6.563969255287426e-15
1.000002148384001,1.0000020672409695,1.0000020672409673,4.073022922605668e-11,1.000002067240967,4.072073021955052e-11,1.0000020672409666,4.0730229182773015e-11,5.074669208466468e-07,1.000002067240968,4.072073080306418e-11,4.0720730004360435e-11,4.0730229055328664e-11,1.000002605899565,1.0000020672409682,4.073022965805568e-11,1.0000021605047746,4.072073022765744e-11,1.0000020826250275,4.073022933478784e-11,4.072073050693593e-11,5.074669206999175e-07,4.073022887222517e-11,4.0720729992282086e-11,4.1143827300873634e-11,1.0000021605047746,1.0000020826250293,4.073022876336723e-11,4.072073047426967e-11,1.5536358189998874e-06,1.0000020672409684,4.072073036383076e-11,4.072073066212933e-11,1.0000020505894798,1.000002067240967,1.000002067240968,1.0000020672409673,1.000002082625028,1.0000020672409682,1.000002082625028,1.0000020672409664,4.073022954307621e-11
1.0000021483839991,1.0000020672409695,1.0000020672409673,4.073022929897623e-11,1.000002067240967,4.072073022996244e-11,1.0000020672409669,4.073022922970938e-11,5.074669208466461e-07,1.000002067240968,4.072073077779112e-11,4.0720729962544064e-11,4.07302290799207e-11,1.0000020672409682,1.0000026058995626,4.073022967611368e-11,1.000002160504774,4.072073021858983e-11,1.0000020826250269,4.0730229304564755e-11,4.072073041546337e-11,5.074669206999174e-07,4.0730228768834976e-11,4.072073005512776e-11,4.114382742045124e-11,1.0000021605047735,1.0000020826250289,4.0730228833374974e-11,4.072073048552582e-11,1.5536358189998863e-06,1.0000020672409675,4.0720730346431717e-11,4.072073063835781e-11,1.0000020505894798,1.0000020672409669,1.0000020672409684,1.0000020672409664,1.0000020826250262,1.0000020672409682,1.0000020826250278,1.0000020672409669,4.0730229552777055e-11
8.741704529038373e-07,4.073022972261483e-11,4.073022967005047e-11,6.56396927885157e-15,4.073022971142589e-11,6.56238475849188e-15,4.073022966999896e-11,6.563969281794971e-15,2.070700661232989e-17,4.073022966005028e-11,6.562384763157087e-15,6.5623847163681285e-15,6.563969282901828e-15,4.073022965805568e-11,4.073022967611368e-11,5.386587021146814e-07,4.073023339516308e-11,6.5623847335532605e-15,4.0730230276597346e-11,6.5639692927625256e-15,6.5623847991520075e-15,2.0749248878491884e-17,6.563969215075799e-15,6.562384731602318e-15,3.320558081924927e-18,4.0730233378893676e-11,4.073023028647008e-11,6.563969268544798e-15,6.562384780146506e-15,6.347448673837833e-17,4.0730229750192555e-11,6.562384739940332e-15,6.56238479967766e-15,8.089837087050747e-08,4.0730229701460534e-11,4.073022972261483e-11,4.073022968304542e-11,4.073023028647008e-11,4.073022968298552e-11,4.0730230255059166e-11,4.073022966005028e-11,6.563969310330993e-15
1.0000022416478067,1.0000021605047746,1.0000021605047735,4.0730233006006375e-11,1.0000021605047729,4.072073402314202e-11,1.0000021605047729,4.073023290564345e-11,2.554964403401781e-10,1.0000021605047735,4.072073451641814e-11,4.072073368662185e-11,4.0730232746155986e-11,1.0000021605047746,1.000002160504774,4.073023339516308e-11,1.00000279242716,4.072073396528171e-11,1.0000021758888324,4.073023307631615e-11,4.07207341695295e-11,2.5549644035954337e-10,4.07302326006129e-11,4.072073374157684e-11,4.114383111500967e-11,1.0000022537685755,1.0000021758888331,4.0730232491062365e-11,4.072073424820396e-11,7.822153666432693e-10,1.0000021605047735,4.072073405147003e-11,4.0720734378587286e-11,1.0000021438532865,1.0000021605047726,1.0000021605047733,1.0000021605047729,1.0000021758888316,1.0000021605047738,1.0000021758888327,1.000002160504773,4.0730233232171196e-11
8.741515872832019e-07,4.0720730178415547e-11,4.072073021196277e-11,6.5623846743648446e-15,4.072073021196277e-11,6.56079231489432e-15,4.072073021196277e-11,6.562384677205926e-15,2.073798580748938e-17,4.072073022152583e-11,6.560792319993893e-15,6.5607922726665095e-15,6.562384678101533e-15,4.072073022765744e-11,4.072073021858983e-11,6.5623847335532605e-15,4.072073396528171e-11,5.386587021177273e-07,4.072073087614142e-11,6.562384688282503e-15,6.56079235568155e-15,2.0736346250676057e-17,6.562384610408819e-15,6.560792287958928e-15,6.6293712728624824e-15,4.0720733994453004e-11,4.072073086255567e-11,6.5623846636166045e-15,6.560792336762073e-15,6.351853612629614e-17,4.0720730195554807e-11,6.560792296526395e-15,6.560792356293014e-15,8.087950312873564e-08,4.072073025008955e-11,4.0720730195554807e-11,4.072073021858983e-11,4.072073087578848e-11,4.072073021196277e-11,4.0720730870546665e-11,4.072073021858983e-11,6.562384705921991e-15
1.0000021637680596,1.0000020826250275,1.0000020826250258,4.0730229910519435e-11,1.0000020826250267,4.0720730886690355e-11,1.0000020826250255,4.073022987506313e-11,5.074669286982492e-07,1.0000020826250273,4.0720731389108556e-11,4.0720730612062346e-11,4.07302296382697e-11,1.0000020826250275,1.0000020826250269,4.0730230276597346e-11,1.0000021758888324,4.072073087614142e-11,1.000002636667681,4.0730229951737386e-11,4.072073101312003e-11,2.554964201287254e-10,4.07302294337049e-11,4.0720730653929964e-11,4.114382792873535e-11,1.0000021758888316,1.0000020980090867,4.07302294321955e-11,4.0720731091505225e-11,1.553635845607904e-06,1.000002082625027,4.072073092571701e-11,4.0720731315102684e-11,1.000002065973538,1.0000020826250264,1.0000020826250275,1.0000020826250267,1.0000020980090853,1.0000020826250264,1.000002098009086,1.0000020826250262,4.073023021593857e-11
8.741704529038373e-07,4.073022934221925e-11,4.073022936222403e-11,6.563969233668708e-15,4.073022938735479e-11,6.562384713221132e-15,4.073022933478784e-11,6.5639692366120974e-15,2.0755523706222838e-17,4.073022938735479e-11,6.562384717886319e-15,6.5623846710973685e-15,6.5639692377189505e-15,4.073022933478784e-11,4.0730229304564755e-11,6.5639692927625256e-15,4.073023307631615e-11,6.562384688282503e-15,4.0730229951737386e-11,5.386587021146814e-07,6.562384753881255e-15,2.0738625510944383e-17,6.5639691698929305e-15,6.562384686331561e-15,3.3300274732468136e-18,4.073023307071911e-11,4.073022991419512e-11,6.563969223361932e-15,6.562384734875746e-15,6.352079591702616e-17,4.073022933478784e-11,6.5623846946695784e-15,6.5623847544069035e-15,8.089837023381718e-08,4.0730229407662395e-11,4.0730229350985853e-11,4.0730229313910293e-11,4.0730229927762196e-11,4.0730229407662395e-11,4.073022991981145e-11,4.0730229366828404e-11,6.563969265148135e-15
8.741515880473762e-07,4.072073047120105e-11,4.072073047120105e-11,6.5623847399635995e-15,4.0720730498117474e-11,6.560792380455614e-15,4.072073041167555e-11,6.5623847428046844e-15,2.0737230574865333e-17,4.0720730466073744e-11,6.5607923855551855e-15,6.560792338227797e-15,6.562384743700283e-15,4.072073050693593e-11,4.072073041546337e-11,6.5623847991520075e-15,4.07207341695295e-11,6.56079235568155e-15,4.072073101312003e-11,6.562384753881255e-15,5.386587021177273e-07,2.073393060283313e-17,6.562384676007575e-15,6.560792353520214e-15,6.629371339226245e-15,4.072073416486964e-11,4.0720731057508153e-11,6.5623847292153554e-15,6.5607924023233605e-15,6.346740743294142e-17,4.072073050837685e-11,6.560792362087691e-15,6.560792421854309e-15,8.087950356458325e-08,4.072073046744334e-11,4.0720730496726544e-11,4.072073047120105e-11,4.0720731065455756e-11,4.072073041167555e-11,4.0720731065455756e-11,4.0720730449829726e-11,6.562384771520751e-15
1.3007387046091186e-06,5.07466920699918e-07,5.074669206999175e-07,2.0766423321279668e-17,5.074669206999175e-07,2.0747289032896438e-17,5.074669206999167e-07,2.0749248878491884e-17,1.3012808469147665e-16,5.074669206999178e-07,2.0747289032896438e-17,2.07002826724002e-17,2.0720553331557043e-17,5.074669206999175e-07,5.074669206999174e-07,2.0749248878491884e-17,2.5549644035954337e-10,2.0736346250676057e-17,2.554964201287254e-10,2.0738625510944383e-17,2.073393060283313e-17,5.386589513951888e-07,2.0695830285695333e-17,2.0766298596563873e-17,2.0828250114231794e-17,2.554964403155099e-10,2.554964203225611e-10,2.0703313385826582e-17,2.073798580748951e-17,7.903991894642771e-13,5.074669206999174e-07,2.0740536927194314e-17,2.071841999277583e-17,5.074669122276296e-07,5.074669206999172e-07,5.074669206999176e-07,5.074669206999169e-07,5.074669285515205e-07,5.074669206999173e-07,5.074669285515204e-07,5.074669206999169e-07,2.0771765213024442e-17
8.741704524956628e-07,4.073022878710715e-11,4.07302288657215e-11,6.563969155981982e-15,4.07302287909863e-11,6.562384635347444e-15,4.07302287909863e-11,6.563969158925378e-15,2.0757442147508406e-17,4.073022883848797e-11,6.56238464001264e-15,6.562384593223688e-15,6.563969160032229e-15,4.073022887222517e-11,4.0730228768834976e-11,6.563969215075799e-15,4.07302326006129e-11,6.562384610408819e-15,4.07302294337049e-11,6.5639691698929305e-15,6.562384676007575e-15,2.0695830285695333e-17,5.386587021146814e-07,6.5623846084578786e-15,3.3369894414043416e-18,4.0730232567784795e-11,4.07302294271133e-11,6.563969145675205e-15,6.562384657002068e-15,6.346916608544643e-17,4.07302288657215e-11,6.562384616795896e-15,6.562384676533226e-15,8.089836922818917e-08,4.073022882377191e-11,4.073022876814559e-11,4.073022882377191e-11,4.0730229424510526e-11,4.073022887222517e-11,4.0730229424510526e-11,4.0730228853212374e-11,6.563969187461409e-15
8.741515880530863e-07,4.0720730018990235e-11,4.072072995965057e-11,6.5623846724139024e-15,4.0720729981912026e-11,6.560792312732989e-15,4.0720729946736035e-11,6.562384675254989e-15,2.0715135152276568e-17,4.0720730040279053e-11,6.5607923178325655e-15,6.5607922705051805e-15,6.562384676150586e-15,4.0720729992282086e-11,4.072073005512776e-11,6.562384731602318e-15,4.072073374157684e-11,6.560792287958928e-15,4.0720730653929964e-11,6.562384686331561e-15,6.560792353520214e-15,2.0766298596563873e-17,6.5623846084578786e-15,5.386587021177273e-07,6.629371271965057e-15,4.072073371113033e-11,4.0720730673995414e-11,6.562384661665655e-15,6.560792334600741e-15,6.349319220674254e-17,4.0720729983164326e-11,6.560792294365068e-15,6.5607923541316845e-15,8.087950268159005e-08,4.0720729981912026e-11,4.0720729981912026e-11,4.0720729983164326e-11,4.0720730603873736e-11,4.0720729983164326e-11,4.0720730621841036e-11,4.072073003801429e-11,6.562384703971052e-15
8.749919374993356e-07,4.114382742045124e-11,4.1143827307725934e-11,3.2917322488043658e-18,4.114382736827447e-11,6.629371298896418e-15,4.1143827263981534e-11,3.275296281331195e-18,2.0948759398202678e-17,4.114382734780701e-11,6.629371301414752e-15,6.629371256929288e-15,3.3329239344246685e-18,4.1143827300873634e-11,4.114382742045124e-11,3.320558081924927e-18,4.114383111500967e-11,6.6293712728624824e-15,4.114382792873535e-11,3.3300274732468136e-18,6.629371339226245e-15,2.0828250114231794e-17,3.3369894414043416e-18,6.629371271965057e-15,5.386587024345507e-07,4.1143831205512934e-11,4.1143827904681606e-11,3.300219202670722e-18,6.629371319632127e-15,6.410227579355312e-17,4.114382731546459e-11,6.629371279221978e-15,6.629371339360438e-15,8.171985852331812e-08,4.1143827354983874e-11,4.114382742045124e-11,4.1143827307725934e-11,4.1143827920263174e-11,4.114382730878955e-11,4.1143827840683785e-11,4.114382735291868e-11,3.3300274732468136e-18
1.0000022416478085,1.0000021605047758,1.000002160504773,4.0730233024093254e-11,1.000002160504774,4.072073396228128e-11,1.0000021605047722,4.0730232951627974e-11,2.5549644046537523e-10,1.0000021605047746,4.0720734472096506e-11,4.072073366111081e-11,4.073023267648345e-11,1.0000021605047746,1.0000021605047735,4.0730233378893676e-11,1.0000022537685755,4.0720733994453004e-11,1.0000021758888316,4.073023307071911e-11,4.072073416486964e-11,2.554964403155099e-10,4.0730232567784795e-11,4.072073371113033e-11,4.1143831205512934e-11,1.0000027924271624,1.0000021758888327,4.073023256267471e-11,4.072073424820396e-11,7.822153666432693e-10,1.0000021605047744,4.072073403072054e-11,4.072073439272189e-11,1.000002143853286,1.0000021605047733,1.0000021605047744,1.0000021605047729,1.0000021758888324,1.0000021605047733,1.0000021758888324,1.0000021605047724,4.07302333063733e-11
1.0000021637680614,1.0000020826250293,1.0000020826250275,4.073022988914447e-11,1.0000020826250282,4.072073086836211e-11,1.0000020826250273,4.073022985832788e-11,5.074669286982499e-07,1.000002082625029,4.0720731356937674e-11,4.0720730581189704e-11,4.073022967024071e-11,1.0000020826250293,1.0000020826250289,4.073023028647008e-11,1.0000021758888331,4.072073086255567e-11,1.0000020980090867,4.073022991419512e-11,4.0720731057508153e-11,2.554964203225611e-10,4.07302294271133e-11,4.0720730673995414e-11,4.1143827904681606e-11,1.0000021758888327,1.0000026366676862,4.073022941977366e-11,4.072073114937407e-11,1.553635845607906e-06,1.0000020826250282,4.072073089642035e-11,4.072073123876268e-11,1.0000020659735394,1.000002082625028,1.000002082625029,1.000002082625028,1.0000020980090871,1.0000020826250282,1.0000020980090873,1.000002082625027,4.073023016542991e-11
8.741704530450753e-07,4.0730228707443285e-11,4.073022872012428e-11,6.563969209450979e-15,4.073022872012428e-11,6.562384688555224e-15,4.073022872012428e-11,6.563969212394377e-15,2.0739605175920788e-17,4.073022884603554e-11,6.562384693220425e-15,6.562384646431468e-15,6.563969213501225e-15,4.073022876336723e-11,4.0730228833374974e-11,6.563969268544798e-15,4.0730232491062365e-11,6.5623846636166045e-15,4.07302294321955e-11,6.563969223361932e-15,6.5623847292153554e-15,2.0703313385826582e-17,6.563969145675205e-15,6.562384661665655e-15,3.300219202670722e-18,4.073023256267471e-11,4.073022941977366e-11,5.386587021146814e-07,6.562384710209849e-15,6.348781341541322e-17,4.0730228777556826e-11,6.562384670003689e-15,6.5623847297410105e-15,8.089836908865394e-08,4.073022876464169e-11,4.073022881308368e-11,4.0730228764993704e-11,4.0730229401761534e-11,4.073022882457002e-11,4.073022942850458e-11,4.073022872012428e-11,6.563969240930405e-15
8.741515880472864e-07,4.072073047232769e-11,4.072073047232769e-11,6.56238472095809e-15,4.072073047426967e-11,6.560792361536139e-15,4.0720730447249485e-11,6.5623847237991785e-15,2.0747289032896438e-17,4.072073046694942e-11,6.560792366635703e-15,6.5607923193083286e-15,6.5623847246947786e-15,4.072073047426967e-11,4.072073048552582e-11,6.562384780146506e-15,4.072073424820396e-11,6.560792336762073e-15,4.0720731091505225e-11,6.562384734875746e-15,6.5607924023233605e-15,2.073798580748951e-17,6.562384657002068e-15,6.560792334600741e-15,6.629371319632127e-15,4.072073424820396e-11,4.072073114937407e-11,6.562384710209849e-15,5.386587021177273e-07,6.34446204127223e-17,4.072073048552593e-11,6.5607923431682195e-15,6.560792402934834e-15,8.087950362820687e-08,4.072073047232769e-11,4.072073046694942e-11,4.0720730447249485e-11,4.072073116829906e-11,4.07207305404193e-11,4.072073109791525e-11,4.0720730447249485e-11,6.562384752515241e-15
2.3469068030627704e-06,1.5536358189998889e-06,1.5536358189998861e-06,6.353375886216713e-17,1.5536358189998874e-06,6.347241629918478e-17,1.5536358189998849e-06,6.348781341541322e-17,7.903991896898625e-13,1.5536358189998885e-06,6.348370369052838e-17,6.347241629918478e-17,6.359404435469281e-17,1.5536358189998874e-06,1.5536358189998863e-06,6.347448673837833e-17,7.822153666432693e-10,6.351853612629614e-17,1.553635845607904e-06,6.352079591702616e-17,6.346740743294142e-17,7.903991894642771e-13,6.346916608544643e-17,6.349319220674254e-17,6.410227579355312e-17,7.822153666432693e-10,1.553635845607906e-06,6.348781341541322e-17,6.34446204127223e-17,5.386610986656448e-07,1.553635818999887e-06,6.34560830479711e-17,6.347549569991845e-17,1.553635791691905e-06,1.5536358189998863e-06,1.5536358189998883e-06,1.5536358189998874e-06,1.553635845607906e-06,1.5536358189998861e-06,1.5536358456079053e-06,1.5536358189998849e-06,6.352079591702616e-17
1.0000021483840014,1.0000020672409686,1.0000020672409669,4.0730229268464344e-11,1.0000020672409673,4.072073009770392e-11,1.0000020672409664,4.0730229202671083e-11,5.074669208466467e-07,1.0000020672409682,4.072073074762537e-11,4.072072999309961e-11,4.07302290799207e-11,1.0000020672409684,1.0000020672409675,4.0730229750192555e-11,1.0000021605047735,4.0720730195554807e-11,1.000002082625027,4.073022933478784e-11,4.072073050837685e-11,5.074669206999174e-07,4.07302288657215e-11,4.0720729983164326e-11,4.114382731546459e-11,1.0000021605047744,1.0000020826250282,4.0730228777556826e-11,4.072073048552593e-11,1.553635818999887e-06,1.000002605899564,4.0720730346431717e-11,4.07207306423878e-11,1.0000020505894798,1.0000020672409673,1.000002067240968,1.000002067240967,1.000002082625028,1.0000020672409675,1.0000020826250282,1.0000020672409673,4.073022949041222e-11
8.741515879320619e-07,4.072073036383076e-11,4.072073030630269e-11,6.5623846807519295e-15,4.0720730257090866e-11,6.560792321300462e-15,4.072073020671074e-11,6.5623846835930026e-15,2.0747289032896438e-17,4.0720730244264035e-11,6.560792326400039e-15,6.5607922790726524e-15,6.5623846844886106e-15,4.072073036383076e-11,4.0720730346431717e-11,6.562384739940332e-15,4.072073405147003e-11,6.560792296526395e-15,4.072073092571701e-11,6.5623846946695784e-15,6.560792362087691e-15,2.0740536927194314e-17,6.562384616795896e-15,6.560792294365068e-15,6.629371279221978e-15,4.072073403072054e-11,4.072073089642035e-11,6.562384670003689e-15,6.5607923431682195e-15,6.34560830479711e-17,4.0720730346431717e-11,5.386587021177273e-07,6.560792362699163e-15,8.087950321467856e-08,4.072073035601609e-11,4.072073030630269e-11,4.072073027145918e-11,4.0720730865135515e-11,4.0720730257090866e-11,4.0720730925593486e-11,4.0720730342640005e-11,6.562384712309078e-15
8.741515879338637e-07,4.072073057617479e-11,4.072073060086865e-11,6.56238474048925e-15,4.072073060086865e-11,6.560792381067084e-15,4.072073063835781e-11,6.5623847433303355e-15,2.0747289032896438e-17,4.0720730631969036e-11,6.560792386166656e-15,6.560792338839271e-15,6.562384744225933e-15,4.072073066212933e-11,4.072073063835781e-11,6.56238479967766e-15,4.0720734378587286e-11,6.560792356293014e-15,4.0720731315102684e-11,6.5623847544069035e-15,6.560792421854309e-15,2.071841999277583e-17,6.562384676533226e-15,6.5607923541316845e-15,6.629371339360438e-15,4.072073439272189e-11,4.072073123876268e-11,6.5623847297410105e-15,6.560792402934834e-15,6.347549569991845e-17,4.07207306423878e-11,6.560792362699163e-15,5.386587021177273e-07,8.087950387014818e-08,4.072073057617479e-11,4.0720730644775304e-11,4.072073069053054e-11,4.0720731311895195e-11,4.0720730631969036e-11,4.0720731278152837e-11,4.072073064596994e-11,6.562384772046396e-15
1.0000021317325185,1.0000020505894809,1.0000020505894798,8.089837007361806e-08,1.0000020505894793,8.087950312061176e-08,1.000002050589479,8.089836992462115e-08,5.074669123743581e-07,1.0000020505894807,8.087950412443599e-08,8.087950254386637e-08,8.08983695971988e-08,1.0000020505894798,1.0000020505894798,8.089837087050747e-08,1.0000021438532865,8.087950312873564e-08,1.000002065973538,8.089837023381718e-08,8.087950356458325e-08,5.074669122276296e-07,8.089836922818917e-08,8.087950268159005e-08,8.171985852331812e-08,1.000002143853286,1.0000020659735394,8.089836908865394e-08,8.087950362820687e-08,1.553635791691905e-06,1.0000020505894798,8.087950321467856e-08,8.087950387014818e-08,1.000002572596589,1.0000020505894793,1.00000205058948,1.0000020505894798,1.000002065973539,1.000002050589479,1.0000020659735391,1.000002050589479,8.089837060572318e-08
1.0000021483839996,1.0000020672409686,1.0000020672409669,4.073022922605668e-11,1.0000020672409664,4.0720730166681505e-11,1.0000020672409657,4.073022922948566e-11,5.07466920846646e-07,1.0000020672409686,4.072073074863747e-11,4.072072993030778e-11,4.0730229016735745e-11,1.000002067240967,1.0000020672409669,4.0730229701460534e-11,1.0000021605047726,4.072073025008955e-11,1.0000020826250264,4.0730229407662395e-11,4.072073046744334e-11,5.074669206999172e-07,4.073022882377191e-11,4.0720729981912026e-11,4.1143827354983874e-11,1.0000021605047733,1.000002082625028,4.073022876464169e-11,4.072073047232769e-11,1.5536358189998863e-06,1.0000020672409673,4.072073035601609e-11,4.072073057617479e-11,1.0000020505894793,1.0000026058995608,1.0000020672409686,1.0000020672409669,1.0000020826250264,1.0000020672409664,1.0000020826250275,1.0000020672409657,4.073022946438994e-11
1.000002148384,1.000002067240969,1.0000020672409686,4.073022922605668e-11,1.0000020672409677,4.0720730167081175e-11,1.0000020672409673,4.073022916798307e-11,5.074669208466467e-07,1.0000020672409686,4.072073074762537e-11,4.072072999309961e-11,4.073022900579697e-11,1.000002067240968,1.0000020672409684,4.073022972261483e-11,1.0000021605047733,4.0720730195554807e-11,1.0000020826250275,4.0730229350985853e-11,4.0720730496726544e-11,5.074669206999176e-07,4.073022876814559e-11,4.0720729981912026e-11,4.114382742045124e-11,1.0000021605047744,1.000002082625029,4.073022881308368e-11,4.072073046694942e-11,1.5536358189998883e-06,1.000002067240968,4.072073030630269e-11,4.0720730644775304e-11,1.00000205058948,1.0000020672409686,1.0000026058995628,1.000002067240967,1.000002082625028,1.0000020672409675,1.0000020826250278,1.0000020672409675,4.07302294993075e-11
1.000002148384,1.0000020672409675,1.000002067240967,4.073022923087237e-11,1.0000020672409664,4.072073016073747e-11,1.000002067240966,4.0730229220739144e-11,5.074669208466461e-07,1.0000020672409673,4.0720730789888536e-11,4.072072997035935e-11,4.0730229034377853e-11,1.0000020672409673,1.0000020672409664,4.073022968304542e-11,1.0000021605047729,4.072073021858983e-11,1.0000020826250267,4.0730229313910293e-11,4.072073047120105e-11,5.074669206999169e-07,4.073022882377191e-11,4.0720729983164326e-11,4.1143827307725934e-11,1.0000021605047729,1.000002082625028,4.0730228764993704e-11,4.0720730447249485e-11,1.5536358189998874e-06,1.000002067240967,4.072073027145918e-11,4.072073069053054e-11,1.0000020505894798,1.0000020672409669,1.000002067240967,1.0000026058995601,1.0000020826250269,1.0000020672409664,1.0000020826250262,1.0000020672409664,4.0730229523041605e-11
1.0000021637680636,1.0000020826250298,1.0000020826250275,4.0730229817304555e-11,1.000002082625027,4.072073088645705e-11,1.000002082625026,4.0730229854834405e-11,2.5549642013809235e-10,1.000002082625028,4.0720731343693665e-11,4.0720730596350296e-11,4.0730229649726875e-11,1.000002082625028,1.0000020826250262,4.073023028647008e-11,1.0000021758888316,4.072073087578848e-11,1.0000020980090853,4.0730229927762196e-11,4.0720731065455756e-11,5.074669285515205e-07,4.0730229424510526e-11,4.0720730603873736e-11,4.1143827920263174e-11,1.0000021758888324,1.0000020980090871,4.0730229401761534e-11,4.072073116829906e-11,1.553635845607906e-06,1.000002082625028,4.0720730865135515e-11,4.0720731311895195e-11,1.000002065973539,1.0000020826250264,1.000002082625028,1.0000020826250269,1.0000026366676813,1.0000020826250275,1.000002098009086,1.000002082625026,4.073023016542991e-11
1.000002148384,1.0000020672409686,1.0000020672409669,4.073022935126857e-11,1.0000020672409669,4.072073019282623e-11,1.0000020672409664,4.0730229202671083e-11,5.074669208466461e-07,1.0000020672409675,4.0720730768972686e-11,4.0720729922394714e-11,4.073022905212755e-11,1.0000020672409682,1.0000020672409682,4.073022968298552e-11,1.0000021605047738,4.072073021196277e-11,1.0000020826250264,4.0730229407662395e-11,4.072073041167555e-11,5.074669206999173e-07,4.073022887222517e-11,4.0720729983164326e-11,4.114382730878955e-11,1.0000021605047733,1.0000020826250282,4.073022882457002e-11,4.07207305404193e-11,1.5536358189998861e-06,1.0000020672409675,4.0720730257090866e-11,4.0720730631969036e-11,1.000002050589479,1.0000020672409664,1.0000020672409675,1.0000020672409664,1.0000020826250275,1.0000026058995677,1.0000020826250267,1.0000020672409664,4.073022946438994e-11
1.0000021637680612,1.0000020826250287,1.0000020826250282,4.0730229811935293e-11,1.0000020826250275,4.072073088645705e-11,1.0000020826250275,4.073022985832788e-11,2.554964201858831e-10,1.0000020826250278,4.072073139281594e-11,4.072073059226474e-11,4.0730229591842094e-11,1.000002082625028,1.0000020826250278,4.0730230255059166e-11,1.0000021758888327,4.0720730870546665e-11,1.000002098009086,4.073022991981145e-11,4.0720731065455756e-11,5.074669285515204e-07,4.0730229424510526e-11,4.0720730621841036e-11,4.1143827840683785e-11,1.0000021758888324,1.0000020980090873,4.073022942850458e-11,4.072073109791525e-11,1.5536358456079053e-06,1.0000020826250282,4.0720730925593486e-11,4.0720731278152837e-11,1.0000020659735391,1.0000020826250275,1.0000020826250278,1.0000020826250262,1.000002098009086,1.0000020826250267,1.0000026366676795,1.0000020826250275,4.073023016542991e-11
1.0000021483839996,1.0000020672409682,1.0000020672409664,4.0730229268464344e-11,1.000002067240966,4.0720730239667825e-11,1.000002067240966,4.0730229182773015e-11,5.074669208466458e-07,1.0000020672409673,4.0720730789888536e-11,4.0720730031962625e-11,4.0730229056656625e-11,1.0000020672409664,1.0000020672409669,4.073022966005028e-11,1.000002160504773,4.072073021858983e-11,1.0000020826250262,4.0730229366828404e-11,4.0720730449829726e-11,5.074669206999169e-07,4.0730228853212374e-11,4.072073003801429e-11,4.114382735291868e-11,1.0000021605047724,1.000002082625027,4.073022872012428e-11,4.0720730447249485e-11,1.5536358189998849e-06,1.0000020672409673,4.0720730342640005e-11,4.072073064596994e-11,1.000002050589479,1.0000020672409657,1.0000020672409675,1.0000020672409664,1.000002082625026,1.0000020672409664,1.0000020826250275,1.0000026058995624,4.073022948893339e-11
8.741704529906749e-07,4.073022948355725e-11,4.073022949041222e-11,6.563969251237178e-15,4.0730229526647066e-11,6.562384730860621e-15,4.073022949381359e-11,6.563969254180576e-15,2.0759595064891602e-17,4.0730229493555266e-11,6.562384735525816e-15,6.562384688736858e-15,6.563969255287426e-15,4.073022954307621e-11,4.0730229552777055e-11,6.563969310330993e-15,4.0730233232171196e-11,6.562384705921991e-15,4.073023021593857e-11,6.563969265148135e-15,6.562384771520751e-15,2.0771765213024442e-17,6.563969187461409e-15,6.562384703971052e-15,3.3300274732468136e-18,4.07302333063733e-11,4.073023016542991e-11,6.563969240930405e-15,6.562384752515241e-15,6.352079591702616e-17,4.073022949041222e-11,6.562384712309078e-15,6.562384772046396e-15,8.089837060572318e-08,4.073022946438994e-11,4.07302294993075e-11,4.0730229523041605e-11,4.073023016542991e-11,4.073022946438994e-11,4.073023016542991e-11,4.073022948893339e-11,5.386587014160226e-07
