0.9999999808926168,0.9999814024843412,0.999982865315361,-7.1165387103663015e-06,0.9999829479920441,0.9999828653153587,0.9999829609745635,0.9999831531115596,0.9999829292412548,0.9999821791314114,0.9999829519028156,-7.234452180602042e-06,-7.78785157834685e-06,0.999982865315362,-8.098607781210804e-06,-7.234452180897713e-06,0.9999814024843413,0.9999829302056951,0.9999816487923711,-7.042082226244963e-06,-7.240505176720523e-06,-7.0465414615817166e-06,0.9999829519028144,-7.234013283172987e-06,0.9999830144033769,0.9999828653153593,0.9999813436697492,-7.114402789910169e-06,-7.042082230563668e-06,0.9999816668526548,-7.234452181016393e-06,0.999981402484339,0.9999817109685075,0.9999828675647131,0.9999829479920439,0.9999829519028148,0.9999829519028152,0.9999814024843405,-1.1418072037084717e-05,0.9999829519028157,0.999982947992046,-7.234452181124625e-06,-7.274570662382749e-06,-7.114402791786919e-06
0.9999814024843412,0.9999790099035426,0.9999857952323346,-2.8796979271814717e-10,0.9999858779087298,0.9999857952323332,0.9999858908912048,0.9999860830272349,0.9999858591577824,0.9999851090505383,0.9999858818194864,-6.900680681382672e-07,-1.243465758700601e-06,0.9999857952323346,-1.5542210163398835e-06,-6.900680680401762e-07,0.9999843324063802,0.9999858601224436,0.999984578713557,-2.504954187473076e-10,-3.5036283742664045e-10,-2.527397728483455e-10,0.9999858818194859,-6.896291751511125e-07,0.9999859443198298,0.9999857952323338,0.9999842735919945,-2.8689477552499975e-10,-2.504954185539429e-10,0.9999845967737785,-6.900680679679815e-07,0.9999843324063815,0.9999846408894761,0.9999857974814385,0.9999858779087294,0.9999858818194859,0.9999858818194836,0.9999843324063825,-4.873670495863603e-06,0.9999858818194856,0.9999858779087314,-6.90068068110839e-07,-7.301864252660592e-07,-2.868947759424258e-10
0.999982865315361,0.9999857952323346,0.9999819355575947,-2.879702127308243e-10,0.9999873407369441,0.9999872580604261,0.9999873537194373,0.9999875458557507,0.9999873219859718,0.9999865718776298,0.9999873446477064,-3.473168381596652e-10,-1.2434675715109705e-06,0.9999872580604271,-1.5542232819281257e-06,-3.4731683820445417e-10,0.9999857952323353,0.999987322950631,0.999986041539871,-2.5049578410337665e-10,-3.503633483473872e-10,-2.527401414962987e-10,0.9999873446477053,-3.470959395029349e-10,0.9999874071481402,0.9999872580604282,0.9999857364178638,-2.8689519400902756e-10,-2.5049578397316844e-10,0.9999860596001188,-3.473168382249622e-10,0.9999857952323358,0.9999861037158825,0.9999872603095371,0.9999873407369446,0.9999873446477053,0.9999873446477036,0.9999857952323358,-4.873677645868071e-06,0.9999873446477061,0.9999873407369446,-3.473168382134567e-10,-3.6750873164271745e-10,-2.868951943856648e-10
-7.1165387103663015e-06,-2.8796979271814717e-10,-2.879702127308243e-10,-5.322503259878484e-06,-2.8797023650311363e-10,-2.8797021275089815e-10,-2.879702402035024e-10,-2.879702970446267e-10,-5.721558253226392e-07,-2.879700170363478e-10,-2.879702376779248e-10,1.971977506186564e-16,3.5508495581597044e-16,-2.8797021267965226e-10,4.4362045702942876e-16,1.9720988368198917e-16,-2.879697927828655e-10,-2.8797023131229695e-10,-5.721550924340847e-07,2.8275890158895107e-13,1.9909289868230163e-16,2.8539429267142627e-13,-2.8797023766593875e-10,1.9714163374763824e-16,-5.721558714957952e-07,-2.87970212747467e-10,-2.8796977590793636e-10,1.6318682520180992e-16,2.827589013221974e-13,-2.879698686347229e-10,1.9718549280767134e-16,-2.8796979273736655e-10,-5.721551279344559e-07,-2.879702146014391e-10,-2.8797023676447365e-10,-2.879702376372536e-10,-2.8797023763807915e-10,-2.879697926934532e-10,1.4185154308703529e-15,-2.8797023765985184e-10,-2.879702366134534e-10,1.971977506186564e-16,2.0887648120559585e-16,1.6318682520180992e-16
0.9999829479920441,0.9999858779087298,0.9999873407369441,-2.8797023650311363e-10,0.9999821009106313,0.9999873407369412,0.9999874363959621,0.99998762853229,0.9999874046624933,0.9999866545540885,0.9999874273242276,-3.473168666881455e-10,-6.25846421881431e-10,0.9999873407369441,-7.822520687822917e-10,-3.4731686660590244e-10,0.9999858779087293,0.9999874056271504,0.9999861242162876,-2.5049580479318493e-10,-3.5036337738558884e-10,-2.5274016247550883e-10,0.9999874273242279,-3.4709596823266127e-10,0.9999874898246682,0.9999873407369436,0.9999858190942531,-2.868952175842178e-10,-2.5049580454103784e-10,0.9999861422765374,-3.473168666572955e-10,0.99998587790873,0.9999861863923031,0.9999873429860533,0.9999874234134658,0.9999874273242263,0.9999874273242263,0.9999858779087312,-4.873678049955431e-06,0.9999874273242281,0.9999874234134668,-3.473168666496877e-10,-3.675087617872625e-10,-2.8689521803025395e-10
0.9999828653153587,0.9999857952323332,0.9999872580604261,-2.8797021275089815e-10,0.9999873407369412,0.9999819355575901,0.9999873537194359,0.9999875458557482,0.9999873219859697,0.9999865718776272,0.9999873446477053,-3.473168382145746e-10,-1.2434675715109672e-06,0.9999872580604255,-1.554223281928124e-06,-3.473168380813893e-10,0.9999857952323323,0.9999873229506273,0.9999860415398693,-2.5049578403381805e-10,-3.503633483473872e-10,-2.527401415362349e-10,0.9999873446477017,-3.470959398096001e-10,0.999987407148137,0.9999872580604248,0.9999857364178608,-2.8689519402097137e-10,-2.5049578383206756e-10,0.999986059600117,-3.4731683796797063e-10,0.9999857952323323,0.9999861037158805,0.9999872603095332,0.9999873407369425,0.9999873446477017,0.9999873446477019,0.9999857952323338,-4.87367764586806e-06,0.9999873446477028,0.9999873407369431,-3.47316838121809e-10,-3.675087314826263e-10,-2.868951943973763e-10
0.9999829609745635,0.9999858908912048,0.9999873537194373,-2.879702402035024e-10,0.9999874363959621,0.9999873537194359,0.9999821268756222,0.9999876415147881,0.9999874176449882,0.9999866675365754,0.999987440306723,-3.473168710956199e-10,-6.25846430029342e-10,0.9999873537194377,-7.822520787851584e-10,-3.473168711576048e-10,0.9999858908912054,0.9999874186096454,0.9999861371987656,-2.5049580810827657e-10,-3.5036338169155833e-10,-2.527401657656939e-10,0.9999874403067236,-3.4709597270504264e-10,0.9999875028071638,0.9999873537194373,0.9999858320767283,-2.86895221307684e-10,-2.5049580774569043e-10,0.9999861552590155,-3.4731687101969585e-10,0.9999858908912048,0.9999861993747817,0.9999873559685465,0.9999874363959618,0.9999874403067226,0.9999874403067218,0.9999858908912059,-4.873678113340325e-06,0.999987440306723,0.9999874363959619,-3.473168712156838e-10,-7.301875596510241e-07,-2.868952217704222e-10
0.9999831531115596,0.9999860830272349,0.9999875458557507,-2.879702970446267e-10,0.99998762853229,0.9999875458557482,0.9999876415147881,0.9999825111483075,0.9999876097813103,0.9999868596727504,0.9999876324430514,-3.4731693979400573e-10,-1.2434679365926022e-06,0.9999875458557504,-1.5542237385585583e-06,-3.4731693975748384e-10,0.9999860830272349,0.9999876107459705,0.9999863293348432,-2.504958575729691e-10,-3.503634511187123e-10,-2.527402155137196e-10,0.9999876324430514,-3.4709604137768524e-10,0.999987694943506,0.9999875458557499,0.9999860242127458,-2.868952779091728e-10,-2.504958573118341e-10,0.9999863473950957,-3.4731693974737885e-10,0.9999860830272347,0.9999863915108709,0.999987548104857,0.9999876285322895,0.9999876324430497,0.9999876324430497,0.9999860830272355,-2.4529583951430834e-09,0.999987632443052,0.9999876285322907,-3.473169398004726e-10,-3.6750883930004737e-10,-2.8689527837909154e-10
0.9999829292412548,0.9999858591577824,0.9999873219859718,-5.721558253226392e-07,0.9999874046624933,0.9999873219859697,0.9999874176449882,0.9999876097813103,0.9999820634086752,0.9999866358031273,0.9999874085732551,-3.473168618515582e-10,-6.258464133189608e-10,0.9999873219859731,-7.822520581913043e-10,-3.473168616234883e-10,0.9999858591577832,0.9999873868761794,0.9999861054653344,-2.504958011621362e-10,-6.961221049402493e-07,-2.527401582881813e-10,0.9999874085732547,-3.4709596330830655e-10,0.9999874710736941,0.9999873219859713,0.9999858003433074,-2.868952136112524e-10,-2.504958009066952e-10,0.9999861235255858,-3.473168617277712e-10,0.9999858591577842,0.9999861676413511,0.9999873242350772,0.9999874046624933,0.9999874085732551,0.9999874085732532,0.9999858591577844,-2.4529578485097455e-09,0.9999874085732556,0.9999874046624943,-3.4731686180789393e-10,-3.6750875665419904e-10,-2.8689521402924937e-10
0.9999821791314114,0.9999851090505383,0.9999865718776298,-2.879700170363478e-10,0.9999866545540885,0.9999865718776272,0.9999866675365754,0.9999868596727504,0.9999866358031273,0.9999805631924547,0.9999866584648474,-3.4731660201491224e-10,-6.258459454472375e-10,0.9999865718776301,-7.822514734152641e-10,-3.4731660198331374e-10,0.999985109050538,0.999986636767787,0.9999853553579046,-2.5049561395965843e-10,-6.961215844175764e-07,-2.5273996964909434e-10,0.9999866584648461,-3.4709570382751493e-10,0.9999867209652408,0.9999865718776302,0.9999850502361053,-5.700194896778738e-07,-2.504956136290208e-10,0.9999853734181408,-3.4731660194026095e-10,0.9999851090505388,0.999985417533874,0.9999865741267328,0.9999866545540895,0.9999866584648459,0.999986658464845,0.9999851090505391,-2.4529560032050376e-09,0.9999866584648488,0.9999866545540895,-3.473166019985401e-10,-3.675084819185598e-10,-5.700194904895364e-07
0.9999829519028156,0.9999858818194864,0.9999873446477064,-2.879702376779248e-10,0.9999874273242276,0.9999873446477053,0.999987440306723,0.9999876324430514,0.9999874085732551,0.9999866584648474,0.9999821087321529,-3.4731686798112743e-10,-6.258464244628315e-10,0.9999873446477069,-1.5542234161825929e-06,-3.4731686805412447e-10,0.9999858818194874,0.9999874095379145,0.9999861281270426,-2.50495805905722e-10,-3.5036337857674904e-10,-2.5274016333348916e-10,0.9999874312349891,-3.4709596970229667e-10,0.9999874937354313,0.9999873446477059,0.999985823005009,-2.868952187072425e-10,-2.504958056327539e-10,0.9999861461872954,-3.473168679726489e-10,0.9999858818194874,0.9999861903030604,0.9999873468968143,0.9999874273242289,0.9999874312349899,0.9999874312349886,0.9999858818194878,-4.8736780687843196e-06,0.9999874312349905,0.9999874273242292,-3.473168681084107e-10,-3.6750876332065175e-10,-2.8689521913275403e-10
-7.234452180602042e-06,-6.900680681382672e-07,-3.473168381596652e-10,1.971977506186564e-16,-3.473168666881455e-10,-3.473168382145746e-10,-3.473168710956199e-10,-3.4731693979400573e-10,-3.473168618515582e-10,-3.4731660201491224e-10,-3.4731686798112743e-10,-5.322503108329128e-06,8.503633865896998e-13,-3.473168380043402e-10,1.0624859214859396e-12,4.722546202764876e-13,-6.900680681382666e-07,-3.4731686051088264e-10,-6.900682376181583e-07,1.7135990679749287e-16,2.3995397468343126e-16,1.731581018026552e-16,-3.4731686808403547e-10,4.719421125016188e-13,-3.4731688972817046e-10,-3.4731683811596756e-10,-6.900680276802873e-07,1.9629750133271955e-16,1.7129677010214929e-16,-6.900682500105569e-07,4.722546202221343e-13,-6.900680681382677e-07,-6.90068280427937e-07,-3.473168404683656e-10,-3.4731686665301694e-10,-3.4731686798112743e-10,-3.473168680569369e-10,-6.90068068138268e-07,3.4007322020968215e-12,-3.473168680342286e-10,-3.4731686666197815e-10,4.722546203536872e-13,4.996702752585439e-13,1.9628995250872578e-16
-7.78785157834685e-06,-1.243465758700601e-06,-1.2434675715109705e-06,3.5508495581597044e-16,-6.25846421881431e-10,-1.2434675715109672e-06,-6.25846430029342e-10,-1.2434679365926022e-06,-6.258464133189608e-10,-6.258459454472375e-10,-6.258464244628315e-10,8.503633865896998e-13,-5.3225020539140375e-06,-1.2434675715109701e-06,1.9130225658521084e-12,8.503633862636312e-13,-1.243465758700601e-06,-1.2434676519414434e-06,-1.2434660640308906e-06,3.089005551665533e-16,4.316499515939392e-16,3.1176278719456933e-16,-6.258464244097649e-10,8.497991692366087e-13,-1.2434677564297269e-06,-1.2434675715109688e-06,-1.2434656858138368e-06,3.5373928362910543e-16,3.0886793811325924e-16,-1.2434660863525904e-06,8.503633861710739e-13,-1.2434657587006018e-06,-1.2434661411590926e-06,-1.2434675809116484e-06,-6.258464218457179e-10,-6.258464242216006e-10,-6.258464242825009e-10,-1.2434657587006029e-06,6.131276122495564e-12,-6.258464244628315e-10,-6.258464217757761e-10,8.503633864128037e-13,8.997244945379645e-13,3.5369151803363083e-16
0.999982865315362,0.9999857952323346,0.9999872580604271,-2.8797021267965226e-10,0.9999873407369441,0.9999872580604255,0.9999873537194377,0.9999875458557504,0.9999873219859731,0.9999865718776301,0.9999873446477069,-3.473168380043402e-10,-1.2434675715109701e-06,0.9999819355575974,-1.554223281928127e-06,-3.473168381914814e-10,0.9999857952323356,0.9999873229506315,0.9999860415398713,-2.5049578409239004e-10,-3.50363348254365e-10,-2.527401415464815e-10,0.9999873446477048,-3.4709593975038184e-10,0.9999874071481384,0.9999872580604268,0.9999857364178627,-2.8689519396647227e-10,-2.504957838835799e-10,0.9999860596001193,-3.4731683808570583e-10,0.9999857952323352,0.9999861037158827,0.9999872603095356,0.9999873407369441,0.9999873446477056,0.9999873446477043,0.9999857952323358,-4.873677645868074e-06,0.9999873446477063,0.9999873407369446,-3.4731683826700883e-10,-3.6750873164271745e-10,-2.868951943780317e-10
-8.098607781210804e-06,-1.5542210163398835e-06,-1.5542232819281257e-06,4.4362045702942876e-16,-7.822520687822917e-10,-1.554223281928124e-06,-7.822520787851584e-10,-1.5542237385585583e-06,-7.822520581913043e-10,-7.822514734152641e-10,-1.5542234161825929e-06,1.0624859214859396e-12,1.9130225658521084e-12,-1.554223281928127e-06,-5.3225011924607575e-06,1.062485921077916e-12,-1.5542210163398822e-06,-7.822520550521046e-10,-1.5542213979349093e-06,7.667785343618222e-13,5.398570256688124e-16,3.8970775898880066e-16,-1.554223416182592e-06,1.0617800039822895e-12,-7.822521207965314e-10,-1.5542232819281246e-06,-1.5542209252483883e-06,4.41942502275059e-16,7.667785336459796e-13,-1.5542214258294564e-06,1.0624859209662042e-12,-1.5542210163398835e-06,-1.5542214943301153e-06,-7.822520104327827e-10,-7.822520688260039e-10,-1.5542234161825903e-06,-1.5542234161825884e-06,-1.5542210163398862e-06,7.66564719498441e-12,-1.5542234161825937e-06,-7.822520690542784e-10,1.0624859212717935e-12,1.1241570778635216e-12,4.4194426236143023e-16
-7.234452180897713e-06,-6.900680680401762e-07,-3.4731683820445417e-10,1.9720988368198917e-16,-3.4731686660590244e-10,-3.473168380813893e-10,-3.473168711576048e-10,-3.4731693975748384e-10,-3.473168616234883e-10,-3.4731660198331374e-10,-3.4731686805412447e-10,4.722546202764876e-13,8.503633862636312e-13,-3.473168381914814e-10,1.062485921077916e-12,-5.322503108329128e-06,-6.900680680401772e-07,-3.4731686060923136e-10,-6.900682375200672e-07,1.7135990679749287e-16,2.399200183648507e-16,1.7316969279079905e-16,-3.47316867995858e-10,4.719421123210808e-13,-3.4731688967903846e-10,-3.4731683820445417e-10,-6.90068027582196e-07,1.9645181016613587e-16,1.7137805951975175e-16,-6.900682499124658e-07,4.722546200415455e-13,-6.900680680401761e-07,-6.900682803298466e-07,-3.4731684043669525e-10,-3.473168666212839e-10,-3.4731686795644e-10,-3.4731686798289186e-10,-6.900680680401772e-07,3.4007322013731136e-12,-3.4731686809819293e-10,-3.473168666055199e-10,4.722546201730989e-13,4.996702750673361e-13,1.9646328920025995e-16
0.9999814024843413,0.9999843324063802,0.9999857952323353,-2.879697927828655e-10,0.9999858779087293,0.9999857952323323,0.9999858908912054,0.9999860830272349,0.9999858591577832,0.999985109050538,0.9999858818194874,-6.900680681382666e-07,-1.243465758700601e-06,0.9999857952323356,-1.5542210163398822e-06,-6.900680680401772e-07,0.9999790099035422,0.9999858601224433,0.9999845787135574,-2.5049541876673593e-10,-3.5036283735034575e-10,-2.5273977299129133e-10,0.9999858818194856,-6.89629175151112e-07,0.9999859443198299,0.9999857952323338,0.9999842735919943,-2.8689477551361924e-10,-2.5049541855978103e-10,0.9999845967737805,-6.900680679679819e-07,0.9999843324063802,0.9999846408894767,0.9999857974814375,0.9999858779087307,0.9999858818194861,0.9999858818194849,0.999984332406381,-4.873670495863606e-06,0.9999858818194869,0.99998587790873,-6.900680681108396e-07,-7.301864252660601e-07,-2.8689477589394236e-10
0.9999829302056951,0.9999858601224436,0.999987322950631,-2.8797023131229695e-10,0.9999874056271504,0.9999873229506273,0.9999874186096454,0.9999876107459705,0.9999873868761794,0.999986636767787,0.9999874095379145,-3.4731686051088264e-10,-1.2434676519414434e-06,0.9999873229506315,-7.822520550521046e-10,-3.4731686060923136e-10,0.9999858601224433,0.9999820653380045,0.9999861064299954,-2.504958003219399e-10,-6.961221024016915e-07,-2.527401578814595e-10,0.9999874095379127,-3.470959620283091e-10,0.9999874720383519,0.9999873229506298,0.9999858013079677,-2.8689521243637486e-10,-2.5049580012418537e-10,0.999986124490245,-3.4731686049101086e-10,0.9999858601224446,0.9999861686060102,0.9999873251997395,0.9999874056271498,0.999987409537913,0.9999874095379101,0.999985860122445,-4.873677963044805e-06,0.9999874095379134,0.9999874056271516,-3.4731686046647167e-10,-3.675087552660893e-10,-2.868952126599764e-10
0.9999816487923711,0.999984578713557,0.999986041539871,-5.721550924340847e-07,0.9999861242162876,0.9999860415398693,0.9999861371987656,0.9999863293348432,0.9999861054653344,0.9999853553579046,0.9999861281270426,-6.900682376181583e-07,-1.2434660640308906e-06,0.9999860415398713,-1.5542213979349093e-06,-6.900682375200672e-07,0.9999845787135574,0.9999861064299954,0.9999795025179541,-2.5049548031741706e-10,-6.961212132344801e-07,-2.527398350357224e-10,0.9999861281270419,-6.896293445219294e-07,0.9999861906274035,0.9999860415398713,0.9999845198991563,-5.700191857952436e-07,-2.5049548007573065e-10,0.9999848430810203,-6.900682374478732e-07,0.9999845787135582,0.9999848871967274,0.9999860437889748,0.9999861242162866,0.9999861281270421,0.9999861281270406,0.9999845787135583,-4.873671699495955e-06,0.9999861281270431,0.9999861242162877,-6.900682375907305e-07,-7.301866045948539e-07,-5.700191866069062e-07
-7.042082226244963e-06,-2.504954187473076e-10,-2.5049578410337665e-10,2.8275890158895107e-13,-2.5049580479318493e-10,-2.5049578403381805e-10,-2.5049580810827657e-10,-2.504958575729691e-10,-2.504958011621362e-10,-2.5049561395965843e-10,-2.50495805905722e-10,1.7135990679749287e-16,3.089005551665533e-16,-2.5049578409239004e-10,7.667785343618222e-13,1.7135990679749287e-16,-2.5049541876673593e-10,-2.504958003219399e-10,-2.5049548031741706e-10,-5.322503336681758e-06,1.7298823321305578e-16,2.4821931912144397e-13,-2.5049580582897155e-10,3.4057355241304646e-13,-2.5049582132808066e-10,-2.5049578403381805e-10,-2.504954040242436e-10,1.4177033302334294e-16,2.459268818629531e-13,-2.504954848190245e-10,1.714076291361346e-16,-2.504954187901994e-10,-4.976988620505558e-07,-2.504957858440558e-10,-2.5049580480994904e-10,-2.504958057986896e-10,-2.504958057986896e-10,-2.5049541876985456e-10,1.233907619696408e-15,-2.504958059147714e-10,-2.5049580474752213e-10,1.717410113467561e-16,3.6058440275277017e-13,1.4181915206142066e-16
-7.240505176720523e-06,-3.5036283742664045e-10,-3.503633483473872e-10,1.9909289868230163e-16,-3.5036337738558884e-10,-3.503633483473872e-10,-3.5036338169155833e-10,-3.503634511187123e-10,-6.961221049402493e-07,-6.961215844175764e-07,-3.5036337857674904e-10,2.3995397468343126e-16,4.316499515939392e-16,-3.50363348254365e-10,5.398570256688124e-16,2.399200183648507e-16,-3.5036283735034575e-10,-6.961221024016915e-07,-6.961212132344801e-07,1.7298823321305578e-16,-5.3225031061111116e-06,1.7476684810883363e-16,-3.503633786060709e-10,2.3964970869642635e-16,-6.961221609054679e-07,-3.5036334830986177e-10,-6.961210014521293e-07,3.937306479617508e-13,1.7301264927113243e-16,-6.961212257358445e-07,2.3996420368146957e-16,-3.503628373734971e-10,-6.961212564203062e-07,-3.50363350754813e-10,-3.5036337718894883e-10,-3.503633786568854e-10,-3.503633786507954e-10,-3.5036283746711967e-10,1.7267492987966901e-15,-3.5036337854965934e-10,-3.5036337713280617e-10,2.3995397468343126e-16,2.5372380511271966e-16,3.9373064862973715e-13
-7.0465414615817166e-06,-2.527397728483455e-10,-2.527401414962987e-10,2.8539429267142627e-13,-2.5274016247550883e-10,-2.527401415362349e-10,-2.527401657656939e-10,-2.527402155137196e-10,-2.527401582881813e-10,-2.5273996964909434e-10,-2.5274016333348916e-10,1.731581018026552e-16,3.1176278719456933e-16,-2.527401415464815e-10,3.8970775898880066e-16,1.7316969279079905e-16,-2.5273977299129133e-10,-2.527401578814595e-10,-2.527398350357224e-10,2.4821931912144397e-13,1.7476684810883363e-16,-5.322503336231301e-06,-2.5274016347501443e-10,1.7314256178860735e-16,-2.52740179107254e-10,-2.527401415457437e-10,-2.5273975804180025e-10,1.4324065046421217e-16,2.4821931888720574e-13,-2.527398396637662e-10,1.7313494876760554e-16,-2.5273977290139515e-10,-5.021580760104288e-07,-2.527401432983677e-10,-2.5274016237599337e-10,-2.527401633489643e-10,-2.5274016333348916e-10,-2.527397728897845e-10,1.2447171250258145e-15,-2.527401633486845e-10,-2.5274016233042306e-10,1.7312879312647222e-16,1.833060444322653e-16,1.4332887525423008e-16
0.9999829519028144,0.9999858818194859,0.9999873446477053,-2.8797023766593875e-10,0.9999874273242279,0.9999873446477017,0.9999874403067236,0.9999876324430514,0.9999874085732547,0.9999866584648461,0.9999874312349891,-3.4731686808403547e-10,-6.258464244097649e-10,0.9999873446477048,-1.554223416182592e-06,-3.47316867995858e-10,0.9999858818194856,0.9999874095379127,0.9999861281270419,-2.5049580582897155e-10,-3.503633786060709e-10,-2.5274016347501443e-10,0.9999821087321583,-3.4709596964992166e-10,0.9999874937354299,0.999987344647704,0.9999858230050083,-2.868952186564636e-10,-2.5049580567074917e-10,0.9999861461872925,-3.473168679767685e-10,0.9999858818194864,0.9999861903030586,0.9999873468968136,0.9999874273242283,0.9999874312349878,0.9999874312349868,0.999985881819487,-4.873678068784318e-06,0.9999874312349903,0.9999874273242281,-3.4731686794850317e-10,-3.6750876332065175e-10,-2.8689521917994153e-10
-7.234013283172987e-06,-6.896291751511125e-07,-3.470959395029349e-10,1.9714163374763824e-16,-3.4709596823266127e-10,-3.470959398096001e-10,-3.4709597270504264e-10,-3.4709604137768524e-10,-3.4709596330830655e-10,-3.4709570382751493e-10,-3.4709596970229667e-10,4.719421125016188e-13,8.497991692366087e-13,-3.4709593975038184e-10,1.0617800039822895e-12,4.719421123210808e-13,-6.89629175151112e-07,-3.470959620283091e-10,-6.896293445219294e-07,3.4057355241304646e-13,2.3964970869642635e-16,1.7314256178860735e-16,-3.4709596964992166e-10,-5.3225031136791375e-06,-3.4709599127178543e-10,-3.470959394635676e-10,-6.896291347191958e-07,1.9626391048232821e-16,3.4057355209353396e-13,-6.896293569062694e-07,4.719421122668583e-13,-6.896291751511131e-07,-6.896293873042247e-07,-3.4709594213745696e-10,-3.4709596826058776e-10,-3.47095969597244e-10,-3.4709596961932524e-10,-6.896291751511128e-07,3.3986407884228215e-12,-3.4709596962965093e-10,-3.470959682291118e-10,4.719421123984243e-13,4.993395276401668e-13,1.9624096866783627e-16
0.9999830144033769,0.9999859443198298,0.9999874071481402,-5.721558714957952e-07,0.9999874898246682,0.999987407148137,0.9999875028071638,0.999987694943506,0.9999874710736941,0.9999867209652408,0.9999874937354313,-3.4731688972817046e-10,-1.2434677564297269e-06,0.9999874071481384,-7.822521207965314e-10,-3.4731688967903846e-10,0.9999859443198299,0.9999874720383519,0.9999861906274035,-2.5049582132808066e-10,-6.961221609054679e-07,-2.52740179107254e-10,0.9999874937354299,-3.4709599127178543e-10,0.9999822337330431,0.9999874071481378,0.9999858855053492,-2.868952366128064e-10,-2.504958211545706e-10,0.9999862086876536,-3.4731688970225055e-10,0.999985944319829,0.9999862528034205,0.9999874093972492,0.999987489824669,0.99998749373543,0.9999874937354287,0.9999859443198307,-4.873678374161293e-06,0.999987493735431,0.9999874898246695,-3.47316889698828e-10,-3.6750878619156057e-10,-2.868952369774463e-10
0.9999828653153593,0.9999857952323338,0.9999872580604282,-2.87970212747467e-10,0.9999873407369436,0.9999872580604248,0.9999873537194373,0.9999875458557499,0.9999873219859713,0.9999865718776302,0.9999873446477059,-3.4731683811596756e-10,-1.2434675715109688e-06,0.9999872580604268,-1.5542232819281246e-06,-3.4731683820445417e-10,0.9999857952323338,0.9999873229506298,0.9999860415398713,-2.5049578403381805e-10,-3.5036334830986177e-10,-2.527401415457437e-10,0.999987344647704,-3.470959394635676e-10,0.9999874071481378,0.9999819355575916,0.9999857364178623,-2.868951940082654e-10,-2.504957838709974e-10,0.9999860596001183,-3.4731683809199075e-10,0.999985795232335,0.9999861037158815,0.9999872603095351,0.9999873407369435,0.9999873446477048,0.9999873446477034,0.9999857952323353,-4.873677645868069e-06,0.9999873446477056,0.9999873407369444,-3.473168381089995e-10,-3.675087315696461e-10,-2.8689519436949074e-10
0.9999813436697492,0.9999842735919945,0.9999857364178638,-2.8796977590793636e-10,0.9999858190942531,0.9999857364178608,0.9999858320767283,0.9999860242127458,0.9999858003433074,0.9999850502361053,0.999985823005009,-6.900680276802873e-07,-1.2434656858138368e-06,0.9999857364178627,-1.5542209252483883e-06,-6.90068027582196e-07,0.9999842735919943,0.9999858013079677,0.9999845198991563,-2.504954040242436e-10,-6.961210014521293e-07,-2.5273975804180025e-10,0.9999858230050083,-6.896291347191958e-07,0.9999858855053492,0.9999857364178623,0.999978892274769,-5.700190123588357e-07,-2.504954038498105e-10,0.9999845379593765,-6.900680275100014e-07,0.9999842735919956,0.9999845820750725,0.9999857386669665,0.9999858190942547,0.9999858230050086,0.9999858230050063,0.9999842735919952,-4.873670208405941e-06,0.999985823005009,0.9999858190942533,-6.900680276528597e-07,-7.301863824570426e-07,-5.70019013170497e-07
-7.114402789910169e-06,-2.8689477552499975e-10,-2.8689519400902756e-10,1.6318682520180992e-16,-2.868952175842178e-10,-2.8689519402097137e-10,-2.86895221307684e-10,-2.868952779091728e-10,-2.868952136112524e-10,-5.700194896778738e-07,-2.868952187072425e-10,1.9629750133271955e-16,3.5373928362910543e-16,-2.8689519396647227e-10,4.41942502275059e-16,1.9645181016613587e-16,-2.8689477551361924e-10,-2.8689521243637486e-10,-5.700191857952436e-07,1.4177033302334294e-16,3.937306479617508e-13,1.4324065046421217e-16,-2.868952186564636e-10,1.9626391048232821e-16,-2.868952366128064e-10,-2.868951940082654e-10,-5.700190123588357e-07,-5.322503263070542e-06,1.4181915206142066e-16,-2.868948511575082e-10,1.9646328920025995e-16,-2.8689477552499975e-10,-5.700192211608989e-07,-2.868951959897741e-10,-2.868952176282472e-10,-2.868952188276762e-10,-2.868952187567511e-10,-2.868947755131482e-10,1.4135075451640117e-15,-2.868952187205563e-10,-2.868952175767514e-10,1.9664395395646933e-16,2.0775059392137618e-16,3.2251739804327345e-13
-7.042082230563668e-06,-2.504954185539429e-10,-2.5049578397316844e-10,2.827589013221974e-13,-2.5049580454103784e-10,-2.5049578383206756e-10,-2.5049580774569043e-10,-2.504958573118341e-10,-2.504958009066952e-10,-2.504956136290208e-10,-2.504958056327539e-10,1.7129677010214929e-16,3.0886793811325924e-16,-2.504957838835799e-10,7.667785336459796e-13,1.7137805951975175e-16,-2.5049541855978103e-10,-2.5049580012418537e-10,-2.5049548007573065e-10,2.459268818629531e-13,1.7301264927113243e-16,2.4821931888720574e-13,-2.5049580567074917e-10,3.4057355209353396e-13,-2.504958211545706e-10,-2.504957838709974e-10,-2.504954038498105e-10,1.4181915206142066e-16,-5.322503336681758e-06,-2.504954846186883e-10,1.7137805951975175e-16,-2.5049541856817805e-10,-4.976988616205114e-07,-2.5049578558826346e-10,-2.5049580446991784e-10,-2.504958056946565e-10,-2.504958056946565e-10,-2.5049541854365235e-10,1.2339143375777118e-15,-2.504958056063448e-10,-2.504958044979679e-10,1.7137805951975175e-16,3.605844024145688e-13,1.4183994022245273e-16
0.9999816668526548,0.9999845967737785,0.9999860596001188,-2.879698686347229e-10,0.9999861422765374,0.999986059600117,0.9999861552590155,0.9999863473950957,0.9999861235255858,0.9999853734181408,0.9999861461872954,-6.900682500105569e-07,-1.2434660863525904e-06,0.9999860596001193,-1.5542214258294564e-06,-6.900682499124658e-07,0.9999845967737805,0.999986124490245,0.9999848430810203,-2.504954848190245e-10,-6.961212257358445e-07,-2.527398396637662e-10,0.9999861461872925,-6.896293569062694e-07,0.9999862086876536,0.9999860596001183,0.9999845379593765,-2.868948511575082e-10,-2.504954846186883e-10,0.9999795386384142,-6.900682498402713e-07,0.9999845967737792,0.9999849052569558,0.999986061849225,0.9999861422765384,0.9999861461872925,0.9999861461872922,0.99998459677378,-4.87367178793942e-06,0.9999861461872939,0.9999861422765394,-6.900682499831294e-07,-7.301866177071386e-07,-2.868948515462901e-10
-7.234452181016393e-06,-6.900680679679815e-07,-3.473168382249622e-10,1.9718549280767134e-16,-3.473168666572955e-10,-3.4731683796797063e-10,-3.4731687101969585e-10,-3.4731693974737885e-10,-3.473168617277712e-10,-3.4731660194026095e-10,-3.473168679726489e-10,4.722546202221343e-13,8.503633861710739e-13,-3.4731683808570583e-10,1.0624859209662042e-12,4.722546200415455e-13,-6.900680679679819e-07,-3.4731686049101086e-10,-6.900682374478732e-07,1.714076291361346e-16,2.3996420368146957e-16,1.7313494876760554e-16,-3.473168679767685e-10,4.719421122668583e-13,-3.4731688970225055e-10,-3.4731683809199075e-10,-6.900680275100014e-07,1.9646328920025995e-16,1.7137805951975175e-16,-6.900682498402713e-07,-5.322503108329128e-06,-6.900680679679815e-07,-6.900682802576522e-07,-3.473168404283641e-10,-3.473168665980996e-10,-3.473168679488639e-10,-3.473168680454386e-10,-6.900680679679831e-07,3.4007322006517988e-12,-3.473168679897075e-10,-3.473168666572955e-10,4.722546201187456e-13,4.996702750101511e-13,1.9628995250872578e-16
0.999981402484339,0.9999843324063815,0.9999857952323358,-2.8796979273736655e-10,0.99998587790873,0.9999857952323323,0.9999858908912048,0.9999860830272347,0.9999858591577842,0.9999851090505388,0.9999858818194874,-6.900680681382677e-07,-1.2434657587006018e-06,0.9999857952323352,-1.5542210163398835e-06,-6.900680680401761e-07,0.9999843324063802,0.9999858601224446,0.9999845787135582,-2.504954187901994e-10,-3.503628373734971e-10,-2.5273977290139515e-10,0.9999858818194864,-6.896291751511131e-07,0.999985944319829,0.999985795232335,0.9999842735919956,-2.8689477552499975e-10,-2.5049541856817805e-10,0.9999845967737792,-6.900680679679815e-07,0.9999790099035432,0.9999846408894775,0.9999857974814393,0.9999858779087312,0.9999858818194869,0.9999858818194851,0.9999843324063825,-4.873670495863611e-06,0.9999858818194878,0.9999858779087304,-6.900680681108396e-07,-7.301864252660601e-07,-2.86894775956264e-10
0.9999817109685075,0.9999846408894761,0.9999861037158825,-5.721551279344559e-07,0.9999861863923031,0.9999861037158805,0.9999861993747817,0.9999863915108709,0.9999861676413511,0.999985417533874,0.9999861903030604,-6.90068280427937e-07,-1.2434661411590926e-06,0.9999861037158827,-1.5542214943301153e-06,-6.900682803298466e-07,0.9999846408894767,0.9999861686060102,0.9999848871967274,-4.976988620505558e-07,-6.961212564203062e-07,-5.021580760104288e-07,0.9999861903030586,-6.896293873042247e-07,0.9999862528034205,0.9999861037158815,0.9999845820750725,-5.700192211608989e-07,-4.976988616205114e-07,0.9999849052569558,-6.900682802576522e-07,0.9999846408894775,0.999979626869827,0.9999861059649868,0.9999861863923019,0.9999861903030586,0.9999861903030576,0.9999846408894785,-4.873672003180592e-06,0.9999861903030615,0.9999861863923034,-6.900682804005105e-07,-7.301866498926306e-07,-5.700192219725604e-07
0.9999828675647131,0.9999857974814385,0.9999872603095371,-2.879702146014391e-10,0.9999873429860533,0.9999872603095332,0.9999873559685465,0.999987548104857,0.9999873242350772,0.9999865741267328,0.9999873468968143,-3.473168404683656e-10,-1.2434675809116484e-06,0.9999872603095356,-7.822520104327827e-10,-3.4731684043669525e-10,0.9999857974814375,0.9999873251997395,0.9999860437889748,-2.504957858440558e-10,-3.50363350754813e-10,-2.527401432983677e-10,0.9999873468968136,-3.4709594213745696e-10,0.9999874093972492,0.9999872603095351,0.9999857386669665,-2.868951959897741e-10,-2.5049578558826346e-10,0.999986061849225,-3.473168404283641e-10,0.9999857974814393,0.9999861059649868,0.9999819400557991,0.9999873429860533,0.9999873468968138,0.9999873468968125,0.9999857974814399,-2.4529576960139393e-09,0.9999873468968139,0.9999873429860533,-3.47316840461044e-10,-3.6750873416298096e-10,-2.8689519643267016e-10
0.9999829479920439,0.9999858779087294,0.9999873407369446,-2.8797023676447365e-10,0.9999874234134658,0.9999873407369425,0.9999874363959618,0.9999876285322895,0.9999874046624933,0.9999866545540895,0.9999874273242289,-3.4731686665301694e-10,-6.258464218457179e-10,0.9999873407369441,-7.822520688260039e-10,-3.473168666212839e-10,0.9999858779087307,0.9999874056271498,0.9999861242162866,-2.5049580480994904e-10,-3.5036337718894883e-10,-2.5274016237599337e-10,0.9999874273242283,-3.4709596826058776e-10,0.999987489824669,0.9999873407369435,0.9999858190942547,-2.868952176282472e-10,-2.5049580446991784e-10,0.9999861422765384,-3.473168665980996e-10,0.9999858779087312,0.9999861863923019,0.9999873429860533,0.9999821009106321,0.9999874273242279,0.9999874273242267,0.999985877908731,-4.873678049955429e-06,0.9999874273242294,0.9999874234134676,-3.473168665712597e-10,-3.675087617956285e-10,-2.86895218088756e-10
0.9999829519028148,0.9999858818194859,0.9999873446477053,-2.879702376372536e-10,0.9999874273242263,0.9999873446477017,0.9999874403067226,0.9999876324430497,0.9999874085732551,0.9999866584648459,0.9999874312349899,-3.4731686798112743e-10,-6.258464242216006e-10,0.9999873446477056,-1.5542234161825903e-06,-3.4731686795644e-10,0.9999858818194861,0.999987409537913,0.9999861281270421,-2.504958057986896e-10,-3.503633786568854e-10,-2.527401633489643e-10,0.9999874312349878,-3.47095969597244e-10,0.99998749373543,0.9999873446477048,0.9999858230050086,-2.868952188276762e-10,-2.504958056946565e-10,0.9999861461872925,-3.473168679488639e-10,0.9999858818194869,0.9999861903030586,0.9999873468968138,0.9999874273242279,0.9999821087321578,0.999987431234987,0.9999858818194874,-4.873678068784318e-06,0.9999874312349896,0.9999874273242271,-3.4731686791401687e-10,-3.6750876313349226e-10,-2.868952191122409e-10
0.9999829519028152,0.9999858818194836,0.9999873446477036,-2.8797023763807915e-10,0.9999874273242263,0.9999873446477019,0.9999874403067218,0.9999876324430497,0.9999874085732532,0.999986658464845,0.9999874312349886,-3.473168680569369e-10,-6.258464242825009e-10,0.9999873446477043,-1.5542234161825884e-06,-3.4731686798289186e-10,0.9999858818194849,0.9999874095379101,0.9999861281270406,-2.504958057986896e-10,-3.503633786507954e-10,-2.5274016333348916e-10,0.9999874312349868,-3.4709596961932524e-10,0.9999874937354287,0.9999873446477034,0.9999858230050063,-2.868952187567511e-10,-2.504958056946565e-10,0.9999861461872922,-3.473168680454386e-10,0.9999858818194851,0.9999861903030576,0.9999873468968125,0.9999874273242267,0.999987431234987,0.9999821087321539,0.9999858818194856,-4.873678068784314e-06,0.9999874312349876,0.9999874273242263,-3.4731686798066023e-10,-3.6750876328582745e-10,-2.8689521918642053e-10
0.9999814024843405,0.9999843324063825,0.9999857952323358,-2.879697926934532e-10,0.9999858779087312,0.9999857952323338,0.9999858908912059,0.9999860830272355,0.9999858591577844,0.9999851090505391,0.9999858818194878,-6.90068068138268e-07,-1.2434657587006029e-06,0.9999857952323358,-1.5542210163398862e-06,-6.900680680401772e-07,0.999984332406381,0.999985860122445,0.9999845787135583,-2.5049541876985456e-10,-3.5036283746711967e-10,-2.527397728897845e-10,0.999985881819487,-6.896291751511128e-07,0.9999859443198307,0.9999857952323353,0.9999842735919952,-2.868947755131482e-10,-2.5049541854365235e-10,0.99998459677378,-6.900680679679831e-07,0.9999843324063825,0.9999846408894785,0.9999857974814399,0.999985877908731,0.9999858818194874,0.9999858818194856,0.9999790099035445,-4.873670495863611e-06,0.999985881819488,0.9999858779087323,-6.900680681108405e-07,-7.30186425266061e-07,-2.868947759316817e-10
-1.1418072037084717e-05,-4.873670495863603e-06,-4.873677645868071e-06,1.4185154308703529e-15,-4.873678049955431e-06,-4.87367764586806e-06,-4.873678113340325e-06,-2.4529583951430834e-09,-2.4529578485097455e-09,-2.4529560032050376e-09,-4.8736780687843196e-06,3.4007322020968215e-12,6.131276122495564e-12,-4.873677645868074e-06,7.66564719498441e-12,3.4007322013731136e-12,-4.873670495863606e-06,-4.873677963044805e-06,-4.873671699495955e-06,1.233907619696408e-15,1.7267492987966901e-15,1.2447171250258145e-15,-4.873678068784318e-06,3.3986407884228215e-12,-4.873678374161293e-06,-4.873677645868069e-06,-4.873670208405941e-06,1.4135075451640117e-15,1.2339143375777118e-15,-4.87367178793942e-06,3.4007322006517988e-12,-4.873670495863611e-06,-4.873672003180592e-06,-2.4529576960139393e-09,-4.873678049955429e-06,-4.873678068784318e-06,-4.873678068784314e-06,-4.873670495863611e-06,-5.322479924511798e-06,-4.873678068784323e-06,-4.873678049955434e-06,3.4007322010416497e-12,3.598659940384915e-12,1.4135589331826826e-15
0.9999829519028157,0.9999858818194856,0.9999873446477061,-2.8797023765985184e-10,0.9999874273242281,0.9999873446477028,0.999987440306723,0.999987632443052,0.9999874085732556,0.9999866584648488,0.9999874312349905,-3.473168680342286e-10,-6.258464244628315e-10,0.9999873446477063,-1.5542234161825937e-06,-3.4731686809819293e-10,0.9999858818194869,0.9999874095379134,0.9999861281270431,-2.504958059147714e-10,-3.5036337854965934e-10,-2.527401633486845e-10,0.9999874312349903,-3.4709596962965093e-10,0.999987493735431,0.9999873446477056,0.999985823005009,-2.868952187205563e-10,-2.504958056063448e-10,0.9999861461872939,-3.473168679897075e-10,0.9999858818194878,0.9999861903030615,0.9999873468968139,0.9999874273242294,0.9999874312349896,0.9999874312349876,0.999985881819488,-4.873678068784323e-06,0.99998210873216,0.9999874273242284,-3.473168679946557e-10,-3.6750876313349226e-10,-2.8689521918473427e-10
0.999982947992046,0.9999858779087314,0.9999873407369446,-2.879702366134534e-10,0.9999874234134668,0.9999873407369431,0.9999874363959619,0.9999876285322907,0.9999874046624943,0.9999866545540895,0.9999874273242292,-3.4731686666197815e-10,-6.258464217757761e-10,0.9999873407369446,-7.822520690542784e-10,-3.473168666055199e-10,0.99998587790873,0.9999874056271516,0.9999861242162877,-2.5049580474752213e-10,-3.5036337713280617e-10,-2.5274016233042306e-10,0.9999874273242281,-3.470959682291118e-10,0.9999874898246695,0.9999873407369444,0.9999858190942533,-2.868952175767514e-10,-2.504958044979679e-10,0.9999861422765394,-3.473168666572955e-10,0.9999858779087304,0.9999861863923034,0.9999873429860533,0.9999874234134676,0.9999874273242271,0.9999874273242263,0.9999858779087323,-4.873678049955434e-06,0.9999874273242284,0.9999821009106327,-3.473168666690776e-10,-3.6750876176661456e-10,-2.8689521806271836e-10
-7.234452181124625e-06,-6.90068068110839e-07,-3.473168382134567e-10,1.971977506186564e-16,-3.473168666496877e-10,-3.47316838121809e-10,-3.473168712156838e-10,-3.473169398004726e-10,-3.4731686180789393e-10,-3.473166019985401e-10,-3.473168681084107e-10,4.722546203536872e-13,8.503633864128037e-13,-3.4731683826700883e-10,1.0624859212717935e-12,4.722546201730989e-13,-6.900680681108396e-07,-3.4731686046647167e-10,-6.900682375907305e-07,1.717410113467561e-16,2.3995397468343126e-16,1.7312879312647222e-16,-3.4731686794850317e-10,4.719421123984243e-13,-3.47316889698828e-10,-3.473168381089995e-10,-6.900680276528597e-07,1.9664395395646933e-16,1.7137805951975175e-16,-6.900682499831294e-07,4.722546201187456e-13,-6.900680681108396e-07,-6.900682804005105e-07,-3.47316840461044e-10,-3.473168665712597e-10,-3.4731686791401687e-10,-3.4731686798066023e-10,-6.900680681108405e-07,3.4007322010416497e-12,-3.473168679946557e-10,-3.473168666690776e-10,-5.322503108329123e-06,4.996702751496645e-13,1.9629750133271955e-16
