0.9999999999039872,-3.617292694156482e-08,-3.463705060046481e-08,-3.2490170767825774e-08,0.48321517079649906,0.5167848060886493,0.999999724532126,-3.12830944641474e-08,0.9999997461046427,-2.9612066928904242e-08,-3.128309498368499e-08,-3.2490170333416656e-08,-3.2490170519809095e-08,-3.248298887710837e-08,0.9999997312162408,-3.3779838032729323e-08,-3.014603103194964e-08,-2.9829939604223535e-08,-3.014603049554311e-08,0.9999996088730385,-3.0146029740359084e-08,-3.501537949388497e-08,-3.128309525035053e-08,-3.4031122419530596e-08,-3.014603112342002e-08,-3.2490170439824786e-08,-3.1283095189705896e-08,0.9999997723383522,-3.837208076696734e-08,0.9999997427178388,0.9999997312162414,-2.9522342827508104e-08,-3.328550254044589e-08,-3.249017005803934e-08,0.9999997009806705,-3.2239854733931804e-08,-3.5015380289064513e-08,0.9999997069474941,0.9999997427178386,0.9999996916246974,-3.189402781864338e-08,-3.775333671555369e-08
-3.617292694156482e-08,9.767816508840762e-09,2.6630967200798686e-20,9.531009049103497e-21,-4.7938020398480604e-12,-7.21873350774357e-10,-5.1572446046252925e-12,8.428382194268971e-20,-1.0243317863481321e-08,-1.1711374548556358e-19,7.051007694056142e-20,-2.7224256203198285e-20,8.183974165003739e-21,2.989203879820506e-20,-5.1572445716352746e-12,-2.791451666186551e-20,2.976171206294142e-20,1.183076982236856e-19,2.976171206294142e-20,-5.157243976122911e-12,2.976171206294142e-20,-3.280501599286587e-20,-1.973728988489552e-20,2.1026789112001253e-16,1.102589058945222e-19,8.183974165003739e-21,6.590908727818715e-20,-1.0243318146927273e-08,3.078930859927222e-19,-1.024331784314643e-08,-5.157244529745522e-12,1.1639158103865025e-19,-1.4869681374651638e-19,8.183974165003739e-21,-1.0243317422258583e-08,4.954777770628907e-20,-1.18608332131415e-19,-1.024331758915276e-08,-1.0243317843146412e-08,-1.0243317458424575e-08,1.5527703001418323e-19,1.7949211985504155e-19
-3.463705060046481e-08,2.6630967200798686e-20,9.767817486916861e-09,-9.385539154591743e-21,-4.1588960579816484e-12,-2.2507547116535698e-13,-4.383970261007964e-12,5.27937585930214e-20,-8.707440953695357e-09,-9.955793865839865e-20,1.3189449350097585e-19,-8.032819131628638e-20,-4.640517241072669e-20,3.3695211081904154e-19,-8.707441139274749e-09,-1.4101376816058354e-20,3.3226724163473317e-20,1.7146451259245895e-19,-3.122513057828365e-20,-4.383969957113728e-12,3.3226724163473317e-20,-2.5354611113363836e-19,-2.5319634880281498e-20,9.899183619880164e-20,3.3558181392302586e-20,-8.458167595518428e-20,7.153382223602457e-20,-8.70744120647492e-09,3.5685224270608693e-19,-8.707440970693492e-09,-8.707441139274778e-09,5.044951122294278e-20,6.657422775151912e-20,-4.640517241072669e-20,-4.383970078005656e-12,8.533218124791553e-20,-2.5354611113363836e-19,-4.383970294983113e-12,-8.707440970693472e-09,-4.3839701279720806e-12,2.2188712311234934e-19,4.2679057523978232e-19
-3.2490170767825774e-08,9.531009049103497e-21,-9.385539154591743e-21,9.767817290161512e-09,-1.6741669706952786e-12,-1.628906173438002e-12,-3.3030721979915074e-12,1.8362953129933273e-20,-6.560561505561482e-09,1.0452231953106824e-20,-5.6316648924872e-20,2.6822618342157452e-17,2.6822625613587404e-17,-4.127983667541845e-20,-3.30307232046751e-12,3.513668402611399e-17,4.623201131452194e-20,-8.656501081283259e-20,2.0321048857597925e-20,-3.3030718233364007e-12,-1.1495252043234168e-21,-1.4703759463628646e-21,1.8362953129933273e-20,4.084955636057764e-21,-1.1495252043234168e-21,2.6822623832661264e-17,-5.6316648924872e-20,-6.560561677832475e-09,-7.512719421007803e-20,-6.560561470363368e-09,-3.3030722982728542e-12,8.512948678673512e-22,3.051565813343229e-20,2.6822617424030042e-17,-6.560561137037566e-09,-2.4706095918550504e-20,-1.4703759463628646e-21,-3.3030721998973505e-12,-6.560561470363363e-09,-3.303071956617136e-12,-6.784985580742101e-20,2.56407754709244e-20
0.48321517079649906,-4.7938020398480604e-12,-4.1588960579816484e-12,-1.6741669706952786e-12,0.4832152785884341,-5.9631010614551345e-12,0.4832151297078224,-1.8357585677900173e-12,0.48321513008931793,-6.619658339817466e-13,-1.835758595915682e-12,-1.6741666970801635e-12,-1.6741669262764027e-12,-6.989610691199751e-12,0.4832151304083591,-2.1364487787990337e-12,-2.0092914344878426e-12,-4.417302803816511e-12,-2.009291532383899e-12,0.4832150794189244,-2.0092910712505264e-12,1.814784887852609e-12,-1.8357584225770407e-12,-4.617449227014134e-12,-2.0092915979885725e-12,-1.6741666778349075e-12,-1.8357583436238924e-12,0.48321514333998866,-7.532870843140128e-12,0.48321512955997425,0.4832151304083603,-1.6780525099318531e-12,-7.830663060949781e-13,-1.674166523246582e-12,0.4832151112426863,-2.2524262070631985e-12,1.8147848919943688e-12,0.48321512113882514,0.4832151295599738,0.4832151148160207,-3.643550948925958e-12,-8.202978754544807e-12
0.5167848060886493,-7.21873350774357e-10,-2.2507547116535698e-13,-1.628906173438002e-12,-5.9631010614551345e-12,0.5167849149060175,0.5167847422805066,-8.595836472280388e-13,0.516784763471529,-1.1920570918777086e-12,-8.595836527177329e-13,-1.6289063999081255e-12,-1.6289063983533036e-12,7.329381176078176e-09,0.5167847482640865,-1.8159383540588566e-12,-2.2556986958146622e-10,4.8733138565583974e-09,-2.2557001410638153e-10,0.5167846769103035,-2.2556948646406839e-10,-1.2690297008811456e-08,-8.595839251990114e-13,1.0696613892175614e-09,-2.255701149324291e-10,-1.628906502485858e-12,-8.595839589053513e-13,0.5167847764545721,2.519311620712751e-09,0.5167847606140697,0.5167847482640858,-1.307957733198112e-13,-2.9204355499745003e-12,-1.6289061579745673e-12,0.5167847371941855,-9.246189501560501e-13,-1.2690296814621579e-08,0.5167847332648686,0.5167847606140694,0.5167847242648754,6.406197242648287e-13,4.469022881606083e-09
0.999999724532126,-5.1572446046252925e-12,-4.383970261007964e-12,-3.3030721979915074e-12,0.4832151297078224,0.5167847422805066,0.999999603473556,-2.6953415330509943e-12,0.9999996152782525,-1.854022186249276e-12,-2.695341654867098e-12,-3.3030721401362997e-12,-3.3030724603901464e-12,-3.2994564620961215e-12,0.9999996003898544,-3.952385972781243e-12,-2.1228592322959116e-12,-1.9637150461434566e-12,-2.1228593621075785e-12,0.9999994780466722,-2.122858560446962e-12,-4.574449559064629e-12,-2.6953416816482645e-12,-8.101512136862335e-09,-2.1228595528798287e-12,-3.3030722482846977e-12,-2.6953416819832597e-12,0.9999996415119597,-6.264460209056725e-12,0.9999996118914514,0.9999996003898569,-1.8088479244275063e-12,-7.3558918536297455e-09,-3.3030716993834925e-12,0.9999995701542901,-3.177044452072504e-12,-4.574449430661316e-12,0.9999995761211122,0.99999961189145,0.9999995607983184,-3.002930653831616e-12,-1.1823726742326507e-08
-3.12830944641474e-08,8.428382194268971e-20,5.27937585930214e-20,1.8362953129933273e-20,-1.8357585677900173e-12,-8.595836472280388e-13,-2.6953415330509943e-12,9.767817306330532e-09,-5.353486538665097e-09,1.2111884032172374e-21,3.945571159950532e-17,1.1782074747785692e-20,1.1782074747785692e-20,6.691955286179651e-20,-2.695341532333595e-12,1.8576959272596718e-20,-2.1980072665073338e-20,3.868776090826279e-20,-2.1980072665073338e-20,-2.6953411698081395e-12,1.757841689587434e-20,-8.13773290724922e-20,3.9455707790967413e-17,4.4827198280604396e-20,-7.123792786297051e-20,2.3519266908702498e-20,3.9455703663912597e-17,-2.695341549258946e-12,1.9010139305166924e-20,-5.353486530888852e-09,-2.6953415747617904e-12,-5.1205903596869924e-20,-3.6574203437295254e-20,-5.6316648924872e-20,-5.353486334422814e-09,4.8697246985034606e-17,2.2748537784478603e-20,-2.6953414868001803e-12,-5.353486530888855e-09,-2.6953413793481747e-12,6.083197837526883e-20,8.316260723994531e-20
0.9999997461046427,-1.0243317863481321e-08,-8.707440953695357e-09,-6.560561505561482e-09,0.48321513008931793,0.516784763471529,0.9999996152782525,-5.353486538665097e-09,0.999999646618585,-3.6824586957774855e-09,-5.353486796374608e-09,-6.5605612792590276e-09,-6.5605618647234684e-09,-6.553379226771182e-09,0.9999996219623671,-7.850228379489315e-09,-4.216422491233701e-09,-3.900330098580746e-09,-4.216422830204275e-09,0.9999994996191813,-4.2164213866586635e-09,-9.085770134865835e-09,-5.3534868392647505e-09,-8.101512105960646e-09,-4.216423061331398e-09,-6.560561626340039e-09,-5.353486951336049e-09,0.9999996630844733,-1.2442469779666376e-08,0.9999996334639641,0.999999621962369,-3.5927330364723495e-09,-7.355892580871465e-09,-6.560560516023248e-09,0.9999995917268015,-6.310244715104862e-09,-9.085769932447601e-09,0.9999995976936247,0.9999996334639634,0.9999995823708295,-5.964419710949875e-09,-1.1823726562989957e-08
-2.9612066928904242e-08,-1.1711374548556358e-19,-9.955793865839865e-20,1.0452231953106824e-20,-6.619658339817466e-13,-1.1920570918777086e-12,-1.854022186249276e-12,1.2111884032172374e-21,-3.6824586957774855e-09,9.767817298530692e-09,5.893300196507127e-20,2.4311605349902303e-20,1.0452231953106824e-20,-2.0315114517245483e-16,-1.854022266762813e-12,2.207738010924566e-20,1.4821816242715238e-20,-1.2900661761381078e-16,-7.626631030587952e-20,-1.8540218543623127e-12,3.556997949756378e-20,-9.369128580023037e-21,-2.847621426463582e-20,-3.159637767403239e-20,1.4821816242715238e-20,1.0452231953106824e-20,1.2111884032172374e-21,-1.8540224103966344e-12,-2.6610251757263833e-16,-1.854022336994869e-12,-1.8540222742788155e-12,-2.868004231298784e-17,7.779093401887559e-17,2.4311605349902303e-20,-1.854022210420274e-12,4.6840447648107096e-20,-9.369128580023037e-21,-1.854022115562452e-12,-1.85402236864654e-12,-1.8540220857025343e-12,-4.0468492990026854e-20,-7.354595010958913e-20
-3.128309498368499e-08,7.051007694056142e-20,1.3189449350097585e-19,-5.6316648924872e-20,-1.835758595915682e-12,-8.595836527177329e-13,-2.695341654867098e-12,3.945571159950532e-17,-5.353486796374608e-09,5.893300196507127e-20,9.767817306330532e-09,2.7706301513870535e-20,2.3519266908702498e-20,7.237804710009329e-20,-2.6953416420607777e-12,2.6397586631196993e-20,-2.1980072665073338e-20,7.745949263424971e-20,-8.992233165032751e-20,-2.6953412851818716e-12,-7.705479790475414e-20,-8.137732586508526e-20,3.94557102969784e-17,-1.0248353127666815e-19,-5.640013685871769e-20,2.3519266908702498e-20,3.94557061699235e-17,-2.6953416347622263e-12,8.311520545767463e-20,-5.353486788598352e-09,-2.6953416281836387e-12,7.380852536805003e-20,-4.0260199385491704e-20,-5.6316648924872e-20,-5.3534865921323e-09,4.869725008261998e-17,-6.568525567321376e-20,-2.695341681729425e-12,-5.353486788598345e-09,-2.695341615124191e-12,1.0031669477322804e-19,8.281561628619274e-20
-3.2490170333416656e-08,-2.7224256203198285e-20,-8.032819131628638e-20,2.6822618342157452e-17,-1.6741666970801635e-12,-1.6289063999081255e-12,-3.3030721401362997e-12,1.1782074747785692e-20,-6.5605612792590276e-09,2.4311605349902303e-20,2.7706301513870535e-20,9.767817290161512e-09,2.6822621188305373e-17,-7.090208574606877e-20,-3.303072142943029e-12,3.513667755271701e-17,4.623201131452194e-20,-8.656501081283259e-20,2.0321048857597925e-20,-3.3030716665394074e-12,-1.1495252043234168e-21,1.0205868224830555e-19,-5.6316648924872e-20,4.110885920929058e-20,2.0321048857597925e-20,2.68226194073794e-17,-5.6316648924872e-20,-6.560561451530011e-09,-7.512719421007803e-20,-6.560561244060923e-09,-3.3030721423215057e-12,-3.585247265275264e-21,6.732092703871632e-20,2.682261299874788e-17,-6.560560910735092e-09,-2.9787675326107543e-20,-1.4703759463628646e-21,-3.303072038837049e-12,-6.560561244060914e-09,-3.3030720119777525e-12,-5.3842628939484874e-21,-3.7194007953392454e-20
-3.2490170519809095e-08,8.183974165003739e-21,-4.640517241072669e-20,2.6822625613587404e-17,-1.6741669262764027e-12,-1.6289063983533036e-12,-3.3030724603901464e-12,1.1782074747785692e-20,-6.5605618647234684e-09,1.0452231953106824e-20,2.3519266908702498e-20,2.6822621188305373e-17,9.767817290161512e-09,-5.925957725558042e-20,-3.303072469205331e-12,3.5136687222125966e-17,4.623201131452194e-20,-1.0415995929731312e-19,-8.186257408993673e-21,-3.3030719989633467e-12,-1.1495252043234168e-21,-1.4703759463628646e-21,-5.6316648924872e-20,-3.870353783256527e-20,4.623201131452194e-20,2.682262667880964e-17,1.713678387899816e-20,-6.5605620369944834e-09,-9.763535669412384e-20,-6.560561829525369e-09,-3.303072469205331e-12,8.512948678673512e-22,6.732092703871632e-20,2.6822620270178374e-17,-6.560561496199544e-09,-2.9787675326107543e-20,1.0205868224830555e-19,-3.303072394817546e-12,-6.5605618295253675e-09,-3.30307224391204e-12,3.4509551569889553e-20,-9.067490643207293e-20
-3.248298887710837e-08,2.989203879820506e-20,3.3695211081904154e-19,-4.127983667541845e-20,-6.989610691199751e-12,7.329381176078176e-09,-3.2994564620961215e-12,6.691955286179651e-20,-6.553379226771182e-09,-2.0315114517245483e-16,7.237804710009329e-20,-7.090208574606877e-20,-5.925957725558042e-20,9.767817700765008e-09,-3.29945636738781e-12,-9.052582727600329e-21,-2.933570845033907e-20,4.4059621215454365e-16,9.366295420441623e-20,-3.2994562468257336e-12,-7.322871356590572e-21,-2.5177880136439418e-19,7.487926105386323e-20,3.669620665017578e-19,-2.933570845033907e-20,-4.127983667541845e-20,2.48380423121427e-19,-6.553379430630035e-09,4.772495234678171e-19,-6.553379250150913e-09,-3.299456269401525e-12,4.181484329123536e-20,-4.286610581744972e-16,-5.4076972757263264e-20,-6.553379042202353e-09,1.0685505943811873e-19,-1.7526329063010383e-19,-6.553379387089936e-09,-6.5533792501508986e-09,-3.2994561412932568e-12,1.837240170417885e-19,3.474385597094488e-19
0.9999997312162408,-5.1572445716352746e-12,-8.707441139274749e-09,-3.30307232046751e-12,0.4832151304083591,0.5167847482640865,0.9999996003898544,-2.695341532333595e-12,0.9999996219623671,-1.854022266762813e-12,-2.6953416420607777e-12,-3.303072142943029e-12,-3.303072469205331e-12,-3.29945636738781e-12,0.9999996168417864,-3.952386083912155e-12,-2.122859197929778e-12,-1.9637150651128507e-12,-2.1228594166290204e-12,0.999999484730786,-2.122858641995598e-12,-9.085769723331333e-09,-2.695341658759818e-12,-4.078900865126226e-12,-2.1228595163011294e-12,-3.3030723312215543e-12,-2.6953417360476646e-12,0.9999996481960752,-1.244246988980926e-08,0.9999996185755655,0.999999607073971,-1.8088478022497946e-12,-7.355892145103334e-09,-3.303071750308716e-12,0.9999995768384029,-3.177044363598055e-12,-9.085769520913125e-09,0.9999995828052256,0.999999618575565,0.9999995674824312,-5.964419954382174e-09,-1.1823726685196099e-08
-3.3779838032729323e-08,-2.791451666186551e-20,-1.4101376816058354e-20,3.513668402611399e-17,-2.1364487787990337e-12,-1.8159383540588566e-12,-3.952385972781243e-12,1.8576959272596718e-20,-7.850228379489315e-09,2.207738010924566e-20,2.6397586631196993e-20,3.513667755271701e-17,3.5136687222125966e-17,-9.052582727600329e-21,-3.952386083912155e-12,9.7678172717432e-09,8.309306276647073e-20,-1.0347605466918444e-19,-1.4148818155917626e-20,-3.952385451885601e-12,3.755004202980474e-20,5.393623911301822e-20,5.777859802895184e-21,-2.680935942484578e-20,-8.751076646378382e-22,3.513668461602241e-17,1.8576959272596718e-20,-7.850228586293228e-09,2.99422418029346e-20,-7.850228342822557e-09,-3.952386047656877e-12,7.932476595386447e-20,2.577638858330448e-20,3.513667624565829e-17,-7.850227964993332e-09,3.582042896667429e-20,1.6093801342141154e-21,-3.952385822141808e-12,-7.850228342822552e-09,-7.850227813232308e-09,5.700536491515307e-20,1.0015326964725133e-19
-3.014603103194964e-08,2.976171206294142e-20,3.3226724163473317e-20,4.623201131452194e-20,-2.0092914344878426e-12,-2.2556986958146622e-10,-2.1228592322959116e-12,-2.1980072665073338e-20,-4.216422491233701e-09,1.4821816242715238e-20,-2.1980072665073338e-20,4.623201131452194e-20,4.623201131452194e-20,-2.933570845033907e-20,-2.122859197929778e-12,8.309306276647073e-20,9.767817425953129e-09,2.790623248404916e-20,2.8560663743250364e-17,-2.1228589595928236e-12,2.8560657734474933e-17,-2.5479609882905183e-20,1.757841689587434e-20,-4.7051346860977567e-20,2.856066041879592e-17,-3.8596061344751e-20,-7.123792786297051e-20,-4.216422608869469e-09,1.1705243871261253e-19,-2.1228592092969176e-12,-2.122859219658224e-12,1.2941556011602628e-19,-3.4947573719956e-20,-8.186257408993673e-21,-2.1228591206571604e-12,3.0363449511945386e-20,-1.1476013038663014e-19,-2.1228592217846517e-12,-2.1228592312618175e-12,-2.1228591893572245e-12,1.0628421599578632e-19,4.498693565406366e-20
-2.9829939604223535e-08,1.183076982236856e-19,1.7146451259245895e-19,-8.656501081283259e-20,-4.417302803816511e-12,4.8733138565583974e-09,-1.9637150461434566e-12,3.868776090826279e-20,-3.900330098580746e-09,-1.2900661761381078e-16,7.745949263424971e-20,-8.656501081283259e-20,-1.0415995929731312e-19,4.4059621215454365e-16,-1.9637150651128507e-12,-1.0347605466918444e-19,2.790623248404916e-20,9.767816112927347e-09,1.4235367519089337e-19,-1.9637149569554766e-12,1.6207111355325346e-19,-1.3715046877620812e-19,1.0537212234573847e-19,5.1872771209503356e-20,2.790623248404916e-20,-1.0631931991095345e-19,1.0537212234573847e-19,-3.900330219584376e-09,5.159174271264616e-19,-1.963714946028123e-12,-1.9637149973555597e-12,1.7744757818113164e-16,-2.746519339483799e-16,-4.2895678494038625e-20,-1.9637149322009194e-12,6.601117161081498e-20,-1.6878125530306902e-19,-1.9637149295002458e-12,-1.9637149201135254e-12,-1.9637150088001863e-12,1.874540649070551e-19,9.068799570913032e-20
-3.014603049554311e-08,2.976171206294142e-20,-3.122513057828365e-20,2.0321048857597925e-20,-2.009291532383899e-12,-2.2557001410638153e-10,-2.1228593621075785e-12,-2.1980072665073338e-20,-4.216422830204275e-09,-7.626631030587952e-20,-8.992233165032751e-20,2.0321048857597925e-20,-8.186257408993673e-21,9.366295420441623e-20,-2.1228594166290204e-12,-1.4148818155917626e-20,2.8560663743250364e-17,1.4235367519089337e-19,9.767817425953129e-09,-2.122859149226711e-12,2.856065997285337e-17,-1.1476013038663014e-19,-5.640013685871769e-20,8.279936125722687e-20,2.8560662657174237e-17,4.623201131452194e-20,-5.640013685871769e-20,-4.216422947840037e-09,3.91834754406231e-20,-2.1228594240217666e-12,-2.1228594166290204e-12,6.901816241197541e-20,-2.664436288140792e-20,2.0321048857597925e-20,-2.1228593588157623e-12,4.7495387848138667e-20,-1.210176547213533e-19,-2.122859439436999e-12,-2.1228594144333087e-12,-2.1228593310959436e-12,5.677518766868295e-20,9.591895988073967e-20
0.9999996088730385,-5.157243976122911e-12,-4.383969957113728e-12,-3.3030718233364007e-12,0.4832150794189244,0.5167846769103035,0.9999994780466722,-2.6953411698081395e-12,0.9999994996191813,-1.8540218543623127e-12,-2.6953412851818716e-12,-3.3030716665394074e-12,-3.3030719989633467e-12,-3.2994562468257336e-12,0.999999484730786,-3.952385451885601e-12,-2.1228589595928236e-12,-1.9637149569554766e-12,-2.122859149226711e-12,0.9999993721554326,-2.122858456513515e-12,-9.085768271073537e-09,-2.695341365049527e-12,-4.078900486908216e-12,-2.1228592041835868e-12,-3.3030717906586318e-12,-2.695341389501435e-12,0.9999995258528855,-1.244246869344861e-08,0.9999994962323806,0.9999994847307889,-1.8088477165678378e-12,-3.703500174501422e-12,-3.3030712740512993e-12,0.999999454495224,-3.177043983486869e-12,-9.085768068655349e-09,0.9999994604620456,0.9999994962323793,0.9999994451392525,-3.0029304304711784e-12,-5.952938629973698e-12
-3.0146029740359084e-08,2.976171206294142e-20,3.3226724163473317e-20,-1.1495252043234168e-21,-2.0092910712505264e-12,-2.2556948646406839e-10,-2.122858560446962e-12,1.757841689587434e-20,-4.2164213866586635e-09,3.556997949756378e-20,-7.705479790475414e-20,-1.1495252043234168e-21,-1.1495252043234168e-21,-7.322871356590572e-21,-2.122858641995598e-12,3.755004202980474e-20,2.8560657734474933e-17,1.6207111355325346e-19,2.856065997285337e-17,-2.122858456513515e-12,9.767817425953129e-09,-1.905739579326193e-19,-7.705479790475414e-20,9.508500293805663e-20,2.8560656648399e-17,2.0321048857597925e-20,-8.992233165032751e-20,-4.21642150429439e-09,3.5142821985032575e-20,-2.1228586792543375e-12,-2.1228586932280542e-12,1.909819455888098e-20,-2.562402076789515e-20,-1.1495252043234168e-21,-2.122858678698033e-12,8.323564766468519e-20,-5.792704907056675e-20,-2.1228586455948154e-12,-2.122858667963038e-12,-2.1228586522053574e-12,5.677518766868295e-20,5.099993129440369e-20
-3.501537949388497e-08,-3.280501599286587e-20,-2.5354611113363836e-19,-1.4703759463628646e-21,1.814784887852609e-12,-1.2690297008811456e-08,-4.574449559064629e-12,-8.13773290724922e-20,-9.085770134865835e-09,-9.369128580023037e-21,-8.137732586508526e-20,1.0205868224830555e-19,-1.4703759463628646e-21,-2.5177880136439418e-19,-9.085769723331333e-09,5.393623911301822e-20,-2.5479609882905183e-20,-1.3715046877620812e-19,-1.1476013038663014e-19,-9.085768271073537e-09,-1.905739579326193e-19,9.767817077942231e-09,-8.294213446467919e-20,-1.0990479737858061e-19,-1.210176547213533e-19,-1.4703759463628646e-21,-6.568525567321376e-20,-9.085770361292886e-09,-3.6150187481660307e-16,-9.085770063308499e-09,-9.085769723331326e-09,-3.6798217789180775e-20,1.7003263025011459e-19,-1.4703759463628646e-21,-4.574449358732096e-12,7.131480092771063e-21,3.9540762230873583e-16,-4.574449395017511e-12,-9.085770063308504e-09,-4.5744493688029654e-12,1.048081197553215e-19,-4.065308140514167e-16
-3.128309525035053e-08,-1.973728988489552e-20,-2.5319634880281498e-20,1.8362953129933273e-20,-1.8357584225770407e-12,-8.595839251990114e-13,-2.6953416816482645e-12,3.9455707790967413e-17,-5.3534868392647505e-09,-2.847621426463582e-20,3.94557102969784e-17,-5.6316648924872e-20,-5.6316648924872e-20,7.487926105386323e-20,-2.695341658759818e-12,5.777859802895184e-21,1.757841689587434e-20,1.0537212234573847e-19,-5.640013685871769e-20,-2.695341365049527e-12,-7.705479790475414e-20,-8.294213446467919e-20,9.767817306330532e-09,1.4420368323567486e-20,-5.640014313581179e-20,1.713678387899816e-20,3.94557023613855e-17,-2.695341711783466e-12,8.311520545767463e-20,-5.353486831488514e-09,-2.6953416843884833e-12,8.367883423451174e-20,-4.0260199385491704e-20,2.3519266908702498e-20,-5.353486635022428e-09,4.8697245074725414e-17,-8.137732586508526e-20,-2.6953416391354437e-12,-5.3534868314885024e-09,-2.6953416379762442e-12,4.789686433296734e-20,1.9558281143702853e-20
-3.4031122419530596e-08,2.1026789112001253e-16,9.899183619880164e-20,4.084955636057764e-21,-4.617449227014134e-12,1.0696613892175614e-09,-8.101512136862335e-09,4.4827198280604396e-20,-8.101512105960646e-09,-3.159637767403239e-20,-1.0248353127666815e-19,4.110885920929058e-20,-3.870353783256527e-20,3.669620665017578e-19,-4.078900865126226e-12,-2.680935942484578e-20,-4.7051346860977567e-20,5.1872771209503356e-20,8.279936125722687e-20,-4.078900486908216e-12,9.508500293805663e-20,-1.0990479737858061e-19,1.4420368323567486e-20,9.767816368807025e-09,-1.64039816340349e-19,1.0728439304747669e-20,1.0527356846993653e-19,-8.101512338126025e-09,2.253462718592548e-19,-8.101512098490472e-09,-4.078900928276799e-12,1.0651576054013166e-19,-9.703322956714414e-20,-2.4329631048855644e-20,-8.101511778707228e-09,-1.3981285967498284e-20,-1.1838708421651507e-19,-4.0789009126719676e-12,-8.101512098490444e-09,-4.078900740515039e-12,1.48291418205128e-19,9.426334095331123e-20
-3.014603112342002e-08,1.102589058945222e-19,3.3558181392302586e-20,-1.1495252043234168e-21,-2.0092915979885725e-12,-2.255701149324291e-10,-2.1228595528798287e-12,-7.123792786297051e-20,-4.216423061331398e-09,1.4821816242715238e-20,-5.640013685871769e-20,2.0321048857597925e-20,4.623201131452194e-20,-2.933570845033907e-20,-2.1228595163011294e-12,-8.751076646378382e-22,2.856066041879592e-17,2.790623248404916e-20,2.8560662657174237e-17,-2.1228592041835868e-12,2.8560656648399e-17,-1.210176547213533e-19,-5.640014313581179e-20,-1.64039816340349e-19,9.767817425953129e-09,-8.186257408993673e-21,-5.640013685871769e-20,-4.216423178967181e-09,3.91834754406231e-20,-2.122859548128714e-12,-2.122859528773647e-12,4.529530401994784e-20,-5.02913502943687e-20,-1.1495252043234168e-21,-2.122859454827176e-12,6.822595228348052e-20,-2.5479609882905183e-20,-2.1228595265958013e-12,-2.1228595441073295e-12,-2.1228594405531687e-12,7.493687500221217e-20,9.006057452256043e-20
-3.2490170439824786e-08,8.183974165003739e-21,-8.458167595518428e-20,2.6822623832661264e-17,-1.6741666778349075e-12,-1.628906502485858e-12,-3.3030722482846977e-12,2.3519266908702498e-20,-6.560561626340039e-09,1.0452231953106824e-20,2.3519266908702498e-20,2.68226194073794e-17,2.682262667880964e-17,-4.127983667541845e-20,-3.3030723312215543e-12,3.513668461602241e-17,-3.8596061344751e-20,-1.0631931991095345e-19,4.623201131452194e-20,-3.3030717906586318e-12,2.0321048857597925e-20,-1.4703759463628646e-21,1.713678387899816e-20,1.0728439304747669e-20,-8.186257408993673e-21,9.767817290161512e-09,2.3519266908702498e-20,-6.560561798611028e-09,-7.512719421007803e-20,-6.560561591141932e-09,-3.3030724479045796e-12,2.2633653626329068e-20,9.066326778433229e-20,2.682261848925229e-17,-6.5605612578161015e-09,-2.4706095918550504e-20,1.2307132302988404e-19,-3.3030722363211255e-12,-6.560561591141922e-09,-3.3030722397737633e-12,-5.2016933769984895e-21,-9.067490643207293e-20
-3.1283095189705896e-08,6.590908727818715e-20,7.153382223602457e-20,-5.6316648924872e-20,-1.8357583436238924e-12,-8.595839589053513e-13,-2.6953416819832597e-12,3.9455703663912597e-17,-5.353486951336049e-09,1.2111884032172374e-21,3.94557061699235e-17,-5.6316648924872e-20,1.713678387899816e-20,2.48380423121427e-19,-2.6953417360476646e-12,1.8576959272596718e-20,-7.123792786297051e-20,1.0537212234573847e-19,-5.640013685871769e-20,-2.695341389501435e-12,-8.992233165032751e-20,-6.568525567321376e-20,3.94557023613855e-17,1.0527356846993653e-19,-5.640013685871769e-20,2.3519266908702498e-20,9.767817306330532e-09,-2.6953417412979217e-12,1.0170466446920296e-19,-5.353486943559802e-09,-2.695341713369087e-12,8.809445572498237e-20,-3.6574203437295254e-20,-5.6316648924872e-20,-5.35348674709373e-09,4.869724009660167e-17,-8.779664019169367e-20,-2.695341664861182e-12,-5.353486943559791e-09,-2.695341608915656e-12,-4.295820510017583e-20,6.3848478531205e-20
0.9999997723383522,-1.0243318146927273e-08,-8.70744120647492e-09,-6.560561677832475e-09,0.48321514333998866,0.5167847764545721,0.9999996415119597,-2.695341549258946e-12,0.9999996630844733,-1.8540224103966344e-12,-2.6953416347622263e-12,-6.560561451530011e-09,-6.5605620369944834e-09,-6.553379430630035e-09,0.9999996481960752,-7.850228586293228e-09,-4.216422608869469e-09,-3.900330219584376e-09,-4.216422947840037e-09,0.9999995258528855,-4.21642150429439e-09,-9.085770361292886e-09,-2.695341711783466e-12,-8.101512338126025e-09,-4.216423178967181e-09,-6.560561798611028e-09,-2.6953417412979217e-12,0.999999699085997,-1.2442470131383339e-08,0.9999996596976712,0.9999996481960739,-1.8088478340675933e-12,-3.703501105838174e-12,-6.560560688294206e-09,0.9999996179605084,-3.1770445256133526e-12,-9.085770158874634e-09,0.9999996239273294,0.9999996596976697,0.999999608604535,-3.0029305610362166e-12,-1.1823726904507146e-08
-3.837208076696734e-08,3.078930859927222e-19,3.5685224270608693e-19,-7.512719421007803e-20,-7.532870843140128e-12,2.519311620712751e-09,-6.264460209056725e-12,1.9010139305166924e-20,-1.2442469779666376e-08,-2.6610251757263833e-16,8.311520545767463e-20,-7.512719421007803e-20,-9.763535669412384e-20,4.772495234678171e-19,-1.244246988980926e-08,2.99422418029346e-20,1.1705243871261253e-19,5.159174271264616e-19,3.91834754406231e-20,-1.244246869344861e-08,3.5142821985032575e-20,-3.6150187481660307e-16,8.311520545767463e-20,2.253462718592548e-19,3.91834754406231e-20,-7.512719421007803e-20,1.0170466446920296e-19,-1.2442470131383339e-08,9.767816888579349e-09,-1.2442469779653718e-08,-1.2442469889809387e-08,2.2130894992998017e-19,-5.400630611164544e-16,-5.983170659704024e-21,-6.2644599265269275e-12,1.3443051374656121e-19,-3.6150184554580563e-16,-6.264459967659689e-12,-1.2442469779653672e-08,-6.264459994988692e-12,4.414942868007091e-19,7.41422947172761e-19
0.9999997427178388,-1.024331784314643e-08,-8.707440970693492e-09,-6.560561470363368e-09,0.48321512955997425,0.5167847606140697,0.9999996118914514,-5.353486530888852e-09,0.9999996334639641,-1.854022336994869e-12,-5.353486788598352e-09,-6.560561244060923e-09,-6.560561829525369e-09,-6.553379250150913e-09,0.9999996185755655,-7.850228342822557e-09,-2.1228592092969176e-12,-1.963714946028123e-12,-2.1228594240217666e-12,0.9999994962323806,-2.1228586792543375e-12,-9.085770063308499e-09,-5.353486831488514e-09,-8.101512098490472e-09,-2.122859548128714e-12,-6.560561591141932e-09,-5.353486943559802e-09,0.9999996596976712,-1.2442469779653718e-08,0.9999996398449787,0.9999996185755675,-1.8088478063312395e-12,-7.355892507381956e-09,-6.560560480825137e-09,0.9999995883399996,-6.310244708130606e-09,-9.085769860890251e-09,0.9999995943068221,0.9999996300771601,0.9999995789840271,-5.9644197396844724e-09,-1.182372656479538e-08
0.9999997312162414,-5.157244529745522e-12,-8.707441139274778e-09,-3.3030722982728542e-12,0.4832151304083603,0.5167847482640858,0.9999996003898569,-2.6953415747617904e-12,0.999999621962369,-1.8540222742788155e-12,-2.6953416281836387e-12,-3.3030721423215057e-12,-3.303072469205331e-12,-3.299456269401525e-12,0.999999607073971,-3.952386047656877e-12,-2.122859219658224e-12,-1.9637149973555597e-12,-2.1228594166290204e-12,0.9999994847307889,-2.1228586932280542e-12,-9.085769723331326e-09,-2.6953416843884833e-12,-4.078900928276799e-12,-2.122859528773647e-12,-3.3030724479045796e-12,-2.695341713369087e-12,0.9999996481960739,-1.2442469889809387e-08,0.9999996185755675,0.9999996168417887,-1.8088478531454473e-12,-7.35589214510334e-09,-3.3030718149969677e-12,0.9999995768384047,-3.177044411247022e-12,-9.085769520913098e-09,0.9999995828052272,0.9999996185755662,0.999999567482433,-5.9644199543822014e-09,-1.1823726685196236e-08
-2.9522342827508104e-08,1.1639158103865025e-19,5.044951122294278e-20,8.512948678673512e-22,-1.6780525099318531e-12,-1.307957733198112e-13,-1.8088479244275063e-12,-5.1205903596869924e-20,-3.5927330364723495e-09,-2.868004231298784e-17,7.380852536805003e-20,-3.585247265275264e-21,8.512948678673512e-22,4.181484329123536e-20,-1.8088478022497946e-12,7.932476595386447e-20,1.2941556011602628e-19,1.7744757818113164e-16,6.901816241197541e-20,-1.8088477165678378e-12,1.909819455888098e-20,-3.6798217789180775e-20,8.367883423451174e-20,1.0651576054013166e-19,4.529530401994784e-20,2.2633653626329068e-20,8.809445572498237e-20,-1.8088478340675933e-12,2.2130894992998017e-19,-1.8088478063312395e-12,-1.8088478531454473e-12,9.767817323313495e-09,4.337477935030367e-20,8.512948678673512e-22,-1.8088477838273656e-12,4.197541743001936e-20,-6.57717516310908e-20,-1.8088477936821163e-12,-1.808847806349796e-12,-1.8088478716153778e-12,-1.337338486068377e-21,1.5721921771742655e-19
-3.328550254044589e-08,-1.4869681374651638e-19,6.657422775151912e-20,3.051565813343229e-20,-7.830663060949781e-13,-2.9204355499745003e-12,-7.3558918536297455e-09,-3.6574203437295254e-20,-7.355892580871465e-09,7.779093401887559e-17,-4.0260199385491704e-20,6.732092703871632e-20,6.732092703871632e-20,-4.286610581744972e-16,-7.355892145103334e-09,2.577638858330448e-20,-3.4947573719956e-20,-2.746519339483799e-16,-2.664436288140792e-20,-3.703500174501422e-12,-2.562402076789515e-20,1.7003263025011459e-19,-4.0260199385491704e-20,-9.703322956714414e-20,-5.02913502943687e-20,9.066326778433229e-20,-3.6574203437295254e-20,-3.703501105838174e-12,-5.400630611164544e-16,-7.355892507381956e-09,-7.35589214510334e-09,4.337477935030367e-20,9.76781719821153e-09,9.066326778433229e-20,-3.7035007013894095e-12,1.2403487065539097e-20,5.759506736118878e-20,-3.7035005836694365e-12,-7.355892507381956e-09,-3.70350047511146e-12,-1.722907213718747e-16,-5.4916412157620215e-16
-3.249017005803934e-08,8.183974165003739e-21,-4.640517241072669e-20,2.6822617424030042e-17,-1.674166523246582e-12,-1.6289061579745673e-12,-3.3030716993834925e-12,-5.6316648924872e-20,-6.560560516023248e-09,2.4311605349902303e-20,-5.6316648924872e-20,2.682261299874788e-17,2.6822620270178374e-17,-5.4076972757263264e-20,-3.303071750308716e-12,3.513667624565829e-17,-8.186257408993673e-21,-4.2895678494038625e-20,2.0321048857597925e-20,-3.3030712740512993e-12,-1.1495252043234168e-21,-1.4703759463628646e-21,2.3519266908702498e-20,-2.4329631048855644e-20,-1.1495252043234168e-21,2.682261848925229e-17,-5.6316648924872e-20,-6.560560688294206e-09,-5.983170659704024e-21,-6.560560480825137e-09,-3.3030718149969677e-12,8.512948678673512e-22,9.066326778433229e-20,9.767817290161512e-09,-6.560560147499355e-09,1.1716012206655202e-20,-1.4703759463628646e-21,-3.303071638613072e-12,-6.560560480825132e-09,-3.303071627937925e-12,-6.784985580742101e-20,-3.198750611600543e-20
0.9999997009806705,-1.0243317422258583e-08,-4.383970078005656e-12,-6.560561137037566e-09,0.4832151112426863,0.5167847371941855,0.9999995701542901,-5.353486334422814e-09,0.9999995917268015,-1.854022210420274e-12,-5.3534865921323e-09,-6.560560910735092e-09,-6.560561496199544e-09,-6.553379042202353e-09,0.9999995768384029,-7.850227964993332e-09,-2.1228591206571604e-12,-1.9637149322009194e-12,-2.1228593588157623e-12,0.999999454495224,-2.122858678698033e-12,-4.574449358732096e-12,-5.353486635022428e-09,-8.101511778707228e-09,-2.122859454827176e-12,-6.5605612578161015e-09,-5.35348674709373e-09,0.9999996179605084,-6.2644599265269275e-12,0.9999995883399996,0.9999995768384047,-1.8088477838273656e-12,-3.7035007013894095e-12,-6.560560147499355e-09,0.9999995563706586,-6.3102444833338965e-09,-4.574449259206535e-12,0.9999995525696618,0.9999995883399977,0.9999995372468673,-3.002930403576567e-12,-5.9529389443199136e-12
-3.2239854733931804e-08,4.954777770628907e-20,8.533218124791553e-20,-2.4706095918550504e-20,-2.2524262070631985e-12,-9.246189501560501e-13,-3.177044452072504e-12,4.8697246985034606e-17,-6.310244715104862e-09,4.6840447648107096e-20,4.869725008261998e-17,-2.9787675326107543e-20,-2.9787675326107543e-20,1.0685505943811873e-19,-3.177044363598055e-12,3.582042896667429e-20,3.0363449511945386e-20,6.601117161081498e-20,4.7495387848138667e-20,-3.177043983486869e-12,8.323564766468519e-20,7.131480092771063e-21,4.8697245074725414e-17,-1.3981285967498284e-20,6.822595228348052e-20,-2.4706095918550504e-20,4.869724009660167e-17,-3.1770445256133526e-12,1.3443051374656121e-19,-6.310244708130606e-09,-3.177044411247022e-12,4.197541743001936e-20,1.2403487065539097e-20,1.1716012206655202e-20,-6.3102444833338965e-09,9.767817309007472e-09,-8.173349004394476e-20,-3.177044292820453e-12,-6.310244708130599e-09,-6.310244538089515e-09,1.3840095281102663e-20,1.6165895710413271e-19
-3.5015380289064513e-08,-1.18608332131415e-19,-2.5354611113363836e-19,-1.4703759463628646e-21,1.8147848919943688e-12,-1.2690296814621579e-08,-4.574449430661316e-12,2.2748537784478603e-20,-9.085769932447601e-09,-9.369128580023037e-21,-6.568525567321376e-20,-1.4703759463628646e-21,1.0205868224830555e-19,-1.7526329063010383e-19,-9.085769520913125e-09,1.6093801342141154e-21,-1.1476013038663014e-19,-1.6878125530306902e-19,-1.210176547213533e-19,-9.085768068655349e-09,-5.792704907056675e-20,3.9540762230873583e-16,-8.137732586508526e-20,-1.1838708421651507e-19,-2.5479609882905183e-20,1.2307132302988404e-19,-8.779664019169367e-20,-9.085770158874634e-09,-3.6150184554580563e-16,-9.085769860890251e-09,-9.085769520913098e-09,-6.57717516310908e-20,5.759506736118878e-20,-1.4703759463628646e-21,-4.574449259206535e-12,-8.173349004394476e-20,9.767817077942231e-09,-4.574449165881155e-12,-9.085769860890256e-09,-4.574449224754567e-12,1.5621813680348653e-20,-4.0653078955954965e-16
0.9999997069474941,-1.024331758915276e-08,-4.383970294983113e-12,-3.3030721998973505e-12,0.48321512113882514,0.5167847332648686,0.9999995761211122,-2.6953414868001803e-12,0.9999995976936247,-1.854022115562452e-12,-2.695341681729425e-12,-3.303072038837049e-12,-3.303072394817546e-12,-6.553379387089936e-09,0.9999995828052256,-3.952385822141808e-12,-2.1228592217846517e-12,-1.9637149295002458e-12,-2.122859439436999e-12,0.9999994604620456,-2.1228586455948154e-12,-4.574449395017511e-12,-2.6953416391354437e-12,-4.0789009126719676e-12,-2.1228595265958013e-12,-3.3030722363211255e-12,-2.695341664861182e-12,0.9999996239273294,-6.264459967659689e-12,0.9999995943068221,0.9999995828052272,-1.8088477936821163e-12,-3.7035005836694365e-12,-3.303071638613072e-12,0.9999995525696618,-3.177044292820453e-12,-4.574449165881155e-12,0.9999995683042987,0.9999995943068198,0.9999995432136886,-3.0029306181449325e-12,-5.952938975365044e-12
0.9999997427178386,-1.0243317843146412e-08,-8.707440970693472e-09,-6.560561470363363e-09,0.4832151295599738,0.5167847606140694,0.99999961189145,-5.353486530888855e-09,0.9999996334639634,-1.85402236864654e-12,-5.353486788598345e-09,-6.560561244060914e-09,-6.5605618295253675e-09,-6.5533792501508986e-09,0.999999618575565,-7.850228342822552e-09,-2.1228592312618175e-12,-1.9637149201135254e-12,-2.1228594144333087e-12,0.9999994962323793,-2.122858667963038e-12,-9.085770063308504e-09,-5.3534868314885024e-09,-8.101512098490444e-09,-2.1228595441073295e-12,-6.560561591141922e-09,-5.353486943559791e-09,0.9999996596976697,-1.2442469779653672e-08,0.9999996300771601,0.9999996185755662,-1.808847806349796e-12,-7.355892507381956e-09,-6.560560480825132e-09,0.9999995883399977,-6.310244708130599e-09,-9.085769860890256e-09,0.9999995943068198,0.9999996398449784,0.9999995789840257,-5.96441973968446e-09,-1.182372656479533e-08
0.9999996916246974,-1.0243317458424575e-08,-4.3839701279720806e-12,-3.303071956617136e-12,0.4832151148160207,0.5167847242648754,0.9999995607983184,-2.6953413793481747e-12,0.9999995823708295,-1.8540220857025343e-12,-2.695341615124191e-12,-3.3030720119777525e-12,-3.30307224391204e-12,-3.2994561412932568e-12,0.9999995674824312,-7.850227813232308e-09,-2.1228591893572245e-12,-1.9637150088001863e-12,-2.1228593310959436e-12,0.9999994451392525,-2.1228586522053574e-12,-4.5744493688029654e-12,-2.6953416379762442e-12,-4.078900740515039e-12,-2.1228594405531687e-12,-3.3030722397737633e-12,-2.695341608915656e-12,0.999999608604535,-6.264459994988692e-12,0.9999995789840271,0.999999567482433,-1.8088478716153778e-12,-3.70350047511146e-12,-3.303071627937925e-12,0.9999995372468673,-6.310244538089515e-09,-4.574449224754567e-12,0.9999995432136886,0.9999995789840257,0.9999995376587143,-3.0029305037358456e-12,-5.9529390519049304e-12
-3.189402781864338e-08,1.5527703001418323e-19,2.2188712311234934e-19,-6.784985580742101e-20,-3.643550948925958e-12,6.406197242648287e-13,-3.002930653831616e-12,6.083197837526883e-20,-5.964419710949875e-09,-4.0468492990026854e-20,1.0031669477322804e-19,-5.3842628939484874e-21,3.4509551569889553e-20,1.837240170417885e-19,-5.964419954382174e-09,5.700536491515307e-20,1.0628421599578632e-19,1.874540649070551e-19,5.677518766868295e-20,-3.0029304304711784e-12,5.677518766868295e-20,1.048081197553215e-19,4.789686433296734e-20,1.48291418205128e-19,7.493687500221217e-20,-5.2016933769984895e-21,-4.295820510017583e-20,-3.0029305610362166e-12,4.414942868007091e-19,-5.9644197396844724e-09,-5.9644199543822014e-09,-1.337338486068377e-21,-1.722907213718747e-16,-6.784985580742101e-20,-3.002930403576567e-12,1.3840095281102663e-20,1.5621813680348653e-20,-3.0029306181449325e-12,-5.96441973968446e-09,-3.0029305037358456e-12,9.767817328566234e-09,1.9919576550415566e-19
-3.775333671555369e-08,1.7949211985504155e-19,4.2679057523978232e-19,2.56407754709244e-20,-8.202978754544807e-12,4.469022881606083e-09,-1.1823726742326507e-08,8.316260723994531e-20,-1.1823726562989957e-08,-7.354595010958913e-20,8.281561628619274e-20,-3.7194007953392454e-20,-9.067490643207293e-20,3.474385597094488e-19,-1.1823726685196099e-08,1.0015326964725133e-19,4.498693565406366e-20,9.068799570913032e-20,9.591895988073967e-20,-5.952938629973698e-12,5.099993129440369e-20,-4.065308140514167e-16,1.9558281143702853e-20,9.426334095331123e-20,9.006057452256043e-20,-9.067490643207293e-20,6.3848478531205e-20,-1.1823726904507146e-08,7.41422947172761e-19,-1.182372656479538e-08,-1.1823726685196236e-08,1.5721921771742655e-19,-5.4916412157620215e-16,-3.198750611600543e-20,-5.9529389443199136e-12,1.6165895710413271e-19,-4.0653078955954965e-16,-5.952938975365044e-12,-1.182372656479533e-08,-5.9529390519049304e-12,1.9919576550415566e-19,9.767816068921644e-09
