0.9999999834505423,0.9999734407222151,0.999973440722214,0.9999734407222112,0.9999734407222117,0.9999734407222136,-3.5319265162898323e-06,-3.539879215687029e-06,-3.539833987450901e-06,-3.531919935239651e-06,0.99997344072221,0.9999726837371304,-3.5318949209254252e-06,-3.5489272924214153e-06,0.99997344072221,-3.5321009474271034e-06,0.9999734407222112,-3.5320514794534657e-06,0.9999734407222122,-3.535751537116314e-06,-3.5357242244244064e-06,-3.5320317276667985e-06,0.9999734407222083,-3.5319524485876656e-06,-3.53968590138777e-06,0.9999734407222148,0.9999734407222112,-3.5316691586378274e-06,0.9999734407222131,0.9999734407222131,0.9999734407222116,-3.5316989263665515e-06,0.9999734407222097,-3.5317797770159153e-06,0.9999734407222145,0.9999734407222131,0.9999734407222154,-3.531879115283188e-06,-3.5319188765518325e-06,0.9999734407222092,0.9999734407222145,0.999973343892408,0.9999734407222116,-3.531649274791408e-06,0.9999734407222122,0.9999734407222105,-3.532096362414454e-06,0.9999736778969227,0.9999734407222103,0.99997344072221,0.99997344072221,-3.5319188742055013e-06,0.9999723807061632,0.999973440722214,-3.5318636540891812e-06,0.9999734407222114,-3.5316492701817788e-06,-3.5446608350167256e-06,0.9999734407222108,-3.535899480686826e-06,0.9999734407222136,0.9999734407222136,0.9999734407222136,-3.531894925313963e-06,0.9999736968998393,0.9999734407222114,0.9999736289114035,-3.53197467621392e-06,-3.5320317244564636e-06,-3.5317536391168087e-06,0.9999734407222088,0.9999734407222088
0.9999734407222151,0.9999708160478354,0.9999705082628553,0.999970508262851,0.9999705082628536,0.9999705082628522,-7.745343407158503e-11,-8.144515889559124e-11,-8.142245866170136e-11,-7.745013026503079e-11,0.9999705082628516,0.999969751282456,-7.743757515448634e-11,-8.59866945390315e-11,0.9999705082628522,-7.754098599781399e-11,0.999970508262853,-7.751615637450712e-11,0.9999705082628518,-7.937333935917448e-11,-7.935962999926225e-11,-7.75062416171653e-11,0.9999705082628509,-7.746644792480867e-11,-8.13481301644219e-11,0.9999705082628536,0.9999705082628526,-7.732425714103014e-11,0.9999705082628518,0.9999705082628538,0.9999705082628513,-7.733919649525888e-11,0.9999705082628504,-7.737977840577845e-11,0.9999705082628536,0.9999705082628533,0.9999705082628535,-7.74296394177431e-11,-7.744959740044301e-11,0.9999705082628498,0.9999705082628536,0.9999704114336484,0.9999705082628504,-7.731427353520631e-11,0.9999705082628518,0.9999705082628522,-7.753868500822108e-11,0.9999707454360973,0.9999705082628504,0.9999705082628544,0.9999705082628516,-7.744959724894016e-11,0.9999694482533621,0.9999705082628556,-7.742187972715316e-11,0.9999705082628518,-7.731427287506209e-11,-8.384521761203546e-11,0.9999705082628506,-7.944759795731248e-11,0.9999705082628533,0.9999705082628535,0.9999705082628522,-7.743757503190016e-11,0.9999707644388961,0.9999705082628516,0.9999706964508785,-7.747760602409999e-11,-7.750624070496456e-11,-7.736665783127371e-11,0.9999705082628504,0.9999705082628513
0.999973440722214,0.9999705082628553,0.9999708160478358,0.9999705082628522,0.999970508262854,0.9999705082628518,-7.745343408932696e-11,-8.144515887400088e-11,-8.142245866782052e-11,-7.745013026144964e-11,0.9999705082628513,0.9999697512824549,-7.743757514373311e-11,-8.598669453039632e-11,0.9999705082628509,-7.754098602983427e-11,0.9999705082628504,-7.751615637052375e-11,0.9999705082628522,-7.937333929810011e-11,-7.935962997813604e-11,-7.75062416239876e-11,0.9999705082628515,-7.746644794125898e-11,-8.134813017619763e-11,0.999970508262854,0.9999705082628535,-7.732425712651791e-11,0.9999705082628526,0.9999705082628536,0.9999705082628518,-7.733919648147997e-11,0.9999705082628509,-7.737977846582314e-11,0.9999705082628529,0.9999705082628535,0.9999705082628542,-7.742963940108976e-11,-7.744959739614325e-11,0.99997050826285,0.9999705082628527,0.9999704114336462,0.9999705082628509,-7.731427357800765e-11,0.9999705082628513,0.9999705082628518,-7.753868500323267e-11,0.9999707454360975,0.9999705082628513,0.999970508262854,0.9999705082628506,-7.744959723387553e-11,0.9999694482533616,0.9999705082628547,-7.74218797330556e-11,0.999970508262853,-7.73142728462003e-11,-8.384521759171272e-11,0.9999705082628498,-7.944759793680042e-11,0.9999705082628526,0.9999705082628535,0.999970508262854,-7.743757502572782e-11,0.9999707644388945,0.999970508262853,0.9999706964508795,-7.747760599887458e-11,-7.750624068473979e-11,-7.736665782298446e-11,0.9999705082628507,0.9999705082628507
0.9999734407222112,0.999970508262851,0.9999705082628522,0.9999708160478307,0.9999705082628513,0.9999705082628504,-7.745343410612494e-11,-8.144515883247705e-11,-8.14224586657137e-11,-7.745013026174396e-11,0.9999705082628495,0.9999697512824524,-7.743757511465081e-11,-8.598669451741673e-11,0.99997050826285,-7.754098600903562e-11,0.999970508262849,-7.751615636971866e-11,0.9999705082628498,-7.937333936029801e-11,-7.935963001392355e-11,-7.75062416239876e-11,0.9999705082628482,-7.746644791863086e-11,-8.134813016443222e-11,0.99997050826285,0.9999705082628507,-7.732425713580131e-11,0.9999705082628504,0.9999705082628516,0.99997050826285,-7.733919645583087e-11,0.9999705082628498,-7.737977846582314e-11,0.9999705082628504,0.9999705082628504,0.9999705082628516,-7.74296393318304e-11,-7.744959742683902e-11,0.9999705082628478,0.9999705082628496,0.9999704114336445,0.9999705082628484,-7.731427358481212e-11,0.9999705082628491,0.9999705082628495,-7.753868501562496e-11,0.9999707454360955,0.9999705082628491,0.9999705082628518,0.9999705082628498,-7.744959726384806e-11,0.99996944825336,0.9999705082628527,-7.742187971822999e-11,0.9999705082628495,-7.731427285341607e-11,-8.384521760958243e-11,0.9999705082628495,-7.944759796173468e-11,0.99997050826285,0.9999705082628498,0.99997050826285,-7.743757504629704e-11,0.9999707644388908,0.9999705082628504,0.9999706964508763,-7.747760602098255e-11,-7.750624067877124e-11,-7.73666578663595e-11,0.999970508262849,0.999970508262849
0.9999734407222117,0.9999705082628536,0.999970508262854,0.9999705082628513,0.9999708160478329,0.9999705082628518,-7.74534340743391e-11,-8.144515884490498e-11,-8.142245866778001e-11,-7.745013028036979e-11,0.9999705082628516,0.9999697512824544,-7.74375751523127e-11,-8.598669452771577e-11,0.9999705082628507,-7.754098599074308e-11,0.9999705082628515,-7.751615635785229e-11,0.9999705082628509,-7.937333932084925e-11,-7.935962999822971e-11,-7.75062416171653e-11,0.9999705082628496,-7.74664479105531e-11,-8.134813018823453e-11,0.9999705082628527,0.9999705082628516,-7.732425717175203e-11,0.9999705082628516,0.9999705082628536,0.9999705082628513,-7.733919645216034e-11,0.9999705082628504,-7.737977843942344e-11,0.9999705082628509,0.9999705082628518,0.9999705082628518,-7.742963938807221e-11,-7.744959739614325e-11,0.9999705082628498,0.9999705082628516,0.9999704114336464,0.99997050826285,-7.731427353421655e-11,0.9999705082628513,0.9999705082628516,-7.753868502507232e-11,0.999970745436097,0.9999705082628509,0.9999705082628518,0.9999705082628513,-7.744959726740519e-11,0.9999694482533629,0.9999705082628536,-7.742187969722262e-11,0.9999705082628518,-7.731427285434058e-11,-8.384521760475474e-11,0.9999705082628509,-7.944759796173463e-11,0.9999705082628513,0.9999705082628526,0.9999705082628507,-7.74375750450431e-11,0.9999707644388941,0.9999705082628504,0.9999706964508781,-7.747760601787862e-11,-7.750624068698857e-11,-7.736665782807388e-11,0.9999705082628498,0.9999705082628507
0.9999734407222136,0.9999705082628522,0.9999705082628518,0.9999705082628504,0.9999705082628518,0.9999708160478329,-7.745343409239492e-11,-8.1445158872643e-11,-8.142245866778001e-11,-7.745013028344244e-11,0.9999705082628506,0.9999697512824526,-7.743757517031895e-11,-8.598669452565142e-11,0.9999705082628491,-7.754098601656843e-11,0.9999705082628495,-7.751615637579737e-11,0.999970508262849,-7.937333930332271e-11,-7.935962998330848e-11,-7.75062416239876e-11,0.999970508262849,-7.746644795261508e-11,-8.134813014165548e-11,0.9999705082628509,0.9999705082628504,-7.73242571545058e-11,0.999970508262849,0.999970508262853,0.9999705082628486,-7.733919649204326e-11,0.9999705082628491,-7.737977842388672e-11,0.99997050826285,0.9999705082628509,0.9999705082628509,-7.742963937496318e-11,-7.744959741485427e-11,0.9999705082628486,0.9999705082628509,0.9999704114336461,0.999970508262849,-7.731427356095563e-11,0.9999705082628491,0.9999705082628504,-7.753868503253598e-11,0.9999707454360952,0.9999705082628491,0.9999705082628509,0.9999705082628507,-7.744959723460473e-11,0.9999694482533603,0.999970508262853,-7.742187972750877e-11,0.9999705082628486,-7.731427286496179e-11,-8.38452176043754e-11,0.9999705082628491,-7.944759799310454e-11,0.9999705082628507,0.9999705082628502,0.9999705082628498,-7.743757505910648e-11,0.9999707644388924,0.9999705082628507,0.9999706964508772,-7.747760602834712e-11,-7.750624068630622e-11,-7.736665781918323e-11,0.9999705082628484,0.9999705082628484
-3.5319265162898323e-06,-7.745343407158503e-11,-7.745343408932696e-11,-7.745343410612494e-11,-7.74534340743391e-11,-7.745343409239492e-11,3.0778484479371594e-07,2.502357043714502e-14,1.2780873458942529e-17,1.2139888557922158e-17,-7.745343408197695e-11,-7.745337538085001e-11,1.2021913796075809e-17,1.317904600413505e-17,-7.745343408932696e-11,1.2202090643326033e-17,-7.745343410068751e-11,1.1890940719313024e-17,-7.745343407990396e-11,1.2150222016057273e-17,1.2088218571068423e-17,1.1915955457465145e-17,-7.745343406486843e-11,2.3805121201370876e-14,1.239598297186706e-17,-7.745343408932696e-11,-7.745343407269235e-11,1.2105976746003178e-17,-7.745343410551003e-11,-7.745343406136903e-11,-7.745343408932696e-11,1.2931460369435478e-17,-7.745343407380764e-11,1.1643850842134201e-17,-7.745343410754539e-11,-7.745343408932696e-11,-7.745343410701968e-11,2.3791520054588114e-14,1.2143127830393962e-17,-7.745343409260406e-11,-7.745343407380764e-11,-7.745342659324652e-11,-7.745343407349631e-11,2.3753748929181603e-14,-7.745343408932696e-11,-7.745343408977653e-11,2.38304480852288e-14,-7.745345249276803e-11,-7.745343408989315e-11,-7.745343406259009e-11,-7.745343408932696e-11,1.2143127830393962e-17,-1.543089223340768e-07,-7.74534340795221e-11,1.1370288387528383e-17,-7.74534340739398e-11,2.375374878407082e-14,1.2589987926207133e-17,-7.74534340743391e-11,1.2230928615782532e-17,-7.74534340797307e-11,-7.745343409260406e-11,-7.745343409297308e-11,1.2087739602927609e-17,-7.745345401208922e-11,-7.745343406432618e-11,-7.745344868732932e-11,2.3808648274482766e-14,1.1917173088969295e-17,1.2396809754598535e-17,-7.745343409260406e-11,-7.745343407976166e-11
-3.539879215687029e-06,-8.144515889559124e-11,-8.144515887400088e-11,-8.144515883247705e-11,-8.144515884490498e-11,-8.1445158872643e-11,2.502357043714502e-14,3.0778484601396214e-07,1.3329329994374925e-17,1.233363590270929e-17,-8.14451588503836e-11,-8.144509709459275e-11,1.328902394262182e-17,1.3978799992783958e-17,-8.144515888435677e-11,1.2472550212307623e-17,-8.144515883605684e-11,2.5044531347631126e-14,-8.14451588519183e-11,1.2866203263089089e-17,1.3283225185695375e-17,1.2464204323761122e-17,-8.144515887161205e-11,1.2870202819611882e-17,1.3001489973438246e-17,-8.14451588669661e-11,-8.14451588515159e-11,1.2102998316741471e-17,-8.144515887152353e-11,-8.144515883605684e-11,-8.144515886593919e-11,1.2963529085617542e-17,-8.144515888991095e-11,1.245522477351864e-17,-8.144515883624754e-11,-8.144515884897732e-11,-8.144515887646332e-11,1.1920802918066291e-17,1.2614970006131286e-17,-8.144515887400088e-11,-8.144515886593919e-11,-1.622617122257237e-07,-8.144515887646332e-11,1.1677587664086385e-17,-8.144515884159458e-11,-8.144515887646332e-11,1.2734246150063645e-17,-8.144517829847065e-11,-8.144515884262514e-11,-8.144515885705775e-11,-8.144515883025321e-11,1.2199302446024587e-17,-1.622615555574356e-07,-8.144515891815033e-11,1.2568264801100864e-17,-8.1445158889911e-11,1.2864205367773085e-17,1.3383139612189347e-17,-8.14451588484338e-11,1.2514357871661357e-17,-8.144515887999665e-11,-8.144515884262514e-11,-8.144515891815033e-11,1.24861176761338e-17,-1.6226176964094997e-07,-8.144515886306648e-11,-8.144517425453868e-11,1.321878166698254e-17,1.2464204323761122e-17,1.2294540994246155e-17,-8.144515884685033e-11,-8.144515888483012e-11
-3.539833987450901e-06,-8.142245866170136e-11,-8.142245866782052e-11,-8.14224586657137e-11,-8.142245866778001e-11,-8.142245866778001e-11,1.2780873458942529e-17,1.3329329994374925e-17,3.077848460939958e-07,1.2640663840237541e-17,-8.142245864185978e-11,-1.6221637965328342e-07,1.3112628614159852e-17,1.434741858448106e-17,-8.142245868653239e-11,1.2383132969198817e-17,-8.142245866778001e-11,1.2398706108500157e-17,-8.142245867401574e-11,1.223669876721503e-17,2.562742842046547e-14,1.2708566808280108e-17,-8.142245866778001e-11,1.2216432212232357e-17,1.3001197111371253e-17,-8.142245868298049e-11,-8.142245867274195e-11,1.2866249772015875e-17,-8.142245867443537e-11,-8.142245866651696e-11,-8.142245866795444e-11,1.3021573986937787e-17,-8.142245869143618e-11,1.2042790492951586e-17,-8.142245868617663e-11,-8.142245868653239e-11,-8.142245868267529e-11,1.2421872312729535e-17,1.2614307498351708e-17,-8.142245868754048e-11,-8.142245868754048e-11,-1.6221648699857886e-07,-8.142245866874072e-11,1.2162415190741656e-17,-8.142245866539211e-11,-8.14224586657137e-11,1.2529730043479759e-17,-8.142247800178565e-11,-8.14224586653911e-11,-8.142245868754048e-11,-8.142245868253389e-11,1.2462285168110464e-17,-1.6221633037909109e-07,-8.142245867273525e-11,1.1973832214488752e-17,-8.142245867080433e-11,1.2162415190741656e-17,1.356245238811343e-17,-8.142245868209862e-11,1.2917107775790492e-17,-8.142245868617663e-11,-8.142245866651696e-11,-8.14224586653911e-11,1.3112628614159852e-17,-8.14224795367082e-11,-8.142245868865327e-11,-8.142247394524567e-11,1.250464066105996e-17,1.2420283535737619e-17,1.2608312908877732e-17,-8.142245868740915e-11,-8.142245870163008e-11
-3.531919935239651e-06,-7.745013026503079e-11,-7.745013026144964e-11,-7.745013026174396e-11,-7.745013028036979e-11,-7.745013028344244e-11,1.2139888557922158e-17,1.233363590270929e-17,1.2640663840237541e-17,3.0778484345401994e-07,-7.745013029190927e-11,-7.745007153858293e-11,1.2058890068041557e-17,1.2732612825970132e-17,-7.745013026832002e-11,1.208488753200328e-17,-7.745013025616566e-11,1.2047096371829454e-17,-7.745013028904075e-11,1.1354961207163039e-17,1.2455445087921269e-17,1.210777024787671e-17,-7.745013026968575e-11,1.2413650579143462e-17,1.3158393344584455e-17,-7.745013027626349e-11,-7.74501303033426e-11,1.2099218500856283e-17,-7.745013026460643e-11,-7.745013026171253e-11,-7.745013026377196e-11,1.2043596763120916e-17,-7.745013026968575e-11,2.3773391067008165e-14,-7.745013025817723e-11,-7.745013027140549e-11,-7.745013025817726e-11,1.1860928376577117e-17,1.2150659949112651e-17,-7.745013026968575e-11,-7.745013026171253e-11,-7.745012275787233e-11,-7.745013025616566e-11,1.2141529340715266e-17,-7.745013026016005e-11,-7.745013027626349e-11,1.2044075119440845e-17,-7.745014869783274e-11,-7.745013027046023e-11,-7.745013026968575e-11,-7.74501302700617e-11,1.1895461969436906e-17,-1.5430234025242282e-07,-7.74501302985561e-11,2.3787513294945016e-14,-7.745013028904075e-11,1.2360200584514694e-17,1.3116419822789924e-17,-7.745013026171253e-11,1.2376396154618132e-17,-7.745013027140549e-11,-7.745013026210467e-11,-7.74501302679146e-11,1.2051553825937978e-17,-7.745015017820059e-11,-7.745013026171253e-11,-7.745014488601873e-11,2.380630566850905e-14,1.2016897074952344e-17,1.0807001499938542e-17,-7.745013025720618e-11,-7.745013028033228e-11
0.99997344072221,0.9999705082628516,0.9999705082628513,0.9999705082628495,0.9999705082628516,0.9999705082628506,-7.745343408197695e-11,-8.14451588503836e-11,-8.142245864185978e-11,-7.745013029190927e-11,0.9999708160478311,0.9999697512824524,-7.743757514374788e-11,-8.598669455143375e-11,0.9999705082628482,-7.754098597918638e-11,0.9999705082628478,-7.751615638836901e-11,0.9999705082628482,-7.937333934716239e-11,-7.935962999244578e-11,-7.750624164482117e-11,0.9999705082628481,-7.74664479412812e-11,-8.134813017722805e-11,0.9999705082628504,0.99997050826285,-7.73242571611501e-11,0.999970508262849,0.9999705082628515,0.9999705082628495,-7.733919645583087e-11,0.9999705082628484,-7.73797784256021e-11,0.9999705082628493,0.9999705082628506,0.99997050826285,-7.742963940245138e-11,-7.74495974168089e-11,0.9999705082628481,0.999970508262849,0.9999704114336436,0.9999705082628496,-7.731427358481212e-11,0.9999705082628496,0.9999705082628498,-7.753868502630553e-11,0.9999707454360944,0.9999705082628481,0.9999705082628504,0.999970508262849,-7.744959724026836e-11,0.9999694482533603,0.9999705082628513,-7.742187970481606e-11,0.99997050826285,-7.731427282691995e-11,-8.384521764155257e-11,0.9999705082628481,-7.944759797750711e-11,0.9999705082628498,0.9999705082628504,0.9999705082628491,-7.743757504549259e-11,0.9999707644388917,0.999970508262849,0.9999706964508761,-7.747760602124508e-11,-7.750624071072851e-11,-7.736665782949323e-11,0.9999705082628481,0.9999705082628478
0.9999726837371304,0.999969751282456,0.9999697512824549,0.9999697512824524,0.9999697512824544,0.9999697512824526,-7.745337538085001e-11,-8.144509709459275e-11,-1.6221637965328342e-07,-7.745007153858293e-11,0.9999697512824524,0.9999693020876125,-7.743751640589285e-11,-1.7130961792478854e-07,0.9999697512824524,-7.754092721069581e-11,0.999969751282452,-7.751609757036873e-11,0.9999697512824531,-1.5813395908079838e-07,-1.581066461968746e-07,-7.75061828169678e-11,0.999969751282452,-7.74663891509633e-11,-1.6206829649660746e-07,0.9999697512824529,0.9999697512824529,-7.732419845457915e-11,0.9999697512824534,0.9999697512824542,0.9999697512824534,-7.733913776358437e-11,0.999969751282452,-7.737971972915782e-11,0.999969751282454,0.9999697512824534,0.9999697512824555,-7.74295806455269e-11,-7.744953868599549e-11,0.99996975128245,0.9999697512824528,0.9999696544533206,0.9999697512824515,-7.731421486882811e-11,0.9999697512824524,0.9999697512824524,-7.75386261605214e-11,0.9999699884555192,0.9999697512824514,0.9999697512824542,0.9999697512824529,-7.744953854460368e-11,0.9999686912737636,0.9999697512824559,-7.742182098225437e-11,0.999969751282452,-7.731421415699249e-11,-1.670431951009559e-07,0.9999697512824509,-7.944753767613702e-11,0.9999697512824534,0.9999697512824534,0.9999697512824526,-7.743751630553796e-11,0.9999700074583027,0.9999697512824522,0.9999699394703391,-7.747754722904369e-11,-7.750618183748157e-11,-7.736659912218009e-11,0.9999697512824519,0.999969751282452
-3.5318949209254252e-06,-7.743757515448634e-11,-7.743757514373311e-11,-7.743757511465081e-11,-7.74375751523127e-11,-7.743757517031895e-11,1.2021913796075809e-17,1.328902394262182e-17,1.3112628614159852e-17,1.2058890068041557e-17,-7.743757514374788e-11,-7.743751640589285e-11,3.077848440231538e-07,1.3288984823431965e-17,-7.743757514503627e-11,1.1557359900258534e-17,-7.74375751447993e-11,1.2057874091934528e-17,-7.743757514479437e-11,1.2428618590976223e-17,1.199615844787069e-17,1.1933964470718239e-17,-7.743757514479437e-11,1.2116436666320391e-17,1.2969021912872004e-17,-7.743757513526909e-11,-7.743757513657161e-11,1.2328032004344384e-17,-7.743757516129817e-11,-7.743757515179193e-11,-7.743757512028255e-11,1.1413378097826764e-17,-7.743757511907285e-11,1.2453474808260435e-17,-7.743757513526909e-11,-7.743757512840787e-11,-7.743757514448946e-11,1.2234851004834451e-17,1.2219660784043886e-17,-7.743757512028255e-11,-7.743757514772135e-11,-7.743756765752351e-11,-7.743757516129817e-11,1.2446916182451201e-17,-7.743757515202435e-11,-7.743757514772135e-11,1.201646373372307e-17,-7.743759355143911e-11,-7.743757514335258e-11,-7.743757512615835e-11,-7.743757514347558e-11,1.1937133287618105e-17,-1.5427732693858484e-07,-7.743757514562403e-11,1.2001295253584186e-17,-7.743757511393297e-11,1.2372465738186069e-17,1.2598037307867936e-17,-7.743757513526909e-11,2.4406774746242014e-14,-7.743757515715303e-11,-7.74375751270217e-11,-7.743757516129817e-11,2.378906147463365e-14,-7.743759512325969e-11,-7.743757513849384e-11,-7.743758969762268e-11,1.1850590593307566e-17,1.202643411750438e-17,1.2364817772961349e-17,-7.74375751501687e-11,-7.743757513075063e-11
-3.5489272924214153e-06,-8.59866945390315e-11,-8.598669453039632e-11,-8.598669451741673e-11,-8.598669452771577e-11,-8.598669452565142e-11,1.317904600413505e-17,1.3978799992783958e-17,1.434741858448106e-17,1.2732612825970132e-17,-8.598669455143375e-11,-1.7130961792478854e-07,1.3288984823431965e-17,3.077848478115402e-07,-8.598669454290926e-11,1.3022063076692824e-17,-8.598669452642535e-11,1.3282750165612093e-17,-8.598669451859156e-11,1.4201579359950615e-17,1.3214551784664065e-17,1.3368036591683387e-17,-8.598669453584522e-11,1.2948437285494838e-17,1.393278590915077e-17,-8.598669453637385e-11,-8.598669450763265e-11,1.3667748463205884e-17,-8.598669450610512e-11,-8.598669458196642e-11,-8.598669452642535e-11,1.407676975142727e-17,-8.598669451859156e-11,1.3548129762283749e-17,-8.598669451740651e-11,-8.598669453749944e-11,-8.598669454808921e-11,1.314396880829471e-17,1.3624690236101326e-17,-8.598669451859156e-11,-8.598669454141907e-11,-1.7130973128571985e-07,-8.598669451859156e-11,1.2985603725374028e-17,-8.598669453191579e-11,-8.598669454141907e-11,1.3189753682860718e-17,-1.7130978864226582e-07,-8.598669451859156e-11,-8.598669452771577e-11,-8.598669451740651e-11,1.3624690236101326e-17,-1.713095658892645e-07,-8.598669453191579e-11,1.4339998346820383e-17,-8.598669450610512e-11,1.2799288914787806e-17,2.8602252922062074e-14,-8.598669450763265e-11,1.262742391528776e-17,-8.598669454289914e-11,-8.59866945059584e-11,-8.598669457519237e-11,1.3683873854387625e-17,-8.59867166024876e-11,-8.598669455143375e-11,-1.7130978022594346e-07,2.6427045959269514e-14,1.3289582585195307e-17,1.3434056004913081e-17,-8.598669451741673e-11,-8.598669453749944e-11
0.99997344072221,0.9999705082628522,0.9999705082628509,0.99997050826285,0.9999705082628507,0.9999705082628491,-7.745343408932696e-11,-8.144515888435677e-11,-8.142245868653239e-11,-7.745013026832002e-11,0.9999705082628482,0.9999697512824524,-7.743757514503627e-11,-8.598669454290926e-11,0.9999708160478307,-7.75409860319251e-11,0.9999705082628481,-7.751615635785229e-11,0.9999705082628495,-7.937333933769473e-11,-7.935963000133926e-11,-7.750624164446264e-11,0.999970508262847,-7.74664479432863e-11,-8.134813015684192e-11,0.9999705082628495,0.99997050826285,-7.732425710309191e-11,0.9999705082628495,0.9999705082628509,0.9999705082628478,-7.733919648665869e-11,0.9999705082628482,-7.737977844879321e-11,0.999970508262849,0.9999705082628496,0.9999705082628496,-7.742963937964733e-11,-7.74495974265798e-11,0.9999705082628473,0.9999705082628502,0.9999704114336438,0.9999705082628481,-7.731427359828863e-11,0.9999705082628481,0.99997050826285,-7.753868504122838e-11,0.9999707454360944,0.9999705082628481,0.9999705082628504,0.9999705082628487,-7.744959724909844e-11,0.9999694482533591,0.9999705082628513,-7.74218796896392e-11,0.9999705082628495,-7.731427286522168e-11,-8.384521759405921e-11,0.9999705082628486,-7.944759793686215e-11,0.9999705082628495,0.9999705082628504,0.999970508262849,-7.743757502389364e-11,0.9999707644388907,0.9999705082628493,0.9999706964508754,-7.747760602434285e-11,-7.750624071146566e-11,-7.736665784638381e-11,0.9999705082628467,0.9999705082628481
-3.5321009474271034e-06,-7.754098599781399e-11,-7.754098602983427e-11,-7.754098600903562e-11,-7.754098599074308e-11,-7.754098601656843e-11,1.2202090643326033e-17,1.2472550212307623e-17,1.2383132969198817e-17,1.208488753200328e-17,-7.754098597918638e-11,-7.754092721069581e-11,1.1557359900258534e-17,1.3022063076692824e-17,-7.75409860319251e-11,3.077848434557184e-07,-7.754098598944163e-11,1.2356584440779696e-17,-7.754098601494563e-11,2.4414784571394904e-14,1.270721192766528e-17,1.1693916823902665e-17,-7.754098599159827e-11,1.2210513221648214e-17,1.2973812320610251e-17,-7.754098602504267e-11,-7.754098598322444e-11,1.225074503847631e-17,-7.754098598346096e-11,-7.754098601516533e-11,-7.754098599109275e-11,1.2301059756521905e-17,-7.754098603492912e-11,1.1445666819336157e-17,-7.754098601042259e-11,-7.754098600968176e-11,-7.754098597546256e-11,2.3817154455427798e-14,1.1839383656478985e-17,-7.754098597558936e-11,-7.754098601728351e-11,-7.754097839536634e-11,-7.754098597612028e-11,1.226859513768488e-17,-7.754098599289182e-11,-7.754098598639412e-11,1.1933943410075107e-17,-7.754100441807083e-11,-7.754098598363813e-11,-7.754098601176618e-11,-7.754098598446176e-11,1.1849539351004856e-17,-1.5448335024453745e-07,-7.75409859908246e-11,1.1551662865707028e-17,-7.754098598886391e-11,1.226859513768488e-17,2.579593555903507e-14,-7.754098600510422e-11,1.2008913386780307e-17,-7.754098599184331e-11,-7.754098598363813e-11,-7.75409859896282e-11,1.1959941551011035e-17,-7.7541005877554e-11,-7.754098601228454e-11,-7.754100045463337e-11,1.1769011123567553e-17,1.2089360442942489e-17,1.143511504935526e-17,-7.754098597600161e-11,-7.754098599126832e-11
0.9999734407222112,0.999970508262853,0.9999705082628504,0.999970508262849,0.9999705082628515,0.9999705082628495,-7.745343410068751e-11,-8.144515883605684e-11,-8.142245866778001e-11,-7.745013025616566e-11,0.9999705082628478,0.999969751282452,-7.74375751447993e-11,-8.598669452642535e-11,0.9999705082628481,-7.754098598944163e-11,0.9999708160478286,-7.751615636026515e-11,0.9999705082628493,-7.937333930810374e-11,-7.93596299989493e-11,-7.750624164583345e-11,0.9999705082628467,-7.746644794600179e-11,-8.134813017112347e-11,0.99997050826285,0.99997050826285,-7.732425715236829e-11,0.9999705082628493,0.9999705082628509,0.9999705082628493,-7.733919649530123e-11,0.9999705082628481,-7.737977844879321e-11,0.9999705082628498,0.9999705082628504,0.9999705082628513,-7.742963939811812e-11,-7.744959744407859e-11,0.9999705082628473,0.9999705082628502,0.9999704114336433,0.9999705082628486,-7.731427353421655e-11,0.9999705082628495,0.99997050826285,-7.753868500770212e-11,0.9999707454360944,0.9999705082628481,0.9999705082628504,0.9999705082628481,-7.744959726235077e-11,0.9999694482533587,0.9999705082628526,-7.74218796995659e-11,0.9999705082628507,-7.731427284053644e-11,-8.384521761719293e-11,0.9999705082628486,-7.944759795430752e-11,0.9999705082628493,0.99997050826285,0.9999705082628491,-7.743757505513421e-11,0.9999707644388902,0.9999705082628491,0.9999706964508767,-7.747760601932015e-11,-7.750624070004297e-11,-7.736665783249322e-11,0.9999705082628473,0.9999705082628476
-3.5320514794534657e-06,-7.751615637450712e-11,-7.751615637052375e-11,-7.751615636971866e-11,-7.751615635785229e-11,-7.751615637579737e-11,1.1890940719313024e-17,2.5044531347631126e-14,1.2398706108500157e-17,1.2047096371829454e-17,-7.751615638836901e-11,-7.751609757036873e-11,1.2057874091934528e-17,1.3282750165612093e-17,-7.751615635785229e-11,1.2356584440779696e-17,-7.751615636026515e-11,3.077848452230578e-07,-7.751615635838085e-11,1.1994597776645822e-17,1.1405900258418928e-17,2.3837976559623897e-14,-7.751615638023167e-11,1.1849301689216279e-17,1.2671145981429656e-17,-7.751615635833557e-11,-7.751615637837887e-11,1.1750794710400193e-17,-7.7516156373394e-11,-7.751615635744326e-11,-7.751615637052375e-11,1.203943491054043e-17,-7.75161563786218e-11,1.2324651606588598e-17,-7.751615637458416e-11,-7.751615635405357e-11,-7.751615637461649e-11,1.2207681865406509e-17,1.2289687964495145e-17,-7.751615636041851e-11,-7.751615636212041e-11,-7.751614886025074e-11,-7.751615637755708e-11,1.1894202743870969e-17,-7.751615637755708e-11,-7.751615635735898e-11,2.385026956490211e-14,-7.751617475207279e-11,-7.751615638344116e-11,-7.751615636212041e-11,-7.751615636387817e-11,1.2128310165341295e-17,-1.544338826734702e-07,-7.751615636629947e-11,1.1964146280131852e-17,-7.751615637461649e-11,1.1232354780919373e-17,1.2926313061889193e-17,-7.751615636041851e-11,1.2416111878460468e-17,-7.751615636026515e-11,-7.751615636252802e-11,-7.751615635502311e-11,1.1828157953975422e-17,-7.751617629463107e-11,-7.751615637461649e-11,-7.751617094515005e-11,1.158447401221986e-17,2.383797634403948e-14,1.1561357168598306e-17,-7.751615637458416e-11,-7.751615636528655e-11
0.9999734407222122,0.9999705082628518,0.9999705082628522,0.9999705082628498,0.9999705082628509,0.999970508262849,-7.745343407990396e-11,-8.14451588519183e-11,-8.142245867401574e-11,-7.745013028904075e-11,0.9999705082628482,0.9999697512824531,-7.743757514479437e-11,-8.598669451859156e-11,0.9999705082628495,-7.754098601494563e-11,0.9999705082628493,-7.751615635838085e-11,0.9999708160478323,-7.937333929859466e-11,-7.935963003371662e-11,-7.750624163154367e-11,0.9999705082628482,-7.746644795402981e-11,-8.134813014749436e-11,0.9999705082628509,0.9999705082628504,-7.73242571545058e-11,0.9999705082628498,0.9999705082628527,0.9999705082628498,-7.733919646822272e-11,0.9999705082628481,-7.737977845793882e-11,0.9999705082628507,0.9999705082628507,0.999970508262852,-7.742963939715454e-11,-7.74495974265798e-11,0.9999705082628486,0.9999705082628509,0.9999704114336465,0.999970508262849,-7.731427354966941e-11,0.9999705082628498,0.9999705082628495,-7.753868500834303e-11,0.9999707454360955,0.9999705082628487,0.9999705082628513,0.9999705082628504,-7.744959723382216e-11,0.9999694482533603,0.9999705082628527,-7.742187972715316e-11,0.9999705082628504,-7.731427286522168e-11,-8.38452176196768e-11,0.999970508262849,-7.94475979455376e-11,0.9999705082628513,0.99997050826285,0.9999705082628506,-7.743757502389364e-11,0.9999707644388921,0.999970508262851,0.9999706964508772,-7.747760601562663e-11,-7.750624067621289e-11,-7.736665783703673e-11,0.9999705082628493,0.9999705082628495
-3.535751537116314e-06,-7.937333935917448e-11,-7.937333929810011e-11,-7.937333936029801e-11,-7.937333932084925e-11,-7.937333930332271e-11,1.2150222016057273e-17,1.2866203263089089e-17,1.223669876721503e-17,1.1354961207163039e-17,-7.937333934716239e-11,-1.5813395908079838e-07,1.2428618590976223e-17,1.4201579359950615e-17,-7.937333933769473e-11,2.4414784571394904e-14,-7.937333930810374e-11,1.1994597776645822e-17,-7.937333929859466e-11,3.0778484767793804e-07,1.292073197742511e-17,1.2127983745915796e-17,-7.937333931103644e-11,1.2185991801909408e-17,1.4133069367310175e-17,-7.937333931881455e-11,-7.937333930947542e-11,1.255602890565699e-17,-7.937333932009718e-11,-7.937333930820869e-11,-7.937333931921555e-11,1.2099147403475443e-17,-7.937333930333458e-11,1.2450045099671197e-17,-7.937333930406371e-11,-7.93733393117153e-11,-7.937333930830129e-11,1.2258252447538306e-17,1.2033995153376542e-17,-7.937333932410213e-11,-7.93733393454651e-11,-7.937333159018974e-11,-7.937333931900288e-11,1.2687924124503153e-17,-7.93733393134412e-11,-7.937333931826433e-11,1.2161554148622093e-17,-7.937335817715305e-11,-7.937333930022938e-11,-7.937333933491317e-11,-7.937333933981366e-11,1.2555380694257917e-17,-1.5813391104986925e-07,-7.937333930608326e-11,1.2067543376508612e-17,-7.937333932077167e-11,1.2687924124503153e-17,2.6403210388170503e-14,-7.937333934171436e-11,1.2941487696584419e-17,-7.937333934585527e-11,-7.937333932328449e-11,-7.93733393151533e-11,1.247378954560882e-17,-7.93733597098992e-11,-7.937333931959533e-11,-7.937335419969638e-11,1.2014811086497683e-17,1.2227097923437628e-17,1.1699132079180485e-17,-7.937333930022938e-11,-7.937333930333458e-11
-3.5357242244244064e-06,-7.935962999926225e-11,-7.935962997813604e-11,-7.935963001392355e-11,-7.935962999822971e-11,-7.935962998330848e-11,1.2088218571068423e-17,1.3283225185695375e-17,2.562742842046547e-14,1.2455445087921269e-17,-7.935962999244578e-11,-1.581066461968746e-07,1.199615844787069e-17,1.3214551784664065e-17,-7.935963000133926e-11,1.270721192766528e-17,-7.93596299989493e-11,1.1405900258418928e-17,-7.935963003371662e-11,1.292073197742511e-17,3.077848429878484e-07,1.2126319977662907e-17,-7.935962998942334e-11,1.2219620501081737e-17,1.2782264304401547e-17,-7.935963000771631e-11,-7.935962999763524e-11,1.2693534417489333e-17,-7.93596299923965e-11,-7.935963001782069e-11,-7.935963000014874e-11,1.2548156813897707e-17,-7.935963001806082e-11,1.1990470566635097e-17,-7.93596299778751e-11,-7.935962998105228e-11,-7.935963002464252e-11,1.2863617477310074e-17,1.1862467013963797e-17,-7.935962998942334e-11,-7.93596300150087e-11,-7.935962237332287e-11,-7.935963000737224e-11,1.1981753550339981e-17,-7.935963000052521e-11,-7.93596299940146e-11,1.2306930539182476e-17,-7.935964885905276e-11,-7.93596300150087e-11,-7.935962998323247e-11,-7.935963000181945e-11,1.1862467019422294e-17,-1.581065981709253e-07,-7.935962999172409e-11,1.2133586011071418e-17,-7.935962998421048e-11,1.1981753550339981e-17,1.2870677898513681e-17,-7.935963000481674e-11,1.2506634448522697e-17,-7.935963001482141e-11,-7.935963000016149e-11,-7.935963000016149e-11,1.1996158517974523e-17,-7.935965036029298e-11,-7.93596300244975e-11,-7.935964496358949e-11,1.3024898352331858e-17,1.2290582644133982e-17,1.2861946362157544e-17,-7.935963000947377e-11,-7.935963001039376e-11
-3.5320317276667985e-06,-7.75062416171653e-11,-7.75062416239876e-11,-7.75062416239876e-11,-7.75062416171653e-11,-7.75062416239876e-11,1.1915955457465145e-17,1.2464204323761122e-17,1.2708566808280108e-17,1.210777024787671e-17,-7.750624164482117e-11,-7.75061828169678e-11,1.1933964470718239e-17,1.3368036591683387e-17,-7.750624164446264e-11,1.1693916823902665e-17,-7.750624164583345e-11,2.3837976559623897e-14,-7.750624163154367e-11,1.2127983745915796e-17,1.2126319977662907e-17,3.0778484502912276e-07,-7.75062416511736e-11,1.2039337470393828e-17,1.1767206452232715e-17,-7.750624162835287e-11,-7.750624162305085e-11,1.1343772160533987e-17,-7.75062416239876e-11,-7.750624163176305e-11,-7.750624164441696e-11,1.2079707201161086e-17,-7.75062416239876e-11,1.1718777106658125e-17,-7.750624163512107e-11,-7.750624163824162e-11,-7.750624163099616e-11,1.2113812924488465e-17,1.2355903636062707e-17,-7.750624160155584e-11,-7.750624164441696e-11,-7.750623408032641e-11,-7.750624164351389e-11,1.1516045187970028e-17,-7.750624164504707e-11,-7.750624164168787e-11,2.3846645006154928e-14,-7.75062600584497e-11,-7.750624163905293e-11,-7.750624164963486e-11,-7.75062416239876e-11,1.1567195737076783e-17,-1.5441412972680442e-07,-7.750624163154367e-11,1.2032897255927013e-17,-7.750624162202527e-11,1.240683067502983e-17,1.2641859274141802e-17,-7.750624163512107e-11,1.1837243177500507e-17,-7.750624163099616e-11,-7.750624163748939e-11,-7.750624164985363e-11,1.1550228068511942e-17,-7.750626153695219e-11,-7.75062416239876e-11,-7.750625624328205e-11,1.1871090952279677e-17,2.3834304569961302e-14,1.2079920403963526e-17,-7.750624163099616e-11,-7.750624163905475e-11
0.9999734407222083,0.9999705082628509,0.9999705082628515,0.9999705082628482,0.9999705082628496,0.999970508262849,-7.745343406486843e-11,-8.144515887161205e-11,-8.142245866778001e-11,-7.745013026968575e-11,0.9999705082628481,0.999969751282452,-7.743757514479437e-11,-8.598669453584522e-11,0.999970508262847,-7.754098599159827e-11,0.9999705082628467,-7.751615638023167e-11,0.9999705082628482,-7.937333931103644e-11,-7.935962998942334e-11,-7.75062416511736e-11,0.9999708160478278,-7.746644793854032e-11,-8.134813014759906e-11,0.9999705082628502,0.9999705082628491,-7.732425712651791e-11,0.9999705082628495,0.9999705082628498,0.9999705082628481,-7.733919650200635e-11,0.999970508262847,-7.737977845041645e-11,0.9999705082628481,0.99997050826285,0.9999705082628491,-7.742963936146919e-11,-7.744959739614325e-11,0.9999705082628464,0.9999705082628493,0.9999704114336433,0.999970508262847,-7.731427357254217e-11,0.9999705082628476,0.9999705082628481,-7.753868500465594e-11,0.9999707454360938,0.9999705082628473,0.99997050826285,0.9999705082628484,-7.744959727947677e-11,0.9999694482533581,0.9999705082628513,-7.742187972715316e-11,0.9999705082628495,-7.731427281994887e-11,-8.384521759710738e-11,0.9999705082628464,-7.944759797750711e-11,0.99997050826285,0.9999705082628484,0.99997050826285,-7.743757504302256e-11,0.9999707644388908,0.9999705082628491,0.999970696450876,-7.747760601947372e-11,-7.750624071151087e-11,-7.736665783172341e-11,0.9999705082628466,0.9999705082628467
-3.5319524485876656e-06,-7.746644792480867e-11,-7.746644794125898e-11,-7.746644791863086e-11,-7.74664479105531e-11,-7.746644795261508e-11,2.3805121201370876e-14,1.2870202819611882e-17,1.2216432212232357e-17,1.2413650579143462e-17,-7.74664479412812e-11,-7.74663891509633e-11,1.2116436666320391e-17,1.2948437285494838e-17,-7.74664479432863e-11,1.2210513221648214e-17,-7.746644794600179e-11,1.1849301689216279e-17,-7.746644795402981e-11,1.2185991801909408e-17,1.2219620501081737e-17,1.2039337470393828e-17,-7.746644793854032e-11,3.07784843456151e-07,1.3140557550233444e-17,-7.746644793098893e-11,-7.746644795746048e-11,1.1937941268236865e-17,-7.746644795359156e-11,-7.746644791863112e-11,-7.746644791477162e-11,2.3764459338071746e-14,-7.746644792175971e-11,1.2041350006884174e-17,-7.746644792175971e-11,-7.746644795023786e-11,-7.746644795261508e-11,1.1594460041349952e-17,2.3802333664078998e-14,-7.746644794001014e-11,-7.746644794400448e-11,-7.746644037947471e-11,-7.746644792793336e-11,1.2118162590952898e-17,-7.746644792791988e-11,-7.746644791477162e-11,1.2718390117520609e-17,-7.746646636613141e-11,-7.746644795030458e-11,-7.746644794400448e-11,-7.746644795023786e-11,2.3802333543427723e-14,-1.5433484954951394e-07,-7.746644794499817e-11,1.1655787409868563e-17,-7.74664479576385e-11,1.2147612747631394e-17,1.2725342970823094e-17,-7.74664479514762e-11,1.2393197633741037e-17,-7.746644793384863e-11,-7.746644794400448e-11,-7.746644795764264e-11,1.1654731118547444e-17,-7.74664678332134e-11,-7.74664479105531e-11,-7.746646252604608e-11,1.2306722139819922e-17,1.2018424585690877e-17,1.1490230823481539e-17,-7.7466447920984e-11,-7.746644793791041e-11
-3.53968590138777e-06,-8.13481301644219e-11,-8.134813017619763e-11,-8.134813016443222e-11,-8.134813018823453e-11,-8.134813014165548e-11,1.239598297186706e-17,1.3001489973438246e-17,1.3001197111371253e-17,1.3158393344584455e-17,-8.134813017722805e-11,-1.6206829649660746e-07,1.2969021912872004e-17,1.393278590915077e-17,-8.134813015684192e-11,1.2973812320610251e-17,-8.134813017112347e-11,1.2671145981429656e-17,-8.134813014749436e-11,1.4133069367310175e-17,1.2782264304401547e-17,1.1767206452232715e-17,-8.134813014759906e-11,1.3140557550233444e-17,3.0778484566339157e-07,-8.13481301643525e-11,-8.134813015708138e-11,1.2549298531082827e-17,-8.134813015908802e-11,-8.134813017365769e-11,-8.134813017076088e-11,1.2499151089462894e-17,-8.13481302020396e-11,1.2169101395332687e-17,-8.134813016017532e-11,-8.13481301682352e-11,-8.134813015882831e-11,1.2061927806124852e-17,1.2154689771016904e-17,-8.134813015882831e-11,-8.134813016408441e-11,-1.620684037525133e-07,-8.134813018034465e-11,1.1919933302339502e-17,-8.134813015792888e-11,-8.13481301513055e-11,1.2111671337958931e-17,-8.13481495700771e-11,-8.134813017329669e-11,-8.134813014569493e-11,-8.134813016527176e-11,1.2154689771016904e-17,-1.6206824726346302e-07,-8.134813017555943e-11,1.234421706531311e-17,-8.134813016213862e-11,1.1919933302339502e-17,2.7057825931435486e-14,-8.13481301802289e-11,1.2985185044240955e-17,-8.134813016402563e-11,-8.134813016881482e-11,-8.134813017797134e-11,1.2453455319453767e-17,-8.134815105388771e-11,-8.134813015996298e-11,-8.134814530190591e-11,1.3263731279107204e-17,1.3066392491004346e-17,1.2273233070609879e-17,-8.134813016712377e-11,-8.134813013956428e-11
