1.0000000008545307,1.0000029111595397,-2.912935670089184e-07,1.0000028502820797,-3.031378266271893e-07,1.0000029279075275,0.48268731732282116,1.0000029111595372,0.4826873173228213,1.00000281965457,-3.2202075248044804e-07,1.000002819798561,-3.0313782483226757e-07,-2.9973210282580217e-07,1.0000028196545712,0.5173161688560176,-2.9973210305792054e-07,0.5173161688560176,1.00000281492009,0.5173161133914639,-2.912935672645582e-07,-3.041558965812039e-07,-2.912935678737663e-07,0.48268730527764414,-3.0313782683976334e-07,-3.0313782687313925e-07,-3.0021166674521394e-07,1.0000029111595392,1.0000027885355225,-3.0313782688725166e-07,1.0000029111595372,-3.071675369558689e-07,0.5173161688560178,1.0000029111595372,0.48268725801339274,1.0000029111595399
1.0000029111595397,1.0000032417696956,-2.1661223588059045e-11,1.000003871691813,-2.763172303415531e-11,1.0000039493173245,0.48268794200847764,1.0000039325693209,0.4826879420084775,1.00000384106428,-3.7150293192456536e-11,1.0000038412082715,-2.7631722737259768e-11,-2.5914952272162077e-11,1.00000384106428,0.517316813903031,-2.5914952493998443e-11,0.5173168139030303,1.000003836329795,0.517316758438427,-2.1661224373214223e-11,-2.8144917222470272e-11,-2.1661224674682575e-11,0.482687929963291,-2.7631722798870726e-11,-2.7631722769648567e-11,-2.6156692291346195e-11,1.0000039325693215,1.0000038099452113,-2.7631722713204664e-11,1.0000039325693209,-2.9663036135908895e-11,0.5173168139030304,1.0000039325693209,0.4826878826989957,1.0000039325693233
-2.912935670089184e-07,-2.1661223588059045e-11,-6.907997189492796e-07,-2.1661222255706243e-11,2.449239443072142e-19,-2.1661223882151667e-11,-1.112398165241191e-11,-2.1661223576567448e-11,-1.1123981711750743e-11,-2.166122164821253e-11,1.0299115821089145e-18,-4.2971522488204614e-08,2.0057685877107822e-19,4.0613703655701954e-19,-2.166122167759804e-11,-1.0537252603074907e-11,2.5732730966039933e-19,-1.053725262953979e-11,-2.1661221521076843e-11,-1.0537251904543378e-11,3.448091406065204e-16,3.65983662648506e-19,3.448092264123694e-16,-1.1123981418420392e-11,2.8759932904490525e-19,1.5723234177799102e-19,4.487218500799559e-16,-2.1661223576567448e-11,-2.1661221017411774e-11,2.4189291845790777e-19,-2.1661223584179287e-11,1.530748842175596e-20,-1.0537252603074907e-11,-2.1661223617421217e-11,-1.1123980361832508e-11,-2.1661223617421217e-11
1.0000028502820797,1.000003871691813,-2.1661222255706243e-11,1.000003120014679,-5.481579720660535e-08,1.000003888439817,0.4826879106935385,1.0000038716918134,0.4826879106935382,1.0000037801867792,-7.369873348882573e-08,1.0000037803307704,-5.481579673113444e-08,-2.5914950709291263e-11,1.0000037801867785,0.5173167843404143,-2.5914951051447864e-11,0.5173167843404135,1.0000037754522948,0.5173167288758134,-2.1661223082545537e-11,-5.5833871669727455e-08,-2.1661223333153077e-11,0.4826878986483526,-5.481579698976381e-08,-5.481579668331905e-08,-5.1889632115367964e-08,1.0000038716918151,1.0000037490677114,-5.4815796951730184e-08,1.0000038716918138,-5.884551490622081e-08,0.5173167843404137,1.000003871691815,0.4826878513840605,1.000003871691817
-3.031378266271893e-07,-2.763172303415531e-11,2.449239443072142e-19,-5.481579720660535e-08,-6.907997218700892e-07,-2.7631723481367087e-11,-1.4112549659230733e-11,-2.763172291370605e-11,-1.4112549557393622e-11,-2.7631720494773738e-11,5.514740407599612e-19,-5.481579559190641e-08,4.430207642882617e-16,3.2592419836854694e-19,-2.7631720514570664e-11,-1.3519186763672662e-11,2.8695001456308263e-19,-1.3519186762410268e-11,-5.481579532948276e-08,-1.3519185895327191e-11,2.43747657094193e-19,1.5727228990301712e-19,2.449239443072142e-19,-1.4112549246266242e-11,4.430207686140701e-16,4.430207523945489e-16,1.8688797634911435e-19,-2.7631722959819064e-11,-5.481579392901999e-08,4.4302075621388685e-16,-2.76317230313934e-11,1.2362444016314504e-19,-1.3519186763672662e-11,-2.7631722959819064e-11,-1.4112548453471363e-11,-2.7631722959819064e-11
1.0000029279075275,1.0000039493173245,-2.1661223882151667e-11,1.000003888439817,-2.7631723481367087e-11,1.0000032752657084,0.48268795037068984,1.0000039493173245,0.4826879503706893,1.0000038578122812,-3.715029380822996e-11,1.0000038579562738,-2.7631723111934696e-11,-2.5914952527488537e-11,1.0000038578122816,0.5173168222888365,-2.591495313446305e-11,0.5173168222888364,1.0000038530777973,0.5173167668242322,-2.166122466314903e-11,-2.8144917620232807e-11,-2.1661225022463908e-11,0.482687938325502,-2.7631723296458254e-11,-2.7631723044444778e-11,-2.6156692672504685e-11,1.0000039493173252,1.0000038266932119,-2.7631723183006048e-11,1.000003949317325,-5.884551932168148e-08,0.5173168222888362,1.0000039493173263,0.4826878910612068,1.0000039493173272
0.48268731732282116,0.48268794200847764,-1.112398165241191e-11,0.4826879106935385,-1.4112549659230733e-11,0.48268795037068984,0.4826875275338452,0.48268794200847803,0.48268821833349884,0.4826878956247209,-2.2858528346746018e-11,0.48268789539206913,-1.4112549237000345e-11,-1.319733103816821e-11,0.4826878956247206,6.164632122629199e-11,-1.3197331593197037e-11,6.164632197105563e-11,0.4826878929365031,6.865831425966737e-11,-1.1123982001574683e-11,-1.4413532437044892e-11,-1.1123982315610093e-11,0.48268820710739174,-1.4112549450903217e-11,-1.411254930883578e-11,-1.3610677439082603e-11,0.48268794200847887,0.4826878796418087,-1.4112549411002775e-11,0.4826879420084788,-1.5160279880960812e-11,6.164632146907015e-11,0.48268794200847887,0.4826881443992396,0.4826879420084794
1.0000029111595372,1.0000039325693209,-2.1661223576567448e-11,1.0000038716918134,-2.763172291370605e-11,1.0000039493173245,0.48268794200847803,1.0000032417696967,0.4826879420084777,1.00000384106428,-3.7150293260482254e-11,1.0000038412082726,-2.763172262577172e-11,-2.5914952236372472e-11,1.0000038410642795,0.5173168139030311,-2.5914952469392618e-11,0.5173168139030306,1.0000038363297958,0.5173167584384276,-2.1661224376066907e-11,-2.8144917196983596e-11,-2.1661224699322234e-11,0.4826879299632912,-2.7631722850626228e-11,-2.7631722662298576e-11,-2.6156692232114412e-11,1.000003932569321,1.0000038099452113,-2.763172284213089e-11,1.000003932569322,-2.966303613102973e-11,0.517316813903031,1.000003932569322,0.48268788269899576,1.0000039325693242
0.4826873173228213,0.4826879420084775,-1.1123981711750743e-11,0.4826879106935382,-1.4112549557393622e-11,0.4826879503706893,0.48268821833349884,0.4826879420084777,0.48268752753384936,0.48268789562472075,-2.2858528322798616e-11,0.4826878953920686,-1.4112549237000345e-11,-1.319733103816821e-11,0.48268789562472053,6.164632171224109e-11,-1.319733164830982e-11,6.164632129397946e-11,0.48268789293650255,6.865831385226302e-11,-1.1123982162286265e-11,-1.44135325397066e-11,-1.1123982336828662e-11,0.48268820710739146,-1.4112549450903217e-11,-1.411254930883578e-11,-1.3610677391059753e-11,0.48268794200847803,0.4826878796418085,-1.4112549411002775e-11,0.4826879420084782,-1.5160279880960812e-11,6.164632148078951e-11,0.4826879420084785,0.4826881443992389,0.4826879420084786
1.00000281965457,1.00000384106428,-2.166122164821253e-11,1.0000037801867792,-2.7631720494773738e-11,1.0000038578122812,0.4826878956247209,1.00000384106428,0.48268789562472075,1.0000030587596178,-3.715028985510186e-11,1.0000037497032395,-2.763172026754454e-11,-5.141006696091281e-08,1.0000037495592489,0.5173167687816732,-5.141006751383223e-08,0.5173167687816727,1.0000037448247645,0.5173167133170735,-2.1661222498237877e-11,-5.583387001190268e-08,-2.166122268228204e-11,0.4826878835795351,-2.7631720382160997e-11,-2.7631720247177212e-11,-2.615668984131982e-11,1.000003841064281,1.0000037184401807,-2.7631720378655474e-11,1.0000038410642795,-5.8845513163398495e-08,0.517316768781673,1.0000038410642806,0.4826878363152449,1.0000038410642826
-3.2202075248044804e-07,-3.7150293192456536e-11,1.0299115821089145e-18,-7.369873348882573e-08,5.514740407599612e-19,-3.715029380822996e-11,-2.2858528346746018e-11,-3.7150293260482254e-11,-2.2858528322798616e-11,-3.715028985510186e-11,-6.907997188164007e-07,-7.369873127902738e-08,5.402615450161851e-19,6.9716992835800785e-19,-3.715028987004975e-11,-1.4291786198750268e-11,6.9716992835800785e-19,-1.4291786031909935e-11,-7.369873092121988e-08,-1.4291785665665327e-11,5.424096942921813e-19,8.050591195628949e-19,7.469566533771778e-19,-4.5346739164555865e-08,6.566574235569441e-19,5.514740407599612e-19,1.0767842737982166e-18,-3.7150293230098954e-11,-7.369872900347e-08,5.514740407599612e-19,-3.7150293260482254e-11,1.1686342453311711e-18,-1.4291786117109884e-11,-3.715029317667891e-11,-2.2858525721598407e-11,-3.7150293230098954e-11
1.000002819798561,1.0000038412082715,-4.2971522488204614e-08,1.0000037803307704,-5.481579559190641e-08,1.0000038579562738,0.48268789539206913,1.0000038412082726,0.4826878953920686,1.0000037497032395,-7.369873127902738e-08,1.0000030590476006,-5.4815795116435316e-08,-5.141006697185508e-08,1.0000037497032401,0.5173167691583171,-5.141006752477433e-08,0.5173167691583167,1.000003744968755,0.5173167136937182,-4.297152413744514e-08,-5.583387002368732e-08,-4.2971524627364193e-08,0.4826878833468828,-5.481579537506449e-08,-5.48157950686197e-08,-5.1889630583153006e-08,1.000003841208274,1.0000037185841728,-5.4815795337031e-08,1.0000038412082726,-5.884551317628477e-08,0.5173167691583171,1.0000038412082737,0.4826878360825922,1.0000038412082746
-3.0313782483226757e-07,-2.7631722737259768e-11,2.0057685877107822e-19,-5.481579673113444e-08,4.430207642882617e-16,-2.7631723111934696e-11,-1.4112549237000345e-11,-2.763172262577172e-11,-1.4112549237000345e-11,-2.763172026754454e-11,5.402615450161851e-19,-5.4815795116435316e-08,-6.907997218700892e-07,3.6805601353130645e-19,-2.7631720269885007e-11,-1.3519186956968074e-11,2.5403901083770024e-19,-1.3519186951657849e-11,-5.481579485401176e-08,-1.3519186272291232e-11,2.554213930011423e-19,1.9946904889800381e-19,1.6964680532235113e-19,-1.4112548843324303e-11,4.43020700353354e-16,4.4302068413388257e-16,2.8907860113612567e-19,-2.763172272341987e-11,-5.481579345354903e-08,4.430206879531634e-16,-2.763172262577172e-11,1.2362444016314504e-19,-1.3519186953681133e-11,-2.7631722751775547e-11,-1.4112548048565697e-11,-2.7631722751775547e-11
-2.9973210282580217e-07,-2.5914952272162077e-11,4.0613703655701954e-19,-2.5914950709291263e-11,3.2592419836854694e-19,-2.5914952527488537e-11,-1.319733103816821e-11,-2.5914952236372472e-11,-1.319733103816821e-11,-5.141006696091281e-08,6.9716992835800785e-19,-5.141006697185508e-08,3.6805601353130645e-19,-6.90799722231168e-07,-5.1410066960912844e-08,-1.2717633810712708e-11,5.553448701292125e-16,-1.2717633810712708e-11,-2.591494980350667e-11,-1.2717633274607807e-11,2.2219364034285638e-19,5.555043689334188e-16,2.2219364034285638e-19,-1.3197330817987245e-11,3.732451005215021e-19,4.630033183013915e-19,3.2644123002147116e-19,-2.5914952288837207e-11,-2.5914949087435222e-11,4.051380288285676e-19,-2.591495222985763e-11,4.1750280156835046e-16,-1.271763393232606e-11,-2.591495222985763e-11,-1.3197329945076473e-11,-2.591495222985763e-11
1.0000028196545712,1.00000384106428,-2.166122167759804e-11,1.0000037801867785,-2.7631720514570664e-11,1.0000038578122816,0.4826878956247206,1.0000038410642795,0.48268789562472053,1.0000037495592489,-3.715028987004975e-11,1.0000037497032401,-2.7631720269885007e-11,-5.1410066960912844e-08,1.0000030587596103,0.5173167687816734,-5.141006751383223e-08,0.517316768781673,1.0000037448247643,0.5173167133170737,-2.166122247174506e-11,-5.5833870011902746e-08,-2.1661222706615604e-11,0.48268788357953507,-2.7631720404037637e-11,-2.763172024341017e-11,-2.6156689859874815e-11,1.0000038410642806,1.0000037184401807,-2.7631720381884315e-11,1.0000038410642806,-5.884551316339845e-08,0.517316768781673,1.0000038410642806,0.48268783631524514,1.000003841064283
0.5173161688560176,0.517316813903031,-1.0537252603074907e-11,0.5173167843404143,-1.3519186763672662e-11,0.5173168222888365,6.164632122629199e-11,0.5173168139030311,6.164632171224109e-11,0.5173167687816732,-1.4291786198750268e-11,0.5173167691583171,-1.3519186956968074e-11,-1.2717633810712708e-11,0.5173167687816734,0.5173164255331734,-1.2717633654354439e-11,0.5173171163328246,0.5173167667354032,0.5173170469577903,-1.0537252903272075e-11,-1.3731398312469968e-11,-1.0537252925057562e-11,6.123343247403576e-11,-1.3519186843318439e-11,-1.351918691786709e-11,-1.2546027864482387e-11,0.5173168139030314,0.5173167536454909,-1.3519187021243053e-11,0.5173168139030313,-1.4502769881342366e-11,0.5173171163328248,0.5173168139030319,6.901840328109438e-11,0.5173168139030325
-2.9973210305792054e-07,-2.5914952493998443e-11,2.5732730966039933e-19,-2.5914951051447864e-11,2.8695001456308263e-19,-2.591495313446305e-11,-1.3197331593197037e-11,-2.5914952469392618e-11,-1.319733164830982e-11,-5.141006751383223e-08,6.9716992835800785e-19,-5.141006752477433e-08,2.5403901083770024e-19,5.553448701292125e-16,-5.141006751383223e-08,-1.2717633654354439e-11,-6.90799722231168e-07,-1.2717633468113686e-11,-2.5914950023628946e-11,-1.2717632862985481e-11,2.5732730966039933e-19,5.555044636194407e-16,4.0613703655701954e-19,-1.319733134870551e-11,3.308917877884747e-19,3.732451005215021e-19,4.937894159704286e-19,-2.5914952522150944e-11,-2.5914949345770167e-11,3.732451005215021e-19,-2.5914952480385522e-11,4.175029083516535e-16,-1.271763367093433e-11,-2.5914952459709787e-11,-1.3197330521112711e-11,-2.591495251039138e-11
0.5173161688560176,0.5173168139030303,-1.053725262953979e-11,0.5173167843404135,-1.3519186762410268e-11,0.5173168222888364,6.164632197105563e-11,0.5173168139030306,6.164632129397946e-11,0.5173167687816727,-1.4291786031909935e-11,0.5173167691583167,-1.3519186951657849e-11,-1.2717633810712708e-11,0.517316768781673,0.5173171163328246,-1.2717633468113686e-11,0.5173164255331723,0.5173167667354025,0.5173170469577905,-1.0537252913774803e-11,-1.3731398546481025e-11,-1.053725280484734e-11,6.123343247269504e-11,-1.3519186988495706e-11,-1.3519186790645391e-11,-1.254602773088822e-11,0.5173168139030312,0.5173167536454905,-1.3519186956026434e-11,0.5173168139030309,-1.4502769927122221e-11,0.5173171163328246,0.5173168139030311,6.901840251538201e-11,0.517316813903032
1.00000281492009,1.000003836329795,-2.1661221521076843e-11,1.0000037754522948,-5.481579532948276e-08,1.0000038530777973,0.4826878929365031,1.0000038363297958,0.48268789293650255,1.0000037448247645,-7.369873092121988e-08,1.000003744968755,-5.481579485401176e-08,-2.591494980350667e-11,1.0000037448247643,0.5173167667354032,-2.5914950023628946e-11,0.5173167667354025,1.0000030492906449,0.5173167112708037,-2.1661222349356763e-11,-2.8144914525688914e-11,-2.166122255714929e-11,0.48268788089131703,-5.4815795112641065e-08,-5.4815794806196125e-08,-5.1889630334259237e-08,1.0000038363297965,1.0000037137056972,-5.481579507460742e-08,1.0000038363297954,-2.966303335840929e-11,0.5173167667354027,1.0000038363297965,0.48268783362702694,1.0000038363297974
0.5173161133914639,0.517316758438427,-1.0537251904543378e-11,0.5173167288758134,-1.3519185895327191e-11,0.5173167668242322,6.865831425966737e-11,0.5173167584384276,6.865831385226302e-11,0.5173167133170735,-1.4291785665665327e-11,0.5173167136937182,-1.3519186272291232e-11,-1.2717633274607807e-11,0.5173167133170737,0.5173170469577903,-1.2717632862985481e-11,0.5173170469577905,0.5173167112708037,0.517316286783098,-1.0537252371846388e-11,-1.3731397688849524e-11,-1.0537252365068333e-11,6.824542476192478e-11,-1.351918603610378e-11,-1.3519185827509005e-11,-1.2546026803498436e-11,0.5173167584384277,0.517316698180893,-1.3519186208978256e-11,0.5173167584384274,-1.4502769234804804e-11,0.5173170469577908,0.5173167584384275,1.5082908698395522e-07,0.5173167584384287
-2.912935672645582e-07,-2.1661224373214223e-11,3.448091406065204e-16,-2.1661223082545537e-11,2.43747657094193e-19,-2.166122466314903e-11,-1.1123982001574683e-11,-2.1661224376066907e-11,-1.1123982162286265e-11,-2.1661222498237877e-11,5.424096942921813e-19,-4.297152413744514e-08,2.554213930011423e-19,2.2219364034285638e-19,-2.166122247174506e-11,-1.0537252903272075e-11,2.5732730966039933e-19,-1.0537252913774803e-11,-2.1661222349356763e-11,-1.0537252371846388e-11,-6.907997189492796e-07,3.65983662648506e-19,3.448094945487822e-16,-1.112398199464275e-11,1.6964680532235113e-19,2.554213930011423e-19,4.487221691296372e-16,-2.166122436990222e-11,-2.1661221827660632e-11,2.9199285934756485e-19,-2.1661224378081958e-11,3.075366769944411e-19,-1.053725296704184e-11,-2.1661224404891095e-11,-1.1123981255039784e-11,-2.1661224440266498e-11
-3.041558965812039e-07,-2.8144917222470272e-11,3.65983662648506e-19,-5.5833871669727455e-08,1.5727228990301712e-19,-2.8144917620232807e-11,-1.4413532437044892e-11,-2.8144917196983596e-11,-1.44135325397066e-11,-5.583387001190268e-08,8.050591195628949e-19,-5.583387002368732e-08,1.9946904889800381e-19,5.555043689334188e-16,-5.5833870011902746e-08,-1.3731398312469968e-11,5.555044636194407e-16,-1.3731398546481025e-11,-2.8144914525688914e-11,-1.3731397688849524e-11,3.65983662648506e-19,-6.907997211242423e-07,3.65983662648506e-19,-1.4413531986599703e-11,1.3740896659536774e-19,1.3235361370632675e-19,3.290633929600482e-19,-2.8144917196468056e-11,-2.814491381077583e-11,5.1791112718695665e-20,-2.8144917236135205e-11,3.939643958072003e-16,-1.3731398312469968e-11,-2.8144917196983596e-11,-1.4413531263819273e-11,-2.814491718919915e-11
-2.912935678737663e-07,-2.1661224674682575e-11,3.448092264123694e-16,-2.1661223333153077e-11,2.449239443072142e-19,-2.1661225022463908e-11,-1.1123982315610093e-11,-2.1661224699322234e-11,-1.1123982336828662e-11,-2.166122268228204e-11,7.469566533771778e-19,-4.2971524627364193e-08,1.6964680532235113e-19,2.2219364034285638e-19,-2.1661222706615604e-11,-1.0537252925057562e-11,4.0613703655701954e-19,-1.053725280484734e-11,-2.166122255714929e-11,-1.0537252365068333e-11,3.448094945487822e-16,3.65983662648506e-19,-6.907997189492796e-07,-1.1123982198267198e-11,1.3863512293746476e-19,2.9199285934756485e-19,4.48722269847955e-16,-2.1661224747171463e-11,-2.1661222082982776e-11,2.5688249685894936e-19,-2.166122463177442e-11,1.530748842175596e-20,-1.0537252822242073e-11,-2.1661224674682575e-11,-1.1123981283866927e-11,-2.1661224747171463e-11
0.48268730527764414,0.482687929963291,-1.1123981418420392e-11,0.4826878986483526,-1.4112549246266242e-11,0.482687938325502,0.48268820710739174,0.4826879299632912,0.48268820710739146,0.4826878835795351,-4.5346739164555865e-08,0.4826878833468828,-1.4112548843324303e-11,-1.3197330817987245e-11,0.48268788357953507,6.123343247403576e-11,-1.319733134870551e-11,6.123343247269504e-11,0.48268788089131703,6.824542476192478e-11,-1.112398199464275e-11,-1.4413531986599703e-11,-1.1123982198267198e-11,0.4826875050816323,-1.4112548942843673e-11,-1.4112548933610054e-11,-1.3610677154767e-11,0.4826879299632914,0.4826878675966227,-1.4112549006464297e-11,0.48268792996329124,-1.5160279832449493e-11,6.123343229503156e-11,0.4826879299632916,0.48268813317313297,0.48268792996329196
-3.0313782683976334e-07,-2.7631722798870726e-11,2.8759932904490525e-19,-5.481579698976381e-08,4.430207686140701e-16,-2.7631723296458254e-11,-1.4112549450903217e-11,-2.7631722850626228e-11,-1.4112549450903217e-11,-2.7631720382160997e-11,6.566574235569441e-19,-5.481579537506449e-08,4.43020700353354e-16,3.732451005215021e-19,-2.7631720404037637e-11,-1.3519186843318439e-11,3.308917877884747e-19,-1.3519186988495706e-11,-5.4815795112641065e-08,-1.351918603610378e-11,1.6964680532235113e-19,1.3740896659536774e-19,1.3863512293746476e-19,-1.4112548942843673e-11,-6.907997218700892e-07,4.430206884596117e-16,4.800015678581819e-19,-2.7631722850626228e-11,-5.481579371217837e-08,4.4302069227894596e-16,-2.76317229016306e-11,1.1168421708045387e-19,-1.3519186835714437e-11,-2.76317229016306e-11,-1.4112548187495294e-11,-2.763172285701294e-11
-3.0313782687313925e-07,-2.7631722769648567e-11,1.5723234177799102e-19,-5.481579668331905e-08,4.430207523945489e-16,-2.7631723044444778e-11,-1.411254930883578e-11,-2.7631722662298576e-11,-1.411254930883578e-11,-2.7631720247177212e-11,5.514740407599612e-19,-5.48157950686197e-08,4.4302068413388257e-16,4.630033183013915e-19,-2.763172024341017e-11,-1.351918691786709e-11,3.732451005215021e-19,-1.3519186790645391e-11,-5.4815794806196125e-08,-1.3519185827509005e-11,2.554213930011423e-19,1.3235361370632675e-19,2.9199285934756485e-19,-1.4112548933610054e-11,4.430206884596117e-16,-6.907997218700892e-07,2.2500003499195134e-19,-2.7631722725065817e-11,-5.481579340573354e-08,4.430206760594414e-16,-2.763172276846356e-11,1.4991067066299527e-19,-1.3519186704548328e-11,-2.7631722645931512e-11,-1.4112548264957729e-11,-2.7631722688975607e-11
-3.0021166674521394e-07,-2.6156692291346195e-11,4.487218500799559e-16,-5.1889632115367964e-08,1.8688797634911435e-19,-2.6156692672504685e-11,-1.3610677439082603e-11,-2.6156692232114412e-11,-1.3610677391059753e-11,-2.615668984131982e-11,1.0767842737982166e-18,-5.1889630583153006e-08,2.8907860113612567e-19,3.2644123002147116e-19,-2.6156689859874815e-11,-1.2546027864482387e-11,4.937894159704286e-19,-1.254602773088822e-11,-5.1889630334259237e-08,-1.2546026803498436e-11,4.487221691296372e-16,3.290633929600482e-19,4.48722269847955e-16,-1.3610677154767e-11,4.800015678581819e-19,2.2500003499195134e-19,-6.90799719618077e-07,-2.6156692173878803e-11,-2.615668906861662e-11,3.9809188671033246e-19,-2.6156692329490983e-11,3.107831083427792e-19,-1.2546027884534683e-11,-2.6156692232114412e-11,-1.3610676378100962e-11,-2.6156692329490983e-11
1.0000029111595392,1.0000039325693215,-2.1661223576567448e-11,1.0000038716918151,-2.7631722959819064e-11,1.0000039493173252,0.48268794200847887,1.000003932569321,0.48268794200847803,1.000003841064281,-3.7150293230098954e-11,1.000003841208274,-2.763172272341987e-11,-2.5914952288837207e-11,1.0000038410642806,0.5173168139030314,-2.5914952522150944e-11,0.5173168139030312,1.0000038363297965,0.5173167584384277,-2.166122436990222e-11,-2.8144917196468056e-11,-2.1661224747171463e-11,0.4826879299632914,-2.7631722850626228e-11,-2.7631722725065817e-11,-2.6156692173878803e-11,1.0000032417696978,1.0000038099452122,-2.7631722762813063e-11,1.0000039325693226,-2.9663036165955106e-11,0.5173168139030314,1.0000039325693226,0.48268788269899615,1.0000039325693248
1.0000027885355225,1.0000038099452113,-2.1661221017411774e-11,1.0000037490677114,-5.481579392901999e-08,1.0000038266932119,0.4826878796418087,1.0000038099452113,0.4826878796418085,1.0000037184401807,-7.369872900347e-08,1.0000037185841728,-5.481579345354903e-08,-2.5914949087435222e-11,1.0000037184401807,0.5173167536454909,-2.5914949345770167e-11,0.5173167536454905,1.0000037137056972,0.517316698180893,-2.1661221827660632e-11,-2.814491381077583e-11,-2.1661222082982776e-11,0.4826878675966227,-5.481579371217837e-08,-5.481579340573354e-08,-2.615668906861662e-11,1.0000038099452122,1.00000299652148,-5.481579367414479e-08,1.0000038099452122,-2.966303261071587e-11,0.5173167536454906,1.0000038099452129,0.4826878203323344,1.0000038099452135
-3.0313782688725166e-07,-2.7631722713204664e-11,2.4189291845790777e-19,-5.4815796951730184e-08,4.4302075621388685e-16,-2.7631723183006048e-11,-1.4112549411002775e-11,-2.763172284213089e-11,-1.4112549411002775e-11,-2.7631720378655474e-11,5.514740407599612e-19,-5.4815795337031e-08,4.430206879531634e-16,4.051380288285676e-19,-2.7631720381884315e-11,-1.3519187021243053e-11,3.732451005215021e-19,-1.3519186956026434e-11,-5.481579507460742e-08,-1.3519186208978256e-11,2.9199285934756485e-19,5.1791112718695665e-20,2.5688249685894936e-19,-1.4112549006464297e-11,4.4302069227894596e-16,4.430206760594414e-16,3.9809188671033246e-19,-2.7631722762813063e-11,-5.481579367414479e-08,-6.907997218700892e-07,-2.7631722737111554e-11,1.4991067066299527e-19,-1.351918703373488e-11,-2.7631722831386956e-11,-1.4112548125379324e-11,-2.7631722737111554e-11
1.0000029111595372,1.0000039325693209,-2.1661223584179287e-11,1.0000038716918138,-2.76317230313934e-11,1.000003949317325,0.4826879420084788,1.000003932569322,0.4826879420084782,1.0000038410642795,-3.7150293260482254e-11,1.0000038412082726,-2.763172262577172e-11,-2.591495222985763e-11,1.0000038410642806,0.5173168139030313,-2.5914952480385522e-11,0.5173168139030309,1.0000038363297954,0.5173167584384274,-2.1661224378081958e-11,-2.8144917236135205e-11,-2.166122463177442e-11,0.48268792996329124,-2.76317229016306e-11,-2.763172276846356e-11,-2.6156692329490983e-11,1.0000039325693226,1.0000038099452122,-2.7631722737111554e-11,1.0000032417696993,-2.966303615740006e-11,0.5173168139030312,1.0000039325693224,0.4826878826989961,1.0000039325693235
-3.071675369558689e-07,-2.9663036135908895e-11,1.530748842175596e-20,-5.884551490622081e-08,1.2362444016314504e-19,-5.884551932168148e-08,-1.5160279880960812e-11,-2.966303613102973e-11,-1.5160279880960812e-11,-5.8845513163398495e-08,1.1686342453311711e-18,-5.884551317628477e-08,1.2362444016314504e-19,4.1750280156835046e-16,-5.884551316339845e-08,-1.4502769881342366e-11,4.175029083516535e-16,-1.4502769927122221e-11,-2.966303335840929e-11,-1.4502769234804804e-11,3.075366769944411e-19,3.939643958072003e-16,1.530748842175596e-20,-1.5160279832449493e-11,1.1168421708045387e-19,1.4991067066299527e-19,3.107831083427792e-19,-2.9663036165955106e-11,-2.966303261071587e-11,1.4991067066299527e-19,-2.966303615740006e-11,-6.907997220652526e-07,-1.4502770095458717e-11,-2.9663036129940645e-11,-1.5160278882961826e-11,-2.9663036129940645e-11
0.5173161688560178,0.5173168139030304,-1.0537252603074907e-11,0.5173167843404137,-1.3519186763672662e-11,0.5173168222888362,6.164632146907015e-11,0.517316813903031,6.164632148078951e-11,0.517316768781673,-1.4291786117109884e-11,0.5173167691583171,-1.3519186953681133e-11,-1.271763393232606e-11,0.517316768781673,0.5173171163328248,-1.271763367093433e-11,0.5173171163328246,0.5173167667354027,0.5173170469577908,-1.053725296704184e-11,-1.3731398312469968e-11,-1.0537252822242073e-11,6.123343229503156e-11,-1.3519186835714437e-11,-1.3519186704548328e-11,-1.2546027884534683e-11,0.5173168139030314,0.5173167536454906,-1.351918703373488e-11,0.5173168139030312,-1.4502770095458717e-11,0.5173164255331736,0.5173168139030312,6.901840280631359e-11,0.5173168139030324
1.0000029111595372,1.0000039325693209,-2.1661223617421217e-11,1.000003871691815,-2.7631722959819064e-11,1.0000039493173263,0.48268794200847887,1.000003932569322,0.4826879420084785,1.0000038410642806,-3.715029317667891e-11,1.0000038412082737,-2.7631722751775547e-11,-2.591495222985763e-11,1.0000038410642806,0.5173168139030319,-2.5914952459709787e-11,0.5173168139030311,1.0000038363297965,0.5173167584384275,-2.1661224404891095e-11,-2.8144917196983596e-11,-2.1661224674682575e-11,0.4826879299632916,-2.76317229016306e-11,-2.7631722645931512e-11,-2.6156692232114412e-11,1.0000039325693226,1.0000038099452129,-2.7631722831386956e-11,1.0000039325693224,-2.9663036129940645e-11,0.5173168139030312,1.000003241769697,0.48268788269899654,1.0000039325693246
0.48268725801339274,0.4826878826989957,-1.1123980361832508e-11,0.4826878513840605,-1.4112548453471363e-11,0.4826878910612068,0.4826881443992396,0.48268788269899576,0.4826881443992389,0.4826878363152449,-2.2858525721598407e-11,0.4826878360825922,-1.4112548048565697e-11,-1.3197329945076473e-11,0.48268783631524514,6.901840328109438e-11,-1.3197330521112711e-11,6.901840251538201e-11,0.48268783362702694,1.5082908698395522e-07,-1.1123981255039784e-11,-1.4413531263819273e-11,-1.1123981283866927e-11,0.48268813317313297,-1.4112548187495294e-11,-1.4112548264957729e-11,-1.3610676378100962e-11,0.48268788269899615,0.4826878203323344,-1.4112548125379324e-11,0.4826878826989961,-1.5160278882961826e-11,6.901840280631359e-11,0.48268788269899654,0.4826873796653178,0.4826878826989969
1.0000029111595399,1.0000039325693233,-2.1661223617421217e-11,1.000003871691817,-2.7631722959819064e-11,1.0000039493173272,0.4826879420084794,1.0000039325693242,0.4826879420084786,1.0000038410642826,-3.7150293230098954e-11,1.0000038412082746,-2.7631722751775547e-11,-2.591495222985763e-11,1.000003841064283,0.5173168139030325,-2.591495251039138e-11,0.517316813903032,1.0000038363297974,0.5173167584384287,-2.1661224440266498e-11,-2.814491718919915e-11,-2.1661224747171463e-11,0.48268792996329196,-2.763172285701294e-11,-2.7631722688975607e-11,-2.6156692329490983e-11,1.0000039325693248,1.0000038099452135,-2.7631722737111554e-11,1.0000039325693235,-2.9663036129940645e-11,0.5173168139030324,1.0000039325693246,0.4826878826989969,1.000003241769694
