0.9999999985763344,-2.806197766063613e-07,-2.85512367037824e-07,-2.862797653028936e-07,-2.855123689312619e-07,-2.8189220474989525e-07,0.9999959291677959,0.9999959291677972,-2.853852015414613e-07,0.9999963608412998,-2.801548355232861e-07,0.9999959291677964,-3.03355223755515e-07,-2.819314040419853e-07,-2.8189220700514515e-07,0.9999952433582028,-2.8061977686765345e-07,-2.813838072123742e-07,-2.8627976433906955e-07,0.9999959291677953,-2.808651223086034e-07,-2.991295764132075e-07,0.9999963220019951,-2.801548355399949e-07,-2.8193140428434356e-07,-2.8086512230870734e-07,0.9999955788673106,-2.8061977670379863e-07,-3.034138423493745e-07,0.9999959096759508,-2.8654446756649487e-07,-2.78179310941177e-07,-2.819314040663924e-07,-2.919114759429696e-07,0.9999964605769763,-2.8500945341994433e-07,0.9999959291677972,-2.858354095354145e-07,-2.8061977686950236e-07,-2.804564887514843e-07,0.9999959121660095
-2.806197766063613e-07,3.190552688851089e-07,4.825825022061531e-20,-1.979093724607463e-20,3.6404781347817127e-20,-3.204609407576744e-20,-1.2212232682807353e-11,-1.2212232685129563e-11,5.673170826386102e-20,-1.2212238408911934e-11,1.0727218085075297e-19,-1.2212232682807353e-11,1.6370634122115644e-19,6.745449276159654e-20,-3.204609407576744e-20,-2.4251612985140766e-08,3.5985797030033045e-17,6.106227783387315e-17,-1.9344964971561438e-20,-1.2212232682807353e-11,1.3833665692565135e-21,8.648206072319057e-20,-1.2212237848106907e-11,-7.832863749493085e-20,2.50710642677665e-20,7.241188755483588e-20,-1.2212228083566998e-11,3.5985900012245246e-17,8.543544463855618e-20,-1.221223244152928e-11,7.064567994515454e-20,1.1716151329853325e-19,3.130114362781409e-20,3.3682935574504913e-21,-1.2212239737526392e-11,5.308974411247137e-20,-1.2212232682807353e-11,-1.2240897546629345e-19,3.598583358385154e-17,6.01967281014281e-20,-1.221223241951569e-11
-2.85512367037824e-07,4.825825022061531e-20,3.1905526819663143e-07,3.880457742455372e-20,-5.4902071139081e-17,3.350293099188257e-20,-1.46759559865865e-11,-1.4675956033333275e-11,1.4522799097147086e-21,-1.4675962845112618e-11,-7.90296389978807e-20,-1.46759559865865e-11,1.6969302523625183e-19,3.7381888679168496e-20,5.2997196937169e-21,-2.914418819476454e-08,3.640265933369539e-20,5.556386143725642e-20,4.1112785308238575e-20,-1.4675956047418703e-11,-1.4901860002517488e-19,6.516539966329242e-17,-2.9144222362132136e-08,9.811779447763275e-20,2.8487917538721135e-20,-1.9518093256376814e-19,-2.9144198821638926e-08,3.640265933369539e-20,1.6565258417724858e-19,-1.4675955701440286e-11,-5.1046793852810987e-20,-1.9637378045141287e-19,2.848791748348339e-20,8.056689449322357e-20,-1.467596469084989e-11,8.385858675168877e-20,-1.4675956001752815e-11,5.340528622762742e-20,3.640265933369539e-20,-9.897817909190069e-20,-1.4675955800521463e-11
-2.862797653028936e-07,-1.979093724607463e-20,3.880457742455372e-20,3.1905526845463693e-07,-8.206557145732948e-20,1.1923419689960368e-19,-1.506238851043111e-11,-1.506238851043111e-11,3.6625013788317503e-20,-2.991161988043646e-08,-1.236413392054425e-19,-1.5062388511055004e-11,1.6716544430696874e-19,5.309798425776218e-20,1.3420993425696714e-19,-2.991158365181323e-08,2.884438905324129e-20,3.0565962376433345e-20,7.155147385366268e-18,-1.5062388498963737e-11,-1.7106385491408602e-19,6.174163550061834e-20,-1.5062395011027365e-11,-1.236413392054425e-19,1.3371416688285124e-20,-1.7106385492266938e-19,-2.991159452843946e-08,-1.9344964971561438e-20,1.2444818138767374e-19,-1.506238822141096e-11,1.952725729260593e-17,-1.1863390327199255e-19,1.3371416688285124e-20,-1.643294189150742e-20,-1.50623973693247e-11,9.690302286304002e-20,-1.506238851043111e-11,-1.1251652220861633e-17,2.884438905324129e-20,-5.861673285406863e-20,-1.5062388229261388e-11
-2.855123689312619e-07,3.6404781347817127e-20,-5.4902071139081e-17,-8.206557145732948e-20,3.1905526819663143e-07,1.563099305603552e-19,-1.4675956589955717e-11,-1.4675956566181218e-11,2.3192214914921655e-21,-1.467596349955908e-11,9.811779447763275e-20,-1.4675956572466663e-11,1.4424356979788314e-19,3.7381888679168496e-20,5.2997196937169e-21,-2.9144189403491847e-08,3.6404781347817127e-20,5.556386143725642e-20,-1.3573958022946913e-19,-1.4675956581291475e-11,-1.4901860002517488e-19,6.516541103838495e-17,-2.9144223570860996e-08,9.811779447763275e-20,-2.5773848979223803e-20,-1.4901860002517488e-19,-2.914420003036688e-08,3.640265933369539e-20,1.349660291890749e-19,-1.467595630341767e-11,-5.1046793852810987e-20,-2.1924048259818596e-19,2.848791748348339e-20,8.056689449322357e-20,-1.4675965115651015e-11,9.428944969701111e-20,-1.4675956572466663e-11,-1.468612865770304e-20,-4.6109337005828537e-20,-9.897817909190069e-20,-1.4675956369862443e-11
-2.8189220474989525e-07,-3.204609407576744e-20,3.350293099188257e-20,1.1923419689960368e-19,1.563099305603552e-19,3.1905526919303123e-07,-1.2852979825616165e-11,-1.2852979800909964e-11,1.553124568069668e-16,-1.2852985878556859e-11,-5.081636478728335e-20,-1.2852979837326492e-11,1.3236195419456332e-19,1.2204420693330633e-16,1.2034866064831532e-16,-2.5524038105478614e-08,6.851189792828216e-20,1.0339355704870643e-16,1.2881629420688493e-19,-1.2852979844458844e-11,1.4771147099671954e-20,8.98006820513566e-21,-1.2852985336659474e-11,-3.1024395567508477e-20,1.2204418069686816e-16,1.477114709966996e-20,-1.2852975043540218e-11,6.343959674875409e-20,1.7088730419487422e-19,-1.2852979586086695e-11,3.3214348520426336e-20,6.313541111216622e-20,1.2204425952033577e-16,2.3043063719912175e-20,-1.285298717790444e-11,1.4467743989354922e-16,-1.2852979800909964e-11,1.215817659863055e-19,6.343959674875409e-20,-5.3011799702831354e-20,-1.2852979609756808e-11
0.9999959291677959,-1.2212232682807353e-11,-1.46759559865865e-11,-1.506238851043111e-11,-1.4675956589955717e-11,-1.2852979825616165e-11,0.9999944959873396,0.9999941769320759,-1.461192026134467e-11,0.999994608604712,-1.1978105636234293e-11,0.9999941769320763,-4.69870351262984e-08,-1.2872718450912872e-11,-1.2852980562431259e-11,0.9999934911238599,-1.2212232965218902e-11,-1.2596969223383014e-11,-1.5062388221250063e-11,0.9999941769320762,-1.2335778911617807e-11,-2.1533069946724664e-11,0.9999945697654863,-1.1978105769456536e-11,-1.2872719027893988e-11,-1.233577871445053e-11,0.999993826632293,-1.2212232524779045e-11,-4.7045653343551496e-08,0.999994157440269,-1.5195683698413932e-11,-1.0983305445214867e-11,-1.2872718396084463e-11,-1.7898306052676392e-11,0.9999947083401892,-1.4422707733543642e-11,0.9999941769320759,-1.4838628245869673e-11,-1.22122325518813e-11,-1.2130006418857721e-11,0.9999941599303227
0.9999959291677972,-1.2212232685129563e-11,-1.4675956033333275e-11,-1.506238851043111e-11,-1.4675956566181218e-11,-1.2852979800909964e-11,0.9999941769320759,0.999994495987342,-1.4611920250264333e-11,0.9999946086047135,-1.1978105721191251e-11,0.9999941769320763,-4.698703512629839e-08,-1.2872718427912788e-11,-1.2852980599176819e-11,0.9999934911238615,-1.2212232965218902e-11,-1.2596969223383014e-11,-1.5062388234240117e-11,0.9999941769320768,-1.2335778881068462e-11,-2.1533069946724664e-11,0.9999945697654862,-1.1978105769456523e-11,-1.2872719035852466e-11,-1.233577871445053e-11,0.9999938266322934,-1.2212232512267478e-11,-4.704565334355167e-08,0.9999941574402708,-1.5195683687690017e-11,-1.0983305519961683e-11,-1.287271844801277e-11,-1.7898306125579083e-11,0.9999947083401894,-1.4422707749766318e-11,0.9999941769320785,-1.4838628245869673e-11,-1.2212232551977721e-11,-1.2130006420440452e-11,0.9999941599303245
-2.853852015414613e-07,5.673170826386102e-20,1.4522799097147086e-21,3.6625013788317503e-20,2.3192214914921655e-21,1.553124568069668e-16,-1.461192026134467e-11,-1.4611920250264333e-11,3.190552701083391e-07,-1.4611927046712504e-11,7.57804004445441e-20,-1.4611920292936526e-11,4.431539355953772e-16,1.5723529343034104e-16,1.553123799807832e-16,-2.901702294292968e-08,7.80935263746119e-20,1.361527749164194e-16,5.164532723320016e-20,-1.4611920232699738e-11,2.3482563147609848e-20,1.3577129864707167e-19,-1.461192644869139e-11,-1.0680369864231293e-20,1.5723526564336895e-16,2.3482563147609848e-20,-1.4611914769091193e-11,5.673170826386102e-20,2.5200055600058497e-19,-2.9017043704009e-08,5.065045581299335e-21,-6.4549954008188126e-21,1.5723535168298208e-16,5.684327253517697e-20,-1.4611928615276036e-11,1.848822368963989e-16,-1.4611920368432176e-11,1.3423152081302856e-19,7.80935263746119e-20,1.1939383046048688e-20,-1.4611919976360214e-11
0.9999963608412998,-1.2212238408911934e-11,-1.4675962845112618e-11,-2.991161988043646e-08,-1.467596349955908e-11,-1.2852985878556859e-11,0.999994608604712,0.9999946086047135,-1.4611927046712504e-11,0.9999953593327957,-1.1978111370577834e-11,0.9999946086047128,-2.3660964434370476e-11,-1.2872724409652822e-11,-1.2852986523008743e-11,0.9999939227962042,-1.2212238623929063e-11,-1.2596975100973702e-11,-2.9911619342592115e-08,0.9999946086047137,-1.2335784591841375e-11,-2.1533079952291146e-11,0.9999950014382912,-1.1978111470870288e-11,-1.2872724952730881e-11,-1.2335784491785734e-11,0.9999942583047816,-1.2212238180945019e-11,-2.3690482387467046e-11,0.9999945891128978,-1.519569072708042e-11,-1.0983310765047926e-11,-1.287272444436445e-11,-1.789831443142013e-11,0.999995140013055,-1.4422714465750495e-11,0.9999946086047149,-2.9467265952109687e-08,-1.2212238251521316e-11,-1.213001212951246e-11,0.9999945916029536
-2.801548355232861e-07,1.0727218085075297e-19,-7.90296389978807e-20,-1.236413392054425e-19,9.811779447763275e-20,-5.081636478728335e-20,-1.1978105636234293e-11,-1.1978105721191251e-11,7.57804004445441e-20,-1.1978111370577834e-11,3.190552707137387e-07,-1.1978105753985452e-11,6.894014627627942e-20,-1.0875486919568737e-19,-2.2341627608047826e-20,-2.3786673084274913e-08,1.1889789758791183e-20,4.9435819957327884e-20,-8.893022850725704e-20,-1.1978105767806719e-11,-9.649446631439598e-20,-1.0932341601858982e-19,-1.1978110914737006e-11,-2.394640271250724e-21,-2.2488210319773338e-20,-3.2740112093703773e-20,-2.3786681837294468e-08,-4.4982880295136727e-20,6.723073566999769e-20,-1.197810545997258e-11,-1.4275593215213528e-19,-1.7255945766261195e-19,-6.24824083171415e-20,-6.507221452582543e-17,-1.1978112654091498e-11,-7.620869575311751e-20,-1.1978105767806719e-11,-8.337014463943169e-20,1.1889789758791183e-20,-2.7575443115251673e-19,-1.1978105414848081e-11
0.9999959291677964,-1.2212232682807353e-11,-1.46759559865865e-11,-1.5062388511055004e-11,-1.4675956572466663e-11,-1.2852979837326492e-11,0.9999941769320763,0.9999941769320763,-1.4611920292936526e-11,0.9999946086047128,-1.1978105753985452e-11,0.9999944959873416,-4.6987035126298446e-08,-1.2872718447048752e-11,-1.285298058944945e-11,0.9999934911238609,-1.2212232965218902e-11,-1.2596969203391635e-11,-1.506238822124893e-11,0.9999941769320759,-1.2335778882192348e-11,-2.1533069959867433e-11,0.9999945697654862,-1.1978105705632044e-11,-1.2872719027893988e-11,-1.2335778720899239e-11,0.9999938266322934,-1.2212232468968221e-11,-4.704565334355156e-08,0.9999941574402696,-1.5195683717789785e-11,-1.0983305519961683e-11,-1.2872718396084463e-11,-1.7898306056318756e-11,0.9999947083401886,-1.442270774458553e-11,0.9999941769320785,-1.4838628180580627e-11,-1.22122325518813e-11,-1.2130006419780339e-11,0.9999941599303236
-3.03355223755515e-07,1.6370634122115644e-19,1.6969302523625183e-19,1.6716544430696874e-19,1.4424356979788314e-19,1.3236195419456332e-19,-4.69870351262984e-08,-4.698703512629839e-08,4.431539355953772e-16,-2.3660964434370476e-11,6.894014627627942e-20,-4.6987035126298446e-08,3.1905526950740343e-07,1.4213486757570615e-19,1.5999323434867487e-19,-4.6987000872377e-08,1.8240428342963016e-19,1.1505628648353624e-19,1.8041697767322371e-19,-4.6987035126298446e-08,5.057198569858384e-20,3.016689020668528e-19,-2.3660963282942785e-11,9.257170503407558e-20,1.4213486756907158e-19,7.663800991495227e-20,-2.3660944673007964e-11,1.9919000413509115e-19,9.618957954847218e-16,-4.6987034152473415e-08,1.8386112351076292e-19,1.2406963465438553e-19,1.4038171168619744e-19,2.543144276840587e-19,-2.3660966883596583e-11,2.300873104024755e-19,-4.698703512629837e-08,1.5975899424879334e-19,1.6370634122115644e-19,-1.0057636824826852e-20,-4.6987034280781244e-08
-2.819314040419853e-07,6.745449276159654e-20,3.7381888679168496e-20,5.309798425776218e-20,3.7381888679168496e-20,1.2204420693330633e-16,-1.2872718450912872e-11,-1.2872718427912788e-11,1.5723529343034104e-16,-1.2872724409652822e-11,-1.0875486919568737e-19,-1.2872718447048752e-11,1.4213486757570615e-19,3.1905526845679104e-07,1.220441363122935e-16,-2.5563235887059295e-08,4.5577421008745606e-20,-4.001154000493178e-20,9.374361179322371e-20,-1.2872718442997348e-11,-1.8387881652504004e-20,6.539390975177013e-20,-1.2872723934077694e-11,-1.0875486919568737e-19,1.2373901812558028e-16,2.1639486911241982e-20,-1.2872713562199118e-11,3.130114362781409e-20,1.888681736990382e-19,-1.2872718155172031e-11,8.725003317439034e-20,-1.269381875703746e-20,1.2373909696255723e-16,5.138620128464315e-20,-1.2872725854409882e-11,1.4658470764743108e-16,-1.2872718409352943e-11,4.299004247269611e-21,2.50710642677665e-20,-4.3343954272372714e-20,-1.2872718181132185e-11
-2.8189220700514515e-07,-3.204609407576744e-20,5.2997196937169e-21,1.3420993425696714e-19,5.2997196937169e-21,1.2034866064831532e-16,-1.2852980562431259e-11,-1.2852980599176819e-11,1.553123799807832e-16,-1.2852986523008743e-11,-2.2341627608047826e-20,-1.285298058944945e-11,1.5999323434867487e-19,1.220441363122935e-16,3.1905526919303123e-07,-2.5524039527954147e-08,6.343959674875409e-20,1.0339348516482622e-16,1.1923419689960368e-19,-1.2852980570408899e-11,1.4771147099671954e-20,1.2494957980677973e-19,-1.2852985992530836e-11,-2.058188368363151e-20,1.220441100758435e-16,1.0085195476450589e-20,-1.2852975741204908e-11,6.343959674875409e-20,1.742673082913908e-19,-1.2852980345320209e-11,4.255841409231465e-20,6.313541111216622e-20,1.2204418889931768e-16,8.004990903211028e-20,-1.2852987911970989e-11,1.4467736198521738e-16,-1.2852980542533286e-11,4.977501283850435e-20,6.851189792828216e-20,-4.1933912066535324e-20,-1.2852980342160243e-11
0.9999952433582028,-2.4251612985140766e-08,-2.914418819476454e-08,-2.991158365181323e-08,-2.9144189403491847e-08,-2.5524038105478614e-08,0.9999934911238599,0.9999934911238615,-2.901702294292968e-08,0.9999939227962042,-2.3786673084274913e-08,0.9999934911238609,-4.6987000872377e-08,-2.5563235887059295e-08,-2.5524039527954147e-08,0.9999931243713813,-2.4251613511973173e-08,-2.5015640439992063e-08,-2.991158311396978e-08,0.999993491123862,-2.449695680534107e-08,-4.2761360452637033e-08,0.9999938839570017,-2.378667320777379e-08,-2.5563237056178936e-08,-2.449695658180003e-08,0.999993140824316,-2.425161258529928e-08,-4.704561905085738e-08,0.9999934716320679,-3.0176287283568016e-08,-2.1811153100555677e-08,-2.5563235884435627e-08,-3.554327925960287e-08,0.9999940225316122,-2.8641276069218934e-08,0.999993491123862,-2.9467230204216258e-08,-2.4251612807421653e-08,-2.408832446526208e-08,0.9999934741221203
-2.8061977686765345e-07,3.5985797030033045e-17,3.640265933369539e-20,2.884438905324129e-20,3.6404781347817127e-20,6.851189792828216e-20,-1.2212232965218902e-11,-1.2212232965218902e-11,7.80935263746119e-20,-1.2212238623929063e-11,1.1889789758791183e-20,-1.2212232965218902e-11,1.8240428342963016e-19,4.5577421008745606e-20,6.343959674875409e-20,-2.4251613511973173e-08,3.190552688851089e-07,6.10620611243324e-17,2.1130852094079233e-20,-1.2212232948516483e-11,7.241188755483588e-20,-1.5229177651730723e-21,-1.2212238124867705e-11,-2.502222552039364e-20,1.5883709043557414e-20,4.435831686527577e-20,-1.2212228312278163e-11,3.5985681956744936e-17,6.594874882047537e-20,-1.221223267370565e-11,4.7169969339877804e-20,1.1916733787164159e-19,2.507106260379594e-20,3.3682935574504913e-21,-1.2212239959223304e-11,5.308396808325304e-20,-1.2212232965218902e-11,-1.2240897546629345e-19,3.598561552838082e-17,-2.9602865479357775e-20,-1.2212232711534633e-11
-2.813838072123742e-07,6.106227783387315e-17,5.556386143725642e-20,3.0565962376433345e-20,5.556386143725642e-20,1.0339355704870643e-16,-1.2596969223383014e-11,-1.2596969223383014e-11,1.361527749164194e-16,-1.2596975100973702e-11,4.9435819957327884e-20,-1.2596969203391635e-11,1.1505628648353624e-19,-4.001154000493178e-20,1.0339348516482622e-16,-2.5015640439992063e-08,6.10620611243324e-17,3.1905526921584866e-07,3.0565962376433345e-20,-1.2596969228712858e-11,-1.8133945347600006e-20,3.819949879645156e-20,-1.2596974555411188e-11,-1.6943654386968993e-20,9.721635920369379e-20,-2.085150173176144e-20,-1.2596964438284275e-11,6.106216313261187e-17,1.4009339252085085e-19,-1.259696899843102e-11,3.143191296487721e-20,-2.163011858591399e-17,9.721635920369379e-20,6.297172506155761e-20,-1.2596976508403643e-11,6.783632350774189e-21,-1.2596969228712858e-11,4.206604568822828e-17,6.10620967084003e-17,5.2016936525302437e-20,-1.25969690270893e-11
-2.8627976433906955e-07,-1.9344964971561438e-20,4.1112785308238575e-20,7.155147385366268e-18,-1.3573958022946913e-19,1.2881629420688493e-19,-1.5062388221250063e-11,-1.5062388234240117e-11,5.164532723320016e-20,-2.9911619342592115e-08,-8.893022850725704e-20,-1.506238822124893e-11,1.8041697767322371e-19,9.374361179322371e-20,1.1923419689960368e-19,-2.991158311396978e-08,2.1130852094079233e-20,3.0565962376433345e-20,3.1905526845463693e-07,-1.5062388148621796e-11,-1.7106385491408602e-19,-2.1443226582399026e-20,-1.506239462845643e-11,-1.236413392054425e-19,1.3371416688285124e-20,-1.7106385491408602e-19,-2.9911593990595816e-08,7.043294077241967e-21,1.5758681770000925e-19,-1.506238790851502e-11,1.9527303882033747e-17,-2.0424905108446548e-19,5.787652378217855e-20,8.623881016304479e-20,-1.5062397203271433e-11,5.975417002576307e-20,-1.5062388234240117e-11,-1.1251605087433016e-17,-1.9344964971561438e-20,-1.2501874949704768e-19,-1.5062387961516242e-11
0.9999959291677953,-1.2212232682807353e-11,-1.4675956047418703e-11,-1.5062388498963737e-11,-1.4675956581291475e-11,-1.2852979844458844e-11,0.9999941769320762,0.9999941769320768,-1.4611920232699738e-11,0.9999946086047137,-1.1978105767806719e-11,0.9999941769320759,-4.6987035126298446e-08,-1.2872718442997348e-11,-1.2852980570408899e-11,0.999993491123862,-1.2212232948516483e-11,-1.2596969228712858e-11,-1.5062388148621796e-11,0.9999944959873438,-1.2335778881068462e-11,-2.1533069943392228e-11,0.9999945697654874,-1.1978105769456523e-11,-1.2872719016257058e-11,-1.2335778720899239e-11,0.9999938266322946,-1.2212232524779045e-11,-4.7045653343551635e-08,0.999994157440271,-1.5195683698413932e-11,-1.0983305558198034e-11,-1.2872718443451696e-11,-1.7898306052676356e-11,0.999994708340189,-1.442270774458553e-11,0.9999941769320785,-1.4838628355371736e-11,-1.22122325518813e-11,-1.2130006464597822e-11,0.9999941599303248
-2.808651223086034e-07,1.3833665692565135e-21,-1.4901860002517488e-19,-1.7106385491408602e-19,-1.4901860002517488e-19,1.4771147099671954e-20,-1.2335778911617807e-11,-1.2335778881068462e-11,2.3482563147609848e-20,-1.2335784591841375e-11,-9.649446631439598e-20,-1.2335778882192348e-11,5.057198569858384e-20,-1.8387881652504004e-20,1.4771147099671954e-20,-2.449695680534107e-08,7.241188755483588e-20,-1.8133945347600006e-20,-1.7106385491408602e-19,-1.2335778881068462e-11,3.1905526738592243e-07,2.7812651668721847e-20,-1.2335784099829328e-11,-3.2740112093703773e-20,3.072720726380796e-20,-1.326579533947972e-16,-2.4496965789495676e-08,1.8810504807581573e-19,9.533337368014129e-20,-1.233577855618214e-11,-1.829844072566655e-19,-5.2346832718881e-20,-2.8695443210939104e-20,-1.0742364680290921e-19,-1.2335785997714526e-11,-1.8397897736416758e-20,-1.2335778881068462e-11,-2.2911723087220046e-19,4.435831686527577e-20,-5.3410565986560034e-20,-1.2335778596527863e-11
-2.991295764132075e-07,8.648206072319057e-20,6.516539966329242e-17,6.174163550061834e-20,6.516541103838495e-17,8.98006820513566e-21,-2.1533069946724664e-11,-2.1533069946724664e-11,1.3577129864707167e-19,-2.1533079952291146e-11,-1.0932341601858982e-19,-2.1533069959867433e-11,3.016689020668528e-19,6.539390975177013e-20,1.2494957980677973e-19,-4.2761360452637033e-08,-1.5229177651730723e-21,3.819949879645156e-20,-2.1443226582399026e-20,-2.1533069943392228e-11,2.7812651668721847e-20,3.1905526844058513e-07,-4.276141014074991e-08,4.2166796332793e-20,6.539390975177013e-20,5.565510994682229e-21,-4.276137590701559e-08,8.648206072319057e-20,3.018418421170291e-19,-2.153306946936684e-11,1.2601984623470655e-16,-3.1820239635436337e-20,6.539390975177013e-20,2.117045018492794e-16,-4.276141652797246e-08,7.584396507592764e-20,-2.1533069946724664e-11,3.825313769258073e-20,-1.5229189589946488e-21,-1.8602486320681629e-19,-4.276139125556223e-08
0.9999963220019951,-1.2212237848106907e-11,-2.9144222362132136e-08,-1.5062395011027365e-11,-2.9144223570860996e-08,-1.2852985336659474e-11,0.9999945697654863,0.9999945697654862,-1.461192644869139e-11,0.9999950014382912,-1.1978110914737006e-11,0.9999945697654862,-2.3660963282942785e-11,-1.2872723934077694e-11,-1.2852985992530836e-11,0.9999938839570017,-1.2212238124867705e-11,-1.2596974555411188e-11,-1.506239462845643e-11,0.9999945697654874,-1.2335784099829328e-11,-4.276141014074991e-08,0.9999952816543117,-1.1978110948588029e-11,-1.2872724511438275e-11,-1.2335784006613595e-11,0.9999942194655681,-1.2212237746148243e-11,-2.3690481424241337e-11,0.9999945502736722,-1.5195690062167596e-11,-1.098331024708292e-11,-1.2872723943207413e-11,-1.7898313655364045e-11,0.9999951011738065,-1.4422713891731373e-11,0.9999945697654887,-1.4838634562285218e-11,-1.221223782287294e-11,-1.2130011596268937e-11,0.9999945527637264
-2.801548355399949e-07,-7.832863749493085e-20,9.811779447763275e-20,-1.236413392054425e-19,9.811779447763275e-20,-3.1024395567508477e-20,-1.1978105769456536e-11,-1.1978105769456523e-11,-1.0680369864231293e-20,-1.1978111470870288e-11,-2.394640271250724e-21,-1.1978105705632044e-11,9.257170503407558e-20,-1.0875486919568737e-19,-2.058188368363151e-20,-2.378667320777379e-08,-2.502222552039364e-20,-1.6943654386968993e-20,-1.236413392054425e-19,-1.1978105769456523e-11,-3.2740112093703773e-20,4.2166796332793e-20,-1.1978110948588029e-11,3.190552707137387e-07,-4.725325788596853e-20,-2.7165160183115513e-20,-2.3786681960793357e-08,-4.804274158376029e-20,6.723073566999769e-20,-1.1978105482490711e-11,-9.699595808892452e-21,-1.7255945766261195e-19,-7.363173147030158e-20,-6.507224227031223e-17,-1.197811283879983e-11,-1.6527815027024525e-20,-1.1978105783659093e-11,-7.774168722975751e-20,-2.502222552039364e-20,-2.7575443115251673e-19,-1.1978105486400206e-11
-2.8193140428434356e-07,2.50710642677665e-20,2.8487917538721135e-20,1.3371416688285124e-20,-2.5773848979223803e-20,1.2204418069686816e-16,-1.2872719027893988e-11,-1.2872719035852466e-11,1.5723526564336895e-16,-1.2872724952730881e-11,-2.2488210319773338e-20,-1.2872719027893988e-11,1.4213486756907158e-19,1.2373901812558028e-16,1.220441100758435e-16,-2.5563237056178936e-08,1.5883709043557414e-20,9.721635920369379e-20,1.3371416688285124e-20,-1.2872719016257058e-11,3.072720726380796e-20,6.539390975177013e-20,-1.2872724511438275e-11,-4.725325788596853e-20,3.1905526845679104e-07,-1.8387881598172888e-20,-1.287271420794367e-11,1.5883709043557414e-20,1.7472832479402663e-19,-1.2872718717941824e-11,7.368118533138814e-20,4.5198779258256234e-20,1.2373907077992122e-16,1.0245136982919459e-19,-1.287272640206914e-11,1.4658467917731267e-16,-1.2872719030459723e-11,4.558042176897092e-20,1.5883709043557414e-20,-4.888908297471001e-20,-1.287271878815502e-11
-2.8086512230870734e-07,7.241188755483588e-20,-1.9518093256376814e-19,-1.7106385492266938e-19,-1.4901860002517488e-19,1.477114709966996e-20,-1.233577871445053e-11,-1.233577871445053e-11,2.3482563147609848e-20,-1.2335784491785734e-11,-3.2740112093703773e-20,-1.2335778720899239e-11,7.663800991495227e-20,2.1639486911241982e-20,1.0085195476450589e-20,-2.449695658180003e-08,4.435831686527577e-20,-2.085150173176144e-20,-1.7106385491408602e-19,-1.2335778720899239e-11,-1.326579533947972e-16,5.565510994682229e-21,-1.2335784006613595e-11,-2.7165160183115513e-20,-1.8387881598172888e-20,3.1905526738592243e-07,-2.4496965565954642e-08,6.42830151601758e-20,1.7477545198228606e-19,-1.2335778493742964e-11,-1.8504478552401472e-21,-8.80248347534039e-20,-1.8387881598172888e-20,-8.84156619147225e-20,-1.2335785888707384e-11,-1.0726335729118895e-19,-1.233577871445053e-11,-1.0087686112267889e-19,1.8810504807581573e-19,-5.3410565986560034e-20,-1.2335778490436744e-11
0.9999955788673106,-1.2212228083566998e-11,-2.9144198821638926e-08,-2.991159452843946e-08,-2.914420003036688e-08,-1.2852975043540218e-11,0.999993826632293,0.9999938266322934,-1.4611914769091193e-11,0.9999942583047816,-2.3786681837294468e-08,0.9999938266322934,-2.3660944673007964e-11,-1.2872713562199118e-11,-1.2852975741204908e-11,0.999993140824316,-1.2212228312278163e-11,-1.2596964438284275e-11,-2.9911593990595816e-08,0.9999938266322946,-2.4496965789495676e-08,-4.276137590701559e-08,0.9999942194655681,-2.3786681960793357e-08,-1.287271420794367e-11,-2.4496965565954642e-08,0.9999937953879005,-1.221222787272699e-11,-2.3690462577216418e-11,0.9999938071404937,-3.017629824505445e-08,-1.0983301359665151e-11,-1.2872713602430296e-11,-3.554329212551599e-08,0.9999943580402232,-1.442270232687735e-11,0.9999938266322955,-2.94672409365055e-08,-1.2212227975901494e-11,-2.4088333315436457e-08,0.9999938096305477
-2.8061977670379863e-07,3.5985900012245246e-17,3.640265933369539e-20,-1.9344964971561438e-20,3.640265933369539e-20,6.343959674875409e-20,-1.2212232524779045e-11,-1.2212232512267478e-11,5.673170826386102e-20,-1.2212238180945019e-11,-4.4982880295136727e-20,-1.2212232468968221e-11,1.9919000413509115e-19,3.130114362781409e-20,6.343959674875409e-20,-2.425161258529928e-08,3.5985681956744936e-17,6.106216313261187e-17,7.043294077241967e-21,-1.2212232524779045e-11,1.8810504807581573e-19,8.648206072319057e-20,-1.2212237746148243e-11,-4.804274158376029e-20,1.5883709043557414e-20,6.42830151601758e-20,-1.221222787272699e-11,3.190552688851089e-07,8.543544463855618e-20,-1.2212232230045746e-11,-2.7932605783566185e-21,1.3589858406194118e-19,2.50710642677665e-20,3.3682935574504913e-21,-1.2212239583018906e-11,5.308396808325304e-20,-1.2212232512267478e-11,-8.706305044489618e-20,3.598571851057748e-17,-2.9602865479357775e-20,-1.2212232251186838e-11
-3.034138423493745e-07,8.543544463855618e-20,1.6565258417724858e-19,1.2444818138767374e-19,1.349660291890749e-19,1.7088730419487422e-19,-4.7045653343551496e-08,-4.704565334355167e-08,2.5200055600058497e-19,-2.3690482387467046e-11,6.723073566999769e-20,-4.704565334355156e-08,9.618957954847218e-16,1.888681736990382e-19,1.742673082913908e-19,-4.704561905085738e-08,6.594874882047537e-20,1.4009339252085085e-19,1.5758681770000925e-19,-4.7045653343551635e-08,9.533337368014129e-20,3.018418421170291e-19,-2.3690481424241337e-11,6.723073566999769e-20,1.7472832479402663e-19,1.7477545198228606e-19,-2.3690462577216418e-11,8.543544463855618e-20,3.190552695335445e-07,-4.70456523686255e-08,1.9374209488810125e-19,1.511558637789602e-19,1.7053427002115192e-19,2.053972000475176e-19,-2.369048485544115e-11,2.7695828800166207e-19,-4.704565334355176e-08,1.7963434979380082e-19,1.5658735375552942e-19,8.782320451360605e-20,-4.7045652497071046e-08
0.9999959096759508,-1.221223244152928e-11,-1.4675955701440286e-11,-1.506238822141096e-11,-1.467595630341767e-11,-1.2852979586086695e-11,0.999994157440269,0.9999941574402708,-2.9017043704009e-08,0.9999945891128978,-1.197810545997258e-11,0.9999941574402696,-4.6987034152473415e-08,-1.2872718155172031e-11,-1.2852980345320209e-11,0.9999934716320679,-1.221223267370565e-11,-1.259696899843102e-11,-1.506238790851502e-11,0.999994157440271,-1.233577855618214e-11,-2.153306946936684e-11,0.9999945502736722,-1.1978105482490711e-11,-1.2872718717941824e-11,-1.2335778493742964e-11,0.9999938071404937,-1.2212232230045746e-11,-4.70456523686255e-08,0.999994457003728,-1.5195683329640646e-11,-1.0983305356207799e-11,-1.2872718199020444e-11,-1.7898305696922108e-11,0.9999946888483734,-2.864129658246298e-08,0.9999941574402714,-1.483862788426159e-11,-1.2212232381559348e-11,-1.2130006130325242e-11,0.9999941404385172
-2.8654446756649487e-07,7.064567994515454e-20,-5.1046793852810987e-20,1.952725729260593e-17,-5.1046793852810987e-20,3.3214348520426336e-20,-1.5195683698413932e-11,-1.5195683687690017e-11,5.065045581299335e-21,-1.519569072708042e-11,-1.4275593215213528e-19,-1.5195683717789785e-11,1.8386112351076292e-19,8.725003317439034e-20,4.255841409231465e-20,-3.0176287283568016e-08,4.7169969339877804e-20,3.143191296487721e-20,1.9527303882033747e-17,-1.5195683698413932e-11,-1.829844072566655e-19,1.2601984623470655e-16,-1.5195690062167596e-11,-9.699595808892452e-21,7.368118533138814e-20,-1.8504478552401472e-21,-3.017629824505445e-08,-2.7932605783566185e-21,1.9374209488810125e-19,-1.5195683329640646e-11,3.1905526770338917e-07,-1.0452928755409654e-20,8.725003317439034e-20,8.539503218078948e-17,-3.017632705722615e-08,5.413689783356506e-20,-1.5195683725036236e-11,-2.1050018732114337e-20,7.064567994515454e-20,-7.901867326942266e-17,-1.5195683396101352e-11
-2.78179310941177e-07,1.1716151329853325e-19,-1.9637378045141287e-19,-1.1863390327199255e-19,-2.1924048259818596e-19,6.313541111216622e-20,-1.0983305445214867e-11,-1.0983305519961683e-11,-6.4549954008188126e-21,-1.0983310765047926e-11,-1.7255945766261195e-19,-1.0983305519961683e-11,1.2406963465438553e-19,-1.269381875703746e-20,6.313541111216622e-20,-2.1811153100555677e-08,1.1916733787164159e-19,-2.163011858591399e-17,-2.0424905108446548e-19,-1.0983305558198034e-11,-5.2346832718881e-20,-3.1820239635436337e-20,-1.098331024708292e-11,-1.7255945766261195e-19,4.5198779258256234e-20,-8.80248347534039e-20,-1.0983301359665151e-11,1.3589858406194118e-19,1.511558637789602e-19,-1.0983305356207799e-11,-1.0452928755409654e-20,3.1905526996545444e-07,-1.269381875703746e-20,-5.268817410358638e-20,-1.098331193702236e-11,6.985420994782719e-20,-1.0983305445214867e-11,-6.437578956526245e-20,1.1916733787164159e-19,-2.900809899226704e-20,-1.0983305341129574e-11
-2.819314040663924e-07,3.130114362781409e-20,2.848791748348339e-20,1.3371416688285124e-20,2.848791748348339e-20,1.2204425952033577e-16,-1.2872718396084463e-11,-1.287271844801277e-11,1.5723535168298208e-16,-1.287272444436445e-11,-6.24824083171415e-20,-1.2872718396084463e-11,1.4038171168619744e-19,1.2373909696255723e-16,1.2204418889931768e-16,-2.5563235884435627e-08,2.507106260379594e-20,9.721635920369379e-20,5.787652378217855e-20,-1.2872718443451696e-11,-2.8695443210939104e-20,6.539390975177013e-20,-1.2872723943207413e-11,-7.363173147030158e-20,1.2373907077992122e-16,-1.8387881598172888e-20,-1.2872713602430296e-11,2.50710642677665e-20,1.7053427002115192e-19,-1.2872718199020444e-11,8.725003317439034e-20,-1.269381875703746e-20,3.1905526845679104e-07,1.0245136982919459e-19,-1.2872725714677541e-11,1.4658476626846513e-16,-1.2872718443451696e-11,-1.9897944675464473e-21,3.130114362781409e-20,-8.040292468355045e-20,-1.2872718199467172e-11
-2.919114759429696e-07,3.3682935574504913e-21,8.056689449322357e-20,-1.643294189150742e-20,8.056689449322357e-20,2.3043063719912175e-20,-1.7898306052676392e-11,-1.7898306125579083e-11,5.684327253517697e-20,-1.789831443142013e-11,-6.507221452582543e-17,-1.7898306056318756e-11,2.543144276840587e-19,5.138620128464315e-20,8.004990903211028e-20,-3.554327925960287e-08,3.3682935574504913e-21,6.297172506155761e-20,8.623881016304479e-20,-1.7898306052676356e-11,-1.0742364680290921e-19,2.117045018492794e-16,-1.7898313655364045e-11,-6.507224227031223e-17,1.0245136982919459e-19,-8.84156619147225e-20,-3.554329212551599e-08,3.3682935574504913e-21,2.053972000475176e-19,-1.7898305696922108e-11,8.539503218078948e-17,-5.268817410358638e-20,1.0245136982919459e-19,3.190552700882491e-07,-3.554332594304253e-08,6.63506948358883e-20,-1.7898306052676356e-11,2.6683859208849283e-20,6.037783031182273e-20,-4.9093983126314585e-17,-3.5543304903467993e-08
0.9999964605769763,-1.2212239737526392e-11,-1.467596469084989e-11,-1.50623973693247e-11,-1.4675965115651015e-11,-1.285298717790444e-11,0.9999947083401892,0.9999947083401894,-1.4611928615276036e-11,0.999995140013055,-1.1978112654091498e-11,0.9999947083401886,-2.3660966883596583e-11,-1.2872725854409882e-11,-1.2852987911970989e-11,0.9999940225316122,-1.2212239959223304e-11,-1.2596976508403643e-11,-1.5062397203271433e-11,0.999994708340189,-1.2335785997714526e-11,-4.276141652797246e-08,0.9999951011738065,-1.197811283879983e-11,-1.287272640206914e-11,-1.2335785888707384e-11,0.9999943580402232,-1.2212239583018906e-11,-2.369048485544115e-11,0.9999946888483734,-3.017632705722615e-08,-1.098331193702236e-11,-1.2872725714677541e-11,-3.554332594304253e-08,0.9999955588038443,-1.4422716066521302e-11,0.9999947083401909,-1.4838636829266476e-11,-1.2212239679589447e-11,-1.2130013522723869e-11,0.9999946913384273
-2.8500945341994433e-07,5.308974411247137e-20,8.385858675168877e-20,9.690302286304002e-20,9.428944969701111e-20,1.4467743989354922e-16,-1.4422707733543642e-11,-1.4422707749766318e-11,1.848822368963989e-16,-1.4422714465750495e-11,-7.620869575311751e-20,-1.442270774458553e-11,2.300873104024755e-19,1.4658470764743108e-16,1.4467736198521738e-16,-2.8641276069218934e-08,5.308396808325304e-20,6.783632350774189e-21,5.975417002576307e-20,-1.442270774458553e-11,-1.8397897736416758e-20,7.584396507592764e-20,-1.4422713891731373e-11,-1.6527815027024525e-20,1.4658467917731267e-16,-1.0726335729118895e-19,-1.442270232687735e-11,5.308396808325304e-20,2.7695828800166207e-19,-2.864129658246298e-08,5.413689783356506e-20,6.985420994782719e-20,1.4658476626846513e-16,6.63506948358883e-20,-1.4422716066521302e-11,3.1905527024771134e-07,-1.442270780539984e-11,6.072541137801488e-20,5.3214058419557503e-20,-2.136756955753169e-20,-1.4422707470646516e-11
0.9999959291677972,-1.2212232682807353e-11,-1.4675956001752815e-11,-1.506238851043111e-11,-1.4675956572466663e-11,-1.2852979800909964e-11,0.9999941769320759,0.9999941769320785,-1.4611920368432176e-11,0.9999946086047149,-1.1978105767806719e-11,0.9999941769320785,-4.698703512629837e-08,-1.2872718409352943e-11,-1.2852980542533286e-11,0.999993491123862,-1.2212232965218902e-11,-1.2596969228712858e-11,-1.5062388234240117e-11,0.9999941769320785,-1.2335778881068462e-11,-2.1533069946724664e-11,0.9999945697654887,-1.1978105783659093e-11,-1.2872719030459723e-11,-1.233577871445053e-11,0.9999938266322955,-1.2212232512267478e-11,-4.704565334355176e-08,0.9999941574402714,-1.5195683725036236e-11,-1.0983305445214867e-11,-1.2872718443451696e-11,-1.7898306052676356e-11,0.9999947083401909,-1.442270780539984e-11,0.9999944959873431,-1.4838628245869673e-11,-1.2212232591832954e-11,-1.2130006464597822e-11,0.999994159930326
-2.858354095354145e-07,-1.2240897546629345e-19,5.340528622762742e-20,-1.1251652220861633e-17,-1.468612865770304e-20,1.215817659863055e-19,-1.4838628245869673e-11,-1.4838628245869673e-11,1.3423152081302856e-19,-2.9467265952109687e-08,-8.337014463943169e-20,-1.4838628180580627e-11,1.5975899424879334e-19,4.299004247269611e-21,4.977501283850435e-20,-2.9467230204216258e-08,-1.2240897546629345e-19,4.206604568822828e-17,-1.1251605087433016e-17,-1.4838628355371736e-11,-2.2911723087220046e-19,3.825313769258073e-20,-1.4838634562285218e-11,-7.774168722975751e-20,4.558042176897092e-20,-1.0087686112267889e-19,-2.94672409365055e-08,-8.706305044489618e-20,1.7963434979380082e-19,-1.483862788426159e-11,-2.1050018732114337e-20,-6.437578956526245e-20,-1.9897944675464473e-21,2.6683859208849283e-20,-1.4838636829266476e-11,6.072541137801488e-20,-1.4838628245869673e-11,3.1905526868249906e-07,-8.706305044322644e-20,-1.3448468761540223e-19,-1.4838627957048004e-11
-2.8061977686950236e-07,3.598583358385154e-17,3.640265933369539e-20,2.884438905324129e-20,-4.6109337005828537e-20,6.343959674875409e-20,-1.22122325518813e-11,-1.2212232551977721e-11,7.80935263746119e-20,-1.2212238251521316e-11,1.1889789758791183e-20,-1.22122325518813e-11,1.6370634122115644e-19,2.50710642677665e-20,6.851189792828216e-20,-2.4251612807421653e-08,3.598561552838082e-17,6.10620967084003e-17,-1.9344964971561438e-20,-1.22122325518813e-11,4.435831686527577e-20,-1.5229189589946488e-21,-1.221223782287294e-11,-2.502222552039364e-20,1.5883709043557414e-20,1.8810504807581573e-19,-1.2212227975901494e-11,3.598571851057748e-17,1.5658735375552942e-19,-1.2212232381559348e-11,7.064567994515454e-20,1.1916733787164159e-19,3.130114362781409e-20,6.037783031182273e-20,-1.2212239679589447e-11,5.3214058419557503e-20,-1.2212232591832954e-11,-8.706305044322644e-20,3.1905527034923713e-07,6.01967281014281e-20,-1.2212232358214653e-11
-2.804564887514843e-07,6.01967281014281e-20,-9.897817909190069e-20,-5.861673285406863e-20,-9.897817909190069e-20,-5.3011799702831354e-20,-1.2130006418857721e-11,-1.2130006420440452e-11,1.1939383046048688e-20,-1.213001212951246e-11,-2.7575443115251673e-19,-1.2130006419780339e-11,-1.0057636824826852e-20,-4.3343954272372714e-20,-4.1933912066535324e-20,-2.408832446526208e-08,-2.9602865479357775e-20,5.2016936525302437e-20,-1.2501874949704768e-19,-1.2130006464597822e-11,-5.3410565986560034e-20,-1.8602486320681629e-19,-1.2130011596268937e-11,-2.7575443115251673e-19,-4.888908297471001e-20,-5.3410565986560034e-20,-2.4088333315436457e-08,-2.9602865479357775e-20,8.782320451360605e-20,-1.2130006130325242e-11,-7.901867326942266e-17,-2.900809899226704e-20,-8.040292468355045e-20,-4.9093983126314585e-17,-1.2130013522723869e-11,-2.136756955753169e-20,-1.2130006464597822e-11,-1.3448468761540223e-19,6.01967281014281e-20,3.19055268196997e-07,-1.21300061347044e-11
0.9999959121660095,-1.221223241951569e-11,-1.4675955800521463e-11,-1.5062388229261388e-11,-1.4675956369862443e-11,-1.2852979609756808e-11,0.9999941599303227,0.9999941599303245,-1.4611919976360214e-11,0.9999945916029536,-1.1978105414848081e-11,0.9999941599303236,-4.6987034280781244e-08,-1.2872718181132185e-11,-1.2852980342160243e-11,0.9999934741221203,-1.2212232711534633e-11,-1.25969690270893e-11,-1.5062387961516242e-11,0.9999941599303248,-1.2335778596527863e-11,-4.276139125556223e-08,0.9999945527637264,-1.1978105486400206e-11,-1.287271878815502e-11,-1.2335778490436744e-11,0.9999938096305477,-1.2212232251186838e-11,-4.7045652497071046e-08,0.9999941404385172,-1.5195683396101352e-11,-1.0983305341129574e-11,-1.2872718199467172e-11,-3.5543304903467993e-08,0.9999946913384273,-1.4422707470646516e-11,0.999994159930326,-1.4838627957048004e-11,-1.2212232358214653e-11,-1.21300061347044e-11,0.9999944619838356
