0.999999990256077,0.9999931907699254,0.9999924045756051,-3.629491805722317e-06,0.9999930499181208,0.49999919942926313,-3.581026801016027e-06,0.9999924045756058,0.9999924045756052,-3.5810268011744784e-06,0.9999924045756087,0.999992905006112,0.9999924045756056,0.9999904631987876,-3.581026802499621e-06,-3.5957175663231284e-06,0.999992404575606,0.9999924045756056,0.9999924045756052,-3.5810268014836145e-06,-3.5810268011098663e-06,-3.6015958948351293e-06,0.9999924045756058,0.9999924045756043,-3.5843395382188206e-06,-3.6290927962008872e-06,-3.581026801173814e-06,0.9999924045756052,0.9999924045756043,0.999992404575604,0.9999924045756058,0.4999991994292616,0.9999924045756043,-3.5810268024979268e-06,0.9999924045756035,-3.6273703089051153e-06,0.9999929050061148,-3.615858041844976e-06,-3.595129887421693e-06,-3.5951298874210908e-06,0.9999924045756067,-3.58568133379617e-06,-3.5810268024979246e-06,0.9999924045756067
0.9999931907699254,0.9999935698790399,0.9999960356542789,-3.37225025936964e-07,0.9999966809971553,0.5000026611036724,-1.453350213333071e-10,0.9999960356542792,0.9999960356542785,-1.453350224965676e-10,0.9999960356542794,0.9999965360850691,0.9999960356542791,0.9999940942763572,-1.453350225906429e-10,-3.0345075559406446e-07,0.9999960356542785,0.9999960356542783,0.9999960356542765,-1.4533502196760261e-10,-1.4533502207697295e-10,-3.093290810666309e-07,0.9999960356542785,0.9999960356542789,-1.4700234477534337e-10,-1.6952701328291708e-10,-1.453350225024984e-10,0.9999960356542776,0.9999960356542789,0.9999960356542786,0.9999960356542785,0.5000026611036715,0.9999960356542792,-1.4533502244668138e-10,0.9999960356542785,-3.351035315822086e-07,0.9999965360850688,-1.628658542494714e-10,-1.5243321572060654e-10,-1.5243321584177036e-10,0.9999960356542783,-1.4767768104053599e-10,-1.453350229586482e-10,0.9999960356542806
0.9999924045756051,0.9999960356542789,0.9999919974901291,-1.6972770612374095e-10,0.9999958948025025,0.5000022680029477,-1.453349086299691e-10,0.9999952494601306,0.9999952494601294,-1.4533490977336681e-10,0.9999952494601296,0.9999957498905288,0.9999952494601303,0.999993308083728,-1.453349097645823e-10,-1.5272888046956306e-10,0.9999952494601285,0.9999952494601282,0.9999952494601277,-1.4533490925373738e-10,-1.4533490934522524e-10,-1.556874824100678e-10,0.9999952494601285,0.9999952494601289,-1.470022306585737e-10,-1.6952688202954953e-10,-1.4533490976037499e-10,0.9999952494601289,0.9999952494601282,0.999995249460128,0.9999952494601303,0.500002268002946,0.9999952494601303,-1.4533490968867577e-10,0.9999952494601289,-1.6865994333255932e-10,0.9999957498905282,-1.6286572791401625e-10,-1.5243309755913215e-10,-1.5243309763370688e-10,0.9999952494601297,-1.4767756644514782e-10,-1.4533491024657004e-10,0.9999952494601321
-3.629491805722317e-06,-3.37225025936964e-07,-1.6972770612374095e-10,-3.251970224093276e-06,-1.697278141778825e-10,-8.486464361041918e-11,4.724688807106321e-17,-1.6972770615701005e-10,-1.6972770612644608e-10,4.725151922437511e-17,-1.6972770615327714e-10,-3.372249308531186e-07,-1.6972770614940084e-10,-3.372241186320064e-07,4.728388335762985e-17,4.957807747105592e-17,-1.697277061570121e-10,-1.6972770615207674e-10,-1.6972770610218899e-10,4.727044620385147e-17,4.7281345004111487e-17,1.0082845620850771e-13,-1.6972770608500263e-10,-1.6972770612644701e-10,9.518007487473623e-14,1.0957832593939094e-13,4.729699494687159e-17,-1.6972770613793927e-10,-1.697277061320882e-10,-1.6972770615207674e-10,-1.6972770612564442e-10,-8.486464242928989e-11,-1.6972770610917815e-10,4.730917652161078e-17,-1.697277061476897e-10,1.0895063243755242e-13,-3.37224930853119e-07,1.0543985723073862e-13,4.957903902093994e-17,4.958468830269125e-17,-1.6972770614940084e-10,4.836290537541328e-17,4.730917652161078e-17,-1.6972770615207674e-10
0.9999930499181208,0.9999966809971553,0.9999958948025025,-1.697278141778825e-10,0.999993288175281,0.5000025906771294,-1.453350011018391e-10,0.9999958948025027,0.9999958948025016,-1.4533500229846487e-10,0.9999958948025018,0.9999963952332226,0.9999958948025027,0.9999939534248511,-1.453350023609132e-10,-1.527289777052902e-10,0.999995894802501,0.9999958948025004,0.9999958948025001,-1.4533500189159882e-10,-1.453350019078061e-10,-1.5568758163997506e-10,0.999995894802501,0.999995894802501,-1.4700232433730596e-10,-3.3682597001234966e-07,-1.453350023646618e-10,0.9999958948025022,0.9999958948025007,0.9999958948025001,0.9999958948025027,0.500002590677128,0.9999958948025018,-1.4533500225397664e-10,0.9999958948025013,-1.6866005084595439e-10,0.9999963952332217,-1.6286583193380446e-10,-3.028630345269027e-07,-3.028630347561596e-07,0.999995894802502,-1.4767766049744051e-10,-1.4533500278711264e-10,0.9999958948025038
0.49999919942926313,0.5000026611036724,0.5000022680029477,-8.486464361041918e-11,0.5000025906771294,0.5000005292335021,-7.26681305959445e-11,0.5000022680029477,0.5000022680029468,-7.266813149839407e-11,0.5000022680029477,0.5000025182204705,0.5000022680029472,0.5000012973057294,-7.266813124945838e-11,-7.636515070172859e-11,0.5000022680029464,0.5000022680029469,0.5000022680029464,-7.266813100515094e-11,-7.266813108846754e-11,-7.784446786639025e-11,0.5000022680029464,0.5000022680029471,-7.35017986366534e-11,-8.476422882279542e-11,-7.266813130679056e-11,0.5000022680029471,0.5000022680029463,0.5000022680029462,0.5000022680029476,1.5754100990750657e-09,0.5000022680029472,-7.266813130381762e-11,0.5000022680029468,-8.433075690248028e-11,0.5000025182204705,-8.143362141892002e-11,-7.621725828631472e-11,-7.621725841045709e-11,0.5000022680029476,-7.383946967003315e-11,-7.266813164894536e-11,0.5000022680029481
-3.581026801016027e-06,-1.453350213333071e-10,-1.453349086299691e-10,4.724688807106321e-17,-1.453350011018391e-10,-7.26681305959445e-11,-3.2519702553719645e-06,-1.4533490861109808e-10,-1.4533490860085414e-10,8.045711028888764e-14,-1.4533490862013815e-10,-1.4533498035322257e-10,-1.4533490860113368e-10,-2.887591989175994e-07,8.045711032566677e-14,8.455238625666249e-14,-1.4533490864423123e-10,-1.4533490863400857e-10,-1.4533490862859832e-10,8.045710980300201e-14,8.045710993598478e-14,4.340381178544389e-17,-1.4533490857578765e-10,-1.453349086126708e-10,4.107630344330952e-17,4.725281846400423e-17,8.045711023221709e-14,-1.4533490863394018e-10,-1.4533490857578765e-10,-1.453349086258292e-10,-1.4533490863725523e-10,-7.266813077950233e-11,-1.4533490864423123e-10,8.04571101903427e-14,-1.453349086126708e-10,4.6959898143877684e-17,-1.4533498035060997e-10,4.5428926606132897e-17,8.437504063525502e-14,8.437504071703352e-14,-1.453349086258292e-10,4.126023281657942e-17,8.045711061348927e-14,-1.4533490861267083e-10
0.9999924045756058,0.9999960356542792,0.9999952494601306,-1.6972770615701005e-10,0.9999958948025027,0.5000022680029477,-1.4533490861109808e-10,0.9999919974901287,0.9999952494601289,-1.4533490976211315e-10,0.9999952494601297,0.9999957498905293,0.9999952494601309,0.9999933080837285,-1.4533490977912805e-10,-1.5272888045177252e-10,0.9999952494601283,0.9999952494601289,0.9999952494601282,-1.4533490925510497e-10,-1.4533490929306201e-10,-1.556874824096802e-10,0.9999952494601289,0.9999952494601297,-1.4700223064284157e-10,-1.6952688201546707e-10,-1.453349098664121e-10,0.9999952494601294,0.9999952494601291,0.9999952494601289,0.9999952494601294,0.5000022680029468,0.9999952494601297,-1.4533490966418986e-10,0.9999952494601296,-1.6865994332031314e-10,0.9999957498905288,-1.6286572789557614e-10,-1.5243309754015557e-10,-1.5243309760223407e-10,0.9999952494601311,-1.476775663835619e-10,-1.4533491024943332e-10,0.9999952494601324
0.9999924045756052,0.9999960356542785,0.9999952494601294,-1.6972770612644608e-10,0.9999958948025016,0.5000022680029468,-1.4533490860085414e-10,0.9999952494601289,0.9999919974901271,-1.4533490982599274e-10,0.9999952494601289,0.9999957498905273,0.9999952494601292,0.9999933080837266,-1.4533490977733813e-10,-1.5272888044849229e-10,0.9999952494601274,0.9999952494601269,0.9999952494601267,-1.4533490931034063e-10,-1.453349093150387e-10,-1.5568748239334993e-10,0.9999952494601276,0.9999952494601274,-1.4700223064705192e-10,-1.6952688200740102e-10,-1.4533490978575633e-10,0.9999952494601285,0.9999952494601282,0.9999952494601276,0.9999952494601289,0.5000022680029457,0.9999952494601286,-1.4533490968867577e-10,0.9999952494601274,-1.6865994333316094e-10,0.9999957498905282,-1.62865727912472e-10,-1.5243309751059058e-10,-1.5243309760964864e-10,0.9999952494601289,-1.4767756646166837e-10,-1.4533491024657004e-10,0.9999952494601306
-3.5810268011744784e-06,-1.453350224965676e-10,-1.4533490977336681e-10,4.725151922437511e-17,-1.4533500229846487e-10,-7.266813149839407e-11,8.045711028888764e-14,-1.4533490976211315e-10,-1.4533490982599274e-10,-3.2519702553719645e-06,-1.4533490977351584e-10,-1.4533498154305713e-10,-1.4533490977317736e-10,-2.8875920125211254e-07,8.045711116199537e-14,8.455238713540239e-14,-1.4533490970973564e-10,-1.4533490976211315e-10,-1.4533490976546225e-10,8.045711063933075e-14,8.045711077231363e-14,4.344240712798141e-17,-1.4533490973454764e-10,-1.4533490973454764e-10,4.107630344330952e-17,4.725404243594508e-17,8.0457111068546e-14,-1.4533490976836878e-10,-1.453349097964551e-10,-1.4533490973454764e-10,-1.4533490976836878e-10,-7.266813104887094e-11,-1.4533490973454764e-10,8.045711102667149e-14,-1.4533490976836878e-10,4.697897074145255e-17,-1.4533498157175022e-10,4.54409443380312e-17,8.437504151414173e-14,8.437504159592e-14,-1.4533490980611513e-10,4.129169209177422e-17,8.045711144981807e-14,-1.4533490973127087e-10
0.9999924045756087,0.9999960356542794,0.9999952494601296,-1.6972770615327714e-10,0.9999958948025018,0.5000022680029477,-1.4533490862013815e-10,0.9999952494601297,0.9999952494601289,-1.4533490977351584e-10,0.9999919974901255,0.9999957498905284,0.9999952494601301,0.9999933080837266,-1.4533490975338348e-10,-1.5272888048858203e-10,0.9999952494601282,0.9999952494601283,0.9999952494601276,-1.4533490924108803e-10,-1.453349093573346e-10,-1.5568748239334993e-10,0.9999952494601289,0.9999952494601289,-1.4700223064193128e-10,-1.695268820243086e-10,-1.4533490978574738e-10,0.9999952494601289,0.9999952494601289,0.9999952494601277,0.9999952494601296,0.5000022680029456,0.9999952494601297,-1.4533490965957703e-10,0.9999952494601285,-1.6865994331356438e-10,0.9999957498905288,-1.6286572791761653e-10,-1.5243309754718784e-10,-1.5243309762310622e-10,0.9999952494601296,-1.4767756644488385e-10,-1.4533491026411407e-10,0.9999952494601306
0.999992905006112,0.9999965360850691,0.9999957498905288,-3.372249308531186e-07,0.9999963952332226,0.5000025182204705,-1.4533498035322257e-10,0.9999957498905293,0.9999957498905273,-1.4533498154305713e-10,0.9999957498905284,0.9999929983511721,0.9999957498905291,0.9999938085131586,-1.4533498154003495e-10,-1.5272895587763413e-10,0.9999957498905268,0.9999957498905266,0.9999957498905261,-1.4533498100658333e-10,-1.4533498109823085e-10,-1.5568755951039337e-10,0.9999957498905266,0.9999957498905279,-1.4700230334671475e-10,-3.368259217834727e-07,-1.4533498154265054e-10,0.9999957498905282,0.9999957498905268,0.9999957498905266,0.9999957498905291,0.5000025182204688,0.9999957498905282,-1.4533498145132492e-10,0.9999957498905273,-3.351034371152255e-07,0.999996250321177,-3.2359115159707707e-07,-1.5243317278904878e-10,-1.5243317287416306e-10,0.9999957498905282,-1.4767763945886866e-10,-1.4533498194716577e-10,0.9999957498905301
0.9999924045756056,0.9999960356542791,0.9999952494601303,-1.6972770614940084e-10,0.9999958948025027,0.5000022680029472,-1.4533490860113368e-10,0.9999952494601309,0.9999952494601292,-1.4533490977317736e-10,0.9999952494601301,0.9999957498905291,0.9999919974901268,0.9999933080837274,-1.4533490981462514e-10,-1.5272888048468092e-10,0.9999952494601289,0.9999952494601289,0.999995249460128,-1.4533490924829722e-10,-1.453349093150387e-10,-1.5568748241439225e-10,0.9999952494601286,0.9999952494601289,-1.4700223066393907e-10,-1.6952688202807594e-10,-1.4533490978575622e-10,0.9999952494601303,0.9999952494601292,0.9999952494601289,0.9999952494601303,0.5000022680029468,0.9999952494601294,-1.453349097246043e-10,0.9999952494601292,-1.6865994324611478e-10,0.999995749890529,-1.6286572791401625e-10,-1.5243309754015557e-10,-1.5243309765096243e-10,0.9999952494601314,-1.4767756645121785e-10,-1.4533491024524877e-10,0.9999952494601324
0.9999904631987876,0.9999940942763572,0.999993308083728,-3.372241186320064e-07,0.9999939534248511,0.5000012973057294,-2.887591989175994e-07,0.9999933080837285,0.9999933080837266,-2.8875920125211254e-07,0.9999933080837266,0.9999938085131586,0.9999933080837274,0.9999881147410746,-2.887592012639337e-07,-3.034499391138096e-07,0.9999933080837258,0.9999933080837251,0.9999933080837249,-2.887592002247995e-07,-2.8875920034925673e-07,-3.0932824822599895e-07,0.9999933080837257,0.9999933080837266,-2.920719237768274e-07,-3.3682511050928775e-07,-2.887592012367598e-07,0.9999933080837271,0.999993308083726,0.9999933080837243,0.9999933080837274,0.5000012973057284,0.9999933080837269,-2.8875920103154553e-07,0.9999933080837263,-3.3510263016707374e-07,0.9999938085131584,-3.2359037175968646e-07,-3.028622617047043e-07,-3.0286226193395944e-07,0.9999933080837278,-2.9341371718919435e-07,-2.887592021728513e-07,0.9999933080837285
-3.581026802499621e-06,-1.453350225906429e-10,-1.453349097645823e-10,4.728388335762985e-17,-1.453350023609132e-10,-7.266813124945838e-11,8.045711032566677e-14,-1.4533490977912805e-10,-1.4533490977733813e-10,8.045711116199537e-14,-1.4533490975338348e-10,-1.4533498154003495e-10,-1.4533490981462514e-10,-2.887592012639337e-07,-3.2519702553719645e-06,8.455238717403285e-14,-1.4533490981544534e-10,-1.4533490981462514e-10,-1.4533490976265103e-10,8.045711067610986e-14,8.045711080909257e-14,4.3458053153661665e-17,-1.4533490979566254e-10,-1.4533490976974942e-10,4.103156076772953e-17,4.7214785806015637e-17,8.045711110532515e-14,-1.4533490976974942e-10,-1.453349098101763e-10,-1.453349097708065e-10,-1.453349098101763e-10,-7.26681313104794e-11,-1.4533490980799882e-10,8.045711106345048e-14,-1.4533490975211145e-10,4.6979792141689536e-17,-1.4533498154887854e-10,4.546341458183179e-17,8.43750415525707e-14,8.437504163434883e-14,-1.4533490977912805e-10,4.127284339888822e-17,8.045711148659715e-14,-1.4533490977912805e-10
-3.5957175663231284e-06,-3.0345075559406446e-07,-1.5272888046956306e-10,4.957807747105592e-17,-1.527289777052902e-10,-7.636515070172859e-11,8.455238625666249e-14,-1.5272888045177252e-10,-1.5272888044849229e-10,8.455238713540239e-14,-1.5272888048858203e-10,-1.5272895587763413e-10,-1.5272888048468092e-10,-3.034499391138096e-07,8.455238717403285e-14,-3.251970247365537e-06,-1.5272888046412584e-10,-1.5272888048426402e-10,-1.5272888045129565e-10,8.455238662493196e-14,8.45523867646135e-14,4.5675832510076215e-17,-1.5272888050307212e-10,-1.5272888050818883e-10,4.312350866823779e-17,4.96358081010486e-17,8.455238707588353e-14,-1.5272888050157133e-10,-1.5272888045177252e-10,-1.5272888050157133e-10,-1.5272888050818883e-10,-7.6365151345659e-11,-1.527288804766164e-10,8.455238703186974e-14,-1.5272888047389084e-10,4.935919724214016e-17,-1.527289558118891e-10,4.7741133709809915e-17,8.866974865784584e-14,8.866974874377498e-14,-1.5272888047320601e-10,4.3274778015512314e-17,8.45523874764706e-14,-1.5272888044849229e-10
0.999992404575606,0.9999960356542785,0.9999952494601285,-1.697277061570121e-10,0.999995894802501,0.5000022680029464,-1.4533490864423123e-10,0.9999952494601283,0.9999952494601274,-1.4533490970973564e-10,0.9999952494601282,0.9999957498905268,0.9999952494601289,0.9999933080837258,-1.4533490981544534e-10,-1.5272888046412584e-10,0.9999919974901235,0.9999952494601272,0.9999952494601269,-1.4533490931034063e-10,-1.453349093573346e-10,-1.5568748241428637e-10,0.9999952494601269,0.9999952494601282,-1.4700223065267408e-10,-1.6952688199147038e-10,-1.4533490976037499e-10,0.9999952494601276,0.9999952494601267,0.9999952494601263,0.999995249460128,0.5000022680029456,0.9999952494601277,-1.453349096441037e-10,0.9999952494601267,-1.6865994333316094e-10,0.9999957498905279,-1.6286572791195465e-10,-1.5243309751043685e-10,-1.5243309761810478e-10,0.999995249460128,-1.4767756644177424e-10,-1.45334910249711e-10,0.9999952494601297
0.9999924045756056,0.9999960356542783,0.9999952494601282,-1.6972770615207674e-10,0.9999958948025004,0.5000022680029469,-1.4533490863400857e-10,0.9999952494601289,0.9999952494601269,-1.4533490976211315e-10,0.9999952494601283,0.9999957498905266,0.9999952494601289,0.9999933080837251,-1.4533490981462514e-10,-1.5272888048426402e-10,0.9999952494601272,0.9999919974901254,0.9999952494601271,-1.4533490926041376e-10,-1.4533490934415417e-10,-1.5568748242333867e-10,0.9999952494601272,0.9999952494601269,-1.4700223063177764e-10,-1.6952688200740102e-10,-1.4533490979428732e-10,0.9999952494601283,0.9999952494601277,0.9999952494601272,0.9999952494601282,0.5000022680029452,0.9999952494601272,-1.4533490967975336e-10,0.9999952494601276,-1.686599432954585e-10,0.9999957498905273,-1.6286572788194255e-10,-1.5243309751059058e-10,-1.5243309757982358e-10,0.9999952494601289,-1.4767756641207393e-10,-1.4533491024524877e-10,0.99999524946013
0.9999924045756052,0.9999960356542765,0.9999952494601277,-1.6972770610218899e-10,0.9999958948025001,0.5000022680029464,-1.4533490862859832e-10,0.9999952494601282,0.9999952494601267,-1.4533490976546225e-10,0.9999952494601276,0.9999957498905261,0.999995249460128,0.9999933080837249,-1.4533490976265103e-10,-1.5272888045129565e-10,0.9999952494601269,0.9999952494601271,0.999991997490123,-1.4533490926521632e-10,-1.4533490929306201e-10,-1.5568748240398792e-10,0.9999952494601269,0.9999952494601276,-1.4700223064993883e-10,-1.6952688203748884e-10,-1.4533490979700572e-10,0.9999952494601267,0.9999952494601276,0.9999952494601263,0.9999952494601272,0.5000022680029451,0.9999952494601276,-1.4533490966418986e-10,0.9999952494601272,-1.686599433034876e-10,0.9999957498905264,-1.6286572791123315e-10,-1.5243309749625833e-10,-1.5243309763370688e-10,0.999995249460128,-1.4767756642611364e-10,-1.4533491023267314e-10,0.9999952494601297
-3.5810268014836145e-06,-1.4533502196760261e-10,-1.4533490925373738e-10,4.727044620385147e-17,-1.4533500189159882e-10,-7.266813100515094e-11,8.045710980300201e-14,-1.4533490925510497e-10,-1.4533490931034063e-10,8.045711063933075e-14,-1.4533490924108803e-10,-1.4533498100658333e-10,-1.4533490924829722e-10,-2.887592002247995e-07,8.045711067610986e-14,8.455238662493196e-14,-1.4533490931034063e-10,-1.4533490926041376e-10,-1.4533490926521632e-10,-3.2519702553719645e-06,8.045711028642798e-14,4.344184134622052e-17,-1.4533490924959313e-10,-1.4533490931034063e-10,4.106328904969694e-17,4.726071448492757e-17,8.045711058266043e-14,-1.453349092570687e-10,-1.4533490934069542e-10,-1.4533490926041376e-10,-1.4533490924125466e-10,-7.266813102378384e-11,-1.453349092570686e-10,8.045711054078583e-14,-1.4533490929682033e-10,4.698612641688346e-17,-1.4533498102119788e-10,4.540676868069987e-17,8.437504100406176e-14,8.437504108584001e-14,-1.4533490930762212e-10,4.1258980239578514e-17,8.04571109639325e-14,-1.4533490927443117e-10
-3.5810268011098663e-06,-1.4533502207697295e-10,-1.4533490934522524e-10,4.7281345004111487e-17,-1.453350019078061e-10,-7.266813108846754e-11,8.045710993598478e-14,-1.4533490929306201e-10,-1.453349093150387e-10,8.045711077231363e-14,-1.453349093573346e-10,-1.4533498109823085e-10,-1.453349093150387e-10,-2.8875920034925673e-07,8.045711080909257e-14,8.45523867646135e-14,-1.453349093573346e-10,-1.4533490934415417e-10,-1.4533490929306201e-10,8.045711028642798e-14,-3.2519702553719645e-06,4.3442794476558624e-17,-1.4533490934174637e-10,-1.4533490928519506e-10,4.1096542856704146e-17,4.727872791933897e-17,8.045711071564329e-14,-1.4533490934305043e-10,-1.4533490933942094e-10,-1.4533490929306201e-10,-1.4533490936470713e-10,-7.266813104312228e-11,-1.4533490934522524e-10,8.045711067376866e-14,-1.453349093150387e-10,4.6961341756298684e-17,-1.4533498109823085e-10,4.5470040613919316e-17,8.437504114349754e-14,8.437504122527562e-14,-1.453349092926615e-10,4.124754695252276e-17,8.045711109691522e-14,-1.4533490929306201e-10
-3.6015958948351293e-06,-3.093290810666309e-07,-1.556874824100678e-10,1.0082845620850771e-13,-1.5568758163997506e-10,-7.784446786639025e-11,4.340381178544389e-17,-1.556874824096802e-10,-1.5568748239334993e-10,4.344240712798141e-17,-1.5568748239334993e-10,-1.5568755951039337e-10,-1.5568748241439225e-10,-3.0932824822599895e-07,4.3458053153661665e-17,4.5675832510076215e-17,-1.5568748241428637e-10,-1.5568748242333867e-10,-1.5568748240398792e-10,4.344184134622052e-17,4.3442794476558624e-17,-3.2519702419907883e-06,-1.556874824406895e-10,-1.5568748240488117e-10,4.425774223224261e-17,5.115842123968336e-17,4.351836878742569e-17,-1.5568748240955776e-10,-1.5568748241061746e-10,-1.556874824121604e-10,-1.556874823957409e-10,-7.784446360930664e-11,-1.5568748240050699e-10,4.3463711924183695e-17,-1.5568748243311235e-10,1.0014028699552596e-13,-1.5568755942190996e-10,4.8838541898742993e-17,4.5573204881358885e-17,4.55772359058958e-17,-1.5568748241837254e-10,4.3798821492785786e-17,4.3478738592465696e-17,-1.5568748240268829e-10
0.9999924045756058,0.9999960356542785,0.9999952494601285,-1.6972770608500263e-10,0.999995894802501,0.5000022680029464,-1.4533490857578765e-10,0.9999952494601289,0.9999952494601276,-1.4533490973454764e-10,0.9999952494601289,0.9999957498905266,0.9999952494601286,0.9999933080837257,-1.4533490979566254e-10,-1.5272888050307212e-10,0.9999952494601269,0.9999952494601272,0.9999952494601269,-1.4533490924959313e-10,-1.4533490934174637e-10,-1.556874824406895e-10,0.9999919974901246,0.9999952494601282,-1.4700223064528573e-10,-1.6952688202619532e-10,-1.4533490978978002e-10,0.9999952494601276,0.9999952494601267,0.9999952494601267,0.9999952494601285,0.5000022680029451,0.9999952494601285,-1.453349096567728e-10,0.9999952494601272,-1.6865994334632244e-10,0.9999957498905273,-1.6286572789829377e-10,-1.5243309753120022e-10,-1.5243309760449533e-10,0.9999952494601282,-1.476775664124159e-10,-1.4533491019451044e-10,0.9999952494601294
0.9999924045756043,0.9999960356542789,0.9999952494601289,-1.6972770612644701e-10,0.999995894802501,0.5000022680029471,-1.453349086126708e-10,0.9999952494601297,0.9999952494601274,-1.4533490973454764e-10,0.9999952494601289,0.9999957498905279,0.9999952494601289,0.9999933080837266,-1.4533490976974942e-10,-1.5272888050818883e-10,0.9999952494601282,0.9999952494601269,0.9999952494601276,-1.4533490931034063e-10,-1.4533490928519506e-10,-1.5568748240488117e-10,0.9999952494601282,0.999991997490128,-1.4700223064607233e-10,-1.6952688202469277e-10,-1.4533490978574738e-10,0.9999952494601289,0.9999952494601272,0.9999952494601276,0.9999952494601289,0.5000022680029459,0.9999952494601282,-1.4533490966167856e-10,0.9999952494601282,-1.6865994326967602e-10,0.9999957498905284,-1.6286572788194255e-10,-1.5243309754961094e-10,-1.5243309760223407e-10,0.9999952494601289,-1.4767756643290286e-10,-1.4533491018300395e-10,0.9999952494601321
-3.5843395382188206e-06,-1.4700234477534337e-10,-1.470022306585737e-10,9.518007487473623e-14,-1.4700232433730596e-10,-7.35017986366534e-11,4.107630344330952e-17,-1.4700223064284157e-10,-1.4700223064705192e-10,4.107630344330952e-17,-1.4700223064193128e-10,-1.4700230334671475e-10,-1.4700223066393907e-10,-2.920719237768274e-07,4.103156076772953e-17,4.312350866823779e-17,-1.4700223065267408e-10,-1.4700223063177764e-10,-1.4700223064993883e-10,4.106328904969694e-17,4.1096542856704146e-17,4.425774223224261e-17,-1.4700223064528573e-10,-1.4700223064607233e-10,-3.251970251939087e-06,9.507202299434853e-14,4.106685790184759e-17,-1.4700223065088833e-10,-1.4700223066364808e-10,-1.4700223064002502e-10,-1.4700223063735382e-10,-7.350180033887698e-11,-1.470022306611283e-10,4.1055930553291867e-17,-1.470022306637222e-10,9.453009702163937e-14,-1.47002303131241e-10,4.4719134475487516e-17,4.302687400643468e-17,4.3005128347123236e-17,-1.4700223065122915e-10,8.295332151884275e-14,4.1100943783767735e-17,-1.4700223066789896e-10
-3.6290927962008872e-06,-1.6952701328291708e-10,-1.6952688202954953e-10,1.0957832593939094e-13,-3.3682597001234966e-07,-8.476422882279542e-11,4.725281846400423e-17,-1.6952688201546707e-10,-1.6952688200740102e-10,4.725404243594508e-17,-1.695268820243086e-10,-3.368259217834727e-07,-1.6952688202807594e-10,-3.3682511050928775e-07,4.7214785806015637e-17,4.96358081010486e-17,-1.6952688199147038e-10,-1.6952688200740102e-10,-1.6952688203748884e-10,4.726071448492757e-17,4.727872791933897e-17,5.115842123968336e-17,-1.6952688202619532e-10,-1.6952688202469277e-10,9.507202299434853e-14,-3.2519702248835984e-06,4.724329612696638e-17,-1.6952688201486493e-10,-1.695268819835966e-10,-1.6952688199147038e-10,-1.6952688201832953e-10,-8.476423122570614e-11,-1.6952688202469277e-10,4.722918225120514e-17,-1.6952688203748884e-10,1.0882727005927105e-13,-3.368259217834729e-07,1.0532017593927484e-13,4.962551778212474e-17,4.961680887208442e-17,-1.6952688203030095e-10,9.550942491352813e-14,4.727179562126349e-17,-1.6952688202954953e-10
-3.581026801173814e-06,-1.453350225024984e-10,-1.4533490976037499e-10,4.729699494687159e-17,-1.453350023646618e-10,-7.266813130679056e-11,8.045711023221709e-14,-1.453349098664121e-10,-1.4533490978575633e-10,8.0457111068546e-14,-1.4533490978574738e-10,-1.4533498154265054e-10,-1.4533490978575622e-10,-2.887592012367598e-07,8.045711110532515e-14,8.455238707588353e-14,-1.4533490976037499e-10,-1.4533490979428732e-10,-1.4533490979700572e-10,8.045711058266043e-14,8.045711071564329e-14,4.351836878742569e-17,-1.4533490978978002e-10,-1.4533490978574738e-10,4.106685790184759e-17,4.724329612696638e-17,-3.2519702553719645e-06,-1.4533490978575633e-10,-1.4533490979700572e-10,-1.4533490978575622e-10,-1.4533490979153002e-10,-7.266813119412436e-11,-1.4533490978978002e-10,8.045711097000112e-14,-1.4533490979700572e-10,4.6980529982581956e-17,-1.4533498154064156e-10,4.545038507212143e-17,8.437504145478306e-14,8.437504153656116e-14,-1.453349098019389e-10,4.130186394721788e-17,8.045711139314772e-14,-1.4533490978978002e-10
0.9999924045756052,0.9999960356542776,0.9999952494601289,-1.6972770613793927e-10,0.9999958948025022,0.5000022680029471,-1.4533490863394018e-10,0.9999952494601294,0.9999952494601285,-1.4533490976836878e-10,0.9999952494601289,0.9999957498905282,0.9999952494601303,0.9999933080837271,-1.4533490976974942e-10,-1.5272888050157133e-10,0.9999952494601276,0.9999952494601283,0.9999952494601267,-1.453349092570687e-10,-1.4533490934305043e-10,-1.5568748240955776e-10,0.9999952494601276,0.9999952494601289,-1.4700223065088833e-10,-1.6952688201486493e-10,-1.4533490978575633e-10,0.9999919974901237,0.9999952494601282,0.9999952494601277,0.9999952494601297,0.500002268002946,0.9999952494601289,-1.4533490963543644e-10,0.999995249460128,-1.686599432629477e-10,0.9999957498905284,-1.628657278900837e-10,-1.5243309752126317e-10,-1.5243309769502262e-10,0.99999524946013,-1.476775664495165e-10,-1.4533491019793254e-10,0.9999952494601309
0.9999924045756043,0.9999960356542789,0.9999952494601282,-1.697277061320882e-10,0.9999958948025007,0.5000022680029463,-1.4533490857578765e-10,0.9999952494601291,0.9999952494601282,-1.453349097964551e-10,0.9999952494601289,0.9999957498905268,0.9999952494601292,0.999993308083726,-1.453349098101763e-10,-1.5272888045177252e-10,0.9999952494601267,0.9999952494601277,0.9999952494601276,-1.4533490934069542e-10,-1.4533490933942094e-10,-1.5568748241061746e-10,0.9999952494601267,0.9999952494601272,-1.4700223066364808e-10,-1.695268819835966e-10,-1.4533490979700572e-10,0.9999952494601282,0.999991997490123,0.9999952494601263,0.9999952494601291,0.5000022680029456,0.9999952494601285,-1.4533490966893428e-10,0.9999952494601271,-1.6865994332662577e-10,0.9999957498905282,-1.6286572788732416e-10,-1.5243309755002626e-10,-1.5243309760449533e-10,0.9999952494601282,-1.4767756640868037e-10,-1.453349101625423e-10,0.9999952494601294
0.999992404575604,0.9999960356542786,0.999995249460128,-1.6972770615207674e-10,0.9999958948025001,0.5000022680029462,-1.453349086258292e-10,0.9999952494601289,0.9999952494601276,-1.4533490973454764e-10,0.9999952494601277,0.9999957498905266,0.9999952494601289,0.9999933080837243,-1.453349097708065e-10,-1.5272888050157133e-10,0.9999952494601263,0.9999952494601272,0.9999952494601263,-1.4533490926041376e-10,-1.4533490929306201e-10,-1.556874824121604e-10,0.9999952494601267,0.9999952494601276,-1.4700223064002502e-10,-1.6952688199147038e-10,-1.4533490978575622e-10,0.9999952494601277,0.9999952494601263,0.9999919974901211,0.9999952494601282,0.5000022680029454,0.9999952494601282,-1.453349096349978e-10,0.9999952494601267,-1.686599433445911e-10,0.9999957498905275,-1.6286572787912463e-10,-1.5243309749625833e-10,-1.5243309761942552e-10,0.9999952494601282,-1.476775664495165e-10,-1.4533491024657004e-10,0.9999952494601294
0.9999924045756058,0.9999960356542785,0.9999952494601303,-1.6972770612564442e-10,0.9999958948025027,0.5000022680029476,-1.4533490863725523e-10,0.9999952494601294,0.9999952494601289,-1.4533490976836878e-10,0.9999952494601296,0.9999957498905291,0.9999952494601303,0.9999933080837274,-1.453349098101763e-10,-1.5272888050818883e-10,0.999995249460128,0.9999952494601282,0.9999952494601272,-1.4533490924125466e-10,-1.4533490936470713e-10,-1.556874823957409e-10,0.9999952494601285,0.9999952494601289,-1.4700223063735382e-10,-1.6952688201832953e-10,-1.4533490979153002e-10,0.9999952494601297,0.9999952494601291,0.9999952494601282,0.9999919974901275,0.5000022680029461,0.9999952494601291,-1.4533490973787725e-10,0.9999952494601289,-1.686599433034876e-10,0.9999957498905284,-1.62865727913653e-10,-1.5243309751821625e-10,-1.5243309764010949e-10,0.9999952494601306,-1.4767756643248942e-10,-1.4533491026411407e-10,0.9999952494601321
0.4999991994292616,0.5000026611036715,0.500002268002946,-8.486464242928989e-11,0.500002590677128,1.5754100990750657e-09,-7.266813077950233e-11,0.5000022680029468,0.5000022680029457,-7.266813104887094e-11,0.5000022680029456,0.5000025182204688,0.5000022680029468,0.5000012973057284,-7.26681313104794e-11,-7.6365151345659e-11,0.5000022680029456,0.5000022680029452,0.5000022680029451,-7.266813102378384e-11,-7.266813104312228e-11,-7.784446360930664e-11,0.5000022680029451,0.5000022680029459,-7.350180033887698e-11,-8.476423122570614e-11,-7.266813119412436e-11,0.500002268002946,0.5000022680029456,0.5000022680029454,0.5000022680029461,0.5000005292335002,0.500002268002946,-7.266813114144951e-11,0.5000022680029453,-8.433075625697401e-11,0.5000025182204686,-8.143362249674785e-11,-7.621725809439358e-11,-7.621725808660014e-11,0.5000022680029459,-7.383947147606421e-11,-7.266813135311705e-11,0.5000022680029467
0.9999924045756043,0.9999960356542792,0.9999952494601303,-1.6972770610917815e-10,0.9999958948025018,0.5000022680029472,-1.4533490864423123e-10,0.9999952494601297,0.9999952494601286,-1.4533490973454764e-10,0.9999952494601297,0.9999957498905282,0.9999952494601294,0.9999933080837269,-1.4533490980799882e-10,-1.527288804766164e-10,0.9999952494601277,0.9999952494601272,0.9999952494601276,-1.453349092570686e-10,-1.4533490934522524e-10,-1.5568748240050699e-10,0.9999952494601285,0.9999952494601282,-1.470022306611283e-10,-1.6952688202469277e-10,-1.4533490978978002e-10,0.9999952494601289,0.9999952494601285,0.9999952494601282,0.9999952494601291,0.500002268002946,0.9999919974901287,-1.4533490968937285e-10,0.999995249460128,-1.686599432954585e-10,0.9999957498905284,-1.6286572791572724e-10,-1.5243309752295003e-10,-1.5243309764002741e-10,0.9999952494601294,-1.4767756638189727e-10,-1.4533491024657004e-10,0.9999952494601324
-3.5810268024979268e-06,-1.4533502244668138e-10,-1.4533490968867577e-10,4.730917652161078e-17,-1.4533500225397664e-10,-7.266813130381762e-11,8.04571101903427e-14,-1.4533490966418986e-10,-1.4533490968867577e-10,8.045711102667149e-14,-1.4533490965957703e-10,-1.4533498145132492e-10,-1.453349097246043e-10,-2.8875920103154553e-07,8.045711106345048e-14,8.455238703186974e-14,-1.453349096441037e-10,-1.4533490967975336e-10,-1.4533490966418986e-10,8.045711054078583e-14,8.045711067376866e-14,4.3463711924183695e-17,-1.453349096567728e-10,-1.4533490966167856e-10,4.1055930553291867e-17,4.722918225120514e-17,8.045711097000112e-14,-1.4533490963543644e-10,-1.4533490966893428e-10,-1.453349096349978e-10,-1.4533490973787725e-10,-7.266813114144951e-11,-1.4533490968937285e-10,-3.2519702553719645e-06,-1.4533490965957703e-10,4.697389985565037e-17,-1.4533498144215578e-10,4.545691958394752e-17,8.437504141064791e-14,8.437504149242614e-14,-1.453349096441037e-10,4.123843718333606e-17,8.045711135127319e-14,-1.4533490965484442e-10
0.9999924045756035,0.9999960356542785,0.9999952494601289,-1.697277061476897e-10,0.9999958948025013,0.5000022680029468,-1.453349086126708e-10,0.9999952494601296,0.9999952494601274,-1.4533490976836878e-10,0.9999952494601285,0.9999957498905273,0.9999952494601292,0.9999933080837263,-1.4533490975211145e-10,-1.5272888047389084e-10,0.9999952494601267,0.9999952494601276,0.9999952494601272,-1.4533490929682033e-10,-1.453349093150387e-10,-1.5568748243311235e-10,0.9999952494601272,0.9999952494601282,-1.470022306637222e-10,-1.6952688203748884e-10,-1.4533490979700572e-10,0.999995249460128,0.9999952494601271,0.9999952494601267,0.9999952494601289,0.5000022680029453,0.999995249460128,-1.4533490965957703e-10,0.9999919974901234,-1.6865994331733372e-10,0.9999957498905273,-1.6286572788840857e-10,-1.5243309752660686e-10,-1.5243309765080514e-10,0.9999952494601285,-1.4767756644680384e-10,-1.4533491024657004e-10,0.9999952494601297
-3.6273703089051153e-06,-3.351035315822086e-07,-1.6865994333255932e-10,1.0895063243755242e-13,-1.6866005084595439e-10,-8.433075690248028e-11,4.6959898143877684e-17,-1.6865994332031314e-10,-1.6865994333316094e-10,4.697897074145255e-17,-1.6865994331356438e-10,-3.351034371152255e-07,-1.6865994324611478e-10,-3.3510263016707374e-07,4.6979792141689536e-17,4.935919724214016e-17,-1.6865994333316094e-10,-1.686599432954585e-10,-1.686599433034876e-10,4.698612641688346e-17,4.6961341756298684e-17,1.0014028699552596e-13,-1.6865994334632244e-10,-1.6865994326967602e-10,9.453009702163937e-14,1.0882727005927105e-13,4.6980529982581956e-17,-1.686599432629477e-10,-1.6865994332662577e-10,-1.686599433445911e-10,-1.686599433034876e-10,-8.433075625697401e-11,-1.686599432954585e-10,4.697389985565037e-17,-1.6865994331733372e-10,-3.251970224938898e-06,-3.351034371152255e-07,1.0471965121524592e-13,4.924698760403828e-17,4.9250497831510835e-17,-1.6865994331924608e-10,9.49650229082773e-14,4.6953147102765724e-17,-1.686599432954585e-10
0.9999929050061148,0.9999965360850688,0.9999957498905282,-3.37224930853119e-07,0.9999963952332217,0.5000025182204705,-1.4533498035060997e-10,0.9999957498905288,0.9999957498905282,-1.4533498157175022e-10,0.9999957498905288,0.999996250321177,0.999995749890529,0.9999938085131584,-1.4533498154887854e-10,-1.527289558118891e-10,0.9999957498905279,0.9999957498905273,0.9999957498905264,-1.4533498102119788e-10,-1.4533498109823085e-10,-1.5568755942190996e-10,0.9999957498905273,0.9999957498905284,-1.47002303131241e-10,-3.368259217834729e-07,-1.4533498154064156e-10,0.9999957498905284,0.9999957498905282,0.9999957498905275,0.9999957498905284,0.5000025182204686,0.9999957498905284,-1.4533498144215578e-10,0.9999957498905273,-3.351034371152255e-07,0.9999929983511744,-3.2359115159707717e-07,-1.5243317283698336e-10,-1.524331728552232e-10,0.9999957498905288,-1.4767763950374008e-10,-1.4533498202757657e-10,0.9999957498905296
-3.615858041844976e-06,-1.628658542494714e-10,-1.6286572791401625e-10,1.0543985723073862e-13,-1.6286583193380446e-10,-8.143362141892002e-11,4.5428926606132897e-17,-1.6286572789557614e-10,-1.62865727912472e-10,4.54409443380312e-17,-1.6286572791761653e-10,-3.2359115159707707e-07,-1.6286572791401625e-10,-3.2359037175968646e-07,4.546341458183179e-17,4.7741133709809915e-17,-1.6286572791195465e-10,-1.6286572788194255e-10,-1.6286572791123315e-10,4.540676868069987e-17,4.5470040613919316e-17,4.8838541898742993e-17,-1.6286572789829377e-10,-1.6286572788194255e-10,4.4719134475487516e-17,1.0532017593927484e-13,4.545038507212143e-17,-1.628657278900837e-10,-1.6286572788732416e-10,-1.6286572787912463e-10,-1.62865727913653e-10,-8.143362249674785e-11,-1.6286572791572724e-10,4.545691958394752e-17,-1.6286572788840857e-10,1.0471965121524592e-13,-3.2359115159707717e-07,-3.2519702323243217e-06,4.766256732800832e-17,4.767304565206427e-17,-1.6286572789057594e-10,4.6152934477898305e-17,4.54273142750623e-17,-1.628657278990737e-10
-3.595129887421693e-06,-1.5243321572060654e-10,-1.5243309755913215e-10,4.957903902093994e-17,-3.028630345269027e-07,-7.621725828631472e-11,8.437504063525502e-14,-1.5243309754015557e-10,-1.5243309751059058e-10,8.437504151414173e-14,-1.5243309754718784e-10,-1.5243317278904878e-10,-1.5243309754015557e-10,-3.028622617047043e-07,8.43750415525707e-14,8.866974865784584e-14,-1.5243309751043685e-10,-1.5243309751059058e-10,-1.5243309749625833e-10,8.437504100406176e-14,8.437504114349754e-14,4.5573204881358885e-17,-1.5243309753120022e-10,-1.5243309754961094e-10,4.302687400643468e-17,4.962551778212474e-17,8.437504145478306e-14,-1.5243309752126317e-10,-1.5243309755002626e-10,-1.5243309749625833e-10,-1.5243309751821625e-10,-7.621725809439358e-11,-1.5243309752295003e-10,8.437504141064791e-14,-1.5243309752660686e-10,4.924698760403828e-17,-1.5243317283698336e-10,4.766256732800832e-17,-3.251970247486719e-06,8.848371511383248e-14,-1.5243309749421096e-10,4.3262211938726947e-17,8.437504185519867e-14,-1.5243309752338562e-10
-3.5951298874210908e-06,-1.5243321584177036e-10,-1.5243309763370688e-10,4.958468830269125e-17,-3.028630347561596e-07,-7.621725841045709e-11,8.437504071703352e-14,-1.5243309760223407e-10,-1.5243309760964864e-10,8.437504159592e-14,-1.5243309762310622e-10,-1.5243317287416306e-10,-1.5243309765096243e-10,-3.0286226193395944e-07,8.437504163434883e-14,8.866974874377498e-14,-1.5243309761810478e-10,-1.5243309757982358e-10,-1.5243309763370688e-10,8.437504108584001e-14,8.437504122527562e-14,4.55772359058958e-17,-1.5243309760449533e-10,-1.5243309760223407e-10,4.3005128347123236e-17,4.961680887208442e-17,8.437504153656116e-14,-1.5243309769502262e-10,-1.5243309760449533e-10,-1.5243309761942552e-10,-1.5243309764010949e-10,-7.621725808660014e-11,-1.5243309764002741e-10,8.437504149242614e-14,-1.5243309765080514e-10,4.9250497831510835e-17,-1.524331728552232e-10,4.767304565206427e-17,8.848371511383248e-14,-3.251970247486719e-06,-1.5243309762875038e-10,4.324395149879008e-17,8.43750419369768e-14,-1.5243309757261493e-10
0.9999924045756067,0.9999960356542783,0.9999952494601297,-1.6972770614940084e-10,0.999995894802502,0.5000022680029476,-1.453349086258292e-10,0.9999952494601311,0.9999952494601289,-1.4533490980611513e-10,0.9999952494601296,0.9999957498905282,0.9999952494601314,0.9999933080837278,-1.4533490977912805e-10,-1.5272888047320601e-10,0.999995249460128,0.9999952494601289,0.999995249460128,-1.4533490930762212e-10,-1.453349092926615e-10,-1.5568748241837254e-10,0.9999952494601282,0.9999952494601289,-1.4700223065122915e-10,-1.6952688203030095e-10,-1.453349098019389e-10,0.99999524946013,0.9999952494601282,0.9999952494601282,0.9999952494601306,0.5000022680029459,0.9999952494601294,-1.453349096441037e-10,0.9999952494601285,-1.6865994331924608e-10,0.9999957498905288,-1.6286572789057594e-10,-1.5243309749421096e-10,-1.5243309762875038e-10,0.9999919974901292,-1.476775664063276e-10,-1.4533491021594355e-10,0.9999952494601312
