1.000000001891451,0.9999594614141237,4.5813772009315645e-06,5.0170333244901404e-06,0.9999595477234925,4.785771192166721e-06,0.9999595477234944,4.6400018568878925e-06,4.640001857318024e-06,4.559371078326249e-06,4.686268104629994e-06,0.9999595477234982,4.640001856285765e-06,0.9999595477234922,4.742250789529274e-06,0.9999604997462919,4.758227298417199e-06,4.640001854066935e-06,4.537085674446094e-06,4.559371074022208e-06,4.794855085065513e-06,4.638823193017358e-06,4.72318830454644e-06,4.802020483956123e-06,4.736159857667344e-06,4.715250503739899e-06,0.9999596420039559,4.7987966261842804e-06,4.717125966389836e-06,4.91105097422025e-06,5.055468341212502e-06,4.8764374099742015e-06,0.9999618873946671,4.589273984186281e-06,4.565346083988738e-06,4.6505576093132445e-06,0.9999595477234954,4.705170926086846e-06,0.9999629914928404,4.579789312630407e-06,4.742250787648884e-06,4.705170927029861e-06,4.711067714467482e-06,0.9999596324143256,4.661872085667387e-06
0.9999594614141237,0.9999389159250729,4.5881776613885895e-10,6.780465560698784e-10,0.9999276769338287,5.616718650067779e-10,0.9999276769338292,4.883185435777795e-10,4.883185435047319e-10,4.4774394221466563e-10,5.116004906351316e-10,0.9999276769338292,4.883185435867728e-10,0.99992767693383,5.397718441745255e-10,0.999928628929801,5.478114194176223e-10,4.883185435501477e-10,4.3652958357133413e-10,4.477439424427783e-10,5.662430148984405e-10,4.877254223173917e-10,5.301793055710253e-10,5.6984875533259e-10,5.367067930383503e-10,5.261848828687188e-10,0.9999277712116406,5.682265347304436e-10,5.271286443672359e-10,6.247145907335802e-10,6.973876478366721e-10,1.2067984917258557e-06,0.999930016539033,4.6279155102992443e-10,4.5075065824265087e-10,4.936304142937901e-10,0.9999276769338326,5.211126845899998e-10,0.9999311206060555,4.580187163119891e-10,5.397718454189674e-10,5.211126841419313e-10,5.240800347624596e-10,0.999927761622272,4.993240390927561e-10
4.5813772009315645e-06,4.5881776613885895e-10,1.1325302689607527e-05,5.884379927732069e-16,4.58817807526596e-10,4.638714994846439e-16,4.58817807526596e-10,4.024136180960878e-16,4.024125641416379e-16,7.404616412072864e-13,4.3909330642724733e-16,4.58817807526596e-10,4.024112006905675e-16,4.5881780780570577e-10,4.701112181497473e-16,4.588182635380798e-10,4.65468557546738e-16,4.024125641416379e-16,7.16859264237234e-13,7.40461642549714e-13,4.675089606859404e-16,4.0137358988832244e-16,4.592958491080288e-16,4.71306695399902e-16,4.667413939401009e-16,4.550582385529763e-16,4.588178534030427e-10,4.875829660626498e-16,4.563396391470686e-16,5.312002335628195e-16,6.078184479430212e-16,5.128199976921075e-16,4.588189213289228e-10,7.725645052675019e-13,7.472010472572849e-13,4.2080390194175104e-16,4.58817807526596e-10,4.496811862312264e-16,9.117500288160088e-07,7.630261453659457e-13,4.701112181497473e-16,4.499079953105806e-16,8.998039391474717e-13,4.58817848363818e-10,4.276550886892189e-16
5.0170333244901404e-06,6.780465560698784e-10,5.884379927732069e-16,1.1325303692630482e-05,6.780466162966617e-10,7.142594803631821e-16,6.780466161903114e-10,6.201958347306259e-16,6.200098498081012e-16,5.718336460749482e-16,6.663268945233261e-16,6.780466161903114e-10,6.200098498081012e-16,6.780466167926825e-10,7.086022096659666e-16,6.780472810538057e-10,7.086788942523098e-16,6.200098498081012e-16,5.551038367489887e-16,5.716196847805286e-16,1.4302713209379802e-12,6.188747709248387e-16,6.946113998872502e-16,7.25094247671123e-16,7.037481862063286e-16,6.880843845313432e-16,1.3473907670223268e-06,7.390114439366001e-16,6.894972220746081e-16,8.083594782738942e-16,9.162707136465283e-16,7.827653535893786e-16,1.3473938684963556e-06,5.940885611107424e-16,5.765321594787069e-16,1.2709110808682968e-12,6.780466161903114e-10,6.799179678898268e-16,1.3473953902979485e-06,5.874509881520538e-16,7.086022096659666e-16,6.80393513711815e-16,6.850418908972086e-16,6.780466755801539e-10,6.485592723804393e-16
0.9999595477234925,0.9999276769338287,4.58817807526596e-10,6.780466162966617e-10,0.9999390885389924,5.616719162404986e-10,0.9999277632407761,4.883185879768533e-10,4.883185882888483e-10,4.477439825040744e-10,5.116005365094259e-10,0.999927763240775,4.883185881528627e-10,0.9999277632407765,5.397718922496715e-10,0.9999287152368314,5.478114686940738e-10,4.883185879375505e-10,4.3652962287678595e-10,4.477439830858117e-10,5.662430664594616e-10,4.877254666765351e-10,5.30179352700886e-10,5.69848807136167e-10,5.367068402796842e-10,5.261849293536283e-10,0.9999278575185931,5.682265857278258e-10,5.271286913361604e-10,6.247146467100073e-10,6.973877100785792e-10,6.072965687603197e-10,0.9999301028461791,4.6279159246604514e-10,4.50750698884455e-10,4.936304589078243e-10,0.9999277632407786,5.2111273093987e-10,0.9999312069132997,4.580187580080853e-10,5.39771893366236e-10,5.211127307461302e-10,5.240800816643531e-10,0.9999278479292255,4.993240837848243e-10
4.785771192166721e-06,5.616718650067779e-10,4.638714994846439e-16,7.142594803631821e-16,5.616719162404986e-10,1.1325303037646797e-05,5.616719159051753e-10,9.621038260682863e-13,9.621038265200236e-13,4.491268816530843e-16,5.320926242884937e-16,5.616719159051753e-10,9.621038269594866e-13,5.616719161208028e-10,5.708204630002428e-16,5.616724768272941e-10,5.630557517304558e-16,9.621038265492617e-13,4.341501452246832e-16,4.491268816530843e-16,1.1179199187876055e-12,9.6008685261158e-13,5.572688707475726e-16,1.1279540247491881e-12,5.6681170511820935e-16,5.519823705638513e-16,5.616719723193932e-10,5.908532535477223e-16,5.533581371293843e-16,6.426374231079945e-16,7.379228672871921e-16,6.196673042425804e-16,1.1161375981135518e-06,4.694677290060209e-16,4.535795309553159e-16,5.089260015620282e-16,5.616719158976464e-10,5.454934333804045e-16,1.1161388760951995e-06,4.631974368100144e-16,5.704427410448928e-16,5.456119796186162e-16,5.491402177669338e-16,1.116134976436058e-06,5.177541393039778e-16
0.9999595477234944,0.9999276769338292,4.58817807526596e-10,6.780466161903114e-10,0.9999277632407761,5.616719159051753e-10,0.9999390885389977,4.883185879893595e-10,4.883185883096268e-10,4.477439825040744e-10,5.116005364538095e-10,0.9999277632407769,4.883185881528627e-10,0.9999277632407769,5.397718923477384e-10,0.999928715236831,5.478114686940738e-10,4.883185881642124e-10,4.365296230738143e-10,4.477439830858117e-10,5.662430662966819e-10,4.877254669638076e-10,5.30179352561574e-10,5.698488069141154e-10,5.367068406706287e-10,5.261849294876923e-10,0.9999278575185933,5.682265857173212e-10,5.271286911442949e-10,6.24714646830815e-10,6.973877101519485e-10,6.072965687603197e-10,0.999930102846181,4.6279159252833344e-10,4.507506990348783e-10,4.93630458895367e-10,0.9999277632407797,5.211127311079488e-10,0.9999312069133003,4.5801875795399413e-10,5.397718930748085e-10,5.211127307355084e-10,5.240800812861479e-10,0.9999278479292266,4.993240838723998e-10
4.6400018568878925e-06,4.883185435777795e-10,4.024136180960878e-16,6.201958347306259e-16,4.883185879768533e-10,9.621038260682863e-13,4.883185879893595e-10,1.132530275923352e-05,8.340054387613257e-13,3.8956676141399997e-16,4.621190499992467e-16,4.883185879768533e-10,8.340054391436538e-13,4.883185879975118e-10,4.953896825116828e-16,4.88319076768264e-10,4.883580608679259e-16,8.340054387868251e-13,3.7638091505509976e-16,3.8963602980450457e-16,9.691268276126469e-13,8.322383628963029e-13,4.840539663909713e-16,9.7788946800796e-13,4.920394437947528e-16,4.793728325429754e-16,4.883186367591159e-10,5.124912453145905e-16,4.805275539019471e-16,5.577725632821316e-16,6.408654765234328e-16,5.376682545127113e-16,9.703720652944967e-07,4.0728655550969904e-16,3.932578281094225e-16,4.4151187514694285e-16,4.883185879975118e-10,4.733552666332537e-16,9.703731771402374e-07,4.020777188930763e-16,4.951736379537321e-16,4.735563471110852e-16,4.767510142961342e-16,4.883186317129173e-10,4.492994788510968e-16
4.640001857318024e-06,4.883185435047319e-10,4.024125641416379e-16,6.200098498081012e-16,4.883185882888483e-10,9.621038265200236e-13,4.883185883096268e-10,8.340054387613257e-13,1.132530275923352e-05,3.89291199279468e-16,4.621190499992467e-16,4.883185879204522e-10,8.340054395398768e-13,4.883185883096268e-10,4.953896825116828e-16,4.88319076460182e-10,4.88249801048087e-16,8.340054391830497e-13,3.765342847399813e-16,3.8948260014643304e-16,9.691268280680912e-13,8.322383632927686e-13,4.840539663909713e-16,9.778894684636211e-13,4.920394437947528e-16,4.794259934390219e-16,4.883186368904876e-10,5.124912453145905e-16,4.805275539019472e-16,5.577725632821316e-16,6.408654765234328e-16,5.376682545127113e-16,9.703720654239263e-07,4.0752647414383963e-16,3.930272052196107e-16,4.4170064856927827e-16,4.883185879179279e-10,4.73439971963347e-16,9.703731772696685e-07,4.020687470228625e-16,4.951736379537321e-16,4.733552666332537e-16,4.765425770893314e-16,4.883186316053185e-10,4.491556967037944e-16
4.559371078326249e-06,4.4774394221466563e-10,7.404616412072864e-13,5.718336460749482e-16,4.477439825040744e-10,4.491268816530843e-16,4.477439825040744e-10,3.8956676141399997e-16,3.89291199279468e-16,1.1325302643430957e-05,8.479820723245579e-13,4.477439825040744e-10,3.895057136399944e-16,4.477439825040744e-10,4.564045114041828e-16,4.4774442863376195e-10,4.515875982665602e-16,3.895057136399944e-16,6.940409078896473e-13,7.172967670576291e-13,4.525968684629272e-16,3.8939405505297276e-16,4.461035901905433e-16,4.563384381231049e-16,4.542208962212219e-16,4.4226236663654015e-16,4.4774402733820755e-10,4.731570633489629e-16,4.433800174850982e-16,5.154873113934321e-16,5.908630716311487e-16,4.971838177164777e-16,4.477450716990873e-10,7.489544147051201e-13,7.239620316375823e-13,4.084220178704684e-16,4.477439827485132e-10,4.369719653568738e-16,8.897444371404739e-07,7.395866624159037e-13,4.565720869641571e-16,4.3697196537399197e-16,4.396745386756095e-16,4.4774402225055224e-10,4.15026200919605e-16
4.686268104629994e-06,5.116004906351316e-10,4.3909330642724733e-16,6.663268945233261e-16,5.116005365094259e-10,5.320926242884937e-16,5.116005364538095e-10,4.621190499992467e-16,4.621190499992467e-16,8.479820723245579e-13,1.1325302915506086e-05,5.116005364581657e-10,4.621190499992467e-16,5.116005365094259e-10,5.306134509103783e-16,5.116010398282413e-10,5.299237269548474e-16,4.622555106285417e-16,8.226073967283424e-13,8.479820737187206e-13,5.367479403086674e-16,4.6174984586907365e-16,5.203190420910217e-16,5.408805698187198e-16,5.279302858916627e-16,1.0244228686751679e-12,5.116005863786275e-10,5.53232886258426e-16,5.171014626723099e-16,6.045273917552219e-16,6.873155753809685e-16,5.851296475193821e-16,5.116017681887031e-10,4.44672036985938e-16,8.55122768203604e-13,4.782270946237821e-16,5.116005364281133e-10,5.100933355202945e-16,1.0166383778156297e-06,4.383342039533028e-16,5.310989781083707e-16,5.096842545485654e-16,5.132726564207451e-16,5.116005809572378e-10,4.859400211734628e-16
0.9999595477234982,0.9999276769338292,4.58817807526596e-10,6.780466161903114e-10,0.999927763240775,5.616719159051753e-10,0.9999277632407769,4.883185879768533e-10,4.883185879204522e-10,4.477439825040744e-10,5.116005364581657e-10,0.9999390885389928,4.883185880985662e-10,0.9999277632407756,5.397718921661832e-10,0.9999287152368298,5.478114686852892e-10,4.883185879636596e-10,4.3652962287678595e-10,4.477439830858117e-10,5.662430662966819e-10,4.877254669094623e-10,5.30179352661148e-10,5.69848807136167e-10,5.36706840546447e-10,5.261849295630434e-10,0.9999278575185924,5.682265856097583e-10,5.271286911986344e-10,6.24714646830815e-10,6.973877099913113e-10,6.07296568797794e-10,0.9999301028461803,4.6279159249706865e-10,4.507506990348783e-10,4.936304589389419e-10,0.9999277632407773,5.2111273093987e-10,0.9999312069132995,4.580187580080853e-10,5.397718935490324e-10,5.211127307461302e-10,5.240800816643531e-10,0.9999278479292245,4.993240837714816e-10
4.640001856285765e-06,4.883185435867728e-10,4.024112006905675e-16,6.200098498081012e-16,4.883185881528627e-10,9.621038269594866e-13,4.883185881528627e-10,8.340054391436538e-13,8.340054395398768e-13,3.895057136399944e-16,4.621190499992467e-16,4.883185880985662e-10,1.132530275923352e-05,4.883185883270709e-10,4.953896825116828e-16,4.883190763524139e-10,4.883328045087295e-16,8.340054395653774e-13,3.765127528633598e-16,3.89291199279468e-16,9.69126828509836e-13,8.322383636742761e-13,4.838818405389897e-16,9.77889468909149e-13,4.923679360644637e-16,4.79264668055465e-16,4.883186372561883e-10,5.124895152849022e-16,4.80650124982339e-16,5.574900536627091e-16,6.408654765234328e-16,5.373511479848539e-16,9.703720656301113e-07,4.0728655550969904e-16,3.9338918794909365e-16,4.4187218609108887e-16,4.883185881528627e-10,4.735563471110852e-16,9.703731774758545e-07,4.020758222001108e-16,4.952512561071591e-16,4.733552666332537e-16,4.767522178935823e-16,4.883186315495232e-10,4.494892304648468e-16
0.9999595477234922,0.99992767693383,4.5881780780570577e-10,6.780466167926825e-10,0.9999277632407765,5.616719161208028e-10,0.9999277632407769,4.883185879975118e-10,4.883185883096268e-10,4.477439825040744e-10,5.116005365094259e-10,0.9999277632407756,4.883185883270709e-10,0.9999390885389943,5.397718923477384e-10,0.999928715236831,5.478114687202418e-10,4.883185881642104e-10,4.365296229546985e-10,4.4774398320625317e-10,5.662430665739517e-10,4.877254666225951e-10,5.30179352561574e-10,5.698488070934687e-10,5.36706840546447e-10,5.261849292704692e-10,0.9999278575185938,5.682265856097583e-10,5.271286912677356e-10,6.24714646830815e-10,6.973877100785792e-10,6.072965687603197e-10,0.999930102846181,4.6279159256035624e-10,4.507506990322592e-10,4.936304590070831e-10,0.9999277632407778,5.211127313264048e-10,0.9999312069133001,4.580187583343219e-10,5.397718935490324e-10,5.211127304510017e-10,5.240800813919227e-10,0.9999278479292261,4.993240838661502e-10
4.742250789529274e-06,5.397718441745255e-10,4.701112181497473e-16,7.086022096659666e-16,5.397718922496715e-10,5.708204630002428e-16,5.397718923477384e-10,4.953896825116828e-16,4.953896825116828e-16,4.564045114041828e-16,5.306134509103783e-16,5.397718921661832e-10,4.953896825116828e-16,5.397718923477384e-10,1.1325303050282259e-05,5.397724206806934e-10,5.657404977714382e-16,4.953084222811782e-16,4.4366066570565913e-16,4.565442738442187e-16,5.749591135843229e-16,4.944337015983385e-16,5.535606151916793e-16,5.793202222264413e-16,5.606121499525837e-16,5.481352453499926e-16,5.397719448550489e-10,5.896767880436697e-16,5.490648975876967e-16,6.446672234049568e-16,7.306750927092902e-16,6.242811299518134e-16,5.397731862812862e-10,4.742115559384255e-16,4.603340237456147e-16,5.097318865292649e-16,5.397718922643205e-10,5.426859094897419e-16,1.0726196995969961e-06,4.690363657466902e-16,5.652642043752339e-16,5.426492417168379e-16,5.459009310282282e-16,5.397719393974517e-10,5.179441133415085e-16
0.9999604997462919,0.999928628929801,4.588182635380798e-10,6.780472810538057e-10,0.9999287152368314,5.616724768272941e-10,0.999928715236831,4.88319076768264e-10,4.88319076460182e-10,4.4774442863376195e-10,5.116010398282413e-10,0.9999287152368298,4.883190763524139e-10,0.999928715236831,5.397724206806934e-10,0.9999409925323197,1.0885929565302294e-06,4.883190762409432e-10,4.365300591187052e-10,4.477444289315052e-10,1.1252196309082606e-06,4.877259540074872e-10,5.301798724152496e-10,1.1323848398369858e-06,5.367073662103331e-10,5.261854459303503e-10,0.9999288095147363,1.1291612034453165e-06,5.271292081845385e-10,1.241412425733052e-06,1.3858259391557042e-06,1.20679979566012e-06,0.9999310548444519,4.62792051974526e-10,4.507511472447834e-10,4.936309461123758e-10,0.9999287152368334,5.211132429304585e-10,0.9999321589126169,4.580192125703502e-10,5.397724219193347e-10,5.211132425039687e-10,5.240805962582057e-10,0.9999287999253599,4.993245764527017e-10
4.758227298417199e-06,5.478114194176223e-10,4.65468557546738e-16,7.086788942523098e-16,5.478114686940738e-10,5.630557517304558e-16,5.478114686940738e-10,4.883580608679259e-16,4.88249801048087e-16,4.515875982665602e-16,5.299237269548474e-16,5.478114686852892e-10,4.883328045087295e-16,5.478114687202418e-10,5.657404977714382e-16,1.0885929565302294e-06,1.1325303041650856e-05,4.884133745989204e-16,4.3753788601336943e-16,4.516403486341018e-16,5.676065205402776e-16,4.874526257038138e-16,5.520113204330097e-16,5.719359155591634e-16,5.622377027484011e-16,5.485265411220448e-16,5.478115227130328e-10,1.1684063501700088e-12,5.494531142436823e-16,1.2747640617815248e-12,7.312720846990889e-16,1.2320624149453705e-12,5.478127922292548e-10,4.701638883417965e-16,4.552888300441356e-16,5.082103173044596e-16,5.478114687407526e-10,5.413990010177927e-16,1.0885957482911854e-06,4.650335468285434e-16,5.658893249353506e-16,5.414993098748919e-16,5.45954188878828e-16,5.478115163940881e-10,1.0251182727577965e-12
4.640001854066935e-06,4.883185435501477e-10,4.024125641416379e-16,6.200098498081012e-16,4.883185879375505e-10,9.621038265492617e-13,4.883185881642124e-10,8.340054387868251e-13,8.340054391830497e-13,3.895057136399944e-16,4.622555106285417e-16,4.883185879636596e-10,8.340054395653774e-13,4.883185881642104e-10,4.953084222811782e-16,4.883190762409432e-10,4.884133745989204e-16,1.132530275923352e-05,3.7649586730313183e-16,3.8963602980450457e-16,9.691268280972551e-13,8.322383633181564e-13,4.840539663909713e-16,9.778894684931888e-13,4.920394437947528e-16,4.790614168177637e-16,4.883186370505154e-10,5.124984758266053e-16,4.803962291869438e-16,5.577803446288911e-16,6.410363198967561e-16,5.374131185238441e-16,9.703720653956131e-07,4.073340331883397e-16,3.9318189009662266e-16,4.415058256967702e-16,4.883185881642104e-10,4.732903215992969e-16,9.703731772413547e-07,4.020687470228625e-16,4.953896820739452e-16,4.734399734535175e-16,4.767522178935823e-16,4.883186315624028e-10,4.492994788510968e-16
4.537085674446094e-06,4.3652958357133413e-10,7.16859264237234e-13,5.551038367489887e-16,4.3652962287678595e-10,4.341501452246832e-16,4.365296230738143e-10,3.7638091505509976e-16,3.765342847399813e-16,6.940409078896473e-13,8.226073967283424e-13,4.3652962287678595e-10,3.765127528633598e-16,4.365296229546985e-10,4.4366066570565913e-16,4.365300591187052e-10,4.3753788601336943e-16,3.7649586730313183e-16,1.1325302598463684e-05,6.940409092146291e-13,4.372340757469935e-16,7.466292573850366e-13,4.3358860459554704e-16,4.415852638008534e-16,4.40529197701766e-16,8.528038419696343e-13,4.365296666982571e-10,4.593675134917319e-16,4.301016577867106e-16,4.995517577569487e-16,5.737848203130268e-16,4.8211461932729e-16,4.3653068725784045e-10,7.252351946189557e-13,7.006277339568309e-13,3.956938218589939e-16,4.365296231523404e-10,4.2426465550465677e-16,8.674595787917477e-07,7.160424698822183e-13,4.4361707337704824e-16,4.2416014379524945e-16,4.2689965980371963e-16,4.36529662046439e-10,4.024281278597626e-16
4.559371074022208e-06,4.477439424427783e-10,7.40461642549714e-13,5.716196847805286e-16,4.477439830858117e-10,4.491268816530843e-16,4.477439830858117e-10,3.8963602980450457e-16,3.8948260014643304e-16,7.172967670576291e-13,8.479820737187206e-13,4.477439830858117e-10,3.89291199279468e-16,4.4774398320625317e-10,4.565442738442187e-16,4.477444289315052e-10,4.516403486341018e-16,3.8963602980450457e-16,6.940409092146291e-13,1.1325302643430957e-05,4.525281558382081e-16,3.890644316013927e-16,4.463232075500868e-16,4.565870417225824e-16,4.538212680669802e-16,4.4209736492862777e-16,4.4774402774430174e-10,4.734770844581327e-16,4.433800174850982e-16,5.154998450924196e-16,5.905659160598359e-16,4.972784973853026e-16,4.47745072391419e-10,7.489544160497298e-13,7.239620329723972e-13,4.084220178704684e-16,4.4774398308575684e-10,4.3686683099512315e-16,8.897444381011895e-07,7.395866637543129e-13,4.565442738442187e-16,4.3708009543968067e-16,4.396172814191087e-16,4.477440227448333e-10,4.151518022944353e-16
4.794855085065513e-06,5.662430148984405e-10,4.675089606859404e-16,1.4302713209379802e-12,5.662430664594616e-10,1.1179199187876055e-12,5.662430662966819e-10,9.691268276126469e-13,9.691268280680912e-13,4.525968684629272e-16,5.367479403086674e-16,5.662430662966819e-10,9.69126828509836e-13,5.662430665739517e-10,5.749591135843229e-16,1.1252196309082606e-06,5.676065205402776e-16,9.691268280972551e-13,4.372340757469935e-16,4.525281558382081e-16,1.1325303048709026e-05,9.670892092187005e-13,5.616474616801551e-16,1.136224823102281e-12,5.712401460774219e-16,5.563179146254175e-16,5.662431233890296e-10,5.948222675870154e-16,5.576637411953087e-16,6.475640378726212e-16,7.438036692530343e-16,6.242562005059737e-16,1.1252212507723554e-06,4.729117360270718e-16,4.5654354090509125e-16,5.127129094650643e-16,5.662430664595254e-10,5.494898786942998e-16,1.1252225393556784e-06,4.66924605377638e-16,5.747119265978213e-16,5.495323841193356e-16,5.532462668990576e-16,5.662431168184775e-10,5.217192775971975e-16
4.638823193017358e-06,4.877254223173917e-10,4.0137358988832244e-16,6.188747709248387e-16,4.877254666765351e-10,9.6008685261158e-13,4.877254669638076e-10,8.322383628963029e-13,8.322383632927686e-13,3.8939405505297276e-16,4.6174984586907365e-16,4.877254669094623e-10,8.322383636742761e-13,4.877254666225951e-10,4.944337015983385e-16,4.877259540074872e-10,4.874526257038138e-16,8.322383633181564e-13,7.466292573850366e-13,3.890644316013927e-16,9.670892092187005e-13,1.1325302756843398e-05,4.832837456495771e-16,9.758529721137243e-13,4.912921665185391e-16,4.782719944251555e-16,4.877255159147465e-10,5.11480439708175e-16,4.797685324423088e-16,5.564781464154986e-16,6.398312479678091e-16,5.365025001282502e-16,9.691934327592575e-07,4.058096445403384e-16,3.926456259565641e-16,4.4088230244036523e-16,4.877254669094623e-10,4.727208234877453e-16,9.691945434741531e-07,7.970769875805361e-13,4.944841846038508e-16,4.724905525606313e-16,4.759675242350947e-16,4.877255099839842e-10,4.488352122911587e-16
4.72318830454644e-06,5.301793055710253e-10,4.592958491080288e-16,6.946113998872502e-16,5.30179352700886e-10,5.572688707475726e-16,5.30179352561574e-10,4.840539663909713e-16,4.840539663909713e-16,4.461035901905433e-16,5.203190420910217e-16,5.30179352661148e-10,4.838818405389897e-16,5.30179352561574e-10,5.535606151916793e-16,5.301798724152496e-10,5.520113204330097e-16,4.840539663909713e-16,4.3358860459554704e-16,4.463232075500868e-16,5.616474616801551e-16,4.832837456495771e-16,1.1325303003255805e-05,5.66070597411209e-16,5.498274555923681e-16,5.37151068352601e-16,5.301794045012089e-10,5.77295764070771e-16,5.388838105597716e-16,6.305182108609591e-16,7.158337731563836e-16,1.214170718769541e-12,5.301806255271267e-10,4.643879458830283e-16,4.496618485859003e-16,4.999433594809166e-16,5.30179352700886e-10,5.317452456983596e-16,1.0535576762026422e-06,4.590146308400006e-16,5.535006360327813e-16,5.3097226573539e-16,5.350757496763816e-16,5.301793991534754e-10,1.007068062124719e-12
4.802020483956123e-06,5.6984875533259e-10,4.71306695399902e-16,7.25094247671123e-16,5.69848807136167e-10,1.1279540247491881e-12,5.698488069141154e-10,9.7788946800796e-13,9.778894684636211e-13,4.563384381231049e-16,5.408805698187198e-16,5.69848807136167e-10,9.77889468909149e-13,5.698488070934687e-10,5.793202222264413e-16,1.1323848398369858e-06,5.719359155591634e-16,9.778894684931888e-13,4.415852638008534e-16,4.565870417225824e-16,1.136224823102281e-12,9.758529721137243e-13,5.66070597411209e-16,1.1325303076210029e-05,5.75687953872256e-16,5.604847616989239e-16,5.698488638197845e-10,5.999440790913175e-16,5.61982042053025e-16,6.528839746240083e-16,7.494654478424756e-16,6.290397241791531e-16,1.132386469048342e-06,4.769081755076602e-16,4.607414657485001e-16,5.171546542629552e-16,5.698488072204668e-10,5.539843723299182e-16,1.1323877650729983e-06,4.712085161806113e-16,5.795085710547744e-16,5.542628779214628e-16,5.577647951166752e-16,5.698488573612286e-10,5.259703936722421e-16
4.736159857667344e-06,5.367067930383503e-10,4.667413939401009e-16,7.037481862063286e-16,5.367068402796842e-10,5.6681170511820935e-16,5.367068406706287e-10,4.920394437947528e-16,4.920394437947528e-16,4.542208962212219e-16,5.279302858916627e-16,5.36706840546447e-10,4.923679360644637e-16,5.36706840546447e-10,5.606121499525837e-16,5.367073662103331e-10,5.622377027484011e-16,4.920394437947528e-16,4.40529197701766e-16,4.538212680669802e-16,5.712401460774219e-16,4.912921665185391e-16,5.498274555923681e-16,5.75687953872256e-16,1.1325303035371459e-05,5.4530115425133885e-16,5.367068931284498e-10,5.865634533305943e-16,5.467576449058327e-16,6.411454987615504e-16,7.261821771987068e-16,6.205946189176442e-16,5.367081276579557e-10,4.715929022291656e-16,4.574222219909838e-16,1.0078785307632084e-12,5.367068406504083e-10,5.390122965638375e-16,1.0665289152162548e-06,4.664058159219656e-16,5.617254384838496e-16,5.389799987672944e-16,5.426909844275951e-16,5.367068872733867e-10,5.148380761066067e-16
4.715250503739899e-06,5.261848828687188e-10,4.550582385529763e-16,6.880843845313432e-16,5.261849293536283e-10,5.519823705638513e-16,5.261849294876923e-10,4.793728325429754e-16,4.794259934390219e-16,4.4226236663654015e-16,1.0244228686751679e-12,5.261849295630434e-10,4.79264668055465e-16,5.261849292704692e-10,5.481352453499926e-16,5.261854459303503e-10,5.485265411220448e-16,4.790614168177637e-16,8.528038419696343e-13,4.4209736492862777e-16,5.563179146254175e-16,4.782719944251555e-16,5.37151068352601e-16,5.604847616989239e-16,5.4530115425133885e-16,1.1325302986806721e-05,5.261849810604735e-10,5.725635449806604e-16,5.338847673185573e-16,6.257569735548023e-16,7.089459012910419e-16,6.055109749454845e-16,5.261861937678052e-10,4.59666424003529e-16,4.461061331766157e-16,4.951557815453309e-16,5.261849295630434e-10,5.267293771571032e-16,1.0456200720144806e-06,4.547356970280155e-16,5.481352453499926e-16,5.265863656605691e-16,5.298815950582692e-16,5.261849756755225e-10,5.024173712963586e-16
0.9999596420039559,0.9999277712116406,4.588178534030427e-10,1.3473907670223268e-06,0.9999278575185931,5.616719723193932e-10,0.9999278575185933,4.883186367591159e-10,4.883186368904876e-10,4.4774402733820755e-10,5.116005863786275e-10,0.9999278575185924,4.883186372561883e-10,0.9999278575185938,5.397719448550489e-10,0.9999288095147363,5.478115227130328e-10,4.883186370505154e-10,4.365296666982571e-10,4.4774402774430174e-10,5.662431233890296e-10,4.877255159147465e-10,5.301794045012089e-10,5.698488638197845e-10,5.367068931284498e-10,5.261849810604735e-10,0.9999392770946649,5.682266416126538e-10,5.271287429362738e-10,6.247147085256609e-10,6.973877781676535e-10,6.072966289836064e-10,0.999930197124217,4.6279163855246704e-10,4.507507438946463e-10,4.93630507631515e-10,0.9999278575185959,5.211127822855929e-10,0.9999313011914385,4.5801880324069565e-10,5.39771946305782e-10,5.211127823670351e-10,5.240801329723902e-10,0.9999279422070511,4.993241326601561e-10
4.7987966261842804e-06,5.682265347304436e-10,4.875829660626498e-16,7.390114439366001e-16,5.682265857278258e-10,5.908532535477223e-16,5.682265857173212e-10,5.124912453145905e-16,5.124912453145905e-16,4.731570633489629e-16,5.53232886258426e-16,5.682265856097583e-10,5.124895152849022e-16,5.682265856097583e-10,5.896767880436697e-16,1.1291612034453165e-06,1.1684063501700088e-12,5.124984758266053e-16,4.593675134917319e-16,4.734770844581327e-16,5.948222675870154e-16,5.11480439708175e-16,5.77295764070771e-16,5.999440790913175e-16,5.865634533305943e-16,5.725635449806604e-16,5.682266416126538e-10,1.1325303148065675e-05,5.729896254413135e-16,1.3331061609808913e-12,7.616386228328193e-16,1.289434016461913e-12,5.682279540720812e-10,4.924246083770074e-16,4.776080242361127e-16,5.312860261720888e-16,5.682265855760023e-10,5.661181431293708e-16,1.1291640913259199e-06,4.868152468623008e-16,5.896838154212085e-16,5.656163036120582e-16,5.697930101611963e-16,5.682266349797447e-10,5.382189151733763e-16
4.717125966389836e-06,5.271286443672359e-10,4.563396391470686e-16,6.894972220746081e-16,5.271286913361604e-10,5.533581371293843e-16,5.271286911442949e-10,4.805275539019471e-16,4.805275539019472e-16,4.433800174850982e-16,5.171014626723099e-16,5.271286911986344e-10,4.80650124982339e-16,5.271286912677356e-10,5.490648975876967e-16,5.271292081845385e-10,5.494531142436823e-16,4.803962291869438e-16,4.301016577867106e-16,4.433800174850982e-16,5.576637411953087e-16,4.797685324423088e-16,5.388838105597716e-16,5.61982042053025e-16,5.467576449058327e-16,5.338847673185573e-16,5.271287429362738e-10,5.729896254413135e-16,1.1325302992463112e-05,6.266956761711392e-16,7.11445156395964e-16,6.067893675093006e-16,5.271299572897611e-10,4.610229932479954e-16,4.469663037417659e-16,4.956510743093734e-16,5.271286912616165e-10,5.276885309151146e-16,1.0474954879898727e-06,4.556675789654556e-16,5.499580511723331e-16,5.279132360552803e-16,1.0558154423677267e-12,5.27128737001542e-10,5.034078839670922e-16
4.91105097422025e-06,6.247145907335802e-10,5.312002335628195e-16,8.083594782738942e-16,6.247146467100073e-10,6.426374231079945e-16,6.24714646830815e-10,5.577725632821316e-16,5.577725632821316e-16,5.154873113934321e-16,6.045273917552219e-16,6.24714646830815e-10,5.574900536627091e-16,6.24714646830815e-10,6.446672234049568e-16,1.241412425733052e-06,1.2747640617815248e-12,5.577803446288911e-16,4.995517577569487e-16,5.154998450924196e-16,6.475640378726212e-16,5.564781464154986e-16,6.305182108609591e-16,6.528839746240083e-16,6.411454987615504e-16,6.257569735548023e-16,6.247147085256609e-10,1.3331061609808913e-12,6.266956761711392e-16,1.1325303387324878e-05,8.341019256560697e-16,1.4059177746853847e-12,6.247161558872695e-10,5.369899207278686e-16,5.201869421305588e-16,5.799799141635259e-16,6.247146465005523e-10,6.186869971606587e-16,1.2414156087041588e-06,5.303802271674876e-16,6.44713427705866e-16,6.185042858225908e-16,6.228415336409545e-16,1.241411308726694e-06,1.1696378626445632e-12
5.055468341212502e-06,6.973876478366721e-10,6.078184479430212e-16,9.162707136465283e-16,6.973877100785792e-10,7.379228672871921e-16,6.973877101519485e-10,6.408654765234328e-16,6.408654765234328e-16,5.908630716311487e-16,6.873155753809685e-16,6.973877099913113e-10,6.408654765234328e-16,6.973877100785792e-10,7.306750927092902e-16,1.3858259391557042e-06,7.312720846990889e-16,6.410363198967561e-16,5.737848203130268e-16,5.905659160598359e-16,7.438036692530343e-16,6.398312479678091e-16,7.158337731563836e-16,7.494654478424756e-16,7.261821771987068e-16,7.089459012910419e-16,6.973877781676535e-10,7.616386228328193e-16,7.11445156395964e-16,8.341019256560697e-16,1.132530380303405e-05,8.083051113526987e-16,1.385827904155382e-06,6.134958045062785e-16,5.956553249520146e-16,6.605463244391754e-16,6.973877099913113e-10,7.017921304373515e-16,1.3858294674661281e-06,6.067094680017602e-16,7.306750927092902e-16,7.019201952211333e-16,7.059127368010198e-16,6.973877710494753e-10,6.697450449013034e-16
4.8764374099742015e-06,1.2067984917258557e-06,5.128199976921075e-16,7.827653535893786e-16,6.072965687603197e-10,6.196673042425804e-16,6.072965687603197e-10,5.376682545127113e-16,5.376682545127113e-16,4.971838177164777e-16,5.851296475193821e-16,6.07296568797794e-10,5.373511479848539e-16,6.072965687603197e-10,6.242811299518134e-16,1.20679979566012e-06,1.2320624149453705e-12,5.374131185238441e-16,4.8211461932729e-16,4.972784973853026e-16,6.242562005059737e-16,5.365025001282502e-16,1.214170718769541e-12,6.290397241791531e-16,6.205946189176442e-16,6.055109749454845e-16,6.072966289836064e-10,1.289434016461913e-12,6.067893675093006e-16,1.4059177746853847e-12,8.083051113526987e-16,1.1325303290940858e-05,6.072980389794197e-10,5.182018065365039e-16,9.970113533168e-13,1.113246267696607e-12,6.072965687603161e-10,5.982915694473082e-16,1.2068028958272063e-06,5.121641673998303e-16,6.244257107450874e-16,5.985289491578821e-16,6.021867581895628e-16,6.072966223852026e-10,1.1311541780529912e-12
0.9999618873946671,0.999930016539033,4.588189213289228e-10,1.3473938684963556e-06,0.9999301028461791,1.1161375981135518e-06,0.999930102846181,9.703720652944967e-07,9.703720654239263e-07,4.477450716990873e-10,5.116017681887031e-10,0.9999301028461803,9.703720656301113e-07,0.999930102846181,5.397731862812862e-10,0.9999310548444519,5.478127922292548e-10,9.703720653956131e-07,4.3653068725784045e-10,4.47745072391419e-10,1.1252212507723554e-06,9.691934327592575e-07,5.301806255271267e-10,1.132386469048342e-06,5.367081276579557e-10,5.261861937678052e-10,0.999930197124217,5.682279540720812e-10,5.271299572897611e-10,6.247161558872695e-10,1.385827904155382e-06,6.072980389794197e-10,0.9999437677560308,4.62792714768414e-10,4.507517944483211e-10,4.936316506487203e-10,0.9999301028461828,5.211139839510113e-10,0.9999335465267387,4.580198697254874e-10,5.397731875948271e-10,5.211139836187082e-10,5.240813412930619e-10,0.9999301875348268,4.993252873873957e-10
4.589273984186281e-06,4.6279155102992443e-10,7.725645052675019e-13,5.940885611107424e-16,4.6279159246604514e-10,4.694677290060209e-16,4.6279159252833344e-10,4.0728655550969904e-16,4.0752647414383963e-16,7.489544147051201e-13,4.44672036985938e-16,4.6279159249706865e-10,4.0728655550969904e-16,4.6279159256035624e-10,4.742115559384255e-16,4.62792051974526e-10,4.701638883417965e-16,4.073340331883397e-16,7.252351946189557e-13,7.489544160497298e-13,4.729117360270718e-16,4.058096445403384e-16,4.643879458830283e-16,4.769081755076602e-16,4.715929022291656e-16,4.59666424003529e-16,4.6279163855246704e-10,4.924246083770074e-16,4.610229932479954e-16,5.369899207278686e-16,6.134958045062785e-16,5.182018065365039e-16,4.62792714768414e-10,1.1325302707604636e-05,7.557174455694109e-13,4.2508923650714446e-16,4.6279159252833344e-10,4.54450324920015e-16,9.19646621575184e-07,7.716083733523068e-13,4.745745436250228e-16,4.545146459000406e-16,4.572619174205985e-16,4.627916335189542e-10,4.321370821934417e-16
4.565346083988738e-06,4.5075065824265087e-10,7.472010472572849e-13,5.765321594787069e-16,4.50750698884455e-10,4.535795309553159e-16,4.507506990348783e-10,3.932578281094225e-16,3.930272052196107e-16,7.239620316375823e-13,8.55122768203604e-13,4.507506990348783e-10,3.9338918794909365e-16,4.507506990322592e-10,4.603340237456147e-16,4.507511472447834e-10,4.552888300441356e-16,3.9318189009662266e-16,7.006277339568309e-13,7.239620329723972e-13,4.5654354090509125e-16,3.926456259565641e-16,4.496618485859003e-16,4.607414657485001e-16,4.574222219909838e-16,4.461061331766157e-16,4.507507438946463e-10,4.776080242361127e-16,4.469663037417659e-16,5.201869421305588e-16,5.956553249520146e-16,9.970113533168e-13,4.507517944483211e-10,7.557174455694109e-13,1.1325302661082482e-05,4.116720883644923e-16,4.5075069878040055e-10,4.403989220125748e-16,8.957192981986054e-07,7.463075414576599e-13,4.603179801143021e-16,4.4026401078908124e-16,4.434079055957058e-16,4.50750738802749e-10,4.188791036257045e-16
4.6505576093132445e-06,4.936304142937901e-10,4.2080390194175104e-16,1.2709110808682968e-12,4.936304589078243e-10,5.089260015620282e-16,4.93630458895367e-10,4.4151187514694285e-16,4.4170064856927827e-16,4.084220178704684e-16,4.782270946237821e-16,4.936304589389419e-10,4.4187218609108887e-16,4.936304590070831e-10,5.097318865292649e-16,4.936309461123758e-10,5.082103173044596e-16,4.415058256967702e-16,3.956938218589939e-16,4.084220178704684e-16,5.127129094650643e-16,4.4088230244036523e-16,4.999433594809166e-16,5.171546542629552e-16,1.0078785307632084e-12,4.951557815453309e-16,4.93630507631515e-10,5.312860261720888e-16,4.956510743093734e-16,5.799799141635259e-16,6.605463244391754e-16,1.113246267696607e-12,4.936316506487203e-10,4.2508923650714446e-16,4.116720883644923e-16,1.1325302841727177e-05,4.936304589389419e-10,9.724836500281506e-13,9.809287473424355e-07,4.2009928762815484e-16,5.088865929430014e-16,9.724836499180649e-13,4.922515000116338e-16,4.936305022978463e-10,4.660671703024472e-16
0.9999595477234954,0.9999276769338326,4.58817807526596e-10,6.780466161903114e-10,0.9999277632407786,5.616719158976464e-10,0.9999277632407797,4.883185879975118e-10,4.883185879179279e-10,4.477439827485132e-10,5.116005364281133e-10,0.9999277632407773,4.883185881528627e-10,0.9999277632407778,5.397718922643205e-10,0.9999287152368334,5.478114687407526e-10,4.883185881642104e-10,4.365296231523404e-10,4.4774398308575684e-10,5.662430664595254e-10,4.877254669094623e-10,5.30179352700886e-10,5.698488072204668e-10,5.367068406504083e-10,5.261849295630434e-10,0.9999278575185959,5.682265855760023e-10,5.271286912616165e-10,6.247146465005523e-10,6.973877099913113e-10,6.072965687603161e-10,0.9999301028461828,4.6279159252833344e-10,4.5075069878040055e-10,4.936304589389419e-10,0.9999390885389978,5.211127311921886e-10,0.9999312069133027,4.580187583343219e-10,5.39771893366236e-10,5.211127305519678e-10,5.240800812861479e-10,0.9999278479292283,4.993240837736824e-10
4.705170926086846e-06,5.211126845899998e-10,4.496811862312264e-16,6.799179678898268e-16,5.2111273093987e-10,5.454934333804045e-16,5.211127311079488e-10,4.733552666332537e-16,4.73439971963347e-16,4.369719653568738e-16,5.100933355202945e-16,5.2111273093987e-10,4.735563471110852e-16,5.211127313264048e-10,5.426859094897419e-16,5.211132429304585e-10,5.413990010177927e-16,4.732903215992969e-16,4.2426465550465677e-16,4.3686683099512315e-16,5.494898786942998e-16,4.727208234877453e-16,5.317452456983596e-16,5.539843723299182e-16,5.390122965638375e-16,5.267293771571032e-16,5.211127822855929e-10,5.661181431293708e-16,5.276885309151146e-16,6.186869971606587e-16,7.017921304373515e-16,5.982915694473082e-16,5.211139839510113e-10,4.54450324920015e-16,4.403989220125748e-16,9.724836500281506e-13,5.211127311921886e-10,1.132530295865432e-05,1.0355407422309764e-06,4.490323665700373e-16,5.426492417168379e-16,1.0354653377445999e-12,5.243246474302921e-16,5.211127767276719e-10,4.965442263326606e-16
0.9999629914928404,0.9999311206060555,9.117500288160088e-07,1.3473953902979485e-06,0.9999312069132997,1.1161388760951995e-06,0.9999312069133003,9.703731771402374e-07,9.703731772696685e-07,8.897444371404739e-07,1.0166383778156297e-06,0.9999312069132995,9.703731774758545e-07,0.9999312069133001,1.0726196995969961e-06,0.9999321589126169,1.0885957482911854e-06,9.703731772413547e-07,8.674595787917477e-07,8.897444381011895e-07,1.1252225393556784e-06,9.691945434741531e-07,1.0535576762026422e-06,1.1323877650729983e-06,1.0665289152162548e-06,1.0456200720144806e-06,0.9999313011914385,1.1291640913259199e-06,1.0474954879898727e-06,1.2414156087041588e-06,1.3858294674661281e-06,1.2068028958272063e-06,0.9999335465267387,9.19646621575184e-07,8.957192981986054e-07,9.809287473424355e-07,0.9999312069133027,1.0355407422309764e-06,0.9999459758969917,9.101621792087443e-07,1.072619702097929e-06,1.035540741443779e-06,1.0414373777190775e-06,0.9999312916020392,9.922429563198671e-07
4.579789312630407e-06,4.580187163119891e-10,7.630261453659457e-13,5.874509881520538e-16,4.580187580080853e-10,4.631974368100144e-16,4.5801875795399413e-10,4.020777188930763e-16,4.020687470228625e-16,7.395866624159037e-13,4.383342039533028e-16,4.580187580080853e-10,4.020758222001108e-16,4.580187583343219e-10,4.690363657466902e-16,4.580192125703502e-10,4.650335468285434e-16,4.020687470228625e-16,7.160424698822183e-13,7.395866637543129e-13,4.66924605377638e-16,7.970769875805361e-13,4.590146308400006e-16,4.712085161806113e-16,4.664058159219656e-16,4.547356970280155e-16,4.5801880324069565e-10,4.868152468623008e-16,4.556675789654556e-16,5.303802271674876e-16,6.067094680017602e-16,5.121641673998303e-16,4.580198697254874e-10,7.716083733523068e-13,7.463075414576599e-13,4.2009928762815484e-16,4.580187583343219e-10,4.490323665700373e-16,9.101621792087443e-07,1.132530268766314e-05,4.69084016306682e-16,4.491024264791318e-16,4.526160461508105e-16,4.5801879835358665e-10,4.2717805505718973e-16
