0.9999999940964648,-6.67772621550736e-06,0.9999909418247767,0.9999909418247759,-6.665493280311875e-06,-6.7341819771021945e-06,-6.68185547047357e-06,0.9999909418247735,0.9999909418247745,0.9999909418247761,0.9999909418247751,-6.733169396180215e-06,-6.678819057043719e-06,0.9999909418247741,0.9999907891109098,0.9999908031802011,-6.664163834883152e-06,-6.681855470369885e-06,-6.678819057375063e-06,0.9999907733074257,-6.663037886283047e-06,-6.662806880012422e-06,-6.675009842188097e-06,-6.672330256304146e-06,-6.681855470873549e-06,-6.669240759171561e-06,-6.726400805695667e-06,-6.675009842389622e-06,-6.734181980722652e-06,0.9999909418247743,-6.669240756733454e-06,-6.677726215284776e-06,-6.675009843752762e-06,-6.6692407569136085e-06,0.9999909418247743,-6.8005359254798934e-06,-6.800535924324925e-06,-6.6724348160698395e-06,0.9999909418247757,-6.734181977849645e-06,0.9999909418247735,0.9999909418247757,0.9999909418247759,-6.800535922810187e-06,-6.6750098437439345e-06,-6.6818554697960285e-06,-6.801767867353311e-06,-6.746253721384701e-06,-6.678819056395702e-06,-6.801767867357638e-06,-6.678819057061584e-06,0.9999909418247753,-6.801767867352771e-06,-6.6724348171688105e-06,-6.80176786735247e-06,-6.800535923243929e-06,-6.6818554701946625e-06,-6.664163833445049e-06,-6.668209122797881e-06,-6.6818554698692325e-06,-6.678819057267152e-06,-6.668209120557713e-06
-6.67772621550736e-06,-3.615288417827126e-06,-3.627344698799954e-10,-3.6273446979581543e-10,5.055505002812241e-13,2.791411152843714e-16,2.604881676792313e-16,-3.627344698860061e-10,-3.627344698860061e-10,-3.627344698860061e-10,-3.627344698799954e-10,2.791119772211719e-16,2.594983957930189e-16,-3.62734469818328e-10,-7.221673550712051e-07,-3.6273443350537185e-10,2.5318371375600646e-16,2.607839318199854e-16,2.594098699790337e-16,-3.627344261214683e-10,2.5330458768876564e-16,2.529339642030291e-16,2.5791262924921594e-16,2.5646671228534656e-16,2.604915720484728e-16,2.548874403349977e-16,2.7622078740501536e-16,2.5769551185633717e-16,2.7935636566758264e-16,-3.6273446979581543e-10,2.548874403349977e-16,5.152351924389172e-13,2.5774890417303297e-16,2.554964456334651e-16,-3.627344698732686e-10,3.0354181630960294e-16,3.034481373431649e-16,5.110673788433211e-13,-3.627344698799954e-10,2.791411152843714e-16,-3.6273446981609723e-10,-3.6273446979581543e-10,-3.627344698799954e-10,3.034881481655389e-16,2.5791262924921594e-16,2.604915720484728e-16,3.0402670278158453e-16,2.8418929078213603e-16,2.5932638368517395e-16,3.0412378195743883e-16,2.594098699790337e-16,-3.6273446981609723e-10,3.0402670278158453e-16,5.110673789223517e-13,3.0399810864684836e-16,3.034881481655389e-16,2.605655986702055e-16,2.5327126311940337e-16,2.5476820645050845e-16,2.604881676792313e-16,2.594098699790337e-16,2.5476820645050845e-16
0.9999909418247767,-3.627344698799954e-10,0.9999829657571958,0.9999865810450842,-3.565900840873033e-10,-3.910911097231858e-10,-3.648085269098834e-10,0.9999865810450845,0.9999865810450844,0.9999865810450845,0.9999865810450852,-3.9058251574243544e-10,-3.632833871372936e-10,0.9999865810450842,0.9999864283342046,0.9999864424032373,-3.5592232416814614e-10,-3.648085268195438e-10,-3.6328338755014964e-10,0.9999864125310928,-3.553568037064502e-10,-3.552407514768863e-10,-3.6137008637452233e-10,-3.600241739938199e-10,-3.6480852677582913e-10,-3.5847237346377763e-10,-3.871827631697573e-10,-3.6137008733330774e-10,-3.910911093285792e-10,0.999986581045085,-3.584723734412515e-10,-3.627344683811976e-10,-3.613700871110006e-10,-3.584723731620472e-10,0.999986581045083,-4.244194132348669e-10,-4.244194132489521e-10,-3.6007669503925476e-10,0.9999865810450832,-3.910911091244579e-10,0.9999865810450845,0.9999865810450845,0.999986581045083,-4.244194132530654e-10,-3.613700866553343e-10,-3.648085266477327e-10,-4.2503819695070104e-10,-3.971545347293712e-10,-3.632833872001536e-10,-4.250381969511891e-10,-3.632833873801193e-10,0.9999865810450845,-4.2503819712716886e-10,-3.600766954021048e-10,-4.2503819705067223e-10,-4.2441941329344854e-10,-3.6480852713117936e-10,-3.5592232434906977e-10,-3.5795420139632005e-10,-3.6480852653949944e-10,-3.632833883488834e-10,-3.5795420080027644e-10
0.9999909418247759,-3.6273446979581543e-10,0.9999865810450842,0.9999829657571994,-3.565900839246524e-10,-3.910911096221027e-10,-3.648085269098834e-10,0.9999865810450822,0.9999865810450834,0.9999865810450828,0.9999865810450828,-3.905825158028265e-10,-3.6328338714147775e-10,0.9999865810450822,0.9999864283342023,0.9999864424032373,-3.5592232411052376e-10,-3.6480852657184567e-10,-3.632833873867031e-10,0.9999864125310922,-3.5535680370424275e-10,-3.5524075140166353e-10,-3.613700864668466e-10,-3.6002417408603615e-10,-3.648085269487351e-10,-3.5847237346377763e-10,-3.8718276303461123e-10,-3.6137008733330774e-10,-3.9109110947910164e-10,0.9999865810450835,-3.584723735195243e-10,-3.62734468552264e-10,-3.613700872095931e-10,-3.584723731620472e-10,0.999986581045083,-4.244194131653329e-10,-4.244194132489521e-10,-3.6007669502080305e-10,0.9999865810450816,-3.910911092844367e-10,0.9999865810450822,0.9999865810450835,0.9999865810450828,-4.244194132530654e-10,-3.613700867046554e-10,-3.6480852671767704e-10,-4.2503819695070104e-10,-3.97154534764932e-10,-3.632833872001536e-10,-4.2503819712074797e-10,-3.6328338740709325e-10,0.9999865810450828,-4.2503819701548025e-10,-3.600766954021048e-10,-4.2503819703443695e-10,-4.2441941327341996e-10,-3.6480852710459057e-10,-3.5592232432336596e-10,-3.579542014076865e-10,-3.648085265617356e-10,-3.6328338841812794e-10,-3.5795420075474475e-10
-6.665493280311875e-06,5.055505002812241e-13,-3.565900840873033e-10,-3.565900839246524e-10,-3.615288434978056e-06,2.742546972282554e-16,2.5539264932967734e-16,-3.565900841179102e-10,-3.565900839886357e-10,-3.565900839499373e-10,-3.5659008400404587e-10,2.736893823601341e-16,2.543352568276559e-16,-3.565900840593498e-10,-7.099345138576902e-07,-3.5659005008586184e-10,2.485547222544469e-16,2.5560157705075985e-16,2.5431014608607594e-16,-3.5659004333875493e-10,2.490515770170323e-16,2.4783722109342335e-16,2.531171460400373e-16,2.518468383013075e-16,2.555364719324297e-16,2.505150770458187e-16,2.711632942059598e-16,2.5328150165677245e-16,2.7424157572828497e-16,-3.5659008406487896e-10,2.505150770458187e-16,5.055504949799185e-13,2.5328150165677245e-16,2.5070335301379097e-16,-3.565900839333708e-10,2.9798944949361893e-16,2.979419925559744e-16,2.5155795507050894e-16,-3.56590084096263e-10,2.742718339144214e-16,-3.565900839827565e-10,-3.565900839827565e-10,-3.565900839827565e-10,2.9790336377738896e-16,2.531171460400373e-16,2.5539264932967734e-16,2.9858273293982537e-16,2.791993210818484e-16,2.541934362033037e-16,2.9858273293982537e-16,2.541934362033037e-16,-3.565900839827565e-10,2.9847097809430953e-16,2.5155795507050894e-16,2.9840314710607393e-16,2.9790336377738896e-16,2.555900844248265e-16,2.485547222544469e-16,2.503560262038885e-16,2.5560157705075985e-16,2.5431014608607594e-16,2.503560262038885e-16
-6.7341819771021945e-06,2.791411152843714e-16,-3.910911097231858e-10,-3.910911096221027e-10,2.742546972282554e-16,-3.6152883349302075e-06,2.811345238587523e-16,-3.910911096415703e-10,-3.9109110968903667e-10,-3.910911096221027e-10,-3.910911096826868e-10,5.998329670789623e-13,2.8001640473922464e-16,-3.910911096826868e-10,-7.786225308647741e-07,-3.9109106905196003e-10,2.7345438470268073e-16,2.8125682387740024e-16,2.7972746555567764e-16,-7.786225230159086e-07,5.446070178036191e-13,2.7287424647746327e-16,2.785888185604478e-16,2.7686986316410795e-16,2.8110578000724975e-16,2.7561507364521075e-16,5.937596545820494e-13,2.785888185604478e-16,6.003866439289388e-13,-3.910911096426759e-10,2.7561507364521075e-16,2.794426494875222e-16,2.7850663434697673e-16,2.7561507364521075e-16,-3.910911096415703e-10,3.2753192127256854e-16,3.2760112506804846e-16,2.7686280681275485e-16,-3.9109110968903667e-10,6.003866441910904e-13,-3.910911096221027e-10,-3.910911096826868e-10,-3.910911096221027e-10,3.276570485635312e-16,2.785264729078891e-16,2.8117855038444064e-16,3.280879237867059e-16,6.106970354851517e-13,2.7972746555567764e-16,3.280879237867059e-16,2.7972746555567764e-16,-3.910911096415703e-10,3.280879237867059e-16,2.77108901054309e-16,3.2827652263365894e-16,3.275480854012972e-16,2.8117855038444064e-16,2.7345438470268073e-16,2.753889316428546e-16,2.8110578000724975e-16,2.7999046731744443e-16,2.753889316428546e-16
-6.68185547047357e-06,2.604881676792313e-16,-3.648085269098834e-10,-3.648085269098834e-10,2.5539264932967734e-16,2.811345238587523e-16,-3.6152884097713113e-06,-3.648085269015582e-10,-3.6480852681873923e-10,-3.6480852680304627e-10,-3.6480852678155007e-10,2.8116138815044975e-16,2.609846519610147e-16,-3.648085267823655e-10,-7.262965883566453e-07,-3.6480848920544566e-10,2.550323473671274e-16,5.221987575912112e-13,2.6076118357833657e-16,-3.6480848158659694e-10,2.549891693881678e-16,2.54501339882074e-16,2.593998116940888e-16,2.5836568571775395e-16,5.221987577309929e-13,2.573005405068518e-16,2.782343831391373e-16,2.593998116940888e-16,2.8117855038444064e-16,-3.6480852688423017e-10,2.573493601867167e-16,2.604881676792313e-16,2.5939585588190403e-16,2.572672149376042e-16,-3.6480852680292927e-10,3.0553226352007963e-16,3.0553226352007963e-16,2.5846932022726206e-16,-3.6480852680304627e-10,2.8105299435925434e-16,-3.648085268029643e-10,-3.648085269098834e-10,-3.6480852680304627e-10,3.0553226352007963e-16,2.5939585588190403e-16,5.221987575284326e-13,3.0605154133119906e-16,2.8602365481591767e-16,2.607672582017857e-16,3.0601847252196427e-16,2.6095483267223767e-16,-3.6480852688423017e-10,3.058558606166228e-16,2.5845200738195576e-16,3.058558606166228e-16,3.0553226352007963e-16,5.221987584313508e-13,2.5514422557631197e-16,2.5665599910282134e-16,5.221987571723059e-13,2.608054443665519e-16,2.569585804961974e-16
0.9999909418247735,-3.627344698860061e-10,0.9999865810450845,0.9999865810450822,-3.565900841179102e-10,-3.910911096415703e-10,-3.648085269015582e-10,0.9999829657571965,0.9999865810450834,0.9999865810450819,0.9999865810450826,-3.905825157690425e-10,-3.632833871372936e-10,0.9999865810450826,0.9999864283342028,0.9999864424032352,-3.5592232416814614e-10,-3.648085267643102e-10,-3.632833874316432e-10,0.9999864125310912,-3.553568037064502e-10,-3.5524075152221864e-10,-3.61370086385552e-10,-3.600241739938199e-10,-3.648085270337337e-10,-3.584723734256497e-10,-3.871827632122123e-10,-3.613700873147694e-10,-3.9109110932644515e-10,0.9999865810450826,-3.584723734412515e-10,-3.62734468558436e-10,-3.613700871110006e-10,-3.584723731700711e-10,0.9999865810450812,-4.244194132348669e-10,-4.244194131700691e-10,-3.6007669503925476e-10,0.9999865810450812,-3.9109110928747853e-10,0.9999865810450822,0.9999865810450814,0.9999865810450814,-4.244194132530654e-10,-3.613700866553343e-10,-3.6480852658179076e-10,-4.2503819700635515e-10,-3.9715453476838654e-10,-3.632833872271054e-10,-4.250381969540036e-10,-3.63283387402809e-10,0.9999865810450819,-4.2503819701548025e-10,-3.6007669543840895e-10,-4.250381970276768e-10,-4.2441941335925515e-10,-3.648085270709204e-10,-3.5592232434906977e-10,-3.5795420133811083e-10,-3.648085266813939e-10,-3.6328338846274156e-10,-3.579542007798647e-10
0.9999909418247745,-3.627344698860061e-10,0.9999865810450844,0.9999865810450834,-3.565900839886357e-10,-3.9109110968903667e-10,-3.6480852681873923e-10,0.9999865810450834,0.9999829657571975,0.9999865810450826,0.9999865810450835,-3.9058251577484716e-10,-3.632833870988033e-10,0.9999865810450828,0.9999864283342031,0.9999864424032365,-3.5592232402709344e-10,-3.648085267567045e-10,-3.63283387484786e-10,0.9999864125310912,-3.5535680368452463e-10,-3.552407514768863e-10,-3.6137008637452233e-10,-3.600241740451254e-10,-3.6480852694221605e-10,-3.5847237346377763e-10,-3.871827631697573e-10,-3.613700873177332e-10,-3.910911093285792e-10,0.9999865810450826,-3.5847237348424843e-10,-3.627344683811976e-10,-3.613700872298721e-10,-3.584723730080468e-10,0.9999865810450816,-4.2441941323347396e-10,-4.244194132090222e-10,-3.6007669502080305e-10,0.9999865810450814,-3.910911092844367e-10,0.999986581045083,0.9999865810450826,0.9999865810450819,-4.244194132787712e-10,-3.613700867046554e-10,-3.648085267080485e-10,-4.2503819695070104e-10,-3.9715453475365905e-10,-3.6328338730077355e-10,-4.2503819704263436e-10,-3.63283387402809e-10,0.9999865810450826,-4.2503819701548025e-10,-3.6007669543840895e-10,-4.2503819703443695e-10,-4.244194133954872e-10,-3.64808527182557e-10,-3.5592232431154224e-10,-3.579542013707857e-10,-3.648085266813939e-10,-3.632833883488834e-10,-3.5795420080027644e-10
0.9999909418247761,-3.627344698860061e-10,0.9999865810450845,0.9999865810450828,-3.565900839499373e-10,-3.910911096221027e-10,-3.6480852680304627e-10,0.9999865810450819,0.9999865810450826,0.9999829657571963,0.9999865810450832,-3.9058251579237585e-10,-3.632833871010365e-10,0.9999865810450828,0.9999864283342031,0.9999864424032368,-3.5592232416814614e-10,-3.6480852673711103e-10,-3.6328338745358385e-10,0.9999864125310914,-3.5535680362886163e-10,-3.552407514768863e-10,-3.61370086352071e-10,-3.600241739938199e-10,-3.648085270375065e-10,-3.584723734093158e-10,-3.871827631697573e-10,-3.613700873147694e-10,-3.910911093285792e-10,0.9999865810450835,-3.5847237341949286e-10,-3.6273446851138985e-10,-3.613700871110006e-10,-3.5847237297964985e-10,0.9999865810450828,-4.244194132348669e-10,-4.244194132489521e-10,-3.600766950293277e-10,0.9999865810450832,-3.9109110928747853e-10,0.9999865810450819,0.9999865810450835,0.9999865810450819,-4.244194132852459e-10,-3.613700866553343e-10,-3.6480852658179076e-10,-4.2503819700979865e-10,-3.97154534764932e-10,-3.6328338723133035e-10,-4.250381968996413e-10,-3.6328338745655395e-10,0.9999865810450838,-4.250381970771441e-10,-3.600766954563114e-10,-4.2503819702176123e-10,-4.2441941335925515e-10,-3.64808527182557e-10,-3.559223244063746e-10,-3.5795420133811083e-10,-3.648085266813939e-10,-3.632833884965807e-10,-3.5795420078713916e-10
0.9999909418247751,-3.627344698799954e-10,0.9999865810450852,0.9999865810450828,-3.5659008400404587e-10,-3.910911096826868e-10,-3.6480852678155007e-10,0.9999865810450826,0.9999865810450835,0.9999865810450832,0.9999829657571957,-3.9058251574243544e-10,-3.6328338715789666e-10,0.9999865810450828,0.999986428334203,0.9999864424032368,-3.5592232414426513e-10,-3.648085268195438e-10,-3.63283387478142e-10,0.9999864125310922,-3.5535680368452463e-10,-3.5524075148862953e-10,-3.61370086385552e-10,-3.6002417408322585e-10,-3.648085268626092e-10,-3.584723734256497e-10,-3.871827632122123e-10,-3.613700873468383e-10,-3.9109110929410337e-10,0.9999865810450835,-3.584723734545559e-10,-3.627344683811976e-10,-3.613700871110006e-10,-3.5847237306069753e-10,0.9999865810450828,-4.244194131653329e-10,-4.244194132489521e-10,-3.6007669503925476e-10,0.9999865810450822,-3.910911092146758e-10,0.9999865810450826,0.9999865810450835,0.9999865810450819,-4.2441941331053504e-10,-3.613700866817451e-10,-3.6480852666860465e-10,-4.2503819695070104e-10,-3.971545347539355e-10,-3.632833873733851e-10,-4.2503819712074797e-10,-3.6328338745655395e-10,0.9999865810450832,-4.2503819705517933e-10,-3.600766954021048e-10,-4.2503819699972907e-10,-4.244194133954872e-10,-3.64808527182557e-10,-3.559223242580395e-10,-3.579542014076865e-10,-3.648085266813939e-10,-3.6328338852337886e-10,-3.579542007798647e-10
-6.733169396180215e-06,2.791119772211719e-16,-3.9058251574243544e-10,-3.905825158028265e-10,2.736893823601341e-16,5.998329670789623e-13,2.8116138815044975e-16,-3.905825157690425e-10,-3.9058251577484716e-10,-3.9058251579237585e-10,-3.9058251574243544e-10,-3.6152883352220883e-06,2.796484351398689e-16,-3.9058251579237585e-10,-7.776099712365851e-07,-3.9058247492832084e-10,2.735907143794593e-16,2.809267340233386e-16,2.796413940146234e-16,-7.776099632544122e-07,5.441350054889445e-13,2.7268221057689134e-16,2.7812670195750336e-16,2.7670244938077904e-16,2.8116138815044975e-16,2.7546746546574104e-16,5.932326944010374e-13,2.779837535590693e-16,5.998329668189775e-13,-3.905825158028265e-10,2.7546746546574104e-16,2.792239347920487e-16,2.7816880794346103e-16,2.7547147973108994e-16,-3.9058251574243544e-10,3.2719566475301333e-16,3.272011256864357e-16,2.7696187587842184e-16,-3.9058251584691036e-10,5.99832967073072e-13,-3.9058251574243544e-10,-3.9058251574243544e-10,-3.9058251577484716e-10,3.2719566475301333e-16,2.780160554803139e-16,2.8094190334178705e-16,6.526607374139107e-13,6.10100919077284e-13,2.7974075171309724e-16,6.526607374467294e-13,2.796413940146234e-16,-3.9058251586379736e-10,6.526607374008729e-13,2.768612616141108e-16,6.526607374545335e-13,3.272011256864357e-16,2.809267340233386e-16,2.734118212803772e-16,2.74804632626955e-16,2.8094800814012283e-16,2.7974075171309724e-16,2.748690897718331e-16
-6.678819057043719e-06,2.594983957930189e-16,-3.632833871372936e-10,-3.6328338714147775e-10,2.543352568276559e-16,2.8001640473922464e-16,2.609846519610147e-16,-3.632833871372936e-10,-3.632833870988033e-10,-3.632833871010365e-10,-3.6328338715789666e-10,2.796484351398689e-16,-3.615288415298993e-06,-3.6328338707220427e-10,-7.232601923608243e-07,-3.632833503094733e-10,2.540489215038188e-16,2.60780522191469e-16,5.171985621117763e-13,-3.632833428837914e-10,2.5386886514110885e-16,2.5336780447956303e-16,2.5819662318343305e-16,2.5704401270980786e-16,2.60927573251302e-16,2.5622615418893195e-16,2.767258232723261e-16,2.583882611430249e-16,2.8001640473922464e-16,-3.63283387203508e-10,2.561120802387909e-16,2.5932638368517395e-16,2.5819662318343305e-16,2.5622615418893195e-16,-3.6328338714147775e-10,3.0413881271560344e-16,3.0433921652219135e-16,2.572793632984591e-16,-3.6328338702893445e-10,2.7972746555567764e-16,-3.632833872222804e-10,-3.632833871372936e-10,-3.632833870988033e-10,3.0401257874542876e-16,2.5821313939219193e-16,2.609846519610147e-16,3.0450939463647347e-16,2.847479921750525e-16,5.171985616399114e-13,3.0450939463647347e-16,5.171985619658017e-13,-3.632833871372936e-10,3.0450939463647347e-16,2.574764951183098e-16,3.0455283648481906e-16,3.0417069876473024e-16,2.6076118357833657e-16,2.5384323900484004e-16,2.555343922058131e-16,2.607672582017857e-16,5.171985625287601e-13,2.554973339285037e-16
0.9999909418247741,-3.62734469818328e-10,0.9999865810450842,0.9999865810450822,-3.565900840593498e-10,-3.910911096826868e-10,-3.648085267823655e-10,0.9999865810450826,0.9999865810450828,0.9999865810450828,0.9999865810450828,-3.9058251579237585e-10,-3.6328338707220427e-10,0.9999829657571982,0.9999864283342028,0.9999864424032368,-3.5592232409618696e-10,-3.648085267596052e-10,-3.6328338745957905e-10,0.9999864125310907,-3.5535680362886163e-10,-3.5524075140359035e-10,-3.6137008644525424e-10,-3.600241740306016e-10,-3.648085269143378e-10,-3.5847237343890823e-10,-3.8718276303461123e-10,-3.61370087326126e-10,-3.910911093303994e-10,0.9999865810450826,-3.584723735229478e-10,-3.627344685547816e-10,-3.6137008708176264e-10,-3.584723732268648e-10,0.9999865810450819,-4.244194131653329e-10,-4.24419413144749e-10,-3.600766951275551e-10,0.9999865810450819,-3.9109110928747853e-10,0.9999865810450826,0.9999865810450835,0.9999865810450819,-4.2441941327307756e-10,-3.6137008672140197e-10,-3.6480852658887437e-10,-4.250381969558737e-10,-3.9715453476838654e-10,-3.6328338727758256e-10,-4.250381970875395e-10,-3.632833874183385e-10,0.9999865810450826,-4.250381970753456e-10,-3.6007669547833934e-10,-4.2503819707248824e-10,-4.244194132932182e-10,-3.648085271605107e-10,-3.559223243188097e-10,-3.5795420128659495e-10,-3.648085265375979e-10,-3.6328338846274156e-10,-3.5795420078713916e-10
0.9999907891109098,-7.221673550712051e-07,0.9999864283342046,0.9999864283342023,-7.099345138576902e-07,-7.786225308647741e-07,-7.262965883566453e-07,0.9999864283342028,0.9999864283342031,0.9999864283342031,0.999986428334203,-7.776099712365851e-07,-7.232601923608243e-07,0.9999864283342028,0.9999826603353108,0.9999862896922654,-7.08605072497689e-07,-7.262965880152475e-07,-7.232601929451099e-07,0.9999862598200961,-7.074791750259333e-07,-7.072481311535331e-07,-7.194510070883982e-07,-7.167714349580118e-07,-7.262965886197453e-07,-7.136819590621294e-07,-7.708414147950729e-07,-7.19451008929578e-07,-7.786225303677611e-07,0.9999864283342026,-7.136819590075165e-07,-7.221673524225664e-07,-7.194510086527284e-07,-7.136819583156318e-07,0.9999864283342028,-8.449757823047587e-07,-8.449757822559133e-07,-7.168759983471078e-07,0.9999864283342026,-7.786225299193373e-07,0.9999864283342031,0.9999864283342038,0.9999864283342024,-8.449757824305887e-07,-7.194510076083081e-07,-7.262965878986064e-07,-8.462077172837744e-07,-7.906941873456291e-07,-7.232601926068391e-07,-8.462077175177022e-07,-7.232601929404222e-07,0.9999864283342028,-8.462077174075181e-07,-7.168759991572737e-07,-8.462077174712433e-07,-8.449757825960107e-07,-7.262965887916985e-07,-7.086050728937309e-07,-7.126503317683316e-07,-7.26296587769285e-07,-7.232601948362847e-07,-7.126503305085366e-07
0.9999908031802011,-3.6273443350537185e-10,0.9999864424032373,0.9999864424032373,-3.5659005008586184e-10,-3.9109106905196003e-10,-3.6480848920544566e-10,0.9999864424032352,0.9999864424032365,0.9999864424032368,0.9999864424032368,-3.9058247492832084e-10,-3.632833503094733e-10,0.9999864424032368,0.9999862896922654,0.9999826884733913,-3.55922290452534e-10,-3.6480848904052994e-10,-3.6328335060578375e-10,0.9999862738891371,-3.5535676864478196e-10,-3.552407179800047e-10,-3.613700503692526e-10,-3.6002413897796743e-10,-3.648084893261272e-10,-3.5847233887221775e-10,-3.8718272430869827e-10,-3.613700512971198e-10,-3.9109106880222893e-10,0.9999864424032353,-3.5847233884472775e-10,-3.6273443217481715e-10,-3.6137005116482564e-10,-3.584723384973327e-10,0.9999864424032353,-8.449757918396494e-07,-8.449757917908032e-07,-3.600766597517966e-10,0.9999864424032361,-3.910910685751604e-10,0.9999864424032361,0.9999864424032373,0.999986442403236,-8.449757919654795e-07,-3.613700506304285e-10,-3.6480848896237135e-10,-8.462077268633759e-07,-3.971544916939162e-10,-3.632833504330138e-10,-8.462077270973024e-07,-3.632833506056209e-10,0.9999864424032365,-8.462077269871188e-07,-3.6007666015782877e-10,-8.462077270508447e-07,-8.449757921309018e-07,-3.648084894160637e-10,-3.559222906481037e-10,-3.579541670603195e-10,-3.648084889060155e-10,-3.632833515499527e-10,-3.5795416642607673e-10
-6.664163834883152e-06,2.5318371375600646e-16,-3.5592232416814614e-10,-3.5592232411052376e-10,2.485547222544469e-16,2.7345438470268073e-16,2.550323473671274e-16,-3.5592232416814614e-10,-3.5592232402709344e-10,-3.5592232416814614e-10,-3.5592232414426513e-10,2.735907143794593e-16,2.540489215038188e-16,-3.5592232409618696e-10,-7.08605072497689e-07,-3.55922290452534e-10,-3.6152884388553255e-06,2.5501408666884297e-16,2.5384323900484004e-16,-3.5592228382848984e-10,2.481245112078302e-16,2.4737828493596377e-16,2.5221537989998957e-16,2.5165297089411237e-16,2.549652952740417e-16,2.498500268348807e-16,2.702937052181305e-16,2.5221537989998957e-16,2.7345438470268073e-16,-3.5592232414426513e-10,2.498500268348807e-16,2.5318371375600646e-16,2.5216075591459937e-16,2.501827556914125e-16,-3.5592232402709344e-10,2.973150673660251e-16,2.974733253859232e-16,2.5120513802906316e-16,-3.5592232416814614e-10,2.7345438470268073e-16,-3.5592232416814614e-10,-3.5592232416814614e-10,-3.5592232398636224e-10,2.974733253859232e-16,2.5221537989998957e-16,2.5520932252391356e-16,2.9782712256937487e-16,2.7843423985388033e-16,2.5401793092660244e-16,2.978540534375384e-16,2.5401793092660244e-16,-3.5592232416814614e-10,2.9781202003373246e-16,2.5130791214420058e-16,2.979037358848509e-16,2.974733253859232e-16,2.549652952740417e-16,4.937160588336068e-13,2.497214785662993e-16,2.5514422557631197e-16,2.5384323900484004e-16,2.497214785662993e-16
-6.681855470369885e-06,2.607839318199854e-16,-3.648085268195438e-10,-3.6480852657184567e-10,2.5560157705075985e-16,2.8125682387740024e-16,5.221987575912112e-13,-3.648085267643102e-10,-3.648085267567045e-10,-3.6480852673711103e-10,-3.648085268195438e-10,2.809267340233386e-16,2.60780522191469e-16,-3.648085267596052e-10,-7.262965880152475e-07,-3.6480848904052994e-10,2.5501408666884297e-16,-3.6152884097713113e-06,2.6076118357833657e-16,-3.6480848139817983e-10,2.5506106356828427e-16,2.5453523219591016e-16,2.594733954752584e-16,2.5836568571775395e-16,5.221987576672837e-13,2.572465990085548e-16,2.780891355956354e-16,2.5929470256637e-16,2.8125682387740024e-16,-3.648085267567045e-10,2.5720082361118254e-16,2.604915720484728e-16,2.5939585588190403e-16,2.572063111195558e-16,-3.648085267412178e-10,3.0553226352007963e-16,3.0553226352007963e-16,2.5845200738195576e-16,-3.648085267567045e-10,2.8103711455269516e-16,-3.6480852677454323e-10,-3.6480852676029644e-10,-3.648085267567045e-10,3.0553871240168867e-16,2.595279207381192e-16,5.221987574647231e-13,3.0601847252196427e-16,2.8605678506917733e-16,2.6082902555096286e-16,3.058558606166228e-16,2.607672582017857e-16,-3.648085267567045e-10,3.0599428504640537e-16,2.584511450469494e-16,3.0605154133119906e-16,3.0553226352007963e-16,5.221987583676414e-13,2.5514422557631197e-16,2.5714871501898067e-16,5.221987571085968e-13,2.6076118357833657e-16,2.566512012250782e-16
-6.678819057375063e-06,2.594098699790337e-16,-3.6328338755014964e-10,-3.632833873867031e-10,2.5431014608607594e-16,2.7972746555567764e-16,2.6076118357833657e-16,-3.632833874316432e-10,-3.63283387484786e-10,-3.6328338745358385e-10,-3.63283387478142e-10,2.796413940146234e-16,5.171985621117763e-13,-3.6328338745957905e-10,-7.232601929451099e-07,-3.6328335060578375e-10,2.5384323900484004e-16,2.6076118357833657e-16,-3.615288415298993e-06,-3.6328334310858533e-10,2.5387893049019747e-16,2.5336780447956303e-16,2.5846240352613594e-16,2.5721228454759604e-16,2.6074952152152285e-16,2.5622615418893195e-16,2.767258232723261e-16,2.584603583385711e-16,2.7997778987257374e-16,-3.6328338746119996e-10,2.561120802387909e-16,2.594098699790337e-16,2.5821228589324864e-16,2.5622615418893195e-16,-3.6328338745150897e-10,3.0433921652219135e-16,3.0401257872168794e-16,2.573998742088191e-16,-3.6328338752487064e-10,2.7997778987257374e-16,-3.632833874316432e-10,-3.632833874937011e-10,-3.632833874316432e-10,3.0433921652219135e-16,2.5846240352613594e-16,2.6082902555096286e-16,3.0454860736847257e-16,2.8473825074538563e-16,5.171985620755414e-13,3.0450939463647347e-16,5.171985624014325e-13,-3.632833873867031e-10,3.0450939463647347e-16,2.574764951183098e-16,3.0456457081799603e-16,3.0401257872168794e-16,2.60927573251302e-16,2.538557467931171e-16,2.5580832203974824e-16,2.60780522191469e-16,5.171985629643908e-13,2.555343922058131e-16
0.9999907733074257,-3.627344261214683e-10,0.9999864125310928,0.9999864125310922,-3.5659004333875493e-10,-7.786225230159086e-07,-3.6480848158659694e-10,0.9999864125310912,0.9999864125310912,0.9999864125310914,0.9999864125310922,-7.776099632544122e-07,-3.632833428837914e-10,0.9999864125310907,0.9999862598200961,0.9999862738891371,-3.5592228382848984e-10,-3.6480848139817983e-10,-3.6328334310858533e-10,0.9999826287290474,-3.5535676158942594e-10,-3.552407113322164e-10,-3.613700430782658e-10,-3.6002413189584074e-10,-3.6480848172161303e-10,-3.5847233192590616e-10,-7.708414074192777e-07,-3.6137004400590236e-10,-7.786225225188947e-07,0.9999864125310922,-3.584723319123341e-10,-3.627344248714079e-10,-3.6137004386599675e-10,-3.5847233151169686e-10,0.9999864125310907,-8.449757733489903e-07,-8.449757733001437e-07,-3.600766526723521e-10,0.9999864125310908,-7.786225220704708e-07,0.9999864125310912,0.9999864125310918,0.999986412531091,-8.449757734748204e-07,-3.6137004333949247e-10,-3.6480848135751966e-10,-8.462077082575683e-07,-7.906941787443811e-07,-3.632833429613595e-10,-8.462077084914959e-07,-3.632833431280287e-10,0.9999864125310914,-8.462077083813122e-07,-3.600766530335234e-10,-8.462077084450375e-07,-8.449757736402428e-07,-3.6480848179412363e-10,-3.5592228398965037e-10,-3.579541602133089e-10,-3.6480848127265476e-10,-3.6328334411614653e-10,-3.5795415961435337e-10
-6.663037886283047e-06,2.5330458768876564e-16,-3.553568037064502e-10,-3.5535680370424275e-10,2.490515770170323e-16,5.446070178036191e-13,2.549891693881678e-16,-3.553568037064502e-10,-3.5535680368452463e-10,-3.5535680362886163e-10,-3.5535680368452463e-10,5.441350054889445e-13,2.5386886514110885e-16,-3.5535680362886163e-10,-7.074791750259333e-07,-3.5535676864478196e-10,2.481245112078302e-16,2.5506106356828427e-16,2.5387893049019747e-16,-3.5535676158942594e-10,-3.6152884389311917e-06,2.471775009396375e-16,2.521283464155109e-16,2.5171713020720393e-16,2.550167069733532e-16,2.499517455180496e-16,2.7081656065032703e-16,2.527932151554264e-16,5.446070175869537e-13,-3.553568037064502e-10,2.499517455180496e-16,2.5343890378282705e-16,2.5212834641551083e-16,2.499517455180496e-16,-3.5535680378288555e-10,2.9722396138307285e-16,2.9722068422491724e-16,2.5103232554755095e-16,-3.553568037260187e-10,5.446070178539876e-13,-3.5535680362886163e-10,-3.553568036611363e-10,-3.553568037064502e-10,2.9722068422491724e-16,2.5212834641551083e-16,2.5506106356828427e-16,2.976483480573958e-16,5.540923625642801e-13,2.538974508428563e-16,2.976483480573958e-16,2.5394370517917665e-16,-3.5535680367624176e-10,2.97673380276201e-16,2.510818013298605e-16,2.976483480573958e-16,2.972391989974658e-16,2.5517074203071e-16,2.481245112078302e-16,2.494557902825144e-16,2.5502508327043614e-16,2.5401836528094017e-16,2.4978591841241675e-16
-6.662806880012422e-06,2.529339642030291e-16,-3.552407514768863e-10,-3.5524075140166353e-10,2.4783722109342335e-16,2.7287424647746327e-16,2.54501339882074e-16,-3.5524075152221864e-10,-3.552407514768863e-10,-3.552407514768863e-10,-3.5524075148862953e-10,2.7268221057689134e-16,2.5336780447956303e-16,-3.5524075140359035e-10,-7.072481311535331e-07,-3.552407179800047e-10,2.4737828493596377e-16,2.5453523219591016e-16,2.5336780447956303e-16,-3.552407113322164e-10,2.471775009396375e-16,-3.615288440454019e-06,2.5203773786362865e-16,4.990693716318768e-13,2.5481162408885535e-16,2.496700091313924e-16,2.69808498680255e-16,2.517570129328927e-16,2.7294556843056827e-16,-3.5524075149231064e-10,2.4930809318917596e-16,2.5287889715418343e-16,2.5168990731873117e-16,2.4930809318917596e-16,-3.552407514890972e-10,2.9669391025978687e-16,2.967079809575303e-16,2.505054857998667e-16,-3.5524075149655526e-10,2.7294556843056827e-16,-3.552407514768863e-10,-3.552407514768863e-10,-3.552407514768863e-10,2.9669391025978687e-16,2.5213226952151627e-16,2.54501339882074e-16,2.9717395061845195e-16,2.7787252313252766e-16,2.5336780447956303e-16,2.9721982473306565e-16,2.5336780447956303e-16,-3.5524075149655526e-10,2.974066360637477e-16,2.5080000736089794e-16,2.9717395061845195e-16,2.966812543552465e-16,2.545625845132786e-16,2.477003266123358e-16,2.4940847997009736e-16,2.54501339882074e-16,2.5336780447956303e-16,2.4897726082131943e-16
-6.675009842188097e-06,2.5791262924921594e-16,-3.6137008637452233e-10,-3.613700864668466e-10,2.531171460400373e-16,2.785888185604478e-16,2.593998116940888e-16,-3.61370086385552e-10,-3.6137008637452233e-10,-3.61370086352071e-10,-3.61370086385552e-10,2.7812670195750336e-16,2.5819662318343305e-16,-3.6137008644525424e-10,-7.194510070883982e-07,-3.613700503692526e-10,2.5221537989998957e-16,2.594733954752584e-16,2.5846240352613594e-16,-3.613700430782658e-10,2.521283464155109e-16,2.5203773786362865e-16,-3.6152884214427947e-06,2.560123800392225e-16,2.5957809009416807e-16,2.5401688854397064e-16,2.7530663182057624e-16,5.112459739087195e-13,2.785888185604478e-16,-3.6137008632230826e-10,2.54094471922819e-16,2.575832528991701e-16,5.112459738957325e-13,2.5441847655672044e-16,-3.61370086352071e-10,3.0235028211612315e-16,3.0235028211612315e-16,2.557117476961286e-16,-3.6137008632230826e-10,2.785264729078891e-16,-3.613700864668466e-10,-3.6137008634619067e-10,-3.613700863400867e-10,3.0235028211612315e-16,5.112459734753251e-13,2.594191717016066e-16,3.029123684893716e-16,5.636796216335793e-13,2.5846240352613594e-16,3.0284127405128784e-16,2.5808965888993074e-16,-3.613700864668466e-10,3.0284127405128784e-16,2.559187400354762e-16,3.029213060757369e-16,3.0232946352041507e-16,2.594801373936253e-16,2.5224143910382085e-16,2.539284784117206e-16,2.594191717016066e-16,2.5819662318343305e-16,2.539417733664613e-16
-6.672330256304146e-06,2.5646671228534656e-16,-3.600241739938199e-10,-3.6002417408603615e-10,2.518468383013075e-16,2.7686986316410795e-16,2.5836568571775395e-16,-3.600241739938199e-10,-3.600241740451254e-10,-3.600241739938199e-10,-3.6002417408322585e-10,2.7670244938077904e-16,2.5704401270980786e-16,-3.600241740306016e-10,-7.167714349580118e-07,-3.6002413897796743e-10,2.5165297089411237e-16,2.5836568571775395e-16,2.5721228454759604e-16,-3.6002413189584074e-10,2.5171713020720393e-16,4.990693716318768e-13,2.560123800392225e-16,-3.615288426047729e-06,2.583916348534715e-16,2.5289352630031016e-16,2.739651942250067e-16,2.5604213170965715e-16,2.7719832564541203e-16,-3.600241739938199e-10,2.531434980450928e-16,2.5646671228534656e-16,2.560116101430212e-16,2.531434980450928e-16,-3.6002417408603615e-10,3.011115473858974e-16,3.009931318470915e-16,2.5465692474018737e-16,-3.6002417405311565e-10,2.7725801545501424e-16,-3.6002417408322585e-10,-3.6002417408603615e-10,-3.6002417403551165e-10,3.009260665456805e-16,2.5567616271413885e-16,2.5857961477196676e-16,3.016450959349234e-16,2.8176507461634153e-16,2.570676874350347e-16,3.015428951772008e-16,2.5704401270980786e-16,-3.6002417403551165e-10,3.015931670306602e-16,2.5465692474018737e-16,3.015768545170156e-16,3.011115473858974e-16,2.5850193093368093e-16,2.5165297089411237e-16,5.033152946555853e-13,2.5836568571775395e-16,2.5704401270980786e-16,5.03315294399684e-13
-6.681855470873549e-06,2.604915720484728e-16,-3.6480852677582913e-10,-3.648085269487351e-10,2.555364719324297e-16,2.8110578000724975e-16,5.221987577309929e-13,-3.648085270337337e-10,-3.6480852694221605e-10,-3.648085270375065e-10,-3.648085268626092e-10,2.8116138815044975e-16,2.60927573251302e-16,-3.648085269143378e-10,-7.262965886197453e-07,-3.648084893261272e-10,2.549652952740417e-16,5.221987576672837e-13,2.6074952152152285e-16,-3.6480848172161303e-10,2.550167069733532e-16,2.5481162408885535e-16,2.5957809009416807e-16,2.583916348534715e-16,-3.6152884097713113e-06,2.572063111195558e-16,2.7819744939359486e-16,2.594801373936253e-16,2.812556110583235e-16,-3.6480852694221605e-10,2.572672149376042e-16,2.6088855817487474e-16,2.594191717016066e-16,2.572063111195558e-16,-3.6480852694221605e-10,3.0548793366973807e-16,3.0553226352007963e-16,2.584511450469494e-16,-3.648085269487351e-10,2.8125682387740024e-16,-3.648085268626092e-10,-3.6480852694221605e-10,-3.648085270262802e-10,3.0546368808744397e-16,2.5939585588190403e-16,5.221987576045046e-13,3.058558606166228e-16,2.860122348641875e-16,2.60927573251302e-16,3.0589102724260163e-16,2.60780522191469e-16,-3.64808527027362e-10,3.058558606166228e-16,2.5843071451163244e-16,3.058558606166228e-16,3.0546368808744397e-16,5.221987585074231e-13,2.5520932252391356e-16,2.5702771545191497e-16,5.22198757248378e-13,2.609846519610147e-16,2.566512012250782e-16
-6.669240759171561e-06,2.548874403349977e-16,-3.5847237346377763e-10,-3.5847237346377763e-10,2.505150770458187e-16,2.7561507364521075e-16,2.573005405068518e-16,-3.584723734256497e-10,-3.5847237346377763e-10,-3.584723734093158e-10,-3.584723734256497e-10,2.7546746546574104e-16,2.5622615418893195e-16,-3.5847237343890823e-10,-7.136819590621294e-07,-3.5847233887221775e-10,2.498500268348807e-16,2.572465990085548e-16,2.5622615418893195e-16,-3.5847233192590616e-10,2.499517455180496e-16,2.496700091313924e-16,2.5401688854397064e-16,2.5289352630031016e-16,2.572063111195558e-16,-3.6152884321973886e-06,2.728059934304264e-16,2.543233060533947e-16,2.7556174164138847e-16,-3.5847237345374977e-10,5.016925690347605e-13,2.5553084500212783e-16,2.54094471922819e-16,5.016925682724728e-13,-3.584723734210976e-10,2.9952980261240286e-16,2.9963759858597887e-16,2.530959132192916e-16,-3.5847237346377763e-10,2.756401339076498e-16,-3.584723734362529e-10,-3.584723734256497e-10,-3.5847237345410535e-10,2.9963759858597887e-16,2.5454327529198823e-16,2.573005405068518e-16,3.0020317660989146e-16,2.8063208294798445e-16,2.5622615418893195e-16,2.999462460754816e-16,2.5622615418893195e-16,-3.5847237338270023e-10,3.0008235964310005e-16,2.533844995795022e-16,3.0007925221517923e-16,2.9963759858597887e-16,2.572672149376042e-16,2.501827556914125e-16,2.5178162069939567e-16,2.5720082361118254e-16,2.561120802387909e-16,2.5178162069939567e-16
-6.726400805695667e-06,2.7622078740501536e-16,-3.871827631697573e-10,-3.8718276303461123e-10,2.711632942059598e-16,5.937596545820494e-13,2.782343831391373e-16,-3.871827632122123e-10,-3.871827631697573e-10,-3.871827631697573e-10,-3.871827632122123e-10,5.932326944010374e-13,2.767258232723261e-16,-3.8718276303461123e-10,-7.708414147950729e-07,-3.8718272430869827e-10,2.702937052181305e-16,2.780891355956354e-16,2.767258232723261e-16,-7.708414074192777e-07,2.7081656065032703e-16,2.69808498680255e-16,2.7530663182057624e-16,2.739651942250067e-16,2.7819744939359486e-16,2.728059934304264e-16,-3.6152883434772384e-06,2.7535697403344675e-16,5.937596543393504e-13,-3.871827632041882e-10,2.7256405609915027e-16,2.762225433634976e-16,2.7509508188154397e-16,2.7256877483158336e-16,-3.871827631709445e-10,3.239733305708392e-16,3.240474555816516e-16,2.741192461756909e-16,-3.8718276303461123e-10,5.937596546191159e-13,-3.871827632019031e-10,-3.8718276318042595e-10,-3.8718276303461123e-10,3.23940471239735e-16,2.7530663182057624e-16,2.782343831391373e-16,3.244291507650921e-16,6.040468171271522e-13,2.7683407776292784e-16,3.244881176146814e-16,2.7675001579191035e-16,-3.871827633302746e-10,3.2443100109582867e-16,2.7409258194807747e-16,3.2468226495177084e-16,3.240474555816516e-16,2.78340129673088e-16,2.702912341668534e-16,2.7224920241556144e-16,2.781761111513388e-16,2.7690477528967914e-16,2.7232272564547997e-16
-6.675009842389622e-06,2.5769551185633717e-16,-3.6137008733330774e-10,-3.6137008733330774e-10,2.5328150165677245e-16,2.785888185604478e-16,2.593998116940888e-16,-3.613700873147694e-10,-3.613700873177332e-10,-3.613700873147694e-10,-3.613700873468383e-10,2.779837535590693e-16,2.583882611430249e-16,-3.61370087326126e-10,-7.19451008929578e-07,-3.613700512971198e-10,2.5221537989998957e-16,2.5929470256637e-16,2.584603583385711e-16,-3.6137004400590236e-10,2.527932151554264e-16,2.517570129328927e-16,5.112459739087195e-13,2.5604213170965715e-16,2.594801373936253e-16,2.543233060533947e-16,2.7535697403344675e-16,-3.6152884214427947e-06,2.785888185604478e-16,-3.6137008735883097e-10,2.543233060533947e-16,2.577894011000132e-16,5.112459747466661e-13,2.545480897906583e-16,-3.6137008740574674e-10,3.0235028211612315e-16,3.0233347610464832e-16,2.557117476961286e-16,-3.6137008729435576e-10,2.785264729078891e-16,-3.613700872469717e-10,-3.6137008735883097e-10,-3.6137008729435576e-10,3.0233347610464832e-16,5.112459743262581e-13,2.594191717016066e-16,3.029123684893716e-16,5.636796226578364e-13,2.5820855132817397e-16,3.0300561954278516e-16,2.5821228589324864e-16,-3.6137008729435576e-10,3.0281257757975503e-16,2.558039184307303e-16,3.0284127405128784e-16,3.0233347610464832e-16,2.5939585588190403e-16,2.5224143910382085e-16,2.539284784117206e-16,2.594191717016066e-16,2.5808965888993074e-16,2.539417733664613e-16
