0.9999999990183089,-5.864036992288738e-06,-4.070285581191638e-06,-4.009681612110553e-06,-5.114583811941675e-06,-4.320807797438443e-06,0.5966584577208893,0.40335960014236283,-4.048287566719079e-06,-3.935654498459505e-06,-3.952182159040205e-06,0.5966561812780027,1.0000185754724358,-4.258294056883309e-06,-4.1309607787001114e-06,-4.010332628692565e-06,-4.426759816552309e-06,-3.9284700300705185e-06,-3.982215678810616e-06,-4.130960778699589e-06,-4.069515832920587e-06,-4.069515829903293e-06,-3.963806530806513e-06,-5.1145838129108495e-06,0.596658650833056,-3.972594144475994e-06,-6.9669269675091e-06,-4.996380290267335e-06,-4.28532108668312e-06,-4.191627739286628e-06,-4.2108461826717865e-06,0.4033637968836001,-4.182887457851471e-06,0.4033634573631735,0.4033625748088647,-5.295112623616264e-06,1.0000167787012315,0.5966572153772913,-4.1759481012172225e-06,-4.694447791479452e-06,0.40336379688359875,-4.4589386666316825e-06,0.5966568654122754
-5.864036992288738e-06,-6.3775324763602855e-06,-1.9885479370161968e-14,-2.1313507737728004e-14,-3.1148224683055255e-14,-1.8457610961029412e-14,-1.8763809847125103e-06,-7.863853638056682e-10,-2.1735711830720263e-14,-3.531276795963485e-15,-8.842202624397774e-15,-9.446569276437952e-10,-3.4384541816016555e-06,-3.893869827816727e-14,-5.677707899375477e-14,-3.602741750754652e-14,-3.519486579441201e-14,-7.0093928857254e-15,-1.3659027935597677e-14,-5.677707899375477e-14,-5.057937404370734e-14,-5.057937404370734e-14,-1.647348651852299e-14,-3.1148097293651106e-14,-9.445418030559548e-10,-1.134620813080351e-14,-1.7409258954173602e-14,-9.879586543469616e-14,-2.8429803223241435e-14,-3.142498594095286e-14,-7.065726033211511e-14,-7.862566777277311e-10,-7.84175691449977e-15,-7.862719382897774e-10,-1.5619967725637178e-06,-5.300010933549181e-15,-3.4387976626226618e-06,-1.876482584654402e-06,-1.7384285958846404e-14,-5.332579297065244e-14,-7.862566777277311e-10,-6.333796870710893e-14,-9.446230712886293e-10
-4.070285581191638e-06,-1.9885479370161968e-14,-6.377520304860176e-06,-1.7775645396804257e-14,-2.6164849133359637e-14,-1.5646982544984865e-14,-4.2114318048135677e-10,-4.0685130622324293e-10,-1.8141327161679046e-14,-3.5629446929034564e-15,-7.804149165369886e-15,-4.2122990217677533e-10,-8.279514669208433e-10,-6.344840277530599e-11,-4.61133465199213e-14,-2.9512884505134285e-14,-2.905086035093529e-14,-6.329130360976343e-15,-1.1665194411574258e-14,-4.6113086286032557e-14,-4.113376044039184e-14,-4.1133940161923446e-14,-1.3900812911194963e-14,-2.616500027697331e-14,-4.211372736881995e-10,-9.809164746563118e-15,-1.6039097335750225e-14,-8.003962176217125e-14,-2.3598256481852422e-14,-5.15004116873572e-11,-1.1363804188209332e-10,-4.0674689420189214e-10,-7.132332043328668e-15,-4.067592111589016e-10,-4.0677515119885077e-10,-5.5998447522656076e-15,-1.6450300800421763e-06,-4.211844143617066e-10,-1.472813953990805e-14,-4.365811208709853e-14,-4.0674689420189214e-10,-5.1495277665274365e-14,-4.2120265036283313e-10
-4.009681612110553e-06,-2.1313507737728004e-14,-1.7775645396804257e-14,-6.377524765021503e-06,-2.788645605818326e-14,-1.670435684267964e-14,-4.0668143018461104e-10,-3.907995578268117e-10,-3.8357911409254445e-11,-3.894530434642639e-15,-8.380066542669788e-15,-4.067733572128422e-10,-7.974356790349249e-10,-3.394265901640286e-14,-4.890432796806574e-14,-3.134132975523445e-14,-3.0886262876167e-14,-6.818531878432581e-15,-1.2465033875834719e-14,-4.890424553062148e-14,-4.363436913631837e-14,-4.363436913631837e-14,-1.4828074194949174e-14,-2.788629342134707e-14,-4.066751695510917e-10,-2.0851694833450745e-11,-1.7311427100301856e-14,-8.484480566107224e-14,-2.511366875591372e-14,-2.7580007100279597e-14,-6.067174424512951e-14,-3.9068881773637625e-10,-7.69325406857153e-15,-3.9070187477498194e-10,-3.907187993171336e-10,-6.1512063347385895e-15,-1.5844255216700845e-06,-4.0672517221039797e-10,-1.5724581012976904e-14,-4.636692566285259e-14,-3.906888179261477e-10,-5.462211474360489e-14,-4.067444918248982e-10
-5.114583811941675e-06,-3.1148224683055255e-14,-2.6164849133359637e-14,-2.788645605818326e-14,-6.3775684813017445e-06,-2.452673266320104e-14,-7.978087146390299e-10,-5.558236494160728e-10,-2.846584348198518e-14,-5.574184871611106e-15,-1.2234634179624957e-14,-1.5851469926235095e-06,-2.688906510003675e-06,-5.009877341653398e-14,-7.235792033212304e-14,-4.631300949136811e-14,-4.556816308643889e-14,-9.915014633882026e-15,-1.8290587231028078e-14,-7.235795325950478e-14,-6.45432970854729e-14,-6.45432970854729e-14,-2.1804489545032934e-14,-8.131947363877895e-11,-7.977994592885929e-10,-1.5382955225866056e-14,-2.474854024395251e-14,-1.2550691078707414e-13,-3.707666363723537e-14,-4.0736570014534886e-14,-8.98190334913494e-14,-5.556602009533727e-10,-1.1231151970181999e-14,-5.556795733218412e-10,-5.557044566704518e-10,-8.613532416318492e-15,-2.6893378110418014e-06,-7.978738263539284e-10,-2.314827004816323e-14,-6.865054331626913e-14,-5.556602009257089e-10,-8.078644673096856e-14,-7.979025055905347e-10
-4.320807797438443e-06,-1.8457610961029412e-14,-1.5646982544984865e-14,-1.670435684267964e-14,-2.452673266320104e-14,-6.377516255647258e-06,-5.069260521964584e-10,-8.883481588477032e-07,-3.383328039624682e-11,-3.191715963348914e-15,-7.224818480634197e-15,-1.007190576154786e-06,-9.540692079788882e-10,-3.015134803540477e-14,-4.3644084456577395e-14,-2.7866675052425617e-14,-2.7375607896162382e-14,-5.825837805733123e-15,-1.0890645602202923e-14,-4.3643967649668086e-14,-3.891958883833917e-14,-3.8919656917251954e-14,-1.3020093718166919e-14,-2.452673266320104e-14,-5.069204793318363e-10,-9.131085963580968e-15,-1.4628522789175608e-14,-7.579612429864011e-14,-2.220883906934587e-14,-2.444403597432829e-14,-5.420601118599431e-14,-4.470855219840587e-10,-6.55987738217672e-15,-4.470972194225297e-10,-4.4711235066425937e-10,-4.947457506291325e-15,-1.895554470081603e-06,-5.069652400635734e-10,-1.3790807923470101e-14,-4.1244671809105684e-14,-4.470855218931416e-10,-4.8729634438235514e-14,-5.069825939504037e-10
0.5966584577208893,-1.8763809847125103e-06,-4.2114318048135677e-10,-4.0668143018461104e-10,-7.978087146390299e-10,-5.069260521964584e-10,0.5966630188843225,-1.167019303684615e-09,-4.076597751239495e-10,-4.0059284274932186e-10,-3.978467392328231e-10,0.59666867570418,0.5966667946885168,-5.179392087174602e-10,-4.2746758991686265e-10,-3.9402977947374303e-10,-5.211226114536085e-10,-3.994260706405226e-10,-4.0744321687194524e-10,-4.274675901410514e-10,-4.1567875008957675e-10,-4.15678749898473e-10,-3.9547235063683597e-10,-7.978087146317085e-10,0.596669485229812,-4.014604363539675e-10,-1.7131838793362943e-09,-7.510829353271193e-10,-4.048741935498316e-10,-4.0023020244256647e-10,-4.3192768189659655e-10,3.608016203012862e-10,-3.8771571994770713e-10,3.3631955916159986e-10,-6.155922089609044e-11,-1.9029548615934693e-06,0.5966665341965832,0.5966696340352203,-3.902894294695669e-10,-3.870531228225982e-10,3.608016201179397e-10,-5.292056924719104e-10,0.5966694339122676
0.40335960014236283,-7.863853638056682e-10,-4.0685130622324293e-10,-3.907995578268117e-10,-5.558236494160728e-10,-8.883481588477032e-07,-1.167019303684615e-09,0.4033648299399986,-4.092531664869393e-10,-3.597009545990449e-10,-3.707438495269981e-10,-3.8731710718869005e-06,0.40336726431847136,-4.046135468966606e-10,-4.309099062197524e-10,-4.037150580360847e-10,-9.659537190166e-07,-3.572360458054821e-10,-3.762449490119123e-10,-4.3090990598784324e-10,-4.1179500732226185e-10,-4.117950072527513e-10,-3.7893667598975884e-10,-5.558236485081446e-10,-1.114571612943638e-09,-3.773944351440225e-10,-5.729535471016462e-10,-1.0781995307423078e-06,-1.0555058382002215e-06,-4.887965577782325e-10,-4.666029305633948e-10,0.4033723679769464,-9.873358704405443e-07,0.4033720772225033,0.40337198524019596,-4.866941100464267e-10,0.40336572952924576,-3.797896108376212e-06,-9.752014137125567e-07,-1.499820181813706e-06,0.4033723679769455,-9.818324744312e-07,-3.947540128554543e-06
-4.048287566719079e-06,-2.1735711830720263e-14,-1.8141327161679046e-14,-3.8357911409254445e-11,-2.846584348198518e-14,-3.383328039624682e-11,-4.076597751239495e-10,-4.092531664869393e-10,-6.377526326809934e-06,-3.958707696803956e-15,-1.6958045239295152e-11,-4.0775362305529805e-10,-8.168666331453374e-10,-3.46613757730563e-14,-4.9944699813915335e-14,-3.200149836309074e-14,-3.153131719707072e-14,-6.946557009239357e-15,-1.2716220075903045e-14,-4.9944699813915335e-14,-4.456027853397526e-14,-4.4560326602722106e-14,-1.513037345737591e-14,-2.8465846547682253e-14,-4.0765337586914646e-10,-1.0709670483392489e-14,-1.7667682048917485e-14,-8.66645870395615e-14,-2.5629369079859895e-14,-2.8152797513135768e-14,-6.196861385625968e-14,-4.091400882405084e-10,-7.831172338373615e-15,-4.0915341418461994e-10,-4.091706851584188e-10,-6.259676721167021e-15,-1.6230318660400006e-06,-4.077043947345992e-10,-1.6036980378155752e-14,-4.733059062807887e-14,-4.091400882405084e-10,-5.578154212831133e-14,-4.077241184154715e-10
-3.935654498459505e-06,-3.531276795963485e-15,-3.5629446929034564e-15,-3.894530434642639e-15,-5.574184871611106e-15,-3.191715963348914e-15,-4.0059284274932186e-10,-3.597009545990449e-10,-3.958707696803956e-15,-6.377487569947418e-06,-1.295831382896849e-15,-4.006147662745208e-10,-7.602811557149658e-10,-7.511131554033243e-15,-1.130010032282848e-14,-6.979317296943921e-15,-6.661791346291413e-15,-9.226155953459208e-16,-2.2934114671640155e-15,-1.130011080977557e-14,-1.0026635414699818e-14,-1.0026635414699818e-14,-2.890049115549177e-15,-5.574184871611106e-15,-4.0059142162002364e-10,-1.814894590086706e-15,-2.1213561091730802e-15,-1.9837623349148444e-14,-1.045295217108406e-11,-5.931604787573978e-15,-1.4172661211305271e-14,-3.5967508359663967e-10,-9.807700126955505e-16,-3.596781754930236e-10,-3.5968213715720896e-10,-1.2096094440415733e-16,-1.5103976772608225e-06,-4.006031344034425e-10,-2.9958835759208312e-15,-1.0312698094254214e-14,-3.596750838274545e-10,-1.2575340062058468e-14,-4.0060787332921295e-10
-3.952182159040205e-06,-8.842202624397774e-15,-7.804149165369886e-15,-8.380066542669788e-15,-1.2234634179624957e-14,-7.224818480634197e-15,-3.978467392328231e-10,-3.707438495269981e-10,-1.6958045239295152e-11,-1.295831382896849e-15,-6.3774939673645e-06,-3.978895330155233e-10,-7.685682015601977e-10,-1.5395846406758975e-14,-2.2513686515367732e-14,-1.424521628505951e-14,-1.3888394630052443e-14,-2.684323899675044e-15,-5.329914283179387e-15,-2.25134204963624e-14,-2.00486174640215e-14,-2.0048661700973333e-14,-6.452163430074964e-15,-1.2234583160709789e-14,-3.978438757747699e-10,-4.409397919850281e-15,-6.673901528330768e-15,-3.9223957377260456e-14,-1.1185090306382142e-14,-1.2388033367231578e-14,-2.8036952460866393e-14,-3.7069265237337195e-10,-2.9856544826509855e-15,-3.706987148723695e-10,-3.7070654966087755e-10,-1.9319424446231903e-15,-1.5269254983077945e-06,-3.9786699761726387e-10,-6.793905025988666e-15,-2.106103206716227e-14,-3.706926523948247e-10,-2.5114673241791324e-14,-3.978760847189221e-10
0.5966561812780027,-9.446569276437952e-10,-4.2122990217677533e-10,-4.067733572128422e-10,-1.5851469926235095e-06,-1.007190576154786e-06,0.59666867570418,-3.8731710718869005e-06,-4.0775362305529805e-10,-4.006147662745208e-10,-3.978895330155233e-10,0.5966615766914919,0.5966645195836165,-5.181015596856212e-10,-4.2769900915608135e-10,-3.941793449250331e-10,-1.035523945522557e-06,-3.994615577445881e-10,-4.0750506427995185e-10,-4.2769900944085756e-10,-4.158855347233148e-10,-4.158855348032069e-10,-3.955451204901257e-10,-1.5851469925758535e-06,0.5966687646230566,-4.0151313414473567e-10,-3.4034862968862395e-06,-1.4928492401519842e-06,-4.049954542533436e-10,-4.003627329326892e-10,-4.3221395098401087e-10,-4.213657210643214e-10,-3.8775580479633153e-10,-4.459090754176964e-10,-8.438684533938436e-10,-1.903026659337141e-06,0.5966642577344037,0.5966689129606656,-3.903667961391006e-10,-3.8727403316385713e-10,-4.2136572093886713e-10,-1.0518003247709227e-06,0.5966687126566333
1.0000185754724358,-3.4384541816016555e-06,-8.279514669208433e-10,-7.974356790349249e-10,-2.688906510003675e-06,-9.540692079788882e-10,0.5966667946885168,0.40336726431847136,-8.168666331453374e-10,-7.602811557149658e-10,-7.685682015601977e-10,0.5966645195836165,1.000025773205805,-9.224746676743977e-10,-8.582672105120463e-10,-7.976727202183604e-10,-1.00730061197541e-09,-7.566432053360662e-10,-7.836568983725324e-10,-8.582672102770496e-10,-8.27375027131369e-10,-8.273750271716426e-10,-7.743726828464302e-10,-2.6889065090287614e-06,0.5966669877099299,-7.788278455119913e-10,-4.541401843070968e-06,-1.2936467960877558e-09,-9.36144124476967e-10,-8.889620042023796e-10,-8.983946464369109e-10,0.40337145944888153,-8.847075050841419e-10,0.403371120118423,0.4033702378109196,-2.8697504242449143e-06,1.000030356047183,0.5966655529824324,-8.811556238202459e-10,-1.1419383330402098e-09,0.4033714594488803,-1.0233256394632845e-09,0.5966652032987408
-4.258294056883309e-06,-3.893869827816727e-14,-6.344840277530599e-11,-3.394265901640286e-14,-5.009877341653398e-14,-3.015134803540477e-14,-5.179392087174602e-10,-4.046135468966606e-10,-3.46613757730563e-14,-7.511131554033243e-15,-1.5395846406758975e-14,-5.181015596856212e-10,-9.224746676743977e-10,-6.37760703508213e-06,-8.661505182286321e-14,-5.5740923533746976e-14,-5.510897884408439e-14,-1.2637112853694767e-14,-2.2583655012663043e-14,-8.661507702310895e-14,-7.732699950094664e-14,-7.732699950120933e-14,-2.6728169335092716e-14,-5.0098859166293835e-14,-5.179280960443688e-10,-1.912986862816993e-14,-3.2072492464085036e-14,-2.9785854676095335e-10,-4.497638556600852e-14,-9.779096943401487e-11,-2.1310423131666876e-10,-4.044179666438081e-10,-1.4344264237115635e-14,-4.04441041877414e-10,-4.044708583597743e-10,-1.1930619858641851e-14,-1.8330403400712489e-06,-5.180166984435135e-10,-2.842602118119267e-14,-8.255301938093874e-14,-4.0441796660285803e-10,-9.676867043428112e-14,-1.0291265009470728e-06
-4.1309607787001114e-06,-5.677707899375477e-14,-4.61133465199213e-14,-4.890432796806574e-14,-7.235792033212304e-14,-4.3644084456577395e-14,-4.2746758991686265e-10,-4.309099062197524e-10,-4.9944699813915335e-14,-1.130010032282848e-14,-2.2513686515367732e-14,-4.2769900915608135e-10,-8.582672105120463e-10,-8.661505182286321e-14,-6.377732968549104e-06,-7.989545564488802e-14,-7.917020385200593e-14,-1.858298321515003e-14,-6.502190133594965e-11,-2.4587791556135527e-10,-2.1960318117648448e-10,-2.1960318117669035e-10,-3.863246622462354e-14,-7.235792033212304e-14,-4.274516825064633e-10,-2.782979888049606e-14,-4.7560821432955395e-14,-2.1436565337258084e-13,-6.468941388255417e-14,-7.073748482410077e-14,-1.5333006075501688e-13,-4.3063013492507835e-10,-2.1098860523576212e-14,-4.306630528056635e-10,-4.307057759577592e-10,-1.817234414055994e-14,-1.7057059303095731e-06,-4.27578029810353e-10,-4.1113130158364306e-14,-1.1824837247446418e-13,-4.306301350110894e-10,-1.3840771907620303e-13,-4.276263903155081e-10
-4.010332628692565e-06,-3.602741750754652e-14,-2.9512884505134285e-14,-3.134132975523445e-14,-4.631300949136811e-14,-2.7866675052425617e-14,-3.9402977947374303e-10,-4.037150580360847e-10,-3.200149836309074e-14,-6.979317296943921e-15,-1.424521628505951e-14,-3.941793449250331e-10,-7.976727202183604e-10,-5.5740923533746976e-14,-7.989545564488802e-14,-6.377589268255907e-06,-5.0870806593545024e-14,-1.170440569700465e-14,-2.087318853652381e-14,-7.989560249426182e-14,-7.133293487722683e-14,-7.133298123963841e-14,-4.9020320190991286e-11,-4.631281078332296e-14,-3.940195257865827e-10,-1.76874003232395e-14,-2.991305235437586e-14,-2.748129071548843e-10,-4.149360125978607e-14,-4.544008747166026e-14,-1.965399895411665e-10,-4.0353441562672003e-10,-1.3258021037025119e-14,-4.035556779661232e-10,-4.035832686157161e-10,-1.1174976637922743e-14,-1.5850766159519228e-06,-3.9410106082867707e-10,-2.6240017592486498e-14,-7.6096677048531e-14,-4.035344158908109e-10,-1.7725340451635207e-10,-3.9413237587906034e-10
-4.426759816552309e-06,-3.519486579441201e-14,-2.905086035093529e-14,-3.0886262876167e-14,-4.556816308643889e-14,-2.7375607896162382e-14,-5.211226114536085e-10,-9.659537190166e-07,-3.153131719707072e-14,-6.661791346291413e-15,-1.3888394630052443e-14,-1.035523945522557e-06,-1.00730061197541e-09,-5.510897884408439e-14,-7.917020385200593e-14,-5.0870806593545024e-14,-6.377586904648713e-06,-1.1365383627472334e-14,-2.047377322903911e-14,-7.91704262780357e-14,-7.066666403268196e-14,-7.06666438987825e-14,-2.4274517778020067e-14,-4.556816308643889e-14,-5.211124626053928e-10,-1.730970448804982e-14,-2.889805697177103e-14,-1.372238228181801e-13,-4.093504128157946e-14,-4.487646327055698e-14,-9.814485446164162e-14,-4.860711444543918e-10,-2.553930440676888e-11,-4.8609225365324e-10,-4.861196122839496e-10,-1.058371790871529e-14,-2.0015075454558786e-06,-5.211933837487856e-10,-2.578516333582822e-14,-1.494794902909345e-10,-4.860711442996292e-10,-8.844912864584849e-14,-5.212245140039229e-10
-3.9284700300705185e-06,-7.0093928857254e-15,-6.329130360976343e-15,-6.818531878432581e-15,-9.915014633882026e-15,-5.825837805733123e-15,-3.994260706405226e-10,-3.572360458054821e-10,-6.946557009239357e-15,-9.226155953459208e-16,-2.684323899675044e-15,-3.994615577445881e-10,-7.566432053360662e-10,-1.2637112853694767e-14,-1.858298321515003e-14,-1.170440569700465e-14,-1.1365383627472334e-14,-6.377491330167084e-06,-4.278346269056387e-15,-1.858298321515003e-14,-1.6536957578435266e-14,-1.653735322336966e-14,-5.215030495867509e-15,-9.914883240315029e-15,-3.994237140494574e-10,-3.5135287392837292e-15,-5.100642188192766e-15,-3.2419132010006266e-14,-9.124478354320156e-15,-1.0136317074515543e-14,-2.317395599929869e-14,-3.571937434326151e-10,-2.3026321141461813e-15,-3.5719876621015494e-10,-3.572052393583494e-10,-1.3185587992634336e-15,-1.5032131409075936e-06,-3.994428557791458e-10,-5.4789342817070414e-15,-3.436594112070173e-11,-3.571937437101386e-10,-2.071983346195182e-14,-3.994504180673872e-10
-3.982215678810616e-06,-1.3659027935597677e-14,-1.1665194411574258e-14,-1.2465033875834719e-14,-1.8290587231028078e-14,-1.0890645602202923e-14,-4.0744321687194524e-10,-3.762449490119123e-10,-1.2716220075903045e-14,-2.2934114671640155e-15,-5.329914283179387e-15,-4.0750506427995185e-10,-7.836568983725324e-10,-2.2583655012663043e-14,-6.502190133594965e-11,-2.087318853652381e-14,-2.047377322903911e-14,-4.278346269056387e-15,-6.377503253260889e-06,-6.502190133621469e-11,-2.919492975466301e-14,-2.919492975466301e-14,-9.694148771802033e-15,-1.8290587231028078e-14,-4.0743903309986375e-10,-6.763801176221648e-15,-1.0756164280377856e-14,-5.691784162630165e-14,-3.292334343208789e-11,-1.8276647915217082e-14,-4.069848211519318e-14,-3.761707030379858e-10,-4.8027189704284e-15,-3.7617947762346496e-10,-3.7619081739029775e-10,-3.5416881901385166e-15,-1.556959335618078e-06,-4.0747258618664847e-10,-1.0250228132884742e-14,-3.087752303476099e-14,-3.7617070303798584e-10,-3.6556560124740655e-14,-4.0748563772074236e-10
-4.130960778699589e-06,-5.677707899375477e-14,-4.6113086286032557e-14,-4.890424553062148e-14,-7.235795325950478e-14,-4.3643967649668086e-14,-4.274675901410514e-10,-4.3090990598784324e-10,-4.9944699813915335e-14,-1.130011080977557e-14,-2.25134204963624e-14,-4.2769900944085756e-10,-8.582672102770496e-10,-8.661507702310895e-14,-2.4587791556135527e-10,-7.989560249426182e-14,-7.91704262780357e-14,-1.858298321515003e-14,-6.502190133621469e-11,-6.377732968549104e-06,-2.1960318117677712e-10,-2.1960318117698226e-10,-3.863246622462354e-14,-7.235795325950478e-14,-4.2745168292618e-10,-2.782979888049606e-14,-4.7560821432955395e-14,-2.1436555040589297e-13,-6.468935932534404e-14,-7.073754642450763e-14,-1.5332994668125335e-13,-4.306301348611723e-10,-2.1098860523576212e-14,-4.30663052700777e-10,-4.307057755553733e-10,-1.8172403136228026e-14,-1.7057059302852518e-06,-4.275780302069923e-10,-4.1113130158364306e-14,-1.1824837247446418e-13,-4.3063013514921286e-10,-1.3840752633800266e-13,-4.2762639053127293e-10
-4.069515832920587e-06,-5.057937404370734e-14,-4.113376044039184e-14,-4.363436913631837e-14,-6.45432970854729e-14,-3.891958883833917e-14,-4.1567875008957675e-10,-4.1179500732226185e-10,-4.456027853397526e-14,-1.0026635414699818e-14,-2.00486174640215e-14,-4.158855347233148e-10,-8.27375027131369e-10,-7.732699950094664e-14,-2.1960318117648448e-10,-7.133293487722683e-14,-7.066666403268196e-14,-1.6536957578435266e-14,-2.919492975466301e-14,-2.1960318117677712e-10,-6.377683238546013e-06,-1.9612769891991914e-10,-3.445400689034371e-14,-6.45432970854729e-14,-4.156645495303801e-10,-2.479966014008524e-14,-4.230023383080357e-14,-1.9147826532006135e-13,-5.772737444384053e-14,-6.31371965812819e-14,-1.3695784445935112e-13,-4.115450696449506e-10,-1.8771337899186808e-14,-4.115744814658581e-10,-4.11612661657287e-10,-1.611062123707499e-14,-1.6442603691363998e-06,-4.1577742963802867e-10,-3.666249484371486e-14,-1.055762049231679e-13,-4.115450695075168e-10,-1.2361496121251267e-13,-4.1582065955518457e-10
-4.069515829903293e-06,-5.057937404370734e-14,-4.1133940161923446e-14,-4.363436913631837e-14,-6.45432970854729e-14,-3.8919656917251954e-14,-4.15678749898473e-10,-4.117950072527513e-10,-4.4560326602722106e-14,-1.0026635414699818e-14,-2.0048661700973333e-14,-4.158855348032069e-10,-8.273750271716426e-10,-7.732699950120933e-14,-2.1960318117669035e-10,-7.133298123963841e-14,-7.06666438987825e-14,-1.653735322336966e-14,-2.919492975466301e-14,-2.1960318117698226e-10,-1.9612769891991914e-10,-6.377683238546013e-06,-3.445406119821048e-14,-6.454347088269813e-14,-4.156645497307063e-10,-2.479956065438375e-14,-4.230065381999243e-14,-1.9147851190176392e-13,-5.772737444384053e-14,-6.313719658116818e-14,-1.3695784445935112e-13,-4.115450695768448e-10,-1.8771264544307598e-14,-4.1157448172195693e-10,-4.116126618924303e-10,-1.611062123707499e-14,-1.6442603695069018e-06,-4.1577742986401664e-10,-3.666241594056066e-14,-1.0557640160255729e-13,-4.115450695768448e-10,-1.2361486815523222e-13,-4.1582065965691196e-10
-3.963806530806513e-06,-1.647348651852299e-14,-1.3900812911194963e-14,-1.4828074194949174e-14,-2.1804489545032934e-14,-1.3020093718166919e-14,-3.9547235063683597e-10,-3.7893667598975884e-10,-1.513037345737591e-14,-2.890049115549177e-15,-6.452163430074964e-15,-3.955451204901257e-10,-7.743726828464302e-10,-2.6728169335092716e-14,-3.863246622462354e-14,-4.9020320190991286e-11,-2.4274517778020067e-14,-5.215030495867509e-15,-9.694148771802033e-15,-3.863246622462354e-14,-3.445400689034371e-14,-3.445406119821048e-14,-6.377510165490208e-06,-2.1804414824074264e-14,-3.954674085072185e-10,-8.136361573546805e-15,-1.319324562310253e-14,-1.3319858727059206e-10,-1.9697317758057882e-14,-2.1671567924026986e-14,-9.524168265323867e-11,-3.7884914331261747e-10,-5.868037123438214e-15,-3.7885947287418477e-10,-3.788728446699397e-10,-4.5214989479593604e-15,-1.5385500353915027e-06,-3.9550692993613994e-10,-1.2253497727791181e-14,-3.651998149643196e-14,-3.7884914346962075e-10,-4.313630592468809e-14,-3.955222542275297e-10
-5.1145838129108495e-06,-3.1148097293651106e-14,-2.616500027697331e-14,-2.788629342134707e-14,-8.131947363877895e-11,-2.452673266320104e-14,-7.978087146317085e-10,-5.558236485081446e-10,-2.8465846547682253e-14,-5.574184871611106e-15,-1.2234583160709789e-14,-1.5851469925758535e-06,-2.6889065090287614e-06,-5.0098859166293835e-14,-7.235792033212304e-14,-4.631281078332296e-14,-4.556816308643889e-14,-9.914883240315029e-15,-1.8290587231028078e-14,-7.235795325950478e-14,-6.45432970854729e-14,-6.454347088269813e-14,-2.1804414824074264e-14,-6.3775684813017445e-06,-7.977994594516642e-10,-1.5382422273400095e-14,-2.4748540243929543e-14,-1.2550687171306602e-13,-3.707666363723537e-14,-4.0736570014534886e-14,-8.981922082157407e-14,-5.556602007317132e-10,-1.1231151970181999e-14,-5.556795732814714e-10,-5.557044562008646e-10,-8.613256101898868e-15,-2.6893378100668758e-06,-7.978738259267851e-10,-2.314829495422383e-14,-6.865054331626908e-14,-5.556602003683905e-10,-8.07865044262409e-14,-7.979025048993261e-10
0.596658650833056,-9.445418030559548e-10,-4.211372736881995e-10,-4.066751695510917e-10,-7.977994592885929e-10,-5.069204793318363e-10,0.596669485229812,-1.114571612943638e-09,-4.0765337586914646e-10,-4.0059142162002364e-10,-3.978438757747699e-10,0.5966687646230566,0.5966669877099299,-5.179280960443688e-10,-4.274516825064633e-10,-3.940195257865827e-10,-5.211124626053928e-10,-3.994237140494574e-10,-4.0743903309986375e-10,-4.2745168292618e-10,-4.156645495303801e-10,-4.156645497307063e-10,-3.954674085072185e-10,-7.977994594516642e-10,0.5966631966009234,-4.0145688982394885e-10,-3.4032901393918463e-06,-7.510553928664354e-10,-4.0486589910084785e-10,-4.002211289607551e-10,-4.3190796963559433e-10,4.132135256681684e-10,-3.8771303685270665e-10,3.8873568600607745e-10,-9.137692282154665e-12,-9.579237971363515e-10,0.5966667273107292,0.5966697229235326,-3.902841741936881e-10,-3.8703793724479964e-10,4.1321352546347183e-10,-5.291879222350862e-10,0.5966695228127193
-3.972594144475994e-06,-1.134620813080351e-14,-9.809164746563118e-15,-2.0851694833450745e-11,-1.5382955225866056e-14,-9.131085963580968e-15,-4.014604363539675e-10,-3.773944351440225e-10,-1.0709670483392489e-14,-1.814894590086706e-15,-4.409397919850281e-15,-4.0151313414473567e-10,-7.788278455119913e-10,-1.912986862816993e-14,-2.782979888049606e-14,-1.76874003232395e-14,-1.730970448804982e-14,-3.5135287392837292e-15,-6.763801176221648e-15,-2.782979888049606e-14,-2.479966014008524e-14,-2.479956065438375e-14,-8.136361573546805e-15,-1.5382422273400095e-14,-4.0145688982394885e-10,-6.377498380344842e-06,-8.80737735371796e-15,-4.841585989043513e-14,-1.39874830340472e-14,-1.544564449376153e-14,-3.461151914285034e-14,-3.773312322050412e-10,-3.9288199783651455e-15,-3.773387043249941e-10,-3.773483747947221e-10,-2.7749176557320568e-15,-1.5473376693684057e-06,-4.0148542818663175e-10,-8.588959122944533e-15,-2.6155556977525814e-14,-3.7733123238298495e-10,-3.1058870222224355e-14,-4.0149657977877693e-10
-6.9669269675091e-06,-1.7409258954173602e-14,-1.6039097335750225e-14,-1.7311427100301856e-14,-2.474854024395251e-14,-1.4628522789175608e-14,-1.7131838793362943e-09,-5.729535471016462e-10,-1.7667682048917485e-14,-2.1213561091730802e-15,-6.673901528330768e-15,-3.4034862968862395e-06,-4.541401843070968e-06,-3.2072492464085036e-14,-4.7560821432955395e-14,-2.991305235437586e-14,-2.889805697177103e-14,-5.100642188192766e-15,-1.0756164280377856e-14,-4.7560821432955395e-14,-4.230023383080357e-14,-4.230065381999243e-14,-1.319324562310253e-14,-2.4748540243929543e-14,-3.4032901393918463e-06,-8.80737735371796e-15,-6.377508678703757e-06,-8.263075842685751e-14,-2.34410631100413e-14,-2.6003041410474228e-14,-5.939627462903875e-14,-5.72847345888731e-10,-5.8795197452400076e-15,-5.728603798786087e-10,-5.72876235043699e-10,-2.315082196477988e-15,-4.541697548876427e-06,-1.7132286911042039e-09,-1.4035468382556936e-14,-4.4863538519622714e-14,-5.728473458887308e-10,-5.292061327294127e-14,-3.403430226146585e-06
-4.996380290267335e-06,-9.879586543469616e-14,-8.003962176217125e-14,-8.484480566107224e-14,-1.2550691078707414e-13,-7.579612429864011e-14,-7.510829353271193e-10,-1.0781995307423078e-06,-8.66645870395615e-14,-1.9837623349148444e-14,-3.9223957377260456e-14,-1.4928492401519842e-06,-1.2936467960877558e-09,-2.9785854676095335e-10,-2.1436565337258084e-13,-2.748129071548843e-10,-1.372238228181801e-13,-3.2419132010006266e-14,-5.691784162630165e-14,-2.1436555040589297e-13,-1.9147826532006135e-13,-1.9147851190176392e-13,-1.3319858727059206e-10,-1.2550687171306602e-13,-7.510553928664354e-10,-4.841585989043513e-14,-8.263075842685751e-14,-6.3782232395183735e-06,-1.1225351525412185e-13,-1.2266778417918138e-13,-5.268756379775726e-10,-5.422697847379443e-10,-3.6896724612973053e-14,-5.423267823896322e-10,-5.424005522607967e-10,-3.179593496189657e-14,-2.5711334768093613e-06,-7.512744331085296e-10,-7.147266054677214e-14,-2.0501467275237024e-13,-5.422697848709051e-10,-4.75689925863854e-10,-1.4926001236028662e-06
-4.28532108668312e-06,-2.8429803223241435e-14,-2.3598256481852422e-14,-2.511366875591372e-14,-3.707666363723537e-14,-2.220883906934587e-14,-4.048741935498316e-10,-1.0555058382002215e-06,-2.5629369079859895e-14,-1.045295217108406e-11,-1.1185090306382142e-14,-4.049954542533436e-10,-9.36144124476967e-10,-4.497638556600852e-14,-6.468941388255417e-14,-4.149360125978607e-14,-4.093504128157946e-14,-9.124478354320156e-15,-3.292334343208789e-11,-6.468935932534404e-14,-5.772737444384053e-14,-5.772737444384053e-14,-1.9697317758057882e-14,-3.707666363723537e-14,-4.0486589910084785e-10,-1.39874830340472e-14,-2.34410631100413e-14,-1.1225351525412185e-13,-6.377553220060462e-06,-3.652415142458307e-14,-8.022739053709316e-14,-5.311830772382865e-10,-1.0266733023778965e-14,-5.312003084300887e-10,-5.31222771182654e-10,-8.436669042764412e-15,-1.8600675090873583e-06,-4.049317625425751e-10,-2.0868179083459193e-14,-1.2170338181667124e-10,-5.311830770674724e-10,-7.227077856726313e-14,-4.0495723538818454e-10
-4.191627739286628e-06,-3.142498594095286e-14,-5.15004116873572e-11,-2.7580007100279597e-14,-4.0736570014534886e-14,-2.444403597432829e-14,-4.0023020244256647e-10,-4.887965577782325e-10,-2.8152797513135768e-14,-5.931604787573978e-15,-1.2388033367231578e-14,-4.003627329326892e-10,-8.889620042023796e-10,-9.779096943401487e-11,-7.073748482410077e-14,-4.544008747166026e-14,-4.487646327055698e-14,-1.0136317074515543e-14,-1.8276647915217082e-14,-7.073754642450763e-14,-6.31371965812819e-14,-6.313719658116818e-14,-2.1671567924026986e-14,-4.0736570014534886e-14,-4.002211289607551e-10,-1.544564449376153e-14,-2.6003041410474228e-14,-1.2266778417918138e-13,-3.652415142458307e-14,-6.377566696810766e-06,-1.7411225216682164e-10,-4.886363628787145e-10,-1.1435185107678922e-14,-9.70731294871145e-07,-4.886796922061492e-10,-9.507108571989492e-15,-1.7663733466656517e-06,-4.002932037941273e-10,-2.2986995221957385e-14,-1.3335560401013716e-10,-4.886363630776483e-10,-1.5691568163918923e-10,-4.0032100877279797e-10
-4.2108461826717865e-06,-7.065726033211511e-14,-1.1363804188209332e-10,-6.067174424512951e-14,-8.98190334913494e-14,-5.420601118599431e-14,-4.3192768189659655e-10,-4.666029305633948e-10,-6.196861385625968e-14,-1.4172661211305271e-14,-2.8036952460866393e-14,-4.3221395098401087e-10,-8.983946464369109e-10,-2.1310423131666876e-10,-1.5333006075501688e-13,-1.965399895411665e-10,-9.814485446164162e-14,-2.317395599929869e-14,-4.069848211519318e-14,-1.5332994668125335e-13,-1.3695784445935112e-13,-1.3695784445935112e-13,-9.524168265323867e-11,-8.981922082157407e-14,-4.3190796963559433e-10,-3.461151914285034e-14,-5.939627462903875e-14,-5.268756379775726e-10,-8.022739053709316e-14,-1.7411225216682164e-10,-6.377863891926041e-06,-4.662566525190669e-10,-2.6321176451648848e-14,-4.662973780458981e-10,-4.663502353362214e-10,-2.2838720168081183e-14,-1.7855921777793116e-06,-4.3206430075600165e-10,-5.1059991342409406e-14,-1.464987021846262e-13,-4.662566525937207e-10,-3.402663897577069e-10,-4.3212408040464376e-10
0.4033637968836001,-7.862566777277311e-10,-4.0674689420189214e-10,-3.9068881773637625e-10,-5.556602009533727e-10,-4.470855219840587e-10,3.608016203012862e-10,0.4033723679769464,-4.091400882405084e-10,-3.5967508359663967e-10,-3.7069265237337195e-10,-4.213657210643214e-10,0.40337145944888153,-4.044179666438081e-10,-4.3063013492507835e-10,-4.0353441562672003e-10,-4.860711444543918e-10,-3.571937434326151e-10,-3.761707030379858e-10,-4.306301348611723e-10,-4.115450696449506e-10,-4.115450695768448e-10,-3.7884914331261747e-10,-5.556602007317132e-10,4.132135256681684e-10,-3.773312322050412e-10,-5.72847345888731e-10,-5.422697847379443e-10,-5.311830772382865e-10,-4.886363628787145e-10,-4.662566525190669e-10,0.40336714978802646,-4.969654070124633e-10,0.40337323666727354,0.4033731448771153,-4.866531576003643e-10,0.40336992630785895,-3.837452656207371e-10,-4.908119154557129e-10,-7.547245976947082e-10,0.4033735272732099,-4.939306756717231e-10,-4.589650005736408e-10
-4.182887457851471e-06,-7.84175691449977e-15,-7.132332043328668e-15,-7.69325406857153e-15,-1.1231151970181999e-14,-6.55987738217672e-15,-3.8771571994770713e-10,-9.873358704405443e-07,-7.831172338373615e-15,-9.807700126955505e-16,-2.9856544826509855e-15,-3.8775580479633153e-10,-8.847075050841419e-10,-1.4344264237115635e-14,-2.1098860523576212e-14,-1.3258021037025119e-14,-2.553930440676888e-11,-2.3026321141461813e-15,-4.8027189704284e-15,-2.1098860523576212e-14,-1.8771337899186808e-14,-1.8771264544307598e-14,-5.868037123438214e-15,-1.1231151970181999e-14,-3.8771303685270665e-10,-3.9288199783651455e-15,-5.8795197452400076e-15,-3.6896724612973053e-14,-1.0266733023778965e-14,-1.1435185107678922e-14,-2.6321176451648848e-14,-4.969654070124633e-10,-6.377492154264368e-06,-4.969710874789001e-10,-4.969785444051028e-10,-1.477676888734683e-15,-1.7576328678386668e-06,-3.8773450276816256e-10,-6.124187042047308e-15,-1.950400789987711e-14,-4.969654071782613e-10,-2.3533585170933448e-14,-3.877430662029684e-10
0.4033634573631735,-7.862719382897774e-10,-4.067592111589016e-10,-3.9070187477498194e-10,-5.556795733218412e-10,-4.470972194225297e-10,3.3631955916159986e-10,0.4033720772225033,-4.0915341418461994e-10,-3.596781754930236e-10,-3.706987148723695e-10,-4.459090754176964e-10,0.403371120118423,-4.04441041877414e-10,-4.306630528056635e-10,-4.035556779661232e-10,-4.8609225365324e-10,-3.5719876621015494e-10,-3.7617947762346496e-10,-4.30663052700777e-10,-4.115744814658581e-10,-4.1157448172195693e-10,-3.7885947287418477e-10,-5.556795732814714e-10,3.8873568600607745e-10,-3.773387043249941e-10,-5.728603798786087e-10,-5.423267823896322e-10,-5.312003084300887e-10,-9.70731294871145e-07,-4.662973780458981e-10,0.40337323666727354,-4.969710874789001e-10,0.4033665685586777,0.403372854230918,-4.866582218094673e-10,0.4033695867844432,-4.082565392686891e-10,-4.908229033929068e-10,-1.499350289422516e-06,0.40337323666727276,-4.939674935047024e-10,-4.834890842262911e-10
0.4033625748088647,-1.5619967725637178e-06,-4.0677515119885077e-10,-3.907187993171336e-10,-5.557044566704518e-10,-4.4711235066425937e-10,-6.155922089609044e-11,0.40337198524019596,-4.091706851584188e-10,-3.5968213715720896e-10,-3.7070654966087755e-10,-8.438684533938436e-10,0.4033702378109196,-4.044708583597743e-10,-4.307057759577592e-10,-4.035832686157161e-10,-4.861196122839496e-10,-3.572052393583494e-10,-3.7619081739029775e-10,-4.307057755553733e-10,-4.11612661657287e-10,-4.116126618924303e-10,-3.788728446699397e-10,-5.557044562008646e-10,-9.137692282154665e-12,-3.773483747947221e-10,-5.72876235043699e-10,-5.424005522607967e-10,-5.31222771182654e-10,-4.886796922061492e-10,-4.663502353362214e-10,0.4033731448771153,-4.969785444051028e-10,0.403372854230918,0.40336638490285365,-4.866643733214715e-10,0.40336870422270843,-1.601494629827413e-06,-4.908372587507088e-10,-7.547970802503473e-10,0.40337314487711495,-4.940152691557682e-10,-1.7509803630940925e-06
-5.295112623616264e-06,-5.300010933549181e-15,-5.5998447522656076e-15,-6.1512063347385895e-15,-8.613532416318492e-15,-4.947457506291325e-15,-1.9029548615934693e-06,-4.866941100464267e-10,-6.259676721167021e-15,-1.2096094440415733e-16,-1.9319424446231903e-15,-1.903026659337141e-06,-2.8697504242449143e-06,-1.1930619858641851e-14,-1.817234414055994e-14,-1.1174976637922743e-14,-1.058371790871529e-14,-1.3185587992634336e-15,-3.5416881901385166e-15,-1.8172403136228026e-14,-1.611062123707499e-14,-1.611062123707499e-14,-4.5214989479593604e-15,-8.613256101898868e-15,-9.579237971363515e-10,-2.7749176557320568e-15,-2.315082196477988e-15,-3.179593496189657e-14,-8.436669042764412e-15,-9.507108571989492e-15,-2.2838720168081183e-14,-4.866531576003643e-10,-1.477676888734683e-15,-4.866582218094673e-10,-4.866643733214715e-10,-6.377486458739466e-06,-2.8698680043560895e-06,-9.579433821084028e-10,-4.7497199503413995e-15,-1.675308851446984e-14,-4.866531576003643e-10,-2.0180838532146043e-14,-9.579512189057838e-10
1.0000167787012315,-3.4387976626226618e-06,-1.6450300800421763e-06,-1.5844255216700845e-06,-2.6893378110418014e-06,-1.895554470081603e-06,0.5966665341965832,0.40336572952924576,-1.6230318660400006e-06,-1.5103976772608225e-06,-1.5269254983077945e-06,0.5966642577344037,1.000030356047183,-1.8330403400712489e-06,-1.7057059303095731e-06,-1.5850766159519228e-06,-2.0015075454558786e-06,-1.5032131409075936e-06,-1.556959335618078e-06,-1.7057059302852518e-06,-1.6442603691363998e-06,-1.6442603695069018e-06,-1.5385500353915027e-06,-2.6893378100668758e-06,0.5966667273107292,-1.5473376693684057e-06,-4.541697548876427e-06,-2.5711334768093613e-06,-1.8600675090873583e-06,-1.7663733466656517e-06,-1.7855921777793116e-06,0.40336992630785895,-1.7576328678386668e-06,0.4033695867844432,0.40336870422270843,-2.8698680043560895e-06,1.0000221817766564,0.5966652918425648,-1.7506934536334348e-06,-2.2691979668452176e-06,0.40336992630785845,-2.0336867539265433e-06,0.5966649418749291
0.5966572153772913,-1.876482584654402e-06,-4.211844143617066e-10,-4.0672517221039797e-10,-7.978738263539284e-10,-5.069652400635734e-10,0.5966696340352203,-3.797896108376212e-06,-4.077043947345992e-10,-4.006031344034425e-10,-3.9786699761726387e-10,0.5966689129606656,0.5966655529824324,-5.180166984435135e-10,-4.27578029810353e-10,-3.9410106082867707e-10,-5.211933837487856e-10,-3.994428557791458e-10,-4.0747258618664847e-10,-4.275780302069923e-10,-4.1577742963802867e-10,-4.1577742986401664e-10,-3.9550692993613994e-10,-7.978738259267851e-10,0.5966697229235326,-4.0148542818663175e-10,-1.7132286911042039e-09,-7.512744331085296e-10,-4.049317625425751e-10,-4.002932037941273e-10,-4.3206430075600165e-10,-3.837452656207371e-10,-3.8773450276816256e-10,-4.082565392686891e-10,-1.601494629827413e-06,-9.579433821084028e-10,0.5966652918425648,0.5966634940224335,-3.9032606439461674e-10,-3.871580012821568e-10,-3.8374526556615637e-10,-5.293292431666301e-10,0.596669671298644
-4.1759481012172225e-06,-1.7384285958846404e-14,-1.472813953990805e-14,-1.5724581012976904e-14,-2.314827004816323e-14,-1.3790807923470101e-14,-3.902894294695669e-10,-9.752014137125567e-07,-1.6036980378155752e-14,-2.9958835759208312e-15,-6.793905025988666e-15,-3.903667961391006e-10,-8.811556238202459e-10,-2.842602118119267e-14,-4.1113130158364306e-14,-2.6240017592486498e-14,-2.578516333582822e-14,-5.4789342817070414e-15,-1.0250228132884742e-14,-4.1113130158364306e-14,-3.666249484371486e-14,-3.666241594056066e-14,-1.2253497727791181e-14,-2.314829495422383e-14,-3.902841741936881e-10,-8.588959122944533e-15,-1.4035468382556936e-14,-7.147266054677214e-14,-2.0868179083459193e-14,-2.2986995221957385e-14,-5.1059991342409406e-14,-4.908119154557129e-10,-6.124187042047308e-15,-4.908229033929068e-10,-4.908372587507088e-10,-4.7497199503413995e-15,-1.7506934536334348e-06,-3.9032606439461674e-10,-6.377512881490949e-06,-7.690102035282344e-11,-4.90811915489031e-10,-4.591532727476562e-14,-3.903423888169986e-10
-4.694447791479452e-06,-5.332579297065244e-14,-4.365811208709853e-14,-4.636692566285259e-14,-6.865054331626913e-14,-4.1244671809105684e-14,-3.870531228225982e-10,-1.499820181813706e-06,-4.733059062807887e-14,-1.0312698094254214e-14,-2.106103206716227e-14,-3.8727403316385713e-10,-1.1419383330402098e-09,-8.255301938093874e-14,-1.1824837247446418e-13,-7.6096677048531e-14,-1.494794902909345e-10,-3.436594112070173e-11,-3.087752303476099e-14,-1.1824837247446418e-13,-1.055762049231679e-13,-1.0557640160255729e-13,-3.651998149643196e-14,-6.865054331626908e-14,-3.8703793724479964e-10,-2.6155556977525814e-14,-4.4863538519622714e-14,-2.0501467275237024e-13,-1.2170338181667124e-10,-1.3335560401013716e-10,-1.464987021846262e-13,-7.547245976947082e-10,-1.950400789987711e-14,-1.499350289422516e-06,-7.547970802503473e-10,-1.675308851446984e-14,-2.2691979668452176e-06,-3.871580012821568e-10,-7.690102035282344e-11,-6.377710182405558e-06,-7.547245976947082e-10,-1.3215867990011842e-13,-3.8720430255195904e-10
