1.0000000288413902,1.3141720505001094e-05,1.779415566950361e-05,1.0000128185906965,1.3140898968754419e-05,1.318710656479252e-05,1.4108057837229155e-05,1.0000119790886914,1.334164934258017e-05,1.3143390593974234e-05,1.395996100377358e-05,1.3714216673008321e-05,1.315408868290426e-05,1.3340391791165823e-05,1.3288473082909285e-05,1.3109998844299299e-05,1.3237599805142708e-05,1.791468959361931e-05,1.000013017587846,1.000011503865876,1.0000126643305243,1.3713174802922197e-05,1.405955836263702e-05,1.0000111331417074,1.0000105541986926,1.4719504278551294e-05,1.0000131257939948,1.3107695585054575e-05,1.00001292866564,1.000012795586385,1.0000107953283506,1.0000124280774711,1.3106664103302948e-05,1.0000115038658761,1.0000103544146315,1.9719447127777866e-05,1.4069044805884887e-05,1.3386499554741674e-05,1.322187782271341e-05,1.3287468655415531e-05,1.3181804112065343e-05,1.0000129353685723,1.000010663122976,1.0000116210352934,1.3109300570491157e-05,1.310501011579755e-05,1.333266228827851e-05,1.0000127449100753,1.3107695584711182e-05,1.4503873280063133e-05,1.3239138301452911e-05,1.0000123747949554,1.3177733378947947e-05,1.3144261398143272e-05,1.0000115990806229,1.4288377713516136e-05,1.0000128415177656,1.0000126877718547,1.0000128932396513,1.424167815442908e-05,1.0000114938897486,1.0000116758633508,1.0000126815157453,1.9569545853999616e-05,1.3116312174110412e-05,1.3143694510552126e-05,1.3107695584682758e-05,1.3868852190506525e-05,1.0000115038658757,1.310674995241882e-05,1.3107083252560544e-05,1.3335520915636391e-05,1.4728836653063695e-05,1.3232618026530671e-05,1.3107695578695106e-05,1.3713174802925992e-05,1.371317480711798e-05
1.3141720505001094e-05,1.4112849439675393e-05,1.3458228250019333e-10,4.846046983491155e-10,-4.276732553233481e-10,-7.72956551636871e-14,5.783705508235463e-16,4.845056638576472e-10,1.033081858153601e-13,1.2885478655170275e-13,2.146746081122293e-14,1.906299512040369e-14,4.510639497218206e-14,8.982775918343847e-14,1.9202028171723412e-13,4.858642362092802e-14,-4.250497868627776e-10,1.6971770374167998e-14,4.846395543989965e-10,4.846867050002765e-10,4.846959653751884e-10,2.8293019096297956e-14,2.639887594826864e-14,4.845527728547646e-10,4.846399772056072e-10,1.2879550042446628e-14,4.847086319093731e-10,-1.0519259507054608e-14,4.846362089734914e-10,4.846722546550371e-10,9.658462937109116e-07,4.845335581412849e-10,-8.335183410560096e-14,4.846867050076042e-10,4.846282248664603e-10,-7.597942073653683e-14,2.536104376585359e-14,7.624921174826664e-14,1.8930686202138215e-11,1.911645779071061e-13,1.3974938871166865e-13,4.846494502459291e-10,4.846374348153416e-10,4.847150851896276e-10,3.1852085010445025e-14,-1.3119253611893366e-13,2.246927217825656e-14,4.845682350307684e-10,-1.0519259507054608e-14,1.0210036597644315e-13,-1.5916629743499393e-13,4.8452963878864e-10,5.528035253295048e-15,5.869285640338934e-14,4.847159337018695e-10,4.0156821414591636e-14,4.846287784664777e-10,4.847370616185915e-10,9.657802064186095e-07,5.250250597204533e-14,4.846519024607131e-10,4.846649071205792e-10,4.847446152055232e-10,-4.1891839777485236e-14,-2.8807591351075716e-10,-7.321295840776425e-14,-1.0519259507054608e-14,7.235052782613354e-14,4.846867049646789e-10,-1.503521784354516e-13,8.486008667453441e-15,4.6129566464370185e-10,-2.7368323313741143e-14,1.1112865392711832e-13,-1.0519259507054608e-14,2.8292955247278504e-14,2.8293019096297956e-14
1.779415566950361e-05,1.3458228250019333e-10,1.4112976885691956e-05,2.819423291586541e-09,-2.574228929008676e-14,-3.4702979945686316e-13,4.237797920235378e-10,5.618698473651904e-06,2.577580411145186e-10,9.51439202110237e-13,4.184352278740024e-10,3.734160810772984e-10,3.171622705324964e-13,2.4356371749381386e-14,-1.2035878306711442e-09,-1.926000459539212e-14,-1.4240153273367286e-13,-3.1532694047368167e-10,5.61865239749351e-06,5.618223033680103e-06,5.618006925690581e-06,4.016524575582748e-10,-6.089528557962701e-10,5.618811422257966e-06,5.6182328626170345e-06,-5.086991240383128e-11,5.617916144457138e-06,4.3126787739011624e-13,2.8193811355433543e-09,2.8198734878692693e-09,5.61826592330761e-06,5.618694061104609e-06,-4.362615429238227e-13,5.618223033680103e-06,5.618330591262256e-06,7.886584103919185e-10,-5.962393428243965e-10,1.2008599771966208e-13,1.9915434881768396e-14,-1.2231017809990765e-09,3.601824838855853e-14,5.618613057509312e-06,5.618439477032838e-06,5.618287603915444e-06,2.652209999301677e-14,-4.543755819261297e-13,-1.2457137328762687e-14,2.819489613232589e-09,4.312678848571195e-13,-8.246596225120708e-10,-1.7071981455974146e-09,5.619065966102827e-06,-1.4172929851314514e-13,6.225441225347607e-14,5.618459553055585e-06,5.438462880799195e-10,5.618142977253575e-06,2.8189063876939917e-09,5.618232327258359e-06,-8.603147995392286e-11,5.6180636645582845e-06,5.617836508583293e-06,5.6178596747456085e-06,1.1179590830187782e-09,-1.1926075095314897e-13,-3.330921052246828e-13,4.312678869531181e-13,-1.0223457286550249e-09,5.618223033680103e-06,-9.52704168712709e-13,4.596980399947171e-13,-1.0774341322406183e-09,-3.2935283330716595e-10,-7.416816133749881e-14,4.3126788811624696e-13,4.016524575608029e-10,4.0165245755838855e-10
1.0000128185906965,4.846046983491155e-10,2.819423291586541e-09,1.0000132127896555,4.842538888706178e-10,5.075949166582064e-10,9.694167136489246e-10,0.9999982601400981,5.848679167054087e-10,4.850237539332535e-10,8.951055943854724e-10,7.717785468600213e-10,4.907021307037964e-10,5.843189419465572e-10,5.588922847873563e-10,4.687343492649238e-10,5.32863205561417e-10,2.8798961338028163e-09,0.9999992986764904,0.9999977853885332,0.9999989460898244,7.712471676548384e-10,1.8842616800382313e-06,0.9999974140379558,0.9999968356367718,2.5436990555345036e-06,0.9999994076034289,4.673469431692705e-10,0.9999992097478133,0.9999990761683702,0.9999970767658549,0.9999987090302377,4.672655161507846e-10,0.9999977853885335,0.9999966357854254,7.542837486324312e-06,1.8936320461248238e-06,6.073766892379006e-10,5.248431728647402e-10,5.583937463326876e-10,5.047302861286445e-10,0.99999921648678,0.9999969444768014,0.9999979025299888,4.683585495420415e-10,4.664398893671879e-10,5.804517933108267e-10,0.9999990257977417,4.673469429316019e-10,1.1685636809298796e-09,5.339320269251376e-10,0.9999986555603729,5.027567859933579e-10,4.858808007253108e-10,0.9999978804402877,1.0598904862108058e-09,0.9999991230051496,0.9999989697910755,0.9999991748471158,2.0659296590033777e-06,0.9999977754469519,0.9999979576274263,0.9999989633919701,7.392682915354821e-06,4.71963758534862e-10,4.857965586942384e-10,4.673469430915831e-10,1.6939861222010704e-06,0.9999977853885326,4.675607640593801e-10,4.670296434481447e-10,5.824676061706546e-10,2.55316188206593e-06,5.302809368222325e-10,4.673469432067563e-10,7.712471679263651e-10,7.712471676360391e-10
1.3140898968754419e-05,-4.276732553233481e-10,-2.574228929008676e-14,4.842538888706178e-10,1.4112751422714089e-05,1.3131726066678775e-10,-3.3371916038989844e-14,4.840495957323051e-10,1.3550748711884463e-13,-2.4015918028753516e-13,-7.537654571427707e-15,3.0430351916000364e-14,-8.093432628924137e-14,1.2769560785597307e-13,1.3701730334596066e-13,4.496739869935266e-14,-4.3390945952575753e-10,-3.6343518079436296e-14,4.842369290208385e-10,4.842504885306971e-10,4.84220836916544e-10,3.911918718416581e-14,-8.656237965643902e-15,4.841655508043215e-10,4.842397469185886e-10,2.332534298579633e-15,4.842486565207196e-10,-1.3524440025523972e-13,4.842809126572652e-10,4.841281751298719e-10,9.650247557912694e-07,4.841610391600245e-10,1.0978387760193947e-13,4.842504885566536e-10,4.842210528524201e-10,-2.495321017477879e-14,5.789605701824371e-14,2.3847172598495274e-10,1.357636898832223e-10,1.3635443387080603e-13,2.0188270675040768e-13,4.842516558681946e-10,4.841798548522639e-10,4.842655180771456e-10,3.890249419519319e-14,8.273168946380839e-14,1.5263190924650148e-10,4.841958237843519e-10,-1.3524440025523972e-13,9.346859818949378e-14,2.0690318366515017e-13,4.840698531237809e-10,1.1190083716885645e-13,3.497091483695467e-14,4.842620257895724e-10,-3.1317024665306966e-14,4.842315427248031e-10,4.843052157427683e-10,9.647743985188764e-07,3.9280356701108835e-14,4.84269327622842e-10,4.842687746542844e-10,4.842895739603325e-10,4.847765637750924e-15,-2.655898677681697e-10,7.828542359227235e-14,-1.3524463431102917e-13,-8.361772495817751e-15,4.842504885362871e-10,2.416498646579504e-13,-1.319752851773096e-13,1.5829172238281095e-13,1.735061256294076e-14,2.0721803489781445e-13,-1.3524463431102917e-13,3.911895250629662e-14,3.911926347220973e-14
1.318710656479252e-05,-7.72956551636871e-14,-3.4702979945686316e-13,5.075949166582064e-10,1.3131726066678775e-10,1.4114856874645309e-05,-2.751203029242634e-13,5.07156222930958e-10,1.5993148624082965e-14,-4.2386367404668575e-09,-2.580569085281325e-13,-7.935585940120406e-14,-7.474199602745197e-13,1.1027545185854603e-13,6.200341042582604e-14,-1.1978424515674806e-13,3.4903533307778e-10,-1.4459190637092335e-13,5.073761287036619e-10,5.073324456224462e-10,5.07236938820276e-10,-9.10002074210476e-14,1.8726254770992955e-14,5.074121779002499e-10,5.074984525146099e-10,-3.2999235039965546e-14,5.072984212990323e-10,-6.986709860519969e-13,5.075946981466467e-10,1.0094104350350077e-06,1.011232202099942e-06,5.075160247816045e-10,2.182937452037834e-09,5.07332445626733e-10,5.074567872146022e-10,4.269854126925409e-14,3.028554943409631e-13,1.0218214691873289e-13,2.900582438841868e-13,6.192093075628606e-14,2.0990383166487443e-13,5.074046930043278e-10,5.071982489475241e-10,1.010845648737926e-06,-3.0779926224231734e-14,2.4933521963964507e-09,2.4183969763549486e-13,5.074701325937939e-10,-6.986709860519969e-13,1.7671938589679215e-13,4.111946966490042e-09,5.070238880846013e-10,9.938428851342114e-10,-2.452095288730379e-13,5.071722262847558e-10,-4.725292039657372e-13,5.07521655079086e-10,5.074900984355605e-10,5.070853991323685e-10,-3.6989513268034736e-14,5.076152654303886e-10,5.076257774828458e-10,5.073444890702226e-10,-8.106402930068368e-14,1.4871687364710742e-13,1.7105928513591457e-09,-6.986709372657079e-13,-7.838837175212968e-14,5.073324455950301e-10,4.431339626495731e-09,-1.5827378111456311e-09,-7.095619877225048e-14,2.9498921274904557e-13,4.076828981984439e-13,-6.986709860519969e-13,-9.100038776749616e-14,-9.100038776728305e-14
1.4108057837229155e-05,5.783705508235463e-16,4.237797920235378e-10,9.694167136489246e-10,-3.3371916038989844e-14,-2.751203029242634e-13,1.4113347606912874e-05,1.932155336851374e-06,-4.154256303577532e-14,6.722611791929086e-13,1.3204311497474415e-10,-9.878509744721462e-12,2.2599458863792073e-13,-4.877148702782562e-14,2.2291415993928842e-13,5.894465805454867e-15,-4.893141039024851e-14,2.413111201614902e-10,9.695112258832852e-10,1.932303419172801e-06,1.9324343893353086e-06,-1.9220105997191287e-12,9.89523988411252e-14,1.93196969024689e-06,1.93212126225626e-06,2.342244968192347e-14,9.696848415025247e-10,2.0929908037853342e-13,9.694383065136019e-10,9.697743061715594e-10,1.9321802367089668e-06,9.694088340194418e-10,-3.645844779442885e-13,1.932303419172801e-06,1.9321338404857324e-06,-2.921827694241167e-10,-3.438144734202093e-14,-6.440491399324722e-14,-1.0279242733690031e-13,2.2242169256458613e-13,-7.383827552022233e-14,9.695065712114415e-10,1.9323226669702254e-06,1.932366586411808e-06,-1.0111309300867087e-14,-4.114945595010627e-13,-9.430718927069203e-14,9.694317950072534e-10,2.0929906040498157e-13,1.9086448283840506e-10,-6.890049968796965e-13,9.69561293034893e-10,-1.9712910418116752e-13,4.3998971446872844e-14,1.932370189751469e-06,2.9492214422272417e-10,1.9321162597069073e-06,9.696576165575196e-10,9.697338109380097e-10,4.423773245493474e-14,1.9320881109004493e-06,9.695310530136652e-10,9.696845681742682e-10,-2.7882789709028235e-10,-6.679394204459832e-14,-2.8855226095403327e-13,2.0929908600200992e-13,2.2039637553665034e-13,1.9323034191728027e-06,-7.285103489975967e-13,2.422347935362096e-13,2.632904873428036e-13,-8.47917211436453e-14,-1.4396427126238432e-13,2.092991369537799e-13,-1.922010598881486e-12,-1.922010599626007e-12
1.0000119790886914,4.845056638576472e-10,5.618698473651904e-06,0.9999982601400981,4.840495957323051e-10,5.07156222930958e-10,1.932155336851374e-06,1.000011533870291,1.1659105575544218e-06,4.861196371506828e-10,1.7841098919481092e-06,7.718768611750027e-10,4.91039037822667e-10,1.1646395889301841e-06,5.587085063906453e-10,4.686559682532089e-10,5.325586291424786e-10,5.738970028830409e-06,0.9999984594333952,0.9999969459332674,0.999998106604288,7.713686406952388e-10,1.8838982838752534e-06,0.9999965746559245,0.9999959960654171,2.543688459450315e-06,0.9999985679484711,4.678139601459879e-10,0.9999983703402339,0.9999982378308764,0.9999962372693135,0.9999978695276475,4.667317020094193e-10,0.9999969459332694,0.9999957963003789,7.543169467781288e-06,1.8932094832173066e-06,1.2107284556420799e-06,5.249008118473326e-10,5.581926942449001e-10,5.048996628225512e-10,0.9999983772340718,0.9999961051189329,0.9999970631786052,4.68363688648689e-10,4.658744722404143e-10,1.1567437407322203e-06,0.9999981863945562,4.678139598175134e-10,2.328376423433214e-06,1.061899247881101e-06,0.9999978163722959,5.025566313291698e-10,4.858966736696619e-10,0.9999970412283753,2.112704993511822e-06,0.9999982832526496,0.9999981299530843,0.9999983353849591,2.06602101953442e-06,0.9999969357264435,0.9999971178545216,0.9999981238493889,7.393346128655018e-06,4.716787714425562e-10,4.853757090882157e-10,4.678139599867198e-10,1.6934523547340853e-06,0.999996945933269,4.664096857032262e-10,4.675411402609672e-10,5.823818067185895e-10,2.5527890767029824e-06,1.0567914438152791e-06,4.678139599500103e-10,7.713686407837766e-10,7.713686408205184e-10
1.334164934258017e-05,1.033081858153601e-13,2.577580411145186e-10,5.848679167054087e-10,1.3550748711884463e-13,1.5993148624082965e-14,-4.154256303577532e-14,1.1659105575544218e-06,1.41129415941377e-05,-1.403811068745422e-14,-5.859810447229928e-14,-9.579030334464291e-14,7.24295451949369e-15,-1.9096183679672484e-10,1.8651598852362e-13,1.8925030691358656e-14,1.687170837230419e-13,1.2942384073091902e-13,5.849137076240973e-10,5.850019406713701e-10,5.850905584786701e-10,-1.0647930445199134e-13,1.4816351786970404e-13,5.849081166771159e-10,5.84983725531651e-10,2.2732638783904766e-14,5.850853145793544e-10,-3.47608894144712e-14,5.848711337779528e-10,5.848743018271218e-10,1.1657743979148004e-06,5.849331874967531e-10,-5.643049241803856e-15,5.850019406035317e-10,1.1657631522229214e-06,-1.5628706055704095e-13,1.3847706634546567e-10,-2.7565820857433834e-10,-1.8734379678450325e-10,1.9244184071317525e-13,-3.2491998796858716e-10,5.849101025398159e-10,1.1658340490284886e-06,5.84992193604701e-10,-2.2540406991611907e-14,-9.236830327506522e-15,-1.3937099446877385e-10,5.848920341836731e-10,-3.47608894144712e-14,1.1197765529170826e-13,7.237032850445678e-15,1.1657475772616845e-06,-5.793868577736235e-14,1.950722064679932e-15,5.849631432184214e-10,-4.501331625757592e-14,1.1658400440888895e-06,5.850885590001095e-10,5.851100871863681e-10,6.3643496763016475e-15,5.849906474331534e-10,5.850489975450371e-10,5.850657627434949e-10,-2.339916387116097e-13,1.2104671960334174e-13,-3.630541915453578e-15,-3.4760817788759527e-14,2.551757117153277e-13,5.850019405907431e-10,9.31002688541724e-15,-3.59322616819489e-14,1.6408498082868112e-13,3.491819842324145e-14,-2.745438617976262e-10,-3.4760817788759527e-14,-1.0647927084663449e-13,-1.0647923384783419e-13
1.3143390593974234e-05,1.2885478655170275e-13,9.51439202110237e-13,4.850237539332535e-10,-2.4015918028753516e-13,-4.2386367404668575e-09,6.722611791929086e-13,4.861196371506828e-10,-1.403811068745422e-14,1.4124072075646796e-05,6.384350541212984e-13,1.7198450199822268e-13,3.800440904231511e-09,-2.4740451977292204e-13,1.0715906215994246e-14,2.927483930913351e-13,-5.099566312121633e-13,4.071630803035732e-13,4.856196663085458e-10,4.857685122787857e-10,4.860507248344824e-10,2.0493793187015352e-13,6.6911375737505056e-15,4.854635798353572e-10,4.85319575081543e-10,9.993626413876321e-14,4.858823876382442e-10,1.7823417790524692e-12,4.850473556143981e-10,9.72093199495464e-07,9.675162126217292e-07,4.852041278156919e-10,-5.6062756663957505e-09,4.857685123432518e-10,4.854212491842545e-10,-1.760920309841745e-13,-7.276245740890008e-13,-2.3877446139813474e-13,-7.218383716541509e-13,8.550045152165226e-15,-4.764028851688807e-13,4.855528977004519e-10,4.86082273919427e-10,4.860157923159742e-10,7.606418696869776e-14,-3.219052033814994e-12,-6.061353209990647e-13,4.853217404675975e-10,1.7823421120944629e-12,-3.548392933577146e-13,-5.315044099303443e-12,4.864417517043252e-10,-2.5531334922275365e-09,6.151058288797656e-13,4.861773961558275e-10,1.1984710510767804e-12,4.852515946580626e-10,4.854146934970745e-10,4.863934348054619e-10,1.3489684610396345e-13,4.850304637222527e-10,4.850389276653104e-10,4.857960937850318e-10,1.3804279022452085e-13,-4.388394456226245e-13,-4.40093753646594e-09,1.7823417790524692e-12,3.0065179056674335e-13,4.857685123500789e-10,-5.714155443040788e-12,2.0326065794563824e-12,3.625396398272865e-13,-7.485176207265345e-13,-9.944329135311246e-13,1.7823421177448102e-12,2.0493817068430773e-13,2.0493793187015352e-13
1.395996100377358e-05,2.146746081122293e-14,4.184352278740024e-10,8.951055943854724e-10,-7.537654571427707e-15,-2.580569085281325e-13,1.3204311497474415e-10,1.7841098919481092e-06,-5.859810447229928e-14,6.384350541212984e-13,1.4113332174078288e-05,-2.056109949426832e-11,2.196335420872435e-13,-6.256475474314561e-14,2.0606144129984158e-13,1.880259502419051e-14,-1.944485160499185e-14,2.5393099214231867e-10,8.951954839593709e-10,1.7842013935138547e-06,1.7843361522041786e-06,-1.68712853711245e-11,1.0369655253408731e-13,1.7838945300174784e-06,1.7840306477544045e-06,2.358426317325928e-14,8.95372281502393e-10,1.9154629353853593e-13,8.951224781207298e-10,8.954442941197344e-10,1.7840839002009584e-06,8.951103909136932e-10,-3.4715967741487774e-13,1.7842013935138543e-06,1.7840403836381085e-06,-2.924017978937497e-10,-3.177848099506279e-14,-8.21908629621116e-14,-1.168691345526666e-13,2.07217201366332e-13,-1.0059722822994808e-13,8.951895246711815e-10,1.784231350052993e-06,1.7842587539200743e-06,-8.652167309939363e-15,-3.9492356067295117e-13,-1.0104557604084576e-13,8.95127343668417e-10,1.9154629353853593e-13,1.756340015411393e-10,-6.497879024543822e-13,8.952650241374076e-10,-1.9146304180723692e-13,5.2172258967370034e-14,1.7842577867280225e-06,2.7499728932620236e-10,8.95224590445133e-10,8.953423373724219e-10,8.954244883287715e-10,3.641005351754931e-14,1.7839978941348362e-06,8.952207840119296e-10,8.953629385798306e-10,-2.9718474621085096e-10,-3.8069769430511984e-14,-2.74097829917027e-13,1.915463368707257e-13,2.2518092385555895e-13,1.7842013935138558e-06,-6.891294341330162e-13,2.226601437549359e-13,2.407106228859612e-13,-7.696154567137744e-14,-1.6108291881079305e-13,1.915465444380605e-13,-1.6871285370350416e-11,-1.6871285371038243e-11
1.3714216673008321e-05,1.906299512040369e-14,3.734160810772984e-10,7.717785468600213e-10,3.0430351916000364e-14,-7.935585940120406e-14,-9.878509744721462e-12,7.718768611750027e-10,-9.579030334464291e-14,1.7198450199822268e-13,-2.056109949426832e-11,1.411310511378348e-05,5.818108950174092e-14,-6.522268227276747e-14,3.2032005868502815e-13,-1.8399098250623464e-15,5.50773117477528e-14,2.8396877060325946e-10,7.718348648883692e-10,1.5384396779563195e-06,7.720554621529758e-10,-1.1295462461989324e-10,1.6673103247927617e-13,1.538054786848987e-06,1.5383124022222039e-06,2.312050899174622e-14,7.720751805898039e-10,2.190638473634228e-14,7.718005509206753e-10,7.718878229190397e-10,1.5383404027499202e-06,7.717713053601002e-10,-1.1676808884153852e-13,1.5384396779563197e-06,1.5382948014481592e-06,-4.233266889844236e-10,6.307786991788711e-14,-1.0226226317502798e-13,-8.504767346383818e-14,3.234292183055571e-13,-9.763590886106363e-14,7.718352664158344e-10,1.538399505996419e-06,1.5384547720115254e-06,-2.2578868678123052e-14,-1.3490695877835866e-13,-7.158922100026837e-14,7.717730268067243e-10,2.190622631728848e-14,3.751482973854032e-10,-2.0831490864292267e-13,7.718291582928329e-10,-1.0466461960010508e-13,-1.4310096241252559e-12,1.5384020665665772e-06,5.237570634654005e-11,7.719388637652243e-10,7.720962883768771e-10,7.720789911165142e-10,3.507799330730893e-14,1.5383440370579516e-06,7.719698642129354e-10,7.720718243552303e-10,-5.333956745831371e-10,1.8533151657000778e-14,-9.427603933601056e-14,2.1906287099820898e-14,3.154911619254617e-13,1.5384396779563195e-06,-2.096827733112061e-13,3.3234636541048266e-14,3.2087590441161896e-13,-4.818738144400354e-15,-1.0966594747901467e-13,2.190638473634228e-14,-1.1295462461922543e-10,-1.1295462461981508e-10
1.315408868290426e-05,4.510639497218206e-14,3.171622705324964e-13,4.907021307037964e-10,-8.093432628924137e-14,-7.474199602745197e-13,2.2599458863792073e-13,4.91039037822667e-10,7.24295451949369e-15,3.800440904231511e-09,2.196335420872435e-13,5.818108950174092e-14,1.4114496881096639e-05,-7.364831335115946e-14,1.7052118533136564e-14,2.3800681425921295e-14,-1.828685534322195e-13,1.186860096724326e-13,4.909130096285142e-10,4.909576475614778e-10,4.910528107136133e-10,7.299347499293593e-14,-1.0206782607733906e-14,4.908440139026723e-10,4.908014233846524e-10,3.0714904260656193e-14,4.909778729509809e-10,6.714578589637184e-13,4.907172466152936e-10,4.9167905283384e-10,9.7821444144746e-07,4.907484926292614e-10,-9.781327762824284e-13,4.909576475601587e-10,4.908455518990119e-10,-4.419763784263754e-14,-2.552185469644764e-13,-5.3441156169244337e-14,-1.9588146842190905e-13,1.0314891267345998e-14,-1.245121592748388e-13,4.908916351532924e-10,4.910619005343987e-10,4.910391307803708e-10,2.571021294665647e-15,-1.0891765687061528e-12,-1.9143450123620062e-13,4.907921701507292e-10,6.71457858963745e-13,-1.1554439356775303e-13,-1.8717664626222606e-12,4.911576205384856e-10,-4.61362653072102e-13,1.4509324634095628e-13,4.91098844164609e-10,4.186019436758132e-13,4.90755776931425e-10,4.908212272170992e-10,4.911738749566219e-10,5.755276981280713e-14,9.778862835798344e-07,4.907024442718733e-10,4.909706950848032e-10,7.509826972312225e-14,-1.9172629415853464e-13,-7.677083142121538e-13,6.714575522160925e-13,8.118739535294017e-14,4.909576475713314e-10,-2.0091216872510594e-12,7.544242308126804e-13,1.3926001376550936e-13,-5.30483093733373e-10,-3.2311223331714884e-13,6.714571113850772e-13,7.299345225729352e-14,7.299347499293593e-14
1.3340391791165823e-05,8.982775918343847e-14,2.4356371749381386e-14,5.843189419465572e-10,1.2769560785597307e-13,1.1027545185854603e-13,-4.877148702782562e-14,1.1646395889301841e-06,-1.9096183679672484e-10,-2.4740451977292204e-13,-6.256475474314561e-14,-6.522268227276747e-14,-7.364831335115946e-14,1.4113086765112607e-05,5.407086794357492e-14,1.0614739668118649e-14,3.147030230606791e-10,1.1723318516305037e-10,5.843151836017903e-10,5.843444593406725e-10,5.84384160128939e-10,-7.519346386999295e-14,7.76500677528787e-14,5.843377783797969e-10,5.843627820906392e-10,8.68956262361149e-15,5.843860231868102e-10,-9.798946473375002e-14,5.843114870405152e-10,5.841975388112566e-10,1.164516833458239e-06,5.843704381928257e-10,1.2434400134469095e-13,5.843444593518718e-10,1.1645259361841813e-06,-6.069156381958394e-14,1.2395377550797263e-10,-1.755601773217062e-10,-7.625294262612268e-11,5.902825981680387e-14,-2.1639786404802906e-10,5.843132308867737e-10,5.84349712882644e-10,5.843248054914938e-10,-1.477059337790503e-14,1.4012615102880263e-13,-4.56583945574587e-11,1.1644829034858439e-06,-9.798952441092761e-14,4.8748210880078306e-14,2.5010441449351455e-13,1.1645101606430988e-06,2.270791290516177e-14,-1.5718667028221163e-14,5.84302002120659e-10,-8.158219318567988e-14,1.1645966708890708e-06,5.843968133477603e-10,5.843927109353771e-10,-1.4013670666130391e-14,5.843747963701918e-10,5.844071041363941e-10,5.843662980625476e-10,-2.4756392327255595e-10,1.2415964343065433e-13,9.971933843842627e-14,-9.798952441092761e-14,1.1556306710067279e-13,5.843444593474475e-10,2.643141750644965e-13,-1.1121478789432652e-13,2.045732285430373e-14,5.71564510590308e-14,-1.2699878989886904e-10,-9.798952441092761e-14,-7.519355908961584e-14,-7.519349084942954e-14
1.3288473082909285e-05,1.9202028171723412e-13,-1.2035878306711442e-09,5.588922847873563e-10,1.3701730334596066e-13,6.200341042582604e-14,2.2291415993928842e-13,5.587085063906453e-10,1.8651598852362e-13,1.0715906215994246e-14,2.0606144129984158e-13,3.2032005868502815e-13,1.7052118533136564e-14,5.407086794357492e-14,1.411041125551598e-05,1.8973635992113555e-15,2.960919702290573e-15,-9.033322811993965e-10,5.586482685825772e-10,5.581434594788017e-10,5.578152665669075e-10,3.260933645214394e-13,-1.2666099231833919e-09,5.589578175689714e-10,1.1126789330394697e-06,-1.926637944549635e-10,5.5780633614192e-10,1.744810076098365e-13,5.587628036954797e-10,5.588118714970832e-10,1.1125982996247431e-06,5.589402021724354e-10,9.761601212665026e-14,5.581434594765744e-10,1.1127890649387407e-06,8.603484799697258e-13,-7.815598866324472e-10,4.387724015951767e-10,3.1410895771776695e-10,-2.813310544103221e-09,6.652526135718868e-14,5.586207669370809e-10,1.112610694712244e-06,5.581200414574602e-10,6.099913306390127e-14,1.5941914515783707e-13,1.2228597035771263e-13,5.589786418132612e-10,1.744810300945939e-13,-1.6457182655179966e-09,1.738837264433632e-13,5.589542210797026e-10,1.725497246142728e-13,3.516129134538068e-14,5.582366257258506e-10,1.237151586343675e-13,5.583127500542899e-10,5.57642693984022e-10,5.579684279098544e-10,-3.9469353050304014e-10,5.582527389525601e-10,1.1120109451625684e-06,5.57707765493881e-10,1.0572465993932158e-12,6.434862471587502e-14,9.924744045927911e-14,1.744809951377567e-13,-2.332680604013584e-09,5.581434595295035e-10,1.0391507726821273e-13,1.4633144983250635e-13,-2.822331351935482e-09,-1.4004676203673287e-10,7.114613472951424e-14,1.744808547037311e-13,3.260933542728866e-13,3.260933542728866e-13
1.3109998844299299e-05,4.858642362092802e-14,-1.926000459539212e-14,4.687343492649238e-10,4.496739869935266e-14,-1.1978424515674806e-13,5.894465805454867e-15,4.686559682532089e-10,1.8925030691358656e-14,2.927483930913351e-13,1.880259502419051e-14,-1.8399098250623464e-15,2.3800681425921295e-14,1.0614739668118649e-14,1.8973635992113555e-15,1.4112663652439457e-05,1.4205703348807988e-15,-6.87795066803917e-14,4.687700458091629e-10,4.687416186808419e-10,4.68742451929021e-10,9.777408148434756e-15,-5.2558499642629233e-14,4.687304937410941e-10,4.68729485551592e-10,-1.3801761450950975e-14,4.68671737670727e-10,2.791943127965277e-13,4.687529018117812e-10,4.689117075554465e-10,9.341247755604718e-07,4.687017660025634e-10,-1.2507161532256432e-13,4.687416186808419e-10,4.687689971470834e-10,6.586939565708249e-14,-5.295448016187672e-14,7.587007341945191e-14,1.5730462927421768e-13,-1.9435021570404356e-14,9.046148925065064e-14,4.687709569479532e-10,4.687524578194045e-10,4.68731778017036e-10,-8.911959192034004e-14,-2.923243786886597e-14,3.224562050800658e-14,4.687096856328346e-10,2.791943127965277e-13,-1.6157166260195833e-14,-3.2366560702690895e-13,4.686907681723379e-10,-2.4664528647361224e-10,-4.540448863607321e-10,4.687527336526831e-10,5.83642267474247e-14,4.686482852663535e-10,4.686624851637547e-10,4.687829702373093e-10,3.168563057339629e-14,4.687062566010188e-10,4.687032828796295e-10,4.687409799889724e-10,1.1080738319038774e-13,-2.59715781468754e-10,-9.607191374229838e-14,2.7919416635795324e-13,-8.721843284416499e-14,4.687416186848704e-10,-3.412342620612728e-13,2.7329185724389224e-13,1.0670482628139805e-14,-5.574603246061008e-14,4.074445229289705e-15,2.7919399444294994e-13,9.777193261050196e-15,9.77730552300741e-15
1.3237599805142708e-05,-4.250497868627776e-10,-1.4240153273367286e-13,5.32863205561417e-10,-4.3390945952575753e-10,3.4903533307778e-10,-4.893141039024851e-14,5.325586291424786e-10,1.687170837230419e-13,-5.099566312121633e-13,-1.944485160499185e-14,5.50773117477528e-14,-1.828685534322195e-13,3.147030230606791e-10,2.960919702290573e-15,1.4205703348807988e-15,1.4112797084308491e-05,-1.156209719946098e-13,5.327936873195274e-10,5.327445522803453e-10,5.32665184180528e-10,6.465915455217119e-14,-8.124312388564649e-14,5.327514121258701e-10,5.32775455562083e-10,-1.4202176879125759e-14,5.326937250627101e-10,-1.8892354015101207e-13,5.328801286122913e-10,5.32594743070936e-10,1.061725281680363e-06,5.327557863278001e-10,2.6166898892479953e-13,5.327445523022417e-10,1.0617064679248765e-06,7.791478793809393e-14,5.436681201228113e-14,1.733610977707215e-13,2.910793698565495e-10,-7.682066587312326e-16,2.60674638003898e-13,5.328104077156118e-10,5.326698741874912e-10,5.327442428200209e-10,3.38742849944828e-14,2.7112477289945237e-13,2.6088407992481276e-10,5.327912151324527e-10,-1.889235404630883e-13,3.214594586974531e-14,4.821568126549641e-13,5.325922678298539e-10,1.9147818512759208e-13,-1.73936110983105e-14,1.0616789297088449e-06,-7.825437726427838e-14,5.327576104191417e-10,5.327611929596387e-10,1.0613029994142883e-06,1.885581772370011e-14,5.328106937614857e-10,5.327848646937082e-10,5.327409168517876e-10,1.1917153167108366e-13,-2.582060696736498e-10,1.9940925941535523e-13,-1.889235404634059e-13,-1.5558559770488463e-13,5.327445522956661e-10,1.0584404352890015e-09,-2.0207505881631508e-13,7.57078163248382e-15,4.431822397364101e-14,2.8403777160004867e-13,-1.889233440471745e-13,6.465880184817598e-14,6.465881318707523e-14
1.791468959361931e-05,1.6971770374167998e-14,-3.1532694047368167e-10,2.8798961338028163e-09,-3.6343518079436296e-14,-1.4459190637092335e-13,2.413111201614902e-10,5.738970028830409e-06,1.2942384073091902e-13,4.071630803035732e-13,2.5393099214231867e-10,2.8396877060325946e-10,1.186860096724326e-13,1.1723318516305037e-10,-9.033322811993965e-10,-6.87795066803917e-14,-1.156209719946098e-13,1.411288358389792e-05,5.739096818297206e-06,5.738733149220346e-06,5.738518175402633e-06,3.085684226906163e-10,-4.985871682143915e-10,5.7392039780555025e-06,5.738789803097116e-06,-5.3678978177599135e-11,5.738455850206371e-06,2.4740365920600356e-13,2.879868863011927e-09,2.8800804731829456e-09,5.73879905480218e-06,5.739135406259058e-06,-1.6451427854566268e-13,5.738733149220346e-06,5.7388597339267385e-06,6.648598146199943e-10,-3.72664894665316e-10,1.426886592481716e-13,9.84968746357292e-14,-9.253013654201359e-10,1.0758315344294333e-13,5.739079432634926e-06,5.738842701394511e-06,5.738754674252741e-06,9.219353491252473e-15,-1.425293804583877e-13,4.7537507086701897e-14,5.739213759012908e-06,2.4740366012267255e-13,-5.766442937655823e-10,-3.509825310359837e-13,5.73923693134696e-06,-2.9672385245822823e-14,-1.9391338333528162e-14,5.738875055917814e-06,2.86112916633234e-10,5.738701965324269e-06,2.8794605990472042e-09,5.738631292699952e-06,-5.986544266398687e-11,5.738696862073632e-06,5.738515648210123e-06,2.879535834680214e-09,9.084353209890252e-10,-1.0828837855357314e-13,-1.2262372995815974e-13,2.474036749009869e-13,-8.731467132970501e-10,5.738733149220346e-06,-3.9783414585582847e-13,2.5344266278754816e-13,-8.38741710684895e-10,-1.7318091510300633e-10,4.127019968740554e-14,2.474036555747679e-13,3.0856842269321657e-10,3.085684226907605e-10
1.000013017587846,4.846395543989965e-10,5.61865239749351e-06,0.9999992986764904,4.842369290208385e-10,5.073761287036619e-10,9.695112258832852e-10,0.9999984594333952,5.849137076240973e-10,4.856196663085458e-10,8.951954839593709e-10,7.718348648883692e-10,4.909130096285142e-10,5.843151836017903e-10,5.586482685825772e-10,4.687700458091629e-10,5.327936873195274e-10,5.739096818297206e-06,1.0000136110561677,0.9999979843831576,0.9999991450630132,7.713084277299111e-10,9.454020938269117e-10,0.9999976132523866,0.9999970346108018,2.5436944249369404e-06,0.9999996065021126,4.675721086425566e-10,0.9999994088108524,0.9999992758364802,0.9999972757624686,0.9999989082091112,4.6698034761648e-10,0.9999979843831593,0.9999968348014403,7.543107065821904e-06,9.50074887631817e-10,1.2104526812309762e-06,5.248006829028012e-10,5.581476781373273e-10,5.047083053431343e-10,0.9999994156349992,0.9999971435975755,0.9999981015717696,4.683800212733248e-10,4.661194624211218e-10,5.804149018928965e-10,0.9999992249941297,4.675721081746338e-10,2.328384307662006e-06,5.33385883148825e-10,0.9999988549951736,5.026551790657843e-10,4.859570672879554e-10,0.9999980795599993,1.0600280582718821e-09,0.9999993219427729,0.9999991685262586,0.9999993739031465,2.0659040312180177e-06,0.9999979743197782,0.9999981564531408,0.999999162258648,7.393098173688154e-06,4.719179966510591e-10,4.85575859100812e-10,4.675721082016956e-10,8.498550909613465e-10,0.9999979843831588,4.669604374789907e-10,4.672778272591371e-10,5.822640295301157e-10,2.5529810355548657e-06,5.302028306522025e-10,4.675721084104567e-10,7.713084276734438e-10,7.71308427249499e-10
1.000011503865876,4.846867050002765e-10,5.618223033680103e-06,0.9999977853885332,4.842504885306971e-10,5.073324456224462e-10,1.932303419172801e-06,0.9999969459332674,5.850019406713701e-10,4.857685122787857e-10,1.7842013935138547e-06,1.5384396779563195e-06,4.909576475614778e-10,5.843444593406725e-10,5.581434594788017e-10,4.687416186808419e-10,5.327445522803453e-10,5.738733149220346e-06,0.9999979843831576,1.0000105837866784,0.9999976309794023,1.5374036095678007e-06,9.451512103697584e-10,0.999996100002259,0.9999955209116139,1.2763740585379706e-09,0.9999980924245035,4.67700387711164e-10,0.9999978954377237,0.9999977626438373,0.9999957620494525,0.9999973948921125,4.66937822111082e-10,0.9999964705769591,0.9999953211535659,7.543731128083446e-06,9.499028014147207e-10,6.075037522498722e-10,5.248705902124318e-10,5.576378233810731e-10,5.047607451535188e-10,0.999997902151968,0.9999956299020297,0.9999965877635124,4.683965358580855e-10,4.660998408733784e-10,5.804576203314031e-10,0.999997711750113,4.677003873836346e-10,2.3277819561011854e-06,5.332941712306427e-10,0.9999973417309228,5.026815405951437e-10,4.859557978962973e-10,0.9999965658518277,2.112654596201959e-06,0.9999978081989898,0.9999976543265464,0.9999978599642732,1.0365958758872443e-09,0.9999964605519169,0.9999966424593627,0.9999976481224379,7.3939078314970395e-06,4.718875684022759e-10,4.855500928031898e-10,4.677003876013773e-10,8.494097715624424e-10,0.9999964705769585,4.668346470649619e-10,4.67401635796403e-10,5.817675063565752e-10,1.281017589061163e-09,5.302305553774364e-10,4.677003875250759e-10,1.537403610130418e-06,1.5374036094761765e-06
1.0000126643305243,4.846959653751884e-10,5.618006925690581e-06,0.9999989460898244,4.84220836916544e-10,5.07236938820276e-10,1.9324343893353086e-06,0.999998106604288,5.850905584786701e-10,4.860507248344824e-10,1.7843361522041786e-06,7.720554621529758e-10,4.910528107136133e-10,5.84384160128939e-10,5.578152665669075e-10,4.68742451929021e-10,5.32665184180528e-10,5.738518175402633e-06,0.9999991450630132,0.9999976309794023,1.0000129044872972,7.715417623523853e-10,9.449826002425357e-10,0.9999972607519818,0.9999966813684706,1.276359583568171e-09,0.9999992526529545,4.678451888362904e-10,0.9999990560973271,0.999998923590209,0.999996922507074,0.9999985556319952,4.66824088539598e-10,0.9999976309794023,0.9999964816511845,7.544162389090232e-06,9.497771785898755e-10,6.075877700686754e-10,5.249093909290751e-10,5.573048571883744e-10,5.048169882448786e-10,0.999999062818746,0.9999967903991295,0.9999977481855035,4.684169008596379e-10,4.659826738160167e-10,5.804817726910141e-10,0.9999988725084891,4.678451886570711e-10,1.1678530736802728e-09,5.330607006282543e-10,0.9999985025553462,5.026728329264029e-10,4.859847077400834e-10,0.999997726354916,2.1128103583114646e-06,0.9999989686025517,0.9999988144340698,0.9999990202952544,1.0365723577717337e-09,0.9999976209303733,0.9999978027598577,0.9999988083451816,7.394500164360183e-06,4.718346629744309e-10,4.854645066718627e-10,4.678451888885672e-10,8.491118692477437e-10,0.999997630979402,4.665682113607877e-10,4.675534635383868e-10,5.814646005050872e-10,1.2809621592479801e-09,5.302521715572815e-10,4.678451888755195e-10,7.715417628412103e-10,7.715417621429706e-10
1.3713174802922197e-05,2.8293019096297956e-14,4.016524575582748e-10,7.712471676548384e-10,3.911918718416581e-14,-9.10002074210476e-14,-1.9220105997191287e-12,7.713686406952388e-10,-1.0647930445199134e-13,2.0493793187015352e-13,-1.68712853711245e-11,-1.1295462461989324e-10,7.299347499293593e-14,-7.519346386999295e-14,3.260933645214394e-13,9.777408148434756e-15,6.465915455217119e-14,3.085684226906163e-10,7.713084277299111e-10,1.5374036095678007e-06,7.715417623523853e-10,1.411309057983431e-05,1.7591487886012867e-13,1.5370099931733866e-06,1.5372692652490547e-06,2.5184702054482384e-14,7.715625968944315e-10,2.5957177750853537e-14,7.712681187708108e-10,7.713729039208216e-10,1.5372985461815252e-06,7.712469685632201e-10,-1.3516345782391264e-13,1.537403609567801e-06,1.537250330705245e-06,-4.4446497997370717e-10,6.158718419939438e-14,-1.1622468060792224e-13,-1.0200872553889366e-13,3.302668712489145e-13,-1.1702817055710586e-13,7.713077879741288e-10,1.5373709727899747e-06,1.5374212637751324e-06,-2.0891585052356523e-14,-1.590775696935359e-13,-8.231254953619545e-14,7.712469485906136e-10,2.5957177750853537e-14,3.7814498145459127e-10,-2.38872643924896e-13,7.713179543520674e-10,-1.1485809071445886e-13,1.091345661861725e-14,1.5373667030224577e-06,6.34208674672189e-11,7.714196598150013e-10,7.715797252048086e-10,7.715702617321197e-10,3.407276353264306e-14,1.537298132578903e-06,7.71447235160538e-10,7.715539584803434e-10,-5.62195513951382e-10,2.900299977551779e-14,-1.0855228363447105e-13,2.5957065808846036e-14,3.3325586582564423e-13,1.5374036095678015e-06,-2.431714308025271e-13,3.9120610016881534e-14,3.2716558499169474e-13,-7.023042597671803e-15,-1.2857996727439196e-13,2.5956933350415558e-14,-1.2110564975655314e-10,-1.2110564975713953e-10
1.405955836263702e-05,2.639887594826864e-14,-6.089528557962701e-10,1.8842616800382313e-06,-8.656237965643902e-15,1.8726254770992955e-14,9.89523988411252e-14,1.8838982838752534e-06,1.4816351786970404e-13,6.6911375737505056e-15,1.0369655253408731e-13,1.6673103247927617e-13,-1.0206782607733906e-14,7.76500677528787e-14,-1.2666099231833919e-09,-5.2558499642629233e-14,-8.124312388564649e-14,-4.985871682143915e-10,9.454020938269117e-10,9.451512103697584e-10,9.449826002425357e-10,1.7591487886012867e-13,1.4112559851390492e-05,1.8842592072858838e-06,1.8837093584698222e-06,-9.652668396912564e-11,9.44968262534086e-10,1.1274450784555878e-13,1.8841659559933322e-06,1.8841964286608456e-06,1.8836808988234063e-06,1.8842259761848538e-06,4.9434906388749737e-14,9.451512103750358e-10,1.8837702981014874e-06,8.591264797518464e-10,-3.681417941413639e-10,1.727495907865079e-13,1.4262622995456573e-13,-1.2840676290500152e-09,1.3179987284724186e-13,9.453942486864129e-10,1.8836469945154505e-06,9.451435344213564e-10,2.1862588168055225e-14,9.331377534094358e-14,9.619665351497526e-14,1.8842920617990028e-06,1.1274444134251065e-13,-7.452318097145481e-10,6.453299881977916e-14,1.884171239704952e-06,9.14808868479062e-14,-2.6887295009931027e-14,9.45205209392343e-10,6.656620557369746e-14,1.8836367198859687e-06,9.449052141330908e-10,9.450295143064231e-10,-1.4399356887089846e-10,9.452005446721489e-10,1.8833927584141026e-06,9.449538495071289e-10,1.0985296369372e-09,-5.353141076831245e-14,4.749957897224035e-14,1.1274447236093251e-13,-1.1908066171858956e-09,9.45151210473057e-10,3.770603337680168e-14,9.936609105172314e-14,-1.2539369051896327e-09,-8.590447305763467e-11,1.1220991798638801e-13,1.1274447236091574e-13,1.759146502425929e-13,1.759146502425929e-13
