0.9999999987449377,0.9999954918239133,7.071375414221242e-07,0.9999954918239093,7.41634992028603e-07,7.129065986249203e-07,0.9999954955114992,7.137152395061196e-07,0.9999954918239127,0.9999954917275444,7.26129323189528e-07,0.9999954918239112,7.213490043013431e-07,7.200618900310739e-07,7.470679946252979e-07,7.203051899272179e-07,7.244321651807605e-07,7.129065991334112e-07,7.363851825121067e-07,0.9999954918239109,0.9999954857603391,7.137152396291874e-07,7.139213317746541e-07,0.9999954917275439,7.300209431164324e-07,7.139674269242862e-07,7.32518587689027e-07,0.9999954918239101,0.9999954918239097,7.324690173108349e-07,7.381864876950608e-07,7.139213315621394e-07,7.071375411173208e-07,0.9999956159991704,7.071375408392617e-07,7.071375410970252e-07,7.378630999056504e-07,0.9999955969549233,0.9999954918239112,7.47067995644883e-07,0.9999956391291327,7.069152617171053e-07
0.9999954918239133,0.9999948751242829,5.540526705559853e-11,0.9999938109098422,7.277381619881169e-11,5.830983355051593e-11,0.9999938145974273,5.871696323472902e-11,0.9999938109098432,0.9999938108134749,6.496712242753492e-11,0.9999938109098441,6.256035867556292e-11,6.191233261197311e-11,7.550918858690424e-11,6.203482634757236e-11,6.411265102383695e-11,5.830983259033674e-11,7.013067639008974e-11,0.9999938109098441,0.9999938048462776,5.871696326473294e-11,5.88207248688437e-11,0.9999938108134754,6.692645058441569e-11,5.884393244063735e-11,6.818394935752521e-11,0.9999938109098434,0.9999938109098429,6.815899152882973e-11,7.103758889497805e-11,5.882072537101811e-11,5.540526751673599e-11,0.9999939350849822,5.540526710547773e-11,5.540526748745389e-11,7.087476903236193e-11,0.9999939160407522,0.9999938109098422,7.55091897417909e-11,0.999993958214923,5.529335533884983e-11
7.071375414221242e-07,5.540526705559853e-11,1.0642146261949614e-06,5.5405266997932236e-11,7.43882932118692e-18,5.755294858607823e-18,5.540526731610263e-11,5.819670311207676e-18,5.540526715561364e-11,5.5405267054185856e-11,6.574223285911648e-18,5.5405267222453004e-11,6.111515055355332e-18,6.140547438710303e-18,7.894282179552852e-18,1.2199471156398924e-14,6.453155500127462e-18,5.568335683765375e-18,6.989163977196155e-18,5.5405267222453004e-11,5.5405266761179703e-11,5.816894521447512e-18,5.862209907126173e-18,5.540526703484355e-11,6.828511095677834e-18,5.978014511976036e-18,6.990570393580086e-18,5.540526714557984e-11,5.54052671830979e-11,6.9104002581453865e-18,7.349174566748504e-18,5.679578666390971e-18,1.1004138413607907e-14,1.1004594108704184e-07,1.1004138271174089e-14,1.1004138444140094e-14,7.301614236306599e-18,5.540527332352965e-11,5.5405267285781836e-11,7.876816597164831e-18,5.54052759058725e-11,1.099509513164162e-14
0.9999954918239093,0.9999938109098422,5.5405266997932236e-11,0.9999948751242781,7.27738161647608e-11,5.830983351395966e-11,0.9999938145974246,5.8716963275062e-11,0.9999938109098413,0.9999938108134739,6.496712253822436e-11,0.9999938109098411,6.256035861076018e-11,6.191233264793075e-11,7.550918849641e-11,6.203482635242582e-11,6.411265102383695e-11,5.830983239727436e-11,7.013067639008974e-11,0.999993810909841,0.9999938048462743,5.871696323376765e-11,5.882072483331792e-11,0.9999938108134732,6.692645060144646e-11,5.88439325019084e-11,6.818394935752521e-11,0.999993810909841,0.9999938109098403,6.815899152882973e-11,7.103758889497805e-11,5.882072537101811e-11,5.540526753837485e-11,0.9999939350849805,5.5405266996117577e-11,5.540526760074187e-11,7.087476903236193e-11,0.999993916040749,0.9999938109098413,7.550918981924513e-11,0.9999939582149199,5.529335531835192e-11
7.41634992028603e-07,7.277381619881169e-11,7.43882932118692e-18,7.27738161647608e-11,1.0642146361503315e-06,7.969581154993914e-18,7.277381652314852e-11,7.704625314523081e-18,7.277381601557232e-11,7.277381607997245e-11,1.6991212332671323e-14,7.277381604060449e-11,1.62390845067254e-14,1.6040157192891338e-14,9.604170517684094e-18,8.043019540225375e-18,8.345411087168097e-18,7.66162344196377e-18,9.25005134384159e-18,7.27738162242245e-11,1.4454333306106278e-07,7.719166963333311e-18,7.599166643019275e-18,7.27738162277124e-11,8.47863099877075e-18,7.478643701091711e-18,1.7998471452311856e-14,7.277381619881169e-11,7.277381603059572e-11,1.7990120485590826e-14,1.888502977249132e-14,7.599166643019275e-18,7.43882932118692e-18,1.4454335324911322e-07,7.359750298845944e-18,7.359750298845944e-18,9.306880117753266e-18,1.4454335031623935e-07,7.277381617348931e-11,1.016742396547448e-17,1.4454335684271043e-07,7.335219307748106e-18
7.129065986249203e-07,5.830983355051593e-11,5.755294858607823e-18,5.830983351395966e-11,7.969581154993914e-18,1.0642146286971912e-06,5.830983382394211e-11,6.2453492253581135e-18,5.830983359861133e-11,5.83098336016166e-11,6.936421586840445e-18,5.830983351395966e-11,6.698314686121362e-18,6.494760459791148e-18,7.980025016960999e-18,6.528560416756588e-18,6.717770131823735e-18,1.2387612072807366e-14,7.325978517931802e-18,5.830983346939799e-11,5.830983314017802e-11,6.184469879724687e-18,6.253465803371433e-18,5.830983370580423e-11,7.153897530648928e-18,6.253902076899224e-18,7.350895749636183e-18,5.830983359861133e-11,5.830983361302458e-11,7.385676907832545e-18,7.798923678122302e-18,6.2937016466467316e-18,5.747208269288423e-18,1.1581499130727008e-07,5.5868473336976396e-18,5.572338961414234e-18,7.733119481032431e-18,5.830984014355407e-11,5.830983360815521e-11,7.832071153732813e-18,5.830984296676363e-11,5.866960768185744e-18
0.9999954955114992,0.9999938145974273,5.540526731610263e-11,0.9999938145974246,7.277381652314852e-11,5.830983382394211e-11,0.9999948824994445,5.871696357388928e-11,0.9999938145974254,0.9999938145010573,6.496712284011572e-11,0.9999938145974261,6.256035885102514e-11,6.191233285553282e-11,1.4997633062647573e-07,6.203482654386041e-11,1.2734053060255075e-07,5.830983280122858e-11,7.013067653497596e-11,0.9999938145974236,0.9999938085338594,5.87169636124225e-11,5.882072510745023e-11,0.9999938145010573,6.69264504365435e-11,5.884393260916153e-11,6.818394950973027e-11,0.9999938145974254,0.999993814597424,6.815899177004931e-11,7.10375891803605e-11,5.882072563656124e-11,5.5405267562187126e-11,0.9999939387725645,5.540526710683498e-11,5.540526768557276e-11,7.087476930271268e-11,0.9999939197283351,0.999993814597424,1.4997633307556218e-07,0.9999939619025038,5.52933555750736e-11
7.137152395061196e-07,5.871696323472902e-11,5.819670311207676e-18,5.8716963275062e-11,7.704625314523081e-18,6.2453492253581135e-18,5.871696357388928e-11,1.0642146264807082e-06,5.871696327939134e-11,5.871696331063353e-11,6.832753742967749e-18,5.871696323472902e-11,6.6435622456072074e-18,6.437930354378724e-18,8.133245944481977e-18,1.2878072778556608e-14,1.3404756071468596e-14,6.041284352330688e-18,1.4651595827432167e-14,5.871696329880411e-11,5.871696283079482e-11,1.226993550110397e-14,1.2301306722954702e-14,5.871696322728896e-11,7.184941578773536e-18,1.230914689115332e-14,7.414640950619362e-18,5.871696327939134e-11,5.871696327783913e-11,7.402853023820899e-18,7.476611392488881e-18,1.2301306887017011e-14,5.858043137485676e-18,1.1662363210635625e-07,5.819670311207676e-18,5.819670311207676e-18,7.675830750018113e-18,5.871696996751301e-11,5.871696328841242e-11,8.081553498758717e-18,1.1662363501862804e-07,5.7384761775161855e-18
0.9999954918239127,0.9999938109098432,5.540526715561364e-11,0.9999938109098413,7.277381601557232e-11,5.830983359861133e-11,0.9999938145974254,5.871696327939134e-11,0.9999948751242764,0.9999938108134746,6.496712250957887e-11,0.9999938109098417,6.256035853754663e-11,6.191233267197719e-11,7.55091884488364e-11,6.203482635242582e-11,6.411265104058091e-11,5.830983235946255e-11,7.013067650005636e-11,0.999993810909842,0.9999938048462753,5.871696322526726e-11,5.882072481108567e-11,0.9999938108134749,6.692645053044737e-11,5.884393249316469e-11,6.818394925994875e-11,0.9999938109098422,0.9999938109098422,6.815899144862497e-11,7.103758880282512e-11,5.8820725289453e-11,5.540526752490394e-11,0.9999939350849816,5.540526697895311e-11,5.540526760074187e-11,7.087476895993004e-11,0.9999939160407503,0.9999938109098422,7.550918981924513e-11,0.9999939582149213,5.52933553081695e-11
0.9999954917275444,0.9999938108134749,5.5405267054185856e-11,0.9999938108134739,7.277381607997245e-11,5.83098336016166e-11,0.9999938145010573,5.871696331063353e-11,0.9999938108134746,0.9999948749315479,6.496712237437656e-11,0.9999938108134737,6.25603585241397e-11,6.191233262637042e-11,7.550918844919056e-11,6.203482638163347e-11,6.411265109292646e-11,5.830983236834295e-11,1.3929353008177446e-07,0.9999938108134732,0.9999938047499076,5.871696341124263e-11,5.882072478437664e-11,0.9999938107171056,6.692645055277629e-11,5.884393247255499e-11,6.818394929245795e-11,0.9999938108134737,0.9999938108134746,6.815899153959997e-11,7.10375888650403e-11,5.882072524519711e-11,5.5405267581930596e-11,0.9999939349886103,5.540526702250691e-11,5.540526752852301e-11,7.087476910471033e-11,0.9999939159443821,0.999993810813474,7.550918965334284e-11,0.9999939581185516,5.5293355364170015e-11
7.26129323189528e-07,6.496712242753492e-11,6.574223285911648e-18,6.496712253822436e-11,1.6991212332671323e-14,6.936421586840445e-18,6.496712284011572e-11,6.832753742967749e-18,6.496712250957887e-11,6.496712237437656e-11,1.0642146288890295e-06,6.49671225582109e-11,1.443461709709747e-14,1.425660344835016e-14,8.476972939833671e-18,1.4293420762023237e-14,7.530238466893484e-18,6.936421586840445e-18,8.203819855361141e-18,6.496712256311004e-11,6.496712202694538e-11,6.883640540788735e-18,7.006632985891828e-18,6.496712245847344e-11,1.5656822378396054e-14,6.801138884193359e-18,1.6010120586978522e-14,6.496712242753492e-11,6.496712253822436e-11,1.6002624967043504e-14,1.6803819402917273e-14,6.8302712179602945e-18,6.742847695297612e-18,1.2903769838031823e-07,6.6328624259652586e-18,6.508478590189256e-18,1.675906325479169e-14,1.290376957561511e-07,6.496712250256743e-11,8.64968315332178e-18,1.290377015967019e-07,6.553820107046763e-18
0.9999954918239112,0.9999938109098441,5.5405267222453004e-11,0.9999938109098411,7.277381604060449e-11,5.830983351395966e-11,0.9999938145974261,5.871696323472902e-11,0.9999938109098417,0.9999938108134737,6.49671225582109e-11,0.9999948751242775,6.256035860976687e-11,6.191233272780003e-11,7.550918832393596e-11,6.203482633698145e-11,6.411265107897667e-11,5.830983239727436e-11,7.013067639008974e-11,0.9999938109098417,0.9999938048462752,5.871696336487108e-11,5.882072483331792e-11,0.9999938108134732,6.692645060144646e-11,5.884393249316469e-11,6.818394924993452e-11,0.999993810909842,0.999993810909841,6.815899152882973e-11,7.103758887227245e-11,5.882072537101811e-11,5.540526752490394e-11,0.9999939350849816,5.540526697895311e-11,5.540526748718573e-11,7.087476903236193e-11,0.9999939160407494,0.9999938109098413,7.55091897417909e-11,0.9999939582149213,5.52933553081695e-11
7.213490043013431e-07,6.256035867556292e-11,6.111515055355332e-18,6.256035861076018e-11,1.62390845067254e-14,6.698314686121362e-18,6.256035885102514e-11,6.6435622456072074e-18,6.256035853754663e-11,6.25603585241397e-11,1.443461709709747e-14,6.256035860976687e-11,1.0642146280911713e-06,1.3609997732830253e-14,1.6976872682323885e-14,6.839393249790735e-18,6.990070621661414e-18,6.638534314954817e-18,7.844693217676864e-18,6.256035868601021e-11,6.256035808573041e-11,6.624270768634665e-18,1.303960787780886e-14,6.256035866803979e-11,1.4966173351596504e-14,1.3048080154529507e-14,1.5308498275812072e-14,6.256035863816226e-11,6.256035861076018e-11,1.53012040513926e-14,1.6077022860716506e-14,1.3039608056994303e-14,6.117847050259963e-18,1.2425738368006757e-07,6.228148631070921e-18,6.227766484737961e-18,1.6033721006399544e-14,1.2425738114197445e-07,6.256035860790197e-11,1.6976873095296248e-14,1.242573867929042e-07,1.2311058958481083e-14
7.200618900310739e-07,6.191233261197311e-11,6.140547438710303e-18,6.191233264793075e-11,1.6040157192891338e-14,6.494760459791148e-18,6.191233285553282e-11,6.437930354378724e-18,6.191233267197719e-11,6.191233262637042e-11,1.425660344835016e-14,6.191233272780003e-11,1.3609997732830253e-14,1.0642146295170994e-06,1.677133723777129e-14,6.799934828329324e-18,7.079183128438494e-18,6.497158765311211e-18,7.717135788606139e-18,6.191233264793075e-11,6.19123321188015e-11,6.422307765170407e-18,6.4973622374907716e-18,6.19123327028055e-11,1.4783447362467297e-14,6.416924848083141e-18,1.5122755910617527e-14,6.191233256755538e-11,6.191233276672402e-11,1.5115518141381042e-14,1.588437871803871e-14,6.56228640109288e-18,6.140547438710303e-18,1.2297027460169413e-07,6.116352441295327e-18,6.0850197082009465e-18,1.584147438824737e-14,1.2297027208710236e-07,6.191233261197311e-11,1.6771337648659856e-14,1.229702776861948e-07,6.0954904614695525e-18
7.470679946252979e-07,7.550918858690424e-11,7.894282179552852e-18,7.550918849641e-11,9.604170517684094e-18,7.980025016960999e-18,1.4997633062647573e-07,8.133245944481977e-18,7.55091884488364e-11,7.550918844919056e-11,8.476972939833671e-18,7.550918832393596e-11,1.6976872682323885e-14,1.677133723777129e-14,1.06421463590048e-06,8.509941528334913e-18,8.823351080742645e-18,7.761854525262873e-18,9.764179022051756e-18,7.550918847518288e-11,7.550918800077197e-11,8.068585112008261e-18,7.98610607654463e-18,7.550918844873887e-11,1.8385459045636592e-14,7.993068204740062e-18,9.506996009224443e-18,7.550918859522243e-11,7.550918832393596e-11,9.407899379222647e-18,1.0179715507234244e-17,8.00817125836091e-18,7.894282179552852e-18,1.4997634988846844e-07,7.87783153788654e-18,7.637302428444385e-18,9.82447313823094e-18,1.4997634685741948e-07,7.550918849641e-11,2.083534260631705e-14,1.499763536002395e-07,7.540899925812225e-18
7.203051899272179e-07,6.203482634757236e-11,1.2199471156398924e-14,6.203482635242582e-11,8.043019540225375e-18,6.528560416756588e-18,6.203482654386041e-11,1.2878072778556608e-14,6.203482635242582e-11,6.203482638163347e-11,1.4293420762023237e-14,6.203482633698145e-11,6.839393249790735e-18,6.799934828329324e-18,8.509941528334913e-18,1.0642146293813867e-06,1.4069639297546261e-14,6.5337996466706965e-18,1.5377540154715154e-14,6.20348262005727e-11,6.203482600724287e-11,1.287807277638493e-14,1.2911663364334727e-14,6.203482635264773e-11,7.473333991609494e-18,1.2920097192000977e-14,7.67799546424738e-18,6.203482635242582e-11,6.203482633698145e-11,7.653077008021965e-18,7.865765719061983e-18,1.2911663543220882e-14,1.219947125954457e-14,1.2321357151759583e-07,1.2199471091140445e-14,1.219947129564089e-14,8.03807815298097e-18,1.2321356899887173e-07,6.203482630993209e-11,8.519062400112567e-18,1.2321357460701827e-07,1.2190980394905137e-14
7.244321651807605e-07,6.411265102383695e-11,6.453155500127462e-18,6.411265102383695e-11,8.345411087168097e-18,6.717770131823735e-18,1.2734053060255075e-07,1.3404756071468596e-14,6.411265104058091e-11,6.411265109292646e-11,7.530238466893484e-18,6.411265107897667e-11,6.990070621661414e-18,7.079183128438494e-18,8.823351080742645e-18,1.4069639297546261e-14,1.064214628837844e-06,6.808994408622209e-18,1.60067113376751e-14,6.411265107925714e-11,6.41126505695855e-11,1.3404756064107972e-14,1.3438971823525105e-14,6.411265111007305e-11,7.706727672183273e-18,1.3447519545916546e-14,7.794953833504858e-18,6.411265102383695e-11,6.411265108941924e-11,7.758449980089475e-18,8.235028487702662e-18,1.343897200218791e-14,6.3950160755622476e-18,1.2734054709059618e-07,6.40364597078046e-18,6.336033715719457e-18,8.375316492809937e-18,6.41126583210451e-11,6.411265107897667e-11,8.87339667249819e-18,1.2734055026940779e-07,6.462301558737893e-18
7.129065991334112e-07,5.830983259033674e-11,5.568335683765375e-18,5.830983239727436e-11,7.66162344196377e-18,1.2387612072807366e-14,5.830983280122858e-11,6.041284352330688e-18,5.830983235946255e-11,5.830983236834295e-11,6.936421586840445e-18,5.830983239727436e-11,6.638534314954817e-18,6.497158765311211e-18,7.761854525262873e-18,6.5337996466706965e-18,6.808994408622209e-18,1.0642146286971912e-06,7.273389774807683e-18,5.83098324271662e-11,5.830983224723313e-11,6.148050673688783e-18,6.180398375465339e-18,5.830983254280985e-11,7.168486353520478e-18,6.009973817179277e-18,7.302626794309117e-18,5.83098324524169e-11,5.830983234365513e-11,7.385676907832545e-18,7.798923678122302e-18,6.2937016466467316e-18,5.568335683765375e-18,1.1581498919612274e-07,5.747208269288423e-18,5.755294834385323e-18,7.53341371502619e-18,5.830983906248448e-11,5.830983234365513e-11,7.90316754960178e-18,5.830984154195954e-11,5.9900938315645566e-18
7.363851825121067e-07,7.013067639008974e-11,6.989163977196155e-18,7.013067639008974e-11,9.25005134384159e-18,7.325978517931802e-18,7.013067653497596e-11,1.4651595827432167e-14,7.013067650005636e-11,1.3929353008177446e-07,8.203819855361141e-18,7.013067639008974e-11,7.844693217676864e-18,7.717135788606139e-18,9.764179022051756e-18,1.5377540154715154e-14,1.60067113376751e-14,7.273389774807683e-18,1.0642146318002684e-06,7.013067628219725e-11,7.013067590052045e-11,1.4651595819993452e-14,1.4689083158298982e-14,1.3929353008177443e-07,8.368236651048722e-18,1.4698453414180167e-14,8.641893454494078e-18,7.013067639008974e-11,7.013067647129583e-11,8.573384568879854e-18,9.09044738207616e-18,1.4689083354476534e-14,7.073865604225652e-18,1.3929354872520362e-07,7.050640166361788e-18,7.01224266450671e-18,9.0199355850705e-18,7.013068419022117e-11,7.013067637802755e-11,9.634794397323616e-18,1.3929355220408596e-07,6.7287215780076436e-18
0.9999954918239109,0.9999938109098441,5.5405267222453004e-11,0.999993810909841,7.27738162242245e-11,5.830983346939799e-11,0.9999938145974236,5.871696329880411e-11,0.999993810909842,0.9999938108134732,6.496712256311004e-11,0.9999938109098417,6.256035868601021e-11,6.191233264793075e-11,7.550918847518288e-11,6.20348262005727e-11,6.411265107925714e-11,5.83098324271662e-11,7.013067628219725e-11,0.9999948751242779,0.9999938048462752,5.871696324880783e-11,5.88207248688437e-11,0.9999938108134728,6.692645048851587e-11,5.884393245465254e-11,6.818394929797517e-11,0.9999938109098404,0.9999938109098406,6.815899153245334e-11,7.103758886205597e-11,5.882072532216167e-11,5.540526752490394e-11,0.9999939350849801,5.5405266996117577e-11,5.540526748745389e-11,7.08747690612145e-11,0.9999939160407494,0.999993810909841,7.550918971959649e-11,0.9999939582149197,5.5293355346624105e-11
0.9999954857603391,0.9999938048462776,5.5405266761179703e-11,0.9999938048462743,1.4454333306106278e-07,5.830983314017802e-11,0.9999938085338594,5.871696283079482e-11,0.9999938048462753,0.9999938047499076,6.496712202694538e-11,0.9999938048462752,6.256035808573041e-11,6.19123321188015e-11,7.550918800077197e-11,6.203482600724287e-11,6.41126505695855e-11,5.830983224723313e-11,7.013067590052045e-11,0.9999938048462752,0.9999948629971455,5.871696287404873e-11,5.882072444518108e-11,0.9999938047499073,6.692645006675306e-11,5.884393202898187e-11,6.818394854773357e-11,0.9999938048462752,0.9999938048462743,6.81589911780602e-11,7.103758840845402e-11,5.882072482204294e-11,5.540526723079576e-11,0.9999939290214128,5.540526662996243e-11,5.540526715925342e-11,7.087476861635017e-11,0.999993909977183,0.999993804846274,7.550918917218925e-11,0.9999939521513531,5.5293354910310624e-11
7.137152396291874e-07,5.871696326473294e-11,5.816894521447512e-18,5.871696323376765e-11,7.719166963333311e-18,6.184469879724687e-18,5.87169636124225e-11,1.226993550110397e-14,5.871696322526726e-11,5.871696341124263e-11,6.883640540788735e-18,5.871696336487108e-11,6.624270768634665e-18,6.422307765170407e-18,8.068585112008261e-18,1.287807277638493e-14,1.3404756064107972e-14,6.148050673688783e-18,1.4651595819993452e-14,5.871696324880783e-11,5.871696287404873e-11,1.0642146264807082e-06,1.230130671603591e-14,5.8716963569705e-11,7.008396293736781e-18,1.2309146884068633e-14,7.414640950619362e-18,5.871696324880783e-11,5.871696323376765e-11,7.385063191123916e-18,7.428938547556213e-18,1.230130688009821e-14,5.873949147898239e-18,1.1662363209062922e-07,5.819941015390914e-18,5.816894521447512e-18,7.651747159543128e-18,5.871696996094044e-11,5.871696315198444e-11,8.081553498758717e-18,1.1662363500290129e-07,5.6746816288721124e-18
7.139213317746541e-07,5.88207248688437e-11,5.862209907126173e-18,5.882072483331792e-11,7.599166643019275e-18,6.253465803371433e-18,5.882072510745023e-11,1.2301306722954702e-14,5.882072481108567e-11,5.882072478437664e-11,7.006632985891828e-18,5.882072483331792e-11,1.303960787780886e-14,6.4973622374907716e-18,7.98610607654463e-18,1.2911663364334727e-14,1.3438971823525105e-14,6.180398375465339e-18,1.4689083158298982e-14,5.88207248688437e-11,5.882072444518108e-11,1.230130671603591e-14,1.064214624859963e-06,5.882072476569718e-11,7.035808199557783e-18,1.2340519486412463e-14,7.324100372561123e-18,5.882072483331792e-11,5.88207248688437e-11,7.316166808483673e-18,7.701967761278661e-18,1.233268275407734e-14,5.679578666390971e-18,1.168297232701356e-07,5.679578666390971e-18,5.761168593384046e-18,7.607947888799981e-18,5.882073148357439e-11,5.882072483331792e-11,8.11284359692619e-18,1.1682972618612299e-07,1.1640803907298977e-14
0.9999954917275439,0.9999938108134754,5.540526703484355e-11,0.9999938108134732,7.27738162277124e-11,5.830983370580423e-11,0.9999938145010573,5.871696322728896e-11,0.9999938108134749,0.9999938107171056,6.496712245847344e-11,0.9999938108134732,6.256035866803979e-11,6.19123327028055e-11,7.550918844873887e-11,6.203482635264773e-11,6.411265111007305e-11,5.830983254280985e-11,1.3929353008177443e-07,0.9999938108134728,0.9999938047499073,5.8716963569705e-11,5.882072476569718e-11,0.9999948749315448,6.692645056318712e-11,5.884393240147677e-11,6.818394917289838e-11,0.9999938108134739,0.9999938108134739,6.815899151121958e-11,7.10375888694847e-11,5.882072531473874e-11,5.5405267576487314e-11,0.9999939349886112,5.540526694139965e-11,5.540526741836854e-11,7.087476912364058e-11,0.999993915944382,0.9999938108134739,7.550918976981793e-11,0.9999939581185524,5.529335537009791e-11
7.300209431164324e-07,6.692645058441569e-11,6.828511095677834e-18,6.692645060144646e-11,8.47863099877075e-18,7.153897530648928e-18,6.69264504365435e-11,7.184941578773536e-18,6.692645053044737e-11,6.692645055277629e-11,1.5656822378396054e-14,6.692645060144646e-11,1.4966173351596504e-14,1.4783447362467297e-14,1.8385459045636592e-14,7.473333991609494e-18,7.706727672183273e-18,7.168486353520478e-18,8.368236651048722e-18,6.692645048851587e-11,6.692645006675306e-11,7.008396293736781e-18,7.035808199557783e-18,6.692645056318712e-11,1.064214631209816e-06,7.104357957351301e-18,7.969840270597227e-18,6.692645060144646e-11,6.692645060144646e-11,8.070306510298155e-18,8.767833534118552e-18,6.9369747607688655e-18,6.745900807005174e-18,1.329293156271362e-07,6.627424159670739e-18,6.828511095677834e-18,1.7349953468046554e-14,1.3292931293293837e-07,6.692645060144646e-11,1.8385459470890302e-14,1.3292931892775783e-07,6.613529692946103e-18
7.139674269242862e-07,5.884393244063735e-11,5.978014511976036e-18,5.88439325019084e-11,7.478643701091711e-18,6.253902076899224e-18,5.884393260916153e-11,1.230914689115332e-14,5.884393249316469e-11,5.884393247255499e-11,6.801138884193359e-18,5.884393249316469e-11,1.3048080154529507e-14,6.416924848083141e-18,7.993068204740062e-18,1.2920097192000977e-14,1.3447519545916546e-14,6.009973817179277e-18,1.4698453414180167e-14,5.884393245465254e-11,5.884393202898187e-11,1.2309146884068633e-14,1.2340519486412463e-14,5.884393240147677e-11,7.104357957351301e-18,1.0642146293772294e-06,7.508276093870186e-18,5.884393246555e-11,5.884393249316469e-11,1.4470311675629503e-14,7.662007240603563e-18,1.2340519649999587e-14,5.978014511976036e-18,1.1687581823541061e-07,5.978014511976036e-18,6.076105014340154e-18,7.636221679495104e-18,5.884393909997479e-11,5.88439325019084e-11,8.100496647302746e-18,1.1687582115210796e-07,1.1648086073805885e-14
7.32518587689027e-07,6.818394935752521e-11,6.990570393580086e-18,6.818394935752521e-11,1.7998471452311856e-14,7.350895749636183e-18,6.818394950973027e-11,7.414640950619362e-18,6.818394925994875e-11,6.818394929245795e-11,1.6010120586978522e-14,6.818394924993452e-11,1.5308498275812072e-14,1.5122755910617527e-14,9.506996009224443e-18,7.67799546424738e-18,7.794953833504858e-18,7.302626794309117e-18,8.641893454494078e-18,6.818394929797517e-11,6.818394854773357e-11,7.414640950619362e-18,7.324100372561123e-18,6.818394917289838e-11,7.969840270597227e-18,7.508276093870186e-18,1.0642146327379555e-06,6.818394924993452e-11,6.818394933202819e-11,1.694188285115044e-14,9.28708820083077e-18,7.204805451523491e-18,7.037538777812683e-18,1.35426959731278e-07,6.990570393580086e-18,6.936206782183831e-18,8.096850324786855e-18,1.3542695699224585e-07,6.818394924993452e-11,9.700970497205922e-18,1.3542696308580802e-07,6.691124851202236e-18
0.9999954918239101,0.9999938109098434,5.540526714557984e-11,0.999993810909841,7.277381619881169e-11,5.830983359861133e-11,0.9999938145974254,5.871696327939134e-11,0.9999938109098422,0.9999938108134737,6.496712242753492e-11,0.999993810909842,6.256035863816226e-11,6.191233256755538e-11,7.550918859522243e-11,6.203482635242582e-11,6.411265102383695e-11,5.83098324524169e-11,7.013067639008974e-11,0.9999938109098404,0.9999938048462752,5.871696324880783e-11,5.882072483331792e-11,0.9999938108134739,6.692645060144646e-11,5.884393246555e-11,6.818394924993452e-11,0.9999948751242785,0.9999938109098417,6.815899158173041e-11,7.103758887227245e-11,5.882072523651952e-11,5.540526754325764e-11,0.9999939350849807,5.540526686660149e-11,5.540526748718573e-11,7.087476903236193e-11,0.9999939160407499,0.9999938109098411,7.55091898302981e-11,0.9999939582149205,5.52933553081695e-11
0.9999954918239097,0.9999938109098429,5.54052671830979e-11,0.9999938109098403,7.277381603059572e-11,5.830983361302458e-11,0.999993814597424,5.871696327783913e-11,0.9999938109098422,0.9999938108134746,6.496712253822436e-11,0.999993810909841,6.256035861076018e-11,6.191233276672402e-11,7.550918832393596e-11,6.203482633698145e-11,6.411265108941924e-11,5.830983234365513e-11,7.013067647129583e-11,0.9999938109098406,0.9999938048462743,5.871696323376765e-11,5.88207248688437e-11,0.9999938108134739,6.692645060144646e-11,5.884393249316469e-11,6.818394933202819e-11,0.9999938109098417,0.9999948751242823,6.81589915074638e-11,7.103758887227245e-11,5.882072527391439e-11,5.540526752426832e-11,0.9999939350849797,5.5405267106693814e-11,5.540526758637248e-11,7.087476907623688e-11,0.9999939160407509,0.999993810909841,7.55091897417909e-11,0.9999939582149201,5.5293355346624105e-11
7.324690173108349e-07,6.815899152882973e-11,6.9104002581453865e-18,6.815899152882973e-11,1.7990120485590826e-14,7.385676907832545e-18,6.815899177004931e-11,7.402853023820899e-18,6.815899144862497e-11,6.815899153959997e-11,1.6002624967043504e-14,6.815899152882973e-11,1.53012040513926e-14,1.5115518141381042e-14,9.407899379222647e-18,7.653077008021965e-18,7.758449980089475e-18,7.385676907832545e-18,8.573384568879854e-18,6.815899153245334e-11,6.81589911780602e-11,7.385063191123916e-18,7.316166808483673e-18,6.815899151121958e-11,8.070306510298155e-18,1.4470311675629503e-14,1.694188285115044e-14,6.815899158173041e-11,6.81589915074638e-11,1.0642146327596556e-06,9.198578727917155e-18,7.316166808483673e-18,6.942672832172006e-18,1.3537738871670217e-07,7.089431119085312e-18,6.9104002581453865e-18,8.464617547287639e-18,1.3537738597851237e-07,6.815899153811201e-11,9.381635570714632e-18,1.353773920702284e-07,6.7173701350361314e-18
7.381864876950608e-07,7.103758889497805e-11,7.349174566748504e-18,7.103758889497805e-11,1.888502977249132e-14,7.798923678122302e-18,7.10375891803605e-11,7.476611392488881e-18,7.103758880282512e-11,7.10375888650403e-11,1.6803819402917273e-14,7.103758887227245e-11,1.6077022860716506e-14,1.588437871803871e-14,1.0179715507234244e-17,7.865765719061983e-18,8.235028487702662e-18,7.798923678122302e-18,9.09044738207616e-18,7.103758886205597e-11,7.103758840845402e-11,7.428938547556213e-18,7.701967761278661e-18,7.10375888694847e-11,8.767833534118552e-18,7.662007240603563e-18,9.28708820083077e-18,7.103758887227245e-11,7.103758887227245e-11,9.198578727917155e-18,1.0642146343571168e-06,7.691641435520092e-18,7.219648703305673e-18,1.4109485879268416e-07,7.237621115160927e-18,7.237621115160927e-18,9.247844421665932e-18,1.41094855951122e-07,7.103758884060514e-11,1.0036676943844747e-17,1.4109486227065128e-07,7.076310276437305e-18
7.139213315621394e-07,5.882072537101811e-11,5.679578666390971e-18,5.882072537101811e-11,7.599166643019275e-18,6.2937016466467316e-18,5.882072563656124e-11,1.2301306887017011e-14,5.8820725289453e-11,5.882072524519711e-11,6.8302712179602945e-18,5.882072537101811e-11,1.3039608056994303e-14,6.56228640109288e-18,8.00817125836091e-18,1.2911663543220882e-14,1.343897200218791e-14,6.2937016466467316e-18,1.4689083354476534e-14,5.882072532216167e-11,5.882072482204294e-11,1.230130688009821e-14,1.233268275407734e-14,5.882072531473874e-11,6.9369747607688655e-18,1.2340519649999587e-14,7.204805451523491e-18,5.882072523651952e-11,5.882072527391439e-11,7.316166808483673e-18,7.691641435520092e-18,1.064214624859963e-06,5.761168593384046e-18,1.1682972424390193e-07,5.679578666390971e-18,5.679578666390984e-18,7.675058670852028e-18,5.882073201592127e-11,5.8820725289453e-11,8.024869486682068e-18,1.1682972715988964e-07,1.1640804058070087e-14
7.071375411173208e-07,5.540526751673599e-11,1.1004138413607907e-14,5.540526753837485e-11,7.43882932118692e-18,5.747208269288423e-18,5.5405267562187126e-11,5.858043137485676e-18,5.540526752490394e-11,5.5405267581930596e-11,6.742847695297612e-18,5.540526752490394e-11,6.117847050259963e-18,6.140547438710303e-18,7.894282179552852e-18,1.219947125954457e-14,6.3950160755622476e-18,5.568335683765375e-18,7.073865604225652e-18,5.540526752490394e-11,5.540526723079576e-11,5.873949147898239e-18,5.679578666390971e-18,5.5405267576487314e-11,6.745900807005174e-18,5.978014511976036e-18,7.037538777812683e-18,5.540526754325764e-11,5.540526752426832e-11,6.942672832172006e-18,7.219648703305673e-18,5.761168593384046e-18,1.0642146261949614e-06,1.1004594176459007e-07,1.1004138361632283e-14,1.1004138534598303e-14,7.224281535213114e-18,5.5405273673507855e-11,5.540526755307952e-11,7.67086030496002e-18,5.540527619769841e-11,1.0995095221709812e-14
0.9999956159991704,0.9999939350849822,1.1004594108704184e-07,0.9999939350849805,1.4454335324911322e-07,1.1581499130727008e-07,0.9999939387725645,1.1662363210635625e-07,0.9999939350849816,0.9999939349886103,1.2903769838031823e-07,0.9999939350849816,1.2425738368006757e-07,1.2297027460169413e-07,1.4997634988846844e-07,1.2321357151759583e-07,1.2734054709059618e-07,1.1581498919612274e-07,1.3929354872520362e-07,0.9999939350849801,0.9999939290214128,1.1662363209062922e-07,1.168297232701356e-07,0.9999939349886112,1.329293156271362e-07,1.1687581823541061e-07,1.35426959731278e-07,0.9999939350849807,0.9999939350849797,1.3537738871670217e-07,1.4109485879268416e-07,1.1682972424390193e-07,1.1004594176459007e-07,0.9999951234745945,1.10045940707678e-07,1.10045941907378e-07,1.4077146613988819e-07,0.9999940402159004,0.9999939350849797,1.4997635233755517e-07,0.9999940823900771,1.0982366208288038e-07
7.071375408392617e-07,5.540526710547773e-11,1.1004138271174089e-14,5.5405266996117577e-11,7.359750298845944e-18,5.5868473336976396e-18,5.540526710683498e-11,5.819670311207676e-18,5.540526697895311e-11,5.540526702250691e-11,6.6328624259652586e-18,5.540526697895311e-11,6.228148631070921e-18,6.116352441295327e-18,7.87783153788654e-18,1.2199471091140445e-14,6.40364597078046e-18,5.747208269288423e-18,7.050640166361788e-18,5.5405266996117577e-11,5.540526662996243e-11,5.819941015390914e-18,5.679578666390971e-18,5.540526694139965e-11,6.627424159670739e-18,5.978014511976036e-18,6.990570393580086e-18,5.540526686660149e-11,5.5405267106693814e-11,7.089431119085312e-18,7.237621115160927e-18,5.679578666390971e-18,1.1004138361632283e-14,1.10045940707678e-07,1.0642146261949614e-06,1.1004138392164456e-14,7.099397257973687e-18,5.540527313252316e-11,5.540526686660149e-11,7.506465794072813e-18,5.5405275639610434e-11,1.0995095080552215e-14
7.071375410970252e-07,5.540526748745389e-11,1.1004138444140094e-14,5.540526760074187e-11,7.359750298845944e-18,5.572338961414234e-18,5.540526768557276e-11,5.819670311207676e-18,5.540526760074187e-11,5.540526752852301e-11,6.508478590189256e-18,5.540526748718573e-11,6.227766484737961e-18,6.0850197082009465e-18,7.637302428444385e-18,1.219947129564089e-14,6.336033715719457e-18,5.755294834385323e-18,7.01224266450671e-18,5.540526748745389e-11,5.540526715925342e-11,5.816894521447512e-18,5.761168593384046e-18,5.540526741836854e-11,6.828511095677834e-18,6.076105014340154e-18,6.936206782183831e-18,5.540526748718573e-11,5.540526758637248e-11,6.9104002581453865e-18,7.237621115160927e-18,5.679578666390984e-18,1.1004138534598303e-14,1.10045941907378e-07,1.1004138392164456e-14,1.0642146261949614e-06,7.301614236306599e-18,5.540527373881198e-11,5.540526761716252e-11,7.732598039536813e-18,5.5405276235938335e-11,1.0995095251973044e-14
7.378630999056504e-07,7.087476903236193e-11,7.301614236306599e-18,7.087476903236193e-11,9.306880117753266e-18,7.733119481032431e-18,7.087476930271268e-11,7.675830750018113e-18,7.087476895993004e-11,7.087476910471033e-11,1.675906325479169e-14,7.087476903236193e-11,1.6033721006399544e-14,1.584147438824737e-14,9.82447313823094e-18,8.03807815298097e-18,8.375316492809937e-18,7.53341371502619e-18,9.0199355850705e-18,7.08747690612145e-11,7.087476861635017e-11,7.651747159543128e-18,7.607947888799981e-18,7.087476912364058e-11,1.7349953468046554e-14,7.636221679495104e-18,8.096850324786855e-18,7.087476903236193e-11,7.087476907623688e-11,8.464617547287639e-18,9.247844421665932e-18,7.675058670852028e-18,7.224281535213114e-18,1.4077146613988819e-07,7.099397257973687e-18,7.301614236306599e-18,1.0642146319279754e-06,1.407714633042278e-07,7.087476906700498e-11,9.48015641887553e-18,1.4077146961073984e-07,7.287170937219173e-18
0.9999955969549233,0.9999939160407522,5.540527332352965e-11,0.999993916040749,1.4454335031623935e-07,5.830984014355407e-11,0.9999939197283351,5.871696996751301e-11,0.9999939160407503,0.9999939159443821,1.290376957561511e-07,0.9999939160407494,1.2425738114197445e-07,1.2297027208710236e-07,1.4997634685741948e-07,1.2321356899887173e-07,6.41126583210451e-11,5.830983906248448e-11,7.013068419022117e-11,0.9999939160407494,0.999993909977183,5.871696996094044e-11,5.882073148357439e-11,0.999993915944382,1.3292931293293837e-07,5.884393909997479e-11,1.3542695699224585e-07,0.9999939160407499,0.9999939160407509,1.3537738597851237e-07,1.41094855951122e-07,5.882073201592127e-11,5.5405273673507855e-11,0.9999940402159004,5.540527313252316e-11,5.540527373881198e-11,1.407714633042278e-07,0.9999950853861204,0.9999939160407497,1.499763493065062e-07,0.9999940633458424,5.529336159308043e-11
0.9999954918239112,0.9999938109098422,5.5405267285781836e-11,0.9999938109098413,7.277381617348931e-11,5.830983360815521e-11,0.999993814597424,5.871696328841242e-11,0.9999938109098422,0.999993810813474,6.496712250256743e-11,0.9999938109098413,6.256035860790197e-11,6.191233261197311e-11,7.550918849641e-11,6.203482630993209e-11,6.411265107897667e-11,5.830983234365513e-11,7.013067637802755e-11,0.999993810909841,0.999993804846274,5.871696315198444e-11,5.882072483331792e-11,0.9999938108134739,6.692645060144646e-11,5.88439325019084e-11,6.818394924993452e-11,0.9999938109098411,0.999993810909841,6.815899153811201e-11,7.103758884060514e-11,5.8820725289453e-11,5.540526755307952e-11,0.9999939350849797,5.540526686660149e-11,5.540526761716252e-11,7.087476906700498e-11,0.9999939160407497,0.9999948751242785,7.550918964023484e-11,0.9999939582149188,5.52933553081695e-11
7.47067995644883e-07,7.55091897417909e-11,7.876816597164831e-18,7.550918981924513e-11,1.016742396547448e-17,7.832071153732813e-18,1.4997633307556218e-07,8.081553498758717e-18,7.550918981924513e-11,7.550918965334284e-11,8.64968315332178e-18,7.55091897417909e-11,1.6976873095296248e-14,1.6771337648659856e-14,2.083534260631705e-14,8.519062400112567e-18,8.87339667249819e-18,7.90316754960178e-18,9.634794397323616e-18,7.550918971959649e-11,7.550918917218925e-11,8.081553498758717e-18,8.11284359692619e-18,7.550918976981793e-11,1.8385459470890302e-14,8.100496647302746e-18,9.700970497205922e-18,7.55091898302981e-11,7.55091897417909e-11,9.381635570714632e-18,1.0036676943844747e-17,8.024869486682068e-18,7.67086030496002e-18,1.4997635233755517e-07,7.506465794072813e-18,7.732598039536813e-18,9.48015641887553e-18,1.499763493065062e-07,7.550918964023484e-11,1.06421463590048e-06,1.4997635604932594e-07,7.540899925812225e-18
0.9999956391291327,0.999993958214923,5.54052759058725e-11,0.9999939582149199,1.4454335684271043e-07,5.830984296676363e-11,0.9999939619025038,1.1662363501862804e-07,0.9999939582149213,0.9999939581185516,1.290377015967019e-07,0.9999939582149213,1.242573867929042e-07,1.229702776861948e-07,1.499763536002395e-07,1.2321357460701827e-07,1.2734055026940779e-07,5.830984154195954e-11,1.3929355220408596e-07,0.9999939582149197,0.9999939521513531,1.1662363500290129e-07,1.1682972618612299e-07,0.9999939581185524,1.3292931892775783e-07,1.1687582115210796e-07,1.3542696308580802e-07,0.9999939582149205,0.9999939582149201,1.353773920702284e-07,1.4109486227065128e-07,1.1682972715988964e-07,5.540527619769841e-11,0.9999940823900771,5.5405275639610434e-11,5.5405276235938335e-11,1.4077146961073984e-07,0.9999940633458424,0.9999939582149188,1.4997635604932594e-07,0.9999951697344805,5.5293363984155744e-11
7.069152617171053e-07,5.529335533884983e-11,1.099509513164162e-14,5.529335531835192e-11,7.335219307748106e-18,5.866960768185744e-18,5.52933555750736e-11,5.7384761775161855e-18,5.52933553081695e-11,5.5293355364170015e-11,6.553820107046763e-18,5.52933553081695e-11,1.2311058958481083e-14,6.0954904614695525e-18,7.540899925812225e-18,1.2190980394905137e-14,6.462301558737893e-18,5.9900938315645566e-18,6.7287215780076436e-18,5.5293355346624105e-11,5.5293354910310624e-11,5.6746816288721124e-18,1.1640803907298977e-14,5.529335537009791e-11,6.613529692946103e-18,1.1648086073805885e-14,6.691124851202236e-18,5.52933553081695e-11,5.5293355346624105e-11,6.7173701350361314e-18,7.076310276437305e-18,1.1640804058070087e-14,1.0995095221709812e-14,1.0982366208288038e-07,1.0995095080552215e-14,1.0995095251973044e-14,7.287170937219173e-18,5.529336159308043e-11,5.52933553081695e-11,7.540899925812225e-18,5.5293363984155744e-11,1.0642146246464676e-06
