1.0000000068774173,1.0000135940145491,2.1302251449507616e-06,1.0000135886670773,1.0000135840963131,1.00001358866708,1.0000135940145505,1.0000135176992595,1.0000135940145487,1.0000135940145545,1.0000135840963114,2.130225146981712e-06,1.0000135176992584,2.130225147600839e-06,1.0000135940145491,1.0000135940145525,1.0000135940145507,2.1302251476008282e-06,1.0000135940145487,1.0000135940145511,1.0000135940145487,2.13641725814934e-06,1.00001359401455,1.0000135176992584,1.000013594014552,1.000013594014553,1.00001358409631,2.130225147602926e-06,1.0000135940145505,1.000013589175044,1.0000135940145487,1.0000135940145498,1.000013588667078,2.1587332650087135e-06,1.000013594014553,2.1302251470036924e-06,1.0000135940145511,2.1506251263200477e-06,1.0000135940145514,2.130225146970894e-06,2.1506026437750933e-06
1.0000135940145491,1.0000149114582664,7.285738234801463e-11,1.00001621474255,1.0000162101717653,1.00001621474255,1.000016220090045,1.0000161437744153,1.000016220090046,1.000016220090045,1.000016210171764,7.285738344804636e-11,1.0000161437744146,7.285738387144284e-11,1.0000162200900453,1.000016220090044,1.0000162200900442,7.285738382352258e-11,1.000016220090046,1.0000162200900455,1.000016220090046,7.59755172638282e-11,1.000016220090046,1.000016143774415,1.0000162200900458,1.000016220090045,1.0000162101717642,7.285738386728935e-11,1.0000162200900464,1.0000162152505152,1.000016220090045,1.000016220090046,1.000016214742551,8.721309625468316e-11,1.000016220090045,7.285738347835423e-11,1.000016220090045,8.313011429789748e-11,1.0000162200900449,7.285738369656475e-11,8.311879333808874e-11
2.1302251449507616e-06,7.285738234801463e-11,-1.3086316350439779e-06,7.28573817651307e-11,7.285738152247894e-11,7.285738195318725e-11,7.285738235659026e-11,1.4468364445460532e-07,7.285738235659026e-11,7.285738235285118e-11,7.285738156716883e-11,1.726029452471838e-14,1.4468364445460542e-07,1.7260294304492375e-14,7.285738239542667e-11,7.285738236833033e-11,7.285738235285118e-11,1.7260294329606172e-14,7.285738238068878e-11,7.285738238198513e-11,7.285738235659026e-11,1.800068964907308e-14,7.285738235659026e-11,1.4468364445460542e-07,7.285738235659026e-11,7.285738234591354e-11,7.285738156716883e-11,1.7260294323540074e-14,7.285738235659026e-11,7.285738202851661e-11,7.285738238274183e-11,7.285738236833033e-11,7.2857381945456e-11,2.0672134200762175e-14,7.28573823569361e-11,1.7260294533000268e-14,7.285738239542667e-11,1.970184851087106e-14,7.285738236790346e-11,1.7260294422460386e-14,1.96986919524892e-14
1.0000135886670773,1.00001621474255,7.28573817651307e-11,1.0000149007632775,1.0000162048242691,1.000016209395056,1.0000162147425502,1.0000161384269195,1.000016214742549,1.0000162147425493,1.0000162048242691,7.285738296562337e-11,1.0000161384269204,7.285738337669294e-11,1.0000162147425486,1.0000162147425484,1.0000162147425482,7.285738337544495e-11,1.000016214742549,1.00001621474255,1.0000162147425489,7.597551673354466e-11,1.0000162147425498,1.00001613842692,1.0000162147425495,1.000016214742551,1.0000162048242682,7.285738324018364e-11,1.0000162147425513,1.0000162099030214,1.0000162147425489,1.0000162147425498,1.000016209395056,8.721309566598164e-11,1.0000162147425504,7.285738294161797e-11,1.0000162147425502,1.650837356163304e-07,1.0000162147425506,7.285738329451902e-11,8.311879281596627e-11
1.0000135840963131,1.0000162101717653,7.285738152247894e-11,1.0000162048242691,1.0000148916217024,1.0000162048242693,1.0000162101717658,1.000016133856135,1.000016210171764,1.000016210171765,1.0000162002534847,7.28573827060468e-11,1.0000161338561357,7.285738309789768e-11,1.000016210171764,1.0000162101717633,1.0000162101717638,7.285738311055648e-11,1.000016210171764,1.0000162101717645,1.000016210171764,7.59755162814797e-11,1.0000162101717645,1.0000161338561355,1.0000162101717645,1.0000162101717658,1.000016200253484,7.285738304060215e-11,1.0000162101717658,1.0000162053322357,1.0000162101717638,1.0000162101717645,1.00001620482427,1.7319191426520097e-07,1.0000162101717656,7.285738257135553e-11,1.0000162101717656,8.31301134362769e-11,1.0000162101717656,7.285738284161747e-11,1.6506125290284425e-07
1.00001358866708,1.00001621474255,7.285738195318725e-11,1.000016209395056,1.0000162048242693,1.0000149007632735,1.0000162147425502,1.00001613842692,1.0000162147425506,1.0000162147425506,1.0000162048242691,7.285738300903943e-11,1.0000161384269204,7.285738331800793e-11,1.0000162147425502,1.0000162147425489,1.0000162147425495,7.285738326147395e-11,1.0000162147425506,1.00001621474255,1.0000162147425502,7.597551686440679e-11,1.0000162147425506,1.0000161384269206,1.0000162147425506,1.0000162147425502,1.0000162048242685,7.285738332950556e-11,1.000016214742551,1.0000162099030223,1.0000162147425504,1.0000162147425506,1.0000162093950566,8.721309566571882e-11,1.000016214742551,7.285738291087622e-11,1.0000162147425502,1.6508373561633038e-07,1.0000162147425504,7.285738314349065e-11,8.311879281731211e-11
1.0000135940145505,1.000016220090045,7.285738235659026e-11,1.0000162147425502,1.0000162101717658,1.0000162147425502,1.0000149114582644,1.000016143774416,1.0000162200900466,1.000016220090046,1.0000162101717658,7.285738336388699e-11,1.0000161437744153,7.28573838181858e-11,1.000016220090046,1.000016220090045,1.000016220090045,7.285738382836811e-11,1.000016220090045,1.0000162200900462,1.0000162200900466,7.597551714876641e-11,1.0000162200900473,1.0000161437744175,1.0000162200900464,1.0000162200900462,1.000016210171764,7.285738383968292e-11,1.0000162200900462,1.0000162152505152,1.0000162200900462,1.0000162200900462,1.0000162147425506,8.721309629227435e-11,1.0000162200900462,7.285738344548993e-11,1.0000162200900458,8.313011426666498e-11,1.0000162200900464,7.285738366338355e-11,8.311879324673193e-11
1.0000135176992595,1.0000161437744153,1.4468364445460532e-07,1.0000161384269195,1.000016133856135,1.00001613842692,1.000016143774416,1.0000147588270116,1.0000161437744153,1.0000161437744162,1.0000161338561349,1.4468364658525293e-07,1.00001606745879,1.4468364744156475e-07,1.0000161437744153,1.0000161437744142,1.0000161437744142,1.4468364739224231e-07,1.0000161437744153,1.000016143774416,1.0000161437744153,1.508757844950554e-07,1.0000161437744155,1.0000160674587908,1.0000161437744155,1.0000161437744153,1.000016133856134,1.446836473342967e-07,1.000016143774417,1.000016138934886,1.0000161437744157,1.000016143774415,1.00001613842692,1.73191901612327e-07,1.0000161437744155,1.4468364661409342e-07,1.000016143774415,1.6508372272506475e-07,1.0000161437744157,1.4468364708130142e-07,1.6506124084321256e-07
1.0000135940145487,1.000016220090046,7.285738235659026e-11,1.000016214742549,1.000016210171764,1.0000162147425506,1.0000162200900466,1.0000161437744153,1.0000149114582715,1.000016220090046,1.000016210171764,7.285738341592977e-11,1.0000161437744153,7.285738381839655e-11,1.0000162200900455,1.000016220090045,1.000016220090044,7.28573838714779e-11,1.000016220090046,1.0000162200900462,1.0000162200900458,7.597551718296987e-11,1.000016220090046,1.0000161437744155,1.0000162200900462,1.0000162200900458,1.0000162101717631,7.285738385633246e-11,1.0000162200900466,1.000016215250514,1.000016220090045,1.000016220090046,1.0000162147425495,8.721309625602604e-11,1.0000162200900462,7.285738344207475e-11,1.000016220090046,8.313011435397955e-11,1.0000162200900462,7.285738370060546e-11,8.31187933040183e-11
1.0000135940145545,1.000016220090045,7.285738235285118e-11,1.0000162147425493,1.000016210171765,1.0000162147425506,1.000016220090046,1.0000161437744162,1.000016220090046,1.0000149114582646,1.0000162101717647,7.285738342590731e-11,1.0000161437744148,7.285738388351872e-11,1.0000162200900449,1.0000162200900446,1.0000162200900449,7.285738382836811e-11,1.000016220090046,1.0000162200900449,1.000016220090046,7.59755171574567e-11,1.000016220090045,1.0000161437744164,1.0000162200900466,1.0000162200900455,1.0000162101717638,7.285738384669568e-11,1.0000162200900462,1.0000162152505145,1.0000162200900458,1.000016220090045,1.0000162147425502,8.721309630690271e-11,1.0000162200900455,7.28573833727891e-11,1.000016220090045,8.313011432827013e-11,1.0000162200900458,7.285738368385855e-11,8.311879330765714e-11
1.0000135840963114,1.000016210171764,7.285738156716883e-11,1.0000162048242691,1.0000162002534847,1.0000162048242691,1.0000162101717658,1.0000161338561349,1.000016210171764,1.0000162101717647,1.0000148916217027,7.285738270835565e-11,1.0000161338561355,7.285738311034782e-11,1.0000162101717638,1.000016210171763,1.000016210171763,7.285738310752892e-11,1.000016210171764,1.0000162101717651,1.000016210171764,7.597551631165154e-11,1.000016210171764,1.000016133856135,1.0000162101717645,1.0000162101717658,1.0000162002534843,7.285738304060219e-11,1.0000162101717658,1.0000162053322355,1.000016210171764,1.000016210171764,1.0000162048242696,1.7319191426520073e-07,1.0000162101717658,7.285738269981638e-11,1.0000162101717651,8.313011343627391e-11,1.0000162101717656,7.285738293011502e-11,1.6506125290284412e-07
2.130225146981712e-06,7.285738344804636e-11,1.726029452471838e-14,7.285738296562337e-11,7.28573827060468e-11,7.285738300903943e-11,7.285738336388699e-11,1.4468364658525293e-07,7.285738341592977e-11,7.285738342590731e-11,7.285738270835565e-11,-1.3086316350439779e-06,1.4468364658525288e-07,1.7260294210596085e-14,7.285738343396284e-11,7.285738341689142e-11,7.285738336973057e-11,1.726029423570988e-14,7.285738343385334e-11,7.285738343385334e-11,7.285738333077189e-11,1.8000689551273322e-14,7.285738342834654e-11,1.4468364658525282e-07,7.28573834194835e-11,7.285738343493896e-11,7.285738255833082e-11,1.7260294229643788e-14,7.285738350021239e-11,7.28573831239187e-11,7.285738346342839e-11,7.285738342564689e-11,7.285738300903943e-11,2.067213408913418e-14,7.285738343385334e-11,1.7260294439103972e-14,7.285738341592977e-11,1.970184840430105e-14,7.285738343385334e-11,1.726029432856416e-14,1.9698691845892945e-14
1.0000135176992584,1.0000161437744146,1.4468364445460542e-07,1.0000161384269204,1.0000161338561357,1.0000161384269204,1.0000161437744153,1.00001606745879,1.0000161437744153,1.0000161437744148,1.0000161338561355,1.4468364658525288e-07,1.000014758827011,1.4468364744156486e-07,1.0000161437744148,1.0000161437744148,1.0000161437744148,1.4468364739224234e-07,1.0000161437744153,1.0000161437744148,1.000016143774416,1.508757844950556e-07,1.0000161437744162,1.0000160674587901,1.000016143774417,1.0000161437744153,1.0000161338561349,1.4468364733429676e-07,1.0000161437744153,1.000016138934886,1.0000161437744148,1.0000161437744155,1.0000161384269206,1.7319190161232723e-07,1.0000161437744153,1.446836466140936e-07,1.0000161437744153,1.6508372272506462e-07,1.0000161437744153,1.446836470813015e-07,1.6506124084321243e-07
2.130225147600839e-06,7.285738387144284e-11,1.7260294304492375e-14,7.285738337669294e-11,7.285738309789768e-11,7.285738331800793e-11,7.28573838181858e-11,1.4468364744156475e-07,7.285738381839655e-11,7.285738388351872e-11,7.285738311034782e-11,1.7260294210596085e-14,1.4468364744156486e-07,-1.3086316350439779e-06,7.285738386080816e-11,7.285738388351872e-11,7.2857383880685e-11,1.726029401548388e-14,7.285738386637833e-11,7.285738386637833e-11,7.285738385835969e-11,1.8000689321719387e-14,7.285738388916868e-11,1.4468364744156465e-07,7.285738386637833e-11,7.285738381478358e-11,7.28573830303457e-11,1.7260294009417763e-14,7.285738389836269e-11,7.285738355853319e-11,7.285738386676348e-11,7.285738385191228e-11,7.285738349468255e-11,2.0672133826164685e-14,7.285738385397997e-11,1.726029421887804e-14,7.285738385191228e-11,1.970184815350086e-14,7.285738381839655e-11,1.7260294108338113e-14,1.9698691595092594e-14
1.0000135940145491,1.0000162200900453,7.285738239542667e-11,1.0000162147425486,1.000016210171764,1.0000162147425502,1.000016220090046,1.0000161437744153,1.0000162200900455,1.0000162200900449,1.0000162101717638,7.285738343396284e-11,1.0000161437744148,7.285738386080816e-11,1.000014911458264,1.000016220090044,1.0000162200900442,7.285738386858721e-11,1.0000162200900458,1.0000162200900455,1.0000162200900449,7.597551722725396e-11,1.0000162200900453,1.0000161437744153,1.0000162200900455,1.0000162200900458,1.000016210171763,7.285738386653872e-11,1.0000162200900466,1.000016215250514,1.000016220090045,1.0000162200900453,1.0000162147425493,8.721309627947912e-11,1.0000162200900458,7.28573834838269e-11,1.000016220090045,8.313011429605288e-11,1.0000162200900462,7.285738367186582e-11,8.31187933040183e-11
1.0000135940145525,1.000016220090044,7.285738236833033e-11,1.0000162147425484,1.0000162101717633,1.0000162147425489,1.000016220090045,1.0000161437744142,1.000016220090045,1.0000162200900446,1.000016210171763,7.285738341689142e-11,1.0000161437744148,7.285738388351872e-11,1.000016220090044,1.0000149114582628,1.000016220090044,7.285738380459574e-11,1.000016220090045,1.0000162200900449,1.000016220090044,7.597551714876641e-11,1.0000162200900455,1.0000161437744142,1.0000162200900446,1.0000162200900455,1.0000162101717625,7.28573838511478e-11,1.0000162200900462,1.0000162152505134,1.0000162200900453,1.000016220090045,1.0000162147425489,8.721309626464508e-11,1.0000162200900455,7.285738339814415e-11,1.000016220090045,8.313011433959104e-11,1.000016220090045,7.285738367186582e-11,8.311879331233119e-11
1.0000135940145507,1.0000162200900442,7.285738235285118e-11,1.0000162147425482,1.0000162101717638,1.0000162147425495,1.000016220090045,1.0000161437744142,1.000016220090044,1.0000162200900449,1.000016210171763,7.285738336973057e-11,1.0000161437744148,7.2857383880685e-11,1.0000162200900442,1.000016220090044,1.000014911458265,7.285738382352258e-11,1.0000162200900442,1.0000162200900449,1.0000162200900442,7.597551720147595e-11,1.0000162200900444,1.0000161437744146,1.0000162200900446,1.0000162200900455,1.0000162101717625,7.285738381528678e-11,1.0000162200900462,1.0000162152505145,1.0000162200900446,1.000016220090044,1.000016214742549,8.721309625769816e-11,1.0000162200900455,7.285738340076776e-11,1.0000162200900455,8.3130114213454e-11,1.0000162200900458,7.285738371182166e-11,8.311879327548116e-11
2.1302251476008282e-06,7.285738382352258e-11,1.7260294329606172e-14,7.285738337544495e-11,7.285738311055648e-11,7.285738326147395e-11,7.285738382836811e-11,1.4468364739224231e-07,7.28573838714779e-11,7.285738382836811e-11,7.285738310752892e-11,1.726029423570988e-14,1.4468364739224234e-07,1.726029401548388e-14,7.285738386858721e-11,7.285738380459574e-11,7.285738382352258e-11,-1.3086316350439779e-06,7.285738382276463e-11,7.285738380459574e-11,7.28573838436032e-11,1.8000689347898622e-14,7.285738387146731e-11,1.4468364739224231e-07,7.285738380031327e-11,7.285738386386785e-11,7.285738292501037e-11,1.726029403453155e-14,7.285738386510854e-11,7.285738348055527e-11,7.285738383477787e-11,7.285738382352258e-11,7.285738336731629e-11,2.0672133856164788e-14,7.285738380459574e-11,1.726029424399181e-14,7.285738386238675e-11,1.9701848182110133e-14,7.285738386238675e-11,1.726029413345186e-14,1.969869162370122e-14
1.0000135940145487,1.000016220090046,7.285738238068878e-11,1.000016214742549,1.000016210171764,1.0000162147425506,1.000016220090045,1.0000161437744153,1.000016220090046,1.000016220090046,1.000016210171764,7.285738343385334e-11,1.0000161437744153,7.285738386637833e-11,1.0000162200900458,1.000016220090045,1.0000162200900442,7.285738382276463e-11,1.0000149114582717,1.0000162200900462,1.0000162200900458,7.597551720086209e-11,1.000016220090046,1.0000161437744153,1.0000162200900462,1.0000162200900458,1.0000162101717631,7.285738383285757e-11,1.0000162200900462,1.000016215250514,1.000016220090045,1.000016220090046,1.0000162147425495,8.721309623363477e-11,1.000016220090046,7.285738346544343e-11,1.0000162200900449,8.313011423214143e-11,1.0000162200900462,7.285738365866377e-11,8.311879323923607e-11
1.0000135940145511,1.0000162200900455,7.285738238198513e-11,1.00001621474255,1.0000162101717645,1.00001621474255,1.0000162200900462,1.000016143774416,1.0000162200900462,1.0000162200900449,1.0000162101717651,7.285738343385334e-11,1.0000161437744148,7.285738386637833e-11,1.0000162200900455,1.0000162200900449,1.0000162200900449,7.285738380459574e-11,1.0000162200900462,1.0000149114582613,1.0000162200900455,7.597551712631121e-11,1.0000162200900453,1.0000161437744153,1.0000162200900462,1.0000162200900462,1.0000162101717638,7.285738385633246e-11,1.0000162200900462,1.0000162152505145,1.000016220090046,1.000016220090046,1.0000162147425502,8.721309630784361e-11,1.0000162200900462,7.28573834756817e-11,1.0000162200900455,8.313011426347201e-11,1.0000162200900455,7.285738367186582e-11,8.311879320209404e-11
1.0000135940145487,1.000016220090046,7.285738235659026e-11,1.0000162147425489,1.000016210171764,1.0000162147425502,1.0000162200900466,1.0000161437744153,1.0000162200900458,1.000016220090046,1.000016210171764,7.285738333077189e-11,1.000016143774416,7.285738385835969e-11,1.0000162200900449,1.000016220090044,1.0000162200900442,7.28573838436032e-11,1.0000162200900458,1.0000162200900455,1.0000149114582724,7.597551713698606e-11,1.000016220090046,1.0000161437744153,1.0000162200900455,1.0000162200900462,1.000016210171763,7.285738381459011e-11,1.0000162200900466,1.0000162152505143,1.0000162200900453,1.0000162200900455,1.0000162147425495,8.721309630286855e-11,1.0000162200900462,7.285738347877637e-11,1.000016220090046,8.313011427090024e-11,1.000016220090046,7.285738366991207e-11,8.311879320209404e-11
2.13641725814934e-06,7.59755172638282e-11,1.800068964907308e-14,7.597551673354466e-11,7.59755162814797e-11,7.597551686440679e-11,7.597551714876641e-11,1.508757844950554e-07,7.597551718296987e-11,7.59755171574567e-11,7.597551631165154e-11,1.8000689551273322e-14,1.508757844950556e-07,1.8000689321719387e-14,7.597551722725396e-11,7.597551714876641e-11,7.597551720147595e-11,1.8000689347898622e-14,7.597551720086209e-11,7.597551712631121e-11,7.597551713698606e-11,-1.3086316355158453e-06,7.597551718952001e-11,1.5087578449505546e-07,7.597551720961107e-11,7.597551712631121e-11,7.597551621548417e-11,1.8000689341566792e-14,7.597551713376735e-11,1.5087579636421438e-07,7.59755172061573e-11,7.597551718493301e-11,7.597551676374854e-11,2.1558876936986156e-14,7.597551713376735e-11,1.800068955990589e-14,7.59755172274544e-11,2.0546971685950928e-14,7.597551714876641e-11,1.8000689444688097e-14,2.0543679987821786e-14
1.00001359401455,1.000016220090046,7.285738235659026e-11,1.0000162147425498,1.0000162101717645,1.0000162147425506,1.0000162200900473,1.0000161437744155,1.000016220090046,1.000016220090045,1.000016210171764,7.285738342834654e-11,1.0000161437744162,7.285738388916868e-11,1.0000162200900453,1.0000162200900455,1.0000162200900444,7.285738387146731e-11,1.000016220090046,1.0000162200900453,1.000016220090046,7.597551718952001e-11,1.0000149114582675,1.0000161437744155,1.0000162200900462,1.000016220090046,1.0000162101717633,7.285738383118594e-11,1.000016220090047,1.0000162152505145,1.000016220090046,1.0000162200900455,1.0000162147425502,8.721309630085467e-11,1.0000162200900462,7.285738346433518e-11,1.0000162200900462,8.313011432827013e-11,1.0000162200900462,7.28573836845565e-11,8.311879331047526e-11
1.0000135176992584,1.000016143774415,1.4468364445460542e-07,1.00001613842692,1.0000161338561355,1.0000161384269206,1.0000161437744175,1.0000160674587908,1.0000161437744155,1.0000161437744164,1.000016133856135,1.4468364658525282e-07,1.0000160674587901,1.4468364744156465e-07,1.0000161437744153,1.0000161437744142,1.0000161437744146,1.4468364739224231e-07,1.0000161437744153,1.0000161437744153,1.0000161437744153,1.5087578449505546e-07,1.0000161437744155,1.0000147588270099,1.0000161437744162,1.0000161437744166,1.0000161338561346,1.446836473342967e-07,1.0000161437744173,1.0000161389348865,1.0000161437744155,1.0000161437744155,1.0000161384269206,1.7319190161232696e-07,1.000016143774417,1.446836466140935e-07,1.0000161437744164,1.650837227250647e-07,1.0000161437744164,1.446836470813014e-07,1.6506124084321253e-07
1.000013594014552,1.0000162200900458,7.285738235659026e-11,1.0000162147425495,1.0000162101717645,1.0000162147425506,1.0000162200900464,1.0000161437744155,1.0000162200900462,1.0000162200900466,1.0000162101717645,7.28573834194835e-11,1.000016143774417,7.285738386637833e-11,1.0000162200900455,1.0000162200900446,1.0000162200900446,7.285738380031327e-11,1.0000162200900462,1.0000162200900462,1.0000162200900455,7.597551720961107e-11,1.0000162200900462,1.0000161437744162,1.000014911458264,1.000016220090047,1.0000162101717633,7.285738387774613e-11,1.0000162200900478,1.0000162152505148,1.0000162200900462,1.0000162200900462,1.00001621474255,8.721309625602604e-11,1.0000162200900464,7.285738341043658e-11,1.0000162200900462,8.313011430408807e-11,1.0000162200900462,7.285738367186582e-11,8.311879331951747e-11
1.000013594014553,1.000016220090045,7.285738234591354e-11,1.000016214742551,1.0000162101717658,1.0000162147425502,1.0000162200900462,1.0000161437744153,1.0000162200900458,1.0000162200900455,1.0000162101717658,7.285738343493896e-11,1.0000161437744153,7.285738381478358e-11,1.0000162200900458,1.0000162200900455,1.0000162200900455,7.285738386386785e-11,1.0000162200900458,1.0000162200900462,1.0000162200900462,7.597551712631121e-11,1.000016220090046,1.0000161437744166,1.000016220090047,1.0000149114582673,1.0000162101717656,7.285738384098561e-11,1.0000162200900462,1.0000162152505163,1.000016220090046,1.000016220090046,1.0000162147425515,8.721309632195091e-11,1.000016220090046,7.285738347405063e-11,1.000016220090046,8.313011433959104e-11,1.000016220090047,7.285738367573884e-11,8.31187933408431e-11
1.00001358409631,1.0000162101717642,7.285738156716883e-11,1.0000162048242682,1.000016200253484,1.0000162048242685,1.000016210171764,1.000016133856134,1.0000162101717631,1.0000162101717638,1.0000162002534843,7.285738255833082e-11,1.0000161338561349,7.28573830303457e-11,1.000016210171763,1.0000162101717625,1.0000162101717625,7.285738292501037e-11,1.0000162101717631,1.0000162101717638,1.000016210171763,7.597551621548417e-11,1.0000162101717633,1.0000161338561346,1.0000162101717633,1.0000162101717656,1.0000148916217055,7.285738295845089e-11,1.000016210171765,1.0000162053322343,1.0000162101717636,1.0000162101717633,1.000016204824269,1.7319191426520073e-07,1.0000162101717656,7.285738267606219e-11,1.0000162101717645,8.313011341700007e-11,1.0000162101717651,7.28573829394052e-11,1.6506125290284407e-07
2.130225147602926e-06,7.285738386728935e-11,1.7260294323540074e-14,7.285738324018364e-11,7.285738304060215e-11,7.285738332950556e-11,7.285738383968292e-11,1.446836473342967e-07,7.285738385633246e-11,7.285738384669568e-11,7.285738304060219e-11,1.7260294229643788e-14,1.4468364733429676e-07,1.7260294009417763e-14,7.285738386653872e-11,7.28573838511478e-11,7.285738381528678e-11,1.726029403453155e-14,7.285738383285757e-11,7.285738385633246e-11,7.285738381459011e-11,1.8000689341566792e-14,7.285738383118594e-11,1.446836473342967e-07,7.285738387774613e-11,7.285738384098561e-11,7.285738295845089e-11,-1.3086316350439779e-06,7.285738387774613e-11,7.285738341968441e-11,7.285738387704611e-11,7.285738379465244e-11,7.285738330609927e-11,2.0672133848868516e-14,7.285738380069894e-11,1.7260294237925653e-14,7.285738383294537e-11,1.9701848175164222e-14,7.285738380150426e-11,1.726029412738575e-14,1.9698691616756828e-14
1.0000135940145505,1.0000162200900464,7.285738235659026e-11,1.0000162147425513,1.0000162101717658,1.000016214742551,1.0000162200900462,1.000016143774417,1.0000162200900466,1.0000162200900462,1.0000162101717658,7.285738350021239e-11,1.0000161437744153,7.285738389836269e-11,1.0000162200900466,1.0000162200900462,1.0000162200900462,7.285738386510854e-11,1.0000162200900462,1.0000162200900462,1.0000162200900466,7.597551713376735e-11,1.000016220090047,1.0000161437744173,1.0000162200900478,1.0000162200900462,1.000016210171765,7.285738387774613e-11,1.000014911458264,1.000016215250516,1.0000162200900462,1.000016220090047,1.0000162147425506,8.72130961781414e-11,1.0000162200900466,7.285738346544343e-11,1.0000162200900455,8.313011427090024e-11,1.0000162200900464,7.285738369552885e-11,8.311879324673193e-11
1.000013589175044,1.0000162152505152,7.285738202851661e-11,1.0000162099030214,1.0000162053322357,1.0000162099030223,1.0000162152505152,1.000016138934886,1.000016215250514,1.0000162152505145,1.0000162053322355,7.28573831239187e-11,1.000016138934886,7.285738355853319e-11,1.000016215250514,1.0000162152505134,1.0000162152505145,7.285738348055527e-11,1.000016215250514,1.0000162152505145,1.0000162152505143,1.5087579636421438e-07,1.0000162152505145,1.0000161389348865,1.0000162152505148,1.0000162152505163,1.0000162053322343,7.285738341968441e-11,1.000016215250516,1.0000149017792064,1.0000162152505145,1.000016215250514,1.0000162099030219,1.7319191523458778e-07,1.0000162152505156,7.285738300197325e-11,1.0000162152505152,8.313011392094276e-11,1.0000162152505159,7.285738329257115e-11,8.311879283835265e-11
1.0000135940145487,1.000016220090045,7.285738238274183e-11,1.0000162147425489,1.0000162101717638,1.0000162147425504,1.0000162200900462,1.0000161437744157,1.000016220090045,1.0000162200900458,1.000016210171764,7.285738346342839e-11,1.0000161437744148,7.285738386676348e-11,1.000016220090045,1.0000162200900453,1.0000162200900446,7.285738383477787e-11,1.000016220090045,1.000016220090046,1.0000162200900453,7.59755172061573e-11,1.000016220090046,1.0000161437744155,1.0000162200900462,1.000016220090046,1.0000162101717636,7.285738387704611e-11,1.0000162200900462,1.0000162152505145,1.0000149114582624,1.0000162200900455,1.0000162147425495,8.721309628875866e-11,1.000016220090046,7.285738347802262e-11,1.0000162200900453,8.313011427090024e-11,1.0000162200900455,7.285738368385855e-11,8.311879323923607e-11
1.0000135940145498,1.000016220090046,7.285738236833033e-11,1.0000162147425498,1.0000162101717645,1.0000162147425506,1.0000162200900462,1.000016143774415,1.000016220090046,1.000016220090045,1.000016210171764,7.285738342564689e-11,1.0000161437744155,7.285738385191228e-11,1.0000162200900453,1.000016220090045,1.000016220090044,7.285738382352258e-11,1.000016220090046,1.000016220090046,1.0000162200900455,7.597551718493301e-11,1.0000162200900455,1.0000161437744155,1.0000162200900462,1.000016220090046,1.0000162101717633,7.285738379465244e-11,1.000016220090047,1.000016215250514,1.0000162200900455,1.0000149114582673,1.0000162147425502,8.72130961781414e-11,1.0000162200900462,7.285738347405063e-11,1.0000162200900453,8.313011425798344e-11,1.0000162200900455,7.285738371140566e-11,8.311879332243123e-11
1.000013588667078,1.000016214742551,7.2857381945456e-11,1.000016209395056,1.00001620482427,1.0000162093950566,1.0000162147425506,1.00001613842692,1.0000162147425495,1.0000162147425502,1.0000162048242696,7.285738300903943e-11,1.0000161384269206,7.285738349468255e-11,1.0000162147425493,1.0000162147425489,1.000016214742549,7.285738336731629e-11,1.0000162147425495,1.0000162147425502,1.0000162147425495,7.597551676374854e-11,1.0000162147425502,1.0000161384269206,1.00001621474255,1.0000162147425515,1.000016204824269,7.285738330609927e-11,1.0000162147425506,1.0000162099030219,1.0000162147425495,1.0000162147425502,1.000014900763279,8.721309566600462e-11,1.0000162147425513,7.285738292641841e-11,1.000016214742551,1.6508373561633054e-07,1.0000162147425515,7.285738310704882e-11,8.311879281418228e-11
2.1587332650087135e-06,8.721309625468316e-11,2.0672134200762175e-14,8.721309566598164e-11,1.7319191426520097e-07,8.721309566571882e-11,8.721309629227435e-11,1.73191901612327e-07,8.721309625602604e-11,8.721309630690271e-11,1.7319191426520073e-07,2.067213408913418e-14,1.7319190161232723e-07,2.0672133826164685e-14,8.721309627947912e-11,8.721309626464508e-11,8.721309625769816e-11,2.0672133856164788e-14,8.721309623363477e-11,8.721309630784361e-11,8.721309630286855e-11,2.1558876936986156e-14,8.721309630085467e-11,1.7319190161232696e-07,8.721309625602604e-11,8.721309632195091e-11,1.7319191426520073e-07,2.0672133848868516e-14,8.72130961781414e-11,1.7319191523458778e-07,8.721309628875866e-11,8.72130961781414e-11,8.721309566600462e-11,-1.3086316245486815e-06,8.721309625597884e-11,2.067213409902561e-14,8.721309628942436e-11,2.3596281458167412e-14,8.7213096415552e-11,2.067213396705617e-14,2.3592502637827715e-14
1.000013594014553,1.000016220090045,7.28573823569361e-11,1.0000162147425504,1.0000162101717656,1.000016214742551,1.0000162200900462,1.0000161437744155,1.0000162200900462,1.0000162200900455,1.0000162101717658,7.285738343385334e-11,1.0000161437744153,7.285738385397997e-11,1.0000162200900458,1.0000162200900455,1.0000162200900455,7.285738380459574e-11,1.000016220090046,1.0000162200900462,1.0000162200900462,7.597551713376735e-11,1.0000162200900462,1.000016143774417,1.0000162200900464,1.000016220090046,1.0000162101717656,7.285738380069894e-11,1.0000162200900466,1.0000162152505156,1.000016220090046,1.0000162200900462,1.0000162147425513,8.721309625597884e-11,1.0000149114582666,7.285738341052855e-11,1.000016220090046,8.313011425798344e-11,1.0000162200900464,7.285738366278856e-11,8.311879326720154e-11
2.1302251470036924e-06,7.285738347835423e-11,1.7260294533000268e-14,7.285738294161797e-11,7.285738257135553e-11,7.285738291087622e-11,7.285738344548993e-11,1.4468364661409342e-07,7.285738344207475e-11,7.28573833727891e-11,7.285738269981638e-11,1.7260294439103972e-14,1.446836466140936e-07,1.726029421887804e-14,7.28573834838269e-11,7.285738339814415e-11,7.285738340076776e-11,1.726029424399181e-14,7.285738346544343e-11,7.28573834756817e-11,7.285738347877637e-11,1.800068955990589e-14,7.285738346433518e-11,1.446836466140935e-07,7.285738341043658e-11,7.285738347405063e-11,7.285738267606219e-11,1.7260294237925653e-14,7.285738346544343e-11,7.285738300197325e-11,7.285738347802262e-11,7.285738347405063e-11,7.285738292641841e-11,2.067213409902561e-14,7.285738341052855e-11,-1.3086316350439779e-06,7.28573834239992e-11,1.970184841373481e-14,7.28573834756817e-11,1.726029433684602e-14,1.9698691855326033e-14
1.0000135940145511,1.000016220090045,7.285738239542667e-11,1.0000162147425502,1.0000162101717656,1.0000162147425502,1.0000162200900458,1.000016143774415,1.000016220090046,1.000016220090045,1.0000162101717651,7.285738341592977e-11,1.0000161437744153,7.285738385191228e-11,1.000016220090045,1.000016220090045,1.0000162200900455,7.285738386238675e-11,1.0000162200900449,1.0000162200900455,1.000016220090046,7.59755172274544e-11,1.0000162200900462,1.0000161437744164,1.0000162200900462,1.000016220090046,1.0000162101717645,7.285738383294537e-11,1.0000162200900455,1.0000162152505152,1.0000162200900453,1.0000162200900453,1.000016214742551,8.721309628942436e-11,1.000016220090046,7.28573834239992e-11,1.0000149114582673,8.313011435397955e-11,1.0000162200900462,7.285738372686042e-11,8.311879328601363e-11
2.1506251263200477e-06,8.313011429789748e-11,1.970184851087106e-14,1.650837356163304e-07,8.31301134362769e-11,1.6508373561633038e-07,8.313011426666498e-11,1.6508372272506475e-07,8.313011435397955e-11,8.313011432827013e-11,8.313011343627391e-11,1.970184840430105e-14,1.6508372272506462e-07,1.970184815350086e-14,8.313011429605288e-11,8.313011433959104e-11,8.3130114213454e-11,1.9701848182110133e-14,8.313011423214143e-11,8.313011426347201e-11,8.313011427090024e-11,2.0546971685950928e-14,8.313011432827013e-11,1.650837227250647e-07,8.313011430408807e-11,8.313011433959104e-11,8.313011341700007e-11,1.9701848175164222e-14,8.313011427090024e-11,8.313011392094276e-11,8.313011427090024e-11,8.313011425798344e-11,1.6508373561633054e-07,2.3596281458167412e-14,8.313011425798344e-11,1.970184841373481e-14,8.313011435397955e-11,-1.3086316256358402e-06,8.313011428812368e-11,1.9701848287866394e-14,2.2485149993815668e-14
1.0000135940145514,1.0000162200900449,7.285738236790346e-11,1.0000162147425506,1.0000162101717656,1.0000162147425504,1.0000162200900464,1.0000161437744157,1.0000162200900462,1.0000162200900458,1.0000162101717656,7.285738343385334e-11,1.0000161437744153,7.285738381839655e-11,1.0000162200900462,1.000016220090045,1.0000162200900458,7.285738386238675e-11,1.0000162200900462,1.0000162200900455,1.000016220090046,7.597551714876641e-11,1.0000162200900462,1.0000161437744164,1.0000162200900462,1.000016220090047,1.0000162101717651,7.285738380150426e-11,1.0000162200900464,1.0000162152505159,1.0000162200900455,1.0000162200900455,1.0000162147425515,8.7213096415552e-11,1.0000162200900464,7.28573834756817e-11,1.0000162200900462,8.313011428812368e-11,1.0000149114582728,7.285738366631415e-11,8.311879333971424e-11
2.130225146970894e-06,7.285738369656475e-11,1.7260294422460386e-14,7.285738329451902e-11,7.285738284161747e-11,7.285738314349065e-11,7.285738366338355e-11,1.4468364708130142e-07,7.285738370060546e-11,7.285738368385855e-11,7.285738293011502e-11,1.726029432856416e-14,1.446836470813015e-07,1.7260294108338113e-14,7.285738367186582e-11,7.285738367186582e-11,7.285738371182166e-11,1.726029413345186e-14,7.285738365866377e-11,7.285738367186582e-11,7.285738366991207e-11,1.8000689444688097e-14,7.28573836845565e-11,1.446836470813014e-07,7.285738367186582e-11,7.285738367573884e-11,7.28573829394052e-11,1.726029412738575e-14,7.285738369552885e-11,7.285738329257115e-11,7.285738368385855e-11,7.285738371140566e-11,7.285738310704882e-11,2.067213396705617e-14,7.285738366278856e-11,1.726029433684602e-14,7.285738372686042e-11,1.9701848287866394e-14,7.285738366631415e-11,-1.308631631378969e-06,1.9698691729456883e-14
2.1506026437750933e-06,8.311879333808874e-11,1.96986919524892e-14,8.311879281596627e-11,1.6506125290284425e-07,8.311879281731211e-11,8.311879324673193e-11,1.6506124084321256e-07,8.31187933040183e-11,8.311879330765714e-11,1.6506125290284412e-07,1.9698691845892945e-14,1.6506124084321243e-07,1.9698691595092594e-14,8.31187933040183e-11,8.311879331233119e-11,8.311879327548116e-11,1.969869162370122e-14,8.311879323923607e-11,8.311879320209404e-11,8.311879320209404e-11,2.0543679987821786e-14,8.311879331047526e-11,1.6506124084321253e-07,8.311879331951747e-11,8.31187933408431e-11,1.6506125290284407e-07,1.9698691616756828e-14,8.311879324673193e-11,8.311879283835265e-11,8.311879323923607e-11,8.311879332243123e-11,8.311879281418228e-11,2.3592502637827715e-14,8.311879326720154e-11,1.9698691855326033e-14,8.311879328601363e-11,2.2485149993815668e-14,8.311879333971424e-11,1.9698691729456883e-14,-1.3086316256358356e-06
