1.0000000151013309,1.0000233577515238,1.0000238951758484,1.0000238636563414,4.78512557663833e-06,4.475699377864793e-06,4.7839000002353075e-06,4.9621485448272905e-06,4.49147671422524e-06,1.0000233340122229,4.742206371784239e-06,1.0000233461110515,1.0000229336138533,4.4938827551666475e-06,4.497808776810169e-06,1.000023886602992,4.482452672563066e-06,4.493882756373869e-06,4.49388275516318e-06,1.0000236817951018,4.4914767135098704e-06,4.493475426948404e-06,4.4914767143353625e-06,4.7426747683599e-06,1.0000233379841197,1.0000233461110524,4.493882754317118e-06,4.4914650218757585e-06,1.0000238636558896,1.0000238387290543,4.505658055867728e-06,4.497735359380204e-06,4.491476714366801e-06,4.4863520632732115e-06,1.0000233379841197,4.493882756195022e-06,4.58250161189544e-06,1.0000233524948818,4.499866806366606e-06,1.0000238636558874,1.0000230610703285,4.497965338955102e-06,4.5817053312203095e-06,1.000023863655886,4.743163932206927e-06,4.475699376430793e-06,4.491476713830257e-06,1.0000233409731192,4.493882755166651e-06,1.0000233379841181,1.0000239203669778,1.0000233409731203,4.491476715084311e-06,4.593803321847947e-06,1.0000233461110533,4.48693596668115e-06,4.512242422204265e-06,1.0000238583548113,1.000023847468466,4.7430101129398606e-06,1.0000238571548978,4.493419282911741e-06,1.0000233461110537,1.0000238606847651,4.892321322543406e-06,4.503078376695648e-06,4.5101859273333845e-06,4.493882754332515e-06,4.49388275637402e-06,1.000023876298223,4.520589134766773e-06,4.493882755032519e-06,4.482906219952588e-06,1.0000238636558858,4.488720321629257e-06
1.0000233577515238,1.0000281175862342,1.0000273129043569,1.0000272813846278,5.835765299489378e-07,1.3758118551782234e-10,5.823509489595431e-07,7.606009106956547e-07,1.454991021490184e-10,1.0000267517367056,5.406569867067926e-07,1.0000267638356202,1.0000263513354537,1.4670658208794864e-10,2.96257447831482e-07,1.0000273043314423,1.409703522190181e-10,1.467065820925825e-10,1.4670658214235363e-10,1.000027099522079,1.454991020127357e-10,1.465021634581846e-10,1.454991019202096e-10,5.411253852573349e-07,1.00002675570863,1.000026763835623,1.4670658212501918e-10,1.4549323558115259e-10,1.000027281384171,1.000027256457164,1.526160678818124e-10,1.4864003560836272e-10,1.4549910196142906e-10,1.4292727807091289e-10,1.00002675570863,1.467065822465229e-10,1.9118033111947952e-10,1.000026770219496,1.4970970559508606e-10,1.000027281384171,1.0000264787928508,1.4875545153016286e-10,3.801546603456306e-07,1.0000272813841715,5.416145539156144e-07,1.3758118489179918e-10,1.4549910174420481e-10,1.000026758697648,1.4670658224141293e-10,1.0000267557086302,1.0000273380956683,1.0000267586976475,1.4549910198873514e-10,1.9685215047595247e-10,1.0000267638356222,1.4322031095347257e-10,1.5592046474395732e-10,1.0000272760830586,1.0000272651966355,5.414607362157112e-07,1.0000272748831365,1.4647398840018115e-10,1.0000267638356222,1.0000272784130304,6.907731324507966e-07,1.5132144549848546e-10,1.5488840410150416e-10,1.4670658178041455e-10,1.4670658185175148e-10,1.000027294026598,1.6010930307646307e-10,1.467065819887564e-10,1.4119796933354954e-10,1.0000272813841709,1.441157971246716e-10
1.0000238951758484,1.0000273129043569,1.0000291924428677,1.0000278188130685,2.9286819655142394e-10,1.375812629052856e-10,2.9225313831442194e-10,7.606013359810226e-07,1.4549918353488793e-10,1.0000272891648725,2.7132900078598565e-10,1.0000273012637957,1.0000268887634187,1.4670666413784442e-10,1.4867696015228674e-10,1.0000278417598947,1.409704315668016e-10,1.4670666404529426e-10,1.4670666400306617e-10,1.0000276369504253,1.454991835230421e-10,1.465022453471354e-10,1.4549918333545872e-10,2.715640669518918e-10,1.000027293136802,1.0000273012637957,1.4670666412761444e-10,1.4549331683538434e-10,1.000027818812611,1.0000277938855908,1.5261615309917997e-10,1.4864011906683564e-10,1.4549918338195252e-10,1.429273582450641e-10,1.0000272931368013,1.4670666425429527e-10,1.911804376826896e-10,1.000027307647676,1.497097895696668e-10,1.0000278188126104,1.000027016220882,1.4875553507780045e-10,1.9078082148946946e-10,1.000027818812611,2.7180955658803917e-10,1.3758126227683843e-10,1.4549918307852678e-10,1.0000272961258212,1.4670666422610932e-10,1.0000272931368006,1.000027875524137,1.0000272961258205,1.4549918341513224e-10,1.9685226090106998e-10,1.0000273012637972,1.432203913248797e-10,1.559205522816705e-10,1.0000278135114953,1.0000278026250666,2.717323630188337e-10,1.0000278123115722,1.4647407013086093e-10,1.0000273012637972,1.0000278158414706,6.907735187569566e-07,1.5132153024266746e-10,1.5488849097247273e-10,1.46706663770552e-10,1.4670666377980728e-10,1.0000278314550437,1.601093931831197e-10,1.46706663875713e-10,1.4119804864877807e-10,1.0000278188126104,1.4411587781236333e-10
1.0000238636563414,1.0000272813846278,1.0000278188130685,1.0000291294033838,2.9286818703761124e-10,1.3758125825090202e-10,2.9225312858299317e-10,3.8170796519168034e-10,1.4549917881292945e-10,1.0000272576451452,2.713289917853762e-10,1.0000272697440664,1.000026857243702,1.4670665922992203e-10,1.4867695524546192e-10,1.0000278102401485,1.409704267434311e-10,1.4670665922206575e-10,1.4670665917912228e-10,1.0000276054306871,1.454991786682478e-10,1.4650224048296316e-10,1.4549917859758293e-10,2.715640578342342e-10,1.0000272616170742,1.0000272697440686,1.467066592482371e-10,1.4549331201677117e-10,1.000027787292867,1.0000277623658478,1.5261614804699527e-10,1.4864011405825432e-10,1.454991785337008e-10,1.429273534886864e-10,1.0000272616170716,1.4670665942417669e-10,1.9118043151612302e-10,1.0000272761279452,1.4970978463790705e-10,1.0000277872928665,1.0000269847011602,1.4875552991749207e-10,1.9078081523290992e-10,1.0000277872928651,2.7180954743994557e-10,1.3758125786939647e-10,1.4549917835328327e-10,1.000027264606093,1.4670665948456152e-10,1.000027261617073,1.0000278440043908,1.0000272646060921,1.4549917862436298e-10,1.968522543907004e-10,1.0000272697440686,1.4322038667411725e-10,1.5592054711177519e-10,1.0000277819917522,1.0000277711053223,2.7173235392295283e-10,1.0000277807918272,1.4647406536381228e-10,1.000027269744068,1.0000277843217253,3.466648579072025e-10,3.015272433600157e-07,1.5488848583390408e-10,1.4670665894296537e-10,1.467066589814811e-10,1.0000277999352996,1.6010938797695104e-10,1.4670665912504393e-10,1.411980438807289e-10,1.000027787292867,1.441158729814986e-10
4.78512557663833e-06,5.835765299489378e-07,2.9286819655142394e-10,2.9286818703761124e-10,1.3421108077957724e-06,7.724074563375394e-17,3.291691542104658e-13,4.301844097652819e-13,8.228037288721957e-17,5.835765155475097e-07,3.055801410514196e-13,5.835765228982477e-07,5.835762724134915e-07,8.30553253148868e-17,8.37874654622327e-17,5.835768512095651e-07,7.929208183893648e-17,8.306921675867433e-17,8.30538892806432e-17,2.9286813160111327e-10,8.232091618326913e-17,8.292999038850786e-17,8.221322859861125e-17,3.058561713319833e-13,5.835765179717968e-07,5.835765228982479e-07,8.297862286873466e-17,8.224263886343685e-17,2.928681869318922e-10,2.9286817938504033e-10,8.635223106598116e-17,8.371604349242639e-17,8.232760309529145e-17,8.066332285369321e-17,5.835765179717965e-07,8.307384518182065e-17,1.082346313016639e-16,5.835765267723857e-07,8.444220852209698e-17,2.928681869178481e-10,5.835763497704624e-07,8.376429801462722e-17,1.08025005060595e-16,2.9286818688493795e-10,3.061598880566874e-13,7.753770617115574e-17,8.23191565817013e-17,5.835765197904994e-07,8.30538892806432e-17,5.835765179717957e-07,2.9286820457028134e-10,5.835765197904989e-07,8.224711433013903e-17,1.1105258292051025e-16,5.83576522898249e-07,8.093668632423854e-17,8.766480419389049e-17,2.9286818553026845e-10,2.9286818199574053e-10,3.0607174023888883e-13,2.928681849339139e-10,8.287722120983675e-17,5.835765228982489e-07,2.928681860718007e-10,3.906361974460313e-13,8.549719354911493e-17,8.740131401893969e-17,8.297844453393286e-17,8.306609484113702e-17,2.928681908594488e-10,9.007337462989713e-17,8.303806203022553e-17,7.962001488536718e-17,2.9286818701495725e-10,8.127446735095403e-17
4.475699377864793e-06,1.3758118551782234e-10,1.375812629052856e-10,1.3758125825090202e-10,7.724074563375394e-17,1.3421105477538041e-06,7.708222890399796e-17,1.0092182216837196e-16,3.821324540220862e-17,1.3758118210929685e-10,7.177432383724915e-17,1.3758118384884894e-10,1.3758112436723085e-10,3.8807737005124723e-17,3.89685504348169e-17,1.3758126165995964e-10,3.6980132419000563e-17,3.8877746681119346e-17,3.888875820578206e-17,1.3758123254275005e-10,3.840235343712554e-17,3.873680487556092e-17,3.8382396967502256e-17,7.160346089332144e-17,1.375811826898558e-10,1.375811838598761e-10,3.888875820578206e-17,3.833439364017912e-17,1.3758125845780662e-10,1.3758125479292925e-10,4.039452172742884e-17,4.027600536081582e-17,3.834535087378381e-17,3.756995132465527e-17,1.3758118266239233e-10,3.888086457429914e-17,5.06739254423916e-17,1.3758118477068874e-10,3.9145701083868755e-17,1.3758125845780662e-10,2.741477972921942e-07,3.9660032364884965e-17,5.056872659752329e-17,1.3758125853914926e-10,7.159173154485987e-17,7.121165734845394e-14,3.829038651664215e-17,1.3758118309766123e-10,3.8859334233917245e-17,1.3758118267869397e-10,1.3758126651645055e-10,1.375811831000171e-10,3.829720512493065e-17,5.1935110724805965e-17,1.3758118383621986e-10,3.8013931108307474e-17,4.087874704319766e-17,1.3758125762988048e-10,1.3758125602684003e-10,7.189086045677207e-17,1.3758125755105563e-10,3.87779514122672e-17,1.375811838577907e-10,1.3758125795418515e-10,9.15645714382453e-17,4.019998551465222e-17,4.0788917634420946e-17,3.889981501348207e-17,3.8886380521198946e-17,1.3758126012439774e-10,4.210170056050782e-17,3.888955408753976e-17,3.6914297955684856e-17,1.3758125844218275e-10,3.834495534602813e-17
4.7839000002353075e-06,5.823509489595431e-07,2.9225313831442194e-10,2.9225312858299317e-10,3.291691542104658e-13,7.708222890399796e-17,1.3421108085296862e-06,4.2921495187784496e-13,8.206990797771416e-17,5.823509345890923e-07,3.0488234393320354e-13,5.823509419245724e-07,5.823506918952505e-07,8.287293386875015e-17,8.354040701591264e-17,2.922531357354258e-10,7.918093422570296e-17,8.286007411313563e-17,8.293732820998021e-17,2.9225307317445426e-10,8.216761661508657e-17,8.280182229340402e-17,8.215618802063885e-17,3.0515522001935015e-13,5.823509370082693e-07,5.823509419245724e-07,8.288534258305254e-17,8.21872534079732e-17,2.922531286157253e-10,2.922531209079836e-10,8.623489995964416e-17,8.363567727684844e-17,8.207469953064021e-17,8.040405092723467e-17,5.823509370082688e-07,8.290640608136466e-17,1.0805119212541822e-16,5.82350945793261e-07,8.435164872361881e-17,2.92253128608117e-10,5.823507691268585e-07,8.403547993779755e-17,1.0775078382397233e-16,2.922531285133774e-10,3.0545709464517005e-13,7.705218464836479e-17,8.216599886124259e-17,5.823509388227827e-07,8.286297050990447e-17,5.823509370082689e-07,5.823512901435191e-07,5.823509388227825e-07,8.207469953064021e-17,1.1077111140280155e-16,5.823509419245731e-07,8.07406773568047e-17,1.7491794714899187e-13,2.92253126948476e-10,2.922531236911175e-10,3.053744566467779e-13,2.922531267437976e-10,8.280231259771202e-17,5.823509419245734e-07,2.9225312760457504e-10,3.8975497881500613e-13,8.53708788971709e-17,8.721116403721789e-17,8.287293386875015e-17,8.293090539173407e-17,2.922531323620554e-10,9.002481775924584e-17,8.291210251757737e-17,7.919324760771184e-17,2.9225312850593556e-10,8.127364438067737e-17
4.9621485448272905e-06,7.606009106956547e-07,7.606013359810226e-07,3.8170796519168034e-10,4.301844097652819e-13,1.0092182216837196e-16,4.2921495187784496e-13,1.3421110421035691e-06,1.0730860747313946e-16,7.60600891928417e-07,3.984596468326704e-13,7.606009015060924e-07,7.606005752546187e-07,1.0832520671877298e-16,1.0934803920271797e-16,7.606013291949289e-07,1.0331830633687763e-16,1.083337559988263e-16,1.0834150428743843e-16,3.8170789303905333e-10,1.0721322025517956e-16,1.080771819348805e-16,1.0723275556041975e-16,3.9882767632599455e-13,7.606008950857486e-07,7.606009015060926e-07,1.0830142982966662e-16,1.0727687915771526e-16,3.817079651262385e-10,3.81707955279471e-10,1.12696513770948e-16,1.0913827015231349e-16,1.0720696340356529e-16,1.0502545569027958e-16,7.606008950857478e-07,1.0833896155927603e-16,1.410620917421199e-16,7.606009065521886e-07,1.1017555964389179e-16,3.817079651262385e-10,7.606006759713416e-07,1.0920761690363205e-16,1.4090377852247488e-16,3.817079651262385e-10,3.9922397453673994e-13,1.0086745337929577e-16,1.0726534489350112e-16,7.606008974572879e-07,1.0833896155927603e-16,7.606008950857485e-07,7.60601355986263e-07,7.606008974572874e-07,1.0723950330937879e-16,1.4474277279150403e-16,7.606009015060938e-07,1.0532836083778382e-16,1.1459270937115005e-16,3.8170796297686057e-10,3.8170795868715294e-10,3.990960573695372e-13,7.60601305916814e-07,1.0806814850582163e-16,7.606009015060938e-07,3.817079639738563e-10,5.093411035353898e-13,1.1148735659988937e-16,1.139446585326622e-16,1.0826646610801061e-16,1.0833896155927603e-16,3.8170797012763213e-10,1.1748467345282238e-16,1.0833357946295866e-16,1.0348936757293911e-16,3.817079650016609e-10,1.0608866571753329e-16
4.49147671422524e-06,1.454991021490184e-10,1.4549918353488793e-10,1.4549917881292945e-10,8.228037288721957e-17,3.821324540220862e-17,8.206990797771416e-17,1.0730860747313946e-16,1.3421105612459023e-06,1.454990985413331e-10,7.607330476075861e-17,1.4549910032847933e-10,2.899252023851112e-07,8.22481498753502e-14,4.1667418008068415e-17,1.4549918228714874e-10,3.92581681370104e-17,8.22481497721753e-14,8.224814975550826e-14,1.4549915115866267e-10,8.152544216248255e-14,8.213041294309224e-14,8.152544207880861e-14,7.622999527135998e-17,1.4549909912987883e-10,1.454991003508395e-10,8.22481497992774e-14,8.255243173150115e-14,1.4549917876745113e-10,1.4549917499177626e-10,8.558372765605883e-14,4.150786602770504e-17,8.15254420700695e-14,4.0249705859342384e-17,1.454990991042488e-10,8.22481499134217e-14,1.071709379557373e-13,1.454991013645082e-10,8.363000746479861e-14,1.4549917883478987e-10,2.8992524079629175e-07,4.1595024147605953e-17,1.0695362415585912e-13,1.4549917879044314e-10,7.633925089538403e-17,3.83073120998357e-17,8.152544215424802e-14,1.4549909956319088e-10,8.224814994939758e-14,1.454990991042488e-10,1.4549918729383902e-10,1.454990995899709e-10,8.1525442197909e-14,5.532086776230358e-17,1.4549910039540175e-10,7.839439968385953e-14,4.3598714268474466e-17,1.4549917798126888e-10,1.4549917625751154e-10,7.628593755857119e-17,1.4549917779747537e-10,8.212553339959275e-14,1.454991003508395e-10,1.454991783046481e-10,9.735522491810241e-17,8.47839775691028e-14,4.3169567419902285e-17,8.224814977004815e-14,8.224814979459339e-14,1.454991806163541e-10,4.49004993033275e-17,8.2248149871281e-14,8.042946138054624e-14,1.454991787385409e-10,7.957482060076105e-14
1.0000233340122229,1.0000267517367056,1.0000272891648725,1.0000272576451452,5.835765155475097e-07,1.3758118210929685e-10,5.823509345890923e-07,7.60600891928417e-07,1.454990985413331e-10,1.000028070107292,5.406569733649995e-07,1.0000267400961491,1.0000263275959922,1.467065785661248e-10,1.4867687317187867e-10,1.0000272805919592,1.4097034874868585e-10,1.4670657839949952e-10,1.467065783644372e-10,1.0000270757825995,1.454990984591563e-10,1.4650215984603366e-10,1.4549909838033059e-10,5.411253719079117e-07,1.00002673196916,1.0000267400961502,1.4670657847895785e-10,1.454932318986269e-10,1.0000272576446885,1.000027232717681,1.5261606405243892e-10,1.4864003191598245e-10,1.4549909839695733e-10,1.429272745223487e-10,1.0000267319691578,1.467065786805736e-10,1.9118032635680627e-10,1.0000267464800263,1.4970970188279959e-10,1.000027257644688,1.000026455053386,1.487554477960776e-10,3.80154650975856e-07,1.000027257644688,5.416145405554199e-07,1.3758118148895497e-10,1.4549909807208103e-10,1.0000267349581784,1.467065786608672e-10,1.000026731969158,1.0000273143561842,1.000026734958177,1.4549909836852716e-10,1.968521456406656e-10,1.0000267400961511,1.4322030747734587e-10,1.559204609359355e-10,1.0000272523435745,1.0000272414571532,5.414607228543539e-07,1.0000272511436534,1.4647398475068446e-10,1.0000267400961511,1.0000272546735496,6.907731154063226e-07,1.5132144176449513e-10,1.5488840029267413e-10,1.467065782295849e-10,1.4670657823769901e-10,1.0000272702871147,1.6010929914985966e-10,1.4670657830850417e-10,1.4119796580340403e-10,1.0000272576446891,1.4411579360387975e-10
4.742206371784239e-06,5.406569867067926e-07,2.7132900078598565e-10,2.713289917853762e-10,3.055801410514196e-13,7.177432383724915e-17,3.0488234393320354e-13,3.984596468326704e-13,7.607330476075861e-17,5.406569733649995e-07,1.3421107645484626e-06,5.406569801756316e-07,5.406567480194552e-07,7.698302576475146e-17,7.75943320612734e-17,2.713289982796421e-10,7.342971847125788e-17,7.696364171666322e-17,7.697799874868832e-17,2.7132894050252904e-10,7.607330476075861e-17,7.685946890413757e-17,7.619264225091953e-17,2.832834465481556e-13,5.40656975611421e-07,5.406569801756316e-07,7.695459451660462e-17,7.617496490914915e-17,2.7132899183095956e-10,2.7132898471830355e-10,8.002410957867081e-17,7.744660003240645e-17,7.623442703668431e-17,7.464601257898824e-17,5.406569756114206e-07,7.696218022862757e-17,1.0027533880443462e-16,5.406569837674484e-07,7.823270029176064e-17,2.7132899183178147e-10,5.406568197368449e-07,7.73256819224041e-17,9.999253174784591e-17,2.7132899183095956e-10,2.835637980426113e-13,7.1385201086102e-17,7.62272125146287e-17,5.406569772957346e-07,7.696364171666322e-17,5.406569756114203e-07,2.713290077328962e-10,5.406569772957341e-07,7.612196774497688e-17,1.0285253244971259e-16,5.406569801756325e-07,7.499283434498693e-17,1.6240003101726477e-13,2.713289902455887e-10,2.7132898713251387e-10,2.8348922274601315e-13,2.713289898866178e-10,7.681204927606718e-17,5.406569801756325e-07,2.713289909460054e-10,3.618257374857596e-13,7.914374749859011e-17,8.10504142535442e-17,7.696662208708862e-17,7.696662208708862e-17,2.713289953113499e-10,8.318423888209337e-17,7.697806328155222e-17,7.36429232408093e-17,2.7132899178721143e-10,7.531977896375545e-17
1.0000233461110515,1.0000267638356202,1.0000273012637957,1.0000272697440664,5.835765228982477e-07,1.3758118384884894e-10,5.823509419245724e-07,7.606009015060924e-07,1.4549910032847933e-10,1.0000267400961491,5.406569801756316e-07,1.0000280943051199,1.000026339694902,1.467065804444956e-10,1.4867687495732473e-10,1.0000272926908802,1.4097035052814527e-10,1.4670658028443623e-10,1.46706580291465e-10,1.0000270878815194,1.4549910032306608e-10,1.4650216167155665e-10,1.4549910017392551e-10,5.411253787229825e-07,1.000026744068076,1.0000267521950648,1.4670658031713145e-10,1.454932336884441e-10,1.0000272697436083,1.0000272448166017,1.5261606595574928e-10,1.4864003380752277e-10,1.454991001847686e-10,1.4292727631300677e-10,1.0000267440680743,1.467065805011938e-10,1.9118032877679881e-10,1.0000267585789409,1.497097038049783e-10,1.000027269743608,1.0000264671522978,1.4875544972407688e-10,1.907807126687086e-10,1.0000272697436092,5.416145473760391e-07,1.3758118323910883e-10,1.4549909995745773e-10,1.0000267470570934,1.4670658048203999e-10,1.000026744068074,1.0000273264551065,1.0000267470570925,1.454991001690231e-10,1.9685214812852673e-10,1.0000267521950659,1.4322030933600176e-10,1.559204629051021e-10,1.0000272644424972,1.0000272535560728,5.414607296746681e-07,1.0000272632425735,1.4647398658229824e-10,1.000026752195066,1.0000272667724706,6.90773124105238e-07,1.5132144371769934e-10,1.5488840219411697e-10,1.4670658001792373e-10,1.4670658010676807e-10,1.0000272823860366,1.6010930114703224e-10,1.4670658017681688e-10,1.411979676670592e-10,1.000027269743608,1.4411579543642e-10
1.0000229336138533,1.0000263513354537,1.0000268887634187,1.000026857243702,5.835762724134915e-07,1.3758112436723085e-10,5.823506918952505e-07,7.606005752546187e-07,2.899252023851112e-07,1.0000263275959922,5.406567480194552e-07,1.000026339694902,1.000027269304966,2.923312577810921e-07,2.962573166734521e-07,1.0000268801905063,2.8090110052024997e-07,2.9233125753627814e-07,2.9233125758008266e-07,1.000026675381227,2.899252021627095e-07,2.919239278126471e-07,2.899252019671617e-07,5.411251463507184e-07,1.0000263315679154,1.0000263396949038,2.9233125763432066e-07,2.8991351221154157e-07,1.0000268572432436,1.0000268323162471,3.041066488462505e-07,2.961839067025423e-07,2.899252020646769e-07,2.8480052041908675e-07,1.0000263315679128,2.923312580066441e-07,3.8095077818446874e-07,1.0000263460787762,2.983153576212054e-07,1.0000268572432442,1.0000260546522488,2.9641388730324066e-07,3.8015449290990435e-07,1.000026857243242,5.416143148142498e-07,1.3758112365041285e-10,2.899252014877261e-07,1.000026334556932,2.9233125802236435e-07,1.0000263315679123,1.0000269139547195,1.0000263345569305,2.899252020753242e-07,3.922525893977478e-07,1.0000263396949038,2.853844256991575e-07,3.106910743730737e-07,1.000026851942134,1.0000268410557147,5.414604972180553e-07,1.0000268507422114,2.918677853950685e-07,1.000026339694904,1.0000268542721062,6.907728277434385e-07,3.015269516179277e-07,3.086345636228423e-07,2.9233125703374847e-07,2.9233125714440893e-07,1.0000268698856647,3.1903785918279584e-07,2.92331257370073e-07,2.81354656023583e-07,1.0000268572432427,2.8716879386736604e-07
4.4938827551666475e-06,1.4670658208794864e-10,1.4670666413784442e-10,1.4670665922992203e-10,8.30553253148868e-17,3.8807737005124723e-17,8.287293386875015e-17,1.0832520671877298e-16,8.22481498753502e-14,1.467065785661248e-10,7.698302576475146e-17,1.467065804444956e-10,2.923312577810921e-07,1.3421105589627828e-06,8.379941196093739e-14,1.46706662850136e-10,7.930064871091973e-14,8.30270421377727e-14,8.30270421208314e-14,1.467066315603691e-10,8.224814991209649e-14,8.290140708788785e-14,8.224814982764864e-14,7.700366025947721e-17,1.467065790717303e-10,1.4670658041015352e-10,8.302704216501234e-14,8.231430818968342e-14,1.4670665932585288e-10,1.4670665543416106e-10,8.63898078650123e-14,4.1979022245382537e-17,8.224814982023792e-14,8.05631953539176e-14,1.467065791928014e-10,8.302704228096054e-14,1.0818822278069243e-13,1.4670658143701295e-10,8.44802441476479e-14,1.4670665931193156e-10,2.9233129644278564e-07,4.2029189317566834e-17,1.0797225249587264e-13,1.467066593011259e-10,7.708591071725993e-17,3.892142567241653e-17,8.224814989929246e-14,1.4670657964713777e-10,8.302704231645808e-14,1.4670657919749022e-10,1.4670666794313133e-10,1.4670657965991782e-10,8.224814994679766e-14,1.1102415242859967e-13,1.4670658041620163e-10,8.066783086886821e-14,4.411725551477609e-17,1.4670665848950155e-10,1.4670665686016308e-10,7.706472543009735e-17,1.4670665823177764e-10,8.28786244547608e-14,1.4670658039454395e-10,1.4670665883210614e-10,9.830836575165184e-17,8.553974315460902e-14,8.732613616874214e-14,8.302704213203097e-14,8.302704215765249e-14,1.4670666120457808e-10,4.52085960478823e-17,8.302704223476486e-14,7.964828897293282e-14,1.4670665929658912e-10,8.126943227997006e-14
4.497808776810169e-06,2.96257447831482e-07,1.4867696015228674e-10,1.4867695524546192e-10,8.37874654622327e-17,3.89685504348169e-17,8.354040701591264e-17,1.0934803920271797e-16,4.1667418008068415e-17,1.4867687317187867e-10,7.75943320612734e-17,1.4867687495732473e-10,2.962573166734521e-07,8.379941196093739e-14,1.3421105589622921e-06,1.4867695888792892e-10,4.009163770713014e-17,8.379941185515076e-14,8.379941183835491e-14,1.486769270339386e-10,4.1667418008068415e-17,8.36399172057232e-14,4.1667418008068415e-17,7.762153730328927e-17,1.4867687369924942e-10,1.486768749333207e-10,8.37994118830144e-14,4.091899852834718e-17,1.486769553671128e-10,1.4867695146942846e-10,8.716294923334685e-14,4.2372761595561543e-17,4.1687210732391236e-17,8.126602297675399e-14,1.4867687368360322e-10,8.379941199797428e-14,1.0920681348911656e-13,1.4867687595343821e-10,4.2754281302963706e-17,1.4867695531001052e-10,2.9625735608945205e-07,4.2301222051651256e-17,1.0899014434648361e-13,1.4867695528973751e-10,7.78291861670238e-17,3.921871948565489e-17,4.139171621828645e-17,1.4867687417859658e-10,8.37994120362948e-14,1.4867687370647862e-10,1.4867696407911277e-10,1.486768741479014e-10,4.1687210732246844e-17,1.1206148339227926e-13,1.4867687495075963e-10,8.36214805394747e-14,8.882423739526706e-14,1.4867695450039095e-10,1.4867695282515272e-10,7.777139568245025e-17,1.4867695433848637e-10,8.359600432420947e-14,1.4867687496791778e-10,1.4867695492307895e-10,9.917941203451539e-17,4.323505070239785e-17,8.809550513465768e-14,8.379941186018735e-14,8.379941188354824e-14,1.4867695725897685e-10,4.5800831199273314e-17,8.379941196233718e-14,3.906537149152874e-17,1.486769553135362e-10,4.1737352225688704e-17
1.000023886602992,1.0000273043314423,1.0000278417598947,1.0000278102401485,5.835768512095651e-07,1.3758126165995964e-10,2.922531357354258e-10,7.606013291949289e-07,1.4549918228714874e-10,1.0000272805919592,2.713289982796421e-10,1.0000272926908802,1.0000268801905063,1.46706662850136e-10,1.4867695888792892e-10,1.000029175297035,1.409704302792826e-10,1.4670666264483454e-10,1.4670666271952345e-10,1.0000276283775096,1.4549918209888623e-10,1.4650224398309622e-10,1.454991819649651e-10,2.7156406430531315e-10,1.0000272845638878,1.0000272926908824,1.4670666267058217e-10,1.4549331555390807e-10,1.0000278102396913,1.0000277853126711,1.526161517521143e-10,1.486401177575791e-10,1.4549918212422908e-10,1.4292735696793952e-10,1.0000272845638856,1.4670666291743106e-10,1.9118043616664577e-10,1.0000272990747616,1.4970978822699875e-10,1.000027810239691,1.0000270076479683,1.4875553367209568e-10,1.9078081981025916e-10,1.0000278102396905,2.7180955384206124e-10,1.3758126094668327e-10,1.4549918185652921e-10,1.000027287552908,1.4670666300446364e-10,1.0000272845638853,1.000027866951217,1.0000272875529066,1.4549918206015117e-10,1.9685225901444853e-10,1.000027292690883,1.4322038999095334e-10,1.5592055075146625e-10,1.000027804938576,1.000027794052147,2.717323606736702e-10,1.0000278037386527,1.4647406885031658e-10,1.0000272926908826,1.0000278072685513,3.466648664503621e-10,1.5132152883419997e-10,1.5488848960939623e-10,1.4670666242397427e-10,1.467066625255808e-10,1.0000278228821258,1.601093916532869e-10,1.4670666259352156e-10,1.411980475064897e-10,1.0000278102396922,1.4411587661987903e-10
4.482452672563066e-06,1.409703522190181e-10,1.409704315668016e-10,1.409704267434311e-10,7.929208183893648e-17,3.6980132419000563e-17,7.918093422570296e-17,1.0331830633687763e-16,3.92581681370104e-17,1.4097034874868585e-10,7.342971847125788e-17,1.4097035052814527e-10,2.8090110052024997e-07,7.930064871091973e-14,4.009163770713014e-17,1.409704302792826e-10,1.34211055323433e-06,7.930064861033399e-14,7.930064859460926e-14,1.4097040002001e-10,3.92581681370104e-17,7.916783602362013e-14,3.9393826637395476e-17,7.348578676087499e-17,1.4097034932453216e-10,1.4097035053760475e-10,7.930064863689206e-14,3.8619164509435705e-17,1.4097042695270163e-10,1.4097042313731275e-10,8.250528117865756e-14,3.9970286766292973e-17,3.936999635516492e-17,3.8318154734171044e-17,1.4097034933171757e-10,7.930064874452384e-14,1.0332963880036236e-13,1.4097035148316073e-10,4.034674347170223e-17,1.4097042695347822e-10,2.809011379207909e-07,3.9981912234138627e-17,1.0313396800590418e-13,1.4097042691345517e-10,7.348622102232073e-17,3.7137737408721717e-17,3.936999635516492e-17,1.4097034976981894e-10,7.930064878212033e-14,1.409703493078684e-10,1.4097043535095258e-10,1.4097034976284557e-10,3.921436224892233e-17,5.34409557898283e-17,1.4097035052499273e-10,7.96571915622577e-14,4.2729327901798343e-17,1.409704260883491e-10,1.4097042444458912e-10,7.351873020030077e-17,1.4097042582534116e-10,3.960799634985997e-17,1.4097035053620901e-10,1.4097042659412933e-10,9.395993535352516e-17,4.0933849625394864e-17,4.194581670563637e-17,7.930064862094941e-14,7.930064864169841e-14,1.40970428798844e-10,4.308780142241774e-17,7.930064871674805e-14,3.6881910907171283e-17,1.409704269293886e-10,3.9691035465222826e-17
4.493882756373869e-06,1.467065820925825e-10,1.4670666404529426e-10,1.4670665922206575e-10,8.306921675867433e-17,3.8877746681119346e-17,8.286007411313563e-17,1.083337559988263e-16,8.22481497721753e-14,1.4670657839949952e-10,7.696364171666322e-17,1.4670658028443623e-10,2.9233125753627814e-07,8.30270421377727e-14,8.379941185515076e-14,1.4670666264483454e-10,7.930064861033399e-14,1.3421105589627828e-06,8.302704201696482e-14,1.4670663144623652e-10,8.224814980892163e-14,8.290140698413914e-14,8.224814972447384e-14,7.703059612324777e-17,1.4670657900338363e-10,1.4670658028443623e-10,8.302704206114574e-14,8.231430808650881e-14,1.4670665919657802e-10,1.4670665532164876e-10,8.638980775697403e-14,4.1984927310588753e-17,8.224814971706308e-14,8.05631952522144e-14,1.4670657908979635e-10,8.302704217709401e-14,1.0818822264542543e-13,1.4670658124276225e-10,8.448024404127521e-14,1.4670665921148487e-10,2.9233129619797125e-07,4.201070392022408e-17,1.079722523608433e-13,1.4670665911683571e-10,7.711558065162429e-17,3.8837621192879306e-17,8.224814979611766e-14,1.4670657950188499e-10,8.302704221259148e-14,1.4670657903983203e-10,1.4670666777770422e-10,1.4670657944448741e-10,8.224814984362291e-14,1.1102415228873367e-13,1.4670658028443623e-10,8.06678307670006e-14,4.4121913340810203e-17,1.467066583792191e-10,1.4670665666004534e-10,7.704485975109008e-17,1.4670665815651754e-10,8.287862435102866e-14,1.4670658030585406e-10,1.467066587468137e-10,9.838237971051073e-17,8.553974304730993e-14,8.732613605854509e-14,8.302704202816438e-14,8.302704205378594e-14,1.467066610835281e-10,4.522868724212218e-17,8.302704213089836e-14,7.964828887222434e-14,1.4670665921003015e-10,8.126943217759299e-14
4.49388275516318e-06,1.4670658214235363e-10,1.4670666400306617e-10,1.4670665917912228e-10,8.30538892806432e-17,3.888875820578206e-17,8.293732820998021e-17,1.0834150428743843e-16,8.224814975550826e-14,1.467065783644372e-10,7.697799874868832e-17,1.46706580291465e-10,2.9233125758008266e-07,8.30270421208314e-14,8.379941183835491e-14,1.4670666271952345e-10,7.930064859460926e-14,8.302704201696482e-14,1.3421105589627828e-06,1.4670663148730068e-10,8.224814979225452e-14,8.290140696723569e-14,8.224814970780671e-14,7.702535771845638e-17,1.4670657899635746e-10,1.467065803605852e-10,8.302704204420441e-14,8.231430806987937e-14,1.4670665920174118e-10,1.4670665530257925e-10,8.638980773932992e-14,4.197673965695728e-17,8.224814970039604e-14,8.056319523604272e-14,1.4670657903508057e-10,8.302704216015266e-14,1.0818822262346435e-13,1.4670658129660677e-10,8.448024402427765e-14,1.4670665914661005e-10,2.9233129624177593e-07,4.2031548743245046e-17,1.0797225233884955e-13,1.4670665918388894e-10,7.7042167450782e-17,3.8895770307798726e-17,8.224814977945059e-14,1.4670657953750858e-10,8.302704219565015e-14,1.4670657899635746e-10,1.4670666781223483e-10,1.467065795392975e-10,8.224814982695576e-14,1.1102415226651407e-13,1.4670658032291205e-10,8.066783075066187e-14,4.407800904053843e-17,1.4670665842814675e-10,1.4670665671305464e-10,7.704485975109008e-17,1.4670665823582033e-10,8.287862433413219e-14,1.4670658032291205e-10,1.4670665874063002e-10,9.838841141392266e-17,8.553974302997463e-14,8.732613604098152e-14,8.302704201122307e-14,8.302704203684453e-14,1.4670666113966568e-10,4.5227277524589344e-17,8.302704211395701e-14,7.96482888563057e-14,1.4670665918834884e-10,8.126943216118968e-14
1.0000236817951018,1.000027099522079,1.0000276369504253,1.0000276054306871,2.9286813160111327e-10,1.3758123254275005e-10,2.9225307317445426e-10,3.8170789303905333e-10,1.4549915115866267e-10,1.0000270757825995,2.7132894050252904e-10,1.0000270878815194,1.000026675381227,1.467066315603691e-10,1.486769270339386e-10,1.0000276283775096,1.4097040002001e-10,1.4670663144623652e-10,1.4670663148730068e-10,1.0000287656781368,1.4549915106225475e-10,1.465022128121038e-10,1.4549915086593617e-10,2.7156400644194295e-10,1.0000270797545279,1.0000270878815218,1.4670663151762487e-10,1.4549328437142986e-10,1.0000276054302304,1.0000275805032155,1.526161193266604e-10,2.9618413743962224e-07,1.4549915098490173e-10,1.429273264898136e-10,1.0000270797545268,1.46706631648778e-10,1.9118039543757328e-10,1.0000270942653982,1.4970975614329904e-10,1.0000276054302304,1.0000268028386634,2.964141182323574e-07,1.9078077915024154e-10,1.0000276054302308,2.718094959604813e-10,1.375812316621376e-10,1.454991506632544e-10,1.000027082743547,1.467066316514803e-10,1.0000270797545256,1.0000276621417465,1.0000270827435458,1.4549915106851637e-10,1.9685221706805606e-10,1.000027087881522,1.4322035972862207e-10,3.106913163831817e-07,1.0000276001291155,1.000027589242688,2.7173230249061607e-10,1.0000275989291927,1.4647403766013936e-10,1.000027087881522,1.0000276024590893,3.4666479246670176e-10,1.5132149664938043e-10,1.5488845655428094e-10,1.4670663120235084e-10,1.4670663123778496e-10,1.0000276180726613,3.1903810934415414e-07,1.4670663138447976e-10,1.4119801676473616e-10,1.00002760543023,1.4411584596303636e-10
4.4914767135098704e-06,1.454991020127357e-10,1.454991835230421e-10,1.454991786682478e-10,8.232091618326913e-17,3.840235343712554e-17,8.216761661508657e-17,1.0721322025517956e-16,8.152544216248255e-14,1.454990984591563e-10,7.607330476075861e-17,1.4549910032306608e-10,2.899252021627095e-07,8.224814991209649e-14,4.1667418008068415e-17,1.4549918209888623e-10,3.92581681370104e-17,8.224814980892163e-14,8.224814979225452e-14,1.4549915106225475e-10,1.3421105612459023e-06,8.213041298004537e-14,8.152544211704577e-14,7.620023338696208e-17,1.4549909906581674e-10,1.4549910026689594e-10,8.224814983602362e-14,8.255243176993607e-14,1.4549917863035448e-10,1.4549917489151488e-10,8.558372769410392e-14,4.153255140625122e-17,8.152544210830658e-14,4.004959836830419e-17,1.4549909906541845e-10,8.224814995016794e-14,1.0717093800354387e-13,1.4549910118305474e-10,8.363000750636468e-14,1.4549917871248664e-10,2.8992524057389023e-07,4.15896984815873e-17,1.0695362420352285e-13,1.4549917866153782e-10,7.63997671986607e-17,3.839506003084531e-17,8.152544219248512e-14,1.454990994626822e-10,8.224814998614387e-14,1.454990990145888e-10,1.4549918717923013e-10,1.4549909947638013e-10,8.152544223614616e-14,5.515500426093761e-17,1.4549910026880758e-10,7.839439972401977e-14,4.363506850885443e-17,1.4549917782998457e-10,1.454991761530907e-10,7.625186710209217e-17,1.4549917763678028e-10,8.212553343658038e-14,1.4549910029948163e-10,1.454991781681558e-10,9.720744797861565e-17,8.478397760883261e-14,4.3169567419902285e-17,8.224814980679442e-14,8.224814983133964e-14,1.454991805336904e-10,4.463987154866648e-17,8.224814990802732e-14,8.042946142301767e-14,1.4549917865939433e-10,7.957482064043385e-14
4.493475426948404e-06,1.465021634581846e-10,1.465022453471354e-10,1.4650224048296316e-10,8.292999038850786e-17,3.873680487556092e-17,8.280182229340402e-17,1.080771819348805e-16,8.213041294309224e-14,1.4650215984603366e-10,7.685946890413757e-17,1.4650216167155665e-10,2.919239278126471e-07,8.290140708788785e-14,8.36399172057232e-14,1.4650224398309622e-10,7.916783602362013e-14,8.290140698413914e-14,8.290140696723569e-14,1.465022128121038e-10,8.213041298004537e-14,1.3421105630058048e-06,8.213041289572219e-14,7.685899017818303e-17,1.4650216038301656e-10,1.4650216166473556e-10,8.290140701135238e-14,8.22508024311622e-14,1.46502240503126e-10,1.4650223669752805e-10,8.623824303433182e-14,4.2110932280200395e-17,8.213041288812769e-14,8.04073001681494e-14,1.4650216038121887e-10,8.29014071270239e-14,1.0803141020881597e-13,1.465021626788012e-10,8.431694638127737e-14,1.4650224049388495e-10,2.919239664838979e-07,8.374703182215723e-14,1.0781147421949402e-13,1.4650224046823333e-10,7.678655119886081e-17,3.878411584138694e-17,8.213041296789235e-14,1.4650216090514354e-10,8.290140716258125e-14,1.4650216044929345e-10,1.4650224915381926e-10,1.4650216090514354e-10,8.213041301484392e-14,1.1082695565841151e-13,1.4650216167155665e-10,8.04375923843678e-14,4.420582301917442e-17,1.4650223955389815e-10,1.465022380477676e-10,7.691193756131207e-17,1.465022395256508e-10,8.275043467923775e-14,1.4650216166473556e-10,1.4650224001757618e-10,9.820550498167305e-17,8.541983734479145e-14,8.716594954485618e-14,8.290140697891068e-14,8.290140700437761e-14,1.4650224238917462e-10,4.508932629670411e-17,8.290140708141255e-14,7.966313076704671e-14,1.4650224047244998e-10,8.106517443815947e-14
4.4914767143353625e-06,1.454991019202096e-10,1.4549918333545872e-10,1.4549917859758293e-10,8.221322859861125e-17,3.8382396967502256e-17,8.215618802063885e-17,1.0723275556041975e-16,8.152544207880861e-14,1.4549909838033059e-10,7.619264225091953e-17,1.4549910017392551e-10,2.899252019671617e-07,8.224814982764864e-14,4.1667418008068415e-17,1.454991819649651e-10,3.9393826637395476e-17,8.224814972447384e-14,8.224814970780671e-14,1.4549915086593617e-10,8.152544211704577e-14,8.213041289572219e-14,1.3421105612459023e-06,7.61809784813957e-17,1.4549909892358743e-10,1.4549910018311544e-10,8.224814975157581e-14,8.25524316862931e-14,1.4549917858446004e-10,1.454991747638567e-10,8.55837276062405e-14,4.154059176540557e-17,8.15254420246327e-14,4.0249705859342384e-17,1.4549909893520895e-10,8.224814986572016e-14,1.0717093789359769e-13,1.454991010873574e-10,8.363000742035395e-14,1.4549917854206086e-10,2.899252403783423e-07,4.156105039796641e-17,1.0695362409373955e-13,1.4549917859938204e-10,7.63997671986607e-17,3.829720512493065e-17,8.152544210881119e-14,1.454990994154646e-10,8.224814990169602e-14,1.4549909893463556e-10,1.454991871551614e-10,1.454990994026365e-10,8.152544215247227e-14,5.532086776230358e-17,1.4549910021778323e-10,7.839439964166229e-14,4.3598714268474466e-17,1.454991778037792e-10,1.4549917601063276e-10,7.625186710209217e-17,1.4549917757316577e-10,8.212553335227575e-14,1.4549910019409357e-10,1.4549917812910996e-10,9.740861094088389e-17,8.478397752181011e-14,4.325938688675859e-17,8.224814972234658e-14,8.224814974689187e-14,1.4549918036331895e-10,4.470713298519265e-17,8.224814982357951e-14,8.042946134192652e-14,1.4549917858554176e-10,7.957482055760873e-14
4.7426747683599e-06,5.411253852573349e-07,2.715640669518918e-10,2.715640578342342e-10,3.058561713319833e-13,7.160346089332144e-17,3.0515522001935015e-13,3.9882767632599455e-13,7.622999527135998e-17,5.411253719079117e-07,2.832834465481556e-13,5.411253787229825e-07,5.411251463507184e-07,7.700366025947721e-17,7.762153730328927e-17,2.7156406430531315e-10,7.348578676087499e-17,7.703059612324777e-17,7.702535771845638e-17,2.7156400644194295e-10,7.620023338696208e-17,7.685899017818303e-17,7.61809784813957e-17,1.3421107670502939e-06,5.411253741561237e-07,5.411253787229825e-07,7.702535771845638e-17,7.617178381029725e-17,2.7156405790530586e-10,2.7156405074276997e-10,1.5962724517369718e-13,7.768334924517986e-17,7.631342745244941e-17,7.46302744744655e-17,5.41125374156123e-07,7.709518666247513e-17,1.0036420477871999e-16,5.411253823187832e-07,7.823507659368035e-17,2.7156405790058684e-10,5.411252181529657e-07,7.771233938977103e-17,1.001630968510623e-16,2.7156405785024065e-10,2.8381185655142604e-13,7.154955881877084e-17,7.616397571908367e-17,5.411253758408093e-07,7.702154777070814e-17,5.411253741561225e-07,2.715640739406859e-10,5.411253758408088e-07,7.629977313238623e-17,1.0301691860586123e-16,5.41125378722984e-07,7.503932917911575e-17,8.150122834395375e-17,2.7156405634759846e-10,2.7156405325693385e-10,2.8374316534088317e-13,2.7156405597365467e-10,7.67752834564845e-17,5.41125378722984e-07,2.7156405694900654e-10,3.6215808509614584e-13,7.935604182465758e-17,8.081060605746955e-17,7.698375059253247e-17,7.702535771845638e-17,2.7156406146761546e-10,8.328147586727153e-17,7.701263600771846e-17,7.3495529216395e-17,2.715640578131453e-10,7.551102600682564e-17
