0.9999999941837875,-3.215683757220714e-06,0.9999531483412194,0.9999531483412167,0.999953148341214,0.9999531483412168,0.9999531483412114,0.9999531483412144,0.9999531483412147,-3.1945294593130285e-06,0.9999531483412135,0.9999531483412136,0.9999531483412167,0.9999531483412144,0.9999531483412171,0.9999531483412111,0.9999531483412115,0.9999531483412106,-3.205050192151803e-06,0.9999531483412167,0.999953148341214,0.9999531483412114,0.9999531483412147,0.9999531483412138,0.9999531483412131,0.9999531483412176,0.9999531483412194,0.9999531483412155,0.9999531483412115,0.9999531483412138,0.9999531483412168,0.9999531483412175,0.9999531483412103,0.9999531483412107,0.9999531483412119,-3.205050192151806e-06,0.9999531483412171,0.9999531483412186,0.9999531483412138,0.9999531483412131,0.9999531483412114,0.9999531483412176,0.9999530519910554,0.9999531483412171,0.9999531483412132,0.9999531483412136,0.9999531483412171
-3.215683757220714e-06,1.8313116245141397e-05,-6.668922517301742e-11,-6.668922517381265e-11,-6.668922517381265e-11,-6.668922514974866e-11,-6.668922516855473e-11,-6.668922513559305e-11,-6.66892251590808e-11,-5.1620810270586786e-11,-6.668922519413662e-11,-6.668922516539128e-11,-6.668922519757532e-11,-6.668922515538374e-11,-6.668922519946181e-11,-6.66892251850111e-11,-6.668922513337025e-11,-6.668922517990437e-11,3.692083095787398e-11,-6.668922519413662e-11,-6.66892251850111e-11,-6.6689225150182e-11,-6.668922519637811e-11,-6.668922513800428e-11,-6.66892252215954e-11,-6.668922511913284e-11,-6.668922516539128e-11,-6.668922515046441e-11,-6.668922519413662e-11,-6.66892251654003e-11,-6.668922513559305e-11,-6.668922513559305e-11,-6.668922512567134e-11,-6.668922517903234e-11,-6.668922519637811e-11,3.692083095833778e-11,-6.66892251900722e-11,-6.668922516003665e-11,-6.668922520049548e-11,-6.668922516542195e-11,-6.668922516003665e-11,-6.668922516855473e-11,-1.3256038915061508e-07,-6.668922516588576e-11,-6.6689225148989e-11,-6.668922514974866e-11,-6.668922515865454e-11
0.9999531483412194,-6.668922517301742e-11,0.999951100127478,0.9999327870125019,0.9999327870125014,0.9999327870125012,0.9999327870125001,0.9999327870125008,0.9999327870125014,-5.6020845030387456e-11,0.9999327870125021,0.9999327870125022,0.9999327870125009,0.9999327870125014,0.9999327870125014,0.9999327870125019,0.9999327870125014,0.9999327870125015,-6.13581010156405e-11,0.9999327870125014,0.9999327870125022,0.9999327870125014,0.9999327870125019,0.9999327870125022,0.9999327870125022,0.9999327870125022,0.9999327870125019,0.9999327870125021,0.9999327870125014,0.9999327870125009,0.9999327870125009,0.9999327870125021,0.9999327870125005,0.9999327870125009,0.9999327870125009,-6.13581005564513e-11,0.9999327870125014,0.9999327870125014,0.9999327870125009,0.9999327870125022,0.9999327870125005,0.9999327870125019,0.9999326906640411,0.9999327870125021,0.9999327870125021,0.9999327870125009,0.9999327870125019
0.9999531483412167,-6.668922517381265e-11,0.9999327870125019,0.9999511001274692,0.9999327870125001,0.9999327870125005,0.999932787012499,0.9999327870124995,0.9999327870125001,-5.602084504086383e-11,0.9999327870125005,0.9999327870125009,0.9999327870125005,0.9999327870125008,0.9999327870125001,0.9999327870125003,0.9999327870125005,0.9999327870125001,-6.135810095285287e-11,0.9999327870125003,0.9999327870125008,0.9999327870125001,0.9999327870124999,0.9999327870125009,0.9999327870125003,0.9999327870125008,0.9999327870125009,0.9999327870125005,0.9999327870125005,0.9999327870124997,0.9999327870124995,0.9999327870125005,0.999932787012499,0.9999327870124997,0.9999327870125005,-6.135810056579822e-11,0.9999327870125001,0.9999327870125005,0.9999327870124992,0.9999327870125003,0.9999327870125005,0.9999327870125008,0.9999326906640402,0.9999327870125001,0.9999327870125003,0.9999327870125001,0.9999327870125001
0.999953148341214,-6.668922517381265e-11,0.9999327870125014,0.9999327870125001,0.9999511001274753,0.9999327870125009,0.9999327870125005,0.9999327870125005,0.9999327870125005,-5.6020845091907573e-11,0.9999327870125009,0.9999327870125019,0.9999327870125012,0.9999327870125014,0.9999327870125009,0.9999327870125014,0.9999327870125014,0.9999327870125001,-6.135810104459175e-11,0.9999327870125014,0.9999327870125019,0.9999327870125005,0.9999327870125005,0.9999327870125008,0.9999327870125009,0.9999327870125019,0.9999327870125019,0.9999327870125005,0.9999327870125014,0.9999327870125005,0.9999327870125005,0.9999327870125009,0.9999327870124997,0.9999327870125005,0.9999327870125014,-6.135810054411257e-11,0.9999327870125009,0.9999327870125014,0.9999327870125001,0.9999327870125001,0.9999327870125015,0.9999327870125019,0.9999326906640393,0.9999327870125005,0.9999327870125005,0.9999327870125005,0.9999327870125009
0.9999531483412168,-6.668922514974866e-11,0.9999327870125012,0.9999327870125005,0.9999327870125009,0.9999511001274737,0.9999327870124997,0.9999327870125005,0.9999327870125003,-5.6020845032519094e-11,0.9999327870125009,0.9999327870125014,0.9999327870125014,0.9999327870125014,0.9999327870125005,0.9999327870125001,0.9999327870125009,0.9999327870124997,-6.135810096311344e-11,0.9999327870125003,0.9999327870125009,0.9999327870124997,0.9999327870125001,0.9999327870125001,0.9999327870125005,0.9999327870125009,0.9999327870125009,0.9999327870125009,0.9999327870125009,0.9999327870125005,0.9999327870124992,0.9999327870125014,0.9999327870124992,0.9999327870125005,0.9999327870125003,-6.135810054195465e-11,0.9999327870125005,0.9999327870125005,0.9999327870124999,0.9999327870125008,0.9999327870125009,0.9999327870125009,0.9999326906640399,0.9999327870125009,0.9999327870125005,0.9999327870124997,0.9999327870125005
0.9999531483412114,-6.668922516855473e-11,0.9999327870125001,0.999932787012499,0.9999327870125005,0.9999327870124997,0.9999511001274733,0.9999327870125001,0.9999327870124997,-5.6020845053197647e-11,0.9999327870125005,0.9999327870125005,0.9999327870124997,0.9999327870125005,0.9999327870124999,0.9999327870124989,0.9999327870124992,0.9999327870124983,-6.135810101988707e-11,0.9999327870124989,0.9999327870125001,0.999932787012499,0.9999327870124992,0.9999327870125005,0.9999327870125005,0.9999327870125005,0.9999327870125003,0.9999327870124999,0.9999327870124992,0.9999327870124997,0.9999327870124989,0.9999327870124995,0.999932787012498,0.9999327870124989,0.9999327870124992,-6.135810058063202e-11,0.9999327870124999,0.9999327870124997,0.9999327870124989,0.9999327870124999,0.9999327870124992,0.9999327870125001,0.999932690664039,0.9999327870125003,0.9999327870125005,0.9999327870124997,0.9999327870124999
0.9999531483412144,-6.668922513559305e-11,0.9999327870125008,0.9999327870124995,0.9999327870125005,0.9999327870125005,0.9999327870125001,0.9999511001274793,0.9999327870125009,-5.602084504388287e-11,0.9999327870125014,0.9999327870125015,0.9999327870125014,0.9999327870125015,0.9999327870125012,0.9999327870125005,0.9999327870125005,0.9999327870124995,-6.13581009879311e-11,0.9999327870125005,0.9999327870125014,0.9999327870125003,0.9999327870125005,0.9999327870125015,0.9999327870125014,0.9999327870125014,0.9999327870125015,0.9999327870125012,0.9999327870125005,0.9999327870125005,0.9999327870125001,0.9999327870125003,0.9999327870124989,0.9999327870124997,0.9999327870125005,-6.135810054309212e-11,0.9999327870125012,0.9999327870125009,0.9999327870124997,0.9999327870125009,0.9999327870125005,0.9999327870125014,0.9999326906640407,0.9999327870125012,0.9999327870125014,0.9999327870125003,0.9999327870125012
0.9999531483412147,-6.66892251590808e-11,0.9999327870125014,0.9999327870125001,0.9999327870125005,0.9999327870125003,0.9999327870124997,0.9999327870125009,0.9999511001274808,-5.602084504737579e-11,0.9999327870125019,0.9999327870125024,0.9999327870125001,0.9999327870125009,0.9999327870125014,0.9999327870125015,0.9999327870125005,0.9999327870125001,-6.135810093985132e-11,0.9999327870125012,0.9999327870125024,0.9999327870125012,0.9999327870125009,0.9999327870125008,0.9999327870125022,0.9999327870125021,0.9999327870125014,0.9999327870125008,0.9999327870125005,0.9999327870125001,0.9999327870125012,0.9999327870125009,0.9999327870124999,0.9999327870124992,0.9999327870125005,-6.135810054833561e-11,0.9999327870125014,0.9999327870125003,0.999932787012499,0.9999327870125014,0.9999327870125008,0.9999327870125021,0.9999326906640411,0.9999327870125014,0.9999327870125019,0.9999327870125001,0.9999327870125014
-3.1945294593130285e-06,-5.1620810270586786e-11,-5.6020845030387456e-11,-5.602084504086383e-11,-5.6020845091907573e-11,-5.6020845032519094e-11,-5.6020845053197647e-11,-5.602084504388287e-11,-5.602084504737579e-11,1.8317877962189184e-05,-5.602084502511289e-11,-5.602084511787784e-11,-5.60208450213307e-11,-5.6020845091907573e-11,-5.6020845023888873e-11,-5.6020845009751407e-11,-5.6020844976796376e-11,-5.6020845021057e-11,-1.7199226383023538e-12,-5.602084503488375e-11,-5.602084505794064e-11,-5.602084511805032e-11,-5.602084499257936e-11,-5.602084504121503e-11,-5.602084502835067e-11,-5.60208450213307e-11,-5.602084501525543e-11,-5.602084509722639e-11,-5.602084501525543e-11,-5.60208450685761e-11,-5.602084499257936e-11,-5.602084509722639e-11,-5.6020845030387456e-11,-5.602084502674033e-11,-5.602084509379402e-11,-1.7199226383023538e-12,-5.6020845050145066e-11,-5.602084510648889e-11,-5.602084503408992e-11,-5.602084502412599e-11,-5.6020845142120067e-11,-5.602084501708946e-11,-1.1140661033389042e-07,-5.602084502412599e-11,-5.6020845031128216e-11,-5.602084505794064e-11,-5.602084507578817e-11
0.9999531483412135,-6.668922519413662e-11,0.9999327870125021,0.9999327870125005,0.9999327870125009,0.9999327870125009,0.9999327870125005,0.9999327870125014,0.9999327870125019,-5.602084502511289e-11,0.9999511001274674,0.9999327870125019,0.9999327870125009,0.9999327870125014,0.9999327870125009,0.9999327870125014,0.9999327870125014,0.9999327870125005,-6.135810096854618e-11,0.9999327870125012,0.9999327870125022,0.9999327870125015,0.9999327870125019,0.9999327870125028,0.9999327870125021,0.9999327870125021,0.9999327870125022,0.9999327870125019,0.9999327870125014,0.9999327870124997,0.9999327870125014,0.9999327870125014,0.9999327870125001,0.9999327870125005,0.9999327870125014,-6.135810051943405e-11,0.9999327870125009,0.9999327870125015,0.9999327870124999,0.9999327870125009,0.9999327870125009,0.9999327870125021,0.9999326906640419,0.9999327870125022,0.9999327870125021,0.9999327870125008,0.9999327870125009
0.9999531483412136,-6.668922516539128e-11,0.9999327870125022,0.9999327870125009,0.9999327870125019,0.9999327870125014,0.9999327870125005,0.9999327870125015,0.9999327870125024,-5.602084511787784e-11,0.9999327870125019,0.9999511001274803,0.9999327870125014,0.9999327870125019,0.9999327870125019,0.9999327870125019,0.9999327870125014,0.9999327870125009,-6.135810096069529e-11,0.9999327870125019,0.9999327870125028,0.9999327870125009,0.9999327870125008,0.9999327870125022,0.9999327870125028,0.9999327870125028,0.9999327870125028,0.9999327870125012,0.9999327870125014,0.9999327870125003,0.9999327870125009,0.9999327870125019,0.9999327870125001,0.9999327870125005,0.9999327870125014,-6.135810054051109e-11,0.9999327870125019,0.9999327870125019,0.9999327870125001,0.9999327870125014,0.9999327870125014,0.9999327870125028,0.9999326906640418,0.9999327870125012,0.9999327870125012,0.9999327870125019,0.9999327870125019
0.9999531483412167,-6.668922519757532e-11,0.9999327870125009,0.9999327870125005,0.9999327870125012,0.9999327870125014,0.9999327870124997,0.9999327870125014,0.9999327870125001,-5.60208450213307e-11,0.9999327870125009,0.9999327870125014,0.9999511001274736,0.9999327870125014,0.9999327870125009,0.9999327870125005,0.9999327870125009,0.9999327870125005,-6.13581009589788e-11,0.9999327870125001,0.9999327870125014,0.9999327870124997,0.9999327870125005,0.9999327870125009,0.9999327870125005,0.9999327870125012,0.9999327870125014,0.9999327870125009,0.9999327870125009,0.9999327870125005,0.9999327870124997,0.9999327870125014,0.9999327870124997,0.9999327870125005,0.9999327870125009,-6.135810059516824e-11,0.9999327870125009,0.9999327870125008,0.9999327870125005,0.9999327870125008,0.9999327870125003,0.9999327870125009,0.9999326906640399,0.9999327870125009,0.9999327870125009,0.9999327870125012,0.9999327870125009
0.9999531483412144,-6.668922515538374e-11,0.9999327870125014,0.9999327870125008,0.9999327870125014,0.9999327870125014,0.9999327870125005,0.9999327870125015,0.9999327870125009,-5.6020845091907573e-11,0.9999327870125014,0.9999327870125019,0.9999327870125014,0.9999511001274792,0.9999327870125012,0.9999327870125009,0.9999327870125005,0.9999327870125008,-6.135810096759028e-11,0.9999327870125008,0.9999327870125019,0.9999327870125001,0.9999327870125009,0.9999327870125019,0.9999327870125014,0.9999327870125014,0.9999327870125022,0.9999327870125019,0.9999327870125005,0.9999327870125005,0.9999327870125005,0.9999327870125015,0.9999327870124992,0.9999327870124997,0.9999327870125005,-6.135810053478338e-11,0.9999327870125012,0.9999327870125014,0.9999327870125005,0.9999327870125012,0.9999327870125012,0.9999327870125015,0.9999326906640416,0.9999327870125012,0.9999327870125014,0.9999327870125005,0.9999327870125019
0.9999531483412171,-6.668922519946181e-11,0.9999327870125014,0.9999327870125001,0.9999327870125009,0.9999327870125005,0.9999327870124999,0.9999327870125012,0.9999327870125014,-5.6020845023888873e-11,0.9999327870125009,0.9999327870125019,0.9999327870125009,0.9999327870125012,0.9999511001274679,0.9999327870125009,0.9999327870125003,0.9999327870125001,-6.13581009879311e-11,0.9999327870125005,0.9999327870125019,0.9999327870125005,0.9999327870125014,0.9999327870125022,0.9999327870125009,0.9999327870125014,0.9999327870125021,0.9999327870125008,0.9999327870125003,0.9999327870125005,0.9999327870125009,0.9999327870125009,0.9999327870125001,0.9999327870124995,0.9999327870125003,-6.135810053422025e-11,0.9999327870125009,0.9999327870125014,0.9999327870124997,0.9999327870125009,0.9999327870125003,0.9999327870125014,0.9999326906640411,0.9999327870125014,0.9999327870125009,0.9999327870124999,0.9999327870125008
0.9999531483412111,-6.66892251850111e-11,0.9999327870125019,0.9999327870125003,0.9999327870125014,0.9999327870125001,0.9999327870124989,0.9999327870125005,0.9999327870125015,-5.6020845009751407e-11,0.9999327870125014,0.9999327870125019,0.9999327870125005,0.9999327870125009,0.9999327870125009,0.9999511001274699,0.9999327870125005,0.9999327870125003,-6.135810096384147e-11,0.9999327870125014,0.9999327870125019,0.9999327870125005,0.9999327870125009,0.9999327870125014,0.9999327870125019,0.9999327870125019,0.9999327870125014,0.9999327870125003,0.9999327870125005,0.9999327870125009,0.9999327870125005,0.9999327870125008,0.9999327870124997,0.9999327870124997,0.9999327870125005,-6.13581006141525e-11,0.9999327870125009,0.9999327870125019,0.9999327870124992,0.9999327870125005,0.9999327870125005,0.9999327870125019,0.9999326906640407,0.9999327870125014,0.9999327870125012,0.9999327870125014,0.9999327870125005
0.9999531483412115,-6.668922513337025e-11,0.9999327870125014,0.9999327870125005,0.9999327870125014,0.9999327870125009,0.9999327870124992,0.9999327870125005,0.9999327870125005,-5.6020844976796376e-11,0.9999327870125014,0.9999327870125014,0.9999327870125009,0.9999327870125005,0.9999327870125003,0.9999327870125005,0.9999511001274742,0.9999327870125005,-6.135810105329607e-11,0.9999327870125005,0.9999327870125014,0.9999327870124997,0.9999327870125008,0.9999327870125012,0.9999327870125009,0.9999327870125014,0.9999327870125003,0.9999327870125014,0.9999327870125014,0.9999327870124999,0.9999327870124997,0.9999327870125014,0.9999327870124997,0.9999327870125008,0.9999327870125012,-6.135810060338131e-11,0.9999327870125003,0.9999327870124999,0.9999327870125005,0.9999327870125014,0.9999327870125009,0.9999327870125014,0.9999326906640399,0.9999327870125009,0.9999327870125009,0.9999327870124997,0.9999327870125003
0.9999531483412106,-6.668922517990437e-11,0.9999327870125015,0.9999327870125001,0.9999327870125001,0.9999327870124997,0.9999327870124983,0.9999327870124995,0.9999327870125001,-5.6020845021057e-11,0.9999327870125005,0.9999327870125009,0.9999327870125005,0.9999327870125008,0.9999327870125001,0.9999327870125003,0.9999327870125005,0.9999511001274695,-6.135810097976901e-11,0.9999327870125003,0.9999327870125008,0.9999327870125001,0.9999327870124997,0.9999327870125009,0.9999327870125003,0.9999327870125008,0.9999327870125009,0.9999327870125003,0.9999327870125005,0.9999327870124995,0.9999327870124995,0.9999327870125005,0.999932787012499,0.9999327870124997,0.9999327870125005,-6.135810054837776e-11,0.9999327870125001,0.9999327870125005,0.9999327870124992,0.9999327870125003,0.9999327870125005,0.9999327870125008,0.9999326906640406,0.9999327870124999,0.9999327870125001,0.9999327870125001,0.9999327870125003
-3.205050192151803e-06,3.692083095787398e-11,-6.13581010156405e-11,-6.135810095285287e-11,-6.135810104459175e-11,-6.135810096311344e-11,-6.135810101988707e-11,-6.13581009879311e-11,-6.135810093985132e-11,-1.7199226383023538e-12,-6.135810096854618e-11,-6.135810096069529e-11,-6.13581009589788e-11,-6.135810096759028e-11,-6.13581009879311e-11,-6.135810096384147e-11,-6.135810105329607e-11,-6.135810097976901e-11,1.8315559508440816e-05,-6.135810093078444e-11,-6.135810097021296e-11,-6.135810095174565e-11,-6.135810101583225e-11,-6.13581009334014e-11,-6.135810097864202e-11,-6.13581009589788e-11,-6.135810099418735e-11,-6.135810097664138e-11,-6.135810097578728e-11,-6.135810096759028e-11,-6.135810096661644e-11,-6.135810105255349e-11,-6.135810104561855e-11,-6.135810101091352e-11,-6.13581009879311e-11,2.446173593424318e-09,-6.135810096438277e-11,-6.13581009879311e-11,-6.135810099609037e-11,-6.135810102733476e-11,-6.135810099684122e-11,-6.135810096077811e-11,-1.2192706064636828e-07,-6.135810099987391e-11,-6.135810096694296e-11,-6.135810099684122e-11,-6.135810102726606e-11
0.9999531483412167,-6.668922519413662e-11,0.9999327870125014,0.9999327870125003,0.9999327870125014,0.9999327870125003,0.9999327870124989,0.9999327870125005,0.9999327870125012,-5.602084503488375e-11,0.9999327870125012,0.9999327870125019,0.9999327870125001,0.9999327870125008,0.9999327870125005,0.9999327870125014,0.9999327870125005,0.9999327870125003,-6.135810093078444e-11,0.99995110012747,0.9999327870125019,0.9999327870125005,0.9999327870125008,0.9999327870125012,0.9999327870125019,0.9999327870125019,0.9999327870125014,0.9999327870125003,0.9999327870125005,0.9999327870124997,0.9999327870125005,0.9999327870125008,0.9999327870124997,0.9999327870124997,0.9999327870125001,-6.135810056156248e-11,0.9999327870125005,0.9999327870125019,0.9999327870124992,0.9999327870125005,0.9999327870125005,0.9999327870125019,0.9999326906640407,0.9999327870125009,0.9999327870125003,0.9999327870125014,0.9999327870125005
0.999953148341214,-6.66892251850111e-11,0.9999327870125022,0.9999327870125008,0.9999327870125019,0.9999327870125009,0.9999327870125001,0.9999327870125014,0.9999327870125024,-5.602084505794064e-11,0.9999327870125022,0.9999327870125028,0.9999327870125014,0.9999327870125019,0.9999327870125019,0.9999327870125019,0.9999327870125014,0.9999327870125008,-6.135810097021296e-11,0.9999327870125019,0.9999511001274736,0.9999327870125014,0.9999327870125019,0.9999327870125022,0.9999327870125028,0.9999327870125028,0.9999327870125022,0.9999327870125012,0.9999327870125014,0.9999327870125014,0.9999327870125014,0.9999327870125015,0.9999327870125005,0.9999327870125005,0.9999327870125014,-6.135810054833561e-11,0.9999327870125019,0.9999327870125022,0.9999327870125001,0.9999327870125014,0.9999327870125014,0.9999327870125028,0.9999326906640411,0.9999327870125022,0.9999327870125021,0.9999327870125019,0.9999327870125014
0.9999531483412114,-6.6689225150182e-11,0.9999327870125014,0.9999327870125001,0.9999327870125005,0.9999327870124997,0.999932787012499,0.9999327870125003,0.9999327870125012,-5.602084511805032e-11,0.9999327870125015,0.9999327870125009,0.9999327870124997,0.9999327870125001,0.9999327870125005,0.9999327870125005,0.9999327870124997,0.9999327870125001,-6.135810095174565e-11,0.9999327870125005,0.9999327870125014,0.9999511001274743,0.9999327870125008,0.9999327870125003,0.9999327870125014,0.9999327870125014,0.9999327870125003,0.9999327870125014,0.9999327870124997,0.9999327870124999,0.9999327870124997,0.9999327870125009,0.9999327870124997,0.9999327870124997,0.9999327870124997,-6.135810055392108e-11,0.9999327870125005,0.9999327870125008,0.9999327870124992,0.9999327870125005,0.9999327870124997,0.9999327870125014,0.9999326906640393,0.9999327870125014,0.9999327870125015,0.9999327870125005,0.9999327870125005
0.9999531483412147,-6.668922519637811e-11,0.9999327870125019,0.9999327870124999,0.9999327870125005,0.9999327870125001,0.9999327870124992,0.9999327870125005,0.9999327870125009,-5.602084499257936e-11,0.9999327870125019,0.9999327870125008,0.9999327870125005,0.9999327870125009,0.9999327870125014,0.9999327870125009,0.9999327870125008,0.9999327870124997,-6.135810101583225e-11,0.9999327870125008,0.9999327870125019,0.9999327870125008,0.9999511001274811,0.9999327870125008,0.9999327870125019,0.9999327870125015,0.9999327870125014,0.9999327870125009,0.9999327870125008,0.999932787012499,0.9999327870125005,0.9999327870125008,0.9999327870124992,0.9999327870124995,0.9999327870125008,-6.13581006141525e-11,0.9999327870125014,0.9999327870125003,0.9999327870124989,0.9999327870125014,0.9999327870125005,0.9999327870125015,0.9999326906640407,0.9999327870125012,0.9999327870125019,0.9999327870125005,0.9999327870125014
0.9999531483412138,-6.668922513800428e-11,0.9999327870125022,0.9999327870125009,0.9999327870125008,0.9999327870125001,0.9999327870125005,0.9999327870125015,0.9999327870125008,-5.602084504121503e-11,0.9999327870125028,0.9999327870125022,0.9999327870125009,0.9999327870125019,0.9999327870125022,0.9999327870125014,0.9999327870125012,0.9999327870125009,-6.13581009334014e-11,0.9999327870125012,0.9999327870125022,0.9999327870125003,0.9999327870125008,0.9999511001274733,0.9999327870125028,0.9999327870125021,0.9999327870125015,0.9999327870125022,0.9999327870125012,0.9999327870125009,0.9999327870125005,0.9999327870125014,0.9999327870125005,0.9999327870125008,0.9999327870125012,-6.135810054842702e-11,0.9999327870125022,0.9999327870125014,0.9999327870125001,0.9999327870125022,0.9999327870125012,0.9999327870125021,0.9999326906640409,0.9999327870125022,0.9999327870125028,0.9999327870125005,0.9999327870125015
0.9999531483412131,-6.66892252215954e-11,0.9999327870125022,0.9999327870125003,0.9999327870125009,0.9999327870125005,0.9999327870125005,0.9999327870125014,0.9999327870125022,-5.602084502835067e-11,0.9999327870125021,0.9999327870125028,0.9999327870125005,0.9999327870125014,0.9999327870125009,0.9999327870125019,0.9999327870125009,0.9999327870125003,-6.135810097864202e-11,0.9999327870125019,0.9999327870125028,0.9999327870125014,0.9999327870125019,0.9999327870125028,0.9999511001274668,0.9999327870125028,0.9999327870125022,0.9999327870125015,0.9999327870125009,0.9999327870125009,0.9999327870125015,0.9999327870125012,0.9999327870125005,0.9999327870125001,0.9999327870125009,-6.135810051943405e-11,0.9999327870125009,0.9999327870125015,0.9999327870124997,0.9999327870125019,0.9999327870125012,0.9999327870125028,0.9999326906640416,0.9999327870125022,0.9999327870125019,0.9999327870125005,0.9999327870125009
0.9999531483412176,-6.668922511913284e-11,0.9999327870125022,0.9999327870125008,0.9999327870125019,0.9999327870125009,0.9999327870125005,0.9999327870125014,0.9999327870125021,-5.60208450213307e-11,0.9999327870125021,0.9999327870125028,0.9999327870125012,0.9999327870125014,0.9999327870125014,0.9999327870125019,0.9999327870125014,0.9999327870125008,-6.13581009589788e-11,0.9999327870125019,0.9999327870125028,0.9999327870125014,0.9999327870125015,0.9999327870125021,0.9999327870125028,0.9999511001274733,0.9999327870125022,0.9999327870125012,0.9999327870125014,0.9999327870125005,0.9999327870125014,0.9999327870125015,0.9999327870125005,0.9999327870125005,0.9999327870125009,-6.135810056894161e-11,0.9999327870125014,0.9999327870125022,0.9999327870125001,0.9999327870125014,0.9999327870125014,0.9999327870125028,0.9999326906640416,0.9999327870125019,0.9999327870125021,0.9999327870125019,0.9999327870125014
0.9999531483412194,-6.668922516539128e-11,0.9999327870125019,0.9999327870125009,0.9999327870125019,0.9999327870125009,0.9999327870125003,0.9999327870125015,0.9999327870125014,-5.602084501525543e-11,0.9999327870125022,0.9999327870125028,0.9999327870125014,0.9999327870125022,0.9999327870125021,0.9999327870125014,0.9999327870125003,0.9999327870125009,-6.135810099418735e-11,0.9999327870125014,0.9999327870125022,0.9999327870125003,0.9999327870125014,0.9999327870125015,0.9999327870125022,0.9999327870125022,0.9999511001274733,0.9999327870125022,0.9999327870125003,0.9999327870125014,0.9999327870125005,0.9999327870125014,0.9999327870125005,0.9999327870125003,0.9999327870125003,-6.135810055146243e-11,0.9999327870125021,0.9999327870125022,0.9999327870125005,0.9999327870125021,0.9999327870125003,0.9999327870125022,0.9999326906640409,0.9999327870125022,0.9999327870125022,0.9999327870125019,0.9999327870125021
0.9999531483412155,-6.668922515046441e-11,0.9999327870125021,0.9999327870125005,0.9999327870125005,0.9999327870125009,0.9999327870124999,0.9999327870125012,0.9999327870125008,-5.602084509722639e-11,0.9999327870125019,0.9999327870125012,0.9999327870125009,0.9999327870125019,0.9999327870125008,0.9999327870125003,0.9999327870125014,0.9999327870125003,-6.135810097664138e-11,0.9999327870125003,0.9999327870125012,0.9999327870125014,0.9999327870125009,0.9999327870125022,0.9999327870125015,0.9999327870125012,0.9999327870125022,0.9999511001274749,0.9999327870125014,0.9999327870124997,0.9999327870125003,0.9999327870125014,0.9999327870124995,0.9999327870125005,0.9999327870125008,-6.135810053434473e-11,0.9999327870125009,0.9999327870125008,0.9999327870124997,0.9999327870125009,0.9999327870125005,0.9999327870125012,0.9999326906640418,0.9999327870125012,0.9999327870125019,0.9999327870124999,0.9999327870125009
0.9999531483412115,-6.668922519413662e-11,0.9999327870125014,0.9999327870125005,0.9999327870125014,0.9999327870125009,0.9999327870124992,0.9999327870125005,0.9999327870125005,-5.602084501525543e-11,0.9999327870125014,0.9999327870125014,0.9999327870125009,0.9999327870125005,0.9999327870125003,0.9999327870125005,0.9999327870125014,0.9999327870125005,-6.135810097578728e-11,0.9999327870125005,0.9999327870125014,0.9999327870124997,0.9999327870125008,0.9999327870125012,0.9999327870125009,0.9999327870125014,0.9999327870125003,0.9999327870125014,0.9999511001274738,0.9999327870124999,0.9999327870124997,0.9999327870125014,0.9999327870124997,0.9999327870125008,0.9999327870125012,-6.135810046850167e-11,0.9999327870125003,0.9999327870124999,0.9999327870125005,0.9999327870125014,0.9999327870125009,0.9999327870125014,0.9999326906640399,0.9999327870125009,0.9999327870125009,0.9999327870124997,0.9999327870125003
0.9999531483412138,-6.66892251654003e-11,0.9999327870125009,0.9999327870124997,0.9999327870125005,0.9999327870125005,0.9999327870124997,0.9999327870125005,0.9999327870125001,-5.60208450685761e-11,0.9999327870124997,0.9999327870125003,0.9999327870125005,0.9999327870125005,0.9999327870125005,0.9999327870125009,0.9999327870124999,0.9999327870124995,-6.135810096759028e-11,0.9999327870124997,0.9999327870125014,0.9999327870124999,0.999932787012499,0.9999327870125009,0.9999327870125009,0.9999327870125005,0.9999327870125014,0.9999327870124997,0.9999327870124999,0.9999511001274722,0.9999327870124997,0.9999327870125001,0.9999327870124997,0.999932787012499,0.9999327870125005,-6.135810053401887e-11,0.9999327870125005,0.9999327870125003,0.9999327870124997,0.9999327870125005,0.9999327870125009,0.9999327870125005,0.9999326906640392,0.9999327870125001,0.9999327870124997,0.9999327870125005,0.9999327870125005
0.9999531483412168,-6.668922513559305e-11,0.9999327870125009,0.9999327870124995,0.9999327870125005,0.9999327870124992,0.9999327870124989,0.9999327870125001,0.9999327870125012,-5.602084499257936e-11,0.9999327870125014,0.9999327870125009,0.9999327870124997,0.9999327870125005,0.9999327870125009,0.9999327870125005,0.9999327870124997,0.9999327870124995,-6.135810096661644e-11,0.9999327870125005,0.9999327870125014,0.9999327870124997,0.9999327870125005,0.9999327870125005,0.9999327870125015,0.9999327870125014,0.9999327870125005,0.9999327870125003,0.9999327870124997,0.9999327870124997,0.9999511001274684,0.9999327870125003,0.9999327870124997,0.9999327870124997,0.9999327870124997,-6.135810056103937e-11,0.9999327870125009,0.9999327870125009,0.9999327870124992,0.9999327870125005,0.9999327870124997,0.9999327870125014,0.9999326906640399,0.9999327870125009,0.9999327870125009,0.9999327870125005,0.9999327870125009
0.9999531483412175,-6.668922513559305e-11,0.9999327870125021,0.9999327870125005,0.9999327870125009,0.9999327870125014,0.9999327870124995,0.9999327870125003,0.9999327870125009,-5.602084509722639e-11,0.9999327870125014,0.9999327870125019,0.9999327870125014,0.9999327870125015,0.9999327870125009,0.9999327870125008,0.9999327870125014,0.9999327870125005,-6.135810105255349e-11,0.9999327870125008,0.9999327870125015,0.9999327870125009,0.9999327870125008,0.9999327870125014,0.9999327870125012,0.9999327870125015,0.9999327870125014,0.9999327870125014,0.9999327870125014,0.9999327870125001,0.9999327870125003,0.9999511001274791,0.9999327870124995,0.9999327870125005,0.9999327870125014,-6.135810056894161e-11,0.9999327870125009,0.9999327870125009,0.9999327870124997,0.9999327870125012,0.9999327870125014,0.9999327870125015,0.9999326906640413,0.9999327870125009,0.9999327870125012,0.9999327870125009,0.9999327870125009
0.9999531483412103,-6.668922512567134e-11,0.9999327870125005,0.999932787012499,0.9999327870124997,0.9999327870124992,0.999932787012498,0.9999327870124989,0.9999327870124999,-5.6020845030387456e-11,0.9999327870125001,0.9999327870125001,0.9999327870124997,0.9999327870124992,0.9999327870125001,0.9999327870124997,0.9999327870124997,0.999932787012499,-6.135810104561855e-11,0.9999327870124997,0.9999327870125005,0.9999327870124997,0.9999327870124992,0.9999327870125005,0.9999327870125005,0.9999327870125005,0.9999327870125005,0.9999327870124995,0.9999327870124997,0.9999327870124997,0.9999327870124997,0.9999327870124995,0.9999511001274681,0.9999327870124989,0.9999327870124997,-6.135810054236093e-11,0.9999327870125001,0.9999327870125005,0.9999327870124983,0.9999327870124997,0.9999327870124997,0.9999327870125005,0.9999326906640386,0.9999327870125001,0.9999327870124999,0.9999327870124997,0.9999327870124997
0.9999531483412107,-6.668922517903234e-11,0.9999327870125009,0.9999327870124997,0.9999327870125005,0.9999327870125005,0.9999327870124989,0.9999327870124997,0.9999327870124992,-5.602084502674033e-11,0.9999327870125005,0.9999327870125005,0.9999327870125005,0.9999327870124997,0.9999327870124995,0.9999327870124997,0.9999327870125008,0.9999327870124997,-6.135810101091352e-11,0.9999327870124997,0.9999327870125005,0.9999327870124997,0.9999327870124995,0.9999327870125008,0.9999327870125001,0.9999327870125005,0.9999327870125003,0.9999327870125005,0.9999327870125008,0.999932787012499,0.9999327870124997,0.9999327870125005,0.9999327870124989,0.9999511001274738,0.9999327870125008,-6.135810058577772e-11,0.9999327870124995,0.9999327870124999,0.9999327870124997,0.9999327870125005,0.9999327870125005,0.9999327870125005,0.999932690664039,0.9999327870125001,0.9999327870125001,0.9999327870124989,0.9999327870124995
0.9999531483412119,-6.668922519637811e-11,0.9999327870125009,0.9999327870125005,0.9999327870125014,0.9999327870125003,0.9999327870124992,0.9999327870125005,0.9999327870125005,-5.602084509379402e-11,0.9999327870125014,0.9999327870125014,0.9999327870125009,0.9999327870125005,0.9999327870125003,0.9999327870125005,0.9999327870125012,0.9999327870125005,-6.13581009879311e-11,0.9999327870125001,0.9999327870125014,0.9999327870124997,0.9999327870125008,0.9999327870125012,0.9999327870125009,0.9999327870125009,0.9999327870125003,0.9999327870125008,0.9999327870125012,0.9999327870125005,0.9999327870124997,0.9999327870125014,0.9999327870124997,0.9999327870125008,0.9999511001274739,-6.135810057193017e-11,0.9999327870125003,0.9999327870124999,0.9999327870124999,0.9999327870125014,0.9999327870125009,0.9999327870125009,0.9999326906640399,0.9999327870125009,0.9999327870125009,0.9999327870124997,0.9999327870125003
-3.205050192151806e-06,3.692083095833778e-11,-6.13581005564513e-11,-6.135810056579822e-11,-6.135810054411257e-11,-6.135810054195465e-11,-6.135810058063202e-11,-6.135810054309212e-11,-6.135810054833561e-11,-1.7199226383023538e-12,-6.135810051943405e-11,-6.135810054051109e-11,-6.135810059516824e-11,-6.135810053478338e-11,-6.135810053422025e-11,-6.13581006141525e-11,-6.135810060338131e-11,-6.135810054837776e-11,2.446173593424318e-09,-6.135810056156248e-11,-6.135810054833561e-11,-6.135810055392108e-11,-6.13581006141525e-11,-6.135810054842702e-11,-6.135810051943405e-11,-6.135810056894161e-11,-6.135810055146243e-11,-6.135810053434473e-11,-6.135810046850167e-11,-6.135810053401887e-11,-6.135810056103937e-11,-6.135810056894161e-11,-6.135810054236093e-11,-6.135810058577772e-11,-6.135810057193017e-11,1.8315559508440816e-05,-6.135810056721034e-11,-6.135810057995675e-11,-6.135810052291239e-11,-6.135810053717326e-11,-6.135810058017018e-11,-6.135810054598153e-11,-1.2192705988267054e-07,-6.135810056577344e-11,-6.135810061282407e-11,-6.135810054309212e-11,-6.135810058021138e-11
0.9999531483412171,-6.66892251900722e-11,0.9999327870125014,0.9999327870125001,0.9999327870125009,0.9999327870125005,0.9999327870124999,0.9999327870125012,0.9999327870125014,-5.6020845050145066e-11,0.9999327870125009,0.9999327870125019,0.9999327870125009,0.9999327870125012,0.9999327870125009,0.9999327870125009,0.9999327870125003,0.9999327870125001,-6.135810096438277e-11,0.9999327870125005,0.9999327870125019,0.9999327870125005,0.9999327870125014,0.9999327870125022,0.9999327870125009,0.9999327870125014,0.9999327870125021,0.9999327870125009,0.9999327870125003,0.9999327870125005,0.9999327870125009,0.9999327870125009,0.9999327870125001,0.9999327870124995,0.9999327870125003,-6.135810056721034e-11,0.9999511001274679,0.9999327870125014,0.9999327870124997,0.9999327870125009,0.9999327870125003,0.9999327870125014,0.9999326906640411,0.9999327870125014,0.9999327870125009,0.9999327870124999,0.9999327870125008
0.9999531483412186,-6.668922516003665e-11,0.9999327870125014,0.9999327870125005,0.9999327870125014,0.9999327870125005,0.9999327870124997,0.9999327870125009,0.9999327870125003,-5.602084510648889e-11,0.9999327870125015,0.9999327870125019,0.9999327870125008,0.9999327870125014,0.9999327870125014,0.9999327870125019,0.9999327870124999,0.9999327870125005,-6.13581009879311e-11,0.9999327870125019,0.9999327870125022,0.9999327870125008,0.9999327870125003,0.9999327870125014,0.9999327870125015,0.9999327870125022,0.9999327870125022,0.9999327870125008,0.9999327870124999,0.9999327870125003,0.9999327870125009,0.9999327870125009,0.9999327870125005,0.9999327870124999,0.9999327870124999,-6.135810057995675e-11,0.9999327870125014,0.9999511001274781,0.9999327870125001,0.9999327870125008,0.9999327870125009,0.9999327870125022,0.9999326906640407,0.9999327870125014,0.9999327870125015,0.9999327870125014,0.9999327870125014
0.9999531483412138,-6.668922520049548e-11,0.9999327870125009,0.9999327870124992,0.9999327870125001,0.9999327870124999,0.9999327870124989,0.9999327870124997,0.999932787012499,-5.602084503408992e-11,0.9999327870124999,0.9999327870125001,0.9999327870125005,0.9999327870125005,0.9999327870124997,0.9999327870124992,0.9999327870125005,0.9999327870124992,-6.135810099609037e-11,0.9999327870124992,0.9999327870125001,0.9999327870124992,0.9999327870124989,0.9999327870125001,0.9999327870124997,0.9999327870125001,0.9999327870125005,0.9999327870124997,0.9999327870125005,0.9999327870124997,0.9999327870124992,0.9999327870124997,0.9999327870124983,0.9999327870124997,0.9999327870124999,-6.135810052291239e-11,0.9999327870124997,0.9999327870125001,0.9999511001274737,0.9999327870124997,0.9999327870125005,0.9999327870125001,0.999932690664039,0.9999327870124999,0.9999327870124997,0.9999327870124989,0.9999327870124997
0.9999531483412131,-6.668922516542195e-11,0.9999327870125022,0.9999327870125003,0.9999327870125001,0.9999327870125008,0.9999327870124999,0.9999327870125009,0.9999327870125014,-5.602084502412599e-11,0.9999327870125009,0.9999327870125014,0.9999327870125008,0.9999327870125012,0.9999327870125009,0.9999327870125005,0.9999327870125014,0.9999327870125003,-6.135810102733476e-11,0.9999327870125005,0.9999327870125014,0.9999327870125005,0.9999327870125014,0.9999327870125022,0.9999327870125019,0.9999327870125014,0.9999327870125021,0.9999327870125009,0.9999327870125014,0.9999327870125005,0.9999327870125005,0.9999327870125012,0.9999327870124997,0.9999327870125005,0.9999327870125014,-6.135810053717326e-11,0.9999327870125009,0.9999327870125008,0.9999327870124997,0.9999511001274749,0.9999327870125009,0.9999327870125014,0.9999326906640416,0.9999327870125009,0.9999327870125009,0.9999327870124999,0.9999327870125009
0.9999531483412114,-6.668922516003665e-11,0.9999327870125005,0.9999327870125005,0.9999327870125015,0.9999327870125009,0.9999327870124992,0.9999327870125005,0.9999327870125008,-5.6020845142120067e-11,0.9999327870125009,0.9999327870125014,0.9999327870125003,0.9999327870125012,0.9999327870125003,0.9999327870125005,0.9999327870125009,0.9999327870125005,-6.135810099684122e-11,0.9999327870125005,0.9999327870125014,0.9999327870124997,0.9999327870125005,0.9999327870125012,0.9999327870125012,0.9999327870125014,0.9999327870125003,0.9999327870125005,0.9999327870125009,0.9999327870125009,0.9999327870124997,0.9999327870125014,0.9999327870124997,0.9999327870125005,0.9999327870125009,-6.135810058017018e-11,0.9999327870125003,0.9999327870125009,0.9999327870125005,0.9999327870125009,0.9999511001274733,0.9999327870125014,0.9999326906640402,0.9999327870125005,0.9999327870125009,0.9999327870125009,0.9999327870125003
0.9999531483412176,-6.668922516855473e-11,0.9999327870125019,0.9999327870125008,0.9999327870125019,0.9999327870125009,0.9999327870125001,0.9999327870125014,0.9999327870125021,-5.602084501708946e-11,0.9999327870125021,0.9999327870125028,0.9999327870125009,0.9999327870125015,0.9999327870125014,0.9999327870125019,0.9999327870125014,0.9999327870125008,-6.135810096077811e-11,0.9999327870125019,0.9999327870125028,0.9999327870125014,0.9999327870125015,0.9999327870125021,0.9999327870125028,0.9999327870125028,0.9999327870125022,0.9999327870125012,0.9999327870125014,0.9999327870125005,0.9999327870125014,0.9999327870125015,0.9999327870125005,0.9999327870125005,0.9999327870125009,-6.135810054598153e-11,0.9999327870125014,0.9999327870125022,0.9999327870125001,0.9999327870125014,0.9999327870125014,0.9999511001274738,0.9999326906640416,0.9999327870125019,0.9999327870125012,0.9999327870125019,0.9999327870125014
0.9999530519910554,-1.3256038915061508e-07,0.9999326906640411,0.9999326906640402,0.9999326906640393,0.9999326906640399,0.999932690664039,0.9999326906640407,0.9999326906640411,-1.1140661033389042e-07,0.9999326906640419,0.9999326906640418,0.9999326906640399,0.9999326906640416,0.9999326906640411,0.9999326906640407,0.9999326906640399,0.9999326906640406,-1.2192706064636828e-07,0.9999326906640407,0.9999326906640411,0.9999326906640393,0.9999326906640407,0.9999326906640409,0.9999326906640416,0.9999326906640416,0.9999326906640409,0.9999326906640418,0.9999326906640399,0.9999326906640392,0.9999326906640399,0.9999326906640413,0.9999326906640386,0.999932690664039,0.9999326906640399,-1.2192705988267054e-07,0.9999326906640411,0.9999326906640407,0.999932690664039,0.9999326906640416,0.9999326906640402,0.9999326906640416,0.999950907431123,0.9999326906640402,0.9999326906640416,0.999932690664039,0.9999326906640406
