0.9999999999410832,-2.2836381052198174e-06,1.000006075289454,1.0000059114719584,1.0000058220504926,1.0000058220504904,1.0000058220504904,1.0000059114719615,1.0000059114719602,1.000006075289454,1.0000060752894548,1.000005911471961,1.0000059114719606,1.0000060752894553,-2.0924616478987204e-06,1.0000059114719617,1.0000060752894553,1.0000058220504926,1.0000058220504926,1.0000058220504926,1.0000058220504926,1.0000058220504926,1.0000058220504926,1.0000059114719622,1.0000058220504926,1.0000060752894553,1.0000058220504926,1.0000059114719606,-2.28363809768265e-06,1.0000067006000437,1.0000058220504926,1.0000060752894522,-2.0992786447943924e-06,1.0000058220504926,1.0000058220504926,1.000006075289451,1.0000058220504926,1.0000058220504926,1.0000060752894562,1.0000058220504888,-2.0924616460475913e-06,1.0000059114719622,1.0000060752894553,-2.2146883192802127e-06,1.0000058905242157,1.0000058220504926,1.0000058220504895,1.0000059114719615,1.0000058220504926
-2.2836381052198174e-06,-2.952244099613094e-06,-2.1758253189765615e-10,-4.318411609334812e-07,-4.323194092023409e-07,-4.323194092023411e-07,-4.323194092023411e-07,-4.3184116093348257e-07,-4.3184116093348167e-07,-2.175825316961124e-10,-2.1758253206815537e-10,-4.31841160933483e-07,-4.3184116093348357e-07,-2.1758253190633128e-10,-4.58640408827305e-09,-4.3184116093348357e-07,-2.1758253190633128e-10,-4.323194092023412e-07,-4.323194092023412e-07,-4.323194092023405e-07,-4.323194092023405e-07,-4.3231940920234074e-07,-4.3231940920234074e-07,-4.3184116093348257e-07,-4.3231940920234074e-07,-2.1758253190633128e-10,-4.3231940920234063e-07,-4.318411609334837e-07,2.9377391528399005e-10,-4.3362838686421466e-07,-4.3231940920234074e-07,-2.1758253232785573e-10,4.504013079534788e-09,-4.323194092023401e-07,-4.3231940920234074e-07,-2.175825316961124e-10,-4.3231940920234074e-07,-4.3231940920234063e-07,-2.1758253217049056e-10,-4.323194092023411e-07,-4.586404088273211e-09,-4.318411609334824e-07,-2.1758253164392315e-10,2.8604605263284107e-09,-4.316357555036147e-07,-4.3231940920234063e-07,-4.323194092023413e-07,-4.318411609334829e-07,-4.323194092023408e-07
1.000006075289454,-2.1758253189765615e-10,1.000006328647126,1.0000091165949192,1.0000090276516063,1.000009027651608,1.000009027651608,1.0000091165949183,1.0000091165949188,1.0000092811845842,1.0000092811845838,1.000009116594918,1.000009116594918,1.000009281184584,-1.1897574611315704e-10,1.000009116594918,1.000009281184584,1.0000090276516072,1.0000090276516072,1.0000090276516072,1.0000090276516072,1.0000090276516063,1.0000090276516063,1.0000091165949179,1.0000090276516063,1.000009281184584,1.0000090276516063,1.0000091165949196,-2.1758253014606344e-10,1.0000099075109856,1.0000090276516063,1.000009281184584,-1.2697640653663773e-10,1.0000090276516063,1.0000090276516063,1.000009281184584,1.0000090276516063,1.0000090276516063,1.0000092811845833,1.0000090276516065,-1.1897574576799696e-10,1.0000091165949176,1.000009281184584,-1.8419526117136873e-10,1.0000090954417398,1.0000090276516063,1.000009027651608,1.000009116594918,1.0000090276516063
1.0000059114719584,-4.318411609334812e-07,1.0000091165949192,1.0000060014970207,1.0000088638339237,1.0000088638339253,1.0000088638339253,1.0000089540344945,1.0000089540344954,1.0000091165949165,1.0000091165949168,1.000008954034495,1.0000089540344956,1.0000091165949156,-1.2503951893107794e-10,1.0000089540344956,1.0000091165949163,1.0000088638339244,1.0000088638339244,1.0000088638339237,1.0000088638339237,1.0000088638339237,1.0000088638339237,1.0000089540344945,1.0000088638339237,1.0000091165949172,1.0000088638339237,1.0000089540344963,-4.318411569689389e-07,1.0000097402531989,1.0000088638339244,1.0000091165949165,-1.2102172755899013e-10,1.0000088638339244,1.0000088638339244,1.000009116594916,1.0000088638339244,1.0000088638339237,1.0000091165949168,1.000008863833924,-1.250395187148674e-10,1.0000089540344943,1.0000091165949163,-3.5871091794225354e-07,1.000008933421249,1.0000088638339237,1.0000088638339248,1.0000089540344952,1.0000088638339244
1.0000058220504926,-4.323194092023409e-07,1.0000090276516063,1.0000088638339237,1.0000058218748804,1.0000087744123518,1.0000087744123518,1.0000088638339246,1.0000088638339235,1.0000090276516052,1.0000090276516047,1.0000088638339244,1.0000088638339248,1.0000090276516052,-2.411425766239692e-07,1.0000088638339248,1.0000090276516052,1.0000087744123523,1.0000087744123523,1.0000087744123523,1.0000087744123523,1.0000087744123514,1.0000087744123514,1.0000088638339248,1.0000087744123514,1.0000090276516043,1.0000087744123514,1.0000088638339248,-4.32319405237799e-07,1.0000096529628968,1.0000087744123514,1.0000090276516047,-2.479596270118766e-07,1.0000087744123514,1.0000087744123514,1.0000090276516047,1.0000087744123514,1.0000087744123514,1.0000090276516054,1.0000087744123518,-2.411425759370624e-07,1.0000088638339246,1.0000090276516052,-3.6336964887879684e-07,1.0000088428861507,1.0000087744123514,1.0000087744123518,1.0000088638339246,1.0000087744123514
1.0000058220504904,-4.323194092023411e-07,1.000009027651608,1.0000088638339253,1.0000087744123518,1.0000058218748802,1.0000087744123523,1.0000088638339257,1.0000088638339237,1.000009027651606,1.000009027651606,1.0000088638339262,1.0000088638339257,1.0000090276516052,-2.411425766239684e-07,1.0000088638339248,1.0000090276516052,1.0000087744123527,1.0000087744123527,1.0000087744123527,1.0000087744123527,1.0000087744123518,1.0000087744123518,1.0000088638339257,1.0000087744123518,1.000009027651606,1.0000087744123518,1.0000088638339266,-4.323194052377994e-07,1.0000096529628968,1.0000087744123518,1.000009027651606,-2.4795962701187787e-07,1.0000087744123518,1.0000087744123518,1.000009027651606,1.0000087744123518,1.0000087744123518,1.000009027651607,1.0000087744123523,-2.411425759370622e-07,1.0000088638339253,1.0000090276516052,-3.633696488787968e-07,1.000008842886151,1.0000087744123518,1.0000087744123523,1.0000088638339253,1.0000087744123518
1.0000058220504904,-4.323194092023411e-07,1.000009027651608,1.0000088638339253,1.0000087744123518,1.0000087744123523,1.0000058218748802,1.0000088638339257,1.0000088638339237,1.000009027651606,1.000009027651606,1.0000088638339262,1.0000088638339257,1.0000090276516052,-2.411425766239683e-07,1.0000088638339248,1.0000090276516052,1.0000087744123527,1.0000087744123527,1.0000087744123527,1.0000087744123527,1.0000087744123518,1.0000087744123518,1.0000088638339257,1.0000087744123518,1.000009027651606,1.0000087744123518,1.0000088638339266,-4.323194052377994e-07,1.0000096529628968,1.0000087744123518,1.000009027651606,-2.47959627011878e-07,1.0000087744123518,1.0000087744123518,1.000009027651606,1.0000087744123518,1.0000087744123518,1.000009027651607,1.0000087744123523,-2.411425759370614e-07,1.0000088638339253,1.0000090276516052,-3.633696488787971e-07,1.000008842886151,1.0000087744123518,1.0000087744123523,1.0000088638339253,1.0000087744123518
1.0000059114719615,-4.3184116093348257e-07,1.0000091165949183,1.0000089540344945,1.0000088638339246,1.0000088638339257,1.0000088638339257,1.0000060014970134,1.0000089540344956,1.0000091165949168,1.0000091165949172,1.0000089540344943,1.0000089540344956,1.0000091165949152,-1.250395190464028e-10,1.0000089540344956,1.0000091165949163,1.0000088638339244,1.0000088638339244,1.0000088638339244,1.0000088638339244,1.000008863833924,1.000008863833924,1.0000089540344936,1.000008863833924,1.0000091165949174,1.000008863833924,1.0000089540344954,-4.318411569689381e-07,1.0000097402531984,1.000008863833924,1.0000091165949163,-1.210217276450961e-10,1.000008863833924,1.000008863833924,1.0000091165949163,1.000008863833924,1.000008863833924,1.000009116594916,1.0000088638339242,-1.2503951867546086e-10,1.0000089540344934,1.0000091165949163,-3.587109179422532e-07,1.0000089334212483,1.000008863833924,1.0000088638339253,1.0000089540344947,1.000008863833924
1.0000059114719602,-4.3184116093348167e-07,1.0000091165949188,1.0000089540344954,1.0000088638339235,1.0000088638339237,1.0000088638339237,1.0000089540344956,1.000006001497022,1.0000091165949154,1.0000091165949156,1.0000089540344943,1.0000089540344943,1.0000091165949152,-1.2503951885280562e-10,1.0000089540344943,1.000009116594916,1.0000088638339248,1.0000088638339248,1.0000088638339248,1.0000088638339248,1.0000088638339235,1.0000088638339235,1.000008954034494,1.0000088638339235,1.0000091165949163,1.0000088638339235,1.0000089540344959,-4.318411569689374e-07,1.0000097402531982,1.0000088638339235,1.0000091165949156,-1.2102172776012822e-10,1.0000088638339235,1.0000088638339235,1.0000091165949156,1.0000088638339235,1.0000088638339235,1.0000091165949156,1.0000088638339244,-1.2503951871486575e-10,1.000008954034494,1.000009116594916,-3.5871091794225343e-07,1.0000089334212487,1.0000088638339235,1.0000088638339244,1.0000089540344943,1.0000088638339235
1.000006075289454,-2.175825316961124e-10,1.0000092811845842,1.0000091165949165,1.0000090276516052,1.000009027651606,1.000009027651606,1.0000091165949168,1.0000091165949154,1.0000063286471166,1.0000092811845829,1.0000091165949168,1.0000091165949163,1.0000092811845809,-1.1897574611339785e-10,1.0000091165949163,1.000009281184582,1.0000090276516054,1.0000090276516054,1.0000090276516054,1.0000090276516054,1.0000090276516052,1.0000090276516052,1.0000091165949163,1.0000090276516052,1.000009281184583,1.000009027651605,1.0000091165949174,-2.1758253018038574e-10,1.0000099075109845,1.0000090276516052,1.000009281184581,-1.2697640639615948e-10,1.0000090276516052,1.0000090276516052,1.000009281184581,1.0000090276516052,1.000009027651605,1.0000092811845815,1.000009027651606,-1.1897574576814469e-10,1.0000091165949163,1.000009281184582,-1.8419526123858277e-10,1.0000090954417373,1.000009027651605,1.000009027651606,1.0000091165949163,1.0000090276516052
1.0000060752894548,-2.1758253206815537e-10,1.0000092811845838,1.0000091165949168,1.0000090276516047,1.000009027651606,1.000009027651606,1.0000091165949172,1.0000091165949156,1.0000092811845829,1.000006328647121,1.0000091165949174,1.0000091165949172,1.000009281184581,-1.189757461132177e-10,1.0000091165949172,1.0000092811845829,1.0000090276516052,1.0000090276516052,1.000009027651605,1.000009027651605,1.0000090276516047,1.0000090276516047,1.0000091165949176,1.0000090276516047,1.0000092811845829,1.0000090276516047,1.0000091165949174,-2.1758253018038574e-10,1.000009907510984,1.0000090276516047,1.0000092811845824,-1.269764065315245e-10,1.0000090276516047,1.0000090276516047,1.0000092811845824,1.0000090276516047,1.0000090276516047,1.0000092811845815,1.0000090276516054,-1.18975745767128e-10,1.0000091165949168,1.0000092811845829,-1.8419526114389734e-10,1.0000090954417369,1.0000090276516047,1.0000090276516054,1.0000091165949163,1.0000090276516047
1.000005911471961,-4.31841160933483e-07,1.000009116594918,1.000008954034495,1.0000088638339244,1.0000088638339262,1.0000088638339262,1.0000089540344943,1.0000089540344943,1.0000091165949168,1.0000091165949174,1.0000060014970211,1.0000089540344956,1.0000091165949163,-1.250395189809513e-10,1.0000089540344956,1.0000091165949174,1.0000088638339257,1.0000088638339257,1.0000088638339257,1.0000088638339257,1.0000088638339244,1.0000088638339244,1.0000089540344939,1.0000088638339244,1.0000091165949165,1.0000088638339244,1.0000089540344956,-4.318411569689389e-07,1.0000097402531989,1.0000088638339244,1.0000091165949176,-1.210217276905458e-10,1.0000088638339244,1.0000088638339244,1.0000091165949176,1.0000088638339244,1.0000088638339244,1.0000091165949163,1.0000088638339253,-1.2503951852770882e-10,1.0000089540344939,1.0000091165949174,-3.587109179422538e-07,1.0000089334212496,1.0000088638339244,1.0000088638339262,1.0000089540344947,1.0000088638339244
1.0000059114719606,-4.3184116093348357e-07,1.000009116594918,1.0000089540344956,1.0000088638339248,1.0000088638339257,1.0000088638339257,1.0000089540344956,1.0000089540344943,1.0000091165949163,1.0000091165949172,1.0000089540344956,1.0000060014970211,1.0000091165949156,-1.2503951883286335e-10,1.0000089540344956,1.0000091165949176,1.0000088638339253,1.0000088638339253,1.0000088638339253,1.0000088638339253,1.0000088638339248,1.0000088638339248,1.0000089540344947,1.0000088638339248,1.0000091165949176,1.0000088638339248,1.0000089540344963,-4.318411569689391e-07,1.0000097402531989,1.0000088638339248,1.0000091165949176,-1.210217277440098e-10,1.0000088638339248,1.0000088638339248,1.0000091165949176,1.0000088638339248,1.0000088638339248,1.0000091165949168,1.0000088638339248,-1.2503951858521646e-10,1.0000089540344947,1.0000091165949176,-3.58710917942254e-07,1.0000089334212505,1.0000088638339248,1.000008863833925,1.0000089540344943,1.0000088638339248
1.0000060752894553,-2.1758253190633128e-10,1.000009281184584,1.0000091165949156,1.0000090276516052,1.0000090276516052,1.0000090276516052,1.0000091165949152,1.0000091165949152,1.0000092811845809,1.000009281184581,1.0000091165949163,1.0000091165949156,1.0000063286471172,-1.1897574611378161e-10,1.0000091165949156,1.000009281184581,1.0000090276516052,1.0000090276516052,1.0000090276516052,1.0000090276516052,1.0000090276516047,1.0000090276516047,1.0000091165949156,1.0000090276516047,1.0000092811845815,1.0000090276516047,1.0000091165949156,-2.1758253016481428e-10,1.0000099075109832,1.0000090276516047,1.0000092811845804,-1.2697640649752163e-10,1.0000090276516047,1.0000090276516047,1.0000092811845804,1.0000090276516047,1.0000090276516047,1.0000092811845815,1.000009027651606,-1.1897574576765846e-10,1.000009116594916,1.000009281184581,-1.8419526104473945e-10,1.0000090954417373,1.0000090276516047,1.0000090276516043,1.0000091165949156,1.0000090276516047
-2.0924616478987204e-06,-4.58640408827305e-09,-1.1897574611315704e-10,-1.2503951893107794e-10,-2.411425766239692e-07,-2.411425766239684e-07,-2.411425766239683e-07,-1.250395190464028e-10,-1.2503951885280562e-10,-1.1897574611339785e-10,-1.189757461132177e-10,-1.250395189809513e-10,-1.2503951883286335e-10,-1.1897574611378161e-10,-2.8809040254784016e-06,-1.2503951879142026e-10,-1.1897574611413578e-10,-2.411425766239687e-07,-2.411425766239687e-07,-2.4114257662396854e-07,-2.4114257662396854e-07,-2.4114257662396897e-07,-2.4114257662396886e-07,-1.250395190464028e-10,-2.4114257662396897e-07,-1.1897574611411458e-10,-2.4114257662396875e-07,-1.25039518931078e-10,-4.586404088276021e-09,-1.1100314853207263e-10,-2.411425766239684e-07,-1.1897574611349854e-10,-3.537937700979722e-11,-2.4114257662396897e-07,-2.4114257662396875e-07,-1.1897574611376086e-10,-2.411425766239687e-07,-2.411425766239687e-07,-1.189757461131924e-10,-2.4114257662396875e-07,7.16335262208145e-08,-1.2503951885280562e-10,-1.1897574611335422e-10,-2.246903996017998e-11,-1.266529518812066e-10,-2.4114257662396897e-07,-2.411425766239693e-07,-1.2503951883286335e-10,-2.4114257662396807e-07
1.0000059114719617,-4.3184116093348357e-07,1.000009116594918,1.0000089540344956,1.0000088638339248,1.0000088638339248,1.0000088638339248,1.0000089540344956,1.0000089540344943,1.0000091165949163,1.0000091165949172,1.0000089540344956,1.0000089540344956,1.0000091165949156,-1.2503951879142026e-10,1.0000060014970247,1.0000091165949174,1.0000088638339253,1.0000088638339253,1.0000088638339244,1.0000088638339244,1.0000088638339244,1.0000088638339244,1.0000089540344947,1.0000088638339244,1.0000091165949176,1.0000088638339246,1.0000089540344963,-4.3184115696893914e-07,1.0000097402531989,1.0000088638339248,1.0000091165949163,-1.2102172773357516e-10,1.0000088638339248,1.0000088638339248,1.0000091165949163,1.0000088638339248,1.0000088638339246,1.0000091165949168,1.0000088638339244,-1.250395185300059e-10,1.0000089540344947,1.0000091165949174,-3.587109179422538e-07,1.0000089334212487,1.0000088638339246,1.0000088638339257,1.0000089540344945,1.0000088638339248
1.0000060752894553,-2.1758253190633128e-10,1.000009281184584,1.0000091165949163,1.0000090276516052,1.0000090276516052,1.0000090276516052,1.0000091165949163,1.000009116594916,1.000009281184582,1.0000092811845829,1.0000091165949174,1.0000091165949176,1.000009281184581,-1.1897574611413578e-10,1.0000091165949174,1.0000063286471197,1.000009027651606,1.000009027651606,1.000009027651605,1.000009027651605,1.0000090276516045,1.0000090276516045,1.0000091165949165,1.0000090276516045,1.000009281184583,1.0000090276516045,1.0000091165949176,-2.1758253018038574e-10,1.0000099075109845,1.0000090276516045,1.0000092811845822,-1.269764064812688e-10,1.0000090276516045,1.0000090276516045,1.0000092811845822,1.0000090276516045,1.0000090276516045,1.000009281184581,1.0000090276516047,-1.1897574576772644e-10,1.0000091165949165,1.0000092811845824,-1.84195261096754e-10,1.0000090954417375,1.0000090276516045,1.0000090276516052,1.0000091165949163,1.0000090276516052
1.0000058220504926,-4.323194092023412e-07,1.0000090276516072,1.0000088638339244,1.0000087744123523,1.0000087744123527,1.0000087744123527,1.0000088638339244,1.0000088638339248,1.0000090276516054,1.0000090276516052,1.0000088638339257,1.0000088638339253,1.0000090276516052,-2.411425766239687e-07,1.0000088638339253,1.000009027651606,1.000005821874874,1.0000087744123527,1.0000087744123527,1.0000087744123527,1.0000087744123523,1.0000087744123523,1.0000088638339248,1.0000087744123523,1.0000090276516052,1.0000087744123523,1.0000088638339253,-4.323194052377998e-07,1.0000096529628972,1.0000087744123523,1.0000090276516054,-2.4795962701187675e-07,1.0000087744123523,1.0000087744123523,1.0000090276516054,1.0000087744123523,1.0000087744123523,1.000009027651606,1.0000087744123527,-2.4114257593706225e-07,1.0000088638339246,1.000009027651606,-3.6336964887879753e-07,1.000008842886151,1.0000087744123523,1.0000087744123527,1.0000088638339246,1.0000087744123523
1.0000058220504926,-4.323194092023412e-07,1.0000090276516072,1.0000088638339244,1.0000087744123523,1.0000087744123527,1.0000087744123527,1.0000088638339244,1.0000088638339248,1.0000090276516054,1.0000090276516052,1.0000088638339257,1.0000088638339253,1.0000090276516052,-2.411425766239687e-07,1.0000088638339253,1.000009027651606,1.0000087744123527,1.000005821874874,1.0000087744123527,1.0000087744123527,1.0000087744123523,1.0000087744123523,1.0000088638339248,1.0000087744123523,1.0000090276516052,1.0000087744123523,1.0000088638339253,-4.323194052377998e-07,1.0000096529628972,1.0000087744123523,1.0000090276516054,-2.4795962701187675e-07,1.0000087744123523,1.0000087744123523,1.0000090276516054,1.0000087744123523,1.0000087744123523,1.000009027651606,1.0000087744123527,-2.4114257593706225e-07,1.0000088638339246,1.000009027651606,-3.6336964887879753e-07,1.000008842886151,1.0000087744123523,1.0000087744123527,1.0000088638339246,1.0000087744123523
1.0000058220504926,-4.323194092023405e-07,1.0000090276516072,1.0000088638339237,1.0000087744123523,1.0000087744123527,1.0000087744123527,1.0000088638339244,1.0000088638339248,1.0000090276516054,1.000009027651605,1.0000088638339257,1.0000088638339253,1.0000090276516052,-2.4114257662396854e-07,1.0000088638339244,1.000009027651605,1.0000087744123527,1.0000087744123527,1.000005821874874,1.0000087744123527,1.0000087744123523,1.0000087744123523,1.0000088638339237,1.0000087744123523,1.0000090276516047,1.0000087744123523,1.0000088638339253,-4.3231940523779953e-07,1.0000096529628972,1.0000087744123523,1.0000090276516054,-2.4795962701187675e-07,1.0000087744123523,1.0000087744123523,1.0000090276516054,1.0000087744123523,1.0000087744123523,1.000009027651606,1.0000087744123527,-2.411425759370622e-07,1.0000088638339246,1.000009027651605,-3.633696488787974e-07,1.000008842886151,1.0000087744123523,1.0000087744123527,1.0000088638339246,1.0000087744123523
1.0000058220504926,-4.323194092023405e-07,1.0000090276516072,1.0000088638339237,1.0000087744123523,1.0000087744123527,1.0000087744123527,1.0000088638339244,1.0000088638339248,1.0000090276516054,1.000009027651605,1.0000088638339257,1.0000088638339253,1.0000090276516052,-2.4114257662396854e-07,1.0000088638339244,1.000009027651605,1.0000087744123527,1.0000087744123527,1.0000087744123527,1.000005821874874,1.0000087744123523,1.0000087744123523,1.0000088638339237,1.0000087744123523,1.0000090276516047,1.0000087744123523,1.0000088638339253,-4.3231940523779953e-07,1.0000096529628972,1.0000087744123523,1.0000090276516054,-2.479596270118767e-07,1.0000087744123523,1.0000087744123523,1.0000090276516054,1.0000087744123523,1.0000087744123523,1.000009027651606,1.0000087744123527,-2.411425759370622e-07,1.0000088638339246,1.000009027651605,-3.633696488787974e-07,1.000008842886151,1.0000087744123523,1.0000087744123527,1.0000088638339246,1.0000087744123523
1.0000058220504926,-4.3231940920234074e-07,1.0000090276516063,1.0000088638339237,1.0000087744123514,1.0000087744123518,1.0000087744123518,1.000008863833924,1.0000088638339235,1.0000090276516052,1.0000090276516047,1.0000088638339244,1.0000088638339248,1.0000090276516047,-2.4114257662396897e-07,1.0000088638339244,1.0000090276516045,1.0000087744123523,1.0000087744123523,1.0000087744123523,1.0000087744123523,1.0000058218748804,1.0000087744123514,1.0000088638339248,1.0000087744123514,1.0000090276516045,1.0000087744123514,1.0000088638339248,-4.323194052377987e-07,1.0000096529628963,1.0000087744123514,1.0000090276516045,-2.479596270118766e-07,1.0000087744123514,1.0000087744123514,1.0000090276516047,1.0000087744123514,1.0000087744123514,1.0000090276516054,1.0000087744123518,-2.4114257593706204e-07,1.0000088638339246,1.0000090276516045,-3.6336964887879684e-07,1.0000088428861504,1.0000087744123514,1.0000087744123518,1.0000088638339246,1.0000087744123514
1.0000058220504926,-4.3231940920234074e-07,1.0000090276516063,1.0000088638339237,1.0000087744123514,1.0000087744123518,1.0000087744123518,1.000008863833924,1.0000088638339235,1.0000090276516052,1.0000090276516047,1.0000088638339244,1.0000088638339248,1.0000090276516047,-2.4114257662396886e-07,1.0000088638339244,1.0000090276516045,1.0000087744123523,1.0000087744123523,1.0000087744123523,1.0000087744123523,1.0000087744123514,1.0000058218748804,1.0000088638339248,1.0000087744123514,1.0000090276516045,1.0000087744123514,1.0000088638339248,-4.323194052377987e-07,1.0000096529628963,1.0000087744123514,1.0000090276516045,-2.4795962701187633e-07,1.0000087744123514,1.0000087744123514,1.0000090276516047,1.0000087744123514,1.0000087744123514,1.0000090276516054,1.0000087744123518,-2.411425759370624e-07,1.0000088638339246,1.0000090276516045,-3.6336964887879684e-07,1.0000088428861504,1.0000087744123514,1.0000087744123518,1.0000088638339246,1.0000087744123514
1.0000059114719622,-4.3184116093348257e-07,1.0000091165949179,1.0000089540344945,1.0000088638339248,1.0000088638339257,1.0000088638339257,1.0000089540344936,1.000008954034494,1.0000091165949163,1.0000091165949176,1.0000089540344939,1.0000089540344947,1.0000091165949156,-1.250395190464028e-10,1.0000089540344947,1.0000091165949165,1.0000088638339248,1.0000088638339248,1.0000088638339237,1.0000088638339237,1.0000088638339248,1.0000088638339248,1.0000060014970211,1.0000088638339248,1.000009116594916,1.0000088638339248,1.0000089540344956,-4.3184115696893946e-07,1.0000097402531984,1.0000088638339248,1.0000091165949168,-1.210217277429956e-10,1.0000088638339248,1.0000088638339248,1.0000091165949168,1.0000088638339248,1.0000088638339248,1.000009116594916,1.0000088638339248,-1.250395186301218e-10,1.0000089540344947,1.0000091165949165,-3.587109179422546e-07,1.0000089334212494,1.0000088638339248,1.0000088638339253,1.0000089540344943,1.0000088638339248
1.0000058220504926,-4.3231940920234074e-07,1.0000090276516063,1.0000088638339237,1.0000087744123514,1.0000087744123518,1.0000087744123518,1.000008863833924,1.0000088638339235,1.0000090276516052,1.0000090276516047,1.0000088638339244,1.0000088638339248,1.0000090276516047,-2.4114257662396897e-07,1.0000088638339244,1.0000090276516045,1.0000087744123523,1.0000087744123523,1.0000087744123523,1.0000087744123523,1.0000087744123514,1.0000087744123514,1.0000088638339248,1.0000058218748804,1.0000090276516045,1.0000087744123514,1.0000088638339248,-4.323194052377987e-07,1.0000096529628963,1.0000087744123514,1.0000090276516045,-2.479596270118766e-07,1.0000087744123514,1.0000087744123514,1.0000090276516047,1.0000087744123514,1.0000087744123514,1.0000090276516054,1.0000087744123518,-2.4114257593706204e-07,1.0000088638339246,1.0000090276516045,-3.6336964887879684e-07,1.0000088428861504,1.0000087744123514,1.0000087744123518,1.0000088638339246,1.0000087744123514
1.0000060752894553,-2.1758253190633128e-10,1.000009281184584,1.0000091165949172,1.0000090276516043,1.000009027651606,1.000009027651606,1.0000091165949174,1.0000091165949163,1.000009281184583,1.0000092811845829,1.0000091165949165,1.0000091165949176,1.0000092811845815,-1.1897574611411458e-10,1.0000091165949176,1.000009281184583,1.0000090276516052,1.0000090276516052,1.0000090276516047,1.0000090276516047,1.0000090276516045,1.0000090276516045,1.000009116594916,1.0000090276516045,1.000006328647123,1.0000090276516045,1.000009116594918,-2.1758253018038574e-10,1.000009907510985,1.0000090276516047,1.000009281184583,-1.2697640653736966e-10,1.0000090276516047,1.0000090276516047,1.000009281184583,1.0000090276516047,1.0000090276516045,1.0000092811845824,1.0000090276516052,-1.189757457678178e-10,1.0000091165949168,1.0000092811845829,-1.841952611411341e-10,1.0000090954417378,1.0000090276516045,1.0000090276516054,1.0000091165949174,1.0000090276516047
1.0000058220504926,-4.3231940920234063e-07,1.0000090276516063,1.0000088638339237,1.0000087744123514,1.0000087744123518,1.0000087744123518,1.000008863833924,1.0000088638339235,1.000009027651605,1.0000090276516047,1.0000088638339244,1.0000088638339248,1.0000090276516047,-2.4114257662396875e-07,1.0000088638339246,1.0000090276516045,1.0000087744123523,1.0000087744123523,1.0000087744123523,1.0000087744123523,1.0000087744123514,1.0000087744123514,1.0000088638339248,1.0000087744123514,1.0000090276516045,1.000005821874874,1.0000088638339248,-4.32319405237799e-07,1.0000096529628963,1.0000087744123514,1.0000090276516047,-2.479596270118767e-07,1.0000087744123514,1.0000087744123514,1.0000090276516047,1.0000087744123514,1.0000087744123514,1.0000090276516054,1.0000087744123518,-2.4114257593706193e-07,1.0000088638339246,1.0000090276516045,-3.6336964887879684e-07,1.0000088428861504,1.0000087744123514,1.0000087744123518,1.0000088638339246,1.0000087744123514
1.0000059114719606,-4.318411609334837e-07,1.0000091165949196,1.0000089540344963,1.0000088638339248,1.0000088638339266,1.0000088638339266,1.0000089540344954,1.0000089540344959,1.0000091165949174,1.0000091165949174,1.0000089540344956,1.0000089540344963,1.0000091165949156,-1.25039518931078e-10,1.0000089540344963,1.0000091165949176,1.0000088638339253,1.0000088638339253,1.0000088638339253,1.0000088638339253,1.0000088638339248,1.0000088638339248,1.0000089540344956,1.0000088638339248,1.000009116594918,1.0000088638339248,1.0000060014970207,-4.318411569689404e-07,1.0000097402531993,1.0000088638339248,1.0000091165949172,-1.2102172767958068e-10,1.0000088638339248,1.0000088638339248,1.000009116594917,1.0000088638339248,1.0000088638339248,1.000009116594917,1.0000088638339244,-1.2503951873737047e-10,1.0000089540344956,1.0000091165949176,-3.5871091794225364e-07,1.00000893342125,1.0000088638339248,1.0000088638339257,1.0000089540344956,1.0000088638339248
-2.28363809768265e-06,2.9377391528399005e-10,-2.1758253014606344e-10,-4.318411569689389e-07,-4.32319405237799e-07,-4.323194052377994e-07,-4.323194052377994e-07,-4.318411569689381e-07,-4.318411569689374e-07,-2.1758253018038574e-10,-2.1758253018038574e-10,-4.318411569689389e-07,-4.318411569689391e-07,-2.1758253016481428e-10,-4.586404088276021e-09,-4.3184115696893914e-07,-2.1758253018038574e-10,-4.323194052377998e-07,-4.323194052377998e-07,-4.3231940523779953e-07,-4.3231940523779953e-07,-4.323194052377987e-07,-4.323194052377987e-07,-4.3184115696893946e-07,-4.323194052377987e-07,-2.1758253018038574e-10,-4.32319405237799e-07,-4.318411569689404e-07,-2.952244099613094e-06,-4.336283828996681e-07,-4.32319405237799e-07,-2.175825301392367e-10,4.504013079533765e-09,-4.323194052377987e-07,-4.32319405237799e-07,-2.1758253033022832e-10,-4.32319405237799e-07,-4.32319405237799e-07,-2.1758253033022832e-10,-4.32319405237799e-07,-4.586404088276203e-09,-4.318411569689391e-07,-2.1758253005426241e-10,2.860460526324293e-09,-4.316357515390719e-07,-4.32319405237799e-07,-4.323194052377998e-07,-4.318411569689385e-07,-4.32319405237799e-07
1.0000067006000437,-4.3362838686421466e-07,1.0000099075109856,1.0000097402531989,1.0000096529628968,1.0000096529628968,1.0000096529628968,1.0000097402531984,1.0000097402531982,1.0000099075109845,1.000009907510984,1.0000097402531989,1.0000097402531989,1.0000099075109832,-1.1100314853207263e-10,1.0000097402531989,1.0000099075109845,1.0000096529628972,1.0000096529628972,1.0000096529628972,1.0000096529628972,1.0000096529628963,1.0000096529628963,1.0000097402531984,1.0000096529628963,1.000009907510985,1.0000096529628963,1.0000097402531993,-4.336283828996681e-07,1.0000075848083296,1.0000096529628963,1.0000099075109832,-1.3480566592675297e-10,1.0000096529628963,1.0000096529628963,1.0000099075109834,1.0000096529628963,1.0000096529628963,1.0000099075109847,1.000009652962897,-1.1100314815209497e-10,1.0000097402531987,1.0000099075109845,-1.8916759645184264e-10,1.0000097183901107,1.0000096529628963,1.000009652962897,1.0000097402531989,1.0000096529628963
1.0000058220504926,-4.3231940920234074e-07,1.0000090276516063,1.0000088638339244,1.0000087744123514,1.0000087744123518,1.0000087744123518,1.000008863833924,1.0000088638339235,1.0000090276516052,1.0000090276516047,1.0000088638339244,1.0000088638339248,1.0000090276516047,-2.411425766239684e-07,1.0000088638339248,1.0000090276516045,1.0000087744123523,1.0000087744123523,1.0000087744123523,1.0000087744123523,1.0000087744123514,1.0000087744123514,1.0000088638339248,1.0000087744123514,1.0000090276516047,1.0000087744123514,1.0000088638339248,-4.32319405237799e-07,1.0000096529628963,1.0000058218748806,1.0000090276516047,-2.4795962701187723e-07,1.0000087744123514,1.0000087744123514,1.0000090276516043,1.0000087744123514,1.0000087744123514,1.0000090276516054,1.0000087744123518,-2.411425759370617e-07,1.0000088638339248,1.0000090276516045,-3.6336964887879695e-07,1.0000088428861504,1.0000087744123514,1.0000087744123518,1.0000088638339246,1.0000087744123514
1.0000060752894522,-2.1758253232785573e-10,1.000009281184584,1.0000091165949165,1.0000090276516047,1.000009027651606,1.000009027651606,1.0000091165949163,1.0000091165949156,1.000009281184581,1.0000092811845824,1.0000091165949176,1.0000091165949176,1.0000092811845804,-1.1897574611349854e-10,1.0000091165949163,1.0000092811845822,1.0000090276516054,1.0000090276516054,1.0000090276516054,1.0000090276516054,1.0000090276516045,1.0000090276516045,1.0000091165949168,1.0000090276516045,1.000009281184583,1.0000090276516047,1.0000091165949172,-2.175825301392367e-10,1.0000099075109832,1.0000090276516047,1.000006328647119,-1.2697640641380299e-10,1.0000090276516047,1.0000090276516047,1.0000092811845815,1.0000090276516047,1.0000090276516047,1.0000092811845809,1.0000090276516054,-1.1897574576753066e-10,1.0000091165949172,1.0000092811845822,-1.8419526120152784e-10,1.0000090954417364,1.0000090276516047,1.0000090276516052,1.0000091165949156,1.0000090276516047
-2.0992786447943924e-06,4.504013079534788e-09,-1.2697640653663773e-10,-1.2102172755899013e-10,-2.479596270118766e-07,-2.4795962701187787e-07,-2.47959627011878e-07,-1.210217276450961e-10,-1.2102172776012822e-10,-1.2697640639615948e-10,-1.269764065315245e-10,-1.210217276905458e-10,-1.210217277440098e-10,-1.2697640649752163e-10,-3.537937700979722e-11,-1.2102172773357516e-10,-1.269764064812688e-10,-2.4795962701187675e-07,-2.4795962701187675e-07,-2.4795962701187675e-07,-2.479596270118767e-07,-2.479596270118766e-07,-2.4795962701187633e-07,-1.210217277429956e-10,-2.479596270118766e-07,-1.2697640653736966e-10,-2.479596270118767e-07,-1.2102172767958068e-10,4.504013079533765e-09,-1.3480566592675297e-10,-2.4795962701187723e-07,-1.2697640641380299e-10,-2.8834592851522093e-06,-2.4795962701187633e-07,-2.479596270118767e-07,-1.2697640656279957e-10,-2.4795962701187675e-07,-2.4795962701187675e-07,-1.2697640634366813e-10,-2.4795962701187734e-07,-3.537937700979722e-11,-1.2102172755899013e-10,-1.2697640653736966e-10,2.2064700935694154e-11,-2.3747380787548154e-07,-2.4795962701187633e-07,-2.4795962701187723e-07,-1.2102172772047329e-10,-2.4795962701187765e-07
1.0000058220504926,-4.323194092023401e-07,1.0000090276516063,1.0000088638339244,1.0000087744123514,1.0000087744123518,1.0000087744123518,1.000008863833924,1.0000088638339235,1.0000090276516052,1.0000090276516047,1.0000088638339244,1.0000088638339248,1.0000090276516047,-2.4114257662396897e-07,1.0000088638339248,1.0000090276516045,1.0000087744123523,1.0000087744123523,1.0000087744123523,1.0000087744123523,1.0000087744123514,1.0000087744123514,1.0000088638339248,1.0000087744123514,1.0000090276516047,1.0000087744123514,1.0000088638339248,-4.323194052377987e-07,1.0000096529628963,1.0000087744123514,1.0000090276516047,-2.4795962701187633e-07,1.0000058218748806,1.0000087744123514,1.0000090276516043,1.0000087744123514,1.0000087744123514,1.0000090276516054,1.0000087744123518,-2.4114257593706204e-07,1.0000088638339248,1.0000090276516045,-3.6336964887879684e-07,1.0000088428861504,1.0000087744123514,1.0000087744123518,1.0000088638339246,1.0000087744123514
1.0000058220504926,-4.3231940920234074e-07,1.0000090276516063,1.0000088638339244,1.0000087744123514,1.0000087744123518,1.0000087744123518,1.000008863833924,1.0000088638339235,1.0000090276516052,1.0000090276516047,1.0000088638339244,1.0000088638339248,1.0000090276516047,-2.4114257662396875e-07,1.0000088638339248,1.0000090276516045,1.0000087744123523,1.0000087744123523,1.0000087744123523,1.0000087744123523,1.0000087744123514,1.0000087744123514,1.0000088638339248,1.0000087744123514,1.0000090276516047,1.0000087744123514,1.0000088638339248,-4.32319405237799e-07,1.0000096529628963,1.0000087744123514,1.0000090276516047,-2.479596270118767e-07,1.0000087744123514,1.0000058218748806,1.0000090276516043,1.0000087744123514,1.0000087744123514,1.0000090276516054,1.0000087744123518,-2.411425759370619e-07,1.0000088638339248,1.0000090276516045,-3.6336964887879684e-07,1.0000088428861504,1.0000087744123514,1.0000087744123518,1.0000088638339246,1.0000087744123514
1.000006075289451,-2.175825316961124e-10,1.000009281184584,1.000009116594916,1.0000090276516047,1.000009027651606,1.000009027651606,1.0000091165949163,1.0000091165949156,1.000009281184581,1.0000092811845824,1.0000091165949176,1.0000091165949176,1.0000092811845804,-1.1897574611376086e-10,1.0000091165949163,1.0000092811845822,1.0000090276516054,1.0000090276516054,1.0000090276516054,1.0000090276516054,1.0000090276516047,1.0000090276516047,1.0000091165949168,1.0000090276516047,1.000009281184583,1.0000090276516047,1.000009116594917,-2.1758253033022832e-10,1.0000099075109834,1.0000090276516043,1.0000092811845815,-1.2697640656279957e-10,1.0000090276516043,1.0000090276516043,1.0000063286471146,1.0000090276516043,1.0000090276516047,1.0000092811845815,1.0000090276516054,-1.1897574576786947e-10,1.0000091165949172,1.0000092811845822,-1.841952611368988e-10,1.0000090954417364,1.0000090276516047,1.0000090276516052,1.0000091165949156,1.0000090276516047
1.0000058220504926,-4.3231940920234074e-07,1.0000090276516063,1.0000088638339244,1.0000087744123514,1.0000087744123518,1.0000087744123518,1.000008863833924,1.0000088638339235,1.0000090276516052,1.0000090276516047,1.0000088638339244,1.0000088638339248,1.0000090276516047,-2.411425766239687e-07,1.0000088638339248,1.0000090276516045,1.0000087744123523,1.0000087744123523,1.0000087744123523,1.0000087744123523,1.0000087744123514,1.0000087744123514,1.0000088638339248,1.0000087744123514,1.0000090276516047,1.0000087744123514,1.0000088638339248,-4.32319405237799e-07,1.0000096529628963,1.0000087744123514,1.0000090276516047,-2.4795962701187675e-07,1.0000087744123514,1.0000087744123514,1.0000090276516043,1.0000058218748806,1.0000087744123514,1.0000090276516054,1.0000087744123518,-2.4114257593706183e-07,1.0000088638339248,1.0000090276516045,-3.6336964887879695e-07,1.0000088428861504,1.0000087744123514,1.0000087744123518,1.0000088638339246,1.0000087744123514
1.0000058220504926,-4.3231940920234063e-07,1.0000090276516063,1.0000088638339237,1.0000087744123514,1.0000087744123518,1.0000087744123518,1.000008863833924,1.0000088638339235,1.000009027651605,1.0000090276516047,1.0000088638339244,1.0000088638339248,1.0000090276516047,-2.411425766239687e-07,1.0000088638339246,1.0000090276516045,1.0000087744123523,1.0000087744123523,1.0000087744123523,1.0000087744123523,1.0000087744123514,1.0000087744123514,1.0000088638339248,1.0000087744123514,1.0000090276516045,1.0000087744123514,1.0000088638339248,-4.32319405237799e-07,1.0000096529628963,1.0000087744123514,1.0000090276516047,-2.4795962701187675e-07,1.0000087744123514,1.0000087744123514,1.0000090276516047,1.0000087744123514,1.000005821874874,1.0000090276516054,1.0000087744123518,-2.411425759370617e-07,1.0000088638339246,1.0000090276516045,-3.6336964887879695e-07,1.0000088428861504,1.0000087744123514,1.0000087744123518,1.0000088638339246,1.0000087744123514
1.0000060752894562,-2.1758253217049056e-10,1.0000092811845833,1.0000091165949168,1.0000090276516054,1.000009027651607,1.000009027651607,1.000009116594916,1.0000091165949156,1.0000092811845815,1.0000092811845815,1.0000091165949163,1.0000091165949168,1.0000092811845815,-1.189757461131924e-10,1.0000091165949168,1.000009281184581,1.000009027651606,1.000009027651606,1.000009027651606,1.000009027651606,1.0000090276516054,1.0000090276516054,1.000009116594916,1.0000090276516054,1.0000092811845824,1.0000090276516054,1.000009116594917,-2.1758253033022832e-10,1.0000099075109847,1.0000090276516054,1.0000092811845809,-1.2697640634366813e-10,1.0000090276516054,1.0000090276516054,1.0000092811845815,1.0000090276516054,1.0000090276516054,1.0000063286471146,1.0000090276516047,-1.1897574576780091e-10,1.000009116594916,1.000009281184581,-1.8419526109851777e-10,1.0000090954417375,1.0000090276516054,1.0000090276516052,1.0000091165949168,1.0000090276516054
1.0000058220504888,-4.323194092023411e-07,1.0000090276516065,1.000008863833924,1.0000087744123518,1.0000087744123523,1.0000087744123523,1.0000088638339242,1.0000088638339244,1.000009027651606,1.0000090276516054,1.0000088638339253,1.0000088638339248,1.000009027651606,-2.4114257662396875e-07,1.0000088638339244,1.0000090276516047,1.0000087744123527,1.0000087744123527,1.0000087744123527,1.0000087744123527,1.0000087744123518,1.0000087744123518,1.0000088638339248,1.0000087744123518,1.0000090276516052,1.0000087744123518,1.0000088638339244,-4.32319405237799e-07,1.000009652962897,1.0000087744123518,1.0000090276516054,-2.4795962701187734e-07,1.0000087744123518,1.0000087744123518,1.0000090276516054,1.0000087744123518,1.0000087744123518,1.0000090276516047,1.000005821874877,-2.411425759370624e-07,1.0000088638339248,1.0000090276516047,-3.633696488787972e-07,1.0000088428861504,1.0000087744123518,1.0000087744123523,1.000008863833924,1.0000087744123518
