0.9999999970186968,-4.5220779014754734e-07,-4.6896345208420314e-07,-4.5501769014954377e-07,-4.749154149697562e-07,1.000004536137406,1.0000044172962177,-4.572693833681954e-07,-4.5726938376431473e-07,-4.7062527399208123e-07,-4.619158738933246e-07,1.0000050514436964,-4.651247697746273e-07,-4.551900114980155e-07,-4.519239539630932e-07,1.0000043992093626,-4.5336202278277275e-07,-4.5723163726472006e-07,-4.515347164243243e-07,-4.6101510394532366e-07,-4.5127472482420517e-07,-4.7045014877096477e-07,-4.5487299433613524e-07,-4.579782112927834e-07,0.9999996154275943,-4.567225460235927e-07,-4.7108177612235125e-07,-4.7236355695505173e-07,-4.581322976339311e-07,1.0000045361374006,-4.540548477311327e-07,1.0000002467537665,-4.5433525444177196e-07,0.999998976029267,0.9999939566198837,1.000005049306323,1.000004536137399,0.9999982967337466,-4.6159684395758296e-07,1.0000050202514337,-4.537306439396013e-07,-4.5150158779314617e-07,1.000004581479948,-4.531362709430457e-07,0.999999439945841,-4.5775524935449696e-07,-4.57367026317684e-07,0.9999936767074272,0.9999987499448935,-4.5726938350455397e-07,-4.531362709686439e-07,-4.5313627007257004e-07,-4.706162891408265e-07,-4.515015863774301e-07,-4.7247458674198536e-07,-4.5201960168260286e-07,-4.5313627073816234e-07,-4.706881741081308e-07,-4.5267129113748114e-07,-4.5173294727762445e-07,0.9999971136682249,0.9999944618567261,-4.573918093895944e-07,-4.5313627086485417e-07,-4.527672351644582e-07,-4.7224253118217145e-07,-4.595967032220589e-07,0.9999998529002732,-4.5552331455662764e-07,1.000004399209364,-4.7248122460143405e-07,1.0000045361373988,-4.572693839773126e-07,1.0000048336883094,1.0000045361374055,-4.536868389508167e-07,-4.5219701183247155e-07,-4.5726938356884457e-07,-4.58731261950654e-07,-4.5121857567430986e-07,-4.5615848662122253e-07,0.9999997897293099,0.999997048075762,-4.7253975719045963e-07,-4.520814912750712e-07,1.0000045361374004,-4.7504604269524644e-07,-4.578805198511064e-07,-4.5723163684001007e-07,1.0000001158687788,-4.706207357200868e-07,-4.5256130957064573e-07,0.9999998548284996,-4.569400506026476e-07,-4.814241589564328e-07,-4.610921033308459e-07,1.0000045361374001,-4.5315470744533295e-07,-4.540013397037972e-07,-4.573039148544239e-07,-4.5831453619572234e-07,0.9999998984387154,-4.587312616324442e-07,-4.51888414866983e-07,-4.6100481509479925e-07,-4.5329576519063107e-07,-4.5794592455448003e-07,0.9999960491653581,-4.5238373677129055e-07,1.0000045361374035,-4.5315913571690084e-07,1.000004536137404,-4.6296562400696635e-07,1.0000045361374024,-4.7279410577262407e-07,-4.52091837244922e-07,-4.595310178167202e-07,-4.5983493787710767e-07,-4.5364559543445945e-07,0.999994005880521,1.0000045361374013,-4.7062073616615476e-07,-4.529060744666915e-07,0.9999927485363606,-4.53012564443249e-07,-4.5852940903297885e-07,1.0000045361373997,0.9999982967337476,1.000004399209359,1.0000045361374021,-4.706134678159045e-07,-4.511444593568839e-07,0.9999957687438458,-4.572693835853774e-07,-4.6337110071129207e-07,-4.531586348926082e-07,-4.5732785750595357e-07,1.0000006552128702,-4.5344396136450653e-07,-4.528504387077123e-07,-4.5352254830662506e-07,1.000000472538113,-4.5188786129122954e-07
-4.5220779014754734e-07,-1.5195340135488937e-06,3.4740172329285895e-19,2.781967667167453e-19,3.59141243872823e-19,-9.705020137785828e-12,-9.705018990326284e-12,2.3843143136150986e-19,1.979960629271544e-19,3.1596864797224566e-19,2.7753047929493196e-19,-9.70502508140234e-12,2.8660425500152925e-19,1.7983313092975392e-19,2.455836624513364e-19,-9.705018837615534e-12,2.7066418921943447e-19,2.135348438678671e-19,2.3827194767981967e-19,2.3523567995621644e-19,1.4648560454741811e-19,3.7161450654669956e-19,2.3251652977284766e-16,2.2203913014383997e-19,-9.704972792799633e-12,2.000752696840206e-19,3.3456904389867923e-19,3.121672337227745e-19,2.60432353081424e-19,-9.7050201543967e-12,1.991315712019501e-19,-9.704978875290777e-12,1.6040428189232155e-19,-9.704966642600198e-12,-9.70491830081491e-12,-9.705025082863069e-12,-9.705020141826902e-12,-9.70496009496302e-12,4.911952755721033e-16,-9.70502481835956e-12,2.2026636645631436e-16,2.7330450958362745e-19,-9.705020554445234e-12,1.3849664674413547e-19,-9.704971105606895e-12,4.156447344910619e-16,2.43446291492371e-19,-9.70491559164146e-12,-9.704964463633658e-12,2.3843143136150846e-19,9.733538274900096e-20,1.1305511713283868e-19,3.178789850664703e-19,2.0893385312478934e-19,2.971268062065971e-19,1.828686145759944e-19,1.1750075970534264e-19,3.152657700321976e-19,2.7019424498320425e-16,9.848625522956037e-20,-9.704948695646015e-12,-9.704923156965503e-12,2.0338825680118362e-19,1.310123605637046e-19,2.236197236135353e-19,2.9714189976605274e-19,2.4232750496799596e-19,-9.704975070957804e-12,3.3815015959096315e-16,-9.705018821533923e-12,3.1577343362367305e-19,-9.705020126466032e-12,2.1185734512925201e-19,-9.705022994312001e-12,-9.705020144986782e-12,1.600609562052104e-19,1.764635675739983e-16,2.273247283781271e-19,2.346981678091622e-19,2.317646511526017e-19,3.547028676149476e-16,-9.70497446825797e-12,-1.937670945767215e-08,3.0581435014868213e-19,2.7774960543035184e-19,-9.705020126466032e-12,3.537943537998185e-19,2.369615699361547e-19,2.169310574611812e-19,-9.704977608081305e-12,3.159561472219645e-19,2.7278275979079948e-16,-9.704975108748465e-12,4.0046727545084143e-16,3.944316565201152e-19,2.300698397888696e-19,-9.705020142468513e-12,2.773473340893085e-16,1.6257378529490584e-19,2.2120154454641335e-19,2.2500938526393525e-19,-9.704975509803267e-12,2.4125823734259594e-19,1.5433372211199188e-19,2.5984109098197305e-19,2.303053283368816e-19,2.1681839559235071e-19,-9.704938466292407e-12,1.6095754413934812e-19,-9.705020144986782e-12,3.674126114956881e-16,-9.705020156096147e-12,2.322491000684706e-19,-9.705020128700051e-12,3.771232652895558e-19,1.8947979257211033e-19,2.202701189424778e-19,2.1887743530173796e-19,2.055150514112492e-19,-9.704918780086433e-12,-9.705020156096147e-12,2.767897982367979e-19,2.0621012511302974e-16,-9.70490667975407e-12,1.691045593951504e-19,2.7424068685898072e-19,-9.705020126466032e-12,-9.704960093874747e-12,-9.705018806306942e-12,-9.705020139944413e-12,3.046513188032679e-19,2.1076028014501932e-19,-9.704935754393168e-12,2.3109339057432622e-19,5.86618227354989e-16,2.267734101308304e-19,2.1181791283177779e-19,-9.70498284166853e-12,2.0900696881974422e-16,2.0513038246832198e-16,1.5256481569079652e-19,-9.704981042159346e-12,3.1502710287978066e-16
-4.6896345208420314e-07,3.4740172329285895e-19,-1.5195340129501363e-06,3.353137172328981e-19,1.2745938444495032e-15,-1.8097259453681898e-11,-1.8097257350015703e-11,6.149572805835206e-16,6.149572681769989e-16,6.566763338105781e-19,7.688591117760639e-16,-1.8097268699378746e-11,8.771052615328629e-16,7.52615831460162e-16,3.233767744152178e-19,-1.8097257004972933e-11,3.1103373517757135e-19,6.162302172589878e-16,3.01492401647951e-19,7.393476804864845e-16,2.9233465411013844e-19,1.234496773856501e-15,3.66744814424986e-19,6.371790065153695e-16,-1.8097171149815818e-11,7.380226376729949e-16,1.1732762238602602e-15,6.713774548229536e-19,6.383103233955728e-16,-1.8097259470799964e-11,3.344383760033042e-19,-3.613248039377623e-08,3.7031927061934274e-19,-3.6132434860273814e-08,-3.6132255084660256e-08,-1.8097268686080567e-11,-1.8097259464356825e-11,-1.809714749285266e-11,7.669805853577121e-16,-3.613265152490827e-08,3.446775997937008e-19,2.7818001625647896e-19,-1.8097260272012615e-11,3.53255506385043e-19,-3.6132451500345694e-08,4.353903868226014e-19,6.171738511352953e-16,-3.613224506217693e-08,-3.6132426753146306e-08,6.149572908877815e-16,3.5093606576703856e-19,3.536138580802988e-19,6.072136619915877e-19,2.7887682070843015e-19,1.2783491043170675e-15,2.754355020443932e-19,3.486572356917992e-19,1.2279985058929029e-15,3.372510730636789e-19,3.1055877406566005e-19,-3.6132368263482066e-08,-3.613227321713967e-08,6.142294605435132e-16,3.5517595366672024e-19,3.010788445031841e-19,6.267799111904813e-19,6.880271715561234e-16,-3.613246627515457e-08,3.7177187517548277e-19,-1.8097257011448833e-11,1.273440359385992e-15,-1.809725945782941e-11,6.149572581195276e-16,-1.80972647949647e-11,-1.8097259468926823e-11,3.6207963666289625e-19,3.1887056672527543e-19,6.149572669193469e-16,6.629021695863816e-16,2.704951999500284e-19,7.885516001079503e-16,-3.613246401810184e-08,-3.6132365904211175e-08,1.2751591363786918e-15,6.108741846028628e-16,-1.809725947215952e-11,1.273693094126808e-15,6.221263685820701e-16,6.162302346677787e-16,-3.613247571005986e-08,5.94860400093105e-19,3.5654585648842435e-19,-3.613246635422807e-08,3.554866900909491e-19,7.662552611754341e-19,8.708673266654667e-16,-1.809725947215952e-11,3.352876274808077e-19,3.192105428789223e-19,6.025151092249383e-16,6.399022747447772e-16,-3.613246793347163e-08,6.629021434165819e-16,3.05535926316289e-19,7.369421954987799e-16,2.710472662844125e-19,6.373210236720345e-16,-3.613233011735394e-08,3.275209089222785e-19,-1.809725946556727e-11,6.211897136572258e-16,-1.8097259464356825e-11,4.139041107622117e-19,-1.8097259466728662e-11,1.2201237881141325e-15,3.475455229168763e-19,6.881427917488169e-16,3.542433282670517e-19,3.557517647298333e-19,-3.6132256857213097e-08,-1.8097259474794484e-11,6.146462464176379e-19,3.5461254086148066e-19,-3.613221180132237e-08,3.039490147904266e-19,3.3614470339411154e-19,-1.809725946556727e-11,-1.809714749379143e-11,-1.809725700793858e-11,-1.8097259465717023e-11,5.993554836370029e-19,2.8416291518514793e-19,-3.613232006198656e-08,6.149572617221073e-16,9.323901151410423e-16,7.019324482226994e-16,6.162972599144156e-16,-3.613249506536155e-08,3.269195714533769e-19,6.669858896766544e-16,3.4476837541538305e-19,-3.6132488502151835e-08,6.177176679821732e-16
-4.5501769014954377e-07,2.781967667167453e-19,3.353137172328981e-19,-1.5195340139117093e-06,3.92849257729266e-19,-1.1112385812023602e-11,-1.1112384511741006e-11,1.9118642356191494e-19,1.9196609481501765e-19,3.3055139109509e-19,2.743847877908271e-19,-1.1112391500723744e-11,3.3950934908608672e-19,2.8719644998226537e-19,1.24650564144732e-19,-1.11123842867811e-11,3.4743324154361016e-19,1.631203811911316e-19,2.7217640851790523e-19,2.836877182211596e-19,1.1403119196858784e-19,3.774331624040262e-19,1.4285850523368325e-19,2.2353173787863282e-19,-2.218666379528825e-08,2.3854955806599884e-19,6.92325276659771e-16,4.1402886949677867e-19,1.8992651468215804e-19,-1.1112385803947094e-11,3.302626539960381e-16,-1.1112338457829084e-11,1.8806082830472048e-19,-1.1112324477160455e-11,-1.1112269134867134e-11,-1.1112391441297451e-11,-1.1112385790722716e-11,-1.111231701604434e-11,2.5628286631042077e-19,-1.1112391135729976e-11,4.0431898642707825e-19,2.7662424016615504e-19,-1.1112386302716234e-11,2.7776268823825935e-19,-1.1112329599864444e-11,5.525598621242791e-16,2.0950087515504933e-19,-1.1112266055575167e-11,-1.1112322001384244e-11,1.8797676787384995e-19,2.27030796562288e-19,2.8023106761083886e-19,7.081533465521422e-16,2.386360395363258e-19,3.4763761384346113e-19,2.1965607098876698e-16,2.2798654004583163e-19,3.709979493732619e-19,3.7101652649632906e-16,2.424432716019295e-16,-1.1112304002214608e-11,-1.1112274732426456e-11,2.007581598468899e-19,2.241576032539041e-19,2.0945520859384639e-19,7.715600391774097e-16,3.9904190509044327e-16,-1.1112334181306554e-11,5.322181987062245e-16,-1.1112384301169261e-11,3.860112724778385e-19,-1.1112385803970008e-11,1.9243966022895906e-19,-1.1112389106048576e-11,-1.1112385809332383e-11,1.5189807200071602e-19,7.823711363167816e-20,1.948754523467164e-19,2.404017447994562e-19,9.512826693333975e-20,4.67979336658492e-16,-1.1112333477361413e-11,-2.218660729979598e-08,3.5618937982629504e-19,2.0502147708882366e-19,-1.1112385785469613e-11,7.966686729501076e-16,3.9873954305432997e-16,1.4580479543394393e-19,-1.1112337036796507e-11,4.057797225403734e-19,3.898093638349386e-16,-1.1112334182160313e-11,5.634765034579415e-16,4.525841539325847e-19,4.2804392337650723e-16,-1.1112385796376474e-11,3.8847856043608933e-16,2.438531577868328e-16,1.96708293943783e-19,4.214036894248862e-16,-2.218666995634596e-08,2.0215860096913307e-19,1.634475559566507e-19,2.0584962601071524e-19,4.041907713134235e-19,2.0741215984649904e-19,-2.218658529153516e-08,2.055170540313704e-19,-1.1112385789538178e-11,2.5755480562648515e-19,-1.1112385795530467e-11,4.1928648290781357e-16,-1.1112385803970008e-11,3.401829436734466e-19,2.1771851037344644e-19,2.1747238161801693e-19,2.332196523187725e-19,2.6436708884861903e-19,-1.1112269698550705e-11,-1.111238580670651e-11,3.7392182431171264e-19,4.674004666650468e-16,-1.1112255805354779e-11,3.7557677910053786e-16,4.743506041052873e-16,-1.1112385810124014e-11,-1.1112317013686279e-11,-1.111238431196e-11,-1.1112385811621471e-11,4.0010983991309876e-19,2.0050685077958463e-19,-2.2186579121470315e-08,1.8498962230327239e-19,3.7383495791308726e-19,1.7836699888858996e-19,1.923520846932785e-19,-1.1112343032850083e-11,2.2900947315269236e-19,2.4430372557698287e-19,2.269944028259108e-19,-1.1112340980138728e-11,2.581057644054655e-19
-4.749154149697562e-07,3.59141243872823e-19,1.2745938444495032e-15,3.92849257729266e-19,-1.5195340125692997e-06,-2.1078358468203244e-11,-4.208463310086299e-08,8.403462873005815e-16,8.403462721168997e-16,1.3774814245928935e-15,1.0151847575325437e-15,-2.1078369200968524e-11,1.1352167851944348e-15,4.2327599864751214e-19,3.527666936660474e-19,-2.1078355605379295e-11,3.689743233919608e-19,8.401172470743696e-16,3.36322140352499e-19,9.821710204139439e-16,3.3553455398253283e-19,1.3769292761392986e-15,4.1720049353765327e-19,8.662211324651878e-16,-4.208443274900043e-08,4.37773983044494e-19,1.3700769301631072e-15,1.4399899889658248e-15,8.72419898420808e-16,-2.1078358438213995e-11,3.835067930810928e-19,-4.2084459072240554e-08,3.9268798282749695e-19,-4.208440605627786e-08,-4.2084196667630235e-08,-4.20846594678471e-08,-2.107835846803892e-11,-4.2084377730916634e-08,1.0101758432632643e-15,-2.1078368589090785e-11,4.003716684520819e-19,3.40997384662356e-19,-2.1078359394107288e-11,3.759665199431108e-19,-4.208442541956452e-08,4.704898397829292e-19,8.439996537107484e-16,-4.208418499064989e-08,-4.208439662411055e-08,8.403462995211282e-16,3.755281900229764e-19,3.763932583903197e-19,1.3815059617651121e-15,3.445447319632015e-19,1.4454774021793508e-15,3.5159565983854446e-19,3.7559081793833303e-19,1.3826594499301018e-15,3.672081416078703e-19,3.51154751596527e-19,-4.208432840045765e-08,-4.20842177565434e-08,8.438806586082872e-16,3.7581315022149625e-19,3.514532132600282e-19,1.4441579642581745e-15,9.247441794860794e-16,-4.2084442641196473e-08,4.1950303003687235e-19,-2.1078355588994375e-11,1.445372492362536e-15,-2.107835846736444e-11,8.403462599284955e-16,-2.1078364667233414e-11,-2.107835846803892e-11,3.866558649987935e-19,3.5268584788888044e-19,8.403462709294763e-16,8.941562811862338e-16,3.4375812882752555e-19,4.335947551927447e-19,-4.208444000615594e-08,-4.208432566323597e-08,1.4446280217952945e-15,3.4483229280531733e-19,-2.1078358467285978e-11,1.5114326296148948e-15,8.583209954558159e-16,8.401172673551549e-16,-4.208445361479026e-08,1.3773491915867564e-15,3.7209156172122977e-19,-4.2084442724033834e-08,4.346233137438502e-19,1.7700659214977541e-15,5.005999850107437e-19,-2.1078358468228244e-11,3.897266923526279e-19,3.735061552702787e-19,8.382690370750573e-16,8.772247563063084e-16,-4.208444454824267e-08,8.94156250307149e-16,3.5710151943549406e-19,9.810388646202714e-16,3.630627145027674e-19,8.660404270253418e-16,-4.208428398735822e-08,3.669189028348643e-19,-2.107835846511546e-11,3.5953451680658284e-19,-2.1078358468228244e-11,5.420156597360678e-19,-2.107835846511546e-11,1.4305815522599261e-15,3.5140919479876605e-19,9.233750610968826e-16,4.921655291100609e-19,4.023259706407479e-19,-4.2084198725775177e-08,-2.1078358472289203e-11,1.3773492389556818e-15,3.838048909660366e-19,-4.208414627147261e-08,3.63872448889246e-19,4.559345318913939e-19,-2.1078358472289203e-11,-4.2084377730916654e-08,-2.107835561411207e-11,-2.107835846107802e-11,1.3767532026359568e-15,3.315345433804636e-19,-4.2084272284211624e-08,8.403462648091357e-16,5.430077880451549e-19,3.7352362882113076e-19,8.426203347708103e-16,-4.208447612974491e-08,4.049033970196036e-19,3.810801822989492e-19,3.838491926602739e-19,-4.2084468500526504e-08,3.535988203414529e-19
1.000004536137406,-9.705020137785828e-12,-1.8097259453681898e-11,-1.1112385812023602e-11,-2.1078358468203244e-11,1.0000102431156699,1.000011643807659,-1.224016953327324e-11,-1.2240169556426254e-11,-1.8929599213709812e-11,-1.4567409377902793e-11,1.0000122779594594,-1.6174617244190894e-11,-1.1198695451848486e-11,-9.562857620437163e-12,1.000011625720682,-1.0283128981118732e-11,-1.2221262978829861e-11,-9.367904812392448e-12,-1.4116250692700785e-11,-9.237685197415597e-12,-1.8841886339863785e-11,-1.1039913821335106e-11,-1.2595192439945352e-11,1.0000068419063215,-1.1966280512188702e-11,-1.9158243177359377e-11,-1.9800235677267855e-11,-1.2672367980504486e-11,1.0000117626496539,-1.063013749022266e-11,1.0000074732367952,-1.0770580572376056e-11,1.0000062025036403,1.000001183060059,1.0000122758220702,1.0000117626496516,1.000005523203491,-1.4407620104038163e-11,1.0000122467669812,-1.0467756826925237e-11,-9.351311506048327e-12,1.0000118079925098,-1.0170058828466466e-11,1.0000066664233762,-1.248351998849936e-11,-1.2289073999561096e-11,1.0000009031456978,1.0000059764177258,-1.224016961194519e-11,-1.017005894897279e-11,-1.0170058801634883e-11,-1.892509946652246e-11,-9.351311027025559e-12,-1.9855845879806246e-11,-9.610763937614902e-12,-1.0170058704356898e-11,-1.8961103184004856e-11,-9.937169136842847e-12,-9.467190381429232e-12,1.0000043401299088,1.0000016883003435,-1.2301487292780692e-11,-1.0170058741274232e-11,-9.985223533800183e-12,-1.9739619053673166e-11,-1.340582998349991e-11,1.0000070793806208,-1.1365633616315199e-11,1.0000116257206833,-1.9859170470714632e-11,1.0000117626496507,-1.2240169521784438e-11,1.0000120602025868,1.0000117626496583,-1.0445816205582017e-11,-9.699620875417537e-12,-1.2240169463139556e-11,-1.2972365377633452e-11,-9.209562024743412e-12,-1.1683765490058817e-11,1.0000070162092267,1.0000042745369988,-1.9888487237535073e-11,-9.641762294270447e-12,1.0000117626496523,-2.1143785208590366e-11,-1.2546262344250208e-11,-1.2221263158891395e-11,1.0000073423509181,-1.8927325938286982e-11,-9.882083756146999e-12,1.0000070813088588,-1.2075219498348599e-11,-2.4338327753424792e-11,-1.4154816092708963e-11,1.0000117626496519,-1.0179293044367512e-11,-1.0603336368232556e-11,-1.2257463837267128e-11,-1.2763644281630033e-11,1.0000071249193754,-1.2972365136026183e-11,-9.545057714033635e-12,-1.4111096658535249e-11,-1.0249943465055094e-11,-1.2579020951438162e-11,1.000003275619791,-9.793144537255507e-12,1.000011762649655,-1.0181510995676575e-11,1.000011762649656,-1.5093187895413295e-11,1.0000117626496545,-2.0015881054024338e-11,-9.6469434795844e-12,-1.3372930520253055e-11,-1.352515193261971e-11,-1.0425159098152673e-11,1.0000012323210319,1.0000117626496539,-1.8927326313308186e-11,-1.0054762659278646e-11,0.9999999749683062,-1.0108099494421046e-11,-1.2871265434259986e-11,1.0000117626496523,1.0000055232034926,1.0000116257206788,1.0000117626496547,-1.8923685867561866e-11,-9.17244036641886e-12,1.0000029951963667,-1.2240169403168351e-11,-1.5296274675257716e-11,-1.0181259412956349e-11,-1.2269455969201795e-11,1.0000078816986804,-1.0324168371001378e-11,-1.0026896678903717e-11,-1.0363529565633536e-11,1.0000076990226787,-9.54478055733674e-12
1.0000044172962177,-9.705018990326284e-12,-1.8097257350015703e-11,-1.1112384511741006e-11,-4.208463310086299e-08,1.000011643807659,1.0000100054316872,-1.2240168092000042e-11,-1.2240168108782801e-11,-1.892959694524857e-11,-1.4567407629951742e-11,1.0000121591173987,-1.6174615363977686e-11,-1.1198694137244813e-11,-9.562856452702252e-12,1.0000115068786992,-1.0283127765234681e-11,-1.222126154556578e-11,-9.367903710293443e-12,-1.4116249013120207e-11,-9.237684060150478e-12,-1.8841884143913944e-11,-1.1039912516261546e-11,-1.2595190930066188e-11,1.000006723064908,-1.1966279134951004e-11,-1.9158240859008694e-11,-3.953275850196444e-08,-1.2672366477055788e-11,1.000011643807655,-1.0630136257507098e-11,1.0000073543953072,-1.0770579298100692e-11,1.0000060836623021,1.0000010642193162,1.0000121569800098,1.0000116438076532,1.0000054043622348,-1.440761840322986e-11,1.000012127924927,-1.0467755565141378e-11,-9.351310392369597e-12,1.0000116891505058,-1.0170057663925739e-11,1.0000065475819815,-1.2483518491625947e-11,-1.2289072520232556e-11,1.0000007843049892,1.000005857576415,-1.2240168181563181e-11,-1.0170057753636283e-11,-1.0170057580111736e-11,-1.8925097227307255e-11,-9.351309934447606e-12,-1.9855843575572644e-11,-9.61076278758847e-12,-1.017005752722055e-11,-1.8961100953983698e-11,-9.937168001289143e-12,-9.467189201255481e-12,1.0000042212887923,1.0000015694595417,-1.2301485832093823e-11,-1.0170057537608897e-11,-9.985222357982022e-12,-1.9739616734926182e-11,-1.34058283973289e-11,1.0000069605391786,-1.1365632279854212e-11,1.0000115068787006,-1.9859168145814343e-11,1.000011643807654,-1.224016808661736e-11,1.0000119413605537,1.0000116438076594,-1.0445814976277632e-11,-9.699619769233792e-12,-1.2240168027928317e-11,-1.2972363839823426e-11,-9.209560877294068e-12,-1.1683764105579804e-11,1.0000068973677914,1.000004155695891,-1.988848488104742e-11,-9.64176113961949e-12,1.0000116438076538,-2.1143782737006132e-11,-1.2546260866551525e-11,-1.2221261752087867e-11,1.0000072235094464,-1.8927323698898854e-11,-9.88208259357439e-12,1.0000069624674182,-1.2075218086978519e-11,-4.859342341070392e-08,-1.415481439549227e-11,1.0000116438076536,-2.032377494635351e-08,-1.0603335108804138e-11,-1.2257462376832508e-11,-1.2763642782194605e-11,1.0000070060779256,-1.2972363596205402e-11,-9.545056598475175e-12,-1.411109498201993e-11,-1.0249942269489208e-11,-1.2579019453853482e-11,1.0000031567788015,-9.793143354410893e-12,1.0000116438076583,-1.0181509828478192e-11,1.0000116438076574,-1.5093186110057182e-11,1.0000116438076563,-2.0015878718785877e-11,-9.646942308670138e-12,-1.3372928973544028e-11,-1.3525150373727257e-11,-1.042515784064977e-11,1.000001113480286,1.0000116438076563,-1.8927324062092716e-11,-1.0054761538008339e-11,0.9999998561277086,-1.0108098291252354e-11,-1.2871263916058725e-11,1.0000116438076536,1.0000054043622362,1.0000115068786959,1.0000116438076574,-1.8923683626044193e-11,-9.172439297883744e-12,1.0000028763554094,-1.2240167980667598e-11,-1.529627286184701e-11,-1.018125822852829e-11,-1.226945453898516e-11,1.0000077628571429,-1.0324167103407943e-11,-1.0026895496886157e-11,-1.0363528333090254e-11,1.000007580181163,-9.544779447181057e-12
-4.572693833681954e-07,2.3843143136150986e-19,6.149572805835206e-16,1.9118642356191494e-19,8.403462873005815e-16,-1.224016953327324e-11,-1.2240168092000042e-11,-1.5195340122901807e-06,2.9110367869821874e-16,4.374110768623641e-19,4.0586765495146144e-16,-1.2240175764732884e-11,4.971424855091069e-16,2.8678305325825445e-19,2.3610282673218107e-19,-1.2240167861665592e-11,2.0219592862442085e-19,2.9553538434356656e-16,2.0249929981635562e-19,3.873807278629406e-16,2.056898230457158e-19,4.464029839205468e-19,2.6916706552654713e-19,3.0536185842473604e-16,-1.2240109731099942e-11,2.904805423478615e-19,7.842864442642783e-16,4.528369398925734e-19,3.0780652398731293e-16,-1.2240169525242375e-11,2.0699939505341848e-19,-1.2240117384813377e-11,2.3878411828251157e-19,-1.2240101940751124e-11,-2.4438226509694677e-08,-1.2240175763683229e-11,-1.2240169526696117e-11,-1.224009372443507e-11,4.266340287932109e-16,-1.2240175416089423e-11,2.491244724566535e-19,2.3251266810372123e-19,-1.2240170081099323e-11,2.512682207546263e-19,-1.2240107575307714e-11,3.0289802264732497e-19,2.9262960268557145e-16,-2.4438219714605018e-08,-1.2240099197728725e-11,2.911036936744428e-16,2.447447548035319e-19,2.8524066179107356e-19,4.1946771549035074e-19,2.1561731812686407e-19,4.139076682360775e-19,2.2145011855817246e-19,2.4113224935088266e-19,4.442774052109838e-19,2.7251811677140644e-19,2.2767872084495046e-19,-2.4438303111974775e-08,-2.4438238793825163e-08,2.807046484745705e-16,2.447447548035319e-19,1.8220820180763873e-19,4.576513426604834e-19,3.6051506027180187e-16,-1.2240112565267176e-11,2.9128485249122014e-19,-1.224016786998756e-11,4.164600755118935e-19,-1.2240169525379498e-11,2.9110367208890167e-16,-1.2240173123859124e-11,-1.224016952799216e-11,2.6335175421725227e-19,2.5160472930185415e-19,2.9110367773483814e-16,3.2002343661631544e-16,2.3428202346768537e-19,2.7986599300198846e-19,-1.2240111820792394e-11,-2.443830153853325e-08,4.391387253604066e-19,2.454614457495757e-19,-1.2240169543130215e-11,8.28746902599386e-16,2.566876047299101e-16,2.955353960965179e-16,-1.2240115776715535e-11,4.229136952545154e-19,2.4216322866032873e-19,-1.224011260087997e-11,3.1095272314260684e-19,5.456460750332032e-19,2.5720095004409334e-19,-1.2240169531982588e-11,2.2367804687569557e-19,2.4853766255843233e-19,2.721412663105571e-16,2.889636147198279e-16,-1.2240113171682246e-11,3.20023419092257e-16,2.548266705618344e-19,3.810444422670556e-16,1.976618379280168e-19,3.1407816359013113e-16,-2.4438277317704644e-08,2.538353019248107e-19,-1.2240169530112226e-11,2.353005623938493e-19,-1.2240169519142826e-11,2.9094112472823672e-19,-1.2240169533587811e-11,8.190540104960553e-16,2.4063589086940106e-19,3.3667114536247843e-16,3.259341334227454e-19,2.4072177242066373e-19,-2.443822770003051e-08,-1.2240169530935866e-11,4.1105633551784713e-19,2.604611493311092e-19,-2.443819721906213e-08,1.9919596477826225e-19,2.929216493066045e-19,-1.2240169521754986e-11,-1.2240093718393655e-11,-1.2240167865705041e-11,-1.2240169533587811e-11,4.2466104447509447e-19,2.671919808777224e-19,-2.4438270502016973e-08,2.91103674251447e-16,3.0694134085923127e-19,2.415045137501471e-19,2.9191214367314755e-16,-1.2240122339591813e-11,2.988192194216548e-19,2.0861435340972316e-19,2.4454418720456324e-19,-1.2240120137789135e-11,2.138857511413576e-19
-4.5726938376431473e-07,1.979960629271544e-19,6.149572681769989e-16,1.9196609481501765e-19,8.403462721168997e-16,-1.2240169556426254e-11,-1.2240168108782801e-11,2.9110367869821874e-16,-1.5195340122901807e-06,4.026893153643019e-19,4.0586764517232485e-16,-1.2240175783995798e-11,4.971424745949744e-16,2.7526608623182386e-19,2.695724394825257e-19,-1.2240167878850465e-11,2.0425282575796653e-19,2.9553537624651384e-16,2.0983745589040797e-19,3.87380718412038e-16,2.9999603918125406e-19,4.442203132365233e-19,2.446064303851528e-19,3.0536185008999947e-16,-1.2240109750030035e-11,2.5345449971854427e-19,7.842864305822079e-16,4.577623757326391e-19,3.078065156566248e-16,-1.2240169542832514e-11,2.0987237091235536e-19,-1.2240117411154514e-11,2.2573720850678705e-19,-1.2240101971000311e-11,-2.443822653888614e-08,-1.2240175782979375e-11,-1.2240169549208326e-11,-1.2240093737883477e-11,4.2663401926626574e-16,-1.2240175437123568e-11,2.618556561500005e-19,2.343218021084306e-19,-1.2240170097814376e-11,2.5399718515785583e-19,-1.2240107603448993e-11,3.024454177938996e-19,2.926295945888847e-16,-2.4438219743796476e-08,-1.2240099199456328e-11,2.911036855806228e-16,2.676159671383298e-19,2.9043404906804244e-19,4.1764850808777853e-19,2.3185970258965657e-19,4.3332893173046366e-19,1.9963294452992255e-19,2.217713755440613e-19,4.0491878757847386e-19,2.5294590617263886e-19,2.267774871724862e-19,-2.4438303141166217e-08,-2.443823882301666e-08,2.807046403791713e-16,2.6413539179597242e-19,1.8220819099177484e-19,4.507222356888439e-19,3.605150514102669e-16,-1.2240112595760872e-11,2.827931625249905e-19,-1.2240167876661102e-11,4.384651871811176e-19,-1.2240169540959265e-11,2.911036639950844e-16,-1.2240173150745678e-11,-1.2240169545088404e-11,2.44157100205009e-19,2.472223616879655e-19,2.911036696410207e-16,3.2002342803446677e-16,1.9082358719655478e-19,2.8004123502378024e-19,-1.224011183553157e-11,-2.4438301567724614e-08,4.424886863251132e-19,2.405168689753234e-19,-1.224016955136639e-11,8.287468874292454e-16,2.566875966267203e-16,2.9553538799947143e-16,-1.2240115793515798e-11,3.957223578605274e-19,2.420746050052023e-19,-1.2240112624984202e-11,3.129242226065138e-19,5.269093432218288e-19,2.3909845198724687e-19,-1.224016954188043e-11,2.353225276704792e-19,1.913280645303414e-19,2.721412582187297e-16,2.889636063792203e-16,-1.2240113185312126e-11,3.200234105104065e-16,2.7946110543496403e-19,3.8104443281520887e-16,2.1674660819967414e-19,3.1407815526000945e-16,-2.4438277346896106e-08,2.3829994010545296e-19,-1.2240169550149276e-11,2.5036958495535006e-19,-1.2240169552490052e-11,2.9089974441201403e-19,-1.2240169551827446e-11,8.190539960948857e-16,2.48943441919011e-19,3.366711365088305e-16,3.2195457111275345e-19,2.55248715215186e-19,-2.4438227729221897e-08,-1.2240169550149276e-11,3.956623868261382e-19,2.911014509129942e-19,-2.4438197248253608e-08,2.6780961981559776e-19,2.5650197172995625e-19,-1.2240169548301461e-11,-1.2240093728418081e-11,-1.2240167883608558e-11,-1.224016955040394e-11,4.2897708148152355e-19,1.774278547838847e-19,-2.4438270531208372e-08,2.911036661576278e-16,3.085492569960272e-19,2.41965132099619e-19,2.919121355778288e-16,-1.2240122362167359e-11,2.4394957550694847e-19,2.5733542784656394e-19,2.961647115306766e-19,-1.2240120162553651e-11,2.0859541519117805e-19
-4.7062527399208123e-07,3.1596864797224566e-19,6.566763338105781e-19,3.3055139109509e-19,1.3774814245928935e-15,-1.8929599213709812e-11,-1.892959694524857e-11,4.374110768623641e-19,4.026893153643019e-19,-1.5195340119443486e-06,5.003324870293924e-19,-1.8929608884048736e-11,5.60190041843447e-19,2.618765843796167e-19,3.6205837566627714e-19,-1.8929596619548284e-11,3.5033057902562387e-19,4.1584362913210173e-19,3.0136662872496346e-19,4.809922022255187e-19,3.1002682203649566e-19,1.202162480046185e-15,3.39150985847993e-19,4.412457066512384e-19,-3.779428299287087e-08,3.9675160231560373e-19,1.250350821648965e-15,1.2688999722120628e-15,4.296278524487589e-19,-1.892959919624737e-11,2.7777484656642422e-19,-3.779430666590347e-08,3.5608357664646505e-19,-3.7794259033824634e-08,-3.779407089535135e-08,-1.892960882743819e-11,-1.8929599201305747e-11,-3.779423357967813e-08,4.958176336873515e-19,-1.8929608257492765e-11,3.216881985945577e-19,3.478548354612826e-19,-1.8929600067076604e-11,3.274338204631675e-19,-3.7794276422531854e-08,4.190876602984087e-19,4.437509696784059e-19,-3.77940603936237e-08,-3.779425056082108e-08,4.221512655674064e-19,2.917884759029166e-19,3.0285310239119153e-19,1.2061426517376957e-15,2.8966663692142003e-19,1.275291335791735e-15,3.1295058111696373e-19,2.631970885634534e-19,1.2156249130685302e-15,3.5107674786890665e-19,3.4480165272334335e-19,-1.8929459825916785e-11,-3.77940898248409e-08,4.284458016665659e-19,3.78654316956027e-19,2.862339694133818e-19,1.2603895825602302e-15,4.567061589842506e-19,-3.779429190523552e-08,3.8006081753423207e-19,-1.8929596619548284e-11,1.275150251559339e-15,-1.8929599218858817e-11,3.978444560517622e-19,-1.8929604764382864e-11,-1.8929599206652446e-11,3.3359968137011783e-19,2.3370110020049246e-19,4.3149487836903187e-19,4.3286813017895835e-19,2.8784177064855404e-19,4.085174532127133e-19,-3.779428953031541e-08,-3.779418675599006e-08,1.274595888671055e-15,2.912367720311142e-19,-1.8929599202932256e-11,1.3825102958104209e-15,4.2560108277167303e-19,4.146714514049828e-19,-3.779430176021582e-08,1.2121538514490804e-15,3.242368515328092e-19,-3.7794291971080874e-08,3.8801941838288765e-19,1.5660146374324297e-15,4.2802450430816136e-19,-1.8929599224014547e-11,3.079301693107614e-19,3.09605587145579e-19,4.204777557075584e-19,4.368186672457953e-19,-3.779429359714784e-08,4.38616900669552e-19,2.837416025100217e-19,4.892488718428012e-19,3.644559506760941e-19,4.507752757597263e-19,-3.779414931925999e-08,3.4184271774641637e-19,-1.8929599202932256e-11,3.276722892429304e-19,-1.8929599209296894e-11,5.703633580228146e-19,-1.8929599209296894e-11,1.309802092849279e-15,3.1881676720364e-19,4.411124675649824e-19,4.605556563502399e-19,2.911305434227172e-19,-3.7794072737500983e-08,-1.89295992153732e-11,1.2121538934952311e-15,3.9399339126927413e-19,-3.7794025618320425e-08,3.270654545877459e-19,4.352173461967784e-19,-1.8929599202932256e-11,-3.779423357967818e-08,-1.892959661648724e-11,-1.892959920576494e-11,1.2121877535096373e-15,3.367001459392048e-19,-3.7794138802471654e-08,3.978444560517622e-19,5.313327155775577e-19,3.5066704844515764e-19,8.3659798807465e-16,-3.779432196716861e-08,2.265309585085431e-19,3.458280399098908e-19,3.0880230680626735e-19,-3.779431512173615e-08,3.1888763403341457e-19
-4.619158738933246e-07,2.7753047929493196e-19,7.688591117760639e-16,2.743847877908271e-19,1.0151847575325437e-15,-1.4567409377902793e-11,-1.4567407629951742e-11,4.0586765495146144e-16,4.0586764517232485e-16,5.003324870293924e-19,-1.5195340125876047e-06,-1.456741682192394e-11,6.296753857847814e-16,3.504749868772854e-19,2.7583122274148695e-19,-1.456740738749271e-11,2.55374661329794e-19,4.0939009193568176e-16,2.1229517961632625e-19,5.053061082152899e-16,2.055623424882982e-19,5.455955259197791e-19,3.464424793713965e-19,4.223750371909951e-16,-1.4567338218860635e-11,6.524633083814906e-16,9.481543382034003e-16,5.206641744449506e-19,4.228553629087319e-16,-1.4567409379629635e-11,2.6093103141634966e-19,-2.908488069131658e-08,3.3445178011443215e-19,-2.9084844033079984e-08,-2.9084699332930904e-08,-1.456741680383618e-11,-1.456740938862005e-11,-1.4567319171027228e-11,5.37288703850261e-16,-1.4567416380585734e-11,3.112854298817756e-19,2.9281701071421774e-19,-1.456741003139983e-11,2.5931510778199093e-19,-1.456733569302586e-11,3.482227202690253e-19,4.0898712419664273e-16,-2.90846912549679e-08,-2.90848375051529e-08,4.058676631877996e-16,2.875310309924554e-19,3.0314559408470157e-19,5.243916657168344e-19,2.5048601382856217e-19,5.430292787704419e-19,2.248407901520611e-19,2.804341233024877e-19,4.961751187176082e-19,2.655329396648911e-19,2.3490576007619053e-19,-2.908479046774834e-08,-2.9084713939801015e-08,3.9309536615473076e-16,2.7578419036589524e-19,2.675314835903718e-19,5.118333210850754e-19,4.954272333269167e-16,-2.908486932064011e-08,3.120705912889731e-19,-1.4567407394671255e-11,5.095274595516587e-19,-1.4567409396223273e-11,4.058676372113585e-16,-1.4567413672884423e-11,-1.456740938862005e-11,3.050225283197763e-19,2.791243165299367e-19,4.05867644080632e-16,4.4221278170755716e-16,2.2273801519135374e-19,3.2225457255808733e-19,-2.9084867511686994e-08,-2.908478858926255e-08,5.268955170293517e-19,2.730042289067042e-19,-1.4567409386570395e-11,1.00405735407929e-15,3.814003686899274e-16,4.0939010595119385e-16,-1.4567345458621143e-11,4.990089231648691e-19,2.8196662499231476e-19,-2.9084869391361187e-08,3.2731360488570473e-19,6.7478369800382e-19,6.364037704349469e-16,-1.456740937363288e-11,2.855572978706112e-19,2.93141790851058e-19,3.886879578954473e-16,4.0543379149013318e-16,-1.4567342320279452e-11,4.4221276074968823e-16,3.0963036482348254e-19,4.967825385287396e-16,2.6216774010575893e-19,4.2702946053529725e-16,-2.908475975593618e-08,2.784279091812719e-19,-1.4567409391046654e-11,2.492438095675568e-19,-1.4567409386570395e-11,2.7561466647660872e-19,-1.456740938646106e-11,9.806824811009821e-16,2.684562230817218e-19,4.615290826066482e-16,4.007087499433828e-19,2.976731236072723e-19,-2.9084700747314732e-08,-1.456740937373552e-11,4.894157015752551e-19,2.9661721045173996e-19,-2.908466447454614e-08,2.4561853295970013e-19,3.302133887704546e-19,-1.4567409396223273e-11,-1.4567319178702088e-11,-1.4567407376290154e-11,-1.4567409392733265e-11,4.99521166998597e-19,2.730589345593135e-19,-2.908475166101917e-08,4.058676399170591e-16,3.2962607417503277e-19,2.845844522793612e-19,4.074557302150445e-16,-1.4567353265089652e-11,3.158182411640678e-19,5.329359797819625e-16,2.92461572084478e-19,-1.4567350587884754e-11,3.4311290465035117e-19
1.0000050514436964,-9.70502508140234e-12,-1.8097268699378746e-11,-1.1112391500723744e-11,-2.1078369200968524e-11,1.0000122779594594,1.0000121591173987,-1.2240175764732884e-11,-1.2240175783995798e-11,-1.8929608884048736e-11,-1.456741682192394e-11,1.0000112737355344,-1.6174625527009824e-11,-1.1198701123167013e-11,-9.562862463695615e-12,1.0000121410304115,-1.028313430502536e-11,-1.2221269225084052e-11,-9.36790958135047e-12,-1.4116257901211536e-11,-9.237689931747948e-12,-1.884189596089701e-11,-1.1039919469860815e-11,-1.2595198854185798e-11,1.0000073572135897,-1.196628666564279e-11,-1.9158252989873753e-11,-1.9800245784865085e-11,-1.2672374428163147e-11,1.0000122779594558,-1.0630142974357663e-11,1.0000079885443869,-1.0770586006888202e-11,1.000006717810578,1.0000016983644102,1.000012791132136,1.0000122779594547,1.0000060385100784,-1.4407627481085766e-11,1.0000127620770312,-1.0467762188762034e-11,-9.35131631635217e-12,1.0000123233023355,-1.0170064066324725e-11,1.00000718173055,-1.248352636313201e-11,-1.2289080273049082e-11,1.0000014184499064,1.0000064917245461,-1.2240175857775251e-11,-1.0170064147183694e-11,-1.0170063987770188e-11,-1.892510918155705e-11,-9.351315801852418e-12,-1.9855856105262328e-11,-9.61076882647225e-12,-1.0170063890876374e-11,-1.8961112843942352e-11,-9.93717424388757e-12,-9.467195200553798e-12,1.0000048554358876,1.0000022036049576,-1.230149358213486e-11,-1.0170063982680063e-11,-9.985228652625393e-12,-3.9411757347175586e-08,-1.3405836845765496e-11,1.0000075946880103,-1.1365639431391277e-11,1.0000121410304135,-1.9859180600195837e-11,1.0000122779594547,-1.224017578167215e-11,1.000012575512542,1.0000122779594605,-1.044582155376028e-11,-9.699625842494937e-12,-1.2240175705971466e-11,-1.2972371980143215e-11,-9.209566692362834e-12,-1.16837714673187e-11,1.0000075315165837,1.000004789842944,-1.9888497358398215e-11,-9.641767244830694e-12,1.000012277959455,-4.221528943737698e-08,-1.2546268758588123e-11,-1.2221269431889212e-11,1.0000078576584437,-1.8927335634885104e-11,-9.882088816702248e-12,1.0000075966162503,-1.2075225680333322e-11,-2.4338340202725132e-11,-1.415482334143706e-11,1.000012277959455,-1.0179298253965978e-11,-1.0603341776375097e-11,-1.2257470084292024e-11,-1.276365080114167e-11,1.0000076402267852,-1.2972371748729015e-11,-9.545062572174378e-12,-1.4111103860179572e-11,-1.0249948732891093e-11,-1.2579027363245581e-11,1.0000037909252222,-9.7931495175461e-12,1.0000122779594558,-1.0181516200484108e-11,1.0000122779594571,-1.5093195555574953e-11,1.0000122779594571,-2.0015891314370107e-11,-9.646948365150934e-12,-1.3372937372621734e-11,-1.3525158845909005e-11,-1.0425164376412022e-11,1.0000017476254093,1.0000122779594558,-1.8927335968205872e-11,-1.0054767844110585e-11,1.0000004902720374,-1.0108104663907964e-11,-1.2871272018889673e-11,1.0000122779594547,1.00000603851008,1.0000121410304097,1.0000122779594558,-1.8923695524124152e-11,-9.172445051033375e-12,1.000003510501652,-1.2240175653445158e-11,-1.5296282486278477e-11,-1.0181264636900313e-11,-1.2269462255342994e-11,1.0000083970064835,-1.032417356129158e-11,-1.0026901818727451e-11,-1.036353485434389e-11,1.0000082143303874,-9.544785455576273e-12
