1.0000000008361196,1.0000003725293367,1.0000003725293374,9.206299412023812e-07,9.207659649856547e-07,9.505659191682156e-07,9.284700791910863e-07,9.206716592955351e-07,9.207195429942243e-07,9.205977693378865e-07,9.207659656133565e-07,1.0000003725293374,9.5017098390329e-07,9.20710504408203e-07,9.205977710012493e-07,9.388386341016402e-07,1.0000003721082544,1.0000003725293394,1.0000003709754763,9.204039992980001e-07,1.0000003725293367,9.38225404417996e-07,1.0000003708489493,9.501709836023104e-07,1.0000003725293374,9.293178978270306e-07,9.292499897790133e-07,9.20636448113141e-07,9.205455836388572e-07,9.206881437033822e-07,1.0000003725293378,9.207105043929514e-07,9.206231513688991e-07,9.505063315931728e-07,9.290829457010406e-07,1.0000003725293383,1.0000003684313932,1.0000003725293378,9.291420733733842e-07,1.0000003726753715,9.292007859064109e-07,9.385700873675025e-07,1.0000003689818402,1.000000372529337,9.200365922909172e-07
1.0000003725293367,1.0000008653847292,1.000000217667838,5.584062986597693e-11,5.590908133148906e-11,7.090530578250221e-11,5.978602078775979e-11,5.586162306902252e-11,5.5885719484126366e-11,5.5824438375657875e-11,5.5909082082983926e-11,1.000000217667838,7.0706562259236e-11,5.588117027136737e-11,5.58244389996668e-11,6.500378663743037e-11,1.0000002172467521,1.0000002176678373,1.0000002161139856,5.5726930584282014e-11,1.0000002176678373,6.469519043362696e-11,1.0000002159874604,7.070656206950898e-11,1.0000002176678393,6.021266967970857e-11,6.017849489101086e-11,5.584390489715132e-11,5.579817962914028e-11,5.586991941952515e-11,1.0000002176678378,5.5881170795045546e-11,5.58372129909825e-11,7.087531805076281e-11,6.009443317376234e-11,1.000000217667838,1.0000002135699162,1.0000002176678389,6.012418905326061e-11,1.0000002178138725,6.015373340180028e-11,6.486864583512469e-11,1.0000002141203574,1.000000217667837,5.554203888315825e-11
1.0000003725293374,1.000000217667838,1.0000008653847297,5.58406298549262e-11,5.590908133148906e-11,7.090530577278796e-11,5.978602077307625e-11,5.586162303917189e-11,5.588571946754039e-11,5.5824438303803545e-11,5.5909082131126594e-11,1.0000002176678384,7.070656227977288e-11,5.588117027136737e-11,5.5824438991780246e-11,6.500378668276859e-11,1.000000217246753,1.0000002176678366,1.0000002161139845,5.572693055843274e-11,1.000000217667838,6.469519045118548e-11,1.000000215987461,7.070656217230512e-11,1.0000002176678384,6.021266968589564e-11,6.017849484442133e-11,5.5843904859835955e-11,5.5798179661040165e-11,5.5869919397278255e-11,1.0000002176678382,5.5881170641048336e-11,5.5837213131823914e-11,7.087531804697249e-11,6.009443308568556e-11,1.0000002176678378,1.000000213569916,1.0000002176678375,6.012418893318728e-11,1.0000002178138712,6.01537334708001e-11,6.486864583512469e-11,1.0000002141203574,1.000000217667838,5.554203884416113e-11
9.206299412023812e-07,5.584062986597693e-11,5.58406298549262e-11,6.47717042391684e-07,1.2365018993523778e-14,7.983057303075942e-18,6.669609491233405e-18,6.239435294019644e-18,6.339368906649445e-18,6.200579803944636e-18,1.2365019077211367e-14,5.584062984441121e-11,7.764206523735578e-18,6.605294190709171e-18,6.4294132457763385e-18,7.264018644638085e-18,5.584062990456877e-11,5.584062989788971e-11,5.5840629791465835e-11,1.2327146944751646e-14,5.584062984441121e-11,7.197536069381375e-18,5.5840629776040875e-11,7.727070104027689e-18,5.584062984441121e-11,7.055116965370915e-18,6.8327626073169875e-18,6.2470871286934244e-18,5.845270546393319e-18,6.259493053334614e-18,5.5840629810447317e-11,6.284263345710608e-18,6.504612706931643e-18,7.890041271984463e-18,6.593065689899808e-18,5.5840629810447317e-11,1.1096454513839178e-07,5.584062984441121e-11,6.9193206498364505e-18,5.584062984459817e-11,6.507227993995819e-18,7.324916659462644e-18,5.584062965771133e-11,5.584062984441121e-11,1.228774942763604e-14
9.207659649856547e-07,5.590908133148906e-11,5.590908133148906e-11,1.2365018993523778e-14,6.477170441124697e-07,7.707361053900097e-18,6.61468728250198e-18,6.554600693753967e-18,6.53444871723858e-18,6.270094451651702e-18,1.2379406323856958e-14,5.5909081404701336e-11,8.041830376685773e-18,6.2992883922003965e-18,6.2513265145333e-18,6.978326306241697e-18,5.5909081293849434e-11,5.5909081356550384e-11,5.590908124442895e-11,6.3160716728664635e-18,5.590908139763515e-11,7.197073386099241e-18,5.59090812576301e-11,8.041830376685773e-18,5.5909081356550384e-11,6.886419756779314e-18,6.712239902989235e-18,6.0332976338606166e-18,6.149136192515359e-18,6.112956558697098e-18,5.5909081356550384e-11,6.1769165920067674e-18,6.155146210177289e-18,7.904781524481607e-18,6.559591118949947e-18,5.5909081340898944e-11,1.1110056949150172e-07,5.5909081340898944e-11,6.798773244219643e-18,5.5909081435085587e-11,6.657015171478655e-18,7.332984796942452e-18,5.5909081101655796e-11,5.5909081356550384e-11,6.417735483636047e-18
9.505659191682156e-07,7.090530578250221e-11,7.090530577278796e-11,7.983057303075942e-18,7.707361053900097e-18,6.477170491437174e-07,7.704644768586804e-18,7.817912234804714e-18,7.874278395827126e-18,7.98248005111625e-18,7.931385958708216e-18,7.090530577278796e-11,1.9864191419418395e-14,7.78611800655973e-18,7.830518081209955e-18,9.325284925603108e-18,7.090530576331382e-11,7.090530578233139e-11,1.4090054212595968e-07,8.046515298406903e-18,7.090530575795548e-11,8.936785252175329e-18,1.4090054210436608e-07,1.9864191381658154e-14,7.090530578233139e-11,8.561379842002945e-18,8.378078506666532e-18,7.948377921299444e-18,8.145180217341563e-18,7.839864816768585e-18,7.090530576608017e-11,7.78611800655973e-18,7.86814538292572e-18,1.990736213954917e-14,8.323911531471405e-18,7.090530574459404e-11,1.4090054172619727e-07,7.090530579329234e-11,8.445155416417799e-18,7.090530579362969e-11,8.36786315197829e-18,9.004791327022079e-18,1.409005418122666e-07,7.090530591204474e-11,7.928881328260219e-18
9.284700791910863e-07,5.978602078775979e-11,5.978602077307625e-11,6.669609491233405e-18,6.61468728250198e-18,7.704644768586804e-18,6.477170443357019e-07,6.6966049560549026e-18,6.598284828364729e-18,6.583852417702328e-18,6.365199222125025e-18,5.978602077307625e-11,1.6748861739731892e-14,6.98274173232909e-18,6.583852417702328e-18,7.557246897093599e-18,5.978602063604948e-11,5.978602083312553e-11,5.97860206262665e-11,6.8276700322835974e-18,5.978602077307625e-11,1.5322463535112618e-14,5.978602087435036e-11,1.6748861707918467e-14,5.9786020802213e-11,7.205285230811668e-18,6.97820419096066e-18,6.583289468894342e-18,6.609872009665333e-18,6.387054795604086e-18,5.978602079859948e-11,6.98274173232909e-18,6.894584624777287e-18,8.277465484537003e-18,7.214439506083984e-18,5.978602079137919e-11,1.1880468778161131e-07,5.978602074225974e-11,7.03994979561038e-18,5.978602075019404e-11,6.8080673228540604e-18,1.5364741319085472e-14,1.1880468785257426e-07,5.97860208002736e-11,6.696914082652758e-18
9.206716592955351e-07,5.586162306902252e-11,5.586162303917189e-11,6.239435294019644e-18,6.554600693753967e-18,7.817912234804714e-18,6.6966049560549026e-18,6.477170458487744e-07,1.2365365737239329e-14,6.470577414607269e-18,6.554600693753967e-18,5.586162294788055e-11,7.996321388913381e-18,1.2364572818477307e-14,6.2971256688789205e-18,7.028640282034947e-18,5.5861623074010436e-11,5.586162306902252e-11,5.586162297460749e-11,6.082908181905143e-18,5.586162300286126e-11,7.183691267553164e-18,5.586162300975532e-11,7.876408326378824e-18,5.586162303917189e-11,6.989643454471657e-18,6.9118886597474676e-18,1.2356661863911444e-14,6.3412765115358e-18,6.0471602347655854e-18,5.586162303917189e-11,1.23645728782829e-14,6.395276246322032e-18,8.047511230866814e-18,6.7848711706900075e-18,5.586162306902252e-11,1.1100626205719661e-07,5.586162294788055e-11,6.685052037095345e-18,5.586162310475623e-11,6.951060608947936e-18,7.177001272182081e-18,5.5861622837798e-11,5.586162296903798e-11,6.247844201968846e-18
9.207195429942243e-07,5.5885719484126366e-11,5.588571946754039e-11,6.339368906649445e-18,6.53444871723858e-18,7.874278395827126e-18,6.598284828364729e-18,1.2365365737239329e-14,6.477170446918463e-07,6.38087558630592e-18,6.53444871723858e-18,5.5885719484126366e-11,7.707772429021025e-18,6.5967689365529096e-18,6.014628971438299e-18,6.981889569347674e-18,5.5885719511551805e-11,5.5885719467576395e-11,5.5885719366002526e-11,6.280342265510755e-18,5.588571953564056e-11,7.271980600355702e-18,5.5885719366148226e-11,7.788614850539825e-18,5.5885719471719704e-11,6.697277933554749e-18,6.837825153109812e-18,1.2359659341854155e-14,5.909345480010029e-18,6.3729817834535995e-18,5.588571946754039e-11,6.695811190927478e-18,6.389305773519104e-18,7.55035966517227e-18,6.875087728428502e-18,5.588571944125286e-11,1.1105414564692787e-07,5.588571953564056e-11,6.569636264308007e-18,5.5885719449982005e-11,6.4504667638421694e-18,7.313903228590806e-18,5.588571925711968e-11,5.5885719484126366e-11,6.555517805993917e-18
9.205977693378865e-07,5.5824438375657875e-11,5.5824438303803545e-11,6.200579803944636e-18,6.270094451651702e-18,7.98248005111625e-18,6.583852417702328e-18,6.470577414607269e-18,6.38087558630592e-18,6.477170417010396e-07,6.221059492341027e-18,5.5824438303803545e-11,7.960240039108293e-18,6.241543669803586e-18,1.2343558659565148e-14,7.117201267517726e-18,5.5824438321586054e-11,5.5824438310042044e-11,5.582443823518871e-11,1.232361871107837e-14,5.582443823431757e-11,7.220193146475885e-18,5.58244382672323e-11,7.960240039108293e-18,5.5824438262968714e-11,6.457491924494974e-18,6.681514774766171e-18,6.224929059934084e-18,5.691437588410321e-18,6.510398138973686e-18,5.582443829915064e-11,6.0655591729827454e-18,6.286309750438402e-18,7.966056870978886e-18,6.4227433940560375e-18,5.5824438375657875e-11,1.1093236987687423e-07,5.582443823431757e-11,6.328918440841131e-18,5.582443829429222e-11,6.673872209339573e-18,7.334687209182186e-18,5.582443811686751e-11,5.58244382527142e-11,1.228418713889786e-14
9.207659656133565e-07,5.5909082082983926e-11,5.5909082131126594e-11,1.2365019077211367e-14,1.2379406323856958e-14,7.931385958708216e-18,6.365199222125025e-18,6.554600693753967e-18,6.53444871723858e-18,6.221059492341027e-18,6.477170441124697e-07,5.59090820791274e-11,8.185737953710503e-18,6.2992883922003965e-18,6.228490614217152e-18,7.174022016622497e-18,5.590908213950848e-11,5.590908211495259e-11,5.590908205812665e-11,6.062402234759278e-18,5.5909082131126594e-11,7.197073386099241e-18,5.590908196873398e-11,7.928746415976736e-18,5.590908208754488e-11,6.886419756779314e-18,6.7122406411385526e-18,6.443270626715858e-18,6.009381843193166e-18,6.057680196521768e-18,5.5909082056433484e-11,6.2992883922003965e-18,6.27521596667883e-18,7.87308108070775e-18,6.6083925875708174e-18,5.5909082131126594e-11,1.1110057101124221e-07,5.5909082131126594e-11,6.798773244219643e-18,5.590908209149244e-11,6.863527893902966e-18,7.315665589560882e-18,5.59090818861691e-11,5.590908211495259e-11,6.417735483636047e-18
1.0000003725293374,1.000000217667838,1.0000002176678384,5.584062984441121e-11,5.5909081404701336e-11,7.090530577278796e-11,5.978602077307625e-11,5.586162294788055e-11,5.5885719484126366e-11,5.5824438303803545e-11,5.59090820791274e-11,1.0000008653847314,7.070656230279938e-11,5.588117027252348e-11,5.5824439030522426e-11,6.500378662520704e-11,1.0000002172467535,1.000000217667838,1.0000002161139845,5.572693058526606e-11,1.0000002176678384,6.469519041444952e-11,1.000000215987462,7.07065621611898e-11,1.0000002176678384,6.021266967970857e-11,6.017849489101086e-11,5.584390479082916e-11,5.5798179594067196e-11,5.586991941952515e-11,1.000000217667839,5.588117065951607e-11,5.58372129909825e-11,7.087531808601801e-11,6.009443310070251e-11,1.0000002176678382,1.0000002135699162,1.000000217667838,6.012418889879001e-11,1.000000217813872,6.015373340180028e-11,6.486864585914329e-11,1.0000002141203588,1.000000217667838,5.554203888958369e-11
9.5017098390329e-07,7.0706562259236e-11,7.070656227977288e-11,7.764206523735578e-18,8.041830376685773e-18,1.9864191419418395e-14,1.6748861739731892e-14,7.996321388913381e-18,7.707772429021025e-18,7.960240039108293e-18,8.185737953710503e-18,7.070656230279938e-11,6.477170494900631e-07,7.917767322821821e-18,7.958199672055476e-18,9.099055427839305e-18,7.070656226726235e-11,7.070656235904533e-11,1.4050560591515594e-07,7.788386247632066e-18,7.070656235904533e-11,1.812399045508438e-14,1.4050560589918418e-07,1.980648178118012e-14,7.070656227977288e-11,8.701595023181934e-18,8.46782439013031e-18,8.047785013240974e-18,7.830553270184745e-18,7.826488167902413e-18,7.070656232012168e-11,7.90291524780981e-18,7.884730424950205e-18,1.9855385672883273e-14,8.405832146697614e-18,7.070656226956992e-11,1.4050560557675077e-07,7.070656235904533e-11,8.58044872396882e-18,7.070656225976978e-11,8.427602285712321e-18,1.817187810443506e-14,1.4050560565012799e-07,7.070656228121878e-11,8.05002326902508e-18
9.20710504408203e-07,5.588117027136737e-11,5.588117027136737e-11,6.605294190709171e-18,6.2992883922003965e-18,7.78611800655973e-18,6.98274173232909e-18,1.2364572818477307e-14,6.5967689365529096e-18,6.241543669803586e-18,6.2992883922003965e-18,5.588117027252348e-11,7.917767322821821e-18,6.47717044693873e-07,6.117120848634929e-18,7.239951341660574e-18,5.5881170273366134e-11,5.588117027136737e-11,5.588117018380489e-11,6.1341370546406e-18,5.588117022076881e-11,7.19025246003913e-18,5.588117014779596e-11,7.90291524780981e-18,5.588117030693048e-11,6.817629139237196e-18,6.93610140692391e-18,5.40971209840154e-18,5.925756507336496e-18,6.4077644688994865e-18,5.588117029949735e-11,1.2366638795366175e-14,6.302111863270705e-18,7.852946104421515e-18,6.631519442674921e-18,5.588117022076881e-11,1.110451056172215e-07,5.588117029526194e-11,6.7749583240527225e-18,5.588117027849237e-11,6.597497054961365e-18,7.117210793165939e-18,5.5881170037667584e-11,5.588117029949735e-11,6.180304995537171e-18
9.205977710012493e-07,5.58244389996668e-11,5.5824438991780246e-11,6.4294132457763385e-18,6.2513265145333e-18,7.830518081209955e-18,6.583852417702328e-18,6.2971256688789205e-18,6.014628971438299e-18,1.2343558659565148e-14,6.228490614217152e-18,5.5824439030522426e-11,7.958199672055476e-18,6.117120848634929e-18,6.477170417010396e-07,7.288233417457132e-18,5.582443901810074e-11,5.582443899666168e-11,5.582443901113494e-11,1.2323618800545254e-14,5.5824438991780246e-11,7.15204567001336e-18,5.582443900712692e-11,7.891367705712243e-18,5.582443903781347e-11,6.92100553312746e-18,6.563608616096329e-18,6.091268663139166e-18,6.1158475074159775e-18,6.4206077492358696e-18,5.5824439030522426e-11,6.241543669803586e-18,6.46975750665439e-18,7.706879426658865e-18,6.497555812492747e-18,5.5824438982781703e-11,1.109323713327434e-07,5.582443903767225e-11,6.328918825393435e-18,5.5824438939848755e-11,6.673872209339573e-18,7.275332431832317e-18,5.582443885366244e-11,5.5824438982781703e-11,1.2284187232124883e-14
9.388386341016402e-07,6.500378663743037e-11,6.500378668276859e-11,7.264018644638085e-18,6.978326306241697e-18,9.325284925603108e-18,7.557246897093599e-18,7.028640282034947e-18,6.981889569347674e-18,7.117201267517726e-18,7.174022016622497e-18,6.500378662520704e-11,9.099055427839305e-18,7.239951341660574e-18,7.288233417457132e-18,6.477170490758454e-07,6.50037865523563e-11,6.500378653437986e-11,1.2917324982377646e-07,7.330470148786523e-18,6.500378659033782e-11,8.317207459062536e-18,6.500378648521329e-11,9.129989908724396e-18,6.500378656595126e-11,7.64604413514172e-18,7.692854577754687e-18,1.4377492239407336e-14,7.386998414808194e-18,1.4382482040426688e-14,6.50037866160208e-11,7.428621415601872e-18,7.112852026443197e-18,9.360964944308143e-18,1.5472288986526215e-14,6.500378668276859e-11,1.2917324944849835e-07,6.500378656595126e-11,7.87230721027813e-18,1.2917325007385015e-07,7.809987108001008e-18,8.455087626204192e-18,6.500378631464307e-11,6.500378662555322e-11,7.262820990814724e-18
1.0000003721082544,1.0000002172467521,1.000000217246753,5.584062990456877e-11,5.5909081293849434e-11,7.090530576331382e-11,5.978602063604948e-11,5.5861623074010436e-11,5.5885719511551805e-11,5.5824438321586054e-11,5.590908213950848e-11,1.0000002172467535,7.070656226726235e-11,5.5881170273366134e-11,5.582443901810074e-11,6.50037865523563e-11,1.000000864542559,1.000000217246753,1.0000002156928989,5.5726930465289756e-11,1.0000002172467537,1.2856001839968752e-07,1.000000215566376,7.070656219845942e-11,1.000000217246753,6.021266967254527e-11,6.017849479297579e-11,5.5843904846538115e-11,5.57981797187345e-11,5.586991939146083e-11,1.000000217246754,5.588117076515166e-11,5.583721296079653e-11,7.087531811452974e-11,6.009443315489043e-11,1.000000217246754,1.000000213148832,1.0000002172467557,6.01241889946199e-11,1.000000217392789,6.015373339077198e-11,6.486864594986613e-11,1.0000002136992747,1.000000217246753,5.5542038850082966e-11
1.0000003725293394,1.0000002176678373,1.0000002176678366,5.584062989788971e-11,5.5909081356550384e-11,7.090530578233139e-11,5.978602083312553e-11,5.586162306902252e-11,5.5885719467576395e-11,5.5824438310042044e-11,5.590908211495259e-11,1.000000217667838,7.070656235904533e-11,5.588117027136737e-11,5.582443899666168e-11,6.500378653437986e-11,1.000000217246753,1.0000008653847297,1.0000002161139845,5.5726930584282014e-11,1.0000002176678384,6.469519044184766e-11,1.0000002159874604,7.070656210495277e-11,1.0000002176678375,6.021266966526731e-11,6.017849493598141e-11,5.5843904865412425e-11,5.579817963394626e-11,5.586991938405816e-11,1.0000002176678382,5.58811706274943e-11,5.5837212970119785e-11,7.087531808824919e-11,6.009443317712616e-11,1.0000002176678375,1.0000002135699155,1.0000002176678384,6.012418893318728e-11,1.0000002178138707,6.015373341271017e-11,6.486864582778244e-11,1.0000002141203579,1.000000217667837,5.5542038840947324e-11
1.0000003709754763,1.0000002161139856,1.0000002161139845,5.5840629791465835e-11,5.590908124442895e-11,1.4090054212595968e-07,5.97860206262665e-11,5.586162297460749e-11,5.5885719366002526e-11,5.582443823518871e-11,5.590908205812665e-11,1.0000002161139845,1.4050560591515594e-07,5.588117018380489e-11,5.582443901113494e-11,1.2917324982377646e-07,1.0000002156928989,1.0000002161139845,1.0000008622770247,5.572693042149129e-11,1.0000002161139843,6.469519036234708e-11,1.0000002144336069,1.40505605617596e-07,1.0000002161139854,1.1965251014588193e-07,6.017849472880952e-11,5.5843904793942715e-11,5.579817958789236e-11,5.58699194031909e-11,1.0000002161139852,5.5881170576742747e-11,5.583721298208568e-11,1.4084095168842062e-07,6.00944330582861e-11,1.000000216113986,1.0000002120160605,1.000000216113986,6.01241888959311e-11,1.0000002162600188,6.015373335142684e-11,6.486864573427128e-11,1.000000212566503,1.0000002161139843,5.554203888996326e-11
9.204039992980001e-07,5.5726930584282014e-11,5.572693055843274e-11,1.2327146944751646e-14,6.3160716728664635e-18,8.046515298406903e-18,6.8276700322835974e-18,6.082908181905143e-18,6.280342265510755e-18,1.232361871107837e-14,6.062402234759278e-18,5.572693058526606e-11,7.788386247632066e-18,6.1341370546406e-18,1.2323618800545254e-14,7.330470148786523e-18,5.5726930465289756e-11,5.5726930584282014e-11,5.572693042149129e-11,6.477170432806375e-07,5.5726930586383344e-11,7.375888317212924e-18,5.5726930449847697e-11,7.73208190693953e-18,5.5726930660483605e-11,6.802516049845173e-18,7.073092081467942e-18,5.934161423228198e-18,6.288016042987601e-18,6.473121943293793e-18,5.5726930558815566e-11,6.067660802020389e-18,6.033301161447623e-18,7.805002727770343e-18,1.326621201181739e-14,5.5726930560485236e-11,1.107386057207374e-07,5.5726930609896114e-11,7.031382027846586e-18,5.57269305938195e-11,6.541882607039605e-18,7.328619947867151e-18,5.5726930382666575e-11,5.572693055843274e-11,1.2262737503166435e-14
1.0000003725293367,1.0000002176678373,1.000000217667838,5.584062984441121e-11,5.590908139763515e-11,7.090530575795548e-11,5.978602077307625e-11,5.586162300286126e-11,5.588571953564056e-11,5.582443823431757e-11,5.5909082131126594e-11,1.0000002176678384,7.070656235904533e-11,5.588117022076881e-11,5.5824438991780246e-11,6.500378659033782e-11,1.0000002172467537,1.0000002176678384,1.0000002161139843,5.5726930586383344e-11,1.000000865384727,6.469519043224568e-11,1.0000002159874608,7.07065621611898e-11,1.0000002176678389,6.021266963656432e-11,6.017849485768869e-11,5.5843904870570814e-11,5.57981796054069e-11,5.5869919530214024e-11,1.0000002176678393,5.588117061837337e-11,5.5837213131823914e-11,7.087531821716464e-11,6.009443317376234e-11,1.0000002176678382,1.0000002135699162,1.0000002176678382,6.012418891915593e-11,1.0000002178138716,6.01537334390001e-11,6.486864583327248e-11,1.0000002141203586,1.000000217667837,5.554203888958369e-11
9.38225404417996e-07,6.469519043362696e-11,6.469519045118548e-11,7.197536069381375e-18,7.197073386099241e-18,8.936785252175329e-18,1.5322463535112618e-14,7.183691267553164e-18,7.271980600355702e-18,7.220193146475885e-18,7.197073386099241e-18,6.469519041444952e-11,1.812399045508438e-14,7.19025246003913e-18,7.15204567001336e-18,8.317207459062536e-18,1.2856001839968752e-07,6.469519044184766e-11,6.469519036234708e-11,7.375888317212924e-18,6.469519043224568e-11,6.477170491796943e-07,6.469519013833118e-11,1.8123990420673255e-14,6.46951904190793e-11,7.570192314824835e-18,7.80901896420251e-18,7.179160017213514e-18,7.177174754894862e-18,7.2770840493032e-18,6.46951904644613e-11,7.19025246003913e-18,7.031378395735253e-18,9.31277680585601e-18,7.688393347124386e-18,6.469519036565895e-11,1.2856001788586384e-07,6.469519040681894e-11,7.964225987051166e-18,6.469519047175715e-11,7.62181984746167e-18,1.662643320617842e-14,1.2856001796167768e-07,6.469519048145986e-11,7.195332437675264e-18
1.0000003708489493,1.0000002159874604,1.000000215987461,5.5840629776040875e-11,5.59090812576301e-11,1.4090054210436608e-07,5.978602087435036e-11,5.586162300975532e-11,5.5885719366148226e-11,5.58244382672323e-11,5.590908196873398e-11,1.000000215987462,1.4050560589918418e-07,5.588117014779596e-11,5.582443900712692e-11,6.500378648521329e-11,1.000000215566376,1.0000002159874604,1.0000002144336069,5.5726930449847697e-11,1.0000002159874608,6.469519013833118e-11,1.0000008620239764,1.405056056016243e-07,1.000000215987462,6.021266959280924e-11,6.017849474355914e-11,5.584390483554949e-11,5.579817959117831e-11,5.586991937005138e-11,1.000000215987461,5.588117057728675e-11,5.583721299090612e-11,1.4084095166794384e-07,6.009443315255938e-11,1.0000002159874608,1.0000002118895372,1.000000215987461,1.1947668428537884e-07,1.000000216133495,6.015373342148414e-11,1.2890470262638426e-07,1.0000002124399787,1.0000002159874606,5.554203879794461e-11
9.501709836023104e-07,7.070656206950898e-11,7.070656217230512e-11,7.727070104027689e-18,8.041830376685773e-18,1.9864191381658154e-14,1.6748861707918467e-14,7.876408326378824e-18,7.788614850539825e-18,7.960240039108293e-18,7.928746415976736e-18,7.07065621611898e-11,1.980648178118012e-14,7.90291524780981e-18,7.891367705712243e-18,9.129989908724396e-18,7.070656219845942e-11,7.070656210495277e-11,1.40505605617596e-07,7.73208190693953e-18,7.07065621611898e-11,1.8123990420673255e-14,1.405056056016243e-07,6.477170494900631e-07,7.07065621885366e-11,8.53174665398524e-18,8.499563270778623e-18,7.921617957871746e-18,7.970750468718438e-18,7.871196148071594e-18,7.070656222839191e-11,7.894368088962826e-18,7.856916291166944e-18,1.9855385635176148e-14,8.384053308258082e-18,7.070656217230512e-11,1.405056052791908e-07,7.070656210399207e-11,8.23915080513101e-18,7.070656220830558e-11,8.427602285712321e-18,1.817187806999486e-14,1.4050560535256796e-07,7.070656206950898e-11,7.996402608617963e-18
1.0000003725293374,1.0000002176678393,1.0000002176678384,5.584062984441121e-11,5.5909081356550384e-11,7.090530578233139e-11,5.9786020802213e-11,5.586162303917189e-11,5.5885719471719704e-11,5.5824438262968714e-11,5.590908208754488e-11,1.0000002176678384,7.070656227977288e-11,5.588117030693048e-11,5.582443903781347e-11,6.500378656595126e-11,1.000000217246753,1.0000002176678375,1.0000002161139854,5.5726930660483605e-11,1.0000002176678389,6.46951904190793e-11,1.000000215987462,7.07065621885366e-11,1.0000008653847314,6.021266971554332e-11,6.017849489101086e-11,5.584390489660864e-11,5.5798179594067196e-11,5.586991938405816e-11,1.0000002176678389,5.588117064845302e-11,5.5837213079248005e-11,7.08753179767415e-11,6.009443308890868e-11,1.000000217667838,1.000000213569917,1.000000217667839,6.012418889879001e-11,1.0000002178138725,6.01537334708001e-11,6.486864585458775e-11,1.0000002141203583,1.000000217667838,5.554203895101118e-11
9.293178978270306e-07,6.021266967970857e-11,6.021266968589564e-11,7.055116965370915e-18,6.886419756779314e-18,8.561379842002945e-18,7.205285230811668e-18,6.989643454471657e-18,6.697277933554749e-18,6.457491924494974e-18,6.886419756779314e-18,6.021266967970857e-11,8.701595023181934e-18,6.817629139237196e-18,6.92100553312746e-18,7.64604413514172e-18,6.021266967254527e-11,6.021266966526731e-11,1.1965251014588193e-07,6.802516049845173e-18,6.021266963656432e-11,7.570192314824835e-18,6.021266959280924e-11,8.53174665398524e-18,6.021266971554332e-11,6.477170443662123e-07,7.218224143599646e-18,6.364723147576193e-18,7.025691704721638e-18,6.987068878920903e-18,6.021266965377357e-11,6.847251688040474e-18,6.655178618889906e-18,8.179653072135157e-18,7.037787306800794e-18,6.021266980789381e-11,1.1965250976700142e-07,6.021266967254434e-11,7.282001707048168e-18,6.021266982007156e-11,7.131561904508973e-18,7.428902540535732e-18,6.021266947023744e-11,6.021266967644432e-11,6.3373362666640154e-18
9.292499897790133e-07,6.017849489101086e-11,6.017849484442133e-11,6.8327626073169875e-18,6.712239902989235e-18,8.378078506666532e-18,6.97820419096066e-18,6.9118886597474676e-18,6.837825153109812e-18,6.681514774766171e-18,6.7122406411385526e-18,6.017849489101086e-11,8.46782439013031e-18,6.93610140692391e-18,6.563608616096329e-18,7.692854577754687e-18,6.017849479297579e-11,6.017849493598141e-11,6.017849472880952e-11,7.073092081467942e-18,6.017849485768869e-11,7.80901896420251e-18,6.017849474355914e-11,8.499563270778623e-18,6.017849489101086e-11,7.218224143599646e-18,6.477170455421045e-07,6.2557571178640966e-18,6.853352869814086e-18,6.625478809386438e-18,6.017849489101086e-11,6.919517373890867e-18,7.043281918241397e-18,8.569888620133682e-18,1.432222119056504e-14,6.017849488050011e-11,1.1958459863675656e-07,6.017849482106197e-11,7.048985987705553e-18,6.017849486666378e-11,7.142560899603906e-18,7.687565741068209e-18,1.1958459871515957e-07,6.017849484442133e-11,1.3242292405052337e-14
9.20636448113141e-07,5.584390489715132e-11,5.5843904859835955e-11,6.2470871286934244e-18,6.0332976338606166e-18,7.948377921299444e-18,6.583289468894342e-18,1.2356661863911444e-14,1.2359659341854155e-14,6.224929059934084e-18,6.443270626715858e-18,5.584390479082916e-11,8.047785013240974e-18,5.40971209840154e-18,6.091268663139166e-18,1.4377492239407336e-14,5.5843904846538115e-11,5.5843904865412425e-11,5.5843904793942715e-11,5.934161423228198e-18,5.5843904870570814e-11,7.179160017213514e-18,5.584390483554949e-11,7.921617957871746e-18,5.584390489660864e-11,6.364723147576193e-18,6.2557571178640966e-18,6.477170417623546e-07,6.019868079017395e-18,6.536417495289294e-18,5.584390487362797e-11,6.1689849830457526e-18,6.194651253011291e-18,7.873511293957054e-18,6.591581810939608e-18,5.5843904870570814e-11,1.1097105322942927e-07,5.5843904831701144e-11,7.022123241024195e-18,5.5843905089560554e-11,6.973738635042329e-18,7.16719975676876e-18,5.5843904704735673e-11,5.5843904859835955e-11,6.2705963885636825e-18
9.205455836388572e-07,5.579817962914028e-11,5.5798179661040165e-11,5.845270546393319e-18,6.149136192515359e-18,8.145180217341563e-18,6.609872009665333e-18,6.3412765115358e-18,5.909345480010029e-18,5.691437588410321e-18,6.009381843193166e-18,5.5798179594067196e-11,7.830553270184745e-18,5.925756507336496e-18,6.1158475074159775e-18,7.386998414808194e-18,5.57981797187345e-11,5.579817963394626e-11,5.579817958789236e-11,6.288016042987601e-18,5.57981796054069e-11,7.177174754894862e-18,5.579817959117831e-11,7.970750468718438e-18,5.5798179594067196e-11,7.025691704721638e-18,6.853352869814086e-18,6.019868079017395e-18,6.477170444130281e-07,6.597793705181427e-18,5.5798179566811775e-11,6.2135722202023446e-18,5.982246512755487e-18,1.5663738363313287e-14,6.576697397119124e-18,5.57981796496097e-11,1.1088018968688776e-07,5.5798179639404635e-11,6.130437827896383e-18,5.579817970135372e-11,6.778822158128276e-18,7.212562558491245e-18,5.57981794773124e-11,5.579817968159006e-11,6.098198251283614e-18
9.206881437033822e-07,5.586991941952515e-11,5.5869919397278255e-11,6.259493053334614e-18,6.112956558697098e-18,7.839864816768585e-18,6.387054795604086e-18,6.0471602347655854e-18,6.3729817834535995e-18,6.510398138973686e-18,6.057680196521768e-18,5.586991941952515e-11,7.826488167902413e-18,6.4077644688994865e-18,6.4206077492358696e-18,1.4382482040426688e-14,5.586991939146083e-11,5.586991938405816e-11,5.58699194031909e-11,6.473121943293793e-18,5.5869919530214024e-11,7.2770840493032e-18,5.586991937005138e-11,7.871196148071594e-18,5.586991938405816e-11,6.987068878920903e-18,6.625478809386438e-18,6.536417495289294e-18,6.597793705181427e-18,6.477170447485502e-07,5.586991940410897e-11,6.158449445606669e-18,6.370566248550032e-18,8.128973725599597e-18,6.9361292959036454e-18,5.586991938405816e-11,1.1102274844689085e-07,5.5869919530214024e-11,6.678534309488242e-18,5.586991934410173e-11,6.827292717070125e-18,7.101280793358904e-18,5.586991924176465e-11,5.5869919530214024e-11,6.086425603547622e-18
1.0000003725293378,1.0000002176678378,1.0000002176678382,5.5840629810447317e-11,5.5909081356550384e-11,7.090530576608017e-11,5.978602079859948e-11,5.586162303917189e-11,5.588571946754039e-11,5.582443829915064e-11,5.5909082056433484e-11,1.000000217667839,7.070656232012168e-11,5.588117029949735e-11,5.5824439030522426e-11,6.50037866160208e-11,1.000000217246754,1.0000002176678382,1.0000002161139852,5.5726930558815566e-11,1.0000002176678393,6.46951904644613e-11,1.000000215987461,7.070656222839191e-11,1.0000002176678389,6.021266965377357e-11,6.017849489101086e-11,5.584390487362797e-11,5.5798179566811775e-11,5.586991940410897e-11,1.0000008653847257,5.588117065951607e-11,5.583721295927665e-11,7.087531805076281e-11,6.009443317238151e-11,1.0000002176678384,1.0000002135699166,1.0000002176678398,6.012418891915593e-11,1.000000217813872,6.015373352259857e-11,6.486864586823186e-11,1.000000214120359,1.000000217667837,5.554203888958369e-11
9.207105043929514e-07,5.5881170795045546e-11,5.5881170641048336e-11,6.284263345710608e-18,6.1769165920067674e-18,7.78611800655973e-18,6.98274173232909e-18,1.23645728782829e-14,6.695811190927478e-18,6.0655591729827454e-18,6.2992883922003965e-18,5.588117065951607e-11,7.90291524780981e-18,1.2366638795366175e-14,6.241543669803586e-18,7.428621415601872e-18,5.588117076515166e-11,5.58811706274943e-11,5.5881170576742747e-11,6.067660802020389e-18,5.588117061837337e-11,7.19025246003913e-18,5.588117057728675e-11,7.894368088962826e-18,5.588117064845302e-11,6.847251688040474e-18,6.919517373890867e-18,6.1689849830457526e-18,6.2135722202023446e-18,6.158449445606669e-18,5.588117065951607e-11,6.47717044693873e-07,6.302111814799792e-18,7.723981190780514e-18,6.51028184663143e-18,5.5881170710471595e-11,1.1104510640711342e-07,5.5881170710471595e-11,6.7749583240527225e-18,5.588117071424937e-11,6.597497054961365e-18,6.917279905855403e-18,5.588117043852438e-11,5.588117069774029e-11,5.99842812148417e-18
9.206231513688991e-07,5.58372129909825e-11,5.5837213131823914e-11,6.504612706931643e-18,6.155146210177289e-18,7.86814538292572e-18,6.894584624777287e-18,6.395276246322032e-18,6.389305773519104e-18,6.286309750438402e-18,6.27521596667883e-18,5.58372129909825e-11,7.884730424950205e-18,6.302111863270705e-18,6.46975750665439e-18,7.112852026443197e-18,5.583721296079653e-11,5.5837212970119785e-11,5.583721298208568e-11,6.033301161447623e-18,5.5837213131823914e-11,7.031378395735253e-18,5.583721299090612e-11,7.856916291166944e-18,5.5837213079248005e-11,6.655178618889906e-18,7.043281918241397e-18,6.194651253011291e-18,5.982246512755487e-18,6.370566248550032e-18,5.583721295927665e-11,6.302111814799792e-18,6.477170447197127e-07,8.065473562172612e-18,7.023683327716946e-18,5.5837213131823914e-11,1.1095775545820045e-07,5.5837213083770757e-11,6.568118141023822e-18,5.583721306539712e-11,1.3299537207691639e-14,7.383731865556035e-18,5.583721285007775e-11,5.583721309714109e-11,6.198642749294591e-18
9.505063315931728e-07,7.087531805076281e-11,7.087531804697249e-11,7.890041271984463e-18,7.904781524481607e-18,1.990736213954917e-14,8.277465484537003e-18,8.047511230866814e-18,7.55035966517227e-18,7.966056870978886e-18,7.87308108070775e-18,7.087531808601801e-11,1.9855385672883273e-14,7.852946104421515e-18,7.706879426658865e-18,9.360964944308143e-18,7.087531811452974e-11,7.087531808824919e-11,1.4084095168842062e-07,7.805002727770343e-18,7.087531821716464e-11,9.31277680585601e-18,1.4084095166794384e-07,1.9855385635176148e-14,7.08753179767415e-11,8.179653072135157e-18,8.569888620133682e-18,7.873511293957054e-18,1.5663738363313287e-14,8.128973725599597e-18,7.087531805076281e-11,7.723981190780514e-18,8.065473562172612e-18,6.477170539878671e-07,8.809581948955303e-18,7.087531821716464e-11,1.4084095130082626e-07,7.08753179767415e-11,8.560093206924597e-18,7.087531814372221e-11,8.410846885566397e-18,8.936854340019479e-18,1.4084095138437902e-07,7.087531804697249e-11,1.5596141622195786e-14
9.290829457010406e-07,6.009443317376234e-11,6.009443308568556e-11,6.593065689899808e-18,6.559591118949947e-18,8.323911531471405e-18,7.214439506083984e-18,6.7848711706900075e-18,6.875087728428502e-18,6.4227433940560375e-18,6.6083925875708174e-18,6.009443310070251e-11,8.405832146697614e-18,6.631519442674921e-18,6.497555812492747e-18,1.5472288986526215e-14,6.009443315489043e-11,6.009443317712616e-11,6.00944330582861e-11,1.326621201181739e-14,6.009443317376234e-11,7.688393347124386e-18,6.009443315255938e-11,8.384053308258082e-18,6.009443308890868e-11,7.037787306800794e-18,1.432222119056504e-14,6.591581810939608e-18,6.576697397119124e-18,6.9361292959036454e-18,6.009443317238151e-11,6.51028184663143e-18,7.023683327716946e-18,8.809581948955303e-18,6.477170453846881e-07,6.009443321044473e-11,1.1941755428794545e-07,6.009443322405636e-11,6.758710602947906e-18,6.009443353084434e-11,7.302518790159802e-18,7.695935375473374e-18,1.1941755436218397e-07,6.009443308568556e-11,1.3223800666105826e-14
1.0000003725293383,1.000000217667838,1.0000002176678378,5.5840629810447317e-11,5.5909081340898944e-11,7.090530574459404e-11,5.978602079137919e-11,5.586162306902252e-11,5.588571944125286e-11,5.5824438375657875e-11,5.5909082131126594e-11,1.0000002176678382,7.070656226956992e-11,5.588117022076881e-11,5.5824438982781703e-11,6.500378668276859e-11,1.000000217246754,1.0000002176678375,1.000000216113986,5.5726930560485236e-11,1.0000002176678382,6.469519036565895e-11,1.0000002159874608,7.070656217230512e-11,1.000000217667838,6.021266980789381e-11,6.017849488050011e-11,5.5843904870570814e-11,5.57981796496097e-11,5.586991938405816e-11,1.0000002176678384,5.5881170710471595e-11,5.5837213131823914e-11,7.087531821716464e-11,6.009443321044473e-11,1.000000865384731,1.0000002135699164,1.0000002176678398,6.012418891915593e-11,1.0000002178138716,6.015373340180028e-11,6.486864583512469e-11,1.0000002141203586,1.0000002176678375,5.554203880895043e-11
1.0000003684313932,1.0000002135699162,1.000000213569916,1.1096454513839178e-07,1.1110056949150172e-07,1.4090054172619727e-07,1.1880468778161131e-07,1.1100626205719661e-07,1.1105414564692787e-07,1.1093236987687423e-07,1.1110057101124221e-07,1.0000002135699162,1.4050560557675077e-07,1.110451056172215e-07,1.109323713327434e-07,1.2917324944849835e-07,1.000000213148832,1.0000002135699155,1.0000002120160605,1.107386057207374e-07,1.0000002135699162,1.2856001788586384e-07,1.0000002118895372,1.405056052791908e-07,1.000000213569917,1.1965250976700142e-07,1.1958459863675656e-07,1.1097105322942927e-07,1.1088018968688776e-07,1.1102274844689085e-07,1.0000002135699166,1.1104510640711342e-07,1.1095775545820045e-07,1.4084095130082626e-07,1.1941755428794545e-07,1.0000002135699164,1.0000008571888872,1.0000002135699158,1.1947668393507116e-07,1.0000002137159503,1.195353936537927e-07,1.289047023111305e-07,1.0000002100224346,1.0000002135699158,1.1037119546214604e-07
1.0000003725293378,1.0000002176678389,1.0000002176678375,5.584062984441121e-11,5.5909081340898944e-11,7.090530579329234e-11,5.978602074225974e-11,5.586162294788055e-11,5.588571953564056e-11,5.582443823431757e-11,5.5909082131126594e-11,1.000000217667838,7.070656235904533e-11,5.588117029526194e-11,5.582443903767225e-11,6.500378656595126e-11,1.0000002172467557,1.0000002176678384,1.000000216113986,5.5726930609896114e-11,1.0000002176678382,6.469519040681894e-11,1.000000215987461,7.070656210399207e-11,1.000000217667839,6.021266967254434e-11,6.017849482106197e-11,5.5843904831701144e-11,5.5798179639404635e-11,5.5869919530214024e-11,1.0000002176678398,5.5881170710471595e-11,5.5837213083770757e-11,7.08753179767415e-11,6.009443322405636e-11,1.0000002176678398,1.0000002135699158,1.000000865384731,6.012418890785919e-11,1.0000002178138732,6.015373340180028e-11,6.486864585914329e-11,1.0000002141203588,1.000000217667838,5.554203888443645e-11
9.291420733733842e-07,6.012418905326061e-11,6.012418893318728e-11,6.9193206498364505e-18,6.798773244219643e-18,8.445155416417799e-18,7.03994979561038e-18,6.685052037095345e-18,6.569636264308007e-18,6.328918440841131e-18,6.798773244219643e-18,6.012418889879001e-11,8.58044872396882e-18,6.7749583240527225e-18,6.328918825393435e-18,7.87230721027813e-18,6.01241889946199e-11,6.012418893318728e-11,6.01241888959311e-11,7.031382027846586e-18,6.012418891915593e-11,7.964225987051166e-18,1.1947668428537884e-07,8.23915080513101e-18,6.012418889879001e-11,7.282001707048168e-18,7.048985987705553e-18,7.022123241024195e-18,6.130437827896383e-18,6.678534309488242e-18,6.012418891915593e-11,6.7749583240527225e-18,6.568118141023822e-18,8.560093206924597e-18,6.758710602947906e-18,6.012418891915593e-11,1.1947668393507116e-07,6.012418890785919e-11,6.477170455622503e-07,6.012418902786721e-11,6.852856680935692e-18,1.5451151937158874e-14,6.012418875027027e-11,6.012418889879001e-11,6.60876402456171e-18
1.0000003726753715,1.0000002178138725,1.0000002178138712,5.584062984459817e-11,5.5909081435085587e-11,7.090530579362969e-11,5.978602075019404e-11,5.586162310475623e-11,5.5885719449982005e-11,5.582443829429222e-11,5.590908209149244e-11,1.000000217813872,7.070656225976978e-11,5.588117027849237e-11,5.5824438939848755e-11,1.2917325007385015e-07,1.000000217392789,1.0000002178138707,1.0000002162600188,5.57269305938195e-11,1.0000002178138716,6.469519047175715e-11,1.000000216133495,7.070656220830558e-11,1.0000002178138725,6.021266982007156e-11,6.017849486666378e-11,5.5843905089560554e-11,5.579817970135372e-11,5.586991934410173e-11,1.000000217813872,5.588117071424937e-11,5.583721306539712e-11,7.087531814372221e-11,6.009443353084434e-11,1.0000002178138716,1.0000002137159503,1.0000002178138732,6.012418902786721e-11,1.0000008656767974,6.015373348465459e-11,6.486864586615973e-11,1.000000214266391,1.000000217813872,5.554203891405531e-11
9.292007859064109e-07,6.015373340180028e-11,6.01537334708001e-11,6.507227993995819e-18,6.657015171478655e-18,8.36786315197829e-18,6.8080673228540604e-18,6.951060608947936e-18,6.4504667638421694e-18,6.673872209339573e-18,6.863527893902966e-18,6.015373340180028e-11,8.427602285712321e-18,6.597497054961365e-18,6.673872209339573e-18,7.809987108001008e-18,6.015373339077198e-11,6.015373341271017e-11,6.015373335142684e-11,6.541882607039605e-18,6.01537334390001e-11,7.62181984746167e-18,6.015373342148414e-11,8.427602285712321e-18,6.01537334708001e-11,7.131561904508973e-18,7.142560899603906e-18,6.973738635042329e-18,6.778822158128276e-18,6.827292717070125e-18,6.015373352259857e-11,6.597497054961365e-18,1.3299537207691639e-14,8.410846885566397e-18,7.302518790159802e-18,6.015373340180028e-11,1.195353936537927e-07,6.015373340180028e-11,6.852856680935692e-18,6.015373348465459e-11,6.477170455395048e-07,1.5458820224165648e-14,1.1953539373224478e-07,6.01537334390001e-11,6.760934737098123e-18
