1.0000000000023246,9.520422663094892e-11,1.0659356702741385e-10,4.6811781217935374e-11,2.1312321887330128e-10,0.9999999995239659,1.0097641839376568e-10,1.0284475626893102e-10,-2.710682718036284e-11,9.519964961948493e-11,1.0000000003108926,8.927740269754091e-11,7.288581050444439e-11,6.561643848602336e-11,1.0659104766238694e-10,2.99714603934161e-11,0.9999999998635603,1.0074022765761858e-10,8.927563342685085e-11,1.0000000003109009,8.581503613413651e-11,4.754430153667629e-10,1.8144828335574546e-10,-5.8154373938675336e-11,0.9999999995602689,8.927567394015576e-11,-1.7983352999692526e-10,5.825430879462922e-11,0.999999999820672,4.754420851215034e-10,1.0000000003055465,9.519964741665875e-11,-5.8152609927796724e-11,6.561269346302498e-11,9.519852264984769e-11,3.9572186389553174e-10,1.0550512162935309e-10,1.000000000310899,1.0000000003109009
9.520422663094892e-11,6.902942844078731e-10,1.557322098513589e-15,1.9291799356382566e-15,2.1197480480149397e-15,-2.0322036069316045e-11,1.5493437756323684e-15,1.5370114433940402e-15,1.9006151887843884e-15,2.5345307471534503e-12,-1.989786000783159e-14,1.555777586727974e-15,1.8565209862593043e-15,2.3457492169535644e-15,1.5574724971730534e-15,3.8297741186501465e-12,-1.454917981245693e-14,1.5661653893678203e-15,1.555777586727974e-15,-1.9897972915464714e-14,1.8634030312719736e-15,2.2820835410371556e-15,2.3017841978755303e-15,1.7522553882212143e-15,-1.088149608427669e-14,1.555777586727974e-15,2.3710999107354048e-15,1.8703826861940957e-15,-1.485113488098411e-14,2.2823891481527313e-15,-1.9927559255070756e-14,2.534530747166182e-12,1.7525859743150075e-15,2.3454986178365713e-15,2.5345307471690092e-12,4.597251637893147e-12,1.880017401133934e-15,-1.9897972915464714e-14,-1.9898109395582356e-14
1.0659356702741385e-10,1.557322098513589e-15,6.915178864645974e-10,2.342149467562105e-15,2.5805763378241513e-15,5.852499950871987e-12,1.885683784261783e-15,1.8712029270675484e-15,2.3085203734803433e-15,1.5574013500863254e-15,-8.762743000174375e-15,1.89255914175965e-15,2.2569041799503164e-15,2.846627762976224e-15,3.759842579060902e-12,2.3580050946907574e-15,-2.2743616580014704e-15,1.9053917683889173e-15,1.8932207027888705e-15,-8.762708797729225e-15,4.495348582452796e-12,2.772426232506125e-15,2.7947365746267776e-15,2.135245184285725e-15,4.3627421238426415e-12,1.8928811059896764e-15,2.8777307884977266e-15,2.2732207076894487e-15,-2.6400395718745365e-15,2.772426232506125e-15,-8.800564986610287e-15,1.5572943131010248e-15,2.1351382380512782e-15,2.8467931907403042e-15,1.557472499219829e-15,2.83400539326122e-15,2.284276666468802e-15,-8.762708797729225e-15,-8.762708797748489e-15
4.6811781217935374e-11,1.9291799356382566e-15,2.342149467562105e-15,6.934968266972217e-10,3.194304461890295e-15,-3.463918053798276e-11,2.330748910061288e-15,2.3136263490438473e-15,2.8496974304646732e-15,1.9291799356382724e-15,-3.186839673265077e-14,2.3394156837852134e-15,2.7877950723551854e-15,3.5117611204802194e-15,2.3422303614671252e-15,5.807826347603516e-12,-4.7377552934151174e-11,2.3552456521439032e-15,2.3394156837852134e-15,-3.1868396730135726e-14,2.7983400075825606e-15,3.4229322980352293e-15,3.448542053025711e-15,2.642892911001775e-15,-3.647735289967545e-11,2.3392449397967437e-15,3.54915330883849e-15,2.8072207595674437e-15,-2.4329374746747545e-14,3.4229322980352293e-15,-3.191676265610265e-14,1.928298536840766e-15,2.6429235460240354e-15,3.5117611204802194e-15,1.9291799356382566e-15,3.525355058653286e-15,2.820874256797351e-15,-3.18690739017353e-14,-3.186844046725261e-14
2.1312321887330128e-10,2.1197480480149397e-15,2.5805763378241513e-15,3.194304461890295e-15,6.94716005205715e-10,1.3858587256268362e-10,2.5680158948255014e-15,5.060267091154496e-12,3.146429745300207e-15,2.119766565290868e-15,5.3787213008189443e-14,2.577653486189386e-15,3.0747462988873208e-15,3.881532713579112e-15,2.580582190745311e-15,6.348642874781998e-12,1.2443645573577474e-10,2.596579709731235e-15,2.5776534875975077e-15,5.3787252724335055e-14,3.087362981731154e-15,7.49585896789536e-12,3.810517275611916e-15,5.766292020860555e-12,1.3654683183240663e-10,2.5776534875975077e-15,3.924528275428886e-15,3.0979325769887682e-15,1.2344495599569236e-10,7.495858967894998e-12,5.373145336558074e-14,2.1197646398648842e-15,5.766292020862132e-12,3.8820281406029225e-15,2.1197480480149397e-15,7.597529767274181e-12,3.112853495269767e-15,5.378721300802502e-14,5.378725272454262e-14
0.9999999995239659,-2.0322036069316045e-11,5.852499950871987e-12,-3.463918053798276e-11,1.3858587256268362e-10,0.9999999976205322,-5.817322280199763e-13,-3.023619007224413e-13,-1.1024614800271622e-10,-2.0325474665771154e-11,0.9999999972826876,-1.1570705866865123e-11,-1.2925423913327677e-11,4.971928507491396e-12,5.85025965361317e-12,-5.694481737510531e-11,0.99999999708087,2.8911885353393517e-13,-1.1571300244986753e-11,0.9999999972826876,1.5442429172784377e-13,4.1070052970445987e-10,1.1730343445108067e-10,-1.5102700979142053e-10,0.999999996941736,-1.157087201221721e-11,-2.392284432933297e-10,-2.699823960169071e-11,0.9999999970238637,4.107006504593953e-10,0.9999999972788601,-2.0325573129249067e-11,-1.5102720834415342e-10,4.970864429746718e-12,-2.0326935579486028e-11,3.281846143539243e-10,2.1161948099170436e-11,0.9999999972826886,0.9999999972826876
1.0097641839376568e-10,1.5493437756323684e-15,1.885683784261783e-15,2.330748910061288e-15,2.5680158948255014e-15,-5.817322280199763e-13,6.914847733807127e-10,1.8608845490157106e-15,2.297594600352261e-15,1.5489984822651232e-15,-1.1937698294329794e-14,1.8831573221168433e-15,2.2462581662121328e-15,2.8337395573875205e-15,1.885683784261783e-15,2.3458193866538256e-15,-5.4856128881519536e-15,3.762812453937074e-12,1.883774161580008e-15,-1.1937798521172892e-14,4.473310970679061e-12,2.758622821435322e-15,2.7809223544354673e-15,2.124635373578709e-15,-2.0628323098665984e-12,1.8829866478725057e-15,2.86398295156121e-15,4.488870344564628e-12,-5.848501705623712e-15,2.759286983144329e-15,-1.197442128999135e-14,1.549343775242065e-15,2.124659153057433e-15,2.8337395573875205e-15,1.5491141873077645e-15,5.597813690615952e-12,2.273430457244151e-15,-1.1937637488693069e-14,-1.1937798521172892e-14
1.0284475626893102e-10,1.5370114433940402e-15,1.8712029270675484e-15,2.3136263490438473e-15,5.060267091154496e-12,-3.023619007224413e-13,1.8608845490157106e-15,6.91420561336913e-10,2.2818291011610865e-15,1.536786268236161e-15,-1.1686659249775499e-14,1.869823449422626e-15,2.230329261820459e-15,2.813915944932959e-15,1.8712029271971602e-15,4.6207399915239925e-12,-5.293537882129896e-15,1.8819416433147526e-15,1.869341193124991e-15,-1.1686620700052358e-14,2.2381350804268008e-15,2.739653902714064e-15,2.7612661612665646e-15,4.183757950898793e-12,-1.7688999702810445e-12,1.8695819546453056e-15,2.8435778567066804e-15,2.2461580221815847e-15,-5.654685633435611e-15,2.740022660350597e-15,-1.1720320710362292e-14,1.5368816784873816e-15,4.183757950899088e-12,2.8139424396766736e-15,1.5368816784814352e-15,5.566099562782594e-12,2.2565631878104353e-15,-1.1686624222232322e-14,-1.1686422267546918e-14
-2.710682718036284e-11,1.9006151887843884e-15,2.3085203734803433e-15,2.8496974304646732e-15,3.146429745300207e-15,-1.1024614800271622e-10,2.297594600352261e-15,2.2818291011610865e-15,6.93335132960002e-10,1.9002217623140308e-15,-6.977343624325862e-14,2.305867712154606e-15,5.454995642968798e-12,3.4637734114443294e-15,2.308767987945813e-15,5.717516486270075e-12,-1.228207579160527e-10,2.322182395372032e-15,2.306475432364673e-15,-6.977328344904305e-14,2.758769483301072e-15,3.3751682388339325e-15,3.4019313953743754e-15,2.6043451503272316e-15,-1.120602675302569e-10,2.306475432364673e-15,3.501147578866939e-15,2.768041009840873e-15,-6.232906819301555e-14,3.3750110763776543e-15,-6.982101568913797e-14,1.900160395868716e-15,2.6043395619610973e-15,3.4633272620863007e-15,1.900160395868716e-15,3.467075560173292e-15,2.7815001409712664e-15,-6.977328344904305e-14,-6.977343624325862e-14
9.519964961948493e-11,2.5345307471534503e-12,1.5574013500863254e-15,1.9291799356382724e-15,2.119766565290868e-15,-2.0325474665771154e-11,1.5489984822651232e-15,1.536786268236161e-15,1.9002217623140308e-15,6.902942844078731e-10,-1.9899445820498577e-14,1.5557775840896488e-15,1.8567115742830973e-15,2.3455466097873103e-15,1.5574013521080809e-15,3.829774118659456e-12,-1.455102006125492e-14,1.566147846376e-15,1.5556821408601904e-15,-1.9899465173204428e-14,1.863552554873094e-15,2.282520285608848e-15,2.3017841984535507e-15,1.7528654460748617e-15,-1.088304843259447e-14,1.5556821408601904e-15,2.3710380636149156e-15,1.8702686698377248e-15,-1.4852614679676987e-14,2.2820835410371556e-15,-1.992854209457498e-14,2.534530747172607e-12,1.7525859743150075e-15,2.345498621075827e-15,2.5345307471754344e-12,4.597251637906754e-12,1.880007213137319e-15,-1.9899465173204428e-14,-1.989935853913118e-14
1.0000000003108926,-1.989786000783159e-14,-8.762743000174375e-15,-3.186839673265077e-14,5.3787213008189443e-14,0.9999999972826876,-1.1937698294329794e-14,-1.1686659249775499e-14,-6.977343624325862e-14,-1.9899445820498577e-14,0.9999999984611357,-1.752637424889379e-14,-2.0446730769532042e-14,-1.502671942332653e-14,-8.763843420247028e-15,-4.3410241428935224e-14,0.9999999974934345,-1.1616623823257487e-14,-1.7526991260828027e-14,0.9999999977733652,-1.3895505753393603e-14,1.897853902301865e-13,4.189249540595047e-14,-8.930401903950566e-14,0.9999999973006859,-1.7526978773753064e-14,-1.3821388898760034e-13,-2.7619660615086404e-14,0.9999999974408715,1.8978534359670098e-13,0.9999999977698578,-1.9899613841211478e-14,-8.930423278093662e-14,-1.5027113509147362e-14,-1.9900162362853848e-14,1.4739680463459342e-13,-3.432490422497342e-15,0.999999997773366,0.9999999977733652
8.927740269754091e-11,1.555777586727974e-15,1.89255914175965e-15,2.3394156837852134e-15,2.577653486189386e-15,-1.1570705866865123e-11,1.8831573221168433e-15,1.869823449422626e-15,2.305867712154606e-15,1.5557775840896488e-15,-1.752637424889379e-14,6.915132164804855e-10,2.254588110583698e-15,2.843659028888711e-15,1.8928811059896764e-15,2.3551002644533828e-15,-1.1045084485248576e-14,1.903691511419848e-15,3.751605173889901e-12,-1.7526675296099977e-14,2.2631332543795246e-15,2.7690641442823943e-15,2.7920650983454346e-15,2.1328984695685107e-15,-1.3058774583939526e-11,3.751605173889135e-12,2.8747920380051194e-15,2.2710424676067974e-15,-1.1410628244957807e-14,2.7696712157552275e-15,-1.7564321776132472e-14,1.555420195392199e-15,2.133097523548043e-15,2.843659028888711e-15,1.555777586727974e-15,2.8307717118848795e-15,2.2821856174772734e-15,-1.7526675296619887e-14,-1.7526247633795024e-14
7.288581050444439e-11,1.8565209862593043e-15,2.2569041799503164e-15,2.7877950723551854e-15,3.0747462988873208e-15,-1.2925423913327677e-11,2.2462581662121328e-15,2.230329261820459e-15,5.454995642968798e-12,1.8567115742830973e-15,-2.0446730769532042e-14,2.254588110583698e-15,6.930980275183225e-10,3.388650551384236e-15,2.2569041799503164e-15,5.581571280038348e-12,-2.5231325620931145e-11,2.270331920257412e-15,2.255234652994754e-15,-2.044673076973721e-14,2.6973648576387015e-15,3.3006587491561114e-15,6.602054365230986e-12,2.5444136548781514e-15,-1.470031712375943e-11,2.2547367607267577e-15,3.4245465391553448e-15,2.7072023426611235e-15,-1.31584697092866e-14,3.3012453021739076e-15,-2.0493166296954843e-14,1.8565295611186125e-15,2.5444136574657098e-15,3.3886505513847832e-15,1.8565209860743842e-15,6.7100568235500695e-12,2.719928606130604e-15,-2.0446730769532042e-14,-2.0446730769532042e-14
6.561643848602336e-11,2.3457492169535644e-15,2.846627762976224e-15,3.5117611204802194e-15,3.881532713579112e-15,4.971928507491396e-12,2.8337395573875205e-15,2.813915944932959e-15,3.4637734114443294e-15,2.3455466097873103e-15,-1.502671942332653e-14,2.843659028888711e-15,3.388650551384236e-15,6.962259828282885e-10,2.847129384483162e-15,3.559674267154367e-15,-1.0524326687339362e-11,2.863376465095613e-15,2.8439207601074663e-15,-1.5027214928867582e-14,3.4005063550164103e-15,4.1583805795882235e-15,4.19101185420002e-15,3.2127786443016123e-15,2.735542231442786e-12,2.843659029744384e-15,4.311610123567421e-15,3.4124247184301328e-15,-1.1612110391095187e-11,4.158293978008529e-15,-1.508753084824674e-14,2.345498621075827e-15,3.2129188493274984e-15,8.465177587461274e-12,2.3454986218312315e-15,8.503494068617035e-12,3.4280637385922403e-15,-1.502721493011917e-14,-1.502671942332653e-14
1.0659104766238694e-10,1.5574724971730534e-15,3.759842579060902e-12,2.3422303614671252e-15,2.580582190745311e-15,5.85025965361317e-12,1.885683784261783e-15,1.8712029271971602e-15,2.308767987945813e-15,1.5574013521080809e-15,-8.763843420247028e-15,1.8928811059896764e-15,2.2569041799503164e-15,2.847129384483162e-15,6.915178864645974e-10,2.357740079583502e-15,-2.2755592047627493e-15,1.9060552737848502e-15,1.8932207027888705e-15,-8.763877141930612e-15,4.4953485824344075e-12,2.772626073677413e-15,2.7947365746267776e-15,2.135245184285725e-15,4.360501826596594e-12,1.8932207027888705e-15,2.8773269638741534e-15,2.273000294238878e-15,-2.6414235450192032e-15,2.7726213900559115e-15,-8.801761462042023e-15,1.5574724971730534e-15,2.135245184285725e-15,2.8469315208182282e-15,1.5572943131010248e-15,2.833780240786207e-15,2.284276666468802e-15,-8.763877141930612e-15,-8.763877142765438e-15
2.99714603934161e-11,3.8297741186501465e-12,2.3580050946907574e-15,5.807826347603516e-12,6.348642874781998e-12,-5.694481737510531e-11,2.3458193866538256e-15,4.6207399915239925e-12,5.717516486270075e-12,3.829774118659456e-12,-4.3410241428935224e-14,2.3551002644533828e-15,5.581571280038348e-12,3.559674267154367e-15,2.357740079583502e-15,6.935113673570857e-10,-6.992891318829121e-11,2.373512953867372e-15,2.3551445912759606e-15,-4.341013389955356e-14,2.8244459548104007e-15,3.4583842686822856e-15,6.928569023171164e-12,5.257545056405421e-12,-5.881351043791157e-11,2.3551445908265856e-15,3.600328682080854e-15,2.8348318629656646e-15,-3.5698391023628014e-14,3.4586073235002753e-15,-8.624069088711605e-11,3.829774118677783e-12,5.2575450564078284e-12,3.559689323777051e-15,3.8297741186811246e-12,6.863320227032251e-12,2.849325280195125e-15,-4.3410014889283913e-14,-4.341013389955356e-14
0.9999999998635603,-1.454917981245693e-14,-2.2743616580014704e-15,-4.7377552934151174e-11,1.2443645573577474e-10,0.99999999708087,-5.4856128881519536e-15,-5.293537882129896e-15,-1.228207579160527e-10,-1.455102006125492e-14,0.9999999974934345,-1.1045084485248576e-14,-2.5231325620931145e-11,-1.0524326687339362e-11,-2.2755592047627493e-15,-6.992891318829121e-11,0.9999999979446,-5.09937776591373e-15,-1.1045782562630936e-14,0.9999999974934334,-6.15048961170296e-15,3.955848305367162e-10,1.0210455207449362e-10,-8.197236639456368e-14,0.9999999970938415,-1.1045577648385532e-14,-2.548755494323011e-10,-1.984985982474299e-14,0.9999999972018073,3.955849512916408e-10,0.9999999974897407,-1.455113365127339e-14,-8.197178511208146e-14,-1.0525390765093503e-11,-1.455172979073796e-14,3.1236789453030633e-10,4.378134936507262e-15,0.999999997493435,0.9999999974934334
1.0074022765761858e-10,1.5661653893678203e-15,1.9053917683889173e-15,2.3552456521439032e-15,2.596579709731235e-15,2.8911885353393517e-13,3.762812453937074e-12,1.8819416433147526e-15,2.322182395372032e-15,1.566147846376e-15,-1.1616623823257487e-14,1.903691511419848e-15,2.270331920257412e-15,2.863376465095613e-15,1.9060552737848502e-15,2.373512953867372e-15,-5.09937776591373e-15,6.915624481698637e-10,1.903876850061674e-15,-1.1616424954820347e-14,2.2783432670702484e-15,2.7882255743370125e-15,2.810398357075714e-15,2.1477894162823607e-15,-1.207373868823052e-12,1.9035184403683603e-15,2.8937396414331355e-15,4.5368271251080215e-12,-5.467130118664777e-15,2.7884448124608267e-15,-1.1654099803182099e-14,1.5661653893678203e-15,2.1477894162823607e-15,2.863317728966877e-15,1.5661653893678203e-15,5.6664912299944765e-12,2.297324466262144e-15,-1.1616832725430606e-14,-1.1616832725806241e-14
8.927563342685085e-11,1.555777586727974e-15,1.8932207027888705e-15,2.3394156837852134e-15,2.5776534875975077e-15,-1.1571300244986753e-11,1.883774161580008e-15,1.869341193124991e-15,2.306475432364673e-15,1.5556821408601904e-15,-1.7526991260828027e-14,3.751605173889901e-12,2.255234652994754e-15,2.8439207601074663e-15,1.8932207027888705e-15,2.3551445912759606e-15,-1.1045782562630936e-14,1.903876850061674e-15,6.915132164804855e-10,-1.7526940364123553e-14,2.2631332516966635e-15,2.7695361648176528e-15,2.7918927768897983e-15,2.133097523548043e-15,-1.3059368962064257e-11,3.7516051738917776e-12,2.8747920380051194e-15,2.2710424676067974e-15,-1.1411080223711805e-14,2.7695361648176528e-15,-1.7564502395784892e-14,1.555766504830826e-15,2.1332711249198003e-15,2.843659028888711e-15,1.5557775840896488e-15,2.830770120440812e-15,2.2821856174772734e-15,-1.7526474625108994e-14,-1.7526474625108994e-14
1.0000000003109009,-1.9897972915464714e-14,-8.762708797729225e-15,-3.1868396730135726e-14,5.3787252724335055e-14,0.9999999972826876,-1.1937798521172892e-14,-1.1686620700052358e-14,-6.977328344904305e-14,-1.9899465173204428e-14,0.9999999977733652,-1.7526675296099977e-14,-2.044673076973721e-14,-1.5027214928867582e-14,-8.763877141930612e-15,-4.341013389955356e-14,0.9999999974934334,-1.1616424954820347e-14,-1.7526940364123553e-14,0.9999999984611339,-1.38955057533754e-14,1.8978540983524318e-13,4.189249540706492e-14,-8.930419792391685e-14,0.9999999973006858,-1.7526316515595477e-14,-1.3821442420011423e-13,-2.7619159725214626e-14,0.9999999974408715,1.897854927733513e-13,0.999999997769857,-1.9899729576423908e-14,-8.93042110683561e-14,-1.5027113511939125e-14,-1.9900162362853848e-14,1.4739680463459342e-13,-3.432039736533202e-15,0.9999999977733657,0.9999999977733647
8.581503613413651e-11,1.8634030312719736e-15,4.495348582452796e-12,2.7983400075825606e-15,3.087362981731154e-15,1.5442429172784377e-13,4.473310970679061e-12,2.2381350804268008e-15,2.758769483301072e-15,1.863552554873094e-15,-1.3895505753393603e-14,2.2631332543795246e-15,2.6973648576387015e-15,3.4005063550164103e-15,4.4953485824344075e-12,2.8244459548104007e-15,-6.15048961170296e-15,2.2783432670702484e-15,2.2631332516966635e-15,-1.38955057533754e-14,6.931324490746729e-10,3.3127780465086954e-15,3.3386477981400588e-15,2.554246546730524e-15,-1.625347707395552e-12,2.263266173533082e-15,3.436925524482168e-15,2.7177782935018017e-15,-1.3051356185439756e-11,3.3127600291916335e-15,-1.3941351741971308e-14,1.8634030312719736e-15,2.5546621826364114e-15,3.400702028628458e-15,1.8632917819076676e-15,6.742713455722465e-12,2.7303117761431467e-15,-1.3895218591486134e-14,-1.3895505753393603e-14
4.754430153667629e-10,2.2820835410371556e-15,2.772426232506125e-15,3.4229322980352293e-15,7.49585896789536e-12,4.1070052970445987e-10,2.758622821435322e-15,2.739653902714064e-15,3.3751682388339325e-15,2.282520285608848e-15,1.897853902301865e-13,2.7690641442823943e-15,3.3006587491561114e-15,4.1583805795882235e-15,2.772626073677413e-15,3.4583842686822856e-15,3.955848305367162e-10,2.7882255743370125e-15,2.7695361648176528e-15,1.8978540983524318e-13,3.3127780465086954e-15,6.957962466892019e-10,4.084757875288725e-15,3.127261303533452e-15,4.085199106925371e-10,2.7691333971652767e-15,4.203412983886375e-15,3.324707665563989e-15,3.945240129880041e-10,8.041467080356479e-12,1.8972619432530706e-13,2.282520285608848e-15,3.1262772457529623e-15,4.158294330135596e-15,2.2823891481527313e-15,8.2518335058695e-12,3.339987266507683e-15,1.8978555123996088e-13,1.8978539022985148e-13
1.8144828335574546e-10,2.3017841978755303e-15,2.7947365746267776e-15,3.448542053025711e-15,3.810517275611916e-15,1.1730343445108067e-10,2.7809223544354673e-15,2.7612661612665646e-15,3.4019313953743754e-15,2.3017841984535507e-15,4.189249540595047e-14,2.7920650983454346e-15,6.602054365230986e-12,4.19101185420002e-15,2.7947365746267776e-15,6.928569023171164e-12,1.0210455207449362e-10,2.810398357075714e-15,2.7918927768897983e-15,4.189249540706492e-14,3.3386477981400588e-15,4.084757875288725e-15,6.959270583454477e-10,3.1530355131438806e-15,1.1511031335340646e-10,2.791952975111527e-15,4.2348089365918796e-15,3.3502515144334138e-15,5.088928018998998e-14,4.084950353587905e-15,8.307212969363231e-11,2.3006976073810726e-15,3.1530355131032692e-15,4.19101185420002e-15,2.3017841984535507e-15,8.345782569178112e-12,3.3661224307071684e-15,4.189247963922973e-14,4.1892479637783194e-14
-5.8154373938675336e-11,1.7522553882212143e-15,2.135245184285725e-15,2.642892911001775e-15,5.766292020860555e-12,-1.5102700979142053e-10,2.124635373578709e-15,4.183757950898793e-12,2.6043451503272316e-15,1.7528654460748617e-15,-8.930401903950566e-14,2.1328984695685107e-15,2.5444136548781514e-15,3.2127786443016123e-15,2.135245184285725e-15,5.257545056405421e-12,-8.197236639456368e-14,2.1477894162823607e-15,2.133097523548043e-15,-8.930419792391685e-14,2.554246546730524e-15,3.127261303533452e-15,3.1530355131438806e-15,6.925283773492754e-10,-1.527084010837197e-10,2.1328984702950883e-15,3.2486886787690727e-15,2.563291440783239e-15,-1.6351332075619478e-10,3.1262772457529623e-15,-8.934656464401329e-14,1.7522553890740298e-15,4.77146437099584e-12,3.2129188493274984e-15,1.7525859743150075e-15,6.308582338868462e-12,5.112385702453457e-12,-8.930440293794206e-14,-8.93043685521177e-14
0.9999999995602689,-1.088149608427669e-14,4.3627421238426415e-12,-3.647735289967545e-11,1.3654683183240663e-10,0.999999996941736,-2.0628323098665984e-12,-1.7688999702810445e-12,-1.120602675302569e-10,-1.088304843259447e-14,0.9999999973006859,-1.3058774583939526e-11,-1.470031712375943e-11,2.735542231442786e-12,4.360501826596594e-12,-5.881351043791157e-11,0.9999999970938415,-1.207373868823052e-12,-1.3059368962064257e-11,0.9999999973006858,-1.625347707395552e-12,4.085199106925371e-10,1.1511031335340646e-10,-1.527084010837197e-10,0.9999999976390102,-1.3058940729298602e-11,-2.414868696994505e-10,-2.8783967910855278e-11,0.9999999970371237,4.0852003144746886e-10,0.9999999972968787,-1.0882959104542899e-14,-1.5270859963645182e-10,2.7344781536790288e-12,-1.0883880590217453e-14,3.259108507323211e-10,1.9366530427739654e-11,0.9999999973006858,0.9999999973006858
8.927567394015576e-11,1.555777586727974e-15,1.8928811059896764e-15,2.3392449397967437e-15,2.5776534875975077e-15,-1.157087201221721e-11,1.8829866478725057e-15,1.8695819546453056e-15,2.306475432364673e-15,1.5556821408601904e-15,-1.7526978773753064e-14,3.751605173889135e-12,2.2547367607267577e-15,2.843659029744384e-15,1.8932207027888705e-15,2.3551445908265856e-15,-1.1045577648385532e-14,1.9035184403683603e-15,3.7516051738917776e-12,-1.7526316515595477e-14,2.263266173533082e-15,2.7691333971652767e-15,2.791952975111527e-15,2.1328984702950883e-15,-1.3058940729298602e-11,6.915132164804855e-10,2.874400216156285e-15,2.2713441608589244e-15,-1.1410745330924181e-14,2.7695361648176528e-15,-1.7564687595871602e-14,1.555766504830826e-15,2.1332711249198003e-15,2.843659028888711e-15,1.555777586727974e-15,2.8309114887589157e-15,2.2821856174772734e-15,-1.752632143051274e-14,-1.752631651525227e-14
-1.7983352999692526e-10,2.3710999107354048e-15,2.8777307884977266e-15,3.54915330883849e-15,3.924528275428886e-15,-2.392284432933297e-10,2.86398295156121e-15,2.8435778567066804e-15,3.501147578866939e-15,2.3710380636149156e-15,-1.3821388898760034e-13,2.8747920380051194e-15,3.4245465391553448e-15,4.311610123567421e-15,2.8773269638741534e-15,3.600328682080854e-15,-2.548755494323011e-10,2.8937396414331355e-15,2.8747920380051194e-15,-1.3821442420011423e-13,3.436925524482168e-15,4.203412983886375e-15,4.2348089365918796e-15,3.2486886787690727e-15,-2.414868696994505e-10,2.874400216156285e-15,6.963982930848898e-10,3.4481853266930574e-15,-2.559744182717959e-10,4.203412981498196e-15,-1.3827468780851964e-13,2.371095251562737e-15,3.2476906130330298e-15,4.311610123567421e-15,2.371095251563216e-15,4.337888935846469e-15,3.4641540963065435e-15,-1.3821385739326138e-13,-1.3821388898760034e-13
5.825430879462922e-11,1.8703826861940957e-15,2.2732207076894487e-15,2.8072207595674437e-15,3.0979325769887682e-15,-2.699823960169071e-11,4.488870344564628e-12,2.2461580221815847e-15,2.768041009840873e-15,1.8702686698377248e-15,-2.7619660615086404e-14,2.2710424676067974e-15,2.7072023426611235e-15,3.4124247184301328e-15,2.273000294238878e-15,2.8348318629656646e-15,-1.984985982474299e-14,4.5368271251080215e-12,2.2710424676067974e-15,-2.7619159725214626e-14,2.7177782935018017e-15,3.324707665563989e-15,3.3502515144334138e-15,2.563291440783239e-15,-2.8783967910855278e-11,2.2713441608589244e-15,3.4481853266930574e-15,6.931654850966118e-10,-4.0247714059468905e-11,3.324443510946672e-15,-2.7665037661585624e-14,1.8702686698377248e-15,2.563291440529157e-15,3.4123522212033954e-15,1.8703593376549595e-15,6.76845458550908e-12,2.7395973267351917e-15,-2.761886578167697e-14,-2.7619660615086404e-14
0.999999999820672,-1.485113488098411e-14,-2.6400395718745365e-15,-2.4329374746747545e-14,1.2344495599569236e-10,0.9999999970238637,-5.848501705623712e-15,-5.654685633435611e-15,-6.232906819301555e-14,-1.4852614679676987e-14,0.9999999974408715,-1.1410628244957807e-14,-1.31584697092866e-14,-1.1612110391095187e-11,-2.6414235450192032e-15,-3.5698391023628014e-14,0.9999999972018073,-5.467130118664777e-15,-1.1411080223711805e-14,0.9999999974408715,-1.3051356185439756e-11,3.945240129880041e-10,5.088928018998998e-14,-1.6351332075619478e-10,0.9999999970371237,-1.1410745330924181e-14,-2.559744182717959e-10,-4.0247714059468905e-11,0.9999999978346854,3.9452413374293467e-10,0.9999999974371903,-1.4852796228609132e-14,-1.635135193089387e-10,-1.161317446885827e-11,-1.4853547020436537e-14,3.112674446568607e-10,7.84173024750561e-12,0.9999999974408731,0.9999999974408718
4.754420851215034e-10,2.2823891481527313e-15,2.772426232506125e-15,3.4229322980352293e-15,7.495858967894998e-12,4.107006504593953e-10,2.759286983144329e-15,2.740022660350597e-15,3.3750110763776543e-15,2.2820835410371556e-15,1.8978534359670098e-13,2.7696712157552275e-15,3.3012453021739076e-15,4.158293978008529e-15,2.7726213900559115e-15,3.4586073235002753e-15,3.955849512916408e-10,2.7884448124608267e-15,2.7695361648176528e-15,1.897854927733513e-13,3.3127600291916335e-15,8.041467080356479e-12,4.084950353587905e-15,3.1262772457529623e-15,4.0852003144746886e-10,2.7695361648176528e-15,4.203412981498196e-15,3.324443510946672e-15,3.9452413374293467e-10,6.957962466892019e-10,1.8972667862742426e-13,2.282520285608848e-15,3.1273145875404034e-15,4.158293978008529e-15,2.2820835410371556e-15,8.251833505869443e-12,3.339910955866002e-15,1.8978534359670098e-13,1.8978534359670098e-13
1.0000000003055465,-1.9927559255070756e-14,-8.800564986610287e-15,-3.191676265610265e-14,5.373145336558074e-14,0.9999999972788601,-1.197442128999135e-14,-1.1720320710362292e-14,-6.982101568913797e-14,-1.992854209457498e-14,0.9999999977698578,-1.7564321776132472e-14,-2.0493166296954843e-14,-1.508753084824674e-14,-8.801761462042023e-15,-8.624069088711605e-11,0.9999999974897407,-1.1654099803182099e-14,-1.7564502395784892e-14,0.999999997769857,-1.3941351741971308e-14,1.8972619432530706e-13,8.307212969363231e-11,-8.934656464401329e-14,0.9999999972968787,-1.7564687595871602e-14,-1.3827468780851964e-13,-2.7665037661585624e-14,0.9999999974371903,1.8972667862742426e-13,0.9999999984541135,-1.9929286448371543e-14,-8.93468888330166e-14,-1.508806249871325e-14,-1.992976793223672e-14,2.9247951087015874e-10,-3.4785639974326955e-15,0.999999997769858,0.999999997769858
9.519964741665875e-11,2.534530747166182e-12,1.5572943131010248e-15,1.928298536840766e-15,2.1197646398648842e-15,-2.0325573129249067e-11,1.549343775242065e-15,1.5368816784873816e-15,1.900160395868716e-15,2.534530747172607e-12,-1.9899613841211478e-14,1.555420195392199e-15,1.8565295611186125e-15,2.345498621075827e-15,1.5574724971730534e-15,3.829774118677783e-12,-1.455113365127339e-14,1.5661653893678203e-15,1.555766504830826e-15,-1.9899729576423908e-14,1.8634030312719736e-15,2.282520285608848e-15,2.3006976073810726e-15,1.7522553890740298e-15,-1.0882959104542899e-14,1.555766504830826e-15,2.371095251562737e-15,1.8702686698377248e-15,-1.4852796228609132e-14,2.282520285608848e-15,-1.9929286448371543e-14,6.902942844078731e-10,1.7528654460748617e-15,2.345498621075827e-15,2.5345307471881624e-12,4.597251637925983e-12,1.8798929912121e-15,-1.9899729574174054e-14,-1.9899464294572767e-14
-5.8152609927796724e-11,1.7525859743150075e-15,2.1351382380512782e-15,2.6429235460240354e-15,5.766292020862132e-12,-1.5102720834415342e-10,2.124659153057433e-15,4.183757950899088e-12,2.6043395619610973e-15,1.7525859743150075e-15,-8.930423278093662e-14,2.133097523548043e-15,2.5444136574657098e-15,3.2129188493274984e-15,2.135245184285725e-15,5.2575450564078284e-12,-8.197178511208146e-14,2.1477894162823607e-15,2.1332711249198003e-15,-8.93042110683561e-14,2.5546621826364114e-15,3.1262772457529623e-15,3.1530355131032692e-15,4.77146437099584e-12,-1.5270859963645182e-10,2.1332711249198003e-15,3.2476906130330298e-15,2.563291440529157e-15,-1.635135193089387e-10,3.1273145875404034e-15,-8.93468888330166e-14,1.7528654460748617e-15,6.925283773492754e-10,3.212971093191948e-15,1.7525232039053166e-15,6.308582338872418e-12,5.112385702453789e-12,-8.930387111506916e-14,-8.930421105966207e-14
6.561269346302498e-11,2.3454986178365713e-15,2.8467931907403042e-15,3.5117611204802194e-15,3.8820281406029225e-15,4.970864429746718e-12,2.8337395573875205e-15,2.8139424396766736e-15,3.4633272620863007e-15,2.345498621075827e-15,-1.5027113509147362e-14,2.843659028888711e-15,3.3886505513847832e-15,8.465177587461274e-12,2.8469315208182282e-15,3.559689323777051e-15,-1.0525390765093503e-11,2.863317728966877e-15,2.843659028888711e-15,-1.5027113511939125e-14,3.400702028628458e-15,4.158294330135596e-15,4.19101185420002e-15,3.2129188493274984e-15,2.7344781536790288e-12,2.843659028888711e-15,4.311610123567421e-15,3.4123522212033954e-15,-1.161317446885827e-11,4.158293978008529e-15,-1.508806249871325e-14,2.345498621075827e-15,3.212971093191948e-15,6.962259828282885e-10,2.3454986218312315e-15,8.503494068620035e-12,3.4278758205272087e-15,-1.5027515594144335e-14,-1.5027113509147362e-14
9.519852264984769e-11,2.5345307471690092e-12,1.557472499219829e-15,1.9291799356382566e-15,2.1197480480149397e-15,-2.0326935579486028e-11,1.5491141873077645e-15,1.5368816784814352e-15,1.900160395868716e-15,2.5345307471754344e-12,-1.9900162362853848e-14,1.555777586727974e-15,1.8565209860743842e-15,2.3454986218312315e-15,1.5572943131010248e-15,3.8297741186811246e-12,-1.455172979073796e-14,1.5661653893678203e-15,1.5557775840896488e-15,-1.9900162362853848e-14,1.8632917819076676e-15,2.2823891481527313e-15,2.3017841984535507e-15,1.7525859743150075e-15,-1.0883880590217453e-14,1.555777586727974e-15,2.371095251563216e-15,1.8703593376549595e-15,-1.4853547020436537e-14,2.2820835410371556e-15,-1.992976793223672e-14,2.5345307471881624e-12,1.7525232039053166e-15,2.3454986218312315e-15,6.902942844078731e-10,4.597251637929582e-12,1.8798546146674063e-15,-1.9900090804824214e-14,-1.99003056025434e-14
3.9572186389553174e-10,4.597251637893147e-12,2.83400539326122e-15,3.525355058653286e-15,7.597529767274181e-12,3.281846143539243e-10,5.597813690615952e-12,5.566099562782594e-12,3.467075560173292e-15,4.597251637906754e-12,1.4739680463459342e-13,2.8307717118848795e-15,6.7100568235500695e-12,8.503494068617035e-12,2.833780240786207e-15,6.863320227032251e-12,3.1236789453030633e-10,5.6664912299944765e-12,2.830770120440812e-15,1.4739680463459342e-13,6.742713455722465e-12,8.2518335058695e-12,8.345782569178112e-12,6.308582338868462e-12,3.259108507323211e-10,2.8309114887589157e-15,4.337888935846469e-15,6.76845458550908e-12,3.112674446568607e-10,8.251833505869443e-12,2.9247951087015874e-10,4.597251637925983e-12,6.308582338872418e-12,8.503494068620035e-12,4.597251637929582e-12,6.958504304153126e-10,6.801264411804394e-12,1.4739618214024473e-13,1.4739693874312501e-13
1.0550512162935309e-10,1.880017401133934e-15,2.284276666468802e-15,2.820874256797351e-15,3.112853495269767e-15,2.1161948099170436e-11,2.273430457244151e-15,2.2565631878104353e-15,2.7815001409712664e-15,1.880007213137319e-15,-3.432490422497342e-15,2.2821856174772734e-15,2.719928606130604e-15,3.4280637385922403e-15,2.284276666468802e-15,2.849325280195125e-15,4.378134936507262e-15,2.297324466262144e-15,2.2821856174772734e-15,-3.432039736533202e-15,2.7303117761431467e-15,3.339987266507683e-15,3.3661224307071684e-15,5.112385702453457e-12,1.9366530427739654e-11,2.2821856174772734e-15,3.4641540963065435e-15,2.7395973267351917e-15,7.84173024750561e-12,3.339910955866002e-15,-3.4785639974326955e-15,1.8798929912121e-15,5.112385702453789e-12,3.4278758205272087e-15,1.8798546146674063e-15,6.801264411804394e-12,6.932240064902999e-10,-3.4324904169792956e-15,-3.4324904169792956e-15
1.000000000310899,-1.9897972915464714e-14,-8.762708797729225e-15,-3.18690739017353e-14,5.378721300802502e-14,0.9999999972826886,-1.1937637488693069e-14,-1.1686624222232322e-14,-6.977328344904305e-14,-1.9899465173204428e-14,0.999999997773366,-1.7526675296619887e-14,-2.0446730769532042e-14,-1.502721493011917e-14,-8.763877141930612e-15,-4.3410014889283913e-14,0.999999997493435,-1.1616832725430606e-14,-1.7526474625108994e-14,0.9999999977733657,-1.3895218591486134e-14,1.8978555123996088e-13,4.189247963922973e-14,-8.930440293794206e-14,0.9999999973006858,-1.752632143051274e-14,-1.3821385739326138e-13,-2.761886578167697e-14,0.9999999974408731,1.8978534359670098e-13,0.999999997769858,-1.9899729574174054e-14,-8.930387111506916e-14,-1.5027515594144335e-14,-1.9900090804824214e-14,1.4739618214024473e-13,-3.4324904169792956e-15,0.9999999984611365,0.999999997773366
1.0000000003109009,-1.9898109395582356e-14,-8.762708797748489e-15,-3.186844046725261e-14,5.378725272454262e-14,0.9999999972826876,-1.1937798521172892e-14,-1.1686422267546918e-14,-6.977343624325862e-14,-1.989935853913118e-14,0.9999999977733652,-1.7526247633795024e-14,-2.0446730769532042e-14,-1.502671942332653e-14,-8.763877142765438e-15,-4.341013389955356e-14,0.9999999974934334,-1.1616832725806241e-14,-1.7526474625108994e-14,0.9999999977733647,-1.3895505753393603e-14,1.8978539022985148e-13,4.1892479637783194e-14,-8.93043685521177e-14,0.9999999973006858,-1.752631651525227e-14,-1.3821388898760034e-13,-2.7619660615086404e-14,0.9999999974408718,1.8978534359670098e-13,0.999999997769858,-1.9899464294572767e-14,-8.930421105966207e-14,-1.5027113509147362e-14,-1.99003056025434e-14,1.4739693874312501e-13,-3.4324904169792956e-15,0.999999997773366,0.9999999984611339
