1.0000000026765135,1.2943582957901093e-07,1.2698865765453325e-07,9.994717795720641e-08,-1.8932157783032187e-08,1.1394086986932678e-07,-2.5324419490147433e-09,-1.4752960721368593e-07,8.89584491660549e-09,1.0000008933114037,1.0000008064026016,-9.437323038946286e-09,4.5256206027256163e-07,4.3246393470923966e-08,2.59861857567762e-07,-4.2037456027714674e-08,1.0731118412871851e-07,2.9427257899992545e-07,-1.8101821695465708e-09,1.3446179840895104e-07,1.000000913900547,3.416075074035693e-08,7.370667248444662e-08,5.340669415265233e-08,1.059819039084939e-07,1.0000008777598415,1.190531409841925e-09,1.0000008354896337,3.483011651161834e-08,1.9185375935431142e-08,9.678485692713572e-08,-2.9202470891103357e-08,7.048857925008746e-08,-7.675180440619537e-09,1.1216702905223595e-07,8.224557280623675e-08,1.000000879747275,3.7371950654138655e-09,1.1106835533286615e-07,4.211549666549463e-08,-4.4754062669225946e-08,-1.0424198300804642e-07,-1.1290494171873209e-09,2.1538362330696516e-08,8.481269415931289e-08,1.0000008900060267,4.502672902342586e-07,-1.1894449791838795e-07,-3.6089147964972193e-07,7.0349900619234114e-09,1.8157982603971887e-08,7.436131410578704e-08,6.259082285791307e-08,1.084248913479419e-07,3.4388896138324965e-08,-9.908361403072843e-08,9.483473199619776e-08,-6.339945353365605e-08,1.0000008886319653,1.2752551534112813e-07,1.5402887967709688e-07,5.600912100146542e-07,-1.792090390075625e-07,-8.14370422164922e-09,-2.107568561072913e-07,4.156955407816402e-08,1.731574928199017e-07,1.0000008925068589,8.253865307523599e-08,1.0000009001239651,-1.3516460714071002e-07,4.056915410124083e-08,5.3773341575728354e-08,4.0212100163377094e-07,-3.216574427195671e-08,-7.487237729740527e-08,7.83239674473919e-08,1.6699022359669676e-07,1.0000008764559962,-2.5960960586058085e-07,1.0000008926164845,2.2627620108169072e-08,1.7574662424830867e-07,1.1329781249832178e-07,1.0000008906572553,-8.112673063584198e-08,5.8303426278381606e-08,3.994653419961188e-08,1.1676774762116752e-07,7.626587570607622e-08,1.0000008632098323,1.4553200344446926e-07,1.0000008655334884,1.9520282160669816e-07,1.0000008832146867,-1.974506722882072e-07,3.634282898135441e-08,-5.7884684221905067e-08,1.0000009040001259,1.2036006467803592e-07,1.1147589362038975e-07,-8.09052914311073e-08,-6.302517888244874e-08,-1.9566441542453035e-08,1.0000008271816858,-1.1940277123181087e-08,-1.5458898633286564e-07,4.6854395812448446e-07,-3.5950542716683313e-08,6.554860298779553e-08,6.117543913421689e-08,-1.2411350804798164e-08,5.2508423648804436e-08,-7.753438214353125e-09,-2.2344512453553796e-08,-3.854151626645031e-08,-3.727051285278909e-08,-3.895870206777204e-09,1.3838944430892226e-08,-6.605560847803164e-09,-1.0910856125040966e-07,4.2746988860335184e-08,1.0862067240410448e-07,-8.924714049146934e-08,-7.118265674776596e-08,-5.526786069346261e-08,1.5330448370194064e-07,2.2038594986380915e-07,-5.007614583277634e-08
1.2943582957901093e-07,5.267615764194845e-07,-8.125987888819159e-09,-7.389470447654952e-09,-9.24284226817743e-09,-6.551695418967711e-09,-6.4499729773022446e-09,-9.361192782152305e-09,-8.07997413720522e-09,-4.981383082560154e-08,-4.958664864800986e-08,-5.540864954873311e-09,-1.2378287669289584e-08,-7.264142784978724e-09,-8.284061903603642e-09,-6.4463892422219035e-09,-8.160637658118565e-09,-7.337603513061092e-09,-6.419452422054954e-09,-7.278902535856457e-09,-5.424269393113255e-08,-6.026956529590939e-09,-6.569886170998793e-09,-7.357480483101356e-09,-7.229248031172578e-09,-5.3362453141449295e-08,-6.130386547845577e-09,-4.83655228668022e-08,-8.120209447296434e-09,-7.311457374748878e-09,-8.157872790335457e-09,-6.50373324847953e-09,-6.537487046401214e-09,-6.505441716252869e-09,-7.373602319202285e-09,-8.050979269213595e-09,-5.448432662763063e-08,-5.429614619401912e-09,-7.291800112192656e-09,-6.12871856241878e-09,-5.974232081313151e-09,-9.322462168994783e-09,-5.982064635178666e-09,-5.904436525301946e-09,-6.665279526072994e-09,-5.1797542327285674e-08,-1.2636192813416707e-08,-9.100744315655587e-09,-9.121067084764935e-09,-8.029545644003223e-09,-6.532294537093429e-09,-5.610550351675246e-09,-8.076924256029764e-09,-7.186365548248515e-09,-6.54560842450207e-09,-5.885255024673777e-09,-7.971295175737748e-09,-5.759018471887693e-09,-4.7318380848700076e-08,-7.237122064639194e-09,-7.3899001418769325e-09,-1.287518686217099e-08,-9.318869085352532e-09,-5.933430386885218e-09,-9.142871943880912e-09,-4.961758526246407e-09,-5.553500295178014e-12,-2.8314380643961695e-11,-2.490403890390738e-12,-2.8982194679721868e-11,-5.328701239551455e-12,-5.353834710939691e-12,-3.394950884883446e-12,-6.204989368665453e-12,-4.130857046664677e-12,-2.9546958355732948e-12,-4.012111369539491e-12,-3.6555396627406944e-12,-2.4770521138449965e-11,-5.168880205553123e-12,-2.607598636250248e-11,-3.244684080822666e-12,-3.6776274314073056e-12,-3.2524027683826667e-12,-2.804814128410207e-11,-2.8731555850586492e-12,-3.6327529912844034e-12,-3.2493675391012784e-12,-5.357507565403945e-12,-4.081619074838772e-12,-2.6639804849802398e-11,-3.6420896169230895e-12,-2.888355565881728e-11,-4.0547249764943975e-12,-2.7788651667169087e-11,-4.598946999467807e-12,-3.3039844775393415e-12,-3.3830350245772635e-12,-3.040293234849504e-11,-2.581133447111088e-12,-4.046712309012528e-12,-3.26889983312468e-12,-3.3373319914668886e-12,-3.99821556574033e-12,-2.3451618644929628e-11,-3.208007309040126e-12,-4.625504708458896e-12,-6.401500584826221e-12,-4.713048963528889e-12,-3.268552973281891e-12,-3.3782277034495856e-12,-2.9852498254902054e-12,-2.706187533713904e-12,-2.6978954088939544e-12,-4.014331358300177e-12,-3.603909729318571e-12,-4.692558429141831e-12,-3.6500436927298266e-12,-4.031618389209043e-12,-4.0345628258225376e-12,-4.598436522254382e-12,-4.1254322271623335e-12,-4.117908399309032e-12,-3.0131525800147245e-12,-3.2567471230308624e-12,-3.339899673902111e-12,-3.561394059460536e-12,-3.677642615265098e-12,-4.62796077840081e-12
1.2698865765453325e-07,-8.125987888819159e-09,5.247394242661063e-07,-4.192389437287379e-12,-1.046570617301144e-08,-3.71582200926551e-12,-3.6577565601210055e-12,-1.0601287191665264e-08,-4.5829612812439725e-12,-2.0459814031940674e-11,-2.0331201024325263e-11,-3.143044128905325e-12,-1.4013981819210595e-08,-4.120609604228774e-12,-4.700375864632245e-12,-7.2961344657967975e-09,-4.6294352816813234e-12,-8.30774204203376e-09,-7.265316259417698e-09,-8.24071513480777e-09,-4.58633254976429e-08,-6.823945224113212e-09,-7.438060912978552e-09,-4.173885235508614e-12,-8.184455947787278e-09,-2.2482448969949832e-11,-3.4782977927493744e-12,-3.9181285903793995e-08,-4.606663858119687e-12,-8.279091562227486e-09,-9.236923651450691e-09,-7.3625530350141865e-09,-3.707468178489795e-12,-7.36462540234727e-09,-8.34909711764761e-09,-4.566133759531459e-12,-4.6138118181746493e-08,-3.079249323487495e-12,-4.136369016341956e-12,-3.477130883262668e-12,-6.763398671982793e-09,-5.288889041457865e-12,-3.3929853263329674e-12,-6.6834120000480865e-09,-3.781131374941112e-12,-2.159112843995232e-11,-7.169464962657712e-12,-5.161735402982286e-12,-5.173803297254273e-12,-4.554027810579513e-12,-7.394518630985914e-09,-3.183020279012684e-12,-4.581397789578393e-12,-4.075540071026e-12,-7.4096142600755935e-09,-3.3372850855349333e-12,-9.022900537489728e-09,-6.516023387129165e-09,-1.9039409116855467e-11,-8.192876530847973e-09,-8.36806461592395e-09,-7.306460405211487e-12,-5.28718465576875e-12,-3.364884670968173e-12,-1.0351937592058228e-08,-5.6158066303479944e-09,-1.2557188270220136e-08,-4.8431284188905887e-08,-5.625871158092177e-09,-4.9948126302068564e-08,-1.2043458607737062e-08,-1.2100880629832577e-08,-7.674566241831683e-09,-1.40218915920566e-08,-9.337100890550694e-09,-6.6748631353366235e-09,-9.066112693689197e-09,-8.261211471261557e-09,-4.039103488588543e-08,-1.1679158947069547e-08,-4.335282773772508e-08,-7.330597162608635e-09,-8.311934662254477e-09,-7.348524452348898e-09,-4.7827966147771084e-08,-6.488799178389062e-09,-8.208823323648875e-09,-7.34115039035424e-09,-1.2108779453986588e-08,-9.224752948066558e-09,-4.4632589192104814e-08,-4.123351647262798e-12,-2.4917239980746598e-11,-4.590242477966736e-12,-2.367272550563274e-11,-5.2070643811084234e-12,-3.740565473291739e-12,-3.831431015202231e-12,-2.6644169245402807e-11,-2.922632570727524e-12,-4.581873240143359e-12,-3.70039432089447e-12,-3.778675621108062e-12,-4.526174902108964e-12,-1.8741919136315343e-11,-3.6306710162235823e-12,-5.237870148479826e-12,-7.250857719037744e-12,-5.338263698081579e-12,-3.700161216308948e-12,-3.8260004799665365e-12,-3.3793522972695457e-12,-3.0628456316473356e-12,-3.0536625881942437e-12,-4.54443707139418e-12,-4.079595204819991e-12,-5.314256383861541e-12,-4.132439140509205e-12,-4.564153591057585e-12,-4.567402017906132e-12,-5.206532658662929e-12,-4.671969263515498e-12,-4.662940678133074e-12,-3.4115492495453818e-12,-3.686819634021397e-12,-3.782188636294967e-12,-4.031400467690043e-12,-4.1642824729727705e-12,-5.240668165791771e-12
9.994717795720641e-08,-7.389470447654952e-09,-4.192389437287379e-12,5.263242176670098e-07,-4.77032589818184e-12,-3.37846218169346e-12,-6.6360906439457855e-09,-4.83423015158094e-12,-8.317855324092103e-09,-3.800064768441976e-11,-3.788436972396141e-11,-5.705985216150399e-09,-6.384895168682291e-12,-3.748472429020967e-12,-4.2788506121565226e-12,-3.3218146900471656e-12,-4.211451080017907e-12,-3.78619952787115e-12,-6.6014065128023186e-09,-7.493759263235521e-09,-4.0328268774653984e-11,-3.110048634972797e-12,-3.38932552274807e-12,-7.579975783152051e-09,-7.443244667710671e-09,-7.956646781959836e-08,-3.1662713364275752e-12,-7.4328257289657e-08,-4.191318651873964e-12,-7.53368139383974e-09,-8.40312073923317e-09,-6.694889856109969e-09,-6.726949599159542e-09,-6.6966149052137095e-09,-3.805810808286649e-12,-8.285225298486612e-09,-4.045529655595785e-11,-2.798874760965247e-12,-3.762572304688469e-12,-3.1644852713145486e-12,-3.081479926478933e-12,-9.605377881080098e-09,-6.15848615744851e-09,-3.0436054607446537e-12,-3.440215487645192e-12,-3.90466903126443e-11,-1.3024616675222324e-08,-4.6930938517507645e-12,-4.7050088060593566e-12,-4.1399247462731885e-12,-6.722353570052883e-09,-2.89627641226382e-12,-4.166182957026963e-12,-3.7047354393954735e-12,-6.736741316394906e-09,-6.0533697883030574e-09,-8.200292580502709e-09,-2.9637042110529053e-12,-7.323386300782805e-08,-3.732443793330494e-12,-7.615573930483147e-09,-1.3281519522095771e-08,-9.603862235747959e-09,-3.0585252126940926e-12,-9.415740271514404e-09,-5.101907057320457e-09,-5.7323560208746966e-12,-4.151212334099036e-11,-5.110957362020332e-09,-8.42503465276587e-08,-5.489860505710384e-12,-1.1011761232791975e-08,-3.5010018878175344e-12,-1.2751796499443051e-08,-4.25743645566697e-12,-3.038993571113769e-12,-8.244378817218083e-09,-7.515039377209825e-09,-3.7802295921090493e-11,-5.319170263076085e-12,-3.916885298143789e-11,-3.338209740274635e-12,-3.7891873098539046e-12,-3.3471285385182566e-12,-4.123475878991415e-11,-5.891256648709135e-09,-3.739964367014371e-12,-6.672765720605502e-09,-1.1017822197319716e-08,-8.393240163343954e-09,-3.976019059933354e-11,-7.48474317206723e-09,-8.403886443514132e-08,-8.330782361921537e-09,-8.175189171957896e-08,-9.45281296320765e-09,-6.790467242617772e-09,-6.962862074042195e-09,-8.721203644630256e-08,-5.3063324407176875e-09,-8.318608834707547e-09,-6.715149686570508e-09,-6.8614121455925005e-09,-8.213199413381517e-09,-7.268422909958966e-08,-6.583827544664248e-09,-9.512806811967929e-09,-6.603552206193166e-12,-4.861221096861024e-12,-3.3646833948458664e-12,-3.483271102208015e-12,-3.0722073158740652e-12,-2.7827494177900556e-12,-2.7749413605957574e-12,-4.1312713349362744e-12,-3.708572370352843e-12,-4.837194561971554e-12,-3.758326424658009e-12,-4.149949909527839e-12,-4.15266090312031e-12,-4.7357230950126624e-12,-4.252335445166039e-12,-4.242881939427199e-12,-3.10333145888293e-12,-3.3522499890262944e-12,-3.4423798034699027e-12,-3.664416409431761e-12,-3.788905010958702e-12,-4.768760599332782e-12
-1.8932157783032187e-08,-9.24284226817743e-09,-1.046570617301144e-08,-4.77032589818184e-12,5.220330947646454e-07,-4.22621793379842e-12,-8.302459481185547e-09,-6.043857955771409e-12,-1.0404525283388088e-08,-1.7309554935327373e-07,-8.657657312117197e-11,-3.575350856932576e-12,-7.986346434324658e-12,-9.356500170448424e-09,-5.349033019872587e-12,-8.296223272600119e-09,-1.051216591779001e-08,-9.451017988776117e-09,-8.260732529109731e-09,-9.373441296033514e-09,-1.788616039166133e-07,-3.889355641526066e-12,-8.460946838999448e-09,-9.478334810919705e-09,-9.309735125827008e-09,-1.7771856972617363e-07,-7.900343448963107e-09,-1.712154909148858e-07,-5.241116353814083e-12,-4.719431009148714e-12,-5.264881035267776e-12,-4.1955478983933845e-12,-4.216331037287392e-12,-8.376515298778026e-09,-4.759044075406485e-12,-1.0365167315851807e-08,-8.976907946710783e-11,-6.9893364455237744e-09,-9.392129224569683e-09,-3.9564544596574115e-12,-7.69295138965919e-09,-6.017520971060573e-12,-3.859300858596938e-12,-3.807865289593025e-12,-4.301830350627098e-12,-8.801904523861548e-11,-8.158281666167713e-12,-1.1717892316694316e-08,-5.885068339868484e-12,-5.179277648277897e-12,-8.409729435976383e-09,-3.621522085956898e-12,-1.0401342714877414e-08,-9.251145184105772e-09,-8.427202361611994e-09,-3.794744010820429e-12,-1.0260476989341795e-08,-7.4058284150028214e-09,-8.509891561523021e-11,-4.6687533257004105e-12,-4.770417421946105e-12,-8.316447641931026e-12,-6.016022970933518e-12,-3.826544589338689e-12,-5.899939179079053e-12,-3.1988962410742053e-12,-1.4295941921916588e-08,-9.108271839834123e-11,-6.396275540676225e-09,-1.835360591108915e-07,-6.8649162638161955e-12,-1.376853600509018e-08,-4.376046537962155e-12,-1.5949839798661684e-08,-1.0624447356732942e-08,-3.802537553806748e-12,-1.0312269155624167e-08,-4.708610703674391e-12,-8.64743953659077e-11,-6.654645662404535e-12,-1.759884893469286e-07,-4.176557085839602e-12,-4.738079987334156e-12,-4.187210024021918e-12,-1.811090565879106e-07,-3.6950278738558394e-12,-9.337144206547599e-09,-4.182609416111132e-12,-1.3776940624566385e-08,-1.0495319170722288e-08,-1.7745341005669374e-07,-9.361668281788571e-09,-1.8327612293098593e-07,-1.0420866394045464e-08,-9.039973840604634e-11,-5.923316881294893e-12,-8.492773818080482e-09,-4.360431201062027e-12,-1.872185373749038e-07,-3.3248442692183176e-12,-5.212338475620706e-12,-8.400153308962795e-09,-4.2988075903374e-12,-5.1477403164431e-12,-8.475781469244064e-11,-8.239240927645532e-09,-5.9595019806339665e-12,-1.6472935035901502e-08,-1.2127200387944355e-08,-8.400259044305424e-09,-8.690731652888177e-09,-7.671159074915567e-09,-6.9507375081585175e-09,-6.930463154998123e-09,-1.0315972731064645e-08,-9.260512954122374e-09,-1.2070240599501758e-08,-9.38241068868778e-09,-1.0361514909083937e-08,-1.036861728061485e-08,-1.1821774533020354e-08,-5.3163451598792734e-12,-5.305348414057466e-12,-3.880947607920993e-12,-4.193289032864974e-12,-4.3036991577960765e-12,-4.58464987747102e-12,-4.7378631641689475e-12,-5.96278871927399e-12
1.1394086986932678e-07,-6.551695418967711e-09,-3.71582200926551e-12,-3.37846218169346e-12,-4.22621793379842e-12,5.279590774784567e-07,-5.887971638859827e-09,-8.542339908401454e-09,-7.375160687352294e-09,-3.654257984916484e-11,-3.643853288026729e-11,-2.5336614398754817e-12,-1.1298278482824065e-08,-6.629703118033553e-09,-7.559103117365352e-09,-2.948474950794556e-12,-7.447877919269054e-09,-6.6968450946591535e-09,-5.860709536365917e-09,-6.643861666393631e-09,-3.85598434112077e-11,-5.500590974984052e-09,-3.0042643270486243e-12,-3.3640450197811143e-12,-6.598387116900829e-09,-3.8158538995531593e-11,-5.593900895098445e-09,-7.16073309699291e-08,-7.410717186246068e-09,-6.672331707111413e-09,-7.445306157205891e-09,-5.936374676898985e-09,-5.9676696381828264e-09,-5.937978200148912e-09,-6.729310779126188e-09,-7.349218356943168e-09,-7.717124568659155e-08,-2.483250498870145e-12,-6.655074209758127e-09,-2.8020194258523776e-12,-5.452933327651905e-09,-8.507677289438295e-09,-2.735571456487828e-12,-5.389944353455603e-09,-3.0475698322694163e-12,-7.472745907880772e-08,-5.777080321301895e-12,-8.307124531977995e-09,-4.1710185559131266e-12,-7.329683263571117e-09,-2.98743983813481e-12,-5.120160712087293e-09,-7.372259055331847e-09,-6.5600826256629745e-09,-5.974828125186884e-09,-5.372733666981896e-09,-3.645872193909647e-12,-2.634798825629331e-12,-3.540489880006485e-11,-3.309582767831006e-12,-6.743663127155182e-09,-1.1746947500816592e-08,-4.260603144984476e-12,-5.4164097960069165e-09,-4.18078364262016e-12,-4.530035653959322e-09,-1.0111891290208643e-08,-7.900729723331112e-08,-2.2737253279465886e-12,-8.021830673738612e-08,-4.863073705414117e-12,-9.751862712195793e-09,-3.0976305716662847e-12,-5.663539180727443e-12,-7.523998266645745e-09,-2.6973992653277236e-12,-3.662098108371115e-12,-6.65911172133755e-09,-3.636673142805534e-11,-4.718385928838555e-12,-3.755403397313486e-11,-2.961994290850647e-12,-6.69889697280062e-09,-2.9688568119702156e-12,-3.934741583863023e-11,-2.6236490467013623e-12,-3.3158046374377138e-12,-2.966242230511609e-12,-4.8892769533230775e-12,-3.724955403557792e-12,-3.8066609896521145e-11,-6.635109700272136e-09,-4.0107361937862755e-11,-3.701063147272248e-12,-7.805264310123323e-08,-4.1975001570631615e-12,-3.0155670625763322e-12,-3.086777595508063e-12,-8.279853580307799e-08,-2.3557251086954212e-12,-3.693399322653772e-12,-5.955658594923853e-09,-6.079266795560957e-09,-7.284628114631129e-09,-3.516760073297987e-11,-2.9288737121195227e-12,-4.221241835855852e-12,-1.1657542041276745e-08,-8.582995569233009e-09,-5.954791972041147e-09,-3.0824752558980608e-12,-2.7249970684448115e-12,-2.4706798961723555e-12,-2.4629750960716895e-12,-3.664430806854143e-12,-6.566331049774175e-09,-4.282009388689866e-12,-3.331474234774823e-12,-7.345207075354771e-09,-7.350683324107133e-09,-4.196980793433676e-12,-7.513949910261972e-09,-7.500852836511916e-09,-5.488916679794918e-09,-2.9727077512574645e-12,-3.0477522834280164e-12,-3.251097641260524e-12,-3.356277196738248e-12,-4.223444612849936e-12
-2.5324419490147433e-09,-6.4499729773022446e-09,-3.6577565601210055e-12,-6.6360906439457855e-09,-8.302459481185547e-09,-5.887971638859827e-09,5.281416941062622e-07,-4.211447060338788e-12,-7.260637364442808e-09,-9.5621330418689e-11,-1.9064679695677004e-07,-4.977819896464717e-09,-1.112246345957919e-08,-3.2693979831168186e-12,-7.438065310632971e-09,-5.795492763913068e-09,-7.330734386113327e-09,-6.591985414182754e-09,-2.8917527767199396e-12,-3.2768904382696145e-12,-9.759389399258335e-11,-5.414154807401566e-09,-2.957368251567289e-12,-6.608503105728259e-09,-3.254380567573786e-12,-1.9400432499656524e-07,-2.757653340270434e-12,-1.895608140023509e-07,-3.654208194872086e-12,-3.2899186691309716e-12,-7.328230255657173e-09,-2.9280210423874997e-12,-2.9439101350047517e-12,-5.845829951976372e-09,-3.318279842336524e-12,-7.236037693236991e-09,-9.770146058623749e-11,-2.4450858731234944e-12,-3.2819686638691596e-12,-2.757381727173696e-12,-2.6894324743223472e-12,-4.1949379274765144e-12,-2.6930000092791436e-12,-2.658948312424021e-12,-5.986863885510806e-09,-9.650312534338377e-11,-5.684866827517577e-12,-8.17858975756152e-09,-8.195329651430182e-09,-7.2167744715771364e-09,-5.870948497216233e-09,-2.5245859300543392e-12,-7.257586587683671e-09,-6.459364105714833e-09,-5.88256061186938e-09,-2.6506993487397726e-12,-7.165914790926371e-09,-5.181335423925483e-09,-9.45070561641731e-11,-6.5034651249683365e-09,-6.636581461753048e-09,-5.78983484018678e-12,-4.192763221429658e-12,-2.6720098510608163e-12,-8.21394275828951e-09,-2.2351860029381056e-12,-9.945418925304433e-09,-9.860216966420443e-11,-2.2393207502246714e-12,-1.9798439540385844e-07,-9.553091776798863e-09,-4.80814370295998e-12,-3.0476383437200957e-12,-5.575248592232507e-12,-3.709544816344562e-12,-5.301903322413403e-09,-7.195805667967365e-09,-6.554612152534419e-09,-9.54481876385085e-11,-4.645604375486326e-12,-9.661007132827181e-11,-5.821505538714582e-09,-3.303135957599517e-12,-2.9230993733183014e-12,-9.836458154069909e-11,-5.159187229689454e-09,-6.515365153541093e-09,-5.829795051479005e-09,-4.811874839975079e-12,-7.3174578880136035e-09,-9.71112842048035e-11,-3.272493730686018e-12,-1.9781180065122584e-07,-3.6437523126359264e-12,-1.958665876512298e-07,-8.246973752361278e-09,-5.92501406224088e-09,-3.036997124078548e-12,-1.0046102752094236e-10,-2.3186588252224472e-12,-3.635483214122586e-12,-2.937719120530882e-12,-5.983510216833382e-09,-3.5933168763549082e-12,-1.8816564104771092e-07,-5.757553918089153e-09,-4.154311683518257e-12,-1.1468271632765782e-08,-4.230473136441382e-12,-2.937131693067021e-12,-6.053526753625887e-09,-5.355055535071443e-09,-2.4332299739579137e-12,-2.425376308661267e-12,-7.201291775370609e-09,-3.239138558339936e-12,-4.213519730692751e-12,-3.2794876401035555e-12,-7.2314157698255685e-09,-7.23703769167866e-09,-8.245737121012486e-09,-3.7044613672313694e-12,-3.698544414631961e-12,-2.7067644678181807e-12,-5.841467895436743e-09,-5.98612568053705e-09,-3.2012120875765657e-12,-3.3032988852247315e-12,-4.156447755598966e-12
-1.4752960721368593e-07,-9.361192782152305e-09,-1.0601287191665264e-08,-4.83423015158094e-12,-6.043857955771409e-12,-8.542339908401454e-09,-4.211447060338788e-12,5.217139739362899e-07,-5.279342326979529e-12,-1.5006896766922888e-10,-1.4992176497656873e-10,-3.6216376988914655e-12,-1.6145018932375764e-08,-4.748981968849181e-12,-5.421808696981863e-12,-8.398032504559923e-09,-1.0649910919386845e-08,-4.796855995876612e-12,-4.1891213978692795e-12,-9.493522666273625e-09,-3.054439979656406e-07,-7.864333949655147e-09,-4.2937905626923655e-12,-4.8115261545494235e-12,-4.724311169432025e-12,-3.0427702991057343e-07,-8.007432169832787e-09,-1.491076378817534e-10,-1.0599219340467073e-08,-9.545078684675026e-09,-5.333953150217658e-12,-4.249053694739086e-12,-4.269184928777416e-12,-4.250193294173676e-12,-9.624189106639908e-09,-1.0495596726899436e-08,-3.0576591878499973e-07,-3.5453088276428074e-12,-9.514533424912048e-09,-8.00268687369333e-09,-7.791451120560208e-09,-6.097356211305016e-12,-3.9086776549959545e-12,-3.8552975438250294e-12,-8.699554915679356e-09,-3.021962106869066e-07,-8.268297967495536e-12,-5.945274600821048e-12,-5.960638239529287e-12,-1.0467700511813099e-08,-4.266388396029066e-12,-3.669539275530728e-12,-5.2780191034211266e-12,-4.692965696766919e-12,-8.533818034775237e-09,-7.667209711743623e-09,-1.0387522698943254e-08,-7.491181644567577e-09,-1.4841142526784578e-10,-4.728326560970341e-12,-9.64907305115383e-09,-8.432362815097464e-12,-1.2168502537959947e-08,-3.874195153171014e-12,-1.1928962388848373e-08,-3.237534659676e-12,-7.264753988099282e-12,-1.5452843084036912e-10,-6.473416753535625e-09,-3.102249985099887e-07,-1.3883062697833086e-08,-1.3952103580196694e-08,-4.436237886020697e-12,-8.093844321513815e-12,-1.076704466190505e-08,-7.682867355802933e-09,-1.044438428742662e-08,-4.770166217191468e-12,-1.4981766438862742e-10,-1.344928202926266e-08,-3.0250501988574914e-07,-4.228512506011371e-12,-9.58244584022372e-09,-8.462916975794422e-09,-3.0774137179154363e-07,-3.737864404582241e-12,-4.737953420231958e-12,-8.452362987163484e-09,-1.395964136943733e-08,-5.3278086437439685e-12,-1.523039777550926e-10,-4.750690042774865e-12,-3.0995544517364255e-07,-5.287497227636753e-12,-1.538308920894209e-10,-6.000059900689997e-12,-8.602502993683223e-09,-4.420249917006576e-12,-3.1398460484370975e-07,-3.368191634526502e-12,-5.2802061861918825e-12,-8.50637097567074e-09,-4.355159990837899e-12,-1.0404458440162834e-08,-2.955364106641919e-07,-8.338979625867926e-09,-6.03859882271334e-12,-8.368160386412541e-12,-6.160090067027012e-12,-8.507519658777355e-09,-8.80956683788714e-09,-3.891707231078104e-12,-3.524589641952122e-12,-7.015399742515648e-09,-1.0445830981537488e-08,-9.376746942727059e-09,-1.223351212879508e-08,-9.503400284743708e-09,-1.0493311145046547e-08,-5.260647392792248e-12,-1.1975329827048403e-08,-5.388075067371789e-12,-5.375746691066385e-12,-7.847120910898665e-09,-4.246564465726319e-12,-4.36158101119461e-12,-4.641918726855377e-12,-4.800513230465553e-12,-6.042105105813098e-12
8.89584491660549e-09,-8.07997413720522e-09,-4.5829612812439725e-12,-8.317855324092103e-09,-1.0404525283388088e-08,-7.375160687352294e-09,-7.260637364442808e-09,-5.279342326979529e-12,5.248438158183256e-07,-1.597498399496221e-07,-7.990951168069606e-11,-3.124839229086204e-12,-6.98125613392298e-12,-8.176795816670557e-09,-4.67183379952345e-12,-7.2566780468179594e-09,-9.186432972765825e-09,-4.138237620758216e-12,-3.6205062938724966e-12,-8.194046023381498e-09,-8.253270482008474e-11,-6.784224598627008e-09,-7.395406916888328e-09,-4.149316613701713e-12,-4.0771431575917085e-12,-8.203664549364791e-11,-3.457062937669731e-12,-7.922169633099472e-11,-9.140734537615458e-09,-4.123284713757613e-12,-9.183151516202199e-09,-7.3208632151121415e-09,-7.359044571833399e-09,-3.668883059451862e-12,-4.158438640080816e-12,-4.54084243163421e-12,-8.266875863671055e-11,-3.0622364097378327e-12,-8.20829596159221e-09,-6.898544689665933e-09,-6.724812549859661e-09,-5.257625867260168e-12,-3.3736634724955144e-12,-3.3299786972429375e-12,-7.502615251032062e-09,-1.6197978413398956e-07,-1.4223760868736105e-08,-5.132816402449924e-12,-1.0267901304449566e-08,-4.528816942114543e-12,-7.353400870164428e-09,-6.315509231009158e-09,-4.555439323841188e-12,-8.089839322320011e-09,-7.368136006848166e-09,-6.62486103284424e-09,-8.973960000162659e-09,-6.483310728158717e-09,-7.863157315698247e-11,-4.08157512797303e-12,-8.318092964132997e-09,-1.4492083984368586e-08,-1.0489899737054038e-08,-6.679185644924519e-09,-1.0292296918163157e-08,-2.798557272939252e-12,-6.250660171178664e-12,-1.6727065530633673e-07,-2.8036101436484e-12,-8.455664061554023e-11,-5.998366126435403e-12,-1.2028755701691447e-08,-3.8212528090358e-12,-1.3941990020244556e-08,-9.28115389998544e-09,-6.6386298622409035e-09,-4.51648358459812e-12,-4.114952617802444e-12,-7.982084195677912e-11,-5.8189063549274586e-12,-8.128885136672377e-11,-7.2904126462796504e-09,-4.139809525224225e-12,-3.661191440061926e-12,-1.6667299681276066e-07,-3.234507022156983e-12,-8.16228273814874e-09,-3.657766008421421e-12,-6.030781382212016e-12,-9.170496014287086e-09,-1.635120940708059e-07,-4.0998746561098244e-12,-1.6854801276985334e-07,-4.5644421500450275e-12,-1.6609061672447367e-07,-5.177158775128644e-12,-7.4231709253666114e-09,-3.807726302173964e-12,-1.7195821030312358e-07,-5.7995244821057975e-09,-4.555416718167379e-12,-7.344438164476547e-09,-3.756521342956568e-12,-8.983825700020266e-09,-1.5635718364852996e-07,-7.208220988256576e-09,-1.0392712421330358e-08,-1.4381775248412983e-08,-5.304977351976863e-12,-3.679225237442783e-12,-3.802500516360131e-12,-6.707444594987181e-09,-6.080685131254017e-09,-6.0618903595874424e-09,-9.020249059523494e-09,-4.056989404845049e-12,-1.0542875926193363e-08,-8.201035008976024e-09,-4.5385197784510724e-12,-9.065442484884569e-09,-5.176498773695021e-12,-4.643834642084746e-12,-9.252119571700028e-09,-3.391643806020987e-12,-7.317299866338592e-09,-3.75936561078294e-12,-8.00241347501222e-09,-4.139818890592706e-12,-5.209588931920279e-12
1.0000008933114037,-4.981383082560154e-08,-2.0459814031940674e-11,-3.800064768441976e-11,-1.7309554935327373e-07,-3.654257984916484e-11,-9.5621330418689e-11,-1.5006896766922888e-10,-1.597498399496221e-07,0.9999978725087427,0.9999972492431344,-1.040729419923419e-10,1.6785730372636343e-10,-6.740912713685437e-11,9.509684662693266e-08,-2.306508470599946e-07,-2.996579711491193e-11,1.1722304821081311e-07,-9.564569630374593e-11,-2.1864485283461138e-11,0.9999974221790475,-7.931120860878479e-11,-1.1253915776448556e-07,-1.2305617251650452e-07,-7.25922331026947e-08,0.999997374122757,-1.892569874956729e-07,0.999997260854389,-1.3257392846459332e-07,-1.576302342816625e-07,-3.5266455940100854e-11,-1.0843197867243849e-10,-5.847306483611427e-11,-9.764691281689656e-11,-3.2145070694905267e-11,-4.368063049136045e-11,0.9999973915696906,-9.845859920592923e-11,-6.648891604644057e-08,-7.446374651560966e-11,-1.1930371748870744e-10,-1.2885987246680585e-10,-1.944242925122587e-07,-1.731434426117135e-07,-5.004119301961194e-11,0.9999973643550812,3.376632912970325e-07,-1.3816727102973056e-10,-5.170692408938891e-07,-8.148709468929264e-11,-8.468814704941275e-11,-6.150760770206435e-11,-1.0608959031853782e-07,-7.122945399830816e-08,-1.5252993536883534e-07,-1.4738060600995756e-10,-7.593493123747163e-08,-2.610448646236622e-07,0.9999972997654389,-2.562072803702096e-11,-2.177625706643172e-08,2.2624912625931613e-10,-1.6628723690201167e-10,-1.0145207785152067e-10,-3.664792357668771e-07,-8.249597111064636e-11,2.2046108541317727e-11,0.9999974321714908,-6.19254145752303e-11,0.9999974591362921,-1.3651175796042938e-10,-9.569265856042896e-08,-6.448650661361068e-11,2.848089874104891e-07,-9.90489949042151e-11,-2.6986562789910534e-07,-9.113514574277636e-08,-5.254150678862882e-12,0.9999973171710766,-4.0224561014733694e-07,0.9999973697254337,-8.289019737369691e-11,-4.476337921198244e-13,-3.725353624030238e-11,0.9999974231256067,-1.397635699868186e-10,-6.016704388541694e-11,-1.47954102558761e-07,-1.9737044799869432e-08,-9.079162875866335e-08,0.9999973563920598,-3.257331526070937e-08,0.9999974212517779,1.3308460498879269e-11,0.9999974083964331,-1.7677593018395778e-10,-7.494420497018181e-11,-1.2055624407085394e-10,0.9999975018969725,-4.13449207472237e-11,-5.6754574265836656e-08,-1.3429625957063456e-10,-1.2414229545706895e-10,-1.8971663449258807e-07,0.9999972304755266,-2.0131480616771023e-07,-1.5459553585268205e-10,1.797996438218688e-10,-1.8650488565734545e-07,-1.214656178310887e-07,-1.2184088983813233e-07,-1.0336026845898888e-10,-1.485145741614865e-07,-2.087218777524127e-07,-1.9219205001064016e-07,-2.1800695481124905e-07,-9.474074598058555e-11,-1.8170968268124085e-07,-7.783532518949875e-11,-8.811886019308218e-11,-1.3241220068785632e-10,-6.152818764891125e-11,-2.8826395325171402e-11,-1.411881560287166e-10,-2.585098754306952e-07,-1.199953928603804e-10,-1.3703647597965432e-11,4.3695152972163196e-08,-1.0217901503170194e-10
1.0000008064026016,-4.958664864800986e-08,-2.0331201024325263e-11,-3.788436972396141e-11,-8.657657312117197e-11,-3.643853288026729e-11,-1.9064679695677004e-07,-1.4992176497656873e-10,-7.990951168069606e-11,0.9999972492431344,0.9999976938643792,-1.0398515367106108e-10,1.6805362004364637e-10,-6.729432913976445e-11,9.535625242945572e-08,-2.304453433973232e-07,-2.98368648154617e-11,5.883430092896007e-11,-9.554305966324999e-11,-2.174905696168045e-11,0.9999973329815932,-1.5810489185631124e-07,-1.1233150716179809e-07,-6.153907083935766e-11,-3.625996051148649e-11,0.999997284900562,-1.890647277095854e-07,0.9999971714948125,-1.3231819571554712e-07,-7.886050441377798e-11,-7.012515957640928e-08,-2.1621824302760257e-07,-5.836903435825836e-11,-1.9469025639500834e-07,-3.202874157314846e-11,-4.355259458874999e-11,0.9999973023789555,-9.837202225625207e-11,-3.320134693684166e-11,-7.436725497452559e-11,-2.379342387139123e-07,-2.569133465460384e-07,-9.731662082303158e-11,-8.665698886254373e-11,-4.993601790229944e-11,0.9999972750894677,3.3805982196717074e-07,-1.3802272039562965e-10,-5.167804594136461e-07,-1.6238757073153854e-07,-1.6882097980406114e-07,-6.141910355425375e-11,-5.3027069376699574e-11,-3.557809430685969e-11,-7.631872207645055e-11,-1.4728657089392472e-10,-3.7922268085120013e-11,-2.608594953662857e-07,0.9999972103766309,-2.5505911469374274e-11,-1.0800118340425993e-11,4.520266162244671e-07,-3.316235929833478e-07,-1.0135750944180313e-10,-3.6619042300567684e-07,-8.241647129165416e-11,2.2218585252985393e-11,0.9999973430375114,-6.184576408994479e-11,0.9999973700377689,-1.3634388073327954e-10,-4.7776115051251214e-11,-6.438035996931607e-11,1.4287368651982688e-10,-9.891926895603273e-11,-1.351129729039745e-10,-4.5536512439143713e-11,-1.0243249966754263e-08,0.9999972278407381,-2.0135656815330536e-10,0.9999972804673869,-1.652331259174236e-07,-6.487262526310881e-10,-7.413834251914596e-08,0.9999973339761795,-1.3967115494252604e-10,-1.1985507639227368e-07,-1.4774786704524734e-07,-9.724360271289976e-12,-9.053515707308246e-08,0.9999972671648445,-1.6211048374952075e-11,0.9999973321491402,1.3436874507589367e-11,0.9999973192329165,-3.525615782827793e-07,-1.4937132375831517e-07,-1.204503951582718e-10,0.9999974128786975,-4.126339558408339e-11,-2.8311368833932925e-11,-1.3419255568382606e-10,-1.2403702977304927e-10,-1.89463406285016e-07,0.9999971410729663,-2.0111022386537065e-07,-3.082876062708247e-07,1.7999932066256406e-10,-9.329178069756678e-11,-6.075657430473584e-11,-6.094048317100385e-11,-1.0326546234597526e-10,-7.432894270720924e-11,-1.0449119324379682e-10,-1.9193764539549672e-07,-2.177784640582872e-07,-1.8880820489950225e-07,-1.8147931310010064e-07,-7.770755894813122e-11,-1.7562470692995957e-07,-1.3226692703566706e-10,-1.2254714374734178e-07,-2.869684568299145e-11,-2.8161769079980677e-07,-2.583037553489212e-07,-1.1989052135414941e-10,-1.3590448520662294e-11,2.1999003041618666e-11,-2.03658615678401e-07
-9.437323038946286e-09,-5.540864954873311e-09,-3.143044128905325e-12,-5.705985216150399e-09,-3.575350856932576e-12,-2.5336614398754817e-12,-4.977819896464717e-09,-3.6216376988914655e-12,-3.124839229086204e-12,-1.040729419923419e-10,-1.0398515367106108e-10,5.296626763128996e-07,-9.554993296987059e-09,-5.60805931559279e-09,-6.397803738770195e-09,-2.492217270463473e-12,-3.1566684180857944e-12,-2.8383304748098785e-12,-2.4817540789912288e-12,-5.618965655949859e-09,-1.057951376592939e-10,-4.6525861428595585e-09,-5.0716479996176045e-09,-2.8460736140626188e-12,-2.796020290922869e-12,-1.0545319142435953e-10,-2.371484599613792e-12,-1.0351063729208541e-10,-6.269703838518738e-09,-5.645229028952698e-09,-3.155669932468819e-12,-5.0198977736489036e-09,-5.04557175543825e-09,-2.5156687442574517e-12,-2.8523209858631795e-12,-6.2143612279599624e-09,-1.0588904162011268e-10,-4.189747248520104e-09,-5.629485728128941e-09,-4.731849658069651e-09,-2.3101898223592527e-12,-3.606320168818264e-12,-4.617152962773113e-09,-4.556451250731144e-09,-5.1459187264585845e-09,-2.0925953956360106e-07,-9.757522495336184e-09,-7.0247982216606725e-09,-7.040733277003551e-09,-6.197792347570874e-09,-2.5259451042556764e-12,-4.331442104272212e-09,-3.123897456099046e-12,-5.546667928099824e-09,-5.052137095642113e-09,-4.540911565931265e-09,-3.0823974726455653e-12,-4.442213465760258e-09,-1.0310374983154883e-10,-2.7988878504522836e-12,-2.8589172654815682e-12,-4.982400556832192e-12,-7.195667437236332e-09,-4.578806231956221e-09,-7.058455163776766e-09,-3.82785619012679e-09,-4.290067629767491e-12,-1.0667298141489963e-10,-1.921301314973255e-12,-1.0719173518682142e-10,-8.211540900689368e-09,-8.250717072110376e-09,-5.232954065582214e-09,-4.789828648086587e-12,-3.1898146228383238e-12,-4.550496208400114e-09,-3.0971876528662752e-12,-2.8222826624965906e-12,-2.0742156485395791e-07,-3.9893169972820765e-12,-1.0493677823196828e-10,-2.5041140462297562e-12,-5.667855341206202e-09,-2.5103356973268385e-12,-2.124964991161262e-07,-2.216292650446071e-12,-2.8042556483112517e-12,-2.5077169601569277e-12,-8.256491002434514e-09,-3.1514794444495683e-12,-1.0537427538404804e-10,-2.811624642547269e-12,-1.0711454248193065e-10,-3.1300110713646718e-12,-1.0626538790470148e-10,-3.550466255734031e-12,-2.5504391722645465e-12,-2.612367768484142e-12,-2.1614133542735165e-07,-1.9923548484958242e-12,-3.124222609707028e-12,-5.035680881996228e-09,-5.142137544403706e-09,-3.0861644653445073e-12,-2.0537896518400868e-07,-2.475318536317548e-12,-3.5714323262944213e-12,-4.944405809824929e-12,-7.26541229394066e-09,-2.5229660867042323e-12,-5.2070353160817795e-09,-2.303905719370444e-12,-2.08791330197452e-12,-2.081526516568383e-12,-6.1846082905437445e-09,-5.551843511728878e-09,-7.2327409242377265e-09,-2.8176471782898518e-12,-6.2116308688331045e-09,-6.216167518951255e-09,-3.5499927508704152e-12,-6.3587915975904665e-09,-6.346486925989259e-09,-2.3258013215013386e-12,-5.017195227001095e-09,-5.147220524835228e-09,-5.486600806272991e-09,-2.839613003487126e-12,-3.57344410042648e-12
4.5256206027256163e-07,-1.2378287669289584e-08,-1.4013981819210595e-08,-6.384895168682291e-12,-7.986346434324658e-12,-1.1298278482824065e-08,-1.112246345957919e-08,-1.6145018932375764e-08,-6.98125613392298e-12,1.6785730372636343e-10,1.6805362004364637e-10,-9.554993296987059e-09,5.125937529343369e-07,-1.252726104952562e-08,-7.1580560915079474e-12,-1.1115967526404933e-08,-7.0511957500681306e-12,-6.3398569335592205e-12,-5.545916629454752e-12,-1.255288382435278e-08,1.640274665484361e-10,-5.207262781011328e-12,-5.676304499036741e-12,-6.3571065388456276e-12,-1.2467088698316362e-08,3.289466882730658e-07,-5.296732970985403e-12,3.375700623192165e-07,-1.4004398054926375e-08,-6.317322250130863e-12,-7.048761955404977e-12,-1.1215261181441868e-08,-5.648006887896305e-12,-5.6205228551999405e-12,-1.2716367448215624e-08,-1.3884241413159232e-08,3.2701074936636613e-07,-9.36277292340832e-09,-6.300334184820532e-12,-5.295308176078964e-12,-5.16144708211637e-12,-1.6078053278934614e-08,-1.0315738268137834e-08,-1.0181489081071708e-08,-5.75886085923171e-12,1.6614167099695918e-10,-1.0918230173968053e-11,-7.863244152998838e-12,-1.5730530348377623e-08,-6.937749334092596e-12,-1.1264754098270077e-08,-4.847641315199121e-12,-6.978803922441684e-12,-1.239275933941049e-08,-1.128746200979925e-08,-5.084219742813578e-12,-6.887263565608409e-12,-4.974988139904252e-12,3.3937765882564657e-07,-6.252789590616229e-12,-6.3850738507000006e-12,-2.2205286314369583e-08,-8.052234404767843e-12,-5.126077848304849e-12,-7.900018689433374e-12,-8.55594004339912e-09,-1.911773906025e-08,3.235281243390683e-07,-8.57138858190213e-09,3.2122735450071655e-07,-1.8342996887755042e-08,-9.233194644838898e-12,-5.854987443765632e-12,-2.1358292109443515e-08,-1.4220057247732195e-08,-5.094801849894903e-12,-6.91910809586426e-12,-1.2583060561810268e-08,3.3573468538613834e-07,-8.914121489883143e-12,3.312380675888713e-07,-5.5952546279650405e-12,-6.342514513964193e-12,-5.608615151959701e-12,3.2444482503702253e-07,-4.954115892196815e-12,-6.264808405937086e-12,-1.1183903651022039e-08,-9.23963354063956e-12,-1.4050021841944461e-08,3.292960520271898e-07,-1.2536618704075392e-08,1.6109150951985977e-10,-6.992447864382072e-12,3.25338816421583e-07,-1.5831190302562606e-08,-1.1372306904239509e-08,-5.834269507811278e-12,3.163341817469398e-07,-8.884739519746195e-09,-1.3929850420053224e-08,-5.636943215608508e-12,-1.1487179996094768e-08,-1.3762588751454998e-08,1.7046573901788394e-10,-1.1041376644574949e-08,-1.592273533080812e-08,-2.203641534140897e-08,-1.6224422039770168e-08,-5.636417940482528e-12,-5.82616612455458e-12,-1.0275055326299685e-08,-4.666387301520891e-12,-9.28536532613536e-09,-1.3818192042818399e-08,-6.214933256890608e-12,-8.09308824673144e-12,-6.2946790752188126e-12,-1.3877562254343812e-08,-6.9578943165916215e-12,-1.5829129293401e-08,-1.4201534131231528e-08,-7.101844582272607e-12,-5.196039710515051e-12,-1.1209722335447146e-08,-1.1496597777759348e-08,-6.1417121358974774e-12,-1.2659375590163817e-08,-7.981646261707875e-12
