0.999999999999942,5.4726856182558854e-11,0.9999999999152789,-7.164575014596257e-12,-8.324697217013034e-13,1.9184522452924074e-11,-2.2449999573276774e-11,-3.4111632805263484e-11,3.216777914084425e-11,2.7540281170425802e-11,2.927976078608019e-11,2.1983030152011862e-11,2.78993758970956e-11,-1.320785708632938e-10,0.9999999999787027,-7.388597847401567e-12,-6.80129264897712e-11,1.493911373599984e-11,3.8542747899228444e-11,6.719745240550216e-11,0.9999999998959757,-5.7630107135598505e-11,1.323587652767733e-11,-8.101417405837824e-13,-2.1391446083421376e-11,3.467769705148186e-11,0.9999999999243825,1.0844809396518856e-11,5.3777256060976355e-11,0.9999999999319517,2.46121040555897e-11,-4.8062320668050445e-11,2.0030652912585792e-11,-9.377763183514065e-12,3.115120316493678e-11,-1.2459539890880232e-12,0.9999999999416284,2.94467857791872e-11,3.5020633660844106e-11,0.9999999999048695,4.036109043770486e-11,2.5261480895770716e-11,1.000000000027396,2.5578310506200414e-11,3.238045112560224e-11,3.760192335975618e-11,2.3372185369696985e-11,-3.6805145615194755e-11,-1.3488752789290975e-11,2.973115814321744e-11,2.930111811288204e-11,0.9999999999049777,1.3235258615459443e-11,9.648965944053797e-12,0.9999999998954893,4.799021837090579e-12,-3.355139812736274e-11,1.0000000000085911,-8.552213966930457e-12,1.758212337529442e-11,1.2518393371362546e-11,3.181399395288769e-11,5.5141553185515235e-11,1.536527101602185e-11,-9.285901718705407e-12,3.832040474941394e-11,3.725808595298344e-11,3.40413690074346e-11,0.9999999998812279,1.4144808564267687e-11,3.727723159958211e-11,4.0249577721626865e-11,2.1126023704594627e-11,5.1642901551918405e-11,-6.542750518293316e-13,1.660659172580626e-11,0.9999999999186407,1.10598584996792e-10,1.337730691634601e-11,1.0000000000002593,-1.6220656332184513e-11,4.0037578426531575e-11,-3.711804472026842e-11,-1.0852109012105605e-11,1.7956545792887492e-11,-1.8374009203849432e-12,0.9999999998978643,0.999999999937231,3.293723964698172e-11,3.808401161693498e-11,0.999999999920703,1.3672457834878566e-10,2.885277616033855e-11,1.7369097267957594e-12,-4.5996245102878757e-10,2.8305677787896848e-11,-2.248297226905143e-11,9.802021067499148e-11,2.0190357373772946e-11,2.7316861239629037e-11,5.735089880950802e-12,-8.109587020995633e-12,-1.0416987199770808e-11,2.764543233142259e-13,3.9635148586513256e-11,1.3689923212249599e-11,3.4893700793203844e-11,-1.7583699363707697e-12,1.3601253583192962e-11,-1.1368747527378831e-11,3.285411779903357e-12,-1.1934999702356454e-11,4.421348893539709e-11,-8.625092022709039e-11,0.9999999999179329,2.4027487179248553e-11,0.9999999998935208,4.253062174606516e-11,-5.2398434724528935e-11,-1.5117224547545523e-11,4.304135794614154e-11,2.7019625888087935e-11,-5.489784760667569e-11,-1.5991923339430854e-10,1.1492681995898358e-11,1.836551740604352e-11,2.014701351549852e-11,0.9999999999156893,1.5487083246002657e-11
5.4726856182558854e-11,3.2164646481902105e-12,4.3480463353421806e-11,-1.0003068898400891e-16,-1.0321530687927011e-16,-1.3058941215325266e-16,-1.1495623105986247e-16,-1.5889956616738687e-16,-1.0125170889569189e-16,-1.042959294283662e-16,-1.0087127147707369e-16,-1.2562171198299177e-16,-1.1389311116130962e-16,-1.725912844421738e-16,4.34808533798316e-11,-1.1873166855208735e-16,-1.5085802985070601e-16,-8.659228803284316e-17,-1.0355555701191257e-16,-1.7092268023204786e-16,4.348034801051852e-11,-1.3271374729342053e-16,-1.1984487699576824e-16,-1.2164088652703472e-16,-1.354025428405666e-16,-1.5026029023482424e-16,4.348005954856917e-11,-9.295902883823174e-17,-1.3628590932084217e-16,2.178270064656749e-14,-1.042577312785556e-16,-1.3861274886159551e-16,-1.3098427680070957e-16,-1.1770069076432654e-16,-1.1936648282665012e-16,-1.3129553212279075e-16,4.3480251515043754e-11,-1.3684881681069012e-16,-1.267650157534727e-16,4.3480367882597455e-11,-1.384800222702867e-16,-8.837619521185455e-17,4.348030687296658e-11,-7.93947218823281e-17,-1.015238131105585e-16,-1.0787441436219322e-16,-1.532302432517358e-16,-1.4650576604743707e-16,-1.2692775132517838e-16,-1.0572448067560797e-16,-1.2192600158033496e-16,4.348022549616776e-11,-1.224328455902355e-16,-1.0481523979823719e-16,4.348066811794934e-11,-1.4247817474259787e-16,-1.8352820186306074e-16,4.348097122729458e-11,-1.7874798533752522e-16,-1.1834791838762247e-16,-1.89300854412502e-16,-1.248116902641495e-16,-1.4026184296499408e-16,-1.2191859838117738e-16,-1.0133233031798756e-16,4.625993579928953e-22,-2.3592121380761468e-20,-6.59822372644548e-20,2.1782613685101585e-14,-6.143019032395623e-20,2.1814223772226444e-19,-1.0006833022680357e-19,2.797756479944915e-20,-1.5782173932452384e-19,3.2369492948999316e-19,-3.0493490503245094e-19,2.178243352156769e-14,-4.5198571159560395e-19,-7.409269181903044e-20,2.1782227503704168e-14,-3.370896540894354e-20,3.124837538783014e-20,1.515904066108223e-19,-1.5757326336715183e-19,-9.545448842739513e-20,-1.9177484526645823e-19,2.1782520181539895e-14,2.1783096574507197e-14,1.0664601263613892e-19,-2.9480636983479107e-19,2.1782601659458275e-14,-1.8697803702318908e-19,2.807282915562224e-20,1.3732471512139226e-20,-1.1309368061705793e-19,1.1601007068283238e-19,1.9089460458059138e-19,-1.2703941641050677e-19,-2.1050730092905267e-20,-5.451565773420274e-20,1.683568829791355e-19,-7.723480320235704e-20,-3.066835288016834e-19,-1.9556398758208455e-19,-4.989406778797122e-20,6.636457645884657e-20,1.9408006771630198e-19,-1.5840973850065817e-20,8.50375628190116e-20,1.0206469030592822e-19,-2.445603725973789e-19,-7.789067537141985e-20,-5.703894193653843e-19,-1.9504748634414528e-19,2.178277186902732e-14,1.6815113046980347e-19,2.178257359425126e-14,-1.6007520078851676e-20,-8.740828942334795e-20,1.0427022727667877e-19,-1.7314775316007605e-19,-9.554866718007466e-20,-1.889319235532472e-19,-3.5360558347703657e-19,-7.638524203445145e-20,-9.922876747239495e-19,-4.033121703669412e-20,2.17826908349064e-14,-1.7634413089877515e-19
0.9999999999152789,4.3480463353421806e-11,0.9999999999208625,-9.223360350973727e-15,-6.055723821679292e-15,7.932459066834009e-12,-3.37028311790799e-11,-4.5367121507178625e-11,1.0479615850060619e-14,8.160510456494922e-15,9.032766409567123e-15,5.3760533695231695e-15,8.34050397472341e-15,-1.4333743179758455e-10,0.9999999999810887,-1.8644785545795882e-11,-3.971459962892701e-14,1.8468333230317178e-15,1.3676813421649701e-14,5.593190915445993e-11,0.9999999998983431,-3.45116391749363e-14,1.9866126182283732e-12,-6.04633851232296e-15,-1.6356021131539012e-14,2.341541071485742e-11,0.9999999999267453,-2.0381784464020068e-16,2.1305095713922088e-14,0.9999999999343234,1.336083534720219e-11,-2.9717513227793354e-14,4.4004394056705194e-15,-1.033538618924094e-14,9.967677876903603e-15,-6.262096546925171e-15,0.9999999999440006,9.115455434628895e-15,1.1907735586241903e-14,0.9999999999072376,1.458432024863272e-14,1.4019213157735855e-11,1.0000000000297669,7.181460688130768e-15,1.0585839493249886e-14,2.635572290834346e-11,1.2118140260289757e-11,-4.806632798868267e-11,-2.4742265695222097e-11,9.258672704169804e-15,1.8046450876433694e-11,0.9999999999073483,9.949301922949373e-16,-8.009887458006097e-16,0.9999999998978676,-3.2326651617761044e-15,-4.481366662100537e-11,1.0000000000109877,-1.9816243174794455e-11,6.326222037411322e-12,6.250705357528686e-16,1.0302726938811219e-14,4.388660025137728e-11,4.111669506981411e-12,-1.0286033776294716e-14,2.7065428806089598e-11,2.600812784940083e-11,2.278846447287245e-11,0.999999999883605,2.8967509222527335e-12,2.6024943270254028e-11,2.8987490264025757e-11,9.877813067426607e-12,4.039451036064457e-11,-1.1907914039643924e-11,2.682870845037361e-15,0.9999999999210127,9.933826869387134e-11,2.1280931787691166e-12,1.0000000000026283,-2.748073076192487e-11,2.8787316829155448e-11,-4.836928492760187e-11,-2.2108198191252774e-11,6.713928420751758e-12,-1.308824093502907e-11,0.9999999999002441,0.9999999999396206,2.1681003828109136e-11,2.683132306350983e-11,0.999999999923072,1.2546631482278587e-10,1.758744376487345e-11,-9.510826391258462e-12,-4.712610160270137e-10,1.7055810606807783e-11,-3.373316820987358e-11,8.676797248619188e-11,4.481058731061173e-15,8.049602100452325e-15,-2.763890492047354e-15,-9.701631748585402e-15,-1.085593399161051e-14,-5.497627553244203e-15,1.4218735258636235e-14,1.2199864799023765e-15,1.1846577098822186e-14,-6.515954632513703e-15,1.17444191400691e-15,-1.1332134847883028e-14,-3.9884946632780636e-15,-1.1614811850608865e-14,1.651388630606069e-14,-4.8848436114531836e-14,0.999999999920309,6.394801010429835e-15,0.9999999998959005,1.5670625378533443e-14,-3.1890063629901235e-14,-1.3211399884619259e-14,1.5928916965252397e-14,7.89719990234563e-15,-3.3140586205405773e-14,-8.576478647561238e-14,1.2100791580754298e-16,3.5636595196203095e-15,4.4586020558925456e-15,0.9999999999180532,2.1220223655352446e-15
-7.164575014596257e-12,-1.0003068898400891e-16,-9.223360350973727e-15,3.2166498238905617e-12,-7.590799429455065e-17,-5.472794735480673e-20,-8.566514926659654e-17,-1.1631322693336708e-16,-1.4694679736658586e-19,-2.89026952110552e-19,-2.8678350975275295e-20,-9.326257011551923e-17,1.3447353552263324e-19,-5.547371273533842e-20,-1.8410455262200572e-11,-8.867563245125482e-17,-2.24955030533846e-19,-6.675588656652591e-17,-1.5621188238621316e-20,-1.2934984704726676e-16,-1.8410847027482687e-11,2.603633665844759e-20,-2.2893217375210303e-20,-8.98270927737798e-17,-1.1399058022242828e-19,-5.8964518379728e-20,-9.223542590436332e-15,-7.207473577135956e-17,9.86909167176741e-20,-9.2233067495447e-15,-7.713730381770349e-17,-1.815261882412058e-19,-9.70598491088603e-17,4.852225851002411e-20,4.172250546312604e-19,-9.94502494761623e-17,-9.2235680289533e-15,-1.009560744063794e-16,-4.5821272572937295e-20,-1.8410832354367118e-11,-1.891066912924164e-19,-6.574224729181897e-17,-9.223381011777103e-15,-1.3753161284197053e-19,-7.613597586840319e-17,-8.020987923357166e-17,-1.3975781063611346e-19,-1.7550374698987185e-20,-9.398336818934587e-17,-4.7389878060030396e-20,-8.213179781554275e-20,-9.223503874407995e-15,-9.096917247090196e-17,4.363500630162314e-19,-1.841059658753306e-11,-1.0397782514381858e-16,-1.3236854640775224e-19,-1.841036600578375e-11,-1.7649457573503946e-19,-8.87931300641471e-17,-1.434775459861011e-16,-9.400897593565536e-17,-1.1201274169246866e-19,-9.126312037059832e-17,-8.198119385031711e-20,-8.722369577550771e-17,-7.517130690633684e-17,-2.0789876617629621e-19,-9.223318234915065e-15,-7.298784846313779e-17,-7.646124016950437e-17,-5.550233851128914e-20,-7.702275852134276e-20,-1.0957183172023782e-19,3.5718367525913973e-19,-9.503358886062883e-17,-1.8410859904925947e-11,-4.65341393870255e-20,-9.16993116275475e-17,-9.223476278647083e-15,-9.979255753544091e-20,1.8412477448731447e-19,-1.1321596606057865e-16,-1.0861881691148571e-16,-7.791066812454668e-17,-3.984749059555977e-20,-9.223458509608657e-15,-1.841064011451089e-11,-9.899506420584231e-17,-9.88360907423117e-17,-9.22370374100809e-15,-1.3749577652375038e-16,-9.69428240667534e-17,-1.1559233246777177e-16,2.842270004613711e-19,-5.262008777665541e-19,1.2207841775717325e-19,1.638949907168916e-20,-6.843233077050489e-17,-7.901968721298678e-17,-1.0434398017574504e-16,-1.1323311217719028e-16,-9.686826256399314e-17,-8.321085979833404e-17,-9.280926603036346e-17,-1.048403917135308e-16,-8.180611905195344e-17,-6.589209640843308e-17,-1.1015885068705165e-16,-1.0130808602284128e-16,-7.20730585607518e-17,-8.177562614698248e-17,-9.222942527528403e-17,-1.0487587354109105e-16,-1.8410785732280696e-11,-1.318375241288408e-16,-9.223345150907204e-15,3.2784914809182285e-19,-2.464114441956007e-20,1.5966947110777913e-19,-9.543986961668866e-20,5.2407886653234307e-20,-2.6074459093640685e-19,-6.932309365490034e-20,-1.068860758272632e-20,-1.5814490083107633e-19,-5.788307560605485e-20,-9.223617501042982e-15,-1.9314974416209755e-19
-8.324697217013034e-13,-1.0321530687927011e-16,-6.055723821679292e-15,-7.590799429455065e-17,3.2166150237758923e-12,-9.6576563925757e-17,1.0393801216708552e-19,-1.2091011890387004e-16,-7.644793306201853e-20,-7.953589849598774e-17,-7.782940378924764e-17,-3.626021493846733e-22,-8.836802103238745e-17,1.3694485492657212e-19,-6.055640342363282e-15,-8.746409796207442e-17,-1.138075147259315e-16,-1.6687803579258008e-20,-8.25111854573217e-17,-1.8551390243898037e-19,-6.055948309852968e-15,-1.0524446983077847e-16,-1.0050033541004954e-19,-8.871912860221186e-17,-9.51080758676477e-17,-4.2001069558152457e-20,-6.055897772642015e-15,-6.612092846042439e-17,-1.0221540693557996e-16,-6.055557236894251e-15,6.279944707261679e-19,-5.426597897875778e-20,-9.754606536904047e-17,-9.141685925344087e-17,-9.005737160762034e-17,-7.758743304446341e-20,-6.0557889863717675e-15,-1.0459498357728649e-16,-4.8963927957820374e-20,-6.055766135723324e-15,-9.851092651298817e-17,-2.4296611618732177e-19,-6.05567141409349e-15,-4.376956238526322e-19,-7.799348356797461e-17,-1.3557796847417813e-19,-1.1735843127340963e-16,-1.0765476774865116e-16,-2.478992652738454e-19,-8.197828332884912e-17,-9.225710527836456e-17,-6.055785322596834e-15,-1.599379527804517e-19,-7.74039875653089e-17,-1.2087675158481048e-11,-1.0763411884704048e-16,-1.3687633794202464e-16,-6.055590335695364e-15,-1.3480611282971166e-16,-8.854548240682132e-17,-9.843947971817531e-20,-5.795315306557997e-19,-1.0270264435195742e-16,-1.1259087018390365e-19,-7.669295360591637e-17,-8.482892437251824e-17,-1.7947287771416677e-19,-9.684400109935838e-17,-1.2087796734206017e-11,1.4325514456392084e-19,-8.053378857649838e-17,-1.1478402216046103e-16,-7.610551582629333e-17,-1.0731145776407742e-19,-1.0435564542170738e-16,2.4544532438840264e-19,-1.208790875577051e-11,-1.289811231689203e-16,-9.910673840827618e-17,-1.2087919204573843e-11,-1.3374983300215699e-16,2.360414154593129e-19,-5.191741114058804e-19,-1.0566707687265416e-16,-3.743501955835466e-19,-9.73770685629082e-17,-1.2087772133346228e-11,-6.056082303033537e-15,4.0623473294403095e-20,1.607749801441849e-19,-6.055476179615173e-15,-1.3788433704683177e-16,-4.81478951138471e-20,-1.137093223935194e-16,5.462844490824487e-21,-5.950504364127258e-20,-9.077661092187565e-17,-1.812604278627016e-19,-7.165519122281768e-17,-9.675726169416341e-20,-1.2607856419156118e-19,4.567542199203769e-20,-9.89404409957942e-17,-1.9004048807935397e-19,-9.187331147470791e-17,-1.0918275747565143e-16,-7.893891764659647e-17,-2.4116534210758224e-19,-9.146194649969228e-20,-8.277544427316262e-20,-7.575943500831234e-20,-8.607797145134641e-17,-9.023261444071752e-17,-9.454735891256177e-19,-1.2087833144499123e-11,-1.2547113854686848e-16,-1.2087827738277476e-11,-7.162003276990788e-17,-1.156231864811631e-16,-1.0763597138299497e-16,-8.056899770670871e-17,-1.0133089176071281e-16,-1.0597618212406197e-16,-1.4810869268591395e-16,-8.665675208598805e-17,2.482178444297708e-19,1.717615487254595e-19,-6.055801334207082e-15,-7.797135827997002e-20
1.9184522452924074e-11,-1.3058941215325266e-16,7.932459066834009e-12,-5.472794735480673e-20,-9.6576563925757e-17,3.2165389829207832e-12,5.95552543348877e-20,-1.5146610565908136e-16,-9.634946469504396e-17,-9.915721363718862e-17,-9.556538943770237e-17,-1.2255418875924705e-19,1.1540616560105657e-19,-1.8288486011766782e-19,3.9741298230953645e-15,-4.517197310100874e-19,-2.962976489133587e-20,2.6641304605660173e-19,-9.830243161050107e-17,-1.5450690918695822e-20,7.932354352227553e-12,-1.2486617392675113e-16,8.447092795733094e-20,-3.8605373808765203e-19,-1.320078057431328e-16,3.4281430426328607e-20,7.932085546065857e-12,1.0021820476288019e-20,-7.295223140502686e-20,3.973606487071694e-15,-9.846124842207539e-17,-7.678107197895436e-20,-1.2625678160134819e-16,2.045489287869182e-19,-1.1464722433192894e-16,-1.271441009910162e-16,3.973610534141335e-15,-1.172541367021488e-19,-9.211238474948544e-20,3.973705763125344e-15,-1.3495549567795498e-16,1.461553859076946e-19,3.9737953998989225e-15,-7.515132367832995e-17,-3.7938935869258346e-19,-2.8975220692426264e-19,-1.4634395769352358e-16,-7.149950682687504e-20,7.093429691914201e-20,1.2854615460611932e-19,-1.1697851656359543e-16,3.9736663709332765e-15,-1.0850823529869402e-19,-1.0021767884657481e-16,7.932652472381573e-12,-1.3584236404473125e-16,5.820495867899772e-20,3.974477268936415e-15,-1.7027763353832028e-16,-7.213451588961353e-20,-1.8472151463127642e-16,1.5902091121289207e-19,-1.3546412472802996e-16,1.8387797442729537e-19,-9.658761907948735e-17,-1.1127758232395013e-16,-9.461708030340276e-17,-1.2722363562249498e-16,3.973675452408629e-15,-3.8831437994858315e-19,-9.58003871870327e-17,-3.568665750334204e-20,2.0048014413564763e-19,-1.1813115656816005e-16,-1.2994327955727247e-16,-1.9923610525633212e-19,7.932335941276616e-12,2.2632097056927976e-19,-1.154002806668554e-16,7.932331534563923e-12,-1.7893412151483257e-16,-1.27683533888308e-16,-1.4568019500566848e-16,-1.4487752146478103e-19,1.3126122355542855e-19,4.56093297631679e-19,3.974004298250486e-15,7.93259673147822e-12,-4.0092984820151113e-20,-1.2604351473980272e-16,7.932292162550739e-12,-5.120076989656247e-19,2.1090770789242543e-19,-1.5078385991056728e-16,8.34818588938083e-20,-1.417703189296493e-16,-9.328270939270314e-20,-1.1758458415927415e-16,-8.601013367203258e-17,-1.005728173905348e-16,-7.68574755785929e-20,-1.475796250357867e-16,-1.2220757804897613e-16,9.767845728053409e-20,-2.1101701987693736e-19,5.3786613034025734e-21,-2.621800382499571e-21,-2.643185489194213e-20,-1.3790827229640833e-16,4.653684784917255e-20,-9.073140080782866e-17,-1.0507771367937457e-16,-1.1749621789404978e-16,-1.3011936395944084e-16,3.973773115912853e-15,3.3585074105331383e-19,3.973884143758548e-15,-9.472550297899784e-17,-1.5018819372487906e-16,-1.3568980570804314e-16,-1.0646962644467387e-16,-1.340964551022749e-16,-3.422017096082116e-19,-2.0364866143656303e-16,-2.143312884369188e-19,-1.1057861195629587e-16,-1.037321438688649e-16,7.932180715156521e-12,5.317002181204453e-20
-2.2449999573276774e-11,-1.1495623105986247e-16,-3.37028311790799e-11,-8.566514926659654e-17,1.0393801216708552e-19,5.95552543348877e-20,3.216644001708013e-12,-7.400590378974782e-19,-9.628261466297517e-20,-8.889464110921984e-17,1.403789961468922e-20,-1.0487968568177869e-16,-9.705419378762313e-17,-1.1177183994289974e-19,-1.688422046913129e-14,-1.0004142488927415e-16,-1.2843918645144381e-16,2.948512014208104e-19,-1.0773385395084603e-19,-1.4363252971902445e-16,-3.370292792282928e-11,9.041562426984016e-20,4.92586007096128e-19,1.3106282873760677e-20,-4.734447758864306e-20,5.841132792672074e-20,-3.3703161883733813e-11,-2.55196786926201e-19,3.008001766196067e-20,-1.6884526286622395e-14,-8.805410838208604e-17,-6.458360014486128e-20,-1.1039292904166401e-16,3.742002114715042e-20,-1.0062780841358205e-16,2.2872864742536485e-22,-1.688432491976672e-14,-1.1586959440060028e-16,-1.079098441396144e-16,-3.370290903585423e-11,-3.5988897591154223e-19,-7.432466356227122e-17,-1.6884075015237137e-14,2.2192524052646197e-19,-8.703954532107607e-17,-1.337896800910648e-19,-1.301701466678809e-16,-1.2233384088255091e-16,3.293102532822016e-21,-9.040749989292541e-17,-1.6353474590519647e-19,-1.6884395786247236e-14,-1.0352720558136396e-16,-8.787363532564193e-17,-1.688428369819493e-14,-1.1987618713318898e-16,-1.537691784289658e-16,-1.688403590647423e-14,-2.0961570647842781e-19,-1.7606753442928375e-19,-1.5800433953427712e-16,-2.0853281956322236e-19,-1.169723902713884e-16,-1.0304966643600686e-16,-8.561597385764544e-17,-9.609787780448139e-17,-4.0268141800820614e-19,-1.1096698218319496e-16,-3.37028138528456e-11,7.610495359807616e-20,7.785234775756601e-20,-1.325491208946368e-16,-5.654002237381103e-20,-1.040334453281707e-16,-1.1594965377967525e-16,-1.0806354881543898e-16,-1.6884288979464765e-14,-1.45211799203078e-16,-1.0609405047330173e-16,-1.6884399688132433e-14,1.212865266085288e-19,1.6435570177422867e-19,-1.2986037545835985e-16,-2.461303615429868e-19,-1.5225879942231705e-19,-1.0806353232328666e-16,-3.370278547049987e-11,-1.688417249150696e-14,-1.1407424426970043e-16,-1.1065945396273441e-16,-3.370297691171428e-11,-7.803186468023142e-20,-1.2105166001472283e-19,-1.2979601064443084e-16,3.766692890593827e-19,-1.229804272394024e-16,-1.0465335042061865e-16,-1.0344998137257347e-16,-2.566646050569917e-19,-9.04846762192269e-17,-1.1142902302481052e-19,-6.078645966706478e-20,-1.0943708625804001e-16,-9.484275187661964e-17,-1.0309269520457107e-16,-1.2164644486256023e-16,-6.602368395890385e-20,2.3812044840062018e-20,1.616175091714565e-19,6.112428973106574e-20,-7.996651590343472e-17,-1.2373471443799985e-19,-1.0290712285511764e-16,-1.1586637854490648e-16,-1.688433699641992e-14,-1.468446607239718e-16,-1.6884488324169246e-14,-3.1162115277009454e-19,-1.3165790269824603e-16,-1.2068468933932565e-16,-9.209159729394817e-17,-1.153389976521271e-16,-1.1914253223677604e-16,-1.153481023357223e-19,-9.688206025377275e-17,-5.082741226586799e-20,2.8376078903105736e-20,-3.3703075425835586e-11,1.6337927064818744e-19
-3.4111632805263484e-11,-1.5889956616738687e-16,-4.5367121507178625e-11,-1.1631322693336708e-16,-1.2091011890387004e-16,-1.5146610565908136e-16,-7.400590378974782e-19,3.216299848566295e-12,-1.1659102352085647e-16,-1.2146337392508624e-16,-1.1795011422587371e-16,-1.4450542821279005e-16,1.6290939493385538e-19,-1.9918149872682188e-16,-2.272791291923239e-14,-1.376630984898357e-16,-1.1186631344889833e-19,4.1827138470773446e-19,-1.0897961114142038e-19,-1.9690246049086833e-16,-4.5367252402718714e-11,-1.5281623040967622e-16,-2.1035848737279004e-20,-1.4084311892456372e-16,-3.980663199987807e-20,-1.7355147602977366e-16,-2.2728112595425103e-14,-1.2703569427503374e-19,-1.5755422714368222e-16,-2.2727881453670017e-14,-1.210115461395741e-16,-5.830511907516978e-20,-1.522490983978727e-16,-1.3737306340062913e-16,-1.386243122606272e-16,-1.520403648941198e-16,-2.2727740275941296e-14,-1.5906962461757215e-16,-1.4682822597142685e-16,-2.2727723166391264e-14,-9.760704338729974e-21,-2.48756599877859e-19,-4.536729800182007e-11,-9.167447961679137e-17,-1.1781816987896958e-16,-1.2449712756635225e-16,-1.7804636002693126e-16,8.780991826285366e-20,-1.469033273903103e-16,4.5399279176819216e-20,-1.4124976538454725e-16,-2.2727978800313868e-14,-1.7419118303100684e-19,-2.7740520996577555e-20,-4.536689135963824e-11,-1.6622489832012235e-16,-6.611060376771593e-20,-2.2727284537883588e-14,-1.7129354597063898e-19,-2.717406830820665e-19,-2.1650177918432723e-16,-1.4608512980494792e-16,1.4351429850205465e-19,-1.412817433196796e-16,-2.157450026779362e-20,-1.3157863589734004e-16,-6.908503267958467e-19,1.3685151686989305e-19,-4.53670963441861e-11,-1.3392817478309416e-19,4.657160497047306e-20,3.077645051662911e-20,2.2293291788439892e-20,-1.4298799617680998e-16,-1.5850155299220912e-16,-1.4775380432707602e-16,-4.536727379771983e-11,-8.571136877323103e-20,-1.4394223910126526e-16,-4.536728225961556e-11,-2.1432077948229342e-16,-6.68042518670891e-20,-1.7744226179885265e-16,-1.6704514434305795e-16,-1.2264886960189677e-16,-1.475299627590512e-16,-2.2728288422188272e-14,-4.5366953417643685e-11,-1.5534347055011377e-16,-1.5227389686355182e-16,-4.5367322596016963e-11,-2.156701684282356e-16,5.170809251028653e-20,-1.802963375308991e-16,-7.157491048050961e-19,-1.7096647841935725e-16,-1.4764968547412638e-16,-1.4223096695902243e-16,-2.797039637363815e-19,-1.100488448074492e-19,-1.6169974626847186e-16,-1.56309322679358e-19,-1.487255734443153e-16,-1.3015346119827047e-16,-1.0692066327796705e-19,-1.2036180390770024e-19,-1.091082499350446e-19,-6.239867198848691e-20,-3.115177332878591e-20,-1.6068391453123236e-16,-7.467305973954697e-20,-5.1562129875691246e-20,-2.2993890925671373e-19,-3.625187890104085e-19,-4.5367160167930824e-11,-2.037827056672351e-16,-2.272789184935214e-14,-4.6288647882945566e-20,-3.4571332818992853e-19,-1.6519836178900586e-16,-1.2738272061210643e-16,-1.6071371121339902e-16,1.5032923353000056e-19,-1.0877922931335477e-19,-6.287160900350974e-20,-2.45866121895583e-19,-1.294792901640828e-16,-4.5367460127781344e-11,-1.7425524405769568e-16
3.216777914084425e-11,-1.0125170889569189e-16,1.0479615850060619e-14,-1.4694679736658586e-19,-7.644793306201853e-20,-9.634946469504396e-17,-9.628261466297517e-20,-1.1659102352085647e-16,3.2165981555762765e-12,-4.2762853774481016e-19,-4.28640833831887e-19,-9.690374049568663e-17,-9.654834400444334e-20,-1.2631978041714429e-16,1.0479577729445742e-14,6.973193004904944e-20,-5.417462566719304e-20,6.944459597940085e-20,-8.355581362880809e-17,-9.89931798359397e-20,2.091806123225056e-11,-1.0794064737243816e-16,-8.936895620700491e-17,-9.009194471243368e-17,-9.672118284194775e-17,-1.1161942539125598e-16,1.0479211738456403e-14,-7.439249353310125e-17,-1.0297310333226482e-16,1.0479486993841143e-14,-7.889030397559386e-17,-1.0141696246227089e-16,-1.3780091753685769e-19,-8.927905976325888e-17,4.311486256898421e-20,-1.0160696664602515e-16,2.0917992868822863e-11,2.5266270910668413e-19,-2.8549608432396607e-19,2.0918076148515046e-11,-1.027597869802211e-16,-6.751928470771624e-17,2.091802679279915e-11,-3.944096121330402e-19,-7.001325919956449e-20,-6.738631297131264e-20,-1.1593893252310797e-16,-1.1121299089617253e-19,2.5635995853672424e-21,-2.656927294159347e-19,-9.188912952273877e-17,1.0479293520226006e-14,-3.991218519676315e-19,-1.550206440908135e-19,1.0479436640545163e-14,-1.0463198700900752e-16,-5.887930769971855e-20,1.0479250076273897e-14,-7.608257290028083e-20,2.3855930291333415e-19,-1.509391190696689e-16,-1.6831158111708513e-20,-1.0406521962065653e-16,-9.320915505700805e-17,-7.459409762180823e-17,-9.169032882725804e-17,-2.636102603151882e-20,-9.634599407220233e-17,1.0479473196093506e-14,-7.674019864578719e-17,-7.984592419842633e-17,-6.026887960382367e-20,1.3811997777532217e-19,1.5052434436369276e-19,-1.0301145131356212e-16,-9.650106299539334e-17,1.0479555046135977e-14,-1.3334788757247277e-16,-3.6260348635281903e-19,2.0918044385517382e-11,-1.346040527885867e-16,-1.0077805143876635e-16,-1.742142381359504e-19,-1.1047263812175119e-16,-7.881609301477587e-17,-9.660975390467567e-17,2.0918190853857348e-11,2.0918269194722455e-11,-1.5700751448739445e-19,1.802572190015457e-19,2.0918010813003007e-11,-3.069139335508115e-20,-1.0064492933902531e-16,-1.175540238901722e-16,-1.7212434489223278e-16,-1.074883220631589e-16,-2.436155087860385e-19,-1.1224021576385542e-20,-7.015540086147589e-17,-8.221193234805631e-17,-1.0363034935782998e-16,2.261402846499559e-19,1.7429719415196485e-19,4.4770377396046586e-20,-9.715029382961889e-17,-1.046672601503289e-16,-8.441289192314528e-17,2.4096942775762194e-20,-1.160244188546756e-16,-2.9328420418097722e-19,-3.269003297473681e-20,-8.299241839423485e-17,-9.392256820621883e-17,4.1074449809738883e-19,1.047926919719235e-14,-1.3276902876336938e-16,1.0479408323733031e-14,1.288888116565256e-20,2.9018503368055295e-19,-1.7618409336927318e-19,-8.394549983130341e-17,-1.0550195466081503e-19,-2.1099230305121103e-19,-1.529002243929932e-16,9.110978588248213e-20,-8.822657784195059e-17,-8.476360544591754e-17,1.0479204957436407e-14,3.7169764058724897e-19
2.7540281170425802e-11,-1.042959294283662e-16,8.160510456494922e-15,-2.89026952110552e-19,-7.953589849598774e-17,-9.915721363718862e-17,-8.889464110921984e-17,-1.2146337392508624e-16,-4.2762853774481016e-19,3.2167056976062648e-12,1.9562680362633467e-19,-9.664504367320269e-17,-2.2927929425436736e-19,-1.1835809697118307e-19,8.160616414688302e-15,-9.210661866446405e-17,-1.162741725445579e-16,-6.887771988445505e-17,-8.119255365734006e-17,-1.3441177170980853e-16,1.628930188826945e-11,-1.0393246504982894e-16,-9.170615883263731e-17,-9.342459352993671e-17,-1.026166051086098e-16,7.987971906147149e-20,8.160391558490163e-15,-6.688751343287515e-21,-3.236932055389549e-19,8.16044685993096e-15,-1.9213901514678506e-19,-1.060890263687746e-16,-1.0046142676323776e-16,-9.107704481436733e-17,-9.17984529059084e-17,-1.0355438685166764e-16,8.160530725122841e-15,6.872806003583121e-20,-9.82806574882192e-17,8.160348977601409e-15,-1.066918834876156e-16,-2.0861673596109766e-19,1.6289268974750044e-11,3.359990921026289e-19,-7.916297463662951e-17,-2.77231322891596e-20,-9.627797277328832e-20,3.5745644552848878e-19,-9.740233982466415e-17,-8.20740425961575e-17,-9.355765343182082e-17,8.16051969605584e-15,-9.398607617529801e-17,-2.741374235334698e-19,8.160119798464497e-15,-1.700774549151312e-19,-8.655841845151577e-20,1.628976645604222e-11,-1.7281571378875806e-19,-9.183651831055254e-17,-1.0356412106060115e-19,1.6630744660910152e-19,-1.0774745965039113e-16,-9.426920614968224e-17,-2.632801489919037e-21,-9.050226495521234e-17,-7.800300961011664e-17,-1.0147637864040217e-16,1.6289405827673142e-11,-2.2358129867464726e-19,-7.958250186599691e-17,-1.2459667160661116e-16,-7.561170895115022e-17,-9.512635778171051e-17,-2.043122656568998e-19,-9.816714650263058e-17,8.160625292823301e-15,-1.3403237101263607e-16,2.384459243009275e-19,8.160544030809138e-15,-1.4101599248682006e-16,-1.0375186075508246e-16,-1.1763271941716573e-16,-1.1256432688650535e-16,-7.048624310611916e-20,-9.87398238433411e-17,8.160959194250631e-15,8.160562953941816e-15,-1.0340954140270894e-16,-1.5290891547011914e-19,8.160100038321127e-15,4.906462166995083e-21,-1.9164833138938173e-19,-1.1970891142160035e-16,-1.90535027653653e-16,-1.1281253057208542e-16,1.691408127106194e-19,-9.486219482279468e-17,-8.096256453019273e-21,1.8155212096314013e-19,-1.0758940154277345e-16,-1.0863401796360519e-19,-5.361519243070743e-20,-3.6702488519700195e-19,-3.275828229517218e-20,-4.4974033505898665e-20,1.312888188196238e-19,-6.204832336029844e-20,-1.137891839209655e-16,-1.0870398025367355e-19,-4.6211334805070775e-20,-2.0139517635929355e-20,-9.49599036030347e-17,-1.0773840652722218e-16,1.6289361399738875e-11,-1.3733815725612256e-16,1.628937703892178e-11,2.329823654426363e-19,3.244947682654579e-20,-1.1049531603143941e-16,-5.381874154336554e-19,-1.0639112775787506e-16,-1.0857794083237507e-16,-1.6022217399480967e-16,3.534390452510788e-21,-8.991451910499677e-17,-1.0872583940409557e-19,1.6289163343471725e-11,9.574208505819481e-20
2.927976078608019e-11,-1.0087127147707369e-16,9.032766409567123e-15,-2.8678350975275295e-20,-7.782940378924764e-17,-9.556538943770237e-17,1.403789961468922e-20,-1.1795011422587371e-16,-4.28640833831887e-19,1.9562680362633467e-19,3.216736678498444e-12,-9.187527243051676e-17,-8.491305532047806e-17,-1.0988219580663242e-20,9.033250433748757e-15,-2.010040099091203e-20,-1.1260053864666496e-16,2.127796340569321e-19,-7.783930524073093e-17,-2.1282383721367464e-19,1.8030866188319083e-11,-3.4153665961549425e-19,-8.847004588642155e-17,-2.7926484439573576e-20,-9.051542365154149e-19,-4.2665740807784476e-20,1.8030664021289745e-11,-1.016450850974995e-20,5.922829806706865e-20,9.033056629387228e-15,-3.7217018608688525e-19,-6.86816202144646e-20,-5.040484502947767e-19,-8.819364829371481e-17,-8.827806905796715e-17,-9.813004902311926e-17,1.8030799597351976e-11,1.746966160838321e-19,-3.883070999674824e-19,9.03300778345756e-15,-1.0146596327773322e-16,-6.502635344336922e-17,1.8030837074729358e-11,1.2045279255228309e-19,-7.602786909276944e-17,1.4096362825159996e-19,-1.1416454768362412e-16,-1.0810427582628743e-16,-9.304456137640585e-17,-5.604432024847724e-20,-9.030063437162951e-17,1.80307806992039e-11,-1.26290867913324e-19,4.132836184776648e-19,9.032856341515925e-15,-1.0517897922446551e-16,-1.1549874434416072e-19,9.033215064220768e-15,-1.3171068484036337e-16,-8.673604922148857e-17,-1.5021588275939144e-19,-6.3782114042645194e-21,-1.0330803604936477e-16,-1.13426362380616e-19,-4.806311513723203e-19,-8.486939463348595e-17,-7.523848619693746e-17,-9.753671834459917e-17,9.032939841577928e-15,-7.172894110740568e-17,-7.653510597704217e-17,-1.1704369561256193e-16,-7.331986513442206e-17,-9.138972652059543e-17,-2.0262817583809874e-19,-5.814433694085559e-20,9.032756258944824e-15,-1.7794620690268148e-19,-1.4019032561095967e-19,1.8030846761061554e-11,-1.3532075556254634e-16,-1.0164947440739515e-16,-5.793645445779654e-20,-1.0051867995761356e-19,-8.952701335010604e-20,-9.49321167725272e-17,9.032911351255682e-15,9.033077293567409e-15,-1.2091828644601016e-20,-9.722630356189472e-17,9.033037455342453e-15,-1.369597816317636e-16,-5.646493780568691e-20,-1.0609095752956337e-19,-1.7935716201846122e-16,-2.107447648778422e-19,-9.242012240356407e-17,9.65951906646236e-20,-6.864668906587018e-17,-1.650250904440613e-19,-6.4116005210094e-20,-3.3515058274701716e-19,-9.62105610724538e-17,-1.6795616398405288e-20,-3.655312849970393e-19,-1.0669090324338762e-16,-7.905839198344498e-17,-5.71200656169879e-20,-1.1473838500818059e-19,-1.020348638665237e-16,-3.377369937748162e-19,-8.289409000349954e-17,-8.99488683936194e-17,-1.0168759304919474e-16,9.032917367833108e-15,-2.24262816746202e-20,9.03304324955823e-15,7.705862557594593e-20,-1.1541766000790339e-16,-1.0560458816398095e-16,-8.070621878565485e-17,-1.013447972170696e-20,-6.105398806324576e-20,-1.526474484554406e-16,-8.491688099679926e-17,-1.8877043357948473e-19,-8.320196601328056e-17,9.032888227006433e-15,-6.399297006391127e-19
2.1983030152011862e-11,-1.2562171198299177e-16,5.3760533695231695e-15,-9.326257011551923e-17,-3.626021493846733e-22,-1.2255418875924705e-19,-1.0487968568177869e-16,-1.4450542821279005e-16,-9.690374049568663e-17,-9.664504367320269e-17,-9.187527243051676e-17,3.216434564557256e-12,-3.279041843807572e-19,-1.6169998319849509e-16,1.0732183098418266e-11,1.47778563650219e-19,-2.842058154358214e-20,-8.332248913861636e-17,-9.784364248499917e-17,8.756890533905458e-21,1.0731697131711271e-11,6.57300635792973e-20,-1.1047227375322281e-16,-1.718112793313678e-19,-8.517022400271788e-20,2.249717017178753e-19,5.376532060529894e-15,-5.142369039543003e-20,-1.2779101677724504e-16,5.37633468406231e-15,-9.653586136618223e-17,5.413859023285795e-19,-3.7562671562930083e-20,-5.682751092263697e-19,2.3713629263729213e-19,-1.239742996008466e-16,1.073160629916976e-11,-1.2671169945135792e-16,-1.1919361371405312e-16,1.0731713340604723e-11,8.454103551712343e-21,-2.4212288473020286e-19,5.376453843941435e-15,-7.472353036156885e-17,-7.07653033407892e-20,-1.0150078467578157e-16,-1.4173457468266382e-16,-1.3646031803418325e-16,-2.1464398390691866e-19,-9.910090289905268e-17,-8.889172564657011e-20,1.0731578611187661e-11,-1.7722095850330318e-19,-9.654038194968166e-17,5.376464427442502e-15,3.698722450980593e-20,-1.701367854280248e-16,1.0732295002284671e-11,-9.817007394677428e-20,-3.9327473633537357e-20,-1.8510256224280553e-16,-6.15656866289888e-20,5.053934691364964e-20,-1.142977756166684e-16,-6.795263614058327e-20,-1.1160906787373279e-16,-9.335750439298203e-17,-1.2211088452779234e-16,1.0731829895547459e-11,-6.764165269075519e-20,-2.601351364764409e-19,1.601601726427662e-19,-5.465970655571553e-20,-9.194405958756554e-20,-1.256275361812842e-16,-1.1814159395643478e-16,5.3763811567249554e-15,-1.0178158853294316e-19,-2.3438368491088126e-20,5.376165842286828e-15,3.5837249047578483e-19,-7.087058572003057e-20,-1.432148034486142e-16,-1.3728011008282006e-16,-4.481037444198666e-20,-1.4318945978138591e-19,1.0731859544007455e-11,1.0731952892442995e-11,2.1332444816781092e-20,-3.3978574103645514e-19,5.3767471281712565e-15,-1.7402564940311674e-16,-1.251072013183698e-16,-1.4787818327350531e-16,-2.3153396240872797e-16,-1.1939478106260818e-19,-2.142068633759309e-19,-1.151745977473934e-16,-8.349499950506162e-17,-1.3699284061741392e-19,8.69644312322396e-20,-1.4162333091267022e-16,-1.1985565280141523e-16,1.7458273014837877e-20,1.054981367038398e-19,-1.3017073435433874e-16,-1.0287392640321199e-16,-1.4705450539726023e-19,-1.383857322228017e-16,-1.237600917815891e-19,-3.674392418630171e-20,-1.4205933591286534e-19,9.132619198627403e-20,-1.3114511266646751e-16,5.376693151210189e-15,-9.436997984883595e-20,5.376314544337524e-15,-1.646528426074998e-20,-1.4418522986255134e-16,5.699038644024985e-21,-5.049073622683469e-20,-1.2952504702132942e-16,-1.622441159682786e-19,-1.9532928888288612e-16,-1.5124879634411731e-19,-1.0711371941565825e-16,-8.283708404763664e-22,1.0731517021887968e-11,-1.3900666426049095e-16
2.78993758970956e-11,-1.1389311116130962e-16,8.34050397472341e-15,1.3447353552263324e-19,-8.836802103238745e-17,1.1540616560105657e-19,-9.705419378762313e-17,1.6290939493385538e-19,-9.654834400444334e-20,-2.2927929425436736e-19,-8.491305532047806e-17,-3.279041843807572e-19,3.216621648045742e-12,-1.4071982010251001e-16,8.340795193075347e-15,-9.862447668922302e-17,-1.1271244301284155e-20,2.26968486755754e-19,-8.847270529056782e-17,-1.4202703317561376e-16,1.6648876539924024e-11,-4.513494784949967e-20,-9.948978672730821e-17,-1.0063052725495272e-16,-1.246070348689645e-19,-2.4899065292613808e-20,8.340607369553778e-15,-7.649302370333515e-17,-1.1345039855497278e-16,1.6648981836423605e-11,-8.709580667830824e-17,-8.816165596178861e-20,-1.0943610817721985e-16,-2.97968439838661e-19,-9.952322820938409e-17,-1.8377223185043367e-19,1.664880182715367e-11,-2.5558764206757233e-19,-1.0722152128372991e-16,8.340543927273988e-15,6.430519605780813e-19,-7.374198576067063e-17,8.340656399273493e-15,9.082584841246136e-21,-8.561008525722296e-17,-9.016419419822389e-17,1.0283804977562394e-19,-1.219827646903093e-16,-2.908036982792763e-19,-8.890652097151982e-17,-1.021239335827006e-16,1.66487796287278e-11,-6.6826938930334895e-19,-8.633871280594627e-17,1.6649131922481352e-11,-1.1858622141818555e-16,-1.5249314331472826e-16,8.340888460775663e-15,-1.4875763973921082e-16,-6.605171151753631e-19,-1.5671232554937887e-16,-1.0614299905760491e-16,2.240730444196674e-19,-1.0125919392414594e-16,-8.454308449573008e-17,-1.2523726775445454e-19,-8.545495448236832e-17,-1.0924081660327077e-16,8.340369829236236e-15,-8.122850394542075e-17,-6.632904145659311e-20,-1.3121866629045033e-16,-1.8051360998929014e-19,-3.025101454857261e-19,-1.1438292155736083e-16,-1.0662138848553164e-16,8.340712214772413e-15,-9.83243973095023e-20,1.8431454581722644e-19,1.6648855253940897e-11,-1.5228563540802566e-16,-1.090148812480431e-19,-1.2926406528127727e-16,-2.1515358512451796e-19,-8.784406043475925e-17,3.1047185611825006e-21,8.340899162117834e-15,8.340707429351338e-15,-1.1271391833468033e-16,-1.0916834411386974e-16,1.6648828402498403e-11,-2.3859675242445053e-19,8.665430879648507e-21,-1.2850478902763744e-16,-1.0288856766008829e-19,-1.2062504345175655e-19,-3.279487193074034e-19,-1.0236879438998044e-16,-3.220467203864549e-19,-9.845697225640319e-20,-1.1624530607156427e-16,-1.268346925531638e-16,-1.0829771130264013e-16,-9.371613939783272e-17,-7.446146070897747e-19,-1.2019081888059012e-16,1.7441173420540344e-19,1.1687581364114637e-19,2.1577184062941914e-19,-2.6492449413583607e-19,-7.968048163849882e-17,-3.8918125497684446e-19,-1.0117878349676645e-16,-1.1386246938789774e-16,8.340600962205349e-15,-1.4509187876980508e-16,1.664895735688176e-11,3.5183225158105196e-20,-1.294776802769145e-16,1.5028398927759296e-19,-9.08826904205538e-17,-1.142721743928646e-16,-1.1880981012405403e-16,-3.292802136117014e-19,-9.560385289181721e-17,-9.756985280747687e-17,-1.127020068377035e-19,8.340639918396396e-15,-4.930108838591538e-19
