1.000000004133535,-7.433114854124071e-08,-7.289943687413564e-09,3.2751983499999074e-08,1.7965680039204125e-07,1.7314633932165075e-07,1.231384220433805e-07,2.14906958528685e-07,7.675823806396003e-08,2.433708098168046e-07,-1.0153252670944261e-07,2.428289946394115e-07,1.782362614449929e-07,1.2330457692017996e-07,1.914145922358206e-07,1.0000012999694643,-1.1105312953110413e-08,-8.220234268682099e-07,2.3440769020412489e-07,-6.147125229351932e-07,4.821288077635615e-07,2.2440739510506666e-07,1.1186840789610368e-07,1.1587303191346147e-06,3.225867228893677e-07,-1.7718200348257167e-08,1.858359539184324e-07,-1.2304730289628763e-08,-4.4513575932632987e-07,2.1299944725264096e-07,1.0000012043959992,4.874753753311724e-08,-2.880616092119373e-07,-3.9291702977273385e-08,-6.420202880315962e-08,1.6382581408733388e-07,2.7698231550532754e-07,1.0273237161675647e-07,2.403228284287779e-07,8.396592140583678e-07,4.484176350847442e-08,2.2583807193429918e-07,-9.462789586281481e-08,1.0000012061046877,1.3351401857208113e-07,1.793440455343592e-07,1.1375283238595744e-07,1.7492882436472867e-07,1.5540021061962718e-07,1.0000012174764719,-1.4056156081679888e-07,2.0626346626298984e-09,9.277468522861864e-08,8.546989023920329e-08,1.1756654899371993e-07,1.0000012886677383,2.7288444628612312e-08,-1.5959225867126678e-07,9.322246523273484e-08,-1.0783680033787717e-07,1.8787896806960213e-07,1.6597887995833164e-07,-2.7905581179302537e-09,2.3348254769492092e-07,-2.0915581812109242e-08,1.5927152786698862e-07,-6.431227499057246e-08,1.0000012917616425,1.0000011974073981,8.177455430031887e-07,1.805701799500862e-07,-4.0645391854554534e-08,4.827432243693749e-10,1.6572123335014677e-07,-1.1834988367841575e-07,8.603903825748286e-08,2.359200331234126e-07,1.0000012255395814,1.140333224020447e-07,-1.1864017897554708e-07,2.5431665233425614e-07,-7.220093130740949e-08,1.000001258104644,1.6155880535974623e-07,5.073917937116253e-07,1.0000013290880485,1.4825533148108534e-07,3.1573677623576193e-07,-9.052898689481423e-08,1.8063066474199424e-07,6.098554111064379e-08,2.9230499927762867e-07,-3.095763570534983e-07,-2.584761027831219e-07,1.9168169251760672e-07,1.0000012088129708,-3.3600908917027997e-07,-1.2706595724265152e-07,-4.2549984331477e-08,-1.88669066833389e-08,2.823200657534961e-07,1.8707646726169146e-07,1.0000016893572934,3.97913885276804e-08,3.4844794579875446e-08,9.971042279866377e-08,1.9868985261270604e-08,3.064052018842381e-07,3.085875014346036e-07,1.4379075528151021e-07,2.905539698489446e-07,-2.878473251973557e-07,3.4958629691913986e-07,8.357270056860689e-08,1.571476616313209e-07,1.0000015802077529,3.8578882535004445e-08,7.95818716741083e-08,-4.0903261137573e-08,1.0000016053636094,1.0000014275083104,2.1664195951704185e-07,1.0000012507388816,1.000001169462458,1.8079566063035187e-07,6.458954131162812e-07,1.2419618702330076e-07,1.0000012427588412,1.0015696289764372e-07
-7.433114854124071e-08,8.50733980727822e-07,-7.262119125496263e-09,-7.965828482400983e-09,-1.139278549633063e-08,-1.1046749495332644e-08,-9.727401614460833e-09,-9.74974569111776e-09,-1.122872704576166e-08,-8.903017149585756e-09,-7.219019187611711e-09,-8.688852736980592e-09,-9.017934849501744e-09,-8.9567533852462e-09,-1.10461298854427e-08,-4.4022142340900996e-07,-1.2276253690656889e-08,-2.769195841726112e-08,-9.830958731218735e-09,-1.2480752253915627e-08,-1.6963466834895588e-08,-9.81283744932221e-09,-8.713972449569515e-09,-2.10687762077447e-08,-1.000120758055299e-08,-8.276883908620831e-09,-1.2517349158061805e-08,-1.1402400372634725e-08,-1.4546011468861393e-08,-1.2889112804419117e-08,-4.4464307964018193e-07,-8.888541205199461e-09,-1.178228425145126e-08,-1.1097684830048135e-08,-8.680628295082612e-09,-1.0913768199880825e-08,-9.892855056501056e-09,-8.966516781881307e-09,-1.0877827175141351e-08,-1.725291921987576e-08,-8.301380505478809e-09,-9.639289688215116e-09,-8.62321942546906e-09,-4.481343743428412e-07,-1.0865645889010526e-08,-8.907187553485947e-09,-8.274161559495237e-09,-9.437834780404192e-09,-9.866938748115973e-09,-4.4966207073160264e-07,-1.06209839074151e-08,-7.545825254060294e-09,-1.1275530997506086e-08,-9.829227091594538e-09,-1.1093613431418544e-08,-4.440699101476877e-07,-8.484832870672135e-09,-1.4444969650382451e-08,-1.091477334890736e-08,-8.7990589734226e-09,-8.8810875029847e-09,-8.7497162126505e-09,-7.92557892416291e-09,-9.896312719559745e-09,-8.247665070409072e-09,-9.01848507288332e-09,-1.10201850196093e-08,-4.483273750035184e-07,-4.410897232575113e-07,-1.7148265714591492e-08,-7.416380572043757e-09,-7.384616032293563e-12,-5.53085077261833e-12,-5.110952417621728e-12,-4.332929091533374e-12,-3.908828441697274e-12,-3.1528127042183474e-12,-2.2363450621127068e-10,-4.2594898343229535e-12,-5.647455740929273e-12,-4.8156588718955934e-12,-7.039691158264726e-12,-2.2205361810418878e-10,-3.653652205236347e-12,-8.227659295262665e-12,-2.2030021145194608e-10,-5.70463731397938e-12,-4.886898015959681e-12,-6.433123868248498e-12,-4.886413218412744e-12,-4.3743705988020304e-12,-5.624913444165927e-12,-6.15972863449278e-12,-6.309355421335842e-12,-4.6176670484997585e-12,-2.2237918283075118e-10,-6.166461453169854e-12,-4.378171586917234e-12,-6.302300578594023e-12,-3.61060570935884e-12,-4.936291621986207e-12,-3.336451504660697e-12,-2.1978931668943663e-10,-5.449691737246318e-12,-4.231575853162167e-12,-5.007778664223171e-12,-5.384051484380473e-12,-3.1243325011355793e-12,-5.4269968412206976e-12,-3.7832664025300125e-12,-5.495793817093792e-12,-6.2783544476261855e-12,-7.330553847722772e-12,-5.0460442660755135e-12,-5.415582749335037e-12,-2.1802599439596104e-10,-6.327758405631979e-12,-6.174380593379959e-12,-6.100367175055273e-12,-2.1930266495923027e-10,-2.157101269160322e-10,-4.384765737811347e-12,-2.194771715555608e-10,-2.2478513458323551e-10,-4.9403301973088385e-12,-8.53530721338857e-12,-4.93191481421337e-12,-2.217774039710088e-10,-5.4125440480403815e-12
-7.289943687413564e-09,-7.262119125496263e-09,8.530556016359611e-07,-3.4062571534850186e-12,-4.883851393736574e-12,-4.7294600927069985e-12,-4.162781650601315e-12,-8.324532211360723e-09,-4.810137001468599e-12,-7.604208044143504e-09,-3.0843085909626586e-12,-7.415272168076113e-09,-3.861418985677033e-12,-7.651617018762314e-09,-9.440033151831064e-09,-3.8781359131855234e-07,-5.253860310661352e-12,-2.3710165677829174e-08,-8.398884174045722e-09,-1.0664931512275858e-08,-7.2642394762439914e-12,-4.199839760352009e-12,-7.437500369456806e-09,-1.8026704444093847e-08,-8.550637680929034e-09,-7.075671319432954e-09,-5.361003927020053e-12,-4.887401676619824e-12,-1.2436341740000002e-08,-5.527248043948181e-12,-1.9622753551064952e-10,-7.592506155967924e-09,-5.035157040243758e-12,-4.751915275457679e-12,-7.4074993393862e-09,-4.670897023119277e-12,-4.236298133712757e-12,-7.662112953366987e-09,-4.652835056108272e-12,-1.475578438626652e-08,-7.0958021188153506e-09,-4.122008587068563e-12,-3.685578664320535e-12,-1.9774209677562053e-10,-4.650284612886037e-12,-3.812462691854541e-12,-3.5440239812108444e-12,-8.049669566654199e-09,-8.432334119833438e-09,-1.98406713713069e-10,-4.539928188847544e-12,-6.447827052306451e-09,-4.8315895835777775e-12,-8.396135926442668e-09,-9.481043447994015e-09,-1.9597933814691397e-10,-7.234514252904468e-09,-1.2346791997131038e-08,-4.671182876125647e-12,-7.511906265680384e-09,-3.800946616871932e-12,-3.742547427345884e-12,-3.3881341361928793e-12,-4.236558414611884e-12,-3.53241720202181e-12,-3.861878434885378e-12,-9.416033602079943e-09,-1.9783003746301165e-10,-1.9468637938979194e-10,-1.4663189202433651e-08,-3.172716158889528e-12,-1.2610222995968247e-08,-9.433386826902307e-09,-8.727138191615532e-09,-7.380570928880588e-09,-6.652517870347891e-09,-5.368581629021998e-09,-3.9313028960382757e-07,-7.249128072862664e-09,-9.639925728383904e-09,-8.203436795963555e-09,-1.1998679755264852e-08,-3.9039866365447003e-07,-6.222204734061735e-09,-1.4018913109567502e-08,-3.8735935328218313e-07,-9.742118151668313e-09,-8.330074803279242e-09,-1.098892715352024e-08,-8.330254910233367e-09,-7.452341578688528e-09,-9.602051462769706e-09,-1.0500329799829214e-08,-1.0764733931933763e-08,-7.885131478256259e-09,-3.9095972401092244e-07,-1.0511475111727556e-08,-7.460339451446436e-09,-1.0754195519874655e-08,-6.145381922835133e-09,-8.418216939933426e-09,-2.8452181904034104e-12,-1.9363797986772174e-10,-4.6551015757254975e-12,-3.60693240404904e-12,-4.2812618096451466e-12,-4.5963063543766184e-12,-2.664657303907137e-12,-4.634545232713457e-12,-3.233327546985725e-12,-4.694934316656541e-12,-5.367204475370384e-12,-6.268256164159114e-12,-4.31491145003576e-12,-4.623484429618822e-12,-1.9211092678476856e-10,-5.410643592363157e-12,-5.273836638769461e-12,-5.207145840433693e-12,-1.9321746254718988e-10,-1.9010058477592695e-10,-3.742177044960229e-12,-1.9337034339230852e-10,-1.9797153585791397e-10,-4.221776760053168e-12,-7.295798915055671e-12,-4.213329444623777e-12,-1.953658819873943e-10,-4.62058834559925e-12
3.2751983499999074e-08,-7.965828482400983e-09,-3.4062571534850186e-12,8.517908850592618e-07,-1.0704118236077955e-08,-5.191081763312331e-12,-4.5683755656484795e-12,-4.576678815347942e-12,-5.280807415189824e-12,-8.345458316831379e-09,-3.383887582951109e-12,-4.076161854787429e-12,-4.238767058798776e-12,-4.20752244857065e-12,-1.0361631337070604e-08,-3.3845729233868236e-07,-1.1509117515761285e-08,-2.603779013632799e-08,-9.217888604184787e-09,-5.864907874707049e-12,-1.5916351805711104e-08,-4.609280610321586e-12,-4.088560520209233e-12,-9.916785895051042e-12,-4.702920941639712e-12,-7.768692789585359e-09,-5.884959088570927e-12,-1.0711675713071437e-08,-6.84042458732109e-12,-6.07013152506615e-12,-3.426832242325153e-07,-8.333303031465788e-09,-5.523677725519015e-12,-1.0410863658971219e-08,-8.127495013481442e-09,-1.0231497575497544e-08,-4.6500776989089005e-12,-4.213795139924105e-12,-1.019002195172162e-08,-1.62011918740688e-08,-3.902909861301897e-12,-9.026816593020551e-09,-4.04341009898329e-12,-3.460157188174403e-07,-1.0186828075200621e-08,-4.18441640923377e-12,-7.766322086954472e-09,-8.829939824607832e-09,-4.637342882744459e-12,-1.7409800264038247e-10,-4.980474308602484e-12,-3.5464437722247312e-12,-1.0588043677072918e-08,-9.214686978393536e-09,-5.213652419275724e-12,-1.7142186092250504e-10,-3.975683153812409e-12,-1.3554089257457901e-08,-1.0231722639611219e-08,-4.129969854295719e-12,-8.32668525356123e-09,-4.106795232252061e-12,-7.420269895215514e-09,-9.280946541219867e-09,-7.740780535151498e-09,-4.2393599047008046e-12,-5.177935363421631e-12,-1.7346330189389487e-10,-1.6999651149439504e-10,-8.065293810623962e-12,-3.48201266693813e-12,-6.937384378406201e-12,-1.0354034243958292e-08,-4.800958078509785e-12,-4.057145049219766e-12,-3.656093135029238e-12,-5.890769009443616e-09,-3.44318867888369e-07,-7.951260066759575e-09,-5.302627514348322e-12,-9.00039044696506e-09,-6.597195615471518e-12,-1.7100610199676448e-10,-6.82732762955537e-09,-1.53827357341618e-08,-1.6932560874668898e-10,-5.359482427682039e-12,-9.140975119649377e-09,-6.046001743913242e-12,-4.580249689358909e-12,-8.177133947948786e-09,-1.0541593830565014e-08,-1.1523731590978e-08,-1.1817389475840088e-08,-8.658648171862426e-09,-3.419256158983558e-07,-1.1535572946183419e-08,-8.186611244354486e-09,-5.914546026268082e-12,-3.377717607017335e-12,-9.239258405262044e-09,-6.230549276647513e-09,-3.3698181809662716e-07,-1.0197191485937184e-08,-7.896234292268055e-09,-9.381208146616461e-09,-1.0066092946608766e-08,-5.83558579423038e-09,-1.0150909216289916e-08,-7.085260553632519e-09,-1.028416376156835e-08,-1.1760339198106573e-08,-1.3735949649020981e-08,-9.455823138729415e-09,-5.073119919574763e-12,-1.671551442506466e-10,-5.939881377296288e-12,-5.787707102313761e-12,-5.713392420173119e-12,-1.6837543816769017e-10,-1.6493729705652576e-10,-4.105931100038747e-12,-1.6854464709256425e-10,-1.7361874278131397e-10,-4.6339746350983644e-12,-8.008910995548632e-12,-4.624338123715524e-12,-1.7074583818770465e-10,-5.069988668103753e-12
1.7965680039204125e-07,-1.139278549633063e-08,-4.883851393736574e-12,-1.0704118236077955e-08,8.437928333829069e-07,-7.469896830646969e-12,-6.565317876561898e-12,-6.5711854090858736e-12,-7.612278529303557e-12,-1.19938565720018e-08,-4.844890299059758e-12,-5.8447690769378946e-12,-6.103324263801761e-12,-6.050717151273729e-12,-1.4912756747105917e-08,-7.146888852326628e-11,-8.289337453424844e-12,-3.7657178818687296e-08,-6.6408277736186266e-12,-1.68455946425395e-08,-2.2921346539619417e-08,-6.626675705635941e-12,-5.864513983535066e-12,-1.4318996675567727e-11,-6.777325538803933e-12,-5.610431242133088e-12,-8.476941640007005e-12,-1.5465918279975506e-08,-9.859459983221294e-12,-8.775887671148622e-12,-1.489628343481424e-07,-1.1981637779796472e-08,-1.578648694946788e-08,-7.508165452085666e-12,-1.165202131718067e-08,-7.368111538773408e-12,-6.695224553044611e-12,-6.065110100380301e-12,-7.326067816191242e-12,-1.1709863156470216e-11,-5.623136290411164e-12,-6.485373632086849e-12,-5.792019131431982e-12,-7.712932070131623e-11,-1.464450160389523e-08,-1.2011459305070534e-08,-1.1194468596208023e-08,-1.2637638295874898e-08,-6.675683286360541e-12,-1.5613481727208568e-07,-1.4240205655268898e-08,-1.0192267389746566e-08,-7.652110003470695e-12,-6.636336095447634e-12,-7.503530132256933e-12,-1.4815334093870148e-07,-5.6862598854470734e-12,-1.9522918650937315e-08,-7.366785678453855e-12,-5.928847916030897e-12,-5.998359111093736e-12,-1.176647958061009e-08,-1.063796120779129e-08,-1.3350512774933026e-08,-5.589136589036366e-12,-1.218568256861565e-08,-7.449336885390914e-12,-1.5426643251431903e-07,-1.4390700737811566e-07,-1.1627783488489103e-11,-9.98391197008894e-09,-1.0017069757711989e-11,-1.4897565673060141e-08,-6.930537021267745e-12,-1.1611484947402668e-08,-1.0440091437174068e-08,-4.230079721090088e-12,-7.585484117909813e-11,-5.696963810550826e-12,-1.526495674499343e-08,-6.465254227632269e-12,-1.891578808255662e-08,-1.469014829982272e-07,-4.90341787997319e-12,-2.2073455596403526e-08,-1.418540624443603e-07,-7.739225924913836e-12,-1.3128479935763365e-08,-8.737397102627189e-12,-6.582135989750848e-12,-5.876752201150919e-12,-7.616278159475547e-12,-8.296024626661904e-12,-8.528733490631652e-12,-1.2503177852262333e-08,-7.406253905074244e-11,-8.303060089824134e-12,-1.175108585492016e-08,-8.520713562957661e-12,-9.649624286404244e-09,-1.3288283843571551e-08,-4.468783198422458e-12,-7.035053725781425e-11,-7.343275014725666e-12,-5.653300091001428e-12,-1.3518536562547234e-08,-1.4442308918268395e-08,-8.358173373914769e-09,-7.30365989456412e-12,-5.113220932516356e-12,-7.40641953175609e-12,-1.694308072380791e-08,-1.9804179733881655e-08,-6.831540187824711e-12,-1.453083523157836e-08,-1.3539039046427367e-07,-1.708895095567119e-08,-1.660115165513433e-08,-1.6358088872812585e-08,-1.3903569569092976e-07,-6.450483779344633e-11,-5.887960439152142e-12,-6.992404404940354e-11,-7.75198229651143e-11,-6.66900999833958e-12,-1.1535009227440146e-11,-6.64988952252294e-12,-7.322614485080252e-11,-7.275072771062866e-12
1.7314633932165075e-07,-1.1046749495332644e-08,-4.7294600927069985e-12,-5.191081763312331e-12,-7.469896830646969e-12,8.448438291843461e-07,-6.348925931401888e-12,-1.2690315252953874e-08,-1.466895719606642e-08,-5.810958560217081e-12,-4.695258767659738e-12,-1.1295671586371695e-08,-1.1768491835394378e-08,-1.1675025478834553e-08,-1.4409820199931525e-08,-7.840668303420394e-11,-1.5997633365693668e-08,-1.8180839644752092e-11,-6.4198283585433604e-12,-8.15612536586066e-12,-2.2141293847040382e-08,-6.406884868817858e-12,-1.1331699741514103e-08,-1.3811178907539296e-11,-1.3061862114643734e-08,-5.4169904009031336e-12,-8.187282423946004e-12,-1.4918472157103882e-08,-1.9001053620702312e-08,-8.45909593324848e-12,-8.140416287900839e-11,-5.803728268261822e-12,-1.529793345813101e-08,-7.254299438808795e-12,-1.1283287813829768e-08,-1.4220216689511375e-08,-6.467853564848523e-12,-1.1697185049006027e-08,-7.090281204366089e-12,-1.1300433644546913e-11,-5.430660385778103e-12,-6.278932966720442e-12,-1.120003942405144e-08,-1.6717840280095183e-07,-1.415951624454106e-08,-1.1611124971656462e-08,-1.0808454888353042e-08,-6.136689504636475e-12,-6.449765570968363e-12,-1.6925321242330444e-07,-1.3795724575641041e-08,-4.933490968463184e-12,-1.4739823150805653e-08,-1.2807702812802164e-08,-1.4471530821089565e-08,-1.6169683974010435e-07,-1.1004725601469167e-08,-9.447620533558315e-12,-7.123888225298225e-12,-5.7370799228560355e-12,-5.799179350513736e-12,-1.1386086996766074e-08,-5.161135552968709e-12,-6.4647513082274775e-12,-5.396904470968518e-12,-5.897361001755156e-12,-1.4370604290196578e-08,-1.674719668676962e-07,-1.5767414859317306e-07,-2.2405044910381435e-08,-9.65765765232297e-09,-9.662220274463632e-12,-1.4397530717502012e-08,-6.685846300267431e-12,-1.1243038371702452e-08,-5.070984384600463e-12,-4.097139666446767e-12,-8.25605597047852e-11,-1.1025935751758145e-08,-1.4733421974246293e-08,-1.2495036136901135e-08,-9.167326549256743e-12,-8.04279292955786e-11,-4.74870992549249e-12,-1.0703719276899318e-11,-1.557568059992972e-07,-7.464693201482367e-12,-6.3627352359728724e-12,-1.6813850150481864e-08,-1.2705130187137593e-08,-5.6889005059304686e-12,-7.351259787441971e-12,-8.023577291109778e-12,-8.237418774825416e-12,-1.2059854237528668e-08,-8.086389024095472e-11,-1.6029950457995763e-08,-5.697203609538788e-12,-1.642473184108921e-08,-4.686003260943292e-12,-1.2844554293076763e-08,-8.644829440904542e-09,-7.735474130066061e-11,-7.100742485447746e-12,-1.0946030051987706e-08,-1.3053937377825057e-08,-7.003539196909074e-12,-8.098785190011554e-09,-7.0655265350732146e-12,-4.938904881152759e-12,-7.161284147897924e-12,-8.197995222449204e-12,-9.578369222857134e-12,-1.3162039102080908e-08,-7.045761920252907e-12,-7.497392825524486e-11,-1.6499059102490087e-08,-1.6054574352731075e-08,-1.5835695466697302e-08,-1.5308052258441147e-07,-7.182840450543021e-11,-5.700719728722256e-12,-1.5356527420127057e-07,-1.6790485754894747e-07,-1.2862567909678856e-08,-2.223856887943272e-08,-6.4286441954620516e-12,-8.006435185284477e-11,-7.0413373615028645e-12
1.231384220433805e-07,-9.727401614460833e-09,-4.162781650601315e-12,-4.5683755656484795e-12,-6.565317876561898e-12,-6.348925931401888e-12,8.481033606338562e-07,-1.1166339528023962e-08,-6.461692729753074e-12,-1.0203833060467986e-08,-8.250964546244777e-09,-9.941792477823532e-09,-5.185164863508064e-12,-5.14524748329362e-12,-6.349494302141754e-12,-1.1247982128940334e-10,-7.050687180636929e-12,-1.5975105713740318e-11,-1.1271560288480859e-08,-1.431820878592871e-08,-9.755111205643253e-12,-5.6359819562603984e-12,-4.996416495627106e-12,-1.213926663146718e-11,-1.1485025316913391e-08,-4.762866301775581e-12,-7.199517478324494e-12,-6.5695958448080295e-12,-8.370193181743577e-12,-7.43319590646912e-12,-1.1509593308191959e-10,-1.0190152007169491e-08,-1.3468020147360196e-08,-6.379965742618523e-12,-4.975536309200727e-12,-1.250966758716138e-08,-1.1352961772747461e-08,-5.1541135867262305e-12,-1.2453990977931058e-08,-1.982829857193992e-08,-4.775393851490537e-12,-1.1030147099019461e-08,-4.9396409118579974e-12,-1.1715760973580106e-10,-6.240554906898346e-12,-1.0213425700574477e-08,-4.761248519504555e-12,-1.0784419030727934e-08,-5.672240842171423e-12,-1.1806417992919022e-10,-1.2144519272208633e-08,-4.338765739430156e-12,-6.492004398504777e-12,-1.1266985766832415e-08,-6.376681885535862e-12,-1.1475898576774312e-10,-4.854920057181809e-12,-1.6582364710320218e-08,-1.2509249301512837e-08,-5.0482671371585665e-12,-1.0182166401287596e-08,-5.019630933311143e-12,-4.5426861531609884e-12,-1.1349589913495426e-08,-4.7453421377202195e-12,-1.0351331385025188e-08,-6.332695591926289e-12,-2.3408086334318228e-07,-2.255304395206491e-07,-1.9698705537273516e-08,-8.497234876711941e-09,-1.695071456353337e-08,-6.3444476368339434e-12,-5.876804841503233e-12,-9.895306820469872e-09,-4.465194227126732e-12,-3.6065826339917962e-12,-2.3173291510804023e-07,-9.709281063939713e-09,-1.2952778561405696e-08,-1.0997449488068519e-08,-1.609886398346002e-08,-1.1424419706246808e-10,-4.179870630049084e-12,-1.8800983683878456e-08,-1.1216462942901829e-10,-6.561018586044154e-12,-5.598259341082598e-12,-1.4775858906932186e-08,-5.599900353786213e-12,-5.006574054228818e-12,-6.462922496403576e-12,-1.4089441971931876e-08,-7.243563896705047e-12,-5.310629771043434e-12,-1.146255168034438e-10,-7.065818768801713e-12,-5.01320222126741e-12,-1.4442840482633017e-08,-8.235243672040321e-09,-5.660410946997051e-12,-7.611437519511167e-09,-2.2266578774466196e-07,-6.246677169974358e-12,-9.640207261191601e-09,-1.1478138321965165e-08,-1.2301824709724349e-08,-3.572259970624019e-12,-1.2408427573793871e-08,-8.668879689140164e-09,-6.299849041768367e-12,-1.4388318127914724e-08,-8.421277957031726e-12,-1.1571684579536223e-08,-1.2375644104266207e-08,-2.1851659868366046e-07,-7.2679630273556115e-12,-7.076289528024168e-12,-6.982361937730982e-12,-2.2152621223902422e-07,-2.1304176053182577e-07,-1.001448019036991e-08,-1.1120348861677602e-10,-1.1747354370684017e-10,-5.66773522189176e-12,-1.9556236336718618e-08,-1.1287099996916412e-08,-2.2737856527307548e-07,-6.196485217685489e-12
2.14906958528685e-07,-9.74974569111776e-09,-8.324532211360723e-09,-4.576678815347942e-12,-6.5711854090858736e-12,-1.2690315252953874e-08,-1.1166339528023962e-08,8.48066101168812e-07,-1.2912467682819753e-08,-1.0219958985887862e-08,-8.268335996736673e-09,-9.960781759007206e-09,-5.192051984501762e-12,-5.152997687375819e-12,-1.2690998526646295e-08,-6.66378506223596e-11,-7.061621938559313e-12,-3.190712831456051e-08,-1.1288821989332526e-08,-7.183605568044828e-12,-1.949611600014533e-08,-5.644734978890714e-12,-5.005782002210395e-12,-2.4251826226606587e-08,-5.761036951734716e-12,-4.768378322098484e-12,-7.208656484748747e-12,-6.575675989824615e-12,-8.380047972882809e-12,-1.4847582403528398e-08,-6.924327265534117e-11,-5.113183280198735e-12,-1.3496478552035314e-08,-6.388644478184548e-12,-9.950445226655155e-09,-6.277370656855968e-12,-5.695646177802284e-12,-1.0301762185897302e-08,-6.2506724577301505e-12,-1.984897232857606e-08,-9.543116636050586e-09,-1.1051206645930796e-08,-4.9498301863270375e-12,-7.129722269198991e-11,-6.25022214283271e-12,-5.124691673614457e-12,-4.766782956056229e-12,-5.41482211555577e-12,-1.1337295585871986e-08,-1.4408669234184744e-07,-1.216935622740402e-08,-8.671271043518615e-09,-6.49896979494574e-12,-1.1284660315520228e-08,-1.2745491388993534e-08,-1.375155258442474e-07,-9.712544511784957e-09,-8.318450985085624e-12,-1.252936106722425e-08,-5.0571174691063655e-12,-5.109084696580571e-12,-5.0285441851245185e-12,-9.084703438242705e-09,-5.694635293675868e-12,-9.482959684626157e-09,-1.036484885695579e-08,-6.341843300076388e-12,-1.4253075413767822e-07,-6.715394387096993e-11,-1.9721063089287168e-08,-8.511046729725143e-09,-1.6966598195013534e-08,-6.353471669510145e-12,-5.882377159041807e-12,-9.914511308633571e-09,-4.475100101279788e-12,-3.6133817194190777e-12,-1.401971083026786e-07,-4.875555337162087e-12,-6.496478441897028e-12,-5.52042564952682e-12,-8.078945654160177e-12,-6.839515752284262e-11,-4.1878268692058686e-12,-1.883473831309975e-08,-1.3236331940157302e-07,-6.5669264879614955e-12,-5.607712460319426e-12,-1.4787977498488234e-08,-5.608980119933128e-12,-5.0159241948704005e-12,-1.2914110988174596e-08,-1.4112329553384147e-08,-7.252670484806696e-12,-5.315473298139887e-12,-1.3725257478707343e-07,-7.077410527409302e-12,-1.0024216379118752e-08,-1.4460885831608553e-08,-8.252883101933322e-09,-5.668975180460815e-12,-7.627189484441168e-09,-6.572685376872399e-11,-1.2487863425763058e-08,-4.841460491823196e-12,-1.1492081994817299e-08,-1.2324470942570476e-08,-7.144211582936043e-09,-1.2429518353691124e-08,-8.679616970784523e-09,-6.3096732209346334e-12,-1.4406322668296934e-08,-1.6827628777608394e-08,-5.803947994262624e-12,-6.211425610550537e-12,-6.365593823238023e-11,-7.276509479021927e-12,-7.087608329199439e-12,-6.995213170430223e-12,-6.515755388544145e-11,-6.092556165000474e-11,-1.0033591332997007e-08,-6.536662805449392e-11,-1.429110880471003e-07,-5.675712164628017e-12,-9.810242658487016e-12,-5.663441485206299e-12,-1.3585646215561526e-07,-6.207661431822287e-12
7.675823806396003e-08,-1.122872704576166e-08,-4.810137001468599e-12,-5.280807415189824e-12,-7.612278529303557e-12,-1.466895719606642e-08,-6.461692729753074e-12,-1.2912467682819753e-08,8.443109107121368e-07,-1.1804504664560095e-08,-9.528209599113077e-09,-5.756277087265849e-12,-1.1983317988829876e-08,-5.954142189660031e-12,-7.350434321046271e-12,-2.4913779997437453e-07,-1.6282792041340135e-08,-1.8534659475228598e-11,-6.53492447527978e-12,-1.6573605224729074e-08,-1.1295973895549187e-11,-6.5213760430516465e-12,-1.1527117392806337e-08,-2.8090884913157262e-08,-1.3303320335302738e-08,-5.517230367582856e-12,-8.337641312753502e-12,-1.520154575524855e-08,-1.9352570643363372e-08,-1.7210416192954873e-08,-1.2790615685542395e-10,-5.90744615602523e-12,-1.5554085562562522e-08,-7.386184240960002e-12,-1.147625839433192e-08,-7.2514160547295125e-12,-1.3145522904854548e-08,-1.1909557843435739e-08,-1.439783968700145e-08,-2.2978546886907286e-08,-5.530459243851327e-12,-1.2748219240562669e-08,-1.1389083471598471e-08,-2.6013411312248475e-07,-1.441208685003313e-08,-1.1819522427997866e-08,-1.1008546250008104e-08,-6.239008891755442e-12,-1.3107953025988197e-08,-2.622704019170649e-07,-1.4028585858563684e-08,-1.0026199929377537e-08,-1.5016170689785173e-08,-6.531152471666677e-12,-7.38197957614282e-12,-2.545013032227829e-07,-1.1186097639034143e-08,-1.9202754190755963e-08,-1.4471736342044628e-08,-5.837178849749807e-12,-5.902866435154563e-12,-5.804066577686876e-12,-1.047755174007855e-08,-1.3136175842637816e-08,-5.4965846412353056e-12,-6.0052721128872315e-12,-7.329569566169236e-12,-2.6044507034885114e-07,-2.5036668409663643e-07,-1.1433908418009751e-11,-4.923737392786599e-12,-9.845749433177966e-12,-7.34354981329409e-12,-6.812404908270884e-12,-5.729440601449754e-12,-1.0288877276866176e-08,-4.166599868275122e-12,-2.5766024684010383e-07,-5.614990370805409e-12,-7.51952146639632e-12,-6.367482840555933e-12,-1.862003060094138e-08,-2.532859587331676e-07,-4.8295897167900645e-12,-2.173491197027858e-08,-2.4838247607907544e-07,-7.606600460665207e-12,-6.474806826489524e-12,-8.585835782345812e-12,-1.29306795450086e-08,-5.787122945255357e-12,-7.488585120849997e-12,-8.165556342711204e-12,-1.6743342494133742e-08,-6.15697147367612e-12,-1.2734880184852216e-10,-8.17285935117455e-12,-1.1569774488134028e-08,-1.6726864433528057e-08,-9.508666112146584e-09,-1.3075659294202428e-08,-8.78876062433412e-09,-1.2373839558924923e-10,-7.227060253386582e-12,-1.1124058612230762e-08,-6.660908166377426e-12,-7.124896115259235e-12,-8.234440986932819e-09,-1.4350633962362246e-08,-1.0038359190858629e-08,-1.4548592679238037e-08,-8.348801476466634e-12,-9.756552542425085e-12,-1.3407349090353245e-08,-7.1681706735720255e-12,-1.2129115824775325e-10,-1.6804917460432913e-08,-8.186180616097993e-12,-1.6108699894130446e-08,-1.230681698352859e-10,-1.180525467537884e-10,-1.157406758986822e-08,-1.2331981711069448e-10,-1.3070984584873468e-10,-6.561133219917714e-12,-1.134591655758654e-11,-6.5438108323589035e-12,-1.2653058568944987e-10,-7.1634481769315195e-12
2.433708098168046e-07,-8.903017149585756e-09,-7.604208044143504e-09,-8.345458316831379e-09,-1.19938565720018e-08,-5.810958560217081e-12,-1.0203833060467986e-08,-1.0219958985887862e-08,-1.1804504664560095e-08,8.499126389772503e-07,-3.783266113718861e-12,-4.558737643332678e-12,-4.7457634526377765e-12,-9.399508970564323e-09,-5.811437954784232e-12,-5.7572680568796496e-11,-1.2880408635667995e-08,-2.9184469395572128e-08,-1.0316581254014478e-08,-6.565597399868131e-12,-8.928299764659525e-12,-1.0296140970353291e-08,-4.573005530436374e-12,-1.1110671564208175e-11,-1.0511858800119258e-08,-4.359172305188984e-12,-1.3152424578065275e-08,-6.012907101454217e-12,-1.529081805441399e-08,-1.3579410832489058e-08,-5.996762885554755e-11,-4.672701135717905e-12,-1.2326344099974097e-08,-1.1655202994831686e-08,-4.553856509340089e-12,-1.144980426811233e-08,-5.206071250296334e-12,-4.7173709917346226e-12,-5.710715871200761e-12,-9.09223465276553e-12,-4.370594496933718e-12,-5.057889261332605e-12,-4.520998723592443e-12,-6.18549269351696e-11,-5.711722206895828e-12,-9.348004180580221e-09,-4.3577173634102786e-12,-4.945128843689972e-12,-1.036242277310184e-08,-1.2509299835096849e-07,-5.568746292690602e-12,-7.92582352997691e-09,-5.941973044849663e-12,-5.166503286689078e-12,-1.164935381302123e-08,-5.965915190455175e-11,-8.869105047343504e-09,-7.603741937799689e-12,-1.1449441014638639e-08,-4.620418247307893e-12,-4.669002918968112e-12,-9.170102508491128e-09,-4.157637081540289e-12,-5.204499272303458e-12,-4.343203538912815e-12,-9.474183363640633e-09,-5.796036461564706e-12,-1.2366581774555677e-07,-1.158382688001858e-07,-1.8029241344654357e-08,-7.776853301407097e-09,-1.5514478668085663e-08,-1.1590251666776035e-08,-1.0735930311920836e-08,-9.056813130647538e-09,-4.0866424437742e-12,-6.58793219640825e-09,-1.2151613670520115e-07,-4.452123670534545e-12,-5.939544213667178e-12,-5.0428663259851234e-12,-1.4734185201769777e-08,-5.918785163089922e-11,-3.825409412266205e-12,-8.620865125031232e-12,-5.728403305227683e-11,-6.0050533896415335e-12,-1.0227201584591628e-08,-1.3524063105119766e-08,-1.0230227081987557e-08,-4.582298964640065e-12,-1.1806927502135216e-08,-6.4606623706010275e-12,-1.3232652194733488e-08,-4.860621150819309e-12,-5.953690980841646e-11,-1.2907970079402975e-08,-9.158434351809407e-09,-1.321907515855152e-08,-3.77603327124132e-12,-5.180887487739841e-12,-6.965740899745091e-09,-5.67339265510318e-11,-5.7173201855302804e-12,-8.823236554739041e-09,-5.2633463425051436e-12,-1.125943011458184e-08,-6.525083535951074e-09,-1.1357002638157823e-08,-3.974954514806982e-12,-1.1508871974023706e-08,-1.3169146221196618e-08,-7.707581477311407e-12,-1.0591051450946491e-08,-1.1326870377345253e-08,-5.4830877784788106e-11,-1.3277529367775204e-08,-6.476617179907124e-12,-6.390476036472449e-12,-5.621127702350719e-11,-1.0440506317675688e-07,-4.592088012090851e-12,-5.6404264563272444e-11,-1.2401380283666395e-07,-5.1874940323007725e-12,-8.967374891954105e-12,-1.0330571709983043e-08,-1.1753018611877507e-07,-1.1319778751460688e-08
-1.0153252670944261e-07,-7.219019187611711e-09,-3.0843085909626586e-12,-3.383887582951109e-12,-4.844890299059758e-12,-4.695258767659738e-12,-8.250964546244777e-09,-8.268335996736673e-09,-9.528209599113077e-09,-3.783266113718861e-12,8.53132669246372e-07,-7.367266557115958e-09,-3.8330979196639826e-12,-7.597535925117783e-09,-4.695118001773903e-12,-2.421414385385771e-10,-1.0412940314934866e-08,-1.1780415707256519e-11,-8.339462673207917e-09,-1.0587704908058511e-08,-1.4392304367975852e-08,-8.323817403651808e-09,-7.388885219453345e-09,-1.788364960763366e-08,-8.486394985297575e-09,-7.022525424281649e-09,-1.0620867506869279e-08,-9.677914873298401e-09,-6.183587672831472e-12,-5.481994252193708e-12,-4.870662842631827e-07,-7.539245437310396e-09,-9.987707852269594e-09,-9.415414862478436e-09,-7.359833774568117e-09,-4.6381306529686605e-12,-8.393547762149787e-09,-7.606672524456572e-09,-4.621755429346651e-12,-7.335565732085615e-12,-7.043077515349624e-09,-8.173781857195489e-09,-7.310330412954892e-09,-2.455240390645609e-10,-9.216647156520501e-09,-7.555714800187758e-09,-7.020546069814123e-09,-4.008208974185634e-12,-8.370930341088958e-09,-2.4617780407523567e-10,-4.511234603621055e-12,-3.2069050971067723e-12,-9.569187239625845e-09,-4.1770429075209566e-12,-9.412041688446471e-09,-2.437871506095455e-10,-7.191474410466462e-09,-6.139957211846168e-12,-9.258513051707072e-09,-3.738271055822026e-12,-7.533196119502469e-09,-3.717466256482986e-12,-3.366434361988271e-12,-4.206221201553606e-12,-6.997839269274524e-09,-7.651502066231013e-09,-9.348461800429522e-09,-4.902124741148382e-07,-4.840354092769757e-07,-7.290478141873291e-12,-6.289533230490794e-09,-6.267731012860005e-12,-9.365332563179767e-09,-4.337908380897319e-12,-7.332853676829803e-09,-6.612714928366569e-09,-2.672652491706732e-12,-2.447654057635189e-10,-7.206095859441579e-09,-4.7925194123227656e-12,-4.0833143259335565e-12,-1.1916404489153706e-08,-2.4341695745202887e-10,-3.0974555114532565e-12,-6.976840656336367e-12,-2.419193794931928e-10,-4.8420760049552465e-12,-8.273116375200726e-09,-5.460906752481992e-12,-8.272487896871986e-09,-3.709177018031293e-12,-4.77371340972036e-12,-1.0427578991406572e-08,-5.353078887826081e-12,-7.822747472987301e-09,-2.436943578605359e-10,-5.2299326230002545e-12,-7.410522446723852e-09,-1.0673773494738786e-08,-3.06021849166164e-12,-4.187555338894941e-12,-2.8278822784712396e-12,-2.414838459745645e-10,-4.622504260877538e-12,-3.586102702032038e-12,-4.249130847450061e-12,-9.113276665971264e-09,-5.2857964827990974e-09,-9.187342260278853e-09,-6.4061914017797025e-09,-4.661929394102716e-12,-5.3270702472453944e-12,-1.2416051581792107e-08,-8.54669669998295e-09,-9.166864263993688e-09,-2.399795483070065e-10,-5.369611149321938e-12,-1.045323082018682e-08,-5.172826423905536e-12,-2.4106904407359417e-10,-2.3800194261477123e-10,-3.7178777399244626e-12,-4.814511206952349e-07,-4.904924092600883e-07,-4.1912076990671565e-12,-1.4454551171052108e-08,-8.350267313270824e-09,-2.431823139811671e-10,-4.5898377783809486e-12
2.428289946394115e-07,-8.688852736980592e-09,-7.415272168076113e-09,-4.076161854787429e-12,-5.8447690769378946e-12,-1.1295671586371695e-08,-9.941792477823532e-09,-9.960781759007206e-09,-5.756277087265849e-12,-4.558737643332678e-12,-7.367266557115958e-09,8.503790747405598e-07,-4.6208771473203855e-12,-4.587291248667667e-12,-5.659333627702688e-12,-1.195044513301893e-07,-1.2548324168478481e-08,-2.8372655964938658e-08,-1.0049628868588433e-08,-1.2762566892305628e-08,-8.692810000420904e-12,-1.0030405061630866e-08,-8.899225361817553e-09,-2.1571915627699065e-08,-1.0232265343159762e-08,-4.2429434932625445e-12,-1.280452648512655e-08,-5.849113066630139e-12,-7.456624793118647e-12,-6.615060948904729e-12,-1.2409630741375606e-07,-4.552009786866316e-12,-1.202510820823046e-08,-5.686206751547053e-12,-4.4406386058879434e-12,-1.115502206535446e-08,-5.0690964321437e-12,-4.593834362628618e-12,-1.111143540725776e-08,-1.7658564422993563e-08,-8.492450624696583e-09,-9.843482702380385e-09,-8.802096035087307e-09,-1.2771815903438485e-07,-5.564409005111817e-12,-9.105761716631023e-09,-8.466009732298644e-09,-4.8249388953737796e-12,-5.055413560756701e-12,-6.479760512647301e-11,-1.0841829550818182e-08,-7.717579025122039e-09,-5.781904871524871e-12,-5.0334024607081355e-12,-1.1344496870350556e-08,-6.188952604698775e-11,-4.336513503899336e-12,-7.402776966370706e-12,-1.1155421841841725e-08,-4.50351114363425e-12,-4.548340962217036e-12,-4.478106324570852e-12,-8.092439818444482e-09,-1.0117920227977072e-08,-8.43831011043935e-09,-4.621473784821261e-12,-1.1267618205726781e-08,-6.410718581276881e-11,-6.03404597309522e-11,-1.7547083538468544e-08,-3.79685002120709e-12,-1.5091569888510647e-08,-5.655391811187098e-12,-5.232634176640433e-12,-4.4244557555364825e-12,-3.987988063795113e-12,-6.4250770108660085e-09,-6.307774233807714e-11,-4.3451182920259524e-12,-1.1536585453013075e-08,-4.917297837335752e-12,-7.193479420140725e-12,-6.143810150875814e-11,-3.7305356549792285e-12,-1.6774094447607383e-08,-1.1895927028199864e-07,-1.1658929179166162e-08,-4.993355496731528e-12,-6.589032909837562e-12,-4.993866061356158e-12,-4.467486364618155e-12,-1.1490036612203964e-08,-6.295096386207976e-12,-6.4542298660963765e-12,-4.728048165535247e-12,-1.232739568504147e-07,-6.301628090174533e-12,-8.926998324559933e-09,-6.447369024319767e-12,-7.3539706452651385e-09,-1.0072605716829271e-08,-6.796243881671182e-09,-1.1790257353875223e-07,-1.1118031620615497e-08,-8.613413248391318e-09,-5.123419359742941e-12,-5.499267054963979e-12,-3.1890686453055573e-12,-5.545113817399626e-12,-3.869953470944843e-12,-1.1212386868014948e-08,-6.4229285813769716e-12,-1.497245856606092e-08,-5.163936842931289e-12,-1.1041554002189703e-08,-5.725391893528271e-11,-1.2923342003060285e-08,-6.310380657492083e-12,-6.230409364812406e-12,-5.857987788150895e-11,-5.4844980373349973e-11,-8.937111844932325e-09,-5.87633406666541e-11,-1.282672938116323e-07,-1.008336840084766e-08,-8.730552582589919e-12,-5.041731452930373e-12,-6.115457792989219e-11,-5.528568458068481e-12
1.782362614449929e-07,-9.017934849501744e-09,-3.861418985677033e-12,-4.238767058798776e-12,-6.103324263801761e-12,-1.1768491835394378e-08,-5.185164863508064e-12,-5.192051984501762e-12,-1.1983317988829876e-08,-4.7457634526377765e-12,-3.8330979196639826e-12,-4.6208771473203855e-12,8.49638856578235e-07,-4.777361761969211e-12,-5.896862925902258e-12,-8.886139769763821e-11,-6.545872537925995e-12,-1.485741088156541e-11,-5.243412342195072e-12,-6.661710144818914e-12,-9.06120166286881e-12,-5.232707665557532e-12,-9.252964213424508e-09,-1.1284479979566312e-11,-1.0670216636702729e-08,-4.425033209342888e-12,-6.687904697985798e-12,-6.1067399228534944e-12,-1.552181308888193e-08,-1.3796439002784198e-08,-9.131839452404118e-11,-9.461019715613677e-09,-6.257145526564271e-12,-5.925401840609781e-12,-9.212931928570482e-09,-1.161397047187397e-08,-5.283256287497051e-12,-9.554332244671612e-09,-1.1556440726345566e-08,-9.232125164551489e-12,-4.4360099181723544e-12,-1.0233526894468632e-08,-4.581331360122576e-12,-1.8611386079969655e-07,-5.793809936108057e-12,-9.483394175582948e-09,-4.4235631716439824e-12,-5.009967667045432e-12,-1.0515445686429412e-08,-9.410572274435972e-11,-5.643055140427747e-12,-4.02955792022199e-12,-6.0331948078308656e-12,-1.0460288942399963e-08,-1.1820549080712523e-08,-1.8162201998244106e-07,-8.983614552418099e-09,-1.540335354905883e-08,-1.1612884802115355e-08,-4.684929877488298e-12,-4.7363206869671525e-12,-4.658372126048335e-12,-4.214063309294013e-12,-1.0539392430169132e-08,-4.408619229538736e-12,-4.817216525486988e-12,-5.8805420872860735e-12,-1.8635700913493215e-07,-1.7832540178447e-07,-1.8303290560543354e-08,-3.9512989299699856e-12,-1.5756914297698864e-08,-1.175955310114921e-08,-5.4624379337856645e-12,-9.180268874919093e-09,-8.262659528919276e-09,-3.344939502131555e-12,-9.226566603306466e-11,-9.00091046498868e-09,-1.2036436527601068e-08,-1.0202639841619308e-08,-7.486407642191495e-12,-9.051803507239073e-11,-3.877131452073298e-12,-1.7445564992465562e-08,-8.856183429338335e-11,-6.098943782688344e-12,-5.196230804363026e-12,-6.883184143967973e-12,-5.1985919252097e-12,-4.645332428643668e-12,-1.1987115508629213e-08,-1.307887525895328e-08,-1.3430357101197878e-08,-4.936626951849336e-12,-9.087506415637058e-11,-1.3090983524692892e-08,-4.652393489272611e-12,-6.722014255249561e-12,-3.825431092654187e-12,-1.0491117048433774e-08,-7.057080089919271e-09,-8.799829230160215e-11,-5.7991792597103894e-12,-8.935082796121779e-09,-5.34256419590812e-12,-1.1414935243549821e-08,-6.611368885488497e-09,-1.1516988020629998e-08,-8.052074574254054e-09,-1.1674025005921793e-08,-6.696676516478305e-12,-7.824808184546203e-12,-5.387105996798923e-12,-1.1483901450913874e-08,-1.7173139289995033e-07,-1.3478307377771642e-08,-6.569035382218096e-12,-1.2930551730841844e-08,-8.746335817391284e-11,-8.346779446194592e-11,-4.654861336994112e-12,-8.766296815958849e-11,-1.8671084419645338e-07,-5.26369390702454e-12,-1.8165570815911584e-08,-1.0479895836883742e-08,-1.8006152605566424e-07,-1.1476460000405271e-08
