0.9999999999999853,-2.2868051101318733e-11,6.505444541430996e-11,3.6467692599692714e-12,6.5250822267931535e-12,2.0206309362847195e-11,-3.1915898783168e-11,3.132752663147036e-11,3.839240555089423e-12,2.91077645560374e-11,1.285457410928384e-11,-5.096711194345439e-11,0.9999999999886906,2.1715780443893406e-11,2.929228292102291e-12,4.0056824289047554e-11,4.0832373361395497e-11,1.000000000026843,-1.2783988061255925e-11,-5.340577239683085e-14,1.2531312518192305e-12,1.1829419627149454e-11,-5.236180450190558e-12,-1.260187230365874e-11,4.354613897454561e-11,7.2084381984455314e-12,-5.6423146411930863e-11,2.4609092811473816e-12,4.6336139291129326e-12,-1.4766051649586931e-13,-1.10245770774643e-11,0.9999999999922887,1.4065245961261221e-11,1.1038614239283403e-11,8.958798916839305e-13,-2.7570085984563562e-11,-1.0858563355634487e-10,-1.4126157539441144e-11,6.243444848050972e-11,0.9999999999902208,0.99999999997922,-1.4640742750463596e-12,-5.45473039200005e-13,1.735017026759148e-11,-8.573590586550895e-12,-1.8777480247162467e-11,-1.1841468490947181e-11,2.221771421891141e-11,-8.847183450358416e-12,3.878102839752125e-12,2.8662894447451925e-11,0.9999999999962812,-2.0251788076127783e-11,0.9999999999865075,-1.7382594302857486e-11,-2.5754342208934375e-11,7.00293084305719e-11,0.9999999999624223,4.869341817853559e-12,-5.448165263737687e-11,-1.0276471063639986e-12,0.9999999999936052,7.673260275612526e-13,-4.888275696313009e-12,4.3013878442042375e-12,2.0629950694842672e-11,1.9962924879909835e-11,1.9620313026520314e-11,5.403916336649054e-12,0.9999999999617939,2.453693194437004e-11,0.9999999999694593,0.9999999999448167,-2.963464581609908e-11,4.427460968359408e-11,7.233650175802574e-11,1.055343174509659e-11,-1.6440385579784064e-11,1.482387699356085e-11,1.6232720139443032e-12,3.273434135860612e-12,6.496856483988285e-13,2.1317244738628694e-11,0.9999999999950856,0.9999999999970094,2.575677484329406e-11,1.5480383980300213e-12,3.9041124070764304e-11,8.782389032136729e-11,0.9999999999759005,0.9999999999668294,-7.55199790935707e-11,-3.1503216093206036e-11,9.550199841603609e-12,-1.783113479820685e-11,7.176177418828512e-12,-1.4103875691395746e-11,-8.391139830957663e-11,1.8590310827771525e-11,7.372549690329027e-12,0.9999999999761079,2.9426017548222237e-12,-1.8757071607269865e-11,4.93662309661818e-11,-2.1172457584136343e-11,-4.072089568599372e-11,1.0579475631183213e-11,4.52537685711661e-12,-3.256310575625268e-12,-4.385375631469311e-11,-6.981155285115637e-11,1.4902353957293305e-11,-1.3495271896388765e-11,7.981085894333568e-12,-1.5120569156897613e-11,2.3273601565264695e-11,-2.403091239716746e-11,1.6100277520068505e-12,1.864982579877959e-11,0.9999999999759015,-6.017392227776024e-11,-4.2849205293727557e-11,-5.901647927033869e-12,6.7162917963717206e-12,2.297536385878048e-12,0.9999999999895474,0.999999999975791,2.1854713058041516e-11,2.5493071186072214e-11
-2.2868051101318733e-11,4.1687460519331963e-13,7.904549506288014e-16,7.536710854865355e-16,8.029983459172415e-16,8.932886276101364e-16,8.442154653432179e-16,8.89165939165758e-16,4.022202091248453e-16,5.770190255789272e-16,8.45248693804129e-16,7.629479966565644e-16,-2.294292835421536e-11,6.961449915089526e-16,9.210928398432392e-16,4.667112534607031e-16,6.220647853271359e-16,-2.2942285982880006e-11,3.039606721010156e-16,5.633285608337505e-16,5.108169767999009e-16,6.490364578679152e-16,3.4136070382231277e-16,4.2357495156434366e-16,7.952457061758607e-16,6.251789440682038e-16,1.0740595236577305e-15,7.863646958106955e-16,5.362316130289043e-16,6.892483484351383e-16,4.928636760312676e-16,-2.294336217590469e-11,7.391666607577668e-16,6.446191724698136e-16,7.792010651326008e-16,7.807612885216954e-16,9.71624516329855e-16,9.654128412370088e-16,8.154024664173723e-16,-2.2942620407744056e-11,-2.2942410703155464e-11,8.855213438504672e-16,1.7488760295105403e-16,8.147946190570897e-16,7.29553918191426e-16,1.1278924364255435e-15,6.493181216780436e-16,6.101970701916789e-16,7.423616548735093e-16,7.068053481730515e-16,7.118014102641659e-16,-2.294268574882897e-11,9.001882963886495e-16,-2.2942979622922672e-11,1.0203833344412924e-15,5.32066769378493e-16,9.677421148040756e-16,-2.2943016683285133e-11,4.297943176271481e-16,8.795328485462798e-16,6.987577685344917e-16,-1.1493794921740729e-14,8.430430086201166e-16,6.532344961627188e-16,5.96893529852588e-16,6.784226941885704e-16,8.372331855490308e-19,6.339256400566001e-19,7.663946050167259e-19,-1.1494456241300429e-14,4.714844657792792e-19,-1.1493855617571659e-14,-1.1494290758742864e-14,3.4538562898994795e-19,3.721428846399139e-19,6.270953686630786e-19,1.778817788567923e-19,2.8041553911880466e-19,5.586777706748791e-19,4.387558311949068e-19,6.983868332858226e-19,3.5356666305030946e-19,3.087954153875103e-19,-1.1493896924271949e-14,-1.1494196150824204e-14,8.289707532648483e-19,3.8689003769416443e-19,2.47018654198598e-19,2.18804780069318e-19,-1.149397371546154e-14,-1.1494147816682508e-14,1.949422760720674e-19,6.70482752957568e-19,2.9975472999760256e-19,3.187053870941833e-19,3.871832515546014e-19,3.494463198425378e-19,4.939988847416246e-19,5.883968137640389e-19,2.8081680403455837e-19,-1.1493800581840782e-14,5.412625637969088e-19,5.021398342448879e-19,4.352221045558824e-19,5.415754828109215e-19,6.683150438638528e-19,5.541711214937948e-19,8.327588573986772e-19,7.113683844318523e-19,3.83249756291418e-19,4.791691122050831e-19,2.0808371548693253e-19,9.593374155292318e-20,2.7040716421363672e-20,2.497785637181395e-19,5.190562569292532e-19,3.822914968494892e-19,6.828690350788979e-20,2.2297125024361975e-19,-1.1493937122614868e-14,-2.3342791431213764e-21,2.6197476530727577e-19,1.8598907826598387e-19,2.1360282498782506e-19,5.069150847761205e-19,-1.1493820029244773e-14,-1.1493857653661908e-14,2.231611263660635e-19,2.0351439083234807e-19
6.505444541430996e-11,7.904549506288014e-16,4.186368601571759e-13,1.1497308026559682e-15,8.363859655812581e-16,8.061820779486139e-19,3.687424398239388e-19,1.0227875312815904e-15,5.405209090703033e-19,1.0477154461374286e-15,3.374154673353552e-19,8.761970545711633e-16,6.500895157221313e-11,1.9794361910558428e-19,9.59761919588533e-16,9.018345591529571e-16,1.0111678758988634e-15,6.501010509374977e-11,3.498245471508504e-19,8.827210567778705e-19,7.956738447390238e-16,4.363366142517015e-19,5.12249166774292e-16,8.827571766724506e-16,9.704878487857333e-16,3.656538932618758e-19,4.731955364742473e-19,1.0002591947264232e-15,5.21403495110356e-19,9.256376017020617e-19,9.826241202336074e-16,3.25677090028689e-14,9.70342274326972e-16,2.6076731883512234e-19,4.777263803210452e-19,7.121633794262471e-19,1.1661480561038578e-15,1.2304683369742439e-15,9.135240066435483e-19,6.500947734201758e-11,6.500993375897678e-11,8.853657009310857e-19,4.297088229931765e-19,1.0778319781702843e-15,8.377262565542356e-19,1.2628026393384246e-15,3.409677151396596e-19,5.502551153294893e-19,2.5260503301657523e-19,3.177708843258381e-19,9.869945089768114e-16,6.500912272724028e-11,3.6878821053987797e-19,3.256741022784506e-14,1.369403716876764e-15,9.246641410486505e-16,1.594154664107757e-15,6.500853157188705e-11,9.213035181140134e-16,7.282730894608647e-19,9.485104516786597e-16,6.500946127068623e-11,1.1640015767334113e-15,1.8345054261382533e-18,8.943117937714162e-16,5.413514245972237e-19,1.6892936897839476e-15,1.2993585695376432e-15,9.185904935299446e-16,3.2567388530398396e-14,1.2582481189353167e-15,6.500854966118755e-11,6.500777002699617e-11,1.0891180835050528e-15,9.325239054798658e-16,1.368224349715752e-15,8.873272215049679e-16,9.272490482588755e-16,9.670476505376123e-16,9.626131944727982e-16,1.0055439470398186e-15,1.0400015129297683e-15,1.1896080503741776e-15,6.500959746586764e-11,6.500905527514331e-11,9.284441512068432e-16,1.023290177319896e-15,1.2251700946019719e-15,8.115043938845489e-16,6.500894219666874e-11,3.2567056251255865e-14,1.2383574128543068e-15,2.2212649131571015e-19,6.280536979464962e-19,6.666380123517179e-19,6.122086370227941e-19,5.66703211455438e-19,7.386904206004954e-19,6.494253597130391e-19,3.9692105359300985e-19,3.256847858817121e-14,4.1619597677910284e-19,7.566688143645042e-19,6.294356635128479e-19,6.016671936279091e-19,5.025611356826217e-19,4.686851352959508e-19,4.981317356139936e-19,4.355556491211284e-19,6.408371400299239e-19,6.681327017857654e-19,5.995085268472689e-19,7.767536376933972e-19,3.546322471621266e-19,2.6201756404826614e-19,4.329261351700821e-19,3.984688628707171e-19,4.908938731485875e-19,6.820884147767793e-19,3.256761372842682e-14,5.064364437997986e-19,6.280255852018979e-19,3.835899575701255e-19,1.7038374958488957e-19,5.32905578132748e-19,3.2567928516588013e-14,3.2567963858394704e-14,5.031276087784763e-19,3.4507303789717745e-19
3.6467692599692714e-12,7.536710854865355e-16,1.1497308026559682e-15,4.188149312670374e-13,6.445849800949295e-19,1.343121963449209e-15,1.1954909781987515e-15,7.523872983715358e-19,6.197295727307155e-16,7.811243440850507e-16,7.860452028237885e-19,1.0353128298937465e-15,3.585701890928403e-12,9.387495775016006e-16,1.2118595772055044e-15,6.715037246292674e-16,5.767348606788235e-19,3.5865612037331743e-12,4.821236772308072e-16,9.511398166973951e-16,7.56976250562142e-19,5.018308899935699e-19,-9.904548327864092e-20,5.426111552414016e-19,1.2575112250977738e-15,9.455327910271073e-19,-1.0966309257860766e-20,1.1235602398679575e-15,7.283896980412404e-16,1.0009479119755168e-15,3.279844775225987e-19,3.5850693884753136e-12,1.069493667653664e-15,3.056626890499589e-19,1.1504074644573392e-15,6.21819126411663e-19,6.96403702822132e-19,9.384806834561584e-19,6.561050424251469e-19,3.5862319943404885e-12,3.5864717989401797e-12,1.3753035675430403e-15,2.6325365500025985e-16,4.811178094572256e-19,4.1672867462339323e-19,8.515680590852268e-19,1.0477572960284537e-15,9.264394992628446e-16,1.0408438807145146e-15,6.121531301251571e-19,5.959699450362342e-19,1.7961215603227997e-15,3.2709861051288212e-19,1.795910304312934e-15,6.488588816964289e-19,6.645117254166926e-16,7.416883175337194e-19,3.5855110383626508e-12,2.496399095400322e-19,3.8764046705436544e-19,5.205643180887269e-19,3.5859226337986366e-12,1.1449487234938324e-15,1.1115616107207607e-15,-2.6892759180900676e-19,8.847712857732442e-19,7.887630891719245e-19,7.365644373189816e-19,1.1614950839983732e-15,1.7956806026219318e-15,7.871726516249237e-16,1.7959256272827153e-15,3.5845331485343277e-12,5.508035735847754e-19,8.557401244583504e-16,1.3462716365490917e-15,4.3343438227295975e-19,9.268943061273321e-16,1.2649663386829975e-15,9.418475223618692e-16,3.998498405730749e-19,6.522002142812255e-19,7.241885142756569e-19,1.7962155700899607e-15,3.5856923692311176e-12,5.873413047991132e-19,6.271875751691696e-19,4.841741914857029e-19,3.728669919507101e-16,3.585553077232207e-12,1.795572794013898e-15,7.502195696992778e-19,1.3725201698478234e-15,8.693926321563559e-16,1.357397049476933e-15,1.2377632986562693e-15,8.448995457957931e-16,1.4496269857246236e-15,1.4799054337166297e-15,1.0215026169669598e-15,3.5865736388270063e-12,9.538815410514527e-16,1.4552805506283095e-15,1.1592829168786196e-15,1.1048622742867393e-15,1.2724055964323492e-15,1.199321602153267e-15,1.0529557586360412e-15,1.0139990242037032e-15,1.166347223004219e-15,1.5294348028018495e-15,1.308562286169077e-15,6.347883799184931e-16,3.101525881198978e-19,4.0148863254915433e-19,7.156448618259829e-19,-2.6829903515867505e-19,4.2501187713230488e-19,8.77710344154325e-19,1.7962490260469085e-15,3.080839051921273e-19,6.187310694923979e-19,7.102476925260233e-19,5.286441948469679e-19,7.521686157717917e-19,1.7964952714531906e-15,1.7969671190139174e-15,6.5991218739816585e-19,5.413987934346166e-19
6.5250822267931535e-12,8.029983459172415e-16,8.363859655812581e-16,6.445849800949295e-19,4.1951746532911775e-13,8.968255072429237e-16,6.845648087878605e-19,4.625661601255429e-19,-1.3164579068806228e-19,2.827978336417652e-19,8.262923411672102e-16,8.2129936267269e-16,3.2272654139517404e-15,1.7786950452235123e-19,5.018095103706577e-16,5.595090775159439e-16,1.019884181573423e-15,6.4431657036748285e-12,5.118059684661445e-19,3.1411085237833066e-19,2.1383696386036302e-19,9.644972891383263e-16,-3.240820931955811e-21,1.1710517998932026e-19,5.305026122304667e-19,1.0653983088611819e-15,5.570884246154465e-19,3.8918908723899356e-19,3.6749597376453406e-16,5.3560741676572335e-16,2.9577075019427354e-19,6.44225537902773e-12,3.998942547515158e-19,3.759401234912421e-19,5.913807599945014e-19,2.399690199755111e-19,9.62015185966315e-16,3.2882770617806943e-19,7.1168158635295e-19,3.2278310447495726e-15,3.227797292958254e-15,1.3714826255524887e-15,4.440266966807977e-16,5.400839329792615e-16,5.055688044967349e-19,1.4558137709544302e-15,9.101413285325412e-16,6.349349042719687e-19,5.79545963773605e-16,4.060551178391935e-16,6.011922746412011e-16,3.227609871911843e-15,1.073040419040096e-19,6.442393458547608e-12,9.949559973512343e-16,5.262384537244572e-19,8.658379745674837e-19,3.227187266808701e-15,1.134523281288328e-15,4.970535625495073e-19,5.56233582729625e-19,3.2275953825796405e-15,3.29376035041854e-19,6.898963566660051e-19,2.643679170569277e-19,9.941939459399906e-16,9.543913250611206e-16,4.156963442059165e-19,8.65273682303412e-16,3.2269769785709907e-15,5.54371240367834e-19,6.44228572116715e-12,3.227300654617494e-15,2.2754065659592054e-19,6.590512703478758e-19,-1.2329689760083423e-19,1.0860556625635149e-15,3.651673971355099e-16,8.813182814443006e-16,7.542889391682505e-16,3.56732369336501e-16,3.3009278712182277e-19,2.9069838912541573e-19,6.4425804990243284e-12,6.442576771298039e-12,1.3836805064858889e-15,1.3268104828825822e-15,3.883982019235259e-17,5.976608193256144e-16,3.227338303863132e-15,3.2273655392822934e-15,3.194356380717512e-19,5.014080371114313e-19,8.79528017463416e-19,9.098656060188444e-16,7.586320659583883e-16,2.5286203295972352e-19,1.2033286617764736e-15,1.316871889038236e-15,5.855869575782578e-16,3.227598239149488e-15,3.0432902700034555e-16,1.0016320438535698e-15,4.980775078254541e-19,6.846995667653977e-16,3.518835431347173e-19,7.827443251174055e-16,8.073466234492024e-19,1.8662312629560594e-19,8.823370621664813e-19,8.125703471295611e-19,4.1750191650301795e-19,1.0983261717355267e-18,6.00366150836477e-16,6.859919838661896e-16,8.745715165295205e-16,9.658052715028807e-16,6.814229111599954e-16,1.240809348982671e-15,6.442355433272153e-12,7.822451359266156e-16,5.514975745827792e-16,8.515903621361373e-16,-5.646531254538056e-19,1.5751084326807318e-19,3.227910268245697e-15,3.22759981387699e-15,2.6298099565836737e-20,-9.394844586415939e-20
2.0206309362847195e-11,8.932886276101364e-16,8.061820779486139e-19,1.343121963449209e-15,8.968255072429237e-16,4.1721763674450457e-13,5.361128911198766e-19,5.695771915451153e-19,8.443096705261059e-16,4.989555352237362e-19,3.974294501945669e-19,8.889130990590015e-16,2.0144761098445756e-11,1.0578846353067642e-15,7.104813237920364e-16,4.880345917105054e-19,1.2057751847099208e-15,1.009249585766134e-14,4.351301549258979e-19,5.465499094665069e-19,3.396246416450116e-19,1.0593734277964588e-18,1.7502733951820644e-19,7.45225853982617e-16,4.655919259083496e-19,5.81502292943235e-19,1.3012295640345902e-15,9.156668230900176e-16,1.0164553658462957e-15,7.886966051625365e-16,1.1549263051848608e-15,1.0092046698002914e-14,1.0082683953470887e-15,7.801784465763959e-16,9.805101288442385e-16,1.0735688182378697e-15,5.07602142245173e-19,5.446447975193826e-19,7.317820185506687e-19,2.014554863528985e-11,1.0092378774485585e-14,6.07879025501256e-19,3.7002614183726185e-19,1.0140855107141797e-15,3.8390272150932885e-19,1.3218137738692833e-15,1.9003755347943868e-19,9.43463337004774e-16,5.925204128224629e-19,7.176104693382069e-16,4.974838859833015e-19,2.014479891035169e-11,8.352870620583928e-16,2.0144832985339654e-11,1.0825203896996843e-18,5.497612567718015e-19,7.893845988336573e-19,2.0144297912068727e-11,6.992055869959903e-19,4.075627951738483e-19,1.087712486655464e-15,1.0091723987445884e-14,1.1080182585417525e-15,4.50396706509539e-19,9.325698437082244e-16,5.492355250804177e-19,1.6011667515120668e-15,1.2968933123281692e-15,6.099755799960442e-19,1.0091560450137073e-14,1.411185089854917e-19,2.0144334456419316e-11,2.0143643775595158e-11,7.153844179941228e-19,1.173532792897398e-15,1.2799228094280918e-15,1.0761840710101612e-15,4.982135255662098e-19,9.943588439151195e-16,9.892313675260678e-16,8.151449314454196e-16,4.665684890752996e-19,1.1537351441168507e-15,1.0092043314164978e-14,2.0144906320813418e-11,4.381297732452521e-19,6.240205773090684e-19,4.3063544752174275e-19,8.921433072658268e-16,1.0092025320269682e-14,1.0091383176987816e-14,1.3482199750464985e-15,8.163438318326536e-19,1.0280646948030198e-15,1.2537382242223002e-15,5.241833082590644e-19,8.820625563901315e-19,1.3614571408885589e-15,1.5858212130498254e-15,8.557275400364583e-16,1.0092365375295662e-14,7.061457095532678e-16,1.0720640163048227e-15,1.1778065543581164e-15,7.986605476859951e-19,5.711084793937579e-19,1.0256282069224424e-15,9.011684699128472e-19,5.214284730586145e-19,1.035505063580428e-15,7.579907789269242e-19,1.3618443242050902e-15,1.063946739702086e-15,4.1879984660639674e-19,2.9041910690822574e-19,-1.8891923404803667e-19,6.628643227324769e-19,4.775579669170412e-19,7.914570641200918e-19,1.0091719222154768e-14,4.246029473895915e-19,-7.218906349714193e-19,6.023556102377478e-19,8.97499517162719e-16,5.511836039240693e-16,2.014521921169644e-11,2.0145248322170324e-11,4.576890258112274e-19,2.319249547537543e-19
-3.1915898783168e-11,8.442154653432179e-16,3.687424398239388e-19,1.1954909781987515e-15,6.845648087878605e-19,5.361128911198766e-19,4.187154662759718e-13,8.707977173397305e-16,8.742446801480168e-19,8.219168080577429e-16,1.0586754375011426e-15,4.921100011080243e-19,-1.601745164944043e-14,8.254288098391346e-16,7.94764069185649e-16,6.161648364467957e-16,4.546925124640893e-19,-3.1971383363631374e-11,6.354528515099375e-16,9.816321866883013e-16,-2.329712947851467e-19,5.974848289324021e-19,4.521516277471388e-16,2.4385250011937596e-19,4.829286085310239e-19,1.0681154779590856e-15,1.1945441362147524e-15,5.072214826466943e-19,4.763402395772852e-16,7.588012800353042e-19,2.260659715817881e-19,-1.6017468844300203e-14,5.090288797086847e-19,7.408908744617412e-16,1.0331200349251062e-15,9.791380045990507e-16,1.0686240385393602e-15,1.0893439963271109e-15,1.2032750571726817e-15,-3.1971543227569975e-11,-1.6016843275681695e-14,7.272951223578049e-19,2.890653643820024e-19,7.564938950131968e-16,1.00782077530055e-15,1.5162481939918234e-15,9.257200893214676e-16,6.076785189020432e-19,6.790839339304777e-19,4.1970597534018665e-19,7.785661261061465e-16,-3.197216917612966e-11,2.9676458931559487e-19,-1.6017318323564106e-14,4.0009103187548387e-19,2.3903629936374e-19,1.1681565855779414e-15,-1.6017468920149946e-14,4.283062105035218e-19,1.7645981419939803e-19,5.428372502477924e-19,-1.601740005570017e-14,9.881057852386982e-16,7.317875851730528e-19,2.278163783264012e-19,5.612357297222128e-19,9.14208656927601e-19,9.530102978782933e-16,4.880587412100883e-19,-1.6017638791227535e-14,3.487488445252289e-19,-3.197243568840824e-11,-3.1973264256028346e-11,7.846506458994167e-16,5.142922436506672e-19,9.335282825588164e-16,1.027068326531869e-15,8.548161716312156e-19,9.550298450952714e-16,5.65267752908071e-19,2.600024514302673e-19,9.1630934982984e-16,8.248041087523842e-16,-3.197190567625274e-11,-3.1972168742241925e-11,1.1990807495557567e-15,1.157175781772619e-15,5.695834402482889e-16,2.8148363930338265e-19,-3.1972337957085294e-11,-3.197280341320245e-11,1.016177194204906e-15,5.298015381100721e-19,8.10498389088753e-16,5.676397951237549e-19,8.595679149878655e-16,3.9085713495463703e-19,1.2914779130809803e-15,7.866809302141286e-19,6.974092959366562e-16,-3.197165166100293e-11,4.736289760702447e-19,1.1993801045832386e-15,1.0619424125619119e-18,7.123705948250224e-16,5.153782640169647e-19,8.884232809759777e-16,4.569704195444234e-19,7.413136278868504e-16,6.417238576792785e-19,6.05155772095865e-19,1.1541807313448083e-15,7.165039514206975e-16,6.57041599693585e-16,3.5570567064315726e-19,5.076291248200198e-19,9.775505227006264e-16,7.560515704693668e-16,1.330509286622316e-15,-3.197234721307487e-11,8.47407888594405e-16,6.853109235272586e-16,1.614615199499554e-19,1.856731693841035e-19,4.3274857997587086e-20,-1.601751488632829e-14,-1.6017108540624794e-14,8.508310699497262e-16,2.781988966678177e-19
3.132752663147036e-11,8.89165939165758e-16,1.0227875312815904e-15,7.523872983715358e-19,4.625661601255429e-19,5.695771915451153e-19,8.707977173397305e-16,4.1706771841195743e-13,8.504507156293084e-16,2.447508611122885e-19,9.157503802014256e-16,7.89475918713101e-16,1.5658856303834896e-14,8.842282937827045e-16,2.8534213886275994e-19,9.557054151406753e-16,6.1033191532633295e-19,1.565928101873335e-14,1.088318993692863e-15,5.010353360829208e-19,4.533719576472236e-19,5.460220400240682e-19,7.403215808161772e-21,4.0418476034310707e-19,9.076766347491809e-16,3.9582708548034976e-19,5.593330141409543e-19,7.989319299610537e-16,4.576869413857425e-19,7.534385437307301e-16,6.589936343046269e-19,3.125654568060322e-11,8.062739514641095e-16,6.465140953002203e-16,9.005659563528879e-16,6.3136133728741825e-19,9.360805485137664e-16,4.745319415704145e-19,1.1660843908152578e-15,3.125748312970523e-11,3.1257785564020065e-11,1.36384243325291e-15,8.297047305008559e-16,9.56561534625316e-16,1.0066683044737518e-15,1.1309966373483364e-15,5.712888124450078e-19,8.327026603350219e-16,8.646036446884796e-16,2.4138578800298107e-19,9.11529389251016e-16,3.1256768302733996e-11,7.066707207698045e-16,1.565890012405505e-14,1.1551756687329245e-15,7.768729639628356e-16,1.519191599644577e-15,3.125634169764287e-11,5.697543107589552e-19,8.592043709972086e-16,9.18052988978268e-16,1.565917381126131e-14,6.076039199232722e-19,6.4164837409752675e-19,5.039494267919895e-19,1.0034160145099355e-18,1.4638098944267394e-15,6.196803990582407e-19,7.809380615943046e-16,1.5658579933302432e-14,6.391885164447901e-19,1.5658469301830698e-14,1.5658445306127154e-14,9.028062514388368e-16,5.152999391182326e-19,1.1671693129395175e-15,9.489785106800975e-16,6.678262433937848e-16,8.187428450435676e-19,2.73384902524256e-19,6.066217805215017e-16,5.102563924661389e-19,1.0112282299666795e-15,1.5658786289662975e-14,1.565871328756786e-14,1.1386253626414873e-15,1.1207741431347592e-15,8.038448504888736e-16,1.0507140851186389e-15,3.1256884035314546e-11,1.5658317041385028e-14,1.2262533775191815e-15,3.2164023820182753e-19,5.404817562424083e-19,1.1127366310817612e-15,7.83689257551112e-16,7.495328781348736e-16,1.2904814582804254e-15,1.5820223309984496e-15,3.6464540794430947e-19,3.125732812976889e-11,5.317845576637256e-19,4.348740924931234e-19,5.792826527348484e-19,8.340764546883377e-16,3.0481997265630327e-19,8.752513747152472e-16,1.2336655239940427e-18,7.742212377220821e-16,4.2255860749468487e-19,1.2088957991725168e-15,9.557131694170324e-19,6.183921928338797e-19,7.240874269364708e-16,8.854417126193558e-16,5.230149181340831e-19,3.898623970329369e-19,8.518149749960412e-16,-9.019927876677783e-20,3.12567926371355e-11,7.564603855216066e-16,9.149730116510449e-16,5.632090774142965e-19,6.094037997133079e-19,2.1728346734528893e-19,1.5659588990063295e-14,3.125719658409203e-11,1.0342041846943775e-15,8.549039057370069e-16
3.839240555089423e-12,4.022202091248453e-16,5.405209090703033e-19,6.197295727307155e-16,-1.3164579068806228e-19,8.443096705261059e-16,8.742446801480168e-19,8.504507156293084e-16,4.167826218031851e-13,6.08547444320112e-16,6.258360268698836e-19,6.121242727878345e-16,1.886891745991091e-15,-7.74776212617139e-20,9.04008865872507e-16,3.378503855835783e-19,-2.6440270064511157e-19,3.767431605196652e-12,3.248153344833182e-16,2.789413746346717e-19,5.789080170208553e-16,6.160591296711501e-19,1.751224349419598e-19,2.621489299709169e-19,6.187294068463467e-16,4.956967903030413e-16,1.0510357890552807e-15,4.695060552657058e-19,7.593496739153586e-16,7.472253477084079e-16,3.0867328735578956e-19,3.766195746147042e-12,4.295534773443445e-19,3.5823208659811927e-19,1.334300201155836e-19,1.0738515079646046e-18,4.163151519348016e-19,6.851142768939997e-19,3.383466459605719e-19,3.7667982641399016e-12,1.8870517082845544e-15,3.713003494055464e-19,2.1967174095880312e-16,8.658884605451666e-16,6.532854937587735e-16,1.3153359039571793e-19,5.469606217053241e-16,1.5810950524408849e-19,8.35792344860641e-16,3.6203084124157494e-19,3.6167861400013606e-19,3.766947614272773e-12,9.533338535888225e-16,1.8871190975660454e-15,1.0343251581517743e-15,5.027346946690334e-19,1.0802082973865355e-15,1.8871644160775214e-15,1.3016705288970728e-19,8.300013188509981e-19,3.6344830929105076e-19,1.8869243374025957e-15,8.332357986961933e-16,5.862273226362311e-19,6.218677367303588e-16,6.4202139554979875e-16,1.273221494519905e-15,9.419023207062285e-16,6.63174951153479e-16,1.8868859253126592e-15,3.694579292988243e-19,3.766426039889417e-12,1.8868253868736034e-15,2.752499434135017e-19,4.830367156899574e-20,1.1034641015954136e-15,4.503504494932044e-16,4.198107041680989e-19,2.58017130601724e-19,5.988079029965402e-16,2.1552276804223952e-19,3.0280394861462447e-19,6.128426240760429e-19,3.767198582234634e-12,3.766697949396155e-12,1.9371482560434935e-19,4.878980547427584e-16,6.6009451582295205e-19,3.1028023491576567e-16,1.887030704052218e-15,1.886800253021954e-15,7.850785189927846e-16,8.580795426377742e-16,9.044810786916676e-20,9.131485516104082e-16,6.257845752443954e-19,2.4595380569953024e-19,5.393329052937544e-19,9.434889494968234e-16,1.0417612264218119e-18,1.8874533425149944e-15,3.2593604128993247e-19,8.784176130941758e-16,1.0303005698205545e-18,2.33685573839271e-19,8.57204255491047e-16,7.885498630341485e-16,7.22911146016843e-16,3.8361466810375083e-19,8.212481703696826e-20,5.0235585733385e-19,5.3551298700732224e-20,2.3340180847985243e-19,4.288126332945382e-16,4.967525522487296e-16,7.084067688758749e-16,2.4691152683217417e-19,4.124985114355616e-19,1.0348651983147824e-15,3.7667480752469485e-12,7.233035324742419e-16,7.609333129108267e-16,5.08311574404457e-16,6.543823152269442e-16,4.876326553519087e-19,3.766602915811046e-12,1.8868152788213702e-15,4.844213133522328e-16,2.2957088319095774e-19
2.91077645560374e-11,5.770190255789272e-16,1.0477154461374286e-15,7.811243440850507e-16,2.827978336417652e-19,4.989555352237362e-19,8.219168080577429e-16,2.447508611122885e-19,6.08547444320112e-16,4.1820620782599144e-13,4.741207786237055e-19,8.066003282206833e-19,1.4555564633309907e-14,6.800661467309373e-16,1.2724771089928037e-15,6.26583484752421e-16,2.603610120852477e-19,2.9056591014065e-11,2.6758312740616646e-16,7.402410519644866e-16,7.720357587838178e-16,6.68037554510681e-16,2.4937870116380615e-19,9.080895156316388e-16,4.652600393989979e-19,6.539260157872623e-16,6.540080037024697e-19,1.0957460645022523e-15,3.514314871457676e-19,1.0783386808633208e-15,5.774502390827917e-16,2.9055017696557976e-11,4.487395291321685e-19,6.460236206364818e-16,8.907030887697281e-16,8.805757526751672e-19,1.170131901667606e-15,8.23199024092828e-19,2.775589917608186e-19,1.4556250584543002e-14,2.9056309134562553e-11,3.501421499464314e-19,2.622569410158884e-16,4.342210547835431e-19,3.607209454928282e-19,1.1457121319765048e-15,-1.7826199059932136e-19,6.547883504983561e-16,3.5888217598675314e-19,6.446994649172505e-19,4.721916299013731e-19,1.455672523508912e-14,1.205676735893214e-15,2.9055609113920283e-11,1.4012286481767539e-15,7.772722511720053e-16,5.698650880023034e-19,2.9055510526611622e-11,3.4681548600735847e-16,7.430298822286132e-19,4.2710015356853004e-19,1.4556215509160104e-14,1.1298177367386505e-15,7.681071155682249e-16,7.785465768315079e-16,8.339517272640666e-16,1.5794881501788747e-15,1.1413402110292852e-18,4.19836633550084e-19,2.905500833282923e-11,8.596837599531038e-16,2.9055409186973208e-11,2.9054720073913874e-11,6.142858193433804e-19,2.470686617038966e-19,7.470021969762639e-19,5.296175675922441e-16,1.0815652172519624e-15,9.364908489116406e-16,9.650090669657389e-19,9.877979192994362e-19,9.550691757062018e-16,1.1273537568438894e-15,2.9056380151970522e-11,2.9055640970990222e-11,1.1045864569678407e-18,6.123652640543903e-16,1.5556820062000792e-15,2.3620316902356226e-19,1.455620037646588e-14,2.905545348125813e-11,1.02107652682665e-15,1.2269312908196351e-15,2.0902122854270957e-19,3.357644604618832e-19,1.0244931476766972e-15,9.201942987025322e-16,1.1993127511036985e-15,1.2981628115385429e-15,1.0394913522376342e-18,1.4555973349231685e-14,4.854927482793218e-19,1.8883504062287287e-19,5.160644189555019e-19,4.47362341823513e-19,1.1892388315665444e-15,5.174253169675451e-19,3.7432153738999537e-19,9.2835730081277e-16,5.548904564642132e-19,7.931911151695448e-16,7.403676684098686e-19,1.9114255529763598e-19,5.615049204573768e-16,1.9566460354897851e-19,3.8893109736693654e-19,6.741918316768252e-16,6.972944403573013e-16,8.149881313020009e-19,1.4556011461155844e-14,1.1449208793329117e-18,5.678163993762277e-19,5.603911345573719e-16,6.979220027095383e-16,6.901115544196095e-19,1.4555999109153876e-14,2.905635205964929e-11,7.248990998540938e-16,7.643626131919617e-16
1.285457410928384e-11,8.45248693804129e-16,3.374154673353552e-19,7.860452028237885e-19,8.262923411672102e-16,3.974294501945669e-19,1.0586754375011426e-15,9.157503802014256e-16,6.258360268698836e-19,4.741207786237055e-19,4.1839330910366097e-13,4.577415414490367e-19,1.2801934400263784e-11,1.4851375224257456e-19,2.3501694411202576e-19,6.431377719414111e-19,4.887024393223744e-19,1.280324128202539e-11,1.046265095688386e-15,8.574206125668268e-16,6.892919286992166e-16,4.723627535508394e-19,1.480408533241862e-19,3.058151040811568e-19,8.187341038081921e-16,8.15580542030752e-19,6.973935400737745e-19,8.190124331705168e-16,9.91765680536413e-16,6.962563110766138e-16,6.005090169176095e-19,1.2801661189110206e-11,9.680088000439795e-16,7.910111076769664e-16,4.3069929288575956e-19,5.157060423582851e-19,1.0591095732378952e-15,4.658645702834142e-19,3.518322023230023e-19,1.2802730178375022e-11,6.413967551755654e-15,7.566741364112043e-19,6.851406664322172e-16,4.71650129910821e-19,4.710841633431781e-19,8.74378403349381e-19,8.450618245289084e-16,5.129759469602782e-19,3.9472699460142165e-19,6.780078969059077e-16,8.511483359201736e-16,6.413509743266848e-15,8.694630830039186e-16,1.2802087876795718e-11,1.1504476661331486e-15,3.035139095165375e-19,1.1281442454304968e-18,1.2801483677409438e-11,5.960948453720758e-19,6.506421176580295e-19,3.9731062431366064e-19,6.4137059513389776e-15,1.0775696957104498e-15,1.0938999629556686e-15,8.616149649828306e-16,1.0567221841401244e-15,9.306494345381192e-19,1.1236628429876275e-15,6.106242207429166e-19,6.4129445836472215e-15,7.43365453673545e-19,6.41333054706447e-15,1.2800752767764883e-11,8.889855025231119e-19,4.556807491637839e-19,1.2132972728001773e-15,1.0665542813753685e-15,7.543854244873219e-16,7.681026183530996e-19,3.8505894134498556e-19,6.482787682143745e-19,1.0276800081621783e-15,1.0194130923290664e-15,1.2802561490159424e-11,1.2802231311689178e-11,1.0490864454674992e-15,-2.3335027539857996e-20,5.057488973338839e-19,8.784368098679683e-16,6.414080534013845e-15,6.412942685825811e-15,3.594608618289382e-19,4.2439538626165043e-19,5.767792663614456e-19,5.381570530334353e-19,8.811426361864095e-16,3.984492658399894e-19,4.569710150040904e-19,1.586340796223622e-15,8.400908439948398e-16,1.2802734399129199e-11,7.34430613778825e-16,4.872560972589141e-19,5.224394140762439e-19,6.93476941762552e-19,5.579170927236941e-19,9.576100056069687e-16,8.744876082803289e-16,8.268318248747033e-16,3.043570123957527e-19,7.447559446026844e-19,1.229732435897254e-15,7.779328254690088e-19,7.19678448780063e-16,9.92229857776328e-16,5.14288998344158e-19,4.433253127345779e-19,9.3425690020071e-16,4.963048916783903e-19,1.2802055581654512e-11,1.0885362255389129e-18,4.620697622714085e-19,9.829997590439911e-16,8.871532256797831e-16,1.826194108604063e-19,1.2802412945030555e-11,6.41362426941418e-15,5.070278153648403e-19,8.200553976279417e-16
-5.096711194345439e-11,7.629479966565644e-16,8.761970545711633e-16,1.0353128298937465e-15,8.2129936267269e-16,8.889130990590015e-16,4.921100011080243e-19,7.89475918713101e-16,6.121242727878345e-16,8.066003282206833e-19,4.577415414490367e-19,4.1700332292688913e-13,-2.5564827801571356e-14,7.559012003524147e-16,3.589027059733846e-19,1.2977168840364677e-19,-1.848727321347628e-19,-2.5564773398223847e-14,1.3956505004895145e-19,5.542832739611442e-19,5.559076466149661e-16,5.812019222213026e-19,2.4391188118418723e-19,3.778603680428976e-19,9.496036864445954e-16,4.476405195786844e-19,1.0637839587783915e-15,1.75793756508498e-19,3.943463173705022e-19,2.474826408585447e-19,8.116226301044209e-19,-2.5565176433986087e-14,6.608504234085584e-16,6.482825374695013e-16,8.962993605418592e-16,8.936154913808288e-16,9.172492407109895e-16,9.694485583882636e-16,4.249989487683299e-19,-5.1029749490895454e-11,-2.5565285652520433e-14,1.2122662493764498e-15,4.806245427509879e-16,7.554251567109803e-16,2.793935199380963e-19,5.822594041012713e-19,7.055619494122232e-19,7.453052187692943e-16,6.917354188059794e-16,2.6595460661944483e-19,5.213406246164998e-19,-2.5565460857622435e-14,6.796339931198393e-16,-5.103035891144645e-11,7.746031037853605e-19,1.9756120192057263e-19,1.0807936367258698e-15,-2.556591212447939e-14,4.452542268324978e-19,7.094883740020835e-16,8.065076921856382e-16,-5.1030035213399684e-11,9.325330060289837e-16,8.558257692835937e-16,6.666209317804699e-16,4.766262701413284e-19,3.5728270348503697e-19,5.920780120565126e-19,7.617332004996424e-16,-5.1030874747899135e-11,5.153354683020267e-19,-5.1030529198431626e-11,-2.556546584535748e-14,7.336751971333223e-16,4.867128776837143e-19,6.107038188787837e-19,2.0054435868776303e-19,4.544236397000575e-19,8.216097954351084e-16,7.854824144046096e-16,7.726522372830964e-20,8.224665679624844e-16,7.595555738024969e-16,-5.102996322655059e-11,-5.1030270250689503e-11,4.499036947470194e-19,9.583707225804732e-16,6.448915327124295e-16,4.405831070179386e-19,-2.5565036613170218e-14,-2.5565209813625956e-14,9.139763302715446e-16,2.459330351400772e-19,4.384361369765121e-19,9.275022361756942e-16,4.0059841908433303e-19,3.5072795662589964e-19,1.1313961726005568e-15,1.3858361793911964e-15,3.94206589178557e-19,-5.102980521987491e-11,2.3970734139379977e-19,1.0379370284425322e-15,4.2715078007764685e-19,6.344686688179161e-16,5.625324332583595e-19,4.0310453220418523e-19,7.286289773750448e-16,3.3027580444030236e-19,8.349036802141782e-16,1.1107939154724018e-15,7.1213799655720415e-19,6.606651635593839e-16,6.076302769674096e-16,6.474130581175062e-16,8.335563138552012e-16,8.59764144430336e-16,3.4734098053336576e-19,1.0981873843145675e-15,-2.5565042394299064e-14,2.0596084551455515e-19,6.73487282190441e-16,7.181154433293703e-16,4.790555981360946e-16,6.222758881552904e-16,-5.1030095338995405e-11,-5.102994692504526e-11,7.756618068779127e-16,7.612458232222694e-16
0.9999999999886906,-2.294292835421536e-11,6.500895157221313e-11,3.585701890928403e-12,3.2272654139517404e-15,2.0144761098445756e-11,-1.601745164944043e-14,1.5658856303834896e-14,1.886891745991091e-15,1.4555564633309907e-14,1.2801934400263784e-11,-2.5564827801571356e-14,0.9999999999974494,2.1662006312579935e-11,1.4320166517484248e-15,3.998807762202442e-11,2.0426292956073618e-14,1.0000000000352132,-6.441490753479772e-15,-1.2876613563855616e-13,5.856506283406569e-16,5.8872814552114126e-15,-2.6700187781685152e-15,-1.2681511370860773e-11,4.348110126362206e-11,7.14647853797721e-12,-5.646362738616598e-11,1.1932137333665762e-15,2.2864349842053085e-15,-2.2486521145888856e-13,-5.55871927899794e-15,1.000000000000625,1.3990384021027553e-11,1.0958096397801735e-11,4.174527595869066e-16,-2.7631278713738252e-11,-1.0864707355741351e-10,-1.4175947282798163e-11,6.236926634943643e-11,0.9999999999985762,0.9999999999875824,-1.5012147835916047e-12,-6.289425573845634e-13,1.7286865955432904e-11,-4.33069785253272e-15,-9.434137229633065e-15,-5.970859837841116e-15,2.2150852829615567e-11,-8.912723177245326e-12,1.9019269344930242e-15,1.432266861256151e-14,1.000000000004629,-1.0174695925241956e-14,0.9999999999948557,-1.7444275082331515e-11,-1.2937770255406348e-14,6.999325148413026e-11,0.9999999999707511,4.799080362030754e-12,-2.731623674009581e-14,-5.54497711857484e-16,1.0000000000019613,3.566270228502577e-16,-4.961782194176861e-12,2.1158357100423556e-15,2.055809422731551e-11,9.990276935048961e-15,1.9551424212778998e-11,5.326362522254982e-12,0.9999999999701265,2.4507156668815997e-11,0.9999999999777951,0.9999999999531345,-2.970576512657741e-11,2.2150988686858976e-14,3.620965012937972e-14,5.253340979066523e-15,-1.6510884794502125e-11,1.4748429873086056e-11,7.776722302781707e-16,3.1898028130053985e-12,2.9571780671936854e-16,1.064234719177823e-14,1.0000000000034495,1.0000000000053582,2.568461069184586e-11,7.384280258781886e-16,3.900712767653822e-11,4.396397232561007e-14,0.9999999999842373,0.9999999999751649,-3.787089987496389e-14,-1.581629717864183e-14,9.48733789525206e-12,-8.965997136645443e-15,3.554974799576896e-15,-7.097296108224032e-15,-4.206217447165624e-14,1.85658090434438e-11,3.65427509816057e-15,0.9999999999844759,1.4335179056108713e-15,-1.882085273778486e-11,4.929386415471426e-11,-1.0642568558318847e-14,-4.078460849844761e-11,1.0508840783470987e-11,2.2337155495400436e-15,-1.6676992978630494e-15,-4.39129130283504e-11,-3.5006328959156675e-14,1.484935826129075e-11,-6.802909971422833e-15,3.956579671069057e-15,-7.60902533535734e-15,2.3218425136229196e-11,-2.411005051860293e-11,1.5391855495307637e-12,1.860182707281664e-11,0.9999999999842505,-6.023895037718371e-11,-4.291812216083864e-11,-2.9964307656717185e-15,3.3228694698994214e-15,1.1146312201930074e-15,0.999999999997895,0.9999999999841481,1.0910699535990748e-14,1.2738626780367386e-14
