1.0000000230411437,1.2842936765407017e-05,1.2216716076484798e-05,1.2210761223724248e-05,1.3542435887108375e-05,1.2371702978768767e-05,1.2212323237076356e-05,1.1687170999079581e-05,1.2808528135246887e-05,1.2380398093354509e-05,0.9999242693790302,1.195347305014394e-05,1.314944599911735e-05,1.221570986872662e-05,1.2838836384161068e-05,1.2360893636682455e-05,1.2073979084237522e-05,0.9999248076884582,1.2214513848779592e-05,1.2216689240153554e-05,1.2360645361728943e-05,1.2069796541554267e-05,1.2214494819916344e-05,1.2840783445036797e-05,0.9999242960084639,1.2224617510434805e-05,0.9999248341566269,1.23715855169383e-05,0.9999249690860245,1.2370326900000745e-05,1.3557946593068572e-05,1.2227532480542769e-05,1.1948446053342645e-05,0.9999247080446766,1.2580320224914144e-05,1.4129822925336856e-05,1.238255325171455e-05,1.2562122030489123e-05,0.9999242718279919,1.2071961987407786e-05,1.3147919346937479e-05,1.2586202332696348e-05,1.2568204919590952e-05,1.2571300366147689e-05,1.2385214547096398e-05,1.221454222442844e-05,0.9999250238062958,1.1948518904270594e-05,1.2571396521463232e-05,1.2385957859228218e-05,1.2221911556978772e-05,1.2597254893120542e-05,1.1858837707816859e-05,0.9999236966533511,1.1850552396822427e-05,1.2558098478255147e-05,1.2381803692383324e-05,1.317762941379292e-05,1.3129296984789453e-05,0.9999255476181981,1.2378742274424305e-05,0.9999248768486851,1.2387210264716464e-05,1.2233228420051338e-05,1.2804296184456975e-05,1.221956341444765e-05,1.221570884366998e-05,1.221056541079063e-05,1.3141734131364954e-05,0.9999248635934387,1.207386629085919e-05,1.258625848261458e-05,1.3126083859416284e-05,1.3505941693173857e-05,1.2231596349862382e-05,1.2596935495198153e-05,1.3140484796730778e-05,1.3533517562752903e-05,1.2826503061587742e-05,1.2563726325333169e-05,1.2226304625288105e-05,1.2576536155804215e-05,1.2216381560669255e-05,1.2573473166122943e-05,1.2370245630495634e-05,1.2378191230880519e-05,1.1951808745231068e-05,1.2076924080900481e-05,1.3556820434913273e-05,1.3548913965735093e-05,0.9999242618217792,1.2583806641393735e-05,1.2384252959444102e-05,1.2570958215951504e-05,1.1769519468536058e-05,1.3144610850848143e-05,0.9999248434568463,1.2388066104672125e-05,1.2371060103070792e-05,1.1960796748743696e-05,1.3135764788644017e-05,1.2382505054453128e-05,1.2592633727827292e-05,0.9999245134942378,1.2574331954712337e-05,1.2822848339421684e-05,1.1761700019313736e-05,1.2381002790341272e-05,1.3148193748450848e-05,1.1958690670536103e-05,1.2210122071820803e-05,1.2581595232888949e-05,1.1766283867319679e-05,1.2583364710599987e-05,1.2389646098673958e-05,1.2833906427623263e-05,1.3160632673210748e-05,0.9999243117217564,1.221849541356922e-05,1.2224018442171234e-05,1.2570847185735662e-05,1.2221114243298917e-05,0.9999246854655345,1.2226117332346177e-05,1.616809621399609e-05,0.999924758010727,0.9999251132379839,1.235828193887529e-05,0.9999245706492559
1.2842936765407017e-05,2.372645793255029e-05,4.079150013105661e-12,4.06508465374013e-12,7.205832571073778e-12,4.4446396143422214e-12,4.069102983165498e-12,2.830307092139207e-12,5.475410254230088e-12,4.465074325803326e-12,2.3558265898797464e-06,3.4582522538598548e-12,6.279227370836473e-12,4.0766805866677875e-12,5.546230016937529e-12,4.4191559158050215e-12,3.7426342676322185e-12,2.355827862779614e-06,4.073875958922978e-12,4.079251144815286e-12,4.418588350997446e-12,3.73275150623062e-12,4.073837093217388e-12,5.550698552030318e-12,1.1802120071157613e-09,4.097631789605741e-12,2.3558279244565804e-06,4.444382188984911e-12,2.355828243399905e-06,4.441191529922092e-12,7.242553217299059e-12,4.104538530326565e-12,3.446475424986538e-12,2.355827626555036e-06,4.936669575230368e-12,8.590168989277516e-12,4.470354285121727e-12,4.8937274255318256e-12,2.3558265962565386e-06,3.7378343733714455e-12,6.275051484130864e-12,4.950740248888544e-12,4.908120713644901e-12,4.915204487395895e-12,4.476382832840818e-12,4.0742938137812294e-12,2.3558283726746075e-06,3.446618192741509e-12,4.916047404467113e-12,4.478625913765267e-12,4.091428814746703e-12,4.976624635023565e-12,3.2351223027494375e-12,2.3558252368614397e-06,3.215588491774112e-12,4.884340126376384e-12,4.4685470822519166e-12,6.344951341128537e-12,6.231137243341206e-12,2.355829610242399e-06,4.46134324989955e-12,2.3558280254973175e-06,4.4812618444136116e-12,4.1180011951054616e-12,5.465076324153314e-12,4.085727134625219e-12,4.0766722033519486e-12,4.064652063656994e-12,6.2609544964737505e-12,2.355827993439311e-06,3.742294112114445e-12,4.950968015625141e-12,3.1179482437656706e-15,3.567270461364939e-15,2.0612433481457794e-15,2.492950810689981e-15,3.134927450444166e-15,3.599132428733663e-15,2.763604186471775e-15,2.4535970972432502e-15,2.0549981941582385e-15,2.4687664498799755e-15,2.0432166893460086e-15,2.4654552794261243e-15,2.2248748003131353e-15,2.234221429187981e-15,1.7306203764659994e-15,1.8784874311326236e-15,3.626749548252379e-15,3.618604060675439e-15,1.180211966095423e-09,2.4774505476388127e-15,2.241389835375904e-15,2.462491866792156e-15,1.5154131660574066e-15,3.1401776727151083e-15,1.1802126548021623e-09,2.2459509878564093e-15,2.2258755196191772e-15,1.7411272478634462e-15,3.129836029718857e-15,2.2397359361466412e-15,2.4878390817438385e-15,1.1802122641333495e-09,2.466216765310579e-15,2.7600247259720977e-15,1.5062136393509998e-15,2.2377370781431233e-15,3.143941038537109e-15,1.7386564590485722e-15,2.035810205919857e-15,2.4745819485186728e-15,1.5112170701069398e-15,2.476759273895514e-15,2.248085001592665e-15,2.7727014929315357e-15,3.15886852885666e-15,1.18021202565971e-09,2.045762133980095e-15,2.052236628170004e-15,2.4624521148030376e-15,2.0486559124248097e-15,1.180212468034406e-09,2.054182359274225e-15,6.712417893652717e-15,1.1802125537769156e-09,1.180212973820931e-09,2.2107105271128416e-15,1.1802123318182239e-09
1.2216716076484798e-05,4.079150013105661e-12,2.3726455379294893e-05,1.4949350668437242e-15,2.649888724769823e-15,3.2630535258795942e-12,1.4960512337373397e-15,1.0409913273107749e-15,2.013463193267726e-15,3.278161554655781e-12,8.665138785731318e-10,2.5391052227177022e-12,2.3091289216769115e-15,2.993072992996882e-12,2.0394960845497833e-15,3.244343773215985e-12,2.7475411799651323e-12,1.729653295410248e-06,1.498300299266154e-15,1.5001497048016429e-15,3.2438979649607884e-12,1.372862376910946e-15,2.9909509586798704e-12,2.0414459057778204e-15,8.665139003214133e-10,1.5072013460756417e-15,8.665143660382561e-10,1.6346990152979905e-15,8.665144829645852e-10,3.260856465735226e-12,5.316184751598271e-12,3.0135491525086273e-12,2.530336846110697e-12,8.665142570379784e-10,1.815773310658692e-15,6.307076980858772e-12,3.2817104699968134e-12,3.5926805648174143e-12,1.7296523695739646e-06,2.744090174457527e-12,4.606880601160336e-12,3.6341393155067136e-12,1.8052995030503568e-15,3.608712709804928e-12,3.286539204179048e-12,1.4981636476567374e-15,1.7296536693508088e-06,2.53048867331188e-12,3.6083196308383776e-12,1.6469012467443842e-15,3.003691112233717e-12,1.8300814385949094e-15,1.1900832138077044e-15,1.7296513758460991e-06,2.3608862327688313e-12,1.79624093712822e-15,1.6432490354284446e-15,4.6584348211654746e-12,2.2917497573602476e-15,1.7296545746764563e-06,1.6405790708924682e-15,1.7296534153611321e-06,3.2898369768249914e-12,1.514839662371987e-15,4.0117063754754604e-12,1.5027232804001092e-15,2.993076094170363e-12,1.4947531031308993e-15,2.3020554163445817e-15,8.665143920945131e-10,1.37634047812639e-15,1.8203313482322983e-15,4.568942440068083e-12,5.226030051598862e-12,3.0206266860290805e-12,3.652913389233832e-12,4.593921407439098e-12,5.2741572381102285e-12,4.05072625737556e-12,3.5956515088399758e-12,3.0113688793097205e-12,3.617495025108205e-12,2.9941931838713384e-12,3.612050705926681e-12,3.260543551924576e-12,3.2742335464898925e-12,2.5362242719821037e-12,2.752494583426762e-12,5.314807850475876e-12,5.300969050765403e-12,1.7296523525569812e-06,3.6303768800452084e-12,3.284691054396783e-12,3.608054667505468e-12,2.220628058701731e-12,4.600933075133238e-12,1.7296533573845456e-06,3.2916934350924085e-12,3.2620167394170702e-12,2.551761880269242e-12,4.585211022356085e-12,1.644059523317575e-15,1.8263490344483487e-15,8.665140886822234e-10,1.8109886596282037e-15,2.0256446037493915e-15,1.1057651116593728e-15,1.6425121266616276e-15,2.3083874801514815e-15,1.2770621453846814e-15,1.4946135536118557e-15,1.816616660083544e-15,1.109678531435938e-15,1.818336141585109e-15,1.6504424175292374e-15,2.0357686084810166e-15,2.3189754828224923e-15,8.66513913873136e-10,1.5015881412479235e-15,1.5065349547541069e-15,1.807509974898326e-15,1.5040249773664954e-15,8.665142372529589e-10,1.5083918642367304e-15,4.926488717350346e-15,8.665143002374272e-10,8.665146080560143e-10,1.6234433873319186e-15,8.665141378948428e-10
1.2210761223724248e-05,4.06508465374013e-12,1.4949350668437242e-15,2.3726455354856506e-05,2.641336259249686e-15,3.2518489493000605e-12,2.97664415855814e-12,1.0375012186043335e-15,2.006602907990556e-15,3.26689303105152e-12,8.635308584566942e-10,2.5303622722244074e-12,2.3012262462285562e-15,1.4941407878210146e-15,2.0327741795522032e-15,3.2332035374029594e-12,2.738121782144589e-12,1.7236988746598982e-06,1.4932641600659328e-15,1.4948083809959326e-15,3.2327625815547907e-12,2.7309232996051793e-12,2.980666593017899e-12,2.034712558152867e-15,1.7236979932566194e-06,1.5017517109630231e-15,1.7236989207342791e-06,1.628970812094567e-15,8.635314622767407e-10,3.249621306782977e-12,2.6543514154680446e-15,1.5046802474167119e-15,2.5216379607551047e-12,8.635312367575466e-10,1.809396943908002e-15,3.1487456765510612e-15,1.6385637135291439e-15,1.793965625277381e-15,8.635308605012498e-10,2.7346743199555927e-12,4.591059140462475e-12,1.814229259974589e-15,3.5908069775137207e-12,3.5962993488592714e-12,3.2752333052603184e-12,1.493128628169679e-15,8.635315093657475e-10,2.521783905279993e-12,1.8018897798254328e-15,3.2761644655592893e-12,1.4997867764011194e-15,3.64090284610631e-12,2.3670537800919516e-12,1.7236969607434706e-06,2.352762799541551e-12,3.573341237220219e-12,3.2692030729126045e-12,2.325576599299267e-15,2.28402481162281e-15,1.723700149949114e-06,3.2639124907952798e-12,8.635313828110489e-10,1.6424766617934938e-15,1.5094371840707122e-15,2.0030045133798264e-15,2.9894519282311273e-12,2.9827794438916497e-12,1.4893739472086203e-15,4.5800422973087506e-12,8.635313714083967e-10,2.7379809271092364e-12,3.6217427660013694e-12,2.2809903720882575e-15,2.608850832091384e-15,3.0102247724294066e-12,3.640383207552213e-12,4.578163267121986e-12,5.256105206371729e-12,2.021986615815288e-15,1.795147084407664e-15,3.0010191139784448e-12,3.60510925903964e-12,2.9839025155931854e-12,1.8033595773472665e-15,1.6276875464638112e-15,3.2630007961421906e-12,1.2662814483806378e-15,1.3741815443513819e-15,2.6534348945731976e-15,5.282791346147187e-12,1.7236979345103238e-06,3.6178854691356423e-12,1.6401234852329781e-15,3.5956571667128713e-12,2.212979074154178e-12,2.2970542741221167e-15,1.7236989364016072e-06,1.6438074315001295e-15,1.6286306293053063e-15,2.5429794380962783e-12,2.288944194604835e-15,3.2704849890424253e-12,3.6330547578909384e-12,1.7236983681288254e-06,3.601448352112778e-12,4.030163137989891e-12,2.1994263090118367e-12,3.2678138901563013e-12,4.5915826542946454e-12,2.5393834151318136e-12,2.9731938517123034e-12,3.6140458664003884e-12,2.207332677417892e-12,3.617131126443539e-12,3.2828609093828984e-12,4.049163166830794e-12,4.612864520099884e-12,8.635308950638319e-10,1.4966901432859597e-15,1.500601353406255e-15,1.8012396851939147e-15,1.4987973302523179e-15,8.6353121742395e-10,1.503085557782385e-15,4.909772113052883e-15,8.635312801192006e-10,8.6353158657072e-10,1.6173513056741107e-15,8.635311181600756e-10
1.3542435887108375e-05,7.205832571073778e-12,2.649888724769823e-15,2.641336259249686e-15,2.3726461724459725e-05,2.887455842819639e-15,2.6423729759553143e-15,3.670614542688859e-12,3.5551821341514925e-15,2.900921943313983e-15,3.0552741347941046e-06,4.485136344898765e-12,4.077487095819558e-15,5.286861289332793e-12,7.191684331489201e-12,5.730371006271904e-12,2.4313311347457346e-15,3.055275767707523e-06,2.6465172529845743e-15,5.288623450207145e-12,5.7295284787954836e-12,2.424612648102687e-15,2.6466862966547895e-15,7.198213376562124e-12,3.0552742139528944e-06,5.314322966233984e-12,1.5306190872054411e-09,2.8870879114137213e-15,3.0552762610392235e-06,5.760170981591197e-12,4.7031856160142935e-15,5.323073387425339e-12,4.469417501782597e-12,3.0552754674735167e-06,6.40094150606612e-12,5.581044520884387e-15,2.9034662310588037e-15,6.345489881990241e-12,1.5306182294908679e-09,2.4283962345985712e-15,8.137015682047169e-12,3.2150498942497338e-15,6.363838565895429e-12,3.1934643340736273e-15,5.805243994154602e-12,2.64626044528174e-15,3.055276427426536e-06,2.239283595626637e-15,3.1921080417663515e-15,5.805209780912526e-12,5.3052196766490166e-12,6.4525697106907945e-12,4.195556241253702e-12,3.055272392902781e-06,2.089108879637071e-15,6.332723884885847e-12,2.9024263285550746e-15,4.122221907895643e-15,8.08013379724763e-12,3.05527802033437e-06,2.8980628807023097e-15,1.5306191513148902e-09,2.911517058633302e-15,5.340326692549094e-12,3.5492632116093632e-15,5.298823238477166e-12,2.6487084685749664e-15,2.6411137031785673e-15,8.115821803783613e-12,3.055275943202811e-06,4.852644592823895e-12,3.2150671990834696e-15,4.042372026830105e-15,4.623118699906763e-15,5.335722817005929e-12,3.232276622140453e-15,4.064861240191597e-15,9.314596199308988e-12,7.1556979560361315e-12,6.351401928324579e-12,5.319033279404605e-12,3.2005647347185707e-15,2.649515949545691e-15,6.37875532918173e-12,5.759028606989211e-12,5.782996353474167e-12,2.2446290967678697e-15,4.860894760320584e-12,9.387481245346288e-12,9.362510577374958e-12,1.5306182148335837e-09,3.212867514645076e-15,5.801349028227609e-12,6.372919799643367e-12,1.965080752305977e-15,4.070549577793275e-15,3.055275877498742e-06,2.9132144272964213e-15,2.8861204780780875e-15,4.50742551246756e-12,4.0561026378875694e-15,5.796467877008756e-12,6.4392486919444104e-12,3.0552748762551447e-06,6.383049354102229e-12,7.1426374113424505e-12,1.952881405714727e-15,2.9012404565293927e-15,4.077051257598375e-15,4.50122790641442e-12,2.640311621632593e-15,6.405708518328964e-12,3.912293920661419e-12,6.411333735547816e-12,2.9153528777601444e-15,3.5953993127078575e-15,8.175070238142321e-12,3.055274261476457e-06,5.29497977225862e-12,5.311298267937015e-12,6.372254349371484e-12,5.3047269964233426e-12,3.0552753980006854e-06,2.664457188279923e-15,8.699054043900234e-15,1.5306189701590497e-09,1.5306195121486686e-09,2.8663602366597936e-15,1.5306186843903973e-09
1.2371702978768767e-05,4.4446396143422214e-12,3.2630535258795942e-12,3.2518489493000605e-12,2.887455842819639e-15,2.3726455930484257e-05,1.6303933770038203e-15,1.1344233876641345e-15,4.378787769701295e-12,3.571884391506986e-12,1.884627791668648e-06,2.7666081388462887e-12,2.5159389770403183e-15,3.2612516617577203e-12,2.2226598090588027e-15,1.7711381267408093e-15,1.4997965428737801e-15,9.441533135980991e-10,1.6332019220612867e-15,3.262841879345124e-12,1.7707061388691995e-15,1.4958949265937803e-15,1.6326589054858728e-15,2.224453108444073e-15,9.441528311763731e-10,3.278098440534844e-12,1.88462885517199e-06,1.780910689817609e-15,9.441534665207744e-10,3.553027759435545e-12,5.792519214186159e-12,3.2835623754713895e-12,2.7570546576721766e-12,9.441532205682488e-10,3.948867146107505e-12,3.4427962833539385e-15,3.5757527353203508e-12,3.914585099714975e-12,1.8846277958578708e-06,1.497946508867532e-15,5.019657034102913e-12,3.959760304025144e-12,1.9669490031964233e-15,1.969943586005012e-15,3.581012343492518e-12,3.258690037702509e-12,1.8846292121143183e-06,1.3815229191430096e-15,3.931628724724425e-12,1.7945087701683803e-15,3.2728220877009303e-12,1.994394561240601e-15,1.2969578559856522e-15,9.44152266123498e-10,1.2886655394724214e-15,1.9571360154912975e-15,3.574378645572569e-12,5.075829457961583e-12,2.497198585365065e-15,9.44154012219936e-10,1.7881861094831138e-15,9.44153379202985e-10,1.7956502595964514e-15,3.294271128273123e-12,4.371157535463685e-12,1.637909034181621e-15,1.6340633425916885e-15,1.6284447894316358e-15,2.5087627183788053e-15,1.8846289109850008e-06,1.4999106178745281e-15,3.959772799310629e-12,2.4942137686957144e-15,5.694287817122968e-12,3.291273708122235e-12,3.980214961824761e-12,5.005537427566112e-12,5.7467240126423565e-12,4.413668932090433e-12,1.963268650031984e-15,3.2811871919238436e-12,3.941624000184692e-12,3.2624725611006303e-12,1.9716054621394962e-15,1.779920036866772e-15,1.787613369106396e-15,2.763469056606905e-12,1.5021805293050122e-15,5.791014380327826e-12,5.775936858252264e-12,9.441527991917895e-10,1.981596887490611e-15,1.7928196493815783e-15,1.9699144024128724e-15,2.4195954325100112e-12,2.5114682136576357e-15,9.441533476183602e-10,3.5866266500897577e-12,1.7804889475267866e-15,1.3923348503710131e-15,2.5030708190138096e-15,3.575800053511967e-12,3.972227603282706e-12,1.8846282512105614e-06,1.9730109067914928e-15,4.406383259738283e-12,1.204307470827207e-15,1.7899418205303075e-15,2.5150773862927804e-15,2.776477354266126e-12,3.250788598240384e-12,3.9514527804899445e-12,2.4134039265947497e-12,1.981346015346898e-15,1.798055506659935e-15,4.427136773935237e-12,2.527011675792278e-15,9.441528457644117e-10,3.2664221503901006e-12,3.276720073788176e-12,3.931058766339401e-12,1.63913950662935e-15,1.8846285748410745e-06,3.2808521640109816e-12,1.0715013677219863e-11,1.8846287115871776e-06,1.8846293807427907e-06,3.5300556345342157e-12,9.441530904715569e-10
1.2212323237076356e-05,4.069102983165498e-12,1.4960512337373397e-15,2.97664415855814e-12,2.6423729759553143e-15,1.6303933770038203e-15,2.3726455364407893e-05,2.0727478797695545e-12,2.0069458516526363e-15,1.6380507266044543e-15,8.643133824609588e-10,2.5327083007063705e-12,2.302286369841415e-15,1.495828568525905e-15,4.060959253757848e-12,3.2358039744535328e-12,1.3730974741464184e-15,8.64313843659621e-10,1.4949305960892634e-15,1.4958408415252721e-15,1.6208824328411792e-15,1.3687867762549744e-15,1.4944622481744374e-15,4.064701262709324e-12,8.643134048532657e-10,1.5037262448775273e-15,8.643138678137024e-10,3.2542005589145767e-12,1.7252611486636985e-06,1.6295353761231755e-15,2.655614008305381e-15,3.0058630064940564e-12,1.2643351912553333e-15,8.643137593967646e-10,3.6144217862008225e-12,3.152020852839398e-15,3.2727757527064615e-12,1.7949668497223425e-15,1.7252599520673105e-06,1.3708421702350242e-15,4.594784804395588e-12,3.623942855564461e-12,3.5934644296912588e-12,1.803328118067591e-15,3.2781329329628517e-12,2.9822535508153482e-12,8.643140303444389e-10,1.264400453453087e-15,1.8027164986080167e-15,3.277892424489158e-12,2.995717260935843e-12,1.8252725993253134e-15,1.1865465710244283e-15,8.643128902546086e-10,1.1797875770016705e-15,3.575873847622267e-12,1.6392246671634366e-15,2.3279710250361887e-15,2.2857906659285188e-15,1.7252621411132104e-06,1.6361538948815918e-15,1.7252609904029736e-06,1.643657904701556e-15,1.5108664288845448e-15,2.0040244527915415e-15,2.9921802925819566e-12,2.985423832596368e-12,1.491028503689222e-15,2.295947445859601e-15,1.7252609696608958e-06,1.372983391793906e-15,1.8156867865765156e-15,2.2828966236921068e-15,5.210622609516355e-12,3.0130274212334665e-12,3.643145014142102e-12,2.2951802542044428e-15,2.6350090521201997e-15,4.040803307344972e-12,3.5865620534591994e-12,3.0035541700512115e-12,1.807162868595777e-15,1.496149897631631e-15,1.8044202961536225e-15,3.25199266081407e-12,3.2654957628197596e-12,1.267354597330609e-15,1.3746723246912707e-15,5.30090411993733e-12,2.6482852431445455e-15,8.643133758221312e-10,1.814013170283598e-15,3.2758418962192492e-12,1.8029656547648096e-15,1.1097833281812568e-15,4.5883157735418615e-12,1.7252609321516362e-06,3.2838035768633324e-12,3.2536167301705074e-12,2.545284855746228e-12,4.571636794673893e-12,1.639796512610219e-15,3.6361164950971733e-12,8.643135920347406e-10,1.805677205759781e-15,4.033247327486361e-12,1.1027833192321129e-15,1.638112633924996e-15,2.301980435054209e-15,1.272932113896484e-15,2.976000785489043e-12,3.6171969399649645e-12,1.1069358625087784e-15,1.813761222125994e-15,3.2857107251887722e-12,2.030043722581634e-15,4.616195479857926e-12,1.725260020620852e-06,1.4978816971656199e-15,1.5023907917714163e-15,1.8027398262529208e-15,2.995625446153524e-12,8.643137391976136e-10,3.0032887520897594e-12,4.911538575918778e-15,1.7252607866208399e-06,8.643141077721998e-10,1.6186205413983052e-15,8.643136409518727e-10
1.1687170999079581e-05,2.830307092139207e-12,1.0409913273107749e-15,1.0375012186043335e-15,3.670614542688859e-12,1.1344233876641345e-15,2.0727478797695545e-12,2.3726453819465357e-05,2.78897440518722e-12,2.274659631818951e-12,6.01244274982791e-10,8.829692706204885e-16,1.6023942550711363e-15,1.040590671651552e-15,2.825379834288684e-12,1.1278749955065173e-15,1.906554944001358e-12,6.012445990447644e-10,2.075381515230323e-12,2.0779925572502897e-12,2.2509358028456674e-12,9.528170135219605e-16,2.0753588062128395e-12,1.416879316889639e-15,6.012442909575083e-10,1.0456520939185107e-15,6.012446147550339e-10,2.264074958709016e-12,1.2001473239811619e-06,1.1334630877757599e-15,3.689241540253282e-12,2.0910173293147e-12,1.7557537577273044e-12,6.012445388406988e-10,2.5148264198173795e-12,4.3762349171242904e-12,2.277246349343624e-12,2.492970578845745e-12,6.012442764305437e-10,9.540865517565823e-16,3.1966829318307405e-12,2.5218892659517753e-12,1.2526739615085637e-15,2.5039948187712497e-12,1.142441301100313e-15,1.0399713717263655e-15,6.012447289294289e-10,8.794494332227823e-16,1.2545423091491495e-15,1.142731596932202e-15,2.0842654358504025e-12,2.535164862539875e-12,8.261752685643274e-16,6.012439302820807e-10,8.209145103794661e-16,2.488137411445816e-12,2.2763464648019694e-12,3.232366236503772e-12,1.5901303180712057e-15,1.2001480191613756e-06,1.138578595165537e-15,6.012446411622909e-10,1.143584956490591e-15,2.0978580061819276e-12,1.3947736154302088e-15,1.042576886127082e-15,1.0404951014323445e-15,2.0706389630632385e-12,1.5982978411624674e-15,6.012446329040636e-10,9.55163153972423e-16,2.521956085390152e-12,1.588605031821597e-15,1.8169072869463737e-15,1.0500114856494268e-15,2.5347816897324046e-12,3.1877532049770026e-12,1.8334164753843373e-15,1.4080909768253255e-15,1.2502473116787345e-15,2.08954236420942e-12,1.257752618159285e-15,1.0408120523720275e-15,1.2561130440050628e-15,1.1330771517468749e-15,1.1380773734413564e-15,8.815988368767141e-16,9.564627881709945e-16,1.8478036981048227e-15,1.8427358257347833e-15,6.012442705208584e-10,1.2620064996230351e-15,2.2792881925075437e-12,2.5035834362683976e-12,1.5408032704449312e-12,3.1927076163717048e-12,6.012446209233915e-10,2.283871094108024e-12,2.2634446737959366e-12,8.871217126777987e-16,3.182079994328511e-12,2.2771896322195073e-12,2.5296160856259036e-12,6.01244421900064e-10,2.5076350073831504e-12,1.4059007977401733e-15,1.5314112202478417e-12,2.275384674673195e-12,1.6016224637294471e-15,1.7680582333786516e-12,2.0701075105952944e-12,2.516358951773454e-12,7.701729365291149e-16,1.2617540175208515e-15,1.1452166366517636e-15,1.4123878476236887e-15,1.6092370792095381e-15,6.012443004604284e-10,1.042161494439958e-15,1.0453805404201356e-15,2.5034496299940024e-12,1.0435359241147885e-15,6.012445254172305e-10,2.0893174830075263e-12,6.824752391633638e-12,6.012445689952956e-10,1.2001474971714714e-06,2.248096822560898e-12,6.012444563422033e-10
1.2808528135246887e-05,5.475410254230088e-12,2.013463193267726e-15,2.006602907990556e-15,3.5551821341514925e-15,4.378787769701295e-12,2.0069458516526363e-15,2.78897440518722e-12,2.372645776805598e-05,2.203362861901071e-15,2.3214208021980907e-06,3.407913389587376e-12,3.0972039756968675e-15,4.016949520580283e-12,5.463848304337955e-12,4.353678283807491e-12,1.8468542718545982e-15,2.3214220358323123e-06,4.014079888981779e-12,2.0123402370127875e-15,4.352996055844552e-12,1.8415761588157014e-15,4.014002503578073e-12,2.740015094814923e-15,1.1629755370847808e-09,4.037929823683798e-12,2.321422101142532e-06,2.19383723342206e-15,2.321422410555223e-06,4.376803520470606e-12,3.572431214948011e-15,2.025894332806385e-15,3.395794005439141e-12,1.1629760125927183e-09,2.435815561798524e-15,8.465277837377772e-12,2.206177324329637e-15,4.8209137396391356e-12,2.321420804928886e-06,1.8440891196904132e-15,3.097035835923095e-15,4.875402624615684e-12,2.421861276731178e-15,2.4263407301362838e-15,2.2097438423987134e-15,2.010627592349384e-15,2.3214225364770857e-06,3.396133303239301e-12,2.4248535423797943e-15,2.209751762331993e-15,2.0194486104824862e-15,2.456183940707356e-15,3.1878066402439427e-12,2.3214194837581495e-06,1.5872720463047046e-15,2.4103595119790328e-15,2.2047300974106195e-15,6.252036681302181e-12,3.0755770245842797e-15,2.3214237420117664e-06,4.394490448074305e-12,1.1629762072273933e-09,4.414432621023658e-12,4.057524397644737e-12,2.697467885519517e-15,4.0261290237107455e-12,4.016980373529328e-12,4.004406298157068e-12,3.0886486771328583e-15,2.3214221715624637e-06,1.8468953246292505e-15,2.4424835546326144e-15,6.130507643625071e-12,3.5117809614972287e-15,4.054220737320238e-12,4.9016210129669795e-12,3.088252507879875e-15,3.544996044000837e-15,2.7240328601280014e-15,2.417723307418187e-15,4.041282681317624e-12,2.4314931747496023e-15,4.018231183367029e-12,2.4275979288366027e-15,4.37548496559673e-12,4.393532181928234e-12,3.4040464647247327e-12,1.8499183244271006e-15,3.5733280182621674e-15,7.112903588276812e-12,1.1629754983762623e-09,2.4410339589756513e-15,4.407385453196812e-12,2.4259172287916555e-15,1.4928855801730304e-15,6.173037142268635e-12,2.3214221194966385e-06,2.2137507368394473e-15,2.1934085266973172e-15,3.424797312884112e-12,3.081297444066433e-15,2.2062059150632855e-15,4.892390101117034e-12,1.1629757883859582e-09,2.429144072431422e-15,5.426498659171205e-12,1.4839166469332209e-15,2.20420613922135e-15,3.097669102384888e-15,3.42021005382075e-12,4.0044276162379455e-12,2.438415162068214e-15,1.4892655922913911e-15,4.871393832769539e-12,2.2149521975908297e-15,5.45157180271963e-12,3.111661631640196e-15,1.1629755548621956e-09,4.022917337555955e-12,4.035030115199396e-12,2.4256963379029953e-15,4.031200450416024e-12,1.1629759857582616e-09,2.0246712039099634e-15,6.607428967476389e-15,1.1629760706680982e-09,1.1629764802137123e-09,2.177445316515362e-15,2.321421493013771e-06
1.2380398093354509e-05,4.465074325803326e-12,3.278161554655781e-12,3.26689303105152e-12,2.900921943313983e-15,3.571884391506986e-12,1.6380507266044543e-15,2.274659631818951e-12,2.203362861901071e-15,2.3726455970458706e-05,1.8933222524925335e-06,2.7793577016889977e-12,5.045479462004306e-12,3.276306589161301e-12,4.4571249536771865e-12,3.55140408210145e-12,1.506865040724249e-15,9.485090310926598e-10,3.274032248163712e-12,3.2780243910381e-12,1.779152361862205e-15,1.502745327464387e-15,1.6406390069105012e-15,2.2349478964388655e-15,1.8933223027472122e-06,1.649724300362473e-15,1.8933233219701068e-06,1.7893913765139533e-15,9.485091839700169e-10,1.788230955395299e-15,5.8196096347121875e-12,3.2987138479933e-12,1.3876789839506135e-15,9.485089366106464e-10,3.9671881727964764e-12,6.9038484728086655e-12,3.5923701300196184e-12,3.932729636804713e-12,1.893322256936364e-06,3.003820634789067e-12,2.526264698429969e-15,3.978225263633724e-12,1.9760904482352752e-15,3.950203878167832e-12,1.8022084316189363e-15,1.6402052632369236e-15,1.8933236809785554e-06,2.7699470687391655e-12,1.9789171102665833e-15,1.8027055845795573e-15,1.6473948939052597e-15,3.999257241396024e-12,2.599987616233018e-12,9.485079766567272e-10,2.5842900537439743e-12,1.96641572032981e-15,3.590971220630486e-12,2.5543177831818043e-15,5.00761418529139e-12,1.8933246729102282e-06,3.5851635655067022e-12,9.485090965627403e-10,1.8040829720746152e-15,1.658144425794428e-15,2.200012497074152e-15,3.2836279394687046e-12,1.641313116770346e-15,1.6362305840516904e-15,2.520876056256135e-15,1.8933233778786638e-06,1.5065570022918972e-15,1.993457346884069e-15,5.001437000823542e-12,5.7209963027900865e-12,1.6564920621442816e-15,3.998675127078838e-12,5.028752740483219e-12,2.892154009170843e-15,2.2214651580801522e-15,1.9718657265201206e-15,1.651445221347373e-15,3.959961421632641e-12,1.6421380653360735e-15,1.9804785130681606e-15,1.788064836938678e-15,3.584148030222785e-12,1.3906284357914539e-15,3.0131151806587e-12,5.81780868830763e-12,5.802739417783634e-12,9.485085134189398e-10,1.9911911891930735e-15,3.595613038829004e-12,3.949517471906488e-12,2.430739319409826e-12,5.036494809890766e-12,9.485090652194162e-10,1.8049347836369803e-15,1.788722770198453e-15,2.793222153399899e-12,5.019496075820035e-12,3.5923530752437718e-12,1.9991112502300465e-15,9.48508752115469e-10,1.9815068641057054e-15,2.2177253876410865e-15,2.415876370074469e-12,3.5894482246202772e-12,2.5268095715475757e-15,1.3966070188625552e-15,3.265759786670089e-12,1.9885496739413976e-15,1.214695454491013e-15,3.973077901227733e-12,3.605925719693661e-12,2.22805783674308e-15,5.066887934846165e-12,9.4850856059624e-10,3.281539785827729e-12,1.6491860402073454e-15,3.949270703230183e-12,3.2866962759982357e-12,1.8933230402235482e-06,3.2960105037935453e-12,5.3932024931108064e-15,1.8933231776658355e-06,9.485093211092e-10,1.7768167095948688e-15,9.485088061702372e-10
0.9999242693790302,2.3558265898797464e-06,8.665138785731318e-10,8.635308584566942e-10,3.0552741347941046e-06,1.884627791668648e-06,8.643133824609588e-10,6.01244274982791e-10,2.3214208021980907e-06,1.8933222524925335e-06,0.9998634687538798,7.346452561201926e-10,1.3337544250168915e-09,8.660098169082889e-10,2.351726619422311e-06,1.8738192566546776e-06,7.950114187163892e-10,0.9998402805770676,8.654106884127331e-10,1.729625594854292e-06,1.8735710054112513e-06,7.929162184170916e-10,8.654011530663398e-10,2.3536735008958725e-06,0.999839768934236,8.704719902210399e-10,0.9998403070430794,9.440939698065294e-10,0.9998404419626974,1.8832517523939736e-06,3.070783747406596e-06,8.719322196315828e-10,1.4614022038345919e-06,0.999840180940362,1.0486572600706104e-09,3.6426174442919047e-06,9.495881506138448e-10,2.0750327603111905e-06,0.9998397447555628,1.5849090116311107e-06,2.660786678151686e-06,2.0991113513378282e-06,2.08111521010038e-06,1.0441388386756806e-09,9.509212617755718e-10,1.7274787615381182e-06,0.9998404966789692,7.321635406945024e-10,1.0441870962646302e-09,1.8988817333367437e-06,8.691164978352605e-10,2.110163039752201e-06,1.3718004780888235e-06,0.9998391696227384,1.3635157792780832e-06,1.0375255380002123e-09,9.492126592117115e-10,1.347872483030859e-09,2.6421656956710488e-06,0.9998410204526645,9.476790794726465e-10,0.999840349732087,9.519210155412593e-10,1.7461634680669731e-06,1.1608555070878295e-09,1.732499455948022e-06,1.7286451834388388e-06,8.634327718757085e-10,2.6546020724459665e-06,0.9998403364776046,7.949549043662005e-10,1.0516320082606727e-09,2.6389528526287836e-06,3.018782739806051e-06,1.7445314990317155e-06,2.109843654403135e-06,1.3292653386690976e-09,3.046356433518229e-06,2.3393940985795823e-06,2.076636868952016e-06,8.713171488350922e-10,1.0467616943460627e-09,8.663463030992518e-10,1.0452273464246862e-09,1.883170554501705e-06,1.8911155828986706e-06,1.464764623117368e-06,1.5898707970302766e-06,3.06965747298337e-06,3.061751649043668e-06,0.9998397347499643,2.096715715845755e-06,9.504395920699762e-10,2.0838682646254213e-06,1.2824888399167436e-06,1.3313322649375661e-09,0.9998403163427753,1.9009896027442125e-06,1.8839849381929233e-06,7.383139814457129e-10,1.3269009936256897e-09,9.495639821586224e-10,1.0548255493515737e-09,0.9998399864040951,1.0456574948241617e-09,2.335739768768023e-06,6.385787482278792e-10,9.488114587834155e-10,1.3331270289547406e-09,7.372589624231512e-10,1.723058804147067e-06,1.0492959333697787e-09,1.279253508546773e-06,1.0501823277590393e-09,9.53141196090058e-10,1.175688401292242e-09,1.339358201024318e-09,0.9998397846464071,8.674052160474692e-10,8.701719345187055e-10,1.043911841279704e-09,8.687170370047525e-10,0.9998401583629237,8.712233186602575e-10,2.845913143915774e-09,0.9998402309027821,0.9998405861040585,9.374296962856669e-10,0.9998400435550079
1.195347305014394e-05,3.4582522538598548e-12,2.5391052227177022e-12,2.5303622722244074e-12,4.485136344898765e-12,2.7666081388462887e-12,2.5327083007063705e-12,8.829692706204885e-16,3.407913389587376e-12,2.7793577016889977e-12,7.346452561201926e-10,2.372645453708169e-05,3.908303508192749e-12,1.2708011081669502e-15,3.4522894762454983e-12,1.3779359835878788e-15,1.166995307023078e-15,1.4664295900478978e-06,2.5358602903083988e-12,1.27208705201104e-15,2.750383885737945e-12,2.3234597728062033e-12,1.2702443291577258e-15,3.455127537934537e-12,7.346452755440565e-10,2.5506770470702572e-12,7.346456714676622e-10,2.7664386908708403e-12,7.346457709879876e-10,1.3851098692619036e-15,2.2583013288288877e-15,1.2799696116090743e-15,2.1453168666004246e-12,1.4664294434747105e-06,3.0728383725380216e-12,5.34719047148989e-12,1.394156787448849e-15,3.0461265573692552e-12,7.346452580691157e-10,2.326633933671524e-12,1.956592800817675e-15,3.081502666983094e-12,3.0550614914331204e-12,1.533114192396852e-15,2.7864180338692476e-12,1.270138003218864e-15,7.346458112186553e-10,1.0749047028923987e-15,1.5328310811024452e-15,1.3964532326390324e-15,1.2764847452299266e-15,1.5522961839995614e-15,2.0137737055075647e-12,7.346448344300839e-10,2.001614916096642e-12,1.5236048626019165e-15,1.393072242561297e-15,3.949547748464304e-12,1.943142720829387e-15,7.346461965815709e-10,2.7769552018922928e-12,7.346457029711396e-10,2.7893749486143637e-12,1.2840841608571256e-15,1.703570127088527e-15,2.5432620630787475e-12,2.5376105493586814e-12,2.530079701259249e-12,1.9523623746112446e-15,7.346456930507214e-10,2.3294238926647637e-12,3.0816003800872496e-12,1.940833133155724e-15,4.431631355457325e-12,1.2830226213600386e-15,1.551327454320911e-15,3.895077112742655e-12,4.472028888428306e-12,3.4341321840848537e-12,1.5271454661145526e-15,1.2793722049334918e-15,1.5364674181431815e-15,1.2716727308833482e-15,3.0628331699069953e-12,1.3851561200809844e-15,2.7761379404357063e-12,2.1502394658673045e-12,1.1694846404497051e-15,2.257478901233677e-15,4.494594686585288e-12,7.346452505172658e-10,1.5419807990385743e-15,2.7850397582665343e-12,1.5326543208963842e-15,1.8826602422822705e-12,3.901154957505799e-12,7.346456784662822e-10,1.3988443762039669e-15,2.7656510298775785e-12,2.1634326937905916e-12,3.888245596426348e-12,2.7824589975363456e-12,3.0908858594889232e-12,1.4664291576909039e-06,3.0640364438840017e-12,1.7177166626088747e-15,1.8711995122264153e-12,1.3928912616435923e-15,3.906362658827594e-12,1.0822417655591309e-15,1.2672480745550988e-15,3.0746798060153946e-12,1.877926588313574e-12,3.0772695036630457e-12,1.3992353155103868e-15,1.726398198242555e-15,1.966200913230677e-15,7.346452871247493e-10,2.541714432863954e-12,1.277506448325337e-15,3.058927481933926e-12,1.2755979449320065e-15,1.4664294103689847e-06,1.2789312687444533e-15,8.339340991488486e-12,1.4664295169031762e-06,7.346458767537019e-10,2.7469215523064036e-12,1.466429241712011e-06
1.314944599911735e-05,6.279227370836473e-12,2.3091289216769115e-15,2.3012262462285562e-15,4.077487095819558e-15,2.5159389770403183e-15,2.302286369841415e-15,1.6023942550711363e-15,3.0972039756968675e-15,5.045479462004306e-12,1.3337544250168915e-09,3.908303508192749e-12,2.3726459475502272e-05,2.3080006208722584e-15,3.139174638702982e-15,2.5014653210383627e-15,2.1187268270846574e-15,2.662314807320364e-06,2.306395921422634e-15,2.3085213652075048e-15,4.992414589778252e-12,4.217231173548424e-12,4.603495084241384e-12,6.272300941458924e-12,2.6623134566414936e-06,2.320020193969932e-15,2.66231488129572e-06,2.516055262289563e-15,1.3337553506320151e-09,5.019404784069932e-12,8.179448753321372e-12,2.323909857118078e-15,3.894509515249023e-12,2.6623145470326805e-06,2.793799324779439e-15,4.863437577338468e-15,2.529659447910154e-15,5.529099820768639e-12,2.6623133921756096e-06,2.1157726939266695e-15,7.090225261123286e-12,5.59193529543981e-12,2.7780249479171686e-15,5.554420866867024e-12,2.5342087032012903e-15,2.3054354770874402e-15,1.3337554235548075e-09,1.951135207419106e-15,5.551342772063164e-12,5.057887756479811e-12,4.62267533269176e-12,2.816625637550113e-15,3.655923966351586e-12,1.3337536657052374e-09,3.6338555108047053e-12,2.7644769717919465e-15,2.52899204564347e-15,7.1701485809346765e-12,7.040674651090329e-12,2.6623167672543156e-06,2.524738930280813e-15,2.6623149931307137e-06,2.5366661816862728e-15,2.3312771255770557e-15,3.092080664331349e-15,2.3132728231562937e-15,4.6068726405203366e-12,2.3008761005205057e-15,3.542729531309483e-15,1.333755212796659e-09,2.118381967481389e-15,5.591569764623645e-12,3.5224645760295112e-15,8.04006030691868e-12,2.3294458038812737e-15,2.8163263255919885e-15,7.069877171092076e-12,4.0656758734611e-15,3.123994903431295e-15,5.534530707380263e-12,2.321969587112207e-15,2.788616863228063e-15,2.308955321759878e-15,5.557687393900945e-12,5.0181614425186854e-12,2.5247229000141482e-15,3.9038688492508455e-12,4.235240542086281e-12,8.179854128007899e-12,8.157874045819254e-12,1.3337544146318556e-09,5.5878412804071065e-12,2.5322839092918185e-15,2.7819820378669973e-15,1.7125220719551772e-15,3.547004574990942e-15,2.6623149031248237e-06,5.067454303432483e-12,2.5153693210356685e-15,3.927697515323104e-12,3.533847924512263e-15,2.5304497724976003e-15,5.6109303107725835e-12,2.662314032941856e-06,2.786515471574391e-15,6.2236676125922614e-12,1.7015464090410353e-15,5.046168697610196e-12,7.0913352672343945e-12,1.9650283724535753e-15,4.5923752596334625e-12,2.796347191456183e-15,1.7078477120972263e-15,2.798556832867752e-15,2.5402644105866e-15,6.2525689749868016e-12,3.568536404701654e-15,1.3337544794649051e-09,2.3116001553242805e-15,4.627871340651278e-12,5.5524463254831475e-12,4.622785251499884e-12,1.3337549745264463e-09,2.321754576357068e-15,7.579449578006598e-15,2.6623146789648074e-06,2.662315619689397e-06,4.9859077256839855e-12,2.662314182830594e-06
