1.0000000009248933,1.4446592806393267e-07,3.5324912721350193e-07,5.4311775637036004e-09,2.249470140814495e-07,1.2691989345126142e-07,2.3941163142275818e-08,0.9999997345610407,2.0664921937669867e-07,2.5281481505765403e-07,1.029714661814164e-07,1.5458334212549534e-07,1.4614030041539426e-07,1.5032062437732456e-07,1.5901029535254144e-07,1.3847686892650346e-07,1.1662695933025411e-07,1.2877199370141007e-07,-7.330143503596672e-08,1.9499356983827466e-07,-9.037791420137213e-09,7.237865618982068e-08,1.2043680095051967e-07,9.071482025424489e-07,0.9999997865655128,0.9999998019129709,3.1279164773152023e-07,4.3259372894801114e-07,1.478128104524841e-07,2.681312887216984e-07,1.2693114596391223e-07,0.9999997172545656,1.7805849973047232e-07,1.2489275688663043e-07,9.395487955788482e-08,1.9774538931386063e-07,1.0533576988334393e-07,1.752205905972727e-07,1.3771697341358027e-07,1.1868134459535232e-07,2.1535730145075432e-07,1.323278827578254e-07,1.0135329739549608e-07,0.9999998505902142,1.6385042148028736e-08,1.3181561724413926e-07,1.1432789173105899e-07,1.2634690890919614e-07,1.4869816416518623e-07,1.2664920167533995e-07,1.844360195744223e-07,1.759394901758438e-07,2.4845518982002806e-07,1.4446440693460404e-07,1.2326386837521578e-07,1.6913588803946202e-07,1.6531748485093547e-07,8.85451337256373e-08,6.906085827481488e-08,1.383036682327897e-07,2.32264541001272e-07,2.0033294463948185e-07,2.349106177046672e-07,0.9999996932427122,1.9252608731247372e-07,1.9840465245956182e-07,1.2877313824059437e-07,1.7996779484511458e-07,-3.334689787472848e-08,1.2166986663121554e-07,0.9999998605155983,0.999999712955477,0.9999996736350227,7.439482027797583e-08,1.0540458197382257e-07,1.5394129610683422e-08,1.9061235466315133e-07,-2.3586564608450793e-08,2.099755785889609e-07,5.127958045018834e-08,3.893560223623365e-07,1.5557442187618955e-07,1.8452650679733284e-07,1.7839744223175893e-07,1.9043444276956862e-07,4.5630961411716634e-08,2.7720653169758864e-07,1.2298092940555253e-07,0.9999997345474205,4.795809368309532e-07,1.9462562596246877e-07,8.926506152703804e-08,9.977397224096119e-08,0.9999997355395683,0.9999996506388412,2.3961213601293597e-07,-7.07502933362456e-08,2.46992409105875e-07,9.543504363529781e-08,8.065977050864345e-08,2.1469573392744987e-07,0.9999997013138063,0.9999997582330612,1.896320727580545e-07,0.9999996988393423,5.0540474170599576e-08,2.7731429118802134e-08,1.3854509232436715e-07,1.6435215311073785e-07,0.9999997681305638,1.7260973853080202e-07,1.2650222904887813e-07,1.1240939529565168e-07,3.7910788651595717e-07,8.557421247420119e-08,2.160485618271854e-07,-7.908344658061254e-08,2.0988549202374965e-07,0.9999997732073077,2.1208375222849914e-07,1.8330858489763747e-07,0.999999735276182,1.5765842993829483e-07,1.3922940390162948e-07,1.6112686505931308e-07,1.1598148078382005e-07,1.923596262514527e-07,9.923708082021279e-08,2.3915822404546364e-07
1.4446592806393267e-07,4.059322004620867e-07,-4.219529441581443e-09,-4.86316149611563e-09,-3.5299357335574417e-09,-3.4305032133652347e-09,-4.828036174507201e-09,-8.781257799173387e-08,-3.452051506195803e-09,-3.8880882428269195e-09,-4.812729182208777e-09,-3.8523642626322265e-09,-2.6537820559695087e-09,-3.153488194121673e-09,-5.572497175351073e-09,-3.8109189250334805e-09,-3.1301629278872437e-09,-3.1702202983465598e-09,-4.826036997368719e-09,-4.892120050783375e-09,-4.785927657689874e-09,-3.4393429891507143e-09,-4.804128101656697e-09,-7.985666548136984e-09,-8.852625148674123e-08,-8.853842613183441e-08,-6.533284027330453e-09,-6.58694166471659e-09,-3.861244042644816e-09,-6.672824185626792e-09,-3.495429600648275e-09,-8.734795967643831e-08,-4.267821414545127e-09,-2.9126713055195256e-09,-2.9066386130030304e-09,-3.891446742507055e-09,-3.1207287208841514e-09,-3.7665638093519475e-09,-3.4917318838981023e-09,-3.828286274747973e-09,-3.536108071855111e-09,-3.82678653902743e-09,-3.815560755446226e-09,-8.969660130538684e-08,-5.549566157514111e-09,-3.45595161294077e-09,-2.9015629898987067e-09,-3.186533045947507e-09,-5.557280392025708e-09,-3.1763473768763476e-09,-4.247389010674717e-09,-3.1837850134961435e-09,-3.837292469252219e-09,-4.858306648447087e-09,-4.259468205028778e-09,-4.291550840258408e-09,-3.4277735535163253e-09,-3.1400332243705314e-09,-4.247357815913849e-09,-3.478524807375672e-09,-4.280291022254544e-09,-3.844808664680288e-09,-3.81547253878966e-09,-8.599999266047874e-08,-1.7511198261844164e-12,-1.9298301739265855e-12,-1.4475342658475085e-12,-2.1540315218196177e-12,-2.777428468499677e-12,-1.4377095153148708e-12,-4.505809098035098e-11,-4.3253603622782104e-11,-4.221571503653748e-11,-2.441324760966456e-12,-1.7356810636089244e-12,-2.136008666410438e-12,-1.9048799683403877e-12,-2.4242513242326456e-12,-1.9035573987878748e-12,-2.451591524066754e-12,-3.3218061791720673e-12,-1.7427578174183395e-12,-1.7310981324198179e-12,-1.919412274506482e-12,-1.9541449825530763e-12,-2.4412056514018334e-12,-1.9412195667027418e-12,-1.7420602875098098e-12,-4.34545665560906e-11,-3.304304999411679e-12,-1.7359484994758038e-12,-1.9018639079791607e-12,-1.7427672358445673e-12,-4.3529140361338876e-11,-4.196851374425439e-11,-1.9199796708666074e-12,-2.4237013164347356e-12,-2.8319984355750206e-12,-2.1537068234627877e-12,-1.7269593035234059e-12,-1.7446294876730957e-12,-4.258641497677413e-11,-4.3721003922919876e-11,-1.7327826404747024e-12,-4.3021257631997756e-11,-2.8182011399571967e-12,-2.829974432942194e-12,-1.5635005562145218e-12,-1.903105536034442e-12,-4.4232627377159304e-11,-1.5846181134239911e-12,-2.137123660037103e-12,-1.6021235111789744e-12,-3.339633040778146e-12,-1.5770174094703428e-12,-2.1879408883347942e-12,-2.7700885554450746e-12,-1.9295250043964e-12,-4.4135971012323126e-11,-1.3540118883325493e-12,-1.7506738614633006e-12,-4.338457133418783e-11,-1.5988209298101475e-12,-1.4546537872160658e-12,-1.9329972662953094e-12,-2.1343298679480972e-12,-2.4459386777383156e-12,-1.720385820853346e-12,-1.9108145849219416e-12
3.5324912721350193e-07,-4.219529441581443e-09,4.035052127672058e-07,-3.2334328416458255e-12,-4.680530593929053e-09,-4.5568922945910075e-09,-3.2094004018107515e-12,6.458341732157896e-11,-4.5833297657334555e-09,-5.156325867116364e-09,-3.2018745157934925e-12,-5.111624845970389e-09,-3.5285884537382794e-09,-4.18750241927256e-09,-3.706147600794882e-12,-2.5343661303175924e-12,-2.083767299667976e-12,-2.109435851854182e-12,-6.4053016337246535e-09,-3.2518718556177897e-12,-3.185383534285287e-12,-4.56875615576201e-09,-6.379356362320399e-09,-1.0598456250095e-08,6.411877041585837e-11,6.410962301211038e-11,-4.344247231843108e-12,-8.736035829303104e-09,-2.565958141628855e-12,-8.841744395192731e-09,-2.323925661975013e-12,6.488767157763204e-11,-2.8393242141823845e-12,-3.868201552149936e-09,-3.860878136923484e-09,-2.585141727055891e-12,-2.078778474828423e-12,-2.5092827254889077e-12,-2.3206027684290137e-12,-2.54665756924444e-12,-4.6876575223169586e-09,-5.080108852726102e-09,-2.538984486489187e-12,1.2646544697653647e-07,-7.368780721419871e-09,-4.590017655648843e-09,-3.853997022482271e-09,-2.1194409240370227e-12,-3.695835456675055e-12,-4.215837973754878e-09,-2.8262550264415085e-12,-4.226257402612008e-09,-5.093515678066282e-09,-3.2305137625873502e-12,-2.8336172380679554e-12,-2.8544284041180834e-12,-4.553843662353021e-09,-2.0897872685753235e-12,-5.64137979691218e-09,-2.312520148466683e-12,-5.68243577809056e-09,-5.103092433378307e-09,-5.066756535457928e-09,1.3129053955738556e-07,-4.637573284893647e-09,-5.113374528772638e-09,-3.839757440751328e-09,-5.70383571752762e-09,-7.358018455489661e-09,-3.816225109438142e-09,1.2616163221210465e-07,1.3086552331039964e-07,1.3356529274696208e-07,-6.465452454323722e-09,-4.601007336278039e-09,-5.659064073912975e-09,-5.052477424030419e-09,-6.422298915984068e-09,-5.0452399904211205e-09,-6.489986086420043e-09,-8.794030715133866e-09,-4.617177322184629e-09,-4.587838690932634e-09,-5.0861606455229395e-09,-5.172169700780722e-09,-6.463088661099955e-09,-5.138602131952876e-09,-4.615973793018915e-09,1.3033869958629138e-07,-8.751406710502068e-09,-4.600771367778862e-09,-5.044805487213266e-09,-4.617675173931828e-09,1.3014210723979216e-07,6.722953974605121e-11,-5.086554976746179e-09,-6.424025640734962e-09,-7.495832368227737e-09,-5.70462657176145e-09,-4.576964513673425e-09,-4.6209210433602925e-09,1.3259824447299428e-07,1.2964543201157216e-07,-2.301355413914488e-12,6.585779774832127e-11,-3.736203286124698e-12,-3.751843342606962e-12,-2.077869003391477e-12,-2.527539205703984e-12,6.427622357904847e-11,-2.1034960419390266e-12,-2.837075153089655e-12,-2.1257131757363612e-12,-4.427046163683284e-12,-2.0942770493113024e-12,-2.8991657023510884e-12,-3.681247756783796e-12,-2.560505776194354e-12,6.440138639003497e-11,-1.7980725848698428e-12,-2.3230721203869807e-12,6.538337299292138e-11,-2.121588058900541e-12,-1.93286401216972e-12,-2.5659187928747435e-12,-2.834541438951153e-12,-3.24330475203024e-12,-2.28478187914403e-12,-2.5371562607470443e-12
5.4311775637036004e-09,-4.86316149611563e-09,-3.2334328416458255e-12,4.016627225767034e-07,-2.7107990418009054e-12,-2.6290323632782403e-12,-7.395492285863202e-09,-2.1101085006876255e-07,-5.283051767189001e-09,-2.9849430345505645e-12,-3.6899033016336e-12,-2.9560127940659655e-12,-4.055894334375466e-09,-4.8258122145971274e-09,-8.53112972099673e-09,-5.8342535296270065e-09,-4.786937356440533e-09,-4.850908021186724e-09,-7.38981622658345e-09,-3.754277998017221e-12,-3.667725260832668e-12,-5.26070817724268e-09,-3.683266440454311e-12,-1.222706591908718e-08,-1.0627445368270367e-10,-1.0628243834435815e-10,-5.012149615334396e-12,-5.05712306385241e-12,-5.916499583635178e-09,-1.0236383348039577e-08,-5.353024617909496e-09,-2.1028725534848916e-07,-3.2720046112106734e-12,-2.23324207058039e-12,-4.44708209249336e-09,-5.964648292860658e-09,-4.768866210524859e-09,-2.883075957314125e-12,-5.349228231064395e-09,-2.9353134505073133e-12,-5.421687969529802e-09,-2.9347853117672533e-12,-2.9244397861496267e-12,-2.1395012549999093e-07,-4.255452953800447e-12,-5.287178995987733e-09,-2.224376356600784e-12,-2.4438798938311445e-12,-8.508145109287113e-09,-2.4367006699958827e-12,-3.2554833022936677e-12,-2.4420521405961646e-12,-5.874223353309561e-09,-7.4390975044971685e-09,-3.265756897387282e-12,-3.2911199996167817e-12,-5.242270513357761e-09,-2.4064379851260385e-12,-6.4979882085822405e-09,-5.327499221291809e-09,-6.55129243511373e-09,-5.886383651594841e-09,-2.9249818729215223e-12,-2.081854235708751e-07,-5.3533656508436555e-09,-2.954049763340012e-12,-2.2134650748049375e-12,-3.299684710781995e-12,-8.488736987221288e-09,-4.384463343997521e-09,-2.1431608105518785e-07,-2.0870308111531757e-07,-1.0293666467419302e-10,-3.739456235176421e-12,-2.655497903105296e-12,-6.527867558284927e-09,-2.912280550851982e-12,-7.408991292525295e-09,-2.912795178786408e-12,-3.7570040291977035e-12,-5.09005303550865e-12,-2.668012575113258e-12,-2.64914546240449e-12,-2.9377899271951072e-12,-2.9950555891868505e-12,-3.74065977053326e-12,-5.937199904635357e-09,-2.666716300139268e-12,-1.0486918945856674e-10,-1.01011772409739e-08,-5.302103556799054e-09,-2.9077412531789547e-12,-2.6678248933733364e-12,-2.0955347994641036e-07,-1.0254836984104475e-10,-2.9392712476041204e-12,-7.403353009483459e-09,-4.340472640107102e-12,-3.2982396113404488e-12,-2.6428466257992357e-12,-5.33272692672883e-09,-1.0351396094435611e-10,-2.101547466722758e-07,-5.291409237223079e-09,-2.079752915169464e-07,-8.624362176933003e-09,-8.660274697054432e-09,-4.771308115284584e-09,-5.811604557023283e-09,-2.1174458287780805e-07,-4.841953099882398e-09,-6.529952605080868e-09,-4.898202578178601e-09,-1.0220523500065415e-08,-4.816751651906875e-09,-6.698847229756781e-09,-8.454440561631023e-09,-2.95474821508979e-12,-1.0592973540177466e-10,-2.072437890745217e-12,-2.6810085689125833e-12,-1.0475950536464099e-10,-2.4487630989519855e-12,-2.2247482004682294e-12,-2.9591903651894366e-12,-3.2656718908122974e-12,-3.749183124624378e-12,-2.632258329801474e-12,-2.9240271353832064e-12
2.249470140814495e-07,-3.5299357335574417e-09,-4.680530593929053e-09,-2.7107990418009054e-12,4.051735383205014e-07,-1.9068917597032635e-12,-5.374831109160912e-09,-9.97611545966687e-13,-1.9213441283098056e-12,-2.170828063973602e-12,-5.344941077410558e-09,-2.1480602267531057e-12,-2.9376736301278152e-09,-3.5026036850257663e-09,-3.103728834592931e-12,-2.1227430191045045e-12,-3.4706727133142222e-09,-3.520007294437106e-09,-5.3677642327319006e-09,-5.44604053422147e-09,-2.659924987222446e-12,-3.81559044557744e-09,-2.6730092763544955e-12,-8.880893563415919e-09,-1.418693082836005e-12,-2.833288737009334e-09,-7.266862077374368e-09,-7.340765958140955e-09,-2.1554152659098827e-12,-3.735691272559476e-12,-1.9486529108590064e-12,-1.4454681261845162e-09,-4.739452615412099e-09,-1.6208134501672797e-12,-1.6164582619467969e-12,-4.339368374715405e-09,-1.7303784638222866e-12,-2.0872814293691627e-12,-3.8889535084193935e-09,-2.1305723892791912e-12,-1.9770692404140496e-12,-2.1308914056788445e-12,-2.1215555583537317e-12,-4.179559248399986e-09,-3.0888647749269623e-12,-3.83576649312565e-09,-1.613981976290665e-12,-1.7745767767070759e-12,-6.178641183277305e-09,-1.7700660874719988e-12,-4.713815445535724e-09,-1.7734876128108642e-12,-4.265523270340891e-09,-2.707227882368885e-12,-4.730741211371179e-09,-2.389324969336874e-12,-3.801253585915587e-09,-1.74549222182987e-12,-2.36166787543752e-12,-1.93957900229627e-12,-4.75592906581202e-09,-2.1418597147238732e-12,-2.1224864916796057e-12,5.832746734816479e-14,-1.9491525905187875e-12,-2.1448469902694863e-12,-3.2025157243528078e-09,-4.7870851243710445e-09,-3.0891667336393603e-12,-3.1743819081023637e-09,-4.454426616443812e-09,-1.3805830809139406e-13,1.0750057193297492e-12,-2.7175750300275018e-12,-1.9266904134982967e-12,-2.3753378183666293e-12,-2.110670122098066e-12,-5.381420299268068e-09,-2.1137884510764693e-12,-2.7323084004721723e-12,-3.7013785472248415e-12,-3.867382289945631e-09,-1.9227378880787856e-12,-4.2569243974270625e-09,-2.1787377409315507e-12,-5.428969005416124e-09,-2.1631960385387664e-12,-3.864977325537157e-09,-3.6807844027196017e-13,-7.3399294479155765e-09,-1.9279641200746097e-12,-4.206320498898336e-09,-3.866670041021479e-09,-8.955199672791769e-10,1.3678921528550874e-12,-4.260447889083998e-09,-2.691888126147474e-12,-3.1573223824161826e-12,-4.782863922012525e-09,-1.918320324280729e-12,-3.874605654711701e-09,1.294162420355923e-09,-6.792013843623251e-13,-1.9233501350054805e-12,1.365814448061505e-13,-6.276749285747072e-09,-6.302789854530951e-09,-3.4580434511098188e-09,-4.2163226191096446e-09,-1.2723215462825856e-12,-1.761667792319834e-12,-2.375432494435568e-12,-1.7836771147779069e-12,-7.439201803854203e-09,-1.7514166504408969e-12,-4.879099686336423e-09,-6.127847893271859e-09,-4.284690447087245e-09,-2.303197208482871e-09,-1.5042236803705028e-12,-1.948019337343432e-12,-2.8558137646123204e-13,-1.7794831714248521e-12,-1.6131006302299106e-12,-2.1488578809494277e-12,-2.3694183795307648e-12,-2.727590434731959e-12,-1.91000158031823e-12,-2.122116961456001e-12
1.2691989345126142e-07,-3.4305032133652347e-09,-4.5568922945910075e-09,-2.6290323632782403e-12,-1.9068917597032635e-12,4.054053224205602e-07,-2.6095626035551923e-12,-1.0389127665588409e-07,-3.7264204150643575e-09,-4.193033026223725e-09,-5.195897644443232e-09,-4.156287328972926e-09,-2.8680590008131006e-09,-1.7056377232920337e-12,-6.014402568574766e-09,-2.0605919934835254e-12,-1.693942324027674e-12,-1.7149040825142331e-12,-5.207925786445173e-09,-5.277683140693088e-09,-2.5896045446495603e-12,-3.7142816214927797e-09,-2.598521911300777e-12,-4.31750537964876e-12,-5.2430570594956143e-11,-5.2437909527356653e-11,-7.0501981929271315e-09,-7.103753685130694e-09,-2.086463157932664e-12,-7.19053101684909e-09,-3.771465592851869e-09,-1.0339649238493392e-07,-4.607625932905493e-09,-1.5754823568438125e-12,-3.1386460877187706e-09,-4.195943707763497e-09,-1.6897581757063725e-12,-2.039764724431528e-12,-1.8869537793189785e-12,-2.070519810744788e-12,-1.9098332783977866e-12,-2.06936398930737e-12,-4.120093695848407e-09,-5.3055393489958896e-11,-5.990922162634115e-09,-3.731700482161522e-09,-3.1330280197369e-09,-1.723134977186566e-12,-5.9977526578508025e-09,-3.4276503570291264e-09,-2.297800908097672e-12,-1.7215138114350686e-12,-4.141481296057749e-09,-5.242731444925089e-09,-2.303841212561416e-12,-2.320816468619328e-12,-1.854823895471043e-12,-1.6989079368049755e-12,-2.2978338440519634e-12,-3.753001259025414e-09,-4.620219284762125e-09,-4.149263921609868e-09,-2.0638616726723746e-12,-5.108538669714939e-11,-3.7708151332077994e-09,-4.1575114944954486e-09,-1.5637709322571605e-12,-4.637967199927696e-09,-5.98247078229682e-09,-3.101911507360496e-09,-5.317948214701786e-11,-5.125913334466677e-11,-1.0010893649502235e-07,-2.63383874455326e-12,-1.8740904732172606e-12,-4.60109708064483e-09,-4.1075083785170466e-09,-2.6161408347157927e-12,-2.0551203309700606e-12,-2.643954907037452e-12,-3.5826270868461444e-12,-3.754086067131847e-09,-1.868802954100087e-12,-4.135342323322328e-09,-4.205864211414813e-09,-5.2553486345140424e-09,-2.0935192615941986e-12,-1.8802452199269302e-12,-5.147404619260136e-11,-7.115821605988588e-09,-1.8740622514031054e-12,-2.0546726317694107e-12,-1.8809703411377747e-12,-1.0289833047167184e-07,-4.989524438125838e-11,-4.135833702129648e-09,-2.616651607846394e-12,-3.053840163793681e-12,-2.3238618925023946e-12,-3.721119472199508e-09,-3.757240000165135e-09,-5.0551404172324293e-11,-1.0330338008579197e-07,-3.734502394212119e-09,-5.1013265671569836e-11,-6.064171224381724e-09,-6.089549481003481e-09,-1.6891322392135906e-12,-2.0549171413278113e-12,-1.0439098310464989e-07,-1.710224046856898e-12,-2.30668364193582e-12,-3.449795600230543e-09,-7.185705186874982e-09,-1.7025892111426975e-12,-4.7060289109980844e-09,-2.992583802157029e-12,-4.155542863318822e-09,-5.219998232808269e-11,-2.917657248442404e-09,-3.770174952041455e-09,-1.0259034237342308e-07,-3.443042073712944e-09,-1.57123597538643e-12,-2.086244868693602e-12,-2.3045152872288795e-12,-2.6373612370871834e-12,-1.8575138031482082e-12,-2.0628500721326243e-12
2.3941163142275818e-08,-4.828036174507201e-09,-3.2094004018107515e-12,-7.395492285863202e-09,-5.374831109160912e-09,-2.6095626035551923e-12,4.017656771438603e-07,-1.9233640438127078e-07,-2.6277707203039323e-12,-2.9648569109775226e-12,-3.663134894485678e-12,-2.935524202907114e-12,-2.016272698985597e-12,-4.7908762691518094e-09,-4.243800605116574e-12,-2.9022845109339773e-12,-4.751023433417218e-09,-4.815543221990747e-09,-3.676342400416349e-12,-3.728419028030932e-12,-3.6404795295475365e-12,-2.616101961763737e-12,-7.298346547385039e-09,-6.082745261965726e-12,-9.69198541570991e-11,-9.692725428221981e-11,-9.933866387813085e-09,-1.0026001657491065e-08,-2.9441809308945745e-12,-5.096128480149191e-12,-2.663242124108668e-12,-1.9161325644082105e-07,-6.483408028089429e-09,-4.4252207981467175e-09,-2.2116747895224388e-12,-2.968525727074804e-12,-4.731742493099705e-09,-2.860383592675592e-12,-2.6617362507681662e-12,-5.816506095796778e-09,-5.386356036637366e-09,-5.815941238098952e-09,-2.902915486512647e-12,-1.952759401323203e-07,-8.432568511691571e-09,-2.629456210643821e-12,-2.208130160642905e-12,-2.426472482323897e-12,-8.447835172244715e-09,-4.8294346582714705e-09,-6.450062104755153e-09,-2.424752763629559e-12,-5.832444933757552e-09,-7.386811956700032e-09,-3.2420996796024837e-12,-6.521972226373854e-09,-5.2030692943052495e-09,-2.3886299474926553e-12,-3.2315886655200106e-12,-5.290551964586593e-09,-3.2586983749711336e-12,-5.844767180810799e-09,-5.795641320278087e-09,-1.8951164101850045e-07,-2.6635465668801236e-12,-5.854118729222453e-09,-4.384664256928346e-09,-3.277046771523138e-12,-4.223019560097588e-12,-4.3500028158238255e-09,-9.801504681128259e-11,-1.9003119550913587e-07,-9.358147247113385e-11,-3.713649914329029e-12,-5.261471836972886e-09,-6.481804498791087e-09,-5.768652938101014e-09,-3.685834542997964e-12,-5.771584296495864e-09,-3.731766248977572e-12,-5.0557141863308106e-12,-5.287539684907233e-09,-2.6299703956727284e-12,-5.821683494411118e-09,-5.938240805418251e-09,-7.415773252753336e-09,-2.9545609805158387e-12,-2.6477201566443865e-12,-9.551408906914766e-11,-1.0031129623565172e-08,-2.637136751727029e-12,-2.885641255240488e-12,-5.287010155211136e-09,-9.56283226223234e-11,-1.8601642789333182e-07,-2.9184206981965714e-12,-7.349697389629608e-09,-8.605713900491222e-09,-3.2752398548409655e-12,-2.62374450059889e-12,-5.295571217965261e-09,-1.8794500120754182e-07,-1.9148157012124702e-07,-5.252586187946808e-09,-9.483816947976279e-11,-4.292649557723026e-12,-4.310506770658256e-12,-4.7350525474532806e-09,-2.89029521568269e-12,-9.672632841214663e-11,-2.4086352769119656e-12,-3.248241527063727e-12,-2.437154345951762e-12,-1.015401108244161e-08,-2.3957132513279055e-12,-6.656380477996425e-09,-8.390430735027419e-09,-5.856399506013416e-09,-1.927658059674325e-07,-4.106710585016543e-09,-2.662346045632874e-12,-1.904314610628937e-07,-4.8538177015338185e-09,-4.4073153045505974e-09,-2.9381694872747616e-12,-3.2417895095122105e-12,-3.7243302336597965e-12,-2.6130245379660738e-12,-2.9028182426365324e-12
0.9999997345610407,-8.781257799173387e-08,6.458341732157896e-11,-2.1101085006876255e-07,-9.97611545966687e-13,-1.0389127665588409e-07,-1.9233640438127078e-07,0.9999982459138202,-1.163468801300973e-11,2.8772264036619407e-08,-5.780363073537102e-11,-3.539723921142038e-11,-9.224181298996018e-08,-4.12020716296706e-11,-2.5939708387583133e-11,-4.3993260555363987e-11,-5.865098557740495e-11,-5.201232982107332e-11,-2.9036999059779667e-07,-2.072389404688868e-08,-2.2855447499292277e-07,-1.5839820510805892e-07,-4.911387622149972e-11,3.596924641908604e-10,0.9999979019325754,0.9999979166876651,5.560497123015952e-11,1.169352406920162e-10,-7.664125706200816e-08,3.642159607328424e-11,-5.090752295533604e-11,0.9999978120755364,-4.504082446125705e-08,-1.0975109131725139e-07,-1.410328063451921e-07,-1.2971603848960064e-11,-6.482512810304004e-11,-5.4688523635670795e-08,-4.525109061217816e-11,-1.079975413806005e-07,-5.56655311078833e-12,-9.401943853246912e-08,-6.31305408978709e-11,0.9999979841875325,-1.9526560827673734e-07,-4.9384508152287996e-11,-1.206136645081688e-07,-5.285529044535538e-11,-6.216222977158069e-08,-1.0495277146365602e-07,-1.969783435246778e-11,-2.7968572375673676e-11,1.1156815521062856e-11,-7.226923561574588e-08,-9.985602119231698e-08,-5.330828364219806e-08,-6.580350856603498e-08,-7.249602559051623e-11,-7.749838903712706e-11,-9.028691216871486e-08,9.658684775118685e-09,-2.558918508765681e-08,3.92175048712444e-12,0.9999977659287846,-1.79531332494207e-11,-2.7724389961369943e-08,-5.364910470501622e-11,-4.1000363503544904e-08,-2.4402212504675544e-07,-1.153044199676686e-07,0.999997998383403,0.9999977923863554,0.9999977175079852,-1.4157897504544733e-07,-1.2483440746636865e-07,-1.0359612801980644e-10,-3.791101098885933e-08,-1.205473588637637e-10,-8.623550999566402e-12,-1.6350235348758778e-07,1.9039993388778956e-07,-3.688863338579715e-11,-2.277544119273335e-11,-2.409495144043311e-11,-1.6636236642167007e-11,-1.6957423599598415e-07,5.2964557782272156e-08,-5.327082708987942e-11,0.9999978194709549,2.789873211839216e-07,-1.7683813524109657e-11,-6.977636396560522e-11,-6.489429236701756e-11,0.9999978221533283,0.9999976849457809,1.3480271213762667e-08,-2.888440704177669e-07,3.9562698231355063e-08,-6.314870244678334e-11,-1.4930112359107033e-07,-7.012093220908499e-12,0.9999977569650732,0.9999978522152144,-4.068750757090635e-08,0.999997769435574,-7.830792592951001e-11,-8.962979180878987e-11,-4.787228567230094e-11,-3.160981573040163e-11,0.9999978782611852,-2.975156352151952e-11,-9.598767794994289e-08,-1.1849908592436108e-07,1.8227503526313187e-07,-1.470753486429938e-07,-1.7497205476145404e-09,-2.93145989741057e-07,-1.559776415421287e-08,0.9999978794634244,-1.2185727504315145e-11,-4.523412099023312e-08,0.9999978176214311,-3.6813004848087236e-11,-9.627864744654716e-08,-6.4802027590282e-08,-1.0744074756031127e-07,-2.2016931368605987e-08,-6.57141808592582e-11,6.108665153134217e-12
2.0664921937669867e-07,-3.452051506195803e-09,-4.5833297657334555e-09,-5.283051767189001e-09,-1.9213441283098056e-12,-3.7264204150643575e-09,-2.6277707203039323e-12,-1.163468801300973e-11,4.053600549598669e-07,-2.116213654437353e-12,-2.6192533810308427e-12,-4.185000045640452e-09,-2.8826800783856447e-09,-1.7162929967017214e-12,-6.053526961997339e-09,-4.139862681710002e-09,-1.7035114375628303e-12,-3.4438413845331325e-09,-2.6266179657838945e-12,-5.314524069185755e-09,-2.6046007592460727e-12,-3.73603358900053e-09,-5.2185965839874575e-09,-4.346177617502199e-12,-2.399148771896031e-08,-1.2030286716043221e-11,-3.555802461826012e-12,-3.5851743136091024e-12,-2.101622171797728e-12,-3.6322103535229357e-12,-1.9024675843953414e-12,-1.1381516152232145e-11,-2.322676711643929e-12,-1.5852661310639342e-12,-1.581946914129426e-12,-2.1180908346843967e-12,-1.6982915962591073e-12,-4.091065462001709e-09,-3.793323239503401e-09,-4.158623939031775e-09,-3.841750405817987e-09,-4.1570549230559e-09,-4.144714596114499e-09,-2.526424358923784e-08,-3.0203304898930462e-12,-1.8808238458848155e-12,-3.152057429398833e-09,-3.461663855925776e-09,-3.0245718153709982e-12,-3.4506571245923125e-09,-4.61370698275404e-09,-1.7328151102198933e-12,-4.168407304239758e-09,-2.6441669444434577e-12,-4.6269317029433845e-09,-4.661839610459629e-09,-1.8654321276889e-12,-3.4109592605519913e-09,-4.6137171918256804e-09,-1.893268848921959e-12,-2.3294738666002604e-12,-4.1766357975771694e-09,-2.076484707370154e-12,-1.0646932349168365e-11,-3.797024160801113e-09,-2.0963675335672458e-12,-1.5724213805171829e-12,-2.3400239424294126e-12,-3.0172220336251475e-12,-1.5616487137761068e-12,-1.2788783740961649e-11,-1.0826164333625968e-11,-1.934784593230156e-08,-5.293582553919663e-09,-3.763266628824332e-09,-2.3204054307244606e-12,-4.12983361311281e-09,-5.256450673502845e-09,-4.127220313881302e-09,-2.6633804844864415e-12,-7.202942037487361e-09,-3.778755469265172e-09,-3.753348078801727e-09,-4.161688623332976e-09,-2.122978483711623e-12,-5.29347257072749e-09,-4.209247946349965e-09,-1.8924503725820455e-12,-2.2037329195208387e-08,-7.1647435775456e-09,-1.8857384546977266e-12,-4.123388622574093e-09,-1.893208290622892e-12,-1.112567550848253e-11,-9.428126292807165e-12,-4.162942723359747e-09,-5.255112022203199e-09,-6.140914389676145e-09,-2.3396427195461348e-12,-1.876014684770951e-12,-3.782901081174692e-09,-2.0152525594730796e-08,-2.261578019192054e-08,-3.7569612998837375e-09,-1.0573356663048652e-11,-6.1112264528462204e-09,-6.136757523813159e-09,-1.6983277135412503e-12,-4.12621759994835e-09,-2.3726349874448895e-08,-3.4359253373917325e-09,-2.321562377306126e-12,-1.7405285987826024e-12,-7.2419033917930715e-09,-1.7131512645013226e-12,-2.3770912701466077e-12,-3.008967797028574e-12,-4.183748428962755e-09,-1.1785684567888066e-11,-2.935921210667058e-09,-1.9018322320511148e-12,-1.09684795212109e-11,-1.7369177376589919e-12,-3.1539788158439514e-09,-4.19122597602016e-09,-2.3184412296696865e-12,-2.6572636384677722e-12,-3.730154288746166e-09,-2.075649311723464e-12
2.5281481505765403e-07,-3.8880882428269195e-09,-5.156325867116364e-09,-2.9849430345505645e-12,-2.170828063973602e-12,-4.193033026223725e-09,-2.9648569109775226e-12,2.8772264036619407e-08,-2.116213654437353e-12,4.0434034217933387e-07,-5.887210659223862e-09,-2.3651693779462737e-12,-1.622122390462052e-12,-1.932925579145763e-12,-3.4181072010993156e-12,-4.665975324045988e-09,-3.8239560065434164e-09,-3.877432302550627e-09,-2.9613903283944826e-12,-3.0041163763106057e-12,-5.84892132225905e-09,-4.2035887224800505e-09,-2.9441917411774733e-12,-9.779570442917996e-09,1.3951474162736443e-11,2.7845208949215083e-08,-8.00216879198824e-09,-4.0485763956160385e-12,-4.736022221274377e-09,-4.110483738662288e-12,-2.145714552497039e-12,2.9361577284346273e-08,-5.220311581634469e-09,-3.5634493603285956e-09,-3.5542640314876203e-09,-2.39299130789232e-12,-3.806607331450569e-09,-4.591989344352467e-09,-4.281534411782324e-09,-4.683876482046775e-09,-2.175905146204882e-12,-4.6841441761960535e-09,-2.3371184579581402e-12,2.637349582346839e-08,-3.4021231773441364e-12,-4.225416858818977e-09,-1.7779164258830522e-12,-1.954415033721446e-12,-6.804313281564058e-09,-3.890604214214848e-09,-2.60153487732285e-12,-1.9530916524429647e-12,-4.697482645091261e-09,-2.981146299941898e-12,-2.6105430254626085e-12,-5.252182063252977e-09,-2.0982132926935933e-12,-3.838192521856709e-09,-2.601543773351415e-12,-2.1356475892371697e-12,-2.624241584229825e-12,-4.707831256293826e-09,-4.666402703643631e-09,1.556510034881435e-11,-2.146121926996995e-12,-4.7147823826192955e-09,-3.528766774673243e-09,-2.6405217992280018e-12,-6.7898220842540515e-09,-1.7529996871327608e-12,2.607357645101243e-08,1.535130000743606e-11,3.3293797673499545e-08,-2.992098189348311e-12,-2.1223744597615654e-12,-5.220946900537896e-09,-4.642029243481015e-09,-2.96896404091206e-12,-4.647174673960976e-09,-3.0077192079788105e-12,-4.074651250290132e-12,-2.133808535736045e-12,-2.11777786544953e-12,-4.688410854997554e-09,-2.3982139555843137e-12,-2.994280094419062e-12,-2.381271836047202e-12,-2.132604919908126e-12,1.5099207720570783e-11,-8.081804304277205e-09,-4.238669946022281e-09,-4.634919710598743e-09,-4.258422027148754e-09,1.500693255683986e-11,1.699541801977465e-11,-4.691840977891854e-09,-2.9649914139264086e-12,-3.475377591761826e-12,-5.266443520958302e-09,-4.217422532910193e-09,-2.1375111409955826e-12,3.2355284000117425e-08,1.4759355281295907e-11,-2.1186966821151543e-12,1.565068052421987e-11,-3.461042139066344e-12,-6.936831970356215e-09,-3.81042035595275e-09,-4.644499622998758e-09,2.8173234631031848e-08,-1.9401259540846512e-12,-2.616039683856919e-12,-3.919922561611643e-09,-4.101914362792687e-12,-3.85066373503135e-09,-5.368656647986255e-09,-3.3828104697926937e-12,-4.718001765379452e-09,1.4235910084989745e-11,-1.6568026767838611e-12,-4.281351523684799e-09,1.518920369590959e-11,-1.9593639257736256e-12,-3.5474206830015848e-09,-2.3664894535397014e-12,-5.2093795049616526e-09,-3.0022214213696825e-12,-4.199444271526618e-09,-2.3374027124980913e-12
1.029714661814164e-07,-4.812729182208777e-09,-3.2018745157934925e-12,-3.6899033016336e-12,-5.344941077410558e-09,-5.195897644443232e-09,-3.663134894485678e-12,-5.780363073537102e-11,-2.6192533810308427e-12,-5.887210659223862e-09,4.0182084289429285e-07,-5.833787830591844e-09,-2.0142314390342435e-12,-2.392812579534471e-12,-4.228335592762584e-12,-5.771434686761444e-09,-4.741357836510914e-09,-2.405663867613388e-12,-3.66185561432148e-12,-3.711644312949578e-12,-7.249364597959295e-09,-2.609831262011052e-12,-7.276263295896375e-09,-1.2093660904059731e-08,-5.834312584790165e-11,-1.1647124750034794e-07,-4.957186289670849e-12,-9.974280979263155e-09,-5.847086733401991e-09,-1.0102786568525309e-08,-2.652015587000338e-12,-1.1467374739016011e-07,-3.2384738575945567e-12,-2.210287097424107e-12,-2.205709221684442e-12,-2.9521097879913274e-12,-4.727408706353443e-09,-5.705938464519586e-09,-5.2872823025639856e-09,-2.9048420747265683e-12,-5.354131909186691e-09,-5.795519737014969e-09,-2.8952748588800416e-12,-5.922888290237302e-11,-8.405378142712369e-09,-5.234283455517746e-09,-4.394986330937834e-09,-2.4178369254877146e-12,-4.216738948381934e-12,-4.81031289976138e-09,-3.223012516118272e-12,-4.8217802219057414e-09,-2.9115197452669912e-12,-3.686271333131145e-12,-6.451219927970092e-09,-6.499700244330342e-09,-2.6011294461410978e-12,-4.755946232225761e-09,-6.433272377557997e-09,-2.6391484249871735e-12,-3.247754243726406e-12,-5.822636437075165e-09,-2.895195145788191e-12,-5.6432217633482836e-11,-5.292895791423852e-09,-5.833568901586851e-09,-2.1927507650147146e-12,-6.510739456338914e-09,-8.395965216455503e-09,-4.347377370690721e-09,-1.185728000624241e-07,-5.6680460323023883e-11,-1.1000662119574742e-07,-3.697155816816013e-12,-5.246971409422747e-09,-3.2350360371335146e-12,-2.8853265513550897e-12,-3.671494317020788e-12,-2.882994918699516e-12,-3.712462358079254e-12,-1.0040004408079284e-08,-5.267882919554643e-09,-5.232986787261996e-09,-5.802081854257733e-09,-5.906019848980126e-09,-7.378672814223674e-09,-2.9394105470229606e-12,-2.638280174837837e-12,-1.137401024120457e-07,-9.987823420232194e-09,-5.247459629421193e-09,-5.7501242155886985e-09,-5.268030586334314e-09,-5.7097123637291534e-11,-1.092625195884436e-07,-5.803528759249212e-09,-7.327204716414576e-09,-8.559321025711929e-09,-6.510135554543776e-09,-5.220375327205774e-09,-2.641990018432771e-12,-5.5673561226938675e-11,-1.1454297299850822e-07,-5.238330671882001e-09,-5.632996825538753e-11,-8.517354374407217e-09,-8.55293157220714e-09,-4.727175009433228e-09,-5.753291490923272e-09,-1.1608534199682554e-07,-2.399804457165376e-12,-6.460460568671595e-09,-4.842457598542142e-09,-5.0566107614072324e-12,-2.3884695343826697e-12,-3.312581008289408e-12,-4.196225555885931e-12,-5.832225251909868e-09,-1.1579444823840777e-07,-4.093626987382706e-09,-5.2915137944880795e-09,-1.1352937192281097e-07,-4.8327369209638486e-09,-4.398078436409867e-09,-2.9274727789438257e-12,-3.232717768808058e-12,-7.392519965389497e-09,-5.20074451943515e-09,-5.776183067694607e-09
1.5458334212549534e-07,-3.8523642626322265e-09,-5.111624845970389e-09,-2.9560127940659655e-12,-2.1480602267531057e-12,-4.156287328972926e-09,-2.935524202907114e-12,-3.539723921142038e-11,-4.185000045640452e-09,-2.3651693779462737e-12,-5.833787830591844e-09,4.044355753670787e-07,-3.2118220476167827e-09,-3.822750804907695e-09,-6.758140157085577e-09,-2.3155869307635264e-12,-1.8994612582632863e-12,-3.842441545619865e-09,-5.854218353856398e-09,-2.9744265566825974e-12,-2.9048973886707643e-12,-4.1668086017990545e-09,-2.9175016955157754e-12,-9.68629179138731e-09,-7.153994251546332e-08,-3.584946783592566e-11,-3.97066638996709e-12,-4.007041309700583e-12,-4.687843029479646e-09,-4.0645960033936e-12,-4.241000721295928e-09,-7.007404036814161e-08,-2.591748877949439e-12,-1.7690122650437705e-12,-3.522502649844915e-09,-2.367962410696978e-12,-3.776416940430448e-09,-2.2828884275758555e-12,-2.1234730785015995e-12,-2.3251534065112196e-12,-2.1525685318820736e-12,-2.3248557348243492e-12,-4.623453354639912e-09,-7.298784147824189e-08,-6.728115046051415e-09,-4.187863203506504e-09,-3.51675398592114e-09,-3.86426556341277e-09,-3.3767827090830268e-12,-3.853142794087027e-09,-5.146685757522127e-09,-3.86138886101792e-09,-2.331393433603131e-12,-5.893296068011042e-09,-2.5868180372054427e-12,-2.6070155496401734e-12,-4.151971569995116e-09,-1.906063250032665e-12,-2.5785496930582546e-12,-2.1146817492313212e-12,-2.6000011705397837e-12,-4.6631694605168615e-09,-4.624390528871757e-09,-6.840199434282397e-08,-2.124964414982881e-12,-2.3400938660845587e-12,-3.498999259998907e-09,-5.218021932680709e-09,-6.724774327911267e-09,-3.4718086184572563e-09,-3.671485011039221e-11,-3.447800422928169e-11,-3.3187787675889045e-11,-5.913303261582592e-09,-4.198341176996895e-09,-2.590859137021494e-12,-4.603487127986787e-09,-5.86936994392733e-09,-2.307234139819165e-12,-5.941700858402918e-09,-4.033073929435744e-12,-2.113604015589868e-12,-2.0984512460770945e-12,-2.327181617581057e-12,-2.3732499271708707e-12,-5.915711587709006e-09,-2.3569212512536443e-12,-4.216603297829185e-09,-6.930817298839838e-08,-8.002706778817918e-09,-4.200008946268141e-09,-2.3028039747408725e-12,-4.218353484006459e-09,-6.948984852507154e-08,-6.562203828928568e-08,-2.328463267829451e-12,-5.864205899814726e-09,-6.864728018643169e-09,-2.612965422261202e-12,-4.178669700044636e-09,-2.1167035634840514e-12,-3.3646872720792396e-11,-3.5056300386525425e-11,-2.0998317981700432e-12,-6.823500419850296e-08,-6.834297521432079e-09,-3.438303970291679e-12,-1.893144140244827e-12,-2.306234731946727e-12,-3.5689726967637676e-11,-1.9217769501348694e-12,-2.5915813239412214e-12,-1.944373105512925e-12,-8.099337180205194e-09,-1.9116181510383367e-12,-2.6598889040192194e-12,-6.695448979631635e-09,-2.340871244500802e-12,-3.5568504387214175e-11,-1.6415969600474572e-12,-4.239584733056791e-09,-3.46378589807843e-11,-1.9400981207439137e-12,-3.5169628613217636e-09,-2.344209749230462e-12,-2.5866341708212046e-12,-5.92965887119477e-09,-2.0850333710759497e-12,-4.623002533509007e-09
1.4614030041539426e-07,-2.6537820559695087e-09,-3.5285884537382794e-09,-4.055894334375466e-09,-2.9376736301278152e-09,-2.8680590008131006e-09,-2.016272698985597e-12,-9.224181298996018e-08,-2.8826800783856447e-09,-1.622122390462052e-12,-2.0142314390342435e-12,-3.2118220476167827e-09,4.0688678574309353e-07,-2.6337529529444396e-09,-2.3300448236804773e-12,-3.1802618528686935e-09,-1.3118698652927207e-12,-2.648626765877233e-09,-2.017108904977974e-12,-2.043092002526589e-12,-4.002075703380085e-09,-2.87560192111415e-09,-4.01329168143397e-09,-6.662735586223595e-09,-4.650188245844372e-11,-4.650868621580668e-11,-2.730508088856748e-12,-5.48528591005205e-09,-3.2161216365252055e-09,-5.543412904241212e-09,-2.914680116844407e-09,-4.6032664490314205e-11,-3.5653811707525937e-09,-2.43271821332035e-09,-1.2169273718180856e-12,-3.2387924129214898e-09,-2.614818234958229e-09,-1.582065314383882e-12,-1.4574760895534104e-12,-1.6018290915960757e-12,-2.9409376650127363e-09,-1.6004290549939973e-12,-3.1891158660529405e-09,-4.69730973082331e-11,-4.634437278731684e-09,-2.888395335455894e-09,-2.424328864945747e-09,-2.6595599469778707e-09,-2.3234937758075286e-12,-2.6495037251269713e-09,-1.7787154295221905e-12,-1.3310610281512049e-12,-1.6046540079819437e-12,-2.030606961113122e-12,-1.7826190882422436e-12,-3.5832010129960994e-09,-2.8670344526330383e-09,-1.3151739044332052e-12,-3.5503180288665234e-09,-1.4529740709457153e-12,-1.7906177317914356e-12,-3.2082791855626602e-09,-3.1878662683843357e-09,-9.07915746980944e-08,-1.459767745303145e-12,-3.215483931178801e-09,-1.2112328689958672e-12,-1.7952696759870402e-12,-2.3170609966084957e-12,-1.2051678860591257e-12,-4.7065663816065014e-11,-4.562119143616848e-11,-4.479499802596174e-11,-2.035194707308657e-12,-2.895083830675479e-09,-3.5573902387040848e-09,-3.182592356593846e-09,-2.0225817248014066e-12,-3.174220988111256e-09,-2.0415254478962057e-12,-5.5221613065327845e-09,-2.9027691608353402e-09,-1.4458990075866366e-12,-1.6026036518750166e-12,-1.6266280073921672e-12,-4.058589654045779e-09,-1.6166436957926042e-12,-2.9021526621381773e-09,-4.578444525450653e-11,-2.7550881973209134e-12,-2.8941110270686856e-09,-3.177429186645437e-09,-2.90324081246515e-09,-4.5845963707690817e-11,-4.460090408332396e-11,-3.1981748733409013e-09,-2.0245487793480195e-12,-2.3575623002304942e-12,-1.7961794824707187e-12,-2.8786426390367292e-09,-1.4548397510737771e-12,-8.999228705593981e-08,-4.5996731213207356e-11,-2.8904793468885964e-09,-4.5438287848931676e-11,-4.678927450375732e-09,-4.698571592900941e-09,-2.612041715919642e-09,-1.590525307392902e-12,-4.64072740871452e-11,-1.3223777053580995e-12,-1.7839709677005232e-12,-1.3352443038520754e-12,-5.543815260623879e-09,-1.3172271502919532e-12,-3.6283963336636826e-09,-4.627232850377408e-09,-1.60923372409416e-12,-4.633169126381553e-11,-1.1307304198686685e-12,-1.4597971875055725e-12,-9.126348087924727e-08,-1.3329032584914417e-12,-1.2167116498515856e-12,-1.6132894904608007e-12,-1.783607037106573e-12,-2.035745836583289e-12,-2.8691468398008614e-09,-3.185910990441829e-09
