0.999999999999994,9.711690061090183e-12,1.000000000009667,6.547985733972413e-11,0.999999999967923,0.9999999999691964,0.9999999999963084,-6.062003078486638e-11,-7.89010352452865e-11,-7.600673857022844e-12,-1.6056056292554388e-11,3.862093218916781e-11,-2.703769211747584e-11,5.3365951135134423e-11,-1.2418904570671597e-11,-1.5140562842974622e-11,0.999999999982572,-6.928779005152057e-11,-4.26336980664524e-11,1.4090920403543278e-11,-1.2065375134882165e-11,0.9999999999948433,3.473420185260727e-11,7.677684459299593e-11,1.5392022430111205e-11,0.9999999999920647,-4.192349193081487e-11,3.8954398733650445e-11,6.412225503020916e-11,2.4202319033677273e-12,1.0000000000184321,2.0392781494389237e-11,0.9999999999957402,0.9999999999953947,-2.982735339669436e-11,-5.7414802218483356e-11,1.3405485596079594e-11,4.070794681033766e-12,1.1051943497996632e-11,-3.6114839611105306e-12,2.505803300715443e-12,1.5548180886086653e-12,1.895102270975427e-13,-5.83489437610572e-11,5.749964259470248e-12,-1.3321073740758077e-11,-1.3349393695580833e-11,1.000000000005616,-9.976269653122592e-12,3.5231113263784796e-11,7.511821287537836e-13,8.231013565806384e-11,-2.2688410381946413e-11,-2.723695509062039e-11,-7.751255860833074e-12,1.0035483713505815e-10,1.3383048765577663e-11,-4.9256378209382935e-12,9.336927903884386e-11,-2.131434907030652e-12,0.9999999999946407,-4.198302421849827e-11,-3.580285517030433e-11,-3.668405644320302e-11,-2.9040728612749106e-12,2.4196830679656097e-11,-1.748657972755797e-11,-2.853901290720439e-11,-3.7112192560338144e-11,2.4072428241946394e-11,-3.864155721282632e-11,3.578843669386425e-12,-1.706028034895688e-11,-7.729121577932641e-12,0.9999999999851332,0.999999999968132,4.415735575424617e-12,1.729639604871279e-12,0.9999999999759535,-2.810021457654489e-12,-7.808053588863991e-12,1.3055128391235104e-11,6.0816537267048424e-12,-6.809968150281558e-12,1.7558184229392597e-11,7.152508960878977e-12,-3.004329636493117e-11,4.5133076882174535e-11,6.455835879417257e-12,1.000000000012039,2.5485339433787913e-11,-2.7734301456607982e-12,7.922825942210737e-12,1.3060425577864416e-11,1.249923289030499e-11,1.696493300939597e-12,0.999999999987782,5.965586443976262e-12,1.0000000000138078,-6.194570466461106e-11,1.7890365796453954e-11,8.922772165565551e-12,6.580222357421798e-12,-2.7546276451684584e-11,1.0601995881498773e-10,-3.987545827214343e-12,2.316460477979741e-12,4.501475088105052e-12,3.351887886653522e-12,2.0231020026944014e-11,-8.205117031414213e-13,-1.9143002945719907e-11,0.9999999999666951,3.084345722123381e-12,-1.8582400918112837e-11,-3.060242468326909e-11,-5.484193965053272e-12,1.6633266099308794e-11,0.999999999979028,-1.9795913403090678e-11,-2.1225283710762014e-12,-5.785079868484654e-12,4.0863177572801436e-11,2.7667210718417392e-11,1.298162422305098e-11,5.9606186007563045e-12,-8.020785629578394e-11,1.5185517465372857e-12,3.969714054509031e-12
9.711690061090183e-12,1.0079175979113139e-12,1.0335009177746337e-11,1.3070901501303763e-15,1.033497130991363e-11,1.0335427975350479e-11,1.0334960128940945e-11,1.0097272866754116e-15,1.2418881032837368e-15,9.287395094183704e-16,1.5886384383883613e-15,1.0144196444020634e-15,9.525160501311066e-16,1.2306993546286924e-15,8.670438145603859e-16,1.12149726392939e-15,1.0334860878214521e-11,1.0363569557363386e-15,1.26014786037654e-15,1.4993792789940657e-15,8.625264300070839e-16,1.0335271063518201e-11,1.1962649154001599e-15,1.4100185976213858e-15,1.1573084977776462e-15,1.0335064907670402e-11,9.204225163389366e-16,1.302768064258961e-15,1.1704421722573844e-15,8.594831888341294e-16,1.033457569196393e-11,1.2121125468195239e-15,5.1776179337358404e-15,1.0335686375615248e-11,7.725118024357321e-16,1.3042143991980142e-15,1.254702884016506e-15,7.372608957349333e-16,4.985677005675161e-16,1.2369367646187835e-15,4.50802311958045e-16,8.611900928644071e-16,1.3122151070191792e-15,1.2259355229626846e-15,9.17900760535801e-16,9.770454290348543e-16,1.917674144449888e-15,5.177492331099351e-15,1.121664643483486e-15,1.0426712032358763e-15,1.2510193722660464e-15,1.4063859922391262e-15,9.111829732106895e-16,1.191150900996969e-15,8.825749173297145e-16,1.1800382857173622e-15,9.427988499565664e-16,9.046388838733384e-16,1.1854647795760806e-15,1.136087426421452e-15,1.0334828907684106e-11,4.518254328173514e-19,4.477698336766156e-19,7.170856160990408e-19,4.555483131713905e-19,4.733197344684234e-19,6.169920003117203e-19,4.818798475390458e-19,4.385242532856306e-19,7.644947595989515e-19,5.382118874760017e-19,3.5789223280425415e-19,2.922186055615052e-19,4.973828726504846e-19,5.1767796679941316e-15,5.17739070827896e-15,4.431561884773374e-19,1.0561521296113965e-18,5.177555579771474e-15,8.16889424105959e-19,4.936166747866066e-19,5.152180301745456e-19,5.829841037025431e-19,3.2254019750125453e-19,3.5067130988368506e-19,3.8963277202611816e-19,3.6796163317781054e-19,3.9108892718618195e-19,5.876087021185459e-19,5.177279054838724e-15,7.904778248229257e-19,7.557431700368834e-19,5.246205141132606e-19,2.9018717931422728e-19,7.76758307705484e-19,1.171140705994503e-18,5.177546322571287e-15,4.2354975695424056e-19,5.177767619653374e-15,8.10867332397466e-19,2.943477262170505e-19,1.0039023052190264e-19,2.4135941770558437e-19,5.493218807955722e-19,7.460988673889359e-19,3.111351207602216e-19,2.4255415860383668e-19,6.822057950926189e-19,2.919579345730166e-19,1.9534967661878573e-19,1.3687011968110507e-19,6.22894657097824e-19,5.176615965789112e-15,3.7984196207561054e-19,9.798616640613487e-20,4.696464822903826e-19,3.9635594498688154e-19,5.2838770129609395e-20,5.177375717892701e-15,6.079431500541902e-19,3.2876424201885407e-19,4.440522304650027e-19,4.163402318553442e-19,-3.743612437035437e-19,6.813421660808915e-19,6.071016403104322e-19,5.775145732145994e-19,4.015915889556783e-19,5.423936044403706e-19
1.000000000009667,1.0335009177746337e-11,1.0000000000275389,6.613772227022241e-11,0.9999999999848013,0.999999999986078,1.0000000000131866,-3.004393794565473e-14,-7.825860438920306e-11,-3.5082861660175276e-15,-7.71742322272507e-15,3.924425031750358e-11,-2.64127264971173e-11,5.400929969554429e-11,-1.1807969662092864e-11,-1.4509321434775149e-11,0.9999999999994504,-3.4398857629591777e-14,-4.1982134782046e-11,7.381436074036984e-15,-5.7424358134226965e-15,1.0000000000117275,3.537264141953086e-11,7.74242899363915e-11,8.022158415762958e-15,1.000000000008945,-2.069350674846936e-14,3.959442637513195e-11,6.476407190053511e-11,1.517071693619215e-15,1.0000000000352904,1.0535084632566917e-14,1.0000000000126152,1.0000000000122842,-2.9215297487288166e-11,-2.845209477402162e-14,7.030550338837604e-15,2.344091267555515e-15,5.8399028146482426e-15,-1.4984302012214962e-15,1.5572723120747288e-15,2.1658705930569754e-12,8.296998474851968e-13,-2.8908829916234725e-14,3.1890661495712666e-15,-6.363514105015516e-15,-1.2669662842023833e-11,1.0000000000224856,-9.329276353307799e-12,3.585656706231079e-11,1.3835930807764152e-12,4.154964772366891e-14,-2.2085876151839382e-11,-1.332452210925597e-14,-3.578061634700894e-15,5.05892083932372e-14,1.3987819855993969e-11,-2.159151990642146e-15,9.400276969305679e-11,-1.4969209391177492e-12,1.0000000000115075,-4.135806301224371e-11,-3.518968767043096e-11,-3.606121835514526e-11,-2.291025586009815e-12,2.4817503141934236e-11,-1.6877931010927465e-11,-2.7924305703801082e-11,-3.646860157494232e-11,2.4695709611225055e-11,-3.80252192169149e-11,4.1896040854246355e-12,-1.6431438912906294e-11,-7.099125173275804e-12,1.000000000001969,0.9999999999850004,5.025071192040434e-12,2.351115719671544e-12,0.9999999999928322,-2.190155042565623e-12,-7.2038803383284816e-12,1.3675475984933046e-11,6.712089062491959e-12,-6.195971585300503e-12,1.816317162436442e-11,7.780343376394756e-12,-2.9424926698922175e-11,4.575315552641998e-11,7.072315552466014e-12,1.000000000028926,2.610155238874746e-11,-2.169086199717077e-12,8.559475534627188e-12,1.3680343987885544e-11,1.3119667220283486e-11,2.3275905224633506e-12,1.0000000000046594,6.5866993238032686e-12,1.0000000000306866,-6.129863518653763e-11,9.288130029008884e-15,4.779992803100824e-15,3.603165953434603e-15,-1.3489735311301379e-14,5.3439880838140365e-14,-1.695238794899057e-15,1.4697060048063168e-15,2.5553333755690435e-15,1.986742423558007e-15,1.0439332934188283e-14,-1.1714558270111412e-16,-9.273530337941354e-15,0.999999999983524,1.8569940380075857e-15,-9.000884067202413e-15,-1.5020048395517676e-14,-2.4359445359172514e-15,8.640059543876611e-15,0.99999999999587,-9.607599732632769e-15,-7.543497559972155e-16,-2.5905679332490268e-15,2.079011092920088e-14,1.4164243328146287e-14,6.8114824902839966e-15,3.2914320544866704e-15,-3.9866204139792224e-14,1.0615321454871781e-15,2.294657462468264e-15
6.547985733972413e-11,1.3070901501303763e-15,6.613772227022241e-11,1.0062683661418335e-12,6.613811224214804e-11,3.3132934186437463e-14,6.613744402789473e-11,1.1524982302094658e-18,9.09434998933082e-19,8.2161749761597e-19,9.442474871570449e-19,1.52769258156348e-15,1.558498267635939e-15,7.670189030450625e-19,1.3554097719655723e-15,1.466915371338108e-15,6.613777066724614e-11,5.885672170015422e-19,2.1506730084762676e-15,1.7011319332109336e-15,5.689191491038202e-19,3.313346007299777e-14,1.822416392152347e-15,1.7528396889641643e-15,1.464232709066844e-15,6.613800381125336e-11,5.495077266807011e-19,1.993034227466201e-15,1.010308980870918e-18,1.1188721667731855e-15,6.613714972176318e-11,1.619211618548529e-15,3.3133584695669546e-14,6.613848614065582e-11,1.5192627322001546e-15,1.6616519068119044e-15,1.0713600722311053e-18,6.42403475117529e-19,1.2350293614999494e-15,1.4053888552221734e-15,5.657768992169585e-19,1.1648248204795022e-15,1.8271482337958666e-15,1.6599556572263028e-15,1.270071813899033e-15,5.172441784575299e-19,2.5545751602437666e-15,6.613737352486729e-11,2.254846434565746e-15,9.060412175026165e-19,1.5736234906928965e-15,1.5868688874488231e-15,7.250236685258045e-19,1.7481806009104765e-15,6.3538722293723385e-19,1.7328822931899303e-15,5.781778113569909e-19,7.395497738043968e-19,9.069405230542173e-19,1.0199025214360454e-18,6.6137534364719e-11,1.5328616962925118e-15,7.54804193222843e-19,1.5959343981275608e-15,4.423742634201354e-19,-3.906176599266593e-19,1.3071684555891852e-15,8.480628245146913e-19,1.037522544956443e-18,1.308623972002008e-15,7.480584753215652e-19,4.420108414389283e-19,1.6733113479531275e-15,1.1336369416474804e-18,6.613595009192614e-11,6.613767828980766e-11,6.474024322843582e-19,6.731427563667249e-19,3.313386525078031e-14,1.4693028568388475e-15,5.826396422270141e-19,1.5502976062839922e-15,1.1573909351247234e-18,8.091950300747921e-19,1.329170054172044e-15,1.2954478545714187e-15,1.1576854284070054e-18,8.29245181260146e-19,8.46000257191796e-19,6.613783512862317e-11,1.445284908729339e-15,1.0819892721125715e-15,1.7755511638962639e-15,1.6042382343294015e-15,1.4233000374500265e-15,1.4283922496039775e-18,3.3133206144992026e-14,8.548755874161242e-19,3.3133430591419725e-14,1.9401288763692184e-15,2.217418414624639e-15,1.3093958968782602e-15,1.3674099768203175e-15,1.5823369361645908e-15,1.832167117701435e-15,1.1756721082985894e-15,1.5389510751609338e-15,1.1490909746007351e-15,1.3433520913651923e-15,1.3113224578836902e-15,7.902811506904871e-16,1.6341794846373632e-15,6.613620350329086e-11,1.4662406256208288e-15,1.3278851106782199e-15,5.947925093277231e-19,8.403235034220523e-19,8.99088626621635e-19,3.3132791756452047e-14,5.046611485116731e-19,7.971911217208669e-19,8.028203126332262e-19,9.959261745814425e-19,6.2078899974381355e-19,1.4824460781985203e-19,4.983540236099959e-19,6.086131428143556e-19,5.3165416258203975e-19,7.485103870330158e-19
0.999999999967923,1.033497130991363e-11,0.9999999999848013,6.613811224214804e-11,0.9999999999440711,0.9999999999443426,0.9999999999714497,-5.99693066588628e-11,-3.920589378651149e-14,-7.002249690184724e-12,-7.71646304580464e-15,3.924429855778494e-11,-2.6412326963093148e-11,5.4009345791658866e-11,-1.180770096819944e-11,-1.4509082425677478e-11,0.9999999999577159,-6.866270967364138e-11,-2.103148089210654e-14,1.4734275208332982e-11,-5.7422587794996916e-15,0.9999999999699928,3.537289034171561e-11,3.8788217217085386e-14,8.022236996784505e-15,0.9999999999672093,-4.130603261880702e-11,3.959461839013943e-11,6.476439108049222e-11,1.5171801972084977e-15,0.9999999999935546,2.103003451570792e-11,0.9999999999708777,0.999999999970549,-1.4635993944359406e-14,-5.679327256428146e-11,1.4034038751560052e-11,2.344480544008964e-15,1.1657716248816813e-11,-1.4980197060137692e-15,3.109095267037875e-12,1.08491717452713e-15,8.300200999711641e-13,-2.890806375524575e-14,6.366045207516144e-12,-6.363432827206846e-15,-1.266923748886654e-11,0.9999999999807495,-9.328828440437893e-12,3.585683886352512e-11,1.3837053264622117e-12,8.293862298561196e-11,-2.2085682662473924e-11,-2.6596076488153967e-11,-7.1422389458858596e-12,1.0098253466899067e-10,7.0074327622627495e-15,-4.309596589684854e-12,9.400272777474953e-11,-1.4964588783308463e-12,0.9999999999697705,-4.1357783235901215e-11,-3.5189517156759155e-11,-3.606103730639955e-11,-1.1477129660933751e-15,2.481786247152433e-11,-1.6877713879180177e-11,-2.7923822457296738e-11,-1.8269697584756104e-14,2.4695890223410334e-11,-1.9049684575047255e-14,2.09895083306098e-15,-8.231554384978056e-15,-3.556820030630214e-15,0.9999999999602338,0.9999999999432638,2.5174597428395795e-15,2.351567367394474e-12,0.9999999999510975,-1.0974423177784305e-15,-3.6091060770035686e-15,6.851113050002749e-15,6.712350573736432e-12,-6.19577391861276e-12,9.099592508818245e-15,7.780738105250837e-12,-1.47410920647672e-14,4.575340380492214e-11,7.0723806141469434e-12,0.9999999999871876,2.610181591824596e-11,-1.0867519385011789e-15,8.559555340025012e-12,6.853549424558886e-15,6.572550218581817e-15,2.3282080031837446e-12,0.9999999999629242,3.3000232601743104e-15,0.9999999999889506,-6.129837226246855e-11,9.288591879664837e-15,4.780144595365147e-15,3.603306002056288e-15,-1.3489688729347194e-14,5.3439747373346995e-14,-3.3834542784951924e-12,2.934474257573143e-12,2.5557265273254445e-15,1.9866401997678617e-15,2.08387842675874e-11,-1.1684033795811466e-16,-1.8510985048435337e-11,0.9999999999417887,1.857252562483521e-15,-1.796598006708676e-11,-2.99809333842001e-11,-4.861757480468144e-12,1.724734263660358e-11,0.9999999999541347,-1.917701257913219e-11,-1.5060277688172794e-12,-5.170822895046181e-12,4.149977362694426e-11,1.41641299873278e-14,6.8118415366569065e-15,3.2916103056134602e-15,-3.9865784966985666e-14,1.0623034098230493e-15,2.2947305472001035e-15
0.9999999999691964,1.0335427975350479e-11,0.999999999986078,3.3132934186437463e-14,0.9999999999443426,0.9999999999466166,0.9999999999727268,-3.004356852438462e-14,-7.825820972694585e-11,-3.5081661012096467e-15,-1.540330797170024e-11,1.9660433815951855e-14,-1.3231755768644534e-14,5.400966574237861e-11,-1.1807713603262328e-11,-1.450906684862125e-11,0.9999999999589917,-6.86626465566002e-11,-2.1031720796622182e-14,1.4734408278489393e-11,-5.742219117723024e-15,0.99999999997127,1.7721089823332305e-14,3.8787918828239605e-14,1.6013825826683056e-11,0.9999999999684847,-2.0693823633090327e-14,1.983540793706279e-14,6.476442883360754e-11,1.5172632169875506e-15,0.9999999999948309,2.1029857767130204e-11,0.9999999999721557,0.999999999971825,-1.4636065435602842e-14,-2.845172661264014e-14,7.030895599413963e-15,2.344253674354688e-15,5.839965496707011e-15,-1.4979847789919189e-15,1.557684440349955e-15,1.085013108368129e-15,8.301028872377585e-13,-5.7704665067886373e-11,3.189270269034121e-15,-6.36335329961112e-15,-6.347117293360542e-15,0.9999999999820246,-9.328984046917395e-12,1.796327823804587e-14,1.3839936315919658e-12,8.293902206150375e-11,-1.1064271483588489e-14,-2.6596132019885293e-11,-7.1421588745122e-12,5.058971058760363e-14,1.3988104923496986e-11,-2.159122864857729e-15,9.400300751072232e-11,-1.496605256740436e-12,0.9999999999710462,-4.135769651846488e-11,-3.518942917241247e-11,-1.8065866325995856e-14,-2.290889821020676e-12,1.2433087864156123e-14,-1.6877704163852023e-11,-1.3989129787258784e-14,-3.646829422235498e-11,1.2371741980411335e-14,-3.802495247210518e-11,2.0989825689711364e-15,-1.6431107077331817e-11,-7.098858322206042e-12,0.99999999996151,0.9999999999445426,2.517243217947783e-15,2.351503551071038e-12,0.9999999999523741,-2.1897767478850245e-12,-7.20366560276304e-12,6.851298265593026e-15,3.363028855042572e-15,-6.1957974267284505e-12,1.8163416869345132e-11,3.8976974200578084e-15,-2.9424633785587496e-11,4.57534574460059e-11,3.543054769005761e-15,0.9999999999884654,1.3076256644329393e-14,-1.0866775870869027e-15,8.559864391415306e-12,6.853530396799643e-15,1.312000475896903e-11,1.1661228792076032e-15,0.9999999999642001,6.587075608845607e-12,0.9999999999902272,-6.129825150690652e-11,1.854053177952158e-11,4.779926527024563e-15,3.603558330334893e-15,-1.348924163909801e-14,1.0667243486117286e-10,-3.3837110304330952e-12,2.9343484052877987e-12,2.5557793198904643e-15,3.96591686467947e-12,1.0439169805661467e-14,-1.1696165619542614e-16,-1.8510802490497886e-11,0.999999999943065,3.7083552112372525e-12,-9.000277002084295e-15,-2.9981225486827836e-11,-2.4355475525487894e-15,8.640315180718618e-15,0.9999999999554119,-9.607169244611346e-15,-7.545196108772431e-16,-5.170705186799276e-12,2.07904675821716e-14,2.8273529330058633e-11,1.3597035404105312e-11,3.2916101912930347e-15,-3.9865956913064215e-14,1.0622371801223912e-15,2.2947065064468238e-15
0.9999999999963084,1.0334960128940945e-11,1.0000000000131866,6.613744402789473e-11,0.9999999999714497,0.9999999999727268,1.000000000000837,-3.0043550745216376e-14,-7.825868099930301e-11,-3.5081379545389607e-15,-1.5403891058924728e-11,3.92440587560022e-11,-2.6412775608252922e-11,5.400911900584183e-11,-5.915969248578523e-15,-7.268842060099488e-15,0.9999999999860999,-6.866307211736006e-11,-4.1982439134312934e-11,1.4733925165774596e-11,-1.146226088925272e-11,0.9999999999983772,3.5372536976901305e-11,3.878734426487233e-14,1.601340734987185e-11,0.9999999999955941,-4.130655775388301e-11,1.983566983503562e-14,3.24451066886838e-14,1.5172415010982639e-15,1.000000000021938,2.1029453590801417e-11,0.999999999999264,0.9999999999989346,-2.921545557231516e-11,-5.6793499771679335e-11,7.030646529993122e-15,4.6790694394493075e-12,5.839903595462682e-15,-2.990404125592061e-12,1.5574958425518395e-15,2.165689581081441e-12,4.1574809258697226e-16,-5.770514443450297e-11,3.189059334008772e-15,-6.363510910557933e-15,-1.2669800869074594e-11,1.0000000000091347,-4.674336205933765e-15,3.585643220232648e-11,1.3834927534513638e-12,8.293853138341539e-11,-1.1064552987651297e-14,-1.3324211118185976e-14,-7.142477971605756e-12,5.0589539236891254e-14,7.007492659984697e-15,-4.3099700344886515e-12,4.7092918392585127e-14,-1.4970584661674959e-12,0.9999999999981549,-2.0719109872540773e-14,-1.762919023640939e-14,-3.60613911822707e-11,-1.1480554418782821e-15,2.481752109811343e-11,-8.455727513390024e-15,-1.3989574687766933e-14,-1.8269992243350096e-14,1.2371676694913256e-14,-1.9050283140211416e-14,2.098841818375216e-15,-1.643143151553942e-11,-7.099330521564959e-12,0.9999999999886177,0.99999999997165,2.517321688936453e-15,1.1775199924680121e-15,0.9999999999794832,-1.0973632831922581e-15,-7.20400224677316e-12,1.3675455657850145e-11,3.36287097232854e-15,-3.104254374476483e-15,1.8163100202493602e-11,7.780292290935133e-12,-1.4741291367672736e-14,2.292074989578109e-14,3.5431886038218754e-15,1.0000000000155738,2.6101433036831395e-11,-2.169118230143109e-12,4.287846212044324e-15,6.853571777867477e-15,6.5724338473364674e-15,2.3274955414392604e-12,0.9999999999913075,6.586602970817596e-12,1.0000000000173357,-3.070952457436283e-14,1.8539995100590127e-11,9.54104904307989e-12,3.603331776646727e-15,-2.692659165157736e-11,1.0667170988166907e-10,-1.6952958307589005e-15,1.4698274677524869e-15,2.555482379696463e-15,3.965596360815881e-12,2.08383352859509e-11,-2.3331124921081876e-13,-9.273376079883421e-15,0.9999999999701735,1.857181531313907e-15,-1.7966546314352476e-11,-2.998153331252903e-11,-2.4358992954307194e-15,1.7246886140492854e-11,0.9999999999825185,-9.607478076382985e-15,-7.544945411143021e-16,-5.171114173452737e-12,2.07898441068597e-14,2.8273258810504054e-11,1.3596621323064611e-11,3.2913408272208338e-15,-3.986575552903208e-14,1.0621388198581095e-15,2.2946817080622004e-15
-6.062003078486638e-11,1.0097272866754116e-15,-3.004393794565473e-14,1.1524982302094658e-18,-5.99693066588628e-11,-3.004356852438462e-14,-3.0043550745216376e-14,1.006223407075574e-12,2.0594688853308338e-15,9.99318083263052e-16,2.0078567691917328e-15,6.95025075188726e-19,1.5615480552662519e-15,8.684994883720983e-19,6.364731933627911e-19,8.990267068202214e-19,-5.996948761784427e-11,8.725732174421825e-19,1.4754827602549777e-18,1.4957679657759885e-15,1.2437652982347452e-15,-5.996885947269504e-11,7.780881517780658e-19,1.0714306198482526e-18,9.904563448339048e-19,-5.996903399041427e-11,1.7925736319040247e-15,1.693527374787903e-15,1.9835475932538194e-15,1.1765382104462765e-15,-5.997033652583212e-11,1.7379750768093753e-15,-5.996922390639011e-11,-3.004297540720596e-14,7.683213538775149e-19,1.4046453351562715e-15,1.6419728877061063e-15,1.6086810107085584e-15,4.791561909720475e-19,9.833801347170665e-16,6.086403757765864e-19,1.0381317786095205e-15,1.7417407111290067e-15,8.82956044504521e-19,2.1277487963848698e-19,1.4470796688558327e-15,2.184018229747165e-15,-5.996989876622617e-11,2.3933996564189685e-15,1.110437463632532e-18,1.5493532919909205e-15,3.803646860785454e-19,1.1673681425035588e-15,3.251638438185247e-19,6.680509411498208e-19,1.0419906957041874e-18,1.274638202989404e-15,1.1743653146289007e-15,1.5731038237671236e-15,1.9178198797775756e-15,-5.996990142478744e-11,5.990191346851148e-19,1.4849590025675943e-15,1.4075210719902293e-15,4.1589249021893183e-19,6.44747366351866e-19,5.337923405568478e-19,8.391979738488535e-19,2.149265041813628e-15,1.3062220805454028e-15,1.043124073710296e-18,1.857353251527165e-19,1.8804771451305193e-15,8.600074313703146e-19,-5.997148488086044e-11,-3.004310626171797e-14,1.5427443734713896e-15,9.089254480379331e-19,-3.004323711471255e-14,1.3184455766079819e-15,9.96776981898296e-16,5.748354116217433e-19,7.116009198651085e-19,5.599504907658172e-19,4.7507583690825085e-19,6.9021936823013435e-19,9.719187345890867e-19,1.6023886275220465e-15,4.361152334666461e-19,-5.996963223919346e-11,8.597231297462919e-19,9.50145090896594e-16,8.862516269107713e-19,1.9446484135506945e-15,1.2702479863067554e-15,2.023306127667349e-15,-5.996968458748462e-11,7.434989670563583e-19,-3.004335235888938e-14,1.6612122368655076e-15,2.372943925215571e-15,5.332439719165434e-19,6.886023327355611e-19,9.101225816926418e-19,1.278257473938186e-18,7.688688550110994e-19,1.7092335068882472e-15,4.701495820039025e-19,1.500553443482773e-15,7.209542532341509e-19,9.141251576409338e-16,4.190494329127161e-19,-5.997132337738616e-11,1.0009347351602435e-18,7.971762998840367e-19,7.75454809324536e-19,1.7692412824860591e-15,3.66119916024465e-19,-5.997068771649893e-11,2.9163431236217786e-19,8.628544560550709e-19,1.3433802112810668e-15,1.838755080066905e-15,7.585540382095414e-19,7.244480488802075e-19,1.1757557305524687e-15,2.149304701675207e-15,3.9330438808468917e-19,8.042245977152966e-19
-7.89010352452865e-11,1.2418881032837368e-15,-7.825860438920306e-11,9.09434998933082e-19,-3.920589378651149e-14,-7.825820972694585e-11,-7.825868099930301e-11,2.0594688853308338e-15,1.0054451128000785e-12,1.173418186215141e-15,1.9624440041718693e-15,2.0377489181460047e-19,1.5147021335167941e-15,9.429387560088259e-19,6.956441301295042e-19,1.3397931664685776e-15,-7.825817436532591e-11,5.321522059814859e-19,8.583428323561231e-19,1.0868542357288743e-18,1.2374870227408682e-18,-7.825769106042591e-11,1.632457592628153e-15,6.319968152187094e-19,1.301006768165371e-18,-7.825805863826602e-11,1.4855939626822176e-15,7.852231267627058e-19,1.819303585543457e-15,1.080143598691708e-15,-7.825891017058055e-11,1.4927145907803285e-15,-3.9205659259196756e-14,-7.825767663121835e-11,5.080098405379048e-19,1.5047377560518301e-15,1.590863920544222e-15,9.90482605455746e-19,1.0070535137592754e-15,1.2179876387293314e-18,3.974344814554062e-19,9.189269343285649e-16,8.286742675256027e-19,1.6117259677039651e-15,1.1516678831330339e-15,1.538020035893914e-15,1.1515984665470692e-18,-3.9205818775047136e-14,1.8919892087280264e-15,5.674935507801396e-19,1.4815074774337997e-15,1.5386055193776528e-15,1.173456353319942e-15,1.53285584413345e-15,7.104400080531027e-19,7.724077608602556e-19,3.8196422862739255e-19,1.0487094196916478e-15,5.469587736818256e-19,1.6535695559893174e-15,-7.825895828952087e-11,1.5727278550709579e-15,1.2998845645043795e-15,7.250604135812255e-19,9.23464184124472e-19,6.720678156364214e-19,6.146652504022213e-19,9.285977439327648e-19,8.443207690212327e-19,6.773938855279685e-19,6.476321181881242e-19,2.709170761478888e-19,1.728284486592001e-15,5.757554535117423e-19,-3.9206389879700616e-14,-3.920567987086635e-14,1.0368891181116078e-18,8.184336996360765e-19,-7.825787587478437e-11,4.161608472814553e-19,2.9756863823671054e-20,1.1787602780276378e-18,1.646908350250407e-15,1.0985609863802428e-15,1.149390582431208e-15,7.79633656458224e-19,2.5206060734447683e-19,1.4416941472957819e-15,1.368672409849755e-15,-7.825854219463902e-11,1.272625693284022e-15,8.5634172240246395e-19,9.230475774952293e-19,1.4482236245810356e-15,5.525457981466959e-19,1.7533362701682998e-15,-7.825855647620394e-11,1.4674210238167154e-15,-3.9205744328430475e-14,1.667684648738723e-15,4.619131975448804e-19,8.360327713986444e-19,5.768190272154968e-19,4.77106995551276e-19,1.4144568620052784e-15,1.2879449673464866e-15,4.0506133209524444e-19,1.0923382030303323e-15,8.600512645069275e-19,1.0757679549684265e-15,8.409000700667155e-16,7.91830275250607e-19,-3.920616893652489e-14,7.116475688774424e-19,6.147243626104934e-19,1.5047672910495854e-15,5.161750276679947e-19,1.1339211444158859e-15,-3.920614853679599e-14,5.759552131625745e-19,1.4509285578687644e-15,1.1615560095478563e-15,1.0437168759501498e-18,1.2430787136621303e-15,6.343350974271779e-19,5.663204684668335e-19,9.650795247354707e-19,9.067598371339175e-16,1.190998954100756e-15
-7.600673857022844e-12,9.287395094183704e-16,-3.5082861660175276e-15,8.2161749761597e-19,-7.002249690184724e-12,-3.5081661012096467e-15,-3.5081379545389607e-15,9.99318083263052e-16,1.173418186215141e-15,1.007675761197097e-12,1.2883715814540895e-15,7.54694140232519e-16,5.391219064681994e-19,8.469639298513855e-16,7.581970436778937e-16,4.569369077873878e-19,-3.5079028726814794e-15,9.91684076574177e-16,4.720313722375841e-19,1.213456858486728e-15,8.118362714200155e-16,-3.507833629276582e-15,5.243932242512491e-19,1.0613248740426153e-15,9.4621045557074e-16,-7.002139647962459e-12,5.227342827370722e-19,1.0718409606829292e-15,1.0877105196715751e-15,7.734126611782146e-16,-7.002673474889408e-12,6.673305703898418e-19,-3.5080296947481877e-15,-3.507843253220808e-15,7.226407996998485e-16,9.949606105671616e-16,6.651502639219426e-19,5.791660991093389e-19,-3.0841153706936135e-20,2.9414940303182917e-19,-3.044096814148296e-20,7.097676559069835e-16,4.334915371610658e-19,5.894219769604332e-19,7.728934177243923e-16,1.338587756109019e-19,1.6165754538241038e-15,-3.508208893517838e-15,1.0490862470712473e-15,5.00734029006537e-19,9.888750738455249e-16,1.9428573871709032e-19,3.524479805252569e-19,1.0219845893423999e-15,7.992509775135609e-16,1.0979779838484586e-15,8.30252277049375e-16,7.348439221941042e-16,2.5512153075004277e-19,1.037807289303586e-15,-7.0025910566380095e-12,5.181263428223916e-19,7.593364520682157e-16,7.993255138233307e-16,7.487446575975238e-16,1.0320319210316176e-15,4.381312829573074e-19,9.985051509007374e-16,8.76220868011661e-19,7.772093398115847e-16,3.5873127844035374e-19,7.960877357898686e-16,9.835802602699867e-16,3.846806991561716e-19,-3.508861960736864e-15,-3.5082759966447906e-15,7.035400275253861e-16,9.2662991686769e-16,-3.5079753742138468e-15,5.110125713470055e-19,6.523715550740742e-16,8.772677181426182e-16,3.7732076342391365e-19,3.091323359367017e-19,7.293562237745869e-16,1.0687296716476807e-15,8.149964091803182e-16,9.205038363698096e-16,9.99400055511812e-16,-3.508733067490495e-15,3.8895040077105624e-19,2.7850937706305606e-19,9.201802317250732e-16,7.907019104543027e-16,4.606477723993535e-19,5.134284627758638e-19,-7.00238405160932e-12,5.040991710164867e-19,-3.5081740702886537e-15,5.044719845421374e-19,1.1740024222595594e-15,3.3038119265154957e-19,4.3144114307624533e-19,8.310150417534039e-16,1.1741976510759641e-15,7.179789040125845e-16,3.124646831058433e-19,6.208077272074651e-16,8.175602416114148e-16,2.192731418906426e-19,3.2847765243988927e-19,9.6351901165401e-16,-7.003590239345175e-12,1.0037072994856023e-15,2.2929541771825924e-19,8.269921803267881e-19,4.963950246455786e-19,-1.2280449858376877e-19,-3.5086358906323944e-15,5.635128688000091e-19,5.229229735217966e-19,5.370277419531942e-19,1.0494719036799688e-15,7.251861748484419e-16,4.446925509994252e-19,7.857981030038137e-16,7.551937251173844e-19,6.427356732754636e-16,3.874321855210066e-19
-1.6056056292554388e-11,1.5886384383883613e-15,-7.71742322272507e-15,9.442474871570449e-19,-7.71646304580464e-15,-1.540330797170024e-11,-1.5403891058924728e-11,2.0078567691917328e-15,1.9624440041718693e-15,1.2883715814540895e-15,1.0063545547765482e-12,1.5017793425756802e-15,6.797190242910566e-19,1.704760372451541e-15,5.31211135933588e-19,1.6173559540534723e-15,-1.540372423352088e-11,1.7904803820953114e-15,1.0241502562489046e-18,1.0061367383082828e-18,1.3684388331268965e-15,-1.540313641341944e-11,1.8954522383512054e-15,1.9271973132686644e-15,9.690949790669885e-19,-1.540340637326596e-11,1.6577499609688563e-15,9.81951054983511e-19,8.881977666931559e-19,1.2550547381276056e-15,-7.717172782069066e-15,1.0872558642374556e-18,-1.5403379158437908e-11,-7.716338463799828e-15,1.3914400332611486e-15,9.462078152339914e-19,1.865590679859313e-15,6.171589919917106e-19,5.559004141140276e-19,1.550732943114745e-15,6.171491658910159e-19,4.952335775613334e-19,9.950704269634687e-19,7.528969327768438e-19,1.3569968601931888e-15,6.062911742052287e-19,1.3191254404846693e-18,-1.540421756282568e-11,2.14664706312629e-15,1.6141798960093863e-15,9.317855883231473e-19,4.725931087329518e-19,5.403868380250902e-19,1.8296878025334626e-15,1.402745442000606e-15,8.501234000758141e-19,6.7645277661471005e-19,6.178597367589614e-19,6.48883860660886e-19,1.888758603576011e-15,-1.5404023366024644e-11,6.625640944225091e-19,1.4701186635582717e-15,1.5918370366635325e-15,1.3258408774665731e-15,1.5978021779543985e-15,1.2945819522323906e-15,1.6423341360561874e-15,1.368227631330244e-18,8.733788514238116e-19,7.1662331180255e-19,6.265195918160973e-19,1.7036265484085663e-15,1.7561030164090276e-15,-1.540594420623877e-11,-7.717169418908497e-15,1.2219807643096931e-15,1.587415817549615e-15,-7.716836904254974e-15,1.605664832968632e-15,6.465594459735366e-19,1.5883628833100686e-15,1.880809627235231e-15,6.724049713133434e-19,6.47596415082565e-19,8.354938209150235e-19,1.4561428621895425e-15,1.6217432952607743e-15,1.893358047515884e-18,-7.717776891356338e-15,1.4562996448754173e-15,4.447871759134384e-19,1.8264902092096976e-15,7.482365949404931e-19,1.597665290110851e-15,9.791843790574297e-19,-1.5403732855364183e-11,1.7164580571998333e-15,-1.5403546357375824e-11,2.09573105459585e-15,1.2982296166837497e-18,1.4086548166617667e-15,1.324456197206005e-15,3.771377705901308e-19,2.095010238043036e-15,6.964144217035577e-19,9.50636280295644e-19,1.0982699670421327e-15,8.140909452345991e-19,1.2051583406643386e-15,4.2930790340330807e-19,1.7503188859950782e-15,-1.540570383675548e-11,1.619433859631613e-15,1.397318011250908e-15,1.5175943011017976e-15,8.392207230225503e-19,1.2817677431491104e-15,-1.5404842233735834e-11,1.4202844263024968e-15,8.107274624853023e-19,7.828907740891828e-19,9.934482410417951e-19,1.542263069170749e-19,1.4628301421049204e-15,1.2467589127202882e-15,8.669165768856983e-19,5.330549414321329e-19,9.661378347231315e-19
3.862093218916781e-11,1.0144196444020634e-15,3.924425031750358e-11,1.52769258156348e-15,3.924429855778494e-11,1.9660433815951855e-14,3.92440587560022e-11,6.95025075188726e-19,2.0377489181460047e-19,7.54694140232519e-16,1.5017793425756802e-15,1.0076654924385612e-12,4.293605461111666e-19,2.785312304505362e-19,8.78259948345288e-16,1.1138381873787942e-15,3.9244107629988914e-11,1.1200134923250385e-15,1.4989702042406448e-15,6.446402367051666e-19,4.338118298734949e-19,3.9244486100922545e-11,1.2143007035307145e-15,7.199031760862583e-19,4.113931313519156e-19,1.9659998112231514e-14,1.0599439734027141e-15,1.3362694634048014e-15,6.912159952166531e-19,1.4157042721520204e-19,1.9659556847921636e-14,1.1706561349435346e-15,3.924434697019909e-11,1.96605473294449e-14,9.79558915133958e-16,5.9342071005109695e-19,5.72910862199882e-19,-2.7625166909560677e-19,9.452102210392822e-19,8.000702828503294e-19,3.447627015373889e-19,8.861512469760258e-16,3.9581521807546334e-19,5.51821586796176e-19,3.1730216018218137e-19,4.3012332963060674e-19,1.759303410770789e-15,1.9659630559796895e-14,1.4537255978634614e-15,3.5315498950711323e-20,9.995734997163453e-19,1.1268109820245684e-15,4.289138187662712e-19,1.2705168272320115e-15,3.287311047335599e-19,1.1510738595980417e-15,2.6133903679959903e-19,3.780310995277964e-19,6.175539349776376e-19,4.138948404941837e-19,3.924410264072516e-11,-2.384779333895452e-19,9.75530470852865e-16,3.2398941966872063e-19,9.705990715214879e-16,5.912926606912466e-19,8.487360590321782e-16,9.810302897300475e-16,1.3994153308232032e-15,4.478986779491708e-19,4.998051507983234e-19,9.341502041799913e-16,9.914395429344222e-16,1.2193075780175816e-15,1.965928078734739e-14,1.9660031008535515e-14,2.976717969000198e-19,9.129795327615377e-16,1.9660376340772418e-14,4.843449759923756e-19,3.923196151791012e-19,5.089685793696504e-19,1.1709020414337916e-15,3.102689031674039e-19,3.354382280426914e-19,6.800825791919288e-19,9.606081500038504e-16,5.437478919467771e-19,9.97603418302628e-16,3.924432936804569e-11,9.711580724915017e-16,2.879470058048753e-19,7.179239642157985e-19,1.0270034701498782e-18,6.9116635353467855e-19,1.1009035233112694e-15,1.966024270016257e-14,1.1177255478174062e-15,3.924428349724657e-11,6.946429772383739e-19,7.201332859603151e-19,3.031239799407149e-19,9.39269024373201e-16,1.0135619603572223e-15,1.5329504744664057e-15,-7.202854961011859e-20,1.0404775318736172e-15,6.679893893531211e-16,-9.760424759694461e-21,4.389955190723125e-19,2.583787080874448e-19,6.738513586900522e-19,3.9242890588737044e-11,4.355798664905355e-19,5.710011773735136e-19,5.81922237632068e-19,1.0744513305467243e-15,4.1088783452124558e-19,1.9660120405491272e-14,3.0078075892818283e-19,1.0112015380877423e-15,5.295463073791435e-19,5.54666184617693e-19,8.092295029141937e-16,3.970926838979836e-19,7.679223364787479e-16,1.1550474590088716e-15,7.408629893419269e-16,8.99895163459527e-16
-2.703769211747584e-11,9.525160501311066e-16,-2.64127264971173e-11,1.558498267635939e-15,-2.6412326963093148e-11,-1.3231755768644534e-14,-2.6412775608252922e-11,1.5615480552662519e-15,1.5147021335167941e-15,5.391219064681994e-19,6.797190242910566e-19,4.293605461111666e-19,1.0078317166247653e-12,5.49271765539741e-19,4.282624620503442e-19,6.6895559797706e-19,-1.3231914431979249e-14,1.3291445291073953e-15,1.530615275275554e-15,7.114534187132288e-19,1.0137669949047753e-15,-2.641201170691523e-11,1.2970758131481523e-15,1.3308107222755918e-15,1.0770396879909954e-15,-2.64123113705539e-11,6.115820194476155e-19,1.374397374570887e-15,7.902797889744837e-19,7.469356943958429e-19,-1.3232254369872292e-14,6.324009217478055e-19,-1.3232128632363163e-14,-2.6411970465109744e-11,5.225715442451502e-19,-1.7856204484989663e-20,1.2336539000215934e-15,1.068124909543135e-15,5.230930464095817e-19,9.837252080662558e-16,4.634502153246634e-19,4.875090302169436e-19,8.319737279524918e-19,1.3522220350374612e-15,3.786001274897313e-19,9.447181631934003e-19,1.0001875552150757e-18,-1.3232190979912259e-14,9.785549619138112e-19,5.169242819858423e-19,1.1578752973126428e-15,1.1634107435861267e-15,8.974005946429263e-16,1.342699349823317e-15,3.635253677495536e-19,4.558521798314487e-19,5.501295684055335e-19,4.993517341539211e-19,6.071227316183871e-19,1.421053293244708e-15,-1.3232527059748914e-14,3.1715683946399676e-19,5.87599562444332e-19,1.16082168823636e-15,9.341278915453348e-16,1.2066007403700986e-15,4.807819301715648e-19,1.3181859323290087e-15,1.5488705982969406e-15,5.817633870877851e-19,9.176167893872725e-16,5.42766722206768e-19,8.388299247303141e-19,1.243001222412672e-15,-2.641403789964466e-11,-1.3232165707012949e-14,3.046467248499331e-20,7.565330440400925e-19,-2.641222951432085e-11,1.0995955558642663e-15,7.147080927031172e-16,9.783655411691032e-19,5.851985208491821e-19,9.807626388329934e-16,9.422104190680335e-16,5.34247455743086e-19,3.817962769949014e-19,4.2194827490415007e-19,1.0079258055238265e-15,-1.3232465525592813e-14,1.0551077204876867e-15,7.0811402768915765e-16,3.9581416509712485e-19,4.965649081483387e-19,-6.98246176464787e-20,1.473208941410653e-15,-1.3232187716841317e-14,1.1696999646573964e-15,-1.3232062459676081e-14,1.38914983121645e-15,1.6642827119678333e-15,3.804675064779255e-19,8.99688425798645e-16,1.0716980645356844e-15,1.2201329932887318e-15,4.239899258245496e-19,5.827543541766638e-19,3.906734878133757e-19,1.0405463784907253e-15,9.281252746647454e-16,6.12373495905909e-19,1.1477816918211903e-15,-2.6413975227754785e-11,1.2652187998689003e-15,2.8897996379722243e-19,1.2744021087919693e-15,3.984204838276815e-19,9.945641837369153e-16,-2.641342235050898e-11,2.0402863342154027e-19,1.2061839145440022e-15,6.369363568417517e-19,1.4064227631239712e-15,1.0522381145468663e-15,9.128982116804301e-16,9.321092784296235e-16,1.6116756642794296e-15,7.965089754969613e-16,9.191120159517712e-16
