0.9999999999999482,-6.152829606947348e-11,3.1835313288664494e-11,8.665169014368624e-12,0.9999999999009552,4.939076443312592e-12,1.7828945433949793e-11,0.9999999998926452,-3.230194329471491e-12,3.044790918153169e-11,2.258655778683651e-11,2.0949993256680132e-12,-1.7492584141737567e-11,2.8856898272535746e-11,-3.951554855889e-12,6.877114567897431e-12,4.2503472462616974e-11,3.7749427900147576e-11,1.1078181710300658e-11,0.9999999999079987,1.8611431316537208e-11,7.109463263253333e-12,2.8337563233884628e-11,3.030974592709288e-11,3.0280046434890264e-11,3.953545416038223e-11,-5.725585660375623e-11,2.30988676467192e-11,-1.224861257721702e-11,-5.412103122356271e-12,3.963521286822452e-11,0.999999999941291,2.1628248860313294e-11,3.863793524198048e-11,0.9999999998967183,3.3633547988456996e-11,2.4348472362383767e-11,3.000398517708752e-11,2.15992609370471e-11,-3.4949344786698454e-12,4.992359228216869e-11,3.5333938660045145e-11,2.711775123627154e-11,0.9999999999728776,5.552757398086308e-11,0.9999999999303258,3.9483974311373364e-11,0.9999999998694289,0.9999999998883168,1.339226341830947e-11,0.999999999890289,4.682887010818504e-11,-7.01766348220804e-11,0.9999999999303292,-4.817513418846462e-11,2.550003843735837e-11,-1.0437361055519356e-11,3.152255001138804e-11,1.5753726579637838e-11,-3.5614097177601385e-10,-6.636251919844019e-12,2.9300932412115366e-11,2.899835841571383e-11,1.0000000000376517,6.754192778803273e-11,0.9999999999369399,-3.34994231179776e-11,0.9999999999091015,1.8517123686827515e-11,1.0000000000068354,6.460806251226979e-11,4.856926078771215e-12,1.0387994752902902e-12,3.368437390570127e-11,1.6531237865710172e-11,3.210189722890326e-11,5.0565785721958495e-12,1.8338684281988664e-11,7.605261963676915e-12,1.050284481286629e-10,2.9142100351016225e-11,3.481835692166485e-11,1.2248170462409884e-11,-5.57290519771176e-10,1.5284919871932845e-11,2.974756094246769e-11,1.2477265825025057e-11,7.1847201624670875e-12,-4.640921114627876e-11,7.68649078114895e-12,1.3549315084142886e-12,9.804176308777999e-11,2.801370026796774e-11,1.61594681038963e-11,5.840810775366962e-11,0.9999999998937553,-1.1193738931144845e-11,0.9999999999010892,7.510252559655412e-12,1.0000000000019653,3.71699737925409e-11,-1.0482530605440053e-11,-2.2024403516492166e-11,1.749602232350798e-11,-1.1362160850980599e-11,4.1751413231973736e-11,0.9999999999620803,0.9999999998514806,1.35389325845891e-11,1.7696402643613213e-11,3.333656372422099e-11,-2.926943299195081e-12,6.16721730452932e-11,4.662882050122559e-11,1.1182839408862952e-11,2.5099383453154415e-11,-9.883991912827266e-11,3.5198086596687845e-11,5.291849920907265e-11,1.7961333471441834e-11,2.6728833030381836e-11,1.2527217873660434e-11,2.43738547115343e-11,8.144822624951978e-12,6.2861983384894484e-12,-1.1244847765837127e-11,1.7624157154454e-11,2.568965533253361e-11,4.376193302073116e-11
-6.152829606947348e-11,6.001845643437852e-12,6.872796223825865e-17,8.10878180830543e-17,-7.61591149245365e-11,2.7609459094865732e-17,4.8694204370751667e-17,-7.615940426700475e-11,2.5076282370361005e-17,3.940624104471533e-17,4.06035380124349e-17,1.3730799347151159e-17,5.864394692161584e-17,4.193902047084129e-17,5.208961530344362e-17,2.358750984560256e-17,3.854292484261775e-17,2.4591083826852067e-17,2.4180439978183152e-17,-7.615920244686957e-11,4.232476109068912e-17,5.644684271181764e-17,3.938725755600228e-17,4.3579823376038785e-17,5.263833793123652e-17,3.611852614608382e-17,6.068948780913653e-17,4.651013896952651e-17,5.205694884458139e-17,4.283845085165218e-17,5.534133281239976e-17,-7.615932675538372e-11,5.5086663735468364e-17,5.739164107208912e-17,-7.615887845418393e-11,4.624282846569267e-17,4.1616876404633883e-17,4.602501000678037e-17,3.362020898280055e-17,3.822095698463902e-17,3.068882566699752e-17,4.6770671497517425e-17,6.142263664271543e-17,-7.615860578170016e-11,5.700379999212555e-17,-7.615908437222228e-11,1.5972481927856458e-17,-7.61590083036216e-11,-7.615924879344347e-11,2.1759191329549802e-17,-3.815360123472246e-14,4.6594902557995194e-17,3.38482103053861e-17,-3.815376014902419e-14,5.557685301825183e-17,3.520566667199812e-17,3.346367007131205e-17,5.942714904225263e-17,3.3285688462407673e-17,4.013047807580878e-17,5.083519020174922e-17,5.989173565370206e-17,5.387016954457119e-17,-7.615884566145907e-11,6.151572904064281e-17,-7.61590429848277e-11,3.986544333459153e-17,-3.8153972598227844e-14,2.515942088040019e-20,-3.815353548984494e-14,4.544060921597376e-20,-1.579586628425006e-19,1.148227453635313e-18,-1.6030489181077872e-19,8.424313079103288e-20,1.0628471594672276e-19,3.6834663297020157e-20,2.3863826303918377e-19,1.1558519078861198e-20,-1.0653936545688059e-19,-3.737269294499943e-20,3.0373798074280777e-19,1.9076432355678632e-19,-2.712685075006121e-19,2.675654947314825e-20,-1.2820892950458842e-19,-3.5720837023062807e-19,2.106863803626019e-19,1.973654000935783e-20,-8.922675337691631e-20,1.3858382251854865e-19,2.474479413579474e-19,-1.1679077822239246e-19,1.371962674952983e-19,1.4336965190602014e-20,-3.815385313465875e-14,2.142140521202625e-19,-3.815426146589169e-14,1.0407940715126031e-19,-3.8153941910339594e-14,-7.793461110886083e-20,-1.150006935858299e-19,-4.08552239840644e-19,-3.678348065858516e-19,1.393414046580932e-19,1.0854951498244736e-19,-3.8154203689835424e-14,-3.815381748600251e-14,-1.921164207959356e-19,3.6232203576494555e-19,6.603791974430973e-20,-3.5383461371626346e-19,-3.299632192919752e-19,8.541752267448164e-20,1.9733878038678444e-19,-6.988169201991246e-20,4.259547453836071e-20,-9.834404311161209e-20,-1.2032789703685954e-19,2.035130517282659e-20,3.219176110137103e-20,-2.5132327957369057e-19,-5.695336881327869e-20,1.0332118016134832e-19,2.1692471799832827e-19,-1.994076946719079e-19,-2.983511692571854e-19,-9.468234722134344e-20,3.919601742473188e-20
3.1835313288664494e-11,6.872796223825865e-17,6.001486757298095e-12,1.2022555097336398e-16,8.619237302963994e-15,-1.3493864731954287e-19,6.680670813577234e-17,1.7204221911423998e-11,6.558864243588261e-17,6.956837816494183e-17,9.71294327285101e-20,5.510597168900796e-20,5.3069628884501704e-20,4.0021195494267014e-20,-6.749638153446957e-20,-3.464161381299318e-19,7.946567466871692e-17,6.221558027941803e-17,7.809630014594234e-17,1.720437610738214e-11,5.807532377402677e-20,1.1135607864176496e-20,-3.355493069621235e-20,1.5429436339280476e-19,1.045110149885971e-19,-1.6252156336419548e-19,-1.6836373410804084e-20,7.31377442584367e-17,8.670817230881058e-17,8.06024257442961e-17,9.36406718632669e-17,1.720427606623899e-11,-3.995829390908778e-19,5.631945587497165e-20,1.7204635327546445e-11,-7.524301653976462e-20,6.24840604748106e-17,2.1672622521893385e-19,7.662712696964105e-17,8.839055475391341e-17,9.926840561602889e-17,8.110550939135984e-17,1.3443350994818549e-19,1.7204847953549504e-11,8.552946254411373e-17,1.720447292188336e-11,-2.689818927156151e-19,1.72045392370803e-11,1.720434322174541e-11,8.183383902623425e-17,8.61940757619076e-15,-9.665609734169153e-20,9.136682516552046e-17,8.619327109012294e-15,-1.2692854104290845e-19,2.173472151585541e-19,7.943212728841115e-17,9.881748219379215e-20,3.689423981773182e-20,1.298231109623858e-19,1.1171054362737948e-16,-6.871146005750879e-20,8.95022292380952e-17,8.61911656633945e-15,1.040795499115258e-16,8.619485046788568e-15,1.3098646128715306e-16,1.720435298717516e-11,8.706350565640243e-17,8.619336976406298e-15,9.700075246142505e-17,8.757034636881755e-17,9.470106034104376e-17,9.619530221403009e-17,1.0308666987866589e-16,8.40092132489245e-17,6.7152141089465e-17,8.141201998412132e-17,7.665903296284056e-17,1.4110617732468398e-16,8.986229976971042e-17,6.474639654674343e-17,7.197381220060512e-17,3.0373811758858126e-16,8.830962902970648e-17,8.068091903753918e-17,1.4312830849826838e-16,8.746745691577108e-17,1.2292385092047762e-16,5.623288702239833e-17,7.375775228500675e-17,1.3964134004621851e-16,8.273246326543666e-17,7.190015597077368e-17,7.708372232978671e-17,1.7204525893315225e-11,6.363626373546663e-17,1.720443293059445e-11,7.450178927681583e-17,8.619356995389541e-15,1.2652267624557267e-20,-1.5523184891911544e-20,2.2639960503178692e-19,-1.7326761090272442e-19,8.472722310585854e-20,3.74890386001151e-20,8.618916802126067e-15,8.618996956477212e-15,1.0044160302360344e-19,-9.144264651485969e-20,1.316946503567331e-19,1.5821632209764174e-19,1.8119110197196274e-19,8.377856280555341e-20,2.940534387490744e-20,-3.4979046580470826e-19,6.135767149682643e-20,-8.090244784875398e-20,5.727621105277669e-20,-1.2484577913591076e-20,3.8012318732341595e-20,8.78162101865696e-20,6.898945113649987e-20,-7.531936549144656e-19,1.6921307469873609e-19,-1.9315985012582892e-19,3.479318712690099e-20,3.7061391595151337e-19,1.5779570454275808e-19
8.665169014368624e-12,8.10878180830543e-17,1.2022555097336398e-16,6.001477723547266e-12,-2.990626200132662e-15,8.923186380430329e-17,9.047372236266756e-20,-5.969863685733342e-12,7.427605520904929e-20,8.232214270736978e-17,3.306382079104062e-19,6.577899448520815e-17,1.133522156805588e-16,7.698469932280386e-17,9.983355375422816e-17,8.486327761838843e-17,8.580373953422099e-17,7.141711351173102e-17,7.952075388749208e-17,-2.9907774296222675e-15,2.483738471323038e-19,1.1493604266207445e-16,1.3662740040384224e-19,8.120214847057741e-17,8.269079944996011e-17,7.531405973856629e-17,1.1389805148069632e-16,8.046629025657446e-17,9.717131676076318e-17,1.827078648950779e-19,7.169539905353735e-20,-5.969808547754909e-12,1.398802355166141e-16,-4.4813208935734055e-19,-5.969475254486732e-12,8.985696474591842e-17,7.125530473659598e-17,-9.048694912417901e-20,8.341791230385171e-17,7.814277106228704e-20,1.0953653690313287e-16,3.6639406637551887e-19,8.619453954070072e-20,-5.969278571374832e-12,9.99969522522357e-17,-5.969628153835202e-12,-3.899360960872892e-20,-5.969567704317806e-12,-2.9908396146782268e-15,1.7899738348063934e-19,-2.9903376257354996e-15,8.678842062283298e-17,1.0418619564701446e-16,-2.9904140387679374e-15,1.0580351107556693e-16,6.91661724199977e-17,2.917458832977448e-20,-1.0427167564319101e-19,7.814406823686788e-17,1.7771956882655573e-16,-2.306537389421047e-19,-4.6648799382735914e-20,1.002737707199107e-16,-2.9904370422617355e-15,2.8538572456410186e-21,-5.969593978850063e-12,1.3901575938235984e-16,-2.9906121177573417e-15,-1.7599794858748987e-19,-5.9694364188564674e-12,1.12022837534414e-16,-4.426505528445473e-19,9.629323226953414e-17,7.009050758043518e-20,1.1503159399633003e-16,9.319070146402222e-17,7.630231889799115e-17,3.862947655309949e-20,8.373546681292401e-17,-9.049992574020013e-20,5.846265468791209e-20,7.400763572621529e-17,3.972007541864454e-20,3.3983029417322273e-16,9.156126028861262e-17,-1.5285399334596695e-19,1.1321562787620572e-19,9.394841319477495e-17,-1.2896405743545645e-19,6.677259235318484e-17,8.062126097910103e-17,1.474815901084365e-16,9.284894963431286e-17,7.384179059379316e-21,8.833473149106627e-17,-2.9904876696219016e-15,4.421562775844158e-19,-2.9907242690394197e-15,1.1611956711209484e-19,-5.969501982887999e-12,6.644931683991296e-17,9.803244664454585e-17,7.93736024509893e-17,7.06967515602467e-17,1.0461034450352574e-16,8.789641911732988e-17,-5.969745035778557e-12,-5.969349245047577e-12,6.813757332046846e-17,9.373638739514422e-17,8.694323021793879e-17,9.774662497410435e-17,1.43638727413475e-16,9.040457842320817e-17,6.419166199204971e-17,8.922995844471411e-17,3.3698561854068606e-20,1.2018134061682153e-19,3.6328902029914484e-20,2.6047830811618613e-20,2.436408416150816e-19,1.0280192477266414e-19,4.7762869945744287e-20,7.704338826291022e-20,1.4903612908380919e-19,-1.5822315015778748e-19,1.0754802607184349e-19,-4.359887418629952e-21,8.652439684620071e-20
0.9999999999009552,-7.61591149245365e-11,8.619237302963994e-15,-2.990626200132662e-15,0.9999999998879433,-9.696077509941226e-12,3.205682507033447e-12,0.9999999998736242,-1.7858123886707986e-11,7.925312820660441e-15,7.954603999587992e-12,-1.253059004701499e-11,-1.6089569483715768e-14,7.12906473542346e-15,-9.306615196959584e-15,-3.883521441255474e-15,2.7876009196512343e-11,2.3123316891460716e-11,-1.7809629245912307e-15,0.9999999998889896,3.985914080201022e-12,-7.519209384956537e-12,1.3712688284382668e-11,1.5685781833039566e-11,7.838409194775043e-15,2.490962092337174e-11,-7.188699980455892e-11,4.2462772245604536e-15,-2.6880761497327947e-11,-1.0036774963820523e-14,2.5012251964221525e-11,0.9999999999222853,3.501591214327776e-15,2.4009611181737256e-11,0.9999999998777148,9.519900946658178e-15,4.871473697559278e-15,1.5380259003626822e-11,6.9701403522536195e-12,-9.07981068055467e-15,3.528931411008882e-11,2.07038841281088e-11,1.2490758142338749e-11,0.9999999999538753,2.048955149600567e-14,0.9999999999113246,1.2451982267053805e-14,0.999999999850419,0.9999999998693042,-6.212584326638644e-16,0.9999999998712878,1.6131312292668762e-14,-8.48057358648103e-11,0.9999999999113288,-3.146474328644713e-14,5.448316958724838e-15,-2.5068338813772416e-11,8.46118827806929e-15,1.1295396358025303e-12,-3.707918621973907e-10,-2.1275081362003824e-11,1.4673989480731573e-11,7.201817132761625e-15,1.0000000000186524,2.650897509487453e-14,0.9999999999179388,-2.4118072107243632e-14,0.9999999998900843,3.886022670798153e-12,0.9999999999878347,4.998016579042894e-11,-9.775154138672256e-12,-1.3587909863012454e-11,1.904377230362775e-11,1.8912737340763992e-12,1.7471342689859575e-11,-9.570724087300962e-12,1.8565920012849855e-15,-3.5187590432894508e-15,9.039042810729764e-11,7.27260444927754e-15,1.011341648403371e-14,-2.3857200477143668e-12,-5.719616011173185e-10,6.594701233829241e-13,7.574674599361168e-15,-2.1678827946307406e-12,-7.44589972839635e-12,-3.058102485402292e-14,-6.9382876977119395e-12,-1.3273719665758606e-11,4.1783135007290624e-14,6.7024531792835905e-15,1.529355106636901e-12,4.377568406022072e-11,0.9999999998747494,-1.2937940974061499e-14,0.9999999998820768,-3.565769949091919e-15,0.9999999999829594,1.1293036757037363e-14,-2.5114998013385628e-11,-1.836390050732747e-14,1.4397923826409989e-15,-2.5993609719043357e-11,2.7122309533653783e-11,0.9999999999430702,0.9999999998324838,-5.441986643918028e-16,3.069978217938543e-12,1.8713438787378148e-11,-1.7552071678964377e-11,2.3564808029396954e-14,3.2000224843671e-11,-3.444648158909579e-12,5.247568585805181e-15,-1.134737092577992e-10,2.0574095608944516e-11,3.829030628185839e-11,3.337827820096872e-12,1.2102536325019583e-11,-2.1086526791196327e-12,4.8809110409147904e-15,-3.244829475962927e-15,-4.179409766108896e-15,-1.2960285109579908e-14,1.5025117552940486e-15,5.5444223353760065e-15,1.459445100860577e-14
4.939076443312592e-12,2.7609459094865732e-17,-1.3493864731954287e-19,8.923186380430329e-17,-9.696077509941226e-12,6.001684515571188e-12,-2.1734143627831425e-19,-9.69630566885752e-12,-1.840914517651655e-19,-2.959683342113794e-19,5.593958532824037e-19,-3.2452804308747464e-19,6.85197103258618e-17,1.4837912451855083e-19,5.629944635749964e-20,3.481970821375861e-17,5.516350199847358e-17,4.0680764233888124e-17,3.548370265168803e-17,-4.857347336122032e-15,-1.5265910724596998e-19,5.3674549589461015e-20,-4.297506964816842e-20,4.6837571161882283e-17,6.828988019364267e-17,6.343405842347883e-20,7.064408500469942e-17,5.866321224935509e-17,2.679147408633722e-19,1.9215971763074747e-19,6.987283678536346e-17,-4.8576750884953675e-15,7.689708090697708e-17,7.422502425038555e-17,-4.857195001520683e-15,1.9709890929209297e-19,5.2500756635966834e-17,1.4137180332531768e-19,4.206795503131253e-17,2.0728158372757781e-19,5.682406421601445e-17,-2.6956842689902858e-20,-7.95409716626085e-20,-9.695677683761395e-12,7.489413943281757e-17,-9.696050570518583e-12,2.775545922408244e-17,-4.857505185250898e-15,-4.857582898642928e-15,3.788724087860463e-17,-4.857455884802426e-15,5.739645766331126e-17,-4.2021323427385455e-21,-4.857386341037675e-15,2.3542527899915017e-19,4.9208930071618085e-17,3.2436599443355213e-20,7.631161080419249e-17,4.271462231675419e-17,9.020764572706261e-17,-8.401924751034741e-20,7.415456689653612e-17,6.587689868735769e-17,-9.695868581626671e-12,8.295372961593433e-17,-9.69601350037581e-12,6.485552671805744e-17,-4.857958406782161e-15,5.933528301637544e-20,-9.69584530252356e-12,-1.5990453445098237e-19,1.0593314955066843e-20,6.098124467963228e-17,6.181337583190488e-17,2.765958548912475e-19,5.54282321644196e-17,5.310311282479799e-19,5.675755460373742e-17,5.481298134996945e-17,1.2183890932282195e-19,6.965230162254423e-17,3.771998983922322e-20,9.56358489111528e-20,4.4643191133135696e-20,2.1850629271270425e-20,5.955156952404458e-17,3.205490213744939e-19,2.365959019305422e-19,2.1210908752570187e-20,4.2525434538438766e-17,4.77418944325867e-17,1.0213780626370033e-16,5.3414912581000896e-17,5.424030705731194e-17,5.036018969295681e-17,-4.857330675987816e-15,2.0756505809274633e-17,-9.69608676104523e-12,5.482127109876622e-17,-9.695920731332073e-12,3.8820037767740366e-17,-1.3446608133581248e-19,3.789833849046558e-17,2.836830388111377e-19,5.248170966938954e-17,6.43679866681706e-17,-4.85749314910572e-15,-9.695740799999641e-12,-3.4497343436880847e-19,5.150342109531182e-17,1.1188610761010546e-19,4.0594790637708606e-19,-1.043396559895283e-19,-1.9591406822754444e-19,2.656335388983111e-17,1.2860873246055291e-19,5.810767945998654e-17,4.476555923810356e-17,5.369772069070045e-17,4.3447556410071124e-17,5.0719063223206986e-17,9.045558137026377e-17,3.98921238165804e-17,3.3358354681296024e-17,4.185662166493829e-19,7.788781455965451e-20,3.916015288147813e-19,-3.467126257508961e-20,-3.38521882650109e-19
1.7828945433949793e-11,4.8694204370751667e-17,6.680670813577234e-17,9.047372236266756e-20,3.205682507033447e-12,-2.1734143627831425e-19,6.001722683438077e-12,1.605869697384737e-15,4.0223858327929586e-17,7.961794052519449e-21,1.873575718291956e-19,-5.572985303310206e-20,-3.75783198924925e-20,4.1399927208329046e-17,4.49621870207721e-21,4.964292777489751e-17,4.6884577907206097e-17,3.960886673792485e-17,-1.8912691597287718e-19,1.6058741707561e-15,4.7888392778960925e-17,6.749408124339659e-17,4.0270056933516446e-17,4.842281709895702e-17,2.097144640090169e-20,4.611959667508625e-21,6.583365617365946e-17,-6.867918421717135e-20,-9.465237712035903e-20,4.9191332806176656e-17,1.1112770262373251e-20,1.6056683107246356e-15,3.686999842879242e-20,-1.7202387919758332e-20,1.6062593397213624e-15,5.1650215160569386e-17,-7.021691869554164e-20,2.727092763571767e-19,2.3544262383830063e-19,-2.061086754604822e-19,1.0186139422897831e-19,1.4738292168286616e-20,5.228415060010496e-17,1.6060453757415071e-15,5.604506318681168e-17,1.6059658331145934e-15,3.902289192724955e-17,3.2057323765569333e-12,1.6065758907321995e-15,-1.7725004957851814e-20,3.2058116040278576e-12,4.9283208051613717e-17,6.063339334290644e-17,1.6060477672153679e-15,-1.8411391586845638e-19,-4.012949602625935e-19,4.710644230960872e-17,5.605053441131351e-17,4.486481159478353e-17,3.022442215377471e-20,1.0654497981449045e-19,5.868814616691335e-17,1.2870965313706374e-20,3.2058142008518866e-12,1.4275596219363591e-19,3.205715746078322e-12,7.645528332544671e-20,1.606005463561024e-15,5.777321208807995e-17,1.6060166152048266e-15,6.155838528875815e-17,-5.785614006553753e-20,5.325876223720793e-17,5.98380464662322e-17,-1.6310509262815129e-19,5.18116898222882e-17,4.2054922731120876e-17,5.156853633854643e-17,4.583230939604617e-17,8.358824530923487e-17,5.308465445573288e-17,2.170640134363571e-19,4.461511405289816e-17,1.258495072403771e-19,5.271769119872345e-17,5.700762478077387e-20,3.677049095813168e-20,3.170642773260379e-20,-3.647812862410758e-20,3.859979471933245e-17,4.4770270504589115e-17,8.238250296273298e-17,3.6959039074250295e-20,4.8141702887406336e-17,-2.6723324734432615e-19,3.2057291978182597e-12,1.5820469845398644e-19,1.605862769516124e-15,4.5504896401321357e-17,1.6058924236303153e-15,3.635574450330262e-17,5.487304762360679e-17,4.5259543269520024e-17,3.721610979945712e-17,-1.2572580477683066e-19,4.996462825988213e-17,1.6058639077612454e-15,1.6058872149794814e-15,3.945176568163419e-17,5.3190251764747554e-17,5.173855550298525e-17,5.470297718704119e-17,-7.145465239827723e-20,4.9176145738383147e-17,6.265421720481737e-20,2.6068235567136036e-19,6.616465701502817e-17,-1.1341589686171205e-19,5.100907247356306e-17,6.319474837870917e-20,-6.050392202962659e-19,3.614403092378827e-19,4.264194417257272e-17,-4.2429289054226374e-20,4.6318914188077244e-17,4.4482481957057786e-17,4.4829292223417334e-17,2.4070636328609826e-21,4.821181692675658e-20
0.9999999998926452,-7.615940426700475e-11,1.7204221911423998e-11,-5.969863685733342e-12,0.9999999998736242,-9.69630566885752e-12,1.605869697384737e-15,0.999999999871284,-1.7858299730135118e-11,1.5819523398284185e-11,7.954389194955936e-12,-6.277757762566106e-15,-3.211730233007086e-11,1.4230632830892838e-11,-9.307015338698218e-15,-7.752301147554621e-12,2.7875823449994723e-11,1.1584243986001426e-14,-3.5551392602804253e-12,0.9999999998806677,3.985734249316876e-12,-3.767054913926293e-15,6.8696240564159034e-15,1.568559935860378e-11,7.838356770793135e-15,1.2478932479167552e-14,-7.188723719517519e-11,4.2462940478300226e-15,-2.6880983968016662e-11,-1.0036669846908494e-14,2.501206287076466e-11,0.9999999999139618,6.9893478908648345e-12,2.400938835167404e-11,0.9999999998693925,1.9002956288170965e-11,9.72374333142381e-12,7.705174519596728e-15,6.969931223027309e-12,-9.079690686247382e-15,1.767950100586144e-14,1.037228980379202e-14,6.257466970481539e-15,0.9999999999455536,2.0489578457689628e-14,0.9999999999030016,1.245161862934356e-14,0.9999999998420974,0.9999999998609816,-1.2404890627110463e-12,0.999999999862967,1.6131251730680888e-14,-8.480604357473735e-11,0.999999999903009,-6.280740877458156e-11,5.448120651376318e-15,-1.2559009084241718e-14,8.46127017717902e-15,1.1293516805175913e-12,-3.707924113024078e-10,-1.0658359671842732e-14,7.351429553840743e-15,1.437607993483169e-11,1.0000000000103295,5.291449007453983e-11,0.999999999909616,-4.814266517112229e-11,0.9999999998817628,3.885753412814113e-12,0.9999999999795124,2.5038587910590696e-14,-9.775385050411974e-12,-1.3588076900773989e-11,9.540125448382138e-15,1.8909797474631497e-12,1.74711112005898e-11,-4.795093206587211e-15,3.706662780990097e-12,-7.0238814556881965e-12,4.5283295789744976e-14,1.4516589719175035e-11,2.0187761916074414e-11,-1.1952389256422474e-15,-5.719622528801389e-10,3.301526463857891e-16,1.5119468948715877e-11,-2.168301995753932e-12,-7.44609188841684e-12,-3.058153684531419e-14,-3.4759982302163747e-15,-6.649636928779007e-15,8.340389878184348e-11,1.337846589758125e-11,7.660420221156248e-16,4.3775444600458494e-11,0.9999999998664275,-2.5825598537856966e-11,0.9999999998737571,-3.5655313346924814e-15,0.9999999999746372,1.1292629532174646e-14,-2.5115226240673007e-11,-3.665636842764279e-11,1.4396061754924776e-15,-2.599387241792606e-11,2.71221390360525e-11,0.999999999934748,0.9999999998241623,-1.0859341090251243e-12,3.0697806485125284e-12,9.37509830289021e-15,-8.793165364265533e-15,2.3564892476450718e-14,3.1999984215295096e-11,-1.7257707515839318e-15,1.0474894142137343e-11,-5.684789282335526e-14,1.030722758721921e-14,1.918238552700693e-14,1.672152904542066e-15,1.2102382108275946e-11,-2.1089632870674946e-12,4.88064944184478e-15,-3.245332554871272e-15,-8.34204748281689e-12,-2.5870139282005787e-11,2.999057767630902e-12,1.1067093495116727e-11,1.4594303688208188e-14
-3.230194329471491e-12,2.5076282370361005e-17,6.558864243588261e-17,7.427605520904929e-20,-1.7858123886707986e-11,-1.840914517651655e-19,4.0223858327929586e-17,-1.7858299730135118e-11,6.001747325236209e-12,-1.8391246645010466e-20,6.350005213295355e-20,-5.180677663124308e-20,-4.3252704333084157e-20,3.6628661694715757e-19,-9.166212491413418e-21,3.2244280059559166e-17,-1.7311798359716596e-19,5.72832858678614e-20,1.43363907757913e-19,-1.7858175366088455e-11,1.583022754261153e-19,-5.73443742920017e-20,3.6701969225917566e-17,3.6136724519549452e-19,-1.4905060095469733e-19,-1.4906935850200273e-19,1.4096982479973783e-19,4.410060287962746e-17,4.6682501082772385e-17,-6.2122735729790666e-21,-1.3718454142411488e-19,-1.7858249629846212e-11,6.39074740721755e-17,5.2802239585153e-17,-8.946465653348414e-15,2.888905269142677e-20,-1.3359153892095814e-19,4.7408968475808155e-17,1.574849258440962e-19,4.178102220060429e-17,1.8350928496265983e-20,-6.0294208505954435e-21,-2.5950689652191787e-19,-8.946331323852224e-15,2.0568747497484595e-19,-8.946662122259912e-15,2.3558365252673802e-19,-8.946489891057436e-15,-8.94672978138661e-15,6.186019646143953e-20,-1.7857960091951053e-11,4.4630019681560414e-17,4.1193483581407105e-17,-8.946381201498649e-15,4.298415488833664e-20,3.3982439495837274e-17,2.178650350209576e-19,5.684288885897396e-17,-2.6471552241582425e-20,5.589499737611333e-20,2.1601126810917327e-19,5.4745535100461743e-17,4.997533572107445e-17,-8.946357853315193e-15,6.161790940216331e-17,-8.946338839495792e-15,5.907112422388916e-17,-8.946519974225042e-15,4.416173613892968e-17,-1.7857949924329585e-11,1.1969115616552855e-19,-2.64609840567719e-19,5.153904321422136e-17,4.794991527256362e-17,1.1739471966386174e-21,4.394703302221675e-17,4.069210736741725e-17,2.437254559296292e-19,-3.877222588378932e-20,1.059454798945655e-19,5.357936298558615e-17,3.7739633576133925e-17,4.0681239015812717e-17,2.4689747987691994e-19,4.6795998049879885e-17,4.611598598709226e-17,7.268866850856634e-17,-2.5839033237090918e-20,5.02325640636888e-22,-1.6379210681004806e-19,-9.683961346626758e-20,8.070495085415758e-17,4.225769881044437e-17,1.2424222645174772e-20,7.776849655871106e-20,-8.946468702974405e-15,2.295667208775109e-17,-8.94607909041702e-15,4.170052702401361e-17,-8.946459084534316e-15,-1.245012573422162e-19,-7.778007414944645e-20,7.150329311008171e-20,3.7430908351215937e-17,1.039737137309012e-20,7.69491836003276e-20,-8.946507646721868e-15,-1.7857875538222325e-11,1.372903798907191e-20,2.524204464863153e-20,3.1935203057525615e-19,-1.2472567214023995e-19,7.778284944929044e-17,3.0356607164378846e-19,-4.2973221508300295e-20,5.923919100491723e-20,4.961662684907797e-17,3.647931645766275e-17,4.2038737901956505e-20,1.3372089078013936e-19,4.303418523191494e-17,7.970703607093789e-17,3.827198561227046e-20,2.5349237178442466e-17,3.515828473076177e-20,3.3964355102767067e-17,3.8920472424403195e-17,3.162245232742909e-17,-5.0219091519288056e-20
3.044790918153169e-11,3.940624104471533e-17,6.956837816494183e-17,8.232214270736978e-17,7.925312820660441e-15,-2.959683342113794e-19,7.961794052519449e-21,1.5819523398284185e-11,-1.8391246645010466e-20,6.001939078026431e-12,4.235876570300031e-17,3.380820873289973e-17,1.122560938923602e-19,3.9220422121076227e-17,-2.0492735704759558e-19,4.5875063149503506e-17,1.1111887265630235e-19,1.6451698819916982e-19,4.622932057375028e-17,7.925416177174771e-15,-9.637909004586405e-20,-6.93782814451547e-20,2.5387582231672498e-20,5.0703608094250923e-17,4.277167560628713e-17,3.716440302312486e-17,8.225680457150395e-20,-5.087923772493291e-19,1.7787263080634517e-19,5.2079987822839917e-17,-3.0062464707658417e-19,1.5819570308790368e-11,7.741853455477354e-17,5.38660596050539e-17,7.925243137815564e-15,5.2064229728883235e-17,-3.106635226200926e-19,5.3149208777375124e-17,-1.8655853059084834e-19,-2.757503547482109e-20,5.3358525796508585e-17,1.0589158011359249e-19,5.671301129495075e-20,1.5820105984241437e-11,5.281022847545462e-17,1.5819755307380678e-11,1.0001904025609131e-19,7.925398031541416e-15,7.924941185177578e-15,4.603790318780104e-17,1.5819930711714828e-11,5.115819756168696e-17,5.410318806926742e-17,1.581987888639594e-11,-1.0259062390841386e-19,3.4250914838616904e-17,4.6025977566592006e-20,5.871522291220178e-17,-9.006730944639568e-20,7.509700813711316e-17,-2.6265477354475416e-20,5.940512734211243e-17,2.6318752734919933e-20,7.925461362706003e-15,-5.174273573355486e-20,7.924873307001856e-15,7.414609257693251e-17,1.5819640847456676e-11,2.0436074692353652e-19,1.5819945619687872e-11,-5.672508967795943e-20,9.349758094546226e-20,-5.304136928777305e-21,1.435474111500664e-20,5.823725794651715e-19,4.900802162858369e-17,4.131897842453074e-17,-1.7627173421839239e-19,4.539668392890163e-17,1.3653542568110181e-19,5.723025079137e-17,1.3108616435440015e-19,4.2673058547734785e-17,1.8290455952599586e-16,5.80913542159311e-17,5.007926217410704e-17,8.111384176453388e-17,5.695063638053712e-17,4.515449838511175e-19,3.510195544124092e-17,2.4012945504849475e-20,-2.2265964298995633e-19,4.999775644200266e-17,4.537748101114484e-17,2.8869427174174505e-21,7.925445643665753e-15,2.771557229861527e-21,7.925267058800741e-15,4.4314059758085346e-17,1.5819882655705176e-11,-1.2733637642923603e-19,5.187578603292348e-17,3.6293558780299735e-17,1.5203769245592273e-19,5.3330377704468225e-17,5.245103994603397e-17,7.925526664379939e-15,7.925758926931119e-15,4.050990411747762e-17,5.639408904406489e-17,5.2510437948425125e-17,4.93452953056876e-17,8.998624994428849e-17,-6.707741572498821e-20,7.257840873136879e-20,-1.2104582394663476e-19,6.23759068581542e-17,5.503945581650173e-20,4.7445518332505195e-17,4.5072297056093687e-17,5.590977959154647e-17,-6.005147502714804e-20,-9.386925254327049e-20,2.5436726404687942e-17,3.0823248264678114e-20,4.324162003319693e-17,4.876692188782214e-17,3.433489838658517e-17,5.759389324197183e-17
2.258655778683651e-11,4.06035380124349e-17,9.71294327285101e-20,3.306382079104062e-19,7.954603999587992e-12,5.593958532824037e-19,1.873575718291956e-19,7.954389194955936e-12,6.350005213295355e-20,4.235876570300031e-17,6.001933659360535e-12,3.8937380947857085e-17,2.5228929038095884e-19,-1.3196506092902483e-19,-6.072560148430769e-21,3.1089840057677153e-19,5.2439045201233056e-17,-1.1251016606665563e-20,5.365808596965844e-17,3.98473989655309e-15,5.385379968445962e-17,7.911743927834108e-17,-5.812929320051348e-20,1.6226458197397706e-20,4.131783315522434e-17,2.2331380511905783e-20,7.409490144015881e-17,1.1552701216248817e-19,4.060444211302957e-20,2.18617593143821e-19,6.392951019918493e-17,7.954434569370114e-12,8.45562579629713e-17,-4.387542631589914e-19,3.98507811499928e-15,5.463001059128499e-17,4.12516946021868e-17,-5.2291285522205424e-20,3.949626044639971e-21,-4.060890835129127e-20,5.822119192478745e-20,2.4777707344334314e-21,5.670903702275751e-17,3.985358906084121e-15,5.364644025149485e-17,3.9849270969393415e-15,-4.07861171930091e-20,3.985130420543341e-15,7.95449865024412e-12,9.75629823269923e-20,3.985054836772483e-15,4.1328266516333024e-20,5.693797717388832e-17,3.985127358475549e-15,6.782795983210689e-17,1.1477437747282225e-20,5.2553450729543736e-17,6.246544294444848e-17,1.3204805085178903e-19,8.219360157173109e-17,7.378823389716914e-17,6.122547027415594e-17,-1.222686199490285e-19,7.954798315023021e-12,-1.9406240408634874e-20,3.984924971957015e-15,8.488410544192844e-17,7.954506158956183e-12,5.445767839706102e-17,7.954808002720648e-12,5.892297464459343e-17,-1.3640174802030764e-20,6.74342063172147e-17,-2.46204065449913e-19,6.322080258413865e-20,5.35048375830122e-17,4.3334353683083134e-17,3.0326697204247917e-19,4.99733941809503e-17,7.95313517633998e-20,5.616866174290104e-21,4.2020522982398577e-17,-4.4685641378085446e-20,5.3984070095693456e-20,-6.123290402990387e-20,1.8576488267359398e-19,1.2228063613690593e-19,9.731429616096594e-20,8.51880974219276e-17,3.5075721690031625e-17,4.745814842324383e-17,9.716078533632331e-17,1.5861329178216845e-19,4.5861046610799436e-17,4.9081232076096293e-17,3.9849709838110655e-15,-2.803624700381389e-19,3.985369629210241e-15,1.5030764379014424e-20,7.954747778662205e-12,1.2529579155331665e-19,5.1430938150650104e-17,-3.922456275506815e-19,3.974358331093401e-17,4.483895070859858e-20,5.4387512588557925e-17,3.984993487246646e-15,7.954888577572105e-12,-1.2631910464061094e-19,6.315759563088601e-17,2.9916949202733193e-19,-8.968092292222117e-20,6.19348793593814e-20,4.8295489617370175e-17,2.177749896270286e-19,4.7668815265365293e-17,9.881763702046708e-20,4.428127347037826e-17,5.1074546451754614e-17,4.8444290783617546e-17,1.621751999742497e-19,1.1089372175640181e-16,-2.692919958222505e-19,-2.5845329872290132e-20,1.6776179487790952e-20,-6.200780352245734e-20,4.941755433460441e-19,-3.5091866629264074e-20,5.729518713852337e-17
2.0949993256680132e-12,1.3730799347151159e-17,5.510597168900796e-20,6.577899448520815e-17,-1.253059004701499e-11,-3.2452804308747464e-19,-5.572985303310206e-20,-6.277757762566106e-15,-5.180677663124308e-20,3.380820873289973e-17,3.8937380947857085e-17,6.0017761478269825e-12,-4.2435144320814546e-19,5.280363506979388e-20,2.8122236394463836e-20,-3.896203082537105e-20,-2.330664848336218e-19,1.6259286677078284e-20,3.212384160762456e-17,-6.277718851473735e-15,1.890573843322692e-20,4.985096456949585e-17,3.465862804408739e-17,3.308813310831684e-17,3.8840643795834025e-19,3.143784707391817e-17,5.1734870045680066e-17,-1.2531466344002668e-19,3.4588323543086827e-19,8.029239053088608e-19,5.0905604042128783e-17,-6.277517561525696e-15,3.6913128740481434e-20,3.1259234647400335e-19,-6.277463354892341e-15,3.902876046745153e-17,3.444861728399217e-17,9.821288103387629e-20,2.2819164646415914e-19,3.592452816626111e-17,4.0521013659522917e-17,2.106358728128306e-19,2.854765918676554e-19,-6.277343040905528e-15,4.550973326303364e-17,-6.27756101277333e-15,-2.9636491960843523e-19,-6.277518089406876e-15,-1.2530673647686552e-11,3.559741550758044e-20,-6.2775027407478214e-15,4.1098043486418084e-17,3.1058706940337415e-17,-1.2530462085834465e-11,4.947234527161468e-17,-1.8563417143069174e-19,3.6518159256156254e-17,-4.6338637285134853e-20,3.1532809313166e-17,5.040951207287501e-17,4.928002049964898e-20,4.95309443207904e-17,-2.9047295228721807e-19,-1.253042424047701e-11,5.622436446062055e-17,-6.277483782111016e-15,8.278033002181002e-20,-6.2776602332909615e-15,-1.2506217141464635e-19,-6.27738983198529e-15,1.5259991353192534e-19,4.03890569571391e-17,5.091049846509446e-17,-2.7040687624583905e-19,-6.975770261492799e-20,3.830154866511724e-17,3.720893289359151e-17,-2.8089813344626426e-20,3.9478208559575915e-17,5.612165501095338e-20,2.0703524354902657e-20,3.337568017920979e-17,2.381082140217699e-19,7.265193348020747e-20,-5.729746757895921e-19,4.322854860645925e-17,-1.1505804632457475e-19,4.494095588832372e-17,-2.334637410118501e-20,-1.2923179979977669e-19,3.4572549886981806e-17,7.706109426859594e-17,3.456900286473444e-17,-7.451838212581365e-20,3.188497765378403e-17,-6.277778530462903e-15,3.9237405748192676e-20,-1.2530601718190249e-11,1.484945305014534e-20,-6.277438260030552e-15,3.7598567010593766e-20,3.082788526555581e-19,2.119461583208423e-20,3.5302226735796324e-17,-1.720606407265686e-19,4.416272363222492e-17,-1.2530668648923317e-11,-1.253033114456354e-11,2.7451087280959365e-17,4.19613006431285e-17,3.3557060407163256e-17,-1.4627215028501152e-19,-1.0874758116849225e-19,1.8763824700866304e-19,-1.491129168675127e-19,1.0267757882306657e-19,-2.857070657821936e-20,3.389946389751691e-17,3.611805709660083e-17,8.301857773242663e-20,4.11898515822577e-17,7.539933815675233e-17,2.9243011538739376e-17,-1.22287352537886e-19,1.8762120462607417e-19,2.810623376666377e-17,3.6941466095065e-17,2.422003824478967e-20,4.6444501470029065e-17
-1.7492584141737567e-11,5.864394692161584e-17,5.3069628884501704e-20,1.133522156805588e-16,-1.6089569483715768e-14,6.85197103258618e-17,-3.75783198924925e-20,-3.211730233007086e-11,-4.3252704333084157e-20,1.122560938923602e-19,2.5228929038095884e-19,-4.2435144320814546e-19,6.0015292108505305e-12,-2.7381394686581944e-19,3.0271072467861644e-19,-2.3572408943187187e-20,8.483814460971264e-20,5.704020084122627e-17,6.306860952971086e-17,-1.6089761352400792e-14,7.034637384396854e-17,1.3772203546678206e-19,6.077056612451102e-17,-2.5400551525564225e-19,3.019652963232655e-19,6.326341672555076e-17,9.721056540401899e-17,-1.8046888952940773e-19,8.205760701209335e-17,-9.40318659846775e-21,8.747611758391582e-17,-1.6089802946683338e-14,1.137835435634752e-16,8.650262520560446e-17,-1.6090013759106465e-14,2.987097201053761e-20,6.247031730120388e-17,5.983821687914276e-20,4.0594179805102066e-19,7.649333606204577e-17,8.643703833072815e-17,-2.404046695910682e-19,8.138672086588777e-17,-3.2116656735812236e-11,8.662933813792058e-17,-3.211704258606648e-11,5.06193784025322e-17,-3.211697647080261e-11,-1.6089984894118304e-14,6.750047825173489e-17,-3.211684583065946e-11,5.827157362736561e-20,-2.1523498545351738e-19,-3.21169020225903e-11,9.045032444093148e-17,5.84623597038406e-17,6.87556924485521e-17,8.975331905741929e-17,6.3983372685816e-17,1.3487872630098203e-16,1.0000597906625522e-16,8.997493493087145e-17,-1.496031289421729e-19,-1.608970717997653e-14,1.1341716738965004e-20,-1.6089688223172628e-14,1.0892106438242866e-16,-3.2117164712579636e-11,1.1062547026788158e-19,-3.211683128629941e-11,1.3604499942397063e-19,8.136585644357885e-17,-1.6946135129601134e-19,9.670624686105804e-20,9.343964240286006e-17,7.64552590646769e-17,6.642575215111498e-17,7.56465077544513e-17,-6.341958173798304e-20,7.837939461630273e-20,-8.256367635062081e-20,6.349204377870676e-17,6.811692472879579e-17,3.2180199795082944e-19,7.808740054515504e-17,-2.1484130228546973e-19,7.275116808334853e-20,8.08234269314322e-17,1.114239000636645e-16,1.47843141080704e-19,4.7163900095943196e-20,1.288988471611997e-16,-1.9480778092064296e-19,2.3600424856097455e-20,1.053188306572587e-19,-3.2116978023792915e-11,4.9680068898841216e-17,-1.6089618433106334e-14,3.108854180128851e-20,-1.608955058124237e-14,5.3576837519385754e-17,4.275118473044061e-20,-4.028746831138545e-20,5.983417724202842e-17,2.666051973735724e-19,1.3912001662932509e-19,-3.2117170925355e-11,-3.211673260832169e-11,5.532532694154329e-17,7.779529229257664e-17,7.214204987288321e-17,1.5597055897714526e-19,-4.5811183612100594e-20,-3.288838114489202e-19,5.041695600803569e-17,7.631340969996086e-17,9.224996558289745e-17,6.280020616106492e-17,7.466860773909091e-17,6.272176623148149e-17,1.613834781545325e-19,-5.914187885516365e-20,5.657730420706551e-19,1.1763725461306672e-19,1.130500067344192e-19,-1.3757875439872403e-19,6.631809922339859e-17,5.737727372856944e-17,9.218206154178518e-17
