1.0000000033586325,8.274782788069641e-08,-2.6864641493062803e-08,5.3421073199859706e-08,2.514572249635571e-07,5.20364938844434e-07,2.240067111085071e-07,1.000000883398817,-4.6009056763390465e-08,-9.840635040484866e-09,1.0000009149622835,1.0029349143697446e-07,1.9040793102550467e-07,1.2540884652061269e-07,1.0000009668206782,2.2601367375770446e-07,8.426339594854863e-09,1.3521149275818538e-07,1.0000010365687473,2.0359163831479286e-07,2.9292725112971356e-08,4.510891249080762e-08,-4.339970263328626e-09,1.6766000978993143e-07,1.5951736940303217e-07,1.0000009722585677,1.1800518214458524e-07,1.0000009481573342,8.493500866430636e-08,-1.5468164244528377e-07,1.466203666718116e-07,3.758675955794181e-08,2.592039355785038e-07,-2.7523302140470635e-08,-1.4277727728427016e-08,8.0330967813173e-08,1.4714341176567172e-07,5.2214171975529816e-08,-1.564478143624457e-07,3.7319459013501827e-08,1.6263147376700519e-07,3.211053337014761e-08,-1.804711079627677e-08,6.896031034736346e-07,1.0000009144288886,-6.218419915111758e-08,5.650241894046453e-08,8.281416956884478e-07,1.6599139182334939e-07,1.3896397575419746e-07,-1.2156965736342358e-07,3.621589792224761e-08,1.0509793322929923e-07,1.5889398194824968e-07,6.033756621156406e-08,7.035115664815194e-08,7.103270898204379e-08,4.964222845024071e-07,6.651142788059879e-08,1.0000008748388785,3.679427432159092e-08,3.883123166838334e-08,-2.8944421551853155e-08,1.0000009058783226,5.505834641520019e-07,4.9825026724039395e-08,1.0000008860604774,-1.7858180815823884e-08,2.2888421497863207e-07,-2.7340571451633954e-09,4.5884940117929013e-08,-1.2651188611226398e-09,6.7827037005278e-08,7.968983140163504e-08,5.133005480132362e-07,1.5246176844116865e-07,5.573349593841513e-07,-4.057013179657597e-08,7.315842073833707e-08,5.663549911679542e-07,7.019669195437919e-08,1.0000008843278356,1.0000009814612718,-9.887744451868912e-08,7.1417713006319e-09,3.012615523392436e-07,5.7024919724719914e-08,1.0000008903094282,-9.936542483762438e-08,-1.7043699374180223e-08,1.5147190853312625e-07,2.3300813894713195e-07,2.6199535858837983e-08,3.976692377475965e-08,4.533338242964018e-08,-2.3328382007630954e-08,-7.321056674711581e-08,-2.6561997563118712e-08,1.28759281363305e-07,2.3632517405498087e-07,8.118144969859363e-08,1.0982346101081878e-07,-1.407586578351388e-08,1.000000887175442,-7.398753922940771e-08,1.8614291493611448e-07,7.842834501714974e-08,1.0000009197616484,-3.64180179442882e-08,2.7235464259147583e-07,2.1139232778454308e-07,5.6802451648217205e-08,-1.3771218519747632e-08,-1.0433683583629997e-07,1.3506447040460507e-07,1.1980831956026854e-07,1.0635188902604997e-07,1.0000008571073675,-9.579802406494594e-09,1.0000009307692028,-3.4608754456649825e-08,4.039840767874337e-08,1.3804437924586562e-07,5.186061414504553e-08,-2.0010888082298158e-08,-1.6590318366252914e-07,1.0000008182859363,4.048978216362861e-08,5.9145317387659084e-08
8.274782788069641e-08,7.002059672649602e-07,-5.907288190136484e-09,-6.6072156716055375e-09,-8.961776998784913e-09,-1.3695608901661564e-08,-7.872370429105784e-09,-1.2543996962406313e-07,-7.0657987488169205e-09,-7.1230689658504316e-09,-1.2334988833517604e-07,-1.3749684208265479e-08,-7.925079810060664e-09,-7.97032169258526e-09,-1.1941529325578835e-07,-7.77499940619874e-09,-1.1657485390378072e-08,-8.824598154009943e-09,-1.212753217876225e-07,-8.816110107268353e-09,-6.559927703987643e-09,-6.001597289877002e-09,-6.587781928788183e-09,-7.796065554047705e-09,-7.118494909810691e-09,-1.2209396428169747e-07,-1.1613277234607784e-08,-1.1912677710025255e-07,-1.0111155289565335e-08,-1.1520026131207281e-08,-7.868916361555286e-09,-5.8697612145358304e-09,-8.778169736626395e-09,-5.9250186263934096e-09,-6.0190482288273664e-09,-1.3741657066863503e-08,-7.986739609386403e-09,-7.918359344084914e-09,-1.0036608198956725e-08,-5.517046318772889e-09,-7.763815489301946e-09,-8.788893866629295e-09,-8.627689655466406e-09,-1.3655015139283527e-08,-1.19731320096794e-07,-6.530299175406395e-09,-7.758463285182941e-09,-1.6580139492529358e-08,-8.785976004050616e-09,-6.014750863301916e-09,-9.94251554062405e-09,-7.099725421279083e-09,-7.969572031418122e-09,-5.0557438166289744e-12,-3.5859686167770067e-12,-4.0039547168924684e-12,-4.358436075813396e-12,-8.361742657544954e-12,-3.587840441726751e-12,-6.06884012650368e-11,-3.920396615900662e-12,-3.6168646073123447e-12,-3.963902326921666e-12,-6.077644693672477e-11,-6.790377502487564e-12,-3.5657233044111496e-12,-6.20685222000823e-11,-3.897288638495804e-12,-4.466223103256058e-12,-3.5347520536580875e-12,-2.7694475005902744e-12,-3.5699951309739714e-12,-5.041519279323158e-12,-3.5660052571374537e-12,-6.8031812026149316e-12,-4.0145669456982825e-12,-6.801589348034378e-12,-3.542760018561808e-12,-4.445945887152944e-12,-6.812717309364763e-12,-4.429083441458354e-12,-6.135640063211577e-11,-6.274894878244638e-11,-4.967386790659641e-12,-3.540709449844165e-12,-4.469542222653581e-12,-3.310193287763683e-12,-6.09581155421885e-11,-5.772048284045403e-12,-3.557702637684843e-12,-5.781380345507111e-12,-3.940461887627577e-12,-2.9861179183470524e-12,-3.888185389827136e-12,-3.504854642061435e-12,-3.2795841885724857e-12,-3.284031403339195e-12,-3.2228956780139403e-12,-4.445592680829689e-12,-4.458880230143875e-12,-4.406727275985682e-12,-3.577348365941651e-12,-3.2744467862118053e-12,-5.943654626153987e-11,-2.9476065142761496e-12,-3.5546850545658714e-12,-3.27058204117078e-12,-6.021612024896917e-11,-3.1927710261794365e-12,-3.93781317801958e-12,-3.931088279069276e-12,-4.390202060468817e-12,-3.615536824145049e-12,-5.1191845072855235e-12,-3.949129230061887e-12,-3.5862113804153773e-12,-5.018572284218522e-12,-6.177571699150554e-11,-3.245317133999766e-12,-5.950545712519573e-11,-3.258057424525175e-12,-5.724312415316073e-12,-3.956077813934824e-12,-2.992466421001125e-12,-3.5621224604455495e-12,-5.045628554981277e-12,-5.6991447127180367e-11,-3.2679267256101454e-12,-2.987321428964842e-12
-2.6864641493062803e-08,-5.907288190136484e-09,7.023680556063941e-07,-2.756098705789101e-12,-3.737552376367822e-12,-5.71116695596387e-12,-6.560092588473061e-09,-1.2402528111409087e-10,-5.889752827778016e-09,-5.934284686195451e-09,-1.2316262746189247e-10,-1.1445244411300282e-08,-6.600104093121221e-09,-3.325279492030271e-12,-1.2153864511155998e-10,-6.483020817795877e-09,-4.860789600156161e-12,-7.350161433068542e-09,-2.441125070643806e-07,-3.6796348215762644e-12,-2.7372526815605752e-12,-4.999972286294368e-09,-5.485766748720593e-09,-3.2563727335127715e-12,-5.931805637299631e-09,-1.2264493953299198e-10,-9.667598713154498e-09,-1.2141965122292227e-10,-4.217346669813309e-12,-9.591499483661055e-09,-6.555912549610181e-09,-4.895021572540969e-09,-7.313522320146281e-09,-4.938074631020938e-09,-5.0135137127447356e-09,-5.728921155608203e-12,-3.3323913474374123e-12,-6.596908657202108e-09,-8.358278833065391e-09,-4.59671611208483e-09,-6.473570700747232e-09,-7.322390669225936e-09,-3.6044549307701156e-12,-5.695567756152452e-12,-1.2166893577713473e-10,-5.438557268800854e-09,-6.468401116086723e-09,-1.3804988176116756e-08,-3.667824872171162e-12,-2.510365757529552e-12,-4.148581934285568e-12,-2.9646351544659124e-12,-6.6363281519930936e-09,-8.402070363830564e-09,-5.961678628239549e-09,-6.654880235681256e-09,-7.251803479994653e-09,-1.389124229419475e-08,-5.965585292569118e-09,-2.439826067622529e-07,-6.52196003802052e-09,-6.010316261536411e-09,-6.589823659932497e-09,-2.4412564798248896e-07,-1.1285902878346145e-08,-5.9310999833606994e-09,-2.462481206385417e-07,-6.484768026562105e-09,-7.420307705923085e-09,-5.881024443379263e-09,-4.605998714179984e-09,-5.936483215861939e-09,-8.38100578667785e-09,-5.929623008954132e-09,-1.1310405585293586e-08,-6.671045305214504e-09,-1.1306376332492764e-08,-5.893715124816956e-09,-7.392148514816558e-09,-1.1321461846630855e-08,-7.362886563680275e-09,-2.450760101607899e-07,-1.239406418733952e-10,-4.13827657147513e-12,-2.9516257172268723e-12,-3.721925921159402e-12,-2.7562185881390165e-12,-1.224616997576817e-10,-4.806444299546284e-12,-2.9651833166724093e-12,-4.811985741593744e-12,-3.2839831398380225e-12,-2.4886401135410147e-12,-3.2420213947980093e-12,-2.9225243939108106e-12,-2.7319625392909024e-12,-2.7354892337357204e-12,-2.687178465942795e-12,-3.7021381590029384e-12,-3.713518212475959e-12,-3.671338126352316e-12,-2.9808947182016753e-12,-2.7281607395080564e-12,-1.2121084130906647e-10,-2.4576439948160796e-12,-2.962692060550792e-12,-2.7244714618768333e-12,-1.2185199278154098e-10,-2.6623749220475627e-12,-3.2815899810057807e-12,-3.276623462737981e-12,-3.6590980674013805e-12,-3.0113478312936e-12,-4.2597771330871984e-12,-3.290414820539579e-12,-2.987652004693271e-12,-4.179711668392215e-12,-1.2313852603490293e-10,-2.7044563432464765e-12,-1.2126639571649033e-10,-2.7146851928537473e-12,-4.769726052233205e-12,-3.2955663587961116e-12,-2.4934250498039325e-12,-2.968387507037416e-12,-4.202027370967457e-12,-1.1919523708441866e-10,-2.7220022982162905e-12,-2.4892545432127786e-12
5.3421073199859706e-08,-6.6072156716055375e-09,-2.756098705789101e-12,7.011186163890531e-07,-8.381888911949796e-09,-6.4191140840610685e-12,-7.344244930638265e-09,-1.578165473396495e-07,-6.5856331269445315e-09,-6.6481023302494455e-09,-7.80673300665836e-11,-1.2860045502766354e-08,-7.403568929875908e-09,-7.448038064355798e-09,-1.520397967909842e-07,-3.6284585779395697e-12,-1.0907434213221978e-08,-4.129420147031835e-12,-7.706440149392868e-11,-4.123781454736334e-12,-3.0691354435930146e-12,-5.599660933026732e-09,-3.083285477441996e-12,-3.639494222332907e-12,-3.3271199604399035e-12,-7.746217207246783e-11,-1.0858894992148161e-08,-1.517626844614388e-07,-9.453957974538988e-09,-5.39472709551674e-12,-3.679682415275458e-12,-5.463353912929822e-09,-4.105086743895932e-12,-5.522437494753994e-09,-5.618019979635844e-09,-6.444560420687095e-12,-3.738406230464163e-12,-7.39051644770352e-09,-9.377049132538515e-09,-5.145259844196616e-09,-3.6233524448835907e-12,-4.109816120395113e-12,-8.034886087119088e-09,-6.396139433826648e-12,-1.5234359332131812e-07,-3.0555903925099536e-12,-3.621428269135392e-12,-1.5498658283717026e-08,-8.197561962514024e-09,-2.8124458788677284e-12,-4.652720518912853e-12,-3.3163606765891753e-12,-7.44733461356601e-09,-4.7260014711925174e-12,-6.683172911718986e-09,-3.741410352591725e-12,-4.0623985104844085e-12,-7.823031654497937e-12,-6.684766616485544e-09,-7.699243499984904e-11,-3.65513142499686e-12,-3.3808315764838517e-12,-3.701835404721077e-12,-7.707889286290302e-11,-6.345071583487837e-12,-6.637823429186058e-09,-7.832047543905446e-11,-3.6318342169897194e-12,-4.1776914518706994e-12,-6.575507390829283e-09,-5.154625879436877e-09,-3.3317245569576513e-12,-9.39849949918088e-09,-6.6431133229219325e-09,-6.352798174804853e-12,-7.49134721279389e-09,-1.2680628125422107e-08,-6.592198856821423e-09,-8.285341760350685e-09,-1.2710796756840613e-08,-4.136960484331453e-12,-7.763932113610065e-11,-1.576135679709369e-07,-9.254639648266522e-09,-6.585363528640881e-09,-8.336911811332008e-09,-6.174138120620716e-09,-1.5420562557945308e-07,-1.0764833872398438e-08,-6.62032962710258e-09,-1.0794150819026758e-08,-7.335279134239499e-09,-5.5555408328681055e-09,-7.228799783176717e-09,-6.515194723894311e-09,-6.10964100134614e-09,-6.119102813986958e-09,-5.9906587874562156e-09,-8.29046618140926e-09,-8.314372223674057e-09,-8.209900261157807e-09,-6.661215871211995e-09,-6.097785136698758e-09,-7.579629567547212e-11,-5.4785902054737526e-09,-3.3142200968201247e-12,-3.0529247055190785e-12,-7.654680277863426e-11,-2.9727007544370017e-12,-3.673351851408409e-12,-3.665296155704809e-12,-4.093378139178624e-12,-3.3762795182349736e-12,-4.7917269994393805e-12,-3.6851117194044685e-12,-3.3472556321918676e-12,-4.6874632156521795e-12,-7.803721316291936e-11,-3.0262120058227293e-12,-7.586549019738941e-11,-3.039208168846174e-12,-5.3401388493852485e-12,-3.693120564528496e-12,-2.7913294208559363e-12,-3.3223628633344677e-12,-4.7126339162738634e-12,-7.345525793200277e-11,-3.0512311336977766e-12,-2.7860423958432788e-12
2.514572249635571e-07,-8.961776998784913e-09,-3.737552376367822e-12,-8.381888911949796e-09,6.959142231551781e-07,-8.715483574965045e-12,-4.991576772773993e-12,3.269409980949201e-11,-8.932115997301992e-09,-9.020414872513724e-09,3.406761915112894e-11,-1.745947109399643e-08,-1.0047953690929627e-08,-5.064678153863837e-12,7.317527628378305e-08,-9.820035351686066e-09,-7.420256240907417e-12,-5.603732261597185e-12,3.5442183375280486e-11,-1.1167867478396878e-08,-4.165242536299125e-12,-7.597838072512278e-09,-8.352987622114182e-09,-4.9354696190508394e-12,-4.513593996458708e-12,6.96686449783389e-08,-7.385895415421135e-12,3.684307134702474e-11,-6.429895412747137e-12,-7.322900245281099e-12,-9.964779437777503e-09,-7.40753835185023e-09,-5.569603333951394e-12,-3.753085544719478e-12,-3.819734150769253e-12,-8.75167845008341e-12,-1.0126872238855232e-08,-1.0027406253590424e-08,-6.376109406311207e-12,-6.980850555391564e-09,-4.913123618759801e-12,-5.5760113052868075e-12,-1.0894227783061503e-08,-1.7330421612850055e-08,3.6444699794486044e-11,-4.147092386856033e-12,-9.802031124906497e-09,-2.103757662281821e-08,-1.1121017142223676e-08,-3.816159702196844e-12,-1.2603111706818191e-08,-8.978496160003237e-09,-1.0108126903042846e-08,-6.414966856486178e-12,-4.543844545839188e-12,-1.0135770672312503e-08,-5.50939082589234e-12,-2.1200341971525622e-08,-4.544471645425576e-12,7.095269252865466e-08,-4.9577312827257866e-12,-4.5894404088858525e-12,-5.023627105496483e-12,3.5420251630452456e-11,-8.612102432832287e-12,-9.004307522759508e-09,6.73229727952524e-08,-9.831084308346058e-09,-1.1320738855926836e-08,-4.468148815663182e-12,-3.503619536531112e-12,-4.520564528751566e-12,-1.2754438831528008e-08,-4.515947446635358e-12,-1.7206713372404204e-08,-5.095081434641424e-12,-8.622074620227723e-12,-8.941578205311563e-09,-5.632572803596724e-12,-8.644482179945927e-12,-5.6141014102508225e-12,6.918119082670707e-08,6.555325296931224e-08,-6.291096023764036e-12,-8.931104094653224e-09,-5.6690249531577394e-12,-8.38071139698308e-09,3.516567003863816e-11,-1.4610827643269127e-08,-4.49906743579222e-12,-7.342700033810134e-12,-4.985045874765351e-12,-3.775668497599743e-12,-9.801858851015604e-09,-8.834242024689627e-09,-8.29041108459173e-09,-4.160308808509992e-12,-4.070015628677349e-12,-5.637392043702653e-12,-5.653239348081037e-12,-1.1139092857820164e-08,-4.527532447871427e-12,-4.145016472589555e-12,3.7173818750921694e-11,-7.429313384823224e-09,-8.97263021539455e-09,-8.268446962112471e-09,7.216340116545179e-08,-8.045314156621086e-09,-9.945687429139746e-09,-9.922420632310743e-09,-1.1081562174477523e-08,-9.1453434803897e-09,-1.2987846352681625e-08,-9.978928162053367e-09,-9.065017903730577e-09,-1.2697020850783234e-08,6.809833481798136e-08,-8.193954606381011e-09,7.402301477362738e-08,-4.123343419263907e-12,-7.2446452356172205e-12,-5.011135661376389e-12,-3.786927390997483e-12,-4.5070285813467375e-12,-6.39584056908222e-12,4.03744515055775e-11,-4.1406266203187446e-12,-3.779675372142253e-12
5.20364938844434e-07,-1.3695608901661564e-08,-5.71116695596387e-12,-6.4191140840610685e-12,-8.715483574965045e-12,6.807016898914217e-07,-1.522673327571236e-08,3.839821548604575e-07,-6.838808862000904e-12,-6.907314751120247e-12,3.881822496181965e-07,-1.3372175188762949e-11,-1.535852394377849e-08,-1.5452153852786194e-08,3.960881616690211e-07,-7.51830671983903e-12,-1.1343718553610447e-11,-8.565327226978352e-12,3.9238769521190047e-07,-8.552083334103743e-12,-6.366388521984222e-12,-1.161204719054585e-08,-6.396737962366048e-12,-7.542233987070536e-12,-1.3768553490939082e-08,3.907164000267523e-07,-1.1290463809844737e-11,1.9871730187707746e-10,-9.829106595758744e-12,-2.2342495775431887e-08,-1.523017460954901e-08,-1.131855078459504e-08,-1.6990820576586496e-08,-5.7353841087540424e-12,-5.837966371179373e-12,-1.3379623213302516e-11,-7.755340626100331e-12,-1.532587453919213e-08,-9.746251078881406e-12,-5.345138748789698e-12,-1.49854417351106e-08,-8.522425101581919e-12,-1.6647537394013498e-08,-1.3272705516074487e-11,3.9545083782180754e-07,-6.338654923690981e-12,-7.50464029234557e-12,-3.215809058906335e-08,-8.515695686772117e-12,-1.1641552591575163e-08,-9.651598210287594e-12,-1.37213023423076e-08,-1.5451002223833993e-08,-1.9572399305339264e-08,-1.3861994787507512e-08,-1.549314506345886e-08,-1.680511714095977e-08,-3.2409458900624506e-08,-1.3863575319214864e-08,3.9268424812791256e-07,-1.512265993878016e-08,-7.015391670393513e-12,-7.678521024359982e-12,1.9653770497132836e-10,-2.6274851056572362e-08,-6.894552780791006e-12,1.939336851045625e-10,-7.52701781296844e-12,-8.670615370584828e-12,-1.3628740557672908e-08,-1.0687319918535957e-08,-6.909104663050754e-12,-1.949518126725978e-08,-6.9021456705516314e-12,-2.6299839282318016e-08,-7.788450654538842e-12,-1.3178809136393201e-11,-1.3664754116275033e-08,-1.718347680645202e-08,-1.3214007072450839e-11,-1.7127799769309487e-08,3.8996799400906835e-07,3.8441139031949003e-07,-1.9192160871036543e-08,-6.837891156618077e-12,-8.665592822434102e-12,-6.418166933705748e-12,3.9153724314208975e-07,-2.233368677009955e-08,-1.3723397195940943e-08,-2.2404324397079074e-08,-1.5206418675861298e-08,-1.151651858714651e-08,-1.497849942498526e-08,-6.763387624019728e-12,-1.2670915644356555e-08,-1.2691514472051613e-08,-6.2192414939410035e-12,-1.7199136578026593e-08,-8.64115252249874e-12,-1.7025139990123556e-08,-6.919560179996378e-12,-1.26443091723495e-08,1.992238638791617e-10,-1.135233425910073e-08,-1.3712305087382909e-08,-1.263749634015738e-08,3.9453657731673533e-07,-6.159193352655712e-12,-1.5200235730136444e-08,-1.516404779366574e-08,-1.6935663604581425e-08,-1.3978275191606957e-08,-9.948111487158574e-12,-1.525149806402602e-08,-1.3854952902217946e-08,-1.940753758999312e-08,1.9452929661930946e-10,-1.2522347971253917e-08,3.9738571828187517e-07,-1.2577910359077595e-08,-2.209980611199552e-08,-1.5287378151673982e-08,-5.787621929212499e-12,-6.8880621695787e-12,-9.776065286844033e-12,2.0412686124237365e-10,-6.328702084435292e-12,-5.776381055970542e-12
2.240067111085071e-07,-7.872370429105784e-09,-6.560092588473061e-09,-7.344244930638265e-09,-4.991576772773993e-12,-1.522673327571236e-08,6.985477810827973e-07,2.4269909765242538e-08,-7.847936254111813e-09,-3.965217215155344e-12,1.3321910399496591e-11,-1.5286014429524515e-08,-8.807669315362985e-09,-4.438267763618083e-12,1.5528706182454517e-11,-8.633897047152605e-09,-1.2961536661846832e-08,-9.80666073710334e-09,2.8936271402879703e-08,-9.796074969062096e-09,-7.2901212383862e-09,-3.3408672894686977e-12,-3.668337044625137e-12,-8.658106953883873e-09,-3.962103971181317e-12,1.4026937200705243e-11,-6.468134723138357e-12,3.133726883332479e-08,-5.6313605777734755e-12,-6.415528370968485e-12,-4.380353826773201e-12,-6.517439368419884e-09,-4.886498102174691e-12,-3.297363466763713e-12,-6.688476167682749e-09,-7.655757264612922e-12,-4.447157468015706e-12,-8.79808605393432e-09,-1.1154715133877706e-08,-3.0709029575037066e-12,-8.621557709546226e-09,-9.765193732356302e-09,-9.58038147426888e-09,-1.51791424375326e-08,1.5351321353769872e-11,-3.6360442516895987e-12,-4.316787141376057e-12,-1.8429607271061238e-08,-9.761078731107507e-09,-3.3483620848456688e-12,-1.1049521975160791e-08,-3.951098887060874e-12,-8.85788757389098e-09,-5.619703605119076e-12,-7.9537410064316e-09,-8.882408256696818e-09,-9.662028270181229e-09,-1.855581244129121e-08,-7.95721243842551e-09,1.4573784049770777e-11,-8.691773669125583e-09,-8.02468044347769e-09,-4.405001595919916e-12,2.8910034816289873e-08,-7.5472197794095e-12,-3.96108568362356e-12,2.6021449383167403e-08,-4.328435482397031e-12,-9.910563094874294e-09,-7.836177706878219e-09,-3.0766994254128763e-12,-3.966580099359181e-12,-1.1182757818606777e-08,-3.9622409658119335e-12,-7.560019443198085e-12,-8.907259717333863e-09,-7.55887065664177e-12,-7.854496446677254e-09,-4.940313353334898e-12,-7.572767940113483e-12,-9.824348324428142e-09,1.3823836053835305e-11,1.226664452134473e-11,-5.519374954329749e-12,-3.93242456675607e-12,-4.967700249421892e-12,-7.3437196455612e-09,2.849816876584677e-08,-1.2804774893243968e-08,-3.9518445526761176e-12,-6.427685092708215e-12,-4.377260665112282e-12,-6.620632362347072e-09,-8.618076312736854e-09,-7.768183474634708e-09,-3.644139701895531e-12,-3.649255916457798e-12,-3.5789787553288714e-12,-9.861793635072236e-09,-4.955421673855529e-12,-4.896309639561084e-12,-3.974285927683965e-12,-3.638029330294583e-12,1.5973730184362964e-11,-6.5333526668086116e-09,-7.881040255695426e-09,-7.253671985578856e-09,3.015869777734578e-08,-3.545262326290137e-12,-4.374513745308273e-12,-4.366472954328743e-12,-4.876576094030331e-12,-4.017894326116457e-12,-1.1361881283263841e-08,-8.75743985231311e-09,-7.95326866492962e-09,-5.577280329389171e-12,1.3355813563680606e-11,-3.6051452331393247e-12,3.174627870345604e-08,-7.2247011528528856e-09,-6.3595329240709515e-12,-8.773940891332506e-09,-6.6356897887388585e-09,-7.89841069260652e-09,-5.6074770187472026e-12,1.870967085286076e-11,-3.6314487269521013e-12,-3.3187240351796216e-12
1.000000883398817,-1.2543996962406313e-07,-1.2402528111409087e-10,-1.578165473396495e-07,3.269409980949201e-11,3.839821548604575e-07,2.4269909765242538e-08,0.999997325517871,-1.2753052677088322e-10,-1.0860103393123712e-10,0.9999966224124126,-3.582879427191551e-08,-7.559127539150838e-09,-7.194252888159907e-08,0.99999662270928,1.2010301770902422e-11,-1.490083684147289e-07,-5.382782614296583e-08,0.9999967153978377,7.022222084686775e-12,-9.167223465505833e-11,-1.734309426896302e-07,-2.1603657348372882e-07,-3.384693366395379e-08,-4.783511929462504e-08,0.9999966628386546,-2.0358355674808016e-11,0.9999966002628686,-8.963618283903086e-08,-3.148954291267004e-07,-2.6437170182867354e-11,-9.211573400367013e-11,6.910741278126135e-08,-1.239952885367396e-10,-2.323335015805352e-07,-5.465946550412182e-08,-5.019533459281286e-08,-7.348694505858695e-11,-3.3267555618794683e-07,-9.340362936915616e-11,-1.977135254931818e-11,-7.913122294547979e-11,-2.1174619892368151e-07,2.7656061792690505e-10,0.9999965745404346,-1.3759712405987153e-10,-1.4542952301272277e-07,7.205035784348444e-07,-2.435167618492244e-08,-3.9746367484150985e-11,-2.989091291572916e-07,-1.7176191047084785e-07,-4.6212970403975744e-11,-1.6191945754246258e-08,-1.4588175399937234e-07,-1.267320619777402e-07,-1.2119907987400774e-07,3.914440999256406e-07,-1.3990370289887664e-07,0.999996552205709,-1.6388723007407092e-07,-8.31377713712352e-11,-2.2732656722307084e-07,0.9999965860989771,2.0599045664738524e-10,-7.904207142573374e-11,0.9999966006324591,-1.099117774191973e-10,2.1161245484610582e-11,-1.0592258516330517e-10,-8.910552836876914e-11,-1.0432580380896738e-10,-1.0835436326046697e-07,-6.378602040857274e-11,1.869531963611973e-10,-2.2028619099942e-11,4.176350382516757e-07,-1.247060335396588e-10,-1.1566713820922917e-07,4.2791813629973626e-07,-1.1861414552087653e-07,0.999996580647031,0.999996713004721,-1.3893929966230126e-10,-2.015433779736538e-07,5.6981897854734066e-11,-7.728668245216875e-11,0.9999965772245881,-2.599661260665674e-07,-1.1272691691261763e-10,-3.7438127494969574e-12,1.650006493586459e-11,-1.9335235179603505e-07,-1.624056335792352e-07,-8.243099840953189e-11,-1.182727035677333e-10,-1.4314860911964292e-10,-2.4198625286155027e-07,-2.9730942402465365e-11,4.831291427202111e-08,-1.086994988331264e-07,-9.730671727947002e-08,-2.27201029652315e-07,0.9999965328084682,-1.477716560701234e-10,-2.1871571794838596e-08,-6.739241377741399e-11,0.9999965863701233,-1.2656227984207144e-10,3.624768776250993e-11,5.4272342747080114e-12,-6.737813686428472e-11,-2.1929016296392353e-07,-2.765264987279539e-07,-3.224309229333232e-11,-4.3463790170219683e-11,-7.020880557887637e-08,0.9999965634756706,-1.1205846462421366e-10,0.9999965789125751,-2.4817653398567044e-07,-1.230551902131536e-07,-3.048912799952764e-11,-8.37676079981274e-11,-1.1403271243307286e-10,-3.418225008832469e-07,0.9999964007992307,-8.631479446909827e-11,-8.021457771543888e-11
-4.6009056763390465e-08,-7.0657987488169205e-09,-5.889752827778016e-09,-6.5856331269445315e-09,-8.932115997301992e-09,-6.838808862000904e-12,-7.847936254111813e-09,-1.2753052677088322e-10,7.002488490430999e-07,-7.1008178281263924e-09,-2.5246430357294724e-07,-6.865870992379373e-12,-3.957825629569364e-12,-7.944440992043649e-09,-2.485506982227856e-07,-3.883727962944882e-12,-5.8209191917134716e-12,-4.407036382379566e-12,-1.2545561529452224e-10,-4.402897147741345e-12,-6.538953706211159e-09,-5.982749641975406e-09,-3.289897064004387e-12,-3.894161323996974e-12,-7.096530590457752e-09,-2.5121540864873593e-07,-5.79919007523455e-12,-1.2438431951077486e-10,-5.049029088044373e-12,-1.1482227511189766e-08,-7.84417558042558e-09,-2.932191449247267e-12,-8.75059367212099e-09,-2.959409943295265e-12,-3.00606736754484e-12,-6.861408714762805e-12,-3.988562015911827e-12,-3.954666192128576e-12,-1.0004017257015085e-08,-2.7554568250827203e-12,-3.878162472384674e-12,-8.761125463668494e-09,-4.309661704922028e-12,-1.36102185598789e-08,-1.2468554443105452e-10,-6.509501157455774e-09,-7.735212245985188e-09,-1.6525948728202108e-08,-8.758504321556276e-09,-3.0039162322860195e-12,-9.910422256308196e-09,-3.546182505685389e-12,-7.943655782223632e-09,-1.0057968455223605e-08,-3.5745605413461216e-12,-3.991010536005036e-12,-4.345158198579772e-12,-8.333810268883505e-12,-7.138611531005623e-09,-2.5024705599065524e-07,-3.90842738022948e-12,-3.6050120274651624e-12,-3.9512670729615534e-12,-2.504214934591066e-07,-1.3509425668814946e-08,-3.554736923380284e-12,-1.2675036112746315e-10,-7.75552731000174e-09,-4.451344110367176e-12,-7.033934560562303e-09,-2.760823436187598e-12,-7.103286162125077e-09,-1.0030361067025463e-08,-7.095206946965744e-09,-1.3535718256202142e-08,-4.0014029159051455e-12,-6.779794366755811e-12,-3.5319691884796285e-12,-4.4317573832174135e-12,-6.790444390727489e-12,-4.414781612288069e-12,-1.2604189110753526e-10,-2.54337509880179e-07,-9.883271075016438e-09,-7.045881065580775e-09,-4.454945045369125e-12,-6.58561431786192e-09,-1.256453059129167e-10,-5.753286371777006e-12,-7.079441383113768e-09,-5.762097997725357e-12,-3.928334451122793e-12,-2.9769818059543206e-12,-3.8765652202409205e-12,-3.4945200872943006e-12,-6.525326646590597e-09,-3.2736845094455593e-12,-6.413753097532567e-09,-8.8445832519824e-09,-4.444498376345726e-12,-4.392854958949133e-12,-7.118140876339767e-09,-3.264234114611573e-12,-1.2413245251727552e-10,-2.9388915681557193e-12,-7.073410940125855e-09,-6.507327789844033e-09,-2.493081958134331e-07,-3.1834098242682937e-12,-7.835417956601714e-09,-7.822315046865244e-09,-4.376622810279644e-12,-3.604035202980242e-12,-1.0182975650134328e-08,-3.936788068770157e-12,-7.135514399085177e-09,-9.984656566014276e-09,-1.2645932750722273e-10,-6.457694501627598e-09,-1.2420073074777512e-10,-6.482850386074152e-09,-1.1389986830975878e-08,-7.871167708928436e-09,-5.9542688787456814e-09,-7.087934502348559e-09,-5.029378973003888e-12,-1.2170008176782019e-10,-6.50199085053604e-09,-2.9780726977068586e-12
-9.840635040484866e-09,-7.1230689658504316e-09,-5.934284686195451e-09,-6.6481023302494455e-09,-9.020414872513724e-09,-6.907314751120247e-12,-3.965217215155344e-12,-1.0860103393123712e-10,-7.1008178281263924e-09,7.001304939029875e-07,-2.1463203870865669e-07,-6.933830530311777e-12,-3.994422734263216e-12,-8.019058486135536e-09,-1.0552683661967051e-10,-3.913345253776308e-12,-1.1735841704652215e-08,-8.876381494788097e-09,-1.0647273360532342e-10,-4.441969833040336e-12,-3.3057866191774497e-12,-6.034226443842579e-09,-3.32040148387031e-12,-3.924588828418457e-12,-7.156674269890861e-09,-1.0689274335441597e-10,-1.1687912607057868e-08,-1.0537949140164268e-10,-5.098077894915707e-12,-1.1591797996937937e-08,-7.912697511200193e-09,-2.953518331812573e-12,-4.422529220019798e-12,-2.983224515315651e-12,-3.0326236754016945e-12,-1.3836812845712512e-08,-8.034870006952475e-09,-3.98922205560201e-12,-5.058687858052394e-12,-2.778565558648326e-12,-3.9078213894455286e-12,-4.4277117133336685e-12,-4.342060003481828e-12,-1.3741958364868271e-08,-2.1094718290073096e-07,-6.5689532625183636e-09,-3.905442511103161e-12,-8.358977100004147e-12,-8.83331604649211e-09,-3.0301710353826563e-12,-5.010680263622202e-12,-7.1358244042844924e-09,-8.018342749441549e-09,-1.0154226421755807e-08,-3.606703330330437e-12,-4.0284683203888614e-12,-8.741944607453313e-09,-1.6801117930975474e-08,-7.2016274593467175e-09,-1.0639483958626844e-10,-3.940281323230964e-12,-3.639578421759559e-12,-7.958095847797467e-09,-2.1253849287938892e-07,-6.831880502469461e-12,-7.154326312961344e-09,-1.0780282395397924e-10,-7.816711014006663e-09,-4.495589444200269e-12,-3.5521503464453522e-12,-2.7837622554703614e-12,-7.165122762480324e-09,-1.0121852722280696e-08,-3.585867221852986e-12,-1.365768177298817e-08,-4.0401114320227055e-12,-6.842001994978629e-12,-7.106923147240659e-09,-8.924520100320764e-09,-6.855513652161125e-12,-8.892247065020198e-09,-1.070784107800679e-10,-2.1654746601777518e-07,-4.995090004950739e-12,-7.1012932925667956e-09,-4.49687353784004e-12,-6.6477839069898325e-09,-1.0667522440467571e-10,-1.1590831984751368e-08,-7.137122488882065e-09,-5.819590734083012e-12,-3.961001779307139e-12,-5.9899757635954735e-09,-3.9061055135624315e-12,-7.0276858395061875e-09,-6.582641663064738e-09,-6.592280739366827e-09,-6.462229734254731e-09,-4.472525372504683e-12,-8.953029239614641e-09,-8.844822091720733e-09,-7.178553063792827e-09,-3.2922183280780785e-12,-2.0981698329148272e-07,-5.9101515214907975e-09,-3.5727774770677567e-12,-3.289014535528974e-12,-2.1140464297023514e-07,-6.4012544877381275e-09,-7.901375048264412e-09,-7.886060719409014e-09,-8.806874329646817e-09,-3.6366568593901266e-12,-5.154523188273875e-12,-3.9707131859558165e-12,-7.19803249512232e-09,-5.048159121009707e-12,-1.0750334570570971e-10,-3.2621449162539933e-12,-1.0519381269290029e-10,-3.2755073830994045e-12,-1.148658368893082e-08,-3.9784380250060175e-12,-3.008332343659377e-12,-7.147259866492965e-09,-1.0130351457204709e-08,-2.0485035781612843e-07,-3.2867816413914744e-12,-5.9938238320211755e-09
1.0000009149622835,-1.2334988833517604e-07,-1.2316262746189247e-10,-7.80673300665836e-11,3.406761915112894e-11,3.881822496181965e-07,1.3321910399496591e-11,0.9999966224124126,-2.5246430357294724e-07,-2.1463203870865669e-07,0.9999973330925903,-3.162262774822021e-08,-2.5958155453168123e-12,-3.4839536494471655e-11,0.9999966245455861,2.6264369958865825e-08,-1.4542679897457642e-07,-2.5642569155912596e-11,0.9999967179166361,1.6674076551416174e-08,-9.068374753013154e-11,-8.600150220523883e-11,-1.0724188381700081e-10,-1.5821442852708698e-11,-2.2913823613757156e-11,0.9999966657112136,-3.7084340889385924e-08,0.999996601984362,-8.655463555603988e-08,-1.5600755530696898e-10,-5.040301967079349e-08,-9.126371987302235e-11,3.592797132680844e-11,-1.2312127728748294e-10,-2.3053216613268388e-07,-2.526221600523965e-11,-4.77821952756423e-08,-7.230159729229167e-11,-3.2964297087594854e-07,-1.84776490778471e-07,-3.7177862853103804e-08,-7.781588901539791e-11,-1.0482994099420737e-10,2.786445589044801e-10,0.9999965765034058,-1.3661162805330532e-10,-7.172864455707109e-11,7.255437796537113e-07,-2.173706556935692e-08,-3.884609963405683e-11,-1.4825153453534085e-10,-8.500854249214086e-11,-4.5003543708355894e-11,-6.581499208096621e-12,-7.201509567886941e-11,-1.243122844715762e-07,-1.1864072205180957e-07,3.9656640483826456e-07,-6.902342056473687e-11,0.9999965546826743,-8.095564292387237e-11,-1.637411959494915e-07,-1.1270058868381864e-10,0.9999965886599875,4.15292532523802e-07,-1.5564719370863224e-07,0.9999966042236687,-2.1709207588600176e-07,4.49823233329185e-08,-2.0933703578629794e-07,-8.828572156395136e-11,-1.032597608771972e-10,-5.277130032712454e-11,-6.272036771283521e-11,3.7727024666437726e-07,-2.0805895769241557e-11,2.1126976114327383e-10,-1.2366103639872553e-10,-5.6620547862252237e-11,4.320516721865381e-07,-5.809560163287415e-11,0.999996583693386,0.9999967171051045,-2.7435924793650837e-07,-1.9946990745012287e-07,1.1645841315862387e-07,-1.5225136098277338e-07,0.9999965799949384,-2.5648024937625773e-07,-1.1167681518704565e-10,-3.9277752866646375e-09,1.7667398311541276e-11,-9.599902014720992e-11,-8.02361414400764e-11,-8.140903128287664e-11,-2.3410667754404234e-07,-1.4216425644810403e-10,-1.203025012247803e-10,-5.6648944247885934e-08,5.100009311352609e-08,-1.0606973672890079e-07,-4.769442890692771e-11,-1.1285807256153254e-10,0.9999965343369623,-1.4691289740913423e-10,-9.917744009262964e-12,-6.641347685758125e-11,0.9999965885304382,-1.2563390244156716e-10,7.470572314844963e-08,6.587844260307444e-12,-1.318905355723753e-07,-2.171202305185424e-07,-2.733736199754179e-07,-3.106595485464852e-11,-4.23916107634071e-11,-3.36675378649272e-11,0.9999965668194578,-1.1109811508462361e-10,0.9999965805180783,-2.4624421907303607e-07,-1.1966000779784924e-07,-5.8478538878578183e-08,-8.287909272422292e-11,-2.2549332248030106e-07,-3.3878861186608136e-07,0.9999964004405523,-8.533373497695698e-11,-7.932911256727815e-11
1.0029349143697446e-07,-1.3749684208265479e-08,-1.1445244411300282e-08,-1.2860045502766354e-08,-1.745947109399643e-08,-1.3372175188762949e-11,-1.5286014429524515e-08,-3.582879427191551e-08,-6.865870992379373e-12,-6.933830530311777e-12,-3.162262774822021e-08,6.805066471437371e-07,-1.541639811882368e-08,-7.770739165419158e-12,-1.1880203789789518e-11,-7.548613909237856e-12,-2.2723680975071377e-08,-8.59778391901558e-12,-1.3738118226668533e-11,-8.584848373176641e-12,-1.2755250996760896e-08,-1.165701863505442e-08,-6.420796679159016e-12,-7.5723953132987e-12,-6.925044974406015e-12,-2.908549238575318e-08,-2.2618372949428964e-08,-1.1588663831537466e-11,-9.865430378834532e-12,-1.1235530365163558e-11,-1.528878969710357e-08,-1.1364743307364791e-08,-8.545382874970892e-12,-1.1492914695203519e-08,-5.860324941613956e-12,-1.3427689622378354e-11,-1.5537535942878094e-08,-1.5384855334819123e-08,-9.78285568749237e-12,-5.366047942584697e-12,-1.504576315879885e-08,-8.555238056684277e-12,-1.6714867422275698e-08,-2.6590046218609178e-08,-2.4343353856637035e-08,-6.362572404866606e-12,-1.5038984330042445e-08,-1.617175099567323e-11,-1.7062990949508554e-08,-1.1686455832349549e-08,-1.9337014680415122e-08,-1.3775328803015477e-08,-1.5508841356911364e-08,-9.842490207234571e-12,-1.39147613048998e-08,-1.5551133831111247e-08,-8.453005571849534e-12,-1.629683546684616e-11,-1.3916711730078956e-08,-2.7115460270916923e-08,-7.606484510591479e-12,-1.4054351081040287e-08,-1.5384049049777036e-08,-2.7480446915736973e-08,-1.3213549243215569e-11,-1.3815021390416671e-08,-1.6378958070235333e-11,-7.556944708085952e-12,-8.702349238276085e-12,-6.855245089011757e-12,-5.37550124014165e-12,-6.9356790984171286e-12,-9.804361136597898e-12,-1.382938164948241e-08,-1.3226875968619107e-11,-7.817260149995373e-12,-2.6404060625734587e-08,-1.3718610199101351e-08,-8.642053144131581e-12,-2.647282263579343e-08,-1.719267002838761e-08,-2.983326791843455e-08,-3.5399758127309504e-08,-9.652458920712828e-12,-6.865132637190035e-12,-8.698078491624527e-12,-6.442126642841094e-12,-2.825998318090439e-08,-2.241742703570527e-08,-1.3777408335768553e-08,-1.1265930341822179e-11,-7.648476794581074e-12,-5.7927291896136606e-12,-1.5038837673215167e-08,-1.355386983599144e-08,-6.372656574748493e-12,-6.382854139155922e-12,-1.2463426174600333e-08,-8.649374307894947e-12,-1.731236857706007e-08,-8.562597907197227e-12,-1.3864829078193518e-08,-1.2693244248431134e-08,-2.2110623579037908e-08,-5.710578455300068e-12,-1.3766383555275617e-08,-1.268595896214583e-08,-2.525783804420448e-08,-1.2343285089357708e-08,-1.5259577630843305e-08,-1.5223885255641013e-08,-1.7002503383381393e-08,-7.0298610976775744e-12,-9.983833095690728e-12,-1.5310513224983526e-08,-1.3908208163675314e-08,-9.76028364809011e-12,-3.149472046127132e-08,-1.2571391218367846e-08,-1.1228468616659979e-11,-1.2626743603832307e-08,-2.2185916082240957e-08,-1.534600032608966e-08,-1.1596890731236447e-08,-1.3801922058177029e-08,-9.813044043976313e-12,-6.170478992511019e-12,-6.352799352799848e-12,-5.798963045495017e-12
1.9040793102550467e-07,-7.925079810060664e-09,-6.600104093121221e-09,-7.403568929875908e-09,-1.0047953690929627e-08,-1.535852394377849e-08,-8.807669315362985e-09,-7.559127539150838e-09,-3.957825629569364e-12,-3.994422734263216e-12,-2.5958155453168123e-12,-1.541639811882368e-08,6.984164517041882e-07,-8.929653190558008e-09,-6.614792836907895e-10,-8.687555130331911e-09,-6.55071703364515e-12,-4.951240593627243e-12,-2.7781382496027977e-09,-9.869401799836583e-09,-3.680399341765622e-12,-6.716009767611198e-09,-3.697183053966373e-12,-4.3656068318591244e-12,-7.964326416456074e-09,-3.724561404321214e-09,-1.3018365054963386e-08,-3.306765094900907e-10,-5.678289219803046e-12,-6.467881786008648e-12,-8.807316990935072e-09,-6.55526930310063e-09,-4.9225811197460844e-12,-6.624733305986017e-09,-3.3757761662339997e-12,-7.724603067882808e-12,-8.946510864612337e-09,-8.862648598311777e-09,-1.1242863400565073e-08,-3.092097699378042e-12,-8.675380665178658e-09,-4.9283433441665506e-12,-4.8291112163448596e-12,-1.530525307542198e-08,-5.205387338026299e-13,-7.313584024279664e-09,-8.670767102395537e-09,-1.858078280885699e-08,-4.925366180151442e-12,-6.732046382587452e-09,-1.1135229223738006e-08,-7.939533059986137e-09,-4.473524859572124e-12,-5.665796754216512e-12,-4.015194478223157e-12,-8.953598494960448e-09,-4.872561432519952e-12,-9.377501575372056e-12,-4.016300104811869e-12,-1.3129901808752092e-12,-8.750423666751298e-09,-4.0534274975427156e-12,-4.438883429293296e-12,-2.8112074627196083e-09,-1.5184475841521156e-08,-7.961097129252517e-09,-2.8979156468904178e-12,-4.356541954881618e-12,-5.007920636398526e-12,-3.951743298733007e-12,-6.1829220768216794e-09,-3.9956006469300185e-12,-1.1269266657104454e-08,-3.991353955790006e-12,-1.5204615640239593e-08,-8.98120676284289e-09,-1.520479167301089e-08,-7.907176951544186e-09,-4.977505943014675e-12,-7.634934639300327e-12,-4.960253127311948e-12,-2.0842871629263415e-12,-7.317417630462412e-09,-5.560113428370818e-12,-3.957784043957139e-12,-5.007611712072441e-12,-3.708938226096167e-12,-1.6331638928799846e-12,-6.466524036443631e-12,-3.978492431099936e-12,-6.483013240336235e-12,-8.797352105183032e-09,-6.6644184978125006e-09,-4.344526619156345e-12,-7.815993353170228e-09,-7.327177387566763e-09,-7.338376708113005e-09,-7.187235540094008e-09,-9.940142141916544e-09,-9.968644176547653e-09,-9.845014718163021e-09,-4.002490571250967e-12,-3.66407165207156e-12,1.159898857648806e-13,-6.573109921042852e-09,-3.975178913846263e-12,-3.661127190956152e-12,-7.795440044235132e-13,-3.566570802793012e-12,-8.792793140761762e-09,-4.395982421594808e-12,-9.799046250589023e-09,-8.080997964717475e-09,-1.1463782350778733e-08,-8.820737847932168e-09,-4.014083088639793e-12,-5.620526318628106e-12,-2.5601583102221224e-12,-3.6298649238050076e-12,3.38944391280204e-14,-3.645226237026485e-12,-1.2783243168800952e-08,-8.839350148750486e-09,-6.6821948576368176e-09,-3.9847594327418586e-12,-1.1279082434756992e-08,5.826570287805322e-09,-7.3031411651979354e-09,-6.6698954188238225e-09
