1.0000000000000253,-5.154499074911387e-12,-2.3384465861601908e-11,2.5341434508066246e-11,-9.388198854843905e-12,-7.268955063863975e-11,-2.3069129371169837e-11,-4.944755031454868e-11,4.5157661527763574e-11,-1.3017661846269823e-11,-4.7542050395217e-12,4.476721985495198e-11,2.866651938219885e-11,-2.491813193097122e-11,-2.4013042812750616e-11,1.0000000000136329,4.163839006254299e-11,-6.359261938222181e-11,1.4934512805331442e-11,-1.0560804306378392e-11,-5.7023208294217335e-12,-3.3885873796850085e-11,1.00000000001344,1.0000000000279965,5.6198576470616095e-11,-2.0444772059079337e-11,3.004664425805369e-11,-6.080442479056988e-12,7.813238200868635e-12,-2.5034230254402818e-11,1.0000000000200808,5.072583632088483e-12,1.146996127559241e-10,9.670433851013345e-11,-5.2255620942202365e-11,-5.229952644799606e-11,0.9999999999861503,-1.7756055627784321e-12,1.782871294223583e-12,-3.367082245686016e-11,-1.8219408627435346e-11,-1.131321801313733e-11,-4.715382183887971e-12,-2.9421442945171774e-11,-1.3426606841158985e-11,-2.605945112826232e-11,-3.938730955035196e-12,4.465738985295114e-12,-5.6717935766885935e-12,-6.08782818618601e-12,1.000000000033687,1.10767423292718e-12,-2.0678674296396808e-11,-4.200255802037629e-11,-7.6605094038172e-12,1.0000000000275597,-1.0547997324780551e-13,-6.877429527146926e-12,-1.9048355003674028e-11,3.106257630519558e-11,-9.254920989111026e-12,1.0000000000017482,9.782497757417687e-12,3.6631358510419294e-12,-4.4940895009055645e-11,9.167549854686212e-12,1.000000000047578,-8.410262904045976e-12,1.943622035309741e-11,-6.60687602453949e-11,-1.9997126499888465e-12,3.5280481298652512e-12,-2.4815714266042445e-11,0.9999999999982881,1.4596010157518437e-11,1.0000000000225286,4.622598728263969e-11,-1.3630210531876383e-11,2.2393823119776893e-11,-2.577405697390472e-11,1.0000000000540372,0.999999999958541,8.860189784668553e-13,1.0737572401333881e-11,1.1694969131484794e-11,-9.356669271679008e-12,-2.0012518163525287e-12,2.8560916466732326e-11,-1.1623288215419043e-11,-1.669874674871495e-11,-1.7829157876989797e-11,-9.29923071657565e-12,2.5492378370454586e-11,3.3723533842810925e-11,-7.442654578553787e-12,1.0000000000001168,1.847627015612681e-11,1.116943012440816e-12,8.241105605302985e-13,-5.496730549789938e-11,1.1467332280119087e-11,1.0000000000248372,1.0762855242195774e-11,1.921784097490273e-11,1.0000000000496971,-3.750348933197147e-11,2.4767257637076256e-12,1.0000000000045706,1.245411293423264e-12,-7.400099761541154e-11,-2.9327487256503177e-11,1.3943091840364682e-11,5.844247933001997e-11,-2.725855911572066e-12,2.8617590866723037e-11,2.2478451087558513e-11,1.0000000000119402,7.958550311589678e-12,1.0000000000160867,-7.594330276754689e-12,7.969590393332334e-11,-1.9041063715153167e-11,3.502630805042707e-11,1.0000000000544593,-2.0892798881749473e-11,-1.8478822124890836e-11,-3.377298317534872e-12,-5.775427707112003e-11,2.8479075067170782e-11
-5.154499074911387e-12,8.792420811909638e-13,4.3980351197733003e-16,4.3636874065087193e-16,3.99637917743873e-16,5.883453013093196e-16,5.282328498378797e-16,7.75814988830782e-16,4.865602319479231e-16,5.93034728198739e-16,5.47477445323016e-16,4.3842423235142565e-16,5.636333499331507e-16,3.8946859479862807e-16,5.209601647809539e-16,5.478928958250372e-13,3.2086618461297613e-16,5.729857011227642e-16,4.424642365517989e-16,4.45709250395374e-16,6.915229236408842e-16,7.917778498709739e-16,5.476785249198061e-13,5.474347614061541e-13,5.153022270999008e-16,7.456417614709787e-16,4.828825522784266e-16,4.685209406375215e-16,5.507508691017468e-16,5.92731545395924e-16,5.476924498427043e-13,4.523963257947128e-16,5.545098295322215e-16,6.37103754839303e-16,6.763321367052283e-16,6.815182593253629e-16,5.48066674219339e-13,4.3583525361885667e-16,5.372660671700132e-16,6.4765118048971e-16,5.316465141415456e-16,5.398174928245515e-16,7.714733790117636e-16,4.654410673157379e-16,5.304679190297055e-16,5.432989544536977e-16,4.749738189300098e-16,3.9753182874115025e-16,5.917093257065789e-16,4.978419482472344e-16,5.47703240839429e-13,5.457710877897469e-16,4.638067663163183e-16,4.944859524383288e-16,6.309369514029354e-16,5.48121375341645e-13,4.669637095382728e-16,3.2430536219948145e-16,3.75160416919423e-16,2.1495711557168858e-19,1.0765216562271617e-19,2.745978846865919e-16,3.1331962190055328e-19,6.174466002019629e-19,2.502514710908283e-19,1.2115343151602284e-19,2.7489533386675525e-16,1.6650335814597807e-19,1.5289508212952498e-19,8.124154758330627e-19,5.925236715600428e-19,4.3125351043718314e-19,3.3328411778925477e-19,2.7420817438461716e-16,2.7119081892887805e-19,2.7405689944199926e-16,1.9561147950025837e-19,1.3350872937321705e-19,9.663917582426347e-20,2.211840569125475e-19,2.7410057306978497e-16,2.740679551690243e-16,5.266617387637297e-19,2.1335230487972134e-19,5.997579193310598e-20,2.0800359733075318e-19,1.1979515296588802e-19,4.222769507027144e-19,4.380915122003238e-19,3.0514857934393764e-19,2.2772371388841777e-19,4.8464227549667e-19,3.345210106220313e-19,-3.5972303134328177e-19,1.4087576443105937e-19,2.7441306990326903e-16,9.08404334273115e-19,2.649793405735317e-19,2.488818964576342e-19,3.220634920160709e-19,3.501297992764384e-19,2.7472579479119354e-16,-6.045621765207354e-19,3.94058917126296e-19,2.745543810107179e-16,4.611042403262769e-19,5.900164044241453e-19,2.7437735514893804e-16,3.7744783047672415e-19,2.2133089339420096e-19,2.0653752705905313e-19,6.590693015980116e-19,3.505251962258277e-19,2.0169585969745248e-19,2.4030989475890274e-19,5.299812621709587e-19,2.739692832918484e-16,3.0753340180141173e-19,2.7402011222608737e-16,9.796724193462654e-19,6.977983069920443e-19,5.045839762065248e-19,2.5642629282887674e-19,2.743093046897066e-16,-3.3739658913169723e-19,2.546803235434626e-19,1.9221298322222945e-19,1.1368288158740307e-19,4.522658987896028e-19
-2.3384465861601908e-11,4.3980351197733003e-16,8.791857234301925e-13,4.239153938881437e-16,3.921763732503252e-16,4.966155279304233e-16,1.956876735257342e-19,5.31017578260579e-16,4.3657285950513497e-16,3.719720605504144e-16,1.8045162492225365e-19,5.143945429727918e-16,3.846777418279343e-16,4.1244940048287136e-16,-1.0799265915985742e-19,-8.858711471385203e-15,3.224626155767582e-16,3.4508305648088753e-16,1.549801298650642e-19,2.674466342252443e-16,5.855646842079845e-16,3.3852267312311e-19,-8.858801099963496e-15,-8.858804821866563e-15,5.281335172113563e-16,6.675494571010455e-16,3.7258794266849913e-19,-1.8136668144662665e-19,3.1012032509856933e-19,4.885434474395527e-16,-8.858609258532043e-15,2.1651937405853625e-19,4.598595998253963e-19,2.7527506726750913e-19,6.113210233813401e-16,6.243494704327854e-16,-1.7682454280549816e-11,4.432770686052542e-16,5.286776390636652e-16,9.509853397473222e-19,3.4473686584450343e-19,5.952626198947311e-19,4.857735430455804e-19,1.3371550452158912e-19,3.694972604428255e-19,4.29112379810837e-16,1.8540417056252282e-19,3.0935448095143934e-16,1.519855102144447e-19,-2.935002397423257e-19,-1.7682850273167054e-11,3.164138660111097e-19,3.115704332814146e-19,4.58735803569324e-16,2.46021859964407e-19,-8.858878287531611e-15,2.9784238290418475e-19,3.157752159105411e-19,5.399049828728099e-19,5.098235648975147e-16,3.7994836762235074e-16,-1.76822738002895e-11,3.294993852537394e-16,6.578574798392256e-16,5.054181480551303e-16,4.115167237485743e-16,-1.7682157467672656e-11,3.0050714326622326e-16,4.1388237221263587e-16,5.134950041847109e-16,3.482815915887268e-16,5.649259398770836e-16,3.8896496661789767e-16,-1.7682889891777216e-11,6.277278317344607e-16,-1.7682518722456513e-11,4.557742006449457e-16,4.335947631391955e-16,4.709573531823547e-16,5.821037869347025e-16,-1.7682493862054824e-11,-1.768301003404587e-11,7.833087294213868e-16,4.772524126590275e-16,3.9581591718807595e-16,4.201630147642603e-16,5.28691313652031e-16,4.823156596676912e-16,4.619611013796968e-16,3.504945969225435e-16,4.456027912780838e-16,2.0782234645295036e-19,1.352357552092129e-19,3.3505036224557985e-19,-4.2745291011631636e-19,-8.858658032996281e-15,-3.942818606955899e-20,5.262186446354464e-20,3.580308007884249e-19,4.511084450518979e-19,2.383842641538911e-19,-8.858106600741027e-15,3.9632658013236815e-19,3.030725626317247e-19,-8.858196849882254e-15,1.2373622536067627e-19,2.4841448275888106e-19,-8.858780720828555e-15,-1.1262189608215196e-20,4.1682142560632377e-19,2.026692827491912e-19,2.30878576878344e-19,3.1237124708318853e-19,1.1579280432369954e-19,6.097850082489833e-19,3.884034444106154e-19,-8.858658029162207e-15,6.11086685123459e-19,-8.858740916849331e-15,1.4253912918714227e-19,-1.1181251470076144e-19,2.8658418582756846e-19,7.454681413549637e-20,-8.8585399470508e-15,-1.261383554407167e-19,1.007174588287923e-19,6.774719237243937e-19,2.430232350241902e-19,5.674130932636518e-19
2.5341434508066246e-11,4.3636874065087193e-16,4.239153938881437e-16,8.792224647127582e-13,4.2546105428014556e-16,2.2896181909603875e-19,1.2567794555611415e-19,1.9067571012665865e-19,4.060309286369953e-19,2.577992936727957e-19,5.531384511793506e-21,7.420638644512114e-19,3.809354455370583e-19,4.459973643427141e-16,1.3555589205627536e-19,3.104467687170844e-11,-6.564612320660273e-20,5.190890038595808e-16,1.0374824127755292e-19,1.5244897043486586e-20,6.684683330489083e-16,4.937725858989903e-19,3.1044405370341944e-11,1.555206644163854e-14,5.941490516744836e-16,4.3190970173210646e-19,1.9389889298104783e-19,4.114626531341034e-16,2.8911470156670537e-19,5.923514113408214e-16,1.555267599914811e-14,4.69513227021698e-16,4.116662396214101e-19,-6.020593231170139e-19,6.873000907932273e-16,6.84610214660196e-16,3.104476756453842e-11,4.25555158847376e-19,3.3540999712396634e-19,6.294016143278949e-16,5.222287415112249e-16,2.4546027578903455e-19,2.816612816138542e-19,3.5237253211148572e-19,2.9277984363071196e-19,5.082035313399944e-16,4.856624042076377e-16,3.882419645331789e-16,5.852230001923462e-16,6.75266658922459e-19,1.5552243700545703e-14,5.171876775993602e-16,2.6384069972464255e-19,5.147752437919631e-16,6.343024468635287e-16,1.5552555141105625e-14,5.069855825219002e-16,-3.0420047288913782e-21,2.025537536573742e-19,5.764504478383422e-16,1.3953046698344065e-19,3.104495904280824e-11,4.3566272430328013e-16,3.656745363838191e-19,3.5896215785774115e-19,4.895743043042469e-16,1.5552420965174855e-14,3.7397800981269013e-16,1.0649336985026375e-19,4.404148232597188e-19,4.820952129984442e-16,6.369036261655231e-16,2.5965248266618584e-19,1.555229446346771e-14,4.155781739339377e-19,1.5552488078770204e-14,1.5907243344349326e-19,2.0904960678140237e-19,5.411818437357355e-16,6.717962102126831e-16,3.104474397589528e-11,1.555211647483547e-14,9.10988887099894e-16,5.401180579557732e-19,4.654258094247722e-16,5.59115073218989e-20,6.225160970298197e-16,3.1934358727712395e-19,3.3273260224040524e-19,4.935979252486222e-16,7.457425067192594e-19,4.2690252434665917e-16,7.232798591137978e-16,5.424528790199048e-16,4.391672041312224e-16,3.1044482405934174e-11,7.228850504209632e-16,6.202384854805304e-16,5.298970546014151e-16,5.787092369237238e-16,6.004390141837827e-16,3.1045202191303354e-11,5.445038616412905e-16,5.731054646395129e-16,3.1045024966282486e-11,5.216745672768115e-16,6.415999550914192e-16,3.104479645135687e-11,4.485793415038028e-16,3.8677083953645933e-16,7.034358326685873e-16,5.694258404158844e-16,7.127321994066647e-16,2.122196273051716e-19,1.3279353548853588e-19,4.384736829670608e-19,1.5552434773020813e-14,1.154974126568173e-19,1.5552373073280684e-14,1.3501642796626341e-19,2.0585276037273662e-19,2.1527883713424132e-19,2.9184363285111206e-19,1.5552560384802112e-14,2.5166464188281004e-19,-2.13566258868657e-21,2.2755653976056447e-19,-6.973484675955647e-20,3.5502847482616617e-19
-9.388198854843905e-12,3.99637917743873e-16,3.921763732503252e-16,4.2546105428014556e-16,8.792309674208595e-13,5.201507418444243e-16,4.579488365271924e-16,3.5057176742022043e-19,5.18461449922147e-16,4.040691196880374e-19,3.75611416969934e-19,4.636739189568875e-16,5.983188178229598e-20,4.3337720373853915e-16,2.5185989011554545e-19,-1.8483094158522454e-15,3.59801890635159e-16,4.908610305218533e-16,3.4223886042594147e-19,3.7902012874263448e-16,6.200076419243663e-16,6.934426141030432e-16,-1.848055848273491e-15,-1.8482659059334764e-15,3.5516197171793886e-19,7.336923622255118e-16,-3.385407697006258e-19,8.995604346494584e-19,6.594343422319875e-19,5.61461255192052e-16,-1.8482259024469057e-15,4.580859435560024e-19,6.002712908382714e-16,5.943364254010705e-16,2.9816522523844264e-19,6.30036685482095e-16,-3.688814916372834e-12,1.198502924541564e-19,-1.7677158299098073e-20,5.80919931618039e-16,3.3127988571628243e-20,4.464808916503561e-16,6.894083615605566e-16,4.588001336629366e-16,2.0024450293685682e-19,3.945886311138798e-19,3.070411414428656e-19,3.66325313501599e-16,5.515563436331002e-16,2.226014920019981e-19,-3.689160462633069e-12,3.464189800947147e-19,4.600127725968815e-16,4.798519910614816e-16,6.24411124109165e-16,-3.688755334827159e-12,6.11439249006967e-19,3.418233844068957e-16,2.8029603343875296e-19,5.179900496141279e-16,3.882945919383856e-16,-3.688629539780334e-12,2.306841616408244e-19,6.889560495677934e-16,4.108862412528468e-19,2.0428148453831034e-19,-1.847837091732213e-15,3.5005280117925e-16,3.596036843219325e-20,6.414066406510165e-16,1.009768391871796e-20,5.369821261109294e-19,-1.0413580135453763e-19,-1.848462049702721e-15,6.882705837983786e-16,-1.848095042932082e-15,5.79148340732994e-16,7.438069402422983e-20,1.6596898511595973e-19,6.229230914225851e-16,-1.8480438601334114e-15,-1.8482903990215047e-15,8.460052669962802e-16,2.8317981938317207e-19,4.458166875696939e-16,2.9773937158714034e-19,1.329862576964823e-19,6.217467704367819e-16,5.34386538440262e-16,2.0262812533799604e-19,5.246551043361429e-19,3.9958294788966656e-16,6.771822494945122e-16,3.003736735811056e-19,1.6010204342325772e-19,-1.8479591473495653e-15,7.049403155349643e-16,4.145524736383964e-19,-1.3812366078634267e-20,5.516790620493255e-16,5.670132221841729e-16,-3.688410435274038e-12,5.124468548752343e-16,1.9879196884758677e-19,-1.847764238697711e-15,4.991715644624683e-16,6.193989652026012e-16,-1.8474754326323774e-15,4.2527074898369533e-16,2.6522218088144857e-19,4.445713705920977e-19,2.719936038041327e-19,6.665094699936393e-16,3.7019727449481533e-16,4.2258461969493123e-16,6.305248818158552e-16,-3.689495226971875e-12,6.071140022400381e-16,-3.689335998377883e-12,3.8990361646751994e-16,6.094390826136871e-16,4.80064966266754e-16,6.067535766296053e-16,-1.8480803106403533e-15,2.5519969802327906e-19,1.597930137068765e-19,3.099600881419374e-19,2.4190304531799934e-19,3.3831924805177246e-19
-7.268955063863975e-11,5.883453013093196e-16,4.966155279304233e-16,2.2896181909603875e-19,5.201507418444243e-16,8.794820151344616e-13,5.853526751746647e-16,8.37746913139871e-16,6.218252992386965e-19,2.413992009127733e-19,2.3135694384187657e-19,3.996198450554947e-19,3.0164757386377706e-19,5.956657913303724e-16,5.100511352055996e-16,-6.698177846515989e-11,7.670558871253828e-19,5.071285655790301e-16,4.095241524750963e-19,3.262142825242359e-19,8.557121525581683e-16,9.933130131314954e-16,-6.698215549744152e-11,-6.698240410562843e-11,7.657864097852576e-16,6.706737866749978e-19,-2.3495474779191157e-20,4.537637804786368e-16,7.329321932576738e-16,3.4069698239326156e-19,-3.355650166898835e-14,3.288339486022374e-19,7.762487681554846e-19,4.0311348840114204e-19,8.423506813175362e-16,8.675383680421492e-16,-3.3555448022777876e-14,1.0002203755850744e-18,4.020664532192266e-19,8.028222327327039e-16,4.158088207339511e-19,2.481725576344083e-19,9.20723469165273e-16,6.31655109040963e-16,2.3277059131960336e-19,6.032258568869384e-16,5.598490828519918e-16,4.175313722329454e-16,7.617148319074211e-16,5.5043281231722215e-16,-3.355641281505444e-14,1.3092267293832385e-19,6.245659341610035e-16,3.4066476994574023e-19,7.212395174520634e-16,-3.3556309773783956e-14,6.772842848985461e-16,3.4583384070179183e-19,1.6280648151403608e-19,6.209511607181425e-19,3.7554544208388574e-19,-3.355604611670157e-14,-2.71085534282882e-19,5.046476536242476e-19,3.92070112669446e-19,6.143076308001837e-16,-3.355612748678355e-14,3.3357423734936257e-19,2.6641341496756627e-19,9.642891802955473e-20,5.731413175534739e-16,8.386572754845638e-16,5.454549214746294e-16,-6.698228086969954e-11,8.695612330733293e-16,-6.698174196517168e-11,-1.5068592620938323e-20,5.556783837131396e-16,2.588790095581756e-19,8.325751435297688e-16,-6.698175163170647e-11,-6.698244423043777e-11,1.1563987840223058e-15,6.957968969644453e-16,5.738152255805368e-16,5.468202909379814e-16,7.140100818328061e-16,7.079285198457705e-16,1.4249632018718255e-19,6.470306866576992e-20,6.544151166946879e-16,3.6792758297823366e-19,-3.444035702097873e-20,6.955291818250034e-16,6.111045943080466e-16,-3.355636572419914e-14,8.867794948713841e-16,7.259976215838146e-16,2.6104224253186684e-19,4.520658486010923e-19,3.1712722355032076e-19,-3.3555936304727713e-14,2.9010775978259583e-19,6.712056494449734e-19,-6.69813989566388e-11,6.471195267164897e-16,3.199589929856195e-19,-3.355627441667538e-14,6.006780978671374e-16,4.44416355919461e-19,8.823883053067915e-16,3.374801596113286e-19,8.290976234116959e-16,-7.397753323696964e-20,6.377241163839739e-16,3.975815626877918e-19,-3.355631446425629e-14,8.130314547958234e-16,-6.698246906442693e-11,2.7323246749438343e-19,7.659510033312272e-16,5.716856600429054e-16,6.613575091706072e-16,-6.698180676274449e-11,5.54581990947849e-16,4.954070341038198e-16,5.414260923084735e-16,3.0099086253438844e-19,7.267810490573718e-19
-2.3069129371169837e-11,5.282328498378797e-16,1.956876735257342e-19,1.2567794555611415e-19,4.579488365271924e-16,5.853526751746647e-16,8.792130963903473e-13,4.649424489765233e-19,3.628211470215118e-16,-2.534721401776069e-19,2.73598322328706e-16,2.1538099343558414e-19,2.1451447745596528e-19,3.9255405639048173e-16,2.2862924523026607e-19,-8.701399905793447e-15,7.075684408153614e-20,3.0069841292536724e-16,1.6714341881664978e-19,-3.5885942468922504e-20,6.665260883021239e-16,7.912007448336854e-20,-8.701411880743468e-15,-8.701534106219077e-15,5.137578118564434e-16,6.369541532600043e-16,4.214190352369586e-16,2.8880236489457623e-16,4.850058962933816e-16,5.311199580273949e-16,-8.700931957629047e-15,3.358141728216162e-16,7.848547965675953e-19,1.5428777991543957e-19,2.764240468445053e-19,3.881288836800072e-19,-1.7368715963654223e-11,2.6972422418695543e-19,2.8907404249436044e-19,6.039878718795905e-16,2.7708548813141074e-19,4.646534370478083e-16,7.159805211289165e-16,4.658313638116169e-16,2.9799620399188873e-19,4.876544713786518e-16,2.138199204735616e-19,1.8554437317301292e-19,4.953022378558221e-16,5.538200931352672e-16,-8.701768992458555e-15,8.591800607253532e-20,4.2021252514324266e-16,-8.549738605061841e-20,3.161561346569525e-16,-1.736884665430511e-11,9.39564306508356e-19,2.1559057081554727e-20,3.815461194773333e-16,6.612606248378332e-16,4.710978854391719e-16,-8.701179626085946e-15,2.6066653899815576e-16,2.592623159881688e-19,2.694202949188218e-19,1.486884153024364e-19,-8.701324901038103e-15,-2.2758695813898584e-19,4.511040166212522e-16,4.0519822198555904e-16,2.84755245500972e-20,5.499177080250548e-16,4.413451077883504e-16,-8.70145255332894e-15,2.726067861601399e-19,-8.701512232056716e-15,-1.0319313202585371e-19,-1.2964756272125669e-19,4.983096832754596e-16,6.045876688314815e-16,-1.736900459043826e-11,-1.7369285457835552e-11,1.2530911556418655e-19,4.561787409887505e-16,1.9941354454301474e-19,3.2338899699441783e-19,5.531297629604541e-16,1.6401689140103818e-19,1.9047783096778717e-19,1.7621734493982323e-19,2.3612201849572286e-19,4.773851662728359e-16,5.161114833542356e-16,5.6637482945876755e-19,4.2411873958096385e-16,-8.701532666122746e-15,1.0242288160016447e-19,4.814972260775501e-16,3.6973989039010333e-19,1.488156918971163e-19,2.7275690852985087e-19,-8.701277095218375e-15,1.1020075523713726e-19,2.4730189558987526e-19,-1.7368740761343072e-11,3.6712048956206556e-19,4.835961607027854e-16,-1.7368653086465876e-11,4.509871236736966e-16,3.166505901604874e-19,5.660606878000715e-16,3.77625053940961e-16,5.628573472827273e-16,3.0508663514014894e-16,7.223256346134899e-16,2.6824427038157288e-19,-8.701801392157297e-15,1.8306946130563292e-19,-8.701813611629539e-15,3.5238618409646637e-16,1.523205868334614e-19,6.867254429050709e-19,-6.092729550856813e-20,-8.701525107424475e-15,4.172521397764132e-16,2.2074524551778264e-16,2.1555019786656958e-19,2.4997964726262633e-19,7.366726373667974e-19
-4.944755031454868e-11,7.75814988830782e-16,5.31017578260579e-16,1.9067571012665865e-19,3.5057176742022043e-19,8.37746913139871e-16,4.649424489765233e-19,8.793866066268261e-13,5.514727001621537e-16,2.501281646982433e-19,3.7686061592258575e-19,8.648704621187901e-16,4.378634834204566e-16,5.631564121229781e-19,3.975358544341819e-16,-4.374530036009249e-11,8.000128677609356e-20,4.485197578509704e-16,9.238852849189332e-19,2.983393557941725e-16,9.672107068782653e-16,1.1762036018956669e-15,-4.374574873388447e-11,-4.374614464762723e-11,6.540898991877423e-20,6.1380671022359065e-19,3.8558633970811165e-19,4.116650753815903e-16,6.880363824987543e-16,1.0272588168490598e-19,-4.374566535680058e-11,2.0244199706480482e-19,6.628087450585413e-16,8.522551134328383e-16,9.249890144915431e-16,7.87164049385207e-19,-4.3745236584811116e-11,6.560545140132693e-16,9.288732239212523e-16,6.6375467215167345e-19,4.535683904231811e-19,6.627594301929591e-16,5.457328855096377e-19,6.797665648275304e-16,8.595049496204522e-16,7.086621856812731e-16,2.4844597095145657e-19,4.764034646741295e-16,3.482345493883716e-19,2.1633928730281354e-19,-2.1915632364128583e-14,5.127516048319005e-16,6.135152884892317e-19,7.998748989665104e-16,4.838449817230011e-16,-4.374543026234408e-11,5.280011006422529e-19,4.323304344991062e-19,5.557944822405793e-16,3.0113233808220444e-19,1.76550073622295e-19,-4.3745058927973864e-11,-3.846434983388536e-20,1.0839946940164177e-15,7.235305388022717e-16,2.1788981547784614e-19,-2.191547429442199e-14,3.9777481900552297e-16,6.647466648001391e-16,3.654226702064095e-19,1.7622595240393223e-19,8.008926298578299e-16,3.4409815106914175e-19,-2.1915614543018545e-14,4.905299260676845e-19,-2.191561690471002e-14,2.5522714362455814e-19,9.547268999623851e-19,3.7696390035495517e-19,8.541523444464532e-16,-4.374564373697606e-11,-2.1915779268535095e-14,7.774584077304228e-19,6.593867092781491e-16,5.570990282639674e-16,7.627900973636564e-16,8.09968863454653e-16,6.062228673729781e-16,2.7178602414323853e-19,4.3654371194708025e-16,5.152239351097989e-19,7.002481531042471e-16,7.273821803459541e-16,5.413447639824715e-19,6.254909587580847e-16,-2.1915615616630772e-14,8.418706875058766e-16,3.2072259964644893e-19,7.262230886368245e-16,7.477169904060632e-16,4.837126063986437e-19,-4.374480679477098e-11,3.9319423202954917e-19,4.895557197183982e-16,-2.1915297041014678e-14,6.413789206754475e-16,7.297211940360615e-16,-2.1915236533687638e-14,3.7590303569723833e-19,-1.0823169356143329e-21,4.242100806375375e-19,5.425808364073278e-16,1.0115538371043155e-18,4.493169261741818e-16,4.333228473749447e-19,7.7556681747047055e-16,-2.1915929153123544e-14,5.418231439853165e-19,-2.1915873539518613e-14,3.1684000840741186e-19,9.533120396103618e-16,3.8422251835875318e-19,4.1681773524424485e-16,-2.191521814541861e-14,3.134651047807205e-19,3.268437541225466e-16,6.327650598018208e-16,6.661588721801725e-16,3.7186249154643566e-19
4.5157661527763574e-11,4.865602319479231e-16,4.3657285950513497e-16,4.060309286369953e-19,5.18461449922147e-16,6.218252992386965e-19,3.628211470215118e-16,5.514727001621537e-16,8.791250647039296e-13,5.221688542821104e-16,1.3244572310705352e-19,4.977147704506323e-16,4.215182702621955e-16,3.5756613647131396e-16,-6.013553795555067e-19,2.5482826079196275e-14,2.840164219662919e-16,5.59729615557831e-19,5.353387598856215e-16,3.1744886416155383e-16,8.3522569260311305e-19,6.391421860588086e-19,2.5482830924884186e-14,2.5482122719903773e-14,5.379890928863361e-16,1.702829912820572e-19,4.599430186949213e-16,3.664489084608575e-16,3.9515335216931795e-19,6.30573391821706e-16,2.5482437625613268e-14,-2.4356397408707852e-20,1.846338862382118e-19,6.133488457570116e-16,4.654066372418681e-19,7.301106117410051e-16,5.086651147765543e-11,2.282652402281655e-19,1.8833697884859127e-19,5.803506264925077e-16,3.2449282790857834e-19,-8.347756992691932e-20,2.2306804561113666e-19,4.607540702754885e-19,5.567808766417825e-16,5.414493717168889e-16,5.54464665066953e-16,4.560399492828526e-16,4.3605029343326845e-16,6.036146438805543e-16,2.5482499452973506e-14,1.7146365555138737e-19,3.460354027127061e-19,4.2010116891154036e-19,4.528972466002089e-16,5.086648166332337e-11,2.9316109978630157e-19,2.0070382115350362e-19,4.0635403039397257e-16,1.9333058291760373e-19,5.401081488253216e-16,5.086663557194524e-11,2.0656782490790313e-19,4.934022358649082e-19,5.659273490289801e-19,3.5499096411331443e-16,2.5482863500450955e-14,3.263108107953741e-16,4.977703946102746e-16,2.3024998281261916e-19,3.2055283333429174e-16,3.200559430714332e-19,3.646411529065554e-19,5.086604350988112e-11,7.207994118306859e-16,2.5482447822337837e-14,1.1830981587375997e-19,8.379285063226527e-19,5.551251768747312e-16,2.3509878717489137e-19,5.086638647700672e-11,5.0865972091834835e-11,8.442478455637116e-16,5.716694313547757e-16,2.995119031340543e-19,4.952155421968215e-16,3.26168948228394e-19,5.819232055489587e-16,4.4156383855621264e-16,2.4892723545507494e-19,4.756372510098185e-19,4.558313420703441e-16,5.879320424420618e-16,2.6671712451087327e-19,4.038522052901226e-16,5.086615914902555e-11,6.672867915730038e-16,6.524927497629468e-16,6.125830125334432e-16,5.813103729060104e-16,7.323801946405109e-19,5.0866864962975235e-11,1.4139916819766465e-19,2.3526946575414504e-19,2.54824962892746e-14,2.37137097056367e-19,6.546167381348534e-16,5.086657749606276e-11,4.1635318126147055e-16,5.105940438659518e-16,6.232680715610214e-16,3.330225435819882e-19,6.626855955407758e-16,1.7229054772703784e-19,7.100725616735023e-16,5.593160410726006e-16,2.548252888133612e-14,4.073370119375044e-19,2.548254439824826e-14,3.709049468621498e-16,3.4285460159136304e-19,5.829114090372343e-16,5.629988813673426e-16,5.08663677215798e-11,4.008510536277876e-20,2.8317446687459897e-16,1.611170905914218e-19,2.8644333979982042e-19,4.554325847589033e-19
-1.3017661846269823e-11,5.93034728198739e-16,3.719720605504144e-16,2.577992936727957e-19,4.040691196880374e-19,2.413992009127733e-19,-2.534721401776069e-19,2.501281646982433e-19,5.221688542821104e-16,8.791284852656155e-13,3.184194326957522e-16,4.256753493013815e-19,3.256860398131384e-16,1.5989721495541423e-19,2.5779504433160764e-16,-3.6657131619816434e-15,3.101795358372197e-19,1.4634532434874217e-19,4.795691876487595e-16,-4.214706282389522e-19,7.53248313570489e-16,5.228685566115485e-19,-3.665901148220523e-15,-3.6658965670820434e-15,1.1079169668687902e-18,7.84592019220828e-16,4.954324269884473e-16,2.4808736802463193e-16,3.963259329453538e-19,5.426096732243147e-16,-3.665834192001526e-15,2.0999924659669961e-19,5.859217030482892e-19,4.619685874303296e-19,6.826779077672685e-16,7.65560618664172e-16,-7.316898938216449e-12,7.793366057997699e-19,4.78926083884006e-19,3.3355697734405072e-19,2.11728344638812e-19,1.3319531066308513e-19,7.545406177779517e-16,-9.024720776757665e-21,3.340767908235676e-19,4.638319096325041e-16,3.2351482772005494e-19,-1.4605062853034097e-19,6.474686641216648e-16,4.598250255565799e-16,-3.666136007412028e-15,1.8211750459621246e-19,5.460224344204166e-16,2.4470884686802064e-19,4.7094154304559463e-20,-3.6657675850153615e-15,2.454487044923298e-19,3.1881015344414124e-16,5.418912600763292e-19,2.9071166804790124e-19,4.304239100699731e-16,-7.316660671168146e-12,-1.5094676393651152e-19,7.249604434487969e-16,1.8677130167420221e-19,4.529768697009498e-19,-3.665322416456818e-15,2.2639324790382803e-19,5.036266596319703e-16,5.198453705701167e-16,7.917226726825891e-20,3.3029050368687265e-19,2.0402037985308024e-19,-7.317462520068687e-12,7.212849342316091e-16,-3.665776825331947e-15,4.800606079986707e-16,5.847541686900336e-16,2.796686682826146e-19,6.572258620812873e-16,-7.31710022842599e-12,-7.317548564049376e-12,9.540559161636678e-16,3.6066336007560284e-19,4.5964427059728815e-19,5.814097643160017e-16,5.520139091940364e-16,4.4278483516829557e-16,3.0497982767031583e-19,2.706914361726161e-16,4.646964458628026e-16,2.5266534031060524e-19,-1.9266995386581367e-19,6.521327950301262e-16,1.4550482060482818e-19,-7.317358047976188e-12,2.6529958541480294e-19,4.979546165792374e-16,3.826633582326265e-19,4.755749608520269e-19,6.138364061346416e-16,-3.664614014499905e-15,6.747694085440723e-16,2.0080893083543654e-19,-3.66568855323754e-15,4.7016659295655137e-20,5.257366558366911e-16,-3.665302009889738e-15,5.804957252917333e-16,1.8659476678914575e-19,7.037828315343269e-16,3.443519081459762e-19,5.663828293436569e-16,3.1031886409971547e-19,2.8063755715275704e-19,6.221607130724586e-16,-7.317867163667715e-12,6.502026373265207e-16,-3.665993807505399e-15,4.018245375208039e-16,4.745898316021273e-19,3.916633718264085e-16,3.1428916282614047e-16,-3.6657776244382125e-15,4.531658177198448e-16,3.223301421780568e-16,2.564558720406762e-19,3.5290131417070537e-19,6.009827897716544e-16
-4.7542050395217e-12,5.47477445323016e-16,1.8045162492225365e-19,5.531384511793506e-21,3.75611416969934e-19,2.3135694384187657e-19,2.73598322328706e-16,3.7686061592258575e-19,1.3244572310705352e-19,3.184194326957522e-16,8.79047951135856e-13,4.555184713524053e-19,3.428224874606024e-20,4.021435972889919e-16,2.0547225565410194e-16,4.733175916244753e-16,-2.9924252228856877e-19,1.338415239293321e-19,4.294332156863742e-16,1.4159146660394382e-16,4.947003261078776e-19,4.414875621070179e-19,4.730027942727414e-16,9.442245378456799e-13,5.345340424135012e-16,1.3202208397623946e-19,4.0932929733604514e-16,-1.1165323372263864e-19,1.242795445956243e-19,5.188998362482091e-16,9.445746369499151e-13,1.9103301644550665e-19,3.412966971395198e-19,2.7482917010038966e-19,1.6942665010669084e-19,2.5766094346032253e-19,4.730470535645133e-16,1.1397836402964748e-19,6.498372018357047e-16,5.681293491866479e-16,5.452419915019332e-16,4.454299642176586e-19,6.734426674848731e-16,2.265952956325238e-19,1.808674669543076e-19,-1.1473773421656174e-19,4.3446109246825226e-16,3.1707078144800004e-16,4.452669746800568e-16,-3.4426796745676184e-19,9.443665130516805e-13,2.470674931785121e-19,1.2132914529047131e-19,5.639615370554056e-16,7.833119872821418e-20,4.731149252850677e-16,6.216622233429537e-16,2.983815336847326e-16,3.96110978435816e-16,6.518921957101134e-16,4.2357527126859375e-19,9.449668976783718e-13,1.019741167518913e-19,7.039513555269267e-16,6.856296511398339e-20,3.1717483819671377e-16,9.449527163551044e-13,9.098260801123424e-20,5.189942924144916e-19,1.8303208664166328e-19,2.141785504886803e-16,5.300346551220321e-16,4.2267878508948574e-16,4.727992197446006e-16,4.0393817043986585e-19,4.732026198100806e-16,1.5963081435169708e-19,3.2157266558534403e-19,2.0676852704152056e-19,5.666613299662886e-16,4.731955302738442e-16,4.734619340143388e-16,4.88468226724863e-19,4.0755572616861676e-16,3.6024867511114377e-16,5.599778853830535e-16,4.3807381575511375e-19,3.642885086214735e-16,2.6202986696122035e-19,7.232286376516657e-19,3.8938388784280164e-16,5.057543874135048e-16,4.1831560346520126e-16,-4.1656459211168973e-20,1.1766640824461148e-19,9.44385773738107e-13,5.563500183806478e-16,1.9517778504102958e-19,5.099816646252738e-16,3.238226510138343e-19,2.4520517460689494e-19,4.731761462170151e-16,-1.2316367091602092e-19,2.8854454288427897e-16,4.733262405284269e-16,4.3596670749095567e-16,3.0572984406132755e-19,4.732005821423207e-16,4.607376055322873e-16,3.179011701035762e-19,3.713114374028344e-19,3.2949699467062057e-16,4.949691939209635e-16,5.422603353163758e-19,2.8146077067779813e-19,4.80745418588979e-16,4.729239385476121e-16,2.262625569935838e-19,4.729045744773557e-16,7.698443470916445e-19,6.645100394023302e-16,2.4365903327530598e-19,1.108873725438798e-19,9.446411807918267e-13,2.2706678098082526e-19,8.631604211136965e-20,1.6907553787683643e-20,4.792735259524285e-16,4.887130120872095e-16
4.476721985495198e-11,4.3842423235142565e-16,5.143945429727918e-16,7.420638644512114e-19,4.636739189568875e-16,3.996198450554947e-19,2.1538099343558414e-19,8.648704621187901e-16,4.977147704506323e-16,4.256753493013815e-19,4.555184713524053e-19,8.791678436092365e-13,6.613004607228969e-16,2.8950266863919146e-19,6.295272439413204e-16,5.047332265269267e-11,2.1345185796872208e-19,7.544555759215499e-16,5.041264936749463e-16,7.458055825062685e-19,7.366969056877758e-16,4.127734706940677e-19,5.047311951506739e-11,5.0472785803406614e-11,5.12580797838584e-16,7.756456815006562e-19,5.276935819126609e-16,7.00016627010657e-20,5.678164957331083e-16,6.980055148480499e-16,5.047311867154857e-11,-3.2545060956436893e-19,5.198139023596154e-16,7.029597319358069e-16,7.721557591243602e-16,3.674568479817053e-19,2.5285857375421492e-14,2.0068208989638898e-19,3.3830511114255104e-19,7.013216343902142e-16,6.273744371693442e-16,6.415988603319331e-16,8.658158126916213e-16,4.87016321903505e-16,2.726764784536011e-19,1.912105718174995e-19,4.3324040725978823e-19,5.042874590378984e-16,5.893026492826068e-16,3.2904980891094355e-19,5.0473224349574716e-11,6.123025991005516e-16,4.678181113283132e-16,6.066637656567669e-16,7.042378701381336e-16,2.5285913073389746e-14,2.7796127970253317e-19,3.2305012486518127e-19,8.254317448044155e-20,7.561091834207747e-16,2.749099086950533e-19,2.528641124557985e-14,3.0063925649748006e-19,7.584845039623401e-19,3.8031721365427078e-19,1.990743174065189e-19,2.5286015028211815e-14,3.273673512751271e-19,4.635384804002627e-16,7.032676939387726e-16,5.215821339229511e-19,6.034196709752233e-16,4.881215219646037e-19,2.5285804160688786e-14,6.6189489326095495e-16,2.5285801893221398e-14,5.920563025182971e-16,4.398443340610427e-16,1.7707237050131722e-19,7.806539600367102e-19,2.528648208382896e-14,2.528558776748787e-14,1.062817255863871e-15,4.227304342844489e-19,4.847503686277075e-16,3.821811259539122e-16,3.2094677395968643e-19,7.366294143724541e-16,3.854073953144054e-19,2.6985294436209953e-19,2.860890065887237e-19,1.815903127096474e-19,9.11638480721613e-16,5.880220648617962e-16,3.051120655600286e-16,2.528576779746168e-14,4.167545499470489e-19,4.70924304388226e-19,4.4350081590521e-19,6.006313208230187e-19,6.585110803359248e-16,2.528618816627865e-14,5.186266052485007e-16,5.774281809224354e-19,5.0473760141761406e-11,5.422607211969071e-16,7.195687684750599e-16,5.047354170990029e-11,4.0277852721330766e-16,9.236414037741664e-20,7.256768779330692e-16,4.5264855098520726e-20,6.09610101894894e-19,4.193870347303414e-16,5.253923875878676e-16,7.584871294587438e-16,2.5284754657330157e-14,4.721927974521706e-19,5.047283341208836e-11,4.639975205828331e-16,7.948369923457983e-16,4.783210690322937e-19,3.028453614822978e-19,5.047338108926773e-11,5.076935487479727e-16,3.522981490314143e-19,5.687157086994023e-16,2.464113821783276e-19,6.786844342706803e-16
2.866651938219885e-11,5.636333499331507e-16,3.846777418279343e-16,3.809354455370583e-19,5.983188178229598e-20,3.0164757386377706e-19,2.1451447745596528e-19,4.378634834204566e-16,4.215182702621955e-16,3.256860398131384e-16,3.428224874606024e-20,6.613004607228969e-16,8.790709265623224e-13,4.654279043430206e-16,2.3124543910038154e-16,1.721896771606179e-14,4.3691548397617143e-20,1.3416281456491589e-19,5.057964359845445e-16,1.7256692084821011e-16,-4.0487385751419826e-20,5.832580277366431e-19,1.721909295660522e-14,3.4370470745514964e-11,6.224315707832927e-19,6.994993428347878e-16,4.552968359661949e-16,2.381946722021826e-16,5.192144089138598e-16,5.577130947653864e-16,1.7218957034763203e-14,2.1164239458381047e-19,5.41776305741763e-16,6.051383965168587e-16,6.891162322124193e-16,-3.6541709765333396e-19,1.7218837196238445e-14,2.168847397644041e-19,7.662495092563327e-19,5.946185348146864e-16,5.617849490026738e-16,2.38649373189971e-19,7.024047248027964e-16,5.065148652355738e-16,3.2969752130369814e-19,4.72725952696211e-16,4.749620223930737e-16,1.5720589210335284e-19,4.841330312252722e-16,6.769834201487036e-19,1.7218848581943006e-14,6.437967279249873e-19,2.5199983175983936e-19,3.58955008025844e-19,3.4327988043545226e-16,1.7219022861189145e-14,3.295071437011418e-19,6.067398509191642e-21,3.8078538169762003e-19,2.276493255736725e-19,4.944410519689664e-16,3.437124817454379e-11,3.083203627921421e-16,7.034323624855588e-16,2.689016159294048e-19,3.4285748235110715e-19,1.7219252647633463e-14,2.7335226232875825e-16,5.117818522559925e-16,4.679252949097949e-16,1.3467937798132431e-20,2.9061678221898007e-21,3.203208691887454e-19,1.7218411560628464e-14,4.3025358234785827e-19,3.4370861660475064e-11,3.8488570179490766e-16,6.166573276177024e-16,8.974613905061415e-20,3.92013458921299e-19,1.7218400116446774e-14,3.437048112114967e-11,8.307239285820216e-16,4.2381495343440575e-19,4.0888654608923967e-16,4.3211209365171774e-19,6.268305136500325e-16,2.751456066806978e-19,4.633992048567126e-16,1.284325545073013e-19,6.737530763987868e-19,3.4677686563043997e-19,4.535995049379752e-16,6.453987222164004e-16,4.447535186041993e-19,3.437063586364804e-11,1.5252501113386387e-19,2.337706840595479e-19,5.437147828633445e-19,2.276202724823812e-19,6.546724244987192e-16,3.437145571568059e-11,1.050674774118703e-19,3.681920421838724e-16,1.7218808998078626e-14,1.961841667833796e-19,1.577514477756577e-19,3.4371163392141926e-11,5.021697820065365e-16,7.595626610566216e-16,6.196532255751331e-16,3.7875460459328644e-16,5.339978072430619e-16,-5.218478791974684e-20,7.799857524245274e-16,5.238916641328024e-16,3.4370233086234204e-11,4.361259030522047e-19,3.4370400404137575e-11,3.5746492093658985e-16,7.114024800294612e-16,4.630796184979935e-16,1.7118661911379416e-19,1.7218972583952077e-14,3.3898511845613935e-19,2.3853019314188628e-16,4.2534656093615433e-16,-5.518234811768342e-20,5.415202700370103e-16
