0.9999999982841755,-3.042026604769157e-07,-3.0819703396395336e-07,-3.288624283376747e-07,-3.048317043403091e-07,-2.98261461386683e-07,-3.1882506626937146e-07,-3.131400733877477e-07,-3.005890257532873e-07,-3.006478681974065e-07,-3.1343761041146065e-07,-3.181132078257201e-07,-3.0404625549248533e-07,-3.080685170008159e-07,-3.132811334909777e-07,-3.08499471600181e-07,0.9999970424217154,-3.4717897573148405e-07,-2.979073517623544e-07,-3.044582522792039e-07,-2.9397277043386104e-07,-3.045223010183455e-07,-3.183153170025418e-07,-3.473287173671414e-07,-3.010677820495499e-07,0.9999970314474339,-3.2904133401060613e-07,-2.9769551177791834e-07,-3.087875234774307e-07,-3.0090102080225603e-07,-3.0828067598903005e-07,-3.292599830073161e-07,0.9999970326208742,-3.1898549887934625e-07,0.9999970344445656,-3.009037167417029e-07,-2.9823414632685e-07,-3.081480337690633e-07,-3.038852101440297e-07,-3.0439101135594363e-07,-3.038283951066375e-07,0.9999970650951945,0.9999969112257859,-3.08980473058195e-07,-2.9794741700615056e-07,-3.075437440455951e-07,-3.0813601249548123e-07,-3.0812774215300063e-07,-3.130743602960071e-07,-3.044744101204333e-07,-3.081252644050303e-07,-3.0424194250215944e-07,-2.9556507856915974e-07,-3.13023821206991e-07,-3.398208514437795e-07,-3.081714030950577e-07,-3.0448784325952926e-07,-2.959678756229805e-07,-2.978044529172148e-07,-3.1849454146082764e-07,0.9999969380215488,-3.191535108864555e-07,-3.1324611836132115e-07,-3.1297486758747574e-07,-3.4907414300736345e-07,-3.0420003636806256e-07,0.9999969246803162,0.9999969301642817,-2.9828147708139e-07,0.9999969427706107,0.999997013015477,-3.0447089900017216e-07,-3.4267245134703346e-07,-3.1298385821753855e-07,-3.079333183921229e-07,-3.0345736609380733e-07,-3.1337885473764107e-07,-3.1858781035864295e-07,-3.0838639646379223e-07,-3.0815253058181717e-07,-3.081038092198277e-07,-3.13644592645715e-07,-3.007753302906671e-07,-3.006237799864816e-07,-3.13473943271896e-07,-3.008332636369821e-07,-3.4503091623757834e-07,-2.9815847099639193e-07,-2.9776669558897814e-07,0.9999969756514647,-3.039631671243324e-07,0.9999969381052208,-3.177307155050838e-07,-3.0427912863480967e-07,0.999996978449031,-3.1884294013971675e-07,-3.201411591418152e-07,-3.0078965795302293e-07,-3.077392776398829e-07,-3.4356945870526885e-07,-3.195643728587114e-07,0.9999969613072599,0.9999970214722211,-3.005098354403773e-07,-3.13354947499935e-07,-3.081107476276851e-07,-3.079083449791238e-07,-3.1828457739110486e-07,0.9999970408856073,-3.135306550051172e-07,-3.419059410277205e-07,-3.0408061933509293e-07,-3.0788091835019177e-07,-3.0838715097989944e-07,-3.13091184478282e-07,-3.005545712895083e-07,-3.038202545605039e-07,-3.1343705391607644e-07,-3.040148993119812e-07,-3.127356666871842e-07,-3.0429529220941546e-07,-3.2937974977529126e-07,-3.006829811186084e-07,-2.9573213030903474e-07,-3.0403800760667516e-07,0.9999969027236718,-3.292774726550796e-07,-3.0391594147316084e-07,-3.190483552789347e-07
-3.042026604769157e-07,-1.608623899606201e-07,1.30874783228455e-15,2.015232890887292e-15,1.2054698501949016e-15,9.837325661124485e-16,1.654329774791938e-15,1.4692639786557355e-15,1.0569655063424834e-15,1.0590629240518887e-15,1.4806054367941103e-15,1.6287446265607663e-15,1.172283902116566e-15,1.3040696540259467e-15,1.4766712962509612e-15,1.3220015245074707e-15,-3.619020474780727e-08,2.614877262820225e-15,9.69164548345028e-16,1.1886418856270651e-15,8.444023184589242e-16,1.1928298558028564e-15,1.6367275473873413e-15,2.618203298850688e-15,1.0761364006679382e-15,-3.6190204337449946e-08,2.0141790819237774e-15,9.603558642960717e-16,1.333246310092166e-15,1.0687777361849667e-15,1.3134807607556418e-15,2.0148451955421203e-15,-3.619020438136482e-08,1.6627749500651042e-15,-3.619020444952376e-08,1.0695214542067858e-15,9.824847302446901e-16,1.3077305267702324e-15,1.1643832424383651e-15,1.1854464523982821e-15,1.1637653415490998e-15,-3.6190205588416065e-08,-3.619019986895615e-08,1.3422136423141605e-15,9.720149061414509e-16,1.2827576975866386e-15,1.3080350141952518e-15,1.3057360894621662e-15,1.4656234330276291e-15,1.1898727686794698e-15,1.3073679824006218e-15,1.1806678055480184e-15,8.925726404778708e-16,1.4644894819736158e-15,2.2929937222935093e-15,1.308628514089661e-15,1.1900657514784056e-15,9.092217282768713e-16,9.65031400352183e-16,1.646065810662703e-15,-3.6190200864641696e-08,1.6689345321988924e-15,1.472953385834975e-15,6.981298013643176e-19,1.3304577062318374e-18,6.879087052903781e-19,-1.813041298780268e-11,-1.8130413117604377e-11,4.922484253339826e-19,-1.813041335607563e-11,-1.8130414633360747e-11,5.991021903282466e-19,1.1627594112902766e-18,6.846855173654376e-19,6.06633847775274e-19,5.65730964668313e-19,7.178494541653924e-19,8.128582708466658e-19,6.576708517185391e-19,6.187874547497216e-19,6.815290608648315e-19,8.430770286820944e-19,5.529900476700407e-19,4.934678483927462e-19,7.471381733276477e-19,5.630325022723655e-19,1.2785357719001643e-18,4.732000533693311e-19,4.753188444776439e-19,-1.8130414001571766e-11,6.917513238537708e-19,-1.8130413157159782e-11,8.178301943193979e-19,6.3893597910435245e-19,-1.8130414053381134e-11,7.974949439262607e-19,8.557257741866714e-19,5.215169232104284e-19,6.598166700600904e-19,1.2089619032367401e-18,8.241335190194124e-19,-1.813041363316177e-11,-1.8130414808649288e-11,5.372751745040514e-19,7.0818928531051485e-19,6.568882559902564e-19,7.359522725421413e-19,7.638503808804682e-19,-1.8130415220362702e-11,7.780908637503712e-19,1.189351628416117e-18,5.824355156093946e-19,6.363582066161494e-19,6.626895937164892e-19,7.317306474713435e-19,4.480947854801945e-19,5.970932343054881e-19,7.056422511841745e-19,6.056486592099772e-19,7.275781004892073e-19,5.698848489762948e-19,1.0496709865073914e-18,5.320135022111859e-19,4.0545285365676936e-19,5.967814990092871e-19,-1.8130412630953084e-11,9.844658613600545e-19,6.150871706959343e-19,8.465248225527155e-19
-3.0819703396395336e-07,1.30874783228455e-15,-1.60862388088773e-07,2.238849786852194e-15,1.3391954238745349e-15,5.231354372545331e-19,1.8377816741661217e-15,1.6323276134943912e-15,6.499698096731535e-19,6.210022935674146e-19,1.6449135181479482e-15,1.8093635585869107e-15,1.3023644546804132e-15,1.448806622654789e-15,6.906039479465709e-19,1.4686664013504422e-15,-4.0184573501786234e-08,1.4555038821087171e-18,1.0767319849118346e-15,1.3205208727676324e-15,5.170670254951269e-19,6.467702730563715e-19,9.226541276221988e-19,2.90798824893323e-15,1.1955371299146392e-15,-2.0131496837375533e-11,2.237633164997039e-15,5.133588271179122e-19,1.4811727981214258e-15,1.187372411759521e-15,1.459249053333738e-15,1.0696294239862517e-18,-2.0131496824134494e-11,8.934892757254116e-19,-4.018457317059235e-08,1.1881816960537667e-15,5.490082001951801e-19,1.4528577950565104e-15,1.2936014710096129e-15,6.718618230663522e-19,6.440755403258809e-19,-2.0131497575300007e-11,-4.018456808468971e-08,7.677555956972776e-19,5.22576489726499e-19,7.182889507606401e-19,7.726527741900191e-19,1.4506546731361413e-15,8.342917785977688e-19,7.089558859811911e-19,6.892032869327804e-19,6.99919432935071e-19,5.399341895926941e-19,1.6270239050475778e-15,2.547516677267029e-15,7.167352931108561e-19,1.3221031979933754e-15,4.973439376038382e-19,1.0721453071822722e-15,1.82861215021827e-15,-4.0184569190214077e-08,1.854054949996142e-15,7.94494524926512e-19,1.622262959123875e-15,2.9365714903359333e-15,1.308415514108807e-15,-4.018456864097603e-08,-4.018456886579144e-08,1.0938157397313064e-15,-4.0184569383735204e-08,-4.018457228575598e-08,1.3225885901743017e-15,2.6819345746464757e-15,1.6232333891028598e-15,1.4417589731342558e-15,1.2761083077921196e-15,1.6424802259847124e-15,1.8322511395395383e-15,1.4624648605102205e-15,1.4523732667728148e-15,1.4519115815454318e-15,1.656959172882147e-15,1.1816200635974572e-15,1.1751421927197546e-15,1.647942570070416e-15,1.185073059292702e-15,2.79861373412853e-15,1.0882982241693017e-15,1.0701134892267149e-15,-2.013149573370626e-11,7.452413716957279e-19,-2.013149491803581e-11,9.041736860746678e-19,6.44374688945726e-19,-2.0131495822083273e-11,9.494175142115652e-19,9.00383697432265e-19,6.017016038233872e-19,7.368748301108468e-19,1.363003460486819e-18,9.25269481698239e-19,-2.013149537010368e-11,-2.0131496659910353e-11,5.766124024712314e-19,8.140787709905702e-19,7.263321695123807e-19,7.347391382111659e-19,9.419355595180348e-19,-2.0131497058784893e-11,7.310608066433325e-19,1.312750608900786e-18,6.775869850311783e-19,7.027346692185316e-19,7.82694022839653e-19,8.755133746586125e-19,6.010161870230827e-19,6.290853359807484e-19,8.43601714288356e-19,6.701736874808141e-19,7.983335965325397e-19,6.389421253450051e-19,1.1553590189674777e-18,5.982601023879912e-19,4.641466511883988e-19,6.514364045284827e-19,-2.0131494212469443e-11,1.133036008954805e-18,7.031976415246223e-19,9.380973250220363e-19
-3.288624283376747e-07,2.015232890887292e-15,2.238849786852194e-15,-1.6086238638513437e-07,2.060242530055739e-15,1.6831489359603846e-15,1.4743787774414143e-18,2.5136196329052734e-15,1.809177903604387e-15,1.8126645392262017e-15,2.53257085466935e-15,1.5672921734627467e-18,2.0055885810693102e-15,2.2309341236803475e-15,2.525518071078556e-15,1.0526442183498532e-18,-3.0484347760169764e-11,2.1789408669639297e-18,8.647335695405889e-19,2.0327595195519057e-15,1.4446140276388049e-15,2.03935831490357e-15,2.7995207108454842e-15,4.464544499752504e-15,9.65946729120185e-19,-3.048434735243477e-11,1.6957629469303899e-18,1.6446087533342306e-15,1.1727632735280828e-18,9.468024238402674e-19,2.2463651777905867e-15,3.441398698178995e-15,-6.084994514374158e-08,2.843067010234503e-15,-3.0484347333358217e-11,1.8299205043425052e-15,1.6811354870900581e-15,1.1179767223296847e-18,1.9928447151301733e-15,2.0275627119046562e-15,1.0089480144177679e-18,-6.08499471655822e-08,-3.048434356413616e-11,2.2938253517569677e-15,8.362458689589912e-19,9.928712764835781e-19,2.237071722838959e-15,1.1206574183560601e-18,1.2623633623933108e-18,1.0245699583443951e-18,2.236150111401961e-15,1.0396297561589302e-18,1.5281722194298793e-15,2.505694824200569e-15,1.9457511053371287e-18,1.1561252817691094e-18,1.0416563442593554e-18,9.050016467107548e-19,8.194092639575133e-19,2.8145150887684074e-15,-6.084993925300258e-08,2.853555242403345e-15,2.519829045269071e-15,1.207189380033978e-18,4.517312527868017e-15,1.0832290761773073e-18,-3.048434397393398e-11,-6.084993876361184e-08,8.521833255392645e-19,-6.08499395454471e-08,-6.084994392301355e-08,2.0355386606640294e-15,2.038098453366306e-18,1.3350799658652957e-18,1.0844201607742356e-18,9.856120863797369e-19,2.528892487418107e-15,1.408368898861493e-18,2.2514434701064603e-15,1.1909358728063228e-18,1.0909334042143036e-18,2.5499584576593633e-15,1.8203297347319918e-15,1.810624712495026e-15,1.2799623636809166e-18,9.488634439080803e-19,4.307700216452897e-15,1.6762892731233228e-15,7.671073593601552e-19,-3.04843455948878e-11,1.9987853125368827e-15,-6.084993926038609e-08,2.765839575010226e-15,2.019541895122661e-15,-6.084994177191361e-08,2.8349596264016113e-15,2.9184483891239603e-15,1.822919452147225e-15,2.210098296235057e-15,4.195509519173345e-15,2.8774958141343864e-15,-6.084994070398662e-08,-6.084994444877889e-08,1.8033206614684726e-15,2.5253668589935914e-15,2.233271692813382e-15,2.2198456295429292e-15,2.799386623763494e-15,-6.084994566103427e-08,1.2498071684353246e-18,2.019322819704768e-18,7.943952255748828e-19,1.1358902360823659e-18,1.1305789684194417e-18,1.2392746048207567e-18,1.122505117012253e-18,9.943748904722182e-19,1.281265899666021e-18,9.356721778640378e-19,1.3144443106377258e-18,1.014089735221822e-18,1.7312478244234889e-18,8.179885285724726e-19,7.676432190702521e-19,1.0064133728662263e-18,-3.048434327349736e-11,1.75590526575696e-18,1.00092580150324e-18,1.4251590154169428e-18
-3.048317043403091e-07,1.2054698501949016e-15,1.3391954238745349e-15,2.060242530055739e-15,-1.6086238957308495e-07,5.43766174176848e-19,9.21480855694666e-19,1.5034659307976197e-15,1.0817882329901647e-15,5.922002704718042e-19,1.5149782518549133e-15,1.6666491946768139e-15,6.077332124124953e-19,7.125004111668246e-19,1.5108891532648225e-15,1.3525471992748916e-15,-3.6819246124056173e-08,1.3210207461664682e-18,9.919740284556686e-16,6.075188366675391e-19,8.640976276723743e-16,5.353332002156301e-19,1.6747550680198472e-15,2.6764707036511797e-15,1.1012157245528633e-15,-1.8445549570634104e-11,1.0492319079275052e-18,9.830586460696677e-16,1.3639686733611204e-15,4.599621780873461e-19,1.3439262283230137e-15,1.0370045293817674e-18,-3.681924575181919e-08,1.7011966514832343e-15,-3.6819245821055005e-08,1.094503150603488e-15,1.0054801179335614e-15,1.3381118106965847e-15,1.191674316217347e-15,7.011641276712491e-19,1.1909688177691437e-15,-1.8445550115078444e-11,-1.844554728321827e-11,1.3729963722217669e-15,5.534322704663431e-19,5.970569368946869e-19,1.3383712678712962e-15,1.336154084122224e-15,1.4998440506004886e-15,5.339087189748303e-19,1.3377181367638538e-15,6.39628827179504e-19,9.135903643810614e-16,7.060975789745289e-19,2.348836266609284e-15,7.028693292604335e-19,6.136864154196172e-19,9.304694654908437e-16,5.283146961436601e-19,1.6841174423568364e-15,-3.6819242178556674e-08,1.7074793108865842e-15,1.5072211489710491e-15,1.4943964810434303e-15,1.5097056535962073e-18,5.300395542637955e-19,-1.844554751070233e-11,-1.8445547513061957e-11,5.55492892026465e-19,-3.6819242355758945e-08,-3.681924501133938e-08,6.084824335470762e-19,1.2758932249805175e-18,1.495258688019106e-15,6.642872018183547e-19,5.922704004697889e-19,1.5127503854146775e-15,8.114444134517088e-19,1.346923043168755e-15,6.68448567007557e-19,1.3372138990039954e-15,1.5258580147701913e-15,5.538949176132157e-19,1.0826058382012571e-15,8.014482239130031e-19,5.622797463681204e-19,2.577098808943916e-15,1.0025335676135552e-15,4.2782630559769213e-19,-1.8445548457483502e-11,1.1953904121861464e-15,-1.8445547787050682e-11,1.6545905342036024e-15,1.2080103609467165e-15,-1.8445548549124826e-11,1.696338130772596e-15,6.987714436311286e-19,1.0902318983823674e-15,1.32180103410078e-15,1.3322540708742685e-18,1.7219188663927105e-15,-1.8445548199184724e-11,-1.844554926020297e-11,1.0781976494449995e-15,1.51039326793904e-15,1.335865577842061e-15,1.3276671497217144e-15,1.6748707323363062e-15,-3.6819246065775675e-08,1.5181066815632519e-15,2.4361034875777482e-15,1.2011554932475404e-15,1.3259797930893319e-15,1.3502685151154737e-15,1.5012715132419824e-15,1.07913152061132e-15,1.1899237305180364e-15,7.581518443809425e-19,5.899940964913112e-19,7.686076977776525e-19,6.137834286243968e-19,1.0315784129093835e-18,5.561242824152923e-19,4.776509931742487e-19,6.315105180952164e-19,-1.844554711407232e-11,1.0681883323784698e-18,6.00854539775557e-19,8.450555713841253e-19
-2.98261461386683e-07,9.837325661124485e-16,5.231354372545331e-19,1.6831489359603846e-15,5.43766174176848e-19,-1.608623889010467e-07,7.420390512064925e-19,5.470933668309656e-19,3.6753080364552235e-19,8.843213730968046e-16,5.964023077781492e-19,6.811101779812245e-19,9.789094168781994e-16,6.186521634956647e-19,6.70193334431471e-19,6.65839151750746e-19,-1.515402106687766e-11,2.18376882282374e-15,8.09268552596099e-16,4.413378128842848e-19,3.3748430385739914e-19,4.981097799710549e-19,1.3667154131840953e-15,1.0829141040243739e-18,4.787739150576304e-19,-1.515402089484415e-11,1.6822030831760962e-15,3.3640408551049626e-19,1.113417441296949e-15,4.743048658339112e-19,5.3407200158124e-19,1.6827052390184955e-15,-1.5154020918650708e-11,6.875159195994435e-19,-1.51540209338267e-11,4.47404507432064e-19,3.8443922460393053e-19,1.0920405926548287e-15,4.362645992450951e-19,5.194510296256946e-19,9.71773392744862e-16,-1.5154021430599083e-11,-3.024900667999284e-08,6.239570930829592e-19,8.116489302612697e-16,1.0711181446412512e-15,1.0923098864660436e-15,1.090370416322411e-15,1.223870451829723e-15,9.936495485274688e-16,5.597547137816618e-19,4.65707001640828e-19,7.453395465182099e-16,6.1469416250486435e-19,1.9143468033826374e-15,5.393597285403369e-19,4.748025722046234e-19,7.592508499286725e-16,8.058103726116148e-16,6.85919809972775e-19,-3.024900751241525e-08,1.3936736395503214e-15,5.738460851828987e-19,1.2193181448605572e-15,1.1508751314222975e-18,9.834677396410152e-16,-1.5154019227250002e-11,-1.515401928370551e-11,3.7448197273915843e-19,-1.5154019528160638e-11,-3.0249009843246036e-08,4.800103709499844e-19,9.982152515129055e-19,5.504197140985509e-19,1.0836583415005318e-15,4.639922896130741e-19,6.253308483660561e-19,1.377286570225291e-15,5.657835468974117e-19,1.091688856506496e-15,1.091345562166401e-15,1.2455243814161528e-15,4.524295451668738e-19,8.832138061414455e-16,5.490905420675686e-19,8.90725528653145e-16,1.1095640764450297e-18,3.935732432784661e-19,4.0004330433062877e-19,-3.024900868207953e-08,5.152860563673703e-19,-3.024900751624787e-08,1.3502281234428038e-15,9.858067269444277e-16,-1.5154020138089597e-11,6.911810344288327e-19,1.4263281337878979e-15,8.895556673329837e-16,5.23793417799882e-19,2.04586635983068e-15,1.4055116222087846e-15,-1.515401987973409e-11,-1.515402077876524e-11,8.795963618265988e-16,6.112909087339395e-19,1.0901561661638805e-15,7.277852653594735e-19,1.3668861029862236e-15,-1.51540209320061e-11,6.38841944467628e-19,1.986504835761574e-15,4.699979117929217e-19,1.0819545167456852e-15,5.362994705432685e-19,1.2250967856804617e-15,4.556534663914582e-19,9.70865774902248e-16,1.2368563488336711e-15,9.76454511557412e-16,1.2091347850744132e-15,9.882823508760008e-16,1.6899917509835208e-15,8.852261018067115e-16,7.513345136982418e-16,9.787859809134437e-16,-1.5154018905807985e-11,8.6363953146786965e-19,5.119042512178498e-19,6.2821167740343e-19
-3.1882506626937146e-07,1.654329774791938e-15,1.8377816741661217e-15,1.4743787774414143e-18,9.21480855694666e-19,7.420390512064925e-19,-1.6086238683870367e-07,2.0632201147973917e-15,1.4842974047515326e-15,7.869198925279562e-19,2.079136393915914e-15,2.2877301837773596e-15,1.6462466977047578e-15,9.346948445009107e-19,1.0533309712618788e-18,8.939999532560642e-19,-5.0812596483459576e-08,1.7987044739536957e-18,6.661463101032531e-19,7.953646787089999e-19,6.1134735302080335e-19,8.641304286594714e-19,1.1378466446048904e-18,1.844017356195229e-18,7.449080886369875e-19,-2.545587891063023e-11,1.4166312479335442e-18,6.889340306340526e-19,7.548109975698734e-19,7.224545246820277e-19,9.516766736140191e-19,1.4190450088939985e-18,-5.081259596914664e-08,2.3352956001371067e-15,-5.081259606481538e-08,1.5019340163265386e-15,7.222157424254549e-19,9.795422373657232e-19,1.6351885981945564e-15,9.954530064778799e-19,1.6343272124126439e-15,-2.5455879789035364e-11,-2.545587578490499e-11,1.88469756606236e-15,1.36498958173317e-15,9.09875381224524e-19,9.214986953153213e-19,9.46265881787769e-19,2.0580542254802266e-15,1.670869339660028e-15,1.8358775239391685e-15,8.042611006192848e-19,1.2534608790175135e-15,9.581454286536002e-19,3.2208001716806368e-15,8.488599520609677e-19,1.6711388174294457e-15,5.985297023539307e-19,1.355213630774626e-15,2.311915799548338e-15,-5.081259103286409e-08,2.343868654488735e-15,2.0684356543285935e-15,2.050565829449013e-15,1.8757419916605364e-18,1.6538979718890206e-15,-5.0812590338440426e-08,-2.545587620646979e-11,1.3825893868293895e-15,-2.5455876584767042e-11,-2.5455878430156056e-11,1.6717558148311245e-15,1.75824589757682e-18,1.0932053652020875e-18,9.4376402154284e-19,1.6131588646995444e-15,1.0714301817526203e-18,2.3165093319670278e-15,1.84851826966861e-15,1.8358356426450485e-15,1.835212856179284e-15,2.094329581095546e-15,7.484002587369014e-19,7.687827299681412e-19,2.083011634952184e-15,7.451637350308647e-19,1.7724303062806536e-18,1.3756199363234436e-15,1.3526535037298398e-15,-5.0812592996679054e-08,8.216822950362698e-19,-5.0812591039250413e-08,2.2711839071922232e-15,1.657759445456998e-15,-5.0812593143847316e-08,2.3286112378710375e-15,2.398542558597971e-15,1.4960180281777575e-15,1.813849807201025e-15,3.440359964808774e-15,1.2120856047077455e-18,-5.081259224887744e-08,-2.5455878600443383e-11,1.4793490933282914e-15,9.512486617086963e-19,1.8332581107143117e-15,9.278640479908772e-19,1.12896117555234e-18,-5.081259640292538e-08,2.083400891774538e-15,1.5733561639183394e-18,8.440559817088873e-19,9.146648052744928e-19,9.099743869090785e-19,2.0601563480031625e-15,7.107283841322499e-19,8.125070880069327e-19,9.645245767977944e-19,1.6422089665819261e-15,2.0335123298478395e-15,1.661850032492136e-15,1.3435172919002492e-18,6.200803693772128e-19,1.2635343884753333e-15,1.646058473675972e-15,-2.5455875570556114e-11,1.3698721752615192e-18,8.061585028555921e-19,1.1912704866263264e-18
-3.131400733877477e-07,1.4692639786557355e-15,1.6323276134943912e-15,2.5136196329052734e-15,1.5034659307976197e-15,5.470933668309656e-19,2.0632201147973917e-15,-1.6086238838154817e-07,6.6267008793967125e-19,6.928370348922252e-19,9.459094482074498e-19,2.0313249708808223e-15,6.62797776684144e-19,8.438412845935553e-19,8.666459149020015e-19,8.364378876141583e-19,-2.2607836579018698e-11,1.6846759160768363e-18,1.2087768711543122e-15,1.482486616712222e-15,1.05308684561276e-15,7.549592274272939e-19,1.1020217224409255e-18,3.2651051159747745e-15,7.266357096662534e-19,-4.512760561237909e-08,2.5122058094532813e-15,1.1978097995055083e-15,1.6628423003457988e-15,6.421387391944475e-19,8.35398111604438e-19,2.513062097617635e-15,-4.51276056671463e-08,2.0737994254482915e-15,-2.260783649954204e-11,1.3338912147132262e-15,5.22348857868077e-19,1.6310576388022237e-15,7.096663914833346e-19,1.478485197966403e-15,1.4514686056731405e-15,-4.512760717229797e-08,-2.260783364756842e-11,1.674019085114124e-15,6.777424475653492e-19,7.917248336618503e-19,7.947500216665216e-19,1.6285677362529458e-15,1.82797883720217e-15,7.435322613622949e-19,8.072032012651071e-19,1.4725284958576312e-15,5.77641990044952e-19,9.238355225586542e-19,2.8596513929875657e-15,1.6321656026029933e-15,1.4842595072389508e-15,5.13997431504868e-19,6.142603217142165e-19,1.207522542395679e-18,-4.51276012819293e-08,1.0925398287007386e-18,1.837080795204625e-15,8.565461123720568e-19,3.296987394152189e-15,6.926691194004781e-19,-2.2607833900151048e-11,-4.512760091757876e-08,6.765022327054277e-19,-2.260783430566091e-11,-4.512760475841345e-08,1.4848159482861374e-15,1.4854854979879344e-18,9.327160351397741e-19,8.079232010429264e-19,7.256651938085846e-19,8.75543399840405e-19,1.0258824929960046e-18,8.373048406157825e-19,8.330414932580684e-19,1.6299976511433106e-15,1.8601768125346874e-15,1.326514679323637e-15,1.3192462183411062e-15,8.992471470673449e-19,7.134739268461284e-19,1.5704658805617892e-18,1.2217682411314678e-15,1.2013451165548115e-15,-2.2607835063869395e-11,7.996381198118013e-19,-2.2607834228434402e-11,9.009821626270857e-19,1.4723532027544973e-15,-4.51276031572423e-08,2.067885323771821e-15,1.0735868953169122e-18,6.981036457700774e-19,1.6110047007959377e-15,3.055719538585611e-15,2.09911245621093e-15,-2.2607834783219104e-11,-4.512760514971163e-08,6.264268985804567e-19,9.133104320443838e-19,1.6282381643882217e-15,7.872718039706184e-19,1.0264531307150038e-18,-2.2607836561288185e-11,9.631829280126815e-19,1.4599324406336614e-18,7.402711502951161e-19,1.6160369257981047e-15,1.6461494058898712e-15,8.970724601092582e-19,1.3149204172681694e-15,7.3393260325869e-19,1.8473058309171644e-15,6.620571822565176e-19,9.100298497777646e-19,7.421385631577201e-19,1.258096657841333e-18,1.3222495486055247e-15,1.122173154424087e-15,7.052819583895327e-19,-4.5127599648188906e-08,2.5264916734873196e-15,7.850377867904657e-19,1.049004467875998e-18
-3.005890257532873e-07,1.0569655063424834e-15,6.499698096731535e-19,1.809177903604387e-15,1.0817882329901647e-15,3.6753080364552235e-19,1.4842974047515326e-15,6.6267008793967125e-19,-1.608623898267439e-07,4.3202521903457513e-19,6.622564261625751e-19,1.4612721151704231e-15,5.415531849070508e-19,1.1700619267687133e-15,1.325002508744579e-15,1.1862568033167638e-15,-1.6320073486964026e-11,1.1949601222403204e-18,4.348419070086339e-19,1.0665490140818394e-15,3.8545016409153327e-19,5.097609916093616e-19,1.4684809140309021e-15,2.350145251729744e-15,9.655131368062818e-16,-3.257657289367675e-08,1.808011936926845e-15,8.614961745932406e-16,1.1964033194361272e-15,9.588596699840806e-16,6.067008929187458e-19,1.8084187317281427e-15,-1.6320073289032627e-11,1.4919808832113946e-15,-1.6320073305701596e-11,4.970811796470259e-19,8.814470483289775e-16,1.1733760933967255e-15,4.715886668875157e-19,5.280099839348424e-19,1.0440937756550067e-15,-1.632007387249998e-11,-3.257656886826531e-08,6.5148872058352655e-19,8.720299878730271e-16,6.173640402646224e-19,1.1736687451463055e-15,1.1715477250137758e-15,1.3149634221876586e-15,1.0676696838548135e-15,1.1730587338276983e-15,5.850414014214798e-19,8.007405611317534e-16,1.3139593154986201e-15,1.0631427378823096e-18,1.1741845005607417e-15,6.116150713723036e-19,4.330036280195193e-19,8.65710448588237e-16,6.171296936530455e-19,-1.6320071783535297e-11,1.4975304201621023e-15,6.522491005279956e-19,1.3100277567565192e-15,2.3722568875445495e-15,3.4007286665504857e-19,-1.632007149623386e-11,-3.257656950199612e-08,8.833214713553428e-16,-3.257656992217487e-08,-1.6320072905035638e-11,1.068266838455912e-15,1.11734926533034e-18,1.3108367952842508e-15,1.1643142278788146e-15,4.936612957143696e-19,1.3265204156724726e-15,6.650706137274361e-19,5.929660215085137e-19,1.1729777079616734e-15,1.1726372621944278e-15,5.634777167124797e-19,4.91361634027709e-19,4.950843735894891e-19,1.3310045142106834e-15,5.386105375697427e-19,2.260419743115527e-15,5.125681403657838e-19,8.640606159262645e-16,-1.632007235911525e-11,6.051409184293489e-19,-3.257656976936903e-08,7.164287400374931e-19,5.308638610486837e-19,-1.6320072375407104e-11,1.4877145375013944e-15,1.5327379278484769e-15,4.751852128830864e-19,5.606221667625854e-19,1.10247479884046e-18,7.571896315938637e-19,-3.257657054564687e-08,-1.632007311764163e-11,5.894382547035271e-19,7.12775635946958e-19,1.1713244288828657e-15,1.1640278426956226e-15,5.686692864519034e-19,-1.6320073394010688e-11,1.331235690454625e-15,1.0840608822527855e-18,5.425532995151631e-19,6.067662012774277e-19,5.891519048529691e-19,1.316301458379704e-15,9.457684088230164e-16,5.558087128608317e-19,6.588165556639161e-19,5.301538873655564e-19,6.59362414594744e-19,5.638794320554646e-19,9.113894303440949e-19,9.510780243879376e-16,8.072166568747046e-16,1.0516554342440449e-15,-1.632007112820583e-11,1.8183214945840475e-15,5.221773792100794e-19,7.629763141045129e-19
-3.006478681974065e-07,1.0590629240518887e-15,6.210022935674146e-19,1.8126645392262017e-15,5.922002704718042e-19,8.843213730968046e-16,7.869198925279562e-19,6.928370348922252e-19,4.3202521903457513e-19,-1.6086238992176347e-07,1.3311157299058457e-15,1.4642020378476272e-15,1.053870342773642e-15,1.1723714233904775e-15,1.327612328321386e-15,1.1886005261280618e-15,-1.6349551407287122e-11,1.211407767944598e-18,8.711642828051687e-16,5.679758793236731e-19,3.3272697483500917e-19,5.485749697464762e-19,1.4714171258883687e-15,2.3548752236836272e-15,5.159987241624039e-19,-1.6349551225396765e-11,1.811524913353749e-15,4.656133396579495e-19,6.103767024492972e-19,4.2363057726525763e-19,5.520879485352982e-19,1.8119324289911512e-15,-3.2635414013133815e-08,7.579160721733228e-19,-1.634955127900082e-11,9.614551212049775e-16,4.688536605410622e-19,1.1756924604698546e-15,5.531903902522559e-19,4.405171108962487e-19,5.043811740733196e-19,-1.634955180157209e-11,-1.634954920337985e-11,6.331218476168578e-19,4.190650607166165e-19,5.534174937924372e-19,6.462398393175165e-19,1.1738604548107444e-15,6.390587131121374e-19,1.0697816640335532e-15,1.1753748718233269e-15,1.061458549979246e-15,8.023320344742596e-16,6.266624767365527e-19,1.1206706801677727e-18,1.176501715053412e-15,1.0699512076417395e-15,8.173720841669457e-16,8.674271396493624e-16,1.4799118373362446e-15,-3.263541083958553e-08,1.5005021853226942e-15,6.536791288639257e-19,7.063861581263406e-19,1.1933926879514882e-18,4.909664450923854e-19,-1.6349549470226014e-11,-3.2635410575907315e-08,4.1003803277209773e-19,-1.6349549745130973e-11,-3.263541335548815e-08,1.0703776754501176e-15,2.1696358543652125e-15,6.606764240895654e-19,1.166619162806401e-15,1.0324817195748423e-15,6.702731721670445e-19,7.295818031939045e-19,1.1834955121821851e-15,5.96193539375024e-19,1.174953057414743e-15,1.340994303643324e-15,4.79366597819724e-19,5.323216283706262e-19,1.3336301331593234e-15,4.4019061678731455e-19,2.2648180743520895e-15,8.805867767346692e-16,3.888322256398425e-19,-3.263541210212541e-08,4.68944212043624e-19,-1.634954965442206e-11,6.676755393650066e-19,1.0612857983642838e-15,-1.634955032643125e-11,7.530338753379184e-19,7.377423507339419e-19,9.576573942077396e-16,1.161156830615072e-15,1.112024673307236e-18,1.513259216296167e-15,-3.263541162137534e-08,-1.634955111402792e-11,4.394405641518511e-19,1.3269173466401414e-15,5.660232862366987e-19,1.16633088202172e-15,7.747717590809277e-19,-1.6349551386004563e-11,6.694367554375757e-19,1.0450786669104144e-18,1.0552593824567162e-15,6.236921869308894e-19,1.1867029592710708e-15,6.583437740074327e-19,9.476509740016955e-16,5.061928689158493e-19,1.3316042009450122e-15,1.0512051659638212e-15,6.528210974819211e-19,5.908455925523279e-19,9.47893061501219e-19,4.793291640943935e-19,8.088185943534288e-16,3.2633980345530182e-19,-1.6349549134307567e-11,1.821819027888906e-15,1.0473758158387266e-15,7.434720823573585e-19
-3.1343761041146065e-07,1.4806054367941103e-15,1.6449135181479482e-15,2.53257085466935e-15,1.5149782518549133e-15,5.964023077781492e-19,2.079136393915914e-15,9.459094482074498e-19,6.622564261625751e-19,1.3311157299058457e-15,-1.6086238850963305e-07,2.0470325334547524e-15,1.4733979550062095e-15,1.6390609860438776e-15,1.8559054975223932e-15,8.443438701072645e-19,-2.2756895156680676e-11,1.635211565418488e-18,5.25185420971075e-19,8.578343531683255e-19,5.312170707312041e-19,1.4991464178414775e-15,2.057070064183109e-15,1.576522405011289e-18,1.3525084675331576e-15,-4.542514203530507e-08,1.2465340855268232e-18,1.2071363690276796e-15,8.363050362624885e-19,1.3432939057673351e-15,1.6508337610335093e-15,2.532165786438806e-15,-2.275689488328958e-11,1.0065554976771032e-18,-4.5425142175947474e-08,1.3442032222660336e-15,6.54298370307482e-19,7.542427427116362e-19,1.463505238299131e-15,1.4898796772004485e-15,6.590614421449517e-19,-4.5425143605101565e-08,-2.2756892070756128e-11,8.913224452904923e-19,5.814997033265953e-19,8.757959201972705e-19,1.6439795423493519e-15,1.6411336940277883e-15,1.84208623546374e-15,6.388598287490009e-19,8.238704551630409e-19,1.4838765839667328e-15,6.004969231602185e-19,8.379488224167128e-19,1.4672945504584764e-18,1.644740073393457e-15,7.118236432816929e-19,1.1427446897774202e-15,6.205779431930666e-19,2.0687586332857784e-15,-4.5425137677439136e-08,2.0974938258642214e-15,9.639478100208667e-19,1.835267148022612e-15,3.322346214342162e-15,1.4802261405460583e-15,-4.542513705667971e-08,-2.275689253389229e-11,6.146077422063324e-19,-4.542513789616478e-08,-4.542514117593028e-08,7.637089890789674e-19,3.0340004844984985e-15,9.264425688696303e-19,1.6310988043692188e-15,6.831403122556741e-19,9.199021580875263e-19,1.0778826092841082e-18,9.158155533213324e-19,1.6430837112796874e-15,1.6425527232159815e-15,1.8744388303091238e-15,6.491420465654891e-19,7.065630260510873e-19,9.286714929838042e-19,7.247597101502082e-19,3.1657179994238334e-15,6.240581825261695e-19,1.210691513162275e-15,-2.275689362773026e-11,7.445869573164332e-19,-4.542513768314153e-08,2.032314955169993e-15,7.423210262474835e-19,-2.275689367863258e-11,9.771996460222149e-19,1.1306275724567708e-18,1.3389364509919487e-15,8.195585629763915e-19,3.079346775393999e-15,1.0647709195393264e-18,-2.275689328813403e-11,-4.542514156971131e-08,6.598322576539983e-19,1.855112673650189e-15,8.340472922977377e-19,8.020541036935738e-19,1.0690298979843635e-18,-2.2756895013453102e-11,9.291082898650696e-19,2.9904117627870374e-15,7.246714232397337e-19,1.6285343022984572e-15,8.183880368125703e-19,1.843904957314723e-15,1.3251347379784663e-15,7.057438147020397e-19,1.861516877546235e-15,1.4697676212253718e-15,1.8200870099505993e-15,1.4873919289424008e-15,2.5430854571790694e-15,7.098769765959317e-19,5.479862745409824e-19,1.473209191897335e-15,-2.2756891951619582e-11,1.2789571607619224e-18,1.464473125233571e-15,1.0694266302463743e-18
-3.181132078257201e-07,1.6287446265607663e-15,1.8093635585869107e-15,1.5672921734627467e-18,1.6666491946768139e-15,6.811101779812245e-19,2.2877301837773596e-15,2.0313249708808223e-15,1.4612721151704231e-15,1.4642020378476272e-15,2.0470325334547524e-15,-1.6086238788545598e-07,8.202986133403327e-19,1.8029087991305887e-15,1.0777578489429058e-18,9.151595610495833e-19,-5.010073590687478e-08,3.6179423614103635e-15,6.991231709280881e-19,8.516711257012288e-19,1.1672453971761815e-15,8.365478565373606e-19,1.2251714888853093e-18,1.7816361949116565e-18,1.4877975393124682e-15,-2.509925400368727e-11,1.3158665185926841e-18,1.327673613168208e-15,8.385433523285281e-19,7.268497705567708e-19,1.8159221575541866e-15,2.7855737449315325e-15,-5.0100735399577746e-08,1.1440138797554369e-18,-5.010073549393914e-08,1.4786862985240565e-15,6.737078480666293e-19,9.045540293321115e-19,1.6098359427939358e-15,1.6389825954486496e-15,1.6090120606676121e-15,-5.010073707068097e-08,-2.5099250895947322e-11,1.8557111033164696e-15,6.629001092203863e-19,8.859416071152298e-19,9.026970223607266e-19,8.664644447224425e-19,2.0262083925566502e-15,9.744203292330196e-19,1.8075126066813134e-15,1.632384798349167e-15,1.2339726911944578e-15,1.0506137670649167e-18,1.5614001733828908e-18,1.809236959649994e-15,8.231744502425599e-19,5.680773097059627e-19,7.122593478915184e-19,1.0386657487098652e-18,-5.0100730530906957e-08,2.3077315006162533e-15,2.0364762676226124e-15,2.0188109882917024e-15,1.8139603314458905e-18,1.6283161881619418e-15,-5.010072984601417e-08,-2.50992514331174e-11,1.3611839631667212e-15,-5.01007307722742e-08,-5.01007343906379e-08,8.148901393054653e-19,1.5482180841064787e-18,2.0200487039474663e-15,1.7941650905797944e-15,1.5881154441940818e-15,1.0284174007418011e-18,2.2807774271436806e-15,1.819967132294076e-15,8.406384002135379e-19,8.218391122868392e-19,1.034072293639402e-18,7.461479095489609e-19,7.19622332076366e-19,1.0146616852823202e-18,1.4747793852718858e-15,1.7538995403352826e-18,1.3543001001604132e-15,6.061163915412258e-19,-2.509925258463921e-11,7.935908793841797e-19,-2.5099251646954135e-11,1.1338229978132202e-18,1.63211829824294e-15,-2.5099252680858198e-11,2.2926912400369072e-15,2.3616928972244562e-15,6.843866775776056e-19,1.785761301882241e-15,1.696129134368863e-18,2.3274181599045938e-15,-2.5099252146770443e-11,-5.010073482510047e-08,7.319062028810146e-19,9.903723770938617e-19,1.804907172900169e-15,8.797570455213423e-19,2.2636903654388242e-15,-2.5099254192367312e-11,2.0512302006049486e-15,1.639988653931139e-18,1.6229221347242574e-15,8.176432154619053e-19,9.131559126109519e-19,1.0143973864550508e-18,1.457579695380181e-15,7.663691461546258e-19,1.0268766243854931e-18,8.097575199701893e-19,2.0019374963597868e-15,8.307381661759065e-19,2.7973731917773006e-15,6.15866616424959e-19,6.041324315823774e-19,8.203881284015381e-19,-5.01007287170404e-08,1.4038737655006222e-18,1.6109129116130885e-15,1.180865234272077e-18
-3.0404625549248533e-07,1.172283902116566e-15,1.3023644546804132e-15,2.0055885810693102e-15,6.077332124124953e-19,9.789094168781994e-16,1.6462466977047578e-15,6.62797776684144e-19,5.415531849070508e-19,1.053870342773642e-15,1.4733979550062095e-15,8.202986133403327e-19,-1.6086238864867533e-07,6.320055160098432e-19,6.847444312872597e-19,1.3155670374644014e-15,-1.8052059903189274e-11,1.3242002558575256e-18,9.644055001402428e-16,1.1828445520153502e-15,3.8814909255345304e-19,6.374796675482539e-19,1.6287222037252956e-15,1.1996253637369544e-18,1.0708775571096405e-15,-1.8052059737964273e-11,2.0045021446529313e-15,9.556328699437802e-16,6.608598377133757e-19,1.063545917575843e-15,1.3070840182864785e-15,2.0051396438587744e-15,-3.603379890828834e-08,8.165054057338072e-19,-1.805205980553013e-11,5.189684267110522e-19,9.776679731287674e-16,6.450009403043534e-19,6.076456921245881e-19,1.1796604613355126e-15,5.550691164995282e-19,-1.805206030826508e-11,-1.8052057390685543e-11,1.3357076568163426e-15,6.445354808015558e-19,1.2764737087841115e-15,1.3016555230178378e-15,6.72478740545554e-19,7.464303600888996e-19,5.565205584345664e-19,1.300996245550028e-15,1.1749056201744191e-15,4.0088277425249365e-19,1.4573429801216204e-15,1.178164818363114e-18,1.3022489116877683e-15,1.1842646610937781e-15,4.178883786216395e-19,4.41993733696793e-19,1.6380331922179603e-15,-1.8052057979667006e-11,1.6608074652219454e-15,1.4657742621813079e-15,6.938027580251305e-19,2.630938548881808e-15,1.1719841753014524e-15,-1.805205754397538e-11,-3.6033795115276904e-08,9.797421003586744e-16,-1.805205811184155e-11,-1.805205933001607e-11,6.855400292627873e-19,2.4021132619904255e-15,7.061506572683679e-19,1.2913861284649701e-15,1.1430046663791752e-15,7.400608626825288e-19,1.6412926106688298e-15,1.3099706736674206e-15,1.3009267511505148e-15,1.300515806075013e-15,1.4842232410599136e-15,1.0583891338705504e-15,5.395861019136414e-19,1.4761363840144122e-15,5.95568509405174e-19,1.2592019146131508e-18,5.810802540082706e-19,4.927475713876494e-19,-3.603379679947059e-08,5.546853222436304e-19,-1.8052058010480944e-11,8.755404061763766e-19,5.777090020719451e-19,-3.603379690388759e-08,7.684184340611127e-19,8.262436797647969e-19,1.0601029888591616e-15,6.340781849668536e-19,2.438116981319976e-15,1.67491182544868e-15,-3.603379626894701e-08,-3.6033798495061884e-08,5.85081331585346e-19,1.4688042903045113e-15,6.71283192304434e-19,1.2910506516007826e-15,8.693709233515154e-19,-3.6033799216077287e-08,7.229568016364942e-19,1.2040421552039982e-18,5.628776736129286e-19,6.461865304389931e-19,6.295042544733147e-19,7.162491461459994e-19,1.0491114965318814e-15,5.738912408129928e-19,1.4739225083044778e-15,1.1636622541873453e-15,6.726165345175653e-19,1.1776814874438694e-15,1.016229153249619e-18,5.971205419485137e-19,8.953408105715795e-16,1.1664097193700654e-15,-1.8052057307520665e-11,1.0291593866450868e-18,4.733284644935665e-19,1.657063200228654e-15
