0.9999999999999035,3.2511237130782686e-11,2.7157831432130563e-11,4.450400938293419e-11,1.0795489862723928e-11,1.229426750802393e-10,3.995417066408196e-11,2.4795379304264416e-11,0.9999999998521184,-2.2443966590764475e-11,1.8833458708471416e-11,1.7157614234125333e-12,1.854765918121576e-11,-2.3965554867137043e-11,0.9999999999792414,-2.999307799105631e-11,1.2659382207712955e-10,1.554866184651495e-10,0.9999999998453152,2.4595984519715698e-11,3.339128793225658e-11,1.4022975156445175e-11,1.5321241455082173e-12,0.9999999998500834,0.9999999998360887,6.037884277553304e-11,-6.909254875954145e-11,-6.372076689412782e-11,-1.7419262147832794e-10,-1.0564378393553165e-11,0.9999999998650674,0.999999999835022,0.9999999998259903,-1.4528987380810268e-11,6.728840835422732e-11,-8.151116868051881e-11,3.647845210853152e-11,-9.342955661067945e-10,1.5436759022708325e-11,3.0779981001098184e-11,0.9999999998553253,4.483291463421134e-11,5.1820737690901787e-11,7.934314998503402e-11,1.0000000000584024,3.24584971261793e-11,-5.541290242135836e-11,1.5641228503469747e-11,6.184318081065697e-12,4.65311859214901e-11,6.046925151271078e-11,3.948630957956546e-11,-9.577729141017437e-11,-6.480764172891803e-11,8.019424268942526e-11,5.093984587649947e-12,5.925900224617586e-11,6.067754115875899e-11,0.9999999998251874,-2.6628527508100097e-11,5.767825996287416e-12,3.0123854338814494e-11,-1.2556756028578437e-11,0.9999999998155281,3.9963352800715434e-11,1.1615948234130966e-11,-1.1272611485628201e-11,1.840469121727561e-11,1.8100830171955206e-11,8.336929434375509e-11,5.433641494891206e-11,5.464637933025393e-11,3.443505114082721e-11,5.1098638393755354e-11,4.332960134830547e-11,5.163884885245094e-11,0.9999999999653256,0.999999999855274,-4.438037486357087e-11,-2.4602175627449533e-11,3.7051308175337245e-11,4.868193542111363e-11,4.891315055053213e-11,6.087572874107257e-11,-5.4873926714876635e-12,3.3151859575137656e-11,0.9999999998084315,9.083815857895448e-11,0.9999999998208214,5.095781387627756e-11,-9.947509054373387e-11,-1.092438329716005e-11,4.136419156681943e-11,2.5937720344760138e-11,6.073147096185808e-11,-2.75123822185533e-11,2.2482244766972326e-11,4.967197412545745e-11,1.9170387378675653e-11,3.589735172902464e-11,4.3930559979926515e-11,0.9999999999499573,3.8023158265087426e-11,-6.788218712730036e-12,8.595047266214293e-13,5.231272237529104e-11,3.860718977482816e-11,-6.006530768498474e-12,7.84897683249854e-12,5.938158426460367e-12,3.723360426583966e-12,1.7976113551476752e-10,2.97020754176521e-11,-3.853976735815152e-11,4.7522645874090325e-11,5.546149473848432e-11,-1.3044631469535286e-11,4.154622826972935e-11,3.288430831290063e-11,-1.5230780877484697e-11,0.9999999998350373,3.1487680688825186e-11,0.9999999998362815,2.941521022884403e-11,0.9999999998618914,-2.1544793279435364e-11,-5.796938767416482e-11,6.519021780889206e-11,6.964915988575332e-11
3.2511237130782686e-11,8.184609777791299e-12,5.556707393781976e-17,4.017032276964828e-17,4.3004064207473435e-17,7.61825644227669e-17,2.963272102633785e-17,3.856978895326832e-17,1.2173784091988459e-11,3.243821658570988e-17,6.667546364237389e-17,6.315975067481719e-17,5.769306706747032e-17,8.374705478588024e-17,1.2173921327638315e-11,5.0405882437314885e-17,1.43258071345892e-16,5.143482714769402e-17,1.2173809453258987e-11,2.5286370480162574e-17,5.1459009899032887e-17,4.958387753171176e-17,5.920420794056446e-17,1.2173767315611506e-11,1.2173784870467784e-11,4.739310760612839e-17,6.193652489188323e-17,4.4353293794352214e-17,8.069748738884938e-17,7.871069842901661e-17,1.2173788416210426e-11,1.2173799134734657e-11,1.2173842413226618e-11,5.62606735790757e-17,7.667023858275504e-17,1.5936091189797118e-16,8.620428544389416e-18,1.93248560389664e-16,5.0948524090539335e-17,9.761057222225128e-17,1.2173744994765722e-11,5.645989941834633e-17,5.18647602487089e-17,4.3878102013464416e-17,1.2173962189075437e-11,2.7466139919995802e-17,2.0323174986872662e-17,7.095531101468273e-17,4.438167567706044e-17,7.196315922846597e-17,6.133600569070732e-17,6.493047596942955e-17,4.7130697802898927e-17,4.186455628508062e-17,7.234505056576703e-17,3.108687332371863e-17,6.532723296078217e-17,5.126010315861577e-17,1.2173794717912011e-11,5.451059671549589e-17,6.033186946135649e-17,6.339511505360836e-17,8.616348102825101e-17,1.2173871893474901e-11,5.871475722247321e-17,8.759182669541175e-17,2.878490525175418e-17,5.286015218133281e-17,4.6990799897910753e-17,-2.3651418675475093e-20,1.282569091574105e-19,-4.1067720442052795e-20,7.455877968056317e-20,-1.085211330984185e-19,3.2333654015613873e-19,-7.458541372676668e-20,6.0985194247516016e-15,6.0985406010216575e-15,2.5125266373693238e-20,-1.340612121704262e-19,-6.063191461430116e-20,1.484423541342255e-20,2.779709170193235e-19,3.423966117828666e-19,2.1768830074280944e-19,6.032342739477011e-20,6.098691974064677e-15,-1.7305991359250475e-19,6.098480098544234e-15,3.4702731420439804e-19,5.464189657969426e-20,1.7508532689673866e-19,4.905409847866586e-20,-4.384844858303488e-19,1.1579898802051314e-19,1.0482078393828007e-19,2.216356613899902e-19,-2.0899589337320943e-19,1.0648486586122743e-20,-3.940401178959885e-19,6.328114483431182e-19,6.09856307481778e-15,3.2862811771990506e-20,-1.985247249431146e-20,-4.576955135124631e-19,4.8381494553226954e-20,3.791875225681073e-20,3.412417082161493e-20,4.672176159931837e-20,-1.381459220875561e-19,3.8475406901435404e-19,1.4860044715490268e-19,3.263769588557315e-20,1.0560002799844461e-19,2.833989730504502e-20,-9.519307110313463e-20,4.831896799420483e-20,3.956081870173386e-19,-2.0633560205195783e-19,4.099671501280195e-20,6.098916588492387e-15,-5.3818286149542956e-20,6.0989237709168325e-15,-1.4806486333867463e-19,6.0986768079390115e-15,-2.713861587509842e-20,-1.8014044227899037e-19,7.860681232966568e-20,6.821637410747531e-20
2.7157831432130563e-11,5.556707393781976e-17,8.182931842697663e-12,-6.982693364570093e-20,3.1589077133600856e-17,2.2112650435967908e-20,3.5682313752073506e-17,1.5664825086582852e-20,6.8158301114331165e-12,2.720922060204962e-20,4.5509686115551626e-17,1.1487199596354794e-19,2.732423478616326e-20,-6.762181978724987e-20,3.4146232854669536e-15,3.969886422105095e-17,-2.9894649616330283e-22,2.2565021761907854e-20,3.4147488142868665e-15,4.900505488122329e-17,3.4444086526324166e-17,-1.0120516468681536e-19,3.701040177281457e-17,3.4146702039123485e-15,6.8158241265135906e-12,3.335767847853981e-19,3.5494836524545353e-17,3.974437866980924e-17,8.61020556207522e-20,5.254254368386978e-17,6.815840595114078e-12,6.8158428311444016e-12,3.41511992170057e-15,2.2431159229854702e-19,-1.896853973294318e-19,7.582855865013062e-17,-3.697155281133134e-19,1.5122449632480977e-16,3.522737406539568e-17,3.6595599460118883e-17,6.815804669066176e-12,4.666982227178711e-17,2.7823032305263833e-19,-5.08869705068885e-20,3.4149322354611334e-15,-1.3142307178430553e-19,2.5824070882111435e-17,3.099535280199229e-17,4.4339066295396583e-17,-2.125382189049404e-19,-1.453191316175062e-20,3.3594292442496315e-17,-9.819324382101919e-20,4.099894157891763e-17,4.1744401392371196e-20,1.3059538437521333e-19,-1.2110888366362912e-19,4.6582099096914126e-20,3.4139916806499904e-15,2.74864417084672e-17,-1.1811039056737134e-19,1.7962149200809063e-19,4.756934111687511e-17,3.4145110438893305e-15,3.604937825428513e-17,4.780748472600116e-17,-2.158964738993996e-20,-1.79551645353415e-20,1.5432630637074974e-19,4.016739727809858e-17,4.7313395959293685e-17,5.4208229047260374e-17,2.507912870480062e-17,3.3420589908802386e-17,4.966190061716249e-17,6.730150862863481e-17,6.815916478660615e-12,6.815841161240397e-12,3.0072530620879165e-17,3.658417205675149e-17,3.596010957148418e-17,2.826783930181827e-17,4.072505217844453e-17,3.538844589958491e-17,2.7009033240394868e-17,1.9314886455853282e-17,6.81584464378149e-12,5.678613672926937e-17,6.815892307644258e-12,5.834770774606117e-17,2.7420835217890563e-17,4.556703504355188e-17,4.932566779744948e-17,3.3772877960531016e-17,3.2344204793122583e-17,3.4145718996614434e-17,4.286813190854365e-17,3.6146715633158466e-17,4.6845808247556794e-20,1.4294429851382034e-19,-1.3487255336075069e-20,3.4145985716003256e-15,9.894118764591882e-20,-1.1946110347523112e-19,1.7294242184248786e-20,-1.4266357838285443e-20,4.446118839191508e-20,1.9492459980738604e-19,-1.5232507444557725e-19,-3.193606968620556e-20,4.692595479555888e-19,8.167804304383262e-21,-3.328149761604961e-19,6.35231049180529e-20,2.0230405835073865e-19,-3.1828713179014225e-19,-1.3240313217799616e-19,1.4081802062126275e-20,1.0740948500859453e-19,-2.5601087047534616e-19,3.414637260490609e-15,6.7365368535793766e-21,3.4139476957960204e-15,6.366824249570824e-21,3.414736011860925e-15,7.542333075642466e-20,3.354908763691129e-19,-3.993380706248617e-20,-1.4983156753015232e-20
4.450400938293419e-11,4.017032276964828e-17,-6.982693364570093e-20,8.182952902140874e-12,-5.787557321897876e-19,-1.4159550794897081e-19,-5.267960902407486e-20,2.9672988111379954e-17,1.210863965083118e-14,9.147381299721289e-20,2.412366982708041e-19,4.1340551340532565e-17,-1.0480179613903128e-20,1.214031110811572e-19,2.4169962267960283e-11,2.967581986970136e-17,1.789766155582849e-20,2.2858976384373173e-17,1.2108594717225889e-14,-2.8596494256967577e-21,5.1113795459170126e-20,1.2576596389564958e-20,2.9224124152131597e-17,1.210855661350854e-14,1.2108706090345907e-14,4.646704131787513e-19,8.856935315601962e-20,3.1654942988746747e-17,3.165057862710333e-17,1.3004903391378358e-19,2.4169887170145987e-11,1.2108786002118681e-14,1.2108688473982289e-14,8.408433204954673e-18,1.1446452901394673e-19,-7.574978419375582e-20,2.3479149062216947e-17,1.2879782479813e-16,2.870356629681011e-17,-1.3389167632505892e-19,1.2108901708568373e-14,-1.3648567603996118e-19,5.402452724904728e-20,2.1922478623299902e-17,2.4169994734025282e-11,-1.9778347587807718e-19,-2.6157768691399415e-19,2.2231313040315265e-17,-3.660579439940874e-20,2.9927189040130876e-17,3.2857521137383476e-17,2.461616259501497e-17,-9.178513263598994e-20,3.448808625493606e-17,2.7915141041722163e-17,2.7909215696380855e-17,6.593080371275753e-20,-1.4671687270368045e-20,2.416991649508452e-11,1.8309715002997038e-17,1.9975652693377732e-17,5.785116838271676e-19,-1.471244898963878e-20,2.4169940561770753e-11,-1.0739394013661758e-19,-7.942804364973387e-19,3.436460044148229e-17,2.0571775216377636e-17,3.92236503285184e-17,3.081537031801208e-17,3.924264242947344e-17,4.139382883822898e-17,1.5924925922116975e-19,2.448085355310662e-17,4.0899229894293624e-17,5.3270187879651295e-17,2.4169957261800903e-11,2.4169887057262798e-11,1.4935843494542944e-20,2.6750393256335295e-17,3.015180719170302e-17,-1.7228710998380776e-19,3.293771660239127e-17,2.490444107787992e-17,2.1213381350491483e-17,6.769490047620377e-18,1.2108778944647119e-14,4.9571802091054847e-20,1.2108542908132233e-14,4.747089950054972e-17,1.8392284711332036e-17,1.678422668174686e-19,4.0344178836355136e-17,-2.0123602464789115e-19,-6.826750033126021e-20,-1.1176035149702898e-20,3.4600237523534505e-17,5.158123374891448e-19,2.6569418676466792e-17,3.241091155803756e-17,2.4322062394520926e-17,2.4169920950783612e-11,4.404095826587763e-17,1.645298469476754e-17,3.294969452031044e-17,2.71658957754674e-17,4.447872751269287e-17,9.431879049693719e-18,3.761590947174349e-17,1.5767797266318342e-17,1.8425702067327785e-17,3.2182485822611563e-17,3.641550711863786e-17,1.5108757715488957e-17,3.956282163929709e-17,1.8550299309425205e-19,-7.33326655798763e-21,-2.0271469014828665e-19,6.839261831841386e-20,-2.9165511854757853e-19,1.2108539254380524e-14,4.175934723871938e-20,1.2108637812944981e-14,4.4161194581251895e-20,1.2108640110317889e-14,-1.3045962867501264e-19,-1.7857320287858323e-20,9.018130354297486e-20,5.15176597866047e-20
1.0795489862723928e-11,4.3004064207473435e-17,3.1589077133600856e-17,-5.787557321897876e-19,8.182982151117536e-12,3.3600358115568345e-17,2.5765180938235193e-17,1.3220490945344853e-19,-4.780879715121571e-15,9.516113927946315e-20,3.4684863178256625e-17,3.819893349739383e-17,3.864316533083161e-19,1.4228548187544715e-17,-9.543008498880553e-12,-1.1256173314421993e-19,2.003576221922721e-20,-2.4762026816555125e-21,-4.781113169944825e-15,4.7281331895444616e-20,-6.241890158139983e-19,2.5501489854753554e-17,2.962480695195108e-17,-4.780757696809079e-15,-4.780903060048057e-15,-2.5420356928458315e-19,-4.916218767921655e-20,2.6498732451050043e-17,3.918356050047857e-17,-1.0310210550720087e-19,-4.781081482873445e-15,-9.54309592828114e-12,-4.781301506949629e-15,4.865458374790049e-19,-5.904536793608019e-20,1.2805763995535181e-19,1.206760055084637e-17,4.6915443310028706e-20,2.8926147684827577e-17,2.7119260583597324e-17,-4.7808598986865026e-15,2.96922907778007e-20,1.7578367359905487e-19,-2.4424561632796775e-19,-4.780817584752669e-15,-2.9697689141684986e-20,1.3476608752761671e-19,3.302361428640746e-20,2.6323482879008724e-17,2.7786440015202574e-17,8.398372207422952e-19,3.4210586510167185e-19,2.75925450325931e-17,2.768470928902657e-17,3.0278231417837e-17,2.3232305740210446e-17,1.8740013390563655e-17,3.580007431122115e-17,-9.543069059212362e-12,-1.8866083359953537e-19,1.961366560223796e-17,2.9807948990153576e-17,3.468841305774518e-17,-9.54303063539371e-12,-9.388594006151898e-20,-3.662447342396645e-20,2.6235956545502226e-17,1.5584326028567477e-17,3.026044156249941e-17,2.6609478889253703e-17,3.498908392499474e-19,4.017309197099123e-17,2.9788641850751138e-19,-5.2411391409141354e-20,3.0947798436707076e-17,5.059060035345513e-17,-4.78104843329515e-15,-9.543092923708023e-12,-4.471952724457204e-20,7.271235625650524e-20,2.399395386666214e-17,1.6439895370327263e-17,2.6128117612417433e-17,2.821021643950969e-17,1.0562071092522238e-19,3.558710327342581e-18,-9.543088958344614e-12,1.0707211763146861e-19,-9.543042375950986e-12,8.936472351299621e-20,1.6672499549037323e-17,1.5074856792010615e-19,3.5855979173464215e-17,-2.4683116268173956e-21,-1.2226501636367984e-19,2.4328481227337026e-17,2.85656918604564e-17,2.5070542056142704e-17,2.7509009823791208e-17,2.8064194526192073e-17,4.4342726158385915e-20,-9.543059754558265e-12,3.4586316817859664e-17,1.6141384363372217e-17,2.1374733209792654e-17,-2.1392040753266328e-19,3.911175784528573e-17,6.035655463836255e-18,3.578865619368413e-17,1.0283014694172444e-18,1.6431048522229882e-17,3.097978353395694e-17,3.3613207911246614e-17,1.8411891999658612e-17,2.8780681894356825e-17,2.8050045833063634e-17,2.732315429418105e-17,1.946592862815004e-17,2.4927976190799132e-17,2.709469172605523e-17,-4.781264777237325e-15,1.8243064299658414e-20,-4.780977484296943e-15,2.9626894471798586e-19,-4.781147279402814e-15,-1.2004476460217377e-19,-7.790779769784215e-20,2.4622288759360626e-20,1.7699898003534165e-20
1.229426750802393e-10,7.61825644227669e-17,2.2112650435967908e-20,-1.4159550794897081e-19,3.3600358115568345e-17,8.184616120308187e-12,2.969921144234472e-17,3.018069167354617e-17,5.139974331814509e-14,1.963044838862598e-17,5.0963329287473403e-17,1.9126796628582156e-19,3.457533328559424e-17,3.7601278431843055e-17,1.0259872871999975e-10,3.849088826690079e-17,-5.250733369287115e-19,3.460855165530147e-17,5.1399058540960236e-14,2.8935028628535435e-17,-7.067474213122437e-20,3.5341564025619046e-17,4.4573305891069e-17,1.0259857712777601e-10,5.139930754486111e-14,3.2370954220463375e-19,3.4218174174963696e-17,-1.0238250260783901e-19,5.93489111491562e-17,5.741220561879434e-17,1.0259858747855646e-10,1.0259859054645658e-10,5.139948241347304e-14,2.240115773864091e-17,1.8927984625162312e-19,4.26313556076445e-20,-1.602112823960587e-19,1.87944683126059e-16,1.2583334930358237e-19,9.39228223387053e-20,1.0259853745549859e-10,4.400969274717094e-19,4.277091305954824e-17,2.858291801477894e-17,1.0259876797881505e-10,2.4750515430210818e-17,-1.1625791767035762e-18,5.413584685794434e-20,3.4994927335685287e-17,4.7229045352772864e-17,4.2168546565632104e-17,1.4015381305372474e-19,-2.296544858339767e-19,-3.675985608607572e-19,5.149432766348176e-17,3.0891038868242354e-17,3.809865562207874e-17,4.95653145005571e-17,5.1399588859508485e-14,1.652553662787639e-19,3.1474699618630515e-17,4.7681282718964506e-17,5.704320443516463e-17,1.0259868514412214e-10,4.202355832084351e-17,-6.4025078392187685e-21,1.6019305511781302e-20,-4.029664781172784e-20,1.299887964741222e-19,-4.583405669090872e-22,4.7066537080072196e-17,1.7345316775175963e-19,-2.2517978659146147e-20,3.7252639654851e-17,4.263824028401072e-17,8.063891594092363e-17,1.0259871849979426e-10,5.1399371654742214e-14,2.525908268985264e-20,-3.7098548747592413e-20,3.0946045584525786e-20,-2.017986612080508e-19,3.0185175126492692e-19,-8.22919842630008e-20,-5.201230675268795e-20,-9.657410852437768e-21,5.139967943552317e-14,4.3857912723105277e-17,5.139909544322509e-14,5.710516294546946e-17,-1.13602689655726e-19,1.2296873841497504e-19,5.313457547047936e-17,3.4523487760335897e-19,-2.6087461111539377e-20,1.2675442764813397e-20,4.1268835515519804e-17,3.5464663977716033e-17,5.016515666955247e-17,3.65767697887814e-17,2.778856731133014e-17,1.0259864016253696e-10,-1.767664878325762e-19,2.2613914804826078e-20,2.2344830799055486e-17,5.334617913876616e-17,2.465249545312851e-19,-2.996249733576313e-19,6.308762192921627e-17,4.344970112211272e-17,2.20400422745806e-17,-1.7737366749785395e-19,5.2204589378903656e-17,4.0963873454162687e-17,7.931368472264151e-20,5.0584292573196663e-17,1.9698969149094173e-19,3.6654224345603516e-17,3.5724470066648344e-17,4.250101360714573e-17,1.0259867275148602e-10,6.397904367434298e-17,1.0259863949139806e-10,4.55741403656687e-17,1.0259847109185707e-10,3.6516986638785294e-20,5.93304973747239e-20,1.3672987511663032e-20,7.712972825075432e-20
3.995417066408196e-11,2.963272102633785e-17,3.5682313752073506e-17,-5.267960902407486e-20,2.5765180938235193e-17,2.969921144234472e-17,8.184836566192913e-12,2.8701888227860685e-17,9.82645279968271e-15,1.4763169148173614e-17,3.98764440451848e-17,2.352974854200113e-19,2.696104171525251e-19,-2.489350692008601e-19,1.9614936046951903e-11,-4.761424943126477e-19,4.740211807801956e-17,-3.935703551026125e-19,9.826356582670446e-15,4.263281471079172e-17,-1.115853214357649e-19,-2.581961270779595e-19,-1.6119023374417273e-19,1.9614820231244057e-11,9.826542317329637e-15,2.5590989231731477e-17,1.123345751829953e-19,5.73571147352872e-20,3.7067202527422736e-17,3.519363193078504e-17,9.82659234550466e-15,1.9614809685754995e-11,1.9614893066122748e-11,-1.1319608518246013e-19,1.5147185752905625e-19,-3.7989624637143455e-19,7.967923606178101e-20,1.6365065340868465e-16,3.2833539800211e-17,-1.0750740185740527e-19,1.961476819466796e-11,3.6046808378351964e-17,3.3793851791301494e-17,1.8184974752202416e-17,1.9614971685933595e-11,9.658726085523812e-20,3.063119596887695e-20,1.7678751751947002e-19,3.324047895435755e-17,2.0646213772657876e-17,2.530454761277997e-17,2.0326843586311162e-17,3.006030688192447e-17,1.7586153551630387e-19,-6.567429656873899e-20,3.124414282822363e-17,5.44593656546317e-18,4.755909039026116e-17,9.82650045823385e-15,-2.502258296462065e-20,-5.1565327682798125e-20,2.87801605449487e-17,2.399996195445021e-17,9.826766772779773e-15,1.8914819387643662e-19,-9.685520784254322e-20,8.142382190717161e-20,-1.7444877209435386e-19,-2.2782662721857447e-19,-2.485544166627411e-19,-4.802300276442012e-21,3.790206011926918e-17,-4.6839702232432056e-20,1.862533484016498e-19,1.3845275214616726e-19,-1.8001262073432157e-19,1.961492976405853e-11,1.9614820619084493e-11,7.811142803692565e-20,2.1668885569835237e-17,3.183565947102602e-17,1.031682345212873e-17,3.746715958426982e-17,-2.8785481197857294e-19,2.3273638482323525e-17,2.8628037562170547e-19,9.82651412203017e-15,3.1279765517425365e-19,1.961490279960243e-11,4.429180473145778e-17,5.884077697802554e-20,3.130582934279481e-17,-4.3869978201348705e-20,3.121022005322943e-19,6.408038043456674e-21,2.15690716426836e-20,7.262794601672068e-20,5.598431979043606e-20,-1.7839636530994073e-19,-4.444955086969971e-19,1.0132424045214532e-19,1.9614868223760226e-11,1.5143685889946248e-19,7.425042874363012e-19,3.717288242728127e-17,2.848272051204154e-17,4.731446412784182e-17,-3.763534404871529e-18,-6.987227688997689e-20,-1.026520173176958e-18,1.694747577809659e-17,2.0595615802273296e-17,7.724682722215069e-20,-3.5336294254895064e-18,4.802980144290287e-17,-5.849424852202888e-20,1.4025210932487895e-17,1.01485511480742e-19,3.1010706713763524e-17,-8.176403487322224e-20,1.9614930903783198e-11,5.821823166286956e-17,9.826590847417295e-15,3.0492487097642216e-17,9.826513252561337e-15,1.243514112242549e-17,3.594953866877142e-17,1.690628690022354e-19,-1.1560451898705394e-19
2.4795379304264416e-11,3.856978895326832e-17,1.5664825086582852e-20,2.9672988111379954e-17,1.3220490945344853e-19,3.018069167354617e-17,2.8701888227860685e-17,8.183018586012476e-12,2.2363737211652215e-15,2.9856838787219107e-17,3.695813230958194e-17,3.9229048764799755e-17,6.718641019900231e-20,-1.085961508007136e-19,4.4641425104727e-12,1.448773852741477e-19,4.521776601432941e-17,2.7501627133863304e-17,4.464055386423365e-12,6.265347381380617e-17,-9.486884186312517e-21,3.6593019232236258e-19,-4.0536022856779185e-20,4.464052714445824e-12,4.46403313994747e-12,4.333712192389851e-17,3.329143988116395e-17,2.7332426389496134e-19,1.6328434445916198e-17,4.462898897266721e-17,2.236277111343825e-15,2.2363748515414267e-15,2.23552227310109e-15,-3.5013978926421397e-19,4.4048733241027613e-20,1.2283555141311331e-20,3.269820512102691e-17,-6.540789035694393e-20,2.121585855005782e-17,2.459571669044107e-17,2.236191357248547e-15,4.878907154979387e-17,1.3603232601200007e-19,5.568241855616658e-19,4.464182475721645e-12,1.2785131884178377e-19,-2.567114861986222e-20,2.0250788288214723e-17,5.0411095619974065e-17,-4.651206316639173e-19,4.096473790677184e-17,2.140973865543317e-17,-7.830025804838598e-21,4.194846414449255e-17,3.2584961693614098e-19,-8.508495034295488e-19,6.591362156778527e-20,1.807812989982109e-19,4.464096340627883e-12,2.0941053097983704e-17,-3.218290873996221e-19,2.126286136727185e-17,3.159796566980731e-17,4.464103714217518e-12,2.5364475082120368e-20,2.6962274941404258e-17,2.0647893746323416e-20,5.858305332911093e-19,4.672891399866878e-17,3.783156204382039e-19,1.56074346865163e-20,8.767731294599561e-20,3.368244251283902e-17,-1.0147938415645183e-19,5.189794635244044e-17,4.849686367723338e-17,2.2364242896691795e-15,2.236212113953369e-15,1.3473883179010354e-17,2.199089483423311e-19,3.4126763625062474e-17,2.6995361616033854e-20,3.6151146852812365e-17,2.178151446436328e-20,2.0005557367632893e-17,2.1894105192309868e-17,2.2363089518744594e-15,-9.667793925822213e-21,2.2364369963150002e-15,-4.553994754528591e-19,-1.1716697544617967e-19,-7.566712166735845e-20,-8.191691781244601e-20,1.3798792490273995e-19,4.239822564727146e-21,1.2505255486654649e-19,1.515691942179966e-19,3.248756696758917e-17,2.5569226573651895e-17,2.0016274690687375e-19,9.363281601019022e-20,4.464102995850067e-12,4.9146038322909343e-17,2.09266417827184e-17,-1.4357343887834683e-20,1.2616840833371057e-19,6.876510555120466e-20,1.925862665569587e-17,4.023881085302236e-17,1.7599202454854505e-17,-6.61251438698219e-20,3.5141241265644284e-17,3.481528984357053e-19,-3.3115604843837905e-19,-7.950568042566873e-20,4.036967783966332e-17,1.5404340472956816e-17,1.627997182993019e-17,-1.8539163724277396e-20,3.231498531857874e-17,2.236503639997226e-15,-7.127015511927014e-20,2.2364037038259008e-15,1.5075936373169743e-19,2.2363636442811778e-15,1.9745396609929187e-17,1.6880321063840332e-19,4.957060038250508e-17,-1.738688264841995e-20
0.9999999998521184,1.2173784091988459e-11,6.8158301114331165e-12,1.210863965083118e-14,-4.780879715121571e-15,5.139974331814509e-14,9.82645279968271e-15,2.2363737211652215e-15,0.9999999998569581,-2.142874976402417e-14,-1.5027875136585986e-12,-9.32632797083286e-15,-8.964941343043388e-16,-4.429889930720347e-11,0.9999999999759155,-5.033214303657002e-11,1.0624621823039914e-10,6.770059646064889e-14,0.9999999998419747,2.1275199066922123e-15,1.3057220226491337e-11,-3.1631022255901575e-15,-1.8808703532196317e-11,0.9999999998467438,0.9999999998327479,2.0055242805909704e-14,-8.944292991179245e-11,-4.211168139354144e-14,-1.9453487017652102e-10,-3.090586565829187e-11,0.9999999998617272,0.9999999998316845,0.9999999998226619,-1.7470717434937836e-14,4.6949699294439615e-11,-1.018619220940792e-10,1.6147126741555214e-11,-9.546632144589373e-10,-2.454606626421305e-15,1.0439543785549907e-11,0.9999999998519828,1.2273693697345158e-14,1.5773111928649655e-14,2.9556669132216814e-14,1.0000000000550773,6.077529651854776e-15,-7.575881779337923e-11,-4.692245442268536e-12,-1.4146693802128944e-11,1.3124599331864017e-14,4.012984062763506e-11,9.593240861063035e-15,-1.1612040776211503e-10,-4.265837469941658e-14,2.998378059229286e-14,-7.636785510706075e-15,3.892077617787557e-11,2.021101447314462e-14,0.9999999998218457,-4.69691555289364e-11,-1.4569647344494033e-11,4.904127453677602e-15,-1.6479471723097488e-14,0.999999999812201,1.9628816871544328e-11,-4.372444245965156e-15,-1.583441482674836e-14,-1.935873137431676e-12,-2.2381658198861537e-12,3.157426566996818e-14,3.399883195099975e-11,3.430282866244469e-11,7.0659191770397675e-15,3.076399507397927e-11,1.15168704250463e-14,3.1295402622830146e-11,0.9999999999619987,0.9999999998519326,-3.243045998782727e-14,-2.25134683372367e-14,8.372300188779802e-15,1.419797741321029e-14,2.8567449679862022e-11,2.0309176562326004e-14,-2.5825013146427412e-11,1.2802717735020099e-11,0.999999999805094,7.049449615910866e-11,0.9999999998174919,1.533631890877869e-14,-1.1982485540592097e-10,-3.1258473156469357e-11,1.0533616231030682e-14,2.8055027371346066e-15,2.023415446597635e-14,-2.3975269285860876e-14,2.143326063076586e-12,2.933477991408764e-11,-1.1743210983672903e-12,7.797126376981768e-15,2.3595907340905326e-11,0.9999999999466178,8.862464391269715e-15,-1.3585990683572637e-14,-9.756832105619257e-15,1.602388840144579e-14,1.8267485833984158e-11,-1.3196746543590898e-14,-6.25746218048677e-15,-7.214934965880077e-15,-8.3217306101039e-15,7.986193086116649e-14,9.358489780155048e-12,-2.949677349524363e-14,1.3620324777822163e-14,1.759514690375872e-14,-1.6722103828045425e-14,1.0626330845036068e-14,1.254943640240861e-11,-1.7821244059609934e-14,0.9999999998317192,1.1143788746174105e-11,0.9999999998329496,9.075792120101062e-12,0.9999999998585501,-2.098600177722597e-14,-3.9231473491223276e-14,2.2469231103658592e-14,4.930746618354065e-11
-2.2443966590764475e-11,3.243821658570988e-17,2.720922060204962e-20,9.147381299721289e-20,9.516113927946315e-20,1.963044838862598e-17,1.4763169148173614e-17,2.9856838787219107e-17,-2.142874976402417e-14,8.183010310550279e-12,2.5687769083929557e-17,2.5723647966058833e-17,8.301113082562525e-18,1.399853608673395e-17,-2.142892085354109e-14,1.127750630808222e-19,3.583467379596695e-17,1.768482056674484e-17,-2.1429045666117466e-14,-5.722230490277884e-20,4.3447215661020765e-20,3.287635215885478e-17,1.571900405773564e-17,-4.277448545980799e-11,-2.1428785272116728e-14,9.35542413545408e-21,-6.011695187167652e-19,-6.536510614578777e-20,-2.4863574604337347e-19,2.8101603984238797e-19,-4.2774464978763796e-11,-2.1428972496849497e-14,-4.277443193712403e-11,-3.341722209550759e-19,-4.388606739435498e-20,-4.13999192042173e-20,2.3291469841748945e-17,2.6214961220241144e-19,1.6025310774897375e-19,2.453949095711093e-17,-2.1429666007552084e-14,4.090451504568536e-17,2.7427429955680836e-17,1.7740026314773435e-17,-4.277433806063829e-11,-8.86365757647362e-20,-7.024729178462906e-20,6.5727740178256164e-21,2.4384337036931505e-19,2.8772878178574505e-17,3.268526774473331e-17,1.6481367045964264e-17,2.6290073108024936e-20,1.5646546662572732e-19,-2.0630458341031772e-19,1.62667273705811e-17,9.209990835782615e-18,2.2363814809050127e-17,-2.1429102282954357e-14,8.581432457083394e-20,1.4472696922425641e-19,-3.084530231090199e-19,2.5076604928305086e-17,-2.1428792601133454e-14,4.888075234601983e-20,1.8987573668368563e-17,2.5797289411967137e-17,2.40228058711988e-17,3.6128002218799336e-17,-5.339954755772422e-19,3.0966019673047675e-22,2.8771212860020384e-17,2.783712897303582e-17,-5.869863270450461e-19,-2.913664261501759e-20,3.614962035754098e-17,-4.277438001871115e-11,-4.2774458480236e-11,-2.7078550606182346e-19,2.091767274615407e-17,2.3881280022799682e-17,5.015140868787647e-20,1.2250377153606895e-20,4.386444873665542e-21,9.78444710565872e-18,1.7340043183616778e-17,-2.14290777397301e-14,5.751028455518416e-20,-2.142882440356073e-14,4.258349242250632e-17,5.79658148116591e-18,3.3672204860386883e-17,-8.168730155626043e-20,1.540009032050271e-17,8.573781342605718e-20,3.6280497408166055e-20,2.7475368494448797e-17,2.2432436568591273e-17,-8.775359183893953e-20,1.86388655381942e-17,-3.131307583646699e-19,-4.277442652985987e-11,-2.235624037628746e-19,1.941048410558826e-17,-3.4629618267583113e-19,-9.861556336155016e-20,3.0603888327096904e-17,1.5866865687628002e-19,3.083446641914662e-19,-6.832275652407509e-19,1.5829137432358654e-17,2.786597861901581e-17,2.320726957340155e-17,-3.3019950417122865e-19,2.907817480894206e-20,3.355031726412884e-17,2.2663635974214326e-19,1.2393262532285377e-17,1.3082853093747147e-17,-2.215860229236041e-19,-2.1428976541135134e-14,1.612364487476746e-17,-2.1428956697330007e-14,-6.290877716055469e-20,-4.277455138775964e-11,-2.85087480184003e-19,-2.8352999081386793e-19,3.467563312150174e-17,2.6441939554596893e-17
1.8833458708471416e-11,6.667546364237389e-17,4.5509686115551626e-17,2.412366982708041e-19,3.4684863178256625e-17,5.0963329287473403e-17,3.98764440451848e-17,3.695813230958194e-17,-1.5027875136585986e-12,2.5687769083929557e-17,8.184636594438549e-12,1.2891388565817658e-19,2.98308668925313e-17,3.412475847147299e-20,-7.529238806634875e-16,3.9459101811833084e-17,8.389812035315971e-17,3.41698656366095e-17,-1.5027573727221617e-12,3.931887093469229e-17,3.682532778450281e-17,4.12983670380404e-17,4.349033877164965e-17,-1.502780293501679e-12,-7.52859849629244e-16,3.6788567144214304e-17,-4.640962048436289e-19,4.2894294319897575e-17,5.883316901177878e-17,5.310593137527733e-17,-7.526903199121886e-16,-7.526842623567442e-16,-1.502729644050497e-12,2.2347073547579628e-17,3.0492734265290132e-19,1.302549894332301e-19,2.3113018848041694e-19,1.6123792599865041e-16,-1.6308190540943668e-19,4.529154891729984e-17,-1.5028147156876873e-12,-2.4834251571306424e-19,7.807112903520969e-20,2.021842717480899e-20,-1.5026434432501492e-12,2.939951045479619e-19,2.0276281257294105e-17,3.9523212928377264e-17,4.023202963181887e-17,1.5189316849189376e-19,4.148865931565738e-17,2.488897621760399e-19,4.2795358862523925e-17,-2.752012799929377e-20,4.54433467929069e-17,3.857012385397654e-19,-2.1733509633484085e-19,4.858119589295085e-17,-7.529596555990663e-16,3.8567562445937057e-19,3.474242987209899e-17,-1.5937293860072432e-19,3.72979496673221e-19,-1.502704497468385e-12,2.637749484979572e-19,5.635645509501779e-17,3.6441467618448294e-19,2.6937623222159803e-17,4.4281510192023857e-17,3.993417561833156e-17,-5.642992586915658e-19,-1.493516584392919e-19,-4.0275877204712614e-20,3.61169714164443e-17,4.6425944138142535e-17,7.218434632317193e-17,-1.5026862969215274e-12,-7.529191884394143e-16,-3.730995727187751e-20,5.1865096773697426e-20,3.311894522135304e-19,1.3161022219238287e-19,-2.3983564088645563e-20,4.522394969275927e-17,-4.364280987730077e-21,1.7848991147305052e-17,-1.502767314094083e-12,3.999867335735816e-20,-1.5027189972050067e-12,5.521559092081476e-17,-2.6548597139748486e-19,8.187893235410843e-20,1.7354050248012235e-19,4.230760644224475e-20,3.034898893815984e-20,1.4284918515759561e-19,1.3985956748811308e-19,3.5127374553110755e-17,-7.277498414360039e-20,-9.453737083034887e-22,3.137695201523471e-17,-7.523940965074341e-16,4.791297302617238e-17,-4.185680484354277e-20,3.013780615308619e-17,2.049837894651103e-21,5.467960371192282e-17,1.5696256915933093e-17,5.398504835197223e-17,3.615939252536804e-17,-2.924450117086383e-20,5.0537067829511134e-17,-1.6768840802491634e-19,3.6284365940242084e-17,3.836538285349894e-17,3.1716031715256893e-19,4.3664833302739806e-17,2.9406574036073154e-17,3.484294430087149e-17,-7.174170625729414e-20,-7.53140100881005e-16,-6.894200014657558e-20,-7.531225920035277e-16,4.491351281556856e-17,-7.528061146983306e-16,-4.696691724872943e-20,4.237485624640918e-17,-4.041429073492097e-20,4.8487175956846675e-17
1.7157614234125333e-12,6.315975067481719e-17,1.1487199596354794e-19,4.1340551340532565e-17,3.819893349739383e-17,1.9126796628582156e-19,2.352974854200113e-19,3.9229048764799755e-17,-9.32632797083286e-15,2.5723647966058833e-17,1.2891388565817658e-19,8.182977989973213e-12,1.110642754348779e-19,-3.5233879498364464e-19,-9.326287945968054e-15,-2.6504714610074197e-19,8.199509248549822e-17,3.4557413153535316e-17,-1.8616161060482955e-11,4.0925904392511934e-17,3.7677038275614704e-17,4.1815559132355506e-17,4.7248106163462316e-17,-9.326042340866217e-15,-9.326102252789421e-15,3.549227714292135e-17,1.1253609627571064e-19,-4.0388151622094353e-20,6.893912193330131e-17,1.540680895585965e-19,-9.326054984448835e-15,-1.8616188907370887e-11,-1.8616135869868077e-11,-4.048661873706003e-20,1.108535185619177e-19,7.985907263971575e-17,-1.1978315866434546e-19,-6.345723785926302e-20,7.427785155591422e-20,3.8174785764184745e-17,-1.8616223529569174e-11,1.912490081194332e-19,3.1248573388571524e-20,3.245751837754998e-17,-9.326228856553842e-15,2.792673886523638e-17,2.063999863599912e-17,2.856044898854841e-20,-1.9947202632997336e-19,3.9375820350831225e-17,2.5633384444755536e-20,-1.3232328784241199e-19,-5.0353637607270394e-20,-1.365968445565957e-19,2.5473178412252545e-20,3.858703031342947e-17,3.01983158883786e-17,-4.984604369046306e-21,-9.326241462102511e-15,3.230710608256706e-17,3.3910660588672293e-17,4.4174056526688514e-17,-1.2163546422823202e-19,-9.326045057043686e-15,4.1234252769029e-17,1.2627139637650654e-21,4.2200352081579053e-17,2.1541705562954745e-17,1.533105830775763e-20,-2.7389840459613328e-19,-5.039822779382031e-20,6.148830238506891e-17,4.556516854675605e-19,3.3313254745038626e-17,4.7116504454335534e-17,7.387817074171588e-17,-1.8616099511893836e-11,-1.8616191826405797e-11,4.724207501958546e-17,4.522452708370288e-17,3.8462907476203173e-17,2.4954045286491616e-17,4.900956409350218e-17,5.715800911560259e-20,-2.579409869073019e-19,8.954349960699566e-18,-1.8616182440545378e-11,8.139899299048339e-20,-9.325903720270949e-15,5.480717257971858e-17,3.337466097553446e-17,-7.966233158089522e-20,1.4558426628609902e-19,4.173239284871248e-17,4.0985358197228257e-19,-8.963789350932618e-21,7.354723345557949e-20,5.138527037976686e-20,-1.8737762556016176e-19,4.33231602832359e-17,1.7587906268333918e-20,-1.8616146584293292e-11,5.427972107444894e-17,2.2798426040810178e-17,3.5197739437020575e-17,-1.153097958167336e-19,2.6763168588237906e-20,-3.133822836417103e-20,5.603829944208906e-20,-1.2493800348463396e-19,3.0237263374540197e-17,-1.3018134562183803e-19,5.0248862053515425e-17,2.9818989159218476e-17,4.472618715802512e-17,-7.196562441888252e-19,-1.3409256642435805e-19,-1.0692654510933076e-19,-6.678226321474638e-20,4.3007946489742195e-17,-1.8616116824100134e-11,7.01770735182519e-17,-9.325734818519356e-15,4.627542528363586e-17,-1.8616283964336382e-11,1.2720609312946156e-19,-1.565357158090674e-19,5.49847653654454e-17,5.0121916564650985e-17
1.854765918121576e-11,5.769306706747032e-17,2.732423478616326e-20,-1.0480179613903128e-20,3.864316533083161e-19,3.457533328559424e-17,2.696104171525251e-19,6.718641019900231e-20,-8.964941343043388e-16,8.301113082562525e-18,2.98308668925313e-17,1.110642754348779e-19,8.182982340883035e-12,3.62999265534996e-17,-1.7889949070727875e-12,1.9152452272677435e-17,7.128696814474659e-17,3.67557127424663e-19,-1.7890749755865977e-12,-6.255899700205527e-19,2.2611088677577617e-20,1.602132450917994e-17,2.935807934524396e-17,-8.961082816661726e-16,-8.962898148375576e-16,1.2937905492884432e-17,1.737765002270132e-17,1.7033088611729913e-17,4.425751590715135e-17,4.2196003625854653e-20,-8.961290155344318e-16,-1.7890929431339993e-12,-1.7890471775735113e-12,1.9730643780808997e-17,-3.0002486574800745e-20,4.995686787635347e-20,9.495332326650419e-21,4.267252361455159e-20,1.2224183386460657e-19,4.6069427249353025e-17,-1.7891288600062058e-12,2.224917422466292e-17,-1.6586085477366405e-19,1.1721409794734247e-19,-8.96396235895714e-16,-2.0870789633266063e-19,-1.7619070467092255e-19,-3.672399080808454e-20,1.2877192146912112e-17,7.307780346127414e-20,2.2592672345176717e-17,-5.52702024335054e-20,2.310096768900342e-19,1.9984614994142796e-19,3.416113112813029e-17,9.529159357638129e-20,-3.521951528180345e-20,2.521871460341585e-17,-8.968717384065826e-16,2.0611215916094716e-17,2.261049301784062e-17,-2.2251969027223286e-19,-3.1475189924778367e-19,-1.7890268910003783e-12,-1.7869254141064592e-20,-2.3650140634469575e-19,9.497845324269695e-18,1.5884893961783027e-17,-4.679423794820255e-19,-4.624501517394684e-20,-2.8716809916224956e-19,4.143862605428822e-17,-1.0880131596087802e-19,2.4125829243977494e-17,3.514906799478708e-21,4.975892765175193e-17,-8.963071968907088e-16,-8.963092146011077e-16,-2.7112140343317036e-21,9.866087358140265e-20,1.2376667388453625e-17,5.1407724854876236e-20,-1.8906931168021418e-20,-4.748092836756022e-20,1.509451626874934e-17,-9.212730111391754e-20,-8.96368021211893e-16,1.0601940537820446e-17,-8.962401618088824e-16,-1.0026558288605836e-19,-1.127197036959023e-20,2.3144791134698505e-17,1.896940311693591e-20,2.8386683722286433e-19,2.7333247052646336e-20,-2.2016424957178774e-19,2.0090950759619842e-17,-2.1014487084264512e-19,-3.681340654825987e-21,5.5820760819874486e-21,1.2995970951280922e-17,-8.96230173496102e-16,1.4161905410356407e-20,1.2723727671197193e-20,-1.322522626188631e-18,4.1656608923924024e-17,2.6943710877801786e-20,8.31839806483591e-18,-6.53883818078043e-19,4.027641221011253e-17,6.296305887820282e-20,3.674825693379712e-17,3.040264842563276e-17,3.599977002415474e-17,6.124770232024709e-18,-1.69244070251208e-19,1.7856123448267995e-20,2.525256209928776e-17,2.4656409470765196e-20,-3.7131349416933174e-20,-1.7890502322198546e-12,3.566356462751854e-17,-8.962874163186667e-16,2.756780404468711e-17,-1.7891732378862162e-12,2.3205881982646835e-17,-2.538760217568611e-19,2.001193729735163e-17,-5.539637084742535e-20
