0.9999999999999433,0.9999999998718674,6.546203437348901e-11,-7.580910128858982e-10,4.810263818109946e-11,-1.793058585008561e-11,3.396723838486082e-11,5.741928210309448e-11,0.9999999999965253,2.8039251600013902e-11,-2.943724671585542e-11,2.6623869910197507e-11,-6.5964374009098246e-12,0.9999999999871315,-1.8307597514990915e-11,4.976578512587944e-11,3.837701514185138e-11,-2.209971457972975e-11,0.9999999998865987,2.9783324464437786e-12,5.0924362427539846e-12,4.2485601329674527e-11,0.9999999998889267,3.700598346111408e-11,1.3714262486194524e-11,0.9999999998771681,1.7949929594759977e-11,3.9876930246783986e-11,0.9999999998885238,3.583990537420749e-11,1.7668771767610645e-11,-3.472198383324424e-11,-6.104663836182155e-11,1.0600698892676265e-12,1.1365217428896473e-11,3.096360217991281e-12,9.738145900298185e-12,1.3551712228169194e-11,1.9986111440987983e-11,3.82112540953708e-11,3.135153417410011e-11,-7.062969941851626e-11,0.9999999998948087,2.3035577430204728e-11,0.999999999878369,0.999999999881313,2.8565071662340635e-11,0.9999999998726922,-8.454885170028803e-12,-3.892577140005591e-11,2.657458016750897e-11,0.9999999998934259,4.5759962293898153e-11,2.177369020426736e-11,3.2086193858574187e-11,1.952939763143595e-11,-1.3346982602908767e-14,1.06452087690649e-10,1.1696495975309797e-11,0.9999999999119082,2.6908827430606477e-11,0.9999999999080216,1.6982448846649682e-11,3.0083733212787272e-12,3.160157409565494e-11,5.3971585084964696e-11,2.4957957988344396e-11,3.98866289468297e-11,2.8320869444738487e-11,3.6191004089453416e-11,0.9999999998787378,3.708332271780484e-11,2.8572417594020448e-11,2.938339530310308e-11,3.01333258981803e-11,3.089359020197806e-11,2.7208113684983944e-11,4.058529490734873e-11,-1.395032308037446e-11,3.524559385576588e-11,-5.361877427925768e-11,2.7384288100395955e-11,0.9999999999762365,3.3595589190270804e-11,1.5699599186138834e-12,-1.106713899532466e-11,3.444018735971932e-11,3.1628992080474054e-11,3.055500163573676e-11,-4.81723388750287e-11,-3.734010167356903e-12,0.9999999998633459,4.500858803867729e-11,5.189868246299143e-11,0.9999999999053664,5.33428320786086e-11,5.338815491750192e-11,2.0433414865345392e-11,3.092456919237362e-11,3.6606017292532635e-11,3.400771241138379e-11,3.1705436800139576e-11,2.3528740887304153e-11,0.9999999998864384,-1.6659247893026775e-12,8.671267881034615e-11,2.5560648202424728e-11,4.613192538770775e-11,2.886265539074589e-11,2.726904512361608e-11,-4.4940042584011194e-11,-1.1724601427193675e-11,3.8044238803782596e-11,7.491480865042089e-12,5.85246515331788e-13,1.526144541178785e-11,1.6216340636532316e-11,5.100219075389989e-13,7.062558321835209e-13,-5.011771063120649e-12,7.540740936524246e-12,6.556031013199589e-13,1.0000000000041824,-4.179133987477079e-12,-3.2207225924774915e-11,-1.3408204946172915e-11,1.641663028294977e-11,-6.480800595369246e-12,-7.219286633425392e-12
0.9999999998718674,0.9999999998412278,5.1096307201047926e-11,-7.72449015275983e-10,3.374019151842755e-11,-3.229235142578352e-11,1.960928551719045e-11,4.305483855295056e-11,0.9999999999570776,1.3679356508171974e-11,-4.379037940991811e-11,1.2254905926456506e-11,-2.0961741304596886e-11,0.9999999999476872,-3.266399724293205e-11,3.5406459695238334e-11,2.400449380904935e-11,-3.646203862307333e-11,0.9999999998471579,-1.1382062599089139e-11,-9.269458715103103e-12,2.8120319527000195e-11,0.9999999998494853,2.2648597334584145e-11,-6.438323651835562e-13,0.9999999998377248,3.5906810338286756e-12,2.551797796626795e-11,0.9999999998490763,2.1473732358876713e-11,3.3026366455390467e-12,-4.9079855889922844e-11,-7.54094543558504e-11,-1.3298498655985356e-11,-2.9940389188823425e-12,-1.125861350993806e-11,-4.623578325586885e-12,-8.105919854861077e-13,5.619587299753328e-12,2.3851639607699013e-11,1.6983844296289683e-11,-8.499541965666909e-11,0.9999999998553671,8.676958245556174e-12,0.9999999998389258,0.9999999998418698,1.4211792596816732e-11,0.9999999998332553,-2.28213322643549e-11,-5.328889691181166e-11,1.2211416149897745e-11,0.9999999998539802,3.139701574243154e-11,7.412815672942226e-12,1.7719739434163392e-11,5.1676202563021714e-12,-1.4381081918425917e-11,9.208527328866532e-11,-1.334203861146826e-15,0.999999999872464,6.2875769908681636e-15,0.9999999998685777,1.3135629613117188e-15,-5.684631156483614e-15,8.636660404009922e-15,1.9841671126635743e-14,5.309871300298943e-15,1.2785699078740888e-14,6.992004809359538e-15,1.0933993982957781e-14,0.9999999998392977,1.1385234083236211e-14,7.116903598306484e-15,7.52600590526037e-15,7.900190206810778e-15,8.279771007120562e-15,6.4365554457268e-15,1.3138736184049752e-14,-1.4184681150248083e-14,1.046081467302551e-14,-3.4055516968159606e-14,6.525811457468797e-15,0.9999999999368001,9.631974461443961e-15,-6.4079783887139034e-15,-1.2737555746298726e-14,1.005872793705742e-14,8.649554610156232e-15,8.11401336741821e-15,-3.132871186382775e-14,-9.065010880421335e-15,0.9999999998239055,1.5353299251929617e-14,1.880331571177656e-14,0.999999999865918,1.9528426821926864e-14,1.955174524296703e-14,3.0393486629469006e-15,8.294528854891198e-15,1.1143861657112123e-14,9.840337092769703e-15,8.691364361754394e-15,4.594815972173403e-15,0.999999999846999,-8.02918152095279e-15,3.624770777416314e-14,5.609360388414223e-15,1.5916588587046723e-14,7.26755466177886e-15,6.466936626661746e-15,-2.9709935449235036e-14,-1.3068693759308669e-14,1.186502739261659e-14,-3.4435648656502188e-15,-6.902062587819248e-15,4.500040078261013e-16,9.292912494193744e-16,-6.942748403920915e-15,-6.84096390209585e-15,-9.705790858972164e-15,-3.4177383255940092e-15,-6.8667213548573616e-15,0.9999999999647329,-9.289460184256706e-15,-2.33303706062709e-14,-1.3913545565189564e-14,1.0277962464873378e-15,-1.0443203298499285e-14,-1.0813219794193504e-14
6.546203437348901e-11,5.1096307201047926e-11,8.80811787210928e-12,3.1688665402261626e-17,3.823536604363945e-17,5.292497879553323e-17,-4.1060304411978963e-20,3.474044495849482e-17,5.109627773629741e-11,1.8320974473076282e-19,4.584629656378521e-20,4.3939196336469005e-17,4.7663016564967125e-17,2.5597956486376613e-14,5.57184263812116e-17,6.4378762299840665e-18,1.2189055139888774e-19,3.982615529747117e-17,2.5597868258636998e-14,8.342230320148634e-17,2.3048931820678595e-17,1.3433605783496575e-17,2.5597715979023507e-14,-7.277181125821781e-20,4.5607132772792725e-17,5.109642899138472e-11,3.3886259990893823e-17,1.5923834682242105e-17,2.5597860915904836e-14,2.996820762848472e-17,-5.235935443806726e-19,2.5437495897155698e-17,4.1502570038383114e-17,-1.8702194702439647e-19,3.759205448367168e-17,2.4256596022120384e-17,-2.1179512145811162e-19,1.9705186299688196e-17,3.88951781454509e-17,3.992390769592292e-17,2.333881477610942e-20,-3.1125987038619116e-19,5.1096432351985525e-11,3.8513634996098745e-17,5.1096328736080985e-11,5.109633965153228e-11,-1.196437319065227e-19,2.5598086075300497e-14,7.299430837855218e-17,-2.7609860484428255e-19,2.6593616171852838e-17,5.10963533555036e-11,4.4048755252259775e-17,3.4654493624865197e-19,4.2315640189023385e-17,2.2081782856421855e-17,4.4100825501219056e-17,1.116914866693921e-19,2.3966318704642502e-17,5.109632481697099e-11,3.450754144715674e-17,2.5597804253488742e-14,5.1451500127429334e-17,3.7467562922177424e-17,3.6051573690471e-17,6.163258439211583e-17,2.688335478363228e-17,2.6415619822679112e-17,4.579923868085164e-17,5.807658563720189e-17,5.109635351339891e-11,1.8983074988181505e-17,3.400387082427278e-17,3.4368355188718176e-17,3.093443473899144e-17,4.766616618169501e-19,5.012333857043434e-17,4.830551946908589e-17,5.4193812678156984e-17,3.847817423581869e-17,4.687586168156584e-17,5.021521157810942e-17,5.109618685183336e-11,3.433752868671659e-17,3.940745855633893e-17,2.962407572459174e-17,2.9001469546897435e-17,3.82119694913768e-17,2.9876448696896796e-17,5.2363334854273354e-17,4.1455416586396204e-17,2.559761239521485e-14,-5.2368125271036726e-20,-1.224881619924186e-19,2.5598282868811175e-14,-6.150837929440447e-21,4.3000583157338656e-20,-1.8170524150011387e-20,4.490541033926742e-20,1.5936625572065616e-19,4.0111614409266375e-20,1.131908853146195e-19,1.8899679206455347e-19,2.5597860844047143e-14,7.638397669789109e-20,-5.654515912544299e-21,1.9787097143732373e-19,2.4166486320337806e-20,-5.277085261831211e-19,1.0664880774967315e-19,2.1851496220737437e-19,-9.057696380183687e-20,3.2139540031346386e-19,7.896039594197088e-20,-2.1510018626848277e-19,2.1182446064070699e-19,-9.018714574502943e-20,3.975640048672625e-20,-4.655185916539477e-20,-4.764165434945369e-19,-9.17713577556252e-20,3.8917185492689106e-20,2.559796757878894e-14,1.0716875344555538e-19,-1.1462142609178107e-19,2.2864233206151482e-20,-9.399718508809046e-21,-2.843407170467283e-19,-2.7073796335298533e-19
-7.580910128858982e-10,-7.72449015275983e-10,3.1688665402261626e-17,8.807519506976016e-12,-1.8360772907177545e-18,1.0399102062243157e-19,3.649969226797207e-17,-3.618406871178505e-18,-3.869788429227878e-13,-4.000895205441858e-17,2.1573608586811178e-19,2.1060071811706497e-17,4.1913477490392524e-20,-3.8697798980638047e-13,7.750444108780468e-20,-1.4123356517156355e-19,2.817467299573116e-17,1.145787991734319e-19,-7.724490007895945e-10,-1.3702067983327256e-19,-2.743142010405368e-20,-2.8338170953771604e-17,-7.724490596399282e-10,1.7684749702269815e-17,-7.878004839334992e-20,-7.724487903799164e-10,-8.955398019481581e-18,-2.1281738478934896e-17,-7.724489482047649e-10,-7.142180027796872e-18,2.5322830915374658e-17,2.203443386804356e-19,-2.482838675583942e-19,9.07102517685477e-20,-1.8324925608813016e-19,1.1401083599718707e-19,-2.3862457120412247e-18,-1.2052992750479489e-19,1.5448757247025723e-17,9.653381271638405e-18,2.3535956207562812e-17,-1.0503401917797686e-19,-7.724487759789963e-10,5.9284155541838166e-18,-7.724489766615746e-10,-7.724489444295067e-10,1.552793200534336e-19,-7.724491082592241e-10,1.6796262579406274e-19,3.058075474768975e-19,-1.5487271899860124e-17,-7.724489181512238e-10,-2.6804716607922358e-18,-3.9053658542047146e-17,1.3571788485843109e-17,1.5387964704835727e-19,1.8950663468596035e-19,-4.651333695810663e-17,-2.4485490526198205e-19,-7.724489672204874e-10,1.0374518835474234e-17,-7.724489334649385e-10,2.8873586100979183e-19,4.421119409234956e-20,2.7015534531566015e-20,4.027942516847673e-17,-3.1575287669771203e-17,-3.8399386811334216e-20,1.4288718607910524e-19,3.1372677150057503e-17,-7.724489279773629e-10,-5.913409227020414e-17,1.5837923845875165e-17,1.416265847272464e-17,1.4257033858281877e-19,1.4126155883673187e-19,9.033848674654429e-18,1.820718672892257e-17,1.1173877603329715e-19,5.3277004127649534e-18,2.4453436275857405e-19,2.278784516662658e-17,-3.8697819890083727e-13,4.926741817056916e-18,6.160397177377535e-19,4.690391974493168e-19,-5.340712144861923e-18,1.2021113673879707e-20,-3.567601697271319e-19,-3.519604368222215e-20,1.9735586778698158e-20,-7.724490939575195e-10,6.307734031899066e-18,-3.6054725878824404e-17,-7.724488465844289e-10,-4.5624186286209425e-17,2.6396357838056127e-17,-8.595176372518777e-19,1.1002722630906447e-17,-4.2267196800794184e-18,-1.6002910334116873e-17,-1.5265101592903495e-17,3.896106622584886e-17,-7.724490047206087e-10,-4.30451128493033e-17,-6.584401618532193e-17,2.7498764482724957e-17,-2.0502938133485433e-17,2.858441023921486e-17,5.842160549911861e-17,-1.2352883090712824e-19,2.196264153815748e-19,-8.615473115557247e-20,1.538103905318265e-19,-1.5448427141704044e-19,-2.3336843285727503e-19,-6.084935934465825e-20,-5.062718416814836e-20,1.358286779349642e-19,-4.087769479924701e-19,-1.9285039462009077e-19,-1.4835096946770698e-20,-3.86978033749146e-13,-7.29768906817521e-20,-1.621031449332123e-19,-3.149465566877211e-20,1.5986100349874435e-19,-2.8468329363936066e-19,-4.801263290938557e-19
4.810263818109946e-11,3.374019151842755e-11,3.823536604363945e-17,-1.8360772907177545e-18,8.808100904001871e-12,1.4740351874040835e-19,3.4178952459540306e-19,1.6561429824493e-17,3.374017649142133e-11,5.846259483536815e-20,-4.3575015678226457e-20,3.5522771718708882e-19,2.0337486555304739e-19,1.6903034471639784e-14,2.7597003547225285e-20,3.0350524213839913e-19,-3.1632249922346976e-20,-1.7330625741430263e-20,1.690302873013765e-14,5.5363350434216044e-17,7.317319558041659e-18,5.337815207087732e-18,3.374017539376406e-11,2.273559986598704e-19,2.9874908161526597e-20,1.6902752291435895e-14,1.2060400350794383e-17,-1.0055174057916624e-19,3.374022201110593e-11,-3.342146855573807e-21,3.262429513436289e-17,1.1110487685510475e-17,4.0626171989490944e-20,-4.8810456639018165e-20,2.001105668045879e-17,-2.085144365210417e-20,1.1822804422733658e-19,1.0919924048318241e-17,1.1903291995151593e-19,-1.0277759906691431e-19,-1.6745194704620018e-19,1.9006630748184232e-17,1.6903000868294963e-14,2.204490295618165e-17,3.374020999440713e-11,1.6902732479871838e-14,-4.482000106106215e-20,3.3740158098204245e-11,4.726502613889306e-17,7.146709559795019e-18,1.6814924576368135e-17,3.3740228359311316e-11,2.364681747189132e-17,1.5550145144141792e-17,4.396909147858539e-19,1.119572549193677e-17,2.6453726936536615e-17,9.479062852274565e-20,-1.7363960775959976e-19,1.6903019211451084e-14,-1.8695952812434702e-20,1.6903573093005192e-14,3.109294160365655e-17,2.2325343795538405e-17,6.1775796359072446e-21,-1.2388395634604078e-19,1.3757674313789622e-17,-2.3526149848297467e-19,2.7533896336434826e-17,3.840990641149748e-17,3.374022723547852e-11,1.9884406943160543e-19,1.9454583978648253e-17,-6.539654550160778e-20,1.46517869054529e-17,-7.520648011047379e-18,3.1961456940243754e-17,3.913799075001818e-19,3.615043324469757e-17,2.475322294547526e-17,2.7129823527438134e-17,-1.607325820488207e-19,1.6902961469757335e-14,2.3491224482323952e-17,2.2586882229632545e-17,1.5453753863131848e-17,1.8697855130112846e-17,2.8998420902641083e-19,1.90985177625162e-17,1.1122148205158753e-19,-6.329801822066755e-20,1.690300600200384e-14,3.861034825974967e-20,8.652779022456619e-18,1.6902633329158768e-14,-1.654686440112494e-22,3.7438304957262445e-17,1.44640297869835e-17,1.963503304499839e-17,-3.1075069146507686e-20,7.613539792810286e-18,1.2819845021495296e-17,3.352777091434707e-17,3.3740193748311804e-11,-5.270741555597129e-20,6.367945538307804e-20,3.241821260058035e-17,-1.818374215793882e-19,3.92565543304146e-17,-2.45845721576612e-19,-7.615445655435175e-18,2.47084358832943e-17,2.2557319802469974e-17,2.517611290043755e-17,2.3856465406310497e-17,8.113438232816923e-18,1.8386422341490784e-17,1.7891638397425678e-17,5.7887314264653045e-18,2.268886867169108e-17,-5.624950670193242e-20,3.0943864269057597e-21,1.690292392828188e-14,-3.005190425408792e-19,2.5395934660579474e-20,1.569207925182458e-19,-2.397468322226654e-19,-7.554850977207898e-20,1.307196615376143e-19
-1.793058585008561e-11,-3.229235142578352e-11,5.292497879553323e-17,1.0399102062243157e-19,1.4740351874040835e-19,8.80835259612079e-12,1.5414568274464593e-19,-1.116563465236755e-19,-1.6178088060386217e-14,1.6605471033784824e-17,3.5917840949159334e-17,4.011007213621334e-17,4.333079869445121e-17,-1.6177599511751964e-14,2.356057797852475e-19,5.232512332526313e-18,4.5769016657514174e-17,4.5129994323815865e-20,-3.229234897147883e-11,7.538901797371406e-17,2.164297722131931e-17,1.0921816116526867e-17,-3.229237588528935e-11,4.4775441631377626e-17,3.903461351641579e-17,-3.229224364701172e-11,2.8566228595941076e-17,1.3074301881468614e-17,-3.229231523575748e-11,1.0009390478319581e-19,-1.2984952249024213e-21,-8.676009384009079e-20,6.762719874536504e-20,4.536024988019108e-17,3.585165954806384e-17,-7.605754691389632e-21,2.1566293939172167e-17,1.6933630195683235e-17,3.546752726140473e-20,-2.2181564701236558e-19,-4.606458767766934e-19,1.0324851876054272e-19,-3.2292240273086344e-11,-1.6068793407979605e-19,-1.61776980694262e-14,-1.617750622576883e-14,3.009076347391089e-17,-1.6177712869282115e-14,6.645094676968101e-17,-6.391815460529874e-20,2.0765704742637947e-17,-1.617810732776212e-14,3.82218226149128e-17,-5.533542435533571e-20,3.759016804933845e-17,1.870039151816543e-17,4.0115703924335e-17,1.1344762496541908e-19,3.046873854149315e-19,-1.61777066816074e-14,1.5511164533149433e-19,-1.6177667444736006e-14,4.6494837191010206e-17,3.1809560743943903e-17,-5.062571697954671e-19,6.298496752171187e-20,1.6159749271885368e-19,3.617445460801594e-19,-1.5669446300680878e-21,5.091134800451915e-17,-3.2292310546213965e-11,1.219986016299711e-17,-7.044323906139855e-20,3.16750845061265e-17,-4.0233318781866984e-20,-4.881105944712972e-21,2.1380484362577262e-20,-3.349685025323247e-19,5.064377067740872e-17,-3.0696582995896297e-19,-2.4968811367894273e-19,4.543959817972592e-17,-3.229245903761754e-11,-4.941570311543574e-22,-4.163143583377811e-19,3.302112367624239e-20,5.2719822636537394e-20,-1.4518400586607912e-19,2.5741753408832658e-17,4.695545082457327e-17,3.730147259933984e-17,-1.6177701444276643e-14,3.178609575801536e-17,1.359429725369383e-17,-1.6177512481457354e-14,6.450997980977536e-18,5.0181780819007535e-17,2.0486435293822737e-17,2.939083292900223e-17,2.7220647087296308e-17,8.136045486064452e-20,-3.197612738280088e-20,4.790654851614657e-17,-3.2292350721159974e-11,6.99740558359995e-18,3.833951057814774e-18,-1.7800209961802064e-19,1.1239697858022509e-17,4.974695338382388e-17,-6.41820300934521e-20,-3.8845252504179637e-19,4.2141320519005816e-17,3.0781193316261076e-17,3.3235814101771764e-17,3.532032597262993e-17,1.2696821852139742e-17,-4.259180502491291e-20,3.601945644653109e-17,1.2447745525339205e-17,3.883890769840743e-17,3.255188837045527e-17,3.089006037567141e-17,-1.6177417465354398e-14,3.4451906562787467e-19,-1.0477341683517383e-20,5.900233184607645e-20,5.040614924001412e-19,1.0784693444658883e-19,4.0247489131825638e-19
3.396723838486082e-11,1.960928551719045e-11,-4.1060304411978963e-20,3.649969226797207e-17,3.4178952459540306e-19,1.5414568274464593e-19,8.808370025874839e-12,1.43493579471133e-20,1.9609256986234996e-11,4.4281825814959406e-20,3.726791577070411e-17,4.009047402209826e-17,4.2202380934742417e-17,1.9609309983789244e-11,2.7162875721227825e-19,1.959708432935202e-19,4.747010150998523e-17,3.3125297923104484e-17,9.823968792840218e-15,7.545332660196125e-17,2.4555762901132985e-17,2.6069619308258e-19,9.82358545156795e-15,4.118814252718301e-17,3.687734630069686e-17,9.823702174105248e-15,1.8850579694562095e-19,1.3222740464022087e-17,9.823667909935577e-15,2.4084251748987867e-17,4.094181449868392e-17,2.5004713545753464e-17,5.849079241573916e-20,4.140795414376189e-19,3.8861248614516956e-17,3.577794866416986e-20,1.9773343625647845e-19,1.5195456151263926e-17,3.4492627424600504e-17,8.137186536600715e-20,4.299456808454845e-17,-2.7505980010510445e-19,9.823809814169773e-15,3.448507055704286e-17,1.960930018412707e-11,9.823788851612229e-15,3.402876566920434e-17,1.960925542860148e-11,6.429119546187543e-17,1.5626197147518143e-17,9.030773526457827e-21,9.824120708282204e-15,4.081744072016354e-17,-2.5856848998058297e-20,5.473039383515037e-20,-5.137546467276769e-20,1.9289776639383383e-20,1.9744931027619058e-17,-8.90239772125582e-20,9.823742781764126e-15,2.9786342625679452e-19,9.824060922319867e-15,4.605181484757856e-17,-5.233798098217763e-20,7.7109476039204e-20,5.58260806285587e-17,6.413539754013826e-20,1.7698905168408083e-19,4.298103860210696e-17,4.9422148053273536e-17,9.823642382334148e-15,-2.5340156360777064e-20,3.248220157560086e-17,2.5012337286668584e-19,3.034656572685642e-17,5.775870379495591e-20,4.348485378247258e-17,4.254735078775619e-17,5.108299632758679e-17,4.6522518967986756e-20,-1.4181894939433626e-20,3.1879118595098245e-19,9.823618858317517e-15,5.758012666487189e-19,3.8274496596604887e-17,2.7823380652990353e-17,7.434586652949923e-20,-2.500653658336892e-20,2.4263902306967538e-17,-1.983432364368814e-19,3.6535492112339745e-17,9.82389587374132e-15,7.753948310431947e-20,1.50538007717434e-17,9.824046035752156e-15,9.012898281581508e-20,-1.839661862402777e-19,1.3345041849665382e-20,1.0148993893728175e-19,2.5024362100785613e-17,1.5543210866053302e-17,1.6460400837951034e-17,5.653077663281281e-20,9.82373550622909e-15,3.9034484101922357e-20,1.917777949868776e-19,4.461320064247936e-17,4.997207691004094e-19,4.686248853537988e-17,6.110293199559776e-17,1.54806884760565e-19,-3.543134912477722e-20,2.997441572597679e-17,4.120980339793482e-20,3.4425298853209546e-17,1.4511076012576556e-17,-1.552332387045285e-19,3.828137477410292e-17,7.3570065190798235e-19,-9.160592954167411e-22,3.4779719066755316e-17,3.4131990071212814e-17,1.9609283938897568e-11,3.6204013501372243e-17,5.336691875730947e-20,-2.541396286931688e-19,2.3565949044883504e-20,3.545606374899097e-21,-9.433474551312414e-19
5.741928210309448e-11,4.305483855295056e-11,3.474044495849482e-17,-3.618406871178505e-18,1.6561429824493e-17,-1.116563465236755e-19,1.43493579471133e-20,8.808109831318086e-12,4.3054810548992386e-11,1.7795065498209e-18,2.297510802840753e-20,2.491818158574627e-17,2.92990944772567e-17,4.3054859080434645e-11,2.3771627624273953e-20,-7.965320635996121e-20,-1.1262639818903035e-19,4.460166397541326e-19,2.156955138890466e-14,3.3199211962720045e-20,-3.965615324855882e-20,-1.539789419644533e-19,2.1569372684400417e-14,2.7042467938119832e-17,2.4211334904893715e-17,4.3054947540409484e-11,1.6682233650348572e-17,6.754417231729955e-20,4.305487145450202e-11,1.2157496896570692e-17,6.495778027322325e-20,-2.1710610180394633e-19,1.1711188528862764e-19,2.827848883767728e-17,2.0352034555774414e-17,1.0426579237131454e-18,-9.099471782092983e-21,2.860581389090872e-19,-2.60510247973238e-19,-6.785368369804643e-21,2.1415142256924093e-20,1.0468797888977002e-19,4.305494797205332e-11,-2.6340318008552715e-20,4.305485678622194e-11,2.1569691524857492e-14,-3.186208523447573e-19,2.1569298238098766e-14,-8.647075902947703e-20,-1.9750980485767817e-18,5.821335915889917e-20,4.3054880091946303e-11,1.8928785702535974e-17,1.315479047630927e-19,-2.61454618045885e-20,-5.1688490463151904e-20,2.656585629567462e-17,3.7792321980048366e-19,-1.559771812616379e-19,2.15694377558647e-14,1.8318287527828724e-17,4.305487444288846e-11,-4.298126181108017e-22,2.4434544989651445e-20,1.0009736821023643e-19,3.8751028473655296e-17,6.34669766005745e-18,5.529037330861601e-20,-1.4123081521603837e-19,-3.3587358754625986e-19,2.156916623109479e-14,2.556019038074188e-19,1.8860974478985004e-17,-1.2568501827970863e-19,-2.3281334027086655e-19,-1.434685321452087e-17,2.5040231589663582e-17,2.7486809692080748e-17,7.2899494765755755e-22,1.9916080413208016e-17,2.130484412486292e-17,2.8979624595215007e-17,4.305472926872168e-11,1.60576285147569e-17,2.316434563696397e-17,1.2976088356572128e-17,-1.9743502666795839e-19,8.152754742951323e-20,1.4360625981573402e-17,6.062084891441777e-20,2.2632440649948313e-17,2.156917090257259e-14,3.1932054000018407e-19,-3.1169763663582543e-18,2.1569011525272375e-14,6.734426977017217e-20,3.006327030671183e-17,1.1523358509894201e-17,2.2816304076047334e-20,1.2270355892842454e-17,-1.4239883312362722e-19,6.658669313524192e-18,-4.746154820393878e-22,4.3054839457635184e-11,-3.696275483353129e-19,-1.601719304899755e-17,1.5458756646821002e-19,3.0558009304576366e-18,3.289150260910175e-17,-1.5125938137663357e-19,-5.588231260492014e-20,1.2697388520052952e-20,-2.524776275373279e-20,1.0134885695662106e-19,4.48536326480055e-19,4.085060814295508e-18,1.1854947728567686e-17,-1.3208909760250778e-19,-8.449470219004645e-18,1.19693198936653e-19,2.0012206024250918e-17,1.6910091378810385e-17,2.156922359322117e-14,1.9573524012636466e-17,1.6565410553718348e-17,1.4621165064607154e-17,-2.8880654051925714e-19,-1.3977099851975966e-19,-4.972693080751994e-19
0.9999999999965253,0.9999999999570776,5.109627773629741e-11,-3.869788429227878e-13,3.374017649142133e-11,-1.6178088060386217e-14,1.9609256986234996e-11,4.3054810548992386e-11,1.000000000090541,1.3679359145632679e-11,-4.3790403159772635e-11,6.139300743077588e-15,-2.096176574729617e-11,1.00000000007234,-1.6364138150122397e-14,3.540644688124046e-11,2.4004466123053272e-11,-3.646205418966654e-11,0.9999999999718102,-1.1382107551598446e-11,-9.269482430497526e-12,2.812030743708909e-11,0.9999999999741399,2.2648578835013787e-11,-3.2261627663732107e-16,0.9999999999623778,1.7988012908793083e-15,1.2783882738042385e-14,0.9999999999737296,1.0757277721915153e-14,3.3026170269589323e-12,-2.4588538388361005e-14,-3.7778306749217874e-14,-6.66181788248808e-15,-1.499725011803811e-15,-1.1258620863650946e-11,-4.623599431705615e-12,-8.106006066442156e-13,5.6195658461673375e-12,1.1948816327488602e-14,1.6983823327830507e-11,-4.2580321914754686e-14,0.9999999999800199,4.347139574639043e-15,0.9999999999635785,0.9999999999665219,7.120229281898959e-15,0.9999999999579086,-2.282136636169641e-11,-5.328890827442742e-11,1.221140885258203e-11,0.9999999999786324,1.5728747033800072e-14,7.412812607144005e-12,1.7719718420622056e-11,5.1676060305228315e-12,-1.438110805086263e-11,9.208526065657513e-11,-2.6633592535636516e-12,0.9999999999971161,6.287311399898797e-15,0.99999999999323,1.313590264647342e-15,-1.1347351800460796e-11,8.636836559105214e-15,1.9842336987993363e-14,5.310033484974811e-15,2.5521293390569782e-11,6.992209058281414e-15,1.0933532186025905e-14,0.9999999999639514,1.138517502158079e-14,7.11690708406423e-15,7.526069815872028e-15,1.5769730364292914e-11,1.6527343140702447e-11,1.284783203022867e-11,1.31386299178854e-14,-1.4185347084302563e-14,1.0460984969843528e-14,-3.4054669039461015e-14,6.525339925981651e-15,1.0000000000614533,9.631755521910642e-15,-6.408168050737778e-15,-1.273771116838606e-14,1.0058543739768613e-14,1.72652988922566e-11,8.113999687220735e-15,-6.253515537329696e-11,-1.809447170810847e-11,0.9999999999485565,3.064655036770286e-11,3.753279590408454e-11,0.9999999999905707,3.8981151405370396e-11,3.902743158148721e-11,3.03900007589665e-15,8.294192953513345e-15,1.11435423527733e-14,1.964229333123996e-11,8.691165941915582e-15,4.5946335254528894e-15,0.9999999999716538,-1.6027330227992618e-11,7.235433438668023e-11,1.1197105756095207e-11,3.1772086928028715e-11,7.267345861150126e-15,6.467017315154855e-15,-5.930312228300958e-11,-2.60865462091168e-11,2.368391699341125e-11,-6.8732182896396374e-12,-6.902322363307653e-15,4.500186417606164e-16,1.8548329389151737e-12,-1.3858426878151364e-11,-1.3655505969765191e-11,-9.706723109364544e-15,-6.822096570595385e-12,-1.3706826359562431e-11,1.0000000000893856,-1.8543277352587726e-11,-4.656986650084286e-11,-1.3913133206368777e-14,2.0517280072009435e-12,-1.0443279245837932e-14,-1.0813263949806175e-14
2.8039251600013902e-11,1.3679356508171974e-11,1.8320974473076282e-19,-4.000895205441858e-17,5.846259483536815e-20,1.6605471033784824e-17,4.4281825814959406e-20,1.7795065498209e-18,1.3679359145632679e-11,8.808024614195035e-12,6.318489681938085e-18,-1.5900751588888605e-19,-4.0746500111436297e-20,1.3679389797311086e-11,4.944541888717669e-21,-1.3314313769825685e-17,2.723270709152069e-19,1.3567078807516642e-17,1.3679370880713985e-11,-6.664215672701276e-20,8.344107673167812e-20,-2.7290283768536795e-18,6.853058230760424e-15,2.6264169125720532e-17,2.0831104460774602e-17,1.367947284027468e-11,1.677628974368033e-19,-4.7340444733336106e-20,6.852955837085724e-15,1.5811686100280798e-19,1.2439612879641976e-21,2.3634260045020275e-20,1.7564638092356144e-19,1.0176246040495456e-17,1.9556365542266612e-18,4.0926321803180127e-20,3.177116074810785e-19,1.658999950797571e-20,1.3085071160858874e-17,3.0665905554933874e-20,3.5190222145791553e-19,-8.310527473864607e-20,1.3679481085791978e-11,1.9303676799350388e-20,1.367938186961698e-11,1.3679397170169689e-11,-8.009750873204793e-18,6.8529174863758056e-15,8.355526204552823e-20,-7.23645893356719e-18,1.247495680763051e-17,1.3679406830234965e-11,6.835381061826203e-18,5.903934145178058e-20,1.1858593644051314e-19,-6.113608446078811e-20,3.9022651847479313e-19,-5.035377504510493e-18,4.8807319279983074e-18,1.3679387318794451e-11,1.5042317746517377e-17,6.853300826174728e-15,-1.4046937399345445e-20,1.0794848966858163e-17,1.0328335818402431e-17,-2.2441931865075666e-19,5.026750240332072e-18,3.3499397171230374e-18,7.136499458165452e-20,1.7518170692561252e-20,1.3679400738388969e-11,5.211244088766013e-20,7.786823152286514e-18,-6.852317219965856e-20,-3.754568883087438e-19,-2.4468601457181343e-20,-1.766914602928272e-19,3.355519156276634e-20,1.8857943418022103e-17,1.409051845241651e-17,7.747242081832798e-18,8.755176644705677e-21,6.852696076334056e-15,1.708618355208699e-17,6.8915073245537964e-18,-1.1156997065042998e-18,-8.569820766739407e-22,1.6331665989197624e-19,-1.601262475605834e-19,4.1743434432278575e-18,1.04866849045939e-17,6.852721112635178e-15,2.6658004717772514e-18,8.22155501361149e-19,1.3679448906938087e-11,1.7247098951298863e-20,-3.8909504584611627e-19,1.0242051887385327e-19,8.206409561091549e-18,1.597187535262202e-19,2.3394276371178582e-18,5.81155049591107e-18,-5.503553631090653e-20,6.8527376529611786e-15,-7.278489226141758e-18,-8.554286682928954e-18,-6.339780907817337e-20,-1.5310094143815361e-19,2.448123822832596e-19,2.6906797125012602e-17,-4.3244650236439595e-19,1.3277161245835177e-18,5.781976655116178e-20,1.568837475565669e-17,2.5517134130822287e-20,6.564411949552386e-20,6.851440811818826e-18,-7.359244049587388e-18,-4.6886895749499404e-18,-4.2431483345557165e-19,2.064426513944124e-18,-3.5870136064212955e-19,6.853295226854113e-15,5.673693815918366e-18,-3.074295825568165e-18,8.627673722283018e-19,-2.7112837067333286e-19,1.362991458084696e-20,-1.8615862944688904e-19
-2.943724671585542e-11,-4.379037940991811e-11,4.584629656378521e-20,2.1573608586811178e-19,-4.3575015678226457e-20,3.5917840949159334e-17,3.726791577070411e-17,2.297510802840753e-20,-4.3790403159772635e-11,6.318489681938085e-18,8.807966276970719e-12,2.928853786657371e-17,8.214802338295297e-20,-4.379034603946348e-11,4.684020618604858e-20,-3.936312394405207e-19,3.64657587022927e-17,2.3220062727378e-17,-4.3790371402342097e-11,6.986442180527311e-19,6.179077071681756e-19,3.3534313030064235e-20,-2.193849367481675e-14,7.225886122756401e-20,3.153247267043319e-17,-4.3790240272325236e-11,1.1032033119746904e-19,2.1184503288655772e-19,-2.1937806839118053e-14,1.651770813640118e-17,1.2175251759339256e-19,4.142018118938837e-18,1.8780525661276557e-20,3.139838934225231e-17,-6.352454866047446e-21,4.0848678146556923e-19,2.8616162214367595e-19,3.788271624537422e-18,2.5407650613275108e-17,2.2589614710679558e-17,3.7607394396784033e-17,-4.770379238521302e-19,-4.3790236139117367e-11,-1.3030425301900247e-19,-2.1937829035635986e-14,-2.1937694412636234e-14,6.336729403443048e-18,-2.1937346481432862e-14,5.726238321196889e-17,-4.368695686191943e-18,1.2532082540633495e-17,-4.379032551035921e-11,1.6310504799509448e-19,6.1601744492822326e-18,1.2838857330375993e-19,-6.483563667351244e-20,4.551736385109449e-20,3.9623208182767624e-20,2.771396701466048e-20,-4.3790357118070285e-11,-2.8261866040487616e-21,-4.379033232380211e-11,3.5471159900032884e-17,2.024030779957437e-17,2.0227887886994664e-17,1.4910304811942095e-19,6.199156853173036e-18,2.892060359806305e-20,7.770837021386836e-20,4.3209209024709894e-17,-2.1937357585732228e-14,2.6054844237427457e-18,1.7773946431379637e-20,2.2691460985861112e-17,2.280375049043235e-18,-2.1027601299611333e-17,5.702455407941754e-20,1.670215950286002e-20,3.9071977137805135e-17,1.3731172710572775e-20,5.778147743693459e-20,1.3837159256961245e-20,-2.1937750383831788e-14,2.2890187321492864e-17,2.4644914765484223e-17,-6.035473500119718e-21,1.5353375989675426e-20,2.1440402344242855e-17,3.096287519281621e-19,2.5502364866185325e-17,2.5857674020231707e-17,-4.379042684517491e-11,-8.268665695398875e-20,7.548741907218216e-20,-4.379027683863551e-11,-2.0710873551290868e-19,-1.527981315963786e-19,3.420813211335871e-20,3.341564456057228e-20,-7.255017903839738e-19,2.0974888915165923e-18,8.830294528763727e-18,4.399591166521388e-20,-4.3790376243044614e-11,-5.566765781472536e-20,-1.8525939696098066e-17,2.760431244809449e-19,2.295813621489251e-18,4.3586086001391526e-17,2.099834867845479e-19,-2.6939634884179514e-17,-2.9289895031905885e-20,3.838098004445585e-19,2.5424098634534618e-17,-4.847475433598354e-20,4.247156871555658e-18,-8.681061835861608e-20,1.4762735372270822e-17,-7.83177218105968e-18,-9.141371586494866e-20,-4.673375648836548e-20,1.3574794009142785e-17,-4.379036721226976e-11,-1.2739655597124575e-19,4.303089237307742e-20,1.3207490464010082e-17,2.804093682007578e-17,6.640143264261402e-18,-6.577684609743551e-20
2.6623869910197507e-11,1.2254905926456506e-11,4.3939196336469005e-17,2.1060071811706497e-17,3.5522771718708882e-19,4.011007213621334e-17,4.009047402209826e-17,2.491818158574627e-17,6.139300743077588e-15,-1.5900751588888605e-19,2.928853786657371e-17,8.8083389616118e-12,3.617906773372089e-17,6.13941066785265e-15,-1.2349124996083147e-19,8.212896291507771e-19,-2.5411825543798415e-19,-2.054421962024533e-19,1.2254909859960602e-11,6.100548263702253e-17,2.9187309076869618e-19,7.369355929319547e-18,1.225488505307207e-11,3.713616520681603e-17,3.415194246734907e-17,6.139456354961457e-15,2.5772065902361924e-17,1.575687957103302e-19,6.1394317394457914e-15,-6.759527716467884e-19,3.739302078050547e-21,1.7797077400642112e-17,3.1170307884888844e-17,-2.277442655444849e-19,2.735784270748055e-17,4.137514147646184e-20,1.5132254630373382e-20,2.651727057066648e-19,2.8462937913986683e-17,2.9315114668445237e-17,3.804602439101577e-17,2.494285214242958e-17,6.139567030988466e-15,1.3532089968206733e-19,1.225492222783294e-11,6.13922160756398e-15,2.326678186522906e-17,1.2254872867029141e-11,5.695502210023228e-17,8.18673714153224e-19,-1.8136333347746245e-19,1.2254940854319256e-11,3.190767613693512e-17,1.66291035091039e-17,3.0975878391323025e-17,1.4063355195342337e-19,-1.0830026342175283e-19,9.548539105104115e-19,1.60027363441019e-17,6.139291461239023e-15,1.1089866198510259e-19,6.139709916872831e-15,-3.6484607655216104e-19,1.0869633228083315e-19,-1.10542917552299e-19,4.7552425134518353e-17,7.781965749659478e-20,2.308329162688798e-19,-1.681575216401682e-20,4.421215553340536e-17,6.1390612970108796e-15,-2.756361878254785e-19,2.5098614352683107e-17,2.5068724693675374e-17,1.9508937306713762e-17,1.0705967584429071e-19,3.7303949372812675e-17,1.3844946842499354e-19,3.9999655421720076e-17,2.87870021914515e-17,3.3761482692632786e-17,3.8021336937227924e-17,6.139437984598784e-15,2.4997935262375598e-17,3.33243466001133e-20,2.1030737593120894e-17,-6.439952826084878e-19,-4.0302034461241923e-19,2.185244165148876e-17,-1.030652730956928e-21,2.317307601845189e-19,1.2254870712572341e-11,2.6683450223478376e-17,1.019433000560885e-17,6.139370945562693e-15,-3.7681774598245166e-20,4.154670071300033e-17,1.7537000327917943e-17,2.7974997563785584e-20,2.2268686551026044e-17,-7.966306944726115e-21,1.494921718282345e-17,2.284966928353697e-19,6.1394126740363634e-15,5.3575643638679255e-18,7.101204138781994e-19,3.8786989090599297e-17,8.500811845816841e-20,4.1913032558018e-17,9.304809772731571e-20,-3.701511880106442e-18,3.471518134477596e-17,2.5325608162510997e-17,1.2735248591563214e-19,2.968630271993937e-17,1.1634264783118035e-17,2.3181607283308382e-17,3.0135701933806245e-17,6.8731615100124345e-18,3.154883364306359e-17,8.619916307144018e-20,-9.605937097510078e-22,1.2254907012207213e-11,-2.564151057804073e-19,2.786913908354658e-17,2.0136602353778158e-17,3.3369260207221586e-17,1.521019403346494e-17,2.8069775970124393e-17
-6.5964374009098246e-12,-2.0961741304596886e-11,4.7663016564967125e-17,4.1913477490392524e-20,2.0337486555304739e-19,4.333079869445121e-17,4.2202380934742417e-17,2.92990944772567e-17,-2.096176574729617e-11,-4.0746500111436297e-20,8.214802338295297e-20,3.617906773372089e-17,8.808358514349694e-12,-1.0501326640691906e-14,4.282219056358213e-17,4.072085223978026e-18,-1.3768465035726525e-19,1.7371989011409326e-19,-1.0501223587915467e-14,6.913087258973731e-17,1.875229367643369e-17,5.992549204978322e-19,-2.0961763661170004e-11,4.531360238118396e-20,-1.8502611971331557e-19,-2.0961643338756895e-11,2.5660023642965204e-17,1.1297137356494167e-17,-2.09617078334729e-11,2.19066528667839e-17,3.863495662884196e-17,7.217156525094593e-20,3.388551086207715e-17,-1.3731314128330216e-19,3.3130052277460334e-17,1.4195459700876e-17,-9.122605263537671e-20,1.537684186495322e-19,3.18815700951965e-17,3.281517824327579e-17,1.5194304004469565e-19,1.2973836854277587e-19,-1.0501372941719269e-14,3.058097469218469e-17,-1.0501497449921357e-14,-1.0501612557725477e-14,2.7340552917705667e-17,-2.096177525474894e-11,5.898290709101053e-17,1.0091250889601585e-19,1.1065150472846934e-19,-2.0961703599217893e-11,3.520057366374274e-17,2.0683301834085374e-19,-3.458458310180625e-19,1.6959600226060613e-17,3.6875251325093635e-17,-1.606153933282665e-19,-2.7434986294269514e-19,-1.0501591755305255e-14,2.7434867698095387e-17,-1.0501253934605096e-14,4.119172569650185e-17,2.7747343344781494e-17,2.7256850461714912e-17,-2.017313541370334e-19,1.4695951084359028e-19,2.0571668905523883e-17,3.817796704920704e-17,4.578750417243121e-17,-1.0501663905162834e-14,8.90028226376702e-18,2.8509213846079523e-17,2.894299384706536e-17,2.4493067100920664e-17,1.1572332399394307e-19,1.3627519942691358e-19,3.838517792829232e-17,3.9576098700159842e-19,3.3488770621528643e-19,-9.320301077987428e-20,4.0466704064420756e-17,-1.0501378170676567e-14,2.6957648017814627e-17,3.312622998870746e-17,2.3736747245349967e-17,2.216469531560338e-17,-5.505111671320545e-19,2.231669275023773e-17,-3.819516933723531e-19,3.3970300816090963e-19,-1.0501329981412403e-14,2.883818637102768e-17,1.313306164450872e-17,-2.096167053217104e-11,-9.568386799528497e-21,4.631514961498342e-17,9.730556866283613e-20,2.6058465206486034e-17,9.567444725513921e-20,1.3160717934307827e-17,1.4781289352849712e-17,4.3034998452266527e-17,-1.0501309091771083e-14,5.1956640299256455e-18,1.252630765861608e-19,4.7117293753288215e-21,2.928798925972033e-19,4.378951520594912e-17,3.587806186335004e-20,7.083262661237852e-19,-7.385942604611768e-20,-8.704850754876365e-20,3.004953657769642e-17,3.1099290978473436e-17,1.2131771874144831e-17,2.4208254754302445e-17,-2.6032811823042088e-20,1.2373923871851061e-17,3.532421827598657e-17,-9.55114613946535e-19,3.758968381803437e-20,-1.050137139198295e-14,-8.156315985491298e-20,2.926221442679211e-17,-2.7616771737574906e-19,3.164647684063746e-19,1.694407652809763e-17,2.97336889984005e-17
